OA,ts0380001,ts0380002,ts0380003,ts0380004,ts0380005,ts0380006,ts0380007,ts0380002_PCT,ts0380003_PCT,ts0380004_PCT,ts0380005_PCT,ts0380006_PCT,ts0380007_PCT
E00035073,273,46,17,29,227,23,204,16.84981684981685,6.227106227106227,10.622710622710622,83.15018315018315,8.424908424908425,74.72527472527473
E00035074,297,68,31,37,229,23,206,22.895622895622896,10.437710437710438,12.457912457912458,77.10437710437711,7.744107744107744,69.36026936026936
E00035075,194,35,15,20,159,11,148,18.04123711340206,7.731958762886598,10.309278350515463,81.95876288659794,5.670103092783505,76.28865979381443
E00035076,264,57,25,32,207,24,183,21.59090909090909,9.469696969696969,12.121212121212121,78.4090909090909,9.090909090909092,69.31818181818183
E00035077,305,98,55,43,207,16,191,32.131147540983605,18.0327868852459,14.098360655737704,67.8688524590164,5.245901639344262,62.62295081967213
E00035078,340,76,36,40,264,25,239,22.35294117647059,10.588235294117647,11.76470588235294,77.64705882352942,7.352941176470589,70.29411764705881
E00035079,466,45,12,33,421,43,378,9.656652360515022,2.575107296137339,7.081545064377683,90.34334763948499,9.2274678111588,81.11587982832617
E00035080,304,48,18,30,256,31,225,15.789473684210526,5.921052631578947,9.868421052631579,84.21052631578947,10.197368421052632,74.01315789473685
E00035081,282,60,26,34,222,11,211,21.27659574468085,9.219858156028367,12.056737588652481,78.72340425531915,3.900709219858156,74.822695035461
E00035082,252,56,24,32,196,17,179,22.22222222222222,9.523809523809524,12.698412698412698,77.77777777777779,6.746031746031746,71.03174603174604
E00035083,605,144,74,70,461,30,431,23.801652892561982,12.231404958677686,11.570247933884298,76.19834710743801,4.958677685950414,71.2396694214876
E00035084,291,71,32,39,220,23,197,24.398625429553263,10.996563573883162,13.402061855670103,75.60137457044674,7.903780068728522,67.69759450171821
E00035085,157,48,22,26,109,13,96,30.573248407643312,14.012738853503185,16.560509554140125,69.42675159235668,8.280254777070063,61.146496815286625
E00035086,288,78,41,37,210,25,185,27.083333333333332,14.23611111111111,12.847222222222221,72.91666666666666,8.680555555555555,64.23611111111111
E00035087,269,71,31,40,198,16,182,26.394052044609666,11.524163568773234,14.869888475836431,73.60594795539033,5.947955390334572,67.65799256505576
E00035088,356,47,21,26,309,40,269,13.202247191011235,5.8988764044943816,7.303370786516854,86.79775280898876,11.235955056179774,75.56179775280899
E00035089,348,81,36,45,267,20,247,23.275862068965516,10.344827586206897,12.931034482758621,76.72413793103449,5.747126436781609,70.97701149425288
E00035090,348,76,33,43,272,30,242,21.839080459770116,9.482758620689655,12.35632183908046,78.16091954022988,8.620689655172415,69.54022988505747
E00035091,303,54,21,33,249,29,220,17.82178217821782,6.9306930693069315,10.891089108910892,82.17821782178217,9.570957095709572,72.60726072607261
E00035092,265,41,14,27,224,24,200,15.471698113207546,5.283018867924529,10.18867924528302,84.52830188679246,9.056603773584905,75.47169811320755
E00035093,325,39,19,20,286,30,256,12,5.846153846153846,6.153846153846154,88,9.230769230769232,78.76923076923077
E00035094,322,67,30,37,255,30,225,20.80745341614907,9.316770186335404,11.490683229813664,79.19254658385093,9.316770186335404,69.87577639751554
E00035095,294,56,22,34,238,30,208,19.047619047619047,7.482993197278912,11.564625850340136,80.95238095238095,10.204081632653061,70.74829931972789
E00035096,238,57,21,36,181,18,163,23.949579831932773,8.823529411764707,15.126050420168067,76.05042016806722,7.563025210084033,68.4873949579832
E00035097,234,34,12,22,200,14,186,14.529914529914532,5.128205128205128,9.401709401709402,85.47008547008546,5.982905982905983,79.48717948717949
E00035098,282,60,24,36,222,23,199,21.27659574468085,8.51063829787234,12.76595744680851,78.72340425531915,8.156028368794328,70.56737588652481
E00035099,172,29,13,16,143,17,126,16.86046511627907,7.55813953488372,9.30232558139535,83.13953488372093,9.883720930232558,73.25581395348837
E00035100,421,121,48,73,300,39,261,28.741092636579573,11.401425178147269,17.339667458432302,71.25890736342043,9.263657957244655,61.995249406175766
E00035101,258,46,13,33,212,33,179,17.829457364341085,5.038759689922481,12.790697674418606,82.17054263565892,12.790697674418606,69.37984496124031
E00035102,271,64,36,28,207,19,188,23.616236162361623,13.284132841328415,10.33210332103321,76.38376383763837,7.011070110701106,69.37269372693727
E00035103,306,66,38,28,240,29,211,21.568627450980394,12.418300653594772,9.15032679738562,78.43137254901961,9.477124183006536,68.95424836601308
E00035104,227,50,28,22,177,15,162,22.026431718061673,12.334801762114537,9.691629955947137,77.97356828193833,6.607929515418502,71.36563876651982
E00035105,201,57,38,19,144,11,133,28.35820895522388,18.90547263681592,9.45273631840796,71.64179104477611,5.472636815920398,66.16915422885572
E00035106,256,55,22,33,201,26,175,21.484375,8.59375,12.890625,78.515625,10.15625,68.359375
E00035107,285,83,50,33,202,13,189,29.122807017543863,17.543859649122805,11.578947368421053,70.87719298245614,4.56140350877193,66.3157894736842
E00035108,249,53,18,35,196,18,178,21.285140562248998,7.228915662650602,14.056224899598394,78.714859437751,7.228915662650602,71.4859437751004
E00035109,194,38,15,23,156,16,140,19.587628865979383,7.731958762886598,11.855670103092782,80.41237113402062,8.24742268041237,72.16494845360825
E00035110,330,86,40,46,244,29,215,26.060606060606062,12.121212121212121,13.939393939393941,73.93939393939394,8.787878787878787,65.15151515151516
E00035111,326,88,50,38,238,20,218,26.993865030674847,15.337423312883436,11.65644171779141,73.00613496932516,6.134969325153374,66.87116564417178
E00035112,287,58,22,36,229,33,196,20.209059233449477,7.665505226480835,12.543554006968641,79.79094076655052,11.498257839721255,68.29268292682927
E00035113,316,51,24,27,265,23,242,16.139240506329113,7.59493670886076,8.544303797468354,83.86075949367088,7.2784810126582276,76.58227848101265
E00035114,267,43,18,25,224,15,209,16.10486891385768,6.741573033707865,9.363295880149813,83.89513108614233,5.617977528089887,78.27715355805243
E00035115,319,45,16,29,274,26,248,14.106583072100312,5.015673981191222,9.090909090909092,85.8934169278997,8.150470219435736,77.74294670846395
E00035116,257,58,29,29,199,23,176,22.56809338521401,11.284046692607005,11.284046692607005,77.431906614786,8.949416342412452,68.48249027237354
E00035117,311,57,24,33,254,23,231,18.327974276527332,7.717041800643088,10.610932475884244,81.67202572347267,7.395498392282958,74.27652733118971
E00035118,230,58,31,27,172,11,161,25.217391304347824,13.478260869565217,11.73913043478261,74.78260869565217,4.782608695652174,70
E00035119,263,60,24,36,203,27,176,22.813688212927758,9.125475285171103,13.688212927756654,77.18631178707224,10.26615969581749,66.92015209125475
E00035120,240,55,34,21,185,13,172,22.916666666666664,14.166666666666666,8.75,77.08333333333334,5.416666666666667,71.66666666666667
E00035121,297,62,35,27,235,30,205,20.875420875420875,11.784511784511785,9.090909090909092,79.12457912457911,10.1010101010101,69.02356902356902
E00035122,260,43,18,25,217,28,189,16.538461538461537,6.923076923076923,9.615384615384617,83.46153846153847,10.76923076923077,72.6923076923077
E00035123,320,57,30,27,263,27,236,17.8125,9.375,8.4375,82.1875,8.4375,73.75
E00035124,297,68,30,38,229,22,207,22.895622895622896,10.1010101010101,12.794612794612794,77.10437710437711,7.4074074074074066,69.6969696969697
E00035125,272,34,9,25,238,10,228,12.5,3.308823529411765,9.191176470588236,87.5,3.6764705882352944,83.82352941176471
E00035126,336,43,16,27,293,32,261,12.797619047619047,4.761904761904762,8.035714285714286,87.20238095238095,9.523809523809524,77.67857142857143
E00035127,311,61,31,30,250,19,231,19.614147909967848,9.967845659163988,9.646302250803858,80.38585209003215,6.109324758842444,74.27652733118971
E00035128,262,41,14,27,221,35,186,15.648854961832063,5.343511450381679,10.305343511450381,84.35114503816794,13.358778625954198,70.99236641221374
E00035129,272,57,24,33,215,14,201,20.955882352941178,8.823529411764707,12.132352941176471,79.04411764705883,5.147058823529411,73.89705882352942
E00035130,259,55,26,29,204,17,187,21.235521235521233,10.038610038610038,11.196911196911197,78.76447876447877,6.563706563706563,72.2007722007722
E00035131,272,53,18,35,219,14,205,19.485294117647058,6.61764705882353,12.867647058823529,80.51470588235294,5.147058823529411,75.36764705882352
E00035132,330,74,25,49,256,26,230,22.424242424242426,7.575757575757576,14.84848484848485,77.57575757575758,7.878787878787878,69.6969696969697
E00035133,339,64,21,43,275,22,253,18.87905604719764,6.1946902654867255,12.684365781710916,81.12094395280236,6.489675516224189,74.63126843657817
E00035134,256,47,21,26,209,20,189,18.359375,8.203125,10.15625,81.640625,7.8125,73.828125
E00035135,262,58,20,38,204,18,186,22.137404580152673,7.633587786259542,14.50381679389313,77.86259541984732,6.870229007633588,70.99236641221374
E00035136,347,63,22,41,284,23,261,18.155619596541786,6.340057636887608,11.815561959654179,81.84438040345822,6.628242074927954,75.21613832853026
E00035137,350,54,24,30,296,28,268,15.428571428571427,6.857142857142858,8.571428571428571,84.57142857142857,8,76.57142857142857
E00035138,345,52,26,26,293,34,259,15.072463768115943,7.536231884057972,7.536231884057972,84.92753623188406,9.855072463768117,75.07246376811594
E00035139,298,55,29,26,243,22,221,18.456375838926174,9.731543624161073,8.724832214765101,81.54362416107382,7.38255033557047,74.16107382550335
E00035140,322,75,28,47,247,18,229,23.29192546583851,8.695652173913043,14.596273291925465,76.70807453416148,5.590062111801243,71.11801242236024
E00035141,338,55,16,39,283,25,258,16.272189349112427,4.733727810650888,11.538461538461538,83.72781065088756,7.396449704142012,76.33136094674556
E00035142,357,52,17,35,305,32,273,14.565826330532214,4.761904761904762,9.803921568627452,85.43417366946778,8.96358543417367,76.47058823529412
E00035143,312,43,20,23,269,30,239,13.782051282051283,6.41025641025641,7.371794871794872,86.21794871794873,9.615384615384617,76.6025641025641
E00035144,247,45,17,28,202,15,187,18.218623481781375,6.882591093117409,11.336032388663968,81.78137651821862,6.0728744939271255,75.7085020242915
E00035145,315,49,22,27,266,26,240,15.555555555555555,6.984126984126984,8.571428571428571,84.44444444444444,8.253968253968253,76.19047619047619
E00035146,352,59,26,33,293,40,253,16.761363636363637,7.386363636363637,9.375,83.23863636363636,11.363636363636363,71.875
E00035147,289,36,14,22,253,24,229,12.45674740484429,4.844290657439446,7.612456747404845,87.5432525951557,8.304498269896193,79.23875432525952
E00035148,256,54,23,31,202,15,187,21.09375,8.984375,12.109375,78.90625,5.859375,73.046875
E00035149,129,39,24,15,90,12,78,30.23255813953488,18.6046511627907,11.627906976744185,69.76744186046511,9.30232558139535,60.46511627906976
E00035150,337,41,16,25,296,29,267,12.166172106824925,4.747774480712167,7.418397626112759,87.83382789317507,8.605341246290802,79.22848664688428
E00035151,295,49,23,26,246,31,215,16.610169491525422,7.796610169491526,8.813559322033898,83.38983050847457,10.508474576271185,72.88135593220339
E00035152,314,70,35,35,244,20,224,22.29299363057325,11.146496815286625,11.146496815286625,77.70700636942675,6.369426751592357,71.3375796178344
E00035153,309,65,28,37,244,26,218,21.035598705501616,9.06148867313916,11.974110032362459,78.96440129449837,8.414239482200648,70.55016181229773
E00035154,268,44,12,32,224,23,201,16.417910447761194,4.477611940298507,11.940298507462686,83.5820895522388,8.582089552238806,75
E00035155,314,51,17,34,263,29,234,16.24203821656051,5.414012738853503,10.828025477707007,83.7579617834395,9.235668789808917,74.52229299363057
E00035156,209,50,26,24,159,28,131,23.923444976076556,12.440191387559809,11.483253588516746,76.07655502392345,13.397129186602871,62.67942583732058
E00035157,361,51,19,32,310,22,288,14.127423822714682,5.263157894736842,8.86426592797784,85.87257617728532,6.094182825484765,79.77839335180056
E00035158,385,49,26,23,336,24,312,12.727272727272727,6.753246753246753,5.974025974025974,87.27272727272727,6.233766233766234,81.03896103896105
E00035159,327,39,9,30,288,34,254,11.926605504587156,2.7522935779816518,9.174311926605505,88.07339449541286,10.397553516819572,77.67584097859327
E00035160,271,52,20,32,219,29,190,19.18819188191882,7.380073800738007,11.808118081180812,80.81180811808119,10.70110701107011,70.11070110701108
E00035161,244,65,37,28,179,12,167,26.639344262295083,15.163934426229508,11.475409836065573,73.36065573770492,4.918032786885246,68.44262295081968
E00035162,382,61,23,38,321,30,291,15.968586387434556,6.020942408376963,9.947643979057592,84.03141361256544,7.853403141361256,76.17801047120419
E00035163,402,91,62,29,311,20,291,22.63681592039801,15.422885572139302,7.213930348258707,77.363184079602,4.975124378109453,72.38805970149254
E00035164,317,29,11,18,288,15,273,9.14826498422713,3.4700315457413247,5.678233438485805,90.85173501577287,4.73186119873817,86.1198738170347
E00035165,301,40,15,25,261,26,235,13.2890365448505,4.983388704318937,8.305647840531561,86.71096345514951,8.637873754152823,78.07308970099668
E00035166,278,57,28,29,221,28,193,20.503597122302157,10.071942446043165,10.431654676258994,79.49640287769785,10.071942446043165,69.42446043165468
E00035167,301,39,14,25,262,25,237,12.956810631229235,4.651162790697675,8.305647840531561,87.04318936877077,8.305647840531561,78.7375415282392
E00035168,333,53,22,31,280,22,258,15.915915915915916,6.606606606606606,9.30930930930931,84.08408408408408,6.606606606606606,77.47747747747748
E00035169,167,36,17,19,131,15,116,21.55688622754491,10.179640718562874,11.377245508982035,78.44311377245509,8.982035928143713,69.46107784431138
E00035170,381,54,19,35,327,50,277,14.173228346456693,4.986876640419948,9.186351706036746,85.8267716535433,13.123359580052494,72.70341207349081
E00035171,335,53,21,32,282,20,262,15.82089552238806,6.26865671641791,9.55223880597015,84.17910447761194,5.970149253731343,78.2089552238806
E00035172,320,57,22,35,263,29,234,17.8125,6.875000000000001,10.9375,82.1875,9.0625,73.125
E00035173,343,44,17,27,299,35,264,12.82798833819242,4.956268221574344,7.871720116618077,87.17201166180757,10.204081632653061,76.96793002915452
E00035174,358,47,16,31,311,23,288,13.128491620111731,4.4692737430167595,8.659217877094973,86.87150837988827,6.424581005586592,80.44692737430168
E00035175,276,61,26,35,215,24,191,22.10144927536232,9.420289855072465,12.681159420289855,77.89855072463769,8.695652173913043,69.20289855072464
E00035176,356,50,21,29,306,24,282,14.04494382022472,5.8988764044943816,8.146067415730338,85.95505617977528,6.741573033707865,79.21348314606742
E00035177,220,52,26,26,168,14,154,23.636363636363637,11.818181818181818,11.818181818181818,76.36363636363637,6.363636363636363,70
E00035178,191,32,15,17,159,15,144,16.75392670157068,7.853403141361256,8.900523560209423,83.24607329842932,7.853403141361256,75.39267015706807
E00035179,335,115,49,66,220,26,194,34.32835820895522,14.626865671641792,19.701492537313435,65.67164179104478,7.761194029850746,57.91044776119403
E00035180,217,39,22,17,178,19,159,17.972350230414747,10.138248847926267,7.834101382488479,82.02764976958525,8.755760368663594,73.27188940092167
E00035181,249,51,21,30,198,13,185,20.481927710843372,8.433734939759036,12.048192771084338,79.51807228915662,5.220883534136546,74.29718875502009
E00035182,281,62,26,36,219,24,195,22.064056939501782,9.252669039145907,12.811387900355871,77.93594306049823,8.540925266903916,69.3950177935943
E00035183,269,85,37,48,184,12,172,31.59851301115242,13.754646840148698,17.843866171003718,68.40148698884758,4.4609665427509295,63.94052044609665
E00035184,277,48,25,23,229,18,211,17.328519855595665,9.025270758122744,8.303249097472925,82.67148014440433,6.4981949458483745,76.17328519855594
E00035185,349,61,30,31,288,24,264,17.478510028653297,8.595988538681947,8.882521489971348,82.52148997134671,6.876790830945559,75.64469914040114
E00035186,376,56,21,35,320,29,291,14.893617021276595,5.585106382978723,9.308510638297872,85.1063829787234,7.712765957446808,77.3936170212766
E00035187,232,40,12,28,192,16,176,17.24137931034483,5.172413793103448,12.068965517241379,82.75862068965517,6.896551724137931,75.86206896551724
E00035188,345,53,27,26,292,35,257,15.36231884057971,7.82608695652174,7.536231884057972,84.63768115942028,10.144927536231885,74.4927536231884
E00035189,256,43,14,29,213,25,188,16.796875,5.46875,11.328125,83.203125,9.765625,73.4375
E00035190,292,61,28,33,231,23,208,20.89041095890411,9.58904109589041,11.301369863013697,79.1095890410959,7.876712328767123,71.23287671232876
E00035191,262,44,22,22,218,21,197,16.793893129770993,8.396946564885496,8.396946564885496,83.20610687022901,8.015267175572518,75.19083969465649
E00035192,303,49,18,31,254,25,229,16.17161716171617,5.9405940594059405,10.231023102310232,83.82838283828383,8.25082508250825,75.57755775577559
E00035193,269,70,29,41,199,26,173,26.022304832713754,10.780669144981413,15.241635687732341,73.97769516728626,9.66542750929368,64.31226765799256
E00035194,240,91,48,43,149,10,139,37.916666666666664,20,17.916666666666668,62.083333333333336,4.166666666666666,57.91666666666667
E00035195,337,141,71,70,196,19,177,41.839762611275965,21.068249258160236,20.77151335311573,58.160237388724035,5.637982195845697,52.52225519287834
E00035196,321,116,67,49,205,16,189,36.13707165109034,20.87227414330218,15.264797507788161,63.862928348909655,4.984423676012461,58.87850467289719
E00035197,257,74,41,33,183,18,165,28.793774319066145,15.953307392996107,12.840466926070038,71.20622568093385,7.003891050583658,64.2023346303502
E00035198,355,153,107,46,202,21,181,43.098591549295776,30.140845070422532,12.957746478873238,56.901408450704224,5.915492957746479,50.985915492957744
E00035199,351,116,53,63,235,34,201,33.04843304843305,15.0997150997151,17.94871794871795,66.95156695156696,9.686609686609685,57.26495726495726
E00035200,303,80,41,39,223,19,204,26.4026402640264,13.531353135313532,12.871287128712872,73.5973597359736,6.270627062706271,67.32673267326733
E00035201,293,71,24,47,222,22,200,24.2320819112628,8.19112627986348,16.040955631399317,75.76791808873719,7.508532423208192,68.25938566552901
E00035202,195,64,32,32,131,24,107,32.82051282051282,16.41025641025641,16.41025641025641,67.17948717948717,12.307692307692308,54.871794871794876
E00035203,228,63,37,26,165,12,153,27.631578947368425,16.228070175438596,11.403508771929824,72.36842105263158,5.263157894736842,67.10526315789474
E00035204,292,64,28,36,228,24,204,21.91780821917808,9.58904109589041,12.32876712328767,78.08219178082192,8.21917808219178,69.86301369863014
E00035205,230,51,24,27,179,20,159,22.17391304347826,10.434782608695652,11.73913043478261,77.82608695652173,8.695652173913043,69.1304347826087
E00035206,280,54,22,32,226,27,199,19.28571428571429,7.857142857142857,11.428571428571429,80.71428571428572,9.642857142857144,71.07142857142857
E00035207,332,86,48,38,246,16,230,25.903614457831324,14.457831325301203,11.44578313253012,74.09638554216868,4.819277108433735,69.27710843373494
E00035208,230,62,31,31,168,17,151,26.956521739130434,13.478260869565217,13.478260869565217,73.04347826086956,7.391304347826087,65.65217391304347
E00035209,327,60,16,44,267,34,233,18.34862385321101,4.892966360856269,13.455657492354739,81.65137614678899,10.397553516819572,71.25382262996942
E00035210,325,73,49,24,252,18,234,22.46153846153846,15.076923076923077,7.384615384615385,77.53846153846153,5.538461538461538,72
E00035211,198,74,40,34,124,7,117,37.37373737373738,20.2020202020202,17.17171717171717,62.62626262626263,3.535353535353535,59.09090909090909
E00035212,243,42,16,26,201,26,175,17.28395061728395,6.584362139917696,10.699588477366255,82.71604938271605,10.699588477366255,72.0164609053498
E00035213,215,75,35,40,140,14,126,34.883720930232556,16.27906976744186,18.6046511627907,65.11627906976744,6.511627906976744,58.6046511627907
E00035214,131,53,33,20,78,15,63,40.458015267175576,25.190839694656486,15.267175572519085,59.541984732824424,11.450381679389313,48.091603053435115
E00035215,273,76,35,41,197,26,171,27.83882783882784,12.82051282051282,15.018315018315018,72.16117216117216,9.523809523809524,62.637362637362635
E00035216,335,170,125,45,165,16,149,50.74626865671642,37.3134328358209,13.432835820895523,49.25373134328358,4.776119402985075,44.47761194029851
E00035217,322,94,33,61,228,26,202,29.19254658385093,10.248447204968944,18.944099378881987,70.80745341614907,8.074534161490684,62.732919254658384
E00035218,228,57,22,35,171,18,153,25,9.649122807017543,15.350877192982457,75,7.894736842105263,67.10526315789474
E00035219,309,37,13,24,272,20,252,11.974110032362459,4.207119741100324,7.766990291262135,88.02588996763754,6.472491909385113,81.55339805825243
E00035220,227,77,37,40,150,20,130,33.92070484581498,16.299559471365637,17.62114537444934,66.07929515418502,8.81057268722467,57.268722466960355
E00035221,231,56,26,30,175,10,165,24.242424242424242,11.255411255411255,12.987012987012985,75.75757575757575,4.329004329004329,71.42857142857143
E00035222,266,112,81,31,154,20,134,42.10526315789473,30.451127819548873,11.654135338345863,57.89473684210527,7.518796992481203,50.37593984962406
E00035223,290,65,38,27,225,18,207,22.413793103448278,13.10344827586207,9.310344827586208,77.58620689655173,6.206896551724138,71.37931034482759
E00035224,375,139,96,43,236,22,214,37.06666666666666,25.6,11.466666666666667,62.93333333333333,5.866666666666666,57.06666666666666
E00035225,280,95,49,46,185,18,167,33.92857142857143,17.5,16.428571428571427,66.07142857142857,6.428571428571428,59.64285714285714
E00035226,223,57,24,33,166,22,144,25.56053811659193,10.762331838565023,14.798206278026907,74.43946188340807,9.865470852017937,64.57399103139014
E00035227,178,55,24,31,123,22,101,30.89887640449438,13.48314606741573,17.415730337078653,69.10112359550563,12.359550561797752,56.74157303370787
E00035228,329,114,62,52,215,28,187,34.650455927051674,18.84498480243161,15.80547112462006,65.34954407294833,8.51063829787234,56.838905775075986
E00035229,288,81,35,46,207,24,183,28.125,12.152777777777777,15.972222222222221,71.875,8.333333333333332,63.541666666666664
E00035230,199,70,45,25,129,15,114,35.175879396984925,22.613065326633166,12.562814070351758,64.82412060301507,7.537688442211055,57.286432160804026
E00035231,223,74,38,36,149,21,128,33.18385650224215,17.040358744394617,16.143497757847534,66.81614349775785,9.417040358744394,57.399103139013455
E00035232,327,57,28,29,270,44,226,17.431192660550458,8.56269113149847,8.868501529051988,82.56880733944955,13.455657492354739,69.1131498470948
E00035233,303,128,78,50,175,12,163,42.244224422442244,25.742574257425744,16.5016501650165,57.755775577557756,3.9603960396039604,53.79537953795379
E00035234,318,78,35,43,240,19,221,24.528301886792452,11.0062893081761,13.522012578616351,75.47169811320755,5.9748427672955975,69.49685534591194
E00035235,225,45,24,21,180,15,165,20,10.666666666666668,9.333333333333334,80,6.666666666666667,73.33333333333333
E00035236,198,38,12,26,160,20,140,19.19191919191919,6.0606060606060606,13.131313131313133,80.8080808080808,10.1010101010101,70.70707070707071
E00035237,194,49,33,16,145,19,126,25.257731958762886,17.010309278350515,8.24742268041237,74.74226804123711,9.793814432989691,64.94845360824742
E00035238,219,83,54,29,136,14,122,37.89954337899543,24.65753424657534,13.24200913242009,62.10045662100456,6.392694063926941,55.70776255707762
E00035239,304,64,30,34,240,29,211,21.052631578947366,9.868421052631579,11.18421052631579,78.94736842105263,9.539473684210527,69.4078947368421
E00035240,173,37,17,20,136,13,123,21.38728323699422,9.826589595375722,11.560693641618498,78.61271676300578,7.514450867052023,71.09826589595376
E00035242,282,62,30,32,220,29,191,21.98581560283688,10.638297872340425,11.347517730496454,78.01418439716312,10.28368794326241,67.73049645390071
E00035243,354,67,34,33,287,36,251,18.926553672316384,9.6045197740113,9.322033898305085,81.07344632768361,10.16949152542373,70.90395480225989
E00035244,242,68,33,35,174,20,154,28.09917355371901,13.636363636363635,14.46280991735537,71.900826446281,8.264462809917356,63.63636363636363
E00035245,393,63,30,33,330,27,303,16.030534351145036,7.633587786259542,8.396946564885496,83.96946564885496,6.870229007633588,77.09923664122137
E00035246,250,82,59,23,168,16,152,32.800000000000004,23.599999999999998,9.2,67.2,6.4,60.8
E00035247,324,80,30,50,244,27,217,24.691358024691358,9.25925925925926,15.432098765432098,75.30864197530865,8.333333333333332,66.9753086419753
E00035248,218,43,18,25,175,21,154,19.724770642201836,8.256880733944955,11.46788990825688,80.27522935779817,9.63302752293578,70.64220183486239
E00035249,292,89,57,32,203,24,179,30.47945205479452,19.52054794520548,10.95890410958904,69.52054794520548,8.21917808219178,61.3013698630137
E00035250,281,58,23,35,223,23,200,20.640569395017792,8.185053380782918,12.455516014234876,79.35943060498221,8.185053380782918,71.17437722419929
E00035251,290,49,15,34,241,22,219,16.896551724137932,5.172413793103448,11.724137931034482,83.10344827586206,7.586206896551724,75.51724137931033
E00035252,469,193,126,67,276,26,250,41.15138592750533,26.865671641791046,14.285714285714285,58.84861407249466,5.543710021321962,53.304904051172706
E00035253,233,40,22,18,193,20,173,17.167381974248926,9.44206008583691,7.725321888412018,82.83261802575107,8.583690987124463,74.2489270386266
E00035254,251,79,43,36,172,26,146,31.47410358565737,17.131474103585656,14.342629482071715,68.52589641434263,10.358565737051793,58.16733067729084
E00035256,229,67,42,25,162,14,148,29.257641921397383,18.340611353711793,10.91703056768559,70.74235807860262,6.11353711790393,64.62882096069869
E00035258,256,94,57,37,162,10,152,36.71875,22.265625,14.453125,63.28125,3.90625,59.375
E00035259,202,60,33,27,142,16,126,29.7029702970297,16.33663366336634,13.366336633663368,70.29702970297029,7.920792079207921,62.37623762376238
E00035261,284,69,37,32,215,13,202,24.295774647887324,13.028169014084506,11.267605633802818,75.70422535211267,4.577464788732395,71.12676056338029
E00035262,319,79,47,32,240,18,222,24.76489028213166,14.733542319749215,10.031347962382444,75.23510971786834,5.6426332288401255,69.59247648902821
E00035263,255,64,36,28,191,16,175,25.098039215686274,14.117647058823529,10.980392156862745,74.90196078431373,6.2745098039215685,68.62745098039215
E00035264,222,62,37,25,160,22,138,27.927927927927925,16.666666666666664,11.26126126126126,72.07207207207207,9.90990990990991,62.16216216216216
E00035265,295,73,35,38,222,17,205,24.74576271186441,11.864406779661017,12.88135593220339,75.2542372881356,5.762711864406779,69.49152542372882
E00035266,347,65,22,43,282,31,251,18.73198847262248,6.340057636887608,12.39193083573487,81.26801152737752,8.93371757925072,72.3342939481268
E00035267,239,38,18,20,201,23,178,15.899581589958158,7.531380753138076,8.368200836820083,84.10041841004184,9.623430962343097,74.47698744769873
E00035268,255,58,28,30,197,16,181,22.745098039215687,10.980392156862745,11.76470588235294,77.25490196078432,6.2745098039215685,70.98039215686275
E00035269,299,93,45,48,206,24,182,31.103678929765888,15.050167224080269,16.05351170568562,68.89632107023411,8.02675585284281,60.86956521739131
E00035270,283,40,11,29,243,20,223,14.13427561837456,3.8869257950530036,10.247349823321555,85.86572438162544,7.06713780918728,78.79858657243817
E00035271,250,57,39,18,193,19,174,22.8,15.6,7.199999999999999,77.2,7.6,69.6
E00035272,235,42,17,25,193,21,172,17.872340425531917,7.234042553191489,10.638297872340425,82.12765957446808,8.936170212765958,73.19148936170212
E00035273,270,93,54,39,177,22,155,34.44444444444444,20,14.444444444444443,65.55555555555556,8.148148148148149,57.407407407407405
E00035274,272,61,23,38,211,26,185,22.426470588235293,8.455882352941178,13.970588235294118,77.57352941176471,9.558823529411764,68.01470588235294
E00035275,201,89,52,37,112,11,101,44.27860696517413,25.870646766169152,18.407960199004975,55.72139303482587,5.472636815920398,50.24875621890548
E00035276,239,43,22,21,196,21,175,17.99163179916318,9.205020920502092,8.786610878661087,82.00836820083683,8.786610878661087,73.22175732217573
E00035277,406,69,24,45,337,27,310,16.995073891625616,5.911330049261084,11.083743842364532,83.00492610837439,6.65024630541872,76.35467980295566
E00035278,293,63,27,36,230,27,203,21.501706484641637,9.215017064846416,12.286689419795222,78.49829351535837,9.215017064846416,69.28327645051195
E00035279,275,53,25,28,222,20,202,19.272727272727273,9.090909090909092,10.181818181818182,80.72727272727272,7.2727272727272725,73.45454545454545
E00035280,162,36,19,17,126,9,117,22.22222222222222,11.728395061728394,10.493827160493826,77.77777777777779,5.555555555555555,72.22222222222221
E00035281,166,40,14,26,126,14,112,24.096385542168676,8.433734939759036,15.66265060240964,75.90361445783132,8.433734939759036,67.46987951807229
E00035282,238,45,19,26,193,17,176,18.907563025210084,7.9831932773109235,10.92436974789916,81.09243697478992,7.142857142857142,73.94957983193278
E00035283,259,56,26,30,203,38,165,21.62162162162162,10.038610038610038,11.583011583011583,78.37837837837837,14.671814671814673,63.7065637065637
E00035284,203,49,23,26,154,13,141,24.137931034482758,11.330049261083744,12.807881773399016,75.86206896551724,6.403940886699508,69.45812807881774
E00035285,280,77,38,39,203,12,191,27.500000000000004,13.571428571428571,13.928571428571429,72.5,4.285714285714286,68.21428571428572
E00035286,323,77,40,37,246,23,223,23.8390092879257,12.38390092879257,11.455108359133128,76.16099071207431,7.120743034055728,69.04024767801857
E00035287,279,76,43,33,203,16,187,27.24014336917563,15.412186379928317,11.827956989247312,72.75985663082437,5.734767025089606,67.02508960573476
E00035288,402,97,53,44,305,17,288,24.129353233830848,13.184079601990051,10.945273631840797,75.87064676616916,4.228855721393035,71.64179104477611
E00035289,343,69,31,38,274,12,262,20.11661807580175,9.037900874635568,11.078717201166182,79.88338192419825,3.498542274052478,76.38483965014578
E00035290,406,101,55,46,305,24,281,24.876847290640395,13.546798029556651,11.330049261083744,75.1231527093596,5.911330049261084,69.21182266009852
E00035291,295,71,26,45,224,10,214,24.06779661016949,8.813559322033898,15.254237288135593,75.9322033898305,3.389830508474576,72.54237288135593
E00035292,304,76,38,38,228,23,205,25,12.5,12.5,75,7.565789473684211,67.43421052631578
E00035293,288,58,34,24,230,20,210,20.13888888888889,11.805555555555555,8.333333333333332,79.86111111111111,6.944444444444445,72.91666666666666
E00035294,264,102,54,48,162,12,150,38.63636363636363,20.454545454545457,18.181818181818183,61.36363636363637,4.545454545454546,56.81818181818182
E00035295,354,71,28,43,283,19,264,20.056497175141246,7.909604519774012,12.146892655367232,79.94350282485875,5.367231638418079,74.57627118644068
E00035296,260,70,36,34,190,14,176,26.923076923076923,13.846153846153847,13.076923076923078,73.07692307692307,5.384615384615385,67.6923076923077
E00035297,423,96,37,59,327,17,310,22.69503546099291,8.747044917257684,13.947990543735225,77.30496453900709,4.0189125295508275,73.28605200945626
E00035298,438,94,44,50,344,14,330,21.461187214611872,10.045662100456621,11.415525114155251,78.53881278538812,3.1963470319634704,75.34246575342466
E00035299,290,75,42,33,215,12,203,25.862068965517242,14.482758620689657,11.379310344827587,74.13793103448276,4.137931034482759,70
E00035300,256,47,24,23,209,4,205,18.359375,9.375,8.984375,81.640625,1.5625,80.078125
E00035301,401,100,57,43,301,25,276,24.93765586034913,14.214463840399002,10.723192019950124,75.06234413965088,6.234413965087282,68.82793017456359
E00035302,327,91,53,38,236,11,225,27.82874617737003,16.207951070336392,11.62079510703364,72.17125382262996,3.3639143730886847,68.80733944954129
E00035303,283,74,42,32,209,11,198,26.148409893992934,14.840989399293287,11.307420494699647,73.85159010600707,3.8869257950530036,69.96466431095406
E00035304,323,89,59,30,234,14,220,27.55417956656347,18.26625386996904,9.287925696594428,72.44582043343654,4.3343653250774,68.11145510835914
E00035305,322,66,34,32,256,17,239,20.496894409937887,10.559006211180124,9.937888198757763,79.5031055900621,5.279503105590062,74.22360248447205
E00035306,292,50,24,26,242,20,222,17.123287671232877,8.21917808219178,8.904109589041095,82.87671232876713,6.8493150684931505,76.02739726027397
E00035307,324,56,26,30,268,20,248,17.28395061728395,8.024691358024691,9.25925925925926,82.71604938271605,6.172839506172839,76.5432098765432
E00035308,316,62,34,28,254,18,236,19.62025316455696,10.759493670886076,8.860759493670885,80.37974683544303,5.69620253164557,74.68354430379746
E00035309,291,42,19,23,249,17,232,14.432989690721648,6.529209621993128,7.903780068728522,85.56701030927834,5.841924398625429,79.72508591065292
E00035310,308,69,33,36,239,10,229,22.4025974025974,10.714285714285714,11.688311688311687,77.59740259740259,3.2467532467532463,74.35064935064936
E00035311,276,83,51,32,193,8,185,30.07246376811594,18.478260869565215,11.594202898550725,69.92753623188406,2.898550724637681,67.02898550724638
E00035312,296,50,25,25,246,18,228,16.89189189189189,8.445945945945946,8.445945945945946,83.1081081081081,6.081081081081082,77.02702702702703
E00035313,251,57,34,23,194,15,179,22.709163346613543,13.545816733067728,9.163346613545817,77.29083665338645,5.9760956175298805,71.31474103585657
E00035314,358,80,42,38,278,13,265,22.3463687150838,11.731843575418994,10.614525139664805,77.6536312849162,3.6312849162011176,74.02234636871509
E00035315,340,95,49,46,245,21,224,27.941176470588236,14.411764705882351,13.529411764705882,72.05882352941177,6.176470588235294,65.88235294117646
E00035316,314,61,30,31,253,17,236,19.426751592356688,9.554140127388536,9.872611464968154,80.57324840764332,5.414012738853503,75.15923566878982
E00035317,444,128,67,61,316,29,287,28.82882882882883,15.090090090090092,13.73873873873874,71.17117117117117,6.531531531531531,64.63963963963964
E00035318,210,79,41,38,131,10,121,37.61904761904762,19.523809523809526,18.095238095238095,62.38095238095238,4.761904761904762,57.61904761904761
E00035319,284,94,47,47,190,17,173,33.098591549295776,16.549295774647888,16.549295774647888,66.90140845070422,5.985915492957746,60.91549295774647
E00035322,290,52,30,22,238,27,211,17.93103448275862,10.344827586206897,7.586206896551724,82.06896551724138,9.310344827586208,72.75862068965517
E00035323,315,109,61,48,206,20,186,34.6031746031746,19.365079365079367,15.238095238095239,65.39682539682539,6.349206349206349,59.04761904761905
E00035324,278,57,33,24,221,15,206,20.503597122302157,11.870503597122301,8.633093525179856,79.49640287769785,5.39568345323741,74.10071942446042
E00035325,419,116,61,55,303,14,289,27.684964200477324,14.558472553699284,13.126491646778044,72.31503579952268,3.341288782816229,68.97374701670644
E00035326,462,148,76,72,314,20,294,32.03463203463203,16.450216450216452,15.584415584415584,67.96536796536796,4.329004329004329,63.63636363636363
E00035327,275,76,41,35,199,5,194,27.636363636363637,14.909090909090908,12.727272727272727,72.36363636363636,1.8181818181818181,70.54545454545455
E00035328,320,81,47,34,239,22,217,25.3125,14.6875,10.625,74.6875,6.875000000000001,67.8125
E00035329,261,63,27,36,198,26,172,24.137931034482758,10.344827586206897,13.793103448275861,75.86206896551724,9.961685823754788,65.90038314176245
E00035330,166,38,19,19,128,15,113,22.89156626506024,11.44578313253012,11.44578313253012,77.10843373493977,9.036144578313253,68.07228915662651
E00035331,236,64,30,34,172,16,156,27.11864406779661,12.711864406779661,14.40677966101695,72.88135593220339,6.779661016949152,66.10169491525424
E00035332,268,56,30,26,212,15,197,20.8955223880597,11.194029850746269,9.701492537313433,79.1044776119403,5.597014925373134,73.50746268656717
E00035333,362,130,74,56,232,24,208,35.91160220994475,20.441988950276244,15.469613259668508,64.08839779005525,6.629834254143646,57.4585635359116
E00035334,266,55,25,30,211,16,195,20.676691729323306,9.398496240601503,11.278195488721805,79.32330827067669,6.015037593984962,73.30827067669173
E00035335,280,30,12,18,250,23,227,10.714285714285714,4.285714285714286,6.428571428571428,89.28571428571429,8.214285714285714,81.07142857142857
E00035336,297,34,6,28,263,25,238,11.447811447811448,2.0202020202020203,9.427609427609427,88.55218855218855,8.417508417508419,80.13468013468014
E00035337,280,71,37,34,209,20,189,25.357142857142854,13.214285714285715,12.142857142857142,74.64285714285714,7.142857142857142,67.5
E00035338,266,47,22,25,219,15,204,17.669172932330827,8.270676691729323,9.398496240601503,82.33082706766918,5.639097744360902,76.69172932330827
E00035339,214,36,20,16,178,27,151,16.822429906542055,9.345794392523365,7.476635514018691,83.17757009345794,12.616822429906541,70.56074766355141
E00035341,304,113,63,50,191,15,176,37.17105263157895,20.723684210526315,16.447368421052634,62.82894736842105,4.934210526315789,57.89473684210527
E00035342,329,66,28,38,263,18,245,20.060790273556233,8.51063829787234,11.55015197568389,79.93920972644378,5.47112462006079,74.46808510638297
E00035343,299,60,28,32,239,9,230,20.066889632107024,9.364548494983277,10.702341137123746,79.93311036789298,3.0100334448160537,76.92307692307693
E00035344,133,35,17,18,98,14,84,26.31578947368421,12.781954887218044,13.533834586466165,73.68421052631578,10.526315789473683,63.1578947368421
E00035345,285,86,55,31,199,21,178,30.175438596491226,19.298245614035086,10.87719298245614,69.82456140350877,7.368421052631578,62.4561403508772
E00035346,259,54,23,31,205,16,189,20.84942084942085,8.880308880308881,11.96911196911197,79.15057915057915,6.177606177606178,72.97297297297297
E00035347,381,98,44,54,283,21,262,25.72178477690289,11.548556430446194,14.173228346456693,74.2782152230971,5.511811023622047,68.76640419947506
E00035348,318,68,33,35,250,24,226,21.38364779874214,10.377358490566039,11.0062893081761,78.61635220125787,7.547169811320755,71.0691823899371
E00035349,282,65,29,36,217,21,196,23.04964539007092,10.28368794326241,12.76595744680851,76.95035460992908,7.446808510638298,69.50354609929079
E00035350,255,45,25,20,210,20,190,17.647058823529413,9.803921568627452,7.8431372549019605,82.35294117647058,7.8431372549019605,74.50980392156863
E00035351,266,126,71,55,140,23,117,47.368421052631575,26.691729323308273,20.676691729323306,52.63157894736842,8.646616541353383,43.984962406015036
E00035352,372,107,53,54,265,19,246,28.763440860215056,14.24731182795699,14.516129032258066,71.23655913978494,5.10752688172043,66.12903225806451
E00035353,309,94,48,46,215,12,203,30.42071197411003,15.53398058252427,14.886731391585762,69.57928802588997,3.8834951456310676,65.69579288025889
E00035354,403,102,53,49,301,24,277,25.31017369727047,13.151364764267989,12.158808933002481,74.68982630272953,5.955334987593052,68.73449131513648
E00035355,263,86,42,44,177,13,164,32.69961977186312,15.96958174904943,16.730038022813687,67.30038022813687,4.942965779467681,62.3574144486692
E00035357,277,92,46,46,185,18,167,33.2129963898917,16.60649819494585,16.60649819494585,66.78700361010831,6.4981949458483745,60.28880866425993
E00035358,275,46,23,23,229,24,205,16.727272727272727,8.363636363636363,8.363636363636363,83.27272727272728,8.727272727272728,74.54545454545455
E00035359,212,77,49,28,135,10,125,36.32075471698113,23.11320754716981,13.20754716981132,63.67924528301887,4.716981132075472,58.9622641509434
E00035360,272,87,49,38,185,21,164,31.985294117647058,18.014705882352942,13.970588235294118,68.01470588235294,7.720588235294118,60.29411764705882
E00035361,415,183,118,65,232,22,210,44.096385542168676,28.433734939759038,15.66265060240964,55.90361445783133,5.301204819277109,50.602409638554214
E00035362,238,47,17,30,191,22,169,19.747899159663866,7.142857142857142,12.605042016806722,80.25210084033614,9.243697478991598,71.00840336134453
E00035363,341,71,26,45,270,22,248,20.821114369501466,7.624633431085044,13.196480938416421,79.17888563049853,6.451612903225806,72.72727272727273
E00035364,211,65,36,29,146,15,131,30.80568720379147,17.061611374407583,13.744075829383887,69.19431279620854,7.109004739336493,62.08530805687204
E00035365,317,89,40,49,228,15,213,28.075709779179807,12.618296529968454,15.457413249211358,71.92429022082018,4.73186119873817,67.19242902208202
E00035366,193,46,23,23,147,23,124,23.83419689119171,11.917098445595855,11.917098445595855,76.16580310880829,11.917098445595855,64.24870466321244
E00035367,176,79,41,38,97,11,86,44.88636363636363,23.295454545454543,21.59090909090909,55.11363636363637,6.25,48.86363636363637
E00035368,252,88,49,39,164,16,148,34.92063492063492,19.444444444444446,15.476190476190476,65.07936507936508,6.349206349206349,58.730158730158735
E00035369,365,59,28,31,306,28,278,16.164383561643834,7.671232876712329,8.493150684931507,83.83561643835617,7.671232876712329,76.16438356164383
E00035370,268,68,43,25,200,14,186,25.37313432835821,16.044776119402986,9.328358208955224,74.6268656716418,5.223880597014925,69.40298507462687
E00035371,161,54,29,25,107,12,95,33.54037267080746,18.012422360248447,15.527950310559005,66.45962732919256,7.453416149068323,59.006211180124225
E00035372,381,60,24,36,321,24,297,15.748031496062993,6.299212598425196,9.448818897637794,84.25196850393701,6.299212598425196,77.95275590551181
E00035373,267,79,47,32,188,18,170,29.588014981273407,17.60299625468165,11.985018726591761,70.4119850187266,6.741573033707865,63.670411985018724
E00035374,265,70,37,33,195,15,180,26.41509433962264,13.962264150943396,12.452830188679245,73.58490566037736,5.660377358490567,67.9245283018868
E00035375,244,79,35,44,165,12,153,32.37704918032787,14.344262295081966,18.0327868852459,67.62295081967213,4.918032786885246,62.704918032786885
E00035376,321,65,17,48,256,17,239,20.24922118380062,5.29595015576324,14.953271028037381,79.75077881619937,5.29595015576324,74.45482866043614
E00035377,353,89,51,38,264,19,245,25.21246458923513,14.44759206798867,10.764872521246458,74.78753541076487,5.382436260623229,69.40509915014165
E00035378,295,64,25,39,231,20,211,21.694915254237287,8.47457627118644,13.220338983050848,78.30508474576271,6.779661016949152,71.52542372881356
E00035380,240,76,41,35,164,14,150,31.666666666666664,17.083333333333332,14.583333333333334,68.33333333333333,5.833333333333333,62.5
E00035381,312,55,21,34,257,20,237,17.628205128205128,6.730769230769231,10.897435897435898,82.37179487179486,6.41025641025641,75.96153846153845
E00035382,303,76,34,42,227,18,209,25.082508250825082,11.221122112211221,13.861386138613863,74.91749174917491,5.9405940594059405,68.97689768976898
E00035384,334,61,34,27,273,18,255,18.263473053892216,10.179640718562874,8.08383233532934,81.73652694610777,5.389221556886228,76.34730538922156
E00035385,269,78,43,35,191,12,179,28.99628252788104,15.985130111524162,13.011152416356877,71.00371747211895,4.4609665427509295,66.54275092936803
E00035386,293,81,45,36,212,8,204,27.64505119453925,15.358361774744028,12.286689419795222,72.35494880546075,2.7303754266211606,69.6245733788396
E00035387,283,61,23,38,222,15,207,21.554770318021202,8.12720848056537,13.427561837455832,78.4452296819788,5.30035335689046,73.14487632508833
E00035388,351,52,19,33,299,21,278,14.814814814814813,5.413105413105413,9.401709401709402,85.18518518518519,5.982905982905983,79.2022792022792
E00035389,269,51,25,26,218,10,208,18.95910780669145,9.293680297397769,9.66542750929368,81.04089219330855,3.717472118959108,77.32342007434944
E00035390,333,51,22,29,282,23,259,15.315315315315313,6.606606606606606,8.708708708708707,84.68468468468468,6.906906906906906,77.77777777777779
E00035391,182,64,36,28,118,10,108,35.16483516483517,19.78021978021978,15.384615384615385,64.83516483516483,5.4945054945054945,59.34065934065934
E00035392,266,84,39,45,182,16,166,31.57894736842105,14.661654135338345,16.917293233082706,68.42105263157895,6.015037593984962,62.40601503759399
E00035393,304,78,42,36,226,12,214,25.657894736842106,13.815789473684212,11.842105263157894,74.3421052631579,3.9473684210526314,70.39473684210526
E00035394,417,86,37,49,331,24,307,20.623501199040767,8.872901678657074,11.750599520383693,79.37649880095923,5.755395683453238,73.621103117506
E00035395,363,84,43,41,279,12,267,23.140495867768596,11.84573002754821,11.294765840220386,76.85950413223141,3.3057851239669422,73.55371900826447
E00035396,497,100,43,57,397,39,358,20.12072434607646,8.651911468812877,11.468812877263582,79.87927565392354,7.847082494969819,72.03219315895373
E00035397,166,91,57,34,75,4,71,54.81927710843374,34.33734939759036,20.481927710843372,45.18072289156627,2.4096385542168677,42.77108433734939
E00035398,272,69,27,42,203,12,191,25.36764705882353,9.926470588235293,15.441176470588236,74.63235294117648,4.411764705882353,70.22058823529412
E00035399,196,69,47,22,127,8,119,35.204081632653065,23.97959183673469,11.224489795918368,64.79591836734694,4.081632653061225,60.71428571428571
E00035400,275,76,39,37,199,13,186,27.636363636363637,14.181818181818182,13.454545454545455,72.36363636363636,4.7272727272727275,67.63636363636364
E00035401,295,48,25,23,247,13,234,16.271186440677965,8.47457627118644,7.796610169491526,83.72881355932203,4.406779661016949,79.3220338983051
E00035402,320,62,24,38,258,16,242,19.375,7.5,11.875,80.625,5,75.625
E00035404,243,80,49,31,163,11,152,32.92181069958848,20.16460905349794,12.757201646090536,67.07818930041152,4.526748971193416,62.55144032921811
E00035405,332,72,28,44,260,9,251,21.686746987951807,8.433734939759036,13.253012048192772,78.3132530120482,2.710843373493976,75.6024096385542
E00035406,213,62,32,30,151,16,135,29.107981220657276,15.023474178403756,14.084507042253522,70.89201877934272,7.511737089201878,63.38028169014085
E00035407,234,60,36,24,174,22,152,25.64102564102564,15.384615384615385,10.256410256410255,74.35897435897436,9.401709401709402,64.95726495726495
E00035408,292,73,35,38,219,11,208,25,11.986301369863012,13.013698630136986,75,3.767123287671233,71.23287671232876
E00035409,208,73,46,27,135,10,125,35.09615384615385,22.115384615384613,12.980769230769232,64.90384615384616,4.807692307692308,60.09615384615385
E00035410,220,78,47,31,142,14,128,35.45454545454545,21.363636363636363,14.09090909090909,64.54545454545455,6.363636363636363,58.18181818181818
E00035411,295,73,38,35,222,13,209,24.74576271186441,12.88135593220339,11.864406779661017,75.2542372881356,4.406779661016949,70.84745762711864
E00035412,299,81,49,32,218,17,201,27.09030100334448,16.387959866220736,10.702341137123746,72.90969899665552,5.68561872909699,67.22408026755853
E00035413,139,36,16,20,103,7,96,25.899280575539567,11.510791366906476,14.388489208633093,74.10071942446042,5.0359712230215825,69.06474820143885
E00035414,265,49,23,26,216,20,196,18.49056603773585,8.679245283018867,9.811320754716983,81.50943396226415,7.547169811320755,73.9622641509434
E00035415,275,53,24,29,222,15,207,19.272727272727273,8.727272727272728,10.545454545454545,80.72727272727272,5.454545454545454,75.27272727272727
E00035416,279,43,18,25,236,26,210,15.412186379928317,6.451612903225806,8.960573476702509,84.58781362007169,9.31899641577061,75.26881720430107
E00035417,214,54,26,28,160,16,144,25.233644859813083,12.149532710280374,13.084112149532709,74.76635514018692,7.476635514018691,67.28971962616822
E00035418,263,46,16,30,217,15,202,17.490494296577946,6.083650190114068,11.406844106463879,82.50950570342205,5.7034220532319395,76.80608365019012
E00035419,306,104,68,36,202,15,187,33.98692810457516,22.22222222222222,11.76470588235294,66.01307189542483,4.901960784313726,61.111111111111114
E00035420,473,81,49,32,392,54,338,17.12473572938689,10.359408033826638,6.765327695560254,82.8752642706131,11.416490486257928,71.45877378435517
E00035421,365,74,24,50,291,35,256,20.273972602739725,6.575342465753424,13.698630136986301,79.72602739726027,9.58904109589041,70.13698630136986
E00035422,235,52,19,33,183,21,162,22.127659574468083,8.085106382978724,14.042553191489363,77.87234042553192,8.936170212765958,68.93617021276596
E00035423,275,41,17,24,234,18,216,14.909090909090908,6.181818181818182,8.727272727272728,85.0909090909091,6.545454545454546,78.54545454545455
E00035424,365,49,18,31,316,23,293,13.424657534246576,4.931506849315069,8.493150684931507,86.57534246575342,6.301369863013699,80.27397260273973
E00035425,224,51,24,27,173,11,162,22.767857142857142,10.714285714285714,12.053571428571429,77.23214285714286,4.910714285714286,72.32142857142857
E00035426,271,50,20,30,221,19,202,18.45018450184502,7.380073800738007,11.07011070110701,81.54981549815497,7.011070110701106,74.53874538745387
E00035427,301,54,14,40,247,18,229,17.940199335548172,4.651162790697675,13.2890365448505,82.05980066445183,5.980066445182724,76.0797342192691
E00035428,445,97,67,30,348,37,311,21.79775280898876,15.056179775280897,6.741573033707865,78.20224719101122,8.314606741573034,69.88764044943821
E00035429,344,88,61,27,256,22,234,25.581395348837212,17.732558139534884,7.848837209302325,74.4186046511628,6.395348837209303,68.02325581395348
E00035430,297,35,19,16,262,27,235,11.784511784511785,6.397306397306397,5.387205387205387,88.21548821548821,9.090909090909092,79.12457912457911
E00035431,292,61,24,37,231,14,217,20.89041095890411,8.21917808219178,12.67123287671233,79.1095890410959,4.794520547945205,74.31506849315068
E00035432,249,37,15,22,212,26,186,14.859437751004014,6.024096385542169,8.835341365461847,85.14056224899599,10.441767068273093,74.69879518072288
E00035433,317,64,16,48,253,25,228,20.189274447949526,5.047318611987381,15.141955835962145,79.81072555205047,7.886435331230284,71.92429022082018
E00035434,270,48,21,27,222,16,206,17.77777777777778,7.777777777777778,10,82.22222222222221,5.9259259259259265,76.29629629629629
E00035435,280,38,15,23,242,25,217,13.571428571428571,5.357142857142857,8.214285714285714,86.42857142857143,8.928571428571429,77.5
E00035436,230,37,17,20,193,21,172,16.08695652173913,7.391304347826087,8.695652173913043,83.91304347826087,9.130434782608695,74.78260869565217
E00035437,294,48,23,25,246,28,218,16.3265306122449,7.8231292517006805,8.503401360544217,83.6734693877551,9.523809523809524,74.14965986394559
E00035438,319,62,36,26,257,18,239,19.435736677115987,11.285266457680251,8.150470219435736,80.56426332288402,5.6426332288401255,74.92163009404389
E00035439,275,55,22,33,220,37,183,20,8,12,80,13.454545454545455,66.54545454545455
E00035440,295,52,21,31,243,21,222,17.627118644067796,7.118644067796611,10.508474576271185,82.37288135593221,7.118644067796611,75.2542372881356
E00035441,501,68,30,38,433,38,395,13.572854291417165,5.9880239520958085,7.584830339321358,86.42714570858283,7.584830339321358,78.84231536926147
E00035442,282,29,15,14,253,28,225,10.28368794326241,5.319148936170213,4.964539007092199,89.71631205673759,9.929078014184398,79.7872340425532
E00035443,287,57,21,36,230,25,205,19.860627177700348,7.317073170731707,12.543554006968641,80.13937282229965,8.710801393728223,71.42857142857143
E00035444,276,43,20,23,233,24,209,15.579710144927535,7.246376811594203,8.333333333333332,84.42028985507247,8.695652173913043,75.72463768115942
E00035445,332,54,19,35,278,29,249,16.265060240963855,5.72289156626506,10.542168674698797,83.73493975903614,8.734939759036145,75
E00035446,310,41,9,32,269,22,247,13.225806451612904,2.903225806451613,10.32258064516129,86.7741935483871,7.096774193548387,79.6774193548387
E00035447,243,49,19,30,194,12,182,20.16460905349794,7.818930041152264,12.345679012345679,79.83539094650206,4.938271604938271,74.8971193415638
E00035448,198,39,21,18,159,21,138,19.696969696969695,10.606060606060606,9.090909090909092,80.3030303030303,10.606060606060606,69.6969696969697
E00035449,263,50,22,28,213,16,197,19.011406844106464,8.365019011406844,10.646387832699618,80.98859315589354,6.083650190114068,74.90494296577947
E00035450,215,34,15,19,181,24,157,15.813953488372093,6.976744186046512,8.837209302325581,84.18604651162791,11.162790697674419,73.0232558139535
E00035451,289,51,15,36,238,29,209,17.647058823529413,5.190311418685121,12.45674740484429,82.35294117647058,10.034602076124568,72.31833910034602
E00035452,237,41,15,26,196,18,178,17.29957805907173,6.329113924050633,10.970464135021098,82.70042194092827,7.59493670886076,75.10548523206751
E00035453,277,41,14,27,236,19,217,14.801444043321299,5.054151624548736,9.747292418772563,85.1985559566787,6.859205776173286,78.33935018050542
E00035454,252,53,22,31,199,25,174,21.03174603174603,8.73015873015873,12.3015873015873,78.96825396825396,9.920634920634921,69.04761904761905
E00035455,263,45,21,24,218,33,185,17.110266159695815,7.984790874524715,9.125475285171103,82.88973384030417,12.547528517110266,70.34220532319392
E00035456,350,88,64,24,262,34,228,25.142857142857146,18.285714285714285,6.857142857142858,74.85714285714286,9.714285714285714,65.14285714285715
E00035457,369,67,27,40,302,27,275,18.157181571815716,7.317073170731707,10.840108401084011,81.84281842818429,7.317073170731707,74.52574525745257
E00035458,340,61,22,39,279,30,249,17.941176470588236,6.470588235294119,11.470588235294118,82.05882352941177,8.823529411764707,73.23529411764706
E00035459,267,56,24,32,211,32,179,20.973782771535582,8.98876404494382,11.985018726591761,79.02621722846442,11.985018726591761,67.04119850187266
E00035460,298,44,16,28,254,29,225,14.76510067114094,5.369127516778524,9.395973154362416,85.23489932885906,9.731543624161073,75.50335570469798
E00035461,361,92,41,51,269,24,245,25.48476454293629,11.357340720221606,14.127423822714682,74.51523545706371,6.64819944598338,67.86703601108033
E00035462,396,95,49,46,301,27,274,23.98989898989899,12.373737373737374,11.616161616161616,76.01010101010101,6.8181818181818175,69.1919191919192
E00035463,301,48,22,26,253,21,232,15.946843853820598,7.308970099667775,8.637873754152823,84.0531561461794,6.976744186046512,77.0764119601329
E00035464,275,50,19,31,225,23,202,18.181818181818183,6.909090909090909,11.272727272727273,81.81818181818183,8.363636363636363,73.45454545454545
E00035466,305,46,16,30,259,28,231,15.081967213114755,5.245901639344262,9.836065573770492,84.91803278688525,9.180327868852459,75.73770491803279
E00035467,359,94,43,51,265,18,247,26.18384401114206,11.977715877437326,14.206128133704734,73.81615598885793,5.013927576601671,68.80222841225627
E00035468,251,60,23,37,191,9,182,23.904382470119522,9.163346613545817,14.741035856573706,76.09561752988047,3.5856573705179287,72.50996015936255
E00035469,561,114,50,64,447,31,416,20.32085561497326,8.9126559714795,11.408199643493761,79.67914438502673,5.525846702317291,74.15329768270945
E00035470,445,69,29,40,376,27,349,15.505617977528091,6.51685393258427,8.98876404494382,84.49438202247191,6.067415730337078,78.42696629213484
E00035471,436,92,44,48,344,38,306,21.100917431192663,10.091743119266056,11.009174311926607,78.89908256880734,8.715596330275229,70.18348623853211
E00035472,302,53,16,37,249,17,232,17.549668874172188,5.298013245033113,12.251655629139073,82.45033112582782,5.629139072847682,76.82119205298014
E00035473,226,76,44,32,150,18,132,33.6283185840708,19.469026548672566,14.15929203539823,66.3716814159292,7.964601769911504,58.4070796460177
E00035474,331,64,31,33,267,24,243,19.335347432024168,9.365558912386707,9.969788519637463,80.66465256797582,7.250755287009064,73.41389728096676
E00035475,331,64,30,34,267,32,235,19.335347432024168,9.06344410876133,10.27190332326284,80.66465256797582,9.667673716012084,70.99697885196375
E00035476,302,86,38,48,216,15,201,28.47682119205298,12.582781456953644,15.894039735099339,71.52317880794702,4.966887417218543,66.55629139072848
E00035477,240,52,27,25,188,17,171,21.666666666666668,11.25,10.416666666666668,78.33333333333333,7.083333333333333,71.25
E00035478,337,55,29,26,282,23,259,16.320474777448073,8.605341246290802,7.71513353115727,83.67952522255193,6.824925816023739,76.8545994065282
E00035479,374,72,27,45,302,23,279,19.25133689839572,7.219251336898395,12.032085561497325,80.74866310160428,6.149732620320856,74.59893048128342
E00035480,246,65,22,43,181,11,170,26.422764227642276,8.94308943089431,17.479674796747968,73.57723577235772,4.471544715447155,69.10569105691057
E00035481,316,62,31,31,254,17,237,19.62025316455696,9.81012658227848,9.81012658227848,80.37974683544303,5.379746835443038,75
E00035482,354,60,25,35,294,17,277,16.94915254237288,7.062146892655368,9.887005649717514,83.05084745762711,4.80225988700565,78.24858757062147
E00035483,261,65,32,33,196,23,173,24.904214559386972,12.260536398467432,12.643678160919542,75.09578544061303,8.812260536398467,66.28352490421456
E00035484,358,68,28,40,290,26,264,18.994413407821227,7.82122905027933,11.1731843575419,81.00558659217877,7.262569832402235,73.74301675977654
E00035485,280,51,25,26,229,24,205,18.21428571428571,8.928571428571429,9.285714285714286,81.78571428571428,8.571428571428571,73.21428571428571
E00035486,248,53,23,30,195,13,182,21.370967741935484,9.274193548387096,12.096774193548388,78.62903225806451,5.241935483870968,73.38709677419355
E00035487,352,68,30,38,284,28,256,19.318181818181817,8.522727272727272,10.795454545454545,80.68181818181817,7.954545454545454,72.72727272727273
E00035488,334,65,23,42,269,27,242,19.46107784431138,6.88622754491018,12.574850299401197,80.53892215568862,8.08383233532934,72.45508982035929
E00035489,544,139,94,45,405,25,380,25.551470588235293,17.27941176470588,8.272058823529411,74.44852941176471,4.595588235294118,69.85294117647058
E00035490,339,69,29,40,270,24,246,20.353982300884958,8.55457227138643,11.799410029498524,79.64601769911505,7.079646017699115,72.56637168141593
E00035491,359,61,29,32,298,21,277,16.991643454038996,8.07799442896936,8.913649025069638,83.008356545961007,5.8495821727019495,77.15877437325905
E00035492,188,73,32,41,115,15,100,38.82978723404255,17.02127659574468,21.808510638297875,61.170212765957444,7.9787234042553195,53.191489361702125
E00035493,288,49,26,23,239,19,220,17.01388888888889,9.027777777777777,7.986111111111111,82.98611111111111,6.597222222222222,76.38888888888889
E00035494,321,115,75,40,206,19,187,35.82554517133956,23.364485981308412,12.461059190031152,64.17445482866043,5.919003115264798,58.25545171339564
E00035495,310,55,20,35,255,22,233,17.741935483870968,6.451612903225806,11.29032258064516,82.25806451612904,7.096774193548387,75.16129032258064
E00035496,407,104,39,65,303,25,278,25.552825552825553,9.582309582309582,15.970515970515969,74.44717444717445,6.142506142506143,68.3046683046683
E00035497,273,51,22,29,222,17,205,18.681318681318682,8.058608058608058,10.622710622710622,81.31868131868131,6.227106227106227,75.0915750915751
E00035498,289,60,25,35,229,22,207,20.761245674740483,8.650519031141869,12.110726643598616,79.23875432525952,7.612456747404845,71.62629757785467
E00035501,330,82,34,48,248,18,230,24.848484848484848,10.303030303030303,14.545454545454545,75.15151515151514,5.454545454545454,69.6969696969697
E00035502,333,75,50,25,258,18,240,22.52252252252252,15.015015015015015,7.5075075075075075,77.47747747747748,5.405405405405405,72.07207207207207
E00035503,340,112,68,44,228,21,207,32.94117647058823,20,12.941176470588237,67.05882352941175,6.176470588235294,60.882352941176464
E00035504,300,70,39,31,230,17,213,23.333333333333332,13,10.333333333333334,76.66666666666667,5.666666666666666,71
E00035505,209,62,44,18,147,7,140,29.665071770334926,21.052631578947366,8.61244019138756,70.33492822966507,3.349282296650718,66.98564593301435
E00035506,275,113,81,32,162,11,151,41.090909090909086,29.454545454545457,11.636363636363637,58.909090909090914,4,54.90909090909091
E00035507,195,73,43,30,122,8,114,37.43589743589744,22.05128205128205,15.384615384615385,62.56410256410256,4.102564102564102,58.46153846153847
E00035508,254,73,34,39,181,20,161,28.74015748031496,13.385826771653544,15.354330708661418,71.25984251968504,7.874015748031496,63.38582677165354
E00035509,284,80,41,39,204,14,190,28.169014084507044,14.43661971830986,13.732394366197184,71.83098591549296,4.929577464788732,66.90140845070422
E00035510,236,69,39,30,167,6,161,29.23728813559322,16.52542372881356,12.711864406779661,70.76271186440678,2.5423728813559325,68.22033898305084
E00035511,302,75,40,35,227,4,223,24.834437086092713,13.245033112582782,11.589403973509933,75.16556291390728,1.3245033112582782,73.84105960264901
E00035512,200,78,44,34,122,12,110,39,22,17,61,6,55.00000000000001
E00035513,297,104,64,40,193,14,179,35.01683501683502,21.548821548821547,13.468013468013467,64.98316498316498,4.713804713804714,60.26936026936027
E00035514,257,110,64,46,147,7,140,42.80155642023346,24.90272373540856,17.898832684824903,57.19844357976653,2.7237354085603114,54.474708171206224
E00035515,248,78,43,35,170,8,162,31.451612903225808,17.338709677419356,14.112903225806454,68.54838709677419,3.225806451612903,65.32258064516128
E00035520,329,89,41,48,240,13,227,27.0516717325228,12.462006079027356,14.58966565349544,72.94832826747721,3.951367781155015,68.9969604863222
E00035521,299,147,97,50,152,17,135,49.163879598662206,32.441471571906355,16.722408026755854,50.836120401337794,5.68561872909699,45.1505016722408
E00035523,245,57,30,27,188,11,177,23.26530612244898,12.244897959183673,11.020408163265307,76.73469387755102,4.489795918367347,72.24489795918367
E00035524,230,63,36,27,167,9,158,27.391304347826086,15.65217391304348,11.73913043478261,72.60869565217392,3.91304347826087,68.69565217391305
E00035525,192,52,26,26,140,10,130,27.083333333333332,13.541666666666666,13.541666666666666,72.91666666666666,5.208333333333334,67.70833333333334
E00035526,244,55,26,29,189,13,176,22.540983606557376,10.655737704918032,11.885245901639344,77.45901639344262,5.327868852459016,72.1311475409836
E00035527,226,77,31,46,149,14,135,34.070796460176986,13.716814159292035,20.353982300884958,65.929203539823,6.1946902654867255,59.73451327433629
E00035528,324,104,46,58,220,13,207,32.098765432098766,14.19753086419753,17.901234567901234,67.90123456790124,4.012345679012346,63.888888888888886
E00035529,303,88,43,45,215,17,198,29.042904290429046,14.19141914191419,14.85148514851485,70.95709570957096,5.6105610561056105,65.34653465346535
E00035530,333,78,37,41,255,23,232,23.423423423423422,11.11111111111111,12.312312312312311,76.57657657657657,6.906906906906906,69.66966966966966
E00035531,285,99,61,38,186,13,173,34.73684210526316,21.403508771929825,13.333333333333334,65.26315789473685,4.56140350877193,60.70175438596491
E00035532,260,82,36,46,178,17,161,31.538461538461537,13.846153846153847,17.692307692307693,68.46153846153847,6.538461538461539,61.92307692307693
E00035533,266,58,21,37,208,32,176,21.804511278195488,7.894736842105263,13.909774436090224,78.19548872180451,12.030075187969924,66.16541353383458
E00035534,227,57,33,24,170,17,153,25.11013215859031,14.537444933920703,10.572687224669604,74.8898678414097,7.488986784140969,67.40088105726872
E00035535,257,77,46,31,180,16,164,29.961089494163424,17.898832684824903,12.062256809338521,70.03891050583657,6.22568093385214,63.81322957198443
E00035536,202,48,30,18,154,15,139,23.762376237623762,14.85148514851485,8.91089108910891,76.23762376237624,7.425742574257425,68.8118811881188
E00035537,265,74,41,33,191,25,166,27.92452830188679,15.471698113207546,12.452830188679245,72.0754716981132,9.433962264150944,62.64150943396226
E00035538,363,89,47,42,274,41,233,24.517906336088156,12.947658402203857,11.570247933884298,75.48209366391184,11.294765840220386,64.18732782369146
E00035539,301,84,42,42,217,16,201,27.906976744186046,13.953488372093023,13.953488372093023,72.09302325581395,5.3156146179401995,66.77740863787376
E00035540,327,55,30,25,272,15,257,16.819571865443425,9.174311926605505,7.64525993883792,83.18042813455658,4.587155963302752,78.59327217125383
E00035541,284,72,44,28,212,14,198,25.352112676056336,15.492957746478872,9.859154929577464,74.64788732394366,4.929577464788732,69.71830985915493
E00035542,239,54,28,26,185,18,167,22.594142259414227,11.715481171548117,10.87866108786611,77.40585774058577,7.531380753138076,69.8744769874477
E00035543,247,67,34,33,180,7,173,27.125506072874494,13.765182186234817,13.360323886639677,72.8744939271255,2.834008097165992,70.04048582995951
E00035544,289,70,34,36,219,18,201,24.22145328719723,11.76470588235294,12.45674740484429,75.77854671280276,6.228373702422145,69.55017301038062
E00035545,329,108,51,57,221,20,201,32.82674772036474,15.501519756838904,17.325227963525837,67.17325227963525,6.079027355623101,61.09422492401215
E00035546,271,74,37,37,197,11,186,27.30627306273063,13.653136531365314,13.653136531365314,72.69372693726937,4.059040590405904,68.63468634686348
E00035547,431,128,77,51,303,23,280,29.698375870069604,17.865429234338748,11.832946635730858,70.30162412993039,5.336426914153132,64.96519721577727
E00035548,459,132,69,63,327,37,290,28.75816993464052,15.032679738562091,13.725490196078432,71.24183006535948,8.061002178649238,63.18082788671025
E00035549,229,47,27,20,182,14,168,20.52401746724891,11.790393013100436,8.73362445414847,79.47598253275109,6.11353711790393,73.36244541484717
E00035550,305,60,27,33,245,24,221,19.672131147540984,8.852459016393443,10.819672131147541,80.32786885245902,7.868852459016394,72.45901639344262
E00035551,276,47,20,27,229,20,209,17.02898550724638,7.246376811594203,9.782608695652174,82.97101449275362,7.246376811594203,75.72463768115942
E00035552,272,44,22,22,228,16,212,16.176470588235293,8.088235294117647,8.088235294117647,83.82352941176471,5.88235294117647,77.94117647058823
E00035553,298,69,33,36,229,19,210,23.154362416107382,11.073825503355705,12.080536912751679,76.84563758389261,6.375838926174497,70.46979865771812
E00035554,549,134,79,55,415,23,392,24.408014571949,14.389799635701275,10.018214936247723,75.591985428051,4.189435336976321,71.40255009107467
E00035555,318,81,48,33,237,19,218,25.471698113207548,15.09433962264151,10.377358490566039,74.52830188679245,5.9748427672955975,68.55345911949685
E00035556,260,77,45,32,183,12,171,29.615384615384617,17.307692307692307,12.307692307692308,70.38461538461539,4.615384615384616,65.76923076923077
E00035559,215,68,46,22,147,16,131,31.627906976744185,21.3953488372093,10.232558139534884,68.37209302325581,7.441860465116279,60.93023255813953
E00035563,297,71,30,41,226,13,213,23.905723905723907,10.1010101010101,13.804713804713806,76.0942760942761,4.377104377104377,71.71717171717171
E00035564,252,67,29,38,185,14,171,26.58730158730159,11.507936507936508,15.079365079365079,73.4126984126984,5.555555555555555,67.85714285714286
E00035565,232,62,36,26,170,16,154,26.72413793103448,15.517241379310345,11.206896551724139,73.27586206896551,6.896551724137931,66.37931034482759
E00035568,291,71,33,38,220,15,205,24.398625429553263,11.34020618556701,13.058419243986256,75.60137457044674,5.154639175257731,70.44673539518901
E00035570,257,70,39,31,187,15,172,27.237354085603112,15.17509727626459,12.062256809338521,72.76264591439688,5.836575875486381,66.9260700389105
E00035571,316,80,40,40,236,17,219,25.31645569620253,12.658227848101266,12.658227848101266,74.68354430379746,5.379746835443038,69.30379746835443
E00035572,313,81,38,43,232,25,207,25.878594249201274,12.140575079872203,13.738019169329075,74.12140575079871,7.987220447284344,66.13418530351439
E00035573,267,67,35,32,200,22,178,25.0936329588015,13.108614232209737,11.985018726591761,74.90636704119851,8.239700374531834,66.66666666666666
E00035574,294,60,27,33,234,20,214,20.408163265306122,9.183673469387756,11.224489795918368,79.59183673469387,6.802721088435375,72.78911564625851
E00035575,350,97,49,48,253,26,227,27.714285714285715,14.000000000000002,13.714285714285715,72.28571428571429,7.428571428571429,64.85714285714286
E00035576,265,74,46,28,191,8,183,27.92452830188679,17.358490566037734,10.566037735849058,72.0754716981132,3.018867924528302,69.0566037735849
E00035577,309,46,20,26,263,20,243,14.886731391585762,6.472491909385113,8.414239482200648,85.11326860841424,6.472491909385113,78.64077669902912
E00035578,321,64,34,30,257,16,241,19.937694704049843,10.59190031152648,9.345794392523365,80.06230529595015,4.984423676012461,75.0778816199377
E00035579,269,67,41,26,202,16,186,24.907063197026023,15.241635687732341,9.66542750929368,75.09293680297398,5.947955390334572,69.14498141263941
E00035580,284,51,21,30,233,20,213,17.95774647887324,7.394366197183098,10.56338028169014,82.04225352112677,7.042253521126761,75
E00035581,569,57,15,42,512,43,469,10.017574692442881,2.6362038664323375,7.381370826010544,89.98242530755711,7.5571177504393665,82.42530755711776
E00035582,324,37,19,18,287,27,260,11.419753086419753,5.864197530864197,5.555555555555555,88.58024691358025,8.333333333333332,80.24691358024691
E00035583,341,63,31,32,278,23,255,18.475073313782993,9.090909090909092,9.3841642228739,81.52492668621701,6.744868035190615,74.7800586510264
E00035584,479,117,63,54,362,27,335,24.4258872651357,13.152400835073069,11.273486430062631,75.5741127348643,5.6367432150313155,69.93736951983298
E00035585,359,95,68,27,264,18,246,26.46239554317549,18.94150417827298,7.520891364902507,73.53760445682451,5.013927576601671,68.52367688022284
E00035586,349,48,18,30,301,31,270,13.753581661891118,5.157593123209169,8.595988538681947,86.24641833810888,8.882521489971348,77.36389684813754
E00035587,348,97,65,32,251,15,236,27.873563218390807,18.67816091954023,9.195402298850574,72.12643678160919,4.310344827586207,67.81609195402298
E00035588,313,66,36,30,247,29,218,21.08626198083067,11.501597444089457,9.584664536741213,78.91373801916933,9.26517571884984,69.6485623003195
E00035589,272,73,41,32,199,18,181,26.838235294117645,15.073529411764705,11.76470588235294,73.16176470588235,6.61764705882353,66.54411764705883
E00035590,297,77,40,37,220,20,200,25.925925925925924,13.468013468013467,12.457912457912458,74.07407407407408,6.7340067340067336,67.34006734006735
E00035591,251,78,47,31,173,15,158,31.07569721115538,18.725099601593627,12.350597609561753,68.92430278884463,5.9760956175298805,62.94820717131474
E00035592,290,84,45,39,206,14,192,28.965517241379313,15.517241379310345,13.448275862068964,71.03448275862068,4.827586206896552,66.20689655172414
E00035593,308,47,15,32,261,19,242,15.259740259740258,4.870129870129871,10.38961038961039,84.74025974025975,6.1688311688311686,78.57142857142857
E00035594,282,70,42,28,212,17,195,24.822695035460992,14.893617021276595,9.929078014184398,75.177304964539,6.028368794326241,69.14893617021278
E00035595,254,51,28,23,203,15,188,20.078740157480315,11.023622047244094,9.05511811023622,79.92125984251969,5.905511811023622,74.01574803149606
E00035596,186,26,14,12,160,15,145,13.978494623655912,7.526881720430108,6.451612903225806,86.02150537634408,8.064516129032258,77.95698924731182
E00035597,268,103,61,42,165,17,148,38.43283582089552,22.761194029850746,15.671641791044777,61.56716417910447,6.343283582089552,55.223880597014926
E00035598,274,89,41,48,185,18,167,32.481751824817515,14.963503649635038,17.51824817518248,67.51824817518248,6.569343065693431,60.94890510948905
E00035599,237,55,27,28,182,13,169,23.20675105485232,11.39240506329114,11.814345991561181,76.79324894514767,5.485232067510549,71.30801687763713
E00035600,325,112,68,44,213,13,200,34.46153846153846,20.923076923076923,13.538461538461538,65.53846153846153,4,61.53846153846154
E00035601,253,77,45,32,176,14,162,30.434782608695656,17.786561264822133,12.648221343873518,69.56521739130434,5.533596837944664,64.03162055335969
E00035602,275,119,88,31,156,8,148,43.27272727272727,32,11.272727272727273,56.72727272727273,2.909090909090909,53.81818181818182
E00035603,172,30,14,16,142,12,130,17.441860465116278,8.13953488372093,9.30232558139535,82.55813953488372,6.976744186046512,75.5813953488372
E00035604,338,44,21,23,294,31,263,13.017751479289942,6.21301775147929,6.8047337278106506,86.98224852071006,9.171597633136095,77.81065088757396
E00035605,384,73,48,25,311,20,291,19.010416666666664,12.5,6.510416666666667,80.98958333333334,5.208333333333334,75.78125
E00035606,334,44,23,21,290,31,259,13.17365269461078,6.88622754491018,6.287425149700598,86.82634730538922,9.281437125748502,77.54491017964071
E00035607,273,63,36,27,210,22,188,23.076923076923077,13.186813186813188,9.89010989010989,76.92307692307693,8.058608058608058,68.86446886446886
E00035608,320,55,23,32,265,22,243,17.1875,7.187499999999999,10,82.8125,6.875000000000001,75.9375
E00035609,300,55,20,35,245,19,226,18.333333333333332,6.666666666666667,11.666666666666666,81.66666666666667,6.333333333333334,75.33333333333333
E00035610,356,52,26,26,304,25,279,14.606741573033707,7.303370786516854,7.303370786516854,85.39325842696628,7.02247191011236,78.37078651685393
E00035611,235,47,22,25,188,28,160,20,9.361702127659575,10.638297872340425,80,11.914893617021278,68.08510638297872
E00035612,347,73,36,37,274,22,252,21.037463976945244,10.37463976945245,10.662824207492795,78.96253602305475,6.340057636887608,72.62247838616715
E00035613,375,35,11,24,340,46,294,9.333333333333334,2.933333333333333,6.4,90.66666666666666,12.266666666666666,78.4
E00035614,293,43,19,24,250,16,234,14.675767918088736,6.484641638225256,8.19112627986348,85.32423208191126,5.460750853242321,79.86348122866895
E00035615,264,42,16,26,222,18,204,15.909090909090908,6.0606060606060606,9.848484848484848,84.0909090909091,6.8181818181818175,77.27272727272727
E00035616,301,51,21,30,250,26,224,16.943521594684384,6.976744186046512,9.966777408637874,83.05647840531562,8.637873754152823,74.4186046511628
E00035617,291,53,21,32,238,34,204,18.213058419243985,7.216494845360824,10.996563573883162,81.78694158075601,11.683848797250858,70.10309278350515
E00035618,240,53,23,30,187,20,167,22.083333333333332,9.583333333333334,12.5,77.91666666666667,8.333333333333332,69.58333333333333
E00035619,301,54,23,31,247,28,219,17.940199335548172,7.641196013289036,10.299003322259136,82.05980066445183,9.30232558139535,72.75747508305648
E00035620,347,53,24,29,294,31,263,15.273775216138327,6.9164265129683,8.357348703170029,84.72622478386167,8.93371757925072,75.79250720461094
E00035621,276,49,19,30,227,25,202,17.753623188405797,6.884057971014493,10.869565217391305,82.2463768115942,9.057971014492754,73.18840579710145
E00035622,229,42,18,24,187,23,164,18.340611353711793,7.860262008733625,10.480349344978166,81.6593886462882,10.043668122270741,71.61572052401746
E00035623,271,60,29,31,211,22,189,22.14022140221402,10.70110701107011,11.439114391143912,77.85977859778598,8.118081180811808,69.74169741697416
E00035624,381,85,39,46,296,28,268,22.30971128608924,10.236220472440944,12.073490813648293,77.69028871391076,7.349081364829396,70.34120734908137
E00035625,287,57,28,29,230,29,201,19.860627177700348,9.75609756097561,10.104529616724738,80.13937282229965,10.104529616724738,70.03484320557492
E00035626,201,50,23,27,151,13,138,24.875621890547265,11.442786069651742,13.432835820895523,75.12437810945273,6.467661691542288,68.65671641791045
E00035627,308,63,22,41,245,23,222,20.454545454545457,7.142857142857142,13.311688311688311,79.54545454545455,7.467532467532467,72.07792207792207
E00035628,289,41,14,27,248,25,223,14.186851211072666,4.844290657439446,9.342560553633218,85.81314878892734,8.650519031141869,77.16262975778547
E00035629,210,82,37,45,128,15,113,39.04761904761905,17.61904761904762,21.428571428571427,60.952380952380956,7.142857142857142,53.80952380952381
E00035630,317,76,35,41,241,28,213,23.974763406940063,11.041009463722396,12.933753943217665,76.02523659305994,8.832807570977918,67.19242902208202
E00035631,279,77,32,45,202,14,188,27.598566308243726,11.469534050179211,16.129032258064516,72.40143369175627,5.017921146953405,67.38351254480287
E00035632,252,45,22,23,207,22,185,17.857142857142858,8.73015873015873,9.126984126984127,82.14285714285714,8.73015873015873,73.4126984126984
E00035633,255,45,24,21,210,19,191,17.647058823529413,9.411764705882353,8.235294117647058,82.35294117647058,7.450980392156863,74.90196078431373
E00035634,254,59,31,28,195,28,167,23.228346456692915,12.204724409448819,11.023622047244094,76.77165354330708,11.023622047244094,65.74803149606299
E00035635,279,48,25,23,231,22,209,17.20430107526882,8.960573476702509,8.24372759856631,82.79569892473118,7.885304659498208,74.91039426523297
E00035636,287,62,26,36,225,22,203,21.602787456445995,9.059233449477352,12.543554006968641,78.397212543554,7.665505226480835,70.73170731707317
E00035637,292,47,16,31,245,27,218,16.095890410958905,5.47945205479452,10.616438356164384,83.9041095890411,9.246575342465754,74.65753424657534
E00035638,214,63,24,39,151,20,131,29.439252336448597,11.214953271028037,18.22429906542056,70.56074766355141,9.345794392523365,61.21495327102804
E00035639,263,54,18,36,209,21,188,20.53231939163498,6.844106463878327,13.688212927756654,79.46768060836501,7.984790874524715,71.48288973384031
E00035640,267,44,19,25,223,18,205,16.479400749063668,7.116104868913857,9.363295880149813,83.52059925093633,6.741573033707865,76.77902621722846
E00035641,279,62,28,34,217,19,198,22.22222222222222,10.03584229390681,12.186379928315413,77.77777777777779,6.810035842293908,70.96774193548387
E00035642,325,61,25,36,264,31,233,18.76923076923077,7.6923076923076925,11.076923076923077,81.23076923076923,9.538461538461538,71.6923076923077
E00035643,307,57,22,35,250,25,225,18.566775244299674,7.166123778501629,11.400651465798045,81.43322475570032,8.143322475570033,73.28990228013029
E00035644,301,49,23,26,252,21,231,16.27906976744186,7.641196013289036,8.637873754152823,83.72093023255815,6.976744186046512,76.74418604651163
E00035645,322,57,22,35,265,21,244,17.70186335403727,6.832298136645963,10.869565217391305,82.29813664596274,6.521739130434782,75.77639751552795
E00035646,279,72,32,40,207,29,178,25.806451612903224,11.469534050179211,14.336917562724013,74.19354838709677,10.39426523297491,63.799283154121866
E00035647,319,64,25,39,255,23,232,20.06269592476489,7.836990595611286,12.225705329153605,79.9373040752351,7.210031347962382,72.72727272727273
E00035648,274,52,19,33,222,24,198,18.97810218978102,6.934306569343065,12.043795620437956,81.02189781021897,8.75912408759124,72.26277372262774
E00035649,325,65,34,31,260,17,243,20,10.461538461538462,9.538461538461538,80,5.230769230769231,74.76923076923076
E00035650,241,63,24,39,178,16,162,26.141078838174277,9.95850622406639,16.182572614107883,73.85892116182573,6.639004149377594,67.21991701244814
E00035651,220,31,17,14,189,24,165,14.09090909090909,7.727272727272727,6.363636363636363,85.9090909090909,10.909090909090908,75
E00035652,308,46,18,28,262,30,232,14.935064935064934,5.844155844155844,9.090909090909092,85.06493506493507,9.740259740259742,75.32467532467533
E00035653,314,53,15,38,261,31,230,16.878980891719745,4.777070063694268,12.101910828025478,83.12101910828027,9.872611464968154,73.24840764331209
E00035654,431,63,28,35,368,36,332,14.617169373549885,6.496519721577726,8.120649651972158,85.38283062645012,8.352668213457076,77.03016241299304
E00035655,315,52,23,29,263,32,231,16.507936507936506,7.301587301587302,9.206349206349207,83.4920634920635,10.158730158730158,73.33333333333333
E00035656,307,73,37,36,234,13,221,23.778501628664493,12.052117263843648,11.726384364820847,76.2214983713355,4.234527687296417,71.9869706840391
E00035657,136,44,21,23,92,4,88,32.35294117647059,15.441176470588236,16.911764705882355,67.64705882352942,2.941176470588235,64.70588235294117
E00035658,237,43,17,26,194,20,174,18.143459915611814,7.172995780590717,10.970464135021098,81.85654008438819,8.438818565400844,73.41772151898735
E00035659,260,32,8,24,228,28,200,12.307692307692308,3.076923076923077,9.230769230769232,87.6923076923077,10.76923076923077,76.92307692307693
E00035660,287,40,14,26,247,29,218,13.937282229965156,4.878048780487805,9.059233449477352,86.06271777003485,10.104529616724738,75.9581881533101
E00035661,304,46,22,24,258,26,232,15.131578947368421,7.236842105263158,7.894736842105263,84.86842105263158,8.552631578947368,76.31578947368422
E00035662,284,46,23,23,238,26,212,16.19718309859155,8.098591549295776,8.098591549295776,83.80281690140845,9.15492957746479,74.64788732394366
E00035663,260,83,30,53,177,18,159,31.92307692307692,11.538461538461538,20.384615384615383,68.07692307692308,6.923076923076923,61.15384615384616
E00035664,295,71,35,36,224,22,202,24.06779661016949,11.864406779661017,12.203389830508476,75.9322033898305,7.457627118644068,68.47457627118644
E00035665,219,39,19,20,180,18,162,17.80821917808219,8.67579908675799,9.1324200913242,82.1917808219178,8.21917808219178,73.97260273972603
E00035666,336,62,31,31,274,21,253,18.452380952380953,9.226190476190476,9.226190476190476,81.54761904761905,6.25,75.29761904761905
E00035667,246,50,22,28,196,17,179,20.32520325203252,8.94308943089431,11.38211382113821,79.67479674796748,6.910569105691057,72.76422764227642
E00035668,311,71,32,39,240,18,222,22.829581993569132,10.289389067524116,12.540192926045016,77.17041800643086,5.787781350482315,71.38263665594855
E00035669,304,45,17,28,259,15,244,14.802631578947366,5.592105263157895,9.210526315789473,85.19736842105263,4.934210526315789,80.26315789473685
E00035670,230,43,21,22,187,11,176,18.695652173913043,9.130434782608695,9.565217391304348,81.30434782608695,4.782608695652174,76.52173913043478
E00035671,342,45,20,25,297,21,276,13.157894736842104,5.847953216374268,7.309941520467836,86.8421052631579,6.140350877192982,80.7017543859649
E00035672,337,62,26,36,275,28,247,18.397626112759642,7.71513353115727,10.682492581602373,81.60237388724035,8.30860534124629,73.29376854599407
E00035673,253,62,29,33,191,12,179,24.50592885375494,11.462450592885375,13.043478260869565,75.49407114624506,4.743083003952568,70.7509881422925
E00035674,380,74,42,32,306,16,290,19.473684210526315,11.052631578947368,8.421052631578947,80.52631578947368,4.2105263157894735,76.31578947368422
E00035675,263,48,25,23,215,16,199,18.250950570342205,9.505703422053232,8.745247148288973,81.74904942965779,6.083650190114068,75.66539923954373
E00035676,302,62,28,34,240,24,216,20.52980132450331,9.271523178807946,11.258278145695364,79.47019867549669,7.9470198675496695,71.52317880794702
E00035677,317,77,43,34,240,19,221,24.290220820189273,13.564668769716087,10.725552050473187,75.70977917981072,5.993690851735016,69.71608832807571
E00035678,250,59,31,28,191,15,176,23.599999999999998,12.4,11.200000000000001,76.4,6,70.39999999999999
E00035679,306,69,34,35,237,21,216,22.54901960784314,11.11111111111111,11.437908496732026,77.45098039215686,6.862745098039216,70.58823529411765
E00035680,262,57,29,28,205,20,185,21.755725190839694,11.068702290076336,10.687022900763358,78.2442748091603,7.633587786259542,70.61068702290076
E00035681,274,55,31,24,219,11,208,20.072992700729927,11.313868613138686,8.75912408759124,79.92700729927007,4.014598540145985,75.91240875912408
E00035682,331,56,30,26,275,22,253,16.91842900302115,9.06344410876133,7.854984894259818,83.08157099697885,6.646525679758309,76.43504531722054
E00035683,291,36,24,12,255,15,240,12.371134020618557,8.24742268041237,4.123711340206185,87.62886597938144,5.154639175257731,82.4742268041237
E00035684,247,58,34,24,189,10,179,23.481781376518217,13.765182186234817,9.7165991902834,76.51821862348179,4.048582995951417,72.46963562753037
E00035685,303,50,23,27,253,24,229,16.5016501650165,7.590759075907591,8.91089108910891,83.4983498349835,7.920792079207921,75.57755775577559
E00035686,297,47,17,30,250,24,226,15.824915824915825,5.723905723905724,10.1010101010101,84.17508417508418,8.080808080808081,76.0942760942761
E00035687,287,47,18,29,240,17,223,16.376306620209057,6.2717770034843205,10.104529616724738,83.62369337979094,5.923344947735192,77.70034843205575
E00035688,306,78,34,44,228,22,206,25.49019607843137,11.11111111111111,14.37908496732026,74.50980392156863,7.18954248366013,67.3202614379085
E00035689,285,56,33,23,229,20,209,19.649122807017545,11.578947368421053,8.070175438596491,80.35087719298247,7.017543859649122,73.33333333333333
E00035690,547,106,58,48,441,29,412,19.378427787934186,10.603290676416819,8.775137111517367,80.62157221206581,5.301645338208409,75.3199268738574
E00035691,397,56,25,31,341,21,320,14.105793450881613,6.297229219143577,7.8085642317380355,85.8942065491184,5.289672544080604,80.60453400503779
E00035692,130,40,24,16,90,6,84,30.76923076923077,18.461538461538463,12.307692307692308,69.23076923076923,4.615384615384616,64.61538461538461
E00035693,281,48,26,22,233,20,213,17.08185053380783,9.252669039145907,7.829181494661921,82.91814946619218,7.11743772241993,75.80071174377224
E00035694,390,84,32,52,306,17,289,21.53846153846154,8.205128205128204,13.333333333333334,78.46153846153847,4.358974358974359,74.1025641025641
E00035696,300,74,39,35,226,18,208,24.666666666666668,13,11.666666666666666,75.33333333333333,6,69.33333333333334
E00035697,461,75,28,47,386,29,357,16.268980477223426,6.073752711496746,10.195227765726681,83.73101952277658,6.29067245119306,77.44034707158352
E00035698,147,42,25,17,105,8,97,28.57142857142857,17.006802721088434,11.564625850340136,71.42857142857143,5.442176870748299,65.98639455782312
E00035699,373,99,60,39,274,22,252,26.541554959785525,16.0857908847185,10.455764075067025,73.45844504021449,5.898123324396782,67.5603217158177
E00035700,260,55,25,30,205,20,185,21.153846153846153,9.615384615384617,11.538461538461538,78.84615384615384,7.6923076923076925,71.15384615384616
E00035701,248,73,41,32,175,14,161,29.435483870967744,16.532258064516128,12.903225806451612,70.56451612903226,5.64516129032258,64.91935483870968
E00035702,305,72,38,34,233,19,214,23.60655737704918,12.459016393442624,11.147540983606557,76.39344262295083,6.229508196721312,70.16393442622952
E00035703,335,49,15,34,286,24,262,14.626865671641792,4.477611940298507,10.149253731343283,85.37313432835822,7.164179104477612,78.2089552238806
E00035704,393,72,22,50,321,39,282,18.3206106870229,5.597964376590331,12.72264631043257,81.67938931297711,9.923664122137405,71.7557251908397
E00035705,359,41,18,23,318,21,297,11.420612813370473,5.013927576601671,6.406685236768802,88.57938718662952,5.8495821727019495,82.72980501392759
E00035706,307,53,14,39,254,26,228,17.263843648208468,4.5602605863192185,12.703583061889251,82.73615635179154,8.469055374592834,74.2671009771987
E00035707,376,89,49,40,287,37,250,23.670212765957448,13.031914893617023,10.638297872340425,76.32978723404256,9.840425531914894,66.48936170212765
E00035708,302,94,55,39,208,7,201,31.125827814569533,18.211920529801322,12.91390728476821,68.87417218543047,2.3178807947019866,66.55629139072848
E00035709,371,90,49,41,281,27,254,24.258760107816713,13.20754716981132,11.05121293800539,75.74123989218329,7.277628032345014,68.46361185983828
E00035710,269,75,38,37,194,16,178,27.881040892193308,14.12639405204461,13.754646840148698,72.11895910780669,5.947955390334572,66.17100371747212
E00035711,504,106,59,47,398,34,364,21.03174603174603,11.706349206349206,9.325396825396826,78.96825396825396,6.746031746031746,72.22222222222221
E00035712,411,106,56,50,305,40,265,25.790754257907544,13.62530413625304,12.165450121654501,74.20924574209245,9.732360097323602,64.47688564476886
E00035713,210,81,44,37,129,7,122,38.57142857142858,20.952380952380953,17.61904761904762,61.42857142857143,3.3333333333333335,58.0952380952381
E00035714,385,93,46,47,292,22,270,24.155844155844157,11.948051948051948,12.207792207792208,75.84415584415585,5.714285714285714,70.12987012987013
E00035716,247,65,39,26,182,19,163,26.31578947368421,15.789473684210526,10.526315789473683,73.68421052631578,7.6923076923076925,65.9919028340081
E00035717,349,74,31,43,275,24,251,21.20343839541547,8.882521489971348,12.320916905444127,78.79656160458453,6.876790830945559,71.91977077363897
E00035718,614,112,49,63,502,38,464,18.241042345276874,7.980456026058631,10.260586319218241,81.75895765472313,6.188925081433225,75.57003257328991
E00035719,307,92,61,31,215,22,193,29.967426710097723,19.86970684039088,10.097719869706841,70.03257328990227,7.166123778501629,62.866449511400646
E00035720,388,86,41,45,302,17,285,22.164948453608247,10.56701030927835,11.597938144329897,77.83505154639175,4.381443298969072,73.4536082474227
E00035721,285,60,34,26,225,17,208,21.052631578947366,11.929824561403509,9.12280701754386,78.94736842105263,5.964912280701754,72.98245614035088
E00035722,333,56,26,30,277,17,260,16.816816816816818,7.807807807807808,9.00900900900901,83.18318318318319,5.105105105105105,78.07807807807808
E00035724,327,55,26,29,272,21,251,16.819571865443425,7.951070336391437,8.868501529051988,83.18042813455658,6.422018348623854,76.75840978593273
E00035725,294,84,42,42,210,9,201,28.57142857142857,14.285714285714285,14.285714285714285,71.42857142857143,3.061224489795918,68.36734693877551
E00035726,293,92,61,31,201,12,189,31.399317406143346,20.819112627986346,10.580204778156997,68.60068259385666,4.09556313993174,64.50511945392492
E00035728,212,78,44,34,134,9,125,36.79245283018868,20.754716981132077,16.037735849056602,63.20754716981132,4.245283018867925,58.9622641509434
E00035729,326,94,59,35,232,18,214,28.834355828220858,18.098159509202453,10.736196319018406,71.16564417177914,5.521472392638037,65.6441717791411
E00035730,315,74,43,31,241,22,219,23.49206349206349,13.65079365079365,9.841269841269842,76.5079365079365,6.984126984126984,69.52380952380952
E00035731,277,90,52,38,187,13,174,32.49097472924188,18.772563176895307,13.718411552346572,67.50902527075813,4.693140794223827,62.8158844765343
E00035732,317,72,34,38,245,16,229,22.71293375394322,10.725552050473187,11.987381703470032,77.28706624605678,5.047318611987381,72.2397476340694
E00035733,306,88,44,44,218,14,204,28.75816993464052,14.37908496732026,14.37908496732026,71.24183006535948,4.57516339869281,66.66666666666666
E00035734,324,62,34,28,262,18,244,19.1358024691358,10.493827160493826,8.641975308641975,80.8641975308642,5.555555555555555,75.30864197530865
E00035735,312,68,40,28,244,14,230,21.794871794871796,12.82051282051282,8.974358974358974,78.2051282051282,4.487179487179487,73.71794871794873
E00035736,435,101,50,51,334,29,305,23.218390804597703,11.494252873563218,11.724137931034482,76.7816091954023,6.666666666666667,70.11494252873564
E00035737,258,69,32,37,189,17,172,26.744186046511626,12.4031007751938,14.34108527131783,73.25581395348837,6.5891472868217065,66.66666666666666
E00035738,321,72,28,44,249,19,230,22.429906542056074,8.722741433021806,13.707165109034266,77.57009345794393,5.919003115264798,71.65109034267913
E00035739,246,45,24,21,201,19,182,18.29268292682927,9.75609756097561,8.536585365853659,81.70731707317073,7.723577235772358,73.98373983739837
E00035740,244,59,22,37,185,22,163,24.18032786885246,9.01639344262295,15.163934426229508,75.81967213114754,9.01639344262295,66.80327868852459
E00035741,233,58,25,33,175,15,160,24.892703862660944,10.72961373390558,14.163090128755366,75.10729613733905,6.437768240343347,68.6695278969957
E00035742,428,77,31,46,351,21,330,17.990654205607477,7.242990654205607,10.74766355140187,82.00934579439252,4.906542056074766,77.10280373831776
E00035743,313,69,31,38,244,25,219,22.044728434504794,9.904153354632587,12.140575079872203,77.95527156549521,7.987220447284344,69.96805111821087
E00035744,401,97,56,41,304,31,273,24.189526184538654,13.96508728179551,10.224438902743142,75.81047381546135,7.73067331670823,68.07980049875312
E00035745,347,55,26,29,292,29,263,15.85014409221902,7.492795389048991,8.357348703170029,84.14985590778097,8.357348703170029,75.79250720461094
E00035746,299,77,42,35,222,24,198,25.75250836120401,14.046822742474916,11.705685618729097,74.24749163879598,8.02675585284281,66.22073578595318
E00035747,424,66,34,32,358,25,333,15.566037735849056,8.018867924528301,7.547169811320755,84.43396226415094,5.89622641509434,78.5377358490566
E00035748,260,50,24,26,210,21,189,19.230769230769234,9.230769230769232,10,80.76923076923077,8.076923076923077,72.6923076923077
E00035749,310,59,21,38,251,30,221,19.032258064516128,6.774193548387098,12.258064516129032,80.96774193548387,9.67741935483871,71.29032258064515
E00035750,315,50,15,35,265,32,233,15.873015873015872,4.761904761904762,11.11111111111111,84.12698412698413,10.158730158730158,73.96825396825398
E00035751,307,52,25,27,255,30,225,16.938110749185668,8.143322475570033,8.794788273615636,83.06188925081433,9.77198697068404,73.28990228013029
E00035752,313,55,24,31,258,26,232,17.57188498402556,7.667731629392971,9.904153354632587,82.42811501597444,8.30670926517572,74.12140575079871
E00035753,360,62,23,39,298,27,271,17.22222222222222,6.388888888888888,10.833333333333334,82.77777777777777,7.5,75.27777777777777
E00035754,269,39,14,25,230,17,213,14.49814126394052,5.204460966542751,9.293680297397769,85.50185873605948,6.319702602230483,79.182156133829
E00035755,297,60,23,37,237,16,221,20.2020202020202,7.744107744107744,12.457912457912458,79.7979797979798,5.387205387205387,74.41077441077442
E00035756,372,65,23,42,307,36,271,17.473118279569892,6.182795698924731,11.29032258064516,82.52688172043011,9.67741935483871,72.84946236559139
E00035757,278,31,7,24,247,13,234,11.151079136690647,2.5179856115107913,8.633093525179856,88.84892086330936,4.676258992805756,84.17266187050359
E00035758,269,65,24,41,204,23,181,24.1635687732342,8.921933085501859,15.241635687732341,75.8364312267658,8.550185873605948,67.28624535315984
E00035759,274,48,18,30,226,23,203,17.51824817518248,6.569343065693431,10.948905109489052,82.48175182481752,8.394160583941606,74.08759124087592
E00035760,349,78,28,50,271,17,254,22.349570200573066,8.022922636103152,14.326647564469914,77.65042979942693,4.871060171919771,72.77936962750717
E00035761,356,89,67,22,267,27,240,25,18.820224719101123,6.179775280898876,75,7.584269662921349,67.41573033707866
E00035762,309,70,28,42,239,15,224,22.653721682847898,9.06148867313916,13.592233009708737,77.34627831715211,4.854368932038835,72.49190938511327
E00035763,304,45,19,26,259,24,235,14.802631578947366,6.25,8.552631578947368,85.19736842105263,7.894736842105263,77.30263157894737
E00035764,364,64,31,33,300,31,269,17.582417582417584,8.516483516483516,9.065934065934066,82.41758241758241,8.516483516483516,73.9010989010989
E00035765,268,50,22,28,218,17,201,18.65671641791045,8.208955223880597,10.44776119402985,81.34328358208955,6.343283582089552,75
E00035766,279,77,39,38,202,20,182,27.598566308243726,13.978494623655912,13.620071684587815,72.40143369175627,7.168458781362006,65.23297491039428
E00035767,259,64,34,30,195,13,182,24.71042471042471,13.127413127413126,11.583011583011583,75.2895752895753,5.019305019305019,70.27027027027027
E00035768,258,107,67,40,151,6,145,41.47286821705426,25.968992248062015,15.503875968992247,58.52713178294574,2.3255813953488373,56.201550387596896
E00035769,296,53,20,33,243,27,216,17.905405405405407,6.756756756756757,11.14864864864865,82.0945945945946,9.121621621621621,72.97297297297297
E00035770,289,57,28,29,232,25,207,19.72318339100346,9.688581314878892,10.034602076124568,80.27681660899654,8.650519031141869,71.62629757785467
E00035771,310,67,26,41,243,16,227,21.612903225806452,8.38709677419355,13.225806451612904,78.38709677419354,5.161290322580645,73.22580645161291
E00035772,321,67,23,44,254,20,234,20.87227414330218,7.165109034267912,13.707165109034266,79.12772585669782,6.230529595015576,72.89719626168224
E00035773,306,75,35,40,231,18,213,24.509803921568626,11.437908496732026,13.071895424836603,75.49019607843137,5.88235294117647,69.6078431372549
E00035774,348,57,19,38,291,19,272,16.379310344827587,5.459770114942529,10.919540229885058,83.62068965517241,5.459770114942529,78.16091954022988
E00035775,301,53,17,36,248,21,227,17.60797342192691,5.647840531561462,11.960132890365449,82.39202657807309,6.976744186046512,75.41528239202658
E00035776,344,78,37,41,266,25,241,22.674418604651162,10.755813953488373,11.918604651162791,77.32558139534885,7.267441860465117,70.05813953488372
E00035777,311,52,22,30,259,21,238,16.720257234726688,7.07395498392283,9.646302250803858,83.27974276527331,6.752411575562702,76.52733118971061
E00035778,328,51,24,27,277,31,246,15.548780487804878,7.317073170731707,8.231707317073171,84.45121951219512,9.451219512195122,75
E00035779,334,62,22,40,272,27,245,18.562874251497004,6.58682634730539,11.976047904191617,81.437125748502993,8.08383233532934,73.35329341317365
E00035780,336,60,24,36,276,24,252,17.857142857142858,7.142857142857142,10.714285714285714,82.14285714285714,7.142857142857142,75
E00035781,348,57,26,31,291,29,262,16.379310344827587,7.471264367816093,8.908045977011495,83.62068965517241,8.333333333333332,75.28735632183908
E00035782,363,73,27,46,290,34,256,20.110192837465565,7.43801652892562,12.672176308539946,79.88980716253444,9.366391184573002,70.52341597796143
E00035783,343,48,19,29,295,22,273,13.994169096209912,5.539358600583091,8.454810495626822,86.0058309037901,6.41399416909621,79.59183673469387
E00035784,272,103,59,44,169,19,150,37.86764705882353,21.691176470588236,16.176470588235293,62.13235294117647,6.985294117647059,55.14705882352941
E00035785,341,81,38,43,260,25,235,23.75366568914956,11.143695014662756,12.609970674486803,76.24633431085044,7.331378299120235,68.91495601173021
E00035786,454,112,39,73,342,35,307,24.669603524229075,8.590308370044053,16.079295154185022,75.33039647577093,7.709251101321586,67.62114537444934
E00035787,512,163,94,69,349,38,311,31.8359375,18.359375,13.4765625,68.1640625,7.421875,60.7421875
E00035788,274,55,31,24,219,22,197,20.072992700729927,11.313868613138686,8.75912408759124,79.92700729927007,8.02919708029197,71.8978102189781
E00035789,308,49,20,29,259,23,236,15.909090909090908,6.493506493506493,9.415584415584416,84.0909090909091,7.467532467532467,76.62337662337663
E00035790,287,52,24,28,235,16,219,18.118466898954704,8.362369337979095,9.75609756097561,81.8815331010453,5.574912891986063,76.30662020905923
E00035791,281,58,27,31,223,18,205,20.640569395017792,9.608540925266903,11.032028469750891,79.35943060498221,6.405693950177936,72.95373665480427
E00035792,260,45,18,27,215,17,198,17.307692307692307,6.923076923076923,10.384615384615385,82.6923076923077,6.538461538461539,76.15384615384615
E00035793,291,32,10,22,259,24,235,10.996563573883162,3.436426116838488,7.560137457044673,89.00343642611683,8.24742268041237,80.75601374570446
E00035794,302,49,24,25,253,15,238,16.225165562913908,7.9470198675496695,8.27814569536424,83.77483443708608,4.966887417218543,78.80794701986756
E00035795,235,56,34,22,179,17,162,23.829787234042556,14.468085106382977,9.361702127659575,76.17021276595744,7.234042553191489,68.93617021276596
E00035796,287,48,19,29,239,24,215,16.72473867595819,6.620209059233449,10.104529616724738,83.27526132404182,8.362369337979095,74.91289198606272
E00035797,324,47,21,26,277,15,262,14.506172839506174,6.481481481481481,8.024691358024691,85.49382716049382,4.62962962962963,80.8641975308642
E00035798,249,49,22,27,200,18,182,19.67871485943775,8.835341365461847,10.843373493975903,80.32128514056225,7.228915662650602,73.09236947791165
E00035799,281,44,16,28,237,25,212,15.658362989323843,5.6939501779359425,9.9644128113879,84.34163701067615,8.896797153024911,75.44483985765125
E00035800,263,75,41,34,188,14,174,28.517110266159694,15.5893536121673,12.927756653992395,71.48288973384031,5.323193916349809,66.15969581749049
E00035801,342,65,32,33,277,27,250,19.005847953216374,9.35672514619883,9.649122807017543,80.99415204678363,7.894736842105263,73.09941520467837
E00035802,263,38,12,26,225,24,201,14.44866920152091,4.562737642585551,9.885931558935361,85.55133079847909,9.125475285171103,76.42585551330798
E00035803,336,67,34,33,269,21,248,19.940476190476193,10.119047619047619,9.821428571428571,80.05952380952381,6.25,73.80952380952381
E00035804,228,36,15,21,192,22,170,15.789473684210526,6.578947368421052,9.210526315789473,84.21052631578947,9.649122807017543,74.56140350877193
E00035805,306,46,16,30,260,13,247,15.032679738562091,5.228758169934641,9.803921568627452,84.9673202614379,4.248366013071895,80.71895424836602
E00035806,309,83,62,21,226,24,202,26.860841423948216,20.06472491909385,6.796116504854369,73.13915857605178,7.766990291262135,65.37216828478964
E00035807,264,50,22,28,214,19,195,18.939393939393938,8.333333333333332,10.606060606060606,81.06060606060606,7.196969696969697,73.86363636363636
E00035808,304,27,6,21,277,24,253,8.881578947368421,1.9736842105263157,6.907894736842106,91.11842105263158,7.894736842105263,83.22368421052632
E00035809,297,76,42,34,221,21,200,25.589225589225588,14.14141414141414,11.447811447811448,74.41077441077442,7.07070707070707,67.34006734006735
E00035810,285,54,23,31,231,9,222,18.947368421052634,8.070175438596491,10.87719298245614,81.05263157894737,3.1578947368421053,77.89473684210526
E00035811,298,44,17,27,254,19,235,14.76510067114094,5.704697986577181,9.060402684563758,85.23489932885906,6.375838926174497,78.85906040268456
E00035812,301,44,15,29,257,28,229,14.61794019933555,4.983388704318937,9.634551495016613,85.38205980066445,9.30232558139535,76.0797342192691
E00035813,363,60,30,30,303,22,281,16.528925619834713,8.264462809917356,8.264462809917356,83.47107438016529,6.0606060606060606,77.41046831955923
E00035814,285,50,18,32,235,16,219,17.543859649122805,6.315789473684211,11.228070175438596,82.45614035087719,5.614035087719298,76.84210526315789
E00035815,273,51,20,31,222,22,200,18.681318681318682,7.326007326007327,11.355311355311356,81.31868131868131,8.058608058608058,73.26007326007326
E00035816,316,51,20,31,265,31,234,16.139240506329113,6.329113924050633,9.81012658227848,83.86075949367088,9.81012658227848,74.0506329113924
E00035817,522,117,71,46,405,34,371,22.413793103448278,13.601532567049809,8.812260536398467,77.58620689655173,6.513409961685824,71.0727969348659
E00035818,320,53,21,32,267,22,245,16.5625,6.5625,10,83.4375,6.875000000000001,76.5625
E00035819,248,72,31,41,176,18,158,29.03225806451613,12.5,16.532258064516128,70.96774193548387,7.258064516129033,63.70967741935484
E00035820,294,53,27,26,241,22,219,18.027210884353742,9.183673469387756,8.843537414965986,81.97278911564626,7.482993197278912,74.48979591836735
E00035821,256,67,34,33,189,12,177,26.171875,13.28125,12.890625,73.828125,4.6875,69.140625
E00035822,351,54,28,26,297,27,270,15.384615384615385,7.977207977207977,7.4074074074074066,84.61538461538461,7.6923076923076925,76.92307692307693
E00035823,293,47,23,24,246,22,224,16.040955631399317,7.849829351535837,8.19112627986348,83.95904436860067,7.508532423208192,76.45051194539249
E00035824,305,35,12,23,270,21,249,11.475409836065573,3.934426229508197,7.540983606557377,88.52459016393442,6.885245901639345,81.63934426229508
E00035825,322,29,7,22,293,29,264,9.006211180124224,2.1739130434782608,6.832298136645963,90.99378881987577,9.006211180124224,81.98757763975155
E00035826,336,54,29,25,282,27,255,16.071428571428573,8.630952380952381,7.440476190476191,83.92857142857143,8.035714285714286,75.89285714285714
E00035827,306,45,18,27,261,22,239,14.705882352941178,5.88235294117647,8.823529411764707,85.29411764705883,7.18954248366013,78.10457516339869
E00035828,298,54,21,33,244,26,218,18.120805369127517,7.046979865771812,11.073825503355705,81.87919463087249,8.724832214765101,73.15436241610739
E00035829,294,53,31,22,241,24,217,18.027210884353742,10.54421768707483,7.482993197278912,81.97278911564626,8.16326530612245,73.80952380952381
E00035830,230,80,45,35,150,10,140,34.78260869565217,19.565217391304348,15.217391304347828,65.21739130434783,4.3478260869565215,60.86956521739131
E00035831,309,57,35,22,252,22,230,18.446601941747574,11.326860841423949,7.119741100323624,81.55339805825243,7.119741100323624,74.4336569579288
E00035832,278,57,30,27,221,17,204,20.503597122302157,10.79136690647482,9.712230215827338,79.49640287769785,6.115107913669065,73.38129496402878
E00035833,303,57,28,29,246,25,221,18.81188118811881,9.24092409240924,9.570957095709572,81.1881188118812,8.25082508250825,72.93729372937293
E00035834,285,57,17,40,228,21,207,20,5.964912280701754,14.035087719298245,80,7.368421052631578,72.63157894736842
E00035835,240,32,17,15,208,16,192,13.333333333333334,7.083333333333333,6.25,86.66666666666667,6.666666666666667,80
E00035836,280,38,10,28,242,20,222,13.571428571428571,3.571428571428571,10,86.42857142857143,7.142857142857142,79.28571428571428
E00035837,338,58,25,33,280,14,266,17.159763313609467,7.396449704142012,9.763313609467456,82.84023668639054,4.142011834319527,78.69822485207101
E00035838,261,53,22,31,208,27,181,20.306513409961685,8.42911877394636,11.877394636015326,79.6934865900383,10.344827586206897,69.34865900383141
E00035839,277,42,20,22,235,20,215,15.162454873646208,7.2202166064981945,7.9422382671480145,84.83754512635379,7.2202166064981945,77.6173285198556
E00035840,199,39,21,18,160,19,141,19.597989949748744,10.552763819095476,9.045226130653267,80.40201005025126,9.547738693467336,70.85427135678391
E00035841,267,52,18,34,215,17,198,19.475655430711612,6.741573033707865,12.734082397003746,80.52434456928839,6.367041198501873,74.15730337078652
E00035842,342,58,18,40,284,26,258,16.95906432748538,5.263157894736842,11.695906432748536,83.04093567251462,7.602339181286549,75.43859649122807
E00035843,238,42,17,25,196,18,178,17.647058823529413,7.142857142857142,10.504201680672269,82.35294117647058,7.563025210084033,74.78991596638656
E00035844,262,56,21,35,206,15,191,21.374045801526716,8.015267175572518,13.358778625954198,78.62595419847328,5.7251908396946565,72.90076335877863
E00035845,292,54,19,35,238,23,215,18.493150684931507,6.506849315068493,11.986301369863012,81.5068493150685,7.876712328767123,73.63013698630137
E00035846,253,55,28,27,198,22,176,21.73913043478261,11.067193675889328,10.67193675889328,78.26086956521739,8.695652173913043,69.56521739130434
E00035847,243,46,22,24,197,16,181,18.930041152263374,9.053497942386832,9.876543209876543,81.06995884773663,6.584362139917696,74.48559670781893
E00035848,293,46,25,21,247,17,230,15.699658703071673,8.532423208191126,7.167235494880546,84.30034129692832,5.802047781569966,78.49829351535837
E00035849,250,41,15,26,209,18,191,16.400000000000002,6,10.4,83.6,7.199999999999999,76.4
E00035850,355,53,21,32,302,22,280,14.929577464788732,5.915492957746479,9.014084507042254,85.07042253521126,6.197183098591549,78.87323943661971
E00035851,261,55,17,38,206,25,181,21.0727969348659,6.513409961685824,14.559386973180077,78.9272030651341,9.578544061302683,69.34865900383141
E00035852,257,44,10,34,213,28,185,17.120622568093385,3.8910505836575875,13.229571984435799,82.87937743190662,10.894941634241246,71.98443579766537
E00035853,240,55,23,32,185,16,169,22.916666666666664,9.583333333333334,13.333333333333334,77.08333333333334,6.666666666666667,70.41666666666667
E00035854,275,33,15,18,242,14,228,12,5.454545454545454,6.545454545454546,88,5.090909090909091,82.9090909090909
E00035855,314,71,21,50,243,21,222,22.611464968152866,6.687898089171974,15.92356687898089,77.38853503184714,6.687898089171974,70.70063694267516
E00035856,304,46,22,24,258,17,241,15.131578947368421,7.236842105263158,7.894736842105263,84.86842105263158,5.592105263157895,79.27631578947368
E00035857,268,52,27,25,216,16,200,19.402985074626866,10.074626865671641,9.328358208955224,80.59701492537313,5.970149253731343,74.6268656716418
E00035858,285,83,55,28,202,19,183,29.122807017543863,19.298245614035086,9.824561403508772,70.87719298245614,6.666666666666667,64.21052631578948
E00035859,365,45,14,31,320,40,280,12.32876712328767,3.8356164383561646,8.493150684931507,87.67123287671232,10.95890410958904,76.71232876712328
E00035860,280,42,17,25,238,34,204,15,6.071428571428571,8.928571428571429,85,12.142857142857142,72.85714285714285
E00035861,290,60,26,34,230,19,211,20.689655172413794,8.96551724137931,11.724137931034482,79.3103448275862,6.551724137931035,72.75862068965517
E00035862,289,32,8,24,257,22,235,11.072664359861593,2.768166089965398,8.304498269896193,88.92733564013841,7.612456747404845,81.31487889273356
E00035863,329,80,47,33,249,20,229,24.316109422492403,14.285714285714285,10.030395136778116,75.6838905775076,6.079027355623101,69.6048632218845
E00035864,323,62,26,36,261,25,236,19.195046439628484,8.04953560371517,11.145510835913312,80.80495356037152,7.739938080495357,73.06501547987617
E00035865,193,66,31,35,127,10,117,34.196891191709845,16.06217616580311,18.134715025906736,65.80310880829016,5.181347150259067,60.62176165803109
E00035866,307,63,32,31,244,19,225,20.521172638436482,10.423452768729643,10.097719869706841,79.47882736156352,6.188925081433225,73.28990228013029
E00035867,322,46,14,32,276,26,250,14.285714285714285,4.3478260869565215,9.937888198757763,85.71428571428571,8.074534161490684,77.63975155279503
E00035868,345,62,18,44,283,24,259,17.971014492753625,5.217391304347826,12.753623188405797,82.02898550724638,6.956521739130435,75.07246376811594
E00035869,316,71,48,23,245,30,215,22.468354430379748,15.18987341772152,7.2784810126582276,77.53164556962025,9.49367088607595,68.0379746835443
E00035870,266,40,16,24,226,35,191,15.037593984962406,6.015037593984962,9.022556390977442,84.9624060150376,13.157894736842104,71.80451127819549
E00035871,259,65,35,30,194,18,176,25.096525096525095,13.513513513513514,11.583011583011583,74.9034749034749,6.94980694980695,67.95366795366795
E00035872,406,103,48,55,303,33,270,25.36945812807882,11.822660098522167,13.546798029556651,74.63054187192118,8.12807881773399,66.50246305418719
E00035873,296,52,19,33,244,20,224,17.56756756756757,6.418918918918918,11.14864864864865,82.43243243243244,6.756756756756757,75.67567567567568
E00035874,319,40,15,25,279,17,262,12.539184952978054,4.702194357366771,7.836990595611286,87.46081504702194,5.329153605015674,82.13166144200626
E00035875,251,57,25,32,194,20,174,22.709163346613543,9.9601593625498,12.749003984063744,77.29083665338645,7.968127490039841,69.32270916334662
E00035876,258,55,24,31,203,8,195,21.31782945736434,9.30232558139535,12.015503875968992,78.68217054263566,3.10077519379845,75.5813953488372
E00035877,203,50,27,23,153,12,141,24.63054187192118,13.30049261083744,11.330049261083744,75.36945812807882,5.911330049261084,69.45812807881774
E00035878,313,47,17,30,266,17,249,15.015974440894569,5.431309904153355,9.584664536741213,84.98402555910543,5.431309904153355,79.55271565495208
E00035879,459,51,16,35,408,28,380,11.11111111111111,3.485838779956427,7.625272331154684,88.88888888888889,6.1002178649237475,82.78867102396515
E00035880,272,42,20,22,230,22,208,15.441176470588236,7.352941176470589,8.088235294117647,84.55882352941177,8.088235294117647,76.47058823529412
E00035881,333,78,28,50,255,24,231,23.423423423423422,8.408408408408409,15.015015015015015,76.57657657657657,7.207207207207207,69.36936936936937
E00035882,276,72,29,43,204,18,186,26.08695652173913,10.507246376811594,15.579710144927535,73.91304347826086,6.521739130434782,67.3913043478261
E00035883,212,50,27,23,162,14,148,23.58490566037736,12.735849056603774,10.849056603773585,76.41509433962264,6.60377358490566,69.81132075471697
E00035884,305,104,57,47,201,5,196,34.0983606557377,18.688524590163937,15.40983606557377,65.90163934426229,1.639344262295082,64.26229508196721
E00035885,299,79,47,32,220,14,206,26.421404682274247,15.719063545150503,10.702341137123746,73.57859531772574,4.682274247491638,68.89632107023411
E00035886,344,110,70,40,234,22,212,31.976744186046513,20.348837209302324,11.627906976744185,68.02325581395348,6.395348837209303,61.627906976744185
E00035887,271,72,40,32,199,17,182,26.56826568265683,14.760147601476014,11.808118081180812,73.43173431734317,6.273062730627306,67.15867158671587
E00035888,244,75,40,35,169,14,155,30.737704918032787,16.39344262295082,14.344262295081966,69.26229508196722,5.737704918032787,63.52459016393443
E00035889,258,58,26,32,200,15,185,22.48062015503876,10.077519379844961,12.4031007751938,77.51937984496125,5.813953488372093,71.70542635658916
E00035890,278,72,36,36,206,18,188,25.899280575539567,12.949640287769784,12.949640287769784,74.10071942446042,6.474820143884892,67.62589928057554
E00035891,336,92,54,38,244,27,217,27.380952380952383,16.071428571428573,11.30952380952381,72.61904761904762,8.035714285714286,64.58333333333334
E00035892,253,104,56,48,149,14,135,41.10671936758894,22.134387351778656,18.972332015810274,58.89328063241107,5.533596837944664,53.359683794466406
E00035893,290,72,45,27,218,21,197,24.82758620689655,15.517241379310345,9.310344827586208,75.17241379310344,7.241379310344828,67.93103448275862
E00035894,275,66,39,27,209,15,194,24,14.181818181818182,9.818181818181818,76,5.454545454545454,70.54545454545455
E00035895,239,74,37,37,165,10,155,30.962343096234306,15.481171548117153,15.481171548117153,69.0376569037657,4.184100418410042,64.85355648535564
E00035896,324,88,50,38,236,10,226,27.160493827160494,15.432098765432098,11.728395061728394,72.8395061728395,3.0864197530864197,69.75308641975309
E00035897,435,97,50,47,338,19,319,22.298850574712645,11.494252873563218,10.804597701149426,77.70114942528735,4.3678160919540225,73.33333333333333
E00035898,283,73,43,30,210,15,195,25.795053003533567,15.19434628975265,10.60070671378092,74.20494699646643,5.30035335689046,68.90459363957598
E00035899,308,60,31,29,248,17,231,19.480519480519483,10.064935064935066,9.415584415584416,80.51948051948052,5.51948051948052,75
E00035900,171,55,31,24,116,11,105,32.16374269005848,18.128654970760234,14.035087719298245,67.83625730994152,6.432748538011696,61.40350877192983
E00035901,226,52,22,30,174,14,160,23.008849557522122,9.734513274336283,13.274336283185843,76.99115044247787,6.1946902654867255,70.79646017699115
E00035903,177,53,23,30,124,13,111,29.943502824858758,12.994350282485875,16.94915254237288,70.05649717514125,7.344632768361582,62.71186440677966
E00035904,320,86,52,34,234,18,216,26.875,16.25,10.625,73.125,5.625,67.5
E00035905,246,39,13,26,207,17,190,15.853658536585366,5.284552845528456,10.569105691056912,84.14634146341463,6.910569105691057,77.23577235772358
E00035907,317,71,33,38,246,21,225,22.397476340694006,10.410094637223976,11.987381703470032,77.60252365930599,6.624605678233439,70.97791798107255
E00035908,225,34,17,17,191,17,174,15.11111111111111,7.555555555555555,7.555555555555555,84.88888888888889,7.555555555555555,77.33333333333333
E00035909,285,91,63,28,194,18,176,31.929824561403507,22.105263157894736,9.824561403508772,68.0701754385965,6.315789473684211,61.75438596491228
E00035910,223,68,37,31,155,14,141,30.493273542600896,16.591928251121075,13.901345291479823,69.50672645739911,6.278026905829597,63.22869955156951
E00035911,277,38,14,24,239,15,224,13.718411552346572,5.054151624548736,8.664259927797833,86.28158844765343,5.415162454873646,80.86642599277978
E00035912,256,46,21,25,210,18,192,17.96875,8.203125,9.765625,82.03125,7.03125,75
E00035913,257,65,25,40,192,16,176,25.291828793774318,9.72762645914397,15.56420233463035,74.70817120622569,6.22568093385214,68.48249027237354
E00035914,294,78,37,41,216,14,202,26.53061224489796,12.585034013605442,13.945578231292515,73.46938775510205,4.761904761904762,68.70748299319727
E00035915,284,69,34,35,215,12,203,24.295774647887324,11.971830985915492,12.323943661971832,75.70422535211267,4.225352112676056,71.47887323943662
E00035916,248,53,30,23,195,18,177,21.370967741935484,12.096774193548388,9.274193548387096,78.62903225806451,7.258064516129033,71.37096774193549
E00035917,274,67,29,38,207,16,191,24.45255474452555,10.583941605839415,13.86861313868613,75.54744525547446,5.839416058394161,69.7080291970803
E00035918,277,91,54,37,186,9,177,32.851985559566785,19.494584837545126,13.357400722021662,67.14801444043322,3.2490974729241873,63.898916967509024
E00035919,280,60,30,30,220,9,211,21.428571428571427,10.714285714285714,10.714285714285714,78.57142857142857,3.214285714285714,75.35714285714286
E00035920,243,68,32,36,175,9,166,27.983539094650205,13.168724279835391,14.814814814814813,72.0164609053498,3.7037037037037033,68.3127572016461
E00035921,298,75,38,37,223,10,213,25.16778523489933,12.751677852348994,12.416107382550337,74.83221476510067,3.3557046979865772,71.47651006711409
E00035922,135,60,44,16,75,9,66,44.44444444444444,32.592592592592595,11.851851851851853,55.55555555555556,6.666666666666667,48.888888888888886
E00035923,345,156,122,34,189,8,181,45.21739130434783,35.36231884057971,9.855072463768117,54.78260869565217,2.318840579710145,52.46376811594203
E00035924,232,84,48,36,148,9,139,36.206896551724135,20.689655172413794,15.517241379310345,63.793103448275865,3.8793103448275863,59.91379310344828
E00035925,261,105,63,42,156,16,140,40.229885057471265,24.137931034482758,16.091954022988507,59.77011494252874,6.130268199233716,53.63984674329502
E00035926,259,89,38,51,170,17,153,34.36293436293436,14.671814671814673,19.69111969111969,65.63706563706563,6.563706563706563,59.07335907335908
E00035927,217,60,35,25,157,16,141,27.64976958525346,16.129032258064516,11.52073732718894,72.35023041474655,7.373271889400922,64.97695852534562
E00035928,326,53,29,24,273,24,249,16.257668711656443,8.895705521472392,7.361963190184049,83.74233128834356,7.361963190184049,76.38036809815951
E00035929,268,40,22,18,228,23,205,14.925373134328357,8.208955223880597,6.7164179104477615,85.07462686567165,8.582089552238806,76.49253731343283
E00035930,276,38,17,21,238,19,219,13.768115942028986,6.159420289855073,7.608695652173914,86.23188405797102,6.884057971014493,79.34782608695652
E00035931,295,56,24,32,239,26,213,18.983050847457626,8.135593220338983,10.847457627118644,81.01694915254237,8.813559322033898,72.20338983050848
E00035932,231,45,23,22,186,17,169,19.480519480519483,9.956709956709958,9.523809523809524,80.51948051948052,7.35930735930736,73.16017316017316
E00035933,309,58,25,33,251,23,228,18.77022653721683,8.090614886731391,10.679611650485436,81.22977346278317,7.443365695792881,73.7864077669903
E00035934,236,47,22,25,189,13,176,19.915254237288135,9.322033898305085,10.59322033898305,80.08474576271186,5.508474576271186,74.57627118644068
E00035935,256,41,21,20,215,23,192,16.015625,8.203125,7.8125,83.984375,8.984375,75
E00035936,288,46,18,28,242,24,218,15.972222222222221,6.25,9.722222222222223,84.02777777777779,8.333333333333332,75.69444444444444
E00035937,299,46,25,21,253,16,237,15.384615384615385,8.361204013377927,7.023411371237458,84.61538461538461,5.351170568561873,79.26421404682274
E00035938,274,48,23,25,226,26,200,17.51824817518248,8.394160583941606,9.124087591240876,82.48175182481752,9.48905109489051,72.99270072992701
E00035939,272,48,27,21,224,20,204,17.647058823529413,9.926470588235293,7.720588235294118,82.35294117647058,7.352941176470589,75
E00035940,310,50,22,28,260,21,239,16.129032258064516,7.096774193548387,9.032258064516128,83.87096774193549,6.774193548387098,77.09677419354838
E00035941,303,47,24,23,256,32,224,15.51155115511551,7.920792079207921,7.590759075907591,84.48844884488449,10.561056105610561,73.92739273927393
E00035942,180,69,32,37,111,10,101,38.333333333333336,17.77777777777778,20.555555555555554,61.66666666666667,5.555555555555555,56.111111111111114
E00035943,340,71,25,46,269,26,243,20.88235294117647,7.352941176470589,13.529411764705882,79.11764705882352,7.647058823529412,71.47058823529412
E00035944,557,91,30,61,466,42,424,16.337522441651707,5.385996409335727,10.951526032315979,83.66247755834829,7.5403949730700175,76.12208258527828
E00035946,266,51,23,28,215,17,198,19.172932330827066,8.646616541353383,10.526315789473683,80.82706766917293,6.390977443609022,74.43609022556392
E00035947,247,45,19,26,202,21,181,18.218623481781375,7.6923076923076925,10.526315789473683,81.78137651821862,8.502024291497975,73.27935222672065
E00035948,283,38,17,21,245,22,223,13.427561837455832,6.007067137809187,7.420494699646643,86.57243816254417,7.773851590106007,78.79858657243817
E00035949,265,51,21,30,214,14,200,19.245283018867926,7.9245283018867925,11.320754716981133,80.75471698113208,5.283018867924529,75.47169811320755
E00035950,298,44,11,33,254,16,238,14.76510067114094,3.691275167785235,11.073825503355705,85.23489932885906,5.369127516778524,79.86577181208054
E00035951,267,57,26,31,210,25,185,21.34831460674157,9.737827715355806,11.610486891385769,78.65168539325843,9.363295880149813,69.28838951310861
E00035952,260,39,16,23,221,26,195,15,6.153846153846154,8.846153846153847,85,10,75
E00035953,250,37,12,25,213,20,193,14.799999999999999,4.8,10,85.2,8,77.2
E00035954,261,49,14,35,212,17,195,18.773946360153257,5.363984674329502,13.409961685823754,81.22605363984674,6.513409961685824,74.71264367816092
E00035955,280,42,14,28,238,25,213,15,5,10,85,8.928571428571429,76.07142857142857
E00035956,279,50,20,30,229,18,211,17.921146953405017,7.168458781362006,10.75268817204301,82.07885304659499,6.451612903225806,75.62724014336918
E00035957,332,44,16,28,288,23,265,13.253012048192772,4.819277108433735,8.433734939759036,86.74698795180723,6.927710843373494,79.81927710843374
E00035958,209,46,18,28,163,16,147,22.00956937799043,8.61244019138756,13.397129186602871,77.99043062200957,7.655502392344498,70.33492822966507
E00035959,200,35,15,20,165,16,149,17.5,7.5,10,82.5,8,74.5
E00035960,317,63,29,34,254,28,226,19.873817034700316,9.14826498422713,10.725552050473187,80.12618296529969,8.832807570977918,71.29337539432177
E00035961,238,64,28,36,174,8,166,26.89075630252101,11.76470588235294,15.126050420168067,73.10924369747899,3.361344537815126,69.74789915966386
E00035962,263,45,18,27,218,19,199,17.110266159695815,6.844106463878327,10.26615969581749,82.88973384030417,7.224334600760455,75.66539923954373
E00035963,317,58,26,32,259,26,233,18.29652996845426,8.201892744479496,10.094637223974763,81.70347003154575,8.201892744479496,73.50157728706624
E00035964,295,59,28,31,236,23,213,20,9.491525423728813,10.508474576271185,80,7.796610169491526,72.20338983050848
E00035965,429,147,71,76,282,13,269,34.26573426573427,16.55011655011655,17.715617715617714,65.73426573426573,3.0303030303030303,62.7039627039627
E00035966,228,52,32,20,176,14,162,22.807017543859647,14.035087719298245,8.771929824561402,77.19298245614034,6.140350877192982,71.05263157894737
E00035967,274,47,14,33,227,22,205,17.153284671532848,5.109489051094891,12.043795620437956,82.84671532846716,8.02919708029197,74.81751824817519
E00035968,311,65,27,38,246,28,218,20.90032154340836,8.681672025723474,12.218649517684888,79.09967845659163,9.003215434083602,70.09646302250803
E00035969,291,47,20,27,244,23,221,16.151202749140893,6.872852233676976,9.278350515463918,83.8487972508591,7.903780068728522,75.94501718213058
E00035970,289,67,27,40,222,15,207,23.18339100346021,9.342560553633218,13.84083044982699,76.8166089965398,5.190311418685121,71.62629757785467
E00035971,291,55,26,29,236,19,217,18.900343642611684,8.934707903780069,9.965635738831615,81.09965635738831,6.529209621993128,74.5704467353952
E00035972,327,54,23,31,273,23,250,16.51376146788991,7.033639143730887,9.480122324159021,83.4862385321101,7.033639143730887,76.45259938837921
E00035973,365,47,20,27,318,25,293,12.876712328767123,5.47945205479452,7.397260273972603,87.12328767123287,6.8493150684931505,80.27397260273973
E00035974,350,48,16,32,302,23,279,13.714285714285715,4.571428571428571,9.142857142857142,86.28571428571429,6.571428571428571,79.71428571428572
E00035975,222,70,30,40,152,14,138,31.53153153153153,13.513513513513514,18.01801801801802,68.46846846846847,6.306306306306306,62.16216216216216
E00035976,352,55,19,36,297,30,267,15.625,5.3977272727272725,10.227272727272728,84.375,8.522727272727272,75.85227272727273
E00035977,349,47,16,31,302,30,272,13.46704871060172,4.584527220630372,8.882521489971348,86.53295128939828,8.595988538681947,77.93696275071633
E00035978,289,43,15,28,246,18,228,14.878892733564014,5.190311418685121,9.688581314878892,85.12110726643598,6.228373702422145,78.89273356401384
E00035979,355,51,21,30,304,33,271,14.366197183098592,5.915492957746479,8.450704225352112,85.63380281690141,9.295774647887324,76.33802816901408
E00035980,342,44,16,28,298,30,268,12.865497076023392,4.678362573099415,8.187134502923977,87.13450292397661,8.771929824561402,78.3625730994152
E00035981,306,61,24,37,245,28,217,19.934640522875817,7.8431372549019605,12.091503267973856,80.06535947712419,9.15032679738562,70.91503267973856
E00035982,402,81,41,40,321,25,296,20.149253731343283,10.199004975124378,9.950248756218906,79.8507462686567,6.218905472636816,73.6318407960199
E00035983,270,55,35,20,215,17,198,20.37037037037037,12.962962962962962,7.4074074074074066,79.62962962962963,6.296296296296296,73.33333333333333
E00035984,275,45,19,26,230,29,201,16.363636363636363,6.909090909090909,9.454545454545455,83.63636363636363,10.545454545454545,73.0909090909091
E00035985,239,32,8,24,207,22,185,13.389121338912133,3.3472803347280333,10.0418410041841,86.61087866108787,9.205020920502092,77.40585774058577
E00035986,340,45,22,23,295,22,273,13.23529411764706,6.470588235294119,6.764705882352941,86.76470588235294,6.470588235294119,80.29411764705883
E00035987,308,51,20,31,257,24,233,16.558441558441558,6.493506493506493,10.064935064935066,83.44155844155844,7.792207792207792,75.64935064935064
E00035988,287,47,23,24,240,8,232,16.376306620209057,8.013937282229964,8.362369337979095,83.62369337979094,2.7874564459930316,80.8362369337979
E00035989,342,60,25,35,282,28,254,17.543859649122805,7.309941520467836,10.23391812865497,82.45614035087719,8.187134502923977,74.26900584795322
E00035990,344,49,18,31,295,41,254,14.244186046511627,5.232558139534884,9.011627906976743,85.75581395348837,11.918604651162791,73.83720930232558
E00035991,287,57,23,34,230,16,214,19.860627177700348,8.013937282229964,11.846689895470384,80.13937282229965,5.574912891986063,74.56445993031359
E00035992,302,39,12,27,263,13,250,12.91390728476821,3.9735099337748347,8.940397350993377,87.08609271523179,4.304635761589404,82.78145695364239
E00035993,269,41,20,21,228,20,208,15.241635687732341,7.434944237918216,7.806691449814126,84.75836431226766,7.434944237918216,77.32342007434944
E00035994,288,60,20,40,228,18,210,20.833333333333336,6.944444444444445,13.88888888888889,79.16666666666666,6.25,72.91666666666666
E00035995,295,39,18,21,256,20,236,13.220338983050848,6.101694915254238,7.118644067796611,86.77966101694915,6.779661016949152,80
E00035996,309,65,23,42,244,16,228,21.035598705501616,7.443365695792881,13.592233009708737,78.96440129449837,5.177993527508091,73.7864077669903
E00035997,334,52,23,29,282,25,257,15.568862275449103,6.88622754491018,8.682634730538922,84.4311377245509,7.48502994011976,76.94610778443113
E00035998,408,83,30,53,325,26,299,20.34313725490196,7.352941176470589,12.990196078431374,79.65686274509804,6.372549019607843,73.2843137254902
E00035999,318,52,23,29,266,16,250,16.352201257861633,7.232704402515723,9.119496855345911,83.64779874213836,5.031446540880504,78.61635220125787
E00036000,200,64,43,21,136,6,130,32,21.5,10.5,68,3,65
E00036001,382,75,36,39,307,22,285,19.63350785340314,9.424083769633508,10.209424083769633,80.36649214659685,5.7591623036649215,74.60732984293193
E00036002,549,72,24,48,477,38,439,13.114754098360656,4.371584699453552,8.743169398907105,86.88524590163934,6.9216757741347905,79.96357012750455
E00036003,293,57,25,32,236,17,219,19.453924914675767,8.532423208191126,10.921501706484642,80.54607508532423,5.802047781569966,74.74402730375427
E00036004,379,55,24,31,324,24,300,14.511873350923482,6.33245382585752,8.179419525065963,85.4881266490765,6.33245382585752,79.15567282321899
E00036005,244,50,22,28,194,24,170,20.491803278688526,9.01639344262295,11.475409836065573,79.50819672131148,9.836065573770492,69.67213114754098
E00036006,320,57,17,40,263,39,224,17.8125,5.3125,12.5,82.1875,12.1875,70
E00036007,252,41,21,20,211,16,195,16.26984126984127,8.333333333333332,7.936507936507936,83.73015873015873,6.349206349206349,77.38095238095238
E00036008,335,54,25,29,281,28,253,16.119402985074625,7.462686567164178,8.656716417910449,83.88059701492537,8.358208955223882,75.5223880597015
E00036009,283,64,28,36,219,18,201,22.614840989399294,9.89399293286219,12.7208480565371,77.3851590106007,6.36042402826855,71.02473498233216
E00170477,310,37,13,24,273,14,259,11.935483870967742,4.193548387096775,7.741935483870968,88.06451612903226,4.516129032258064,83.54838709677419
E00170478,408,68,32,36,340,20,320,16.666666666666664,7.8431372549019605,8.823529411764707,83.33333333333334,4.901960784313726,78.43137254901961
E00170479,336,108,66,42,228,16,212,32.142857142857146,19.642857142857142,12.5,67.85714285714286,4.761904761904762,63.095238095238095
E00170480,186,43,10,33,143,14,129,23.118279569892472,5.376344086021505,17.741935483870968,76.88172043010752,7.526881720430108,69.35483870967742
E00170481,274,77,38,39,197,17,180,28.102189781021895,13.86861313868613,14.233576642335766,71.8978102189781,6.204379562043796,65.69343065693431
E00170482,314,114,79,35,200,23,177,36.30573248407643,25.159235668789808,11.146496815286625,63.69426751592356,7.32484076433121,56.36942675159236
E00170483,375,99,58,41,276,19,257,26.400000000000002,15.466666666666667,10.933333333333334,73.6,5.066666666666666,68.53333333333333
E00170484,380,130,82,48,250,30,220,34.21052631578947,21.578947368421055,12.631578947368421,65.78947368421053,7.894736842105263,57.89473684210527
E00170485,444,122,66,56,322,24,298,27.47747747747748,14.864864864864865,12.612612612612612,72.52252252252252,5.405405405405405,67.11711711711712
E00170487,501,102,47,55,399,34,365,20.359281437125748,9.3812375249501,10.978043912175648,79.64071856287424,6.786427145708583,72.85429141716567
E00170488,307,45,14,31,262,14,248,14.65798045602606,4.5602605863192185,10.097719869706841,85.34201954397395,4.5602605863192185,80.78175895765473
E00170489,159,32,11,21,127,11,116,20.125786163522015,6.918238993710692,13.20754716981132,79.87421383647799,6.918238993710692,72.95597484276729
E00170490,213,43,22,21,170,10,160,20.187793427230048,10.328638497652582,9.859154929577464,79.81220657276995,4.694835680751173,75.11737089201877
E00170491,259,39,20,19,220,13,207,15.057915057915059,7.722007722007722,7.335907335907336,84.94208494208493,5.019305019305019,79.92277992277992
E00170493,353,58,22,36,295,20,275,16.43059490084986,6.232294617563739,10.198300283286118,83.56940509915015,5.6657223796034,77.90368271954674
E00170494,129,22,9,13,107,8,99,17.05426356589147,6.976744186046512,10.077519379844961,82.94573643410853,6.2015503875969,76.74418604651163
E00176985,455,143,83,60,312,30,282,31.428571428571427,18.24175824175824,13.186813186813188,68.57142857142857,6.593406593406594,61.97802197802198
E00176986,508,134,68,66,374,30,344,26.37795275590551,13.385826771653544,12.992125984251967,73.62204724409449,5.905511811023622,67.71653543307087
E00176989,411,258,187,71,153,19,134,62.77372262773723,45.49878345498784,17.27493917274939,37.22627737226277,4.622871046228711,32.60340632603406
E00176991,292,69,31,38,223,16,207,23.63013698630137,10.616438356164384,13.013698630136986,76.36986301369863,5.47945205479452,70.8904109589041
E00176992,316,35,14,21,281,27,254,11.075949367088606,4.430379746835443,6.6455696202531636,88.92405063291139,8.544303797468354,80.37974683544303
E00176993,152,92,64,28,60,3,57,60.526315789473685,42.10526315789473,18.421052631578945,39.473684210526315,1.9736842105263157,37.5
E00176994,272,62,33,29,210,14,196,22.794117647058822,12.132352941176471,10.661764705882353,77.20588235294117,5.147058823529411,72.05882352941177
E00176996,455,92,29,63,363,7,356,20.21978021978022,6.373626373626373,13.846153846153847,79.78021978021978,1.5384615384615385,78.24175824175825
E00177001,393,43,24,19,350,20,330,10.941475826972011,6.106870229007633,4.8346055979643765,89.05852417302799,5.089058524173027,83.96946564885496
E00177003,616,84,42,42,532,28,504,13.636363636363635,6.8181818181818175,6.8181818181818175,86.36363636363636,4.545454545454546,81.81818181818183
E00177004,174,25,14,11,149,7,142,14.367816091954023,8.045977011494253,6.321839080459771,85.63218390804597,4.022988505747127,81.60919540229885
E00177005,120,18,7,11,102,8,94,15,5.833333333333333,9.166666666666666,85,6.666666666666667,78.33333333333333
E00177007,372,84,45,39,288,28,260,22.58064516129032,12.096774193548388,10.483870967741936,77.41935483870968,7.526881720430108,69.89247311827957
E00177008,203,46,33,13,157,10,147,22.660098522167488,16.25615763546798,6.403940886699508,77.33990147783251,4.926108374384237,72.41379310344827
E00177009,541,57,20,37,484,33,451,10.536044362292053,3.6968576709796674,6.839186691312385,89.46395563770795,6.099815157116451,83.3641404805915
E00177013,265,50,24,26,215,23,192,18.867924528301888,9.056603773584905,9.811320754716983,81.13207547169812,8.679245283018867,72.45283018867924
E00177015,275,35,17,18,240,25,215,12.727272727272727,6.181818181818182,6.545454545454546,87.27272727272727,9.090909090909092,78.18181818181819
E00177016,446,66,22,44,380,39,341,14.798206278026907,4.932735426008969,9.865470852017937,85.20179372197309,8.74439461883408,76.45739910313901
E00177018,250,58,33,25,192,18,174,23.200000000000003,13.200000000000001,10,76.8,7.199999999999999,69.6
E00177022,258,59,29,30,199,17,182,22.868217054263564,11.24031007751938,11.627906976744185,77.13178294573643,6.5891472868217065,70.54263565891473
E00177025,519,78,45,33,441,26,415,15.028901734104046,8.670520231213873,6.358381502890173,84.97109826589595,5.009633911368015,79.96146435452793
E00177026,209,84,41,43,125,9,116,40.19138755980861,19.617224880382775,20.574162679425836,59.80861244019139,4.30622009569378,55.50239234449761
E00177027,159,54,32,22,105,9,96,33.9622641509434,20.125786163522015,13.836477987421384,66.0377358490566,5.660377358490567,60.37735849056604
