OA,ts0380001,ts0380002,ts0380003,ts0380004,ts0380005,ts0380006,ts0380007,ts0380002_PCT,ts0380003_PCT,ts0380004_PCT,ts0380005_PCT,ts0380006_PCT,ts0380007_PCT
E00163841,497,104,47,57,393,37,356,20.92555331991952,9.456740442655935,11.468812877263582,79.07444668008048,7.44466800804829,71.6297786720322
E00163842,510,65,17,48,445,34,411,12.745098039215685,3.3333333333333335,9.411764705882353,87.25490196078431,6.666666666666667,80.58823529411765
E00163843,107,30,14,16,77,9,68,28.037383177570092,13.084112149532709,14.953271028037381,71.96261682242991,8.411214953271028,63.55140186915887
E00163844,350,99,56,43,251,20,231,28.285714285714285,16,12.285714285714286,71.71428571428572,5.714285714285714,66
E00163845,428,78,27,51,350,42,308,18.22429906542056,6.308411214953271,11.91588785046729,81.77570093457945,9.813084112149532,71.96261682242991
E00163846,258,41,15,26,217,20,197,15.891472868217054,5.813953488372093,10.077519379844961,84.10852713178295,7.751937984496124,76.35658914728683
E00163847,206,29,6,23,177,25,152,14.077669902912621,2.912621359223301,11.165048543689322,85.92233009708737,12.135922330097088,73.7864077669903
E00163848,279,28,9,19,251,28,223,10.03584229390681,3.225806451612903,6.810035842293908,89.96415770609319,10.03584229390681,79.92831541218638
E00163849,273,41,11,30,232,28,204,15.018315018315018,4.029304029304029,10.989010989010989,84.98168498168498,10.256410256410255,74.72527472527473
E00163850,276,39,15,24,237,26,211,14.130434782608695,5.434782608695652,8.695652173913043,85.86956521739131,9.420289855072465,76.44927536231883
E00163851,299,62,26,36,237,19,218,20.735785953177256,8.695652173913043,12.040133779264215,79.26421404682274,6.354515050167224,72.90969899665552
E00163852,247,65,28,37,182,21,161,26.31578947368421,11.336032388663968,14.979757085020243,73.68421052631578,8.502024291497975,65.18218623481782
E00163853,265,39,12,27,226,15,211,14.716981132075471,4.528301886792453,10.18867924528302,85.28301886792453,5.660377358490567,79.62264150943396
E00163854,300,46,18,28,254,20,234,15.333333333333332,6,9.333333333333334,84.66666666666667,6.666666666666667,78
E00163855,420,61,23,38,359,37,322,14.523809523809526,5.476190476190476,9.047619047619047,85.47619047619047,8.80952380952381,76.66666666666667
E00163856,289,46,20,26,243,30,213,15.916955017301039,6.920415224913495,8.996539792387544,84.08304498269896,10.380622837370241,73.70242214532871
E00163857,367,55,17,38,312,25,287,14.986376021798364,4.632152588555858,10.354223433242508,85.01362397820164,6.811989100817439,78.2016348773842
E00163858,278,39,10,29,239,29,210,14.028776978417264,3.5971223021582732,10.431654676258994,85.97122302158273,10.431654676258994,75.53956834532374
E00163859,303,40,16,24,263,17,246,13.2013201320132,5.2805280528052805,7.920792079207921,86.79867986798679,5.6105610561056105,81.1881188118812
E00163860,244,40,11,29,204,12,192,16.39344262295082,4.508196721311475,11.885245901639344,83.60655737704919,4.918032786885246,78.68852459016394
E00163861,261,43,12,31,218,22,196,16.47509578544061,4.597701149425287,11.877394636015326,83.5249042145594,8.42911877394636,75.09578544061303
E00163864,312,98,61,37,214,19,195,31.41025641025641,19.55128205128205,11.858974358974358,68.58974358974359,6.089743589743589,62.5
E00163865,261,46,17,29,215,24,191,17.624521072796934,6.513409961685824,11.11111111111111,82.37547892720306,9.195402298850574,73.18007662835248
E00163866,258,53,9,44,205,17,188,20.54263565891473,3.488372093023256,17.05426356589147,79.45736434108527,6.5891472868217065,72.86821705426357
E00163867,296,52,20,32,244,21,223,17.56756756756757,6.756756756756757,10.81081081081081,82.43243243243244,7.094594594594595,75.33783783783784
E00163868,334,67,30,37,267,33,234,20.059880239520957,8.982035928143713,11.077844311377245,79.94011976047905,9.880239520958083,70.05988023952095
E00163869,324,56,18,38,268,27,241,17.28395061728395,5.555555555555555,11.728395061728394,82.71604938271605,8.333333333333332,74.38271604938271
E00163870,278,76,28,48,202,20,182,27.33812949640288,10.071942446043165,17.26618705035971,72.66187050359713,7.1942446043165464,65.46762589928058
E00163871,414,53,16,37,361,34,327,12.80193236714976,3.864734299516908,8.937198067632849,87.19806763285024,8.212560386473431,78.98550724637681
E00163872,272,58,22,36,214,21,193,21.323529411764707,8.088235294117647,13.23529411764706,78.67647058823529,7.720588235294118,70.95588235294117
E00163873,266,42,17,25,224,22,202,15.789473684210526,6.390977443609022,9.398496240601503,84.21052631578947,8.270676691729323,75.93984962406014
E00163874,285,50,27,23,235,15,220,17.543859649122805,9.473684210526317,8.070175438596491,82.45614035087719,5.263157894736842,77.19298245614034
E00163875,365,46,19,27,319,47,272,12.602739726027398,5.205479452054795,7.397260273972603,87.3972602739726,12.876712328767123,74.52054794520548
E00163876,237,51,26,25,186,27,159,21.518987341772153,10.970464135021098,10.548523206751055,78.48101265822784,11.39240506329114,67.08860759493672
E00163877,364,102,67,35,262,25,237,28.021978021978022,18.40659340659341,9.615384615384617,71.97802197802197,6.868131868131869,65.10989010989012
E00163878,349,68,23,45,281,15,266,19.484240687679083,6.59025787965616,12.893982808022923,80.51575931232091,4.297994269340974,76.21776504297995
E00163879,304,57,20,37,247,18,229,18.75,6.578947368421052,12.171052631578947,81.25,5.921052631578947,75.32894736842105
E00163880,527,63,26,37,464,36,428,11.954459203036052,4.933586337760911,7.020872865275142,88.04554079696395,6.83111954459203,81.21442125237192
E00163881,364,69,28,41,295,39,256,18.956043956043956,7.6923076923076925,11.263736263736265,81.04395604395604,10.714285714285714,70.32967032967034
E00163882,251,44,17,27,207,21,186,17.52988047808765,6.772908366533864,10.756972111553784,82.47011952191235,8.366533864541832,74.10358565737052
E00163883,313,68,29,39,245,36,209,21.72523961661342,9.26517571884984,12.460063897763577,78.27476038338658,11.501597444089457,66.77316293929712
E00163884,268,67,35,32,201,23,178,25,13.059701492537313,11.940298507462686,75,8.582089552238806,66.4179104477612
E00163885,284,54,24,30,230,18,212,19.014084507042252,8.450704225352112,10.56338028169014,80.98591549295774,6.338028169014084,74.64788732394366
E00163886,364,41,7,34,323,31,292,11.263736263736265,1.9230769230769231,9.340659340659341,88.73626373626374,8.516483516483516,80.21978021978022
E00163887,250,75,36,39,175,16,159,30,14.399999999999999,15.6,70,6.4,63.6
E00163888,296,46,15,31,250,24,226,15.54054054054054,5.0675675675675675,10.472972972972974,84.45945945945947,8.108108108108109,76.35135135135135
E00163890,343,75,31,44,268,23,245,21.865889212827987,9.037900874635568,12.82798833819242,78.134110787172,6.705539358600583,71.42857142857143
E00163891,325,55,19,36,270,25,245,16.923076923076923,5.846153846153846,11.076923076923077,83.07692307692308,7.6923076923076925,75.38461538461539
E00163892,303,63,31,32,240,45,195,20.792079207920793,10.231023102310232,10.561056105610561,79.20792079207921,14.85148514851485,64.35643564356435
E00163893,303,61,30,31,242,21,221,20.13201320132013,9.900990099009901,10.231023102310232,79.86798679867987,6.9306930693069315,72.93729372937293
E00163894,323,73,33,40,250,14,236,22.60061919504644,10.21671826625387,12.38390092879257,77.39938080495357,4.3343653250774,73.06501547987617
E00163895,445,83,23,60,362,23,339,18.651685393258425,5.168539325842696,13.48314606741573,81.34831460674158,5.168539325842696,76.17977528089888
E00163896,319,78,35,43,241,14,227,24.45141065830721,10.9717868338558,13.479623824451412,75.54858934169279,4.38871473354232,71.15987460815047
E00163897,197,79,36,43,118,18,100,40.10152284263959,18.274111675126903,21.82741116751269,59.89847715736041,9.137055837563452,50.76142131979695
E00163898,370,38,18,20,332,39,293,10.27027027027027,4.864864864864865,5.405405405405405,89.72972972972974,10.54054054054054,79.1891891891892
E00163899,351,79,32,47,272,22,250,22.507122507122507,9.116809116809117,13.390313390313391,77.49287749287748,6.267806267806268,71.22507122507122
E00163900,335,78,32,46,257,22,235,23.283582089552237,9.55223880597015,13.73134328358209,76.71641791044776,6.567164179104477,70.1492537313433
E00163901,270,50,22,28,220,22,198,18.51851851851852,8.148148148148149,10.37037037037037,81.48148148148148,8.148148148148149,73.33333333333333
E00163902,347,42,11,31,305,34,271,12.103746397694524,3.170028818443804,8.93371757925072,87.89625360230548,9.798270893371757,78.09798270893373
E00163903,107,14,2,12,93,7,86,13.084112149532709,1.8691588785046727,11.214953271028037,86.91588785046729,6.5420560747663545,80.37383177570094
E00163904,326,106,70,36,220,26,194,32.515337423312886,21.472392638036812,11.042944785276074,67.48466257668711,7.975460122699387,59.50920245398773
E00163905,229,40,20,20,189,13,176,17.46724890829694,8.73362445414847,8.73362445414847,82.53275109170306,5.676855895196507,76.85589519650655
E00163906,200,35,14,21,165,7,158,17.5,7.000000000000001,10.5,82.5,3.5000000000000004,79
E00163907,277,38,9,29,239,20,219,13.718411552346572,3.2490974729241873,10.469314079422382,86.28158844765343,7.2202166064981945,79.06137184115524
E00163908,277,53,18,35,224,19,205,19.133574007220215,6.4981949458483745,12.63537906137184,80.86642599277978,6.859205776173286,74.0072202166065
E00163909,282,39,12,27,243,29,214,13.829787234042554,4.25531914893617,9.574468085106384,86.17021276595744,10.28368794326241,75.88652482269504
E00163910,338,48,16,32,290,30,260,14.201183431952662,4.733727810650888,9.467455621301776,85.79881656804734,8.875739644970414,76.92307692307693
E00163911,344,53,24,29,291,20,271,15.406976744186046,6.976744186046512,8.430232558139535,84.59302325581395,5.813953488372093,78.77906976744185
E00163912,262,39,15,24,223,21,202,14.885496183206106,5.7251908396946565,9.16030534351145,85.1145038167939,8.015267175572518,77.09923664122137
E00163913,325,33,7,26,292,28,264,10.153846153846153,2.1538461538461537,8,89.84615384615384,8.615384615384615,81.23076923076923
E00163914,270,58,29,29,212,18,194,21.48148148148148,10.74074074074074,10.74074074074074,78.51851851851852,6.666666666666667,71.85185185185186
E00163915,262,82,35,47,180,16,164,31.297709923664126,13.358778625954198,17.938931297709924,68.70229007633588,6.106870229007633,62.59541984732825
E00163916,328,50,22,28,278,21,257,15.24390243902439,6.707317073170732,8.536585365853659,84.7560975609756,6.402439024390244,78.35365853658537
E00163917,274,61,19,42,213,27,186,22.26277372262774,6.934306569343065,15.328467153284672,77.73722627737226,9.854014598540147,67.88321167883211
E00163918,344,144,91,53,200,22,178,41.86046511627907,26.453488372093027,15.406976744186046,58.139534883720934,6.395348837209303,51.74418604651163
E00163919,324,43,17,26,281,24,257,13.271604938271606,5.246913580246913,8.024691358024691,86.72839506172839,7.4074074074074066,79.32098765432099
E00163920,381,49,20,29,332,24,308,12.860892388451445,5.2493438320209975,7.611548556430446,87.13910761154857,6.299212598425196,80.83989501312337
E00163921,354,41,18,23,313,32,281,11.581920903954803,5.084745762711865,6.497175141242938,88.4180790960452,9.03954802259887,79.37853107344633
E00163922,292,45,12,33,247,25,222,15.41095890410959,4.10958904109589,11.301369863013697,84.58904109589042,8.561643835616438,76.02739726027397
E00163923,383,80,36,44,303,10,293,20.887728459530024,9.39947780678851,11.488250652741515,79.11227154046998,2.610966057441253,76.50130548302873
E00163924,236,57,29,28,179,18,161,24.152542372881356,12.288135593220339,11.864406779661017,75.84745762711864,7.627118644067797,68.22033898305084
E00163925,594,110,68,42,484,46,438,18.51851851851852,11.447811447811448,7.07070707070707,81.48148148148148,7.744107744107744,73.73737373737373
E00163926,285,32,9,23,253,16,237,11.228070175438596,3.1578947368421053,8.070175438596491,88.7719298245614,5.614035087719298,83.15789473684211
E00163927,373,42,15,27,331,31,300,11.26005361930295,4.021447721179625,7.238605898123325,88.73994638069705,8.310991957104557,80.42895442359249
E00163928,305,36,8,28,269,21,248,11.80327868852459,2.622950819672131,9.180327868852459,88.19672131147541,6.885245901639345,81.31147540983606
E00163929,358,33,11,22,325,27,298,9.217877094972067,3.072625698324022,6.145251396648044,90.78212290502793,7.5418994413407825,83.24022346368714
E00163930,313,36,10,26,277,22,255,11.501597444089457,3.1948881789137378,8.30670926517572,88.49840255591054,7.0287539936102235,81.46964856230032
E00163931,335,91,62,29,244,24,220,27.164179104477608,18.507462686567163,8.656716417910449,72.83582089552239,7.164179104477612,65.67164179104478
E00163932,514,60,22,38,454,38,416,11.673151750972762,4.280155642023346,7.392996108949417,88.32684824902724,7.392996108949417,80.93385214007782
E00163933,287,31,6,25,256,19,237,10.801393728222997,2.0905923344947737,8.710801393728223,89.19860627177701,6.620209059233449,82.57839721254355
E00163934,381,57,22,35,324,37,287,14.960629921259844,5.774278215223097,9.186351706036746,85.03937007874016,9.711286089238845,75.32808398950131
E00163935,353,35,12,23,318,25,293,9.91501416430595,3.39943342776204,6.515580736543909,90.08498583569406,7.0821529745042495,83.0028328611898
E00163937,192,40,18,22,152,25,127,20.833333333333336,9.375,11.458333333333332,79.16666666666666,13.020833333333334,66.14583333333334
E00163938,366,45,13,32,321,40,281,12.295081967213115,3.551912568306011,8.743169398907105,87.70491803278688,10.92896174863388,76.775956284153
E00163939,347,58,14,44,289,31,258,16.714697406340058,4.034582132564841,12.680115273775217,83.28530259365994,8.93371757925072,74.35158501440922
E00163940,354,51,18,33,303,30,273,14.40677966101695,5.084745762711865,9.322033898305085,85.59322033898306,8.47457627118644,77.11864406779661
E00163941,379,51,22,29,328,26,302,13.456464379947231,5.804749340369393,7.651715039577836,86.54353562005277,6.860158311345646,79.68337730870712
E00163942,453,85,38,47,368,33,335,18.76379690949227,8.388520971302428,10.375275938189846,81.23620309050773,7.28476821192053,73.9514348785872
E00163943,391,57,27,30,334,35,299,14.578005115089516,6.905370843989769,7.672634271099745,85.42199488491049,8.951406649616368,76.47058823529412
E00163944,397,52,20,32,345,39,306,13.09823677581864,5.037783375314862,8.060453400503778,86.90176322418137,9.82367758186398,77.07808564231739
E00163945,378,38,17,21,340,28,312,10.052910052910052,4.497354497354497,5.555555555555555,89.94708994708994,7.4074074074074066,82.53968253968253
E00163946,485,58,30,28,427,36,391,11.958762886597938,6.185567010309279,5.77319587628866,88.04123711340206,7.422680412371134,80.61855670103093
E00163948,414,49,19,30,365,32,333,11.83574879227053,4.5893719806763285,7.246376811594203,88.16425120772948,7.729468599033816,80.43478260869566
E00163949,364,49,12,37,315,41,274,13.461538461538462,3.296703296703297,10.164835164835164,86.53846153846155,11.263736263736265,75.27472527472527
E00163950,363,32,10,22,331,38,293,8.81542699724518,2.7548209366391188,6.0606060606060606,91.18457300275482,10.46831955922865,80.71625344352617
E00163951,295,38,15,23,257,30,227,12.88135593220339,5.084745762711865,7.796610169491526,87.11864406779661,10.16949152542373,76.94915254237287
E00163952,515,89,28,61,426,52,374,17.281553398058254,5.436893203883495,11.844660194174757,82.71844660194175,10.097087378640776,72.62135922330097
E00163953,316,54,21,33,262,34,228,17.088607594936708,6.6455696202531636,10.443037974683545,82.91139240506328,10.759493670886076,72.15189873417721
E00163954,347,41,13,28,306,29,277,11.815561959654179,3.7463976945244957,8.069164265129682,88.18443804034582,8.357348703170029,79.82708933717579
E00163955,371,68,44,24,303,36,267,18.328840970350406,11.859838274932615,6.46900269541779,81.6711590296496,9.703504043126685,71.96765498652292
E00163956,192,42,16,26,150,11,139,21.875,8.333333333333332,13.541666666666666,78.125,5.729166666666666,72.39583333333334
E00163957,371,53,21,32,318,32,286,14.285714285714285,5.660377358490567,8.62533692722372,85.71428571428571,8.62533692722372,77.088948787062
E00163958,421,66,23,43,355,37,318,15.676959619952493,5.463182897862233,10.21377672209026,84.32304038004752,8.788598574821853,75.53444180522565
E00163959,335,42,14,28,293,32,261,12.53731343283582,4.179104477611941,8.358208955223882,87.46268656716418,9.55223880597015,77.91044776119404
E00163960,287,64,33,31,223,13,210,22.299651567944252,11.498257839721255,10.801393728222997,77.70034843205575,4.529616724738676,73.17073170731707
E00163961,304,50,16,34,254,22,232,16.447368421052634,5.263157894736842,11.18421052631579,83.55263157894737,7.236842105263158,76.31578947368422
E00163962,284,58,23,35,226,14,212,20.422535211267608,8.098591549295776,12.323943661971832,79.5774647887324,4.929577464788732,74.64788732394366
E00163963,311,38,11,27,273,17,256,12.218649517684888,3.536977491961415,8.681672025723474,87.78135048231512,5.466237942122187,82.31511254019293
E00163964,332,54,15,39,278,24,254,16.265060240963855,4.518072289156627,11.74698795180723,83.73493975903614,7.228915662650602,76.50602409638554
E00163965,343,55,22,33,288,29,259,16.034985422740526,6.41399416909621,9.620991253644315,83.96501457725948,8.454810495626822,75.51020408163265
E00163966,313,67,26,41,246,28,218,21.405750798722046,8.30670926517572,13.099041533546327,78.59424920127796,8.945686900958465,69.6485623003195
E00163967,348,66,30,36,282,22,260,18.96551724137931,8.620689655172415,10.344827586206897,81.03448275862068,6.321839080459771,74.71264367816092
E00163968,373,41,17,24,332,17,315,10.991957104557642,4.557640750670242,6.434316353887399,89.00804289544236,4.557640750670242,84.45040214477211
E00163969,260,35,11,24,225,18,207,13.461538461538462,4.230769230769231,9.230769230769232,86.53846153846155,6.923076923076923,79.61538461538461
E00163970,362,49,13,36,313,29,284,13.535911602209943,3.591160220994475,9.94475138121547,86.46408839779005,8.011049723756907,78.45303867403315
E00163971,312,41,10,31,271,20,251,13.141025641025642,3.205128205128205,9.935897435897436,86.85897435897436,6.41025641025641,80.44871794871796
E00163972,264,36,15,21,228,24,204,13.636363636363635,5.681818181818182,7.954545454545454,86.36363636363636,9.090909090909092,77.27272727272727
E00163973,319,44,11,33,275,22,253,13.793103448275861,3.4482758620689653,10.344827586206897,86.20689655172413,6.896551724137931,79.3103448275862
E00163974,202,27,8,19,175,19,156,13.366336633663368,3.9603960396039604,9.405940594059405,86.63366336633663,9.405940594059405,77.22772277227723
E00163975,325,42,13,29,283,29,254,12.923076923076923,4,8.923076923076923,87.07692307692308,8.923076923076923,78.15384615384615
E00163976,242,53,12,41,189,21,168,21.90082644628099,4.958677685950414,16.94214876033058,78.099173553719,8.677685950413224,69.42148760330579
E00163977,400,126,94,32,274,24,250,31.5,23.5,8,68.5,6,62.5
E00163978,288,36,5,31,252,18,234,12.5,1.7361111111111112,10.76388888888889,87.5,6.25,81.25
E00163979,353,44,13,31,309,20,289,12.464589235127479,3.6827195467422094,8.78186968838527,87.53541076487252,5.6657223796034,81.86968838526913
E00163980,356,35,11,24,321,30,291,9.831460674157304,3.089887640449438,6.741573033707865,90.1685393258427,8.426966292134832,81.74157303370787
E00163981,303,26,6,20,277,35,242,8.58085808580858,1.9801980198019802,6.6006600660066,91.41914191419141,11.55115511551155,79.86798679867987
E00163982,288,58,27,31,230,31,199,20.13888888888889,9.375,10.76388888888889,79.86111111111111,10.76388888888889,69.09722222222221
E00163983,279,60,20,40,219,10,209,21.50537634408602,7.168458781362006,14.336917562724013,78.49462365591397,3.584229390681003,74.91039426523297
E00163984,376,61,26,35,315,25,290,16.22340425531915,6.914893617021277,9.308510638297872,83.77659574468085,6.648936170212766,77.12765957446808
E00163985,315,71,31,40,244,26,218,22.53968253968254,9.841269841269842,12.698412698412698,77.46031746031747,8.253968253968253,69.2063492063492
E00163986,267,33,11,22,234,23,211,12.359550561797752,4.119850187265917,8.239700374531834,87.64044943820225,8.614232209737828,79.02621722846442
E00163987,289,45,20,25,244,23,221,15.570934256055363,6.920415224913495,8.650519031141869,84.42906574394463,7.958477508650519,76.47058823529412
E00163988,228,62,31,31,166,15,151,27.192982456140353,13.596491228070176,13.596491228070176,72.80701754385966,6.578947368421052,66.22807017543859
E00163989,356,42,9,33,314,28,286,11.797752808988763,2.528089887640449,9.269662921348315,88.20224719101124,7.865168539325842,80.33707865168539
E00163990,319,43,13,30,276,36,240,13.479623824451412,4.075235109717868,9.404388714733543,86.52037617554859,11.285266457680251,75.23510971786834
E00163991,215,46,19,27,169,26,143,21.3953488372093,8.837209302325581,12.558139534883722,78.6046511627907,12.093023255813954,66.51162790697674
E00163992,276,22,8,14,254,18,236,7.971014492753622,2.898550724637681,5.072463768115942,92.02898550724638,6.521739130434782,85.5072463768116
E00163993,413,66,27,39,347,37,310,15.980629539951574,6.5375302663438255,9.443099273607748,84.01937046004842,8.958837772397095,75.06053268765133
E00163994,304,47,20,27,257,18,239,15.460526315789474,6.578947368421052,8.881578947368421,84.53947368421053,5.921052631578947,78.61842105263158
E00163995,357,35,13,22,322,43,279,9.803921568627452,3.6414565826330536,6.162464985994398,90.19607843137256,12.044817927170868,78.15126050420169
E00163997,435,61,22,39,374,52,322,14.022988505747128,5.057471264367816,8.96551724137931,85.97701149425288,11.954022988505747,74.02298850574712
E00163998,327,34,9,25,293,19,274,10.397553516819572,2.7522935779816518,7.64525993883792,89.60244648318043,5.81039755351682,83.79204892966361
E00164000,166,81,44,37,85,13,72,48.795180722891565,26.506024096385545,22.289156626506024,51.204819277108435,7.83132530120482,43.373493975903614
E00164001,298,43,15,28,255,27,228,14.429530201342283,5.033557046979865,9.395973154362416,85.57046979865773,9.060402684563758,76.51006711409396
E00164002,298,34,8,26,264,32,232,11.409395973154362,2.684563758389262,8.724832214765101,88.59060402684564,10.738255033557047,77.85234899328859
E00164003,404,78,45,33,326,28,298,19.306930693069308,11.138613861386139,8.16831683168317,80.6930693069307,6.9306930693069315,73.76237623762376
E00164004,368,39,9,30,329,16,313,10.597826086956522,2.4456521739130435,8.152173913043478,89.40217391304348,4.3478260869565215,85.05434782608695
E00164005,385,41,9,32,344,31,313,10.649350649350648,2.3376623376623376,8.311688311688311,89.35064935064935,8.051948051948052,81.2987012987013
E00164006,300,35,13,22,265,37,228,11.666666666666666,4.333333333333334,7.333333333333333,88.33333333333333,12.333333333333334,76
E00164007,315,40,14,26,275,28,247,12.698412698412698,4.444444444444445,8.253968253968253,87.3015873015873,8.88888888888889,78.41269841269842
E00164008,318,49,11,38,269,26,243,15.40880503144654,3.459119496855346,11.949685534591195,84.59119496855347,8.176100628930817,76.41509433962264
E00164009,280,39,10,29,241,20,221,13.928571428571429,3.571428571428571,10.357142857142858,86.07142857142858,7.142857142857142,78.92857142857143
E00164010,357,77,33,44,280,24,256,21.568627450980394,9.243697478991598,12.324929971988796,78.43137254901961,6.722689075630252,71.70868347338936
E00164011,195,80,42,38,115,13,102,41.02564102564102,21.53846153846154,19.48717948717949,58.97435897435898,6.666666666666667,52.307692307692314
E00164012,371,67,30,37,304,29,275,18.059299191374663,8.086253369272237,9.973045822102426,81.94070080862534,7.816711590296496,74.12398921832884
E00164014,245,83,40,43,162,20,142,33.87755102040816,16.3265306122449,17.551020408163264,66.12244897959184,8.16326530612245,57.95918367346938
E00164015,266,42,18,24,224,30,194,15.789473684210526,6.7669172932330826,9.022556390977442,84.21052631578947,11.278195488721805,72.93233082706767
E00164016,307,36,10,26,271,29,242,11.726384364820847,3.257328990228013,8.469055374592834,88.27361563517914,9.446254071661238,78.82736156351791
E00164017,229,36,19,17,193,33,160,15.72052401746725,8.296943231441048,7.423580786026202,84.27947598253274,14.41048034934498,69.86899563318777
E00164018,168,55,30,25,113,17,96,32.73809523809524,17.857142857142858,14.880952380952381,67.26190476190477,10.119047619047619,57.14285714285714
E00164019,201,33,10,23,168,19,149,16.417910447761194,4.975124378109453,11.442786069651742,83.5820895522388,9.45273631840796,74.12935323383084
E00164021,331,56,18,38,275,22,253,16.91842900302115,5.438066465256798,11.48036253776435,83.08157099697885,6.646525679758309,76.43504531722054
E00164022,329,49,18,31,280,25,255,14.893617021276595,5.47112462006079,9.422492401215806,85.1063829787234,7.598784194528875,77.50759878419453
E00164023,237,64,24,40,173,19,154,27.004219409282697,10.126582278481013,16.877637130801688,72.9957805907173,8.016877637130802,64.9789029535865
E00164024,218,114,66,48,104,7,97,52.293577981651374,30.275229357798167,22.018348623853214,47.706422018348626,3.211009174311927,44.4954128440367
E00164025,247,55,22,33,192,11,181,22.267206477732792,8.906882591093117,13.360323886639677,77.7327935222672,4.4534412955465585,73.27935222672065
E00164026,370,53,18,35,317,32,285,14.324324324324325,4.864864864864865,9.45945945945946,85.67567567567568,8.64864864864865,77.02702702702703
E00164027,252,45,15,30,207,23,184,17.857142857142858,5.952380952380952,11.904761904761903,82.14285714285714,9.126984126984127,73.01587301587301
E00164028,313,60,23,37,253,33,220,19.169329073482427,7.348242811501597,11.821086261980831,80.83067092651757,10.543130990415335,70.28753993610223
E00164029,276,70,34,36,206,18,188,25.36231884057971,12.318840579710146,13.043478260869565,74.63768115942028,6.521739130434782,68.11594202898551
E00164030,239,64,25,39,175,10,165,26.778242677824267,10.460251046025103,16.317991631799163,73.22175732217573,4.184100418410042,69.0376569037657
E00164031,245,51,18,33,194,23,171,20.816326530612244,7.346938775510205,13.46938775510204,79.18367346938776,9.387755102040817,69.79591836734694
E00164032,408,67,30,37,341,28,313,16.42156862745098,7.352941176470589,9.068627450980392,83.57843137254902,6.862745098039216,76.7156862745098
E00164033,240,48,15,33,192,16,176,20,6.25,13.750000000000002,80,6.666666666666667,73.33333333333333
E00164034,328,74,36,38,254,19,235,22.5609756097561,10.975609756097562,11.585365853658537,77.4390243902439,5.7926829268292686,71.64634146341463
E00164035,254,47,22,25,207,20,187,18.503937007874015,8.661417322834646,9.84251968503937,81.49606299212599,7.874015748031496,73.62204724409449
E00164036,384,99,44,55,285,27,258,25.78125,11.458333333333332,14.322916666666666,74.21875,7.03125,67.1875
E00164037,282,58,32,26,224,25,199,20.56737588652482,11.347517730496454,9.219858156028367,79.43262411347519,8.865248226950355,70.56737588652481
E00164039,310,62,27,35,248,21,227,20,8.709677419354838,11.29032258064516,80,6.774193548387098,73.22580645161291
E00164040,277,58,18,40,219,24,195,20.938628158844764,6.4981949458483745,14.440433212996389,79.06137184115524,8.664259927797833,70.3971119133574
E00164041,302,55,23,32,247,23,224,18.211920529801322,7.6158940397351,10.596026490066226,81.78807947019867,7.6158940397351,74.17218543046357
E00164042,359,84,29,55,275,25,250,23.398328690807798,8.07799442896936,15.32033426183844,76.6016713091922,6.963788300835655,69.63788300835655
E00164043,372,27,9,18,345,32,313,7.258064516129033,2.4193548387096775,4.838709677419355,92.74193548387096,8.60215053763441,84.13978494623656
E00164044,273,44,16,28,229,31,198,16.117216117216117,5.86080586080586,10.256410256410255,83.88278388278388,11.355311355311356,72.52747252747253
E00164045,456,48,9,39,408,46,362,10.526315789473683,1.9736842105263157,8.552631578947368,89.47368421052632,10.087719298245613,79.3859649122807
E00164047,306,54,19,35,252,34,218,17.647058823529413,6.209150326797386,11.437908496732026,82.35294117647058,11.11111111111111,71.24183006535948
E00164048,315,41,7,34,274,19,255,13.015873015873018,2.2222222222222223,10.793650793650794,86.98412698412699,6.031746031746032,80.95238095238095
E00164049,248,46,21,25,202,25,177,18.548387096774192,8.46774193548387,10.080645161290322,81.45161290322581,10.080645161290322,71.37096774193549
E00164050,297,39,5,34,258,16,242,13.131313131313133,1.6835016835016834,11.447811447811448,86.86868686868688,5.387205387205387,81.48148148148148
E00164051,326,58,23,35,268,19,249,17.791411042944784,7.05521472392638,10.736196319018406,82.20858895705521,5.828220858895705,76.38036809815951
E00164052,303,28,11,17,275,31,244,9.24092409240924,3.6303630363036308,5.6105610561056105,90.75907590759076,10.231023102310232,80.52805280528052
E00164054,240,50,23,27,190,14,176,20.833333333333336,9.583333333333334,11.25,79.16666666666666,5.833333333333333,73.33333333333333
E00164055,352,48,13,35,304,28,276,13.636363636363635,3.6931818181818183,9.943181818181818,86.36363636363636,7.954545454545454,78.4090909090909
E00164056,340,54,22,32,286,17,269,15.88235294117647,6.470588235294119,9.411764705882353,84.11764705882354,5,79.11764705882352
E00164057,301,36,9,27,265,26,239,11.960132890365449,2.990033222591362,8.970099667774086,88.03986710963456,8.637873754152823,79.40199335548172
E00164058,301,43,9,34,258,21,237,14.285714285714285,2.990033222591362,11.295681063122924,85.71428571428571,6.976744186046512,78.7375415282392
E00164059,396,86,45,41,310,38,272,21.71717171717172,11.363636363636363,10.353535353535353,78.28282828282829,9.595959595959595,68.68686868686868
E00164060,337,40,10,30,297,34,263,11.869436201780417,2.967359050445104,8.902077151335313,88.13056379821958,10.089020771513352,78.04154302670622
E00164062,373,57,24,33,316,24,292,15.281501340482572,6.434316353887399,8.847184986595174,84.71849865951742,6.434316353887399,78.28418230563003
E00164063,315,51,19,32,264,32,232,16.19047619047619,6.031746031746032,10.158730158730158,83.80952380952381,10.158730158730158,73.65079365079366
E00164064,356,50,17,33,306,31,275,14.04494382022472,4.775280898876404,9.269662921348315,85.95505617977528,8.707865168539326,77.24719101123596
E00164065,237,69,32,37,168,16,152,29.11392405063291,13.502109704641349,15.611814345991561,70.88607594936708,6.751054852320674,64.13502109704642
E00164066,312,64,29,35,248,26,222,20.51282051282051,9.294871794871796,11.217948717948719,79.48717948717949,8.333333333333332,71.15384615384616
E00164067,373,52,20,32,321,31,290,13.941018766756033,5.361930294906166,8.579088471849866,86.05898123324397,8.310991957104557,77.7479892761394
E00164068,465,57,21,36,408,29,379,12.258064516129032,4.516129032258064,7.741935483870968,87.74193548387098,6.236559139784946,81.50537634408602
E00164069,520,32,5,27,488,47,441,6.153846153846154,0.9615384615384616,5.1923076923076925,93.84615384615384,9.038461538461538,84.8076923076923
E00164070,375,43,9,34,332,25,307,11.466666666666667,2.4,9.066666666666666,88.53333333333333,6.666666666666667,81.86666666666666
E00164073,318,50,13,37,268,26,242,15.723270440251572,4.088050314465408,11.635220125786164,84.27672955974843,8.176100628930817,76.10062893081762
E00164074,353,44,10,34,309,36,273,12.464589235127479,2.8328611898017,9.631728045325778,87.53541076487252,10.198300283286118,77.33711048158641
E00164075,117,25,12,13,92,13,79,21.367521367521366,10.256410256410255,11.11111111111111,78.63247863247864,11.11111111111111,67.52136752136752
E00164076,238,31,13,18,207,22,185,13.025210084033615,5.46218487394958,7.563025210084033,86.97478991596638,9.243697478991598,77.73109243697479
E00164077,310,51,25,26,259,24,235,16.451612903225808,8.064516129032258,8.38709677419355,83.54838709677419,7.741935483870968,75.80645161290323
E00164078,255,43,17,26,212,21,191,16.862745098039216,6.666666666666667,10.196078431372548,83.13725490196079,8.235294117647058,74.90196078431373
E00164079,395,65,33,32,330,27,303,16.455696202531644,8.354430379746836,8.10126582278481,83.54430379746836,6.8354430379746836,76.70886075949367
E00164080,234,30,9,21,204,22,182,12.82051282051282,3.8461538461538463,8.974358974358974,87.17948717948718,9.401709401709402,77.77777777777779
E00164081,368,65,20,45,303,35,268,17.66304347826087,5.434782608695652,12.228260869565217,82.33695652173914,9.510869565217392,72.82608695652173
E00164082,389,110,64,46,279,29,250,28.277634961439592,16.452442159383033,11.825192802056556,71.72236503856041,7.455012853470437,64.26735218508998
E00164083,399,66,26,40,333,16,317,16.541353383458645,6.516290726817042,10.025062656641603,83.45864661654136,4.010025062656641,79.4486215538847
E00164084,328,53,24,29,275,26,249,16.158536585365855,7.317073170731707,8.841463414634147,83.84146341463415,7.926829268292683,75.91463414634147
E00164085,345,75,41,34,270,20,250,21.73913043478261,11.884057971014492,9.855072463768117,78.26086956521739,5.797101449275362,72.46376811594203
E00164086,349,56,18,38,293,28,265,16.045845272206304,5.157593123209169,10.888252148997136,83.95415472779369,8.022922636103152,75.93123209169055
E00164087,314,42,17,25,272,23,249,13.375796178343949,5.414012738853503,7.961783439490445,86.62420382165605,7.32484076433121,79.29936305732484
E00164088,309,52,22,30,257,26,231,16.828478964401295,7.119741100323624,9.70873786407767,83.1715210355987,8.414239482200648,74.75728155339806
E00164089,255,41,20,21,214,31,183,16.07843137254902,7.8431372549019605,8.235294117647058,83.92156862745098,12.156862745098039,71.76470588235294
E00164090,266,43,17,26,223,25,198,16.165413533834585,6.390977443609022,9.774436090225564,83.83458646616542,9.398496240601503,74.43609022556392
E00164091,305,62,21,41,243,28,215,20.327868852459016,6.885245901639345,13.442622950819672,79.67213114754098,9.180327868852459,70.49180327868852
E00164092,313,43,23,20,270,28,242,13.738019169329075,7.348242811501597,6.3897763578274756,86.26198083067092,8.945686900958465,77.31629392971246
E00164093,320,61,30,31,259,19,240,19.0625,9.375,9.6875,80.9375,5.9375,75
E00164094,275,53,22,31,222,23,199,19.272727272727273,8,11.272727272727273,80.72727272727272,8.363636363636363,72.36363636363636
E00164095,270,62,30,32,208,19,189,22.962962962962962,11.11111111111111,11.851851851851853,77.03703703703704,7.037037037037037,70
E00164096,301,45,12,33,256,22,234,14.950166112956811,3.9867109634551494,10.96345514950166,85.04983388704319,7.308970099667775,77.74086378737542
E00164097,368,53,14,39,315,29,286,14.402173913043478,3.804347826086957,10.597826086956522,85.59782608695652,7.880434782608696,77.71739130434783
E00164098,266,70,34,36,196,18,178,26.31578947368421,12.781954887218044,13.533834586466165,73.68421052631578,6.7669172932330826,66.9172932330827
E00164099,293,50,14,36,243,25,218,17.064846416382252,4.778156996587031,12.286689419795222,82.93515358361775,8.532423208191126,74.40273037542661
E00164100,381,58,15,43,323,32,291,15.223097112860891,3.937007874015748,11.286089238845145,84.7769028871391,8.398950131233596,76.37795275590551
E00164101,296,52,16,36,244,36,208,17.56756756756757,5.405405405405405,12.162162162162163,82.43243243243244,12.162162162162163,70.27027027027027
E00164102,301,39,15,24,262,18,244,12.956810631229235,4.983388704318937,7.973421926910299,87.04318936877077,5.980066445182724,81.06312292358804
E00164103,341,46,16,30,295,28,267,13.48973607038123,4.69208211143695,8.797653958944283,86.51026392961877,8.211143695014663,78.2991202346041
E00164104,311,42,16,26,269,20,249,13.504823151125404,5.144694533762058,8.360128617363344,86.49517684887459,6.430868167202572,80.06430868167203
E00164105,267,40,9,31,227,35,192,14.981273408239701,3.3707865168539324,11.610486891385769,85.0187265917603,13.108614232209737,71.91011235955057
E00164106,345,46,17,29,299,28,271,13.333333333333334,4.9275362318840585,8.405797101449275,86.66666666666667,8.115942028985506,78.55072463768116
E00164107,355,33,13,20,322,25,297,9.295774647887324,3.6619718309859155,5.633802816901409,90.70422535211267,7.042253521126761,83.66197183098592
E00164108,301,61,28,33,240,30,210,20.26578073089701,9.30232558139535,10.96345514950166,79.734219269103,9.966777408637874,69.76744186046511
E00164109,382,60,29,31,322,35,287,15.706806282722512,7.591623036649215,8.115183246073299,84.29319371727748,9.162303664921465,75.13089005235602
E00164110,343,89,43,46,254,32,222,25.94752186588921,12.536443148688047,13.411078717201166,74.05247813411079,9.329446064139942,64.72303206997084
E00164111,339,59,19,40,280,27,253,17.404129793510325,5.604719764011799,11.799410029498524,82.59587020648968,7.964601769911504,74.63126843657817
E00164112,226,45,24,21,181,17,164,19.911504424778762,10.619469026548673,9.29203539823009,80.08849557522124,7.52212389380531,72.56637168141593
E00164113,452,59,19,40,393,28,365,13.053097345132745,4.20353982300885,8.849557522123893,86.94690265486726,6.1946902654867255,80.75221238938053
E00164114,275,45,17,28,230,11,219,16.363636363636363,6.181818181818182,10.181818181818182,83.63636363636363,4,79.63636363636364
E00164115,269,41,16,25,228,18,210,15.241635687732341,5.947955390334572,9.293680297397769,84.75836431226766,6.691449814126393,78.06691449814126
E00164116,260,42,11,31,218,11,207,16.153846153846153,4.230769230769231,11.923076923076923,83.84615384615385,4.230769230769231,79.61538461538461
E00164117,262,39,11,28,223,17,206,14.885496183206106,4.198473282442748,10.687022900763358,85.1145038167939,6.488549618320611,78.62595419847328
E00164118,265,47,18,29,218,18,200,17.735849056603772,6.7924528301886795,10.943396226415095,82.26415094339623,6.7924528301886795,75.47169811320755
E00164119,203,27,9,18,176,15,161,13.30049261083744,4.433497536945813,8.866995073891626,86.69950738916256,7.389162561576355,79.3103448275862
E00164120,350,50,19,31,300,32,268,14.285714285714285,5.428571428571429,8.857142857142856,85.71428571428571,9.142857142857142,76.57142857142857
E00164121,367,45,18,27,322,32,290,12.26158038147139,4.904632152588556,7.3569482288828345,87.73841961852861,8.71934604904632,79.01907356948229
E00164122,199,61,27,34,138,26,112,30.65326633165829,13.5678391959799,17.08542713567839,69.34673366834171,13.06532663316583,56.28140703517588
E00164123,298,42,14,28,256,24,232,14.093959731543624,4.697986577181208,9.395973154362416,85.90604026845638,8.053691275167784,77.85234899328859
E00164125,593,73,23,50,520,33,487,12.310286677908937,3.87858347386172,8.431703204047219,87.68971332209107,5.564924114671164,82.1247892074199
E00164126,437,58,15,43,379,48,331,13.272311212814644,3.4324942791762014,9.839816933638444,86.72768878718536,10.983981693363845,75.74370709382151
E00172214,484,87,49,38,397,28,369,17.97520661157025,10.12396694214876,7.851239669421488,82.02479338842976,5.785123966942149,76.2396694214876
E00172215,564,46,17,29,518,28,490,8.156028368794328,3.0141843971631204,5.141843971631205,91.84397163120568,4.964539007092199,86.87943262411348
E00172216,366,19,3,16,347,26,321,5.191256830601093,0.819672131147541,4.371584699453552,94.80874316939891,7.103825136612022,87.70491803278688
E00172217,151,26,11,15,125,10,115,17.218543046357617,7.28476821192053,9.933774834437086,82.78145695364239,6.622516556291391,76.15894039735099
E00172218,312,72,44,28,240,18,222,23.076923076923077,14.102564102564102,8.974358974358974,76.92307692307693,5.769230769230769,71.15384615384616
E00172219,315,23,7,16,292,37,255,7.301587301587302,2.2222222222222223,5.079365079365079,92.6984126984127,11.746031746031745,80.95238095238095
E00172220,237,20,6,14,217,24,193,8.438818565400844,2.5316455696202533,5.9071729957805905,91.56118143459916,10.126582278481013,81.43459915611815
E00172221,261,19,9,10,242,21,221,7.2796934865900385,3.4482758620689653,3.8314176245210727,92.72030651340997,8.045977011494253,84.67432950191571
E00172222,130,15,3,12,115,9,106,11.538461538461538,2.307692307692308,9.230769230769232,88.46153846153845,6.923076923076923,81.53846153846153
E00172223,258,25,7,18,233,29,204,9.689922480620156,2.7131782945736433,6.976744186046512,90.31007751937985,11.24031007751938,79.06976744186046
E00172224,453,33,8,25,420,26,394,7.28476821192053,1.7660044150110374,5.518763796909492,92.71523178807946,5.739514348785872,86.9757174392936
E00172225,356,21,8,13,335,15,320,5.8988764044943816,2.247191011235955,3.651685393258427,94.10112359550563,4.213483146067416,89.8876404494382
E00172226,390,25,7,18,365,24,341,6.41025641025641,1.7948717948717947,4.615384615384616,93.58974358974359,6.153846153846154,87.43589743589743
E00172227,247,20,5,15,227,17,210,8.097165991902834,2.0242914979757085,6.0728744939271255,91.90283400809717,6.882591093117409,85.02024291497976
E00172228,248,24,8,16,224,24,200,9.67741935483871,3.225806451612903,6.451612903225806,90.32258064516128,9.67741935483871,80.64516129032258
E00172229,250,21,5,16,229,24,205,8.4,2,6.4,91.60000000000001,9.6,82
E00172230,336,39,18,21,297,24,273,11.607142857142858,5.357142857142857,6.25,88.39285714285714,7.142857142857142,81.25
E00172231,388,46,16,30,342,31,311,11.855670103092782,4.123711340206185,7.731958762886598,88.14432989690721,7.989690721649484,80.15463917525774
E00172232,363,21,0,21,342,21,321,5.785123966942149,0,5.785123966942149,94.21487603305785,5.785123966942149,88.42975206611571
E00181274,583,55,15,40,528,39,489,9.433962264150944,2.5728987993138936,6.86106346483705,90.56603773584906,6.689536878216123,83.87650085763293
E00181277,554,122,56,66,432,33,399,22.021660649819495,10.108303249097473,11.913357400722022,77.9783393501805,5.956678700361011,72.0216606498195
E00181298,334,18,0,18,316,19,297,5.389221556886228,0,5.389221556886228,94.61077844311377,5.688622754491018,88.92215568862275
E00181304,207,22,12,10,185,12,173,10.628019323671497,5.797101449275362,4.830917874396135,89.3719806763285,5.797101449275362,83.57487922705315
E00181308,201,32,15,17,169,9,160,15.92039800995025,7.462686567164178,8.45771144278607,84.07960199004975,4.477611940298507,79.60199004975125
E00181312,178,25,7,18,153,13,140,14.04494382022472,3.932584269662921,10.112359550561797,85.95505617977528,7.303370786516854,78.65168539325843
E00181313,174,20,7,13,154,10,144,11.494252873563218,4.022988505747127,7.471264367816093,88.50574712643679,5.747126436781609,82.75862068965517
E00181319,206,47,17,30,159,15,144,22.815533980582526,8.25242718446602,14.563106796116504,77.18446601941747,7.281553398058252,69.90291262135922
E00181327,383,40,14,26,343,17,326,10.443864229765012,3.6553524804177546,6.7885117493472595,89.55613577023499,4.43864229765013,85.11749347258485
E00181329,549,88,40,48,461,29,432,16.029143897996356,7.285974499089254,8.743169398907105,83.97085610200364,5.2823315118397085,78.68852459016394
E00181334,279,75,46,29,204,22,182,26.881720430107524,16.48745519713262,10.39426523297491,73.11827956989248,7.885304659498208,65.23297491039428
E00181357,496,52,15,37,444,38,406,10.483870967741936,3.024193548387097,7.459677419354839,89.51612903225806,7.661290322580645,81.85483870967742
E00181363,268,46,16,30,222,19,203,17.16417910447761,5.970149253731343,11.194029850746269,82.83582089552239,7.08955223880597,75.74626865671642
E00181366,241,105,54,51,136,17,119,43.56846473029046,22.40663900414938,21.16182572614108,56.43153526970954,7.053941908713693,49.37759336099585
E00181367,123,14,2,12,109,11,98,11.38211382113821,1.6260162601626018,9.75609756097561,88.6178861788618,8.94308943089431,79.67479674796748
E00181368,584,59,22,37,525,36,489,10.102739726027398,3.767123287671233,6.335616438356165,89.8972602739726,6.164383561643835,83.73287671232876
E00181370,605,295,119,176,310,34,276,48.760330578512395,19.669421487603305,29.09090909090909,51.2396694214876,5.619834710743802,45.6198347107438
E00181388,351,47,17,30,304,24,280,13.390313390313391,4.843304843304843,8.547008547008547,86.6096866096866,6.837606837606838,79.77207977207978
E00181389,140,22,9,13,118,8,110,15.714285714285714,6.428571428571428,9.285714285714286,84.28571428571429,5.714285714285714,78.57142857142857
E00181391,233,43,10,33,190,11,179,18.4549356223176,4.291845493562231,14.163090128755366,81.54506437768241,4.721030042918455,76.82403433476395
E00181396,332,41,21,20,291,20,271,12.349397590361445,6.325301204819277,6.024096385542169,87.65060240963855,6.024096385542169,81.62650602409639
E00181402,219,38,13,25,181,27,154,17.35159817351598,5.93607305936073,11.415525114155251,82.64840182648402,12.32876712328767,70.31963470319634
