OA,ts0590001,ts0590002,ts0590003,ts0590004,ts0590005,ts0590006,ts0590007,ts0590002_PCT,ts0590003_PCT,ts0590004_PCT,ts0590005_PCT,ts0590006_PCT,ts0590007_PCT
E00163841,244,69,24,45,175,129,46,28.278688524590162,9.836065573770492,18.442622950819672,71.72131147540983,52.86885245901639,18.852459016393443
E00163842,244,64,21,43,180,145,35,26.229508196721312,8.60655737704918,17.62295081967213,73.77049180327869,59.42622950819673,14.344262295081966
E00163843,18,10,3,7,8,6,2,55.55555555555556,16.666666666666664,38.88888888888889,44.44444444444444,33.33333333333333,11.11111111111111
E00163844,149,37,14,23,112,89,23,24.832214765100673,9.395973154362416,15.436241610738255,75.16778523489933,59.73154362416108,15.436241610738255
E00163845,185,57,26,31,128,100,28,30.810810810810814,14.054054054054054,16.756756756756758,69.1891891891892,54.054054054054056,15.135135135135137
E00163846,150,42,14,28,108,96,12,28.000000000000004,9.333333333333334,18.666666666666668,72,64,8
E00163847,120,34,17,17,86,72,14,28.333333333333332,14.166666666666666,14.166666666666666,71.66666666666667,60,11.666666666666666
E00163848,129,43,15,28,86,74,12,33.33333333333333,11.627906976744185,21.705426356589147,66.66666666666666,57.36434108527132,9.30232558139535
E00163849,139,45,17,28,94,82,12,32.37410071942446,12.23021582733813,20.14388489208633,67.62589928057554,58.992805755395686,8.633093525179856
E00163850,132,46,19,27,86,68,18,34.84848484848485,14.393939393939394,20.454545454545457,65.15151515151516,51.515151515151516,13.636363636363635
E00163851,117,36,5,31,81,75,6,30.76923076923077,4.273504273504273,26.495726495726498,69.23076923076923,64.1025641025641,5.128205128205128
E00163852,90,28,8,20,62,51,11,31.11111111111111,8.88888888888889,22.22222222222222,68.88888888888889,56.666666666666664,12.222222222222221
E00163853,130,38,13,25,92,81,11,29.230769230769234,10,19.230769230769234,70.76923076923077,62.30769230769231,8.461538461538462
E00163854,138,39,12,27,99,79,20,28.26086956521739,8.695652173913043,19.565217391304348,71.73913043478261,57.2463768115942,14.492753623188406
E00163855,205,61,18,43,144,106,38,29.756097560975608,8.780487804878048,20.975609756097562,70.24390243902438,51.707317073170735,18.536585365853657
E00163856,130,37,8,29,93,75,18,28.46153846153846,6.153846153846154,22.30769230769231,71.53846153846153,57.692307692307686,13.846153846153847
E00163857,163,50,22,28,113,88,25,30.67484662576687,13.496932515337424,17.177914110429448,69.32515337423312,53.987730061349694,15.337423312883436
E00163858,129,35,12,23,94,66,28,27.131782945736433,9.30232558139535,17.829457364341085,72.86821705426357,51.162790697674424,21.705426356589147
E00163859,140,40,17,23,100,78,22,28.57142857142857,12.142857142857142,16.428571428571427,71.42857142857143,55.714285714285715,15.714285714285714
E00163860,121,39,13,26,82,69,13,32.231404958677686,10.743801652892563,21.487603305785125,67.76859504132231,57.02479338842975,10.743801652892563
E00163861,135,41,19,22,94,74,20,30.37037037037037,14.074074074074074,16.296296296296298,69.62962962962963,54.81481481481482,14.814814814814813
E00163864,95,29,6,23,66,57,9,30.526315789473685,6.315789473684211,24.210526315789473,69.47368421052632,60,9.473684210526317
E00163865,116,35,8,27,81,71,10,30.17241379310345,6.896551724137931,23.275862068965516,69.82758620689656,61.206896551724135,8.620689655172415
E00163866,120,52,15,37,68,57,11,43.333333333333336,12.5,30.833333333333336,56.666666666666664,47.5,9.166666666666666
E00163867,152,30,8,22,122,110,12,19.736842105263158,5.263157894736842,14.473684210526317,80.26315789473685,72.36842105263158,7.894736842105263
E00163868,144,54,9,45,90,81,9,37.5,6.25,31.25,62.5,56.25,6.25
E00163869,136,47,10,37,89,73,16,34.55882352941176,7.352941176470589,27.205882352941174,65.44117647058823,53.67647058823529,11.76470588235294
E00163870,122,36,15,21,86,82,4,29.508196721311474,12.295081967213115,17.21311475409836,70.49180327868852,67.21311475409836,3.278688524590164
E00163871,223,56,12,44,167,134,33,25.112107623318387,5.381165919282512,19.730941704035875,74.88789237668162,60.0896860986547,14.798206278026907
E00163872,110,41,12,29,69,61,8,37.27272727272727,10.909090909090908,26.36363636363636,62.727272727272734,55.45454545454545,7.2727272727272725
E00163873,128,32,9,23,96,82,14,25,7.03125,17.96875,75,64.0625,10.9375
E00163874,134,39,19,20,95,86,9,29.1044776119403,14.17910447761194,14.925373134328357,70.8955223880597,64.17910447761194,6.7164179104477615
E00163875,191,56,27,29,135,108,27,29.31937172774869,14.136125654450263,15.18324607329843,70.68062827225131,56.54450261780105,14.136125654450263
E00163876,108,31,10,21,77,65,12,28.703703703703702,9.25925925925926,19.444444444444446,71.29629629629629,60.18518518518518,11.11111111111111
E00163877,155,45,23,22,110,95,15,29.03225806451613,14.838709677419354,14.193548387096774,70.96774193548387,61.29032258064516,9.67741935483871
E00163878,150,53,15,38,97,90,7,35.333333333333336,10,25.333333333333336,64.66666666666666,60,4.666666666666667
E00163879,140,43,13,30,97,86,11,30.714285714285715,9.285714285714286,21.428571428571427,69.28571428571428,61.42857142857143,7.857142857142857
E00163880,284,81,14,67,203,176,27,28.52112676056338,4.929577464788732,23.591549295774648,71.47887323943662,61.97183098591549,9.507042253521126
E00163881,184,59,19,40,125,99,26,32.065217391304344,10.326086956521738,21.73913043478261,67.93478260869566,53.80434782608695,14.130434782608695
E00163882,157,42,15,27,115,102,13,26.751592356687897,9.554140127388536,17.197452229299362,73.24840764331209,64.96815286624204,8.280254777070063
E00163883,153,36,10,26,117,105,12,23.52941176470588,6.535947712418301,16.99346405228758,76.47058823529412,68.62745098039215,7.8431372549019605
E00163884,119,24,9,15,95,89,6,20.168067226890756,7.563025210084033,12.605042016806722,79.83193277310924,74.78991596638656,5.042016806722689
E00163885,128,35,7,28,93,75,18,27.34375,5.46875,21.875,72.65625,58.59375,14.0625
E00163886,200,49,20,29,151,120,31,24.5,10,14.499999999999998,75.5,60,15.5
E00163887,110,38,14,24,72,69,3,34.54545454545455,12.727272727272727,21.818181818181817,65.45454545454545,62.727272727272734,2.727272727272727
E00163888,139,45,15,30,94,89,5,32.37410071942446,10.79136690647482,21.58273381294964,67.62589928057554,64.02877697841727,3.5971223021582732
E00163890,130,43,11,32,87,75,12,33.07692307692307,8.461538461538462,24.615384615384617,66.92307692307692,57.692307692307686,9.230769230769232
E00163891,181,58,17,41,123,104,19,32.04419889502763,9.392265193370166,22.65193370165746,67.95580110497238,57.4585635359116,10.497237569060774
E00163892,140,43,13,30,97,85,12,30.714285714285715,9.285714285714286,21.428571428571427,69.28571428571428,60.71428571428571,8.571428571428571
E00163893,124,35,10,25,89,78,11,28.225806451612907,8.064516129032258,20.161290322580644,71.7741935483871,62.903225806451616,8.870967741935484
E00163894,138,47,11,36,91,82,9,34.05797101449276,7.971014492753622,26.08695652173913,65.94202898550725,59.42028985507246,6.521739130434782
E00163895,210,71,30,41,139,116,23,33.80952380952381,14.285714285714285,19.523809523809526,66.19047619047619,55.23809523809524,10.952380952380953
E00163896,111,36,7,29,75,63,12,32.432432432432435,6.306306306306306,26.126126126126124,67.56756756756756,56.75675675675676,10.81081081081081
E00163897,81,27,7,20,54,53,1,33.33333333333333,8.641975308641975,24.691358024691358,66.66666666666666,65.4320987654321,1.2345679012345678
E00163898,220,64,20,44,156,132,24,29.09090909090909,9.090909090909092,20,70.9090909090909,60,10.909090909090908
E00163899,152,41,12,29,111,99,12,26.973684210526315,7.894736842105263,19.078947368421055,73.02631578947368,65.13157894736842,7.894736842105263
E00163900,157,44,12,32,113,99,14,28.02547770700637,7.643312101910828,20.382165605095544,71.97452229299363,63.05732484076433,8.9171974522293
E00163901,112,34,5,29,78,65,13,30.357142857142854,4.464285714285714,25.892857142857146,69.64285714285714,58.03571428571429,11.607142857142858
E00163902,173,54,16,38,119,105,14,31.213872832369944,9.248554913294797,21.965317919075144,68.78612716763006,60.69364161849711,8.092485549132949
E00163903,64,19,6,13,45,37,8,29.6875,9.375,20.3125,70.3125,57.8125,12.5
E00163904,131,33,16,17,98,74,24,25.190839694656486,12.213740458015266,12.977099236641221,74.80916030534351,56.48854961832062,18.3206106870229
E00163905,119,29,14,15,90,71,19,24.369747899159663,11.76470588235294,12.605042016806722,75.63025210084034,59.66386554621849,15.966386554621847
E00163906,76,28,5,23,48,40,8,36.84210526315789,6.578947368421052,30.263157894736842,63.1578947368421,52.63157894736842,10.526315789473683
E00163907,132,37,11,26,95,77,18,28.030303030303028,8.333333333333332,19.696969696969695,71.96969696969697,58.333333333333336,13.636363636363635
E00163908,117,37,12,25,80,69,11,31.62393162393162,10.256410256410255,21.367521367521366,68.37606837606837,58.97435897435898,9.401709401709402
E00163909,129,32,18,14,97,88,9,24.8062015503876,13.953488372093023,10.852713178294573,75.1937984496124,68.21705426356588,6.976744186046512
E00163910,155,46,15,31,109,73,36,29.677419354838708,9.67741935483871,20,70.3225806451613,47.096774193548384,23.225806451612904
E00163911,167,55,19,36,112,90,22,32.93413173652694,11.377245508982035,21.55688622754491,67.06586826347305,53.89221556886228,13.17365269461078
E00163912,115,33,13,20,82,74,8,28.695652173913043,11.304347826086957,17.391304347826086,71.30434782608695,64.34782608695652,6.956521739130435
E00163913,173,58,25,33,115,97,18,33.52601156069364,14.450867052023122,19.07514450867052,66.47398843930635,56.06936416184971,10.404624277456648
E00163914,108,31,8,23,77,66,11,28.703703703703702,7.4074074074074066,21.296296296296298,71.29629629629629,61.111111111111114,10.185185185185185
E00163915,68,31,9,22,37,32,5,45.588235294117645,13.23529411764706,32.35294117647059,54.41176470588235,47.05882352941176,7.352941176470589
E00163916,155,51,16,35,104,92,12,32.903225806451616,10.32258064516129,22.58064516129032,67.0967741935484,59.354838709677416,7.741935483870968
E00163917,112,27,3,24,85,71,14,24.107142857142858,2.6785714285714284,21.428571428571427,75.89285714285714,63.39285714285714,12.5
E00163918,126,43,11,32,83,69,14,34.12698412698413,8.73015873015873,25.396825396825395,65.87301587301587,54.761904761904766,11.11111111111111
E00163919,154,49,12,37,105,85,20,31.818181818181817,7.792207792207792,24.025974025974026,68.18181818181817,55.1948051948052,12.987012987012985
E00163920,205,74,36,38,131,82,49,36.09756097560975,17.560975609756095,18.536585365853657,63.90243902439025,40,23.902439024390244
E00163921,181,52,20,32,129,93,36,28.7292817679558,11.049723756906078,17.67955801104972,71.27071823204419,51.38121546961326,19.88950276243094
E00163922,146,35,15,20,111,86,25,23.972602739726025,10.273972602739725,13.698630136986301,76.02739726027397,58.9041095890411,17.123287671232877
E00163923,165,50,22,28,115,82,33,30.303030303030305,13.333333333333334,16.969696969696972,69.6969696969697,49.696969696969695,20
E00163924,105,34,10,24,71,63,8,32.38095238095238,9.523809523809524,22.857142857142858,67.61904761904762,60,7.6190476190476195
E00163925,257,71,32,39,186,137,49,27.626459143968873,12.45136186770428,15.17509727626459,72.37354085603113,53.30739299610895,19.06614785992218
E00163926,159,62,25,37,97,81,16,38.9937106918239,15.723270440251572,23.270440251572328,61.0062893081761,50.943396226415096,10.062893081761008
E00163927,180,53,21,32,127,101,26,29.444444444444446,11.666666666666666,17.77777777777778,70.55555555555556,56.111111111111114,14.444444444444443
E00163928,137,49,21,28,88,73,15,35.76642335766424,15.328467153284672,20.437956204379564,64.23357664233576,53.284671532846716,10.948905109489052
E00163929,166,50,16,34,116,96,20,30.120481927710845,9.63855421686747,20.481927710843372,69.87951807228916,57.831325301204814,12.048192771084338
E00163930,147,58,22,36,89,71,18,39.455782312925166,14.965986394557824,24.489795918367346,60.544217687074834,48.29931972789115,12.244897959183673
E00163931,170,59,24,35,111,80,31,34.705882352941174,14.117647058823529,20.588235294117645,65.29411764705883,47.05882352941176,18.235294117647058
E00163932,270,80,22,58,190,163,27,29.629629629629626,8.148148148148149,21.48148148148148,70.37037037037037,60.370370370370374,10
E00163933,130,35,11,24,95,81,14,26.923076923076923,8.461538461538462,18.461538461538463,73.07692307692307,62.30769230769231,10.76923076923077
E00163934,163,51,17,34,112,82,30,31.28834355828221,10.429447852760736,20.858895705521473,68.71165644171779,50.306748466257666,18.404907975460123
E00163935,170,58,23,35,112,88,24,34.11764705882353,13.529411764705882,20.588235294117645,65.88235294117646,51.76470588235295,14.117647058823529
E00163937,55,18,8,10,37,31,6,32.72727272727273,14.545454545454545,18.181818181818183,67.27272727272727,56.36363636363636,10.909090909090908
E00163938,185,61,18,43,124,101,23,32.972972972972975,9.72972972972973,23.243243243243246,67.02702702702703,54.59459459459459,12.432432432432433
E00163939,170,59,28,31,111,96,15,34.705882352941174,16.470588235294116,18.235294117647058,65.29411764705883,56.470588235294116,8.823529411764707
E00163940,167,47,16,31,120,86,34,28.143712574850298,9.580838323353294,18.562874251497004,71.8562874251497,51.49700598802395,20.359281437125748
E00163941,178,49,16,33,129,105,24,27.52808988764045,8.98876404494382,18.53932584269663,72.47191011235955,58.98876404494382,13.48314606741573
E00163942,164,60,15,45,104,81,23,36.58536585365854,9.146341463414634,27.439024390243905,63.41463414634146,49.390243902439025,14.02439024390244
E00163943,213,60,26,34,153,136,17,28.169014084507044,12.206572769953052,15.96244131455399,71.83098591549296,63.84976525821596,7.981220657276995
E00163944,161,63,24,39,98,78,20,39.130434782608695,14.906832298136646,24.22360248447205,60.86956521739131,48.4472049689441,12.422360248447205
E00163945,191,59,21,38,132,99,33,30.89005235602094,10.99476439790576,19.895287958115183,69.10994764397905,51.832460732984295,17.277486910994764
E00163946,254,61,22,39,193,149,44,24.015748031496063,8.661417322834646,15.354330708661418,75.98425196850394,58.661417322834644,17.322834645669293
E00163948,216,60,21,39,156,126,30,27.77777777777778,9.722222222222223,18.055555555555554,72.22222222222221,58.333333333333336,13.88888888888889
E00163949,188,63,18,45,125,106,19,33.51063829787234,9.574468085106384,23.93617021276596,66.48936170212765,56.38297872340425,10.106382978723403
E00163950,183,66,22,44,117,97,20,36.0655737704918,12.021857923497267,24.043715846994534,63.934426229508205,53.00546448087432,10.92896174863388
E00163951,138,41,18,23,97,72,25,29.71014492753623,13.043478260869565,16.666666666666664,70.28985507246377,52.17391304347826,18.115942028985508
E00163952,234,56,23,33,178,135,43,23.931623931623932,9.82905982905983,14.102564102564102,76.06837606837607,57.692307692307686,18.37606837606838
E00163953,135,43,15,28,92,67,25,31.851851851851855,11.11111111111111,20.74074074074074,68.14814814814815,49.629629629629626,18.51851851851852
E00163954,153,52,31,21,101,75,26,33.98692810457516,20.26143790849673,13.725490196078432,66.01307189542483,49.01960784313725,16.99346405228758
E00163955,163,49,18,31,114,78,36,30.061349693251532,11.042944785276074,19.018404907975462,69.93865030674846,47.85276073619632,22.085889570552148
E00163956,87,24,9,15,63,58,5,27.586206896551722,10.344827586206897,17.24137931034483,72.41379310344827,66.66666666666666,5.747126436781609
E00163957,172,54,13,41,118,93,25,31.3953488372093,7.55813953488372,23.837209302325583,68.6046511627907,54.06976744186046,14.534883720930234
E00163958,212,74,37,37,138,94,44,34.90566037735849,17.452830188679243,17.452830188679243,65.09433962264151,44.339622641509436,20.754716981132077
E00163959,182,50,11,39,132,106,26,27.472527472527474,6.043956043956044,21.428571428571427,72.52747252747253,58.24175824175825,14.285714285714285
E00163960,112,33,10,23,79,62,17,29.464285714285715,8.928571428571429,20.535714285714285,70.53571428571429,55.35714285714286,15.178571428571427
E00163961,128,36,9,27,92,79,13,28.125,7.03125,21.09375,71.875,61.71875,10.15625
E00163962,114,25,7,18,89,71,18,21.929824561403507,6.140350877192982,15.789473684210526,78.0701754385965,62.28070175438597,15.789473684210526
E00163963,149,47,5,42,102,90,12,31.543624161073826,3.3557046979865772,28.187919463087248,68.45637583892618,60.40268456375839,8.053691275167784
E00163964,145,48,21,27,97,79,18,33.10344827586207,14.482758620689657,18.620689655172416,66.89655172413794,54.48275862068965,12.413793103448276
E00163965,132,39,9,30,93,84,9,29.545454545454547,6.8181818181818175,22.727272727272727,70.45454545454545,63.63636363636363,6.8181818181818175
E00163966,128,36,9,27,92,77,15,28.125,7.03125,21.09375,71.875,60.15625,11.71875
E00163967,149,54,17,37,95,87,8,36.241610738255034,11.409395973154362,24.832214765100673,63.758389261744966,58.38926174496645,5.369127516778524
E00163968,170,49,12,37,121,98,23,28.823529411764703,7.0588235294117645,21.764705882352942,71.17647058823529,57.647058823529406,13.529411764705882
E00163969,108,34,16,18,74,57,17,31.48148148148148,14.814814814814813,16.666666666666664,68.51851851851852,52.77777777777778,15.74074074074074
E00163970,179,54,19,35,125,107,18,30.16759776536313,10.614525139664805,19.553072625698324,69.83240223463687,59.77653631284916,10.05586592178771
E00163971,156,50,22,28,106,91,15,32.05128205128205,14.102564102564102,17.94871794871795,67.94871794871796,58.333333333333336,9.615384615384617
E00163972,130,36,12,24,94,86,8,27.692307692307693,9.230769230769232,18.461538461538463,72.3076923076923,66.15384615384615,6.153846153846154
E00163973,132,46,16,30,86,71,15,34.84848484848485,12.121212121212121,22.727272727272727,65.15151515151516,53.78787878787878,11.363636363636363
E00163974,99,34,11,23,65,49,16,34.34343434343434,11.11111111111111,23.232323232323232,65.65656565656566,49.494949494949495,16.161616161616163
E00163975,159,45,8,37,114,89,25,28.30188679245283,5.031446540880504,23.270440251572328,71.69811320754717,55.9748427672956,15.723270440251572
E00163976,94,27,11,16,67,50,17,28.723404255319153,11.702127659574469,17.02127659574468,71.27659574468085,53.191489361702125,18.085106382978726
E00163977,154,41,21,20,113,88,25,26.623376623376622,13.636363636363635,12.987012987012985,73.37662337662337,57.14285714285714,16.233766233766232
E00163978,156,52,21,31,104,85,19,33.33333333333333,13.461538461538462,19.871794871794872,66.66666666666666,54.48717948717948,12.179487179487179
E00163979,175,45,20,25,130,105,25,25.71428571428571,11.428571428571429,14.285714285714285,74.28571428571429,60,14.285714285714285
E00163980,168,55,29,26,113,82,31,32.73809523809524,17.261904761904763,15.476190476190476,67.26190476190477,48.80952380952381,18.452380952380953
E00163981,133,44,17,27,89,62,27,33.08270676691729,12.781954887218044,20.30075187969925,66.9172932330827,46.616541353383454,20.30075187969925
E00163982,136,37,13,24,99,82,17,27.205882352941174,9.558823529411764,17.647058823529413,72.79411764705883,60.29411764705882,12.5
E00163983,109,33,5,28,76,65,11,30.275229357798167,4.587155963302752,25.688073394495415,69.72477064220183,59.63302752293578,10.091743119266056
E00163984,177,49,15,34,128,109,19,27.683615819209038,8.47457627118644,19.2090395480226,72.31638418079096,61.5819209039548,10.734463276836157
E00163985,142,45,17,28,97,86,11,31.690140845070424,11.971830985915492,19.718309859154928,68.30985915492957,60.56338028169014,7.746478873239436
E00163986,131,42,15,27,89,77,12,32.06106870229007,11.450381679389313,20.610687022900763,67.93893129770993,58.778625954198475,9.16030534351145
E00163987,145,46,21,25,99,80,19,31.724137931034484,14.482758620689657,17.24137931034483,68.27586206896552,55.172413793103445,13.10344827586207
E00163988,76,29,8,21,47,40,7,38.15789473684211,10.526315789473683,27.631578947368425,61.8421052631579,52.63157894736842,9.210526315789473
E00163989,164,56,21,35,108,84,24,34.146341463414636,12.804878048780488,21.341463414634145,65.85365853658537,51.21951219512195,14.634146341463413
E00163990,161,45,18,27,116,94,22,27.95031055900621,11.180124223602485,16.77018633540373,72.04968944099379,58.38509316770186,13.664596273291925
E00163991,103,31,6,25,72,62,10,30.097087378640776,5.825242718446602,24.271844660194176,69.90291262135922,60.19417475728155,9.70873786407767
E00163992,138,40,19,21,98,69,29,28.985507246376812,13.768115942028986,15.217391304347828,71.01449275362319,50,21.014492753623188
E00163993,205,61,23,38,144,119,25,29.756097560975608,11.219512195121952,18.536585365853657,70.24390243902438,58.048780487804876,12.195121951219512
E00163994,163,53,18,35,110,93,17,32.515337423312886,11.042944785276074,21.472392638036812,67.48466257668711,57.05521472392638,10.429447852760736
E00163995,167,48,13,35,119,94,25,28.74251497005988,7.784431137724551,20.958083832335326,71.25748502994011,56.287425149700596,14.97005988023952
E00163997,227,67,24,43,160,136,24,29.515418502202646,10.572687224669604,18.94273127753304,70.48458149779736,59.91189427312775,10.572687224669604
E00163998,153,54,17,37,99,78,21,35.294117647058826,11.11111111111111,24.183006535947712,64.70588235294117,50.98039215686274,13.725490196078432
E00164000,51,22,6,16,29,28,1,43.13725490196079,11.76470588235294,31.372549019607842,56.86274509803921,54.90196078431373,1.9607843137254901
E00164001,178,44,14,30,134,121,13,24.719101123595504,7.865168539325842,16.853932584269664,75.28089887640449,67.97752808988764,7.303370786516854
E00164002,170,63,23,40,107,96,11,37.05882352941177,13.529411764705882,23.52941176470588,62.94117647058823,56.470588235294116,6.470588235294119
E00164003,196,55,12,43,141,129,12,28.061224489795915,6.122448979591836,21.93877551020408,71.93877551020408,65.81632653061224,6.122448979591836
E00164004,217,62,27,35,155,129,26,28.57142857142857,12.442396313364055,16.129032258064516,71.42857142857143,59.44700460829493,11.981566820276496
E00164005,207,64,19,45,143,116,27,30.917874396135264,9.178743961352657,21.73913043478261,69.08212560386472,56.038647342995176,13.043478260869565
E00164006,162,46,15,31,116,94,22,28.39506172839506,9.25925925925926,19.1358024691358,71.60493827160494,58.0246913580247,13.580246913580247
E00164007,146,41,11,30,105,86,19,28.08219178082192,7.534246575342466,20.54794520547945,71.91780821917808,58.9041095890411,13.013698630136986
E00164008,138,35,15,20,103,86,17,25.36231884057971,10.869565217391305,14.492753623188406,74.63768115942028,62.31884057971014,12.318840579710146
E00164009,137,42,13,29,95,76,19,30.656934306569344,9.48905109489051,21.16788321167883,69.34306569343066,55.47445255474452,13.86861313868613
E00164010,152,56,16,40,96,82,14,36.84210526315789,10.526315789473683,26.31578947368421,63.1578947368421,53.94736842105263,9.210526315789473
E00164011,60,15,6,9,45,34,11,25,10,15,75,56.666666666666664,18.333333333333332
E00164012,181,46,14,32,135,114,21,25.41436464088398,7.734806629834254,17.67955801104972,74.58563535911603,62.98342541436463,11.602209944751381
E00164014,66,23,12,11,43,34,9,34.84848484848485,18.181818181818183,16.666666666666664,65.15151515151516,51.515151515151516,13.636363636363635
E00164015,114,27,11,16,87,71,16,23.684210526315788,9.649122807017543,14.035087719298245,76.31578947368422,62.28070175438597,14.035087719298245
E00164016,158,52,17,35,106,91,15,32.91139240506329,10.759493670886076,22.151898734177212,67.08860759493672,57.59493670886076,9.49367088607595
E00164017,108,21,6,15,87,72,15,19.444444444444446,5.555555555555555,13.88888888888889,80.55555555555556,66.66666666666666,13.88888888888889
E00164018,41,12,6,6,29,27,2,29.268292682926827,14.634146341463413,14.634146341463413,70.73170731707317,65.85365853658537,4.878048780487805
E00164019,118,24,6,18,94,82,12,20.33898305084746,5.084745762711865,15.254237288135593,79.66101694915254,69.49152542372882,10.16949152542373
E00164021,159,43,17,26,116,103,13,27.044025157232703,10.69182389937107,16.352201257861633,72.95597484276729,64.77987421383648,8.176100628930817
E00164022,137,56,14,42,81,65,16,40.87591240875913,10.218978102189782,30.656934306569344,59.12408759124088,47.44525547445255,11.678832116788321
E00164023,94,38,12,26,56,43,13,40.42553191489361,12.76595744680851,27.659574468085108,59.57446808510638,45.744680851063826,13.829787234042554
E00164024,33,17,4,13,16,15,1,51.515151515151516,12.121212121212121,39.39393939393939,48.484848484848484,45.45454545454545,3.0303030303030303
E00164025,99,28,4,24,71,67,4,28.28282828282828,4.040404040404041,24.242424242424242,71.71717171717171,67.67676767676768,4.040404040404041
E00164026,208,68,23,45,140,115,25,32.69230769230769,11.057692307692307,21.634615384615387,67.3076923076923,55.28846153846154,12.01923076923077
E00164027,126,43,10,33,83,72,11,34.12698412698413,7.936507936507936,26.190476190476193,65.87301587301587,57.14285714285714,8.73015873015873
E00164028,163,40,8,32,123,103,20,24.539877300613497,4.9079754601226995,19.631901840490798,75.4601226993865,63.190184049079754,12.269938650306749
E00164029,130,43,15,28,87,74,13,33.07692307692307,11.538461538461538,21.53846153846154,66.92307692307692,56.92307692307692,10
E00164030,99,38,9,29,61,54,7,38.38383838383838,9.090909090909092,29.292929292929294,61.61616161616161,54.54545454545454,7.07070707070707
E00164031,116,26,11,15,90,78,12,22.413793103448278,9.482758620689655,12.931034482758621,77.58620689655173,67.24137931034483,10.344827586206897
E00164032,204,66,19,47,138,111,27,32.35294117647059,9.313725490196079,23.03921568627451,67.64705882352942,54.41176470588235,13.23529411764706
E00164033,115,34,12,22,81,70,11,29.565217391304348,10.434782608695652,19.130434782608695,70.43478260869566,60.86956521739131,9.565217391304348
E00164034,142,55,20,35,87,71,16,38.732394366197184,14.084507042253522,24.647887323943664,61.267605633802816,50,11.267605633802818
E00164035,114,41,11,30,73,64,9,35.96491228070175,9.649122807017543,26.31578947368421,64.03508771929825,56.14035087719298,7.894736842105263
E00164036,180,51,17,34,129,111,18,28.333333333333332,9.444444444444445,18.88888888888889,71.66666666666667,61.66666666666667,10
E00164037,116,46,19,27,70,60,10,39.6551724137931,16.379310344827587,23.275862068965516,60.3448275862069,51.724137931034484,8.620689655172415
E00164039,169,51,20,31,118,102,16,30.17751479289941,11.834319526627219,18.34319526627219,69.8224852071006,60.35502958579882,9.467455621301776
E00164040,137,39,9,30,98,84,14,28.467153284671532,6.569343065693431,21.897810218978105,71.53284671532847,61.31386861313869,10.218978102189782
E00164041,162,47,12,35,115,99,16,29.01234567901235,7.4074074074074066,21.604938271604937,70.98765432098766,61.111111111111114,9.876543209876543
E00164042,149,33,9,24,116,99,17,22.14765100671141,6.0402684563758395,16.10738255033557,77.85234899328859,66.44295302013423,11.409395973154362
E00164043,217,72,23,49,145,132,13,33.17972350230415,10.599078341013826,22.58064516129032,66.82027649769586,60.82949308755761,5.990783410138248
E00164044,110,34,14,20,76,69,7,30.909090909090907,12.727272727272727,18.181818181818183,69.0909090909091,62.727272727272734,6.363636363636363
E00164045,246,68,20,48,178,155,23,27.64227642276423,8.130081300813007,19.51219512195122,72.35772357723577,63.00813008130082,9.34959349593496
E00164047,141,46,16,30,95,82,13,32.62411347517731,11.347517730496454,21.27659574468085,67.37588652482269,58.156028368794324,9.219858156028367
E00164048,145,35,11,24,110,97,13,24.137931034482758,7.586206896551724,16.551724137931036,75.86206896551724,66.89655172413794,8.96551724137931
E00164049,81,21,8,13,60,56,4,25.925925925925924,9.876543209876543,16.049382716049383,74.07407407407408,69.1358024691358,4.938271604938271
E00164050,126,33,9,24,93,76,17,26.190476190476193,7.142857142857142,19.047619047619047,73.80952380952381,60.317460317460316,13.492063492063492
E00164051,147,47,16,31,100,85,15,31.97278911564626,10.884353741496598,21.08843537414966,68.02721088435374,57.82312925170068,10.204081632653061
E00164052,190,47,11,36,143,116,27,24.736842105263158,5.7894736842105265,18.947368421052634,75.26315789473685,61.05263157894737,14.210526315789473
E00164054,104,27,8,19,77,64,13,25.961538461538463,7.6923076923076925,18.269230769230766,74.03846153846155,61.53846153846154,12.5
E00164055,159,44,16,28,115,101,14,27.67295597484277,10.062893081761008,17.61006289308176,72.32704402515722,63.52201257861635,8.80503144654088
E00164056,194,60,19,41,134,118,16,30.927835051546392,9.793814432989691,21.1340206185567,69.0721649484536,60.824742268041234,8.24742268041237
E00164057,152,38,10,28,114,90,24,25,6.578947368421052,18.421052631578945,75,59.210526315789465,15.789473684210526
E00164058,150,33,14,19,117,104,13,22,9.333333333333334,12.666666666666668,78,69.33333333333334,8.666666666666668
E00164059,174,44,17,27,130,109,21,25.287356321839084,9.770114942528735,15.517241379310345,74.71264367816092,62.643678160919535,12.068965517241379
E00164060,182,50,18,32,132,110,22,27.472527472527474,9.89010989010989,17.582417582417584,72.52747252747253,60.43956043956044,12.087912087912088
E00164062,203,68,21,47,135,98,37,33.497536945812804,10.344827586206897,23.15270935960591,66.50246305418719,48.275862068965516,18.226600985221676
E00164063,166,46,16,30,120,96,24,27.710843373493976,9.63855421686747,18.072289156626507,72.28915662650603,57.831325301204814,14.457831325301203
E00164064,193,67,28,39,126,100,26,34.715025906735754,14.507772020725387,20.207253886010363,65.28497409326425,51.813471502590666,13.471502590673575
E00164065,104,35,12,23,69,54,15,33.65384615384615,11.538461538461538,22.115384615384613,66.34615384615384,51.92307692307693,14.423076923076922
E00164066,151,46,19,27,105,93,12,30.4635761589404,12.582781456953644,17.880794701986755,69.5364238410596,61.58940397350994,7.9470198675496695
E00164067,199,58,26,32,141,122,19,29.145728643216078,13.06532663316583,16.08040201005025,70.85427135678391,61.30653266331658,9.547738693467336
E00164068,262,57,23,34,205,179,26,21.755725190839694,8.778625954198473,12.977099236641221,78.2442748091603,68.32061068702289,9.923664122137405
E00164069,296,76,21,55,220,181,39,25.675675675675674,7.094594594594595,18.58108108108108,74.32432432432432,61.14864864864865,13.175675675675674
E00164070,189,59,17,42,130,92,38,31.216931216931215,8.994708994708994,22.22222222222222,68.78306878306879,48.67724867724868,20.105820105820104
E00164073,173,44,20,24,129,104,25,25.43352601156069,11.560693641618498,13.872832369942195,74.56647398843931,60.115606936416185,14.450867052023122
E00164074,166,49,21,28,117,97,20,29.518072289156628,12.650602409638553,16.867469879518072,70.48192771084338,58.43373493975904,12.048192771084338
E00164075,52,17,8,9,35,19,16,32.69230769230769,15.384615384615385,17.307692307692307,67.3076923076923,36.53846153846153,30.76923076923077
E00164076,97,24,9,15,73,53,20,24.742268041237114,9.278350515463918,15.463917525773196,75.25773195876289,54.63917525773196,20.618556701030926
E00164077,152,48,15,33,104,80,24,31.57894736842105,9.868421052631579,21.710526315789476,68.42105263157895,52.63157894736842,15.789473684210526
E00164078,121,41,16,25,80,60,20,33.88429752066116,13.223140495867769,20.66115702479339,66.11570247933885,49.586776859504134,16.528925619834713
E00164079,182,52,20,32,130,107,23,28.57142857142857,10.989010989010989,17.582417582417584,71.42857142857143,58.791208791208796,12.637362637362637
E00164080,124,41,22,19,83,65,18,33.064516129032256,17.741935483870968,15.32258064516129,66.93548387096774,52.41935483870967,14.516129032258066
E00164081,169,44,15,29,125,113,12,26.035502958579883,8.875739644970414,17.159763313609467,73.96449704142012,66.86390532544378,7.100591715976331
E00164082,142,46,14,32,96,86,10,32.3943661971831,9.859154929577464,22.535211267605636,67.6056338028169,60.56338028169014,7.042253521126761
E00164083,214,57,23,34,157,140,17,26.635514018691588,10.74766355140187,15.887850467289718,73.36448598130842,65.42056074766354,7.943925233644859
E00164084,177,52,19,33,125,112,13,29.37853107344633,10.734463276836157,18.64406779661017,70.62146892655367,63.2768361581921,7.344632768361582
E00164085,172,54,14,40,118,103,15,31.3953488372093,8.13953488372093,23.25581395348837,68.6046511627907,59.883720930232556,8.720930232558139
E00164086,204,48,16,32,156,137,19,23.52941176470588,7.8431372549019605,15.686274509803921,76.47058823529412,67.15686274509804,9.313725490196079
E00164087,155,27,7,20,128,113,15,17.419354838709676,4.516129032258064,12.903225806451612,82.58064516129032,72.90322580645162,9.67741935483871
E00164088,139,41,16,25,98,91,7,29.496402877697843,11.510791366906476,17.985611510791365,70.50359712230215,65.46762589928058,5.0359712230215825
E00164089,114,26,8,18,88,77,11,22.807017543859647,7.017543859649122,15.789473684210526,77.19298245614034,67.54385964912281,9.649122807017543
E00164090,113,36,8,28,77,64,13,31.858407079646017,7.079646017699115,24.778761061946902,68.14159292035397,56.63716814159292,11.504424778761061
E00164091,150,37,12,25,113,100,13,24.666666666666668,8,16.666666666666664,75.33333333333333,66.66666666666666,8.666666666666668
E00164092,138,43,19,24,95,78,17,31.15942028985507,13.768115942028986,17.391304347826086,68.84057971014492,56.52173913043478,12.318840579710146
E00164093,161,49,19,30,112,98,14,30.434782608695656,11.801242236024844,18.633540372670808,69.56521739130434,60.86956521739131,8.695652173913043
E00164094,128,37,12,25,91,76,15,28.90625,9.375,19.53125,71.09375,59.375,11.71875
E00164095,126,48,20,28,78,66,12,38.095238095238095,15.873015873015872,22.22222222222222,61.904761904761905,52.38095238095239,9.523809523809524
E00164096,159,40,13,27,119,97,22,25.157232704402517,8.176100628930817,16.9811320754717,74.84276729559748,61.0062893081761,13.836477987421384
E00164097,219,66,21,45,153,139,14,30.136986301369863,9.58904109589041,20.54794520547945,69.86301369863014,63.4703196347032,6.392694063926941
E00164098,129,42,8,34,87,73,14,32.55813953488372,6.2015503875969,26.356589147286826,67.44186046511628,56.58914728682171,10.852713178294573
E00164099,161,61,18,43,100,84,16,37.88819875776397,11.180124223602485,26.70807453416149,62.11180124223602,52.17391304347826,9.937888198757763
E00164100,182,61,28,33,121,105,16,33.51648351648351,15.384615384615385,18.13186813186813,66.48351648351648,57.692307692307686,8.791208791208792
E00164101,134,53,23,30,81,63,18,39.55223880597015,17.16417910447761,22.388059701492537,60.447761194029844,47.01492537313433,13.432835820895523
E00164102,140,46,12,34,94,70,24,32.857142857142854,8.571428571428571,24.285714285714285,67.14285714285714,50,17.142857142857142
E00164103,180,60,22,38,120,100,20,33.33333333333333,12.222222222222221,21.11111111111111,66.66666666666666,55.55555555555556,11.11111111111111
E00164104,171,63,18,45,108,89,19,36.84210526315789,10.526315789473683,26.31578947368421,63.1578947368421,52.046783625730995,11.11111111111111
E00164105,165,53,16,37,112,96,16,32.121212121212125,9.696969696969697,22.424242424242426,67.87878787878789,58.18181818181818,9.696969696969697
E00164106,163,46,12,34,117,104,13,28.22085889570552,7.361963190184049,20.858895705521473,71.77914110429448,63.80368098159509,7.975460122699387
E00164107,191,63,23,40,128,105,23,32.98429319371728,12.041884816753926,20.94240837696335,67.01570680628272,54.973821989528794,12.041884816753926
E00164108,135,47,17,30,88,76,12,34.81481481481482,12.592592592592592,22.22222222222222,65.18518518518519,56.2962962962963,8.88888888888889
E00164109,202,61,26,35,141,123,18,30.198019801980198,12.871287128712872,17.326732673267326,69.80198019801979,60.89108910891089,8.91089108910891
E00164110,124,50,15,35,74,62,12,40.32258064516129,12.096774193548388,28.225806451612907,59.67741935483871,50,9.67741935483871
E00164111,169,45,14,31,124,112,12,26.627218934911244,8.284023668639055,18.34319526627219,73.37278106508876,66.27218934911244,7.100591715976331
E00164112,101,33,8,25,68,57,11,32.67326732673268,7.920792079207921,24.752475247524753,67.32673267326733,56.43564356435643,10.891089108910892
E00164113,238,82,34,48,156,111,45,34.45378151260504,14.285714285714285,20.168067226890756,65.54621848739495,46.63865546218487,18.907563025210084
E00164114,144,64,26,38,80,60,20,44.44444444444444,18.055555555555554,26.38888888888889,55.55555555555556,41.66666666666667,13.88888888888889
E00164115,138,51,25,26,87,66,21,36.95652173913043,18.115942028985508,18.84057971014493,63.04347826086957,47.82608695652174,15.217391304347828
E00164116,135,43,23,20,92,68,24,31.851851851851855,17.037037037037038,14.814814814814813,68.14814814814815,50.37037037037037,17.77777777777778
E00164117,153,44,14,30,109,74,35,28.75816993464052,9.15032679738562,19.607843137254903,71.24183006535948,48.366013071895424,22.875816993464053
E00164118,124,37,11,26,87,67,20,29.838709677419356,8.870967741935484,20.967741935483872,70.16129032258065,54.03225806451613,16.129032258064516
E00164119,88,29,14,15,59,47,12,32.95454545454545,15.909090909090908,17.045454545454543,67.04545454545455,53.40909090909091,13.636363636363635
E00164120,157,39,17,22,118,97,21,24.840764331210192,10.828025477707007,14.012738853503185,75.15923566878982,61.78343949044586,13.375796178343949
E00164121,169,57,18,39,112,99,13,33.72781065088758,10.650887573964498,23.076923076923077,66.27218934911244,58.57988165680473,7.6923076923076925
E00164122,41,17,8,9,24,22,2,41.46341463414634,19.51219512195122,21.951219512195124,58.536585365853654,53.65853658536586,4.878048780487805
E00164123,136,40,21,19,96,72,24,29.411764705882355,15.441176470588236,13.970588235294118,70.58823529411765,52.94117647058824,17.647058823529413
E00164125,279,73,28,45,206,171,35,26.16487455197133,10.03584229390681,16.129032258064516,73.83512544802868,61.29032258064516,12.544802867383511
E00164126,229,79,27,52,150,129,21,34.49781659388647,11.790393013100436,22.707423580786028,65.50218340611353,56.33187772925764,9.170305676855897
E00172214,208,55,25,30,153,106,47,26.442307692307693,12.01923076923077,14.423076923076922,73.5576923076923,50.96153846153846,22.596153846153847
E00172215,124,37,8,29,87,55,32,29.838709677419356,6.451612903225806,23.387096774193548,70.16129032258065,44.354838709677416,25.806451612903224
E00172216,207,69,25,44,138,119,19,33.33333333333333,12.077294685990339,21.256038647342994,66.66666666666666,57.48792270531401,9.178743961352657
E00172217,99,29,3,26,70,55,15,29.292929292929294,3.0303030303030303,26.262626262626267,70.70707070707071,55.55555555555556,15.151515151515152
E00172218,143,40,20,20,103,75,28,27.972027972027973,13.986013986013987,13.986013986013987,72.02797202797203,52.44755244755245,19.58041958041958
E00172219,169,40,8,32,129,112,17,23.668639053254438,4.733727810650888,18.93491124260355,76.33136094674556,66.27218934911244,10.059171597633137
E00172220,157,37,8,29,120,102,18,23.56687898089172,5.095541401273886,18.471337579617835,76.43312101910828,64.96815286624204,11.464968152866243
E00172221,145,40,10,30,105,94,11,27.586206896551722,6.896551724137931,20.689655172413794,72.41379310344827,64.82758620689654,7.586206896551724
E00172222,59,17,10,7,42,35,7,28.8135593220339,16.94915254237288,11.864406779661017,71.1864406779661,59.32203389830508,11.864406779661017
E00172223,160,35,8,27,125,116,9,21.875,5,16.875,78.125,72.5,5.625
E00172224,239,60,21,39,179,142,37,25.10460251046025,8.786610878661087,16.317991631799163,74.89539748953975,59.41422594142259,15.481171548117153
E00172225,193,51,16,35,142,118,24,26.42487046632124,8.290155440414509,18.134715025906736,73.57512953367875,61.13989637305699,12.435233160621761
E00172226,206,49,9,40,157,130,27,23.78640776699029,4.368932038834951,19.41747572815534,76.2135922330097,63.10679611650486,13.106796116504855
E00172227,146,35,8,27,111,86,25,23.972602739726025,5.47945205479452,18.493150684931507,76.02739726027397,58.9041095890411,17.123287671232877
E00172228,171,33,11,22,138,118,20,19.298245614035086,6.432748538011696,12.865497076023392,80.7017543859649,69.00584795321637,11.695906432748536
E00172229,150,36,10,26,114,97,17,24,6.666666666666667,17.333333333333336,76,64.66666666666666,11.333333333333332
E00172230,182,50,16,34,132,117,15,27.472527472527474,8.791208791208792,18.681318681318682,72.52747252747253,64.28571428571429,8.241758241758241
E00172231,209,50,12,38,159,132,27,23.923444976076556,5.741626794258373,18.181818181818183,76.07655502392345,63.1578947368421,12.918660287081341
E00172232,210,53,14,39,157,122,35,25.238095238095237,6.666666666666667,18.571428571428573,74.76190476190476,58.0952380952381,16.666666666666664
E00181274,356,86,29,57,270,234,36,24.15730337078652,8.146067415730338,16.01123595505618,75.84269662921348,65.73033707865169,10.112359550561797
E00181277,242,79,21,58,163,145,18,32.64462809917356,8.677685950413224,23.96694214876033,67.35537190082644,59.917355371900825,7.43801652892562
E00181298,202,35,11,24,167,147,20,17.326732673267326,5.445544554455446,11.881188118811881,82.67326732673267,72.77227722772277,9.900990099009901
E00181304,126,26,8,18,100,80,20,20.634920634920633,6.349206349206349,14.285714285714285,79.36507936507937,63.49206349206349,15.873015873015872
E00181308,82,17,6,11,65,55,10,20.73170731707317,7.317073170731707,13.414634146341465,79.26829268292683,67.07317073170732,12.195121951219512
E00181312,98,24,9,15,74,64,10,24.489795918367346,9.183673469387756,15.306122448979592,75.51020408163265,65.3061224489796,10.204081632653061
E00181313,91,27,6,21,64,57,7,29.67032967032967,6.593406593406594,23.076923076923077,70.32967032967034,62.637362637362635,7.6923076923076925
E00181319,90,29,13,16,61,50,11,32.22222222222222,14.444444444444443,17.77777777777778,67.77777777777779,55.55555555555556,12.222222222222221
E00181327,188,42,16,26,146,108,38,22.340425531914892,8.51063829787234,13.829787234042554,77.6595744680851,57.446808510638306,20.212765957446805
E00181329,284,74,25,49,210,168,42,26.056338028169012,8.80281690140845,17.253521126760564,73.94366197183099,59.154929577464785,14.788732394366196
E00181334,163,42,13,29,121,101,20,25.766871165644172,7.975460122699387,17.791411042944784,74.23312883435584,61.963190184049076,12.269938650306749
E00181357,274,66,20,46,208,176,32,24.087591240875913,7.2992700729927,16.78832116788321,75.91240875912408,64.23357664233576,11.678832116788321
E00181363,139,46,17,29,93,78,15,33.093525179856115,12.23021582733813,20.863309352517987,66.90647482014388,56.11510791366906,10.79136690647482
E00181366,51,21,8,13,30,25,5,41.17647058823529,15.686274509803921,25.49019607843137,58.82352941176471,49.01960784313725,9.803921568627452
E00181367,69,20,10,10,49,41,8,28.985507246376812,14.492753623188406,14.492753623188406,71.01449275362319,59.42028985507246,11.594202898550725
E00181368,323,70,9,61,253,205,48,21.671826625387,2.786377708978328,18.885448916408667,78.328173374613,63.46749226006192,14.860681114551083
E00181370,111,43,27,16,68,52,16,38.73873873873874,24.324324324324326,14.414414414414415,61.261261261261254,46.846846846846844,14.414414414414415
E00181388,167,37,15,22,130,101,29,22.15568862275449,8.982035928143713,13.17365269461078,77.84431137724552,60.47904191616767,17.365269461077844
E00181389,72,10,3,7,62,47,15,13.88888888888889,4.166666666666666,9.722222222222223,86.11111111111111,65.27777777777779,20.833333333333336
E00181391,81,31,9,22,50,46,4,38.2716049382716,11.11111111111111,27.160493827160494,61.72839506172839,56.79012345679012,4.938271604938271
E00181396,180,50,21,29,130,114,16,27.77777777777778,11.666666666666666,16.11111111111111,72.22222222222221,63.33333333333333,8.88888888888889
E00181402,115,30,9,21,85,64,21,26.08695652173913,7.82608695652174,18.26086956521739,73.91304347826086,55.65217391304348,18.26086956521739
