OA,ts0590001,ts0590002,ts0590003,ts0590004,ts0590005,ts0590006,ts0590007,ts0590002_PCT,ts0590003_PCT,ts0590004_PCT,ts0590005_PCT,ts0590006_PCT,ts0590007_PCT
E00091896,128,32,18,14,96,77,19,25,14.0625,10.9375,75,60.15625,14.84375
E00091897,177,56,20,36,121,95,26,31.63841807909605,11.299435028248588,20.33898305084746,68.36158192090396,53.672316384180796,14.689265536723164
E00091898,184,68,25,43,116,105,11,36.95652173913043,13.586956521739129,23.369565217391305,63.04347826086957,57.065217391304344,5.978260869565218
E00091899,161,51,17,34,110,92,18,31.67701863354037,10.559006211180124,21.11801242236025,68.32298136645963,57.14285714285714,11.180124223602485
E00091900,134,41,11,30,93,81,12,30.597014925373134,8.208955223880597,22.388059701492537,69.40298507462687,60.447761194029844,8.955223880597014
E00091901,88,27,9,18,61,51,10,30.681818181818183,10.227272727272728,20.454545454545457,69.31818181818183,57.95454545454546,11.363636363636363
E00091902,177,53,19,34,124,96,28,29.943502824858758,10.734463276836157,19.2090395480226,70.05649717514125,54.23728813559322,15.819209039548024
E00091903,161,55,27,28,106,71,35,34.161490683229815,16.77018633540373,17.391304347826086,65.83850931677019,44.099378881987576,21.73913043478261
E00091904,230,68,28,40,162,132,30,29.565217391304348,12.173913043478262,17.391304347826086,70.43478260869566,57.391304347826086,13.043478260869565
E00091905,147,43,21,22,104,82,22,29.25170068027211,14.285714285714285,14.965986394557824,70.74829931972789,55.78231292517006,14.965986394557824
E00091906,232,59,20,39,173,124,49,25.43103448275862,8.620689655172415,16.810344827586206,74.56896551724138,53.44827586206896,21.120689655172413
E00091907,216,77,27,50,139,115,24,35.648148148148145,12.5,23.14814814814815,64.35185185185185,53.24074074074075,11.11111111111111
E00091908,238,57,24,33,181,138,43,23.949579831932773,10.084033613445378,13.865546218487395,76.05042016806722,57.98319327731093,18.067226890756302
E00091909,98,24,9,15,74,65,9,24.489795918367346,9.183673469387756,15.306122448979592,75.51020408163265,66.3265306122449,9.183673469387756
E00091910,162,44,15,29,118,105,13,27.160493827160494,9.25925925925926,17.901234567901234,72.8395061728395,64.81481481481481,8.024691358024691
E00091911,145,32,9,23,113,102,11,22.06896551724138,6.206896551724138,15.862068965517242,77.93103448275862,70.34482758620689,7.586206896551724
E00091912,159,52,13,39,107,95,12,32.70440251572327,8.176100628930817,24.528301886792452,67.29559748427673,59.74842767295597,7.547169811320755
E00091913,214,51,12,39,163,143,20,23.83177570093458,5.607476635514018,18.22429906542056,76.16822429906543,66.82242990654206,9.345794392523365
E00091914,102,27,8,19,75,61,14,26.47058823529412,7.8431372549019605,18.627450980392158,73.52941176470588,59.80392156862745,13.725490196078432
E00091915,198,39,21,18,159,143,16,19.696969696969695,10.606060606060606,9.090909090909092,80.3030303030303,72.22222222222221,8.080808080808081
E00091916,137,43,19,24,94,78,16,31.386861313868614,13.86861313868613,17.51824817518248,68.61313868613139,56.934306569343065,11.678832116788321
E00091917,139,26,11,15,113,103,10,18.705035971223023,7.913669064748201,10.79136690647482,81.29496402877699,74.10071942446042,7.1942446043165464
E00091918,141,34,10,24,107,94,13,24.113475177304963,7.092198581560284,17.02127659574468,75.88652482269504,66.66666666666666,9.219858156028367
E00091919,167,41,10,31,126,100,26,24.550898203592812,5.9880239520958085,18.562874251497004,75.44910179640718,59.88023952095808,15.568862275449103
E00091920,127,42,14,28,85,78,7,33.07086614173229,11.023622047244094,22.04724409448819,66.92913385826772,61.417322834645674,5.511811023622047
E00091921,141,41,11,30,100,86,14,29.078014184397162,7.801418439716312,21.27659574468085,70.92198581560284,60.99290780141844,9.929078014184398
E00091922,171,64,23,41,107,93,14,37.42690058479532,13.450292397660817,23.976608187134502,62.57309941520468,54.385964912280706,8.187134502923977
E00091923,117,25,8,17,92,65,27,21.367521367521366,6.837606837606838,14.529914529914532,78.63247863247864,55.55555555555556,23.076923076923077
E00091924,120,36,15,21,84,64,20,30,12.5,17.5,70,53.333333333333336,16.666666666666664
E00091925,204,59,20,39,145,110,35,28.921568627450984,9.803921568627452,19.11764705882353,71.07843137254902,53.92156862745098,17.15686274509804
E00091926,71,25,9,16,46,35,11,35.2112676056338,12.676056338028168,22.535211267605636,64.7887323943662,49.29577464788733,15.492957746478872
E00091927,122,43,14,29,79,64,15,35.24590163934426,11.475409836065573,23.770491803278688,64.75409836065575,52.459016393442624,12.295081967213115
E00091928,95,37,15,22,58,42,16,38.94736842105263,15.789473684210526,23.157894736842106,61.05263157894737,44.21052631578947,16.842105263157894
E00091929,148,38,16,22,110,82,28,25.675675675675674,10.81081081081081,14.864864864864865,74.32432432432432,55.4054054054054,18.91891891891892
E00091930,145,46,18,28,99,76,23,31.724137931034484,12.413793103448276,19.310344827586206,68.27586206896552,52.41379310344828,15.862068965517242
E00091931,152,49,18,31,103,79,24,32.23684210526316,11.842105263157894,20.394736842105264,67.76315789473685,51.973684210526315,15.789473684210526
E00091932,168,51,12,39,117,103,14,30.357142857142854,7.142857142857142,23.214285714285715,69.64285714285714,61.30952380952381,8.333333333333332
E00091933,115,36,11,25,79,60,19,31.30434782608696,9.565217391304348,21.73913043478261,68.69565217391305,52.17391304347826,16.52173913043478
E00091934,155,60,28,32,95,73,22,38.70967741935484,18.064516129032256,20.64516129032258,61.29032258064516,47.096774193548384,14.193548387096774
E00091935,108,35,11,24,73,52,21,32.407407407407405,10.185185185185185,22.22222222222222,67.5925925925926,48.148148148148145,19.444444444444446
E00091936,211,52,16,36,159,141,18,24.644549763033176,7.5829383886255926,17.061611374407583,75.35545023696683,66.82464454976304,8.530805687203792
E00091937,73,23,5,18,50,43,7,31.506849315068493,6.8493150684931505,24.65753424657534,68.4931506849315,58.9041095890411,9.58904109589041
E00091938,156,53,26,27,103,82,21,33.97435897435898,16.666666666666664,17.307692307692307,66.02564102564102,52.56410256410257,13.461538461538462
E00091939,75,21,10,11,54,45,9,28.000000000000004,13.333333333333334,14.666666666666666,72,60,12
E00091940,108,29,9,20,79,63,16,26.851851851851855,8.333333333333332,18.51851851851852,73.14814814814815,58.333333333333336,14.814814814814813
E00091941,96,33,15,18,63,47,16,34.375,15.625,18.75,65.625,48.95833333333333,16.666666666666664
E00091942,94,17,8,9,77,56,21,18.085106382978726,8.51063829787234,9.574468085106384,81.91489361702128,59.57446808510638,22.340425531914892
E00091943,188,60,20,40,128,111,17,31.914893617021278,10.638297872340425,21.27659574468085,68.08510638297872,59.04255319148937,9.042553191489363
E00091944,167,53,18,35,114,103,11,31.736526946107784,10.778443113772456,20.958083832335326,68.26347305389223,61.67664670658682,6.58682634730539
E00091945,169,56,24,32,113,93,20,33.13609467455622,14.201183431952662,18.93491124260355,66.86390532544378,55.02958579881657,11.834319526627219
E00091946,152,51,23,28,101,82,19,33.55263157894737,15.131578947368421,18.421052631578945,66.44736842105263,53.94736842105263,12.5
E00091947,156,43,11,32,113,97,16,27.564102564102566,7.051282051282051,20.51282051282051,72.43589743589743,62.17948717948718,10.256410256410255
E00091948,122,32,14,18,90,74,16,26.229508196721312,11.475409836065573,14.754098360655737,73.77049180327869,60.65573770491803,13.114754098360656
E00091949,169,42,14,28,127,103,24,24.85207100591716,8.284023668639055,16.56804733727811,75.14792899408283,60.946745562130175,14.201183431952662
E00091950,146,43,15,28,103,83,20,29.45205479452055,10.273972602739725,19.17808219178082,70.54794520547945,56.849315068493155,13.698630136986301
E00091951,51,18,5,13,33,27,6,35.294117647058826,9.803921568627452,25.49019607843137,64.70588235294117,52.94117647058824,11.76470588235294
E00091952,214,79,29,50,135,100,35,36.915887850467286,13.551401869158877,23.364485981308412,63.084112149532714,46.728971962616825,16.355140186915886
E00091953,94,17,8,9,77,61,16,18.085106382978726,8.51063829787234,9.574468085106384,81.91489361702128,64.8936170212766,17.02127659574468
E00091954,328,78,19,59,250,217,33,23.78048780487805,5.7926829268292686,17.98780487804878,76.21951219512195,66.15853658536585,10.060975609756099
E00091957,155,54,25,29,101,89,12,34.83870967741935,16.129032258064516,18.70967741935484,65.16129032258064,57.41935483870968,7.741935483870968
E00091958,144,40,10,30,104,78,26,27.77777777777778,6.944444444444445,20.833333333333336,72.22222222222221,54.166666666666664,18.055555555555554
E00091960,164,49,19,30,115,85,30,29.878048780487802,11.585365853658537,18.29268292682927,70.1219512195122,51.829268292682926,18.29268292682927
E00091962,87,30,10,20,57,41,16,34.48275862068966,11.494252873563218,22.988505747126435,65.51724137931035,47.12643678160919,18.39080459770115
E00091963,205,51,20,31,154,115,39,24.878048780487806,9.75609756097561,15.121951219512194,75.1219512195122,56.09756097560976,19.024390243902438
E00091965,242,77,24,53,165,130,35,31.818181818181817,9.917355371900827,21.90082644628099,68.18181818181817,53.71900826446281,14.46280991735537
E00091966,298,81,29,52,217,180,37,27.181208053691275,9.731543624161073,17.449664429530202,72.81879194630872,60.40268456375839,12.416107382550337
E00091967,117,40,13,27,77,59,18,34.18803418803419,11.11111111111111,23.076923076923077,65.8119658119658,50.427350427350426,15.384615384615385
E00091968,122,30,12,18,92,73,19,24.59016393442623,9.836065573770492,14.754098360655737,75.40983606557377,59.83606557377049,15.573770491803279
E00091969,116,43,17,26,73,55,18,37.06896551724138,14.655172413793101,22.413793103448278,62.93103448275862,47.41379310344828,15.517241379310345
E00091970,155,48,17,31,107,85,22,30.967741935483872,10.967741935483872,20,69.03225806451613,54.83870967741935,14.193548387096774
E00091971,160,55,28,27,105,94,11,34.375,17.5,16.875,65.625,58.75,6.875000000000001
E00091972,155,44,17,27,111,93,18,28.387096774193548,10.967741935483872,17.419354838709676,71.61290322580646,60,11.612903225806452
E00091973,162,47,19,28,115,89,26,29.01234567901235,11.728395061728394,17.28395061728395,70.98765432098766,54.93827160493827,16.049382716049383
E00091974,178,58,26,32,120,91,29,32.58426966292135,14.606741573033707,17.97752808988764,67.41573033707866,51.12359550561798,16.292134831460675
E00091975,145,47,22,25,98,77,21,32.41379310344827,15.172413793103448,17.24137931034483,67.58620689655173,53.103448275862064,14.482758620689657
E00091976,136,42,16,26,94,73,21,30.88235294117647,11.76470588235294,19.11764705882353,69.11764705882352,53.67647058823529,15.441176470588236
E00091977,176,48,19,29,128,112,16,27.27272727272727,10.795454545454545,16.477272727272727,72.72727272727273,63.63636363636363,9.090909090909092
E00091978,113,36,14,22,77,66,11,31.858407079646017,12.389380530973451,19.469026548672566,68.14159292035397,58.4070796460177,9.734513274336283
E00091979,127,52,17,35,75,63,12,40.94488188976378,13.385826771653544,27.559055118110237,59.055118110236215,49.60629921259843,9.448818897637794
E00091980,179,43,11,32,136,114,22,24.022346368715084,6.145251396648044,17.877094972067038,75.97765363128491,63.687150837988824,12.290502793296088
E00091981,66,20,6,14,46,38,8,30.303030303030305,9.090909090909092,21.21212121212121,69.6969696969697,57.57575757575758,12.121212121212121
E00091982,146,44,21,23,102,82,20,30.136986301369863,14.383561643835616,15.753424657534246,69.86301369863014,56.16438356164384,13.698630136986301
E00091983,144,42,16,26,102,82,20,29.166666666666668,11.11111111111111,18.055555555555554,70.83333333333334,56.94444444444444,13.88888888888889
E00091984,191,53,20,33,138,117,21,27.748691099476442,10.471204188481675,17.277486910994764,72.25130890052355,61.25654450261781,10.99476439790576
E00091985,259,64,14,50,195,176,19,24.71042471042471,5.405405405405405,19.305019305019304,75.2895752895753,67.95366795366795,7.335907335907336
E00091986,144,38,17,21,106,83,23,26.38888888888889,11.805555555555555,14.583333333333334,73.61111111111111,57.638888888888886,15.972222222222221
E00091987,98,34,14,20,64,45,19,34.69387755102041,14.285714285714285,20.408163265306122,65.3061224489796,45.91836734693878,19.387755102040817
E00091988,148,52,21,31,96,83,13,35.13513513513514,14.18918918918919,20.945945945945947,64.86486486486487,56.08108108108109,8.783783783783784
E00091989,161,61,21,40,100,88,12,37.88819875776397,13.043478260869565,24.84472049689441,62.11180124223602,54.6583850931677,7.453416149068323
E00091990,303,82,32,50,221,192,29,27.062706270627064,10.561056105610561,16.5016501650165,72.93729372937293,63.366336633663366,9.570957095709572
E00091991,170,52,26,26,118,105,13,30.58823529411765,15.294117647058824,15.294117647058824,69.41176470588235,61.76470588235294,7.647058823529412
E00091992,188,62,23,39,126,106,20,32.97872340425532,12.23404255319149,20.74468085106383,67.02127659574468,56.38297872340425,10.638297872340425
E00091993,166,50,11,39,116,102,14,30.120481927710845,6.626506024096386,23.49397590361446,69.87951807228916,61.44578313253012,8.433734939759036
E00091994,205,57,11,46,148,134,14,27.80487804878049,5.365853658536586,22.439024390243905,72.1951219512195,65.3658536585366,6.829268292682928
E00091995,215,65,25,40,150,130,20,30.23255813953488,11.627906976744185,18.6046511627907,69.76744186046511,60.46511627906976,9.30232558139535
E00091996,177,66,21,45,111,84,27,37.28813559322034,11.864406779661017,25.423728813559322,62.71186440677966,47.45762711864407,15.254237288135593
E00091997,191,63,19,44,128,111,17,32.98429319371728,9.947643979057592,23.036649214659686,67.01570680628272,58.1151832460733,8.900523560209423
E00091998,179,54,13,41,125,104,21,30.16759776536313,7.262569832402235,22.905027932960895,69.83240223463687,58.10055865921788,11.731843575418994
E00091999,142,48,18,30,94,80,14,33.80281690140845,12.676056338028168,21.12676056338028,66.19718309859155,56.33802816901409,9.859154929577464
E00092000,220,75,27,48,145,112,33,34.090909090909086,12.272727272727273,21.818181818181817,65.9090909090909,50.90909090909091,15
E00092001,251,74,31,43,177,133,44,29.482071713147413,12.350597609561753,17.131474103585656,70.5179282868526,52.98804780876494,17.52988047808765
E00092002,180,55,19,36,125,95,30,30.555555555555557,10.555555555555555,20,69.44444444444444,52.77777777777778,16.666666666666664
E00092003,202,47,16,31,155,135,20,23.26732673267327,7.920792079207921,15.346534653465346,76.73267326732673,66.83168316831683,9.900990099009901
E00092004,127,33,9,24,94,75,19,25.984251968503933,7.086614173228346,18.89763779527559,74.01574803149606,59.055118110236215,14.960629921259844
E00092005,198,56,29,27,142,128,14,28.28282828282828,14.646464646464647,13.636363636363635,71.71717171717171,64.64646464646465,7.07070707070707
E00092006,143,39,13,26,104,88,16,27.27272727272727,9.090909090909092,18.181818181818183,72.72727272727273,61.53846153846154,11.188811188811188
E00092007,198,56,22,34,142,103,39,28.28282828282828,11.11111111111111,17.17171717171717,71.71717171717171,52.02020202020202,19.696969696969695
E00092008,181,61,20,41,120,96,24,33.70165745856354,11.049723756906078,22.65193370165746,66.29834254143645,53.03867403314917,13.259668508287293
E00092009,134,43,15,28,91,80,11,32.08955223880597,11.194029850746269,20.8955223880597,67.91044776119402,59.70149253731343,8.208955223880597
E00092010,154,45,14,31,109,89,20,29.22077922077922,9.090909090909092,20.12987012987013,70.77922077922078,57.7922077922078,12.987012987012985
E00092011,173,52,16,36,121,96,25,30.057803468208093,9.248554913294797,20.809248554913296,69.94219653179191,55.49132947976878,14.450867052023122
E00092012,155,34,20,14,121,82,39,21.935483870967744,12.903225806451612,9.032258064516128,78.06451612903226,52.903225806451616,25.161290322580644
E00092013,163,48,22,26,115,94,21,29.447852760736197,13.496932515337424,15.950920245398773,70.5521472392638,57.668711656441715,12.883435582822086
E00092014,203,62,20,42,141,116,25,30.541871921182267,9.852216748768473,20.689655172413794,69.45812807881774,57.14285714285714,12.31527093596059
E00092015,169,56,14,42,113,94,19,33.13609467455622,8.284023668639055,24.85207100591716,66.86390532544378,55.62130177514793,11.242603550295858
E00092016,85,30,15,15,55,41,14,35.294117647058826,17.647058823529413,17.647058823529413,64.70588235294117,48.23529411764706,16.470588235294116
E00092017,181,49,21,28,132,103,29,27.071823204419886,11.602209944751381,15.469613259668508,72.92817679558011,56.9060773480663,16.022099447513813
E00092018,251,45,10,35,206,186,20,17.928286852589643,3.9840637450199203,13.94422310756972,82.07171314741036,74.10358565737052,7.968127490039841
E00092019,152,44,13,31,108,87,21,28.947368421052634,8.552631578947368,20.394736842105264,71.05263157894737,57.23684210526315,13.815789473684212
E00092020,172,38,11,27,134,120,14,22.093023255813954,6.395348837209303,15.69767441860465,77.90697674418605,69.76744186046511,8.13953488372093
E00092021,137,43,19,24,94,85,9,31.386861313868614,13.86861313868613,17.51824817518248,68.61313868613139,62.04379562043796,6.569343065693431
E00092022,132,36,13,23,96,80,16,27.27272727272727,9.848484848484848,17.424242424242426,72.72727272727273,60.60606060606061,12.121212121212121
E00092023,149,41,17,24,108,94,14,27.516778523489933,11.409395973154362,16.10738255033557,72.48322147651007,63.08724832214765,9.395973154362416
E00092024,157,45,19,26,112,98,14,28.662420382165603,12.101910828025478,16.560509554140125,71.3375796178344,62.42038216560509,8.9171974522293
E00092025,117,28,8,20,89,73,16,23.931623931623932,6.837606837606838,17.094017094017094,76.06837606837607,62.39316239316239,13.675213675213676
E00092026,282,82,22,60,200,182,18,29.078014184397162,7.801418439716312,21.27659574468085,70.92198581560284,64.53900709219859,6.382978723404255
E00092027,179,45,16,29,134,118,16,25.139664804469277,8.938547486033519,16.201117318435752,74.86033519553072,65.92178770949721,8.938547486033519
E00092028,98,32,7,25,66,57,9,32.6530612244898,7.142857142857142,25.510204081632654,67.3469387755102,58.16326530612245,9.183673469387756
E00092029,134,37,11,26,97,75,22,27.611940298507463,8.208955223880597,19.402985074626866,72.38805970149254,55.970149253731336,16.417910447761194
E00092030,152,43,13,30,109,97,12,28.289473684210524,8.552631578947368,19.736842105263158,71.71052631578947,63.81578947368421,7.894736842105263
E00092031,175,34,8,26,141,131,10,19.428571428571427,4.571428571428571,14.857142857142858,80.57142857142857,74.85714285714286,5.714285714285714
E00092032,184,61,29,32,123,95,28,33.15217391304348,15.760869565217392,17.391304347826086,66.84782608695652,51.63043478260869,15.217391304347828
E00092033,105,33,12,21,72,53,19,31.428571428571427,11.428571428571429,20,68.57142857142857,50.476190476190474,18.095238095238095
E00092034,144,45,18,27,99,85,14,31.25,12.5,18.75,68.75,59.02777777777778,9.722222222222223
E00092035,170,53,17,36,117,91,26,31.176470588235293,10,21.176470588235293,68.82352941176471,53.529411764705884,15.294117647058824
E00092036,271,71,28,43,200,155,45,26.199261992619927,10.33210332103321,15.867158671586715,73.80073800738008,57.19557195571956,16.605166051660518
E00092037,101,36,7,29,65,44,21,35.64356435643564,6.9306930693069315,28.71287128712871,64.35643564356435,43.56435643564357,20.792079207920793
E00092038,183,44,13,31,139,112,27,24.043715846994534,7.103825136612022,16.939890710382514,75.95628415300546,61.20218579234973,14.754098360655737
E00092039,172,57,19,38,115,92,23,33.13953488372093,11.046511627906977,22.093023255813954,66.86046511627907,53.48837209302325,13.372093023255813
E00092040,180,52,24,28,128,96,32,28.888888888888886,13.333333333333334,15.555555555555555,71.11111111111111,53.333333333333336,17.77777777777778
E00092041,142,46,16,30,96,79,17,32.3943661971831,11.267605633802818,21.12676056338028,67.6056338028169,55.633802816901415,11.971830985915492
E00092042,173,62,22,40,111,98,13,35.83815028901734,12.716763005780345,23.121387283236995,64.16184971098265,56.64739884393064,7.514450867052023
E00092043,192,59,18,41,133,107,26,30.729166666666668,9.375,21.354166666666664,69.27083333333334,55.729166666666664,13.541666666666666
E00092044,116,40,17,23,76,67,9,34.48275862068966,14.655172413793101,19.82758620689655,65.51724137931035,57.758620689655174,7.758620689655173
E00092045,89,30,9,21,59,46,13,33.70786516853933,10.112359550561797,23.595505617977526,66.29213483146067,51.68539325842697,14.606741573033707
E00092046,145,51,23,28,94,69,25,35.172413793103445,15.862068965517242,19.310344827586206,64.82758620689654,47.58620689655172,17.24137931034483
E00092047,105,32,12,20,73,63,10,30.476190476190478,11.428571428571429,19.047619047619047,69.52380952380952,60,9.523809523809524
E00092048,111,40,21,19,71,59,12,36.03603603603604,18.91891891891892,17.117117117117118,63.96396396396396,53.153153153153156,10.81081081081081
E00092049,204,52,23,29,152,130,22,25.49019607843137,11.27450980392157,14.215686274509803,74.50980392156863,63.725490196078425,10.784313725490197
E00092050,193,62,27,35,131,105,26,32.12435233160622,13.989637305699482,18.134715025906736,67.87564766839378,54.40414507772021,13.471502590673575
E00092051,203,52,22,30,151,130,21,25.615763546798032,10.83743842364532,14.77832512315271,74.38423645320196,64.03940886699507,10.344827586206897
E00092052,113,29,9,20,84,71,13,25.663716814159294,7.964601769911504,17.699115044247787,74.33628318584071,62.83185840707964,11.504424778761061
E00092056,121,38,17,21,83,74,9,31.40495867768595,14.049586776859504,17.355371900826448,68.59504132231406,61.15702479338842,7.43801652892562
E00092057,104,33,9,24,71,49,22,31.73076923076923,8.653846153846153,23.076923076923077,68.26923076923077,47.11538461538461,21.153846153846153
E00092058,139,51,23,28,88,70,18,36.69064748201439,16.546762589928058,20.14388489208633,63.30935251798561,50.35971223021583,12.949640287769784
E00092059,166,42,13,29,124,111,13,25.301204819277107,7.83132530120482,17.46987951807229,74.69879518072288,66.86746987951807,7.83132530120482
E00092060,157,48,15,33,109,97,12,30.573248407643312,9.554140127388536,21.019108280254777,69.42675159235668,61.78343949044586,7.643312101910828
E00092061,150,46,15,31,104,90,14,30.666666666666664,10,20.666666666666668,69.33333333333334,60,9.333333333333334
E00092062,247,71,30,41,176,150,26,28.74493927125506,12.145748987854251,16.599190283400812,71.25506072874494,60.72874493927125,10.526315789473683
E00092063,222,54,18,36,168,149,19,24.324324324324326,8.108108108108109,16.216216216216218,75.67567567567568,67.11711711711712,8.558558558558559
E00092064,156,45,17,28,111,90,21,28.846153846153843,10.897435897435898,17.94871794871795,71.15384615384616,57.692307692307686,13.461538461538462
E00092065,169,41,19,22,128,109,19,24.2603550295858,11.242603550295858,13.017751479289942,75.7396449704142,64.49704142011834,11.242603550295858
E00092066,148,55,10,45,93,81,12,37.16216216216216,6.756756756756757,30.405405405405407,62.83783783783784,54.729729729729726,8.108108108108109
E00092067,199,56,20,36,143,113,30,28.14070351758794,10.050251256281408,18.090452261306535,71.85929648241206,56.78391959798995,15.07537688442211
E00092068,119,38,14,24,81,63,18,31.932773109243694,11.76470588235294,20.168067226890756,68.0672268907563,52.94117647058824,15.126050420168067
E00092069,189,53,25,28,136,101,35,28.04232804232804,13.227513227513226,14.814814814814813,71.95767195767195,53.43915343915344,18.51851851851852
E00092070,161,49,17,32,112,86,26,30.434782608695656,10.559006211180124,19.875776397515526,69.56521739130434,53.41614906832298,16.149068322981368
E00092071,225,65,24,41,160,116,44,28.888888888888886,10.666666666666668,18.22222222222222,71.11111111111111,51.55555555555556,19.555555555555557
E00092072,139,32,12,20,107,88,19,23.021582733812952,8.633093525179856,14.388489208633093,76.97841726618705,63.30935251798561,13.66906474820144
E00092074,124,35,10,25,89,69,20,28.225806451612907,8.064516129032258,20.161290322580644,71.7741935483871,55.64516129032258,16.129032258064516
E00092075,150,41,16,25,109,84,25,27.333333333333332,10.666666666666668,16.666666666666664,72.66666666666667,56.00000000000001,16.666666666666664
E00092076,176,54,18,36,122,105,17,30.681818181818183,10.227272727272728,20.454545454545457,69.31818181818183,59.65909090909091,9.659090909090908
E00092077,153,40,15,25,113,99,14,26.143790849673206,9.803921568627452,16.33986928104575,73.8562091503268,64.70588235294117,9.15032679738562
E00092079,156,52,24,28,104,86,18,33.33333333333333,15.384615384615385,17.94871794871795,66.66666666666666,55.12820512820513,11.538461538461538
E00092080,142,37,12,25,105,81,24,26.056338028169012,8.450704225352112,17.6056338028169,73.94366197183099,57.04225352112676,16.901408450704224
E00092081,150,46,18,28,104,89,15,30.666666666666664,12,18.666666666666668,69.33333333333334,59.333333333333336,10
E00092082,139,39,19,20,100,72,28,28.05755395683453,13.66906474820144,14.388489208633093,71.94244604316546,51.798561151079134,20.14388489208633
E00092083,147,45,16,29,102,88,14,30.612244897959183,10.884353741496598,19.727891156462583,69.38775510204081,59.863945578231295,9.523809523809524
E00092084,152,42,13,29,110,94,16,27.631578947368425,8.552631578947368,19.078947368421055,72.36842105263158,61.8421052631579,10.526315789473683
E00092085,153,44,13,31,109,94,15,28.75816993464052,8.49673202614379,20.26143790849673,71.24183006535948,61.43790849673203,9.803921568627452
E00092086,91,28,6,22,63,55,8,30.76923076923077,6.593406593406594,24.175824175824175,69.23076923076923,60.43956043956044,8.791208791208792
E00092087,128,28,8,20,100,85,15,21.875,6.25,15.625,78.125,66.40625,11.71875
E00092088,173,38,10,28,135,118,17,21.965317919075144,5.780346820809249,16.184971098265898,78.03468208092485,68.20809248554913,9.826589595375722
E00092089,161,58,14,44,103,77,26,36.024844720496894,8.695652173913043,27.32919254658385,63.975155279503106,47.82608695652174,16.149068322981368
E00092090,178,51,10,41,127,106,21,28.651685393258425,5.617977528089887,23.03370786516854,71.34831460674157,59.55056179775281,11.797752808988763
E00092091,89,23,9,14,66,50,16,25.842696629213485,10.112359550561797,15.730337078651685,74.15730337078652,56.17977528089888,17.97752808988764
E00092092,123,45,20,25,78,64,14,36.58536585365854,16.260162601626014,20.32520325203252,63.41463414634146,52.03252032520326,11.38211382113821
E00092093,173,43,9,34,130,109,21,24.85549132947977,5.202312138728324,19.653179190751445,75.14450867052022,63.005780346820806,12.138728323699421
E00092094,184,57,15,42,127,106,21,30.978260869565215,8.152173913043478,22.82608695652174,69.02173913043478,57.608695652173914,11.41304347826087
E00092095,181,52,20,32,129,110,19,28.7292817679558,11.049723756906078,17.67955801104972,71.27071823204419,60.773480662983424,10.497237569060774
E00092096,171,56,17,39,115,101,14,32.748538011695906,9.941520467836257,22.807017543859647,67.2514619883041,59.06432748538012,8.187134502923977
E00092097,270,75,22,53,195,169,26,27.77777777777778,8.148148148148149,19.62962962962963,72.22222222222221,62.59259259259259,9.62962962962963
E00092098,100,31,10,21,69,63,6,31,10,21,69,63,6
E00092099,144,36,14,22,108,94,14,25,9.722222222222223,15.277777777777779,75,65.27777777777779,9.722222222222223
E00092100,237,71,25,46,166,141,25,29.957805907172997,10.548523206751055,19.40928270042194,70.042194092827,59.49367088607595,10.548523206751055
E00092101,164,42,13,29,122,111,11,25.609756097560975,7.926829268292683,17.682926829268293,74.39024390243902,67.6829268292683,6.707317073170732
E00092102,120,37,17,20,83,76,7,30.833333333333336,14.166666666666666,16.666666666666664,69.16666666666667,63.33333333333333,5.833333333333333
E00092103,181,54,22,32,127,102,25,29.83425414364641,12.154696132596685,17.67955801104972,70.1657458563536,56.353591160220994,13.812154696132598
E00092105,100,28,7,21,72,54,18,28.000000000000004,7.000000000000001,21,72,54,18
E00092106,108,33,8,25,75,69,6,30.555555555555557,7.4074074074074066,23.14814814814815,69.44444444444444,63.888888888888886,5.555555555555555
E00092107,158,60,32,28,98,83,15,37.9746835443038,20.253164556962027,17.72151898734177,62.0253164556962,52.53164556962025,9.49367088607595
E00092108,269,89,41,48,180,158,22,33.08550185873606,15.241635687732341,17.843866171003718,66.91449814126395,58.7360594795539,8.178438661710038
E00092109,178,42,14,28,136,123,13,23.595505617977526,7.865168539325842,15.730337078651685,76.40449438202246,69.10112359550563,7.303370786516854
E00092110,94,24,8,16,70,50,20,25.53191489361702,8.51063829787234,17.02127659574468,74.46808510638297,53.191489361702125,21.27659574468085
E00092111,103,33,16,17,70,57,13,32.038834951456316,15.53398058252427,16.50485436893204,67.96116504854369,55.33980582524271,12.62135922330097
E00092112,222,67,20,47,155,137,18,30.180180180180184,9.00900900900901,21.17117117117117,69.81981981981981,61.711711711711715,8.108108108108109
E00092113,136,47,24,23,89,74,15,34.55882352941176,17.647058823529413,16.911764705882355,65.44117647058823,54.41176470588235,11.029411764705882
E00092114,168,43,17,26,125,109,16,25.595238095238095,10.119047619047619,15.476190476190476,74.40476190476191,64.88095238095238,9.523809523809524
E00092115,191,63,23,40,128,114,14,32.98429319371728,12.041884816753926,20.94240837696335,67.01570680628272,59.68586387434554,7.329842931937172
E00092116,131,37,11,26,94,71,23,28.24427480916031,8.396946564885496,19.84732824427481,71.7557251908397,54.19847328244275,17.557251908396946
E00092117,192,52,13,39,140,120,20,27.083333333333332,6.770833333333333,20.3125,72.91666666666666,62.5,10.416666666666668
E00092118,118,38,12,26,80,73,7,32.20338983050847,10.16949152542373,22.033898305084744,67.79661016949152,61.86440677966102,5.932203389830509
E00092119,155,48,17,31,107,95,12,30.967741935483872,10.967741935483872,20,69.03225806451613,61.29032258064516,7.741935483870968
E00092120,154,40,12,28,114,96,18,25.97402597402597,7.792207792207792,18.181818181818183,74.02597402597402,62.33766233766234,11.688311688311687
E00092121,167,56,14,42,111,96,15,33.532934131736525,8.383233532934131,25.149700598802394,66.46706586826348,57.48502994011976,8.982035928143713
E00092122,161,44,13,31,117,93,24,27.32919254658385,8.074534161490684,19.25465838509317,72.67080745341616,57.7639751552795,14.906832298136646
E00092123,179,52,18,34,127,104,23,29.05027932960894,10.05586592178771,18.994413407821227,70.94972067039106,58.10055865921788,12.849162011173185
E00092124,108,34,9,25,74,64,10,31.48148148148148,8.333333333333332,23.14814814814815,68.51851851851852,59.25925925925925,9.25925925925926
E00092125,60,19,5,14,41,34,7,31.666666666666664,8.333333333333332,23.333333333333332,68.33333333333333,56.666666666666664,11.666666666666666
E00092129,213,47,16,31,166,153,13,22.065727699530516,7.511737089201878,14.553990610328638,77.93427230046949,71.83098591549296,6.103286384976526
E00092130,124,44,14,30,80,71,9,35.483870967741936,11.29032258064516,24.193548387096776,64.51612903225806,57.25806451612904,7.258064516129033
E00092131,190,52,18,34,138,111,27,27.368421052631582,9.473684210526317,17.894736842105264,72.63157894736842,58.42105263157895,14.210526315789473
E00092132,154,59,31,28,95,78,17,38.311688311688314,20.12987012987013,18.181818181818183,61.68831168831169,50.649350649350644,11.03896103896104
E00092133,128,40,18,22,88,62,26,31.25,14.0625,17.1875,68.75,48.4375,20.3125
E00092134,60,8,2,6,52,46,6,13.333333333333334,3.3333333333333335,10,86.66666666666667,76.66666666666667,10
E00092135,97,34,11,23,63,48,15,35.051546391752574,11.34020618556701,23.711340206185564,64.94845360824742,49.48453608247423,15.463917525773196
E00092136,158,48,21,27,110,89,21,30.37974683544304,13.291139240506327,17.088607594936708,69.62025316455697,56.32911392405063,13.291139240506327
E00092137,199,43,21,22,156,126,30,21.608040201005025,10.552763819095476,11.055276381909549,78.39195979899498,63.31658291457286,15.07537688442211
E00092138,115,28,14,14,87,75,12,24.347826086956523,12.173913043478262,12.173913043478262,75.65217391304347,65.21739130434783,10.434782608695652
E00092139,165,52,19,33,113,97,16,31.515151515151512,11.515151515151516,20,68.48484848484848,58.78787878787879,9.696969696969697
E00092140,191,66,24,42,125,100,25,34.55497382198953,12.56544502617801,21.98952879581152,65.44502617801047,52.35602094240838,13.089005235602095
E00092141,145,40,21,19,105,91,14,27.586206896551722,14.482758620689657,13.10344827586207,72.41379310344827,62.758620689655174,9.655172413793103
E00092142,150,42,16,26,108,95,13,28.000000000000004,10.666666666666668,17.333333333333336,72,63.33333333333333,8.666666666666668
E00092143,164,50,17,33,114,99,15,30.48780487804878,10.365853658536585,20.121951219512198,69.51219512195121,60.36585365853659,9.146341463414634
E00092144,241,77,28,49,164,147,17,31.950207468879665,11.618257261410788,20.33195020746888,68.04979253112033,60.99585062240664,7.053941908713693
E00092145,133,34,7,27,99,86,13,25.563909774436087,5.263157894736842,20.30075187969925,74.43609022556392,64.66165413533834,9.774436090225564
E00092146,206,51,20,31,155,127,28,24.75728155339806,9.70873786407767,15.048543689320388,75.24271844660194,61.6504854368932,13.592233009708737
E00092147,155,41,25,16,114,100,14,26.451612903225808,16.129032258064516,10.32258064516129,73.54838709677419,64.51612903225806,9.032258064516128
E00092148,96,30,10,20,66,60,6,31.25,10.416666666666668,20.833333333333336,68.75,62.5,6.25
E00092149,144,44,12,32,100,84,16,30.555555555555557,8.333333333333332,22.22222222222222,69.44444444444444,58.333333333333336,11.11111111111111
E00092150,141,54,24,30,87,74,13,38.297872340425535,17.02127659574468,21.27659574468085,61.702127659574465,52.4822695035461,9.219858156028367
E00092151,135,47,14,33,88,72,16,34.81481481481482,10.37037037037037,24.444444444444443,65.18518518518519,53.333333333333336,11.851851851851853
E00092152,163,53,20,33,110,81,29,32.515337423312886,12.269938650306749,20.245398773006134,67.48466257668711,49.693251533742334,17.791411042944784
E00092153,174,55,16,39,119,110,9,31.60919540229885,9.195402298850574,22.413793103448278,68.39080459770115,63.2183908045977,5.172413793103448
E00092155,150,55,19,36,95,75,20,36.666666666666664,12.666666666666668,24,63.33333333333333,50,13.333333333333334
E00092156,132,36,13,23,96,82,14,27.27272727272727,9.848484848484848,17.424242424242426,72.72727272727273,62.121212121212125,10.606060606060606
E00092157,93,32,19,13,61,47,14,34.40860215053764,20.43010752688172,13.978494623655912,65.59139784946237,50.53763440860215,15.053763440860216
E00092158,181,59,20,39,122,93,29,32.59668508287293,11.049723756906078,21.54696132596685,67.40331491712708,51.38121546961326,16.022099447513813
E00092159,192,49,18,31,143,124,19,25.520833333333332,9.375,16.145833333333336,74.47916666666666,64.58333333333334,9.895833333333332
E00092160,161,37,13,24,124,108,16,22.981366459627328,8.074534161490684,14.906832298136646,77.01863354037268,67.08074534161491,9.937888198757763
E00092161,207,41,14,27,166,145,21,19.806763285024154,6.763285024154589,13.043478260869565,80.19323671497585,70.04830917874396,10.144927536231885
E00092162,110,35,13,22,75,68,7,31.818181818181817,11.818181818181818,20,68.18181818181817,61.81818181818181,6.363636363636363
E00092163,172,43,25,18,129,112,17,25,14.534883720930234,10.465116279069768,75,65.11627906976744,9.883720930232558
E00092164,120,23,11,12,97,88,9,19.166666666666668,9.166666666666666,10,80.83333333333333,73.33333333333333,7.5
E00092165,180,39,13,26,141,125,16,21.666666666666668,7.222222222222221,14.444444444444443,78.33333333333333,69.44444444444444,8.88888888888889
E00092166,266,72,26,46,194,166,28,27.06766917293233,9.774436090225564,17.293233082706767,72.93233082706767,62.40601503759399,10.526315789473683
E00092167,179,47,15,32,132,113,19,26.256983240223462,8.379888268156424,17.877094972067038,73.74301675977654,63.128491620111724,10.614525139664805
E00092168,205,46,11,35,159,141,18,22.439024390243905,5.365853658536586,17.073170731707318,77.5609756097561,68.78048780487805,8.780487804878048
E00092169,193,48,19,29,145,132,13,24.870466321243523,9.844559585492227,15.025906735751295,75.12953367875647,68.39378238341969,6.7357512953367875
E00092170,153,40,13,27,113,104,9,26.143790849673206,8.49673202614379,17.647058823529413,73.8562091503268,67.97385620915033,5.88235294117647
E00092171,145,43,15,28,102,96,6,29.655172413793103,10.344827586206897,19.310344827586206,70.34482758620689,66.20689655172414,4.137931034482759
E00092172,166,37,18,19,129,116,13,22.289156626506024,10.843373493975903,11.44578313253012,77.71084337349397,69.87951807228916,7.83132530120482
E00092173,219,86,36,50,133,107,26,39.26940639269406,16.43835616438356,22.831050228310502,60.73059360730594,48.858447488584474,11.87214611872146
E00092174,124,46,17,29,78,69,9,37.096774193548384,13.709677419354838,23.387096774193548,62.903225806451616,55.64516129032258,7.258064516129033
E00092175,162,45,21,24,117,96,21,27.77777777777778,12.962962962962962,14.814814814814813,72.22222222222221,59.25925925925925,12.962962962962962
E00092176,117,38,15,23,79,56,23,32.47863247863248,12.82051282051282,19.65811965811966,67.52136752136752,47.863247863247864,19.65811965811966
E00092177,124,39,12,27,85,73,12,31.451612903225808,9.67741935483871,21.774193548387096,68.54838709677419,58.87096774193549,9.67741935483871
E00092178,162,56,23,33,106,95,11,34.5679012345679,14.19753086419753,20.37037037037037,65.4320987654321,58.64197530864198,6.790123456790123
E00092179,133,45,22,23,88,75,13,33.83458646616541,16.541353383458645,17.293233082706767,66.16541353383458,56.390977443609025,9.774436090225564
E00092180,155,48,25,23,107,89,18,30.967741935483872,16.129032258064516,14.838709677419354,69.03225806451613,57.41935483870968,11.612903225806452
E00092181,82,25,10,15,57,45,12,30.48780487804878,12.195121951219512,18.29268292682927,69.51219512195121,54.87804878048781,14.634146341463413
E00092182,169,56,20,36,113,93,20,33.13609467455622,11.834319526627219,21.301775147928996,66.86390532544378,55.02958579881657,11.834319526627219
E00092183,84,26,8,18,58,46,12,30.952380952380953,9.523809523809524,21.428571428571427,69.04761904761905,54.761904761904766,14.285714285714285
E00092184,144,44,16,28,100,77,23,30.555555555555557,11.11111111111111,19.444444444444446,69.44444444444444,53.47222222222222,15.972222222222221
E00092185,179,48,19,29,131,105,26,26.81564245810056,10.614525139664805,16.201117318435752,73.18435754189943,58.659217877094974,14.52513966480447
E00092186,166,51,21,30,115,101,14,30.72289156626506,12.650602409638553,18.072289156626507,69.27710843373494,60.8433734939759,8.433734939759036
E00092187,130,42,17,25,88,70,18,32.30769230769231,13.076923076923078,19.230769230769234,67.6923076923077,53.84615384615385,13.846153846153847
E00092188,144,37,18,19,107,83,24,25.694444444444443,12.5,13.194444444444445,74.30555555555556,57.638888888888886,16.666666666666664
E00092189,166,42,13,29,124,111,13,25.301204819277107,7.83132530120482,17.46987951807229,74.69879518072288,66.86746987951807,7.83132530120482
E00092190,195,51,15,36,144,123,21,26.153846153846157,7.6923076923076925,18.461538461538463,73.84615384615385,63.07692307692307,10.76923076923077
E00092193,227,50,11,39,177,151,26,22.026431718061673,4.845814977973569,17.180616740088105,77.97356828193833,66.51982378854625,11.45374449339207
E00092194,238,49,16,33,189,160,29,20.588235294117645,6.722689075630252,13.865546218487395,79.41176470588235,67.22689075630252,12.184873949579831
E00092195,205,54,17,37,151,140,11,26.34146341463415,8.292682926829269,18.048780487804876,73.65853658536585,68.29268292682927,5.365853658536586
E00092196,160,42,15,27,118,106,12,26.25,9.375,16.875,73.75,66.25,7.5
E00092197,180,51,16,35,129,111,18,28.333333333333332,8.88888888888889,19.444444444444446,71.66666666666667,61.66666666666667,10
E00092198,175,47,12,35,128,112,16,26.857142857142858,6.857142857142858,20,73.14285714285714,64,9.142857142857142
E00092199,122,33,15,18,89,82,7,27.049180327868854,12.295081967213115,14.754098360655737,72.95081967213115,67.21311475409836,5.737704918032787
E00092200,174,37,11,26,137,127,10,21.26436781609195,6.321839080459771,14.942528735632186,78.73563218390804,72.98850574712644,5.747126436781609
E00092201,201,49,24,25,152,127,25,24.378109452736318,11.940298507462686,12.437810945273633,75.62189054726367,63.18407960199005,12.437810945273633
E00092202,113,32,6,26,81,67,14,28.31858407079646,5.3097345132743365,23.008849557522122,71.68141592920354,59.29203539823009,12.389380530973451
E00092203,164,39,15,24,125,103,22,23.78048780487805,9.146341463414634,14.634146341463413,76.21951219512195,62.80487804878049,13.414634146341465
E00092204,123,35,12,23,88,77,11,28.455284552845526,9.75609756097561,18.69918699186992,71.54471544715447,62.601626016260155,8.94308943089431
E00092205,187,51,18,33,136,111,25,27.27272727272727,9.62566844919786,17.647058823529413,72.72727272727273,59.35828877005348,13.368983957219251
E00092206,163,40,16,24,123,108,15,24.539877300613497,9.815950920245399,14.723926380368098,75.4601226993865,66.25766871165644,9.202453987730062
E00092207,197,52,21,31,145,120,25,26.39593908629442,10.65989847715736,15.736040609137056,73.60406091370558,60.913705583756354,12.690355329949238
E00092208,94,21,6,15,73,67,6,22.340425531914892,6.382978723404255,15.957446808510639,77.6595744680851,71.27659574468085,6.382978723404255
E00092209,185,56,14,42,129,117,12,30.270270270270274,7.567567567567568,22.702702702702705,69.72972972972973,63.24324324324324,6.486486486486487
E00092210,172,56,16,40,116,95,21,32.55813953488372,9.30232558139535,23.25581395348837,67.44186046511628,55.23255813953488,12.209302325581394
E00092211,118,38,11,27,80,68,12,32.20338983050847,9.322033898305085,22.88135593220339,67.79661016949152,57.6271186440678,10.16949152542373
E00092212,87,13,0,13,74,65,9,14.942528735632186,0,14.942528735632186,85.0574712643678,74.71264367816092,10.344827586206897
E00092213,130,40,9,31,90,85,5,30.76923076923077,6.923076923076923,23.846153846153847,69.23076923076923,65.38461538461539,3.8461538461538463
E00092214,153,49,17,32,104,94,10,32.02614379084967,11.11111111111111,20.915032679738562,67.97385620915033,61.43790849673203,6.535947712418301
E00092215,89,30,10,20,59,53,6,33.70786516853933,11.235955056179774,22.47191011235955,66.29213483146067,59.55056179775281,6.741573033707865
E00092216,148,33,7,26,115,102,13,22.2972972972973,4.72972972972973,17.56756756756757,77.7027027027027,68.91891891891892,8.783783783783784
E00092217,120,42,15,27,78,66,12,35,12.5,22.5,65,55.00000000000001,10
E00092218,184,50,22,28,134,117,17,27.173913043478258,11.956521739130435,15.217391304347828,72.82608695652173,63.58695652173913,9.239130434782608
E00092219,176,57,11,46,119,95,24,32.38636363636363,6.25,26.136363636363637,67.61363636363636,53.97727272727273,13.636363636363635
E00092220,246,66,20,46,180,163,17,26.82926829268293,8.130081300813007,18.69918699186992,73.17073170731707,66.26016260162602,6.910569105691057
E00092221,157,48,16,32,109,90,19,30.573248407643312,10.191082802547772,20.382165605095544,69.42675159235668,57.324840764331206,12.101910828025478
E00092222,154,38,14,24,116,96,20,24.675324675324674,9.090909090909092,15.584415584415584,75.32467532467533,62.33766233766234,12.987012987012985
E00092223,196,69,20,49,127,111,16,35.204081632653065,10.204081632653061,25,64.79591836734694,56.63265306122449,8.16326530612245
E00092224,130,35,11,24,95,79,16,26.923076923076923,8.461538461538462,18.461538461538463,73.07692307692307,60.76923076923077,12.307692307692308
E00092225,142,36,11,25,106,84,22,25.352112676056336,7.746478873239436,17.6056338028169,74.64788732394366,59.154929577464785,15.492957746478872
E00092226,206,52,21,31,154,139,15,25.24271844660194,10.194174757281553,15.048543689320388,74.75728155339806,67.47572815533981,7.281553398058252
E00092227,141,22,7,15,119,101,18,15.602836879432624,4.964539007092199,10.638297872340425,84.39716312056737,71.63120567375887,12.76595744680851
E00092228,168,37,13,24,131,120,11,22.023809523809522,7.738095238095238,14.285714285714285,77.97619047619048,71.42857142857143,6.547619047619048
E00092229,128,14,6,8,114,101,13,10.9375,4.6875,6.25,89.0625,78.90625,10.15625
E00092230,137,21,3,18,116,110,6,15.328467153284672,2.18978102189781,13.138686131386862,84.67153284671532,80.2919708029197,4.37956204379562
E00092231,181,37,9,28,144,131,13,20.441988950276244,4.972375690607735,15.469613259668508,79.55801104972376,72.37569060773481,7.18232044198895
E00092232,123,16,3,13,107,100,7,13.008130081300814,2.4390243902439024,10.569105691056912,86.99186991869918,81.30081300813008,5.691056910569105
E00092233,137,39,18,21,98,81,17,28.467153284671532,13.138686131386862,15.328467153284672,71.53284671532847,59.12408759124088,12.408759124087592
E00092234,221,67,30,37,154,130,24,30.316742081447963,13.574660633484163,16.7420814479638,69.68325791855203,58.82352941176471,10.85972850678733
E00092235,117,37,15,22,80,69,11,31.62393162393162,12.82051282051282,18.803418803418804,68.37606837606837,58.97435897435898,9.401709401709402
E00092236,67,22,8,14,45,39,6,32.83582089552239,11.940298507462686,20.8955223880597,67.16417910447761,58.2089552238806,8.955223880597014
E00092237,198,45,18,27,153,130,23,22.727272727272727,9.090909090909092,13.636363636363635,77.27272727272727,65.65656565656566,11.616161616161616
E00092238,120,49,15,34,71,52,19,40.833333333333336,12.5,28.333333333333332,59.166666666666664,43.333333333333336,15.833333333333332
E00092239,245,59,25,34,186,156,30,24.081632653061224,10.204081632653061,13.877551020408163,75.91836734693878,63.6734693877551,12.244897959183673
E00092240,141,37,14,23,104,96,8,26.24113475177305,9.929078014184398,16.312056737588655,73.75886524822694,68.08510638297872,5.673758865248227
E00092241,171,40,15,25,131,110,21,23.391812865497073,8.771929824561402,14.619883040935672,76.60818713450293,64.32748538011695,12.280701754385964
E00092242,139,48,25,23,91,56,35,34.53237410071942,17.985611510791365,16.546762589928058,65.46762589928058,40.28776978417266,25.179856115107913
E00092243,102,37,11,26,65,52,13,36.27450980392157,10.784313725490197,25.49019607843137,63.725490196078425,50.98039215686274,12.745098039215685
E00092244,79,23,13,10,56,49,7,29.11392405063291,16.455696202531644,12.658227848101266,70.88607594936708,62.0253164556962,8.860759493670885
E00092245,96,25,5,20,71,55,16,26.041666666666668,5.208333333333334,20.833333333333336,73.95833333333334,57.291666666666664,16.666666666666664
E00092246,68,21,13,8,47,35,12,30.88235294117647,19.11764705882353,11.76470588235294,69.11764705882352,51.470588235294116,17.647058823529413
E00092247,137,40,20,20,97,82,15,29.1970802919708,14.5985401459854,14.5985401459854,70.8029197080292,59.854014598540154,10.948905109489052
E00092248,165,57,30,27,108,79,29,34.54545454545455,18.181818181818183,16.363636363636363,65.45454545454545,47.878787878787875,17.575757575757574
E00092249,165,48,25,23,117,97,20,29.09090909090909,15.151515151515152,13.939393939393941,70.9090909090909,58.78787878787879,12.121212121212121
E00092250,171,51,24,27,120,92,28,29.82456140350877,14.035087719298245,15.789473684210526,70.17543859649122,53.80116959064327,16.374269005847953
E00092251,120,43,17,26,77,58,19,35.833333333333336,14.166666666666666,21.666666666666668,64.16666666666667,48.333333333333336,15.833333333333332
E00092252,71,26,10,16,45,42,3,36.61971830985916,14.084507042253522,22.535211267605636,63.38028169014085,59.154929577464785,4.225352112676056
E00092253,172,57,21,36,115,90,25,33.13953488372093,12.209302325581394,20.930232558139537,66.86046511627907,52.32558139534884,14.534883720930234
E00092254,100,33,7,26,67,56,11,33,7.000000000000001,26,67,56.00000000000001,11
E00092255,137,23,9,14,114,102,12,16.78832116788321,6.569343065693431,10.218978102189782,83.21167883211679,74.45255474452554,8.75912408759124
E00092256,135,21,7,14,114,105,9,15.555555555555555,5.185185185185185,10.37037037037037,84.44444444444444,77.77777777777779,6.666666666666667
E00092257,187,39,9,30,148,118,30,20.855614973262032,4.81283422459893,16.042780748663102,79.14438502673798,63.101604278074866,16.042780748663102
E00092258,218,50,22,28,168,135,33,22.93577981651376,10.091743119266056,12.844036697247708,77.06422018348624,61.92660550458715,15.137614678899084
E00092259,110,33,12,21,77,70,7,30,10.909090909090908,19.090909090909093,70,63.63636363636363,6.363636363636363
E00092260,201,52,20,32,149,130,19,25.870646766169152,9.950248756218906,15.92039800995025,74.12935323383084,64.6766169154229,9.45273631840796
E00092261,145,35,13,22,110,83,27,24.137931034482758,8.96551724137931,15.172413793103448,75.86206896551724,57.24137931034483,18.620689655172416
E00092262,200,37,10,27,163,147,16,18.5,5,13.5,81.5,73.5,8
E00092263,95,30,6,24,65,57,8,31.57894736842105,6.315789473684211,25.263157894736842,68.42105263157895,60,8.421052631578947
E00092264,109,33,9,24,76,49,27,30.275229357798167,8.256880733944955,22.018348623853214,69.72477064220183,44.95412844036697,24.770642201834864
E00092265,59,24,9,15,35,27,8,40.67796610169492,15.254237288135593,25.423728813559322,59.32203389830508,45.76271186440678,13.559322033898304
E00092266,162,44,22,22,118,83,35,27.160493827160494,13.580246913580247,13.580246913580247,72.8395061728395,51.23456790123457,21.604938271604937
E00092267,170,53,23,30,117,89,28,31.176470588235293,13.529411764705882,17.647058823529413,68.82352941176471,52.352941176470594,16.470588235294116
E00092268,207,52,20,32,155,122,33,25.120772946859905,9.66183574879227,15.458937198067632,74.8792270531401,58.93719806763285,15.942028985507244
E00092269,76,21,10,11,55,44,11,27.631578947368425,13.157894736842104,14.473684210526317,72.36842105263158,57.89473684210527,14.473684210526317
E00092270,103,28,12,16,75,58,17,27.184466019417474,11.650485436893204,15.53398058252427,72.81553398058253,56.310679611650485,16.50485436893204
E00092271,116,39,13,26,77,61,16,33.62068965517241,11.206896551724139,22.413793103448278,66.37931034482759,52.58620689655172,13.793103448275861
E00092272,154,41,16,25,113,89,24,26.623376623376622,10.38961038961039,16.233766233766232,73.37662337662337,57.7922077922078,15.584415584415584
E00092273,185,55,26,29,130,109,21,29.72972972972973,14.054054054054054,15.675675675675677,70.27027027027027,58.91891891891892,11.351351351351353
E00092274,98,23,10,13,75,58,17,23.46938775510204,10.204081632653061,13.26530612244898,76.53061224489795,59.183673469387756,17.346938775510203
E00092275,147,39,12,27,108,95,13,26.53061224489796,8.16326530612245,18.367346938775512,73.46938775510205,64.62585034013605,8.843537414965986
E00092276,183,54,21,33,129,99,30,29.508196721311474,11.475409836065573,18.0327868852459,70.49180327868852,54.09836065573771,16.39344262295082
E00092277,161,46,20,26,115,89,26,28.57142857142857,12.422360248447205,16.149068322981368,71.42857142857143,55.27950310559007,16.149068322981368
E00092278,137,41,16,25,96,68,28,29.927007299270077,11.678832116788321,18.248175182481752,70.07299270072993,49.63503649635037,20.437956204379564
E00092279,195,41,12,29,154,127,27,21.025641025641026,6.153846153846154,14.871794871794872,78.97435897435898,65.12820512820512,13.846153846153847
E00092280,193,51,17,34,142,122,20,26.42487046632124,8.808290155440414,17.616580310880828,73.57512953367875,63.212435233160626,10.362694300518134
E00092281,169,36,10,26,133,107,26,21.301775147928996,5.9171597633136095,15.384615384615385,78.69822485207101,63.31360946745562,15.384615384615385
E00092282,122,28,10,18,94,77,17,22.950819672131146,8.19672131147541,14.754098360655737,77.04918032786885,63.114754098360656,13.934426229508196
E00092283,150,47,17,30,103,77,26,31.333333333333336,11.333333333333332,20,68.66666666666667,51.33333333333333,17.333333333333336
E00092284,137,46,16,30,91,64,27,33.57664233576642,11.678832116788321,21.897810218978105,66.42335766423358,46.715328467153284,19.708029197080293
E00092285,167,58,23,35,109,91,18,34.73053892215569,13.77245508982036,20.958083832335326,65.26946107784431,54.49101796407185,10.778443113772456
E00092286,230,52,24,28,178,141,37,22.608695652173914,10.434782608695652,12.173913043478262,77.39130434782608,61.30434782608696,16.08695652173913
E00092288,138,34,14,20,104,82,22,24.637681159420293,10.144927536231885,14.492753623188406,75.36231884057972,59.42028985507246,15.942028985507244
E00092289,111,39,15,24,72,59,13,35.13513513513514,13.513513513513514,21.62162162162162,64.86486486486487,53.153153153153156,11.711711711711711
E00092290,167,53,24,29,114,95,19,31.736526946107784,14.37125748502994,17.365269461077844,68.26347305389223,56.886227544910184,11.377245508982035
E00092291,171,46,17,29,125,107,18,26.900584795321635,9.941520467836257,16.95906432748538,73.09941520467837,62.57309941520468,10.526315789473683
E00092293,127,32,10,22,95,84,11,25.196850393700785,7.874015748031496,17.322834645669293,74.80314960629921,66.14173228346458,8.661417322834646
E00092294,122,34,12,22,88,66,22,27.86885245901639,9.836065573770492,18.0327868852459,72.1311475409836,54.09836065573771,18.0327868852459
E00092296,134,39,17,22,95,90,5,29.1044776119403,12.686567164179104,16.417910447761194,70.8955223880597,67.16417910447761,3.731343283582089
E00092297,172,49,10,39,123,111,12,28.488372093023255,5.813953488372093,22.674418604651162,71.51162790697676,64.53488372093024,6.976744186046512
E00092298,125,36,12,24,89,76,13,28.799999999999997,9.6,19.2,71.2,60.8,10.4
E00092299,173,50,17,33,123,114,9,28.901734104046245,9.826589595375722,19.07514450867052,71.09826589595376,65.89595375722543,5.202312138728324
E00092300,173,47,15,32,126,106,20,27.167630057803464,8.670520231213873,18.497109826589593,72.83236994219652,61.27167630057804,11.560693641618498
E00092301,178,44,17,27,134,121,13,24.719101123595504,9.550561797752808,15.168539325842698,75.28089887640449,67.97752808988764,7.303370786516854
E00092302,190,49,24,25,141,111,30,25.789473684210527,12.631578947368421,13.157894736842104,74.21052631578947,58.42105263157895,15.789473684210526
E00092303,168,35,18,17,133,123,10,20.833333333333336,10.714285714285714,10.119047619047619,79.16666666666666,73.21428571428571,5.952380952380952
E00092304,296,67,27,40,229,205,24,22.635135135135133,9.121621621621621,13.513513513513514,77.36486486486487,69.25675675675676,8.108108108108109
E00092305,127,43,20,23,84,58,26,33.85826771653544,15.748031496062993,18.11023622047244,66.14173228346458,45.66929133858268,20.47244094488189
E00092306,99,30,15,15,69,47,22,30.303030303030305,15.151515151515152,15.151515151515152,69.6969696969697,47.474747474747474,22.22222222222222
E00092308,108,35,11,24,73,60,13,32.407407407407405,10.185185185185185,22.22222222222222,67.5925925925926,55.55555555555556,12.037037037037036
E00092309,191,51,19,32,140,108,32,26.701570680628272,9.947643979057592,16.75392670157068,73.29842931937172,56.54450261780105,16.75392670157068
E00092310,152,51,21,30,101,84,17,33.55263157894737,13.815789473684212,19.736842105263158,66.44736842105263,55.26315789473685,11.18421052631579
E00092311,179,49,20,29,130,99,31,27.37430167597765,11.1731843575419,16.201117318435752,72.62569832402235,55.3072625698324,17.318435754189945
E00092312,157,47,17,30,110,86,24,29.936305732484076,10.828025477707007,19.10828025477707,70.06369426751591,54.77707006369427,15.286624203821656
E00092313,122,41,12,29,81,67,14,33.60655737704918,9.836065573770492,23.770491803278688,66.39344262295081,54.91803278688525,11.475409836065573
E00092314,205,70,31,39,135,113,22,34.146341463414636,15.121951219512194,19.024390243902438,65.85365853658537,55.1219512195122,10.731707317073171
E00092315,192,56,19,37,136,115,21,29.166666666666668,9.895833333333332,19.270833333333336,70.83333333333334,59.895833333333336,10.9375
E00092316,158,50,19,31,108,87,21,31.645569620253166,12.025316455696203,19.62025316455696,68.35443037974683,55.06329113924051,13.291139240506327
E00092317,188,48,16,32,140,118,22,25.53191489361702,8.51063829787234,17.02127659574468,74.46808510638297,62.76595744680851,11.702127659574469
E00092318,159,43,22,21,116,93,23,27.044025157232703,13.836477987421384,13.20754716981132,72.95597484276729,58.490566037735846,14.465408805031446
E00092319,196,69,27,42,127,94,33,35.204081632653065,13.77551020408163,21.428571428571427,64.79591836734694,47.95918367346938,16.83673469387755
E00092320,238,60,30,30,178,135,43,25.210084033613445,12.605042016806722,12.605042016806722,74.78991596638656,56.72268907563025,18.067226890756302
E00092321,220,62,10,52,158,143,15,28.18181818181818,4.545454545454546,23.636363636363637,71.81818181818181,65,6.8181818181818175
E00092322,181,48,21,27,133,115,18,26.519337016574585,11.602209944751381,14.917127071823206,73.48066298342542,63.53591160220995,9.94475138121547
E00092323,210,64,28,36,146,123,23,30.476190476190478,13.333333333333334,17.142857142857142,69.52380952380952,58.57142857142858,10.952380952380953
E00092324,188,46,17,29,142,113,29,24.46808510638298,9.042553191489363,15.425531914893616,75.53191489361703,60.1063829787234,15.425531914893616
E00092326,148,41,15,26,107,93,14,27.7027027027027,10.135135135135135,17.56756756756757,72.2972972972973,62.83783783783784,9.45945945945946
E00092327,213,71,19,52,142,118,24,33.33333333333333,8.92018779342723,24.413145539906104,66.66666666666666,55.39906103286385,11.267605633802818
E00092328,154,57,22,35,97,77,20,37.01298701298701,14.285714285714285,22.727272727272727,62.98701298701299,50,12.987012987012985
E00092329,188,58,15,43,130,111,19,30.851063829787233,7.9787234042553195,22.872340425531913,69.14893617021278,59.04255319148937,10.106382978723403
E00092330,185,59,23,36,126,107,19,31.891891891891895,12.432432432432433,19.45945945945946,68.10810810810811,57.83783783783784,10.27027027027027
E00092331,175,56,19,37,119,105,14,32,10.857142857142858,21.142857142857142,68,60,8
E00170789,160,56,25,31,104,87,17,35,15.625,19.375,65,54.37499999999999,10.625
E00170790,186,43,16,27,143,126,17,23.118279569892472,8.60215053763441,14.516129032258066,76.88172043010752,67.74193548387096,9.13978494623656
E00170791,101,25,6,19,76,68,8,24.752475247524753,5.9405940594059405,18.81188118811881,75.24752475247524,67.32673267326733,7.920792079207921
E00170792,156,40,15,25,116,90,26,25.64102564102564,9.615384615384617,16.025641025641026,74.35897435897436,57.692307692307686,16.666666666666664
E00170793,236,71,31,40,165,133,32,30.08474576271186,13.135593220338984,16.94915254237288,69.91525423728814,56.355932203389834,13.559322033898304
E00170794,149,43,17,26,106,83,23,28.859060402684566,11.409395973154362,17.449664429530202,71.14093959731544,55.70469798657718,15.436241610738255
E00170797,174,46,23,23,128,103,25,26.436781609195403,13.218390804597702,13.218390804597702,73.5632183908046,59.195402298850574,14.367816091954023
E00170798,269,49,17,32,220,182,38,18.21561338289963,6.319702602230483,11.895910780669144,81.78438661710037,67.65799256505576,14.12639405204461
E00170799,181,42,16,26,139,117,22,23.204419889502763,8.83977900552486,14.3646408839779,76.79558011049724,64.64088397790056,12.154696132596685
E00170800,144,32,10,22,112,103,9,22.22222222222222,6.944444444444445,15.277777777777779,77.77777777777779,71.52777777777779,6.25
E00170801,180,50,11,39,130,108,22,27.77777777777778,6.111111111111111,21.666666666666668,72.22222222222221,60,12.222222222222221
E00170802,170,52,12,40,118,101,17,30.58823529411765,7.0588235294117645,23.52941176470588,69.41176470588235,59.411764705882355,10
E00170803,223,69,23,46,154,143,11,30.94170403587444,10.31390134529148,20.62780269058296,69.05829596412556,64.12556053811659,4.932735426008969
E00170804,178,34,9,25,144,126,18,19.101123595505616,5.056179775280898,14.04494382022472,80.89887640449437,70.78651685393258,10.112359550561797
E00170805,179,58,19,39,121,92,29,32.402234636871505,10.614525139664805,21.787709497206702,67.59776536312849,51.39664804469274,16.201117318435752
E00170806,190,39,14,25,151,129,22,20.526315789473685,7.368421052631578,13.157894736842104,79.47368421052632,67.89473684210526,11.578947368421053
E00170807,221,60,18,42,161,132,29,27.149321266968325,8.144796380090497,19.004524886877828,72.85067873303167,59.72850678733032,13.122171945701359
E00170808,178,45,19,26,133,114,19,25.280898876404496,10.674157303370785,14.606741573033707,74.71910112359551,64.04494382022472,10.674157303370785
E00170810,216,71,28,43,145,121,24,32.870370370370374,12.962962962962962,19.90740740740741,67.12962962962963,56.018518518518526,11.11111111111111
E00170811,172,52,16,36,120,101,19,30.23255813953488,9.30232558139535,20.930232558139537,69.76744186046511,58.720930232558146,11.046511627906977
E00170813,309,70,25,45,239,209,30,22.653721682847898,8.090614886731391,14.563106796116504,77.34627831715211,67.63754045307444,9.70873786407767
E00170814,196,47,16,31,149,131,18,23.97959183673469,8.16326530612245,15.816326530612246,76.0204081632653,66.83673469387756,9.183673469387756
E00170815,170,46,15,31,124,102,22,27.058823529411764,8.823529411764707,18.235294117647058,72.94117647058823,60,12.941176470588237
E00170816,187,53,23,30,134,118,16,28.342245989304814,12.299465240641712,16.042780748663102,71.65775401069519,63.101604278074866,8.55614973262032
E00170817,177,40,10,30,137,122,15,22.598870056497177,5.649717514124294,16.94915254237288,77.40112994350282,68.92655367231639,8.47457627118644
E00170818,181,46,17,29,135,123,12,25.41436464088398,9.392265193370166,16.022099447513813,74.58563535911603,67.95580110497238,6.629834254143646
E00170819,134,48,24,24,86,67,19,35.82089552238806,17.91044776119403,17.91044776119403,64.17910447761194,50,14.17910447761194
E00170820,181,49,17,32,132,115,17,27.071823204419886,9.392265193370166,17.67955801104972,72.92817679558011,63.53591160220995,9.392265193370166
E00170821,246,56,20,36,190,156,34,22.76422764227642,8.130081300813007,14.634146341463413,77.23577235772358,63.41463414634146,13.821138211382115
E00170822,195,50,15,35,145,125,20,25.64102564102564,7.6923076923076925,17.94871794871795,74.35897435897436,64.1025641025641,10.256410256410255
E00170823,151,48,17,31,103,89,14,31.788079470198678,11.258278145695364,20.52980132450331,68.21192052980133,58.94039735099338,9.271523178807946
E00170824,200,43,19,24,157,143,14,21.5,9.5,12,78.5,71.5,7.000000000000001
E00170825,249,54,20,34,195,175,20,21.686746987951807,8.032128514056225,13.654618473895583,78.3132530120482,70.28112449799197,8.032128514056225
E00170826,269,51,17,34,218,196,22,18.95910780669145,6.319702602230483,12.639405204460965,81.04089219330855,72.86245353159852,8.178438661710038
E00170827,333,66,21,45,267,236,31,19.81981981981982,6.306306306306306,13.513513513513514,80.18018018018019,70.87087087087087,9.30930930930931
E00170828,177,47,13,34,130,108,22,26.55367231638418,7.344632768361582,19.2090395480226,73.44632768361582,61.016949152542374,12.429378531073446
E00170829,166,41,15,26,125,108,17,24.69879518072289,9.036144578313253,15.66265060240964,75.30120481927712,65.06024096385542,10.240963855421686
E00170830,309,56,16,40,253,229,24,18.12297734627832,5.177993527508091,12.944983818770226,81.87702265372168,74.11003236245955,7.766990291262135
E00170831,255,50,19,31,205,185,20,19.607843137254903,7.450980392156863,12.156862745098039,80.3921568627451,72.54901960784314,7.8431372549019605
E00170833,145,43,10,33,102,73,29,29.655172413793103,6.896551724137931,22.758620689655174,70.34482758620689,50.3448275862069,20
E00170834,220,41,6,35,179,164,15,18.636363636363637,2.727272727272727,15.909090909090908,81.36363636363636,74.54545454545455,6.8181818181818175
E00170835,182,52,12,40,130,106,24,28.57142857142857,6.593406593406594,21.978021978021978,71.42857142857143,58.24175824175825,13.186813186813188
E00170836,190,48,20,28,142,115,27,25.263157894736842,10.526315789473683,14.736842105263156,74.73684210526315,60.526315789473685,14.210526315789473
E00170837,225,50,25,25,175,153,22,22.22222222222222,11.11111111111111,11.11111111111111,77.77777777777779,68,9.777777777777779
E00187612,129,48,25,23,81,63,18,37.2093023255814,19.379844961240313,17.829457364341085,62.7906976744186,48.837209302325576,13.953488372093023
E00187631,217,50,18,32,167,148,19,23.04147465437788,8.294930875576037,14.746543778801843,76.95852534562212,68.20276497695853,8.755760368663594
E00187644,87,25,8,17,62,55,7,28.735632183908045,9.195402298850574,19.54022988505747,71.26436781609196,63.2183908045977,8.045977011494253
E00187651,187,31,9,22,156,136,20,16.577540106951872,4.81283422459893,11.76470588235294,83.42245989304813,72.72727272727273,10.695187165775401
E00187662,212,57,21,36,155,133,22,26.88679245283019,9.90566037735849,16.9811320754717,73.11320754716981,62.735849056603776,10.377358490566039
E00187670,315,88,31,57,227,172,55,27.936507936507937,9.841269841269842,18.095238095238095,72.06349206349206,54.6031746031746,17.46031746031746
E00187671,145,41,16,25,104,89,15,28.27586206896552,11.03448275862069,17.24137931034483,71.72413793103448,61.37931034482759,10.344827586206897
E00187672,132,42,10,32,90,74,16,31.818181818181817,7.575757575757576,24.242424242424242,68.18181818181817,56.060606060606055,12.121212121212121
E00187674,63,19,6,13,44,35,9,30.158730158730158,9.523809523809524,20.634920634920633,69.84126984126983,55.55555555555556,14.285714285714285
E00187677,151,35,11,24,116,89,27,23.178807947019866,7.28476821192053,15.894039735099339,76.82119205298014,58.94039735099338,17.880794701986755
E00187680,176,43,14,29,133,116,17,24.431818181818183,7.954545454545454,16.477272727272727,75.56818181818183,65.9090909090909,9.659090909090908
E00187685,191,40,14,26,151,122,29,20.94240837696335,7.329842931937172,13.612565445026178,79.05759162303664,63.87434554973822,15.18324607329843
E00187689,71,14,6,8,57,44,13,19.718309859154928,8.450704225352112,11.267605633802818,80.28169014084507,61.97183098591549,18.30985915492958
E00187691,70,23,14,9,47,38,9,32.857142857142854,20,12.857142857142856,67.14285714285714,54.285714285714285,12.857142857142856
E00187693,330,74,24,50,256,215,41,22.424242424242426,7.2727272727272725,15.151515151515152,77.57575757575758,65.15151515151516,12.424242424242424
E00187700,74,11,4,7,63,55,8,14.864864864864865,5.405405405405405,9.45945945945946,85.13513513513513,74.32432432432432,10.81081081081081
E00187711,97,14,6,8,83,65,18,14.432989690721648,6.185567010309279,8.24742268041237,85.56701030927834,67.0103092783505,18.556701030927837
E00187716,136,42,11,31,94,77,17,30.88235294117647,8.088235294117647,22.794117647058822,69.11764705882352,56.61764705882353,12.5
E00187728,267,46,19,27,221,195,26,17.228464419475657,7.116104868913857,10.112359550561797,82.77153558052434,73.03370786516854,9.737827715355806
E00187730,113,23,5,18,90,76,14,20.353982300884958,4.424778761061947,15.929203539823009,79.64601769911505,67.2566371681416,12.389380530973451
E00187733,79,19,6,13,60,46,14,24.050632911392405,7.59493670886076,16.455696202531644,75.9493670886076,58.22784810126582,17.72151898734177
E00187735,169,42,13,29,127,115,12,24.85207100591716,7.6923076923076925,17.159763313609467,75.14792899408283,68.04733727810651,7.100591715976331
E00187737,125,26,9,17,99,90,9,20.8,7.199999999999999,13.600000000000001,79.2,72,7.199999999999999
E00187742,138,34,13,21,104,95,9,24.637681159420293,9.420289855072465,15.217391304347828,75.36231884057972,68.84057971014492,6.521739130434782
E00187744,290,54,19,35,236,202,34,18.620689655172416,6.551724137931035,12.068965517241379,81.37931034482759,69.6551724137931,11.724137931034482
E00187745,146,33,8,25,113,95,18,22.602739726027394,5.47945205479452,17.123287671232877,77.3972602739726,65.06849315068493,12.32876712328767
E00187747,254,75,22,53,179,158,21,29.527559055118108,8.661417322834646,20.866141732283463,70.47244094488188,62.20472440944882,8.267716535433072
E00187748,232,59,19,40,173,153,20,25.43103448275862,8.189655172413794,17.24137931034483,74.56896551724138,65.94827586206897,8.620689655172415
E00187750,333,45,10,35,288,240,48,13.513513513513514,3.003003003003003,10.51051051051051,86.48648648648648,72.07207207207207,14.414414414414415
E00187752,201,28,9,19,173,154,19,13.930348258706468,4.477611940298507,9.45273631840796,86.06965174129353,76.61691542288557,9.45273631840796
E00187765,138,14,5,9,124,108,16,10.144927536231885,3.6231884057971016,6.521739130434782,89.85507246376811,78.26086956521739,11.594202898550725
E00187787,246,65,19,46,181,168,13,26.422764227642276,7.723577235772358,18.69918699186992,73.57723577235772,68.29268292682927,5.284552845528456
E00187788,207,40,10,30,167,155,12,19.32367149758454,4.830917874396135,14.492753623188406,80.67632850241546,74.8792270531401,5.797101449275362
E00187794,190,53,16,37,137,122,15,27.89473684210526,8.421052631578947,19.473684210526315,72.10526315789474,64.21052631578948,7.894736842105263
E00187800,198,57,19,38,141,124,17,28.78787878787879,9.595959595959595,19.19191919191919,71.21212121212122,62.62626262626263,8.585858585858585
E00187804,101,22,5,17,79,57,22,21.782178217821784,4.9504950495049505,16.831683168316832,78.21782178217822,56.43564356435643,21.782178217821784
E00187808,255,47,11,36,208,168,40,18.43137254901961,4.313725490196078,14.117647058823529,81.56862745098039,65.88235294117646,15.686274509803921
E00187811,142,22,5,17,120,102,18,15.492957746478872,3.5211267605633805,11.971830985915492,84.50704225352112,71.83098591549296,12.676056338028168
E00187812,304,60,24,36,244,219,25,19.736842105263158,7.894736842105263,11.842105263157894,80.26315789473685,72.03947368421053,8.223684210526317
E00187813,208,53,23,30,155,131,24,25.48076923076923,11.057692307692307,14.423076923076922,74.51923076923077,62.980769230769226,11.538461538461538
E00187815,275,57,21,36,218,197,21,20.727272727272727,7.636363636363637,13.090909090909092,79.27272727272727,71.63636363636363,7.636363636363637
E00187817,70,17,9,8,53,42,11,24.285714285714285,12.857142857142856,11.428571428571429,75.71428571428571,60,15.714285714285714
E00187818,103,18,5,13,85,76,9,17.475728155339805,4.854368932038835,12.62135922330097,82.52427184466019,73.7864077669903,8.737864077669903
E00187819,138,20,6,14,118,107,11,14.492753623188406,4.3478260869565215,10.144927536231885,85.5072463768116,77.53623188405797,7.971014492753622
E00187827,64,18,9,9,46,40,6,28.125,14.0625,14.0625,71.875,62.5,9.375
E00187828,237,53,17,36,184,153,31,22.362869198312236,7.172995780590717,15.18987341772152,77.63713080168776,64.55696202531645,13.080168776371309
E00187844,202,45,8,37,157,139,18,22.277227722772277,3.9603960396039604,18.316831683168317,77.72277227722772,68.8118811881188,8.91089108910891
E00187846,138,28,9,19,110,99,11,20.28985507246377,6.521739130434782,13.768115942028986,79.71014492753623,71.73913043478261,7.971014492753622
