OA,ts0380001,ts0380002,ts0380003,ts0380004,ts0380005,ts0380006,ts0380007,ts0380002_PCT,ts0380003_PCT,ts0380004_PCT,ts0380005_PCT,ts0380006_PCT,ts0380007_PCT
E00091896,311,47,14,33,264,35,229,15.112540192926044,4.501607717041801,10.610932475884244,84.88745980707395,11.254019292604502,73.63344051446946
E00091897,352,50,14,36,302,35,267,14.204545454545455,3.977272727272727,10.227272727272728,85.79545454545455,9.943181818181818,75.85227272727273
E00091898,353,57,13,44,296,37,259,16.147308781869686,3.6827195467422094,12.464589235127479,83.85269121813032,10.48158640226629,73.37110481586402
E00091899,326,58,26,32,268,25,243,17.791411042944784,7.975460122699387,9.815950920245399,82.20858895705521,7.668711656441718,74.5398773006135
E00091900,283,35,6,29,248,19,229,12.36749116607774,2.1201413427561837,10.247349823321555,87.63250883392226,6.713780918727916,80.91872791519434
E00091901,182,32,11,21,150,15,135,17.582417582417584,6.043956043956044,11.538461538461538,82.41758241758241,8.241758241758241,74.17582417582418
E00091902,361,40,10,30,321,33,288,11.080332409972298,2.7700831024930745,8.310249307479225,88.9196675900277,9.141274238227147,79.77839335180056
E00091903,282,45,14,31,237,20,217,15.957446808510639,4.964539007092199,10.99290780141844,84.04255319148936,7.092198581560284,76.95035460992908
E00091904,460,68,16,52,392,32,360,14.782608695652174,3.4782608695652173,11.304347826086957,85.21739130434783,6.956521739130435,78.26086956521739
E00091905,299,38,10,28,261,27,234,12.709030100334449,3.3444816053511706,9.364548494983277,87.29096989966555,9.03010033444816,78.26086956521739
E00091906,435,56,18,38,379,41,338,12.873563218390805,4.137931034482759,8.735632183908045,87.1264367816092,9.425287356321839,77.70114942528735
E00091907,400,54,20,34,346,37,309,13.5,5,8.5,86.5,9.25,77.25
E00091908,489,59,23,36,430,46,384,12.065439672801636,4.703476482617587,7.361963190184049,87.93456032719837,9.406952965235174,78.52760736196319
E00091909,196,34,15,19,162,16,146,17.346938775510203,7.653061224489796,9.693877551020408,82.6530612244898,8.16326530612245,74.48979591836735
E00091910,262,27,12,15,235,27,208,10.305343511450381,4.580152671755725,5.7251908396946565,89.69465648854961,10.305343511450381,79.38931297709924
E00091911,298,47,11,36,251,22,229,15.771812080536913,3.691275167785235,12.080536912751679,84.22818791946308,7.38255033557047,76.84563758389261
E00091912,314,42,13,29,272,23,249,13.375796178343949,4.140127388535031,9.235668789808917,86.62420382165605,7.32484076433121,79.29936305732484
E00091913,351,38,8,30,313,20,293,10.826210826210826,2.2792022792022792,8.547008547008547,89.17378917378917,5.698005698005698,83.47578347578347
E00091914,217,39,9,30,178,16,162,17.972350230414747,4.147465437788019,13.82488479262673,82.02764976958525,7.373271889400922,74.65437788018433
E00091915,359,42,13,29,317,33,284,11.699164345403899,3.6211699164345403,8.07799442896936,88.3008356545961,9.192200557103064,79.10863509749304
E00091916,266,42,11,31,224,22,202,15.789473684210526,4.135338345864661,11.654135338345863,84.21052631578947,8.270676691729323,75.93984962406014
E00091917,275,43,12,31,232,33,199,15.636363636363637,4.363636363636364,11.272727272727273,84.36363636363636,12,72.36363636363636
E00091918,238,23,6,17,215,27,188,9.663865546218489,2.5210084033613445,7.142857142857142,90.33613445378151,11.344537815126051,78.99159663865547
E00091919,262,20,8,12,242,34,208,7.633587786259542,3.0534351145038165,4.580152671755725,92.36641221374046,12.977099236641221,79.38931297709924
E00091920,248,34,14,20,214,24,190,13.709677419354838,5.64516129032258,8.064516129032258,86.29032258064517,9.67741935483871,76.61290322580645
E00091921,282,48,17,31,234,21,213,17.02127659574468,6.028368794326241,10.99290780141844,82.97872340425532,7.446808510638298,75.53191489361703
E00091922,338,61,21,40,277,30,247,18.04733727810651,6.21301775147929,11.834319526627219,81.95266272189349,8.875739644970414,73.07692307692307
E00091923,215,29,9,20,186,22,164,13.488372093023257,4.186046511627907,9.30232558139535,86.51162790697674,10.232558139534884,76.27906976744187
E00091924,306,43,10,33,263,24,239,14.052287581699346,3.2679738562091507,10.784313725490197,85.94771241830065,7.8431372549019605,78.10457516339869
E00091925,393,41,9,32,352,27,325,10.432569974554708,2.2900763358778624,8.142493638676845,89.56743002544529,6.870229007633588,82.69720101781171
E00091926,159,23,9,14,136,18,118,14.465408805031446,5.660377358490567,8.80503144654088,85.53459119496856,11.320754716981133,74.21383647798741
E00091927,278,41,12,29,237,21,216,14.748201438848922,4.316546762589928,10.431654676258994,85.25179856115108,7.553956834532374,77.6978417266187
E00091928,224,44,14,30,180,29,151,19.642857142857142,6.25,13.392857142857142,80.35714285714286,12.946428571428573,67.41071428571429
E00091929,315,44,17,27,271,29,242,13.968253968253968,5.396825396825397,8.571428571428571,86.03174603174604,9.206349206349207,76.82539682539684
E00091930,274,35,11,24,239,27,212,12.773722627737227,4.014598540145985,8.75912408759124,87.22627737226277,9.854014598540147,77.37226277372264
E00091931,341,61,14,47,280,36,244,17.888563049853374,4.105571847507331,13.78299120234604,82.11143695014663,10.557184750733137,71.5542521994135
E00091932,338,53,14,39,285,21,264,15.680473372781064,4.142011834319527,11.538461538461538,84.31952662721893,6.21301775147929,78.10650887573965
E00091933,257,68,30,38,189,18,171,26.459143968871597,11.673151750972762,14.785992217898833,73.54085603112841,7.003891050583658,66.53696498054474
E00091934,278,48,10,38,230,23,207,17.26618705035971,3.5971223021582732,13.66906474820144,82.73381294964028,8.273381294964029,74.46043165467626
E00091935,208,27,11,16,181,13,168,12.980769230769232,5.288461538461538,7.6923076923076925,87.01923076923077,6.25,80.76923076923077
E00091936,390,44,21,23,346,20,326,11.282051282051283,5.384615384615385,5.897435897435897,88.71794871794872,5.128205128205128,83.58974358974359
E00091937,218,90,30,60,128,16,112,41.284403669724774,13.761467889908257,27.522935779816514,58.71559633027523,7.339449541284404,51.37614678899083
E00091938,290,36,12,24,254,27,227,12.413793103448276,4.137931034482759,8.275862068965518,87.58620689655172,9.310344827586208,78.27586206896552
E00091939,222,73,31,42,149,19,130,32.88288288288289,13.963963963963963,18.91891891891892,67.11711711711712,8.558558558558559,58.55855855855856
E00091940,201,27,11,16,174,6,168,13.432835820895523,5.472636815920398,7.960199004975125,86.56716417910447,2.9850746268656714,83.5820895522388
E00091941,204,30,8,22,174,18,156,14.705882352941178,3.9215686274509802,10.784313725490197,85.29411764705883,8.823529411764707,76.47058823529412
E00091942,133,20,5,15,113,14,99,15.037593984962406,3.7593984962406015,11.278195488721805,84.9624060150376,10.526315789473683,74.43609022556392
E00091943,364,62,22,40,302,32,270,17.032967032967033,6.043956043956044,10.989010989010989,82.96703296703298,8.791208791208792,74.17582417582418
E00091944,352,41,17,24,311,27,284,11.647727272727272,4.829545454545454,6.8181818181818175,88.35227272727273,7.670454545454546,80.68181818181817
E00091945,310,52,23,29,258,30,228,16.7741935483871,7.419354838709677,9.35483870967742,83.22580645161291,9.67741935483871,73.54838709677419
E00091946,300,40,11,29,260,30,230,13.333333333333334,3.6666666666666665,9.666666666666666,86.66666666666667,10,76.66666666666667
E00091947,286,36,12,24,250,22,228,12.587412587412588,4.195804195804196,8.391608391608392,87.41258741258741,7.6923076923076925,79.72027972027972
E00091948,252,56,22,34,196,20,176,22.22222222222222,8.73015873015873,13.492063492063492,77.77777777777779,7.936507936507936,69.84126984126983
E00091949,288,34,11,23,254,31,223,11.805555555555555,3.8194444444444446,7.986111111111111,88.19444444444444,10.76388888888889,77.43055555555556
E00091950,306,41,16,25,265,23,242,13.398692810457517,5.228758169934641,8.169934640522875,86.60130718954248,7.516339869281046,79.08496732026144
E00091951,103,17,8,9,86,14,72,16.50485436893204,7.766990291262135,8.737864077669903,83.49514563106796,13.592233009708737,69.90291262135922
E00091952,400,47,20,27,353,38,315,11.75,5,6.75,88.25,9.5,78.75
E00091953,166,34,14,20,132,14,118,20.481927710843372,8.433734939759036,12.048192771084338,79.51807228915662,8.433734939759036,71.08433734939759
E00091954,561,55,11,44,506,56,450,9.803921568627452,1.9607843137254901,7.8431372549019605,90.19607843137256,9.982174688057041,80.21390374331551
E00091957,340,65,33,32,275,34,241,19.11764705882353,9.705882352941178,9.411764705882353,80.88235294117648,10,70.88235294117648
E00091958,360,54,14,40,306,40,266,15,3.888888888888889,11.11111111111111,85,11.11111111111111,73.88888888888889
E00091960,315,48,20,28,267,23,244,15.238095238095239,6.349206349206349,8.88888888888889,84.76190476190476,7.301587301587302,77.46031746031747
E00091962,159,17,8,9,142,14,128,10.69182389937107,5.031446540880504,5.660377358490567,89.30817610062893,8.80503144654088,80.50314465408806
E00091963,395,59,19,40,336,32,304,14.936708860759493,4.810126582278481,10.126582278481013,85.0632911392405,8.10126582278481,76.9620253164557
E00091965,462,54,17,37,408,53,355,11.688311688311687,3.67965367965368,8.008658008658008,88.31168831168831,11.471861471861471,76.83982683982684
E00091966,508,60,17,43,448,58,390,11.811023622047244,3.346456692913386,8.46456692913386,88.18897637795276,11.41732283464567,76.77165354330708
E00091967,243,37,16,21,206,22,184,15.22633744855967,6.584362139917696,8.641975308641975,84.77366255144034,9.053497942386832,75.7201646090535
E00091968,254,42,12,30,212,29,183,16.535433070866144,4.724409448818897,11.811023622047244,83.46456692913385,11.41732283464567,72.04724409448819
E00091969,318,62,20,42,256,22,234,19.49685534591195,6.289308176100629,13.20754716981132,80.50314465408806,6.918238993710692,73.58490566037736
E00091970,320,48,15,33,272,34,238,15,4.6875,10.3125,85,10.625,74.375
E00091971,309,33,12,21,276,34,242,10.679611650485436,3.8834951456310676,6.796116504854369,89.32038834951457,11.003236245954692,78.31715210355988
E00091972,300,42,13,29,258,27,231,14.000000000000002,4.333333333333334,9.666666666666666,86,9,77
E00091973,356,76,35,41,280,40,240,21.34831460674157,9.831460674157304,11.51685393258427,78.65168539325843,11.235955056179774,67.41573033707866
E00091974,346,62,30,32,284,20,264,17.91907514450867,8.670520231213873,9.248554913294797,82.08092485549133,5.780346820809249,76.30057803468208
E00091975,325,61,14,47,264,26,238,18.76923076923077,4.3076923076923075,14.461538461538462,81.23076923076923,8,73.23076923076923
E00091976,301,43,17,26,258,23,235,14.285714285714285,5.647840531561462,8.637873754152823,85.71428571428571,7.641196013289036,78.07308970099668
E00091977,305,29,9,20,276,23,253,9.508196721311474,2.9508196721311477,6.557377049180328,90.49180327868852,7.540983606557377,82.95081967213115
E00091978,273,66,30,36,207,16,191,24.175824175824175,10.989010989010989,13.186813186813188,75.82417582417582,5.86080586080586,69.96336996336996
E00091979,292,50,17,33,242,30,212,17.123287671232877,5.821917808219178,11.301369863013697,82.87671232876713,10.273972602739725,72.6027397260274
E00091980,353,41,9,32,312,29,283,11.614730878186968,2.5495750708215295,9.06515580736544,88.38526912181302,8.21529745042493,80.16997167138811
E00091981,203,44,16,28,159,32,127,21.67487684729064,7.8817733990147785,13.793103448275861,78.32512315270937,15.763546798029557,62.5615763546798
E00091982,334,61,32,29,273,31,242,18.263473053892216,9.580838323353294,8.682634730538922,81.73652694610777,9.281437125748502,72.45508982035929
E00091983,275,29,7,22,246,27,219,10.545454545454545,2.5454545454545454,8,89.45454545454545,9.818181818181818,79.63636363636364
E00091984,448,105,50,55,343,26,317,23.4375,11.160714285714286,12.276785714285714,76.5625,5.803571428571429,70.75892857142857
E00091985,424,78,39,39,346,23,323,18.39622641509434,9.19811320754717,9.19811320754717,81.60377358490565,5.4245283018867925,76.17924528301887
E00091986,278,38,9,29,240,26,214,13.66906474820144,3.237410071942446,10.431654676258994,86.33093525179856,9.352517985611511,76.97841726618705
E00091987,173,30,15,15,143,10,133,17.341040462427745,8.670520231213873,8.670520231213873,82.65895953757226,5.780346820809249,76.878612716763
E00091988,277,40,9,31,237,19,218,14.440433212996389,3.2490974729241873,11.191335740072201,85.5595667870036,6.859205776173286,78.70036101083032
E00091989,314,48,15,33,266,31,235,15.286624203821656,4.777070063694268,10.509554140127388,84.71337579617835,9.872611464968154,74.84076433121018
E00091990,551,70,32,38,481,43,438,12.704174228675136,5.807622504537205,6.896551724137931,87.29582577132487,7.80399274047187,79.491833030853
E00091991,354,65,17,48,289,31,258,18.361581920903955,4.80225988700565,13.559322033898304,81.63841807909604,8.757062146892656,72.88135593220339
E00091992,337,50,15,35,287,33,254,14.836795252225517,4.451038575667656,10.385756676557865,85.16320474777447,9.792284866468842,75.37091988130564
E00091993,342,60,24,36,282,22,260,17.543859649122805,7.017543859649122,10.526315789473683,82.45614035087719,6.432748538011696,76.0233918128655
E00091994,363,47,14,33,316,37,279,12.947658402203857,3.8567493112947657,9.090909090909092,87.05234159779614,10.192837465564738,76.85950413223141
E00091995,431,83,33,50,348,40,308,19.25754060324826,7.65661252900232,11.600928074245939,80.74245939675174,9.280742459396752,71.46171693735499
E00091996,376,56,17,39,320,39,281,14.893617021276595,4.521276595744681,10.372340425531915,85.1063829787234,10.372340425531915,74.7340425531915
E00091997,404,60,14,46,344,23,321,14.85148514851485,3.4653465346534658,11.386138613861387,85.14851485148515,5.693069306930694,79.45544554455446
E00091998,368,55,15,40,313,36,277,14.945652173913043,4.076086956521739,10.869565217391305,85.05434782608695,9.782608695652174,75.27173913043478
E00091999,346,95,55,40,251,24,227,27.45664739884393,15.895953757225435,11.560693641618498,72.54335260115607,6.9364161849710975,65.60693641618496
E00092000,446,66,19,47,380,44,336,14.798206278026907,4.260089686098654,10.538116591928251,85.20179372197309,9.865470852017937,75.33632286995515
E00092001,480,40,12,28,440,51,389,8.333333333333332,2.5,5.833333333333333,91.66666666666666,10.625,81.04166666666667
E00092002,360,43,12,31,317,43,274,11.944444444444445,3.3333333333333335,8.61111111111111,88.05555555555556,11.944444444444445,76.11111111111111
E00092003,380,63,26,37,317,31,286,16.57894736842105,6.842105263157896,9.736842105263158,83.42105263157895,8.157894736842106,75.26315789473685
E00092004,258,59,20,39,199,24,175,22.868217054263564,7.751937984496124,15.11627906976744,77.13178294573643,9.30232558139535,67.82945736434108
E00092005,405,53,7,46,352,37,315,13.086419753086421,1.728395061728395,11.358024691358025,86.91358024691358,9.135802469135802,77.77777777777779
E00092006,333,68,25,43,265,29,236,20.42042042042042,7.5075075075075075,12.912912912912914,79.57957957957959,8.708708708708707,70.87087087087087
E00092007,377,51,14,37,326,36,290,13.527851458885943,3.7135278514588856,9.814323607427056,86.47214854111405,9.549071618037134,76.92307692307693
E00092008,374,69,28,41,305,39,266,18.449197860962567,7.4866310160427805,10.962566844919785,81.55080213903744,10.427807486631016,71.12299465240642
E00092009,266,50,13,37,216,26,190,18.796992481203006,4.887218045112782,13.909774436090224,81.203007518797,9.774436090225564,71.42857142857143
E00092010,359,57,26,31,302,26,276,15.87743732590529,7.242339832869081,8.635097493036211,84.12256267409471,7.242339832869081,76.88022284122563
E00092011,354,32,6,26,322,25,297,9.03954802259887,1.694915254237288,7.344632768361582,90.96045197740112,7.062146892655368,83.89830508474576
E00092012,317,38,15,23,279,31,248,11.987381703470032,4.73186119873817,7.255520504731862,88.01261829652996,9.779179810725552,78.23343848580441
E00092013,306,40,12,28,266,23,243,13.071895424836603,3.9215686274509802,9.15032679738562,86.9281045751634,7.516339869281046,79.41176470588235
E00092014,423,41,14,27,382,55,327,9.692671394799055,3.309692671394799,6.382978723404255,90.30732860520094,13.002364066193852,77.30496453900709
E00092015,341,79,30,49,262,28,234,23.16715542521994,8.797653958944283,14.369501466275661,76.83284457478005,8.211143695014663,68.62170087976538
E00092016,204,36,8,28,168,30,138,17.647058823529413,3.9215686274509802,13.725490196078432,82.35294117647058,14.705882352941178,67.64705882352942
E00092017,399,65,23,42,334,32,302,16.290726817042607,5.764411027568922,10.526315789473683,83.70927318295739,8.020050125313283,75.6892230576441
E00092018,388,27,10,17,361,39,322,6.958762886597938,2.5773195876288657,4.381443298969072,93.04123711340206,10.051546391752577,82.9896907216495
E00092019,419,79,24,55,340,54,286,18.85441527446301,5.727923627684964,13.126491646778044,81.14558472553699,12.887828162291171,68.25775656324582
E00092020,350,62,24,38,288,26,262,17.71428571428571,6.857142857142858,10.857142857142858,82.28571428571428,7.428571428571429,74.85714285714286
E00092021,276,39,17,22,237,34,203,14.130434782608695,6.159420289855073,7.971014492753622,85.86956521739131,12.318840579710146,73.55072463768117
E00092022,308,46,14,32,262,18,244,14.935064935064934,4.545454545454546,10.38961038961039,85.06493506493507,5.844155844155844,79.22077922077922
E00092023,294,45,8,37,249,24,225,15.306122448979592,2.7210884353741496,12.585034013605442,84.6938775510204,8.16326530612245,76.53061224489795
E00092024,303,57,10,47,246,23,223,18.81188118811881,3.3003300330033,15.51155115511551,81.1881188118812,7.590759075907591,73.5973597359736
E00092025,275,39,16,23,236,24,212,14.181818181818182,5.818181818181818,8.363636363636363,85.81818181818181,8.727272727272728,77.0909090909091
E00092026,518,69,28,41,449,44,405,13.320463320463322,5.405405405405405,7.915057915057915,86.67953667953668,8.494208494208493,78.18532818532819
E00092027,311,39,10,29,272,22,250,12.540192926045016,3.215434083601286,9.32475884244373,87.45980707395499,7.07395498392283,80.38585209003215
E00092028,276,61,24,37,215,22,193,22.10144927536232,8.695652173913043,13.405797101449277,77.89855072463769,7.971014492753622,69.92753623188406
E00092029,337,81,46,35,256,31,225,24.03560830860534,13.649851632047477,10.385756676557865,75.96439169139467,9.198813056379821,66.76557863501483
E00092030,325,55,17,38,270,34,236,16.923076923076923,5.230769230769231,11.692307692307692,83.07692307692308,10.461538461538462,72.61538461538461
E00092031,269,24,9,15,245,24,221,8.921933085501859,3.3457249070631967,5.5762081784386615,91.07806691449815,8.921933085501859,82.15613382899627
E00092032,401,55,16,39,346,33,313,13.715710723192021,3.99002493765586,9.72568578553616,86.28428927680798,8.229426433915211,78.05486284289277
E00092033,206,39,21,18,167,20,147,18.932038834951456,10.194174757281553,8.737864077669903,81.06796116504854,9.70873786407767,71.35922330097088
E00092034,318,56,22,34,262,26,236,17.61006289308176,6.918238993710692,10.69182389937107,82.38993710691824,8.176100628930817,74.21383647798741
E00092035,310,48,18,30,262,23,239,15.483870967741936,5.806451612903226,9.67741935483871,84.51612903225806,7.419354838709677,77.09677419354838
E00092036,502,73,26,47,429,31,398,14.54183266932271,5.179282868525896,9.362549800796813,85.4581673306773,6.175298804780876,79.2828685258964
E00092037,264,51,21,30,213,18,195,19.318181818181817,7.954545454545454,11.363636363636363,80.68181818181817,6.8181818181818175,73.86363636363636
E00092038,371,49,14,35,322,35,287,13.20754716981132,3.7735849056603774,9.433962264150944,86.79245283018868,9.433962264150944,77.35849056603774
E00092039,328,46,21,25,282,28,254,14.02439024390244,6.402439024390244,7.621951219512195,85.97560975609755,8.536585365853659,77.4390243902439
E00092040,364,78,25,53,286,24,262,21.428571428571427,6.868131868131869,14.560439560439562,78.57142857142857,6.593406593406594,71.97802197802197
E00092041,303,53,17,36,250,17,233,17.491749174917494,5.6105610561056105,11.881188118811881,82.50825082508251,5.6105610561056105,76.89768976897689
E00092042,345,62,25,37,283,38,245,17.971014492753625,7.246376811594203,10.72463768115942,82.02898550724638,11.014492753623188,71.01449275362319
E00092043,388,40,7,33,348,29,319,10.309278350515463,1.804123711340206,8.505154639175258,89.69072164948454,7.474226804123711,82.21649484536083
E00092044,256,48,21,27,208,22,186,18.75,8.203125,10.546875,81.25,8.59375,72.65625
E00092045,185,20,6,14,165,18,147,10.81081081081081,3.2432432432432434,7.567567567567568,89.1891891891892,9.72972972972973,79.45945945945945
E00092046,291,58,29,29,233,18,215,19.93127147766323,9.965635738831615,9.965635738831615,80.06872852233677,6.185567010309279,73.8831615120275
E00092047,207,31,17,14,176,12,164,14.975845410628018,8.212560386473431,6.763285024154589,85.02415458937197,5.797101449275362,79.22705314009661
E00092048,309,55,11,44,254,26,228,17.79935275080906,3.559870550161812,14.239482200647249,82.20064724919094,8.414239482200648,73.7864077669903
E00092049,427,73,20,53,354,44,310,17.096018735362996,4.683840749414521,12.412177985948478,82.90398126463701,10.304449648711945,72.59953161592506
E00092050,396,52,12,40,344,30,314,13.131313131313133,3.0303030303030303,10.1010101010101,86.86868686868688,7.575757575757576,79.29292929292929
E00092051,374,43,10,33,331,25,306,11.497326203208557,2.6737967914438503,8.823529411764707,88.50267379679144,6.684491978609626,81.81818181818183
E00092052,269,56,29,27,213,15,198,20.817843866171003,10.780669144981413,10.037174721189592,79.182156133829,5.5762081784386615,73.60594795539033
E00092056,253,37,10,27,216,26,190,14.624505928853754,3.9525691699604746,10.67193675889328,85.37549407114624,10.276679841897234,75.09881422924902
E00092057,267,46,15,31,221,19,202,17.228464419475657,5.617977528089887,11.610486891385769,82.77153558052434,7.116104868913857,75.65543071161048
E00092058,268,36,14,22,232,21,211,13.432835820895523,5.223880597014925,8.208955223880597,86.56716417910447,7.835820895522389,78.73134328358209
E00092059,290,41,19,22,249,17,232,14.13793103448276,6.551724137931035,7.586206896551724,85.86206896551725,5.862068965517241,80
E00092060,285,37,12,25,248,40,208,12.982456140350877,4.2105263157894735,8.771929824561402,87.01754385964912,14.035087719298245,72.98245614035088
E00092061,276,44,11,33,232,31,201,15.942028985507244,3.985507246376811,11.956521739130435,84.05797101449275,11.231884057971014,72.82608695652173
E00092062,478,65,20,45,413,37,376,13.598326359832635,4.184100418410042,9.414225941422593,86.40167364016736,7.740585774058577,78.66108786610879
E00092063,426,56,20,36,370,37,333,13.145539906103288,4.694835680751173,8.450704225352112,86.85446009389672,8.685446009389672,78.16901408450704
E00092064,330,44,17,27,286,31,255,13.333333333333334,5.151515151515151,8.181818181818182,86.66666666666667,9.393939393939393,77.27272727272727
E00092065,296,40,15,25,256,26,230,13.513513513513514,5.0675675675675675,8.445945945945946,86.48648648648648,8.783783783783784,77.7027027027027
E00092066,276,32,10,22,244,30,214,11.594202898550725,3.6231884057971016,7.971014492753622,88.40579710144928,10.869565217391305,77.53623188405797
E00092067,397,58,13,45,339,50,289,14.609571788413097,3.27455919395466,11.335012594458437,85.3904282115869,12.594458438287154,72.79596977329975
E00092068,283,77,40,37,206,20,186,27.208480565371023,14.13427561837456,13.074204946996467,72.79151943462897,7.06713780918728,65.7243816254417
E00092069,384,39,8,31,345,32,313,10.15625,2.083333333333333,8.072916666666668,89.84375,8.333333333333332,81.51041666666666
E00092070,334,49,15,34,285,30,255,14.67065868263473,4.491017964071856,10.179640718562874,85.32934131736528,8.982035928143713,76.34730538922156
E00092071,428,44,12,32,384,42,342,10.2803738317757,2.803738317757009,7.476635514018691,89.7196261682243,9.813084112149532,79.90654205607477
E00092072,264,35,8,27,229,21,208,13.257575757575758,3.0303030303030303,10.227272727272728,86.74242424242425,7.954545454545454,78.78787878787878
E00092074,232,16,7,9,216,20,196,6.896551724137931,3.0172413793103448,3.8793103448275863,93.10344827586206,8.620689655172415,84.48275862068965
E00092075,316,34,11,23,282,22,260,10.759493670886076,3.481012658227848,7.2784810126582276,89.24050632911393,6.962025316455696,82.27848101265823
E00092076,336,42,13,29,294,30,264,12.5,3.869047619047619,8.630952380952381,87.5,8.928571428571429,78.57142857142857
E00092077,308,55,20,35,253,26,227,17.857142857142858,6.493506493506493,11.363636363636363,82.14285714285714,8.441558441558442,73.7012987012987
E00092079,301,33,13,20,268,25,243,10.96345514950166,4.318936877076411,6.64451827242525,89.03654485049833,8.305647840531561,80.73089700996677
E00092080,299,23,8,15,276,40,236,7.6923076923076925,2.6755852842809364,5.016722408026756,92.3076923076923,13.377926421404682,78.92976588628763
E00092081,281,50,24,26,231,20,211,17.793594306049823,8.540925266903916,9.252669039145907,82.20640569395017,7.11743772241993,75.08896797153025
E00092082,287,38,17,21,249,30,219,13.240418118466899,5.923344947735192,7.317073170731707,86.7595818815331,10.452961672473867,76.30662020905923
E00092083,362,87,45,42,275,35,240,24.03314917127072,12.430939226519337,11.602209944751381,75.96685082872928,9.668508287292818,66.29834254143645
E00092084,332,39,15,24,293,40,253,11.74698795180723,4.518072289156627,7.228915662650602,88.25301204819277,12.048192771084338,76.20481927710844
E00092085,377,72,31,41,305,39,266,19.098143236074268,8.222811671087534,10.875331564986737,80.90185676392572,10.344827586206897,70.55702917771883
E00092086,297,114,61,53,183,19,164,38.38383838383838,20.53872053872054,17.845117845117844,61.61616161616161,6.397306397306397,55.218855218855225
E00092087,278,64,22,42,214,37,177,23.021582733812952,7.913669064748201,15.107913669064748,76.97841726618705,13.309352517985612,63.66906474820144
E00092088,322,28,7,21,294,27,267,8.695652173913043,2.1739130434782608,6.521739130434782,91.30434782608695,8.385093167701864,82.91925465838509
E00092089,362,50,17,33,312,29,283,13.812154696132598,4.696132596685083,9.116022099447514,86.1878453038674,8.011049723756907,78.1767955801105
E00092090,348,54,16,38,294,30,264,15.517241379310345,4.597701149425287,10.919540229885058,84.48275862068965,8.620689655172415,75.86206896551724
E00092091,216,54,26,28,162,21,141,25,12.037037037037036,12.962962962962962,75,9.722222222222223,65.27777777777779
E00092092,300,43,14,29,257,28,229,14.333333333333334,4.666666666666667,9.666666666666666,85.66666666666667,9.333333333333334,76.33333333333333
E00092093,362,61,18,43,301,27,274,16.85082872928177,4.972375690607735,11.878453038674033,83.14917127071824,7.458563535911603,75.69060773480662
E00092094,331,39,12,27,292,48,244,11.782477341389729,3.625377643504532,8.157099697885197,88.21752265861026,14.501510574018129,73.71601208459214
E00092095,326,47,14,33,279,37,242,14.417177914110429,4.294478527607362,10.122699386503067,85.58282208588957,11.349693251533742,74.23312883435584
E00092096,363,50,20,30,313,37,276,13.774104683195592,5.5096418732782375,8.264462809917356,86.22589531680441,10.192837465564738,76.03305785123968
E00092097,538,73,30,43,465,42,423,13.568773234200743,5.5762081784386615,7.992565055762081,86.43122676579925,7.806691449814126,78.62453531598513
E00092098,298,97,54,43,201,25,176,32.5503355704698,18.120805369127517,14.429530201342283,67.4496644295302,8.389261744966444,59.06040268456376
E00092099,296,57,25,32,239,24,215,19.256756756756758,8.445945945945946,10.81081081081081,80.74324324324324,8.108108108108109,72.63513513513513
E00092100,384,42,16,26,342,30,312,10.9375,4.166666666666666,6.770833333333333,89.0625,7.8125,81.25
E00092101,296,29,7,22,267,30,237,9.797297297297296,2.364864864864865,7.4324324324324325,90.2027027027027,10.135135135135135,80.06756756756756
E00092102,227,35,11,24,192,21,171,15.418502202643172,4.845814977973569,10.572687224669604,84.58149779735683,9.251101321585903,75.33039647577093
E00092103,365,43,14,29,322,28,294,11.78082191780822,3.8356164383561646,7.9452054794520555,88.21917808219179,7.671232876712329,80.54794520547945
E00092105,271,80,40,40,191,12,179,29.520295202952028,14.760147601476014,14.760147601476014,70.47970479704797,4.428044280442804,66.05166051660517
E00092106,231,53,21,32,178,13,165,22.943722943722943,9.090909090909092,13.852813852813853,77.05627705627705,5.627705627705628,71.42857142857143
E00092107,334,37,11,26,297,37,260,11.077844311377245,3.293413173652695,7.784431137724551,88.92215568862275,11.077844311377245,77.84431137724552
E00092108,496,74,20,54,422,56,366,14.919354838709678,4.032258064516129,10.887096774193548,85.08064516129032,11.29032258064516,73.79032258064517
E00092109,332,53,11,42,279,26,253,15.963855421686745,3.313253012048193,12.650602409638553,84.03614457831326,7.83132530120482,76.20481927710844
E00092110,197,29,6,23,168,13,155,14.720812182741117,3.0456852791878175,11.6751269035533,85.27918781725889,6.598984771573605,78.68020304568529
E00092111,341,129,82,47,212,22,190,37.82991202346041,24.04692082111437,13.78299120234604,62.17008797653959,6.451612903225806,55.718475073313776
E00092112,435,42,16,26,393,39,354,9.655172413793103,3.67816091954023,5.977011494252873,90.3448275862069,8.96551724137931,81.37931034482759
E00092113,283,43,21,22,240,23,217,15.19434628975265,7.420494699646643,7.773851590106007,84.80565371024736,8.12720848056537,76.67844522968198
E00092114,356,57,15,42,299,43,256,16.01123595505618,4.213483146067416,11.797752808988763,83.98876404494382,12.07865168539326,71.91011235955057
E00092115,359,29,6,23,330,42,288,8.07799442896936,1.6713091922005572,6.406685236768802,91.92200557103064,11.699164345403899,80.22284122562674
E00092116,242,30,7,23,212,21,191,12.396694214876034,2.8925619834710745,9.50413223140496,87.60330578512396,8.677685950413224,78.92561983471074
E00092117,411,67,22,45,344,32,312,16.30170316301703,5.35279805352798,10.948905109489052,83.69829683698296,7.785888077858881,75.91240875912408
E00092118,260,59,24,35,201,20,181,22.692307692307693,9.230769230769232,13.461538461538462,77.3076923076923,7.6923076923076925,69.61538461538461
E00092119,263,42,19,23,221,27,194,15.96958174904943,7.224334600760455,8.745247148288973,84.03041825095056,10.26615969581749,73.76425855513308
E00092120,266,17,6,11,249,30,219,6.390977443609022,2.2556390977443606,4.135338345864661,93.60902255639097,11.278195488721805,82.33082706766918
E00092121,327,58,15,43,269,31,238,17.737003058103976,4.587155963302752,13.149847094801222,82.26299694189603,9.480122324159021,72.78287461773701
E00092122,315,50,10,40,265,22,243,15.873015873015872,3.1746031746031744,12.698412698412698,84.12698412698413,6.984126984126984,77.14285714285715
E00092123,363,50,21,29,313,33,280,13.774104683195592,5.785123966942149,7.988980716253444,86.22589531680441,9.090909090909092,77.13498622589532
E00092124,232,32,14,18,200,18,182,13.793103448275861,6.0344827586206895,7.758620689655173,86.20689655172413,7.758620689655173,78.44827586206897
E00092125,114,13,1,12,101,9,92,11.403508771929824,0.8771929824561403,10.526315789473683,88.59649122807018,7.894736842105263,80.7017543859649
E00092129,341,33,8,25,308,24,284,9.67741935483871,2.346041055718475,7.331378299120235,90.32258064516128,7.038123167155426,83.28445747800586
E00092130,285,78,27,51,207,35,172,27.368421052631582,9.473684210526317,17.894736842105264,72.63157894736842,12.280701754385964,60.35087719298245
E00092131,414,52,21,31,362,32,330,12.560386473429952,5.072463768115942,7.487922705314009,87.43961352657004,7.729468599033816,79.71014492753623
E00092132,286,34,6,28,252,28,224,11.888111888111888,2.097902097902098,9.79020979020979,88.11188811188812,9.79020979020979,78.32167832167832
E00092133,246,25,7,18,221,31,190,10.16260162601626,2.8455284552845526,7.317073170731707,89.83739837398373,12.601626016260163,77.23577235772358
E00092134,118,22,5,17,96,7,89,18.64406779661017,4.23728813559322,14.40677966101695,81.35593220338984,5.932203389830509,75.42372881355932
E00092135,213,26,4,22,187,32,155,12.206572769953052,1.8779342723004695,10.328638497652582,87.79342723004694,15.023474178403756,72.76995305164318
E00092136,320,46,15,31,274,29,245,14.374999999999998,4.6875,9.6875,85.625,9.0625,76.5625
E00092137,397,77,32,45,320,26,294,19.395465994962215,8.060453400503778,11.335012594458437,80.60453400503779,6.54911838790932,74.05541561712846
E00092138,255,36,15,21,219,33,186,14.117647058823529,5.88235294117647,8.235294117647058,85.88235294117646,12.941176470588237,72.94117647058823
E00092139,316,51,17,34,265,27,238,16.139240506329113,5.379746835443038,10.759493670886076,83.86075949367088,8.544303797468354,75.31645569620254
E00092140,361,57,10,47,304,34,270,15.789473684210526,2.7700831024930745,13.019390581717452,84.21052631578947,9.418282548476455,74.79224376731301
E00092141,315,62,31,31,253,20,233,19.682539682539684,9.841269841269842,9.841269841269842,80.31746031746032,6.349206349206349,73.96825396825398
E00092142,292,52,14,38,240,26,214,17.80821917808219,4.794520547945205,13.013698630136986,82.1917808219178,8.904109589041095,73.28767123287672
E00092143,352,41,10,31,311,29,282,11.647727272727272,2.840909090909091,8.806818181818182,88.35227272727273,8.238636363636363,80.11363636363636
E00092144,429,59,20,39,370,42,328,13.752913752913754,4.662004662004662,9.090909090909092,86.24708624708624,9.79020979020979,76.45687645687646
E00092145,330,73,31,42,257,25,232,22.12121212121212,9.393939393939393,12.727272727272727,77.87878787878788,7.575757575757576,70.3030303030303
E00092146,438,85,34,51,353,44,309,19.406392694063925,7.76255707762557,11.643835616438356,80.59360730593608,10.045662100456621,70.54794520547945
E00092147,300,42,19,23,258,34,224,14.000000000000002,6.333333333333334,7.666666666666666,86,11.333333333333332,74.66666666666667
E00092148,190,33,14,19,157,22,135,17.36842105263158,7.368421052631578,10,82.63157894736842,11.578947368421053,71.05263157894737
E00092149,314,73,32,41,241,26,215,23.248407643312103,10.191082802547772,13.05732484076433,76.75159235668791,8.280254777070063,68.47133757961782
E00092150,299,59,12,47,240,24,216,19.732441471571907,4.013377926421405,15.719063545150503,80.2675585284281,8.02675585284281,72.24080267558529
E00092151,387,134,94,40,253,21,232,34.62532299741602,24.289405684754524,10.335917312661499,65.37467700258398,5.426356589147287,59.9483204134367
E00092152,320,35,13,22,285,31,254,10.9375,4.0625,6.875000000000001,89.0625,9.6875,79.375
E00092153,349,59,25,34,290,29,261,16.9054441260745,7.163323782234957,9.742120343839542,83.0945558739255,8.30945558739255,74.78510028653295
E00092155,317,47,16,31,270,27,243,14.826498422712934,5.047318611987381,9.779179810725552,85.17350157728707,8.517350157728707,76.65615141955836
E00092156,256,46,16,30,210,20,190,17.96875,6.25,11.71875,82.03125,7.8125,74.21875
E00092157,166,27,8,19,139,12,127,16.265060240963855,4.819277108433735,11.44578313253012,83.73493975903614,7.228915662650602,76.50602409638554
E00092158,368,51,20,31,317,33,284,13.858695652173914,5.434782608695652,8.423913043478262,86.1413043478261,8.967391304347826,77.17391304347827
E00092159,340,44,9,35,296,32,264,12.941176470588237,2.6470588235294117,10.294117647058822,87.05882352941177,9.411764705882353,77.64705882352942
E00092160,276,28,6,22,248,24,224,10.144927536231885,2.1739130434782608,7.971014492753622,89.85507246376811,8.695652173913043,81.15942028985508
E00092161,330,44,14,30,286,22,264,13.333333333333334,4.242424242424243,9.090909090909092,86.66666666666667,6.666666666666667,80
E00092162,254,47,24,23,207,7,200,18.503937007874015,9.448818897637794,9.05511811023622,81.49606299212599,2.7559055118110236,78.74015748031496
E00092163,330,44,11,33,286,24,262,13.333333333333334,3.3333333333333335,10,86.66666666666667,7.2727272727272725,79.39393939393939
E00092164,249,55,25,30,194,23,171,22.08835341365462,10.040160642570282,12.048192771084338,77.91164658634538,9.236947791164658,68.67469879518072
E00092165,335,44,22,22,291,32,259,13.134328358208954,6.567164179104477,6.567164179104477,86.86567164179104,9.55223880597015,77.31343283582089
E00092166,519,62,19,43,457,56,401,11.946050096339114,3.6608863198458574,8.285163776493256,88.0539499036609,10.789980732177264,77.26396917148362
E00092167,329,33,7,26,296,29,267,10.030395136778116,2.127659574468085,7.90273556231003,89.96960486322189,8.814589665653495,81.15501519756839
E00092168,320,25,5,20,295,35,260,7.8125,1.5625,6.25,92.1875,10.9375,81.25
E00092169,301,52,18,34,249,33,216,17.275747508305646,5.980066445182724,11.295681063122924,82.72425249169434,10.96345514950166,71.76079734219269
E00092170,281,44,11,33,237,17,220,15.658362989323843,3.9145907473309607,11.743772241992882,84.34163701067615,6.049822064056939,78.29181494661923
E00092171,297,40,13,27,257,26,231,13.468013468013467,4.377104377104377,9.090909090909092,86.53198653198653,8.754208754208754,77.77777777777779
E00092172,246,44,16,28,202,20,182,17.88617886178862,6.504065040650407,11.38211382113821,82.11382113821138,8.130081300813007,73.98373983739837
E00092173,464,65,21,44,399,39,360,14.00862068965517,4.525862068965517,9.482758620689655,85.99137931034483,8.405172413793103,77.58620689655173
E00092174,376,69,21,48,307,23,284,18.351063829787233,5.585106382978723,12.76595744680851,81.64893617021278,6.117021276595745,75.53191489361703
E00092175,346,48,13,35,298,30,268,13.872832369942195,3.7572254335260116,10.115606936416185,86.1271676300578,8.670520231213873,77.45664739884393
E00092176,248,28,8,20,220,22,198,11.29032258064516,3.225806451612903,8.064516129032258,88.70967741935483,8.870967741935484,79.83870967741935
E00092177,259,55,22,33,204,22,182,21.235521235521233,8.494208494208493,12.741312741312742,78.76447876447877,8.494208494208493,70.27027027027027
E00092178,337,67,29,38,270,28,242,19.881305637982198,8.605341246290802,11.275964391691394,80.1186943620178,8.30860534124629,71.81008902077151
E00092179,299,39,12,27,260,30,230,13.043478260869565,4.013377926421405,9.03010033444816,86.95652173913044,10.033444816053512,76.92307692307693
E00092180,291,37,17,20,254,35,219,12.714776632302405,5.841924398625429,6.872852233676976,87.2852233676976,12.027491408934708,75.25773195876289
E00092181,139,21,8,13,118,14,104,15.107913669064748,5.755395683453238,9.352517985611511,84.89208633093526,10.071942446043165,74.82014388489209
E00092182,358,60,12,48,298,44,254,16.75977653631285,3.35195530726257,13.40782122905028,83.24022346368714,12.290502793296088,70.94972067039106
E00092183,160,21,6,15,139,13,126,13.125,3.75,9.375,86.875,8.125,78.75
E00092184,262,34,11,23,228,37,191,12.977099236641221,4.198473282442748,8.778625954198473,87.02290076335878,14.122137404580155,72.90076335877863
E00092185,345,43,15,28,302,25,277,12.46376811594203,4.3478260869565215,8.115942028985506,87.53623188405797,7.246376811594203,80.28985507246377
E00092186,324,52,17,35,272,31,241,16.049382716049383,5.246913580246913,10.802469135802468,83.9506172839506,9.5679012345679,74.38271604938271
E00092187,212,34,12,22,178,16,162,16.037735849056602,5.660377358490567,10.377358490566039,83.9622641509434,7.547169811320755,76.41509433962264
E00092188,279,29,8,21,250,30,220,10.39426523297491,2.867383512544803,7.526881720430108,89.6057347670251,10.75268817204301,78.85304659498208
E00092189,400,99,54,45,301,30,271,24.75,13.5,11.25,75.25,7.5,67.75
E00092190,366,50,17,33,316,33,283,13.661202185792352,4.644808743169399,9.01639344262295,86.33879781420765,9.01639344262295,77.3224043715847
E00092193,478,79,38,41,399,36,363,16.527196652719663,7.949790794979079,8.577405857740587,83.47280334728033,7.531380753138076,75.94142259414227
E00092194,418,49,11,38,369,45,324,11.722488038277511,2.631578947368421,9.090909090909092,88.27751196172248,10.76555023923445,77.51196172248804
E00092195,379,49,17,32,330,33,297,12.928759894459102,4.485488126649076,8.443271767810026,87.0712401055409,8.70712401055409,78.3641160949868
E00092196,341,49,17,32,292,25,267,14.369501466275661,4.9853372434017595,9.3841642228739,85.63049853372434,7.331378299120235,78.2991202346041
E00092197,378,82,24,58,296,19,277,21.693121693121693,6.349206349206349,15.343915343915343,78.3068783068783,5.026455026455026,73.28042328042328
E00092198,349,64,22,42,285,31,254,18.33810888252149,6.303724928366762,12.034383954154727,81.66189111747852,8.882521489971348,72.77936962750717
E00092199,246,34,14,20,212,24,188,13.821138211382115,5.691056910569105,8.130081300813007,86.1788617886179,9.75609756097561,76.42276422764228
E00092200,450,99,51,48,351,32,319,22,11.333333333333332,10.666666666666668,78,7.111111111111111,70.88888888888889
E00092201,431,70,28,42,361,43,318,16.241299303944317,6.496519721577726,9.744779582366588,83.75870069605568,9.976798143851507,73.78190255220419
E00092202,273,60,28,32,213,26,187,21.978021978021978,10.256410256410255,11.72161172161172,78.02197802197803,9.523809523809524,68.4981684981685
E00092203,371,69,23,46,302,26,276,18.598382749326145,6.199460916442049,12.398921832884097,81.40161725067385,7.008086253369273,74.39353099730458
E00092204,239,40,13,27,199,17,182,16.736401673640167,5.439330543933055,11.297071129707113,83.26359832635984,7.112970711297072,76.15062761506276
E00092205,361,77,27,50,284,32,252,21.329639889196674,7.479224376731302,13.850415512465375,78.67036011080333,8.86426592797784,69.80609418282549
E00092206,341,57,21,36,284,24,260,16.715542521994134,6.158357771260997,10.557184750733137,83.28445747800586,7.038123167155426,76.24633431085044
E00092207,371,32,12,20,339,31,308,8.62533692722372,3.234501347708895,5.3908355795148255,91.37466307277629,8.355795148247978,83.01886792452831
E00092208,178,16,6,10,162,19,143,8.98876404494382,3.3707865168539324,5.617977528089887,91.01123595505618,10.674157303370785,80.33707865168539
E00092209,352,39,5,34,313,47,266,11.079545454545455,1.4204545454545454,9.659090909090908,88.92045454545455,13.352272727272727,75.56818181818183
E00092210,394,48,15,33,346,48,298,12.18274111675127,3.807106598984772,8.375634517766498,87.81725888324873,12.18274111675127,75.63451776649747
E00092211,280,68,27,41,212,22,190,24.285714285714285,9.642857142857144,14.642857142857144,75.71428571428571,7.857142857142857,67.85714285714286
E00092212,157,30,12,18,127,11,116,19.10828025477707,7.643312101910828,11.464968152866243,80.89171974522293,7.006369426751593,73.88535031847134
E00092213,294,62,21,41,232,19,213,21.08843537414966,7.142857142857142,13.945578231292515,78.91156462585033,6.462585034013606,72.44897959183673
E00092214,320,66,29,37,254,25,229,20.625,9.0625,11.5625,79.375,7.8125,71.5625
E00092215,207,48,29,19,159,9,150,23.18840579710145,14.009661835748794,9.178743961352657,76.81159420289855,4.3478260869565215,72.46376811594203
E00092216,303,31,9,22,272,25,247,10.231023102310232,2.9702970297029703,7.2607260726072615,89.76897689768977,8.25082508250825,81.51815181518151
E00092217,250,37,9,28,213,20,193,14.799999999999999,3.5999999999999996,11.200000000000001,85.2,8,77.2
E00092218,391,53,15,38,338,21,317,13.554987212276215,3.8363171355498724,9.718670076726342,86.44501278772378,5.3708439897698215,81.07416879795396
E00092219,338,27,7,20,311,24,287,7.988165680473373,2.0710059171597637,5.9171597633136095,92.01183431952663,7.100591715976331,84.91124260355029
E00092220,473,35,9,26,438,38,400,7.399577167019028,1.9027484143763214,5.496828752642706,92.60042283298098,8.0338266384778,84.56659619450318
E00092221,337,59,9,50,278,25,253,17.50741839762611,2.6706231454005933,14.836795252225517,82.49258160237389,7.418397626112759,75.07418397626114
E00092222,304,48,18,30,256,17,239,15.789473684210526,5.921052631578947,9.868421052631579,84.21052631578947,5.592105263157895,78.61842105263158
E00092223,333,51,11,40,282,23,259,15.315315315315313,3.303303303303303,12.012012012012011,84.68468468468468,6.906906906906906,77.77777777777779
E00092224,268,46,15,31,222,23,199,17.16417910447761,5.597014925373134,11.567164179104477,82.83582089552239,8.582089552238806,74.25373134328358
E00092225,298,49,10,39,249,38,211,16.44295302013423,3.3557046979865772,13.087248322147651,83.55704697986577,12.751677852348994,70.80536912751678
E00092226,390,35,14,21,355,26,329,8.974358974358974,3.5897435897435894,5.384615384615385,91.02564102564102,6.666666666666667,84.35897435897436
E00092227,261,45,12,33,216,21,195,17.24137931034483,4.597701149425287,12.643678160919542,82.75862068965517,8.045977011494253,74.71264367816092
E00092228,287,26,12,14,261,13,248,9.059233449477352,4.181184668989547,4.878048780487805,90.94076655052264,4.529616724738676,86.41114982578398
E00092229,173,13,3,10,160,11,149,7.514450867052023,1.7341040462427744,5.780346820809249,92.48554913294798,6.358381502890173,86.1271676300578
E00092230,232,36,14,22,196,12,184,15.517241379310345,6.0344827586206895,9.482758620689655,84.48275862068965,5.172413793103448,79.3103448275862
E00092231,292,23,0,23,269,13,256,7.876712328767123,0,7.876712328767123,92.12328767123287,4.4520547945205475,87.67123287671232
E00092232,201,26,7,19,175,18,157,12.935323383084576,3.482587064676617,9.45273631840796,87.06467661691542,8.955223880597014,78.1094527363184
E00092233,272,30,12,18,242,25,217,11.029411764705882,4.411764705882353,6.61764705882353,88.97058823529412,9.191176470588236,79.77941176470588
E00092234,399,57,19,38,342,30,312,14.285714285714285,4.761904761904762,9.523809523809524,85.71428571428571,7.518796992481203,78.19548872180451
E00092235,238,50,13,37,188,13,175,21.008403361344538,5.46218487394958,15.546218487394958,78.99159663865547,5.46218487394958,73.52941176470588
E00092236,119,17,6,11,102,3,99,14.285714285714285,5.042016806722689,9.243697478991598,85.71428571428571,2.5210084033613445,83.19327731092437
E00092237,350,31,8,23,319,19,300,8.857142857142856,2.2857142857142856,6.571428571428571,91.14285714285715,5.428571428571429,85.71428571428571
E00092238,240,38,12,26,202,24,178,15.833333333333332,5,10.833333333333334,84.16666666666667,10,74.16666666666667
E00092239,515,75,29,46,440,52,388,14.563106796116504,5.631067961165048,8.932038834951456,85.43689320388349,10.097087378640776,75.33980582524272
E00092240,280,33,11,22,247,27,220,11.785714285714285,3.9285714285714284,7.857142857142857,88.21428571428571,9.642857142857144,78.57142857142857
E00092241,330,50,20,30,280,33,247,15.151515151515152,6.0606060606060606,9.090909090909092,84.84848484848484,10,74.84848484848486
E00092242,274,31,11,20,243,22,221,11.313868613138686,4.014598540145985,7.2992700729927,88.6861313868613,8.02919708029197,80.65693430656934
E00092243,219,37,10,27,182,21,161,16.894977168949772,4.5662100456621,12.32876712328767,83.10502283105022,9.58904109589041,73.51598173515981
E00092244,147,26,10,16,121,14,107,17.687074829931973,6.802721088435375,10.884353741496598,82.31292517006803,9.523809523809524,72.78911564625851
E00092245,214,37,17,20,177,12,165,17.289719626168225,7.943925233644859,9.345794392523365,82.71028037383178,5.607476635514018,77.10280373831776
E00092246,147,20,6,14,127,11,116,13.60544217687075,4.081632653061225,9.523809523809524,86.39455782312925,7.482993197278912,78.91156462585033
E00092247,300,59,25,34,241,27,214,19.666666666666664,8.333333333333332,11.333333333333332,80.33333333333333,9,71.33333333333334
E00092248,300,36,9,27,264,24,240,12,3,9,88,8,80
E00092249,333,51,15,36,282,32,250,15.315315315315313,4.504504504504505,10.81081081081081,84.68468468468468,9.60960960960961,75.07507507507508
E00092250,410,44,17,27,366,35,331,10.731707317073171,4.146341463414634,6.585365853658537,89.26829268292683,8.536585365853659,80.73170731707317
E00092251,246,38,9,29,208,12,196,15.447154471544716,3.6585365853658534,11.788617886178862,84.5528455284553,4.878048780487805,79.67479674796748
E00092252,168,35,17,18,133,17,116,20.833333333333336,10.119047619047619,10.714285714285714,79.16666666666666,10.119047619047619,69.04761904761905
E00092253,364,39,11,28,325,41,284,10.714285714285714,3.021978021978022,7.6923076923076925,89.28571428571429,11.263736263736265,78.02197802197803
E00092254,187,22,8,14,165,23,142,11.76470588235294,4.27807486631016,7.4866310160427805,88.23529411764706,12.299465240641712,75.93582887700535
E00092255,242,27,10,17,215,23,192,11.15702479338843,4.132231404958678,7.024793388429752,88.84297520661157,9.50413223140496,79.33884297520662
E00092256,275,68,41,27,207,24,183,24.727272727272727,14.909090909090908,9.818181818181818,75.27272727272727,8.727272727272728,66.54545454545455
E00092257,419,71,46,25,348,30,318,16.94510739856802,10.978520286396181,5.966587112171838,83.05489260143199,7.159904534606206,75.89498806682577
E00092258,422,53,15,38,369,48,321,12.559241706161137,3.5545023696682465,9.004739336492891,87.44075829383885,11.374407582938389,76.06635071090048
E00092259,229,33,6,27,196,13,183,14.41048034934498,2.6200873362445414,11.790393013100436,85.58951965065502,5.676855895196507,79.91266375545851
E00092260,377,66,23,43,311,36,275,17.50663129973475,6.10079575596817,11.405835543766578,82.49336870026525,9.549071618037134,72.94429708222812
E00092261,315,50,11,39,265,30,235,15.873015873015872,3.492063492063492,12.380952380952381,84.12698412698413,9.523809523809524,74.60317460317461
E00092262,311,55,16,39,256,32,224,17.684887459807076,5.144694533762058,12.540192926045016,82.31511254019293,10.289389067524116,72.02572347266882
E00092263,222,60,19,41,162,11,151,27.027027027027028,8.558558558558559,18.46846846846847,72.97297297297297,4.954954954954955,68.01801801801803
E00092264,299,54,17,37,245,18,227,18.06020066889632,5.68561872909699,12.37458193979933,81.93979933110369,6.0200668896321075,75.91973244147158
E00092265,134,9,5,4,125,20,105,6.7164179104477615,3.731343283582089,2.9850746268656714,93.28358208955224,14.925373134328357,78.35820895522389
E00092266,371,54,14,40,317,42,275,14.555256064690028,3.7735849056603774,10.781671159029651,85.44474393530997,11.320754716981133,74.12398921832884
E00092267,369,52,20,32,317,34,283,14.092140921409213,5.420054200542006,8.672086720867208,85.90785907859079,9.214092140921409,76.69376693766937
E00092268,401,40,4,36,361,38,323,9.975062344139651,0.997506234413965,8.977556109725686,90.02493765586036,9.476309226932669,80.54862842892769
E00092269,147,12,3,9,135,11,124,8.16326530612245,2.0408163265306123,6.122448979591836,91.83673469387756,7.482993197278912,84.35374149659864
E00092270,247,33,10,23,214,16,198,13.360323886639677,4.048582995951417,9.31174089068826,86.63967611336032,6.477732793522267,80.16194331983806
E00092271,238,41,18,23,197,28,169,17.22689075630252,7.563025210084033,9.663865546218489,82.77310924369748,11.76470588235294,71.00840336134453
E00092272,290,37,12,25,253,24,229,12.758620689655173,4.137931034482759,8.620689655172415,87.24137931034483,8.275862068965518,78.96551724137932
E00092273,365,49,14,35,316,39,277,13.424657534246576,3.8356164383561646,9.58904109589041,86.57534246575342,10.684931506849315,75.89041095890411
E00092274,240,32,16,16,208,20,188,13.333333333333334,6.666666666666667,6.666666666666667,86.66666666666667,8.333333333333332,78.33333333333333
E00092275,313,41,8,33,272,31,241,13.099041533546327,2.5559105431309903,10.543130990415335,86.90095846645367,9.904153354632587,76.99680511182109
E00092276,384,67,24,43,317,36,281,17.447916666666664,6.25,11.197916666666668,82.55208333333334,9.375,73.17708333333334
E00092277,341,48,12,36,293,42,251,14.076246334310852,3.519061583577713,10.557184750733137,85.92375366568915,12.316715542521994,73.60703812316716
E00092278,325,39,10,29,286,28,258,12,3.076923076923077,8.923076923076923,88,8.615384615384615,79.38461538461539
E00092279,397,63,21,42,334,31,303,15.869017632241814,5.289672544080604,10.579345088161208,84.1309823677582,7.8085642317380355,76.32241813602015
E00092280,315,39,8,31,276,39,237,12.380952380952381,2.5396825396825395,9.841269841269842,87.61904761904762,12.380952380952381,75.23809523809524
E00092281,305,37,16,21,268,32,236,12.131147540983607,5.245901639344262,6.885245901639345,87.8688524590164,10.491803278688524,77.37704918032787
E00092282,194,28,11,17,166,24,142,14.432989690721648,5.670103092783505,8.762886597938143,85.56701030927834,12.371134020618557,73.19587628865979
E00092283,306,65,25,40,241,30,211,21.241830065359476,8.169934640522875,13.071895424836603,78.75816993464052,9.803921568627452,68.95424836601308
E00092284,301,45,8,37,256,25,231,14.950166112956811,2.6578073089700998,12.29235880398671,85.04983388704319,8.305647840531561,76.74418604651163
E00092285,329,55,15,40,274,18,256,16.717325227963524,4.5592705167173255,12.158054711246201,83.28267477203647,5.47112462006079,77.81155015197568
E00092286,431,46,17,29,385,51,334,10.672853828306264,3.944315545243619,6.728538283062645,89.32714617169374,11.832946635730858,77.49419953596288
E00092288,313,70,24,46,243,40,203,22.364217252396166,7.667731629392971,14.696485623003195,77.63578274760383,12.779552715654951,64.85623003194888
E00092289,275,52,18,34,223,29,194,18.90909090909091,6.545454545454546,12.363636363636363,81.0909090909091,10.545454545454545,70.54545454545455
E00092290,341,47,17,30,294,18,276,13.78299120234604,4.9853372434017595,8.797653958944283,86.21700879765396,5.278592375366569,80.93841642228739
E00092291,359,75,42,33,284,22,262,20.891364902506965,11.699164345403899,9.192200557103064,79.10863509749304,6.128133704735376,72.98050139275766
E00092293,221,29,10,19,192,14,178,13.122171945701359,4.524886877828054,8.597285067873303,86.87782805429865,6.334841628959276,80.54298642533936
E00092294,219,27,6,21,192,13,179,12.32876712328767,2.73972602739726,9.58904109589041,87.67123287671232,5.93607305936073,81.7351598173516
E00092296,270,76,31,45,194,14,180,28.14814814814815,11.481481481481481,16.666666666666664,71.85185185185186,5.185185185185185,66.66666666666666
E00092297,301,43,11,32,258,29,229,14.285714285714285,3.6544850498338874,10.631229235880399,85.71428571428571,9.634551495016613,76.0797342192691
E00092298,271,61,24,37,210,23,187,22.509225092250922,8.856088560885608,13.653136531365314,77.49077490774908,8.487084870848708,69.00369003690037
E00092299,312,54,22,32,258,27,231,17.307692307692307,7.051282051282051,10.256410256410255,82.6923076923077,8.653846153846153,74.03846153846155
E00092300,357,76,42,34,281,25,256,21.288515406162464,11.76470588235294,9.523809523809524,78.71148459383754,7.002801120448179,71.70868347338936
E00092301,318,46,16,30,272,21,251,14.465408805031446,5.031446540880504,9.433962264150944,85.53459119496856,6.60377358490566,78.9308176100629
E00092302,332,48,6,42,284,21,263,14.457831325301203,1.8072289156626504,12.650602409638553,85.54216867469879,6.325301204819277,79.21686746987952
E00092303,259,31,12,19,228,21,207,11.96911196911197,4.633204633204633,7.335907335907336,88.03088803088804,8.108108108108109,79.92277992277992
E00092304,472,43,15,28,429,27,402,9.110169491525424,3.1779661016949152,5.932203389830509,90.88983050847457,5.720338983050848,85.16949152542372
E00092305,263,30,7,23,233,25,208,11.406844106463879,2.6615969581749046,8.745247148288973,88.59315589353612,9.505703422053232,79.08745247148289
E00092306,199,39,13,26,160,19,141,19.597989949748744,6.532663316582915,13.06532663316583,80.40201005025126,9.547738693467336,70.85427135678391
E00092308,261,66,34,32,195,14,181,25.287356321839084,13.026819923371647,12.260536398467432,74.71264367816092,5.363984674329502,69.34865900383141
E00092309,371,51,15,36,320,33,287,13.746630727762804,4.0431266846361185,9.703504043126685,86.25336927223721,8.89487870619946,77.35849056603774
E00092310,316,37,17,20,279,33,246,11.708860759493671,5.379746835443038,6.329113924050633,88.29113924050634,10.443037974683545,77.84810126582279
E00092311,345,44,12,32,301,34,267,12.753623188405797,3.4782608695652173,9.27536231884058,87.2463768115942,9.855072463768117,77.39130434782608
E00092312,318,43,12,31,275,39,236,13.522012578616351,3.7735849056603774,9.748427672955975,86.47798742138365,12.264150943396226,74.21383647798741
E00092313,253,46,17,29,207,27,180,18.181818181818183,6.719367588932807,11.462450592885375,81.81818181818183,10.67193675889328,71.14624505928853
E00092314,394,38,10,28,356,45,311,9.644670050761421,2.5380710659898478,7.1065989847715745,90.35532994923858,11.421319796954315,78.93401015228426
E00092315,374,40,7,33,334,29,305,10.695187165775401,1.8716577540106951,8.823529411764707,89.3048128342246,7.754010695187167,81.55080213903744
E00092316,353,57,18,39,296,40,256,16.147308781869686,5.099150141643059,11.048158640226628,83.85269121813032,11.3314447592068,72.52124645892351
E00092317,337,36,9,27,301,33,268,10.682492581602373,2.6706231454005933,8.011869436201781,89.31750741839762,9.792284866468842,79.52522255192879
E00092318,350,63,31,32,287,32,255,18,8.857142857142856,9.142857142857142,82,9.142857142857142,72.85714285714285
E00092319,395,55,21,34,340,34,306,13.924050632911392,5.3164556962025316,8.60759493670886,86.07594936708861,8.60759493670886,77.46835443037975
E00092320,437,51,14,37,386,42,344,11.670480549199084,3.203661327231121,8.466819221967963,88.32951945080092,9.610983981693364,78.71853546910755
E00092321,427,72,23,49,355,37,318,16.861826697892273,5.386416861826698,11.475409836065573,83.13817330210773,8.665105386416862,74.47306791569088
E00092322,361,51,17,34,310,28,282,14.127423822714682,4.7091412742382275,9.418282548476455,85.87257617728532,7.756232686980609,78.1163434903047
E00092323,429,61,18,43,368,26,342,14.219114219114218,4.195804195804196,10.023310023310025,85.78088578088578,6.0606060606060606,79.72027972027972
E00092324,323,52,16,36,271,31,240,16.09907120743034,4.953560371517028,11.145510835913312,83.90092879256966,9.597523219814242,74.30340557275542
E00092326,335,43,14,29,292,31,261,12.835820895522387,4.179104477611941,8.656716417910449,87.16417910447761,9.253731343283581,77.91044776119404
E00092327,419,55,13,42,364,39,325,13.126491646778044,3.1026252983293556,10.023866348448687,86.87350835322196,9.307875894988067,77.56563245823389
E00092328,356,100,44,56,256,26,230,28.08988764044944,12.359550561797752,15.730337078651685,71.91011235955057,7.303370786516854,64.60674157303372
E00092329,355,59,24,35,296,34,262,16.619718309859156,6.760563380281689,9.859154929577464,83.38028169014085,9.577464788732394,73.80281690140845
E00092330,375,38,14,24,337,20,317,10.133333333333333,3.733333333333334,6.4,89.86666666666666,5.333333333333334,84.53333333333333
E00092331,327,49,14,35,278,20,258,14.984709480122325,4.281345565749235,10.703363914373089,85.01529051987767,6.116207951070336,78.89908256880734
E00170789,295,48,16,32,247,24,223,16.271186440677965,5.423728813559322,10.847457627118644,83.72881355932203,8.135593220338983,75.59322033898304
E00170790,339,39,14,25,300,27,273,11.504424778761061,4.129793510324483,7.374631268436578,88.49557522123894,7.964601769911504,80.53097345132744
E00170791,239,60,23,37,179,15,164,25.10460251046025,9.623430962343097,15.481171548117153,74.89539748953975,6.2761506276150625,68.6192468619247
E00170792,289,36,13,23,253,22,231,12.45674740484429,4.498269896193772,7.958477508650519,87.5432525951557,7.612456747404845,79.93079584775087
E00170793,479,45,18,27,434,22,412,9.394572025052192,3.7578288100208765,5.6367432150313155,90.6054279749478,4.592901878914405,86.0125260960334
E00170794,310,54,19,35,256,19,237,17.419354838709676,6.129032258064516,11.29032258064516,82.58064516129032,6.129032258064516,76.45161290322581
E00170797,309,43,13,30,266,29,237,13.915857605177994,4.207119741100324,9.70873786407767,86.08414239482201,9.385113268608414,76.69902912621359
E00170798,411,46,6,40,365,31,334,11.19221411192214,1.4598540145985401,9.732360097323602,88.80778588807786,7.542579075425791,81.26520681265207
E00170799,302,29,6,23,273,18,255,9.602649006622517,1.9867549668874174,7.6158940397351,90.39735099337747,5.960264900662252,84.43708609271523
E00170800,236,43,10,33,193,24,169,18.220338983050848,4.23728813559322,13.983050847457626,81.77966101694916,10.16949152542373,71.61016949152543
E00170801,370,34,13,21,336,28,308,9.18918918918919,3.5135135135135136,5.675675675675676,90.81081081081082,7.567567567567568,83.24324324324324
E00170802,358,36,12,24,322,25,297,10.05586592178771,3.35195530726257,6.70391061452514,89.94413407821229,6.983240223463687,82.9608938547486
E00170803,437,50,16,34,387,17,370,11.441647597254006,3.6613272311212817,7.780320366132723,88.558352402746,3.8901601830663615,84.66819221967964
E00170804,308,29,7,22,279,30,249,9.415584415584416,2.272727272727273,7.142857142857142,90.5844155844156,9.740259740259742,80.84415584415584
E00170805,327,43,13,30,284,23,261,13.149847094801222,3.9755351681957185,9.174311926605505,86.85015290519877,7.033639143730887,79.81651376146789
E00170806,328,32,12,20,296,32,264,9.75609756097561,3.6585365853658534,6.097560975609756,90.2439024390244,9.75609756097561,80.48780487804879
E00170807,397,32,2,30,365,24,341,8.060453400503778,0.5037783375314862,7.5566750629722925,91.93954659949623,6.045340050377834,85.8942065491184
E00170808,331,31,14,17,300,35,265,9.365558912386707,4.229607250755287,5.13595166163142,90.6344410876133,10.574018126888216,80.06042296072508
E00170810,391,43,18,25,348,33,315,10.997442455242968,4.603580562659847,6.3938618925831205,89.00255754475704,8.439897698209718,80.56265984654732
E00170811,327,33,11,22,294,25,269,10.091743119266056,3.3639143730886847,6.727828746177369,89.90825688073394,7.64525993883792,82.26299694189603
E00170813,578,62,25,37,516,28,488,10.726643598615917,4.325259515570934,6.401384083044983,89.27335640138409,4.844290657439446,84.42906574394463
E00170814,368,66,25,41,302,36,266,17.934782608695652,6.7934782608695645,11.141304347826086,82.06521739130434,9.782608695652174,72.28260869565217
E00170815,297,37,17,20,260,22,238,12.457912457912458,5.723905723905724,6.7340067340067336,87.54208754208754,7.4074074074074066,80.13468013468014
E00170816,338,34,15,19,304,32,272,10.059171597633137,4.437869822485207,5.621301775147929,89.94082840236686,9.467455621301776,80.4733727810651
E00170817,323,42,13,29,281,23,258,13.003095975232199,4.024767801857585,8.978328173374612,86.9969040247678,7.120743034055728,79.87616099071208
E00170818,321,28,5,23,293,27,266,8.722741433021806,1.557632398753894,7.165109034267912,91.27725856697819,8.411214953271028,82.86604361370716
E00170819,257,32,11,21,225,21,204,12.45136186770428,4.280155642023346,8.171206225680933,87.54863813229572,8.171206225680933,79.37743190661479
E00170820,334,44,18,26,290,20,270,13.17365269461078,5.389221556886228,7.784431137724551,86.82634730538922,5.9880239520958085,80.83832335329342
E00170821,383,39,9,30,344,47,297,10.182767624020887,2.3498694516971277,7.83289817232376,89.81723237597912,12.27154046997389,77.54569190600522
E00170822,283,31,12,19,252,19,233,10.954063604240282,4.240282685512367,6.713780918727916,89.04593639575971,6.713780918727916,82.3321554770318
E00170823,284,52,19,33,232,13,219,18.30985915492958,6.690140845070422,11.619718309859154,81.69014084507043,4.577464788732395,77.11267605633803
E00170824,308,40,11,29,268,20,248,12.987012987012985,3.571428571428571,9.415584415584416,87.01298701298701,6.493506493506493,80.51948051948052
E00170825,389,39,14,25,350,30,320,10.025706940874036,3.5989717223650386,6.426735218508997,89.97429305912597,7.712082262210797,82.26221079691517
E00170826,362,39,5,34,323,25,298,10.773480662983426,1.3812154696132597,9.392265193370166,89.22651933701657,6.906077348066299,82.32044198895028
E00170827,523,56,21,35,467,31,436,10.707456978967496,4.015296367112811,6.692160611854685,89.2925430210325,5.927342256214149,83.36520076481835
E00170828,350,33,6,27,317,36,281,9.428571428571429,1.7142857142857144,7.7142857142857135,90.57142857142857,10.285714285714285,80.28571428571428
E00170829,324,36,10,26,288,33,255,11.11111111111111,3.0864197530864197,8.024691358024691,88.88888888888889,10.185185185185185,78.70370370370371
E00170830,490,69,27,42,421,25,396,14.081632653061224,5.510204081632653,8.571428571428571,85.91836734693878,5.1020408163265305,80.81632653061224
E00170831,426,67,26,41,359,25,334,15.727699530516432,6.103286384976526,9.624413145539906,84.27230046948357,5.868544600938967,78.40375586854461
E00170833,313,65,37,28,248,19,229,20.766773162939298,11.821086261980831,8.945686900958465,79.2332268370607,6.070287539936102,73.1629392971246
E00170834,418,45,9,36,373,32,341,10.76555023923445,2.15311004784689,8.61244019138756,89.23444976076556,7.655502392344498,81.57894736842105
E00170835,348,49,16,33,299,40,259,14.080459770114942,4.597701149425287,9.482758620689655,85.91954022988506,11.494252873563218,74.42528735632183
E00170836,356,38,9,29,318,33,285,10.674157303370785,2.528089887640449,8.146067415730338,89.32584269662921,9.269662921348315,80.0561797752809
E00170837,328,27,8,19,301,32,269,8.231707317073171,2.4390243902439024,5.7926829268292686,91.76829268292683,9.75609756097561,82.01219512195121
E00187612,477,64,11,53,413,46,367,13.417190775681343,2.3060796645702304,11.11111111111111,86.58280922431865,9.643605870020965,76.93920335429769
E00187631,433,31,12,19,402,25,377,7.159353348729793,2.771362586605081,4.387990762124711,92.8406466512702,5.773672055427252,87.06697459584296
E00187644,204,38,12,26,166,20,146,18.627450980392158,5.88235294117647,12.745098039215685,81.37254901960785,9.803921568627452,71.56862745098039
E00187651,293,21,1,20,272,13,259,7.167235494880546,0.3412969283276451,6.825938566552901,92.83276450511946,4.436860068259386,88.39590443686008
E00187662,450,74,22,52,376,39,337,16.444444444444446,4.888888888888889,11.555555555555555,83.55555555555556,8.666666666666668,74.8888888888889
E00187670,623,71,21,50,552,52,500,11.396468699839486,3.3707865168539324,8.025682182985554,88.60353130016051,8.346709470304976,80.25682182985554
E00187671,256,36,10,26,220,13,207,14.0625,3.90625,10.15625,85.9375,5.078125,80.859375
E00187672,291,36,12,24,255,40,215,12.371134020618557,4.123711340206185,8.24742268041237,87.62886597938144,13.745704467353953,73.8831615120275
E00187674,161,80,45,35,81,10,71,49.68944099378882,27.95031055900621,21.73913043478261,50.31055900621118,6.211180124223603,44.099378881987576
E00187677,312,59,22,37,253,18,235,18.91025641025641,7.051282051282051,11.858974358974358,81.08974358974359,5.769230769230769,75.32051282051282
E00187680,325,31,4,27,294,28,266,9.538461538461538,1.2307692307692308,8.307692307692308,90.46153846153845,8.615384615384615,81.84615384615384
E00187685,335,37,1,36,298,26,272,11.044776119402986,0.2985074626865672,10.746268656716417,88.95522388059702,7.761194029850746,81.19402985074626
E00187689,130,3,0,3,127,9,118,2.307692307692308,0,2.307692307692308,97.6923076923077,6.923076923076923,90.76923076923077
E00187691,157,27,9,18,130,13,117,17.197452229299362,5.7324840764331215,11.464968152866243,82.80254777070064,8.280254777070063,74.52229299363057
E00187693,556,45,10,35,511,49,462,8.093525179856115,1.7985611510791366,6.294964028776978,91.90647482014388,8.81294964028777,83.09352517985612
E00187700,127,9,4,5,118,8,110,7.086614173228346,3.149606299212598,3.937007874015748,92.91338582677166,6.299212598425196,86.61417322834646
E00187711,162,40,26,14,122,15,107,24.691358024691358,16.049382716049383,8.641975308641975,75.30864197530865,9.25925925925926,66.0493827160494
E00187716,260,48,18,30,212,16,196,18.461538461538463,6.923076923076923,11.538461538461538,81.53846153846153,6.153846153846154,75.38461538461539
E00187728,455,52,12,40,403,33,370,11.428571428571429,2.6373626373626373,8.791208791208792,88.57142857142857,7.252747252747254,81.31868131868131
E00187730,179,21,7,14,158,10,148,11.731843575418994,3.910614525139665,7.82122905027933,88.26815642458101,5.58659217877095,82.68156424581005
E00187733,153,14,3,11,139,16,123,9.15032679738562,1.9607843137254901,7.18954248366013,90.84967320261438,10.457516339869281,80.3921568627451
E00187735,335,13,4,9,322,19,303,3.880597014925373,1.1940298507462688,2.6865671641791042,96.11940298507463,5.6716417910447765,90.44776119402985
E00187737,241,47,19,28,194,20,174,19.502074688796682,7.883817427385892,11.618257261410788,80.49792531120332,8.29875518672199,72.19917012448133
E00187742,313,48,23,25,265,16,249,15.335463258785943,7.348242811501597,7.987220447284344,84.66453674121406,5.111821086261981,79.55271565495208
E00187744,526,45,12,33,481,40,441,8.555133079847907,2.2813688212927756,6.273764258555133,91.4448669201521,7.604562737642586,83.84030418250951
E00187745,273,30,7,23,243,12,231,10.989010989010989,2.564102564102564,8.424908424908425,89.01098901098901,4.395604395604396,84.61538461538461
E00187747,521,82,28,54,439,39,400,15.738963531669867,5.3742802303262955,10.36468330134357,84.26103646833013,7.485604606525912,76.77543186180422
E00187748,435,55,14,41,380,28,352,12.643678160919542,3.218390804597701,9.425287356321839,87.356321839080465,6.436781609195402,80.91954022988506
E00187750,622,55,18,37,567,36,531,8.842443729903538,2.8938906752411575,5.94855305466238,91.15755627009646,5.787781350482315,85.36977491961414
E00187752,335,34,9,25,301,17,284,10.149253731343283,2.6865671641791042,7.462686567164178,89.8507462686567,5.074626865671641,84.77611940298507
E00187765,207,22,2,20,185,14,171,10.628019323671497,0.966183574879227,9.66183574879227,89.3719806763285,6.763285024154589,82.6086956521739
E00187787,473,29,7,22,444,28,416,6.13107822410148,1.4799154334038054,4.651162790697675,93.86892177589851,5.9196617336152215,87.9492600422833
E00187788,426,59,28,31,367,24,343,13.849765258215962,6.572769953051644,7.276995305164319,86.15023474178403,5.633802816901409,80.51643192488262
E00187794,338,30,8,22,308,32,276,8.875739644970414,2.366863905325444,6.508875739644971,91.12426035502959,9.467455621301776,81.65680473372781
E00187800,428,85,27,58,343,46,297,19.859813084112147,6.308411214953271,13.551401869158877,80.14018691588785,10.74766355140187,69.39252336448598
E00187804,209,25,7,18,184,7,177,11.961722488038278,3.349282296650718,8.61244019138756,88.03827751196172,3.349282296650718,84.688995215311
E00187808,433,19,4,15,414,29,385,4.387990762124711,0.9237875288683602,3.4642032332563506,95.61200923787528,6.697459584295612,88.91454965357968
E00187811,279,38,16,22,241,17,224,13.620071684587815,5.734767025089606,7.885304659498208,86.37992831541219,6.093189964157706,80.28673835125448
E00187812,479,47,11,36,432,46,386,9.812108559498958,2.2964509394572024,7.515657620041753,90.18789144050105,9.603340292275574,80.58455114822547
E00187813,392,66,28,38,326,49,277,16.83673469387755,7.142857142857142,9.693877551020408,83.16326530612244,12.5,70.66326530612244
E00187815,493,47,15,32,446,38,408,9.533468559837727,3.0425963488843815,6.490872210953347,90.46653144016227,7.707910750507099,82.75862068965517
E00187817,247,109,68,41,138,17,121,44.12955465587044,27.530364372469634,16.599190283400812,55.87044534412956,6.882591093117409,48.987854251012145
E00187818,188,20,10,10,168,16,152,10.638297872340425,5.319148936170213,5.319148936170213,89.36170212765957,8.51063829787234,80.85106382978722
E00187819,197,12,4,8,185,21,164,6.091370558375635,2.030456852791878,4.060913705583756,93.90862944162437,10.65989847715736,83.24873096446701
E00187827,129,18,7,11,111,10,101,13.953488372093023,5.426356589147287,8.527131782945736,86.04651162790698,7.751937984496124,78.29457364341084
E00187828,437,53,18,35,384,30,354,12.128146453089245,4.118993135011442,8.009153318077804,87.87185354691076,6.864988558352403,81.00686498855835
E00187844,376,26,6,20,350,22,328,6.914893617021277,1.5957446808510638,5.319148936170213,93.08510638297872,5.851063829787234,87.2340425531915
E00187846,219,20,3,17,199,15,184,9.1324200913242,1.36986301369863,7.76255707762557,90.8675799086758,6.8493150684931505,84.01826484018264
