OA,ts0590001,ts0590002,ts0590003,ts0590004,ts0590005,ts0590006,ts0590007,ts0590002_PCT,ts0590003_PCT,ts0590004_PCT,ts0590005_PCT,ts0590006_PCT,ts0590007_PCT
E00037829,160,48,10,38,112,101,11,30,6.25,23.75,70,63.125,6.875000000000001
E00037830,152,45,10,35,107,85,22,29.605263157894733,6.578947368421052,23.026315789473685,70.39473684210526,55.92105263157895,14.473684210526317
E00037831,130,50,14,36,80,65,15,38.46153846153847,10.76923076923077,27.692307692307693,61.53846153846154,50,11.538461538461538
E00037832,147,50,12,38,97,86,11,34.01360544217687,8.16326530612245,25.850340136054424,65.98639455782312,58.50340136054422,7.482993197278912
E00037833,102,35,4,31,67,61,6,34.31372549019608,3.9215686274509802,30.392156862745097,65.68627450980392,59.80392156862745,5.88235294117647
E00037834,254,65,17,48,189,161,28,25.590551181102363,6.692913385826772,18.89763779527559,74.40944881889764,63.38582677165354,11.023622047244094
E00037835,102,20,4,16,82,73,9,19.607843137254903,3.9215686274509802,15.686274509803921,80.3921568627451,71.56862745098039,8.823529411764707
E00037836,135,39,12,27,96,87,9,28.888888888888886,8.88888888888889,20,71.11111111111111,64.44444444444444,6.666666666666667
E00037837,78,31,5,26,47,33,14,39.743589743589745,6.41025641025641,33.33333333333333,60.256410256410255,42.30769230769231,17.94871794871795
E00037838,135,40,5,35,95,84,11,29.629629629629626,3.7037037037037033,25.925925925925924,70.37037037037037,62.22222222222222,8.148148148148149
E00037839,143,37,15,22,106,88,18,25.874125874125873,10.48951048951049,15.384615384615385,74.12587412587412,61.53846153846154,12.587412587412588
E00037840,149,50,16,34,99,87,12,33.557046979865774,10.738255033557047,22.818791946308725,66.44295302013423,58.38926174496645,8.053691275167784
E00037841,152,39,12,27,113,94,19,25.657894736842106,7.894736842105263,17.763157894736842,74.3421052631579,61.8421052631579,12.5
E00037843,141,40,11,29,101,82,19,28.368794326241137,7.801418439716312,20.56737588652482,71.63120567375887,58.156028368794324,13.47517730496454
E00037844,133,27,9,18,106,94,12,20.30075187969925,6.7669172932330826,13.533834586466165,79.69924812030075,70.67669172932331,9.022556390977442
E00037845,151,39,10,29,112,94,18,25.82781456953642,6.622516556291391,19.205298013245034,74.17218543046357,62.251655629139066,11.920529801324504
E00037846,165,53,16,37,112,101,11,32.121212121212125,9.696969696969697,22.424242424242426,67.87878787878789,61.212121212121204,6.666666666666667
E00037847,144,50,18,32,94,81,13,34.72222222222222,12.5,22.22222222222222,65.27777777777779,56.25,9.027777777777777
E00037848,120,36,12,24,84,74,10,30,10,20,70,61.66666666666667,8.333333333333332
E00037849,80,21,6,15,59,49,10,26.25,7.5,18.75,73.75,61.25000000000001,12.5
E00037850,123,37,9,28,86,74,12,30.081300813008134,7.317073170731707,22.76422764227642,69.91869918699187,60.16260162601627,9.75609756097561
E00037851,68,19,7,12,49,39,10,27.941176470588236,10.294117647058822,17.647058823529413,72.05882352941177,57.35294117647059,14.705882352941178
E00037852,110,35,8,27,75,64,11,31.818181818181817,7.2727272727272725,24.545454545454547,68.18181818181817,58.18181818181818,10
E00037853,114,32,12,20,82,71,11,28.07017543859649,10.526315789473683,17.543859649122805,71.9298245614035,62.28070175438597,9.649122807017543
E00037854,110,30,8,22,80,69,11,27.27272727272727,7.2727272727272725,20,72.72727272727273,62.727272727272734,10
E00037855,65,24,7,17,41,35,6,36.92307692307693,10.76923076923077,26.153846153846157,63.07692307692307,53.84615384615385,9.230769230769232
E00037856,119,41,13,28,78,66,12,34.45378151260504,10.92436974789916,23.52941176470588,65.54621848739495,55.46218487394958,10.084033613445378
E00037857,171,37,13,24,134,113,21,21.637426900584796,7.602339181286549,14.035087719298245,78.3625730994152,66.08187134502924,12.280701754385964
E00037858,89,36,4,32,53,42,11,40.44943820224719,4.49438202247191,35.95505617977528,59.55056179775281,47.19101123595505,12.359550561797752
E00037859,124,43,14,29,81,73,8,34.67741935483871,11.29032258064516,23.387096774193548,65.32258064516128,58.87096774193549,6.451612903225806
E00037860,108,34,9,25,74,64,10,31.48148148148148,8.333333333333332,23.14814814814815,68.51851851851852,59.25925925925925,9.25925925925926
E00037861,106,33,7,26,73,61,12,31.132075471698112,6.60377358490566,24.528301886792452,68.86792452830188,57.54716981132076,11.320754716981133
E00037862,133,38,15,23,95,80,15,28.57142857142857,11.278195488721805,17.293233082706767,71.42857142857143,60.150375939849624,11.278195488721805
E00037863,42,22,6,16,20,17,3,52.38095238095239,14.285714285714285,38.095238095238095,47.61904761904761,40.476190476190474,7.142857142857142
E00037864,117,30,4,26,87,72,15,25.64102564102564,3.418803418803419,22.22222222222222,74.35897435897436,61.53846153846154,12.82051282051282
E00037865,132,37,5,32,95,78,17,28.030303030303028,3.787878787878788,24.242424242424242,71.96969696969697,59.09090909090909,12.878787878787879
E00037866,93,32,4,28,61,51,10,34.40860215053764,4.301075268817205,30.107526881720432,65.59139784946237,54.83870967741935,10.75268817204301
E00037867,74,27,10,17,47,39,8,36.486486486486484,13.513513513513514,22.972972972972975,63.51351351351351,52.702702702702695,10.81081081081081
E00037868,35,13,4,9,22,20,2,37.142857142857146,11.428571428571429,25.71428571428571,62.857142857142854,57.14285714285714,5.714285714285714
E00037869,94,32,10,22,62,52,10,34.04255319148936,10.638297872340425,23.404255319148938,65.95744680851064,55.319148936170215,10.638297872340425
E00037870,97,26,7,19,71,59,12,26.804123711340207,7.216494845360824,19.587628865979383,73.19587628865979,60.824742268041234,12.371134020618557
E00037871,319,79,19,60,240,206,34,24.76489028213166,5.956112852664576,18.808777429467085,75.23510971786834,64.57680250783699,10.658307210031348
E00037872,99,32,9,23,67,59,8,32.323232323232325,9.090909090909092,23.232323232323232,67.67676767676768,59.59595959595959,8.080808080808081
E00037873,102,29,6,23,73,64,9,28.431372549019606,5.88235294117647,22.54901960784314,71.56862745098039,62.745098039215684,8.823529411764707
E00037874,173,47,14,33,126,109,17,27.167630057803464,8.092485549132949,19.07514450867052,72.83236994219652,63.005780346820806,9.826589595375722
E00037875,134,42,15,27,92,79,13,31.343283582089555,11.194029850746269,20.149253731343283,68.65671641791045,58.95522388059702,9.701492537313433
E00037876,98,26,8,18,72,55,17,26.53061224489796,8.16326530612245,18.367346938775512,73.46938775510205,56.12244897959183,17.346938775510203
E00037877,170,49,11,38,121,100,21,28.823529411764703,6.470588235294119,22.35294117647059,71.17647058823529,58.82352941176471,12.352941176470589
E00037878,128,40,12,28,88,72,16,31.25,9.375,21.875,68.75,56.25,12.5
E00037879,132,35,8,27,97,80,17,26.515151515151516,6.0606060606060606,20.454545454545457,73.48484848484848,60.60606060606061,12.878787878787879
E00037880,147,46,15,31,101,89,12,31.292517006802722,10.204081632653061,21.08843537414966,68.70748299319727,60.544217687074834,8.16326530612245
E00037881,156,41,8,33,115,104,11,26.282051282051285,5.128205128205128,21.153846153846153,73.71794871794873,66.66666666666666,7.051282051282051
E00037882,114,29,5,24,85,76,9,25.438596491228072,4.385964912280701,21.052631578947366,74.56140350877193,66.66666666666666,7.894736842105263
E00037883,196,67,24,43,129,114,15,34.183673469387756,12.244897959183673,21.93877551020408,65.81632653061224,58.16326530612245,7.653061224489796
E00037884,186,45,16,29,141,114,27,24.193548387096776,8.60215053763441,15.591397849462366,75.80645161290323,61.29032258064516,14.516129032258066
E00037885,85,27,9,18,58,51,7,31.76470588235294,10.588235294117647,21.176470588235293,68.23529411764706,60,8.235294117647058
E00037886,150,46,8,38,104,86,18,30.666666666666664,5.333333333333334,25.333333333333336,69.33333333333334,57.333333333333336,12
E00037887,98,23,7,16,75,65,10,23.46938775510204,7.142857142857142,16.3265306122449,76.53061224489795,66.3265306122449,10.204081632653061
E00037888,97,33,7,26,64,49,15,34.02061855670103,7.216494845360824,26.804123711340207,65.97938144329896,50.51546391752577,15.463917525773196
E00037889,118,35,13,22,83,73,10,29.66101694915254,11.016949152542372,18.64406779661017,70.33898305084746,61.86440677966102,8.47457627118644
E00037890,65,26,10,16,39,39,0,40,15.384615384615385,24.615384615384617,60,60,0
E00037891,256,62,15,47,194,163,31,24.21875,5.859375,18.359375,75.78125,63.671875,12.109375
E00037892,155,46,13,33,109,88,21,29.677419354838708,8.38709677419355,21.29032258064516,70.3225806451613,56.774193548387096,13.548387096774196
E00037893,215,65,14,51,150,127,23,30.23255813953488,6.511627906976744,23.72093023255814,69.76744186046511,59.06976744186046,10.69767441860465
E00037894,187,62,19,43,125,113,12,33.155080213903744,10.16042780748663,22.994652406417114,66.84491978609626,60.42780748663101,6.417112299465241
E00037895,145,49,16,33,96,87,9,33.793103448275865,11.03448275862069,22.758620689655174,66.20689655172414,60,6.206896551724138
E00037896,95,31,11,20,64,58,6,32.631578947368425,11.578947368421053,21.052631578947366,67.36842105263158,61.05263157894737,6.315789473684211
E00037897,178,55,14,41,123,108,15,30.89887640449438,7.865168539325842,23.03370786516854,69.10112359550563,60.67415730337079,8.426966292134832
E00037898,135,49,8,41,86,75,11,36.2962962962963,5.9259259259259265,30.37037037037037,63.70370370370371,55.55555555555556,8.148148148148149
E00037899,116,42,20,22,74,64,10,36.206896551724135,17.24137931034483,18.96551724137931,63.793103448275865,55.172413793103445,8.620689655172415
E00037900,78,26,8,18,52,47,5,33.33333333333333,10.256410256410255,23.076923076923077,66.66666666666666,60.256410256410255,6.41025641025641
E00037901,189,58,19,39,131,110,21,30.687830687830687,10.052910052910052,20.634920634920633,69.31216931216932,58.201058201058196,11.11111111111111
E00037902,143,46,10,36,97,83,14,32.16783216783217,6.993006993006993,25.174825174825177,67.83216783216784,58.04195804195804,9.79020979020979
E00037903,148,48,11,37,100,91,9,32.432432432432435,7.4324324324324325,25,67.56756756756756,61.48648648648649,6.081081081081082
E00037904,192,62,18,44,130,116,14,32.29166666666667,9.375,22.916666666666664,67.70833333333334,60.416666666666664,7.291666666666667
E00037905,69,23,13,10,46,40,6,33.33333333333333,18.84057971014493,14.492753623188406,66.66666666666666,57.971014492753625,8.695652173913043
E00037906,85,29,12,17,56,56,0,34.11764705882353,14.117647058823529,20,65.88235294117646,65.88235294117646,0
E00037908,153,43,12,31,110,91,19,28.104575163398692,7.8431372549019605,20.26143790849673,71.89542483660131,59.47712418300654,12.418300653594772
E00037909,114,35,8,27,79,66,13,30.701754385964914,7.017543859649122,23.684210526315788,69.2982456140351,57.89473684210527,11.403508771929824
E00037910,191,59,16,43,132,119,13,30.89005235602094,8.37696335078534,22.5130890052356,69.10994764397905,62.30366492146597,6.806282722513089
E00037912,149,43,13,30,106,90,16,28.859060402684566,8.724832214765101,20.13422818791946,71.14093959731544,60.40268456375839,10.738255033557047
E00037913,153,49,12,37,104,96,8,32.02614379084967,7.8431372549019605,24.183006535947712,67.97385620915033,62.745098039215684,5.228758169934641
E00037914,104,27,16,11,77,70,7,25.961538461538463,15.384615384615385,10.576923076923077,74.03846153846155,67.3076923076923,6.730769230769231
E00037915,127,42,8,34,85,74,11,33.07086614173229,6.299212598425196,26.77165354330709,66.92913385826772,58.26771653543307,8.661417322834646
E00037916,99,36,10,26,63,59,4,36.36363636363637,10.1010101010101,26.262626262626267,63.63636363636363,59.59595959595959,4.040404040404041
E00037917,142,42,12,30,100,88,12,29.577464788732392,8.450704225352112,21.12676056338028,70.4225352112676,61.97183098591549,8.450704225352112
E00037918,83,26,8,18,57,54,3,31.32530120481928,9.63855421686747,21.686746987951807,68.67469879518072,65.06024096385542,3.614457831325301
E00037919,127,29,10,19,98,80,18,22.83464566929134,7.874015748031496,14.960629921259844,77.16535433070865,62.99212598425197,14.173228346456693
E00037920,112,37,7,30,75,64,11,33.035714285714285,6.25,26.785714285714285,66.96428571428571,57.14285714285714,9.821428571428571
E00037921,87,37,17,20,50,43,7,42.5287356321839,19.54022988505747,22.988505747126435,57.47126436781609,49.42528735632184,8.045977011494253
E00037922,35,17,2,15,18,16,2,48.57142857142857,5.714285714285714,42.857142857142854,51.42857142857142,45.714285714285715,5.714285714285714
E00037923,102,26,8,18,76,67,9,25.49019607843137,7.8431372549019605,17.647058823529413,74.50980392156863,65.68627450980392,8.823529411764707
E00037924,124,34,12,22,90,77,13,27.419354838709676,9.67741935483871,17.741935483870968,72.58064516129032,62.096774193548384,10.483870967741936
E00037925,120,38,8,30,82,71,11,31.666666666666664,6.666666666666667,25,68.33333333333333,59.166666666666664,9.166666666666666
E00037926,122,34,3,31,88,74,14,27.86885245901639,2.459016393442623,25.40983606557377,72.1311475409836,60.65573770491803,11.475409836065573
E00037927,117,36,13,23,81,67,14,30.76923076923077,11.11111111111111,19.65811965811966,69.23076923076923,57.26495726495726,11.965811965811966
E00037928,120,31,10,21,89,80,9,25.833333333333336,8.333333333333332,17.5,74.16666666666667,66.66666666666666,7.5
E00037929,237,77,20,57,160,140,20,32.48945147679325,8.438818565400844,24.050632911392405,67.51054852320675,59.07172995780591,8.438818565400844
E00037930,184,42,9,33,142,114,28,22.82608695652174,4.891304347826087,17.934782608695652,77.17391304347827,61.95652173913043,15.217391304347828
E00037931,91,22,3,19,69,66,3,24.175824175824175,3.296703296703297,20.87912087912088,75.82417582417582,72.52747252747253,3.296703296703297
E00037932,152,34,10,24,118,102,16,22.36842105263158,6.578947368421052,15.789473684210526,77.63157894736842,67.10526315789474,10.526315789473683
E00037933,153,40,10,30,113,96,17,26.143790849673206,6.535947712418301,19.607843137254903,73.8562091503268,62.745098039215684,11.11111111111111
E00037934,155,43,9,34,112,97,15,27.741935483870968,5.806451612903226,21.935483870967744,72.25806451612902,62.58064516129033,9.67741935483871
E00037935,123,34,13,21,89,80,9,27.64227642276423,10.569105691056912,17.073170731707318,72.35772357723577,65.04065040650406,7.317073170731707
E00037936,189,62,17,45,127,113,14,32.804232804232804,8.994708994708994,23.809523809523807,67.1957671957672,59.78835978835979,7.4074074074074066
E00037937,169,58,25,33,111,98,13,34.319526627218934,14.792899408284024,19.526627218934912,65.68047337278107,57.98816568047337,7.6923076923076925
E00037938,138,33,7,26,105,91,14,23.91304347826087,5.072463768115942,18.84057971014493,76.08695652173914,65.94202898550725,10.144927536231885
E00037939,137,45,16,29,92,77,15,32.846715328467155,11.678832116788321,21.16788321167883,67.15328467153284,56.20437956204379,10.948905109489052
E00037940,106,28,11,17,78,65,13,26.41509433962264,10.377358490566039,16.037735849056602,73.58490566037736,61.32075471698113,12.264150943396226
E00037941,92,28,7,21,64,53,11,30.434782608695656,7.608695652173914,22.82608695652174,69.56521739130434,57.608695652173914,11.956521739130435
E00037942,215,56,13,43,159,137,22,26.046511627906977,6.046511627906977,20,73.95348837209302,63.72093023255814,10.232558139534884
E00037943,153,47,19,28,106,98,8,30.718954248366014,12.418300653594772,18.30065359477124,69.28104575163398,64.05228758169935,5.228758169934641
E00037944,226,77,19,58,149,121,28,34.070796460176986,8.4070796460177,25.663716814159294,65.929203539823,53.53982300884957,12.389380530973451
E00037945,99,23,7,16,76,72,4,23.232323232323232,7.07070707070707,16.161616161616163,76.76767676767676,72.72727272727273,4.040404040404041
E00037946,145,43,11,32,102,83,19,29.655172413793103,7.586206896551724,22.06896551724138,70.34482758620689,57.24137931034483,13.10344827586207
E00037947,107,41,7,34,66,57,9,38.31775700934579,6.5420560747663545,31.775700934579437,61.6822429906542,53.271028037383175,8.411214953271028
E00037948,132,33,9,24,99,90,9,25,6.8181818181818175,18.181818181818183,75,68.18181818181817,6.8181818181818175
E00037949,194,66,18,48,128,111,17,34.02061855670103,9.278350515463918,24.742268041237114,65.97938144329896,57.21649484536082,8.762886597938143
E00037950,76,21,11,10,55,44,11,27.631578947368425,14.473684210526317,13.157894736842104,72.36842105263158,57.89473684210527,14.473684210526317
E00037951,112,25,10,15,87,74,13,22.321428571428573,8.928571428571429,13.392857142857142,77.67857142857143,66.07142857142857,11.607142857142858
E00037952,124,36,6,30,88,81,7,29.03225806451613,4.838709677419355,24.193548387096776,70.96774193548387,65.32258064516128,5.64516129032258
E00037954,107,34,10,24,73,60,13,31.775700934579437,9.345794392523365,22.429906542056074,68.22429906542055,56.074766355140184,12.149532710280374
E00037955,102,30,9,21,72,68,4,29.411764705882355,8.823529411764707,20.588235294117645,70.58823529411765,66.66666666666666,3.9215686274509802
E00037956,166,48,22,26,118,103,15,28.915662650602407,13.253012048192772,15.66265060240964,71.08433734939759,62.048192771084345,9.036144578313253
E00037957,105,22,7,15,83,66,17,20.952380952380953,6.666666666666667,14.285714285714285,79.04761904761905,62.857142857142854,16.19047619047619
E00037958,142,30,9,21,112,89,23,21.12676056338028,6.338028169014084,14.788732394366196,78.87323943661971,62.676056338028175,16.19718309859155
E00037959,90,21,6,15,69,49,20,23.333333333333332,6.666666666666667,16.666666666666664,76.66666666666667,54.44444444444444,22.22222222222222
E00037960,115,31,13,18,84,60,24,26.956521739130434,11.304347826086957,15.65217391304348,73.04347826086956,52.17391304347826,20.869565217391305
E00037961,188,50,16,34,138,95,43,26.595744680851062,8.51063829787234,18.085106382978726,73.40425531914893,50.53191489361703,22.872340425531913
E00037962,123,38,7,31,85,74,11,30.89430894308943,5.691056910569105,25.203252032520325,69.10569105691057,60.16260162601627,8.94308943089431
E00037963,174,56,19,37,118,103,15,32.18390804597701,10.919540229885058,21.26436781609195,67.81609195402298,59.195402298850574,8.620689655172415
E00037964,263,57,16,41,206,173,33,21.673003802281368,6.083650190114068,15.5893536121673,78.32699619771863,65.77946768060836,12.547528517110266
E00037965,86,19,4,15,67,60,7,22.093023255813954,4.651162790697675,17.441860465116278,77.90697674418605,69.76744186046511,8.13953488372093
E00037966,118,26,4,22,92,80,12,22.033898305084744,3.389830508474576,18.64406779661017,77.96610169491525,67.79661016949152,10.16949152542373
E00037967,96,28,1,27,68,49,19,29.166666666666668,1.0416666666666665,28.125,70.83333333333334,51.041666666666664,19.791666666666664
E00037968,155,40,16,24,115,93,22,25.806451612903224,10.32258064516129,15.483870967741936,74.19354838709677,60,14.193548387096774
E00037969,159,38,15,23,121,98,23,23.89937106918239,9.433962264150944,14.465408805031446,76.10062893081762,61.63522012578616,14.465408805031446
E00037970,143,47,14,33,96,85,11,32.86713286713287,9.79020979020979,23.076923076923077,67.13286713286713,59.44055944055944,7.6923076923076925
E00037971,99,29,8,21,70,52,18,29.292929292929294,8.080808080808081,21.21212121212121,70.70707070707071,52.52525252525253,18.181818181818183
E00037972,163,42,17,25,121,103,18,25.766871165644172,10.429447852760736,15.337423312883436,74.23312883435584,63.190184049079754,11.042944785276074
E00037973,142,39,13,26,103,84,19,27.464788732394368,9.15492957746479,18.30985915492958,72.53521126760563,59.154929577464785,13.380281690140844
E00037974,141,43,14,29,98,82,16,30.49645390070922,9.929078014184398,20.56737588652482,69.50354609929079,58.156028368794324,11.347517730496454
E00037975,111,37,11,26,74,59,15,33.33333333333333,9.90990990990991,23.423423423423422,66.66666666666666,53.153153153153156,13.513513513513514
E00037976,141,42,11,31,99,83,16,29.78723404255319,7.801418439716312,21.98581560283688,70.2127659574468,58.86524822695035,11.347517730496454
E00037977,65,22,5,17,43,31,12,33.84615384615385,7.6923076923076925,26.153846153846157,66.15384615384615,47.69230769230769,18.461538461538463
E00037978,93,22,6,16,71,48,23,23.655913978494624,6.451612903225806,17.20430107526882,76.34408602150538,51.61290322580645,24.731182795698924
E00037979,164,54,18,36,110,95,15,32.926829268292686,10.975609756097562,21.951219512195124,67.07317073170732,57.92682926829268,9.146341463414634
E00037980,122,40,12,28,82,71,11,32.78688524590164,9.836065573770492,22.950819672131146,67.21311475409836,58.19672131147541,9.01639344262295
E00037981,171,60,16,44,111,98,13,35.08771929824561,9.35672514619883,25.730994152046783,64.91228070175438,57.30994152046783,7.602339181286549
E00037982,145,47,9,38,98,81,17,32.41379310344827,6.206896551724138,26.20689655172414,67.58620689655173,55.86206896551724,11.724137931034482
E00037983,96,32,13,19,64,58,6,33.33333333333333,13.541666666666666,19.791666666666664,66.66666666666666,60.416666666666664,6.25
E00037984,154,40,11,29,114,97,17,25.97402597402597,7.142857142857142,18.83116883116883,74.02597402597402,62.98701298701299,11.03896103896104
E00037985,90,31,12,19,59,56,3,34.44444444444444,13.333333333333334,21.11111111111111,65.55555555555556,62.22222222222222,3.3333333333333335
E00037986,44,18,5,13,26,23,3,40.909090909090914,11.363636363636363,29.545454545454547,59.09090909090909,52.27272727272727,6.8181818181818175
E00037987,239,57,13,44,182,157,25,23.84937238493724,5.439330543933055,18.410041841004183,76.15062761506276,65.69037656903765,10.460251046025103
E00037988,194,56,14,42,138,115,23,28.865979381443296,7.216494845360824,21.649484536082475,71.1340206185567,59.27835051546392,11.855670103092782
E00037989,184,54,15,39,130,112,18,29.347826086956523,8.152173913043478,21.195652173913043,70.65217391304348,60.86956521739131,9.782608695652174
E00037990,132,50,13,37,82,67,15,37.878787878787875,9.848484848484848,28.030303030303028,62.121212121212125,50.75757575757576,11.363636363636363
E00037991,113,35,7,28,78,71,7,30.973451327433626,6.1946902654867255,24.778761061946902,69.02654867256636,62.83185840707964,6.1946902654867255
E00037992,157,40,13,27,117,101,16,25.477707006369428,8.280254777070063,17.197452229299362,74.52229299363057,64.3312101910828,10.191082802547772
E00037993,150,42,11,31,108,97,11,28.000000000000004,7.333333333333333,20.666666666666668,72,64.66666666666666,7.333333333333333
E00037994,111,49,11,38,62,52,10,44.14414414414414,9.90990990990991,34.234234234234236,55.85585585585585,46.846846846846844,9.00900900900901
E00037995,148,52,16,36,96,88,8,35.13513513513514,10.81081081081081,24.324324324324326,64.86486486486487,59.45945945945946,5.405405405405405
E00037996,114,32,10,22,82,73,9,28.07017543859649,8.771929824561402,19.298245614035086,71.9298245614035,64.03508771929825,7.894736842105263
E00037997,108,35,16,19,73,61,12,32.407407407407405,14.814814814814813,17.59259259259259,67.5925925925926,56.481481481481474,11.11111111111111
E00037998,138,51,15,36,87,76,11,36.95652173913043,10.869565217391305,26.08695652173913,63.04347826086957,55.072463768115945,7.971014492753622
E00037999,62,17,4,13,45,38,7,27.419354838709676,6.451612903225806,20.967741935483872,72.58064516129032,61.29032258064516,11.29032258064516
E00038000,148,47,8,39,101,90,11,31.756756756756754,5.405405405405405,26.351351351351347,68.24324324324324,60.810810810810814,7.4324324324324325
E00038001,126,37,10,27,89,76,13,29.365079365079367,7.936507936507936,21.428571428571427,70.63492063492063,60.317460317460316,10.317460317460316
E00038002,120,37,8,29,83,66,17,30.833333333333336,6.666666666666667,24.166666666666668,69.16666666666667,55.00000000000001,14.166666666666666
E00038003,176,47,8,39,129,108,21,26.704545454545453,4.545454545454546,22.15909090909091,73.29545454545455,61.36363636363637,11.931818181818182
E00038004,153,40,5,35,113,102,11,26.143790849673206,3.2679738562091507,22.875816993464053,73.8562091503268,66.66666666666666,7.18954248366013
E00038006,121,39,10,29,82,76,6,32.231404958677686,8.264462809917356,23.96694214876033,67.76859504132231,62.8099173553719,4.958677685950414
E00038007,72,22,8,14,50,44,6,30.555555555555557,11.11111111111111,19.444444444444446,69.44444444444444,61.111111111111114,8.333333333333332
E00038008,94,30,7,23,64,56,8,31.914893617021278,7.446808510638298,24.46808510638298,68.08510638297872,59.57446808510638,8.51063829787234
E00038009,119,37,11,26,82,62,20,31.092436974789916,9.243697478991598,21.84873949579832,68.90756302521008,52.10084033613446,16.80672268907563
E00038010,85,24,4,20,61,58,3,28.235294117647058,4.705882352941177,23.52941176470588,71.76470588235294,68.23529411764706,3.5294117647058822
E00038011,164,50,15,35,114,101,13,30.48780487804878,9.146341463414634,21.341463414634145,69.51219512195121,61.58536585365854,7.926829268292683
E00038012,105,33,14,19,72,65,7,31.428571428571427,13.333333333333334,18.095238095238095,68.57142857142857,61.904761904761905,6.666666666666667
E00038013,211,58,22,36,153,131,22,27.488151658767773,10.42654028436019,17.061611374407583,72.51184834123224,62.08530805687204,10.42654028436019
E00038014,115,34,12,22,81,68,13,29.565217391304348,10.434782608695652,19.130434782608695,70.43478260869566,59.130434782608695,11.304347826086957
E00038015,203,54,14,40,149,128,21,26.60098522167488,6.896551724137931,19.704433497536947,73.39901477832512,63.05418719211823,10.344827586206897
E00038016,100,36,9,27,64,60,4,36,9,27,64,60,4
E00038017,219,60,18,42,159,137,22,27.397260273972602,8.21917808219178,19.17808219178082,72.6027397260274,62.55707762557078,10.045662100456621
E00038018,138,33,10,23,105,88,17,23.91304347826087,7.246376811594203,16.666666666666664,76.08695652173914,63.76811594202898,12.318840579710146
E00038019,200,53,14,39,147,121,26,26.5,7.000000000000001,19.5,73.5,60.5,13
E00038020,121,34,11,23,87,79,8,28.09917355371901,9.090909090909092,19.00826446280992,71.900826446281,65.28925619834712,6.6115702479338845
E00038021,127,45,15,30,82,75,7,35.43307086614173,11.811023622047244,23.62204724409449,64.56692913385827,59.055118110236215,5.511811023622047
E00038022,150,58,17,41,92,80,12,38.666666666666664,11.333333333333332,27.333333333333332,61.33333333333333,53.333333333333336,8
E00038023,150,39,13,26,111,92,19,26,8.666666666666668,17.333333333333336,74,61.33333333333333,12.666666666666668
E00038024,146,42,16,26,104,94,10,28.767123287671232,10.95890410958904,17.80821917808219,71.23287671232876,64.38356164383562,6.8493150684931505
E00038025,215,78,18,60,137,110,27,36.27906976744186,8.372093023255815,27.906976744186046,63.72093023255814,51.162790697674424,12.558139534883722
E00038026,144,47,10,37,97,88,9,32.63888888888889,6.944444444444445,25.694444444444443,67.36111111111111,61.111111111111114,6.25
E00038028,67,18,4,14,49,37,12,26.865671641791046,5.970149253731343,20.8955223880597,73.13432835820896,55.223880597014926,17.91044776119403
E00038029,180,61,19,42,119,103,16,33.88888888888889,10.555555555555555,23.333333333333332,66.11111111111111,57.22222222222222,8.88888888888889
E00038030,117,35,7,28,82,72,10,29.914529914529915,5.982905982905983,23.931623931623932,70.08547008547008,61.53846153846154,8.547008547008547
E00038031,210,61,16,45,149,124,25,29.04761904761905,7.6190476190476195,21.428571428571427,70.95238095238095,59.04761904761905,11.904761904761903
E00038032,136,38,13,25,98,87,11,27.941176470588236,9.558823529411764,18.38235294117647,72.05882352941177,63.970588235294116,8.088235294117647
E00038033,110,34,14,20,76,65,11,30.909090909090907,12.727272727272727,18.181818181818183,69.0909090909091,59.09090909090909,10
E00038034,117,29,3,26,88,75,13,24.786324786324787,2.564102564102564,22.22222222222222,75.21367521367522,64.1025641025641,11.11111111111111
E00038035,40,16,4,12,24,24,0,40,10,30,60,60,0
E00038036,86,29,5,24,57,52,5,33.72093023255814,5.813953488372093,27.906976744186046,66.27906976744185,60.46511627906976,5.813953488372093
E00038037,145,44,12,32,101,85,16,30.344827586206897,8.275862068965518,22.06896551724138,69.6551724137931,58.620689655172406,11.03448275862069
E00038038,154,51,12,39,103,83,20,33.116883116883116,7.792207792207792,25.324675324675322,66.88311688311688,53.896103896103895,12.987012987012985
E00038039,88,27,4,23,61,54,7,30.681818181818183,4.545454545454546,26.136363636363637,69.31818181818183,61.36363636363637,7.954545454545454
E00038040,118,37,9,28,81,75,6,31.35593220338983,7.627118644067797,23.728813559322035,68.64406779661016,63.559322033898304,5.084745762711865
E00038041,136,40,13,27,96,80,16,29.411764705882355,9.558823529411764,19.852941176470587,70.58823529411765,58.82352941176471,11.76470588235294
E00038042,119,26,8,18,93,84,9,21.84873949579832,6.722689075630252,15.126050420168067,78.15126050420169,70.58823529411765,7.563025210084033
E00038043,106,29,11,18,77,66,11,27.358490566037734,10.377358490566039,16.9811320754717,72.64150943396226,62.264150943396224,10.377358490566039
E00038044,144,35,9,26,109,92,17,24.305555555555554,6.25,18.055555555555554,75.69444444444444,63.888888888888886,11.805555555555555
E00038045,143,39,12,27,104,85,19,27.27272727272727,8.391608391608392,18.88111888111888,72.72727272727273,59.44055944055944,13.286713286713287
E00038046,86,24,4,20,62,50,12,27.906976744186046,4.651162790697675,23.25581395348837,72.09302325581395,58.139534883720934,13.953488372093023
E00038047,128,44,12,32,84,73,11,34.375,9.375,25,65.625,57.03125,8.59375
E00038048,63,15,3,12,48,39,9,23.809523809523807,4.761904761904762,19.047619047619047,76.19047619047619,61.904761904761905,14.285714285714285
E00038049,106,46,12,34,60,45,15,43.39622641509434,11.320754716981133,32.075471698113205,56.60377358490566,42.45283018867924,14.150943396226415
E00038050,77,22,4,18,55,53,2,28.57142857142857,5.194805194805195,23.376623376623375,71.42857142857143,68.83116883116884,2.5974025974025974
E00038051,115,34,9,25,81,71,10,29.565217391304348,7.82608695652174,21.73913043478261,70.43478260869566,61.73913043478261,8.695652173913043
E00038052,196,55,18,37,141,128,13,28.061224489795915,9.183673469387756,18.877551020408163,71.93877551020408,65.3061224489796,6.63265306122449
E00038053,135,34,9,25,101,83,18,25.185185185185183,6.666666666666667,18.51851851851852,74.81481481481481,61.48148148148148,13.333333333333334
E00038054,105,24,7,17,81,67,14,22.857142857142858,6.666666666666667,16.19047619047619,77.14285714285715,63.8095238095238,13.333333333333334
E00038055,157,50,14,36,107,91,16,31.84713375796178,8.9171974522293,22.929936305732486,68.15286624203821,57.961783439490446,10.191082802547772
E00038056,79,22,7,15,57,44,13,27.848101265822784,8.860759493670885,18.9873417721519,72.15189873417721,55.69620253164557,16.455696202531644
E00038057,144,43,7,36,101,85,16,29.86111111111111,4.861111111111112,25,70.13888888888889,59.02777777777778,11.11111111111111
E00038058,154,45,12,33,109,94,15,29.22077922077922,7.792207792207792,21.428571428571427,70.77922077922078,61.038961038961034,9.740259740259742
E00038059,147,44,7,37,103,89,14,29.931972789115648,4.761904761904762,25.170068027210885,70.06802721088435,60.544217687074834,9.523809523809524
E00038060,132,33,5,28,99,92,7,25,3.787878787878788,21.21212121212121,75,69.6969696969697,5.303030303030303
E00038061,126,40,11,29,86,79,7,31.746031746031743,8.73015873015873,23.015873015873016,68.25396825396825,62.698412698412696,5.555555555555555
E00038062,105,31,9,22,74,66,8,29.523809523809526,8.571428571428571,20.952380952380953,70.47619047619048,62.857142857142854,7.6190476190476195
E00038063,165,67,19,48,98,87,11,40.60606060606061,11.515151515151516,29.09090909090909,59.3939393939394,52.72727272727272,6.666666666666667
E00038064,83,14,3,11,69,61,8,16.867469879518072,3.614457831325301,13.253012048192772,83.13253012048193,73.49397590361446,9.63855421686747
E00038065,167,50,17,33,117,95,22,29.94011976047904,10.179640718562874,19.760479041916167,70.05988023952095,56.886227544910184,13.17365269461078
E00038066,112,28,8,20,84,73,11,25,7.142857142857142,17.857142857142858,75,65.17857142857143,9.821428571428571
E00038067,96,32,8,24,64,52,12,33.33333333333333,8.333333333333332,25,66.66666666666666,54.166666666666664,12.5
E00038068,149,41,13,28,108,92,16,27.516778523489933,8.724832214765101,18.79194630872483,72.48322147651007,61.74496644295302,10.738255033557047
E00038069,141,45,6,39,96,91,5,31.914893617021278,4.25531914893617,27.659574468085108,68.08510638297872,64.53900709219859,3.546099290780142
E00038070,159,58,19,39,101,81,20,36.477987421383645,11.949685534591195,24.528301886792452,63.52201257861635,50.943396226415096,12.578616352201259
E00038071,141,45,9,36,96,85,11,31.914893617021278,6.382978723404255,25.53191489361702,68.08510638297872,60.28368794326241,7.801418439716312
E00038072,123,43,9,34,80,72,8,34.959349593495936,7.317073170731707,27.64227642276423,65.04065040650406,58.536585365853654,6.504065040650407
E00038073,134,50,5,45,84,77,7,37.3134328358209,3.731343283582089,33.582089552238806,62.68656716417911,57.46268656716418,5.223880597014925
E00038074,133,46,11,35,87,76,11,34.58646616541353,8.270676691729323,26.31578947368421,65.41353383458647,57.14285714285714,8.270676691729323
E00038075,135,47,11,36,88,80,8,34.81481481481482,8.148148148148149,26.666666666666668,65.18518518518519,59.25925925925925,5.9259259259259265
E00038076,128,44,9,35,84,74,10,34.375,7.03125,27.34375,65.625,57.8125,7.8125
E00038077,130,42,13,29,88,76,12,32.30769230769231,10,22.30769230769231,67.6923076923077,58.46153846153847,9.230769230769232
E00038078,69,28,9,19,41,33,8,40.57971014492754,13.043478260869565,27.536231884057973,59.42028985507246,47.82608695652174,11.594202898550725
E00038080,143,49,16,33,94,86,8,34.26573426573427,11.188811188811188,23.076923076923077,65.73426573426573,60.13986013986013,5.594405594405594
E00038081,142,48,15,33,94,87,7,33.80281690140845,10.56338028169014,23.239436619718308,66.19718309859155,61.267605633802816,4.929577464788732
E00038082,170,43,8,35,127,114,13,25.294117647058822,4.705882352941177,20.588235294117645,74.70588235294117,67.05882352941175,7.647058823529412
E00038083,133,28,8,20,105,100,5,21.052631578947366,6.015037593984962,15.037593984962406,78.94736842105263,75.18796992481202,3.7593984962406015
E00038084,117,38,7,31,79,75,4,32.47863247863248,5.982905982905983,26.495726495726498,67.52136752136752,64.1025641025641,3.418803418803419
E00038085,173,53,15,38,120,98,22,30.63583815028902,8.670520231213873,21.965317919075144,69.36416184971098,56.64739884393064,12.716763005780345
E00038086,146,45,11,34,101,86,15,30.82191780821918,7.534246575342466,23.28767123287671,69.17808219178082,58.9041095890411,10.273972602739725
E00038087,163,47,10,37,116,105,11,28.834355828220858,6.134969325153374,22.699386503067483,71.16564417177914,64.41717791411043,6.748466257668712
E00038088,262,63,22,41,199,171,28,24.045801526717558,8.396946564885496,15.648854961832063,75.95419847328245,65.2671755725191,10.687022900763358
E00038089,106,31,4,27,75,70,5,29.245283018867923,3.7735849056603774,25.471698113207548,70.75471698113208,66.0377358490566,4.716981132075472
E00038090,118,32,7,25,86,76,10,27.11864406779661,5.932203389830509,21.1864406779661,72.88135593220339,64.40677966101694,8.47457627118644
E00038091,177,70,16,54,107,98,9,39.548022598870055,9.03954802259887,30.508474576271187,60.451977401129945,55.367231638418076,5.084745762711865
E00038092,161,49,10,39,112,101,11,30.434782608695656,6.211180124223603,24.22360248447205,69.56521739130434,62.732919254658384,6.832298136645963
E00038093,144,48,9,39,96,88,8,33.33333333333333,6.25,27.083333333333332,66.66666666666666,61.111111111111114,5.555555555555555
E00038094,148,41,7,34,107,100,7,27.7027027027027,4.72972972972973,22.972972972972975,72.2972972972973,67.56756756756756,4.72972972972973
E00038095,108,30,13,17,78,71,7,27.77777777777778,12.037037037037036,15.74074074074074,72.22222222222221,65.74074074074075,6.481481481481481
E00038096,111,38,11,27,73,66,7,34.234234234234236,9.90990990990991,24.324324324324326,65.76576576576578,59.45945945945946,6.306306306306306
E00038097,129,37,10,27,92,76,16,28.68217054263566,7.751937984496124,20.930232558139537,71.31782945736434,58.91472868217055,12.4031007751938
E00038098,105,24,6,18,81,69,12,22.857142857142858,5.714285714285714,17.142857142857142,77.14285714285715,65.71428571428571,11.428571428571429
E00038099,176,51,8,43,125,111,14,28.97727272727273,4.545454545454546,24.431818181818183,71.02272727272727,63.06818181818182,7.954545454545454
E00038100,164,46,11,35,118,92,26,28.04878048780488,6.707317073170732,21.341463414634145,71.95121951219512,56.09756097560976,15.853658536585366
E00038101,196,51,13,38,145,126,19,26.02040816326531,6.63265306122449,19.387755102040817,73.9795918367347,64.28571428571429,9.693877551020408
E00038102,74,17,3,14,57,52,5,22.972972972972975,4.054054054054054,18.91891891891892,77.02702702702703,70.27027027027027,6.756756756756757
E00038103,98,27,6,21,71,64,7,27.55102040816326,6.122448979591836,21.428571428571427,72.44897959183673,65.3061224489796,7.142857142857142
E00038104,97,31,10,21,66,63,3,31.958762886597935,10.309278350515463,21.649484536082475,68.04123711340206,64.94845360824742,3.0927835051546393
E00038105,142,41,12,29,101,87,14,28.87323943661972,8.450704225352112,20.422535211267608,71.12676056338029,61.267605633802816,9.859154929577464
E00038107,149,40,6,34,109,93,16,26.845637583892618,4.026845637583892,22.818791946308725,73.15436241610739,62.41610738255034,10.738255033557047
E00038108,149,44,12,32,105,86,19,29.53020134228188,8.053691275167784,21.476510067114095,70.46979865771812,57.71812080536913,12.751677852348994
E00038109,102,23,3,20,79,70,9,22.54901960784314,2.941176470588235,19.607843137254903,77.45098039215686,68.62745098039215,8.823529411764707
E00038112,113,33,8,25,80,69,11,29.20353982300885,7.079646017699115,22.123893805309734,70.79646017699115,61.06194690265486,9.734513274336283
E00038113,135,52,12,40,83,74,9,38.51851851851852,8.88888888888889,29.629629629629626,61.48148148148148,54.81481481481482,6.666666666666667
E00038114,106,30,13,17,76,67,9,28.30188679245283,12.264150943396226,16.037735849056602,71.69811320754717,63.20754716981132,8.49056603773585
E00038115,131,38,11,27,93,72,21,29.00763358778626,8.396946564885496,20.610687022900763,70.99236641221374,54.961832061068705,16.030534351145036
E00038116,106,34,9,25,72,60,12,32.075471698113205,8.49056603773585,23.58490566037736,67.9245283018868,56.60377358490566,11.320754716981133
E00038117,128,37,10,27,91,66,25,28.90625,7.8125,21.09375,71.09375,51.5625,19.53125
E00038118,54,16,2,14,38,34,4,29.629629629629626,3.7037037037037033,25.925925925925924,70.37037037037037,62.96296296296296,7.4074074074074066
E00038120,148,41,12,29,107,94,13,27.7027027027027,8.108108108108109,19.594594594594593,72.2972972972973,63.51351351351351,8.783783783783784
E00038121,132,48,13,35,84,78,6,36.36363636363637,9.848484848484848,26.515151515151516,63.63636363636363,59.09090909090909,4.545454545454546
E00038122,149,36,6,30,113,98,15,24.161073825503358,4.026845637583892,20.13422818791946,75.83892617449665,65.77181208053692,10.06711409395973
E00038123,86,31,8,23,55,47,8,36.04651162790697,9.30232558139535,26.744186046511626,63.95348837209303,54.65116279069767,9.30232558139535
E00038124,135,43,14,29,92,72,20,31.851851851851855,10.37037037037037,21.48148148148148,68.14814814814815,53.333333333333336,14.814814814814813
E00038125,88,30,10,20,58,40,18,34.090909090909086,11.363636363636363,22.727272727272727,65.9090909090909,45.45454545454545,20.454545454545457
E00038126,140,42,15,27,98,79,19,30,10.714285714285714,19.28571428571429,70,56.42857142857143,13.571428571428571
E00038127,133,40,11,29,93,77,16,30.075187969924812,8.270676691729323,21.804511278195488,69.92481203007519,57.89473684210527,12.030075187969924
E00038128,57,22,7,15,35,32,3,38.59649122807017,12.280701754385964,26.31578947368421,61.40350877192983,56.14035087719298,5.263157894736842
E00038129,148,56,20,36,92,81,11,37.83783783783784,13.513513513513514,24.324324324324326,62.16216216216216,54.729729729729726,7.4324324324324325
E00038130,153,42,7,35,111,95,16,27.450980392156865,4.57516339869281,22.875816993464053,72.54901960784314,62.091503267973856,10.457516339869281
E00038131,121,32,14,18,89,71,18,26.446280991735538,11.570247933884298,14.87603305785124,73.55371900826447,58.67768595041323,14.87603305785124
E00038132,98,27,6,21,71,61,10,27.55102040816326,6.122448979591836,21.428571428571427,72.44897959183673,62.244897959183675,10.204081632653061
E00038133,93,36,9,27,57,44,13,38.70967741935484,9.67741935483871,29.03225806451613,61.29032258064516,47.31182795698925,13.978494623655912
E00038134,111,37,12,25,74,61,13,33.33333333333333,10.81081081081081,22.52252252252252,66.66666666666666,54.95495495495496,11.711711711711711
E00038135,123,39,14,25,84,69,15,31.70731707317073,11.38211382113821,20.32520325203252,68.29268292682927,56.09756097560976,12.195121951219512
E00038136,107,40,11,29,67,58,9,37.38317757009346,10.2803738317757,27.102803738317753,62.616822429906534,54.20560747663551,8.411214953271028
E00038137,80,23,10,13,57,53,4,28.749999999999996,12.5,16.25,71.25,66.25,5
E00038138,107,34,10,24,73,68,5,31.775700934579437,9.345794392523365,22.429906542056074,68.22429906542055,63.55140186915887,4.672897196261682
E00038139,177,61,16,45,116,94,22,34.463276836158194,9.03954802259887,25.423728813559322,65.5367231638418,53.10734463276836,12.429378531073446
E00038140,138,43,10,33,95,81,14,31.15942028985507,7.246376811594203,23.91304347826087,68.84057971014492,58.69565217391305,10.144927536231885
E00038141,163,38,13,25,125,110,15,23.31288343558282,7.975460122699387,15.337423312883436,76.68711656441718,67.48466257668711,9.202453987730062
E00038142,154,44,17,27,110,90,20,28.57142857142857,11.03896103896104,17.532467532467532,71.42857142857143,58.44155844155844,12.987012987012985
E00038143,124,35,7,28,89,80,9,28.225806451612907,5.64516129032258,22.58064516129032,71.7741935483871,64.51612903225806,7.258064516129033
E00038144,154,51,18,33,103,89,14,33.116883116883116,11.688311688311687,21.428571428571427,66.88311688311688,57.7922077922078,9.090909090909092
E00038145,120,32,4,28,88,80,8,26.666666666666668,3.3333333333333335,23.333333333333332,73.33333333333333,66.66666666666666,6.666666666666667
E00038146,82,31,15,16,51,42,9,37.80487804878049,18.29268292682927,19.51219512195122,62.19512195121951,51.21951219512195,10.975609756097562
E00038147,165,45,17,28,120,96,24,27.27272727272727,10.303030303030303,16.969696969696972,72.72727272727273,58.18181818181818,14.545454545454545
E00038148,189,51,12,39,138,127,11,26.984126984126984,6.349206349206349,20.634920634920633,73.01587301587301,67.1957671957672,5.82010582010582
E00038149,145,59,18,41,86,77,9,40.689655172413794,12.413793103448276,28.27586206896552,59.310344827586206,53.103448275862064,6.206896551724138
E00038150,162,39,9,30,123,109,14,24.074074074074073,5.555555555555555,18.51851851851852,75.92592592592592,67.28395061728395,8.641975308641975
E00038151,108,30,15,15,78,71,7,27.77777777777778,13.88888888888889,13.88888888888889,72.22222222222221,65.74074074074075,6.481481481481481
E00038152,159,62,15,47,97,87,10,38.9937106918239,9.433962264150944,29.559748427672954,61.0062893081761,54.71698113207547,6.289308176100629
E00038153,107,23,8,15,84,76,8,21.49532710280374,7.476635514018691,14.018691588785046,78.50467289719626,71.02803738317756,7.476635514018691
E00038154,132,19,11,8,113,105,8,14.393939393939394,8.333333333333332,6.0606060606060606,85.60606060606061,79.54545454545455,6.0606060606060606
E00038155,196,41,16,25,155,142,13,20.918367346938776,8.16326530612245,12.755102040816327,79.08163265306123,72.44897959183673,6.63265306122449
E00038156,144,42,11,31,102,88,14,29.166666666666668,7.638888888888889,21.52777777777778,70.83333333333334,61.111111111111114,9.722222222222223
E00038157,137,30,8,22,107,95,12,21.897810218978105,5.839416058394161,16.05839416058394,78.1021897810219,69.34306569343066,8.75912408759124
E00038158,181,42,17,25,139,116,23,23.204419889502763,9.392265193370166,13.812154696132598,76.79558011049724,64.08839779005525,12.70718232044199
E00038159,121,41,16,25,80,69,11,33.88429752066116,13.223140495867769,20.66115702479339,66.11570247933885,57.02479338842975,9.090909090909092
E00038160,209,50,16,34,159,141,18,23.923444976076556,7.655502392344498,16.267942583732058,76.07655502392345,67.46411483253588,8.61244019138756
E00038161,188,61,33,28,127,103,24,32.4468085106383,17.5531914893617,14.893617021276595,67.5531914893617,54.78723404255319,12.76595744680851
E00038162,90,26,6,20,64,54,10,28.888888888888886,6.666666666666667,22.22222222222222,71.11111111111111,60,11.11111111111111
E00038163,68,26,6,20,42,40,2,38.23529411764706,8.823529411764707,29.411764705882355,61.76470588235294,58.82352941176471,2.941176470588235
E00038164,101,26,6,20,75,57,18,25.742574257425744,5.9405940594059405,19.801980198019802,74.25742574257426,56.43564356435643,17.82178217821782
E00038165,93,24,10,14,69,58,11,25.806451612903224,10.75268817204301,15.053763440860216,74.19354838709677,62.365591397849464,11.827956989247312
E00038166,113,36,18,18,77,59,18,31.858407079646017,15.929203539823009,15.929203539823009,68.14159292035397,52.21238938053098,15.929203539823009
E00038167,94,43,16,27,51,44,7,45.744680851063826,17.02127659574468,28.723404255319153,54.25531914893617,46.808510638297875,7.446808510638298
E00038168,164,38,8,30,126,119,7,23.170731707317074,4.878048780487805,18.29268292682927,76.82926829268293,72.5609756097561,4.2682926829268295
E00038169,102,31,5,26,71,64,7,30.392156862745097,4.901960784313726,25.49019607843137,69.6078431372549,62.745098039215684,6.862745098039216
E00038170,70,24,9,15,46,37,9,34.285714285714285,12.857142857142856,21.428571428571427,65.71428571428571,52.85714285714286,12.857142857142856
E00038171,72,17,4,13,55,42,13,23.61111111111111,5.555555555555555,18.055555555555554,76.38888888888889,58.333333333333336,18.055555555555554
E00038172,87,32,14,18,55,52,3,36.7816091954023,16.091954022988507,20.689655172413794,63.2183908045977,59.77011494252874,3.4482758620689653
E00038173,176,55,16,39,121,108,13,31.25,9.090909090909092,22.15909090909091,68.75,61.36363636363637,7.386363636363637
E00038174,104,31,14,17,73,64,9,29.807692307692307,13.461538461538462,16.346153846153847,70.1923076923077,61.53846153846154,8.653846153846153
E00038175,124,39,20,19,85,77,8,31.451612903225808,16.129032258064516,15.32258064516129,68.54838709677419,62.096774193548384,6.451612903225806
E00038177,55,15,7,8,40,34,6,27.27272727272727,12.727272727272727,14.545454545454545,72.72727272727273,61.81818181818181,10.909090909090908
E00038179,70,20,2,18,50,45,5,28.57142857142857,2.857142857142857,25.71428571428571,71.42857142857143,64.28571428571429,7.142857142857142
E00038180,127,33,7,26,94,83,11,25.984251968503933,5.511811023622047,20.47244094488189,74.01574803149606,65.35433070866141,8.661417322834646
E00038181,72,17,3,14,55,49,6,23.61111111111111,4.166666666666666,19.444444444444446,76.38888888888889,68.05555555555556,8.333333333333332
E00038182,134,50,19,31,84,71,13,37.3134328358209,14.17910447761194,23.134328358208954,62.68656716417911,52.98507462686567,9.701492537313433
E00038183,174,51,18,33,123,111,12,29.310344827586203,10.344827586206897,18.96551724137931,70.6896551724138,63.793103448275865,6.896551724137931
E00038184,145,56,17,39,89,82,7,38.62068965517241,11.724137931034482,26.89655172413793,61.37931034482759,56.55172413793104,4.827586206896552
E00038185,96,22,5,17,74,67,7,22.916666666666664,5.208333333333334,17.708333333333336,77.08333333333334,69.79166666666666,7.291666666666667
E00038186,128,29,7,22,99,88,11,22.65625,5.46875,17.1875,77.34375,68.75,8.59375
E00038187,150,48,9,39,102,86,16,32,6,26,68,57.333333333333336,10.666666666666668
E00038188,52,18,4,14,34,32,2,34.61538461538461,7.6923076923076925,26.923076923076923,65.38461538461539,61.53846153846154,3.8461538461538463
E00038189,109,32,9,23,77,71,6,29.357798165137616,8.256880733944955,21.100917431192663,70.64220183486239,65.13761467889908,5.5045871559633035
E00038190,88,31,8,23,57,49,8,35.22727272727273,9.090909090909092,26.136363636363637,64.77272727272727,55.68181818181818,9.090909090909092
E00038191,139,47,16,31,92,78,14,33.81294964028777,11.510791366906476,22.302158273381295,66.18705035971223,56.11510791366906,10.071942446043165
E00038192,147,39,10,29,108,99,9,26.53061224489796,6.802721088435375,19.727891156462583,73.46938775510205,67.3469387755102,6.122448979591836
E00038193,165,43,8,35,122,99,23,26.060606060606062,4.848484848484849,21.21212121212121,73.93939393939394,60,13.939393939393941
E00038194,101,41,15,26,60,55,5,40.5940594059406,14.85148514851485,25.742574257425744,59.4059405940594,54.45544554455446,4.9504950495049505
E00038196,106,37,6,31,69,62,7,34.90566037735849,5.660377358490567,29.245283018867923,65.09433962264151,58.490566037735846,6.60377358490566
E00038197,85,21,0,21,64,57,7,24.705882352941178,0,24.705882352941178,75.29411764705883,67.05882352941175,8.235294117647058
E00038198,106,33,15,18,73,59,14,31.132075471698112,14.150943396226415,16.9811320754717,68.86792452830188,55.660377358490564,13.20754716981132
E00038199,100,39,10,29,61,55,6,39,10,28.999999999999996,61,55.00000000000001,6
E00038200,90,21,5,16,69,64,5,23.333333333333332,5.555555555555555,17.77777777777778,76.66666666666667,71.11111111111111,5.555555555555555
E00038202,152,39,9,30,113,100,13,25.657894736842106,5.921052631578947,19.736842105263158,74.3421052631579,65.78947368421053,8.552631578947368
E00038203,65,18,3,15,47,39,8,27.692307692307693,4.615384615384616,23.076923076923077,72.3076923076923,60,12.307692307692308
E00038204,93,36,13,23,57,52,5,38.70967741935484,13.978494623655912,24.731182795698924,61.29032258064516,55.91397849462365,5.376344086021505
E00038205,134,37,14,23,97,86,11,27.611940298507463,10.44776119402985,17.16417910447761,72.38805970149254,64.17910447761194,8.208955223880597
E00038206,71,20,2,18,51,44,7,28.169014084507044,2.8169014084507045,25.352112676056336,71.83098591549296,61.97183098591549,9.859154929577464
E00038207,144,41,7,34,103,98,5,28.47222222222222,4.861111111111112,23.61111111111111,71.52777777777779,68.05555555555556,3.4722222222222223
E00038208,140,46,7,39,94,81,13,32.857142857142854,5,27.857142857142858,67.14285714285714,57.85714285714286,9.285714285714286
E00038209,163,42,15,27,121,99,22,25.766871165644172,9.202453987730062,16.56441717791411,74.23312883435584,60.73619631901841,13.496932515337424
E00038210,73,24,7,17,49,42,7,32.87671232876712,9.58904109589041,23.28767123287671,67.12328767123287,57.534246575342465,9.58904109589041
E00038211,157,42,16,26,115,106,9,26.751592356687897,10.191082802547772,16.560509554140125,73.24840764331209,67.51592356687898,5.7324840764331215
E00038212,138,40,12,28,98,85,13,28.985507246376812,8.695652173913043,20.28985507246377,71.01449275362319,61.59420289855072,9.420289855072465
E00038213,131,46,13,33,85,69,16,35.11450381679389,9.923664122137405,25.190839694656486,64.8854961832061,52.67175572519084,12.213740458015266
E00038214,148,43,10,33,105,90,15,29.054054054054053,6.756756756756757,22.2972972972973,70.94594594594594,60.810810810810814,10.135135135135135
E00038215,131,37,9,28,94,83,11,28.24427480916031,6.870229007633588,21.374045801526716,71.7557251908397,63.358778625954194,8.396946564885496
E00038216,122,27,6,21,95,79,16,22.131147540983605,4.918032786885246,17.21311475409836,77.8688524590164,64.75409836065575,13.114754098360656
E00038217,101,31,11,20,70,58,12,30.693069306930692,10.891089108910892,19.801980198019802,69.3069306930693,57.42574257425742,11.881188118811881
E00038218,153,46,15,31,107,85,22,30.065359477124183,9.803921568627452,20.26143790849673,69.93464052287581,55.55555555555556,14.37908496732026
E00038219,158,48,13,35,110,99,11,30.37974683544304,8.227848101265822,22.151898734177212,69.62025316455697,62.65822784810127,6.962025316455696
E00038220,133,41,10,31,92,79,13,30.82706766917293,7.518796992481203,23.308270676691727,69.17293233082707,59.3984962406015,9.774436090225564
E00038221,147,35,11,24,112,99,13,23.809523809523807,7.482993197278912,16.3265306122449,76.19047619047619,67.3469387755102,8.843537414965986
E00038222,96,28,3,25,68,59,9,29.166666666666668,3.125,26.041666666666668,70.83333333333334,61.458333333333336,9.375
E00038223,135,36,9,27,99,83,16,26.666666666666668,6.666666666666667,20,73.33333333333333,61.48148148148148,11.851851851851853
E00038224,151,54,17,37,97,89,8,35.76158940397351,11.258278145695364,24.503311258278146,64.23841059602648,58.94039735099338,5.298013245033113
E00038225,88,27,4,23,61,51,10,30.681818181818183,4.545454545454546,26.136363636363637,69.31818181818183,57.95454545454546,11.363636363636363
E00038226,150,44,11,33,106,100,6,29.333333333333332,7.333333333333333,22,70.66666666666667,66.66666666666666,4
E00038227,141,37,10,27,104,87,17,26.24113475177305,7.092198581560284,19.148936170212767,73.75886524822694,61.702127659574465,12.056737588652481
E00038228,130,39,7,32,91,79,12,30,5.384615384615385,24.615384615384617,70,60.76923076923077,9.230769230769232
E00038229,49,12,0,12,37,34,3,24.489795918367346,0,24.489795918367346,75.51020408163265,69.38775510204081,6.122448979591836
E00038230,115,41,18,23,74,67,7,35.65217391304348,15.65217391304348,20,64.34782608695652,58.26086956521739,6.086956521739131
E00038231,89,32,6,26,57,50,7,35.95505617977528,6.741573033707865,29.213483146067414,64.04494382022472,56.17977528089888,7.865168539325842
E00038232,107,34,7,27,73,62,11,31.775700934579437,6.5420560747663545,25.233644859813083,68.22429906542055,57.943925233644855,10.2803738317757
E00038233,148,38,17,21,110,80,30,25.675675675675674,11.486486486486488,14.18918918918919,74.32432432432432,54.054054054054056,20.27027027027027
E00038234,106,27,8,19,79,76,3,25.471698113207548,7.547169811320755,17.92452830188679,74.52830188679245,71.69811320754717,2.8301886792452833
E00038235,140,36,3,33,104,91,13,25.71428571428571,2.142857142857143,23.57142857142857,74.28571428571429,65,9.285714285714286
E00038236,141,38,14,24,103,88,15,26.95035460992908,9.929078014184398,17.02127659574468,73.04964539007092,62.4113475177305,10.638297872340425
E00038238,143,35,10,25,108,99,9,24.475524475524477,6.993006993006993,17.482517482517483,75.52447552447552,69.23076923076923,6.293706293706294
E00038239,160,31,8,23,129,117,12,19.375,5,14.374999999999998,80.625,73.125,7.5
E00038240,155,27,4,23,128,112,16,17.419354838709676,2.5806451612903225,14.838709677419354,82.58064516129032,72.25806451612902,10.32258064516129
E00038241,109,38,13,25,71,61,10,34.862385321100916,11.926605504587156,22.93577981651376,65.13761467889908,55.96330275229357,9.174311926605505
E00038242,99,26,8,18,73,66,7,26.262626262626267,8.080808080808081,18.181818181818183,73.73737373737373,66.66666666666666,7.07070707070707
E00038243,124,33,11,22,91,80,11,26.61290322580645,8.870967741935484,17.741935483870968,73.38709677419355,64.51612903225806,8.870967741935484
E00038244,101,24,6,18,77,66,11,23.762376237623762,5.9405940594059405,17.82178217821782,76.23762376237624,65.34653465346535,10.891089108910892
E00038245,128,35,12,23,93,79,14,27.34375,9.375,17.96875,72.65625,61.71875,10.9375
E00038246,126,42,11,31,84,70,14,33.33333333333333,8.73015873015873,24.6031746031746,66.66666666666666,55.55555555555556,11.11111111111111
E00038247,46,17,4,13,29,25,4,36.95652173913043,8.695652173913043,28.26086956521739,63.04347826086957,54.347826086956516,8.695652173913043
E00038248,129,45,15,30,84,76,8,34.883720930232556,11.627906976744185,23.25581395348837,65.11627906976744,58.91472868217055,6.2015503875969
E00038249,137,60,22,38,77,73,4,43.79562043795621,16.05839416058394,27.73722627737226,56.20437956204379,53.284671532846716,2.9197080291970803
E00038250,135,43,13,30,92,73,19,31.851851851851855,9.62962962962963,22.22222222222222,68.14814814814815,54.074074074074076,14.074074074074074
E00038251,112,35,11,24,77,72,5,31.25,9.821428571428571,21.428571428571427,68.75,64.28571428571429,4.464285714285714
E00038253,146,48,11,37,98,89,9,32.87671232876712,7.534246575342466,25.34246575342466,67.12328767123287,60.95890410958904,6.164383561643835
E00038254,125,28,7,21,97,85,12,22.400000000000002,5.6000000000000005,16.8,77.60000000000001,68,9.6
E00038255,171,51,18,33,120,103,17,29.82456140350877,10.526315789473683,19.298245614035086,70.17543859649122,60.23391812865497,9.941520467836257
E00038256,135,44,6,38,91,80,11,32.592592592592595,4.444444444444445,28.14814814814815,67.4074074074074,59.25925925925925,8.148148148148149
E00038257,121,34,5,29,87,74,13,28.09917355371901,4.132231404958678,23.96694214876033,71.900826446281,61.15702479338842,10.743801652892563
E00038258,127,35,7,28,92,79,13,27.559055118110237,5.511811023622047,22.04724409448819,72.44094488188976,62.20472440944882,10.236220472440944
E00038259,161,48,10,38,113,96,17,29.81366459627329,6.211180124223603,23.60248447204969,70.1863354037267,59.62732919254658,10.559006211180124
E00038260,143,50,11,39,93,79,14,34.96503496503497,7.6923076923076925,27.27272727272727,65.03496503496503,55.24475524475524,9.79020979020979
E00038261,98,26,4,22,72,58,14,26.53061224489796,4.081632653061225,22.448979591836736,73.46938775510205,59.183673469387756,14.285714285714285
E00038262,119,35,15,20,84,68,16,29.411764705882355,12.605042016806722,16.80672268907563,70.58823529411765,57.14285714285714,13.445378151260504
E00038263,106,29,11,18,77,68,9,27.358490566037734,10.377358490566039,16.9811320754717,72.64150943396226,64.15094339622641,8.49056603773585
E00038264,145,36,11,25,109,92,17,24.82758620689655,7.586206896551724,17.24137931034483,75.17241379310344,63.44827586206897,11.724137931034482
E00038265,127,34,10,24,93,76,17,26.77165354330709,7.874015748031496,18.89763779527559,73.22834645669292,59.84251968503938,13.385826771653544
E00038266,127,33,9,24,94,82,12,25.984251968503933,7.086614173228346,18.89763779527559,74.01574803149606,64.56692913385827,9.448818897637794
E00038267,89,20,5,15,69,61,8,22.47191011235955,5.617977528089887,16.853932584269664,77.52808988764045,68.53932584269663,8.98876404494382
E00038268,94,27,3,24,67,56,11,28.723404255319153,3.1914893617021276,25.53191489361702,71.27659574468085,59.57446808510638,11.702127659574469
E00038269,183,61,16,45,122,109,13,33.33333333333333,8.743169398907105,24.59016393442623,66.66666666666666,59.56284153005464,7.103825136612022
E00038270,157,32,13,19,125,106,19,20.382165605095544,8.280254777070063,12.101910828025478,79.61783439490446,67.51592356687898,12.101910828025478
E00038271,202,55,15,40,147,127,20,27.22772277227723,7.425742574257425,19.801980198019802,72.77227722772277,62.87128712871287,9.900990099009901
E00038272,210,63,17,46,147,123,24,30,8.095238095238095,21.904761904761905,70,58.57142857142858,11.428571428571429
E00038273,125,46,16,30,79,71,8,36.8,12.8,24,63.2,56.8,6.4
E00038274,167,40,13,27,127,99,28,23.952095808383234,7.784431137724551,16.16766467065868,76.04790419161677,59.281437125748504,16.766467065868262
E00038275,147,61,14,47,86,75,11,41.49659863945578,9.523809523809524,31.97278911564626,58.50340136054422,51.02040816326531,7.482993197278912
E00038276,162,32,10,22,130,107,23,19.753086419753085,6.172839506172839,13.580246913580247,80.24691358024691,66.0493827160494,14.19753086419753
E00038277,156,42,12,30,114,100,14,26.923076923076923,7.6923076923076925,19.230769230769234,73.07692307692307,64.1025641025641,8.974358974358974
E00038278,155,49,17,32,106,92,14,31.61290322580645,10.967741935483872,20.64516129032258,68.38709677419355,59.354838709677416,9.032258064516128
E00038279,167,45,12,33,122,110,12,26.94610778443114,7.18562874251497,19.760479041916167,73.05389221556887,65.86826347305389,7.18562874251497
E00038280,88,34,10,24,54,46,8,38.63636363636363,11.363636363636363,27.27272727272727,61.36363636363637,52.27272727272727,9.090909090909092
E00038281,130,39,10,29,91,77,14,30,7.6923076923076925,22.30769230769231,70,59.23076923076923,10.76923076923077
E00038282,153,42,18,24,111,97,14,27.450980392156865,11.76470588235294,15.686274509803921,72.54901960784314,63.39869281045751,9.15032679738562
E00038283,252,62,15,47,190,151,39,24.6031746031746,5.952380952380952,18.650793650793652,75.39682539682539,59.92063492063492,15.476190476190476
E00038284,96,31,6,25,65,57,8,32.29166666666667,6.25,26.041666666666668,67.70833333333334,59.375,8.333333333333332
E00038285,128,35,12,23,93,80,13,27.34375,9.375,17.96875,72.65625,62.5,10.15625
E00038286,126,30,9,21,96,85,11,23.809523809523807,7.142857142857142,16.666666666666664,76.19047619047619,67.46031746031747,8.73015873015873
E00038287,128,47,13,34,81,66,15,36.71875,10.15625,26.5625,63.28125,51.5625,11.71875
E00038288,100,39,17,22,61,49,12,39,17,22,61,49,12
E00038289,283,70,25,45,213,162,51,24.73498233215548,8.8339222614841,15.901060070671377,75.26501766784452,57.243816254416956,18.021201413427562
E00038290,235,74,33,41,161,109,52,31.48936170212766,14.042553191489363,17.4468085106383,68.51063829787233,46.38297872340426,22.127659574468083
E00038291,117,36,9,27,81,65,16,30.76923076923077,7.6923076923076925,23.076923076923077,69.23076923076923,55.55555555555556,13.675213675213676
E00038292,122,38,8,30,84,69,15,31.147540983606557,6.557377049180328,24.59016393442623,68.85245901639344,56.557377049180324,12.295081967213115
E00038293,52,18,6,12,34,28,6,34.61538461538461,11.538461538461538,23.076923076923077,65.38461538461539,53.84615384615385,11.538461538461538
E00038294,118,39,15,24,79,65,14,33.05084745762712,12.711864406779661,20.33898305084746,66.94915254237289,55.08474576271186,11.864406779661017
E00038295,141,44,15,29,97,84,13,31.20567375886525,10.638297872340425,20.56737588652482,68.79432624113475,59.57446808510638,9.219858156028367
E00038296,126,38,11,27,88,72,16,30.158730158730158,8.73015873015873,21.428571428571427,69.84126984126983,57.14285714285714,12.698412698412698
E00038297,108,33,7,26,75,60,15,30.555555555555557,6.481481481481481,24.074074074074073,69.44444444444444,55.55555555555556,13.88888888888889
E00038298,89,31,11,20,58,54,4,34.831460674157306,12.359550561797752,22.47191011235955,65.1685393258427,60.67415730337079,4.49438202247191
E00038299,105,35,12,23,70,56,14,33.33333333333333,11.428571428571429,21.904761904761905,66.66666666666666,53.333333333333336,13.333333333333334
E00038300,107,28,14,14,79,68,11,26.168224299065418,13.084112149532709,13.084112149532709,73.83177570093457,63.55140186915887,10.2803738317757
E00038301,102,30,7,23,72,65,7,29.411764705882355,6.862745098039216,22.54901960784314,70.58823529411765,63.725490196078425,6.862745098039216
E00038302,144,37,9,28,107,89,18,25.694444444444443,6.25,19.444444444444446,74.30555555555556,61.80555555555556,12.5
E00038303,126,37,8,29,89,74,15,29.365079365079367,6.349206349206349,23.015873015873016,70.63492063492063,58.730158730158735,11.904761904761903
E00038305,113,32,9,23,81,67,14,28.31858407079646,7.964601769911504,20.353982300884958,71.68141592920354,59.29203539823009,12.389380530973451
E00038306,124,38,9,29,86,73,13,30.64516129032258,7.258064516129033,23.387096774193548,69.35483870967742,58.87096774193549,10.483870967741936
E00038307,102,31,5,26,71,62,9,30.392156862745097,4.901960784313726,25.49019607843137,69.6078431372549,60.78431372549019,8.823529411764707
E00038308,87,27,8,19,60,50,10,31.03448275862069,9.195402298850574,21.839080459770116,68.96551724137932,57.47126436781609,11.494252873563218
E00038309,150,51,16,35,99,71,28,34,10.666666666666668,23.333333333333332,66,47.333333333333336,18.666666666666668
E00038310,101,23,8,15,78,72,6,22.772277227722775,7.920792079207921,14.85148514851485,77.22772277227723,71.28712871287128,5.9405940594059405
E00038311,141,45,12,33,96,85,11,31.914893617021278,8.51063829787234,23.404255319148938,68.08510638297872,60.28368794326241,7.801418439716312
E00038312,123,38,4,34,85,70,15,30.89430894308943,3.2520325203252036,27.64227642276423,69.10569105691057,56.91056910569105,12.195121951219512
E00038313,154,55,15,40,99,81,18,35.714285714285715,9.740259740259742,25.97402597402597,64.28571428571429,52.5974025974026,11.688311688311687
E00038314,194,80,24,56,114,95,19,41.23711340206185,12.371134020618557,28.865979381443296,58.76288659793815,48.96907216494845,9.793814432989691
E00038315,115,41,11,30,74,63,11,35.65217391304348,9.565217391304348,26.08695652173913,64.34782608695652,54.78260869565217,9.565217391304348
E00038316,171,53,16,37,118,93,25,30.994152046783626,9.35672514619883,21.637426900584796,69.00584795321637,54.385964912280706,14.619883040935672
E00038317,221,63,14,49,158,129,29,28.50678733031674,6.334841628959276,22.171945701357465,71.49321266968326,58.371040723981906,13.122171945701359
E00038318,117,28,7,21,89,74,15,23.931623931623932,5.982905982905983,17.94871794871795,76.06837606837607,63.24786324786324,12.82051282051282
E00038319,125,36,10,26,89,75,14,28.799999999999997,8,20.8,71.2,60,11.200000000000001
E00038320,121,30,9,21,91,75,16,24.793388429752067,7.43801652892562,17.355371900826448,75.20661157024794,61.98347107438017,13.223140495867769
E00038321,150,53,11,42,97,86,11,35.333333333333336,7.333333333333333,28.000000000000004,64.66666666666666,57.333333333333336,7.333333333333333
E00038322,118,33,11,22,85,75,10,27.966101694915253,9.322033898305085,18.64406779661017,72.03389830508475,63.559322033898304,8.47457627118644
E00038323,104,42,15,27,62,57,5,40.38461538461539,14.423076923076922,25.961538461538463,59.61538461538461,54.807692307692314,4.807692307692308
E00038324,147,55,15,40,92,77,15,37.41496598639456,10.204081632653061,27.2108843537415,62.585034013605444,52.38095238095239,10.204081632653061
E00038325,150,35,9,26,115,99,16,23.333333333333332,6,17.333333333333336,76.66666666666667,66,10.666666666666668
E00038326,116,42,8,34,74,71,3,36.206896551724135,6.896551724137931,29.310344827586203,63.793103448275865,61.206896551724135,2.586206896551724
E00038327,88,29,3,26,59,54,5,32.95454545454545,3.4090909090909087,29.545454545454547,67.04545454545455,61.36363636363637,5.681818181818182
E00038328,111,36,12,24,75,71,4,32.432432432432435,10.81081081081081,21.62162162162162,67.56756756756756,63.96396396396396,3.6036036036036037
E00038329,149,53,18,35,96,91,5,35.57046979865772,12.080536912751679,23.48993288590604,64.42953020134227,61.07382550335571,3.3557046979865772
E00038330,131,43,7,36,88,81,7,32.82442748091603,5.343511450381679,27.480916030534353,67.17557251908397,61.832061068702295,5.343511450381679
E00038331,187,61,16,45,126,113,13,32.62032085561498,8.55614973262032,24.06417112299465,67.37967914438502,60.42780748663101,6.951871657754011
E00038332,115,42,12,30,73,61,12,36.52173913043478,10.434782608695652,26.08695652173913,63.47826086956522,53.04347826086957,10.434782608695652
E00038333,120,36,10,26,84,79,5,30,8.333333333333332,21.666666666666668,70,65.83333333333333,4.166666666666666
E00038334,89,32,6,26,57,48,9,35.95505617977528,6.741573033707865,29.213483146067414,64.04494382022472,53.93258426966292,10.112359550561797
E00038335,144,35,11,24,109,86,23,24.305555555555554,7.638888888888889,16.666666666666664,75.69444444444444,59.72222222222222,15.972222222222221
E00038336,104,28,10,18,76,69,7,26.923076923076923,9.615384615384617,17.307692307692307,73.07692307692307,66.34615384615384,6.730769230769231
E00038337,140,38,7,31,102,90,12,27.142857142857142,5,22.142857142857142,72.85714285714285,64.28571428571429,8.571428571428571
E00038338,77,14,8,6,63,36,27,18.181818181818183,10.38961038961039,7.792207792207792,81.81818181818183,46.75324675324675,35.064935064935064
E00038339,145,38,11,27,107,97,10,26.20689655172414,7.586206896551724,18.620689655172416,73.79310344827587,66.89655172413794,6.896551724137931
E00038340,152,40,11,29,112,95,17,26.31578947368421,7.236842105263158,19.078947368421055,73.68421052631578,62.5,11.18421052631579
E00038341,120,54,8,46,66,57,9,45,6.666666666666667,38.333333333333336,55.00000000000001,47.5,7.5
E00038342,130,43,13,30,87,73,14,33.07692307692307,10,23.076923076923077,66.92307692307692,56.15384615384615,10.76923076923077
E00038343,116,42,12,30,74,59,15,36.206896551724135,10.344827586206897,25.862068965517242,63.793103448275865,50.86206896551724,12.931034482758621
E00038344,183,55,12,43,128,115,13,30.05464480874317,6.557377049180328,23.497267759562842,69.94535519125684,62.841530054644814,7.103825136612022
E00038345,161,51,17,34,110,92,18,31.67701863354037,10.559006211180124,21.11801242236025,68.32298136645963,57.14285714285714,11.180124223602485
E00038346,112,40,12,28,72,64,8,35.714285714285715,10.714285714285714,25,64.28571428571429,57.14285714285714,7.142857142857142
E00038347,169,41,12,29,128,115,13,24.2603550295858,7.100591715976331,17.159763313609467,75.7396449704142,68.04733727810651,7.6923076923076925
E00038348,136,41,15,26,95,86,9,30.14705882352941,11.029411764705882,19.11764705882353,69.85294117647058,63.23529411764706,6.61764705882353
E00038349,154,56,12,44,98,85,13,36.36363636363637,7.792207792207792,28.57142857142857,63.63636363636363,55.1948051948052,8.441558441558442
E00038350,156,41,11,30,115,99,16,26.282051282051285,7.051282051282051,19.230769230769234,73.71794871794873,63.46153846153846,10.256410256410255
E00038351,138,46,10,36,92,84,8,33.33333333333333,7.246376811594203,26.08695652173913,66.66666666666666,60.86956521739131,5.797101449275362
E00038352,119,41,12,29,78,71,7,34.45378151260504,10.084033613445378,24.369747899159663,65.54621848739495,59.66386554621849,5.88235294117647
E00038353,103,36,10,26,67,59,8,34.95145631067961,9.70873786407767,25.24271844660194,65.0485436893204,57.28155339805825,7.766990291262135
E00038354,152,47,13,34,105,88,17,30.92105263157895,8.552631578947368,22.36842105263158,69.07894736842105,57.89473684210527,11.18421052631579
E00038355,156,48,17,31,108,90,18,30.76923076923077,10.897435897435898,19.871794871794872,69.23076923076923,57.692307692307686,11.538461538461538
E00038356,103,35,22,13,68,60,8,33.980582524271846,21.35922330097087,12.62135922330097,66.01941747572816,58.252427184466015,7.766990291262135
E00038357,124,29,10,19,95,85,10,23.387096774193548,8.064516129032258,15.32258064516129,76.61290322580645,68.54838709677419,8.064516129032258
E00038358,114,29,9,20,85,75,10,25.438596491228072,7.894736842105263,17.543859649122805,74.56140350877193,65.78947368421053,8.771929824561402
E00038359,128,40,21,19,88,71,17,31.25,16.40625,14.84375,68.75,55.46875,13.28125
E00038360,111,26,6,20,85,78,7,23.423423423423422,5.405405405405405,18.01801801801802,76.57657657657657,70.27027027027027,6.306306306306306
E00038361,102,27,4,23,75,67,8,26.47058823529412,3.9215686274509802,22.54901960784314,73.52941176470588,65.68627450980392,7.8431372549019605
E00038362,132,53,9,44,79,73,6,40.15151515151515,6.8181818181818175,33.33333333333333,59.84848484848485,55.3030303030303,4.545454545454546
E00038363,152,42,14,28,110,96,14,27.631578947368425,9.210526315789473,18.421052631578945,72.36842105263158,63.1578947368421,9.210526315789473
E00038364,136,30,7,23,106,97,9,22.058823529411764,5.147058823529411,16.911764705882355,77.94117647058823,71.32352941176471,6.61764705882353
E00038365,113,34,13,21,79,68,11,30.08849557522124,11.504424778761061,18.58407079646018,69.91150442477876,60.17699115044248,9.734513274336283
E00038366,103,35,11,24,68,65,3,33.980582524271846,10.679611650485436,23.300970873786408,66.01941747572816,63.10679611650486,2.912621359223301
E00038367,108,36,9,27,72,60,12,33.33333333333333,8.333333333333332,25,66.66666666666666,55.55555555555556,11.11111111111111
E00038368,172,43,12,31,129,111,18,25,6.976744186046512,18.023255813953487,75,64.53488372093024,10.465116279069768
E00038369,139,42,14,28,97,82,15,30.215827338129497,10.071942446043165,20.14388489208633,69.7841726618705,58.992805755395686,10.79136690647482
E00038370,75,23,6,17,52,41,11,30.666666666666664,8,22.666666666666664,69.33333333333334,54.666666666666664,14.666666666666666
E00038371,91,28,6,22,63,60,3,30.76923076923077,6.593406593406594,24.175824175824175,69.23076923076923,65.93406593406593,3.296703296703297
E00038372,66,16,1,15,50,46,4,24.242424242424242,1.5151515151515151,22.727272727272727,75.75757575757575,69.6969696969697,6.0606060606060606
E00038373,111,30,7,23,81,76,5,27.027027027027028,6.306306306306306,20.72072072072072,72.97297297297297,68.46846846846847,4.504504504504505
E00038374,116,39,15,24,77,66,11,33.62068965517241,12.931034482758621,20.689655172413794,66.37931034482759,56.896551724137936,9.482758620689655
E00038375,58,19,3,16,39,36,3,32.758620689655174,5.172413793103448,27.586206896551722,67.24137931034483,62.06896551724138,5.172413793103448
E00038376,99,30,9,21,69,58,11,30.303030303030305,9.090909090909092,21.21212121212121,69.6969696969697,58.58585858585859,11.11111111111111
E00038377,98,33,18,15,65,57,8,33.6734693877551,18.367346938775512,15.306122448979592,66.3265306122449,58.16326530612245,8.16326530612245
E00038378,48,14,1,13,34,33,1,29.166666666666668,2.083333333333333,27.083333333333332,70.83333333333334,68.75,2.083333333333333
E00038379,151,54,16,38,97,86,11,35.76158940397351,10.596026490066226,25.165562913907287,64.23841059602648,56.95364238410596,7.28476821192053
E00038380,106,24,7,17,82,73,9,22.641509433962266,6.60377358490566,16.037735849056602,77.35849056603774,68.86792452830188,8.49056603773585
E00038381,145,47,15,32,98,86,12,32.41379310344827,10.344827586206897,22.06896551724138,67.58620689655173,59.310344827586206,8.275862068965518
E00038382,66,16,4,12,50,45,5,24.242424242424242,6.0606060606060606,18.181818181818183,75.75757575757575,68.18181818181817,7.575757575757576
E00038383,135,33,11,22,102,90,12,24.444444444444443,8.148148148148149,16.296296296296298,75.55555555555556,66.66666666666666,8.88888888888889
E00038384,139,46,12,34,93,74,19,33.093525179856115,8.633093525179856,24.46043165467626,66.90647482014388,53.23741007194245,13.66906474820144
E00038385,81,23,4,19,58,54,4,28.39506172839506,4.938271604938271,23.456790123456788,71.60493827160494,66.66666666666666,4.938271604938271
E00038386,128,53,14,39,75,63,12,41.40625,10.9375,30.46875,58.59375,49.21875,9.375
E00038387,37,14,4,10,23,17,6,37.83783783783784,10.81081081081081,27.027027027027028,62.16216216216216,45.94594594594595,16.216216216216218
E00038388,162,44,9,35,118,95,23,27.160493827160494,5.555555555555555,21.604938271604937,72.8395061728395,58.64197530864198,14.19753086419753
E00038389,104,37,9,28,67,62,5,35.57692307692308,8.653846153846153,26.923076923076923,64.42307692307693,59.61538461538461,4.807692307692308
E00038390,109,31,10,21,78,70,8,28.440366972477065,9.174311926605505,19.26605504587156,71.55963302752293,64.22018348623854,7.339449541284404
E00038392,77,18,6,12,59,53,6,23.376623376623375,7.792207792207792,15.584415584415584,76.62337662337663,68.83116883116884,7.792207792207792
E00038393,137,41,12,29,96,80,16,29.927007299270077,8.75912408759124,21.16788321167883,70.07299270072993,58.3941605839416,11.678832116788321
E00038394,102,29,9,20,73,61,12,28.431372549019606,8.823529411764707,19.607843137254903,71.56862745098039,59.80392156862745,11.76470588235294
E00038395,108,29,12,17,79,73,6,26.851851851851855,11.11111111111111,15.74074074074074,73.14814814814815,67.5925925925926,5.555555555555555
E00038396,128,37,4,33,91,77,14,28.90625,3.125,25.78125,71.09375,60.15625,10.9375
E00038397,84,26,7,19,58,50,8,30.952380952380953,8.333333333333332,22.61904761904762,69.04761904761905,59.523809523809526,9.523809523809524
E00038399,134,41,10,31,93,81,12,30.597014925373134,7.462686567164178,23.134328358208954,69.40298507462687,60.447761194029844,8.955223880597014
E00038400,162,40,13,27,122,103,19,24.691358024691358,8.024691358024691,16.666666666666664,75.30864197530865,63.580246913580254,11.728395061728394
E00038401,109,32,12,20,77,71,6,29.357798165137616,11.009174311926607,18.34862385321101,70.64220183486239,65.13761467889908,5.5045871559633035
E00038402,165,42,14,28,123,111,12,25.454545454545453,8.484848484848486,16.969696969696972,74.54545454545455,67.27272727272727,7.2727272727272725
E00038403,125,41,13,28,84,76,8,32.800000000000004,10.4,22.400000000000002,67.2,60.8,6.4
E00038404,73,19,6,13,54,47,7,26.027397260273972,8.21917808219178,17.80821917808219,73.97260273972603,64.38356164383562,9.58904109589041
E00038405,130,47,13,34,83,74,9,36.15384615384615,10,26.153846153846157,63.84615384615384,56.92307692307692,6.923076923076923
E00038406,229,54,15,39,175,155,20,23.580786026200872,6.550218340611353,17.03056768558952,76.41921397379913,67.68558951965066,8.73362445414847
E00038407,118,33,8,25,85,79,6,27.966101694915253,6.779661016949152,21.1864406779661,72.03389830508475,66.94915254237289,5.084745762711865
E00038410,127,26,7,19,101,82,19,20.47244094488189,5.511811023622047,14.960629921259844,79.52755905511812,64.56692913385827,14.960629921259844
E00038411,190,67,27,40,123,105,18,35.26315789473684,14.210526315789473,21.052631578947366,64.73684210526316,55.26315789473685,9.473684210526317
E00038412,128,49,10,39,79,68,11,38.28125,7.8125,30.46875,61.71875,53.125,8.59375
E00038413,111,27,10,17,84,72,12,24.324324324324326,9.00900900900901,15.315315315315313,75.67567567567568,64.86486486486487,10.81081081081081
E00038414,173,58,20,38,115,96,19,33.52601156069364,11.560693641618498,21.965317919075144,66.47398843930635,55.49132947976878,10.982658959537572
E00038415,115,48,22,26,67,51,16,41.73913043478261,19.130434782608695,22.608695652173914,58.26086956521739,44.34782608695652,13.91304347826087
E00038416,120,39,22,17,81,64,17,32.5,18.333333333333332,14.166666666666666,67.5,53.333333333333336,14.166666666666666
E00038417,72,32,13,19,40,33,7,44.44444444444444,18.055555555555554,26.38888888888889,55.55555555555556,45.83333333333333,9.722222222222223
E00038418,75,23,7,16,52,46,6,30.666666666666664,9.333333333333334,21.333333333333336,69.33333333333334,61.33333333333333,8
E00038419,186,61,11,50,125,104,21,32.795698924731184,5.913978494623656,26.881720430107524,67.20430107526882,55.91397849462365,11.29032258064516
E00038420,202,71,19,52,131,109,22,35.148514851485146,9.405940594059405,25.742574257425744,64.85148514851485,53.960396039603964,10.891089108910892
E00038421,170,51,15,36,119,106,13,30,8.823529411764707,21.176470588235293,70,62.35294117647059,7.647058823529412
E00038422,95,30,11,19,65,57,8,31.57894736842105,11.578947368421053,20,68.42105263157895,60,8.421052631578947
E00038423,175,50,13,37,125,110,15,28.57142857142857,7.428571428571429,21.142857142857142,71.42857142857143,62.857142857142854,8.571428571428571
E00038424,132,36,14,22,96,86,10,27.27272727272727,10.606060606060606,16.666666666666664,72.72727272727273,65.15151515151516,7.575757575757576
E00038425,98,19,5,14,79,63,16,19.387755102040817,5.1020408163265305,14.285714285714285,80.61224489795919,64.28571428571429,16.3265306122449
E00038426,84,21,4,17,63,47,16,25,4.761904761904762,20.238095238095237,75,55.952380952380956,19.047619047619047
E00038427,86,24,7,17,62,42,20,27.906976744186046,8.13953488372093,19.767441860465116,72.09302325581395,48.837209302325576,23.25581395348837
E00038428,102,37,16,21,65,54,11,36.27450980392157,15.686274509803921,20.588235294117645,63.725490196078425,52.94117647058824,10.784313725490197
E00038429,113,37,11,26,76,55,21,32.743362831858406,9.734513274336283,23.008849557522122,67.2566371681416,48.67256637168141,18.58407079646018
E00038430,101,31,10,21,70,51,19,30.693069306930692,9.900990099009901,20.792079207920793,69.3069306930693,50.495049504950494,18.81188118811881
E00038431,80,20,5,15,60,49,11,25,6.25,18.75,75,61.25000000000001,13.750000000000002
E00038432,234,54,15,39,180,159,21,23.076923076923077,6.41025641025641,16.666666666666664,76.92307692307693,67.94871794871796,8.974358974358974
E00038433,137,35,13,22,102,91,11,25.547445255474454,9.48905109489051,16.05839416058394,74.45255474452554,66.42335766423358,8.02919708029197
E00038434,162,46,11,35,116,103,13,28.39506172839506,6.790123456790123,21.604938271604937,71.60493827160494,63.580246913580254,8.024691358024691
E00038435,167,48,13,35,119,108,11,28.74251497005988,7.784431137724551,20.958083832335326,71.25748502994011,64.67065868263472,6.58682634730539
E00038436,123,30,8,22,93,78,15,24.390243902439025,6.504065040650407,17.88617886178862,75.60975609756098,63.41463414634146,12.195121951219512
E00038437,117,34,10,24,83,70,13,29.059829059829063,8.547008547008547,20.51282051282051,70.94017094017094,59.82905982905983,11.11111111111111
E00038438,166,50,5,45,116,96,20,30.120481927710845,3.0120481927710845,27.10843373493976,69.87951807228916,57.831325301204814,12.048192771084338
E00038439,181,50,16,34,131,118,13,27.624309392265197,8.83977900552486,18.784530386740332,72.37569060773481,65.19337016574586,7.18232044198895
E00038440,161,49,12,37,112,93,19,30.434782608695656,7.453416149068323,22.981366459627328,69.56521739130434,57.7639751552795,11.801242236024844
E00038441,133,35,10,25,98,86,12,26.31578947368421,7.518796992481203,18.796992481203006,73.68421052631578,64.66165413533834,9.022556390977442
E00038442,182,56,18,38,126,108,18,30.76923076923077,9.89010989010989,20.87912087912088,69.23076923076923,59.34065934065934,9.89010989010989
E00038443,139,46,15,31,93,85,8,33.093525179856115,10.79136690647482,22.302158273381295,66.90647482014388,61.15107913669065,5.755395683453238
E00038444,103,26,4,22,77,66,11,25.24271844660194,3.8834951456310676,21.35922330097087,74.75728155339806,64.07766990291263,10.679611650485436
E00038445,108,34,11,23,74,62,12,31.48148148148148,10.185185185185185,21.296296296296298,68.51851851851852,57.407407407407405,11.11111111111111
E00038446,144,42,17,25,102,89,13,29.166666666666668,11.805555555555555,17.36111111111111,70.83333333333334,61.80555555555556,9.027777777777777
E00038447,161,42,16,26,119,102,17,26.08695652173913,9.937888198757763,16.149068322981368,73.91304347826086,63.35403726708074,10.559006211180124
E00038448,112,35,10,25,77,61,16,31.25,8.928571428571429,22.321428571428573,68.75,54.46428571428571,14.285714285714285
E00038449,192,47,13,34,145,131,14,24.479166666666664,6.770833333333333,17.708333333333336,75.52083333333334,68.22916666666666,7.291666666666667
E00038450,134,50,24,26,84,68,16,37.3134328358209,17.91044776119403,19.402985074626866,62.68656716417911,50.74626865671642,11.940298507462686
E00038451,171,50,6,44,121,103,18,29.239766081871345,3.508771929824561,25.730994152046783,70.76023391812866,60.23391812865497,10.526315789473683
E00038452,137,38,16,22,99,83,16,27.73722627737226,11.678832116788321,16.05839416058394,72.26277372262774,60.58394160583942,11.678832116788321
E00038453,61,21,4,17,40,35,5,34.42622950819672,6.557377049180328,27.86885245901639,65.57377049180327,57.377049180327866,8.19672131147541
E00038454,125,42,9,33,83,63,20,33.6,7.199999999999999,26.400000000000002,66.4,50.4,16
E00038455,150,55,5,50,95,87,8,36.666666666666664,3.3333333333333335,33.33333333333333,63.33333333333333,57.99999999999999,5.333333333333334
E00038456,51,13,3,10,38,30,8,25.49019607843137,5.88235294117647,19.607843137254903,74.50980392156863,58.82352941176471,15.686274509803921
E00038458,168,54,16,38,114,104,10,32.142857142857146,9.523809523809524,22.61904761904762,67.85714285714286,61.904761904761905,5.952380952380952
E00038459,97,29,5,24,68,55,13,29.896907216494846,5.154639175257731,24.742268041237114,70.10309278350515,56.70103092783505,13.402061855670103
E00038460,138,42,5,37,96,87,9,30.434782608695656,3.6231884057971016,26.811594202898554,69.56521739130434,63.04347826086957,6.521739130434782
E00038461,219,55,21,34,164,134,30,25.11415525114155,9.58904109589041,15.52511415525114,74.88584474885845,61.18721461187214,13.698630136986301
E00038462,71,28,5,23,43,35,8,39.436619718309856,7.042253521126761,32.3943661971831,60.56338028169014,49.29577464788733,11.267605633802818
E00038463,124,38,8,30,86,75,11,30.64516129032258,6.451612903225806,24.193548387096776,69.35483870967742,60.483870967741936,8.870967741935484
E00038464,122,36,16,20,86,71,15,29.508196721311474,13.114754098360656,16.39344262295082,70.49180327868852,58.19672131147541,12.295081967213115
E00038465,193,61,12,49,132,109,23,31.606217616580313,6.217616580310881,25.38860103626943,68.39378238341969,56.476683937823836,11.917098445595855
E00038466,121,39,9,30,82,67,15,32.231404958677686,7.43801652892562,24.793388429752067,67.76859504132231,55.371900826446286,12.396694214876034
E00038467,158,44,11,33,114,96,18,27.848101265822784,6.962025316455696,20.88607594936709,72.15189873417721,60.75949367088608,11.39240506329114
E00038468,136,38,11,27,98,89,9,27.941176470588236,8.088235294117647,19.852941176470587,72.05882352941177,65.44117647058823,6.61764705882353
E00038469,166,43,10,33,123,109,14,25.903614457831324,6.024096385542169,19.879518072289155,74.09638554216868,65.66265060240963,8.433734939759036
E00038470,154,49,11,38,105,86,19,31.818181818181817,7.142857142857142,24.675324675324674,68.18181818181817,55.84415584415584,12.337662337662337
E00038471,124,34,13,21,90,74,16,27.419354838709676,10.483870967741936,16.93548387096774,72.58064516129032,59.67741935483871,12.903225806451612
E00038472,145,45,16,29,100,85,15,31.03448275862069,11.03448275862069,20,68.96551724137932,58.620689655172406,10.344827586206897
E00038473,127,43,7,36,84,74,10,33.85826771653544,5.511811023622047,28.346456692913385,66.14173228346458,58.26771653543307,7.874015748031496
E00038474,115,30,7,23,85,76,9,26.08695652173913,6.086956521739131,20,73.91304347826086,66.08695652173913,7.82608695652174
E00038475,112,26,10,16,86,68,18,23.214285714285715,8.928571428571429,14.285714285714285,76.78571428571429,60.71428571428571,16.071428571428573
E00038476,111,36,9,27,75,66,9,32.432432432432435,8.108108108108109,24.324324324324326,67.56756756756756,59.45945945945946,8.108108108108109
E00038477,151,33,11,22,118,94,24,21.85430463576159,7.28476821192053,14.56953642384106,78.1456953642384,62.251655629139066,15.894039735099339
E00038478,131,42,13,29,89,67,22,32.06106870229007,9.923664122137405,22.137404580152673,67.93893129770993,51.14503816793893,16.793893129770993
E00038479,114,23,8,15,91,81,10,20.175438596491226,7.017543859649122,13.157894736842104,79.82456140350878,71.05263157894737,8.771929824561402
E00038480,174,43,7,36,131,106,25,24.71264367816092,4.022988505747127,20.689655172413794,75.28735632183908,60.91954022988506,14.367816091954023
E00038481,110,39,13,26,71,67,4,35.45454545454545,11.818181818181818,23.636363636363637,64.54545454545455,60.909090909090914,3.6363636363636362
E00038482,144,50,14,36,94,81,13,34.72222222222222,9.722222222222223,25,65.27777777777779,56.25,9.027777777777777
E00038483,57,13,4,9,44,39,5,22.807017543859647,7.017543859649122,15.789473684210526,77.19298245614034,68.42105263157895,8.771929824561402
E00038484,119,40,9,31,79,60,19,33.61344537815126,7.563025210084033,26.05042016806723,66.38655462184873,50.42016806722689,15.966386554621847
E00038485,221,56,12,44,165,140,25,25.339366515837103,5.429864253393665,19.90950226244344,74.6606334841629,63.348416289592755,11.312217194570136
E00038486,129,32,7,25,97,87,10,24.8062015503876,5.426356589147287,19.379844961240313,75.1937984496124,67.44186046511628,7.751937984496124
E00038487,158,49,11,38,109,100,9,31.0126582278481,6.962025316455696,24.050632911392405,68.9873417721519,63.29113924050633,5.69620253164557
E00038489,157,53,11,42,104,86,18,33.75796178343949,7.006369426751593,26.751592356687897,66.2420382165605,54.77707006369427,11.464968152866243
E00038490,103,37,8,29,66,57,9,35.92233009708738,7.766990291262135,28.155339805825243,64.07766990291263,55.33980582524271,8.737864077669903
E00038491,119,47,10,37,72,59,13,39.49579831932773,8.403361344537815,31.092436974789916,60.50420168067227,49.57983193277311,10.92436974789916
E00038492,139,38,6,32,101,83,18,27.33812949640288,4.316546762589928,23.021582733812952,72.66187050359713,59.71223021582733,12.949640287769784
E00038493,124,32,13,19,92,84,8,25.806451612903224,10.483870967741936,15.32258064516129,74.19354838709677,67.74193548387096,6.451612903225806
E00038494,132,33,5,28,99,82,17,25,3.787878787878788,21.21212121212121,75,62.121212121212125,12.878787878787879
E00038495,126,44,12,32,82,72,10,34.92063492063492,9.523809523809524,25.396825396825395,65.07936507936508,57.14285714285714,7.936507936507936
E00038496,149,49,13,36,100,84,16,32.88590604026846,8.724832214765101,24.161073825503358,67.11409395973155,56.375838926174495,10.738255033557047
E00038497,120,32,5,27,88,74,14,26.666666666666668,4.166666666666666,22.5,73.33333333333333,61.66666666666667,11.666666666666666
E00038498,118,38,6,32,80,72,8,32.20338983050847,5.084745762711865,27.11864406779661,67.79661016949152,61.016949152542374,6.779661016949152
E00038499,124,39,12,27,85,73,12,31.451612903225808,9.67741935483871,21.774193548387096,68.54838709677419,58.87096774193549,9.67741935483871
E00038500,121,37,10,27,84,70,14,30.57851239669421,8.264462809917356,22.31404958677686,69.42148760330579,57.85123966942148,11.570247933884298
E00038501,135,39,9,30,96,77,19,28.888888888888886,6.666666666666667,22.22222222222222,71.11111111111111,57.03703703703704,14.074074074074074
E00038502,136,48,9,39,88,79,9,35.294117647058826,6.61764705882353,28.676470588235293,64.70588235294117,58.08823529411765,6.61764705882353
E00038503,99,39,13,26,60,54,6,39.39393939393939,13.131313131313133,26.262626262626267,60.60606060606061,54.54545454545454,6.0606060606060606
E00038504,101,38,7,31,63,57,6,37.62376237623762,6.9306930693069315,30.693069306930692,62.37623762376238,56.43564356435643,5.9405940594059405
E00038505,279,77,34,43,202,167,35,27.598566308243726,12.186379928315413,15.412186379928317,72.40143369175627,59.85663082437276,12.544802867383511
E00038506,100,28,10,18,72,66,6,28.000000000000004,10,18,72,66,6
E00038507,78,21,3,18,57,52,5,26.923076923076923,3.8461538461538463,23.076923076923077,73.07692307692307,66.66666666666666,6.41025641025641
E00038508,181,58,18,40,123,101,22,32.04419889502763,9.94475138121547,22.099447513812155,67.95580110497238,55.80110497237569,12.154696132596685
E00038509,139,36,17,19,103,87,16,25.899280575539567,12.23021582733813,13.66906474820144,74.10071942446042,62.589928057553955,11.510791366906476
E00038510,171,50,24,26,121,90,31,29.239766081871345,14.035087719298245,15.204678362573098,70.76023391812866,52.63157894736842,18.128654970760234
E00038511,110,30,8,22,80,63,17,27.27272727272727,7.2727272727272725,20,72.72727272727273,57.27272727272727,15.454545454545453
E00038512,118,32,10,22,86,67,19,27.11864406779661,8.47457627118644,18.64406779661017,72.88135593220339,56.779661016949156,16.101694915254235
E00038513,160,51,16,35,109,84,25,31.874999999999996,10,21.875,68.125,52.5,15.625
E00038514,142,45,13,32,97,84,13,31.690140845070424,9.15492957746479,22.535211267605636,68.30985915492957,59.154929577464785,9.15492957746479
E00038515,122,50,14,36,72,58,14,40.98360655737705,11.475409836065573,29.508196721311474,59.01639344262295,47.540983606557376,11.475409836065573
E00038516,116,38,12,26,78,62,16,32.758620689655174,10.344827586206897,22.413793103448278,67.24137931034483,53.44827586206896,13.793103448275861
E00038517,114,27,7,20,87,74,13,23.684210526315788,6.140350877192982,17.543859649122805,76.31578947368422,64.91228070175438,11.403508771929824
E00038518,149,41,12,29,108,85,23,27.516778523489933,8.053691275167784,19.463087248322147,72.48322147651007,57.04697986577181,15.436241610738255
E00038520,105,37,8,29,68,57,11,35.23809523809524,7.6190476190476195,27.61904761904762,64.76190476190476,54.285714285714285,10.476190476190476
E00038521,324,85,25,60,239,198,41,26.234567901234566,7.716049382716049,18.51851851851852,73.76543209876543,61.111111111111114,12.654320987654321
E00038522,315,83,27,56,232,194,38,26.34920634920635,8.571428571428571,17.77777777777778,73.65079365079366,61.58730158730159,12.063492063492063
E00038524,120,43,16,27,77,68,9,35.833333333333336,13.333333333333334,22.5,64.16666666666667,56.666666666666664,7.5
E00038525,117,28,8,20,89,79,10,23.931623931623932,6.837606837606838,17.094017094017094,76.06837606837607,67.52136752136752,8.547008547008547
E00038526,86,28,9,19,58,50,8,32.55813953488372,10.465116279069768,22.093023255813954,67.44186046511628,58.139534883720934,9.30232558139535
E00038527,229,59,9,50,170,151,19,25.76419213973799,3.9301310043668125,21.83406113537118,74.235807860262,65.93886462882097,8.296943231441048
E00038530,121,37,15,22,84,73,11,30.57851239669421,12.396694214876034,18.181818181818183,69.42148760330579,60.33057851239669,9.090909090909092
E00038531,122,35,10,25,87,69,18,28.688524590163933,8.19672131147541,20.491803278688526,71.31147540983606,56.557377049180324,14.754098360655737
E00038532,152,38,6,32,114,89,25,25,3.9473684210526314,21.052631578947366,75,58.55263157894737,16.447368421052634
E00038533,123,33,11,22,90,69,21,26.82926829268293,8.94308943089431,17.88617886178862,73.17073170731707,56.09756097560976,17.073170731707318
E00038534,145,50,20,30,95,79,16,34.48275862068966,13.793103448275861,20.689655172413794,65.51724137931035,54.48275862068965,11.03448275862069
E00038535,81,25,9,16,56,48,8,30.864197530864196,11.11111111111111,19.753086419753085,69.1358024691358,59.25925925925925,9.876543209876543
E00038536,263,83,28,55,180,136,44,31.55893536121673,10.646387832699618,20.912547528517113,68.44106463878326,51.71102661596958,16.730038022813687
E00038537,165,42,16,26,123,96,27,25.454545454545453,9.696969696969697,15.757575757575756,74.54545454545455,58.18181818181818,16.363636363636363
E00038538,85,36,16,20,49,45,4,42.35294117647059,18.823529411764707,23.52941176470588,57.647058823529406,52.94117647058824,4.705882352941177
E00038539,161,46,21,25,115,98,17,28.57142857142857,13.043478260869565,15.527950310559005,71.42857142857143,60.86956521739131,10.559006211180124
E00038540,150,38,15,23,112,96,16,25.333333333333336,10,15.333333333333332,74.66666666666667,64,10.666666666666668
E00038541,134,37,11,26,97,85,12,27.611940298507463,8.208955223880597,19.402985074626866,72.38805970149254,63.43283582089553,8.955223880597014
E00038542,240,47,18,29,193,153,40,19.583333333333332,7.5,12.083333333333334,80.41666666666667,63.74999999999999,16.666666666666664
E00038543,141,46,16,30,95,78,17,32.62411347517731,11.347517730496454,21.27659574468085,67.37588652482269,55.319148936170215,12.056737588652481
E00038544,107,26,6,20,81,67,14,24.299065420560748,5.607476635514018,18.69158878504673,75.70093457943925,62.616822429906534,13.084112149532709
E00038545,237,59,17,42,178,146,32,24.894514767932492,7.172995780590717,17.72151898734177,75.10548523206751,61.60337552742617,13.502109704641349
E00038546,170,48,13,35,122,109,13,28.235294117647058,7.647058823529412,20.588235294117645,71.76470588235294,64.11764705882354,7.647058823529412
E00038547,117,34,8,26,83,71,12,29.059829059829063,6.837606837606838,22.22222222222222,70.94017094017094,60.68376068376068,10.256410256410255
E00038548,121,42,21,21,79,63,16,34.710743801652896,17.355371900826448,17.355371900826448,65.28925619834712,52.066115702479344,13.223140495867769
E00038550,125,34,13,21,91,68,23,27.200000000000003,10.4,16.8,72.8,54.400000000000006,18.4
E00038551,223,59,16,43,164,126,38,26.45739910313901,7.174887892376682,19.282511210762333,73.54260089686099,56.502242152466366,17.040358744394617
E00038552,101,31,10,21,70,64,6,30.693069306930692,9.900990099009901,20.792079207920793,69.3069306930693,63.366336633663366,5.9405940594059405
E00038553,130,44,13,31,86,76,10,33.84615384615385,10,23.846153846153847,66.15384615384615,58.46153846153847,7.6923076923076925
E00038554,123,41,12,29,82,70,12,33.33333333333333,9.75609756097561,23.577235772357724,66.66666666666666,56.91056910569105,9.75609756097561
E00038555,233,59,20,39,174,146,28,25.321888412017167,8.583690987124463,16.738197424892704,74.67811158798283,62.66094420600859,12.017167381974248
E00038556,123,32,6,26,91,70,21,26.01626016260163,4.878048780487805,21.138211382113823,73.98373983739837,56.91056910569105,17.073170731707318
E00038557,224,59,21,38,165,126,39,26.339285714285715,9.375,16.964285714285715,73.66071428571429,56.25,17.410714285714285
E00038558,178,50,10,40,128,108,20,28.08988764044944,5.617977528089887,22.47191011235955,71.91011235955057,60.67415730337079,11.235955056179774
E00038559,113,33,6,27,80,63,17,29.20353982300885,5.3097345132743365,23.893805309734514,70.79646017699115,55.75221238938053,15.04424778761062
E00038560,114,27,7,20,87,69,18,23.684210526315788,6.140350877192982,17.543859649122805,76.31578947368422,60.526315789473685,15.789473684210526
E00038561,101,31,7,24,70,61,9,30.693069306930692,6.9306930693069315,23.762376237623762,69.3069306930693,60.396039603960396,8.91089108910891
E00038562,140,37,13,24,103,95,8,26.42857142857143,9.285714285714286,17.142857142857142,73.57142857142858,67.85714285714286,5.714285714285714
E00038563,98,30,2,28,68,54,14,30.612244897959183,2.0408163265306123,28.57142857142857,69.38775510204081,55.10204081632652,14.285714285714285
E00038564,168,43,17,26,125,92,33,25.595238095238095,10.119047619047619,15.476190476190476,74.40476190476191,54.761904761904766,19.642857142857142
E00038565,124,32,14,18,92,72,20,25.806451612903224,11.29032258064516,14.516129032258066,74.19354838709677,58.06451612903226,16.129032258064516
E00038566,123,36,14,22,87,69,18,29.268292682926827,11.38211382113821,17.88617886178862,70.73170731707317,56.09756097560976,14.634146341463413
E00038567,108,31,11,20,77,64,13,28.703703703703702,10.185185185185185,18.51851851851852,71.29629629629629,59.25925925925925,12.037037037037036
E00038568,78,20,5,15,58,45,13,25.64102564102564,6.41025641025641,19.230769230769234,74.35897435897436,57.692307692307686,16.666666666666664
E00038569,94,21,4,17,73,59,14,22.340425531914892,4.25531914893617,18.085106382978726,77.6595744680851,62.76595744680851,14.893617021276595
E00038570,110,31,15,16,79,60,19,28.18181818181818,13.636363636363635,14.545454545454545,71.81818181818181,54.54545454545454,17.272727272727273
E00038571,63,16,4,12,47,40,7,25.396825396825395,6.349206349206349,19.047619047619047,74.60317460317461,63.49206349206349,11.11111111111111
E00038572,135,40,7,33,95,83,12,29.629629629629626,5.185185185185185,24.444444444444443,70.37037037037037,61.48148148148148,8.88888888888889
E00038573,145,42,16,26,103,81,22,28.965517241379313,11.03448275862069,17.93103448275862,71.03448275862068,55.86206896551724,15.172413793103448
E00038574,76,25,8,17,51,50,1,32.89473684210527,10.526315789473683,22.36842105263158,67.10526315789474,65.78947368421053,1.3157894736842104
E00038575,133,40,9,31,93,79,14,30.075187969924812,6.7669172932330826,23.308270676691727,69.92481203007519,59.3984962406015,10.526315789473683
E00038576,192,55,14,41,137,118,19,28.645833333333332,7.291666666666667,21.354166666666664,71.35416666666666,61.458333333333336,9.895833333333332
E00038577,152,41,15,26,111,92,19,26.973684210526315,9.868421052631579,17.105263157894736,73.02631578947368,60.526315789473685,12.5
E00038578,117,39,14,25,78,56,22,33.33333333333333,11.965811965811966,21.367521367521366,66.66666666666666,47.863247863247864,18.803418803418804
E00038579,171,45,16,29,126,99,27,26.31578947368421,9.35672514619883,16.95906432748538,73.68421052631578,57.89473684210527,15.789473684210526
E00038580,86,23,8,15,63,51,12,26.744186046511626,9.30232558139535,17.441860465116278,73.25581395348837,59.30232558139535,13.953488372093023
E00038581,136,43,12,31,93,80,13,31.61764705882353,8.823529411764707,22.794117647058822,68.38235294117648,58.82352941176471,9.558823529411764
E00038582,205,62,17,45,143,114,29,30.24390243902439,8.292682926829269,21.951219512195124,69.7560975609756,55.60975609756098,14.146341463414632
E00038583,206,52,15,37,154,118,36,25.24271844660194,7.281553398058252,17.96116504854369,74.75728155339806,57.28155339805825,17.475728155339805
E00038584,177,39,12,27,138,106,32,22.033898305084744,6.779661016949152,15.254237288135593,77.96610169491525,59.887005649717516,18.07909604519774
E00038585,144,42,12,30,102,88,14,29.166666666666668,8.333333333333332,20.833333333333336,70.83333333333334,61.111111111111114,9.722222222222223
E00038586,125,26,7,19,99,73,26,20.8,5.6000000000000005,15.2,79.2,58.4,20.8
E00038587,161,52,9,43,109,83,26,32.298136645962735,5.590062111801243,26.70807453416149,67.70186335403726,51.5527950310559,16.149068322981368
E00038588,115,37,16,21,78,59,19,32.17391304347826,13.91304347826087,18.26086956521739,67.82608695652173,51.30434782608696,16.52173913043478
E00038589,52,16,3,13,36,33,3,30.76923076923077,5.769230769230769,25,69.23076923076923,63.46153846153846,5.769230769230769
E00038590,120,29,12,17,91,72,19,24.166666666666668,10,14.166666666666666,75.83333333333333,60,15.833333333333332
E00038591,114,40,18,22,74,57,17,35.08771929824561,15.789473684210526,19.298245614035086,64.91228070175438,50,14.912280701754385
E00038592,152,46,15,31,106,94,12,30.263157894736842,9.868421052631579,20.394736842105264,69.73684210526315,61.8421052631579,7.894736842105263
E00038593,127,37,9,28,90,69,21,29.133858267716533,7.086614173228346,22.04724409448819,70.86614173228347,54.330708661417326,16.535433070866144
E00038594,103,33,13,20,70,57,13,32.038834951456316,12.62135922330097,19.41747572815534,67.96116504854369,55.33980582524271,12.62135922330097
E00038595,119,37,14,23,82,67,15,31.092436974789916,11.76470588235294,19.327731092436977,68.90756302521008,56.30252100840336,12.605042016806722
E00038596,67,17,5,12,50,43,7,25.37313432835821,7.462686567164178,17.91044776119403,74.6268656716418,64.17910447761194,10.44776119402985
E00038597,68,20,9,11,48,29,19,29.411764705882355,13.23529411764706,16.176470588235293,70.58823529411765,42.64705882352941,27.941176470588236
E00038598,94,37,13,24,57,47,10,39.361702127659576,13.829787234042554,25.53191489361702,60.63829787234043,50,10.638297872340425
E00038599,123,34,12,22,89,71,18,27.64227642276423,9.75609756097561,17.88617886178862,72.35772357723577,57.72357723577236,14.634146341463413
E00038600,70,22,8,14,48,37,11,31.428571428571427,11.428571428571429,20,68.57142857142857,52.85714285714286,15.714285714285714
E00038601,138,41,12,29,97,73,24,29.71014492753623,8.695652173913043,21.014492753623188,70.28985507246377,52.89855072463768,17.391304347826086
E00038602,80,29,12,17,51,37,14,36.25,15,21.25,63.74999999999999,46.25,17.5
E00038603,119,28,13,15,91,64,27,23.52941176470588,10.92436974789916,12.605042016806722,76.47058823529412,53.78151260504202,22.689075630252102
E00038604,84,28,13,15,56,41,15,33.33333333333333,15.476190476190476,17.857142857142858,66.66666666666666,48.80952380952381,17.857142857142858
E00038605,100,30,8,22,70,58,12,30,8,22,70,57.99999999999999,12
E00038606,113,32,12,20,81,62,19,28.31858407079646,10.619469026548673,17.699115044247787,71.68141592920354,54.86725663716814,16.8141592920354
E00038607,102,24,8,16,78,66,12,23.52941176470588,7.8431372549019605,15.686274509803921,76.47058823529412,64.70588235294117,11.76470588235294
E00038608,123,44,21,23,79,60,19,35.77235772357724,17.073170731707318,18.69918699186992,64.22764227642277,48.78048780487805,15.447154471544716
E00038609,137,36,7,29,101,85,16,26.277372262773724,5.109489051094891,21.16788321167883,73.72262773722628,62.04379562043796,11.678832116788321
E00038610,137,41,10,31,96,84,12,29.927007299270077,7.2992700729927,22.62773722627737,70.07299270072993,61.31386861313869,8.75912408759124
E00038611,256,60,16,44,196,169,27,23.4375,6.25,17.1875,76.5625,66.015625,10.546875
E00038612,123,35,12,23,88,73,15,28.455284552845526,9.75609756097561,18.69918699186992,71.54471544715447,59.34959349593496,12.195121951219512
E00038613,72,23,7,16,49,47,2,31.944444444444443,9.722222222222223,22.22222222222222,68.05555555555556,65.27777777777779,2.7777777777777777
E00038614,129,42,15,27,87,71,16,32.55813953488372,11.627906976744185,20.930232558139537,67.44186046511628,55.03875968992248,12.4031007751938
E00038615,102,39,8,31,63,51,12,38.23529411764706,7.8431372549019605,30.392156862745097,61.76470588235294,50,11.76470588235294
E00038616,122,34,12,22,88,75,13,27.86885245901639,9.836065573770492,18.0327868852459,72.1311475409836,61.47540983606557,10.655737704918032
E00038617,335,80,18,62,255,214,41,23.88059701492537,5.3731343283582085,18.507462686567163,76.11940298507463,63.88059701492538,12.238805970149254
E00038618,127,42,15,27,85,75,10,33.07086614173229,11.811023622047244,21.25984251968504,66.92913385826772,59.055118110236215,7.874015748031496
E00038619,97,32,12,20,65,58,7,32.98969072164948,12.371134020618557,20.618556701030926,67.0103092783505,59.79381443298969,7.216494845360824
E00038620,177,59,15,44,118,97,21,33.33333333333333,8.47457627118644,24.858757062146893,66.66666666666666,54.80225988700565,11.864406779661017
E00038621,75,34,9,25,41,33,8,45.33333333333333,12,33.33333333333333,54.666666666666664,44,10.666666666666668
E00038622,111,39,10,29,72,65,7,35.13513513513514,9.00900900900901,26.126126126126124,64.86486486486487,58.55855855855856,6.306306306306306
E00038623,121,30,11,19,91,82,9,24.793388429752067,9.090909090909092,15.702479338842975,75.20661157024794,67.76859504132231,7.43801652892562
E00038624,99,26,4,22,73,60,13,26.262626262626267,4.040404040404041,22.22222222222222,73.73737373737373,60.60606060606061,13.131313131313133
E00038625,156,42,12,30,114,103,11,26.923076923076923,7.6923076923076925,19.230769230769234,73.07692307692307,66.02564102564102,7.051282051282051
E00038626,85,29,8,21,56,48,8,34.11764705882353,9.411764705882353,24.705882352941178,65.88235294117646,56.470588235294116,9.411764705882353
E00038627,109,34,13,21,75,61,14,31.19266055045872,11.926605504587156,19.26605504587156,68.80733944954129,55.96330275229357,12.844036697247708
E00038628,81,28,4,24,53,46,7,34.5679012345679,4.938271604938271,29.629629629629626,65.4320987654321,56.79012345679012,8.641975308641975
E00038629,94,24,6,18,70,61,9,25.53191489361702,6.382978723404255,19.148936170212767,74.46808510638297,64.8936170212766,9.574468085106384
E00038630,101,34,8,26,67,63,4,33.663366336633665,7.920792079207921,25.742574257425744,66.33663366336634,62.37623762376238,3.9603960396039604
E00038631,138,43,13,30,95,77,18,31.15942028985507,9.420289855072465,21.73913043478261,68.84057971014492,55.79710144927537,13.043478260869565
E00038632,382,104,29,75,278,238,40,27.225130890052355,7.591623036649215,19.63350785340314,72.77486910994764,62.30366492146597,10.471204188481675
E00038633,86,32,10,22,54,42,12,37.2093023255814,11.627906976744185,25.581395348837212,62.7906976744186,48.837209302325576,13.953488372093023
E00038634,82,31,10,21,51,46,5,37.80487804878049,12.195121951219512,25.609756097560975,62.19512195121951,56.09756097560976,6.097560975609756
E00038635,210,67,14,53,143,118,25,31.9047619047619,6.666666666666667,25.238095238095237,68.0952380952381,56.19047619047619,11.904761904761903
E00038636,149,41,11,30,108,90,18,27.516778523489933,7.38255033557047,20.13422818791946,72.48322147651007,60.40268456375839,12.080536912751679
E00038637,149,40,16,24,109,97,12,26.845637583892618,10.738255033557047,16.10738255033557,73.15436241610739,65.1006711409396,8.053691275167784
E00038638,176,54,15,39,122,109,13,30.681818181818183,8.522727272727272,22.15909090909091,69.31818181818183,61.93181818181818,7.386363636363637
E00038639,163,40,13,27,123,99,24,24.539877300613497,7.975460122699387,16.56441717791411,75.4601226993865,60.73619631901841,14.723926380368098
E00038640,144,40,14,26,104,74,30,27.77777777777778,9.722222222222223,18.055555555555554,72.22222222222221,51.388888888888886,20.833333333333336
E00038641,166,47,14,33,119,98,21,28.313253012048197,8.433734939759036,19.879518072289155,71.6867469879518,59.036144578313255,12.650602409638553
E00038642,166,58,21,37,108,92,16,34.93975903614458,12.650602409638553,22.289156626506024,65.06024096385542,55.42168674698795,9.63855421686747
E00038643,109,37,12,25,72,66,6,33.94495412844037,11.009174311926607,22.93577981651376,66.05504587155964,60.550458715596335,5.5045871559633035
E00038644,120,23,7,16,97,79,18,19.166666666666668,5.833333333333333,13.333333333333334,80.83333333333333,65.83333333333333,15
E00038645,112,29,5,24,83,70,13,25.892857142857146,4.464285714285714,21.428571428571427,74.10714285714286,62.5,11.607142857142858
E00038646,105,41,12,29,64,50,14,39.04761904761905,11.428571428571429,27.61904761904762,60.952380952380956,47.61904761904761,13.333333333333334
E00038647,86,24,4,20,62,49,13,27.906976744186046,4.651162790697675,23.25581395348837,72.09302325581395,56.97674418604651,15.11627906976744
E00038648,82,26,6,20,56,48,8,31.70731707317073,7.317073170731707,24.390243902439025,68.29268292682927,58.536585365853654,9.75609756097561
E00038649,53,16,6,10,37,32,5,30.18867924528302,11.320754716981133,18.867924528301888,69.81132075471697,60.37735849056604,9.433962264150944
E00038650,109,35,6,29,74,45,29,32.11009174311927,5.5045871559633035,26.605504587155966,67.88990825688074,41.284403669724774,26.605504587155966
E00038651,150,45,14,31,105,92,13,30,9.333333333333334,20.666666666666668,70,61.33333333333333,8.666666666666668
E00038652,88,25,7,18,63,58,5,28.40909090909091,7.954545454545454,20.454545454545457,71.5909090909091,65.9090909090909,5.681818181818182
E00038653,132,49,20,29,83,71,12,37.121212121212125,15.151515151515152,21.96969696969697,62.878787878787875,53.78787878787878,9.090909090909092
E00038654,138,48,14,34,90,84,6,34.78260869565217,10.144927536231885,24.637681159420293,65.21739130434783,60.86956521739131,4.3478260869565215
E00038655,115,35,12,23,80,70,10,30.434782608695656,10.434782608695652,20,69.56521739130434,60.86956521739131,8.695652173913043
E00038656,155,52,12,40,103,89,14,33.5483870967742,7.741935483870968,25.806451612903224,66.45161290322581,57.41935483870968,9.032258064516128
E00038657,139,42,8,34,97,84,13,30.215827338129497,5.755395683453238,24.46043165467626,69.7841726618705,60.431654676258994,9.352517985611511
E00038658,91,33,7,26,58,49,9,36.26373626373626,7.6923076923076925,28.57142857142857,63.73626373626373,53.84615384615385,9.89010989010989
E00038659,97,34,7,27,63,51,12,35.051546391752574,7.216494845360824,27.835051546391753,64.94845360824742,52.57731958762887,12.371134020618557
E00038660,168,45,16,29,123,108,15,26.785714285714285,9.523809523809524,17.261904761904763,73.21428571428571,64.28571428571429,8.928571428571429
E00038661,226,74,18,56,152,118,34,32.743362831858406,7.964601769911504,24.778761061946902,67.2566371681416,52.21238938053098,15.04424778761062
E00038662,82,36,17,19,46,38,8,43.90243902439025,20.73170731707317,23.170731707317074,56.09756097560976,46.34146341463415,9.75609756097561
E00038663,69,22,6,16,47,39,8,31.88405797101449,8.695652173913043,23.18840579710145,68.11594202898551,56.52173913043478,11.594202898550725
E00038664,198,73,27,46,125,110,15,36.868686868686865,13.636363636363635,23.232323232323232,63.13131313131313,55.55555555555556,7.575757575757576
E00038665,150,36,10,26,114,95,19,24,6.666666666666667,17.333333333333336,76,63.33333333333333,12.666666666666668
E00038666,39,10,5,5,29,25,4,25.64102564102564,12.82051282051282,12.82051282051282,74.35897435897436,64.1025641025641,10.256410256410255
E00038667,123,27,11,16,96,84,12,21.951219512195124,8.94308943089431,13.008130081300814,78.04878048780488,68.29268292682927,9.75609756097561
E00038668,131,36,11,25,95,88,7,27.480916030534353,8.396946564885496,19.083969465648856,72.51908396946564,67.17557251908397,5.343511450381679
E00038669,136,48,17,31,88,70,18,35.294117647058826,12.5,22.794117647058822,64.70588235294117,51.470588235294116,13.23529411764706
E00038670,192,56,13,43,136,114,22,29.166666666666668,6.770833333333333,22.395833333333336,70.83333333333334,59.375,11.458333333333332
E00038671,196,58,16,42,138,115,23,29.591836734693878,8.16326530612245,21.428571428571427,70.40816326530613,58.673469387755105,11.73469387755102
E00038672,170,44,7,37,126,101,25,25.882352941176475,4.117647058823529,21.764705882352942,74.11764705882354,59.411764705882355,14.705882352941178
E00038673,162,55,18,37,107,92,15,33.95061728395062,11.11111111111111,22.839506172839506,66.0493827160494,56.79012345679012,9.25925925925926
E00038674,96,34,8,26,62,52,10,35.41666666666667,8.333333333333332,27.083333333333332,64.58333333333334,54.166666666666664,10.416666666666668
E00038675,200,38,12,26,162,132,30,19,6,13,81,66,15
E00038676,127,43,14,29,84,72,12,33.85826771653544,11.023622047244094,22.83464566929134,66.14173228346458,56.69291338582677,9.448818897637794
E00038677,117,23,5,18,94,83,11,19.65811965811966,4.273504273504273,15.384615384615385,80.34188034188034,70.94017094017094,9.401709401709402
E00038678,105,30,5,25,75,70,5,28.57142857142857,4.761904761904762,23.809523809523807,71.42857142857143,66.66666666666666,4.761904761904762
E00038679,149,35,13,22,114,96,18,23.48993288590604,8.724832214765101,14.76510067114094,76.51006711409396,64.42953020134227,12.080536912751679
E00038680,204,59,19,40,145,106,39,28.921568627450984,9.313725490196079,19.607843137254903,71.07843137254902,51.9607843137255,19.11764705882353
E00038681,82,28,5,23,54,48,6,34.146341463414636,6.097560975609756,28.04878048780488,65.85365853658537,58.536585365853654,7.317073170731707
E00038682,204,48,6,42,156,131,25,23.52941176470588,2.941176470588235,20.588235294117645,76.47058823529412,64.2156862745098,12.254901960784313
E00038683,124,36,8,28,88,77,11,29.03225806451613,6.451612903225806,22.58064516129032,70.96774193548387,62.096774193548384,8.870967741935484
E00038684,129,29,5,24,100,85,15,22.48062015503876,3.875968992248062,18.6046511627907,77.51937984496125,65.89147286821705,11.627906976744185
E00038685,160,42,10,32,118,102,16,26.25,6.25,20,73.75,63.74999999999999,10
E00038686,132,36,6,30,96,88,8,27.27272727272727,4.545454545454546,22.727272727272727,72.72727272727273,66.66666666666666,6.0606060606060606
E00038687,128,33,8,25,95,75,20,25.78125,6.25,19.53125,74.21875,58.59375,15.625
E00038688,149,37,9,28,112,100,12,24.832214765100673,6.0402684563758395,18.79194630872483,75.16778523489933,67.11409395973155,8.053691275167784
E00038689,125,37,9,28,88,69,19,29.599999999999998,7.199999999999999,22.400000000000002,70.39999999999999,55.2,15.2
E00038690,98,29,5,24,69,60,9,29.591836734693878,5.1020408163265305,24.489795918367346,70.40816326530613,61.224489795918366,9.183673469387756
E00038691,154,47,10,37,107,92,15,30.519480519480517,6.493506493506493,24.025974025974026,69.48051948051948,59.74025974025974,9.740259740259742
E00038692,107,25,7,18,82,59,23,23.364485981308412,6.5420560747663545,16.822429906542055,76.63551401869158,55.140186915887845,21.49532710280374
E00038693,166,55,12,43,111,95,16,33.13253012048193,7.228915662650602,25.903614457831324,66.86746987951807,57.22891566265061,9.63855421686747
E00038694,146,49,15,34,97,80,17,33.56164383561644,10.273972602739725,23.28767123287671,66.43835616438356,54.794520547945204,11.643835616438356
E00038695,217,57,13,44,160,140,20,26.26728110599078,5.990783410138248,20.276497695852534,73.73271889400922,64.51612903225806,9.216589861751153
E00038696,126,39,9,30,87,76,11,30.952380952380953,7.142857142857142,23.809523809523807,69.04761904761905,60.317460317460316,8.73015873015873
E00038697,170,53,15,38,117,94,23,31.176470588235293,8.823529411764707,22.35294117647059,68.82352941176471,55.294117647058826,13.529411764705882
E00038698,138,40,11,29,98,88,10,28.985507246376812,7.971014492753622,21.014492753623188,71.01449275362319,63.76811594202898,7.246376811594203
E00038699,121,31,7,24,90,77,13,25.6198347107438,5.785123966942149,19.834710743801654,74.3801652892562,63.63636363636363,10.743801652892563
E00038700,140,32,7,25,108,100,8,22.857142857142858,5,17.857142857142858,77.14285714285715,71.42857142857143,5.714285714285714
E00038701,148,34,7,27,114,98,16,22.972972972972975,4.72972972972973,18.243243243243242,77.02702702702703,66.21621621621621,10.81081081081081
E00038702,139,40,10,30,99,91,8,28.776978417266186,7.1942446043165464,21.58273381294964,71.22302158273382,65.46762589928058,5.755395683453238
E00038703,195,50,11,39,145,117,28,25.64102564102564,5.641025641025641,20,74.35897435897436,60,14.358974358974358
E00038704,139,44,13,31,95,82,13,31.654676258992804,9.352517985611511,22.302158273381295,68.34532374100719,58.992805755395686,9.352517985611511
E00038706,125,43,13,30,82,68,14,34.4,10.4,24,65.60000000000001,54.400000000000006,11.200000000000001
E00038707,164,54,17,37,110,97,13,32.926829268292686,10.365853658536585,22.5609756097561,67.07317073170732,59.14634146341463,7.926829268292683
E00038708,153,45,8,37,108,94,14,29.411764705882355,5.228758169934641,24.183006535947712,70.58823529411765,61.43790849673203,9.15032679738562
E00038709,194,53,19,34,141,118,23,27.31958762886598,9.793814432989691,17.525773195876287,72.68041237113401,60.824742268041234,11.855670103092782
E00038710,150,44,12,32,106,91,15,29.333333333333332,8,21.333333333333336,70.66666666666667,60.66666666666667,10
E00038711,143,41,9,32,102,82,20,28.671328671328673,6.293706293706294,22.377622377622377,71.32867132867133,57.34265734265735,13.986013986013987
E00038712,266,61,19,42,205,163,42,22.932330827067666,7.142857142857142,15.789473684210526,77.06766917293233,61.278195488721806,15.789473684210526
E00038713,116,42,9,33,74,61,13,36.206896551724135,7.758620689655173,28.448275862068968,63.793103448275865,52.58620689655172,11.206896551724139
E00038714,142,43,17,26,99,86,13,30.28169014084507,11.971830985915492,18.30985915492958,69.71830985915493,60.56338028169014,9.15492957746479
E00038715,172,53,15,38,119,108,11,30.813953488372093,8.720930232558139,22.093023255813954,69.18604651162791,62.7906976744186,6.395348837209303
E00038716,154,41,14,27,113,94,19,26.623376623376622,9.090909090909092,17.532467532467532,73.37662337662337,61.038961038961034,12.337662337662337
E00038717,176,55,23,32,121,103,18,31.25,13.068181818181818,18.181818181818183,68.75,58.52272727272727,10.227272727272728
E00038718,163,42,12,30,121,104,17,25.766871165644172,7.361963190184049,18.404907975460123,74.23312883435584,63.80368098159509,10.429447852760736
E00038719,183,29,11,18,154,131,23,15.846994535519126,6.0109289617486334,9.836065573770492,84.15300546448088,71.58469945355192,12.568306010928962
E00038720,175,45,16,29,130,121,9,25.71428571428571,9.142857142857142,16.57142857142857,74.28571428571429,69.14285714285714,5.142857142857142
E00038721,142,48,18,30,94,81,13,33.80281690140845,12.676056338028168,21.12676056338028,66.19718309859155,57.04225352112676,9.15492957746479
E00038722,131,39,7,32,92,82,10,29.770992366412212,5.343511450381679,24.427480916030532,70.22900763358778,62.59541984732825,7.633587786259542
E00038723,171,41,16,25,130,108,22,23.976608187134502,9.35672514619883,14.619883040935672,76.0233918128655,63.1578947368421,12.865497076023392
E00038724,136,32,10,22,104,93,11,23.52941176470588,7.352941176470589,16.176470588235293,76.47058823529412,68.38235294117648,8.088235294117647
E00038725,180,54,11,43,126,113,13,30,6.111111111111111,23.88888888888889,70,62.77777777777778,7.222222222222221
E00038727,164,47,20,27,117,101,16,28.65853658536585,12.195121951219512,16.463414634146343,71.34146341463415,61.58536585365854,9.75609756097561
E00038728,154,52,11,41,102,86,16,33.76623376623377,7.142857142857142,26.623376623376622,66.23376623376623,55.84415584415584,10.38961038961039
E00038730,131,36,13,23,95,88,7,27.480916030534353,9.923664122137405,17.557251908396946,72.51908396946564,67.17557251908397,5.343511450381679
E00038731,145,41,13,28,104,92,12,28.27586206896552,8.96551724137931,19.310344827586206,71.72413793103448,63.44827586206897,8.275862068965518
E00038732,144,45,13,32,99,89,10,31.25,9.027777777777777,22.22222222222222,68.75,61.80555555555556,6.944444444444445
E00038733,157,49,10,39,108,98,10,31.210191082802545,6.369426751592357,24.840764331210192,68.78980891719745,62.42038216560509,6.369426751592357
E00038734,152,56,17,39,96,85,11,36.84210526315789,11.18421052631579,25.657894736842106,63.1578947368421,55.92105263157895,7.236842105263158
E00038735,186,46,12,34,140,133,7,24.731182795698924,6.451612903225806,18.27956989247312,75.26881720430107,71.50537634408603,3.763440860215054
E00038736,133,50,9,41,83,77,6,37.59398496240601,6.7669172932330826,30.82706766917293,62.40601503759399,57.89473684210527,4.511278195488721
E00038737,114,52,12,40,62,47,15,45.614035087719294,10.526315789473683,35.08771929824561,54.385964912280706,41.228070175438596,13.157894736842104
E00038738,130,40,9,31,90,81,9,30.76923076923077,6.923076923076923,23.846153846153847,69.23076923076923,62.30769230769231,6.923076923076923
E00038739,168,55,13,42,113,104,9,32.73809523809524,7.738095238095238,25,67.26190476190477,61.904761904761905,5.357142857142857
E00038740,96,36,9,27,60,56,4,37.5,9.375,28.125,62.5,58.333333333333336,4.166666666666666
E00038741,180,42,19,23,138,128,10,23.333333333333332,10.555555555555555,12.777777777777777,76.66666666666667,71.11111111111111,5.555555555555555
E00038742,153,36,14,22,117,103,14,23.52941176470588,9.15032679738562,14.37908496732026,76.47058823529412,67.3202614379085,9.15032679738562
E00038743,123,29,9,20,94,79,15,23.577235772357724,7.317073170731707,16.260162601626014,76.42276422764228,64.22764227642277,12.195121951219512
E00038744,151,36,14,22,115,100,15,23.841059602649008,9.271523178807946,14.56953642384106,76.15894039735099,66.22516556291392,9.933774834437086
E00038745,203,39,18,21,164,138,26,19.21182266009852,8.866995073891626,10.344827586206897,80.78817733990148,67.98029556650246,12.807881773399016
E00038746,166,38,13,25,128,106,22,22.89156626506024,7.83132530120482,15.060240963855422,77.10843373493977,63.85542168674698,13.253012048192772
E00038747,211,51,20,31,160,137,23,24.170616113744074,9.47867298578199,14.691943127962084,75.82938388625593,64.92890995260665,10.90047393364929
E00038748,139,29,9,20,110,97,13,20.863309352517987,6.474820143884892,14.388489208633093,79.13669064748201,69.7841726618705,9.352517985611511
E00038749,148,36,11,25,112,99,13,24.324324324324326,7.4324324324324325,16.89189189189189,75.67567567567568,66.8918918918919,8.783783783783784
E00038751,176,48,15,33,128,111,17,27.27272727272727,8.522727272727272,18.75,72.72727272727273,63.06818181818182,9.659090909090908
E00038752,165,51,13,38,114,102,12,30.909090909090907,7.878787878787878,23.03030303030303,69.0909090909091,61.81818181818181,7.2727272727272725
E00038753,142,32,10,22,110,93,17,22.535211267605636,7.042253521126761,15.492957746478872,77.46478873239437,65.49295774647888,11.971830985915492
E00038755,120,25,5,20,95,87,8,20.833333333333336,4.166666666666666,16.666666666666664,79.16666666666666,72.5,6.666666666666667
E00038756,134,45,13,32,89,73,16,33.582089552238806,9.701492537313433,23.88059701492537,66.4179104477612,54.47761194029851,11.940298507462686
E00038757,148,46,8,38,102,92,10,31.08108108108108,5.405405405405405,25.675675675675674,68.91891891891892,62.16216216216216,6.756756756756757
E00038758,113,28,5,23,85,80,5,24.778761061946902,4.424778761061947,20.353982300884958,75.22123893805309,70.79646017699115,4.424778761061947
E00038759,154,48,14,34,106,89,17,31.16883116883117,9.090909090909092,22.07792207792208,68.83116883116884,57.7922077922078,11.03896103896104
E00038760,137,53,18,35,84,80,4,38.68613138686132,13.138686131386862,25.547445255474454,61.31386861313869,58.3941605839416,2.9197080291970803
E00038761,210,49,17,32,161,142,19,23.333333333333332,8.095238095238095,15.238095238095239,76.66666666666667,67.61904761904762,9.047619047619047
E00038762,183,72,14,58,111,100,11,39.34426229508197,7.650273224043716,31.693989071038253,60.65573770491803,54.644808743169406,6.0109289617486334
E00038763,94,40,13,27,54,45,9,42.5531914893617,13.829787234042554,28.723404255319153,57.446808510638306,47.87234042553192,9.574468085106384
E00038764,143,43,14,29,100,87,13,30.069930069930066,9.79020979020979,20.27972027972028,69.93006993006993,60.83916083916085,9.090909090909092
E00038765,124,35,11,24,89,76,13,28.225806451612907,8.870967741935484,19.35483870967742,71.7741935483871,61.29032258064516,10.483870967741936
E00038766,157,57,17,40,100,87,13,36.30573248407643,10.828025477707007,25.477707006369428,63.69426751592356,55.4140127388535,8.280254777070063
E00038767,140,39,9,30,101,86,15,27.857142857142858,6.428571428571428,21.428571428571427,72.14285714285714,61.42857142857143,10.714285714285714
E00038768,150,42,14,28,108,98,10,28.000000000000004,9.333333333333334,18.666666666666668,72,65.33333333333333,6.666666666666667
E00038769,163,46,12,34,117,106,11,28.22085889570552,7.361963190184049,20.858895705521473,71.77914110429448,65.03067484662577,6.748466257668712
E00038770,75,31,8,23,44,36,8,41.333333333333336,10.666666666666668,30.666666666666664,58.666666666666664,48,10.666666666666668
E00038771,49,12,2,10,37,30,7,24.489795918367346,4.081632653061225,20.408163265306122,75.51020408163265,61.224489795918366,14.285714285714285
E00038772,186,69,22,47,117,105,12,37.096774193548384,11.827956989247312,25.268817204301076,62.903225806451616,56.451612903225815,6.451612903225806
E00038773,116,40,11,29,76,67,9,34.48275862068966,9.482758620689655,25,65.51724137931035,57.758620689655174,7.758620689655173
E00038774,165,54,13,41,111,101,10,32.72727272727273,7.878787878787878,24.848484848484848,67.27272727272727,61.212121212121204,6.0606060606060606
E00038775,158,53,14,39,105,96,9,33.54430379746836,8.860759493670885,24.68354430379747,66.45569620253164,60.75949367088608,5.69620253164557
E00038776,155,51,17,34,104,95,9,32.903225806451616,10.967741935483872,21.935483870967744,67.0967741935484,61.29032258064516,5.806451612903226
E00038777,167,51,14,37,116,97,19,30.538922155688624,8.383233532934131,22.15568862275449,69.46107784431138,58.08383233532935,11.377245508982035
E00038778,162,35,15,20,127,114,13,21.604938271604937,9.25925925925926,12.345679012345679,78.39506172839506,70.37037037037037,8.024691358024691
E00038779,172,55,15,40,117,104,13,31.976744186046513,8.720930232558139,23.25581395348837,68.02325581395348,60.46511627906976,7.55813953488372
E00038780,155,37,14,23,118,109,9,23.870967741935484,9.032258064516128,14.838709677419354,76.12903225806451,70.3225806451613,5.806451612903226
E00038781,139,39,11,28,100,89,11,28.05755395683453,7.913669064748201,20.14388489208633,71.94244604316546,64.02877697841727,7.913669064748201
E00038782,161,53,15,38,108,97,11,32.91925465838509,9.316770186335404,23.60248447204969,67.08074534161491,60.24844720496895,6.832298136645963
E00038783,157,47,12,35,110,98,12,29.936305732484076,7.643312101910828,22.29299363057325,70.06369426751591,62.42038216560509,7.643312101910828
E00038784,138,28,12,16,110,100,10,20.28985507246377,8.695652173913043,11.594202898550725,79.71014492753623,72.46376811594203,7.246376811594203
E00038785,143,57,15,42,86,81,5,39.86013986013986,10.48951048951049,29.37062937062937,60.13986013986013,56.64335664335665,3.4965034965034967
E00038786,167,54,22,32,113,91,22,32.33532934131736,13.17365269461078,19.16167664670659,67.66467065868264,54.49101796407185,13.17365269461078
E00038787,153,40,10,30,113,103,10,26.143790849673206,6.535947712418301,19.607843137254903,73.8562091503268,67.3202614379085,6.535947712418301
E00038788,167,41,20,21,126,115,11,24.550898203592812,11.976047904191617,12.574850299401197,75.44910179640718,68.8622754491018,6.58682634730539
E00172372,166,50,18,32,116,98,18,30.120481927710845,10.843373493975903,19.27710843373494,69.87951807228916,59.036144578313255,10.843373493975903
E00172373,137,32,9,23,105,91,14,23.357664233576642,6.569343065693431,16.78832116788321,76.64233576642336,66.42335766423358,10.218978102189782
E00172374,99,26,8,18,73,59,14,26.262626262626267,8.080808080808081,18.181818181818183,73.73737373737373,59.59595959595959,14.14141414141414
E00172375,152,47,15,32,105,86,19,30.92105263157895,9.868421052631579,21.052631578947366,69.07894736842105,56.57894736842105,12.5
E00172376,151,34,11,23,117,95,22,22.516556291390728,7.28476821192053,15.2317880794702,77.48344370860927,62.913907284768214,14.56953642384106
E00172377,65,15,1,14,50,45,5,23.076923076923077,1.5384615384615385,21.53846153846154,76.92307692307693,69.23076923076923,7.6923076923076925
E00172378,183,35,10,25,148,129,19,19.12568306010929,5.46448087431694,13.661202185792352,80.87431693989072,70.49180327868852,10.382513661202186
E00172379,215,56,16,40,159,136,23,26.046511627906977,7.441860465116279,18.6046511627907,73.95348837209302,63.25581395348837,10.69767441860465
E00172380,131,22,3,19,109,90,19,16.793893129770993,2.2900763358778624,14.50381679389313,83.20610687022901,68.70229007633588,14.50381679389313
E00172381,181,36,7,29,145,126,19,19.88950276243094,3.867403314917127,16.022099447513813,80.11049723756905,69.61325966850829,10.497237569060774
E00172382,359,123,51,72,236,181,55,34.26183844011142,14.206128133704734,20.055710306406684,65.73816155988858,50.41782729805014,15.32033426183844
E00172383,125,28,5,23,97,82,15,22.400000000000002,4,18.4,77.60000000000001,65.60000000000001,12
E00172384,188,48,12,36,140,113,27,25.53191489361702,6.382978723404255,19.148936170212767,74.46808510638297,60.1063829787234,14.361702127659576
E00172385,129,27,2,25,102,86,16,20.930232558139537,1.550387596899225,19.379844961240313,79.06976744186046,66.66666666666666,12.4031007751938
E00172386,224,47,10,37,177,150,27,20.982142857142858,4.464285714285714,16.517857142857142,79.01785714285714,66.96428571428571,12.053571428571429
E00172388,181,42,9,33,139,121,18,23.204419889502763,4.972375690607735,18.23204419889503,76.79558011049724,66.85082872928176,9.94475138121547
E00172389,145,40,9,31,105,90,15,27.586206896551722,6.206896551724138,21.379310344827587,72.41379310344827,62.06896551724138,10.344827586206897
E00172390,202,51,20,31,151,117,34,25.247524752475247,9.900990099009901,15.346534653465346,74.75247524752476,57.920792079207914,16.831683168316832
E00172391,182,51,8,43,131,111,20,28.021978021978022,4.395604395604396,23.626373626373624,71.97802197802197,60.98901098901099,10.989010989010989
E00172392,101,28,6,22,73,60,13,27.722772277227726,5.9405940594059405,21.782178217821784,72.27722772277228,59.4059405940594,12.871287128712872
E00172393,66,17,5,12,49,43,6,25.757575757575758,7.575757575757576,18.181818181818183,74.24242424242425,65.15151515151516,9.090909090909092
E00172394,248,59,7,52,189,168,21,23.790322580645164,2.82258064516129,20.967741935483872,76.20967741935483,67.74193548387096,8.46774193548387
E00172395,188,38,12,26,150,129,21,20.212765957446805,6.382978723404255,13.829787234042554,79.7872340425532,68.61702127659575,11.170212765957446
E00172396,85,24,6,18,61,52,9,28.235294117647058,7.0588235294117645,21.176470588235293,71.76470588235294,61.1764705882353,10.588235294117647
E00172397,159,51,14,37,108,95,13,32.075471698113205,8.80503144654088,23.270440251572328,67.9245283018868,59.74842767295597,8.176100628930817
E00172398,112,34,5,29,78,66,12,30.357142857142854,4.464285714285714,25.892857142857146,69.64285714285714,58.92857142857143,10.714285714285714
E00172399,173,38,8,30,135,114,21,21.965317919075144,4.624277456647398,17.341040462427745,78.03468208092485,65.89595375722543,12.138728323699421
E00172401,59,16,5,11,43,37,6,27.11864406779661,8.47457627118644,18.64406779661017,72.88135593220339,62.71186440677966,10.16949152542373
E00182647,117,35,18,17,82,65,17,29.914529914529915,15.384615384615385,14.529914529914532,70.08547008547008,55.55555555555556,14.529914529914532
E00182648,286,89,29,60,197,149,48,31.11888111888112,10.13986013986014,20.97902097902098,68.88111888111888,52.09790209790209,16.783216783216783
E00182651,321,56,11,45,265,228,37,17.445482866043612,3.4267912772585665,14.018691588785046,82.55451713395638,71.02803738317756,11.526479750778815
E00182652,98,34,14,20,64,58,6,34.69387755102041,14.285714285714285,20.408163265306122,65.3061224489796,59.183673469387756,6.122448979591836
E00182653,180,21,8,13,159,141,18,11.666666666666666,4.444444444444445,7.222222222222221,88.33333333333333,78.33333333333333,10
E00182658,82,25,6,19,57,49,8,30.48780487804878,7.317073170731707,23.170731707317074,69.51219512195121,59.756097560975604,9.75609756097561
E00182659,202,40,15,25,162,132,30,19.801980198019802,7.425742574257425,12.376237623762377,80.19801980198021,65.34653465346535,14.85148514851485
E00182660,112,27,4,23,85,72,13,24.107142857142858,3.571428571428571,20.535714285714285,75.89285714285714,64.28571428571429,11.607142857142858
E00182661,174,22,5,17,152,134,18,12.643678160919542,2.8735632183908044,9.770114942528735,87.356321839080465,77.01149425287356,10.344827586206897
E00182664,299,67,21,46,232,199,33,22.40802675585284,7.023411371237458,15.384615384615385,77.59197324414716,66.5551839464883,11.036789297658862
E00182666,149,29,11,18,120,103,17,19.463087248322147,7.38255033557047,12.080536912751679,80.53691275167785,69.12751677852349,11.409395973154362
E00182667,126,39,11,28,87,83,4,30.952380952380953,8.73015873015873,22.22222222222222,69.04761904761905,65.87301587301587,3.1746031746031744
E00182668,89,11,3,8,78,65,13,12.359550561797752,3.3707865168539324,8.98876404494382,87.64044943820225,73.03370786516854,14.606741573033707
E00182672,85,20,5,15,65,58,7,23.52941176470588,5.88235294117647,17.647058823529413,76.47058823529412,68.23529411764706,8.235294117647058
E00182674,224,35,9,26,189,157,32,15.625,4.017857142857143,11.607142857142858,84.375,70.08928571428571,14.285714285714285
E00182675,153,37,14,23,116,100,16,24.183006535947712,9.15032679738562,15.032679738562091,75.81699346405229,65.359477124183,10.457516339869281
E00182676,332,62,15,47,270,229,41,18.67469879518072,4.518072289156627,14.156626506024098,81.32530120481928,68.97590361445783,12.349397590361445
E00182677,332,75,22,53,257,215,42,22.590361445783135,6.626506024096386,15.963855421686745,77.40963855421687,64.7590361445783,12.650602409638553
E00182679,75,30,12,18,45,37,8,40,16,24,60,49.333333333333336,10.666666666666668
E00182681,216,65,26,39,151,97,54,30.09259259259259,12.037037037037036,18.055555555555554,69.9074074074074,44.907407407407405,25
E00182683,69,23,6,17,46,33,13,33.33333333333333,8.695652173913043,24.637681159420293,66.66666666666666,47.82608695652174,18.84057971014493
E00182684,79,11,1,10,68,60,8,13.924050632911392,1.2658227848101267,12.658227848101266,86.07594936708861,75.9493670886076,10.126582278481013
E00182685,192,45,5,40,147,126,21,23.4375,2.604166666666667,20.833333333333336,76.5625,65.625,10.9375
E00182688,134,30,5,25,104,83,21,22.388059701492537,3.731343283582089,18.65671641791045,77.61194029850746,61.940298507462686,15.671641791044777
E00182689,92,22,8,14,70,56,14,23.91304347826087,8.695652173913043,15.217391304347828,76.08695652173914,60.86956521739131,15.217391304347828
E00182692,47,8,3,5,39,32,7,17.02127659574468,6.382978723404255,10.638297872340425,82.97872340425532,68.08510638297872,14.893617021276595
E00182693,211,61,20,41,150,114,36,28.90995260663507,9.47867298578199,19.431279620853083,71.09004739336493,54.02843601895735,17.061611374407583
E00182695,83,16,0,16,67,58,9,19.27710843373494,0,19.27710843373494,80.72289156626506,69.87951807228916,10.843373493975903
E00182696,108,38,10,28,70,64,6,35.18518518518518,9.25925925925926,25.925925925925924,64.81481481481481,59.25925925925925,5.555555555555555
E00182698,292,60,15,45,232,190,42,20.54794520547945,5.136986301369863,15.41095890410959,79.45205479452055,65.06849315068493,14.383561643835616
E00182699,314,75,15,60,239,190,49,23.88535031847134,4.777070063694268,19.10828025477707,76.11464968152866,60.509554140127385,15.605095541401273
E00182700,115,28,2,26,87,74,13,24.347826086956523,1.7391304347826086,22.608695652173914,75.65217391304347,64.34782608695652,11.304347826086957
E00182701,245,55,14,41,190,157,33,22.448979591836736,5.714285714285714,16.73469387755102,77.55102040816327,64.08163265306122,13.46938775510204
E00182704,193,51,20,31,142,123,19,26.42487046632124,10.362694300518134,16.06217616580311,73.57512953367875,63.730569948186535,9.844559585492227
E00182705,272,47,11,36,225,198,27,17.27941176470588,4.044117647058823,13.23529411764706,82.72058823529412,72.79411764705883,9.926470588235293
E00182706,130,15,4,11,115,103,12,11.538461538461538,3.076923076923077,8.461538461538462,88.46153846153845,79.23076923076923,9.230769230769232
E00182707,326,92,22,70,234,203,31,28.22085889570552,6.748466257668712,21.472392638036812,71.77914110429448,62.26993865030674,9.509202453987731
E00182708,187,38,10,28,149,128,21,20.32085561497326,5.347593582887701,14.973262032085561,79.67914438502673,68.44919786096256,11.229946524064172
E00182711,228,60,22,38,168,145,23,26.31578947368421,9.649122807017543,16.666666666666664,73.68421052631578,63.59649122807017,10.087719298245613
E00182713,63,9,2,7,54,45,9,14.285714285714285,3.1746031746031744,11.11111111111111,85.71428571428571,71.42857142857143,14.285714285714285
E00182715,134,31,11,20,103,97,6,23.134328358208954,8.208955223880597,14.925373134328357,76.86567164179104,72.38805970149254,4.477611940298507
E00182717,236,58,11,47,178,147,31,24.576271186440678,4.661016949152542,19.915254237288135,75.42372881355932,62.28813559322034,13.135593220338984
E00182718,162,45,13,32,117,104,13,27.77777777777778,8.024691358024691,19.753086419753085,72.22222222222221,64.19753086419753,8.024691358024691
E00182719,129,28,8,20,101,92,9,21.705426356589147,6.2015503875969,15.503875968992247,78.29457364341084,71.31782945736434,6.976744186046512
E00182720,180,38,10,28,142,123,19,21.11111111111111,5.555555555555555,15.555555555555555,78.88888888888889,68.33333333333333,10.555555555555555
E00182721,118,17,5,12,101,82,19,14.40677966101695,4.23728813559322,10.16949152542373,85.59322033898306,69.49152542372882,16.101694915254235
E00182724,223,38,7,31,185,157,28,17.040358744394617,3.1390134529147984,13.901345291479823,82.95964125560538,70.4035874439462,12.556053811659194
E00182726,145,41,5,36,104,89,15,28.27586206896552,3.4482758620689653,24.82758620689655,71.72413793103448,61.37931034482759,10.344827586206897
E00182729,367,57,14,43,310,262,48,15.531335149863759,3.8147138964577656,11.716621253405995,84.46866485013625,71.38964577656675,13.079019073569482
E00182731,141,21,7,14,120,111,9,14.893617021276595,4.964539007092199,9.929078014184398,85.1063829787234,78.72340425531915,6.382978723404255
E00182732,110,20,3,17,90,81,9,18.181818181818183,2.727272727272727,15.454545454545453,81.81818181818183,73.63636363636363,8.181818181818182
E00182733,99,37,9,28,62,57,5,37.37373737373738,9.090909090909092,28.28282828282828,62.62626262626263,57.57575757575758,5.05050505050505
E00182734,167,51,14,37,116,96,20,30.538922155688624,8.383233532934131,22.15568862275449,69.46107784431138,57.48502994011976,11.976047904191617
E00182735,55,14,7,7,41,35,6,25.454545454545453,12.727272727272727,12.727272727272727,74.54545454545455,63.63636363636363,10.909090909090908
E00182736,143,42,12,30,101,81,20,29.37062937062937,8.391608391608392,20.97902097902098,70.62937062937063,56.64335664335665,13.986013986013987
E00182737,146,34,14,20,112,98,14,23.28767123287671,9.58904109589041,13.698630136986301,76.71232876712328,67.12328767123287,9.58904109589041
E00182738,79,16,6,10,63,53,10,20.253164556962027,7.59493670886076,12.658227848101266,79.74683544303798,67.08860759493672,12.658227848101266
E00182739,66,19,6,13,47,41,6,28.78787878787879,9.090909090909092,19.696969696969695,71.21212121212122,62.121212121212125,9.090909090909092
E00182740,156,39,15,24,117,107,10,25,9.615384615384617,15.384615384615385,75,68.58974358974359,6.41025641025641
E00182743,216,57,14,43,159,139,20,26.38888888888889,6.481481481481481,19.90740740740741,73.61111111111111,64.35185185185185,9.25925925925926
