OA,ts0590001,ts0590002,ts0590003,ts0590004,ts0590005,ts0590006,ts0590007,ts0590002_PCT,ts0590003_PCT,ts0590004_PCT,ts0590005_PCT,ts0590006_PCT,ts0590007_PCT
E00096409,147,50,22,28,97,85,12,34.01360544217687,14.965986394557824,19.047619047619047,65.98639455782312,57.82312925170068,8.16326530612245
E00096410,149,43,17,26,106,92,14,28.859060402684566,11.409395973154362,17.449664429530202,71.14093959731544,61.74496644295302,9.395973154362416
E00096411,112,32,8,24,80,71,9,28.57142857142857,7.142857142857142,21.428571428571427,71.42857142857143,63.39285714285714,8.035714285714286
E00096413,103,28,9,19,75,63,12,27.184466019417474,8.737864077669903,18.446601941747574,72.81553398058253,61.165048543689316,11.650485436893204
E00096414,136,48,21,27,88,80,8,35.294117647058826,15.441176470588236,19.852941176470587,64.70588235294117,58.82352941176471,5.88235294117647
E00096415,140,45,18,27,95,80,15,32.142857142857146,12.857142857142856,19.28571428571429,67.85714285714286,57.14285714285714,10.714285714285714
E00096416,102,26,13,13,76,65,11,25.49019607843137,12.745098039215685,12.745098039215685,74.50980392156863,63.725490196078425,10.784313725490197
E00096417,88,29,7,22,59,52,7,32.95454545454545,7.954545454545454,25,67.04545454545455,59.09090909090909,7.954545454545454
E00096418,114,38,17,21,76,67,9,33.33333333333333,14.912280701754385,18.421052631578945,66.66666666666666,58.77192982456141,7.894736842105263
E00096419,113,40,11,29,73,61,12,35.39823008849557,9.734513274336283,25.663716814159294,64.60176991150442,53.98230088495575,10.619469026548673
E00096420,142,51,23,28,91,74,17,35.91549295774648,16.19718309859155,19.718309859154928,64.08450704225352,52.112676056338024,11.971830985915492
E00096421,131,48,18,30,83,73,10,36.6412213740458,13.740458015267176,22.900763358778626,63.358778625954194,55.72519083969466,7.633587786259542
E00096422,118,40,11,29,78,71,7,33.89830508474576,9.322033898305085,24.576271186440678,66.10169491525424,60.16949152542372,5.932203389830509
E00096423,116,40,13,27,76,64,12,34.48275862068966,11.206896551724139,23.275862068965516,65.51724137931035,55.172413793103445,10.344827586206897
E00096424,128,48,8,40,80,72,8,37.5,6.25,31.25,62.5,56.25,6.25
E00096425,136,41,11,30,95,70,25,30.14705882352941,8.088235294117647,22.058823529411764,69.85294117647058,51.470588235294116,18.38235294117647
E00096426,121,45,14,31,76,62,14,37.1900826446281,11.570247933884298,25.6198347107438,62.8099173553719,51.2396694214876,11.570247933884298
E00096427,141,42,6,36,99,86,13,29.78723404255319,4.25531914893617,25.53191489361702,70.2127659574468,60.99290780141844,9.219858156028367
E00096428,116,38,11,27,78,63,15,32.758620689655174,9.482758620689655,23.275862068965516,67.24137931034483,54.310344827586206,12.931034482758621
E00096429,144,39,13,26,105,81,24,27.083333333333332,9.027777777777777,18.055555555555554,72.91666666666666,56.25,16.666666666666664
E00096430,153,54,18,36,99,73,26,35.294117647058826,11.76470588235294,23.52941176470588,64.70588235294117,47.712418300653596,16.99346405228758
E00096431,127,38,11,27,89,75,14,29.92125984251969,8.661417322834646,21.25984251968504,70.07874015748031,59.055118110236215,11.023622047244094
E00096432,128,42,14,28,86,71,15,32.8125,10.9375,21.875,67.1875,55.46875,11.71875
E00096433,142,53,14,39,89,76,13,37.32394366197183,9.859154929577464,27.464788732394368,62.676056338028175,53.52112676056338,9.15492957746479
E00096434,140,40,13,27,100,78,22,28.57142857142857,9.285714285714286,19.28571428571429,71.42857142857143,55.714285714285715,15.714285714285714
E00096435,141,49,15,34,92,81,11,34.751773049645394,10.638297872340425,24.113475177304963,65.24822695035462,57.446808510638306,7.801418439716312
E00096436,185,58,21,37,127,86,41,31.351351351351354,11.351351351351353,20,68.64864864864865,46.48648648648649,22.162162162162165
E00096437,162,50,21,29,112,90,22,30.864197530864196,12.962962962962962,17.901234567901234,69.1358024691358,55.55555555555556,13.580246913580247
E00096438,157,54,26,28,103,67,36,34.394904458598724,16.560509554140125,17.8343949044586,65.60509554140127,42.675159235668794,22.929936305732486
E00096439,119,42,21,21,77,41,36,35.294117647058826,17.647058823529413,17.647058823529413,64.70588235294117,34.45378151260504,30.252100840336134
E00096440,117,34,18,16,83,60,23,29.059829059829063,15.384615384615385,13.675213675213676,70.94017094017094,51.28205128205128,19.65811965811966
E00096441,175,77,37,40,98,84,14,44,21.142857142857142,22.857142857142858,56.00000000000001,48,8
E00096442,189,56,21,35,133,96,37,29.629629629629626,11.11111111111111,18.51851851851852,70.37037037037037,50.79365079365079,19.576719576719576
E00096443,139,38,15,23,101,81,20,27.33812949640288,10.79136690647482,16.546762589928058,72.66187050359713,58.27338129496403,14.388489208633093
E00096444,188,50,15,35,138,119,19,26.595744680851062,7.9787234042553195,18.617021276595743,73.40425531914893,63.297872340425535,10.106382978723403
E00096446,244,77,19,58,167,141,26,31.557377049180328,7.786885245901639,23.770491803278688,68.44262295081968,57.786885245901644,10.655737704918032
E00096447,160,46,17,29,114,104,10,28.749999999999996,10.625,18.125,71.25,65,6.25
E00096448,130,44,11,33,86,79,7,33.84615384615385,8.461538461538462,25.384615384615383,66.15384615384615,60.76923076923077,5.384615384615385
E00096449,124,43,12,31,81,68,13,34.67741935483871,9.67741935483871,25,65.32258064516128,54.83870967741935,10.483870967741936
E00096450,120,34,11,23,86,77,9,28.333333333333332,9.166666666666666,19.166666666666668,71.66666666666667,64.16666666666667,7.5
E00096451,163,37,10,27,126,115,11,22.699386503067483,6.134969325153374,16.56441717791411,77.30061349693251,70.5521472392638,6.748466257668712
E00096452,145,60,26,34,85,78,7,41.37931034482759,17.93103448275862,23.448275862068964,58.620689655172406,53.79310344827586,4.827586206896552
E00096453,165,55,18,37,110,90,20,33.33333333333333,10.909090909090908,22.424242424242426,66.66666666666666,54.54545454545454,12.121212121212121
E00096454,131,47,21,26,84,72,12,35.87786259541985,16.030534351145036,19.84732824427481,64.12213740458014,54.961832061068705,9.16030534351145
E00096455,156,56,22,34,100,87,13,35.8974358974359,14.102564102564102,21.794871794871796,64.1025641025641,55.769230769230774,8.333333333333332
E00096456,150,48,21,27,102,85,17,32,14.000000000000002,18,68,56.666666666666664,11.333333333333332
E00096457,173,59,19,40,114,97,17,34.104046242774565,10.982658959537572,23.121387283236995,65.89595375722543,56.06936416184971,9.826589595375722
E00096458,76,26,11,15,50,43,7,34.21052631578947,14.473684210526317,19.736842105263158,65.78947368421053,56.57894736842105,9.210526315789473
E00096459,134,53,11,42,81,68,13,39.55223880597015,8.208955223880597,31.343283582089555,60.447761194029844,50.74626865671642,9.701492537313433
E00096460,173,46,19,27,127,103,24,26.589595375722542,10.982658959537572,15.606936416184972,73.41040462427746,59.53757225433526,13.872832369942195
E00096461,82,21,7,14,61,49,12,25.609756097560975,8.536585365853659,17.073170731707318,74.39024390243902,59.756097560975604,14.634146341463413
E00096462,126,46,18,28,80,63,17,36.507936507936506,14.285714285714285,22.22222222222222,63.49206349206349,50,13.492063492063492
E00096463,94,37,16,21,57,45,12,39.361702127659576,17.02127659574468,22.340425531914892,60.63829787234043,47.87234042553192,12.76595744680851
E00096464,129,36,14,22,93,75,18,27.906976744186046,10.852713178294573,17.05426356589147,72.09302325581395,58.139534883720934,13.953488372093023
E00096465,159,32,9,23,127,116,11,20.125786163522015,5.660377358490567,14.465408805031446,79.87421383647799,72.95597484276729,6.918238993710692
E00096466,180,53,8,45,127,114,13,29.444444444444446,4.444444444444445,25,70.55555555555556,63.33333333333333,7.222222222222221
E00096467,95,35,7,28,60,51,9,36.84210526315789,7.368421052631578,29.47368421052631,63.1578947368421,53.68421052631579,9.473684210526317
E00096468,124,36,3,33,88,72,16,29.03225806451613,2.4193548387096775,26.61290322580645,70.96774193548387,58.06451612903226,12.903225806451612
E00096469,113,34,4,30,79,71,8,30.08849557522124,3.5398230088495577,26.548672566371685,69.91150442477876,62.83185840707964,7.079646017699115
E00096470,234,73,21,52,161,136,25,31.196581196581196,8.974358974358974,22.22222222222222,68.80341880341881,58.119658119658126,10.683760683760683
E00096472,158,51,25,26,107,72,35,32.278481012658226,15.822784810126583,16.455696202531644,67.72151898734177,45.56962025316456,22.151898734177212
E00096474,144,57,26,31,87,60,27,39.58333333333333,18.055555555555554,21.52777777777778,60.416666666666664,41.66666666666667,18.75
E00096475,113,51,28,23,62,49,13,45.13274336283185,24.778761061946902,20.353982300884958,54.86725663716814,43.36283185840708,11.504424778761061
E00096477,69,22,8,14,47,36,11,31.88405797101449,11.594202898550725,20.28985507246377,68.11594202898551,52.17391304347826,15.942028985507244
E00096478,208,64,22,42,144,123,21,30.76923076923077,10.576923076923077,20.192307692307693,69.23076923076923,59.13461538461539,10.096153846153847
E00096479,194,54,21,33,140,102,38,27.835051546391753,10.824742268041238,17.010309278350515,72.16494845360825,52.57731958762887,19.587628865979383
E00096480,169,51,22,29,118,85,33,30.17751479289941,13.017751479289942,17.159763313609467,69.8224852071006,50.29585798816568,19.526627218934912
E00096481,89,25,8,17,64,47,17,28.08988764044944,8.98876404494382,19.101123595505616,71.91011235955057,52.80898876404494,19.101123595505616
E00096482,175,48,18,30,127,99,28,27.42857142857143,10.285714285714285,17.142857142857142,72.57142857142857,56.57142857142857,16
E00096484,128,49,20,29,79,62,17,38.28125,15.625,22.65625,61.71875,48.4375,13.28125
E00096485,63,22,5,17,41,38,3,34.92063492063492,7.936507936507936,26.984126984126984,65.07936507936508,60.317460317460316,4.761904761904762
E00096486,90,36,23,13,54,44,10,40,25.555555555555554,14.444444444444443,60,48.888888888888886,11.11111111111111
E00096488,70,32,13,19,38,29,9,45.714285714285715,18.571428571428573,27.142857142857142,54.285714285714285,41.42857142857143,12.857142857142856
E00096489,183,46,23,23,137,97,40,25.136612021857925,12.568306010928962,12.568306010928962,74.86338797814209,53.00546448087432,21.85792349726776
E00096490,126,38,11,27,88,71,17,30.158730158730158,8.73015873015873,21.428571428571427,69.84126984126983,56.34920634920635,13.492063492063492
E00096491,129,32,8,24,97,82,15,24.8062015503876,6.2015503875969,18.6046511627907,75.1937984496124,63.565891472868216,11.627906976744185
E00096492,87,26,10,16,61,51,10,29.88505747126437,11.494252873563218,18.39080459770115,70.11494252873564,58.620689655172406,11.494252873563218
E00096493,56,24,11,13,32,29,3,42.857142857142854,19.642857142857142,23.214285714285715,57.14285714285714,51.78571428571429,5.357142857142857
E00096494,62,21,8,13,41,35,6,33.87096774193548,12.903225806451612,20.967741935483872,66.12903225806451,56.451612903225815,9.67741935483871
E00096495,170,48,18,30,122,106,16,28.235294117647058,10.588235294117647,17.647058823529413,71.76470588235294,62.35294117647059,9.411764705882353
E00096497,161,56,21,35,105,81,24,34.78260869565217,13.043478260869565,21.73913043478261,65.21739130434783,50.31055900621118,14.906832298136646
E00096498,136,29,5,24,107,90,17,21.323529411764707,3.6764705882352944,17.647058823529413,78.67647058823529,66.17647058823529,12.5
E00096499,142,48,15,33,94,76,18,33.80281690140845,10.56338028169014,23.239436619718308,66.19718309859155,53.52112676056338,12.676056338028168
E00096500,148,45,9,36,103,91,12,30.405405405405407,6.081081081081082,24.324324324324326,69.5945945945946,61.48648648648649,8.108108108108109
E00096501,170,51,14,37,119,104,15,30,8.235294117647058,21.764705882352942,70,61.1764705882353,8.823529411764707
E00096502,90,28,7,21,62,56,6,31.11111111111111,7.777777777777778,23.333333333333332,68.88888888888889,62.22222222222222,6.666666666666667
E00096503,171,41,9,32,130,111,19,23.976608187134502,5.263157894736842,18.71345029239766,76.0233918128655,64.91228070175438,11.11111111111111
E00096504,138,36,8,28,102,91,11,26.08695652173913,5.797101449275362,20.28985507246377,73.91304347826086,65.94202898550725,7.971014492753622
E00096505,142,40,11,29,102,92,10,28.169014084507044,7.746478873239436,20.422535211267608,71.83098591549296,64.7887323943662,7.042253521126761
E00096506,164,46,12,34,118,97,21,28.04878048780488,7.317073170731707,20.73170731707317,71.95121951219512,59.14634146341463,12.804878048780488
E00096507,115,42,10,32,73,66,7,36.52173913043478,8.695652173913043,27.82608695652174,63.47826086956522,57.391304347826086,6.086956521739131
E00096508,116,33,4,29,83,79,4,28.448275862068968,3.4482758620689653,25,71.55172413793103,68.10344827586206,3.4482758620689653
E00096509,119,43,12,31,76,66,10,36.134453781512605,10.084033613445378,26.05042016806723,63.86554621848739,55.46218487394958,8.403361344537815
E00096510,138,61,21,40,77,68,9,44.20289855072464,15.217391304347828,28.985507246376812,55.79710144927537,49.275362318840585,6.521739130434782
E00096511,110,33,10,23,77,67,10,30,9.090909090909092,20.909090909090907,70,60.909090909090914,9.090909090909092
E00096512,96,40,17,23,56,51,5,41.66666666666667,17.708333333333336,23.958333333333336,58.333333333333336,53.125,5.208333333333334
E00096513,98,41,16,25,57,49,8,41.83673469387755,16.3265306122449,25.510204081632654,58.16326530612245,50,8.16326530612245
E00096514,172,47,10,37,125,107,18,27.325581395348834,5.813953488372093,21.511627906976745,72.67441860465115,62.2093023255814,10.465116279069768
E00096515,246,75,18,57,171,147,24,30.48780487804878,7.317073170731707,23.170731707317074,69.51219512195121,59.756097560975604,9.75609756097561
E00096516,112,41,14,27,71,60,11,36.607142857142854,12.5,24.107142857142858,63.39285714285714,53.57142857142857,9.821428571428571
E00096517,118,37,13,24,81,69,12,31.35593220338983,11.016949152542372,20.33898305084746,68.64406779661016,58.47457627118644,10.16949152542373
E00096518,116,46,10,36,70,64,6,39.6551724137931,8.620689655172415,31.03448275862069,60.3448275862069,55.172413793103445,5.172413793103448
E00096519,125,41,8,33,84,77,7,32.800000000000004,6.4,26.400000000000002,67.2,61.6,5.6000000000000005
E00096520,129,56,21,35,73,66,7,43.41085271317829,16.27906976744186,27.131782945736433,56.58914728682171,51.162790697674424,5.426356589147287
E00096521,103,36,12,24,67,64,3,34.95145631067961,11.650485436893204,23.300970873786408,65.0485436893204,62.13592233009708,2.912621359223301
E00096522,114,42,14,28,72,65,7,36.84210526315789,12.280701754385964,24.561403508771928,63.1578947368421,57.01754385964912,6.140350877192982
E00096523,107,41,13,28,66,57,9,38.31775700934579,12.149532710280374,26.168224299065418,61.6822429906542,53.271028037383175,8.411214953271028
E00096524,156,45,12,33,111,100,11,28.846153846153843,7.6923076923076925,21.153846153846153,71.15384615384616,64.1025641025641,7.051282051282051
E00096525,158,44,12,32,114,98,16,27.848101265822784,7.59493670886076,20.253164556962027,72.15189873417721,62.0253164556962,10.126582278481013
E00096526,90,38,12,26,52,49,3,42.22222222222222,13.333333333333334,28.888888888888886,57.77777777777777,54.44444444444444,3.3333333333333335
E00096527,142,39,7,32,103,93,10,27.464788732394368,4.929577464788732,22.535211267605636,72.53521126760563,65.49295774647888,7.042253521126761
E00096528,103,36,4,32,67,61,6,34.95145631067961,3.8834951456310676,31.06796116504854,65.0485436893204,59.22330097087378,5.825242718446602
E00096529,149,48,8,40,101,78,23,32.21476510067114,5.369127516778524,26.845637583892618,67.78523489932886,52.348993288590606,15.436241610738255
E00096530,114,36,12,24,78,70,8,31.57894736842105,10.526315789473683,21.052631578947366,68.42105263157895,61.40350877192983,7.017543859649122
E00096531,98,31,15,16,67,55,12,31.63265306122449,15.306122448979592,16.3265306122449,68.36734693877551,56.12244897959183,12.244897959183673
E00096532,143,36,7,29,107,90,17,25.174825174825177,4.895104895104895,20.27972027972028,74.82517482517483,62.93706293706294,11.888111888111888
E00096533,131,39,12,27,92,85,7,29.770992366412212,9.16030534351145,20.610687022900763,70.22900763358778,64.8854961832061,5.343511450381679
E00096534,96,17,6,11,79,68,11,17.708333333333336,6.25,11.458333333333332,82.29166666666666,70.83333333333334,11.458333333333332
E00096536,146,37,2,35,109,102,7,25.34246575342466,1.36986301369863,23.972602739726025,74.65753424657534,69.86301369863014,4.794520547945205
E00096537,162,45,13,32,117,105,12,27.77777777777778,8.024691358024691,19.753086419753085,72.22222222222221,64.81481481481481,7.4074074074074066
E00096538,133,41,12,29,92,88,4,30.82706766917293,9.022556390977442,21.804511278195488,69.17293233082707,66.16541353383458,3.007518796992481
E00096539,247,61,25,36,186,160,26,24.696356275303643,10.121457489878543,14.5748987854251,75.30364372469636,64.77732793522267,10.526315789473683
E00096540,185,50,19,31,135,123,12,27.027027027027028,10.27027027027027,16.756756756756758,72.97297297297297,66.48648648648648,6.486486486486487
E00096541,87,26,9,17,61,38,23,29.88505747126437,10.344827586206897,19.54022988505747,70.11494252873564,43.67816091954023,26.436781609195403
E00096542,93,29,8,21,64,53,11,31.182795698924732,8.60215053763441,22.58064516129032,68.81720430107528,56.98924731182796,11.827956989247312
E00096543,216,74,22,52,142,92,50,34.25925925925926,10.185185185185185,24.074074074074073,65.74074074074075,42.592592592592595,23.14814814814815
E00096544,138,39,8,31,99,81,18,28.26086956521739,5.797101449275362,22.463768115942027,71.73913043478261,58.69565217391305,13.043478260869565
E00096545,209,65,21,44,144,104,40,31.100478468899524,10.047846889952153,21.052631578947366,68.89952153110048,49.760765550239235,19.138755980861244
E00096546,106,44,22,22,62,50,12,41.509433962264154,20.754716981132077,20.754716981132077,58.490566037735846,47.16981132075472,11.320754716981133
E00096547,137,50,27,23,87,72,15,36.496350364963504,19.708029197080293,16.78832116788321,63.503649635036496,52.55474452554745,10.948905109489052
E00096548,117,41,24,17,76,59,17,35.04273504273504,20.51282051282051,14.529914529914532,64.95726495726495,50.427350427350426,14.529914529914532
E00096549,149,61,23,38,88,68,20,40.939597315436245,15.436241610738255,25.503355704697988,59.06040268456376,45.63758389261745,13.422818791946309
E00096550,75,25,9,16,50,32,18,33.33333333333333,12,21.333333333333336,66.66666666666666,42.66666666666667,24
E00096551,94,38,16,22,56,48,8,40.42553191489361,17.02127659574468,23.404255319148938,59.57446808510638,51.06382978723404,8.51063829787234
E00096552,109,38,20,18,71,55,16,34.862385321100916,18.34862385321101,16.51376146788991,65.13761467889908,50.45871559633027,14.678899082568808
E00096553,81,23,7,16,58,51,7,28.39506172839506,8.641975308641975,19.753086419753085,71.60493827160494,62.96296296296296,8.641975308641975
E00096554,162,58,23,35,104,89,15,35.80246913580247,14.19753086419753,21.604938271604937,64.19753086419753,54.93827160493827,9.25925925925926
E00096555,216,91,31,60,125,108,17,42.129629629629626,14.351851851851851,27.77777777777778,57.870370370370374,50,7.87037037037037
E00096556,104,37,15,22,67,58,9,35.57692307692308,14.423076923076922,21.153846153846153,64.42307692307693,55.769230769230774,8.653846153846153
E00096557,152,56,20,36,96,79,17,36.84210526315789,13.157894736842104,23.684210526315788,63.1578947368421,51.973684210526315,11.18421052631579
E00096558,73,32,14,18,41,33,8,43.83561643835616,19.17808219178082,24.65753424657534,56.16438356164384,45.20547945205479,10.95890410958904
E00096559,97,33,12,21,64,60,4,34.02061855670103,12.371134020618557,21.649484536082475,65.97938144329896,61.855670103092784,4.123711340206185
E00096560,115,36,13,23,79,53,26,31.30434782608696,11.304347826086957,20,68.69565217391305,46.08695652173913,22.608695652173914
E00096561,92,30,16,14,62,47,15,32.608695652173914,17.391304347826086,15.217391304347828,67.3913043478261,51.08695652173913,16.304347826086957
E00096562,75,38,18,20,37,30,7,50.66666666666667,24,26.666666666666668,49.333333333333336,40,9.333333333333334
E00096563,135,41,18,23,94,80,14,30.37037037037037,13.333333333333334,17.037037037037038,69.62962962962963,59.25925925925925,10.37037037037037
E00096564,205,69,30,39,136,92,44,33.65853658536586,14.634146341463413,19.024390243902438,66.34146341463415,44.87804878048781,21.463414634146343
E00096565,118,43,15,28,75,44,31,36.440677966101696,12.711864406779661,23.728813559322035,63.559322033898304,37.28813559322034,26.27118644067797
E00096566,125,48,17,31,77,61,16,38.4,13.600000000000001,24.8,61.6,48.8,12.8
E00096567,134,45,14,31,89,74,15,33.582089552238806,10.44776119402985,23.134328358208954,66.4179104477612,55.223880597014926,11.194029850746269
E00096568,101,34,10,24,67,43,24,33.663366336633665,9.900990099009901,23.762376237623762,66.33663366336634,42.57425742574257,23.762376237623762
E00096569,239,87,28,59,152,103,49,36.40167364016737,11.715481171548117,24.686192468619247,63.59832635983263,43.09623430962343,20.502092050209207
E00096570,108,41,11,30,67,65,2,37.96296296296296,10.185185185185185,27.77777777777778,62.03703703703704,60.18518518518518,1.8518518518518516
E00096571,133,35,16,19,98,86,12,26.31578947368421,12.030075187969924,14.285714285714285,73.68421052631578,64.66165413533834,9.022556390977442
E00096572,121,40,11,29,81,73,8,33.057851239669425,9.090909090909092,23.96694214876033,66.94214876033058,60.33057851239669,6.6115702479338845
E00096573,83,31,8,23,52,49,3,37.34939759036144,9.63855421686747,27.710843373493976,62.65060240963856,59.036144578313255,3.614457831325301
E00096574,161,54,15,39,107,98,9,33.54037267080746,9.316770186335404,24.22360248447205,66.45962732919256,60.86956521739131,5.590062111801243
E00096575,111,44,9,35,67,59,8,39.63963963963964,8.108108108108109,31.53153153153153,60.36036036036037,53.153153153153156,7.207207207207207
E00096576,104,39,11,28,65,58,7,37.5,10.576923076923077,26.923076923076923,62.5,55.769230769230774,6.730769230769231
E00096577,115,42,18,24,73,69,4,36.52173913043478,15.65217391304348,20.869565217391305,63.47826086956522,60,3.4782608695652173
E00096578,104,38,14,24,66,60,6,36.53846153846153,13.461538461538462,23.076923076923077,63.46153846153846,57.692307692307686,5.769230769230769
E00096579,140,43,11,32,97,92,5,30.714285714285715,7.857142857142857,22.857142857142858,69.28571428571428,65.71428571428571,3.571428571428571
E00096580,122,44,9,35,78,72,6,36.0655737704918,7.377049180327869,28.688524590163933,63.934426229508205,59.01639344262295,4.918032786885246
E00096581,89,29,5,24,60,51,9,32.58426966292135,5.617977528089887,26.96629213483146,67.41573033707866,57.30337078651685,10.112359550561797
E00096582,131,49,11,38,82,72,10,37.404580152671755,8.396946564885496,29.00763358778626,62.59541984732825,54.961832061068705,7.633587786259542
E00096583,107,39,10,29,68,61,7,36.44859813084112,9.345794392523365,27.102803738317753,63.55140186915887,57.009345794392516,6.5420560747663545
E00096584,117,44,10,34,73,64,9,37.60683760683761,8.547008547008547,29.059829059829063,62.39316239316239,54.700854700854705,7.6923076923076925
E00096585,132,38,12,26,94,82,12,28.78787878787879,9.090909090909092,19.696969696969695,71.21212121212122,62.121212121212125,9.090909090909092
E00096586,110,51,20,31,59,52,7,46.36363636363636,18.181818181818183,28.18181818181818,53.63636363636364,47.27272727272727,6.363636363636363
E00096587,103,48,13,35,55,55,0,46.601941747572816,12.62135922330097,33.980582524271846,53.398058252427184,53.398058252427184,0
E00096588,77,38,14,24,39,32,7,49.35064935064935,18.181818181818183,31.16883116883117,50.649350649350644,41.55844155844156,9.090909090909092
E00096590,133,38,11,27,95,89,6,28.57142857142857,8.270676691729323,20.30075187969925,71.42857142857143,66.9172932330827,4.511278195488721
E00096591,88,29,9,20,59,50,9,32.95454545454545,10.227272727272728,22.727272727272727,67.04545454545455,56.81818181818182,10.227272727272728
E00096592,43,11,5,6,32,29,3,25.581395348837212,11.627906976744185,13.953488372093023,74.4186046511628,67.44186046511628,6.976744186046512
E00096593,127,49,16,33,78,71,7,38.582677165354326,12.598425196850393,25.984251968503933,61.417322834645674,55.90551181102362,5.511811023622047
E00096594,134,42,11,31,92,83,9,31.343283582089555,8.208955223880597,23.134328358208954,68.65671641791045,61.940298507462686,6.7164179104477615
E00096595,125,48,12,36,77,65,12,38.4,9.6,28.799999999999997,61.6,52,9.6
E00096596,124,57,16,41,67,55,12,45.96774193548387,12.903225806451612,33.064516129032256,54.03225806451613,44.354838709677416,9.67741935483871
E00096597,127,58,16,42,69,60,9,45.66929133858268,12.598425196850393,33.07086614173229,54.330708661417326,47.24409448818898,7.086614173228346
E00096598,125,54,18,36,71,68,3,43.2,14.399999999999999,28.799999999999997,56.8,54.400000000000006,2.4
E00096599,117,42,10,32,75,67,8,35.8974358974359,8.547008547008547,27.350427350427353,64.1025641025641,57.26495726495726,6.837606837606838
E00096600,125,37,14,23,88,74,14,29.599999999999998,11.200000000000001,18.4,70.39999999999999,59.199999999999996,11.200000000000001
E00096601,150,47,9,38,103,90,13,31.333333333333336,6,25.333333333333336,68.66666666666667,60,8.666666666666668
E00096602,102,52,12,40,50,43,7,50.98039215686274,11.76470588235294,39.21568627450981,49.01960784313725,42.15686274509804,6.862745098039216
E00096603,123,39,12,27,84,72,12,31.70731707317073,9.75609756097561,21.951219512195124,68.29268292682927,58.536585365853654,9.75609756097561
E00096604,76,26,5,21,50,41,9,34.21052631578947,6.578947368421052,27.631578947368425,65.78947368421053,53.94736842105263,11.842105263157894
E00096605,133,31,10,21,102,92,10,23.308270676691727,7.518796992481203,15.789473684210526,76.69172932330827,69.17293233082707,7.518796992481203
E00096606,93,28,7,21,65,61,4,30.107526881720432,7.526881720430108,22.58064516129032,69.89247311827957,65.59139784946237,4.301075268817205
E00096607,131,37,10,27,94,79,15,28.24427480916031,7.633587786259542,20.610687022900763,71.7557251908397,60.30534351145038,11.450381679389313
E00096608,154,50,10,40,104,94,10,32.467532467532465,6.493506493506493,25.97402597402597,67.53246753246754,61.038961038961034,6.493506493506493
E00096609,114,36,9,27,78,71,7,31.57894736842105,7.894736842105263,23.684210526315788,68.42105263157895,62.28070175438597,6.140350877192982
E00096610,143,42,11,31,101,93,8,29.37062937062937,7.6923076923076925,21.678321678321677,70.62937062937063,65.03496503496503,5.594405594405594
E00096611,145,47,14,33,98,84,14,32.41379310344827,9.655172413793103,22.758620689655174,67.58620689655173,57.931034482758626,9.655172413793103
E00096612,54,15,5,10,39,30,9,27.77777777777778,9.25925925925926,18.51851851851852,72.22222222222221,55.55555555555556,16.666666666666664
E00096613,171,59,16,43,112,102,10,34.50292397660819,9.35672514619883,25.146198830409354,65.49707602339181,59.64912280701754,5.847953216374268
E00096614,153,46,16,30,107,95,12,30.065359477124183,10.457516339869281,19.607843137254903,69.93464052287581,62.091503267973856,7.8431372549019605
E00096615,100,26,10,16,74,63,11,26,10,16,74,63,11
E00096616,137,40,11,29,97,86,11,29.1970802919708,8.02919708029197,21.16788321167883,70.8029197080292,62.77372262773723,8.02919708029197
E00096617,101,31,6,25,70,55,15,30.693069306930692,5.9405940594059405,24.752475247524753,69.3069306930693,54.45544554455446,14.85148514851485
E00096618,125,41,13,28,84,77,7,32.800000000000004,10.4,22.400000000000002,67.2,61.6,5.6000000000000005
E00096619,125,30,10,20,95,85,10,24,8,16,76,68,8
E00096620,117,37,5,32,80,75,5,31.62393162393162,4.273504273504273,27.350427350427353,68.37606837606837,64.1025641025641,4.273504273504273
E00096621,83,20,4,16,63,60,3,24.096385542168676,4.819277108433735,19.27710843373494,75.90361445783132,72.28915662650603,3.614457831325301
E00096622,159,61,20,41,98,87,11,38.36477987421384,12.578616352201259,25.78616352201258,61.63522012578616,54.71698113207547,6.918238993710692
E00096623,156,40,11,29,116,105,11,25.64102564102564,7.051282051282051,18.58974358974359,74.35897435897436,67.3076923076923,7.051282051282051
E00096624,169,56,10,46,113,98,15,33.13609467455622,5.9171597633136095,27.218934911242602,66.86390532544378,57.98816568047337,8.875739644970414
E00096625,134,39,14,25,95,83,12,29.1044776119403,10.44776119402985,18.65671641791045,70.8955223880597,61.940298507462686,8.955223880597014
E00096626,106,29,12,17,77,64,13,27.358490566037734,11.320754716981133,16.037735849056602,72.64150943396226,60.37735849056604,12.264150943396226
E00096627,276,63,16,47,213,192,21,22.82608695652174,5.797101449275362,17.02898550724638,77.17391304347827,69.56521739130434,7.608695652173914
E00096628,119,42,7,35,77,69,8,35.294117647058826,5.88235294117647,29.411764705882355,64.70588235294117,57.98319327731093,6.722689075630252
E00096629,122,35,5,30,87,83,4,28.688524590163933,4.098360655737705,24.59016393442623,71.31147540983606,68.0327868852459,3.278688524590164
E00096630,137,44,18,26,93,86,7,32.11678832116788,13.138686131386862,18.97810218978102,67.88321167883211,62.77372262773723,5.109489051094891
E00096631,164,43,13,30,121,108,13,26.21951219512195,7.926829268292683,18.29268292682927,73.78048780487805,65.85365853658537,7.926829268292683
E00096632,149,46,10,36,103,98,5,30.87248322147651,6.7114093959731544,24.161073825503358,69.12751677852349,65.77181208053692,3.3557046979865772
E00096633,96,24,5,19,72,62,10,25,5.208333333333334,19.791666666666664,75,64.58333333333334,10.416666666666668
E00096634,138,48,27,21,90,86,4,34.78260869565217,19.565217391304348,15.217391304347828,65.21739130434783,62.31884057971014,2.898550724637681
E00096635,127,42,15,27,85,79,6,33.07086614173229,11.811023622047244,21.25984251968504,66.92913385826772,62.20472440944882,4.724409448818897
E00096636,109,39,13,26,70,64,6,35.77981651376147,11.926605504587156,23.853211009174313,64.22018348623854,58.71559633027523,5.5045871559633035
E00096637,159,51,14,37,108,98,10,32.075471698113205,8.80503144654088,23.270440251572328,67.9245283018868,61.63522012578616,6.289308176100629
E00096638,110,40,9,31,70,59,11,36.36363636363637,8.181818181818182,28.18181818181818,63.63636363636363,53.63636363636364,10
E00096639,87,32,8,24,55,48,7,36.7816091954023,9.195402298850574,27.586206896551722,63.2183908045977,55.172413793103445,8.045977011494253
E00096640,136,40,16,24,96,84,12,29.411764705882355,11.76470588235294,17.647058823529413,70.58823529411765,61.76470588235294,8.823529411764707
E00096641,58,20,8,12,38,38,0,34.48275862068966,13.793103448275861,20.689655172413794,65.51724137931035,65.51724137931035,0
E00096642,113,36,11,25,77,70,7,31.858407079646017,9.734513274336283,22.123893805309734,68.14159292035397,61.94690265486725,6.1946902654867255
E00096643,57,20,8,12,37,37,0,35.08771929824561,14.035087719298245,21.052631578947366,64.91228070175438,64.91228070175438,0
E00096644,128,41,3,38,87,82,5,32.03125,2.34375,29.6875,67.96875,64.0625,3.90625
E00096645,129,40,8,32,89,84,5,31.007751937984494,6.2015503875969,24.8062015503876,68.9922480620155,65.11627906976744,3.875968992248062
E00096646,130,46,13,33,84,73,11,35.38461538461539,10,25.384615384615383,64.61538461538461,56.15384615384615,8.461538461538462
E00096647,144,40,8,32,104,92,12,27.77777777777778,5.555555555555555,22.22222222222222,72.22222222222221,63.888888888888886,8.333333333333332
E00096648,147,54,24,30,93,85,8,36.734693877551024,16.3265306122449,20.408163265306122,63.26530612244898,57.82312925170068,5.442176870748299
E00096649,118,46,16,30,72,65,7,38.983050847457626,13.559322033898304,25.423728813559322,61.016949152542374,55.08474576271186,5.932203389830509
E00096650,52,24,8,16,28,22,6,46.15384615384615,15.384615384615385,30.76923076923077,53.84615384615385,42.30769230769231,11.538461538461538
E00096651,85,34,9,25,51,50,1,40,10.588235294117647,29.411764705882355,60,58.82352941176471,1.1764705882352942
E00096652,68,29,9,20,39,32,7,42.64705882352941,13.23529411764706,29.411764705882355,57.35294117647059,47.05882352941176,10.294117647058822
E00096653,175,46,7,39,129,112,17,26.285714285714285,4,22.285714285714285,73.71428571428571,64,9.714285714285714
E00096654,191,49,11,38,142,125,17,25.654450261780106,5.7591623036649215,19.895287958115183,74.3455497382199,65.44502617801047,8.900523560209423
E00096655,128,32,10,22,96,87,9,25,7.8125,17.1875,75,67.96875,7.03125
E00096656,104,21,8,13,83,75,8,20.192307692307693,7.6923076923076925,12.5,79.8076923076923,72.11538461538461,7.6923076923076925
E00096657,138,38,13,25,100,90,10,27.536231884057973,9.420289855072465,18.115942028985508,72.46376811594203,65.21739130434783,7.246376811594203
E00096658,151,33,8,25,118,99,19,21.85430463576159,5.298013245033113,16.55629139072848,78.1456953642384,65.56291390728477,12.582781456953644
E00096659,272,64,18,46,208,194,14,23.52941176470588,6.61764705882353,16.911764705882355,76.47058823529412,71.32352941176471,5.147058823529411
E00096660,110,37,6,31,73,66,7,33.63636363636363,5.454545454545454,28.18181818181818,66.36363636363637,60,6.363636363636363
E00096661,141,35,9,26,106,99,7,24.822695035460992,6.382978723404255,18.439716312056735,75.177304964539,70.2127659574468,4.964539007092199
E00096662,277,70,25,45,207,195,12,25.27075812274368,9.025270758122744,16.24548736462094,74.72924187725631,70.3971119133574,4.332129963898916
E00096663,109,38,11,27,71,66,5,34.862385321100916,10.091743119266056,24.770642201834864,65.13761467889908,60.550458715596335,4.587155963302752
E00096664,118,35,8,27,83,74,9,29.66101694915254,6.779661016949152,22.88135593220339,70.33898305084746,62.71186440677966,7.627118644067797
E00096665,117,30,6,24,87,84,3,25.64102564102564,5.128205128205128,20.51282051282051,74.35897435897436,71.7948717948718,2.564102564102564
E00096666,94,24,6,18,70,61,9,25.53191489361702,6.382978723404255,19.148936170212767,74.46808510638297,64.8936170212766,9.574468085106384
E00096667,130,34,10,24,96,90,6,26.153846153846157,7.6923076923076925,18.461538461538463,73.84615384615385,69.23076923076923,4.615384615384616
E00096668,111,27,3,24,84,73,11,24.324324324324326,2.7027027027027026,21.62162162162162,75.67567567567568,65.76576576576578,9.90990990990991
E00096669,158,42,18,24,116,80,36,26.582278481012654,11.39240506329114,15.18987341772152,73.41772151898735,50.63291139240506,22.78481012658228
E00096670,144,50,13,37,94,82,12,34.72222222222222,9.027777777777777,25.694444444444443,65.27777777777779,56.94444444444444,8.333333333333332
E00096671,151,49,17,32,102,89,13,32.450331125827816,11.258278145695364,21.192052980132452,67.54966887417218,58.94039735099338,8.609271523178808
E00096672,132,41,12,29,91,73,18,31.060606060606062,9.090909090909092,21.96969696969697,68.93939393939394,55.3030303030303,13.636363636363635
E00096673,88,27,8,19,61,55,6,30.681818181818183,9.090909090909092,21.59090909090909,69.31818181818183,62.5,6.8181818181818175
E00096674,131,43,17,26,88,70,18,32.82442748091603,12.977099236641221,19.84732824427481,67.17557251908397,53.43511450381679,13.740458015267176
E00096675,115,36,9,27,79,61,18,31.30434782608696,7.82608695652174,23.47826086956522,68.69565217391305,53.04347826086957,15.65217391304348
E00096676,168,54,25,29,114,89,25,32.142857142857146,14.880952380952381,17.261904761904763,67.85714285714286,52.976190476190474,14.880952380952381
E00096677,75,31,14,17,44,37,7,41.333333333333336,18.666666666666668,22.666666666666664,58.666666666666664,49.333333333333336,9.333333333333334
E00096678,96,34,10,24,62,49,13,35.41666666666667,10.416666666666668,25,64.58333333333334,51.041666666666664,13.541666666666666
E00096679,55,17,6,11,38,30,8,30.909090909090907,10.909090909090908,20,69.0909090909091,54.54545454545454,14.545454545454545
E00096680,137,46,15,31,91,60,31,33.57664233576642,10.948905109489052,22.62773722627737,66.42335766423358,43.79562043795621,22.62773722627737
E00096681,124,40,12,28,84,57,27,32.25806451612903,9.67741935483871,22.58064516129032,67.74193548387096,45.96774193548387,21.774193548387096
E00096682,111,42,20,22,69,52,17,37.83783783783784,18.01801801801802,19.81981981981982,62.16216216216216,46.846846846846844,15.315315315315313
E00096683,141,47,9,38,94,75,19,33.33333333333333,6.382978723404255,26.95035460992908,66.66666666666666,53.191489361702125,13.47517730496454
E00096684,125,47,11,36,78,61,17,37.6,8.799999999999999,28.799999999999997,62.4,48.8,13.600000000000001
E00096685,105,35,13,22,70,42,28,33.33333333333333,12.380952380952381,20.952380952380953,66.66666666666666,40,26.666666666666668
E00096686,118,36,11,25,82,72,10,30.508474576271187,9.322033898305085,21.1864406779661,69.49152542372882,61.016949152542374,8.47457627118644
E00096687,130,30,7,23,100,87,13,23.076923076923077,5.384615384615385,17.692307692307693,76.92307692307693,66.92307692307692,10
E00096688,192,51,15,36,141,123,18,26.5625,7.8125,18.75,73.4375,64.0625,9.375
E00096690,203,59,13,46,144,128,16,29.064039408866993,6.403940886699508,22.660098522167488,70.93596059113301,63.05418719211823,7.8817733990147785
E00096691,219,67,16,51,152,102,50,30.59360730593607,7.30593607305936,23.28767123287671,69.40639269406392,46.57534246575342,22.831050228310502
E00096692,115,30,5,25,85,64,21,26.08695652173913,4.3478260869565215,21.73913043478261,73.91304347826086,55.65217391304348,18.26086956521739
E00096693,185,53,22,31,132,95,37,28.64864864864865,11.891891891891893,16.756756756756758,71.35135135135135,51.35135135135135,20
E00096694,96,34,11,23,62,53,9,35.41666666666667,11.458333333333332,23.958333333333336,64.58333333333334,55.208333333333336,9.375
E00096695,262,83,21,62,179,141,38,31.679389312977097,8.015267175572518,23.66412213740458,68.32061068702289,53.81679389312977,14.50381679389313
E00096696,152,54,17,37,98,66,32,35.526315789473685,11.18421052631579,24.342105263157894,64.47368421052632,43.42105263157895,21.052631578947366
E00096697,207,74,27,47,133,94,39,35.748792270531396,13.043478260869565,22.705314009661837,64.25120772946859,45.410628019323674,18.84057971014493
E00096698,199,65,26,39,134,93,41,32.663316582914575,13.06532663316583,19.597989949748744,67.33668341708542,46.733668341708544,20.603015075376884
E00096699,242,91,33,58,151,113,38,37.60330578512397,13.636363636363635,23.96694214876033,62.396694214876035,46.69421487603306,15.702479338842975
E00096700,176,49,20,29,127,74,53,27.84090909090909,11.363636363636363,16.477272727272727,72.1590909090909,42.04545454545455,30.113636363636363
E00096701,71,19,6,13,52,33,19,26.76056338028169,8.450704225352112,18.30985915492958,73.23943661971832,46.478873239436616,26.76056338028169
E00096702,173,47,14,33,126,88,38,27.167630057803464,8.092485549132949,19.07514450867052,72.83236994219652,50.86705202312138,21.965317919075144
E00096703,105,34,9,25,71,52,19,32.38095238095238,8.571428571428571,23.809523809523807,67.61904761904762,49.523809523809526,18.095238095238095
E00096704,140,51,17,34,89,65,24,36.42857142857142,12.142857142857142,24.285714285714285,63.57142857142857,46.42857142857143,17.142857142857142
E00096705,149,42,16,26,107,63,44,28.187919463087248,10.738255033557047,17.449664429530202,71.81208053691275,42.281879194630875,29.53020134228188
E00096706,277,75,21,54,202,130,72,27.075812274368232,7.581227436823104,19.494584837545126,72.92418772563177,46.931407942238266,25.992779783393498
E00096707,223,59,20,39,164,118,46,26.45739910313901,8.968609865470851,17.48878923766816,73.54260089686099,52.91479820627802,20.62780269058296
E00096708,209,72,35,37,137,93,44,34.44976076555024,16.74641148325359,17.703349282296653,65.55023923444976,44.49760765550239,21.052631578947366
E00096709,163,51,15,36,112,89,23,31.28834355828221,9.202453987730062,22.085889570552148,68.71165644171779,54.601226993865026,14.11042944785276
E00096710,173,61,20,41,112,86,26,35.26011560693642,11.560693641618498,23.699421965317917,64.73988439306359,49.71098265895954,15.028901734104046
E00096711,136,51,14,37,85,78,7,37.5,10.294117647058822,27.205882352941174,62.5,57.35294117647059,5.147058823529411
E00096712,127,35,10,25,92,78,14,27.559055118110237,7.874015748031496,19.68503937007874,72.44094488188976,61.417322834645674,11.023622047244094
E00096713,94,32,8,24,62,54,8,34.04255319148936,8.51063829787234,25.53191489361702,65.95744680851064,57.446808510638306,8.51063829787234
E00096714,112,40,16,24,72,65,7,35.714285714285715,14.285714285714285,21.428571428571427,64.28571428571429,58.03571428571429,6.25
E00096715,109,39,11,28,70,59,11,35.77981651376147,10.091743119266056,25.688073394495415,64.22018348623854,54.12844036697248,10.091743119266056
E00096716,121,34,11,23,87,71,16,28.09917355371901,9.090909090909092,19.00826446280992,71.900826446281,58.67768595041323,13.223140495867769
E00096717,117,39,8,31,78,66,12,33.33333333333333,6.837606837606838,26.495726495726498,66.66666666666666,56.41025641025641,10.256410256410255
E00096718,135,41,12,29,94,81,13,30.37037037037037,8.88888888888889,21.48148148148148,69.62962962962963,60,9.62962962962963
E00096719,118,45,14,31,73,65,8,38.13559322033898,11.864406779661017,26.27118644067797,61.86440677966102,55.08474576271186,6.779661016949152
E00096720,116,44,14,30,72,58,14,37.93103448275862,12.068965517241379,25.862068965517242,62.06896551724138,50,12.068965517241379
E00096721,124,43,16,27,81,63,18,34.67741935483871,12.903225806451612,21.774193548387096,65.32258064516128,50.806451612903224,14.516129032258066
E00096722,107,40,15,25,67,59,8,37.38317757009346,14.018691588785046,23.364485981308412,62.616822429906534,55.140186915887845,7.476635514018691
E00096723,117,41,13,28,76,63,13,35.04273504273504,11.11111111111111,23.931623931623932,64.95726495726495,53.84615384615385,11.11111111111111
E00096724,258,84,16,68,174,143,31,32.55813953488372,6.2015503875969,26.356589147286826,67.44186046511628,55.42635658914728,12.015503875968992
E00096725,168,44,14,30,124,109,15,26.190476190476193,8.333333333333332,17.857142857142858,73.80952380952381,64.88095238095238,8.928571428571429
E00096726,265,78,28,50,187,153,34,29.433962264150942,10.566037735849058,18.867924528301888,70.56603773584905,57.73584905660377,12.830188679245284
E00096727,185,66,28,38,119,103,16,35.67567567567568,15.135135135135137,20.54054054054054,64.32432432432432,55.67567567567567,8.64864864864865
E00096728,315,92,23,69,223,188,35,29.20634920634921,7.301587301587302,21.904761904761905,70.7936507936508,59.682539682539684,11.11111111111111
E00179282,199,62,30,32,137,79,58,31.155778894472363,15.07537688442211,16.08040201005025,68.84422110552764,39.698492462311556,29.145728643216078
E00179283,140,34,9,25,106,84,22,24.285714285714285,6.428571428571428,17.857142857142858,75.71428571428571,60,15.714285714285714
E00179289,72,20,8,12,52,41,11,27.77777777777778,11.11111111111111,16.666666666666664,72.22222222222221,56.94444444444444,15.277777777777779
E00179301,183,45,16,29,138,118,20,24.59016393442623,8.743169398907105,15.846994535519126,75.40983606557377,64.48087431693989,10.92896174863388
E00179307,123,45,16,29,78,67,11,36.58536585365854,13.008130081300814,23.577235772357724,63.41463414634146,54.47154471544715,8.94308943089431
E00179308,101,35,7,28,66,56,10,34.65346534653465,6.9306930693069315,27.722772277227726,65.34653465346535,55.44554455445545,9.900990099009901
E00179312,237,61,13,48,176,156,20,25.738396624472575,5.485232067510549,20.253164556962027,74.26160337552743,65.82278481012658,8.438818565400844
E00179313,314,70,11,59,244,213,31,22.29299363057325,3.5031847133757963,18.789808917197455,77.70700636942675,67.83439490445859,9.872611464968154
E00179315,32,5,3,2,27,25,2,15.625,9.375,6.25,84.375,78.125,6.25
E00179317,75,31,12,19,44,39,5,41.333333333333336,16,25.333333333333336,58.666666666666664,52,6.666666666666667
E00179326,226,63,18,45,163,149,14,27.876106194690266,7.964601769911504,19.911504424778762,72.12389380530973,65.929203539823,6.1946902654867255
E00179328,137,27,0,27,110,99,11,19.708029197080293,0,19.708029197080293,80.2919708029197,72.26277372262774,8.02919708029197
E00179332,87,24,8,16,63,60,3,27.586206896551722,9.195402298850574,18.39080459770115,72.41379310344827,68.96551724137932,3.4482758620689653
E00179335,170,59,23,36,111,94,17,34.705882352941174,13.529411764705882,21.176470588235293,65.29411764705883,55.294117647058826,10
E00179337,159,39,16,23,120,110,10,24.528301886792452,10.062893081761008,14.465408805031446,75.47169811320755,69.18238993710692,6.289308176100629
E00179339,270,47,13,34,223,197,26,17.40740740740741,4.814814814814815,12.592592592592592,82.5925925925926,72.96296296296296,9.62962962962963
E00179341,128,30,12,18,98,91,7,23.4375,9.375,14.0625,76.5625,71.09375,5.46875
