OA,ts0380001,ts0380002,ts0380003,ts0380004,ts0380005,ts0380006,ts0380007,ts0380002_PCT,ts0380003_PCT,ts0380004_PCT,ts0380005_PCT,ts0380006_PCT,ts0380007_PCT
W00002268,360,102,45,57,258,23,235,28.333333333333332,12.5,15.833333333333332,71.66666666666667,6.388888888888888,65.27777777777779
W00002269,289,80,35,45,209,19,190,27.68166089965398,12.110726643598616,15.570934256055363,72.31833910034602,6.5743944636678195,65.7439446366782
W00002270,168,41,25,16,127,11,116,24.404761904761905,14.880952380952381,9.523809523809524,75.59523809523809,6.547619047619048,69.04761904761905
W00002271,242,70,40,30,172,11,161,28.92561983471074,16.528925619834713,12.396694214876034,71.07438016528926,4.545454545454546,66.52892561983471
W00002272,363,91,42,49,272,25,247,25.068870523415974,11.570247933884298,13.498622589531681,74.93112947658402,6.887052341597796,68.04407713498622
W00002273,252,61,30,31,191,13,178,24.206349206349206,11.904761904761903,12.3015873015873,75.79365079365078,5.158730158730158,70.63492063492063
W00002274,394,87,44,43,307,21,286,22.081218274111674,11.16751269035533,10.913705583756345,77.91878172588832,5.32994923857868,72.58883248730965
W00002275,428,86,35,51,342,30,312,20.093457943925234,8.177570093457943,11.91588785046729,79.90654205607477,7.009345794392523,72.89719626168224
W00002276,346,89,40,49,257,22,235,25.722543352601157,11.560693641618498,14.16184971098266,74.27745664739885,6.358381502890173,67.91907514450867
W00002277,346,66,22,44,280,15,265,19.07514450867052,6.358381502890173,12.716763005780345,80.92485549132948,4.335260115606936,76.58959537572254
W00002278,282,42,24,18,240,18,222,14.893617021276595,8.51063829787234,6.382978723404255,85.1063829787234,6.382978723404255,78.72340425531915
W00002279,370,64,20,44,306,37,269,17.2972972972973,5.405405405405405,11.891891891891893,82.70270270270271,10,72.70270270270271
W00002280,288,68,36,32,220,11,209,23.61111111111111,12.5,11.11111111111111,76.38888888888889,3.8194444444444446,72.56944444444444
W00002281,342,53,21,32,289,27,262,15.497076023391813,6.140350877192982,9.35672514619883,84.50292397660819,7.894736842105263,76.60818713450293
W00002282,366,47,19,28,319,28,291,12.841530054644808,5.191256830601093,7.650273224043716,87.1584699453552,7.650273224043716,79.50819672131148
W00002283,346,70,30,40,276,26,250,20.23121387283237,8.670520231213873,11.560693641618498,79.76878612716763,7.514450867052023,72.25433526011561
W00002284,362,61,31,30,301,21,280,16.85082872928177,8.56353591160221,8.287292817679557,83.14917127071824,5.801104972375691,77.34806629834254
W00002285,407,62,24,38,345,32,313,15.233415233415235,5.896805896805897,9.336609336609335,84.76658476658476,7.862407862407863,76.90417690417691
W00002286,298,43,9,34,255,24,231,14.429530201342283,3.0201342281879198,11.409395973154362,85.57046979865773,8.053691275167784,77.51677852348993
W00002287,331,44,20,24,287,26,261,13.293051359516618,6.042296072507553,7.250755287009064,86.70694864048339,7.854984894259818,78.85196374622356
W00002288,301,60,17,43,241,29,212,19.93355481727575,5.647840531561462,14.285714285714285,80.06644518272425,9.634551495016613,70.43189368770764
W00002289,386,55,22,33,331,21,310,14.248704663212436,5.699481865284974,8.549222797927461,85.75129533678756,5.4404145077720205,80.31088082901555
W00002290,240,50,19,31,190,17,173,20.833333333333336,7.916666666666666,12.916666666666668,79.16666666666666,7.083333333333333,72.08333333333333
W00002291,339,61,20,41,278,30,248,17.99410029498525,5.899705014749262,12.094395280235988,82.00589970501476,8.849557522123893,73.15634218289085
W00002292,360,64,26,38,296,23,273,17.77777777777778,7.222222222222221,10.555555555555555,82.22222222222221,6.388888888888888,75.83333333333333
W00002293,207,47,23,24,160,11,149,22.705314009661837,11.11111111111111,11.594202898550725,77.29468599033817,5.314009661835748,71.98067632850241
W00002294,407,83,31,52,324,33,291,20.39312039312039,7.616707616707617,12.776412776412776,79.60687960687962,8.108108108108109,71.49877149877149
W00002295,327,59,15,44,268,23,245,18.04281345565749,4.587155963302752,13.455657492354739,81.9571865443425,7.033639143730887,74.92354740061162
W00002296,233,80,51,29,153,8,145,34.33476394849785,21.888412017167383,12.446351931330472,65.66523605150213,3.4334763948497855,62.231759656652365
W00002297,295,65,25,40,230,17,213,22.033898305084744,8.47457627118644,13.559322033898304,77.96610169491525,5.762711864406779,72.20338983050848
W00002298,279,45,14,31,234,23,211,16.129032258064516,5.017921146953405,11.11111111111111,83.87096774193549,8.24372759856631,75.62724014336918
W00002299,251,49,18,31,202,17,185,19.52191235059761,7.171314741035857,12.350597609561753,80.47808764940238,6.772908366533864,73.70517928286853
W00002300,374,66,30,36,308,29,279,17.647058823529413,8.0213903743315509,9.62566844919786,82.35294117647058,7.754010695187167,74.59893048128342
W00002301,334,68,26,42,266,25,241,20.359281437125748,7.784431137724551,12.574850299401197,79.64071856287424,7.48502994011976,72.15568862275448
W00002302,369,55,19,36,314,33,281,14.905149051490515,5.149051490514905,9.75609756097561,85.09485094850947,8.94308943089431,76.15176151761518
W00002303,301,45,16,29,256,26,230,14.950166112956811,5.3156146179401995,9.634551495016613,85.04983388704319,8.637873754152823,76.41196013289037
W00002305,345,43,15,28,302,34,268,12.46376811594203,4.3478260869565215,8.115942028985506,87.53623188405797,9.855072463768117,77.68115942028986
W00002306,243,44,16,28,199,17,182,18.106995884773664,6.584362139917696,11.522633744855968,81.89300411522635,6.995884773662551,74.8971193415638
W00002307,223,53,16,37,170,19,151,23.766816143497756,7.174887892376682,16.591928251121075,76.23318385650224,8.520179372197308,67.71300448430493
W00002308,420,62,22,40,358,35,323,14.761904761904763,5.238095238095238,9.523809523809524,85.23809523809524,8.333333333333332,76.90476190476191
W00002309,324,68,39,29,256,20,236,20.98765432098765,12.037037037037036,8.950617283950617,79.01234567901234,6.172839506172839,72.8395061728395
W00002310,326,71,38,33,255,21,234,21.779141104294478,11.65644171779141,10.122699386503067,78.22085889570552,6.441717791411043,71.77914110429448
W00002311,370,80,41,39,290,29,261,21.62162162162162,11.081081081081082,10.54054054054054,78.37837837837837,7.837837837837839,70.54054054054055
W00002312,365,73,24,49,292,34,258,20,6.575342465753424,13.424657534246576,80,9.315068493150685,70.68493150684931
W00002313,402,74,32,42,328,22,306,18.407960199004975,7.960199004975125,10.44776119402985,81.59203980099502,5.472636815920398,76.11940298507463
W00002314,363,72,30,42,291,27,264,19.834710743801654,8.264462809917356,11.570247933884298,80.16528925619835,7.43801652892562,72.72727272727273
W00002315,352,101,71,30,251,27,224,28.693181818181817,20.170454545454543,8.522727272727272,71.30681818181817,7.670454545454546,63.63636363636363
W00002316,301,47,19,28,254,16,238,15.614617940199334,6.312292358803987,9.30232558139535,84.38538205980066,5.3156146179401995,79.06976744186046
W00002317,318,65,24,41,253,13,240,20.440251572327046,7.547169811320755,12.89308176100629,79.55974842767296,4.088050314465408,75.47169811320755
W00002320,251,42,17,25,209,21,188,16.733067729083665,6.772908366533864,9.9601593625498,83.26693227091634,8.366533864541832,74.9003984063745
W00002321,301,48,23,25,253,25,228,15.946843853820598,7.641196013289036,8.305647840531561,84.0531561461794,8.305647840531561,75.74750830564784
W00002323,360,57,24,33,303,22,281,15.833333333333332,6.666666666666667,9.166666666666666,84.16666666666667,6.111111111111111,78.05555555555556
W00002324,294,68,36,32,226,14,212,23.12925170068027,12.244897959183673,10.884353741496598,76.87074829931973,4.761904761904762,72.10884353741497
W00002325,428,46,19,27,382,33,349,10.74766355140187,4.439252336448598,6.308411214953271,89.25233644859813,7.710280373831775,81.54205607476635
W00002327,317,95,54,41,222,12,210,29.96845425867508,17.034700315457414,12.933753943217665,70.03154574132492,3.7854889589905363,66.24605678233438
W00002328,373,153,100,53,220,13,207,41.01876675603217,26.80965147453083,14.209115281501342,58.98123324396782,3.485254691689008,55.49597855227882
W00002329,395,91,41,50,304,16,288,23.037974683544306,10.379746835443038,12.658227848101266,76.9620253164557,4.050632911392405,72.9113924050633
W00002330,159,24,14,10,135,6,129,15.09433962264151,8.80503144654088,6.289308176100629,84.90566037735849,3.7735849056603774,81.13207547169812
W00002331,180,35,19,16,145,17,128,19.444444444444446,10.555555555555555,8.88888888888889,80.55555555555556,9.444444444444445,71.11111111111111
W00002332,235,54,22,32,181,18,163,22.97872340425532,9.361702127659575,13.617021276595745,77.02127659574468,7.659574468085106,69.36170212765957
W00002333,162,36,16,20,126,6,120,22.22222222222222,9.876543209876543,12.345679012345679,77.77777777777779,3.7037037037037033,74.07407407407408
W00002335,371,91,48,43,280,33,247,24.528301886792452,12.93800539083558,11.590296495956872,75.47169811320755,8.89487870619946,66.57681940700809
W00002336,333,93,39,54,240,26,214,27.927927927927925,11.711711711711711,16.216216216216218,72.07207207207207,7.807807807807808,64.26426426426426
W00002337,319,88,39,49,231,25,206,27.586206896551722,12.225705329153605,15.360501567398119,72.41379310344827,7.836990595611286,64.57680250783699
W00002338,208,59,24,35,149,21,128,28.365384615384613,11.538461538461538,16.826923076923077,71.63461538461539,10.096153846153847,61.53846153846154
W00002339,464,76,30,46,388,41,347,16.379310344827587,6.4655172413793105,9.913793103448276,83.62068965517241,8.836206896551724,74.78448275862068
W00002340,480,77,27,50,403,27,376,16.041666666666668,5.625,10.416666666666668,83.95833333333333,5.625,78.33333333333333
W00002341,315,75,27,48,240,19,221,23.809523809523807,8.571428571428571,15.238095238095239,76.19047619047619,6.031746031746032,70.15873015873015
W00002342,336,45,20,25,291,17,274,13.392857142857142,5.952380952380952,7.440476190476191,86.60714285714286,5.059523809523809,81.54761904761905
W00002343,437,87,37,50,350,35,315,19.908466819221967,8.466819221967963,11.441647597254006,80.09153318077803,8.009153318077804,72.08237986270024
W00002344,305,40,13,27,265,20,245,13.114754098360656,4.2622950819672125,8.852459016393443,86.88524590163934,6.557377049180328,80.32786885245902
W00002345,344,62,25,37,282,30,252,18.023255813953487,7.267441860465117,10.755813953488373,81.97674418604652,8.720930232558139,73.25581395348837
W00002346,431,67,34,33,364,23,341,15.54524361948956,7.888631090487238,7.65661252900232,84.45475638051045,5.336426914153132,79.11832946635731
W00002347,229,34,13,21,195,19,176,14.847161572052403,5.676855895196507,9.170305676855897,85.1528384279476,8.296943231441048,76.85589519650655
W00002348,390,72,29,43,318,23,295,18.461538461538463,7.435897435897436,11.025641025641026,81.53846153846153,5.897435897435897,75.64102564102564
W00002349,386,74,27,47,312,26,286,19.170984455958546,6.994818652849741,12.176165803108809,80.82901554404145,6.7357512953367875,74.09326424870466
W00002350,359,63,20,43,296,21,275,17.548746518105848,5.571030640668524,11.977715877437326,82.45125348189416,5.8495821727019495,76.6016713091922
W00002351,404,46,18,28,358,29,329,11.386138613861387,4.455445544554455,6.9306930693069315,88.61386138613861,7.1782178217821775,81.43564356435643
W00002352,302,53,24,29,249,25,224,17.549668874172188,7.9470198675496695,9.602649006622517,82.45033112582782,8.27814569536424,74.17218543046357
W00002353,251,35,14,21,216,18,198,13.94422310756972,5.577689243027888,8.366533864541832,86.05577689243027,7.171314741035857,78.88446215139442
W00002354,289,62,30,32,227,34,193,21.453287197231834,10.380622837370241,11.072664359861593,78.54671280276817,11.76470588235294,66.78200692041523
W00002355,300,53,20,33,247,23,224,17.666666666666668,6.666666666666667,11,82.33333333333334,7.666666666666666,74.66666666666667
W00002356,301,53,23,30,248,21,227,17.60797342192691,7.641196013289036,9.966777408637874,82.39202657807309,6.976744186046512,75.41528239202658
W00002357,285,54,22,32,231,12,219,18.947368421052634,7.719298245614035,11.228070175438596,81.05263157894737,4.2105263157894735,76.84210526315789
W00002358,328,56,18,38,272,17,255,17.073170731707318,5.487804878048781,11.585365853658537,82.92682926829268,5.182926829268292,77.7439024390244
W00002359,381,55,18,37,326,27,299,14.435695538057743,4.724409448818897,9.711286089238845,85.56430446194226,7.086614173228346,78.4776902887139
W00002360,372,73,31,42,299,29,270,19.623655913978492,8.333333333333332,11.29032258064516,80.3763440860215,7.795698924731183,72.58064516129032
W00002361,375,55,17,38,320,27,293,14.666666666666666,4.533333333333333,10.133333333333333,85.33333333333334,7.199999999999999,78.13333333333333
W00002362,336,51,18,33,285,18,267,15.178571428571427,5.357142857142857,9.821428571428571,84.82142857142857,5.357142857142857,79.46428571428571
W00002363,291,58,23,35,233,22,211,19.93127147766323,7.903780068728522,12.027491408934708,80.06872852233677,7.560137457044673,72.5085910652921
W00002364,527,82,25,57,445,51,394,15.559772296015181,4.743833017077799,10.815939278937382,84.44022770398482,9.67741935483871,74.76280834914611
W00002365,381,66,26,40,315,12,303,17.322834645669293,6.824146981627297,10.498687664041995,82.67716535433071,3.149606299212598,79.52755905511812
W00002366,227,38,15,23,189,8,181,16.740088105726873,6.607929515418502,10.13215859030837,83.25991189427313,3.524229074889868,79.73568281938326
W00002367,323,48,24,24,275,32,243,14.860681114551083,7.430340557275541,7.430340557275541,85.13931888544892,9.907120743034056,75.23219814241486
W00002368,339,69,31,38,270,21,249,20.353982300884958,9.144542772861357,11.209439528023598,79.64601769911505,6.1946902654867255,73.45132743362832
W00002369,256,30,13,17,226,17,209,11.71875,5.078125,6.640625,88.28125,6.640625,81.640625
W00002370,227,52,20,32,175,16,159,22.90748898678414,8.81057268722467,14.096916299559473,77.09251101321586,7.048458149779736,70.04405286343612
W00002371,272,73,38,35,199,19,180,26.838235294117645,13.970588235294118,12.867647058823529,73.16176470588235,6.985294117647059,66.17647058823529
W00002372,233,40,16,24,193,15,178,17.167381974248926,6.866952789699571,10.300429184549357,82.83261802575107,6.437768240343347,76.39484978540773
W00002373,311,54,21,33,257,30,227,17.363344051446948,6.752411575562702,10.610932475884244,82.63665594855306,9.646302250803858,72.9903536977492
W00002374,364,61,17,44,303,35,268,16.758241758241756,4.670329670329671,12.087912087912088,83.24175824175825,9.615384615384617,73.62637362637363
W00002375,311,92,43,49,219,19,200,29.581993569131832,13.826366559485532,15.755627009646304,70.41800643086816,6.109324758842444,64.30868167202573
W00002376,231,27,5,22,204,19,185,11.688311688311687,2.1645021645021645,9.523809523809524,88.31168831168831,8.225108225108226,80.08658008658008
W00002377,265,55,18,37,210,17,193,20.754716981132077,6.7924528301886795,13.962264150943396,79.24528301886792,6.415094339622642,72.83018867924528
W00002378,191,44,18,26,147,13,134,23.036649214659686,9.424083769633508,13.612565445026178,76.96335078534031,6.806282722513089,70.15706806282722
W00002379,260,50,12,38,210,23,187,19.230769230769234,4.615384615384616,14.615384615384617,80.76923076923077,8.846153846153847,71.92307692307692
W00002380,219,53,18,35,166,12,154,24.200913242009133,8.21917808219178,15.981735159817351,75.79908675799086,5.47945205479452,70.31963470319634
W00002381,228,64,18,46,164,16,148,28.07017543859649,7.894736842105263,20.175438596491226,71.9298245614035,7.017543859649122,64.91228070175438
W00002382,477,79,32,47,398,32,366,16.561844863731658,6.7085953878406714,9.853249475890985,83.43815513626835,6.7085953878406714,76.72955974842768
W00002383,309,96,50,46,213,20,193,31.06796116504854,16.181229773462782,14.886731391585762,68.93203883495146,6.472491909385113,62.45954692556634
W00002384,405,75,28,47,330,32,298,18.51851851851852,6.91358024691358,11.604938271604938,81.48148148148148,7.901234567901234,73.58024691358025
W00002385,342,50,22,28,292,26,266,14.619883040935672,6.432748538011696,8.187134502923977,85.38011695906432,7.602339181286549,77.77777777777779
W00002386,404,60,28,32,344,31,313,14.85148514851485,6.9306930693069315,7.920792079207921,85.14851485148515,7.673267326732673,77.47524752475248
W00002387,412,59,22,37,353,26,327,14.320388349514563,5.339805825242718,8.980582524271846,85.67961165048543,6.310679611650485,79.36893203883496
W00002388,169,36,12,24,133,9,124,21.301775147928996,7.100591715976331,14.201183431952662,78.69822485207101,5.325443786982249,73.37278106508876
W00002389,286,53,19,34,233,16,217,18.53146853146853,6.643356643356643,11.888111888111888,81.46853146853147,5.594405594405594,75.87412587412588
W00002390,307,47,17,30,260,20,240,15.309446254071663,5.537459283387622,9.77198697068404,84.69055374592834,6.514657980456026,78.17589576547232
W00002391,196,54,21,33,142,22,120,27.55102040816326,10.714285714285714,16.83673469387755,72.44897959183673,11.224489795918368,61.224489795918366
W00002392,242,51,17,34,191,17,174,21.074380165289256,7.024793388429752,14.049586776859504,78.92561983471074,7.024793388429752,71.900826446281
W00002393,298,58,23,35,240,28,212,19.463087248322147,7.718120805369128,11.74496644295302,80.53691275167785,9.395973154362416,71.14093959731544
W00002394,230,59,24,35,171,19,152,25.65217391304348,10.434782608695652,15.217391304347828,74.34782608695653,8.26086956521739,66.08695652173913
W00002395,261,64,24,40,197,23,174,24.521072796934863,9.195402298850574,15.32567049808429,75.47892720306514,8.812260536398467,66.66666666666666
W00002396,213,34,11,23,179,15,164,15.96244131455399,5.164319248826291,10.7981220657277,84.03755868544602,7.042253521126761,76.99530516431925
W00002397,274,37,15,22,237,21,216,13.503649635036496,5.474452554744526,8.02919708029197,86.4963503649635,7.664233576642336,78.83211678832117
W00002398,384,52,23,29,332,24,308,13.541666666666666,5.989583333333334,7.552083333333333,86.45833333333334,6.25,80.20833333333334
W00002399,311,64,25,39,247,18,229,20.578778135048232,8.038585209003216,12.540192926045016,79.42122186495176,5.787781350482315,73.63344051446946
W00002400,193,39,18,21,154,11,143,20.207253886010363,9.32642487046632,10.880829015544041,79.79274611398964,5.699481865284974,74.09326424870466
W00002401,151,29,10,19,122,10,112,19.205298013245034,6.622516556291391,12.582781456953644,80.79470198675497,6.622516556291391,74.17218543046357
W00002402,319,63,33,30,256,19,237,19.74921630094044,10.344827586206897,9.404388714733543,80.25078369905955,5.956112852664576,74.29467084639498
W00002403,324,41,15,26,283,16,267,12.654320987654321,4.62962962962963,8.024691358024691,87.34567901234568,4.938271604938271,82.4074074074074
W00002404,424,61,27,34,363,23,340,14.38679245283019,6.367924528301887,8.018867924528301,85.61320754716981,5.4245283018867925,80.18867924528303
W00002405,181,39,13,26,142,16,126,21.54696132596685,7.18232044198895,14.3646408839779,78.45303867403315,8.83977900552486,69.61325966850829
W00002406,392,58,21,37,334,37,297,14.795918367346939,5.357142857142857,9.438775510204081,85.20408163265306,9.438775510204081,75.76530612244898
W00002407,340,83,34,49,257,28,229,24.41176470588235,10,14.411764705882351,75.58823529411765,8.235294117647058,67.3529411764706
W00002408,450,83,33,50,367,41,326,18.444444444444443,7.333333333333333,11.11111111111111,81.55555555555556,9.11111111111111,72.44444444444444
W00002409,336,66,19,47,270,36,234,19.642857142857142,5.654761904761905,13.988095238095239,80.35714285714286,10.714285714285714,69.64285714285714
W00002410,284,76,19,57,208,14,194,26.76056338028169,6.690140845070422,20.070422535211268,73.23943661971832,4.929577464788732,68.30985915492957
W00002411,300,59,25,34,241,14,227,19.666666666666664,8.333333333333332,11.333333333333332,80.33333333333333,4.666666666666667,75.66666666666667
W00002412,265,50,18,32,215,19,196,18.867924528301888,6.7924528301886795,12.075471698113208,81.13207547169812,7.169811320754717,73.9622641509434
W00002413,350,61,24,37,289,24,265,17.42857142857143,6.857142857142858,10.571428571428571,82.57142857142857,6.857142857142858,75.71428571428571
W00002414,270,54,24,30,216,31,185,20,8.88888888888889,11.11111111111111,80,11.481481481481481,68.51851851851852
W00002415,287,35,14,21,252,18,234,12.195121951219512,4.878048780487805,7.317073170731707,87.8048780487805,6.2717770034843205,81.53310104529616
W00002416,212,27,11,16,185,10,175,12.735849056603774,5.188679245283019,7.547169811320755,87.26415094339622,4.716981132075472,82.54716981132076
W00002417,241,71,38,33,170,12,158,29.460580912863072,15.767634854771783,13.692946058091287,70.53941908713693,4.979253112033195,65.56016597510373
W00002418,227,73,40,33,154,15,139,32.158590308370044,17.62114537444934,14.537444933920703,67.84140969162996,6.607929515418502,61.23348017621145
W00002419,199,78,45,33,121,19,102,39.19597989949749,22.613065326633166,16.582914572864322,60.80402010050251,9.547738693467336,51.256281407035175
W00002420,343,70,29,41,273,19,254,20.408163265306122,8.454810495626822,11.9533527696793,79.59183673469387,5.539358600583091,74.05247813411079
W00002421,252,98,62,36,154,13,141,38.88888888888889,24.6031746031746,14.285714285714285,61.111111111111114,5.158730158730158,55.952380952380956
W00002422,373,78,32,46,295,18,277,20.91152815013405,8.579088471849866,12.332439678284182,79.08847184986595,4.825737265415549,74.26273458445041
W00002424,200,59,26,33,141,18,123,29.5,13,16.5,70.5,9,61.5
W00002425,318,89,39,50,229,18,211,27.9874213836478,12.264150943396226,15.723270440251572,72.0125786163522,5.660377358490567,66.35220125786164
W00002426,320,72,30,42,248,19,229,22.5,9.375,13.125,77.5,5.9375,71.5625
W00002427,296,67,17,50,229,24,205,22.635135135135133,5.743243243243244,16.89189189189189,77.36486486486487,8.108108108108109,69.25675675675676
W00002429,295,54,20,34,241,25,216,18.305084745762713,6.779661016949152,11.525423728813559,81.69491525423729,8.47457627118644,73.22033898305085
W00002430,161,45,15,30,116,18,98,27.95031055900621,9.316770186335404,18.633540372670808,72.04968944099379,11.180124223602485,60.86956521739131
W00002431,391,86,29,57,305,30,275,21.994884910485936,7.41687979539642,14.578005115089516,78.00511508951406,7.672634271099745,70.33248081841433
W00002432,246,113,61,52,133,14,119,45.9349593495935,24.796747967479675,21.138211382113823,54.0650406504065,5.691056910569105,48.3739837398374
W00002433,238,75,35,40,163,20,143,31.512605042016805,14.705882352941178,16.80672268907563,68.4873949579832,8.403361344537815,60.08403361344538
W00002436,401,52,22,30,349,34,315,12.967581047381547,5.486284289276807,7.4812967581047385,87.03241895261846,8.478802992518704,78.55361596009975
W00002437,298,38,13,25,260,22,238,12.751677852348994,4.3624161073825505,8.389261744966444,87.24832214765101,7.38255033557047,79.86577181208054
W00002438,428,77,31,46,351,38,313,17.990654205607477,7.242990654205607,10.74766355140187,82.00934579439252,8.878504672897195,73.13084112149532
W00002439,309,41,23,18,268,18,250,13.268608414239482,7.443365695792881,5.825242718446602,86.73139158576052,5.825242718446602,80.90614886731392
W00002440,372,68,24,44,304,24,280,18.27956989247312,6.451612903225806,11.827956989247312,81.72043010752688,6.451612903225806,75.26881720430107
W00002441,341,57,20,37,284,26,258,16.715542521994134,5.865102639296188,10.850439882697946,83.28445747800586,7.624633431085044,75.65982404692082
W00002442,328,66,28,38,262,15,247,20.121951219512198,8.536585365853659,11.585365853658537,79.8780487804878,4.573170731707317,75.3048780487805
W00002443,369,71,30,41,298,23,275,19.241192411924118,8.130081300813007,11.11111111111111,80.75880758807588,6.233062330623306,74.52574525745257
W00002444,492,74,34,40,418,33,385,15.040650406504067,6.910569105691057,8.130081300813007,84.95934959349594,6.707317073170732,78.2520325203252
W00002445,382,71,24,47,311,41,270,18.586387434554975,6.282722513089005,12.30366492146597,81.41361256544502,10.732984293193718,70.68062827225131
W00002446,287,58,25,33,229,26,203,20.209059233449477,8.710801393728223,11.498257839721255,79.79094076655052,9.059233449477352,70.73170731707317
W00002447,239,43,21,22,196,15,181,17.99163179916318,8.786610878661087,9.205020920502092,82.00836820083683,6.2761506276150625,75.73221757322176
W00002448,315,61,22,39,254,25,229,19.365079365079367,6.984126984126984,12.380952380952381,80.63492063492063,7.936507936507936,72.6984126984127
W00002449,240,37,15,22,203,17,186,15.416666666666668,6.25,9.166666666666666,84.58333333333333,7.083333333333333,77.5
W00002450,280,51,20,31,229,11,218,18.21428571428571,7.142857142857142,11.071428571428571,81.78571428571428,3.9285714285714284,77.85714285714286
W00002451,132,19,7,12,113,4,109,14.393939393939394,5.303030303030303,9.090909090909092,85.60606060606061,3.0303030303030303,82.57575757575758
W00002452,377,68,25,43,309,27,282,18.037135278514587,6.631299734748011,11.405835543766578,81.9628647214854,7.161803713527852,74.80106100795756
W00002453,267,49,14,35,218,13,205,18.352059925093634,5.2434456928838955,13.108614232209737,81.64794007490637,4.868913857677903,76.77902621722846
W00002454,300,57,22,35,243,13,230,19,7.333333333333333,11.666666666666666,81,4.333333333333334,76.66666666666667
W00002455,358,52,20,32,306,18,288,14.52513966480447,5.58659217877095,8.938547486033519,85.47486033519553,5.027932960893855,80.44692737430168
W00002456,402,86,42,44,316,19,297,21.393034825870647,10.44776119402985,10.945273631840797,78.60696517412936,4.72636815920398,73.88059701492537
W00002457,461,81,32,49,380,31,349,17.570498915401302,6.941431670281996,10.629067245119305,82.4295010845987,6.724511930585683,75.70498915401302
W00002458,343,76,30,46,267,22,245,22.157434402332363,8.746355685131196,13.411078717201166,77.84256559766763,6.41399416909621,71.42857142857143
W00002459,242,47,21,26,195,12,183,19.421487603305785,8.677685950413224,10.743801652892563,80.57851239669421,4.958677685950414,75.6198347107438
W00002461,466,67,25,42,399,33,366,14.377682403433475,5.36480686695279,9.012875536480687,85.62231759656652,7.081545064377683,78.54077253218884
W00002463,204,57,23,34,147,16,131,27.941176470588236,11.27450980392157,16.666666666666664,72.05882352941177,7.8431372549019605,64.2156862745098
W00002465,367,67,18,49,300,31,269,18.256130790190735,4.904632152588556,13.35149863760218,81.74386920980926,8.446866485013624,73.29700272479565
W00002466,317,48,15,33,269,30,239,15.141955835962145,4.73186119873817,10.410094637223976,84.85804416403786,9.46372239747634,75.39432176656152
W00002467,262,68,35,33,194,21,173,25.954198473282442,13.358778625954198,12.595419847328243,74.04580152671755,8.015267175572518,66.03053435114504
W00002468,309,62,15,47,247,17,230,20.06472491909385,4.854368932038835,15.210355987055015,79.93527508090615,5.501618122977346,74.4336569579288
W00002469,422,81,40,41,341,29,312,19.194312796208532,9.47867298578199,9.715639810426541,80.80568720379146,6.872037914691943,73.93364928909952
W00002470,391,81,27,54,310,28,282,20.716112531969312,6.905370843989769,13.810741687979538,79.28388746803068,7.161125319693094,72.1227621483376
W00002471,286,57,24,33,229,14,215,19.93006993006993,8.391608391608392,11.538461538461538,80.06993006993007,4.895104895104895,75.17482517482517
W00002472,209,41,9,32,168,12,156,19.617224880382775,4.30622009569378,15.311004784688995,80.38277511961722,5.741626794258373,74.64114832535886
W00002473,349,58,20,38,291,25,266,16.6189111747851,5.730659025787966,10.888252148997136,83.3810888252149,7.163323782234957,76.21776504297995
W00002474,348,64,24,40,284,26,258,18.39080459770115,6.896551724137931,11.494252873563218,81.60919540229885,7.471264367816093,74.13793103448276
W00002475,361,49,11,38,312,30,282,13.573407202216067,3.0470914127423825,10.526315789473683,86.42659279778393,8.310249307479225,78.1163434903047
W00002476,377,85,28,57,292,25,267,22.546419098143236,7.427055702917771,15.119363395225463,77.45358090185677,6.631299734748011,70.82228116710876
W00002477,297,67,28,39,230,25,205,22.55892255892256,9.427609427609427,13.131313131313133,77.44107744107744,8.417508417508419,69.02356902356902
W00002478,243,44,15,29,199,23,176,18.106995884773664,6.172839506172839,11.934156378600823,81.89300411522635,9.465020576131687,72.42798353909465
W00002479,218,78,44,34,140,6,134,35.77981651376147,20.18348623853211,15.59633027522936,64.22018348623854,2.7522935779816518,61.46788990825688
W00002480,276,45,15,30,231,12,219,16.304347826086957,5.434782608695652,10.869565217391305,83.69565217391305,4.3478260869565215,79.34782608695652
W00002481,272,57,25,32,215,20,195,20.955882352941178,9.191176470588236,11.76470588235294,79.04411764705883,7.352941176470589,71.69117647058823
W00002482,303,55,27,28,248,22,226,18.151815181518153,8.91089108910891,9.24092409240924,81.84818481848185,7.2607260726072615,74.58745874587459
W00002483,271,54,27,27,217,16,201,19.92619926199262,9.96309963099631,9.96309963099631,80.07380073800738,5.904059040590406,74.16974169741697
W00002484,315,77,33,44,238,24,214,24.444444444444443,10.476190476190476,13.968253968253968,75.55555555555556,7.6190476190476195,67.93650793650794
W00002485,174,50,23,27,124,8,116,28.735632183908045,13.218390804597702,15.517241379310345,71.26436781609196,4.597701149425287,66.66666666666666
W00002486,218,55,25,30,163,15,148,25.229357798165136,11.46788990825688,13.761467889908257,74.77064220183486,6.8807339449541285,67.88990825688074
W00002487,231,39,12,27,192,22,170,16.883116883116884,5.194805194805195,11.688311688311687,83.11688311688312,9.523809523809524,73.59307359307358
W00002488,270,64,29,35,206,19,187,23.703703703703706,10.74074074074074,12.962962962962962,76.29629629629629,7.037037037037037,69.25925925925925
W00002489,298,81,26,55,217,14,203,27.181208053691275,8.724832214765101,18.456375838926174,72.81879194630872,4.697986577181208,68.12080536912751
W00002490,256,39,18,21,217,22,195,15.234375,7.03125,8.203125,84.765625,8.59375,76.171875
W00002491,210,43,18,25,167,4,163,20.476190476190474,8.571428571428571,11.904761904761903,79.52380952380952,1.9047619047619049,77.61904761904762
W00002492,252,42,21,21,210,17,193,16.666666666666664,8.333333333333332,8.333333333333332,83.33333333333334,6.746031746031746,76.5873015873016
W00002493,496,72,29,43,424,28,396,14.516129032258066,5.846774193548387,8.669354838709678,85.48387096774194,5.64516129032258,79.83870967741935
W00002494,413,74,30,44,339,25,314,17.91767554479419,7.263922518159806,10.653753026634384,82.082324455205807,6.053268765133172,76.02905569007264
W00002495,444,84,37,47,360,25,335,18.91891891891892,8.333333333333332,10.585585585585585,81.08108108108108,5.63063063063063,75.45045045045045
W00002496,286,31,7,24,255,19,236,10.839160839160838,2.4475524475524475,8.391608391608392,89.16083916083916,6.643356643356643,82.51748251748252
W00002497,313,61,19,42,252,28,224,19.488817891373802,6.070287539936102,13.418530351437699,80.5111821086262,8.945686900958465,71.56549520766772
W00002498,368,42,18,24,326,29,297,11.41304347826087,4.891304347826087,6.521739130434782,88.58695652173914,7.880434782608696,80.70652173913044
W00002499,221,45,16,29,176,18,158,20.361990950226243,7.239819004524888,13.122171945701359,79.63800904977376,8.144796380090497,71.49321266968326
W00002500,257,46,20,26,211,18,193,17.898832684824903,7.782101167315175,10.116731517509727,82.10116731517509,7.003891050583658,75.09727626459144
W00002501,313,44,13,31,269,24,245,14.057507987220447,4.15335463258786,9.904153354632587,85.94249201277955,7.667731629392971,78.27476038338658
W00002502,505,101,61,40,404,30,374,20,12.07920792079208,7.920792079207921,80,5.9405940594059405,74.05940594059406
W00002503,312,60,23,37,252,20,232,19.230769230769234,7.371794871794872,11.858974358974358,80.76923076923077,6.41025641025641,74.35897435897436
W00002504,379,59,17,42,320,27,293,15.567282321899736,4.485488126649076,11.081794195250659,84.43271767810026,7.12401055408971,77.30870712401055
W00002505,268,55,24,31,213,28,185,20.522388059701495,8.955223880597014,11.567164179104477,79.47761194029852,10.44776119402985,69.02985074626866
W00002506,244,49,27,22,195,23,172,20.081967213114755,11.065573770491802,9.01639344262295,79.91803278688525,9.426229508196721,70.49180327868852
W00002507,317,86,38,48,231,21,210,27.129337539432175,11.987381703470032,15.141955835962145,72.87066246056783,6.624605678233439,66.24605678233438
W00002508,235,50,22,28,185,14,171,21.27659574468085,9.361702127659575,11.914893617021278,78.72340425531915,5.957446808510639,72.76595744680851
W00002509,243,53,23,30,190,28,162,21.810699588477366,9.465020576131687,12.345679012345679,78.18930041152264,11.522633744855968,66.66666666666666
W00002510,246,42,21,21,204,28,176,17.073170731707318,8.536585365853659,8.536585365853659,82.92682926829268,11.38211382113821,71.54471544715447
W00002511,216,49,14,35,167,13,154,22.685185185185187,6.481481481481481,16.203703703703702,77.31481481481481,6.018518518518518,71.29629629629629
W00002512,313,72,24,48,241,24,217,23.003194888178914,7.667731629392971,15.335463258785943,76.99680511182109,7.667731629392971,69.32907348242811
W00002513,293,61,20,41,232,28,204,20.819112627986346,6.825938566552901,13.993174061433447,79.18088737201366,9.556313993174061,69.6245733788396
W00002514,280,53,22,31,227,24,203,18.928571428571427,7.857142857142857,11.071428571428571,81.07142857142857,8.571428571428571,72.5
W00002515,295,53,22,31,242,23,219,17.966101694915253,7.457627118644068,10.508474576271185,82.03389830508473,7.796610169491526,74.23728813559322
W00002516,252,55,23,32,197,22,175,21.825396825396826,9.126984126984127,12.698412698412698,78.17460317460318,8.73015873015873,69.44444444444444
W00002517,311,91,39,52,220,21,199,29.260450160771708,12.540192926045016,16.720257234726688,70.7395498392283,6.752411575562702,63.9871382636656
W00002518,333,68,32,36,265,16,249,20.42042042042042,9.60960960960961,10.81081081081081,79.57957957957959,4.804804804804805,74.77477477477478
W00002519,260,80,43,37,180,17,163,30.76923076923077,16.538461538461537,14.23076923076923,69.23076923076923,6.538461538461539,62.69230769230769
W00002520,238,55,36,19,183,18,165,23.10924369747899,15.126050420168067,7.9831932773109235,76.89075630252101,7.563025210084033,69.32773109243698
W00002521,215,34,13,21,181,20,161,15.813953488372093,6.046511627906977,9.767441860465116,84.18604651162791,9.30232558139535,74.88372093023256
W00002522,307,58,28,30,249,26,223,18.892508143322477,9.120521172638437,9.77198697068404,81.10749185667753,8.469055374592834,72.63843648208469
W00002523,244,65,37,28,179,17,162,26.639344262295083,15.163934426229508,11.475409836065573,73.36065573770492,6.967213114754098,66.39344262295081
W00002524,231,49,23,26,182,11,171,21.21212121212121,9.956709956709958,11.255411255411255,78.78787878787878,4.761904761904762,74.02597402597402
W00002525,276,44,17,27,232,19,213,15.942028985507244,6.159420289855073,9.782608695652174,84.05797101449275,6.884057971014493,77.17391304347827
W00002526,289,60,25,35,229,17,212,20.761245674740483,8.650519031141869,12.110726643598616,79.23875432525952,5.88235294117647,73.35640138408304
W00002527,296,75,37,38,221,15,206,25.33783783783784,12.5,12.837837837837837,74.66216216216216,5.0675675675675675,69.5945945945946
W00002528,319,63,26,37,256,34,222,19.74921630094044,8.150470219435736,11.598746081504702,80.25078369905955,10.658307210031348,69.59247648902821
W00002529,218,42,20,22,176,17,159,19.26605504587156,9.174311926605505,10.091743119266056,80.73394495412845,7.79816513761468,72.93577981651376
W00002530,117,21,5,16,96,4,92,17.94871794871795,4.273504273504273,13.675213675213676,82.05128205128204,3.418803418803419,78.63247863247864
W00002531,336,42,14,28,294,25,269,12.5,4.166666666666666,8.333333333333332,87.5,7.440476190476191,80.05952380952381
W00002532,316,60,17,43,256,21,235,18.9873417721519,5.379746835443038,13.60759493670886,81.0126582278481,6.6455696202531636,74.36708860759494
W00002533,341,51,17,34,290,18,272,14.95601173020528,4.9853372434017595,9.970674486803519,85.04398826979472,5.278592375366569,79.76539589442815
W00002534,359,64,33,31,295,31,264,17.827298050139277,9.192200557103064,8.635097493036211,82.17270194986072,8.635097493036211,73.53760445682451
W00002536,318,51,12,39,267,31,236,16.037735849056602,3.7735849056603774,12.264150943396226,83.9622641509434,9.748427672955975,74.21383647798741
W00002537,327,54,22,32,273,32,241,16.51376146788991,6.727828746177369,9.785932721712538,83.4862385321101,9.785932721712538,73.70030581039755
W00002540,256,44,13,31,212,15,197,17.1875,5.078125,12.109375,82.8125,5.859375,76.953125
W00002541,392,82,35,47,310,25,285,20.918367346938776,8.928571428571429,11.989795918367346,79.08163265306123,6.377551020408164,72.70408163265306
W00002542,270,53,19,34,217,22,195,19.62962962962963,7.037037037037037,12.592592592592592,80.37037037037037,8.148148148148149,72.22222222222221
W00002543,335,53,23,30,282,22,260,15.82089552238806,6.865671641791045,8.955223880597014,84.17910447761194,6.567164179104477,77.61194029850746
W00002544,279,38,17,21,241,16,225,13.620071684587815,6.093189964157706,7.526881720430108,86.37992831541219,5.734767025089606,80.64516129032258
W00002545,389,102,30,72,287,13,274,26.221079691516707,7.712082262210797,18.50899742930591,73.7789203084833,3.3419023136246784,70.4370179948586
W00002546,270,69,25,44,201,10,191,25.555555555555554,9.25925925925926,16.296296296296298,74.44444444444444,3.7037037037037033,70.74074074074073
W00002547,331,60,24,36,271,21,250,18.12688821752266,7.250755287009064,10.876132930513595,81.87311178247734,6.3444108761329305,75.52870090634441
W00002548,349,100,45,55,249,21,228,28.653295128939828,12.893982808022923,15.759312320916905,71.34670487106017,6.017191977077363,65.32951289398281
W00002549,254,48,19,29,206,15,191,18.89763779527559,7.480314960629922,11.41732283464567,81.10236220472441,5.905511811023622,75.19685039370079
W00002550,347,75,36,39,272,21,251,21.613832853025936,10.37463976945245,11.239193083573488,78.38616714697406,6.051873198847262,72.3342939481268
W00002551,289,72,37,35,217,17,200,24.91349480968858,12.802768166089965,12.110726643598616,75.08650519031141,5.88235294117647,69.20415224913495
W00002552,236,74,19,55,162,20,142,31.35593220338983,8.050847457627118,23.30508474576271,68.64406779661016,8.47457627118644,60.16949152542372
W00002553,286,71,34,37,215,16,199,24.825174825174827,11.888111888111888,12.937062937062937,75.17482517482517,5.594405594405594,69.58041958041959
W00002554,265,58,27,31,207,11,196,21.88679245283019,10.18867924528302,11.69811320754717,78.11320754716982,4.150943396226415,73.9622641509434
W00002555,312,82,50,32,230,25,205,26.282051282051285,16.025641025641026,10.256410256410255,73.71794871794873,8.012820512820513,65.7051282051282
W00002556,312,73,31,42,239,19,220,23.397435897435898,9.935897435897436,13.461538461538462,76.6025641025641,6.089743589743589,70.51282051282051
W00002557,118,12,4,8,106,1,105,10.16949152542373,3.389830508474576,6.779661016949152,89.83050847457628,0.847457627118644,88.98305084745762
W00002558,151,63,32,31,88,7,81,41.72185430463576,21.192052980132452,20.52980132450331,58.27814569536424,4.635761589403973,53.64238410596026
W00002560,253,67,28,39,186,14,172,26.48221343873518,11.067193675889328,15.41501976284585,73.51778656126481,5.533596837944664,67.98418972332016
W00002562,262,57,29,28,205,10,195,21.755725190839694,11.068702290076336,10.687022900763358,78.2442748091603,3.816793893129771,74.42748091603053
W00002563,279,51,19,32,228,20,208,18.27956989247312,6.810035842293908,11.469534050179211,81.72043010752688,7.168458781362006,74.55197132616487
W00002564,386,63,28,35,323,39,284,16.321243523316063,7.253886010362693,9.067357512953368,83.67875647668393,10.103626943005182,73.57512953367875
W00002565,392,61,20,41,331,24,307,15.561224489795919,5.1020408163265305,10.459183673469388,84.43877551020408,6.122448979591836,78.31632653061224
W00002566,269,39,12,27,230,18,212,14.49814126394052,4.4609665427509295,10.037174721189592,85.50185873605948,6.691449814126393,78.81040892193309
W00002567,305,65,25,40,240,26,214,21.311475409836063,8.19672131147541,13.114754098360656,78.68852459016394,8.524590163934425,70.16393442622952
W00002568,278,57,22,35,221,14,207,20.503597122302157,7.913669064748201,12.589928057553957,79.49640287769785,5.0359712230215825,74.46043165467626
W00002569,380,83,40,43,297,23,274,21.842105263157897,10.526315789473683,11.31578947368421,78.15789473684211,6.052631578947368,72.10526315789474
W00002570,193,62,33,29,131,15,116,32.12435233160622,17.098445595854923,15.025906735751295,67.87564766839378,7.772020725388601,60.10362694300518
W00002571,245,76,28,48,169,19,150,31.020408163265305,11.428571428571429,19.591836734693878,68.9795918367347,7.755102040816326,61.224489795918366
W00002573,231,42,20,22,189,15,174,18.181818181818183,8.658008658008658,9.523809523809524,81.81818181818183,6.493506493506493,75.32467532467533
W00002574,151,40,20,20,111,14,97,26.490066225165563,13.245033112582782,13.245033112582782,73.50993377483444,9.271523178807946,64.23841059602648
W00002575,183,32,11,21,151,14,137,17.48633879781421,6.0109289617486334,11.475409836065573,82.5136612021858,7.650273224043716,74.86338797814209
W00002576,227,43,17,26,184,11,173,18.94273127753304,7.488986784140969,11.45374449339207,81.05726872246696,4.845814977973569,76.2114537444934
W00002577,331,62,31,31,269,31,238,18.731117824773413,9.365558912386707,9.365558912386707,81.2688821752266,9.365558912386707,71.90332326283988
W00002578,298,65,37,28,233,15,218,21.812080536912752,12.416107382550337,9.395973154362416,78.18791946308725,5.033557046979865,73.15436241610739
W00002579,329,65,38,27,264,18,246,19.756838905775076,11.55015197568389,8.206686930091186,80.24316109422493,5.47112462006079,74.77203647416414
W00002580,286,68,22,46,218,17,201,23.776223776223777,7.6923076923076925,16.083916083916083,76.22377622377621,5.944055944055944,70.27972027972028
W00002581,311,76,35,41,235,10,225,24.437299035369776,11.254019292604502,13.183279742765272,75.56270096463022,3.215434083601286,72.34726688102894
W00002582,283,72,35,37,211,17,194,25.4416961130742,12.36749116607774,13.074204946996467,74.55830388692578,6.007067137809187,68.55123674911661
W00002583,438,70,29,41,368,20,348,15.981735159817351,6.621004566210045,9.360730593607306,84.01826484018264,4.5662100456621,79.45205479452055
W00002584,178,38,17,21,140,13,127,21.34831460674157,9.550561797752808,11.797752808988763,78.65168539325843,7.303370786516854,71.34831460674157
W00002585,257,49,18,31,208,16,192,19.06614785992218,7.003891050583658,12.062256809338521,80.93385214007782,6.22568093385214,74.70817120622569
W00002586,282,49,19,30,233,27,206,17.375886524822697,6.73758865248227,10.638297872340425,82.62411347517731,9.574468085106384,73.04964539007092
W00002587,223,47,23,24,176,13,163,21.076233183856502,10.31390134529148,10.762331838565023,78.9237668161435,5.829596412556054,73.09417040358744
W00002588,304,72,47,25,232,21,211,23.684210526315788,15.460526315789474,8.223684210526317,76.31578947368422,6.907894736842106,69.4078947368421
W00002589,259,46,16,30,213,22,191,17.760617760617762,6.177606177606178,11.583011583011583,82.23938223938224,8.494208494208493,73.74517374517374
W00002590,299,69,31,38,230,28,202,23.076923076923077,10.367892976588628,12.709030100334449,76.92307692307693,9.364548494983277,67.55852842809364
W00002591,236,39,15,24,197,19,178,16.52542372881356,6.3559322033898304,10.16949152542373,83.47457627118644,8.050847457627118,75.42372881355932
W00002592,245,46,18,28,199,20,179,18.775510204081634,7.346938775510205,11.428571428571429,81.22448979591836,8.16326530612245,73.06122448979592
W00002593,364,74,38,36,290,17,273,20.32967032967033,10.43956043956044,9.89010989010989,79.67032967032966,4.670329670329671,75
W00002594,302,61,26,35,241,14,227,20.198675496688743,8.609271523178808,11.589403973509933,79.80132450331125,4.635761589403973,75.16556291390728
W00002595,220,54,24,30,166,18,148,24.545454545454547,10.909090909090908,13.636363636363635,75.45454545454545,8.181818181818182,67.27272727272727
W00002596,376,99,40,59,277,36,241,26.329787234042552,10.638297872340425,15.691489361702127,73.67021276595744,9.574468085106384,64.09574468085107
W00002597,346,88,36,52,258,19,239,25.43352601156069,10.404624277456648,15.028901734104046,74.56647398843931,5.491329479768786,69.07514450867052
W00002598,246,39,17,22,207,21,186,15.853658536585366,6.910569105691057,8.94308943089431,84.14634146341463,8.536585365853659,75.60975609756098
W00002599,416,94,34,60,322,21,301,22.596153846153847,8.173076923076923,14.423076923076922,77.40384615384616,5.048076923076923,72.35576923076923
W00002600,300,63,26,37,237,12,225,21,8.666666666666668,12.333333333333334,79,4,75
W00002601,320,86,49,37,234,22,212,26.875,15.312500000000002,11.5625,73.125,6.875000000000001,66.25
W00002602,225,62,26,36,163,17,146,27.555555555555557,11.555555555555555,16,72.44444444444444,7.555555555555555,64.88888888888889
W00002603,312,59,19,40,253,26,227,18.91025641025641,6.089743589743589,12.82051282051282,81.08974358974359,8.333333333333332,72.75641025641025
W00002604,263,55,30,25,208,18,190,20.912547528517113,11.406844106463879,9.505703422053232,79.08745247148289,6.844106463878327,72.24334600760456
W00002605,429,93,34,59,336,42,294,21.678321678321677,7.925407925407925,13.752913752913754,78.32167832167832,9.79020979020979,68.53146853146853
W00002606,558,88,41,47,470,39,431,15.770609318996415,7.347670250896058,8.422939068100359,84.22939068100358,6.989247311827956,77.24014336917563
W00002607,321,47,26,21,274,28,246,14.641744548286603,8.09968847352025,6.5420560747663545,85.35825545171339,8.722741433021806,76.63551401869158
W00002608,375,55,21,34,320,23,297,14.666666666666666,5.6000000000000005,9.066666666666666,85.33333333333334,6.133333333333333,79.2
W00002609,491,76,34,42,415,35,380,15.478615071283095,6.924643584521386,8.55397148676171,84.5213849287169,7.128309572301425,77.39307535641548
W00002610,283,65,32,33,218,22,196,22.968197879858657,11.307420494699647,11.66077738515901,77.03180212014135,7.773851590106007,69.25795053003534
W00002611,244,62,33,29,182,15,167,25.40983606557377,13.524590163934427,11.885245901639344,74.59016393442623,6.147540983606557,68.44262295081968
W00002612,375,84,48,36,291,17,274,22.400000000000002,12.8,9.6,77.60000000000001,4.533333333333333,73.06666666666666
W00002613,209,49,21,28,160,18,142,23.444976076555022,10.047846889952153,13.397129186602871,76.55502392344498,8.61244019138756,67.94258373205741
W00002614,206,60,38,22,146,6,140,29.126213592233007,18.446601941747574,10.679611650485436,70.87378640776699,2.912621359223301,67.96116504854369
W00002615,462,93,55,38,369,24,345,20.12987012987013,11.904761904761903,8.225108225108226,79.87012987012987,5.194805194805195,74.67532467532467
W00002616,272,67,23,44,205,21,184,24.63235294117647,8.455882352941178,16.176470588235293,75.36764705882352,7.720588235294118,67.64705882352942
W00002619,303,44,18,26,259,14,245,14.521452145214523,5.9405940594059405,8.58085808580858,85.47854785478548,4.62046204620462,80.85808580858085
W00002620,259,76,43,33,183,13,170,29.343629343629345,16.602316602316602,12.741312741312742,70.65637065637065,5.019305019305019,65.63706563706563
W00002621,192,62,20,42,130,12,118,32.29166666666667,10.416666666666668,21.875,67.70833333333334,6.25,61.458333333333336
W00002622,220,44,16,28,176,20,156,20,7.2727272727272725,12.727272727272727,80,9.090909090909092,70.9090909090909
W00002623,285,69,29,40,216,20,196,24.210526315789473,10.175438596491228,14.035087719298245,75.78947368421053,7.017543859649122,68.77192982456141
W00002624,332,88,32,56,244,21,223,26.506024096385545,9.63855421686747,16.867469879518072,73.49397590361446,6.325301204819277,67.16867469879519
W00002625,332,53,28,25,279,19,260,15.963855421686745,8.433734939759036,7.530120481927711,84.03614457831326,5.72289156626506,78.3132530120482
W00002627,494,86,37,49,408,33,375,17.408906882591094,7.489878542510121,9.919028340080972,82.5910931174089,6.680161943319838,75.91093117408907
W00002628,308,71,23,48,237,31,206,23.051948051948052,7.467532467532467,15.584415584415584,76.94805194805194,10.064935064935066,66.88311688311688
W00002629,240,35,7,28,205,24,181,14.583333333333334,2.9166666666666665,11.666666666666666,85.41666666666666,10,75.41666666666667
W00002630,287,64,19,45,223,22,201,22.299651567944252,6.620209059233449,15.6794425087108,77.70034843205575,7.665505226480835,70.03484320557492
W00002631,213,44,18,26,169,17,152,20.657276995305164,8.450704225352112,12.206572769953052,79.34272300469483,7.981220657276995,71.36150234741784
W00002632,250,44,13,31,206,21,185,17.599999999999998,5.2,12.4,82.39999999999999,8.4,74
W00002633,267,34,11,23,233,25,208,12.734082397003746,4.119850187265917,8.614232209737828,87.26591760299625,9.363295880149813,77.90262172284645
W00002634,229,48,28,20,181,13,168,20.96069868995633,12.22707423580786,8.73362445414847,79.03930131004367,5.676855895196507,73.36244541484717
W00002636,280,74,34,40,206,23,183,26.42857142857143,12.142857142857142,14.285714285714285,73.57142857142858,8.214285714285714,65.35714285714286
W00002637,273,43,17,26,230,22,208,15.75091575091575,6.227106227106227,9.523809523809524,84.24908424908425,8.058608058608058,76.19047619047619
W00002638,371,56,23,33,315,33,282,15.09433962264151,6.199460916442049,8.89487870619946,84.90566037735849,8.89487870619946,76.01078167115904
W00002641,447,73,21,52,374,24,350,16.331096196868007,4.697986577181208,11.6331096196868,83.66890380313198,5.369127516778524,78.29977628635348
W00002642,247,54,26,28,193,18,175,21.86234817813765,10.526315789473683,11.336032388663968,78.13765182186235,7.28744939271255,70.8502024291498
W00002643,383,101,60,41,282,27,255,26.370757180156655,15.66579634464752,10.704960835509137,73.62924281984334,7.049608355091384,66.57963446475196
W00002644,243,49,19,30,194,24,170,20.16460905349794,7.818930041152264,12.345679012345679,79.83539094650206,9.876543209876543,69.95884773662551
W00002645,314,44,12,32,270,25,245,14.012738853503185,3.821656050955414,10.191082802547772,85.98726114649682,7.961783439490445,78.02547770700637
W00002646,245,38,9,29,207,14,193,15.510204081632653,3.6734693877551026,11.83673469387755,84.48979591836735,5.714285714285714,78.77551020408163
W00002648,212,34,19,15,178,17,161,16.037735849056602,8.962264150943396,7.0754716981132075,83.9622641509434,8.018867924528301,75.94339622641509
W00002649,355,87,32,55,268,14,254,24.507042253521128,9.014084507042254,15.492957746478872,75.49295774647888,3.943661971830986,71.54929577464789
W00002650,313,75,50,25,238,24,214,23.961661341853034,15.974440894568689,7.987220447284344,76.03833865814697,7.667731629392971,68.370607028754
W00002651,291,60,26,34,231,23,208,20.618556701030926,8.934707903780069,11.683848797250858,79.38144329896907,7.903780068728522,71.47766323024055
W00002652,247,76,33,43,171,16,155,30.76923076923077,13.360323886639677,17.408906882591094,69.23076923076923,6.477732793522267,62.75303643724697
W00002653,289,96,59,37,193,21,172,33.21799307958477,20.415224913494807,12.802768166089965,66.78200692041523,7.26643598615917,59.515570934256054
W00002654,211,29,15,14,182,12,170,13.744075829383887,7.109004739336493,6.6350710900473935,86.25592417061611,5.687203791469194,80.56872037914692
W00002655,377,85,46,39,292,28,264,22.546419098143236,12.20159151193634,10.344827586206897,77.45358090185677,7.427055702917771,70.026525198939
W00002656,488,73,27,46,415,39,376,14.959016393442623,5.532786885245901,9.426229508196721,85.04098360655738,7.991803278688526,77.04918032786885
W00002657,271,53,26,27,218,15,203,19.557195571955717,9.59409594095941,9.96309963099631,80.44280442804428,5.535055350553505,74.90774907749078
W00002658,284,51,21,30,233,17,216,17.95774647887324,7.394366197183098,10.56338028169014,82.04225352112677,5.985915492957746,76.05633802816901
W00002659,329,53,18,35,276,21,255,16.109422492401215,5.47112462006079,10.638297872340425,83.89057750759878,6.382978723404255,77.50759878419453
W00002660,295,68,31,37,227,17,210,23.050847457627118,10.508474576271185,12.54237288135593,76.94915254237287,5.762711864406779,71.1864406779661
W00002661,180,64,37,27,116,5,111,35.55555555555556,20.555555555555554,15,64.44444444444444,2.7777777777777777,61.66666666666667
W00002662,241,80,36,44,161,16,145,33.19502074688796,14.937759336099585,18.25726141078838,66.80497925311202,6.639004149377594,60.16597510373444
W00002663,320,77,41,36,243,22,221,24.0625,12.812499999999998,11.25,75.9375,6.875000000000001,69.0625
W00002664,232,56,23,33,176,7,169,24.137931034482758,9.913793103448276,14.224137931034484,75.86206896551724,3.0172413793103448,72.84482758620689
W00002665,217,51,19,32,166,18,148,23.502304147465438,8.755760368663594,14.746543778801843,76.49769585253456,8.294930875576037,68.20276497695853
W00002666,307,58,18,40,249,25,224,18.892508143322477,5.863192182410423,13.029315960912053,81.10749185667753,8.143322475570033,72.9641693811075
W00002667,401,110,82,28,291,36,255,27.431421446384043,20.448877805486283,6.982543640897755,72.56857855361596,8.977556109725686,63.591022443890274
W00002668,289,51,19,32,238,19,219,17.647058823529413,6.5743944636678195,11.072664359861593,82.35294117647058,6.5743944636678195,75.77854671280276
W00002669,493,96,37,59,397,38,359,19.47261663286004,7.505070993914807,11.967545638945234,80.52738336713996,7.707910750507099,72.81947261663286
W00002670,351,56,24,32,295,17,278,15.954415954415953,6.837606837606838,9.116809116809117,84.04558404558404,4.843304843304843,79.2022792022792
W00002671,263,61,25,36,202,22,180,23.193916349809886,9.505703422053232,13.688212927756654,76.80608365019012,8.365019011406844,68.44106463878326
W00002672,266,59,27,32,207,18,189,22.18045112781955,10.150375939849624,12.030075187969924,77.81954887218046,6.7669172932330826,71.05263157894737
W00002673,319,51,17,34,268,21,247,15.987460815047022,5.329153605015674,10.658307210031348,84.01253918495298,6.583072100313479,77.4294670846395
W00002674,261,60,30,30,201,13,188,22.988505747126435,11.494252873563218,11.494252873563218,77.01149425287356,4.980842911877394,72.03065134099617
W00002675,226,43,20,23,183,17,166,19.02654867256637,8.849557522123893,10.176991150442479,80.97345132743364,7.52212389380531,73.45132743362832
W00002676,280,63,26,37,217,12,205,22.5,9.285714285714286,13.214285714285715,77.5,4.285714285714286,73.21428571428571
W00002677,247,37,12,25,210,20,190,14.979757085020243,4.8582995951417,10.121457489878543,85.02024291497976,8.097165991902834,76.92307692307693
W00002678,309,44,13,31,265,21,244,14.239482200647249,4.207119741100324,10.032362459546926,85.76051779935275,6.796116504854369,78.96440129449837
W00002679,136,62,35,27,74,5,69,45.588235294117645,25.735294117647058,19.852941176470587,54.41176470588235,3.6764705882352944,50.73529411764706
W00002680,259,51,21,30,208,14,194,19.69111969111969,8.108108108108109,11.583011583011583,80.3088803088803,5.405405405405405,74.9034749034749
W00002681,169,30,10,20,139,14,125,17.75147928994083,5.9171597633136095,11.834319526627219,82.24852071005917,8.284023668639055,73.96449704142012
W00002682,361,74,37,37,287,14,273,20.498614958448755,10.249307479224377,10.249307479224377,79.50138504155125,3.8781163434903045,75.62326869806094
W00002683,217,55,29,26,162,17,145,25.34562211981567,13.36405529953917,11.981566820276496,74.65437788018433,7.834101382488479,66.82027649769586
W00002684,242,85,46,39,157,8,149,35.12396694214876,19.00826446280992,16.115702479338843,64.87603305785123,3.3057851239669422,61.57024793388429
W00002685,278,56,27,29,222,20,202,20.14388489208633,9.712230215827338,10.431654676258994,79.85611510791367,7.1942446043165464,72.66187050359713
W00002686,272,60,32,28,212,21,191,22.058823529411764,11.76470588235294,10.294117647058822,77.94117647058823,7.720588235294118,70.22058823529412
W00002687,252,69,36,33,183,18,165,27.380952380952383,14.285714285714285,13.095238095238097,72.61904761904762,7.142857142857142,65.47619047619048
W00002688,304,57,34,23,247,15,232,18.75,11.18421052631579,7.565789473684211,81.25,4.934210526315789,76.31578947368422
W00002689,337,109,31,78,228,19,209,32.34421364985163,9.198813056379821,23.14540059347181,67.65578635014838,5.637982195845697,62.01780415430267
W00002690,130,35,17,18,95,13,82,26.923076923076923,13.076923076923078,13.846153846153847,73.07692307692307,10,63.07692307692307
W00002691,243,63,36,27,180,18,162,25.925925925925924,14.814814814814813,11.11111111111111,74.07407407407408,7.4074074074074066,66.66666666666666
W00002692,245,45,22,23,200,13,187,18.367346938775512,8.979591836734693,9.387755102040817,81.63265306122449,5.3061224489795915,76.32653061224491
W00002693,366,61,24,37,305,29,276,16.666666666666664,6.557377049180328,10.10928961748634,83.33333333333334,7.923497267759563,75.40983606557377
W00002694,447,78,26,52,369,36,333,17.449664429530202,5.8165548098434,11.6331096196868,82.5503355704698,8.053691275167784,74.49664429530202
W00002695,346,101,60,41,245,23,222,29.190751445086704,17.341040462427745,11.849710982658959,70.8092485549133,6.6473988439306355,64.16184971098265
W00002696,240,79,44,35,161,13,148,32.916666666666664,18.333333333333332,14.583333333333334,67.08333333333333,5.416666666666667,61.66666666666667
W00002697,313,79,35,44,234,23,211,25.23961661341853,11.182108626198083,14.057507987220447,74.76038338658148,7.348242811501597,67.41214057507987
W00002698,270,82,42,40,188,21,167,30.37037037037037,15.555555555555555,14.814814814814813,69.62962962962963,7.777777777777778,61.85185185185185
W00002699,244,83,30,53,161,13,148,34.01639344262295,12.295081967213115,21.721311475409834,65.98360655737704,5.327868852459016,60.65573770491803
W00002700,288,103,62,41,185,17,168,35.76388888888889,21.52777777777778,14.23611111111111,64.23611111111111,5.902777777777778,58.333333333333336
W00002701,261,52,28,24,209,7,202,19.923371647509576,10.727969348659004,9.195402298850574,80.07662835249042,2.681992337164751,77.39463601532567
W00002702,268,83,48,35,185,16,169,30.970149253731343,17.91044776119403,13.059701492537313,69.02985074626866,5.970149253731343,63.059701492537314
W00002703,333,100,65,35,233,13,220,30.03003003003003,19.51951951951952,10.51051051051051,69.96996996996997,3.903903903903904,66.06606606606607
W00009770,226,43,9,34,183,13,170,19.02654867256637,3.982300884955752,15.04424778761062,80.97345132743364,5.752212389380531,75.22123893805309
W00009772,402,99,48,51,303,31,272,24.62686567164179,11.940298507462686,12.686567164179104,75.3731343283582,7.711442786069651,67.66169154228857
W00009774,368,93,44,49,275,26,249,25.271739130434785,11.956521739130435,13.31521739130435,74.72826086956522,7.065217391304348,67.66304347826086
W00009775,241,59,36,23,182,19,163,24.481327800829874,14.937759336099585,9.54356846473029,75.51867219917013,7.883817427385892,67.63485477178423
W00009776,489,85,33,52,404,26,378,17.38241308793456,6.748466257668712,10.633946830265849,82.61758691206545,5.316973415132924,77.30061349693251
W00009777,357,50,11,39,307,27,280,14.005602240896359,3.081232492997199,10.92436974789916,85.99439775910365,7.563025210084033,78.43137254901961
W00009778,183,41,16,25,142,15,127,22.404371584699454,8.743169398907105,13.661202185792352,77.59562841530054,8.19672131147541,69.39890710382514
W00009779,314,80,38,42,234,18,216,25.477707006369428,12.101910828025478,13.375796178343949,74.52229299363057,5.7324840764331215,68.78980891719745
W00009780,167,39,14,25,128,13,115,23.353293413173652,8.383233532934131,14.97005988023952,76.64670658682635,7.784431137724551,68.8622754491018
W00009781,339,58,26,32,281,35,246,17.10914454277286,7.669616519174041,9.43952802359882,82.89085545722715,10.32448377581121,72.56637168141593
W00009782,433,87,35,52,346,24,322,20.092378752886837,8.083140877598153,12.009237875288683,79.90762124711316,5.542725173210162,74.364896073903
W00009783,293,98,63,35,195,20,175,33.44709897610921,21.501706484641637,11.945392491467576,66.55290102389078,6.825938566552901,59.72696245733788
W00009784,153,36,16,20,117,9,108,23.52941176470588,10.457516339869281,13.071895424836603,76.47058823529412,5.88235294117647,70.58823529411765
W00009785,424,71,27,44,353,27,326,16.745283018867923,6.367924528301887,10.377358490566039,83.25471698113208,6.367924528301887,76.88679245283019
W00009786,337,102,49,53,235,15,220,30.267062314540063,14.540059347181009,15.727002967359049,69.73293768545994,4.451038575667656,65.28189910979229
W00009787,381,71,28,43,310,44,266,18.635170603674542,7.349081364829396,11.286089238845145,81.36482939632546,11.548556430446194,69.81627296587926
W00009788,364,79,35,44,285,29,256,21.703296703296704,9.615384615384617,12.087912087912088,78.2967032967033,7.967032967032966,70.32967032967034
W00009789,159,27,10,17,132,16,116,16.9811320754717,6.289308176100629,10.69182389937107,83.01886792452831,10.062893081761008,72.95597484276729
W00009790,275,59,21,38,216,22,194,21.454545454545453,7.636363636363637,13.818181818181818,78.54545454545455,8,70.54545454545455
W00009791,381,58,27,31,323,29,294,15.223097112860891,7.086614173228346,8.136482939632545,84.7769028871391,7.611548556430446,77.16535433070865
W00009792,272,63,25,38,209,24,185,23.161764705882355,9.191176470588236,13.970588235294118,76.83823529411765,8.823529411764707,68.01470588235294
W00009793,102,11,5,6,91,10,81,10.784313725490197,4.901960784313726,5.88235294117647,89.2156862745098,9.803921568627452,79.41176470588235
W00009794,266,59,24,35,207,14,193,22.18045112781955,9.022556390977442,13.157894736842104,77.81954887218046,5.263157894736842,72.55639097744361
W00010112,359,50,14,36,309,29,280,13.92757660167131,3.8997214484679668,10.027855153203342,86.0724233983287,8.07799442896936,77.99442896935933
W00010113,230,38,17,21,192,18,174,16.52173913043478,7.391304347826087,9.130434782608695,83.47826086956522,7.82608695652174,75.65217391304347
W00010114,264,33,11,22,231,16,215,12.5,4.166666666666666,8.333333333333332,87.5,6.0606060606060606,81.43939393939394
W00010318,275,42,7,35,233,23,210,15.272727272727273,2.5454545454545454,12.727272727272727,84.72727272727273,8.363636363636363,76.36363636363637
W00010339,535,49,19,30,486,30,456,9.158878504672897,3.551401869158879,5.607476635514018,90.8411214953271,5.607476635514018,85.23364485981308
W00010342,150,14,4,10,136,1,135,9.333333333333334,2.666666666666667,6.666666666666667,90.66666666666666,0.6666666666666667,90
W00010355,406,65,25,40,341,30,311,16.00985221674877,6.157635467980295,9.852216748768473,83.99014778325123,7.389162561576355,76.60098522167488
