OA,ts0380001,ts0380002,ts0380003,ts0380004,ts0380005,ts0380006,ts0380007,ts0380002_PCT,ts0380003_PCT,ts0380004_PCT,ts0380005_PCT,ts0380006_PCT,ts0380007_PCT
E00150889,272,36,18,18,236,33,203,13.23529411764706,6.61764705882353,6.61764705882353,86.76470588235294,12.132352941176471,74.63235294117648
E00150890,198,55,26,29,143,13,130,27.77777777777778,13.131313131313133,14.646464646464647,72.22222222222221,6.565656565656567,65.65656565656566
E00150891,289,48,17,31,241,24,217,16.608996539792386,5.88235294117647,10.726643598615917,83.39100346020761,8.304498269896193,75.08650519031141
E00150892,106,25,10,15,81,8,73,23.58490566037736,9.433962264150944,14.150943396226415,76.41509433962264,7.547169811320755,68.86792452830188
E00150893,238,37,14,23,201,23,178,15.546218487394958,5.88235294117647,9.663865546218489,84.45378151260505,9.663865546218489,74.78991596638656
E00150894,248,64,30,34,184,20,164,25.806451612903224,12.096774193548388,13.709677419354838,74.19354838709677,8.064516129032258,66.12903225806451
E00150895,242,46,12,34,196,23,173,19.00826446280992,4.958677685950414,14.049586776859504,80.99173553719008,9.50413223140496,71.48760330578511
E00150896,263,46,22,24,217,19,198,17.490494296577946,8.365019011406844,9.125475285171103,82.50950570342205,7.224334600760455,75.2851711026616
E00150897,251,39,13,26,212,19,193,15.53784860557769,5.179282868525896,10.358565737051793,84.4621513944223,7.569721115537849,76.89243027888446
E00150898,284,56,24,32,228,24,204,19.718309859154928,8.450704225352112,11.267605633802818,80.28169014084507,8.450704225352112,71.83098591549296
E00150899,222,48,16,32,174,18,156,21.62162162162162,7.207207207207207,14.414414414414415,78.37837837837837,8.108108108108109,70.27027027027027
E00150900,183,51,21,30,132,13,119,27.86885245901639,11.475409836065573,16.39344262295082,72.1311475409836,7.103825136612022,65.02732240437157
E00150901,263,52,14,38,211,21,190,19.771863117870723,5.323193916349809,14.44866920152091,80.22813688212928,7.984790874524715,72.24334600760456
E00150902,276,59,26,33,217,16,201,21.3768115942029,9.420289855072465,11.956521739130435,78.62318840579711,5.797101449275362,72.82608695652173
E00150903,258,47,25,22,211,15,196,18.217054263565892,9.689922480620156,8.527131782945736,81.78294573643412,5.813953488372093,75.96899224806202
E00150905,253,63,33,30,190,18,172,24.90118577075099,13.043478260869565,11.857707509881422,75.09881422924902,7.114624505928854,67.98418972332016
E00150906,397,66,22,44,331,32,299,16.624685138539043,5.541561712846348,11.083123425692696,83.37531486146096,8.060453400503778,75.31486146095719
E00150907,317,47,23,24,270,21,249,14.826498422712934,7.255520504731862,7.570977917981073,85.17350157728707,6.624605678233439,78.54889589905363
E00150908,238,48,19,29,190,21,169,20.168067226890756,7.9831932773109235,12.184873949579831,79.83193277310924,8.823529411764707,71.00840336134453
E00150909,280,75,32,43,205,21,184,26.785714285714285,11.428571428571429,15.357142857142858,73.21428571428571,7.5,65.71428571428571
E00150910,289,50,17,33,239,27,212,17.301038062283737,5.88235294117647,11.418685121107266,82.69896193771626,9.342560553633218,73.35640138408304
E00150911,267,35,15,20,232,27,205,13.108614232209737,5.617977528089887,7.490636704119851,86.89138576779027,10.112359550561797,76.77902621722846
E00150912,270,61,24,37,209,17,192,22.59259259259259,8.88888888888889,13.703703703703704,77.4074074074074,6.296296296296296,71.11111111111111
E00150913,188,73,44,29,115,10,105,38.82978723404255,23.404255319148938,15.425531914893616,61.170212765957444,5.319148936170213,55.85106382978723
E00150914,246,53,21,32,193,21,172,21.544715447154474,8.536585365853659,13.008130081300814,78.45528455284553,8.536585365853659,69.91869918699187
E00150915,298,69,28,41,229,20,209,23.154362416107382,9.395973154362416,13.758389261744966,76.84563758389261,6.7114093959731544,70.13422818791946
E00150916,274,51,20,31,223,24,199,18.613138686131386,7.2992700729927,11.313868613138686,81.38686131386861,8.75912408759124,72.62773722627736
E00150917,289,35,17,18,254,34,220,12.110726643598616,5.88235294117647,6.228373702422145,87.88927335640139,11.76470588235294,76.12456747404845
E00150918,443,75,41,34,368,35,333,16.93002257336343,9.255079006772009,7.674943566591422,83.06997742663657,7.900677200902935,75.16930022573364
E00150919,315,48,16,32,267,20,247,15.238095238095239,5.079365079365079,10.158730158730158,84.76190476190476,6.349206349206349,78.41269841269842
E00150920,440,56,21,35,384,25,359,12.727272727272727,4.772727272727273,7.954545454545454,87.27272727272727,5.681818181818182,81.5909090909091
E00150921,291,80,45,35,211,18,193,27.491408934707906,15.463917525773196,12.027491408934708,72.5085910652921,6.185567010309279,66.32302405498281
E00150922,386,69,29,40,317,31,286,17.875647668393782,7.512953367875648,10.362694300518134,82.12435233160622,8.031088082901555,74.09326424870466
E00150923,312,70,25,45,242,29,213,22.435897435897438,8.012820512820513,14.423076923076922,77.56410256410257,9.294871794871796,68.26923076923077
E00150924,256,55,24,31,201,21,180,21.484375,9.375,12.109375,78.515625,8.203125,70.3125
E00150925,210,41,18,23,169,12,157,19.523809523809526,8.571428571428571,10.952380952380953,80.47619047619048,5.714285714285714,74.76190476190476
E00150926,306,53,22,31,253,31,222,17.320261437908496,7.18954248366013,10.130718954248366,82.6797385620915,10.130718954248366,72.54901960784314
E00150927,311,52,23,29,259,25,234,16.720257234726688,7.395498392282958,9.32475884244373,83.27974276527331,8.038585209003216,75.2411575562701
E00150928,312,55,22,33,257,29,228,17.628205128205128,7.051282051282051,10.576923076923077,82.37179487179486,9.294871794871796,73.07692307692307
E00150929,333,67,26,41,266,17,249,20.12012012012012,7.807807807807808,12.312312312312311,79.87987987987988,5.105105105105105,74.77477477477478
E00150930,291,53,23,30,238,29,209,18.213058419243985,7.903780068728522,10.309278350515463,81.78694158075601,9.965635738831615,71.8213058419244
E00150931,273,55,22,33,218,17,201,20.146520146520146,8.058608058608058,12.087912087912088,79.85347985347985,6.227106227106227,73.62637362637363
E00150932,410,64,26,38,346,35,311,15.609756097560975,6.341463414634147,9.268292682926829,84.39024390243902,8.536585365853659,75.85365853658537
E00150933,351,70,28,42,281,16,265,19.943019943019944,7.977207977207977,11.965811965811966,80.05698005698005,4.5584045584045585,75.49857549857549
E00150934,340,61,25,36,279,23,256,17.941176470588236,7.352941176470589,10.588235294117647,82.05882352941177,6.764705882352941,75.29411764705883
E00150935,263,54,27,27,209,21,188,20.53231939163498,10.26615969581749,10.26615969581749,79.46768060836501,7.984790874524715,71.48288973384031
E00150936,359,53,20,33,306,31,275,14.763231197771587,5.571030640668524,9.192200557103064,85.23676880222841,8.635097493036211,76.6016713091922
E00150937,285,62,31,31,223,15,208,21.75438596491228,10.87719298245614,10.87719298245614,78.24561403508771,5.263157894736842,72.98245614035088
E00150938,288,45,23,22,243,21,222,15.625,7.986111111111111,7.638888888888889,84.375,7.291666666666667,77.08333333333334
E00150939,358,64,20,44,294,24,270,17.877094972067038,5.58659217877095,12.290502793296088,82.12290502793296,6.70391061452514,75.41899441340783
E00150940,166,37,12,25,129,11,118,22.289156626506024,7.228915662650602,15.060240963855422,77.71084337349397,6.626506024096386,71.08433734939759
E00150941,311,58,18,40,253,24,229,18.64951768488746,5.787781350482315,12.861736334405144,81.35048231511254,7.717041800643088,73.63344051446946
E00150942,496,89,40,49,407,39,368,17.943548387096776,8.064516129032258,9.879032258064516,82.05645161290323,7.862903225806452,74.19354838709677
E00150943,254,55,21,34,199,26,173,21.653543307086615,8.267716535433072,13.385826771653544,78.34645669291339,10.236220472440944,68.11023622047244
E00150944,297,39,15,24,258,23,235,13.131313131313133,5.05050505050505,8.080808080808081,86.86868686868688,7.744107744107744,79.12457912457911
E00150945,279,41,16,25,238,22,216,14.695340501792115,5.734767025089606,8.960573476702509,85.30465949820788,7.885304659498208,77.41935483870968
E00150946,282,38,8,30,244,29,215,13.47517730496454,2.8368794326241136,10.638297872340425,86.52482269503547,10.28368794326241,76.24113475177306
E00150947,281,86,52,34,195,8,187,30.604982206405694,18.505338078291814,12.099644128113878,69.3950177935943,2.8469750889679712,66.54804270462633
E00150948,289,41,19,22,248,25,223,14.186851211072666,6.5743944636678195,7.612456747404845,85.81314878892734,8.650519031141869,77.16262975778547
E00150949,249,30,9,21,219,17,202,12.048192771084338,3.614457831325301,8.433734939759036,87.95180722891565,6.827309236947792,81.12449799196787
E00150950,276,84,42,42,192,19,173,30.434782608695656,15.217391304347828,15.217391304347828,69.56521739130434,6.884057971014493,62.68115942028986
E00150951,231,47,21,26,184,15,169,20.346320346320347,9.090909090909092,11.255411255411255,79.65367965367966,6.493506493506493,73.16017316017316
E00150952,229,51,23,28,178,16,162,22.270742358078603,10.043668122270741,12.22707423580786,77.72925764192141,6.986899563318777,70.74235807860262
E00150953,246,80,36,44,166,20,146,32.52032520325203,14.634146341463413,17.88617886178862,67.47967479674797,8.130081300813007,59.34959349593496
E00150954,277,75,36,39,202,15,187,27.075812274368232,12.996389891696749,14.079422382671481,72.92418772563177,5.415162454873646,67.50902527075813
E00150956,221,68,31,37,153,14,139,30.76923076923077,14.027149321266968,16.7420814479638,69.23076923076923,6.334841628959276,62.89592760180995
E00150957,326,55,28,27,271,23,248,16.87116564417178,8.588957055214724,8.282208588957054,83.12883435582822,7.05521472392638,76.07361963190185
E00150958,248,22,8,14,226,12,214,8.870967741935484,3.225806451612903,5.64516129032258,91.12903225806451,4.838709677419355,86.29032258064517
E00150959,332,48,18,30,284,17,267,14.457831325301203,5.421686746987952,9.036144578313253,85.54216867469879,5.120481927710843,80.42168674698796
E00150960,397,61,28,33,336,34,302,15.365239294710328,7.052896725440807,8.312342569269521,84.63476070528966,8.564231738035264,76.0705289672544
E00150961,250,39,11,28,211,23,188,15.6,4.3999999999999995,11.200000000000001,84.39999999999999,9.2,75.2
E00150962,333,42,18,24,291,28,263,12.612612612612612,5.405405405405405,7.207207207207207,87.38738738738738,8.408408408408409,78.97897897897897
E00150963,257,46,20,26,211,19,192,17.898832684824903,7.782101167315175,10.116731517509727,82.10116731517509,7.392996108949417,74.70817120622569
E00150964,319,58,25,33,261,28,233,18.181818181818183,7.836990595611286,10.344827586206897,81.81818181818183,8.77742946708464,73.04075235109718
E00150965,281,45,17,28,236,21,215,16.014234875444842,6.049822064056939,9.9644128113879,83.98576512455516,7.473309608540925,76.51245551601423
E00150966,324,66,25,41,258,21,237,20.37037037037037,7.716049382716049,12.654320987654321,79.62962962962963,6.481481481481481,73.14814814814815
E00150967,253,44,21,23,209,18,191,17.391304347826086,8.300395256916996,9.090909090909092,82.6086956521739,7.114624505928854,75.49407114624506
E00150968,322,36,8,28,286,22,264,11.180124223602485,2.484472049689441,8.695652173913043,88.81987577639751,6.832298136645963,81.98757763975155
E00150969,282,41,12,29,241,26,215,14.539007092198581,4.25531914893617,10.28368794326241,85.46099290780141,9.219858156028367,76.24113475177306
E00150970,487,166,95,71,321,23,298,34.08624229979466,19.50718685831622,14.579055441478438,65.91375770020534,4.722792607802875,61.19096509240246
E00150971,323,41,13,28,282,29,253,12.693498452012383,4.024767801857585,8.6687306501548,87.30650154798761,8.978328173374612,78.328173374613
E00150972,291,33,13,20,258,32,226,11.34020618556701,4.4673539518900345,6.872852233676976,88.65979381443299,10.996563573883162,77.66323024054984
E00150973,307,34,11,23,273,25,248,11.074918566775244,3.5830618892508146,7.491856677524431,88.92508143322475,8.143322475570033,80.78175895765473
E00150974,278,45,21,24,233,24,209,16.18705035971223,7.553956834532374,8.633093525179856,83.81294964028777,8.633093525179856,75.17985611510791
E00150975,322,40,13,27,282,24,258,12.422360248447205,4.037267080745342,8.385093167701864,87.5776397515528,7.453416149068323,80.12422360248446
E00150976,228,43,13,30,185,20,165,18.859649122807017,5.701754385964912,13.157894736842104,81.14035087719299,8.771929824561402,72.36842105263158
E00150977,233,46,17,29,187,16,171,19.742489270386265,7.296137339055794,12.446351931330472,80.25751072961373,6.866952789699571,73.39055793991416
E00150978,311,44,15,29,267,20,247,14.14790996784566,4.823151125401929,9.32475884244373,85.85209003215434,6.430868167202572,79.42122186495176
E00150979,312,42,18,24,270,22,248,13.461538461538462,5.769230769230769,7.6923076923076925,86.53846153846155,7.051282051282051,79.48717948717949
E00150980,235,60,33,27,175,15,160,25.53191489361702,14.042553191489363,11.48936170212766,74.46808510638297,6.382978723404255,68.08510638297872
E00150982,286,42,15,27,244,16,228,14.685314685314685,5.244755244755245,9.44055944055944,85.3146853146853,5.594405594405594,79.72027972027972
E00150983,262,46,24,22,216,20,196,17.557251908396946,9.16030534351145,8.396946564885496,82.44274809160305,7.633587786259542,74.80916030534351
E00150984,258,67,42,25,191,8,183,25.968992248062015,16.27906976744186,9.689922480620156,74.03100775193798,3.10077519379845,70.93023255813954
E00150985,545,222,131,91,323,17,306,40.73394495412844,24.036697247706424,16.69724770642202,59.26605504587156,3.1192660550458715,56.14678899082569
E00150986,368,21,3,18,347,27,320,5.706521739130435,0.8152173913043478,4.891304347826087,94.29347826086956,7.336956521739131,86.95652173913044
E00150987,338,58,31,27,280,25,255,17.159763313609467,9.171597633136095,7.988165680473373,82.84023668639054,7.396449704142012,75.44378698224851
E00150988,308,60,20,40,248,31,217,19.480519480519483,6.493506493506493,12.987012987012985,80.51948051948052,10.064935064935066,70.45454545454545
E00150989,293,71,38,33,222,24,198,24.2320819112628,12.969283276450511,11.262798634812286,75.76791808873719,8.19112627986348,67.57679180887372
E00150990,396,55,22,33,341,23,318,13.88888888888889,5.555555555555555,8.333333333333332,86.11111111111111,5.808080808080808,80.3030303030303
E00150991,252,37,16,21,215,24,191,14.682539682539684,6.349206349206349,8.333333333333332,85.31746031746032,9.523809523809524,75.79365079365078
E00150992,428,106,62,44,322,28,294,24.766355140186917,14.485981308411214,10.2803738317757,75.23364485981308,6.5420560747663545,68.69158878504673
E00150993,301,61,26,35,240,20,220,20.26578073089701,8.637873754152823,11.627906976744185,79.734219269103,6.64451827242525,73.08970099667775
E00150994,318,85,31,54,233,21,212,26.729559748427672,9.748427672955975,16.9811320754717,73.27044025157232,6.60377358490566,66.66666666666666
E00150995,307,31,9,22,276,24,252,10.097719869706841,2.9315960912052117,7.166123778501629,89.90228013029315,7.81758957654723,82.08469055374593
E00150996,362,30,9,21,332,32,300,8.287292817679557,2.4861878453038675,5.801104972375691,91.71270718232044,8.83977900552486,82.87292817679558
E00150997,330,53,23,30,277,21,256,16.060606060606062,6.969696969696971,9.090909090909092,83.93939393939394,6.363636363636363,77.57575757575758
E00150998,351,63,22,41,288,24,264,17.94871794871795,6.267806267806268,11.68091168091168,82.05128205128204,6.837606837606838,75.21367521367522
E00151000,334,37,8,29,297,13,284,11.077844311377245,2.3952095808383236,8.682634730538922,88.92215568862275,3.8922155688622757,85.02994011976048
E00151001,288,53,23,30,235,20,215,18.40277777777778,7.986111111111111,10.416666666666668,81.59722222222221,6.944444444444445,74.65277777777779
E00151002,291,74,29,45,217,23,194,25.42955326460481,9.965635738831615,15.463917525773196,74.5704467353952,7.903780068728522,66.66666666666666
E00151003,318,69,37,32,249,20,229,21.69811320754717,11.635220125786164,10.062893081761008,78.30188679245283,6.289308176100629,72.0125786163522
E00151004,360,64,32,32,296,26,270,17.77777777777778,8.88888888888889,8.88888888888889,82.22222222222221,7.222222222222221,75
E00151005,272,68,28,40,204,14,190,25,10.294117647058822,14.705882352941178,75,5.147058823529411,69.85294117647058
E00151006,247,73,41,32,174,11,163,29.554655870445345,16.599190283400812,12.955465587044534,70.44534412955466,4.4534412955465585,65.9919028340081
E00151007,247,69,37,32,178,0,178,27.93522267206478,14.979757085020243,12.955465587044534,72.06477732793523,0,72.06477732793523
E00151008,383,72,24,48,311,35,276,18.79895561357702,6.266318537859007,12.532637075718014,81.20104438642298,9.138381201044385,72.0626631853786
E00151009,384,70,34,36,314,13,301,18.229166666666664,8.854166666666668,9.375,81.77083333333334,3.3854166666666665,78.38541666666666
E00151010,367,31,6,25,336,22,314,8.446866485013624,1.6348773841961852,6.811989100817439,91.55313351498637,5.994550408719346,85.55858310626702
E00151011,293,67,34,33,226,20,206,22.866894197952217,11.604095563139932,11.262798634812286,77.13310580204778,6.825938566552901,70.30716723549489
E00151012,279,100,55,45,179,14,165,35.842293906810035,19.71326164874552,16.129032258064516,64.15770609318996,5.017921146953405,59.13978494623656
E00151013,314,51,19,32,263,32,231,16.24203821656051,6.050955414012739,10.191082802547772,83.7579617834395,10.191082802547772,73.56687898089172
E00151014,307,38,13,25,269,30,239,12.37785016286645,4.234527687296417,8.143322475570033,87.62214983713355,9.77198697068404,77.85016286644951
E00151015,360,42,16,26,318,29,289,11.666666666666666,4.444444444444445,7.222222222222221,88.33333333333333,8.055555555555555,80.27777777777779
E00151016,312,83,33,50,229,22,207,26.602564102564102,10.576923076923077,16.025641025641026,73.3974358974359,7.051282051282051,66.34615384615384
E00151017,293,69,30,39,224,12,212,23.549488054607508,10.238907849829351,13.310580204778159,76.45051194539249,4.09556313993174,72.35494880546075
E00151018,313,71,32,39,242,23,219,22.683706070287542,10.223642172523961,12.460063897763577,77.31629392971246,7.348242811501597,69.96805111821087
E00151019,297,53,22,31,244,26,218,17.845117845117844,7.4074074074074066,10.437710437710438,82.15488215488216,8.754208754208754,73.4006734006734
E00151020,416,55,19,36,361,38,323,13.221153846153847,4.567307692307692,8.653846153846153,86.77884615384616,9.134615384615383,77.64423076923077
E00151021,222,63,31,32,159,12,147,28.37837837837838,13.963963963963963,14.414414414414415,71.62162162162163,5.405405405405405,66.21621621621621
E00151022,321,57,24,33,264,14,250,17.75700934579439,7.476635514018691,10.2803738317757,82.2429906542056,4.361370716510903,77.88161993769471
E00151023,248,66,33,33,182,25,157,26.61290322580645,13.306451612903224,13.306451612903224,73.38709677419355,10.080645161290322,63.306451612903224
E00151024,295,52,13,39,243,19,224,17.627118644067796,4.406779661016949,13.220338983050848,82.37288135593221,6.440677966101695,75.9322033898305
E00151025,279,37,21,16,242,27,215,13.261648745519713,7.526881720430108,5.734767025089606,86.73835125448028,9.67741935483871,77.06093189964157
E00151026,298,45,23,22,253,21,232,15.100671140939598,7.718120805369128,7.38255033557047,84.8993288590604,7.046979865771812,77.85234899328859
E00151027,271,36,18,18,235,15,220,13.284132841328415,6.642066420664207,6.642066420664207,86.71586715867159,5.535055350553505,81.18081180811808
E00151028,272,57,16,41,215,27,188,20.955882352941178,5.88235294117647,15.073529411764705,79.04411764705883,9.926470588235293,69.11764705882352
E00151029,269,66,23,43,203,18,185,24.53531598513011,8.550185873605948,15.985130111524162,75.46468401486989,6.691449814126393,68.77323420074349
E00151030,312,63,37,26,249,21,228,20.192307692307693,11.858974358974358,8.333333333333332,79.8076923076923,6.730769230769231,73.07692307692307
E00151031,264,49,23,26,215,21,194,18.560606060606062,8.712121212121213,9.848484848484848,81.43939393939394,7.954545454545454,73.48484848484848
E00151032,267,77,31,46,190,14,176,28.83895131086142,11.610486891385769,17.228464419475657,71.16104868913857,5.2434456928838955,65.91760299625467
E00151033,305,60,23,37,245,20,225,19.672131147540984,7.540983606557377,12.131147540983607,80.32786885245902,6.557377049180328,73.77049180327869
E00151034,302,70,38,32,232,18,214,23.178807947019866,12.582781456953644,10.596026490066226,76.82119205298014,5.960264900662252,70.86092715231787
E00151035,273,50,14,36,223,15,208,18.315018315018314,5.128205128205128,13.186813186813188,81.68498168498168,5.4945054945054945,76.19047619047619
E00151036,251,53,19,34,198,23,175,21.115537848605577,7.569721115537849,13.545816733067728,78.88446215139442,9.163346613545817,69.7211155378486
E00151037,263,71,29,42,192,10,182,26.996197718631176,11.02661596958175,15.96958174904943,73.00380228136882,3.802281368821293,69.20152091254754
E00151038,296,93,39,54,203,14,189,31.41891891891892,13.175675675675674,18.243243243243242,68.58108108108108,4.72972972972973,63.85135135135135
E00151039,360,69,18,51,291,20,271,19.166666666666668,5,14.166666666666666,80.83333333333333,5.555555555555555,75.27777777777777
E00151040,308,57,24,33,251,25,226,18.506493506493506,7.792207792207792,10.714285714285714,81.4935064935065,8.116883116883116,73.37662337662337
E00151042,261,47,19,28,214,26,188,18.007662835249043,7.2796934865900385,10.727969348659004,81.99233716475096,9.961685823754788,72.03065134099617
E00151043,295,55,18,37,240,15,225,18.64406779661017,6.101694915254238,12.54237288135593,81.35593220338984,5.084745762711865,76.27118644067797
E00151044,321,52,21,31,269,17,252,16.1993769470405,6.5420560747663545,9.657320872274143,83.8006230529595,5.29595015576324,78.50467289719626
E00151045,401,115,67,48,286,29,257,28.6783042394015,16.708229426433917,11.970074812967582,71.3216957605985,7.231920199501247,64.08977556109726
E00151047,380,57,22,35,323,26,297,15,5.7894736842105265,9.210526315789473,85,6.842105263157896,78.15789473684211
E00151048,311,69,31,38,242,26,216,22.186495176848876,9.967845659163988,12.218649517684888,77.81350482315112,8.360128617363344,69.45337620578779
E00151049,442,83,35,48,359,26,333,18.778280542986426,7.918552036199094,10.85972850678733,81.22171945701358,5.88235294117647,75.3393665158371
E00151050,146,53,24,29,93,10,83,36.3013698630137,16.43835616438356,19.863013698630137,63.6986301369863,6.8493150684931505,56.849315068493155
E00151051,372,58,23,35,314,12,302,15.591397849462366,6.182795698924731,9.408602150537634,84.40860215053763,3.225806451612903,81.18279569892472
E00151052,275,43,18,25,232,18,214,15.636363636363637,6.545454545454546,9.090909090909092,84.36363636363636,6.545454545454546,77.81818181818181
E00151053,417,100,46,54,317,45,272,23.980815347721823,11.031175059952037,12.949640287769784,76.01918465227818,10.79136690647482,65.22781774580336
E00151054,353,57,17,40,296,27,269,16.147308781869686,4.815864022662889,11.3314447592068,83.85269121813032,7.64872521246459,76.20396600566572
E00151055,376,61,34,27,315,39,276,16.22340425531915,9.042553191489363,7.180851063829788,83.77659574468085,10.372340425531915,73.40425531914893
E00151057,271,47,18,29,224,12,212,17.343173431734318,6.642066420664207,10.70110701107011,82.65682656826569,4.428044280442804,78.22878228782287
E00151058,410,108,53,55,302,30,272,26.34146341463415,12.926829268292684,13.414634146341465,73.65853658536585,7.317073170731707,66.34146341463415
E00151060,353,73,27,46,280,23,257,20.679886685552407,7.64872521246459,13.031161473087819,79.3201133144476,6.515580736543909,72.80453257790369
E00151062,434,96,47,49,338,19,319,22.119815668202765,10.829493087557603,11.29032258064516,77.88018433179722,4.377880184331797,73.50230414746544
E00151063,292,79,37,42,213,18,195,27.054794520547947,12.67123287671233,14.383561643835616,72.94520547945206,6.164383561643835,66.78082191780823
E00151064,242,45,22,23,197,19,178,18.59504132231405,9.090909090909092,9.50413223140496,81.40495867768594,7.851239669421488,73.55371900826447
E00151065,282,37,12,25,245,20,225,13.120567375886525,4.25531914893617,8.865248226950355,86.87943262411348,7.092198581560284,79.7872340425532
E00151066,341,76,36,40,265,25,240,22.28739002932551,10.557184750733137,11.730205278592376,77.71260997067448,7.331378299120235,70.38123167155426
E00151067,328,64,24,40,264,32,232,19.51219512195122,7.317073170731707,12.195121951219512,80.48780487804879,9.75609756097561,70.73170731707317
E00151068,156,37,13,24,119,17,102,23.717948717948715,8.333333333333332,15.384615384615385,76.28205128205127,10.897435897435898,65.38461538461539
E00151069,364,102,42,60,262,31,231,28.021978021978022,11.538461538461538,16.483516483516482,71.97802197802197,8.516483516483516,63.46153846153846
E00151070,280,52,22,30,228,23,205,18.571428571428573,7.857142857142857,10.714285714285714,81.42857142857143,8.214285714285714,73.21428571428571
E00151071,227,57,28,29,170,15,155,25.11013215859031,12.334801762114537,12.77533039647577,74.8898678414097,6.607929515418502,68.28193832599119
E00151072,188,39,17,22,149,6,143,20.74468085106383,9.042553191489363,11.702127659574469,79.25531914893617,3.1914893617021276,76.06382978723404
E00151073,351,62,33,29,289,25,264,17.663817663817664,9.401709401709402,8.262108262108262,82.33618233618233,7.122507122507122,75.21367521367522
E00151074,495,92,44,48,403,40,363,18.585858585858585,8.88888888888889,9.696969696969697,81.41414141414141,8.080808080808081,73.33333333333333
E00151075,399,61,22,39,338,24,314,15.288220551378446,5.513784461152882,9.774436090225564,84.71177944862156,6.015037593984962,78.69674185463658
E00151076,214,28,9,19,186,20,166,13.084112149532709,4.205607476635514,8.878504672897195,86.91588785046729,9.345794392523365,77.57009345794393
E00151077,523,76,17,59,447,37,410,14.531548757170173,3.2504780114722758,11.281070745697896,85.46845124282983,7.0745697896749515,78.39388145315488
E00151078,313,62,18,44,251,32,219,19.808306709265175,5.7507987220447285,14.057507987220447,80.19169329073482,10.223642172523961,69.96805111821087
E00151079,372,50,19,31,322,32,290,13.440860215053762,5.10752688172043,8.333333333333332,86.55913978494624,8.60215053763441,77.95698924731182
E00151080,296,46,11,35,250,18,232,15.54054054054054,3.7162162162162162,11.824324324324325,84.45945945945947,6.081081081081082,78.37837837837837
E00151081,281,56,20,36,225,26,199,19.9288256227758,7.11743772241993,12.811387900355871,80.0711743772242,9.252669039145907,70.8185053380783
E00151082,313,68,33,35,245,26,219,21.72523961661342,10.543130990415335,11.182108626198083,78.27476038338658,8.30670926517572,69.96805111821087
E00151083,292,41,17,24,251,31,220,14.04109589041096,5.821917808219178,8.21917808219178,85.95890410958904,10.616438356164384,75.34246575342466
E00151084,366,68,20,48,298,37,261,18.579234972677597,5.46448087431694,13.114754098360656,81.4207650273224,10.10928961748634,71.31147540983606
E00151085,135,39,23,16,96,15,81,28.888888888888886,17.037037037037038,11.851851851851853,71.11111111111111,11.11111111111111,60
E00151086,309,50,18,32,259,36,223,16.181229773462782,5.825242718446602,10.355987055016183,83.81877022653723,11.650485436893204,72.168284789644
E00151087,288,41,12,29,247,26,221,14.23611111111111,4.166666666666666,10.069444444444445,85.76388888888889,9.027777777777777,76.73611111111111
E00151088,367,59,15,44,308,30,278,16.076294277929154,4.087193460490464,11.989100817438691,83.92370572207084,8.174386920980927,75.74931880108991
E00151089,187,32,12,20,155,16,139,17.11229946524064,6.417112299465241,10.695187165775401,82.88770053475936,8.55614973262032,74.33155080213903
E00151090,302,36,12,24,266,22,244,11.920529801324504,3.9735099337748347,7.9470198675496695,88.0794701986755,7.28476821192053,80.79470198675497
E00151091,356,68,32,36,288,21,267,19.101123595505616,8.98876404494382,10.112359550561797,80.89887640449437,5.8988764044943816,75
E00151092,338,58,20,38,280,30,250,17.159763313609467,5.9171597633136095,11.242603550295858,82.84023668639054,8.875739644970414,73.96449704142012
E00151093,356,49,13,36,307,23,284,13.764044943820226,3.651685393258427,10.112359550561797,86.23595505617978,6.460674157303371,79.7752808988764
E00151094,358,46,16,30,312,37,275,12.849162011173185,4.4692737430167595,8.379888268156424,87.15083798882681,10.335195530726256,76.81564245810057
E00151095,231,38,16,22,193,31,162,16.450216450216452,6.926406926406926,9.523809523809524,83.54978354978356,13.41991341991342,70.12987012987013
E00151096,480,80,22,58,400,40,360,16.666666666666664,4.583333333333333,12.083333333333334,83.33333333333334,8.333333333333332,75
E00151097,280,32,11,21,248,20,228,11.428571428571429,3.9285714285714284,7.5,88.57142857142857,7.142857142857142,81.42857142857143
E00151098,236,44,19,25,192,16,176,18.64406779661017,8.050847457627118,10.59322033898305,81.35593220338984,6.779661016949152,74.57627118644068
E00151099,283,47,20,27,236,21,215,16.607773851590103,7.06713780918728,9.540636042402827,83.3922261484099,7.420494699646643,75.97173144876325
E00151100,271,32,4,28,239,22,217,11.808118081180812,1.4760147601476015,10.33210332103321,88.19188191881919,8.118081180811808,80.07380073800738
E00151101,325,53,26,27,272,19,253,16.307692307692307,8,8.307692307692308,83.6923076923077,5.846153846153846,77.84615384615384
E00151102,296,75,30,45,221,21,200,25.33783783783784,10.135135135135135,15.202702702702704,74.66216216216216,7.094594594594595,67.56756756756756
E00151103,262,44,15,29,218,15,203,16.793893129770993,5.7251908396946565,11.068702290076336,83.20610687022901,5.7251908396946565,77.48091603053436
E00151104,205,68,33,35,137,14,123,33.170731707317074,16.097560975609756,17.073170731707318,66.82926829268293,6.829268292682928,60
E00151105,163,35,14,21,128,7,121,21.472392638036812,8.588957055214724,12.883435582822086,78.52760736196319,4.294478527607362,74.23312883435584
E00151106,263,42,11,31,221,20,201,15.96958174904943,4.182509505703422,11.787072243346007,84.03041825095056,7.604562737642586,76.42585551330798
E00151107,146,41,12,29,105,9,96,28.08219178082192,8.21917808219178,19.863013698630137,71.91780821917808,6.164383561643835,65.75342465753424
E00151108,272,49,27,22,223,25,198,18.014705882352942,9.926470588235293,8.088235294117647,81.98529411764706,9.191176470588236,72.79411764705883
E00151109,412,25,6,19,387,44,343,6.067961165048544,1.4563106796116505,4.611650485436893,93.93203883495146,10.679611650485436,83.25242718446601
E00151110,250,44,12,32,206,21,185,17.599999999999998,4.8,12.8,82.39999999999999,8.4,74
E00151111,465,100,34,66,365,30,335,21.50537634408602,7.311827956989248,14.193548387096774,78.49462365591397,6.451612903225806,72.04301075268818
E00151112,298,33,10,23,265,26,239,11.073825503355705,3.3557046979865772,7.718120805369128,88.9261744966443,8.724832214765101,80.20134228187919
E00151113,356,54,17,37,302,29,273,15.168539325842698,4.775280898876404,10.393258426966293,84.8314606741573,8.146067415730338,76.68539325842697
E00151114,261,72,32,40,189,12,177,27.586206896551722,12.260536398467432,15.32567049808429,72.41379310344827,4.597701149425287,67.81609195402298
E00151115,301,49,15,34,252,25,227,16.27906976744186,4.983388704318937,11.295681063122924,83.72093023255815,8.305647840531561,75.41528239202658
E00151116,270,36,10,26,234,26,208,13.333333333333334,3.7037037037037033,9.62962962962963,86.66666666666667,9.62962962962963,77.03703703703704
E00151117,246,54,18,36,192,16,176,21.951219512195124,7.317073170731707,14.634146341463413,78.04878048780488,6.504065040650407,71.54471544715447
E00151119,272,57,29,28,215,20,195,20.955882352941178,10.661764705882353,10.294117647058822,79.04411764705883,7.352941176470589,71.69117647058823
E00151121,207,43,16,27,164,18,146,20.77294685990338,7.729468599033816,13.043478260869565,79.22705314009661,8.695652173913043,70.53140096618358
E00151122,291,63,16,47,228,27,201,21.649484536082475,5.498281786941581,16.151202749140893,78.35051546391753,9.278350515463918,69.0721649484536
E00151123,324,50,21,29,274,30,244,15.432098765432098,6.481481481481481,8.950617283950617,84.5679012345679,9.25925925925926,75.30864197530865
E00151124,279,60,20,40,219,20,199,21.50537634408602,7.168458781362006,14.336917562724013,78.49462365591397,7.168458781362006,71.32616487455196
E00151125,353,59,18,41,294,22,272,16.71388101983003,5.099150141643059,11.614730878186968,83.28611898016997,6.232294617563739,77.05382436260622
E00151126,292,73,30,43,219,24,195,25,10.273972602739725,14.726027397260275,75,8.21917808219178,66.78082191780823
E00151127,326,130,80,50,196,12,184,39.87730061349693,24.539877300613497,15.337423312883436,60.122699386503065,3.6809815950920246,56.44171779141104
E00151128,300,60,24,36,240,25,215,20,8,12,80,8.333333333333332,71.66666666666667
E00151129,303,71,26,45,232,30,202,23.432343234323433,8.58085808580858,14.85148514851485,76.56765676567657,9.900990099009901,66.66666666666666
E00151130,373,85,59,26,288,24,264,22.78820375335121,15.81769436997319,6.970509383378016,77.21179624664879,6.434316353887399,70.77747989276139
E00151131,368,38,10,28,330,37,293,10.326086956521738,2.717391304347826,7.608695652173914,89.67391304347827,10.054347826086957,79.61956521739131
E00151132,312,48,15,33,264,31,233,15.384615384615385,4.807692307692308,10.576923076923077,84.61538461538461,9.935897435897436,74.67948717948718
E00151133,316,33,11,22,283,31,252,10.443037974683545,3.481012658227848,6.962025316455696,89.55696202531645,9.81012658227848,79.74683544303798
E00151134,248,61,22,39,187,14,173,24.596774193548388,8.870967741935484,15.725806451612904,75.40322580645162,5.64516129032258,69.75806451612904
E00151136,290,44,21,23,246,22,224,15.172413793103448,7.241379310344828,7.931034482758621,84.82758620689656,7.586206896551724,77.24137931034483
E00151137,296,41,17,24,255,19,236,13.85135135135135,5.743243243243244,8.108108108108109,86.14864864864865,6.418918918918918,79.72972972972973
E00151138,280,31,8,23,249,22,227,11.071428571428571,2.857142857142857,8.214285714285714,88.92857142857142,7.857142857142857,81.07142857142857
E00151140,232,19,6,13,213,19,194,8.189655172413794,2.586206896551724,5.603448275862069,91.8103448275862,8.189655172413794,83.62068965517241
E00151141,227,20,6,14,207,16,191,8.81057268722467,2.643171806167401,6.167400881057269,91.18942731277532,7.048458149779736,84.14096916299559
E00151142,293,34,9,25,259,27,232,11.604095563139932,3.0716723549488054,8.532423208191126,88.39590443686008,9.215017064846416,79.18088737201366
E00151143,320,30,7,23,290,24,266,9.375,2.1875,7.187499999999999,90.625,7.5,83.125
E00151144,238,73,41,32,165,20,145,30.672268907563026,17.22689075630252,13.445378151260504,69.32773109243698,8.403361344537815,60.924369747899156
E00151145,311,37,8,29,274,27,247,11.89710610932476,2.572347266881029,9.32475884244373,88.10289389067523,8.681672025723474,79.42122186495176
E00151146,233,40,16,24,193,14,179,17.167381974248926,6.866952789699571,10.300429184549357,82.83261802575107,6.008583690987124,76.82403433476395
E00151147,235,26,9,17,209,21,188,11.063829787234042,3.829787234042553,7.234042553191489,88.93617021276596,8.936170212765958,80
E00151148,259,39,17,22,220,10,210,15.057915057915059,6.563706563706563,8.494208494208493,84.94208494208493,3.861003861003861,81.08108108108108
E00151149,323,57,21,36,266,30,236,17.647058823529413,6.5015479876160995,11.145510835913312,82.35294117647058,9.287925696594428,73.06501547987617
E00151150,285,48,20,28,237,29,208,16.842105263157894,7.017543859649122,9.824561403508772,83.15789473684211,10.175438596491228,72.98245614035088
E00151151,204,35,12,23,169,25,144,17.15686274509804,5.88235294117647,11.27450980392157,82.84313725490196,12.254901960784313,70.58823529411765
E00151152,273,42,18,24,231,18,213,15.384615384615385,6.593406593406594,8.791208791208792,84.61538461538461,6.593406593406594,78.02197802197803
E00151153,273,78,28,50,195,21,174,28.57142857142857,10.256410256410255,18.315018315018314,71.42857142857143,7.6923076923076925,63.73626373626373
E00151154,278,66,23,43,212,17,195,23.741007194244602,8.273381294964029,15.467625899280577,76.2589928057554,6.115107913669065,70.14388489208633
E00151155,320,57,27,30,263,21,242,17.8125,8.4375,9.375,82.1875,6.5625,75.625
E00151156,329,49,19,30,280,24,256,14.893617021276595,5.775075987841945,9.118541033434651,85.1063829787234,7.29483282674772,77.81155015197568
E00151157,271,50,15,35,221,18,203,18.45018450184502,5.535055350553505,12.915129151291513,81.54981549815497,6.642066420664207,74.90774907749078
E00151158,268,46,18,28,222,25,197,17.16417910447761,6.7164179104477615,10.44776119402985,82.83582089552239,9.328358208955224,73.50746268656717
E00151159,309,46,20,26,263,21,242,14.886731391585762,6.472491909385113,8.414239482200648,85.11326860841424,6.796116504854369,78.31715210355988
E00151160,252,56,23,33,196,22,174,22.22222222222222,9.126984126984127,13.095238095238097,77.77777777777779,8.73015873015873,69.04761904761905
E00151161,230,61,24,37,169,22,147,26.521739130434785,10.434782608695652,16.08695652173913,73.47826086956522,9.565217391304348,63.91304347826087
E00151162,336,31,10,21,305,30,275,9.226190476190476,2.976190476190476,6.25,90.77380952380952,8.928571428571429,81.84523809523809
E00151163,282,55,19,36,227,13,214,19.50354609929078,6.73758865248227,12.76595744680851,80.49645390070921,4.609929078014184,75.88652482269504
E00151164,138,47,19,28,91,5,86,34.05797101449276,13.768115942028986,20.28985507246377,65.94202898550725,3.6231884057971016,62.31884057971014
E00151165,314,32,17,15,282,22,260,10.191082802547772,5.414012738853503,4.777070063694268,89.80891719745223,7.006369426751593,82.80254777070064
E00151166,219,41,15,26,178,14,164,18.72146118721461,6.8493150684931505,11.87214611872146,81.27853881278538,6.392694063926941,74.88584474885845
E00151167,266,61,26,35,205,22,183,22.932330827067666,9.774436090225564,13.157894736842104,77.06766917293233,8.270676691729323,68.796992481203
E00151168,256,37,16,21,219,24,195,14.453125,6.25,8.203125,85.546875,9.375,76.171875
E00151169,405,72,34,38,333,37,296,17.77777777777778,8.395061728395062,9.382716049382717,82.22222222222221,9.135802469135802,73.08641975308642
E00151170,403,110,63,47,293,28,265,27.29528535980149,15.632754342431761,11.662531017369728,72.7047146401985,6.9478908188585615,65.75682382133995
E00151171,411,40,18,22,371,19,352,9.732360097323602,4.37956204379562,5.35279805352798,90.2676399026764,4.622871046228711,85.64476885644768
E00151172,447,48,22,26,399,31,368,10.738255033557047,4.921700223713646,5.8165548098434,89.26174496644296,6.935123042505594,82.32662192393735
E00151173,333,64,17,47,269,28,241,19.21921921921922,5.105105105105105,14.114114114114114,80.78078078078079,8.408408408408409,72.37237237237237
E00151174,420,83,38,45,337,27,310,19.761904761904763,9.047619047619047,10.714285714285714,80.23809523809524,6.428571428571428,73.80952380952381
E00151175,331,58,17,41,273,23,250,17.522658610271904,5.13595166163142,12.386706948640484,82.4773413897281,6.948640483383686,75.52870090634441
E00151176,321,61,23,38,260,21,239,19.003115264797508,7.165109034267912,11.838006230529595,80.99688473520249,6.5420560747663545,74.45482866043614
E00151177,276,48,15,33,228,32,196,17.391304347826086,5.434782608695652,11.956521739130435,82.6086956521739,11.594202898550725,71.01449275362319
E00151178,369,81,37,44,288,26,262,21.951219512195124,10.02710027100271,11.924119241192411,78.04878048780488,7.046070460704606,71.00271002710026
E00151179,275,43,16,27,232,28,204,15.636363636363637,5.818181818181818,9.818181818181818,84.36363636363636,10.181818181818182,74.18181818181819
E00151180,342,56,20,36,286,33,253,16.374269005847953,5.847953216374268,10.526315789473683,83.62573099415205,9.649122807017543,73.9766081871345
E00151181,326,70,36,34,256,18,238,21.472392638036812,11.042944785276074,10.429447852760736,78.52760736196319,5.521472392638037,73.00613496932516
E00151182,354,52,22,30,302,32,270,14.689265536723164,6.214689265536723,8.47457627118644,85.31073446327684,9.03954802259887,76.27118644067797
E00151183,377,73,35,38,304,25,279,19.363395225464192,9.283819628647215,10.079575596816976,80.63660477453581,6.631299734748011,74.0053050397878
E00151184,243,48,25,23,195,10,185,19.753086419753085,10.2880658436214,9.465020576131687,80.24691358024691,4.11522633744856,76.13168724279835
E00151185,289,42,17,25,247,21,226,14.53287197231834,5.88235294117647,8.650519031141869,85.46712802768167,7.26643598615917,78.20069204152249
E00151186,242,28,11,17,214,20,194,11.570247933884298,4.545454545454546,7.024793388429752,88.42975206611571,8.264462809917356,80.16528925619835
E00151187,246,29,12,17,217,14,203,11.788617886178862,4.878048780487805,6.910569105691057,88.21138211382113,5.691056910569105,82.52032520325203
E00151188,229,35,17,18,194,18,176,15.283842794759824,7.423580786026202,7.860262008733625,84.71615720524017,7.860262008733625,76.85589519650655
E00151189,281,42,10,32,239,22,217,14.94661921708185,3.558718861209965,11.387900355871885,85.05338078291815,7.829181494661921,77.22419928825623
E00151190,172,64,31,33,108,6,102,37.2093023255814,18.023255813953487,19.186046511627907,62.7906976744186,3.488372093023256,59.30232558139535
E00151191,259,55,20,35,204,16,188,21.235521235521233,7.722007722007722,13.513513513513514,78.76447876447877,6.177606177606178,72.58687258687259
E00151192,349,30,6,24,319,36,283,8.595988538681947,1.7191977077363898,6.876790830945559,91.40401146131805,10.315186246418339,81.08882521489971
E00151193,294,31,11,20,263,18,245,10.54421768707483,3.741496598639456,6.802721088435375,89.45578231292517,6.122448979591836,83.33333333333334
E00151194,283,63,25,38,220,23,197,22.261484098939928,8.8339222614841,13.427561837455832,77.73851590106007,8.12720848056537,69.6113074204947
E00151195,285,85,39,46,200,18,182,29.82456140350877,13.684210526315791,16.140350877192983,70.17543859649122,6.315789473684211,63.859649122807014
E00151196,244,30,7,23,214,23,191,12.295081967213115,2.8688524590163933,9.426229508196721,87.70491803278688,9.426229508196721,78.27868852459017
E00151198,232,32,15,17,200,14,186,13.793103448275861,6.4655172413793105,7.327586206896551,86.20689655172413,6.0344827586206895,80.17241379310344
E00151200,176,35,18,17,141,10,131,19.886363636363637,10.227272727272728,9.659090909090908,80.11363636363636,5.681818181818182,74.43181818181817
E00151201,545,78,32,46,467,47,420,14.311926605504588,5.871559633027523,8.440366972477065,85.68807339449542,8.623853211009175,77.06422018348624
E00151202,341,33,12,21,308,30,278,9.67741935483871,3.519061583577713,6.158357771260997,90.32258064516128,8.797653958944283,81.52492668621701
E00151203,255,36,14,22,219,19,200,14.117647058823529,5.490196078431373,8.627450980392156,85.88235294117646,7.450980392156863,78.43137254901961
E00151204,262,37,15,22,225,28,197,14.122137404580155,5.7251908396946565,8.396946564885496,85.87786259541986,10.687022900763358,75.19083969465649
E00151205,272,34,6,28,238,22,216,12.5,2.2058823529411766,10.294117647058822,87.5,8.088235294117647,79.41176470588235
E00151206,324,48,24,24,276,28,248,14.814814814814813,7.4074074074074066,7.4074074074074066,85.18518518518519,8.641975308641975,76.5432098765432
E00151207,208,61,33,28,147,14,133,29.326923076923077,15.865384615384615,13.461538461538462,70.67307692307693,6.730769230769231,63.942307692307686
E00151208,300,57,27,30,243,19,224,19,9,10,81,6.333333333333334,74.66666666666667
E00151209,326,80,28,52,246,22,224,24.539877300613497,8.588957055214724,15.950920245398773,75.4601226993865,6.748466257668712,68.71165644171779
E00151210,302,57,13,44,245,24,221,18.874172185430464,4.304635761589404,14.56953642384106,81.12582781456953,7.9470198675496695,73.17880794701986
E00151211,205,75,31,44,130,13,117,36.58536585365854,15.121951219512194,21.463414634146343,63.41463414634146,6.341463414634147,57.073170731707314
E00151212,295,45,15,30,250,25,225,15.254237288135593,5.084745762711865,10.16949152542373,84.7457627118644,8.47457627118644,76.27118644067797
E00151213,295,68,28,40,227,17,210,23.050847457627118,9.491525423728813,13.559322033898304,76.94915254237287,5.762711864406779,71.1864406779661
E00151214,289,33,12,21,256,23,233,11.418685121107266,4.1522491349480966,7.26643598615917,88.58131487889274,7.958477508650519,80.62283737024222
E00151215,267,55,15,40,212,16,196,20.59925093632959,5.617977528089887,14.981273408239701,79.40074906367042,5.992509363295881,73.40823970037454
E00151216,267,59,23,36,208,19,189,22.09737827715356,8.614232209737828,13.48314606741573,77.90262172284645,7.116104868913857,70.78651685393258
E00151217,355,62,23,39,293,28,265,17.464788732394364,6.478873239436619,10.985915492957748,82.53521126760563,7.887323943661972,74.64788732394366
E00151218,347,49,18,31,298,23,275,14.121037463976945,5.187319884726225,8.93371757925072,85.87896253602305,6.628242074927954,79.2507204610951
E00151219,338,36,12,24,302,24,278,10.650887573964498,3.5502958579881656,7.100591715976331,89.3491124260355,7.100591715976331,82.24852071005917
E00151220,326,51,13,38,275,22,253,15.644171779141105,3.9877300613496933,11.65644171779141,84.3558282208589,6.748466257668712,77.60736196319019
E00151221,261,32,8,24,229,17,212,12.260536398467432,3.065134099616858,9.195402298850574,87.73946360153256,6.513409961685824,81.22605363984674
E00151222,307,36,12,24,271,32,239,11.726384364820847,3.908794788273615,7.81758957654723,88.27361563517914,10.423452768729643,77.85016286644951
E00151223,255,75,34,41,180,16,164,29.411764705882355,13.333333333333334,16.07843137254902,70.58823529411765,6.2745098039215685,64.31372549019608
E00151224,458,46,14,32,412,23,389,10.043668122270741,3.056768558951965,6.986899563318777,89.95633187772926,5.021834061135371,84.93449781659389
E00151225,317,61,27,34,256,22,234,19.242902208201894,8.517350157728707,10.725552050473187,80.7570977917981,6.940063091482649,73.81703470031546
E00151226,311,70,25,45,241,15,226,22.508038585209004,8.038585209003216,14.469453376205788,77.491961414791,4.823151125401929,72.66881028938906
E00151227,265,43,17,26,222,22,200,16.22641509433962,6.415094339622642,9.811320754716983,83.77358490566039,8.30188679245283,75.47169811320755
E00151228,325,53,24,29,272,29,243,16.307692307692307,7.384615384615385,8.923076923076923,83.6923076923077,8.923076923076923,74.76923076923076
E00151229,340,71,31,40,269,25,244,20.88235294117647,9.117647058823529,11.76470588235294,79.11764705882352,7.352941176470589,71.76470588235294
E00151230,323,50,24,26,273,30,243,15.479876160990713,7.430340557275541,8.04953560371517,84.52012383900929,9.287925696594428,75.23219814241486
E00151231,280,36,13,23,244,27,217,12.857142857142856,4.642857142857143,8.214285714285714,87.14285714285714,9.642857142857144,77.5
E00151232,316,53,21,32,263,26,237,16.77215189873418,6.6455696202531636,10.126582278481013,83.22784810126582,8.227848101265822,75
E00151233,257,59,30,29,198,17,181,22.957198443579767,11.673151750972762,11.284046692607005,77.04280155642024,6.614785992217899,70.42801556420234
E00151234,276,58,25,33,218,20,198,21.014492753623188,9.057971014492754,11.956521739130435,78.98550724637681,7.246376811594203,71.73913043478261
E00151235,280,28,4,24,252,16,236,10,1.4285714285714286,8.571428571428571,90,5.714285714285714,84.28571428571429
E00171614,138,36,17,19,102,9,93,26.08695652173913,12.318840579710146,13.768115942028986,73.91304347826086,6.521739130434782,67.3913043478261
E00171615,3250,1138,320,818,2112,249,1863,35.01538461538461,9.846153846153847,25.169230769230772,64.98461538461538,7.661538461538461,57.32307692307692
E00171616,237,58,32,26,179,12,167,24.47257383966245,13.502109704641349,10.970464135021098,75.52742616033755,5.063291139240507,70.46413502109705
E00171617,336,35,18,17,301,23,278,10.416666666666668,5.357142857142857,5.059523809523809,89.58333333333334,6.845238095238096,82.73809523809523
E00171618,413,68,20,48,345,28,317,16.46489104116223,4.8426150121065374,11.62227602905569,83.53510895883777,6.779661016949152,76.75544794188862
E00171619,354,40,9,31,314,27,287,11.299435028248588,2.5423728813559325,8.757062146892656,88.70056497175142,7.627118644067797,81.07344632768361
E00171620,286,14,5,9,272,21,251,4.895104895104895,1.7482517482517483,3.146853146853147,95.1048951048951,7.3426573426573425,87.76223776223776
E00171621,371,44,19,25,327,21,306,11.859838274932615,5.121293800539084,6.738544474393531,88.14016172506739,5.660377358490567,82.47978436657682
E00171622,103,21,9,12,82,8,74,20.388349514563107,8.737864077669903,11.650485436893204,79.6116504854369,7.766990291262135,71.84466019417476
E00171623,252,21,4,17,231,22,209,8.333333333333332,1.5873015873015872,6.746031746031746,91.66666666666666,8.73015873015873,82.93650793650794
E00180653,425,92,28,64,333,34,299,21.64705882352941,6.588235294117648,15.058823529411763,78.3529411764706,8,70.35294117647058
E00180654,413,49,18,31,364,35,329,11.864406779661017,4.358353510895883,7.506053268765134,88.13559322033898,8.47457627118644,79.66101694915254
E00180655,295,67,37,30,228,27,201,22.71186440677966,12.54237288135593,10.16949152542373,77.28813559322035,9.152542372881356,68.13559322033899
E00180667,244,54,28,26,190,14,176,22.131147540983605,11.475409836065573,10.655737704918032,77.8688524590164,5.737704918032787,72.1311475409836
E00180668,339,27,9,18,312,18,294,7.964601769911504,2.6548672566371683,5.3097345132743365,92.03539823008849,5.3097345132743365,86.72566371681415
E00180682,417,37,12,25,380,22,358,8.872901678657074,2.877697841726619,5.995203836930456,91.12709832134293,5.275779376498801,85.85131894484412
E00180695,289,38,15,23,251,16,235,13.148788927335639,5.190311418685121,7.958477508650519,86.85121107266436,5.536332179930796,81.31487889273356
E00180704,447,42,15,27,405,15,390,9.395973154362416,3.3557046979865772,6.0402684563758395,90.60402684563759,3.3557046979865772,87.24832214765101
E00180708,108,33,13,20,75,5,70,30.555555555555557,12.037037037037036,18.51851851851852,69.44444444444444,4.62962962962963,64.81481481481481
E00180715,516,127,75,52,389,36,353,24.612403100775193,14.534883720930234,10.077519379844961,75.3875968992248,6.976744186046512,68.4108527131783
E00180728,379,35,10,25,344,27,317,9.234828496042216,2.638522427440633,6.596306068601583,90.76517150395779,7.12401055408971,83.64116094986808
E00180738,168,13,3,10,155,11,144,7.738095238095238,1.7857142857142856,5.952380952380952,92.26190476190477,6.547619047619048,85.71428571428571
E00180745,159,29,19,10,130,10,120,18.238993710691823,11.949685534591195,6.289308176100629,81.76100628930818,6.289308176100629,75.47169811320755
E00180747,263,41,16,25,222,20,202,15.5893536121673,6.083650190114068,9.505703422053232,84.4106463878327,7.604562737642586,76.80608365019012
E00180767,299,34,11,23,265,24,241,11.37123745819398,3.678929765886288,7.6923076923076925,88.62876254180601,8.02675585284281,80.60200668896321
E00180768,213,23,8,15,190,15,175,10.7981220657277,3.755868544600939,7.042253521126761,89.2018779342723,7.042253521126761,82.15962441314554
E00180773,329,42,12,30,287,28,259,12.76595744680851,3.64741641337386,9.118541033434651,87.2340425531915,8.51063829787234,78.72340425531915
