OA,ts0590001,ts0590002,ts0590003,ts0590004,ts0590005,ts0590006,ts0590007,ts0590002_PCT,ts0590003_PCT,ts0590004_PCT,ts0590005_PCT,ts0590006_PCT,ts0590007_PCT
E00150889,128,43,16,27,85,72,13,33.59375,12.5,21.09375,66.40625,56.25,10.15625
E00150890,86,29,12,17,57,48,9,33.72093023255814,13.953488372093023,19.767441860465116,66.27906976744185,55.81395348837209,10.465116279069768
E00150891,141,43,15,28,98,88,10,30.49645390070922,10.638297872340425,19.858156028368796,69.50354609929079,62.4113475177305,7.092198581560284
E00150892,28,9,1,8,19,10,9,32.142857142857146,3.571428571428571,28.57142857142857,67.85714285714286,35.714285714285715,32.142857142857146
E00150893,126,36,14,22,90,78,12,28.57142857142857,11.11111111111111,17.46031746031746,71.42857142857143,61.904761904761905,9.523809523809524
E00150894,97,35,14,21,62,54,8,36.08247422680412,14.432989690721648,21.649484536082475,63.91752577319587,55.670103092783506,8.24742268041237
E00150895,125,33,12,21,92,85,7,26.400000000000002,9.6,16.8,73.6,68,5.6000000000000005
E00150896,119,37,14,23,82,78,4,31.092436974789916,11.76470588235294,19.327731092436977,68.90756302521008,65.54621848739495,3.361344537815126
E00150897,119,31,12,19,88,78,10,26.05042016806723,10.084033613445378,15.966386554621847,73.94957983193278,65.54621848739495,8.403361344537815
E00150898,105,30,14,16,75,64,11,28.57142857142857,13.333333333333334,15.238095238095239,71.42857142857143,60.952380952380956,10.476190476190476
E00150899,105,18,8,10,87,79,8,17.142857142857142,7.6190476190476195,9.523809523809524,82.85714285714286,75.23809523809524,7.6190476190476195
E00150900,58,19,4,15,39,32,7,32.758620689655174,6.896551724137931,25.862068965517242,67.24137931034483,55.172413793103445,12.068965517241379
E00150901,122,36,13,23,86,76,10,29.508196721311474,10.655737704918032,18.852459016393443,70.49180327868852,62.295081967213115,8.19672131147541
E00150902,95,33,12,21,62,54,8,34.73684210526316,12.631578947368421,22.105263157894736,65.26315789473685,56.84210526315789,8.421052631578947
E00150903,114,34,19,15,80,68,12,29.82456140350877,16.666666666666664,13.157894736842104,70.17543859649122,59.64912280701754,10.526315789473683
E00150905,99,28,6,22,71,68,3,28.28282828282828,6.0606060606060606,22.22222222222222,71.71717171717171,68.68686868686868,3.0303030303030303
E00150906,169,49,24,25,120,96,24,28.994082840236686,14.201183431952662,14.792899408284024,71.00591715976331,56.80473372781065,14.201183431952662
E00150907,137,42,17,25,95,78,17,30.656934306569344,12.408759124087592,18.248175182481752,69.34306569343066,56.934306569343065,12.408759124087592
E00150908,91,33,11,22,58,50,8,36.26373626373626,12.087912087912088,24.175824175824175,63.73626373626373,54.94505494505495,8.791208791208792
E00150909,102,34,11,23,68,57,11,33.33333333333333,10.784313725490197,22.54901960784314,66.66666666666666,55.88235294117647,10.784313725490197
E00150910,138,55,21,34,83,69,14,39.85507246376812,15.217391304347828,24.637681159420293,60.14492753623188,50,10.144927536231885
E00150911,125,46,21,25,79,65,14,36.8,16.8,20,63.2,52,11.200000000000001
E00150912,98,28,7,21,70,60,10,28.57142857142857,7.142857142857142,21.428571428571427,71.42857142857143,61.224489795918366,10.204081632653061
E00150913,52,17,5,12,35,28,7,32.69230769230769,9.615384615384617,23.076923076923077,67.3076923076923,53.84615384615385,13.461538461538462
E00150914,111,36,16,20,75,61,14,32.432432432432435,14.414414414414415,18.01801801801802,67.56756756756756,54.95495495495496,12.612612612612612
E00150915,121,37,9,28,84,72,12,30.57851239669421,7.43801652892562,23.140495867768596,69.42148760330579,59.50413223140496,9.917355371900827
E00150916,146,46,17,29,100,83,17,31.506849315068493,11.643835616438356,19.863013698630137,68.4931506849315,56.849315068493155,11.643835616438356
E00150917,126,42,12,30,84,73,11,33.33333333333333,9.523809523809524,23.809523809523807,66.66666666666666,57.936507936507944,8.73015873015873
E00150918,228,83,31,52,145,112,33,36.40350877192983,13.596491228070176,22.807017543859647,63.59649122807017,49.122807017543856,14.473684210526317
E00150919,154,45,22,23,109,83,26,29.22077922077922,14.285714285714285,14.935064935064934,70.77922077922078,53.896103896103895,16.883116883116884
E00150920,231,67,18,49,164,138,26,29.004329004329005,7.792207792207792,21.21212121212121,70.995670995671,59.74025974025974,11.255411255411255
E00150921,118,42,17,25,76,65,11,35.59322033898305,14.40677966101695,21.1864406779661,64.40677966101694,55.08474576271186,9.322033898305085
E00150922,182,50,16,34,132,112,20,27.472527472527474,8.791208791208792,18.681318681318682,72.52747252747253,61.53846153846154,10.989010989010989
E00150923,142,43,16,27,99,86,13,30.28169014084507,11.267605633802818,19.014084507042252,69.71830985915493,60.56338028169014,9.15492957746479
E00150924,119,40,18,22,79,70,9,33.61344537815126,15.126050420168067,18.487394957983195,66.38655462184873,58.82352941176471,7.563025210084033
E00150925,79,22,9,13,57,47,10,27.848101265822784,11.39240506329114,16.455696202531644,72.15189873417721,59.49367088607595,12.658227848101266
E00150926,146,46,12,34,100,82,18,31.506849315068493,8.21917808219178,23.28767123287671,68.4931506849315,56.16438356164384,12.32876712328767
E00150927,164,46,15,31,118,96,22,28.04878048780488,9.146341463414634,18.902439024390244,71.95121951219512,58.536585365853654,13.414634146341465
E00150928,176,51,20,31,125,107,18,28.97727272727273,11.363636363636363,17.613636363636363,71.02272727272727,60.79545454545454,10.227272727272728
E00150929,154,45,13,32,109,96,13,29.22077922077922,8.441558441558442,20.77922077922078,70.77922077922078,62.33766233766234,8.441558441558442
E00150930,129,37,16,21,92,81,11,28.68217054263566,12.4031007751938,16.27906976744186,71.31782945736434,62.7906976744186,8.527131782945736
E00150931,133,34,10,24,99,79,20,25.563909774436087,7.518796992481203,18.045112781954884,74.43609022556392,59.3984962406015,15.037593984962406
E00150932,185,47,14,33,138,118,20,25.405405405405407,7.567567567567568,17.83783783783784,74.5945945945946,63.78378378378379,10.81081081081081
E00150933,166,47,11,36,119,104,15,28.313253012048197,6.626506024096386,21.686746987951807,71.6867469879518,62.65060240963856,9.036144578313253
E00150934,180,47,15,32,133,114,19,26.111111111111114,8.333333333333332,17.77777777777778,73.88888888888889,63.33333333333333,10.555555555555555
E00150935,120,31,8,23,89,73,16,25.833333333333336,6.666666666666667,19.166666666666668,74.16666666666667,60.83333333333333,13.333333333333334
E00150936,188,62,23,39,126,102,24,32.97872340425532,12.23404255319149,20.74468085106383,67.02127659574468,54.25531914893617,12.76595744680851
E00150937,110,36,14,22,74,60,14,32.72727272727273,12.727272727272727,20,67.27272727272727,54.54545454545454,12.727272727272727
E00150938,159,44,14,30,115,91,24,27.67295597484277,8.80503144654088,18.867924528301888,72.32704402515722,57.23270440251572,15.09433962264151
E00150939,182,58,27,31,124,96,28,31.868131868131865,14.835164835164836,17.032967032967033,68.13186813186813,52.74725274725275,15.384615384615385
E00150940,60,11,0,11,49,36,13,18.333333333333332,0,18.333333333333332,81.66666666666667,60,21.666666666666668
E00150941,147,34,8,26,113,98,15,23.12925170068027,5.442176870748299,17.687074829931973,76.87074829931973,66.66666666666666,10.204081632653061
E00150942,219,55,16,39,164,138,26,25.11415525114155,7.30593607305936,17.80821917808219,74.88584474885845,63.013698630136986,11.87214611872146
E00150943,125,32,11,21,93,78,15,25.6,8.799999999999999,16.8,74.4,62.4,12
E00150944,152,40,21,19,112,98,14,26.31578947368421,13.815789473684212,12.5,73.68421052631578,64.47368421052632,9.210526315789473
E00150945,160,45,11,34,115,107,8,28.125,6.875000000000001,21.25,71.875,66.875,5
E00150946,142,43,11,32,99,81,18,30.28169014084507,7.746478873239436,22.535211267605636,69.71830985915493,57.04225352112676,12.676056338028168
E00150947,81,34,11,23,47,38,9,41.9753086419753,13.580246913580247,28.39506172839506,58.0246913580247,46.913580246913575,11.11111111111111
E00150948,165,53,20,33,112,96,16,32.121212121212125,12.121212121212121,20,67.87878787878789,58.18181818181818,9.696969696969697
E00150949,149,42,17,25,107,98,9,28.187919463087248,11.409395973154362,16.778523489932887,71.81208053691275,65.77181208053692,6.0402684563758395
E00150950,93,27,10,17,66,55,11,29.03225806451613,10.75268817204301,18.27956989247312,70.96774193548387,59.13978494623656,11.827956989247312
E00150951,100,24,9,15,76,65,11,24,9,15,76,65,11
E00150952,83,18,6,12,65,59,6,21.686746987951807,7.228915662650602,14.457831325301203,78.3132530120482,71.08433734939759,7.228915662650602
E00150953,87,20,3,17,67,56,11,22.988505747126435,3.4482758620689653,19.54022988505747,77.01149425287356,64.36781609195403,12.643678160919542
E00150954,115,48,16,32,67,58,9,41.73913043478261,13.91304347826087,27.82608695652174,58.26086956521739,50.43478260869565,7.82608695652174
E00150956,70,16,5,11,54,43,11,22.857142857142858,7.142857142857142,15.714285714285714,77.14285714285715,61.42857142857143,15.714285714285714
E00150957,131,43,16,27,88,76,12,32.82442748091603,12.213740458015266,20.610687022900763,67.17557251908397,58.01526717557252,9.16030534351145
E00150958,144,42,15,27,102,85,17,29.166666666666668,10.416666666666668,18.75,70.83333333333334,59.02777777777778,11.805555555555555
E00150959,126,38,9,29,88,74,14,30.158730158730158,7.142857142857142,23.015873015873016,69.84126984126983,58.730158730158735,11.11111111111111
E00150960,178,51,21,30,127,103,24,28.651685393258425,11.797752808988763,16.853932584269664,71.34831460674157,57.865168539325836,13.48314606741573
E00150961,119,32,5,27,87,75,12,26.89075630252101,4.201680672268908,22.689075630252102,73.10924369747899,63.02521008403361,10.084033613445378
E00150962,135,37,12,25,98,81,17,27.40740740740741,8.88888888888889,18.51851851851852,72.5925925925926,60,12.592592592592592
E00150963,89,31,11,20,58,55,3,34.831460674157306,12.359550561797752,22.47191011235955,65.1685393258427,61.79775280898876,3.3707865168539324
E00150964,154,63,27,36,91,77,14,40.909090909090914,17.532467532467532,23.376623376623375,59.09090909090909,50,9.090909090909092
E00150965,135,40,11,29,95,86,9,29.629629629629626,8.148148148148149,21.48148148148148,70.37037037037037,63.70370370370371,6.666666666666667
E00150966,137,44,12,32,93,87,6,32.11678832116788,8.75912408759124,23.357664233576642,67.88321167883211,63.503649635036496,4.37956204379562
E00150967,131,31,13,18,100,81,19,23.66412213740458,9.923664122137405,13.740458015267176,76.33587786259542,61.832061068702295,14.50381679389313
E00150968,176,48,15,33,128,113,15,27.27272727272727,8.522727272727272,18.75,72.72727272727273,64.20454545454545,8.522727272727272
E00150969,130,46,18,28,84,64,20,35.38461538461539,13.846153846153847,21.53846153846154,64.61538461538461,49.23076923076923,15.384615384615385
E00150970,205,58,26,32,147,103,44,28.292682926829265,12.682926829268293,15.609756097560975,71.70731707317073,50.24390243902439,21.463414634146343
E00150971,152,51,20,31,101,78,23,33.55263157894737,13.157894736842104,20.394736842105264,66.44736842105263,51.31578947368421,15.131578947368421
E00150972,154,39,8,31,115,105,10,25.324675324675322,5.194805194805195,20.12987012987013,74.67532467532467,68.18181818181817,6.493506493506493
E00150973,119,45,17,28,74,43,31,37.81512605042017,14.285714285714285,23.52941176470588,62.18487394957983,36.134453781512605,26.05042016806723
E00150974,142,25,8,17,117,101,16,17.6056338028169,5.633802816901409,11.971830985915492,82.3943661971831,71.12676056338029,11.267605633802818
E00150975,144,39,11,28,105,88,17,27.083333333333332,7.638888888888889,19.444444444444446,72.91666666666666,61.111111111111114,11.805555555555555
E00150976,81,24,7,17,57,45,12,29.629629629629626,8.641975308641975,20.98765432098765,70.37037037037037,55.55555555555556,14.814814814814813
E00150977,118,35,15,20,83,77,6,29.66101694915254,12.711864406779661,16.94915254237288,70.33898305084746,65.2542372881356,5.084745762711865
E00150978,146,34,13,21,112,91,21,23.28767123287671,8.904109589041095,14.383561643835616,76.71232876712328,62.328767123287676,14.383561643835616
E00150979,148,45,21,24,103,81,22,30.405405405405407,14.18918918918919,16.216216216216218,69.5945945945946,54.729729729729726,14.864864864864865
E00150980,113,24,10,14,89,78,11,21.238938053097346,8.849557522123893,12.389380530973451,78.76106194690266,69.02654867256636,9.734513274336283
E00150982,152,49,21,28,103,73,30,32.23684210526316,13.815789473684212,18.421052631578945,67.76315789473685,48.026315789473685,19.736842105263158
E00150983,148,39,12,27,109,91,18,26.351351351351347,8.108108108108109,18.243243243243242,73.64864864864865,61.48648648648649,12.162162162162163
E00150984,117,35,18,17,82,70,12,29.914529914529915,15.384615384615385,14.529914529914532,70.08547008547008,59.82905982905983,10.256410256410255
E00150985,199,59,23,36,140,112,28,29.64824120603015,11.557788944723619,18.090452261306535,70.35175879396985,56.28140703517588,14.07035175879397
E00150986,211,65,16,49,146,133,13,30.80568720379147,7.5829383886255926,23.22274881516588,69.19431279620854,63.03317535545023,6.161137440758294
E00150987,152,47,16,31,105,83,22,30.92105263157895,10.526315789473683,20.394736842105264,69.07894736842105,54.60526315789473,14.473684210526317
E00150988,148,51,14,37,97,84,13,34.45945945945946,9.45945945945946,25,65.54054054054053,56.75675675675676,8.783783783783784
E00150989,112,35,10,25,77,67,10,31.25,8.928571428571429,22.321428571428573,68.75,59.82142857142857,8.928571428571429
E00150990,205,59,21,38,146,119,27,28.780487804878046,10.24390243902439,18.536585365853657,71.21951219512195,58.048780487804876,13.170731707317074
E00150991,126,33,9,24,93,83,10,26.190476190476193,7.142857142857142,19.047619047619047,73.80952380952381,65.87301587301587,7.936507936507936
E00150992,158,55,17,38,103,85,18,34.810126582278485,10.759493670886076,24.050632911392405,65.18987341772153,53.79746835443038,11.39240506329114
E00150993,141,50,17,33,91,75,16,35.46099290780142,12.056737588652481,23.404255319148938,64.53900709219859,53.191489361702125,11.347517730496454
E00150994,130,39,7,32,91,78,13,30,5.384615384615385,24.615384615384617,70,60,10
E00150995,190,47,13,34,143,127,16,24.736842105263158,6.842105263157896,17.894736842105264,75.26315789473685,66.84210526315789,8.421052631578947
E00150996,227,55,19,36,172,147,25,24.229074889867842,8.370044052863436,15.859030837004406,75.77092511013215,64.75770925110133,11.013215859030836
E00150997,193,57,17,40,136,114,22,29.533678756476682,8.808290155440414,20.72538860103627,70.46632124352331,59.067357512953365,11.398963730569948
E00150998,188,54,18,36,134,114,20,28.723404255319153,9.574468085106384,19.148936170212767,71.27659574468085,60.63829787234043,10.638297872340425
E00151000,191,41,12,29,150,139,11,21.465968586387437,6.282722513089005,15.18324607329843,78.53403141361257,72.77486910994764,5.7591623036649215
E00151001,161,42,9,33,119,101,18,26.08695652173913,5.590062111801243,20.496894409937887,73.91304347826086,62.732919254658384,11.180124223602485
E00151002,122,46,16,30,76,61,15,37.704918032786885,13.114754098360656,24.59016393442623,62.295081967213115,50,12.295081967213115
E00151003,159,51,16,35,108,92,16,32.075471698113205,10.062893081761008,22.0125786163522,67.9245283018868,57.861635220125784,10.062893081761008
E00151004,167,56,22,34,111,93,18,33.532934131736525,13.17365269461078,20.359281437125748,66.46706586826348,55.688622754491014,10.778443113772456
E00151005,117,45,16,29,72,58,14,38.46153846153847,13.675213675213676,24.786324786324787,61.53846153846154,49.572649572649574,11.965811965811966
E00151006,84,20,3,17,64,61,3,23.809523809523807,3.571428571428571,20.238095238095237,76.19047619047619,72.61904761904762,3.571428571428571
E00151007,79,26,7,19,53,45,8,32.91139240506329,8.860759493670885,24.050632911392405,67.08860759493672,56.9620253164557,10.126582278481013
E00151008,201,55,16,39,146,119,27,27.363184079601986,7.960199004975125,19.402985074626866,72.636815920398,59.20398009950249,13.432835820895523
E00151009,172,53,12,41,119,94,25,30.813953488372093,6.976744186046512,23.837209302325583,69.18604651162791,54.65116279069767,14.534883720930234
E00151010,218,75,24,51,143,122,21,34.403669724770644,11.009174311926607,23.394495412844037,65.59633027522935,55.96330275229357,9.63302752293578
E00151011,131,33,12,21,98,80,18,25.190839694656486,9.16030534351145,16.030534351145036,74.80916030534351,61.06870229007634,13.740458015267176
E00151012,98,33,10,23,65,55,10,33.6734693877551,10.204081632653061,23.46938775510204,66.3265306122449,56.12244897959183,10.204081632653061
E00151013,162,44,17,27,118,101,17,27.160493827160494,10.493827160493826,16.666666666666664,72.8395061728395,62.34567901234568,10.493827160493826
E00151014,156,54,20,34,102,88,14,34.61538461538461,12.82051282051282,21.794871794871796,65.38461538461539,56.41025641025641,8.974358974358974
E00151015,198,65,25,40,133,102,31,32.82828282828283,12.626262626262626,20.2020202020202,67.17171717171718,51.515151515151516,15.656565656565657
E00151016,140,43,14,29,97,88,9,30.714285714285715,10,20.714285714285715,69.28571428571428,62.857142857142854,6.428571428571428
E00151017,129,31,11,20,98,83,15,24.031007751937985,8.527131782945736,15.503875968992247,75.96899224806202,64.34108527131784,11.627906976744185
E00151018,142,40,20,20,102,90,12,28.169014084507044,14.084507042253522,14.084507042253522,71.83098591549296,63.38028169014085,8.450704225352112
E00151019,125,39,8,31,86,73,13,31.2,6.4,24.8,68.8,58.4,10.4
E00151020,219,56,19,37,163,134,29,25.570776255707763,8.67579908675799,16.894977168949772,74.42922374429224,61.18721461187214,13.24200913242009
E00151021,87,28,13,15,59,48,11,32.18390804597701,14.942528735632186,17.24137931034483,67.81609195402298,55.172413793103445,12.643678160919542
E00151022,163,56,14,42,107,98,9,34.355828220858896,8.588957055214724,25.766871165644172,65.6441717791411,60.122699386503065,5.521472392638037
E00151023,115,34,11,23,81,74,7,29.565217391304348,9.565217391304348,20,70.43478260869566,64.34782608695652,6.086956521739131
E00151024,171,41,11,30,130,116,14,23.976608187134502,6.432748538011696,17.543859649122805,76.0233918128655,67.83625730994152,8.187134502923977
E00151025,140,41,17,24,99,83,16,29.28571428571429,12.142857142857142,17.142857142857142,70.71428571428572,59.285714285714285,11.428571428571429
E00151026,145,38,12,26,107,92,15,26.20689655172414,8.275862068965518,17.93103448275862,73.79310344827587,63.44827586206897,10.344827586206897
E00151027,128,38,13,25,90,74,16,29.6875,10.15625,19.53125,70.3125,57.8125,12.5
E00151028,123,28,10,18,95,81,14,22.76422764227642,8.130081300813007,14.634146341463413,77.23577235772358,65.85365853658537,11.38211382113821
E00151029,107,29,11,18,78,67,11,27.102803738317753,10.2803738317757,16.822429906542055,72.89719626168224,62.616822429906534,10.2803738317757
E00151030,142,43,22,21,99,84,15,30.28169014084507,15.492957746478872,14.788732394366196,69.71830985915493,59.154929577464785,10.56338028169014
E00151031,125,36,10,26,89,77,12,28.799999999999997,8,20.8,71.2,61.6,9.6
E00151032,97,27,5,22,70,59,11,27.835051546391753,5.154639175257731,22.68041237113402,72.16494845360825,60.824742268041234,11.34020618556701
E00151033,151,43,20,23,108,93,15,28.47682119205298,13.245033112582782,15.2317880794702,71.52317880794702,61.58940397350994,9.933774834437086
E00151034,144,48,14,34,96,83,13,33.33333333333333,9.722222222222223,23.61111111111111,66.66666666666666,57.638888888888886,9.027777777777777
E00151035,110,19,1,18,91,80,11,17.272727272727273,0.9090909090909091,16.363636363636363,82.72727272727273,72.72727272727273,10
E00151036,100,29,11,18,71,59,12,28.999999999999996,11,18,71,59,12
E00151037,93,33,8,25,60,51,9,35.483870967741936,8.60215053763441,26.881720430107524,64.51612903225806,54.83870967741935,9.67741935483871
E00151038,130,43,14,29,87,78,9,33.07692307692307,10.76923076923077,22.30769230769231,66.92307692307692,60,6.923076923076923
E00151039,170,48,13,35,122,103,19,28.235294117647058,7.647058823529412,20.588235294117645,71.76470588235294,60.588235294117645,11.176470588235295
E00151040,158,43,15,28,115,103,12,27.21518987341772,9.49367088607595,17.72151898734177,72.78481012658227,65.18987341772153,7.59493670886076
E00151042,123,37,12,25,86,70,16,30.081300813008134,9.75609756097561,20.32520325203252,69.91869918699187,56.91056910569105,13.008130081300814
E00151043,134,38,8,30,96,84,12,28.35820895522388,5.970149253731343,22.388059701492537,71.64179104477611,62.68656716417911,8.955223880597014
E00151044,153,46,22,24,107,92,15,30.065359477124183,14.37908496732026,15.686274509803921,69.93464052287581,60.130718954248366,9.803921568627452
E00151045,146,39,20,19,107,84,23,26.71232876712329,13.698630136986301,13.013698630136986,73.28767123287672,57.534246575342465,15.753424657534246
E00151047,183,62,23,39,121,99,22,33.87978142076503,12.568306010928962,21.311475409836063,66.12021857923497,54.09836065573771,12.021857923497267
E00151048,147,40,21,19,107,97,10,27.2108843537415,14.285714285714285,12.925170068027212,72.78911564625851,65.98639455782312,6.802721088435375
E00151049,201,58,20,38,143,113,30,28.855721393034827,9.950248756218906,18.90547263681592,71.14427860696517,56.21890547263681,14.925373134328357
E00151050,24,9,3,6,15,12,3,37.5,12.5,25,62.5,50,12.5
E00151051,189,54,14,40,135,104,31,28.57142857142857,7.4074074074074066,21.164021164021165,71.42857142857143,55.026455026455025,16.402116402116402
E00151052,156,51,22,29,105,65,40,32.69230769230769,14.102564102564102,18.58974358974359,67.3076923076923,41.66666666666667,25.64102564102564
E00151053,199,55,23,32,144,121,23,27.63819095477387,11.557788944723619,16.08040201005025,72.36180904522614,60.80402010050251,11.557788944723619
E00151054,194,52,17,35,142,118,24,26.804123711340207,8.762886597938143,18.04123711340206,73.19587628865979,60.824742268041234,12.371134020618557
E00151055,208,63,25,38,145,123,22,30.288461538461537,12.01923076923077,18.269230769230766,69.71153846153845,59.13461538461539,10.576923076923077
E00151057,118,38,15,23,80,68,12,32.20338983050847,12.711864406779661,19.491525423728813,67.79661016949152,57.6271186440678,10.16949152542373
E00151058,179,52,14,38,127,111,16,29.05027932960894,7.82122905027933,21.22905027932961,70.94972067039106,62.01117318435754,8.938547486033519
E00151060,213,58,19,39,155,135,20,27.230046948356808,8.92018779342723,18.30985915492958,72.76995305164318,63.38028169014085,9.389671361502346
E00151062,176,55,16,39,121,107,14,31.25,9.090909090909092,22.15909090909091,68.75,60.79545454545454,7.954545454545454
E00151063,117,39,7,32,78,67,11,33.33333333333333,5.982905982905983,27.350427350427353,66.66666666666666,57.26495726495726,9.401709401709402
E00151064,132,29,12,17,103,86,17,21.96969696969697,9.090909090909092,12.878787878787879,78.03030303030303,65.15151515151516,12.878787878787879
E00151065,115,39,19,20,76,56,20,33.91304347826087,16.52173913043478,17.391304347826086,66.08695652173913,48.69565217391305,17.391304347826086
E00151066,140,45,15,30,95,77,18,32.142857142857146,10.714285714285714,21.428571428571427,67.85714285714286,55.00000000000001,12.857142857142856
E00151067,143,41,13,28,102,81,21,28.671328671328673,9.090909090909092,19.58041958041958,71.32867132867133,56.64335664335665,14.685314685314685
E00151068,62,25,9,16,37,24,13,40.32258064516129,14.516129032258066,25.806451612903224,59.67741935483871,38.70967741935484,20.967741935483872
E00151069,125,46,17,29,79,60,19,36.8,13.600000000000001,23.200000000000003,63.2,48,15.2
E00151070,95,35,6,29,60,52,8,36.84210526315789,6.315789473684211,30.526315789473685,63.1578947368421,54.736842105263165,8.421052631578947
E00151071,79,22,8,14,57,52,5,27.848101265822784,10.126582278481013,17.72151898734177,72.15189873417721,65.82278481012658,6.329113924050633
E00151072,98,43,26,17,55,36,19,43.87755102040816,26.53061224489796,17.346938775510203,56.12244897959183,36.734693877551024,19.387755102040817
E00151073,147,38,11,27,109,82,27,25.850340136054424,7.482993197278912,18.367346938775512,74.14965986394559,55.78231292517006,18.367346938775512
E00151074,208,69,27,42,139,104,35,33.17307692307692,12.980769230769232,20.192307692307693,66.82692307692307,50,16.826923076923077
E00151075,188,66,32,34,122,105,17,35.1063829787234,17.02127659574468,18.085106382978726,64.8936170212766,55.85106382978723,9.042553191489363
E00151076,102,36,21,15,66,49,17,35.294117647058826,20.588235294117645,14.705882352941178,64.70588235294117,48.03921568627451,16.666666666666664
E00151077,242,67,26,41,175,133,42,27.685950413223143,10.743801652892563,16.94214876033058,72.31404958677686,54.958677685950406,17.355371900826448
E00151078,147,45,15,30,102,84,18,30.612244897959183,10.204081632653061,20.408163265306122,69.38775510204081,57.14285714285714,12.244897959183673
E00151079,169,60,22,38,109,93,16,35.50295857988166,13.017751479289942,22.485207100591715,64.49704142011834,55.02958579881657,9.467455621301776
E00151080,146,52,21,31,94,85,9,35.61643835616438,14.383561643835616,21.232876712328768,64.38356164383562,58.21917808219178,6.164383561643835
E00151081,128,42,16,26,86,69,17,32.8125,12.5,20.3125,67.1875,53.90625,13.28125
E00151082,126,39,13,26,87,71,16,30.952380952380953,10.317460317460316,20.634920634920633,69.04761904761905,56.34920634920635,12.698412698412698
E00151083,128,43,10,33,85,73,12,33.59375,7.8125,25.78125,66.40625,57.03125,9.375
E00151084,162,48,19,29,114,99,15,29.629629629629626,11.728395061728394,17.901234567901234,70.37037037037037,61.111111111111114,9.25925925925926
E00151085,41,15,6,9,26,21,5,36.58536585365854,14.634146341463413,21.951219512195124,63.41463414634146,51.21951219512195,12.195121951219512
E00151086,161,51,10,41,110,96,14,31.67701863354037,6.211180124223603,25.465838509316768,68.32298136645963,59.62732919254658,8.695652173913043
E00151087,116,40,16,24,76,57,19,34.48275862068966,13.793103448275861,20.689655172413794,65.51724137931035,49.137931034482754,16.379310344827587
E00151088,160,51,17,34,109,91,18,31.874999999999996,10.625,21.25,68.125,56.875,11.25
E00151089,92,30,14,16,62,52,10,32.608695652173914,15.217391304347828,17.391304347826086,67.3913043478261,56.52173913043478,10.869565217391305
E00151090,148,60,25,35,88,68,20,40.54054054054054,16.89189189189189,23.64864864864865,59.45945945945946,45.94594594594595,13.513513513513514
E00151091,131,40,16,24,91,76,15,30.53435114503817,12.213740458015266,18.3206106870229,69.46564885496184,58.01526717557252,11.450381679389313
E00151092,170,54,14,40,116,89,27,31.76470588235294,8.235294117647058,23.52941176470588,68.23529411764706,52.352941176470594,15.88235294117647
E00151093,157,48,14,34,109,88,21,30.573248407643312,8.9171974522293,21.656050955414013,69.42675159235668,56.05095541401274,13.375796178343949
E00151094,145,44,20,24,101,83,18,30.344827586206897,13.793103448275861,16.551724137931036,69.6551724137931,57.24137931034483,12.413793103448276
E00151095,100,36,19,17,64,46,18,36,19,17,64,46,18
E00151096,240,75,26,49,165,125,40,31.25,10.833333333333334,20.416666666666668,68.75,52.083333333333336,16.666666666666664
E00151097,136,43,16,27,93,74,19,31.61764705882353,11.76470588235294,19.852941176470587,68.38235294117648,54.41176470588235,13.970588235294118
E00151098,119,29,16,13,90,68,22,24.369747899159663,13.445378151260504,10.92436974789916,75.63025210084034,57.14285714285714,18.487394957983195
E00151099,140,45,20,25,95,69,26,32.142857142857146,14.285714285714285,17.857142857142858,67.85714285714286,49.28571428571429,18.571428571428573
E00151100,165,46,7,39,119,93,26,27.878787878787882,4.242424242424243,23.636363636363637,72.12121212121212,56.36363636363636,15.757575757575756
E00151101,143,45,17,28,98,86,12,31.46853146853147,11.888111888111888,19.58041958041958,68.53146853146853,60.13986013986013,8.391608391608392
E00151102,133,42,17,25,91,72,19,31.57894736842105,12.781954887218044,18.796992481203006,68.42105263157895,54.13533834586466,14.285714285714285
E00151103,115,38,15,23,77,67,10,33.04347826086956,13.043478260869565,20,66.95652173913044,58.26086956521739,8.695652173913043
E00151104,85,30,14,16,55,44,11,35.294117647058826,16.470588235294116,18.823529411764707,64.70588235294117,51.76470588235295,12.941176470588237
E00151105,56,15,5,10,41,32,9,26.785714285714285,8.928571428571429,17.857142857142858,73.21428571428571,57.14285714285714,16.071428571428573
E00151106,102,25,9,16,77,62,15,24.509803921568626,8.823529411764707,15.686274509803921,75.49019607843137,60.78431372549019,14.705882352941178
E00151107,79,26,10,16,53,43,10,32.91139240506329,12.658227848101266,20.253164556962027,67.08860759493672,54.43037974683544,12.658227848101266
E00151108,106,33,10,23,73,61,12,31.132075471698112,9.433962264150944,21.69811320754717,68.86792452830188,57.54716981132076,11.320754716981133
E00151109,248,83,35,48,165,145,20,33.46774193548387,14.112903225806454,19.35483870967742,66.53225806451613,58.46774193548387,8.064516129032258
E00151110,104,29,5,24,75,67,8,27.884615384615387,4.807692307692308,23.076923076923077,72.11538461538461,64.42307692307693,7.6923076923076925
E00151111,195,58,17,41,137,115,22,29.743589743589745,8.717948717948717,21.025641025641026,70.25641025641025,58.97435897435898,11.282051282051283
E00151112,152,48,19,29,104,89,15,31.57894736842105,12.5,19.078947368421055,68.42105263157895,58.55263157894737,9.868421052631579
E00151113,171,44,14,30,127,108,19,25.730994152046783,8.187134502923977,17.543859649122805,74.26900584795322,63.1578947368421,11.11111111111111
E00151114,95,34,17,17,61,55,6,35.78947368421053,17.894736842105264,17.894736842105264,64.21052631578948,57.89473684210527,6.315789473684211
E00151115,131,37,9,28,94,79,15,28.24427480916031,6.870229007633588,21.374045801526716,71.7557251908397,60.30534351145038,11.450381679389313
E00151116,157,58,25,33,99,81,18,36.94267515923567,15.92356687898089,21.019108280254777,63.05732484076433,51.59235668789809,11.464968152866243
E00151117,104,26,1,25,78,64,14,25,0.9615384615384616,24.03846153846154,75,61.53846153846154,13.461538461538462
E00151119,148,41,18,23,107,87,20,27.7027027027027,12.162162162162163,15.54054054054054,72.2972972972973,58.78378378378378,13.513513513513514
E00151121,77,26,7,19,51,39,12,33.76623376623377,9.090909090909092,24.675324675324674,66.23376623376623,50.649350649350644,15.584415584415584
E00151122,137,39,19,20,98,76,22,28.467153284671532,13.86861313868613,14.5985401459854,71.53284671532847,55.47445255474452,16.05839416058394
E00151123,154,41,8,33,113,103,10,26.623376623376622,5.194805194805195,21.428571428571427,73.37662337662337,66.88311688311688,6.493506493506493
E00151124,144,41,17,24,103,81,22,28.47222222222222,11.805555555555555,16.666666666666664,71.52777777777779,56.25,15.277777777777779
E00151125,190,62,18,44,128,73,55,32.631578947368425,9.473684210526317,23.157894736842106,67.36842105263158,38.421052631578945,28.947368421052634
E00151126,131,47,21,26,84,71,13,35.87786259541985,16.030534351145036,19.84732824427481,64.12213740458014,54.19847328244275,9.923664122137405
E00151127,93,28,4,24,65,58,7,30.107526881720432,4.301075268817205,25.806451612903224,69.89247311827957,62.365591397849464,7.526881720430108
E00151128,151,47,21,26,104,93,11,31.125827814569533,13.90728476821192,17.218543046357617,68.87417218543047,61.58940397350994,7.28476821192053
E00151129,142,48,14,34,94,85,9,33.80281690140845,9.859154929577464,23.943661971830984,66.19718309859155,59.859154929577464,6.338028169014084
E00151130,170,50,24,26,120,107,13,29.411764705882355,14.117647058823529,15.294117647058824,70.58823529411765,62.94117647058823,7.647058823529412
E00151131,203,65,20,45,138,111,27,32.01970443349754,9.852216748768473,22.167487684729064,67.98029556650246,54.679802955665025,13.30049261083744
E00151132,139,43,11,32,96,91,5,30.935251798561154,7.913669064748201,23.021582733812952,69.06474820143885,65.46762589928058,3.5971223021582732
E00151133,170,38,12,26,132,114,18,22.35294117647059,7.0588235294117645,15.294117647058824,77.64705882352942,67.05882352941175,10.588235294117647
E00151134,95,27,13,14,68,44,24,28.421052631578945,13.684210526315791,14.736842105263156,71.57894736842105,46.31578947368421,25.263157894736842
E00151136,139,43,17,26,96,86,10,30.935251798561154,12.23021582733813,18.705035971223023,69.06474820143885,61.87050359712231,7.1942446043165464
E00151137,139,45,14,31,94,80,14,32.37410071942446,10.071942446043165,22.302158273381295,67.62589928057554,57.55395683453237,10.071942446043165
E00151138,152,35,12,23,117,104,13,23.026315789473685,7.894736842105263,15.131578947368421,76.97368421052632,68.42105263157895,8.552631578947368
E00151140,121,32,17,15,89,75,14,26.446280991735538,14.049586776859504,12.396694214876034,73.55371900826447,61.98347107438017,11.570247933884298
E00151141,122,34,13,21,88,77,11,27.86885245901639,10.655737704918032,17.21311475409836,72.1311475409836,63.114754098360656,9.01639344262295
E00151142,161,49,9,40,112,93,19,30.434782608695656,5.590062111801243,24.84472049689441,69.56521739130434,57.7639751552795,11.801242236024844
E00151143,179,52,19,33,127,113,14,29.05027932960894,10.614525139664805,18.435754189944134,70.94972067039106,63.128491620111724,7.82122905027933
E00151144,77,20,6,14,57,48,9,25.97402597402597,7.792207792207792,18.181818181818183,74.02597402597402,62.33766233766234,11.688311688311687
E00151145,165,48,16,32,117,98,19,29.09090909090909,9.696969696969697,19.393939393939394,70.9090909090909,59.3939393939394,11.515151515151516
E00151146,137,39,15,24,98,84,14,28.467153284671532,10.948905109489052,17.51824817518248,71.53284671532847,61.31386861313869,10.218978102189782
E00151147,131,34,14,20,97,86,11,25.954198473282442,10.687022900763358,15.267175572519085,74.04580152671755,65.64885496183206,8.396946564885496
E00151148,141,31,8,23,110,90,20,21.98581560283688,5.673758865248227,16.312056737588655,78.01418439716312,63.829787234042556,14.184397163120568
E00151149,147,40,12,28,107,88,19,27.2108843537415,8.16326530612245,19.047619047619047,72.78911564625851,59.863945578231295,12.925170068027212
E00151150,138,48,15,33,90,79,11,34.78260869565217,10.869565217391305,23.91304347826087,65.21739130434783,57.2463768115942,7.971014492753622
E00151151,107,25,8,17,82,75,7,23.364485981308412,7.476635514018691,15.887850467289718,76.63551401869158,70.09345794392523,6.5420560747663545
E00151152,154,47,13,34,107,99,8,30.519480519480517,8.441558441558442,22.07792207792208,69.48051948051948,64.28571428571429,5.194805194805195
E00151153,111,41,16,25,70,61,9,36.93693693693694,14.414414414414415,22.52252252252252,63.06306306306306,54.95495495495496,8.108108108108109
E00151154,127,43,14,29,84,77,7,33.85826771653544,11.023622047244094,22.83464566929134,66.14173228346458,60.629921259842526,5.511811023622047
E00151155,156,49,15,34,107,92,15,31.41025641025641,9.615384615384617,21.794871794871796,68.58974358974359,58.97435897435898,9.615384615384617
E00151156,172,47,18,29,125,109,16,27.325581395348834,10.465116279069768,16.86046511627907,72.67441860465115,63.372093023255815,9.30232558139535
E00151157,121,37,11,26,84,67,17,30.57851239669421,9.090909090909092,21.487603305785125,69.42148760330579,55.371900826446286,14.049586776859504
E00151158,134,36,12,24,98,82,16,26.865671641791046,8.955223880597014,17.91044776119403,73.13432835820896,61.19402985074627,11.940298507462686
E00151159,150,42,12,30,108,89,19,28.000000000000004,8,20,72,59.333333333333336,12.666666666666668
E00151160,116,42,13,29,74,62,12,36.206896551724135,11.206896551724139,25,63.793103448275865,53.44827586206896,10.344827586206897
E00151161,105,38,13,25,67,58,9,36.19047619047619,12.380952380952381,23.809523809523807,63.8095238095238,55.23809523809524,8.571428571428571
E00151162,170,55,19,36,115,94,21,32.35294117647059,11.176470588235295,21.176470588235293,67.64705882352942,55.294117647058826,12.352941176470589
E00151163,104,46,11,35,58,56,2,44.230769230769226,10.576923076923077,33.65384615384615,55.769230769230774,53.84615384615385,1.9230769230769231
E00151164,65,21,5,16,44,35,9,32.30769230769231,7.6923076923076925,24.615384615384617,67.6923076923077,53.84615384615385,13.846153846153847
E00151165,156,49,24,25,107,77,30,31.41025641025641,15.384615384615385,16.025641025641026,68.58974358974359,49.358974358974365,19.230769230769234
E00151166,105,38,14,24,67,48,19,36.19047619047619,13.333333333333334,22.857142857142858,63.8095238095238,45.714285714285715,18.095238095238095
E00151167,122,39,20,19,83,62,21,31.967213114754102,16.39344262295082,15.573770491803279,68.0327868852459,50.81967213114754,17.21311475409836
E00151168,134,32,9,23,102,71,31,23.88059701492537,6.7164179104477615,17.16417910447761,76.11940298507463,52.98507462686567,23.134328358208954
E00151169,199,67,22,45,132,101,31,33.66834170854271,11.055276381909549,22.613065326633166,66.33165829145729,50.753768844221106,15.577889447236181
E00151170,171,57,26,31,114,77,37,33.33333333333333,15.204678362573098,18.128654970760234,66.66666666666666,45.02923976608187,21.637426900584796
E00151171,195,69,26,43,126,86,40,35.38461538461539,13.333333333333334,22.05128205128205,64.61538461538461,44.1025641025641,20.51282051282051
E00151172,231,60,26,34,171,122,49,25.97402597402597,11.255411255411255,14.71861471861472,74.02597402597402,52.81385281385281,21.21212121212121
E00151173,174,48,16,32,126,93,33,27.586206896551722,9.195402298850574,18.39080459770115,72.41379310344827,53.44827586206896,18.96551724137931
E00151174,186,58,20,38,128,101,27,31.182795698924732,10.75268817204301,20.43010752688172,68.81720430107528,54.3010752688172,14.516129032258066
E00151175,149,47,19,28,102,84,18,31.543624161073826,12.751677852348994,18.79194630872483,68.45637583892618,56.375838926174495,12.080536912751679
E00151176,148,41,10,31,107,85,22,27.7027027027027,6.756756756756757,20.945945945945947,72.2972972972973,57.432432432432435,14.864864864864865
E00151177,126,39,13,26,87,78,9,30.952380952380953,10.317460317460316,20.634920634920633,69.04761904761905,61.904761904761905,7.142857142857142
E00151178,172,52,24,28,120,88,32,30.23255813953488,13.953488372093023,16.27906976744186,69.76744186046511,51.162790697674424,18.6046511627907
E00151179,141,39,18,21,102,82,20,27.659574468085108,12.76595744680851,14.893617021276595,72.3404255319149,58.156028368794324,14.184397163120568
E00151180,167,53,15,38,114,94,20,31.736526946107784,8.982035928143713,22.75449101796407,68.26347305389223,56.287425149700596,11.976047904191617
E00151181,123,34,10,24,89,70,19,27.64227642276423,8.130081300813007,19.51219512195122,72.35772357723577,56.91056910569105,15.447154471544716
E00151182,171,55,16,39,116,97,19,32.16374269005848,9.35672514619883,22.807017543859647,67.83625730994152,56.72514619883041,11.11111111111111
E00151183,153,47,19,28,106,89,17,30.718954248366014,12.418300653594772,18.30065359477124,69.28104575163398,58.16993464052288,11.11111111111111
E00151184,114,31,12,19,83,62,21,27.192982456140353,10.526315789473683,16.666666666666664,72.80701754385966,54.385964912280706,18.421052631578945
E00151185,143,59,26,33,84,61,23,41.25874125874126,18.181818181818183,23.076923076923077,58.74125874125874,42.65734265734265,16.083916083916083
E00151186,125,37,16,21,88,62,26,29.599999999999998,12.8,16.8,70.39999999999999,49.6,20.8
E00151187,138,32,12,20,106,89,17,23.18840579710145,8.695652173913043,14.492753623188406,76.81159420289855,64.4927536231884,12.318840579710146
E00151188,118,39,12,27,79,68,11,33.05084745762712,10.16949152542373,22.88135593220339,66.94915254237289,57.6271186440678,9.322033898305085
E00151189,166,51,22,29,115,96,19,30.72289156626506,13.253012048192772,17.46987951807229,69.27710843373494,57.831325301204814,11.44578313253012
E00151190,55,19,6,13,36,27,9,34.54545454545455,10.909090909090908,23.636363636363637,65.45454545454545,49.09090909090909,16.363636363636363
E00151191,115,33,9,24,82,69,13,28.695652173913043,7.82608695652174,20.869565217391305,71.30434782608695,60,11.304347826086957
E00151192,211,62,18,44,149,125,24,29.383886255924168,8.530805687203792,20.85308056872038,70.61611374407583,59.241706161137444,11.374407582938389
E00151193,171,45,21,24,126,105,21,26.31578947368421,12.280701754385964,14.035087719298245,73.68421052631578,61.40350877192983,12.280701754385964
E00151194,104,37,11,26,67,58,9,35.57692307692308,10.576923076923077,25,64.42307692307693,55.769230769230774,8.653846153846153
E00151195,109,35,14,21,74,61,13,32.11009174311927,12.844036697247708,19.26605504587156,67.88990825688074,55.96330275229357,11.926605504587156
E00151196,120,29,6,23,91,78,13,24.166666666666668,5,19.166666666666668,75.83333333333333,65,10.833333333333334
E00151198,112,29,13,16,83,71,12,25.892857142857146,11.607142857142858,14.285714285714285,74.10714285714286,63.39285714285714,10.714285714285714
E00151200,70,22,6,16,48,32,16,31.428571428571427,8.571428571428571,22.857142857142858,68.57142857142857,45.714285714285715,22.857142857142858
E00151201,277,81,21,60,196,162,34,29.24187725631769,7.581227436823104,21.660649819494584,70.7581227436823,58.48375451263538,12.274368231046932
E00151202,159,44,11,33,115,91,24,27.67295597484277,6.918238993710692,20.754716981132077,72.32704402515722,57.23270440251572,15.09433962264151
E00151203,122,41,10,31,81,73,8,33.60655737704918,8.19672131147541,25.40983606557377,66.39344262295081,59.83606557377049,6.557377049180328
E00151204,115,33,7,26,82,76,6,28.695652173913043,6.086956521739131,22.608695652173914,71.30434782608695,66.08695652173913,5.217391304347826
E00151205,105,27,8,19,78,67,11,25.71428571428571,7.6190476190476195,18.095238095238095,74.28571428571429,63.8095238095238,10.476190476190476
E00151206,157,42,12,30,115,99,16,26.751592356687897,7.643312101910828,19.10828025477707,73.24840764331209,63.05732484076433,10.191082802547772
E00151207,73,21,7,14,52,40,12,28.767123287671232,9.58904109589041,19.17808219178082,71.23287671232876,54.794520547945204,16.43835616438356
E00151208,140,31,7,24,109,92,17,22.142857142857142,5,17.142857142857142,77.85714285714286,65.71428571428571,12.142857142857142
E00151209,126,34,14,20,92,78,14,26.984126984126984,11.11111111111111,15.873015873015872,73.01587301587301,61.904761904761905,11.11111111111111
E00151210,110,32,7,25,78,67,11,29.09090909090909,6.363636363636363,22.727272727272727,70.9090909090909,60.909090909090914,10
E00151211,51,13,4,9,38,31,7,25.49019607843137,7.8431372549019605,17.647058823529413,74.50980392156863,60.78431372549019,13.725490196078432
E00151212,130,47,9,38,83,73,10,36.15384615384615,6.923076923076923,29.230769230769234,63.84615384615384,56.15384615384615,7.6923076923076925
E00151213,118,26,10,16,92,86,6,22.033898305084744,8.47457627118644,13.559322033898304,77.96610169491525,72.88135593220339,5.084745762711865
E00151214,130,39,15,24,91,74,17,30,11.538461538461538,18.461538461538463,70,56.92307692307692,13.076923076923078
E00151215,93,26,10,16,67,58,9,27.956989247311824,10.75268817204301,17.20430107526882,72.04301075268818,62.365591397849464,9.67741935483871
E00151216,104,27,8,19,77,68,9,25.961538461538463,7.6923076923076925,18.269230769230766,74.03846153846155,65.38461538461539,8.653846153846153
E00151217,173,45,13,32,128,108,20,26.011560693641616,7.514450867052023,18.497109826589593,73.98843930635837,62.42774566473989,11.560693641618498
E00151218,181,52,10,42,129,113,16,28.7292817679558,5.524861878453039,23.204419889502763,71.27071823204419,62.430939226519335,8.83977900552486
E00151219,160,47,18,29,113,85,28,29.375,11.25,18.125,70.625,53.125,17.5
E00151220,170,47,15,32,123,108,15,27.647058823529413,8.823529411764707,18.823529411764707,72.35294117647058,63.52941176470588,8.823529411764707
E00151221,140,44,11,33,96,85,11,31.428571428571427,7.857142857142857,23.57142857142857,68.57142857142857,60.71428571428571,7.857142857142857
E00151222,160,42,16,26,118,103,15,26.25,10,16.25,73.75,64.375,9.375
E00151223,94,33,16,17,61,54,7,35.1063829787234,17.02127659574468,18.085106382978726,64.8936170212766,57.446808510638306,7.446808510638298
E00151224,264,73,19,54,191,153,38,27.65151515151515,7.196969696969697,20.454545454545457,72.34848484848484,57.95454545454546,14.393939393939394
E00151225,146,49,19,30,97,84,13,33.56164383561644,13.013698630136986,20.54794520547945,66.43835616438356,57.534246575342465,8.904109589041095
E00151226,128,50,12,38,78,70,8,39.0625,9.375,29.6875,60.9375,54.6875,6.25
E00151227,115,43,16,27,72,57,15,37.391304347826086,13.91304347826087,23.47826086956522,62.60869565217392,49.56521739130435,13.043478260869565
E00151228,146,43,22,21,103,89,14,29.45205479452055,15.068493150684931,14.383561643835616,70.54794520547945,60.95890410958904,9.58904109589041
E00151229,145,49,14,35,96,84,12,33.793103448275865,9.655172413793103,24.137931034482758,66.20689655172414,57.931034482758626,8.275862068965518
E00151230,161,47,13,34,114,97,17,29.19254658385093,8.074534161490684,21.11801242236025,70.80745341614907,60.24844720496895,10.559006211180124
E00151231,156,42,18,24,114,103,11,26.923076923076923,11.538461538461538,15.384615384615385,73.07692307692307,66.02564102564102,7.051282051282051
E00151232,152,42,10,32,110,95,15,27.631578947368425,6.578947368421052,21.052631578947366,72.36842105263158,62.5,9.868421052631579
E00151233,114,22,7,15,92,82,10,19.298245614035086,6.140350877192982,13.157894736842104,80.7017543859649,71.9298245614035,8.771929824561402
E00151234,103,39,7,32,64,57,7,37.86407766990291,6.796116504854369,31.06796116504854,62.13592233009708,55.33980582524271,6.796116504854369
E00151235,146,40,9,31,106,85,21,27.397260273972602,6.164383561643835,21.232876712328768,72.6027397260274,58.21917808219178,14.383561643835616
E00171614,61,14,6,8,47,41,6,22.950819672131146,9.836065573770492,13.114754098360656,77.04918032786885,67.21311475409836,9.836065573770492
E00171615,453,211,90,121,242,188,54,46.57836644591612,19.867549668874172,26.71081677704194,53.42163355408388,41.501103752759384,11.920529801324504
E00171616,105,32,13,19,73,66,7,30.476190476190478,12.380952380952381,18.095238095238095,69.52380952380952,62.857142857142854,6.666666666666667
E00171617,182,46,16,30,136,118,18,25.274725274725274,8.791208791208792,16.483516483516482,74.72527472527473,64.83516483516483,9.89010989010989
E00171618,204,45,20,25,159,117,42,22.058823529411764,9.803921568627452,12.254901960784313,77.94117647058823,57.35294117647059,20.588235294117645
E00171619,214,50,18,32,164,142,22,23.364485981308412,8.411214953271028,14.953271028037381,76.63551401869158,66.35514018691589,10.2803738317757
E00171620,170,50,21,29,120,99,21,29.411764705882355,12.352941176470589,17.058823529411764,70.58823529411765,58.235294117647065,12.352941176470589
E00171621,197,65,20,45,132,111,21,32.99492385786802,10.152284263959391,22.84263959390863,67.00507614213198,56.34517766497462,10.65989847715736
E00171622,46,16,6,10,30,25,5,34.78260869565217,13.043478260869565,21.73913043478261,65.21739130434783,54.347826086956516,10.869565217391305
E00171623,130,36,7,29,94,80,14,27.692307692307693,5.384615384615385,22.30769230769231,72.3076923076923,61.53846153846154,10.76923076923077
E00180653,202,55,15,40,147,125,22,27.22772277227723,7.425742574257425,19.801980198019802,72.77227722772277,61.88118811881188,10.891089108910892
E00180654,221,69,22,47,152,132,20,31.221719457013574,9.95475113122172,21.266968325791854,68.77828054298642,59.72850678733032,9.049773755656108
E00180655,146,40,14,26,106,90,16,27.397260273972602,9.58904109589041,17.80821917808219,72.6027397260274,61.64383561643836,10.95890410958904
E00180667,128,37,16,21,91,71,20,28.90625,12.5,16.40625,71.09375,55.46875,15.625
E00180668,177,49,12,37,128,104,24,27.683615819209038,6.779661016949152,20.903954802259886,72.31638418079096,58.75706214689266,13.559322033898304
E00180682,255,45,15,30,210,180,30,17.647058823529413,5.88235294117647,11.76470588235294,82.35294117647058,70.58823529411765,11.76470588235294
E00180695,151,30,5,25,121,97,24,19.867549668874172,3.3112582781456954,16.55629139072848,80.13245033112582,64.23841059602648,15.894039735099339
E00180704,255,60,24,36,195,162,33,23.52941176470588,9.411764705882353,14.117647058823529,76.47058823529412,63.52941176470588,12.941176470588237
E00180708,28,10,3,7,18,14,4,35.714285714285715,10.714285714285714,25,64.28571428571429,50,14.285714285714285
E00180715,219,69,23,46,150,116,34,31.506849315068493,10.50228310502283,21.00456621004566,68.4931506849315,52.96803652968036,15.52511415525114
E00180728,223,49,11,38,174,150,24,21.973094170403588,4.932735426008969,17.040358744394617,78.02690582959642,67.2645739910314,10.762331838565023
E00180738,111,18,7,11,93,77,16,16.216216216216218,6.306306306306306,9.90990990990991,83.78378378378379,69.36936936936937,14.414414414414415
E00180745,89,17,3,14,72,55,17,19.101123595505616,3.3707865168539324,15.730337078651685,80.89887640449437,61.79775280898876,19.101123595505616
E00180747,119,35,11,24,84,70,14,29.411764705882355,9.243697478991598,20.168067226890756,70.58823529411765,58.82352941176471,11.76470588235294
E00180767,192,44,15,29,148,117,31,22.916666666666664,7.8125,15.104166666666666,77.08333333333334,60.9375,16.145833333333336
E00180768,126,33,4,29,93,77,16,26.190476190476193,3.1746031746031744,23.015873015873016,73.80952380952381,61.111111111111114,12.698412698412698
E00180773,156,48,11,37,108,91,17,30.76923076923077,7.051282051282051,23.717948717948715,69.23076923076923,58.333333333333336,10.897435897435898
