OA,ts0590001,ts0590002,ts0590003,ts0590004,ts0590005,ts0590006,ts0590007,ts0590002_PCT,ts0590003_PCT,ts0590004_PCT,ts0590005_PCT,ts0590006_PCT,ts0590007_PCT
E00066247,88,34,13,21,54,48,6,38.63636363636363,14.772727272727273,23.863636363636363,61.36363636363637,54.54545454545454,6.8181818181818175
E00066248,112,23,10,13,89,75,14,20.535714285714285,8.928571428571429,11.607142857142858,79.46428571428571,66.96428571428571,12.5
E00066249,111,42,10,32,69,51,18,37.83783783783784,9.00900900900901,28.82882882882883,62.16216216216216,45.94594594594595,16.216216216216218
E00066250,139,46,11,35,93,79,14,33.093525179856115,7.913669064748201,25.179856115107913,66.90647482014388,56.83453237410072,10.071942446043165
E00066251,100,34,7,27,66,55,11,34,7.000000000000001,27,66,55.00000000000001,11
E00066252,154,45,16,29,109,88,21,29.22077922077922,10.38961038961039,18.83116883116883,70.77922077922078,57.14285714285714,13.636363636363635
E00066253,110,37,13,24,73,61,12,33.63636363636363,11.818181818181818,21.818181818181817,66.36363636363637,55.45454545454545,10.909090909090908
E00066254,85,33,11,22,52,44,8,38.82352941176471,12.941176470588237,25.882352941176475,61.1764705882353,51.76470588235295,9.411764705882353
E00066255,122,43,16,27,79,65,14,35.24590163934426,13.114754098360656,22.131147540983605,64.75409836065575,53.278688524590166,11.475409836065573
E00066256,98,26,5,21,72,53,19,26.53061224489796,5.1020408163265305,21.428571428571427,73.46938775510205,54.08163265306123,19.387755102040817
E00066257,105,37,10,27,68,67,1,35.23809523809524,9.523809523809524,25.71428571428571,64.76190476190476,63.8095238095238,0.9523809523809524
E00066258,47,15,4,11,32,28,4,31.914893617021278,8.51063829787234,23.404255319148938,68.08510638297872,59.57446808510638,8.51063829787234
E00066259,51,19,2,17,32,28,4,37.254901960784316,3.9215686274509802,33.33333333333333,62.745098039215684,54.90196078431373,7.8431372549019605
E00066260,148,45,10,35,103,86,17,30.405405405405407,6.756756756756757,23.64864864864865,69.5945945945946,58.108108108108105,11.486486486486488
E00066261,83,34,7,27,49,41,8,40.963855421686745,8.433734939759036,32.53012048192771,59.036144578313255,49.39759036144578,9.63855421686747
E00066262,110,27,7,20,83,68,15,24.545454545454547,6.363636363636363,18.181818181818183,75.45454545454545,61.81818181818181,13.636363636363635
E00066263,118,30,12,18,88,74,14,25.423728813559322,10.16949152542373,15.254237288135593,74.57627118644068,62.71186440677966,11.864406779661017
E00066264,107,34,8,26,73,62,11,31.775700934579437,7.476635514018691,24.299065420560748,68.22429906542055,57.943925233644855,10.2803738317757
E00066265,62,16,3,13,46,35,11,25.806451612903224,4.838709677419355,20.967741935483872,74.19354838709677,56.451612903225815,17.741935483870968
E00066266,152,62,17,45,90,76,14,40.78947368421053,11.18421052631579,29.605263157894733,59.210526315789465,50,9.210526315789473
E00066267,128,50,17,33,78,65,13,39.0625,13.28125,25.78125,60.9375,50.78125,10.15625
E00066268,128,37,14,23,91,80,11,28.90625,10.9375,17.96875,71.09375,62.5,8.59375
E00066269,176,61,19,42,115,99,16,34.659090909090914,10.795454545454545,23.863636363636363,65.3409090909091,56.25,9.090909090909092
E00066270,139,41,10,31,98,84,14,29.496402877697843,7.1942446043165464,22.302158273381295,70.50359712230215,60.431654676258994,10.071942446043165
E00066271,133,48,21,27,85,71,14,36.09022556390977,15.789473684210526,20.30075187969925,63.90977443609023,53.383458646616546,10.526315789473683
E00066272,144,52,14,38,92,78,14,36.11111111111111,9.722222222222223,26.38888888888889,63.888888888888886,54.166666666666664,9.722222222222223
E00066273,139,42,11,31,97,87,10,30.215827338129497,7.913669064748201,22.302158273381295,69.7841726618705,62.589928057553955,7.1942446043165464
E00066274,110,35,12,23,75,65,10,31.818181818181817,10.909090909090908,20.909090909090907,68.18181818181817,59.09090909090909,9.090909090909092
E00066275,154,42,9,33,112,100,12,27.27272727272727,5.844155844155844,21.428571428571427,72.72727272727273,64.93506493506493,7.792207792207792
E00066276,86,29,7,22,57,48,9,33.72093023255814,8.13953488372093,25.581395348837212,66.27906976744185,55.81395348837209,10.465116279069768
E00066277,67,24,7,17,43,35,8,35.82089552238806,10.44776119402985,25.37313432835821,64.17910447761194,52.23880597014925,11.940298507462686
E00066278,70,28,3,25,42,34,8,40,4.285714285714286,35.714285714285715,60,48.57142857142857,11.428571428571429
E00066279,85,23,7,16,62,53,9,27.058823529411764,8.235294117647058,18.823529411764707,72.94117647058823,62.35294117647059,10.588235294117647
E00066280,113,31,15,16,82,72,10,27.43362831858407,13.274336283185843,14.15929203539823,72.56637168141593,63.716814159292035,8.849557522123893
E00066281,100,42,13,29,58,49,9,42,13,28.999999999999996,57.99999999999999,49,9
E00066282,65,19,3,16,46,40,6,29.230769230769234,4.615384615384616,24.615384615384617,70.76923076923077,61.53846153846154,9.230769230769232
E00066283,117,43,13,30,74,54,20,36.75213675213676,11.11111111111111,25.64102564102564,63.24786324786324,46.15384615384615,17.094017094017094
E00066284,136,43,11,32,93,78,15,31.61764705882353,8.088235294117647,23.52941176470588,68.38235294117648,57.35294117647059,11.029411764705882
E00066285,115,28,13,15,87,74,13,24.347826086956523,11.304347826086957,13.043478260869565,75.65217391304347,64.34782608695652,11.304347826086957
E00066286,148,54,14,40,94,76,18,36.486486486486484,9.45945945945946,27.027027027027028,63.51351351351351,51.35135135135135,12.162162162162163
E00066287,123,40,13,27,83,73,10,32.52032520325203,10.569105691056912,21.951219512195124,67.47967479674797,59.34959349593496,8.130081300813007
E00066288,126,35,8,27,91,76,15,27.77777777777778,6.349206349206349,21.428571428571427,72.22222222222221,60.317460317460316,11.904761904761903
E00066289,100,29,14,15,71,51,20,28.999999999999996,14.000000000000002,15,71,51,20
E00066290,86,30,9,21,56,52,4,34.883720930232556,10.465116279069768,24.418604651162788,65.11627906976744,60.46511627906976,4.651162790697675
E00066291,66,29,9,20,37,34,3,43.93939393939394,13.636363636363635,30.303030303030305,56.060606060606055,51.515151515151516,4.545454545454546
E00066292,114,38,9,29,76,58,18,33.33333333333333,7.894736842105263,25.438596491228072,66.66666666666666,50.877192982456144,15.789473684210526
E00066293,135,42,11,31,93,81,12,31.11111111111111,8.148148148148149,22.962962962962962,68.88888888888889,60,8.88888888888889
E00066294,160,71,23,48,89,74,15,44.375,14.374999999999998,30,55.625,46.25,9.375
E00066295,142,49,12,37,93,80,13,34.50704225352113,8.450704225352112,26.056338028169012,65.49295774647888,56.33802816901409,9.15492957746479
E00066296,55,16,3,13,39,31,8,29.09090909090909,5.454545454545454,23.636363636363637,70.9090909090909,56.36363636363636,14.545454545454545
E00066297,65,16,2,14,49,45,4,24.615384615384617,3.076923076923077,21.53846153846154,75.38461538461539,69.23076923076923,6.153846153846154
E00066299,63,24,10,14,39,33,6,38.095238095238095,15.873015873015872,22.22222222222222,61.904761904761905,52.38095238095239,9.523809523809524
E00066300,107,33,13,20,74,61,13,30.8411214953271,12.149532710280374,18.69158878504673,69.1588785046729,57.009345794392516,12.149532710280374
E00066301,78,20,7,13,58,41,17,25.64102564102564,8.974358974358974,16.666666666666664,74.35897435897436,52.56410256410257,21.794871794871796
E00066302,58,11,3,8,47,42,5,18.96551724137931,5.172413793103448,13.793103448275861,81.03448275862068,72.41379310344827,8.620689655172415
E00066303,106,40,9,31,66,55,11,37.735849056603776,8.49056603773585,29.245283018867923,62.264150943396224,51.886792452830186,10.377358490566039
E00066305,86,29,8,21,57,51,6,33.72093023255814,9.30232558139535,24.418604651162788,66.27906976744185,59.30232558139535,6.976744186046512
E00066306,84,15,5,10,69,51,18,17.857142857142858,5.952380952380952,11.904761904761903,82.14285714285714,60.71428571428571,21.428571428571427
E00066307,57,18,6,12,39,29,10,31.57894736842105,10.526315789473683,21.052631578947366,68.42105263157895,50.877192982456144,17.543859649122805
E00066309,107,24,12,12,83,71,12,22.429906542056074,11.214953271028037,11.214953271028037,77.57009345794393,66.35514018691589,11.214953271028037
E00066310,104,33,15,18,71,59,12,31.73076923076923,14.423076923076922,17.307692307692307,68.26923076923077,56.730769230769226,11.538461538461538
E00066311,80,35,13,22,45,38,7,43.75,16.25,27.500000000000004,56.25,47.5,8.75
E00066312,119,37,8,29,82,67,15,31.092436974789916,6.722689075630252,24.369747899159663,68.90756302521008,56.30252100840336,12.605042016806722
E00066313,142,61,19,42,81,68,13,42.95774647887324,13.380281690140844,29.577464788732392,57.04225352112676,47.88732394366197,9.15492957746479
E00066314,80,20,11,9,60,54,6,25,13.750000000000002,11.25,75,67.5,7.5
E00066315,159,41,14,27,118,91,27,25.78616352201258,8.80503144654088,16.9811320754717,74.21383647798741,57.23270440251572,16.9811320754717
E00066316,37,9,0,9,28,23,5,24.324324324324326,0,24.324324324324326,75.67567567567568,62.16216216216216,13.513513513513514
E00066317,106,29,9,20,77,64,13,27.358490566037734,8.49056603773585,18.867924528301888,72.64150943396226,60.37735849056604,12.264150943396226
E00066318,117,36,14,22,81,70,11,30.76923076923077,11.965811965811966,18.803418803418804,69.23076923076923,59.82905982905983,9.401709401709402
E00066319,117,43,9,34,74,61,13,36.75213675213676,7.6923076923076925,29.059829059829063,63.24786324786324,52.13675213675214,11.11111111111111
E00066320,107,30,7,23,77,63,14,28.037383177570092,6.5420560747663545,21.49532710280374,71.96261682242991,58.87850467289719,13.084112149532709
E00066321,84,18,7,11,66,57,9,21.428571428571427,8.333333333333332,13.095238095238097,78.57142857142857,67.85714285714286,10.714285714285714
E00066322,116,43,16,27,73,60,13,37.06896551724138,13.793103448275861,23.275862068965516,62.93103448275862,51.724137931034484,11.206896551724139
E00066323,79,22,5,17,57,52,5,27.848101265822784,6.329113924050633,21.518987341772153,72.15189873417721,65.82278481012658,6.329113924050633
E00066324,130,51,10,41,79,69,10,39.23076923076923,7.6923076923076925,31.538461538461537,60.76923076923077,53.07692307692308,7.6923076923076925
E00066325,154,54,11,43,100,89,11,35.064935064935064,7.142857142857142,27.92207792207792,64.93506493506493,57.7922077922078,7.142857142857142
E00066326,111,47,15,32,64,53,11,42.34234234234234,13.513513513513514,28.82882882882883,57.65765765765766,47.74774774774775,9.90990990990991
E00066327,74,22,5,17,52,41,11,29.72972972972973,6.756756756756757,22.972972972972975,70.27027027027027,55.4054054054054,14.864864864864865
E00066329,37,11,2,9,26,24,2,29.72972972972973,5.405405405405405,24.324324324324326,70.27027027027027,64.86486486486487,5.405405405405405
E00066332,18,4,2,2,14,11,3,22.22222222222222,11.11111111111111,11.11111111111111,77.77777777777779,61.111111111111114,16.666666666666664
E00066333,19,4,0,4,15,11,4,21.052631578947366,0,21.052631578947366,78.94736842105263,57.89473684210527,21.052631578947366
E00066334,149,42,14,28,107,87,20,28.187919463087248,9.395973154362416,18.79194630872483,71.81208053691275,58.38926174496645,13.422818791946309
E00066335,91,35,16,19,56,48,8,38.46153846153847,17.582417582417584,20.87912087912088,61.53846153846154,52.74725274725275,8.791208791208792
E00066336,129,43,14,29,86,69,17,33.33333333333333,10.852713178294573,22.48062015503876,66.66666666666666,53.48837209302325,13.178294573643413
E00066337,61,17,7,10,44,36,8,27.86885245901639,11.475409836065573,16.39344262295082,72.1311475409836,59.01639344262295,13.114754098360656
E00066338,87,28,9,19,59,44,15,32.18390804597701,10.344827586206897,21.839080459770116,67.81609195402298,50.57471264367817,17.24137931034483
E00066339,105,42,9,33,63,47,16,40,8.571428571428571,31.428571428571427,60,44.761904761904766,15.238095238095239
E00066340,103,29,8,21,74,55,19,28.155339805825243,7.766990291262135,20.388349514563107,71.84466019417476,53.398058252427184,18.446601941747574
E00066341,114,30,12,18,84,60,24,26.31578947368421,10.526315789473683,15.789473684210526,73.68421052631578,52.63157894736842,21.052631578947366
E00066342,120,40,5,35,80,66,14,33.33333333333333,4.166666666666666,29.166666666666668,66.66666666666666,55.00000000000001,11.666666666666666
E00066343,183,60,18,42,123,103,20,32.78688524590164,9.836065573770492,22.950819672131146,67.21311475409836,56.284153005464475,10.92896174863388
E00066344,114,41,13,28,73,62,11,35.96491228070175,11.403508771929824,24.561403508771928,64.03508771929825,54.385964912280706,9.649122807017543
E00066345,126,40,10,30,86,78,8,31.746031746031743,7.936507936507936,23.809523809523807,68.25396825396825,61.904761904761905,6.349206349206349
E00066346,127,35,11,24,92,79,13,27.559055118110237,8.661417322834646,18.89763779527559,72.44094488188976,62.20472440944882,10.236220472440944
E00066347,125,39,10,29,86,68,18,31.2,8,23.200000000000003,68.8,54.400000000000006,14.399999999999999
E00066348,159,54,18,36,105,83,22,33.9622641509434,11.320754716981133,22.641509433962266,66.0377358490566,52.20125786163522,13.836477987421384
E00066349,119,37,12,25,82,72,10,31.092436974789916,10.084033613445378,21.008403361344538,68.90756302521008,60.50420168067227,8.403361344537815
E00066350,161,51,15,36,110,91,19,31.67701863354037,9.316770186335404,22.36024844720497,68.32298136645963,56.52173913043478,11.801242236024844
E00066351,120,43,17,26,77,62,15,35.833333333333336,14.166666666666666,21.666666666666668,64.16666666666667,51.66666666666667,12.5
E00066352,148,50,17,33,98,79,19,33.78378378378378,11.486486486486488,22.2972972972973,66.21621621621621,53.37837837837838,12.837837837837837
E00066353,171,51,12,39,120,100,20,29.82456140350877,7.017543859649122,22.807017543859647,70.17543859649122,58.47953216374269,11.695906432748536
E00066354,95,27,6,21,68,57,11,28.421052631578945,6.315789473684211,22.105263157894736,71.57894736842105,60,11.578947368421053
E00066355,116,32,9,23,84,70,14,27.586206896551722,7.758620689655173,19.82758620689655,72.41379310344827,60.3448275862069,12.068965517241379
E00066356,153,50,16,34,103,87,16,32.6797385620915,10.457516339869281,22.22222222222222,67.3202614379085,56.86274509803921,10.457516339869281
E00066357,115,51,13,38,64,53,11,44.34782608695652,11.304347826086957,33.04347826086956,55.65217391304348,46.08695652173913,9.565217391304348
E00066358,64,23,3,20,41,36,5,35.9375,4.6875,31.25,64.0625,56.25,7.8125
E00066359,125,55,14,41,70,53,17,44,11.200000000000001,32.800000000000004,56.00000000000001,42.4,13.600000000000001
E00066360,113,39,13,26,74,59,15,34.51327433628318,11.504424778761061,23.008849557522122,65.48672566371681,52.21238938053098,13.274336283185843
E00066361,35,16,3,13,19,17,2,45.714285714285715,8.571428571428571,37.142857142857146,54.285714285714285,48.57142857142857,5.714285714285714
E00066362,91,34,7,27,57,45,12,37.362637362637365,7.6923076923076925,29.67032967032967,62.637362637362635,49.45054945054945,13.186813186813188
E00066363,187,51,16,35,136,109,27,27.27272727272727,8.55614973262032,18.71657754010695,72.72727272727273,58.288770053475936,14.43850267379679
E00066364,274,73,28,45,201,164,37,26.642335766423358,10.218978102189782,16.423357664233578,73.35766423357664,59.854014598540154,13.503649635036496
E00066365,125,39,14,25,86,64,22,31.2,11.200000000000001,20,68.8,51.2,17.599999999999998
E00066366,144,49,25,24,95,76,19,34.02777777777778,17.36111111111111,16.666666666666664,65.97222222222221,52.77777777777778,13.194444444444445
E00066367,72,27,9,18,45,41,4,37.5,12.5,25,62.5,56.94444444444444,5.555555555555555
E00066368,67,19,8,11,48,34,14,28.35820895522388,11.940298507462686,16.417910447761194,71.64179104477611,50.74626865671642,20.8955223880597
E00066369,112,38,7,31,74,71,3,33.92857142857143,6.25,27.67857142857143,66.07142857142857,63.39285714285714,2.6785714285714284
E00066370,80,30,9,21,50,39,11,37.5,11.25,26.25,62.5,48.75,13.750000000000002
E00066371,159,57,22,35,102,86,16,35.84905660377358,13.836477987421384,22.0125786163522,64.15094339622641,54.088050314465406,10.062893081761008
E00066372,131,46,16,30,85,79,6,35.11450381679389,12.213740458015266,22.900763358778626,64.8854961832061,60.30534351145038,4.580152671755725
E00066373,108,28,4,24,80,60,20,25.925925925925924,3.7037037037037033,22.22222222222222,74.07407407407408,55.55555555555556,18.51851851851852
E00066374,133,30,9,21,103,85,18,22.55639097744361,6.7669172932330826,15.789473684210526,77.44360902255639,63.90977443609023,13.533834586466165
E00066375,141,51,19,32,90,79,11,36.17021276595745,13.47517730496454,22.69503546099291,63.829787234042556,56.02836879432624,7.801418439716312
E00066376,86,25,6,19,61,45,16,29.069767441860467,6.976744186046512,22.093023255813954,70.93023255813954,52.32558139534884,18.6046511627907
E00066377,89,25,9,16,64,58,6,28.08988764044944,10.112359550561797,17.97752808988764,71.91011235955057,65.1685393258427,6.741573033707865
E00066378,88,29,12,17,59,49,10,32.95454545454545,13.636363636363635,19.318181818181817,67.04545454545455,55.68181818181818,11.363636363636363
E00066379,103,37,13,24,66,51,15,35.92233009708738,12.62135922330097,23.300970873786408,64.07766990291263,49.51456310679612,14.563106796116504
E00066380,113,40,10,30,73,54,19,35.39823008849557,8.849557522123893,26.548672566371685,64.60176991150442,47.78761061946903,16.8141592920354
E00066381,49,14,0,14,35,30,5,28.57142857142857,0,28.57142857142857,71.42857142857143,61.224489795918366,10.204081632653061
E00066382,46,14,6,8,32,26,6,30.434782608695656,13.043478260869565,17.391304347826086,69.56521739130434,56.52173913043478,13.043478260869565
E00066383,121,42,20,22,79,57,22,34.710743801652896,16.528925619834713,18.181818181818183,65.28925619834712,47.107438016528924,18.181818181818183
E00066384,83,31,11,20,52,41,11,37.34939759036144,13.253012048192772,24.096385542168676,62.65060240963856,49.39759036144578,13.253012048192772
E00066385,72,21,6,15,51,43,8,29.166666666666668,8.333333333333332,20.833333333333336,70.83333333333334,59.72222222222222,11.11111111111111
E00066386,97,37,12,25,60,50,10,38.144329896907216,12.371134020618557,25.773195876288657,61.855670103092784,51.546391752577314,10.309278350515463
E00066387,88,35,13,22,53,46,7,39.77272727272727,14.772727272727273,25,60.22727272727273,52.27272727272727,7.954545454545454
E00066388,246,78,36,42,168,138,30,31.70731707317073,14.634146341463413,17.073170731707318,68.29268292682927,56.09756097560976,12.195121951219512
E00066389,229,71,26,45,158,124,34,31.004366812227076,11.353711790393014,19.65065502183406,68.99563318777294,54.14847161572053,14.847161572052403
E00066390,226,57,18,39,169,142,27,25.221238938053098,7.964601769911504,17.25663716814159,74.77876106194691,62.83185840707964,11.946902654867257
E00066391,65,20,9,11,45,38,7,30.76923076923077,13.846153846153847,16.923076923076923,69.23076923076923,58.46153846153847,10.76923076923077
E00066392,98,28,5,23,70,57,13,28.57142857142857,5.1020408163265305,23.46938775510204,71.42857142857143,58.16326530612245,13.26530612244898
E00066393,187,59,15,44,128,101,27,31.550802139037433,8.0213903743315509,23.52941176470588,68.44919786096256,54.01069518716578,14.43850267379679
E00066394,67,26,9,17,41,34,7,38.80597014925373,13.432835820895523,25.37313432835821,61.19402985074627,50.74626865671642,10.44776119402985
E00066395,122,44,19,25,78,60,18,36.0655737704918,15.573770491803279,20.491803278688526,63.934426229508205,49.18032786885246,14.754098360655737
E00066396,118,42,15,27,76,65,11,35.59322033898305,12.711864406779661,22.88135593220339,64.40677966101694,55.08474576271186,9.322033898305085
E00066397,137,44,16,28,93,72,21,32.11678832116788,11.678832116788321,20.437956204379564,67.88321167883211,52.55474452554745,15.328467153284672
E00066398,165,63,17,46,102,81,21,38.18181818181819,10.303030303030303,27.878787878787882,61.81818181818181,49.09090909090909,12.727272727272727
E00066399,145,46,13,33,99,76,23,31.724137931034484,8.96551724137931,22.758620689655174,68.27586206896552,52.41379310344828,15.862068965517242
E00066400,130,46,10,36,84,69,15,35.38461538461539,7.6923076923076925,27.692307692307693,64.61538461538461,53.07692307692308,11.538461538461538
E00066401,127,47,15,32,80,62,18,37.00787401574803,11.811023622047244,25.196850393700785,62.99212598425197,48.818897637795274,14.173228346456693
E00066402,86,23,7,16,63,50,13,26.744186046511626,8.13953488372093,18.6046511627907,73.25581395348837,58.139534883720934,15.11627906976744
E00066403,113,46,12,34,67,61,6,40.707964601769916,10.619469026548673,30.08849557522124,59.29203539823009,53.98230088495575,5.3097345132743365
E00066404,128,45,12,33,83,73,10,35.15625,9.375,25.78125,64.84375,57.03125,7.8125
E00066405,150,35,10,25,115,101,14,23.333333333333332,6.666666666666667,16.666666666666664,76.66666666666667,67.33333333333333,9.333333333333334
E00066406,138,51,15,36,87,73,14,36.95652173913043,10.869565217391305,26.08695652173913,63.04347826086957,52.89855072463768,10.144927536231885
E00066407,95,25,9,16,70,52,18,26.31578947368421,9.473684210526317,16.842105263157894,73.68421052631578,54.736842105263165,18.947368421052634
E00066408,148,53,10,43,95,77,18,35.810810810810814,6.756756756756757,29.054054054054053,64.1891891891892,52.02702702702703,12.162162162162163
E00066409,166,55,16,39,111,89,22,33.13253012048193,9.63855421686747,23.49397590361446,66.86746987951807,53.6144578313253,13.253012048192772
E00066410,152,44,7,37,108,91,17,28.947368421052634,4.605263157894736,24.342105263157894,71.05263157894737,59.86842105263158,11.18421052631579
E00066411,108,24,7,17,84,73,11,22.22222222222222,6.481481481481481,15.74074074074074,77.77777777777779,67.5925925925926,10.185185185185185
E00066412,122,39,13,26,83,65,18,31.967213114754102,10.655737704918032,21.311475409836063,68.0327868852459,53.278688524590166,14.754098360655737
E00066414,119,41,10,31,78,67,11,34.45378151260504,8.403361344537815,26.05042016806723,65.54621848739495,56.30252100840336,9.243697478991598
E00066415,119,36,7,29,83,75,8,30.252100840336134,5.88235294117647,24.369747899159663,69.74789915966386,63.02521008403361,6.722689075630252
E00066416,124,44,11,33,80,68,12,35.483870967741936,8.870967741935484,26.61290322580645,64.51612903225806,54.83870967741935,9.67741935483871
E00066417,162,62,17,45,100,87,13,38.2716049382716,10.493827160493826,27.77777777777778,61.72839506172839,53.70370370370371,8.024691358024691
E00066418,172,54,12,42,118,101,17,31.3953488372093,6.976744186046512,24.418604651162788,68.6046511627907,58.720930232558146,9.883720930232558
E00066419,241,88,35,53,153,128,25,36.51452282157676,14.522821576763487,21.991701244813278,63.48547717842323,53.11203319502075,10.37344398340249
E00066420,162,47,14,33,115,96,19,29.01234567901235,8.641975308641975,20.37037037037037,70.98765432098766,59.25925925925925,11.728395061728394
E00066421,69,23,10,13,46,39,7,33.33333333333333,14.492753623188406,18.84057971014493,66.66666666666666,56.52173913043478,10.144927536231885
E00066422,110,32,11,21,78,65,13,29.09090909090909,10,19.090909090909093,70.9090909090909,59.09090909090909,11.818181818181818
E00066423,140,49,19,30,91,71,20,35,13.571428571428571,21.428571428571427,65,50.71428571428571,14.285714285714285
E00066424,128,34,15,19,94,70,24,26.5625,11.71875,14.84375,73.4375,54.6875,18.75
E00066425,93,23,4,19,70,64,6,24.731182795698924,4.301075268817205,20.43010752688172,75.26881720430107,68.81720430107528,6.451612903225806
E00066426,152,59,17,42,93,84,9,38.81578947368421,11.18421052631579,27.631578947368425,61.18421052631579,55.26315789473685,5.921052631578947
E00066427,127,41,7,34,86,76,10,32.28346456692913,5.511811023622047,26.77165354330709,67.71653543307087,59.84251968503938,7.874015748031496
E00066428,136,47,13,34,89,75,14,34.55882352941176,9.558823529411764,25,65.44117647058823,55.14705882352941,10.294117647058822
E00066429,188,56,18,38,132,110,22,29.78723404255319,9.574468085106384,20.212765957446805,70.2127659574468,58.51063829787234,11.702127659574469
E00066430,163,52,19,33,111,94,17,31.901840490797547,11.65644171779141,20.245398773006134,68.09815950920245,57.668711656441715,10.429447852760736
E00066431,130,38,12,26,92,82,10,29.230769230769234,9.230769230769232,20,70.76923076923077,63.07692307692307,7.6923076923076925
E00066432,113,31,10,21,82,76,6,27.43362831858407,8.849557522123893,18.58407079646018,72.56637168141593,67.2566371681416,5.3097345132743365
E00066433,130,51,13,38,79,63,16,39.23076923076923,10,29.230769230769234,60.76923076923077,48.46153846153846,12.307692307692308
E00066434,111,32,16,16,79,65,14,28.82882882882883,14.414414414414415,14.414414414414415,71.17117117117117,58.55855855855856,12.612612612612612
E00066435,153,54,16,38,99,81,18,35.294117647058826,10.457516339869281,24.836601307189543,64.70588235294117,52.94117647058824,11.76470588235294
E00066436,116,38,18,20,78,69,9,32.758620689655174,15.517241379310345,17.24137931034483,67.24137931034483,59.48275862068966,7.758620689655173
E00066437,143,52,14,38,91,81,10,36.36363636363637,9.79020979020979,26.573426573426573,63.63636363636363,56.64335664335665,6.993006993006993
E00066438,159,61,17,44,98,79,19,38.36477987421384,10.69182389937107,27.67295597484277,61.63522012578616,49.685534591194966,11.949685534591195
E00066439,151,50,24,26,101,83,18,33.11258278145696,15.894039735099339,17.218543046357617,66.88741721854305,54.966887417218544,11.920529801324504
E00066441,122,38,12,26,84,67,17,31.147540983606557,9.836065573770492,21.311475409836063,68.85245901639344,54.91803278688525,13.934426229508196
E00066442,95,31,11,20,64,55,9,32.631578947368425,11.578947368421053,21.052631578947366,67.36842105263158,57.89473684210527,9.473684210526317
E00066444,76,31,7,24,45,33,12,40.78947368421053,9.210526315789473,31.57894736842105,59.210526315789465,43.42105263157895,15.789473684210526
E00066445,144,51,17,34,93,78,15,35.41666666666667,11.805555555555555,23.61111111111111,64.58333333333334,54.166666666666664,10.416666666666668
E00066446,63,24,3,21,39,31,8,38.095238095238095,4.761904761904762,33.33333333333333,61.904761904761905,49.2063492063492,12.698412698412698
E00066447,170,44,18,26,126,97,29,25.882352941176475,10.588235294117647,15.294117647058824,74.11764705882354,57.05882352941176,17.058823529411764
E00066448,127,46,15,31,81,72,9,36.22047244094488,11.811023622047244,24.409448818897637,63.77952755905512,56.69291338582677,7.086614173228346
E00066449,115,32,14,18,83,73,10,27.82608695652174,12.173913043478262,15.65217391304348,72.17391304347827,63.47826086956522,8.695652173913043
E00066450,255,64,22,42,191,160,31,25.098039215686274,8.627450980392156,16.470588235294116,74.90196078431373,62.745098039215684,12.156862745098039
E00066451,114,35,11,24,79,63,16,30.701754385964914,9.649122807017543,21.052631578947366,69.2982456140351,55.26315789473685,14.035087719298245
E00066452,113,35,11,24,78,67,11,30.973451327433626,9.734513274336283,21.238938053097346,69.02654867256636,59.29203539823009,9.734513274336283
E00066453,106,38,16,22,68,60,8,35.84905660377358,15.09433962264151,20.754716981132077,64.15094339622641,56.60377358490566,7.547169811320755
E00066454,83,26,9,17,57,51,6,31.32530120481928,10.843373493975903,20.481927710843372,68.67469879518072,61.44578313253012,7.228915662650602
E00066455,139,45,14,31,94,69,25,32.37410071942446,10.071942446043165,22.302158273381295,67.62589928057554,49.64028776978417,17.985611510791365
E00066456,91,36,13,23,55,43,12,39.56043956043956,14.285714285714285,25.274725274725274,60.43956043956044,47.25274725274725,13.186813186813188
E00066457,110,33,8,25,77,64,13,30,7.2727272727272725,22.727272727272727,70,58.18181818181818,11.818181818181818
E00066458,183,58,15,43,125,103,22,31.693989071038253,8.19672131147541,23.497267759562842,68.30601092896174,56.284153005464475,12.021857923497267
E00066459,182,55,15,40,127,100,27,30.21978021978022,8.241758241758241,21.978021978021978,69.78021978021978,54.94505494505495,14.835164835164836
E00066460,130,33,13,20,97,83,14,25.384615384615383,10,15.384615384615385,74.61538461538461,63.84615384615384,10.76923076923077
E00066461,129,44,10,34,85,68,17,34.10852713178294,7.751937984496124,26.356589147286826,65.89147286821705,52.71317829457365,13.178294573643413
E00066462,88,34,12,22,54,44,10,38.63636363636363,13.636363636363635,25,61.36363636363637,50,11.363636363636363
E00066463,127,34,13,21,93,76,17,26.77165354330709,10.236220472440944,16.535433070866144,73.22834645669292,59.84251968503938,13.385826771653544
E00066464,124,43,17,26,81,71,10,34.67741935483871,13.709677419354838,20.967741935483872,65.32258064516128,57.25806451612904,8.064516129032258
E00066465,124,41,20,21,83,68,15,33.064516129032256,16.129032258064516,16.93548387096774,66.93548387096774,54.83870967741935,12.096774193548388
E00066466,117,34,16,18,83,63,20,29.059829059829063,13.675213675213676,15.384615384615385,70.94017094017094,53.84615384615385,17.094017094017094
E00066468,132,45,20,25,87,73,14,34.090909090909086,15.151515151515152,18.939393939393938,65.9090909090909,55.3030303030303,10.606060606060606
E00066470,232,83,24,59,149,123,26,35.775862068965516,10.344827586206897,25.43103448275862,64.22413793103449,53.01724137931034,11.206896551724139
E00066471,142,36,7,29,106,81,25,25.352112676056336,4.929577464788732,20.422535211267608,74.64788732394366,57.04225352112676,17.6056338028169
E00066472,149,40,16,24,109,88,21,26.845637583892618,10.738255033557047,16.10738255033557,73.15436241610739,59.06040268456376,14.093959731543624
E00066473,134,49,15,34,85,73,12,36.56716417910448,11.194029850746269,25.37313432835821,63.43283582089553,54.47761194029851,8.955223880597014
E00066476,125,37,16,21,88,72,16,29.599999999999998,12.8,16.8,70.39999999999999,57.599999999999994,12.8
E00066477,109,29,5,24,80,64,16,26.605504587155966,4.587155963302752,22.018348623853214,73.39449541284404,58.71559633027523,14.678899082568808
E00066478,132,47,14,33,85,70,15,35.60606060606061,10.606060606060606,25,64.39393939393939,53.03030303030303,11.363636363636363
E00066479,127,42,9,33,85,71,14,33.07086614173229,7.086614173228346,25.984251968503933,66.92913385826772,55.90551181102362,11.023622047244094
E00066480,122,41,16,25,81,67,14,33.60655737704918,13.114754098360656,20.491803278688526,66.39344262295081,54.91803278688525,11.475409836065573
E00066481,107,19,0,19,88,75,13,17.75700934579439,0,17.75700934579439,82.2429906542056,70.09345794392523,12.149532710280374
E00066482,141,44,9,35,97,77,20,31.20567375886525,6.382978723404255,24.822695035460992,68.79432624113475,54.60992907801418,14.184397163120568
E00066483,182,51,14,37,131,106,25,28.021978021978022,7.6923076923076925,20.32967032967033,71.97802197802197,58.24175824175825,13.736263736263737
E00066484,151,55,23,32,96,78,18,36.423841059602644,15.2317880794702,21.192052980132452,63.576158940397356,51.65562913907284,11.920529801324504
E00066485,112,44,13,31,68,53,15,39.285714285714285,11.607142857142858,27.67857142857143,60.71428571428571,47.32142857142857,13.392857142857142
E00066486,148,42,12,30,106,82,24,28.37837837837838,8.108108108108109,20.27027027027027,71.62162162162163,55.4054054054054,16.216216216216218
E00066487,98,22,8,14,76,65,11,22.448979591836736,8.16326530612245,14.285714285714285,77.55102040816327,66.3265306122449,11.224489795918368
E00066488,129,46,20,26,83,62,21,35.65891472868217,15.503875968992247,20.155038759689923,64.34108527131784,48.06201550387597,16.27906976744186
E00066489,102,27,7,20,75,68,7,26.47058823529412,6.862745098039216,19.607843137254903,73.52941176470588,66.66666666666666,6.862745098039216
E00066490,131,29,9,20,102,78,24,22.137404580152673,6.870229007633588,15.267175572519085,77.86259541984732,59.541984732824424,18.3206106870229
E00066491,146,50,16,34,96,74,22,34.24657534246575,10.95890410958904,23.28767123287671,65.75342465753424,50.68493150684932,15.068493150684931
E00066492,113,36,7,29,77,66,11,31.858407079646017,6.1946902654867255,25.663716814159294,68.14159292035397,58.4070796460177,9.734513274336283
E00066493,128,33,11,22,95,80,15,25.78125,8.59375,17.1875,74.21875,62.5,11.71875
E00066494,83,21,4,17,62,53,9,25.301204819277107,4.819277108433735,20.481927710843372,74.69879518072288,63.85542168674698,10.843373493975903
E00066495,122,28,11,17,94,72,22,22.950819672131146,9.01639344262295,13.934426229508196,77.04918032786885,59.01639344262295,18.0327868852459
E00066496,202,55,16,39,147,110,37,27.22772277227723,7.920792079207921,19.306930693069308,72.77227722772277,54.45544554455446,18.316831683168317
E00066497,138,38,19,19,100,73,27,27.536231884057973,13.768115942028986,13.768115942028986,72.46376811594203,52.89855072463768,19.565217391304348
E00066499,85,28,7,21,57,47,10,32.94117647058823,8.235294117647058,24.705882352941178,67.05882352941175,55.294117647058826,11.76470588235294
E00066500,155,48,15,33,107,84,23,30.967741935483872,9.67741935483871,21.29032258064516,69.03225806451613,54.19354838709678,14.838709677419354
E00066501,115,32,8,24,83,72,11,27.82608695652174,6.956521739130435,20.869565217391305,72.17391304347827,62.60869565217392,9.565217391304348
E00066502,102,26,5,21,76,66,10,25.49019607843137,4.901960784313726,20.588235294117645,74.50980392156863,64.70588235294117,9.803921568627452
E00066503,103,22,6,16,81,63,18,21.35922330097087,5.825242718446602,15.53398058252427,78.64077669902912,61.165048543689316,17.475728155339805
E00066504,316,80,18,62,236,190,46,25.31645569620253,5.69620253164557,19.62025316455696,74.68354430379746,60.12658227848101,14.556962025316455
E00066505,134,42,16,26,92,74,18,31.343283582089555,11.940298507462686,19.402985074626866,68.65671641791045,55.223880597014926,13.432835820895523
E00066506,178,54,19,35,124,93,31,30.337078651685395,10.674157303370785,19.662921348314608,69.66292134831461,52.24719101123596,17.415730337078653
E00066507,215,52,11,41,163,140,23,24.186046511627907,5.116279069767442,19.069767441860467,75.81395348837209,65.11627906976744,10.69767441860465
E00066508,63,18,6,12,45,35,10,28.57142857142857,9.523809523809524,19.047619047619047,71.42857142857143,55.55555555555556,15.873015873015872
E00066509,95,30,14,16,65,49,16,31.57894736842105,14.736842105263156,16.842105263157894,68.42105263157895,51.578947368421055,16.842105263157894
E00066510,161,46,18,28,115,88,27,28.57142857142857,11.180124223602485,17.391304347826086,71.42857142857143,54.6583850931677,16.77018633540373
E00066511,129,44,17,27,85,74,11,34.10852713178294,13.178294573643413,20.930232558139537,65.89147286821705,57.36434108527132,8.527131782945736
E00066512,103,32,8,24,71,51,20,31.06796116504854,7.766990291262135,23.300970873786408,68.93203883495146,49.51456310679612,19.41747572815534
E00066513,118,31,4,27,87,71,16,26.27118644067797,3.389830508474576,22.88135593220339,73.72881355932203,60.16949152542372,13.559322033898304
E00066514,156,43,13,30,113,96,17,27.564102564102566,8.333333333333332,19.230769230769234,72.43589743589743,61.53846153846154,10.897435897435898
E00066515,131,36,14,22,95,77,18,27.480916030534353,10.687022900763358,16.793893129770993,72.51908396946564,58.778625954198475,13.740458015267176
E00066516,140,52,16,36,88,76,12,37.142857142857146,11.428571428571429,25.71428571428571,62.857142857142854,54.285714285714285,8.571428571428571
E00066517,126,40,10,30,86,74,12,31.746031746031743,7.936507936507936,23.809523809523807,68.25396825396825,58.730158730158735,9.523809523809524
E00066518,106,24,7,17,82,59,23,22.641509433962266,6.60377358490566,16.037735849056602,77.35849056603774,55.660377358490564,21.69811320754717
E00066519,77,28,12,16,49,41,8,36.36363636363637,15.584415584415584,20.77922077922078,63.63636363636363,53.246753246753244,10.38961038961039
E00066520,111,27,7,20,84,75,9,24.324324324324326,6.306306306306306,18.01801801801802,75.67567567567568,67.56756756756756,8.108108108108109
E00066521,150,49,16,33,101,87,14,32.666666666666664,10.666666666666668,22,67.33333333333333,57.99999999999999,9.333333333333334
E00066522,201,78,24,54,123,100,23,38.80597014925373,11.940298507462686,26.865671641791046,61.19402985074627,49.75124378109453,11.442786069651742
E00066523,149,54,14,40,95,81,14,36.241610738255034,9.395973154362416,26.845637583892618,63.758389261744966,54.36241610738255,9.395973154362416
E00066524,148,52,19,33,96,79,17,35.13513513513514,12.837837837837837,22.2972972972973,64.86486486486487,53.37837837837838,11.486486486486488
E00066525,193,53,17,36,140,106,34,27.461139896373055,8.808290155440414,18.65284974093264,72.53886010362694,54.92227979274611,17.616580310880828
E00066526,81,23,6,17,58,46,12,28.39506172839506,7.4074074074074066,20.98765432098765,71.60493827160494,56.79012345679012,14.814814814814813
E00066527,150,64,19,45,86,66,20,42.66666666666667,12.666666666666668,30,57.333333333333336,44,13.333333333333334
E00066528,169,59,23,36,110,94,16,34.9112426035503,13.609467455621301,21.301775147928996,65.08875739644971,55.62130177514793,9.467455621301776
E00066529,160,49,12,37,111,86,25,30.625000000000004,7.5,23.125,69.375,53.75,15.625
E00066530,160,60,20,40,100,91,9,37.5,12.5,25,62.5,56.875,5.625
E00066531,311,89,28,61,222,189,33,28.617363344051448,9.003215434083602,19.614147909967848,71.38263665594855,60.77170418006431,10.610932475884244
E00066532,137,41,13,28,96,77,19,29.927007299270077,9.48905109489051,20.437956204379564,70.07299270072993,56.20437956204379,13.86861313868613
E00066533,159,16,8,8,143,118,25,10.062893081761008,5.031446540880504,5.031446540880504,89.937106918239,74.21383647798741,15.723270440251572
E00066534,147,47,15,32,100,89,11,31.97278911564626,10.204081632653061,21.768707482993197,68.02721088435374,60.544217687074834,7.482993197278912
E00066535,149,46,9,37,103,89,14,30.87248322147651,6.0402684563758395,24.832214765100673,69.12751677852349,59.73154362416108,9.395973154362416
E00066536,140,43,15,28,97,88,9,30.714285714285715,10.714285714285714,20,69.28571428571428,62.857142857142854,6.428571428571428
E00066537,158,56,22,34,102,91,11,35.44303797468354,13.924050632911392,21.518987341772153,64.55696202531645,57.59493670886076,6.962025316455696
E00066538,29,10,4,6,19,19,0,34.48275862068966,13.793103448275861,20.689655172413794,65.51724137931035,65.51724137931035,0
E00066539,54,13,2,11,41,34,7,24.074074074074073,3.7037037037037033,20.37037037037037,75.92592592592592,62.96296296296296,12.962962962962962
E00066540,161,51,17,34,110,96,14,31.67701863354037,10.559006211180124,21.11801242236025,68.32298136645963,59.62732919254658,8.695652173913043
E00066541,123,27,12,15,96,74,22,21.951219512195124,9.75609756097561,12.195121951219512,78.04878048780488,60.16260162601627,17.88617886178862
E00066542,169,46,10,36,123,113,10,27.218934911242602,5.9171597633136095,21.301775147928996,72.7810650887574,66.86390532544378,5.9171597633136095
E00066543,87,33,14,19,54,41,13,37.93103448275862,16.091954022988507,21.839080459770116,62.06896551724138,47.12643678160919,14.942528735632186
E00066544,165,50,15,35,115,95,20,30.303030303030305,9.090909090909092,21.21212121212121,69.6969696969697,57.57575757575758,12.121212121212121
E00066545,146,53,18,35,93,74,19,36.3013698630137,12.32876712328767,23.972602739726025,63.6986301369863,50.68493150684932,13.013698630136986
E00066546,161,39,9,30,122,103,19,24.22360248447205,5.590062111801243,18.633540372670808,75.77639751552795,63.975155279503106,11.801242236024844
E00066547,118,27,4,23,91,82,9,22.88135593220339,3.389830508474576,19.491525423728813,77.11864406779661,69.49152542372882,7.627118644067797
E00066548,113,36,9,27,77,59,18,31.858407079646017,7.964601769911504,23.893805309734514,68.14159292035397,52.21238938053098,15.929203539823009
E00066550,116,29,10,19,87,74,13,25,8.620689655172415,16.379310344827587,75,63.793103448275865,11.206896551724139
E00066551,162,45,13,32,117,95,22,27.77777777777778,8.024691358024691,19.753086419753085,72.22222222222221,58.64197530864198,13.580246913580247
E00066552,109,38,10,28,71,62,9,34.862385321100916,9.174311926605505,25.688073394495415,65.13761467889908,56.88073394495413,8.256880733944955
E00066553,129,40,13,27,89,74,15,31.007751937984494,10.077519379844961,20.930232558139537,68.9922480620155,57.36434108527132,11.627906976744185
E00066554,127,32,8,24,95,81,14,25.196850393700785,6.299212598425196,18.89763779527559,74.80314960629921,63.77952755905512,11.023622047244094
E00066555,114,38,11,27,76,56,20,33.33333333333333,9.649122807017543,23.684210526315788,66.66666666666666,49.122807017543856,17.543859649122805
E00066556,196,62,17,45,134,105,29,31.63265306122449,8.673469387755102,22.95918367346939,68.36734693877551,53.57142857142857,14.795918367346939
E00066557,149,58,21,37,91,68,23,38.92617449664429,14.093959731543624,24.832214765100673,61.07382550335571,45.63758389261745,15.436241610738255
E00066558,59,24,6,18,35,30,5,40.67796610169492,10.16949152542373,30.508474576271187,59.32203389830508,50.847457627118644,8.47457627118644
E00066559,117,39,10,29,78,69,9,33.33333333333333,8.547008547008547,24.786324786324787,66.66666666666666,58.97435897435898,7.6923076923076925
E00066560,83,24,13,11,59,50,9,28.915662650602407,15.66265060240964,13.253012048192772,71.08433734939759,60.24096385542169,10.843373493975903
E00066561,117,38,17,21,79,66,13,32.47863247863248,14.529914529914532,17.94871794871795,67.52136752136752,56.41025641025641,11.11111111111111
E00066562,111,32,11,21,79,69,10,28.82882882882883,9.90990990990991,18.91891891891892,71.17117117117117,62.16216216216216,9.00900900900901
E00066563,115,32,8,24,83,63,20,27.82608695652174,6.956521739130435,20.869565217391305,72.17391304347827,54.78260869565217,17.391304347826086
E00066564,129,44,9,35,85,72,13,34.10852713178294,6.976744186046512,27.131782945736433,65.89147286821705,55.81395348837209,10.077519379844961
E00066565,115,32,8,24,83,60,23,27.82608695652174,6.956521739130435,20.869565217391305,72.17391304347827,52.17391304347826,20
E00066566,223,63,18,45,160,125,35,28.251121076233183,8.071748878923767,20.179372197309416,71.74887892376681,56.05381165919282,15.695067264573993
E00066568,161,43,15,28,118,99,19,26.70807453416149,9.316770186335404,17.391304347826086,73.29192546583852,61.49068322981367,11.801242236024844
E00066569,112,34,11,23,78,64,14,30.357142857142854,9.821428571428571,20.535714285714285,69.64285714285714,57.14285714285714,12.5
E00066570,98,29,9,20,69,57,12,29.591836734693878,9.183673469387756,20.408163265306122,70.40816326530613,58.16326530612245,12.244897959183673
E00066571,127,42,19,23,85,70,15,33.07086614173229,14.960629921259844,18.11023622047244,66.92913385826772,55.118110236220474,11.811023622047244
E00066572,108,39,8,31,69,61,8,36.11111111111111,7.4074074074074066,28.703703703703702,63.888888888888886,56.481481481481474,7.4074074074074066
E00066573,145,48,14,34,97,80,17,33.10344827586207,9.655172413793103,23.448275862068964,66.89655172413794,55.172413793103445,11.724137931034482
E00066574,136,42,11,31,94,78,16,30.88235294117647,8.088235294117647,22.794117647058822,69.11764705882352,57.35294117647059,11.76470588235294
E00066575,137,53,12,41,84,65,19,38.68613138686132,8.75912408759124,29.927007299270077,61.31386861313869,47.44525547445255,13.86861313868613
E00066576,62,19,6,13,43,35,8,30.64516129032258,9.67741935483871,20.967741935483872,69.35483870967742,56.451612903225815,12.903225806451612
E00066577,135,40,9,31,95,77,18,29.629629629629626,6.666666666666667,22.962962962962962,70.37037037037037,57.03703703703704,13.333333333333334
E00066578,116,32,6,26,84,67,17,27.586206896551722,5.172413793103448,22.413793103448278,72.41379310344827,57.758620689655174,14.655172413793101
E00066579,144,46,8,38,98,79,19,31.944444444444443,5.555555555555555,26.38888888888889,68.05555555555556,54.861111111111114,13.194444444444445
E00066580,119,43,11,32,76,59,17,36.134453781512605,9.243697478991598,26.89075630252101,63.86554621848739,49.57983193277311,14.285714285714285
E00066581,123,44,14,30,79,65,14,35.77235772357724,11.38211382113821,24.390243902439025,64.22764227642277,52.84552845528455,11.38211382113821
E00066582,113,46,12,34,67,60,7,40.707964601769916,10.619469026548673,30.08849557522124,59.29203539823009,53.09734513274337,6.1946902654867255
E00066583,103,40,15,25,63,51,12,38.83495145631068,14.563106796116504,24.271844660194176,61.165048543689316,49.51456310679612,11.650485436893204
E00066584,127,35,10,25,92,77,15,27.559055118110237,7.874015748031496,19.68503937007874,72.44094488188976,60.629921259842526,11.811023622047244
E00066585,80,26,8,18,54,48,6,32.5,10,22.5,67.5,60,7.5
E00066586,96,32,4,28,64,50,14,33.33333333333333,4.166666666666666,29.166666666666668,66.66666666666666,52.083333333333336,14.583333333333334
E00066587,120,37,10,27,83,69,14,30.833333333333336,8.333333333333332,22.5,69.16666666666667,57.49999999999999,11.666666666666666
E00066588,137,56,26,30,81,63,18,40.87591240875913,18.97810218978102,21.897810218978105,59.12408759124088,45.98540145985402,13.138686131386862
E00066589,140,42,12,30,98,91,7,30,8.571428571428571,21.428571428571427,70,65,5
E00066590,140,47,14,33,93,76,17,33.57142857142857,10,23.57142857142857,66.42857142857143,54.285714285714285,12.142857142857142
E00066591,115,46,8,38,69,54,15,40,6.956521739130435,33.04347826086956,60,46.95652173913044,13.043478260869565
E00066592,107,34,5,29,73,63,10,31.775700934579437,4.672897196261682,27.102803738317753,68.22429906542055,58.87850467289719,9.345794392523365
E00066593,132,49,15,34,83,71,12,37.121212121212125,11.363636363636363,25.757575757575758,62.878787878787875,53.78787878787878,9.090909090909092
E00066594,124,42,7,35,82,66,16,33.87096774193548,5.64516129032258,28.225806451612907,66.12903225806451,53.2258064516129,12.903225806451612
E00066595,112,41,10,31,71,65,6,36.607142857142854,8.928571428571429,27.67857142857143,63.39285714285714,58.03571428571429,5.357142857142857
E00066596,121,45,11,34,76,67,9,37.1900826446281,9.090909090909092,28.09917355371901,62.8099173553719,55.371900826446286,7.43801652892562
E00066597,115,43,9,34,72,66,6,37.391304347826086,7.82608695652174,29.565217391304348,62.60869565217392,57.391304347826086,5.217391304347826
E00066598,117,47,12,35,70,60,10,40.17094017094017,10.256410256410255,29.914529914529915,59.82905982905983,51.28205128205128,8.547008547008547
E00066599,162,47,17,30,115,94,21,29.01234567901235,10.493827160493826,18.51851851851852,70.98765432098766,58.0246913580247,12.962962962962962
E00066600,139,41,14,27,98,73,25,29.496402877697843,10.071942446043165,19.424460431654676,70.50359712230215,52.51798561151079,17.985611510791365
E00066601,132,44,11,33,88,77,11,33.33333333333333,8.333333333333332,25,66.66666666666666,58.333333333333336,8.333333333333332
E00066602,145,52,11,41,93,76,17,35.86206896551724,7.586206896551724,28.27586206896552,64.13793103448275,52.41379310344828,11.724137931034482
E00066603,128,43,15,28,85,70,15,33.59375,11.71875,21.875,66.40625,54.6875,11.71875
E00066604,149,47,15,32,102,91,11,31.543624161073826,10.06711409395973,21.476510067114095,68.45637583892618,61.07382550335571,7.38255033557047
E00066605,180,55,18,37,125,104,21,30.555555555555557,10,20.555555555555554,69.44444444444444,57.77777777777777,11.666666666666666
E00066606,170,57,11,46,113,83,30,33.52941176470588,6.470588235294119,27.058823529411764,66.47058823529412,48.8235294117647,17.647058823529413
E00066607,111,38,17,21,73,55,18,34.234234234234236,15.315315315315313,18.91891891891892,65.76576576576578,49.549549549549546,16.216216216216218
E00066608,142,48,13,35,94,79,15,33.80281690140845,9.15492957746479,24.647887323943664,66.19718309859155,55.633802816901415,10.56338028169014
E00066609,147,41,11,30,106,90,16,27.89115646258503,7.482993197278912,20.408163265306122,72.10884353741497,61.224489795918366,10.884353741496598
E00066610,196,69,17,52,127,106,21,35.204081632653065,8.673469387755102,26.53061224489796,64.79591836734694,54.08163265306123,10.714285714285714
E00066611,120,30,8,22,90,68,22,25,6.666666666666667,18.333333333333332,75,56.666666666666664,18.333333333333332
E00066612,120,35,9,26,85,75,10,29.166666666666668,7.5,21.666666666666668,70.83333333333334,62.5,8.333333333333332
E00066613,111,41,16,25,70,67,3,36.93693693693694,14.414414414414415,22.52252252252252,63.06306306306306,60.36036036036037,2.7027027027027026
E00066614,154,55,23,32,99,83,16,35.714285714285715,14.935064935064934,20.77922077922078,64.28571428571429,53.896103896103895,10.38961038961039
E00066615,101,41,4,37,60,54,6,40.5940594059406,3.9603960396039604,36.633663366336634,59.4059405940594,53.46534653465347,5.9405940594059405
E00066616,86,29,14,15,57,49,8,33.72093023255814,16.27906976744186,17.441860465116278,66.27906976744185,56.97674418604651,9.30232558139535
E00066617,85,26,11,15,59,48,11,30.58823529411765,12.941176470588237,17.647058823529413,69.41176470588235,56.470588235294116,12.941176470588237
E00066618,162,49,12,37,113,95,18,30.246913580246915,7.4074074074074066,22.839506172839506,69.75308641975309,58.64197530864198,11.11111111111111
E00066619,126,52,20,32,74,65,9,41.269841269841265,15.873015873015872,25.396825396825395,58.730158730158735,51.587301587301596,7.142857142857142
E00066620,154,45,20,25,109,91,18,29.22077922077922,12.987012987012985,16.233766233766232,70.77922077922078,59.09090909090909,11.688311688311687
E00066621,100,39,13,26,61,52,9,39,13,26,61,52,9
E00066622,101,38,8,30,63,52,11,37.62376237623762,7.920792079207921,29.7029702970297,62.37623762376238,51.48514851485149,10.891089108910892
E00066623,112,40,9,31,72,65,7,35.714285714285715,8.035714285714286,27.67857142857143,64.28571428571429,58.03571428571429,6.25
E00066624,83,29,8,21,54,47,7,34.93975903614458,9.63855421686747,25.301204819277107,65.06024096385542,56.62650602409639,8.433734939759036
E00066625,121,40,9,31,81,61,20,33.057851239669425,7.43801652892562,25.6198347107438,66.94214876033058,50.413223140495866,16.528925619834713
E00066626,110,38,4,34,72,65,7,34.54545454545455,3.6363636363636362,30.909090909090907,65.45454545454545,59.09090909090909,6.363636363636363
E00066627,54,16,3,13,38,30,8,29.629629629629626,5.555555555555555,24.074074074074073,70.37037037037037,55.55555555555556,14.814814814814813
E00066628,125,49,13,36,76,69,7,39.2,10.4,28.799999999999997,60.8,55.2,5.6000000000000005
E00066629,81,30,5,25,51,47,4,37.03703703703704,6.172839506172839,30.864197530864196,62.96296296296296,58.0246913580247,4.938271604938271
E00066630,125,47,14,33,78,66,12,37.6,11.200000000000001,26.400000000000002,62.4,52.800000000000004,9.6
E00066631,132,43,13,30,89,75,14,32.57575757575758,9.848484848484848,22.727272727272727,67.42424242424242,56.81818181818182,10.606060606060606
E00066632,125,37,8,29,88,81,7,29.599999999999998,6.4,23.200000000000003,70.39999999999999,64.8,5.6000000000000005
E00066633,167,56,17,39,111,103,8,33.532934131736525,10.179640718562874,23.353293413173652,66.46706586826348,61.67664670658682,4.790419161676647
E00066634,154,55,12,43,99,82,17,35.714285714285715,7.792207792207792,27.92207792207792,64.28571428571429,53.246753246753244,11.03896103896104
E00066635,119,41,7,34,78,63,15,34.45378151260504,5.88235294117647,28.57142857142857,65.54621848739495,52.94117647058824,12.605042016806722
E00066636,45,14,0,14,31,28,3,31.11111111111111,0,31.11111111111111,68.88888888888889,62.22222222222222,6.666666666666667
E00066637,92,23,4,19,69,60,9,25,4.3478260869565215,20.652173913043477,75,65.21739130434783,9.782608695652174
E00066638,79,24,6,18,55,44,11,30.37974683544304,7.59493670886076,22.78481012658228,69.62025316455697,55.69620253164557,13.924050632911392
E00066639,95,33,6,27,62,52,10,34.73684210526316,6.315789473684211,28.421052631578945,65.26315789473685,54.736842105263165,10.526315789473683
E00066640,87,26,7,19,61,54,7,29.88505747126437,8.045977011494253,21.839080459770116,70.11494252873564,62.06896551724138,8.045977011494253
E00066641,115,28,6,22,87,70,17,24.347826086956523,5.217391304347826,19.130434782608695,75.65217391304347,60.86956521739131,14.782608695652174
E00066642,95,28,9,19,67,61,6,29.47368421052631,9.473684210526317,20,70.52631578947368,64.21052631578948,6.315789473684211
E00066643,125,33,13,20,92,77,15,26.400000000000002,10.4,16,73.6,61.6,12
E00066644,140,40,13,27,100,84,16,28.57142857142857,9.285714285714286,19.28571428571429,71.42857142857143,60,11.428571428571429
E00066645,144,49,17,32,95,84,11,34.02777777777778,11.805555555555555,22.22222222222222,65.97222222222221,58.333333333333336,7.638888888888889
E00066646,138,46,12,34,92,80,12,33.33333333333333,8.695652173913043,24.637681159420293,66.66666666666666,57.971014492753625,8.695652173913043
E00066647,141,46,12,34,95,86,9,32.62411347517731,8.51063829787234,24.113475177304963,67.37588652482269,60.99290780141844,6.382978723404255
E00066648,149,57,13,44,92,83,9,38.25503355704698,8.724832214765101,29.53020134228188,61.74496644295302,55.70469798657718,6.0402684563758395
E00066649,162,52,13,39,110,92,18,32.098765432098766,8.024691358024691,24.074074074074073,67.90123456790124,56.79012345679012,11.11111111111111
E00066650,117,41,4,37,76,66,10,35.04273504273504,3.418803418803419,31.62393162393162,64.95726495726495,56.41025641025641,8.547008547008547
E00066651,107,35,6,29,72,64,8,32.71028037383177,5.607476635514018,27.102803738317753,67.28971962616822,59.813084112149525,7.476635514018691
E00066652,77,28,12,16,49,41,8,36.36363636363637,15.584415584415584,20.77922077922078,63.63636363636363,53.246753246753244,10.38961038961039
E00066653,92,31,8,23,61,56,5,33.69565217391305,8.695652173913043,25,66.30434782608695,60.86956521739131,5.434782608695652
E00066654,109,51,12,39,58,52,6,46.788990825688074,11.009174311926607,35.77981651376147,53.21100917431193,47.706422018348626,5.5045871559633035
E00066655,114,44,11,33,70,61,9,38.59649122807017,9.649122807017543,28.947368421052634,61.40350877192983,53.50877192982456,7.894736842105263
E00066656,74,32,8,24,42,33,9,43.24324324324324,10.81081081081081,32.432432432432435,56.75675675675676,44.5945945945946,12.162162162162163
E00066657,114,35,9,26,79,61,18,30.701754385964914,7.894736842105263,22.807017543859647,69.2982456140351,53.50877192982456,15.789473684210526
E00066658,96,36,5,31,60,52,8,37.5,5.208333333333334,32.29166666666667,62.5,54.166666666666664,8.333333333333332
E00066659,98,46,14,32,52,45,7,46.93877551020408,14.285714285714285,32.6530612244898,53.06122448979592,45.91836734693878,7.142857142857142
E00066660,94,39,10,29,55,49,6,41.48936170212766,10.638297872340425,30.851063829787233,58.51063829787234,52.12765957446809,6.382978723404255
E00066661,112,44,12,32,68,59,9,39.285714285714285,10.714285714285714,28.57142857142857,60.71428571428571,52.67857142857143,8.035714285714286
E00066662,86,42,14,28,44,38,6,48.837209302325576,16.27906976744186,32.55813953488372,51.162790697674424,44.18604651162791,6.976744186046512
E00066663,98,35,8,27,63,54,9,35.714285714285715,8.16326530612245,27.55102040816326,64.28571428571429,55.10204081632652,9.183673469387756
E00066664,117,45,11,34,72,55,17,38.46153846153847,9.401709401709402,29.059829059829063,61.53846153846154,47.008547008547005,14.529914529914532
E00066665,186,59,26,33,127,96,31,31.72043010752688,13.978494623655912,17.741935483870968,68.27956989247312,51.61290322580645,16.666666666666664
E00066666,171,52,14,38,119,90,29,30.409356725146196,8.187134502923977,22.22222222222222,69.5906432748538,52.63157894736842,16.95906432748538
E00066667,126,37,13,24,89,73,16,29.365079365079367,10.317460317460316,19.047619047619047,70.63492063492063,57.936507936507944,12.698412698412698
E00066668,135,35,7,28,100,77,23,25.925925925925924,5.185185185185185,20.74074074074074,74.07407407407408,57.03703703703704,17.037037037037038
E00066669,109,28,12,16,81,66,15,25.688073394495415,11.009174311926607,14.678899082568808,74.31192660550458,60.550458715596335,13.761467889908257
E00066670,39,12,5,7,27,23,4,30.76923076923077,12.82051282051282,17.94871794871795,69.23076923076923,58.97435897435898,10.256410256410255
E00066671,106,39,13,26,67,57,10,36.79245283018868,12.264150943396226,24.528301886792452,63.20754716981132,53.77358490566038,9.433962264150944
E00066672,93,25,10,15,68,58,10,26.881720430107524,10.75268817204301,16.129032258064516,73.11827956989248,62.365591397849464,10.75268817204301
E00066674,89,35,16,19,54,42,12,39.325842696629216,17.97752808988764,21.34831460674157,60.67415730337079,47.19101123595505,13.48314606741573
E00066675,139,47,16,31,92,64,28,33.81294964028777,11.510791366906476,22.302158273381295,66.18705035971223,46.043165467625904,20.14388489208633
E00066676,108,31,3,28,77,67,10,28.703703703703702,2.7777777777777777,25.925925925925924,71.29629629629629,62.03703703703704,9.25925925925926
E00066677,143,44,11,33,99,76,23,30.76923076923077,7.6923076923076925,23.076923076923077,69.23076923076923,53.14685314685315,16.083916083916083
E00066678,171,57,16,41,114,89,25,33.33333333333333,9.35672514619883,23.976608187134502,66.66666666666666,52.046783625730995,14.619883040935672
E00066679,108,35,4,31,73,60,13,32.407407407407405,3.7037037037037033,28.703703703703702,67.5925925925926,55.55555555555556,12.037037037037036
E00066680,175,65,24,41,110,96,14,37.142857142857146,13.714285714285715,23.42857142857143,62.857142857142854,54.85714285714286,8
E00066681,132,37,13,24,95,85,10,28.030303030303028,9.848484848484848,18.181818181818183,71.96969696969697,64.39393939393939,7.575757575757576
E00066682,58,17,3,14,41,38,3,29.310344827586203,5.172413793103448,24.137931034482758,70.6896551724138,65.51724137931035,5.172413793103448
E00066683,95,27,5,22,68,54,14,28.421052631578945,5.263157894736842,23.157894736842106,71.57894736842105,56.84210526315789,14.736842105263156
E00066684,133,44,9,35,89,76,13,33.08270676691729,6.7669172932330826,26.31578947368421,66.9172932330827,57.14285714285714,9.774436090225564
E00066685,139,43,11,32,96,76,20,30.935251798561154,7.913669064748201,23.021582733812952,69.06474820143885,54.67625899280576,14.388489208633093
E00066686,122,30,14,16,92,79,13,24.59016393442623,11.475409836065573,13.114754098360656,75.40983606557377,64.75409836065575,10.655737704918032
E00066687,89,24,5,19,65,57,8,26.96629213483146,5.617977528089887,21.34831460674157,73.03370786516854,64.04494382022472,8.98876404494382
E00066688,101,32,9,23,69,56,13,31.683168316831683,8.91089108910891,22.772277227722775,68.31683168316832,55.44554455445545,12.871287128712872
E00066689,137,31,11,20,106,90,16,22.62773722627737,8.02919708029197,14.5985401459854,77.37226277372264,65.69343065693431,11.678832116788321
E00066690,88,35,7,28,53,44,9,39.77272727272727,7.954545454545454,31.818181818181817,60.22727272727273,50,10.227272727272728
E00066691,150,44,16,28,106,81,25,29.333333333333332,10.666666666666668,18.666666666666668,70.66666666666667,54,16.666666666666664
E00066692,109,43,15,28,66,54,12,39.44954128440367,13.761467889908257,25.688073394495415,60.550458715596335,49.54128440366973,11.009174311926607
E00066693,114,36,6,30,78,63,15,31.57894736842105,5.263157894736842,26.31578947368421,68.42105263157895,55.26315789473685,13.157894736842104
E00066694,106,32,14,18,74,58,16,30.18867924528302,13.20754716981132,16.9811320754717,69.81132075471697,54.71698113207547,15.09433962264151
E00066695,120,35,8,27,85,71,14,29.166666666666668,6.666666666666667,22.5,70.83333333333334,59.166666666666664,11.666666666666666
E00066696,171,50,17,33,121,98,23,29.239766081871345,9.941520467836257,19.298245614035086,70.76023391812866,57.30994152046783,13.450292397660817
E00066697,131,39,15,24,92,77,15,29.770992366412212,11.450381679389313,18.3206106870229,70.22900763358778,58.778625954198475,11.450381679389313
E00066698,115,32,13,19,83,62,21,27.82608695652174,11.304347826086957,16.52173913043478,72.17391304347827,53.91304347826087,18.26086956521739
E00066699,83,26,7,19,57,51,6,31.32530120481928,8.433734939759036,22.89156626506024,68.67469879518072,61.44578313253012,7.228915662650602
E00066700,136,49,10,39,87,73,14,36.029411764705884,7.352941176470589,28.676470588235293,63.970588235294116,53.67647058823529,10.294117647058822
E00066701,133,38,10,28,95,82,13,28.57142857142857,7.518796992481203,21.052631578947366,71.42857142857143,61.65413533834586,9.774436090225564
E00066702,101,33,8,25,68,52,16,32.67326732673268,7.920792079207921,24.752475247524753,67.32673267326733,51.48514851485149,15.841584158415841
E00066703,150,54,13,41,96,86,10,36,8.666666666666668,27.333333333333332,64,57.333333333333336,6.666666666666667
E00066704,124,42,8,34,82,73,9,33.87096774193548,6.451612903225806,27.419354838709676,66.12903225806451,58.87096774193549,7.258064516129033
E00066705,129,43,14,29,86,76,10,33.33333333333333,10.852713178294573,22.48062015503876,66.66666666666666,58.91472868217055,7.751937984496124
E00066706,49,20,3,17,29,25,4,40.816326530612244,6.122448979591836,34.69387755102041,59.183673469387756,51.02040816326531,8.16326530612245
E00066707,107,29,9,20,78,67,11,27.102803738317753,8.411214953271028,18.69158878504673,72.89719626168224,62.616822429906534,10.2803738317757
E00066708,66,20,5,15,46,43,3,30.303030303030305,7.575757575757576,22.727272727272727,69.6969696969697,65.15151515151516,4.545454545454546
E00066709,126,41,12,29,85,75,10,32.53968253968254,9.523809523809524,23.015873015873016,67.46031746031747,59.523809523809526,7.936507936507936
E00066710,118,32,8,24,86,70,16,27.11864406779661,6.779661016949152,20.33898305084746,72.88135593220339,59.32203389830508,13.559322033898304
E00066711,118,23,9,14,95,80,15,19.491525423728813,7.627118644067797,11.864406779661017,80.50847457627118,67.79661016949152,12.711864406779661
E00066712,127,40,16,24,87,70,17,31.496062992125985,12.598425196850393,18.89763779527559,68.50393700787401,55.118110236220474,13.385826771653544
E00066713,113,38,13,25,75,63,12,33.6283185840708,11.504424778761061,22.123893805309734,66.3716814159292,55.75221238938053,10.619469026548673
E00066714,132,26,4,22,106,92,14,19.696969696969695,3.0303030303030303,16.666666666666664,80.3030303030303,69.6969696969697,10.606060606060606
E00066715,82,22,15,7,60,46,14,26.82926829268293,18.29268292682927,8.536585365853659,73.17073170731707,56.09756097560976,17.073170731707318
E00066716,179,48,17,31,131,107,24,26.81564245810056,9.497206703910614,17.318435754189945,73.18435754189943,59.77653631284916,13.40782122905028
E00066717,58,21,12,9,37,27,10,36.206896551724135,20.689655172413794,15.517241379310345,63.793103448275865,46.55172413793103,17.24137931034483
E00066718,90,31,11,20,59,45,14,34.44444444444444,12.222222222222221,22.22222222222222,65.55555555555556,50,15.555555555555555
E00066719,80,32,10,22,48,39,9,40,12.5,27.500000000000004,60,48.75,11.25
E00066720,59,20,7,13,39,29,10,33.89830508474576,11.864406779661017,22.033898305084744,66.10169491525424,49.152542372881356,16.94915254237288
E00066722,182,48,15,33,134,111,23,26.373626373626376,8.241758241758241,18.13186813186813,73.62637362637363,60.98901098901099,12.637362637362637
E00066723,122,53,15,38,69,57,12,43.44262295081967,12.295081967213115,31.147540983606557,56.557377049180324,46.72131147540984,9.836065573770492
E00066725,183,54,21,33,129,99,30,29.508196721311474,11.475409836065573,18.0327868852459,70.49180327868852,54.09836065573771,16.39344262295082
E00066726,137,41,14,27,96,74,22,29.927007299270077,10.218978102189782,19.708029197080293,70.07299270072993,54.01459854014598,16.05839416058394
E00066727,100,39,12,27,61,45,16,39,12,27,61,45,16
E00066728,146,49,18,31,97,77,20,33.56164383561644,12.32876712328767,21.232876712328768,66.43835616438356,52.73972602739726,13.698630136986301
E00066729,49,18,7,11,31,23,8,36.734693877551024,14.285714285714285,22.448979591836736,63.26530612244898,46.93877551020408,16.3265306122449
E00066730,189,66,20,46,123,89,34,34.92063492063492,10.582010582010582,24.33862433862434,65.07936507936508,47.08994708994709,17.989417989417987
E00066731,90,28,6,22,62,53,9,31.11111111111111,6.666666666666667,24.444444444444443,68.88888888888889,58.88888888888889,10
E00066732,124,41,12,29,83,71,12,33.064516129032256,9.67741935483871,23.387096774193548,66.93548387096774,57.25806451612904,9.67741935483871
E00066733,110,33,11,22,77,64,13,30,10,20,70,58.18181818181818,11.818181818181818
E00066734,138,49,21,28,89,77,12,35.507246376811594,15.217391304347828,20.28985507246377,64.4927536231884,55.79710144927537,8.695652173913043
E00066735,206,77,23,54,129,100,29,37.37864077669903,11.165048543689322,26.21359223300971,62.62135922330098,48.54368932038835,14.077669902912621
E00066737,153,51,20,31,102,80,22,33.33333333333333,13.071895424836603,20.26143790849673,66.66666666666666,52.28758169934641,14.37908496732026
E00066738,235,74,22,52,161,135,26,31.48936170212766,9.361702127659575,22.127659574468083,68.51063829787233,57.446808510638306,11.063829787234042
E00066739,161,50,16,34,111,91,20,31.05590062111801,9.937888198757763,21.11801242236025,68.94409937888199,56.52173913043478,12.422360248447205
E00066740,165,44,12,32,121,96,25,26.666666666666668,7.2727272727272725,19.393939393939394,73.33333333333333,58.18181818181818,15.151515151515152
E00066741,198,56,18,38,142,117,25,28.28282828282828,9.090909090909092,19.19191919191919,71.71717171717171,59.09090909090909,12.626262626262626
E00066742,78,28,5,23,50,44,6,35.8974358974359,6.41025641025641,29.48717948717949,64.1025641025641,56.41025641025641,7.6923076923076925
E00066743,122,31,7,24,91,79,12,25.40983606557377,5.737704918032787,19.672131147540984,74.59016393442623,64.75409836065575,9.836065573770492
E00066744,175,62,17,45,113,100,13,35.42857142857142,9.714285714285714,25.71428571428571,64.57142857142857,57.14285714285714,7.428571428571429
E00066745,105,29,6,23,76,61,15,27.61904761904762,5.714285714285714,21.904761904761905,72.38095238095238,58.0952380952381,14.285714285714285
E00066746,172,52,17,35,120,102,18,30.23255813953488,9.883720930232558,20.348837209302324,69.76744186046511,59.30232558139535,10.465116279069768
E00066747,116,35,8,27,81,68,13,30.17241379310345,6.896551724137931,23.275862068965516,69.82758620689656,58.620689655172406,11.206896551724139
E00066748,122,43,14,29,79,69,10,35.24590163934426,11.475409836065573,23.770491803278688,64.75409836065575,56.557377049180324,8.19672131147541
E00066749,137,52,18,34,85,72,13,37.95620437956204,13.138686131386862,24.817518248175183,62.04379562043796,52.55474452554745,9.48905109489051
E00066750,183,60,13,47,123,95,28,32.78688524590164,7.103825136612022,25.683060109289617,67.21311475409836,51.91256830601093,15.300546448087433
E00066751,136,46,15,31,90,78,12,33.82352941176471,11.029411764705882,22.794117647058822,66.17647058823529,57.35294117647059,8.823529411764707
E00066752,148,41,11,30,107,91,16,27.7027027027027,7.4324324324324325,20.27027027027027,72.2972972972973,61.48648648648649,10.81081081081081
E00066753,171,49,12,37,122,105,17,28.654970760233915,7.017543859649122,21.637426900584796,71.34502923976608,61.40350877192983,9.941520467836257
E00066754,149,42,11,31,107,87,20,28.187919463087248,7.38255033557047,20.80536912751678,71.81208053691275,58.38926174496645,13.422818791946309
E00066755,168,58,16,42,110,90,20,34.523809523809526,9.523809523809524,25,65.47619047619048,53.57142857142857,11.904761904761903
E00066756,173,50,16,34,123,107,16,28.901734104046245,9.248554913294797,19.653179190751445,71.09826589595376,61.849710982658955,9.248554913294797
E00066757,119,41,11,30,78,65,13,34.45378151260504,9.243697478991598,25.210084033613445,65.54621848739495,54.621848739495796,10.92436974789916
E00066758,139,45,14,31,94,78,16,32.37410071942446,10.071942446043165,22.302158273381295,67.62589928057554,56.11510791366906,11.510791366906476
E00066759,107,36,13,23,71,58,13,33.64485981308411,12.149532710280374,21.49532710280374,66.35514018691589,54.20560747663551,12.149532710280374
E00066760,119,38,10,28,81,65,16,31.932773109243694,8.403361344537815,23.52941176470588,68.0672268907563,54.621848739495796,13.445378151260504
E00066761,182,56,15,41,126,102,24,30.76923076923077,8.241758241758241,22.52747252747253,69.23076923076923,56.043956043956044,13.186813186813188
E00066762,158,44,9,35,114,100,14,27.848101265822784,5.69620253164557,22.151898734177212,72.15189873417721,63.29113924050633,8.860759493670885
E00066763,149,55,13,42,94,76,18,36.91275167785235,8.724832214765101,28.187919463087248,63.08724832214765,51.006711409395976,12.080536912751679
E00066764,115,37,10,27,78,66,12,32.17391304347826,8.695652173913043,23.47826086956522,67.82608695652173,57.391304347826086,10.434782608695652
E00066765,114,31,7,24,83,69,14,27.192982456140353,6.140350877192982,21.052631578947366,72.80701754385966,60.526315789473685,12.280701754385964
E00066766,142,42,10,32,100,77,23,29.577464788732392,7.042253521126761,22.535211267605636,70.4225352112676,54.22535211267606,16.19718309859155
E00066767,164,56,13,43,108,90,18,34.146341463414636,7.926829268292683,26.21951219512195,65.85365853658537,54.87804878048781,10.975609756097562
E00066768,130,40,8,32,90,82,8,30.76923076923077,6.153846153846154,24.615384615384617,69.23076923076923,63.07692307692307,6.153846153846154
E00066769,121,37,13,24,84,76,8,30.57851239669421,10.743801652892563,19.834710743801654,69.42148760330579,62.8099173553719,6.6115702479338845
E00066770,138,50,19,31,88,74,14,36.231884057971016,13.768115942028986,22.463768115942027,63.76811594202898,53.62318840579711,10.144927536231885
E00066771,132,36,8,28,96,77,19,27.27272727272727,6.0606060606060606,21.21212121212121,72.72727272727273,58.333333333333336,14.393939393939394
E00066772,99,43,10,33,56,45,11,43.43434343434344,10.1010101010101,33.33333333333333,56.56565656565656,45.45454545454545,11.11111111111111
E00066773,124,43,9,34,81,64,17,34.67741935483871,7.258064516129033,27.419354838709676,65.32258064516128,51.61290322580645,13.709677419354838
E00066774,115,37,12,25,78,64,14,32.17391304347826,10.434782608695652,21.73913043478261,67.82608695652173,55.65217391304348,12.173913043478262
E00066775,137,44,15,29,93,74,19,32.11678832116788,10.948905109489052,21.16788321167883,67.88321167883211,54.01459854014598,13.86861313868613
E00066776,90,32,12,20,58,48,10,35.55555555555556,13.333333333333334,22.22222222222222,64.44444444444444,53.333333333333336,11.11111111111111
E00066777,122,33,9,24,89,82,7,27.049180327868854,7.377049180327869,19.672131147540984,72.95081967213115,67.21311475409836,5.737704918032787
E00066778,68,27,9,18,41,32,9,39.705882352941174,13.23529411764706,26.47058823529412,60.29411764705882,47.05882352941176,13.23529411764706
E00173590,127,43,8,35,84,73,11,33.85826771653544,6.299212598425196,27.559055118110237,66.14173228346458,57.48031496062992,8.661417322834646
E00173591,108,32,14,18,76,64,12,29.629629629629626,12.962962962962962,16.666666666666664,70.37037037037037,59.25925925925925,11.11111111111111
E00173592,226,62,23,39,164,131,33,27.43362831858407,10.176991150442479,17.25663716814159,72.56637168141593,57.9646017699115,14.601769911504425
E00173594,144,55,10,45,89,76,13,38.19444444444444,6.944444444444445,31.25,61.80555555555556,52.77777777777778,9.027777777777777
E00173596,297,89,37,52,208,179,29,29.96632996632997,12.457912457912458,17.50841750841751,70.03367003367003,60.26936026936027,9.764309764309765
E00173597,183,61,26,35,122,90,32,33.33333333333333,14.207650273224044,19.12568306010929,66.66666666666666,49.18032786885246,17.48633879781421
E00173598,145,47,12,35,98,72,26,32.41379310344827,8.275862068965518,24.137931034482758,67.58620689655173,49.6551724137931,17.93103448275862
E00173599,215,59,24,35,156,129,27,27.44186046511628,11.162790697674419,16.27906976744186,72.55813953488372,60,12.558139534883722
E00173600,80,24,10,14,56,53,3,30,12.5,17.5,70,66.25,3.75
E00173601,177,35,3,32,142,127,15,19.774011299435028,1.694915254237288,18.07909604519774,80.22598870056498,71.75141242937853,8.47457627118644
E00173602,98,32,12,20,66,55,11,32.6530612244898,12.244897959183673,20.408163265306122,67.3469387755102,56.12244897959183,11.224489795918368
E00173603,348,83,28,55,265,220,45,23.850574712643677,8.045977011494253,15.804597701149426,76.14942528735632,63.2183908045977,12.931034482758621
E00173604,179,55,21,34,124,98,26,30.726256983240223,11.731843575418994,18.994413407821227,69.27374301675978,54.7486033519553,14.52513966480447
E00189219,109,39,14,25,70,57,13,35.77981651376147,12.844036697247708,22.93577981651376,64.22018348623854,52.293577981651374,11.926605504587156
E00189220,37,15,6,9,22,16,6,40.54054054054054,16.216216216216218,24.324324324324326,59.45945945945946,43.24324324324324,16.216216216216218
E00189233,112,32,10,22,80,70,10,28.57142857142857,8.928571428571429,19.642857142857142,71.42857142857143,62.5,8.928571428571429
E00189236,166,38,12,26,128,112,16,22.89156626506024,7.228915662650602,15.66265060240964,77.10843373493977,67.46987951807229,9.63855421686747
E00189242,206,52,16,36,154,128,26,25.24271844660194,7.766990291262135,17.475728155339805,74.75728155339806,62.13592233009708,12.62135922330097
E00189246,162,34,11,23,128,103,25,20.98765432098765,6.790123456790123,14.19753086419753,79.01234567901234,63.580246913580254,15.432098765432098
E00189247,108,30,9,21,78,59,19,27.77777777777778,8.333333333333332,19.444444444444446,72.22222222222221,54.629629629629626,17.59259259259259
E00189253,124,28,9,19,96,77,19,22.58064516129032,7.258064516129033,15.32258064516129,77.41935483870968,62.096774193548384,15.32258064516129
E00189255,199,54,13,41,145,117,28,27.1356783919598,6.532663316582915,20.603015075376884,72.8643216080402,58.79396984924623,14.07035175879397
E00189256,236,65,17,48,171,132,39,27.54237288135593,7.203389830508475,20.33898305084746,72.45762711864407,55.932203389830505,16.52542372881356
E00189262,150,37,11,26,113,88,25,24.666666666666668,7.333333333333333,17.333333333333336,75.33333333333333,58.666666666666664,16.666666666666664
E00189290,161,48,15,33,113,88,25,29.81366459627329,9.316770186335404,20.496894409937887,70.1863354037267,54.6583850931677,15.527950310559005
E00189292,58,18,8,10,40,36,4,31.03448275862069,13.793103448275861,17.24137931034483,68.96551724137932,62.06896551724138,6.896551724137931
E00189294,134,45,14,31,89,75,14,33.582089552238806,10.44776119402985,23.134328358208954,66.4179104477612,55.970149253731336,10.44776119402985
E00189297,191,61,22,39,130,97,33,31.93717277486911,11.518324607329843,20.418848167539267,68.06282722513089,50.78534031413613,17.277486910994764
E00189299,230,54,17,37,176,147,29,23.47826086956522,7.391304347826087,16.08695652173913,76.52173913043478,63.91304347826087,12.608695652173912
E00189306,173,38,10,28,135,112,23,21.965317919075144,5.780346820809249,16.184971098265898,78.03468208092485,64.73988439306359,13.294797687861271
E00189308,248,70,24,46,178,152,26,28.225806451612907,9.67741935483871,18.548387096774192,71.7741935483871,61.29032258064516,10.483870967741936
E00189310,158,48,18,30,110,80,30,30.37974683544304,11.39240506329114,18.9873417721519,69.62025316455697,50.63291139240506,18.9873417721519
E00189311,194,51,15,36,143,110,33,26.288659793814436,7.731958762886598,18.556701030927837,73.71134020618557,56.70103092783505,17.010309278350515
E00189312,245,72,24,48,173,137,36,29.38775510204082,9.795918367346939,19.591836734693878,70.61224489795919,55.91836734693878,14.69387755102041
