OA,ts0380001,ts0380002,ts0380003,ts0380004,ts0380005,ts0380006,ts0380007,ts0380002_PCT,ts0380003_PCT,ts0380004_PCT,ts0380005_PCT,ts0380006_PCT,ts0380007_PCT
E00066247,288,116,82,34,172,17,155,40.27777777777778,28.47222222222222,11.805555555555555,59.72222222222222,5.902777777777778,53.81944444444444
E00066248,244,94,59,35,150,13,137,38.52459016393443,24.18032786885246,14.344262295081966,61.47540983606557,5.327868852459016,56.14754098360656
E00066249,245,52,22,30,193,14,179,21.224489795918366,8.979591836734693,12.244897959183673,78.77551020408163,5.714285714285714,73.06122448979592
E00066250,307,54,25,29,253,22,231,17.58957654723127,8.143322475570033,9.446254071661238,82.41042345276874,7.166123778501629,75.2442996742671
E00066251,236,51,19,32,185,11,174,21.610169491525426,8.050847457627118,13.559322033898304,78.38983050847457,4.661016949152542,73.72881355932203
E00066252,334,64,32,32,270,20,250,19.16167664670659,9.580838323353294,9.580838323353294,80.83832335329342,5.9880239520958085,74.8502994011976
E00066253,257,71,33,38,186,18,168,27.626459143968873,12.840466926070038,14.785992217898833,72.37354085603113,7.003891050583658,65.36964980544747
E00066254,223,60,24,36,163,12,151,26.905829596412556,10.762331838565023,16.143497757847534,73.09417040358744,5.381165919282512,67.71300448430493
E00066255,251,48,17,31,203,20,183,19.12350597609562,6.772908366533864,12.350597609561753,80.87649402390437,7.968127490039841,72.90836653386454
E00066256,244,56,32,24,188,22,166,22.950819672131146,13.114754098360656,9.836065573770492,77.04918032786885,9.01639344262295,68.0327868852459
E00066257,248,55,22,33,193,17,176,22.177419354838708,8.870967741935484,13.306451612903224,77.82258064516128,6.854838709677419,70.96774193548387
E00066258,182,80,48,32,102,8,94,43.956043956043956,26.373626373626376,17.582417582417584,56.043956043956044,4.395604395604396,51.64835164835166
E00066259,228,75,37,38,153,10,143,32.89473684210527,16.228070175438596,16.666666666666664,67.10526315789474,4.385964912280701,62.71929824561403
E00066260,310,73,30,43,237,17,220,23.548387096774192,9.67741935483871,13.870967741935484,76.45161290322581,5.483870967741936,70.96774193548387
E00066261,187,44,22,22,143,9,134,23.52941176470588,11.76470588235294,11.76470588235294,76.47058823529412,4.81283422459893,71.65775401069519
E00066262,263,65,30,35,198,24,174,24.714828897338403,11.406844106463879,13.307984790874524,75.2851711026616,9.125475285171103,66.15969581749049
E00066263,236,48,22,26,188,11,177,20.33898305084746,9.322033898305085,11.016949152542372,79.66101694915254,4.661016949152542,75
E00066264,216,41,19,22,175,14,161,18.98148148148148,8.796296296296296,10.185185185185185,81.01851851851852,6.481481481481481,74.53703703703704
E00066265,198,75,45,30,123,11,112,37.878787878787875,22.727272727272727,15.151515151515152,62.121212121212125,5.555555555555555,56.56565656565656
E00066266,295,51,24,27,244,17,227,17.28813559322034,8.135593220338983,9.152542372881356,82.71186440677965,5.762711864406779,76.94915254237287
E00066267,244,26,12,14,218,13,205,10.655737704918032,4.918032786885246,5.737704918032787,89.34426229508196,5.327868852459016,84.01639344262296
E00066268,295,70,31,39,225,16,209,23.728813559322035,10.508474576271185,13.220338983050848,76.27118644067797,5.423728813559322,70.84745762711864
E00066269,361,67,24,43,294,26,268,18.559556786703602,6.64819944598338,11.911357340720222,81.4404432132964,7.202216066481995,74.23822714681441
E00066270,319,74,34,40,245,18,227,23.197492163009404,10.658307210031348,12.539184952978054,76.8025078369906,5.6426332288401255,71.15987460815047
E00066271,273,46,19,27,227,10,217,16.84981684981685,6.95970695970696,9.89010989010989,83.15018315018315,3.6630036630036633,79.48717948717949
E00066272,298,55,24,31,243,15,228,18.456375838926174,8.053691275167784,10.40268456375839,81.54362416107382,5.033557046979865,76.51006711409396
E00066273,312,55,23,32,257,23,234,17.628205128205128,7.371794871794872,10.256410256410255,82.37179487179486,7.371794871794872,75
E00066274,261,66,31,35,195,24,171,25.287356321839084,11.877394636015326,13.409961685823754,74.71264367816092,9.195402298850574,65.51724137931035
E00066275,297,34,12,22,263,29,234,11.447811447811448,4.040404040404041,7.4074074074074066,88.55218855218855,9.764309764309765,78.78787878787878
E00066276,231,71,35,36,160,12,148,30.735930735930733,15.151515151515152,15.584415584415584,69.26406926406926,5.194805194805195,64.06926406926407
E00066277,220,70,30,40,150,16,134,31.818181818181817,13.636363636363635,18.181818181818183,68.18181818181817,7.2727272727272725,60.909090909090914
E00066278,240,80,40,40,160,13,147,33.33333333333333,16.666666666666664,16.666666666666664,66.66666666666666,5.416666666666667,61.25000000000001
E00066279,208,65,36,29,143,8,135,31.25,17.307692307692307,13.942307692307693,68.75,3.8461538461538463,64.90384615384616
E00066280,260,50,19,31,210,13,197,19.230769230769234,7.307692307692308,11.923076923076923,80.76923076923077,5,75.76923076923077
E00066281,277,72,33,39,205,22,183,25.992779783393498,11.913357400722022,14.079422382671481,74.0072202166065,7.9422382671480145,66.06498194945848
E00066282,214,73,32,41,141,25,116,34.112149532710276,14.953271028037381,19.158878504672895,65.88785046728972,11.682242990654206,54.20560747663551
E00066283,262,53,26,27,209,13,196,20.229007633587788,9.923664122137405,10.305343511450381,79.77099236641222,4.961832061068702,74.80916030534351
E00066284,295,63,28,35,232,16,216,21.35593220338983,9.491525423728813,11.864406779661017,78.64406779661017,5.423728813559322,73.22033898305085
E00066285,273,63,29,34,210,17,193,23.076923076923077,10.622710622710622,12.454212454212454,76.92307692307693,6.227106227106227,70.6959706959707
E00066286,368,81,28,53,287,14,273,22.01086956521739,7.608695652173914,14.402173913043478,77.98913043478261,3.804347826086957,74.18478260869566
E00066287,296,56,25,31,240,22,218,18.91891891891892,8.445945945945946,10.472972972972974,81.08108108108108,7.4324324324324325,73.64864864864865
E00066288,225,38,17,21,187,17,170,16.88888888888889,7.555555555555555,9.333333333333334,83.11111111111111,7.555555555555555,75.55555555555556
E00066289,198,60,20,40,138,16,122,30.303030303030305,10.1010101010101,20.2020202020202,69.6969696969697,8.080808080808081,61.61616161616161
E00066290,240,58,29,29,182,14,168,24.166666666666668,12.083333333333334,12.083333333333334,75.83333333333333,5.833333333333333,70
E00066291,277,105,49,56,172,6,166,37.90613718411552,17.689530685920577,20.216606498194945,62.093862815884485,2.166064981949458,59.92779783393502
E00066292,305,85,41,44,220,15,205,27.86885245901639,13.442622950819672,14.426229508196723,72.1311475409836,4.918032786885246,67.21311475409836
E00066293,374,83,40,43,291,18,273,22.192513368983956,10.695187165775401,11.497326203208557,77.80748663101605,4.81283422459893,72.99465240641712
E00066294,296,49,17,32,247,22,225,16.554054054054053,5.743243243243244,10.81081081081081,83.44594594594594,7.4324324324324325,76.01351351351352
E00066295,279,40,15,25,239,10,229,14.336917562724013,5.376344086021505,8.960573476702509,85.66308243727599,3.584229390681003,82.07885304659499
E00066296,288,121,83,38,167,11,156,42.01388888888889,28.819444444444443,13.194444444444445,57.986111111111114,3.8194444444444446,54.166666666666664
E00066297,238,79,47,32,159,15,144,33.193277310924366,19.747899159663866,13.445378151260504,66.80672268907563,6.302521008403361,60.50420168067227
E00066299,208,57,25,32,151,8,143,27.403846153846157,12.01923076923077,15.384615384615385,72.59615384615384,3.8461538461538463,68.75
E00066300,276,58,31,27,218,10,208,21.014492753623188,11.231884057971014,9.782608695652174,78.98550724637681,3.6231884057971016,75.36231884057972
E00066301,289,87,37,50,202,9,193,30.103806228373703,12.802768166089965,17.301038062283737,69.8961937716263,3.1141868512110724,66.78200692041523
E00066302,210,101,53,48,109,12,97,48.095238095238095,25.238095238095237,22.857142857142858,51.90476190476191,5.714285714285714,46.19047619047619
E00066303,306,74,31,43,232,15,217,24.183006535947712,10.130718954248366,14.052287581699346,75.81699346405229,4.901960784313726,70.91503267973856
E00066305,251,86,40,46,165,11,154,34.26294820717131,15.936254980079681,18.326693227091635,65.73705179282868,4.382470119521913,61.354581673306775
E00066306,251,66,27,39,185,10,175,26.294820717131472,10.756972111553784,15.53784860557769,73.70517928286853,3.9840637450199203,69.7211155378486
E00066307,249,69,31,38,180,13,167,27.710843373493976,12.449799196787147,15.261044176706829,72.28915662650603,5.220883534136546,67.06827309236948
E00066309,264,80,42,38,184,23,161,30.303030303030305,15.909090909090908,14.393939393939394,69.6969696969697,8.712121212121213,60.984848484848484
E00066310,284,64,40,24,220,10,210,22.535211267605636,14.084507042253522,8.450704225352112,77.46478873239437,3.5211267605633805,73.94366197183099
E00066311,281,57,27,30,224,9,215,20.284697508896798,9.608540925266903,10.676156583629894,79.7153024911032,3.202846975088968,76.51245551601423
E00066312,306,71,32,39,235,15,220,23.202614379084967,10.457516339869281,12.745098039215685,76.79738562091504,4.901960784313726,71.89542483660131
E00066313,328,71,35,36,257,16,241,21.646341463414632,10.670731707317072,10.975609756097562,78.35365853658537,4.878048780487805,73.47560975609755
E00066314,291,83,45,38,208,6,202,28.52233676975945,15.463917525773196,13.058419243986256,71.47766323024055,2.0618556701030926,69.41580756013745
E00066315,319,50,17,33,269,15,254,15.673981191222571,5.329153605015674,10.344827586206897,84.32601880877742,4.702194357366771,79.62382445141067
E00066316,152,70,32,38,82,6,76,46.05263157894737,21.052631578947366,25,53.94736842105263,3.9473684210526314,50
E00066317,248,62,22,40,186,14,172,25,8.870967741935484,16.129032258064516,75,5.64516129032258,69.35483870967742
E00066318,315,62,39,23,253,14,239,19.682539682539684,12.380952380952381,7.301587301587302,80.31746031746032,4.444444444444445,75.87301587301587
E00066319,281,48,24,24,233,14,219,17.08185053380783,8.540925266903916,8.540925266903916,82.91814946619218,4.98220640569395,77.93594306049823
E00066320,236,48,21,27,188,18,170,20.33898305084746,8.898305084745763,11.440677966101696,79.66101694915254,7.627118644067797,72.03389830508475
E00066321,236,52,30,22,184,14,170,22.033898305084744,12.711864406779661,9.322033898305085,77.96610169491525,5.932203389830509,72.03389830508475
E00066322,243,48,19,29,195,12,183,19.753086419753085,7.818930041152264,11.934156378600823,80.24691358024691,4.938271604938271,75.30864197530865
E00066323,247,34,14,20,213,7,206,13.765182186234817,5.668016194331984,8.097165991902834,86.23481781376519,2.834008097165992,83.40080971659918
E00066324,272,37,16,21,235,17,218,13.602941176470587,5.88235294117647,7.720588235294118,86.39705882352942,6.25,80.14705882352942
E00066325,336,59,20,39,277,17,260,17.559523809523807,5.952380952380952,11.607142857142858,82.44047619047619,5.059523809523809,77.38095238095238
E00066326,230,35,14,21,195,17,178,15.217391304347828,6.086956521739131,9.130434782608695,84.78260869565217,7.391304347826087,77.39130434782608
E00066327,195,64,30,34,131,13,118,32.82051282051282,15.384615384615385,17.435897435897434,67.17948717948717,6.666666666666667,60.51282051282051
E00066329,197,86,50,36,111,11,100,43.65482233502538,25.380710659898476,18.274111675126903,56.34517766497462,5.583756345177665,50.76142131979695
E00066332,116,55,26,29,61,4,57,47.41379310344828,22.413793103448278,25,52.58620689655172,3.4482758620689653,49.137931034482754
E00066333,120,69,54,15,51,4,47,57.49999999999999,45,12.5,42.5,3.3333333333333335,39.166666666666664
E00066334,282,60,21,39,222,19,203,21.27659574468085,7.446808510638298,13.829787234042554,78.72340425531915,6.73758865248227,71.98581560283688
E00066335,252,80,38,42,172,15,157,31.746031746031743,15.079365079365079,16.666666666666664,68.25396825396825,5.952380952380952,62.301587301587304
E00066336,317,59,22,37,258,20,238,18.61198738170347,6.940063091482649,11.67192429022082,81.38801261829653,6.309148264984227,75.0788643533123
E00066337,224,66,32,34,158,11,147,29.464285714285715,14.285714285714285,15.178571428571427,70.53571428571429,4.910714285714286,65.625
E00066338,209,37,12,25,172,8,164,17.703349282296653,5.741626794258373,11.961722488038278,82.29665071770334,3.827751196172249,78.4688995215311
E00066339,259,64,39,25,195,16,179,24.71042471042471,15.057915057915059,9.652509652509652,75.2895752895753,6.177606177606178,69.1119691119691
E00066340,254,60,25,35,194,17,177,23.62204724409449,9.84251968503937,13.779527559055119,76.37795275590551,6.692913385826772,69.68503937007874
E00066341,250,39,16,23,211,17,194,15.6,6.4,9.2,84.39999999999999,6.800000000000001,77.60000000000001
E00066342,293,58,27,31,235,14,221,19.795221843003414,9.215017064846416,10.580204778156997,80.2047781569966,4.778156996587031,75.42662116040955
E00066343,355,49,23,26,306,27,279,13.802816901408452,6.478873239436619,7.323943661971831,86.19718309859155,7.605633802816901,78.59154929577464
E00066344,287,60,33,27,227,17,210,20.905923344947734,11.498257839721255,9.40766550522648,79.09407665505228,5.923344947735192,73.17073170731707
E00066345,282,49,18,31,233,15,218,17.375886524822697,6.382978723404255,10.99290780141844,82.62411347517731,5.319148936170213,77.30496453900709
E00066346,277,52,19,33,225,29,196,18.772563176895307,6.859205776173286,11.913357400722022,81.2274368231047,10.469314079422382,70.7581227436823
E00066347,243,35,10,25,208,27,181,14.40329218106996,4.11522633744856,10.2880658436214,85.59670781893004,11.11111111111111,74.48559670781893
E00066348,305,37,9,28,268,22,246,12.131147540983607,2.9508196721311477,9.180327868852459,87.8688524590164,7.213114754098362,80.65573770491802
E00066349,265,44,23,21,221,24,197,16.60377358490566,8.679245283018867,7.9245283018867925,83.39622641509435,9.056603773584905,74.33962264150942
E00066350,299,43,18,25,256,26,230,14.381270903010032,6.0200668896321075,8.361204013377927,85.61872909698997,8.695652173913043,76.92307692307693
E00066351,242,49,17,32,193,21,172,20.24793388429752,7.024793388429752,13.223140495867769,79.75206611570248,8.677685950413224,71.07438016528926
E00066352,289,41,17,24,248,18,230,14.186851211072666,5.88235294117647,8.304498269896193,85.81314878892734,6.228373702422145,79.58477508650519
E00066353,358,55,27,28,303,29,274,15.363128491620111,7.5418994413407825,7.82122905027933,84.63687150837988,8.100558659217876,76.53631284916202
E00066354,236,44,20,24,192,17,175,18.64406779661017,8.47457627118644,10.16949152542373,81.35593220338984,7.203389830508475,74.15254237288136
E00066355,279,45,20,25,234,20,214,16.129032258064516,7.168458781362006,8.960573476702509,83.87096774193549,7.168458781362006,76.70250896057348
E00066356,299,35,14,21,264,21,243,11.705685618729097,4.682274247491638,7.023411371237458,88.2943143812709,7.023411371237458,81.27090301003345
E00066357,283,58,22,36,225,21,204,20.49469964664311,7.773851590106007,12.7208480565371,79.50530035335689,7.420494699646643,72.08480565371025
E00066358,220,88,45,43,132,15,117,40,20.454545454545457,19.545454545454547,60,6.8181818181818175,53.18181818181819
E00066359,301,52,30,22,249,20,229,17.275747508305646,9.966777408637874,7.308970099667775,82.72425249169434,6.64451827242525,76.0797342192691
E00066360,289,48,21,27,241,23,218,16.608996539792386,7.26643598615917,9.342560553633218,83.39100346020761,7.958477508650519,75.4325259515571
E00066361,160,72,43,29,88,11,77,45,26.875,18.125,55.00000000000001,6.875000000000001,48.125
E00066362,277,101,47,54,176,8,168,36.462093862815884,16.967509025270758,19.494584837545126,63.537906137184116,2.888086642599278,60.64981949458483
E00066363,344,54,17,37,290,19,271,15.69767441860465,4.941860465116279,10.755813953488373,84.30232558139535,5.523255813953488,78.77906976744185
E00066364,479,56,29,27,423,42,381,11.691022964509393,6.05427974947808,5.6367432150313155,88.30897703549061,8.768267223382047,79.54070981210856
E00066365,268,36,20,16,232,15,217,13.432835820895523,7.462686567164178,5.970149253731343,86.56716417910447,5.597014925373134,80.97014925373134
E00066366,304,47,21,26,257,24,233,15.460526315789474,6.907894736842106,8.552631578947368,84.53947368421053,7.894736842105263,76.64473684210526
E00066367,261,67,22,45,194,21,173,25.67049808429119,8.42911877394636,17.24137931034483,74.32950191570882,8.045977011494253,66.28352490421456
E00066368,219,42,18,24,177,23,154,19.17808219178082,8.21917808219178,10.95890410958904,80.82191780821918,10.50228310502283,70.31963470319634
E00066369,272,37,9,28,235,26,209,13.602941176470587,3.308823529411765,10.294117647058822,86.39705882352942,9.558823529411764,76.83823529411765
E00066370,232,48,18,30,184,14,170,20.689655172413794,7.758620689655173,12.931034482758621,79.3103448275862,6.0344827586206895,73.27586206896551
E00066371,335,46,20,26,289,39,250,13.73134328358209,5.970149253731343,7.761194029850746,86.26865671641791,11.641791044776118,74.6268656716418
E00066372,280,51,20,31,229,21,208,18.21428571428571,7.142857142857142,11.071428571428571,81.78571428571428,7.5,74.28571428571429
E00066373,264,44,15,29,220,23,197,16.666666666666664,5.681818181818182,10.984848484848484,83.33333333333334,8.712121212121213,74.62121212121212
E00066374,253,33,10,23,220,25,195,13.043478260869565,3.9525691699604746,9.090909090909092,86.95652173913044,9.881422924901186,77.07509881422925
E00066375,288,44,18,26,244,25,219,15.277777777777779,6.25,9.027777777777777,84.72222222222221,8.680555555555555,76.04166666666666
E00066376,232,54,27,27,178,11,167,23.275862068965516,11.637931034482758,11.637931034482758,76.72413793103449,4.741379310344827,71.98275862068965
E00066377,225,42,23,19,183,18,165,18.666666666666668,10.222222222222223,8.444444444444445,81.33333333333333,8,73.33333333333333
E00066378,210,51,19,32,159,15,144,24.285714285714285,9.047619047619047,15.238095238095239,75.71428571428571,7.142857142857142,68.57142857142857
E00066379,294,73,30,43,221,18,203,24.829931972789115,10.204081632653061,14.625850340136054,75.17006802721087,6.122448979591836,69.04761904761905
E00066380,283,54,24,30,229,20,209,19.081272084805654,8.480565371024735,10.60070671378092,80.91872791519434,7.06713780918728,73.85159010600707
E00066381,223,96,59,37,127,10,117,43.04932735426009,26.45739910313901,16.591928251121075,56.95067264573991,4.484304932735426,52.46636771300448
E00066382,202,88,48,40,114,8,106,43.56435643564357,23.762376237623762,19.801980198019802,56.43564356435643,3.9603960396039604,52.475247524752476
E00066383,294,50,15,35,244,17,227,17.006802721088434,5.1020408163265305,11.904761904761903,82.99319727891157,5.782312925170068,77.21088435374149
E00066384,281,74,37,37,207,26,181,26.334519572953734,13.167259786476867,13.167259786476867,73.66548042704626,9.252669039145907,64.41281138790036
E00066385,233,62,26,36,171,18,153,26.609442060085836,11.158798283261802,15.450643776824036,73.39055793991416,7.725321888412018,65.66523605150213
E00066386,270,45,18,27,225,26,199,16.666666666666664,6.666666666666667,10,83.33333333333334,9.62962962962963,73.70370370370371
E00066387,259,49,19,30,210,23,187,18.91891891891892,7.335907335907336,11.583011583011583,81.08108108108108,8.880308880308881,72.2007722007722
E00066388,387,35,10,25,352,27,325,9.043927648578812,2.5839793281653747,6.459948320413436,90.95607235142118,6.976744186046512,83.97932816537468
E00066389,421,36,10,26,385,24,361,8.551068883610451,2.375296912114014,6.175771971496437,91.44893111638956,5.7007125890736345,85.74821852731591
E00066390,371,47,15,32,324,25,299,12.668463611859837,4.0431266846361185,8.62533692722372,87.33153638814017,6.738544474393531,80.59299191374663
E00066391,238,58,33,25,180,16,164,24.369747899159663,13.865546218487395,10.504201680672269,75.63025210084034,6.722689075630252,68.90756302521008
E00066392,235,40,18,22,195,19,176,17.02127659574468,7.659574468085106,9.361702127659575,82.97872340425532,8.085106382978724,74.8936170212766
E00066393,382,48,18,30,334,26,308,12.56544502617801,4.712041884816754,7.853403141361256,87.43455497382199,6.806282722513089,80.6282722513089
E00066394,213,45,25,20,168,20,148,21.12676056338028,11.737089201877934,9.389671361502346,78.87323943661971,9.389671361502346,69.48356807511738
E00066395,288,46,16,30,242,14,228,15.972222222222221,5.555555555555555,10.416666666666668,84.02777777777779,4.861111111111112,79.16666666666666
E00066396,245,39,13,26,206,17,189,15.918367346938775,5.3061224489795915,10.612244897959183,84.08163265306122,6.938775510204081,77.14285714285715
E00066397,301,45,12,33,256,25,231,14.950166112956811,3.9867109634551494,10.96345514950166,85.04983388704319,8.305647840531561,76.74418604651163
E00066398,333,35,10,25,298,20,278,10.51051051051051,3.003003003003003,7.5075075075075075,89.4894894894895,6.006006006006006,83.48348348348348
E00066399,318,53,14,39,265,28,237,16.666666666666664,4.40251572327044,12.264150943396226,83.33333333333334,8.80503144654088,74.52830188679245
E00066400,279,42,19,23,237,26,211,15.053763440860216,6.810035842293908,8.24372759856631,84.94623655913979,9.31899641577061,75.62724014336918
E00066401,285,55,19,36,230,12,218,19.298245614035086,6.666666666666667,12.631578947368421,80.7017543859649,4.2105263157894735,76.49122807017544
E00066402,285,66,28,38,219,16,203,23.157894736842106,9.824561403508772,13.333333333333334,76.84210526315789,5.614035087719298,71.2280701754386
E00066403,295,55,29,26,240,16,224,18.64406779661017,9.830508474576272,8.813559322033898,81.35593220338984,5.423728813559322,75.9322033898305
E00066404,245,43,15,28,202,21,181,17.551020408163264,6.122448979591836,11.428571428571429,82.44897959183673,8.571428571428571,73.87755102040816
E00066405,325,81,42,39,244,20,224,24.923076923076923,12.923076923076923,12,75.07692307692308,6.153846153846154,68.92307692307692
E00066406,342,74,32,42,268,22,246,21.637426900584796,9.35672514619883,12.280701754385964,78.3625730994152,6.432748538011696,71.9298245614035
E00066407,209,35,21,14,174,13,161,16.74641148325359,10.047846889952153,6.698564593301436,83.25358851674642,6.220095693779904,77.03349282296651
E00066408,289,59,22,37,230,20,210,20.415224913494807,7.612456747404845,12.802768166089965,79.58477508650519,6.920415224913495,72.66435986159169
E00066409,283,52,21,31,231,26,205,18.374558303886925,7.420494699646643,10.954063604240282,81.62544169611307,9.187279151943462,72.43816254416961
E00066410,318,51,23,28,267,20,247,16.037735849056602,7.232704402515723,8.80503144654088,83.9622641509434,6.289308176100629,77.67295597484278
E00066411,267,71,32,39,196,19,177,26.591760299625467,11.985018726591761,14.606741573033707,73.40823970037454,7.116104868913857,66.29213483146067
E00066412,277,60,24,36,217,16,201,21.660649819494584,8.664259927797833,12.996389891696749,78.33935018050542,5.776173285198556,72.56317689530685
E00066414,294,64,33,31,230,24,206,21.768707482993197,11.224489795918368,10.54421768707483,78.2312925170068,8.16326530612245,70.06802721088435
E00066415,308,64,25,39,244,17,227,20.77922077922078,8.116883116883116,12.662337662337661,79.22077922077922,5.51948051948052,73.7012987012987
E00066416,287,60,27,33,227,18,209,20.905923344947734,9.40766550522648,11.498257839721255,79.09407665505228,6.2717770034843205,72.82229965156795
E00066417,320,76,38,38,244,31,213,23.75,11.875,11.875,76.25,9.6875,66.5625
E00066418,378,69,30,39,309,26,283,18.253968253968253,7.936507936507936,10.317460317460316,81.74603174603175,6.878306878306878,74.86772486772487
E00066419,502,87,34,53,415,34,381,17.330677290836654,6.772908366533864,10.557768924302788,82.66932270916335,6.772908366533864,75.89641434262948
E00066420,305,52,22,30,253,29,224,17.04918032786885,7.213114754098362,9.836065573770492,82.95081967213115,9.508196721311474,73.44262295081967
E00066421,228,51,30,21,177,19,158,22.36842105263158,13.157894736842104,9.210526315789473,77.63157894736842,8.333333333333332,69.2982456140351
E00066422,236,52,25,27,184,23,161,22.033898305084744,10.59322033898305,11.440677966101696,77.96610169491525,9.745762711864407,68.22033898305084
E00066423,374,80,46,34,294,15,279,21.390374331550802,12.299465240641712,9.090909090909092,78.6096256684492,4.0106951871657754,74.59893048128342
E00066424,262,58,17,41,204,21,183,22.137404580152673,6.488549618320611,15.648854961832063,77.86259541984732,8.015267175572518,69.8473282442748
E00066425,191,48,17,31,143,14,129,25.13089005235602,8.900523560209423,16.230366492146597,74.86910994764398,7.329842931937172,67.5392670157068
E00066426,367,79,37,42,288,8,280,21.525885558583106,10.08174386920981,11.444141689373296,78.4741144414169,2.17983651226158,76.29427792915531
E00066427,270,60,25,35,210,14,196,22.22222222222222,9.25925925925926,12.962962962962962,77.77777777777779,5.185185185185185,72.5925925925926
E00066428,274,38,14,24,236,19,217,13.86861313868613,5.109489051094891,8.75912408759124,86.13138686131386,6.934306569343065,79.1970802919708
E00066429,345,45,21,24,300,18,282,13.043478260869565,6.086956521739131,6.956521739130435,86.95652173913044,5.217391304347826,81.73913043478261
E00066430,370,61,22,39,309,13,296,16.486486486486488,5.9459459459459465,10.54054054054054,83.51351351351352,3.5135135135135136,80
E00066431,307,65,29,36,242,15,227,21.172638436482085,9.446254071661238,11.726384364820847,78.82736156351791,4.88599348534202,73.9413680781759
E00066432,272,56,32,24,216,14,202,20.588235294117645,11.76470588235294,8.823529411764707,79.41176470588235,5.147058823529411,74.26470588235294
E00066433,277,56,30,26,221,17,204,20.216606498194945,10.830324909747292,9.386281588447654,79.78339350180505,6.137184115523466,73.6462093862816
E00066434,260,41,17,24,219,11,208,15.769230769230768,6.538461538461539,9.230769230769232,84.23076923076923,4.230769230769231,80
E00066435,315,68,32,36,247,24,223,21.58730158730159,10.158730158730158,11.428571428571429,78.41269841269842,7.6190476190476195,70.7936507936508
E00066436,327,65,35,30,262,25,237,19.877675840978593,10.703363914373089,9.174311926605505,80.1223241590214,7.64525993883792,72.47706422018348
E00066437,267,29,10,19,238,11,227,10.861423220973784,3.7453183520599254,7.116104868913857,89.13857677902621,4.119850187265917,85.0187265917603
E00066438,389,91,62,29,298,23,275,23.39331619537275,15.938303341902312,7.455012853470437,76.60668380462725,5.912596401028278,70.69408740359897
E00066439,324,67,29,38,257,28,229,20.679012345679013,8.950617283950617,11.728395061728394,79.32098765432099,8.641975308641975,70.67901234567901
E00066441,263,47,20,27,216,17,199,17.870722433460077,7.604562737642586,10.26615969581749,82.12927756653993,6.4638783269961975,75.66539923954373
E00066442,236,53,13,40,183,24,159,22.45762711864407,5.508474576271186,16.94915254237288,77.54237288135593,10.16949152542373,67.37288135593221
E00066444,228,70,37,33,158,17,141,30.701754385964914,16.228070175438596,14.473684210526317,69.2982456140351,7.456140350877193,61.8421052631579
E00066445,321,72,29,43,249,20,229,22.429906542056074,9.034267912772584,13.395638629283487,77.57009345794393,6.230529595015576,71.33956386292834
E00066446,190,69,41,28,121,13,108,36.31578947368421,21.578947368421055,14.736842105263156,63.68421052631579,6.842105263157896,56.84210526315789
E00066447,371,57,28,29,314,32,282,15.363881401617252,7.547169811320755,7.816711590296496,84.63611859838275,8.62533692722372,76.01078167115904
E00066448,274,58,23,35,216,22,194,21.16788321167883,8.394160583941606,12.773722627737227,78.83211678832117,8.02919708029197,70.8029197080292
E00066449,279,56,22,34,223,15,208,20.07168458781362,7.885304659498208,12.186379928315413,79.92831541218638,5.376344086021505,74.55197132616487
E00066450,498,58,13,45,440,20,420,11.646586345381527,2.610441767068273,9.036144578313253,88.35341365461848,4.016064257028113,84.33734939759037
E00066451,242,54,23,31,188,20,168,22.31404958677686,9.50413223140496,12.8099173553719,77.68595041322314,8.264462809917356,69.42148760330579
E00066452,323,87,48,39,236,26,210,26.93498452012384,14.860681114551083,12.074303405572756,73.06501547987617,8.04953560371517,65.01547987616098
E00066453,264,55,27,28,209,25,184,20.833333333333336,10.227272727272728,10.606060606060606,79.16666666666666,9.469696969696969,69.6969696969697
E00066454,238,54,22,32,184,41,143,22.689075630252102,9.243697478991598,13.445378151260504,77.31092436974791,17.22689075630252,60.08403361344538
E00066455,291,54,21,33,237,21,216,18.556701030927837,7.216494845360824,11.34020618556701,81.44329896907216,7.216494845360824,74.22680412371135
E00066456,217,49,27,22,168,14,154,22.58064516129032,12.442396313364055,10.138248847926267,77.41935483870968,6.451612903225806,70.96774193548387
E00066457,258,50,12,38,208,17,191,19.379844961240313,4.651162790697675,14.728682170542637,80.62015503875969,6.5891472868217065,74.03100775193798
E00066458,340,45,12,33,295,19,276,13.23529411764706,3.5294117647058822,9.705882352941178,86.76470588235294,5.588235294117648,81.17647058823529
E00066459,373,68,36,32,305,26,279,18.230563002680967,9.651474530831099,8.579088471849866,81.76943699731903,6.970509383378016,74.79892761394102
E00066460,249,39,17,22,210,20,190,15.66265060240964,6.827309236947792,8.835341365461847,84.33734939759037,8.032128514056225,76.30522088353415
E00066461,312,68,33,35,244,26,218,21.794871794871796,10.576923076923077,11.217948717948719,78.2051282051282,8.333333333333332,69.87179487179486
E00066462,233,54,23,31,179,25,154,23.17596566523605,9.871244635193133,13.304721030042918,76.82403433476395,10.72961373390558,66.09442060085837
E00066463,332,72,32,40,260,20,240,21.686746987951807,9.63855421686747,12.048192771084338,78.3132530120482,6.024096385542169,72.28915662650603
E00066464,279,48,18,30,231,18,213,17.20430107526882,6.451612903225806,10.75268817204301,82.79569892473118,6.451612903225806,76.34408602150538
E00066465,285,57,26,31,228,19,209,20,9.12280701754386,10.87719298245614,80,6.666666666666667,73.33333333333333
E00066466,260,66,20,46,194,22,172,25.384615384615383,7.6923076923076925,17.692307692307693,74.61538461538461,8.461538461538462,66.15384615384615
E00066468,260,31,11,20,229,24,205,11.923076923076923,4.230769230769231,7.6923076923076925,88.07692307692308,9.230769230769232,78.84615384615384
E00066470,419,56,15,41,363,29,334,13.365155131264917,3.579952267303103,9.785202863961814,86.63484486873509,6.921241050119331,79.71360381861575
E00066471,293,53,26,27,240,21,219,18.088737201365188,8.873720136518772,9.215017064846416,81.91126279863481,7.167235494880546,74.74402730375427
E00066472,296,55,24,31,241,19,222,18.58108108108108,8.108108108108109,10.472972972972974,81.41891891891892,6.418918918918918,75
E00066473,351,61,24,37,290,17,273,17.37891737891738,6.837606837606838,10.541310541310542,82.62108262108262,4.843304843304843,77.77777777777779
E00066476,334,107,58,49,227,11,216,32.035928143712574,17.365269461077844,14.67065868263473,67.96407185628742,3.293413173652695,64.67065868263472
E00066477,265,54,25,29,211,23,188,20.37735849056604,9.433962264150944,10.943396226415095,79.62264150943396,8.679245283018867,70.94339622641509
E00066478,319,65,33,32,254,19,235,20.37617554858934,10.344827586206897,10.031347962382444,79.62382445141067,5.956112852664576,73.66771159874608
E00066479,319,76,40,36,243,14,229,23.824451410658305,12.539184952978054,11.285266457680251,76.17554858934169,4.38871473354232,71.78683385579937
E00066480,288,57,30,27,231,17,214,19.791666666666664,10.416666666666668,9.375,80.20833333333334,5.902777777777778,74.30555555555556
E00066481,259,68,34,34,191,15,176,26.254826254826252,13.127413127413126,13.127413127413126,73.74517374517374,5.7915057915057915,67.95366795366795
E00066482,293,48,22,26,245,27,218,16.38225255972696,7.508532423208192,8.873720136518772,83.61774744027304,9.215017064846416,74.40273037542661
E00066483,369,90,39,51,279,22,257,24.390243902439025,10.569105691056912,13.821138211382115,75.60975609756098,5.9620596205962055,69.64769647696477
E00066484,315,70,32,38,245,20,225,22.22222222222222,10.158730158730158,12.063492063492063,77.77777777777779,6.349206349206349,71.42857142857143
E00066485,378,89,36,53,289,23,266,23.544973544973544,9.523809523809524,14.02116402116402,76.45502645502646,6.084656084656085,70.37037037037037
E00066486,300,49,21,28,251,14,237,16.333333333333332,7.000000000000001,9.333333333333334,83.66666666666667,4.666666666666667,79
E00066487,241,47,23,24,194,15,179,19.502074688796682,9.54356846473029,9.95850622406639,80.49792531120332,6.224066390041494,74.27385892116183
E00066488,392,92,38,54,300,22,278,23.46938775510204,9.693877551020408,13.77551020408163,76.53061224489795,5.612244897959184,70.91836734693877
E00066489,249,42,20,22,207,22,185,16.867469879518072,8.032128514056225,8.835341365461847,83.13253012048193,8.835341365461847,74.29718875502009
E00066490,286,42,10,32,244,25,219,14.685314685314685,3.4965034965034967,11.188811188811188,85.3146853146853,8.741258741258742,76.57342657342657
E00066491,309,72,41,31,237,37,200,23.300970873786408,13.268608414239482,10.032362459546926,76.69902912621359,11.974110032362459,64.72491909385113
E00066492,314,85,38,47,229,18,211,27.070063694267514,12.101910828025478,14.968152866242038,72.92993630573248,5.7324840764331215,67.19745222929936
E00066493,294,40,14,26,254,22,232,13.60544217687075,4.761904761904762,8.843537414965986,86.39455782312925,7.482993197278912,78.91156462585033
E00066494,225,66,29,37,159,13,146,29.333333333333332,12.88888888888889,16.444444444444446,70.66666666666667,5.777777777777778,64.88888888888889
E00066495,251,41,22,19,210,15,195,16.334661354581673,8.764940239043826,7.569721115537849,83.66533864541833,5.9760956175298805,77.68924302788844
E00066496,401,92,41,51,309,23,286,22.942643391521198,10.224438902743142,12.718204488778055,77.0573566084788,5.7356608478802995,71.3216957605985
E00066497,279,60,28,32,219,21,198,21.50537634408602,10.03584229390681,11.469534050179211,78.49462365591397,7.526881720430108,70.96774193548387
E00066499,269,109,73,36,160,14,146,40.520446096654275,27.137546468401485,13.382899628252787,59.479553903345725,5.204460966542751,54.27509293680297
E00066500,324,50,24,26,274,29,245,15.432098765432098,7.4074074074074066,8.024691358024691,84.5679012345679,8.950617283950617,75.61728395061729
E00066501,276,65,25,40,211,23,188,23.55072463768116,9.057971014492754,14.492753623188406,76.44927536231883,8.333333333333332,68.11594202898551
E00066502,274,76,43,33,198,21,177,27.73722627737226,15.693430656934307,12.043795620437956,72.26277372262774,7.664233576642336,64.59854014598541
E00066503,237,65,32,33,172,21,151,27.42616033755274,13.502109704641349,13.924050632911392,72.57383966244726,8.860759493670885,63.71308016877637
E00066504,553,84,29,55,469,46,423,15.18987341772152,5.244122965641953,9.945750452079565,84.81012658227847,8.318264014466546,76.49186256781194
E00066505,305,53,20,33,252,23,229,17.37704918032787,6.557377049180328,10.819672131147541,82.62295081967214,7.540983606557377,75.08196721311475
E00066506,395,75,43,32,320,27,293,18.9873417721519,10.886075949367088,8.10126582278481,81.0126582278481,6.8354430379746836,74.17721518987341
E00066507,490,104,67,37,386,37,349,21.224489795918366,13.673469387755102,7.551020408163265,78.77551020408163,7.551020408163265,71.22448979591837
E00066508,133,20,4,16,113,9,104,15.037593984962406,3.007518796992481,12.030075187969924,84.9624060150376,6.7669172932330826,78.19548872180451
E00066509,210,48,20,28,162,16,146,22.857142857142858,9.523809523809524,13.333333333333334,77.14285714285715,7.6190476190476195,69.52380952380952
E00066510,325,79,46,33,246,32,214,24.307692307692307,14.153846153846153,10.153846153846153,75.6923076923077,9.846153846153847,65.84615384615384
E00066511,281,55,29,26,226,17,209,19.572953736654807,10.320284697508896,9.252669039145907,80.42704626334519,6.049822064056939,74.37722419928826
E00066512,270,50,28,22,220,15,205,18.51851851851852,10.37037037037037,8.148148148148149,81.48148148148148,5.555555555555555,75.92592592592592
E00066513,279,59,29,30,220,21,199,21.14695340501792,10.39426523297491,10.75268817204301,78.85304659498208,7.526881720430108,71.32616487455196
E00066514,325,45,19,26,280,20,260,13.846153846153847,5.846153846153846,8,86.15384615384616,6.153846153846154,80
E00066515,303,82,37,45,221,28,193,27.062706270627064,12.211221122112212,14.85148514851485,72.93729372937293,9.24092409240924,63.6963696369637
E00066516,329,60,22,38,269,19,250,18.237082066869302,6.68693009118541,11.55015197568389,81.7629179331307,5.775075987841945,75.98784194528876
E00066517,324,63,27,36,261,19,242,19.444444444444446,8.333333333333332,11.11111111111111,80.55555555555556,5.864197530864197,74.69135802469135
E00066518,295,85,37,48,210,26,184,28.8135593220339,12.54237288135593,16.271186440677965,71.1864406779661,8.813559322033898,62.37288135593221
E00066519,230,41,17,24,189,18,171,17.82608695652174,7.391304347826087,10.434782608695652,82.17391304347827,7.82608695652174,74.34782608695653
E00066520,278,65,29,36,213,12,201,23.381294964028775,10.431654676258994,12.949640287769784,76.61870503597122,4.316546762589928,72.3021582733813
E00066521,284,36,8,28,248,32,216,12.676056338028168,2.8169014084507045,9.859154929577464,87.32394366197182,11.267605633802818,76.05633802816901
E00066522,362,48,20,28,314,29,285,13.259668508287293,5.524861878453039,7.734806629834254,86.74033149171271,8.011049723756907,78.72928176795581
E00066523,317,62,17,45,255,23,232,19.558359621451103,5.3627760252365935,14.195583596214512,80.4416403785489,7.255520504731862,73.18611987381703
E00066524,271,45,16,29,226,26,200,16.605166051660518,5.904059040590406,10.70110701107011,83.39483394833948,9.59409594095941,73.80073800738008
E00066525,348,47,18,29,301,24,277,13.505747126436782,5.172413793103448,8.333333333333332,86.49425287356321,6.896551724137931,79.59770114942529
E00066526,230,69,38,31,161,15,146,30,16.52173913043478,13.478260869565217,70,6.521739130434782,63.47826086956522
E00066527,309,31,10,21,278,28,250,10.032362459546926,3.2362459546925564,6.796116504854369,89.96763754045307,9.06148867313916,80.90614886731392
E00066528,323,47,23,24,276,16,260,14.551083591331269,7.120743034055728,7.430340557275541,85.44891640866872,4.953560371517028,80.4953560371517
E00066529,373,52,19,33,321,26,295,13.941018766756033,5.093833780160858,8.847184986595174,86.05898123324397,6.970509383378016,79.08847184986595
E00066530,302,64,22,42,238,24,214,21.192052980132452,7.28476821192053,13.90728476821192,78.80794701986756,7.9470198675496695,70.86092715231787
E00066531,572,79,36,43,493,38,455,13.81118881118881,6.293706293706294,7.517482517482517,86.18881118881119,6.643356643356643,79.54545454545455
E00066532,284,45,15,30,239,21,218,15.845070422535212,5.28169014084507,10.56338028169014,84.15492957746478,7.394366197183098,76.76056338028168
E00066533,276,44,17,27,232,20,212,15.942028985507244,6.159420289855073,9.782608695652174,84.05797101449275,7.246376811594203,76.81159420289855
E00066534,312,51,11,40,261,19,242,16.346153846153847,3.5256410256410255,12.82051282051282,83.65384615384616,6.089743589743589,77.56410256410257
E00066535,319,55,21,34,264,23,241,17.24137931034483,6.583072100313479,10.658307210031348,82.75862068965517,7.210031347962382,75.54858934169279
E00066536,278,55,14,41,223,13,210,19.784172661870503,5.0359712230215825,14.748201438848922,80.2158273381295,4.676258992805756,75.53956834532374
E00066537,317,70,30,40,247,23,224,22.082018927444793,9.46372239747634,12.618296529968454,77.91798107255521,7.255520504731862,70.66246056782335
E00066538,181,86,45,41,95,8,87,47.51381215469613,24.861878453038674,22.65193370165746,52.48618784530387,4.41988950276243,48.06629834254144
E00066539,215,75,41,34,140,14,126,34.883720930232556,19.069767441860467,15.813953488372093,65.11627906976744,6.511627906976744,58.6046511627907
E00066540,318,65,31,34,253,16,237,20.440251572327046,9.748427672955975,10.69182389937107,79.55974842767296,5.031446540880504,74.52830188679245
E00066541,207,43,18,25,164,19,145,20.77294685990338,8.695652173913043,12.077294685990339,79.22705314009661,9.178743961352657,70.04830917874396
E00066542,297,43,16,27,254,22,232,14.47811447811448,5.387205387205387,9.090909090909092,85.52188552188552,7.4074074074074066,78.11447811447812
E00066543,191,50,20,30,141,8,133,26.17801047120419,10.471204188481675,15.706806282722512,73.82198952879581,4.18848167539267,69.63350785340315
E00066544,318,50,16,34,268,31,237,15.723270440251572,5.031446540880504,10.69182389937107,84.27672955974843,9.748427672955975,74.52830188679245
E00066545,310,49,20,29,261,23,238,15.806451612903224,6.451612903225806,9.35483870967742,84.19354838709677,7.419354838709677,76.77419354838709
E00066546,313,51,17,34,262,20,242,16.293929712460063,5.431309904153355,10.86261980830671,83.70607028753993,6.3897763578274756,77.31629392971246
E00066547,271,51,19,32,220,13,207,18.81918819188192,7.011070110701106,11.808118081180812,81.18081180811808,4.797047970479705,76.38376383763837
E00066548,255,63,29,34,192,28,164,24.705882352941178,11.372549019607844,13.333333333333334,75.29411764705883,10.980392156862745,64.31372549019608
E00066550,241,48,16,32,193,22,171,19.91701244813278,6.639004149377594,13.278008298755188,80.08298755186722,9.12863070539419,70.95435684647303
E00066551,345,72,26,46,273,33,240,20.869565217391305,7.536231884057972,13.333333333333334,79.13043478260869,9.565217391304348,69.56521739130434
E00066552,245,58,17,41,187,15,172,23.6734693877551,6.938775510204081,16.73469387755102,76.32653061224491,6.122448979591836,70.20408163265306
E00066553,297,49,9,40,248,23,225,16.4983164983165,3.0303030303030303,13.468013468013467,83.5016835016835,7.744107744107744,75.75757575757575
E00066554,259,47,21,26,212,26,186,18.146718146718147,8.108108108108109,10.038610038610038,81.85328185328186,10.038610038610038,71.81467181467181
E00066555,270,54,21,33,216,17,199,20,7.777777777777778,12.222222222222221,80,6.296296296296296,73.70370370370371
E00066556,466,100,51,49,366,23,343,21.45922746781116,10.944206008583691,10.515021459227468,78.54077253218884,4.935622317596566,73.60515021459227
E00066557,296,55,26,29,241,19,222,18.58108108108108,8.783783783783784,9.797297297297296,81.41891891891892,6.418918918918918,75
E00066558,203,77,37,40,126,12,114,37.93103448275862,18.226600985221676,19.704433497536947,62.06896551724138,5.911330049261084,56.15763546798029
E00066559,265,46,22,24,219,28,191,17.358490566037734,8.30188679245283,9.056603773584905,82.64150943396227,10.566037735849058,72.0754716981132
E00066560,224,61,23,38,163,12,151,27.232142857142854,10.267857142857142,16.964285714285715,72.76785714285714,5.357142857142857,67.41071428571429
E00066561,256,40,15,25,216,16,200,15.625,5.859375,9.765625,84.375,6.25,78.125
E00066562,264,67,26,41,197,18,179,25.37878787878788,9.848484848484848,15.530303030303031,74.62121212121212,6.8181818181818175,67.8030303030303
E00066563,262,59,28,31,203,19,184,22.519083969465647,10.687022900763358,11.83206106870229,77.48091603053436,7.251908396946565,70.22900763358778
E00066564,263,48,19,29,215,27,188,18.250950570342205,7.224334600760455,11.02661596958175,81.74904942965779,10.26615969581749,71.48288973384031
E00066565,256,48,17,31,208,16,192,18.75,6.640625,12.109375,81.25,6.25,75
E00066566,416,56,22,34,360,34,326,13.461538461538462,5.288461538461538,8.173076923076923,86.53846153846155,8.173076923076923,78.36538461538461
E00066568,364,65,18,47,299,26,273,17.857142857142858,4.945054945054945,12.912087912087914,82.14285714285714,7.142857142857142,75
E00066569,278,55,13,42,223,17,206,19.784172661870503,4.676258992805756,15.107913669064748,80.2158273381295,6.115107913669065,74.10071942446042
E00066570,247,53,21,32,194,20,174,21.45748987854251,8.502024291497975,12.955465587044534,78.54251012145748,8.097165991902834,70.44534412955466
E00066571,276,51,15,36,225,24,201,18.478260869565215,5.434782608695652,13.043478260869565,81.52173913043478,8.695652173913043,72.82608695652173
E00066572,227,35,13,22,192,16,176,15.418502202643172,5.726872246696035,9.691629955947137,84.58149779735683,7.048458149779736,77.5330396475771
E00066573,288,52,25,27,236,16,220,18.055555555555554,8.680555555555555,9.375,81.94444444444444,5.555555555555555,76.38888888888889
E00066574,309,63,34,29,246,30,216,20.388349514563107,11.003236245954692,9.385113268608414,79.6116504854369,9.70873786407767,69.90291262135922
E00066575,283,43,16,27,240,21,219,15.19434628975265,5.6537102473498235,9.540636042402827,84.80565371024736,7.420494699646643,77.3851590106007
E00066576,196,68,39,29,128,16,112,34.69387755102041,19.897959183673468,14.795918367346939,65.3061224489796,8.16326530612245,57.14285714285714
E00066577,274,43,16,27,231,32,199,15.693430656934307,5.839416058394161,9.854014598540147,84.30656934306569,11.678832116788321,72.62773722627736
E00066578,278,51,22,29,227,16,211,18.345323741007196,7.913669064748201,10.431654676258994,81.65467625899281,5.755395683453238,75.89928057553958
E00066579,287,75,34,41,212,18,194,26.132404181184672,11.846689895470384,14.285714285714285,73.86759581881533,6.2717770034843205,67.59581881533101
E00066580,268,53,23,30,215,18,197,19.776119402985074,8.582089552238806,11.194029850746269,80.22388059701493,6.7164179104477615,73.50746268656717
E00066581,266,56,25,31,210,15,195,21.052631578947366,9.398496240601503,11.654135338345863,78.94736842105263,5.639097744360902,73.30827067669173
E00066582,286,59,28,31,227,12,215,20.62937062937063,9.79020979020979,10.839160839160838,79.37062937062937,4.195804195804196,75.17482517482517
E00066583,294,74,38,36,220,13,207,25.170068027210885,12.925170068027212,12.244897959183673,74.82993197278913,4.421768707482993,70.40816326530613
E00066584,258,52,19,33,206,15,191,20.155038759689923,7.3643410852713185,12.790697674418606,79.84496124031007,5.813953488372093,74.03100775193798
E00066585,248,86,43,43,162,10,152,34.67741935483871,17.338709677419356,17.338709677419356,65.32258064516128,4.032258064516129,61.29032258064516
E00066586,359,112,56,56,247,18,229,31.197771587743734,15.598885793871867,15.598885793871867,68.80222841225627,5.013927576601671,63.788300835654596
E00066587,327,55,22,33,272,21,251,16.819571865443425,6.727828746177369,10.091743119266056,83.18042813455658,6.422018348623854,76.75840978593273
E00066588,305,70,36,34,235,22,213,22.950819672131146,11.80327868852459,11.147540983606557,77.04918032786885,7.213114754098362,69.83606557377048
E00066589,310,65,23,42,245,24,221,20.967741935483872,7.419354838709677,13.548387096774196,79.03225806451613,7.741935483870968,71.29032258064515
E00066590,260,35,13,22,225,16,209,13.461538461538462,5,8.461538461538462,86.53846153846155,6.153846153846154,80.38461538461539
E00066591,307,70,34,36,237,10,227,22.80130293159609,11.074918566775244,11.726384364820847,77.19869706840392,3.257328990228013,73.9413680781759
E00066592,252,55,24,31,197,16,181,21.825396825396826,9.523809523809524,12.3015873015873,78.17460317460318,6.349206349206349,71.82539682539682
E00066593,346,74,41,33,272,14,258,21.38728323699422,11.849710982658959,9.53757225433526,78.61271676300578,4.046242774566474,74.56647398843931
E00066594,295,59,33,26,236,22,214,20,11.186440677966102,8.813559322033898,80,7.457627118644068,72.54237288135593
E00066595,252,56,28,28,196,8,188,22.22222222222222,11.11111111111111,11.11111111111111,77.77777777777779,3.1746031746031744,74.60317460317461
E00066596,296,46,15,31,250,25,225,15.54054054054054,5.0675675675675675,10.472972972972974,84.45945945945947,8.445945945945946,76.01351351351352
E00066597,255,47,22,25,208,8,200,18.43137254901961,8.627450980392156,9.803921568627452,81.56862745098039,3.1372549019607843,78.43137254901961
E00066598,268,64,35,29,204,13,191,23.88059701492537,13.059701492537313,10.820895522388058,76.11940298507463,4.850746268656716,71.26865671641791
E00066599,320,56,25,31,264,15,249,17.5,7.8125,9.6875,82.5,4.6875,77.8125
E00066600,326,67,29,38,259,14,245,20.552147239263803,8.895705521472392,11.65644171779141,79.4478527607362,4.294478527607362,75.15337423312883
E00066601,250,40,17,23,210,24,186,16,6.800000000000001,9.2,84,9.6,74.4
E00066602,283,48,16,32,235,17,218,16.96113074204947,5.6537102473498235,11.307420494699647,83.03886925795054,6.007067137809187,77.03180212014135
E00066603,270,47,17,30,223,17,206,17.40740740740741,6.296296296296296,11.11111111111111,82.5925925925926,6.296296296296296,76.29629629629629
E00066604,294,53,24,29,241,22,219,18.027210884353742,8.16326530612245,9.863945578231291,81.97278911564626,7.482993197278912,74.48979591836735
E00066605,335,28,13,15,307,22,285,8.358208955223882,3.880597014925373,4.477611940298507,91.64179104477613,6.567164179104477,85.07462686567165
E00066606,309,36,18,18,273,23,250,11.650485436893204,5.825242718446602,5.825242718446602,88.3495145631068,7.443365695792881,80.90614886731392
E00066607,224,47,19,28,177,16,161,20.982142857142858,8.482142857142858,12.5,79.01785714285714,7.142857142857142,71.875
E00066608,275,37,14,23,238,26,212,13.454545454545455,5.090909090909091,8.363636363636363,86.54545454545455,9.454545454545455,77.0909090909091
E00066609,261,61,22,39,200,21,179,23.371647509578544,8.42911877394636,14.942528735632186,76.62835249042146,8.045977011494253,68.5823754789272
E00066610,357,46,19,27,311,22,289,12.885154061624648,5.322128851540616,7.563025210084033,87.11484593837535,6.162464985994398,80.95238095238095
E00066611,302,87,27,60,215,17,198,28.807947019867548,8.940397350993377,19.867549668874172,71.19205298013244,5.629139072847682,65.56291390728477
E00066612,272,53,23,30,219,16,203,19.485294117647058,8.455882352941178,11.029411764705882,80.51470588235294,5.88235294117647,74.63235294117648
E00066613,244,88,43,45,156,12,144,36.0655737704918,17.62295081967213,18.442622950819672,63.934426229508205,4.918032786885246,59.01639344262295
E00066614,292,42,23,19,250,16,234,14.383561643835616,7.876712328767123,6.506849315068493,85.61643835616438,5.47945205479452,80.13698630136986
E00066615,316,83,42,41,233,21,212,26.265822784810126,13.291139240506327,12.974683544303797,73.73417721518987,6.6455696202531636,67.08860759493672
E00066616,283,77,42,35,206,10,196,27.208480565371023,14.840989399293287,12.36749116607774,72.79151943462897,3.53356890459364,69.25795053003534
E00066617,261,67,37,30,194,10,184,25.67049808429119,14.17624521072797,11.494252873563218,74.32950191570882,3.8314176245210727,70.49808429118774
E00066618,330,56,21,35,274,13,261,16.969696969696972,6.363636363636363,10.606060606060606,83.03030303030303,3.939393939393939,79.0909090909091
E00066619,340,69,29,40,271,22,249,20.294117647058822,8.529411764705882,11.76470588235294,79.70588235294119,6.470588235294119,73.23529411764706
E00066620,355,81,37,44,274,25,249,22.816901408450704,10.422535211267606,12.394366197183098,77.1830985915493,7.042253521126761,70.14084507042253
E00066621,278,63,14,49,215,11,204,22.66187050359712,5.0359712230215825,17.62589928057554,77.33812949640287,3.9568345323741005,73.38129496402878
E00066622,372,119,68,51,253,16,237,31.989247311827956,18.27956989247312,13.709677419354838,68.01075268817203,4.301075268817205,63.70967741935484
E00066623,306,83,44,39,223,14,209,27.124183006535947,14.37908496732026,12.745098039215685,72.87581699346404,4.57516339869281,68.30065359477125
E00066624,305,83,43,40,222,18,204,27.21311475409836,14.098360655737704,13.114754098360656,72.78688524590164,5.901639344262295,66.88524590163935
E00066625,399,91,37,54,308,13,295,22.807017543859647,9.273182957393484,13.533834586466165,77.19298245614034,3.258145363408521,73.93483709273183
E00066626,289,71,38,33,218,17,201,24.567474048442904,13.148788927335639,11.418685121107266,75.4325259515571,5.88235294117647,69.55017301038062
E00066627,222,94,53,41,128,14,114,42.34234234234234,23.873873873873876,18.46846846846847,57.65765765765766,6.306306306306306,51.35135135135135
E00066628,312,62,21,41,250,19,231,19.871794871794872,6.730769230769231,13.141025641025642,80.12820512820514,6.089743589743589,74.03846153846155
E00066629,301,90,54,36,211,18,193,29.900332225913623,17.940199335548172,11.960132890365449,70.09966777408638,5.980066445182724,64.11960132890366
E00066630,314,74,37,37,240,24,216,23.56687898089172,11.78343949044586,11.78343949044586,76.43312101910828,7.643312101910828,68.78980891719745
E00066631,465,116,48,68,349,16,333,24.946236559139784,10.32258064516129,14.623655913978496,75.05376344086021,3.4408602150537635,71.61290322580646
E00066632,260,57,31,26,203,19,184,21.923076923076923,11.923076923076923,10,78.07692307692308,7.307692307692308,70.76923076923077
E00066633,292,48,13,35,244,23,221,16.43835616438356,4.4520547945205475,11.986301369863012,83.56164383561644,7.876712328767123,75.68493150684932
E00066634,320,50,22,28,270,23,247,15.625,6.875000000000001,8.75,84.375,7.187499999999999,77.1875
E00066635,268,48,20,28,220,18,202,17.91044776119403,7.462686567164178,10.44776119402985,82.08955223880598,6.7164179104477615,75.3731343283582
E00066636,210,107,79,28,103,15,88,50.95238095238095,37.61904761904762,13.333333333333334,49.047619047619044,7.142857142857142,41.904761904761905
E00066637,307,84,42,42,223,18,205,27.36156351791531,13.680781758957655,13.680781758957655,72.63843648208469,5.863192182410423,66.77524429967427
E00066638,223,86,47,39,137,7,130,38.56502242152467,21.076233183856502,17.48878923766816,61.43497757847533,3.1390134529147984,58.29596412556054
E00066639,305,71,38,33,234,12,222,23.278688524590162,12.459016393442624,10.819672131147541,76.72131147540983,3.934426229508197,72.78688524590164
E00066640,242,45,18,27,197,15,182,18.59504132231405,7.43801652892562,11.15702479338843,81.40495867768594,6.198347107438017,75.20661157024794
E00066641,273,60,25,35,213,24,189,21.978021978021978,9.157509157509157,12.82051282051282,78.02197802197803,8.791208791208792,69.23076923076923
E00066642,270,76,39,37,194,11,183,28.14814814814815,14.444444444444443,13.703703703703704,71.85185185185186,4.074074074074074,67.77777777777779
E00066643,271,50,16,34,221,15,206,18.45018450184502,5.904059040590406,12.546125461254611,81.54981549815497,5.535055350553505,76.01476014760148
E00066644,289,56,24,32,233,14,219,19.377162629757784,8.304498269896193,11.072664359861593,80.62283737024222,4.844290657439446,75.77854671280276
E00066645,296,68,27,41,228,22,206,22.972972972972975,9.121621621621621,13.85135135135135,77.02702702702703,7.4324324324324325,69.5945945945946
E00066646,279,57,28,29,222,19,203,20.43010752688172,10.03584229390681,10.39426523297491,79.56989247311827,6.810035842293908,72.75985663082437
E00066647,268,44,19,25,224,18,206,16.417910447761194,7.08955223880597,9.328358208955224,83.5820895522388,6.7164179104477615,76.86567164179104
E00066648,283,51,17,34,232,18,214,18.021201413427562,6.007067137809187,12.014134275618375,81.97879858657244,6.36042402826855,75.61837455830388
E00066649,435,116,57,59,319,26,293,26.666666666666668,13.10344827586207,13.563218390804598,73.33333333333333,5.977011494252873,67.35632183908045
E00066650,271,63,26,37,208,13,195,23.247232472324722,9.59409594095941,13.653136531365314,76.75276752767527,4.797047970479705,71.95571955719558
E00066651,306,82,36,46,224,22,202,26.797385620915033,11.76470588235294,15.032679738562091,73.20261437908496,7.18954248366013,66.01307189542483
E00066652,227,71,28,43,156,11,145,31.277533039647576,12.334801762114537,18.94273127753304,68.72246696035242,4.845814977973569,63.87665198237885
E00066653,324,73,46,27,251,10,241,22.530864197530864,14.19753086419753,8.333333333333332,77.46913580246914,3.0864197530864197,74.38271604938271
E00066654,270,49,28,21,221,16,205,18.14814814814815,10.37037037037037,7.777777777777778,81.85185185185185,5.9259259259259265,75.92592592592592
E00066655,297,54,19,35,243,20,223,18.181818181818183,6.397306397306397,11.784511784511785,81.81818181818183,6.7340067340067336,75.08417508417509
E00066656,239,81,44,37,158,10,148,33.89121338912134,18.410041841004183,15.481171548117153,66.10878661087865,4.184100418410042,61.92468619246861
E00066657,327,84,40,44,243,13,230,25.688073394495415,12.232415902140673,13.455657492354739,74.31192660550458,3.9755351681957185,70.33639143730886
E00066658,295,75,41,34,220,17,203,25.423728813559322,13.898305084745763,11.525423728813559,74.57627118644068,5.762711864406779,68.8135593220339
E00066659,336,81,38,43,255,13,242,24.107142857142858,11.30952380952381,12.797619047619047,75.89285714285714,3.869047619047619,72.02380952380952
E00066660,270,60,30,30,210,13,197,22.22222222222222,11.11111111111111,11.11111111111111,77.77777777777779,4.814814814814815,72.96296296296296
E00066661,289,85,44,41,204,15,189,29.411764705882355,15.22491349480969,14.186851211072666,70.58823529411765,5.190311418685121,65.39792387543253
E00066662,316,68,38,30,248,10,238,21.518987341772153,12.025316455696203,9.49367088607595,78.48101265822784,3.1645569620253164,75.31645569620254
E00066663,293,71,35,36,222,15,207,24.2320819112628,11.945392491467576,12.286689419795222,75.76791808873719,5.1194539249146755,70.64846416382252
E00066664,238,30,10,20,208,20,188,12.605042016806722,4.201680672268908,8.403361344537815,87.39495798319328,8.403361344537815,78.99159663865547
E00066665,370,62,24,38,308,30,278,16.756756756756758,6.486486486486487,10.27027027027027,83.24324324324324,8.108108108108109,75.13513513513513
E00066666,312,45,15,30,267,21,246,14.423076923076922,4.807692307692308,9.615384615384617,85.57692307692307,6.730769230769231,78.84615384615384
E00066667,281,50,16,34,231,28,203,17.793594306049823,5.6939501779359425,12.099644128113878,82.20640569395017,9.9644128113879,72.24199288256227
E00066668,271,32,12,20,239,21,218,11.808118081180812,4.428044280442804,7.380073800738007,88.19188191881919,7.7490774907749085,80.44280442804428
E00066669,292,42,20,22,250,21,229,14.383561643835616,6.8493150684931505,7.534246575342466,85.61643835616438,7.191780821917808,78.42465753424658
E00066670,165,67,42,25,98,13,85,40.60606060606061,25.454545454545453,15.151515151515152,59.3939393939394,7.878787878787878,51.515151515151516
E00066671,261,60,26,34,201,18,183,22.988505747126435,9.961685823754788,13.026819923371647,77.01149425287356,6.896551724137931,70.11494252873564
E00066672,243,44,19,25,199,20,179,18.106995884773664,7.818930041152264,10.2880658436214,81.89300411522635,8.23045267489712,73.66255144032921
E00066674,256,63,28,35,193,18,175,24.609375,10.9375,13.671875,75.390625,7.03125,68.359375
E00066675,390,76,32,44,314,21,293,19.48717948717949,8.205128205128204,11.282051282051283,80.51282051282051,5.384615384615385,75.12820512820512
E00066676,279,70,41,29,209,9,200,25.089605734767023,14.695340501792115,10.39426523297491,74.91039426523297,3.225806451612903,71.68458781362007
E00066677,293,38,15,23,255,23,232,12.969283276450511,5.1194539249146755,7.849829351535837,87.03071672354949,7.849829351535837,79.18088737201366
E00066678,325,47,17,30,278,25,253,14.461538461538462,5.230769230769231,9.230769230769232,85.53846153846155,7.6923076923076925,77.84615384615384
E00066679,258,51,22,29,207,21,186,19.767441860465116,8.527131782945736,11.24031007751938,80.23255813953489,8.13953488372093,72.09302325581395
E00066680,299,43,14,29,256,27,229,14.381270903010032,4.682274247491638,9.698996655518394,85.61872909698997,9.03010033444816,76.58862876254182
E00066681,272,59,29,30,213,20,193,21.691176470588236,10.661764705882353,11.029411764705882,78.30882352941177,7.352941176470589,70.95588235294117
E00066682,194,55,32,23,139,11,128,28.350515463917525,16.49484536082474,11.855670103092782,71.64948453608247,5.670103092783505,65.97938144329896
E00066683,240,75,41,34,165,19,146,31.25,17.083333333333332,14.166666666666666,68.75,7.916666666666666,60.83333333333333
E00066684,298,39,12,27,259,25,234,13.087248322147651,4.026845637583892,9.060402684563758,86.91275167785236,8.389261744966444,78.52348993288591
E00066685,277,40,16,24,237,27,210,14.440433212996389,5.776173285198556,8.664259927797833,85.5595667870036,9.747292418772563,75.81227436823104
E00066686,288,33,11,22,255,29,226,11.458333333333332,3.8194444444444446,7.638888888888889,88.54166666666666,10.069444444444445,78.47222222222221
E00066687,207,43,23,20,164,9,155,20.77294685990338,11.11111111111111,9.66183574879227,79.22705314009661,4.3478260869565215,74.8792270531401
E00066688,300,73,30,43,227,7,220,24.333333333333336,10,14.333333333333334,75.66666666666667,2.3333333333333335,73.33333333333333
E00066689,245,55,26,29,190,16,174,22.448979591836736,10.612244897959183,11.83673469387755,77.55102040816327,6.530612244897959,71.0204081632653
E00066690,291,100,51,49,191,14,177,34.36426116838488,17.525773195876287,16.83848797250859,65.63573883161511,4.810996563573884,60.824742268041234
E00066691,344,78,30,48,266,19,247,22.674418604651162,8.720930232558139,13.953488372093023,77.32558139534885,5.523255813953488,71.80232558139535
E00066692,232,47,19,28,185,17,168,20.25862068965517,8.189655172413794,12.068965517241379,79.74137931034483,7.327586206896551,72.41379310344827
E00066693,279,57,21,36,222,13,209,20.43010752688172,7.526881720430108,12.903225806451612,79.56989247311827,4.659498207885305,74.91039426523297
E00066694,233,45,19,26,188,10,178,19.313304721030043,8.15450643776824,11.158798283261802,80.68669527896995,4.291845493562231,76.39484978540773
E00066695,268,62,17,45,206,4,202,23.134328358208954,6.343283582089552,16.791044776119403,76.86567164179104,1.4925373134328357,75.3731343283582
E00066696,359,75,37,38,284,19,265,20.891364902506965,10.30640668523677,10.584958217270195,79.10863509749304,5.2924791086350975,73.81615598885793
E00066697,258,61,30,31,197,11,186,23.643410852713178,11.627906976744185,12.015503875968992,76.35658914728683,4.263565891472868,72.09302325581395
E00066698,294,69,32,37,225,19,206,23.46938775510204,10.884353741496598,12.585034013605442,76.53061224489795,6.462585034013606,70.06802721088435
E00066699,238,63,35,28,175,11,164,26.47058823529412,14.705882352941178,11.76470588235294,73.52941176470588,4.621848739495799,68.90756302521008
E00066700,296,71,35,36,225,19,206,23.986486486486484,11.824324324324325,12.162162162162163,76.01351351351352,6.418918918918918,69.5945945945946
E00066701,293,55,21,34,238,14,224,18.771331058020476,7.167235494880546,11.604095563139932,81.22866894197952,4.778156996587031,76.45051194539249
E00066702,245,56,31,25,189,9,180,22.857142857142858,12.653061224489795,10.204081632653061,77.14285714285715,3.6734693877551026,73.46938775510205
E00066703,312,67,24,43,245,11,234,21.474358974358974,7.6923076923076925,13.782051282051283,78.52564102564102,3.5256410256410255,75
E00066704,271,51,19,32,220,17,203,18.81918819188192,7.011070110701106,11.808118081180812,81.18081180811808,6.273062730627306,74.90774907749078
E00066705,287,73,32,41,214,15,199,25.435540069686414,11.149825783972126,14.285714285714285,74.56445993031359,5.2264808362369335,69.33797909407666
E00066706,187,54,28,26,133,11,122,28.87700534759358,14.973262032085561,13.903743315508022,71.12299465240642,5.88235294117647,65.24064171122996
E00066707,258,58,25,33,200,17,183,22.48062015503876,9.689922480620156,12.790697674418606,77.51937984496125,6.5891472868217065,70.93023255813954
E00066708,212,58,15,43,154,19,135,27.358490566037734,7.0754716981132075,20.28301886792453,72.64150943396226,8.962264150943396,63.67924528301887
E00066709,295,56,22,34,239,21,218,18.983050847457626,7.457627118644068,11.525423728813559,81.01694915254237,7.118644067796611,73.89830508474576
E00066710,256,58,30,28,198,11,187,22.65625,11.71875,10.9375,77.34375,4.296875,73.046875
E00066711,274,73,37,36,201,17,184,26.642335766423358,13.503649635036496,13.138686131386862,73.35766423357664,6.204379562043796,67.15328467153284
E00066712,249,54,22,32,195,13,182,21.686746987951807,8.835341365461847,12.851405622489958,78.3132530120482,5.220883534136546,73.09236947791165
E00066713,279,58,34,24,221,13,208,20.78853046594982,12.186379928315413,8.60215053763441,79.21146953405018,4.659498207885305,74.55197132616487
E00066714,284,63,31,32,221,10,211,22.183098591549296,10.915492957746478,11.267605633802818,77.8169014084507,3.5211267605633805,74.29577464788733
E00066715,149,18,11,7,131,14,117,12.080536912751679,7.38255033557047,4.697986577181208,87.91946308724832,9.395973154362416,78.52348993288591
E00066716,364,54,21,33,310,30,280,14.835164835164836,5.769230769230769,9.065934065934066,85.16483516483517,8.241758241758241,76.92307692307693
E00066717,119,19,8,11,100,4,96,15.966386554621847,6.722689075630252,9.243697478991598,84.03361344537815,3.361344537815126,80.67226890756302
E00066718,233,68,45,23,165,14,151,29.184549356223176,19.313304721030043,9.871244635193133,70.81545064377683,6.008583690987124,64.8068669527897
E00066719,198,60,35,25,138,13,125,30.303030303030305,17.67676767676768,12.626262626262626,69.6969696969697,6.565656565656567,63.13131313131313
E00066720,123,15,3,12,108,3,105,12.195121951219512,2.4390243902439024,9.75609756097561,87.8048780487805,2.4390243902439024,85.36585365853658
E00066722,333,63,21,42,270,26,244,18.91891891891892,6.306306306306306,12.612612612612612,81.08108108108108,7.807807807807808,73.27327327327328
E00066723,281,51,20,31,230,12,218,18.14946619217082,7.11743772241993,11.032028469750891,81.85053380782918,4.270462633451958,77.58007117437722
E00066725,376,55,25,30,321,17,304,14.627659574468085,6.648936170212766,7.9787234042553195,85.37234042553192,4.521276595744681,80.85106382978722
E00066726,306,32,14,18,274,26,248,10.457516339869281,4.57516339869281,5.88235294117647,89.54248366013073,8.49673202614379,81.04575163398692
E00066727,281,57,26,31,224,24,200,20.284697508896798,9.252669039145907,11.032028469750891,79.7153024911032,8.540925266903916,71.17437722419929
E00066728,280,39,11,28,241,18,223,13.928571428571429,3.9285714285714284,10,86.07142857142858,6.428571428571428,79.64285714285714
E00066729,123,27,14,13,96,9,87,21.951219512195124,11.38211382113821,10.569105691056912,78.04878048780488,7.317073170731707,70.73170731707317
E00066730,363,55,23,32,308,28,280,15.151515151515152,6.336088154269973,8.81542699724518,84.84848484848484,7.7134986225895315,77.13498622589532
E00066731,198,52,22,30,146,11,135,26.262626262626267,11.11111111111111,15.151515151515152,73.73737373737373,5.555555555555555,68.18181818181817
E00066732,279,45,18,27,234,23,211,16.129032258064516,6.451612903225806,9.67741935483871,83.87096774193549,8.24372759856631,75.62724014336918
E00066733,272,79,43,36,193,24,169,29.044117647058826,15.808823529411764,13.23529411764706,70.95588235294117,8.823529411764707,62.13235294117647
E00066734,315,68,33,35,247,23,224,21.58730158730159,10.476190476190476,11.11111111111111,78.41269841269842,7.301587301587302,71.11111111111111
E00066735,359,44,10,34,315,24,291,12.256267409470752,2.785515320334262,9.47075208913649,87.74373259052925,6.685236768802229,81.05849582172702
E00066737,329,70,24,46,259,26,233,21.27659574468085,7.29483282674772,13.98176291793313,78.72340425531915,7.90273556231003,70.82066869300911
E00066738,486,102,51,51,384,20,364,20.98765432098765,10.493827160493826,10.493827160493826,79.01234567901234,4.11522633744856,74.8971193415638
E00066739,316,50,16,34,266,27,239,15.822784810126583,5.063291139240507,10.759493670886076,84.17721518987342,8.544303797468354,75.63291139240506
E00066740,301,50,14,36,251,30,221,16.611295681063122,4.651162790697675,11.960132890365449,83.38870431893687,9.966777408637874,73.421926910299
E00066741,352,40,15,25,312,41,271,11.363636363636363,4.261363636363636,7.1022727272727275,88.63636363636364,11.647727272727272,76.98863636363636
E00066742,186,48,24,24,138,11,127,25.806451612903224,12.903225806451612,12.903225806451612,74.19354838709677,5.913978494623656,68.27956989247312
E00066743,254,49,21,28,205,13,192,19.291338582677163,8.267716535433072,11.023622047244094,80.70866141732283,5.118110236220472,75.59055118110236
E00066744,410,91,47,44,319,18,301,22.195121951219512,11.463414634146343,10.731707317073171,77.8048780487805,4.390243902439024,73.41463414634146
E00066745,254,58,30,28,196,14,182,22.83464566929134,11.811023622047244,11.023622047244094,77.16535433070865,5.511811023622047,71.65354330708661
E00066746,334,59,19,40,275,18,257,17.664670658682635,5.688622754491018,11.976047904191617,82.33532934131736,5.389221556886228,76.94610778443113
E00066747,240,39,16,23,201,22,179,16.25,6.666666666666667,9.583333333333334,83.75,9.166666666666666,74.58333333333333
E00066748,256,69,40,29,187,15,172,26.953125,15.625,11.328125,73.046875,5.859375,67.1875
E00066749,247,41,17,24,206,21,185,16.599190283400812,6.882591093117409,9.7165991902834,83.40080971659918,8.502024291497975,74.89878542510121
E00066750,394,61,21,40,333,26,307,15.48223350253807,5.32994923857868,10.152284263959391,84.51776649746193,6.598984771573605,77.91878172588832
E00066751,296,36,16,20,260,8,252,12.162162162162163,5.405405405405405,6.756756756756757,87.83783783783784,2.7027027027027026,85.13513513513513
E00066752,270,49,21,28,221,16,205,18.14814814814815,7.777777777777778,10.37037037037037,81.85185185185185,5.9259259259259265,75.92592592592592
E00066753,384,75,33,42,309,26,283,19.53125,8.59375,10.9375,80.46875,6.770833333333333,73.69791666666666
E00066754,294,47,17,30,247,20,227,15.98639455782313,5.782312925170068,10.204081632653061,84.01360544217688,6.802721088435375,77.21088435374149
E00066755,312,48,17,31,264,21,243,15.384615384615385,5.448717948717949,9.935897435897436,84.61538461538461,6.730769230769231,77.88461538461539
E00066756,341,41,14,27,300,28,272,12.023460410557185,4.105571847507331,7.9178885630498534,87.97653958944281,8.211143695014663,79.76539589442815
E00066757,275,45,14,31,230,26,204,16.363636363636363,5.090909090909091,11.272727272727273,83.63636363636363,9.454545454545455,74.18181818181819
E00066758,285,44,17,27,241,19,222,15.43859649122807,5.964912280701754,9.473684210526317,84.56140350877193,6.666666666666667,77.89473684210526
E00066759,245,47,25,22,198,21,177,19.183673469387756,10.204081632653061,8.979591836734693,80.81632653061224,8.571428571428571,72.24489795918367
E00066760,248,27,14,13,221,24,197,10.887096774193548,5.64516129032258,5.241935483870968,89.11290322580645,9.67741935483871,79.43548387096774
E00066761,426,115,63,52,311,34,277,26.995305164319248,14.788732394366196,12.206572769953052,73.00469483568075,7.981220657276995,65.02347417840375
E00066762,290,39,19,20,251,17,234,13.448275862068964,6.551724137931035,6.896551724137931,86.55172413793103,5.862068965517241,80.6896551724138
E00066763,261,22,7,15,239,16,223,8.42911877394636,2.681992337164751,5.747126436781609,91.57088122605363,6.130268199233716,85.44061302681992
E00066764,274,95,46,49,179,22,157,34.67153284671533,16.78832116788321,17.88321167883212,65.32846715328468,8.02919708029197,57.299270072992705
E00066765,233,54,20,34,179,14,165,23.17596566523605,8.583690987124463,14.592274678111588,76.82403433476395,6.008583690987124,70.81545064377683
E00066766,293,55,27,28,238,20,218,18.771331058020476,9.215017064846416,9.556313993174061,81.22866894197952,6.825938566552901,74.40273037542661
E00066767,337,50,13,37,287,18,269,14.836795252225517,3.857566765578635,10.979228486646884,85.16320474777447,5.341246290801187,79.82195845697329
E00066768,352,69,32,37,283,16,267,19.602272727272727,9.090909090909092,10.511363636363637,80.39772727272727,4.545454545454546,75.85227272727273
E00066769,324,76,40,36,248,14,234,23.456790123456788,12.345679012345679,11.11111111111111,76.5432098765432,4.320987654320987,72.22222222222221
E00066770,301,46,12,34,255,21,234,15.282392026578073,3.9867109634551494,11.295681063122924,84.71760797342192,6.976744186046512,77.74086378737542
E00066771,275,42,22,20,233,24,209,15.272727272727273,8,7.2727272727272725,84.72727272727273,8.727272727272728,76
E00066772,314,69,41,28,245,17,228,21.97452229299363,13.05732484076433,8.9171974522293,78.02547770700637,5.414012738853503,72.61146496815286
E00066773,249,52,15,37,197,18,179,20.883534136546185,6.024096385542169,14.859437751004014,79.11646586345381,7.228915662650602,71.8875502008032
E00066774,274,47,26,21,227,12,215,17.153284671532848,9.48905109489051,7.664233576642336,82.84671532846716,4.37956204379562,78.46715328467153
E00066775,229,32,11,21,197,27,170,13.973799126637553,4.8034934497816595,9.170305676855897,86.02620087336244,11.790393013100436,74.235807860262
E00066776,244,67,30,37,177,23,154,27.459016393442624,12.295081967213115,15.163934426229508,72.54098360655738,9.426229508196721,63.114754098360656
E00066777,277,54,28,26,223,18,205,19.494584837545126,10.108303249097473,9.386281588447654,80.50541516245488,6.4981949458483745,74.0072202166065
E00066778,187,55,26,29,132,14,118,29.411764705882355,13.903743315508022,15.508021390374333,70.58823529411765,7.4866310160427805,63.101604278074866
E00173590,324,105,83,22,219,14,205,32.407407407407405,25.617283950617285,6.790123456790123,67.5925925925926,4.320987654320987,63.27160493827161
E00173591,284,55,28,27,229,29,200,19.366197183098592,9.859154929577464,9.507042253521126,80.63380281690141,10.211267605633804,70.4225352112676
E00173592,403,46,12,34,357,35,322,11.41439205955335,2.977667493796526,8.436724565756824,88.58560794044665,8.6848635235732,79.90074441687345
E00173594,500,118,50,68,382,23,359,23.599999999999998,10,13.600000000000001,76.4,4.6,71.8
E00173596,562,73,30,43,489,42,447,12.98932384341637,5.338078291814947,7.6512455516014235,87.01067615658363,7.473309608540925,79.53736654804271
E00173597,366,39,17,22,327,26,301,10.655737704918032,4.644808743169399,6.0109289617486334,89.34426229508196,7.103825136612022,82.24043715846994
E00173598,341,80,32,48,261,22,239,23.46041055718475,9.3841642228739,14.076246334310852,76.53958944281524,6.451612903225806,70.08797653958945
E00173599,342,17,5,12,325,23,302,4.970760233918129,1.461988304093567,3.508771929824561,95.02923976608187,6.725146198830409,88.30409356725146
E00173600,154,32,15,17,122,13,109,20.77922077922078,9.740259740259742,11.03896103896104,79.22077922077922,8.441558441558442,70.77922077922078
E00173601,308,35,12,23,273,25,248,11.363636363636363,3.896103896103896,7.467532467532467,88.63636363636364,8.116883116883116,80.51948051948052
E00173602,226,45,17,28,181,13,168,19.911504424778762,7.52212389380531,12.389380530973451,80.08849557522124,5.752212389380531,74.33628318584071
E00173603,585,60,14,46,525,32,493,10.256410256410255,2.3931623931623935,7.863247863247863,89.74358974358975,5.47008547008547,84.27350427350427
E00173604,348,58,19,39,290,17,273,16.666666666666664,5.459770114942529,11.206896551724139,83.33333333333334,4.885057471264368,78.44827586206897
E00189219,339,101,52,49,238,18,220,29.793510324483773,15.339233038348082,14.454277286135694,70.20648967551622,5.3097345132743365,64.89675516224189
E00189220,173,67,30,37,106,16,90,38.72832369942196,17.341040462427745,21.38728323699422,61.27167630057804,9.248554913294797,52.02312138728323
E00189233,271,59,25,34,212,12,200,21.771217712177123,9.22509225092251,12.546125461254611,78.22878228782287,4.428044280442804,73.80073800738008
E00189236,297,27,17,10,270,16,254,9.090909090909092,5.723905723905724,3.3670033670033668,90.9090909090909,5.387205387205387,85.52188552188552
E00189242,330,40,10,30,290,21,269,12.121212121212121,3.0303030303030303,9.090909090909092,87.87878787878788,6.363636363636363,81.51515151515152
E00189246,350,54,17,37,296,17,279,15.428571428571427,4.857142857142857,10.571428571428571,84.57142857142857,4.857142857142857,79.71428571428572
E00189247,229,34,10,24,195,17,178,14.847161572052403,4.366812227074235,10.480349344978166,85.1528384279476,7.423580786026202,77.72925764192141
E00189253,299,50,21,29,249,29,220,16.722408026755854,7.023411371237458,9.698996655518394,83.27759197324414,9.698996655518394,73.57859531772574
E00189255,341,28,6,22,313,22,291,8.211143695014663,1.7595307917888565,6.451612903225806,91.78885630498533,6.451612903225806,85.33724340175954
E00189256,406,31,8,23,375,26,349,7.635467980295567,1.9704433497536946,5.665024630541872,92.36453201970444,6.403940886699508,85.96059113300493
E00189262,265,20,7,13,245,10,235,7.547169811320755,2.6415094339622645,4.905660377358491,92.45283018867924,3.7735849056603774,88.67924528301887
E00189290,340,44,25,19,296,14,282,12.941176470588237,7.352941176470589,5.588235294117648,87.05882352941177,4.117647058823529,82.94117647058825
E00189292,127,21,12,9,106,6,100,16.535433070866144,9.448818897637794,7.086614173228346,83.46456692913385,4.724409448818897,78.74015748031496
E00189294,254,39,18,21,215,16,199,15.354330708661418,7.086614173228346,8.267716535433072,84.64566929133859,6.299212598425196,78.34645669291339
E00189297,366,61,24,37,305,24,281,16.666666666666664,6.557377049180328,10.10928961748634,83.33333333333334,6.557377049180328,76.775956284153
E00189299,394,41,14,27,353,24,329,10.406091370558377,3.5532994923857872,6.852791878172589,89.59390862944161,6.091370558375635,83.50253807106598
E00189306,283,21,7,14,262,14,248,7.420494699646643,2.4734982332155475,4.946996466431095,92.57950530035336,4.946996466431095,87.63250883392226
E00189308,464,41,13,28,423,31,392,8.836206896551724,2.8017241379310347,6.0344827586206895,91.16379310344827,6.68103448275862,84.48275862068965
E00189310,345,45,25,20,300,24,276,13.043478260869565,7.246376811594203,5.797101449275362,86.95652173913044,6.956521739130435,80
E00189311,342,21,5,16,321,33,288,6.140350877192982,1.461988304093567,4.678362573099415,93.85964912280701,9.649122807017543,84.21052631578947
E00189312,443,27,8,19,416,31,385,6.094808126410835,1.805869074492099,4.288939051918736,93.90519187358916,6.997742663656885,86.90744920993228
