OA,ts0380001,ts0380002,ts0380003,ts0380004,ts0380005,ts0380006,ts0380007,ts0380002_PCT,ts0380003_PCT,ts0380004_PCT,ts0380005_PCT,ts0380006_PCT,ts0380007_PCT
E00011202,435,72,31,41,363,14,349,16.551724137931036,7.126436781609195,9.425287356321839,83.44827586206897,3.218390804597701,80.22988505747126
E00011203,326,51,16,35,275,13,262,15.644171779141105,4.9079754601226995,10.736196319018406,84.3558282208589,3.9877300613496933,80.3680981595092
E00011204,326,43,20,23,283,12,271,13.190184049079754,6.134969325153374,7.05521472392638,86.80981595092024,3.6809815950920246,83.12883435582822
E00011205,375,44,22,22,331,18,313,11.733333333333333,5.866666666666666,5.866666666666666,88.26666666666667,4.8,83.46666666666667
E00011206,566,81,25,56,485,29,456,14.310954063604239,4.41696113074205,9.89399293286219,85.68904593639576,5.123674911660777,80.56537102473497
E00011207,409,48,25,23,361,17,344,11.7359413202934,6.112469437652812,5.623471882640587,88.26405867970661,4.156479217603912,84.10757946210269
E00011208,365,52,19,33,313,24,289,14.246575342465754,5.205479452054795,9.04109589041096,85.75342465753425,6.575342465753424,79.17808219178082
E00011209,503,75,33,42,428,29,399,14.910536779324055,6.560636182902585,8.34990059642147,85.08946322067594,5.7654075546719685,79.32405566600397
E00011210,370,44,21,23,326,17,309,11.891891891891893,5.675675675675676,6.216216216216217,88.10810810810811,4.594594594594595,83.51351351351352
E00011211,333,42,19,23,291,13,278,12.612612612612612,5.7057057057057055,6.906906906906906,87.38738738738738,3.903903903903904,83.48348348348348
E00011212,342,52,24,28,290,12,278,15.204678362573098,7.017543859649122,8.187134502923977,84.7953216374269,3.508771929824561,81.28654970760235
E00011213,417,101,56,45,316,14,302,24.22062350119904,13.42925659472422,10.79136690647482,75.77937649880096,3.357314148681055,72.42206235011992
E00011214,360,32,11,21,328,16,312,8.88888888888889,3.0555555555555554,5.833333333333333,91.11111111111111,4.444444444444445,86.66666666666667
E00011215,495,80,33,47,415,25,390,16.161616161616163,6.666666666666667,9.494949494949495,83.83838383838383,5.05050505050505,78.78787878787878
E00011216,360,57,28,29,303,18,285,15.833333333333332,7.777777777777778,8.055555555555555,84.16666666666667,5,79.16666666666666
E00011217,308,36,15,21,272,19,253,11.688311688311687,4.870129870129871,6.8181818181818175,88.31168831168831,6.1688311688311686,82.14285714285714
E00011218,274,61,35,26,213,14,199,22.26277372262774,12.773722627737227,9.48905109489051,77.73722627737226,5.109489051094891,72.62773722627736
E00011219,554,58,19,39,496,27,469,10.469314079422382,3.429602888086643,7.039711191335741,89.53068592057761,4.873646209386282,84.65703971119135
E00011220,317,50,25,25,267,10,257,15.772870662460567,7.886435331230284,7.886435331230284,84.22712933753942,3.1545741324921135,81.07255520504731
E00011221,356,52,16,36,304,14,290,14.606741573033707,4.49438202247191,10.112359550561797,85.39325842696628,3.932584269662921,81.46067415730337
E00011222,340,79,55,24,261,14,247,23.235294117647058,16.176470588235293,7.0588235294117645,76.76470588235294,4.117647058823529,72.6470588235294
E00011223,414,71,33,38,343,29,314,17.14975845410628,7.971014492753622,9.178743961352657,82.85024154589372,7.004830917874397,75.84541062801932
E00011224,296,36,11,25,260,18,242,12.162162162162163,3.7162162162162162,8.445945945945946,87.83783783783784,6.081081081081082,81.75675675675676
E00011225,312,35,15,20,277,12,265,11.217948717948719,4.807692307692308,6.41025641025641,88.78205128205127,3.8461538461538463,84.93589743589743
E00011226,299,46,19,27,253,21,232,15.384615384615385,6.354515050167224,9.03010033444816,84.61538461538461,7.023411371237458,77.59197324414716
E00011228,147,71,35,36,76,9,67,48.29931972789115,23.809523809523807,24.489795918367346,51.70068027210885,6.122448979591836,45.57823129251701
E00011229,342,110,71,39,232,24,208,32.16374269005848,20.760233918128655,11.403508771929824,67.83625730994152,7.017543859649122,60.81871345029239
E00011230,610,67,25,42,543,38,505,10.98360655737705,4.098360655737705,6.885245901639345,89.01639344262296,6.229508196721312,82.78688524590164
E00011231,335,51,23,28,284,12,272,15.223880597014924,6.865671641791045,8.358208955223882,84.77611940298507,3.582089552238806,81.19402985074626
E00011232,604,63,30,33,541,21,520,10.43046357615894,4.966887417218543,5.4635761589403975,89.56953642384106,3.47682119205298,86.09271523178808
E00011233,370,45,13,32,325,21,304,12.162162162162163,3.5135135135135136,8.64864864864865,87.83783783783784,5.675675675675676,82.16216216216216
E00011234,339,48,20,28,291,16,275,14.15929203539823,5.899705014749262,8.259587020648967,85.84070796460178,4.71976401179941,81.12094395280236
E00011235,534,98,45,53,436,25,411,18.352059925093634,8.426966292134832,9.925093632958802,81.64794007490637,4.681647940074907,76.96629213483146
E00011237,399,44,18,26,355,16,339,11.027568922305765,4.511278195488721,6.516290726817042,88.97243107769424,4.010025062656641,84.9624060150376
E00011238,342,42,17,25,300,21,279,12.280701754385964,4.970760233918129,7.309941520467836,87.71929824561403,6.140350877192982,81.57894736842105
E00011239,255,45,29,16,210,18,192,17.647058823529413,11.372549019607844,6.2745098039215685,82.35294117647058,7.0588235294117645,75.29411764705883
E00011240,393,39,11,28,354,23,331,9.923664122137405,2.7989821882951653,7.124681933842239,90.07633587786259,5.852417302798982,84.22391857506362
E00011241,404,83,47,36,321,15,306,20.544554455445542,11.633663366336634,8.91089108910891,79.45544554455446,3.7128712871287126,75.74257425742574
E00011242,362,55,18,37,307,16,291,15.193370165745856,4.972375690607735,10.220994475138122,84.80662983425414,4.41988950276243,80.38674033149171
E00011243,439,64,29,35,375,12,363,14.578587699316628,6.605922551252847,7.972665148063782,85.42141230068337,2.733485193621868,82.6879271070615
E00011244,368,38,19,19,330,12,318,10.326086956521738,5.163043478260869,5.163043478260869,89.67391304347827,3.260869565217391,86.41304347826086
E00011245,307,46,14,32,261,29,232,14.983713355048861,4.5602605863192185,10.423452768729643,85.01628664495115,9.446254071661238,75.57003257328991
E00011246,385,40,12,28,345,31,314,10.38961038961039,3.116883116883117,7.2727272727272725,89.6103896103896,8.051948051948052,81.55844155844156
E00011247,317,42,18,24,275,15,260,13.249211356466878,5.678233438485805,7.570977917981073,86.75078864353313,4.73186119873817,82.01892744479495
E00011248,327,50,21,29,277,18,259,15.29051987767584,6.422018348623854,8.868501529051988,84.70948012232415,5.5045871559633035,79.20489296636084
E00011249,268,48,21,27,220,15,205,17.91044776119403,7.835820895522389,10.074626865671641,82.08955223880598,5.597014925373134,76.49253731343283
E00011250,360,43,14,29,317,24,293,11.944444444444445,3.888888888888889,8.055555555555555,88.05555555555556,6.666666666666667,81.38888888888889
E00011251,308,37,17,20,271,22,249,12.012987012987013,5.51948051948052,6.493506493506493,87.98701298701299,7.142857142857142,80.84415584415584
E00011252,340,33,12,21,307,29,278,9.705882352941178,3.5294117647058822,6.176470588235294,90.29411764705883,8.529411764705882,81.76470588235294
E00011253,414,27,0,27,387,26,361,6.521739130434782,0,6.521739130434782,93.47826086956522,6.280193236714976,87.19806763285024
E00011254,428,68,32,36,360,19,341,15.887850467289718,7.476635514018691,8.411214953271028,84.11214953271028,4.439252336448598,79.67289719626169
E00011255,339,59,26,33,280,20,260,17.404129793510325,7.669616519174041,9.734513274336283,82.59587020648968,5.899705014749262,76.69616519174042
E00011256,306,48,16,32,258,23,235,15.686274509803921,5.228758169934641,10.457516339869281,84.31372549019608,7.516339869281046,76.79738562091504
E00011257,329,41,21,20,288,14,274,12.462006079027356,6.382978723404255,6.079027355623101,87.53799392097264,4.25531914893617,83.28267477203647
E00011258,269,34,8,26,235,23,212,12.639405204460965,2.973977695167286,9.66542750929368,87.36059479553904,8.550185873605948,78.81040892193309
E00011259,336,45,19,26,291,32,259,13.392857142857142,5.654761904761905,7.738095238095238,86.60714285714286,9.523809523809524,77.08333333333334
E00011260,170,49,22,27,121,6,115,28.823529411764703,12.941176470588237,15.88235294117647,71.17647058823529,3.5294117647058822,67.64705882352942
E00011261,339,23,9,14,316,28,288,6.784660766961652,2.6548672566371683,4.129793510324483,93.21533923303835,8.259587020648967,84.95575221238938
E00011262,334,49,16,33,285,32,253,14.67065868263473,4.790419161676647,9.880239520958083,85.32934131736528,9.580838323353294,75.74850299401199
E00011263,329,33,13,20,296,24,272,10.030395136778116,3.951367781155015,6.079027355623101,89.96960486322189,7.29483282674772,82.67477203647417
E00011264,308,37,13,24,271,24,247,12.012987012987013,4.220779220779221,7.792207792207792,87.98701298701299,7.792207792207792,80.1948051948052
E00011265,295,42,18,24,253,22,231,14.237288135593221,6.101694915254238,8.135593220338983,85.76271186440678,7.457627118644068,78.30508474576271
E00011266,291,29,13,16,262,24,238,9.965635738831615,4.4673539518900345,5.498281786941581,90.03436426116839,8.24742268041237,81.78694158075601
E00011267,306,59,24,35,247,25,222,19.28104575163399,7.8431372549019605,11.437908496732026,80.71895424836602,8.169934640522875,72.54901960784314
E00011268,308,36,11,25,272,24,248,11.688311688311687,3.571428571428571,8.116883116883116,88.31168831168831,7.792207792207792,80.51948051948052
E00011269,412,61,25,36,351,36,315,14.805825242718445,6.067961165048544,8.737864077669903,85.19417475728154,8.737864077669903,76.45631067961165
E00011270,349,47,23,24,302,22,280,13.46704871060172,6.59025787965616,6.876790830945559,86.53295128939828,6.303724928366762,80.22922636103151
E00011271,361,73,21,52,288,29,259,20.221606648199447,5.8171745152354575,14.40443213296399,79.77839335180056,8.033240997229916,71.74515235457064
E00011272,264,41,12,29,223,14,209,15.530303030303031,4.545454545454546,10.984848484848484,84.46969696969697,5.303030303030303,79.16666666666666
E00011273,333,51,21,30,282,24,258,15.315315315315313,6.306306306306306,9.00900900900901,84.68468468468468,7.207207207207207,77.47747747747748
E00011274,316,32,14,18,284,16,268,10.126582278481013,4.430379746835443,5.69620253164557,89.87341772151899,5.063291139240507,84.81012658227847
E00011275,268,49,16,33,219,19,200,18.28358208955224,5.970149253731343,12.313432835820896,81.71641791044776,7.08955223880597,74.6268656716418
E00011276,304,42,17,25,262,21,241,13.815789473684212,5.592105263157895,8.223684210526317,86.18421052631578,6.907894736842106,79.27631578947368
E00011277,332,40,15,25,292,28,264,12.048192771084338,4.518072289156627,7.530120481927711,87.95180722891565,8.433734939759036,79.51807228915662
E00011278,275,43,15,28,232,21,211,15.636363636363637,5.454545454545454,10.181818181818182,84.36363636363636,7.636363636363637,76.72727272727272
E00011279,224,56,25,31,168,4,164,25,11.160714285714286,13.839285714285715,75,1.7857142857142856,73.21428571428571
E00011280,287,28,11,17,259,27,232,9.75609756097561,3.8327526132404177,5.923344947735192,90.2439024390244,9.40766550522648,80.8362369337979
E00011281,281,48,22,26,233,21,212,17.08185053380783,7.829181494661921,9.252669039145907,82.91814946619218,7.473309608540925,75.44483985765125
E00011282,330,46,14,32,284,16,268,13.939393939393941,4.242424242424243,9.696969696969697,86.06060606060606,4.848484848484849,81.21212121212122
E00011283,271,31,12,19,240,24,216,11.439114391143912,4.428044280442804,7.011070110701106,88.56088560885608,8.856088560885608,79.70479704797047
E00011284,348,57,30,27,291,29,262,16.379310344827587,8.620689655172415,7.758620689655173,83.62068965517241,8.333333333333332,75.28735632183908
E00011285,315,50,18,32,265,22,243,15.873015873015872,5.714285714285714,10.158730158730158,84.12698412698413,6.984126984126984,77.14285714285715
E00011286,334,54,21,33,280,16,264,16.16766467065868,6.287425149700598,9.880239520958083,83.8323353293413,4.790419161676647,79.04191616766467
E00011287,437,64,29,35,373,24,349,14.645308924485127,6.636155606407322,8.009153318077804,85.35469107551488,5.491990846681922,79.86270022883295
E00011288,345,50,20,30,295,19,276,14.492753623188406,5.797101449275362,8.695652173913043,85.5072463768116,5.507246376811594,80
E00011289,257,27,10,17,230,21,209,10.505836575875486,3.8910505836575875,6.614785992217899,89.49416342412452,8.171206225680933,81.32295719844358
E00011290,367,35,14,21,332,26,306,9.536784741144414,3.8147138964577656,5.722070844686648,90.46321525885558,7.084468664850137,83.37874659400545
E00011291,358,31,11,20,327,17,310,8.659217877094973,3.072625698324022,5.58659217877095,91.34078212290503,4.748603351955307,86.59217877094973
E00011292,270,61,26,35,209,12,197,22.59259259259259,9.62962962962963,12.962962962962962,77.4074074074074,4.444444444444445,72.96296296296296
E00011293,329,37,14,23,292,26,266,11.246200607902736,4.25531914893617,6.990881458966565,88.75379939209726,7.90273556231003,80.85106382978722
E00011294,347,55,24,31,292,30,262,15.85014409221902,6.9164265129683,8.93371757925072,84.14985590778097,8.645533141210375,75.50432276657061
E00011295,273,30,10,20,243,20,223,10.989010989010989,3.6630036630036633,7.326007326007327,89.01098901098901,7.326007326007327,81.68498168498168
E00011296,391,52,21,31,339,24,315,13.299232736572892,5.3708439897698215,7.928388746803069,86.70076726342711,6.138107416879795,80.56265984654732
E00011297,407,43,16,27,364,28,336,10.565110565110565,3.9312039312039313,6.6339066339066335,89.43488943488943,6.87960687960688,82.55528255528255
E00011299,337,39,17,22,298,28,270,11.572700296735905,5.044510385756676,6.528189910979229,88.4272997032641,8.30860534124629,80.1186943620178
E00011300,418,47,20,27,371,27,344,11.24401913875598,4.784688995215311,6.4593301435406705,88.75598086124403,6.4593301435406705,82.29665071770334
E00011301,326,47,15,32,279,24,255,14.417177914110429,4.601226993865031,9.815950920245399,85.58282208588957,7.361963190184049,78.22085889570552
E00011302,345,63,26,37,282,20,262,18.26086956521739,7.536231884057972,10.72463768115942,81.73913043478261,5.797101449275362,75.94202898550725
E00011303,379,63,27,36,316,34,282,16.62269129287599,7.12401055408971,9.498680738786279,83.37730870712402,8.970976253298153,74.40633245382587
E00011304,361,66,23,43,295,29,266,18.282548476454295,6.3711911357340725,11.911357340720222,81.7174515235457,8.033240997229916,73.68421052631578
E00011305,372,67,35,32,305,16,289,18.010752688172044,9.408602150537634,8.60215053763441,81.98924731182797,4.301075268817205,77.68817204301075
E00011306,326,49,24,25,277,24,253,15.030674846625766,7.361963190184049,7.668711656441718,84.96932515337423,7.361963190184049,77.60736196319019
E00011307,297,36,17,19,261,18,243,12.121212121212121,5.723905723905724,6.397306397306397,87.87878787878788,6.0606060606060606,81.81818181818183
E00011308,325,28,14,14,297,16,281,8.615384615384615,4.3076923076923075,4.3076923076923075,91.38461538461539,4.923076923076923,86.46153846153845
E00011309,338,53,25,28,285,18,267,15.680473372781064,7.396449704142012,8.284023668639055,84.31952662721893,5.325443786982249,78.99408284023669
E00011310,185,47,29,18,138,6,132,25.405405405405407,15.675675675675677,9.72972972972973,74.5945945945946,3.2432432432432434,71.35135135135135
E00011311,331,42,15,27,289,22,267,12.688821752265861,4.531722054380665,8.157099697885197,87.31117824773413,6.646525679758309,80.66465256797582
E00011312,264,44,20,24,220,9,211,16.666666666666664,7.575757575757576,9.090909090909092,83.33333333333334,3.4090909090909087,79.92424242424242
E00011313,305,60,25,35,245,13,232,19.672131147540984,8.19672131147541,11.475409836065573,80.32786885245902,4.2622950819672125,76.0655737704918
E00011314,348,58,22,36,290,18,272,16.666666666666664,6.321839080459771,10.344827586206897,83.33333333333334,5.172413793103448,78.16091954022988
E00011315,266,36,15,21,230,20,210,13.533834586466165,5.639097744360902,7.894736842105263,86.46616541353383,7.518796992481203,78.94736842105263
E00011316,352,61,31,30,291,14,277,17.329545454545457,8.806818181818182,8.522727272727272,82.67045454545455,3.977272727272727,78.69318181818183
E00011317,300,32,11,21,268,18,250,10.666666666666668,3.6666666666666665,7.000000000000001,89.33333333333333,6,83.33333333333334
E00011318,349,49,18,31,300,13,287,14.040114613180515,5.157593123209169,8.882521489971348,85.95988538681948,3.7249283667621778,82.23495702005731
E00011319,335,53,19,34,282,24,258,15.82089552238806,5.6716417910447765,10.149253731343283,84.17910447761194,7.164179104477612,77.01492537313432
E00011320,118,38,18,20,80,4,76,32.20338983050847,15.254237288135593,16.94915254237288,67.79661016949152,3.389830508474576,64.40677966101694
E00011321,262,60,33,27,202,17,185,22.900763358778626,12.595419847328243,10.305343511450381,77.09923664122137,6.488549618320611,70.61068702290076
E00011322,334,66,37,29,268,16,252,19.760479041916167,11.077844311377245,8.682634730538922,80.23952095808383,4.790419161676647,75.44910179640718
E00011323,225,42,22,20,183,17,166,18.666666666666668,9.777777777777779,8.88888888888889,81.33333333333333,7.555555555555555,73.77777777777777
E00011324,345,58,18,40,287,27,260,16.81159420289855,5.217391304347826,11.594202898550725,83.18840579710145,7.82608695652174,75.36231884057972
E00011325,565,63,20,43,502,31,471,11.150442477876107,3.5398230088495577,7.610619469026549,88.84955752212389,5.486725663716814,83.36283185840708
E00011326,374,34,16,18,340,25,315,9.090909090909092,4.27807486631016,4.81283422459893,90.9090909090909,6.684491978609626,84.22459893048129
E00011327,297,44,16,28,253,19,234,14.814814814814813,5.387205387205387,9.427609427609427,85.18518518518519,6.397306397306397,78.78787878787878
E00011328,275,33,18,15,242,15,227,12,6.545454545454546,5.454545454545454,88,5.454545454545454,82.54545454545455
E00011329,313,47,21,26,266,28,238,15.015974440894569,6.7092651757188495,8.30670926517572,84.98402555910543,8.945686900958465,76.03833865814697
E00011330,331,44,18,26,287,36,251,13.293051359516618,5.438066465256798,7.854984894259818,86.70694864048339,10.876132930513595,75.83081570996978
E00011331,409,43,19,24,366,27,339,10.513447432762836,4.645476772616137,5.8679706601467,89.48655256723717,6.601466992665037,82.88508557457213
E00011332,239,43,22,21,196,20,176,17.99163179916318,9.205020920502092,8.786610878661087,82.00836820083683,8.368200836820083,73.64016736401673
E00011333,463,50,22,28,413,21,392,10.799136069114471,4.751619870410368,6.047516198704104,89.20086393088553,4.535637149028078,84.66522678185746
E00011334,356,52,20,32,304,12,292,14.606741573033707,5.617977528089887,8.98876404494382,85.39325842696628,3.3707865168539324,82.02247191011236
E00011335,299,40,20,20,259,21,238,13.377926421404682,6.688963210702341,6.688963210702341,86.62207357859532,7.023411371237458,79.59866220735786
E00011336,350,33,11,22,317,25,292,9.428571428571429,3.1428571428571432,6.2857142857142865,90.57142857142857,7.142857142857142,83.42857142857143
E00011337,362,42,25,17,320,23,297,11.602209944751381,6.906077348066299,4.696132596685083,88.39779005524862,6.353591160220995,82.04419889502762
E00011338,327,63,32,31,264,13,251,19.26605504587156,9.785932721712538,9.480122324159021,80.73394495412845,3.9755351681957185,76.75840978593273
E00011339,344,48,25,23,296,18,278,13.953488372093023,7.267441860465117,6.686046511627906,86.04651162790698,5.232558139534884,80.81395348837209
E00011340,315,39,13,26,276,20,256,12.380952380952381,4.1269841269841265,8.253968253968253,87.61904761904762,6.349206349206349,81.26984126984127
E00011341,355,69,41,28,286,16,270,19.43661971830986,11.549295774647888,7.887323943661972,80.56338028169014,4.507042253521127,76.05633802816901
E00011342,308,49,23,26,259,21,238,15.909090909090908,7.467532467532467,8.441558441558442,84.0909090909091,6.8181818181818175,77.27272727272727
E00011343,393,41,19,22,352,19,333,10.432569974554708,4.8346055979643765,5.597964376590331,89.56743002544529,4.8346055979643765,84.7328244274809
E00011344,370,51,16,35,319,11,308,13.783783783783784,4.324324324324325,9.45945945945946,86.21621621621621,2.9729729729729732,83.24324324324324
E00011345,408,56,21,35,352,12,340,13.725490196078432,5.147058823529411,8.57843137254902,86.27450980392157,2.941176470588235,83.33333333333334
E00011346,317,43,23,20,274,21,253,13.564668769716087,7.255520504731862,6.309148264984227,86.43533123028391,6.624605678233439,79.81072555205047
E00011347,449,67,30,37,382,23,359,14.92204899777283,6.6815144766147,8.240534521158128,85.07795100222717,5.122494432071269,79.9554565701559
E00011348,370,44,24,20,326,23,303,11.891891891891893,6.486486486486487,5.405405405405405,88.10810810810811,6.216216216216217,81.89189189189189
E00011349,281,55,30,25,226,10,216,19.572953736654807,10.676156583629894,8.896797153024911,80.42704626334519,3.558718861209965,76.86832740213522
E00011350,349,37,10,27,312,26,286,10.601719197707736,2.865329512893983,7.736389684813753,89.39828080229226,7.4498567335243555,81.9484240687679
E00011351,312,40,7,33,272,30,242,12.82051282051282,2.2435897435897436,10.576923076923077,87.17948717948718,9.615384615384617,77.56410256410257
E00011352,403,53,17,36,350,35,315,13.151364764267989,4.218362282878412,8.933002481389577,86.848635235732,8.6848635235732,78.16377171215882
E00011353,346,39,15,24,307,16,291,11.271676300578035,4.335260115606936,6.9364161849710975,88.72832369942196,4.624277456647398,84.10404624277457
E00011354,396,28,11,17,368,20,348,7.07070707070707,2.7777777777777777,4.292929292929292,92.92929292929293,5.05050505050505,87.87878787878788
E00011355,409,30,8,22,379,22,357,7.334963325183375,1.9559902200488997,5.378973105134474,92.66503667481662,5.378973105134474,87.28606356968214
E00011356,344,35,15,20,309,27,282,10.174418604651162,4.3604651162790695,5.813953488372093,89.82558139534885,7.848837209302325,81.97674418604652
E00011357,395,45,22,23,350,12,338,11.39240506329114,5.5696202531645564,5.822784810126582,88.60759493670885,3.0379746835443036,85.56962025316456
E00011358,314,42,15,27,272,12,260,13.375796178343949,4.777070063694268,8.598726114649681,86.62420382165605,3.821656050955414,82.80254777070064
E00011359,337,53,20,33,284,18,266,15.727002967359049,5.934718100890208,9.792284866468842,84.27299703264094,5.341246290801187,78.93175074183976
E00011360,452,42,17,25,410,31,379,9.29203539823009,3.761061946902655,5.530973451327434,90.7079646017699,6.8584070796460175,83.8495575221239
E00011361,374,69,30,39,305,21,284,18.449197860962567,8.0213903743315509,10.427807486631016,81.55080213903744,5.614973262032086,75.93582887700535
E00011362,331,59,27,32,272,12,260,17.82477341389728,8.157099697885197,9.667673716012084,82.17522658610272,3.625377643504532,78.54984894259819
E00011363,499,91,33,58,408,21,387,18.236472945891784,6.613226452905812,11.623246492985972,81.76352705410822,4.208416833667335,77.55511022044088
E00011364,298,52,24,28,246,19,227,17.449664429530202,8.053691275167784,9.395973154362416,82.5503355704698,6.375838926174497,76.1744966442953
E00011365,337,49,25,24,288,12,276,14.540059347181009,7.418397626112759,7.121661721068249,85.45994065281899,3.5608308605341246,81.89910979228486
E00011366,140,22,5,17,118,4,114,15.714285714285714,3.571428571428571,12.142857142857142,84.28571428571429,2.857142857142857,81.42857142857143
E00011367,335,50,19,31,285,10,275,14.925373134328357,5.6716417910447765,9.253731343283581,85.07462686567165,2.9850746268656714,82.08955223880598
E00011368,390,116,68,48,274,36,238,29.743589743589745,17.435897435897434,12.307692307692308,70.25641025641025,9.230769230769232,61.02564102564103
E00011369,520,78,35,43,442,32,410,15,6.730769230769231,8.269230769230768,85,6.153846153846154,78.84615384615384
E00011370,430,85,33,52,345,23,322,19.767441860465116,7.674418604651163,12.093023255813954,80.23255813953489,5.348837209302325,74.88372093023256
E00011371,367,81,41,40,286,16,270,22.070844686648503,11.1716621253406,10.899182561307901,77.9291553133515,4.35967302452316,73.56948228882834
E00011372,322,56,22,34,266,24,242,17.391304347826086,6.832298136645963,10.559006211180124,82.6086956521739,7.453416149068323,75.15527950310559
E00011373,375,69,27,42,306,23,283,18.4,7.199999999999999,11.200000000000001,81.6,6.133333333333333,75.46666666666667
E00011374,281,61,31,30,220,14,206,21.70818505338078,11.032028469750891,10.676156583629894,78.29181494661923,4.98220640569395,73.30960854092527
E00011375,356,66,29,37,290,34,256,18.53932584269663,8.146067415730338,10.393258426966293,81.46067415730337,9.550561797752808,71.91011235955057
E00011376,381,61,29,32,320,25,295,16.010498687664043,7.611548556430446,8.398950131233596,83.98950131233596,6.561679790026247,77.42782152230971
E00011377,344,54,25,29,290,10,280,15.69767441860465,7.267441860465117,8.430232558139535,84.30232558139535,2.9069767441860463,81.3953488372093
E00011378,291,33,12,21,258,11,247,11.34020618556701,4.123711340206185,7.216494845360824,88.65979381443299,3.7800687285223367,84.87972508591065
E00011379,391,65,24,41,326,25,301,16.624040920716112,6.138107416879795,10.485933503836318,83.37595907928389,6.3938618925831205,76.98209718670077
E00011380,267,39,17,22,228,12,216,14.606741573033707,6.367041198501873,8.239700374531834,85.39325842696628,4.49438202247191,80.89887640449437
E00011381,344,71,42,29,273,10,263,20.63953488372093,12.209302325581394,8.430232558139535,79.36046511627907,2.9069767441860463,76.45348837209302
E00011382,317,47,7,40,270,9,261,14.826498422712934,2.2082018927444795,12.618296529968454,85.17350157728707,2.8391167192429023,82.33438485804416
E00011384,388,64,30,34,324,21,303,16.49484536082474,7.731958762886598,8.762886597938143,83.50515463917526,5.412371134020619,78.09278350515464
E00011385,333,63,28,35,270,18,252,18.91891891891892,8.408408408408409,10.51051051051051,81.08108108108108,5.405405405405405,75.67567567567568
E00011386,253,36,13,23,217,8,209,14.229249011857709,5.138339920948617,9.090909090909092,85.7707509881423,3.1620553359683794,82.6086956521739
E00011387,228,45,23,22,183,13,170,19.736842105263158,10.087719298245613,9.649122807017543,80.26315789473685,5.701754385964912,74.56140350877193
E00011388,229,34,16,18,195,16,179,14.847161572052403,6.986899563318777,7.860262008733625,85.1528384279476,6.986899563318777,78.16593886462883
E00011389,353,56,22,34,297,29,268,15.864022662889518,6.232294617563739,9.631728045325778,84.13597733711048,8.21529745042493,75.92067988668555
E00011390,342,41,21,20,301,24,277,11.988304093567251,6.140350877192982,5.847953216374268,88.01169590643275,7.017543859649122,80.99415204678363
E00011391,386,59,29,30,327,22,305,15.284974093264248,7.512953367875648,7.772020725388601,84.71502590673575,5.699481865284974,79.01554404145078
E00011392,330,40,15,25,290,11,279,12.121212121212121,4.545454545454546,7.575757575757576,87.87878787878788,3.3333333333333335,84.54545454545455
E00011393,295,55,20,35,240,13,227,18.64406779661017,6.779661016949152,11.864406779661017,81.35593220338984,4.406779661016949,76.94915254237287
E00011394,426,67,34,33,359,16,343,15.727699530516432,7.981220657276995,7.746478873239436,84.27230046948357,3.755868544600939,80.51643192488262
E00011395,214,69,37,32,145,12,133,32.242990654205606,17.289719626168225,14.953271028037381,67.7570093457944,5.607476635514018,62.149532710280376
E00011396,271,61,28,33,210,4,206,22.509225092250922,10.33210332103321,12.177121771217712,77.49077490774908,1.4760147601476015,76.01476014760148
E00011397,272,62,31,31,210,15,195,22.794117647058822,11.397058823529411,11.397058823529411,77.20588235294117,5.514705882352941,71.69117647058823
E00011398,385,68,26,42,317,10,307,17.662337662337663,6.753246753246753,10.909090909090908,82.33766233766234,2.5974025974025974,79.74025974025975
E00011399,231,56,34,22,175,12,163,24.242424242424242,14.71861471861472,9.523809523809524,75.75757575757575,5.194805194805195,70.56277056277057
E00011400,309,65,29,36,244,11,233,21.035598705501616,9.385113268608414,11.650485436893204,78.96440129449837,3.559870550161812,75.40453074433657
E00011401,431,78,31,47,353,26,327,18.097447795823665,7.192575406032482,10.904872389791183,81.90255220417633,6.0324825986078885,75.87006960556845
E00011402,470,60,21,39,410,33,377,12.76595744680851,4.468085106382979,8.297872340425531,87.2340425531915,7.021276595744681,80.2127659574468
E00011403,235,53,27,26,182,15,167,22.5531914893617,11.48936170212766,11.063829787234042,77.4468085106383,6.382978723404255,71.06382978723404
E00011404,325,80,51,29,245,18,227,24.615384615384617,15.692307692307692,8.923076923076923,75.38461538461539,5.538461538461538,69.84615384615384
E00011405,366,53,23,30,313,12,301,14.48087431693989,6.284153005464481,8.19672131147541,85.51912568306011,3.278688524590164,82.24043715846994
E00011406,376,55,23,32,321,24,297,14.627659574468085,6.117021276595745,8.51063829787234,85.37234042553192,6.382978723404255,78.98936170212765
E00011407,245,34,18,16,211,18,193,13.877551020408163,7.346938775510205,6.530612244897959,86.12244897959184,7.346938775510205,78.77551020408163
E00011408,304,50,17,33,254,10,244,16.447368421052634,5.592105263157895,10.855263157894738,83.55263157894737,3.289473684210526,80.26315789473685
E00011409,353,38,20,18,315,27,288,10.764872521246458,5.6657223796034,5.099150141643059,89.23512747875354,7.64872521246459,81.58640226628894
E00011410,307,50,29,21,257,14,243,16.286644951140065,9.446254071661238,6.840390879478828,83.71335504885994,4.5602605863192185,79.15309446254072
E00011411,287,35,11,24,252,15,237,12.195121951219512,3.8327526132404177,8.362369337979095,87.8048780487805,5.2264808362369335,82.57839721254355
E00011412,371,57,17,40,314,28,286,15.363881401617252,4.5822102425876015,10.781671159029651,84.63611859838275,7.547169811320755,77.088948787062
E00011413,381,42,16,26,339,21,318,11.023622047244094,4.199475065616798,6.824146981627297,88.9763779527559,5.511811023622047,83.46456692913385
E00011414,332,34,18,16,298,29,269,10.240963855421686,5.421686746987952,4.819277108433735,89.7590361445783,8.734939759036145,81.02409638554217
E00011415,254,27,7,20,227,25,202,10.62992125984252,2.7559055118110236,7.874015748031496,89.37007874015748,9.84251968503937,79.52755905511812
E00011416,296,27,8,19,269,17,252,9.121621621621621,2.7027027027027026,6.418918918918918,90.87837837837837,5.743243243243244,85.13513513513513
E00011417,325,52,23,29,273,16,257,16,7.076923076923077,8.923076923076923,84,4.923076923076923,79.07692307692308
E00011418,311,38,12,26,273,13,260,12.218649517684888,3.858520900321544,8.360128617363344,87.78135048231512,4.180064308681672,83.60128617363344
E00011419,330,38,17,21,292,27,265,11.515151515151516,5.151515151515151,6.363636363636363,88.48484848484848,8.181818181818182,80.3030303030303
E00011420,296,55,17,38,241,30,211,18.58108108108108,5.743243243243244,12.837837837837837,81.41891891891892,10.135135135135135,71.28378378378379
E00011421,348,48,14,34,300,13,287,13.793103448275861,4.022988505747127,9.770114942528735,86.20689655172413,3.7356321839080464,82.47126436781609
E00011422,232,35,18,17,197,21,176,15.086206896551724,7.758620689655173,7.327586206896551,84.91379310344827,9.051724137931034,75.86206896551724
E00011423,298,61,29,32,237,23,214,20.469798657718123,9.731543624161073,10.738255033557047,79.53020134228188,7.718120805369128,71.81208053691275
E00011424,300,49,18,31,251,23,228,16.333333333333332,6,10.333333333333334,83.66666666666667,7.666666666666666,76
E00011425,328,48,30,18,280,13,267,14.634146341463413,9.146341463414634,5.487804878048781,85.36585365853658,3.9634146341463414,81.40243902439023
E00011426,241,45,18,27,196,17,179,18.672199170124482,7.468879668049793,11.20331950207469,81.32780082987551,7.053941908713693,74.27385892116183
E00011427,329,35,13,22,294,23,271,10.638297872340425,3.951367781155015,6.68693009118541,89.36170212765957,6.990881458966565,82.37082066869301
E00011428,270,43,26,17,227,16,211,15.925925925925927,9.62962962962963,6.296296296296296,84.07407407407408,5.9259259259259265,78.14814814814814
E00011429,331,55,20,35,276,18,258,16.61631419939577,6.042296072507553,10.574018126888216,83.38368580060424,5.438066465256798,77.94561933534743
E00011430,325,30,16,14,295,28,267,9.230769230769232,4.923076923076923,4.3076923076923075,90.76923076923077,8.615384615384615,82.15384615384616
E00011431,167,24,6,18,143,10,133,14.37125748502994,3.592814371257485,10.778443113772456,85.62874251497006,5.9880239520958085,79.64071856287424
E00011432,245,41,13,28,204,23,181,16.73469387755102,5.3061224489795915,11.428571428571429,83.26530612244898,9.387755102040817,73.87755102040816
E00011433,429,69,29,40,360,25,335,16.083916083916083,6.75990675990676,9.324009324009324,83.91608391608392,5.827505827505827,78.08857808857809
E00011434,324,46,21,25,278,20,258,14.19753086419753,6.481481481481481,7.716049382716049,85.80246913580247,6.172839506172839,79.62962962962963
E00011435,400,64,41,23,336,13,323,16,10.25,5.75,84,3.25,80.75
E00011436,330,41,13,28,289,22,267,12.424242424242424,3.939393939393939,8.484848484848486,87.57575757575758,6.666666666666667,80.9090909090909
E00011437,313,40,8,32,273,19,254,12.779552715654951,2.5559105431309903,10.223642172523961,87.22044728434504,6.070287539936102,81.15015974440894
E00011438,319,53,22,31,266,20,246,16.614420062695924,6.896551724137931,9.717868338557993,83.38557993730407,6.269592476489027,77.11598746081505
E00011439,299,45,20,25,254,22,232,15.050167224080269,6.688963210702341,8.361204013377927,84.94983277591973,7.357859531772576,77.59197324414716
E00011440,307,40,18,22,267,23,244,13.029315960912053,5.863192182410423,7.166123778501629,86.97068403908796,7.491856677524431,79.47882736156352
E00011441,358,41,13,28,317,25,292,11.452513966480447,3.6312849162011176,7.82122905027933,88.54748603351955,6.983240223463687,81.56424581005587
E00011442,283,39,13,26,244,19,225,13.780918727915195,4.593639575971731,9.187279151943462,86.21908127208481,6.713780918727916,79.50530035335689
E00011443,403,44,17,27,359,27,332,10.918114143920596,4.218362282878412,6.699751861042183,89.0818858560794,6.699751861042183,82.38213399503722
E00011444,430,57,14,43,373,27,346,13.25581395348837,3.255813953488372,10,86.74418604651163,6.279069767441861,80.46511627906978
E00011445,309,38,10,28,271,17,254,12.297734627831716,3.2362459546925564,9.06148867313916,87.70226537216828,5.501618122977346,82.20064724919094
E00011446,376,44,16,28,332,23,309,11.702127659574469,4.25531914893617,7.446808510638298,88.29787234042553,6.117021276595745,82.18085106382979
E00011447,273,39,11,28,234,14,220,14.285714285714285,4.029304029304029,10.256410256410255,85.71428571428571,5.128205128205128,80.58608058608058
E00011448,429,37,12,25,392,29,363,8.624708624708624,2.797202797202797,5.827505827505827,91.37529137529138,6.75990675990676,84.61538461538461
E00011449,367,41,18,23,326,31,295,11.1716621253406,4.904632152588556,6.267029972752043,88.8283378746594,8.446866485013624,80.38147138964578
E00011450,524,80,36,44,444,30,414,15.267175572519085,6.870229007633588,8.396946564885496,84.7328244274809,5.7251908396946565,79.00763358778626
E00011451,355,53,11,42,302,21,281,14.929577464788732,3.0985915492957745,11.830985915492958,85.07042253521126,5.915492957746479,79.15492957746478
E00011452,252,61,35,26,191,20,171,24.206349206349206,13.88888888888889,10.317460317460316,75.79365079365078,7.936507936507936,67.85714285714286
E00011453,402,106,52,54,296,23,273,26.368159203980102,12.935323383084576,13.432835820895523,73.6318407960199,5.721393034825871,67.91044776119402
E00011454,231,66,28,38,165,22,143,28.57142857142857,12.121212121212121,16.450216450216452,71.42857142857143,9.523809523809524,61.904761904761905
E00011455,271,43,15,28,228,17,211,15.867158671586715,5.535055350553505,10.33210332103321,84.13284132841329,6.273062730627306,77.85977859778598
E00011456,293,64,30,34,229,15,214,21.843003412969285,10.238907849829351,11.604095563139932,78.15699658703072,5.1194539249146755,73.03754266211604
E00011458,304,46,21,25,258,15,243,15.131578947368421,6.907894736842106,8.223684210526317,84.86842105263158,4.934210526315789,79.93421052631578
E00011459,325,38,17,21,287,18,269,11.692307692307692,5.230769230769231,6.461538461538462,88.3076923076923,5.538461538461538,82.76923076923077
E00011460,288,41,16,25,247,13,234,14.23611111111111,5.555555555555555,8.680555555555555,85.76388888888889,4.513888888888888,81.25
E00011461,302,45,18,27,257,21,236,14.90066225165563,5.960264900662252,8.940397350993377,85.09933774834437,6.95364238410596,78.1456953642384
E00011462,294,50,25,25,244,15,229,17.006802721088434,8.503401360544217,8.503401360544217,82.99319727891157,5.1020408163265305,77.89115646258503
E00011463,297,56,25,31,241,19,222,18.855218855218855,8.417508417508419,10.437710437710438,81.14478114478115,6.397306397306397,74.74747474747475
E00011464,325,49,25,24,276,17,259,15.076923076923077,7.6923076923076925,7.384615384615385,84.92307692307692,5.230769230769231,79.6923076923077
E00011465,261,60,30,30,201,11,190,22.988505747126435,11.494252873563218,11.494252873563218,77.01149425287356,4.21455938697318,72.79693486590038
E00011466,289,36,13,23,253,25,228,12.45674740484429,4.498269896193772,7.958477508650519,87.5432525951557,8.650519031141869,78.89273356401384
E00011467,309,49,13,36,260,21,239,15.857605177993527,4.207119741100324,11.650485436893204,84.14239482200647,6.796116504854369,77.34627831715211
E00011468,326,63,27,36,263,20,243,19.32515337423313,8.282208588957054,11.042944785276074,80.67484662576688,6.134969325153374,74.5398773006135
E00011469,346,47,23,24,299,14,285,13.583815028901732,6.6473988439306355,6.9364161849710975,86.41618497109826,4.046242774566474,82.36994219653178
E00011470,254,44,26,18,210,15,195,17.322834645669293,10.236220472440944,7.086614173228346,82.67716535433071,5.905511811023622,76.77165354330708
E00011471,309,75,41,34,234,12,222,24.271844660194176,13.268608414239482,11.003236245954692,75.72815533980582,3.8834951456310676,71.84466019417476
E00011472,286,54,23,31,232,15,217,18.88111888111888,8.041958041958042,10.839160839160838,81.11888111888112,5.244755244755245,75.87412587412588
E00011473,488,70,39,31,418,26,392,14.344262295081966,7.991803278688526,6.352459016393443,85.65573770491804,5.327868852459016,80.32786885245902
E00011474,380,55,27,28,325,24,301,14.473684210526317,7.105263157894736,7.368421052631578,85.52631578947368,6.315789473684211,79.21052631578948
E00011475,319,43,13,30,276,13,263,13.479623824451412,4.075235109717868,9.404388714733543,86.52037617554859,4.075235109717868,82.44514106583071
E00011476,245,38,21,17,207,12,195,15.510204081632653,8.571428571428571,6.938775510204081,84.48979591836735,4.8979591836734695,79.59183673469387
E00011477,532,64,23,41,468,19,449,12.030075187969924,4.323308270676692,7.7067669172932325,87.96992481203007,3.571428571428571,84.3984962406015
E00011478,320,40,17,23,280,21,259,12.5,5.3125,7.187499999999999,87.5,6.5625,80.9375
E00011479,232,37,16,21,195,10,185,15.948275862068966,6.896551724137931,9.051724137931034,84.05172413793103,4.310344827586207,79.74137931034483
E00011480,270,54,12,42,216,18,198,20,4.444444444444445,15.555555555555555,80,6.666666666666667,73.33333333333333
E00011481,338,40,15,25,298,21,277,11.834319526627219,4.437869822485207,7.396449704142012,88.16568047337277,6.21301775147929,81.95266272189349
E00011482,337,41,14,27,296,25,271,12.166172106824925,4.154302670623145,8.011869436201781,87.83382789317507,7.418397626112759,80.41543026706232
E00011483,282,44,21,23,238,21,217,15.602836879432624,7.446808510638298,8.156028368794328,84.39716312056737,7.446808510638298,76.95035460992908
E00011484,232,40,25,15,192,20,172,17.24137931034483,10.775862068965516,6.4655172413793105,82.75862068965517,8.620689655172415,74.13793103448276
E00011485,256,42,14,28,214,14,200,16.40625,5.46875,10.9375,83.59375,5.46875,78.125
E00011486,377,33,9,24,344,22,322,8.753315649867375,2.3872679045092835,6.36604774535809,91.24668435013263,5.835543766578249,85.41114058355438
E00011487,327,37,11,26,290,28,262,11.314984709480122,3.3639143730886847,7.951070336391437,88.68501529051987,8.56269113149847,80.1223241590214
E00011488,237,41,16,25,196,13,183,17.29957805907173,6.751054852320674,10.548523206751055,82.70042194092827,5.485232067510549,77.21518987341773
E00011490,248,24,6,18,224,17,207,9.67741935483871,2.4193548387096775,7.258064516129033,90.32258064516128,6.854838709677419,83.46774193548387
E00011492,323,53,23,30,270,20,250,16.408668730650156,7.120743034055728,9.287925696594428,83.59133126934985,6.191950464396285,77.39938080495357
E00011493,359,55,23,32,304,22,282,15.32033426183844,6.406685236768802,8.913649025069638,84.67966573816156,6.128133704735376,78.55153203342618
E00011494,363,49,16,33,314,16,298,13.498622589531681,4.40771349862259,9.090909090909092,86.50137741046832,4.40771349862259,82.09366391184572
E00011495,378,63,22,41,315,21,294,16.666666666666664,5.82010582010582,10.846560846560847,83.33333333333334,5.555555555555555,77.77777777777779
E00011496,336,53,27,26,283,21,262,15.773809523809524,8.035714285714286,7.738095238095238,84.22619047619048,6.25,77.97619047619048
E00011497,415,108,76,32,307,19,288,26.024096385542165,18.313253012048193,7.710843373493977,73.97590361445782,4.578313253012048,69.39759036144578
E00011498,344,32,11,21,312,16,296,9.30232558139535,3.1976744186046515,6.104651162790697,90.69767441860465,4.651162790697675,86.04651162790698
E00011499,359,36,12,24,323,25,298,10.027855153203342,3.3426183844011144,6.685236768802229,89.97214484679665,6.963788300835655,83.008356545961007
E00011500,378,56,21,35,322,33,289,14.814814814814813,5.555555555555555,9.25925925925926,85.18518518518519,8.73015873015873,76.45502645502646
E00011501,418,77,30,47,341,20,321,18.421052631578945,7.177033492822966,11.24401913875598,81.57894736842105,4.784688995215311,76.79425837320574
E00011502,375,51,23,28,324,21,303,13.600000000000001,6.133333333333333,7.466666666666668,86.4,5.6000000000000005,80.80000000000001
E00011503,314,50,18,32,264,16,248,15.92356687898089,5.7324840764331215,10.191082802547772,84.07643312101911,5.095541401273886,78.98089171974523
E00011504,398,64,28,36,334,20,314,16.08040201005025,7.035175879396985,9.045226130653267,83.91959798994975,5.025125628140704,78.89447236180904
E00011505,372,44,18,26,328,20,308,11.827956989247312,4.838709677419355,6.989247311827956,88.17204301075269,5.376344086021505,82.79569892473118
E00011506,360,77,35,42,283,10,273,21.38888888888889,9.722222222222223,11.666666666666666,78.61111111111111,2.7777777777777777,75.83333333333333
E00011507,329,46,19,27,283,14,269,13.98176291793313,5.775075987841945,8.206686930091186,86.01823708206688,4.25531914893617,81.7629179331307
E00011508,515,148,98,50,367,36,331,28.7378640776699,19.02912621359223,9.70873786407767,71.26213592233009,6.990291262135923,64.27184466019418
E00011509,376,69,27,42,307,17,290,18.351063829787233,7.180851063829788,11.170212765957446,81.64893617021278,4.521276595744681,77.12765957446808
E00011510,292,36,9,27,256,18,238,12.32876712328767,3.0821917808219177,9.246575342465754,87.67123287671232,6.164383561643835,81.5068493150685
E00011511,408,127,88,39,281,20,261,31.127450980392158,21.568627450980394,9.558823529411764,68.87254901960785,4.901960784313726,63.970588235294116
E00011512,251,44,20,24,207,12,195,17.52988047808765,7.968127490039841,9.56175298804781,82.47011952191235,4.780876494023905,77.68924302788844
E00011513,339,47,22,25,292,16,276,13.864306784660767,6.489675516224189,7.374631268436578,86.13569321533923,4.71976401179941,81.41592920353983
E00011515,400,63,25,38,337,21,316,15.75,6.25,9.5,84.25,5.25,79
E00011516,370,48,21,27,322,23,299,12.972972972972974,5.675675675675676,7.297297297297297,87.02702702702703,6.216216216216217,80.8108108108108
E00011517,332,46,19,27,286,24,262,13.855421686746988,5.72289156626506,8.132530120481928,86.14457831325302,7.228915662650602,78.91566265060241
E00011518,340,71,26,45,269,16,253,20.88235294117647,7.647058823529412,13.23529411764706,79.11764705882352,4.705882352941177,74.41176470588235
E00011519,339,74,25,49,265,17,248,21.828908554572273,7.374631268436578,14.454277286135694,78.17109144542773,5.014749262536873,73.15634218289085
E00011520,274,40,21,19,234,20,214,14.5985401459854,7.664233576642336,6.934306569343065,85.40145985401459,7.2992700729927,78.1021897810219
E00011521,372,56,19,37,316,24,292,15.053763440860216,5.10752688172043,9.946236559139784,84.94623655913979,6.451612903225806,78.49462365591397
E00011522,273,69,34,35,204,24,180,25.274725274725274,12.454212454212454,12.82051282051282,74.72527472527473,8.791208791208792,65.93406593406593
E00011523,339,37,12,25,302,35,267,10.914454277286136,3.5398230088495577,7.374631268436578,89.08554572271386,10.32448377581121,78.76106194690266
E00011524,272,51,27,24,221,17,204,18.75,9.926470588235293,8.823529411764707,81.25,6.25,75
E00011525,307,38,15,23,269,32,237,12.37785016286645,4.88599348534202,7.491856677524431,87.62214983713355,10.423452768729643,77.19869706840392
E00011526,462,74,28,46,388,25,363,16.017316017316016,6.0606060606060606,9.956709956709958,83.98268398268398,5.411255411255411,78.57142857142857
E00011527,306,51,27,24,255,16,239,16.666666666666664,8.823529411764707,7.8431372549019605,83.33333333333334,5.228758169934641,78.10457516339869
E00011528,344,65,29,36,279,16,263,18.8953488372093,8.430232558139535,10.465116279069768,81.1046511627907,4.651162790697675,76.45348837209302
E00011529,408,81,38,43,327,13,314,19.852941176470587,9.313725490196079,10.53921568627451,80.14705882352942,3.1862745098039214,76.9607843137255
E00011530,425,63,23,40,362,17,345,14.823529411764705,5.411764705882352,9.411764705882353,85.1764705882353,4,81.17647058823529
E00011531,340,35,15,20,305,19,286,10.294117647058822,4.411764705882353,5.88235294117647,89.70588235294117,5.588235294117648,84.11764705882354
E00011532,267,64,36,28,203,13,190,23.970037453183522,13.48314606741573,10.486891385767791,76.02996254681648,4.868913857677903,71.16104868913857
E00011533,406,85,44,41,321,22,299,20.935960591133004,10.83743842364532,10.098522167487685,79.06403940886699,5.41871921182266,73.64532019704434
E00011534,431,77,34,43,354,18,336,17.865429234338748,7.888631090487238,9.976798143851507,82.13457076566125,4.176334106728538,77.9582366589327
E00011535,333,77,32,45,256,16,240,23.123123123123122,9.60960960960961,13.513513513513514,76.87687687687688,4.804804804804805,72.07207207207207
E00011536,287,86,53,33,201,14,187,29.965156794425084,18.466898954703833,11.498257839721255,70.03484320557492,4.878048780487805,65.1567944250871
E00011537,447,125,69,56,322,28,294,27.96420581655481,15.436241610738255,12.527964205816556,72.03579418344519,6.263982102908278,65.77181208053692
E00011538,395,59,25,34,336,11,325,14.936708860759493,6.329113924050633,8.60759493670886,85.0632911392405,2.7848101265822782,82.27848101265823
E00011539,375,59,31,28,316,35,281,15.733333333333333,8.266666666666666,7.466666666666668,84.26666666666667,9.333333333333334,74.93333333333332
E00011540,286,53,26,27,233,11,222,18.53146853146853,9.090909090909092,9.44055944055944,81.46853146853147,3.8461538461538463,77.62237762237763
E00011541,335,57,30,27,278,22,256,17.01492537313433,8.955223880597014,8.059701492537313,82.98507462686567,6.567164179104477,76.4179104477612
E00011542,421,60,30,30,361,27,334,14.251781472684085,7.1258907363420425,7.1258907363420425,85.74821852731591,6.413301662707839,79.33491686460808
E00011543,364,117,60,57,247,23,224,32.142857142857146,16.483516483516482,15.659340659340659,67.85714285714286,6.318681318681318,61.53846153846154
E00011544,351,55,30,25,296,27,269,15.669515669515668,8.547008547008547,7.122507122507122,84.33048433048434,7.6923076923076925,76.63817663817663
E00011545,414,64,26,38,350,18,332,15.458937198067632,6.280193236714976,9.178743961352657,84.54106280193237,4.3478260869565215,80.19323671497585
E00011546,384,60,28,32,324,14,310,15.625,7.291666666666667,8.333333333333332,84.375,3.6458333333333335,80.72916666666666
E00011547,436,61,24,37,375,13,362,13.990825688073393,5.5045871559633035,8.486238532110093,86.0091743119266,2.981651376146789,83.02752293577981
E00011548,345,47,27,20,298,20,278,13.623188405797102,7.82608695652174,5.797101449275362,86.37681159420289,5.797101449275362,80.57971014492755
E00011549,329,61,26,35,268,13,255,18.541033434650455,7.90273556231003,10.638297872340425,81.45896656534954,3.951367781155015,77.50759878419453
E00011550,187,62,37,25,125,12,113,33.155080213903744,19.786096256684495,13.368983957219251,66.84491978609626,6.417112299465241,60.42780748663101
E00011551,264,54,32,22,210,16,194,20.454545454545457,12.121212121212121,8.333333333333332,79.54545454545455,6.0606060606060606,73.48484848484848
E00011552,397,62,36,26,335,23,312,15.617128463476071,9.06801007556675,6.54911838790932,84.38287153652394,5.793450881612091,78.58942065491183
E00011553,449,52,25,27,397,20,377,11.58129175946548,5.56792873051225,6.013363028953229,88.41870824053451,4.4543429844097995,83.96436525612472
E00011554,373,81,47,34,292,19,273,21.715817694369974,12.600536193029491,9.115281501340483,78.28418230563003,5.093833780160858,73.19034852546918
E00011555,402,67,33,34,335,16,319,16.666666666666664,8.208955223880597,8.45771144278607,83.33333333333334,3.9800995024875623,79.35323383084577
E00011556,229,43,18,25,186,12,174,18.777292576419214,7.860262008733625,10.91703056768559,81.22270742358079,5.240174672489083,75.9825327510917
E00011558,381,78,40,38,303,16,287,20.47244094488189,10.498687664041995,9.973753280839896,79.52755905511812,4.199475065616798,75.32808398950131
E00011559,319,43,16,27,276,17,259,13.479623824451412,5.015673981191222,8.463949843260188,86.52037617554859,5.329153605015674,81.19122257053291
E00011560,351,64,34,30,287,31,256,18.233618233618234,9.686609686609685,8.547008547008547,81.76638176638177,8.831908831908832,72.93447293447294
E00011561,410,74,30,44,336,13,323,18.048780487804876,7.317073170731707,10.731707317073171,81.95121951219512,3.1707317073170733,78.78048780487805
E00011562,346,61,31,30,285,16,269,17.63005780346821,8.959537572254336,8.670520231213873,82.36994219653178,4.624277456647398,77.74566473988439
E00011563,421,40,24,16,381,8,373,9.501187648456057,5.7007125890736345,3.800475059382423,90.49881235154395,1.9002375296912115,88.59857482185272
E00011564,302,37,20,17,265,9,256,12.251655629139073,6.622516556291391,5.629139072847682,87.74834437086093,2.980132450331126,84.76821192052981
E00011565,431,74,25,49,357,15,342,17.16937354988399,5.800464037122969,11.36890951276102,82.830626450116,3.480278422273782,79.35034802784223
E00011566,362,55,24,31,307,14,293,15.193370165745856,6.629834254143646,8.56353591160221,84.80662983425414,3.867403314917127,80.93922651933701
E00011567,333,53,30,23,280,16,264,15.915915915915916,9.00900900900901,6.906906906906906,84.08408408408408,4.804804804804805,79.27927927927928
E00011568,325,42,17,25,283,18,265,12.923076923076923,5.230769230769231,7.6923076923076925,87.07692307692308,5.538461538461538,81.53846153846153
E00011569,307,67,30,37,240,12,228,21.824104234527688,9.77198697068404,12.052117263843648,78.17589576547232,3.908794788273615,74.2671009771987
E00011570,357,64,37,27,293,16,277,17.92717086834734,10.364145658263306,7.563025210084033,82.07282913165265,4.481792717086835,77.59103641456583
E00011571,350,95,48,47,255,13,242,27.142857142857142,13.714285714285715,13.428571428571429,72.85714285714285,3.7142857142857144,69.14285714285714
E00011572,339,57,24,33,282,17,265,16.8141592920354,7.079646017699115,9.734513274336283,83.1858407079646,5.014749262536873,78.17109144542773
E00011573,377,48,23,25,329,19,310,12.73209549071618,6.10079575596817,6.631299734748011,87.26790450928382,5.039787798408488,82.22811671087533
E00011574,186,62,34,28,124,15,109,33.33333333333333,18.27956989247312,15.053763440860216,66.66666666666666,8.064516129032258,58.602150537634415
E00011575,407,46,18,28,361,29,332,11.302211302211303,4.422604422604422,6.87960687960688,88.6977886977887,7.125307125307126,81.57248157248156
E00011576,363,41,16,25,322,24,298,11.294765840220386,4.40771349862259,6.887052341597796,88.70523415977961,6.6115702479338845,82.09366391184572
E00011577,386,63,27,36,323,21,302,16.321243523316063,6.994818652849741,9.32642487046632,83.67875647668393,5.4404145077720205,78.23834196891191
E00011578,331,36,17,19,295,34,261,10.876132930513595,5.13595166163142,5.740181268882175,89.12386706948641,10.27190332326284,78.85196374622356
E00011579,422,51,20,31,371,26,345,12.085308056872037,4.739336492890995,7.345971563981042,87.91469194312796,6.161137440758294,81.75355450236967
E00011580,381,74,38,36,307,15,292,19.42257217847769,9.973753280839896,9.448818897637794,80.5774278215223,3.937007874015748,76.64041994750657
E00011581,307,53,21,32,254,23,231,17.263843648208468,6.840390879478828,10.423452768729643,82.73615635179154,7.491856677524431,75.2442996742671
E00011582,375,62,22,40,313,16,297,16.53333333333333,5.866666666666666,10.666666666666668,83.46666666666667,4.266666666666667,79.2
E00011583,367,47,17,30,320,22,298,12.806539509536785,4.632152588555858,8.174386920980927,87.19346049046321,5.994550408719346,81.19891008174388
E00011584,362,67,32,35,295,12,283,18.50828729281768,8.83977900552486,9.668508287292818,81.49171270718232,3.314917127071823,78.1767955801105
E00011585,341,56,20,36,285,19,266,16.422287390029325,5.865102639296188,10.557184750733137,83.57771260997067,5.571847507331378,78.00586510263929
E00011586,408,37,17,20,371,21,350,9.068627450980392,4.166666666666666,4.901960784313726,90.93137254901961,5.147058823529411,85.7843137254902
E00011587,336,44,14,30,292,24,268,13.095238095238097,4.166666666666666,8.928571428571429,86.90476190476191,7.142857142857142,79.76190476190477
E00011588,351,54,20,34,297,28,269,15.384615384615385,5.698005698005698,9.686609686609685,84.61538461538461,7.977207977207977,76.63817663817663
E00011589,360,43,15,28,317,23,294,11.944444444444445,4.166666666666666,7.777777777777778,88.05555555555556,6.388888888888888,81.66666666666667
E00011590,358,44,19,25,314,26,288,12.290502793296088,5.307262569832402,6.983240223463687,87.70949720670392,7.262569832402235,80.44692737430168
E00011591,316,38,12,26,278,17,261,12.025316455696203,3.79746835443038,8.227848101265822,87.9746835443038,5.379746835443038,82.59493670886076
E00011592,318,58,25,33,260,26,234,18.238993710691823,7.861635220125786,10.377358490566039,81.76100628930818,8.176100628930817,73.58490566037736
E00011593,332,59,32,27,273,18,255,17.771084337349397,9.63855421686747,8.132530120481928,82.2289156626506,5.421686746987952,76.80722891566265
E00011594,350,45,19,26,305,20,285,12.857142857142856,5.428571428571429,7.428571428571429,87.14285714285714,5.714285714285714,81.42857142857143
E00011595,342,65,27,38,277,24,253,19.005847953216374,7.894736842105263,11.11111111111111,80.99415204678363,7.017543859649122,73.9766081871345
E00011596,357,57,31,26,300,19,281,15.966386554621847,8.683473389355742,7.282913165266107,84.03361344537815,5.322128851540616,78.71148459383754
E00011597,282,36,17,19,246,16,230,12.76595744680851,6.028368794326241,6.73758865248227,87.2340425531915,5.673758865248227,81.56028368794325
E00011598,313,43,17,26,270,28,242,13.738019169329075,5.431309904153355,8.30670926517572,86.26198083067092,8.945686900958465,77.31629392971246
E00011599,334,43,17,26,291,19,272,12.874251497005988,5.089820359281437,7.784431137724551,87.12574850299401,5.688622754491018,81.437125748502993
E00011601,381,31,16,15,350,25,325,8.136482939632545,4.199475065616798,3.937007874015748,91.86351706036746,6.561679790026247,85.30183727034121
E00011602,309,65,27,38,244,24,220,21.035598705501616,8.737864077669903,12.297734627831716,78.96440129449837,7.766990291262135,71.19741100323624
E00011603,435,52,23,29,383,23,360,11.954022988505747,5.287356321839081,6.666666666666667,88.04597701149424,5.287356321839081,82.75862068965517
E00011604,280,57,28,29,223,13,210,20.357142857142858,10,10.357142857142858,79.64285714285714,4.642857142857143,75
E00011605,364,44,20,24,320,25,295,12.087912087912088,5.4945054945054945,6.593406593406594,87.91208791208791,6.868131868131869,81.04395604395604
E00011606,395,51,13,38,344,37,307,12.91139240506329,3.2911392405063293,9.620253164556962,87.0886075949367,9.367088607594937,77.72151898734178
E00011607,329,57,23,34,272,24,248,17.325227963525837,6.990881458966565,10.33434650455927,82.67477203647417,7.29483282674772,75.37993920972644
E00011608,291,39,12,27,252,24,228,13.402061855670103,4.123711340206185,9.278350515463918,86.5979381443299,8.24742268041237,78.35051546391753
E00011609,420,43,11,32,377,35,342,10.238095238095237,2.619047619047619,7.6190476190476195,89.76190476190476,8.333333333333332,81.42857142857143
E00011610,376,45,17,28,331,21,310,11.96808510638298,4.521276595744681,7.446808510638298,88.03191489361703,5.585106382978723,82.4468085106383
E00011611,316,38,15,23,278,11,267,12.025316455696203,4.746835443037975,7.2784810126582276,87.9746835443038,3.481012658227848,84.49367088607595
E00011612,291,46,19,27,245,17,228,15.807560137457044,6.529209621993128,9.278350515463918,84.19243986254295,5.841924398625429,78.35051546391753
E00011613,348,61,30,31,287,23,264,17.52873563218391,8.620689655172415,8.908045977011495,82.47126436781609,6.609195402298851,75.86206896551724
E00011614,308,33,22,11,275,12,263,10.714285714285714,7.142857142857142,3.571428571428571,89.28571428571429,3.896103896103896,85.3896103896104
E00011615,279,32,16,16,247,12,235,11.469534050179211,5.734767025089606,5.734767025089606,88.5304659498208,4.301075268817205,84.22939068100358
E00011616,310,42,16,26,268,16,252,13.548387096774196,5.161290322580645,8.38709677419355,86.45161290322581,5.161290322580645,81.29032258064515
E00011617,369,49,17,32,320,22,298,13.279132791327914,4.607046070460704,8.672086720867208,86.72086720867209,5.9620596205962055,80.75880758807588
E00011618,331,69,22,47,262,18,244,20.84592145015106,6.646525679758309,14.19939577039275,79.15407854984893,5.438066465256798,73.71601208459214
E00011619,373,48,25,23,325,11,314,12.868632707774799,6.702412868632708,6.166219839142091,87.1313672922252,2.949061662198391,84.1823056300268
E00011620,342,61,27,34,281,16,265,17.83625730994152,7.894736842105263,9.941520467836257,82.16374269005848,4.678362573099415,77.48538011695906
E00011621,331,37,16,21,294,29,265,11.178247734138973,4.833836858006042,6.3444108761329305,88.82175226586104,8.761329305135952,80.06042296072508
E00011622,351,38,20,18,313,12,301,10.826210826210826,5.698005698005698,5.128205128205128,89.17378917378917,3.418803418803419,85.75498575498575
E00011623,325,49,21,28,276,20,256,15.076923076923077,6.461538461538462,8.615384615384615,84.92307692307692,6.153846153846154,78.76923076923077
E00011624,432,59,20,39,373,30,343,13.657407407407407,4.62962962962963,9.027777777777777,86.3425925925926,6.944444444444445,79.39814814814815
E00011625,392,77,37,40,315,16,299,19.642857142857142,9.438775510204081,10.204081632653061,80.35714285714286,4.081632653061225,76.27551020408163
E00011626,315,42,18,24,273,11,262,13.333333333333334,5.714285714285714,7.6190476190476195,86.66666666666667,3.492063492063492,83.17460317460318
E00011627,338,41,18,23,297,15,282,12.1301775147929,5.325443786982249,6.8047337278106506,87.86982248520711,4.437869822485207,83.4319526627219
E00011628,324,51,20,31,273,19,254,15.74074074074074,6.172839506172839,9.5679012345679,84.25925925925925,5.864197530864197,78.39506172839506
E00011629,327,54,23,31,273,16,257,16.51376146788991,7.033639143730887,9.480122324159021,83.4862385321101,4.892966360856269,78.59327217125383
E00011630,345,47,16,31,298,22,276,13.623188405797102,4.63768115942029,8.985507246376812,86.37681159420289,6.3768115942028984,80
E00011631,325,41,15,26,284,18,266,12.615384615384615,4.615384615384616,8,87.38461538461539,5.538461538461538,81.84615384615384
E00011632,406,59,26,33,347,23,324,14.532019704433496,6.403940886699508,8.12807881773399,85.4679802955665,5.665024630541872,79.80295566502463
E00011633,282,37,21,16,245,19,226,13.120567375886525,7.446808510638298,5.673758865248227,86.87943262411348,6.73758865248227,80.1418439716312
E00011634,366,49,23,26,317,20,297,13.387978142076504,6.284153005464481,7.103825136612022,86.6120218579235,5.46448087431694,81.14754098360656
E00011635,329,52,26,26,277,26,251,15.80547112462006,7.90273556231003,7.90273556231003,84.19452887537993,7.90273556231003,76.29179331306992
E00011636,364,60,23,37,304,28,276,16.483516483516482,6.318681318681318,10.164835164835164,83.51648351648352,7.6923076923076925,75.82417582417582
E00011637,302,83,43,40,219,9,210,27.483443708609272,14.23841059602649,13.245033112582782,72.51655629139073,2.980132450331126,69.5364238410596
E00011638,301,52,20,32,249,13,236,17.275747508305646,6.64451827242525,10.631229235880399,82.72425249169434,4.318936877076411,78.40531561461795
E00011639,389,40,11,29,349,25,324,10.282776349614396,2.827763496143959,7.455012853470437,89.7172236503856,6.426735218508997,83.29048843187661
E00011640,401,48,23,25,353,25,328,11.970074812967582,5.7356608478802995,6.234413965087282,88.02992518703242,6.234413965087282,81.79551122194513
E00011641,395,43,10,33,352,21,331,10.886075949367088,2.5316455696202533,8.354430379746836,89.1139240506329,5.3164556962025316,83.79746835443038
E00011642,312,52,22,30,260,30,230,16.666666666666664,7.051282051282051,9.615384615384617,83.33333333333334,9.615384615384617,73.71794871794873
E00011643,310,41,16,25,269,21,248,13.225806451612904,5.161290322580645,8.064516129032258,86.7741935483871,6.774193548387098,80
E00011644,325,56,23,33,269,18,251,17.23076923076923,7.076923076923077,10.153846153846153,82.76923076923077,5.538461538461538,77.23076923076924
E00011645,356,56,22,34,300,15,285,15.730337078651685,6.179775280898876,9.550561797752808,84.26966292134831,4.213483146067416,80.0561797752809
E00011646,514,65,34,31,449,21,428,12.645914396887159,6.614785992217899,6.031128404669261,87.35408560311284,4.085603112840467,83.26848249027238
E00011647,381,44,23,21,337,11,326,11.548556430446194,6.036745406824147,5.511811023622047,88.4514435695538,2.8871391076115485,85.56430446194226
E00011648,404,48,26,22,356,28,328,11.881188118811881,6.435643564356436,5.445544554455446,88.11881188118812,6.9306930693069315,81.1881188118812
E00011649,367,52,14,38,315,17,298,14.168937329700274,3.8147138964577656,10.354223433242508,85.83106267029973,4.632152588555858,81.19891008174388
E00011650,288,49,20,29,239,15,224,17.01388888888889,6.944444444444445,10.069444444444445,82.98611111111111,5.208333333333334,77.77777777777779
E00011651,320,38,8,30,282,19,263,11.875,2.5,9.375,88.125,5.9375,82.1875
E00011652,262,39,27,12,223,18,205,14.885496183206106,10.305343511450381,4.580152671755725,85.1145038167939,6.870229007633588,78.2442748091603
E00011653,299,51,23,28,248,13,235,17.05685618729097,7.6923076923076925,9.364548494983277,82.94314381270902,4.3478260869565215,78.59531772575251
E00011654,317,84,45,39,233,14,219,26.498422712933756,14.195583596214512,12.302839116719243,73.50157728706624,4.416403785488959,69.08517350157729
E00011655,370,49,17,32,321,15,306,13.243243243243244,4.594594594594595,8.64864864864865,86.75675675675676,4.054054054054054,82.70270270270271
E00011656,349,31,8,23,318,15,303,8.882521489971348,2.292263610315186,6.59025787965616,91.11747851002865,4.297994269340974,86.81948424068769
E00011657,350,34,10,24,316,26,290,9.714285714285714,2.857142857142857,6.857142857142858,90.28571428571428,7.428571428571429,82.85714285714286
E00011658,342,46,14,32,296,17,279,13.450292397660817,4.093567251461988,9.35672514619883,86.54970760233918,4.970760233918129,81.57894736842105
E00011659,327,33,13,20,294,28,266,10.091743119266056,3.9755351681957185,6.116207951070336,89.90825688073394,8.56269113149847,81.34556574923548
E00011660,338,45,22,23,293,10,283,13.313609467455622,6.508875739644971,6.8047337278106506,86.68639053254438,2.9585798816568047,83.72781065088756
E00011661,201,44,23,21,157,11,146,21.890547263681594,11.442786069651742,10.44776119402985,78.1094527363184,5.472636815920398,72.636815920398
E00011662,326,57,29,28,269,13,256,17.484662576687114,8.895705521472392,8.588957055214724,82.51533742331289,3.9877300613496933,78.52760736196319
E00011663,415,41,11,30,374,26,348,9.879518072289157,2.6506024096385543,7.228915662650602,90.12048192771084,6.265060240963856,83.855421686747
E00011664,210,78,58,20,132,11,121,37.142857142857146,27.61904761904762,9.523809523809524,62.857142857142854,5.238095238095238,57.61904761904761
E00011665,327,44,23,21,283,17,266,13.455657492354739,7.033639143730887,6.422018348623854,86.54434250764525,5.198776758409786,81.34556574923548
E00011666,344,45,19,26,299,22,277,13.08139534883721,5.523255813953488,7.55813953488372,86.9186046511628,6.395348837209303,80.52325581395348
E00011667,355,32,18,14,323,10,313,9.014084507042254,5.070422535211268,3.943661971830986,90.98591549295774,2.8169014084507045,88.16901408450704
E00011668,435,46,24,22,389,24,365,10.574712643678161,5.517241379310345,5.057471264367816,89.42528735632183,5.517241379310345,83.9080459770115
E00011669,346,54,19,35,292,27,265,15.606936416184972,5.491329479768786,10.115606936416185,84.39306358381504,7.803468208092486,76.58959537572254
E00011670,322,55,26,29,267,13,254,17.080745341614907,8.074534161490684,9.006211180124224,82.91925465838509,4.037267080745342,78.88198757763976
E00011671,316,44,16,28,272,9,263,13.924050632911392,5.063291139240507,8.860759493670885,86.07594936708861,2.848101265822785,83.22784810126582
E00011672,298,30,9,21,268,19,249,10.06711409395973,3.0201342281879198,7.046979865771812,89.93288590604027,6.375838926174497,83.55704697986577
E00011673,362,43,18,25,319,18,301,11.878453038674033,4.972375690607735,6.906077348066299,88.12154696132598,4.972375690607735,83.14917127071824
E00011674,340,38,18,20,302,26,276,11.176470588235295,5.294117647058823,5.88235294117647,88.8235294117647,7.647058823529412,81.17647058823529
E00011675,323,41,17,24,282,19,263,12.693498452012383,5.263157894736842,7.430340557275541,87.30650154798761,5.88235294117647,81.42414860681114
E00011676,384,47,23,24,337,17,320,12.239583333333332,5.989583333333334,6.25,87.76041666666666,4.427083333333334,83.33333333333334
E00011677,391,41,10,31,350,22,328,10.485933503836318,2.557544757033248,7.928388746803069,89.51406649616368,5.626598465473146,83.88746803069054
E00011678,340,32,13,19,308,23,285,9.411764705882353,3.823529411764706,5.588235294117648,90.58823529411765,6.764705882352941,83.82352941176471
E00011679,360,37,11,26,323,28,295,10.277777777777777,3.0555555555555554,7.222222222222221,89.72222222222223,7.777777777777778,81.94444444444444
E00011680,318,38,14,24,280,19,261,11.949685534591195,4.40251572327044,7.547169811320755,88.0503144654088,5.9748427672955975,82.0754716981132
E00011681,417,57,28,29,360,26,334,13.66906474820144,6.71462829736211,6.954436450839328,86.33093525179856,6.235011990407674,80.0959232613909
E00011682,438,57,20,37,381,22,359,13.013698630136986,4.5662100456621,8.447488584474886,86.98630136986301,5.0228310502283104,81.9634703196347
E00011683,391,46,21,25,345,28,317,11.76470588235294,5.3708439897698215,6.3938618925831205,88.23529411764706,7.161125319693094,81.07416879795396
E00011684,350,40,18,22,310,20,290,11.428571428571429,5.142857142857142,6.2857142857142865,88.57142857142857,5.714285714285714,82.85714285714286
E00011685,327,40,16,24,287,24,263,12.232415902140673,4.892966360856269,7.339449541284404,87.76758409785933,7.339449541284404,80.42813455657493
E00011686,291,54,21,33,237,17,220,18.556701030927837,7.216494845360824,11.34020618556701,81.44329896907216,5.841924398625429,75.60137457044674
E00011687,297,48,26,22,249,16,233,16.161616161616163,8.754208754208754,7.4074074074074066,83.83838383838383,5.387205387205387,78.45117845117845
E00011688,318,35,13,22,283,24,259,11.0062893081761,4.088050314465408,6.918238993710692,88.9937106918239,7.547169811320755,81.44654088050315
E00011689,379,54,20,34,325,24,301,14.24802110817942,5.277044854881266,8.970976253298153,85.75197889182058,6.33245382585752,79.41952506596306
E00011690,291,47,17,30,244,12,232,16.151202749140893,5.841924398625429,10.309278350515463,83.8487972508591,4.123711340206185,79.72508591065292
E00011691,330,52,22,30,278,14,264,15.757575757575756,6.666666666666667,9.090909090909092,84.24242424242424,4.242424242424243,80
E00011692,428,57,21,36,371,12,359,13.317757009345794,4.906542056074766,8.411214953271028,86.6822429906542,2.803738317757009,83.8785046728972
E00011693,340,55,14,41,285,20,265,16.176470588235293,4.117647058823529,12.058823529411764,83.82352941176471,5.88235294117647,77.94117647058823
E00011694,374,62,28,34,312,21,291,16.577540106951872,7.4866310160427805,9.090909090909092,83.42245989304813,5.614973262032086,77.80748663101605
E00011695,284,42,15,27,242,19,223,14.788732394366196,5.28169014084507,9.507042253521126,85.2112676056338,6.690140845070422,78.52112676056338
E00011696,292,48,30,18,244,17,227,16.43835616438356,10.273972602739725,6.164383561643835,83.56164383561644,5.821917808219178,77.73972602739725
E00011697,297,48,23,25,249,17,232,16.161616161616163,7.744107744107744,8.417508417508419,83.83838383838383,5.723905723905724,78.11447811447812
E00011698,278,44,17,27,234,24,210,15.827338129496402,6.115107913669065,9.712230215827338,84.17266187050359,8.633093525179856,75.53956834532374
E00011699,287,39,16,23,248,17,231,13.588850174216027,5.574912891986063,8.013937282229964,86.41114982578398,5.923344947735192,80.48780487804879
E00011700,315,59,28,31,256,23,233,18.73015873015873,8.88888888888889,9.841269841269842,81.26984126984127,7.301587301587302,73.96825396825398
E00011701,353,52,25,27,301,24,277,14.730878186968837,7.0821529745042495,7.64872521246459,85.26912181303116,6.79886685552408,78.47025495750708
E00011702,293,40,14,26,253,25,228,13.651877133105803,4.778156996587031,8.873720136518772,86.3481228668942,8.532423208191126,77.81569965870307
E00011703,325,39,13,26,286,23,263,12,4,8,88,7.076923076923077,80.92307692307692
E00011704,319,38,14,24,281,17,264,11.912225705329153,4.38871473354232,7.523510971786834,88.08777429467085,5.329153605015674,82.75862068965517
E00011705,297,44,23,21,253,11,242,14.814814814814813,7.744107744107744,7.07070707070707,85.18518518518519,3.7037037037037033,81.48148148148148
E00011706,339,50,24,26,289,22,267,14.749262536873156,7.079646017699115,7.669616519174041,85.25073746312685,6.489675516224189,78.76106194690266
E00011707,436,61,23,38,375,15,360,13.990825688073393,5.275229357798166,8.715596330275229,86.0091743119266,3.4403669724770642,82.56880733944955
E00011708,371,61,30,31,310,19,291,16.442048517520217,8.086253369272237,8.355795148247978,83.55795148247978,5.121293800539084,78.4366576819407
E00011709,259,34,15,19,225,13,212,13.127413127413126,5.7915057915057915,7.335907335907336,86.87258687258688,5.019305019305019,81.85328185328186
E00011710,356,50,28,22,306,20,286,14.04494382022472,7.865168539325842,6.179775280898876,85.95505617977528,5.617977528089887,80.33707865168539
E00011711,302,62,34,28,240,19,221,20.52980132450331,11.258278145695364,9.271523178807946,79.47019867549669,6.291390728476822,73.17880794701986
E00011712,564,84,32,52,480,28,452,14.893617021276595,5.673758865248227,9.219858156028367,85.1063829787234,4.964539007092199,80.1418439716312
E00011713,429,68,30,38,361,22,339,15.85081585081585,6.993006993006993,8.857808857808857,84.14918414918415,5.128205128205128,79.02097902097903
E00011714,342,48,22,26,294,11,283,14.035087719298245,6.432748538011696,7.602339181286549,85.96491228070175,3.216374269005848,82.7485380116959
E00011715,338,38,19,19,300,12,288,11.242603550295858,5.621301775147929,5.621301775147929,88.75739644970415,3.5502958579881656,85.20710059171599
E00011716,365,45,19,26,320,11,309,12.32876712328767,5.205479452054795,7.123287671232877,87.67123287671232,3.0136986301369864,84.65753424657534
E00011717,415,64,26,38,351,22,329,15.421686746987953,6.265060240963856,9.156626506024097,84.57831325301206,5.301204819277109,79.27710843373494
E00011718,360,52,18,34,308,18,290,14.444444444444443,5,9.444444444444445,85.55555555555556,5,80.55555555555556
E00011719,341,55,22,33,286,12,274,16.129032258064516,6.451612903225806,9.67741935483871,83.87096774193549,3.519061583577713,80.35190615835776
E00011720,429,59,21,38,370,20,350,13.752913752913754,4.895104895104895,8.857808857808857,86.24708624708624,4.662004662004662,81.58508158508158
E00011721,343,51,23,28,292,25,267,14.868804664723031,6.705539358600583,8.16326530612245,85.13119533527697,7.288629737609329,77.84256559766763
E00011722,347,51,21,30,296,12,284,14.697406340057636,6.051873198847262,8.645533141210375,85.30259365994236,3.45821325648415,81.84438040345822
E00011723,349,47,24,23,302,20,282,13.46704871060172,6.876790830945559,6.59025787965616,86.53295128939828,5.730659025787966,80.80229226361033
E00011724,402,65,28,37,337,25,312,16.169154228855724,6.965174129353234,9.203980099502488,83.83084577114428,6.218905472636816,77.61194029850746
E00011725,312,45,15,30,267,23,244,14.423076923076922,4.807692307692308,9.615384615384617,85.57692307692307,7.371794871794872,78.2051282051282
E00011726,453,58,33,25,395,23,372,12.803532008830022,7.28476821192053,5.518763796909492,87.19646799116998,5.077262693156733,82.11920529801324
E00011727,412,66,27,39,346,21,325,16.019417475728158,6.553398058252427,9.466019417475728,83.98058252427184,5.097087378640777,78.88349514563106
E00011728,483,62,26,36,421,15,406,12.836438923395447,5.383022774327122,7.453416149068323,87.16356107660455,3.1055900621118013,84.05797101449275
E00011729,334,52,19,33,282,26,256,15.568862275449103,5.688622754491018,9.880239520958083,84.4311377245509,7.784431137724551,76.64670658682635
E00011730,417,65,14,51,352,20,332,15.587529976019185,3.357314148681055,12.23021582733813,84.41247002398082,4.796163069544365,79.61630695443645
E00011731,391,48,20,28,343,20,323,12.27621483375959,5.115089514066496,7.161125319693094,87.7237851662404,5.115089514066496,82.6086956521739
E00011732,311,36,16,20,275,23,252,11.57556270096463,5.144694533762058,6.430868167202572,88.42443729903538,7.395498392282958,81.02893890675242
E00011733,204,49,24,25,155,5,150,24.019607843137255,11.76470588235294,12.254901960784313,75.98039215686273,2.450980392156863,73.52941176470588
E00011734,350,47,15,32,303,23,280,13.428571428571429,4.285714285714286,9.142857142857142,86.57142857142858,6.571428571428571,80
E00011735,280,36,14,22,244,11,233,12.857142857142856,5,7.857142857142857,87.14285714285714,3.9285714285714284,83.21428571428572
E00011736,453,72,31,41,381,30,351,15.894039735099339,6.843267108167771,9.050772626931568,84.10596026490066,6.622516556291391,77.48344370860927
E00011737,156,28,10,18,128,15,113,17.94871794871795,6.41025641025641,11.538461538461538,82.05128205128204,9.615384615384617,72.43589743589743
E00011739,302,41,22,19,261,11,250,13.57615894039735,7.28476821192053,6.291390728476822,86.42384105960265,3.642384105960265,82.78145695364239
E00011740,362,57,29,28,305,33,272,15.745856353591158,8.011049723756907,7.734806629834254,84.25414364640883,9.116022099447514,75.13812154696133
E00011741,287,40,16,24,247,22,225,13.937282229965156,5.574912891986063,8.362369337979095,86.06271777003485,7.665505226480835,78.397212543554
E00011743,403,51,17,34,352,21,331,12.655086848635236,4.218362282878412,8.436724565756824,87.34491315136476,5.2109181141439205,82.13399503722084
E00011744,316,36,14,22,280,20,260,11.39240506329114,4.430379746835443,6.962025316455696,88.60759493670885,6.329113924050633,82.27848101265823
E00011745,340,48,16,32,292,21,271,14.117647058823529,4.705882352941177,9.411764705882353,85.88235294117646,6.176470588235294,79.70588235294119
E00011746,339,31,9,22,308,19,289,9.144542772861357,2.6548672566371683,6.489675516224189,90.85545722713864,5.604719764011799,85.25073746312685
E00011747,276,30,12,18,246,20,226,10.869565217391305,4.3478260869565215,6.521739130434782,89.13043478260869,7.246376811594203,81.88405797101449
E00011748,264,34,9,25,230,15,215,12.878787878787879,3.4090909090909087,9.469696969696969,87.12121212121212,5.681818181818182,81.43939393939394
E00011749,289,54,31,23,235,24,211,18.685121107266436,10.726643598615917,7.958477508650519,81.31487889273356,8.304498269896193,73.01038062283737
E00011750,231,61,28,33,170,6,164,26.406926406926406,12.121212121212121,14.285714285714285,73.59307359307358,2.5974025974025974,70.995670995671
E00011751,295,25,16,9,270,17,253,8.47457627118644,5.423728813559322,3.050847457627119,91.52542372881356,5.762711864406779,85.76271186440678
E00011753,448,77,40,37,371,23,348,17.1875,8.928571428571429,8.258928571428571,82.8125,5.133928571428571,77.67857142857143
E00011754,308,56,34,22,252,21,231,18.181818181818183,11.03896103896104,7.142857142857142,81.81818181818183,6.8181818181818175,75
E00011755,282,36,24,12,246,12,234,12.76595744680851,8.51063829787234,4.25531914893617,87.2340425531915,4.25531914893617,82.97872340425532
E00011756,277,32,19,13,245,17,228,11.552346570397113,6.859205776173286,4.693140794223827,88.4476534296029,6.137184115523466,82.31046931407943
E00011757,497,58,21,37,439,26,413,11.670020120724347,4.225352112676056,7.44466800804829,88.32997987927565,5.23138832997988,83.09859154929578
E00011758,457,58,20,38,399,26,373,12.691466083150985,4.3763676148796495,8.315098468271334,87.30853391684902,5.689277899343545,81.61925601750546
E00011759,322,47,28,19,275,10,265,14.596273291925465,8.695652173913043,5.900621118012422,85.40372670807453,3.1055900621118013,82.29813664596274
E00011761,425,50,9,41,375,18,357,11.76470588235294,2.1176470588235294,9.647058823529411,88.23529411764706,4.235294117647059,84
E00011762,472,50,18,32,422,18,404,10.59322033898305,3.8135593220338984,6.779661016949152,89.40677966101694,3.8135593220338984,85.59322033898306
E00011764,308,29,13,16,279,13,266,9.415584415584416,4.220779220779221,5.194805194805195,90.5844155844156,4.220779220779221,86.36363636363636
E00011765,418,48,20,28,370,23,347,11.483253588516746,4.784688995215311,6.698564593301436,88.51674641148325,5.502392344497608,83.01435406698565
E00011766,542,69,27,42,473,16,457,12.730627306273062,4.981549815498155,7.7490774907749085,87.26937269372694,2.952029520295203,84.31734317343174
E00011767,303,47,19,28,256,18,238,15.51155115511551,6.270627062706271,9.24092409240924,84.48844884488449,5.9405940594059405,78.54785478547855
E00011768,339,41,12,29,298,21,277,12.094395280235988,3.5398230088495577,8.55457227138643,87.90560471976401,6.1946902654867255,81.71091445427729
E00011769,293,42,24,18,251,17,234,14.334470989761092,8.19112627986348,6.143344709897611,85.6655290102389,5.802047781569966,79.86348122866895
E00011770,311,22,10,12,289,17,272,7.07395498392283,3.215434083601286,3.858520900321544,92.92604501607717,5.466237942122187,87.45980707395499
E00011771,277,43,13,30,234,14,220,15.523465703971121,4.693140794223827,10.830324909747292,84.47653429602889,5.054151624548736,79.42238267148014
E00011772,328,73,54,19,255,7,248,22.25609756097561,16.463414634146343,5.7926829268292686,77.7439024390244,2.1341463414634148,75.60975609756098
E00011773,359,42,14,28,317,22,295,11.699164345403899,3.8997214484679668,7.7994428969359335,88.3008356545961,6.128133704735376,82.17270194986072
E00011774,327,42,16,26,285,11,274,12.844036697247708,4.892966360856269,7.951070336391437,87.1559633027523,3.3639143730886847,83.79204892966361
E00011775,348,51,17,34,297,23,274,14.655172413793101,4.885057471264368,9.770114942528735,85.34482758620689,6.609195402298851,78.73563218390804
E00011776,388,48,17,31,340,18,322,12.371134020618557,4.381443298969072,7.989690721649484,87.62886597938144,4.639175257731959,82.9896907216495
E00011777,359,35,10,25,324,22,302,9.749303621169917,2.785515320334262,6.963788300835655,90.25069637883009,6.128133704735376,84.12256267409471
E00011778,288,50,23,27,238,18,220,17.36111111111111,7.986111111111111,9.375,82.63888888888889,6.25,76.38888888888889
E00011779,242,47,24,23,195,28,167,19.421487603305785,9.917355371900827,9.50413223140496,80.57851239669421,11.570247933884298,69.00826446280992
E00011780,387,55,21,34,332,22,310,14.21188630490956,5.426356589147287,8.785529715762273,85.78811369509044,5.684754521963824,80.10335917312662
E00011781,365,48,21,27,317,20,297,13.150684931506849,5.7534246575342465,7.397260273972603,86.84931506849315,5.47945205479452,81.36986301369863
E00011782,368,45,17,28,323,32,291,12.228260869565217,4.619565217391304,7.608695652173914,87.77173913043478,8.695652173913043,79.07608695652173
E00011783,334,50,26,24,284,25,259,14.97005988023952,7.784431137724551,7.18562874251497,85.02994011976048,7.48502994011976,77.54491017964071
E00011784,306,42,18,24,264,22,242,13.725490196078432,5.88235294117647,7.8431372549019605,86.27450980392157,7.18954248366013,79.08496732026144
E00011785,373,60,19,41,313,15,298,16.0857908847185,5.093833780160858,10.991957104557642,83.91420911528151,4.021447721179625,79.89276139410187
E00011786,284,33,10,23,251,24,227,11.619718309859154,3.5211267605633805,8.098591549295776,88.38028169014085,8.450704225352112,79.92957746478874
E00011787,500,77,38,39,423,21,402,15.4,7.6,7.8,84.6,4.2,80.4
E00011788,327,44,11,33,283,21,262,13.455657492354739,3.3639143730886847,10.091743119266056,86.54434250764525,6.422018348623854,80.1223241590214
E00011789,349,34,11,23,315,24,291,9.742120343839542,3.151862464183381,6.59025787965616,90.25787965616045,6.876790830945559,83.3810888252149
E00011790,315,34,12,22,281,22,259,10.793650793650794,3.8095238095238098,6.984126984126984,89.20634920634922,6.984126984126984,82.22222222222221
E00011791,212,55,25,30,157,15,142,25.943396226415093,11.79245283018868,14.150943396226415,74.05660377358491,7.0754716981132075,66.98113207547169
E00011792,396,51,15,36,345,22,323,12.878787878787879,3.787878787878788,9.090909090909092,87.12121212121212,5.555555555555555,81.56565656565657
E00011793,357,47,19,28,310,36,274,13.165266106442578,5.322128851540616,7.8431372549019605,86.83473389355743,10.084033613445378,76.75070028011206
E00011794,317,42,16,26,275,19,256,13.249211356466878,5.047318611987381,8.201892744479496,86.75078864353313,5.993690851735016,80.7570977917981
E00011795,235,28,9,19,207,14,193,11.914893617021278,3.829787234042553,8.085106382978724,88.08510638297872,5.957446808510639,82.12765957446808
E00011796,261,50,22,28,211,19,192,19.157088122605366,8.42911877394636,10.727969348659004,80.84291187739464,7.2796934865900385,73.5632183908046
E00011797,300,36,12,24,264,16,248,12,4,8,88,5.333333333333334,82.66666666666667
E00011798,248,29,16,13,219,24,195,11.693548387096774,6.451612903225806,5.241935483870968,88.30645161290323,9.67741935483871,78.62903225806451
E00011799,271,31,12,19,240,18,222,11.439114391143912,4.428044280442804,7.011070110701106,88.56088560885608,6.642066420664207,81.91881918819189
E00011800,279,51,21,30,228,22,206,18.27956989247312,7.526881720430108,10.75268817204301,81.72043010752688,7.885304659498208,73.83512544802868
E00011801,253,49,25,24,204,12,192,19.367588932806324,9.881422924901186,9.486166007905137,80.63241106719367,4.743083003952568,75.8893280632411
E00011802,243,58,27,31,185,14,171,23.868312757201647,11.11111111111111,12.757201646090536,76.13168724279835,5.761316872427984,70.37037037037037
E00011803,230,52,20,32,178,13,165,22.608695652173914,8.695652173913043,13.91304347826087,77.39130434782608,5.6521739130434785,71.73913043478261
E00011804,302,55,24,31,247,21,226,18.211920529801322,7.9470198675496695,10.264900662251655,81.78807947019867,6.95364238410596,74.83443708609272
E00011805,463,52,22,30,411,36,375,11.23110151187905,4.751619870410368,6.479481641468683,88.76889848812095,7.775377969762419,80.99352051835854
E00011806,322,32,9,23,290,18,272,9.937888198757763,2.7950310559006213,7.142857142857142,90.06211180124224,5.590062111801243,84.472049689441
E00011807,367,67,27,40,300,22,278,18.256130790190735,7.3569482288828345,10.899182561307901,81.74386920980926,5.994550408719346,75.74931880108991
E00011808,334,45,20,25,289,17,272,13.47305389221557,5.9880239520958085,7.48502994011976,86.52694610778443,5.089820359281437,81.437125748502993
E00011809,280,48,18,30,232,12,220,17.142857142857142,6.428571428571428,10.714285714285714,82.85714285714286,4.285714285714286,78.57142857142857
E00011810,337,51,19,32,286,29,257,15.133531157270031,5.637982195845697,9.495548961424333,84.86646884272997,8.605341246290802,76.26112759643917
E00011811,345,62,21,41,283,25,258,17.971014492753625,6.086956521739131,11.884057971014492,82.02898550724638,7.246376811594203,74.78260869565217
E00011812,337,59,27,32,278,32,246,17.50741839762611,8.011869436201781,9.495548961424333,82.49258160237389,9.495548961424333,72.99703264094956
E00011813,294,61,26,35,233,20,213,20.74829931972789,8.843537414965986,11.904761904761903,79.25170068027211,6.802721088435375,72.44897959183673
E00011814,346,49,18,31,297,23,274,14.16184971098266,5.202312138728324,8.959537572254336,85.83815028901735,6.6473988439306355,79.1907514450867
E00011815,369,92,64,28,277,21,256,24.932249322493224,17.344173441734416,7.588075880758807,75.06775067750678,5.691056910569105,69.37669376693766
E00011816,296,56,26,30,240,18,222,18.91891891891892,8.783783783783784,10.135135135135135,81.08108108108108,6.081081081081082,75
E00011817,215,48,18,30,167,12,155,22.325581395348838,8.372093023255815,13.953488372093023,77.67441860465117,5.5813953488372094,72.09302325581395
E00011818,426,63,29,34,363,26,337,14.788732394366196,6.807511737089202,7.981220657276995,85.2112676056338,6.103286384976526,79.10798122065728
E00011819,329,46,23,23,283,18,265,13.98176291793313,6.990881458966565,6.990881458966565,86.01823708206688,5.47112462006079,80.54711246200608
E00011820,315,36,12,24,279,19,260,11.428571428571429,3.8095238095238098,7.6190476190476195,88.57142857142857,6.031746031746032,82.53968253968253
E00011822,301,40,18,22,261,13,248,13.2890365448505,5.980066445182724,7.308970099667775,86.71096345514951,4.318936877076411,82.39202657807309
E00011823,310,66,32,34,244,20,224,21.29032258064516,10.32258064516129,10.967741935483872,78.70967741935485,6.451612903225806,72.25806451612902
E00011824,326,52,22,30,274,18,256,15.950920245398773,6.748466257668712,9.202453987730062,84.04907975460122,5.521472392638037,78.52760736196319
E00011825,328,45,15,30,283,22,261,13.719512195121952,4.573170731707317,9.146341463414634,86.28048780487805,6.707317073170732,79.57317073170732
E00011826,331,38,17,21,293,11,282,11.48036253776435,5.13595166163142,6.3444108761329305,88.51963746223565,3.3232628398791544,85.1963746223565
E00011827,403,49,22,27,354,28,326,12.158808933002481,5.459057071960298,6.699751861042183,87.84119106699751,6.9478908188585615,80.89330024813896
E00011828,342,36,10,26,306,22,284,10.526315789473683,2.923976608187134,7.602339181286549,89.47368421052632,6.432748538011696,83.04093567251462
E00011829,193,45,21,24,148,13,135,23.316062176165804,10.880829015544041,12.435233160621761,76.68393782383419,6.7357512953367875,69.94818652849742
E00011830,408,115,78,37,293,20,273,28.186274509803923,19.11764705882353,9.068627450980392,71.81372549019608,4.901960784313726,66.91176470588235
E00011831,359,37,13,24,322,15,307,10.30640668523677,3.6211699164345403,6.685236768802229,89.69359331476323,4.178272980501393,85.51532033426183
E00011832,348,38,16,22,310,16,294,10.919540229885058,4.597701149425287,6.321839080459771,89.08045977011494,4.597701149425287,84.48275862068965
E00011833,408,44,21,23,364,18,346,10.784313725490197,5.147058823529411,5.637254901960785,89.2156862745098,4.411764705882353,84.80392156862744
E00011834,389,45,18,27,344,16,328,11.568123393316196,4.627249357326478,6.940874035989718,88.4318766066838,4.113110539845758,84.31876606683805
E00011835,362,43,16,27,319,15,304,11.878453038674033,4.41988950276243,7.458563535911603,88.12154696132598,4.143646408839778,83.97790055248619
E00011836,345,67,32,35,278,17,261,19.420289855072465,9.27536231884058,10.144927536231885,80.57971014492755,4.9275362318840585,75.65217391304347
E00011837,433,65,26,39,368,24,344,15.011547344110854,6.0046189376443415,9.006928406466514,84.98845265588915,5.542725173210162,79.44572748267899
E00011838,403,53,19,34,350,14,336,13.151364764267989,4.714640198511166,8.436724565756824,86.848635235732,3.4739454094292808,83.37468982630273
E00011839,406,88,44,44,318,18,300,21.67487684729064,10.83743842364532,10.83743842364532,78.32512315270937,4.433497536945813,73.89162561576354
E00011840,378,69,32,37,309,20,289,18.253968253968253,8.465608465608465,9.788359788359788,81.74603174603175,5.291005291005291,76.45502645502646
E00011841,340,51,18,33,289,17,272,15,5.294117647058823,9.705882352941178,85,5,80
E00011842,323,46,14,32,277,19,258,14.241486068111456,4.3343653250774,9.907120743034056,85.75851393188854,5.88235294117647,79.87616099071208
E00011843,363,41,13,28,322,14,308,11.294765840220386,3.581267217630854,7.7134986225895315,88.70523415977961,3.8567493112947657,84.84848484848484
E00011844,417,65,29,36,352,17,335,15.587529976019185,6.954436450839328,8.633093525179856,84.41247002398082,4.07673860911271,80.3357314148681
E00011845,338,49,25,24,289,13,276,14.497041420118343,7.396449704142012,7.100591715976331,85.50295857988166,3.8461538461538463,81.65680473372781
E00011846,385,63,35,28,322,19,303,16.363636363636363,9.090909090909092,7.2727272727272725,83.63636363636363,4.935064935064935,78.70129870129871
E00011847,427,49,21,28,378,20,358,11.475409836065573,4.918032786885246,6.557377049180328,88.52459016393442,4.683840749414521,83.8407494145199
E00011848,364,48,24,24,316,23,293,13.186813186813188,6.593406593406594,6.593406593406594,86.81318681318682,6.318681318681318,80.4945054945055
E00011849,524,66,31,35,458,16,442,12.595419847328243,5.916030534351145,6.679389312977099,87.40458015267176,3.0534351145038165,84.35114503816794
E00011850,202,21,7,14,181,5,176,10.396039603960396,3.4653465346534658,6.9306930693069315,89.60396039603961,2.4752475247524752,87.12871287128714
E00011851,314,50,22,28,264,11,253,15.92356687898089,7.006369426751593,8.9171974522293,84.07643312101911,3.5031847133757963,80.57324840764332
E00011853,403,71,35,36,332,12,320,17.617866004962778,8.6848635235732,8.933002481389577,82.38213399503722,2.977667493796526,79.4044665012407
E00011854,319,48,20,28,271,24,247,15.047021943573668,6.269592476489027,8.77742946708464,84.95297805642633,7.523510971786834,77.4294670846395
E00011855,348,53,24,29,295,24,271,15.229885057471265,6.896551724137931,8.333333333333332,84.77011494252874,6.896551724137931,77.87356321839081
E00011856,335,59,29,30,276,21,255,17.611940298507463,8.656716417910449,8.955223880597014,82.38805970149254,6.26865671641791,76.11940298507463
E00011857,368,47,18,29,321,13,308,12.771739130434783,4.891304347826087,7.880434782608696,87.22826086956522,3.532608695652174,83.69565217391305
E00011858,349,43,16,27,306,19,287,12.320916905444127,4.584527220630372,7.736389684813753,87.67908309455588,5.444126074498568,82.23495702005731
E00011859,349,43,22,21,306,16,290,12.320916905444127,6.303724928366762,6.017191977077363,87.67908309455588,4.584527220630372,83.0945558739255
E00011860,513,74,24,50,439,21,418,14.42495126705653,4.678362573099415,9.746588693957115,85.57504873294347,4.093567251461988,81.48148148148148
E00011861,128,23,18,5,105,1,104,17.96875,14.0625,3.90625,82.03125,0.78125,81.25
E00011862,331,27,8,19,304,15,289,8.157099697885197,2.416918429003021,5.740181268882175,91.8429003021148,4.531722054380665,87.31117824773413
E00011863,341,66,36,30,275,23,252,19.35483870967742,10.557184750733137,8.797653958944283,80.64516129032258,6.744868035190615,73.90029325513197
E00011864,323,32,12,20,291,28,263,9.907120743034056,3.7151702786377707,6.191950464396285,90.09287925696594,8.6687306501548,81.42414860681114
E00011865,408,44,17,27,364,32,332,10.784313725490197,4.166666666666666,6.61764705882353,89.2156862745098,7.8431372549019605,81.37254901960785
E00011866,351,35,13,22,316,27,289,9.971509971509972,3.7037037037037033,6.267806267806268,90.02849002849003,7.6923076923076925,82.33618233618233
E00011867,342,44,21,23,298,29,269,12.865497076023392,6.140350877192982,6.725146198830409,87.13450292397661,8.47953216374269,78.65497076023392
E00011868,308,38,10,28,270,13,257,12.337662337662337,3.2467532467532463,9.090909090909092,87.66233766233766,4.220779220779221,83.44155844155844
E00011869,317,46,24,22,271,14,257,14.511041009463725,7.570977917981073,6.940063091482649,85.48895899053628,4.416403785488959,81.07255520504731
E00011870,337,30,12,18,307,16,291,8.902077151335313,3.5608308605341246,5.341246290801187,91.0979228486647,4.747774480712167,86.35014836795251
E00011871,292,53,17,36,239,17,222,18.15068493150685,5.821917808219178,12.32876712328767,81.84931506849315,5.821917808219178,76.02739726027397
E00011873,387,52,17,35,335,14,321,13.436692506459949,4.3927648578811365,9.043927648578812,86.56330749354005,3.6175710594315245,82.94573643410853
E00011874,261,40,16,24,221,24,197,15.32567049808429,6.130268199233716,9.195402298850574,84.67432950191571,9.195402298850574,75.47892720306514
E00011875,355,39,20,19,316,20,296,10.985915492957748,5.633802816901409,5.352112676056338,89.01408450704226,5.633802816901409,83.38028169014085
E00011876,323,48,18,30,275,11,264,14.860681114551083,5.572755417956656,9.287925696594428,85.13931888544892,3.4055727554179565,81.73374613003097
E00011878,321,41,16,25,280,26,254,12.77258566978193,4.984423676012461,7.78816199376947,87.22741433021807,8.09968847352025,79.12772585669782
E00011879,384,48,13,35,336,18,318,12.5,3.3854166666666665,9.114583333333332,87.5,4.6875,82.8125
E00011880,325,28,6,22,297,25,272,8.615384615384615,1.8461538461538463,6.769230769230769,91.38461538461539,7.6923076923076925,83.6923076923077
E00011881,321,29,10,19,292,24,268,9.034267912772584,3.115264797507788,5.919003115264798,90.96573208722741,7.476635514018691,83.48909657320873
E00011882,314,46,27,19,268,17,251,14.64968152866242,8.598726114649681,6.050955414012739,85.35031847133759,5.414012738853503,79.93630573248409
E00011883,293,45,13,32,248,14,234,15.358361774744028,4.436860068259386,10.921501706484642,84.64163822525597,4.778156996587031,79.86348122866895
E00011884,229,36,14,22,193,16,177,15.72052401746725,6.11353711790393,9.606986899563319,84.27947598253274,6.986899563318777,77.29257641921397
E00011885,318,38,10,28,280,18,262,11.949685534591195,3.1446540880503147,8.80503144654088,88.0503144654088,5.660377358490567,82.38993710691824
E00011886,355,30,9,21,325,23,302,8.450704225352112,2.535211267605634,5.915492957746479,91.54929577464789,6.478873239436619,85.07042253521126
E00011887,334,59,23,36,275,19,256,17.664670658682635,6.88622754491018,10.778443113772456,82.33532934131736,5.688622754491018,76.64670658682635
E00011888,338,46,22,24,292,13,279,13.609467455621301,6.508875739644971,7.100591715976331,86.3905325443787,3.8461538461538463,82.54437869822485
E00011889,558,68,33,35,490,25,465,12.186379928315413,5.913978494623656,6.272401433691756,87.81362007168458,4.480286738351254,83.33333333333334
E00011890,276,38,12,26,238,25,213,13.768115942028986,4.3478260869565215,9.420289855072465,86.23188405797102,9.057971014492754,77.17391304347827
E00011891,344,57,22,35,287,19,268,16.569767441860463,6.395348837209303,10.174418604651162,83.43023255813954,5.523255813953488,77.90697674418605
E00011892,322,53,15,38,269,15,254,16.459627329192546,4.658385093167702,11.801242236024844,83.54037267080744,4.658385093167702,78.88198757763976
E00011893,394,51,18,33,343,20,323,12.944162436548224,4.568527918781726,8.375634517766498,87.05583756345177,5.0761421319796955,81.97969543147208
E00011894,327,42,15,27,285,20,265,12.844036697247708,4.587155963302752,8.256880733944955,87.1559633027523,6.116207951070336,81.03975535168195
E00011895,394,55,28,27,339,17,322,13.959390862944163,7.1065989847715745,6.852791878172589,86.04060913705584,4.314720812182741,81.7258883248731
E00011896,350,35,14,21,315,27,288,10,4,6,90,7.7142857142857135,82.28571428571428
E00011897,308,51,24,27,257,18,239,16.558441558441558,7.792207792207792,8.766233766233766,83.44155844155844,5.844155844155844,77.59740259740259
E00011898,288,27,5,22,261,17,244,9.375,1.7361111111111112,7.638888888888889,90.625,5.902777777777778,84.72222222222221
E00011899,384,48,19,29,336,28,308,12.5,4.947916666666666,7.552083333333333,87.5,7.291666666666667,80.20833333333334
E00011900,386,49,13,36,337,18,319,12.694300518134716,3.3678756476683938,9.32642487046632,87.30569948186529,4.66321243523316,82.64248704663213
E00011901,300,34,13,21,266,29,237,11.333333333333332,4.333333333333334,7.000000000000001,88.66666666666667,9.666666666666666,79
E00011902,360,35,12,23,325,37,288,9.722222222222223,3.3333333333333335,6.388888888888888,90.27777777777779,10.277777777777777,80
E00011903,374,49,19,30,325,24,301,13.101604278074866,5.080213903743315,8.0213903743315509,86.89839572192514,6.417112299465241,80.4812834224599
E00011904,322,60,29,31,262,20,242,18.633540372670808,9.006211180124224,9.627329192546584,81.36645962732919,6.211180124223603,75.15527950310559
E00011905,371,101,61,40,270,19,251,27.22371967654987,16.442048517520217,10.781671159029651,72.77628032345014,5.121293800539084,67.65498652291106
E00011906,350,55,23,32,295,20,275,15.714285714285714,6.571428571428571,9.142857142857142,84.28571428571429,5.714285714285714,78.57142857142857
E00011907,278,50,16,34,228,26,202,17.985611510791365,5.755395683453238,12.23021582733813,82.01438848920863,9.352517985611511,72.66187050359713
E00011908,308,33,15,18,275,22,253,10.714285714285714,4.870129870129871,5.844155844155844,89.28571428571429,7.142857142857142,82.14285714285714
E00011909,298,52,19,33,246,22,224,17.449664429530202,6.375838926174497,11.073825503355705,82.5503355704698,7.38255033557047,75.16778523489933
E00011910,378,52,21,31,326,19,307,13.756613756613756,5.555555555555555,8.201058201058201,86.24338624338624,5.026455026455026,81.21693121693121
E00011911,447,126,74,52,321,26,295,28.187919463087248,16.55480984340045,11.6331096196868,71.81208053691275,5.8165548098434,65.99552572706935
E00011912,307,42,20,22,265,16,249,13.680781758957655,6.514657980456026,7.166123778501629,86.31921824104235,5.211726384364821,81.10749185667753
E00011913,343,34,9,25,309,28,281,9.912536443148689,2.623906705539359,7.288629737609329,90.0874635568513,8.16326530612245,81.92419825072886
E00011914,431,43,13,30,388,19,369,9.976798143851507,3.0162412993039442,6.960556844547564,90.02320185614849,4.408352668213457,85.61484918793504
E00011915,265,34,11,23,231,15,216,12.830188679245284,4.150943396226415,8.679245283018867,87.16981132075472,5.660377358490567,81.50943396226415
E00011916,313,54,20,34,259,21,238,17.252396166134183,6.3897763578274756,10.86261980830671,82.74760383386581,6.7092651757188495,76.03833865814697
E00011917,325,46,16,30,279,15,264,14.153846153846153,4.923076923076923,9.230769230769232,85.84615384615385,4.615384615384616,81.23076923076923
E00011918,368,43,18,25,325,20,305,11.684782608695652,4.891304347826087,6.7934782608695645,88.31521739130434,5.434782608695652,82.88043478260869
E00011919,338,25,7,18,313,17,296,7.396449704142012,2.0710059171597637,5.325443786982249,92.60355029585799,5.029585798816568,87.57396449704143
E00011920,374,40,18,22,334,22,312,10.695187165775401,4.81283422459893,5.88235294117647,89.3048128342246,5.88235294117647,83.42245989304813
E00011921,370,33,0,33,337,23,314,8.91891891891892,0,8.91891891891892,91.08108108108108,6.216216216216217,84.86486486486487
E00011922,356,29,10,19,327,24,303,8.146067415730338,2.8089887640449436,5.337078651685393,91.85393258426966,6.741573033707865,85.1123595505618
E00011923,323,34,8,26,289,24,265,10.526315789473683,2.476780185758514,8.04953560371517,89.47368421052632,7.430340557275541,82.04334365325077
E00011924,268,40,19,21,228,21,207,14.925373134328357,7.08955223880597,7.835820895522389,85.07462686567165,7.835820895522389,77.23880597014924
E00011925,307,44,13,31,263,21,242,14.332247557003258,4.234527687296417,10.097719869706841,85.66775244299674,6.840390879478828,78.82736156351791
E00011926,317,38,15,23,279,21,258,11.987381703470032,4.73186119873817,7.255520504731862,88.01261829652996,6.624605678233439,81.38801261829653
E00011927,388,55,20,35,333,23,310,14.175257731958762,5.154639175257731,9.02061855670103,85.82474226804123,5.927835051546391,79.89690721649485
E00011928,275,37,12,25,238,26,212,13.454545454545455,4.363636363636364,9.090909090909092,86.54545454545455,9.454545454545455,77.0909090909091
E00011929,308,44,16,28,264,11,253,14.285714285714285,5.194805194805195,9.090909090909092,85.71428571428571,3.571428571428571,82.14285714285714
E00011930,260,48,21,27,212,9,203,18.461538461538463,8.076923076923077,10.384615384615385,81.53846153846153,3.4615384615384617,78.07692307692308
E00011931,359,51,13,38,308,31,277,14.206128133704734,3.6211699164345403,10.584958217270195,85.79387186629526,8.635097493036211,77.15877437325905
E00011932,335,43,17,26,292,31,261,12.835820895522387,5.074626865671641,7.761194029850746,87.16417910447761,9.253731343283581,77.91044776119404
E00011933,303,43,18,25,260,29,231,14.19141914191419,5.9405940594059405,8.25082508250825,85.8085808580858,9.570957095709572,76.23762376237624
E00011934,261,63,22,41,198,21,177,24.137931034482758,8.42911877394636,15.708812260536398,75.86206896551724,8.045977011494253,67.81609195402298
E00011935,328,41,9,32,287,27,260,12.5,2.7439024390243905,9.75609756097561,87.5,8.231707317073171,79.26829268292683
E00011936,392,32,12,20,360,27,333,8.16326530612245,3.061224489795918,5.1020408163265305,91.83673469387756,6.887755102040815,84.94897959183673
E00011937,334,27,5,22,307,27,280,8.08383233532934,1.4970059880239521,6.58682634730539,91.91616766467065,8.08383233532934,83.8323353293413
E00011938,315,29,11,18,286,18,268,9.206349206349207,3.492063492063492,5.714285714285714,90.7936507936508,5.714285714285714,85.07936507936508
E00011939,333,58,28,30,275,20,255,17.417417417417415,8.408408408408409,9.00900900900901,82.58258258258259,6.006006006006006,76.57657657657657
E00011940,361,39,14,25,322,21,301,10.80332409972299,3.8781163434903045,6.9252077562326875,89.19667590027701,5.8171745152354575,83.37950138504155
E00166773,317,26,8,18,291,21,270,8.201892744479496,2.5236593059936907,5.678233438485805,91.7981072555205,6.624605678233439,85.17350157728707
E00166774,283,37,12,25,246,14,232,13.074204946996467,4.240282685512367,8.8339222614841,86.92579505300353,4.946996466431095,81.97879858657244
E00166775,282,39,20,19,243,11,232,13.829787234042554,7.092198581560284,6.73758865248227,86.17021276595744,3.900709219858156,82.26950354609929
E00166776,177,20,6,14,157,11,146,11.299435028248588,3.389830508474576,7.909604519774012,88.70056497175142,6.214689265536723,82.485875706214685
E00166777,232,56,26,30,176,14,162,24.137931034482758,11.206896551724139,12.931034482758621,75.86206896551724,6.0344827586206895,69.82758620689656
E00166778,364,51,17,34,313,26,287,14.010989010989011,4.670329670329671,9.340659340659341,85.98901098901099,7.142857142857142,78.84615384615384
E00166779,120,19,7,12,101,7,94,15.833333333333332,5.833333333333333,10,84.16666666666667,5.833333333333333,78.33333333333333
E00166780,334,48,14,34,286,21,265,14.37125748502994,4.191616766467066,10.179640718562874,85.62874251497006,6.287425149700598,79.34131736526946
E00166782,159,29,17,12,130,12,118,18.238993710691823,10.69182389937107,7.547169811320755,81.76100628930818,7.547169811320755,74.21383647798741
E00166786,310,43,23,20,267,11,256,13.870967741935484,7.419354838709677,6.451612903225806,86.12903225806451,3.5483870967741935,82.58064516129032
E00166789,207,33,9,24,174,12,162,15.942028985507244,4.3478260869565215,11.594202898550725,84.05797101449275,5.797101449275362,78.26086956521739
E00166790,265,22,6,16,243,7,236,8.30188679245283,2.2641509433962264,6.037735849056604,91.69811320754717,2.6415094339622645,89.05660377358491
E00166791,239,36,13,23,203,9,194,15.062761506276152,5.439330543933055,9.623430962343097,84.93723849372385,3.765690376569038,81.17154811715481
E00166792,234,32,15,17,202,12,190,13.675213675213676,6.41025641025641,7.264957264957266,86.32478632478633,5.128205128205128,81.19658119658119
E00166793,384,71,40,31,313,18,295,18.489583333333336,10.416666666666668,8.072916666666668,81.51041666666666,4.6875,76.82291666666666
E00166794,155,27,12,15,128,12,116,17.419354838709676,7.741935483870968,9.67741935483871,82.58064516129032,7.741935483870968,74.83870967741936
E00166796,239,49,20,29,190,11,179,20.502092050209207,8.368200836820083,12.133891213389122,79.49790794979079,4.602510460251046,74.89539748953975
E00176916,466,62,27,35,404,23,381,13.304721030042918,5.793991416309012,7.510729613733906,86.69527896995707,4.935622317596566,81.75965665236052
E00176917,420,32,8,24,388,20,368,7.6190476190476195,1.9047619047619049,5.714285714285714,92.38095238095238,4.761904761904762,87.61904761904762
E00176918,139,5,0,5,134,9,125,3.5971223021582732,0,3.5971223021582732,96.40287769784173,6.474820143884892,89.92805755395683
E00176919,203,72,42,30,131,8,123,35.467980295566505,20.689655172413794,14.77832512315271,64.5320197044335,3.9408866995073892,60.591133004926114
E00176924,338,18,5,13,320,12,308,5.325443786982249,1.4792899408284024,3.8461538461538463,94.67455621301775,3.5502958579881656,91.12426035502959
E00176926,260,39,18,21,221,10,211,15,6.923076923076923,8.076923076923077,85,3.8461538461538463,81.15384615384616
E00176927,123,11,2,9,112,8,104,8.94308943089431,1.6260162601626018,7.317073170731707,91.05691056910568,6.504065040650407,84.5528455284553
E00176929,365,53,17,36,312,24,288,14.520547945205479,4.657534246575342,9.863013698630137,85.47945205479452,6.575342465753424,78.9041095890411
E00176931,289,17,6,11,272,10,262,5.88235294117647,2.0761245674740483,3.8062283737024223,94.11764705882352,3.4602076124567476,90.65743944636678
E00176932,567,83,33,50,484,16,468,14.638447971781304,5.82010582010582,8.818342151675484,85.3615520282187,2.821869488536155,82.53968253968253
E00176934,426,35,18,17,391,16,375,8.215962441314554,4.225352112676056,3.9906103286384975,91.78403755868545,3.755868544600939,88.02816901408451
E00176936,250,65,38,27,185,7,178,26,15.2,10.8,74,2.8000000000000003,71.2
E00176937,482,40,17,23,442,19,423,8.29875518672199,3.5269709543568464,4.771784232365145,91.70124481327801,3.941908713692946,87.75933609958506
E00176940,466,46,22,24,420,11,409,9.871244635193133,4.721030042918455,5.150214592274678,90.12875536480686,2.3605150214592276,87.76824034334764
E00176941,306,27,14,13,279,14,265,8.823529411764707,4.57516339869281,4.248366013071895,91.17647058823529,4.57516339869281,86.60130718954248
E00176942,188,35,11,24,153,6,147,18.617021276595743,5.851063829787234,12.76595744680851,81.38297872340425,3.1914893617021276,78.19148936170212
E00176943,267,34,15,19,233,12,221,12.734082397003746,5.617977528089887,7.116104868913857,87.26591760299625,4.49438202247191,82.77153558052434
E00176945,321,21,11,10,300,17,283,6.5420560747663545,3.4267912772585665,3.115264797507788,93.45794392523365,5.29595015576324,88.1619937694704
E00176946,297,75,34,41,222,19,203,25.252525252525253,11.447811447811448,13.804713804713806,74.74747474747475,6.397306397306397,68.35016835016835
E00176947,248,15,4,11,233,7,226,6.048387096774194,1.6129032258064515,4.435483870967742,93.95161290322581,2.82258064516129,91.12903225806451
E00176948,347,15,6,9,332,19,313,4.322766570605188,1.729106628242075,2.5936599423631126,95.67723342939482,5.475504322766571,90.20172910662824
E00176949,284,21,9,12,263,22,241,7.394366197183098,3.169014084507042,4.225352112676056,92.6056338028169,7.746478873239436,84.85915492957746
E00176950,574,64,25,39,510,31,479,11.149825783972126,4.355400696864112,6.794425087108014,88.85017421602788,5.400696864111499,83.44947735191639
E00176953,183,13,3,10,170,15,155,7.103825136612022,1.639344262295082,5.46448087431694,92.89617486338798,8.19672131147541,84.69945355191257
E00176956,229,7,3,4,222,6,216,3.056768558951965,1.3100436681222707,1.7467248908296942,96.94323144104804,2.6200873362445414,94.32314410480349
E00176959,247,51,27,24,196,16,180,20.647773279352226,10.931174089068826,9.7165991902834,79.35222672064778,6.477732793522267,72.8744939271255
E00176960,460,15,5,10,445,8,437,3.260869565217391,1.0869565217391304,2.1739130434782608,96.73913043478261,1.7391304347826086,95
E00176964,104,9,2,7,95,3,92,8.653846153846153,1.9230769230769231,6.730769230769231,91.34615384615384,2.8846153846153846,88.46153846153845
E00176965,144,35,16,19,109,6,103,24.305555555555554,11.11111111111111,13.194444444444445,75.69444444444444,4.166666666666666,71.52777777777779
E00176966,133,23,5,18,110,12,98,17.293233082706767,3.7593984962406015,13.533834586466165,82.70676691729322,9.022556390977442,73.68421052631578
E00176968,174,22,9,13,152,8,144,12.643678160919542,5.172413793103448,7.471264367816093,87.356321839080465,4.597701149425287,82.75862068965517
E00176969,350,30,13,17,320,10,310,8.571428571428571,3.7142857142857144,4.857142857142857,91.42857142857143,2.857142857142857,88.57142857142857
E00176971,608,60,26,34,548,29,519,9.868421052631579,4.276315789473684,5.592105263157895,90.13157894736842,4.769736842105264,85.36184210526315
E00176973,540,49,26,23,491,29,462,9.074074074074074,4.814814814814815,4.2592592592592595,90.92592592592592,5.37037037037037,85.55555555555556
E00176974,505,29,7,22,476,17,459,5.742574257425743,1.3861386138613863,4.356435643564356,94.25742574257426,3.3663366336633667,90.89108910891089
E00176975,197,30,16,14,167,8,159,15.228426395939088,8.121827411167512,7.1065989847715745,84.77157360406092,4.060913705583756,80.71065989847716
E00176979,413,54,27,27,359,12,347,13.075060532687651,6.5375302663438255,6.5375302663438255,86.92493946731234,2.9055690072639226,84.01937046004842
E00176984,296,45,24,21,251,9,242,15.202702702702704,8.108108108108109,7.094594594594595,84.7972972972973,3.040540540540541,81.75675675675676
