OA,ts0590001,ts0590002,ts0590003,ts0590004,ts0590005,ts0590006,ts0590007,ts0590002_PCT,ts0590003_PCT,ts0590004_PCT,ts0590005_PCT,ts0590006_PCT,ts0590007_PCT
E00011202,199,58,19,39,141,126,15,29.145728643216078,9.547738693467336,19.597989949748744,70.85427135678391,63.31658291457286,7.537688442211055
E00011203,163,39,14,25,124,109,15,23.92638036809816,8.588957055214724,15.337423312883436,76.07361963190185,66.87116564417178,9.202453987730062
E00011204,152,37,13,24,115,102,13,24.342105263157894,8.552631578947368,15.789473684210526,75.6578947368421,67.10526315789474,8.552631578947368
E00011205,177,52,15,37,125,110,15,29.37853107344633,8.47457627118644,20.903954802259886,70.62146892655367,62.14689265536724,8.47457627118644
E00011206,269,67,18,49,202,175,27,24.907063197026023,6.691449814126393,18.21561338289963,75.09293680297398,65.05576208178438,10.037174721189592
E00011207,190,42,16,26,148,132,16,22.105263157894736,8.421052631578947,13.684210526315791,77.89473684210526,69.47368421052632,8.421052631578947
E00011208,162,56,24,32,106,95,11,34.5679012345679,14.814814814814813,19.753086419753085,65.4320987654321,58.64197530864198,6.790123456790123
E00011209,221,68,30,38,153,134,19,30.76923076923077,13.574660633484163,17.194570135746606,69.23076923076923,60.633484162895925,8.597285067873303
E00011210,143,51,13,38,92,85,7,35.66433566433567,9.090909090909092,26.573426573426573,64.33566433566433,59.44055944055944,4.895104895104895
E00011211,125,32,10,22,93,82,11,25.6,8,17.599999999999998,74.4,65.60000000000001,8.799999999999999
E00011212,147,56,20,36,91,81,10,38.095238095238095,13.60544217687075,24.489795918367346,61.904761904761905,55.10204081632652,6.802721088435375
E00011213,205,64,30,34,141,129,12,31.21951219512195,14.634146341463413,16.585365853658537,68.78048780487805,62.926829268292686,5.853658536585367
E00011214,181,68,23,45,113,101,12,37.569060773480665,12.70718232044199,24.861878453038674,62.430939226519335,55.80110497237569,6.629834254143646
E00011215,224,63,17,46,161,138,23,28.125,7.5892857142857135,20.535714285714285,71.875,61.60714285714286,10.267857142857142
E00011216,142,53,10,43,89,83,6,37.32394366197183,7.042253521126761,30.28169014084507,62.676056338028175,58.45070422535211,4.225352112676056
E00011217,153,39,11,28,114,101,13,25.49019607843137,7.18954248366013,18.30065359477124,74.50980392156863,66.01307189542483,8.49673202614379
E00011218,105,26,8,18,79,72,7,24.761904761904763,7.6190476190476195,17.142857142857142,75.23809523809524,68.57142857142857,6.666666666666667
E00011219,297,81,28,53,216,181,35,27.27272727272727,9.427609427609427,17.845117845117844,72.72727272727273,60.94276094276094,11.784511784511785
E00011220,160,33,10,23,127,98,29,20.625,6.25,14.374999999999998,79.375,61.25000000000001,18.125
E00011221,194,47,23,24,147,136,11,24.22680412371134,11.855670103092782,12.371134020618557,75.77319587628865,70.10309278350515,5.670103092783505
E00011222,170,41,12,29,129,115,14,24.11764705882353,7.0588235294117645,17.058823529411764,75.88235294117646,67.64705882352942,8.235294117647058
E00011223,194,44,12,32,150,133,17,22.68041237113402,6.185567010309279,16.49484536082474,77.31958762886599,68.55670103092784,8.762886597938143
E00011224,153,41,16,25,112,104,8,26.797385620915033,10.457516339869281,16.33986928104575,73.20261437908496,67.97385620915033,5.228758169934641
E00011225,143,36,14,22,107,99,8,25.174825174825177,9.79020979020979,15.384615384615385,74.82517482517483,69.23076923076923,5.594405594405594
E00011226,152,36,11,25,116,99,17,23.684210526315788,7.236842105263158,16.447368421052634,76.31578947368422,65.13157894736842,11.18421052631579
E00011228,44,15,8,7,29,26,3,34.090909090909086,18.181818181818183,15.909090909090908,65.9090909090909,59.09090909090909,6.8181818181818175
E00011229,113,32,14,18,81,70,11,28.31858407079646,12.389380530973451,15.929203539823009,71.68141592920354,61.94690265486725,9.734513274336283
E00011230,300,81,35,46,219,185,34,27,11.666666666666666,15.333333333333332,73,61.66666666666667,11.333333333333332
E00011231,159,52,22,30,107,91,16,32.70440251572327,13.836477987421384,18.867924528301888,67.29559748427673,57.23270440251572,10.062893081761008
E00011232,281,83,35,48,198,172,26,29.537366548042705,12.455516014234876,17.08185053380783,70.46263345195729,61.20996441281139,9.252669039145907
E00011233,176,54,14,40,122,109,13,30.681818181818183,7.954545454545454,22.727272727272727,69.31818181818183,61.93181818181818,7.386363636363637
E00011234,173,50,17,33,123,105,18,28.901734104046245,9.826589595375722,19.07514450867052,71.09826589595376,60.69364161849711,10.404624277456648
E00011235,212,72,28,44,140,125,15,33.9622641509434,13.20754716981132,20.754716981132077,66.0377358490566,58.9622641509434,7.0754716981132075
E00011237,190,60,24,36,130,117,13,31.57894736842105,12.631578947368421,18.947368421052634,68.42105263157895,61.578947368421055,6.842105263157896
E00011238,168,55,21,34,113,102,11,32.73809523809524,12.5,20.238095238095237,67.26190476190477,60.71428571428571,6.547619047619048
E00011239,66,28,11,17,38,37,1,42.42424242424242,16.666666666666664,25.757575757575758,57.57575757575758,56.060606060606055,1.5151515151515151
E00011240,211,56,26,30,155,139,16,26.540284360189574,12.322274881516588,14.218009478672986,73.45971563981043,65.87677725118483,7.5829383886255926
E00011241,174,50,16,34,124,112,12,28.735632183908045,9.195402298850574,19.54022988505747,71.26436781609196,64.36781609195403,6.896551724137931
E00011242,201,54,22,32,147,132,15,26.865671641791046,10.945273631840797,15.92039800995025,73.13432835820896,65.67164179104478,7.462686567164178
E00011243,194,58,29,29,136,120,16,29.896907216494846,14.948453608247423,14.948453608247423,70.10309278350515,61.855670103092784,8.24742268041237
E00011244,210,49,27,22,161,138,23,23.333333333333332,12.857142857142856,10.476190476190476,76.66666666666667,65.71428571428571,10.952380952380953
E00011245,143,32,11,21,111,95,16,22.377622377622377,7.6923076923076925,14.685314685314685,77.62237762237763,66.43356643356644,11.188811188811188
E00011246,175,48,20,28,127,107,20,27.42857142857143,11.428571428571429,16,72.57142857142857,61.142857142857146,11.428571428571429
E00011247,165,41,13,28,124,106,18,24.848484848484848,7.878787878787878,16.969696969696972,75.15151515151514,64.24242424242425,10.909090909090908
E00011248,182,50,23,27,132,120,12,27.472527472527474,12.637362637362637,14.835164835164836,72.52747252747253,65.93406593406593,6.593406593406594
E00011249,110,33,17,16,77,61,16,30,15.454545454545453,14.545454545454545,70,55.45454545454545,14.545454545454545
E00011250,178,52,23,29,126,103,23,29.213483146067414,12.921348314606742,16.292134831460675,70.78651685393258,57.865168539325836,12.921348314606742
E00011251,134,29,10,19,105,85,20,21.641791044776117,7.462686567164178,14.17910447761194,78.35820895522389,63.43283582089553,14.925373134328357
E00011252,140,45,24,21,95,71,24,32.142857142857146,17.142857142857142,15,67.85714285714286,50.71428571428571,17.142857142857142
E00011253,203,64,32,32,139,110,29,31.527093596059114,15.763546798029557,15.763546798029557,68.4729064039409,54.187192118226605,14.285714285714285
E00011254,188,55,25,30,133,97,36,29.25531914893617,13.297872340425531,15.957446808510639,70.74468085106383,51.59574468085106,19.148936170212767
E00011255,150,47,27,20,103,83,20,31.333333333333336,18,13.333333333333334,68.66666666666667,55.333333333333336,13.333333333333334
E00011256,151,43,15,28,108,94,14,28.47682119205298,9.933774834437086,18.543046357615893,71.52317880794702,62.251655629139066,9.271523178807946
E00011257,162,37,14,23,125,102,23,22.839506172839506,8.641975308641975,14.19753086419753,77.1604938271605,62.96296296296296,14.19753086419753
E00011258,132,37,7,30,95,83,12,28.030303030303028,5.303030303030303,22.727272727272727,71.96969696969697,62.878787878787875,9.090909090909092
E00011259,158,45,13,32,113,95,18,28.48101265822785,8.227848101265822,20.253164556962027,71.51898734177216,60.12658227848101,11.39240506329114
E00011260,55,10,8,2,45,36,9,18.181818181818183,14.545454545454545,3.6363636363636362,81.81818181818183,65.45454545454545,16.363636363636363
E00011261,153,40,16,24,113,81,32,26.143790849673206,10.457516339869281,15.686274509803921,73.8562091503268,52.94117647058824,20.915032679738562
E00011262,139,34,14,20,105,76,29,24.46043165467626,10.071942446043165,14.388489208633093,75.53956834532374,54.67625899280576,20.863309352517987
E00011263,148,41,15,26,107,83,24,27.7027027027027,10.135135135135135,17.56756756756757,72.2972972972973,56.08108108108109,16.216216216216218
E00011264,153,33,16,17,120,97,23,21.568627450980394,10.457516339869281,11.11111111111111,78.43137254901961,63.39869281045751,15.032679738562091
E00011265,126,43,14,29,83,61,22,34.12698412698413,11.11111111111111,23.015873015873016,65.87301587301587,48.41269841269841,17.46031746031746
E00011266,138,36,11,25,102,91,11,26.08695652173913,7.971014492753622,18.115942028985508,73.91304347826086,65.94202898550725,7.971014492753622
E00011267,140,46,13,33,94,77,17,32.857142857142854,9.285714285714286,23.57142857142857,67.14285714285714,55.00000000000001,12.142857142857142
E00011268,155,34,11,23,121,107,14,21.935483870967744,7.096774193548387,14.838709677419354,78.06451612903226,69.03225806451613,9.032258064516128
E00011269,203,48,17,31,155,139,16,23.645320197044335,8.374384236453201,15.270935960591133,76.35467980295566,68.4729064039409,7.8817733990147785
E00011270,165,54,21,33,111,94,17,32.72727272727273,12.727272727272727,20,67.27272727272727,56.96969696969697,10.303030303030303
E00011271,153,43,16,27,110,102,8,28.104575163398692,10.457516339869281,17.647058823529413,71.89542483660131,66.66666666666666,5.228758169934641
E00011272,119,25,11,14,94,80,14,21.008403361344538,9.243697478991598,11.76470588235294,78.99159663865547,67.22689075630252,11.76470588235294
E00011273,135,34,14,20,101,88,13,25.185185185185183,10.37037037037037,14.814814814814813,74.81481481481481,65.18518518518519,9.62962962962963
E00011274,165,42,22,20,123,101,22,25.454545454545453,13.333333333333334,12.121212121212121,74.54545454545455,61.212121212121204,13.333333333333334
E00011275,125,42,18,24,83,73,10,33.6,14.399999999999999,19.2,66.4,58.4,8
E00011276,137,30,7,23,107,91,16,21.897810218978105,5.109489051094891,16.78832116788321,78.1021897810219,66.42335766423358,11.678832116788321
E00011277,165,41,19,22,124,109,15,24.848484848484848,11.515151515151516,13.333333333333334,75.15151515151514,66.06060606060606,9.090909090909092
E00011278,133,43,17,26,90,74,16,32.33082706766917,12.781954887218044,19.548872180451127,67.66917293233082,55.639097744360896,12.030075187969924
E00011279,90,34,15,19,56,52,4,37.77777777777778,16.666666666666664,21.11111111111111,62.22222222222222,57.77777777777777,4.444444444444445
E00011280,132,30,6,24,102,84,18,22.727272727272727,4.545454545454546,18.181818181818183,77.27272727272727,63.63636363636363,13.636363636363635
E00011281,135,47,20,27,88,72,16,34.81481481481482,14.814814814814813,20,65.18518518518519,53.333333333333336,11.851851851851853
E00011282,142,38,14,24,104,88,16,26.76056338028169,9.859154929577464,16.901408450704224,73.23943661971832,61.97183098591549,11.267605633802818
E00011283,162,35,13,22,127,111,16,21.604938271604937,8.024691358024691,13.580246913580247,78.39506172839506,68.51851851851852,9.876543209876543
E00011284,156,43,16,27,113,95,18,27.564102564102566,10.256410256410255,17.307692307692307,72.43589743589743,60.89743589743589,11.538461538461538
E00011285,148,48,16,32,100,84,16,32.432432432432435,10.81081081081081,21.62162162162162,67.56756756756756,56.75675675675676,10.81081081081081
E00011286,152,35,10,25,117,102,15,23.026315789473685,6.578947368421052,16.447368421052634,76.97368421052632,67.10526315789474,9.868421052631579
E00011287,187,58,24,34,129,117,12,31.016042780748666,12.834224598930483,18.181818181818183,68.98395721925134,62.56684491978609,6.417112299465241
E00011288,167,44,13,31,123,105,18,26.34730538922156,7.784431137724551,18.562874251497004,73.65269461077844,62.874251497005986,10.778443113772456
E00011289,138,23,9,14,115,101,14,16.666666666666664,6.521739130434782,10.144927536231885,83.33333333333334,73.18840579710145,10.144927536231885
E00011290,192,54,20,34,138,120,18,28.125,10.416666666666668,17.708333333333336,71.875,62.5,9.375
E00011291,180,45,11,34,135,119,16,25,6.111111111111111,18.88888888888889,75,66.11111111111111,8.88888888888889
E00011292,101,33,14,19,68,61,7,32.67326732673268,13.861386138613863,18.81188118811881,67.32673267326733,60.396039603960396,6.9306930693069315
E00011293,161,45,12,33,116,105,11,27.95031055900621,7.453416149068323,20.496894409937887,72.04968944099379,65.21739130434783,6.832298136645963
E00011294,176,49,14,35,127,108,19,27.84090909090909,7.954545454545454,19.886363636363637,72.1590909090909,61.36363636363637,10.795454545454545
E00011295,159,42,15,27,117,105,12,26.41509433962264,9.433962264150944,16.9811320754717,73.58490566037736,66.0377358490566,7.547169811320755
E00011296,198,65,28,37,133,113,20,32.82828282828283,14.14141414141414,18.68686868686869,67.17171717171718,57.07070707070707,10.1010101010101
E00011297,193,60,28,32,133,103,30,31.088082901554404,14.507772020725387,16.580310880829018,68.9119170984456,53.36787564766839,15.544041450777202
E00011299,159,47,20,27,112,111,1,29.559748427672954,12.578616352201259,16.9811320754717,70.44025157232704,69.81132075471697,0.628930817610063
E00011300,189,55,20,35,134,120,14,29.100529100529098,10.582010582010582,18.51851851851852,70.8994708994709,63.49206349206349,7.4074074074074066
E00011301,173,44,12,32,129,116,13,25.43352601156069,6.9364161849710975,18.497109826589593,74.56647398843931,67.05202312138728,7.514450867052023
E00011302,184,40,12,28,144,125,19,21.73913043478261,6.521739130434782,15.217391304347828,78.26086956521739,67.93478260869566,10.326086956521738
E00011303,176,50,20,30,126,108,18,28.40909090909091,11.363636363636363,17.045454545454543,71.5909090909091,61.36363636363637,10.227272727272728
E00011304,169,38,13,25,131,118,13,22.485207100591715,7.6923076923076925,14.792899408284024,77.51479289940828,69.8224852071006,7.6923076923076925
E00011305,156,51,15,36,105,95,10,32.69230769230769,9.615384615384617,23.076923076923077,67.3076923076923,60.89743589743589,6.41025641025641
E00011306,159,49,15,34,110,97,13,30.81761006289308,9.433962264150944,21.38364779874214,69.18238993710692,61.0062893081761,8.176100628930817
E00011307,148,42,17,25,106,93,13,28.37837837837838,11.486486486486488,16.89189189189189,71.62162162162163,62.83783783783784,8.783783783783784
E00011308,170,53,17,36,117,108,9,31.176470588235293,10,21.176470588235293,68.82352941176471,63.52941176470588,5.294117647058823
E00011309,157,36,11,25,121,106,15,22.929936305732486,7.006369426751593,15.92356687898089,77.07006369426752,67.51592356687898,9.554140127388536
E00011310,76,15,5,10,61,52,9,19.736842105263158,6.578947368421052,13.157894736842104,80.26315789473685,68.42105263157895,11.842105263157894
E00011311,158,43,20,23,115,102,13,27.21518987341772,12.658227848101266,14.556962025316455,72.78481012658227,64.55696202531645,8.227848101265822
E00011312,123,28,9,19,95,83,12,22.76422764227642,7.317073170731707,15.447154471544716,77.23577235772358,67.47967479674797,9.75609756097561
E00011313,125,37,15,22,88,75,13,29.599999999999998,12,17.599999999999998,70.39999999999999,60,10.4
E00011314,166,54,14,40,112,93,19,32.53012048192771,8.433734939759036,24.096385542168676,67.46987951807229,56.024096385542165,11.44578313253012
E00011315,138,39,15,24,99,85,14,28.26086956521739,10.869565217391305,17.391304347826086,71.73913043478261,61.59420289855072,10.144927536231885
E00011316,170,55,16,39,115,105,10,32.35294117647059,9.411764705882353,22.941176470588236,67.64705882352942,61.76470588235294,5.88235294117647
E00011317,156,32,13,19,124,110,14,20.51282051282051,8.333333333333332,12.179487179487179,79.48717948717949,70.51282051282051,8.974358974358974
E00011318,153,46,17,29,107,86,21,30.065359477124183,11.11111111111111,18.954248366013072,69.93464052287581,56.209150326797385,13.725490196078432
E00011319,169,40,15,25,129,110,19,23.668639053254438,8.875739644970414,14.792899408284024,76.33136094674556,65.08875739644971,11.242603550295858
E00011320,30,18,4,14,12,11,1,60,13.333333333333334,46.666666666666664,40,36.666666666666664,3.3333333333333335
E00011321,123,29,14,15,94,84,10,23.577235772357724,11.38211382113821,12.195121951219512,76.42276422764228,68.29268292682927,8.130081300813007
E00011322,140,43,15,28,97,92,5,30.714285714285715,10.714285714285714,20,69.28571428571428,65.71428571428571,3.571428571428571
E00011323,102,22,5,17,80,70,10,21.568627450980394,4.901960784313726,16.666666666666664,78.43137254901961,68.62745098039215,9.803921568627452
E00011324,155,43,16,27,112,96,16,27.741935483870968,10.32258064516129,17.419354838709676,72.25806451612902,61.935483870967744,10.32258064516129
E00011325,291,79,33,46,212,186,26,27.147766323024054,11.34020618556701,15.807560137457044,72.85223367697594,63.91752577319587,8.934707903780069
E00011326,175,60,24,36,115,93,22,34.285714285714285,13.714285714285715,20.57142857142857,65.71428571428571,53.142857142857146,12.571428571428573
E00011327,140,44,17,27,96,83,13,31.428571428571427,12.142857142857142,19.28571428571429,68.57142857142857,59.285714285714285,9.285714285714286
E00011328,137,45,22,23,92,75,17,32.846715328467155,16.05839416058394,16.78832116788321,67.15328467153284,54.74452554744526,12.408759124087592
E00011329,146,39,14,25,107,89,18,26.71232876712329,9.58904109589041,17.123287671232877,73.28767123287672,60.95890410958904,12.32876712328767
E00011330,179,58,20,38,121,105,16,32.402234636871505,11.1731843575419,21.22905027932961,67.59776536312849,58.659217877094974,8.938547486033519
E00011331,220,60,26,34,160,123,37,27.27272727272727,11.818181818181818,15.454545454545453,72.72727272727273,55.90909090909091,16.818181818181817
E00011332,93,33,14,19,60,48,12,35.483870967741936,15.053763440860216,20.43010752688172,64.51612903225806,51.61290322580645,12.903225806451612
E00011333,242,71,26,45,171,131,40,29.338842975206614,10.743801652892563,18.59504132231405,70.66115702479338,54.132231404958674,16.528925619834713
E00011334,171,48,15,33,123,99,24,28.07017543859649,8.771929824561402,19.298245614035086,71.9298245614035,57.89473684210527,14.035087719298245
E00011335,130,45,19,26,85,72,13,34.61538461538461,14.615384615384617,20,65.38461538461539,55.38461538461539,10
E00011336,166,53,24,29,113,89,24,31.92771084337349,14.457831325301203,17.46987951807229,68.07228915662651,53.6144578313253,14.457831325301203
E00011337,177,55,26,29,122,95,27,31.07344632768362,14.689265536723164,16.38418079096045,68.92655367231639,53.672316384180796,15.254237288135593
E00011338,138,34,13,21,104,86,18,24.637681159420293,9.420289855072465,15.217391304347828,75.36231884057972,62.31884057971014,13.043478260869565
E00011339,153,53,23,30,100,72,28,34.64052287581699,15.032679738562091,19.607843137254903,65.359477124183,47.05882352941176,18.30065359477124
E00011340,145,47,16,31,98,84,14,32.41379310344827,11.03448275862069,21.379310344827587,67.58620689655173,57.931034482758626,9.655172413793103
E00011341,166,54,27,27,112,89,23,32.53012048192771,16.265060240963855,16.265060240963855,67.46987951807229,53.6144578313253,13.855421686746988
E00011342,123,49,21,28,74,63,11,39.83739837398374,17.073170731707318,22.76422764227642,60.16260162601627,51.21951219512195,8.94308943089431
E00011343,197,51,13,38,146,118,28,25.888324873096447,6.598984771573605,19.289340101522843,74.11167512690355,59.89847715736041,14.213197969543149
E00011344,200,59,17,42,141,124,17,29.5,8.5,21,70.5,62,8.5
E00011345,179,50,17,33,129,110,19,27.932960893854748,9.497206703910614,18.435754189944134,72.06703910614524,61.452513966480446,10.614525139664805
E00011346,144,41,13,28,103,79,24,28.47222222222222,9.027777777777777,19.444444444444446,71.52777777777779,54.861111111111114,16.666666666666664
E00011347,222,63,19,44,159,136,23,28.37837837837838,8.558558558558559,19.81981981981982,71.62162162162163,61.261261261261254,10.36036036036036
E00011348,158,42,17,25,116,93,23,26.582278481012654,10.759493670886076,15.822784810126583,73.41772151898735,58.86075949367089,14.556962025316455
E00011349,115,32,14,18,83,64,19,27.82608695652174,12.173913043478262,15.65217391304348,72.17391304347827,55.65217391304348,16.52173913043478
E00011350,169,51,19,32,118,101,17,30.17751479289941,11.242603550295858,18.93491124260355,69.8224852071006,59.76331360946746,10.059171597633137
E00011351,165,48,17,31,117,102,15,29.09090909090909,10.303030303030303,18.787878787878785,70.9090909090909,61.81818181818181,9.090909090909092
E00011352,202,68,29,39,134,114,20,33.663366336633665,14.356435643564355,19.306930693069308,66.33663366336634,56.43564356435643,9.900990099009901
E00011353,150,49,24,25,101,71,30,32.666666666666664,16,16.666666666666664,67.33333333333333,47.333333333333336,20
E00011354,203,44,16,28,159,137,22,21.67487684729064,7.8817733990147785,13.793103448275861,78.32512315270937,67.48768472906403,10.83743842364532
E00011355,207,69,34,35,138,110,28,33.33333333333333,16.425120772946862,16.908212560386474,66.66666666666666,53.14009661835749,13.526570048309178
E00011356,171,42,14,28,129,105,24,24.561403508771928,8.187134502923977,16.374269005847953,75.43859649122807,61.40350877192983,14.035087719298245
E00011357,179,48,20,28,131,104,27,26.81564245810056,11.1731843575419,15.64245810055866,73.18435754189943,58.10055865921788,15.083798882681565
E00011358,148,42,16,26,106,91,15,28.37837837837838,10.81081081081081,17.56756756756757,71.62162162162163,61.48648648648649,10.135135135135135
E00011359,170,41,17,24,129,109,20,24.11764705882353,10,14.117647058823529,75.88235294117646,64.11764705882354,11.76470588235294
E00011360,217,65,29,36,152,112,40,29.953917050691242,13.36405529953917,16.589861751152075,70.04608294930875,51.61290322580645,18.433179723502306
E00011361,182,52,15,37,130,110,20,28.57142857142857,8.241758241758241,20.32967032967033,71.42857142857143,60.43956043956044,10.989010989010989
E00011362,148,40,11,29,108,95,13,27.027027027027028,7.4324324324324325,19.594594594594593,72.97297297297297,64.1891891891892,8.783783783783784
E00011363,186,60,15,45,126,112,14,32.25806451612903,8.064516129032258,24.193548387096776,67.74193548387096,60.215053763440864,7.526881720430108
E00011364,129,33,6,27,96,81,15,25.581395348837212,4.651162790697675,20.930232558139537,74.4186046511628,62.7906976744186,11.627906976744185
E00011365,168,55,16,39,113,91,22,32.73809523809524,9.523809523809524,23.214285714285715,67.26190476190477,54.166666666666664,13.095238095238097
E00011366,76,27,14,13,49,35,14,35.526315789473685,18.421052631578945,17.105263157894736,64.47368421052632,46.05263157894737,18.421052631578945
E00011367,172,55,23,32,117,103,14,31.976744186046513,13.372093023255813,18.6046511627907,68.02325581395348,59.883720930232556,8.13953488372093
E00011368,147,44,15,29,103,89,14,29.931972789115648,10.204081632653061,19.727891156462583,70.06802721088435,60.544217687074834,9.523809523809524
E00011369,256,68,28,40,188,165,23,26.5625,10.9375,15.625,73.4375,64.453125,8.984375
E00011370,191,70,30,40,121,102,19,36.64921465968586,15.706806282722512,20.94240837696335,63.35078534031413,53.403141361256544,9.947643979057592
E00011371,176,45,15,30,131,110,21,25.568181818181817,8.522727272727272,17.045454545454543,74.43181818181817,62.5,11.931818181818182
E00011372,132,45,18,27,87,76,11,34.090909090909086,13.636363636363635,20.454545454545457,65.9090909090909,57.57575757575758,8.333333333333332
E00011373,181,49,18,31,132,114,18,27.071823204419886,9.94475138121547,17.12707182320442,72.92817679558011,62.98342541436463,9.94475138121547
E00011374,118,34,13,21,84,73,11,28.8135593220339,11.016949152542372,17.796610169491526,71.1864406779661,61.86440677966102,9.322033898305085
E00011375,173,51,12,39,122,110,12,29.47976878612717,6.9364161849710975,22.54335260115607,70.52023121387283,63.58381502890174,6.9364161849710975
E00011376,169,59,20,39,110,98,12,34.9112426035503,11.834319526627219,23.076923076923077,65.08875739644971,57.98816568047337,7.100591715976331
E00011377,151,44,18,26,107,91,16,29.13907284768212,11.920529801324504,17.218543046357617,70.86092715231787,60.264900662251655,10.596026490066226
E00011378,139,53,14,39,86,75,11,38.1294964028777,10.071942446043165,28.05755395683453,61.87050359712231,53.956834532374096,7.913669064748201
E00011379,151,50,18,32,101,88,13,33.11258278145696,11.920529801324504,21.192052980132452,66.88741721854305,58.27814569536424,8.609271523178808
E00011380,89,31,12,19,58,50,8,34.831460674157306,13.48314606741573,21.34831460674157,65.1685393258427,56.17977528089888,8.98876404494382
E00011381,150,44,13,31,106,96,10,29.333333333333332,8.666666666666668,20.666666666666668,70.66666666666667,64,6.666666666666667
E00011382,112,43,13,30,69,57,12,38.392857142857146,11.607142857142858,26.785714285714285,61.60714285714286,50.89285714285714,10.714285714285714
E00011384,183,55,13,42,128,112,16,30.05464480874317,7.103825136612022,22.950819672131146,69.94535519125684,61.20218579234973,8.743169398907105
E00011385,157,50,13,37,107,92,15,31.84713375796178,8.280254777070063,23.56687898089172,68.15286624203821,58.59872611464968,9.554140127388536
E00011386,96,34,16,18,62,54,8,35.41666666666667,16.666666666666664,18.75,64.58333333333334,56.25,8.333333333333332
E00011387,88,22,7,15,66,62,4,25,7.954545454545454,17.045454545454543,75,70.45454545454545,4.545454545454546
E00011388,106,27,5,22,79,69,10,25.471698113207548,4.716981132075472,20.754716981132077,74.52830188679245,65.09433962264151,9.433962264150944
E00011389,174,65,22,43,109,89,20,37.35632183908046,12.643678160919542,24.71264367816092,62.643678160919535,51.14942528735632,11.494252873563218
E00011390,181,39,12,27,142,123,19,21.54696132596685,6.629834254143646,14.917127071823206,78.45303867403315,67.95580110497238,10.497237569060774
E00011391,199,52,20,32,147,123,24,26.13065326633166,10.050251256281408,16.08040201005025,73.86934673366834,61.80904522613066,12.060301507537687
E00011392,75,39,8,31,36,29,7,52,10.666666666666668,41.333333333333336,48,38.666666666666664,9.333333333333334
E00011393,129,38,19,19,91,81,10,29.457364341085274,14.728682170542637,14.728682170542637,70.54263565891473,62.7906976744186,7.751937984496124
E00011394,178,54,17,37,124,111,13,30.337078651685395,9.550561797752808,20.786516853932586,69.66292134831461,62.35955056179775,7.303370786516854
E00011395,70,18,8,10,52,44,8,25.71428571428571,11.428571428571429,14.285714285714285,74.28571428571429,62.857142857142854,11.428571428571429
E00011396,107,33,5,28,74,65,9,30.8411214953271,4.672897196261682,26.168224299065418,69.1588785046729,60.747663551401864,8.411214953271028
E00011397,110,32,11,21,78,66,12,29.09090909090909,10,19.090909090909093,70.9090909090909,60,10.909090909090908
E00011398,172,52,15,37,120,104,16,30.23255813953488,8.720930232558139,21.511627906976745,69.76744186046511,60.46511627906976,9.30232558139535
E00011399,103,30,7,23,73,64,9,29.126213592233007,6.796116504854369,22.330097087378643,70.87378640776699,62.13592233009708,8.737864077669903
E00011400,74,29,10,19,45,40,5,39.189189189189186,13.513513513513514,25.675675675675674,60.810810810810814,54.054054054054056,6.756756756756757
E00011401,193,61,16,45,132,121,11,31.606217616580313,8.290155440414509,23.316062176165804,68.39378238341969,62.69430051813472,5.699481865284974
E00011402,219,64,21,43,155,130,25,29.22374429223744,9.58904109589041,19.63470319634703,70.77625570776256,59.3607305936073,11.415525114155251
E00011403,111,30,10,20,81,62,19,27.027027027027028,9.00900900900901,18.01801801801802,72.97297297297297,55.85585585585585,17.117117117117118
E00011404,120,35,11,24,85,73,12,29.166666666666668,9.166666666666666,20,70.83333333333334,60.83333333333333,10
E00011405,165,54,17,37,111,97,14,32.72727272727273,10.303030303030303,22.424242424242426,67.27272727272727,58.78787878787879,8.484848484848486
E00011406,185,65,21,44,120,104,16,35.13513513513514,11.351351351351353,23.783783783783786,64.86486486486487,56.21621621621622,8.64864864864865
E00011407,122,35,16,19,87,73,14,28.688524590163933,13.114754098360656,15.573770491803279,71.31147540983606,59.83606557377049,11.475409836065573
E00011408,144,38,6,32,106,93,13,26.38888888888889,4.166666666666666,22.22222222222222,73.61111111111111,64.58333333333334,9.027777777777777
E00011409,176,52,19,33,124,102,22,29.545454545454547,10.795454545454545,18.75,70.45454545454545,57.95454545454546,12.5
E00011410,145,44,13,31,101,86,15,30.344827586206897,8.96551724137931,21.379310344827587,69.6551724137931,59.310344827586206,10.344827586206897
E00011411,160,50,14,36,110,92,18,31.25,8.75,22.5,68.75,57.49999999999999,11.25
E00011412,179,46,19,27,133,117,16,25.69832402234637,10.614525139664805,15.083798882681565,74.30167597765363,65.36312849162012,8.938547486033519
E00011413,213,47,12,35,166,140,26,22.065727699530516,5.633802816901409,16.431924882629108,77.93427230046949,65.72769953051643,12.206572769953052
E00011414,171,42,14,28,129,112,17,24.561403508771928,8.187134502923977,16.374269005847953,75.43859649122807,65.49707602339181,9.941520467836257
E00011415,138,27,9,18,111,92,19,19.565217391304348,6.521739130434782,13.043478260869565,80.43478260869566,66.66666666666666,13.768115942028986
E00011416,160,38,15,23,122,100,22,23.75,9.375,14.374999999999998,76.25,62.5,13.750000000000002
E00011417,167,45,18,27,122,108,14,26.94610778443114,10.778443113772456,16.16766467065868,73.05389221556887,64.67065868263472,8.383233532934131
E00011418,158,33,12,21,125,107,18,20.88607594936709,7.59493670886076,13.291139240506327,79.11392405063292,67.72151898734177,11.39240506329114
E00011419,164,31,13,18,133,112,21,18.902439024390244,7.926829268292683,10.975609756097562,81.09756097560977,68.29268292682927,12.804878048780488
E00011420,150,37,15,22,113,98,15,24.666666666666668,10,14.666666666666666,75.33333333333333,65.33333333333333,10
E00011421,173,40,9,31,133,114,19,23.121387283236995,5.202312138728324,17.91907514450867,76.878612716763,65.89595375722543,10.982658959537572
E00011422,99,27,9,18,72,63,9,27.27272727272727,9.090909090909092,18.181818181818183,72.72727272727273,63.63636363636363,9.090909090909092
E00011423,122,34,11,23,88,70,18,27.86885245901639,9.01639344262295,18.852459016393443,72.1311475409836,57.377049180327866,14.754098360655737
E00011424,127,36,14,22,91,79,12,28.346456692913385,11.023622047244094,17.322834645669293,71.65354330708661,62.20472440944882,9.448818897637794
E00011425,154,23,8,15,131,120,11,14.935064935064934,5.194805194805195,9.740259740259742,85.06493506493507,77.92207792207793,7.142857142857142
E00011426,89,20,4,16,69,55,14,22.47191011235955,4.49438202247191,17.97752808988764,77.52808988764045,61.79775280898876,15.730337078651685
E00011427,166,44,15,29,122,104,18,26.506024096385545,9.036144578313253,17.46987951807229,73.49397590361446,62.65060240963856,10.843373493975903
E00011428,114,30,4,26,84,74,10,26.31578947368421,3.508771929824561,22.807017543859647,73.68421052631578,64.91228070175438,8.771929824561402
E00011429,164,46,19,27,118,106,12,28.04878048780488,11.585365853658537,16.463414634146343,71.95121951219512,64.63414634146342,7.317073170731707
E00011430,170,52,18,34,118,99,19,30.58823529411765,10.588235294117647,20,69.41176470588235,58.235294117647065,11.176470588235295
E00011431,112,20,7,13,92,77,15,17.857142857142858,6.25,11.607142857142858,82.14285714285714,68.75,13.392857142857142
E00011432,103,24,7,17,79,70,9,23.300970873786408,6.796116504854369,16.50485436893204,76.69902912621359,67.96116504854369,8.737864077669903
E00011433,208,53,25,28,155,133,22,25.48076923076923,12.01923076923077,13.461538461538462,74.51923076923077,63.942307692307686,10.576923076923077
E00011434,164,38,11,27,126,109,17,23.170731707317074,6.707317073170732,16.463414634146343,76.82926829268293,66.46341463414635,10.365853658536585
E00011435,191,58,24,34,133,107,26,30.36649214659686,12.56544502617801,17.801047120418847,69.63350785340315,56.02094240837696,13.612565445026178
E00011436,159,41,11,30,118,95,23,25.78616352201258,6.918238993710692,18.867924528301888,74.21383647798741,59.74842767295597,14.465408805031446
E00011437,140,48,16,32,92,78,14,34.285714285714285,11.428571428571429,22.857142857142858,65.71428571428571,55.714285714285715,10
E00011438,160,46,18,28,114,101,13,28.749999999999996,11.25,17.5,71.25,63.125,8.125
E00011439,147,38,16,22,109,92,17,25.850340136054424,10.884353741496598,14.965986394557824,74.14965986394559,62.585034013605444,11.564625850340136
E00011440,154,40,11,29,114,105,9,25.97402597402597,7.142857142857142,18.83116883116883,74.02597402597402,68.18181818181817,5.844155844155844
E00011441,177,35,7,28,142,123,19,19.774011299435028,3.954802259887006,15.819209039548024,80.22598870056498,69.49152542372882,10.734463276836157
E00011442,134,33,8,25,101,81,20,24.62686567164179,5.970149253731343,18.65671641791045,75.3731343283582,60.447761194029844,14.925373134328357
E00011443,206,57,17,40,149,127,22,27.669902912621357,8.25242718446602,19.41747572815534,72.33009708737865,61.6504854368932,10.679611650485436
E00011444,209,61,24,37,148,129,19,29.1866028708134,11.483253588516746,17.703349282296653,70.81339712918661,61.72248803827751,9.090909090909092
E00011445,146,43,7,36,103,91,12,29.45205479452055,4.794520547945205,24.65753424657534,70.54794520547945,62.328767123287676,8.21917808219178
E00011446,186,59,25,34,127,112,15,31.72043010752688,13.440860215053762,18.27956989247312,68.27956989247312,60.215053763440864,8.064516129032258
E00011447,135,34,14,20,101,90,11,25.185185185185183,10.37037037037037,14.814814814814813,74.81481481481481,66.66666666666666,8.148148148148149
E00011448,217,67,28,39,150,136,14,30.87557603686636,12.903225806451612,17.972350230414747,69.12442396313364,62.67281105990783,6.451612903225806
E00011449,192,50,20,30,142,125,17,26.041666666666668,10.416666666666668,15.625,73.95833333333334,65.10416666666666,8.854166666666668
E00011450,298,60,16,44,238,198,40,20.13422818791946,5.369127516778524,14.76510067114094,79.86577181208054,66.44295302013423,13.422818791946309
E00011451,172,52,19,33,120,91,29,30.23255813953488,11.046511627906977,19.186046511627907,69.76744186046511,52.90697674418605,16.86046511627907
E00011452,93,31,11,20,62,51,11,33.33333333333333,11.827956989247312,21.50537634408602,66.66666666666666,54.83870967741935,11.827956989247312
E00011453,141,37,13,24,104,80,24,26.24113475177305,9.219858156028367,17.02127659574468,73.75886524822694,56.73758865248227,17.02127659574468
E00011454,83,20,6,14,63,49,14,24.096385542168676,7.228915662650602,16.867469879518072,75.90361445783132,59.036144578313255,16.867469879518072
E00011455,146,42,10,32,104,89,15,28.767123287671232,6.8493150684931505,21.91780821917808,71.23287671232876,60.95890410958904,10.273972602739725
E00011456,121,33,10,23,88,70,18,27.27272727272727,8.264462809917356,19.00826446280992,72.72727272727273,57.85123966942148,14.87603305785124
E00011458,143,50,18,32,93,82,11,34.96503496503497,12.587412587412588,22.377622377622377,65.03496503496503,57.34265734265735,7.6923076923076925
E00011459,165,43,16,27,122,96,26,26.060606060606062,9.696969696969697,16.363636363636363,73.93939393939394,58.18181818181818,15.757575757575756
E00011460,140,39,13,26,101,84,17,27.857142857142858,9.285714285714286,18.571428571428573,72.14285714285714,60,12.142857142857142
E00011461,145,28,10,18,117,98,19,19.310344827586206,6.896551724137931,12.413793103448276,80.6896551724138,67.58620689655173,13.10344827586207
E00011462,156,57,21,36,99,84,15,36.53846153846153,13.461538461538462,23.076923076923077,63.46153846153846,53.84615384615385,9.615384615384617
E00011463,132,33,13,20,99,81,18,25,9.848484848484848,15.151515151515152,75,61.36363636363637,13.636363636363635
E00011464,166,50,19,31,116,97,19,30.120481927710845,11.44578313253012,18.67469879518072,69.87951807228916,58.43373493975904,11.44578313253012
E00011465,114,41,15,26,73,64,9,35.96491228070175,13.157894736842104,22.807017543859647,64.03508771929825,56.14035087719298,7.894736842105263
E00011466,141,30,14,16,111,93,18,21.27659574468085,9.929078014184398,11.347517730496454,78.72340425531915,65.95744680851064,12.76595744680851
E00011467,156,38,9,29,118,101,17,24.358974358974358,5.769230769230769,18.58974358974359,75.64102564102564,64.74358974358975,10.897435897435898
E00011468,144,45,17,28,99,83,16,31.25,11.805555555555555,19.444444444444446,68.75,57.638888888888886,11.11111111111111
E00011469,165,45,12,33,120,105,15,27.27272727272727,7.2727272727272725,20,72.72727272727273,63.63636363636363,9.090909090909092
E00011470,130,32,14,18,98,85,13,24.615384615384617,10.76923076923077,13.846153846153847,75.38461538461539,65.38461538461539,10
E00011471,133,42,18,24,91,76,15,31.57894736842105,13.533834586466165,18.045112781954884,68.42105263157895,57.14285714285714,11.278195488721805
E00011472,125,33,11,22,92,77,15,26.400000000000002,8.799999999999999,17.599999999999998,73.6,61.6,12
E00011473,248,73,21,52,175,152,23,29.435483870967744,8.46774193548387,20.967741935483872,70.56451612903226,61.29032258064516,9.274193548387096
E00011474,185,58,15,43,127,115,12,31.351351351351354,8.108108108108109,23.243243243243246,68.64864864864865,62.16216216216216,6.486486486486487
E00011475,144,54,22,32,90,79,11,37.5,15.277777777777779,22.22222222222222,62.5,54.861111111111114,7.638888888888889
E00011476,108,26,8,18,82,69,13,24.074074074074073,7.4074074074074066,16.666666666666664,75.92592592592592,63.888888888888886,12.037037037037036
E00011477,295,85,32,53,210,188,22,28.8135593220339,10.847457627118644,17.966101694915253,71.1864406779661,63.72881355932203,7.457627118644068
E00011478,184,61,18,43,123,108,15,33.15217391304348,9.782608695652174,23.369565217391305,66.84782608695652,58.69565217391305,8.152173913043478
E00011479,114,43,13,30,71,59,12,37.719298245614034,11.403508771929824,26.31578947368421,62.28070175438597,51.75438596491229,10.526315789473683
E00011480,120,34,14,20,86,71,15,28.333333333333332,11.666666666666666,16.666666666666664,71.66666666666667,59.166666666666664,12.5
E00011481,190,53,16,37,137,118,19,27.89473684210526,8.421052631578947,19.473684210526315,72.10526315789474,62.10526315789474,10
E00011482,187,45,15,30,142,123,19,24.06417112299465,8.0213903743315509,16.042780748663102,75.93582887700535,65.77540106951871,10.16042780748663
E00011483,160,41,16,25,119,97,22,25.624999999999996,10,15.625,74.375,60.62499999999999,13.750000000000002
E00011484,96,24,5,19,72,57,15,25,5.208333333333334,19.791666666666664,75,59.375,15.625
E00011485,134,36,11,25,98,84,14,26.865671641791046,8.208955223880597,18.65671641791045,73.13432835820896,62.68656716417911,10.44776119402985
E00011486,184,47,15,32,137,117,20,25.543478260869566,8.152173913043478,17.391304347826086,74.45652173913044,63.58695652173913,10.869565217391305
E00011487,163,39,13,26,124,104,20,23.92638036809816,7.975460122699387,15.950920245398773,76.07361963190185,63.80368098159509,12.269938650306749
E00011488,130,29,12,17,101,89,12,22.30769230769231,9.230769230769232,13.076923076923078,77.6923076923077,68.46153846153847,9.230769230769232
E00011490,156,32,17,15,124,107,17,20.51282051282051,10.897435897435898,9.615384615384617,79.48717948717949,68.58974358974359,10.897435897435898
E00011492,134,42,13,29,92,75,17,31.343283582089555,9.701492537313433,21.641791044776117,68.65671641791045,55.970149253731336,12.686567164179104
E00011493,149,41,12,29,108,100,8,27.516778523489933,8.053691275167784,19.463087248322147,72.48322147651007,67.11409395973155,5.369127516778524
E00011494,152,62,22,40,90,78,12,40.78947368421053,14.473684210526317,26.31578947368421,59.210526315789465,51.31578947368421,7.894736842105263
E00011495,172,51,26,25,121,102,19,29.651162790697676,15.11627906976744,14.534883720930234,70.34883720930233,59.30232558139535,11.046511627906977
E00011496,146,55,21,34,91,69,22,37.67123287671233,14.383561643835616,23.28767123287671,62.328767123287676,47.26027397260274,15.068493150684931
E00011497,165,56,19,37,109,94,15,33.939393939393945,11.515151515151516,22.424242424242426,66.06060606060606,56.96969696969697,9.090909090909092
E00011498,159,42,13,29,117,94,23,26.41509433962264,8.176100628930817,18.238993710691823,73.58490566037736,59.11949685534591,14.465408805031446
E00011499,191,49,14,35,142,123,19,25.654450261780106,7.329842931937172,18.32460732984293,74.3455497382199,64.3979057591623,9.947643979057592
E00011500,196,72,25,47,124,107,17,36.734693877551024,12.755102040816327,23.97959183673469,63.26530612244898,54.59183673469388,8.673469387755102
E00011501,180,56,18,38,124,103,21,31.11111111111111,10,21.11111111111111,68.88888888888889,57.22222222222222,11.666666666666666
E00011502,201,56,16,40,145,135,10,27.860696517412936,7.960199004975125,19.900497512437813,72.13930348258707,67.16417910447761,4.975124378109453
E00011503,138,50,20,30,88,78,10,36.231884057971016,14.492753623188406,21.73913043478261,63.76811594202898,56.52173913043478,7.246376811594203
E00011504,193,54,18,36,139,124,15,27.979274611398964,9.32642487046632,18.65284974093264,72.02072538860104,64.24870466321244,7.772020725388601
E00011505,165,49,19,30,116,101,15,29.6969696969697,11.515151515151516,18.181818181818183,70.3030303030303,61.212121212121204,9.090909090909092
E00011506,136,51,16,35,85,73,12,37.5,11.76470588235294,25.735294117647058,62.5,53.67647058823529,8.823529411764707
E00011507,163,47,15,32,116,93,23,28.834355828220858,9.202453987730062,19.631901840490798,71.16564417177914,57.05521472392638,14.11042944785276
E00011508,210,71,30,41,139,117,22,33.80952380952381,14.285714285714285,19.523809523809526,66.19047619047619,55.714285714285715,10.476190476190476
E00011509,166,49,16,33,117,104,13,29.518072289156628,9.63855421686747,19.879518072289155,70.48192771084338,62.65060240963856,7.83132530120482
E00011510,139,44,11,33,95,76,19,31.654676258992804,7.913669064748201,23.741007194244602,68.34532374100719,54.67625899280576,13.66906474820144
E00011511,150,40,14,26,110,95,15,26.666666666666668,9.333333333333334,17.333333333333336,73.33333333333333,63.33333333333333,10
E00011512,89,28,5,23,61,48,13,31.46067415730337,5.617977528089887,25.842696629213485,68.53932584269663,53.93258426966292,14.606741573033707
E00011513,134,49,15,34,85,68,17,36.56716417910448,11.194029850746269,25.37313432835821,63.43283582089553,50.74626865671642,12.686567164179104
E00011515,159,50,16,34,109,103,6,31.446540880503143,10.062893081761008,21.38364779874214,68.55345911949685,64.77987421383648,3.7735849056603774
E00011516,190,49,13,36,141,116,25,25.789473684210527,6.842105263157896,18.947368421052634,74.21052631578947,61.05263157894737,13.157894736842104
E00011517,158,48,22,26,110,94,16,30.37974683544304,13.924050632911392,16.455696202531644,69.62025316455697,59.49367088607595,10.126582278481013
E00011518,134,36,7,29,98,84,14,26.865671641791046,5.223880597014925,21.641791044776117,73.13432835820896,62.68656716417911,10.44776119402985
E00011519,142,39,10,29,103,90,13,27.464788732394368,7.042253521126761,20.422535211267608,72.53521126760563,63.38028169014085,9.15492957746479
E00011520,136,40,12,28,96,88,8,29.411764705882355,8.823529411764707,20.588235294117645,70.58823529411765,64.70588235294117,5.88235294117647
E00011521,159,54,18,36,105,95,10,33.9622641509434,11.320754716981133,22.641509433962266,66.0377358490566,59.74842767295597,6.289308176100629
E00011522,104,29,12,17,75,68,7,27.884615384615387,11.538461538461538,16.346153846153847,72.11538461538461,65.38461538461539,6.730769230769231
E00011523,167,42,10,32,125,110,15,25.149700598802394,5.9880239520958085,19.16167664670659,74.8502994011976,65.86826347305389,8.982035928143713
E00011524,135,52,19,33,83,71,12,38.51851851851852,14.074074074074074,24.444444444444443,61.48148148148148,52.59259259259259,8.88888888888889
E00011525,158,49,14,35,109,93,16,31.0126582278481,8.860759493670885,22.151898734177212,68.9873417721519,58.86075949367089,10.126582278481013
E00011526,211,56,26,30,155,137,18,26.540284360189574,12.322274881516588,14.218009478672986,73.45971563981043,64.92890995260665,8.530805687203792
E00011527,141,47,16,31,94,88,6,33.33333333333333,11.347517730496454,21.98581560283688,66.66666666666666,62.4113475177305,4.25531914893617
E00011528,152,50,17,33,102,85,17,32.89473684210527,11.18421052631579,21.710526315789476,67.10526315789474,55.92105263157895,11.18421052631579
E00011529,181,53,21,32,128,110,18,29.2817679558011,11.602209944751381,17.67955801104972,70.71823204419888,60.773480662983424,9.94475138121547
E00011530,180,49,16,33,131,109,22,27.22222222222222,8.88888888888889,18.333333333333332,72.77777777777777,60.55555555555555,12.222222222222221
E00011531,164,46,18,28,118,96,22,28.04878048780488,10.975609756097562,17.073170731707318,71.95121951219512,58.536585365853654,13.414634146341465
E00011532,120,40,15,25,80,64,16,33.33333333333333,12.5,20.833333333333336,66.66666666666666,53.333333333333336,13.333333333333334
E00011533,169,47,14,33,122,106,16,27.810650887573964,8.284023668639055,19.526627218934912,72.18934911242604,62.721893491124256,9.467455621301776
E00011534,147,55,23,32,92,85,7,37.41496598639456,15.646258503401361,21.768707482993197,62.585034013605444,57.82312925170068,4.761904761904762
E00011535,134,47,21,26,87,76,11,35.07462686567165,15.671641791044777,19.402985074626866,64.92537313432835,56.71641791044776,8.208955223880597
E00011536,96,25,9,16,71,63,8,26.041666666666668,9.375,16.666666666666664,73.95833333333334,65.625,8.333333333333332
E00011537,164,41,12,29,123,108,15,25,7.317073170731707,17.682926829268293,75,65.85365853658537,9.146341463414634
E00011538,178,51,25,26,127,109,18,28.651685393258425,14.04494382022472,14.606741573033707,71.34831460674157,61.23595505617978,10.112359550561797
E00011539,154,52,16,36,102,90,12,33.76623376623377,10.38961038961039,23.376623376623375,66.23376623376623,58.44155844155844,7.792207792207792
E00011540,136,51,23,28,85,70,15,37.5,16.911764705882355,20.588235294117645,62.5,51.470588235294116,11.029411764705882
E00011541,125,50,9,41,75,64,11,40,7.199999999999999,32.800000000000004,60,51.2,8.799999999999999
E00011542,203,50,19,31,153,133,20,24.63054187192118,9.35960591133005,15.270935960591133,75.36945812807882,65.51724137931035,9.852216748768473
E00011543,142,26,6,20,116,102,14,18.30985915492958,4.225352112676056,14.084507042253522,81.69014084507043,71.83098591549296,9.859154929577464
E00011544,135,47,20,27,88,74,14,34.81481481481482,14.814814814814813,20,65.18518518518519,54.81481481481482,10.37037037037037
E00011545,184,56,19,37,128,110,18,30.434782608695656,10.326086956521738,20.108695652173914,69.56521739130434,59.78260869565217,9.782608695652174
E00011546,178,60,23,37,118,105,13,33.70786516853933,12.921348314606742,20.786516853932586,66.29213483146067,58.98876404494382,7.303370786516854
E00011547,191,66,22,44,125,112,13,34.55497382198953,11.518324607329843,23.036649214659686,65.44502617801047,58.63874345549738,6.806282722513089
E00011548,142,49,16,33,93,74,19,34.50704225352113,11.267605633802818,23.239436619718308,65.49295774647888,52.112676056338024,13.380281690140844
E00011549,167,44,18,26,123,106,17,26.34730538922156,10.778443113772456,15.568862275449103,73.65269461077844,63.47305389221557,10.179640718562874
E00011550,41,11,3,8,30,25,5,26.82926829268293,7.317073170731707,19.51219512195122,73.17073170731707,60.97560975609756,12.195121951219512
E00011551,79,30,11,19,49,40,9,37.9746835443038,13.924050632911392,24.050632911392405,62.0253164556962,50.63291139240506,11.39240506329114
E00011552,191,59,7,52,132,119,13,30.89005235602094,3.664921465968586,27.225130890052355,69.10994764397905,62.30366492146597,6.806282722513089
E00011553,205,71,15,56,134,123,11,34.63414634146341,7.317073170731707,27.31707317073171,65.3658536585366,60,5.365853658536586
E00011554,152,41,15,26,111,101,10,26.973684210526315,9.868421052631579,17.105263157894736,73.02631578947368,66.44736842105263,6.578947368421052
E00011555,171,44,11,33,127,105,22,25.730994152046783,6.432748538011696,19.298245614035086,74.26900584795322,61.40350877192983,12.865497076023392
E00011556,100,36,16,20,64,54,10,36,16,20,64,54,10
E00011558,180,37,16,21,143,97,46,20.555555555555554,8.88888888888889,11.666666666666666,79.44444444444444,53.888888888888886,25.555555555555554
E00011559,158,46,20,26,112,98,14,29.11392405063291,12.658227848101266,16.455696202531644,70.88607594936708,62.0253164556962,8.860759493670885
E00011560,164,49,19,30,115,102,13,29.878048780487802,11.585365853658537,18.29268292682927,70.1219512195122,62.19512195121951,7.926829268292683
E00011561,179,70,17,53,109,90,19,39.10614525139665,9.497206703910614,29.608938547486037,60.893854748603346,50.27932960893855,10.614525139664805
E00011562,143,55,18,37,88,81,7,38.46153846153847,12.587412587412588,25.874125874125873,61.53846153846154,56.64335664335665,4.895104895104895
E00011563,195,64,26,38,131,109,22,32.82051282051282,13.333333333333334,19.48717948717949,67.17948717948717,55.8974358974359,11.282051282051283
E00011564,164,50,17,33,114,97,17,30.48780487804878,10.365853658536585,20.121951219512198,69.51219512195121,59.14634146341463,10.365853658536585
E00011565,168,59,18,41,109,94,15,35.11904761904761,10.714285714285714,24.404761904761905,64.88095238095238,55.952380952380956,8.928571428571429
E00011566,141,46,13,33,95,86,9,32.62411347517731,9.219858156028367,23.404255319148938,67.37588652482269,60.99290780141844,6.382978723404255
E00011567,160,46,17,29,114,100,14,28.749999999999996,10.625,18.125,71.25,62.5,8.75
E00011568,159,50,17,33,109,92,17,31.446540880503143,10.69182389937107,20.754716981132077,68.55345911949685,57.861635220125784,10.69182389937107
E00011569,119,40,13,27,79,70,9,33.61344537815126,10.92436974789916,22.689075630252102,66.38655462184873,58.82352941176471,7.563025210084033
E00011570,150,51,14,37,99,89,10,34,9.333333333333334,24.666666666666668,66,59.333333333333336,6.666666666666667
E00011571,135,45,18,27,90,83,7,33.33333333333333,13.333333333333334,20,66.66666666666666,61.48148148148148,5.185185185185185
E00011572,140,28,8,20,112,88,24,20,5.714285714285714,14.285714285714285,80,62.857142857142854,17.142857142857142
E00011573,164,47,18,29,117,90,27,28.65853658536585,10.975609756097562,17.682926829268293,71.34146341463415,54.87804878048781,16.463414634146343
E00011574,68,16,8,8,52,44,8,23.52941176470588,11.76470588235294,11.76470588235294,76.47058823529412,64.70588235294117,11.76470588235294
E00011575,215,57,22,35,158,134,24,26.51162790697674,10.232558139534884,16.27906976744186,73.48837209302326,62.32558139534884,11.162790697674419
E00011576,199,57,20,37,142,121,21,28.643216080402013,10.050251256281408,18.592964824120603,71.35678391959799,60.80402010050251,10.552763819095476
E00011577,190,50,14,36,140,129,11,26.31578947368421,7.368421052631578,18.947368421052634,73.68421052631578,67.89473684210526,5.7894736842105265
E00011578,165,44,15,29,121,103,18,26.666666666666668,9.090909090909092,17.575757575757574,73.33333333333333,62.42424242424243,10.909090909090908
E00011579,238,85,32,53,153,129,24,35.714285714285715,13.445378151260504,22.268907563025213,64.28571428571429,54.20168067226891,10.084033613445378
E00011580,133,43,17,26,90,80,10,32.33082706766917,12.781954887218044,19.548872180451127,67.66917293233082,60.150375939849624,7.518796992481203
E00011581,125,33,7,26,92,72,20,26.400000000000002,5.6000000000000005,20.8,73.6,57.599999999999994,16
E00011582,176,48,16,32,128,109,19,27.27272727272727,9.090909090909092,18.181818181818183,72.72727272727273,61.93181818181818,10.795454545454545
E00011583,203,67,28,39,136,108,28,33.004926108374384,13.793103448275861,19.21182266009852,66.99507389162561,53.20197044334976,13.793103448275861
E00011584,163,45,11,34,118,106,12,27.607361963190186,6.748466257668712,20.858895705521473,72.39263803680981,65.03067484662577,7.361963190184049
E00011585,136,35,15,20,101,86,15,25.735294117647058,11.029411764705882,14.705882352941178,74.26470588235294,63.23529411764706,11.029411764705882
E00011586,214,67,25,42,147,134,13,31.308411214953267,11.682242990654206,19.626168224299064,68.69158878504673,62.616822429906534,6.074766355140187
E00011587,169,39,17,22,130,106,24,23.076923076923077,10.059171597633137,13.017751479289942,76.92307692307693,62.721893491124256,14.201183431952662
E00011588,189,54,23,31,135,116,19,28.57142857142857,12.16931216931217,16.402116402116402,71.42857142857143,61.37566137566137,10.052910052910052
E00011589,194,49,15,34,145,123,22,25.257731958762886,7.731958762886598,17.525773195876287,74.74226804123711,63.4020618556701,11.34020618556701
E00011590,169,41,17,24,128,112,16,24.2603550295858,10.059171597633137,14.201183431952662,75.7396449704142,66.27218934911244,9.467455621301776
E00011591,171,53,18,35,118,109,9,30.994152046783626,10.526315789473683,20.46783625730994,69.00584795321637,63.74269005847953,5.263157894736842
E00011592,158,46,15,31,112,94,18,29.11392405063291,9.49367088607595,19.62025316455696,70.88607594936708,59.49367088607595,11.39240506329114
E00011593,136,37,14,23,99,87,12,27.205882352941174,10.294117647058822,16.911764705882355,72.79411764705883,63.970588235294116,8.823529411764707
E00011594,188,63,26,37,125,107,18,33.51063829787234,13.829787234042554,19.680851063829788,66.48936170212765,56.91489361702128,9.574468085106384
E00011595,181,45,22,23,136,119,17,24.861878453038674,12.154696132596685,12.70718232044199,75.13812154696133,65.74585635359117,9.392265193370166
E00011596,154,47,17,30,107,96,11,30.519480519480517,11.03896103896104,19.480519480519483,69.48051948051948,62.33766233766234,7.142857142857142
E00011597,151,41,16,25,110,101,9,27.1523178807947,10.596026490066226,16.55629139072848,72.84768211920529,66.88741721854305,5.960264900662252
E00011598,158,43,12,31,115,102,13,27.21518987341772,7.59493670886076,19.62025316455696,72.78481012658227,64.55696202531645,8.227848101265822
E00011599,169,39,17,22,130,120,10,23.076923076923077,10.059171597633137,13.017751479289942,76.92307692307693,71.00591715976331,5.9171597633136095
E00011601,201,48,16,32,153,133,20,23.88059701492537,7.960199004975125,15.92039800995025,76.11940298507463,66.16915422885572,9.950248756218906
E00011602,151,49,20,29,102,93,9,32.450331125827816,13.245033112582782,19.205298013245034,67.54966887417218,61.58940397350994,5.960264900662252
E00011603,229,73,28,45,156,122,34,31.877729257641924,12.22707423580786,19.65065502183406,68.12227074235808,53.275109170305676,14.847161572052403
E00011604,104,32,6,26,72,61,11,30.76923076923077,5.769230769230769,25,69.23076923076923,58.65384615384615,10.576923076923077
E00011605,188,65,19,46,123,105,18,34.57446808510639,10.106382978723403,24.46808510638298,65.42553191489363,55.85106382978723,9.574468085106384
E00011606,206,55,19,36,151,133,18,26.699029126213592,9.223300970873787,17.475728155339805,73.30097087378641,64.56310679611651,8.737864077669903
E00011607,179,55,20,35,124,105,19,30.726256983240223,11.1731843575419,19.553072625698324,69.27374301675978,58.659217877094974,10.614525139664805
E00011608,147,45,11,34,102,92,10,30.612244897959183,7.482993197278912,23.12925170068027,69.38775510204081,62.585034013605444,6.802721088435375
E00011609,233,79,30,49,154,130,24,33.90557939914164,12.875536480686694,21.030042918454935,66.09442060085837,55.793991416309005,10.300429184549357
E00011610,183,54,22,32,129,107,22,29.508196721311474,12.021857923497267,17.48633879781421,70.49180327868852,58.46994535519126,12.021857923497267
E00011611,160,49,20,29,111,97,14,30.625000000000004,12.5,18.125,69.375,60.62499999999999,8.75
E00011612,149,45,13,32,104,92,12,30.201342281879196,8.724832214765101,21.476510067114095,69.79865771812081,61.74496644295302,8.053691275167784
E00011613,149,45,19,26,104,85,19,30.201342281879196,12.751677852348994,17.449664429530202,69.79865771812081,57.04697986577181,12.751677852348994
E00011614,160,41,11,30,119,103,16,25.624999999999996,6.875000000000001,18.75,74.375,64.375,10
E00011615,135,41,13,28,94,84,10,30.37037037037037,9.62962962962963,20.74074074074074,69.62962962962963,62.22222222222222,7.4074074074074066
E00011616,143,50,16,34,93,84,9,34.96503496503497,11.188811188811188,23.776223776223777,65.03496503496503,58.74125874125874,6.293706293706294
E00011617,188,50,22,28,138,121,17,26.595744680851062,11.702127659574469,14.893617021276595,73.40425531914893,64.36170212765957,9.042553191489363
E00011618,143,39,12,27,104,84,20,27.27272727272727,8.391608391608392,18.88111888111888,72.72727272727273,58.74125874125874,13.986013986013987
E00011619,189,56,19,37,133,112,21,29.629629629629626,10.052910052910052,19.576719576719576,70.37037037037037,59.25925925925925,11.11111111111111
E00011620,151,49,16,33,102,93,9,32.450331125827816,10.596026490066226,21.85430463576159,67.54966887417218,61.58940397350994,5.960264900662252
E00011621,145,48,23,25,97,84,13,33.10344827586207,15.862068965517242,17.24137931034483,66.89655172413794,57.931034482758626,8.96551724137931
E00011622,152,64,24,40,88,77,11,42.10526315789473,15.789473684210526,26.31578947368421,57.89473684210527,50.6578947368421,7.236842105263158
E00011623,151,38,11,27,113,101,12,25.165562913907287,7.28476821192053,17.880794701986755,74.83443708609272,66.88741721854305,7.9470198675496695
E00011624,211,62,28,34,149,129,20,29.383886255924168,13.270142180094787,16.113744075829384,70.61611374407583,61.137440758293835,9.47867298578199
E00011625,143,42,15,27,101,92,9,29.37062937062937,10.48951048951049,18.88111888111888,70.62937062937063,64.33566433566433,6.293706293706294
E00011626,133,44,14,30,89,78,11,33.08270676691729,10.526315789473683,22.55639097744361,66.9172932330827,58.64661654135338,8.270676691729323
E00011627,161,51,18,33,110,94,16,31.67701863354037,11.180124223602485,20.496894409937887,68.32298136645963,58.38509316770186,9.937888198757763
E00011628,140,40,14,26,100,89,11,28.57142857142857,10,18.571428571428573,71.42857142857143,63.57142857142857,7.857142857142857
E00011629,139,39,13,26,100,87,13,28.05755395683453,9.352517985611511,18.705035971223023,71.94244604316546,62.589928057553955,9.352517985611511
E00011630,190,66,22,44,124,107,17,34.73684210526316,11.578947368421053,23.157894736842106,65.26315789473685,56.315789473684205,8.947368421052632
E00011631,168,59,18,41,109,94,15,35.11904761904761,10.714285714285714,24.404761904761905,64.88095238095238,55.952380952380956,8.928571428571429
E00011632,175,55,19,36,120,94,26,31.428571428571427,10.857142857142858,20.57142857142857,68.57142857142857,53.714285714285715,14.857142857142858
E00011633,139,39,13,26,100,84,16,28.05755395683453,9.352517985611511,18.705035971223023,71.94244604316546,60.431654676258994,11.510791366906476
E00011634,144,59,15,44,85,68,17,40.97222222222222,10.416666666666668,30.555555555555557,59.02777777777778,47.22222222222222,11.805555555555555
E00011635,163,58,26,32,105,95,10,35.58282208588957,15.950920245398773,19.631901840490798,64.41717791411043,58.282208588957054,6.134969325153374
E00011636,179,55,17,38,124,106,18,30.726256983240223,9.497206703910614,21.22905027932961,69.27374301675978,59.217877094972074,10.05586592178771
E00011637,123,42,9,33,81,71,10,34.146341463414636,7.317073170731707,26.82926829268293,65.85365853658537,57.72357723577236,8.130081300813007
E00011638,148,44,22,22,104,84,20,29.72972972972973,14.864864864864865,14.864864864864865,70.27027027027027,56.75675675675676,13.513513513513514
E00011639,209,60,19,41,149,122,27,28.708133971291865,9.090909090909092,19.617224880382775,71.29186602870813,58.3732057416268,12.918660287081341
E00011640,196,50,22,28,146,126,20,25.510204081632654,11.224489795918368,14.285714285714285,74.48979591836735,64.28571428571429,10.204081632653061
E00011641,206,58,17,41,148,124,24,28.155339805825243,8.25242718446602,19.902912621359224,71.84466019417476,60.19417475728155,11.650485436893204
E00011642,152,41,13,28,111,104,7,26.973684210526315,8.552631578947368,18.421052631578945,73.02631578947368,68.42105263157895,4.605263157894736
E00011643,142,44,12,32,98,83,15,30.985915492957744,8.450704225352112,22.535211267605636,69.01408450704226,58.45070422535211,10.56338028169014
E00011644,154,44,13,31,110,95,15,28.57142857142857,8.441558441558442,20.12987012987013,71.42857142857143,61.68831168831169,9.740259740259742
E00011645,176,43,15,28,133,117,16,24.431818181818183,8.522727272727272,15.909090909090908,75.56818181818183,66.47727272727273,9.090909090909092
E00011646,252,78,27,51,174,160,14,30.952380952380953,10.714285714285714,20.238095238095237,69.04761904761905,63.49206349206349,5.555555555555555
E00011647,193,53,17,36,140,122,18,27.461139896373055,8.808290155440414,18.65284974093264,72.53886010362694,63.212435233160626,9.32642487046632
E00011648,178,52,18,34,126,107,19,29.213483146067414,10.112359550561797,19.101123595505616,70.78651685393258,60.1123595505618,10.674157303370785
E00011649,176,56,21,35,120,102,18,31.818181818181817,11.931818181818182,19.886363636363637,68.18181818181817,57.95454545454546,10.227272727272728
E00011650,105,28,14,14,77,63,14,26.666666666666668,13.333333333333334,13.333333333333334,73.33333333333333,60,13.333333333333334
E00011651,148,43,14,29,105,93,12,29.054054054054053,9.45945945945946,19.594594594594593,70.94594594594594,62.83783783783784,8.108108108108109
E00011652,129,36,7,29,93,77,16,27.906976744186046,5.426356589147287,22.48062015503876,72.09302325581395,59.68992248062015,12.4031007751938
E00011653,144,45,9,36,99,82,17,31.25,6.25,25,68.75,56.94444444444444,11.805555555555555
E00011654,127,45,23,22,82,74,8,35.43307086614173,18.11023622047244,17.322834645669293,64.56692913385827,58.26771653543307,6.299212598425196
E00011655,211,60,24,36,151,120,31,28.436018957345972,11.374407582938389,17.061611374407583,71.56398104265402,56.872037914691944,14.691943127962084
E00011656,192,57,24,33,135,92,43,29.6875,12.5,17.1875,70.3125,47.91666666666667,22.395833333333336
E00011657,164,53,28,25,111,83,28,32.31707317073171,17.073170731707318,15.24390243902439,67.6829268292683,50.609756097560975,17.073170731707318
E00011658,171,56,29,27,115,97,18,32.748538011695906,16.95906432748538,15.789473684210526,67.2514619883041,56.72514619883041,10.526315789473683
E00011659,158,52,16,36,106,78,28,32.91139240506329,10.126582278481013,22.78481012658228,67.08860759493672,49.36708860759494,17.72151898734177
E00011660,144,43,16,27,101,91,10,29.86111111111111,11.11111111111111,18.75,70.13888888888889,63.19444444444444,6.944444444444445
E00011661,91,27,12,15,64,55,9,29.67032967032967,13.186813186813188,16.483516483516482,70.32967032967034,60.43956043956044,9.89010989010989
E00011662,130,44,16,28,86,74,12,33.84615384615385,12.307692307692308,21.53846153846154,66.15384615384615,56.92307692307692,9.230769230769232
E00011663,215,71,25,46,144,130,14,33.02325581395349,11.627906976744185,21.3953488372093,66.97674418604652,60.46511627906976,6.511627906976744
E00011664,52,10,2,8,42,33,9,19.230769230769234,3.8461538461538463,15.384615384615385,80.76923076923077,63.46153846153846,17.307692307692307
E00011665,151,46,23,23,105,90,15,30.4635761589404,15.2317880794702,15.2317880794702,69.5364238410596,59.60264900662252,9.933774834437086
E00011666,169,47,16,31,122,100,22,27.810650887573964,9.467455621301776,18.34319526627219,72.18934911242604,59.171597633136095,13.017751479289942
E00011667,151,43,15,28,108,93,15,28.47682119205298,9.933774834437086,18.543046357615893,71.52317880794702,61.58940397350994,9.933774834437086
E00011668,203,52,24,28,151,103,48,25.615763546798032,11.822660098522167,13.793103448275861,74.38423645320196,50.73891625615764,23.645320197044335
E00011669,169,42,15,27,127,116,11,24.85207100591716,8.875739644970414,15.976331360946746,75.14792899408283,68.63905325443787,6.508875739644971
E00011670,151,38,13,25,113,89,24,25.165562913907287,8.609271523178808,16.55629139072848,74.83443708609272,58.94039735099338,15.894039735099339
E00011671,151,35,11,24,116,99,17,23.178807947019866,7.28476821192053,15.894039735099339,76.82119205298014,65.56291390728477,11.258278145695364
E00011672,135,47,24,23,88,67,21,34.81481481481482,17.77777777777778,17.037037037037038,65.18518518518519,49.629629629629626,15.555555555555555
E00011673,172,49,16,33,123,99,24,28.488372093023255,9.30232558139535,19.186046511627907,71.51162790697676,57.55813953488372,13.953488372093023
E00011674,168,28,15,13,140,127,13,16.666666666666664,8.928571428571429,7.738095238095238,83.33333333333334,75.59523809523809,7.738095238095238
E00011675,152,39,18,21,113,93,20,25.657894736842106,11.842105263157894,13.815789473684212,74.3421052631579,61.18421052631579,13.157894736842104
E00011676,197,53,18,35,144,120,24,26.903553299492383,9.137055837563452,17.766497461928935,73.09644670050761,60.913705583756354,12.18274111675127
E00011677,195,45,18,27,150,127,23,23.076923076923077,9.230769230769232,13.846153846153847,76.92307692307693,65.12820512820512,11.794871794871794
E00011678,164,45,12,33,119,100,19,27.439024390243905,7.317073170731707,20.121951219512198,72.5609756097561,60.97560975609756,11.585365853658537
E00011679,177,46,11,35,131,109,22,25.98870056497175,6.214689265536723,19.774011299435028,74.01129943502825,61.5819209039548,12.429378531073446
E00011680,146,48,17,31,98,79,19,32.87671232876712,11.643835616438356,21.232876712328768,67.12328767123287,54.109589041095894,13.013698630136986
E00011681,206,68,26,42,138,118,20,33.00970873786408,12.62135922330097,20.388349514563107,66.99029126213593,57.28155339805825,9.70873786407767
E00011682,227,81,33,48,146,126,20,35.68281938325991,14.537444933920703,21.145374449339208,64.31718061674009,55.50660792951542,8.81057268722467
E00011683,181,51,19,32,130,110,20,28.176795580110497,10.497237569060774,17.67955801104972,71.8232044198895,60.773480662983424,11.049723756906078
E00011684,167,58,25,33,109,96,13,34.73053892215569,14.97005988023952,19.760479041916167,65.26946107784431,57.48502994011976,7.784431137724551
E00011685,145,44,11,33,101,91,10,30.344827586206897,7.586206896551724,22.758620689655174,69.6551724137931,62.758620689655174,6.896551724137931
E00011686,114,39,22,17,75,57,18,34.21052631578947,19.298245614035086,14.912280701754385,65.78947368421053,50,15.789473684210526
E00011687,136,34,11,23,102,75,27,25,8.088235294117647,16.911764705882355,75,55.14705882352941,19.852941176470587
E00011688,133,48,19,29,85,68,17,36.09022556390977,14.285714285714285,21.804511278195488,63.90977443609023,51.127819548872175,12.781954887218044
E00011689,183,61,23,38,122,99,23,33.33333333333333,12.568306010928962,20.76502732240437,66.66666666666666,54.09836065573771,12.568306010928962
E00011690,136,48,13,35,88,72,16,35.294117647058826,9.558823529411764,25.735294117647058,64.70588235294117,52.94117647058824,11.76470588235294
E00011691,147,52,20,32,95,82,13,35.374149659863946,13.60544217687075,21.768707482993197,64.62585034013605,55.78231292517006,8.843537414965986
E00011692,203,47,14,33,156,144,12,23.15270935960591,6.896551724137931,16.25615763546798,76.84729064039408,70.93596059113301,5.911330049261084
E00011693,152,53,16,37,99,88,11,34.868421052631575,10.526315789473683,24.342105263157894,65.13157894736842,57.89473684210527,7.236842105263158
E00011694,168,50,17,33,118,101,17,29.761904761904763,10.119047619047619,19.642857142857142,70.23809523809523,60.11904761904761,10.119047619047619
E00011695,133,40,14,26,93,78,15,30.075187969924812,10.526315789473683,19.548872180451127,69.92481203007519,58.64661654135338,11.278195488721805
E00011696,143,40,15,25,103,85,18,27.972027972027973,10.48951048951049,17.482517482517483,72.02797202797203,59.44055944055944,12.587412587412588
E00011697,139,40,18,22,99,84,15,28.776978417266186,12.949640287769784,15.827338129496402,71.22302158273382,60.431654676258994,10.79136690647482
E00011698,136,36,12,24,100,87,13,26.47058823529412,8.823529411764707,17.647058823529413,73.52941176470588,63.970588235294116,9.558823529411764
E00011699,136,38,12,26,98,86,12,27.941176470588236,8.823529411764707,19.11764705882353,72.05882352941177,63.23529411764706,8.823529411764707
E00011700,151,42,13,29,109,93,16,27.81456953642384,8.609271523178808,19.205298013245034,72.18543046357617,61.58940397350994,10.596026490066226
E00011701,166,38,13,25,128,109,19,22.89156626506024,7.83132530120482,15.060240963855422,77.10843373493977,65.66265060240963,11.44578313253012
E00011702,137,41,14,27,96,88,8,29.927007299270077,10.218978102189782,19.708029197080293,70.07299270072993,64.23357664233576,5.839416058394161
E00011703,161,39,13,26,122,106,16,24.22360248447205,8.074534161490684,16.149068322981368,75.77639751552795,65.83850931677019,9.937888198757763
E00011704,147,43,16,27,104,85,19,29.25170068027211,10.884353741496598,18.367346938775512,70.74829931972789,57.82312925170068,12.925170068027212
E00011705,135,33,13,20,102,79,23,24.444444444444443,9.62962962962963,14.814814814814813,75.55555555555556,58.51851851851851,17.037037037037038
E00011706,158,48,13,35,110,91,19,30.37974683544304,8.227848101265822,22.151898734177212,69.62025316455697,57.59493670886076,12.025316455696203
E00011707,219,70,30,40,149,124,25,31.963470319634702,13.698630136986301,18.2648401826484,68.0365296803653,56.62100456621004,11.415525114155251
E00011708,171,43,15,28,128,115,13,25.146198830409354,8.771929824561402,16.374269005847953,74.85380116959064,67.2514619883041,7.602339181286549
E00011709,99,26,6,20,73,67,6,26.262626262626267,6.0606060606060606,20.2020202020202,73.73737373737373,67.67676767676768,6.0606060606060606
E00011710,175,48,17,31,127,105,22,27.42857142857143,9.714285714285714,17.71428571428571,72.57142857142857,60,12.571428571428573
E00011711,132,36,12,24,96,85,11,27.27272727272727,9.090909090909092,18.181818181818183,72.72727272727273,64.39393939393939,8.333333333333332
E00011712,259,80,31,49,179,151,28,30.888030888030887,11.96911196911197,18.91891891891892,69.1119691119691,58.301158301158296,10.81081081081081
E00011713,196,53,20,33,143,127,16,27.040816326530614,10.204081632653061,16.83673469387755,72.95918367346938,64.79591836734694,8.16326530612245
E00011714,122,32,10,22,90,73,17,26.229508196721312,8.19672131147541,18.0327868852459,73.77049180327869,59.83606557377049,13.934426229508196
E00011715,157,43,14,29,114,92,22,27.388535031847134,8.9171974522293,18.471337579617835,72.61146496815286,58.59872611464968,14.012738853503185
E00011716,169,46,21,25,123,112,11,27.218934911242602,12.42603550295858,14.792899408284024,72.7810650887574,66.27218934911244,6.508875739644971
E00011717,182,66,15,51,116,96,20,36.26373626373626,8.241758241758241,28.021978021978022,63.73626373626373,52.74725274725275,10.989010989010989
E00011718,189,52,13,39,137,124,13,27.513227513227513,6.878306878306878,20.634920634920633,72.4867724867725,65.60846560846561,6.878306878306878
E00011719,168,55,16,39,113,94,19,32.73809523809524,9.523809523809524,23.214285714285715,67.26190476190477,55.952380952380956,11.30952380952381
E00011720,194,52,19,33,142,124,18,26.804123711340207,9.793814432989691,17.010309278350515,73.19587628865979,63.91752577319587,9.278350515463918
E00011721,156,64,19,45,92,81,11,41.02564102564102,12.179487179487179,28.846153846153843,58.97435897435898,51.92307692307693,7.051282051282051
E00011722,158,46,10,36,112,101,11,29.11392405063291,6.329113924050633,22.78481012658228,70.88607594936708,63.92405063291139,6.962025316455696
E00011723,154,42,10,32,112,99,13,27.27272727272727,6.493506493506493,20.77922077922078,72.72727272727273,64.28571428571429,8.441558441558442
E00011724,180,51,19,32,129,114,15,28.333333333333332,10.555555555555555,17.77777777777778,71.66666666666667,63.33333333333333,8.333333333333332
E00011725,176,56,21,35,120,102,18,31.818181818181817,11.931818181818182,19.886363636363637,68.18181818181817,57.95454545454546,10.227272727272728
E00011726,212,57,21,36,155,135,20,26.88679245283019,9.90566037735849,16.9811320754717,73.11320754716981,63.67924528301887,9.433962264150944
E00011727,199,61,25,36,138,122,16,30.65326633165829,12.562814070351758,18.090452261306535,69.34673366834171,61.30653266331658,8.040201005025125
E00011728,225,52,23,29,173,146,27,23.11111111111111,10.222222222222223,12.88888888888889,76.88888888888889,64.88888888888889,12
E00011729,158,36,17,19,122,110,12,22.78481012658228,10.759493670886076,12.025316455696203,77.21518987341773,69.62025316455697,7.59493670886076
E00011730,219,61,19,42,158,133,25,27.85388127853881,8.67579908675799,19.17808219178082,72.14611872146118,60.73059360730594,11.415525114155251
E00011731,212,53,18,35,159,134,25,25,8.49056603773585,16.50943396226415,75,63.20754716981132,11.79245283018868
E00011732,139,35,14,21,104,88,16,25.179856115107913,10.071942446043165,15.107913669064748,74.82014388489209,63.30935251798561,11.510791366906476
E00011733,93,24,11,13,69,61,8,25.806451612903224,11.827956989247312,13.978494623655912,74.19354838709677,65.59139784946237,8.60215053763441
E00011734,163,52,14,38,111,89,22,31.901840490797547,8.588957055214724,23.31288343558282,68.09815950920245,54.601226993865026,13.496932515337424
E00011735,142,40,15,25,102,87,15,28.169014084507044,10.56338028169014,17.6056338028169,71.83098591549296,61.267605633802816,10.56338028169014
E00011736,222,56,18,38,166,132,34,25.225225225225223,8.108108108108109,17.117117117117118,74.77477477477478,59.45945945945946,15.315315315315313
E00011737,82,19,6,13,63,55,8,23.170731707317074,7.317073170731707,15.853658536585366,76.82926829268293,67.07317073170732,9.75609756097561
E00011739,152,45,18,27,107,88,19,29.605263157894733,11.842105263157894,17.763157894736842,70.39473684210526,57.89473684210527,12.5
E00011740,155,45,15,30,110,93,17,29.03225806451613,9.67741935483871,19.35483870967742,70.96774193548387,60,10.967741935483872
E00011741,144,40,13,27,104,90,14,27.77777777777778,9.027777777777777,18.75,72.22222222222221,62.5,9.722222222222223
E00011743,212,62,18,44,150,137,13,29.245283018867923,8.49056603773585,20.754716981132077,70.75471698113208,64.62264150943396,6.132075471698113
E00011744,166,46,8,38,120,104,16,27.710843373493976,4.819277108433735,22.89156626506024,72.28915662650603,62.65060240963856,9.63855421686747
E00011745,181,51,28,23,130,112,18,28.176795580110497,15.469613259668508,12.70718232044199,71.8232044198895,61.87845303867403,9.94475138121547
E00011746,175,41,16,25,134,116,18,23.42857142857143,9.142857142857142,14.285714285714285,76.57142857142857,66.28571428571428,10.285714285714285
E00011747,144,46,16,30,98,78,20,31.944444444444443,11.11111111111111,20.833333333333336,68.05555555555556,54.166666666666664,13.88888888888889
E00011748,155,41,18,23,114,92,22,26.451612903225808,11.612903225806452,14.838709677419354,73.54838709677419,59.354838709677416,14.193548387096774
E00011749,159,47,17,30,112,97,15,29.559748427672954,10.69182389937107,18.867924528301888,70.44025157232704,61.0062893081761,9.433962264150944
E00011750,80,14,0,14,66,57,9,17.5,0,17.5,82.5,71.25,11.25
E00011751,161,44,18,26,117,99,18,27.32919254658385,11.180124223602485,16.149068322981368,72.67080745341616,61.49068322981367,11.180124223602485
E00011753,223,64,20,44,159,139,20,28.699551569506728,8.968609865470851,19.730941704035875,71.30044843049326,62.33183856502242,8.968609865470851
E00011754,150,48,16,32,102,91,11,32,10.666666666666668,21.333333333333336,68,60.66666666666667,7.333333333333333
E00011755,160,35,12,23,125,109,16,21.875,7.5,14.374999999999998,78.125,68.125,10
E00011756,146,30,15,15,116,102,14,20.54794520547945,10.273972602739725,10.273972602739725,79.45205479452055,69.86301369863014,9.58904109589041
E00011757,239,72,24,48,167,147,20,30.125523012552303,10.0418410041841,20.0836820083682,69.8744769874477,61.50627615062761,8.368200836820083
E00011758,248,62,21,41,186,166,20,25,8.46774193548387,16.532258064516128,75,66.93548387096774,8.064516129032258
E00011759,147,41,24,17,106,90,16,27.89115646258503,16.3265306122449,11.564625850340136,72.10884353741497,61.224489795918366,10.884353741496598
E00011761,242,66,24,42,176,155,21,27.27272727272727,9.917355371900827,17.355371900826448,72.72727272727273,64.0495867768595,8.677685950413224
E00011762,254,62,14,48,192,172,20,24.409448818897637,5.511811023622047,18.89763779527559,75.59055118110236,67.71653543307087,7.874015748031496
E00011764,217,43,19,24,174,146,28,19.81566820276498,8.755760368663594,11.059907834101383,80.18433179723502,67.2811059907834,12.903225806451612
E00011765,222,54,22,32,168,150,18,24.324324324324326,9.90990990990991,14.414414414414415,75.67567567567568,67.56756756756756,8.108108108108109
E00011766,245,73,33,40,172,152,20,29.795918367346943,13.46938775510204,16.3265306122449,70.20408163265306,62.04081632653061,8.16326530612245
E00011767,161,38,13,25,123,113,10,23.60248447204969,8.074534161490684,15.527950310559005,76.3975155279503,70.1863354037267,6.211180124223603
E00011768,181,44,12,32,137,123,14,24.30939226519337,6.629834254143646,17.67955801104972,75.69060773480662,67.95580110497238,7.734806629834254
E00011769,132,37,15,22,95,78,17,28.030303030303028,11.363636363636363,16.666666666666664,71.96969696969697,59.09090909090909,12.878787878787879
E00011770,181,40,11,29,141,122,19,22.099447513812155,6.077348066298343,16.022099447513813,77.90055248618785,67.40331491712708,10.497237569060774
E00011771,134,34,11,23,100,83,17,25.37313432835821,8.208955223880597,17.16417910447761,74.6268656716418,61.940298507462686,12.686567164179104
E00011772,152,54,15,39,98,77,21,35.526315789473685,9.868421052631579,25.657894736842106,64.47368421052632,50.6578947368421,13.815789473684212
E00011773,208,53,27,26,155,139,16,25.48076923076923,12.980769230769232,12.5,74.51923076923077,66.82692307692307,7.6923076923076925
E00011774,167,47,15,32,120,95,25,28.143712574850298,8.982035928143713,19.16167664670659,71.8562874251497,56.886227544910184,14.97005988023952
E00011775,181,48,11,37,133,118,15,26.519337016574585,6.077348066298343,20.441988950276244,73.48066298342542,65.19337016574586,8.287292817679557
E00011776,217,47,11,36,170,147,23,21.658986175115206,5.0691244239631335,16.589861751152075,78.3410138248848,67.74193548387096,10.599078341013826
E00011777,201,52,17,35,149,114,35,25.870646766169152,8.45771144278607,17.412935323383085,74.12935323383084,56.71641791044776,17.412935323383085
E00011778,120,32,14,18,88,76,12,26.666666666666668,11.666666666666666,15,73.33333333333333,63.33333333333333,10
E00011779,103,32,14,18,71,57,14,31.06796116504854,13.592233009708737,17.475728155339805,68.93203883495146,55.33980582524271,13.592233009708737
E00011780,188,52,19,33,136,123,13,27.659574468085108,10.106382978723403,17.5531914893617,72.3404255319149,65.42553191489363,6.914893617021277
E00011781,162,45,15,30,117,96,21,27.77777777777778,9.25925925925926,18.51851851851852,72.22222222222221,59.25925925925925,12.962962962962962
E00011782,177,46,15,31,131,113,18,25.98870056497175,8.47457627118644,17.51412429378531,74.01129943502825,63.84180790960452,10.16949152542373
E00011783,152,38,15,23,114,97,17,25,9.868421052631579,15.131578947368421,75,63.81578947368421,11.18421052631579
E00011784,151,43,15,28,108,92,16,28.47682119205298,9.933774834437086,18.543046357615893,71.52317880794702,60.9271523178808,10.596026490066226
E00011785,163,58,23,35,105,93,12,35.58282208588957,14.11042944785276,21.472392638036812,64.41717791411043,57.05521472392638,7.361963190184049
E00011786,162,43,21,22,119,108,11,26.543209876543212,12.962962962962962,13.580246913580247,73.4567901234568,66.66666666666666,6.790123456790123
E00011787,267,46,18,28,221,186,35,17.228464419475657,6.741573033707865,10.486891385767791,82.77153558052434,69.66292134831461,13.108614232209737
E00011788,172,46,19,27,126,105,21,26.744186046511626,11.046511627906977,15.69767441860465,73.25581395348837,61.04651162790697,12.209302325581394
E00011789,183,47,14,33,136,120,16,25.683060109289617,7.650273224043716,18.0327868852459,74.31693989071039,65.57377049180327,8.743169398907105
E00011790,153,31,9,22,122,107,15,20.26143790849673,5.88235294117647,14.37908496732026,79.73856209150327,69.93464052287581,9.803921568627452
E00011791,74,25,10,15,49,43,6,33.78378378378378,13.513513513513514,20.27027027027027,66.21621621621621,58.108108108108105,8.108108108108109
E00011792,202,52,23,29,150,133,17,25.742574257425744,11.386138613861387,14.356435643564355,74.25742574257426,65.84158415841584,8.415841584158416
E00011793,195,56,25,31,139,125,14,28.717948717948715,12.82051282051282,15.897435897435896,71.28205128205128,64.1025641025641,7.179487179487179
E00011794,158,36,15,21,122,105,17,22.78481012658228,9.49367088607595,13.291139240506327,77.21518987341773,66.45569620253164,10.759493670886076
E00011795,127,37,13,24,90,81,9,29.133858267716533,10.236220472440944,18.89763779527559,70.86614173228347,63.77952755905512,7.086614173228346
E00011796,103,24,10,14,79,64,15,23.300970873786408,9.70873786407767,13.592233009708737,76.69902912621359,62.13592233009708,14.563106796116504
E00011797,151,43,15,28,108,90,18,28.47682119205298,9.933774834437086,18.543046357615893,71.52317880794702,59.60264900662252,11.920529801324504
E00011798,126,36,12,24,90,75,15,28.57142857142857,9.523809523809524,19.047619047619047,71.42857142857143,59.523809523809526,11.904761904761903
E00011799,156,34,14,20,122,102,20,21.794871794871796,8.974358974358974,12.82051282051282,78.2051282051282,65.38461538461539,12.82051282051282
E00011800,102,37,12,25,65,58,7,36.27450980392157,11.76470588235294,24.509803921568626,63.725490196078425,56.86274509803921,6.862745098039216
E00011801,121,25,9,16,96,82,14,20.66115702479339,7.43801652892562,13.223140495867769,79.33884297520662,67.76859504132231,11.570247933884298
E00011802,83,26,10,16,57,47,10,31.32530120481928,12.048192771084338,19.27710843373494,68.67469879518072,56.62650602409639,12.048192771084338
E00011803,80,21,8,13,59,50,9,26.25,10,16.25,73.75,62.5,11.25
E00011804,149,58,21,37,91,79,12,38.92617449664429,14.093959731543624,24.832214765100673,61.07382550335571,53.02013422818792,8.053691275167784
E00011805,260,71,20,51,189,161,28,27.307692307692307,7.6923076923076925,19.615384615384617,72.6923076923077,61.92307692307693,10.76923076923077
E00011806,193,43,10,33,150,125,25,22.279792746113987,5.181347150259067,17.098445595854923,77.720207253886,64.76683937823834,12.953367875647666
E00011807,177,50,16,34,127,102,25,28.24858757062147,9.03954802259887,19.2090395480226,71.75141242937853,57.6271186440678,14.124293785310735
E00011808,183,51,15,36,132,117,15,27.86885245901639,8.19672131147541,19.672131147540984,72.1311475409836,63.934426229508205,8.19672131147541
E00011809,133,37,17,20,96,77,19,27.819548872180448,12.781954887218044,15.037593984962406,72.18045112781954,57.89473684210527,14.285714285714285
E00011810,163,43,10,33,120,94,26,26.380368098159508,6.134969325153374,20.245398773006134,73.61963190184049,57.668711656441715,15.950920245398773
E00011811,177,46,15,31,131,110,21,25.98870056497175,8.47457627118644,17.51412429378531,74.01129943502825,62.14689265536724,11.864406779661017
E00011812,142,36,15,21,106,93,13,25.352112676056336,10.56338028169014,14.788732394366196,74.64788732394366,65.49295774647888,9.15492957746479
E00011813,138,45,19,26,93,82,11,32.608695652173914,13.768115942028986,18.84057971014493,67.3913043478261,59.42028985507246,7.971014492753622
E00011814,165,46,15,31,119,104,15,27.878787878787882,9.090909090909092,18.787878787878785,72.12121212121212,63.030303030303024,9.090909090909092
E00011815,160,38,12,26,122,109,13,23.75,7.5,16.25,76.25,68.125,8.125
E00011816,140,39,15,24,101,79,22,27.857142857142858,10.714285714285714,17.142857142857142,72.14285714285714,56.42857142857143,15.714285714285714
E00011817,78,34,14,20,44,40,4,43.58974358974359,17.94871794871795,25.64102564102564,56.41025641025641,51.28205128205128,5.128205128205128
E00011818,237,56,18,38,181,164,17,23.628691983122362,7.59493670886076,16.033755274261605,76.37130801687763,69.19831223628692,7.172995780590717
E00011819,176,58,21,37,118,100,18,32.95454545454545,11.931818181818182,21.022727272727273,67.04545454545455,56.81818181818182,10.227272727272728
E00011820,163,44,11,33,119,107,12,26.993865030674847,6.748466257668712,20.245398773006134,73.00613496932516,65.6441717791411,7.361963190184049
E00011822,138,40,8,32,98,85,13,28.985507246376812,5.797101449275362,23.18840579710145,71.01449275362319,61.59420289855072,9.420289855072465
E00011823,120,37,15,22,83,66,17,30.833333333333336,12.5,18.333333333333332,69.16666666666667,55.00000000000001,14.166666666666666
E00011824,169,44,18,26,125,115,10,26.035502958579883,10.650887573964498,15.384615384615385,73.96449704142012,68.04733727810651,5.9171597633136095
E00011825,168,53,14,39,115,103,12,31.547619047619047,8.333333333333332,23.214285714285715,68.45238095238095,61.30952380952381,7.142857142857142
E00011826,172,48,16,32,124,107,17,27.906976744186046,9.30232558139535,18.6046511627907,72.09302325581395,62.2093023255814,9.883720930232558
E00011827,199,63,24,39,136,117,19,31.65829145728643,12.060301507537687,19.597989949748744,68.34170854271356,58.79396984924623,9.547738693467336
E00011828,178,50,13,37,128,110,18,28.08988764044944,7.303370786516854,20.786516853932586,71.91011235955057,61.79775280898876,10.112359550561797
E00011829,69,19,7,12,50,43,7,27.536231884057973,10.144927536231885,17.391304347826086,72.46376811594203,62.31884057971014,10.144927536231885
E00011830,164,59,19,40,105,89,16,35.97560975609756,11.585365853658537,24.390243902439025,64.02439024390245,54.268292682926834,9.75609756097561
E00011831,188,51,12,39,137,116,21,27.127659574468083,6.382978723404255,20.74468085106383,72.87234042553192,61.702127659574465,11.170212765957446
E00011832,171,52,18,34,119,104,15,30.409356725146196,10.526315789473683,19.883040935672515,69.5906432748538,60.81871345029239,8.771929824561402
E00011833,184,42,14,28,142,122,20,22.82608695652174,7.608695652173914,15.217391304347828,77.17391304347827,66.30434782608695,10.869565217391305
E00011834,174,45,15,30,129,112,17,25.862068965517242,8.620689655172415,17.24137931034483,74.13793103448276,64.36781609195403,9.770114942528735
E00011835,187,54,17,37,133,115,18,28.87700534759358,9.090909090909092,19.786096256684495,71.12299465240642,61.49732620320856,9.62566844919786
E00011836,146,47,12,35,99,87,12,32.19178082191781,8.21917808219178,23.972602739726025,67.8082191780822,59.589041095890416,8.21917808219178
E00011837,185,57,10,47,128,112,16,30.810810810810814,5.405405405405405,25.405405405405407,69.1891891891892,60.54054054054055,8.64864864864865
E00011838,190,57,21,36,133,108,25,30,11.052631578947368,18.947368421052634,70,56.84210526315789,13.157894736842104
E00011839,164,57,26,31,107,98,9,34.756097560975604,15.853658536585366,18.902439024390244,65.2439024390244,59.756097560975604,5.487804878048781
E00011840,146,49,17,32,97,90,7,33.56164383561644,11.643835616438356,21.91780821917808,66.43835616438356,61.64383561643836,4.794520547945205
E00011841,149,47,14,33,102,87,15,31.543624161073826,9.395973154362416,22.14765100671141,68.45637583892618,58.38926174496645,10.06711409395973
E00011842,139,39,9,30,100,90,10,28.05755395683453,6.474820143884892,21.58273381294964,71.94244604316546,64.74820143884892,7.1942446043165464
E00011843,182,45,15,30,137,118,19,24.725274725274726,8.241758241758241,16.483516483516482,75.27472527472527,64.83516483516483,10.43956043956044
E00011844,203,66,24,42,137,121,16,32.51231527093596,11.822660098522167,20.689655172413794,67.48768472906403,59.60591133004927,7.8817733990147785
E00011845,143,47,16,31,96,81,15,32.86713286713287,11.188811188811188,21.678321678321677,67.13286713286713,56.64335664335665,10.48951048951049
E00011846,163,51,17,34,112,96,16,31.28834355828221,10.429447852760736,20.858895705521473,68.71165644171779,58.895705521472394,9.815950920245399
E00011847,215,57,17,40,158,142,16,26.51162790697674,7.906976744186046,18.6046511627907,73.48837209302326,66.04651162790698,7.441860465116279
E00011848,168,48,25,23,120,105,15,28.57142857142857,14.880952380952381,13.690476190476192,71.42857142857143,62.5,8.928571428571429
E00011849,263,89,33,56,174,152,22,33.840304182509506,12.547528517110266,21.292775665399237,66.15969581749049,57.79467680608364,8.365019011406844
E00011850,116,24,7,17,92,80,12,20.689655172413794,6.0344827586206895,14.655172413793101,79.3103448275862,68.96551724137932,10.344827586206897
E00011851,158,39,17,22,119,104,15,24.68354430379747,10.759493670886076,13.924050632911392,75.31645569620254,65.82278481012658,9.49367088607595
E00011853,184,48,14,34,136,112,24,26.08695652173913,7.608695652173914,18.478260869565215,73.91304347826086,60.86956521739131,13.043478260869565
E00011854,155,46,15,31,109,94,15,29.677419354838708,9.67741935483871,20,70.3225806451613,60.64516129032258,9.67741935483871
E00011855,160,57,20,37,103,87,16,35.625,12.5,23.125,64.375,54.37499999999999,10
E00011856,154,41,7,34,113,98,15,26.623376623376622,4.545454545454546,22.07792207792208,73.37662337662337,63.63636363636363,9.740259740259742
E00011857,190,64,32,32,126,115,11,33.68421052631579,16.842105263157894,16.842105263157894,66.3157894736842,60.526315789473685,5.7894736842105265
E00011858,163,50,15,35,113,93,20,30.67484662576687,9.202453987730062,21.472392638036812,69.32515337423312,57.05521472392638,12.269938650306749
E00011859,162,61,25,36,101,84,17,37.65432098765432,15.432098765432098,22.22222222222222,62.34567901234568,51.85185185185185,10.493827160493826
E00011860,224,69,23,46,155,134,21,30.80357142857143,10.267857142857142,20.535714285714285,69.19642857142857,59.82142857142857,9.375
E00011861,64,22,9,13,42,40,2,34.375,14.0625,20.3125,65.625,62.5,3.125
E00011862,161,40,20,20,121,96,25,24.84472049689441,12.422360248447205,12.422360248447205,75.15527950310559,59.62732919254658,15.527950310559005
E00011863,162,40,14,26,122,102,20,24.691358024691358,8.641975308641975,16.049382716049383,75.30864197530865,62.96296296296296,12.345679012345679
E00011864,150,45,18,27,105,75,30,30,12,18,70,50,20
E00011865,221,66,32,34,155,132,23,29.86425339366516,14.479638009049776,15.384615384615385,70.13574660633483,59.72850678733032,10.407239819004525
E00011866,188,49,16,33,139,99,40,26.063829787234045,8.51063829787234,17.5531914893617,73.93617021276596,52.659574468085104,21.27659574468085
E00011867,167,42,15,27,125,105,20,25.149700598802394,8.982035928143713,16.16766467065868,74.8502994011976,62.874251497005986,11.976047904191617
E00011868,174,55,22,33,119,107,12,31.60919540229885,12.643678160919542,18.96551724137931,68.39080459770115,61.49425287356321,6.896551724137931
E00011869,151,45,21,24,106,87,19,29.80132450331126,13.90728476821192,15.894039735099339,70.19867549668875,57.615894039735096,12.582781456953644
E00011870,191,40,16,24,151,119,32,20.94240837696335,8.37696335078534,12.56544502617801,79.05759162303664,62.30366492146597,16.75392670157068
E00011871,122,34,17,17,88,69,19,27.86885245901639,13.934426229508196,13.934426229508196,72.1311475409836,56.557377049180324,15.573770491803279
E00011873,207,54,24,30,153,131,22,26.08695652173913,11.594202898550725,14.492753623188406,73.91304347826086,63.28502415458937,10.628019323671497
E00011874,104,31,13,18,73,70,3,29.807692307692307,12.5,17.307692307692307,70.1923076923077,67.3076923076923,2.8846153846153846
E00011875,180,49,23,26,131,113,18,27.22222222222222,12.777777777777777,14.444444444444443,72.77777777777777,62.77777777777778,10
E00011876,176,34,18,16,142,125,17,19.318181818181817,10.227272727272728,9.090909090909092,80.68181818181817,71.02272727272727,9.659090909090908
E00011878,156,46,20,26,110,88,22,29.48717948717949,12.82051282051282,16.666666666666664,70.51282051282051,56.41025641025641,14.102564102564102
E00011879,194,63,23,40,131,107,24,32.47422680412371,11.855670103092782,20.618556701030926,67.5257731958763,55.154639175257735,12.371134020618557
E00011880,188,39,15,24,149,132,17,20.74468085106383,7.9787234042553195,12.76595744680851,79.25531914893617,70.2127659574468,9.042553191489363
E00011881,155,36,11,25,119,100,19,23.225806451612904,7.096774193548387,16.129032258064516,76.77419354838709,64.51612903225806,12.258064516129032
E00011882,141,31,13,18,110,87,23,21.98581560283688,9.219858156028367,12.76595744680851,78.01418439716312,61.702127659574465,16.312056737588655
E00011883,136,36,10,26,100,83,17,26.47058823529412,7.352941176470589,19.11764705882353,73.52941176470588,61.029411764705884,12.5
E00011884,110,38,15,23,72,62,10,34.54545454545455,13.636363636363635,20.909090909090907,65.45454545454545,56.36363636363636,9.090909090909092
E00011885,146,33,16,17,113,102,11,22.602739726027394,10.95890410958904,11.643835616438356,77.3972602739726,69.86301369863014,7.534246575342466
E00011886,187,58,15,43,129,107,22,31.016042780748666,8.0213903743315509,22.994652406417114,68.98395721925134,57.21925133689839,11.76470588235294
E00011887,142,47,15,32,95,76,19,33.098591549295776,10.56338028169014,22.535211267605636,66.90140845070422,53.52112676056338,13.380281690140844
E00011888,151,41,20,21,110,85,25,27.1523178807947,13.245033112582782,13.90728476821192,72.84768211920529,56.29139072847682,16.55629139072848
E00011889,292,57,14,43,235,182,53,19.52054794520548,4.794520547945205,14.726027397260275,80.47945205479452,62.328767123287676,18.15068493150685
E00011890,152,40,15,25,112,95,17,26.31578947368421,9.868421052631579,16.447368421052634,73.68421052631578,62.5,11.18421052631579
E00011891,179,44,13,31,135,111,24,24.581005586592177,7.262569832402235,17.318435754189945,75.41899441340783,62.01117318435754,13.40782122905028
E00011892,156,36,15,21,120,95,25,23.076923076923077,9.615384615384617,13.461538461538462,76.92307692307693,60.89743589743589,16.025641025641026
E00011893,186,55,13,42,131,111,20,29.56989247311828,6.989247311827956,22.58064516129032,70.43010752688173,59.67741935483871,10.75268817204301
E00011894,148,35,15,20,113,93,20,23.64864864864865,10.135135135135135,13.513513513513514,76.35135135135135,62.83783783783784,13.513513513513514
E00011895,188,49,22,27,139,115,24,26.063829787234045,11.702127659574469,14.361702127659576,73.93617021276596,61.170212765957444,12.76595744680851
E00011896,186,45,20,25,141,119,22,24.193548387096776,10.75268817204301,13.440860215053762,75.80645161290323,63.97849462365591,11.827956989247312
E00011897,134,53,24,29,81,71,10,39.55223880597015,17.91044776119403,21.641791044776117,60.447761194029844,52.98507462686567,7.462686567164178
E00011898,161,38,12,26,123,102,21,23.60248447204969,7.453416149068323,16.149068322981368,76.3975155279503,63.35403726708074,13.043478260869565
E00011899,215,42,24,18,173,150,23,19.53488372093023,11.162790697674419,8.372093023255815,80.46511627906978,69.76744186046511,10.69767441860465
E00011900,203,60,19,41,143,125,18,29.55665024630542,9.35960591133005,20.19704433497537,70.44334975369459,61.57635467980296,8.866995073891626
E00011901,176,46,18,28,130,111,19,26.136363636363637,10.227272727272728,15.909090909090908,73.86363636363636,63.06818181818182,10.795454545454545
E00011902,176,55,13,42,121,97,24,31.25,7.386363636363637,23.863636363636363,68.75,55.11363636363637,13.636363636363635
E00011903,179,49,31,18,130,102,28,27.37430167597765,17.318435754189945,10.05586592178771,72.62569832402235,56.98324022346368,15.64245810055866
E00011904,143,34,17,17,109,92,17,23.776223776223777,11.888111888111888,11.888111888111888,76.22377622377621,64.33566433566433,11.888111888111888
E00011905,175,54,14,40,121,97,24,30.857142857142854,8,22.857142857142858,69.14285714285714,55.42857142857143,13.714285714285715
E00011906,136,38,11,27,98,78,20,27.941176470588236,8.088235294117647,19.852941176470587,72.05882352941177,57.35294117647059,14.705882352941178
E00011907,135,39,17,22,96,86,10,28.888888888888886,12.592592592592592,16.296296296296298,71.11111111111111,63.70370370370371,7.4074074074074066
E00011908,136,33,8,25,103,90,13,24.264705882352942,5.88235294117647,18.38235294117647,75.73529411764706,66.17647058823529,9.558823529411764
E00011909,128,33,16,17,95,76,19,25.78125,12.5,13.28125,74.21875,59.375,14.84375
E00011910,179,57,20,37,122,96,26,31.843575418994412,11.1731843575419,20.670391061452513,68.15642458100558,53.63128491620112,14.52513966480447
E00011911,200,71,32,39,129,104,25,35.5,16,19.5,64.5,52,12.5
E00011912,123,34,15,19,89,67,22,27.64227642276423,12.195121951219512,15.447154471544716,72.35772357723577,54.47154471544715,17.88617886178862
E00011913,160,57,28,29,103,81,22,35.625,17.5,18.125,64.375,50.625,13.750000000000002
E00011914,250,55,24,31,195,163,32,22,9.6,12.4,78,65.2,12.8
E00011915,92,32,18,14,60,45,15,34.78260869565217,19.565217391304348,15.217391304347828,65.21739130434783,48.91304347826087,16.304347826086957
E00011916,130,46,18,28,84,78,6,35.38461538461539,13.846153846153847,21.53846153846154,64.61538461538461,60,4.615384615384616
E00011917,162,61,21,40,101,75,26,37.65432098765432,12.962962962962962,24.691358024691358,62.34567901234568,46.2962962962963,16.049382716049383
E00011918,168,53,15,38,115,89,26,31.547619047619047,8.928571428571429,22.61904761904762,68.45238095238095,52.976190476190474,15.476190476190476
E00011919,177,45,18,27,132,117,15,25.423728813559322,10.16949152542373,15.254237288135593,74.57627118644068,66.10169491525424,8.47457627118644
E00011920,171,40,15,25,131,108,23,23.391812865497073,8.771929824561402,14.619883040935672,76.60818713450293,63.1578947368421,13.450292397660817
E00011921,163,46,21,25,117,86,31,28.22085889570552,12.883435582822086,15.337423312883436,71.77914110429448,52.760736196319016,19.018404907975462
E00011922,173,49,23,26,124,113,11,28.32369942196532,13.294797687861271,15.028901734104046,71.67630057803468,65.3179190751445,6.358381502890173
E00011923,143,38,10,28,105,87,18,26.573426573426573,6.993006993006993,19.58041958041958,73.42657342657343,60.83916083916085,12.587412587412588
E00011924,141,40,13,27,101,83,18,28.368794326241137,9.219858156028367,19.148936170212767,71.63120567375887,58.86524822695035,12.76595744680851
E00011925,123,36,16,20,87,73,14,29.268292682926827,13.008130081300814,16.260162601626014,70.73170731707317,59.34959349593496,11.38211382113821
E00011926,132,39,12,27,93,72,21,29.545454545454547,9.090909090909092,20.454545454545457,70.45454545454545,54.54545454545454,15.909090909090908
E00011927,174,52,24,28,122,98,24,29.88505747126437,13.793103448275861,16.091954022988507,70.11494252873564,56.32183908045977,13.793103448275861
E00011928,162,43,16,27,119,99,20,26.543209876543212,9.876543209876543,16.666666666666664,73.4567901234568,61.111111111111114,12.345679012345679
E00011929,153,48,23,25,105,85,20,31.372549019607842,15.032679738562091,16.33986928104575,68.62745098039215,55.55555555555556,13.071895424836603
E00011930,105,31,15,16,74,55,19,29.523809523809526,14.285714285714285,15.238095238095239,70.47619047619048,52.38095238095239,18.095238095238095
E00011931,171,47,17,30,124,112,12,27.485380116959064,9.941520467836257,17.543859649122805,72.51461988304094,65.49707602339181,7.017543859649122
E00011932,148,46,17,29,102,89,13,31.08108108108108,11.486486486486488,19.594594594594593,68.91891891891892,60.13513513513513,8.783783783783784
E00011933,113,33,11,22,80,66,14,29.20353982300885,9.734513274336283,19.469026548672566,70.79646017699115,58.4070796460177,12.389380530973451
E00011934,95,33,11,22,62,51,11,34.73684210526316,11.578947368421053,23.157894736842106,65.26315789473685,53.68421052631579,11.578947368421053
E00011935,167,42,15,27,125,107,18,25.149700598802394,8.982035928143713,16.16766467065868,74.8502994011976,64.07185628742515,10.778443113772456
E00011936,197,54,24,30,143,119,24,27.411167512690355,12.18274111675127,15.228426395939088,72.58883248730965,60.40609137055838,12.18274111675127
E00011937,191,43,16,27,148,121,27,22.5130890052356,8.37696335078534,14.136125654450263,77.4869109947644,63.35078534031413,14.136125654450263
E00011938,165,34,15,19,131,96,35,20.606060606060606,9.090909090909092,11.515151515151516,79.39393939393939,58.18181818181818,21.21212121212121
E00011939,165,41,19,22,124,100,24,24.848484848484848,11.515151515151516,13.333333333333334,75.15151515151514,60.60606060606061,14.545454545454545
E00011940,164,46,19,27,118,100,18,28.04878048780488,11.585365853658537,16.463414634146343,71.95121951219512,60.97560975609756,10.975609756097562
E00166773,201,37,12,25,164,135,29,18.407960199004975,5.970149253731343,12.437810945273633,81.59203980099502,67.16417910447761,14.427860696517413
E00166774,144,35,18,17,109,99,10,24.305555555555554,12.5,11.805555555555555,75.69444444444444,68.75,6.944444444444445
E00166775,170,29,13,16,141,117,24,17.058823529411764,7.647058823529412,9.411764705882353,82.94117647058825,68.82352941176471,14.117647058823529
E00166776,96,32,14,18,64,56,8,33.33333333333333,14.583333333333334,18.75,66.66666666666666,58.333333333333336,8.333333333333332
E00166777,80,24,7,17,56,46,10,30,8.75,21.25,70,57.49999999999999,12.5
E00166778,205,53,16,37,152,131,21,25.853658536585368,7.804878048780488,18.048780487804876,74.14634146341463,63.90243902439025,10.24390243902439
E00166779,68,20,8,12,48,39,9,29.411764705882355,11.76470588235294,17.647058823529413,70.58823529411765,57.35294117647059,13.23529411764706
E00166780,195,45,17,28,150,124,26,23.076923076923077,8.717948717948717,14.358974358974358,76.92307692307693,63.589743589743584,13.333333333333334
E00166782,70,18,4,14,52,39,13,25.71428571428571,5.714285714285714,20,74.28571428571429,55.714285714285715,18.571428571428573
E00166786,165,41,8,33,124,110,14,24.848484848484848,4.848484848484849,20,75.15151515151514,66.66666666666666,8.484848484848486
E00166789,87,26,5,21,61,55,6,29.88505747126437,5.747126436781609,24.137931034482758,70.11494252873564,63.2183908045977,6.896551724137931
E00166790,117,33,14,19,84,67,17,28.205128205128204,11.965811965811966,16.23931623931624,71.7948717948718,57.26495726495726,14.529914529914532
E00166791,118,31,12,19,87,79,8,26.27118644067797,10.16949152542373,16.101694915254235,73.72881355932203,66.94915254237289,6.779661016949152
E00166792,112,27,8,19,85,75,10,24.107142857142858,7.142857142857142,16.964285714285715,75.89285714285714,66.96428571428571,8.928571428571429
E00166793,164,58,15,43,106,87,19,35.36585365853659,9.146341463414634,26.21951219512195,64.63414634146342,53.04878048780488,11.585365853658537
E00166794,55,19,7,12,36,34,2,34.54545454545455,12.727272727272727,21.818181818181817,65.45454545454545,61.81818181818181,3.6363636363636362
E00166796,88,31,16,15,57,53,4,35.22727272727273,18.181818181818183,17.045454545454543,64.77272727272727,60.22727272727273,4.545454545454546
E00176916,221,55,24,31,166,145,21,24.8868778280543,10.85972850678733,14.027149321266968,75.1131221719457,65.61085972850678,9.502262443438914
E00176917,294,32,16,16,262,221,41,10.884353741496598,5.442176870748299,5.442176870748299,89.1156462585034,75.17006802721087,13.945578231292515
E00176918,85,19,4,15,66,54,12,22.35294117647059,4.705882352941177,17.647058823529413,77.64705882352942,63.52941176470588,14.117647058823529
E00176919,84,13,6,7,71,56,15,15.476190476190476,7.142857142857142,8.333333333333332,84.52380952380952,66.66666666666666,17.857142857142858
E00176924,234,32,14,18,202,174,28,13.675213675213676,5.982905982905983,7.6923076923076925,86.32478632478633,74.35897435897436,11.965811965811966
E00176926,109,28,13,15,81,73,8,25.688073394495415,11.926605504587156,13.761467889908257,74.31192660550458,66.97247706422019,7.339449541284404
E00176927,97,14,4,10,83,71,12,14.432989690721648,4.123711340206185,10.309278350515463,85.56701030927834,73.19587628865979,12.371134020618557
E00176929,170,58,20,38,112,100,12,34.11764705882353,11.76470588235294,22.35294117647059,65.88235294117646,58.82352941176471,7.0588235294117645
E00176931,158,29,11,18,129,113,16,18.354430379746837,6.962025316455696,11.39240506329114,81.64556962025317,71.51898734177216,10.126582278481013
E00176932,230,74,25,49,156,139,17,32.17391304347826,10.869565217391305,21.304347826086957,67.82608695652173,60.43478260869565,7.391304347826087
E00176934,281,63,33,30,218,192,26,22.419928825622776,11.743772241992882,10.676156583629894,77.58007117437722,68.32740213523132,9.252669039145907
E00176936,113,31,5,26,82,76,6,27.43362831858407,4.424778761061947,23.008849557522122,72.56637168141593,67.2566371681416,5.3097345132743365
E00176937,265,52,19,33,213,184,29,19.622641509433965,7.169811320754717,12.452830188679245,80.37735849056604,69.43396226415094,10.943396226415095
E00176940,229,78,31,47,151,138,13,34.06113537117904,13.537117903930133,20.52401746724891,65.93886462882097,60.26200873362445,5.676855895196507
E00176941,186,48,15,33,138,124,14,25.806451612903224,8.064516129032258,17.741935483870968,74.19354838709677,66.66666666666666,7.526881720430108
E00176942,70,27,9,18,43,43,0,38.57142857142858,12.857142857142856,25.71428571428571,61.42857142857143,61.42857142857143,0
E00176943,118,37,8,29,81,70,11,31.35593220338983,6.779661016949152,24.576271186440678,68.64406779661016,59.32203389830508,9.322033898305085
E00176945,200,50,16,34,150,128,22,25,8,17,75,64,11
E00176946,122,44,17,27,78,72,6,36.0655737704918,13.934426229508196,22.131147540983605,63.934426229508205,59.01639344262295,4.918032786885246
E00176947,187,29,13,16,158,149,9,15.508021390374333,6.951871657754011,8.55614973262032,84.49197860962568,79.67914438502673,4.81283422459893
E00176948,259,31,14,17,228,187,41,11.96911196911197,5.405405405405405,6.563706563706563,88.03088803088804,72.2007722007722,15.83011583011583
E00176949,176,39,5,34,137,114,23,22.15909090909091,2.840909090909091,19.318181818181817,77.8409090909091,64.77272727272727,13.068181818181818
E00176950,290,59,15,44,231,196,35,20.344827586206897,5.172413793103448,15.172413793103448,79.65517241379311,67.58620689655173,12.068965517241379
E00176953,132,10,2,8,122,107,15,7.575757575757576,1.5151515151515151,6.0606060606060606,92.42424242424242,81.06060606060606,11.363636363636363
E00176956,123,41,20,21,82,78,4,33.33333333333333,16.260162601626014,17.073170731707318,66.66666666666666,63.41463414634146,3.2520325203252036
E00176959,122,44,19,25,78,63,15,36.0655737704918,15.573770491803279,20.491803278688526,63.934426229508205,51.63934426229508,12.295081967213115
E00176960,257,49,13,36,208,186,22,19.06614785992218,5.058365758754864,14.007782101167315,80.93385214007782,72.37354085603113,8.560311284046692
E00176964,87,14,3,11,73,59,14,16.091954022988507,3.4482758620689653,12.643678160919542,83.9080459770115,67.81609195402298,16.091954022988507
E00176965,48,11,6,5,37,29,8,22.916666666666664,12.5,10.416666666666668,77.08333333333334,60.416666666666664,16.666666666666664
E00176966,55,11,8,3,44,37,7,20,14.545454545454545,5.454545454545454,80,67.27272727272727,12.727272727272727
E00176968,88,25,6,19,63,55,8,28.40909090909091,6.8181818181818175,21.59090909090909,71.5909090909091,62.5,9.090909090909092
E00176969,206,37,12,25,169,144,25,17.96116504854369,5.825242718446602,12.135922330097088,82.03883495145631,69.90291262135922,12.135922330097088
E00176971,293,76,20,56,217,192,25,25.938566552901023,6.825938566552901,19.112627986348123,74.06143344709898,65.52901023890784,8.532423208191126
E00176973,303,68,24,44,235,210,25,22.442244224422442,7.920792079207921,14.521452145214523,77.55775577557755,69.3069306930693,8.25082508250825
E00176974,321,61,17,44,260,224,36,19.003115264797508,5.29595015576324,13.707165109034266,80.99688473520249,69.78193146417445,11.214953271028037
E00176975,89,27,11,16,62,53,9,30.337078651685395,12.359550561797752,17.97752808988764,69.66292134831461,59.55056179775281,10.112359550561797
E00176979,227,52,23,29,175,157,18,22.90748898678414,10.13215859030837,12.77533039647577,77.09251101321586,69.16299559471366,7.929515418502203
E00176984,174,39,11,28,135,114,21,22.413793103448278,6.321839080459771,16.091954022988507,77.58620689655173,65.51724137931035,12.068965517241379
