OA,ts0380001,ts0380002,ts0380003,ts0380004,ts0380005,ts0380006,ts0380007,ts0380002_PCT,ts0380003_PCT,ts0380004_PCT,ts0380005_PCT,ts0380006_PCT,ts0380007_PCT
E00000576,363,47,23,24,316,25,291,12.947658402203857,6.336088154269973,6.6115702479338845,87.05234159779614,6.887052341597796,80.16528925619835
E00000577,273,47,20,27,226,17,209,17.216117216117215,7.326007326007327,9.89010989010989,82.78388278388277,6.227106227106227,76.55677655677655
E00000578,399,48,22,26,351,19,332,12.030075187969924,5.513784461152882,6.516290726817042,87.96992481203007,4.761904761904762,83.20802005012531
E00000579,507,48,22,26,459,29,430,9.467455621301776,4.339250493096647,5.128205128205128,90.53254437869822,5.719921104536489,84.81262327416174
E00000580,364,46,20,26,318,12,306,12.637362637362637,5.4945054945054945,7.142857142857142,87.36263736263736,3.296703296703297,84.06593406593407
E00000581,445,78,34,44,367,20,347,17.528089887640448,7.640449438202247,9.887640449438202,82.47191011235955,4.49438202247191,77.97752808988764
E00000583,461,50,13,37,411,33,378,10.84598698481562,2.8199566160520604,8.026030368763557,89.15401301518439,7.158351409978309,81.99566160520607
E00000584,339,42,20,22,297,29,268,12.389380530973451,5.899705014749262,6.489675516224189,87.61061946902655,8.55457227138643,79.05604719764013
E00000585,376,32,9,23,344,18,326,8.51063829787234,2.393617021276596,6.117021276595745,91.48936170212765,4.787234042553192,86.70212765957447
E00000586,345,46,19,27,299,29,270,13.333333333333334,5.507246376811594,7.82608695652174,86.66666666666667,8.405797101449275,78.26086956521739
E00000587,352,41,21,20,311,30,281,11.647727272727272,5.965909090909091,5.681818181818182,88.35227272727273,8.522727272727272,79.82954545454545
E00000588,381,60,19,41,321,13,308,15.748031496062993,4.986876640419948,10.761154855643044,84.25196850393701,3.4120734908136483,80.83989501312337
E00000589,329,50,27,23,279,16,263,15.19756838905775,8.206686930091186,6.990881458966565,84.80243161094225,4.86322188449848,79.93920972644378
E00000590,349,47,21,26,302,15,287,13.46704871060172,6.017191977077363,7.4498567335243555,86.53295128939828,4.297994269340974,82.23495702005731
E00000591,348,44,14,30,304,15,289,12.643678160919542,4.022988505747127,8.620689655172415,87.356321839080465,4.310344827586207,83.04597701149426
E00000592,376,89,55,34,287,25,262,23.670212765957448,14.627659574468085,9.042553191489363,76.32978723404256,6.648936170212766,69.68085106382979
E00000593,370,68,17,51,302,23,279,18.37837837837838,4.594594594594595,13.783783783783784,81.62162162162161,6.216216216216217,75.4054054054054
E00000594,338,42,16,26,296,11,285,12.42603550295858,4.733727810650888,7.6923076923076925,87.57396449704143,3.2544378698224854,84.31952662721893
E00000595,413,116,66,50,297,22,275,28.087167070217916,15.980629539951574,12.106537530266344,71.91283292978208,5.326876513317192,66.58595641646488
E00000596,338,47,19,28,291,16,275,13.905325443786982,5.621301775147929,8.284023668639055,86.09467455621301,4.733727810650888,81.36094674556213
E00000597,336,48,20,28,288,16,272,14.285714285714285,5.952380952380952,8.333333333333332,85.71428571428571,4.761904761904762,80.95238095238095
E00000598,431,50,20,30,381,22,359,11.600928074245939,4.640371229698376,6.960556844547564,88.39907192575406,5.104408352668213,83.29466357308584
E00000599,352,82,44,38,270,16,254,23.295454545454543,12.5,10.795454545454545,76.70454545454545,4.545454545454546,72.1590909090909
E00000600,358,39,15,24,319,21,298,10.893854748603351,4.189944134078212,6.70391061452514,89.10614525139665,5.865921787709497,83.24022346368714
E00000601,372,38,11,27,334,28,306,10.21505376344086,2.956989247311828,7.258064516129033,89.78494623655914,7.526881720430108,82.25806451612904
E00000602,297,39,12,27,258,20,238,13.131313131313133,4.040404040404041,9.090909090909092,86.86868686868688,6.7340067340067336,80.13468013468014
E00000603,328,36,12,24,292,30,262,10.975609756097562,3.6585365853658534,7.317073170731707,89.02439024390245,9.146341463414634,79.8780487804878
E00000604,369,30,6,24,339,17,322,8.130081300813007,1.6260162601626018,6.504065040650407,91.869918699187,4.607046070460704,87.26287262872629
E00000605,409,48,20,28,361,19,342,11.7359413202934,4.88997555012225,6.845965770171149,88.26405867970661,4.645476772616137,83.61858190709046
E00000606,338,43,7,36,295,23,272,12.721893491124261,2.0710059171597637,10.650887573964498,87.27810650887574,6.8047337278106506,80.4733727810651
E00000607,435,55,21,34,380,31,349,12.643678160919542,4.827586206896552,7.816091954022989,87.356321839080465,7.126436781609195,80.22988505747126
E00000608,354,39,10,29,315,16,299,11.016949152542372,2.824858757062147,8.192090395480225,88.98305084745762,4.519774011299435,84.4632768361582
E00000609,466,55,26,29,411,25,386,11.802575107296137,5.579399141630901,6.223175965665236,88.19742489270385,5.36480686695279,82.83261802575107
E00000610,334,56,25,31,278,22,256,16.766467065868262,7.48502994011976,9.281437125748502,83.23353293413174,6.58682634730539,76.64670658682635
E00000611,341,39,18,21,302,28,274,11.436950146627565,5.278592375366569,6.158357771260997,88.56304985337243,8.211143695014663,80.35190615835776
E00000612,360,51,18,33,309,17,292,14.166666666666666,5,9.166666666666666,85.83333333333333,4.722222222222222,81.11111111111111
E00000613,378,46,21,25,332,20,312,12.16931216931217,5.555555555555555,6.613756613756613,87.83068783068782,5.291005291005291,82.53968253968253
E00000614,343,47,12,35,296,20,276,13.702623906705538,3.498542274052478,10.204081632653061,86.29737609329446,5.830903790087463,80.466472303207
E00000615,319,40,15,25,279,19,260,12.539184952978054,4.702194357366771,7.836990595611286,87.46081504702194,5.956112852664576,81.50470219435736
E00000616,398,43,13,30,355,22,333,10.804020100502512,3.2663316582914574,7.537688442211055,89.19597989949749,5.527638190954774,83.66834170854271
E00000617,301,35,15,20,266,24,242,11.627906976744185,4.983388704318937,6.64451827242525,88.37209302325581,7.973421926910299,80.39867109634552
E00000618,299,47,18,29,252,23,229,15.719063545150503,6.0200668896321075,9.698996655518394,84.2809364548495,7.6923076923076925,76.58862876254182
E00000619,373,48,24,24,325,26,299,12.868632707774799,6.434316353887399,6.434316353887399,87.1313672922252,6.970509383378016,80.16085790884718
E00000620,391,41,13,28,350,23,327,10.485933503836318,3.324808184143223,7.161125319693094,89.51406649616368,5.88235294117647,83.63171355498721
E00000622,261,60,34,26,201,6,195,22.988505747126435,13.026819923371647,9.961685823754788,77.01149425287356,2.2988505747126435,74.71264367816092
E00000624,317,19,8,11,298,13,285,5.993690851735016,2.5236593059936907,3.4700315457413247,94.00630914826499,4.100946372239748,89.90536277602523
E00000625,376,46,19,27,330,15,315,12.23404255319149,5.053191489361701,7.180851063829788,87.7659574468085,3.9893617021276597,83.77659574468085
E00000626,338,49,22,27,289,14,275,14.497041420118343,6.508875739644971,7.988165680473373,85.50295857988166,4.142011834319527,81.36094674556213
E00000627,349,41,23,18,308,11,297,11.74785100286533,6.59025787965616,5.157593123209169,88.25214899713467,3.151862464183381,85.10028653295129
E00000628,431,51,30,21,380,9,371,11.832946635730858,6.960556844547564,4.872389791183294,88.16705336426914,2.088167053364269,86.07888631090486
E00000629,391,61,23,38,330,12,318,15.601023017902813,5.88235294117647,9.718670076726342,84.39897698209718,3.0690537084398977,81.32992327365729
E00000630,307,29,16,13,278,17,261,9.446254071661238,5.211726384364821,4.234527687296417,90.55374592833876,5.537459283387622,85.01628664495115
E00000631,357,37,19,18,320,7,313,10.364145658263306,5.322128851540616,5.042016806722689,89.6358543417367,1.9607843137254901,87.6750700280112
E00000632,301,47,32,15,254,10,244,15.614617940199334,10.631229235880399,4.983388704318937,84.38538205980066,3.322259136212625,81.06312292358804
E00000633,431,58,32,26,373,15,358,13.45707656612529,7.424593967517401,6.0324825986078885,86.5429234338747,3.480278422273782,83.06264501160094
E00000634,431,56,30,26,375,15,360,12.993039443155451,6.960556844547564,6.0324825986078885,87.00696055684455,3.480278422273782,83.52668213457076
E00000635,307,51,22,29,256,19,237,16.612377850162865,7.166123778501629,9.446254071661238,83.38762214983714,6.188925081433225,77.19869706840392
E00000636,400,47,21,26,353,22,331,11.75,5.25,6.5,88.25,5.5,82.75
E00000637,397,52,25,27,345,14,331,13.09823677581864,6.297229219143577,6.801007556675064,86.90176322418137,3.5264483627204033,83.37531486146096
E00000638,384,52,21,31,332,17,315,13.541666666666666,5.46875,8.072916666666668,86.45833333333334,4.427083333333334,82.03125
E00000640,375,45,24,21,330,10,320,12,6.4,5.6000000000000005,88,2.666666666666667,85.33333333333334
E00000641,316,48,24,24,268,26,242,15.18987341772152,7.59493670886076,7.59493670886076,84.81012658227847,8.227848101265822,76.58227848101265
E00000642,344,56,25,31,288,15,273,16.27906976744186,7.267441860465117,9.011627906976743,83.72093023255815,4.3604651162790695,79.36046511627907
E00000643,321,58,30,28,263,12,251,18.06853582554517,9.345794392523365,8.722741433021806,81.93146417445483,3.7383177570093453,78.19314641744548
E00000644,336,49,25,24,287,20,267,14.583333333333334,7.440476190476191,7.142857142857142,85.41666666666666,5.952380952380952,79.46428571428571
E00000645,341,61,27,34,280,15,265,17.888563049853374,7.9178885630498534,9.970674486803519,82.11143695014663,4.398826979472141,77.71260997067448
E00000646,371,49,24,25,322,10,312,13.20754716981132,6.46900269541779,6.738544474393531,86.79245283018868,2.6954177897574128,84.09703504043127
E00000647,432,47,17,30,385,24,361,10.87962962962963,3.935185185185185,6.944444444444445,89.12037037037037,5.555555555555555,83.56481481481481
E00000648,366,70,46,24,296,12,284,19.12568306010929,12.568306010928962,6.557377049180328,80.87431693989072,3.278688524590164,77.59562841530054
E00000649,341,23,6,17,318,6,312,6.744868035190615,1.7595307917888565,4.9853372434017595,93.25513196480938,1.7595307917888565,91.49560117302052
E00000650,411,52,28,24,359,6,353,12.652068126520682,6.81265206812652,5.839416058394161,87.34793187347933,1.4598540145985401,85.88807785888078
E00000651,546,73,46,27,473,15,458,13.36996336996337,8.424908424908425,4.945054945054945,86.63003663003663,2.7472527472527473,83.88278388278388
E00000652,237,12,0,12,225,4,221,5.063291139240507,0,5.063291139240507,94.9367088607595,1.6877637130801686,93.24894514767934
E00000653,419,47,24,23,372,5,367,11.217183770883054,5.727923627684964,5.4892601431980905,88.78281622911695,1.1933174224343674,87.58949880668257
E00000654,337,58,26,32,279,5,274,17.210682492581604,7.71513353115727,9.495548961424333,82.7893175074184,1.483679525222552,81.30563798219585
E00000655,354,29,12,17,325,14,311,8.192090395480225,3.389830508474576,4.80225988700565,91.80790960451978,3.954802259887006,87.85310734463276
E00000656,339,60,27,33,279,12,267,17.699115044247787,7.964601769911504,9.734513274336283,82.30088495575221,3.5398230088495577,78.76106194690266
E00000657,445,65,24,41,380,14,366,14.606741573033707,5.393258426966292,9.213483146067416,85.39325842696628,3.146067415730337,82.24719101123596
E00000658,589,73,40,33,516,17,499,12.39388794567063,6.791171477079796,5.602716468590832,87.60611205432937,2.886247877758913,84.71986417657045
E00000659,303,55,27,28,248,14,234,18.151815181518153,8.91089108910891,9.24092409240924,81.84818481848185,4.62046204620462,77.22772277227723
E00000660,430,51,24,27,379,23,356,11.86046511627907,5.5813953488372094,6.279069767441861,88.13953488372093,5.348837209302325,82.7906976744186
E00000661,419,48,24,24,371,15,356,11.455847255369928,5.727923627684964,5.727923627684964,88.54415274463007,3.579952267303103,84.96420047732697
E00000662,332,46,24,22,286,15,271,13.855421686746988,7.228915662650602,6.626506024096386,86.14457831325302,4.518072289156627,81.62650602409639
E00000663,253,56,29,27,197,5,192,22.134387351778656,11.462450592885375,10.67193675889328,77.86561264822134,1.9762845849802373,75.8893280632411
E00000664,450,145,100,45,305,11,294,32.22222222222222,22.22222222222222,10,67.77777777777779,2.4444444444444446,65.33333333333333
E00000666,323,11,0,11,312,7,305,3.4055727554179565,0,3.4055727554179565,96.59442724458205,2.1671826625387,94.42724458204334
E00000667,435,58,41,17,377,14,363,13.333333333333334,9.425287356321839,3.9080459770114944,86.66666666666667,3.218390804597701,83.44827586206897
E00000668,286,50,25,25,236,18,218,17.482517482517483,8.741258741258742,8.741258741258742,82.51748251748252,6.293706293706294,76.22377622377621
E00000669,376,42,18,24,334,29,305,11.170212765957446,4.787234042553192,6.382978723404255,88.82978723404256,7.712765957446808,81.11702127659575
E00000670,383,50,22,28,333,17,316,13.054830287206268,5.7441253263707575,7.310704960835509,86.94516971279373,4.43864229765013,82.50652741514361
E00000671,319,31,12,19,288,18,270,9.717868338557993,3.761755485893417,5.956112852664576,90.28213166144201,5.6426332288401255,84.63949843260188
E00000672,353,41,23,18,312,30,282,11.614730878186968,6.515580736543909,5.099150141643059,88.38526912181302,8.498583569405099,79.88668555240793
E00000674,392,33,13,20,359,20,339,8.418367346938775,3.316326530612245,5.1020408163265305,91.58163265306123,5.1020408163265305,86.4795918367347
E00000675,267,26,9,17,241,20,221,9.737827715355806,3.3707865168539324,6.367041198501873,90.2621722846442,7.490636704119851,82.77153558052434
E00000676,359,39,7,32,320,23,297,10.86350974930362,1.9498607242339834,8.913649025069638,89.13649025069638,6.406685236768802,82.72980501392759
E00000677,242,43,14,29,199,12,187,17.768595041322314,5.785123966942149,11.983471074380166,82.23140495867769,4.958677685950414,77.27272727272727
E00000678,303,47,26,21,256,13,243,15.51155115511551,8.58085808580858,6.9306930693069315,84.48844884488449,4.29042904290429,80.19801980198021
E00000679,406,87,47,40,319,7,312,21.428571428571427,11.576354679802956,9.852216748768473,78.57142857142857,1.7241379310344827,76.84729064039408
E00000681,285,35,18,17,250,13,237,12.280701754385964,6.315789473684211,5.964912280701754,87.71929824561403,4.56140350877193,83.15789473684211
E00000682,336,50,23,27,286,15,271,14.880952380952381,6.845238095238096,8.035714285714286,85.11904761904762,4.464285714285714,80.65476190476191
E00000683,324,60,30,30,264,9,255,18.51851851851852,9.25925925925926,9.25925925925926,81.48148148148148,2.7777777777777777,78.70370370370371
E00000684,298,51,23,28,247,16,231,17.114093959731544,7.718120805369128,9.395973154362416,82.88590604026845,5.369127516778524,77.51677852348993
E00000685,412,41,21,20,371,16,355,9.951456310679612,5.097087378640777,4.854368932038835,90.0485436893204,3.8834951456310676,86.16504854368931
E00000686,276,23,14,9,253,10,243,8.333333333333332,5.072463768115942,3.260869565217391,91.66666666666666,3.6231884057971016,88.04347826086956
E00000687,291,22,8,14,269,9,260,7.560137457044673,2.7491408934707904,4.810996563573884,92.43986254295532,3.0927835051546393,89.3470790378007
E00000688,351,55,29,26,296,15,281,15.669515669515668,8.262108262108262,7.4074074074074066,84.33048433048434,4.273504273504273,80.05698005698005
E00000689,413,40,14,26,373,27,346,9.685230024213075,3.389830508474576,6.2953995157385,90.31476997578693,6.5375302663438255,83.7772397094431
E00000690,414,67,32,35,347,16,331,16.183574879227052,7.729468599033816,8.454106280193237,83.81642512077295,3.864734299516908,79.95169082125604
E00000691,311,23,7,16,288,18,270,7.395498392282958,2.2508038585209005,5.144694533762058,92.60450160771704,5.787781350482315,86.81672025723472
E00000692,391,51,19,32,340,22,318,13.043478260869565,4.859335038363171,8.184143222506394,86.95652173913044,5.626598465473146,81.32992327365729
E00000693,311,60,35,25,251,6,245,19.292604501607716,11.254019292604502,8.038585209003216,80.70739549839229,1.929260450160772,78.77813504823152
E00000694,397,44,19,25,353,22,331,11.083123425692696,4.785894206549118,6.297229219143577,88.9168765743073,5.541561712846348,83.37531486146096
E00000695,398,47,26,21,351,19,332,11.809045226130653,6.532663316582915,5.276381909547738,88.19095477386935,4.773869346733668,83.41708542713567
E00000697,381,44,14,30,337,20,317,11.548556430446194,3.674540682414698,7.874015748031496,88.4514435695538,5.2493438320209975,83.2020997375328
E00000698,587,118,81,37,469,28,441,20.10221465076661,13.798977853492334,6.303236797274275,79.89778534923339,4.770017035775128,75.12776831345826
E00000699,347,44,16,28,303,21,282,12.680115273775217,4.610951008645533,8.069164265129682,87.31988472622479,6.051873198847262,81.26801152737752
E00000700,327,29,10,19,298,22,276,8.868501529051988,3.058103975535168,5.81039755351682,91.13149847094802,6.727828746177369,84.40366972477065
E00000701,334,47,27,20,287,9,278,14.071856287425149,8.08383233532934,5.9880239520958085,85.92814371257485,2.694610778443114,83.23353293413174
E00000702,446,59,27,32,387,23,364,13.228699551569505,6.053811659192825,7.174887892376682,86.7713004484305,5.15695067264574,81.61434977578476
E00000703,384,36,10,26,348,24,324,9.375,2.604166666666667,6.770833333333333,90.625,6.25,84.375
E00000704,262,42,20,22,220,10,210,16.030534351145036,7.633587786259542,8.396946564885496,83.96946564885496,3.816793893129771,80.1526717557252
E00000705,373,44,19,25,329,15,314,11.796246648793565,5.093833780160858,6.702412868632708,88.20375335120644,4.021447721179625,84.1823056300268
E00000706,332,50,34,16,282,7,275,15.060240963855422,10.240963855421686,4.819277108433735,84.93975903614458,2.108433734939759,82.83132530120481
E00000707,404,68,44,24,336,28,308,16.831683168316832,10.891089108910892,5.9405940594059405,83.16831683168317,6.9306930693069315,76.23762376237624
E00000708,402,58,18,40,344,22,322,14.427860696517413,4.477611940298507,9.950248756218906,85.57213930348259,5.472636815920398,80.09950248756219
E00000709,350,58,24,34,292,6,286,16.57142857142857,6.857142857142858,9.714285714285714,83.42857142857143,1.7142857142857144,81.71428571428572
E00000710,508,69,36,33,439,19,420,13.582677165354331,7.086614173228346,6.496062992125983,86.41732283464567,3.740157480314961,82.67716535433071
E00000711,481,63,28,35,418,27,391,13.097713097713099,5.8212058212058215,7.276507276507277,86.9022869022869,5.613305613305614,81.28898128898129
E00000712,361,43,25,18,318,15,303,11.911357340720222,6.9252077562326875,4.986149584487535,88.08864265927978,4.1551246537396125,83.93351800554017
E00000713,375,39,18,21,336,18,318,10.4,4.8,5.6000000000000005,89.60000000000001,4.8,84.8
E00000714,335,43,21,22,292,16,276,12.835820895522387,6.26865671641791,6.567164179104477,87.16417910447761,4.776119402985075,82.38805970149254
E00000715,382,49,18,31,333,20,313,12.827225130890053,4.712041884816754,8.115183246073299,87.17277486910994,5.2356020942408374,81.93717277486911
E00000716,447,70,45,25,377,28,349,15.659955257270694,10.06711409395973,5.592841163310962,84.3400447427293,6.263982102908278,78.07606263982103
E00000717,305,41,21,20,264,7,257,13.442622950819672,6.885245901639345,6.557377049180328,86.55737704918033,2.2950819672131146,84.26229508196721
E00000718,324,53,30,23,271,15,256,16.358024691358025,9.25925925925926,7.098765432098765,83.64197530864197,4.62962962962963,79.01234567901234
E00000719,301,38,25,13,263,12,251,12.624584717607974,8.305647840531561,4.318936877076411,87.37541528239203,3.9867109634551494,83.38870431893687
E00000720,365,52,21,31,313,23,290,14.246575342465754,5.7534246575342465,8.493150684931507,85.75342465753425,6.301369863013699,79.45205479452055
E00000721,400,53,22,31,347,17,330,13.25,5.5,7.75,86.75,4.25,82.5
E00000722,308,28,5,23,280,21,259,9.090909090909092,1.6233766233766231,7.467532467532467,90.9090909090909,6.8181818181818175,84.0909090909091
E00000723,316,34,15,19,282,13,269,10.759493670886076,4.746835443037975,6.012658227848101,89.24050632911393,4.113924050632911,85.12658227848101
E00000724,193,19,8,11,174,9,165,9.844559585492227,4.145077720207254,5.699481865284974,90.15544041450777,4.66321243523316,85.49222797927462
E00000725,359,37,18,19,322,9,313,10.30640668523677,5.013927576601671,5.2924791086350975,89.69359331476323,2.5069637883008355,87.1866295264624
E00000726,469,40,16,24,429,17,412,8.528784648187633,3.411513859275053,5.11727078891258,91.47121535181236,3.624733475479744,87.84648187633263
E00000727,437,49,23,26,388,11,377,11.212814645308924,5.263157894736842,5.949656750572083,88.78718535469108,2.517162471395881,86.2700228832952
E00000728,504,38,17,21,466,23,443,7.5396825396825395,3.373015873015873,4.166666666666666,92.46031746031747,4.563492063492063,87.89682539682539
E00000730,503,43,26,17,460,15,445,8.548707753479125,5.168986083499006,3.3797216699801194,91.45129224652088,2.982107355864811,88.46918489065607
E00000732,471,47,21,26,424,15,409,9.978768577494693,4.45859872611465,5.520169851380043,90.02123142250531,3.1847133757961785,86.83651804670913
E00000737,301,35,16,19,266,11,255,11.627906976744185,5.3156146179401995,6.312292358803987,88.37209302325581,3.6544850498338874,84.71760797342192
E00000738,291,61,28,33,230,14,216,20.962199312714777,9.621993127147768,11.34020618556701,79.03780068728523,4.810996563573884,74.22680412371135
E00000739,487,45,20,25,442,8,434,9.240246406570842,4.1067761806981515,5.133470225872689,90.75975359342917,1.642710472279261,89.11704312114989
E00000740,271,49,29,20,222,17,205,18.081180811808117,10.70110701107011,7.380073800738007,81.91881918819189,6.273062730627306,75.64575645756457
E00000742,358,49,27,22,309,13,296,13.687150837988826,7.5418994413407825,6.145251396648044,86.31284916201118,3.6312849162011176,82.68156424581005
E00000743,285,48,28,20,237,9,228,16.842105263157894,9.824561403508772,7.017543859649122,83.15789473684211,3.1578947368421053,80
E00000745,334,76,42,34,258,5,253,22.75449101796407,12.574850299401197,10.179640718562874,77.24550898203593,1.4970059880239521,75.74850299401199
E00000746,206,16,5,11,190,5,185,7.766990291262135,2.4271844660194173,5.339805825242718,92.23300970873787,2.4271844660194173,89.80582524271846
E00000747,314,56,26,30,258,10,248,17.8343949044586,8.280254777070063,9.554140127388536,82.16560509554141,3.1847133757961785,78.98089171974523
E00000748,555,61,31,30,494,18,476,10.99099099099099,5.585585585585585,5.405405405405405,89.009009009009,3.2432432432432434,85.76576576576576
E00000749,199,45,20,25,154,0,154,22.613065326633166,10.050251256281408,12.562814070351758,77.38693467336684,0,77.38693467336684
E00000750,319,56,29,27,263,17,246,17.55485893416928,9.090909090909092,8.463949843260188,82.44514106583071,5.329153605015674,77.11598746081505
E00000751,436,81,44,37,355,16,339,18.577981651376145,10.091743119266056,8.486238532110093,81.42201834862385,3.669724770642202,77.75229357798165
E00000752,335,37,17,20,298,7,291,11.044776119402986,5.074626865671641,5.970149253731343,88.95522388059702,2.0895522388059704,86.86567164179104
E00000754,419,39,18,21,380,18,362,9.307875894988067,4.295942720763723,5.011933174224343,90.69212410501193,4.295942720763723,86.39618138424821
E00000755,286,16,8,8,270,7,263,5.594405594405594,2.797202797202797,2.797202797202797,94.4055944055944,2.4475524475524475,91.95804195804196
E00000756,283,36,15,21,247,6,241,12.7208480565371,5.30035335689046,7.420494699646643,87.27915194346289,2.1201413427561837,85.15901060070671
E00000757,285,18,6,12,267,8,259,6.315789473684211,2.1052631578947367,4.2105263157894735,93.6842105263158,2.807017543859649,90.87719298245615
E00000758,232,22,5,17,210,12,198,9.482758620689655,2.1551724137931036,7.327586206896551,90.51724137931035,5.172413793103448,85.34482758620689
E00000761,506,82,24,58,424,24,400,16.205533596837945,4.743083003952568,11.462450592885375,83.79446640316206,4.743083003952568,79.05138339920948
E00000763,275,54,29,25,221,9,212,19.636363636363637,10.545454545454545,9.090909090909092,80.36363636363636,3.272727272727273,77.0909090909091
E00000767,385,71,39,32,314,11,303,18.441558441558442,10.129870129870131,8.311688311688311,81.55844155844156,2.857142857142857,78.70129870129871
E00000768,348,38,17,21,310,49,261,10.919540229885058,4.885057471264368,6.0344827586206895,89.08045977011494,14.080459770114942,75
E00000769,591,52,15,37,539,33,506,8.79864636209814,2.5380710659898478,6.260575296108291,91.20135363790186,5.583756345177665,85.6175972927242
E00000770,475,45,25,20,430,22,408,9.473684210526317,5.263157894736842,4.2105263157894735,90.52631578947368,4.631578947368421,85.89473684210527
E00000771,574,103,54,49,471,29,442,17.94425087108014,9.40766550522648,8.536585365853659,82.05574912891987,5.052264808362369,77.00348432055749
E00000772,258,33,17,16,225,12,213,12.790697674418606,6.5891472868217065,6.2015503875969,87.20930232558139,4.651162790697675,82.55813953488372
E00000773,337,65,47,18,272,13,259,19.287833827893174,13.94658753709199,5.341246290801187,80.71216617210682,3.857566765578635,76.8545994065282
E00000774,314,55,36,19,259,10,249,17.51592356687898,11.464968152866243,6.050955414012739,82.48407643312102,3.1847133757961785,79.29936305732484
E00000775,415,38,15,23,377,28,349,9.156626506024097,3.614457831325301,5.542168674698795,90.8433734939759,6.746987951807229,84.09638554216868
E00000776,382,50,22,28,332,21,311,13.089005235602095,5.7591623036649215,7.329842931937172,86.91099476439791,5.49738219895288,81.41361256544502
E00000777,316,70,38,32,246,30,216,22.151898734177212,12.025316455696203,10.126582278481013,77.84810126582279,9.49367088607595,68.35443037974683
E00000778,366,49,19,30,317,17,300,13.387978142076504,5.191256830601093,8.19672131147541,86.6120218579235,4.644808743169399,81.9672131147541
E00000779,395,50,16,34,345,28,317,12.658227848101266,4.050632911392405,8.60759493670886,87.34177215189874,7.088607594936709,80.25316455696202
E00000780,330,39,17,22,291,13,278,11.818181818181818,5.151515151515151,6.666666666666667,88.18181818181819,3.939393939393939,84.24242424242424
E00000781,516,181,136,45,335,25,310,35.077519379844965,26.356589147286826,8.720930232558139,64.92248062015504,4.844961240310078,60.07751937984496
E00000782,383,39,18,21,344,16,328,10.182767624020887,4.699738903394255,5.483028720626632,89.81723237597912,4.177545691906006,85.6396866840731
E00000783,243,36,18,18,207,13,194,14.814814814814813,7.4074074074074066,7.4074074074074066,85.18518518518519,5.349794238683128,79.83539094650206
E00000785,421,63,24,39,358,25,333,14.964370546318289,5.7007125890736345,9.263657957244655,85.03562945368171,5.938242280285035,79.09738717339667
E00000786,468,88,56,32,380,22,358,18.803418803418804,11.965811965811966,6.837606837606838,81.19658119658119,4.700854700854701,76.49572649572649
E00000787,321,37,18,19,284,15,269,11.526479750778815,5.607476635514018,5.919003115264798,88.47352024922118,4.672897196261682,83.8006230529595
E00000788,293,37,13,24,256,8,248,12.627986348122866,4.436860068259386,8.19112627986348,87.37201365187714,2.7303754266211606,84.64163822525597
E00000789,233,63,37,26,170,12,158,27.038626609442062,15.879828326180256,11.158798283261802,72.96137339055794,5.150214592274678,67.81115879828327
E00000790,215,34,17,17,181,10,171,15.813953488372093,7.906976744186046,7.906976744186046,84.18604651162791,4.651162790697675,79.53488372093022
E00000791,267,29,14,15,238,14,224,10.861423220973784,5.2434456928838955,5.617977528089887,89.13857677902621,5.2434456928838955,83.89513108614233
E00000792,352,40,14,26,312,21,291,11.363636363636363,3.977272727272727,7.386363636363637,88.63636363636364,5.965909090909091,82.67045454545455
E00000793,353,39,21,18,314,25,289,11.048158640226628,5.94900849858357,5.099150141643059,88.95184135977338,7.0821529745042495,81.86968838526913
E00000794,400,60,27,33,340,11,329,15,6.75,8.25,85,2.75,82.25
E00000795,366,35,13,22,331,24,307,9.562841530054644,3.551912568306011,6.0109289617486334,90.43715846994536,6.557377049180328,83.87978142076503
E00000796,359,70,37,33,289,12,277,19.498607242339833,10.30640668523677,9.192200557103064,80.50139275766016,3.3426183844011144,77.15877437325905
E00000797,337,41,19,22,296,19,277,12.166172106824925,5.637982195845697,6.528189910979229,87.83382789317507,5.637982195845697,82.19584569732937
E00000798,317,35,12,23,282,12,270,11.041009463722396,3.7854889589905363,7.255520504731862,88.95899053627761,3.7854889589905363,85.17350157728707
E00000799,349,44,18,26,305,20,285,12.607449856733524,5.157593123209169,7.4498567335243555,87.39255014326648,5.730659025787966,81.66189111747852
E00000800,407,38,10,28,369,22,347,9.336609336609335,2.457002457002457,6.87960687960688,90.66339066339066,5.405405405405405,85.25798525798525
E00000801,321,42,12,30,279,18,261,13.084112149532709,3.7383177570093453,9.345794392523365,86.91588785046729,5.607476635514018,81.30841121495327
E00000802,319,50,26,24,269,16,253,15.673981191222571,8.150470219435736,7.523510971786834,84.32601880877742,5.015673981191222,79.3103448275862
E00000803,249,19,2,17,230,15,215,7.630522088353414,0.8032128514056224,6.827309236947792,92.3694779116466,6.024096385542169,86.34538152610442
E00000804,469,51,22,29,418,25,393,10.874200426439232,4.690831556503198,6.183368869936034,89.12579957356077,5.330490405117271,83.7953091684435
E00000805,389,36,14,22,353,22,331,9.254498714652955,3.5989717223650386,5.655526992287918,90.74550128534705,5.655526992287918,85.08997429305913
E00000806,333,31,13,18,302,18,284,9.30930930930931,3.903903903903904,5.405405405405405,90.69069069069069,5.405405405405405,85.28528528528528
E00000807,289,50,26,24,239,12,227,17.301038062283737,8.996539792387544,8.304498269896193,82.69896193771626,4.1522491349480966,78.54671280276817
E00000808,302,40,18,22,262,16,246,13.245033112582782,5.960264900662252,7.28476821192053,86.75496688741721,5.298013245033113,81.45695364238411
E00000809,256,36,19,17,220,11,209,14.0625,7.421875,6.640625,85.9375,4.296875,81.640625
E00000810,280,29,18,11,251,17,234,10.357142857142858,6.428571428571428,3.9285714285714284,89.64285714285715,6.071428571428571,83.57142857142857
E00000811,376,62,21,41,314,20,294,16.48936170212766,5.585106382978723,10.904255319148938,83.51063829787235,5.319148936170213,78.19148936170212
E00000812,392,37,11,26,355,27,328,9.438775510204081,2.806122448979592,6.63265306122449,90.56122448979592,6.887755102040815,83.6734693877551
E00000813,385,44,20,24,341,13,328,11.428571428571429,5.194805194805195,6.233766233766234,88.57142857142857,3.3766233766233764,85.19480519480518
E00000814,272,27,7,20,245,21,224,9.926470588235293,2.5735294117647056,7.352941176470589,90.07352941176471,7.720588235294118,82.35294117647058
E00000815,275,48,21,27,227,19,208,17.454545454545457,7.636363636363637,9.818181818181818,82.54545454545455,6.909090909090909,75.63636363636364
E00000816,348,40,16,24,308,20,288,11.494252873563218,4.597701149425287,6.896551724137931,88.50574712643679,5.747126436781609,82.75862068965517
E00000817,426,43,17,26,383,20,363,10.093896713615024,3.9906103286384975,6.103286384976526,89.90610328638498,4.694835680751173,85.2112676056338
E00000818,318,54,21,33,264,16,248,16.9811320754717,6.60377358490566,10.377358490566039,83.01886792452831,5.031446540880504,77.9874213836478
E00000819,330,88,43,45,242,12,230,26.666666666666668,13.030303030303031,13.636363636363635,73.33333333333333,3.6363636363636362,69.6969696969697
E00000820,328,37,11,26,291,31,260,11.28048780487805,3.353658536585366,7.926829268292683,88.71951219512195,9.451219512195122,79.26829268292683
E00000821,201,30,11,19,171,14,157,14.925373134328357,5.472636815920398,9.45273631840796,85.07462686567165,6.965174129353234,78.1094527363184
E00000822,227,25,15,10,202,17,185,11.013215859030836,6.607929515418502,4.405286343612335,88.98678414096916,7.488986784140969,81.4977973568282
E00000823,388,56,17,39,332,19,313,14.432989690721648,4.381443298969072,10.051546391752577,85.56701030927834,4.896907216494846,80.6701030927835
E00000824,285,53,29,24,232,12,220,18.596491228070175,10.175438596491228,8.421052631578947,81.40350877192982,4.2105263157894735,77.19298245614034
E00000825,222,28,11,17,194,6,188,12.612612612612612,4.954954954954955,7.657657657657657,87.38738738738738,2.7027027027027026,84.68468468468468
E00000826,258,37,17,20,221,22,199,14.34108527131783,6.5891472868217065,7.751937984496124,85.65891472868216,8.527131782945736,77.13178294573643
E00000827,373,46,19,27,327,29,298,12.332439678284182,5.093833780160858,7.238605898123325,87.66756032171583,7.774798927613941,79.89276139410187
E00000828,284,35,13,22,249,13,236,12.323943661971832,4.577464788732395,7.746478873239436,87.67605633802818,4.577464788732395,83.09859154929578
E00000829,351,57,21,36,294,27,267,16.23931623931624,5.982905982905983,10.256410256410255,83.76068376068376,7.6923076923076925,76.06837606837607
E00000830,595,73,24,49,522,22,500,12.26890756302521,4.033613445378151,8.235294117647058,87.73109243697479,3.697478991596639,84.03361344537815
E00000831,362,32,9,23,330,32,298,8.83977900552486,2.4861878453038675,6.353591160220995,91.16022099447514,8.83977900552486,82.32044198895028
E00000832,310,39,19,20,271,26,245,12.580645161290322,6.129032258064516,6.451612903225806,87.41935483870968,8.38709677419355,79.03225806451613
E00000833,252,44,21,23,208,17,191,17.46031746031746,8.333333333333332,9.126984126984127,82.53968253968253,6.746031746031746,75.79365079365078
E00000834,304,45,17,28,259,13,246,14.802631578947366,5.592105263157895,9.210526315789473,85.19736842105263,4.276315789473684,80.92105263157895
E00000835,279,37,16,21,242,16,226,13.261648745519713,5.734767025089606,7.526881720430108,86.73835125448028,5.734767025089606,81.00358422939068
E00000836,322,41,18,23,281,16,265,12.732919254658384,5.590062111801243,7.142857142857142,87.26708074534162,4.968944099378882,82.29813664596274
E00000837,205,43,21,22,162,11,151,20.975609756097562,10.24390243902439,10.731707317073171,79.02439024390245,5.365853658536586,73.65853658536585
E00000838,269,38,15,23,231,9,222,14.12639405204461,5.5762081784386615,8.550185873605948,85.87360594795538,3.3457249070631967,82.5278810408922
E00000839,300,40,17,23,260,16,244,13.333333333333334,5.666666666666666,7.666666666666666,86.66666666666667,5.333333333333334,81.33333333333333
E00000840,408,59,29,30,349,19,330,14.460784313725492,7.107843137254902,7.352941176470589,85.5392156862745,4.6568627450980395,80.88235294117648
E00000841,317,47,19,28,270,15,255,14.826498422712934,5.993690851735016,8.832807570977918,85.17350157728707,4.73186119873817,80.4416403785489
E00000842,369,37,16,21,332,29,303,10.02710027100271,4.336043360433604,5.691056910569105,89.97289972899729,7.8590785907859075,82.11382113821138
E00000843,544,64,29,35,480,23,457,11.76470588235294,5.330882352941177,6.4338235294117645,88.23529411764706,4.227941176470589,84.00735294117648
E00000844,311,45,19,26,266,19,247,14.469453376205788,6.109324758842444,8.360128617363344,85.53054662379421,6.109324758842444,79.42122186495176
E00000845,342,40,19,21,302,13,289,11.695906432748536,5.555555555555555,6.140350877192982,88.30409356725146,3.8011695906432745,84.50292397660819
E00000846,494,102,54,48,392,13,379,20.647773279352226,10.931174089068826,9.7165991902834,79.35222672064778,2.631578947368421,76.72064777327935
E00000847,320,43,14,29,277,17,260,13.4375,4.375,9.0625,86.5625,5.3125,81.25
E00000848,347,43,13,30,304,26,278,12.39193083573487,3.7463976945244957,8.645533141210375,87.60806916426513,7.492795389048991,80.11527377521614
E00000849,355,58,22,36,297,14,283,16.338028169014084,6.197183098591549,10.140845070422536,83.66197183098592,3.943661971830986,79.71830985915493
E00000850,269,46,19,27,223,12,211,17.100371747211895,7.063197026022305,10.037174721189592,82.8996282527881,4.4609665427509295,78.43866171003717
E00000851,347,45,21,24,302,21,281,12.968299711815561,6.051873198847262,6.9164265129683,87.03170028818444,6.051873198847262,80.97982708933718
E00000852,304,37,14,23,267,29,238,12.171052631578947,4.605263157894736,7.565789473684211,87.82894736842105,9.539473684210527,78.28947368421053
E00000853,328,39,15,24,289,10,279,11.890243902439025,4.573170731707317,7.317073170731707,88.10975609756098,3.048780487804878,85.0609756097561
E00000854,347,52,21,31,295,26,269,14.985590778097983,6.051873198847262,8.93371757925072,85.01440922190201,7.492795389048991,77.52161383285303
E00000855,382,57,14,43,325,14,311,14.921465968586386,3.664921465968586,11.2565445026178,85.07853403141361,3.664921465968586,81.41361256544502
E00000856,341,46,16,30,295,26,269,13.48973607038123,4.69208211143695,8.797653958944283,86.51026392961877,7.624633431085044,78.88563049853371
E00000857,445,38,11,27,407,22,385,8.539325842696629,2.4719101123595504,6.067415730337078,91.46067415730337,4.943820224719101,86.51685393258427
E00000858,368,48,16,32,320,22,298,13.043478260869565,4.3478260869565215,8.695652173913043,86.95652173913044,5.978260869565218,80.97826086956522
E00000859,210,31,12,19,179,7,172,14.761904761904763,5.714285714285714,9.047619047619047,85.23809523809524,3.3333333333333335,81.9047619047619
E00000860,340,34,10,24,306,27,279,10,2.941176470588235,7.0588235294117645,90,7.941176470588235,82.05882352941177
E00000861,322,29,9,20,293,25,268,9.006211180124224,2.7950310559006213,6.211180124223603,90.99378881987577,7.763975155279502,83.22981366459628
E00000863,316,34,14,20,282,26,256,10.759493670886076,4.430379746835443,6.329113924050633,89.24050632911393,8.227848101265822,81.0126582278481
E00000864,384,59,29,30,325,26,299,15.364583333333334,7.552083333333333,7.8125,84.63541666666666,6.770833333333333,77.86458333333334
E00000865,436,86,43,43,350,24,326,19.724770642201836,9.862385321100918,9.862385321100918,80.27522935779817,5.5045871559633035,74.77064220183486
E00000866,319,34,14,20,285,21,264,10.658307210031348,4.38871473354232,6.269592476489027,89.34169278996865,6.583072100313479,82.75862068965517
E00000867,335,55,22,33,280,13,267,16.417910447761194,6.567164179104477,9.850746268656717,83.5820895522388,3.880597014925373,79.70149253731343
E00000868,292,51,26,25,241,16,225,17.465753424657535,8.904109589041095,8.561643835616438,82.53424657534246,5.47945205479452,77.05479452054794
E00000869,326,58,23,35,268,21,247,17.791411042944784,7.05521472392638,10.736196319018406,82.20858895705521,6.441717791411043,75.76687116564416
E00000870,259,32,6,26,227,21,206,12.355212355212355,2.3166023166023164,10.038610038610038,87.64478764478764,8.108108108108109,79.53667953667953
E00000871,341,31,7,24,310,20,290,9.090909090909092,2.0527859237536656,7.038123167155426,90.9090909090909,5.865102639296188,85.04398826979472
E00000872,341,61,35,26,280,16,264,17.888563049853374,10.263929618768328,7.624633431085044,82.11143695014663,4.69208211143695,77.41935483870968
E00000873,378,38,16,22,340,31,309,10.052910052910052,4.232804232804233,5.82010582010582,89.94708994708994,8.201058201058201,81.74603174603175
E00000874,228,45,23,22,183,11,172,19.736842105263158,10.087719298245613,9.649122807017543,80.26315789473685,4.824561403508771,75.43859649122807
E00000875,248,29,15,14,219,20,199,11.693548387096774,6.048387096774194,5.64516129032258,88.30645161290323,8.064516129032258,80.24193548387096
E00000876,322,35,14,21,287,14,273,10.869565217391305,4.3478260869565215,6.521739130434782,89.13043478260869,4.3478260869565215,84.78260869565217
E00000877,378,51,16,35,327,23,304,13.492063492063492,4.232804232804233,9.25925925925926,86.5079365079365,6.084656084656085,80.42328042328042
E00000878,411,46,11,35,365,17,348,11.19221411192214,2.67639902676399,8.51581508515815,88.80778588807786,4.13625304136253,84.67153284671532
E00000880,305,72,37,35,233,11,222,23.60655737704918,12.131147540983607,11.475409836065573,76.39344262295083,3.606557377049181,72.78688524590164
E00000881,356,52,27,25,304,44,260,14.606741573033707,7.584269662921349,7.02247191011236,85.39325842696628,12.359550561797752,73.03370786516854
E00000882,430,85,32,53,345,23,322,19.767441860465116,7.441860465116279,12.325581395348838,80.23255813953489,5.348837209302325,74.88372093023256
E00000883,316,24,6,18,292,37,255,7.59493670886076,1.89873417721519,5.69620253164557,92.40506329113924,11.708860759493671,80.69620253164557
E00000884,269,56,26,30,213,21,192,20.817843866171003,9.66542750929368,11.152416356877323,79.182156133829,7.806691449814126,71.37546468401487
E00000885,297,44,28,16,253,14,239,14.814814814814813,9.427609427609427,5.387205387205387,85.18518518518519,4.713804713804714,80.47138047138047
E00000886,334,47,17,30,287,17,270,14.071856287425149,5.089820359281437,8.982035928143713,85.92814371257485,5.089820359281437,80.83832335329342
E00000887,275,51,27,24,224,14,210,18.545454545454547,9.818181818181818,8.727272727272728,81.45454545454545,5.090909090909091,76.36363636363637
E00000888,245,17,0,17,228,19,209,6.938775510204081,0,6.938775510204081,93.06122448979592,7.755102040816326,85.3061224489796
E00000889,297,58,37,21,239,15,224,19.52861952861953,12.457912457912458,7.07070707070707,80.47138047138047,5.05050505050505,75.42087542087542
E00000890,421,53,20,33,368,45,323,12.589073634204276,4.750593824228028,7.8384798099762465,87.41092636579573,10.688836104513063,76.72209026128266
E00000891,334,32,5,27,302,16,286,9.580838323353294,1.4970059880239521,8.08383233532934,90.41916167664671,4.790419161676647,85.62874251497006
E00000892,374,43,13,30,331,33,298,11.497326203208557,3.4759358288770055,8.0213903743315509,88.50267379679144,8.823529411764707,79.67914438502673
E00000893,317,38,11,27,279,37,242,11.987381703470032,3.4700315457413247,8.517350157728707,88.01261829652996,11.67192429022082,76.34069400630915
E00000894,315,67,36,31,248,18,230,21.26984126984127,11.428571428571429,9.841269841269842,78.73015873015873,5.714285714285714,73.01587301587301
E00000895,349,34,12,22,315,28,287,9.742120343839542,3.4383954154727796,6.303724928366762,90.25787965616045,8.022922636103152,82.23495702005731
E00000896,249,69,33,36,180,19,161,27.710843373493976,13.253012048192772,14.457831325301203,72.28915662650603,7.630522088353414,64.65863453815261
E00000897,200,42,24,18,158,13,145,21,12,9,79,6.5,72.5
E00000898,374,68,31,37,306,33,273,18.181818181818183,8.288770053475936,9.893048128342247,81.81818181818183,8.823529411764707,72.99465240641712
E00000899,357,40,12,28,317,30,287,11.204481792717088,3.361344537815126,7.8431372549019605,88.79551820728291,8.403361344537815,80.3921568627451
E00000900,314,38,11,27,276,18,258,12.101910828025478,3.5031847133757963,8.598726114649681,87.89808917197452,5.7324840764331215,82.16560509554141
E00000901,276,34,9,25,242,18,224,12.318840579710146,3.260869565217391,9.057971014492754,87.68115942028986,6.521739130434782,81.15942028985508
E00000902,323,48,19,29,275,16,259,14.860681114551083,5.88235294117647,8.978328173374612,85.13931888544892,4.953560371517028,80.18575851393189
E00000903,211,31,9,22,180,23,157,14.691943127962084,4.265402843601896,10.42654028436019,85.30805687203792,10.90047393364929,74.40758293838863
E00000904,217,56,26,30,161,14,147,25.806451612903224,11.981566820276496,13.82488479262673,74.19354838709677,6.451612903225806,67.74193548387096
E00000905,319,47,24,23,272,20,252,14.733542319749215,7.523510971786834,7.210031347962382,85.26645768025078,6.269592476489027,78.99686520376176
E00000906,301,12,3,9,289,25,264,3.9867109634551494,0.9966777408637874,2.990033222591362,96.01328903654485,8.305647840531561,87.70764119601328
E00000907,311,34,6,28,277,27,250,10.932475884244374,1.929260450160772,9.003215434083602,89.06752411575563,8.681672025723474,80.38585209003215
E00000908,278,36,14,22,242,12,230,12.949640287769784,5.0359712230215825,7.913669064748201,87.05035971223022,4.316546762589928,82.73381294964028
E00000909,396,46,12,34,350,29,321,11.616161616161616,3.0303030303030303,8.585858585858585,88.38383838383838,7.3232323232323235,81.06060606060606
E00000910,344,46,7,39,298,22,276,13.372093023255813,2.0348837209302326,11.337209302325581,86.62790697674419,6.395348837209303,80.23255813953489
E00000911,343,33,8,25,310,21,289,9.620991253644315,2.3323615160349855,7.288629737609329,90.37900874635568,6.122448979591836,84.25655976676384
E00000912,297,45,18,27,252,15,237,15.151515151515152,6.0606060606060606,9.090909090909092,84.84848484848484,5.05050505050505,79.7979797979798
E00000913,375,132,84,48,243,14,229,35.199999999999996,22.400000000000002,12.8,64.8,3.733333333333334,61.06666666666667
E00000914,243,23,7,16,220,6,214,9.465020576131687,2.880658436213992,6.584362139917696,90.53497942386831,2.4691358024691357,88.06584362139918
E00000915,298,41,10,31,257,16,241,13.758389261744966,3.3557046979865772,10.40268456375839,86.24161073825503,5.369127516778524,80.87248322147651
E00000916,286,24,5,19,262,21,241,8.391608391608392,1.7482517482517483,6.643356643356643,91.6083916083916,7.3426573426573425,84.26573426573427
E00000917,205,29,12,17,176,12,164,14.146341463414632,5.853658536585367,8.292682926829269,85.85365853658537,5.853658536585367,80
E00000918,198,36,15,21,162,15,147,18.181818181818183,7.575757575757576,10.606060606060606,81.81818181818183,7.575757575757576,74.24242424242425
E00000919,374,43,11,32,331,34,297,11.497326203208557,2.941176470588235,8.55614973262032,88.50267379679144,9.090909090909092,79.41176470588235
E00000920,371,57,26,31,314,25,289,15.363881401617252,7.008086253369273,8.355795148247978,84.63611859838275,6.738544474393531,77.89757412398922
E00000921,356,60,24,36,296,10,286,16.853932584269664,6.741573033707865,10.112359550561797,83.14606741573034,2.8089887640449436,80.33707865168539
E00000922,380,43,29,14,337,25,312,11.31578947368421,7.631578947368421,3.684210526315789,88.68421052631578,6.578947368421052,82.10526315789474
E00000923,237,56,27,29,181,8,173,23.628691983122362,11.39240506329114,12.236286919831224,76.37130801687763,3.375527426160337,72.9957805907173
E00000924,332,61,27,34,271,15,256,18.373493975903614,8.132530120481928,10.240963855421686,81.62650602409639,4.518072289156627,77.10843373493977
E00000925,397,54,20,34,343,18,325,13.602015113350127,5.037783375314862,8.564231738035264,86.39798488664987,4.534005037783375,81.86397984886649
E00000926,343,33,9,24,310,25,285,9.620991253644315,2.623906705539359,6.997084548104956,90.37900874635568,7.288629737609329,83.09037900874635
E00000927,348,36,12,24,312,24,288,10.344827586206897,3.4482758620689653,6.896551724137931,89.65517241379311,6.896551724137931,82.75862068965517
E00000928,396,49,16,33,347,26,321,12.373737373737374,4.040404040404041,8.333333333333332,87.62626262626263,6.565656565656567,81.06060606060606
E00000929,424,37,8,29,387,19,368,8.726415094339622,1.8867924528301887,6.8396226415094334,91.27358490566037,4.481132075471698,86.79245283018868
E00000930,418,40,16,24,378,27,351,9.569377990430622,3.827751196172249,5.741626794258373,90.43062200956938,6.4593301435406705,83.97129186602871
E00000931,460,40,13,27,420,32,388,8.695652173913043,2.8260869565217392,5.869565217391305,91.30434782608695,6.956521739130435,84.34782608695653
E00000932,461,69,35,34,392,22,370,14.967462039045554,7.592190889370933,7.37527114967462,85.03253796095444,4.772234273318872,80.26030368763557
E00000934,424,39,16,23,385,15,370,9.19811320754717,3.7735849056603774,5.4245283018867925,90.80188679245283,3.5377358490566038,87.26415094339622
E00000935,411,41,16,25,370,18,352,9.975669099756692,3.8929440389294405,6.082725060827251,90.02433090024331,4.37956204379562,85.64476885644768
E00000936,504,54,20,34,450,28,422,10.714285714285714,3.968253968253968,6.746031746031746,89.28571428571429,5.555555555555555,83.73015873015873
E00000937,460,74,44,30,386,20,366,16.08695652173913,9.565217391304348,6.521739130434782,83.91304347826087,4.3478260869565215,79.56521739130434
E00000938,421,63,28,35,358,26,332,14.964370546318289,6.65083135391924,8.31353919239905,85.03562945368171,6.175771971496437,78.85985748218528
E00000939,447,60,27,33,387,24,363,13.422818791946309,6.0402684563758395,7.38255033557047,86.57718120805369,5.369127516778524,81.20805369127517
E00000940,330,58,22,36,272,11,261,17.575757575757574,6.666666666666667,10.909090909090908,82.42424242424242,3.3333333333333335,79.0909090909091
E00000941,425,50,30,20,375,21,354,11.76470588235294,7.0588235294117645,4.705882352941177,88.23529411764706,4.941176470588235,83.29411764705881
E00000943,462,31,16,15,431,19,412,6.70995670995671,3.463203463203463,3.2467532467532463,93.29004329004329,4.112554112554113,89.17748917748918
E00000944,468,44,18,26,424,19,405,9.401709401709402,3.8461538461538463,5.555555555555555,90.5982905982906,4.05982905982906,86.53846153846155
E00000945,357,49,23,26,308,24,284,13.725490196078432,6.442577030812324,7.282913165266107,86.27450980392157,6.722689075630252,79.55182072829132
E00000947,452,82,36,46,370,18,352,18.141592920353983,7.964601769911504,10.176991150442479,81.85840707964603,3.982300884955752,77.87610619469027
E00000948,393,42,16,26,351,31,320,10.687022900763358,4.071246819338422,6.615776081424936,89.31297709923665,7.888040712468193,81.42493638676844
E00000949,320,74,31,43,246,15,231,23.125,9.6875,13.4375,76.875,4.6875,72.1875
E00000950,357,45,20,25,312,22,290,12.605042016806722,5.602240896358544,7.002801120448179,87.39495798319328,6.162464985994398,81.23249299719888
E00000951,386,50,14,36,336,18,318,12.953367875647666,3.6269430051813467,9.32642487046632,87.04663212435233,4.66321243523316,82.38341968911918
E00000952,380,41,18,23,339,15,324,10.789473684210527,4.736842105263158,6.052631578947368,89.21052631578948,3.9473684210526314,85.26315789473684
E00000953,516,36,17,19,480,17,463,6.976744186046512,3.2945736434108532,3.6821705426356592,93.02325581395348,3.2945736434108532,89.72868217054264
E00000954,374,48,20,28,326,20,306,12.834224598930483,5.347593582887701,7.4866310160427805,87.16577540106952,5.347593582887701,81.81818181818183
E00000955,433,37,14,23,396,25,371,8.545034642032332,3.233256351039261,5.311778290993072,91.45496535796767,5.773672055427252,85.68129330254041
E00000956,365,44,25,19,321,15,306,12.054794520547945,6.8493150684931505,5.205479452054795,87.94520547945206,4.10958904109589,83.83561643835617
E00000958,563,65,22,43,498,19,479,11.545293072824157,3.9076376554174073,7.63765541740675,88.45470692717583,3.374777975133215,85.07992895204262
E00000959,482,61,29,32,421,13,408,12.655601659751037,6.016597510373444,6.639004149377594,87.34439834024896,2.6970954356846475,84.64730290456431
E00000960,428,41,23,18,387,15,372,9.579439252336448,5.373831775700935,4.205607476635514,90.42056074766354,3.5046728971962615,86.91588785046729
E00000961,499,61,32,29,438,22,416,12.224448897795591,6.4128256513026045,5.811623246492986,87.7755511022044,4.408817635270541,83.36673346693387
E00000962,445,44,21,23,401,20,381,9.887640449438202,4.719101123595506,5.168539325842696,90.11235955056179,4.49438202247191,85.61797752808988
E00000963,391,74,36,38,317,22,295,18.925831202046037,9.207161125319693,9.718670076726342,81.07416879795396,5.626598465473146,75.44757033248082
E00000964,352,60,30,30,292,17,275,17.045454545454543,8.522727272727272,8.522727272727272,82.95454545454545,4.829545454545454,78.125
E00000965,296,34,16,18,262,15,247,11.486486486486488,5.405405405405405,6.081081081081082,88.51351351351352,5.0675675675675675,83.44594594594594
E00000966,290,36,15,21,254,16,238,12.413793103448276,5.172413793103448,7.241379310344828,87.58620689655172,5.517241379310345,82.06896551724138
E00000967,319,40,15,25,279,12,267,12.539184952978054,4.702194357366771,7.836990595611286,87.46081504702194,3.761755485893417,83.69905956112854
E00000968,476,60,28,32,416,28,388,12.605042016806722,5.88235294117647,6.722689075630252,87.39495798319328,5.88235294117647,81.5126050420168
E00000969,330,42,20,22,288,27,261,12.727272727272727,6.0606060606060606,6.666666666666667,87.27272727272727,8.181818181818182,79.0909090909091
E00000970,354,40,14,26,314,18,296,11.299435028248588,3.954802259887006,7.344632768361582,88.70056497175142,5.084745762711865,83.61581920903954
E00000971,324,44,22,22,280,20,260,13.580246913580247,6.790123456790123,6.790123456790123,86.41975308641975,6.172839506172839,80.24691358024691
E00000972,367,39,19,20,328,17,311,10.626702997275205,5.177111716621254,5.449591280653951,89.3732970027248,4.632152588555858,84.74114441416893
E00000973,314,41,15,26,273,17,256,13.05732484076433,4.777070063694268,8.280254777070063,86.94267515923568,5.414012738853503,81.52866242038218
E00000974,296,34,3,31,262,16,246,11.486486486486488,1.0135135135135136,10.472972972972974,88.51351351351352,5.405405405405405,83.1081081081081
E00000975,318,35,11,24,283,22,261,11.0062893081761,3.459119496855346,7.547169811320755,88.9937106918239,6.918238993710692,82.0754716981132
E00000976,406,74,50,24,332,14,318,18.226600985221676,12.31527093596059,5.911330049261084,81.77339901477832,3.4482758620689653,78.32512315270937
E00000977,459,50,20,30,409,35,374,10.893246187363834,4.357298474945534,6.535947712418301,89.10675381263616,7.625272331154684,81.48148148148148
E00000978,292,28,6,22,264,25,239,9.58904109589041,2.054794520547945,7.534246575342466,90.41095890410958,8.561643835616438,81.84931506849315
E00000979,365,26,7,19,339,30,309,7.123287671232877,1.9178082191780823,5.205479452054795,92.87671232876711,8.21917808219178,84.65753424657534
E00000980,276,43,17,26,233,13,220,15.579710144927535,6.159420289855073,9.420289855072465,84.42028985507247,4.710144927536232,79.71014492753623
E00000981,444,26,13,13,418,23,395,5.8558558558558556,2.9279279279279278,2.9279279279279278,94.14414414414415,5.18018018018018,88.96396396396396
E00000982,404,34,16,18,370,19,351,8.415841584158416,3.9603960396039604,4.455445544554455,91.58415841584159,4.702970297029703,86.88118811881188
E00000983,387,36,15,21,351,21,330,9.30232558139535,3.875968992248062,5.426356589147287,90.69767441860465,5.426356589147287,85.27131782945736
E00000984,383,48,15,33,335,16,319,12.532637075718014,3.91644908616188,8.616187989556137,87.46736292428199,4.177545691906006,83.28981723237598
E00000985,330,47,21,26,283,20,263,14.242424242424242,6.363636363636363,7.878787878787878,85.75757575757575,6.0606060606060606,79.6969696969697
E00000986,372,48,17,31,324,20,304,12.903225806451612,4.56989247311828,8.333333333333332,87.09677419354838,5.376344086021505,81.72043010752688
E00000987,348,34,14,20,314,24,290,9.770114942528735,4.022988505747127,5.747126436781609,90.22988505747126,6.896551724137931,83.33333333333334
E00000988,323,45,17,28,278,33,245,13.93188854489164,5.263157894736842,8.6687306501548,86.06811145510835,10.21671826625387,75.85139318885449
E00000990,277,46,17,29,231,20,211,16.60649819494585,6.137184115523466,10.469314079422382,83.39350180505414,7.2202166064981945,76.17328519855594
E00000991,354,77,30,47,277,15,262,21.75141242937853,8.47457627118644,13.27683615819209,78.24858757062147,4.23728813559322,74.01129943502825
E00000992,392,51,20,31,341,24,317,13.010204081632654,5.1020408163265305,7.908163265306123,86.98979591836735,6.122448979591836,80.86734693877551
E00000993,355,38,10,28,317,31,286,10.704225352112676,2.8169014084507045,7.887323943661972,89.29577464788733,8.732394366197182,80.56338028169014
E00000994,231,42,25,17,189,11,178,18.181818181818183,10.822510822510822,7.35930735930736,81.81818181818183,4.761904761904762,77.05627705627705
E00000995,276,22,11,11,254,22,232,7.971014492753622,3.985507246376811,3.985507246376811,92.02898550724638,7.971014492753622,84.05797101449275
E00000996,366,38,14,24,328,21,307,10.382513661202186,3.825136612021858,6.557377049180328,89.61748633879782,5.737704918032787,83.87978142076503
E00000997,610,58,25,33,552,26,526,9.508196721311474,4.098360655737705,5.409836065573771,90.49180327868852,4.2622950819672125,86.22950819672131
E00000998,264,48,23,25,216,16,200,18.181818181818183,8.712121212121213,9.469696969696969,81.81818181818183,6.0606060606060606,75.75757575757575
E00000999,377,46,21,25,331,23,308,12.20159151193634,5.570291777188329,6.631299734748011,87.79840848806366,6.10079575596817,81.6976127320955
E00001000,281,51,31,20,230,20,210,18.14946619217082,11.032028469750891,7.11743772241993,81.85053380782918,7.11743772241993,74.73309608540926
E00001001,265,40,14,26,225,19,206,15.09433962264151,5.283018867924529,9.811320754716983,84.90566037735849,7.169811320754717,77.73584905660378
E00001002,439,32,11,21,407,30,377,7.289293849658314,2.5056947608200453,4.783599088838269,92.71070615034168,6.83371298405467,85.87699316628702
E00001003,353,38,11,27,315,18,297,10.764872521246458,3.1161473087818696,7.64872521246459,89.23512747875354,5.099150141643059,84.13597733711048
E00001004,393,39,16,23,354,27,327,9.923664122137405,4.071246819338422,5.852417302798982,90.07633587786259,6.870229007633588,83.20610687022901
E00001005,350,44,15,29,306,14,292,12.571428571428573,4.285714285714286,8.285714285714285,87.42857142857143,4,83.42857142857143
E00001006,435,46,20,26,389,13,376,10.574712643678161,4.597701149425287,5.977011494252873,89.42528735632183,2.9885057471264367,86.4367816091954
E00001007,368,46,26,20,322,24,298,12.5,7.065217391304348,5.434782608695652,87.5,6.521739130434782,80.97826086956522
E00001008,380,52,14,38,328,23,305,13.684210526315791,3.684210526315789,10,86.31578947368422,6.052631578947368,80.26315789473685
E00001009,331,58,33,25,273,19,254,17.522658610271904,9.969788519637463,7.552870090634441,82.4773413897281,5.740181268882175,76.73716012084593
E00001010,338,55,29,26,283,9,274,16.272189349112427,8.579881656804734,7.6923076923076925,83.72781065088756,2.6627218934911245,81.06508875739645
E00001011,375,36,10,26,339,28,311,9.6,2.666666666666667,6.933333333333333,90.4,7.466666666666668,82.93333333333334
E00001012,174,33,15,18,141,13,128,18.96551724137931,8.620689655172415,10.344827586206897,81.03448275862068,7.471264367816093,73.5632183908046
E00001013,391,48,15,33,343,20,323,12.27621483375959,3.8363171355498724,8.439897698209718,87.7237851662404,5.115089514066496,82.6086956521739
E00001014,412,46,12,34,366,33,333,11.165048543689322,2.912621359223301,8.25242718446602,88.83495145631069,8.009708737864079,80.8252427184466
E00001015,418,22,4,18,396,15,381,5.263157894736842,0.9569377990430622,4.30622009569378,94.73684210526315,3.588516746411483,91.14832535885168
E00001016,288,32,14,18,256,14,242,11.11111111111111,4.861111111111112,6.25,88.88888888888889,4.861111111111112,84.02777777777779
E00001017,280,25,6,19,255,10,245,8.928571428571429,2.142857142857143,6.785714285714286,91.07142857142857,3.571428571428571,87.5
E00001018,279,29,10,19,250,17,233,10.39426523297491,3.584229390681003,6.810035842293908,89.6057347670251,6.093189964157706,83.51254480286738
E00001019,243,26,11,15,217,23,194,10.699588477366255,4.526748971193416,6.172839506172839,89.30041152263375,9.465020576131687,79.83539094650206
E00001020,374,30,7,23,344,31,313,8.0213903743315509,1.8716577540106951,6.149732620320856,91.97860962566845,8.288770053475936,83.68983957219251
E00001021,444,65,24,41,379,17,362,14.63963963963964,5.405405405405405,9.234234234234235,85.36036036036036,3.8288288288288284,81.53153153153153
E00001022,293,24,10,14,269,24,245,8.19112627986348,3.4129692832764507,4.778156996587031,91.80887372013652,8.19112627986348,83.61774744027304
E00001023,301,22,7,15,279,27,252,7.308970099667775,2.3255813953488373,4.983388704318937,92.69102990033223,8.970099667774086,83.72093023255815
E00001024,339,22,10,12,317,24,293,6.489675516224189,2.949852507374631,3.5398230088495577,93.5103244837758,7.079646017699115,86.4306784660767
E00001025,377,42,11,31,335,23,312,11.140583554376658,2.9177718832891246,8.222811671087534,88.85941644562334,6.10079575596817,82.75862068965517
E00001026,387,56,20,36,331,19,312,14.470284237726098,5.167958656330749,9.30232558139535,85.52971576227391,4.909560723514212,80.62015503875969
E00001027,314,28,6,22,286,13,273,8.9171974522293,1.910828025477707,7.006369426751593,91.0828025477707,4.140127388535031,86.94267515923568
E00001028,403,47,21,26,356,26,330,11.662531017369728,5.2109181141439205,6.451612903225806,88.33746898263027,6.451612903225806,81.88585607940446
E00001029,254,34,17,17,220,10,210,13.385826771653544,6.692913385826772,6.692913385826772,86.61417322834646,3.937007874015748,82.67716535433071
E00001030,313,26,6,20,287,18,269,8.30670926517572,1.9169329073482428,6.3897763578274756,91.69329073482429,5.7507987220447285,85.94249201277955
E00001031,336,30,9,21,306,25,281,8.928571428571429,2.6785714285714284,6.25,91.07142857142857,7.440476190476191,83.63095238095238
E00001032,301,36,15,21,265,19,246,11.960132890365449,4.983388704318937,6.976744186046512,88.03986710963456,6.312292358803987,81.72757475083057
E00001033,248,42,16,26,206,17,189,16.93548387096774,6.451612903225806,10.483870967741936,83.06451612903226,6.854838709677419,76.20967741935483
E00001034,254,36,23,13,218,8,210,14.173228346456693,9.05511811023622,5.118110236220472,85.8267716535433,3.149606299212598,82.67716535433071
E00001035,279,32,13,19,247,15,232,11.469534050179211,4.659498207885305,6.810035842293908,88.5304659498208,5.376344086021505,83.15412186379928
E00001036,240,22,7,15,218,16,202,9.166666666666666,2.9166666666666665,6.25,90.83333333333333,6.666666666666667,84.16666666666667
E00001037,389,49,17,32,340,30,310,12.596401028277635,4.370179948586118,8.226221079691516,87.40359897172236,7.712082262210797,79.69151670951156
E00001038,297,31,10,21,266,17,249,10.437710437710438,3.3670033670033668,7.07070707070707,89.56228956228956,5.723905723905724,83.83838383838383
E00001039,190,41,28,13,149,12,137,21.578947368421055,14.736842105263156,6.842105263157896,78.42105263157895,6.315789473684211,72.10526315789474
E00001040,267,27,8,19,240,22,218,10.112359550561797,2.9962546816479403,7.116104868913857,89.8876404494382,8.239700374531834,81.64794007490637
E00001041,139,48,19,29,91,14,77,34.53237410071942,13.66906474820144,20.863309352517987,65.46762589928058,10.071942446043165,55.39568345323741
E00001042,254,34,15,19,220,16,204,13.385826771653544,5.905511811023622,7.480314960629922,86.61417322834646,6.299212598425196,80.31496062992126
E00001043,364,29,7,22,335,31,304,7.967032967032966,1.9230769230769231,6.043956043956044,92.03296703296702,8.516483516483516,83.51648351648352
E00001044,275,31,11,20,244,24,220,11.272727272727273,4,7.2727272727272725,88.72727272727273,8.727272727272728,80
E00001045,292,34,11,23,258,26,232,11.643835616438356,3.767123287671233,7.876712328767123,88.35616438356165,8.904109589041095,79.45205479452055
E00001046,402,22,7,15,380,12,368,5.472636815920398,1.7412935323383085,3.731343283582089,94.5273631840796,2.9850746268656714,91.54228855721394
E00001047,392,24,5,19,368,27,341,6.122448979591836,1.2755102040816326,4.846938775510204,93.87755102040816,6.887755102040815,86.98979591836735
E00001048,454,45,22,23,409,24,385,9.911894273127754,4.845814977973569,5.066079295154185,90.08810572687224,5.286343612334802,84.80176211453745
E00001049,385,26,10,16,359,17,342,6.753246753246753,2.5974025974025974,4.1558441558441555,93.24675324675324,4.415584415584416,88.83116883116882
E00001050,404,64,27,37,340,15,325,15.841584158415841,6.683168316831684,9.158415841584159,84.15841584158416,3.7128712871287126,80.44554455445545
E00001051,288,45,17,28,243,19,224,15.625,5.902777777777778,9.722222222222223,84.375,6.597222222222222,77.77777777777779
E00001052,284,32,10,22,252,18,234,11.267605633802818,3.5211267605633805,7.746478873239436,88.73239436619718,6.338028169014084,82.3943661971831
E00001053,345,21,11,10,324,24,300,6.086956521739131,3.1884057971014492,2.898550724637681,93.91304347826087,6.956521739130435,86.95652173913044
E00001054,273,42,17,25,231,27,204,15.384615384615385,6.227106227106227,9.157509157509157,84.61538461538461,9.89010989010989,74.72527472527473
E00001055,368,46,13,33,322,22,300,12.5,3.532608695652174,8.967391304347826,87.5,5.978260869565218,81.52173913043478
E00001056,360,42,17,25,318,18,300,11.666666666666666,4.722222222222222,6.944444444444445,88.33333333333333,5,83.33333333333334
E00001057,391,18,7,11,373,23,350,4.603580562659847,1.7902813299232736,2.813299232736573,95.39641943734016,5.88235294117647,89.51406649616368
E00001058,320,28,7,21,292,26,266,8.75,2.1875,6.5625,91.25,8.125,83.125
E00001059,420,41,13,28,379,18,361,9.761904761904763,3.0952380952380953,6.666666666666667,90.23809523809524,4.285714285714286,85.95238095238096
E00001060,203,31,12,19,172,6,166,15.270935960591133,5.911330049261084,9.35960591133005,84.72906403940887,2.955665024630542,81.77339901477832
E00001061,472,81,44,37,391,13,378,17.16101694915254,9.322033898305085,7.838983050847458,82.83898305084746,2.754237288135593,80.08474576271186
E00001062,564,52,30,22,512,18,494,9.219858156028367,5.319148936170213,3.900709219858156,90.78014184397163,3.1914893617021276,87.58865248226951
E00001063,457,47,22,25,410,24,386,10.284463894967178,4.814004376367615,5.470459518599562,89.71553610503283,5.25164113785558,84.46389496717724
E00001064,372,25,6,19,347,16,331,6.720430107526881,1.6129032258064515,5.10752688172043,93.27956989247312,4.301075268817205,88.97849462365592
E00001065,404,38,20,18,366,11,355,9.405940594059405,4.9504950495049505,4.455445544554455,90.5940594059406,2.722772277227723,87.87128712871286
E00001066,513,68,33,35,445,23,422,13.255360623781677,6.432748538011696,6.82261208576998,86.74463937621833,4.483430799220272,82.26120857699804
E00001067,447,68,27,41,379,20,359,15.212527964205815,6.0402684563758395,9.172259507829978,84.78747203579418,4.47427293064877,80.31319910514542
E00001068,477,39,16,23,438,17,421,8.176100628930817,3.3542976939203357,4.821802935010482,91.82389937106919,3.563941299790356,88.25995807127882
E00001069,542,167,132,35,375,24,351,30.81180811808118,24.354243542435423,6.4575645756457565,69.18819188191881,4.428044280442804,64.76014760147602
E00001071,394,80,48,32,314,12,302,20.304568527918782,12.18274111675127,8.121827411167512,79.69543147208121,3.0456852791878175,76.6497461928934
E00001072,504,47,28,19,457,13,444,9.325396825396826,5.555555555555555,3.7698412698412698,90.67460317460318,2.579365079365079,88.09523809523809
E00001073,401,17,5,12,384,14,370,4.239401496259352,1.2468827930174564,2.9925187032418954,95.76059850374065,3.4912718204488775,92.26932668329178
E00001074,507,47,19,28,460,25,435,9.270216962524655,3.7475345167652856,5.522682445759369,90.72978303747534,4.930966469428008,85.79881656804734
E00001075,455,59,31,28,396,22,374,12.967032967032969,6.813186813186813,6.153846153846154,87.03296703296704,4.835164835164836,82.19780219780219
E00001076,329,77,37,40,252,12,240,23.404255319148938,11.246200607902736,12.158054711246201,76.59574468085107,3.64741641337386,72.94832826747721
E00001077,438,39,20,19,399,24,375,8.904109589041095,4.5662100456621,4.337899543378995,91.0958904109589,5.47945205479452,85.61643835616438
E00001078,309,50,20,30,259,17,242,16.181229773462782,6.472491909385113,9.70873786407767,83.81877022653723,5.501618122977346,78.31715210355988
E00001079,301,39,21,18,262,10,252,12.956810631229235,6.976744186046512,5.980066445182724,87.04318936877077,3.322259136212625,83.72093023255815
E00001081,427,94,50,44,333,22,311,22.01405152224824,11.7096018735363,10.304449648711945,77.98594847775175,5.152224824355972,72.8337236533958
E00001082,402,43,22,21,359,11,348,10.696517412935323,5.472636815920398,5.223880597014925,89.30348258706468,2.736318407960199,86.56716417910447
E00001083,341,36,15,21,305,10,295,10.557184750733137,4.398826979472141,6.158357771260997,89.44281524926686,2.932551319648094,86.51026392961877
E00001084,394,45,23,22,349,17,332,11.421319796954315,5.83756345177665,5.583756345177665,88.57868020304569,4.314720812182741,84.26395939086294
E00001085,445,49,26,23,396,18,378,11.01123595505618,5.842696629213483,5.168539325842696,88.98876404494382,4.044943820224719,84.9438202247191
E00001086,440,53,34,19,387,15,372,12.045454545454545,7.727272727272727,4.318181818181818,87.95454545454545,3.4090909090909087,84.54545454545455
E00001087,371,47,20,27,324,18,306,12.668463611859837,5.3908355795148255,7.277628032345014,87.33153638814017,4.8517520215633425,82.47978436657682
E00001089,489,64,26,38,425,14,411,13.0879345603272,5.316973415132924,7.770961145194274,86.9120654396728,2.8629856850715747,84.04907975460122
E00001090,290,47,22,25,243,8,235,16.206896551724135,7.586206896551724,8.620689655172415,83.79310344827586,2.7586206896551726,81.03448275862068
E00001091,391,34,16,18,357,17,340,8.695652173913043,4.092071611253197,4.603580562659847,91.30434782608695,4.3478260869565215,86.95652173913044
E00001092,510,77,39,38,433,22,411,15.098039215686274,7.647058823529412,7.450980392156863,84.90196078431373,4.313725490196078,80.58823529411765
E00001093,477,43,20,23,434,23,411,9.014675052410901,4.1928721174004195,4.821802935010482,90.98532494758909,4.821802935010482,86.16352201257862
E00001094,538,36,17,19,502,15,487,6.691449814126393,3.1598513011152414,3.5315985130111525,93.3085501858736,2.7881040892193307,90.52044609665427
E00001095,401,46,24,22,355,16,339,11.471321695760599,5.985037406483791,5.486284289276807,88.5286783042394,3.99002493765586,84.53865336658353
E00001096,345,46,22,24,299,18,281,13.333333333333334,6.3768115942028984,6.956521739130435,86.66666666666667,5.217391304347826,81.44927536231884
E00001097,556,51,21,30,505,20,485,9.172661870503598,3.776978417266187,5.39568345323741,90.82733812949641,3.5971223021582732,87.23021582733813
E00001098,494,38,19,19,456,15,441,7.6923076923076925,3.8461538461538463,3.8461538461538463,92.3076923076923,3.0364372469635628,89.27125506072875
E00001099,416,32,12,20,384,16,368,7.6923076923076925,2.8846153846153846,4.807692307692308,92.3076923076923,3.8461538461538463,88.46153846153845
E00001100,418,29,13,16,389,17,372,6.937799043062201,3.110047846889952,3.827751196172249,93.0622009569378,4.0669856459330145,88.99521531100478
E00001101,349,44,26,18,305,18,287,12.607449856733524,7.4498567335243555,5.157593123209169,87.39255014326648,5.157593123209169,82.23495702005731
E00001102,319,47,23,24,272,12,260,14.733542319749215,7.210031347962382,7.523510971786834,85.26645768025078,3.761755485893417,81.50470219435736
E00001103,474,42,19,23,432,19,413,8.860759493670885,4.008438818565401,4.852320675105485,91.13924050632912,4.008438818565401,87.13080168776372
E00001104,447,62,40,22,385,7,378,13.870246085011187,8.94854586129754,4.921700223713646,86.12975391498881,1.5659955257270695,84.56375838926175
E00001105,353,36,14,22,317,12,305,10.198300283286118,3.9660056657223794,6.232294617563739,89.80169971671388,3.39943342776204,86.40226628895185
E00001106,408,58,14,44,350,13,337,14.215686274509803,3.431372549019608,10.784313725490197,85.7843137254902,3.1862745098039214,82.59803921568627
E00001107,490,52,26,26,438,13,425,10.612244897959183,5.3061224489795915,5.3061224489795915,89.38775510204081,2.6530612244897958,86.73469387755102
E00001108,410,41,11,30,369,18,351,10,2.682926829268293,7.317073170731707,90,4.390243902439024,85.60975609756098
E00001109,413,60,30,30,353,17,336,14.527845036319611,7.263922518159806,7.263922518159806,85.4721549636804,4.116222760290557,81.35593220338984
E00001110,386,53,19,34,333,17,316,13.730569948186528,4.922279792746114,8.808290155440414,86.26943005181347,4.404145077720207,81.86528497409327
E00001111,398,59,25,34,339,15,324,14.824120603015075,6.281407035175879,8.542713567839195,85.17587939698493,3.7688442211055273,81.4070351758794
E00001112,358,45,20,25,313,14,299,12.569832402234638,5.58659217877095,6.983240223463687,87.43016759776536,3.910614525139665,83.5195530726257
E00001113,368,43,22,21,325,17,308,11.684782608695652,5.978260869565218,5.706521739130435,88.31521739130434,4.619565217391304,83.69565217391305
E00001114,559,67,22,45,492,42,450,11.985688729874775,3.9355992844364938,8.050089445438283,88.01431127012522,7.5134168157423975,80.50089445438283
E00001115,345,59,24,35,286,8,278,17.101449275362317,6.956521739130435,10.144927536231885,82.89855072463767,2.318840579710145,80.57971014492755
E00001116,276,48,28,20,228,15,213,17.391304347826086,10.144927536231885,7.246376811594203,82.6086956521739,5.434782608695652,77.17391304347827
E00001117,291,23,15,8,268,12,256,7.903780068728522,5.154639175257731,2.7491408934707904,92.09621993127148,4.123711340206185,87.97250859106529
E00001118,439,50,30,20,389,23,366,11.389521640091116,6.83371298405467,4.555808656036446,88.61047835990888,5.239179954441914,83.37129840546697
E00001119,295,30,15,15,265,16,249,10.16949152542373,5.084745762711865,5.084745762711865,89.83050847457628,5.423728813559322,84.40677966101696
E00001120,399,46,24,22,353,22,331,11.528822055137844,6.015037593984962,5.513784461152882,88.47117794486216,5.513784461152882,82.95739348370927
E00001121,349,54,31,23,295,17,278,15.472779369627506,8.882521489971348,6.59025787965616,84.5272206303725,4.871060171919771,79.65616045845272
E00001122,298,56,25,31,242,21,221,18.79194630872483,8.389261744966444,10.40268456375839,81.20805369127517,7.046979865771812,74.16107382550335
E00001123,340,47,25,22,293,12,281,13.823529411764707,7.352941176470589,6.470588235294119,86.1764705882353,3.5294117647058822,82.6470588235294
E00001124,437,41,20,21,396,16,380,9.382151029748284,4.576659038901601,4.805491990846682,90.61784897025171,3.6613272311212817,86.95652173913044
E00001125,429,41,18,23,388,28,360,9.557109557109557,4.195804195804196,5.361305361305361,90.44289044289044,6.526806526806526,83.91608391608392
E00001126,351,46,20,26,305,18,287,13.105413105413104,5.698005698005698,7.4074074074074066,86.8945868945869,5.128205128205128,81.76638176638177
E00001127,331,37,21,16,294,9,285,11.178247734138973,6.3444108761329305,4.833836858006042,88.82175226586104,2.719033232628399,86.10271903323263
E00001128,430,44,19,25,386,27,359,10.232558139534884,4.4186046511627906,5.813953488372093,89.76744186046511,6.279069767441861,83.48837209302326
E00001129,374,56,25,31,318,23,295,14.973262032085561,6.684491978609626,8.288770053475936,85.02673796791443,6.149732620320856,78.87700534759358
E00001130,357,42,20,22,315,20,295,11.76470588235294,5.602240896358544,6.162464985994398,88.23529411764706,5.602240896358544,82.6330532212885
E00001131,328,34,14,20,294,13,281,10.365853658536585,4.2682926829268295,6.097560975609756,89.63414634146342,3.9634146341463414,85.67073170731707
E00001132,321,45,15,30,276,18,258,14.018691588785046,4.672897196261682,9.345794392523365,85.98130841121495,5.607476635514018,80.37383177570094
E00001133,303,52,25,27,251,24,227,17.16171617161716,8.25082508250825,8.91089108910891,82.83828382838284,7.920792079207921,74.91749174917491
E00001134,374,54,29,25,320,30,290,14.43850267379679,7.754010695187167,6.684491978609626,85.56149732620321,8.0213903743315509,77.54010695187165
E00001135,386,32,15,17,354,13,341,8.290155440414509,3.8860103626943006,4.404145077720207,91.70984455958549,3.3678756476683938,88.3419689119171
E00001136,469,64,33,31,405,27,378,13.646055437100213,7.036247334754798,6.609808102345416,86.35394456289978,5.756929637526652,80.59701492537313
E00001137,387,73,35,38,314,11,303,18.863049095607234,9.043927648578812,9.819121447028424,81.13695090439276,2.842377260981912,78.29457364341084
E00001138,370,44,14,30,326,18,308,11.891891891891893,3.783783783783784,8.108108108108109,88.10810810810811,4.864864864864865,83.24324324324324
E00001139,382,43,13,30,339,25,314,11.2565445026178,3.4031413612565444,7.853403141361256,88.7434554973822,6.544502617801047,82.19895287958116
E00001140,265,52,30,22,213,16,197,19.622641509433965,11.320754716981133,8.30188679245283,80.37735849056604,6.037735849056604,74.33962264150942
E00001141,356,33,17,16,323,13,310,9.269662921348315,4.775280898876404,4.49438202247191,90.73033707865169,3.651685393258427,87.07865168539325
E00001142,412,39,12,27,373,26,347,9.466019417475728,2.912621359223301,6.553398058252427,90.53398058252428,6.310679611650485,84.22330097087378
E00001143,355,41,10,31,314,16,298,11.549295774647888,2.8169014084507045,8.732394366197182,88.45070422535211,4.507042253521127,83.94366197183099
E00001144,360,46,16,30,314,18,296,12.777777777777777,4.444444444444445,8.333333333333332,87.22222222222223,5,82.22222222222221
E00001145,440,78,46,32,362,23,339,17.727272727272727,10.454545454545453,7.2727272727272725,82.27272727272728,5.227272727272727,77.04545454545455
E00001146,387,37,10,27,350,25,325,9.560723514211885,2.5839793281653747,6.976744186046512,90.43927648578811,6.459948320413436,83.97932816537468
E00001147,365,31,12,19,334,16,318,8.493150684931507,3.287671232876712,5.205479452054795,91.5068493150685,4.383561643835616,87.12328767123287
E00001148,334,39,18,21,295,20,275,11.676646706586826,5.389221556886228,6.287425149700598,88.32335329341318,5.9880239520958085,82.33532934131736
E00001149,323,26,14,12,297,15,282,8.04953560371517,4.3343653250774,3.7151702786377707,91.95046439628483,4.643962848297214,87.30650154798761
E00001150,429,31,9,22,398,22,376,7.226107226107226,2.097902097902098,5.128205128205128,92.77389277389277,5.128205128205128,87.64568764568764
E00001151,341,29,15,14,312,11,301,8.504398826979472,4.398826979472141,4.105571847507331,91.49560117302052,3.225806451612903,88.26979472140762
E00001152,359,35,11,24,324,15,309,9.749303621169917,3.064066852367688,6.685236768802229,90.25069637883009,4.178272980501393,86.0724233983287
E00001153,399,26,1,25,373,23,350,6.516290726817042,0.2506265664160401,6.265664160401002,93.48370927318295,5.764411027568922,87.71929824561403
E00001154,344,31,17,14,313,14,299,9.011627906976743,4.941860465116279,4.069767441860465,90.98837209302324,4.069767441860465,86.9186046511628
E00001155,264,33,10,23,231,12,219,12.5,3.787878787878788,8.712121212121213,87.5,4.545454545454546,82.95454545454545
E00001156,194,44,18,26,150,13,137,22.68041237113402,9.278350515463918,13.402061855670103,77.31958762886599,6.701030927835052,70.61855670103093
E00001157,386,41,15,26,345,14,331,10.621761658031089,3.8860103626943006,6.7357512953367875,89.37823834196891,3.6269430051813467,85.75129533678756
E00001158,472,58,22,36,414,18,396,12.288135593220339,4.661016949152542,7.627118644067797,87.71186440677965,3.8135593220338984,83.89830508474576
E00001159,349,47,24,23,302,18,284,13.46704871060172,6.876790830945559,6.59025787965616,86.53295128939828,5.157593123209169,81.37535816618912
E00001160,522,52,23,29,470,21,449,9.961685823754788,4.406130268199234,5.555555555555555,90.03831417624522,4.022988505747127,86.01532567049809
E00001161,414,44,17,27,370,12,358,10.628019323671497,4.1062801932367154,6.521739130434782,89.3719806763285,2.898550724637681,86.47342995169082
E00001162,261,60,34,26,201,2,199,22.988505747126435,13.026819923371647,9.961685823754788,77.01149425287356,0.7662835249042145,76.24521072796935
E00001163,408,37,11,26,371,15,356,9.068627450980392,2.696078431372549,6.372549019607843,90.93137254901961,3.6764705882352944,87.25490196078431
E00001164,250,31,13,18,219,10,209,12.4,5.2,7.199999999999999,87.6,4,83.6
E00001165,402,46,19,27,356,14,342,11.442786069651742,4.72636815920398,6.7164179104477615,88.55721393034825,3.482587064676617,85.07462686567165
E00001166,425,46,26,20,379,13,366,10.823529411764705,6.11764705882353,4.705882352941177,89.17647058823529,3.058823529411765,86.11764705882354
E00001167,337,29,14,15,308,11,297,8.605341246290802,4.154302670623145,4.451038575667656,91.3946587537092,3.2640949554896146,88.13056379821958
E00001168,419,36,15,21,383,16,367,8.591885441527445,3.579952267303103,5.011933174224343,91.40811455847255,3.8186157517899764,87.58949880668257
E00001169,435,38,13,25,397,19,378,8.735632183908045,2.9885057471264367,5.747126436781609,91.26436781609195,4.3678160919540225,86.89655172413792
E00001170,287,31,13,18,256,9,247,10.801393728222997,4.529616724738676,6.2717770034843205,89.19860627177701,3.1358885017421603,86.06271777003485
E00001171,331,55,27,28,276,10,266,16.61631419939577,8.157099697885197,8.459214501510575,83.38368580060424,3.0211480362537766,80.36253776435045
E00001172,425,31,8,23,394,11,383,7.294117647058823,1.8823529411764703,5.411764705882352,92.70588235294117,2.588235294117647,90.11764705882352
E00001173,426,39,12,27,387,12,375,9.15492957746479,2.8169014084507045,6.338028169014084,90.84507042253522,2.8169014084507045,88.02816901408451
E00001174,498,41,20,21,457,14,443,8.23293172690763,4.016064257028113,4.216867469879518,91.76706827309236,2.8112449799196786,88.95582329317268
E00001175,343,53,23,30,290,20,270,15.451895043731778,6.705539358600583,8.746355685131196,84.54810495626822,5.830903790087463,78.71720116618076
E00001176,323,37,15,22,286,9,277,11.455108359133128,4.643962848297214,6.811145510835913,88.54489164086688,2.786377708978328,85.75851393188854
E00001177,469,36,15,21,433,13,420,7.675906183368871,3.1982942430703627,4.477611940298507,92.32409381663112,2.771855010660981,89.55223880597015
E00001178,434,45,14,31,389,7,382,10.368663594470046,3.225806451612903,7.142857142857142,89.63133640552995,1.6129032258064515,88.0184331797235
E00001179,462,59,23,36,403,24,379,12.770562770562771,4.978354978354979,7.792207792207792,87.22943722943724,5.194805194805195,82.03463203463204
E00001180,262,54,37,17,208,14,194,20.610687022900763,14.122137404580155,6.488549618320611,79.38931297709924,5.343511450381679,74.04580152671755
E00001181,459,57,22,35,402,17,385,12.418300653594772,4.793028322440087,7.625272331154684,87.58169934640523,3.7037037037037033,83.87799564270153
E00001182,314,29,13,16,285,19,266,9.235668789808917,4.140127388535031,5.095541401273886,90.76433121019109,6.050955414012739,84.71337579617835
E00001183,514,50,24,26,464,21,443,9.72762645914397,4.669260700389105,5.058365758754864,90.27237354085604,4.085603112840467,86.18677042801556
E00001184,369,49,21,28,320,28,292,13.279132791327914,5.691056910569105,7.588075880758807,86.72086720867209,7.588075880758807,79.13279132791328
E00001185,377,39,17,22,338,25,313,10.344827586206897,4.509283819628647,5.835543766578249,89.65517241379311,6.631299734748011,83.0238726790451
E00001186,373,45,16,29,328,18,310,12.064343163538874,4.289544235924933,7.774798927613941,87.93565683646113,4.825737265415549,83.10991957104558
E00001187,384,58,19,39,326,22,304,15.104166666666666,4.947916666666666,10.15625,84.89583333333334,5.729166666666666,79.16666666666666
E00001188,308,37,14,23,271,15,256,12.012987012987013,4.545454545454546,7.467532467532467,87.98701298701299,4.870129870129871,83.11688311688312
E00001189,436,52,24,28,384,15,369,11.926605504587156,5.5045871559633035,6.422018348623854,88.07339449541286,3.4403669724770642,84.63302752293578
E00001191,431,57,20,37,374,18,356,13.225058004640372,4.640371229698376,8.584686774941995,86.77494199535964,4.176334106728538,82.5986078886311
E00001192,310,41,18,23,269,13,256,13.225806451612904,5.806451612903226,7.419354838709677,86.7741935483871,4.193548387096775,82.58064516129032
E00001193,478,48,19,29,430,19,411,10.0418410041841,3.9748953974895396,6.066945606694561,89.9581589958159,3.9748953974895396,85.98326359832636
E00001194,297,40,19,21,257,23,234,13.468013468013467,6.397306397306397,7.07070707070707,86.53198653198653,7.744107744107744,78.78787878787878
E00001195,294,33,11,22,261,14,247,11.224489795918368,3.741496598639456,7.482993197278912,88.77551020408163,4.761904761904762,84.01360544217688
E00001196,369,40,13,27,329,8,321,10.840108401084011,3.523035230352303,7.317073170731707,89.15989159891599,2.168021680216802,86.99186991869918
E00001197,293,33,10,23,260,27,233,11.262798634812286,3.4129692832764507,7.849829351535837,88.73720136518772,9.215017064846416,79.5221843003413
E00001198,306,54,24,30,252,15,237,17.647058823529413,7.8431372549019605,9.803921568627452,82.35294117647058,4.901960784313726,77.45098039215686
E00001199,348,39,7,32,309,18,291,11.206896551724139,2.0114942528735633,9.195402298850574,88.79310344827587,5.172413793103448,83.62068965517241
E00001200,397,35,15,20,362,19,343,8.816120906801007,3.7783375314861463,5.037783375314862,91.183879093199,4.785894206549118,86.39798488664987
E00001201,409,43,19,24,366,20,346,10.513447432762836,4.645476772616137,5.8679706601467,89.48655256723717,4.88997555012225,84.59657701711491
E00001202,403,34,11,23,369,15,354,8.436724565756824,2.729528535980149,5.707196029776675,91.56327543424318,3.722084367245657,87.84119106699751
E00001203,200,25,12,13,175,9,166,12.5,6,6.5,87.5,4.5,83
E00001204,335,46,24,22,289,18,271,13.73134328358209,7.164179104477612,6.567164179104477,86.26865671641791,5.3731343283582085,80.8955223880597
E00001205,404,53,20,33,351,28,323,13.118811881188119,4.9504950495049505,8.16831683168317,86.88118811881188,6.9306930693069315,79.95049504950495
E00001207,300,40,12,28,260,16,244,13.333333333333334,4,9.333333333333334,86.66666666666667,5.333333333333334,81.33333333333333
E00001208,346,35,17,18,311,17,294,10.115606936416185,4.913294797687861,5.202312138728324,89.88439306358381,4.913294797687861,84.97109826589595
E00001209,337,36,12,24,301,18,283,10.682492581602373,3.5608308605341246,7.121661721068249,89.31750741839762,5.341246290801187,83.97626112759644
E00001210,316,30,8,22,286,23,263,9.49367088607595,2.5316455696202533,6.962025316455696,90.50632911392405,7.2784810126582276,83.22784810126582
E00001212,289,37,22,15,252,24,228,12.802768166089965,7.612456747404845,5.190311418685121,87.19723183391004,8.304498269896193,78.89273356401384
E00001213,314,61,35,26,253,14,239,19.426751592356688,11.146496815286625,8.280254777070063,80.57324840764332,4.45859872611465,76.11464968152866
E00001214,229,40,19,21,189,19,170,17.46724890829694,8.296943231441048,9.170305676855897,82.53275109170306,8.296943231441048,74.235807860262
E00001215,276,45,16,29,231,14,217,16.304347826086957,5.797101449275362,10.507246376811594,83.69565217391305,5.072463768115942,78.62318840579711
E00001216,276,29,11,18,247,17,230,10.507246376811594,3.985507246376811,6.521739130434782,89.4927536231884,6.159420289855073,83.33333333333334
E00001217,314,42,8,34,272,30,242,13.375796178343949,2.547770700636943,10.828025477707007,86.62420382165605,9.554140127388536,77.07006369426752
E00001218,284,36,13,23,248,20,228,12.676056338028168,4.577464788732395,8.098591549295776,87.32394366197182,7.042253521126761,80.28169014084507
E00001219,345,37,15,22,308,18,290,10.72463768115942,4.3478260869565215,6.3768115942028984,89.27536231884058,5.217391304347826,84.05797101449275
E00001220,553,65,31,34,488,27,461,11.754068716094032,5.605786618444846,6.148282097649186,88.24593128390596,4.882459312839059,83.3634719710669
E00001221,314,38,17,21,276,34,242,12.101910828025478,5.414012738853503,6.687898089171974,87.89808917197452,10.828025477707007,77.07006369426752
E00001222,328,33,9,24,295,39,256,10.060975609756099,2.7439024390243905,7.317073170731707,89.9390243902439,11.890243902439025,78.04878048780488
E00001223,367,52,13,39,315,23,292,14.168937329700274,3.5422343324250685,10.626702997275205,85.83106267029973,6.267029972752043,79.56403269754769
E00001224,287,38,10,28,249,21,228,13.240418118466899,3.484320557491289,9.75609756097561,86.7595818815331,7.317073170731707,79.44250871080139
E00001226,289,41,16,25,248,21,227,14.186851211072666,5.536332179930796,8.650519031141869,85.81314878892734,7.26643598615917,78.54671280276817
E00001227,327,48,13,35,279,18,261,14.678899082568808,3.9755351681957185,10.703363914373089,85.3211009174312,5.5045871559633035,79.81651376146789
E00001228,371,41,5,36,330,20,310,11.05121293800539,1.3477088948787064,9.703504043126685,88.94878706199461,5.3908355795148255,83.55795148247978
E00001229,319,38,14,24,281,26,255,11.912225705329153,4.38871473354232,7.523510971786834,88.08777429467085,8.150470219435736,79.9373040752351
E00001230,365,69,23,46,296,28,268,18.904109589041095,6.301369863013699,12.602739726027398,81.0958904109589,7.671232876712329,73.42465753424658
E00001231,218,28,14,14,190,19,171,12.844036697247708,6.422018348623854,6.422018348623854,87.1559633027523,8.715596330275229,78.44036697247707
E00001232,185,27,12,15,158,14,144,14.594594594594595,6.486486486486487,8.108108108108109,85.4054054054054,7.567567567567568,77.83783783783784
E00001233,383,41,8,33,342,43,299,10.704960835509137,2.088772845953003,8.616187989556137,89.29503916449086,11.22715404699739,78.06788511749347
E00001234,300,78,61,17,222,19,203,26,20.333333333333332,5.666666666666666,74,6.333333333333334,67.66666666666666
E00001235,527,61,26,35,466,21,445,11.57495256166983,4.933586337760911,6.641366223908918,88.42504743833017,3.984819734345351,84.44022770398482
E00001236,295,36,10,26,259,20,239,12.203389830508476,3.389830508474576,8.813559322033898,87.79661016949153,6.779661016949152,81.01694915254237
E00001237,408,42,18,24,366,35,331,10.294117647058822,4.411764705882353,5.88235294117647,89.70588235294117,8.57843137254902,81.12745098039215
E00001238,311,49,14,35,262,20,242,15.755627009646304,4.501607717041801,11.254019292604502,84.2443729903537,6.430868167202572,77.81350482315112
E00001239,323,37,20,17,286,14,272,11.455108359133128,6.191950464396285,5.263157894736842,88.54489164086688,4.3343653250774,84.21052631578947
E00001240,311,37,18,19,274,20,254,11.89710610932476,5.787781350482315,6.109324758842444,88.10289389067523,6.430868167202572,81.67202572347267
E00001241,295,34,11,23,261,17,244,11.525423728813559,3.728813559322034,7.796610169491526,88.47457627118645,5.762711864406779,82.71186440677965
E00001242,339,39,19,20,300,23,277,11.504424778761061,5.604719764011799,5.899705014749262,88.49557522123894,6.784660766961652,81.71091445427729
E00001243,370,55,15,40,315,27,288,14.864864864864865,4.054054054054054,10.81081081081081,85.13513513513513,7.297297297297297,77.83783783783784
E00001244,339,49,26,23,290,35,255,14.454277286135694,7.669616519174041,6.784660766961652,85.54572271386431,10.32448377581121,75.22123893805309
E00001245,213,50,17,33,163,19,144,23.474178403755868,7.981220657276995,15.492957746478872,76.52582159624414,8.92018779342723,67.6056338028169
E00001246,233,68,26,42,165,7,158,29.184549356223176,11.158798283261802,18.025751072961373,70.81545064377683,3.004291845493562,67.81115879828327
E00001247,300,55,28,27,245,24,221,18.333333333333332,9.333333333333334,9,81.66666666666667,8,73.66666666666667
E00001248,404,123,71,52,281,20,261,30.445544554455445,17.574257425742573,12.871287128712872,69.55445544554455,4.9504950495049505,64.60396039603961
E00001249,335,42,20,22,293,22,271,12.53731343283582,5.970149253731343,6.567164179104477,87.46268656716418,6.567164179104477,80.8955223880597
E00001250,295,27,4,23,268,20,248,9.152542372881356,1.3559322033898304,7.796610169491526,90.84745762711864,6.779661016949152,84.06779661016948
E00001251,368,41,20,21,327,26,301,11.141304347826086,5.434782608695652,5.706521739130435,88.8586956521739,7.065217391304348,81.79347826086956
E00001252,239,55,26,29,184,14,170,23.01255230125523,10.87866108786611,12.133891213389122,76.98744769874477,5.857740585774058,71.1297071129707
E00001253,226,28,12,16,198,15,183,12.389380530973451,5.3097345132743365,7.079646017699115,87.61061946902655,6.637168141592921,80.97345132743364
E00001254,406,80,58,22,326,24,302,19.704433497536947,14.285714285714285,5.41871921182266,80.29556650246306,5.911330049261084,74.38423645320196
E00001255,462,46,20,26,416,31,385,9.956709956709958,4.329004329004329,5.627705627705628,90.04329004329004,6.70995670995671,83.33333333333334
E00001256,351,53,21,32,298,6,292,15.0997150997151,5.982905982905983,9.116809116809117,84.9002849002849,1.7094017094017095,83.1908831908832
E00001257,371,38,13,25,333,25,308,10.242587601078167,3.5040431266846364,6.738544474393531,89.75741239892183,6.738544474393531,83.01886792452831
E00001258,299,42,19,23,257,16,241,14.046822742474916,6.354515050167224,7.6923076923076925,85.95317725752508,5.351170568561873,80.60200668896321
E00001259,316,43,25,18,273,16,257,13.60759493670886,7.9113924050632916,5.69620253164557,86.39240506329115,5.063291139240507,81.32911392405063
E00001261,317,36,14,22,281,25,256,11.35646687697161,4.416403785488959,6.940063091482649,88.64353312302839,7.886435331230284,80.7570977917981
E00001262,389,44,13,31,345,24,321,11.311053984575835,3.3419023136246784,7.969151670951156,88.68894601542416,6.169665809768637,82.51928020565553
E00001265,396,48,26,22,348,27,321,12.121212121212121,6.565656565656567,5.555555555555555,87.87878787878788,6.8181818181818175,81.06060606060606
E00001266,237,51,26,25,186,17,169,21.518987341772153,10.970464135021098,10.548523206751055,78.48101265822784,7.172995780590717,71.30801687763713
E00001267,286,35,15,20,251,20,231,12.237762237762238,5.244755244755245,6.993006993006993,87.76223776223776,6.993006993006993,80.76923076923077
E00001268,378,56,26,30,322,13,309,14.814814814814813,6.878306878306878,7.936507936507936,85.18518518518519,3.439153439153439,81.74603174603175
E00001269,262,31,10,21,231,18,213,11.83206106870229,3.816793893129771,8.015267175572518,88.16793893129771,6.870229007633588,81.29770992366412
E00001270,452,27,15,12,425,15,410,5.9734513274336285,3.3185840707964607,2.6548672566371683,94.02654867256636,3.3185840707964607,90.7079646017699
E00001271,604,55,13,42,549,34,515,9.105960264900661,2.152317880794702,6.95364238410596,90.89403973509934,5.629139072847682,85.26490066225165
E00001272,330,51,23,28,279,16,263,15.454545454545453,6.969696969696971,8.484848484848486,84.54545454545455,4.848484848484849,79.6969696969697
E00001273,452,60,24,36,392,34,358,13.274336283185843,5.3097345132743365,7.964601769911504,86.72566371681415,7.52212389380531,79.20353982300885
E00001274,362,32,14,18,330,23,307,8.83977900552486,3.867403314917127,4.972375690607735,91.16022099447514,6.353591160220995,84.80662983425414
E00001275,443,88,60,28,355,19,336,19.864559819413092,13.544018058690746,6.320541760722348,80.1354401805869,4.288939051918736,75.84650112866818
E00001276,347,39,18,21,308,16,292,11.239193083573488,5.187319884726225,6.051873198847262,88.76080691642652,4.610951008645533,84.14985590778097
E00001277,491,42,11,31,449,14,435,8.55397148676171,2.240325865580448,6.313645621181263,91.44602851323829,2.8513238289205702,88.59470468431772
E00001278,363,61,30,31,302,17,285,16.804407713498623,8.264462809917356,8.539944903581267,83.19559228650138,4.683195592286501,78.51239669421489
E00001279,347,44,18,26,303,11,292,12.680115273775217,5.187319884726225,7.492795389048991,87.31988472622479,3.170028818443804,84.14985590778097
E00001280,279,62,36,26,217,9,208,22.22222222222222,12.903225806451612,9.31899641577061,77.77777777777779,3.225806451612903,74.55197132616487
E00001281,442,108,52,56,334,16,318,24.43438914027149,11.76470588235294,12.669683257918551,75.56561085972851,3.619909502262444,71.94570135746606
E00001282,372,44,16,28,328,16,312,11.827956989247312,4.301075268817205,7.526881720430108,88.17204301075269,4.301075268817205,83.87096774193549
E00001283,415,42,15,27,373,25,348,10.120481927710843,3.614457831325301,6.506024096385541,89.87951807228916,6.024096385542169,83.855421686747
E00001284,275,28,7,21,247,21,226,10.181818181818182,2.5454545454545454,7.636363636363637,89.81818181818181,7.636363636363637,82.18181818181817
E00001285,346,52,21,31,294,16,278,15.028901734104046,6.069364161849711,8.959537572254336,84.97109826589595,4.624277456647398,80.34682080924856
E00001286,332,66,30,36,266,18,248,19.879518072289155,9.036144578313253,10.843373493975903,80.12048192771084,5.421686746987952,74.69879518072288
E00001288,560,55,27,28,505,36,469,9.821428571428571,4.821428571428572,5,90.17857142857143,6.428571428571428,83.75
E00001289,360,38,14,24,322,23,299,10.555555555555555,3.888888888888889,6.666666666666667,89.44444444444444,6.388888888888888,83.05555555555556
E00001290,381,47,28,19,334,26,308,12.335958005249344,7.349081364829396,4.986876640419948,87.66404199475065,6.824146981627297,80.83989501312337
E00001291,584,86,44,42,498,26,472,14.726027397260275,7.534246575342466,7.191780821917808,85.27397260273972,4.4520547945205475,80.82191780821918
E00001292,311,27,15,12,284,8,276,8.681672025723474,4.823151125401929,3.858520900321544,91.31832797427653,2.572347266881029,88.7459807073955
E00001293,398,46,20,26,352,18,334,11.557788944723619,5.025125628140704,6.532663316582915,88.44221105527639,4.522613065326634,83.91959798994975
E00001294,528,48,22,26,480,18,462,9.090909090909092,4.166666666666666,4.924242424242424,90.9090909090909,3.4090909090909087,87.5
E00001295,531,103,37,66,428,37,391,19.397363465160076,6.96798493408663,12.429378531073446,80.60263653483992,6.96798493408663,73.6346516007533
E00001296,325,31,9,22,294,20,274,9.538461538461538,2.769230769230769,6.769230769230769,90.46153846153845,6.153846153846154,84.3076923076923
E00001297,389,21,8,13,368,20,348,5.3984575835475574,2.056555269922879,3.3419023136246784,94.60154241645245,5.141388174807198,89.46015424164524
E00001298,402,15,5,10,387,23,364,3.731343283582089,1.2437810945273633,2.4875621890547266,96.26865671641791,5.721393034825871,90.54726368159204
E00001299,330,38,13,25,292,22,270,11.515151515151516,3.939393939393939,7.575757575757576,88.48484848484848,6.666666666666667,81.81818181818183
E00001300,374,44,13,31,330,21,309,11.76470588235294,3.4759358288770055,8.288770053475936,88.23529411764706,5.614973262032086,82.62032085561498
E00001301,360,21,7,14,339,16,323,5.833333333333333,1.9444444444444444,3.888888888888889,94.16666666666667,4.444444444444445,89.72222222222223
E00001302,300,32,9,23,268,21,247,10.666666666666668,3,7.666666666666666,89.33333333333333,7.000000000000001,82.33333333333334
E00001303,333,47,22,25,286,19,267,14.114114114114114,6.606606606606606,7.5075075075075075,85.88588588588588,5.7057057057057055,80.18018018018019
E00001304,322,50,22,28,272,16,256,15.527950310559005,6.832298136645963,8.695652173913043,84.472049689441,4.968944099378882,79.5031055900621
E00001305,490,116,72,44,374,34,340,23.6734693877551,14.69387755102041,8.979591836734693,76.32653061224491,6.938775510204081,69.38775510204081
E00001306,431,51,23,28,380,28,352,11.832946635730858,5.336426914153132,6.496519721577726,88.16705336426914,6.496519721577726,81.67053364269141
E00001307,307,26,11,15,281,22,259,8.469055374592834,3.5830618892508146,4.88599348534202,91.53094462540716,7.166123778501629,84.36482084690554
E00001308,355,56,31,25,299,26,273,15.774647887323944,8.732394366197182,7.042253521126761,84.22535211267605,7.323943661971831,76.90140845070422
E00001309,361,40,16,24,321,12,309,11.080332409972298,4.43213296398892,6.64819944598338,88.9196675900277,3.32409972299169,85.59556786703601
E00001310,181,35,15,20,146,9,137,19.337016574585636,8.287292817679557,11.049723756906078,80.66298342541437,4.972375690607735,75.69060773480662
E00001311,368,32,11,21,336,14,322,8.695652173913043,2.989130434782609,5.706521739130435,91.30434782608695,3.804347826086957,87.5
E00001312,351,48,17,31,303,21,282,13.675213675213676,4.843304843304843,8.831908831908832,86.32478632478633,5.982905982905983,80.34188034188034
E00001313,265,32,15,17,233,14,219,12.075471698113208,5.660377358490567,6.415094339622642,87.9245283018868,5.283018867924529,82.64150943396227
E00001314,356,64,37,27,292,22,270,17.97752808988764,10.393258426966293,7.584269662921349,82.02247191011236,6.179775280898876,75.84269662921348
E00001315,219,56,24,32,163,8,155,25.570776255707763,10.95890410958904,14.61187214611872,74.42922374429224,3.65296803652968,70.77625570776256
E00001316,291,42,20,22,249,18,231,14.432989690721648,6.872852233676976,7.560137457044673,85.56701030927834,6.185567010309279,79.38144329896907
E00001317,411,70,32,38,341,16,325,17.0316301703163,7.785888077858881,9.245742092457421,82.9683698296837,3.8929440389294405,79.07542579075427
E00001318,314,66,33,33,248,15,233,21.019108280254777,10.509554140127388,10.509554140127388,78.98089171974523,4.777070063694268,74.20382165605095
E00001319,379,42,17,25,337,18,319,11.081794195250659,4.485488126649076,6.596306068601583,88.91820580474933,4.749340369393139,84.1688654353562
E00001320,348,28,11,17,320,24,296,8.045977011494253,3.1609195402298855,4.885057471264368,91.95402298850574,6.896551724137931,85.0574712643678
E00001321,359,47,25,22,312,27,285,13.09192200557103,6.963788300835655,6.128133704735376,86.90807799442896,7.520891364902507,79.38718662952647
E00001322,499,53,24,29,446,16,430,10.62124248496994,4.809619238476954,5.811623246492986,89.37875751503006,3.2064128256513023,86.17234468937876
E00001323,369,39,15,24,330,11,319,10.569105691056912,4.0650406504065035,6.504065040650407,89.43089430894308,2.9810298102981028,86.44986449864498
E00001324,354,48,11,37,306,16,290,13.559322033898304,3.1073446327683616,10.451977401129943,86.4406779661017,4.519774011299435,81.92090395480226
E00001325,275,34,13,21,241,14,227,12.363636363636363,4.7272727272727275,7.636363636363637,87.63636363636364,5.090909090909091,82.54545454545455
E00001326,348,39,18,21,309,19,290,11.206896551724139,5.172413793103448,6.0344827586206895,88.79310344827587,5.459770114942529,83.33333333333334
E00001327,336,40,15,25,296,11,285,11.904761904761903,4.464285714285714,7.440476190476191,88.09523809523809,3.273809523809524,84.82142857142857
E00001328,322,37,15,22,285,15,270,11.490683229813664,4.658385093167702,6.832298136645963,88.50931677018633,4.658385093167702,83.85093167701864
E00001329,389,48,24,24,341,20,321,12.339331619537274,6.169665809768637,6.169665809768637,87.66066838046272,5.141388174807198,82.51928020565553
E00001330,370,27,10,17,343,26,317,7.297297297297297,2.7027027027027026,4.594594594594595,92.7027027027027,7.027027027027027,85.67567567567568
E00001331,242,58,37,21,184,14,170,23.96694214876033,15.289256198347106,8.677685950413224,76.03305785123968,5.785123966942149,70.24793388429752
E00001333,252,30,9,21,222,21,201,11.904761904761903,3.571428571428571,8.333333333333332,88.09523809523809,8.333333333333332,79.76190476190477
E00001334,272,44,24,20,228,13,215,16.176470588235293,8.823529411764707,7.352941176470589,83.82352941176471,4.779411764705882,79.04411764705883
E00001335,374,36,12,24,338,12,326,9.62566844919786,3.2085561497326207,6.417112299465241,90.37433155080214,3.2085561497326207,87.16577540106952
E00001336,319,41,19,22,278,24,254,12.852664576802509,5.956112852664576,6.896551724137931,87.14733542319749,7.523510971786834,79.62382445141067
E00001337,344,48,24,24,296,10,286,13.953488372093023,6.976744186046512,6.976744186046512,86.04651162790698,2.9069767441860463,83.13953488372093
E00001338,321,36,15,21,285,29,256,11.214953271028037,4.672897196261682,6.5420560747663545,88.78504672897196,9.034267912772584,79.75077881619937
E00001339,331,31,11,20,300,24,276,9.365558912386707,3.3232628398791544,6.042296072507553,90.6344410876133,7.250755287009064,83.38368580060424
E00001340,351,47,23,24,304,22,282,13.390313390313391,6.552706552706552,6.837606837606838,86.6096866096866,6.267806267806268,80.34188034188034
E00001341,302,33,16,17,269,15,254,10.927152317880795,5.298013245033113,5.629139072847682,89.0728476821192,4.966887417218543,84.10596026490066
E00001342,272,41,18,23,231,17,214,15.073529411764705,6.61764705882353,8.455882352941178,84.92647058823529,6.25,78.67647058823529
E00001343,337,45,19,26,292,24,268,13.353115727002967,5.637982195845697,7.71513353115727,86.64688427299704,7.121661721068249,79.52522255192879
E00001344,329,34,11,23,295,25,270,10.33434650455927,3.343465045592705,6.990881458966565,89.66565349544074,7.598784194528875,82.06686930091185
E00001345,354,31,13,18,323,31,292,8.757062146892656,3.672316384180791,5.084745762711865,91.24293785310734,8.757062146892656,82.485875706214685
E00001346,372,47,15,32,325,23,302,12.634408602150538,4.032258064516129,8.60215053763441,87.36559139784946,6.182795698924731,81.18279569892472
E00001347,328,37,13,24,291,32,259,11.28048780487805,3.9634146341463414,7.317073170731707,88.71951219512195,9.75609756097561,78.96341463414635
E00001348,347,39,17,22,308,25,283,11.239193083573488,4.899135446685879,6.340057636887608,88.76080691642652,7.204610951008646,81.55619596541787
E00001349,275,43,18,25,232,20,212,15.636363636363637,6.545454545454546,9.090909090909092,84.36363636363636,7.2727272727272725,77.0909090909091
E00001350,270,18,7,11,252,18,234,6.666666666666667,2.5925925925925926,4.074074074074074,93.33333333333333,6.666666666666667,86.66666666666667
E00001351,204,44,24,20,160,5,155,21.568627450980394,11.76470588235294,9.803921568627452,78.43137254901961,2.450980392156863,75.98039215686273
E00001352,418,83,50,33,335,17,318,19.85645933014354,11.961722488038278,7.894736842105263,80.14354066985646,4.0669856459330145,76.07655502392345
E00001353,391,47,15,32,344,24,320,12.020460358056265,3.8363171355498724,8.184143222506394,87.97953964194375,6.138107416879795,81.84143222506394
E00001354,293,49,36,13,244,9,235,16.723549488054605,12.286689419795222,4.436860068259386,83.27645051194538,3.0716723549488054,80.2047781569966
E00001355,361,25,4,21,336,20,316,6.9252077562326875,1.10803324099723,5.8171745152354575,93.07479224376732,5.540166204986149,87.53462603878116
E00001356,305,69,36,33,236,17,219,22.62295081967213,11.80327868852459,10.819672131147541,77.37704918032787,5.573770491803279,71.80327868852459
E00001357,224,26,9,17,198,15,183,11.607142857142858,4.017857142857143,7.5892857142857135,88.39285714285714,6.696428571428571,81.69642857142857
E00001358,369,42,15,27,327,22,305,11.38211382113821,4.0650406504065035,7.317073170731707,88.6178861788618,5.9620596205962055,82.65582655826557
E00001359,247,40,17,23,207,19,188,16.194331983805668,6.882591093117409,9.31174089068826,83.80566801619433,7.6923076923076925,76.11336032388664
E00001360,401,37,15,22,364,18,346,9.226932668329177,3.7406483790523692,5.486284289276807,90.77306733167082,4.488778054862843,86.28428927680798
E00001361,314,37,17,20,277,25,252,11.78343949044586,5.414012738853503,6.369426751592357,88.21656050955414,7.961783439490445,80.2547770700637
E00001362,427,47,15,32,380,21,359,11.00702576112412,3.51288056206089,7.494145199063232,88.99297423887587,4.918032786885246,84.07494145199064
E00001363,357,32,13,19,325,21,304,8.96358543417367,3.6414565826330536,5.322128851540616,91.03641456582633,5.88235294117647,85.15406162464986
E00001364,374,47,11,36,327,22,305,12.566844919786096,2.941176470588235,9.62566844919786,87.43315508021391,5.88235294117647,81.55080213903744
E00001365,372,31,5,26,341,15,326,8.333333333333332,1.3440860215053763,6.989247311827956,91.66666666666666,4.032258064516129,87.63440860215054
E00001366,373,33,11,22,340,27,313,8.847184986595174,2.949061662198391,5.898123324396782,91.15281501340483,7.238605898123325,83.91420911528151
E00001367,299,32,14,18,267,19,248,10.702341137123746,4.682274247491638,6.0200668896321075,89.29765886287625,6.354515050167224,82.94314381270902
E00001368,334,30,10,20,304,18,286,8.982035928143713,2.9940119760479043,5.9880239520958085,91.01796407185628,5.389221556886228,85.62874251497006
E00001369,341,27,11,16,314,18,296,7.9178885630498534,3.225806451612903,4.69208211143695,92.08211143695014,5.278592375366569,86.80351906158357
E00001370,321,45,14,31,276,25,251,14.018691588785046,4.361370716510903,9.657320872274143,85.98130841121495,7.78816199376947,78.19314641744548
E00001371,369,41,22,19,328,26,302,11.11111111111111,5.9620596205962055,5.149051490514905,88.88888888888889,7.046070460704606,81.84281842818429
E00001372,353,32,14,18,321,18,303,9.06515580736544,3.9660056657223794,5.099150141643059,90.93484419263456,5.099150141643059,85.8356940509915
E00001374,327,38,18,20,289,22,267,11.62079510703364,5.5045871559633035,6.116207951070336,88.37920489296636,6.727828746177369,81.65137614678899
E00001375,366,35,14,21,331,21,310,9.562841530054644,3.825136612021858,5.737704918032787,90.43715846994536,5.737704918032787,84.69945355191257
E00001376,385,41,19,22,344,14,330,10.649350649350648,4.935064935064935,5.714285714285714,89.35064935064935,3.6363636363636362,85.71428571428571
E00001377,128,37,14,23,91,7,84,28.90625,10.9375,17.96875,71.09375,5.46875,65.625
E00001378,316,33,15,18,283,14,269,10.443037974683545,4.746835443037975,5.69620253164557,89.55696202531645,4.430379746835443,85.12658227848101
E00001379,505,33,10,23,472,21,451,6.534653465346535,1.9801980198019802,4.554455445544554,93.46534653465348,4.1584158415841586,89.3069306930693
E00001380,355,33,10,23,322,26,296,9.295774647887324,2.8169014084507045,6.478873239436619,90.70422535211267,7.323943661971831,83.38028169014085
E00001381,338,37,12,25,301,27,274,10.946745562130179,3.5502958579881656,7.396449704142012,89.05325443786982,7.988165680473373,81.06508875739645
E00001382,316,35,11,24,281,13,268,11.075949367088606,3.481012658227848,7.59493670886076,88.92405063291139,4.113924050632911,84.81012658227847
E00001383,307,37,10,27,270,7,263,12.052117263843648,3.257328990228013,8.794788273615636,87.94788273615634,2.2801302931596092,85.66775244299674
E00001384,278,47,16,31,231,18,213,16.906474820143885,5.755395683453238,11.151079136690647,83.09352517985612,6.474820143884892,76.61870503597122
E00001385,351,44,18,26,307,15,292,12.535612535612536,5.128205128205128,7.4074074074074066,87.46438746438746,4.273504273504273,83.1908831908832
E00001386,335,37,9,28,298,22,276,11.044776119402986,2.6865671641791042,8.358208955223882,88.95522388059702,6.567164179104477,82.38805970149254
E00001387,332,55,20,35,277,28,249,16.566265060240966,6.024096385542169,10.542168674698797,83.43373493975903,8.433734939759036,75
E00001388,350,38,26,12,312,16,296,10.857142857142858,7.428571428571429,3.428571428571429,89.14285714285714,4.571428571428571,84.57142857142857
E00001389,340,34,14,20,306,21,285,10,4.117647058823529,5.88235294117647,90,6.176470588235294,83.82352941176471
E00001390,251,44,25,19,207,12,195,17.52988047808765,9.9601593625498,7.569721115537849,82.47011952191235,4.780876494023905,77.68924302788844
E00001391,360,41,12,29,319,16,303,11.38888888888889,3.3333333333333335,8.055555555555555,88.61111111111111,4.444444444444445,84.16666666666667
E00001392,323,39,12,27,284,18,266,12.074303405572756,3.7151702786377707,8.359133126934983,87.92569659442725,5.572755417956656,82.35294117647058
E00001393,349,49,15,34,300,22,278,14.040114613180515,4.297994269340974,9.742120343839542,85.95988538681948,6.303724928366762,79.65616045845272
E00001394,394,29,10,19,365,12,353,7.3604060913705585,2.5380710659898478,4.822335025380711,92.63959390862944,3.0456852791878175,89.59390862944161
E00001395,313,29,11,18,284,19,265,9.26517571884984,3.5143769968051117,5.7507987220447285,90.73482428115017,6.070287539936102,84.66453674121406
E00001396,438,108,59,49,330,21,309,24.65753424657534,13.470319634703195,11.187214611872145,75.34246575342466,4.794520547945205,70.54794520547945
E00001397,361,59,16,43,302,19,283,16.343490304709142,4.43213296398892,11.911357340720222,83.65650969529086,5.263157894736842,78.39335180055402
E00001398,334,69,44,25,265,24,241,20.65868263473054,13.17365269461078,7.48502994011976,79.34131736526946,7.18562874251497,72.15568862275448
E00001399,278,66,36,30,212,11,201,23.741007194244602,12.949640287769784,10.79136690647482,76.2589928057554,3.9568345323741005,72.3021582733813
E00001400,327,59,23,36,268,14,254,18.04281345565749,7.033639143730887,11.009174311926607,81.9571865443425,4.281345565749235,77.67584097859327
E00001401,285,46,18,28,239,27,212,16.140350877192983,6.315789473684211,9.824561403508772,83.85964912280703,9.473684210526317,74.3859649122807
E00001402,485,40,9,31,445,32,413,8.24742268041237,1.8556701030927836,6.391752577319587,91.75257731958763,6.5979381443298974,85.15463917525773
E00001403,481,73,41,32,408,21,387,15.176715176715177,8.523908523908524,6.652806652806653,84.82328482328482,4.365904365904366,80.45738045738045
E00001404,314,54,28,26,260,13,247,17.197452229299362,8.9171974522293,8.280254777070063,82.80254777070064,4.140127388535031,78.6624203821656
E00001405,452,69,29,40,383,38,345,15.265486725663715,6.415929203539823,8.849557522123893,84.7345132743363,8.4070796460177,76.32743362831859
E00001406,357,68,37,31,289,11,278,19.047619047619047,10.364145658263306,8.683473389355742,80.95238095238095,3.081232492997199,77.87114845938376
E00001407,516,107,57,50,409,23,386,20.73643410852713,11.046511627906977,9.689922480620156,79.26356589147287,4.457364341085271,74.8062015503876
E00001408,190,17,4,13,173,9,164,8.947368421052632,2.1052631578947367,6.842105263157896,91.05263157894737,4.736842105263158,86.31578947368422
E00001410,340,33,11,22,307,35,272,9.705882352941178,3.2352941176470593,6.470588235294119,90.29411764705883,10.294117647058822,80
E00001411,262,55,29,26,207,10,197,20.99236641221374,11.068702290076336,9.923664122137405,79.00763358778626,3.816793893129771,75.19083969465649
E00001412,304,69,39,30,235,17,218,22.697368421052634,12.828947368421053,9.868421052631579,77.30263157894737,5.592105263157895,71.71052631578947
E00001413,326,64,29,35,262,19,243,19.631901840490798,8.895705521472392,10.736196319018406,80.3680981595092,5.828220858895705,74.5398773006135
E00001415,309,42,19,23,267,22,245,13.592233009708737,6.148867313915858,7.443365695792881,86.40776699029125,7.119741100323624,79.28802588996764
E00001416,319,65,29,36,254,14,240,20.37617554858934,9.090909090909092,11.285266457680251,79.62382445141067,4.38871473354232,75.23510971786834
E00001417,429,71,35,36,358,27,331,16.55011655011655,8.158508158508159,8.391608391608392,83.44988344988346,6.293706293706294,77.15617715617715
E00001418,264,30,11,19,234,20,214,11.363636363636363,4.166666666666666,7.196969696969697,88.63636363636364,7.575757575757576,81.06060606060606
E00001419,321,38,11,27,283,17,266,11.838006230529595,3.4267912772585665,8.411214953271028,88.1619937694704,5.29595015576324,82.86604361370716
E00001420,336,46,24,22,290,14,276,13.690476190476192,7.142857142857142,6.547619047619048,86.30952380952381,4.166666666666666,82.14285714285714
E00001421,322,49,28,21,273,23,250,15.217391304347828,8.695652173913043,6.521739130434782,84.78260869565217,7.142857142857142,77.63975155279503
E00001422,239,68,25,43,171,15,156,28.451882845188287,10.460251046025103,17.99163179916318,71.54811715481172,6.2761506276150625,65.27196652719665
E00001423,399,36,15,21,363,29,334,9.022556390977442,3.7593984962406015,5.263157894736842,90.97744360902256,7.268170426065162,83.70927318295739
E00001424,335,51,12,39,284,20,264,15.223880597014924,3.582089552238806,11.641791044776118,84.77611940298507,5.970149253731343,78.80597014925374
E00001425,293,49,22,27,244,24,220,16.723549488054605,7.508532423208192,9.215017064846416,83.27645051194538,8.19112627986348,75.0853242320819
E00001426,266,56,23,33,210,12,198,21.052631578947366,8.646616541353383,12.406015037593985,78.94736842105263,4.511278195488721,74.43609022556392
E00001427,329,54,25,29,275,23,252,16.41337386018237,7.598784194528875,8.814589665653495,83.58662613981764,6.990881458966565,76.59574468085107
E00001428,293,39,18,21,254,24,230,13.310580204778159,6.143344709897611,7.167235494880546,86.68941979522185,8.19112627986348,78.49829351535837
E00001429,442,50,18,32,392,30,362,11.312217194570136,4.072398190045249,7.239819004524888,88.68778280542986,6.787330316742081,81.90045248868778
E00001430,311,38,13,25,273,17,256,12.218649517684888,4.180064308681672,8.038585209003216,87.78135048231512,5.466237942122187,82.31511254019293
E00001431,239,32,8,24,207,20,187,13.389121338912133,3.3472803347280333,10.0418410041841,86.61087866108787,8.368200836820083,78.24267782426779
E00001432,361,38,12,26,323,28,295,10.526315789473683,3.32409972299169,7.202216066481995,89.47368421052632,7.756232686980609,81.7174515235457
E00001433,266,45,21,24,221,23,198,16.917293233082706,7.894736842105263,9.022556390977442,83.0827067669173,8.646616541353383,74.43609022556392
E00001434,320,48,18,30,272,17,255,15,5.625,9.375,85,5.3125,79.6875
E00001435,333,44,14,30,289,16,273,13.213213213213212,4.2042042042042045,9.00900900900901,86.78678678678679,4.804804804804805,81.98198198198197
E00001436,374,56,28,28,318,13,305,14.973262032085561,7.4866310160427805,7.4866310160427805,85.02673796791443,3.4759358288770055,81.55080213903744
E00001437,269,40,9,31,229,21,208,14.869888475836431,3.3457249070631967,11.524163568773234,85.13011152416357,7.806691449814126,77.32342007434944
E00001438,293,28,10,18,265,14,251,9.556313993174061,3.4129692832764507,6.143344709897611,90.44368600682594,4.778156996587031,85.6655290102389
E00001439,383,74,35,39,309,17,292,19.321148825065272,9.138381201044385,10.182767624020887,80.67885117493474,4.43864229765013,76.2402088772846
E00001440,273,38,19,19,235,18,217,13.91941391941392,6.95970695970696,6.95970695970696,86.08058608058609,6.593406593406594,79.48717948717949
E00001441,335,53,26,27,282,24,258,15.82089552238806,7.761194029850746,8.059701492537313,84.17910447761194,7.164179104477612,77.01492537313432
E00001442,318,28,17,11,290,13,277,8.80503144654088,5.345911949685535,3.459119496855346,91.19496855345912,4.088050314465408,87.10691823899371
E00001443,298,31,7,24,267,13,254,10.40268456375839,2.348993288590604,8.053691275167784,89.59731543624162,4.3624161073825505,85.23489932885906
E00001444,353,72,35,37,281,21,260,20.396600566572236,9.91501416430595,10.48158640226629,79.60339943342775,5.94900849858357,73.65439093484419
E00001445,289,46,21,25,243,21,222,15.916955017301039,7.26643598615917,8.650519031141869,84.08304498269896,7.26643598615917,76.8166089965398
E00001446,362,38,13,25,324,18,306,10.497237569060774,3.591160220994475,6.906077348066299,89.50276243093923,4.972375690607735,84.5303867403315
E00001447,372,37,12,25,335,23,312,9.946236559139784,3.225806451612903,6.720430107526881,90.05376344086021,6.182795698924731,83.87096774193549
E00001448,328,39,17,22,289,17,272,11.890243902439025,5.182926829268292,6.707317073170732,88.10975609756098,5.182926829268292,82.92682926829268
E00001449,348,37,10,27,311,17,294,10.632183908045976,2.8735632183908044,7.758620689655173,89.36781609195403,4.885057471264368,84.48275862068965
E00001450,290,69,43,26,221,11,210,23.79310344827586,14.827586206896552,8.96551724137931,76.20689655172413,3.793103448275862,72.41379310344827
E00001451,347,45,18,27,302,21,281,12.968299711815561,5.187319884726225,7.780979827089338,87.03170028818444,6.051873198847262,80.97982708933718
E00001452,258,25,9,16,233,18,215,9.689922480620156,3.488372093023256,6.2015503875969,90.31007751937985,6.976744186046512,83.33333333333334
E00001453,366,60,20,40,306,26,280,16.39344262295082,5.46448087431694,10.92896174863388,83.60655737704919,7.103825136612022,76.50273224043715
E00001454,223,29,18,11,194,14,180,13.004484304932735,8.071748878923767,4.932735426008969,86.99551569506725,6.278026905829597,80.71748878923766
E00001455,403,24,10,14,379,21,358,5.955334987593052,2.481389578163772,3.4739454094292808,94.04466501240695,5.2109181141439205,88.83374689826302
E00001456,318,29,17,12,289,15,274,9.119496855345911,5.345911949685535,3.7735849056603774,90.88050314465409,4.716981132075472,86.16352201257862
E00001457,335,45,14,31,290,33,257,13.432835820895523,4.179104477611941,9.253731343283581,86.56716417910447,9.850746268656717,76.71641791044776
E00001458,330,43,18,25,287,15,272,13.030303030303031,5.454545454545454,7.575757575757576,86.96969696969697,4.545454545454546,82.42424242424242
E00001459,299,34,12,22,265,22,243,11.37123745819398,4.013377926421405,7.357859531772576,88.62876254180601,7.357859531772576,81.27090301003345
E00001460,385,46,16,30,339,24,315,11.948051948051948,4.1558441558441555,7.792207792207792,88.05194805194805,6.233766233766234,81.81818181818183
E00001461,299,39,16,23,260,22,238,13.043478260869565,5.351170568561873,7.6923076923076925,86.95652173913044,7.357859531772576,79.59866220735786
E00001462,348,50,26,24,298,20,278,14.367816091954023,7.471264367816093,6.896551724137931,85.63218390804597,5.747126436781609,79.88505747126436
E00001463,260,34,12,22,226,10,216,13.076923076923078,4.615384615384616,8.461538461538462,86.92307692307692,3.8461538461538463,83.07692307692308
E00001464,399,37,13,24,362,21,341,9.273182957393484,3.258145363408521,6.015037593984962,90.72681704260651,5.263157894736842,85.46365914786968
E00001465,369,28,13,15,341,20,321,7.588075880758807,3.523035230352303,4.0650406504065035,92.41192411924119,5.420054200542006,86.99186991869918
E00001466,414,46,17,29,368,16,352,11.11111111111111,4.1062801932367154,7.004830917874397,88.88888888888889,3.864734299516908,85.02415458937197
E00001467,315,36,13,23,279,21,258,11.428571428571429,4.1269841269841265,7.301587301587302,88.57142857142857,6.666666666666667,81.9047619047619
E00001468,387,54,16,38,333,23,310,13.953488372093023,4.1343669250646,9.819121447028424,86.04651162790698,5.943152454780361,80.10335917312662
E00001469,202,30,21,9,172,12,160,14.85148514851485,10.396039603960396,4.455445544554455,85.14851485148515,5.9405940594059405,79.20792079207921
E00001470,249,42,21,21,207,11,196,16.867469879518072,8.433734939759036,8.433734939759036,83.13253012048193,4.417670682730924,78.714859437751
E00001471,387,44,14,30,343,28,315,11.369509043927648,3.6175710594315245,7.751937984496124,88.63049095607235,7.235142118863049,81.3953488372093
E00001472,351,38,18,20,313,24,289,10.826210826210826,5.128205128205128,5.698005698005698,89.17378917378917,6.837606837606838,82.33618233618233
E00001474,365,31,12,19,334,30,304,8.493150684931507,3.287671232876712,5.205479452054795,91.5068493150685,8.21917808219178,83.28767123287672
E00001475,347,32,14,18,315,15,300,9.221902017291066,4.034582132564841,5.187319884726225,90.77809798270894,4.322766570605188,86.45533141210375
E00001476,402,62,30,32,340,22,318,15.422885572139302,7.462686567164178,7.960199004975125,84.5771144278607,5.472636815920398,79.1044776119403
E00001477,266,34,17,17,232,19,213,12.781954887218044,6.390977443609022,6.390977443609022,87.21804511278195,7.142857142857142,80.07518796992481
E00001478,467,102,50,52,365,25,340,21.841541755888652,10.706638115631693,11.134903640256958,78.15845824411134,5.353319057815846,72.80513918629549
E00001479,268,63,28,35,205,15,190,23.507462686567166,10.44776119402985,13.059701492537313,76.49253731343283,5.597014925373134,70.8955223880597
E00001480,294,26,11,15,268,17,251,8.843537414965986,3.741496598639456,5.1020408163265305,91.15646258503402,5.782312925170068,85.37414965986395
E00001481,353,46,13,33,307,21,286,13.031161473087819,3.6827195467422094,9.34844192634561,86.96883852691218,5.94900849858357,81.01983002832861
E00001482,262,68,30,38,194,14,180,25.954198473282442,11.450381679389313,14.50381679389313,74.04580152671755,5.343511450381679,68.70229007633588
E00001483,370,25,10,15,345,12,333,6.756756756756757,2.7027027027027026,4.054054054054054,93.24324324324324,3.2432432432432434,90
E00001484,255,35,15,20,220,13,207,13.725490196078432,5.88235294117647,7.8431372549019605,86.27450980392157,5.098039215686274,81.17647058823529
E00001485,260,27,11,16,233,16,217,10.384615384615385,4.230769230769231,6.153846153846154,89.61538461538461,6.153846153846154,83.46153846153847
E00001486,336,24,11,13,312,23,289,7.142857142857142,3.273809523809524,3.869047619047619,92.85714285714286,6.845238095238096,86.01190476190477
E00001487,354,37,12,25,317,22,295,10.451977401129943,3.389830508474576,7.062146892655368,89.54802259887006,6.214689265536723,83.33333333333334
E00001488,380,55,27,28,325,29,296,14.473684210526317,7.105263157894736,7.368421052631578,85.52631578947368,7.631578947368421,77.89473684210526
E00001489,382,45,17,28,337,11,326,11.780104712041885,4.450261780104712,7.329842931937172,88.21989528795811,2.8795811518324608,85.34031413612566
E00001490,395,59,32,27,336,32,304,14.936708860759493,8.10126582278481,6.8354430379746836,85.0632911392405,8.10126582278481,76.9620253164557
E00001491,354,46,14,32,308,17,291,12.994350282485875,3.954802259887006,9.03954802259887,87.00564971751412,4.80225988700565,82.20338983050848
E00001492,403,27,7,20,376,17,359,6.699751861042183,1.7369727047146404,4.962779156327544,93.30024813895783,4.218362282878412,89.0818858560794
E00001493,327,31,14,17,296,12,284,9.480122324159021,4.281345565749235,5.198776758409786,90.51987767584097,3.669724770642202,86.85015290519877
E00001494,388,62,25,37,326,19,307,15.979381443298967,6.443298969072164,9.536082474226804,84.02061855670104,4.896907216494846,79.12371134020619
E00001495,448,37,18,19,411,24,387,8.258928571428571,4.017857142857143,4.241071428571429,91.74107142857143,5.357142857142857,86.38392857142857
E00001496,454,67,34,33,387,14,373,14.757709251101323,7.488986784140969,7.268722466960352,85.24229074889867,3.0837004405286343,82.15859030837004
E00001497,429,46,28,18,383,13,370,10.722610722610723,6.526806526806526,4.195804195804196,89.27738927738928,3.0303030303030303,86.24708624708624
E00001498,405,57,36,21,348,14,334,14.074074074074074,8.88888888888889,5.185185185185185,85.92592592592592,3.45679012345679,82.46913580246914
E00001499,371,43,17,26,328,6,322,11.590296495956872,4.5822102425876015,7.008086253369273,88.40970350404312,1.6172506738544474,86.79245283018868
E00001500,365,38,21,17,327,13,314,10.41095890410959,5.7534246575342465,4.657534246575342,89.58904109589041,3.5616438356164384,86.02739726027397
E00001503,305,48,22,26,257,11,246,15.737704918032788,7.213114754098362,8.524590163934425,84.26229508196721,3.606557377049181,80.65573770491802
E00001504,273,54,31,23,219,8,211,19.78021978021978,11.355311355311356,8.424908424908425,80.21978021978022,2.93040293040293,77.2893772893773
E00001505,479,51,23,28,428,17,411,10.647181628392484,4.801670146137787,5.845511482254697,89.35281837160751,3.549060542797495,85.80375782881002
E00001506,486,71,30,41,415,14,401,14.609053497942387,6.172839506172839,8.436213991769549,85.39094650205762,2.880658436213992,82.51028806584361
E00001507,174,35,15,20,139,18,121,20.114942528735632,8.620689655172415,11.494252873563218,79.88505747126436,10.344827586206897,69.54022988505747
E00001508,367,48,22,26,319,8,311,13.079019073569482,5.994550408719346,7.084468664850137,86.92098092643052,2.17983651226158,84.74114441416893
E00001509,449,52,23,29,397,13,384,11.58129175946548,5.122494432071269,6.45879732739421,88.41870824053451,2.89532293986637,85.52338530066815
E00001511,373,32,12,20,341,6,335,8.579088471849866,3.2171581769436997,5.361930294906166,91.42091152815014,1.6085790884718498,89.81233243967829
E00001512,444,85,36,49,359,13,346,19.144144144144143,8.108108108108109,11.036036036036036,80.85585585585585,2.9279279279279278,77.92792792792793
E00001514,480,50,25,25,430,22,408,10.416666666666668,5.208333333333334,5.208333333333334,89.58333333333334,4.583333333333333,85
E00001516,426,42,23,19,384,15,369,9.859154929577464,5.39906103286385,4.460093896713615,90.14084507042254,3.5211267605633805,86.61971830985915
E00001517,530,64,34,30,466,19,447,12.075471698113208,6.415094339622642,5.660377358490567,87.9245283018868,3.5849056603773586,84.33962264150944
E00001518,401,63,28,35,338,17,321,15.710723192019952,6.982543640897755,8.728179551122196,84.28927680798004,4.239401496259352,80.0498753117207
E00001519,423,54,25,29,369,18,351,12.76595744680851,5.91016548463357,6.8557919621749415,87.2340425531915,4.25531914893617,82.97872340425532
E00001520,308,22,10,12,286,23,263,7.142857142857142,3.2467532467532463,3.896103896103896,92.85714285714286,7.467532467532467,85.3896103896104
E00001521,273,33,19,14,240,7,233,12.087912087912088,6.95970695970696,5.128205128205128,87.91208791208791,2.564102564102564,85.34798534798534
E00001522,558,49,18,31,509,20,489,8.781362007168457,3.225806451612903,5.555555555555555,91.21863799283155,3.584229390681003,87.63440860215054
E00001523,453,50,19,31,403,19,384,11.037527593818984,4.194260485651214,6.843267108167771,88.96247240618102,4.194260485651214,84.76821192052981
E00001524,358,40,22,18,318,14,304,11.1731843575419,6.145251396648044,5.027932960893855,88.8268156424581,3.910614525139665,84.91620111731844
E00001525,470,65,34,31,405,17,388,13.829787234042554,7.234042553191489,6.595744680851063,86.17021276595744,3.6170212765957444,82.5531914893617
E00001526,358,26,8,18,332,14,318,7.262569832402235,2.2346368715083798,5.027932960893855,92.73743016759776,3.910614525139665,88.8268156424581
E00001527,457,26,7,19,431,18,413,5.689277899343545,1.5317286652078774,4.157549234135667,94.31072210065645,3.938730853391685,90.37199124726477
E00001528,327,37,16,21,290,12,278,11.314984709480122,4.892966360856269,6.422018348623854,88.68501529051987,3.669724770642202,85.01529051987767
E00001529,390,70,34,36,320,10,310,17.94871794871795,8.717948717948717,9.230769230769232,82.05128205128204,2.564102564102564,79.48717948717949
E00001530,354,41,16,25,313,6,307,11.581920903954803,4.519774011299435,7.062146892655368,88.4180790960452,1.694915254237288,86.7231638418079
E00001531,481,37,11,26,444,21,423,7.6923076923076925,2.2869022869022873,5.405405405405405,92.3076923076923,4.365904365904366,87.94178794178794
E00001534,404,48,12,36,356,20,336,11.881188118811881,2.9702970297029703,8.91089108910891,88.11881188118812,4.9504950495049505,83.16831683168317
E00001535,336,43,18,25,293,13,280,12.797619047619047,5.357142857142857,7.440476190476191,87.20238095238095,3.869047619047619,83.33333333333334
E00001536,450,42,10,32,408,6,402,9.333333333333334,2.2222222222222223,7.111111111111111,90.66666666666666,1.3333333333333335,89.33333333333333
E00001537,328,38,27,11,290,14,276,11.585365853658537,8.231707317073171,3.353658536585366,88.41463414634147,4.2682926829268295,84.14634146341463
E00001538,285,34,15,19,251,12,239,11.929824561403509,5.263157894736842,6.666666666666667,88.0701754385965,4.2105263157894735,83.85964912280703
E00001539,414,42,12,30,372,20,352,10.144927536231885,2.898550724637681,7.246376811594203,89.85507246376811,4.830917874396135,85.02415458937197
E00001540,543,79,49,30,464,22,442,14.548802946593002,9.023941068139964,5.524861878453039,85.451197053407,4.051565377532229,81.39963167587477
E00001541,348,46,25,21,302,16,286,13.218390804597702,7.183908045977011,6.0344827586206895,86.7816091954023,4.597701149425287,82.18390804597702
E00001542,406,39,14,25,367,38,329,9.60591133004926,3.4482758620689653,6.157635467980295,90.39408866995073,9.35960591133005,81.03448275862068
E00001543,374,92,63,29,282,15,267,24.598930481283425,16.844919786096256,7.754010695187167,75.40106951871658,4.0106951871657754,71.3903743315508
E00001544,326,74,31,43,252,11,241,22.699386503067483,9.509202453987731,13.190184049079754,77.30061349693251,3.374233128834356,73.92638036809815
E00001545,455,59,34,25,396,21,375,12.967032967032969,7.472527472527473,5.4945054945054945,87.03296703296704,4.615384615384616,82.41758241758241
E00001546,440,47,18,29,393,30,363,10.681818181818182,4.090909090909091,6.59090909090909,89.31818181818181,6.8181818181818175,82.5
E00001547,440,65,26,39,375,24,351,14.772727272727273,5.909090909090909,8.863636363636363,85.22727272727273,5.454545454545454,79.77272727272727
E00001548,320,65,34,31,255,18,237,20.3125,10.625,9.6875,79.6875,5.625,74.0625
E00001549,409,76,31,45,333,15,318,18.581907090464547,7.579462102689487,11.00244498777506,81.41809290953546,3.6674816625916873,77.75061124694376
E00001550,389,51,18,33,338,30,308,13.110539845758353,4.627249357326478,8.483290488431876,86.88946015424165,7.712082262210797,79.17737789203085
E00001551,441,81,52,29,360,24,336,18.367346938775512,11.791383219954648,6.575963718820861,81.63265306122449,5.442176870748299,76.19047619047619
E00001552,195,43,29,14,152,16,136,22.05128205128205,14.871794871794872,7.179487179487179,77.94871794871796,8.205128205128204,69.74358974358974
E00001553,389,58,30,28,331,16,315,14.910025706940875,7.712082262210797,7.197943444730077,85.08997429305913,4.113110539845758,80.97686375321337
E00001554,331,45,16,29,286,20,266,13.595166163141995,4.833836858006042,8.761329305135952,86.404833836858,6.042296072507553,80.36253776435045
E00001555,415,69,31,38,346,16,330,16.626506024096386,7.46987951807229,9.156626506024097,83.37349397590361,3.8554216867469884,79.51807228915662
E00001556,293,32,14,18,261,19,242,10.921501706484642,4.778156996587031,6.143344709897611,89.07849829351537,6.484641638225256,82.5938566552901
E00001557,498,46,16,30,452,14,438,9.236947791164658,3.2128514056224895,6.024096385542169,90.76305220883533,2.8112449799196786,87.95180722891565
E00001558,297,47,22,25,250,14,236,15.824915824915825,7.4074074074074066,8.417508417508419,84.17508417508418,4.713804713804714,79.46127946127946
E00001559,377,74,36,38,303,20,283,19.628647214854112,9.549071618037134,10.079575596816976,80.37135278514589,5.305039787798409,75.06631299734748
E00001560,305,53,22,31,252,17,235,17.37704918032787,7.213114754098362,10.163934426229508,82.62295081967214,5.573770491803279,77.04918032786885
E00001561,322,59,20,39,263,16,247,18.32298136645963,6.211180124223603,12.111801242236025,81.67701863354037,4.968944099378882,76.70807453416148
E00001562,291,41,15,26,250,15,235,14.0893470790378,5.154639175257731,8.934707903780069,85.91065292096219,5.154639175257731,80.75601374570446
E00001563,318,33,17,16,285,23,262,10.377358490566039,5.345911949685535,5.031446540880504,89.62264150943396,7.232704402515723,82.38993710691824
E00001564,334,38,17,21,296,27,269,11.377245508982035,5.089820359281437,6.287425149700598,88.62275449101796,8.08383233532934,80.53892215568862
E00001565,315,40,17,23,275,23,252,12.698412698412698,5.396825396825397,7.301587301587302,87.3015873015873,7.301587301587302,80
E00001566,327,27,9,18,300,29,271,8.256880733944955,2.7522935779816518,5.5045871559633035,91.74311926605505,8.868501529051988,82.87461773700305
E00001567,544,80,50,30,464,21,443,14.705882352941178,9.191176470588236,5.514705882352941,85.29411764705883,3.860294117647059,81.43382352941177
E00001568,357,32,10,22,325,36,289,8.96358543417367,2.801120448179272,6.162464985994398,91.03641456582633,10.084033613445378,80.95238095238095
E00001570,312,55,26,29,257,12,245,17.628205128205128,8.333333333333332,9.294871794871796,82.37179487179486,3.8461538461538463,78.52564102564102
E00001571,341,44,17,27,297,19,278,12.903225806451612,4.9853372434017595,7.9178885630498534,87.09677419354838,5.571847507331378,81.52492668621701
E00001572,388,50,19,31,338,24,314,12.886597938144329,4.896907216494846,7.989690721649484,87.11340206185567,6.185567010309279,80.9278350515464
E00001574,303,55,22,33,248,18,230,18.151815181518153,7.2607260726072615,10.891089108910892,81.84818481848185,5.9405940594059405,75.9075907590759
E00001575,345,64,29,35,281,23,258,18.55072463768116,8.405797101449275,10.144927536231885,81.44927536231884,6.666666666666667,74.78260869565217
E00001576,275,36,12,24,239,17,222,13.090909090909092,4.363636363636364,8.727272727272728,86.9090909090909,6.181818181818182,80.72727272727272
E00001577,476,49,26,23,427,27,400,10.294117647058822,5.46218487394958,4.831932773109244,89.70588235294117,5.6722689075630255,84.03361344537815
E00001578,384,44,18,26,340,15,325,11.458333333333332,4.6875,6.770833333333333,88.54166666666666,3.90625,84.63541666666666
E00001579,415,38,16,22,377,25,352,9.156626506024097,3.8554216867469884,5.301204819277109,90.8433734939759,6.024096385542169,84.81927710843374
E00001580,272,35,17,18,237,11,226,12.867647058823529,6.25,6.61764705882353,87.13235294117648,4.044117647058823,83.08823529411765
E00001581,341,84,40,44,257,18,239,24.633431085043988,11.730205278592376,12.903225806451612,75.366568914956,5.278592375366569,70.08797653958945
E00001582,323,40,17,23,283,31,252,12.38390092879257,5.263157894736842,7.120743034055728,87.61609907120743,9.597523219814242,78.0185758513932
E00001583,267,54,29,25,213,12,201,20.224719101123593,10.861423220973784,9.363295880149813,79.7752808988764,4.49438202247191,75.28089887640449
E00001584,261,34,10,24,227,14,213,13.026819923371647,3.8314176245210727,9.195402298850574,86.97318007662835,5.363984674329502,81.60919540229885
E00001585,314,40,14,26,274,17,257,12.738853503184714,4.45859872611465,8.280254777070063,87.26114649681529,5.414012738853503,81.84713375796179
E00001586,283,32,13,19,251,21,230,11.307420494699647,4.593639575971731,6.713780918727916,88.69257950530034,7.420494699646643,81.2720848056537
E00001587,314,33,18,15,281,12,269,10.509554140127388,5.7324840764331215,4.777070063694268,89.49044585987261,3.821656050955414,85.6687898089172
E00001588,300,24,13,11,276,26,250,8,4.333333333333334,3.6666666666666665,92,8.666666666666668,83.33333333333334
E00001589,355,43,16,27,312,13,299,12.112676056338028,4.507042253521127,7.605633802816901,87.88732394366198,3.6619718309859155,84.22535211267605
E00001590,388,74,36,38,314,17,297,19.072164948453608,9.278350515463918,9.793814432989691,80.9278350515464,4.381443298969072,76.5463917525773
E00174889,147,9,1,8,138,7,131,6.122448979591836,0.6802721088435374,5.442176870748299,93.87755102040816,4.761904761904762,89.1156462585034
E00174894,206,28,20,8,178,7,171,13.592233009708737,9.70873786407767,3.8834951456310676,86.40776699029125,3.3980582524271843,83.00970873786407
E00174895,161,10,3,7,151,4,147,6.211180124223603,1.8633540372670807,4.3478260869565215,93.7888198757764,2.484472049689441,91.30434782608695
E00174896,310,35,16,19,275,24,251,11.29032258064516,5.161290322580645,6.129032258064516,88.70967741935483,7.741935483870968,80.96774193548387
E00174897,213,12,5,7,201,11,190,5.633802816901409,2.3474178403755865,3.286384976525822,94.36619718309859,5.164319248826291,89.2018779342723
E00174898,313,31,17,14,282,16,266,9.904153354632587,5.431309904153355,4.472843450479233,90.09584664536742,5.111821086261981,84.98402555910543
E00174899,357,37,12,25,320,23,297,10.364145658263306,3.361344537815126,7.002801120448179,89.6358543417367,6.442577030812324,83.19327731092437
E00174901,215,20,9,11,195,15,180,9.30232558139535,4.186046511627907,5.116279069767442,90.69767441860465,6.976744186046512,83.72093023255815
E00174902,228,42,20,22,186,10,176,18.421052631578945,8.771929824561402,9.649122807017543,81.57894736842105,4.385964912280701,77.19298245614034
E00174903,371,40,16,24,331,20,311,10.781671159029651,4.31266846361186,6.46900269541779,89.21832884097036,5.3908355795148255,83.82749326145552
E00174904,377,43,17,26,334,11,323,11.405835543766578,4.509283819628647,6.896551724137931,88.59416445623343,2.9177718832891246,85.6763925729443
E00174906,338,47,22,25,291,9,282,13.905325443786982,6.508875739644971,7.396449704142012,86.09467455621301,2.6627218934911245,83.4319526627219
E00174907,457,65,23,42,392,23,369,14.22319474835886,5.032822757111598,9.190371991247265,85.77680525164114,5.032822757111598,80.74398249452955
E00174908,407,52,30,22,355,13,342,12.776412776412776,7.371007371007371,5.405405405405405,87.22358722358723,3.194103194103194,84.02948402948402
E00174909,313,62,41,21,251,12,239,19.808306709265175,13.099041533546327,6.7092651757188495,80.19169329073482,3.8338658146964857,76.35782747603834
E00174910,341,15,0,15,326,16,310,4.398826979472141,0,4.398826979472141,95.60117302052787,4.69208211143695,90.9090909090909
E00174912,317,68,26,42,249,11,238,21.451104100946374,8.201892744479496,13.249211356466878,78.54889589905363,3.4700315457413247,75.0788643533123
E00174913,447,29,14,15,418,15,403,6.487695749440715,3.131991051454139,3.3557046979865772,93.51230425055928,3.3557046979865772,90.1565995525727
E00174914,271,26,11,15,245,8,237,9.59409594095941,4.059040590405904,5.535055350553505,90.40590405904058,2.952029520295203,87.4538745387454
E00174915,220,17,12,5,203,6,197,7.727272727272727,5.454545454545454,2.272727272727273,92.27272727272727,2.727272727272727,89.54545454545455
E00174916,163,23,9,14,140,4,136,14.11042944785276,5.521472392638037,8.588957055214724,85.88957055214725,2.4539877300613497,83.43558282208589
E00174917,615,69,40,29,546,16,530,11.219512195121952,6.504065040650407,4.715447154471545,88.78048780487805,2.6016260162601625,86.1788617886179
E00174918,265,40,11,29,225,6,219,15.09433962264151,4.150943396226415,10.943396226415095,84.90566037735849,2.2641509433962264,82.64150943396227
E00174919,371,29,11,18,342,15,327,7.816711590296496,2.964959568733154,4.8517520215633425,92.18328840970351,4.0431266846361185,88.14016172506739
E00174920,429,48,21,27,381,7,374,11.188811188811188,4.895104895104895,6.293706293706294,88.81118881118881,1.6317016317016315,87.17948717948718
E00174921,322,31,13,18,291,7,284,9.627329192546584,4.037267080745342,5.590062111801243,90.37267080745342,2.1739130434782608,88.19875776397515
E00178723,431,54,21,33,377,29,348,12.529002320185615,4.872389791183294,7.65661252900232,87.47099767981439,6.728538283062645,80.74245939675174
E00178724,618,51,23,28,567,26,541,8.25242718446602,3.7216828478964405,4.53074433656958,91.74757281553399,4.207119741100324,87.54045307443366
E00178725,292,13,8,5,279,14,265,4.4520547945205475,2.73972602739726,1.7123287671232876,95.54794520547945,4.794520547945205,90.75342465753424
E00178726,340,43,24,19,297,10,287,12.647058823529411,7.0588235294117645,5.588235294117648,87.3529411764706,2.941176470588235,84.41176470588235
E00178727,466,91,60,31,375,24,351,19.527896995708154,12.875536480686694,6.652360515021459,80.47210300429185,5.150214592274678,75.32188841201717
E00178733,385,46,22,24,339,11,328,11.948051948051948,5.714285714285714,6.233766233766234,88.05194805194805,2.857142857142857,85.19480519480518
E00178734,281,31,12,19,250,14,236,11.032028469750891,4.270462633451958,6.761565836298933,88.96797153024912,4.98220640569395,83.98576512455516
E00178735,303,12,3,9,291,10,281,3.9603960396039604,0.9900990099009901,2.9702970297029703,96.03960396039604,3.3003300330033,92.73927392739274
E00178736,414,72,31,41,342,23,319,17.391304347826086,7.487922705314009,9.903381642512077,82.6086956521739,5.555555555555555,77.05314009661835
E00178740,536,28,12,16,508,27,481,5.223880597014925,2.2388059701492535,2.9850746268656714,94.77611940298507,5.037313432835821,89.73880597014924
E00178741,273,34,14,20,239,11,228,12.454212454212454,5.128205128205128,7.326007326007327,87.54578754578755,4.029304029304029,83.51648351648352
E00178743,258,21,8,13,237,7,230,8.13953488372093,3.10077519379845,5.038759689922481,91.86046511627907,2.7131782945736433,89.14728682170544
E00178745,310,41,16,25,269,12,257,13.225806451612904,5.161290322580645,8.064516129032258,86.7741935483871,3.870967741935484,82.9032258064516
E00178749,358,24,9,15,334,19,315,6.70391061452514,2.5139664804469275,4.189944134078212,93.29608938547486,5.307262569832402,87.98882681564247
E00178750,362,55,20,35,307,9,298,15.193370165745856,5.524861878453039,9.668508287292818,84.80662983425414,2.4861878453038675,82.32044198895028
E00178751,329,36,14,22,293,18,275,10.94224924012158,4.25531914893617,6.68693009118541,89.05775075987842,5.47112462006079,83.58662613981764
E00178752,150,23,9,14,127,0,127,15.333333333333332,6,9.333333333333334,84.66666666666667,0,84.66666666666667
E00178754,168,24,7,17,144,7,137,14.285714285714285,4.166666666666666,10.119047619047619,85.71428571428571,4.166666666666666,81.54761904761905
E00178756,290,50,22,28,240,11,229,17.24137931034483,7.586206896551724,9.655172413793103,82.75862068965517,3.793103448275862,78.96551724137932
E00178757,550,59,18,41,491,28,463,10.727272727272727,3.272727272727273,7.454545454545454,89.27272727272727,5.090909090909091,84.18181818181819
E00178758,237,21,9,12,216,7,209,8.860759493670885,3.79746835443038,5.063291139240507,91.13924050632912,2.9535864978902953,88.18565400843882
E00178760,187,37,19,18,150,2,148,19.786096256684495,10.16042780748663,9.62566844919786,80.21390374331551,1.06951871657754,79.14438502673798
E00178761,184,18,10,8,166,8,158,9.782608695652174,5.434782608695652,4.3478260869565215,90.21739130434783,4.3478260869565215,85.86956521739131
E00178762,279,51,23,28,228,13,215,18.27956989247312,8.24372759856631,10.03584229390681,81.72043010752688,4.659498207885305,77.06093189964157
E00178765,317,49,18,31,268,17,251,15.457413249211358,5.678233438485805,9.779179810725552,84.54258675078864,5.3627760252365935,79.17981072555204
E00178767,443,41,22,19,402,18,384,9.255079006772009,4.966139954853273,4.288939051918736,90.74492099322799,4.063205417607223,86.68171557562077
E00178769,326,36,18,18,290,8,282,11.042944785276074,5.521472392638037,5.521472392638037,88.95705521472392,2.4539877300613497,86.50306748466258
E00178770,226,36,21,15,190,14,176,15.929203539823009,9.29203539823009,6.637168141592921,84.070796460177,6.1946902654867255,77.87610619469027
E00178772,332,52,28,24,280,22,258,15.66265060240964,8.433734939759036,7.228915662650602,84.33734939759037,6.626506024096386,77.71084337349397
E00178773,238,67,41,26,171,14,157,28.15126050420168,17.22689075630252,10.92436974789916,71.84873949579831,5.88235294117647,65.96638655462185
E00178774,301,30,12,18,271,9,262,9.966777408637874,3.9867109634551494,5.980066445182724,90.03322259136213,2.990033222591362,87.04318936877077
E00178775,125,35,17,18,90,7,83,28.000000000000004,13.600000000000001,14.399999999999999,72,5.6000000000000005,66.4
E00178777,318,30,15,15,288,12,276,9.433962264150944,4.716981132075472,4.716981132075472,90.56603773584906,3.7735849056603774,86.79245283018868
E00178780,356,45,18,27,311,14,297,12.640449438202248,5.056179775280898,7.584269662921349,87.35955056179775,3.932584269662921,83.42696629213484
E00178781,205,31,17,14,174,17,157,15.121951219512194,8.292682926829269,6.829268292682928,84.8780487804878,8.292682926829269,76.58536585365854
E00178782,153,18,8,10,135,7,128,11.76470588235294,5.228758169934641,6.535947712418301,88.23529411764706,4.57516339869281,83.66013071895425
E00178783,339,25,12,13,314,16,298,7.374631268436578,3.5398230088495577,3.8348082595870205,92.62536873156341,4.71976401179941,87.90560471976401
E00178784,109,6,1,5,103,2,101,5.5045871559633035,0.9174311926605505,4.587155963302752,94.4954128440367,1.834862385321101,92.66055045871559
E00178785,233,8,5,3,225,8,217,3.4334763948497855,2.1459227467811157,1.2875536480686696,96.56652360515021,3.4334763948497855,93.13304721030042
E00178786,109,8,2,6,101,4,97,7.339449541284404,1.834862385321101,5.5045871559633035,92.66055045871559,3.669724770642202,88.9908256880734
E00178787,230,16,9,7,214,9,205,6.956521739130435,3.91304347826087,3.0434782608695654,93.04347826086956,3.91304347826087,89.13043478260869
E00178788,252,33,11,22,219,22,197,13.095238095238097,4.365079365079365,8.73015873015873,86.90476190476191,8.73015873015873,78.17460317460318
E00178790,367,38,13,25,329,15,314,10.354223433242508,3.5422343324250685,6.811989100817439,89.64577656675749,4.087193460490464,85.55858310626702
E00178791,399,10,1,9,389,20,369,2.506265664160401,0.2506265664160401,2.2556390977443606,97.4937343358396,5.012531328320802,92.4812030075188
E00178792,164,29,23,6,135,0,135,17.682926829268293,14.02439024390244,3.6585365853658534,82.3170731707317,0,82.3170731707317
E00178795,260,44,22,22,216,8,208,16.923076923076923,8.461538461538462,8.461538461538462,83.07692307692308,3.076923076923077,80
E00178796,341,36,19,17,305,15,290,10.557184750733137,5.571847507331378,4.9853372434017595,89.44281524926686,4.398826979472141,85.04398826979472
E00178797,343,34,15,19,309,12,297,9.912536443148689,4.373177842565598,5.539358600583091,90.0874635568513,3.498542274052478,86.58892128279884
E00178798,218,26,9,17,192,7,185,11.926605504587156,4.128440366972478,7.79816513761468,88.07339449541286,3.211009174311927,84.86238532110092
E00178799,297,38,18,20,259,12,247,12.794612794612794,6.0606060606060606,6.7340067340067336,87.20538720538721,4.040404040404041,83.16498316498317
E00178800,143,26,12,14,117,6,111,18.181818181818183,8.391608391608392,9.79020979020979,81.81818181818183,4.195804195804196,77.62237762237763
E00178803,256,43,18,25,213,9,204,16.796875,7.03125,9.765625,83.203125,3.515625,79.6875
E00178804,255,31,15,16,224,6,218,12.156862745098039,5.88235294117647,6.2745098039215685,87.84313725490196,2.3529411764705883,85.49019607843137
E00178806,177,23,13,10,154,7,147,12.994350282485875,7.344632768361582,5.649717514124294,87.00564971751412,3.954802259887006,83.05084745762711
E00178808,132,9,2,7,123,6,117,6.8181818181818175,1.5151515151515151,5.303030303030303,93.18181818181817,4.545454545454546,88.63636363636364
E00178809,344,32,15,17,312,18,294,9.30232558139535,4.3604651162790695,4.941860465116279,90.69767441860465,5.232558139534884,85.46511627906976
E00178810,159,15,6,9,144,9,135,9.433962264150944,3.7735849056603774,5.660377358490567,90.56603773584906,5.660377358490567,84.90566037735849
E00178811,171,18,5,13,153,27,126,10.526315789473683,2.923976608187134,7.602339181286549,89.47368421052632,15.789473684210526,73.68421052631578
E00178812,477,55,24,31,422,24,398,11.530398322851152,5.031446540880504,6.498951781970649,88.46960167714884,5.031446540880504,83.43815513626835
E00178814,354,28,11,17,326,20,306,7.909604519774012,3.1073446327683616,4.80225988700565,92.09039548022598,5.649717514124294,86.4406779661017
E00178815,400,56,5,51,344,15,329,14.000000000000002,1.25,12.75,86,3.75,82.25
E00178816,273,9,5,4,264,14,250,3.296703296703297,1.8315018315018317,1.465201465201465,96.7032967032967,5.128205128205128,91.57509157509158
E00178817,363,41,13,28,322,16,306,11.294765840220386,3.581267217630854,7.7134986225895315,88.70523415977961,4.40771349862259,84.29752066115702
E00178820,420,52,29,23,368,17,351,12.380952380952381,6.904761904761905,5.476190476190476,87.61904761904762,4.0476190476190474,83.57142857142857
E00178821,548,60,31,29,488,10,478,10.948905109489052,5.656934306569343,5.291970802919708,89.05109489051095,1.824817518248175,87.22627737226277
E00178822,398,67,33,34,331,24,307,16.834170854271356,8.291457286432161,8.542713567839195,83.16582914572864,6.030150753768844,77.1356783919598
E00178823,192,7,1,6,185,8,177,3.6458333333333335,0.5208333333333333,3.125,96.35416666666666,4.166666666666666,92.1875
E00178824,225,31,7,24,194,15,179,13.777777777777779,3.111111111111111,10.666666666666668,86.22222222222223,6.666666666666667,79.55555555555556
E00178825,405,41,19,22,364,14,350,10.123456790123457,4.691358024691358,5.432098765432099,89.87654320987654,3.45679012345679,86.41975308641975
E00178826,487,66,38,28,421,28,393,13.552361396303903,7.802874743326489,5.749486652977413,86.44763860369609,5.749486652977413,80.69815195071868
E00178827,140,16,7,9,124,3,121,11.428571428571429,5,6.428571428571428,88.57142857142857,2.142857142857143,86.42857142857143
E00178828,437,57,28,29,380,14,366,13.043478260869565,6.407322654462242,6.636155606407322,86.95652173913044,3.203661327231121,83.7528604118993
E00178829,190,6,1,5,184,1,183,3.1578947368421053,0.5263157894736842,2.631578947368421,96.84210526315789,0.5263157894736842,96.3157894736842
E00178830,439,87,55,32,352,11,341,19.81776765375854,12.52847380410023,7.289293849658314,80.18223234624145,2.5056947608200453,77.67653758542141
E00178832,238,36,20,16,202,9,193,15.126050420168067,8.403361344537815,6.722689075630252,84.87394957983193,3.7815126050420167,81.09243697478992
E00178833,294,17,4,13,277,9,268,5.782312925170068,1.3605442176870748,4.421768707482993,94.21768707482994,3.061224489795918,91.15646258503402
E00178834,265,30,6,24,235,15,220,11.320754716981133,2.2641509433962264,9.056603773584905,88.67924528301887,5.660377358490567,83.01886792452831
E00178835,483,50,18,32,433,25,408,10.351966873706004,3.7267080745341614,6.625258799171843,89.648033126294,5.175983436853002,84.472049689441
E00178836,323,21,6,15,302,14,288,6.5015479876160995,1.8575851393188854,4.643962848297214,93.49845201238391,4.3343653250774,89.1640866873065
E00178837,439,28,12,16,411,24,387,6.378132118451026,2.733485193621868,3.644646924829157,93.62186788154897,5.466970387243736,88.15489749430525
E00178838,210,17,9,8,193,5,188,8.095238095238095,4.285714285714286,3.8095238095238098,91.9047619047619,2.380952380952381,89.52380952380953
E00178839,283,30,6,24,253,12,241,10.60070671378092,2.1201413427561837,8.480565371024735,89.39929328621908,4.240282685512367,85.15901060070671
E00178840,239,15,6,9,224,11,213,6.2761506276150625,2.510460251046025,3.765690376569038,93.72384937238493,4.602510460251046,89.1213389121339
E00178841,565,68,35,33,497,6,491,12.035398230088495,6.1946902654867255,5.84070796460177,87.9646017699115,1.0619469026548671,86.90265486725663
E00178842,163,6,1,5,157,9,148,3.6809815950920246,0.6134969325153374,3.067484662576687,96.31901840490798,5.521472392638037,90.79754601226993
E00178843,584,82,40,42,502,27,475,14.04109589041096,6.8493150684931505,7.191780821917808,85.95890410958904,4.623287671232877,81.33561643835617
E00178844,279,34,13,21,245,19,226,12.186379928315413,4.659498207885305,7.526881720430108,87.81362007168458,6.810035842293908,81.00358422939068
E00178845,307,39,15,24,268,6,262,12.703583061889251,4.88599348534202,7.81758957654723,87.29641693811075,1.9543973941368076,85.34201954397395
E00178846,318,59,31,28,259,7,252,18.553459119496853,9.748427672955975,8.80503144654088,81.44654088050315,2.20125786163522,79.24528301886792
E00178847,439,40,22,18,399,16,383,9.111617312072893,5.0113895216400905,4.100227790432802,90.8883826879271,3.644646924829157,87.24373576309794
E00178849,188,21,12,9,167,9,158,11.170212765957446,6.382978723404255,4.787234042553192,88.82978723404256,4.787234042553192,84.04255319148936
E00178852,278,28,11,17,250,14,236,10.071942446043165,3.9568345323741005,6.115107913669065,89.92805755395683,5.0359712230215825,84.89208633093526
E00178853,378,61,20,41,317,24,293,16.137566137566136,5.291005291005291,10.846560846560847,83.86243386243386,6.349206349206349,77.5132275132275
E00178854,368,48,24,24,320,18,302,13.043478260869565,6.521739130434782,6.521739130434782,86.95652173913044,4.891304347826087,82.06521739130434
E00178856,425,32,14,18,393,17,376,7.529411764705881,3.294117647058824,4.235294117647059,92.47058823529412,4,88.47058823529412
E00178857,475,20,7,13,455,17,438,4.2105263157894735,1.4736842105263157,2.736842105263158,95.78947368421052,3.578947368421052,92.21052631578948
E00178859,205,12,3,9,193,13,180,5.853658536585367,1.4634146341463417,4.390243902439024,94.14634146341463,6.341463414634147,87.8048780487805
E00178860,355,33,11,22,322,11,311,9.295774647887324,3.0985915492957745,6.197183098591549,90.70422535211267,3.0985915492957745,87.60563380281691
E00178861,347,70,48,22,277,22,255,20.172910662824208,13.8328530259366,6.340057636887608,79.82708933717579,6.340057636887608,73.48703170028818
E00178863,282,10,3,7,272,16,256,3.546099290780142,1.0638297872340425,2.4822695035460995,96.45390070921985,5.673758865248227,90.78014184397163
E00178864,233,3,1,2,230,7,223,1.2875536480686696,0.4291845493562232,0.8583690987124464,98.71244635193133,3.004291845493562,95.708154506437765
E00178865,297,45,19,26,252,10,242,15.151515151515152,6.397306397306397,8.754208754208754,84.84848484848484,3.3670033670033668,81.48148148148148
E00178866,370,15,2,13,355,10,345,4.054054054054054,0.5405405405405406,3.5135135135135136,95.94594594594594,2.7027027027027026,93.24324324324324
E00178868,408,29,13,16,379,21,358,7.107843137254902,3.1862745098039214,3.9215686274509802,92.8921568627451,5.147058823529411,87.74509803921569
E00178869,223,53,29,24,170,6,164,23.766816143497756,13.004484304932735,10.762331838565023,76.23318385650224,2.690582959641256,73.54260089686099
E00178870,408,47,19,28,361,25,336,11.519607843137255,4.6568627450980395,6.862745098039216,88.48039215686273,6.127450980392156,82.35294117647058
E00178871,328,28,16,12,300,9,291,8.536585365853659,4.878048780487805,3.6585365853658534,91.46341463414635,2.7439024390243905,88.71951219512195
E00178873,361,56,27,29,305,18,287,15.512465373961218,7.479224376731302,8.033240997229916,84.48753462603878,4.986149584487535,79.50138504155125
E00178875,143,14,4,10,129,16,113,9.79020979020979,2.797202797202797,6.993006993006993,90.20979020979021,11.188811188811188,79.02097902097903
E00178876,318,45,26,19,273,13,260,14.150943396226415,8.176100628930817,5.9748427672955975,85.84905660377359,4.088050314465408,81.76100628930818
E00178878,425,54,18,36,371,14,357,12.705882352941176,4.235294117647059,8.470588235294118,87.29411764705883,3.294117647058824,84
E00178881,515,23,10,13,492,24,468,4.466019417475728,1.9417475728155338,2.524271844660194,95.53398058252426,4.660194174757281,90.87378640776699
E00178882,480,59,31,28,421,20,401,12.291666666666666,6.458333333333334,5.833333333333333,87.70833333333333,4.166666666666666,83.54166666666667
E00178883,503,65,22,43,438,10,428,12.922465208747516,4.3737574552683895,8.548707753479125,87.07753479125249,1.9880715705765408,85.08946322067594
E00178884,487,31,8,23,456,15,441,6.365503080082135,1.642710472279261,4.722792607802875,93.63449691991786,3.0800821355236137,90.55441478439425
E00178885,260,20,13,7,240,9,231,7.6923076923076925,5,2.6923076923076925,92.3076923076923,3.4615384615384617,88.84615384615384
E00178886,358,15,4,11,343,13,330,4.189944134078212,1.1173184357541899,3.072625698324022,95.81005586592178,3.6312849162011176,92.17877094972067
E00178887,161,15,7,8,146,16,130,9.316770186335404,4.3478260869565215,4.968944099378882,90.6832298136646,9.937888198757763,80.74534161490683
E00178888,363,31,12,19,332,11,321,8.539944903581267,3.3057851239669422,5.234159779614325,91.46005509641874,3.0303030303030303,88.42975206611571
E00178889,125,14,8,6,111,8,103,11.200000000000001,6.4,4.8,88.8,6.4,82.39999999999999
E00178890,202,20,7,13,182,9,173,9.900990099009901,3.4653465346534658,6.435643564356436,90.0990099009901,4.455445544554455,85.64356435643565
E00178891,194,31,16,15,163,7,156,15.979381443298967,8.24742268041237,7.731958762886598,84.02061855670104,3.608247422680412,80.41237113402062
E00178892,101,8,4,4,93,0,93,7.920792079207921,3.9603960396039604,3.9603960396039604,92.07920792079209,0,92.07920792079209
E00178893,168,20,9,11,148,6,142,11.904761904761903,5.357142857142857,6.547619047619048,88.09523809523809,3.571428571428571,84.52380952380952
E00178894,414,43,16,27,371,22,349,10.38647342995169,3.864734299516908,6.521739130434782,89.61352657004831,5.314009661835748,84.29951690821255
E00178895,106,27,19,8,79,6,73,25.471698113207548,17.92452830188679,7.547169811320755,74.52830188679245,5.660377358490567,68.86792452830188
E00178896,433,44,13,31,389,22,367,10.161662817551962,3.0023094688221708,7.159353348729793,89.83833718244803,5.080831408775981,84.75750577367207
E00178897,261,21,10,11,240,5,235,8.045977011494253,3.8314176245210727,4.21455938697318,91.95402298850574,1.9157088122605364,90.03831417624522
