OA,ts0380001,ts0380002,ts0380003,ts0380004,ts0380005,ts0380006,ts0380007,ts0380002_PCT,ts0380003_PCT,ts0380004_PCT,ts0380005_PCT,ts0380006_PCT,ts0380007_PCT
E00027655,380,94,62,32,286,22,264,24.736842105263158,16.315789473684212,8.421052631578947,75.26315789473685,5.7894736842105265,69.47368421052632
E00027656,280,74,41,33,206,14,192,26.42857142857143,14.642857142857144,11.785714285714285,73.57142857142858,5,68.57142857142857
E00027657,407,51,17,34,356,33,323,12.530712530712531,4.176904176904177,8.353808353808354,87.46928746928747,8.108108108108109,79.36117936117935
E00027658,339,30,8,22,309,35,274,8.849557522123893,2.359882005899705,6.489675516224189,91.1504424778761,10.32448377581121,80.8259587020649
E00027659,196,53,30,23,143,14,129,27.040816326530614,15.306122448979592,11.73469387755102,72.95918367346938,7.142857142857142,65.81632653061224
E00027661,208,61,32,29,147,12,135,29.326923076923077,15.384615384615385,13.942307692307693,70.67307692307693,5.769230769230769,64.90384615384616
E00027662,366,78,32,46,288,17,271,21.311475409836063,8.743169398907105,12.568306010928962,78.68852459016394,4.644808743169399,74.04371584699454
E00027663,256,66,38,28,190,11,179,25.78125,14.84375,10.9375,74.21875,4.296875,69.921875
E00027664,388,64,24,40,324,15,309,16.49484536082474,6.185567010309279,10.309278350515463,83.50515463917526,3.865979381443299,79.63917525773195
E00027665,398,82,36,46,316,18,298,20.603015075376884,9.045226130653267,11.557788944723619,79.39698492462311,4.522613065326634,74.87437185929649
E00027666,231,81,48,33,150,10,140,35.064935064935064,20.77922077922078,14.285714285714285,64.93506493506493,4.329004329004329,60.60606060606061
E00027667,248,59,21,38,189,15,174,23.790322580645164,8.46774193548387,15.32258064516129,76.20967741935483,6.048387096774194,70.16129032258065
E00027668,346,50,28,22,296,9,287,14.450867052023122,8.092485549132949,6.358381502890173,85.54913294797689,2.601156069364162,82.94797687861272
E00027669,231,40,17,23,191,13,178,17.316017316017316,7.35930735930736,9.956709956709958,82.68398268398268,5.627705627705628,77.05627705627705
E00027670,515,75,30,45,440,20,420,14.563106796116504,5.825242718446602,8.737864077669903,85.43689320388349,3.8834951456310676,81.55339805825243
E00027671,474,87,54,33,387,21,366,18.354430379746837,11.39240506329114,6.962025316455696,81.64556962025317,4.430379746835443,77.21518987341773
E00027672,246,35,14,21,211,22,189,14.227642276422763,5.691056910569105,8.536585365853659,85.77235772357723,8.94308943089431,76.82926829268293
E00027673,253,28,11,17,225,17,208,11.067193675889328,4.3478260869565215,6.719367588932807,88.93280632411067,6.719367588932807,82.21343873517787
E00027674,355,62,21,41,293,15,278,17.464788732394364,5.915492957746479,11.549295774647888,82.53521126760563,4.225352112676056,78.30985915492957
E00027675,399,61,25,36,338,21,317,15.288220551378446,6.265664160401002,9.022556390977442,84.71177944862156,5.263157894736842,79.4486215538847
E00027676,342,53,24,29,289,17,272,15.497076023391813,7.017543859649122,8.47953216374269,84.50292397660819,4.970760233918129,79.53216374269006
E00027677,402,66,33,33,336,22,314,16.417910447761194,8.208955223880597,8.208955223880597,83.5820895522388,5.472636815920398,78.1094527363184
E00027678,420,70,30,40,350,25,325,16.666666666666664,7.142857142857142,9.523809523809524,83.33333333333334,5.952380952380952,77.38095238095238
E00027679,455,87,46,41,368,21,347,19.12087912087912,10.10989010989011,9.010989010989011,80.87912087912088,4.615384615384616,76.26373626373626
E00027680,327,65,21,44,262,18,244,19.877675840978593,6.422018348623854,13.455657492354739,80.1223241590214,5.5045871559633035,74.61773700305811
E00027681,446,74,35,39,372,19,353,16.591928251121075,7.847533632286996,8.74439461883408,83.40807174887892,4.260089686098654,79.14798206278026
E00027682,192,38,15,23,154,6,148,19.791666666666664,7.8125,11.979166666666668,80.20833333333334,3.125,77.08333333333334
E00027683,229,56,24,32,173,13,160,24.45414847161572,10.480349344978166,13.973799126637553,75.54585152838428,5.676855895196507,69.86899563318777
E00027684,428,96,54,42,332,20,312,22.429906542056074,12.616822429906541,9.813084112149532,77.57009345794393,4.672897196261682,72.89719626168224
E00027685,449,109,61,48,340,19,321,24.276169265033406,13.585746102449889,10.690423162583519,75.7238307349666,4.231625835189309,71.49220489977728
E00027686,302,58,26,32,244,17,227,19.205298013245034,8.609271523178808,10.596026490066226,80.79470198675497,5.629139072847682,75.16556291390728
E00027687,414,103,59,44,311,17,294,24.879227053140095,14.251207729468598,10.628019323671497,75.1207729468599,4.1062801932367154,71.01449275362319
E00027688,280,92,41,51,188,13,175,32.857142857142854,14.642857142857144,18.21428571428571,67.14285714285714,4.642857142857143,62.5
E00027689,269,46,22,24,223,15,208,17.100371747211895,8.178438661710038,8.921933085501859,82.8996282527881,5.5762081784386615,77.32342007434944
E00027690,342,33,19,14,309,9,300,9.649122807017543,5.555555555555555,4.093567251461988,90.35087719298247,2.631578947368421,87.71929824561403
E00027691,480,69,34,35,411,23,388,14.374999999999998,7.083333333333333,7.291666666666667,85.625,4.791666666666667,80.83333333333333
E00027693,390,73,32,41,317,12,305,18.71794871794872,8.205128205128204,10.512820512820513,81.28205128205128,3.076923076923077,78.2051282051282
E00027694,406,64,32,32,342,24,318,15.763546798029557,7.8817733990147785,7.8817733990147785,84.23645320197043,5.911330049261084,78.32512315270937
E00027695,461,73,43,30,388,4,384,15.835140997830802,9.327548806941431,6.507592190889371,84.1648590021692,0.8676789587852495,83.29718004338395
E00027696,310,95,70,25,215,11,204,30.64516129032258,22.58064516129032,8.064516129032258,69.35483870967742,3.5483870967741935,65.80645161290323
E00027697,338,71,43,28,267,27,240,21.005917159763314,12.721893491124261,8.284023668639055,78.99408284023669,7.988165680473373,71.00591715976331
E00027698,491,84,50,34,407,20,387,17.10794297352342,10.183299389002038,6.924643584521386,82.89205702647658,4.0733197556008145,78.81873727087576
E00027699,505,89,58,31,416,10,406,17.62376237623762,11.485148514851486,6.138613861386139,82.37623762376238,1.9801980198019802,80.3960396039604
E00027700,435,79,48,31,356,9,347,18.160919540229887,11.03448275862069,7.126436781609195,81.83908045977012,2.0689655172413794,79.77011494252874
E00027701,490,72,40,32,418,8,410,14.69387755102041,8.16326530612245,6.530612244897959,85.3061224489796,1.6326530612244898,83.6734693877551
E00027702,350,71,25,46,279,16,263,20.285714285714285,7.142857142857142,13.142857142857142,79.71428571428572,4.571428571428571,75.14285714285714
E00027703,490,78,43,35,412,21,391,15.918367346938775,8.775510204081632,7.142857142857142,84.08163265306122,4.285714285714286,79.79591836734694
E00027704,378,71,38,33,307,16,291,18.78306878306878,10.052910052910052,8.73015873015873,81.21693121693121,4.232804232804233,76.98412698412699
E00027705,441,70,30,40,371,19,352,15.873015873015872,6.802721088435375,9.070294784580499,84.12698412698413,4.308390022675737,79.81859410430839
E00027706,284,75,31,44,209,13,196,26.408450704225352,10.915492957746478,15.492957746478872,73.59154929577466,4.577464788732395,69.01408450704226
E00027707,314,48,29,19,266,17,249,15.286624203821656,9.235668789808917,6.050955414012739,84.71337579617835,5.414012738853503,79.29936305732484
E00027708,454,85,37,48,369,11,358,18.722466960352424,8.149779735682818,10.572687224669604,81.27753303964758,2.4229074889867843,78.8546255506608
E00027709,441,69,34,35,372,11,361,15.646258503401361,7.709750566893423,7.936507936507936,84.35374149659864,2.494331065759637,81.85941043083899
E00027710,431,61,38,23,370,20,350,14.153132250580047,8.816705336426914,5.336426914153132,85.84686774941996,4.640371229698376,81.20649651972158
E00027711,264,64,39,25,200,7,193,24.242424242424242,14.772727272727273,9.469696969696969,75.75757575757575,2.6515151515151514,73.10606060606061
E00027712,399,82,43,39,317,19,298,20.551378446115287,10.776942355889723,9.774436090225564,79.4486215538847,4.761904761904762,74.68671679197995
E00027713,287,64,28,36,223,18,205,22.299651567944252,9.75609756097561,12.543554006968641,77.70034843205575,6.2717770034843205,71.42857142857143
E00027714,390,88,43,45,302,19,283,22.564102564102566,11.025641025641026,11.538461538461538,77.435897435897445,4.871794871794872,72.564102564102555
E00027715,441,58,32,26,383,14,369,13.151927437641723,7.2562358276643995,5.895691609977324,86.84807256235828,3.1746031746031744,83.6734693877551
E00027716,250,48,19,29,202,10,192,19.2,7.6,11.600000000000001,80.80000000000001,4,76.8
E00027717,286,50,22,28,236,20,216,17.482517482517483,7.6923076923076925,9.79020979020979,82.51748251748252,6.993006993006993,75.52447552447552
E00027718,360,67,35,32,293,21,272,18.61111111111111,9.722222222222223,8.88888888888889,81.38888888888889,5.833333333333333,75.55555555555556
E00027719,304,72,26,46,232,25,207,23.684210526315788,8.552631578947368,15.131578947368421,76.31578947368422,8.223684210526317,68.0921052631579
E00027720,330,59,21,38,271,22,249,17.87878787878788,6.363636363636363,11.515151515151516,82.12121212121211,6.666666666666667,75.45454545454545
E00027721,347,66,41,25,281,27,254,19.020172910662826,11.815561959654179,7.204610951008646,80.97982708933718,7.780979827089338,73.19884726224784
E00027722,590,122,48,74,468,36,432,20.677966101694913,8.135593220338983,12.54237288135593,79.3220338983051,6.101694915254238,73.22033898305085
E00027723,294,62,22,40,232,21,211,21.08843537414966,7.482993197278912,13.60544217687075,78.91156462585033,7.142857142857142,71.7687074829932
E00027724,356,58,19,39,298,39,259,16.292134831460675,5.337078651685393,10.955056179775282,83.70786516853933,10.955056179775282,72.75280898876404
E00027725,270,58,24,34,212,13,199,21.48148148148148,8.88888888888889,12.592592592592592,78.51851851851852,4.814814814814815,73.70370370370371
E00027726,300,41,24,17,259,13,246,13.666666666666666,8,5.666666666666666,86.33333333333333,4.333333333333334,82
E00027727,276,56,31,25,220,15,205,20.28985507246377,11.231884057971014,9.057971014492754,79.71014492753623,5.434782608695652,74.27536231884058
E00027728,209,53,27,26,156,8,148,25.358851674641148,12.918660287081341,12.440191387559809,74.64114832535886,3.827751196172249,70.81339712918661
E00027729,310,75,34,41,235,23,212,24.193548387096776,10.967741935483872,13.225806451612904,75.80645161290323,7.419354838709677,68.38709677419355
E00027730,261,51,21,30,210,20,190,19.54022988505747,8.045977011494253,11.494252873563218,80.45977011494253,7.662835249042145,72.79693486590038
E00027731,264,60,26,34,204,19,185,22.727272727272727,9.848484848484848,12.878787878787879,77.27272727272727,7.196969696969697,70.07575757575758
E00027732,325,69,36,33,256,11,245,21.23076923076923,11.076923076923077,10.153846153846153,78.76923076923077,3.3846153846153846,75.38461538461539
E00027733,237,68,36,32,169,10,159,28.691983122362867,15.18987341772152,13.502109704641349,71.30801687763713,4.219409282700422,67.08860759493672
E00027734,437,168,108,60,269,17,252,38.443935926773456,24.71395881006865,13.729977116704806,61.556064073226544,3.8901601830663615,57.66590389016019
E00027735,268,69,32,37,199,21,178,25.74626865671642,11.940298507462686,13.805970149253731,74.25373134328358,7.835820895522389,66.4179104477612
E00027736,303,66,31,35,237,18,219,21.782178217821784,10.231023102310232,11.55115511551155,78.21782178217822,5.9405940594059405,72.27722772277228
E00027738,212,62,31,31,150,17,133,29.245283018867923,14.622641509433961,14.622641509433961,70.75471698113208,8.018867924528301,62.735849056603776
E00027739,261,55,23,32,206,8,198,21.0727969348659,8.812260536398467,12.260536398467432,78.9272030651341,3.065134099616858,75.86206896551724
E00027740,239,75,46,29,164,17,147,31.380753138075313,19.246861924686193,12.133891213389122,68.6192468619247,7.112970711297072,61.50627615062761
E00027741,449,76,28,48,373,22,351,16.926503340757236,6.23608017817372,10.690423162583519,83.07349665924276,4.8997772828507795,78.17371937639199
E00027742,288,46,18,28,242,20,222,15.972222222222221,6.25,9.722222222222223,84.02777777777779,6.944444444444445,77.08333333333334
E00027743,287,69,25,44,218,23,195,24.041811846689896,8.710801393728223,15.33101045296167,75.9581881533101,8.013937282229964,67.94425087108013
E00027744,365,71,29,42,294,22,272,19.45205479452055,7.9452054794520555,11.506849315068493,80.54794520547945,6.027397260273973,74.52054794520548
E00027745,296,60,27,33,236,19,217,20.27027027027027,9.121621621621621,11.14864864864865,79.72972972972973,6.418918918918918,73.3108108108108
E00027746,448,70,31,39,378,12,366,15.625,6.919642857142858,8.705357142857142,84.375,2.6785714285714284,81.69642857142857
E00027747,432,83,44,39,349,12,337,19.212962962962962,10.185185185185185,9.027777777777777,80.78703703703704,2.7777777777777777,78.00925925925925
E00027748,289,68,31,37,221,19,202,23.52941176470588,10.726643598615917,12.802768166089965,76.47058823529412,6.5743944636678195,69.8961937716263
E00027749,508,89,54,35,419,11,408,17.519685039370078,10.62992125984252,6.889763779527559,82.48031496062993,2.1653543307086616,80.31496062992126
E00027750,308,56,27,29,252,8,244,18.181818181818183,8.766233766233766,9.415584415584416,81.81818181818183,2.5974025974025974,79.22077922077922
E00027751,355,52,28,24,303,13,290,14.647887323943662,7.887323943661972,6.760563380281689,85.35211267605634,3.6619718309859155,81.69014084507043
E00027752,528,71,39,32,457,16,441,13.446969696969695,7.386363636363637,6.0606060606060606,86.5530303030303,3.0303030303030303,83.52272727272727
E00027753,533,109,54,55,424,17,407,20.45028142589118,10.131332082551594,10.318949343339586,79.54971857410882,3.189493433395872,76.36022514071294
E00027754,470,64,30,34,406,10,396,13.617021276595745,6.382978723404255,7.234042553191489,86.38297872340426,2.127659574468085,84.25531914893617
E00027755,490,127,64,63,363,34,329,25.918367346938776,13.061224489795919,12.857142857142856,74.08163265306122,6.938775510204081,67.14285714285714
E00027756,322,34,19,15,288,10,278,10.559006211180124,5.900621118012422,4.658385093167702,89.44099378881988,3.1055900621118013,86.33540372670807
E00027757,507,80,46,34,427,17,410,15.779092702169626,9.072978303747535,6.70611439842209,84.22090729783037,3.353057199211045,80.86785009861933
E00027758,475,91,48,43,384,15,369,19.157894736842103,10.105263157894736,9.05263157894737,80.84210526315789,3.1578947368421053,77.6842105263158
E00027759,472,79,38,41,393,12,381,16.73728813559322,8.050847457627118,8.686440677966102,83.26271186440678,2.5423728813559325,80.72033898305084
E00027760,609,175,124,51,434,16,418,28.735632183908045,20.361247947454846,8.374384236453201,71.26436781609196,2.6272577996715927,68.63711001642037
E00027761,147,30,12,18,117,8,109,20.408163265306122,8.16326530612245,12.244897959183673,79.59183673469387,5.442176870748299,74.14965986394559
E00027762,339,59,23,36,280,11,269,17.404129793510325,6.784660766961652,10.619469026548673,82.59587020648968,3.2448377581120944,79.35103244837758
E00027763,352,36,16,20,316,6,310,10.227272727272728,4.545454545454546,5.681818181818182,89.77272727272727,1.7045454545454544,88.06818181818183
E00027764,407,54,27,27,353,11,342,13.267813267813267,6.6339066339066335,6.6339066339066335,86.73218673218673,2.7027027027027026,84.02948402948402
E00027765,514,93,46,47,421,26,395,18.093385214007782,8.949416342412452,9.14396887159533,81.90661478599222,5.058365758754864,76.84824902723736
E00027766,344,43,24,19,301,12,289,12.5,6.976744186046512,5.523255813953488,87.5,3.488372093023256,84.01162790697676
E00027767,225,36,19,17,189,4,185,16,8.444444444444445,7.555555555555555,84,1.7777777777777777,82.22222222222221
E00027768,287,78,57,21,209,6,203,27.177700348432055,19.860627177700348,7.317073170731707,72.82229965156795,2.0905923344947737,70.73170731707317
E00027769,339,54,25,29,285,5,280,15.929203539823009,7.374631268436578,8.55457227138643,84.070796460177,1.4749262536873156,82.59587020648968
E00027770,240,72,42,30,168,16,152,30,17.5,12.5,70,6.666666666666667,63.33333333333333
E00027771,227,58,27,31,169,15,154,25.55066079295154,11.894273127753303,13.656387665198238,74.44933920704845,6.607929515418502,67.84140969162996
E00027772,123,48,28,20,75,4,71,39.02439024390244,22.76422764227642,16.260162601626014,60.97560975609756,3.2520325203252036,57.72357723577236
E00027773,143,64,45,19,79,8,71,44.75524475524475,31.46853146853147,13.286713286713287,55.24475524475524,5.594405594405594,49.65034965034965
E00027776,157,41,26,15,116,9,107,26.11464968152866,16.560509554140125,9.554140127388536,73.88535031847134,5.7324840764331215,68.15286624203821
E00027777,325,70,43,27,255,11,244,21.53846153846154,13.230769230769232,8.307692307692308,78.46153846153847,3.3846153846153846,75.07692307692308
E00027778,216,61,29,32,155,15,140,28.240740740740737,13.425925925925927,14.814814814814813,71.75925925925925,6.944444444444445,64.81481481481481
E00027779,231,44,14,30,187,24,163,19.047619047619047,6.0606060606060606,12.987012987012985,80.95238095238095,10.38961038961039,70.56277056277057
E00027780,390,64,26,38,326,26,300,16.41025641025641,6.666666666666667,9.7435897435897445,83.58974358974359,6.666666666666667,76.92307692307693
E00027781,500,69,26,43,431,38,393,13.8,5.2,8.6,86.2,7.6,78.60000000000001
E00027782,432,64,25,39,368,29,339,14.814814814814813,5.787037037037037,9.027777777777777,85.18518518518519,6.712962962962964,78.47222222222221
E00027783,319,73,37,36,246,17,229,22.884012539184955,11.598746081504702,11.285266457680251,77.11598746081505,5.329153605015674,71.78683385579937
E00027784,552,83,39,44,469,34,435,15.03623188405797,7.065217391304348,7.971014492753622,84.96376811594203,6.159420289855073,78.80434782608695
E00027785,287,51,30,21,236,15,221,17.770034843205575,10.452961672473867,7.317073170731707,82.22996515679442,5.2264808362369335,77.00348432055749
E00027786,197,32,11,21,165,14,151,16.243654822335024,5.583756345177665,10.65989847715736,83.75634517766497,7.1065989847715745,76.6497461928934
E00027787,309,67,23,44,242,22,220,21.68284789644013,7.443365695792881,14.239482200647249,78.31715210355988,7.119741100323624,71.19741100323624
E00027788,314,51,22,29,263,22,241,16.24203821656051,7.006369426751593,9.235668789808917,83.7579617834395,7.006369426751593,76.75159235668791
E00027790,241,29,7,22,212,23,189,12.033195020746888,2.904564315352697,9.12863070539419,87.96680497925311,9.54356846473029,78.42323651452283
E00027791,303,59,24,35,244,24,220,19.471947194719473,7.920792079207921,11.55115511551155,80.52805280528052,7.920792079207921,72.60726072607261
E00027792,277,38,12,26,239,19,220,13.718411552346572,4.332129963898916,9.386281588447654,86.28158844765343,6.859205776173286,79.42238267148014
E00027793,271,34,9,25,237,23,214,12.546125461254611,3.3210332103321036,9.22509225092251,87.4538745387454,8.487084870848708,78.96678966789668
E00027794,316,62,24,38,254,22,232,19.62025316455696,7.59493670886076,12.025316455696203,80.37974683544303,6.962025316455696,73.41772151898735
E00027795,294,41,13,28,253,18,235,13.945578231292515,4.421768707482993,9.523809523809524,86.05442176870748,6.122448979591836,79.93197278911565
E00027796,295,53,22,31,242,17,225,17.966101694915253,7.457627118644068,10.508474576271185,82.03389830508473,5.762711864406779,76.27118644067797
E00027797,321,61,23,38,260,33,227,19.003115264797508,7.165109034267912,11.838006230529595,80.99688473520249,10.2803738317757,70.7165109034268
E00027798,378,84,47,37,294,21,273,22.22222222222222,12.433862433862434,9.788359788359788,77.77777777777779,5.555555555555555,72.22222222222221
E00027799,321,44,21,23,277,19,258,13.707165109034266,6.5420560747663545,7.165109034267912,86.29283489096574,5.919003115264798,80.37383177570094
E00027800,301,46,19,27,255,25,230,15.282392026578073,6.312292358803987,8.970099667774086,84.71760797342192,8.305647840531561,76.41196013289037
E00027801,236,37,16,21,199,14,185,15.677966101694915,6.779661016949152,8.898305084745763,84.32203389830508,5.932203389830509,78.38983050847457
E00027802,374,92,52,40,282,18,264,24.598930481283425,13.903743315508022,10.695187165775401,75.40106951871658,4.81283422459893,70.58823529411765
E00027803,468,91,49,42,377,25,352,19.444444444444446,10.47008547008547,8.974358974358974,80.55555555555556,5.3418803418803416,75.21367521367522
E00027804,341,73,39,34,268,23,245,21.407624633431084,11.436950146627565,9.970674486803519,78.59237536656892,6.744868035190615,71.8475073313783
E00027805,366,71,28,43,295,16,279,19.398907103825135,7.650273224043716,11.748633879781421,80.60109289617486,4.371584699453552,76.22950819672131
E00027806,194,25,13,12,169,13,156,12.886597938144329,6.701030927835052,6.185567010309279,87.11340206185567,6.701030927835052,80.41237113402062
E00027807,287,64,41,23,223,9,214,22.299651567944252,14.285714285714285,8.013937282229964,77.70034843205575,3.1358885017421603,74.56445993031359
E00027808,349,45,25,20,304,26,278,12.893982808022923,7.163323782234957,5.730659025787966,87.10601719197709,7.4498567335243555,79.65616045845272
E00027809,244,52,33,19,192,8,184,21.311475409836063,13.524590163934427,7.786885245901639,78.68852459016394,3.278688524590164,75.40983606557377
E00027810,275,94,42,52,181,15,166,34.18181818181818,15.272727272727273,18.90909090909091,65.81818181818181,5.454545454545454,60.36363636363637
E00027811,293,23,5,18,270,17,253,7.849829351535837,1.7064846416382253,6.143344709897611,92.15017064846417,5.802047781569966,86.3481228668942
E00027812,347,63,28,35,284,19,265,18.155619596541786,8.069164265129682,10.086455331412104,81.84438040345822,5.475504322766571,76.36887608069163
E00027813,374,30,10,20,344,28,316,8.0213903743315509,2.6737967914438503,5.347593582887701,91.97860962566845,7.4866310160427805,84.49197860962568
E00027814,277,49,22,27,228,19,209,17.689530685920577,7.9422382671480145,9.747292418772563,82.31046931407943,6.859205776173286,75.45126353790613
E00027815,391,55,24,31,336,26,310,14.066496163682865,6.138107416879795,7.928388746803069,85.93350383631714,6.649616368286446,79.28388746803068
E00027816,280,59,26,33,221,16,205,21.071428571428573,9.285714285714286,11.785714285714285,78.92857142857143,5.714285714285714,73.21428571428571
E00027817,289,54,18,36,235,14,221,18.685121107266436,6.228373702422145,12.45674740484429,81.31487889273356,4.844290657439446,76.47058823529412
E00027818,348,29,9,20,319,21,298,8.333333333333332,2.586206896551724,5.747126436781609,91.66666666666666,6.0344827586206895,85.63218390804597
E00027819,393,116,61,55,277,17,260,29.51653944020356,15.521628498727736,13.994910941475828,70.48346055979644,4.325699745547073,66.15776081424937
E00027820,332,50,23,27,282,18,264,15.060240963855422,6.927710843373494,8.132530120481928,84.93975903614458,5.421686746987952,79.51807228915662
E00027821,241,67,35,32,174,15,159,27.800829875518673,14.522821576763487,13.278008298755188,72.19917012448133,6.224066390041494,65.97510373443983
E00027822,331,50,21,29,281,30,251,15.105740181268882,6.3444108761329305,8.761329305135952,84.89425981873111,9.06344410876133,75.83081570996978
E00027823,226,42,19,23,184,18,166,18.58407079646018,8.4070796460177,10.176991150442479,81.41592920353983,7.964601769911504,73.45132743362832
E00027824,151,15,3,12,136,10,126,9.933774834437086,1.9867549668874174,7.9470198675496695,90.06622516556291,6.622516556291391,83.44370860927152
E00027825,281,64,20,44,217,13,204,22.77580071174377,7.11743772241993,15.658362989323843,77.22419928825623,4.6263345195729535,72.59786476868328
E00027826,245,44,19,25,201,18,183,17.959183673469386,7.755102040816326,10.204081632653061,82.0408163265306,7.346938775510205,74.6938775510204
E00027827,293,61,29,32,232,13,219,20.819112627986346,9.897610921501707,10.921501706484642,79.18088737201366,4.436860068259386,74.74402730375427
E00027828,307,71,33,38,236,12,224,23.12703583061889,10.749185667752444,12.37785016286645,76.8729641693811,3.908794788273615,72.9641693811075
E00027829,321,58,31,27,263,8,255,18.06853582554517,9.657320872274143,8.411214953271028,81.93146417445483,2.4922118380062304,79.43925233644859
E00027830,288,65,20,45,223,19,204,22.569444444444446,6.944444444444445,15.625,77.43055555555556,6.597222222222222,70.83333333333334
E00027831,304,64,32,32,240,25,215,21.052631578947366,10.526315789473683,10.526315789473683,78.94736842105263,8.223684210526317,70.72368421052632
E00027832,296,53,27,26,243,19,224,17.905405405405407,9.121621621621621,8.783783783783784,82.0945945945946,6.418918918918918,75.67567567567568
E00027833,267,37,23,14,230,25,205,13.857677902621724,8.614232209737828,5.2434456928838955,86.14232209737828,9.363295880149813,76.77902621722846
E00027834,252,84,48,36,168,22,146,33.33333333333333,19.047619047619047,14.285714285714285,66.66666666666666,8.73015873015873,57.936507936507944
E00027835,324,70,37,33,254,14,240,21.604938271604937,11.419753086419753,10.185185185185185,78.39506172839506,4.320987654320987,74.07407407407408
E00027836,214,31,12,19,183,26,157,14.485981308411214,5.607476635514018,8.878504672897195,85.51401869158879,12.149532710280374,73.36448598130842
E00027837,224,53,31,22,171,16,155,23.660714285714285,13.839285714285715,9.821428571428571,76.33928571428571,7.142857142857142,69.19642857142857
E00027838,263,64,29,35,199,18,181,24.334600760456272,11.02661596958175,13.307984790874524,75.66539923954373,6.844106463878327,68.8212927756654
E00027839,297,49,18,31,248,18,230,16.4983164983165,6.0606060606060606,10.437710437710438,83.5016835016835,6.0606060606060606,77.44107744107744
E00027840,318,49,24,25,269,19,250,15.40880503144654,7.547169811320755,7.861635220125786,84.59119496855347,5.9748427672955975,78.61635220125787
E00027841,244,65,31,34,179,16,163,26.639344262295083,12.704918032786885,13.934426229508196,73.36065573770492,6.557377049180328,66.80327868852459
E00027842,329,55,18,37,274,20,254,16.717325227963524,5.47112462006079,11.246200607902736,83.28267477203647,6.079027355623101,77.20364741641338
E00027843,259,63,34,29,196,14,182,24.324324324324326,13.127413127413126,11.196911196911197,75.67567567567568,5.405405405405405,70.27027027027027
E00027844,242,44,19,25,198,17,181,18.181818181818183,7.851239669421488,10.330578512396695,81.81818181818183,7.024793388429752,74.79338842975206
E00027845,275,64,35,29,211,10,201,23.272727272727273,12.727272727272727,10.545454545454545,76.72727272727272,3.6363636363636362,73.0909090909091
E00027846,251,64,35,29,187,19,168,25.49800796812749,13.94422310756972,11.553784860557768,74.5019920318725,7.569721115537849,66.93227091633466
E00027847,264,53,23,30,211,13,198,20.075757575757574,8.712121212121213,11.363636363636363,79.92424242424242,4.924242424242424,75
E00027848,153,64,36,28,89,7,82,41.830065359477125,23.52941176470588,18.30065359477124,58.16993464052288,4.57516339869281,53.59477124183007
E00027849,290,60,21,39,230,26,204,20.689655172413794,7.241379310344828,13.448275862068964,79.3103448275862,8.96551724137931,70.34482758620689
E00027850,355,92,44,48,263,23,240,25.915492957746476,12.394366197183098,13.521126760563378,74.08450704225352,6.478873239436619,67.6056338028169
E00027851,297,61,26,35,236,14,222,20.53872053872054,8.754208754208754,11.784511784511785,79.46127946127946,4.713804713804714,74.74747474747475
E00027852,221,59,36,23,162,15,147,26.69683257918552,16.289592760180994,10.407239819004525,73.303167420814475,6.787330316742081,66.51583710407239
E00027853,275,65,32,33,210,15,195,23.636363636363637,11.636363636363637,12,76.36363636363637,5.454545454545454,70.9090909090909
E00027854,295,67,31,36,228,20,208,22.71186440677966,10.508474576271185,12.203389830508476,77.28813559322035,6.779661016949152,70.50847457627118
E00027855,341,72,35,37,269,24,245,21.114369501466275,10.263929618768328,10.850439882697946,78.88563049853371,7.038123167155426,71.8475073313783
E00027856,277,60,25,35,217,18,199,21.660649819494584,9.025270758122744,12.63537906137184,78.33935018050542,6.4981949458483745,71.84115523465704
E00027857,242,44,20,24,198,17,181,18.181818181818183,8.264462809917356,9.917355371900827,81.81818181818183,7.024793388429752,74.79338842975206
E00027858,458,105,52,53,353,32,321,22.925764192139738,11.353711790393014,11.572052401746726,77.07423580786026,6.986899563318777,70.08733624454149
E00027859,242,57,24,33,185,15,170,23.553719008264462,9.917355371900827,13.636363636363635,76.44628099173553,6.198347107438017,70.24793388429752
E00027861,287,59,28,31,228,16,212,20.557491289198605,9.75609756097561,10.801393728222997,79.44250871080139,5.574912891986063,73.86759581881533
E00027862,308,73,34,39,235,18,217,23.7012987012987,11.03896103896104,12.662337662337661,76.2987012987013,5.844155844155844,70.45454545454545
E00027863,260,80,46,34,180,5,175,30.76923076923077,17.692307692307693,13.076923076923078,69.23076923076923,1.9230769230769231,67.3076923076923
E00027865,284,50,30,20,234,14,220,17.6056338028169,10.56338028169014,7.042253521126761,82.3943661971831,4.929577464788732,77.46478873239437
E00027866,306,60,30,30,246,17,229,19.607843137254903,9.803921568627452,9.803921568627452,80.3921568627451,5.555555555555555,74.83660130718954
E00027867,302,70,29,41,232,23,209,23.178807947019866,9.602649006622517,13.57615894039735,76.82119205298014,7.6158940397351,69.20529801324503
E00027868,282,80,39,41,202,13,189,28.368794326241137,13.829787234042554,14.539007092198581,71.63120567375887,4.609929078014184,67.02127659574468
E00027869,363,56,19,37,307,30,277,15.426997245179063,5.234159779614325,10.192837465564738,84.57300275482093,8.264462809917356,76.30853994490359
E00027870,336,48,16,32,288,32,256,14.285714285714285,4.761904761904762,9.523809523809524,85.71428571428571,9.523809523809524,76.19047619047619
E00027871,322,100,58,42,222,20,202,31.05590062111801,18.012422360248447,13.043478260869565,68.94409937888199,6.211180124223603,62.732919254658384
E00027872,294,54,22,32,240,19,221,18.367346938775512,7.482993197278912,10.884353741496598,81.63265306122449,6.462585034013606,75.17006802721087
E00027873,308,51,24,27,257,25,232,16.558441558441558,7.792207792207792,8.766233766233766,83.44155844155844,8.116883116883116,75.32467532467533
E00027874,311,59,22,37,252,23,229,18.971061093247588,7.07395498392283,11.89710610932476,81.02893890675242,7.395498392282958,73.63344051446946
E00027875,262,44,12,32,218,18,200,16.793893129770993,4.580152671755725,12.213740458015266,83.20610687022901,6.870229007633588,76.33587786259542
E00027876,307,36,14,22,271,27,244,11.726384364820847,4.5602605863192185,7.166123778501629,88.27361563517914,8.794788273615636,79.47882736156352
E00027877,232,41,14,27,191,16,175,17.67241379310345,6.0344827586206895,11.637931034482758,82.32758620689656,6.896551724137931,75.43103448275862
E00027878,314,41,22,19,273,20,253,13.05732484076433,7.006369426751593,6.050955414012739,86.94267515923568,6.369426751592357,80.57324840764332
E00027879,311,50,24,26,261,26,235,16.077170418006432,7.717041800643088,8.360128617363344,83.92282958199357,8.360128617363344,75.56270096463022
E00027880,310,38,17,21,272,21,251,12.258064516129032,5.483870967741936,6.774193548387098,87.74193548387098,6.774193548387098,80.96774193548387
E00027881,307,39,22,17,268,19,249,12.703583061889251,7.166123778501629,5.537459283387622,87.29641693811075,6.188925081433225,81.10749185667753
E00027882,272,45,19,26,227,18,209,16.544117647058822,6.985294117647059,9.558823529411764,83.45588235294117,6.61764705882353,76.83823529411765
E00027884,214,68,31,37,146,6,140,31.775700934579437,14.485981308411214,17.289719626168225,68.22429906542055,2.803738317757009,65.42056074766354
E00027886,178,67,40,27,111,10,101,37.640449438202246,22.47191011235955,15.168539325842698,62.35955056179775,5.617977528089887,56.74157303370787
E00027887,446,78,35,43,368,25,343,17.48878923766816,7.847533632286996,9.641255605381167,82.51121076233184,5.605381165919283,76.90582959641256
E00027888,245,48,23,25,197,20,177,19.591836734693878,9.387755102040817,10.204081632653061,80.40816326530611,8.16326530612245,72.24489795918367
E00027889,228,51,21,30,177,18,159,22.36842105263158,9.210526315789473,13.157894736842104,77.63157894736842,7.894736842105263,69.73684210526315
E00027891,281,59,30,29,222,21,201,20.99644128113879,10.676156583629894,10.320284697508896,79.00355871886121,7.473309608540925,71.53024911032028
E00027892,398,129,68,61,269,17,252,32.41206030150754,17.08542713567839,15.326633165829145,67.58793969849246,4.271356783919598,63.31658291457286
E00027893,276,49,13,36,227,13,214,17.753623188405797,4.710144927536232,13.043478260869565,82.2463768115942,4.710144927536232,77.53623188405797
E00027894,378,141,99,42,237,28,209,37.301587301587304,26.190476190476193,11.11111111111111,62.698412698412696,7.4074074074074066,55.29100529100529
E00027895,245,68,35,33,177,15,162,27.755102040816325,14.285714285714285,13.46938775510204,72.24489795918367,6.122448979591836,66.12244897959184
E00027897,347,54,27,27,293,12,281,15.561959654178676,7.780979827089338,7.780979827089338,84.43804034582134,3.45821325648415,80.97982708933718
E00027898,321,92,47,45,229,14,215,28.66043613707165,14.641744548286603,14.018691588785046,71.33956386292834,4.361370716510903,66.97819314641744
E00027899,294,65,24,41,229,15,214,22.108843537414966,8.16326530612245,13.945578231292515,77.89115646258503,5.1020408163265305,72.78911564625851
E00027900,282,68,39,29,214,16,198,24.113475177304963,13.829787234042554,10.28368794326241,75.88652482269504,5.673758865248227,70.2127659574468
E00027901,380,96,43,53,284,15,269,25.263157894736842,11.31578947368421,13.94736842105263,74.73684210526315,3.9473684210526314,70.78947368421052
E00027902,381,72,35,37,309,18,291,18.89763779527559,9.186351706036746,9.711286089238845,81.10236220472441,4.724409448818897,76.37795275590551
E00027903,431,108,47,61,323,14,309,25.05800464037123,10.904872389791183,14.153132250580047,74.94199535962876,3.248259860788863,71.6937354988399
E00027904,253,45,22,23,208,27,181,17.786561264822133,8.695652173913043,9.090909090909092,82.21343873517787,10.67193675889328,71.54150197628458
E00027905,327,46,22,24,281,25,256,14.067278287461773,6.727828746177369,7.339449541284404,85.93272171253822,7.64525993883792,78.2874617737003
E00027906,253,32,7,25,221,18,203,12.648221343873518,2.766798418972332,9.881422924901186,87.35177865612648,7.114624505928854,80.23715415019763
E00027907,291,46,16,30,245,23,222,15.807560137457044,5.498281786941581,10.309278350515463,84.19243986254295,7.903780068728522,76.28865979381443
E00027908,308,63,33,30,245,13,232,20.454545454545457,10.714285714285714,9.740259740259742,79.54545454545455,4.220779220779221,75.32467532467533
E00027909,260,52,19,33,208,29,179,20,7.307692307692308,12.692307692307692,80,11.153846153846155,68.84615384615384
E00027910,266,47,22,25,219,21,198,17.669172932330827,8.270676691729323,9.398496240601503,82.33082706766918,7.894736842105263,74.43609022556392
E00027911,173,43,23,20,130,15,115,24.85549132947977,13.294797687861271,11.560693641618498,75.14450867052022,8.670520231213873,66.47398843930635
E00027912,215,59,32,27,156,16,140,27.44186046511628,14.883720930232558,12.558139534883722,72.55813953488372,7.441860465116279,65.11627906976744
E00027913,319,64,29,35,255,17,238,20.06269592476489,9.090909090909092,10.9717868338558,79.9373040752351,5.329153605015674,74.60815047021944
E00027914,323,71,33,38,252,19,233,21.981424148606813,10.21671826625387,11.76470588235294,78.0185758513932,5.88235294117647,72.13622291021672
E00027915,307,56,24,32,251,17,234,18.241042345276874,7.81758957654723,10.423452768729643,81.75895765472313,5.537459283387622,76.2214983713355
E00027916,332,57,20,37,275,32,243,17.16867469879518,6.024096385542169,11.144578313253012,82.83132530120481,9.63855421686747,73.19277108433735
E00027917,289,45,14,31,244,23,221,15.570934256055363,4.844290657439446,10.726643598615917,84.42906574394463,7.958477508650519,76.47058823529412
E00027918,312,70,39,31,242,22,220,22.435897435897438,12.5,9.935897435897436,77.56410256410257,7.051282051282051,70.51282051282051
E00027919,395,95,51,44,300,19,281,24.050632911392405,12.91139240506329,11.139240506329113,75.9493670886076,4.810126582278481,71.13924050632912
E00027920,374,59,28,31,315,25,290,15.775401069518717,7.4866310160427805,8.288770053475936,84.22459893048129,6.684491978609626,77.54010695187165
E00027921,400,47,10,37,353,29,324,11.75,2.5,9.25,88.25,7.249999999999999,81
E00027922,252,64,21,43,188,19,169,25.396825396825395,8.333333333333332,17.063492063492063,74.60317460317461,7.5396825396825395,67.06349206349206
E00027923,306,24,9,15,282,21,261,7.8431372549019605,2.941176470588235,4.901960784313726,92.15686274509804,6.862745098039216,85.29411764705883
E00027924,246,42,12,30,204,25,179,17.073170731707318,4.878048780487805,12.195121951219512,82.92682926829268,10.16260162601626,72.76422764227642
E00027925,248,56,23,33,192,28,164,22.58064516129032,9.274193548387096,13.306451612903224,77.41935483870968,11.29032258064516,66.12903225806451
E00027926,332,65,31,34,267,28,239,19.57831325301205,9.33734939759036,10.240963855421686,80.42168674698796,8.433734939759036,71.98795180722891
E00027927,348,45,12,33,303,26,277,12.931034482758621,3.4482758620689653,9.482758620689655,87.06896551724138,7.471264367816093,79.59770114942529
E00027928,328,73,39,34,255,20,235,22.25609756097561,11.890243902439025,10.365853658536585,77.7439024390244,6.097560975609756,71.64634146341463
E00027929,360,66,22,44,294,31,263,18.333333333333332,6.111111111111111,12.222222222222221,81.66666666666667,8.61111111111111,73.05555555555556
E00027930,248,43,14,29,205,21,184,17.338709677419356,5.64516129032258,11.693548387096774,82.66129032258065,8.46774193548387,74.19354838709677
E00027931,219,44,17,27,175,21,154,20.091324200913242,7.76255707762557,12.32876712328767,79.90867579908677,9.58904109589041,70.31963470319634
E00027932,289,83,41,42,206,24,182,28.719723183391004,14.186851211072666,14.53287197231834,71.280276816609,8.304498269896193,62.9757785467128
E00027933,235,79,48,31,156,19,137,33.61702127659574,20.425531914893615,13.191489361702127,66.38297872340425,8.085106382978724,58.29787234042553
E00027934,244,37,10,27,207,23,184,15.163934426229508,4.098360655737705,11.065573770491802,84.8360655737705,9.426229508196721,75.40983606557377
E00027935,320,86,46,40,234,30,204,26.875,14.374999999999998,12.5,73.125,9.375,63.74999999999999
E00027936,196,37,16,21,159,23,136,18.877551020408163,8.16326530612245,10.714285714285714,81.12244897959184,11.73469387755102,69.38775510204081
E00027937,251,68,30,38,183,22,161,27.091633466135455,11.952191235059761,15.139442231075698,72.90836653386454,8.764940239043826,64.14342629482071
E00027938,323,58,18,40,265,38,227,17.956656346749224,5.572755417956656,12.38390092879257,82.04334365325077,11.76470588235294,70.27863777089783
E00027940,268,55,23,32,213,26,187,20.522388059701495,8.582089552238806,11.940298507462686,79.47761194029852,9.701492537313433,69.77611940298507
E00027941,265,63,34,29,202,12,190,23.77358490566038,12.830188679245284,10.943396226415095,76.22641509433963,4.528301886792453,71.69811320754717
E00027942,355,42,15,27,313,39,274,11.830985915492958,4.225352112676056,7.605633802816901,88.16901408450704,10.985915492957748,77.1830985915493
E00027943,299,104,59,45,195,24,171,34.78260869565217,19.732441471571907,15.050167224080269,65.21739130434783,8.02675585284281,57.19063545150501
E00027944,312,60,23,37,252,30,222,19.230769230769234,7.371794871794872,11.858974358974358,80.76923076923077,9.615384615384617,71.15384615384616
E00027945,291,38,18,20,253,27,226,13.058419243986256,6.185567010309279,6.872852233676976,86.94158075601375,9.278350515463918,77.66323024054984
E00027946,293,50,15,35,243,20,223,17.064846416382252,5.1194539249146755,11.945392491467576,82.93515358361775,6.825938566552901,76.10921501706484
E00027947,288,37,13,24,251,15,236,12.847222222222221,4.513888888888888,8.333333333333332,87.15277777777779,5.208333333333334,81.94444444444444
E00027948,315,54,22,32,261,22,239,17.142857142857142,6.984126984126984,10.158730158730158,82.85714285714286,6.984126984126984,75.87301587301587
E00027949,240,49,18,31,191,20,171,20.416666666666668,7.5,12.916666666666668,79.58333333333333,8.333333333333332,71.25
E00027950,329,68,21,47,261,17,244,20.66869300911854,6.382978723404255,14.285714285714285,79.33130699088146,5.167173252279635,74.16413373860182
E00027951,236,38,16,22,198,16,182,16.101694915254235,6.779661016949152,9.322033898305085,83.89830508474576,6.779661016949152,77.11864406779661
E00027952,288,63,26,37,225,20,205,21.875,9.027777777777777,12.847222222222221,78.125,6.944444444444445,71.18055555555556
E00027953,343,87,45,42,256,20,236,25.364431486880466,13.119533527696792,12.244897959183673,74.63556851311954,5.830903790087463,68.80466472303208
E00027954,399,79,34,45,320,30,290,19.799498746867165,8.521303258145362,11.278195488721805,80.20050125313283,7.518796992481203,72.68170426065163
E00027955,270,44,15,29,226,29,197,16.296296296296298,5.555555555555555,10.74074074074074,83.7037037037037,10.74074074074074,72.96296296296296
E00027956,332,73,32,41,259,14,245,21.987951807228914,9.63855421686747,12.349397590361445,78.01204819277109,4.216867469879518,73.79518072289156
E00027957,243,45,14,31,198,21,177,18.51851851851852,5.761316872427984,12.757201646090536,81.48148148148148,8.641975308641975,72.8395061728395
E00027958,215,49,17,32,166,16,150,22.790697674418606,7.906976744186046,14.883720930232558,77.20930232558139,7.441860465116279,69.76744186046511
E00027959,277,47,15,32,230,16,214,16.967509025270758,5.415162454873646,11.552346570397113,83.03249097472924,5.776173285198556,77.25631768953069
E00027960,321,61,19,42,260,19,241,19.003115264797508,5.919003115264798,13.084112149532709,80.99688473520249,5.919003115264798,75.0778816199377
E00027961,296,39,16,23,257,19,238,13.175675675675674,5.405405405405405,7.77027027027027,86.82432432432432,6.418918918918918,80.4054054054054
E00027962,337,60,33,27,277,17,260,17.804154302670625,9.792284866468842,8.011869436201781,82.19584569732937,5.044510385756676,77.1513353115727
E00027963,546,49,14,35,497,29,468,8.974358974358974,2.564102564102564,6.41025641025641,91.02564102564102,5.311355311355311,85.71428571428571
E00027964,392,46,14,32,346,26,320,11.73469387755102,3.571428571428571,8.16326530612245,88.26530612244898,6.63265306122449,81.63265306122449
E00027965,359,64,36,28,295,19,276,17.827298050139277,10.027855153203342,7.7994428969359335,82.17270194986072,5.2924791086350975,76.88022284122563
E00027966,330,95,52,43,235,18,217,28.78787878787879,15.757575757575756,13.030303030303031,71.21212121212122,5.454545454545454,65.75757575757576
E00027967,267,58,35,23,209,21,188,21.722846441947567,13.108614232209737,8.614232209737828,78.27715355805243,7.865168539325842,70.4119850187266
E00027968,299,50,26,24,249,20,229,16.722408026755854,8.695652173913043,8.02675585284281,83.27759197324414,6.688963210702341,76.58862876254182
E00027969,424,94,50,44,330,21,309,22.169811320754718,11.79245283018868,10.377358490566039,77.83018867924528,4.952830188679245,72.87735849056604
E00027970,308,83,44,39,225,17,208,26.948051948051948,14.285714285714285,12.662337662337661,73.05194805194806,5.51948051948052,67.53246753246754
E00027971,434,70,36,34,364,33,331,16.129032258064516,8.294930875576037,7.834101382488479,83.87096774193549,7.603686635944701,76.26728110599078
E00027972,247,50,15,35,197,11,186,20.242914979757085,6.0728744939271255,14.17004048582996,79.75708502024291,4.4534412955465585,75.30364372469636
E00027973,251,72,42,30,179,12,167,28.68525896414343,16.733067729083665,11.952191235059761,71.31474103585657,4.780876494023905,66.53386454183267
E00027974,284,64,26,38,220,23,197,22.535211267605636,9.15492957746479,13.380281690140844,77.46478873239437,8.098591549295776,69.36619718309859
E00027975,386,90,45,45,296,20,276,23.316062176165804,11.658031088082902,11.658031088082902,76.68393782383419,5.181347150259067,71.50259067357513
E00027976,351,84,48,36,267,18,249,23.931623931623932,13.675213675213676,10.256410256410255,76.06837606837607,5.128205128205128,70.94017094017094
E00027977,353,80,36,44,273,14,259,22.6628895184136,10.198300283286118,12.464589235127479,77.33711048158641,3.9660056657223794,73.37110481586402
E00027978,234,74,40,34,160,7,153,31.62393162393162,17.094017094017094,14.529914529914532,68.37606837606837,2.9914529914529915,65.38461538461539
E00027979,275,70,38,32,205,10,195,25.454545454545453,13.818181818181818,11.636363636363637,74.54545454545455,3.6363636363636362,70.9090909090909
E00027980,349,75,36,39,274,24,250,21.48997134670487,10.315186246418339,11.174785100286533,78.51002865329512,6.876790830945559,71.63323782234957
E00027981,369,66,32,34,303,22,281,17.88617886178862,8.672086720867208,9.214092140921409,82.11382113821138,5.9620596205962055,76.15176151761518
E00027983,349,51,25,26,298,33,265,14.613180515759314,7.163323782234957,7.4498567335243555,85.38681948424069,9.455587392550143,75.93123209169055
E00027984,181,60,35,25,121,4,117,33.14917127071823,19.337016574585636,13.812154696132598,66.85082872928176,2.209944751381215,64.64088397790056
E00027985,296,77,33,44,219,20,199,26.013513513513516,11.14864864864865,14.864864864864865,73.98648648648648,6.756756756756757,67.22972972972973
E00027986,296,58,28,30,238,15,223,19.594594594594593,9.45945945945946,10.135135135135135,80.4054054054054,5.0675675675675675,75.33783783783784
E00027987,242,66,35,31,176,15,161,27.27272727272727,14.46280991735537,12.8099173553719,72.72727272727273,6.198347107438017,66.52892561983471
E00027988,310,69,37,32,241,22,219,22.258064516129032,11.935483870967742,10.32258064516129,77.74193548387098,7.096774193548387,70.64516129032258
E00027989,324,70,35,35,254,21,233,21.604938271604937,10.802469135802468,10.802469135802468,78.39506172839506,6.481481481481481,71.91358024691358
E00027990,192,34,13,21,158,19,139,17.708333333333336,6.770833333333333,10.9375,82.29166666666666,9.895833333333332,72.39583333333334
E00027991,269,71,39,32,198,10,188,26.394052044609666,14.49814126394052,11.895910780669144,73.60594795539033,3.717472118959108,69.88847583643123
E00027992,306,57,32,25,249,19,230,18.627450980392158,10.457516339869281,8.169934640522875,81.37254901960785,6.209150326797386,75.16339869281046
E00027993,335,43,10,33,292,19,273,12.835820895522387,2.9850746268656714,9.850746268656717,87.16417910447761,5.6716417910447765,81.49253731343283
E00027994,203,61,33,28,142,15,127,30.049261083743843,16.25615763546798,13.793103448275861,69.95073891625616,7.389162561576355,62.5615763546798
E00027995,397,58,28,30,339,23,316,14.609571788413097,7.052896725440807,7.5566750629722925,85.3904282115869,5.793450881612091,79.59697732997482
E00027996,338,66,25,41,272,26,246,19.526627218934912,7.396449704142012,12.1301775147929,80.4733727810651,7.6923076923076925,72.7810650887574
E00027997,294,59,18,41,235,12,223,20.068027210884352,6.122448979591836,13.945578231292515,79.93197278911565,4.081632653061225,75.85034013605441
E00027998,298,59,24,35,239,28,211,19.798657718120804,8.053691275167784,11.74496644295302,80.20134228187919,9.395973154362416,70.80536912751678
E00027999,258,46,22,24,212,27,185,17.829457364341085,8.527131782945736,9.30232558139535,82.17054263565892,10.465116279069768,71.70542635658916
E00028000,268,34,23,11,234,23,211,12.686567164179104,8.582089552238806,4.104477611940299,87.31343283582089,8.582089552238806,78.73134328358209
E00028001,180,53,28,25,127,14,113,29.444444444444446,15.555555555555555,13.88888888888889,70.55555555555556,7.777777777777778,62.77777777777778
E00028002,287,84,54,30,203,4,199,29.268292682926827,18.81533101045296,10.452961672473867,70.73170731707317,1.3937282229965158,69.33797909407666
E00028003,227,49,33,16,178,14,164,21.58590308370044,14.537444933920703,7.048458149779736,78.41409691629956,6.167400881057269,72.24669603524228
E00028004,309,44,25,19,265,24,241,14.239482200647249,8.090614886731391,6.148867313915858,85.76051779935275,7.766990291262135,77.99352750809061
E00028005,336,52,21,31,284,17,267,15.476190476190476,6.25,9.226190476190476,84.52380952380952,5.059523809523809,79.46428571428571
E00028006,353,63,28,35,290,27,263,17.847025495750707,7.932011331444759,9.91501416430595,82.15297450424929,7.64872521246459,74.5042492917847
E00028007,413,81,40,41,332,17,315,19.612590799031477,9.685230024213075,9.927360774818402,80.38740920096852,4.116222760290557,76.27118644067797
E00028008,321,50,25,25,271,12,259,15.57632398753894,7.78816199376947,7.78816199376947,84.42367601246106,3.7383177570093453,80.68535825545172
E00028009,245,73,37,36,172,14,158,29.795918367346943,15.10204081632653,14.69387755102041,70.20408163265306,5.714285714285714,64.48979591836735
E00028010,288,51,25,26,237,6,231,17.708333333333336,8.680555555555555,9.027777777777777,82.29166666666666,2.083333333333333,80.20833333333334
E00028011,275,56,30,26,219,14,205,20.363636363636363,10.909090909090908,9.454545454545455,79.63636363636364,5.090909090909091,74.54545454545455
E00028012,303,64,32,32,239,17,222,21.122112211221122,10.561056105610561,10.561056105610561,78.87788778877888,5.6105610561056105,73.26732673267327
E00028013,228,55,32,23,173,23,150,24.12280701754386,14.035087719298245,10.087719298245613,75.87719298245614,10.087719298245613,65.78947368421053
E00028014,211,30,10,20,181,17,164,14.218009478672986,4.739336492890995,9.47867298578199,85.78199052132702,8.056872037914692,77.72511848341233
E00028015,419,63,27,36,356,37,319,15.035799522673033,6.443914081145586,8.591885441527445,84.96420047732697,8.83054892601432,76.13365155131265
E00028016,238,45,23,22,193,13,180,18.907563025210084,9.663865546218489,9.243697478991598,81.09243697478992,5.46218487394958,75.63025210084034
E00028017,212,47,24,23,165,10,155,22.169811320754718,11.320754716981133,10.849056603773585,77.83018867924528,4.716981132075472,73.11320754716981
E00028018,413,80,29,51,333,34,299,19.37046004842615,7.021791767554479,12.34866828087167,80.62953995157385,8.232445520581114,72.39709443099274
E00028019,300,52,28,24,248,21,227,17.333333333333336,9.333333333333334,8,82.66666666666667,7.000000000000001,75.66666666666667
E00028020,254,63,34,29,191,16,175,24.803149606299215,13.385826771653544,11.41732283464567,75.19685039370079,6.299212598425196,68.89763779527559
E00028021,215,50,29,21,165,6,159,23.25581395348837,13.488372093023257,9.767441860465116,76.74418604651163,2.7906976744186047,73.95348837209302
E00028022,249,43,19,24,206,18,188,17.269076305220885,7.630522088353414,9.63855421686747,82.73092369477911,7.228915662650602,75.50200803212851
E00028023,278,47,20,27,231,29,202,16.906474820143885,7.1942446043165464,9.712230215827338,83.09352517985612,10.431654676258994,72.66187050359713
E00028024,293,48,18,30,245,19,226,16.38225255972696,6.143344709897611,10.238907849829351,83.61774744027304,6.484641638225256,77.13310580204778
E00028025,309,70,32,38,239,21,218,22.653721682847898,10.355987055016183,12.297734627831716,77.34627831715211,6.796116504854369,70.55016181229773
E00028026,227,90,50,40,137,7,130,39.647577092511014,22.026431718061673,17.62114537444934,60.352422907488986,3.0837004405286343,57.268722466960355
E00028027,247,61,28,33,186,20,166,24.696356275303643,11.336032388663968,13.360323886639677,75.30364372469636,8.097165991902834,67.20647773279353
E00028028,607,90,40,50,517,40,477,14.827018121911037,6.589785831960461,8.237232289950576,85.17298187808896,6.589785831960461,78.5831960461285
E00028029,157,25,10,15,132,18,114,15.92356687898089,6.369426751592357,9.554140127388536,84.07643312101911,11.464968152866243,72.61146496815286
E00028030,263,81,38,43,182,11,171,30.798479087452474,14.44866920152091,16.34980988593156,69.20152091254754,4.182509505703422,65.0190114068441
E00028031,342,67,28,39,275,13,262,19.5906432748538,8.187134502923977,11.403508771929824,80.4093567251462,3.8011695906432745,76.60818713450293
E00028032,245,42,12,30,203,10,193,17.142857142857142,4.8979591836734695,12.244897959183673,82.85714285714286,4.081632653061225,78.77551020408163
E00028033,300,55,23,32,245,17,228,18.333333333333332,7.666666666666666,10.666666666666668,81.66666666666667,5.666666666666666,76
E00028034,243,51,24,27,192,11,181,20.98765432098765,9.876543209876543,11.11111111111111,79.01234567901234,4.526748971193416,74.48559670781893
E00028035,355,92,47,45,263,16,247,25.915492957746476,13.239436619718308,12.676056338028168,74.08450704225352,4.507042253521127,69.57746478873239
E00028036,412,79,35,44,333,21,312,19.174757281553397,8.495145631067961,10.679611650485436,80.8252427184466,5.097087378640777,75.72815533980582
E00028037,371,65,34,31,306,21,285,17.52021563342318,9.164420485175203,8.355795148247978,82.47978436657682,5.660377358490567,76.81940700808624
E00028038,296,51,26,25,245,21,224,17.22972972972973,8.783783783783784,8.445945945945946,82.77027027027027,7.094594594594595,75.67567567567568
E00028039,291,45,19,26,246,22,224,15.463917525773196,6.529209621993128,8.934707903780069,84.5360824742268,7.560137457044673,76.97594501718214
E00028040,287,42,17,25,245,14,231,14.634146341463413,5.923344947735192,8.710801393728223,85.36585365853658,4.878048780487805,80.48780487804879
E00028041,263,72,42,30,191,16,175,27.376425855513308,15.96958174904943,11.406844106463879,72.6235741444867,6.083650190114068,66.53992395437263
E00028042,231,61,23,38,170,5,165,26.406926406926406,9.956709956709958,16.450216450216452,73.59307359307358,2.1645021645021645,71.42857142857143
E00028043,285,59,30,29,226,15,211,20.701754385964914,10.526315789473683,10.175438596491228,79.2982456140351,5.263157894736842,74.03508771929825
E00028044,352,64,33,31,288,13,275,18.181818181818183,9.375,8.806818181818182,81.81818181818183,3.6931818181818183,78.125
E00028045,249,43,21,22,206,19,187,17.269076305220885,8.433734939759036,8.835341365461847,82.73092369477911,7.630522088353414,75.1004016064257
E00028046,203,44,21,23,159,10,149,21.67487684729064,10.344827586206897,11.330049261083744,78.32512315270937,4.926108374384237,73.39901477832512
E00028047,306,70,33,37,236,8,228,22.875816993464053,10.784313725490197,12.091503267973856,77.12418300653596,2.6143790849673203,74.50980392156863
E00028048,268,58,33,25,210,7,203,21.641791044776117,12.313432835820896,9.328358208955224,78.35820895522389,2.6119402985074625,75.74626865671642
E00028049,399,56,19,37,343,24,319,14.035087719298245,4.761904761904762,9.273182957393484,85.96491228070175,6.015037593984962,79.9498746867168
E00028050,256,75,36,39,181,10,171,29.296875,14.0625,15.234375,70.703125,3.90625,66.796875
E00028051,278,42,14,28,236,28,208,15.107913669064748,5.0359712230215825,10.071942446043165,84.89208633093526,10.071942446043165,74.82014388489209
E00028052,287,72,33,39,215,16,199,25.087108013937282,11.498257839721255,13.588850174216027,74.91289198606272,5.574912891986063,69.33797909407666
E00028053,243,53,23,30,190,23,167,21.810699588477366,9.465020576131687,12.345679012345679,78.18930041152264,9.465020576131687,68.72427983539094
E00028054,355,64,29,35,291,17,274,18.028169014084508,8.169014084507042,9.859154929577464,81.97183098591549,4.788732394366197,77.1830985915493
E00028055,324,64,31,33,260,18,242,19.753086419753085,9.5679012345679,10.185185185185185,80.24691358024691,5.555555555555555,74.69135802469135
E00028056,268,61,31,30,207,21,186,22.761194029850746,11.567164179104477,11.194029850746269,77.23880597014924,7.835820895522389,69.40298507462687
E00028057,370,84,43,41,286,27,259,22.702702702702705,11.621621621621623,11.081081081081082,77.29729729729729,7.297297297297297,70
E00028058,170,67,49,18,103,11,92,39.411764705882355,28.823529411764703,10.588235294117647,60.588235294117645,6.470588235294119,54.11764705882353
E00028059,278,54,30,24,224,21,203,19.424460431654676,10.79136690647482,8.633093525179856,80.57553956834532,7.553956834532374,73.02158273381295
E00028060,349,64,32,32,285,18,267,18.33810888252149,9.169054441260744,9.169054441260744,81.66189111747852,5.157593123209169,76.50429799426934
E00028061,263,67,31,36,196,10,186,25.475285171102662,11.787072243346007,13.688212927756654,74.52471482889734,3.802281368821293,70.72243346007605
E00028062,321,65,29,36,256,25,231,20.24922118380062,9.034267912772584,11.214953271028037,79.75077881619937,7.78816199376947,71.96261682242991
E00028063,196,30,13,17,166,9,157,15.306122448979592,6.63265306122449,8.673469387755102,84.6938775510204,4.591836734693878,80.10204081632652
E00028064,233,46,21,25,187,17,170,19.742489270386265,9.012875536480687,10.72961373390558,80.25751072961373,7.296137339055794,72.96137339055794
E00028065,215,60,30,30,155,11,144,27.906976744186046,13.953488372093023,13.953488372093023,72.09302325581395,5.116279069767442,66.97674418604652
E00028066,305,58,28,30,247,27,220,19.01639344262295,9.180327868852459,9.836065573770492,80.98360655737706,8.852459016393443,72.1311475409836
E00028067,388,47,19,28,341,28,313,12.11340206185567,4.896907216494846,7.216494845360824,87.88659793814433,7.216494845360824,80.6701030927835
E00028068,289,74,27,47,215,24,191,25.60553633217993,9.342560553633218,16.26297577854671,74.39446366782006,8.304498269896193,66.08996539792388
E00028069,303,45,20,25,258,16,242,14.85148514851485,6.6006600660066,8.25082508250825,85.14851485148515,5.2805280528052805,79.86798679867987
E00028070,328,53,18,35,275,21,254,16.158536585365855,5.487804878048781,10.670731707317072,83.84146341463415,6.402439024390244,77.4390243902439
E00028071,322,73,38,35,249,13,236,22.67080745341615,11.801242236024844,10.869565217391305,77.32919254658384,4.037267080745342,73.29192546583852
E00028072,281,46,17,29,235,28,207,16.370106761565836,6.049822064056939,10.320284697508896,83.62989323843416,9.9644128113879,73.66548042704626
E00028073,430,61,28,33,369,19,350,14.186046511627906,6.511627906976744,7.674418604651163,85.81395348837209,4.4186046511627906,81.3953488372093
E00028074,404,67,41,26,337,18,319,16.584158415841586,10.14851485148515,6.435643564356436,83.41584158415841,4.455445544554455,78.96039603960396
E00028075,291,51,24,27,240,20,220,17.525773195876287,8.24742268041237,9.278350515463918,82.4742268041237,6.872852233676976,75.60137457044674
E00028076,284,66,22,44,218,22,196,23.239436619718308,7.746478873239436,15.492957746478872,76.76056338028168,7.746478873239436,69.01408450704226
E00028077,304,45,21,24,259,18,241,14.802631578947366,6.907894736842106,7.894736842105263,85.19736842105263,5.921052631578947,79.27631578947368
E00028078,319,44,20,24,275,24,251,13.793103448275861,6.269592476489027,7.523510971786834,86.20689655172413,7.523510971786834,78.68338557993731
E00028079,242,39,14,25,203,16,187,16.115702479338843,5.785123966942149,10.330578512396695,83.88429752066115,6.6115702479338845,77.27272727272727
E00028080,264,43,22,21,221,19,202,16.28787878787879,8.333333333333332,7.954545454545454,83.71212121212122,7.196969696969697,76.51515151515152
E00028081,320,48,18,30,272,14,258,15,5.625,9.375,85,4.375,80.625
E00028082,248,44,17,27,204,20,184,17.741935483870968,6.854838709677419,10.887096774193548,82.25806451612904,8.064516129032258,74.19354838709677
E00028083,307,73,31,42,234,19,215,23.778501628664493,10.097719869706841,13.680781758957655,76.2214983713355,6.188925081433225,70.03257328990227
E00028084,312,46,18,28,266,26,240,14.743589743589745,5.769230769230769,8.974358974358974,85.25641025641025,8.333333333333332,76.92307692307693
E00028085,313,30,11,19,283,15,268,9.584664536741213,3.5143769968051117,6.070287539936102,90.41533546325878,4.792332268370607,85.62300319488818
E00028086,311,42,16,26,269,22,247,13.504823151125404,5.144694533762058,8.360128617363344,86.49517684887459,7.07395498392283,79.42122186495176
E00028087,297,35,17,18,262,31,231,11.784511784511785,5.723905723905724,6.0606060606060606,88.21548821548821,10.437710437710438,77.77777777777779
E00028088,320,34,5,29,286,27,259,10.625,1.5625,9.0625,89.375,8.4375,80.9375
E00028089,315,49,24,25,266,17,249,15.555555555555555,7.6190476190476195,7.936507936507936,84.44444444444444,5.396825396825397,79.04761904761905
E00028090,273,64,37,27,209,12,197,23.44322344322344,13.553113553113553,9.89010989010989,76.55677655677655,4.395604395604396,72.16117216117216
E00028091,283,54,28,26,229,26,203,19.081272084805654,9.89399293286219,9.187279151943462,80.91872791519434,9.187279151943462,71.73144876325088
E00028092,161,67,31,36,94,8,86,41.61490683229814,19.25465838509317,22.36024844720497,58.38509316770186,4.968944099378882,53.41614906832298
E00028093,323,79,39,40,244,29,215,24.458204334365323,12.074303405572756,12.38390092879257,75.54179566563467,8.978328173374612,66.56346749226006
E00028094,251,37,18,19,214,16,198,14.741035856573706,7.171314741035857,7.569721115537849,85.2589641434263,6.374501992031872,78.88446215139442
E00028095,261,61,28,33,200,12,188,23.371647509578544,10.727969348659004,12.643678160919542,76.62835249042146,4.597701149425287,72.03065134099617
E00028096,574,55,20,35,519,20,499,9.581881533101045,3.484320557491289,6.097560975609756,90.41811846689896,3.484320557491289,86.93379790940766
E00028097,346,100,48,52,246,18,228,28.901734104046245,13.872832369942195,15.028901734104046,71.09826589595376,5.202312138728324,65.89595375722543
E00028098,369,84,47,37,285,16,269,22.76422764227642,12.737127371273713,10.02710027100271,77.23577235772358,4.336043360433604,72.89972899728997
E00028099,302,38,16,22,264,23,241,12.582781456953644,5.298013245033113,7.28476821192053,87.41721854304636,7.6158940397351,79.80132450331125
E00028100,453,105,59,46,348,29,319,23.178807947019866,13.024282560706402,10.154525386313466,76.82119205298014,6.401766004415011,70.41942604856513
E00028101,434,104,55,49,330,24,306,23.963133640552993,12.672811059907835,11.29032258064516,76.036866359447,5.529953917050691,70.50691244239631
E00028102,504,114,68,46,390,19,371,22.61904761904762,13.492063492063492,9.126984126984127,77.38095238095238,3.7698412698412698,73.61111111111111
E00028103,396,73,40,33,323,23,300,18.434343434343432,10.1010101010101,8.333333333333332,81.56565656565657,5.808080808080808,75.75757575757575
E00028104,459,60,29,31,399,18,381,13.071895424836603,6.318082788671024,6.753812636165578,86.9281045751634,3.9215686274509802,83.00653594771242
E00028105,331,45,14,31,286,19,267,13.595166163141995,4.229607250755287,9.365558912386707,86.404833836858,5.740181268882175,80.66465256797582
E00028106,298,70,36,34,228,13,215,23.48993288590604,12.080536912751679,11.409395973154362,76.51006711409396,4.3624161073825505,72.14765100671141
E00028107,587,106,66,40,481,28,453,18.05792163543441,11.243611584327088,6.814310051107325,81.94207836456559,4.770017035775128,77.17206132879046
E00028108,295,70,38,32,225,17,208,23.728813559322035,12.88135593220339,10.847457627118644,76.27118644067797,5.762711864406779,70.50847457627118
E00028110,490,90,42,48,400,22,378,18.367346938775512,8.571428571428571,9.795918367346939,81.63265306122449,4.489795918367347,77.14285714285715
E00028111,403,111,47,64,292,20,272,27.543424317617866,11.662531017369728,15.88089330024814,72.45657568238212,4.962779156327544,67.4937965260546
E00028113,396,104,50,54,292,33,259,26.262626262626267,12.626262626262626,13.636363636363635,73.73737373737373,8.333333333333332,65.40404040404042
E00028114,459,95,52,43,364,23,341,20.697167755991288,11.328976034858387,9.368191721132897,79.30283224400871,5.010893246187364,74.29193899782135
E00028115,373,86,43,43,287,19,268,23.056300268096514,11.528150134048257,11.528150134048257,76.94369973190348,5.093833780160858,71.84986595174263
E00028116,303,80,51,29,223,14,209,26.4026402640264,16.831683168316832,9.570957095709572,73.5973597359736,4.62046204620462,68.97689768976898
E00028117,397,84,37,47,313,12,301,21.158690176322416,9.319899244332493,11.838790931989925,78.84130982367759,3.022670025188917,75.81863979848866
E00028118,349,66,25,41,283,20,263,18.911174785100286,7.163323782234957,11.74785100286533,81.08882521489971,5.730659025787966,75.35816618911176
E00028119,340,78,40,38,262,25,237,22.941176470588236,11.76470588235294,11.176470588235295,77.05882352941177,7.352941176470589,69.70588235294117
E00028120,266,69,37,32,197,29,168,25.93984962406015,13.909774436090224,12.030075187969924,74.06015037593986,10.902255639097744,63.1578947368421
E00028121,316,55,22,33,261,19,242,17.405063291139243,6.962025316455696,10.443037974683545,82.59493670886076,6.012658227848101,76.58227848101265
E00028122,268,56,15,41,212,24,188,20.8955223880597,5.597014925373134,15.298507462686567,79.1044776119403,8.955223880597014,70.1492537313433
E00028123,292,64,26,38,228,20,208,21.91780821917808,8.904109589041095,13.013698630136986,78.08219178082192,6.8493150684931505,71.23287671232876
E00028124,277,75,30,45,202,15,187,27.075812274368232,10.830324909747292,16.24548736462094,72.92418772563177,5.415162454873646,67.50902527075813
E00028125,302,63,29,34,239,24,215,20.86092715231788,9.602649006622517,11.258278145695364,79.13907284768213,7.9470198675496695,71.19205298013244
E00028126,276,73,38,35,203,14,189,26.44927536231884,13.768115942028986,12.681159420289855,73.55072463768117,5.072463768115942,68.47826086956522
E00028127,250,50,17,33,200,16,184,20,6.800000000000001,13.200000000000001,80,6.4,73.6
E00028128,477,86,52,34,391,23,368,18.029350104821802,10.90146750524109,7.127882599580712,81.9706498951782,4.821802935010482,77.14884696016772
E00028129,238,43,20,23,195,20,175,18.067226890756302,8.403361344537815,9.663865546218489,81.9327731092437,8.403361344537815,73.52941176470588
E00028130,263,51,23,28,212,21,191,19.39163498098859,8.745247148288973,10.646387832699618,80.6083650190114,7.984790874524715,72.6235741444867
E00028131,312,70,30,40,242,27,215,22.435897435897438,9.615384615384617,12.82051282051282,77.56410256410257,8.653846153846153,68.91025641025641
E00028132,320,46,18,28,274,19,255,14.374999999999998,5.625,8.75,85.625,5.9375,79.6875
E00028133,380,77,33,44,303,37,266,20.263157894736842,8.68421052631579,11.578947368421053,79.73684210526316,9.736842105263158,70
E00028134,326,62,24,38,264,21,243,19.018404907975462,7.361963190184049,11.65644171779141,80.98159509202453,6.441717791411043,74.5398773006135
E00028135,231,59,21,38,172,23,149,25.541125541125542,9.090909090909092,16.450216450216452,74.45887445887446,9.956709956709958,64.5021645021645
E00028136,231,49,24,25,182,17,165,21.21212121212121,10.38961038961039,10.822510822510822,78.78787878787878,7.35930735930736,71.42857142857143
E00028137,248,43,13,30,205,28,177,17.338709677419356,5.241935483870968,12.096774193548388,82.66129032258065,11.29032258064516,71.37096774193549
E00028138,305,91,43,48,214,15,199,29.836065573770494,14.098360655737704,15.737704918032788,70.16393442622952,4.918032786885246,65.24590163934427
E00028139,367,83,40,43,284,34,250,22.615803814713896,10.899182561307901,11.716621253405995,77.3841961852861,9.264305177111716,68.11989100817438
E00028140,345,77,22,55,268,23,245,22.318840579710145,6.3768115942028984,15.942028985507244,77.68115942028986,6.666666666666667,71.01449275362319
E00028141,318,72,25,47,246,25,221,22.641509433962266,7.861635220125786,14.779874213836477,77.35849056603774,7.861635220125786,69.49685534591194
E00028142,254,61,33,28,193,23,170,24.015748031496063,12.992125984251967,11.023622047244094,75.98425196850394,9.05511811023622,66.92913385826772
E00028143,242,65,35,30,177,22,155,26.859504132231404,14.46280991735537,12.396694214876034,73.14049586776859,9.090909090909092,64.0495867768595
E00028144,308,33,13,20,275,26,249,10.714285714285714,4.220779220779221,6.493506493506493,89.28571428571429,8.441558441558442,80.84415584415584
E00028145,320,47,17,30,273,43,230,14.6875,5.3125,9.375,85.3125,13.4375,71.875
E00028146,289,44,13,31,245,30,215,15.22491349480969,4.498269896193772,10.726643598615917,84.77508650519032,10.380622837370241,74.39446366782006
E00028147,457,72,27,45,385,34,351,15.75492341356674,5.908096280087528,9.846827133479213,84.24507658643327,7.439824945295405,76.80525164113786
E00028148,270,43,9,34,227,22,205,15.925925925925927,3.3333333333333335,12.592592592592592,84.07407407407408,8.148148148148149,75.92592592592592
E00028149,330,76,36,40,254,17,237,23.03030303030303,10.909090909090908,12.121212121212121,76.96969696969697,5.151515151515151,71.81818181818181
E00028150,288,63,30,33,225,32,193,21.875,10.416666666666668,11.458333333333332,78.125,11.11111111111111,67.01388888888889
E00028151,346,80,39,41,266,26,240,23.121387283236995,11.271676300578035,11.849710982658959,76.878612716763,7.514450867052023,69.36416184971098
E00028152,302,56,25,31,246,16,230,18.543046357615893,8.27814569536424,10.264900662251655,81.45695364238411,5.298013245033113,76.15894039735099
E00028153,275,48,25,23,227,19,208,17.454545454545457,9.090909090909092,8.363636363636363,82.54545454545455,6.909090909090909,75.63636363636364
E00028154,248,60,23,37,188,21,167,24.193548387096776,9.274193548387096,14.919354838709678,75.80645161290323,8.46774193548387,67.33870967741935
E00028155,280,62,28,34,218,17,201,22.142857142857142,10,12.142857142857142,77.85714285714286,6.071428571428571,71.78571428571429
E00028156,314,61,31,30,253,14,239,19.426751592356688,9.872611464968154,9.554140127388536,80.57324840764332,4.45859872611465,76.11464968152866
E00028157,234,70,33,37,164,13,151,29.914529914529915,14.102564102564102,15.81196581196581,70.08547008547008,5.555555555555555,64.52991452991454
E00028158,446,76,41,35,370,13,357,17.040358744394617,9.192825112107624,7.847533632286996,82.95964125560538,2.914798206278027,80.04484304932735
E00028159,359,50,18,32,309,19,290,13.92757660167131,5.013927576601671,8.913649025069638,86.0724233983287,5.2924791086350975,80.77994428969359
E00028161,452,47,23,24,405,7,398,10.398230088495575,5.0884955752212395,5.3097345132743365,89.60176991150442,1.5486725663716814,88.05309734513274
E00028162,410,70,27,43,340,11,329,17.073170731707318,6.585365853658537,10.487804878048781,82.92682926829268,2.682926829268293,80.2439024390244
E00028163,387,56,29,27,331,13,318,14.470284237726098,7.493540051679587,6.976744186046512,85.52971576227391,3.359173126614987,82.17054263565892
E00028164,535,82,39,43,453,17,436,15.327102803738319,7.289719626168225,8.037383177570094,84.67289719626169,3.177570093457944,81.49532710280374
E00028165,495,95,48,47,400,10,390,19.19191919191919,9.696969696969697,9.494949494949495,80.8080808080808,2.0202020202020203,78.78787878787878
E00028166,532,68,31,37,464,28,436,12.781954887218044,5.827067669172932,6.954887218045112,87.21804511278195,5.263157894736842,81.95488721804512
E00028167,311,46,20,26,265,13,252,14.790996784565916,6.430868167202572,8.360128617363344,85.20900321543408,4.180064308681672,81.02893890675242
E00028168,347,56,27,29,291,12,279,16.138328530259365,7.780979827089338,8.357348703170029,83.86167146974063,3.45821325648415,80.403458213256485
E00028169,394,85,54,31,309,10,299,21.573604060913706,13.705583756345177,7.868020304568528,78.42639593908629,2.5380710659898478,75.88832487309645
E00028170,422,89,57,32,333,14,319,21.09004739336493,13.507109004739338,7.5829383886255926,78.90995260663507,3.3175355450236967,75.59241706161137
E00028171,392,100,53,47,292,22,270,25.510204081632654,13.520408163265307,11.989795918367346,74.48979591836735,5.612244897959184,68.87755102040816
E00028172,541,77,35,42,464,27,437,14.232902033271719,6.469500924214418,7.763401109057301,85.76709796672827,4.990757855822551,80.77634011090574
E00028173,445,88,46,42,357,23,334,19.775280898876403,10.337078651685392,9.438202247191011,80.2247191011236,5.168539325842696,75.0561797752809
E00028174,250,71,35,36,179,14,165,28.4,14.000000000000002,14.399999999999999,71.6,5.6000000000000005,66
E00028176,279,42,20,22,237,18,219,15.053763440860216,7.168458781362006,7.885304659498208,84.94623655913979,6.451612903225806,78.49462365591397
E00028177,262,54,28,26,208,11,197,20.610687022900763,10.687022900763358,9.923664122137405,79.38931297709924,4.198473282442748,75.19083969465649
E00028178,340,72,40,32,268,12,256,21.176470588235293,11.76470588235294,9.411764705882353,78.82352941176471,3.5294117647058822,75.29411764705883
E00028180,289,68,31,37,221,15,206,23.52941176470588,10.726643598615917,12.802768166089965,76.47058823529412,5.190311418685121,71.280276816609
E00028181,388,54,27,27,334,20,314,13.917525773195877,6.958762886597938,6.958762886597938,86.08247422680412,5.154639175257731,80.9278350515464
E00028182,328,54,28,26,274,14,260,16.463414634146343,8.536585365853659,7.926829268292683,83.53658536585365,4.2682926829268295,79.26829268292683
E00028183,347,52,21,31,295,19,276,14.985590778097983,6.051873198847262,8.93371757925072,85.01440922190201,5.475504322766571,79.53890489913545
E00028184,262,48,22,26,214,7,207,18.3206106870229,8.396946564885496,9.923664122137405,81.67938931297711,2.6717557251908395,79.00763358778626
E00028185,312,76,39,37,236,12,224,24.358974358974358,12.5,11.858974358974358,75.64102564102564,3.8461538461538463,71.7948717948718
E00028186,401,81,47,34,320,10,310,20.199501246882793,11.72069825436409,8.478802992518704,79.80049875311721,2.493765586034913,77.3067331670823
E00028187,405,83,40,43,322,9,313,20.493827160493826,9.876543209876543,10.617283950617285,79.50617283950618,2.2222222222222223,77.28395061728395
E00028188,375,99,62,37,276,13,263,26.400000000000002,16.53333333333333,9.866666666666667,73.6,3.4666666666666663,70.13333333333334
E00028189,284,73,35,38,211,4,207,25.704225352112676,12.323943661971832,13.380281690140844,74.29577464788733,1.4084507042253522,72.88732394366197
E00028190,368,77,41,36,291,9,282,20.92391304347826,11.141304347826086,9.782608695652174,79.07608695652173,2.4456521739130435,76.63043478260869
E00028191,322,42,13,29,280,23,257,13.043478260869565,4.037267080745342,9.006211180124224,86.95652173913044,7.142857142857142,79.8136645962733
E00028192,305,42,14,28,263,29,234,13.77049180327869,4.590163934426229,9.180327868852459,86.22950819672131,9.508196721311474,76.72131147540983
E00028193,297,46,15,31,251,28,223,15.488215488215488,5.05050505050505,10.437710437710438,84.51178451178451,9.427609427609427,75.08417508417509
E00028194,316,44,10,34,272,25,247,13.924050632911392,3.1645569620253164,10.759493670886076,86.07594936708861,7.9113924050632916,78.16455696202532
E00028195,323,55,26,29,268,19,249,17.027863777089784,8.04953560371517,8.978328173374612,82.97213622291022,5.88235294117647,77.08978328173374
E00028196,285,28,13,15,257,25,232,9.824561403508772,4.56140350877193,5.263157894736842,90.17543859649123,8.771929824561402,81.40350877192982
E00028197,349,53,22,31,296,22,274,15.18624641833811,6.303724928366762,8.882521489971348,84.81375358166189,6.303724928366762,78.51002865329512
E00028198,396,34,7,27,362,25,337,8.585858585858585,1.7676767676767675,6.8181818181818175,91.41414141414141,6.313131313131313,85.1010101010101
E00028199,360,46,20,26,314,23,291,12.777777777777777,5.555555555555555,7.222222222222221,87.22222222222223,6.388888888888888,80.83333333333333
E00028200,323,39,14,25,284,23,261,12.074303405572756,4.3343653250774,7.739938080495357,87.92569659442725,7.120743034055728,80.80495356037152
E00028201,333,59,28,31,274,26,248,17.71771771771772,8.408408408408409,9.30930930930931,82.28228228228228,7.807807807807808,74.47447447447448
E00028202,335,45,25,20,290,32,258,13.432835820895523,7.462686567164178,5.970149253731343,86.56716417910447,9.55223880597015,77.01492537313432
E00028203,310,57,25,32,253,14,239,18.387096774193548,8.064516129032258,10.32258064516129,81.61290322580645,4.516129032258064,77.09677419354838
E00028204,350,57,27,30,293,29,264,16.28571428571429,7.7142857142857135,8.571428571428571,83.71428571428572,8.285714285714285,75.42857142857143
E00028205,414,69,28,41,345,31,314,16.666666666666664,6.763285024154589,9.903381642512077,83.33333333333334,7.487922705314009,75.84541062801932
E00028206,405,60,26,34,345,26,319,14.814814814814813,6.419753086419753,8.395061728395062,85.18518518518519,6.419753086419753,78.76543209876543
E00028207,381,59,22,37,322,31,291,15.485564304461944,5.774278215223097,9.711286089238845,84.51443569553805,8.136482939632545,76.37795275590551
E00028208,354,50,15,35,304,30,274,14.124293785310735,4.23728813559322,9.887005649717514,85.87570621468926,8.47457627118644,77.40112994350282
E00028209,262,48,21,27,214,19,195,18.3206106870229,8.015267175572518,10.305343511450381,81.67938931297711,7.251908396946565,74.42748091603053
E00028210,348,64,26,38,284,21,263,18.39080459770115,7.471264367816093,10.919540229885058,81.60919540229885,6.0344827586206895,75.57471264367817
E00028211,231,39,16,23,192,21,171,16.883116883116884,6.926406926406926,9.956709956709958,83.11688311688312,9.090909090909092,74.02597402597402
E00028212,296,54,16,38,242,27,215,18.243243243243242,5.405405405405405,12.837837837837837,81.75675675675676,9.121621621621621,72.63513513513513
E00028213,344,54,24,30,290,27,263,15.69767441860465,6.976744186046512,8.720930232558139,84.30232558139535,7.848837209302325,76.45348837209302
E00028214,298,45,21,24,253,22,231,15.100671140939598,7.046979865771812,8.053691275167784,84.8993288590604,7.38255033557047,77.51677852348993
E00028215,324,45,11,34,279,31,248,13.88888888888889,3.3950617283950617,10.493827160493826,86.11111111111111,9.5679012345679,76.5432098765432
E00028216,410,83,32,51,327,30,297,20.243902439024392,7.804878048780488,12.439024390243903,79.75609756097562,7.317073170731707,72.4390243902439
E00028217,312,62,17,45,250,25,225,19.871794871794872,5.448717948717949,14.423076923076922,80.12820512820514,8.012820512820513,72.11538461538461
E00028218,347,36,13,23,311,33,278,10.37463976945245,3.7463976945244957,6.628242074927954,89.62536023054754,9.510086455331413,80.11527377521614
E00028219,302,48,22,26,254,11,243,15.894039735099339,7.28476821192053,8.609271523178808,84.10596026490066,3.642384105960265,80.4635761589404
E00028220,295,46,22,24,249,20,229,15.593220338983052,7.457627118644068,8.135593220338983,84.40677966101696,6.779661016949152,77.62711864406779
E00028221,260,36,13,23,224,34,190,13.846153846153847,5,8.846153846153847,86.15384615384616,13.076923076923078,73.07692307692307
E00028222,295,34,7,27,261,31,230,11.525423728813559,2.3728813559322033,9.152542372881356,88.47457627118645,10.508474576271185,77.96610169491525
E00028223,290,43,17,26,247,18,229,14.827586206896552,5.862068965517241,8.96551724137931,85.17241379310346,6.206896551724138,78.96551724137932
E00028224,418,52,16,36,366,46,320,12.440191387559809,3.827751196172249,8.61244019138756,87.5598086124402,11.004784688995215,76.55502392344498
E00028225,281,56,16,40,225,21,204,19.9288256227758,5.6939501779359425,14.23487544483986,80.0711743772242,7.473309608540925,72.59786476868328
E00028226,197,44,15,29,153,16,137,22.33502538071066,7.614213197969544,14.720812182741117,77.66497461928934,8.121827411167512,69.54314720812182
E00028227,121,32,17,15,89,11,78,26.446280991735538,14.049586776859504,12.396694214876034,73.55371900826447,9.090909090909092,64.46280991735537
E00028228,252,80,61,19,172,19,153,31.746031746031743,24.206349206349206,7.5396825396825395,68.25396825396825,7.5396825396825395,60.71428571428571
E00028229,266,47,16,31,219,18,201,17.669172932330827,6.015037593984962,11.654135338345863,82.33082706766918,6.7669172932330826,75.56390977443608
E00028230,485,62,28,34,423,17,406,12.783505154639174,5.77319587628866,7.010309278350515,87.21649484536083,3.5051546391752577,83.71134020618557
E00028231,507,67,32,35,440,17,423,13.214990138067062,6.31163708086785,6.903353057199212,86.78500986193293,3.353057199211045,83.4319526627219
E00028232,436,64,40,24,372,18,354,14.678899082568808,9.174311926605505,5.5045871559633035,85.3211009174312,4.128440366972478,81.19266055045871
E00028233,374,67,40,27,307,11,296,17.914438502673796,10.695187165775401,7.219251336898395,82.0855614973262,2.941176470588235,79.14438502673798
E00028235,134,68,38,30,66,8,58,50.74626865671642,28.35820895522388,22.388059701492537,49.25373134328358,5.970149253731343,43.28358208955223
E00028236,464,68,29,39,396,14,382,14.655172413793101,6.25,8.405172413793103,85.34482758620689,3.0172413793103448,82.32758620689656
E00028237,288,38,15,23,250,16,234,13.194444444444445,5.208333333333334,7.986111111111111,86.80555555555556,5.555555555555555,81.25
E00028238,258,72,44,28,186,9,177,27.906976744186046,17.05426356589147,10.852713178294573,72.09302325581395,3.488372093023256,68.6046511627907
E00028239,428,52,28,24,376,11,365,12.149532710280374,6.5420560747663545,5.607476635514018,87.85046728971963,2.570093457943925,85.2803738317757
E00028240,251,45,24,21,206,17,189,17.928286852589643,9.56175298804781,8.366533864541832,82.07171314741036,6.772908366533864,75.2988047808765
E00028241,432,57,20,37,375,11,364,13.194444444444445,4.62962962962963,8.564814814814815,86.80555555555556,2.5462962962962963,84.25925925925925
E00028242,476,74,37,37,402,17,385,15.546218487394958,7.773109243697479,7.773109243697479,84.45378151260505,3.571428571428571,80.88235294117648
E00028243,466,55,27,28,411,9,402,11.802575107296137,5.793991416309012,6.008583690987124,88.19742489270385,1.9313304721030045,86.26609442060087
E00028244,476,88,36,52,388,13,375,18.487394957983195,7.563025210084033,10.92436974789916,81.5126050420168,2.73109243697479,78.78151260504201
E00028245,346,66,39,27,280,5,275,19.07514450867052,11.271676300578035,7.803468208092486,80.92485549132948,1.4450867052023122,79.47976878612717
E00028246,476,87,48,39,389,18,371,18.277310924369747,10.084033613445378,8.193277310924369,81.72268907563026,3.7815126050420167,77.94117647058823
E00028247,569,75,41,34,494,11,483,13.181019332161686,7.205623901581721,5.975395430579964,86.8189806678383,1.9332161687170473,84.88576449912127
E00028248,458,60,34,26,398,18,380,13.100436681222707,7.423580786026202,5.676855895196507,86.8995633187773,3.9301310043668125,82.96943231441048
E00028249,310,55,26,29,255,9,246,17.741935483870968,8.38709677419355,9.35483870967742,82.25806451612904,2.903225806451613,79.35483870967742
E00028250,537,102,42,60,435,14,421,18.994413407821227,7.82122905027933,11.1731843575419,81.00558659217877,2.60707635009311,78.39851024208566
E00028251,370,66,33,33,304,13,291,17.83783783783784,8.91891891891892,8.91891891891892,82.16216216216216,3.5135135135135136,78.64864864864865
E00028252,386,50,16,34,336,9,327,12.953367875647666,4.145077720207254,8.808290155440414,87.04663212435233,2.33160621761658,84.71502590673575
E00028253,350,59,29,30,291,12,279,16.857142857142858,8.285714285714285,8.571428571428571,83.14285714285714,3.428571428571429,79.71428571428572
E00028254,330,68,34,34,262,9,253,20.606060606060606,10.303030303030303,10.303030303030303,79.39393939393939,2.727272727272727,76.66666666666667
E00028255,313,78,39,39,235,8,227,24.920127795527154,12.460063897763577,12.460063897763577,75.07987220447284,2.5559105431309903,72.52396166134186
E00028256,306,37,16,21,269,21,248,12.091503267973856,5.228758169934641,6.862745098039216,87.90849673202614,6.862745098039216,81.04575163398692
E00028257,446,74,43,31,372,11,361,16.591928251121075,9.641255605381167,6.950672645739911,83.40807174887892,2.4663677130044843,80.94170403587444
E00028258,455,61,29,32,394,13,381,13.406593406593407,6.373626373626373,7.032967032967033,86.5934065934066,2.857142857142857,83.73626373626374
E00028259,453,61,28,33,392,11,381,13.46578366445916,6.181015452538632,7.28476821192053,86.53421633554083,2.4282560706401766,84.10596026490066
E00028260,442,87,51,36,355,9,346,19.683257918552037,11.538461538461538,8.144796380090497,80.31674208144797,2.0361990950226243,78.28054298642535
E00028261,402,65,36,29,337,11,326,16.169154228855724,8.955223880597014,7.213930348258707,83.83084577114428,2.736318407960199,81.09452736318407
E00028262,317,61,26,35,256,15,241,19.242902208201894,8.201892744479496,11.041009463722396,80.7570977917981,4.73186119873817,76.02523659305994
E00028263,356,69,34,35,287,14,273,19.382022471910112,9.550561797752808,9.831460674157304,80.6179775280899,3.932584269662921,76.68539325842697
E00028264,443,72,41,31,371,15,356,16.252821670428894,9.255079006772009,6.997742663656885,83.7471783295711,3.3860045146726865,80.36117381489842
E00028265,303,80,43,37,223,8,215,26.4026402640264,14.19141914191419,12.211221122112212,73.5973597359736,2.6402640264026402,70.95709570957096
E00028266,166,49,22,27,117,8,109,29.518072289156628,13.253012048192772,16.265060240963855,70.48192771084338,4.819277108433735,65.66265060240963
E00028267,348,80,43,37,268,13,255,22.988505747126435,12.35632183908046,10.632183908045976,77.01149425287356,3.7356321839080464,73.27586206896551
E00028268,439,128,74,54,311,13,298,29.157175398633257,16.856492027334852,12.300683371298406,70.84282460136674,2.9612756264236904,67.88154897494306
E00028269,406,76,34,42,330,31,299,18.7192118226601,8.374384236453201,10.344827586206897,81.2807881773399,7.635467980295567,73.64532019704434
E00028270,330,35,11,24,295,33,262,10.606060606060606,3.3333333333333335,7.2727272727272725,89.39393939393939,10,79.39393939393939
E00028271,249,63,29,34,186,12,174,25.301204819277107,11.646586345381527,13.654618473895583,74.69879518072288,4.819277108433735,69.87951807228916
E00028272,283,33,10,23,250,16,234,11.66077738515901,3.53356890459364,8.12720848056537,88.33922261484098,5.6537102473498235,82.68551236749117
E00028273,537,75,34,41,462,19,443,13.966480446927374,6.33147113594041,7.635009310986965,86.03351955307262,3.5381750465549344,82.49534450651768
E00028274,558,102,48,54,456,40,416,18.27956989247312,8.60215053763441,9.67741935483871,81.72043010752688,7.168458781362006,74.55197132616487
E00028275,215,49,25,24,166,10,156,22.790697674418606,11.627906976744185,11.162790697674419,77.20930232558139,4.651162790697675,72.55813953488372
E00028276,370,72,30,42,298,39,259,19.45945945945946,8.108108108108109,11.351351351351353,80.54054054054053,10.54054054054054,70
E00028277,355,69,37,32,286,22,264,19.43661971830986,10.422535211267606,9.014084507042254,80.56338028169014,6.197183098591549,74.36619718309859
E00028278,401,80,40,40,321,15,306,19.950124688279303,9.975062344139651,9.975062344139651,80.0498753117207,3.7406483790523692,76.30922693266832
E00028279,422,78,38,40,344,17,327,18.48341232227488,9.004739336492891,9.47867298578199,81.51658767772511,4.028436018957346,77.48815165876776
E00028280,401,78,44,34,323,11,312,19.45137157107232,10.972568578553615,8.478802992518704,80.54862842892769,2.7431421446384037,77.80548628428927
E00028281,244,50,21,29,194,21,173,20.491803278688526,8.60655737704918,11.885245901639344,79.50819672131148,8.60655737704918,70.90163934426229
E00028282,216,62,30,32,154,16,138,28.703703703703702,13.88888888888889,14.814814814814813,71.29629629629629,7.4074074074074066,63.888888888888886
E00028283,203,59,27,32,144,13,131,29.064039408866993,13.30049261083744,15.763546798029557,70.93596059113301,6.403940886699508,64.5320197044335
E00028284,356,38,20,18,318,19,299,10.674157303370785,5.617977528089887,5.056179775280898,89.32584269662921,5.337078651685393,83.98876404494382
E00028285,403,53,16,37,350,32,318,13.151364764267989,3.970223325062035,9.181141439205955,86.848635235732,7.94044665012407,78.90818858560795
E00028286,196,51,24,27,145,12,133,26.02040816326531,12.244897959183673,13.77551020408163,73.9795918367347,6.122448979591836,67.85714285714286
E00028287,270,48,22,26,222,17,205,17.77777777777778,8.148148148148149,9.62962962962963,82.22222222222221,6.296296296296296,75.92592592592592
E00028288,346,63,28,35,283,9,274,18.20809248554913,8.092485549132949,10.115606936416185,81.79190751445087,2.601156069364162,79.1907514450867
E00028289,280,72,31,41,208,21,187,25.71428571428571,11.071428571428571,14.642857142857144,74.28571428571429,7.5,66.78571428571428
E00028290,268,48,16,32,220,19,201,17.91044776119403,5.970149253731343,11.940298507462686,82.08955223880598,7.08955223880597,75
E00028291,229,113,63,50,116,11,105,49.34497816593886,27.510917030567683,21.83406113537118,50.65502183406113,4.8034934497816595,45.851528384279476
E00028292,510,67,34,33,443,33,410,13.137254901960786,6.666666666666667,6.470588235294119,86.86274509803921,6.470588235294119,80.3921568627451
E00028293,327,62,23,39,265,19,246,18.960244648318042,7.033639143730887,11.926605504587156,81.03975535168195,5.81039755351682,75.22935779816514
E00028294,187,27,9,18,160,11,149,14.43850267379679,4.81283422459893,9.62566844919786,85.56149732620321,5.88235294117647,79.67914438502673
E00028295,219,48,24,24,171,23,148,21.91780821917808,10.95890410958904,10.95890410958904,78.08219178082192,10.50228310502283,67.57990867579909
E00028296,301,58,26,32,243,24,219,19.269102990033225,8.637873754152823,10.631229235880399,80.73089700996677,7.973421926910299,72.75747508305648
E00028297,432,62,22,40,370,27,343,14.351851851851851,5.092592592592593,9.25925925925926,85.64814814814815,6.25,79.39814814814815
E00028298,292,41,17,24,251,31,220,14.04109589041096,5.821917808219178,8.21917808219178,85.95890410958904,10.616438356164384,75.34246575342466
E00028299,222,86,45,41,136,12,124,38.73873873873874,20.27027027027027,18.46846846846847,61.261261261261254,5.405405405405405,55.85585585585585
E00028300,499,120,48,72,379,44,335,24.04809619238477,9.619238476953909,14.428857715430862,75.95190380761522,8.817635270541082,67.13426853707415
E00028301,299,78,44,34,221,17,204,26.08695652173913,14.715719063545151,11.37123745819398,73.91304347826086,5.68561872909699,68.22742474916387
E00028302,326,70,33,37,256,27,229,21.472392638036812,10.122699386503067,11.349693251533742,78.52760736196319,8.282208588957054,70.24539877300614
E00028304,286,51,16,35,235,32,203,17.832167832167833,5.594405594405594,12.237762237762238,82.16783216783216,11.188811188811188,70.97902097902097
E00028305,259,52,23,29,207,24,183,20.077220077220076,8.880308880308881,11.196911196911197,79.92277992277992,9.266409266409266,70.65637065637065
E00028307,420,71,25,46,349,30,319,16.904761904761905,5.952380952380952,10.952380952380953,83.0952380952381,7.142857142857142,75.95238095238095
E00028308,233,44,23,21,189,16,173,18.88412017167382,9.871244635193133,9.012875536480687,81.11587982832617,6.866952789699571,74.2489270386266
E00028309,292,51,25,26,241,22,219,17.465753424657535,8.561643835616438,8.904109589041095,82.53424657534246,7.534246575342466,75
E00028311,363,63,28,35,300,21,279,17.355371900826448,7.7134986225895315,9.641873278236915,82.64462809917356,5.785123966942149,76.85950413223141
E00028312,366,73,29,44,293,25,268,19.94535519125683,7.923497267759563,12.021857923497267,80.05464480874316,6.830601092896176,73.224043715847
E00028313,443,103,46,57,340,21,319,23.25056433408578,10.383747178329571,12.866817155756207,76.74943566591422,4.740406320541761,72.00902934537245
E00028314,349,61,25,36,288,30,258,17.478510028653297,7.163323782234957,10.315186246418339,82.52148997134671,8.595988538681947,73.92550143266476
E00028315,154,50,28,22,104,7,97,32.467532467532465,18.181818181818183,14.285714285714285,67.53246753246754,4.545454545454546,62.98701298701299
E00028316,179,20,8,12,159,16,143,11.1731843575419,4.4692737430167595,6.70391061452514,88.8268156424581,8.938547486033519,79.88826815642457
E00028317,134,51,28,23,83,11,72,38.059701492537314,20.8955223880597,17.16417910447761,61.940298507462686,8.208955223880597,53.73134328358209
E00028318,345,66,28,38,279,16,263,19.130434782608695,8.115942028985506,11.014492753623188,80.8695652173913,4.63768115942029,76.23188405797102
E00028319,196,73,36,37,123,9,114,37.244897959183675,18.367346938775512,18.877551020408163,62.755102040816325,4.591836734693878,58.16326530612245
E00028320,366,49,19,30,317,33,284,13.387978142076504,5.191256830601093,8.19672131147541,86.6120218579235,9.01639344262295,77.59562841530054
E00028321,278,68,32,36,210,14,196,24.46043165467626,11.510791366906476,12.949640287769784,75.53956834532374,5.0359712230215825,70.50359712230215
E00028322,273,53,21,32,220,23,197,19.413919413919416,7.6923076923076925,11.72161172161172,80.58608058608058,8.424908424908425,72.16117216117216
E00028323,336,48,14,34,288,18,270,14.285714285714285,4.166666666666666,10.119047619047619,85.71428571428571,5.357142857142857,80.35714285714286
E00028324,363,62,20,42,301,29,272,17.079889807162534,5.5096418732782375,11.570247933884298,82.92011019283747,7.988980716253444,74.93112947658402
E00028325,295,63,35,28,232,27,205,21.35593220338983,11.864406779661017,9.491525423728813,78.64406779661017,9.152542372881356,69.49152542372882
E00028327,280,43,26,17,237,16,221,15.357142857142858,9.285714285714286,6.071428571428571,84.64285714285714,5.714285714285714,78.92857142857143
E00172361,386,71,34,37,315,21,294,18.393782383419687,8.808290155440414,9.585492227979273,81.60621761658031,5.4404145077720205,76.16580310880829
E00172362,336,44,10,34,292,25,267,13.095238095238097,2.976190476190476,10.119047619047619,86.90476190476191,7.440476190476191,79.46428571428571
E00172363,563,170,54,116,393,41,352,30.19538188277087,9.591474245115453,20.603907637655418,69.80461811722914,7.282415630550622,62.522202486678516
E00172364,393,108,59,49,285,16,269,27.480916030534353,15.012722646310433,12.46819338422392,72.51908396946564,4.071246819338422,68.44783715012723
E00172365,296,42,20,22,254,8,246,14.18918918918919,6.756756756756757,7.4324324324324325,85.8108108108108,2.7027027027027026,83.1081081081081
E00172366,294,50,28,22,244,10,234,17.006802721088434,9.523809523809524,7.482993197278912,82.99319727891157,3.4013605442176873,79.59183673469387
E00172367,350,45,15,30,305,28,277,12.857142857142856,4.285714285714286,8.571428571428571,87.14285714285714,8,79.14285714285715
E00172368,486,73,26,47,413,30,383,15.020576131687244,5.349794238683128,9.670781893004115,84.97942386831275,6.172839506172839,78.80658436213992
E00172369,410,26,11,15,384,24,360,6.341463414634147,2.682926829268293,3.6585365853658534,93.65853658536587,5.853658536585367,87.8048780487805
E00172370,310,45,14,31,265,30,235,14.516129032258066,4.516129032258064,10,85.48387096774194,9.67741935483871,75.80645161290323
E00172371,168,37,14,23,131,10,121,22.023809523809522,8.333333333333332,13.690476190476192,77.97619047619048,5.952380952380952,72.02380952380952
E00181718,129,49,22,27,80,6,74,37.98449612403101,17.05426356589147,20.930232558139537,62.01550387596899,4.651162790697675,57.36434108527132
E00181719,268,65,27,38,203,11,192,24.253731343283583,10.074626865671641,14.17910447761194,75.74626865671642,4.104477611940299,71.64179104477611
E00181724,443,29,11,18,414,27,387,6.5462753950338595,2.4830699774266365,4.063205417607223,93.45372460496614,6.094808126410835,87.3589164785553
E00181725,281,47,14,33,234,20,214,16.72597864768683,4.98220640569395,11.743772241992882,83.27402135231317,7.11743772241993,76.15658362989323
E00181726,308,18,7,11,290,29,261,5.844155844155844,2.272727272727273,3.571428571428571,94.15584415584416,9.415584415584416,84.74025974025975
E00181731,252,23,6,17,229,12,217,9.126984126984127,2.380952380952381,6.746031746031746,90.87301587301587,4.761904761904762,86.11111111111111
E00181735,354,42,16,26,312,19,293,11.864406779661017,4.519774011299435,7.344632768361582,88.13559322033898,5.367231638418079,82.7683615819209
E00181740,378,90,38,52,288,17,271,23.809523809523807,10.052910052910052,13.756613756613756,76.19047619047619,4.497354497354497,71.6931216931217
E00181741,622,43,14,29,579,37,542,6.913183279742766,2.2508038585209005,4.662379421221865,93.08681672025723,5.94855305466238,87.13826366559485
E00181743,118,23,9,14,95,2,93,19.491525423728813,7.627118644067797,11.864406779661017,80.50847457627118,1.694915254237288,78.8135593220339
E00181745,285,33,14,19,252,28,224,11.578947368421053,4.912280701754386,6.666666666666667,88.42105263157895,9.824561403508772,78.59649122807018
E00181750,340,57,31,26,283,10,273,16.76470588235294,9.117647058823529,7.647058823529412,83.23529411764706,2.941176470588235,80.29411764705883
E00181752,545,90,45,45,455,14,441,16.51376146788991,8.256880733944955,8.256880733944955,83.4862385321101,2.5688073394495414,80.91743119266054
E00181757,164,14,7,7,150,5,145,8.536585365853659,4.2682926829268295,4.2682926829268295,91.46341463414635,3.048780487804878,88.41463414634147
E00181759,508,76,37,39,432,57,375,14.960629921259844,7.283464566929133,7.677165354330709,85.03937007874016,11.220472440944881,73.81889763779527
E00181760,282,51,19,32,231,16,215,18.085106382978726,6.73758865248227,11.347517730496454,81.91489361702128,5.673758865248227,76.24113475177306
E00181761,173,37,23,14,136,10,126,21.38728323699422,13.294797687861271,8.092485549132949,78.61271676300578,5.780346820809249,72.83236994219652
E00181764,299,21,8,13,278,24,254,7.023411371237458,2.6755852842809364,4.3478260869565215,92.97658862876254,8.02675585284281,84.94983277591973
E00181767,180,29,21,8,151,2,149,16.11111111111111,11.666666666666666,4.444444444444445,83.88888888888889,1.1111111111111112,82.77777777777777
E00181768,374,24,5,19,350,29,321,6.417112299465241,1.3368983957219251,5.080213903743315,93.58288770053476,7.754010695187167,85.828877005347593
E00181770,290,52,25,27,238,23,215,17.93103448275862,8.620689655172415,9.310344827586208,82.06896551724138,7.931034482758621,74.13793103448276
E00181781,273,19,8,11,254,12,242,6.95970695970696,2.93040293040293,4.029304029304029,93.04029304029304,4.395604395604396,88.64468864468864
E00181782,332,46,24,22,286,13,273,13.855421686746988,7.228915662650602,6.626506024096386,86.14457831325302,3.91566265060241,82.2289156626506
E00181785,462,52,20,32,410,28,382,11.255411255411255,4.329004329004329,6.926406926406926,88.74458874458875,6.0606060606060606,82.68398268398268
E00181789,534,83,30,53,451,21,430,15.543071161048688,5.617977528089887,9.925093632958802,84.45692883895131,3.932584269662921,80.52434456928839
E00181798,589,63,20,43,526,56,470,10.69609507640068,3.395585738539898,7.30050933786078,89.30390492359932,9.507640067911714,79.79626485568761
E00181802,428,41,10,31,387,23,364,9.579439252336448,2.336448598130841,7.242990654205607,90.42056074766354,5.373831775700935,85.04672897196261
E00181806,389,113,67,46,276,20,256,29.048843187660665,17.223650385604113,11.825192802056556,70.95115681233933,5.141388174807198,65.80976863753213
E00181810,248,29,7,22,219,29,190,11.693548387096774,2.82258064516129,8.870967741935484,88.30645161290323,11.693548387096774,76.61290322580645
E00181818,142,31,14,17,111,8,103,21.830985915492956,9.859154929577464,11.971830985915492,78.16901408450704,5.633802816901409,72.53521126760563
E00181821,161,18,5,13,143,9,134,11.180124223602485,3.1055900621118013,8.074534161490684,88.81987577639751,5.590062111801243,83.22981366459628
