OA,ts0380001,ts0380002,ts0380003,ts0380004,ts0380005,ts0380006,ts0380007,ts0380002_PCT,ts0380003_PCT,ts0380004_PCT,ts0380005_PCT,ts0380006_PCT,ts0380007_PCT
E00004854,283,31,10,21,252,19,233,10.954063604240282,3.53356890459364,7.420494699646643,89.04593639575971,6.713780918727916,82.3321554770318
E00004855,306,51,25,26,255,11,244,16.666666666666664,8.169934640522875,8.49673202614379,83.33333333333334,3.594771241830065,79.73856209150327
E00004856,255,33,12,21,222,16,206,12.941176470588237,4.705882352941177,8.235294117647058,87.05882352941177,6.2745098039215685,80.7843137254902
E00004857,441,108,73,35,333,18,315,24.489795918367346,16.55328798185941,7.936507936507936,75.51020408163265,4.081632653061225,71.42857142857143
E00004858,331,72,39,33,259,13,246,21.75226586102719,11.782477341389729,9.969788519637463,78.24773413897282,3.927492447129909,74.32024169184291
E00004859,453,72,48,24,381,21,360,15.894039735099339,10.596026490066226,5.298013245033113,84.10596026490066,4.635761589403973,79.47019867549669
E00004860,164,32,12,20,132,9,123,19.51219512195122,7.317073170731707,12.195121951219512,80.48780487804879,5.487804878048781,75
E00004861,297,45,18,27,252,11,241,15.151515151515152,6.0606060606060606,9.090909090909092,84.84848484848484,3.7037037037037033,81.14478114478115
E00004862,288,30,11,19,258,16,242,10.416666666666668,3.8194444444444446,6.597222222222222,89.58333333333334,5.555555555555555,84.02777777777779
E00004863,272,22,5,17,250,13,237,8.088235294117647,1.8382352941176472,6.25,91.91176470588235,4.779411764705882,87.13235294117648
E00004864,367,61,22,39,306,20,286,16.62125340599455,5.994550408719346,10.626702997275205,83.37874659400545,5.449591280653951,77.9291553133515
E00004865,309,37,16,21,272,25,247,11.974110032362459,5.177993527508091,6.796116504854369,88.02588996763754,8.090614886731391,79.93527508090615
E00004866,396,51,29,22,345,20,325,12.878787878787879,7.3232323232323235,5.555555555555555,87.12121212121212,5.05050505050505,82.07070707070707
E00004867,249,33,18,15,216,11,205,13.253012048192772,7.228915662650602,6.024096385542169,86.74698795180723,4.417670682730924,82.32931726907631
E00004868,240,19,5,14,221,18,203,7.916666666666666,2.083333333333333,5.833333333333333,92.08333333333333,7.5,84.58333333333333
E00004869,226,35,15,20,191,13,178,15.486725663716813,6.637168141592921,8.849557522123893,84.51327433628319,5.752212389380531,78.76106194690266
E00004870,248,32,15,17,216,10,206,12.903225806451612,6.048387096774194,6.854838709677419,87.09677419354838,4.032258064516129,83.06451612903226
E00004871,346,45,11,34,301,13,288,13.005780346820808,3.1791907514450863,9.826589595375722,86.9942196531792,3.7572254335260116,83.23699421965318
E00004872,270,34,13,21,236,22,214,12.592592592592592,4.814814814814815,7.777777777777778,87.4074074074074,8.148148148148149,79.25925925925927
E00004873,330,47,18,29,283,20,263,14.242424242424242,5.454545454545454,8.787878787878787,85.75757575757575,6.0606060606060606,79.6969696969697
E00004874,332,54,18,36,278,20,258,16.265060240963855,5.421686746987952,10.843373493975903,83.73493975903614,6.024096385542169,77.71084337349397
E00004875,235,33,11,22,202,17,185,14.042553191489363,4.680851063829787,9.361702127659575,85.95744680851064,7.234042553191489,78.72340425531915
E00004876,302,24,10,14,278,10,268,7.9470198675496695,3.3112582781456954,4.635761589403973,92.05298013245033,3.3112582781456954,88.74172185430463
E00004877,298,36,11,25,262,22,240,12.080536912751679,3.691275167785235,8.389261744966444,87.91946308724832,7.38255033557047,80.53691275167785
E00004878,312,39,11,28,273,23,250,12.5,3.5256410256410255,8.974358974358974,87.5,7.371794871794872,80.12820512820514
E00004879,273,29,15,14,244,11,233,10.622710622710622,5.4945054945054945,5.128205128205128,89.37728937728939,4.029304029304029,85.34798534798534
E00004880,246,29,14,15,217,10,207,11.788617886178862,5.691056910569105,6.097560975609756,88.21138211382113,4.0650406504065035,84.14634146341463
E00004881,146,38,16,22,108,8,100,26.027397260273972,10.95890410958904,15.068493150684931,73.97260273972603,5.47945205479452,68.4931506849315
E00004882,319,44,17,27,275,24,251,13.793103448275861,5.329153605015674,8.463949843260188,86.20689655172413,7.523510971786834,78.68338557993731
E00004883,344,38,10,28,306,22,284,11.046511627906977,2.9069767441860463,8.13953488372093,88.95348837209302,6.395348837209303,82.55813953488372
E00004884,588,54,19,35,534,27,507,9.183673469387756,3.231292517006803,5.952380952380952,90.81632653061224,4.591836734693878,86.22448979591837
E00004885,438,42,18,24,396,18,378,9.58904109589041,4.10958904109589,5.47945205479452,90.41095890410958,4.10958904109589,86.3013698630137
E00004886,317,58,13,45,259,16,243,18.29652996845426,4.100946372239748,14.195583596214512,81.70347003154575,5.047318611987381,76.65615141955836
E00004887,236,47,26,21,189,14,175,19.915254237288135,11.016949152542372,8.898305084745763,80.08474576271186,5.932203389830509,74.15254237288136
E00004888,203,27,11,16,176,7,169,13.30049261083744,5.41871921182266,7.8817733990147785,86.69950738916256,3.4482758620689653,83.2512315270936
E00004889,305,42,17,25,263,18,245,13.77049180327869,5.573770491803279,8.19672131147541,86.22950819672131,5.901639344262295,80.32786885245902
E00004890,229,28,9,19,201,7,194,12.22707423580786,3.9301310043668125,8.296943231441048,87.77292576419214,3.056768558951965,84.71615720524017
E00004891,250,49,21,28,201,12,189,19.6,8.4,11.200000000000001,80.4,4.8,75.6
E00004892,446,69,19,50,377,16,361,15.47085201793722,4.260089686098654,11.210762331838566,84.52914798206278,3.587443946188341,80.94170403587444
E00004893,257,50,30,20,207,23,184,19.45525291828794,11.673151750972762,7.782101167315175,80.54474708171206,8.949416342412452,71.59533073929961
E00004894,273,34,13,21,239,7,232,12.454212454212454,4.761904761904762,7.6923076923076925,87.54578754578755,2.564102564102564,84.98168498168498
E00004895,224,23,12,11,201,20,181,10.267857142857142,5.357142857142857,4.910714285714286,89.73214285714286,8.928571428571429,80.80357142857143
E00004896,290,42,14,28,248,19,229,14.482758620689657,4.827586206896552,9.655172413793103,85.51724137931035,6.551724137931035,78.96551724137932
E00004897,296,29,11,18,267,18,249,9.797297297297296,3.7162162162162162,6.081081081081082,90.2027027027027,6.081081081081082,84.12162162162163
E00004898,287,35,20,15,252,18,234,12.195121951219512,6.968641114982578,5.2264808362369335,87.8048780487805,6.2717770034843205,81.53310104529616
E00004899,301,85,62,23,216,12,204,28.23920265780731,20.59800664451827,7.641196013289036,71.76079734219269,3.9867109634551494,67.77408637873754
E00004900,300,34,14,20,266,22,244,11.333333333333332,4.666666666666667,6.666666666666667,88.66666666666667,7.333333333333333,81.33333333333333
E00004901,304,59,17,42,245,15,230,19.407894736842106,5.592105263157895,13.815789473684212,80.5921052631579,4.934210526315789,75.6578947368421
E00004902,339,54,26,28,285,19,266,15.929203539823009,7.669616519174041,8.259587020648967,84.070796460177,5.604719764011799,78.46607669616519
E00004904,289,37,11,26,252,15,237,12.802768166089965,3.8062283737024223,8.996539792387544,87.19723183391004,5.190311418685121,82.00692041522491
E00004905,297,36,16,20,261,13,248,12.121212121212121,5.387205387205387,6.7340067340067336,87.87878787878788,4.377104377104377,83.5016835016835
E00004906,289,20,6,14,269,11,258,6.920415224913495,2.0761245674740483,4.844290657439446,93.07958477508652,3.8062283737024223,89.27335640138409
E00004907,292,35,11,24,257,19,238,11.986301369863012,3.767123287671233,8.21917808219178,88.01369863013699,6.506849315068493,81.5068493150685
E00004908,290,33,14,19,257,23,234,11.379310344827587,4.827586206896552,6.551724137931035,88.62068965517241,7.931034482758621,80.6896551724138
E00004909,371,53,22,31,318,26,292,14.285714285714285,5.929919137466308,8.355795148247978,85.71428571428571,7.008086253369273,78.70619946091644
E00004910,259,39,15,24,220,14,206,15.057915057915059,5.7915057915057915,9.266409266409266,84.94208494208493,5.405405405405405,79.53667953667953
E00004911,289,41,15,26,248,12,236,14.186851211072666,5.190311418685121,8.996539792387544,85.81314878892734,4.1522491349480966,81.66089965397923
E00004912,314,36,12,24,278,17,261,11.464968152866243,3.821656050955414,7.643312101910828,88.53503184713377,5.414012738853503,83.12101910828027
E00004913,228,44,18,26,184,9,175,19.298245614035086,7.894736842105263,11.403508771929824,80.7017543859649,3.9473684210526314,76.75438596491229
E00004914,334,48,15,33,286,27,259,14.37125748502994,4.491017964071856,9.880239520958083,85.62874251497006,8.08383233532934,77.54491017964071
E00004916,340,86,37,49,254,17,237,25.294117647058822,10.882352941176471,14.411764705882351,74.70588235294117,5,69.70588235294117
E00004917,377,83,34,49,294,17,277,22.015915119363395,9.018567639257293,12.9973474801061,77.9840848806366,4.509283819628647,73.47480106100795
E00004918,385,88,40,48,297,21,276,22.857142857142858,10.38961038961039,12.467532467532468,77.14285714285715,5.454545454545454,71.68831168831169
E00004920,199,50,25,25,149,13,136,25.125628140703515,12.562814070351758,12.562814070351758,74.87437185929649,6.532663316582915,68.34170854271356
E00004921,396,88,47,41,308,23,285,22.22222222222222,11.868686868686869,10.353535353535353,77.77777777777779,5.808080808080808,71.96969696969697
E00004922,347,58,18,40,289,29,260,16.714697406340058,5.187319884726225,11.527377521613833,83.28530259365994,8.357348703170029,74.92795389048992
E00004923,337,28,13,15,309,16,293,8.30860534124629,3.857566765578635,4.451038575667656,91.69139465875371,4.747774480712167,86.94362017804154
E00004924,299,51,25,26,248,14,234,17.05685618729097,8.361204013377927,8.695652173913043,82.94314381270902,4.682274247491638,78.26086956521739
E00004925,343,51,25,26,292,27,265,14.868804664723031,7.288629737609329,7.580174927113703,85.13119533527697,7.871720116618077,77.25947521865889
E00004926,335,32,10,22,303,24,279,9.55223880597015,2.9850746268656714,6.567164179104477,90.44776119402985,7.164179104477612,83.28358208955224
E00004927,341,41,17,24,300,23,277,12.023460410557185,4.9853372434017595,7.038123167155426,87.97653958944281,6.744868035190615,81.23167155425219
E00004928,397,49,24,25,348,33,315,12.34256926952141,6.045340050377834,6.297229219143577,87.6574307304786,8.312342569269521,79.34508816120906
E00004929,261,40,14,26,221,11,210,15.32567049808429,5.363984674329502,9.961685823754788,84.67432950191571,4.21455938697318,80.45977011494253
E00004930,342,40,13,27,302,27,275,11.695906432748536,3.8011695906432745,7.894736842105263,88.30409356725146,7.894736842105263,80.4093567251462
E00004931,328,49,20,29,279,23,256,14.939024390243901,6.097560975609756,8.841463414634147,85.0609756097561,7.01219512195122,78.04878048780488
E00004932,363,50,16,34,313,20,293,13.774104683195592,4.40771349862259,9.366391184573002,86.22589531680441,5.5096418732782375,80.71625344352617
E00004933,376,40,14,26,336,27,309,10.638297872340425,3.723404255319149,6.914893617021277,89.36170212765957,7.180851063829788,82.18085106382979
E00004934,341,50,15,35,291,16,275,14.66275659824047,4.398826979472141,10.263929618768328,85.33724340175954,4.69208211143695,80.64516129032258
E00004935,333,49,17,32,284,20,264,14.714714714714713,5.105105105105105,9.60960960960961,85.28528528528528,6.006006006006006,79.27927927927928
E00004936,468,65,25,40,403,33,370,13.88888888888889,5.3418803418803416,8.547008547008547,86.11111111111111,7.051282051282051,79.05982905982906
E00004937,412,58,28,30,354,29,325,14.077669902912621,6.796116504854369,7.281553398058252,85.92233009708737,7.038834951456311,78.88349514563106
E00004938,372,61,20,41,311,38,273,16.397849462365592,5.376344086021505,11.021505376344086,83.60215053763442,10.21505376344086,73.38709677419355
E00004939,332,40,12,28,292,24,268,12.048192771084338,3.614457831325301,8.433734939759036,87.95180722891565,7.228915662650602,80.72289156626506
E00004940,315,40,14,26,275,28,247,12.698412698412698,4.444444444444445,8.253968253968253,87.3015873015873,8.88888888888889,78.41269841269842
E00004941,329,45,16,29,284,22,262,13.677811550151976,4.86322188449848,8.814589665653495,86.32218844984803,6.68693009118541,79.63525835866263
E00004942,294,34,14,20,260,20,240,11.564625850340136,4.761904761904762,6.802721088435375,88.43537414965986,6.802721088435375,81.63265306122449
E00004943,308,42,14,28,266,21,245,13.636363636363635,4.545454545454546,9.090909090909092,86.36363636363636,6.8181818181818175,79.54545454545455
E00004944,348,73,35,38,275,20,255,20.977011494252874,10.057471264367816,10.919540229885058,79.02298850574712,5.747126436781609,73.27586206896551
E00004945,375,67,27,40,308,17,291,17.866666666666667,7.199999999999999,10.666666666666668,82.13333333333334,4.533333333333333,77.60000000000001
E00004946,315,84,43,41,231,19,212,26.666666666666668,13.65079365079365,13.015873015873018,73.33333333333333,6.031746031746032,67.3015873015873
E00004947,314,49,23,26,265,28,237,15.605095541401273,7.32484076433121,8.280254777070063,84.39490445859873,8.9171974522293,75.47770700636943
E00004948,341,36,13,23,305,15,290,10.557184750733137,3.812316715542522,6.744868035190615,89.44281524926686,4.398826979472141,85.04398826979472
E00004949,299,28,10,18,271,27,244,9.364548494983277,3.3444816053511706,6.0200668896321075,90.63545150501672,9.03010033444816,81.60535117056857
E00004950,335,78,40,38,257,11,246,23.283582089552237,11.940298507462686,11.343283582089553,76.71641791044776,3.2835820895522385,73.43283582089552
E00004951,369,37,11,26,332,28,304,10.02710027100271,2.9810298102981028,7.046070460704606,89.97289972899729,7.588075880758807,82.38482384823848
E00004952,414,56,31,25,358,16,342,13.526570048309178,7.487922705314009,6.038647342995169,86.47342995169082,3.864734299516908,82.6086956521739
E00004953,360,63,32,31,297,14,283,17.5,8.88888888888889,8.61111111111111,82.5,3.888888888888889,78.61111111111111
E00004954,347,56,22,34,291,24,267,16.138328530259365,6.340057636887608,9.798270893371757,83.86167146974063,6.9164265129683,76.94524495677233
E00004955,367,71,26,45,296,23,273,19.346049046321525,7.084468664850137,12.26158038147139,80.65395095367847,6.267029972752043,74.38692098092643
E00004956,265,34,17,17,231,10,221,12.830188679245284,6.415094339622642,6.415094339622642,87.16981132075472,3.7735849056603774,83.39622641509435
E00004957,320,47,18,29,273,20,253,14.6875,5.625,9.0625,85.3125,6.25,79.0625
E00004958,314,39,20,19,275,10,265,12.420382165605096,6.369426751592357,6.050955414012739,87.57961783439491,3.1847133757961785,84.39490445859873
E00004959,390,42,15,27,348,14,334,10.76923076923077,3.8461538461538463,6.923076923076923,89.23076923076924,3.5897435897435894,85.64102564102564
E00004960,397,37,18,19,360,20,340,9.319899244332493,4.534005037783375,4.785894206549118,90.6801007556675,5.037783375314862,85.64231738035264
E00004961,298,35,13,22,263,15,248,11.74496644295302,4.3624161073825505,7.38255033557047,88.25503355704699,5.033557046979865,83.22147651006712
E00004962,296,47,18,29,249,17,232,15.878378378378377,6.081081081081082,9.797297297297296,84.12162162162163,5.743243243243244,78.37837837837837
E00004963,302,35,17,18,267,15,252,11.589403973509933,5.629139072847682,5.960264900662252,88.41059602649007,4.966887417218543,83.44370860927152
E00004964,371,50,19,31,321,14,307,13.477088948787062,5.121293800539084,8.355795148247978,86.52291105121293,3.7735849056603774,82.74932614555256
E00004965,279,23,12,11,256,14,242,8.24372759856631,4.301075268817205,3.942652329749104,91.75627240143369,5.017921146953405,86.73835125448028
E00004966,395,50,29,21,345,12,333,12.658227848101266,7.341772151898734,5.3164556962025316,87.34177215189874,3.0379746835443036,84.30379746835443
E00004967,285,39,23,16,246,10,236,13.684210526315791,8.070175438596491,5.614035087719298,86.31578947368422,3.508771929824561,82.80701754385966
E00004968,388,33,9,24,355,17,338,8.505154639175258,2.3195876288659796,6.185567010309279,91.49484536082474,4.381443298969072,87.11340206185567
E00004969,251,42,20,22,209,8,201,16.733067729083665,7.968127490039841,8.764940239043826,83.26693227091634,3.187250996015936,80.0796812749004
E00004970,282,36,11,25,246,21,225,12.76595744680851,3.900709219858156,8.865248226950355,87.2340425531915,7.446808510638298,79.7872340425532
E00004971,382,43,19,24,339,15,324,11.2565445026178,4.973821989528796,6.282722513089005,88.7434554973822,3.926701570680628,84.81675392670157
E00004973,367,39,22,17,328,15,313,10.626702997275205,5.994550408719346,4.632152588555858,89.3732970027248,4.087193460490464,85.28610354223434
E00004974,370,38,17,21,332,13,319,10.27027027027027,4.594594594594595,5.675675675675676,89.72972972972974,3.5135135135135136,86.21621621621621
E00004975,386,44,20,24,342,22,320,11.398963730569948,5.181347150259067,6.217616580310881,88.60103626943005,5.699481865284974,82.90155440414507
E00004976,340,48,26,22,292,18,274,14.117647058823529,7.647058823529412,6.470588235294119,85.88235294117646,5.294117647058823,80.58823529411765
E00004977,276,47,20,27,229,14,215,17.02898550724638,7.246376811594203,9.782608695652174,82.97101449275362,5.072463768115942,77.89855072463769
E00004978,267,38,19,19,229,15,214,14.232209737827715,7.116104868913857,7.116104868913857,85.76779026217228,5.617977528089887,80.14981273408239
E00004979,353,38,12,26,315,15,300,10.764872521246458,3.39943342776204,7.365439093484419,89.23512747875354,4.2492917847025495,84.98583569405099
E00004980,372,41,21,20,331,12,319,11.021505376344086,5.64516129032258,5.376344086021505,88.97849462365592,3.225806451612903,85.75268817204301
E00004981,210,30,16,14,180,11,169,14.285714285714285,7.6190476190476195,6.666666666666667,85.71428571428571,5.238095238095238,80.47619047619048
E00004982,267,40,18,22,227,6,221,14.981273408239701,6.741573033707865,8.239700374531834,85.0187265917603,2.247191011235955,82.77153558052434
E00004983,276,40,18,22,236,10,226,14.492753623188406,6.521739130434782,7.971014492753622,85.5072463768116,3.6231884057971016,81.88405797101449
E00004984,247,38,18,20,209,7,202,15.384615384615385,7.28744939271255,8.097165991902834,84.61538461538461,2.834008097165992,81.78137651821862
E00004985,337,53,26,27,284,13,271,15.727002967359049,7.71513353115727,8.011869436201781,84.27299703264094,3.857566765578635,80.41543026706232
E00004986,337,34,14,20,303,10,293,10.089020771513352,4.154302670623145,5.934718100890208,89.91097922848664,2.967359050445104,86.94362017804154
E00004987,450,41,11,30,409,7,402,9.11111111111111,2.4444444444444446,6.666666666666667,90.88888888888889,1.5555555555555556,89.33333333333333
E00004988,308,54,30,24,254,18,236,17.532467532467532,9.740259740259742,7.792207792207792,82.46753246753246,5.844155844155844,76.62337662337663
E00004989,323,35,17,18,288,13,275,10.8359133126935,5.263157894736842,5.572755417956656,89.1640866873065,4.024767801857585,85.13931888544892
E00004990,345,53,17,36,292,20,272,15.36231884057971,4.9275362318840585,10.434782608695652,84.63768115942028,5.797101449275362,78.84057971014494
E00004992,393,52,20,32,341,15,326,13.231552162849871,5.089058524173027,8.142493638676845,86.76844783715013,3.816793893129771,82.95165394402035
E00004993,387,41,19,22,346,19,327,10.594315245478036,4.909560723514212,5.684754521963824,89.40568475452196,4.909560723514212,84.49612403100775
E00004994,339,53,19,34,286,11,275,15.634218289085547,5.604719764011799,10.029498525073747,84.36578171091446,3.2448377581120944,81.12094395280236
E00004995,377,52,25,27,325,20,305,13.793103448275861,6.631299734748011,7.161803713527852,86.20689655172413,5.305039787798409,80.90185676392572
E00004996,285,37,11,26,248,14,234,12.982456140350877,3.8596491228070176,9.12280701754386,87.01754385964912,4.912280701754386,82.10526315789474
E00004998,303,33,17,16,270,16,254,10.891089108910892,5.6105610561056105,5.2805280528052805,89.10891089108911,5.2805280528052805,83.82838283828383
E00004999,322,45,10,35,277,13,264,13.975155279503104,3.1055900621118013,10.869565217391305,86.0248447204969,4.037267080745342,81.98757763975155
E00005000,477,108,55,53,369,28,341,22.641509433962266,11.530398322851152,11.11111111111111,77.35849056603774,5.870020964360587,71.48846960167715
E00005001,371,49,31,18,322,12,310,13.20754716981132,8.355795148247978,4.8517520215633425,86.79245283018868,3.234501347708895,83.55795148247978
E00005002,389,58,28,30,331,29,302,14.910025706940875,7.197943444730077,7.712082262210797,85.08997429305913,7.455012853470437,77.6349614395887
E00005003,318,44,25,19,274,0,274,13.836477987421384,7.861635220125786,5.9748427672955975,86.16352201257862,0,86.16352201257862
E00005004,321,40,21,19,281,12,269,12.461059190031152,6.5420560747663545,5.919003115264798,87.53894080996885,3.7383177570093453,83.8006230529595
E00005005,306,37,19,18,269,14,255,12.091503267973856,6.209150326797386,5.88235294117647,87.90849673202614,4.57516339869281,83.33333333333334
E00005006,330,41,16,25,289,6,283,12.424242424242424,4.848484848484849,7.575757575757576,87.57575757575758,1.8181818181818181,85.75757575757575
E00005007,474,62,24,38,412,14,398,13.080168776371309,5.063291139240507,8.016877637130802,86.91983122362869,2.9535864978902953,83.96624472573839
E00005008,367,44,16,28,323,16,307,11.989100817438691,4.35967302452316,7.629427792915531,88.0108991825613,4.35967302452316,83.65122615803816
E00005009,424,77,44,33,347,23,324,18.160377358490564,10.377358490566039,7.783018867924528,81.83962264150944,5.4245283018867925,76.41509433962264
E00005011,502,82,41,41,420,23,397,16.334661354581673,8.167330677290837,8.167330677290837,83.66533864541833,4.581673306772909,79.08366533864542
E00005012,321,48,20,28,273,16,257,14.953271028037381,6.230529595015576,8.722741433021806,85.04672897196261,4.984423676012461,80.06230529595015
E00005013,374,60,32,28,314,16,298,16.042780748663102,8.55614973262032,7.4866310160427805,83.9572192513369,4.27807486631016,79.67914438502673
E00005014,383,40,16,24,343,16,327,10.443864229765012,4.177545691906006,6.266318537859007,89.55613577023499,4.177545691906006,85.37859007832898
E00005015,509,55,28,27,454,17,437,10.805500982318271,5.50098231827112,5.304518664047151,89.19449901768172,3.3398821218074657,85.85461689587426
E00005016,394,62,34,28,332,26,306,15.736040609137056,8.629441624365482,7.1065989847715745,84.26395939086294,6.598984771573605,77.66497461928934
E00005017,301,47,21,26,254,8,246,15.614617940199334,6.976744186046512,8.637873754152823,84.38538205980066,2.6578073089700998,81.72757475083057
E00005018,333,46,29,17,287,8,279,13.813813813813812,8.708708708708707,5.105105105105105,86.18618618618619,2.4024024024024024,83.78378378378379
E00005019,399,43,15,28,356,16,340,10.776942355889723,3.7593984962406015,7.017543859649122,89.22305764411027,4.010025062656641,85.21303258145363
E00005021,356,55,24,31,301,23,278,15.44943820224719,6.741573033707865,8.707865168539326,84.5505617977528,6.460674157303371,78.08988764044943
E00005022,245,31,14,17,214,9,205,12.653061224489795,5.714285714285714,6.938775510204081,87.34693877551021,3.6734693877551026,83.6734693877551
E00005023,453,45,14,31,408,12,396,9.933774834437086,3.090507726269316,6.843267108167771,90.06622516556291,2.6490066225165565,87.41721854304636
E00005024,285,47,20,27,238,17,221,16.49122807017544,7.017543859649122,9.473684210526317,83.50877192982456,5.964912280701754,77.54385964912281
E00005025,325,41,20,21,284,8,276,12.615384615384615,6.153846153846154,6.461538461538462,87.38461538461539,2.4615384615384617,84.92307692307692
E00005026,155,31,18,13,124,3,121,20,11.612903225806452,8.38709677419355,80,1.935483870967742,78.06451612903226
E00005027,320,41,23,18,279,17,262,12.812499999999998,7.187499999999999,5.625,87.1875,5.3125,81.875
E00005028,461,69,42,27,392,23,369,14.967462039045554,9.11062906724512,5.856832971800434,85.03253796095444,4.989154013015185,80.04338394793926
E00005029,367,56,28,28,311,19,292,15.258855585831062,7.629427792915531,7.629427792915531,84.74114441416893,5.177111716621254,79.56403269754769
E00005030,240,78,44,34,162,16,146,32.5,18.333333333333332,14.166666666666666,67.5,6.666666666666667,60.83333333333333
E00005032,349,44,19,25,305,12,293,12.607449856733524,5.444126074498568,7.163323782234957,87.39255014326648,3.4383954154727796,83.95415472779369
E00005033,321,54,32,22,267,10,257,16.822429906542055,9.968847352024921,6.853582554517133,83.17757009345794,3.115264797507788,80.06230529595015
E00005034,366,72,44,28,294,10,284,19.672131147540984,12.021857923497267,7.650273224043716,80.32786885245902,2.73224043715847,77.59562841530054
E00005035,304,30,17,13,274,6,268,9.868421052631579,5.592105263157895,4.276315789473684,90.13157894736842,1.9736842105263157,88.1578947368421
E00005036,347,54,19,35,293,15,278,15.561959654178676,5.475504322766571,10.086455331412104,84.43804034582134,4.322766570605188,80.11527377521614
E00005039,374,36,17,19,338,13,325,9.62566844919786,4.545454545454546,5.080213903743315,90.37433155080214,3.4759358288770055,86.89839572192514
E00005040,361,46,17,29,315,23,292,12.742382271468145,4.7091412742382275,8.033240997229916,87.25761772853186,6.3711911357340725,80.88642659279779
E00005041,581,79,33,46,502,16,486,13.59724612736661,5.679862306368331,7.917383820998279,86.40275387263338,2.753872633390706,83.64888123924268
E00005042,415,36,19,17,379,14,365,8.674698795180722,4.578313253012048,4.096385542168675,91.32530120481928,3.3734939759036147,87.95180722891565
E00005043,402,43,20,23,359,17,342,10.696517412935323,4.975124378109453,5.721393034825871,89.30348258706468,4.228855721393035,85.07462686567165
E00005044,433,46,14,32,387,20,367,10.623556581986143,3.233256351039261,7.390300230946882,89.37644341801386,4.618937644341801,84.75750577367207
E00005045,364,47,20,27,317,15,302,12.912087912087914,5.4945054945054945,7.417582417582418,87.08791208791209,4.1208791208791204,82.96703296703298
E00005046,495,43,18,25,452,13,439,8.686868686868687,3.6363636363636362,5.05050505050505,91.31313131313131,2.6262626262626263,88.68686868686869
E00005047,336,30,15,15,306,18,288,8.928571428571429,4.464285714285714,4.464285714285714,91.07142857142857,5.357142857142857,85.71428571428571
E00005048,314,50,17,33,264,8,256,15.92356687898089,5.414012738853503,10.509554140127388,84.07643312101911,2.547770700636943,81.52866242038218
E00005049,334,46,19,27,288,19,269,13.77245508982036,5.688622754491018,8.08383233532934,86.22754491017965,5.688622754491018,80.53892215568862
E00005050,471,57,23,34,414,15,399,12.101910828025478,4.8832271762208075,7.218683651804671,87.89808917197452,3.1847133757961785,84.71337579617835
E00005051,370,63,28,35,307,10,297,17.027027027027028,7.567567567567568,9.45945945945946,82.97297297297297,2.7027027027027026,80.27027027027027
E00005052,496,60,30,30,436,20,416,12.096774193548388,6.048387096774194,6.048387096774194,87.90322580645162,4.032258064516129,83.87096774193549
E00005053,312,36,15,21,276,11,265,11.538461538461538,4.807692307692308,6.730769230769231,88.46153846153845,3.5256410256410255,84.93589743589743
E00005054,253,27,12,15,226,10,216,10.67193675889328,4.743083003952568,5.928853754940711,89.32806324110672,3.9525691699604746,85.37549407114624
E00005055,493,80,28,52,413,32,381,16.227180527383368,5.679513184584178,10.547667342799189,83.77281947261663,6.490872210953347,77.28194726166329
E00005056,307,44,15,29,263,28,235,14.332247557003258,4.88599348534202,9.446254071661238,85.66775244299674,9.120521172638437,76.54723127035831
E00005057,345,45,20,25,300,29,271,13.043478260869565,5.797101449275362,7.246376811594203,86.95652173913044,8.405797101449275,78.55072463768116
E00005058,318,44,20,24,274,36,238,13.836477987421384,6.289308176100629,7.547169811320755,86.16352201257862,11.320754716981133,74.84276729559748
E00005059,306,40,14,26,266,26,240,13.071895424836603,4.57516339869281,8.49673202614379,86.9281045751634,8.49673202614379,78.43137254901961
E00005060,283,73,31,42,210,20,190,25.795053003533567,10.954063604240282,14.840989399293287,74.20494699646643,7.06713780918728,67.13780918727915
E00005061,403,74,32,42,329,23,306,18.36228287841191,7.94044665012407,10.421836228287841,81.6377171215881,5.707196029776675,75.93052109181141
E00005062,337,54,28,26,283,13,270,16.023738872403563,8.30860534124629,7.71513353115727,83.97626112759644,3.857566765578635,80.1186943620178
E00005063,342,44,17,27,298,17,281,12.865497076023392,4.970760233918129,7.894736842105263,87.13450292397661,4.970760233918129,82.16374269005848
E00005064,365,37,16,21,328,29,299,10.136986301369863,4.383561643835616,5.7534246575342465,89.86301369863014,7.9452054794520555,81.91780821917808
E00005065,337,52,17,35,285,27,258,15.43026706231454,5.044510385756676,10.385756676557865,84.56973293768546,8.011869436201781,76.55786350148368
E00005066,368,84,33,51,284,16,268,22.82608695652174,8.967391304347826,13.858695652173914,77.17391304347827,4.3478260869565215,72.82608695652173
E00005067,312,31,13,18,281,21,260,9.935897435897436,4.166666666666666,5.769230769230769,90.06410256410257,6.730769230769231,83.33333333333334
E00005068,334,35,11,24,299,24,275,10.479041916167663,3.293413173652695,7.18562874251497,89.52095808383234,7.18562874251497,82.33532934131736
E00005069,302,56,20,36,246,14,232,18.543046357615893,6.622516556291391,11.920529801324504,81.45695364238411,4.635761589403973,76.82119205298014
E00005070,294,32,7,25,262,15,247,10.884353741496598,2.380952380952381,8.503401360544217,89.1156462585034,5.1020408163265305,84.01360544217688
E00005071,221,59,25,34,162,13,149,26.69683257918552,11.312217194570136,15.384615384615385,73.303167420814475,5.88235294117647,67.42081447963801
E00005072,330,40,8,32,290,29,261,12.121212121212121,2.4242424242424243,9.696969696969697,87.87878787878788,8.787878787878787,79.0909090909091
E00005073,312,28,9,19,284,37,247,8.974358974358974,2.8846153846153846,6.089743589743589,91.02564102564102,11.858974358974358,79.16666666666666
E00005074,332,27,8,19,305,22,283,8.132530120481928,2.4096385542168677,5.72289156626506,91.86746987951807,6.626506024096386,85.2409638554217
E00005075,289,30,10,20,259,25,234,10.380622837370241,3.4602076124567476,6.920415224913495,89.61937716262976,8.650519031141869,80.96885813148789
E00005076,271,34,9,25,237,18,219,12.546125461254611,3.3210332103321036,9.22509225092251,87.4538745387454,6.642066420664207,80.81180811808119
E00005077,245,63,20,43,182,13,169,25.71428571428571,8.16326530612245,17.551020408163264,74.28571428571429,5.3061224489795915,68.9795918367347
E00005078,345,44,14,30,301,30,271,12.753623188405797,4.057971014492753,8.695652173913043,87.2463768115942,8.695652173913043,78.55072463768116
E00005079,327,42,14,28,285,28,257,12.844036697247708,4.281345565749235,8.56269113149847,87.1559633027523,8.56269113149847,78.59327217125383
E00005080,362,52,17,35,310,16,294,14.3646408839779,4.696132596685083,9.668508287292818,85.6353591160221,4.41988950276243,81.21546961325967
E00005081,327,47,23,24,280,22,258,14.37308868501529,7.033639143730887,7.339449541284404,85.62691131498471,6.727828746177369,78.89908256880734
E00005082,239,54,32,22,185,14,171,22.594142259414227,13.389121338912133,9.205020920502092,77.40585774058577,5.857740585774058,71.54811715481172
E00005083,409,45,17,28,364,18,346,11.00244498777506,4.156479217603912,6.845965770171149,88.99755501222494,4.400977995110025,84.59657701711491
E00005084,347,35,13,22,312,18,294,10.086455331412104,3.7463976945244957,6.340057636887608,89.9135446685879,5.187319884726225,84.72622478386167
E00005085,252,48,28,20,204,10,194,19.047619047619047,11.11111111111111,7.936507936507936,80.95238095238095,3.968253968253968,76.98412698412699
E00005086,364,38,7,31,326,25,301,10.43956043956044,1.9230769230769231,8.516483516483516,89.56043956043956,6.868131868131869,82.6923076923077
E00005087,324,50,19,31,274,25,249,15.432098765432098,5.864197530864197,9.5679012345679,84.5679012345679,7.716049382716049,76.85185185185185
E00005088,342,44,19,25,298,14,284,12.865497076023392,5.555555555555555,7.309941520467836,87.13450292397661,4.093567251461988,83.04093567251462
E00005089,239,42,15,27,197,13,184,17.573221757322173,6.2761506276150625,11.297071129707113,82.42677824267783,5.439330543933055,76.98744769874477
E00005090,287,38,14,24,249,24,225,13.240418118466899,4.878048780487805,8.362369337979095,86.7595818815331,8.362369337979095,78.397212543554
E00005091,372,39,14,25,333,21,312,10.483870967741936,3.763440860215054,6.720430107526881,89.51612903225806,5.64516129032258,83.87096774193549
E00005092,262,63,21,42,199,24,175,24.045801526717558,8.015267175572518,16.030534351145036,75.95419847328245,9.16030534351145,66.79389312977099
E00005093,254,42,16,26,212,14,198,16.535433070866144,6.299212598425196,10.236220472440944,83.46456692913385,5.511811023622047,77.95275590551181
E00005094,532,71,41,30,461,31,430,13.345864661654137,7.7067669172932325,5.639097744360902,86.65413533834587,5.827067669172932,80.82706766917293
E00005095,363,49,17,32,314,30,284,13.498622589531681,4.683195592286501,8.81542699724518,86.50137741046832,8.264462809917356,78.23691460055096
E00005097,436,56,27,29,380,30,350,12.844036697247708,6.192660550458716,6.651376146788992,87.1559633027523,6.8807339449541285,80.27522935779817
E00005098,362,38,12,26,324,24,300,10.497237569060774,3.314917127071823,7.18232044198895,89.50276243093923,6.629834254143646,82.87292817679558
E00005099,466,74,19,55,392,33,359,15.879828326180256,4.07725321888412,11.802575107296137,84.12017167381974,7.081545064377683,77.03862660944206
E00005100,326,30,8,22,296,38,258,9.202453987730062,2.4539877300613497,6.748466257668712,90.79754601226993,11.65644171779141,79.14110429447852
E00005101,367,36,9,27,331,37,294,9.809264305177113,2.452316076294278,7.3569482288828345,90.19073569482289,10.08174386920981,80.10899182561307
E00005103,311,31,9,22,280,28,252,9.967845659163988,2.8938906752411575,7.07395498392283,90.03215434083602,9.003215434083602,81.02893890675242
E00005104,329,39,15,24,290,34,256,11.854103343465045,4.5592705167173255,7.29483282674772,88.14589665653494,10.33434650455927,77.81155015197568
E00005105,321,55,26,29,266,17,249,17.133956386292834,8.09968847352025,9.034267912772584,82.86604361370716,5.29595015576324,77.57009345794393
E00005106,331,31,17,14,300,26,274,9.365558912386707,5.13595166163142,4.229607250755287,90.6344410876133,7.854984894259818,82.77945619335347
E00005107,342,31,14,17,311,21,290,9.064327485380117,4.093567251461988,4.970760233918129,90.93567251461988,6.140350877192982,84.7953216374269
E00005108,501,64,28,36,437,37,400,12.77445109780439,5.588822355289421,7.18562874251497,87.2255489021956,7.385229540918163,79.84031936127745
E00005109,423,39,17,22,384,31,353,9.219858156028367,4.0189125295508275,5.200945626477541,90.78014184397163,7.328605200945626,83.451536643026
E00005110,335,65,31,34,270,25,245,19.402985074626866,9.253731343283581,10.149253731343283,80.59701492537313,7.462686567164178,73.13432835820896
E00005111,361,37,8,29,324,25,299,10.249307479224377,2.21606648199446,8.033240997229916,89.75069252077562,6.9252077562326875,82.82548476454294
E00005112,312,33,13,20,279,17,262,10.576923076923077,4.166666666666666,6.41025641025641,89.42307692307693,5.448717948717949,83.97435897435898
E00005113,371,47,16,31,324,41,283,12.668463611859837,4.31266846361186,8.355795148247978,87.33153638814017,11.05121293800539,76.28032345013477
E00005114,365,59,28,31,306,37,269,16.164383561643834,7.671232876712329,8.493150684931507,83.83561643835617,10.136986301369863,73.6986301369863
E00005115,520,107,55,52,413,32,381,20.576923076923077,10.576923076923077,10,79.42307692307692,6.153846153846154,73.26923076923076
E00005116,382,31,8,23,351,31,320,8.115183246073299,2.094240837696335,6.020942408376963,91.8848167539267,8.115183246073299,83.7696335078534
E00005117,360,50,16,34,310,25,285,13.88888888888889,4.444444444444445,9.444444444444445,86.11111111111111,6.944444444444445,79.16666666666666
E00005118,460,89,57,32,371,23,348,19.34782608695652,12.391304347826088,6.956521739130435,80.65217391304348,5,75.65217391304347
E00005119,343,41,16,25,302,26,276,11.9533527696793,4.664723032069971,7.288629737609329,88.0466472303207,7.580174927113703,80.466472303207
E00005120,380,52,22,30,328,24,304,13.684210526315791,5.7894736842105265,7.894736842105263,86.31578947368422,6.315789473684211,80
E00005121,378,36,9,27,342,25,317,9.523809523809524,2.380952380952381,7.142857142857142,90.47619047619048,6.613756613756613,83.86243386243386
E00005122,363,38,15,23,325,20,305,10.46831955922865,4.132231404958678,6.336088154269973,89.53168044077135,5.5096418732782375,84.02203856749311
E00005123,401,65,28,37,336,18,318,16.209476309226932,6.982543640897755,9.226932668329177,83.79052369077307,4.488778054862843,79.30174563591022
E00005124,332,42,18,24,290,29,261,12.650602409638553,5.421686746987952,7.228915662650602,87.34939759036145,8.734939759036145,78.6144578313253
E00005125,383,57,22,35,326,31,295,14.882506527415144,5.7441253263707575,9.138381201044385,85.11749347258485,8.093994778067886,77.02349869451697
E00005126,321,43,13,30,278,22,256,13.395638629283487,4.049844236760125,9.345794392523365,86.6043613707165,6.853582554517133,79.75077881619937
E00005127,272,51,18,33,221,16,205,18.75,6.61764705882353,12.132352941176471,81.25,5.88235294117647,75.36764705882352
E00005128,408,39,11,28,369,35,334,9.558823529411764,2.696078431372549,6.862745098039216,90.44117647058823,8.57843137254902,81.86274509803921
E00005129,363,36,12,24,327,29,298,9.917355371900827,3.3057851239669422,6.6115702479338845,90.08264462809917,7.988980716253444,82.09366391184572
E00005130,275,84,51,33,191,21,170,30.545454545454547,18.545454545454547,12,69.45454545454545,7.636363636363637,61.81818181818181
E00005131,609,70,27,43,539,31,508,11.494252873563218,4.433497536945813,7.060755336617405,88.50574712643679,5.0903119868637114,83.41543513957306
E00005132,391,44,8,36,347,24,323,11.253196930946292,2.0460358056265986,9.207161125319693,88.7468030690537,6.138107416879795,82.6086956521739
E00005133,467,64,26,38,403,40,363,13.704496788008566,5.567451820128479,8.137044967880087,86.29550321199143,8.565310492505352,77.73019271948608
E00005134,318,38,14,24,280,18,262,11.949685534591195,4.40251572327044,7.547169811320755,88.0503144654088,5.660377358490567,82.38993710691824
E00005135,312,47,21,26,265,11,254,15.064102564102564,6.730769230769231,8.333333333333332,84.93589743589743,3.5256410256410255,81.41025641025641
E00005136,463,65,27,38,398,19,379,14.038876889848812,5.831533477321814,8.207343412526997,85.96112311015118,4.103671706263499,81.8574514038877
E00005137,359,46,17,29,313,20,293,12.813370473537605,4.735376044568245,8.07799442896936,87.1866295264624,5.571030640668524,81.61559888579387
E00005138,313,30,10,20,283,19,264,9.584664536741213,3.1948881789137378,6.3897763578274756,90.41533546325878,6.070287539936102,84.34504792332268
E00005139,305,50,12,38,255,15,240,16.39344262295082,3.934426229508197,12.459016393442624,83.60655737704919,4.918032786885246,78.68852459016394
E00005140,392,89,49,40,303,19,284,22.70408163265306,12.5,10.204081632653061,77.29591836734694,4.846938775510204,72.44897959183673
E00005141,281,25,12,13,256,11,245,8.896797153024911,4.270462633451958,4.6263345195729535,91.10320284697508,3.9145907473309607,87.18861209964413
E00005142,306,72,41,31,234,19,215,23.52941176470588,13.398692810457517,10.130718954248366,76.47058823529412,6.209150326797386,70.26143790849673
E00005143,274,44,16,28,230,16,214,16.05839416058394,5.839416058394161,10.218978102189782,83.94160583941606,5.839416058394161,78.1021897810219
E00005144,292,70,41,29,222,16,206,23.972602739726025,14.04109589041096,9.931506849315069,76.02739726027397,5.47945205479452,70.54794520547945
E00005145,340,64,36,28,276,15,261,18.823529411764707,10.588235294117647,8.235294117647058,81.17647058823529,4.411764705882353,76.76470588235294
E00005146,291,38,10,28,253,22,231,13.058419243986256,3.436426116838488,9.621993127147768,86.94158075601375,7.560137457044673,79.38144329896907
E00005147,286,47,29,18,239,19,220,16.433566433566433,10.13986013986014,6.293706293706294,83.56643356643356,6.643356643356643,76.92307692307693
E00005148,297,22,6,16,275,21,254,7.4074074074074066,2.0202020202020203,5.387205387205387,92.5925925925926,7.07070707070707,85.52188552188552
E00005149,289,29,10,19,260,21,239,10.034602076124568,3.4602076124567476,6.5743944636678195,89.96539792387543,7.26643598615917,82.69896193771626
E00005150,262,41,11,30,221,20,201,15.648854961832063,4.198473282442748,11.450381679389313,84.35114503816794,7.633587786259542,76.7175572519084
E00005151,334,28,8,20,306,18,288,8.383233532934131,2.3952095808383236,5.9880239520958085,91.61676646706587,5.389221556886228,86.22754491017965
E00005152,257,42,13,29,215,21,194,16.342412451361866,5.058365758754864,11.284046692607005,83.65758754863813,8.171206225680933,75.4863813229572
E00005153,288,44,15,29,244,19,225,15.277777777777779,5.208333333333334,10.069444444444445,84.72222222222221,6.597222222222222,78.125
E00005154,397,50,16,34,347,34,313,12.594458438287154,4.030226700251889,8.564231738035264,87.40554156171285,8.564231738035264,78.84130982367759
E00005155,279,42,19,23,237,16,221,15.053763440860216,6.810035842293908,8.24372759856631,84.94623655913979,5.734767025089606,79.21146953405018
E00005156,307,34,12,22,273,13,260,11.074918566775244,3.908794788273615,7.166123778501629,88.92508143322475,4.234527687296417,84.69055374592834
E00005157,335,37,10,27,298,20,278,11.044776119402986,2.9850746268656714,8.059701492537313,88.95522388059702,5.970149253731343,82.98507462686567
E00005158,296,57,20,37,239,21,218,19.256756756756758,6.756756756756757,12.5,80.74324324324324,7.094594594594595,73.64864864864865
E00005159,270,36,11,25,234,15,219,13.333333333333334,4.074074074074074,9.25925925925926,86.66666666666667,5.555555555555555,81.11111111111111
E00005160,254,37,12,25,217,12,205,14.566929133858267,4.724409448818897,9.84251968503937,85.43307086614173,4.724409448818897,80.70866141732283
E00005161,229,23,7,16,206,17,189,10.043668122270741,3.056768558951965,6.986899563318777,89.95633187772926,7.423580786026202,82.53275109170306
E00005162,320,38,25,13,282,18,264,11.875,7.8125,4.0625,88.125,5.625,82.5
E00005163,256,29,9,20,227,16,211,11.328125,3.515625,7.8125,88.671875,6.25,82.421875
E00005164,268,37,15,22,231,18,213,13.805970149253731,5.597014925373134,8.208955223880597,86.19402985074626,6.7164179104477615,79.47761194029852
E00005165,316,27,7,20,289,18,271,8.544303797468354,2.2151898734177213,6.329113924050633,91.45569620253164,5.69620253164557,85.75949367088607
E00005166,405,46,19,27,359,21,338,11.358024691358025,4.691358024691358,6.666666666666667,88.64197530864197,5.185185185185185,83.4567901234568
E00005167,311,21,4,17,290,25,265,6.752411575562702,1.2861736334405145,5.466237942122187,93.2475884244373,8.038585209003216,85.20900321543408
E00005168,191,19,9,10,172,11,161,9.947643979057592,4.712041884816754,5.2356020942408374,90.0523560209424,5.7591623036649215,84.29319371727748
E00005169,279,35,17,18,244,19,225,12.544802867383511,6.093189964157706,6.451612903225806,87.45519713261649,6.810035842293908,80.64516129032258
E00005170,299,38,14,24,261,17,244,12.709030100334449,4.682274247491638,8.02675585284281,87.29096989966555,5.68561872909699,81.60535117056857
E00005171,512,55,17,38,457,28,429,10.7421875,3.3203125,7.421875,89.2578125,5.46875,83.7890625
E00005172,200,24,10,14,176,11,165,12,5,7.000000000000001,88,5.5,82.5
E00005173,226,31,15,16,195,9,186,13.716814159292035,6.637168141592921,7.079646017699115,86.28318584070797,3.982300884955752,82.30088495575221
E00005174,225,21,5,16,204,15,189,9.333333333333334,2.2222222222222223,7.111111111111111,90.66666666666666,6.666666666666667,84
E00005175,268,31,9,22,237,16,221,11.567164179104477,3.3582089552238807,8.208955223880597,88.43283582089553,5.970149253731343,82.46268656716418
E00005176,319,44,15,29,275,29,246,13.793103448275861,4.702194357366771,9.090909090909092,86.20689655172413,9.090909090909092,77.11598746081505
E00005177,276,30,10,20,246,17,229,10.869565217391305,3.6231884057971016,7.246376811594203,89.13043478260869,6.159420289855073,82.97101449275362
E00005178,290,28,11,17,262,16,246,9.655172413793103,3.793103448275862,5.862068965517241,90.3448275862069,5.517241379310345,84.82758620689656
E00005179,314,41,18,23,273,28,245,13.05732484076433,5.7324840764331215,7.32484076433121,86.94267515923568,8.9171974522293,78.02547770700637
E00005180,449,66,35,31,383,28,355,14.699331848552339,7.795100222717149,6.904231625835189,85.30066815144765,6.23608017817372,79.06458797327394
E00005181,278,33,17,16,245,15,230,11.870503597122301,6.115107913669065,5.755395683453238,88.12949640287769,5.39568345323741,82.73381294964028
E00005182,233,24,12,12,209,10,199,10.300429184549357,5.150214592274678,5.150214592274678,89.69957081545064,4.291845493562231,85.40772532188842
E00005183,287,56,38,18,231,15,216,19.51219512195122,13.240418118466899,6.2717770034843205,80.48780487804879,5.2264808362369335,75.26132404181185
E00005184,250,27,11,16,223,22,201,10.8,4.3999999999999995,6.4,89.2,8.799999999999999,80.4
E00005185,247,34,16,18,213,11,202,13.765182186234817,6.477732793522267,7.28744939271255,86.23481781376519,4.4534412955465585,81.78137651821862
E00005186,265,21,5,16,244,17,227,7.9245283018867925,1.8867924528301887,6.037735849056604,92.0754716981132,6.415094339622642,85.66037735849056
E00005187,270,31,9,22,239,13,226,11.481481481481481,3.3333333333333335,8.148148148148149,88.51851851851852,4.814814814814815,83.7037037037037
E00005188,226,33,13,20,193,27,166,14.601769911504425,5.752212389380531,8.849557522123893,85.39823008849558,11.946902654867257,73.45132743362832
E00005189,232,36,18,18,196,11,185,15.517241379310345,7.758620689655173,7.758620689655173,84.48275862068965,4.741379310344827,79.74137931034483
E00005190,271,42,16,26,229,12,217,15.498154981549817,5.904059040590406,9.59409594095941,84.50184501845018,4.428044280442804,80.07380073800738
E00005191,341,36,8,28,305,24,281,10.557184750733137,2.346041055718475,8.211143695014663,89.44281524926686,7.038123167155426,82.40469208211144
E00005192,313,30,14,16,283,24,259,9.584664536741213,4.472843450479233,5.111821086261981,90.41533546325878,7.667731629392971,82.74760383386581
E00005193,224,42,18,24,182,13,169,18.75,8.035714285714286,10.714285714285714,81.25,5.803571428571429,75.44642857142857
E00005194,275,35,7,28,240,15,225,12.727272727272727,2.5454545454545454,10.181818181818182,87.27272727272727,5.454545454545454,81.81818181818183
E00005195,460,49,19,30,411,16,395,10.652173913043478,4.130434782608695,6.521739130434782,89.34782608695652,3.4782608695652173,85.86956521739131
E00005196,292,35,14,21,257,17,240,11.986301369863012,4.794520547945205,7.191780821917808,88.01369863013699,5.821917808219178,82.1917808219178
E00005198,219,16,3,13,203,18,185,7.30593607305936,1.36986301369863,5.93607305936073,92.69406392694064,8.21917808219178,84.47488584474885
E00005199,265,66,33,33,199,10,189,24.90566037735849,12.452830188679245,12.452830188679245,75.09433962264151,3.7735849056603774,71.32075471698113
E00005200,224,24,7,17,200,24,176,10.714285714285714,3.125,7.5892857142857135,89.28571428571429,10.714285714285714,78.57142857142857
E00005201,295,47,13,34,248,32,216,15.932203389830507,4.406779661016949,11.525423728813559,84.06779661016948,10.847457627118644,73.22033898305085
E00005203,252,26,12,14,226,11,215,10.317460317460316,4.761904761904762,5.555555555555555,89.68253968253968,4.365079365079365,85.31746031746032
E00005204,244,41,20,21,203,13,190,16.80327868852459,8.19672131147541,8.60655737704918,83.19672131147541,5.327868852459016,77.8688524590164
E00005205,343,41,17,24,302,19,283,11.9533527696793,4.956268221574344,6.997084548104956,88.0466472303207,5.539358600583091,82.5072886297376
E00005208,236,37,18,19,199,10,189,15.677966101694915,7.627118644067797,8.050847457627118,84.32203389830508,4.23728813559322,80.08474576271186
E00005209,350,54,24,30,296,25,271,15.428571428571427,6.857142857142858,8.571428571428571,84.57142857142857,7.142857142857142,77.42857142857143
E00005210,324,47,27,20,277,15,262,14.506172839506174,8.333333333333332,6.172839506172839,85.49382716049382,4.62962962962963,80.8641975308642
E00005211,342,84,60,24,258,16,242,24.561403508771928,17.543859649122805,7.017543859649122,75.43859649122807,4.678362573099415,70.76023391812866
E00005212,333,33,14,19,300,13,287,9.90990990990991,4.2042042042042045,5.7057057057057055,90.09009009009009,3.903903903903904,86.18618618618619
E00005213,442,56,12,44,386,33,353,12.669683257918551,2.7149321266968327,9.95475113122172,87.33031674208145,7.46606334841629,79.86425339366517
E00005214,576,52,21,31,524,13,511,9.027777777777777,3.6458333333333335,5.381944444444445,90.97222222222221,2.256944444444444,88.71527777777779
E00005215,308,36,16,20,272,10,262,11.688311688311687,5.194805194805195,6.493506493506493,88.31168831168831,3.2467532467532463,85.06493506493507
E00005216,300,59,25,34,241,18,223,19.666666666666664,8.333333333333332,11.333333333333332,80.33333333333333,6,74.33333333333333
E00005217,231,23,5,18,208,13,195,9.956709956709958,2.1645021645021645,7.792207792207792,90.04329004329004,5.627705627705628,84.4155844155844
E00005218,294,34,17,17,260,15,245,11.564625850340136,5.782312925170068,5.782312925170068,88.43537414965986,5.1020408163265305,83.33333333333334
E00005219,243,30,11,19,213,22,191,12.345679012345679,4.526748971193416,7.818930041152264,87.65432098765432,9.053497942386832,78.60082304526749
E00005220,273,36,13,23,237,21,216,13.186813186813188,4.761904761904762,8.424908424908425,86.81318681318682,7.6923076923076925,79.12087912087912
E00005221,235,20,3,17,215,15,200,8.51063829787234,1.276595744680851,7.234042553191489,91.48936170212765,6.382978723404255,85.1063829787234
E00005222,256,46,11,35,210,17,193,17.96875,4.296875,13.671875,82.03125,6.640625,75.390625
E00005223,272,31,11,20,241,10,231,11.397058823529411,4.044117647058823,7.352941176470589,88.60294117647058,3.6764705882352944,84.92647058823529
E00005224,426,66,27,39,360,15,345,15.492957746478872,6.338028169014084,9.15492957746479,84.50704225352112,3.5211267605633805,80.98591549295774
E00005225,487,64,18,46,423,23,400,13.141683778234087,3.696098562628337,9.44558521560575,86.85831622176592,4.722792607802875,82.13552361396303
E00005227,307,50,28,22,257,17,240,16.286644951140065,9.120521172638437,7.166123778501629,83.71335504885994,5.537459283387622,78.17589576547232
E00005228,259,18,8,10,241,14,227,6.94980694980695,3.088803088803089,3.861003861003861,93.05019305019306,5.405405405405405,87.64478764478764
E00005229,288,31,11,20,257,15,242,10.76388888888889,3.8194444444444446,6.944444444444445,89.23611111111111,5.208333333333334,84.02777777777779
E00005230,235,33,17,16,202,16,186,14.042553191489363,7.234042553191489,6.808510638297872,85.95744680851064,6.808510638297872,79.14893617021276
E00005231,303,31,10,21,272,15,257,10.231023102310232,3.3003300330033,6.9306930693069315,89.76897689768977,4.9504950495049505,84.81848184818482
E00005232,211,17,5,12,194,15,179,8.056872037914692,2.3696682464454977,5.687203791469194,91.9431279620853,7.109004739336493,84.83412322274881
E00005233,314,43,17,26,271,11,260,13.694267515923567,5.414012738853503,8.280254777070063,86.30573248407643,3.5031847133757963,82.80254777070064
E00005234,321,29,11,18,292,11,281,9.034267912772584,3.4267912772585665,5.607476635514018,90.96573208722741,3.4267912772585665,87.53894080996885
E00005235,160,39,25,14,121,10,111,24.375,15.625,8.75,75.625,6.25,69.375
E00005236,379,31,14,17,348,19,329,8.179419525065963,3.6939313984168867,4.485488126649076,91.82058047493403,5.013192612137203,86.80738786279683
E00005237,304,30,15,15,274,14,260,9.868421052631579,4.934210526315789,4.934210526315789,90.13157894736842,4.605263157894736,85.52631578947368
E00005238,363,51,15,36,312,21,291,14.049586776859504,4.132231404958678,9.917355371900827,85.9504132231405,5.785123966942149,80.16528925619835
E00005239,152,63,42,21,89,5,84,41.44736842105263,27.631578947368425,13.815789473684212,58.55263157894737,3.289473684210526,55.26315789473685
E00005241,302,22,7,15,280,10,270,7.28476821192053,2.3178807947019866,4.966887417218543,92.71523178807946,3.3112582781456954,89.40397350993378
E00005242,276,34,7,27,242,14,228,12.318840579710146,2.536231884057971,9.782608695652174,87.68115942028986,5.072463768115942,82.6086956521739
E00005243,362,27,6,21,335,20,315,7.458563535911603,1.6574585635359116,5.801104972375691,92.5414364640884,5.524861878453039,87.01657458563537
E00005244,253,25,13,12,228,14,214,9.881422924901186,5.138339920948617,4.743083003952568,90.11857707509881,5.533596837944664,84.58498023715416
E00005245,239,52,25,27,187,15,172,21.75732217573222,10.460251046025103,11.297071129707113,78.24267782426779,6.2761506276150625,71.96652719665272
E00005246,426,74,32,42,352,20,332,17.370892018779344,7.511737089201878,9.859154929577464,82.62910798122066,4.694835680751173,77.93427230046949
E00005247,347,52,24,28,295,15,280,14.985590778097983,6.9164265129683,8.069164265129682,85.01440922190201,4.322766570605188,80.69164265129683
E00005248,440,77,32,45,363,12,351,17.5,7.2727272727272725,10.227272727272728,82.5,2.727272727272727,79.77272727272727
E00005249,346,61,32,29,285,15,270,17.63005780346821,9.248554913294797,8.38150289017341,82.36994219653178,4.335260115606936,78.03468208092485
E00005250,329,65,35,30,264,27,237,19.756838905775076,10.638297872340425,9.118541033434651,80.24316109422493,8.206686930091186,72.03647416413374
E00005251,317,56,28,28,261,13,248,17.665615141955836,8.832807570977918,8.832807570977918,82.33438485804416,4.100946372239748,78.23343848580441
E00005252,374,59,20,39,315,8,307,15.775401069518717,5.347593582887701,10.427807486631016,84.22459893048129,2.13903743315508,82.0855614973262
E00005253,387,69,35,34,318,17,301,17.829457364341085,9.043927648578812,8.785529715762273,82.17054263565892,4.3927648578811365,77.77777777777779
E00005254,412,62,28,34,350,16,334,15.048543689320388,6.796116504854369,8.25242718446602,84.9514563106796,3.8834951456310676,81.06796116504854
E00005255,376,59,25,34,317,18,299,15.691489361702127,6.648936170212766,9.042553191489363,84.30851063829788,4.787234042553192,79.52127659574468
E00005256,368,46,16,30,322,15,307,12.5,4.3478260869565215,8.152173913043478,87.5,4.076086956521739,83.42391304347827
E00005257,327,76,39,37,251,16,235,23.24159021406728,11.926605504587156,11.314984709480122,76.75840978593273,4.892966360856269,71.86544342507645
E00005258,385,60,36,24,325,19,306,15.584415584415584,9.35064935064935,6.233766233766234,84.4155844155844,4.935064935064935,79.48051948051949
E00005259,335,54,30,24,281,9,272,16.119402985074625,8.955223880597014,7.164179104477612,83.88059701492537,2.6865671641791042,81.19402985074626
E00005260,418,74,32,42,344,19,325,17.703349282296653,7.655502392344498,10.047846889952153,82.29665071770334,4.545454545454546,77.75119617224881
E00005261,327,55,29,26,272,12,260,16.819571865443425,8.868501529051988,7.951070336391437,83.18042813455658,3.669724770642202,79.51070336391437
E00005262,375,84,40,44,291,12,279,22.400000000000002,10.666666666666668,11.733333333333333,77.60000000000001,3.2,74.4
E00005263,344,64,26,38,280,15,265,18.6046511627907,7.55813953488372,11.046511627906977,81.3953488372093,4.3604651162790695,77.03488372093024
E00005264,365,40,13,27,325,12,313,10.95890410958904,3.5616438356164384,7.397260273972603,89.04109589041096,3.287671232876712,85.75342465753425
E00005265,398,91,43,48,307,13,294,22.8643216080402,10.804020100502512,12.060301507537687,77.1356783919598,3.2663316582914574,73.86934673366834
E00005266,377,68,30,38,309,18,291,18.037135278514587,7.957559681697612,10.079575596816976,81.9628647214854,4.774535809018567,77.18832891246684
E00005267,334,65,32,33,269,16,253,19.46107784431138,9.580838323353294,9.880239520958083,80.53892215568862,4.790419161676647,75.74850299401199
E00005268,358,77,35,42,281,24,257,21.508379888268156,9.776536312849162,11.731843575418994,78.49162011173185,6.70391061452514,71.7877094972067
E00005269,381,58,22,36,323,6,317,15.223097112860891,5.774278215223097,9.448818897637794,84.7769028871391,1.574803149606299,83.2020997375328
E00005270,364,73,37,36,291,16,275,20.054945054945055,10.164835164835164,9.89010989010989,79.94505494505495,4.395604395604396,75.54945054945054
E00005271,289,64,30,34,225,16,209,22.145328719723185,10.380622837370241,11.76470588235294,77.85467128027682,5.536332179930796,72.31833910034602
E00005272,374,61,35,26,313,8,305,16.31016042780749,9.358288770053475,6.951871657754011,83.68983957219251,2.13903743315508,81.55080213903744
E00005273,395,52,20,32,343,19,324,13.164556962025317,5.063291139240507,8.10126582278481,86.83544303797468,4.810126582278481,82.02531645569621
E00005274,235,69,35,34,166,8,158,29.361702127659573,14.893617021276595,14.468085106382977,70.63829787234043,3.404255319148936,67.23404255319149
E00005275,219,71,40,31,148,9,139,32.42009132420091,18.2648401826484,14.15525114155251,67.57990867579909,4.10958904109589,63.4703196347032
E00005276,327,70,41,29,257,11,246,21.406727828746178,12.538226299694188,8.868501529051988,78.59327217125383,3.3639143730886847,75.22935779816514
E00005277,410,83,37,46,327,12,315,20.243902439024392,9.024390243902438,11.219512195121952,79.75609756097562,2.9268292682926833,76.82926829268293
E00005278,305,35,14,21,270,20,250,11.475409836065573,4.590163934426229,6.885245901639345,88.52459016393442,6.557377049180328,81.9672131147541
E00005279,242,34,16,18,208,12,196,14.049586776859504,6.6115702479338845,7.43801652892562,85.9504132231405,4.958677685950414,80.99173553719008
E00005280,347,57,23,34,290,20,270,16.42651296829971,6.628242074927954,9.798270893371757,83.5734870317003,5.763688760806916,77.80979827089337
E00005281,337,75,36,39,262,18,244,22.255192878338278,10.682492581602373,11.572700296735905,77.74480712166172,5.341246290801187,72.40356083086054
E00005282,364,35,10,25,329,32,297,9.615384615384617,2.7472527472527473,6.868131868131869,90.38461538461539,8.791208791208792,81.5934065934066
E00005283,297,50,18,32,247,34,213,16.835016835016837,6.0606060606060606,10.774410774410773,83.16498316498317,11.447811447811448,71.71717171717171
E00005284,293,49,20,29,244,20,224,16.723549488054605,6.825938566552901,9.897610921501707,83.27645051194538,6.825938566552901,76.45051194539249
E00005285,326,43,17,26,283,20,263,13.190184049079754,5.214723926380368,7.975460122699387,86.80981595092024,6.134969325153374,80.67484662576688
E00005286,282,48,13,35,234,20,214,17.02127659574468,4.609929078014184,12.411347517730496,82.97872340425532,7.092198581560284,75.88652482269504
E00005287,298,36,10,26,262,17,245,12.080536912751679,3.3557046979865772,8.724832214765101,87.91946308724832,5.704697986577181,82.21476510067114
E00005288,288,54,23,31,234,14,220,18.75,7.986111111111111,10.76388888888889,81.25,4.861111111111112,76.38888888888889
E00005289,304,29,13,16,275,25,250,9.539473684210527,4.276315789473684,5.263157894736842,90.46052631578947,8.223684210526317,82.23684210526315
E00005290,311,41,14,27,270,18,252,13.183279742765272,4.501607717041801,8.681672025723474,86.81672025723472,5.787781350482315,81.02893890675242
E00005291,325,45,23,22,280,21,259,13.846153846153847,7.076923076923077,6.769230769230769,86.15384615384616,6.461538461538462,79.6923076923077
E00005292,292,37,10,27,255,17,238,12.67123287671233,3.4246575342465753,9.246575342465754,87.32876712328768,5.821917808219178,81.5068493150685
E00005293,277,39,13,26,238,10,228,14.079422382671481,4.693140794223827,9.386281588447654,85.92057761732852,3.6101083032490973,82.31046931407943
E00005294,330,39,11,28,291,32,259,11.818181818181818,3.3333333333333335,8.484848484848486,88.18181818181819,9.696969696969697,78.48484848484848
E00005295,323,51,31,20,272,19,253,15.789473684210526,9.597523219814242,6.191950464396285,84.21052631578947,5.88235294117647,78.328173374613
E00005296,315,45,15,30,270,18,252,14.285714285714285,4.761904761904762,9.523809523809524,85.71428571428571,5.714285714285714,80
E00005297,308,42,23,19,266,18,248,13.636363636363635,7.467532467532467,6.1688311688311686,86.36363636363636,5.844155844155844,80.51948051948052
E00005298,374,53,18,35,321,34,287,14.171122994652407,4.81283422459893,9.358288770053475,85.828877005347593,9.090909090909092,76.7379679144385
E00005299,303,57,25,32,246,16,230,18.81188118811881,8.25082508250825,10.561056105610561,81.1881188118812,5.2805280528052805,75.9075907590759
E00005300,343,52,20,32,291,22,269,15.160349854227405,5.830903790087463,9.329446064139942,84.8396501457726,6.41399416909621,78.4256559766764
E00005301,254,30,9,21,224,13,211,11.811023622047244,3.543307086614173,8.267716535433072,88.18897637795276,5.118110236220472,83.07086614173228
E00005302,239,37,17,20,202,23,179,15.481171548117153,7.112970711297072,8.368200836820083,84.51882845188284,9.623430962343097,74.89539748953975
E00005303,172,23,8,15,149,17,132,13.372093023255813,4.651162790697675,8.720930232558139,86.62790697674419,9.883720930232558,76.74418604651163
E00005304,379,65,20,45,314,22,292,17.150395778364118,5.277044854881266,11.87335092348285,82.84960422163589,5.804749340369393,77.04485488126649
E00005305,199,46,21,25,153,16,137,23.115577889447238,10.552763819095476,12.562814070351758,76.88442211055276,8.040201005025125,68.84422110552764
E00005306,336,61,35,26,275,11,264,18.154761904761905,10.416666666666668,7.738095238095238,81.84523809523809,3.273809523809524,78.57142857142857
E00005307,401,60,24,36,341,31,310,14.962593516209477,5.985037406483791,8.977556109725686,85.03740648379052,7.73067331670823,77.3067331670823
E00005308,353,74,33,41,279,19,260,20.96317280453258,9.34844192634561,11.614730878186968,79.03682719546742,5.382436260623229,73.65439093484419
E00005309,337,60,30,30,277,14,263,17.804154302670625,8.902077151335313,8.902077151335313,82.19584569732937,4.154302670623145,78.04154302670622
E00005310,233,35,13,22,198,19,179,15.021459227467812,5.579399141630901,9.44206008583691,84.97854077253218,8.15450643776824,76.82403433476395
E00005311,366,52,20,32,314,30,284,14.207650273224044,5.46448087431694,8.743169398907105,85.79234972677595,8.19672131147541,77.59562841530054
E00005312,262,40,15,25,222,22,200,15.267175572519085,5.7251908396946565,9.541984732824428,84.7328244274809,8.396946564885496,76.33587786259542
E00005313,343,62,36,26,281,16,265,18.075801749271136,10.495626822157435,7.580174927113703,81.92419825072886,4.664723032069971,77.25947521865889
E00005314,265,39,16,23,226,12,214,14.716981132075471,6.037735849056604,8.679245283018867,85.28301886792453,4.528301886792453,80.75471698113208
E00005315,335,48,16,32,287,22,265,14.328358208955224,4.776119402985075,9.55223880597015,85.67164179104478,6.567164179104477,79.1044776119403
E00005316,326,51,13,38,275,19,256,15.644171779141105,3.9877300613496933,11.65644171779141,84.3558282208589,5.828220858895705,78.52760736196319
E00005317,283,48,14,34,235,26,209,16.96113074204947,4.946996466431095,12.014134275618375,83.03886925795054,9.187279151943462,73.85159010600707
E00005318,301,57,19,38,244,15,229,18.93687707641196,6.312292358803987,12.624584717607974,81.06312292358804,4.983388704318937,76.0797342192691
E00005319,296,41,16,25,255,29,226,13.85135135135135,5.405405405405405,8.445945945945946,86.14864864864865,9.797297297297296,76.35135135135135
E00005320,277,36,15,21,241,24,217,12.996389891696749,5.415162454873646,7.581227436823104,87.00361010830325,8.664259927797833,78.33935018050542
E00005321,327,45,9,36,282,27,255,13.761467889908257,2.7522935779816518,11.009174311926607,86.23853211009175,8.256880733944955,77.98165137614679
E00005322,256,27,12,15,229,20,209,10.546875,4.6875,5.859375,89.453125,7.8125,81.640625
E00005323,351,44,14,30,307,28,279,12.535612535612536,3.9886039886039883,8.547008547008547,87.46438746438746,7.977207977207977,79.48717948717949
E00005324,323,27,3,24,296,25,271,8.359133126934983,0.9287925696594427,7.430340557275541,91.64086687306502,7.739938080495357,83.90092879256966
E00005325,305,34,10,24,271,20,251,11.147540983606557,3.278688524590164,7.868852459016394,88.85245901639345,6.557377049180328,82.29508196721311
E00005326,499,84,41,43,415,30,385,16.83366733466934,8.216432865731463,8.617234468937877,83.16633266533067,6.012024048096192,77.15430861723446
E00005327,308,37,14,23,271,19,252,12.012987012987013,4.545454545454546,7.467532467532467,87.98701298701299,6.1688311688311686,81.81818181818183
E00005328,360,76,61,15,284,28,256,21.11111111111111,16.944444444444446,4.166666666666666,78.88888888888889,7.777777777777778,71.11111111111111
E00005329,367,52,14,38,315,32,283,14.168937329700274,3.8147138964577656,10.354223433242508,85.83106267029973,8.71934604904632,77.11171662125341
E00005330,357,38,16,22,319,37,282,10.644257703081232,4.481792717086835,6.162464985994398,89.35574229691878,10.364145658263306,78.99159663865547
E00005331,375,70,43,27,305,23,282,18.666666666666668,11.466666666666667,7.199999999999999,81.33333333333333,6.133333333333333,75.2
E00005332,381,44,14,30,337,41,296,11.548556430446194,3.674540682414698,7.874015748031496,88.4514435695538,10.761154855643044,77.69028871391076
E00005333,255,47,14,33,208,17,191,18.43137254901961,5.490196078431373,12.941176470588237,81.56862745098039,6.666666666666667,74.90196078431373
E00005334,360,87,72,15,273,19,254,24.166666666666668,20,4.166666666666666,75.83333333333333,5.277777777777778,70.55555555555556
E00005335,320,57,28,29,263,19,244,17.8125,8.75,9.0625,82.1875,5.9375,76.25
E00005336,419,54,29,25,365,21,344,12.887828162291171,6.921241050119331,5.966587112171838,87.11217183770883,5.011933174224343,82.10023866348448
E00005337,321,28,5,23,293,25,268,8.722741433021806,1.557632398753894,7.165109034267912,91.27725856697819,7.78816199376947,83.48909657320873
E00005339,368,38,11,27,330,25,305,10.326086956521738,2.989130434782609,7.336956521739131,89.67391304347827,6.7934782608695645,82.88043478260869
E00005340,276,37,12,25,239,13,226,13.405797101449277,4.3478260869565215,9.057971014492754,86.59420289855072,4.710144927536232,81.88405797101449
E00005341,298,40,17,23,258,18,240,13.422818791946309,5.704697986577181,7.718120805369128,86.57718120805369,6.0402684563758395,80.53691275167785
E00005342,285,38,12,26,247,17,230,13.333333333333334,4.2105263157894735,9.12280701754386,86.66666666666667,5.964912280701754,80.7017543859649
E00005343,308,25,6,19,283,21,262,8.116883116883116,1.948051948051948,6.1688311688311686,91.88311688311688,6.8181818181818175,85.06493506493507
E00005344,355,53,27,26,302,25,277,14.929577464788732,7.605633802816901,7.323943661971831,85.07042253521126,7.042253521126761,78.0281690140845
E00005345,553,100,40,60,453,23,430,18.083182640144667,7.233273056057866,10.849909584086799,81.91681735985533,4.159132007233273,77.75768535262206
E00005346,289,31,11,20,258,16,242,10.726643598615917,3.8062283737024223,6.920415224913495,89.27335640138409,5.536332179930796,83.73702422145328
E00005347,348,37,12,25,311,17,294,10.632183908045976,3.4482758620689653,7.183908045977011,89.36781609195403,4.885057471264368,84.48275862068965
E00005348,305,38,18,20,267,23,244,12.459016393442624,5.901639344262295,6.557377049180328,87.54098360655738,7.540983606557377,80
E00005349,396,88,65,23,308,17,291,22.22222222222222,16.414141414141415,5.808080808080808,77.77777777777779,4.292929292929292,73.48484848484848
E00005350,311,23,13,10,288,22,266,7.395498392282958,4.180064308681672,3.215434083601286,92.60450160771704,7.07395498392283,85.53054662379421
E00005351,319,36,10,26,283,25,258,11.285266457680251,3.1347962382445136,8.150470219435736,88.71473354231975,7.836990595611286,80.87774294670847
E00005352,339,46,12,34,293,24,269,13.569321533923304,3.5398230088495577,10.029498525073747,86.4306784660767,7.079646017699115,79.35103244837758
E00005353,452,62,26,36,390,27,363,13.716814159292035,5.752212389380531,7.964601769911504,86.28318584070797,5.9734513274336285,80.30973451327434
E00005354,289,51,14,37,238,21,217,17.647058823529413,4.844290657439446,12.802768166089965,82.35294117647058,7.26643598615917,75.08650519031141
E00005355,376,43,18,25,333,24,309,11.436170212765957,4.787234042553192,6.648936170212766,88.56382978723404,6.382978723404255,82.18085106382979
E00005356,320,26,5,21,294,19,275,8.125,1.5625,6.5625,91.875,5.9375,85.9375
E00005357,408,34,18,16,374,21,353,8.333333333333332,4.411764705882353,3.9215686274509802,91.66666666666666,5.147058823529411,86.51960784313727
E00005358,301,36,15,21,265,24,241,11.960132890365449,4.983388704318937,6.976744186046512,88.03986710963456,7.973421926910299,80.06644518272425
E00005359,362,69,49,20,293,19,274,19.060773480662984,13.535911602209943,5.524861878453039,80.93922651933701,5.248618784530387,75.69060773480662
E00005360,300,25,9,16,275,23,252,8.333333333333332,3,5.333333333333334,91.66666666666666,7.666666666666666,84
E00005361,322,58,35,23,264,20,244,18.012422360248447,10.869565217391305,7.142857142857142,81.98757763975155,6.211180124223603,75.77639751552795
E00005362,320,46,21,25,274,16,258,14.374999999999998,6.5625,7.8125,85.625,5,80.625
E00005363,281,40,20,20,241,20,221,14.23487544483986,7.11743772241993,7.11743772241993,85.76512455516014,7.11743772241993,78.64768683274022
E00005364,386,63,23,40,323,20,303,16.321243523316063,5.958549222797927,10.362694300518134,83.67875647668393,5.181347150259067,78.49740932642487
E00005365,247,32,12,20,215,5,210,12.955465587044534,4.8582995951417,8.097165991902834,87.04453441295547,2.0242914979757085,85.02024291497976
E00005366,383,66,28,38,317,16,301,17.232375979112273,7.310704960835509,9.921671018276761,82.76762402088774,4.177545691906006,78.59007832898173
E00005367,365,42,20,22,323,29,294,11.506849315068493,5.47945205479452,6.027397260273973,88.4931506849315,7.9452054794520555,80.54794520547945
E00005368,335,56,20,36,279,11,268,16.716417910447763,5.970149253731343,10.746268656716417,83.28358208955224,3.2835820895522385,80
E00005369,381,80,36,44,301,29,272,20.99737532808399,9.448818897637794,11.548556430446194,79.00262467191601,7.611548556430446,71.39107611548556
E00005370,316,77,28,49,239,19,220,24.367088607594937,8.860759493670885,15.50632911392405,75.63291139240506,6.012658227848101,69.62025316455697
E00005371,253,69,33,36,184,16,168,27.27272727272727,13.043478260869565,14.229249011857709,72.72727272727273,6.324110671936759,66.40316205533597
E00005372,286,61,29,32,225,22,203,21.328671328671327,10.13986013986014,11.188811188811188,78.67132867132867,7.6923076923076925,70.97902097902097
E00005373,382,66,38,28,316,17,299,17.277486910994764,9.947643979057592,7.329842931937172,82.72251308900523,4.450261780104712,78.27225130890052
E00005374,396,101,42,59,295,14,281,25.5050505050505,10.606060606060606,14.898989898989898,74.4949494949495,3.535353535353535,70.95959595959596
E00005375,310,65,35,30,245,15,230,20.967741935483872,11.29032258064516,9.67741935483871,79.03225806451613,4.838709677419355,74.19354838709677
E00005376,308,54,18,36,254,22,232,17.532467532467532,5.844155844155844,11.688311688311687,82.46753246753246,7.142857142857142,75.32467532467533
E00005377,322,135,96,39,187,12,175,41.92546583850932,29.81366459627329,12.111801242236025,58.07453416149069,3.7267080745341614,54.347826086956516
E00005378,371,62,32,30,309,30,279,16.711590296495956,8.62533692722372,8.086253369272237,83.28840970350404,8.086253369272237,75.2021563342318
E00005379,344,71,33,38,273,20,253,20.63953488372093,9.593023255813954,11.046511627906977,79.36046511627907,5.813953488372093,73.54651162790698
E00005380,353,69,34,35,284,15,269,19.54674220963173,9.631728045325778,9.91501416430595,80.45325779036827,4.2492917847025495,76.20396600566572
E00005381,371,68,34,34,303,21,282,18.328840970350406,9.164420485175203,9.164420485175203,81.6711590296496,5.660377358490567,76.01078167115904
E00005382,232,72,49,23,160,10,150,31.03448275862069,21.120689655172413,9.913793103448276,68.96551724137932,4.310344827586207,64.65517241379311
E00005383,340,69,34,35,271,22,249,20.294117647058822,10,10.294117647058822,79.70588235294119,6.470588235294119,73.23529411764706
E00005384,300,52,22,30,248,16,232,17.333333333333336,7.333333333333333,10,82.66666666666667,5.333333333333334,77.33333333333333
E00005385,393,67,33,34,326,30,296,17.048346055979643,8.396946564885496,8.651399491094146,82.95165394402035,7.633587786259542,75.31806615776081
E00005386,328,56,32,24,272,11,261,17.073170731707318,9.75609756097561,7.317073170731707,82.92682926829268,3.353658536585366,79.57317073170732
E00005387,332,76,42,34,256,11,245,22.89156626506024,12.650602409638553,10.240963855421686,77.10843373493977,3.313253012048193,73.79518072289156
E00005388,377,64,28,36,313,24,289,16.976127320954905,7.427055702917771,9.549071618037134,83.0238726790451,6.36604774535809,76.657824933687
E00005389,355,61,19,42,294,24,270,17.183098591549296,5.352112676056338,11.830985915492958,82.8169014084507,6.760563380281689,76.05633802816901
E00005390,410,76,33,43,334,20,314,18.536585365853657,8.048780487804878,10.487804878048781,81.46341463414633,4.878048780487805,76.58536585365854
E00005391,454,65,31,34,389,18,371,14.317180616740089,6.828193832599119,7.488986784140969,85.68281938325991,3.9647577092511015,81.71806167400881
E00005392,319,54,21,33,265,14,251,16.927899686520377,6.583072100313479,10.344827586206897,83.07210031347962,4.38871473354232,78.68338557993731
E00005393,297,42,20,22,255,20,235,14.14141414141414,6.7340067340067336,7.4074074074074066,85.85858585858585,6.7340067340067336,79.12457912457911
E00005394,352,49,24,25,303,16,287,13.920454545454545,6.8181818181818175,7.1022727272727275,86.07954545454545,4.545454545454546,81.5340909090909
E00005395,357,68,39,29,289,14,275,19.047619047619047,10.92436974789916,8.123249299719888,80.95238095238095,3.9215686274509802,77.03081232492998
E00005396,395,57,20,37,338,23,315,14.430379746835442,5.063291139240507,9.367088607594937,85.56962025316456,5.822784810126582,79.74683544303798
E00005397,468,68,35,33,400,21,379,14.529914529914532,7.478632478632479,7.051282051282051,85.47008547008546,4.487179487179487,80.98290598290599
E00005398,424,59,31,28,365,17,348,13.915094339622641,7.311320754716981,6.60377358490566,86.08490566037736,4.009433962264151,82.0754716981132
E00005399,348,80,42,38,268,18,250,22.988505747126435,12.068965517241379,10.919540229885058,77.01149425287356,5.172413793103448,71.83908045977012
E00005400,367,42,22,20,325,18,307,11.444141689373296,5.994550408719346,5.449591280653951,88.5558583106267,4.904632152588556,83.65122615803816
E00005401,362,63,32,31,299,19,280,17.403314917127073,8.83977900552486,8.56353591160221,82.59668508287292,5.248618784530387,77.34806629834254
E00005402,344,45,19,26,299,30,269,13.08139534883721,5.523255813953488,7.55813953488372,86.9186046511628,8.720930232558139,78.19767441860465
E00005404,424,59,32,27,365,24,341,13.915094339622641,7.547169811320755,6.367924528301887,86.08490566037736,5.660377358490567,80.4245283018868
E00005405,523,70,34,36,453,24,429,13.38432122370937,6.5009560229445515,6.8833652007648185,86.61567877629062,4.588910133843212,82.02676864244742
E00005406,367,52,28,24,315,17,298,14.168937329700274,7.629427792915531,6.539509536784741,85.83106267029973,4.632152588555858,81.19891008174388
E00005407,347,32,16,16,315,21,294,9.221902017291066,4.610951008645533,4.610951008645533,90.77809798270894,6.051873198847262,84.72622478386167
E00005408,289,24,10,14,265,17,248,8.304498269896193,3.4602076124567476,4.844290657439446,91.6955017301038,5.88235294117647,85.81314878892734
E00005409,437,57,22,35,380,18,362,13.043478260869565,5.034324942791762,8.009153318077804,86.95652173913044,4.118993135011442,82.83752860411899
E00005410,349,62,26,36,287,18,269,17.765042979942695,7.4498567335243555,10.315186246418339,82.23495702005731,5.157593123209169,77.07736389684814
E00005411,335,28,13,15,307,18,289,8.358208955223882,3.880597014925373,4.477611940298507,91.64179104477613,5.3731343283582085,86.26865671641791
E00005412,383,41,20,21,342,18,324,10.704960835509137,5.221932114882506,5.483028720626632,89.29503916449086,4.699738903394255,84.59530026109661
E00005413,356,41,19,22,315,9,306,11.51685393258427,5.337078651685393,6.179775280898876,88.48314606741573,2.528089887640449,85.95505617977528
E00005414,287,33,15,18,254,11,243,11.498257839721255,5.2264808362369335,6.2717770034843205,88.50174216027874,3.8327526132404177,84.66898954703834
E00005415,301,36,11,25,265,15,250,11.960132890365449,3.6544850498338874,8.305647840531561,88.03986710963456,4.983388704318937,83.05647840531562
E00005416,289,37,12,25,252,6,246,12.802768166089965,4.1522491349480966,8.650519031141869,87.19723183391004,2.0761245674740483,85.12110726643598
E00005417,338,48,25,23,290,18,272,14.201183431952662,7.396449704142012,6.8047337278106506,85.79881656804734,5.325443786982249,80.4733727810651
E00005418,306,28,15,13,278,22,256,9.15032679738562,4.901960784313726,4.248366013071895,90.84967320261438,7.18954248366013,83.66013071895425
E00005419,430,51,20,31,379,34,345,11.86046511627907,4.651162790697675,7.209302325581396,88.13953488372093,7.906976744186046,80.23255813953489
E00005420,334,70,52,18,264,16,248,20.958083832335326,15.568862275449103,5.389221556886228,79.04191616766467,4.790419161676647,74.25149700598801
E00005421,344,41,16,25,303,19,284,11.918604651162791,4.651162790697675,7.267441860465117,88.0813953488372,5.523255813953488,82.55813953488372
E00005422,385,41,8,33,344,23,321,10.649350649350648,2.0779220779220777,8.571428571428571,89.35064935064935,5.974025974025974,83.37662337662337
E00005423,386,51,18,33,335,15,320,13.21243523316062,4.66321243523316,8.549222797927461,86.78756476683938,3.8860103626943006,82.90155440414507
E00005424,438,53,21,32,385,22,363,12.100456621004566,4.794520547945205,7.30593607305936,87.89954337899543,5.0228310502283104,82.87671232876713
E00005425,367,39,15,24,328,19,309,10.626702997275205,4.087193460490464,6.539509536784741,89.3732970027248,5.177111716621254,84.19618528610354
E00005426,179,60,27,33,119,11,108,33.5195530726257,15.083798882681565,18.435754189944134,66.4804469273743,6.145251396648044,60.33519553072626
E00005427,358,46,16,30,312,16,296,12.849162011173185,4.4692737430167595,8.379888268156424,87.15083798882681,4.4692737430167595,82.68156424581005
E00005428,445,61,31,30,384,27,357,13.707865168539326,6.96629213483146,6.741573033707865,86.29213483146067,6.067415730337078,80.2247191011236
E00005429,281,47,25,22,234,24,210,16.72597864768683,8.896797153024911,7.829181494661921,83.27402135231317,8.540925266903916,74.73309608540926
E00005430,460,65,26,39,395,23,372,14.130434782608695,5.6521739130434785,8.478260869565217,85.86956521739131,5,80.8695652173913
E00005431,314,46,21,25,268,13,255,14.64968152866242,6.687898089171974,7.961783439490445,85.35031847133759,4.140127388535031,81.21019108280255
E00005432,314,40,14,26,274,13,261,12.738853503184714,4.45859872611465,8.280254777070063,87.26114649681529,4.140127388535031,83.12101910828027
E00005433,533,107,75,32,426,24,402,20.075046904315197,14.071294559099437,6.0037523452157595,79.9249530956848,4.50281425891182,75.42213883677297
E00005435,422,61,36,25,361,21,340,14.454976303317535,8.530805687203792,5.924170616113744,85.54502369668246,4.976303317535545,80.56872037914692
E00005436,172,24,15,9,148,9,139,13.953488372093023,8.720930232558139,5.232558139534884,86.04651162790698,5.232558139534884,80.81395348837209
E00005437,420,40,18,22,380,18,362,9.523809523809524,4.285714285714286,5.238095238095238,90.47619047619048,4.285714285714286,86.19047619047619
E00005438,321,36,14,22,285,5,280,11.214953271028037,4.361370716510903,6.853582554517133,88.78504672897196,1.557632398753894,87.22741433021807
E00005439,344,43,18,25,301,17,284,12.5,5.232558139534884,7.267441860465117,87.5,4.941860465116279,82.55813953488372
E00005440,370,56,19,37,314,38,276,15.135135135135137,5.135135135135135,10,84.86486486486487,10.27027027027027,74.5945945945946
E00005441,364,44,12,32,320,32,288,12.087912087912088,3.296703296703297,8.791208791208792,87.91208791208791,8.791208791208792,79.12087912087912
E00005442,327,41,19,22,286,18,268,12.538226299694188,5.81039755351682,6.727828746177369,87.46177370030581,5.5045871559633035,81.9571865443425
E00005443,410,53,18,35,357,24,333,12.926829268292684,4.390243902439024,8.536585365853659,87.07317073170732,5.853658536585367,81.21951219512195
E00005444,455,69,29,40,386,22,364,15.164835164835164,6.373626373626373,8.791208791208792,84.83516483516483,4.835164835164836,80
E00005445,349,38,17,21,311,13,298,10.888252148997136,4.871060171919771,6.017191977077363,89.11174785100286,3.7249283667621778,85.38681948424069
E00005446,320,31,18,13,289,21,268,9.6875,5.625,4.0625,90.3125,6.5625,83.75
E00005447,289,38,10,28,251,22,229,13.148788927335639,3.4602076124567476,9.688581314878892,86.85121107266436,7.612456747404845,79.23875432525952
E00005448,273,31,6,25,242,16,226,11.355311355311356,2.197802197802198,9.157509157509157,88.64468864468864,5.86080586080586,82.78388278388277
E00005449,263,28,5,23,235,14,221,10.646387832699618,1.9011406844106464,8.745247148288973,89.35361216730038,5.323193916349809,84.03041825095056
E00005450,319,35,10,25,284,22,262,10.9717868338558,3.1347962382445136,7.836990595611286,89.0282131661442,6.896551724137931,82.13166144200626
E00005451,373,40,12,28,333,23,310,10.723860589812332,3.2171581769436997,7.506702412868632,89.27613941018767,6.166219839142091,83.10991957104558
E00005452,291,39,13,26,252,18,234,13.402061855670103,4.4673539518900345,8.934707903780069,86.5979381443299,6.185567010309279,80.41237113402062
E00005453,330,43,23,20,287,24,263,13.030303030303031,6.969696969696971,6.0606060606060606,86.96969696969697,7.2727272727272725,79.6969696969697
E00005454,390,52,22,30,338,20,318,13.333333333333334,5.641025641025641,7.6923076923076925,86.66666666666667,5.128205128205128,81.53846153846153
E00005455,513,71,25,46,442,37,405,13.840155945419102,4.8732943469785575,8.966861598440545,86.15984405458089,7.212475633528265,78.94736842105263
E00005456,293,34,17,17,259,21,238,11.604095563139932,5.802047781569966,5.802047781569966,88.39590443686008,7.167235494880546,81.22866894197952
E00005457,458,70,41,29,388,21,367,15.283842794759824,8.951965065502183,6.331877729257641,84.71615720524017,4.585152838427948,80.13100436681223
E00005458,419,62,33,29,357,34,323,14.797136038186157,7.875894988066825,6.921241050119331,85.20286396181385,8.1145584725537,77.08830548926015
E00005459,371,40,14,26,331,27,304,10.781671159029651,3.7735849056603774,7.008086253369273,89.21832884097036,7.277628032345014,81.94070080862534
E00005461,230,33,5,28,197,16,181,14.347826086956522,2.1739130434782608,12.173913043478262,85.65217391304348,6.956521739130435,78.69565217391305
E00005462,437,54,19,35,383,41,342,12.356979405034325,4.3478260869565215,8.009153318077804,87.64302059496568,9.382151029748284,78.26086956521739
E00005463,306,31,12,19,275,27,248,10.130718954248366,3.9215686274509802,6.209150326797386,89.86928104575163,8.823529411764707,81.04575163398692
E00005465,318,40,17,23,278,17,261,12.578616352201259,5.345911949685535,7.232704402515723,87.42138364779875,5.345911949685535,82.0754716981132
E00005466,189,31,11,20,158,9,149,16.402116402116402,5.82010582010582,10.582010582010582,83.5978835978836,4.761904761904762,78.83597883597884
E00005467,388,54,36,18,334,19,315,13.917525773195877,9.278350515463918,4.639175257731959,86.08247422680412,4.896907216494846,81.18556701030928
E00005469,370,67,29,38,303,17,286,18.10810810810811,7.837837837837839,10.27027027027027,81.89189189189189,4.594594594594595,77.29729729729729
E00005470,407,32,11,21,375,29,346,7.862407862407863,2.7027027027027026,5.159705159705159,92.13759213759214,7.125307125307126,85.01228501228502
E00005471,326,31,7,24,295,35,260,9.509202453987731,2.147239263803681,7.361963190184049,90.49079754601227,10.736196319018406,79.75460122699386
E00005472,370,50,16,34,320,27,293,13.513513513513514,4.324324324324325,9.18918918918919,86.48648648648648,7.297297297297297,79.1891891891892
E00005473,300,32,14,18,268,35,233,10.666666666666668,4.666666666666667,6,89.33333333333333,11.666666666666666,77.66666666666666
E00005474,373,62,30,32,311,21,290,16.621983914209114,8.04289544235925,8.579088471849866,83.37801608579089,5.630026809651475,77.7479892761394
E00005475,275,80,55,25,195,10,185,29.09090909090909,20,9.090909090909092,70.9090909090909,3.6363636363636362,67.27272727272727
E00005476,339,48,16,32,291,19,272,14.15929203539823,4.71976401179941,9.43952802359882,85.84070796460178,5.604719764011799,80.23598820058997
E00005477,453,46,12,34,407,32,375,10.154525386313466,2.6490066225165565,7.505518763796909,89.84547461368653,7.06401766004415,82.78145695364239
E00005478,441,94,43,51,347,28,319,21.31519274376417,9.750566893424036,11.564625850340136,78.68480725623583,6.349206349206349,72.33560090702947
E00005479,346,46,28,18,300,18,282,13.294797687861271,8.092485549132949,5.202312138728324,86.70520231213872,5.202312138728324,81.5028901734104
E00005480,363,32,8,24,331,18,313,8.81542699724518,2.203856749311295,6.6115702479338845,91.18457300275482,4.958677685950414,86.22589531680441
E00005481,302,63,32,31,239,13,226,20.86092715231788,10.596026490066226,10.264900662251655,79.13907284768213,4.304635761589404,74.83443708609272
E00005482,377,47,22,25,330,40,290,12.46684350132626,5.835543766578249,6.631299734748011,87.53315649867373,10.610079575596817,76.92307692307693
E00005483,370,35,14,21,335,35,300,9.45945945945946,3.783783783783784,5.675675675675676,90.54054054054053,9.45945945945946,81.08108108108108
E00005484,393,66,25,41,327,26,301,16.793893129770993,6.361323155216285,10.432569974554708,83.20610687022901,6.615776081424936,76.59033078880407
E00005485,365,48,21,27,317,21,296,13.150684931506849,5.7534246575342465,7.397260273972603,86.84931506849315,5.7534246575342465,81.0958904109589
E00005486,293,38,16,22,255,35,220,12.969283276450511,5.460750853242321,7.508532423208192,87.03071672354949,11.945392491467576,75.0853242320819
E00005487,311,52,25,27,259,22,237,16.720257234726688,8.038585209003216,8.681672025723474,83.27974276527331,7.07395498392283,76.20578778135048
E00005488,351,36,7,29,315,29,286,10.256410256410255,1.9943019943019942,8.262108262108262,89.74358974358975,8.262108262108262,81.48148148148148
E00005489,287,35,17,18,252,24,228,12.195121951219512,5.923344947735192,6.2717770034843205,87.8048780487805,8.362369337979095,79.44250871080139
E00005490,236,61,32,29,175,14,161,25.847457627118644,13.559322033898304,12.288135593220339,74.15254237288136,5.932203389830509,68.22033898305084
E00005491,342,77,32,45,265,25,240,22.514619883040936,9.35672514619883,13.157894736842104,77.48538011695906,7.309941520467836,70.17543859649122
E00005492,326,66,37,29,260,29,231,20.245398773006134,11.349693251533742,8.895705521472392,79.75460122699386,8.895705521472392,70.85889570552148
E00005493,326,61,24,37,265,16,249,18.711656441717793,7.361963190184049,11.349693251533742,81.28834355828221,4.9079754601226995,76.38036809815951
E00005494,330,31,13,18,299,31,268,9.393939393939393,3.939393939393939,5.454545454545454,90.6060606060606,9.393939393939393,81.21212121212122
E00005495,345,44,14,30,301,36,265,12.753623188405797,4.057971014492753,8.695652173913043,87.2463768115942,10.434782608695652,76.81159420289855
E00005496,329,58,34,24,271,19,252,17.62917933130699,10.33434650455927,7.29483282674772,82.37082066869301,5.775075987841945,76.59574468085107
E00005497,362,48,25,23,314,23,291,13.259668508287293,6.906077348066299,6.353591160220995,86.74033149171271,6.353591160220995,80.38674033149171
E00005498,382,40,13,27,342,17,325,10.471204188481675,3.4031413612565444,7.068062827225131,89.52879581151832,4.450261780104712,85.07853403141361
E00005499,350,77,33,44,273,19,254,22,9.428571428571429,12.571428571428573,78,5.428571428571429,72.57142857142857
E00005500,420,59,16,43,361,25,336,14.047619047619047,3.8095238095238098,10.238095238095237,85.95238095238096,5.952380952380952,80
E00005501,354,46,13,33,308,15,293,12.994350282485875,3.672316384180791,9.322033898305085,87.00564971751412,4.23728813559322,82.7683615819209
E00005502,336,28,10,18,308,14,294,8.333333333333332,2.976190476190476,5.357142857142857,91.66666666666666,4.166666666666666,87.5
E00005503,371,48,20,28,323,34,289,12.93800539083558,5.3908355795148255,7.547169811320755,87.06199460916442,9.164420485175203,77.89757412398922
E00005504,391,54,30,24,337,34,303,13.810741687979538,7.672634271099745,6.138107416879795,86.18925831202046,8.695652173913043,77.49360613810742
E00005505,299,59,29,30,240,24,216,19.732441471571907,9.698996655518394,10.033444816053512,80.2675585284281,8.02675585284281,72.24080267558529
E00005506,260,35,8,27,225,25,200,13.461538461538462,3.076923076923077,10.384615384615385,86.53846153846155,9.615384615384617,76.92307692307693
E00005507,390,29,5,24,361,31,330,7.435897435897436,1.282051282051282,6.153846153846154,92.56410256410257,7.948717948717948,84.61538461538461
E00005508,363,41,14,27,322,25,297,11.294765840220386,3.8567493112947657,7.43801652892562,88.70523415977961,6.887052341597796,81.81818181818183
E00005509,377,56,16,40,321,23,298,14.854111405835543,4.244031830238726,10.610079575596817,85.14588859416446,6.10079575596817,79.04509283819628
E00005510,273,57,30,27,216,12,204,20.87912087912088,10.989010989010989,9.89010989010989,79.12087912087912,4.395604395604396,74.72527472527473
E00005511,353,46,16,30,307,24,283,13.031161473087819,4.53257790368272,8.498583569405099,86.96883852691218,6.79886685552408,80.16997167138811
E00005512,328,47,13,34,281,20,261,14.329268292682926,3.9634146341463414,10.365853658536585,85.67073170731707,6.097560975609756,79.57317073170732
E00005513,332,23,10,13,309,20,289,6.927710843373494,3.0120481927710845,3.91566265060241,93.07228915662651,6.024096385542169,87.04819277108435
E00005514,360,41,12,29,319,20,299,11.38888888888889,3.3333333333333335,8.055555555555555,88.61111111111111,5.555555555555555,83.05555555555556
E00005515,385,32,9,23,353,33,320,8.311688311688311,2.3376623376623376,5.974025974025974,91.68831168831169,8.571428571428571,83.11688311688312
E00005516,339,44,25,19,295,27,268,12.979351032448378,7.374631268436578,5.604719764011799,87.02064896755162,7.964601769911504,79.05604719764013
E00005517,298,40,15,25,258,14,244,13.422818791946309,5.033557046979865,8.389261744966444,86.57718120805369,4.697986577181208,81.87919463087249
E00005518,343,28,11,17,315,32,283,8.16326530612245,3.206997084548105,4.956268221574344,91.83673469387756,9.329446064139942,82.5072886297376
E00005519,395,33,13,20,362,20,342,8.354430379746836,3.2911392405063293,5.063291139240507,91.64556962025317,5.063291139240507,86.58227848101265
E00005520,445,70,34,36,375,27,348,15.730337078651685,7.640449438202247,8.089887640449438,84.26966292134831,6.067415730337078,78.20224719101122
E00005521,401,49,16,33,352,27,325,12.219451371571072,3.99002493765586,8.229426433915211,87.78054862842892,6.733167082294264,81.04738154613467
E00005522,314,77,41,36,237,8,229,24.522292993630572,13.05732484076433,11.464968152866243,75.47770700636943,2.547770700636943,72.92993630573248
E00005523,367,47,17,30,320,20,300,12.806539509536785,4.632152588555858,8.174386920980927,87.19346049046321,5.449591280653951,81.74386920980926
E00005524,337,53,32,21,284,13,271,15.727002967359049,9.495548961424333,6.231454005934718,84.27299703264094,3.857566765578635,80.41543026706232
E00005525,265,34,16,18,231,17,214,12.830188679245284,6.037735849056604,6.7924528301886795,87.16981132075472,6.415094339622642,80.75471698113208
E00005526,487,69,29,40,418,23,395,14.168377823408623,5.95482546201232,8.213552361396303,85.83162217659137,4.722792607802875,81.1088295687885
E00005528,495,90,58,32,405,17,388,18.181818181818183,11.717171717171718,6.4646464646464645,81.81818181818183,3.4343434343434343,78.3838383838384
E00005529,343,65,38,27,278,12,266,18.950437317784257,11.078717201166182,7.871720116618077,81.04956268221575,3.498542274052478,77.55102040816327
E00005530,471,75,34,41,396,27,369,15.92356687898089,7.218683651804671,8.70488322717622,84.07643312101911,5.7324840764331215,78.343949044586
E00005531,397,67,32,35,330,21,309,16.876574307304786,8.060453400503778,8.816120906801007,83.12342569269522,5.289672544080604,77.83375314861462
E00005532,298,25,14,11,273,13,260,8.389261744966444,4.697986577181208,3.691275167785235,91.61073825503355,4.3624161073825505,87.24832214765101
E00005533,258,120,78,42,138,19,119,46.51162790697674,30.23255813953488,16.27906976744186,53.48837209302325,7.3643410852713185,46.12403100775194
E00005534,490,61,31,30,429,27,402,12.448979591836734,6.326530612244897,6.122448979591836,87.55102040816325,5.510204081632653,82.0408163265306
E00005535,326,43,24,19,283,15,268,13.190184049079754,7.361963190184049,5.828220858895705,86.80981595092024,4.601226993865031,82.20858895705521
E00005536,307,28,7,21,279,12,267,9.120521172638437,2.2801302931596092,6.840390879478828,90.87947882736157,3.908794788273615,86.97068403908796
E00005537,305,35,14,21,270,16,254,11.475409836065573,4.590163934426229,6.885245901639345,88.52459016393442,5.245901639344262,83.27868852459017
E00005538,324,43,20,23,281,9,272,13.271604938271606,6.172839506172839,7.098765432098765,86.72839506172839,2.7777777777777777,83.9506172839506
E00005539,316,43,17,26,273,24,249,13.60759493670886,5.379746835443038,8.227848101265822,86.39240506329115,7.59493670886076,78.79746835443038
E00005540,265,24,11,13,241,13,228,9.056603773584905,4.150943396226415,4.905660377358491,90.9433962264151,4.905660377358491,86.0377358490566
E00005541,220,34,10,24,186,6,180,15.454545454545453,4.545454545454546,10.909090909090908,84.54545454545455,2.727272727272727,81.81818181818183
E00005542,312,73,32,41,239,13,226,23.397435897435898,10.256410256410255,13.141025641025642,76.6025641025641,4.166666666666666,72.43589743589743
E00005543,598,66,30,36,532,26,506,11.036789297658862,5.016722408026756,6.0200668896321075,88.96321070234113,4.3478260869565215,84.61538461538461
E00005544,307,49,23,26,258,10,248,15.960912052117262,7.491856677524431,8.469055374592834,84.03908794788273,3.257328990228013,80.78175895765473
E00005545,313,28,13,15,285,24,261,8.945686900958465,4.15335463258786,4.792332268370607,91.05431309904152,7.667731629392971,83.38658146964856
E00005546,248,32,15,17,216,11,205,12.903225806451612,6.048387096774194,6.854838709677419,87.09677419354838,4.435483870967742,82.66129032258065
E00005547,448,45,20,25,403,27,376,10.044642857142858,4.464285714285714,5.580357142857143,89.95535714285714,6.026785714285714,83.92857142857143
E00005548,223,39,16,23,184,9,175,17.48878923766816,7.174887892376682,10.31390134529148,82.51121076233184,4.0358744394618835,78.47533632286996
E00005549,349,46,21,25,303,12,291,13.18051575931232,6.017191977077363,7.163323782234957,86.81948424068769,3.4383954154727796,83.3810888252149
E00005550,299,36,14,22,263,18,245,12.040133779264215,4.682274247491638,7.357859531772576,87.95986622073578,6.0200668896321075,81.93979933110369
E00005551,365,44,16,28,321,12,309,12.054794520547945,4.383561643835616,7.671232876712329,87.94520547945206,3.287671232876712,84.65753424657534
E00005552,312,47,25,22,265,14,251,15.064102564102564,8.012820512820513,7.051282051282051,84.93589743589743,4.487179487179487,80.44871794871796
E00005553,392,64,23,41,328,8,320,16.3265306122449,5.86734693877551,10.459183673469388,83.6734693877551,2.0408163265306123,81.63265306122449
E00005554,220,30,14,16,190,9,181,13.636363636363635,6.363636363636363,7.2727272727272725,86.36363636363636,4.090909090909091,82.27272727272728
E00005555,495,73,31,42,422,20,402,14.747474747474747,6.262626262626263,8.484848484848486,85.25252525252526,4.040404040404041,81.21212121212122
E00005556,380,53,20,33,327,14,313,13.94736842105263,5.263157894736842,8.68421052631579,86.05263157894737,3.684210526315789,82.36842105263158
E00005557,395,53,22,31,342,18,324,13.41772151898734,5.5696202531645564,7.848101265822785,86.58227848101265,4.556962025316456,82.02531645569621
E00005558,282,39,19,20,243,12,231,13.829787234042554,6.73758865248227,7.092198581560284,86.17021276595744,4.25531914893617,81.91489361702128
E00005559,310,50,23,27,260,12,248,16.129032258064516,7.419354838709677,8.709677419354838,83.87096774193549,3.870967741935484,80
E00005560,468,58,30,28,410,25,385,12.393162393162394,6.41025641025641,5.982905982905983,87.6068376068376,5.3418803418803416,82.26495726495726
E00005561,246,36,11,25,210,14,196,14.634146341463413,4.471544715447155,10.16260162601626,85.36585365853658,5.691056910569105,79.67479674796748
E00005562,305,40,20,20,265,11,254,13.114754098360656,6.557377049180328,6.557377049180328,86.88524590163934,3.606557377049181,83.27868852459017
E00005563,246,37,16,21,209,15,194,15.040650406504067,6.504065040650407,8.536585365853659,84.95934959349594,6.097560975609756,78.86178861788618
E00005564,506,68,40,28,438,37,401,13.438735177865613,7.905138339920949,5.533596837944664,86.56126482213439,7.312252964426877,79.2490118577075
E00005565,234,47,15,32,187,17,170,20.085470085470085,6.41025641025641,13.675213675213676,79.91452991452992,7.264957264957266,72.64957264957265
E00005566,610,87,41,46,523,29,494,14.262295081967213,6.721311475409836,7.540983606557377,85.73770491803279,4.754098360655737,80.98360655737706
E00005567,407,61,25,36,346,18,328,14.987714987714988,6.142506142506143,8.845208845208845,85.01228501228502,4.422604422604422,80.5896805896806
E00005568,348,45,23,22,303,12,291,12.931034482758621,6.609195402298851,6.321839080459771,87.06896551724138,3.4482758620689653,83.62068965517241
E00005570,303,39,13,26,264,16,248,12.871287128712872,4.29042904290429,8.58085808580858,87.12871287128714,5.2805280528052805,81.84818481848185
E00005571,299,61,30,31,238,11,227,20.401337792642142,10.033444816053512,10.367892976588628,79.59866220735786,3.678929765886288,75.91973244147158
E00005572,400,42,16,26,358,16,342,10.5,4,6.5,89.5,4,85.5
E00005573,323,53,19,34,270,18,252,16.408668730650156,5.88235294117647,10.526315789473683,83.59133126934985,5.572755417956656,78.0185758513932
E00005574,262,43,8,35,219,26,193,16.412213740458014,3.0534351145038165,13.358778625954198,83.58778625954199,9.923664122137405,73.66412213740458
E00005575,306,50,22,28,256,28,228,16.33986928104575,7.18954248366013,9.15032679738562,83.66013071895425,9.15032679738562,74.50980392156863
E00005576,334,53,20,33,281,22,259,15.868263473053892,5.9880239520958085,9.880239520958083,84.13173652694611,6.58682634730539,77.54491017964071
E00005577,365,44,19,25,321,23,298,12.054794520547945,5.205479452054795,6.8493150684931505,87.94520547945206,6.301369863013699,81.64383561643835
E00005578,392,56,14,42,336,38,298,14.285714285714285,3.571428571428571,10.714285714285714,85.71428571428571,9.693877551020408,76.0204081632653
E00005579,354,41,12,29,313,23,290,11.581920903954803,3.389830508474576,8.192090395480225,88.4180790960452,6.497175141242938,81.92090395480226
E00005580,333,33,11,22,300,38,262,9.90990990990991,3.303303303303303,6.606606606606606,90.09009009009009,11.411411411411411,78.67867867867868
E00005581,328,34,7,27,294,24,270,10.365853658536585,2.1341463414634148,8.231707317073171,89.63414634146342,7.317073170731707,82.3170731707317
E00005582,292,40,15,25,252,16,236,13.698630136986301,5.136986301369863,8.561643835616438,86.3013698630137,5.47945205479452,80.82191780821918
E00005583,331,39,14,25,292,23,269,11.782477341389729,4.229607250755287,7.552870090634441,88.21752265861026,6.948640483383686,81.2688821752266
E00005584,271,56,19,37,215,17,198,20.66420664206642,7.011070110701106,13.653136531365314,79.33579335793358,6.273062730627306,73.06273062730627
E00005585,282,33,7,26,249,28,221,11.702127659574469,2.4822695035460995,9.219858156028367,88.29787234042553,9.929078014184398,78.36879432624113
E00005586,300,40,13,27,260,23,237,13.333333333333334,4.333333333333334,9,86.66666666666667,7.666666666666666,79
E00005587,356,71,23,48,285,19,266,19.9438202247191,6.460674157303371,13.48314606741573,80.0561797752809,5.337078651685393,74.71910112359551
E00005588,328,40,17,23,288,20,268,12.195121951219512,5.182926829268292,7.01219512195122,87.8048780487805,6.097560975609756,81.70731707317073
E00005589,318,55,24,31,263,21,242,17.29559748427673,7.547169811320755,9.748427672955975,82.70440251572327,6.60377358490566,76.10062893081762
E00005590,336,58,22,36,278,28,250,17.261904761904763,6.547619047619048,10.714285714285714,82.73809523809523,8.333333333333332,74.40476190476191
E00005591,267,52,18,34,215,30,185,19.475655430711612,6.741573033707865,12.734082397003746,80.52434456928839,11.235955056179774,69.28838951310861
E00005592,388,48,16,32,340,20,320,12.371134020618557,4.123711340206185,8.24742268041237,87.62886597938144,5.154639175257731,82.4742268041237
E00005593,285,31,11,20,254,15,239,10.87719298245614,3.8596491228070176,7.017543859649122,89.12280701754386,5.263157894736842,83.85964912280703
E00005594,393,43,15,28,350,26,324,10.941475826972011,3.816793893129771,7.124681933842239,89.05852417302799,6.615776081424936,82.44274809160305
E00005595,362,52,20,32,310,36,274,14.3646408839779,5.524861878453039,8.83977900552486,85.6353591160221,9.94475138121547,75.69060773480662
E00005596,356,46,13,33,310,23,287,12.921348314606742,3.651685393258427,9.269662921348315,87.07865168539325,6.460674157303371,80.6179775280899
E00005597,313,41,20,21,272,25,247,13.099041533546327,6.3897763578274756,6.7092651757188495,86.90095846645367,7.987220447284344,78.91373801916933
E00005598,315,26,8,18,289,13,276,8.253968253968253,2.5396825396825395,5.714285714285714,91.74603174603175,4.1269841269841265,87.61904761904762
E00005599,348,48,20,28,300,25,275,13.793103448275861,5.747126436781609,8.045977011494253,86.20689655172413,7.183908045977011,79.02298850574712
E00005600,328,39,11,28,289,34,255,11.890243902439025,3.353658536585366,8.536585365853659,88.10975609756098,10.365853658536585,77.7439024390244
E00005601,332,42,11,31,290,20,270,12.650602409638553,3.313253012048193,9.33734939759036,87.34939759036145,6.024096385542169,81.32530120481928
E00005602,355,39,16,23,316,23,293,10.985915492957748,4.507042253521127,6.478873239436619,89.01408450704226,6.478873239436619,82.53521126760563
E00005603,309,40,15,25,269,23,246,12.944983818770226,4.854368932038835,8.090614886731391,87.05501618122977,7.443365695792881,79.6116504854369
E00005604,333,40,18,22,293,23,270,12.012012012012011,5.405405405405405,6.606606606606606,87.98798798798799,6.906906906906906,81.08108108108108
E00005605,249,38,17,21,211,26,185,15.261044176706829,6.827309236947792,8.433734939759036,84.73895582329317,10.441767068273093,74.29718875502009
E00005606,383,55,31,24,328,22,306,14.360313315926893,8.093994778067886,6.266318537859007,85.6396866840731,5.7441253263707575,79.89556135770235
E00005607,304,45,19,26,259,32,227,14.802631578947366,6.25,8.552631578947368,85.19736842105263,10.526315789473683,74.67105263157895
E00005608,366,55,25,30,311,24,287,15.027322404371585,6.830601092896176,8.19672131147541,84.97267759562843,6.557377049180328,78.41530054644808
E00005609,328,45,21,24,283,11,272,13.719512195121952,6.402439024390244,7.317073170731707,86.28048780487805,3.353658536585366,82.92682926829268
E00005610,432,50,18,32,382,33,349,11.574074074074074,4.166666666666666,7.4074074074074066,88.42592592592592,7.638888888888889,80.78703703703704
E00005611,344,44,16,28,300,15,285,12.790697674418606,4.651162790697675,8.13953488372093,87.20930232558139,4.3604651162790695,82.84883720930233
E00005612,273,41,13,28,232,13,219,15.018315018315018,4.761904761904762,10.256410256410255,84.98168498168498,4.761904761904762,80.21978021978022
E00005613,253,30,13,17,223,16,207,11.857707509881422,5.138339920948617,6.719367588932807,88.14229249011858,6.324110671936759,81.81818181818183
E00005614,327,64,22,42,263,21,242,19.571865443425075,6.727828746177369,12.844036697247708,80.42813455657493,6.422018348623854,74.00611620795107
E00005615,319,50,17,33,269,20,249,15.673981191222571,5.329153605015674,10.344827586206897,84.32601880877742,6.269592476489027,78.0564263322884
E00005616,312,43,14,29,269,25,244,13.782051282051283,4.487179487179487,9.294871794871796,86.21794871794873,8.012820512820513,78.2051282051282
E00005617,366,65,25,40,301,12,289,17.759562841530055,6.830601092896176,10.92896174863388,82.24043715846994,3.278688524590164,78.96174863387978
E00005618,216,31,15,16,185,15,170,14.351851851851851,6.944444444444445,7.4074074074074066,85.64814814814815,6.944444444444445,78.70370370370371
E00005619,358,45,19,26,313,16,297,12.569832402234638,5.307262569832402,7.262569832402235,87.43016759776536,4.4692737430167595,82.9608938547486
E00005620,361,43,16,27,318,16,302,11.911357340720222,4.43213296398892,7.479224376731302,88.08864265927978,4.43213296398892,83.65650969529086
E00005621,193,49,31,18,144,13,131,25.38860103626943,16.06217616580311,9.32642487046632,74.61139896373057,6.7357512953367875,67.87564766839378
E00005622,331,49,20,29,282,26,256,14.803625377643503,6.042296072507553,8.761329305135952,85.1963746223565,7.854984894259818,77.34138972809667
E00005623,272,23,10,13,249,19,230,8.455882352941178,3.6764705882352944,4.779411764705882,91.54411764705883,6.985294117647059,84.55882352941177
E00005624,265,48,24,24,217,22,195,18.11320754716981,9.056603773584905,9.056603773584905,81.88679245283019,8.30188679245283,73.58490566037736
E00005625,329,53,21,32,276,16,260,16.109422492401215,6.382978723404255,9.72644376899696,83.89057750759878,4.86322188449848,79.0273556231003
E00005626,333,51,14,37,282,22,260,15.315315315315313,4.2042042042042045,11.11111111111111,84.68468468468468,6.606606606606606,78.07807807807808
E00005627,319,60,25,35,259,30,229,18.808777429467085,7.836990595611286,10.9717868338558,81.19122257053291,9.404388714733543,71.78683385579937
E00005628,362,55,21,34,307,25,282,15.193370165745856,5.801104972375691,9.392265193370166,84.80662983425414,6.906077348066299,77.90055248618785
E00005629,282,33,12,21,249,23,226,11.702127659574469,4.25531914893617,7.446808510638298,88.29787234042553,8.156028368794328,80.1418439716312
E00005630,359,39,13,26,320,36,284,10.86350974930362,3.6211699164345403,7.242339832869081,89.13649025069638,10.027855153203342,79.10863509749304
E00005631,326,57,21,36,269,27,242,17.484662576687114,6.441717791411043,11.042944785276074,82.51533742331289,8.282208588957054,74.23312883435584
E00005632,352,32,11,21,320,21,299,9.090909090909092,3.125,5.965909090909091,90.9090909090909,5.965909090909091,84.94318181818183
E00005633,336,46,20,26,290,16,274,13.690476190476192,5.952380952380952,7.738095238095238,86.30952380952381,4.761904761904762,81.54761904761905
E00005634,372,31,13,18,341,34,307,8.333333333333332,3.494623655913978,4.838709677419355,91.66666666666666,9.13978494623656,82.52688172043011
E00005635,326,58,23,35,268,16,252,17.791411042944784,7.05521472392638,10.736196319018406,82.20858895705521,4.9079754601226995,77.30061349693251
E00005636,301,49,21,28,252,10,242,16.27906976744186,6.976744186046512,9.30232558139535,83.72093023255815,3.322259136212625,80.39867109634552
E00005637,290,45,15,30,245,21,224,15.517241379310345,5.172413793103448,10.344827586206897,84.48275862068965,7.241379310344828,77.24137931034483
E00005638,358,34,13,21,324,12,312,9.497206703910614,3.6312849162011176,5.865921787709497,90.5027932960894,3.35195530726257,87.15083798882681
E00005639,302,44,22,22,258,10,248,14.56953642384106,7.28476821192053,7.28476821192053,85.43046357615894,3.3112582781456954,82.11920529801324
E00005640,336,46,17,29,290,14,276,13.690476190476192,5.059523809523809,8.630952380952381,86.30952380952381,4.166666666666666,82.14285714285714
E00005641,317,49,27,22,268,11,257,15.457413249211358,8.517350157728707,6.940063091482649,84.54258675078864,3.4700315457413247,81.07255520504731
E00005642,347,50,25,25,297,34,263,14.409221902017292,7.204610951008646,7.204610951008646,85.5907780979827,9.798270893371757,75.79250720461094
E00005643,363,58,21,37,305,10,295,15.977961432506888,5.785123966942149,10.192837465564738,84.02203856749311,2.7548209366391188,81.26721763085399
E00005644,398,67,32,35,331,18,313,16.834170854271356,8.040201005025125,8.793969849246231,83.16582914572864,4.522613065326634,78.64321608040201
E00005645,173,44,21,23,129,18,111,25.43352601156069,12.138728323699421,13.294797687861271,74.56647398843931,10.404624277456648,64.16184971098265
E00005646,312,31,14,17,281,24,257,9.935897435897436,4.487179487179487,5.448717948717949,90.06410256410257,7.6923076923076925,82.37179487179486
E00005647,304,29,6,23,275,14,261,9.539473684210527,1.9736842105263157,7.565789473684211,90.46052631578947,4.605263157894736,85.85526315789474
E00005648,384,54,21,33,330,18,312,14.0625,5.46875,8.59375,85.9375,4.6875,81.25
E00005649,351,60,27,33,291,20,271,17.094017094017094,7.6923076923076925,9.401709401709402,82.90598290598291,5.698005698005698,77.20797720797721
E00005650,254,51,24,27,203,24,179,20.078740157480315,9.448818897637794,10.62992125984252,79.92125984251969,9.448818897637794,70.47244094488188
E00005651,312,46,21,25,266,18,248,14.743589743589745,6.730769230769231,8.012820512820513,85.25641025641025,5.769230769230769,79.48717948717949
E00005652,242,37,14,23,205,18,187,15.289256198347106,5.785123966942149,9.50413223140496,84.71074380165288,7.43801652892562,77.27272727272727
E00005653,203,46,18,28,157,14,143,22.660098522167488,8.866995073891626,13.793103448275861,77.33990147783251,6.896551724137931,70.44334975369459
E00005654,256,31,10,21,225,13,212,12.109375,3.90625,8.203125,87.890625,5.078125,82.8125
E00005655,363,58,26,32,305,14,291,15.977961432506888,7.162534435261708,8.81542699724518,84.02203856749311,3.8567493112947657,80.16528925619835
E00005656,298,62,29,33,236,22,214,20.80536912751678,9.731543624161073,11.073825503355705,79.19463087248322,7.38255033557047,71.81208053691275
E00005657,260,38,4,34,222,23,199,14.615384615384617,1.5384615384615385,13.076923076923078,85.38461538461539,8.846153846153847,76.53846153846153
E00005658,309,45,13,32,264,26,238,14.563106796116504,4.207119741100324,10.355987055016183,85.43689320388349,8.414239482200648,77.02265372168284
E00005659,365,41,23,18,324,13,311,11.232876712328768,6.301369863013699,4.931506849315069,88.76712328767124,3.5616438356164384,85.2054794520548
E00005660,276,43,19,24,233,15,218,15.579710144927535,6.884057971014493,8.695652173913043,84.42028985507247,5.434782608695652,78.98550724637681
E00005661,291,54,22,32,237,14,223,18.556701030927837,7.560137457044673,10.996563573883162,81.44329896907216,4.810996563573884,76.6323024054983
E00005662,225,50,22,28,175,11,164,22.22222222222222,9.777777777777779,12.444444444444445,77.77777777777779,4.888888888888889,72.88888888888889
E00005663,383,50,19,31,333,10,323,13.054830287206268,4.960835509138381,8.093994778067886,86.94516971279373,2.610966057441253,84.33420365535248
E00005664,289,36,11,25,253,14,239,12.45674740484429,3.8062283737024223,8.650519031141869,87.5432525951557,4.844290657439446,82.69896193771626
E00005665,317,34,11,23,283,14,269,10.725552050473187,3.4700315457413247,7.255520504731862,89.27444794952682,4.416403785488959,84.85804416403786
E00005666,451,75,31,44,376,11,365,16.62971175166297,6.873614190687362,9.75609756097561,83.37028824833703,2.4390243902439024,80.93126385809313
E00005667,307,64,34,30,243,21,222,20.846905537459286,11.074918566775244,9.77198697068404,79.15309446254072,6.840390879478828,72.31270358306189
E00005668,274,29,10,19,245,18,227,10.583941605839415,3.64963503649635,6.934306569343065,89.41605839416059,6.569343065693431,82.84671532846716
E00005669,326,36,17,19,290,17,273,11.042944785276074,5.214723926380368,5.828220858895705,88.95705521472392,5.214723926380368,83.74233128834356
E00005670,253,75,41,34,178,13,165,29.64426877470356,16.205533596837945,13.438735177865613,70.35573122529645,5.138339920948617,65.21739130434783
E00005671,291,41,11,30,250,15,235,14.0893470790378,3.7800687285223367,10.309278350515463,85.91065292096219,5.154639175257731,80.75601374570446
E00005672,236,27,10,17,209,15,194,11.440677966101696,4.23728813559322,7.203389830508475,88.5593220338983,6.3559322033898304,82.20338983050848
E00005673,332,61,28,33,271,14,257,18.373493975903614,8.433734939759036,9.939759036144578,81.62650602409639,4.216867469879518,77.40963855421687
E00005674,238,44,14,30,194,10,184,18.487394957983195,5.88235294117647,12.605042016806722,81.5126050420168,4.201680672268908,77.31092436974791
E00005675,415,69,31,38,346,21,325,16.626506024096386,7.46987951807229,9.156626506024097,83.37349397590361,5.0602409638554215,78.3132530120482
E00005676,331,45,24,21,286,19,267,13.595166163141995,7.250755287009064,6.3444108761329305,86.404833836858,5.740181268882175,80.66465256797582
E00005677,439,73,33,40,366,28,338,16.62870159453303,7.517084282460136,9.111617312072893,83.37129840546697,6.378132118451026,76.99316628701595
E00005678,282,31,13,18,251,16,235,10.99290780141844,4.609929078014184,6.382978723404255,89.00709219858156,5.673758865248227,83.33333333333334
E00005679,294,45,10,35,249,12,237,15.306122448979592,3.4013605442176873,11.904761904761903,84.6938775510204,4.081632653061225,80.61224489795919
E00005680,532,59,18,41,473,30,443,11.090225563909774,3.3834586466165413,7.7067669172932325,88.90977443609023,5.639097744360902,83.27067669172934
E00005681,243,36,19,17,207,29,178,14.814814814814813,7.818930041152264,6.995884773662551,85.18518518518519,11.934156378600823,73.25102880658436
E00005682,276,32,6,26,244,23,221,11.594202898550725,2.1739130434782608,9.420289855072465,88.40579710144928,8.333333333333332,80.07246376811594
E00005683,265,29,12,17,236,15,221,10.943396226415095,4.528301886792453,6.415094339622642,89.05660377358491,5.660377358490567,83.39622641509435
E00005684,171,24,6,18,147,20,127,14.035087719298245,3.508771929824561,10.526315789473683,85.96491228070175,11.695906432748536,74.26900584795322
E00005685,378,34,9,25,344,23,321,8.994708994708994,2.380952380952381,6.613756613756613,91.005291005291,6.084656084656085,84.92063492063492
E00005686,196,40,14,26,156,22,134,20.408163265306122,7.142857142857142,13.26530612244898,79.59183673469387,11.224489795918368,68.36734693877551
E00005687,457,43,10,33,414,37,377,9.409190371991247,2.1881838074398248,7.2210065645514225,90.59080962800876,8.096280087527353,82.4945295404814
E00005688,233,27,6,21,206,16,190,11.587982832618025,2.575107296137339,9.012875536480687,88.41201716738198,6.866952789699571,81.54506437768241
E00005689,262,52,18,34,210,11,199,19.84732824427481,6.870229007633588,12.977099236641221,80.1526717557252,4.198473282442748,75.95419847328245
E00005690,285,34,12,22,251,17,234,11.929824561403509,4.2105263157894735,7.719298245614035,88.0701754385965,5.964912280701754,82.10526315789474
E00005691,256,40,10,30,216,16,200,15.625,3.90625,11.71875,84.375,6.25,78.125
E00005692,248,32,11,21,216,16,200,12.903225806451612,4.435483870967742,8.46774193548387,87.09677419354838,6.451612903225806,80.64516129032258
E00005693,236,34,10,24,202,23,179,14.40677966101695,4.23728813559322,10.16949152542373,85.59322033898306,9.745762711864407,75.84745762711864
E00005694,178,20,1,19,158,25,133,11.235955056179774,0.5617977528089888,10.674157303370785,88.76404494382022,14.04494382022472,74.71910112359551
E00005695,278,59,33,26,219,20,199,21.223021582733814,11.870503597122301,9.352517985611511,78.77697841726618,7.1942446043165464,71.58273381294964
E00005696,325,32,9,23,293,33,260,9.846153846153847,2.769230769230769,7.076923076923077,90.15384615384615,10.153846153846153,80
E00005697,196,20,3,17,176,9,167,10.204081632653061,1.530612244897959,8.673469387755102,89.79591836734694,4.591836734693878,85.20408163265306
E00005698,221,32,15,17,189,17,172,14.479638009049776,6.787330316742081,7.6923076923076925,85.52036199095022,7.6923076923076925,77.82805429864254
E00005699,291,38,9,29,253,18,235,13.058419243986256,3.0927835051546393,9.965635738831615,86.94158075601375,6.185567010309279,80.75601374570446
E00005700,288,25,8,17,263,19,244,8.680555555555555,2.7777777777777777,5.902777777777778,91.31944444444444,6.597222222222222,84.72222222222221
E00005701,249,24,12,12,225,18,207,9.63855421686747,4.819277108433735,4.819277108433735,90.36144578313254,7.228915662650602,83.13253012048193
E00005702,288,38,18,20,250,11,239,13.194444444444445,6.25,6.944444444444445,86.80555555555556,3.8194444444444446,82.98611111111111
E00005703,339,49,24,25,290,11,279,14.454277286135694,7.079646017699115,7.374631268436578,85.54572271386431,3.2448377581120944,82.30088495575221
E00005704,336,33,16,17,303,23,280,9.821428571428571,4.761904761904762,5.059523809523809,90.17857142857143,6.845238095238096,83.33333333333334
E00005705,284,58,30,28,226,12,214,20.422535211267608,10.56338028169014,9.859154929577464,79.5774647887324,4.225352112676056,75.35211267605634
E00005706,468,66,33,33,402,28,374,14.102564102564102,7.051282051282051,7.051282051282051,85.8974358974359,5.982905982905983,79.91452991452992
E00005708,310,47,18,29,263,22,241,15.161290322580644,5.806451612903226,9.35483870967742,84.83870967741936,7.096774193548387,77.74193548387098
E00005709,258,36,10,26,222,18,204,13.953488372093023,3.875968992248062,10.077519379844961,86.04651162790698,6.976744186046512,79.06976744186046
E00005710,260,36,12,24,224,13,211,13.846153846153847,4.615384615384616,9.230769230769232,86.15384615384616,5,81.15384615384616
E00005711,309,35,12,23,274,13,261,11.326860841423949,3.8834951456310676,7.443365695792881,88.67313915857605,4.207119741100324,84.46601941747572
E00005712,291,42,12,30,249,14,235,14.432989690721648,4.123711340206185,10.309278350515463,85.56701030927834,4.810996563573884,80.75601374570446
E00005713,341,69,33,36,272,25,247,20.234604105571847,9.67741935483871,10.557184750733137,79.76539589442815,7.331378299120235,72.43401759530792
E00005714,433,81,37,44,352,18,334,18.706697459584294,8.545034642032332,10.161662817551962,81.2933025404157,4.157043879907621,77.13625866050808
E00005715,412,58,31,27,354,14,340,14.077669902912621,7.524271844660194,6.553398058252427,85.92233009708737,3.3980582524271843,82.52427184466019
E00005716,479,99,73,26,380,19,361,20.668058455114824,15.24008350730689,5.427974947807933,79.33194154488518,3.966597077244259,75.36534446764091
E00005718,294,33,11,22,261,11,250,11.224489795918368,3.741496598639456,7.482993197278912,88.77551020408163,3.741496598639456,85.03401360544217
E00005719,479,55,26,29,424,32,392,11.482254697286013,5.427974947807933,6.05427974947808,88.51774530271399,6.6805845511482245,81.83716075156576
E00005720,363,61,17,44,302,21,281,16.804407713498623,4.683195592286501,12.121212121212121,83.19559228650138,5.785123966942149,77.41046831955923
E00005721,362,53,26,27,309,20,289,14.64088397790055,7.18232044198895,7.458563535911603,85.35911602209944,5.524861878453039,79.8342541436464
E00005722,427,57,20,37,370,22,348,13.348946135831383,4.683840749414521,8.665105386416862,86.65105386416862,5.152224824355972,81.49882903981265
E00005723,323,35,18,17,288,24,264,10.8359133126935,5.572755417956656,5.263157894736842,89.1640866873065,7.430340557275541,81.73374613003097
E00005724,348,53,17,36,295,26,269,15.229885057471265,4.885057471264368,10.344827586206897,84.77011494252874,7.471264367816093,77.29885057471265
E00005725,402,29,10,19,373,19,354,7.213930348258707,2.4875621890547266,4.72636815920398,92.7860696517413,4.72636815920398,88.05970149253731
E00005726,371,50,28,22,321,23,298,13.477088948787062,7.547169811320755,5.929919137466308,86.52291105121293,6.199460916442049,80.3234501347709
E00005727,399,67,22,45,332,26,306,16.791979949874687,5.513784461152882,11.278195488721805,83.20802005012531,6.516290726817042,76.69172932330827
E00005728,504,60,23,37,444,13,431,11.904761904761903,4.563492063492063,7.341269841269842,88.09523809523809,2.579365079365079,85.51587301587301
E00005729,379,41,18,23,338,15,323,10.817941952506596,4.749340369393139,6.068601583113456,89.18205804749341,3.95778364116095,85.22427440633246
E00005730,281,30,21,9,251,10,241,10.676156583629894,7.473309608540925,3.202846975088968,89.32384341637011,3.558718861209965,85.76512455516014
E00005731,355,41,24,17,314,17,297,11.549295774647888,6.760563380281689,4.788732394366197,88.45070422535211,4.788732394366197,83.66197183098592
E00005732,393,57,28,29,336,19,317,14.50381679389313,7.124681933842239,7.37913486005089,85.49618320610686,4.8346055979643765,80.6615776081425
E00005733,283,34,13,21,249,17,232,12.014134275618375,4.593639575971731,7.420494699646643,87.98586572438163,6.007067137809187,81.97879858657244
E00005734,315,33,13,20,282,13,269,10.476190476190476,4.1269841269841265,6.349206349206349,89.52380952380953,4.1269841269841265,85.39682539682539
E00005735,282,35,16,19,247,23,224,12.411347517730496,5.673758865248227,6.73758865248227,87.58865248226951,8.156028368794328,79.43262411347519
E00005736,309,50,19,31,259,24,235,16.181229773462782,6.148867313915858,10.032362459546926,83.81877022653723,7.766990291262135,76.05177993527508
E00005737,335,56,31,25,279,12,267,16.716417910447763,9.253731343283581,7.462686567164178,83.28358208955224,3.582089552238806,79.70149253731343
E00005738,415,42,16,26,373,21,352,10.120481927710843,3.8554216867469884,6.265060240963856,89.87951807228916,5.0602409638554215,84.81927710843374
E00005739,332,29,8,21,303,16,287,8.734939759036145,2.4096385542168677,6.325301204819277,91.26506024096386,4.819277108433735,86.44578313253012
E00005740,391,34,17,17,357,26,331,8.695652173913043,4.3478260869565215,4.3478260869565215,91.30434782608695,6.649616368286446,84.65473145780051
E00005741,323,43,21,22,280,20,260,13.312693498452013,6.5015479876160995,6.811145510835913,86.687306501548,6.191950464396285,80.4953560371517
E00005742,340,56,21,35,284,14,270,16.470588235294116,6.176470588235294,10.294117647058822,83.52941176470588,4.117647058823529,79.41176470588235
E00005743,403,42,14,28,361,29,332,10.421836228287841,3.4739454094292808,6.9478908188585615,89.57816377171216,7.196029776674938,82.38213399503722
E00005744,381,52,27,25,329,21,308,13.648293963254593,7.086614173228346,6.561679790026247,86.3517060367454,5.511811023622047,80.83989501312337
E00005745,328,34,14,20,294,20,274,10.365853658536585,4.2682926829268295,6.097560975609756,89.63414634146342,6.097560975609756,83.53658536585365
E00005746,183,56,30,26,127,6,121,30.601092896174865,16.39344262295082,14.207650273224044,69.39890710382514,3.278688524590164,66.12021857923497
E00005747,398,42,21,21,356,25,331,10.552763819095476,5.276381909547738,5.276381909547738,89.44723618090453,6.281407035175879,83.16582914572864
E00005748,306,79,44,35,227,20,207,25.816993464052292,14.37908496732026,11.437908496732026,74.18300653594771,6.535947712418301,67.64705882352942
E00005749,421,31,9,22,390,28,362,7.363420427553444,2.137767220902613,5.225653206650831,92.63657957244655,6.65083135391924,85.98574821852732
E00005751,266,42,21,21,224,26,198,15.789473684210526,7.894736842105263,7.894736842105263,84.21052631578947,9.774436090225564,74.43609022556392
E00005752,291,34,17,17,257,14,243,11.683848797250858,5.841924398625429,5.841924398625429,88.31615120274914,4.810996563573884,83.50515463917526
E00005753,280,24,6,18,256,15,241,8.571428571428571,2.142857142857143,6.428571428571428,91.42857142857143,5.357142857142857,86.07142857142858
E00005754,304,57,24,33,247,15,232,18.75,7.894736842105263,10.855263157894738,81.25,4.934210526315789,76.31578947368422
E00005755,266,36,27,9,230,7,223,13.533834586466165,10.150375939849624,3.3834586466165413,86.46616541353383,2.631578947368421,83.83458646616542
E00005756,348,54,18,36,294,15,279,15.517241379310345,5.172413793103448,10.344827586206897,84.48275862068965,4.310344827586207,80.17241379310344
E00005757,311,46,12,34,265,12,253,14.790996784565916,3.858520900321544,10.932475884244374,85.20900321543408,3.858520900321544,81.35048231511254
E00005758,376,49,27,22,327,28,299,13.031914893617023,7.180851063829788,5.851063829787234,86.96808510638297,7.446808510638298,79.52127659574468
E00005759,442,54,20,34,388,24,364,12.217194570135746,4.524886877828054,7.6923076923076925,87.78280542986425,5.429864253393665,82.35294117647058
E00005760,370,56,25,31,314,25,289,15.135135135135137,6.756756756756757,8.378378378378379,84.86486486486487,6.756756756756757,78.10810810810811
E00005761,281,31,8,23,250,16,234,11.032028469750891,2.8469750889679712,8.185053380782918,88.96797153024912,5.6939501779359425,83.27402135231317
E00005762,270,25,11,14,245,14,231,9.25925925925926,4.074074074074074,5.185185185185185,90.74074074074075,5.185185185185185,85.55555555555556
E00005763,232,40,16,24,192,7,185,17.24137931034483,6.896551724137931,10.344827586206897,82.75862068965517,3.0172413793103448,79.74137931034483
E00005764,407,67,43,24,340,33,307,16.461916461916463,10.565110565110565,5.896805896805897,83.53808353808354,8.108108108108109,75.42997542997543
E00005765,555,55,29,26,500,29,471,9.90990990990991,5.225225225225225,4.684684684684685,90.09009009009009,5.225225225225225,84.86486486486487
E00005766,354,68,34,34,286,15,271,19.2090395480226,9.6045197740113,9.6045197740113,80.7909604519774,4.23728813559322,76.55367231638418
E00005767,235,34,9,25,201,18,183,14.468085106382977,3.829787234042553,10.638297872340425,85.53191489361703,7.659574468085106,77.87234042553192
E00005768,302,35,16,19,267,19,248,11.589403973509933,5.298013245033113,6.291390728476822,88.41059602649007,6.291390728476822,82.11920529801324
E00005769,255,35,10,25,220,20,200,13.725490196078432,3.9215686274509802,9.803921568627452,86.27450980392157,7.8431372549019605,78.43137254901961
E00005770,384,50,17,33,334,34,300,13.020833333333334,4.427083333333334,8.59375,86.97916666666666,8.854166666666668,78.125
E00005771,348,41,12,29,307,19,288,11.781609195402298,3.4482758620689653,8.333333333333332,88.2183908045977,5.459770114942529,82.75862068965517
E00005772,352,69,33,36,283,26,257,19.602272727272727,9.375,10.227272727272728,80.39772727272727,7.386363636363637,73.01136363636364
E00005773,365,64,21,43,301,19,282,17.534246575342465,5.7534246575342465,11.78082191780822,82.46575342465754,5.205479452054795,77.26027397260275
E00005774,365,55,20,35,310,36,274,15.068493150684931,5.47945205479452,9.58904109589041,84.93150684931507,9.863013698630137,75.06849315068493
E00005775,414,43,11,32,371,21,350,10.38647342995169,2.657004830917874,7.729468599033816,89.61352657004831,5.072463768115942,84.54106280193237
E00005776,281,37,11,26,244,20,224,13.167259786476867,3.9145907473309607,9.252669039145907,86.83274021352312,7.11743772241993,79.7153024911032
E00005777,457,57,25,32,400,15,385,12.472647702407002,5.470459518599562,7.00218818380744,87.527352297593,3.282275711159737,84.24507658643327
E00005778,361,34,10,24,327,23,304,9.418282548476455,2.7700831024930745,6.64819944598338,90.58171745152355,6.3711911357340725,84.21052631578947
E00005779,286,21,7,14,265,15,250,7.3426573426573425,2.4475524475524475,4.895104895104895,92.65734265734265,5.244755244755245,87.41258741258741
E00005780,279,38,25,13,241,8,233,13.620071684587815,8.960573476702509,4.659498207885305,86.37992831541219,2.867383512544803,83.51254480286738
E00005781,379,42,19,23,337,19,318,11.081794195250659,5.013192612137203,6.068601583113456,88.91820580474933,5.013192612137203,83.90501319261213
E00005782,365,51,26,25,314,20,294,13.972602739726028,7.123287671232877,6.8493150684931505,86.02739726027397,5.47945205479452,80.54794520547945
E00005783,391,39,20,19,352,19,333,9.974424552429667,5.115089514066496,4.859335038363171,90.02557544757033,4.859335038363171,85.16624040920716
E00005784,341,103,65,38,238,17,221,30.205278592375368,19.06158357771261,11.143695014662756,69.79472140762464,4.9853372434017595,64.80938416422288
E00005785,375,36,15,21,339,19,320,9.6,4,5.6000000000000005,90.4,5.066666666666666,85.33333333333334
E00005786,292,32,19,13,260,21,239,10.95890410958904,6.506849315068493,4.4520547945205475,89.04109589041096,7.191780821917808,81.84931506849315
E00005787,315,58,20,38,257,14,243,18.412698412698415,6.349206349206349,12.063492063492063,81.58730158730158,4.444444444444445,77.14285714285715
E00005788,338,50,19,31,288,23,265,14.792899408284024,5.621301775147929,9.171597633136095,85.20710059171599,6.8047337278106506,78.40236686390533
E00005789,371,38,16,22,333,24,309,10.242587601078167,4.31266846361186,5.929919137466308,89.75741239892183,6.46900269541779,83.28840970350404
E00005790,279,35,20,15,244,17,227,12.544802867383511,7.168458781362006,5.376344086021505,87.45519713261649,6.093189964157706,81.36200716845879
E00005791,422,57,25,32,365,20,345,13.507109004739338,5.924170616113744,7.5829383886255926,86.49289099526067,4.739336492890995,81.75355450236967
E00005792,409,55,24,31,354,17,337,13.447432762836186,5.8679706601467,7.579462102689487,86.55256723716381,4.156479217603912,82.3960880195599
E00005793,373,59,28,31,314,14,300,15.81769436997319,7.506702412868632,8.310991957104557,84.1823056300268,3.753351206434316,80.42895442359249
E00005794,339,51,21,30,288,20,268,15.04424778761062,6.1946902654867255,8.849557522123893,84.95575221238938,5.899705014749262,79.05604719764013
E00005795,258,32,11,21,226,18,208,12.4031007751938,4.263565891472868,8.13953488372093,87.59689922480621,6.976744186046512,80.62015503875969
E00005796,274,23,8,15,251,26,225,8.394160583941606,2.9197080291970803,5.474452554744526,91.6058394160584,9.48905109489051,82.11678832116789
E00005797,236,57,32,25,179,8,171,24.152542372881356,13.559322033898304,10.59322033898305,75.84745762711864,3.389830508474576,72.45762711864407
E00005798,338,36,15,21,302,12,290,10.650887573964498,4.437869822485207,6.21301775147929,89.3491124260355,3.5502958579881656,85.79881656804734
E00005799,348,47,17,30,301,16,285,13.505747126436782,4.885057471264368,8.620689655172415,86.49425287356321,4.597701149425287,81.89655172413794
E00005800,331,49,19,30,282,19,263,14.803625377643503,5.740181268882175,9.06344410876133,85.1963746223565,5.740181268882175,79.45619335347432
E00005801,447,92,44,48,355,16,339,20.581655480984338,9.843400447427292,10.738255033557047,79.41834451901566,3.5794183445190155,75.83892617449665
E00005802,340,47,17,30,293,17,276,13.823529411764707,5,8.823529411764707,86.1764705882353,5,81.17647058823529
E00005803,413,64,21,43,349,35,314,15.49636803874092,5.084745762711865,10.411622276029057,84.50363196125909,8.47457627118644,76.02905569007264
E00005804,299,52,24,28,247,14,233,17.391304347826086,8.02675585284281,9.364548494983277,82.6086956521739,4.682274247491638,77.92642140468227
E00005805,468,39,20,19,429,23,406,8.333333333333332,4.273504273504273,4.05982905982906,91.66666666666666,4.914529914529915,86.75213675213675
E00005806,305,47,15,32,258,24,234,15.40983606557377,4.918032786885246,10.491803278688524,84.59016393442623,7.868852459016394,76.72131147540983
E00005807,320,52,20,32,268,29,239,16.25,6.25,10,83.75,9.0625,74.6875
E00005808,282,33,10,23,249,18,231,11.702127659574469,3.546099290780142,8.156028368794328,88.29787234042553,6.382978723404255,81.91489361702128
E00005809,388,58,27,31,330,17,313,14.948453608247423,6.958762886597938,7.989690721649484,85.05154639175258,4.381443298969072,80.6701030927835
E00005810,222,31,12,19,191,21,170,13.963963963963963,5.405405405405405,8.558558558558559,86.03603603603604,9.45945945945946,76.57657657657657
E00005811,303,36,12,24,267,25,242,11.881188118811881,3.9603960396039604,7.920792079207921,88.11881188118812,8.25082508250825,79.86798679867987
E00005812,360,49,20,29,311,18,293,13.61111111111111,5.555555555555555,8.055555555555555,86.38888888888889,5,81.38888888888889
E00005813,369,41,26,15,328,23,305,11.11111111111111,7.046070460704606,4.0650406504065035,88.88888888888889,6.233062330623306,82.65582655826557
E00005814,431,64,26,38,367,23,344,14.849187935034802,6.0324825986078885,8.816705336426914,85.1508120649652,5.336426914153132,79.81438515081206
E00005816,471,125,98,27,346,19,327,26.53927813163482,20.8067940552017,5.7324840764331215,73.46072186836517,4.033970276008493,69.42675159235668
E00005817,395,94,69,25,301,18,283,23.79746835443038,17.468354430379744,6.329113924050633,76.20253164556962,4.556962025316456,71.64556962025317
E00005818,360,62,30,32,298,17,281,17.22222222222222,8.333333333333332,8.88888888888889,82.77777777777777,4.722222222222222,78.05555555555556
E00005819,325,66,32,34,259,20,239,20.307692307692307,9.846153846153847,10.461538461538462,79.6923076923077,6.153846153846154,73.53846153846155
E00005820,294,36,10,26,258,20,238,12.244897959183673,3.4013605442176873,8.843537414965986,87.75510204081633,6.802721088435375,80.95238095238095
E00005821,395,38,11,27,357,20,337,9.620253164556962,2.7848101265822782,6.8354430379746836,90.37974683544304,5.063291139240507,85.31645569620252
E00005822,275,42,16,26,233,18,215,15.272727272727273,5.818181818181818,9.454545454545455,84.72727272727273,6.545454545454546,78.18181818181819
E00005823,398,48,23,25,350,31,319,12.060301507537687,5.778894472361809,6.281407035175879,87.93969849246231,7.788944723618091,80.15075376884423
E00005824,364,41,21,20,323,16,307,11.263736263736265,5.769230769230769,5.4945054945054945,88.73626373626374,4.395604395604396,84.34065934065934
E00005825,400,65,27,38,335,16,319,16.25,6.75,9.5,83.75,4,79.75
E00005826,211,39,20,19,172,6,166,18.48341232227488,9.47867298578199,9.004739336492891,81.51658767772511,2.843601895734597,78.67298578199052
E00005827,433,51,19,32,382,20,362,11.778290993071593,4.387990762124711,7.390300230946882,88.2217090069284,4.618937644341801,83.60277136258661
E00005828,298,55,28,27,243,11,232,18.456375838926174,9.395973154362416,9.060402684563758,81.54362416107382,3.691275167785235,77.85234899328859
E00005829,321,37,16,21,284,16,268,11.526479750778815,4.984423676012461,6.5420560747663545,88.47352024922118,4.984423676012461,83.48909657320873
E00005830,317,51,23,28,266,22,244,16.08832807570978,7.255520504731862,8.832807570977918,83.91167192429022,6.940063091482649,76.97160883280758
E00005831,271,33,12,21,238,19,219,12.177121771217712,4.428044280442804,7.7490774907749085,87.82287822878229,7.011070110701106,80.81180811808119
E00005832,249,31,14,17,218,6,212,12.449799196787147,5.622489959839357,6.827309236947792,87.55020080321285,2.4096385542168677,85.14056224899599
E00005833,294,45,10,35,249,19,230,15.306122448979592,3.4013605442176873,11.904761904761903,84.6938775510204,6.462585034013606,78.2312925170068
E00005834,412,119,69,50,293,19,274,28.883495145631066,16.74757281553398,12.135922330097088,71.11650485436894,4.611650485436893,66.50485436893204
E00005835,386,83,42,41,303,15,288,21.502590673575128,10.880829015544041,10.621761658031089,78.49740932642487,3.8860103626943006,74.61139896373057
E00005837,316,43,17,26,273,19,254,13.60759493670886,5.379746835443038,8.227848101265822,86.39240506329115,6.012658227848101,80.37974683544303
E00005838,360,42,9,33,318,29,289,11.666666666666666,2.5,9.166666666666666,88.33333333333333,8.055555555555555,80.27777777777779
E00005839,184,31,12,19,153,7,146,16.847826086956523,6.521739130434782,10.326086956521738,83.15217391304348,3.804347826086957,79.34782608695652
E00005840,487,55,26,29,432,9,423,11.293634496919918,5.338809034907597,5.95482546201232,88.7063655030801,1.8480492813141685,86.85831622176592
E00005841,310,59,27,32,251,15,236,19.032258064516128,8.709677419354838,10.32258064516129,80.96774193548387,4.838709677419355,76.12903225806451
E00005842,280,48,17,31,232,12,220,17.142857142857142,6.071428571428571,11.071428571428571,82.85714285714286,4.285714285714286,78.57142857142857
E00005843,414,69,32,37,345,23,322,16.666666666666664,7.729468599033816,8.937198067632849,83.33333333333334,5.555555555555555,77.77777777777779
E00005844,550,74,30,44,476,31,445,13.454545454545455,5.454545454545454,8,86.54545454545455,5.636363636363637,80.9090909090909
E00005845,366,56,27,29,310,19,291,15.300546448087433,7.377049180327869,7.923497267759563,84.69945355191257,5.191256830601093,79.50819672131148
E00005846,311,48,21,27,263,17,246,15.434083601286176,6.752411575562702,8.681672025723474,84.56591639871382,5.466237942122187,79.09967845659163
E00005848,295,40,17,23,255,11,244,13.559322033898304,5.762711864406779,7.796610169491526,86.4406779661017,3.728813559322034,82.71186440677965
E00005849,343,46,17,29,297,17,280,13.411078717201166,4.956268221574344,8.454810495626822,86.58892128279884,4.956268221574344,81.63265306122449
E00005850,421,61,22,39,360,26,334,14.489311163895488,5.225653206650831,9.263657957244655,85.5106888361045,6.175771971496437,79.33491686460808
E00005851,402,56,23,33,346,21,325,13.930348258706468,5.721393034825871,8.208955223880597,86.06965174129353,5.223880597014925,80.84577114427861
E00005852,429,49,21,28,380,24,356,11.421911421911423,4.895104895104895,6.526806526806526,88.57808857808858,5.594405594405594,82.98368298368298
E00005853,400,46,18,28,354,15,339,11.5,4.5,7.000000000000001,88.5,3.75,84.75
E00005854,282,38,19,19,244,18,226,13.47517730496454,6.73758865248227,6.73758865248227,86.52482269503547,6.382978723404255,80.1418439716312
E00005855,325,45,18,27,280,19,261,13.846153846153847,5.538461538461538,8.307692307692308,86.15384615384616,5.846153846153846,80.3076923076923
E00005856,286,36,15,21,250,13,237,12.587412587412588,5.244755244755245,7.3426573426573425,87.41258741258741,4.545454545454546,82.86713286713287
E00005857,368,55,22,33,313,14,299,14.945652173913043,5.978260869565218,8.967391304347826,85.05434782608695,3.804347826086957,81.25
E00005858,241,53,28,25,188,14,174,21.991701244813278,11.618257261410788,10.37344398340249,78.00829875518673,5.809128630705394,72.19917012448133
E00005859,312,30,12,18,282,13,269,9.615384615384617,3.8461538461538463,5.769230769230769,90.38461538461539,4.166666666666666,86.21794871794873
E00005860,300,63,22,41,237,9,228,21,7.333333333333333,13.666666666666666,79,3,76
E00005861,426,43,22,21,383,10,373,10.093896713615024,5.164319248826291,4.929577464788732,89.90610328638498,2.3474178403755865,87.55868544600939
E00005862,311,64,44,20,247,17,230,20.578778135048232,14.14790996784566,6.430868167202572,79.42122186495176,5.466237942122187,73.95498392282958
E00005863,305,43,17,26,262,14,248,14.098360655737704,5.573770491803279,8.524590163934425,85.90163934426229,4.590163934426229,81.31147540983606
E00005864,410,57,28,29,353,13,340,13.902439024390246,6.829268292682928,7.073170731707316,86.09756097560975,3.1707317073170733,82.92682926829268
E00005865,353,36,22,14,317,14,303,10.198300283286118,6.232294617563739,3.9660056657223794,89.80169971671388,3.9660056657223794,85.8356940509915
E00005866,317,40,18,22,277,16,261,12.618296529968454,5.678233438485805,6.940063091482649,87.38170347003155,5.047318611987381,82.33438485804416
E00005867,464,50,25,25,414,14,400,10.775862068965516,5.387931034482758,5.387931034482758,89.22413793103449,3.0172413793103448,86.20689655172413
E00005869,358,50,23,27,308,12,296,13.966480446927374,6.424581005586592,7.5418994413407825,86.03351955307262,3.35195530726257,82.68156424581005
E00005871,440,40,13,27,400,13,387,9.090909090909092,2.9545454545454546,6.136363636363637,90.9090909090909,2.9545454545454546,87.95454545454545
E00005872,407,55,17,38,352,15,337,13.513513513513514,4.176904176904177,9.336609336609335,86.48648648648648,3.6855036855036856,82.80098280098281
E00005873,415,37,17,20,378,13,365,8.91566265060241,4.096385542168675,4.819277108433735,91.08433734939759,3.132530120481928,87.95180722891565
E00005874,190,32,20,12,158,12,146,16.842105263157894,10.526315789473683,6.315789473684211,83.15789473684211,6.315789473684211,76.84210526315789
E00005875,453,37,10,27,416,16,400,8.167770419426049,2.207505518763797,5.960264900662252,91.83222958057395,3.532008830022075,88.30022075055187
E00005876,382,37,18,19,345,18,327,9.68586387434555,4.712041884816754,4.973821989528796,90.31413612565446,4.712041884816754,85.6020942408377
E00005877,361,34,13,21,327,22,305,9.418282548476455,3.6011080332409975,5.8171745152354575,90.58171745152355,6.094182825484765,84.48753462603878
E00005878,458,38,15,23,420,24,396,8.296943231441048,3.2751091703056767,5.021834061135371,91.70305676855895,5.240174672489083,86.46288209606988
E00005879,383,44,21,23,339,19,320,11.488250652741515,5.483028720626632,6.005221932114883,88.51174934725849,4.960835509138381,83.5509138381201
E00005880,403,53,26,27,350,12,338,13.151364764267989,6.451612903225806,6.699751861042183,86.848635235732,2.977667493796526,83.87096774193549
E00005881,321,31,11,20,290,6,284,9.657320872274143,3.4267912772585665,6.230529595015576,90.34267912772586,1.8691588785046727,88.47352024922118
E00005882,377,35,10,25,342,20,322,9.283819628647215,2.6525198938992043,6.631299734748011,90.71618037135278,5.305039787798409,85.41114058355438
E00005883,258,48,28,20,210,13,197,18.6046511627907,10.852713178294573,7.751937984496124,81.3953488372093,5.038759689922481,76.35658914728683
E00005884,390,47,14,33,343,20,323,12.051282051282051,3.5897435897435894,8.461538461538462,87.94871794871794,5.128205128205128,82.82051282051283
E00005885,238,31,12,19,207,14,193,13.025210084033615,5.042016806722689,7.9831932773109235,86.97478991596638,5.88235294117647,81.09243697478992
E00005886,333,40,23,17,293,13,280,12.012012012012011,6.906906906906906,5.105105105105105,87.98798798798799,3.903903903903904,84.08408408408408
E00005887,324,43,16,27,281,21,260,13.271604938271606,4.938271604938271,8.333333333333332,86.72839506172839,6.481481481481481,80.24691358024691
E00005888,340,49,25,24,291,13,278,14.411764705882351,7.352941176470589,7.0588235294117645,85.58823529411764,3.823529411764706,81.76470588235294
E00005889,281,35,14,21,246,6,240,12.455516014234876,4.98220640569395,7.473309608540925,87.54448398576513,2.135231316725979,85.40925266903915
E00005890,302,32,18,14,270,8,262,10.596026490066226,5.960264900662252,4.635761589403973,89.40397350993378,2.6490066225165565,86.75496688741721
E00005892,395,51,23,28,344,21,323,12.91139240506329,5.822784810126582,7.088607594936709,87.0886075949367,5.3164556962025316,81.77215189873418
E00005893,413,39,11,28,374,15,359,9.443099273607748,2.663438256658596,6.779661016949152,90.55690072639226,3.631961259079903,86.92493946731234
E00005894,336,52,29,23,284,18,266,15.476190476190476,8.630952380952381,6.845238095238096,84.52380952380952,5.357142857142857,79.16666666666666
E00005895,351,46,22,24,305,18,287,13.105413105413104,6.267806267806268,6.837606837606838,86.8945868945869,5.128205128205128,81.76638176638177
E00005896,310,45,20,25,265,13,252,14.516129032258066,6.451612903225806,8.064516129032258,85.48387096774194,4.193548387096775,81.29032258064515
E00005897,388,93,53,40,295,20,275,23.969072164948454,13.65979381443299,10.309278350515463,76.03092783505154,5.154639175257731,70.87628865979381
E00005898,323,41,18,23,282,16,266,12.693498452012383,5.572755417956656,7.120743034055728,87.30650154798761,4.953560371517028,82.35294117647058
E00005899,261,29,8,21,232,14,218,11.11111111111111,3.065134099616858,8.045977011494253,88.88888888888889,5.363984674329502,83.5249042145594
E00005900,384,45,26,19,339,19,320,11.71875,6.770833333333333,4.947916666666666,88.28125,4.947916666666666,83.33333333333334
E00005901,369,62,32,30,307,9,298,16.802168021680217,8.672086720867208,8.130081300813007,83.19783197831978,2.4390243902439024,80.75880758807588
E00005902,413,62,36,26,351,20,331,15.012106537530268,8.716707021791766,6.2953995157385,84.98789346246973,4.8426150121065374,80.1452784503632
E00005903,319,41,20,21,278,15,263,12.852664576802509,6.269592476489027,6.583072100313479,87.14733542319749,4.702194357366771,82.44514106583071
E00005904,347,61,32,29,286,16,270,17.579250720461097,9.221902017291066,8.357348703170029,82.42074927953891,4.610951008645533,77.80979827089337
E00005905,298,31,15,16,267,8,259,10.40268456375839,5.033557046979865,5.369127516778524,89.59731543624162,2.684563758389262,86.91275167785236
E00005906,448,91,55,36,357,24,333,20.3125,12.276785714285714,8.035714285714286,79.6875,5.357142857142857,74.33035714285714
E00005907,346,37,19,18,309,16,293,10.69364161849711,5.491329479768786,5.202312138728324,89.30635838150289,4.624277456647398,84.6820809248555
E00005908,306,41,19,22,265,14,251,13.398692810457517,6.209150326797386,7.18954248366013,86.60130718954248,4.57516339869281,82.02614379084967
E00005909,394,71,40,31,323,11,312,18.02030456852792,10.152284263959391,7.868020304568528,81.97969543147208,2.7918781725888326,79.18781725888326
E00005910,344,44,17,27,300,13,287,12.790697674418606,4.941860465116279,7.848837209302325,87.20930232558139,3.77906976744186,83.43023255813954
E00005911,219,27,8,19,192,10,182,12.32876712328767,3.65296803652968,8.67579908675799,87.67123287671232,4.5662100456621,83.10502283105022
E00005912,467,49,23,26,418,17,401,10.492505353319057,4.925053533190578,5.567451820128479,89.50749464668094,3.640256959314775,85.86723768736617
E00005913,425,58,26,32,367,18,349,13.647058823529413,6.11764705882353,7.529411764705881,86.3529411764706,4.235294117647059,82.11764705882352
E00005914,349,48,19,29,301,16,285,13.753581661891118,5.444126074498568,8.30945558739255,86.24641833810888,4.584527220630372,81.66189111747852
E00005915,294,35,15,20,259,21,238,11.904761904761903,5.1020408163265305,6.802721088435375,88.09523809523809,7.142857142857142,80.95238095238095
E00005916,202,30,10,20,172,8,164,14.85148514851485,4.9504950495049505,9.900990099009901,85.14851485148515,3.9603960396039604,81.1881188118812
E00005917,341,49,25,24,292,22,270,14.369501466275661,7.331378299120235,7.038123167155426,85.63049853372434,6.451612903225806,79.17888563049853
E00005918,255,27,10,17,228,16,212,10.588235294117647,3.9215686274509802,6.666666666666667,89.41176470588236,6.2745098039215685,83.13725490196079
E00005919,233,33,18,15,200,20,180,14.163090128755366,7.725321888412018,6.437768240343347,85.83690987124464,8.583690987124463,77.25321888412017
E00005920,356,66,30,36,290,16,274,18.53932584269663,8.426966292134832,10.112359550561797,81.46067415730337,4.49438202247191,76.96629213483146
E00005921,155,36,25,11,119,6,113,23.225806451612904,16.129032258064516,7.096774193548387,76.77419354838709,3.870967741935484,72.90322580645162
E00005922,275,27,11,16,248,26,222,9.818181818181818,4,5.818181818181818,90.18181818181819,9.454545454545455,80.72727272727272
E00005923,215,45,25,20,170,14,156,20.930232558139537,11.627906976744185,9.30232558139535,79.06976744186046,6.511627906976744,72.55813953488372
E00005924,467,58,26,32,409,26,383,12.419700214132762,5.567451820128479,6.852248394004283,87.58029978586723,5.567451820128479,82.01284796573876
E00005925,251,34,20,14,217,10,207,13.545816733067728,7.968127490039841,5.577689243027888,86.45418326693228,3.9840637450199203,82.47011952191235
E00005926,273,27,13,14,246,11,235,9.89010989010989,4.761904761904762,5.128205128205128,90.10989010989012,4.029304029304029,86.08058608058609
E00005927,413,74,26,48,339,25,314,17.91767554479419,6.2953995157385,11.62227602905569,82.082324455205807,6.053268765133172,76.02905569007264
E00005928,310,33,15,18,277,17,260,10.64516129032258,4.838709677419355,5.806451612903226,89.35483870967742,5.483870967741936,83.87096774193549
E00005929,280,42,15,27,238,32,206,15,5.357142857142857,9.642857142857144,85,11.428571428571429,73.57142857142858
E00005930,241,19,10,9,222,13,209,7.883817427385892,4.149377593360995,3.7344398340248963,92.11618257261411,5.394190871369295,86.72199170124482
E00005931,372,58,22,36,314,19,295,15.591397849462366,5.913978494623656,9.67741935483871,84.40860215053763,5.10752688172043,79.3010752688172
E00005932,339,38,19,19,301,16,285,11.209439528023598,5.604719764011799,5.604719764011799,88.79056047197639,4.71976401179941,84.070796460177
E00005933,360,53,22,31,307,29,278,14.722222222222223,6.111111111111111,8.61111111111111,85.27777777777777,8.055555555555555,77.22222222222223
E00005934,282,37,18,19,245,22,223,13.120567375886525,6.382978723404255,6.73758865248227,86.87943262411348,7.801418439716312,79.07801418439716
E00005935,372,57,22,35,315,16,299,15.32258064516129,5.913978494623656,9.408602150537634,84.67741935483872,4.301075268817205,80.3763440860215
E00005936,288,31,9,22,257,17,240,10.76388888888889,3.125,7.638888888888889,89.23611111111111,5.902777777777778,83.33333333333334
E00005937,312,28,9,19,284,21,263,8.974358974358974,2.8846153846153846,6.089743589743589,91.02564102564102,6.730769230769231,84.2948717948718
E00005938,284,36,14,22,248,13,235,12.676056338028168,4.929577464788732,7.746478873239436,87.32394366197182,4.577464788732395,82.74647887323944
E00005939,296,45,22,23,251,17,234,15.202702702702704,7.4324324324324325,7.77027027027027,84.7972972972973,5.743243243243244,79.05405405405406
E00005940,254,46,18,28,208,16,192,18.11023622047244,7.086614173228346,11.023622047244094,81.88976377952756,6.299212598425196,75.59055118110236
E00005941,345,56,26,30,289,25,264,16.231884057971012,7.536231884057972,8.695652173913043,83.76811594202898,7.246376811594203,76.52173913043478
E00005942,518,64,29,35,454,23,431,12.355212355212355,5.598455598455598,6.756756756756757,87.64478764478764,4.440154440154441,83.20463320463321
E00005943,300,54,18,36,246,9,237,18,6,12,82,3,79
E00005944,313,38,15,23,275,20,255,12.140575079872203,4.792332268370607,7.348242811501597,87.8594249201278,6.3897763578274756,81.46964856230032
E00005945,185,29,13,16,156,18,138,15.675675675675677,7.027027027027027,8.64864864864865,84.32432432432432,9.72972972972973,74.5945945945946
E00005946,340,41,13,28,299,20,279,12.058823529411764,3.823529411764706,8.235294117647058,87.94117647058823,5.88235294117647,82.05882352941177
E00005947,292,45,24,21,247,24,223,15.41095890410959,8.21917808219178,7.191780821917808,84.58904109589042,8.21917808219178,76.36986301369863
E00005948,332,29,9,20,303,23,280,8.734939759036145,2.710843373493976,6.024096385542169,91.26506024096386,6.927710843373494,84.33734939759037
E00005949,218,20,5,15,198,10,188,9.174311926605505,2.293577981651376,6.8807339449541285,90.82568807339449,4.587155963302752,86.23853211009175
E00005950,309,30,10,20,279,10,269,9.70873786407767,3.2362459546925564,6.472491909385113,90.29126213592234,3.2362459546925564,87.05501618122977
E00005951,260,32,18,14,228,17,211,12.307692307692308,6.923076923076923,5.384615384615385,87.6923076923077,6.538461538461539,81.15384615384616
E00005952,412,79,43,36,333,21,312,19.174757281553397,10.436893203883495,8.737864077669903,80.8252427184466,5.097087378640777,75.72815533980582
E00005953,319,48,22,26,271,19,252,15.047021943573668,6.896551724137931,8.150470219435736,84.95297805642633,5.956112852664576,78.99686520376176
E00005954,289,25,7,18,264,23,241,8.650519031141869,2.422145328719723,6.228373702422145,91.34948096885813,7.958477508650519,83.39100346020761
E00005955,271,48,17,31,223,13,210,17.712177121771216,6.273062730627306,11.439114391143912,82.28782287822878,4.797047970479705,77.49077490774908
E00005956,289,41,7,34,248,17,231,14.186851211072666,2.422145328719723,11.76470588235294,85.81314878892734,5.88235294117647,79.93079584775087
E00005957,236,28,10,18,208,21,187,11.864406779661017,4.23728813559322,7.627118644067797,88.13559322033898,8.898305084745763,79.23728813559322
E00005958,181,30,13,17,151,6,145,16.574585635359114,7.18232044198895,9.392265193370166,83.42541436464089,3.314917127071823,80.11049723756905
E00005959,360,49,21,28,311,24,287,13.61111111111111,5.833333333333333,7.777777777777778,86.38888888888889,6.666666666666667,79.72222222222223
E00005960,218,25,11,14,193,11,182,11.46788990825688,5.045871559633028,6.422018348623854,88.53211009174312,5.045871559633028,83.4862385321101
E00005961,286,41,18,23,245,16,229,14.335664335664337,6.293706293706294,8.041958041958042,85.66433566433567,5.594405594405594,80.06993006993007
E00005962,386,59,29,30,327,22,305,15.284974093264248,7.512953367875648,7.772020725388601,84.71502590673575,5.699481865284974,79.01554404145078
E00005963,564,108,58,50,456,22,434,19.148936170212767,10.28368794326241,8.865248226950355,80.85106382978722,3.900709219858156,76.95035460992908
E00005964,279,25,10,15,254,19,235,8.960573476702509,3.584229390681003,5.376344086021505,91.0394265232975,6.810035842293908,84.22939068100358
E00005965,378,60,34,26,318,18,300,15.873015873015872,8.994708994708994,6.878306878306878,84.12698412698413,4.761904761904762,79.36507936507937
E00165794,388,88,35,53,300,7,293,22.68041237113402,9.02061855670103,13.65979381443299,77.31958762886599,1.804123711340206,75.51546391752578
E00174923,411,66,29,37,345,13,332,16.05839416058394,7.0559610705596105,9.002433090024331,83.94160583941606,3.1630170316301705,80.7785888077859
E00174924,439,34,15,19,405,17,388,7.744874715261959,3.416856492027335,4.328018223234624,92.25512528473804,3.8724373576309796,88.38268792710706
E00174925,393,36,16,20,357,17,340,9.16030534351145,4.071246819338422,5.089058524173027,90.83969465648855,4.325699745547073,86.51399491094148
E00174926,219,32,10,22,187,13,174,14.61187214611872,4.5662100456621,10.045662100456621,85.38812785388129,5.93607305936073,79.45205479452055
E00174928,392,52,27,25,340,25,315,13.26530612244898,6.887755102040815,6.377551020408164,86.73469387755102,6.377551020408164,80.35714285714286
E00174929,228,16,6,10,212,10,202,7.017543859649122,2.631578947368421,4.385964912280701,92.98245614035088,4.385964912280701,88.59649122807018
E00174930,260,27,13,14,233,11,222,10.384615384615385,5,5.384615384615385,89.61538461538461,4.230769230769231,85.38461538461539
E00174931,391,46,24,22,345,15,330,11.76470588235294,6.138107416879795,5.626598465473146,88.23529411764706,3.8363171355498724,84.39897698209718
E00174932,355,57,22,35,298,19,279,16.056338028169016,6.197183098591549,9.859154929577464,83.94366197183099,5.352112676056338,78.59154929577464
E00174934,375,58,33,25,317,23,294,15.466666666666667,8.799999999999999,6.666666666666667,84.53333333333333,6.133333333333333,78.4
E00174938,191,29,18,11,162,17,145,15.18324607329843,9.424083769633508,5.7591623036649215,84.81675392670157,8.900523560209423,75.91623036649214
E00174939,345,39,15,24,306,19,287,11.304347826086957,4.3478260869565215,6.956521739130435,88.69565217391305,5.507246376811594,83.18840579710145
E00174940,444,86,36,50,358,15,343,19.36936936936937,8.108108108108109,11.26126126126126,80.63063063063063,3.3783783783783785,77.25225225225225
E00174941,274,25,12,13,249,12,237,9.124087591240876,4.37956204379562,4.744525547445255,90.87591240875912,4.37956204379562,86.4963503649635
E00174942,268,36,19,17,232,12,220,13.432835820895523,7.08955223880597,6.343283582089552,86.56716417910447,4.477611940298507,82.08955223880598
E00174943,235,15,6,9,220,12,208,6.382978723404255,2.553191489361702,3.829787234042553,93.61702127659575,5.106382978723404,88.51063829787233
E00174944,405,59,27,32,346,13,333,14.5679012345679,6.666666666666667,7.901234567901234,85.4320987654321,3.2098765432098766,82.22222222222221
E00174945,204,27,7,20,177,8,169,13.23529411764706,3.431372549019608,9.803921568627452,86.76470588235294,3.9215686274509802,82.84313725490196
E00174946,199,66,37,29,133,12,121,33.165829145728644,18.592964824120603,14.572864321608039,66.83417085427136,6.030150753768844,60.80402010050251
E00174947,366,36,20,16,330,12,318,9.836065573770492,5.46448087431694,4.371584699453552,90.1639344262295,3.278688524590164,86.88524590163934
E00174948,266,34,11,23,232,10,222,12.781954887218044,4.135338345864661,8.646616541353383,87.21804511278195,3.7593984962406015,83.45864661654136
E00174949,347,43,6,37,304,23,281,12.39193083573487,1.729106628242075,10.662824207492795,87.60806916426513,6.628242074927954,80.97982708933718
E00174950,226,16,5,11,210,11,199,7.079646017699115,2.2123893805309733,4.867256637168142,92.92035398230088,4.867256637168142,88.05309734513274
E00174951,291,49,20,29,242,7,235,16.83848797250859,6.872852233676976,9.965635738831615,83.16151202749141,2.405498281786942,80.75601374570446
E00174952,390,40,16,24,350,17,333,10.256410256410255,4.102564102564102,6.153846153846154,89.74358974358975,4.358974358974359,85.38461538461539
E00174953,404,69,41,28,335,22,313,17.07920792079208,10.14851485148515,6.9306930693069315,82.92079207920791,5.445544554455446,77.47524752475248
E00174954,232,29,11,18,203,9,194,12.5,4.741379310344827,7.758620689655173,87.5,3.8793103448275863,83.62068965517241
E00174955,147,20,9,11,127,11,116,13.60544217687075,6.122448979591836,7.482993197278912,86.39455782312925,7.482993197278912,78.91156462585033
E00174956,230,28,8,20,202,12,190,12.173913043478262,3.4782608695652173,8.695652173913043,87.82608695652175,5.217391304347826,82.6086956521739
E00174957,296,21,5,16,275,29,246,7.094594594594595,1.6891891891891893,5.405405405405405,92.9054054054054,9.797297297297296,83.1081081081081
E00174958,263,40,14,26,223,20,203,15.209125475285171,5.323193916349809,9.885931558935361,84.79087452471484,7.604562737642586,77.18631178707224
E00174959,314,46,9,37,268,35,233,14.64968152866242,2.8662420382165608,11.78343949044586,85.35031847133759,11.146496815286625,74.20382165605095
E00180951,454,62,22,40,392,27,365,13.656387665198238,4.845814977973569,8.81057268722467,86.34361233480176,5.947136563876652,80.39647577092511
E00180952,234,24,10,14,210,5,205,10.256410256410255,4.273504273504273,5.982905982905983,89.74358974358975,2.1367521367521367,87.6068376068376
E00180953,318,61,36,25,257,10,247,19.18238993710692,11.320754716981133,7.861635220125786,80.81761006289308,3.1446540880503147,77.67295597484278
E00180955,380,36,14,22,344,22,322,9.473684210526317,3.684210526315789,5.7894736842105265,90.52631578947368,5.7894736842105265,84.73684210526315
E00180956,308,56,21,35,252,13,239,18.181818181818183,6.8181818181818175,11.363636363636363,81.81818181818183,4.220779220779221,77.59740259740259
E00180959,213,30,14,16,183,13,170,14.084507042253522,6.572769953051644,7.511737089201878,85.91549295774648,6.103286384976526,79.81220657276995
E00180962,604,37,10,27,567,33,534,6.125827814569536,1.6556291390728477,4.470198675496689,93.87417218543047,5.4635761589403975,88.41059602649007
E00180963,306,18,1,17,288,10,278,5.88235294117647,0.32679738562091504,5.555555555555555,94.11764705882352,3.2679738562091507,90.84967320261438
E00180965,259,21,8,13,238,18,220,8.108108108108109,3.088803088803089,5.019305019305019,91.8918918918919,6.94980694980695,84.94208494208493
E00180966,389,35,13,22,354,23,331,8.997429305912597,3.3419023136246784,5.655526992287918,91.00257069408741,5.912596401028278,85.08997429305913
E00180967,106,10,7,3,96,6,90,9.433962264150944,6.60377358490566,2.8301886792452833,90.56603773584906,5.660377358490567,84.90566037735849
E00180968,241,37,15,22,204,10,194,15.352697095435685,6.224066390041494,9.12863070539419,84.64730290456431,4.149377593360995,80.49792531120332
E00180969,226,25,12,13,201,10,191,11.061946902654867,5.3097345132743365,5.752212389380531,88.93805309734513,4.424778761061947,84.51327433628319
E00180970,241,17,0,17,224,15,209,7.053941908713693,0,7.053941908713693,92.9460580912863,6.224066390041494,86.72199170124482
E00180972,500,72,29,43,428,18,410,14.399999999999999,5.800000000000001,8.6,85.6,3.5999999999999996,82
E00180973,455,41,9,32,414,24,390,9.010989010989011,1.9780219780219779,7.032967032967033,90.98901098901099,5.274725274725275,85.71428571428571
E00180974,196,7,1,6,189,11,178,3.571428571428571,0.5102040816326531,3.061224489795918,96.42857142857143,5.612244897959184,90.81632653061224
E00180976,376,56,22,34,320,17,303,14.893617021276595,5.851063829787234,9.042553191489363,85.1063829787234,4.521276595744681,80.58510638297872
E00180977,656,54,16,38,602,45,557,8.231707317073171,2.4390243902439024,5.7926829268292686,91.76829268292683,6.859756097560976,84.90853658536585
E00180978,182,10,6,4,172,3,169,5.4945054945054945,3.296703296703297,2.197802197802198,94.5054945054945,1.6483516483516485,92.85714285714286
E00180979,388,53,23,30,335,14,321,13.65979381443299,5.927835051546391,7.731958762886598,86.34020618556701,3.608247422680412,82.73195876288659
E00180980,104,11,5,6,93,4,89,10.576923076923077,4.807692307692308,5.769230769230769,89.42307692307693,3.8461538461538463,85.57692307692307
E00180981,379,28,15,13,351,13,338,7.387862796833773,3.95778364116095,3.430079155672823,92.61213720316623,3.430079155672823,89.18205804749341
E00180982,260,38,18,20,222,18,204,14.615384615384617,6.923076923076923,7.6923076923076925,85.38461538461539,6.923076923076923,78.46153846153847
E00180983,386,25,11,14,361,20,341,6.476683937823833,2.849740932642487,3.6269430051813467,93.52331606217616,5.181347150259067,88.3419689119171
E00180984,293,21,8,13,272,19,253,7.167235494880546,2.7303754266211606,4.436860068259386,92.83276450511946,6.484641638225256,86.3481228668942
E00180986,221,20,11,9,201,11,190,9.049773755656108,4.97737556561086,4.072398190045249,90.9502262443439,4.97737556561086,85.97285067873304
E00180987,261,54,21,33,207,8,199,20.689655172413794,8.045977011494253,12.643678160919542,79.3103448275862,3.065134099616858,76.24521072796935
E00180988,371,29,3,26,342,19,323,7.816711590296496,0.8086253369272237,7.008086253369273,92.18328840970351,5.121293800539084,87.06199460916442
E00180989,198,14,3,11,184,10,174,7.07070707070707,1.5151515151515151,5.555555555555555,92.92929292929293,5.05050505050505,87.87878787878788
E00180990,380,35,16,19,345,17,328,9.210526315789473,4.2105263157894735,5,90.78947368421053,4.473684210526316,86.31578947368422
E00180991,398,65,30,35,333,27,306,16.331658291457288,7.537688442211055,8.793969849246231,83.66834170854271,6.78391959798995,76.88442211055276
E00180994,185,31,8,23,154,9,145,16.756756756756758,4.324324324324325,12.432432432432433,83.24324324324324,4.864864864864865,78.37837837837837
E00180995,292,38,20,18,254,11,243,13.013698630136986,6.8493150684931505,6.164383561643835,86.98630136986301,3.767123287671233,83.21917808219177
E00180996,243,39,5,34,204,6,198,16.049382716049383,2.05761316872428,13.991769547325102,83.9506172839506,2.4691358024691357,81.48148148148148
E00180997,205,21,10,11,184,16,168,10.24390243902439,4.878048780487805,5.365853658536586,89.75609756097562,7.804878048780488,81.95121951219512
E00180998,295,51,27,24,244,8,236,17.28813559322034,9.152542372881356,8.135593220338983,82.71186440677965,2.711864406779661,80
E00180999,211,30,9,21,181,10,171,14.218009478672986,4.265402843601896,9.95260663507109,85.78199052132702,4.739336492890995,81.04265402843602
E00181000,452,21,8,13,431,19,412,4.646017699115045,1.7699115044247788,2.8761061946902653,95.35398230088495,4.20353982300885,91.1504424778761
E00181003,489,64,26,38,425,23,402,13.0879345603272,5.316973415132924,7.770961145194274,86.9120654396728,4.703476482617587,82.20858895705521
E00181005,232,39,18,21,193,12,181,16.810344827586206,7.758620689655173,9.051724137931034,83.1896551724138,5.172413793103448,78.01724137931035
E00181007,199,18,1,17,181,10,171,9.045226130653267,0.5025125628140703,8.542713567839195,90.95477386934674,5.025125628140704,85.92964824120602
E00181008,561,45,26,19,516,24,492,8.0213903743315509,4.634581105169341,3.3868092691622103,91.97860962566845,4.27807486631016,87.70053475935828
E00181009,545,32,13,19,513,23,490,5.871559633027523,2.385321100917431,3.486238532110092,94.12844036697248,4.220183486238533,89.90825688073394
E00181010,226,68,46,22,158,12,146,30.08849557522124,20.353982300884958,9.734513274336283,69.91150442477876,5.3097345132743365,64.60176991150442
E00181011,219,18,3,15,201,7,194,8.21917808219178,1.36986301369863,6.8493150684931505,91.78082191780823,3.1963470319634704,88.58447488584474
E00181012,594,43,12,31,551,39,512,7.23905723905724,2.0202020202020203,5.218855218855219,92.76094276094277,6.565656565656567,86.19528619528619
E00181013,465,31,3,28,434,24,410,6.666666666666667,0.6451612903225806,6.021505376344086,93.33333333333333,5.161290322580645,88.17204301075269
E00181015,333,34,18,16,299,19,280,10.21021021021021,5.405405405405405,4.804804804804805,89.7897897897898,5.7057057057057055,84.08408408408408
E00181017,374,71,40,31,303,14,289,18.983957219251337,10.695187165775401,8.288770053475936,81.01604278074866,3.7433155080213902,77.27272727272727
E00181018,464,33,12,21,431,16,415,7.112068965517242,2.586206896551724,4.525862068965517,92.88793103448276,3.4482758620689653,89.4396551724138
E00181021,229,31,10,21,198,16,182,13.537117903930133,4.366812227074235,9.170305676855897,86.46288209606988,6.986899563318777,79.47598253275109
E00181022,205,38,16,22,167,6,161,18.536585365853657,7.804878048780488,10.731707317073171,81.46341463414633,2.9268292682926833,78.53658536585367
E00181025,486,68,30,38,418,29,389,13.991769547325102,6.172839506172839,7.818930041152264,86.0082304526749,5.967078189300412,80.04115226337449
E00181026,448,131,98,33,317,34,283,29.24107142857143,21.875,7.366071428571429,70.75892857142857,7.5892857142857135,63.16964285714286
E00181027,205,43,19,24,162,11,151,20.975609756097562,9.268292682926829,11.707317073170733,79.02439024390245,5.365853658536586,73.65853658536585
E00181028,207,19,8,11,188,7,181,9.178743961352657,3.864734299516908,5.314009661835748,90.82125603864735,3.3816425120772946,87.43961352657004
E00181029,416,22,8,14,394,15,379,5.288461538461538,1.9230769230769231,3.3653846153846154,94.71153846153845,3.6057692307692304,91.10576923076923
E00181031,227,36,15,21,191,15,176,15.859030837004406,6.607929515418502,9.251101321585903,84.14096916299559,6.607929515418502,77.5330396475771
E00181033,232,24,14,10,208,10,198,10.344827586206897,6.0344827586206895,4.310344827586207,89.65517241379311,4.310344827586207,85.34482758620689
E00181034,441,32,11,21,409,18,391,7.2562358276643995,2.494331065759637,4.761904761904762,92.7437641723356,4.081632653061225,88.66213151927438
E00181035,353,19,5,14,334,26,308,5.382436260623229,1.41643059490085,3.9660056657223794,94.61756373937678,7.365439093484419,87.25212464589235
E00181036,403,49,22,27,354,16,338,12.158808933002481,5.459057071960298,6.699751861042183,87.84119106699751,3.970223325062035,83.87096774193549
E00181039,363,53,26,27,310,25,285,14.600550964187327,7.162534435261708,7.43801652892562,85.39944903581267,6.887052341597796,78.51239669421489
E00181041,239,20,11,9,219,4,215,8.368200836820083,4.602510460251046,3.765690376569038,91.63179916317992,1.6736401673640167,89.9581589958159
E00181043,305,28,12,16,277,16,261,9.180327868852459,3.934426229508197,5.245901639344262,90.81967213114754,5.245901639344262,85.57377049180329
