OA,ts0590001,ts0590002,ts0590003,ts0590004,ts0590005,ts0590006,ts0590007,ts0590002_PCT,ts0590003_PCT,ts0590004_PCT,ts0590005_PCT,ts0590006_PCT,ts0590007_PCT
W00007742,151,45,9,36,106,90,16,29.80132450331126,5.960264900662252,23.841059602649008,70.19867549668875,59.60264900662252,10.596026490066226
W00007743,154,43,11,32,111,94,17,27.92207792207792,7.142857142857142,20.77922077922078,72.07792207792207,61.038961038961034,11.03896103896104
W00007744,142,38,6,32,104,89,15,26.76056338028169,4.225352112676056,22.535211267605636,73.23943661971832,62.676056338028175,10.56338028169014
W00007745,104,31,4,27,73,67,6,29.807692307692307,3.8461538461538463,25.961538461538463,70.1923076923077,64.42307692307693,5.769230769230769
W00007746,154,41,15,26,113,98,15,26.623376623376622,9.740259740259742,16.883116883116884,73.37662337662337,63.63636363636363,9.740259740259742
W00007747,132,46,14,32,86,74,12,34.84848484848485,10.606060606060606,24.242424242424242,65.15151515151516,56.060606060606055,9.090909090909092
W00007748,131,35,12,23,96,84,12,26.717557251908396,9.16030534351145,17.557251908396946,73.2824427480916,64.12213740458014,9.16030534351145
W00007749,99,35,9,26,64,53,11,35.35353535353536,9.090909090909092,26.262626262626267,64.64646464646465,53.535353535353536,11.11111111111111
W00007750,93,21,10,11,72,63,9,22.58064516129032,10.75268817204301,11.827956989247312,77.41935483870968,67.74193548387096,9.67741935483871
W00007751,211,49,9,40,162,142,20,23.22274881516588,4.265402843601896,18.95734597156398,76.77725118483413,67.29857819905213,9.47867298578199
W00007752,117,35,6,29,82,67,15,29.914529914529915,5.128205128205128,24.786324786324787,70.08547008547008,57.26495726495726,12.82051282051282
W00007753,139,28,7,21,111,92,19,20.14388489208633,5.0359712230215825,15.107913669064748,79.85611510791367,66.18705035971223,13.66906474820144
W00007754,99,16,4,12,83,77,6,16.161616161616163,4.040404040404041,12.121212121212121,83.83838383838383,77.77777777777779,6.0606060606060606
W00007755,173,30,11,19,143,128,15,17.341040462427745,6.358381502890173,10.982658959537572,82.65895953757226,73.98843930635837,8.670520231213873
W00007756,110,32,10,22,78,68,10,29.09090909090909,9.090909090909092,20,70.9090909090909,61.81818181818181,9.090909090909092
W00007757,121,48,13,35,73,62,11,39.66942148760331,10.743801652892563,28.92561983471074,60.33057851239669,51.2396694214876,9.090909090909092
W00007758,150,49,16,33,101,90,11,32.666666666666664,10.666666666666668,22,67.33333333333333,60,7.333333333333333
W00007759,119,39,10,29,80,72,8,32.773109243697476,8.403361344537815,24.369747899159663,67.22689075630252,60.50420168067227,6.722689075630252
W00007760,134,36,11,25,98,92,6,26.865671641791046,8.208955223880597,18.65671641791045,73.13432835820896,68.65671641791045,4.477611940298507
W00007761,139,41,10,31,98,84,14,29.496402877697843,7.1942446043165464,22.302158273381295,70.50359712230215,60.431654676258994,10.071942446043165
W00007762,146,35,8,27,111,98,13,23.972602739726025,5.47945205479452,18.493150684931507,76.02739726027397,67.12328767123287,8.904109589041095
W00007763,149,36,12,24,113,104,9,24.161073825503358,8.053691275167784,16.10738255033557,75.83892617449665,69.79865771812081,6.0402684563758395
W00007764,106,21,6,15,85,76,9,19.81132075471698,5.660377358490567,14.150943396226415,80.18867924528303,71.69811320754717,8.49056603773585
W00007765,57,21,9,12,36,30,6,36.84210526315789,15.789473684210526,21.052631578947366,63.1578947368421,52.63157894736842,10.526315789473683
W00007766,287,63,18,45,224,198,26,21.951219512195124,6.2717770034843205,15.6794425087108,78.04878048780488,68.98954703832753,9.059233449477352
W00007767,152,37,8,29,115,108,7,24.342105263157894,5.263157894736842,19.078947368421055,75.6578947368421,71.05263157894737,4.605263157894736
W00007768,132,38,11,27,94,86,8,28.78787878787879,8.333333333333332,20.454545454545457,71.21212121212122,65.15151515151516,6.0606060606060606
W00007769,78,27,5,22,51,46,5,34.61538461538461,6.41025641025641,28.205128205128204,65.38461538461539,58.97435897435898,6.41025641025641
W00007770,156,37,9,28,119,110,9,23.717948717948715,5.769230769230769,17.94871794871795,76.28205128205127,70.51282051282051,5.769230769230769
W00007771,139,36,9,27,103,94,9,25.899280575539567,6.474820143884892,19.424460431654676,74.10071942446042,67.62589928057554,6.474820143884892
W00007772,129,38,16,22,91,84,7,29.457364341085274,12.4031007751938,17.05426356589147,70.54263565891473,65.11627906976744,5.426356589147287
W00007773,109,22,5,17,87,79,8,20.18348623853211,4.587155963302752,15.59633027522936,79.81651376146789,72.47706422018348,7.339449541284404
W00007774,87,25,6,19,62,57,5,28.735632183908045,6.896551724137931,21.839080459770116,71.26436781609196,65.51724137931035,5.747126436781609
W00007775,90,18,5,13,72,64,8,20,5.555555555555555,14.444444444444443,80,71.11111111111111,8.88888888888889
W00007776,55,15,3,12,40,33,7,27.27272727272727,5.454545454545454,21.818181818181817,72.72727272727273,60,12.727272727272727
W00007777,132,33,11,22,99,92,7,25,8.333333333333332,16.666666666666664,75,69.6969696969697,5.303030303030303
W00007778,159,43,8,35,116,102,14,27.044025157232703,5.031446540880504,22.0125786163522,72.95597484276729,64.15094339622641,8.80503144654088
W00007779,139,36,10,26,103,90,13,25.899280575539567,7.1942446043165464,18.705035971223023,74.10071942446042,64.74820143884892,9.352517985611511
W00007780,75,27,7,20,48,48,0,36,9.333333333333334,26.666666666666668,64,64,0
W00007781,144,39,6,33,105,98,7,27.083333333333332,4.166666666666666,22.916666666666664,72.91666666666666,68.05555555555556,4.861111111111112
W00007782,113,32,8,24,81,72,9,28.31858407079646,7.079646017699115,21.238938053097346,71.68141592920354,63.716814159292035,7.964601769911504
W00007783,99,38,12,26,61,51,10,38.38383838383838,12.121212121212121,26.262626262626267,61.61616161616161,51.515151515151516,10.1010101010101
W00007784,90,20,6,14,70,65,5,22.22222222222222,6.666666666666667,15.555555555555555,77.77777777777779,72.22222222222221,5.555555555555555
W00007785,95,29,4,25,66,58,8,30.526315789473685,4.2105263157894735,26.31578947368421,69.47368421052632,61.05263157894737,8.421052631578947
W00007786,83,23,6,17,60,52,8,27.710843373493976,7.228915662650602,20.481927710843372,72.28915662650603,62.65060240963856,9.63855421686747
W00007787,112,31,7,24,81,72,9,27.67857142857143,6.25,21.428571428571427,72.32142857142857,64.28571428571429,8.035714285714286
W00007788,107,29,6,23,78,70,8,27.102803738317753,5.607476635514018,21.49532710280374,72.89719626168224,65.42056074766354,7.476635514018691
W00007789,92,27,7,20,65,59,6,29.347826086956523,7.608695652173914,21.73913043478261,70.65217391304348,64.13043478260869,6.521739130434782
W00007790,91,19,6,13,72,65,7,20.87912087912088,6.593406593406594,14.285714285714285,79.12087912087912,71.42857142857143,7.6923076923076925
W00007791,119,32,7,25,87,80,7,26.89075630252101,5.88235294117647,21.008403361344538,73.10924369747899,67.22689075630252,5.88235294117647
W00007792,214,56,17,39,158,142,16,26.168224299065418,7.943925233644859,18.22429906542056,73.83177570093457,66.35514018691589,7.476635514018691
W00007793,189,59,6,53,130,116,14,31.216931216931215,3.1746031746031744,28.04232804232804,68.78306878306879,61.37566137566137,7.4074074074074066
W00007794,113,41,15,26,72,66,6,36.283185840707965,13.274336283185843,23.008849557522122,63.716814159292035,58.4070796460177,5.3097345132743365
W00007795,135,41,14,27,94,82,12,30.37037037037037,10.37037037037037,20,69.62962962962963,60.74074074074074,8.88888888888889
W00007796,129,44,20,24,85,76,9,34.10852713178294,15.503875968992247,18.6046511627907,65.89147286821705,58.91472868217055,6.976744186046512
W00007797,146,40,15,25,106,91,15,27.397260273972602,10.273972602739725,17.123287671232877,72.6027397260274,62.328767123287676,10.273972602739725
W00007798,133,45,12,33,88,79,9,33.83458646616541,9.022556390977442,24.81203007518797,66.16541353383458,59.3984962406015,6.7669172932330826
W00007799,146,45,15,30,101,91,10,30.82191780821918,10.273972602739725,20.54794520547945,69.17808219178082,62.328767123287676,6.8493150684931505
W00007800,136,47,12,35,89,79,10,34.55882352941176,8.823529411764707,25.735294117647058,65.44117647058823,58.08823529411765,7.352941176470589
W00007801,108,33,8,25,75,65,10,30.555555555555557,7.4074074074074066,23.14814814814815,69.44444444444444,60.18518518518518,9.25925925925926
W00007802,114,34,13,21,80,75,5,29.82456140350877,11.403508771929824,18.421052631578945,70.17543859649122,65.78947368421053,4.385964912280701
W00007803,132,35,9,26,97,86,11,26.515151515151516,6.8181818181818175,19.696969696969695,73.48484848484848,65.15151515151516,8.333333333333332
W00007804,105,28,8,20,77,68,9,26.666666666666668,7.6190476190476195,19.047619047619047,73.33333333333333,64.76190476190476,8.571428571428571
W00007805,139,38,10,28,101,91,10,27.33812949640288,7.1942446043165464,20.14388489208633,72.66187050359713,65.46762589928058,7.1942446043165464
W00007806,113,29,7,22,84,70,14,25.663716814159294,6.1946902654867255,19.469026548672566,74.33628318584071,61.94690265486725,12.389380530973451
W00007807,141,39,9,30,102,85,17,27.659574468085108,6.382978723404255,21.27659574468085,72.3404255319149,60.28368794326241,12.056737588652481
W00007808,127,27,10,17,100,90,10,21.25984251968504,7.874015748031496,13.385826771653544,78.74015748031496,70.86614173228347,7.874015748031496
W00007809,113,27,9,18,86,77,9,23.893805309734514,7.964601769911504,15.929203539823009,76.10619469026548,68.14159292035397,7.964601769911504
W00007810,99,33,5,28,66,60,6,33.33333333333333,5.05050505050505,28.28282828282828,66.66666666666666,60.60606060606061,6.0606060606060606
W00007811,142,40,9,31,102,93,9,28.169014084507044,6.338028169014084,21.830985915492956,71.83098591549296,65.49295774647888,6.338028169014084
W00007812,107,21,4,17,86,68,18,19.626168224299064,3.7383177570093453,15.887850467289718,80.37383177570094,63.55140186915887,16.822429906542055
W00007813,92,20,6,14,72,63,9,21.73913043478261,6.521739130434782,15.217391304347828,78.26086956521739,68.47826086956522,9.782608695652174
W00007814,126,37,15,22,89,73,16,29.365079365079367,11.904761904761903,17.46031746031746,70.63492063492063,57.936507936507944,12.698412698412698
W00007815,143,40,8,32,103,90,13,27.972027972027973,5.594405594405594,22.377622377622377,72.02797202797203,62.93706293706294,9.090909090909092
W00007816,131,32,7,25,99,81,18,24.427480916030532,5.343511450381679,19.083969465648856,75.57251908396947,61.832061068702295,13.740458015267176
W00007817,164,43,14,29,121,110,11,26.21951219512195,8.536585365853659,17.682926829268293,73.78048780487805,67.07317073170732,6.707317073170732
W00007818,113,43,12,31,70,66,4,38.05309734513274,10.619469026548673,27.43362831858407,61.94690265486725,58.4070796460177,3.5398230088495577
W00007819,56,19,5,14,37,32,5,33.92857142857143,8.928571428571429,25,66.07142857142857,57.14285714285714,8.928571428571429
W00007820,167,44,8,36,123,114,9,26.34730538922156,4.790419161676647,21.55688622754491,73.65269461077844,68.26347305389223,5.389221556886228
W00007821,104,32,5,27,72,62,10,30.76923076923077,4.807692307692308,25.961538461538463,69.23076923076923,59.61538461538461,9.615384615384617
W00007822,91,21,6,15,70,62,8,23.076923076923077,6.593406593406594,16.483516483516482,76.92307692307693,68.13186813186813,8.791208791208792
W00007823,168,34,11,23,134,125,9,20.238095238095237,6.547619047619048,13.690476190476192,79.76190476190477,74.40476190476191,5.357142857142857
W00007824,133,47,7,40,86,78,8,35.338345864661655,5.263157894736842,30.075187969924812,64.66165413533834,58.64661654135338,6.015037593984962
W00007825,155,34,13,21,121,102,19,21.935483870967744,8.38709677419355,13.548387096774196,78.06451612903226,65.80645161290323,12.258064516129032
W00007826,172,54,12,42,118,101,17,31.3953488372093,6.976744186046512,24.418604651162788,68.6046511627907,58.720930232558146,9.883720930232558
W00007827,103,18,4,14,85,81,4,17.475728155339805,3.8834951456310676,13.592233009708737,82.52427184466019,78.64077669902912,3.8834951456310676
W00007828,135,41,13,28,94,83,11,30.37037037037037,9.62962962962963,20.74074074074074,69.62962962962963,61.48148148148148,8.148148148148149
W00007829,140,38,9,29,102,86,16,27.142857142857142,6.428571428571428,20.714285714285715,72.85714285714285,61.42857142857143,11.428571428571429
W00007830,129,40,7,33,89,81,8,31.007751937984494,5.426356589147287,25.581395348837212,68.9922480620155,62.7906976744186,6.2015503875969
W00007831,135,50,12,38,85,78,7,37.03703703703704,8.88888888888889,28.14814814814815,62.96296296296296,57.77777777777777,5.185185185185185
W00007832,118,38,9,29,80,74,6,32.20338983050847,7.627118644067797,24.576271186440678,67.79661016949152,62.71186440677966,5.084745762711865
W00007833,163,36,10,26,127,118,9,22.085889570552148,6.134969325153374,15.950920245398773,77.91411042944786,72.39263803680981,5.521472392638037
W00007834,106,38,13,25,68,58,10,35.84905660377358,12.264150943396226,23.58490566037736,64.15094339622641,54.71698113207547,9.433962264150944
W00007835,133,39,6,33,94,84,10,29.32330827067669,4.511278195488721,24.81203007518797,70.67669172932331,63.1578947368421,7.518796992481203
W00007836,188,49,13,36,139,123,16,26.063829787234045,6.914893617021277,19.148936170212767,73.93617021276596,65.42553191489363,8.51063829787234
W00007837,121,41,15,26,80,72,8,33.88429752066116,12.396694214876034,21.487603305785125,66.11570247933885,59.50413223140496,6.6115702479338845
W00007838,102,28,7,21,74,69,5,27.450980392156865,6.862745098039216,20.588235294117645,72.54901960784314,67.64705882352942,4.901960784313726
W00007839,148,43,6,37,105,92,13,29.054054054054053,4.054054054054054,25,70.94594594594594,62.16216216216216,8.783783783783784
W00007840,137,39,12,27,98,85,13,28.467153284671532,8.75912408759124,19.708029197080293,71.53284671532847,62.04379562043796,9.48905109489051
W00007841,128,42,13,29,86,80,6,32.8125,10.15625,22.65625,67.1875,62.5,4.6875
W00007842,135,38,11,27,97,86,11,28.14814814814815,8.148148148148149,20,71.85185185185186,63.70370370370371,8.148148148148149
W00007843,114,37,11,26,77,68,9,32.45614035087719,9.649122807017543,22.807017543859647,67.54385964912281,59.64912280701754,7.894736842105263
W00007844,141,37,4,33,104,95,9,26.24113475177305,2.8368794326241136,23.404255319148938,73.75886524822694,67.37588652482269,6.382978723404255
W00007845,157,36,5,31,121,103,18,22.929936305732486,3.1847133757961785,19.745222929936308,77.07006369426752,65.60509554140127,11.464968152866243
W00007846,136,41,13,28,95,87,8,30.14705882352941,9.558823529411764,20.588235294117645,69.85294117647058,63.970588235294116,5.88235294117647
W00007847,153,48,12,36,105,94,11,31.372549019607842,7.8431372549019605,23.52941176470588,68.62745098039215,61.43790849673203,7.18954248366013
W00007848,144,44,10,34,100,90,10,30.555555555555557,6.944444444444445,23.61111111111111,69.44444444444444,62.5,6.944444444444445
W00007849,122,35,14,21,87,73,14,28.688524590163933,11.475409836065573,17.21311475409836,71.31147540983606,59.83606557377049,11.475409836065573
W00007850,116,37,10,27,79,71,8,31.896551724137932,8.620689655172415,23.275862068965516,68.10344827586206,61.206896551724135,6.896551724137931
W00007851,129,31,7,24,98,89,9,24.031007751937985,5.426356589147287,18.6046511627907,75.96899224806202,68.9922480620155,6.976744186046512
W00007852,53,14,5,9,39,33,6,26.41509433962264,9.433962264150944,16.9811320754717,73.58490566037736,62.264150943396224,11.320754716981133
W00007853,163,53,15,38,110,102,8,32.515337423312886,9.202453987730062,23.31288343558282,67.48466257668711,62.57668711656442,4.9079754601226995
W00007854,69,23,7,16,46,37,9,33.33333333333333,10.144927536231885,23.18840579710145,66.66666666666666,53.62318840579711,13.043478260869565
W00007855,94,23,6,17,71,65,6,24.46808510638298,6.382978723404255,18.085106382978726,75.53191489361703,69.14893617021278,6.382978723404255
W00007856,110,26,6,20,84,75,9,23.636363636363637,5.454545454545454,18.181818181818183,76.36363636363637,68.18181818181817,8.181818181818182
W00007857,175,45,15,30,130,110,20,25.71428571428571,8.571428571428571,17.142857142857142,74.28571428571429,62.857142857142854,11.428571428571429
W00007859,117,23,3,20,94,80,14,19.65811965811966,2.564102564102564,17.094017094017094,80.34188034188034,68.37606837606837,11.965811965811966
W00007860,105,27,3,24,78,71,7,25.71428571428571,2.857142857142857,22.857142857142858,74.28571428571429,67.61904761904762,6.666666666666667
W00007861,175,54,19,35,121,105,16,30.857142857142854,10.857142857142858,20,69.14285714285714,60,9.142857142857142
W00007863,132,33,7,26,99,87,12,25,5.303030303030303,19.696969696969695,75,65.9090909090909,9.090909090909092
W00007864,138,47,9,38,91,78,13,34.05797101449276,6.521739130434782,27.536231884057973,65.94202898550725,56.52173913043478,9.420289855072465
W00007865,156,40,16,24,116,104,12,25.64102564102564,10.256410256410255,15.384615384615385,74.35897435897436,66.66666666666666,7.6923076923076925
W00007866,163,46,11,35,117,102,15,28.22085889570552,6.748466257668712,21.472392638036812,71.77914110429448,62.57668711656442,9.202453987730062
W00007868,144,45,12,33,99,91,8,31.25,8.333333333333332,22.916666666666664,68.75,63.19444444444444,5.555555555555555
W00007869,105,29,5,24,76,68,8,27.61904761904762,4.761904761904762,22.857142857142858,72.38095238095238,64.76190476190476,7.6190476190476195
W00007870,136,43,9,34,93,79,14,31.61764705882353,6.61764705882353,25,68.38235294117648,58.08823529411765,10.294117647058822
W00007871,104,28,9,19,76,68,8,26.923076923076923,8.653846153846153,18.269230769230766,73.07692307692307,65.38461538461539,7.6923076923076925
W00007872,124,23,6,17,101,88,13,18.548387096774192,4.838709677419355,13.709677419354838,81.45161290322581,70.96774193548387,10.483870967741936
W00007873,132,33,11,22,99,93,6,25,8.333333333333332,16.666666666666664,75,70.45454545454545,4.545454545454546
W00007874,135,28,8,20,107,94,13,20.74074074074074,5.9259259259259265,14.814814814814813,79.25925925925927,69.62962962962963,9.62962962962963
W00007875,86,27,7,20,59,53,6,31.3953488372093,8.13953488372093,23.25581395348837,68.6046511627907,61.627906976744185,6.976744186046512
W00007876,114,35,9,26,79,66,13,30.701754385964914,7.894736842105263,22.807017543859647,69.2982456140351,57.89473684210527,11.403508771929824
W00007877,147,39,13,26,108,92,16,26.53061224489796,8.843537414965986,17.687074829931973,73.46938775510205,62.585034013605444,10.884353741496598
W00007878,154,40,7,33,114,95,19,25.97402597402597,4.545454545454546,21.428571428571427,74.02597402597402,61.68831168831169,12.337662337662337
W00007879,192,62,20,42,130,107,23,32.29166666666667,10.416666666666668,21.875,67.70833333333334,55.729166666666664,11.979166666666668
W00007880,58,6,0,6,52,48,4,10.344827586206897,0,10.344827586206897,89.65517241379311,82.75862068965517,6.896551724137931
W00007881,125,34,16,18,91,81,10,27.200000000000003,12.8,14.399999999999999,72.8,64.8,8
W00007882,132,36,9,27,96,84,12,27.27272727272727,6.8181818181818175,20.454545454545457,72.72727272727273,63.63636363636363,9.090909090909092
W00007883,118,27,13,14,91,84,7,22.88135593220339,11.016949152542372,11.864406779661017,77.11864406779661,71.1864406779661,5.932203389830509
W00007884,146,47,12,35,99,88,11,32.19178082191781,8.21917808219178,23.972602739726025,67.8082191780822,60.273972602739725,7.534246575342466
W00007885,92,21,8,13,71,64,7,22.82608695652174,8.695652173913043,14.130434782608695,77.17391304347827,69.56521739130434,7.608695652173914
W00007886,90,28,8,20,62,55,7,31.11111111111111,8.88888888888889,22.22222222222222,68.88888888888889,61.111111111111114,7.777777777777778
W00007887,115,23,6,17,92,80,12,20,5.217391304347826,14.782608695652174,80,69.56521739130434,10.434782608695652
W00007888,53,10,1,9,43,37,6,18.867924528301888,1.8867924528301887,16.9811320754717,81.13207547169812,69.81132075471697,11.320754716981133
W00007889,119,39,9,30,80,67,13,32.773109243697476,7.563025210084033,25.210084033613445,67.22689075630252,56.30252100840336,10.92436974789916
W00007890,120,26,6,20,94,85,9,21.666666666666668,5,16.666666666666664,78.33333333333333,70.83333333333334,7.5
W00007891,136,33,11,22,103,91,12,24.264705882352942,8.088235294117647,16.176470588235293,75.73529411764706,66.91176470588235,8.823529411764707
W00007892,105,39,10,29,66,61,5,37.142857142857146,9.523809523809524,27.61904761904762,62.857142857142854,58.0952380952381,4.761904761904762
W00007893,112,35,9,26,77,69,8,31.25,8.035714285714286,23.214285714285715,68.75,61.60714285714286,7.142857142857142
W00007894,154,41,11,30,113,106,7,26.623376623376622,7.142857142857142,19.480519480519483,73.37662337662337,68.83116883116884,4.545454545454546
W00007895,229,48,15,33,181,147,34,20.96069868995633,6.550218340611353,14.41048034934498,79.03930131004367,64.19213973799127,14.847161572052403
W00007896,67,18,3,15,49,45,4,26.865671641791046,4.477611940298507,22.388059701492537,73.13432835820896,67.16417910447761,5.970149253731343
W00007897,92,27,12,15,65,56,9,29.347826086956523,13.043478260869565,16.304347826086957,70.65217391304348,60.86956521739131,9.782608695652174
W00007898,127,25,4,21,102,90,12,19.68503937007874,3.149606299212598,16.535433070866144,80.31496062992126,70.86614173228347,9.448818897637794
W00007899,121,33,9,24,88,72,16,27.27272727272727,7.43801652892562,19.834710743801654,72.72727272727273,59.50413223140496,13.223140495867769
W00007900,141,32,4,28,109,97,12,22.69503546099291,2.8368794326241136,19.858156028368796,77.30496453900709,68.79432624113475,8.51063829787234
W00007901,114,30,8,22,84,72,12,26.31578947368421,7.017543859649122,19.298245614035086,73.68421052631578,63.1578947368421,10.526315789473683
W00007902,118,26,4,22,92,83,9,22.033898305084744,3.389830508474576,18.64406779661017,77.96610169491525,70.33898305084746,7.627118644067797
W00007903,158,45,10,35,113,99,14,28.48101265822785,6.329113924050633,22.151898734177212,71.51898734177216,62.65822784810127,8.860759493670885
W00007904,125,31,11,20,94,83,11,24.8,8.799999999999999,16,75.2,66.4,8.799999999999999
W00007905,167,40,9,31,127,116,11,23.952095808383234,5.389221556886228,18.562874251497004,76.04790419161677,69.46107784431138,6.58682634730539
W00007906,151,45,11,34,106,92,14,29.80132450331126,7.28476821192053,22.516556291390728,70.19867549668875,60.9271523178808,9.271523178807946
W00007907,141,41,10,31,100,92,8,29.078014184397162,7.092198581560284,21.98581560283688,70.92198581560284,65.24822695035462,5.673758865248227
W00007908,96,32,6,26,64,55,9,33.33333333333333,6.25,27.083333333333332,66.66666666666666,57.291666666666664,9.375
W00007909,134,27,7,20,107,99,8,20.149253731343283,5.223880597014925,14.925373134328357,79.8507462686567,73.88059701492537,5.970149253731343
W00007910,130,36,11,25,94,86,8,27.692307692307693,8.461538461538462,19.230769230769234,72.3076923076923,66.15384615384615,6.153846153846154
W00007911,128,27,5,22,101,91,10,21.09375,3.90625,17.1875,78.90625,71.09375,7.8125
W00007912,158,37,12,25,121,104,17,23.417721518987342,7.59493670886076,15.822784810126583,76.58227848101265,65.82278481012658,10.759493670886076
W00007913,128,39,9,30,89,76,13,30.46875,7.03125,23.4375,69.53125,59.375,10.15625
W00007914,142,33,6,27,109,104,5,23.239436619718308,4.225352112676056,19.014084507042252,76.76056338028168,73.23943661971832,3.5211267605633805
W00007915,128,30,10,20,98,88,10,23.4375,7.8125,15.625,76.5625,68.75,7.8125
W00007916,136,33,12,21,103,94,9,24.264705882352942,8.823529411764707,15.441176470588236,75.73529411764706,69.11764705882352,6.61764705882353
W00007918,136,38,15,23,98,90,8,27.941176470588236,11.029411764705882,16.911764705882355,72.05882352941177,66.17647058823529,5.88235294117647
W00007919,116,36,11,25,80,68,12,31.03448275862069,9.482758620689655,21.551724137931032,68.96551724137932,58.620689655172406,10.344827586206897
W00007920,131,32,9,23,99,94,5,24.427480916030532,6.870229007633588,17.557251908396946,75.57251908396947,71.7557251908397,3.816793893129771
W00007921,84,21,4,17,63,57,6,25,4.761904761904762,20.238095238095237,75,67.85714285714286,7.142857142857142
W00007922,139,44,14,30,95,91,4,31.654676258992804,10.071942446043165,21.58273381294964,68.34532374100719,65.46762589928058,2.877697841726619
W00007923,122,22,6,16,100,89,11,18.0327868852459,4.918032786885246,13.114754098360656,81.9672131147541,72.95081967213115,9.01639344262295
W00007924,113,27,9,18,86,75,11,23.893805309734514,7.964601769911504,15.929203539823009,76.10619469026548,66.3716814159292,9.734513274336283
W00007925,161,35,10,25,126,114,12,21.73913043478261,6.211180124223603,15.527950310559005,78.26086956521739,70.80745341614907,7.453416149068323
W00007926,122,24,6,18,98,90,8,19.672131147540984,4.918032786885246,14.754098360655737,80.32786885245902,73.77049180327869,6.557377049180328
W00007927,151,41,7,34,110,99,11,27.1523178807947,4.635761589403973,22.516556291390728,72.84768211920529,65.56291390728477,7.28476821192053
W00007928,127,51,15,36,76,69,7,40.15748031496063,11.811023622047244,28.346456692913385,59.84251968503938,54.330708661417326,5.511811023622047
W00007929,67,19,4,15,48,42,6,28.35820895522388,5.970149253731343,22.388059701492537,71.64179104477611,62.68656716417911,8.955223880597014
W00007930,127,41,10,31,86,78,8,32.28346456692913,7.874015748031496,24.409448818897637,67.71653543307087,61.417322834645674,6.299212598425196
W00007931,65,19,9,10,46,40,6,29.230769230769234,13.846153846153847,15.384615384615385,70.76923076923077,61.53846153846154,9.230769230769232
W00007932,102,31,8,23,71,63,8,30.392156862745097,7.8431372549019605,22.54901960784314,69.6078431372549,61.76470588235294,7.8431372549019605
W00007933,124,43,16,27,81,73,8,34.67741935483871,12.903225806451612,21.774193548387096,65.32258064516128,58.87096774193549,6.451612903225806
W00007934,128,40,10,30,88,71,17,31.25,7.8125,23.4375,68.75,55.46875,13.28125
W00007935,229,52,15,37,177,160,17,22.707423580786028,6.550218340611353,16.157205240174672,77.29257641921397,69.86899563318777,7.423580786026202
W00007936,119,30,7,23,89,76,13,25.210084033613445,5.88235294117647,19.327731092436977,74.78991596638656,63.86554621848739,10.92436974789916
W00007937,122,35,14,21,87,77,10,28.688524590163933,11.475409836065573,17.21311475409836,71.31147540983606,63.114754098360656,8.19672131147541
W00007938,154,53,18,35,101,99,2,34.41558441558442,11.688311688311687,22.727272727272727,65.5844155844156,64.28571428571429,1.2987012987012987
W00007939,137,30,4,26,107,100,7,21.897810218978105,2.9197080291970803,18.97810218978102,78.1021897810219,72.99270072992701,5.109489051094891
W00007940,53,11,3,8,42,36,6,20.754716981132077,5.660377358490567,15.09433962264151,79.24528301886792,67.9245283018868,11.320754716981133
W00007941,151,33,8,25,118,107,11,21.85430463576159,5.298013245033113,16.55629139072848,78.1456953642384,70.86092715231787,7.28476821192053
W00007942,111,31,8,23,80,78,2,27.927927927927925,7.207207207207207,20.72072072072072,72.07207207207207,70.27027027027027,1.8018018018018018
W00007943,148,36,10,26,112,101,11,24.324324324324326,6.756756756756757,17.56756756756757,75.67567567567568,68.24324324324324,7.4324324324324325
W00007944,149,47,15,32,102,91,11,31.543624161073826,10.06711409395973,21.476510067114095,68.45637583892618,61.07382550335571,7.38255033557047
W00007945,106,38,16,22,68,62,6,35.84905660377358,15.09433962264151,20.754716981132077,64.15094339622641,58.490566037735846,5.660377358490567
W00007946,117,43,14,29,74,66,8,36.75213675213676,11.965811965811966,24.786324786324787,63.24786324786324,56.41025641025641,6.837606837606838
W00007948,123,39,12,27,84,71,13,31.70731707317073,9.75609756097561,21.951219512195124,68.29268292682927,57.72357723577236,10.569105691056912
W00007949,128,40,12,28,88,80,8,31.25,9.375,21.875,68.75,62.5,6.25
W00007950,136,30,11,19,106,94,12,22.058823529411764,8.088235294117647,13.970588235294118,77.94117647058823,69.11764705882352,8.823529411764707
W00007951,148,45,14,31,103,93,10,30.405405405405407,9.45945945945946,20.945945945945947,69.5945945945946,62.83783783783784,6.756756756756757
W00007952,146,38,9,29,108,98,10,26.027397260273972,6.164383561643835,19.863013698630137,73.97260273972603,67.12328767123287,6.8493150684931505
W00007953,155,35,9,26,120,99,21,22.58064516129032,5.806451612903226,16.7741935483871,77.41935483870968,63.87096774193548,13.548387096774196
W00007954,143,30,10,20,113,96,17,20.97902097902098,6.993006993006993,13.986013986013987,79.02097902097903,67.13286713286713,11.888111888111888
W00007955,97,22,6,16,75,67,8,22.68041237113402,6.185567010309279,16.49484536082474,77.31958762886599,69.0721649484536,8.24742268041237
W00007956,146,38,6,32,108,95,13,26.027397260273972,4.10958904109589,21.91780821917808,73.97260273972603,65.06849315068493,8.904109589041095
W00007957,150,39,10,29,111,100,11,26,6.666666666666667,19.333333333333332,74,66.66666666666666,7.333333333333333
W00007958,118,30,7,23,88,73,15,25.423728813559322,5.932203389830509,19.491525423728813,74.57627118644068,61.86440677966102,12.711864406779661
W00007959,117,32,12,20,85,80,5,27.350427350427353,10.256410256410255,17.094017094017094,72.64957264957265,68.37606837606837,4.273504273504273
W00007960,90,30,12,18,60,49,11,33.33333333333333,13.333333333333334,20,66.66666666666666,54.44444444444444,12.222222222222221
W00007961,196,42,16,26,154,140,14,21.428571428571427,8.16326530612245,13.26530612244898,78.57142857142857,71.42857142857143,7.142857142857142
W00007962,137,40,12,28,97,86,11,29.1970802919708,8.75912408759124,20.437956204379564,70.8029197080292,62.77372262773723,8.02919708029197
W00007963,260,82,22,60,178,148,30,31.538461538461537,8.461538461538462,23.076923076923077,68.46153846153847,56.92307692307692,11.538461538461538
W00007964,89,20,4,16,69,59,10,22.47191011235955,4.49438202247191,17.97752808988764,77.52808988764045,66.29213483146067,11.235955056179774
W00007965,146,35,9,26,111,97,14,23.972602739726025,6.164383561643835,17.80821917808219,76.02739726027397,66.43835616438356,9.58904109589041
W00007966,114,35,8,27,79,69,10,30.701754385964914,7.017543859649122,23.684210526315788,69.2982456140351,60.526315789473685,8.771929824561402
W00007967,161,36,8,28,125,111,14,22.36024844720497,4.968944099378882,17.391304347826086,77.63975155279503,68.94409937888199,8.695652173913043
W00007969,114,29,5,24,85,77,8,25.438596491228072,4.385964912280701,21.052631578947366,74.56140350877193,67.54385964912281,7.017543859649122
W00007970,116,39,9,30,77,73,4,33.62068965517241,7.758620689655173,25.862068965517242,66.37931034482759,62.93103448275862,3.4482758620689653
W00007971,81,26,7,19,55,47,8,32.098765432098766,8.641975308641975,23.456790123456788,67.90123456790124,58.0246913580247,9.876543209876543
W00007972,116,36,10,26,80,71,9,31.03448275862069,8.620689655172415,22.413793103448278,68.96551724137932,61.206896551724135,7.758620689655173
W00007973,94,28,8,20,66,56,10,29.78723404255319,8.51063829787234,21.27659574468085,70.2127659574468,59.57446808510638,10.638297872340425
W00007974,59,18,5,13,41,38,3,30.508474576271187,8.47457627118644,22.033898305084744,69.49152542372882,64.40677966101694,5.084745762711865
W00007975,137,48,16,32,89,73,16,35.03649635036496,11.678832116788321,23.357664233576642,64.96350364963503,53.284671532846716,11.678832116788321
W00007976,88,25,7,18,63,50,13,28.40909090909091,7.954545454545454,20.454545454545457,71.5909090909091,56.81818181818182,14.772727272727273
W00007977,120,44,11,33,76,64,12,36.666666666666664,9.166666666666666,27.500000000000004,63.33333333333333,53.333333333333336,10
W00007978,62,15,5,10,47,41,6,24.193548387096776,8.064516129032258,16.129032258064516,75.80645161290323,66.12903225806451,9.67741935483871
W00007979,167,54,15,39,113,102,11,32.33532934131736,8.982035928143713,23.353293413173652,67.66467065868264,61.07784431137725,6.58682634730539
W00007980,98,33,12,21,65,58,7,33.6734693877551,12.244897959183673,21.428571428571427,66.3265306122449,59.183673469387756,7.142857142857142
W00007981,132,35,8,27,97,82,15,26.515151515151516,6.0606060606060606,20.454545454545457,73.48484848484848,62.121212121212125,11.363636363636363
W00007982,73,22,8,14,51,47,4,30.136986301369863,10.95890410958904,19.17808219178082,69.86301369863014,64.38356164383562,5.47945205479452
W00007983,123,42,8,34,81,71,10,34.146341463414636,6.504065040650407,27.64227642276423,65.85365853658537,57.72357723577236,8.130081300813007
W00007984,93,33,10,23,60,58,2,35.483870967741936,10.75268817204301,24.731182795698924,64.51612903225806,62.365591397849464,2.1505376344086025
W00007985,165,37,8,29,128,111,17,22.424242424242426,4.848484848484849,17.575757575757574,77.57575757575758,67.27272727272727,10.303030303030303
W00007986,79,26,9,17,53,50,3,32.91139240506329,11.39240506329114,21.518987341772153,67.08860759493672,63.29113924050633,3.79746835443038
W00007987,158,40,10,30,118,101,17,25.31645569620253,6.329113924050633,18.9873417721519,74.68354430379746,63.92405063291139,10.759493670886076
W00007988,111,41,12,29,70,63,7,36.93693693693694,10.81081081081081,26.126126126126124,63.06306306306306,56.75675675675676,6.306306306306306
W00007989,113,45,12,33,68,58,10,39.823008849557525,10.619469026548673,29.20353982300885,60.17699115044248,51.32743362831859,8.849557522123893
W00007990,137,47,13,34,90,80,10,34.306569343065696,9.48905109489051,24.817518248175183,65.69343065693431,58.3941605839416,7.2992700729927
W00007991,119,34,9,25,85,76,9,28.57142857142857,7.563025210084033,21.008403361344538,71.42857142857143,63.86554621848739,7.563025210084033
W00007992,124,42,9,33,82,76,6,33.87096774193548,7.258064516129033,26.61290322580645,66.12903225806451,61.29032258064516,4.838709677419355
W00007993,100,25,8,17,75,67,8,25,8,17,75,67,8
W00007994,82,21,8,13,61,55,6,25.609756097560975,9.75609756097561,15.853658536585366,74.39024390243902,67.07317073170732,7.317073170731707
W00007995,95,32,11,21,63,58,5,33.68421052631579,11.578947368421053,22.105263157894736,66.3157894736842,61.05263157894737,5.263157894736842
W00007996,94,41,16,25,53,41,12,43.61702127659575,17.02127659574468,26.595744680851062,56.38297872340425,43.61702127659575,12.76595744680851
W00007997,98,32,7,25,66,59,7,32.6530612244898,7.142857142857142,25.510204081632654,67.3469387755102,60.204081632653065,7.142857142857142
W00007998,82,23,5,18,59,54,5,28.04878048780488,6.097560975609756,21.951219512195124,71.95121951219512,65.85365853658537,6.097560975609756
W00007999,108,22,6,16,86,75,11,20.37037037037037,5.555555555555555,14.814814814814813,79.62962962962963,69.44444444444444,10.185185185185185
W00008000,125,43,13,30,82,74,8,34.4,10.4,24,65.60000000000001,59.199999999999996,6.4
W00008001,146,41,15,26,105,93,12,28.08219178082192,10.273972602739725,17.80821917808219,71.91780821917808,63.6986301369863,8.21917808219178
W00008002,150,51,11,40,99,87,12,34,7.333333333333333,26.666666666666668,66,57.99999999999999,8
W00008003,87,26,6,20,61,49,12,29.88505747126437,6.896551724137931,22.988505747126435,70.11494252873564,56.32183908045977,13.793103448275861
W00008004,104,32,7,25,72,65,7,30.76923076923077,6.730769230769231,24.03846153846154,69.23076923076923,62.5,6.730769230769231
W00008005,126,28,7,21,98,91,7,22.22222222222222,5.555555555555555,16.666666666666664,77.77777777777779,72.22222222222221,5.555555555555555
W00008006,132,36,8,28,96,86,10,27.27272727272727,6.0606060606060606,21.21212121212121,72.72727272727273,65.15151515151516,7.575757575757576
W00008007,161,43,15,28,118,107,11,26.70807453416149,9.316770186335404,17.391304347826086,73.29192546583852,66.45962732919256,6.832298136645963
W00008008,98,26,9,17,72,67,5,26.53061224489796,9.183673469387756,17.346938775510203,73.46938775510205,68.36734693877551,5.1020408163265305
W00008009,97,28,6,22,69,62,7,28.865979381443296,6.185567010309279,22.68041237113402,71.1340206185567,63.91752577319587,7.216494845360824
W00008011,174,45,10,35,129,115,14,25.862068965517242,5.747126436781609,20.114942528735632,74.13793103448276,66.0919540229885,8.045977011494253
W00008012,262,61,23,38,201,168,33,23.282442748091604,8.778625954198473,14.50381679389313,76.7175572519084,64.12213740458014,12.595419847328243
W00008013,174,43,20,23,131,99,32,24.71264367816092,11.494252873563218,13.218390804597702,75.28735632183908,56.896551724137936,18.39080459770115
W00008014,50,12,4,8,38,34,4,24,8,16,76,68,8
W00008015,73,18,7,11,55,49,6,24.65753424657534,9.58904109589041,15.068493150684931,75.34246575342466,67.12328767123287,8.21917808219178
W00008016,79,28,10,18,51,34,17,35.44303797468354,12.658227848101266,22.78481012658228,64.55696202531645,43.037974683544306,21.518987341772153
W00008017,144,40,15,25,104,93,11,27.77777777777778,10.416666666666668,17.36111111111111,72.22222222222221,64.58333333333334,7.638888888888889
W00008018,104,39,11,28,65,54,11,37.5,10.576923076923077,26.923076923076923,62.5,51.92307692307693,10.576923076923077
W00008019,107,34,12,22,73,66,7,31.775700934579437,11.214953271028037,20.5607476635514,68.22429906542055,61.6822429906542,6.5420560747663545
W00008020,144,42,17,25,102,91,11,29.166666666666668,11.805555555555555,17.36111111111111,70.83333333333334,63.19444444444444,7.638888888888889
W00008021,157,50,13,37,107,83,24,31.84713375796178,8.280254777070063,23.56687898089172,68.15286624203821,52.86624203821656,15.286624203821656
W00008022,129,32,15,17,97,90,7,24.8062015503876,11.627906976744185,13.178294573643413,75.1937984496124,69.76744186046511,5.426356589147287
W00008023,128,40,8,32,88,83,5,31.25,6.25,25,68.75,64.84375,3.90625
W00008024,118,35,9,26,83,77,6,29.66101694915254,7.627118644067797,22.033898305084744,70.33898305084746,65.2542372881356,5.084745762711865
W00008025,137,39,11,28,98,82,16,28.467153284671532,8.02919708029197,20.437956204379564,71.53284671532847,59.854014598540154,11.678832116788321
W00008026,139,43,5,38,96,88,8,30.935251798561154,3.5971223021582732,27.33812949640288,69.06474820143885,63.30935251798561,5.755395683453238
W00008027,61,19,6,13,42,36,6,31.147540983606557,9.836065573770492,21.311475409836063,68.85245901639344,59.01639344262295,9.836065573770492
W00008028,146,39,18,21,107,91,16,26.71232876712329,12.32876712328767,14.383561643835616,73.28767123287672,62.328767123287676,10.95890410958904
W00008029,139,42,11,31,97,88,9,30.215827338129497,7.913669064748201,22.302158273381295,69.7841726618705,63.30935251798561,6.474820143884892
W00008030,62,25,7,18,37,37,0,40.32258064516129,11.29032258064516,29.03225806451613,59.67741935483871,59.67741935483871,0
W00008031,106,33,7,26,73,66,7,31.132075471698112,6.60377358490566,24.528301886792452,68.86792452830188,62.264150943396224,6.60377358490566
W00008032,116,50,15,35,66,64,2,43.103448275862064,12.931034482758621,30.17241379310345,56.896551724137936,55.172413793103445,1.7241379310344827
W00008033,88,27,3,24,61,54,7,30.681818181818183,3.4090909090909087,27.27272727272727,69.31818181818183,61.36363636363637,7.954545454545454
W00008034,100,41,19,22,59,57,2,41,19,22,59,56.99999999999999,2
W00008035,125,33,7,26,92,85,7,26.400000000000002,5.6000000000000005,20.8,73.6,68,5.6000000000000005
W00008036,170,52,15,37,118,102,16,30.58823529411765,8.823529411764707,21.764705882352942,69.41176470588235,60,9.411764705882353
W00008037,122,41,8,33,81,69,12,33.60655737704918,6.557377049180328,27.049180327868854,66.39344262295081,56.557377049180324,9.836065573770492
W00008038,114,28,2,26,86,78,8,24.561403508771928,1.7543859649122806,22.807017543859647,75.43859649122807,68.42105263157895,7.017543859649122
W00008039,69,21,5,16,48,41,7,30.434782608695656,7.246376811594203,23.18840579710145,69.56521739130434,59.42028985507246,10.144927536231885
W00008040,177,39,8,31,138,122,16,22.033898305084744,4.519774011299435,17.51412429378531,77.96610169491525,68.92655367231639,9.03954802259887
W00008041,142,42,10,32,100,93,7,29.577464788732392,7.042253521126761,22.535211267605636,70.4225352112676,65.49295774647888,4.929577464788732
W00008042,163,35,8,27,128,114,14,21.472392638036812,4.9079754601226995,16.56441717791411,78.52760736196319,69.93865030674846,8.588957055214724
W00008043,157,44,14,30,113,97,16,28.02547770700637,8.9171974522293,19.10828025477707,71.97452229299363,61.78343949044586,10.191082802547772
W00009797,113,32,9,23,81,70,11,28.31858407079646,7.964601769911504,20.353982300884958,71.68141592920354,61.94690265486725,9.734513274336283
W00009798,105,33,8,25,72,61,11,31.428571428571427,7.6190476190476195,23.809523809523807,68.57142857142857,58.0952380952381,10.476190476190476
W00009800,245,45,11,34,200,171,29,18.367346938775512,4.489795918367347,13.877551020408163,81.63265306122449,69.79591836734694,11.83673469387755
W00009801,136,25,10,15,111,96,15,18.38235294117647,7.352941176470589,11.029411764705882,81.61764705882352,70.58823529411765,11.029411764705882
W00010321,187,34,3,31,153,126,27,18.181818181818183,1.6042780748663104,16.577540106951872,81.81818181818183,67.37967914438502,14.43850267379679
W00010322,60,17,4,13,43,40,3,28.333333333333332,6.666666666666667,21.666666666666668,71.66666666666667,66.66666666666666,5
W00010325,176,34,11,23,142,117,25,19.318181818181817,6.25,13.068181818181818,80.68181818181817,66.47727272727273,14.204545454545455
W00010326,139,21,0,21,118,101,17,15.107913669064748,0,15.107913669064748,84.89208633093526,72.66187050359713,12.23021582733813
W00010329,84,15,5,10,69,60,9,17.857142857142858,5.952380952380952,11.904761904761903,82.14285714285714,71.42857142857143,10.714285714285714
W00010330,339,66,22,44,273,243,30,19.469026548672566,6.489675516224189,12.979351032448378,80.53097345132744,71.68141592920354,8.849557522123893
W00010331,67,18,10,8,49,44,5,26.865671641791046,14.925373134328357,11.940298507462686,73.13432835820896,65.67164179104478,7.462686567164178
W00010332,243,51,13,38,192,158,34,20.98765432098765,5.349794238683128,15.637860082304528,79.01234567901234,65.02057613168725,13.991769547325102
W00010333,78,20,4,16,58,54,4,25.64102564102564,5.128205128205128,20.51282051282051,74.35897435897436,69.23076923076923,5.128205128205128
W00010334,73,21,0,21,52,48,4,28.767123287671232,0,28.767123287671232,71.23287671232876,65.75342465753424,5.47945205479452
W00010338,140,33,10,23,107,96,11,23.57142857142857,7.142857142857142,16.428571428571427,76.42857142857142,68.57142857142857,7.857142857142857
W00010341,275,46,15,31,229,197,32,16.727272727272727,5.454545454545454,11.272727272727273,83.27272727272728,71.63636363636363,11.636363636363637
W00010343,312,82,33,49,230,187,43,26.282051282051285,10.576923076923077,15.705128205128204,73.71794871794873,59.93589743589743,13.782051282051283
W00010345,97,17,7,10,80,71,9,17.525773195876287,7.216494845360824,10.309278350515463,82.4742268041237,73.19587628865979,9.278350515463918
W00010346,61,13,1,12,48,44,4,21.311475409836063,1.639344262295082,19.672131147540984,78.68852459016394,72.1311475409836,6.557377049180328
W00010347,161,43,19,24,118,98,20,26.70807453416149,11.801242236024844,14.906832298136646,73.29192546583852,60.86956521739131,12.422360248447205
W00010351,283,45,6,39,238,210,28,15.901060070671377,2.1201413427561837,13.780918727915195,84.09893992932862,74.20494699646643,9.89399293286219
W00010354,183,43,8,35,140,127,13,23.497267759562842,4.371584699453552,19.12568306010929,76.50273224043715,69.39890710382514,7.103825136612022
