OA,ts0380001,ts0380002,ts0380003,ts0380004,ts0380005,ts0380006,ts0380007,ts0380002_PCT,ts0380003_PCT,ts0380004_PCT,ts0380005_PCT,ts0380006_PCT,ts0380007_PCT
E00002310,437,56,21,35,381,13,368,12.814645308924485,4.805491990846682,8.009153318077804,87.18535469107552,2.9748283752860414,84.21052631578947
E00002311,375,26,12,14,349,8,341,6.933333333333333,3.2,3.733333333333334,93.06666666666666,2.1333333333333333,90.93333333333334
E00002312,427,28,14,14,399,14,385,6.557377049180328,3.278688524590164,3.278688524590164,93.44262295081968,3.278688524590164,90.1639344262295
E00002314,534,37,8,29,497,8,489,6.928838951310862,1.4981273408239701,5.430711610486892,93.07116104868915,1.4981273408239701,91.57303370786516
E00002316,580,66,27,39,514,15,499,11.379310344827587,4.655172413793104,6.724137931034482,88.62068965517241,2.586206896551724,86.03448275862068
E00002319,397,42,14,28,355,17,338,10.579345088161208,3.5264483627204033,7.052896725440807,89.4206549118388,4.282115869017632,85.13853904282117
E00002321,411,30,20,10,381,12,369,7.2992700729927,4.866180048661801,2.4330900243309004,92.7007299270073,2.9197080291970803,89.78102189781022
E00002323,439,39,16,23,400,15,385,8.88382687927107,3.644646924829157,5.239179954441914,91.11617312072893,3.416856492027335,87.6993166287016
E00002324,432,39,18,21,393,14,379,9.027777777777777,4.166666666666666,4.861111111111112,90.97222222222221,3.2407407407407405,87.73148148148148
E00002325,441,39,20,19,402,10,392,8.843537414965986,4.535147392290249,4.308390022675737,91.15646258503402,2.2675736961451247,88.88888888888889
E00002326,373,34,21,13,339,24,315,9.115281501340483,5.630026809651475,3.485254691689008,90.88471849865952,6.434316353887399,84.45040214477211
E00002327,269,29,13,16,240,12,228,10.780669144981413,4.83271375464684,5.947955390334572,89.21933085501858,4.4609665427509295,84.75836431226766
E00002328,398,27,10,17,371,10,361,6.78391959798995,2.512562814070352,4.271356783919598,93.21608040201005,2.512562814070352,90.7035175879397
E00002329,618,62,34,28,556,11,545,10.032362459546926,5.501618122977346,4.53074433656958,89.96763754045307,1.779935275080906,88.18770226537217
E00002330,402,23,6,17,379,14,365,5.721393034825871,1.4925373134328357,4.228855721393035,94.27860696517413,3.482587064676617,90.79601990049751
E00002331,459,47,26,21,412,19,393,10.239651416122005,5.664488017429194,4.57516339869281,89.76034858387798,4.139433551198257,85.62091503267973
E00002333,533,37,20,17,496,20,476,6.941838649155723,3.75234521575985,3.189493433395872,93.05816135084429,3.75234521575985,89.30581613508443
E00002334,464,37,21,16,427,16,411,7.974137931034483,4.525862068965517,3.4482758620689653,92.02586206896551,3.4482758620689653,88.57758620689656
E00002336,624,54,32,22,570,10,560,8.653846153846153,5.128205128205128,3.5256410256410255,91.34615384615384,1.6025641025641024,89.74358974358975
E00002337,423,14,6,8,409,10,399,3.309692671394799,1.4184397163120568,1.8912529550827424,96.6903073286052,2.3640661938534278,94.32624113475178
E00002339,370,30,16,14,340,10,330,8.108108108108109,4.324324324324325,3.783783783783784,91.8918918918919,2.7027027027027026,89.1891891891892
E00002340,504,61,31,30,443,15,428,12.103174603174603,6.15079365079365,5.952380952380952,87.89682539682539,2.976190476190476,84.92063492063492
E00002341,440,17,5,12,423,14,409,3.8636363636363633,1.1363636363636365,2.727272727272727,96.13636363636363,3.1818181818181817,92.95454545454545
E00002343,472,35,12,23,437,15,422,7.415254237288135,2.5423728813559325,4.872881355932203,92.58474576271186,3.1779661016949152,89.40677966101694
E00002345,296,43,15,28,253,10,243,14.527027027027026,5.0675675675675675,9.45945945945946,85.47297297297297,3.3783783783783785,82.0945945945946
E00002346,436,130,98,32,306,15,291,29.81651376146789,22.477064220183486,7.339449541284404,70.18348623853211,3.4403669724770642,66.74311926605505
E00002347,413,36,21,15,377,17,360,8.716707021791766,5.084745762711865,3.631961259079903,91.28329297820824,4.116222760290557,87.16707021791767
E00002348,389,59,27,32,330,13,317,15.167095115681233,6.940874035989718,8.226221079691516,84.83290488431876,3.3419023136246784,81.49100257069408
E00002349,328,70,39,31,258,15,243,21.341463414634145,11.890243902439025,9.451219512195122,78.65853658536585,4.573170731707317,74.08536585365853
E00002350,260,63,42,21,197,8,189,24.23076923076923,16.153846153846153,8.076923076923077,75.76923076923077,3.076923076923077,72.6923076923077
E00002351,465,35,15,20,430,16,414,7.526881720430108,3.225806451612903,4.301075268817205,92.47311827956989,3.4408602150537635,89.03225806451613
E00002352,400,36,14,22,364,13,351,9,3.5000000000000004,5.5,91,3.25,87.75
E00002353,275,40,20,20,235,13,222,14.545454545454545,7.2727272727272725,7.2727272727272725,85.45454545454545,4.7272727272727275,80.72727272727272
E00002354,382,49,19,30,333,19,314,12.827225130890053,4.973821989528796,7.853403141361256,87.17277486910994,4.973821989528796,82.19895287958116
E00002355,315,34,13,21,281,16,265,10.793650793650794,4.1269841269841265,6.666666666666667,89.20634920634922,5.079365079365079,84.12698412698413
E00002356,384,49,21,28,335,15,320,12.760416666666666,5.46875,7.291666666666667,87.23958333333334,3.90625,83.33333333333334
E00002357,391,49,24,25,342,22,320,12.531969309462914,6.138107416879795,6.3938618925831205,87.46803069053708,5.626598465473146,81.84143222506394
E00002358,393,45,21,24,348,8,340,11.450381679389313,5.343511450381679,6.106870229007633,88.54961832061069,2.035623409669211,86.51399491094148
E00002359,417,50,23,27,367,18,349,11.990407673860911,5.515587529976019,6.474820143884892,88.00959232613909,4.316546762589928,83.69304556354916
E00002360,298,36,16,20,262,8,254,12.080536912751679,5.369127516778524,6.7114093959731544,87.91946308724832,2.684563758389262,85.23489932885906
E00002361,410,36,19,17,374,14,360,8.780487804878048,4.634146341463414,4.146341463414634,91.21951219512195,3.414634146341464,87.8048780487805
E00002362,420,43,19,24,377,16,361,10.238095238095237,4.523809523809524,5.714285714285714,89.76190476190476,3.8095238095238098,85.95238095238096
E00002363,402,39,8,31,363,14,349,9.701492537313433,1.9900497512437811,7.711442786069651,90.29850746268657,3.482587064676617,86.81592039800995
E00002364,561,53,30,23,508,13,495,9.44741532976827,5.347593582887701,4.09982174688057,90.55258467023172,2.3172905525846703,88.23529411764706
E00002365,411,40,18,22,371,17,354,9.732360097323602,4.37956204379562,5.35279805352798,90.2676399026764,4.13625304136253,86.13138686131386
E00002366,446,55,27,28,391,20,371,12.331838565022421,6.053811659192825,6.278026905829597,87.66816143497758,4.484304932735426,83.18385650224215
E00002367,584,90,65,25,494,26,468,15.41095890410959,11.13013698630137,4.280821917808219,84.58904109589042,4.4520547945205475,80.13698630136986
E00002368,308,25,8,17,283,6,277,8.116883116883116,2.5974025974025974,5.51948051948052,91.88311688311688,1.948051948051948,89.93506493506493
E00002369,439,39,17,22,400,6,394,8.88382687927107,3.8724373576309796,5.0113895216400905,91.11617312072893,1.366742596810934,89.749430523918
E00002370,553,93,65,28,460,20,440,16.817359855334537,11.754068716094032,5.063291139240507,83.18264014466547,3.616636528028933,79.56600361663652
E00002372,475,100,58,42,375,14,361,21.052631578947366,12.210526315789473,8.842105263157894,78.94736842105263,2.9473684210526314,76
E00002373,356,43,25,18,313,11,302,12.07865168539326,7.02247191011236,5.056179775280898,87.92134831460675,3.089887640449438,84.8314606741573
E00002374,441,69,28,41,372,11,361,15.646258503401361,6.349206349206349,9.297052154195011,84.35374149659864,2.494331065759637,81.85941043083899
E00002375,258,46,24,22,212,3,209,17.829457364341085,9.30232558139535,8.527131782945736,82.17054263565892,1.1627906976744187,81.0077519379845
E00002376,339,49,19,30,290,5,285,14.454277286135694,5.604719764011799,8.849557522123893,85.54572271386431,1.4749262536873156,84.070796460177
E00002377,460,59,28,31,401,15,386,12.82608695652174,6.086956521739131,6.739130434782608,87.17391304347825,3.260869565217391,83.91304347826087
E00002378,610,100,60,40,510,23,487,16.39344262295082,9.836065573770492,6.557377049180328,83.60655737704919,3.7704918032786887,79.83606557377048
E00002379,532,85,46,39,447,24,423,15.977443609022558,8.646616541353383,7.330827067669173,84.02255639097744,4.511278195488721,79.51127819548873
E00002380,380,30,16,14,350,9,341,7.894736842105263,4.2105263157894735,3.684210526315789,92.10526315789474,2.368421052631579,89.73684210526316
E00002381,415,58,24,34,357,17,340,13.975903614457833,5.783132530120482,8.19277108433735,86.02409638554217,4.096385542168675,81.92771084337349
E00002382,373,59,34,25,314,20,294,15.81769436997319,9.115281501340483,6.702412868632708,84.1823056300268,5.361930294906166,78.82037533512064
E00002383,316,23,7,16,293,14,279,7.2784810126582276,2.2151898734177213,5.063291139240507,92.72151898734177,4.430379746835443,88.29113924050634
E00002385,319,43,21,22,276,19,257,13.479623824451412,6.583072100313479,6.896551724137931,86.52037617554859,5.956112852664576,80.56426332288402
E00002386,255,35,9,26,220,24,196,13.725490196078432,3.5294117647058822,10.196078431372548,86.27450980392157,9.411764705882353,76.86274509803923
E00002387,589,56,11,45,533,20,513,9.507640067911714,1.8675721561969438,7.6400679117147705,90.49235993208828,3.395585738539898,87.09677419354838
E00002388,399,35,22,13,364,25,339,8.771929824561402,5.513784461152882,3.258145363408521,91.22807017543859,6.265664160401002,84.9624060150376
E00002389,319,25,11,14,294,24,270,7.836990595611286,3.4482758620689653,4.38871473354232,92.16300940438872,7.523510971786834,84.63949843260188
E00002390,285,52,25,27,233,10,223,18.24561403508772,8.771929824561402,9.473684210526317,81.75438596491227,3.508771929824561,78.24561403508771
E00002391,294,30,9,21,264,12,252,10.204081632653061,3.061224489795918,7.142857142857142,89.79591836734694,4.081632653061225,85.71428571428571
E00002392,474,58,26,32,416,25,391,12.236286919831224,5.485232067510549,6.751054852320674,87.76371308016878,5.274261603375527,82.48945147679325
E00002393,478,53,28,25,425,33,392,11.08786610878661,5.857740585774058,5.230125523012552,88.91213389121339,6.903765690376569,82.00836820083683
E00002394,439,65,31,34,374,14,360,14.80637813211845,7.061503416856492,7.744874715261959,85.19362186788155,3.189066059225513,82.00455580865604
E00002395,398,76,38,38,322,15,307,19.09547738693467,9.547738693467336,9.547738693467336,80.90452261306532,3.7688442211055273,77.1356783919598
E00002396,277,35,17,18,242,21,221,12.63537906137184,6.137184115523466,6.4981949458483745,87.36462093862815,7.581227436823104,79.78339350180505
E00002397,344,53,23,30,291,12,279,15.406976744186046,6.686046511627906,8.720930232558139,84.59302325581395,3.488372093023256,81.1046511627907
E00002398,433,50,14,36,383,24,359,11.547344110854503,3.233256351039261,8.314087759815243,88.45265588914549,5.542725173210162,82.90993071593533
E00002399,359,48,23,25,311,13,298,13.370473537604457,6.406685236768802,6.963788300835655,86.62952646239555,3.6211699164345403,83.008356545961007
E00002400,342,42,18,24,300,18,282,12.280701754385964,5.263157894736842,7.017543859649122,87.71929824561403,5.263157894736842,82.45614035087719
E00002401,319,34,12,22,285,14,271,10.658307210031348,3.761755485893417,6.896551724137931,89.34169278996865,4.38871473354232,84.95297805642633
E00002402,325,38,13,25,287,15,272,11.692307692307692,4,7.6923076923076925,88.3076923076923,4.615384615384616,83.6923076923077
E00002403,387,48,21,27,339,6,333,12.4031007751938,5.426356589147287,6.976744186046512,87.59689922480621,1.550387596899225,86.04651162790698
E00002404,275,25,11,14,250,7,243,9.090909090909092,4,5.090909090909091,90.9090909090909,2.5454545454545454,88.36363636363636
E00002405,267,29,14,15,238,16,222,10.861423220973784,5.2434456928838955,5.617977528089887,89.13857677902621,5.992509363295881,83.14606741573034
E00002406,416,50,18,32,366,24,342,12.01923076923077,4.326923076923077,7.6923076923076925,87.98076923076923,5.769230769230769,82.21153846153845
E00002407,273,36,19,17,237,16,221,13.186813186813188,6.95970695970696,6.227106227106227,86.81318681318682,5.86080586080586,80.95238095238095
E00002408,217,47,25,22,170,7,163,21.658986175115206,11.52073732718894,10.138248847926267,78.3410138248848,3.225806451612903,75.11520737327189
E00002409,234,38,23,15,196,7,189,16.23931623931624,9.82905982905983,6.41025641025641,83.76068376068376,2.9914529914529915,80.76923076923077
E00002410,284,63,28,35,221,16,205,22.183098591549296,9.859154929577464,12.323943661971832,77.8169014084507,5.633802816901409,72.1830985915493
E00002411,327,62,23,39,265,20,245,18.960244648318042,7.033639143730887,11.926605504587156,81.03975535168195,6.116207951070336,74.92354740061162
E00002412,225,25,14,11,200,12,188,11.11111111111111,6.222222222222222,4.888888888888889,88.88888888888889,5.333333333333334,83.55555555555556
E00002413,410,47,21,26,363,22,341,11.463414634146343,5.121951219512195,6.341463414634147,88.53658536585365,5.365853658536586,83.17073170731707
E00002414,342,56,21,35,286,10,276,16.374269005847953,6.140350877192982,10.23391812865497,83.62573099415205,2.923976608187134,80.7017543859649
E00002415,304,82,60,22,222,10,212,26.973684210526315,19.736842105263158,7.236842105263158,73.02631578947368,3.289473684210526,69.73684210526315
E00002416,336,57,19,38,279,15,264,16.964285714285715,5.654761904761905,11.30952380952381,83.03571428571429,4.464285714285714,78.57142857142857
E00002417,257,64,36,28,193,5,188,24.90272373540856,14.007782101167315,10.894941634241246,75.09727626459144,1.9455252918287937,73.15175097276264
E00002418,307,45,16,29,262,11,251,14.65798045602606,5.211726384364821,9.446254071661238,85.34201954397395,3.5830618892508146,81.75895765472313
E00002419,341,28,11,17,313,14,299,8.211143695014663,3.225806451612903,4.9853372434017595,91.78885630498533,4.105571847507331,87.68328445747801
E00002420,246,30,14,16,216,13,203,12.195121951219512,5.691056910569105,6.504065040650407,87.8048780487805,5.284552845528456,82.52032520325203
E00002421,394,87,50,37,307,18,289,22.081218274111674,12.690355329949238,9.390862944162437,77.91878172588832,4.568527918781726,73.3502538071066
E00002422,396,66,23,43,330,19,311,16.666666666666664,5.808080808080808,10.85858585858586,83.33333333333334,4.797979797979798,78.53535353535354
E00002423,433,53,21,32,380,12,368,12.240184757505773,4.849884526558892,7.390300230946882,87.75981524249423,2.771362586605081,84.98845265588915
E00002424,563,60,29,31,503,25,478,10.657193605683837,5.1509769094138544,5.506216696269982,89.34280639431617,4.440497335701599,84.90230905861456
E00002426,401,59,32,27,342,10,332,14.713216957605985,7.98004987531172,6.733167082294264,85.286783042394,2.493765586034913,82.7930174563591
E00002427,426,53,25,28,373,8,365,12.44131455399061,5.868544600938967,6.572769953051644,87.55868544600939,1.8779342723004695,85.68075117370893
E00002428,496,53,21,32,443,9,434,10.685483870967742,4.233870967741935,6.451612903225806,89.31451612903226,1.8145161290322582,87.5
E00002429,362,49,26,23,313,11,302,13.535911602209943,7.18232044198895,6.353591160220995,86.46408839779005,3.0386740331491713,83.42541436464089
E00002430,360,45,21,24,315,13,302,12.5,5.833333333333333,6.666666666666667,87.5,3.6111111111111107,83.88888888888889
E00002431,365,44,20,24,321,11,310,12.054794520547945,5.47945205479452,6.575342465753424,87.94520547945206,3.0136986301369864,84.93150684931507
E00002432,483,71,38,33,412,15,397,14.699792960662524,7.867494824016563,6.832298136645963,85.30020703933747,3.1055900621118013,82.19461697722568
E00002433,550,54,19,35,496,16,480,9.818181818181818,3.4545454545454546,6.363636363636363,90.18181818181819,2.909090909090909,87.27272727272727
E00002434,461,40,23,17,421,18,403,8.676789587852495,4.989154013015185,3.68763557483731,91.3232104121475,3.9045553145336225,87.41865509761388
E00002435,440,58,35,23,382,7,375,13.18181818181818,7.954545454545454,5.227272727272727,86.81818181818181,1.5909090909090908,85.22727272727273
E00002436,491,83,44,39,408,16,392,16.90427698574338,8.961303462321792,7.942973523421588,83.09572301425662,3.2586558044806515,79.83706720977597
E00002437,389,42,20,22,347,14,333,10.796915167095115,5.141388174807198,5.655526992287918,89.20308483290489,3.5989717223650386,85.60411311053984
E00002438,334,48,20,28,286,18,268,14.37125748502994,5.9880239520958085,8.383233532934131,85.62874251497006,5.389221556886228,80.23952095808383
E00002439,388,53,26,27,335,12,323,13.65979381443299,6.701030927835052,6.958762886597938,86.34020618556701,3.0927835051546393,83.24742268041237
E00002440,361,17,10,7,344,8,336,4.7091412742382275,2.7700831024930745,1.9390581717451523,95.29085872576178,2.21606648199446,93.07479224376732
E00002441,352,36,20,16,316,21,295,10.227272727272728,5.681818181818182,4.545454545454546,89.77272727272727,5.965909090909091,83.80681818181817
E00002442,357,41,23,18,316,13,303,11.484593837535014,6.442577030812324,5.042016806722689,88.51540616246498,3.6414565826330536,84.87394957983193
E00002444,382,51,34,17,331,7,324,13.350785340314136,8.900523560209423,4.450261780104712,86.64921465968587,1.832460732984293,84.81675392670157
E00002445,338,37,16,21,301,11,290,10.946745562130179,4.733727810650888,6.21301775147929,89.05325443786982,3.2544378698224854,85.79881656804734
E00002446,414,37,20,17,377,14,363,8.937198067632849,4.830917874396135,4.1062801932367154,91.06280193236715,3.3816425120772946,87.68115942028986
E00002448,317,67,29,38,250,11,239,21.13564668769716,9.14826498422713,11.987381703470032,78.86435331230284,3.4700315457413247,75.39432176656152
E00002449,295,56,26,30,239,14,225,18.983050847457626,8.813559322033898,10.16949152542373,81.01694915254237,4.745762711864407,76.27118644067797
E00002450,261,25,9,16,236,10,226,9.578544061302683,3.4482758620689653,6.130268199233716,90.42145593869732,3.8314176245210727,86.59003831417624
E00002451,580,70,35,35,510,23,487,12.068965517241379,6.0344827586206895,6.0344827586206895,87.93103448275862,3.9655172413793105,83.9655172413793
E00002452,410,61,24,37,349,12,337,14.878048780487804,5.853658536585367,9.024390243902438,85.1219512195122,2.9268292682926833,82.1951219512195
E00002453,401,41,19,22,360,10,350,10.224438902743142,4.738154613466334,5.486284289276807,89.77556109725685,2.493765586034913,87.28179551122194
E00002454,376,64,34,30,312,8,304,17.02127659574468,9.042553191489363,7.9787234042553195,82.97872340425532,2.127659574468085,80.85106382978722
E00002455,457,81,42,39,376,20,356,17.72428884026258,9.190371991247265,8.533916849015318,82.27571115973743,4.3763676148796495,77.89934354485777
E00002456,324,61,21,40,263,18,245,18.82716049382716,6.481481481481481,12.345679012345679,81.17283950617285,5.555555555555555,75.61728395061729
E00002457,340,45,26,19,295,6,289,13.23529411764706,7.647058823529412,5.588235294117648,86.76470588235294,1.7647058823529411,85
E00002458,402,40,25,15,362,7,355,9.950248756218906,6.218905472636816,3.731343283582089,90.04975124378109,1.7412935323383085,88.30845771144278
E00002459,573,47,22,25,526,10,516,8.202443280977311,3.8394415357766145,4.363001745200698,91.7975567190227,1.7452006980802792,90.0523560209424
E00002460,372,31,5,26,341,24,317,8.333333333333332,1.3440860215053763,6.989247311827956,91.66666666666666,6.451612903225806,85.21505376344086
E00002461,425,41,23,18,384,13,371,9.647058823529411,5.411764705882352,4.235294117647059,90.3529411764706,3.058823529411765,87.29411764705883
E00002462,339,45,20,25,294,24,270,13.274336283185843,5.899705014749262,7.374631268436578,86.72566371681415,7.079646017699115,79.64601769911505
E00002463,386,42,18,24,344,18,326,10.880829015544041,4.66321243523316,6.217616580310881,89.11917098445595,4.66321243523316,84.4559585492228
E00002464,372,48,25,23,324,19,305,12.903225806451612,6.720430107526881,6.182795698924731,87.09677419354838,5.10752688172043,81.98924731182797
E00002465,248,29,12,17,219,8,211,11.693548387096774,4.838709677419355,6.854838709677419,88.30645161290323,3.225806451612903,85.08064516129032
E00002466,314,34,18,16,280,15,265,10.828025477707007,5.7324840764331215,5.095541401273886,89.171974522293,4.777070063694268,84.39490445859873
E00002467,531,46,19,27,485,31,454,8.662900188323917,3.5781544256120528,5.084745762711865,91.33709981167608,5.83804143126177,85.49905838041431
E00002468,306,30,16,14,276,12,264,9.803921568627452,5.228758169934641,4.57516339869281,90.19607843137256,3.9215686274509802,86.27450980392157
E00002469,418,46,23,23,372,17,355,11.004784688995215,5.502392344497608,5.502392344497608,88.99521531100478,4.0669856459330145,84.92822966507177
E00002470,245,31,14,17,214,17,197,12.653061224489795,5.714285714285714,6.938775510204081,87.34693877551021,6.938775510204081,80.40816326530611
E00002471,256,35,10,25,221,13,208,13.671875,3.90625,9.765625,86.328125,5.078125,81.25
E00002472,332,45,16,29,287,24,263,13.55421686746988,4.819277108433735,8.734939759036145,86.44578313253012,7.228915662650602,79.21686746987952
E00002473,412,61,26,35,351,28,323,14.805825242718445,6.310679611650485,8.495145631067961,85.19417475728154,6.796116504854369,78.39805825242718
E00002474,426,38,17,21,388,45,343,8.92018779342723,3.9906103286384975,4.929577464788732,91.07981220657277,10.56338028169014,80.51643192488262
E00002475,345,44,14,30,301,7,294,12.753623188405797,4.057971014492753,8.695652173913043,87.2463768115942,2.0289855072463765,85.21739130434783
E00002476,564,66,25,41,498,25,473,11.702127659574469,4.432624113475177,7.2695035460992905,88.29787234042553,4.432624113475177,83.86524822695036
E00002477,369,57,25,32,312,20,292,15.447154471544716,6.775067750677506,8.672086720867208,84.5528455284553,5.420054200542006,79.13279132791328
E00002478,312,44,13,31,268,13,255,14.102564102564102,4.166666666666666,9.935897435897436,85.8974358974359,4.166666666666666,81.73076923076923
E00002479,396,46,18,28,350,22,328,11.616161616161616,4.545454545454546,7.07070707070707,88.38383838383838,5.555555555555555,82.82828282828282
E00002480,482,58,29,29,424,29,395,12.033195020746888,6.016597510373444,6.016597510373444,87.96680497925311,6.016597510373444,81.95020746887967
E00002481,494,60,31,29,434,24,410,12.145748987854251,6.275303643724696,5.870445344129554,87.85425101214574,4.8582995951417,82.99595141700405
E00002482,371,59,39,20,312,9,303,15.902964959568733,10.512129380053908,5.3908355795148255,84.09703504043127,2.4258760107816713,81.6711590296496
E00002483,302,70,37,33,232,11,221,23.178807947019866,12.251655629139073,10.927152317880795,76.82119205298014,3.642384105960265,73.17880794701986
E00002484,427,37,13,24,390,17,373,8.665105386416862,3.0444964871194378,5.620608899297424,91.33489461358315,3.9812646370023423,87.35362997658079
E00002486,378,54,30,24,324,12,312,14.285714285714285,7.936507936507936,6.349206349206349,85.71428571428571,3.1746031746031744,82.53968253968253
E00002487,451,71,37,34,380,11,369,15.74279379157428,8.2039911308204,7.5388026607538805,84.25720620842571,2.4390243902439024,81.81818181818183
E00002488,251,41,18,23,210,8,202,16.334661354581673,7.171314741035857,9.163346613545817,83.66533864541833,3.187250996015936,80.47808764940238
E00002489,331,52,25,27,279,12,267,15.709969788519636,7.552870090634441,8.157099697885197,84.29003021148036,3.625377643504532,80.66465256797582
E00002490,461,55,29,26,406,18,388,11.930585683297181,6.29067245119306,5.639913232104121,88.06941431670282,3.9045553145336225,84.1648590021692
E00002491,478,41,22,19,437,15,422,8.577405857740587,4.602510460251046,3.9748953974895396,91.42259414225941,3.1380753138075312,88.28451882845188
E00002492,398,61,23,38,337,13,324,15.326633165829145,5.778894472361809,9.547738693467336,84.67336683417085,3.2663316582914574,81.4070351758794
E00002493,398,45,20,25,353,8,345,11.306532663316583,5.025125628140704,6.281407035175879,88.69346733668341,2.0100502512562812,86.68341708542714
E00002494,392,40,23,17,352,14,338,10.204081632653061,5.86734693877551,4.336734693877551,89.79591836734694,3.571428571428571,86.22448979591837
E00002495,398,60,24,36,338,10,328,15.07537688442211,6.030150753768844,9.045226130653267,84.92462311557789,2.512562814070352,82.41206030150754
E00002496,424,39,13,26,385,19,366,9.19811320754717,3.0660377358490565,6.132075471698113,90.80188679245283,4.481132075471698,86.32075471698113
E00002497,394,28,18,10,366,19,347,7.1065989847715745,4.568527918781726,2.5380710659898478,92.89340101522842,4.822335025380711,88.07106598984772
E00002498,437,39,19,20,398,13,385,8.924485125858125,4.3478260869565215,4.576659038901601,91.07551487414187,2.9748283752860414,88.10068649885584
E00002499,416,50,25,25,366,13,353,12.01923076923077,6.009615384615385,6.009615384615385,87.98076923076923,3.125,84.85576923076923
E00002500,357,58,36,22,299,12,287,16.246498599439775,10.084033613445378,6.162464985994398,83.75350140056022,3.361344537815126,80.3921568627451
E00002501,337,41,20,21,296,12,284,12.166172106824925,5.934718100890208,6.231454005934718,87.83382789317507,3.5608308605341246,84.27299703264094
E00002502,456,37,20,17,419,23,396,8.114035087719298,4.385964912280701,3.7280701754385963,91.8859649122807,5.0438596491228065,86.8421052631579
E00002503,398,31,11,20,367,8,359,7.788944723618091,2.763819095477387,5.025125628140704,92.21105527638191,2.0100502512562812,90.20100502512562
E00002504,369,34,12,22,335,11,324,9.214092140921409,3.2520325203252036,5.9620596205962055,90.78590785907859,2.9810298102981028,87.8048780487805
E00002505,388,50,27,23,338,13,325,12.886597938144329,6.958762886597938,5.927835051546391,87.11340206185567,3.350515463917526,83.76288659793815
E00002506,301,28,12,16,273,7,266,9.30232558139535,3.9867109634551494,5.3156146179401995,90.69767441860465,2.3255813953488373,88.37209302325581
E00002507,423,57,26,31,366,14,352,13.47517730496454,6.1465721040189125,7.328605200945626,86.52482269503547,3.309692671394799,83.21513002364065
E00002508,338,49,24,25,289,21,268,14.497041420118343,7.100591715976331,7.396449704142012,85.50295857988166,6.21301775147929,79.28994082840237
E00002509,423,48,17,31,375,14,361,11.347517730496454,4.0189125295508275,7.328605200945626,88.65248226950354,3.309692671394799,85.34278959810875
E00002510,366,39,15,24,327,18,309,10.655737704918032,4.098360655737705,6.557377049180328,89.34426229508196,4.918032786885246,84.42622950819673
E00002511,444,54,21,33,390,22,368,12.162162162162163,4.72972972972973,7.4324324324324325,87.83783783783784,4.954954954954955,82.88288288288288
E00002512,370,41,18,23,329,8,321,11.081081081081082,4.864864864864865,6.216216216216217,88.91891891891892,2.1621621621621623,86.75675675675676
E00002513,363,48,24,24,315,17,298,13.223140495867769,6.6115702479338845,6.6115702479338845,86.77685950413223,4.683195592286501,82.09366391184572
E00002514,413,95,64,31,318,16,302,23.002421307506054,15.49636803874092,7.506053268765134,76.99757869249395,3.87409200968523,73.12348668280872
E00002515,406,42,21,21,364,14,350,10.344827586206897,5.172413793103448,5.172413793103448,89.65517241379311,3.4482758620689653,86.20689655172413
E00002516,438,55,23,32,383,12,371,12.557077625570775,5.251141552511415,7.30593607305936,87.44292237442922,2.73972602739726,84.70319634703196
E00002517,369,38,19,19,331,10,321,10.29810298102981,5.149051490514905,5.149051490514905,89.70189701897019,2.710027100271003,86.99186991869918
E00002518,396,42,19,23,354,11,343,10.606060606060606,4.797979797979798,5.808080808080808,89.39393939393939,2.7777777777777777,86.61616161616162
E00002520,380,42,20,22,338,5,333,11.052631578947368,5.263157894736842,5.7894736842105265,88.94736842105263,1.3157894736842104,87.63157894736841
E00002521,387,70,29,41,317,18,299,18.087855297157624,7.493540051679587,10.594315245478036,81.91214470284238,4.651162790697675,77.2609819121447
E00002522,464,72,33,39,392,14,378,15.517241379310345,7.112068965517242,8.405172413793103,84.48275862068965,3.0172413793103448,81.46551724137932
E00002523,420,37,21,16,383,11,372,8.80952380952381,5,3.8095238095238098,91.19047619047619,2.619047619047619,88.57142857142857
E00002524,363,48,18,30,315,17,298,13.223140495867769,4.958677685950414,8.264462809917356,86.77685950413223,4.683195592286501,82.09366391184572
E00002526,517,34,14,20,483,13,470,6.5764023210831715,2.7079303675048356,3.8684719535783367,93.42359767891682,2.5145067698259185,90.9090909090909
E00002527,220,46,19,27,174,5,169,20.909090909090907,8.636363636363637,12.272727272727273,79.0909090909091,2.272727272727273,76.81818181818181
E00002528,369,48,22,26,321,16,305,13.008130081300814,5.9620596205962055,7.046070460704606,86.99186991869918,4.336043360433604,82.65582655826557
E00002529,495,42,20,22,453,9,444,8.484848484848486,4.040404040404041,4.444444444444445,91.51515151515152,1.8181818181818181,89.6969696969697
E00002530,451,114,78,36,337,15,322,25.277161862527713,17.29490022172949,7.982261640798225,74.72283813747228,3.325942350332594,71.3968957871397
E00002531,305,41,24,17,264,7,257,13.442622950819672,7.868852459016394,5.573770491803279,86.55737704918033,2.2950819672131146,84.26229508196721
E00002533,427,64,34,30,363,23,340,14.988290398126464,7.962529274004685,7.02576112412178,85.01170960187353,5.386416861826698,79.62529274004683
E00002534,382,55,32,23,327,17,310,14.397905759162304,8.37696335078534,6.020942408376963,85.6020942408377,4.450261780104712,81.15183246073299
E00002535,405,67,36,31,338,14,324,16.543209876543212,8.88888888888889,7.654320987654321,83.4567901234568,3.45679012345679,80
E00002536,417,49,15,34,368,23,345,11.750599520383693,3.5971223021582732,8.15347721822542,88.2494004796163,5.515587529976019,82.73381294964028
E00002537,388,42,21,21,346,11,335,10.824742268041238,5.412371134020619,5.412371134020619,89.17525773195877,2.8350515463917527,86.34020618556701
E00002538,551,83,49,34,468,18,450,15.063520871143377,8.892921960072595,6.170598911070781,84.93647912885662,3.2667876588021776,81.66969147005445
E00002540,353,39,15,24,314,21,293,11.048158640226628,4.2492917847025495,6.79886685552408,88.95184135977338,5.94900849858357,83.0028328611898
E00002541,462,52,25,27,410,17,393,11.255411255411255,5.411255411255411,5.844155844155844,88.74458874458875,3.67965367965368,85.06493506493507
E00002542,519,61,15,46,458,24,434,11.753371868978805,2.8901734104046244,8.863198458574182,88.2466281310212,4.624277456647398,83.62235067437379
E00002544,335,55,43,12,280,7,273,16.417910447761194,12.835820895522387,3.582089552238806,83.5820895522388,2.0895522388059704,81.49253731343283
E00002545,521,84,42,42,437,12,425,16.122840690978887,8.061420345489443,8.061420345489443,83.87715930902111,2.3032629558541267,81.57389635316699
E00002546,489,116,73,43,373,14,359,23.721881390593047,14.92842535787321,8.793456032719837,76.27811860940696,2.8629856850715747,73.41513292433538
E00002547,250,45,23,22,205,11,194,18,9.2,8.799999999999999,82,4.3999999999999995,77.60000000000001
E00002548,293,42,18,24,251,21,230,14.334470989761092,6.143344709897611,8.19112627986348,85.6655290102389,7.167235494880546,78.49829351535837
E00002549,408,54,27,27,354,12,342,13.23529411764706,6.61764705882353,6.61764705882353,86.76470588235294,2.941176470588235,83.82352941176471
E00002550,381,54,26,28,327,16,311,14.173228346456693,6.824146981627297,7.349081364829396,85.8267716535433,4.199475065616798,81.62729658792651
E00002552,337,42,16,26,295,17,278,12.462908011869436,4.747774480712167,7.71513353115727,87.53709198813057,5.044510385756676,82.49258160237389
E00002553,290,50,18,32,240,11,229,17.24137931034483,6.206896551724138,11.03448275862069,82.75862068965517,3.793103448275862,78.96551724137932
E00002554,322,60,39,21,262,15,247,18.633540372670808,12.111801242236025,6.521739130434782,81.36645962732919,4.658385093167702,76.70807453416148
E00002555,341,53,22,31,288,15,273,15.542521994134898,6.451612903225806,9.090909090909092,84.4574780058651,4.398826979472141,80.05865102639295
E00002556,561,67,37,30,494,28,466,11.942959001782532,6.59536541889483,5.347593582887701,88.05704099821747,4.991087344028521,83.06595365418895
E00002559,368,75,31,44,293,14,279,20.380434782608695,8.423913043478262,11.956521739130435,79.61956521739131,3.804347826086957,75.81521739130434
E00002560,348,70,41,29,278,13,265,20.114942528735632,11.781609195402298,8.333333333333332,79.88505747126436,3.7356321839080464,76.14942528735632
E00002561,401,46,18,28,355,26,329,11.471321695760599,4.488778054862843,6.982543640897755,88.5286783042394,6.483790523690773,82.04488778054862
E00002562,357,59,31,28,298,12,286,16.5266106442577,8.683473389355742,7.8431372549019605,83.4733893557423,3.361344537815126,80.11204481792717
E00002563,256,52,21,31,204,15,189,20.3125,8.203125,12.109375,79.6875,5.859375,73.828125
E00002564,376,68,37,31,308,13,295,18.085106382978726,9.840425531914894,8.24468085106383,81.91489361702128,3.4574468085106385,78.45744680851064
E00002565,366,37,18,19,329,15,314,10.10928961748634,4.918032786885246,5.191256830601093,89.89071038251366,4.098360655737705,85.79234972677595
E00002566,267,47,15,32,220,8,212,17.60299625468165,5.617977528089887,11.985018726591761,82.39700374531836,2.9962546816479403,79.40074906367042
E00002567,482,40,20,20,442,17,425,8.29875518672199,4.149377593360995,4.149377593360995,91.70124481327801,3.5269709543568464,88.17427385892115
E00002568,304,54,25,29,250,15,235,17.763157894736842,8.223684210526317,9.539473684210527,82.23684210526315,4.934210526315789,77.30263157894737
E00002569,379,63,35,28,316,11,305,16.62269129287599,9.234828496042216,7.387862796833773,83.37730870712402,2.9023746701846966,80.47493403693932
E00002570,127,15,8,7,112,8,104,11.811023622047244,6.299212598425196,5.511811023622047,88.18897637795276,6.299212598425196,81.88976377952756
E00002571,306,27,14,13,279,19,260,8.823529411764707,4.57516339869281,4.248366013071895,91.17647058823529,6.209150326797386,84.9673202614379
E00002572,326,55,34,21,271,7,264,16.87116564417178,10.429447852760736,6.441717791411043,83.12883435582822,2.147239263803681,80.98159509202453
E00002573,426,61,25,36,365,25,340,14.319248826291082,5.868544600938967,8.450704225352112,85.68075117370893,5.868544600938967,79.81220657276995
E00002575,279,49,18,31,230,12,218,17.562724014336915,6.451612903225806,11.11111111111111,82.43727598566308,4.301075268817205,78.13620071684588
E00002576,278,41,16,25,237,12,225,14.748201438848922,5.755395683453238,8.992805755395683,85.25179856115108,4.316546762589928,80.93525179856115
E00002577,451,67,25,42,384,17,367,14.855875831485587,5.543237250554324,9.312638580931264,85.14412416851441,3.7694013303769403,81.37472283813747
E00002578,386,46,22,24,340,22,318,11.917098445595855,5.699481865284974,6.217616580310881,88.08290155440415,5.699481865284974,82.38341968911918
E00002579,402,85,46,39,317,19,298,21.144278606965177,11.442786069651742,9.701492537313433,78.85572139303483,4.72636815920398,74.12935323383084
E00002580,484,65,32,33,419,24,395,13.429752066115702,6.6115702479338845,6.8181818181818175,86.57024793388429,4.958677685950414,81.61157024793388
E00002581,334,53,28,25,281,24,257,15.868263473053892,8.383233532934131,7.48502994011976,84.13173652694611,7.18562874251497,76.94610778443113
E00002582,310,27,12,15,283,9,274,8.709677419354838,3.870967741935484,4.838709677419355,91.29032258064517,2.903225806451613,88.38709677419355
E00002583,499,105,42,63,394,11,383,21.04208416833667,8.41683366733467,12.625250501002002,78.95791583166333,2.2044088176352705,76.75350701402806
E00002584,301,38,19,19,263,15,248,12.624584717607974,6.312292358803987,6.312292358803987,87.37541528239203,4.983388704318937,82.39202657807309
E00002585,387,49,22,27,338,16,322,12.661498708010335,5.684754521963824,6.976744186046512,87.33850129198967,4.1343669250646,83.20413436692506
E00002586,453,52,27,25,401,19,382,11.479028697571744,5.960264900662252,5.518763796909492,88.52097130242825,4.194260485651214,84.32671081677704
E00002587,356,30,13,17,326,19,307,8.426966292134832,3.651685393258427,4.775280898876404,91.57303370786516,5.337078651685393,86.23595505617978
E00002588,370,54,27,27,316,14,302,14.594594594594595,7.297297297297297,7.297297297297297,85.4054054054054,3.783783783783784,81.62162162162161
E00002589,418,50,26,24,368,12,356,11.961722488038278,6.220095693779904,5.741626794258373,88.03827751196172,2.8708133971291865,85.16746411483254
E00002591,392,37,14,23,355,21,334,9.438775510204081,3.571428571428571,5.86734693877551,90.56122448979592,5.357142857142857,85.20408163265306
E00002592,330,37,14,23,293,15,278,11.212121212121213,4.242424242424243,6.969696969696971,88.7878787878788,4.545454545454546,84.24242424242424
E00002593,366,37,18,19,329,19,310,10.10928961748634,4.918032786885246,5.191256830601093,89.89071038251366,5.191256830601093,84.69945355191257
E00002594,376,44,17,27,332,16,316,11.702127659574469,4.521276595744681,7.180851063829788,88.29787234042553,4.25531914893617,84.04255319148936
E00002595,421,49,16,33,372,22,350,11.63895486935867,3.800475059382423,7.8384798099762465,88.36104513064133,5.225653206650831,83.1353919239905
E00002596,420,50,21,29,370,13,357,11.904761904761903,5,6.904761904761905,88.09523809523809,3.0952380952380953,85
E00002597,347,48,24,24,299,18,281,13.8328530259366,6.9164265129683,6.9164265129683,86.1671469740634,5.187319884726225,80.97982708933718
E00002598,390,51,27,24,339,17,322,13.076923076923078,6.923076923076923,6.153846153846154,86.92307692307692,4.358974358974359,82.564102564102555
E00002599,334,74,52,22,260,24,236,22.15568862275449,15.568862275449103,6.58682634730539,77.84431137724552,7.18562874251497,70.65868263473054
E00002600,291,35,15,20,256,19,237,12.027491408934708,5.154639175257731,6.872852233676976,87.97250859106529,6.529209621993128,81.44329896907216
E00002601,430,61,24,37,369,10,359,14.186046511627906,5.5813953488372094,8.604651162790699,85.81395348837209,2.3255813953488373,83.48837209302326
E00002602,420,49,18,31,371,24,347,11.666666666666666,4.285714285714286,7.380952380952381,88.33333333333333,5.714285714285714,82.61904761904762
E00002603,420,64,34,30,356,14,342,15.238095238095239,8.095238095238095,7.142857142857142,84.76190476190476,3.3333333333333335,81.42857142857143
E00002604,401,38,18,20,363,19,344,9.476309226932669,4.488778054862843,4.987531172069826,90.52369077306733,4.738154613466334,85.785536159601
E00002605,265,47,19,28,218,19,199,17.735849056603772,7.169811320754717,10.566037735849058,82.26415094339623,7.169811320754717,75.09433962264151
E00002606,217,24,12,12,193,10,183,11.059907834101383,5.529953917050691,5.529953917050691,88.94009216589862,4.6082949308755765,84.33179723502305
E00002607,194,28,12,16,166,8,158,14.432989690721648,6.185567010309279,8.24742268041237,85.56701030927834,4.123711340206185,81.44329896907216
E00002608,419,46,22,24,373,16,357,10.978520286396181,5.250596658711217,5.727923627684964,89.02147971360382,3.8186157517899764,85.20286396181385
E00002609,490,44,22,22,446,25,421,8.979591836734693,4.489795918367347,4.489795918367347,91.02040816326532,5.1020408163265305,85.91836734693878
E00002610,475,55,26,29,420,23,397,11.578947368421053,5.473684210526316,6.105263157894736,88.42105263157895,4.842105263157895,83.57894736842105
E00002611,397,64,23,41,333,22,311,16.120906801007557,5.793450881612091,10.327455919395465,83.87909319899244,5.541561712846348,78.33753148614609
E00002612,437,55,32,23,382,22,360,12.585812356979407,7.322654462242563,5.263157894736842,87.4141876430206,5.034324942791762,82.37986270022884
E00002613,385,39,17,22,346,19,327,10.129870129870131,4.415584415584416,5.714285714285714,89.87012987012987,4.935064935064935,84.93506493506493
E00002614,457,43,17,26,414,16,398,9.409190371991247,3.7199124726477026,5.689277899343545,90.59080962800876,3.50109409190372,87.08971553610503
E00002615,354,39,18,21,315,19,296,11.016949152542372,5.084745762711865,5.932203389830509,88.98305084745762,5.367231638418079,83.61581920903954
E00002616,345,39,17,22,306,19,287,11.304347826086957,4.9275362318840585,6.3768115942028984,88.69565217391305,5.507246376811594,83.18840579710145
E00002617,360,50,18,32,310,16,294,13.88888888888889,5,8.88888888888889,86.11111111111111,4.444444444444445,81.66666666666667
E00002618,229,29,20,9,200,7,193,12.663755458515283,8.73362445414847,3.9301310043668125,87.33624454148472,3.056768558951965,84.27947598253274
E00002619,337,33,14,19,304,11,293,9.792284866468842,4.154302670623145,5.637982195845697,90.20771513353115,3.2640949554896146,86.94362017804154
E00002620,385,30,13,17,355,16,339,7.792207792207792,3.3766233766233764,4.415584415584416,92.20779220779221,4.1558441558441555,88.05194805194805
E00002621,340,49,20,29,291,24,267,14.411764705882351,5.88235294117647,8.529411764705882,85.58823529411764,7.0588235294117645,78.52941176470588
E00002622,353,46,20,26,307,19,288,13.031161473087819,5.6657223796034,7.365439093484419,86.96883852691218,5.382436260623229,81.58640226628894
E00002623,452,44,16,28,408,18,390,9.734513274336283,3.5398230088495577,6.1946902654867255,90.2654867256637,3.982300884955752,86.28318584070797
E00002624,315,61,35,26,254,10,244,19.365079365079367,11.11111111111111,8.253968253968253,80.63492063492063,3.1746031746031744,77.46031746031747
E00002625,243,34,18,16,209,15,194,13.991769547325102,7.4074074074074066,6.584362139917696,86.0082304526749,6.172839506172839,79.83539094650206
E00002626,375,52,24,28,323,12,311,13.866666666666665,6.4,7.466666666666668,86.13333333333333,3.2,82.93333333333334
E00002627,413,54,28,26,359,7,352,13.075060532687651,6.779661016949152,6.2953995157385,86.92493946731234,1.694915254237288,85.23002421307507
E00002628,564,46,15,31,518,24,494,8.156028368794328,2.6595744680851063,5.49645390070922,91.84397163120568,4.25531914893617,87.58865248226951
E00002629,587,68,30,38,519,16,503,11.584327086882453,5.110732538330494,6.473594548551959,88.41567291311755,2.72572402044293,85.68994889267462
E00002630,352,33,13,20,319,10,309,9.375,3.6931818181818183,5.681818181818182,90.625,2.840909090909091,87.7840909090909
E00002631,392,34,17,17,358,19,339,8.673469387755102,4.336734693877551,4.336734693877551,91.3265306122449,4.846938775510204,86.4795918367347
E00002632,386,70,36,34,316,12,304,18.134715025906736,9.32642487046632,8.808290155440414,81.86528497409327,3.1088082901554404,78.75647668393782
E00002633,378,25,12,13,353,26,327,6.613756613756613,3.1746031746031744,3.439153439153439,93.38624338624338,6.878306878306878,86.5079365079365
E00002634,340,31,13,18,309,11,298,9.117647058823529,3.823529411764706,5.294117647058823,90.88235294117646,3.2352941176470593,87.6470588235294
E00002635,500,58,21,37,442,20,422,11.600000000000001,4.2,7.3999999999999995,88.4,4,84.39999999999999
E00002636,366,49,25,24,317,13,304,13.387978142076504,6.830601092896176,6.557377049180328,86.6120218579235,3.551912568306011,83.06010928961749
E00002637,381,53,29,24,328,11,317,13.910761154855644,7.611548556430446,6.299212598425196,86.08923884514435,2.8871391076115485,83.2020997375328
E00002638,409,49,19,30,360,18,342,11.98044009779951,4.645476772616137,7.334963325183375,88.01955990220048,4.400977995110025,83.61858190709046
E00002639,358,41,24,17,317,31,286,11.452513966480447,6.70391061452514,4.748603351955307,88.54748603351955,8.659217877094973,79.88826815642457
E00002640,206,41,20,21,165,10,155,19.902912621359224,9.70873786407767,10.194174757281553,80.09708737864078,4.854368932038835,75.24271844660194
E00002641,369,43,16,27,326,32,294,11.653116531165312,4.336043360433604,7.317073170731707,88.34688346883469,8.672086720867208,79.67479674796748
E00002642,330,43,13,30,287,20,267,13.030303030303031,3.939393939393939,9.090909090909092,86.96969696969697,6.0606060606060606,80.9090909090909
E00002643,257,27,14,13,230,12,218,10.505836575875486,5.447470817120623,5.058365758754864,89.49416342412452,4.669260700389105,84.8249027237354
E00002644,258,47,26,21,211,9,202,18.217054263565892,10.077519379844961,8.13953488372093,81.78294573643412,3.488372093023256,78.29457364341084
E00002645,273,30,9,21,243,11,232,10.989010989010989,3.296703296703297,7.6923076923076925,89.01098901098901,4.029304029304029,84.98168498168498
E00002646,195,31,17,14,164,13,151,15.897435897435896,8.717948717948717,7.179487179487179,84.1025641025641,6.666666666666667,77.435897435897445
E00002647,310,27,15,12,283,21,262,8.709677419354838,4.838709677419355,3.870967741935484,91.29032258064517,6.774193548387098,84.51612903225806
E00002648,281,18,6,12,263,12,251,6.405693950177936,2.135231316725979,4.270462633451958,93.59430604982207,4.270462633451958,89.32384341637011
E00002649,397,40,15,25,357,24,333,10.075566750629724,3.7783375314861463,6.297229219143577,89.92443324937027,6.045340050377834,83.87909319899244
E00002650,297,53,31,22,244,19,225,17.845117845117844,10.437710437710438,7.4074074074074066,82.15488215488216,6.397306397306397,75.75757575757575
E00002651,284,45,14,31,239,11,228,15.845070422535212,4.929577464788732,10.915492957746478,84.15492957746478,3.873239436619718,80.28169014084507
E00002652,326,44,18,26,282,16,266,13.496932515337424,5.521472392638037,7.975460122699387,86.50306748466258,4.9079754601226995,81.59509202453987
E00002653,281,58,31,27,223,10,213,20.640569395017792,11.032028469750891,9.608540925266903,79.35943060498221,3.558718861209965,75.80071174377224
E00002654,283,34,12,22,249,15,234,12.014134275618375,4.240282685512367,7.773851590106007,87.98586572438163,5.30035335689046,82.68551236749117
E00002655,258,28,11,17,230,18,212,10.852713178294573,4.263565891472868,6.5891472868217065,89.14728682170544,6.976744186046512,82.17054263565892
E00002657,295,27,12,15,268,15,253,9.152542372881356,4.067796610169491,5.084745762711865,90.84745762711864,5.084745762711865,85.76271186440678
E00002658,241,18,6,12,223,19,204,7.468879668049793,2.4896265560165975,4.979253112033195,92.5311203319502,7.883817427385892,84.64730290456431
E00002659,295,45,16,29,250,18,232,15.254237288135593,5.423728813559322,9.830508474576272,84.7457627118644,6.101694915254238,78.64406779661017
E00002660,207,34,23,11,173,9,164,16.425120772946862,11.11111111111111,5.314009661835748,83.57487922705315,4.3478260869565215,79.22705314009661
E00002661,396,52,21,31,344,11,333,13.131313131313133,5.303030303030303,7.828282828282829,86.86868686868688,2.7777777777777777,84.0909090909091
E00002662,325,39,8,31,286,31,255,12,2.4615384615384617,9.538461538461538,88,9.538461538461538,78.46153846153847
E00002663,262,51,27,24,211,11,200,19.46564885496183,10.305343511450381,9.16030534351145,80.53435114503816,4.198473282442748,76.33587786259542
E00002664,363,95,56,39,268,18,250,26.170798898071624,15.426997245179063,10.743801652892563,73.82920110192838,4.958677685950414,68.87052341597796
E00002665,380,51,24,27,329,14,315,13.421052631578947,6.315789473684211,7.105263157894736,86.57894736842105,3.684210526315789,82.89473684210526
E00002667,577,84,39,45,493,19,474,14.558058925476603,6.759098786828423,7.798960138648179,85.4419410745234,3.2928942807625647,82.14904679376083
E00002668,468,77,39,38,391,31,360,16.45299145299145,8.333333333333332,8.11965811965812,83.54700854700855,6.623931623931624,76.92307692307693
E00002669,203,20,10,10,183,17,166,9.852216748768473,4.926108374384237,4.926108374384237,90.14778325123153,8.374384236453201,81.77339901477832
E00002670,499,88,41,47,411,40,371,17.635270541082164,8.216432865731463,9.418837675350701,82.36472945891784,8.016032064128256,74.34869739478958
E00002672,386,82,27,55,304,15,289,21.243523316062177,6.994818652849741,14.248704663212436,78.75647668393782,3.8860103626943006,74.87046632124353
E00002676,492,65,23,42,427,23,404,13.211382113821138,4.67479674796748,8.536585365853659,86.78861788617887,4.67479674796748,82.11382113821138
E00002677,392,61,22,39,331,10,321,15.561224489795919,5.612244897959184,9.948979591836734,84.43877551020408,2.5510204081632653,81.88775510204081
E00002678,305,46,18,28,259,13,246,15.081967213114755,5.901639344262295,9.180327868852459,84.91803278688525,4.2622950819672125,80.65573770491802
E00002679,328,52,24,28,276,12,264,15.853658536585366,7.317073170731707,8.536585365853659,84.14634146341463,3.6585365853658534,80.48780487804879
E00002680,240,37,18,19,203,9,194,15.416666666666668,7.5,7.916666666666666,84.58333333333333,3.75,80.83333333333333
E00002681,360,48,21,27,312,10,302,13.333333333333334,5.833333333333333,7.5,86.66666666666667,2.7777777777777777,83.88888888888889
E00002682,397,38,11,27,359,23,336,9.571788413098236,2.770780856423174,6.801007556675064,90.42821158690177,5.793450881612091,84.63476070528966
E00002683,224,45,20,25,179,11,168,20.089285714285715,8.928571428571429,11.160714285714286,79.91071428571429,4.910714285714286,75
E00002684,258,26,7,19,232,11,221,10.077519379844961,2.7131782945736433,7.3643410852713185,89.92248062015504,4.263565891472868,85.65891472868216
E00002685,317,38,14,24,279,21,258,11.987381703470032,4.416403785488959,7.570977917981073,88.01261829652996,6.624605678233439,81.38801261829653
E00002686,264,27,16,11,237,21,216,10.227272727272728,6.0606060606060606,4.166666666666666,89.77272727272727,7.954545454545454,81.81818181818183
E00002687,490,64,30,34,426,25,401,13.061224489795919,6.122448979591836,6.938775510204081,86.93877551020408,5.1020408163265305,81.83673469387756
E00002688,274,29,12,17,245,19,226,10.583941605839415,4.37956204379562,6.204379562043796,89.41605839416059,6.934306569343065,82.48175182481752
E00002689,330,31,18,13,299,9,290,9.393939393939393,5.454545454545454,3.939393939393939,90.6060606060606,2.727272727272727,87.87878787878788
E00002690,231,50,16,34,181,9,172,21.645021645021643,6.926406926406926,14.71861471861472,78.35497835497836,3.896103896103896,74.45887445887446
E00002691,286,44,27,17,242,11,231,15.384615384615385,9.44055944055944,5.944055944055944,84.61538461538461,3.8461538461538463,80.76923076923077
E00002692,388,51,22,29,337,14,323,13.144329896907218,5.670103092783505,7.474226804123711,86.85567010309279,3.608247422680412,83.24742268041237
E00002693,370,32,10,22,338,11,327,8.64864864864865,2.7027027027027026,5.9459459459459465,91.35135135135135,2.9729729729729732,88.37837837837837
E00002694,429,48,24,24,381,15,366,11.188811188811188,5.594405594405594,5.594405594405594,88.81118881118881,3.4965034965034967,85.3146853146853
E00002695,349,34,10,24,315,12,303,9.742120343839542,2.865329512893983,6.876790830945559,90.25787965616045,3.4383954154727796,86.81948424068769
E00002696,357,54,22,32,303,19,284,15.126050420168067,6.162464985994398,8.96358543417367,84.87394957983193,5.322128851540616,79.55182072829132
E00002697,520,66,24,42,454,27,427,12.692307692307692,4.615384615384616,8.076923076923077,87.3076923076923,5.1923076923076925,82.11538461538461
E00002698,283,44,31,13,239,23,216,15.547703180212014,10.954063604240282,4.593639575971731,84.45229681978799,8.12720848056537,76.32508833922262
E00002699,433,41,16,25,392,14,378,9.468822170900692,3.695150115473441,5.773672055427252,90.5311778290993,3.233256351039261,87.29792147806005
E00002700,436,48,23,25,388,16,372,11.009174311926607,5.275229357798166,5.73394495412844,88.9908256880734,3.669724770642202,85.3211009174312
E00002701,608,69,26,43,539,15,524,11.348684210526317,4.276315789473684,7.072368421052631,88.65131578947368,2.4671052631578947,86.18421052631578
E00002702,416,45,21,24,371,23,348,10.817307692307693,5.048076923076923,5.769230769230769,89.1826923076923,5.528846153846153,83.65384615384616
E00002703,247,32,13,19,215,12,203,12.955465587044534,5.263157894736842,7.6923076923076925,87.04453441295547,4.8582995951417,82.18623481781377
E00002704,324,34,12,22,290,29,261,10.493827160493826,3.7037037037037033,6.790123456790123,89.50617283950618,8.950617283950617,80.55555555555556
E00002705,290,39,16,23,251,9,242,13.448275862068964,5.517241379310345,7.931034482758621,86.55172413793103,3.103448275862069,83.44827586206897
E00002707,266,53,21,32,213,14,199,19.924812030075188,7.894736842105263,12.030075187969924,80.07518796992481,5.263157894736842,74.81203007518798
E00002708,321,33,13,20,288,11,277,10.2803738317757,4.049844236760125,6.230529595015576,89.7196261682243,3.4267912772585665,86.29283489096574
E00002709,219,45,22,23,174,12,162,20.54794520547945,10.045662100456621,10.50228310502283,79.45205479452055,5.47945205479452,73.97260273972603
E00002710,219,41,23,18,178,16,162,18.72146118721461,10.50228310502283,8.21917808219178,81.27853881278538,7.30593607305936,73.97260273972603
E00002711,291,44,25,19,247,13,234,15.120274914089347,8.59106529209622,6.529209621993128,84.87972508591065,4.4673539518900345,80.41237113402062
E00002712,207,18,4,14,189,12,177,8.695652173913043,1.932367149758454,6.763285024154589,91.30434782608695,5.797101449275362,85.5072463768116
E00002713,375,50,23,27,325,15,310,13.333333333333334,6.133333333333333,7.199999999999999,86.66666666666667,4,82.66666666666667
E00002714,217,20,9,11,197,15,182,9.216589861751153,4.147465437788019,5.0691244239631335,90.78341013824884,6.912442396313365,83.87096774193549
E00002715,365,112,58,54,253,20,233,30.684931506849317,15.890410958904111,14.794520547945206,69.31506849315069,5.47945205479452,63.83561643835617
E00002716,287,26,13,13,261,11,250,9.059233449477352,4.529616724738676,4.529616724738676,90.94076655052264,3.8327526132404177,87.10801393728222
E00002717,323,40,23,17,283,18,265,12.38390092879257,7.120743034055728,5.263157894736842,87.61609907120743,5.572755417956656,82.04334365325077
E00002718,271,40,18,22,231,20,211,14.760147601476014,6.642066420664207,8.118081180811808,85.23985239852398,7.380073800738007,77.85977859778598
E00002719,362,39,15,24,323,17,306,10.773480662983426,4.143646408839778,6.629834254143646,89.22651933701657,4.696132596685083,84.5303867403315
E00002720,137,20,7,13,117,14,103,14.5985401459854,5.109489051094891,9.48905109489051,85.40145985401459,10.218978102189782,75.18248175182481
E00002721,317,38,20,18,279,15,264,11.987381703470032,6.309148264984227,5.678233438485805,88.01261829652996,4.73186119873817,83.2807570977918
E00002722,309,38,15,23,271,16,255,12.297734627831716,4.854368932038835,7.443365695792881,87.70226537216828,5.177993527508091,82.52427184466019
E00002723,375,49,15,34,326,20,306,13.066666666666665,4,9.066666666666666,86.93333333333332,5.333333333333334,81.6
E00002724,274,35,13,22,239,18,221,12.773722627737227,4.744525547445255,8.02919708029197,87.22627737226277,6.569343065693431,80.65693430656934
E00002725,277,26,12,14,251,14,237,9.386281588447654,4.332129963898916,5.054151624548736,90.61371841155234,5.054151624548736,85.5595667870036
E00002726,218,50,26,24,168,11,157,22.93577981651376,11.926605504587156,11.009174311926607,77.06422018348624,5.045871559633028,72.01834862385321
E00002727,356,55,10,45,301,35,266,15.44943820224719,2.8089887640449436,12.640449438202248,84.5505617977528,9.831460674157304,74.71910112359551
E00002728,238,36,22,14,202,8,194,15.126050420168067,9.243697478991598,5.88235294117647,84.87394957983193,3.361344537815126,81.5126050420168
E00002729,371,42,16,26,329,12,317,11.320754716981133,4.31266846361186,7.008086253369273,88.67924528301887,3.234501347708895,85.44474393530997
E00002730,427,43,15,28,384,15,369,10.070257611241217,3.51288056206089,6.557377049180328,89.92974238875878,3.51288056206089,86.41686182669788
E00002731,496,47,22,25,449,17,432,9.475806451612904,4.435483870967742,5.040322580645161,90.5241935483871,3.4274193548387095,87.09677419354838
E00002732,444,46,26,20,398,13,385,10.36036036036036,5.8558558558558556,4.504504504504505,89.63963963963964,2.9279279279279278,86.71171171171171
E00002733,412,65,30,35,347,12,335,15.776699029126215,7.281553398058252,8.495145631067961,84.22330097087378,2.912621359223301,81.31067961165049
E00002734,344,57,29,28,287,16,271,16.569767441860463,8.430232558139535,8.13953488372093,83.43023255813954,4.651162790697675,78.77906976744185
E00002735,361,41,22,19,320,11,309,11.357340720221606,6.094182825484765,5.263157894736842,88.64265927977839,3.0470914127423825,85.59556786703601
E00002736,479,53,23,30,426,17,409,11.064718162839249,4.801670146137787,6.263048016701461,88.93528183716074,3.549060542797495,85.38622129436325
E00002737,394,38,16,22,356,21,335,9.644670050761421,4.060913705583756,5.583756345177665,90.35532994923858,5.32994923857868,85.0253807106599
E00002738,372,59,34,25,313,9,304,15.86021505376344,9.13978494623656,6.720430107526881,84.13978494623656,2.4193548387096775,81.72043010752688
E00002739,446,40,11,29,406,8,398,8.968609865470851,2.4663677130044843,6.502242152466367,91.03139013452915,1.7937219730941705,89.23766816143498
E00002740,430,55,33,22,375,22,353,12.790697674418606,7.674418604651163,5.116279069767442,87.20930232558139,5.116279069767442,82.09302325581396
E00002741,341,32,13,19,309,16,293,9.3841642228739,3.812316715542522,5.571847507331378,90.6158357771261,4.69208211143695,85.92375366568915
E00002742,349,54,18,36,295,12,283,15.472779369627506,5.157593123209169,10.315186246418339,84.5272206303725,3.4383954154727796,81.08882521489971
E00002743,348,33,13,20,315,9,306,9.482758620689655,3.7356321839080464,5.747126436781609,90.51724137931035,2.586206896551724,87.93103448275862
E00002744,407,64,30,34,343,19,324,15.724815724815725,7.371007371007371,8.353808353808354,84.27518427518427,4.668304668304668,79.60687960687962
E00002745,304,42,18,24,262,9,253,13.815789473684212,5.921052631578947,7.894736842105263,86.18421052631578,2.9605263157894735,83.22368421052632
E00002746,309,45,21,24,264,7,257,14.563106796116504,6.796116504854369,7.766990291262135,85.43689320388349,2.26537216828479,83.1715210355987
E00002748,477,78,46,32,399,21,378,16.352201257861633,9.643605870020965,6.7085953878406714,83.64779874213836,4.40251572327044,79.24528301886792
E00002750,343,36,14,22,307,12,295,10.495626822157435,4.081632653061225,6.41399416909621,89.50437317784257,3.498542274052478,86.0058309037901
E00002751,351,39,9,30,312,7,305,11.11111111111111,2.564102564102564,8.547008547008547,88.88888888888889,1.9943019943019942,86.8945868945869
E00002752,373,46,23,23,327,22,305,12.332439678284182,6.166219839142091,6.166219839142091,87.66756032171583,5.898123324396782,81.76943699731903
E00002753,359,43,15,28,316,17,299,11.977715877437326,4.178272980501393,7.7994428969359335,88.02228412256268,4.735376044568245,83.28690807799443
E00002754,350,42,13,29,308,21,287,12,3.7142857142857144,8.285714285714285,88,6,82
E00002755,390,47,16,31,343,14,329,12.051282051282051,4.102564102564102,7.948717948717948,87.94871794871794,3.5897435897435894,84.35897435897436
E00002756,384,30,19,11,354,21,333,7.8125,4.947916666666666,2.864583333333333,92.1875,5.46875,86.71875
E00002757,369,62,26,36,307,17,290,16.802168021680217,7.046070460704606,9.75609756097561,83.19783197831978,4.607046070460704,78.59078590785907
E00002758,391,37,10,27,354,16,338,9.462915601023019,2.557544757033248,6.905370843989769,90.53708439897699,4.092071611253197,86.44501278772378
E00002759,438,62,24,38,376,24,352,14.15525114155251,5.47945205479452,8.67579908675799,85.84474885844749,5.47945205479452,80.36529680365297
E00002760,362,41,19,22,321,15,306,11.32596685082873,5.248618784530387,6.077348066298343,88.67403314917127,4.143646408839778,84.5303867403315
E00002761,384,49,24,25,335,12,323,12.760416666666666,6.25,6.510416666666667,87.23958333333334,3.125,84.11458333333334
E00002762,444,39,12,27,405,18,387,8.783783783783784,2.7027027027027026,6.081081081081082,91.21621621621621,4.054054054054054,87.16216216216216
E00002763,384,27,9,18,357,13,344,7.03125,2.34375,4.6875,92.96875,3.3854166666666665,89.58333333333334
E00002764,471,56,23,33,415,12,403,11.8895966029724,4.8832271762208075,7.006369426751593,88.1104033970276,2.547770700636943,85.56263269639066
E00002765,364,33,16,17,331,13,318,9.065934065934066,4.395604395604396,4.670329670329671,90.93406593406593,3.571428571428571,87.36263736263736
E00002766,398,42,16,26,356,11,345,10.552763819095476,4.0201005025125625,6.532663316582915,89.44723618090453,2.763819095477387,86.68341708542714
E00002767,409,47,18,29,362,16,346,11.491442542787286,4.400977995110025,7.090464547677261,88.50855745721272,3.9119804400977993,84.59657701711491
E00002768,382,46,23,23,336,10,326,12.041884816753926,6.020942408376963,6.020942408376963,87.95811518324608,2.6178010471204187,85.34031413612566
E00002769,365,64,35,29,301,21,280,17.534246575342465,9.58904109589041,7.9452054794520555,82.46575342465754,5.7534246575342465,76.71232876712328
E00002770,422,29,14,15,393,16,377,6.872037914691943,3.3175355450236967,3.5545023696682465,93.12796208530806,3.7914691943127963,89.33649289099526
E00002771,374,46,24,22,328,15,313,12.299465240641712,6.417112299465241,5.88235294117647,87.70053475935828,4.0106951871657754,83.68983957219251
E00002772,323,23,10,13,300,13,287,7.120743034055728,3.0959752321981426,4.024767801857585,92.87925696594426,4.024767801857585,88.85448916408669
E00002773,382,28,13,15,354,13,341,7.329842931937172,3.4031413612565444,3.926701570680628,92.67015706806284,3.4031413612565444,89.26701570680629
E00002775,503,38,19,19,465,15,450,7.5546719681908545,3.7773359840954273,3.7773359840954273,92.44532803180915,2.982107355864811,89.46322067594433
E00002776,327,28,11,17,299,17,282,8.56269113149847,3.3639143730886847,5.198776758409786,91.43730886850153,5.198776758409786,86.23853211009175
E00002777,435,54,23,31,381,14,367,12.413793103448276,5.287356321839081,7.126436781609195,87.58620689655172,3.218390804597701,84.36781609195401
E00002778,362,37,15,22,325,16,309,10.220994475138122,4.143646408839778,6.077348066298343,89.77900552486187,4.41988950276243,85.35911602209944
E00002779,306,23,14,9,283,10,273,7.516339869281046,4.57516339869281,2.941176470588235,92.48366013071896,3.2679738562091507,89.2156862745098
E00002780,375,46,21,25,329,15,314,12.266666666666666,5.6000000000000005,6.666666666666667,87.73333333333333,4,83.73333333333333
E00002781,517,41,14,27,476,9,467,7.930367504835589,2.7079303675048356,5.222437137330754,92.06963249516441,1.7408123791102514,90.32882011605416
E00002783,447,59,21,38,388,18,370,13.19910514541387,4.697986577181208,8.501118568232663,86.80089485458613,4.026845637583892,82.77404921700223
E00002784,401,49,27,22,352,12,340,12.219451371571072,6.733167082294264,5.486284289276807,87.78054862842892,2.9925187032418954,84.78802992518703
E00002786,510,165,115,50,345,13,332,32.35294117647059,22.54901960784314,9.803921568627452,67.64705882352942,2.549019607843137,65.09803921568627
E00002787,179,40,20,20,139,11,128,22.3463687150838,11.1731843575419,11.1731843575419,77.6536312849162,6.145251396648044,71.50837988826815
E00002788,419,62,25,37,357,21,336,14.797136038186157,5.966587112171838,8.83054892601432,85.20286396181385,5.011933174224343,80.1909307875895
E00002789,285,45,18,27,240,15,225,15.789473684210526,6.315789473684211,9.473684210526317,84.21052631578947,5.263157894736842,78.94736842105263
E00002790,462,39,19,20,423,10,413,8.441558441558442,4.112554112554113,4.329004329004329,91.55844155844156,2.1645021645021645,89.39393939393939
E00002791,446,60,34,26,386,7,379,13.452914798206278,7.623318385650224,5.829596412556054,86.54708520179372,1.5695067264573992,84.97757847533633
E00002792,384,44,13,31,340,9,331,11.458333333333332,3.3854166666666665,8.072916666666668,88.54166666666666,2.34375,86.19791666666666
E00002793,383,47,19,28,336,21,315,12.27154046997389,4.960835509138381,7.310704960835509,87.72845953002611,5.483028720626632,82.24543080939948
E00002794,543,55,25,30,488,6,482,10.128913443830571,4.6040515653775325,5.524861878453039,89.87108655616943,1.1049723756906076,88.76611418047882
E00002795,453,95,38,57,358,24,334,20.97130242825607,8.388520971302428,12.582781456953644,79.02869757174393,5.298013245033113,73.73068432671081
E00002796,319,63,36,27,256,12,244,19.74921630094044,11.285266457680251,8.463949843260188,80.25078369905955,3.761755485893417,76.48902821316614
E00002797,392,33,20,13,359,10,349,8.418367346938775,5.1020408163265305,3.316326530612245,91.58163265306123,2.5510204081632653,89.03061224489795
E00002798,360,33,11,22,327,13,314,9.166666666666666,3.0555555555555554,6.111111111111111,90.83333333333333,3.6111111111111107,87.22222222222223
E00002799,366,28,15,13,338,17,321,7.650273224043716,4.098360655737705,3.551912568306011,92.34972677595628,4.644808743169399,87.70491803278688
E00002800,378,42,19,23,336,20,316,11.11111111111111,5.026455026455026,6.084656084656085,88.88888888888889,5.291005291005291,83.5978835978836
E00002801,411,37,9,28,374,8,366,9.002433090024331,2.18978102189781,6.81265206812652,90.99756690997567,1.9464720194647203,89.05109489051095
E00002802,442,36,14,22,406,13,393,8.144796380090497,3.167420814479638,4.97737556561086,91.8552036199095,2.941176470588235,88.91402714932126
E00002803,436,45,20,25,391,17,374,10.321100917431194,4.587155963302752,5.73394495412844,89.6788990825688,3.89908256880734,85.77981651376146
E00002804,386,47,22,25,339,15,324,12.176165803108809,5.699481865284974,6.476683937823833,87.8238341968912,3.8860103626943006,83.93782383419689
E00002805,582,29,8,21,553,13,540,4.982817869415808,1.3745704467353952,3.608247422680412,95.01718213058419,2.2336769759450172,92.78350515463917
E00002806,453,36,17,19,417,7,410,7.9470198675496695,3.7527593818984544,4.194260485651214,92.05298013245033,1.545253863134658,90.50772626931567
E00002807,402,48,22,26,354,21,333,11.940298507462686,5.472636815920398,6.467661691542288,88.05970149253731,5.223880597014925,82.83582089552239
E00002808,163,28,12,16,135,9,126,17.177914110429448,7.361963190184049,9.815950920245399,82.82208588957054,5.521472392638037,77.30061349693251
E00002809,335,32,14,18,303,15,288,9.55223880597015,4.179104477611941,5.3731343283582085,90.44776119402985,4.477611940298507,85.97014925373134
E00002810,213,31,17,14,182,15,167,14.553990610328638,7.981220657276995,6.572769953051644,85.44600938967136,7.042253521126761,78.40375586854461
E00002811,321,46,17,29,275,18,257,14.330218068535824,5.29595015576324,9.034267912772584,85.66978193146417,5.607476635514018,80.06230529595015
E00002812,327,42,12,30,285,11,274,12.844036697247708,3.669724770642202,9.174311926605505,87.1559633027523,3.3639143730886847,83.79204892966361
E00002813,267,36,13,23,231,11,220,13.48314606741573,4.868913857677903,8.614232209737828,86.51685393258427,4.119850187265917,82.39700374531836
E00002814,283,30,11,19,253,14,239,10.60070671378092,3.8869257950530036,6.713780918727916,89.39929328621908,4.946996466431095,84.45229681978799
E00002815,425,53,18,35,372,18,354,12.470588235294118,4.235294117647059,8.235294117647058,87.52941176470588,4.235294117647059,83.29411764705881
E00002816,354,37,13,24,317,22,295,10.451977401129943,3.672316384180791,6.779661016949152,89.54802259887006,6.214689265536723,83.33333333333334
E00002817,288,30,13,17,258,12,246,10.416666666666668,4.513888888888888,5.902777777777778,89.58333333333334,4.166666666666666,85.41666666666666
E00002818,314,42,18,24,272,17,255,13.375796178343949,5.7324840764331215,7.643312101910828,86.62420382165605,5.414012738853503,81.21019108280255
E00002819,353,51,21,30,302,13,289,14.44759206798867,5.94900849858357,8.498583569405099,85.55240793201133,3.6827195467422094,81.86968838526913
E00002821,326,53,22,31,273,21,252,16.257668711656443,6.748466257668712,9.509202453987731,83.74233128834356,6.441717791411043,77.30061349693251
E00002822,498,46,12,34,452,34,418,9.236947791164658,2.4096385542168677,6.827309236947792,90.76305220883533,6.827309236947792,83.93574297188755
E00002823,237,28,5,23,209,25,184,11.814345991561181,2.109704641350211,9.70464135021097,88.18565400843882,10.548523206751055,77.63713080168776
E00002824,564,68,26,42,496,34,462,12.056737588652481,4.609929078014184,7.446808510638298,87.94326241134752,6.028368794326241,81.91489361702128
E00002825,328,25,8,17,303,22,281,7.621951219512195,2.4390243902439024,5.182926829268292,92.3780487804878,6.707317073170732,85.67073170731707
E00002826,376,44,20,24,332,19,313,11.702127659574469,5.319148936170213,6.382978723404255,88.29787234042553,5.053191489361701,83.24468085106383
E00002827,243,39,13,26,204,15,189,16.049382716049383,5.349794238683128,10.699588477366255,83.9506172839506,6.172839506172839,77.77777777777779
E00002828,303,46,14,32,257,21,236,15.181518151815181,4.62046204620462,10.561056105610561,84.81848184818482,6.9306930693069315,77.88778877887789
E00002829,296,30,9,21,266,12,254,10.135135135135135,3.040540540540541,7.094594594594595,89.86486486486487,4.054054054054054,85.8108108108108
E00002830,309,39,12,27,270,17,253,12.62135922330097,3.8834951456310676,8.737864077669903,87.37864077669903,5.501618122977346,81.87702265372168
E00002831,403,45,13,32,358,19,339,11.166253101736972,3.225806451612903,7.94044665012407,88.83374689826302,4.714640198511166,84.11910669975185
E00002832,294,36,7,29,258,8,250,12.244897959183673,2.380952380952381,9.863945578231291,87.75510204081633,2.7210884353741496,85.03401360544217
E00002833,421,58,30,28,363,22,341,13.77672209026128,7.1258907363420425,6.65083135391924,86.22327790973871,5.225653206650831,80.9976247030879
E00002834,395,41,12,29,354,31,323,10.379746835443038,3.0379746835443036,7.341772151898734,89.62025316455696,7.848101265822785,81.77215189873418
E00002835,358,45,17,28,313,18,295,12.569832402234638,4.748603351955307,7.82122905027933,87.43016759776536,5.027932960893855,82.40223463687151
E00002836,268,32,8,24,236,19,217,11.940298507462686,2.9850746268656714,8.955223880597014,88.05970149253731,7.08955223880597,80.97014925373134
E00002837,315,40,17,23,275,11,264,12.698412698412698,5.396825396825397,7.301587301587302,87.3015873015873,3.492063492063492,83.80952380952381
E00002838,350,30,15,15,320,21,299,8.571428571428571,4.285714285714286,4.285714285714286,91.42857142857143,6,85.42857142857143
E00002839,357,32,14,18,325,21,304,8.96358543417367,3.9215686274509802,5.042016806722689,91.03641456582633,5.88235294117647,85.15406162464986
E00002840,483,57,23,34,426,26,400,11.801242236024844,4.761904761904762,7.039337474120083,88.19875776397515,5.383022774327122,82.81573498964804
E00002841,354,41,17,24,313,18,295,11.581920903954803,4.80225988700565,6.779661016949152,88.4180790960452,5.084745762711865,83.33333333333334
E00002842,314,30,14,16,284,21,263,9.554140127388536,4.45859872611465,5.095541401273886,90.44585987261146,6.687898089171974,83.7579617834395
E00002843,262,33,18,15,229,13,216,12.595419847328243,6.870229007633588,5.7251908396946565,87.40458015267176,4.961832061068702,82.44274809160305
E00002844,341,27,10,17,314,26,288,7.9178885630498534,2.932551319648094,4.9853372434017595,92.08211143695014,7.624633431085044,84.4574780058651
E00002845,333,24,6,18,309,18,291,7.207207207207207,1.8018018018018018,5.405405405405405,92.7927927927928,5.405405405405405,87.38738738738738
E00002846,445,34,18,16,411,22,389,7.640449438202247,4.044943820224719,3.5955056179775284,92.35955056179776,4.943820224719101,87.41573033707866
E00002847,394,38,12,26,356,13,343,9.644670050761421,3.0456852791878175,6.598984771573605,90.35532994923858,3.2994923857868024,87.05583756345177
E00002848,324,28,12,16,296,14,282,8.641975308641975,3.7037037037037033,4.938271604938271,91.35802469135803,4.320987654320987,87.03703703703704
E00002849,589,44,18,26,545,15,530,7.470288624787775,3.0560271646859083,4.4142614601018675,92.52971137521222,2.5466893039049237,89.9830220713073
E00002851,438,46,17,29,392,20,372,10.50228310502283,3.881278538812785,6.621004566210045,89.49771689497716,4.5662100456621,84.93150684931507
E00002852,372,58,29,29,314,21,293,15.591397849462366,7.795698924731183,7.795698924731183,84.40860215053763,5.64516129032258,78.76344086021506
E00002854,418,63,30,33,355,15,340,15.07177033492823,7.177033492822966,7.894736842105263,84.92822966507177,3.588516746411483,81.3397129186603
E00002855,421,34,18,16,387,6,381,8.076009501187649,4.275534441805226,3.800475059382423,91.92399049881234,1.4251781472684086,90.49881235154395
E00002856,404,37,11,26,367,12,355,9.158415841584159,2.722772277227723,6.435643564356436,90.84158415841584,2.9702970297029703,87.87128712871286
E00002857,337,38,18,20,299,11,288,11.275964391691394,5.341246290801187,5.934718100890208,88.72403560830861,3.2640949554896146,85.45994065281899
E00002858,401,35,15,20,366,6,360,8.728179551122196,3.7406483790523692,4.987531172069826,91.2718204488778,1.4962593516209477,89.77556109725685
E00002859,495,43,25,18,452,15,437,8.686868686868687,5.05050505050505,3.6363636363636362,91.31313131313131,3.0303030303030303,88.28282828282829
E00002861,513,40,15,25,473,18,455,7.797270955165692,2.923976608187134,4.8732943469785575,92.20272904483431,3.508771929824561,88.69395711500975
E00002862,435,47,23,24,388,7,381,10.804597701149426,5.287356321839081,5.517241379310345,89.19540229885058,1.6091954022988506,87.58620689655172
E00002863,438,26,7,19,412,12,400,5.93607305936073,1.5981735159817352,4.337899543378995,94.06392694063926,2.73972602739726,91.32420091324201
E00002864,422,38,20,18,384,23,361,9.004739336492891,4.739336492890995,4.265402843601896,90.99526066350711,5.450236966824645,85.54502369668246
E00002865,430,36,11,25,394,14,380,8.372093023255815,2.558139534883721,5.813953488372093,91.62790697674419,3.255813953488372,88.37209302325581
E00002866,543,90,51,39,453,22,431,16.574585635359114,9.392265193370166,7.18232044198895,83.42541436464089,4.051565377532229,79.37384898710866
E00002867,363,37,18,19,326,8,318,10.192837465564738,4.958677685950414,5.234159779614325,89.80716253443526,2.203856749311295,87.60330578512396
E00002868,407,40,16,24,367,12,355,9.828009828009828,3.9312039312039313,5.896805896805897,90.17199017199017,2.9484029484029484,87.22358722358723
E00002869,503,45,21,24,458,17,441,8.946322067594433,4.174950298210735,4.7713717693836974,91.05367793240556,3.3797216699801194,87.67395626242545
E00002870,441,64,33,31,377,21,356,14.512471655328799,7.482993197278912,7.029478458049887,85.4875283446712,4.761904761904762,80.72562358276643
E00002871,461,37,21,16,424,19,405,8.026030368763557,4.55531453362256,3.470715835140998,91.97396963123644,4.121475054229935,87.85249457700651
E00002872,389,52,15,37,337,10,327,13.367609254498714,3.8560411311053984,9.511568123393316,86.63239074550128,2.570694087403599,84.06169665809769
E00002873,411,50,18,32,361,14,347,12.165450121654501,4.37956204379562,7.785888077858881,87.8345498783455,3.40632603406326,84.42822384428223
E00002874,451,58,22,36,393,17,376,12.86031042128603,4.878048780487805,7.982261640798225,87.13968957871397,3.7694013303769403,83.37028824833703
E00002875,429,44,15,29,385,18,367,10.256410256410255,3.4965034965034967,6.75990675990676,89.74358974358975,4.195804195804196,85.54778554778555
E00002876,448,31,11,20,417,11,406,6.919642857142858,2.455357142857143,4.464285714285714,93.08035714285714,2.455357142857143,90.625
E00002877,257,30,9,21,227,16,211,11.673151750972762,3.501945525291829,8.171206225680933,88.32684824902724,6.22568093385214,82.10116731517509
E00002878,358,29,11,18,329,7,322,8.100558659217876,3.072625698324022,5.027932960893855,91.89944134078212,1.9553072625698324,89.94413407821229
E00002880,442,33,13,20,409,16,393,7.46606334841629,2.941176470588235,4.524886877828054,92.53393665158372,3.619909502262444,88.91402714932126
E00002881,326,40,19,21,286,12,274,12.269938650306749,5.828220858895705,6.441717791411043,87.73006134969326,3.6809815950920246,84.04907975460122
E00002882,378,34,14,20,344,9,335,8.994708994708994,3.7037037037037033,5.291005291005291,91.005291005291,2.380952380952381,88.62433862433863
E00002886,421,61,26,35,360,21,339,14.489311163895488,6.175771971496437,8.31353919239905,85.5106888361045,4.98812351543943,80.52256532066508
E00002887,392,58,32,26,334,14,320,14.795918367346939,8.16326530612245,6.63265306122449,85.20408163265306,3.571428571428571,81.63265306122449
E00002888,309,41,22,19,268,13,255,13.268608414239482,7.119741100323624,6.148867313915858,86.73139158576052,4.207119741100324,82.52427184466019
E00002891,506,53,34,19,453,9,444,10.474308300395258,6.719367588932807,3.7549407114624502,89.52569169960475,1.7786561264822136,87.74703557312253
E00002892,622,89,43,46,533,10,523,14.308681672025724,6.913183279742766,7.395498392282958,85.69131832797427,1.607717041800643,84.08360128617363
E00002893,372,53,19,34,319,20,299,14.24731182795699,5.10752688172043,9.13978494623656,85.75268817204301,5.376344086021505,80.3763440860215
E00002894,404,68,28,40,336,8,328,16.831683168316832,6.9306930693069315,9.900990099009901,83.16831683168317,1.9801980198019802,81.1881188118812
E00002897,391,69,33,36,322,13,309,17.647058823529413,8.439897698209718,9.207161125319693,82.35294117647058,3.324808184143223,79.02813299232737
E00002898,341,58,33,25,283,15,268,17.008797653958943,9.67741935483871,7.331378299120235,82.99120234604106,4.398826979472141,78.59237536656892
E00002899,185,46,28,18,139,10,129,24.864864864864867,15.135135135135137,9.72972972972973,75.13513513513513,5.405405405405405,69.72972972972973
E00002900,349,65,33,32,284,5,279,18.624641833810887,9.455587392550143,9.169054441260744,81.37535816618912,1.4326647564469914,79.94269340974212
E00002901,324,64,30,34,260,8,252,19.753086419753085,9.25925925925926,10.493827160493826,80.24691358024691,2.4691358024691357,77.77777777777779
E00002902,350,41,23,18,309,13,296,11.714285714285715,6.571428571428571,5.142857142857142,88.28571428571429,3.7142857142857144,84.57142857142857
E00002903,299,49,21,28,250,8,242,16.387959866220736,7.023411371237458,9.364548494983277,83.61204013377926,2.6755852842809364,80.93645484949833
E00002904,339,50,18,32,289,18,271,14.749262536873156,5.3097345132743365,9.43952802359882,85.25073746312685,5.3097345132743365,79.9410029498525
E00002905,269,45,22,23,224,21,203,16.728624535315987,8.178438661710038,8.550185873605948,83.27137546468401,7.806691449814126,75.46468401486989
E00002906,373,72,29,43,301,16,285,19.302949061662197,7.774798927613941,11.528150134048257,80.6970509383378,4.289544235924933,76.40750670241286
E00002907,527,97,50,47,430,17,413,18.40607210626186,9.487666034155598,8.918406072106261,81.59392789373814,3.225806451612903,78.36812144212524
E00002908,378,62,28,34,316,14,302,16.402116402116402,7.4074074074074066,8.994708994708994,83.5978835978836,3.7037037037037033,79.8941798941799
E00002909,441,66,37,29,375,10,365,14.965986394557824,8.390022675736962,6.575963718820861,85.03401360544217,2.2675736961451247,82.76643990929705
E00002910,277,37,13,24,240,6,234,13.357400722021662,4.693140794223827,8.664259927797833,86.64259927797833,2.166064981949458,84.47653429602889
E00002911,296,55,25,30,241,19,222,18.58108108108108,8.445945945945946,10.135135135135135,81.41891891891892,6.418918918918918,75
E00002912,418,76,31,45,342,14,328,18.181818181818183,7.4162679425837315,10.76555023923445,81.81818181818183,3.349282296650718,78.4688995215311
E00002913,471,83,52,31,388,18,370,17.62208067940552,11.040339702760086,6.581740976645436,82.37791932059449,3.821656050955414,78.55626326963908
E00002914,406,58,23,35,348,15,333,14.285714285714285,5.665024630541872,8.620689655172415,85.71428571428571,3.6945812807881775,82.01970443349754
E00002915,445,65,31,34,380,14,366,14.606741573033707,6.96629213483146,7.640449438202247,85.39325842696628,3.146067415730337,82.24719101123596
E00002916,308,58,29,29,250,6,244,18.83116883116883,9.415584415584416,9.415584415584416,81.16883116883116,1.948051948051948,79.22077922077922
E00002917,497,77,45,32,420,12,408,15.492957746478872,9.054325955734406,6.438631790744467,84.50704225352112,2.414486921529175,82.09255533199196
E00002918,350,62,24,38,288,10,278,17.71428571428571,6.857142857142858,10.857142857142858,82.28571428571428,2.857142857142857,79.42857142857143
E00002919,460,68,33,35,392,19,373,14.782608695652174,7.173913043478261,7.608695652173914,85.21739130434783,4.130434782608695,81.08695652173913
E00002920,375,77,55,22,298,17,281,20.533333333333335,14.666666666666666,5.866666666666666,79.46666666666667,4.533333333333333,74.93333333333332
E00002921,339,52,32,20,287,10,277,15.339233038348082,9.43952802359882,5.899705014749262,84.66076696165192,2.949852507374631,81.71091445427729
E00002922,272,42,20,22,230,11,219,15.441176470588236,7.352941176470589,8.088235294117647,84.55882352941177,4.044117647058823,80.51470588235294
E00002923,476,53,30,23,423,10,413,11.134453781512606,6.302521008403361,4.831932773109244,88.8655462184874,2.100840336134454,86.76470588235294
E00002924,513,85,36,49,428,17,411,16.569200779727094,7.017543859649122,9.551656920077972,83.4307992202729,3.313840155945419,80.11695906432749
E00002925,397,63,34,29,334,10,324,15.869017632241814,8.564231738035264,7.304785894206549,84.1309823677582,2.518891687657431,81.61209068010076
E00002926,315,34,17,17,281,5,276,10.793650793650794,5.396825396825397,5.396825396825397,89.20634920634922,1.5873015873015872,87.61904761904762
E00002928,385,55,25,30,330,25,305,14.285714285714285,6.493506493506493,7.792207792207792,85.71428571428571,6.493506493506493,79.22077922077922
E00002929,307,46,26,20,261,6,255,14.983713355048861,8.469055374592834,6.514657980456026,85.01628664495115,1.9543973941368076,83.06188925081433
E00002930,596,61,33,28,535,7,528,10.234899328859061,5.5369127516778525,4.697986577181208,89.76510067114094,1.174496644295302,88.59060402684564
E00002931,320,31,13,18,289,10,279,9.6875,4.0625,5.625,90.3125,3.125,87.1875
E00002932,351,45,24,21,306,16,290,12.82051282051282,6.837606837606838,5.982905982905983,87.17948717948718,4.5584045584045585,82.62108262108262
E00002933,549,64,34,30,485,6,479,11.657559198542804,6.193078324225866,5.46448087431694,88.34244080145719,1.092896174863388,87.24954462659382
E00002935,463,51,16,35,412,9,403,11.01511879049676,3.455723542116631,7.559395248380129,88.98488120950324,1.9438444924406046,87.04103671706264
E00002936,375,51,28,23,324,12,312,13.600000000000001,7.466666666666668,6.133333333333333,86.4,3.2,83.2
E00002937,492,54,20,34,438,17,421,10.975609756097562,4.0650406504065035,6.910569105691057,89.02439024390245,3.4552845528455287,85.56910569105692
E00002938,342,29,9,20,313,10,303,8.47953216374269,2.631578947368421,5.847953216374268,91.52046783625731,2.923976608187134,88.59649122807018
E00002939,401,57,27,30,344,10,334,14.214463840399002,6.733167082294264,7.4812967581047385,85.785536159601,2.493765586034913,83.29177057356608
E00002940,491,43,18,25,448,26,422,8.757637474541752,3.6659877800407332,5.091649694501019,91.24236252545825,5.295315682281059,85.94704684317719
E00002941,511,67,33,34,444,14,430,13.111545988258316,6.457925636007827,6.653620352250488,86.88845401174167,2.73972602739726,84.14872798434442
E00002942,422,31,14,17,391,16,375,7.345971563981042,3.3175355450236967,4.028436018957346,92.65402843601895,3.7914691943127963,88.86255924170617
E00002943,416,110,75,35,306,19,287,26.442307692307693,18.028846153846153,8.413461538461538,73.5576923076923,4.567307692307692,68.99038461538461
E00002944,509,34,11,23,475,25,450,6.679764243614931,2.161100196463654,4.518664047151278,93.32023575638507,4.911591355599214,88.40864440078585
E00002945,381,31,15,16,350,12,338,8.136482939632545,3.937007874015748,4.199475065616798,91.86351706036746,3.149606299212598,88.71391076115486
E00002946,532,36,13,23,496,13,483,6.7669172932330826,2.443609022556391,4.323308270676692,93.23308270676691,2.443609022556391,90.78947368421053
E00002947,530,52,21,31,478,16,462,9.811320754716983,3.9622641509433962,5.849056603773585,90.18867924528303,3.018867924528302,87.16981132075472
E00002948,368,46,23,23,322,10,312,12.5,6.25,6.25,87.5,2.717391304347826,84.78260869565217
E00002949,486,59,33,26,427,10,417,12.139917695473251,6.790123456790123,5.349794238683128,87.86008230452676,2.05761316872428,85.80246913580247
E00002950,382,63,35,28,319,12,307,16.49214659685864,9.162303664921465,7.329842931937172,83.50785340314137,3.1413612565445024,80.36649214659685
E00002951,608,92,40,52,516,17,499,15.131578947368421,6.578947368421052,8.552631578947368,84.86842105263158,2.7960526315789473,82.07236842105263
E00002953,222,15,2,13,207,5,202,6.756756756756757,0.9009009009009009,5.8558558558558556,93.24324324324324,2.2522522522522523,90.990990990991
E00002954,253,23,9,14,230,9,221,9.090909090909092,3.557312252964427,5.533596837944664,90.9090909090909,3.557312252964427,87.35177865612648
E00002955,409,46,22,24,363,16,347,11.246943765281173,5.378973105134474,5.8679706601467,88.75305623471883,3.9119804400977993,84.84107579462102
E00002956,350,41,24,17,309,11,298,11.714285714285715,6.857142857142858,4.857142857142857,88.28571428571429,3.1428571428571432,85.14285714285714
E00002957,261,18,6,12,243,10,233,6.896551724137931,2.2988505747126435,4.597701149425287,93.10344827586206,3.8314176245210727,89.272030651341
E00002958,403,44,17,27,359,22,337,10.918114143920596,4.218362282878412,6.699751861042183,89.0818858560794,5.459057071960298,83.62282878411911
E00002959,453,48,21,27,405,12,393,10.596026490066226,4.635761589403973,5.960264900662252,89.40397350993378,2.6490066225165565,86.75496688741721
E00002960,452,54,24,30,398,14,384,11.946902654867257,5.3097345132743365,6.637168141592921,88.05309734513274,3.0973451327433628,84.95575221238938
E00002961,342,44,21,23,298,19,279,12.865497076023392,6.140350877192982,6.725146198830409,87.13450292397661,5.555555555555555,81.57894736842105
E00002962,389,42,18,24,347,20,327,10.796915167095115,4.627249357326478,6.169665809768637,89.20308483290489,5.141388174807198,84.06169665809769
E00002963,358,44,17,27,314,13,301,12.290502793296088,4.748603351955307,7.5418994413407825,87.70949720670392,3.6312849162011176,84.07821229050279
E00002964,343,35,18,17,308,11,297,10.204081632653061,5.247813411078718,4.956268221574344,89.79591836734694,3.206997084548105,86.58892128279884
E00002965,401,41,25,16,360,25,335,10.224438902743142,6.234413965087282,3.99002493765586,89.77556109725685,6.234413965087282,83.54114713216958
E00002966,397,44,20,24,353,17,336,11.083123425692696,5.037783375314862,6.045340050377834,88.9168765743073,4.282115869017632,84.63476070528966
E00002967,573,41,21,20,532,15,517,7.155322862129145,3.664921465968586,3.4904013961605584,92.84467713787086,2.6178010471204187,90.22687609075044
E00002969,289,42,24,18,247,11,236,14.53287197231834,8.304498269896193,6.228373702422145,85.46712802768167,3.8062283737024223,81.66089965397923
E00002970,398,37,12,25,361,8,353,9.296482412060302,3.015075376884422,6.281407035175879,90.7035175879397,2.0100502512562812,88.69346733668341
E00002971,622,56,22,34,566,10,556,9.003215434083602,3.536977491961415,5.466237942122187,90.9967845659164,1.607717041800643,89.38906752411575
E00002972,466,46,20,26,420,14,406,9.871244635193133,4.291845493562231,5.579399141630901,90.12875536480686,3.004291845493562,87.1244635193133
E00002973,314,41,16,25,273,7,266,13.05732484076433,5.095541401273886,7.961783439490445,86.94267515923568,2.229299363057325,84.71337579617835
E00002974,381,40,14,26,341,16,325,10.498687664041995,3.674540682414698,6.824146981627297,89.501312335958,4.199475065616798,85.30183727034121
E00002976,558,53,21,32,505,17,488,9.498207885304659,3.763440860215054,5.734767025089606,90.50179211469535,3.046594982078853,87.45519713261649
E00002980,378,38,17,21,340,14,326,10.052910052910052,4.497354497354497,5.555555555555555,89.94708994708994,3.7037037037037033,86.24338624338624
E00002981,413,42,21,21,371,16,355,10.16949152542373,5.084745762711865,5.084745762711865,89.83050847457628,3.87409200968523,85.95641646489103
E00002983,483,38,16,22,445,14,431,7.867494824016563,3.3126293995859215,4.554865424430641,92.13250517598344,2.898550724637681,89.23395445134575
E00002984,516,44,20,24,472,9,463,8.527131782945736,3.875968992248062,4.651162790697675,91.47286821705426,1.744186046511628,89.72868217054264
E00002985,516,71,35,36,445,16,429,13.75968992248062,6.782945736434108,6.976744186046512,86.24031007751938,3.10077519379845,83.13953488372093
E00002986,528,63,18,45,465,16,449,11.931818181818182,3.4090909090909087,8.522727272727272,88.06818181818183,3.0303030303030303,85.03787878787878
E00002987,350,36,18,18,314,4,310,10.285714285714285,5.142857142857142,5.142857142857142,89.71428571428571,1.1428571428571428,88.57142857142857
E00002988,376,32,21,11,344,13,331,8.51063829787234,5.585106382978723,2.925531914893617,91.48936170212765,3.4574468085106385,88.03191489361703
E00002989,446,42,22,20,404,13,391,9.417040358744394,4.932735426008969,4.484304932735426,90.5829596412556,2.914798206278027,87.66816143497758
E00002990,364,48,24,24,316,16,300,13.186813186813188,6.593406593406594,6.593406593406594,86.81318681318682,4.395604395604396,82.41758241758241
E00002991,465,58,33,25,407,19,388,12.473118279569892,7.096774193548387,5.376344086021505,87.52688172043011,4.086021505376344,83.44086021505376
E00002992,587,113,87,26,474,12,462,19.250425894378196,14.821124361158432,4.429301533219761,80.7495741056218,2.0442930153321974,78.7052810902896
E00002993,457,33,13,20,424,12,412,7.2210065645514225,2.8446389496717726,4.3763676148796495,92.77899343544857,2.62582056892779,90.15317286652079
E00002994,447,57,26,31,390,18,372,12.751677852348994,5.8165548098434,6.935123042505594,87.24832214765101,4.026845637583892,83.22147651006712
E00002995,404,44,21,23,360,15,345,10.891089108910892,5.198019801980198,5.693069306930694,89.10891089108911,3.7128712871287126,85.39603960396039
E00002996,431,37,17,20,394,15,379,8.584686774941995,3.944315545243619,4.640371229698376,91.415313225058,3.480278422273782,87.93503480278422
E00002997,519,58,27,31,461,14,447,11.175337186897881,5.202312138728324,5.973025048169557,88.82466281310212,2.697495183044316,86.1271676300578
E00002998,457,38,15,23,419,12,407,8.315098468271334,3.282275711159737,5.032822757111598,91.68490153172867,2.62582056892779,89.05908096280088
E00002999,396,23,12,11,373,10,363,5.808080808080808,3.0303030303030303,2.7777777777777777,94.1919191919192,2.525252525252525,91.66666666666666
E00003000,495,26,13,13,469,15,454,5.252525252525253,2.6262626262626263,2.6262626262626263,94.74747474747474,3.0303030303030303,91.71717171717172
E00003001,493,44,18,26,449,25,424,8.924949290060852,3.6511156186612577,5.273833671399594,91.07505070993915,5.070993914807302,86.00405679513185
E00003002,290,40,19,21,250,13,237,13.793103448275861,6.551724137931035,7.241379310344828,86.20689655172413,4.482758620689655,81.72413793103448
E00003003,435,38,25,13,397,19,378,8.735632183908045,5.747126436781609,2.9885057471264367,91.26436781609195,4.3678160919540225,86.89655172413792
E00003004,317,34,14,20,283,23,260,10.725552050473187,4.416403785488959,6.309148264984227,89.27444794952682,7.255520504731862,82.01892744479495
E00003005,341,60,20,40,281,21,260,17.595307917888565,5.865102639296188,11.730205278592376,82.40469208211144,6.158357771260997,76.24633431085044
E00003006,479,34,14,20,445,23,422,7.09812108559499,2.9227557411273484,4.175365344467641,92.90187891440502,4.801670146137787,88.10020876826722
E00003007,498,67,25,42,431,17,414,13.453815261044177,5.020080321285141,8.433734939759036,86.54618473895582,3.413654618473896,83.13253012048193
E00003008,496,41,20,21,455,15,440,8.266129032258064,4.032258064516129,4.233870967741935,91.73387096774194,3.024193548387097,88.70967741935483
E00003009,469,49,17,32,420,11,409,10.44776119402985,3.624733475479744,6.823027718550106,89.55223880597015,2.345415778251599,87.20682302771856
E00003010,283,33,16,17,250,10,240,11.66077738515901,5.6537102473498235,6.007067137809187,88.33922261484098,3.53356890459364,84.80565371024736
E00003011,241,52,22,30,189,11,178,21.57676348547718,9.12863070539419,12.448132780082988,78.42323651452283,4.564315352697095,73.85892116182573
E00003012,342,47,20,27,295,8,287,13.742690058479532,5.847953216374268,7.894736842105263,86.25730994152046,2.3391812865497075,83.91812865497076
E00003013,352,47,22,25,305,12,293,13.352272727272727,6.25,7.1022727272727275,86.64772727272727,3.4090909090909087,83.23863636363636
E00003014,454,60,31,29,394,12,382,13.215859030837004,6.828193832599119,6.387665198237885,86.78414096916299,2.643171806167401,84.14096916299559
E00003015,301,19,9,10,282,4,278,6.312292358803987,2.990033222591362,3.322259136212625,93.68770764119601,1.3289036544850499,92.35880398671097
E00003016,256,34,15,19,222,6,216,13.28125,5.859375,7.421875,86.71875,2.34375,84.375
E00003017,484,43,16,27,441,10,431,8.884297520661157,3.3057851239669422,5.578512396694215,91.11570247933885,2.066115702479339,89.0495867768595
E00003018,445,35,16,19,410,18,392,7.865168539325842,3.5955056179775284,4.269662921348314,92.13483146067416,4.044943820224719,88.08988764044943
E00003019,305,43,21,22,262,13,249,14.098360655737704,6.885245901639345,7.213114754098362,85.90163934426229,4.2622950819672125,81.63934426229508
E00003020,268,63,34,29,205,10,195,23.507462686567166,12.686567164179104,10.820895522388058,76.49253731343283,3.731343283582089,72.76119402985076
E00003021,304,31,14,17,273,7,266,10.197368421052632,4.605263157894736,5.592105263157895,89.80263157894737,2.302631578947368,87.5
E00003022,363,62,29,33,301,7,294,17.079889807162534,7.988980716253444,9.090909090909092,82.92011019283747,1.9283746556473829,80.99173553719008
E00003023,362,48,25,23,314,10,304,13.259668508287293,6.906077348066299,6.353591160220995,86.74033149171271,2.7624309392265194,83.97790055248619
E00003024,350,69,30,39,281,17,264,19.714285714285715,8.571428571428571,11.142857142857142,80.28571428571428,4.857142857142857,75.42857142857143
E00003025,436,37,16,21,399,14,385,8.486238532110093,3.669724770642202,4.81651376146789,91.5137614678899,3.211009174311927,88.30275229357798
E00003026,309,47,26,21,262,10,252,15.210355987055015,8.414239482200648,6.796116504854369,84.78964401294499,3.2362459546925564,81.55339805825243
E00003027,473,44,26,18,429,9,420,9.30232558139535,5.496828752642706,3.8054968287526427,90.69767441860465,1.9027484143763214,88.79492600422833
E00003028,412,28,13,15,384,20,364,6.796116504854369,3.1553398058252426,3.640776699029126,93.20388349514563,4.854368932038835,88.3495145631068
E00003029,315,35,17,18,280,8,272,11.11111111111111,5.396825396825397,5.714285714285714,88.88888888888889,2.5396825396825395,86.34920634920636
E00003030,427,49,25,24,378,15,363,11.475409836065573,5.85480093676815,5.620608899297424,88.52459016393442,3.51288056206089,85.01170960187353
E00003031,339,41,15,26,298,10,288,12.094395280235988,4.424778761061947,7.669616519174041,87.90560471976401,2.949852507374631,84.95575221238938
E00003032,378,67,45,22,311,6,305,17.724867724867725,11.904761904761903,5.82010582010582,82.27513227513228,1.5873015873015872,80.68783068783068
E00003033,326,53,25,28,273,6,267,16.257668711656443,7.668711656441718,8.588957055214724,83.74233128834356,1.8404907975460123,81.90184049079755
E00003034,370,44,18,26,326,15,311,11.891891891891893,4.864864864864865,7.027027027027027,88.10810810810811,4.054054054054054,84.05405405405405
E00003035,397,50,25,25,347,14,333,12.594458438287154,6.297229219143577,6.297229219143577,87.40554156171285,3.5264483627204033,83.87909319899244
E00003036,388,25,9,16,363,18,345,6.443298969072164,2.3195876288659796,4.123711340206185,93.55670103092784,4.639175257731959,88.91752577319588
E00003037,330,19,8,11,311,11,300,5.757575757575758,2.4242424242424243,3.3333333333333335,94.24242424242424,3.3333333333333335,90.9090909090909
E00003038,301,38,22,16,263,21,242,12.624584717607974,7.308970099667775,5.3156146179401995,87.37541528239203,6.976744186046512,80.39867109634552
E00003039,492,64,27,37,428,12,416,13.008130081300814,5.487804878048781,7.520325203252034,86.99186991869918,2.4390243902439024,84.5528455284553
E00003041,540,48,23,25,492,6,486,8.88888888888889,4.2592592592592595,4.62962962962963,91.11111111111111,1.1111111111111112,90
E00003042,591,68,23,45,523,10,513,11.505922165820643,3.8917089678511,7.614213197969544,88.49407783417935,1.6920473773265652,86.80203045685279
E00003043,437,38,14,24,399,18,381,8.695652173913043,3.203661327231121,5.491990846681922,91.30434782608695,4.118993135011442,87.18535469107552
E00003046,545,72,39,33,473,18,455,13.211009174311927,7.155963302752294,6.055045871559633,86.78899082568807,3.302752293577982,83.4862385321101
E00003047,528,39,18,21,489,10,479,7.386363636363637,3.4090909090909087,3.977272727272727,92.61363636363636,1.893939393939394,90.71969696969697
E00003048,559,56,31,25,503,12,491,10.01788908765653,5.545617173524151,4.47227191413238,89.98211091234347,2.146690518783542,87.83542039355993
E00003050,512,44,25,19,468,9,459,8.59375,4.8828125,3.7109375,91.40625,1.7578125,89.6484375
E00003051,616,58,26,32,558,20,538,9.415584415584416,4.220779220779221,5.194805194805195,90.5844155844156,3.2467532467532463,87.33766233766234
E00003052,569,60,28,32,509,19,490,10.54481546572935,4.92091388400703,5.623901581722319,89.45518453427064,3.3391915641476277,86.11599297012302
E00003053,535,46,18,28,489,18,471,8.598130841121495,3.364485981308411,5.233644859813085,91.4018691588785,3.364485981308411,88.03738317757009
E00003054,484,54,23,31,430,20,410,11.15702479338843,4.75206611570248,6.40495867768595,88.84297520661157,4.132231404958678,84.71074380165288
E00003056,567,67,21,46,500,15,485,11.816578483245149,3.7037037037037033,8.112874779541446,88.18342151675485,2.6455026455026456,85.5379188712522
E00003057,496,55,31,24,441,11,430,11.088709677419354,6.25,4.838709677419355,88.91129032258065,2.217741935483871,86.69354838709677
E00003058,566,47,19,28,519,12,507,8.303886925795052,3.356890459363958,4.946996466431095,91.69611307420494,2.1201413427561837,89.57597173144876
E00003061,605,60,28,32,545,15,530,9.917355371900827,4.628099173553719,5.289256198347108,90.08264462809917,2.479338842975207,87.60330578512396
E00003062,601,47,22,25,554,15,539,7.820299500831947,3.6605657237936775,4.159733777038269,92.17970049916805,2.4958402662229617,89.6838602329451
E00003063,462,39,17,22,423,14,409,8.441558441558442,3.67965367965368,4.761904761904762,91.55844155844156,3.0303030303030303,88.52813852813853
E00003064,443,48,20,28,395,19,376,10.835214446952596,4.514672686230249,6.320541760722348,89.1647855530474,4.288939051918736,84.87584650112868
E00003065,489,32,16,16,457,14,443,6.5439672801636,3.2719836400818,3.2719836400818,93.4560327198364,2.8629856850715747,90.59304703476482
E00003068,438,47,28,19,391,13,378,10.730593607305936,6.392694063926941,4.337899543378995,89.26940639269407,2.968036529680365,86.3013698630137
E00003069,297,71,37,34,226,7,219,23.905723905723907,12.457912457912458,11.447811447811448,76.0942760942761,2.356902356902357,73.73737373737373
E00003070,442,100,58,42,342,12,330,22.624434389140273,13.122171945701359,9.502262443438914,77.37556561085974,2.7149321266968327,74.6606334841629
E00003071,459,39,19,20,420,17,403,8.49673202614379,4.139433551198257,4.357298474945534,91.50326797385621,3.7037037037037033,87.7995642701525
E00003072,358,42,21,21,316,12,304,11.731843575418994,5.865921787709497,5.865921787709497,88.26815642458101,3.35195530726257,84.91620111731844
E00003073,293,50,21,29,243,11,232,17.064846416382252,7.167235494880546,9.897610921501707,82.93515358361775,3.754266211604096,79.18088737201366
E00003075,340,41,16,25,299,12,287,12.058823529411764,4.705882352941177,7.352941176470589,87.94117647058823,3.5294117647058822,84.41176470588235
E00003076,445,107,54,53,338,12,326,24.044943820224717,12.134831460674157,11.910112359550562,75.95505617977528,2.696629213483146,73.25842696629213
E00003077,423,58,24,34,365,21,344,13.711583924349883,5.673758865248227,8.037825059101655,86.28841607565012,4.964539007092199,81.32387706855792
E00003078,558,89,37,52,469,23,446,15.949820788530467,6.630824372759856,9.31899641577061,84.05017921146953,4.121863799283155,79.92831541218638
E00003079,338,52,28,24,286,8,278,15.384615384615385,8.284023668639055,7.100591715976331,84.61538461538461,2.366863905325444,82.24852071005917
E00003080,327,36,14,22,291,12,279,11.009174311926607,4.281345565749235,6.727828746177369,88.9908256880734,3.669724770642202,85.3211009174312
E00003081,443,70,25,45,373,24,349,15.80135440180587,5.643340857787811,10.15801354401806,84.19864559819413,5.417607223476298,78.78103837471784
E00003082,338,38,13,25,300,16,284,11.242603550295858,3.8461538461538463,7.396449704142012,88.75739644970415,4.733727810650888,84.02366863905326
E00003083,269,31,14,17,238,11,227,11.524163568773234,5.204460966542751,6.319702602230483,88.47583643122677,4.089219330855019,84.38661710037175
E00003084,343,41,22,19,302,18,284,11.9533527696793,6.41399416909621,5.539358600583091,88.0466472303207,5.247813411078718,82.79883381924198
E00003085,390,63,28,35,327,15,312,16.153846153846153,7.179487179487179,8.974358974358974,83.84615384615385,3.8461538461538463,80
E00003086,306,54,29,25,252,15,237,17.647058823529413,9.477124183006536,8.169934640522875,82.35294117647058,4.901960784313726,77.45098039215686
E00003087,316,46,21,25,270,16,254,14.556962025316455,6.6455696202531636,7.9113924050632916,85.44303797468355,5.063291139240507,80.37974683544303
E00003088,395,44,22,22,351,21,330,11.139240506329113,5.5696202531645564,5.5696202531645564,88.86075949367088,5.3164556962025316,83.54430379746836
E00003089,302,32,13,19,270,14,256,10.596026490066226,4.304635761589404,6.291390728476822,89.40397350993378,4.635761589403973,84.76821192052981
E00003090,553,62,28,34,491,35,456,11.211573236889691,5.063291139240507,6.148282097649186,88.78842676311031,6.329113924050633,82.45931283905968
E00003091,350,49,21,28,301,3,298,14.000000000000002,6,8,86,0.8571428571428572,85.14285714285714
E00003092,308,25,12,13,283,17,266,8.116883116883116,3.896103896103896,4.220779220779221,91.88311688311688,5.51948051948052,86.36363636363636
E00003093,293,40,15,25,253,12,241,13.651877133105803,5.1194539249146755,8.532423208191126,86.3481228668942,4.09556313993174,82.25255972696246
E00003094,336,44,22,22,292,12,280,13.095238095238097,6.547619047619048,6.547619047619048,86.90476190476191,3.571428571428571,83.33333333333334
E00003095,455,49,22,27,406,20,386,10.76923076923077,4.835164835164836,5.934065934065933,89.23076923076924,4.395604395604396,84.83516483516483
E00003096,383,23,8,15,360,14,346,6.005221932114883,2.088772845953003,3.91644908616188,93.99477806788512,3.6553524804177546,90.33942558746736
E00003097,441,46,23,23,395,15,380,10.430839002267573,5.215419501133787,5.215419501133787,89.56916099773242,3.4013605442176873,86.16780045351474
E00003098,257,39,15,24,218,11,207,15.17509727626459,5.836575875486381,9.33852140077821,84.8249027237354,4.280155642023346,80.54474708171206
E00003099,407,46,25,21,361,18,343,11.302211302211303,6.142506142506143,5.159705159705159,88.6977886977887,4.422604422604422,84.27518427518427
E00003100,294,36,16,20,258,10,248,12.244897959183673,5.442176870748299,6.802721088435375,87.75510204081633,3.4013605442176873,84.35374149659864
E00003101,299,25,9,16,274,15,259,8.361204013377927,3.0100334448160537,5.351170568561873,91.63879598662207,5.016722408026756,86.62207357859532
E00003102,596,72,36,36,524,20,504,12.080536912751679,6.0402684563758395,6.0402684563758395,87.91946308724832,3.3557046979865772,84.56375838926175
E00003103,251,38,16,22,213,19,194,15.139442231075698,6.374501992031872,8.764940239043826,84.86055776892431,7.569721115537849,77.29083665338645
E00003104,399,50,23,27,349,22,327,12.531328320802004,5.764411027568922,6.7669172932330826,87.468671679198,5.513784461152882,81.95488721804512
E00003105,476,40,13,27,436,14,422,8.403361344537815,2.73109243697479,5.6722689075630255,91.59663865546219,2.941176470588235,88.65546218487394
E00003106,349,64,28,36,285,13,272,18.33810888252149,8.022922636103152,10.315186246418339,81.66189111747852,3.7249283667621778,77.93696275071633
E00003107,410,37,9,28,373,11,362,9.024390243902438,2.195121951219512,6.829268292682928,90.97560975609757,2.682926829268293,88.29268292682927
E00003108,400,42,19,23,358,22,336,10.5,4.75,5.75,89.5,5.5,84
E00174554,404,83,32,51,321,10,311,20.544554455445542,7.920792079207921,12.623762376237623,79.45544554455446,2.4752475247524752,76.98019801980197
E00174556,486,55,28,27,431,25,406,11.316872427983538,5.761316872427984,5.555555555555555,88.68312757201646,5.1440329218107,83.53909465020575
E00174557,603,57,15,42,546,27,519,9.45273631840796,2.4875621890547266,6.965174129353234,90.54726368159204,4.477611940298507,86.06965174129353
E00174681,296,25,7,18,271,16,255,8.445945945945946,2.364864864864865,6.081081081081082,91.55405405405406,5.405405405405405,86.14864864864865
E00174682,465,46,26,20,419,13,406,9.89247311827957,5.591397849462366,4.301075268817205,90.10752688172043,2.795698924731183,87.31182795698925
E00174684,368,24,7,17,344,10,334,6.521739130434782,1.9021739130434785,4.619565217391304,93.47826086956522,2.717391304347826,90.76086956521739
E00174685,417,35,18,17,382,11,371,8.393285371702639,4.316546762589928,4.07673860911271,91.60671462829735,2.6378896882494005,88.96882494004797
E00174686,234,24,8,16,210,12,198,10.256410256410255,3.418803418803419,6.837606837606838,89.74358974358975,5.128205128205128,84.61538461538461
E00174687,320,27,12,15,293,12,281,8.4375,3.75,4.6875,91.5625,3.75,87.8125
E00174688,240,30,9,21,210,13,197,12.5,3.75,8.75,87.5,5.416666666666667,82.08333333333333
E00174689,397,47,20,27,350,22,328,11.838790931989925,5.037783375314862,6.801007556675064,88.16120906801007,5.541561712846348,82.61964735516372
E00174690,313,55,32,23,258,11,247,17.57188498402556,10.223642172523961,7.348242811501597,82.42811501597444,3.5143769968051117,78.91373801916933
E00174691,267,43,27,16,224,13,211,16.10486891385768,10.112359550561797,5.992509363295881,83.89513108614233,4.868913857677903,79.02621722846442
E00174694,213,35,21,14,178,11,167,16.431924882629108,9.859154929577464,6.572769953051644,83.56807511737088,5.164319248826291,78.40375586854461
E00174697,325,38,18,20,287,14,273,11.692307692307692,5.538461538461538,6.153846153846154,88.3076923076923,4.3076923076923075,84
E00174698,258,36,17,19,222,7,215,13.953488372093023,6.5891472868217065,7.3643410852713185,86.04651162790698,2.7131782945736433,83.33333333333334
E00174700,170,18,9,9,152,4,148,10.588235294117647,5.294117647058823,5.294117647058823,89.41176470588236,2.3529411764705883,87.05882352941177
E00174701,409,64,26,38,345,7,338,15.647921760391197,6.356968215158925,9.290953545232274,84.3520782396088,1.7114914425427872,82.64058679706602
E00174703,426,43,18,25,383,12,371,10.093896713615024,4.225352112676056,5.868544600938967,89.90610328638498,2.8169014084507045,87.08920187793427
E00174704,422,36,14,22,386,4,382,8.530805687203792,3.3175355450236967,5.213270142180095,91.4691943127962,0.9478672985781991,90.52132701421802
E00174706,262,39,19,20,223,9,214,14.885496183206106,7.251908396946565,7.633587786259542,85.1145038167939,3.435114503816794,81.67938931297711
E00174707,177,13,2,11,164,0,164,7.344632768361582,1.1299435028248588,6.214689265536723,92.65536723163842,0,92.65536723163842
E00174708,299,37,17,20,262,7,255,12.37458193979933,5.68561872909699,6.688963210702341,87.62541806020067,2.341137123745819,85.28428093645485
E00174710,247,26,12,14,221,1,220,10.526315789473683,4.8582995951417,5.668016194331984,89.47368421052632,0.4048582995951417,89.06882591093117
E00174711,210,23,10,13,187,7,180,10.952380952380953,4.761904761904762,6.190476190476191,89.04761904761904,3.3333333333333335,85.71428571428571
E00174712,276,47,17,30,229,6,223,17.02898550724638,6.159420289855073,10.869565217391305,82.97101449275362,2.1739130434782608,80.79710144927536
E00174713,394,59,29,30,335,14,321,14.974619289340103,7.3604060913705585,7.614213197969544,85.0253807106599,3.5532994923857872,81.47208121827411
E00174714,110,11,4,7,99,8,91,10,3.6363636363636362,6.363636363636363,90,7.2727272727272725,82.72727272727273
E00174715,337,37,13,24,300,14,286,10.979228486646884,3.857566765578635,7.121661721068249,89.02077151335311,4.154302670623145,84.86646884272997
E00174716,226,51,25,26,175,11,164,22.566371681415927,11.061946902654867,11.504424778761061,77.43362831858407,4.867256637168142,72.56637168141593
E00174717,191,29,9,20,162,6,156,15.18324607329843,4.712041884816754,10.471204188481675,84.81675392670157,3.1413612565445024,81.67539267015707
E00174718,292,36,19,17,256,15,241,12.32876712328767,6.506849315068493,5.821917808219178,87.67123287671232,5.136986301369863,82.53424657534246
E00174719,270,28,11,17,242,6,236,10.37037037037037,4.074074074074074,6.296296296296296,89.62962962962962,2.2222222222222223,87.4074074074074
E00174720,264,30,16,14,234,5,229,11.363636363636363,6.0606060606060606,5.303030303030303,88.63636363636364,1.893939393939394,86.74242424242425
E00174721,348,39,17,22,309,8,301,11.206896551724139,4.885057471264368,6.321839080459771,88.79310344827587,2.2988505747126435,86.49425287356321
E00174723,434,47,20,27,387,15,372,10.829493087557603,4.6082949308755765,6.221198156682028,89.17050691244239,3.4562211981566824,85.71428571428571
E00174724,350,32,16,16,318,8,310,9.142857142857142,4.571428571428571,4.571428571428571,90.85714285714286,2.2857142857142856,88.57142857142857
E00174726,357,55,25,30,302,17,285,15.406162464985995,7.002801120448179,8.403361344537815,84.593837535014,4.761904761904762,79.83193277310924
E00174727,373,35,19,16,338,9,329,9.383378016085791,5.093833780160858,4.289544235924933,90.61662198391421,2.4128686327077746,88.20375335120644
E00174728,273,18,9,9,255,9,246,6.593406593406594,3.296703296703297,3.296703296703297,93.4065934065934,3.296703296703297,90.10989010989012
E00174729,488,33,13,20,455,18,437,6.762295081967213,2.663934426229508,4.098360655737705,93.23770491803278,3.6885245901639343,89.54918032786885
E00174730,145,10,2,8,135,6,129,6.896551724137931,1.3793103448275863,5.517241379310345,93.10344827586206,4.137931034482759,88.96551724137932
E00174731,416,56,34,22,360,12,348,13.461538461538462,8.173076923076923,5.288461538461538,86.53846153846155,2.8846153846153846,83.65384615384616
E00174733,328,49,25,24,279,14,265,14.939024390243901,7.621951219512195,7.317073170731707,85.0609756097561,4.2682926829268295,80.79268292682927
E00174735,369,38,12,26,331,9,322,10.29810298102981,3.2520325203252036,7.046070460704606,89.70189701897019,2.4390243902439024,87.26287262872629
E00174736,371,50,33,17,321,10,311,13.477088948787062,8.89487870619946,4.5822102425876015,86.52291105121293,2.6954177897574128,83.82749326145552
E00174738,481,98,70,28,383,12,371,20.374220374220375,14.553014553014554,5.8212058212058215,79.62577962577963,2.494802494802495,77.13097713097713
E00178898,522,60,28,32,462,17,445,11.494252873563218,5.363984674329502,6.130268199233716,88.50574712643679,3.256704980842912,85.24904214559386
E00178899,301,47,29,18,254,13,241,15.614617940199334,9.634551495016613,5.980066445182724,84.38538205980066,4.318936877076411,80.06644518272425
E00178900,647,66,25,41,581,35,546,10.200927357032457,3.863987635239567,6.3369397217928904,89.79907264296754,5.4095826893353935,84.38948995363215
E00178904,134,32,16,16,102,10,92,23.88059701492537,11.940298507462686,11.940298507462686,76.11940298507463,7.462686567164178,68.65671641791045
E00178905,449,37,23,14,412,18,394,8.240534521158128,5.122494432071269,3.11804008908686,91.75946547884188,4.008908685968819,87.75055679287304
E00178906,584,34,14,20,550,9,541,5.821917808219178,2.3972602739726026,3.4246575342465753,94.17808219178082,1.5410958904109588,92.63698630136986
E00178907,222,32,7,25,190,14,176,14.414414414414415,3.153153153153153,11.26126126126126,85.58558558558559,6.306306306306306,79.27927927927928
E00178908,480,82,30,52,398,18,380,17.083333333333332,6.25,10.833333333333334,82.91666666666667,3.75,79.16666666666666
E00178909,516,38,17,21,478,18,460,7.3643410852713185,3.2945736434108532,4.069767441860465,92.63565891472868,3.488372093023256,89.14728682170544
E00178910,365,53,32,21,312,16,296,14.520547945205479,8.767123287671232,5.7534246575342465,85.47945205479452,4.383561643835616,81.0958904109589
E00178913,397,53,26,27,344,10,334,13.350125944584383,6.54911838790932,6.801007556675064,86.64987405541562,2.518891687657431,84.1309823677582
E00178914,550,68,35,33,482,20,462,12.363636363636363,6.363636363636363,6,87.63636363636364,3.6363636363636362,84
E00178915,577,66,21,45,511,19,492,11.438474870017332,3.6395147313691507,7.798960138648179,88.56152512998267,3.2928942807625647,85.2686308492201
E00178916,515,82,48,34,433,34,399,15.922330097087379,9.320388349514563,6.601941747572816,84.07766990291262,6.601941747572816,77.47572815533981
E00178918,421,44,21,23,377,22,355,10.451306413301662,4.98812351543943,5.463182897862233,89.54869358669833,5.225653206650831,84.32304038004752
E00178919,260,11,8,3,249,3,246,4.230769230769231,3.076923076923077,1.153846153846154,95.76923076923077,1.153846153846154,94.61538461538461
E00178920,288,45,17,28,243,7,236,15.625,5.902777777777778,9.722222222222223,84.375,2.430555555555556,81.94444444444444
E00178921,203,35,21,14,168,8,160,17.24137931034483,10.344827586206897,6.896551724137931,82.75862068965517,3.9408866995073892,78.81773399014779
E00178922,233,20,10,10,213,1,212,8.583690987124463,4.291845493562231,4.291845493562231,91.41630901287554,0.4291845493562232,90.98712446351931
E00178923,174,12,5,7,162,6,156,6.896551724137931,2.8735632183908044,4.022988505747127,93.10344827586206,3.4482758620689653,89.65517241379311
E00178924,258,25,8,17,233,7,226,9.689922480620156,3.10077519379845,6.5891472868217065,90.31007751937985,2.7131782945736433,87.59689922480621
E00178925,718,86,33,53,632,38,594,11.977715877437326,4.596100278551532,7.381615598885793,88.02228412256268,5.2924791086350975,82.72980501392759
E00178926,346,15,5,10,331,24,307,4.335260115606936,1.4450867052023122,2.8901734104046244,95.66473988439307,6.9364161849710975,88.72832369942196
E00178927,169,7,2,5,162,4,158,4.142011834319527,1.183431952662722,2.9585798816568047,95.85798816568047,2.366863905325444,93.49112426035504
E00178928,204,21,8,13,183,4,179,10.294117647058822,3.9215686274509802,6.372549019607843,89.70588235294117,1.9607843137254901,87.74509803921569
E00178929,345,40,14,26,305,21,284,11.594202898550725,4.057971014492753,7.536231884057972,88.40579710144928,6.086956521739131,82.31884057971014
E00178930,192,17,8,9,175,7,168,8.854166666666668,4.166666666666666,4.6875,91.14583333333334,3.6458333333333335,87.5
E00178933,455,35,15,20,420,6,414,7.6923076923076925,3.296703296703297,4.395604395604396,92.3076923076923,1.3186813186813187,90.98901098901099
E00178936,181,8,0,8,173,7,166,4.41988950276243,0,4.41988950276243,95.58011049723757,3.867403314917127,91.71270718232044
E00178937,526,61,13,48,465,37,428,11.596958174904943,2.4714828897338403,9.125475285171103,88.40304182509506,7.0342205323193925,81.36882129277566
E00178938,157,15,10,5,142,13,129,9.554140127388536,6.369426751592357,3.1847133757961785,90.44585987261146,8.280254777070063,82.16560509554141
E00178939,333,41,18,23,292,10,282,12.312312312312311,5.405405405405405,6.906906906906906,87.68768768768768,3.003003003003003,84.68468468468468
E00178941,371,46,29,17,325,7,318,12.398921832884097,7.816711590296496,4.5822102425876015,87.6010781671159,1.8867924528301887,85.71428571428571
E00178942,243,28,1,27,215,4,211,11.522633744855968,0.411522633744856,11.11111111111111,88.47736625514403,1.646090534979424,86.83127572016461
E00178943,267,28,14,14,239,7,232,10.486891385767791,5.2434456928838955,5.2434456928838955,89.51310861423221,2.6217228464419478,86.89138576779027
E00178945,239,40,20,20,199,7,192,16.736401673640167,8.368200836820083,8.368200836820083,83.26359832635984,2.928870292887029,80.3347280334728
E00178946,130,8,0,8,122,8,114,6.153846153846154,0,6.153846153846154,93.84615384615384,6.153846153846154,87.6923076923077
E00178952,287,45,23,22,242,7,235,15.6794425087108,8.013937282229964,7.665505226480835,84.3205574912892,2.4390243902439024,81.8815331010453
E00178953,105,13,3,10,92,6,86,12.380952380952381,2.857142857142857,9.523809523809524,87.61904761904762,5.714285714285714,81.9047619047619
E00178954,433,84,39,45,349,11,338,19.399538106235568,9.006928406466514,10.392609699769054,80.60046189376443,2.5404157043879905,78.06004618937644
E00178955,100,14,10,4,86,8,78,14.000000000000002,10,4,86,8,78
E00178956,359,22,7,15,337,24,313,6.128133704735376,1.9498607242339834,4.178272980501393,93.87186629526462,6.685236768802229,87.1866295264624
E00178957,203,33,9,24,170,11,159,16.25615763546798,4.433497536945813,11.822660098522167,83.74384236453201,5.41871921182266,78.32512315270937
E00178958,754,101,30,71,653,64,589,13.395225464190982,3.978779840848806,9.416445623342176,86.60477453580901,8.488063660477453,78.11671087533156
E00178960,375,32,15,17,343,13,330,8.533333333333333,4,4.533333333333333,91.46666666666667,3.4666666666666663,88
E00178961,202,16,4,12,186,6,180,7.920792079207921,1.9801980198019802,5.9405940594059405,92.07920792079209,2.9702970297029703,89.10891089108911
E00178962,108,1,1,0,107,8,99,0.9259259259259258,0.9259259259259258,0,99.07407407407408,7.4074074074074066,91.66666666666666
E00178965,617,47,26,21,570,14,556,7.6175040518638575,4.213938411669368,3.403565640194489,92.38249594813614,2.2690437601296596,90.11345218800648
E00178966,439,34,12,22,405,9,396,7.744874715261959,2.733485193621868,5.0113895216400905,92.25512528473804,2.050113895216401,90.20501138952164
E00178967,273,18,9,9,255,9,246,6.593406593406594,3.296703296703297,3.296703296703297,93.4065934065934,3.296703296703297,90.10989010989012
E00178968,194,22,14,8,172,1,171,11.34020618556701,7.216494845360824,4.123711340206185,88.65979381443299,0.5154639175257731,88.14432989690721
E00178969,261,20,10,10,241,16,225,7.662835249042145,3.8314176245210727,3.8314176245210727,92.33716475095785,6.130268199233716,86.20689655172413
E00178970,203,20,10,10,183,7,176,9.852216748768473,4.926108374384237,4.926108374384237,90.14778325123153,3.4482758620689653,86.69950738916256
E00178971,402,40,11,29,362,11,351,9.950248756218906,2.736318407960199,7.213930348258707,90.04975124378109,2.736318407960199,87.31343283582089
E00178974,228,43,20,23,185,4,181,18.859649122807017,8.771929824561402,10.087719298245613,81.14035087719299,1.7543859649122806,79.3859649122807
E00178976,118,5,1,4,113,4,109,4.23728813559322,0.847457627118644,3.389830508474576,95.76271186440678,3.389830508474576,92.37288135593221
E00178977,427,54,25,29,373,9,364,12.646370023419204,5.85480093676815,6.791569086651054,87.35362997658079,2.107728337236534,85.24590163934425
E00178978,370,31,11,20,339,9,330,8.378378378378379,2.9729729729729732,5.405405405405405,91.62162162162161,2.4324324324324325,89.1891891891892
E00178982,314,58,30,28,256,13,243,18.471337579617835,9.554140127388536,8.9171974522293,81.52866242038218,4.140127388535031,77.38853503184714
E00178983,376,29,11,18,347,14,333,7.712765957446808,2.925531914893617,4.787234042553192,92.2872340425532,3.723404255319149,88.56382978723404
E00178984,273,17,9,8,256,1,255,6.227106227106227,3.296703296703297,2.93040293040293,93.77289377289377,0.3663003663003663,93.4065934065934
E00178986,177,19,7,12,158,8,150,10.734463276836157,3.954802259887006,6.779661016949152,89.26553672316385,4.519774011299435,84.7457627118644
E00178988,224,32,16,16,192,7,185,14.285714285714285,7.142857142857142,7.142857142857142,85.71428571428571,3.125,82.58928571428571
E00178989,396,37,18,19,359,18,341,9.343434343434344,4.545454545454546,4.797979797979798,90.65656565656566,4.545454545454546,86.11111111111111
E00178991,522,48,16,32,474,16,458,9.195402298850574,3.065134099616858,6.130268199233716,90.80459770114942,3.065134099616858,87.73946360153256
E00178993,107,9,3,6,98,4,94,8.411214953271028,2.803738317757009,5.607476635514018,91.58878504672897,3.7383177570093453,87.85046728971963
E00178994,463,54,23,31,409,16,393,11.663066954643629,4.967602591792657,6.695464362850973,88.33693304535637,3.455723542116631,84.88120950323975
E00178995,538,52,12,40,486,20,466,9.66542750929368,2.2304832713754648,7.434944237918216,90.33457249070632,3.717472118959108,86.61710037174721
E00178997,178,22,10,12,156,6,150,12.359550561797752,5.617977528089887,6.741573033707865,87.64044943820225,3.3707865168539324,84.26966292134831
E00179000,375,31,18,13,344,17,327,8.266666666666666,4.8,3.4666666666666663,91.73333333333333,4.533333333333333,87.2
E00179001,507,40,18,22,467,15,452,7.889546351084813,3.5502958579881656,4.339250493096647,92.1104536489152,2.9585798816568047,89.15187376725838
E00179002,481,51,25,26,430,14,416,10.602910602910603,5.197505197505198,5.405405405405405,89.3970893970894,2.9106029106029108,86.48648648648648
E00179003,597,36,22,14,561,10,551,6.030150753768844,3.6850921273031827,2.3450586264656614,93.96984924623115,1.675041876046901,92.29480737018424
E00179004,259,28,10,18,231,19,212,10.81081081081081,3.861003861003861,6.94980694980695,89.1891891891892,7.335907335907336,81.85328185328186
E00179005,613,48,23,25,565,28,537,7.830342577487764,3.7520391517128875,4.078303425774878,92.16965742251223,4.567699836867863,87.60195758564437
E00179006,146,19,7,12,127,7,120,13.013698630136986,4.794520547945205,8.21917808219178,86.98630136986301,4.794520547945205,82.1917808219178
E00179007,454,21,13,8,433,15,418,4.6255506607929515,2.8634361233480177,1.762114537444934,95.37444933920705,3.303964757709251,92.07048458149781
E00179008,483,50,21,29,433,19,414,10.351966873706004,4.3478260869565215,6.004140786749482,89.648033126294,3.9337474120082816,85.71428571428571
E00179009,535,36,11,25,499,10,489,6.728971962616822,2.0560747663551404,4.672897196261682,93.27102803738318,1.8691588785046727,91.4018691588785
E00179010,171,7,2,5,164,10,154,4.093567251461988,1.1695906432748537,2.923976608187134,95.90643274853801,5.847953216374268,90.05847953216374
E00179012,598,43,12,31,555,29,526,7.190635451505016,2.0066889632107023,5.183946488294314,92.80936454849498,4.849498327759197,87.95986622073578
E00179014,524,60,33,27,464,12,452,11.450381679389313,6.297709923664121,5.152671755725191,88.54961832061069,2.2900763358778624,86.25954198473282
E00179019,183,25,12,13,158,5,153,13.661202185792352,6.557377049180328,7.103825136612022,86.33879781420765,2.73224043715847,83.60655737704919
E00179020,162,12,4,8,150,0,150,7.4074074074074066,2.4691358024691357,4.938271604938271,92.5925925925926,0,92.5925925925926
E00179021,385,28,12,16,357,19,338,7.2727272727272725,3.116883116883117,4.1558441558441555,92.72727272727272,4.935064935064935,87.79220779220779
E00179025,546,72,33,39,474,20,454,13.186813186813188,6.043956043956044,7.142857142857142,86.81318681318682,3.6630036630036633,83.15018315018315
E00179028,173,13,3,10,160,1,159,7.514450867052023,1.7341040462427744,5.780346820809249,92.48554913294798,0.5780346820809248,91.90751445086705
E00179030,439,82,43,39,357,7,350,18.678815489749432,9.79498861047836,8.88382687927107,81.32118451025056,1.5945330296127564,79.72665148063781
E00179032,416,50,14,36,366,12,354,12.01923076923077,3.3653846153846154,8.653846153846153,87.98076923076923,2.8846153846153846,85.09615384615384
E00179034,391,54,29,25,337,11,326,13.810741687979538,7.41687979539642,6.3938618925831205,86.18925831202046,2.813299232736573,83.37595907928389
E00179035,358,22,4,18,336,18,318,6.145251396648044,1.1173184357541899,5.027932960893855,93.85474860335195,5.027932960893855,88.8268156424581
E00179036,362,37,19,18,325,4,321,10.220994475138122,5.248618784530387,4.972375690607735,89.77900552486187,1.1049723756906076,88.67403314917127
E00179037,392,29,14,15,363,4,359,7.3979591836734695,3.571428571428571,3.826530612244898,92.60204081632652,1.0204081632653061,91.58163265306123
E00179038,304,31,13,18,273,6,267,10.197368421052632,4.276315789473684,5.921052631578947,89.80263157894737,1.9736842105263157,87.82894736842105
E00179039,294,24,8,16,270,12,258,8.16326530612245,2.7210884353741496,5.442176870748299,91.83673469387756,4.081632653061225,87.75510204081633
E00179040,160,5,1,4,155,5,150,3.125,0.625,2.5,96.875,3.125,93.75
E00179041,568,41,20,21,527,14,513,7.21830985915493,3.5211267605633805,3.697183098591549,92.78169014084507,2.464788732394366,90.3169014084507
E00179043,235,14,8,6,221,2,219,5.957446808510639,3.404255319148936,2.553191489361702,94.04255319148936,0.851063829787234,93.19148936170212
E00179044,444,19,3,16,425,18,407,4.2792792792792795,0.6756756756756757,3.6036036036036037,95.72072072072072,4.054054054054054,91.66666666666666
E00179046,139,16,1,15,123,8,115,11.510791366906476,0.7194244604316548,10.79136690647482,88.48920863309353,5.755395683453238,82.73381294964028
E00179047,535,61,29,32,474,16,458,11.401869158878505,5.420560747663552,5.981308411214954,88.59813084112149,2.990654205607477,85.60747663551402
E00179048,508,67,23,44,441,18,423,13.188976377952756,4.52755905511811,8.661417322834646,86.81102362204724,3.543307086614173,83.26771653543307
E00179049,410,23,7,16,387,14,373,5.609756097560976,1.707317073170732,3.902439024390244,94.39024390243902,3.414634146341464,90.97560975609757
E00179050,476,171,144,27,305,13,292,35.924369747899156,30.252100840336134,5.6722689075630255,64.07563025210085,2.73109243697479,61.34453781512605
E00179051,422,38,17,21,384,14,370,9.004739336492891,4.028436018957346,4.976303317535545,90.99526066350711,3.3175355450236967,87.67772511848341
E00179053,620,84,38,46,536,21,515,13.548387096774196,6.129032258064516,7.419354838709677,86.45161290322581,3.387096774193549,83.06451612903226
E00179054,184,30,9,21,154,10,144,16.304347826086957,4.891304347826087,11.41304347826087,83.69565217391305,5.434782608695652,78.26086956521739
E00179055,332,15,7,8,317,15,302,4.518072289156627,2.108433734939759,2.4096385542168677,95.48192771084338,4.518072289156627,90.96385542168674
E00179056,288,27,12,15,261,3,258,9.375,4.166666666666666,5.208333333333334,90.625,1.0416666666666665,89.58333333333334
E00179058,260,76,53,23,184,7,177,29.230769230769234,20.384615384615383,8.846153846153847,70.76923076923077,2.6923076923076925,68.07692307692308
E00179059,165,21,9,12,144,3,141,12.727272727272727,5.454545454545454,7.2727272727272725,87.27272727272727,1.8181818181818181,85.45454545454545
E00179060,278,16,9,7,262,11,251,5.755395683453238,3.237410071942446,2.5179856115107913,94.24460431654677,3.9568345323741005,90.28776978417267
E00179061,126,3,1,2,123,0,123,2.380952380952381,0.7936507936507936,1.5873015873015872,97.61904761904762,0,97.61904761904762
E00179062,648,77,25,52,571,35,536,11.882716049382717,3.8580246913580245,8.024691358024691,88.11728395061729,5.401234567901234,82.71604938271605
E00179064,318,25,15,10,293,14,279,7.861635220125786,4.716981132075472,3.1446540880503147,92.13836477987421,4.40251572327044,87.73584905660378
E00179065,110,6,3,3,104,1,103,5.454545454545454,2.727272727272727,2.727272727272727,94.54545454545455,0.9090909090909091,93.63636363636364
E00179066,246,12,2,10,234,19,215,4.878048780487805,0.8130081300813009,4.0650406504065035,95.1219512195122,7.723577235772358,87.39837398373984
E00179067,296,19,4,15,277,19,258,6.418918918918918,1.3513513513513513,5.0675675675675675,93.58108108108108,6.418918918918918,87.16216216216216
E00179068,129,1,0,1,128,7,121,0.7751937984496124,0,0.7751937984496124,99.2248062015504,5.426356589147287,93.7984496124031
E00179069,558,43,19,24,515,18,497,7.706093189964158,3.405017921146954,4.301075268817205,92.29390681003584,3.225806451612903,89.06810035842294
E00179070,229,36,16,20,193,4,189,15.72052401746725,6.986899563318777,8.73362445414847,84.27947598253274,1.7467248908296942,82.53275109170306
E00179071,453,59,33,26,394,12,382,13.024282560706402,7.28476821192053,5.739514348785872,86.9757174392936,2.6490066225165565,84.32671081677704
E00179072,292,36,9,27,256,13,243,12.32876712328767,3.0821917808219177,9.246575342465754,87.67123287671232,4.4520547945205475,83.21917808219177
E00179073,476,59,26,33,417,12,405,12.394957983193278,5.46218487394958,6.932773109243698,87.60504201680672,2.5210084033613445,85.08403361344537
