OA,ts0590001,ts0590002,ts0590003,ts0590004,ts0590005,ts0590006,ts0590007,ts0590002_PCT,ts0590003_PCT,ts0590004_PCT,ts0590005_PCT,ts0590006_PCT,ts0590007_PCT
E00049183,171,51,24,27,120,97,23,29.82456140350877,14.035087719298245,15.789473684210526,70.17543859649122,56.72514619883041,13.450292397660817
E00049184,228,62,17,45,166,137,29,27.192982456140353,7.456140350877193,19.736842105263158,72.80701754385966,60.08771929824561,12.719298245614036
E00049185,148,42,10,32,106,94,12,28.37837837837838,6.756756756756757,21.62162162162162,71.62162162162163,63.51351351351351,8.108108108108109
E00049186,157,49,18,31,108,97,11,31.210191082802545,11.464968152866243,19.745222929936308,68.78980891719745,61.78343949044586,7.006369426751593
E00049187,121,41,8,33,80,71,9,33.88429752066116,6.6115702479338845,27.27272727272727,66.11570247933885,58.67768595041323,7.43801652892562
E00049188,152,46,14,32,106,93,13,30.263157894736842,9.210526315789473,21.052631578947366,69.73684210526315,61.18421052631579,8.552631578947368
E00049190,121,37,7,30,84,77,7,30.57851239669421,5.785123966942149,24.793388429752067,69.42148760330579,63.63636363636363,5.785123966942149
E00049191,168,53,22,31,115,106,9,31.547619047619047,13.095238095238097,18.452380952380953,68.45238095238095,63.095238095238095,5.357142857142857
E00049192,101,26,3,23,75,69,6,25.742574257425744,2.9702970297029703,22.772277227722775,74.25742574257426,68.31683168316832,5.9405940594059405
E00049193,89,20,9,11,69,61,8,22.47191011235955,10.112359550561797,12.359550561797752,77.52808988764045,68.53932584269663,8.98876404494382
E00049194,110,43,16,27,67,63,4,39.09090909090909,14.545454545454545,24.545454545454547,60.909090909090914,57.27272727272727,3.6363636363636362
E00049195,158,53,14,39,105,95,10,33.54430379746836,8.860759493670885,24.68354430379747,66.45569620253164,60.12658227848101,6.329113924050633
E00049196,183,58,19,39,125,113,12,31.693989071038253,10.382513661202186,21.311475409836063,68.30601092896174,61.74863387978142,6.557377049180328
E00049197,169,45,7,38,124,104,20,26.627218934911244,4.142011834319527,22.485207100591715,73.37278106508876,61.53846153846154,11.834319526627219
E00049198,131,39,10,29,92,84,8,29.770992366412212,7.633587786259542,22.137404580152673,70.22900763358778,64.12213740458014,6.106870229007633
E00049199,144,50,12,38,94,85,9,34.72222222222222,8.333333333333332,26.38888888888889,65.27777777777779,59.02777777777778,6.25
E00049200,162,44,12,32,118,99,19,27.160493827160494,7.4074074074074066,19.753086419753085,72.8395061728395,61.111111111111114,11.728395061728394
E00049201,138,43,13,30,95,85,10,31.15942028985507,9.420289855072465,21.73913043478261,68.84057971014492,61.59420289855072,7.246376811594203
E00049202,158,44,10,34,114,97,17,27.848101265822784,6.329113924050633,21.518987341772153,72.15189873417721,61.39240506329114,10.759493670886076
E00049203,137,40,7,33,97,85,12,29.1970802919708,5.109489051094891,24.087591240875913,70.8029197080292,62.04379562043796,8.75912408759124
E00049204,161,55,17,38,106,96,10,34.161490683229815,10.559006211180124,23.60248447204969,65.83850931677019,59.62732919254658,6.211180124223603
E00049205,149,47,13,34,102,89,13,31.543624161073826,8.724832214765101,22.818791946308725,68.45637583892618,59.73154362416108,8.724832214765101
E00049206,248,68,23,45,180,155,25,27.419354838709676,9.274193548387096,18.14516129032258,72.58064516129032,62.5,10.080645161290322
E00049207,197,63,21,42,134,107,27,31.979695431472084,10.65989847715736,21.31979695431472,68.02030456852792,54.314720812182735,13.705583756345177
E00049208,168,61,21,40,107,90,17,36.30952380952381,12.5,23.809523809523807,63.69047619047619,53.57142857142857,10.119047619047619
E00049209,150,46,13,33,104,89,15,30.666666666666664,8.666666666666668,22,69.33333333333334,59.333333333333336,10
E00049210,173,49,15,34,124,113,11,28.32369942196532,8.670520231213873,19.653179190751445,71.67630057803468,65.3179190751445,6.358381502890173
E00049211,151,43,16,27,108,96,12,28.47682119205298,10.596026490066226,17.880794701986755,71.52317880794702,63.576158940397356,7.9470198675496695
E00049212,146,39,13,26,107,94,13,26.71232876712329,8.904109589041095,17.80821917808219,73.28767123287672,64.38356164383562,8.904109589041095
E00049213,270,61,23,38,209,187,22,22.59259259259259,8.518518518518519,14.074074074074074,77.4074074074074,69.25925925925925,8.148148148148149
E00049214,133,45,10,35,88,78,10,33.83458646616541,7.518796992481203,26.31578947368421,66.16541353383458,58.64661654135338,7.518796992481203
E00049215,119,30,6,24,89,76,13,25.210084033613445,5.042016806722689,20.168067226890756,74.78991596638656,63.86554621848739,10.92436974789916
E00049216,129,48,12,36,81,74,7,37.2093023255814,9.30232558139535,27.906976744186046,62.7906976744186,57.36434108527132,5.426356589147287
E00049217,160,37,12,25,123,104,19,23.125,7.5,15.625,76.875,65,11.875
E00049218,176,51,15,36,125,103,22,28.97727272727273,8.522727272727272,20.454545454545457,71.02272727272727,58.52272727272727,12.5
E00049219,147,38,17,21,109,101,8,25.850340136054424,11.564625850340136,14.285714285714285,74.14965986394559,68.70748299319727,5.442176870748299
E00049220,155,54,18,36,101,91,10,34.83870967741935,11.612903225806452,23.225806451612904,65.16129032258064,58.70967741935483,6.451612903225806
E00049221,179,54,10,44,125,112,13,30.16759776536313,5.58659217877095,24.581005586592177,69.83240223463687,62.56983240223464,7.262569832402235
E00049222,136,39,11,28,97,84,13,28.676470588235293,8.088235294117647,20.588235294117645,71.32352941176471,61.76470588235294,9.558823529411764
E00049223,206,49,14,35,157,137,20,23.78640776699029,6.796116504854369,16.990291262135923,76.2135922330097,66.50485436893204,9.70873786407767
E00049224,138,45,11,34,93,81,12,32.608695652173914,7.971014492753622,24.637681159420293,67.3913043478261,58.69565217391305,8.695652173913043
E00049225,174,38,7,31,136,127,9,21.839080459770116,4.022988505747127,17.81609195402299,78.16091954022988,72.98850574712644,5.172413793103448
E00049226,174,51,22,29,123,104,19,29.310344827586203,12.643678160919542,16.666666666666664,70.6896551724138,59.77011494252874,10.919540229885058
E00049227,158,60,20,40,98,84,14,37.9746835443038,12.658227848101266,25.31645569620253,62.0253164556962,53.16455696202531,8.860759493670885
E00049228,127,36,7,29,91,76,15,28.346456692913385,5.511811023622047,22.83464566929134,71.65354330708661,59.84251968503938,11.811023622047244
E00049229,220,60,19,41,160,137,23,27.27272727272727,8.636363636363637,18.636363636363637,72.72727272727273,62.272727272727266,10.454545454545453
E00049230,140,37,11,26,103,89,14,26.42857142857143,7.857142857142857,18.571428571428573,73.57142857142858,63.57142857142857,10
E00049231,85,30,11,19,55,50,5,35.294117647058826,12.941176470588237,22.35294117647059,64.70588235294117,58.82352941176471,5.88235294117647
E00049232,144,55,22,33,89,79,10,38.19444444444444,15.277777777777779,22.916666666666664,61.80555555555556,54.861111111111114,6.944444444444445
E00049233,160,50,18,32,110,98,12,31.25,11.25,20,68.75,61.25000000000001,7.5
E00049234,161,49,17,32,112,100,12,30.434782608695656,10.559006211180124,19.875776397515526,69.56521739130434,62.11180124223602,7.453416149068323
E00049235,135,39,15,24,96,87,9,28.888888888888886,11.11111111111111,17.77777777777778,71.11111111111111,64.44444444444444,6.666666666666667
E00049236,180,44,9,35,136,116,20,24.444444444444443,5,19.444444444444446,75.55555555555556,64.44444444444444,11.11111111111111
E00049237,163,48,19,29,115,96,19,29.447852760736197,11.65644171779141,17.791411042944784,70.5521472392638,58.895705521472394,11.65644171779141
E00049238,103,37,13,24,66,57,9,35.92233009708738,12.62135922330097,23.300970873786408,64.07766990291263,55.33980582524271,8.737864077669903
E00049239,124,40,14,26,84,79,5,32.25806451612903,11.29032258064516,20.967741935483872,67.74193548387096,63.70967741935484,4.032258064516129
E00049240,131,47,19,28,84,69,15,35.87786259541985,14.50381679389313,21.374045801526716,64.12213740458014,52.67175572519084,11.450381679389313
E00049241,173,44,14,30,129,115,14,25.43352601156069,8.092485549132949,17.341040462427745,74.56647398843931,66.47398843930635,8.092485549132949
E00049242,206,48,11,37,158,141,17,23.300970873786408,5.339805825242718,17.96116504854369,76.69902912621359,68.44660194174757,8.25242718446602
E00049243,171,42,12,30,129,108,21,24.561403508771928,7.017543859649122,17.543859649122805,75.43859649122807,63.1578947368421,12.280701754385964
E00049244,125,47,16,31,78,66,12,37.6,12.8,24.8,62.4,52.800000000000004,9.6
E00049245,127,39,14,25,88,77,11,30.708661417322837,11.023622047244094,19.68503937007874,69.29133858267717,60.629921259842526,8.661417322834646
E00049246,104,33,12,21,71,67,4,31.73076923076923,11.538461538461538,20.192307692307693,68.26923076923077,64.42307692307693,3.8461538461538463
E00049247,83,25,5,20,58,53,5,30.120481927710845,6.024096385542169,24.096385542168676,69.87951807228916,63.85542168674698,6.024096385542169
E00049248,144,42,14,28,102,93,9,29.166666666666668,9.722222222222223,19.444444444444446,70.83333333333334,64.58333333333334,6.25
E00049249,139,43,13,30,96,85,11,30.935251798561154,9.352517985611511,21.58273381294964,69.06474820143885,61.15107913669065,7.913669064748201
E00049250,135,43,10,33,92,73,19,31.851851851851855,7.4074074074074066,24.444444444444443,68.14814814814815,54.074074074074076,14.074074074074074
E00049251,168,49,12,37,119,111,8,29.166666666666668,7.142857142857142,22.023809523809522,70.83333333333334,66.07142857142857,4.761904761904762
E00049252,129,42,13,29,87,75,12,32.55813953488372,10.077519379844961,22.48062015503876,67.44186046511628,58.139534883720934,9.30232558139535
E00049253,114,33,9,24,81,72,9,28.947368421052634,7.894736842105263,21.052631578947366,71.05263157894737,63.1578947368421,7.894736842105263
E00049254,150,47,11,36,103,91,12,31.333333333333336,7.333333333333333,24,68.66666666666667,60.66666666666667,8
E00049255,146,41,14,27,105,93,12,28.08219178082192,9.58904109589041,18.493150684931507,71.91780821917808,63.6986301369863,8.21917808219178
E00049256,172,49,15,34,123,114,9,28.488372093023255,8.720930232558139,19.767441860465116,71.51162790697676,66.27906976744185,5.232558139534884
E00049257,144,43,13,30,101,92,9,29.86111111111111,9.027777777777777,20.833333333333336,70.13888888888889,63.888888888888886,6.25
E00049258,120,35,10,25,85,76,9,29.166666666666668,8.333333333333332,20.833333333333336,70.83333333333334,63.33333333333333,7.5
E00049259,130,52,15,37,78,71,7,40,11.538461538461538,28.46153846153846,60,54.61538461538461,5.384615384615385
E00049260,187,51,16,35,136,120,16,27.27272727272727,8.55614973262032,18.71657754010695,72.72727272727273,64.171122994652407,8.55614973262032
E00049261,148,48,10,38,100,89,11,32.432432432432435,6.756756756756757,25.675675675675674,67.56756756756756,60.13513513513513,7.4324324324324325
E00049262,156,84,30,54,72,61,11,53.84615384615385,19.230769230769234,34.61538461538461,46.15384615384615,39.1025641025641,7.051282051282051
E00049263,93,23,7,16,70,58,12,24.731182795698924,7.526881720430108,17.20430107526882,75.26881720430107,62.365591397849464,12.903225806451612
E00049264,167,53,13,40,114,100,14,31.736526946107784,7.784431137724551,23.952095808383234,68.26347305389223,59.88023952095808,8.383233532934131
E00049265,140,47,24,23,93,84,9,33.57142857142857,17.142857142857142,16.428571428571427,66.42857142857143,60,6.428571428571428
E00049266,49,19,7,12,30,26,4,38.775510204081634,14.285714285714285,24.489795918367346,61.224489795918366,53.06122448979592,8.16326530612245
E00049267,135,49,13,36,86,71,15,36.2962962962963,9.62962962962963,26.666666666666668,63.70370370370371,52.59259259259259,11.11111111111111
E00049268,151,47,8,39,104,87,17,31.125827814569533,5.298013245033113,25.82781456953642,68.87417218543047,57.615894039735096,11.258278145695364
E00049269,225,52,17,35,173,145,28,23.11111111111111,7.555555555555555,15.555555555555555,76.88888888888889,64.44444444444444,12.444444444444445
E00049270,158,43,14,29,115,104,11,27.21518987341772,8.860759493670885,18.354430379746837,72.78481012658227,65.82278481012658,6.962025316455696
E00049271,123,31,5,26,92,79,13,25.203252032520325,4.0650406504065035,21.138211382113823,74.79674796747967,64.22764227642277,10.569105691056912
E00049272,144,42,13,29,102,89,13,29.166666666666668,9.027777777777777,20.13888888888889,70.83333333333334,61.80555555555556,9.027777777777777
E00049273,151,42,10,32,109,100,9,27.81456953642384,6.622516556291391,21.192052980132452,72.18543046357617,66.22516556291392,5.960264900662252
E00049274,159,40,15,25,119,106,13,25.157232704402517,9.433962264150944,15.723270440251572,74.84276729559748,66.66666666666666,8.176100628930817
E00049275,190,55,19,36,135,120,15,28.947368421052634,10,18.947368421052634,71.05263157894737,63.1578947368421,7.894736842105263
E00049276,127,35,13,22,92,79,13,27.559055118110237,10.236220472440944,17.322834645669293,72.44094488188976,62.20472440944882,10.236220472440944
E00049277,102,24,8,16,78,70,8,23.52941176470588,7.8431372549019605,15.686274509803921,76.47058823529412,68.62745098039215,7.8431372549019605
E00049278,63,13,2,11,50,49,1,20.634920634920633,3.1746031746031744,17.46031746031746,79.36507936507937,77.77777777777779,1.5873015873015872
E00049279,154,45,16,29,109,98,11,29.22077922077922,10.38961038961039,18.83116883116883,70.77922077922078,63.63636363636363,7.142857142857142
E00049280,159,41,17,24,118,99,19,25.78616352201258,10.69182389937107,15.09433962264151,74.21383647798741,62.264150943396224,11.949685534591195
E00049281,188,44,6,38,144,127,17,23.404255319148938,3.1914893617021276,20.212765957446805,76.59574468085107,67.5531914893617,9.042553191489363
E00049282,136,47,14,33,89,79,10,34.55882352941176,10.294117647058822,24.264705882352942,65.44117647058823,58.08823529411765,7.352941176470589
E00049283,201,57,22,35,144,129,15,28.35820895522388,10.945273631840797,17.412935323383085,71.64179104477611,64.17910447761194,7.462686567164178
E00049284,122,39,16,23,83,66,17,31.967213114754102,13.114754098360656,18.852459016393443,68.0327868852459,54.09836065573771,13.934426229508196
E00049285,130,34,11,23,96,85,11,26.153846153846157,8.461538461538462,17.692307692307693,73.84615384615385,65.38461538461539,8.461538461538462
E00049287,132,49,15,34,83,74,9,37.121212121212125,11.363636363636363,25.757575757575758,62.878787878787875,56.060606060606055,6.8181818181818175
E00049288,68,16,9,7,52,48,4,23.52941176470588,13.23529411764706,10.294117647058822,76.47058823529412,70.58823529411765,5.88235294117647
E00049289,108,43,17,26,65,63,2,39.81481481481482,15.74074074074074,24.074074074074073,60.18518518518518,58.333333333333336,1.8518518518518516
E00049290,125,39,12,27,86,73,13,31.2,9.6,21.6,68.8,58.4,10.4
E00049291,131,52,9,43,79,65,14,39.69465648854962,6.870229007633588,32.82442748091603,60.30534351145038,49.61832061068702,10.687022900763358
E00049292,114,37,14,23,77,66,11,32.45614035087719,12.280701754385964,20.175438596491226,67.54385964912281,57.89473684210527,9.649122807017543
E00049293,139,46,7,39,93,80,13,33.093525179856115,5.0359712230215825,28.05755395683453,66.90647482014388,57.55395683453237,9.352517985611511
E00049294,121,35,9,26,86,77,9,28.92561983471074,7.43801652892562,21.487603305785125,71.07438016528926,63.63636363636363,7.43801652892562
E00049295,91,30,11,19,61,54,7,32.967032967032964,12.087912087912088,20.87912087912088,67.03296703296702,59.34065934065934,7.6923076923076925
E00049296,135,50,18,32,85,74,11,37.03703703703704,13.333333333333334,23.703703703703706,62.96296296296296,54.81481481481482,8.148148148148149
E00049297,140,28,4,24,112,96,16,20,2.857142857142857,17.142857142857142,80,68.57142857142857,11.428571428571429
E00049298,132,35,7,28,97,83,14,26.515151515151516,5.303030303030303,21.21212121212121,73.48484848484848,62.878787878787875,10.606060606060606
E00049299,73,16,6,10,57,53,4,21.91780821917808,8.21917808219178,13.698630136986301,78.08219178082192,72.6027397260274,5.47945205479452
E00049300,82,19,9,10,63,57,6,23.170731707317074,10.975609756097562,12.195121951219512,76.82926829268293,69.51219512195121,7.317073170731707
E00049301,116,32,8,24,84,76,8,27.586206896551722,6.896551724137931,20.689655172413794,72.41379310344827,65.51724137931035,6.896551724137931
E00049302,168,54,16,38,114,102,12,32.142857142857146,9.523809523809524,22.61904761904762,67.85714285714286,60.71428571428571,7.142857142857142
E00049303,172,50,12,38,122,106,16,29.069767441860467,6.976744186046512,22.093023255813954,70.93023255813954,61.627906976744185,9.30232558139535
E00049304,85,24,11,13,61,54,7,28.235294117647058,12.941176470588237,15.294117647058824,71.76470588235294,63.52941176470588,8.235294117647058
E00049305,135,38,13,25,97,74,23,28.14814814814815,9.62962962962963,18.51851851851852,71.85185185185186,54.81481481481482,17.037037037037038
E00049306,149,36,13,23,113,99,14,24.161073825503358,8.724832214765101,15.436241610738255,75.83892617449665,66.44295302013423,9.395973154362416
E00049307,134,41,13,28,93,82,11,30.597014925373134,9.701492537313433,20.8955223880597,69.40298507462687,61.19402985074627,8.208955223880597
E00049308,136,54,14,40,82,75,7,39.705882352941174,10.294117647058822,29.411764705882355,60.29411764705882,55.14705882352941,5.147058823529411
E00049311,135,39,8,31,96,84,12,28.888888888888886,5.9259259259259265,22.962962962962962,71.11111111111111,62.22222222222222,8.88888888888889
E00049312,141,40,14,26,101,87,14,28.368794326241137,9.929078014184398,18.439716312056735,71.63120567375887,61.702127659574465,9.929078014184398
E00049313,150,32,11,21,118,104,14,21.333333333333336,7.333333333333333,14.000000000000002,78.66666666666666,69.33333333333334,9.333333333333334
E00049314,134,33,11,22,101,93,8,24.62686567164179,8.208955223880597,16.417910447761194,75.3731343283582,69.40298507462687,5.970149253731343
E00049315,164,43,14,29,121,108,13,26.21951219512195,8.536585365853659,17.682926829268293,73.78048780487805,65.85365853658537,7.926829268292683
E00049316,109,27,10,17,82,74,8,24.770642201834864,9.174311926605505,15.59633027522936,75.22935779816514,67.88990825688074,7.339449541284404
E00049317,110,33,10,23,77,68,9,30,9.090909090909092,20.909090909090907,70,61.81818181818181,8.181818181818182
E00049318,147,49,12,37,98,89,9,33.33333333333333,8.16326530612245,25.170068027210885,66.66666666666666,60.544217687074834,6.122448979591836
E00049319,159,40,11,29,119,104,15,25.157232704402517,6.918238993710692,18.238993710691823,74.84276729559748,65.40880503144653,9.433962264150944
E00049320,120,31,11,20,89,71,18,25.833333333333336,9.166666666666666,16.666666666666664,74.16666666666667,59.166666666666664,15
E00049321,106,40,4,36,66,56,10,37.735849056603776,3.7735849056603774,33.9622641509434,62.264150943396224,52.83018867924528,9.433962264150944
E00049322,124,42,11,31,82,70,12,33.87096774193548,8.870967741935484,25,66.12903225806451,56.451612903225815,9.67741935483871
E00049323,135,39,12,27,96,89,7,28.888888888888886,8.88888888888889,20,71.11111111111111,65.92592592592592,5.185185185185185
E00049324,142,41,13,28,101,92,9,28.87323943661972,9.15492957746479,19.718309859154928,71.12676056338029,64.7887323943662,6.338028169014084
E00049325,116,26,6,20,90,81,9,22.413793103448278,5.172413793103448,17.24137931034483,77.58620689655173,69.82758620689656,7.758620689655173
E00049326,192,45,19,26,147,127,20,23.4375,9.895833333333332,13.541666666666666,76.5625,66.14583333333334,10.416666666666668
E00049327,132,32,3,29,100,91,9,24.242424242424242,2.272727272727273,21.96969696969697,75.75757575757575,68.93939393939394,6.8181818181818175
E00049328,186,51,19,32,135,123,12,27.419354838709676,10.21505376344086,17.20430107526882,72.58064516129032,66.12903225806451,6.451612903225806
E00049329,121,43,17,26,78,67,11,35.53719008264463,14.049586776859504,21.487603305785125,64.46280991735537,55.371900826446286,9.090909090909092
E00049330,130,40,10,30,90,77,13,30.76923076923077,7.6923076923076925,23.076923076923077,69.23076923076923,59.23076923076923,10
E00049331,151,39,11,28,112,105,7,25.82781456953642,7.28476821192053,18.543046357615893,74.17218543046357,69.5364238410596,4.635761589403973
E00049332,143,39,13,26,104,96,8,27.27272727272727,9.090909090909092,18.181818181818183,72.72727272727273,67.13286713286713,5.594405594405594
E00049333,94,28,6,22,66,62,4,29.78723404255319,6.382978723404255,23.404255319148938,70.2127659574468,65.95744680851064,4.25531914893617
E00049334,91,27,5,22,64,58,6,29.67032967032967,5.4945054945054945,24.175824175824175,70.32967032967034,63.73626373626373,6.593406593406594
E00049335,111,33,5,28,78,69,9,29.72972972972973,4.504504504504505,25.225225225225223,70.27027027027027,62.16216216216216,8.108108108108109
E00049336,152,45,16,29,107,93,14,29.605263157894733,10.526315789473683,19.078947368421055,70.39473684210526,61.18421052631579,9.210526315789473
E00049337,105,27,9,18,78,74,4,25.71428571428571,8.571428571428571,17.142857142857142,74.28571428571429,70.47619047619048,3.8095238095238098
E00049338,100,30,6,24,70,59,11,30,6,24,70,59,11
E00049339,86,39,8,31,47,41,6,45.348837209302324,9.30232558139535,36.04651162790697,54.65116279069767,47.674418604651166,6.976744186046512
E00049340,127,56,15,41,71,66,5,44.09448818897638,11.811023622047244,32.28346456692913,55.90551181102362,51.96850393700787,3.937007874015748
E00049341,111,33,9,24,78,68,10,29.72972972972973,8.108108108108109,21.62162162162162,70.27027027027027,61.261261261261254,9.00900900900901
E00049342,147,51,17,34,96,82,14,34.69387755102041,11.564625850340136,23.12925170068027,65.3061224489796,55.78231292517006,9.523809523809524
E00049343,128,44,12,32,84,75,9,34.375,9.375,25,65.625,58.59375,7.03125
E00049344,130,40,13,27,90,79,11,30.76923076923077,10,20.76923076923077,69.23076923076923,60.76923076923077,8.461538461538462
E00049345,174,52,19,33,122,108,14,29.88505747126437,10.919540229885058,18.96551724137931,70.11494252873564,62.06896551724138,8.045977011494253
E00049346,114,37,10,27,77,65,12,32.45614035087719,8.771929824561402,23.684210526315788,67.54385964912281,57.01754385964912,10.526315789473683
E00049347,121,34,12,22,87,79,8,28.09917355371901,9.917355371900827,18.181818181818183,71.900826446281,65.28925619834712,6.6115702479338845
E00049348,126,50,17,33,76,67,9,39.682539682539684,13.492063492063492,26.190476190476193,60.317460317460316,53.17460317460318,7.142857142857142
E00049349,119,45,7,38,74,67,7,37.81512605042017,5.88235294117647,31.932773109243694,62.18487394957983,56.30252100840336,5.88235294117647
E00049350,162,47,14,33,115,104,11,29.01234567901235,8.641975308641975,20.37037037037037,70.98765432098766,64.19753086419753,6.790123456790123
E00049351,133,38,15,23,95,81,14,28.57142857142857,11.278195488721805,17.293233082706767,71.42857142857143,60.902255639097746,10.526315789473683
E00049352,178,66,38,28,112,101,11,37.07865168539326,21.34831460674157,15.730337078651685,62.92134831460674,56.74157303370787,6.179775280898876
E00049353,69,24,6,18,45,39,6,34.78260869565217,8.695652173913043,26.08695652173913,65.21739130434783,56.52173913043478,8.695652173913043
E00049354,128,50,20,30,78,69,9,39.0625,15.625,23.4375,60.9375,53.90625,7.03125
E00049355,82,22,8,14,60,52,8,26.82926829268293,9.75609756097561,17.073170731707318,73.17073170731707,63.41463414634146,9.75609756097561
E00049356,147,57,20,37,90,83,7,38.775510204081634,13.60544217687075,25.170068027210885,61.224489795918366,56.4625850340136,4.761904761904762
E00049357,144,39,16,23,105,95,10,27.083333333333332,11.11111111111111,15.972222222222221,72.91666666666666,65.97222222222221,6.944444444444445
E00049358,119,39,11,28,80,70,10,32.773109243697476,9.243697478991598,23.52941176470588,67.22689075630252,58.82352941176471,8.403361344537815
E00049359,144,52,25,27,92,78,14,36.11111111111111,17.36111111111111,18.75,63.888888888888886,54.166666666666664,9.722222222222223
E00049362,119,32,12,20,87,68,19,26.89075630252101,10.084033613445378,16.80672268907563,73.10924369747899,57.14285714285714,15.966386554621847
E00049363,110,38,14,24,72,65,7,34.54545454545455,12.727272727272727,21.818181818181817,65.45454545454545,59.09090909090909,6.363636363636363
E00049365,128,38,16,22,90,81,9,29.6875,12.5,17.1875,70.3125,63.28125,7.03125
E00049366,127,33,9,24,94,83,11,25.984251968503933,7.086614173228346,18.89763779527559,74.01574803149606,65.35433070866141,8.661417322834646
E00049368,130,28,10,18,102,90,12,21.53846153846154,7.6923076923076925,13.846153846153847,78.46153846153847,69.23076923076923,9.230769230769232
E00049369,106,33,12,21,73,63,10,31.132075471698112,11.320754716981133,19.81132075471698,68.86792452830188,59.43396226415094,9.433962264150944
E00049370,144,47,15,32,97,83,14,32.63888888888889,10.416666666666668,22.22222222222222,67.36111111111111,57.638888888888886,9.722222222222223
E00049374,133,58,15,43,75,70,5,43.609022556390975,11.278195488721805,32.33082706766917,56.390977443609025,52.63157894736842,3.7593984962406015
E00049375,124,47,12,35,77,62,15,37.903225806451616,9.67741935483871,28.225806451612907,62.096774193548384,50,12.096774193548388
E00049376,91,38,9,29,53,50,3,41.75824175824176,9.89010989010989,31.868131868131865,58.24175824175825,54.94505494505495,3.296703296703297
E00049378,183,59,26,33,124,113,11,32.240437158469945,14.207650273224044,18.0327868852459,67.75956284153006,61.74863387978142,6.0109289617486334
E00049379,125,45,15,30,80,68,12,36,12,24,64,54.400000000000006,9.6
E00049380,113,37,11,26,76,66,10,32.743362831858406,9.734513274336283,23.008849557522122,67.2566371681416,58.4070796460177,8.849557522123893
E00049381,124,42,11,31,82,73,9,33.87096774193548,8.870967741935484,25,66.12903225806451,58.87096774193549,7.258064516129033
E00049382,124,29,12,17,95,81,14,23.387096774193548,9.67741935483871,13.709677419354838,76.61290322580645,65.32258064516128,11.29032258064516
E00049383,173,37,13,24,136,120,16,21.38728323699422,7.514450867052023,13.872832369942195,78.61271676300578,69.36416184971098,9.248554913294797
E00049384,134,52,17,35,82,73,9,38.80597014925373,12.686567164179104,26.119402985074625,61.19402985074627,54.47761194029851,6.7164179104477615
E00049385,154,61,21,40,93,81,12,39.61038961038961,13.636363636363635,25.97402597402597,60.3896103896104,52.5974025974026,7.792207792207792
E00049386,145,59,18,41,86,72,14,40.689655172413794,12.413793103448276,28.27586206896552,59.310344827586206,49.6551724137931,9.655172413793103
E00049387,117,42,14,28,75,65,10,35.8974358974359,11.965811965811966,23.931623931623932,64.1025641025641,55.55555555555556,8.547008547008547
E00049388,210,57,17,40,153,138,15,27.142857142857142,8.095238095238095,19.047619047619047,72.85714285714285,65.71428571428571,7.142857142857142
E00049389,149,56,17,39,93,80,13,37.58389261744966,11.409395973154362,26.174496644295303,62.41610738255034,53.691275167785236,8.724832214765101
E00049390,142,44,13,31,98,87,11,30.985915492957744,9.15492957746479,21.830985915492956,69.01408450704226,61.267605633802816,7.746478873239436
E00049391,107,37,9,28,70,63,7,34.57943925233645,8.411214953271028,26.168224299065418,65.42056074766354,58.87850467289719,6.5420560747663545
E00049392,154,45,6,39,109,97,12,29.22077922077922,3.896103896103896,25.324675324675322,70.77922077922078,62.98701298701299,7.792207792207792
E00049393,149,52,14,38,97,79,18,34.899328859060404,9.395973154362416,25.503355704697988,65.1006711409396,53.02013422818792,12.080536912751679
E00049394,126,33,7,26,93,81,12,26.190476190476193,5.555555555555555,20.634920634920633,73.80952380952381,64.28571428571429,9.523809523809524
E00049395,166,64,18,46,102,92,10,38.55421686746988,10.843373493975903,27.710843373493976,61.44578313253012,55.42168674698795,6.024096385542169
E00049396,140,39,6,33,101,85,16,27.857142857142858,4.285714285714286,23.57142857142857,72.14285714285714,60.71428571428571,11.428571428571429
E00049397,117,44,14,30,73,66,7,37.60683760683761,11.965811965811966,25.64102564102564,62.39316239316239,56.41025641025641,5.982905982905983
E00049398,144,32,12,20,112,92,20,22.22222222222222,8.333333333333332,13.88888888888889,77.77777777777779,63.888888888888886,13.88888888888889
E00049399,99,26,4,22,73,67,6,26.262626262626267,4.040404040404041,22.22222222222222,73.73737373737373,67.67676767676768,6.0606060606060606
E00049400,119,43,12,31,76,68,8,36.134453781512605,10.084033613445378,26.05042016806723,63.86554621848739,57.14285714285714,6.722689075630252
E00049401,92,26,8,18,66,56,10,28.26086956521739,8.695652173913043,19.565217391304348,71.73913043478261,60.86956521739131,10.869565217391305
E00049402,80,19,8,11,61,54,7,23.75,10,13.750000000000002,76.25,67.5,8.75
E00049403,175,53,13,40,122,101,21,30.28571428571429,7.428571428571429,22.857142857142858,69.71428571428572,57.714285714285715,12
E00049404,103,33,10,23,70,64,6,32.038834951456316,9.70873786407767,22.330097087378643,67.96116504854369,62.13592233009708,5.825242718446602
E00049405,121,38,11,27,83,74,9,31.40495867768595,9.090909090909092,22.31404958677686,68.59504132231406,61.15702479338842,7.43801652892562
E00049406,85,28,9,19,57,54,3,32.94117647058823,10.588235294117647,22.35294117647059,67.05882352941175,63.52941176470588,3.5294117647058822
E00049407,121,32,13,19,89,82,7,26.446280991735538,10.743801652892563,15.702479338842975,73.55371900826447,67.76859504132231,5.785123966942149
E00049409,146,43,15,28,103,88,15,29.45205479452055,10.273972602739725,19.17808219178082,70.54794520547945,60.273972602739725,10.273972602739725
E00049410,123,33,6,27,90,79,11,26.82926829268293,4.878048780487805,21.951219512195124,73.17073170731707,64.22764227642277,8.94308943089431
E00049411,133,35,7,28,98,84,14,26.31578947368421,5.263157894736842,21.052631578947366,73.68421052631578,63.1578947368421,10.526315789473683
E00049412,135,56,16,40,79,66,13,41.48148148148148,11.851851851851853,29.629629629629626,58.51851851851851,48.888888888888886,9.62962962962963
E00049413,143,39,9,30,104,92,12,27.27272727272727,6.293706293706294,20.97902097902098,72.72727272727273,64.33566433566433,8.391608391608392
E00049414,175,37,7,30,138,111,27,21.142857142857142,4,17.142857142857142,78.85714285714286,63.42857142857142,15.428571428571427
E00049415,155,61,30,31,94,84,10,39.35483870967742,19.35483870967742,20,60.64516129032258,54.19354838709678,6.451612903225806
E00049416,148,40,15,25,108,97,11,27.027027027027028,10.135135135135135,16.89189189189189,72.97297297297297,65.54054054054053,7.4324324324324325
E00049417,139,32,9,23,107,90,17,23.021582733812952,6.474820143884892,16.546762589928058,76.97841726618705,64.74820143884892,12.23021582733813
E00049418,134,39,12,27,95,85,10,29.1044776119403,8.955223880597014,20.149253731343283,70.8955223880597,63.43283582089553,7.462686567164178
E00049419,187,51,16,35,136,102,34,27.27272727272727,8.55614973262032,18.71657754010695,72.72727272727273,54.54545454545454,18.181818181818183
E00049420,164,47,23,24,117,103,14,28.65853658536585,14.02439024390244,14.634146341463413,71.34146341463415,62.80487804878049,8.536585365853659
E00049421,221,90,19,71,131,117,14,40.723981900452486,8.597285067873303,32.126696832579185,59.276018099547514,52.94117647058824,6.334841628959276
E00049422,154,46,11,35,108,91,17,29.87012987012987,7.142857142857142,22.727272727272727,70.12987012987013,59.09090909090909,11.03896103896104
E00049423,133,35,7,28,98,82,16,26.31578947368421,5.263157894736842,21.052631578947366,73.68421052631578,61.65413533834586,12.030075187969924
E00049424,143,34,8,26,109,103,6,23.776223776223777,5.594405594405594,18.181818181818183,76.22377622377621,72.02797202797203,4.195804195804196
E00049425,173,46,13,33,127,116,11,26.589595375722542,7.514450867052023,19.07514450867052,73.41040462427746,67.05202312138728,6.358381502890173
E00049426,161,59,16,43,102,91,11,36.64596273291926,9.937888198757763,26.70807453416149,63.35403726708074,56.52173913043478,6.832298136645963
E00049427,172,47,14,33,125,112,13,27.325581395348834,8.13953488372093,19.186046511627907,72.67441860465115,65.11627906976744,7.55813953488372
E00049428,146,41,12,29,105,91,14,28.08219178082192,8.21917808219178,19.863013698630137,71.91780821917808,62.328767123287676,9.58904109589041
E00049429,113,27,2,25,86,80,6,23.893805309734514,1.7699115044247788,22.123893805309734,76.10619469026548,70.79646017699115,5.3097345132743365
E00049430,110,30,9,21,80,69,11,27.27272727272727,8.181818181818182,19.090909090909093,72.72727272727273,62.727272727272734,10
E00049431,151,40,11,29,111,104,7,26.490066225165563,7.28476821192053,19.205298013245034,73.50993377483444,68.87417218543047,4.635761589403973
E00049432,132,45,13,32,87,73,14,34.090909090909086,9.848484848484848,24.242424242424242,65.9090909090909,55.3030303030303,10.606060606060606
E00049433,150,39,13,26,111,101,10,26,8.666666666666668,17.333333333333336,74,67.33333333333333,6.666666666666667
E00049434,117,43,15,28,74,65,9,36.75213675213676,12.82051282051282,23.931623931623932,63.24786324786324,55.55555555555556,7.6923076923076925
E00049435,97,29,10,19,68,59,9,29.896907216494846,10.309278350515463,19.587628865979383,70.10309278350515,60.824742268041234,9.278350515463918
E00049436,113,42,15,27,71,66,5,37.16814159292036,13.274336283185843,23.893805309734514,62.83185840707964,58.4070796460177,4.424778761061947
E00049437,145,54,10,44,91,83,8,37.24137931034483,6.896551724137931,30.344827586206897,62.758620689655174,57.24137931034483,5.517241379310345
E00049438,164,39,13,26,125,113,12,23.78048780487805,7.926829268292683,15.853658536585366,76.21951219512195,68.90243902439023,7.317073170731707
E00049439,148,41,12,29,107,92,15,27.7027027027027,8.108108108108109,19.594594594594593,72.2972972972973,62.16216216216216,10.135135135135135
E00049440,147,42,12,30,105,94,11,28.57142857142857,8.16326530612245,20.408163265306122,71.42857142857143,63.94557823129252,7.482993197278912
E00049441,91,28,14,14,63,54,9,30.76923076923077,15.384615384615385,15.384615384615385,69.23076923076923,59.34065934065934,9.89010989010989
E00049442,168,41,12,29,127,111,16,24.404761904761905,7.142857142857142,17.261904761904763,75.59523809523809,66.07142857142857,9.523809523809524
E00049443,177,49,15,34,128,113,15,27.683615819209038,8.47457627118644,19.2090395480226,72.31638418079096,63.84180790960452,8.47457627118644
E00049444,132,47,13,34,85,75,10,35.60606060606061,9.848484848484848,25.757575757575758,64.39393939393939,56.81818181818182,7.575757575757576
E00049445,147,42,11,31,105,96,9,28.57142857142857,7.482993197278912,21.08843537414966,71.42857142857143,65.3061224489796,6.122448979591836
E00049446,91,25,8,17,66,56,10,27.472527472527474,8.791208791208792,18.681318681318682,72.52747252747253,61.53846153846154,10.989010989010989
E00049447,168,41,12,29,127,109,18,24.404761904761905,7.142857142857142,17.261904761904763,75.59523809523809,64.88095238095238,10.714285714285714
E00049448,159,39,14,25,120,104,16,24.528301886792452,8.80503144654088,15.723270440251572,75.47169811320755,65.40880503144653,10.062893081761008
E00049449,170,48,11,37,122,108,14,28.235294117647058,6.470588235294119,21.764705882352942,71.76470588235294,63.52941176470588,8.235294117647058
E00049450,170,46,12,34,124,108,16,27.058823529411764,7.0588235294117645,20,72.94117647058823,63.52941176470588,9.411764705882353
E00049451,138,48,9,39,90,81,9,34.78260869565217,6.521739130434782,28.26086956521739,65.21739130434783,58.69565217391305,6.521739130434782
E00049452,162,41,11,30,121,106,15,25.308641975308642,6.790123456790123,18.51851851851852,74.69135802469135,65.4320987654321,9.25925925925926
E00049453,140,44,10,34,96,72,24,31.428571428571427,7.142857142857142,24.285714285714285,68.57142857142857,51.42857142857142,17.142857142857142
E00049454,173,56,16,40,117,106,11,32.369942196531795,9.248554913294797,23.121387283236995,67.63005780346822,61.27167630057804,6.358381502890173
E00049455,120,38,14,24,82,69,13,31.666666666666664,11.666666666666666,20,68.33333333333333,57.49999999999999,10.833333333333334
E00049456,156,50,13,37,106,93,13,32.05128205128205,8.333333333333332,23.717948717948715,67.94871794871796,59.61538461538461,8.333333333333332
E00049457,100,27,10,17,73,67,6,27,10,17,73,67,6
E00049458,139,46,14,32,93,80,13,33.093525179856115,10.071942446043165,23.021582733812952,66.90647482014388,57.55395683453237,9.352517985611511
E00049459,186,41,11,30,145,128,17,22.043010752688172,5.913978494623656,16.129032258064516,77.95698924731182,68.81720430107528,9.13978494623656
E00049460,180,35,8,27,145,126,19,19.444444444444446,4.444444444444445,15,80.55555555555556,70,10.555555555555555
E00049461,114,37,11,26,77,68,9,32.45614035087719,9.649122807017543,22.807017543859647,67.54385964912281,59.64912280701754,7.894736842105263
E00049462,176,49,21,28,127,117,10,27.84090909090909,11.931818181818182,15.909090909090908,72.1590909090909,66.47727272727273,5.681818181818182
E00049463,140,44,20,24,96,88,8,31.428571428571427,14.285714285714285,17.142857142857142,68.57142857142857,62.857142857142854,5.714285714285714
E00049464,124,45,17,28,79,73,6,36.29032258064516,13.709677419354838,22.58064516129032,63.70967741935484,58.87096774193549,4.838709677419355
E00049465,170,41,16,25,129,114,15,24.11764705882353,9.411764705882353,14.705882352941178,75.88235294117646,67.05882352941175,8.823529411764707
E00049466,134,44,16,28,90,76,14,32.83582089552239,11.940298507462686,20.8955223880597,67.16417910447761,56.71641791044776,10.44776119402985
E00049467,119,30,6,24,89,71,18,25.210084033613445,5.042016806722689,20.168067226890756,74.78991596638656,59.66386554621849,15.126050420168067
E00049468,144,43,11,32,101,88,13,29.86111111111111,7.638888888888889,22.22222222222222,70.13888888888889,61.111111111111114,9.027777777777777
E00049469,139,33,12,21,106,91,15,23.741007194244602,8.633093525179856,15.107913669064748,76.2589928057554,65.46762589928058,10.79136690647482
E00049470,127,41,13,28,86,71,15,32.28346456692913,10.236220472440944,22.04724409448819,67.71653543307087,55.90551181102362,11.811023622047244
E00049471,161,50,18,32,111,93,18,31.05590062111801,11.180124223602485,19.875776397515526,68.94409937888199,57.7639751552795,11.180124223602485
E00049472,132,38,12,26,94,86,8,28.78787878787879,9.090909090909092,19.696969696969695,71.21212121212122,65.15151515151516,6.0606060606060606
E00049473,141,49,14,35,92,86,6,34.751773049645394,9.929078014184398,24.822695035460992,65.24822695035462,60.99290780141844,4.25531914893617
E00049474,117,40,13,27,77,68,9,34.18803418803419,11.11111111111111,23.076923076923077,65.8119658119658,58.119658119658126,7.6923076923076925
E00049475,118,32,9,23,86,70,16,27.11864406779661,7.627118644067797,19.491525423728813,72.88135593220339,59.32203389830508,13.559322033898304
E00049476,145,40,11,29,105,94,11,27.586206896551722,7.586206896551724,20,72.41379310344827,64.82758620689654,7.586206896551724
E00049478,168,51,15,36,117,98,19,30.357142857142854,8.928571428571429,21.428571428571427,69.64285714285714,58.333333333333336,11.30952380952381
E00049479,111,23,9,14,88,75,13,20.72072072072072,8.108108108108109,12.612612612612612,79.27927927927928,67.56756756756756,11.711711711711711
E00049480,117,41,15,26,76,67,9,35.04273504273504,12.82051282051282,22.22222222222222,64.95726495726495,57.26495726495726,7.6923076923076925
E00049481,110,28,7,21,82,75,7,25.454545454545453,6.363636363636363,19.090909090909093,74.54545454545455,68.18181818181817,6.363636363636363
E00049482,274,61,21,40,213,177,36,22.26277372262774,7.664233576642336,14.5985401459854,77.73722627737226,64.59854014598541,13.138686131386862
E00049483,152,31,11,20,121,102,19,20.394736842105264,7.236842105263158,13.157894736842104,79.60526315789474,67.10526315789474,12.5
E00049484,154,38,10,28,116,104,12,24.675324675324674,6.493506493506493,18.181818181818183,75.32467532467533,67.53246753246754,7.792207792207792
E00049485,152,49,16,33,103,78,25,32.23684210526316,10.526315789473683,21.710526315789476,67.76315789473685,51.31578947368421,16.447368421052634
E00049486,113,27,9,18,86,74,12,23.893805309734514,7.964601769911504,15.929203539823009,76.10619469026548,65.48672566371681,10.619469026548673
E00049487,109,37,15,22,72,65,7,33.94495412844037,13.761467889908257,20.18348623853211,66.05504587155964,59.63302752293578,6.422018348623854
E00049488,149,41,12,29,108,97,11,27.516778523489933,8.053691275167784,19.463087248322147,72.48322147651007,65.1006711409396,7.38255033557047
E00049489,192,52,14,38,140,122,18,27.083333333333332,7.291666666666667,19.791666666666664,72.91666666666666,63.541666666666664,9.375
E00049490,136,55,19,36,81,74,7,40.44117647058824,13.970588235294118,26.47058823529412,59.55882352941176,54.41176470588235,5.147058823529411
E00049492,163,44,12,32,119,104,15,26.993865030674847,7.361963190184049,19.631901840490798,73.00613496932516,63.80368098159509,9.202453987730062
E00049493,107,34,9,25,73,64,9,31.775700934579437,8.411214953271028,23.364485981308412,68.22429906542055,59.813084112149525,8.411214953271028
E00049494,189,48,19,29,141,120,21,25.396825396825395,10.052910052910052,15.343915343915343,74.60317460317461,63.49206349206349,11.11111111111111
E00049495,153,44,14,30,109,96,13,28.75816993464052,9.15032679738562,19.607843137254903,71.24183006535948,62.745098039215684,8.49673202614379
E00049496,147,52,18,34,95,85,10,35.374149659863946,12.244897959183673,23.12925170068027,64.62585034013605,57.82312925170068,6.802721088435375
E00049497,128,37,8,29,91,78,13,28.90625,6.25,22.65625,71.09375,60.9375,10.15625
E00049498,135,40,10,30,95,74,21,29.629629629629626,7.4074074074074066,22.22222222222222,70.37037037037037,54.81481481481482,15.555555555555555
E00049499,91,29,12,17,62,55,7,31.868131868131865,13.186813186813188,18.681318681318682,68.13186813186813,60.43956043956044,7.6923076923076925
E00049500,135,41,18,23,94,82,12,30.37037037037037,13.333333333333334,17.037037037037038,69.62962962962963,60.74074074074074,8.88888888888889
E00049501,107,30,14,16,77,65,12,28.037383177570092,13.084112149532709,14.953271028037381,71.96261682242991,60.747663551401864,11.214953271028037
E00049502,143,50,13,37,93,74,19,34.96503496503497,9.090909090909092,25.874125874125873,65.03496503496503,51.74825174825175,13.286713286713287
E00049503,142,48,20,28,94,84,10,33.80281690140845,14.084507042253522,19.718309859154928,66.19718309859155,59.154929577464785,7.042253521126761
E00049504,111,26,9,17,85,69,16,23.423423423423422,8.108108108108109,15.315315315315313,76.57657657657657,62.16216216216216,14.414414414414415
E00049505,139,40,15,25,99,85,14,28.776978417266186,10.79136690647482,17.985611510791365,71.22302158273382,61.15107913669065,10.071942446043165
E00049506,140,43,12,31,97,80,17,30.714285714285715,8.571428571428571,22.142857142857142,69.28571428571428,57.14285714285714,12.142857142857142
E00049507,112,40,6,34,72,56,16,35.714285714285715,5.357142857142857,30.357142857142854,64.28571428571429,50,14.285714285714285
E00049508,174,42,10,32,132,118,14,24.137931034482758,5.747126436781609,18.39080459770115,75.86206896551724,67.81609195402298,8.045977011494253
E00049509,99,26,7,19,73,68,5,26.262626262626267,7.07070707070707,19.19191919191919,73.73737373737373,68.68686868686868,5.05050505050505
E00049510,154,35,17,18,119,91,28,22.727272727272727,11.03896103896104,11.688311688311687,77.27272727272727,59.09090909090909,18.181818181818183
E00049511,149,35,16,19,114,96,18,23.48993288590604,10.738255033557047,12.751677852348994,76.51006711409396,64.42953020134227,12.080536912751679
E00049512,180,55,17,38,125,107,18,30.555555555555557,9.444444444444445,21.11111111111111,69.44444444444444,59.44444444444444,10
E00049513,114,44,10,34,70,53,17,38.59649122807017,8.771929824561402,29.82456140350877,61.40350877192983,46.49122807017544,14.912280701754385
E00049514,141,49,20,29,92,74,18,34.751773049645394,14.184397163120568,20.56737588652482,65.24822695035462,52.4822695035461,12.76595744680851
E00049515,122,30,7,23,92,81,11,24.59016393442623,5.737704918032787,18.852459016393443,75.40983606557377,66.39344262295081,9.01639344262295
E00049516,155,43,8,35,112,96,16,27.741935483870968,5.161290322580645,22.58064516129032,72.25806451612902,61.935483870967744,10.32258064516129
E00049517,104,28,9,19,76,62,14,26.923076923076923,8.653846153846153,18.269230769230766,73.07692307692307,59.61538461538461,13.461538461538462
E00049518,182,58,15,43,124,118,6,31.868131868131865,8.241758241758241,23.626373626373624,68.13186813186813,64.83516483516483,3.296703296703297
E00049519,139,46,15,31,93,83,10,33.093525179856115,10.79136690647482,22.302158273381295,66.90647482014388,59.71223021582733,7.1942446043165464
E00049520,124,28,7,21,96,78,18,22.58064516129032,5.64516129032258,16.93548387096774,77.41935483870968,62.903225806451616,14.516129032258066
E00049521,155,47,12,35,108,96,12,30.32258064516129,7.741935483870968,22.58064516129032,69.6774193548387,61.935483870967744,7.741935483870968
E00049522,133,30,11,19,103,86,17,22.55639097744361,8.270676691729323,14.285714285714285,77.44360902255639,64.66165413533834,12.781954887218044
E00049523,153,47,8,39,106,90,16,30.718954248366014,5.228758169934641,25.49019607843137,69.28104575163398,58.82352941176471,10.457516339869281
E00049524,235,59,14,45,176,149,27,25.106382978723403,5.957446808510639,19.148936170212767,74.8936170212766,63.40425531914894,11.48936170212766
E00049525,153,43,11,32,110,91,19,28.104575163398692,7.18954248366013,20.915032679738562,71.89542483660131,59.47712418300654,12.418300653594772
E00049527,189,50,15,35,139,109,30,26.455026455026452,7.936507936507936,18.51851851851852,73.54497354497354,57.67195767195767,15.873015873015872
E00049528,183,57,19,38,126,112,14,31.147540983606557,10.382513661202186,20.76502732240437,68.85245901639344,61.20218579234973,7.650273224043716
E00049529,98,31,6,25,67,61,6,31.63265306122449,6.122448979591836,25.510204081632654,68.36734693877551,62.244897959183675,6.122448979591836
E00049530,109,32,7,25,77,71,6,29.357798165137616,6.422018348623854,22.93577981651376,70.64220183486239,65.13761467889908,5.5045871559633035
E00049531,130,35,7,28,95,82,13,26.923076923076923,5.384615384615385,21.53846153846154,73.07692307692307,63.07692307692307,10
E00049532,140,45,18,27,95,82,13,32.142857142857146,12.857142857142856,19.28571428571429,67.85714285714286,58.57142857142858,9.285714285714286
E00049533,140,34,9,25,106,94,12,24.285714285714285,6.428571428571428,17.857142857142858,75.71428571428571,67.14285714285714,8.571428571428571
E00049534,224,61,18,43,163,144,19,27.232142857142854,8.035714285714286,19.196428571428573,72.76785714285714,64.28571428571429,8.482142857142858
E00049535,199,68,16,52,131,115,16,34.17085427135678,8.040201005025125,26.13065326633166,65.82914572864321,57.78894472361809,8.040201005025125
E00049536,107,33,16,17,74,62,12,30.8411214953271,14.953271028037381,15.887850467289718,69.1588785046729,57.943925233644855,11.214953271028037
E00049537,140,45,11,34,95,82,13,32.142857142857146,7.857142857142857,24.285714285714285,67.85714285714286,58.57142857142858,9.285714285714286
E00049538,243,65,18,47,178,163,15,26.748971193415638,7.4074074074074066,19.34156378600823,73.25102880658436,67.07818930041152,6.172839506172839
E00049539,148,37,4,33,111,98,13,25,2.7027027027027026,22.2972972972973,75,66.21621621621621,8.783783783783784
E00049540,130,36,7,29,94,79,15,27.692307692307693,5.384615384615385,22.30769230769231,72.3076923076923,60.76923076923077,11.538461538461538
E00049541,147,45,10,35,102,94,8,30.612244897959183,6.802721088435375,23.809523809523807,69.38775510204081,63.94557823129252,5.442176870748299
E00049542,146,53,17,36,93,83,10,36.3013698630137,11.643835616438356,24.65753424657534,63.6986301369863,56.849315068493155,6.8493150684931505
E00049543,146,38,8,30,108,97,11,26.027397260273972,5.47945205479452,20.54794520547945,73.97260273972603,66.43835616438356,7.534246575342466
E00049544,99,27,5,22,72,69,3,27.27272727272727,5.05050505050505,22.22222222222222,72.72727272727273,69.6969696969697,3.0303030303030303
E00049545,170,54,11,43,116,102,14,31.76470588235294,6.470588235294119,25.294117647058822,68.23529411764706,60,8.235294117647058
E00049546,104,22,6,16,82,70,12,21.153846153846153,5.769230769230769,15.384615384615385,78.84615384615384,67.3076923076923,11.538461538461538
E00049547,168,43,13,30,125,110,15,25.595238095238095,7.738095238095238,17.857142857142858,74.40476190476191,65.47619047619048,8.928571428571429
E00049548,187,58,15,43,129,118,11,31.016042780748666,8.0213903743315509,22.994652406417114,68.98395721925134,63.101604278074866,5.88235294117647
E00049549,195,46,14,32,149,131,18,23.589743589743588,7.179487179487179,16.41025641025641,76.41025641025641,67.17948717948717,9.230769230769232
E00049550,60,19,6,13,41,35,6,31.666666666666664,10,21.666666666666668,68.33333333333333,58.333333333333336,10
E00049551,132,38,8,30,94,82,12,28.78787878787879,6.0606060606060606,22.727272727272727,71.21212121212122,62.121212121212125,9.090909090909092
E00049552,134,46,11,35,88,76,12,34.32835820895522,8.208955223880597,26.119402985074625,65.67164179104478,56.71641791044776,8.955223880597014
E00049553,156,45,15,30,111,96,15,28.846153846153843,9.615384615384617,19.230769230769234,71.15384615384616,61.53846153846154,9.615384615384617
E00049554,211,66,24,42,145,131,14,31.27962085308057,11.374407582938389,19.90521327014218,68.72037914691943,62.08530805687204,6.6350710900473935
E00049556,179,49,15,34,130,107,23,27.37430167597765,8.379888268156424,18.994413407821227,72.62569832402235,59.77653631284916,12.849162011173185
E00049557,109,27,8,19,82,57,25,24.770642201834864,7.339449541284404,17.431192660550458,75.22935779816514,52.293577981651374,22.93577981651376
E00049558,139,34,6,28,105,96,9,24.46043165467626,4.316546762589928,20.14388489208633,75.53956834532374,69.06474820143885,6.474820143884892
E00049559,136,51,16,35,85,75,10,37.5,11.76470588235294,25.735294117647058,62.5,55.14705882352941,7.352941176470589
E00049560,113,31,13,18,82,73,9,27.43362831858407,11.504424778761061,15.929203539823009,72.56637168141593,64.60176991150442,7.964601769911504
E00049561,118,31,9,22,87,77,10,26.27118644067797,7.627118644067797,18.64406779661017,73.72881355932203,65.2542372881356,8.47457627118644
E00049562,158,46,15,31,112,100,12,29.11392405063291,9.49367088607595,19.62025316455696,70.88607594936708,63.29113924050633,7.59493670886076
E00049563,159,50,11,39,109,102,7,31.446540880503143,6.918238993710692,24.528301886792452,68.55345911949685,64.15094339622641,4.40251572327044
E00049564,140,43,9,34,97,81,16,30.714285714285715,6.428571428571428,24.285714285714285,69.28571428571428,57.85714285714286,11.428571428571429
E00049565,175,55,12,43,120,103,17,31.428571428571427,6.857142857142858,24.571428571428573,68.57142857142857,58.857142857142854,9.714285714285714
E00049566,229,59,19,40,170,150,20,25.76419213973799,8.296943231441048,17.46724890829694,74.235807860262,65.50218340611353,8.73362445414847
E00049567,91,28,8,20,63,62,1,30.76923076923077,8.791208791208792,21.978021978021978,69.23076923076923,68.13186813186813,1.098901098901099
E00049568,181,43,12,31,138,118,20,23.756906077348066,6.629834254143646,17.12707182320442,76.24309392265194,65.19337016574586,11.049723756906078
E00049569,101,32,12,20,69,64,5,31.683168316831683,11.881188118811881,19.801980198019802,68.31683168316832,63.366336633663366,4.9504950495049505
E00049570,174,39,10,29,135,117,18,22.413793103448278,5.747126436781609,16.666666666666664,77.58620689655173,67.24137931034483,10.344827586206897
E00049571,160,39,19,20,121,102,19,24.375,11.875,12.5,75.625,63.74999999999999,11.875
E00049572,117,37,10,27,80,73,7,31.62393162393162,8.547008547008547,23.076923076923077,68.37606837606837,62.39316239316239,5.982905982905983
E00049573,167,49,13,36,118,102,16,29.34131736526946,7.784431137724551,21.55688622754491,70.65868263473054,61.07784431137725,9.580838323353294
E00049574,140,37,11,26,103,85,18,26.42857142857143,7.857142857142857,18.571428571428573,73.57142857142858,60.71428571428571,12.857142857142856
E00049575,184,75,23,52,109,108,1,40.76086956521739,12.5,28.26086956521739,59.2391304347826,58.69565217391305,0.5434782608695652
E00049576,134,40,10,30,94,83,11,29.850746268656714,7.462686567164178,22.388059701492537,70.1492537313433,61.940298507462686,8.208955223880597
E00049577,112,30,6,24,82,72,10,26.785714285714285,5.357142857142857,21.428571428571427,73.21428571428571,64.28571428571429,8.928571428571429
E00049578,108,31,8,23,77,66,11,28.703703703703702,7.4074074074074066,21.296296296296298,71.29629629629629,61.111111111111114,10.185185185185185
E00049579,107,34,10,24,73,68,5,31.775700934579437,9.345794392523365,22.429906542056074,68.22429906542055,63.55140186915887,4.672897196261682
E00049580,174,57,21,36,117,105,12,32.758620689655174,12.068965517241379,20.689655172413794,67.24137931034483,60.3448275862069,6.896551724137931
E00049581,156,53,16,37,103,90,13,33.97435897435898,10.256410256410255,23.717948717948715,66.02564102564102,57.692307692307686,8.333333333333332
E00049582,116,38,12,26,78,74,4,32.758620689655174,10.344827586206897,22.413793103448278,67.24137931034483,63.793103448275865,3.4482758620689653
E00049583,176,41,10,31,135,120,15,23.295454545454543,5.681818181818182,17.613636363636363,76.70454545454545,68.18181818181817,8.522727272727272
E00049584,152,40,17,23,112,98,14,26.31578947368421,11.18421052631579,15.131578947368421,73.68421052631578,64.47368421052632,9.210526315789473
E00049585,169,38,10,28,131,124,7,22.485207100591715,5.9171597633136095,16.56804733727811,77.51479289940828,73.37278106508876,4.142011834319527
E00049586,120,38,11,27,82,64,18,31.666666666666664,9.166666666666666,22.5,68.33333333333333,53.333333333333336,15
E00049587,141,35,9,26,106,96,10,24.822695035460992,6.382978723404255,18.439716312056735,75.177304964539,68.08510638297872,7.092198581560284
E00049588,135,36,4,32,99,82,17,26.666666666666668,2.9629629629629632,23.703703703703706,73.33333333333333,60.74074074074074,12.592592592592592
E00049589,142,39,13,26,103,88,15,27.464788732394368,9.15492957746479,18.30985915492958,72.53521126760563,61.97183098591549,10.56338028169014
E00049590,159,50,18,32,109,84,25,31.446540880503143,11.320754716981133,20.125786163522015,68.55345911949685,52.83018867924528,15.723270440251572
E00049591,166,49,18,31,117,102,15,29.518072289156628,10.843373493975903,18.67469879518072,70.48192771084338,61.44578313253012,9.036144578313253
E00049592,204,44,13,31,160,135,25,21.568627450980394,6.372549019607843,15.196078431372548,78.43137254901961,66.17647058823529,12.254901960784313
E00049593,218,54,15,39,164,152,12,24.770642201834864,6.8807339449541285,17.889908256880734,75.22935779816514,69.72477064220183,5.5045871559633035
E00049594,117,31,12,19,86,79,7,26.495726495726498,10.256410256410255,16.23931623931624,73.50427350427351,67.52136752136752,5.982905982905983
E00049595,112,41,18,23,71,59,12,36.607142857142854,16.071428571428573,20.535714285714285,63.39285714285714,52.67857142857143,10.714285714285714
E00049596,150,47,15,32,103,83,20,31.333333333333336,10,21.333333333333336,68.66666666666667,55.333333333333336,13.333333333333334
E00049597,107,31,16,15,76,64,12,28.971962616822427,14.953271028037381,14.018691588785046,71.02803738317756,59.813084112149525,11.214953271028037
E00049598,111,40,16,24,71,59,12,36.03603603603604,14.414414414414415,21.62162162162162,63.96396396396396,53.153153153153156,10.81081081081081
E00049599,111,36,9,27,75,64,11,32.432432432432435,8.108108108108109,24.324324324324326,67.56756756756756,57.65765765765766,9.90990990990991
E00049600,141,49,14,35,92,80,12,34.751773049645394,9.929078014184398,24.822695035460992,65.24822695035462,56.73758865248227,8.51063829787234
E00049601,144,35,16,19,109,88,21,24.305555555555554,11.11111111111111,13.194444444444445,75.69444444444444,61.111111111111114,14.583333333333334
E00049602,54,15,4,11,39,33,6,27.77777777777778,7.4074074074074066,20.37037037037037,72.22222222222221,61.111111111111114,11.11111111111111
E00049603,163,47,13,34,116,91,25,28.834355828220858,7.975460122699387,20.858895705521473,71.16564417177914,55.828220858895705,15.337423312883436
E00049604,111,35,11,24,76,61,15,31.53153153153153,9.90990990990991,21.62162162162162,68.46846846846847,54.95495495495496,13.513513513513514
E00049605,152,36,11,25,116,106,10,23.684210526315788,7.236842105263158,16.447368421052634,76.31578947368422,69.73684210526315,6.578947368421052
E00049606,154,51,18,33,103,95,8,33.116883116883116,11.688311688311687,21.428571428571427,66.88311688311688,61.68831168831169,5.194805194805195
E00049607,136,33,5,28,103,88,15,24.264705882352942,3.6764705882352944,20.588235294117645,75.73529411764706,64.70588235294117,11.029411764705882
E00049608,198,61,12,49,137,122,15,30.808080808080806,6.0606060606060606,24.747474747474747,69.1919191919192,61.61616161616161,7.575757575757576
E00049609,127,33,6,27,94,86,8,25.984251968503933,4.724409448818897,21.25984251968504,74.01574803149606,67.71653543307087,6.299212598425196
E00049610,162,55,16,39,107,88,19,33.95061728395062,9.876543209876543,24.074074074074073,66.0493827160494,54.32098765432099,11.728395061728394
E00049611,120,43,16,27,77,58,19,35.833333333333336,13.333333333333334,22.5,64.16666666666667,48.333333333333336,15.833333333333332
E00049612,138,44,15,29,94,80,14,31.88405797101449,10.869565217391305,21.014492753623188,68.11594202898551,57.971014492753625,10.144927536231885
E00049613,180,54,17,37,126,110,16,30,9.444444444444445,20.555555555555554,70,61.111111111111114,8.88888888888889
E00049614,163,52,19,33,111,94,17,31.901840490797547,11.65644171779141,20.245398773006134,68.09815950920245,57.668711656441715,10.429447852760736
E00049615,179,50,10,40,129,109,20,27.932960893854748,5.58659217877095,22.3463687150838,72.06703910614524,60.893854748603346,11.1731843575419
E00049616,136,47,17,30,89,79,10,34.55882352941176,12.5,22.058823529411764,65.44117647058823,58.08823529411765,7.352941176470589
E00049617,125,31,11,20,94,84,10,24.8,8.799999999999999,16,75.2,67.2,8
E00049618,126,41,12,29,85,81,4,32.53968253968254,9.523809523809524,23.015873015873016,67.46031746031747,64.28571428571429,3.1746031746031744
E00049619,152,49,16,33,103,88,15,32.23684210526316,10.526315789473683,21.710526315789476,67.76315789473685,57.89473684210527,9.868421052631579
E00049620,153,35,11,24,118,98,20,22.875816993464053,7.18954248366013,15.686274509803921,77.12418300653596,64.05228758169935,13.071895424836603
E00049621,184,49,16,33,135,118,17,26.6304347826087,8.695652173913043,17.934782608695652,73.36956521739131,64.13043478260869,9.239130434782608
E00049622,144,39,15,24,105,91,14,27.083333333333332,10.416666666666668,16.666666666666664,72.91666666666666,63.19444444444444,9.722222222222223
E00049623,128,46,12,34,82,73,9,35.9375,9.375,26.5625,64.0625,57.03125,7.03125
E00049624,166,49,9,40,117,98,19,29.518072289156628,5.421686746987952,24.096385542168676,70.48192771084338,59.036144578313255,11.44578313253012
E00049625,151,45,13,32,106,97,9,29.80132450331126,8.609271523178808,21.192052980132452,70.19867549668875,64.23841059602648,5.960264900662252
E00049626,171,47,11,36,124,99,25,27.485380116959064,6.432748538011696,21.052631578947366,72.51461988304094,57.89473684210527,14.619883040935672
E00049627,138,46,9,37,92,84,8,33.33333333333333,6.521739130434782,26.811594202898554,66.66666666666666,60.86956521739131,5.797101449275362
E00049628,125,39,9,30,86,79,7,31.2,7.199999999999999,24,68.8,63.2,5.6000000000000005
E00049629,122,46,13,33,76,59,17,37.704918032786885,10.655737704918032,27.049180327868854,62.295081967213115,48.36065573770492,13.934426229508196
E00049630,152,37,8,29,115,101,14,24.342105263157894,5.263157894736842,19.078947368421055,75.6578947368421,66.44736842105263,9.210526315789473
E00049631,136,46,20,26,90,76,14,33.82352941176471,14.705882352941178,19.11764705882353,66.17647058823529,55.88235294117647,10.294117647058822
E00049632,128,45,15,30,83,75,8,35.15625,11.71875,23.4375,64.84375,58.59375,6.25
E00049633,129,35,13,22,94,84,10,27.131782945736433,10.077519379844961,17.05426356589147,72.86821705426357,65.11627906976744,7.751937984496124
E00049634,190,48,13,35,142,124,18,25.263157894736842,6.842105263157896,18.421052631578945,74.73684210526315,65.26315789473685,9.473684210526317
E00049635,123,32,8,24,91,80,11,26.01626016260163,6.504065040650407,19.51219512195122,73.98373983739837,65.04065040650406,8.94308943089431
E00049636,98,26,4,22,72,64,8,26.53061224489796,4.081632653061225,22.448979591836736,73.46938775510205,65.3061224489796,8.16326530612245
E00049637,174,50,11,39,124,108,16,28.735632183908045,6.321839080459771,22.413793103448278,71.26436781609196,62.06896551724138,9.195402298850574
E00049638,160,49,18,31,111,99,12,30.625000000000004,11.25,19.375,69.375,61.875,7.5
E00049639,101,28,5,23,73,62,11,27.722772277227726,4.9504950495049505,22.772277227722775,72.27722772277228,61.386138613861384,10.891089108910892
E00049640,120,41,14,27,79,70,9,34.166666666666664,11.666666666666666,22.5,65.83333333333333,58.333333333333336,7.5
E00049641,114,37,4,33,77,71,6,32.45614035087719,3.508771929824561,28.947368421052634,67.54385964912281,62.28070175438597,5.263157894736842
E00049642,169,41,11,30,128,112,16,24.2603550295858,6.508875739644971,17.75147928994083,75.7396449704142,66.27218934911244,9.467455621301776
E00049643,164,48,20,28,116,98,18,29.268292682926827,12.195121951219512,17.073170731707318,70.73170731707317,59.756097560975604,10.975609756097562
E00049644,61,20,7,13,41,37,4,32.78688524590164,11.475409836065573,21.311475409836063,67.21311475409836,60.65573770491803,6.557377049180328
E00049645,171,40,20,20,131,113,18,23.391812865497073,11.695906432748536,11.695906432748536,76.60818713450293,66.08187134502924,10.526315789473683
E00049646,139,41,14,27,98,85,13,29.496402877697843,10.071942446043165,19.424460431654676,70.50359712230215,61.15107913669065,9.352517985611511
E00049647,137,41,11,30,96,72,24,29.927007299270077,8.02919708029197,21.897810218978105,70.07299270072993,52.55474452554745,17.51824817518248
E00049648,101,34,17,17,67,60,7,33.663366336633665,16.831683168316832,16.831683168316832,66.33663366336634,59.4059405940594,6.9306930693069315
E00049649,136,40,12,28,96,87,9,29.411764705882355,8.823529411764707,20.588235294117645,70.58823529411765,63.970588235294116,6.61764705882353
E00049650,104,31,13,18,73,62,11,29.807692307692307,12.5,17.307692307692307,70.1923076923077,59.61538461538461,10.576923076923077
E00049651,61,16,6,10,45,39,6,26.229508196721312,9.836065573770492,16.39344262295082,73.77049180327869,63.934426229508205,9.836065573770492
E00049652,150,47,16,31,103,95,8,31.333333333333336,10.666666666666668,20.666666666666668,68.66666666666667,63.33333333333333,5.333333333333334
E00049653,101,32,11,21,69,61,8,31.683168316831683,10.891089108910892,20.792079207920793,68.31683168316832,60.396039603960396,7.920792079207921
E00049654,144,38,11,27,106,86,20,26.38888888888889,7.638888888888889,18.75,73.61111111111111,59.72222222222222,13.88888888888889
E00049655,122,44,13,31,78,63,15,36.0655737704918,10.655737704918032,25.40983606557377,63.934426229508205,51.63934426229508,12.295081967213115
E00049656,156,48,16,32,108,96,12,30.76923076923077,10.256410256410255,20.51282051282051,69.23076923076923,61.53846153846154,7.6923076923076925
E00049657,144,41,16,25,103,88,15,28.47222222222222,11.11111111111111,17.36111111111111,71.52777777777779,61.111111111111114,10.416666666666668
E00049658,132,39,11,28,93,83,10,29.545454545454547,8.333333333333332,21.21212121212121,70.45454545454545,62.878787878787875,7.575757575757576
E00049659,139,37,8,29,102,83,19,26.618705035971225,5.755395683453238,20.863309352517987,73.38129496402878,59.71223021582733,13.66906474820144
E00049660,122,30,15,15,92,79,13,24.59016393442623,12.295081967213115,12.295081967213115,75.40983606557377,64.75409836065575,10.655737704918032
E00049661,135,38,14,24,97,80,17,28.14814814814815,10.37037037037037,17.77777777777778,71.85185185185186,59.25925925925925,12.592592592592592
E00049662,95,30,12,18,65,52,13,31.57894736842105,12.631578947368421,18.947368421052634,68.42105263157895,54.736842105263165,13.684210526315791
E00049663,139,48,15,33,91,80,11,34.53237410071942,10.79136690647482,23.741007194244602,65.46762589928058,57.55395683453237,7.913669064748201
E00049664,146,42,17,25,104,84,20,28.767123287671232,11.643835616438356,17.123287671232877,71.23287671232876,57.534246575342465,13.698630136986301
E00049665,123,34,14,20,89,74,15,27.64227642276423,11.38211382113821,16.260162601626014,72.35772357723577,60.16260162601627,12.195121951219512
E00049666,338,80,20,60,258,222,36,23.668639053254438,5.9171597633136095,17.75147928994083,76.33136094674556,65.68047337278107,10.650887573964498
E00049667,128,40,12,28,88,70,18,31.25,9.375,21.875,68.75,54.6875,14.0625
E00049668,136,39,19,20,97,81,16,28.676470588235293,13.970588235294118,14.705882352941178,71.32352941176471,59.55882352941176,11.76470588235294
E00049669,118,33,6,27,85,64,21,27.966101694915253,5.084745762711865,22.88135593220339,72.03389830508475,54.23728813559322,17.796610169491526
E00049670,159,54,17,37,105,88,17,33.9622641509434,10.69182389937107,23.270440251572328,66.0377358490566,55.34591194968554,10.69182389937107
E00049671,201,74,26,48,127,101,26,36.81592039800995,12.935323383084576,23.88059701492537,63.18407960199005,50.24875621890548,12.935323383084576
E00049672,126,40,14,26,86,78,8,31.746031746031743,11.11111111111111,20.634920634920633,68.25396825396825,61.904761904761905,6.349206349206349
E00049673,147,41,12,29,106,92,14,27.89115646258503,8.16326530612245,19.727891156462583,72.10884353741497,62.585034013605444,9.523809523809524
E00049674,157,42,16,26,115,103,12,26.751592356687897,10.191082802547772,16.560509554140125,73.24840764331209,65.60509554140127,7.643312101910828
E00049675,111,36,4,32,75,61,14,32.432432432432435,3.6036036036036037,28.82882882882883,67.56756756756756,54.95495495495496,12.612612612612612
E00049676,137,48,11,37,89,83,6,35.03649635036496,8.02919708029197,27.00729927007299,64.96350364963503,60.58394160583942,4.37956204379562
E00049677,121,35,14,21,86,76,10,28.92561983471074,11.570247933884298,17.355371900826448,71.07438016528926,62.8099173553719,8.264462809917356
E00049678,113,35,12,23,78,66,12,30.973451327433626,10.619469026548673,20.353982300884958,69.02654867256636,58.4070796460177,10.619469026548673
E00049679,105,36,17,19,69,65,4,34.285714285714285,16.19047619047619,18.095238095238095,65.71428571428571,61.904761904761905,3.8095238095238098
E00049680,84,29,10,19,55,49,6,34.523809523809526,11.904761904761903,22.61904761904762,65.47619047619048,58.333333333333336,7.142857142857142
E00049681,206,52,12,40,154,118,36,25.24271844660194,5.825242718446602,19.41747572815534,74.75728155339806,57.28155339805825,17.475728155339805
E00049682,120,34,15,19,86,73,13,28.333333333333332,12.5,15.833333333333332,71.66666666666667,60.83333333333333,10.833333333333334
E00049683,174,56,19,37,118,97,21,32.18390804597701,10.919540229885058,21.26436781609195,67.81609195402298,55.74712643678161,12.068965517241379
E00049684,129,33,9,24,96,83,13,25.581395348837212,6.976744186046512,18.6046511627907,74.4186046511628,64.34108527131784,10.077519379844961
E00049685,91,31,13,18,60,46,14,34.065934065934066,14.285714285714285,19.78021978021978,65.93406593406593,50.54945054945055,15.384615384615385
E00049686,96,37,14,23,59,45,14,38.54166666666667,14.583333333333334,23.958333333333336,61.458333333333336,46.875,14.583333333333334
E00049687,136,35,16,19,101,86,15,25.735294117647058,11.76470588235294,13.970588235294118,74.26470588235294,63.23529411764706,11.029411764705882
E00049688,111,38,13,25,73,59,14,34.234234234234236,11.711711711711711,22.52252252252252,65.76576576576578,53.153153153153156,12.612612612612612
E00049689,175,61,21,40,114,99,15,34.85714285714286,12,22.857142857142858,65.14285714285715,56.57142857142857,8.571428571428571
E00049690,145,46,16,30,99,80,19,31.724137931034484,11.03448275862069,20.689655172413794,68.27586206896552,55.172413793103445,13.10344827586207
E00049691,139,39,10,29,100,89,11,28.05755395683453,7.1942446043165464,20.863309352517987,71.94244604316546,64.02877697841727,7.913669064748201
E00049692,122,37,11,26,85,69,16,30.327868852459016,9.01639344262295,21.311475409836063,69.67213114754098,56.557377049180324,13.114754098360656
E00049693,143,35,11,24,108,94,14,24.475524475524477,7.6923076923076925,16.783216783216783,75.52447552447552,65.73426573426573,9.79020979020979
E00049694,149,46,19,27,103,84,19,30.87248322147651,12.751677852348994,18.120805369127517,69.12751677852349,56.375838926174495,12.751677852348994
E00049695,224,59,23,36,165,134,31,26.339285714285715,10.267857142857142,16.071428571428573,73.66071428571429,59.82142857142857,13.839285714285715
E00049696,131,47,13,34,84,72,12,35.87786259541985,9.923664122137405,25.954198473282442,64.12213740458014,54.961832061068705,9.16030534351145
E00049697,100,31,12,19,69,64,5,31,12,19,69,64,5
E00049698,151,49,22,27,102,77,25,32.450331125827816,14.56953642384106,17.880794701986755,67.54966887417218,50.993377483443716,16.55629139072848
E00049699,122,33,15,18,89,76,13,27.049180327868854,12.295081967213115,14.754098360655737,72.95081967213115,62.295081967213115,10.655737704918032
E00049700,156,46,16,30,110,92,18,29.48717948717949,10.256410256410255,19.230769230769234,70.51282051282051,58.97435897435898,11.538461538461538
E00049701,119,34,12,22,85,79,6,28.57142857142857,10.084033613445378,18.487394957983195,71.42857142857143,66.38655462184873,5.042016806722689
E00049702,179,47,13,34,132,116,16,26.256983240223462,7.262569832402235,18.994413407821227,73.74301675977654,64.80446927374301,8.938547486033519
E00049703,124,31,6,25,93,79,14,25,4.838709677419355,20.161290322580644,75,63.70967741935484,11.29032258064516
E00049704,150,47,16,31,103,94,9,31.333333333333336,10.666666666666668,20.666666666666668,68.66666666666667,62.66666666666667,6
E00049705,90,25,7,18,65,55,10,27.77777777777778,7.777777777777778,20,72.22222222222221,61.111111111111114,11.11111111111111
E00049706,167,61,16,45,106,86,20,36.52694610778443,9.580838323353294,26.94610778443114,63.47305389221557,51.49700598802395,11.976047904191617
E00049707,133,48,22,26,85,73,12,36.09022556390977,16.541353383458645,19.548872180451127,63.90977443609023,54.88721804511278,9.022556390977442
E00049708,61,15,4,11,46,40,6,24.59016393442623,6.557377049180328,18.0327868852459,75.40983606557377,65.57377049180327,9.836065573770492
E00049709,126,38,10,28,88,73,15,30.158730158730158,7.936507936507936,22.22222222222222,69.84126984126983,57.936507936507944,11.904761904761903
E00049710,147,44,15,29,103,85,18,29.931972789115648,10.204081632653061,19.727891156462583,70.06802721088435,57.82312925170068,12.244897959183673
E00049711,133,40,11,29,93,78,15,30.075187969924812,8.270676691729323,21.804511278195488,69.92481203007519,58.64661654135338,11.278195488721805
E00049712,167,51,13,38,116,102,14,30.538922155688624,7.784431137724551,22.75449101796407,69.46107784431138,61.07784431137725,8.383233532934131
E00049713,138,46,19,27,92,79,13,33.33333333333333,13.768115942028986,19.565217391304348,66.66666666666666,57.2463768115942,9.420289855072465
E00049714,167,41,9,32,126,104,22,24.550898203592812,5.389221556886228,19.16167664670659,75.44910179640718,62.27544910179641,13.17365269461078
E00049715,95,33,5,28,62,55,7,34.73684210526316,5.263157894736842,29.47368421052631,65.26315789473685,57.89473684210527,7.368421052631578
E00049716,138,47,19,28,91,78,13,34.05797101449276,13.768115942028986,20.28985507246377,65.94202898550725,56.52173913043478,9.420289855072465
E00049717,108,37,10,27,71,60,11,34.25925925925926,9.25925925925926,25,65.74074074074075,55.55555555555556,10.185185185185185
E00049718,68,27,9,18,41,36,5,39.705882352941174,13.23529411764706,26.47058823529412,60.29411764705882,52.94117647058824,7.352941176470589
E00049719,111,44,14,30,67,50,17,39.63963963963964,12.612612612612612,27.027027027027028,60.36036036036037,45.04504504504504,15.315315315315313
E00049720,107,32,13,19,75,66,9,29.906542056074763,12.149532710280374,17.75700934579439,70.09345794392523,61.6822429906542,8.411214953271028
E00049721,125,34,10,24,91,80,11,27.200000000000003,8,19.2,72.8,64,8.799999999999999
E00049722,201,62,23,39,139,120,19,30.845771144278604,11.442786069651742,19.402985074626866,69.15422885572139,59.70149253731343,9.45273631840796
E00049723,125,38,13,25,87,84,3,30.4,10.4,20,69.6,67.2,2.4
E00049724,209,52,19,33,157,127,30,24.880382775119617,9.090909090909092,15.789473684210526,75.11961722488039,60.76555023923444,14.354066985645932
E00049725,176,58,23,35,118,96,22,32.95454545454545,13.068181818181818,19.886363636363637,67.04545454545455,54.54545454545454,12.5
E00049726,118,36,14,22,82,75,7,30.508474576271187,11.864406779661017,18.64406779661017,69.49152542372882,63.559322033898304,5.932203389830509
E00049727,113,28,7,21,85,73,12,24.778761061946902,6.1946902654867255,18.58407079646018,75.22123893805309,64.60176991150442,10.619469026548673
E00049728,143,40,6,34,103,88,15,27.972027972027973,4.195804195804196,23.776223776223777,72.02797202797203,61.53846153846154,10.48951048951049
E00049729,178,50,11,39,128,122,6,28.08988764044944,6.179775280898876,21.910112359550563,71.91011235955057,68.53932584269663,3.3707865168539324
E00049730,138,38,3,35,100,91,9,27.536231884057973,2.1739130434782608,25.36231884057971,72.46376811594203,65.94202898550725,6.521739130434782
E00049731,131,28,6,22,103,92,11,21.374045801526716,4.580152671755725,16.793893129770993,78.62595419847328,70.22900763358778,8.396946564885496
E00049732,211,68,26,42,143,115,28,32.22748815165877,12.322274881516588,19.90521327014218,67.77251184834124,54.502369668246445,13.270142180094787
E00049733,111,37,17,20,74,68,6,33.33333333333333,15.315315315315313,18.01801801801802,66.66666666666666,61.261261261261254,5.405405405405405
E00049734,123,43,15,28,80,74,6,34.959349593495936,12.195121951219512,22.76422764227642,65.04065040650406,60.16260162601627,4.878048780487805
E00049735,199,66,23,43,133,118,15,33.165829145728644,11.557788944723619,21.608040201005025,66.83417085427136,59.2964824120603,7.537688442211055
E00049736,144,58,24,34,86,80,6,40.27777777777778,16.666666666666664,23.61111111111111,59.72222222222222,55.55555555555556,4.166666666666666
E00049737,102,29,9,20,73,63,10,28.431372549019606,8.823529411764707,19.607843137254903,71.56862745098039,61.76470588235294,9.803921568627452
E00049738,148,53,22,31,95,83,12,35.810810810810814,14.864864864864865,20.945945945945947,64.1891891891892,56.08108108108109,8.108108108108109
E00049739,124,26,9,17,98,94,4,20.967741935483872,7.258064516129033,13.709677419354838,79.03225806451613,75.80645161290323,3.225806451612903
E00049740,145,49,10,39,96,80,16,33.793103448275865,6.896551724137931,26.89655172413793,66.20689655172414,55.172413793103445,11.03448275862069
E00049741,135,44,8,36,91,82,9,32.592592592592595,5.9259259259259265,26.666666666666668,67.4074074074074,60.74074074074074,6.666666666666667
E00049742,130,43,15,28,87,66,21,33.07692307692307,11.538461538461538,21.53846153846154,66.92307692307692,50.76923076923077,16.153846153846153
E00049743,165,56,20,36,109,94,15,33.939393939393945,12.121212121212121,21.818181818181817,66.06060606060606,56.96969696969697,9.090909090909092
E00049744,206,51,22,29,155,132,23,24.75728155339806,10.679611650485436,14.077669902912621,75.24271844660194,64.07766990291263,11.165048543689322
E00049745,156,61,24,37,95,85,10,39.1025641025641,15.384615384615385,23.717948717948715,60.89743589743589,54.48717948717948,6.41025641025641
E00049746,148,35,8,27,113,98,15,23.64864864864865,5.405405405405405,18.243243243243242,76.35135135135135,66.21621621621621,10.135135135135135
E00049747,133,37,11,26,96,82,14,27.819548872180448,8.270676691729323,19.548872180451127,72.18045112781954,61.65413533834586,10.526315789473683
E00049748,170,31,15,16,139,119,20,18.235294117647058,8.823529411764707,9.411764705882353,81.76470588235294,70,11.76470588235294
E00049749,132,44,14,30,88,83,5,33.33333333333333,10.606060606060606,22.727272727272727,66.66666666666666,62.878787878787875,3.787878787878788
E00049750,105,29,13,16,76,67,9,27.61904761904762,12.380952380952381,15.238095238095239,72.38095238095238,63.8095238095238,8.571428571428571
E00049751,168,53,13,40,115,106,9,31.547619047619047,7.738095238095238,23.809523809523807,68.45238095238095,63.095238095238095,5.357142857142857
E00049752,129,33,10,23,96,88,8,25.581395348837212,7.751937984496124,17.829457364341085,74.4186046511628,68.21705426356588,6.2015503875969
E00049753,99,27,4,23,72,59,13,27.27272727272727,4.040404040404041,23.232323232323232,72.72727272727273,59.59595959595959,13.131313131313133
E00049754,100,28,6,22,72,63,9,28.000000000000004,6,22,72,63,9
E00049755,87,27,7,20,60,51,9,31.03448275862069,8.045977011494253,22.988505747126435,68.96551724137932,58.620689655172406,10.344827586206897
E00049756,109,34,12,22,75,60,15,31.19266055045872,11.009174311926607,20.18348623853211,68.80733944954129,55.04587155963303,13.761467889908257
E00049757,86,20,4,16,66,58,8,23.25581395348837,4.651162790697675,18.6046511627907,76.74418604651163,67.44186046511628,9.30232558139535
E00049758,113,35,10,25,78,67,11,30.973451327433626,8.849557522123893,22.123893805309734,69.02654867256636,59.29203539823009,9.734513274336283
E00049759,157,57,26,31,100,93,7,36.30573248407643,16.560509554140125,19.745222929936308,63.69426751592356,59.23566878980891,4.45859872611465
E00049760,105,30,6,24,75,62,13,28.57142857142857,5.714285714285714,22.857142857142858,71.42857142857143,59.04761904761905,12.380952380952381
E00049761,160,55,20,35,105,91,14,34.375,12.5,21.875,65.625,56.875,8.75
E00049762,131,47,12,35,84,71,13,35.87786259541985,9.16030534351145,26.717557251908396,64.12213740458014,54.19847328244275,9.923664122137405
E00049763,177,66,26,40,111,98,13,37.28813559322034,14.689265536723164,22.598870056497177,62.71186440677966,55.367231638418076,7.344632768361582
E00049764,128,44,13,31,84,69,15,34.375,10.15625,24.21875,65.625,53.90625,11.71875
E00049765,119,49,10,39,70,64,6,41.17647058823529,8.403361344537815,32.773109243697476,58.82352941176471,53.78151260504202,5.042016806722689
E00049766,217,74,28,46,143,126,17,34.10138248847927,12.903225806451612,21.19815668202765,65.89861751152074,58.06451612903226,7.834101382488479
E00049767,169,59,33,26,110,92,18,34.9112426035503,19.526627218934912,15.384615384615385,65.08875739644971,54.437869822485204,10.650887573964498
E00049768,88,35,13,22,53,50,3,39.77272727272727,14.772727272727273,25,60.22727272727273,56.81818181818182,3.4090909090909087
E00049769,92,28,14,14,64,56,8,30.434782608695656,15.217391304347828,15.217391304347828,69.56521739130434,60.86956521739131,8.695652173913043
E00049770,71,32,10,22,39,36,3,45.07042253521127,14.084507042253522,30.985915492957744,54.929577464788736,50.70422535211267,4.225352112676056
E00049771,124,37,12,25,87,82,5,29.838709677419356,9.67741935483871,20.161290322580644,70.16129032258065,66.12903225806451,4.032258064516129
E00049772,86,38,9,29,48,46,2,44.18604651162791,10.465116279069768,33.72093023255814,55.81395348837209,53.48837209302325,2.3255813953488373
E00049773,233,84,20,64,149,124,25,36.05150214592275,8.583690987124463,27.467811158798284,63.94849785407726,53.21888412017167,10.72961373390558
E00049775,149,47,16,31,102,96,6,31.543624161073826,10.738255033557047,20.80536912751678,68.45637583892618,64.42953020134227,4.026845637583892
E00049776,145,35,10,25,110,102,8,24.137931034482758,6.896551724137931,17.24137931034483,75.86206896551724,70.34482758620689,5.517241379310345
E00049777,146,43,13,30,103,99,4,29.45205479452055,8.904109589041095,20.54794520547945,70.54794520547945,67.8082191780822,2.73972602739726
E00049778,141,54,23,31,87,83,4,38.297872340425535,16.312056737588655,21.98581560283688,61.702127659574465,58.86524822695035,2.8368794326241136
E00049779,156,45,13,32,111,103,8,28.846153846153843,8.333333333333332,20.51282051282051,71.15384615384616,66.02564102564102,5.128205128205128
E00049780,141,38,10,28,103,93,10,26.95035460992908,7.092198581560284,19.858156028368796,73.04964539007092,65.95744680851064,7.092198581560284
E00049781,144,46,16,30,98,91,7,31.944444444444443,11.11111111111111,20.833333333333336,68.05555555555556,63.19444444444444,4.861111111111112
E00049782,113,43,12,31,70,60,10,38.05309734513274,10.619469026548673,27.43362831858407,61.94690265486725,53.09734513274337,8.849557522123893
E00049783,120,29,9,20,91,78,13,24.166666666666668,7.5,16.666666666666664,75.83333333333333,65,10.833333333333334
E00049784,127,37,13,24,90,78,12,29.133858267716533,10.236220472440944,18.89763779527559,70.86614173228347,61.417322834645674,9.448818897637794
E00049785,120,46,14,32,74,63,11,38.333333333333336,11.666666666666666,26.666666666666668,61.66666666666667,52.5,9.166666666666666
E00049786,156,47,10,37,109,99,10,30.128205128205128,6.41025641025641,23.717948717948715,69.87179487179486,63.46153846153846,6.41025641025641
E00049787,132,55,13,42,77,65,12,41.66666666666667,9.848484848484848,31.818181818181817,58.333333333333336,49.24242424242424,9.090909090909092
E00049788,138,52,16,36,86,72,14,37.68115942028986,11.594202898550725,26.08695652173913,62.31884057971014,52.17391304347826,10.144927536231885
E00049789,79,20,5,15,59,55,4,25.31645569620253,6.329113924050633,18.9873417721519,74.68354430379746,69.62025316455697,5.063291139240507
E00049791,61,18,7,11,43,39,4,29.508196721311474,11.475409836065573,18.0327868852459,70.49180327868852,63.934426229508205,6.557377049180328
E00049792,105,36,11,25,69,58,11,34.285714285714285,10.476190476190476,23.809523809523807,65.71428571428571,55.23809523809524,10.476190476190476
E00049793,121,21,6,15,100,82,18,17.355371900826448,4.958677685950414,12.396694214876034,82.64462809917356,67.76859504132231,14.87603305785124
E00049794,156,51,17,34,105,93,12,32.69230769230769,10.897435897435898,21.794871794871796,67.3076923076923,59.61538461538461,7.6923076923076925
E00049795,169,44,19,25,125,116,9,26.035502958579883,11.242603550295858,14.792899408284024,73.96449704142012,68.63905325443787,5.325443786982249
E00049796,123,43,13,30,80,73,7,34.959349593495936,10.569105691056912,24.390243902439025,65.04065040650406,59.34959349593496,5.691056910569105
E00049797,143,55,17,38,88,81,7,38.46153846153847,11.888111888111888,26.573426573426573,61.53846153846154,56.64335664335665,4.895104895104895
E00049798,151,52,14,38,99,92,7,34.437086092715234,9.271523178807946,25.165562913907287,65.56291390728477,60.9271523178808,4.635761589403973
E00049799,114,31,10,21,83,74,9,27.192982456140353,8.771929824561402,18.421052631578945,72.80701754385966,64.91228070175438,7.894736842105263
E00049800,132,38,8,30,94,85,9,28.78787878787879,6.0606060606060606,22.727272727272727,71.21212121212122,64.39393939393939,6.8181818181818175
E00049801,137,34,11,23,103,94,9,24.817518248175183,8.02919708029197,16.78832116788321,75.18248175182481,68.61313868613139,6.569343065693431
E00049802,139,42,14,28,97,87,10,30.215827338129497,10.071942446043165,20.14388489208633,69.7841726618705,62.589928057553955,7.1942446043165464
E00049803,158,56,12,44,102,91,11,35.44303797468354,7.59493670886076,27.848101265822784,64.55696202531645,57.59493670886076,6.962025316455696
E00049804,97,36,15,21,61,52,9,37.11340206185567,15.463917525773196,21.649484536082475,62.88659793814433,53.608247422680414,9.278350515463918
E00049805,138,48,13,35,90,70,20,34.78260869565217,9.420289855072465,25.36231884057971,65.21739130434783,50.72463768115942,14.492753623188406
E00049806,193,57,16,41,136,114,22,29.533678756476682,8.290155440414509,21.243523316062177,70.46632124352331,59.067357512953365,11.398963730569948
E00049807,125,40,13,27,85,78,7,32,10.4,21.6,68,62.4,5.6000000000000005
E00049808,137,43,12,31,94,86,8,31.386861313868614,8.75912408759124,22.62773722627737,68.61313868613139,62.77372262773723,5.839416058394161
E00049809,151,53,8,45,98,83,15,35.099337748344375,5.298013245033113,29.80132450331126,64.90066225165563,54.966887417218544,9.933774834437086
E00049810,165,65,21,44,100,83,17,39.39393939393939,12.727272727272727,26.666666666666668,60.60606060606061,50.303030303030305,10.303030303030303
E00049811,102,27,7,20,75,67,8,26.47058823529412,6.862745098039216,19.607843137254903,73.52941176470588,65.68627450980392,7.8431372549019605
E00049812,108,30,8,22,78,68,10,27.77777777777778,7.4074074074074066,20.37037037037037,72.22222222222221,62.96296296296296,9.25925925925926
E00049813,102,36,13,23,66,56,10,35.294117647058826,12.745098039215685,22.54901960784314,64.70588235294117,54.90196078431373,9.803921568627452
E00049814,160,48,14,34,112,87,25,30,8.75,21.25,70,54.37499999999999,15.625
E00049815,117,29,8,21,88,74,14,24.786324786324787,6.837606837606838,17.94871794871795,75.21367521367522,63.24786324786324,11.965811965811966
E00049816,170,46,17,29,124,98,26,27.058823529411764,10,17.058823529411764,72.94117647058823,57.647058823529406,15.294117647058824
E00049817,137,33,10,23,104,85,19,24.087591240875913,7.2992700729927,16.78832116788321,75.91240875912408,62.04379562043796,13.86861313868613
E00049818,97,20,4,16,77,67,10,20.618556701030926,4.123711340206185,16.49484536082474,79.38144329896907,69.0721649484536,10.309278350515463
E00049819,116,35,12,23,81,66,15,30.17241379310345,10.344827586206897,19.82758620689655,69.82758620689656,56.896551724137936,12.931034482758621
E00049820,146,44,14,30,102,86,16,30.136986301369863,9.58904109589041,20.54794520547945,69.86301369863014,58.9041095890411,10.95890410958904
E00049821,156,44,16,28,112,99,13,28.205128205128204,10.256410256410255,17.94871794871795,71.7948717948718,63.46153846153846,8.333333333333332
E00049822,55,15,4,11,40,32,8,27.27272727272727,7.2727272727272725,20,72.72727272727273,58.18181818181818,14.545454545454545
E00049823,149,51,15,36,98,85,13,34.22818791946309,10.06711409395973,24.161073825503358,65.77181208053692,57.04697986577181,8.724832214765101
E00049824,152,51,16,35,101,78,23,33.55263157894737,10.526315789473683,23.026315789473685,66.44736842105263,51.31578947368421,15.131578947368421
E00049825,172,45,14,31,127,103,24,26.16279069767442,8.13953488372093,18.023255813953487,73.83720930232558,59.883720930232556,13.953488372093023
E00049826,162,46,15,31,116,103,13,28.39506172839506,9.25925925925926,19.1358024691358,71.60493827160494,63.580246913580254,8.024691358024691
E00049827,125,31,11,20,94,83,11,24.8,8.799999999999999,16,75.2,66.4,8.799999999999999
E00049828,118,35,11,24,83,76,7,29.66101694915254,9.322033898305085,20.33898305084746,70.33898305084746,64.40677966101694,5.932203389830509
E00049829,110,41,12,29,69,55,14,37.27272727272727,10.909090909090908,26.36363636363636,62.727272727272734,50,12.727272727272727
E00049830,137,29,6,23,108,94,14,21.16788321167883,4.37956204379562,16.78832116788321,78.83211678832117,68.61313868613139,10.218978102189782
E00049831,135,41,13,28,94,74,20,30.37037037037037,9.62962962962963,20.74074074074074,69.62962962962963,54.81481481481482,14.814814814814813
E00049832,97,27,11,16,70,58,12,27.835051546391753,11.34020618556701,16.49484536082474,72.16494845360825,59.79381443298969,12.371134020618557
E00049833,115,36,9,27,79,63,16,31.30434782608696,7.82608695652174,23.47826086956522,68.69565217391305,54.78260869565217,13.91304347826087
E00049834,130,41,14,27,89,75,14,31.538461538461537,10.76923076923077,20.76923076923077,68.46153846153847,57.692307692307686,10.76923076923077
E00049835,115,33,10,23,82,68,14,28.695652173913043,8.695652173913043,20,71.30434782608695,59.130434782608695,12.173913043478262
E00049836,132,54,25,29,78,60,18,40.909090909090914,18.939393939393938,21.96969696969697,59.09090909090909,45.45454545454545,13.636363636363635
E00049837,158,51,20,31,107,90,17,32.278481012658226,12.658227848101266,19.62025316455696,67.72151898734177,56.9620253164557,10.759493670886076
E00049838,151,40,13,27,111,94,17,26.490066225165563,8.609271523178808,17.880794701986755,73.50993377483444,62.251655629139066,11.258278145695364
E00049839,159,58,30,28,101,73,28,36.477987421383645,18.867924528301888,17.61006289308176,63.52201257861635,45.911949685534594,17.61006289308176
E00049840,154,48,15,33,106,97,9,31.16883116883117,9.740259740259742,21.428571428571427,68.83116883116884,62.98701298701299,5.844155844155844
E00049841,125,46,11,35,79,68,11,36.8,8.799999999999999,28.000000000000004,63.2,54.400000000000006,8.799999999999999
E00049842,50,22,9,13,28,27,1,44,18,26,56.00000000000001,54,2
E00049843,144,44,10,34,100,90,10,30.555555555555557,6.944444444444445,23.61111111111111,69.44444444444444,62.5,6.944444444444445
E00049844,120,33,12,21,87,71,16,27.500000000000004,10,17.5,72.5,59.166666666666664,13.333333333333334
E00049845,114,41,9,32,73,60,13,35.96491228070175,7.894736842105263,28.07017543859649,64.03508771929825,52.63157894736842,11.403508771929824
E00049846,148,38,10,28,110,92,18,25.675675675675674,6.756756756756757,18.91891891891892,74.32432432432432,62.16216216216216,12.162162162162163
E00049847,72,30,11,19,42,37,5,41.66666666666667,15.277777777777779,26.38888888888889,58.333333333333336,51.388888888888886,6.944444444444445
E00049848,144,48,16,32,96,81,15,33.33333333333333,11.11111111111111,22.22222222222222,66.66666666666666,56.25,10.416666666666668
E00049849,114,40,12,28,74,57,17,35.08771929824561,10.526315789473683,24.561403508771928,64.91228070175438,50,14.912280701754385
E00049850,104,22,6,16,82,70,12,21.153846153846153,5.769230769230769,15.384615384615385,78.84615384615384,67.3076923076923,11.538461538461538
E00049851,154,46,13,33,108,92,16,29.87012987012987,8.441558441558442,21.428571428571427,70.12987012987013,59.74025974025974,10.38961038961039
E00049852,121,36,13,23,85,71,14,29.75206611570248,10.743801652892563,19.00826446280992,70.24793388429752,58.67768595041323,11.570247933884298
E00049853,122,34,16,18,88,72,16,27.86885245901639,13.114754098360656,14.754098360655737,72.1311475409836,59.01639344262295,13.114754098360656
E00049854,149,47,15,32,102,87,15,31.543624161073826,10.06711409395973,21.476510067114095,68.45637583892618,58.38926174496645,10.06711409395973
E00049855,159,47,13,34,112,93,19,29.559748427672954,8.176100628930817,21.38364779874214,70.44025157232704,58.490566037735846,11.949685534591195
E00049856,113,30,9,21,83,69,14,26.548672566371685,7.964601769911504,18.58407079646018,73.45132743362832,61.06194690265486,12.389380530973451
E00049857,136,28,12,16,108,91,17,20.588235294117645,8.823529411764707,11.76470588235294,79.41176470588235,66.91176470588235,12.5
E00049858,172,51,22,29,121,99,22,29.651162790697676,12.790697674418606,16.86046511627907,70.34883720930233,57.55813953488372,12.790697674418606
E00049859,116,39,10,29,77,66,11,33.62068965517241,8.620689655172415,25,66.37931034482759,56.896551724137936,9.482758620689655
E00049860,142,42,14,28,100,80,20,29.577464788732392,9.859154929577464,19.718309859154928,70.4225352112676,56.33802816901409,14.084507042253522
E00049861,103,28,8,20,75,66,9,27.184466019417474,7.766990291262135,19.41747572815534,72.81553398058253,64.07766990291263,8.737864077669903
E00049862,144,40,20,20,104,83,21,27.77777777777778,13.88888888888889,13.88888888888889,72.22222222222221,57.638888888888886,14.583333333333334
E00049863,160,50,21,29,110,90,20,31.25,13.125,18.125,68.75,56.25,12.5
E00049864,135,33,13,20,102,83,19,24.444444444444443,9.62962962962963,14.814814814814813,75.55555555555556,61.48148148148148,14.074074074074074
E00049865,107,28,10,18,79,67,12,26.168224299065418,9.345794392523365,16.822429906542055,73.83177570093457,62.616822429906534,11.214953271028037
E00049866,110,43,9,34,67,58,9,39.09090909090909,8.181818181818182,30.909090909090907,60.909090909090914,52.72727272727272,8.181818181818182
E00049867,143,37,22,15,106,78,28,25.874125874125873,15.384615384615385,10.48951048951049,74.12587412587412,54.54545454545454,19.58041958041958
E00049868,132,41,14,27,91,65,26,31.060606060606062,10.606060606060606,20.454545454545457,68.93939393939394,49.24242424242424,19.696969696969695
E00049869,138,48,24,24,90,69,21,34.78260869565217,17.391304347826086,17.391304347826086,65.21739130434783,50,15.217391304347828
E00049870,178,62,25,37,116,85,31,34.831460674157306,14.04494382022472,20.786516853932586,65.1685393258427,47.752808988764045,17.415730337078653
E00049871,120,49,20,29,71,65,6,40.833333333333336,16.666666666666664,24.166666666666668,59.166666666666664,54.166666666666664,5
E00049872,167,39,19,20,128,114,14,23.353293413173652,11.377245508982035,11.976047904191617,76.64670658682635,68.26347305389223,8.383233532934131
E00049873,111,25,9,16,86,71,15,22.52252252252252,8.108108108108109,14.414414414414415,77.47747747747748,63.96396396396396,13.513513513513514
E00049874,154,37,12,25,117,103,14,24.025974025974026,7.792207792207792,16.233766233766232,75.97402597402598,66.88311688311688,9.090909090909092
E00049875,178,42,12,30,136,115,21,23.595505617977526,6.741573033707865,16.853932584269664,76.40449438202246,64.60674157303372,11.797752808988763
E00049876,146,46,9,37,100,86,14,31.506849315068493,6.164383561643835,25.34246575342466,68.4931506849315,58.9041095890411,9.58904109589041
E00049877,111,39,14,25,72,65,7,35.13513513513514,12.612612612612612,22.52252252252252,64.86486486486487,58.55855855855856,6.306306306306306
E00049878,127,39,13,26,88,80,8,30.708661417322837,10.236220472440944,20.47244094488189,69.29133858267717,62.99212598425197,6.299212598425196
E00049879,106,35,9,26,71,58,13,33.0188679245283,8.49056603773585,24.528301886792452,66.98113207547169,54.71698113207547,12.264150943396226
E00049880,238,55,22,33,183,161,22,23.10924369747899,9.243697478991598,13.865546218487395,76.89075630252101,67.64705882352942,9.243697478991598
E00049881,132,37,13,24,95,84,11,28.030303030303028,9.848484848484848,18.181818181818183,71.96969696969697,63.63636363636363,8.333333333333332
E00049882,130,36,13,23,94,76,18,27.692307692307693,10,17.692307692307693,72.3076923076923,58.46153846153847,13.846153846153847
E00049883,109,34,11,23,75,68,7,31.19266055045872,10.091743119266056,21.100917431192663,68.80733944954129,62.38532110091744,6.422018348623854
E00049884,152,32,6,26,120,101,19,21.052631578947366,3.9473684210526314,17.105263157894736,78.94736842105263,66.44736842105263,12.5
E00049885,89,25,9,16,64,54,10,28.08988764044944,10.112359550561797,17.97752808988764,71.91011235955057,60.67415730337079,11.235955056179774
E00049886,155,34,15,19,121,110,11,21.935483870967744,9.67741935483871,12.258064516129032,78.06451612903226,70.96774193548387,7.096774193548387
E00049887,178,51,12,39,127,106,21,28.651685393258425,6.741573033707865,21.910112359550563,71.34831460674157,59.55056179775281,11.797752808988763
E00049888,128,40,12,28,88,76,12,31.25,9.375,21.875,68.75,59.375,9.375
E00049889,175,46,12,34,129,118,11,26.285714285714285,6.857142857142858,19.428571428571427,73.71428571428571,67.42857142857143,6.2857142857142865
E00049890,256,75,28,47,181,156,25,29.296875,10.9375,18.359375,70.703125,60.9375,9.765625
E00049891,156,36,9,27,120,106,14,23.076923076923077,5.769230769230769,17.307692307692307,76.92307692307693,67.94871794871796,8.974358974358974
E00049892,152,39,11,28,113,101,12,25.657894736842106,7.236842105263158,18.421052631578945,74.3421052631579,66.44736842105263,7.894736842105263
E00049893,226,50,14,36,176,162,14,22.123893805309734,6.1946902654867255,15.929203539823009,77.87610619469027,71.68141592920354,6.1946902654867255
E00049894,149,39,12,27,110,94,16,26.174496644295303,8.053691275167784,18.120805369127517,73.8255033557047,63.08724832214765,10.738255033557047
E00049895,173,57,24,33,116,105,11,32.947976878612714,13.872832369942195,19.07514450867052,67.05202312138728,60.69364161849711,6.358381502890173
E00049896,134,38,19,19,96,83,13,28.35820895522388,14.17910447761194,14.17910447761194,71.64179104477611,61.940298507462686,9.701492537313433
E00049897,164,52,11,41,112,100,12,31.70731707317073,6.707317073170732,25,68.29268292682927,60.97560975609756,7.317073170731707
E00049898,218,64,27,37,154,132,22,29.357798165137616,12.385321100917432,16.972477064220186,70.64220183486239,60.550458715596335,10.091743119266056
E00049899,130,40,16,24,90,75,15,30.76923076923077,12.307692307692308,18.461538461538463,69.23076923076923,57.692307692307686,11.538461538461538
E00049900,100,30,6,24,70,64,6,30,6,24,70,64,6
E00049901,124,46,15,31,78,71,7,37.096774193548384,12.096774193548388,25,62.903225806451616,57.25806451612904,5.64516129032258
E00049902,126,47,13,34,79,69,10,37.301587301587304,10.317460317460316,26.984126984126984,62.698412698412696,54.761904761904766,7.936507936507936
E00049903,158,36,14,22,122,104,18,22.78481012658228,8.860759493670885,13.924050632911392,77.21518987341773,65.82278481012658,11.39240506329114
E00049904,125,34,10,24,91,80,11,27.200000000000003,8,19.2,72.8,64,8.799999999999999
E00049905,104,29,10,19,75,70,5,27.884615384615387,9.615384615384617,18.269230769230766,72.11538461538461,67.3076923076923,4.807692307692308
E00049906,182,52,18,34,130,116,14,28.57142857142857,9.89010989010989,18.681318681318682,71.42857142857143,63.73626373626373,7.6923076923076925
E00049907,155,42,8,34,113,99,14,27.09677419354839,5.161290322580645,21.935483870967744,72.90322580645162,63.87096774193548,9.032258064516128
E00049908,91,26,8,18,65,58,7,28.57142857142857,8.791208791208792,19.78021978021978,71.42857142857143,63.73626373626373,7.6923076923076925
E00049909,162,54,15,39,108,96,12,33.33333333333333,9.25925925925926,24.074074074074073,66.66666666666666,59.25925925925925,7.4074074074074066
E00049910,148,43,14,29,105,92,13,29.054054054054053,9.45945945945946,19.594594594594593,70.94594594594594,62.16216216216216,8.783783783783784
E00049911,85,25,13,12,60,49,11,29.411764705882355,15.294117647058824,14.117647058823529,70.58823529411765,57.647058823529406,12.941176470588237
E00049912,156,42,9,33,114,97,17,26.923076923076923,5.769230769230769,21.153846153846153,73.07692307692307,62.17948717948718,10.897435897435898
E00049913,215,68,24,44,147,125,22,31.627906976744185,11.162790697674419,20.46511627906977,68.37209302325581,58.139534883720934,10.232558139534884
E00049914,209,55,19,36,154,134,20,26.31578947368421,9.090909090909092,17.22488038277512,73.68421052631578,64.11483253588517,9.569377990430622
E00049915,211,63,20,43,148,128,20,29.85781990521327,9.47867298578199,20.379146919431278,70.14218009478674,60.66350710900474,9.47867298578199
E00049916,119,32,11,21,87,72,15,26.89075630252101,9.243697478991598,17.647058823529413,73.10924369747899,60.50420168067227,12.605042016806722
E00049917,185,44,13,31,141,118,23,23.783783783783786,7.027027027027027,16.756756756756758,76.21621621621621,63.78378378378379,12.432432432432433
E00049918,153,45,16,29,108,97,11,29.411764705882355,10.457516339869281,18.954248366013072,70.58823529411765,63.39869281045751,7.18954248366013
E00049919,156,57,16,41,99,82,17,36.53846153846153,10.256410256410255,26.282051282051285,63.46153846153846,52.56410256410257,10.897435897435898
E00049920,113,31,7,24,82,70,12,27.43362831858407,6.1946902654867255,21.238938053097346,72.56637168141593,61.94690265486725,10.619469026548673
E00049921,128,27,7,20,101,90,11,21.09375,5.46875,15.625,78.90625,70.3125,8.59375
E00049922,121,28,10,18,93,82,11,23.140495867768596,8.264462809917356,14.87603305785124,76.85950413223141,67.76859504132231,9.090909090909092
E00049923,147,47,9,38,100,91,9,31.97278911564626,6.122448979591836,25.850340136054424,68.02721088435374,61.904761904761905,6.122448979591836
E00049924,141,46,16,30,95,89,6,32.62411347517731,11.347517730496454,21.27659574468085,67.37588652482269,63.12056737588653,4.25531914893617
E00049925,180,48,11,37,132,117,15,26.666666666666668,6.111111111111111,20.555555555555554,73.33333333333333,65,8.333333333333332
E00049926,189,57,5,52,132,105,27,30.158730158730158,2.6455026455026456,27.513227513227513,69.84126984126983,55.55555555555556,14.285714285714285
E00049927,121,37,6,31,84,72,12,30.57851239669421,4.958677685950414,25.6198347107438,69.42148760330579,59.50413223140496,9.917355371900827
E00049928,109,24,7,17,85,78,7,22.018348623853214,6.422018348623854,15.59633027522936,77.98165137614679,71.55963302752293,6.422018348623854
E00049929,140,37,12,25,103,84,19,26.42857142857143,8.571428571428571,17.857142857142858,73.57142857142858,60,13.571428571428571
E00049930,126,29,8,21,97,84,13,23.015873015873016,6.349206349206349,16.666666666666664,76.98412698412699,66.66666666666666,10.317460317460316
E00049931,124,35,11,24,89,76,13,28.225806451612907,8.870967741935484,19.35483870967742,71.7741935483871,61.29032258064516,10.483870967741936
E00049932,164,37,9,28,127,113,14,22.5609756097561,5.487804878048781,17.073170731707318,77.4390243902439,68.90243902439023,8.536585365853659
E00049933,157,45,18,27,112,105,7,28.662420382165603,11.464968152866243,17.197452229299362,71.3375796178344,66.87898089171973,4.45859872611465
E00049935,140,47,14,33,93,87,6,33.57142857142857,10,23.57142857142857,66.42857142857143,62.142857142857146,4.285714285714286
E00049936,100,33,12,21,67,57,10,33,12,21,67,56.99999999999999,10
E00049937,106,21,7,14,85,78,7,19.81132075471698,6.60377358490566,13.20754716981132,80.18867924528303,73.58490566037736,6.60377358490566
E00049938,118,37,12,25,81,75,6,31.35593220338983,10.16949152542373,21.1864406779661,68.64406779661016,63.559322033898304,5.084745762711865
E00049939,155,45,12,33,110,97,13,29.03225806451613,7.741935483870968,21.29032258064516,70.96774193548387,62.58064516129033,8.38709677419355
E00049940,141,38,10,28,103,90,13,26.95035460992908,7.092198581560284,19.858156028368796,73.04964539007092,63.829787234042556,9.219858156028367
E00049941,157,47,17,30,110,94,16,29.936305732484076,10.828025477707007,19.10828025477707,70.06369426751591,59.87261146496815,10.191082802547772
E00049942,113,38,11,27,75,69,6,33.6283185840708,9.734513274336283,23.893805309734514,66.3716814159292,61.06194690265486,5.3097345132743365
E00049943,157,46,20,26,111,88,23,29.29936305732484,12.738853503184714,16.560509554140125,70.70063694267516,56.05095541401274,14.64968152866242
E00049944,147,38,10,28,109,96,13,25.850340136054424,6.802721088435375,19.047619047619047,74.14965986394559,65.3061224489796,8.843537414965986
E00049945,116,37,13,24,79,68,11,31.896551724137932,11.206896551724139,20.689655172413794,68.10344827586206,58.620689655172406,9.482758620689655
E00049946,163,55,14,41,108,100,8,33.74233128834356,8.588957055214724,25.153374233128833,66.25766871165644,61.34969325153374,4.9079754601226995
E00049947,151,54,14,40,97,82,15,35.76158940397351,9.271523178807946,26.490066225165563,64.23841059602648,54.3046357615894,9.933774834437086
E00049948,151,45,13,32,106,100,6,29.80132450331126,8.609271523178808,21.192052980132452,70.19867549668875,66.22516556291392,3.9735099337748347
E00049949,110,39,11,28,71,64,7,35.45454545454545,10,25.454545454545453,64.54545454545455,58.18181818181818,6.363636363636363
E00049950,130,44,13,31,86,78,8,33.84615384615385,10,23.846153846153847,66.15384615384615,60,6.153846153846154
E00049951,115,43,17,26,72,64,8,37.391304347826086,14.782608695652174,22.608695652173914,62.60869565217392,55.65217391304348,6.956521739130435
E00049952,122,42,16,26,80,80,0,34.42622950819672,13.114754098360656,21.311475409836063,65.57377049180327,65.57377049180327,0
E00049953,114,37,14,23,77,68,9,32.45614035087719,12.280701754385964,20.175438596491226,67.54385964912281,59.64912280701754,7.894736842105263
E00049954,121,38,7,31,83,78,5,31.40495867768595,5.785123966942149,25.6198347107438,68.59504132231406,64.46280991735537,4.132231404958678
E00049955,145,33,9,24,112,98,14,22.758620689655174,6.206896551724138,16.551724137931036,77.24137931034483,67.58620689655173,9.655172413793103
E00049956,122,45,10,35,77,68,9,36.885245901639344,8.19672131147541,28.688524590163933,63.114754098360656,55.73770491803278,7.377049180327869
E00049957,129,41,13,28,88,80,8,31.782945736434108,10.077519379844961,21.705426356589147,68.21705426356588,62.01550387596899,6.2015503875969
E00049958,147,44,10,34,103,83,20,29.931972789115648,6.802721088435375,23.12925170068027,70.06802721088435,56.4625850340136,13.60544217687075
E00049959,126,31,7,24,95,87,8,24.6031746031746,5.555555555555555,19.047619047619047,75.39682539682539,69.04761904761905,6.349206349206349
E00049960,131,40,8,32,91,73,18,30.53435114503817,6.106870229007633,24.427480916030532,69.46564885496184,55.72519083969466,13.740458015267176
E00049961,140,33,7,26,107,94,13,23.57142857142857,5,18.571428571428573,76.42857142857142,67.14285714285714,9.285714285714286
E00049962,304,91,21,70,213,183,30,29.93421052631579,6.907894736842106,23.026315789473685,70.06578947368422,60.19736842105263,9.868421052631579
E00049963,119,34,9,25,85,76,9,28.57142857142857,7.563025210084033,21.008403361344538,71.42857142857143,63.86554621848739,7.563025210084033
E00049964,138,46,16,30,92,82,10,33.33333333333333,11.594202898550725,21.73913043478261,66.66666666666666,59.42028985507246,7.246376811594203
E00049966,210,58,18,40,152,134,18,27.61904761904762,8.571428571428571,19.047619047619047,72.38095238095238,63.8095238095238,8.571428571428571
E00049967,143,48,6,42,95,82,13,33.56643356643357,4.195804195804196,29.37062937062937,66.43356643356644,57.34265734265735,9.090909090909092
E00049968,105,31,4,27,74,63,11,29.523809523809526,3.8095238095238098,25.71428571428571,70.47619047619048,60,10.476190476190476
E00049969,135,37,12,25,98,85,13,27.40740740740741,8.88888888888889,18.51851851851852,72.5925925925926,62.96296296296296,9.62962962962963
E00049973,116,28,12,16,88,80,8,24.137931034482758,10.344827586206897,13.793103448275861,75.86206896551724,68.96551724137932,6.896551724137931
E00049974,125,37,11,26,88,80,8,29.599999999999998,8.799999999999999,20.8,70.39999999999999,64,6.4
E00049975,162,45,14,31,117,101,16,27.77777777777778,8.641975308641975,19.1358024691358,72.22222222222221,62.34567901234568,9.876543209876543
E00049976,190,54,17,37,136,128,8,28.421052631578945,8.947368421052632,19.473684210526315,71.57894736842105,67.36842105263158,4.2105263157894735
E00049977,266,68,14,54,198,178,20,25.563909774436087,5.263157894736842,20.30075187969925,74.43609022556392,66.9172932330827,7.518796992481203
E00049980,150,43,7,36,107,91,16,28.666666666666668,4.666666666666667,24,71.33333333333334,60.66666666666667,10.666666666666668
E00049981,96,23,5,18,73,66,7,23.958333333333336,5.208333333333334,18.75,76.04166666666666,68.75,7.291666666666667
E00049982,108,44,11,33,64,58,6,40.74074074074074,10.185185185185185,30.555555555555557,59.25925925925925,53.70370370370371,5.555555555555555
E00049983,67,16,6,10,51,47,4,23.88059701492537,8.955223880597014,14.925373134328357,76.11940298507463,70.1492537313433,5.970149253731343
E00049985,124,32,16,16,92,80,12,25.806451612903224,12.903225806451612,12.903225806451612,74.19354838709677,64.51612903225806,9.67741935483871
E00049986,98,40,13,27,58,53,5,40.816326530612244,13.26530612244898,27.55102040816326,59.183673469387756,54.08163265306123,5.1020408163265305
E00049987,129,39,7,32,90,78,12,30.23255813953488,5.426356589147287,24.8062015503876,69.76744186046511,60.46511627906976,9.30232558139535
E00049988,140,45,16,29,95,79,16,32.142857142857146,11.428571428571429,20.714285714285715,67.85714285714286,56.42857142857143,11.428571428571429
E00049989,93,20,13,7,73,62,11,21.50537634408602,13.978494623655912,7.526881720430108,78.49462365591397,66.66666666666666,11.827956989247312
E00049990,97,31,13,18,66,56,10,31.958762886597935,13.402061855670103,18.556701030927837,68.04123711340206,57.73195876288659,10.309278350515463
E00049991,114,33,5,28,81,68,13,28.947368421052634,4.385964912280701,24.561403508771928,71.05263157894737,59.64912280701754,11.403508771929824
E00049992,70,20,7,13,50,48,2,28.57142857142857,10,18.571428571428573,71.42857142857143,68.57142857142857,2.857142857142857
E00049993,81,20,8,12,61,55,6,24.691358024691358,9.876543209876543,14.814814814814813,75.30864197530865,67.90123456790124,7.4074074074074066
E00049994,125,36,9,27,89,81,8,28.799999999999997,7.199999999999999,21.6,71.2,64.8,6.4
E00049995,132,39,10,29,93,80,13,29.545454545454547,7.575757575757576,21.96969696969697,70.45454545454545,60.60606060606061,9.848484848484848
E00049996,178,54,14,40,124,109,15,30.337078651685395,7.865168539325842,22.47191011235955,69.66292134831461,61.23595505617978,8.426966292134832
E00049997,136,46,16,30,90,78,12,33.82352941176471,11.76470588235294,22.058823529411764,66.17647058823529,57.35294117647059,8.823529411764707
E00049999,122,32,9,23,90,81,9,26.229508196721312,7.377049180327869,18.852459016393443,73.77049180327869,66.39344262295081,7.377049180327869
E00050000,90,25,6,19,65,55,10,27.77777777777778,6.666666666666667,21.11111111111111,72.22222222222221,61.111111111111114,11.11111111111111
E00050001,112,33,7,26,79,69,10,29.464285714285715,6.25,23.214285714285715,70.53571428571429,61.60714285714286,8.928571428571429
E00050002,174,58,22,36,116,110,6,33.33333333333333,12.643678160919542,20.689655172413794,66.66666666666666,63.2183908045977,3.4482758620689653
E00050003,104,34,14,20,70,66,4,32.69230769230769,13.461538461538462,19.230769230769234,67.3076923076923,63.46153846153846,3.8461538461538463
E00050004,184,48,17,31,136,126,10,26.08695652173913,9.239130434782608,16.847826086956523,73.91304347826086,68.47826086956522,5.434782608695652
E00050005,162,42,7,35,120,103,17,25.925925925925924,4.320987654320987,21.604938271604937,74.07407407407408,63.580246913580254,10.493827160493826
E00050010,193,60,15,45,133,114,19,31.088082901554404,7.772020725388601,23.316062176165804,68.9119170984456,59.067357512953365,9.844559585492227
E00050011,170,58,6,52,112,97,15,34.11764705882353,3.5294117647058822,30.58823529411765,65.88235294117646,57.05882352941176,8.823529411764707
E00050013,122,37,9,28,85,76,9,30.327868852459016,7.377049180327869,22.950819672131146,69.67213114754098,62.295081967213115,7.377049180327869
E00050014,133,36,10,26,97,87,10,27.06766917293233,7.518796992481203,19.548872180451127,72.93233082706767,65.41353383458647,7.518796992481203
E00050015,186,48,19,29,138,128,10,25.806451612903224,10.21505376344086,15.591397849462366,74.19354838709677,68.81720430107528,5.376344086021505
E00050016,128,61,21,40,67,61,6,47.65625,16.40625,31.25,52.34375,47.65625,4.6875
E00050017,133,51,13,38,82,66,16,38.34586466165413,9.774436090225564,28.57142857142857,61.65413533834586,49.62406015037594,12.030075187969924
E00050018,141,42,12,30,99,82,17,29.78723404255319,8.51063829787234,21.27659574468085,70.2127659574468,58.156028368794324,12.056737588652481
E00050019,120,36,12,24,84,80,4,30,10,20,70,66.66666666666666,3.3333333333333335
E00050020,136,41,13,28,95,84,11,30.14705882352941,9.558823529411764,20.588235294117645,69.85294117647058,61.76470588235294,8.088235294117647
E00050021,110,40,9,31,70,60,10,36.36363636363637,8.181818181818182,28.18181818181818,63.63636363636363,54.54545454545454,9.090909090909092
E00050022,152,56,9,47,96,82,14,36.84210526315789,5.921052631578947,30.92105263157895,63.1578947368421,53.94736842105263,9.210526315789473
E00050023,170,57,19,38,113,102,11,33.52941176470588,11.176470588235295,22.35294117647059,66.47058823529412,60,6.470588235294119
E00050024,145,38,11,27,107,91,16,26.20689655172414,7.586206896551724,18.620689655172416,73.79310344827587,62.758620689655174,11.03448275862069
E00050025,150,43,11,32,107,99,8,28.666666666666668,7.333333333333333,21.333333333333336,71.33333333333334,66,5.333333333333334
E00050026,157,52,17,35,105,93,12,33.12101910828025,10.828025477707007,22.29299363057325,66.87898089171973,59.23566878980891,7.643312101910828
E00050027,168,49,12,37,119,105,14,29.166666666666668,7.142857142857142,22.023809523809522,70.83333333333334,62.5,8.333333333333332
E00050028,119,45,15,30,74,63,11,37.81512605042017,12.605042016806722,25.210084033613445,62.18487394957983,52.94117647058824,9.243697478991598
E00050029,102,48,19,29,54,47,7,47.05882352941176,18.627450980392158,28.431372549019606,52.94117647058824,46.07843137254902,6.862745098039216
E00050030,168,49,19,30,119,104,15,29.166666666666668,11.30952380952381,17.857142857142858,70.83333333333334,61.904761904761905,8.928571428571429
E00050031,181,66,12,54,115,96,19,36.46408839779006,6.629834254143646,29.83425414364641,63.53591160220995,53.03867403314917,10.497237569060774
E00050032,204,64,24,40,140,123,17,31.372549019607842,11.76470588235294,19.607843137254903,68.62745098039215,60.29411764705882,8.333333333333332
E00050033,127,47,10,37,80,71,9,37.00787401574803,7.874015748031496,29.133858267716533,62.99212598425197,55.90551181102362,7.086614173228346
E00050034,158,52,11,41,106,95,11,32.91139240506329,6.962025316455696,25.949367088607595,67.08860759493672,60.12658227848101,6.962025316455696
E00050035,131,48,12,36,83,77,6,36.6412213740458,9.16030534351145,27.480916030534353,63.358778625954194,58.778625954198475,4.580152671755725
E00050036,102,32,13,19,70,52,18,31.372549019607842,12.745098039215685,18.627450980392158,68.62745098039215,50.98039215686274,17.647058823529413
E00050037,144,51,18,33,93,80,13,35.41666666666667,12.5,22.916666666666664,64.58333333333334,55.55555555555556,9.027777777777777
E00050038,152,47,18,29,105,93,12,30.92105263157895,11.842105263157894,19.078947368421055,69.07894736842105,61.18421052631579,7.894736842105263
E00050039,129,49,14,35,80,74,6,37.98449612403101,10.852713178294573,27.131782945736433,62.01550387596899,57.36434108527132,4.651162790697675
E00050040,118,64,10,54,54,51,3,54.23728813559322,8.47457627118644,45.76271186440678,45.76271186440678,43.22033898305085,2.5423728813559325
E00050041,116,48,12,36,68,63,5,41.37931034482759,10.344827586206897,31.03448275862069,58.620689655172406,54.310344827586206,4.310344827586207
E00050042,120,47,17,30,73,63,10,39.166666666666664,14.166666666666666,25,60.83333333333333,52.5,8.333333333333332
E00050043,144,43,14,29,101,86,15,29.86111111111111,9.722222222222223,20.13888888888889,70.13888888888889,59.72222222222222,10.416666666666668
E00050044,99,35,10,25,64,58,6,35.35353535353536,10.1010101010101,25.252525252525253,64.64646464646465,58.58585858585859,6.0606060606060606
E00050046,108,38,7,31,70,64,6,35.18518518518518,6.481481481481481,28.703703703703702,64.81481481481481,59.25925925925925,5.555555555555555
E00050047,95,28,12,16,67,56,11,29.47368421052631,12.631578947368421,16.842105263157894,70.52631578947368,58.94736842105262,11.578947368421053
E00050048,150,49,14,35,101,88,13,32.666666666666664,9.333333333333334,23.333333333333332,67.33333333333333,58.666666666666664,8.666666666666668
E00050049,103,35,11,24,68,63,5,33.980582524271846,10.679611650485436,23.300970873786408,66.01941747572816,61.165048543689316,4.854368932038835
E00050051,125,40,11,29,85,75,10,32,8.799999999999999,23.200000000000003,68,60,8
E00050052,124,43,14,29,81,76,5,34.67741935483871,11.29032258064516,23.387096774193548,65.32258064516128,61.29032258064516,4.032258064516129
E00050053,78,22,12,10,56,49,7,28.205128205128204,15.384615384615385,12.82051282051282,71.7948717948718,62.82051282051282,8.974358974358974
E00050054,111,38,8,30,73,63,10,34.234234234234236,7.207207207207207,27.027027027027028,65.76576576576578,56.75675675675676,9.00900900900901
E00050055,165,46,14,32,119,109,10,27.878787878787882,8.484848484848486,19.393939393939394,72.12121212121212,66.06060606060606,6.0606060606060606
E00050056,118,34,11,23,84,76,8,28.8135593220339,9.322033898305085,19.491525423728813,71.1864406779661,64.40677966101694,6.779661016949152
E00050057,149,42,11,31,107,85,22,28.187919463087248,7.38255033557047,20.80536912751678,71.81208053691275,57.04697986577181,14.76510067114094
E00050058,117,35,13,22,82,65,17,29.914529914529915,11.11111111111111,18.803418803418804,70.08547008547008,55.55555555555556,14.529914529914532
E00050059,149,42,15,27,107,94,13,28.187919463087248,10.06711409395973,18.120805369127517,71.81208053691275,63.08724832214765,8.724832214765101
E00050060,87,28,12,16,59,50,9,32.18390804597701,13.793103448275861,18.39080459770115,67.81609195402298,57.47126436781609,10.344827586206897
E00050061,84,24,9,15,60,45,15,28.57142857142857,10.714285714285714,17.857142857142858,71.42857142857143,53.57142857142857,17.857142857142858
E00050062,150,38,9,29,112,97,15,25.333333333333336,6,19.333333333333332,74.66666666666667,64.66666666666666,10
E00050063,129,44,15,29,85,75,10,34.10852713178294,11.627906976744185,22.48062015503876,65.89147286821705,58.139534883720934,7.751937984496124
E00050064,139,47,10,37,92,80,12,33.81294964028777,7.1942446043165464,26.618705035971225,66.18705035971223,57.55395683453237,8.633093525179856
E00050065,164,47,15,32,117,102,15,28.65853658536585,9.146341463414634,19.51219512195122,71.34146341463415,62.19512195121951,9.146341463414634
E00050066,146,44,16,28,102,78,24,30.136986301369863,10.95890410958904,19.17808219178082,69.86301369863014,53.42465753424658,16.43835616438356
E00050067,101,28,10,18,73,55,18,27.722772277227726,9.900990099009901,17.82178217821782,72.27722772277228,54.45544554455446,17.82178217821782
E00050068,108,32,13,19,76,60,16,29.629629629629626,12.037037037037036,17.59259259259259,70.37037037037037,55.55555555555556,14.814814814814813
E00050069,128,41,9,32,87,77,10,32.03125,7.03125,25,67.96875,60.15625,7.8125
E00050070,135,34,9,25,101,88,13,25.185185185185183,6.666666666666667,18.51851851851852,74.81481481481481,65.18518518518519,9.62962962962963
E00050071,124,26,8,18,98,84,14,20.967741935483872,6.451612903225806,14.516129032258066,79.03225806451613,67.74193548387096,11.29032258064516
E00050072,129,39,11,28,90,83,7,30.23255813953488,8.527131782945736,21.705426356589147,69.76744186046511,64.34108527131784,5.426356589147287
E00050073,108,36,11,25,72,63,9,33.33333333333333,10.185185185185185,23.14814814814815,66.66666666666666,58.333333333333336,8.333333333333332
E00050074,162,43,17,26,119,97,22,26.543209876543212,10.493827160493826,16.049382716049383,73.4567901234568,59.876543209876544,13.580246913580247
E00050075,107,30,12,18,77,65,12,28.037383177570092,11.214953271028037,16.822429906542055,71.96261682242991,60.747663551401864,11.214953271028037
E00050076,145,37,16,21,108,93,15,25.517241379310345,11.03448275862069,14.482758620689657,74.48275862068967,64.13793103448275,10.344827586206897
E00050077,96,24,11,13,72,71,1,25,11.458333333333332,13.541666666666666,75,73.95833333333334,1.0416666666666665
E00050078,152,51,18,33,101,86,15,33.55263157894737,11.842105263157894,21.710526315789476,66.44736842105263,56.57894736842105,9.868421052631579
E00050079,137,45,11,34,92,84,8,32.846715328467155,8.02919708029197,24.817518248175183,67.15328467153284,61.31386861313869,5.839416058394161
E00050080,131,45,12,33,86,66,20,34.35114503816794,9.16030534351145,25.190839694656486,65.64885496183206,50.38167938931297,15.267175572519085
E00050081,138,33,14,19,105,92,13,23.91304347826087,10.144927536231885,13.768115942028986,76.08695652173914,66.66666666666666,9.420289855072465
E00050082,128,34,7,27,94,84,10,26.5625,5.46875,21.09375,73.4375,65.625,7.8125
E00050083,107,25,10,15,82,71,11,23.364485981308412,9.345794392523365,14.018691588785046,76.63551401869158,66.35514018691589,10.2803738317757
E00050084,160,47,13,34,113,96,17,29.375,8.125,21.25,70.625,60,10.625
E00050085,134,39,16,23,95,85,10,29.1044776119403,11.940298507462686,17.16417910447761,70.8955223880597,63.43283582089553,7.462686567164178
E00050086,122,38,14,24,84,75,9,31.147540983606557,11.475409836065573,19.672131147540984,68.85245901639344,61.47540983606557,7.377049180327869
E00050087,75,18,4,14,57,46,11,24,5.333333333333334,18.666666666666668,76,61.33333333333333,14.666666666666666
E00050088,107,35,7,28,72,61,11,32.71028037383177,6.5420560747663545,26.168224299065418,67.28971962616822,57.009345794392516,10.2803738317757
E00050089,166,46,12,34,120,98,22,27.710843373493976,7.228915662650602,20.481927710843372,72.28915662650603,59.036144578313255,13.253012048192772
E00050090,112,33,21,12,79,64,15,29.464285714285715,18.75,10.714285714285714,70.53571428571429,57.14285714285714,13.392857142857142
E00050091,73,25,10,15,48,40,8,34.24657534246575,13.698630136986301,20.54794520547945,65.75342465753424,54.794520547945204,10.95890410958904
E00050092,92,29,11,18,63,58,5,31.521739130434785,11.956521739130435,19.565217391304348,68.47826086956522,63.04347826086957,5.434782608695652
E00050093,123,38,14,24,85,78,7,30.89430894308943,11.38211382113821,19.51219512195122,69.10569105691057,63.41463414634146,5.691056910569105
E00050094,131,41,11,30,90,75,15,31.297709923664126,8.396946564885496,22.900763358778626,68.70229007633588,57.25190839694656,11.450381679389313
E00050095,156,42,7,35,114,100,14,26.923076923076923,4.487179487179487,22.435897435897438,73.07692307692307,64.1025641025641,8.974358974358974
E00050096,174,56,22,34,118,103,15,32.18390804597701,12.643678160919542,19.54022988505747,67.81609195402298,59.195402298850574,8.620689655172415
E00050097,123,40,12,28,83,68,15,32.52032520325203,9.75609756097561,22.76422764227642,67.47967479674797,55.28455284552846,12.195121951219512
E00050098,140,43,15,28,97,83,14,30.714285714285715,10.714285714285714,20,69.28571428571428,59.285714285714285,10
E00050099,122,41,15,26,81,60,21,33.60655737704918,12.295081967213115,21.311475409836063,66.39344262295081,49.18032786885246,17.21311475409836
E00050100,159,40,9,31,119,104,15,25.157232704402517,5.660377358490567,19.49685534591195,74.84276729559748,65.40880503144653,9.433962264150944
E00050101,135,39,13,26,96,83,13,28.888888888888886,9.62962962962963,19.25925925925926,71.11111111111111,61.48148148148148,9.62962962962963
E00050102,86,24,8,16,62,55,7,27.906976744186046,9.30232558139535,18.6046511627907,72.09302325581395,63.95348837209303,8.13953488372093
E00050103,52,18,7,11,34,34,0,34.61538461538461,13.461538461538462,21.153846153846153,65.38461538461539,65.38461538461539,0
E00050104,143,45,14,31,98,85,13,31.46853146853147,9.79020979020979,21.678321678321677,68.53146853146853,59.44055944055944,9.090909090909092
E00050105,149,38,9,29,111,90,21,25.503355704697988,6.0402684563758395,19.463087248322147,74.49664429530202,60.40268456375839,14.093959731543624
E00050106,129,34,7,27,95,80,15,26.356589147286826,5.426356589147287,20.930232558139537,73.64341085271317,62.01550387596899,11.627906976744185
E00050107,171,61,16,45,110,90,20,35.67251461988304,9.35672514619883,26.31578947368421,64.32748538011695,52.63157894736842,11.695906432748536
E00050108,145,55,17,38,90,69,21,37.93103448275862,11.724137931034482,26.20689655172414,62.06896551724138,47.58620689655172,14.482758620689657
E00050109,139,40,10,30,99,80,19,28.776978417266186,7.1942446043165464,21.58273381294964,71.22302158273382,57.55395683453237,13.66906474820144
E00050110,123,41,13,28,82,72,10,33.33333333333333,10.569105691056912,22.76422764227642,66.66666666666666,58.536585365853654,8.130081300813007
E00050111,192,51,13,38,141,120,21,26.5625,6.770833333333333,19.791666666666664,73.4375,62.5,10.9375
E00050112,157,52,19,33,105,93,12,33.12101910828025,12.101910828025478,21.019108280254777,66.87898089171973,59.23566878980891,7.643312101910828
E00050113,135,51,12,39,84,66,18,37.77777777777778,8.88888888888889,28.888888888888886,62.22222222222222,48.888888888888886,13.333333333333334
E00050114,111,36,10,26,75,61,14,32.432432432432435,9.00900900900901,23.423423423423422,67.56756756756756,54.95495495495496,12.612612612612612
E00050115,120,36,9,27,84,66,18,30,7.5,22.5,70,55.00000000000001,15
E00050116,114,37,8,29,77,67,10,32.45614035087719,7.017543859649122,25.438596491228072,67.54385964912281,58.77192982456141,8.771929824561402
E00050117,120,43,14,29,77,66,11,35.833333333333336,11.666666666666666,24.166666666666668,64.16666666666667,55.00000000000001,9.166666666666666
E00050118,120,37,8,29,83,74,9,30.833333333333336,6.666666666666667,24.166666666666668,69.16666666666667,61.66666666666667,7.5
E00050119,104,35,8,27,69,57,12,33.65384615384615,7.6923076923076925,25.961538461538463,66.34615384615384,54.807692307692314,11.538461538461538
E00050120,198,60,14,46,138,118,20,30.303030303030305,7.07070707070707,23.232323232323232,69.6969696969697,59.59595959595959,10.1010101010101
E00050121,179,37,11,26,142,117,25,20.670391061452513,6.145251396648044,14.52513966480447,79.3296089385475,65.36312849162012,13.966480446927374
E00050122,110,29,6,23,81,72,9,26.36363636363636,5.454545454545454,20.909090909090907,73.63636363636363,65.45454545454545,8.181818181818182
E00050123,96,19,6,13,77,71,6,19.791666666666664,6.25,13.541666666666666,80.20833333333334,73.95833333333334,6.25
E00050124,122,38,15,23,84,78,6,31.147540983606557,12.295081967213115,18.852459016393443,68.85245901639344,63.934426229508205,4.918032786885246
E00050125,147,39,9,30,108,87,21,26.53061224489796,6.122448979591836,20.408163265306122,73.46938775510205,59.183673469387756,14.285714285714285
E00050126,84,35,15,20,49,39,10,41.66666666666667,17.857142857142858,23.809523809523807,58.333333333333336,46.42857142857143,11.904761904761903
E00050127,130,42,18,24,88,74,14,32.30769230769231,13.846153846153847,18.461538461538463,67.6923076923077,56.92307692307692,10.76923076923077
E00050128,140,33,10,23,107,93,14,23.57142857142857,7.142857142857142,16.428571428571427,76.42857142857142,66.42857142857143,10
E00050129,145,44,15,29,101,82,19,30.344827586206897,10.344827586206897,20,69.6551724137931,56.55172413793104,13.10344827586207
E00050130,156,40,10,30,116,93,23,25.64102564102564,6.41025641025641,19.230769230769234,74.35897435897436,59.61538461538461,14.743589743589745
E00050131,111,26,9,17,85,69,16,23.423423423423422,8.108108108108109,15.315315315315313,76.57657657657657,62.16216216216216,14.414414414414415
E00050132,141,37,11,26,104,85,19,26.24113475177305,7.801418439716312,18.439716312056735,73.75886524822694,60.28368794326241,13.47517730496454
E00050133,128,41,9,32,87,69,18,32.03125,7.03125,25,67.96875,53.90625,14.0625
E00050134,208,63,15,48,145,130,15,30.288461538461537,7.211538461538461,23.076923076923077,69.71153846153845,62.5,7.211538461538461
E00050135,71,26,14,12,45,38,7,36.61971830985916,19.718309859154928,16.901408450704224,63.38028169014085,53.52112676056338,9.859154929577464
E00050136,157,52,18,34,105,85,20,33.12101910828025,11.464968152866243,21.656050955414013,66.87898089171973,54.14012738853503,12.738853503184714
E00050137,132,39,12,27,93,78,15,29.545454545454547,9.090909090909092,20.454545454545457,70.45454545454545,59.09090909090909,11.363636363636363
E00050138,122,29,3,26,93,75,18,23.770491803278688,2.459016393442623,21.311475409836063,76.22950819672131,61.47540983606557,14.754098360655737
E00050139,240,57,23,34,183,149,34,23.75,9.583333333333334,14.166666666666666,76.25,62.083333333333336,14.166666666666666
E00050140,137,37,10,27,100,83,17,27.00729927007299,7.2992700729927,19.708029197080293,72.99270072992701,60.58394160583942,12.408759124087592
E00050141,131,43,13,30,88,75,13,32.82442748091603,9.923664122137405,22.900763358778626,67.17557251908397,57.25190839694656,9.923664122137405
E00050142,135,43,22,21,92,78,14,31.851851851851855,16.296296296296298,15.555555555555555,68.14814814814815,57.77777777777777,10.37037037037037
E00050143,100,26,8,18,74,65,9,26,8,18,74,65,9
E00050144,89,25,11,14,64,61,3,28.08988764044944,12.359550561797752,15.730337078651685,71.91011235955057,68.53932584269663,3.3707865168539324
E00050145,144,47,10,37,97,83,14,32.63888888888889,6.944444444444445,25.694444444444443,67.36111111111111,57.638888888888886,9.722222222222223
E00050146,104,30,9,21,74,62,12,28.846153846153843,8.653846153846153,20.192307692307693,71.15384615384616,59.61538461538461,11.538461538461538
E00050147,272,61,22,39,211,190,21,22.426470588235293,8.088235294117647,14.338235294117647,77.57352941176471,69.85294117647058,7.720588235294118
E00050148,119,30,6,24,89,79,10,25.210084033613445,5.042016806722689,20.168067226890756,74.78991596638656,66.38655462184873,8.403361344537815
E00050149,158,41,6,35,117,106,11,25.949367088607595,3.79746835443038,22.151898734177212,74.0506329113924,67.08860759493672,6.962025316455696
E00050150,141,53,12,41,88,73,15,37.5886524822695,8.51063829787234,29.078014184397162,62.4113475177305,51.77304964539007,10.638297872340425
E00050151,186,45,11,34,141,127,14,24.193548387096776,5.913978494623656,18.27956989247312,75.80645161290323,68.27956989247312,7.526881720430108
E00050152,145,44,15,29,101,86,15,30.344827586206897,10.344827586206897,20,69.6551724137931,59.310344827586206,10.344827586206897
E00050153,160,51,16,35,109,93,16,31.874999999999996,10,21.875,68.125,58.12500000000001,10
E00050154,128,40,14,26,88,81,7,31.25,10.9375,20.3125,68.75,63.28125,5.46875
E00050155,141,43,13,30,98,77,21,30.49645390070922,9.219858156028367,21.27659574468085,69.50354609929079,54.60992907801418,14.893617021276595
E00050156,110,33,6,27,77,65,12,30,5.454545454545454,24.545454545454547,70,59.09090909090909,10.909090909090908
E00050157,177,51,11,40,126,107,19,28.8135593220339,6.214689265536723,22.598870056497177,71.1864406779661,60.451977401129945,10.734463276836157
E00050158,76,23,8,15,53,43,10,30.263157894736842,10.526315789473683,19.736842105263158,69.73684210526315,56.57894736842105,13.157894736842104
E00050159,99,24,6,18,75,65,10,24.242424242424242,6.0606060606060606,18.181818181818183,75.75757575757575,65.65656565656566,10.1010101010101
E00050160,209,59,19,40,150,134,16,28.22966507177033,9.090909090909092,19.138755980861244,71.77033492822966,64.11483253588517,7.655502392344498
E00050161,135,38,18,20,97,86,11,28.14814814814815,13.333333333333334,14.814814814814813,71.85185185185186,63.70370370370371,8.148148148148149
E00050163,105,24,9,15,81,74,7,22.857142857142858,8.571428571428571,14.285714285714285,77.14285714285715,70.47619047619048,6.666666666666667
E00050164,133,42,11,31,91,79,12,31.57894736842105,8.270676691729323,23.308270676691727,68.42105263157895,59.3984962406015,9.022556390977442
E00050165,84,12,1,11,72,63,9,14.285714285714285,1.1904761904761905,13.095238095238097,85.71428571428571,75,10.714285714285714
E00050166,177,53,12,41,124,106,18,29.943502824858758,6.779661016949152,23.163841807909606,70.05649717514125,59.887005649717516,10.16949152542373
E00050167,87,26,11,15,61,57,4,29.88505747126437,12.643678160919542,17.24137931034483,70.11494252873564,65.51724137931035,4.597701149425287
E00050168,174,42,8,34,132,111,21,24.137931034482758,4.597701149425287,19.54022988505747,75.86206896551724,63.793103448275865,12.068965517241379
E00050169,122,42,15,27,80,66,14,34.42622950819672,12.295081967213115,22.131147540983605,65.57377049180327,54.09836065573771,11.475409836065573
E00050170,139,47,15,32,92,78,14,33.81294964028777,10.79136690647482,23.021582733812952,66.18705035971223,56.11510791366906,10.071942446043165
E00050171,106,34,11,23,72,64,8,32.075471698113205,10.377358490566039,21.69811320754717,67.9245283018868,60.37735849056604,7.547169811320755
E00050172,102,27,5,22,75,66,9,26.47058823529412,4.901960784313726,21.568627450980394,73.52941176470588,64.70588235294117,8.823529411764707
E00050173,147,48,19,29,99,90,9,32.6530612244898,12.925170068027212,19.727891156462583,67.3469387755102,61.224489795918366,6.122448979591836
E00050174,129,42,17,25,87,81,6,32.55813953488372,13.178294573643413,19.379844961240313,67.44186046511628,62.7906976744186,4.651162790697675
E00050175,156,43,12,31,113,99,14,27.564102564102566,7.6923076923076925,19.871794871794872,72.43589743589743,63.46153846153846,8.974358974358974
E00050176,155,43,14,29,112,94,18,27.741935483870968,9.032258064516128,18.70967741935484,72.25806451612902,60.64516129032258,11.612903225806452
E00050177,131,43,16,27,88,76,12,32.82442748091603,12.213740458015266,20.610687022900763,67.17557251908397,58.01526717557252,9.16030534351145
E00050178,194,53,17,36,141,125,16,27.31958762886598,8.762886597938143,18.556701030927837,72.68041237113401,64.43298969072166,8.24742268041237
E00050179,195,53,17,36,142,126,16,27.17948717948718,8.717948717948717,18.461538461538463,72.82051282051282,64.61538461538461,8.205128205128204
E00050180,154,41,12,29,113,94,19,26.623376623376622,7.792207792207792,18.83116883116883,73.37662337662337,61.038961038961034,12.337662337662337
E00050181,129,42,13,29,87,76,11,32.55813953488372,10.077519379844961,22.48062015503876,67.44186046511628,58.91472868217055,8.527131782945736
E00050182,180,55,11,44,125,116,9,30.555555555555557,6.111111111111111,24.444444444444443,69.44444444444444,64.44444444444444,5
E00050183,145,50,10,40,95,81,14,34.48275862068966,6.896551724137931,27.586206896551722,65.51724137931035,55.86206896551724,9.655172413793103
E00171355,141,36,8,28,105,93,12,25.53191489361702,5.673758865248227,19.858156028368796,74.46808510638297,65.95744680851064,8.51063829787234
E00171357,136,32,8,24,104,90,14,23.52941176470588,5.88235294117647,17.647058823529413,76.47058823529412,66.17647058823529,10.294117647058822
E00171358,125,35,11,24,90,73,17,28.000000000000004,8.799999999999999,19.2,72,58.4,13.600000000000001
E00171359,170,44,9,35,126,106,20,25.882352941176475,5.294117647058823,20.588235294117645,74.11764705882354,62.35294117647059,11.76470588235294
E00171360,227,58,20,38,169,150,19,25.55066079295154,8.81057268722467,16.740088105726873,74.44933920704845,66.07929515418502,8.370044052863436
E00171361,135,34,10,24,101,96,5,25.185185185185183,7.4074074074074066,17.77777777777778,74.81481481481481,71.11111111111111,3.7037037037037033
E00171362,89,18,9,9,71,63,8,20.224719101123593,10.112359550561797,10.112359550561797,79.7752808988764,70.78651685393258,8.98876404494382
E00171363,114,22,1,21,92,80,12,19.298245614035086,0.8771929824561403,18.421052631578945,80.7017543859649,70.17543859649122,10.526315789473683
E00171364,127,40,13,27,87,71,16,31.496062992125985,10.236220472440944,21.25984251968504,68.50393700787401,55.90551181102362,12.598425196850393
E00171367,275,52,19,33,223,188,35,18.90909090909091,6.909090909090909,12,81.0909090909091,68.36363636363636,12.727272727272727
E00171368,177,42,15,27,135,118,17,23.728813559322035,8.47457627118644,15.254237288135593,76.27118644067797,66.66666666666666,9.6045197740113
E00171369,185,53,11,42,132,118,14,28.64864864864865,5.9459459459459465,22.702702702702705,71.35135135135135,63.78378378378379,7.567567567567568
E00171370,105,34,12,22,71,61,10,32.38095238095238,11.428571428571429,20.952380952380953,67.61904761904762,58.0952380952381,9.523809523809524
E00181824,64,9,2,7,55,50,5,14.0625,3.125,10.9375,85.9375,78.125,7.8125
E00181825,132,50,9,41,82,74,8,37.878787878787875,6.8181818181818175,31.060606060606062,62.121212121212125,56.060606060606055,6.0606060606060606
E00181826,75,19,9,10,56,49,7,25.333333333333336,12,13.333333333333334,74.66666666666667,65.33333333333333,9.333333333333334
E00181827,88,20,5,15,68,60,8,22.727272727272727,5.681818181818182,17.045454545454543,77.27272727272727,68.18181818181817,9.090909090909092
E00181828,148,30,10,20,118,103,15,20.27027027027027,6.756756756756757,13.513513513513514,79.72972972972973,69.5945945945946,10.135135135135135
E00181829,73,27,10,17,46,37,9,36.986301369863014,13.698630136986301,23.28767123287671,63.013698630136986,50.68493150684932,12.32876712328767
E00181830,178,42,7,35,136,120,16,23.595505617977526,3.932584269662921,19.662921348314608,76.40449438202246,67.41573033707866,8.98876404494382
E00181831,135,48,13,35,87,79,8,35.55555555555556,9.62962962962963,25.925925925925924,64.44444444444444,58.51851851851851,5.9259259259259265
E00181832,178,49,13,36,129,107,22,27.52808988764045,7.303370786516854,20.224719101123593,72.47191011235955,60.1123595505618,12.359550561797752
E00181833,146,30,7,23,116,101,15,20.54794520547945,4.794520547945205,15.753424657534246,79.45205479452055,69.17808219178082,10.273972602739725
E00181839,198,64,18,46,134,116,18,32.323232323232325,9.090909090909092,23.232323232323232,67.67676767676768,58.58585858585859,9.090909090909092
E00181840,114,35,9,26,79,74,5,30.701754385964914,7.894736842105263,22.807017543859647,69.2982456140351,64.91228070175438,4.385964912280701
E00181841,114,42,17,25,72,65,7,36.84210526315789,14.912280701754385,21.929824561403507,63.1578947368421,57.01754385964912,6.140350877192982
E00181842,187,56,14,42,131,113,18,29.946524064171122,7.4866310160427805,22.459893048128343,70.05347593582889,60.42780748663101,9.62566844919786
E00181843,217,47,9,38,170,150,20,21.658986175115206,4.147465437788019,17.51152073732719,78.3410138248848,69.12442396313364,9.216589861751153
E00181844,325,100,21,79,225,204,21,30.76923076923077,6.461538461538462,24.307692307692307,69.23076923076923,62.76923076923077,6.461538461538462
E00181845,131,37,13,24,94,84,10,28.24427480916031,9.923664122137405,18.3206106870229,71.7557251908397,64.12213740458014,7.633587786259542
E00181848,138,48,7,41,90,74,16,34.78260869565217,5.072463768115942,29.71014492753623,65.21739130434783,53.62318840579711,11.594202898550725
E00181850,232,59,14,45,173,155,18,25.43103448275862,6.0344827586206895,19.396551724137932,74.56896551724138,66.8103448275862,7.758620689655173
E00181852,118,23,7,16,95,91,4,19.491525423728813,5.932203389830509,13.559322033898304,80.50847457627118,77.11864406779661,3.389830508474576
E00181855,125,43,10,33,82,68,14,34.4,8,26.400000000000002,65.60000000000001,54.400000000000006,11.200000000000001
E00181857,124,43,12,31,81,72,9,34.67741935483871,9.67741935483871,25,65.32258064516128,58.06451612903226,7.258064516129033
E00181858,105,22,5,17,83,67,16,20.952380952380953,4.761904761904762,16.19047619047619,79.04761904761905,63.8095238095238,15.238095238095239
E00181862,107,28,7,21,79,70,9,26.168224299065418,6.5420560747663545,19.626168224299064,73.83177570093457,65.42056074766354,8.411214953271028
E00181863,40,9,3,6,31,28,3,22.5,7.5,15,77.5,70,7.5
E00181866,303,82,23,59,221,190,31,27.062706270627064,7.590759075907591,19.471947194719473,72.93729372937293,62.70627062706271,10.231023102310232
E00181867,89,18,8,10,71,64,7,20.224719101123593,8.98876404494382,11.235955056179774,79.7752808988764,71.91011235955057,7.865168539325842
E00181871,172,60,20,40,112,96,16,34.883720930232556,11.627906976744185,23.25581395348837,65.11627906976744,55.81395348837209,9.30232558139535
E00181874,56,16,6,10,40,36,4,28.57142857142857,10.714285714285714,17.857142857142858,71.42857142857143,64.28571428571429,7.142857142857142
E00181876,240,35,9,26,205,180,25,14.583333333333334,3.75,10.833333333333334,85.41666666666666,75,10.416666666666668
E00181877,169,29,5,24,140,121,19,17.159763313609467,2.9585798816568047,14.201183431952662,82.84023668639054,71.59763313609467,11.242603550295858
E00181879,63,18,7,11,45,42,3,28.57142857142857,11.11111111111111,17.46031746031746,71.42857142857143,66.66666666666666,4.761904761904762
E00181885,246,42,10,32,204,190,14,17.073170731707318,4.0650406504065035,13.008130081300814,82.92682926829268,77.23577235772358,5.691056910569105
E00181887,175,57,13,44,118,101,17,32.57142857142858,7.428571428571429,25.142857142857146,67.42857142857143,57.714285714285715,9.714285714285714
E00181892,166,56,15,41,110,97,13,33.734939759036145,9.036144578313253,24.69879518072289,66.26506024096386,58.43373493975904,7.83132530120482
E00181893,208,61,16,45,147,131,16,29.326923076923077,7.6923076923076925,21.634615384615387,70.67307692307693,62.980769230769226,7.6923076923076925
E00181894,157,45,14,31,112,100,12,28.662420382165603,8.9171974522293,19.745222929936308,71.3375796178344,63.69426751592356,7.643312101910828
E00181896,107,31,13,18,76,66,10,28.971962616822427,12.149532710280374,16.822429906542055,71.02803738317756,61.6822429906542,9.345794392523365
E00181898,122,26,6,20,96,84,12,21.311475409836063,4.918032786885246,16.39344262295082,78.68852459016394,68.85245901639344,9.836065573770492
E00181899,179,40,13,27,139,119,20,22.3463687150838,7.262569832402235,15.083798882681565,77.6536312849162,66.4804469273743,11.1731843575419
E00181900,106,16,6,10,90,78,12,15.09433962264151,5.660377358490567,9.433962264150944,84.90566037735849,73.58490566037736,11.320754716981133
E00181901,199,62,19,43,137,117,20,31.155778894472363,9.547738693467336,21.608040201005025,68.84422110552764,58.79396984924623,10.050251256281408
E00181902,4,0,0,0,4,3,1,0,0,0,100,75,25
E00181904,134,56,16,40,78,72,6,41.7910447761194,11.940298507462686,29.850746268656714,58.2089552238806,53.73134328358209,4.477611940298507
E00181906,173,42,13,29,131,120,11,24.277456647398843,7.514450867052023,16.76300578034682,75.72254335260115,69.36416184971098,6.358381502890173
E00181908,132,25,11,14,107,91,16,18.939393939393938,8.333333333333332,10.606060606060606,81.06060606060606,68.93939393939394,12.121212121212121
E00181909,356,85,18,67,271,231,40,23.876404494382022,5.056179775280898,18.820224719101123,76.12359550561798,64.8876404494382,11.235955056179774
E00181910,163,26,9,17,137,117,20,15.950920245398773,5.521472392638037,10.429447852760736,84.04907975460122,71.77914110429448,12.269938650306749
E00181911,120,40,15,25,80,75,5,33.33333333333333,12.5,20.833333333333336,66.66666666666666,62.5,4.166666666666666
E00181912,203,34,9,25,169,146,23,16.748768472906402,4.433497536945813,12.31527093596059,83.2512315270936,71.92118226600985,11.330049261083744
E00181915,140,26,6,20,114,103,11,18.571428571428573,4.285714285714286,14.285714285714285,81.42857142857143,73.57142857142858,7.857142857142857
E00181916,294,71,21,50,223,194,29,24.149659863945576,7.142857142857142,17.006802721088434,75.85034013605441,65.98639455782312,9.863945578231291
E00181917,137,45,13,32,92,85,7,32.846715328467155,9.48905109489051,23.357664233576642,67.15328467153284,62.04379562043796,5.109489051094891
E00181919,106,20,5,15,86,69,17,18.867924528301888,4.716981132075472,14.150943396226415,81.13207547169812,65.09433962264151,16.037735849056602
E00181923,350,63,23,40,287,249,38,18,6.571428571428571,11.428571428571429,82,71.14285714285714,10.857142857142858
