OA,ts0380001,ts0380002,ts0380003,ts0380004,ts0380005,ts0380006,ts0380007,ts0380002_PCT,ts0380003_PCT,ts0380004_PCT,ts0380005_PCT,ts0380006_PCT,ts0380007_PCT
E00161607,296,30,3,27,266,35,231,10.135135135135135,1.0135135135135136,9.121621621621621,89.86486486486487,11.824324324324325,78.04054054054053
E00161608,253,54,26,28,199,27,172,21.34387351778656,10.276679841897234,11.067193675889328,78.65612648221344,10.67193675889328,67.98418972332016
E00161609,329,47,14,33,282,28,254,14.285714285714285,4.25531914893617,10.030395136778116,85.71428571428571,8.51063829787234,77.20364741641338
E00161611,320,40,12,28,280,27,253,12.5,3.75,8.75,87.5,8.4375,79.0625
E00161612,406,88,44,44,318,25,293,21.67487684729064,10.83743842364532,10.83743842364532,78.32512315270937,6.157635467980295,72.16748768472905
E00161613,332,35,6,29,297,23,274,10.542168674698797,1.8072289156626504,8.734939759036145,89.45783132530121,6.927710843373494,82.53012048192771
E00161614,459,48,12,36,411,44,367,10.457516339869281,2.6143790849673203,7.8431372549019605,89.54248366013073,9.586056644880173,79.95642701525054
E00161615,374,64,27,37,310,41,269,17.11229946524064,7.219251336898395,9.893048128342247,82.88770053475936,10.962566844919785,71.92513368983957
E00161616,331,87,41,46,244,26,218,26.283987915407852,12.386706948640484,13.897280966767372,73.71601208459214,7.854984894259818,65.86102719033232
E00161617,327,71,32,39,256,20,236,21.712538226299692,9.785932721712538,11.926605504587156,78.2874617737003,6.116207951070336,72.17125382262996
E00161618,306,46,19,27,260,38,222,15.032679738562091,6.209150326797386,8.823529411764707,84.9673202614379,12.418300653594772,72.54901960784314
E00161619,260,29,3,26,231,24,207,11.153846153846155,1.153846153846154,10,88.84615384615384,9.230769230769232,79.61538461538461
E00161620,562,73,31,42,489,34,455,12.98932384341637,5.5160142348754455,7.473309608540925,87.01067615658363,6.049822064056939,80.96085409252669
E00161622,508,70,23,47,438,34,404,13.779527559055119,4.52755905511811,9.251968503937007,86.22047244094489,6.692913385826772,79.52755905511812
E00161623,364,48,10,38,316,37,279,13.186813186813188,2.7472527472527473,10.43956043956044,86.81318681318682,10.164835164835164,76.64835164835165
E00161624,283,36,7,29,247,32,215,12.7208480565371,2.4734982332155475,10.247349823321555,87.27915194346289,11.307420494699647,75.97173144876325
E00161625,309,32,10,22,277,24,253,10.355987055016183,3.2362459546925564,7.119741100323624,89.64401294498381,7.766990291262135,81.87702265372168
E00161626,482,78,36,42,404,34,370,16.182572614107883,7.468879668049793,8.71369294605809,83.81742738589212,7.053941908713693,76.76348547717843
E00161627,298,40,12,28,258,28,230,13.422818791946309,4.026845637583892,9.395973154362416,86.57718120805369,9.395973154362416,77.18120805369128
E00161628,349,44,16,28,305,28,277,12.607449856733524,4.584527220630372,8.022922636103152,87.39255014326648,8.022922636103152,79.36962750716332
E00161629,368,44,10,34,324,41,283,11.956521739130435,2.717391304347826,9.239130434782608,88.04347826086956,11.141304347826086,76.90217391304348
E00161630,308,65,27,38,243,20,223,21.1038961038961,8.766233766233766,12.337662337662337,78.8961038961039,6.493506493506493,72.40259740259741
E00161631,341,54,23,31,287,28,259,15.835777126099707,6.744868035190615,9.090909090909092,84.1642228739003,8.211143695014663,75.95307917888563
E00161632,359,39,15,24,320,26,294,10.86350974930362,4.178272980501393,6.685236768802229,89.13649025069638,7.242339832869081,81.89415041782729
E00161633,306,42,14,28,264,23,241,13.725490196078432,4.57516339869281,9.15032679738562,86.27450980392157,7.516339869281046,78.75816993464052
E00161634,312,22,7,15,290,21,269,7.051282051282051,2.2435897435897436,4.807692307692308,92.94871794871796,6.730769230769231,86.21794871794873
E00161635,332,47,21,26,285,32,253,14.156626506024098,6.325301204819277,7.83132530120482,85.8433734939759,9.63855421686747,76.20481927710844
E00161636,396,29,12,17,367,71,296,7.3232323232323235,3.0303030303030303,4.292929292929292,92.67676767676768,17.929292929292927,74.74747474747475
E00161637,303,69,42,27,234,23,211,22.772277227722775,13.861386138613863,8.91089108910891,77.22772277227723,7.590759075907591,69.63696369636963
E00161638,237,34,11,23,203,21,182,14.345991561181433,4.641350210970464,9.70464135021097,85.65400843881856,8.860759493670885,76.79324894514767
E00161639,348,32,8,24,316,17,299,9.195402298850574,2.2988505747126435,6.896551724137931,90.80459770114942,4.885057471264368,85.91954022988506
E00161640,323,27,5,22,296,30,266,8.359133126934983,1.5479876160990713,6.811145510835913,91.64086687306502,9.287925696594428,82.35294117647058
E00161641,320,42,9,33,278,32,246,13.125,2.8125,10.3125,86.875,10,76.875
E00161642,364,32,8,24,332,33,299,8.791208791208792,2.197802197802198,6.593406593406594,91.20879120879121,9.065934065934066,82.14285714285714
E00161643,381,60,17,43,321,27,294,15.748031496062993,4.4619422572178475,11.286089238845145,84.25196850393701,7.086614173228346,77.16535433070865
E00161644,350,30,12,18,320,26,294,8.571428571428571,3.428571428571429,5.142857142857142,91.42857142857143,7.428571428571429,84
E00161645,371,58,16,42,313,38,275,15.633423180592992,4.31266846361186,11.320754716981133,84.36657681940702,10.242587601078167,74.12398921832884
E00161646,224,23,7,16,201,22,179,10.267857142857142,3.125,7.142857142857142,89.73214285714286,9.821428571428571,79.91071428571429
E00161647,295,31,8,23,264,36,228,10.508474576271185,2.711864406779661,7.796610169491526,89.49152542372882,12.203389830508476,77.28813559322035
E00161648,332,21,6,15,311,29,282,6.325301204819277,1.8072289156626504,4.518072289156627,93.67469879518072,8.734939759036145,84.93975903614458
E00161649,316,36,5,31,280,24,256,11.39240506329114,1.5822784810126582,9.81012658227848,88.60759493670885,7.59493670886076,81.0126582278481
E00161650,306,43,15,28,263,26,237,14.052287581699346,4.901960784313726,9.15032679738562,85.94771241830065,8.49673202614379,77.45098039215686
E00161651,322,38,7,31,284,35,249,11.801242236024844,2.1739130434782608,9.627329192546584,88.19875776397515,10.869565217391305,77.32919254658384
E00161652,298,32,5,27,266,26,240,10.738255033557047,1.6778523489932886,9.060402684563758,89.26174496644296,8.724832214765101,80.53691275167785
E00161653,308,43,17,26,265,21,244,13.96103896103896,5.51948051948052,8.441558441558442,86.03896103896103,6.8181818181818175,79.22077922077922
E00161654,321,65,27,38,256,29,227,20.24922118380062,8.411214953271028,11.838006230529595,79.75077881619937,9.034267912772584,70.7165109034268
E00161655,335,47,14,33,288,29,259,14.029850746268657,4.179104477611941,9.850746268656717,85.97014925373134,8.656716417910449,77.31343283582089
E00161656,311,80,33,47,231,27,204,25.723472668810288,10.610932475884244,15.112540192926044,74.27652733118971,8.681672025723474,65.59485530546624
E00161657,462,59,24,35,403,39,364,12.770562770562771,5.194805194805195,7.575757575757576,87.22943722943724,8.441558441558442,78.78787878787878
E00161658,289,35,15,20,254,30,224,12.110726643598616,5.190311418685121,6.920415224913495,87.88927335640139,10.380622837370241,77.50865051903114
E00161659,610,65,21,44,545,52,493,10.655737704918032,3.4426229508196724,7.213114754098362,89.34426229508196,8.524590163934425,80.81967213114754
E00161660,449,73,29,44,376,30,346,16.258351893095767,6.45879732739421,9.799554565701559,83.74164810690424,6.6815144766147,77.06013363028953
E00161661,350,38,10,28,312,36,276,10.857142857142858,2.857142857142857,8,89.14285714285714,10.285714285714285,78.85714285714286
E00161662,282,48,13,35,234,33,201,17.02127659574468,4.609929078014184,12.411347517730496,82.97872340425532,11.702127659574469,71.27659574468085
E00161663,325,54,12,42,271,24,247,16.615384615384617,3.6923076923076925,12.923076923076923,83.38461538461537,7.384615384615385,76
E00161664,386,58,21,37,328,32,296,15.025906735751295,5.4404145077720205,9.585492227979273,84.97409326424871,8.290155440414509,76.68393782383419
E00161665,323,56,20,36,267,25,242,17.3374613003096,6.191950464396285,11.145510835913312,82.6625386996904,7.739938080495357,74.92260061919505
E00161666,278,52,23,29,226,30,196,18.705035971223023,8.273381294964029,10.431654676258994,81.29496402877699,10.79136690647482,70.50359712230215
E00161667,312,52,9,43,260,40,220,16.666666666666664,2.8846153846153846,13.782051282051283,83.33333333333334,12.82051282051282,70.51282051282051
E00161668,383,108,66,42,275,34,241,28.198433420365536,17.232375979112273,10.966057441253264,71.80156657963447,8.87728459530026,62.92428198433421
E00161669,352,61,12,49,291,38,253,17.329545454545457,3.4090909090909087,13.920454545454545,82.67045454545455,10.795454545454545,71.875
E00161670,310,55,21,34,255,28,227,17.741935483870968,6.774193548387098,10.967741935483872,82.25806451612904,9.032258064516128,73.22580645161291
E00161671,370,61,30,31,309,25,284,16.486486486486488,8.108108108108109,8.378378378378379,83.51351351351352,6.756756756756757,76.75675675675676
E00161672,291,90,57,33,201,15,186,30.927835051546392,19.587628865979383,11.34020618556701,69.0721649484536,5.154639175257731,63.91752577319587
E00161673,212,54,25,29,158,19,139,25.471698113207548,11.79245283018868,13.679245283018867,74.52830188679245,8.962264150943396,65.56603773584906
E00161674,351,52,20,32,299,31,268,14.814814814814813,5.698005698005698,9.116809116809117,85.18518518518519,8.831908831908832,76.35327635327636
E00161675,340,58,22,36,282,36,246,17.058823529411764,6.470588235294119,10.588235294117647,82.94117647058825,10.588235294117647,72.35294117647058
E00161676,288,54,20,34,234,28,206,18.75,6.944444444444445,11.805555555555555,81.25,9.722222222222223,71.52777777777779
E00161677,345,61,17,44,284,23,261,17.681159420289855,4.9275362318840585,12.753623188405797,82.31884057971014,6.666666666666667,75.65217391304347
E00161678,296,47,15,32,249,30,219,15.878378378378377,5.0675675675675675,10.81081081081081,84.12162162162163,10.135135135135135,73.98648648648648
E00161679,316,65,21,44,251,27,224,20.569620253164558,6.6455696202531636,13.924050632911392,79.43037974683544,8.544303797468354,70.88607594936708
E00161680,332,53,17,36,279,30,249,15.963855421686745,5.120481927710843,10.843373493975903,84.03614457831326,9.036144578313253,75
E00161681,332,55,20,35,277,41,236,16.566265060240966,6.024096385542169,10.542168674698797,83.43373493975903,12.349397590361445,71.08433734939759
E00161682,265,48,20,28,217,27,190,18.11320754716981,7.547169811320755,10.566037735849058,81.88679245283019,10.18867924528302,71.69811320754717
E00161683,341,59,22,37,282,31,251,17.302052785923756,6.451612903225806,10.850439882697946,82.69794721407625,9.090909090909092,73.60703812316716
E00161684,337,56,20,36,281,31,250,16.61721068249258,5.934718100890208,10.682492581602373,83.38278931750742,9.198813056379821,74.1839762611276
E00161685,367,61,13,48,306,30,276,16.62125340599455,3.5422343324250685,13.079019073569482,83.37874659400545,8.174386920980927,75.20435967302453
E00161686,288,35,9,26,253,21,232,12.152777777777777,3.125,9.027777777777777,87.84722222222221,7.291666666666667,80.55555555555556
E00161687,263,46,13,33,217,19,198,17.490494296577946,4.942965779467681,12.547528517110266,82.50950570342205,7.224334600760455,75.2851711026616
E00161688,320,46,15,31,274,29,245,14.374999999999998,4.6875,9.6875,85.625,9.0625,76.5625
E00161689,251,50,20,30,201,17,184,19.9203187250996,7.968127490039841,11.952191235059761,80.0796812749004,6.772908366533864,73.30677290836654
E00161690,289,45,15,30,244,20,224,15.570934256055363,5.190311418685121,10.380622837370241,84.42906574394463,6.920415224913495,77.50865051903114
E00161691,332,90,38,52,242,28,214,27.10843373493976,11.44578313253012,15.66265060240964,72.89156626506023,8.433734939759036,64.45783132530121
E00161692,267,34,5,29,233,21,212,12.734082397003746,1.8726591760299627,10.861423220973784,87.26591760299625,7.865168539325842,79.40074906367042
E00161693,367,138,65,73,229,21,208,37.60217983651226,17.71117166212534,19.891008174386922,62.39782016348774,5.722070844686648,56.675749318801095
E00161694,310,36,17,19,274,37,237,11.612903225806452,5.483870967741936,6.129032258064516,88.38709677419355,11.935483870967742,76.45161290322581
E00161695,340,47,16,31,293,26,267,13.823529411764707,4.705882352941177,9.117647058823529,86.1764705882353,7.647058823529412,78.52941176470588
E00161696,338,53,17,36,285,19,266,15.680473372781064,5.029585798816568,10.650887573964498,84.31952662721893,5.621301775147929,78.69822485207101
E00161697,400,37,12,25,363,18,345,9.25,3,6.25,90.75,4.5,86.25
E00161698,326,56,30,26,270,23,247,17.177914110429448,9.202453987730062,7.975460122699387,82.82208588957054,7.05521472392638,75.76687116564416
E00161699,210,60,23,37,150,23,127,28.57142857142857,10.952380952380953,17.61904761904762,71.42857142857143,10.952380952380953,60.476190476190474
E00161700,295,63,20,43,232,27,205,21.35593220338983,6.779661016949152,14.576271186440678,78.64406779661017,9.152542372881356,69.49152542372882
E00161701,407,43,13,30,364,31,333,10.565110565110565,3.194103194103194,7.371007371007371,89.43488943488943,7.616707616707617,81.81818181818183
E00161702,296,47,17,30,249,28,221,15.878378378378377,5.743243243243244,10.135135135135135,84.12162162162163,9.45945945945946,74.66216216216216
E00161703,350,47,21,26,303,33,270,13.428571428571429,6,7.428571428571429,86.57142857142858,9.428571428571429,77.14285714285715
E00161704,315,60,18,42,255,43,212,19.047619047619047,5.714285714285714,13.333333333333334,80.95238095238095,13.65079365079365,67.3015873015873
E00161705,309,62,25,37,247,24,223,20.06472491909385,8.090614886731391,11.974110032362459,79.93527508090615,7.766990291262135,72.168284789644
E00161706,262,65,32,33,197,24,173,24.80916030534351,12.213740458015266,12.595419847328243,75.19083969465649,9.16030534351145,66.03053435114504
E00161707,302,59,22,37,243,20,223,19.5364238410596,7.28476821192053,12.251655629139073,80.4635761589404,6.622516556291391,73.84105960264901
E00161708,281,40,10,30,241,22,219,14.23487544483986,3.558718861209965,10.676156583629894,85.76512455516014,7.829181494661921,77.93594306049823
E00161709,344,61,33,28,283,30,253,17.732558139534884,9.593023255813954,8.13953488372093,82.26744186046511,8.720930232558139,73.54651162790698
E00161710,316,49,19,30,267,23,244,15.50632911392405,6.012658227848101,9.49367088607595,84.49367088607595,7.2784810126582276,77.21518987341773
E00161714,294,42,11,31,252,30,222,14.285714285714285,3.741496598639456,10.54421768707483,85.71428571428571,10.204081632653061,75.51020408163265
E00161715,400,37,6,31,363,31,332,9.25,1.5,7.75,90.75,7.75,83
E00161716,309,65,33,32,244,19,225,21.035598705501616,10.679611650485436,10.355987055016183,78.96440129449837,6.148867313915858,72.81553398058253
E00161717,338,53,21,32,285,36,249,15.680473372781064,6.21301775147929,9.467455621301776,84.31952662721893,10.650887573964498,73.66863905325444
E00161719,305,34,10,24,271,39,232,11.147540983606557,3.278688524590164,7.868852459016394,88.85245901639345,12.786885245901638,76.0655737704918
E00161720,268,40,8,32,228,14,214,14.925373134328357,2.9850746268656714,11.940298507462686,85.07462686567165,5.223880597014925,79.8507462686567
E00161721,285,40,11,29,245,22,223,14.035087719298245,3.8596491228070176,10.175438596491228,85.96491228070175,7.719298245614035,78.24561403508771
E00161722,271,57,19,38,214,18,196,21.033210332103323,7.011070110701106,14.022140221402212,78.96678966789668,6.642066420664207,72.32472324723247
E00161723,256,35,12,23,221,20,201,13.671875,4.6875,8.984375,86.328125,7.8125,78.515625
E00161724,380,68,21,47,312,28,284,17.894736842105264,5.526315789473684,12.368421052631579,82.10526315789474,7.368421052631578,74.73684210526315
E00161725,269,67,22,45,202,13,189,24.907063197026023,8.178438661710038,16.728624535315987,75.09293680297398,4.83271375464684,70.26022304832715
E00161726,296,37,10,27,259,21,238,12.5,3.3783783783783785,9.121621621621621,87.5,7.094594594594595,80.4054054054054
E00161727,338,52,21,31,286,26,260,15.384615384615385,6.21301775147929,9.171597633136095,84.61538461538461,7.6923076923076925,76.92307692307693
E00161728,371,33,12,21,338,38,300,8.89487870619946,3.234501347708895,5.660377358490567,91.10512129380054,10.242587601078167,80.86253369272237
E00161729,324,57,17,40,267,25,242,17.59259259259259,5.246913580246913,12.345679012345679,82.4074074074074,7.716049382716049,74.69135802469135
E00161730,376,50,18,32,326,33,293,13.297872340425531,4.787234042553192,8.51063829787234,86.70212765957447,8.77659574468085,77.92553191489363
E00161731,306,45,17,28,261,33,228,14.705882352941178,5.555555555555555,9.15032679738562,85.29411764705883,10.784313725490197,74.50980392156863
E00161732,420,62,25,37,358,36,322,14.761904761904763,5.952380952380952,8.80952380952381,85.23809523809524,8.571428571428571,76.66666666666667
E00161733,389,38,8,30,351,45,306,9.768637532133676,2.056555269922879,7.712082262210797,90.23136246786633,11.568123393316196,78.66323907455013
E00161734,322,31,9,22,291,33,258,9.627329192546584,2.7950310559006213,6.832298136645963,90.37267080745342,10.248447204968944,80.12422360248446
E00161735,326,74,47,27,252,23,229,22.699386503067483,14.417177914110429,8.282208588957054,77.30061349693251,7.05521472392638,70.24539877300614
E00161736,321,41,13,28,280,28,252,12.77258566978193,4.049844236760125,8.722741433021806,87.22741433021807,8.722741433021806,78.50467289719626
E00161737,320,51,16,35,269,31,238,15.937499999999998,5,10.9375,84.0625,9.6875,74.375
E00161738,385,34,12,22,351,29,322,8.831168831168831,3.116883116883117,5.714285714285714,91.16883116883116,7.532467532467532,83.63636363636363
E00161739,301,45,14,31,256,28,228,14.950166112956811,4.651162790697675,10.299003322259136,85.04983388704319,9.30232558139535,75.74750830564784
E00161740,347,55,16,39,292,29,263,15.85014409221902,4.610951008645533,11.239193083573488,84.14985590778097,8.357348703170029,75.79250720461094
E00161741,445,61,18,43,384,42,342,13.707865168539326,4.044943820224719,9.662921348314606,86.29213483146067,9.438202247191011,76.85393258426966
E00161742,422,45,20,25,377,32,345,10.66350710900474,4.739336492890995,5.924170616113744,89.33649289099526,7.5829383886255926,81.75355450236967
E00161743,288,46,22,24,242,27,215,15.972222222222221,7.638888888888889,8.333333333333332,84.02777777777779,9.375,74.65277777777779
E00161744,353,38,11,27,315,17,298,10.764872521246458,3.1161473087818696,7.64872521246459,89.23512747875354,4.815864022662889,84.41926345609065
E00161745,362,60,24,36,302,36,266,16.574585635359114,6.629834254143646,9.94475138121547,83.42541436464089,9.94475138121547,73.48066298342542
E00161746,134,37,13,24,97,11,86,27.611940298507463,9.701492537313433,17.91044776119403,72.38805970149254,8.208955223880597,64.17910447761194
E00161747,326,38,11,27,288,29,259,11.65644171779141,3.374233128834356,8.282208588957054,88.34355828220859,8.895705521472392,79.4478527607362
E00161748,320,86,40,46,234,24,210,26.875,12.5,14.374999999999998,73.125,7.5,65.625
E00161749,338,49,18,31,289,25,264,14.497041420118343,5.325443786982249,9.171597633136095,85.50295857988166,7.396449704142012,78.10650887573965
E00161750,280,41,13,28,239,14,225,14.642857142857144,4.642857142857143,10,85.35714285714285,5,80.35714285714286
E00161751,407,28,5,23,379,36,343,6.87960687960688,1.2285012285012284,5.651105651105651,93.12039312039312,8.845208845208845,84.27518427518427
E00161752,270,38,15,23,232,24,208,14.074074074074074,5.555555555555555,8.518518518518519,85.92592592592592,8.88888888888889,77.03703703703704
E00161753,486,82,25,57,404,37,367,16.872427983539097,5.1440329218107,11.728395061728394,83.1275720164609,7.613168724279835,75.51440329218107
E00161754,298,33,8,25,265,22,243,11.073825503355705,2.684563758389262,8.389261744966444,88.9261744966443,7.38255033557047,81.54362416107382
E00161755,338,52,19,33,286,24,262,15.384615384615385,5.621301775147929,9.763313609467456,84.61538461538461,7.100591715976331,77.51479289940828
E00161756,321,48,15,33,273,35,238,14.953271028037381,4.672897196261682,10.2803738317757,85.04672897196261,10.903426791277258,74.14330218068535
E00161757,317,28,8,20,289,24,265,8.832807570977918,2.5236593059936907,6.309148264984227,91.16719242902208,7.570977917981073,83.59621451104101
E00161758,282,42,17,25,240,29,211,14.893617021276595,6.028368794326241,8.865248226950355,85.1063829787234,10.28368794326241,74.822695035461
E00161759,301,30,6,24,271,30,241,9.966777408637874,1.9933554817275747,7.973421926910299,90.03322259136213,9.966777408637874,80.06644518272425
E00161760,317,48,18,30,269,29,240,15.141955835962145,5.678233438485805,9.46372239747634,84.85804416403786,9.14826498422713,75.70977917981072
E00161761,341,40,17,23,301,26,275,11.730205278592376,4.9853372434017595,6.744868035190615,88.26979472140762,7.624633431085044,80.64516129032258
E00161762,373,53,24,29,320,21,299,14.209115281501342,6.434316353887399,7.774798927613941,85.79088471849866,5.630026809651475,80.16085790884718
E00161763,258,34,9,25,224,37,187,13.178294573643413,3.488372093023256,9.689922480620156,86.82170542635659,14.34108527131783,72.48062015503875
E00161764,237,29,10,19,208,21,187,12.236286919831224,4.219409282700422,8.016877637130802,87.76371308016878,8.860759493670885,78.90295358649789
E00161765,277,32,6,26,245,32,213,11.552346570397113,2.166064981949458,9.386281588447654,88.4476534296029,11.552346570397113,76.89530685920577
E00161766,330,38,14,24,292,38,254,11.515151515151516,4.242424242424243,7.2727272727272725,88.48484848484848,11.515151515151516,76.96969696969697
E00161767,401,47,13,34,354,37,317,11.72069825436409,3.2418952618453867,8.478802992518704,88.2793017456359,9.226932668329177,79.05236907730672
E00161768,336,49,19,30,287,18,269,14.583333333333334,5.654761904761905,8.928571428571429,85.41666666666666,5.357142857142857,80.05952380952381
E00161769,391,37,13,24,354,37,317,9.462915601023019,3.324808184143223,6.138107416879795,90.53708439897699,9.462915601023019,81.07416879795396
E00161770,328,35,14,21,293,30,263,10.670731707317072,4.2682926829268295,6.402439024390244,89.32926829268293,9.146341463414634,80.1829268292683
E00161771,418,38,11,27,380,33,347,9.090909090909092,2.631578947368421,6.4593301435406705,90.9090909090909,7.894736842105263,83.01435406698565
E00161772,419,40,16,24,379,34,345,9.54653937947494,3.8186157517899764,5.727923627684964,90.45346062052506,8.1145584725537,82.33890214797135
E00161773,259,51,22,29,208,21,187,19.69111969111969,8.494208494208493,11.196911196911197,80.3088803088803,8.108108108108109,72.2007722007722
E00161774,317,65,23,42,252,18,234,20.50473186119874,7.255520504731862,13.249211356466878,79.49526813880126,5.678233438485805,73.81703470031546
E00161775,347,52,22,30,295,31,264,14.985590778097983,6.340057636887608,8.645533141210375,85.01440922190201,8.93371757925072,76.0806916426513
E00161776,316,37,7,30,279,24,255,11.708860759493671,2.2151898734177213,9.49367088607595,88.29113924050634,7.59493670886076,80.69620253164557
E00161777,368,52,15,37,316,25,291,14.130434782608695,4.076086956521739,10.054347826086957,85.86956521739131,6.7934782608695645,79.07608695652173
E00161778,296,58,24,34,238,17,221,19.594594594594593,8.108108108108109,11.486486486486488,80.4054054054054,5.743243243243244,74.66216216216216
E00161779,263,35,8,27,228,19,209,13.307984790874524,3.041825095057034,10.26615969581749,86.69201520912547,7.224334600760455,79.46768060836501
E00161780,437,53,21,32,384,42,342,12.128146453089245,4.805491990846682,7.322654462242563,87.87185354691076,9.610983981693364,78.26086956521739
E00161781,351,39,12,27,312,28,284,11.11111111111111,3.418803418803419,7.6923076923076925,88.88888888888889,7.977207977207977,80.91168091168092
E00161782,403,52,12,40,351,42,309,12.903225806451612,2.977667493796526,9.925558312655088,87.09677419354838,10.421836228287841,76.67493796526055
E00161784,277,36,6,30,241,25,216,12.996389891696749,2.166064981949458,10.830324909747292,87.00361010830325,9.025270758122744,77.9783393501805
E00161785,408,75,53,22,333,38,295,18.38235294117647,12.990196078431374,5.392156862745098,81.61764705882352,9.313725490196079,72.30392156862744
E00161787,299,32,11,21,267,27,240,10.702341137123746,3.678929765886288,7.023411371237458,89.29765886287625,9.03010033444816,80.2675585284281
E00161788,368,34,7,27,334,24,310,9.239130434782608,1.9021739130434785,7.336956521739131,90.76086956521739,6.521739130434782,84.23913043478261
E00161789,453,58,22,36,395,35,360,12.803532008830022,4.856512141280353,7.9470198675496695,87.19646799116998,7.72626931567329,79.47019867549669
E00161790,291,55,17,38,236,20,216,18.900343642611684,5.841924398625429,13.058419243986256,81.09965635738831,6.872852233676976,74.22680412371135
E00161791,317,44,13,31,273,19,254,13.880126182965299,4.100946372239748,9.779179810725552,86.1198738170347,5.993690851735016,80.12618296529969
E00161792,325,78,37,41,247,28,219,24,11.384615384615385,12.615384615384615,76,8.615384615384615,67.38461538461539
E00161793,304,50,15,35,254,25,229,16.447368421052634,4.934210526315789,11.513157894736842,83.55263157894737,8.223684210526317,75.32894736842105
E00161794,236,23,4,19,213,22,191,9.745762711864407,1.694915254237288,8.050847457627118,90.2542372881356,9.322033898305085,80.9322033898305
E00161795,251,36,7,29,215,24,191,14.342629482071715,2.788844621513944,11.553784860557768,85.65737051792829,9.56175298804781,76.09561752988047
E00161796,330,33,7,26,297,35,262,10,2.1212121212121215,7.878787878787878,90,10.606060606060606,79.39393939393939
E00161797,351,40,14,26,311,22,289,11.396011396011396,3.9886039886039883,7.4074074074074066,88.6039886039886,6.267806267806268,82.33618233618233
E00161798,324,58,21,37,266,27,239,17.901234567901234,6.481481481481481,11.419753086419753,82.09876543209876,8.333333333333332,73.76543209876543
E00161799,295,49,15,34,246,29,217,16.610169491525422,5.084745762711865,11.525423728813559,83.38983050847457,9.830508474576272,73.5593220338983
E00161800,282,54,25,29,228,23,205,19.148936170212767,8.865248226950355,10.28368794326241,80.85106382978722,8.156028368794328,72.69503546099291
E00161801,374,34,11,23,340,35,305,9.090909090909092,2.941176470588235,6.149732620320856,90.9090909090909,9.358288770053475,81.55080213903744
E00161802,351,32,15,17,319,22,297,9.116809116809117,4.273504273504273,4.843304843304843,90.88319088319088,6.267806267806268,84.61538461538461
E00161803,313,47,14,33,266,22,244,15.015974440894569,4.472843450479233,10.543130990415335,84.98402555910543,7.0287539936102235,77.95527156549521
E00161804,344,50,21,29,294,25,269,14.534883720930234,6.104651162790697,8.430232558139535,85.46511627906976,7.267441860465117,78.19767441860465
E00161805,364,82,40,42,282,23,259,22.52747252747253,10.989010989010989,11.538461538461538,77.47252747252747,6.318681318681318,71.15384615384616
E00161806,316,45,15,30,271,32,239,14.240506329113925,4.746835443037975,9.49367088607595,85.75949367088607,10.126582278481013,75.63291139240506
E00161807,269,27,9,18,242,22,220,10.037174721189592,3.3457249070631967,6.691449814126393,89.96282527881041,8.178438661710038,81.78438661710037
E00161808,322,45,8,37,277,31,246,13.975155279503104,2.484472049689441,11.490683229813664,86.0248447204969,9.627329192546584,76.3975155279503
E00161809,287,40,14,26,247,21,226,13.937282229965156,4.878048780487805,9.059233449477352,86.06271777003485,7.317073170731707,78.74564459930313
E00161810,357,59,20,39,298,31,267,16.5266106442577,5.602240896358544,10.92436974789916,83.4733893557423,8.683473389355742,74.78991596638656
E00161811,304,48,16,32,256,23,233,15.789473684210526,5.263157894736842,10.526315789473683,84.21052631578947,7.565789473684211,76.64473684210526
E00161812,270,30,9,21,240,28,212,11.11111111111111,3.3333333333333335,7.777777777777778,88.88888888888889,10.37037037037037,78.51851851851852
E00161813,264,38,14,24,226,22,204,14.393939393939394,5.303030303030303,9.090909090909092,85.60606060606061,8.333333333333332,77.27272727272727
E00161814,348,72,26,46,276,27,249,20.689655172413794,7.471264367816093,13.218390804597702,79.3103448275862,7.758620689655173,71.55172413793103
E00161815,273,47,20,27,226,20,206,17.216117216117215,7.326007326007327,9.89010989010989,82.78388278388277,7.326007326007327,75.45787545787546
E00161816,453,73,41,32,380,41,339,16.114790286975715,9.050772626931568,7.06401766004415,83.88520971302428,9.050772626931568,74.83443708609272
E00161817,246,31,13,18,215,28,187,12.601626016260163,5.284552845528456,7.317073170731707,87.39837398373984,11.38211382113821,76.01626016260163
E00161818,366,40,7,33,326,45,281,10.92896174863388,1.912568306010929,9.01639344262295,89.07103825136612,12.295081967213115,76.775956284153
E00161819,339,54,17,37,285,34,251,15.929203539823009,5.014749262536873,10.914454277286136,84.070796460177,10.029498525073747,74.04129793510324
E00161820,304,35,6,29,269,28,241,11.513157894736842,1.9736842105263157,9.539473684210527,88.48684210526315,9.210526315789473,79.27631578947368
E00161821,384,40,12,28,344,35,309,10.416666666666668,3.125,7.291666666666667,89.58333333333334,9.114583333333332,80.46875
E00161822,312,37,10,27,275,33,242,11.858974358974358,3.205128205128205,8.653846153846153,88.14102564102564,10.576923076923077,77.56410256410257
E00161823,280,28,7,21,252,18,234,10,2.5,7.5,90,6.428571428571428,83.57142857142857
E00161824,462,80,30,50,382,50,332,17.316017316017316,6.493506493506493,10.822510822510822,82.68398268398268,10.822510822510822,71.86147186147186
E00161825,291,38,7,31,253,27,226,13.058419243986256,2.405498281786942,10.652920962199312,86.94158075601375,9.278350515463918,77.66323024054984
E00161826,365,55,18,37,310,29,281,15.068493150684931,4.931506849315069,10.136986301369863,84.93150684931507,7.9452054794520555,76.98630136986301
E00161827,331,32,14,18,299,33,266,9.667673716012084,4.229607250755287,5.438066465256798,90.33232628398792,9.969788519637463,80.36253776435045
E00161828,310,55,29,26,255,25,230,17.741935483870968,9.35483870967742,8.38709677419355,82.25806451612904,8.064516129032258,74.19354838709677
E00161829,330,48,21,27,282,20,262,14.545454545454545,6.363636363636363,8.181818181818182,85.45454545454545,6.0606060606060606,79.39393939393939
E00161830,349,48,9,39,301,31,270,13.753581661891118,2.5787965616045847,11.174785100286533,86.24641833810888,8.882521489971348,77.36389684813754
E00161831,250,54,27,27,196,19,177,21.6,10.8,10.8,78.4,7.6,70.8
E00161832,497,87,43,44,410,24,386,17.50503018108652,8.651911468812877,8.853118712273641,82.49496981891348,4.82897384305835,77.66599597585513
E00161834,312,35,14,21,277,29,248,11.217948717948719,4.487179487179487,6.730769230769231,88.78205128205127,9.294871794871796,79.48717948717949
E00161835,291,48,15,33,243,23,220,16.49484536082474,5.154639175257731,11.34020618556701,83.50515463917526,7.903780068728522,75.60137457044674
E00161836,394,52,10,42,342,33,309,13.19796954314721,2.5380710659898478,10.65989847715736,86.80203045685279,8.375634517766498,78.42639593908629
E00161837,368,66,23,43,302,18,284,17.934782608695652,6.25,11.684782608695652,82.06521739130434,4.891304347826087,77.17391304347827
E00161838,251,29,13,16,222,20,202,11.553784860557768,5.179282868525896,6.374501992031872,88.44621513944223,7.968127490039841,80.47808764940238
E00161839,315,40,17,23,275,31,244,12.698412698412698,5.396825396825397,7.301587301587302,87.3015873015873,9.841269841269842,77.46031746031747
E00161840,579,67,25,42,512,46,466,11.57167530224525,4.317789291882556,7.253886010362693,88.42832469775475,7.9447322970639025,80.48359240069085
E00161841,336,57,18,39,279,33,246,16.964285714285715,5.357142857142857,11.607142857142858,83.03571428571429,9.821428571428571,73.21428571428571
E00161842,291,35,11,24,256,26,230,12.027491408934708,3.7800687285223367,8.24742268041237,87.97250859106529,8.934707903780069,79.03780068728523
E00161843,307,38,12,26,269,20,249,12.37785016286645,3.908794788273615,8.469055374592834,87.62214983713355,6.514657980456026,81.10749185667753
E00161844,299,29,8,21,270,22,248,9.698996655518394,2.6755852842809364,7.023411371237458,90.3010033444816,7.357859531772576,82.94314381270902
E00161845,302,43,10,33,259,31,228,14.23841059602649,3.3112582781456954,10.927152317880795,85.76158940397352,10.264900662251655,75.49668874172185
E00161846,282,77,31,46,205,25,180,27.30496453900709,10.99290780141844,16.312056737588655,72.69503546099291,8.865248226950355,63.829787234042556
E00161847,357,45,12,33,312,30,282,12.605042016806722,3.361344537815126,9.243697478991598,87.39495798319328,8.403361344537815,78.99159663865547
E00161848,328,50,17,33,278,26,252,15.24390243902439,5.182926829268292,10.060975609756099,84.7560975609756,7.926829268292683,76.82926829268293
E00161849,430,59,16,43,371,37,334,13.72093023255814,3.7209302325581395,10,86.27906976744187,8.604651162790699,77.67441860465117
E00161851,474,68,35,33,406,41,365,14.345991561181433,7.383966244725738,6.962025316455696,85.65400843881856,8.649789029535865,77.0042194092827
E00161852,391,59,24,35,332,23,309,15.089514066496163,6.138107416879795,8.951406649616368,84.91048593350384,5.88235294117647,79.02813299232737
E00161853,288,52,19,33,236,20,216,18.055555555555554,6.597222222222222,11.458333333333332,81.94444444444444,6.944444444444445,75
E00161856,224,49,21,28,175,25,150,21.875,9.375,12.5,78.125,11.160714285714286,66.96428571428571
E00161857,188,35,16,19,153,21,132,18.617021276595743,8.51063829787234,10.106382978723403,81.38297872340425,11.170212765957446,70.2127659574468
E00161858,306,42,14,28,264,26,238,13.725490196078432,4.57516339869281,9.15032679738562,86.27450980392157,8.49673202614379,77.77777777777779
E00161859,340,65,28,37,275,26,249,19.11764705882353,8.235294117647058,10.882352941176471,80.88235294117648,7.647058823529412,73.23529411764706
E00161861,291,32,12,20,259,20,239,10.996563573883162,4.123711340206185,6.872852233676976,89.00343642611683,6.872852233676976,82.13058419243985
E00161862,284,32,7,25,252,34,218,11.267605633802818,2.464788732394366,8.80281690140845,88.73239436619718,11.971830985915492,76.76056338028168
E00161863,278,73,37,36,205,29,176,26.258992805755394,13.309352517985612,12.949640287769784,73.7410071942446,10.431654676258994,63.30935251798561
E00161864,299,54,20,34,245,34,211,18.06020066889632,6.688963210702341,11.37123745819398,81.93979933110369,11.37123745819398,70.5685618729097
E00161865,270,49,16,33,221,28,193,18.14814814814815,5.9259259259259265,12.222222222222221,81.85185185185185,10.37037037037037,71.48148148148148
E00161866,293,49,20,29,244,27,217,16.723549488054605,6.825938566552901,9.897610921501707,83.27645051194538,9.215017064846416,74.06143344709898
E00161867,303,67,22,45,236,35,201,22.112211221122113,7.2607260726072615,14.85148514851485,77.88778877887789,11.55115511551155,66.33663366336634
E00161868,162,23,4,19,139,10,129,14.19753086419753,2.4691358024691357,11.728395061728394,85.80246913580247,6.172839506172839,79.62962962962963
E00161869,194,26,6,20,168,16,152,13.402061855670103,3.0927835051546393,10.309278350515463,86.5979381443299,8.24742268041237,78.35051546391753
E00161870,337,41,14,27,296,31,265,12.166172106824925,4.154302670623145,8.011869436201781,87.83382789317507,9.198813056379821,78.63501483679525
E00161871,608,101,36,65,507,46,461,16.611842105263158,5.921052631578947,10.69078947368421,83.38815789473685,7.565789473684211,75.82236842105263
E00161872,597,78,17,61,519,45,474,13.06532663316583,2.8475711892797317,10.217755443886096,86.93467336683418,7.537688442211055,79.39698492462311
E00161873,281,44,14,30,237,24,213,15.658362989323843,4.98220640569395,10.676156583629894,84.34163701067615,8.540925266903916,75.80071174377224
E00161874,614,82,25,57,532,48,484,13.355048859934854,4.071661237785016,9.283387622149837,86.64495114006515,7.81758957654723,78.82736156351791
E00161875,335,67,36,31,268,18,250,20,10.746268656716417,9.253731343283581,80,5.3731343283582085,74.6268656716418
E00161876,288,56,29,27,232,20,212,19.444444444444446,10.069444444444445,9.375,80.55555555555556,6.944444444444445,73.61111111111111
E00161877,372,40,14,26,332,32,300,10.75268817204301,3.763440860215054,6.989247311827956,89.24731182795699,8.60215053763441,80.64516129032258
E00161878,321,30,10,20,291,31,260,9.345794392523365,3.115264797507788,6.230529595015576,90.65420560747664,9.657320872274143,80.99688473520249
E00161879,318,43,11,32,275,23,252,13.522012578616351,3.459119496855346,10.062893081761008,86.47798742138365,7.232704402515723,79.24528301886792
E00161880,284,50,12,38,234,36,198,17.6056338028169,4.225352112676056,13.380281690140844,82.3943661971831,12.676056338028168,69.71830985915493
E00161881,293,39,11,28,254,33,221,13.310580204778159,3.754266211604096,9.556313993174061,86.68941979522185,11.262798634812286,75.42662116040955
E00161882,397,54,20,34,343,27,316,13.602015113350127,5.037783375314862,8.564231738035264,86.39798488664987,6.801007556675064,79.59697732997482
E00161883,275,81,39,42,194,20,174,29.454545454545457,14.181818181818182,15.272727272727273,70.54545454545455,7.2727272727272725,63.272727272727266
E00161884,315,30,11,19,285,50,235,9.523809523809524,3.492063492063492,6.031746031746032,90.47619047619048,15.873015873015872,74.60317460317461
E00161885,239,39,8,31,200,18,182,16.317991631799163,3.3472803347280333,12.97071129707113,83.68200836820083,7.531380753138076,76.15062761506276
E00161886,250,36,6,30,214,22,192,14.399999999999999,2.4,12,85.6,8.799999999999999,76.8
E00161887,316,42,14,28,274,32,242,13.291139240506327,4.430379746835443,8.860759493670885,86.70886075949366,10.126582278481013,76.58227848101265
E00161888,308,47,15,32,261,36,225,15.259740259740258,4.870129870129871,10.38961038961039,84.74025974025975,11.688311688311687,73.05194805194806
E00161889,353,78,35,43,275,32,243,22.096317280453256,9.91501416430595,12.181303116147308,77.90368271954674,9.06515580736544,68.83852691218131
E00161890,288,50,22,28,238,21,217,17.36111111111111,7.638888888888889,9.722222222222223,82.63888888888889,7.291666666666667,75.34722222222221
E00161891,365,66,19,47,299,30,269,18.08219178082192,5.205479452054795,12.876712328767123,81.91780821917808,8.21917808219178,73.6986301369863
E00161892,332,51,17,34,281,20,261,15.36144578313253,5.120481927710843,10.240963855421686,84.63855421686746,6.024096385542169,78.6144578313253
E00161893,240,52,15,37,188,36,152,21.666666666666668,6.25,15.416666666666668,78.33333333333333,15,63.33333333333333
E00161894,298,59,27,32,239,20,219,19.798657718120804,9.060402684563758,10.738255033557047,80.20134228187919,6.7114093959731544,73.48993288590604
E00161895,303,48,15,33,255,20,235,15.841584158415841,4.9504950495049505,10.891089108910892,84.15841584158416,6.6006600660066,77.55775577557755
E00161896,347,51,14,37,296,24,272,14.697406340057636,4.034582132564841,10.662824207492795,85.30259365994236,6.9164265129683,78.38616714697406
E00161897,298,33,11,22,265,24,241,11.073825503355705,3.691275167785235,7.38255033557047,88.9261744966443,8.053691275167784,80.87248322147651
E00161898,324,37,10,27,287,18,269,11.419753086419753,3.0864197530864197,8.333333333333332,88.58024691358025,5.555555555555555,83.0246913580247
E00161899,294,30,10,20,264,27,237,10.204081632653061,3.4013605442176873,6.802721088435375,89.79591836734694,9.183673469387756,80.61224489795919
E00161900,341,56,14,42,285,34,251,16.422287390029325,4.105571847507331,12.316715542521994,83.57771260997067,9.970674486803519,73.60703812316716
E00161901,307,41,9,32,266,28,238,13.355048859934854,2.9315960912052117,10.423452768729643,86.64495114006515,9.120521172638437,77.52442996742671
E00161902,263,22,4,18,241,13,228,8.365019011406844,1.520912547528517,6.844106463878327,91.63498098859316,4.942965779467681,86.69201520912547
E00161903,353,56,19,37,297,22,275,15.864022662889518,5.382436260623229,10.48158640226629,84.13597733711048,6.232294617563739,77.90368271954674
E00161904,297,35,15,20,262,30,232,11.784511784511785,5.05050505050505,6.7340067340067336,88.21548821548821,10.1010101010101,78.11447811447812
E00161905,411,39,10,29,372,27,345,9.48905109489051,2.4330900243309004,7.0559610705596105,90.51094890510949,6.569343065693431,83.94160583941606
E00161906,329,72,31,41,257,27,230,21.88449848024316,9.422492401215806,12.462006079027356,78.11550151975683,8.206686930091186,69.90881458966565
E00161907,407,105,44,61,302,21,281,25.7985257985258,10.81081081081081,14.987714987714988,74.2014742014742,5.159705159705159,69.04176904176904
E00161908,358,48,21,27,310,29,281,13.40782122905028,5.865921787709497,7.5418994413407825,86.59217877094973,8.100558659217876,78.49162011173185
E00161909,297,45,11,34,252,36,216,15.151515151515152,3.7037037037037033,11.447811447811448,84.84848484848484,12.121212121212121,72.72727272727273
E00161910,365,55,21,34,310,23,287,15.068493150684931,5.7534246575342465,9.315068493150685,84.93150684931507,6.301369863013699,78.63013698630137
E00161913,356,50,12,38,306,26,280,14.04494382022472,3.3707865168539324,10.674157303370785,85.95505617977528,7.303370786516854,78.65168539325843
E00161914,401,72,26,46,329,42,287,17.955112219451372,6.483790523690773,11.471321695760599,82.04488778054862,10.473815461346634,71.571072319202
E00161915,313,39,12,27,274,33,241,12.460063897763577,3.8338658146964857,8.626198083067091,87.53993610223642,10.543130990415335,76.99680511182109
E00161916,352,61,26,35,291,22,269,17.329545454545457,7.386363636363637,9.943181818181818,82.67045454545455,6.25,76.42045454545455
E00161917,360,58,23,35,302,32,270,16.11111111111111,6.388888888888888,9.722222222222223,83.88888888888889,8.88888888888889,75
E00161918,277,34,10,24,243,24,219,12.274368231046932,3.6101083032490973,8.664259927797833,87.72563176895306,8.664259927797833,79.06137184115524
E00161919,356,45,11,34,311,24,287,12.640449438202248,3.089887640449438,9.550561797752808,87.35955056179775,6.741573033707865,80.6179775280899
E00161920,248,46,21,25,202,23,179,18.548387096774192,8.46774193548387,10.080645161290322,81.45161290322581,9.274193548387096,72.17741935483872
E00161921,358,34,12,22,324,32,292,9.497206703910614,3.35195530726257,6.145251396648044,90.5027932960894,8.938547486033519,81.56424581005587
E00161922,358,33,7,26,325,46,279,9.217877094972067,1.9553072625698324,7.262569832402235,90.78212290502793,12.849162011173185,77.93296089385476
E00161923,357,54,18,36,303,31,272,15.126050420168067,5.042016806722689,10.084033613445378,84.87394957983193,8.683473389355742,76.19047619047619
E00161924,359,48,11,37,311,27,284,13.370473537604457,3.064066852367688,10.30640668523677,86.62952646239555,7.520891364902507,79.10863509749304
E00161925,354,44,19,25,310,34,276,12.429378531073446,5.367231638418079,7.062146892655368,87.57062146892656,9.6045197740113,77.96610169491525
E00161926,235,55,23,32,180,16,164,23.404255319148938,9.787234042553191,13.617021276595745,76.59574468085107,6.808510638297872,69.7872340425532
E00161927,308,70,21,49,238,22,216,22.727272727272727,6.8181818181818175,15.909090909090908,77.27272727272727,7.142857142857142,70.12987012987013
E00161928,376,32,13,19,344,33,311,8.51063829787234,3.4574468085106385,5.053191489361701,91.48936170212765,8.77659574468085,82.7127659574468
E00161930,619,59,18,41,560,47,513,9.531502423263328,2.9079159935379644,6.623586429725363,90.46849757673667,7.592891760904685,82.87560581583199
E00161932,314,56,28,28,258,29,229,17.8343949044586,8.9171974522293,8.9171974522293,82.16560509554141,9.235668789808917,72.92993630573248
E00161933,207,40,14,26,167,22,145,19.32367149758454,6.763285024154589,12.560386473429952,80.67632850241546,10.628019323671497,70.04830917874396
E00161934,298,46,18,28,252,29,223,15.436241610738255,6.0402684563758395,9.395973154362416,84.56375838926175,9.731543624161073,74.83221476510067
E00161935,396,40,9,31,356,36,320,10.1010101010101,2.272727272727273,7.828282828282829,89.8989898989899,9.090909090909092,80.8080808080808
E00161936,297,42,11,31,255,35,220,14.14141414141414,3.7037037037037033,10.437710437710438,85.85858585858585,11.784511784511785,74.07407407407408
E00161937,311,24,6,18,287,26,261,7.717041800643088,1.929260450160772,5.787781350482315,92.28295819935691,8.360128617363344,83.92282958199357
E00161938,505,54,18,36,451,33,418,10.693069306930694,3.564356435643564,7.128712871287128,89.3069306930693,6.534653465346535,82.77227722772277
E00161939,256,28,5,23,228,23,205,10.9375,1.953125,8.984375,89.0625,8.984375,80.078125
E00161940,411,48,24,24,363,41,322,11.678832116788321,5.839416058394161,5.839416058394161,88.32116788321169,9.975669099756692,78.34549878345499
E00161941,286,23,5,18,263,24,239,8.041958041958042,1.7482517482517483,6.293706293706294,91.95804195804196,8.391608391608392,83.56643356643356
E00161942,288,37,10,27,251,32,219,12.847222222222221,3.4722222222222223,9.375,87.15277777777779,11.11111111111111,76.04166666666666
E00161943,390,36,14,22,354,43,311,9.230769230769232,3.5897435897435894,5.641025641025641,90.76923076923077,11.025641025641026,79.74358974358975
E00161944,430,77,46,31,353,29,324,17.906976744186046,10.69767441860465,7.209302325581396,82.09302325581396,6.744186046511628,75.34883720930232
E00161945,228,29,12,17,199,19,180,12.719298245614036,5.263157894736842,7.456140350877193,87.28070175438597,8.333333333333332,78.94736842105263
E00161946,306,64,35,29,242,19,223,20.915032679738562,11.437908496732026,9.477124183006536,79.08496732026144,6.209150326797386,72.87581699346404
E00161947,223,32,8,24,191,18,173,14.349775784753364,3.587443946188341,10.762331838565023,85.65022421524664,8.071748878923767,77.57847533632287
E00161949,192,51,23,28,141,10,131,26.5625,11.979166666666668,14.583333333333334,73.4375,5.208333333333334,68.22916666666666
E00161950,340,93,39,54,247,23,224,27.35294117647059,11.470588235294118,15.88235294117647,72.6470588235294,6.764705882352941,65.88235294117646
E00161951,272,42,19,23,230,9,221,15.441176470588236,6.985294117647059,8.455882352941178,84.55882352941177,3.308823529411765,81.25
E00161952,317,38,9,29,279,28,251,11.987381703470032,2.8391167192429023,9.14826498422713,88.01261829652996,8.832807570977918,79.17981072555204
E00161953,314,37,12,25,277,25,252,11.78343949044586,3.821656050955414,7.961783439490445,88.21656050955414,7.961783439490445,80.2547770700637
E00161954,234,40,15,25,194,19,175,17.094017094017094,6.41025641025641,10.683760683760683,82.90598290598291,8.11965811965812,74.78632478632478
E00161955,337,40,7,33,297,26,271,11.869436201780417,2.0771513353115725,9.792284866468842,88.13056379821958,7.71513353115727,80.41543026706232
E00161957,496,53,18,35,443,53,390,10.685483870967742,3.6290322580645165,7.056451612903227,89.31451612903226,10.685483870967742,78.62903225806451
E00161958,267,68,26,42,199,21,178,25.468164794007492,9.737827715355806,15.730337078651685,74.53183520599251,7.865168539325842,66.66666666666666
E00161960,205,30,3,27,175,16,159,14.634146341463413,1.4634146341463417,13.170731707317074,85.36585365853658,7.804878048780488,77.5609756097561
E00161961,430,55,23,32,375,41,334,12.790697674418606,5.348837209302325,7.441860465116279,87.20930232558139,9.534883720930234,77.67441860465117
E00161962,357,33,7,26,324,34,290,9.243697478991598,1.9607843137254901,7.282913165266107,90.75630252100841,9.523809523809524,81.23249299719888
E00161963,325,37,11,26,288,37,251,11.384615384615385,3.3846153846153846,8,88.61538461538461,11.384615384615385,77.23076923076924
E00161964,244,37,11,26,207,14,193,15.163934426229508,4.508196721311475,10.655737704918032,84.8360655737705,5.737704918032787,79.09836065573771
E00161965,346,39,6,33,307,29,278,11.271676300578035,1.7341040462427744,9.53757225433526,88.72832369942196,8.38150289017341,80.34682080924856
E00161966,239,53,27,26,186,11,175,22.17573221757322,11.297071129707113,10.87866108786611,77.82426778242679,4.602510460251046,73.22175732217573
E00161967,318,47,13,34,271,29,242,14.779874213836477,4.088050314465408,10.69182389937107,85.22012578616352,9.119496855345911,76.10062893081762
E00161968,274,34,6,28,240,22,218,12.408759124087592,2.18978102189781,10.218978102189782,87.59124087591242,8.02919708029197,79.56204379562044
E00161969,287,39,10,29,248,25,223,13.588850174216027,3.484320557491289,10.104529616724738,86.41114982578398,8.710801393728223,77.70034843205575
E00161970,256,35,18,17,221,13,208,13.671875,7.03125,6.640625,86.328125,5.078125,81.25
E00161971,124,11,3,8,113,8,105,8.870967741935484,2.4193548387096775,6.451612903225806,91.12903225806451,6.451612903225806,84.67741935483872
E00161972,338,61,22,39,277,25,252,18.04733727810651,6.508875739644971,11.538461538461538,81.95266272189349,7.396449704142012,74.55621301775149
E00161973,311,34,12,22,277,20,257,10.932475884244374,3.858520900321544,7.07395498392283,89.06752411575563,6.430868167202572,82.63665594855306
E00161974,197,22,6,16,175,12,163,11.16751269035533,3.0456852791878175,8.121827411167512,88.83248730964468,6.091370558375635,82.74111675126903
E00161975,379,49,17,32,330,31,299,12.928759894459102,4.485488126649076,8.443271767810026,87.0712401055409,8.179419525065963,78.89182058047494
E00161976,232,38,25,13,194,20,174,16.379310344827587,10.775862068965516,5.603448275862069,83.62068965517241,8.620689655172415,75
E00161977,380,45,12,33,335,26,309,11.842105263157894,3.1578947368421053,8.68421052631579,88.1578947368421,6.842105263157896,81.3157894736842
E00161978,349,35,12,23,314,33,281,10.028653295128938,3.4383954154727796,6.59025787965616,89.97134670487105,9.455587392550143,80.51575931232091
E00161979,319,38,8,30,281,19,262,11.912225705329153,2.507836990595611,9.404388714733543,88.08777429467085,5.956112852664576,82.13166144200626
E00161980,355,53,14,39,302,32,270,14.929577464788732,3.943661971830986,10.985915492957748,85.07042253521126,9.014084507042254,76.05633802816901
E00161981,350,55,20,35,295,31,264,15.714285714285714,5.714285714285714,10,84.28571428571429,8.857142857142856,75.42857142857143
E00161982,299,42,18,24,257,26,231,14.046822742474916,6.0200668896321075,8.02675585284281,85.95317725752508,8.695652173913043,77.25752508361204
E00161983,295,44,22,22,251,28,223,14.915254237288137,7.457627118644068,7.457627118644068,85.08474576271186,9.491525423728813,75.59322033898304
E00161984,384,58,22,36,326,28,298,15.104166666666666,5.729166666666666,9.375,84.89583333333334,7.291666666666667,77.60416666666666
E00161985,356,62,23,39,294,23,271,17.415730337078653,6.460674157303371,10.955056179775282,82.58426966292134,6.460674157303371,76.12359550561798
E00161986,335,50,23,27,285,32,253,14.925373134328357,6.865671641791045,8.059701492537313,85.07462686567165,9.55223880597015,75.5223880597015
E00161987,380,61,17,44,319,31,288,16.05263157894737,4.473684210526316,11.578947368421053,83.94736842105263,8.157894736842106,75.78947368421053
E00161988,329,49,18,31,280,26,254,14.893617021276595,5.47112462006079,9.422492401215806,85.1063829787234,7.90273556231003,77.20364741641338
E00161989,350,37,7,30,313,26,287,10.571428571428571,2,8.571428571428571,89.42857142857143,7.428571428571429,82
E00161990,486,59,18,41,427,34,393,12.139917695473251,3.7037037037037033,8.436213991769549,87.86008230452676,6.995884773662551,80.8641975308642
E00161992,322,86,43,43,236,13,223,26.70807453416149,13.354037267080745,13.354037267080745,73.29192546583852,4.037267080745342,69.25465838509317
E00161993,370,79,37,42,291,28,263,21.35135135135135,10,11.351351351351353,78.64864864864865,7.567567567567568,71.08108108108108
E00161995,282,42,14,28,240,29,211,14.893617021276595,4.964539007092199,9.929078014184398,85.1063829787234,10.28368794326241,74.822695035461
E00161996,299,52,13,39,247,21,226,17.391304347826086,4.3478260869565215,13.043478260869565,82.6086956521739,7.023411371237458,75.58528428093646
E00161997,562,83,30,53,479,54,425,14.768683274021353,5.338078291814947,9.430604982206406,85.23131672597864,9.608540925266903,75.62277580071174
E00161998,333,45,15,30,288,25,263,13.513513513513514,4.504504504504505,9.00900900900901,86.48648648648648,7.5075075075075075,78.97897897897897
E00161999,320,51,17,34,269,20,249,15.937499999999998,5.3125,10.625,84.0625,6.25,77.8125
E00162000,452,79,35,44,373,30,343,17.47787610619469,7.7433628318584065,9.734513274336283,82.52212389380531,6.637168141592921,75.88495575221239
E00162001,294,27,3,24,267,27,240,9.183673469387756,1.0204081632653061,8.16326530612245,90.81632653061224,9.183673469387756,81.63265306122449
E00162002,275,34,9,25,241,23,218,12.363636363636363,3.272727272727273,9.090909090909092,87.63636363636364,8.363636363636363,79.27272727272727
E00162003,226,36,10,26,190,27,163,15.929203539823009,4.424778761061947,11.504424778761061,84.070796460177,11.946902654867257,72.12389380530973
E00162004,409,58,20,38,351,31,320,14.180929095354522,4.88997555012225,9.290953545232274,85.81907090464547,7.579462102689487,78.239608801956
E00162005,295,39,15,24,256,28,228,13.220338983050848,5.084745762711865,8.135593220338983,86.77966101694915,9.491525423728813,77.28813559322035
E00162006,304,48,20,28,256,35,221,15.789473684210526,6.578947368421052,9.210526315789473,84.21052631578947,11.513157894736842,72.69736842105263
E00162007,331,46,18,28,285,27,258,13.897280966767372,5.438066465256798,8.459214501510575,86.10271903323263,8.157099697885197,77.94561933534743
E00162008,368,31,8,23,337,29,308,8.423913043478262,2.1739130434782608,6.25,91.57608695652173,7.880434782608696,83.69565217391305
E00162009,275,52,17,35,223,32,191,18.90909090909091,6.181818181818182,12.727272727272727,81.0909090909091,11.636363636363637,69.45454545454545
E00162010,351,53,17,36,298,39,259,15.0997150997151,4.843304843304843,10.256410256410255,84.9002849002849,11.11111111111111,73.78917378917379
E00162011,241,40,15,25,201,25,176,16.59751037344398,6.224066390041494,10.37344398340249,83.40248962655602,10.37344398340249,73.02904564315352
E00162012,338,47,13,34,291,20,271,13.905325443786982,3.8461538461538463,10.059171597633137,86.09467455621301,5.9171597633136095,80.1775147928994
E00162013,395,55,16,39,340,40,300,13.924050632911392,4.050632911392405,9.873417721518987,86.07594936708861,10.126582278481013,75.9493670886076
E00162014,357,51,19,32,306,32,274,14.285714285714285,5.322128851540616,8.96358543417367,85.71428571428571,8.96358543417367,76.75070028011206
E00162015,374,49,19,30,325,34,291,13.101604278074866,5.080213903743315,8.0213903743315509,86.89839572192514,9.090909090909092,77.80748663101605
E00162016,233,45,16,29,188,14,174,19.313304721030043,6.866952789699571,12.446351931330472,80.68669527896995,6.008583690987124,74.67811158798283
E00162017,319,42,14,28,277,29,248,13.166144200626958,4.38871473354232,8.77742946708464,86.83385579937304,9.090909090909092,77.74294670846395
E00162018,270,35,19,16,235,21,214,12.962962962962962,7.037037037037037,5.9259259259259265,87.03703703703704,7.777777777777778,79.25925925925927
E00162019,313,40,9,31,273,19,254,12.779552715654951,2.8753993610223643,9.904153354632587,87.22044728434504,6.070287539936102,81.15015974440894
E00162020,290,47,14,33,243,24,219,16.206896551724135,4.827586206896552,11.379310344827587,83.79310344827586,8.275862068965518,75.51724137931033
E00162021,268,58,26,32,210,16,194,21.641791044776117,9.701492537313433,11.940298507462686,78.35820895522389,5.970149253731343,72.38805970149254
E00162022,493,74,24,50,419,40,379,15.010141987829615,4.86815415821501,10.141987829614605,84.98985801217039,8.113590263691684,76.8762677484787
E00162023,326,42,12,30,284,34,250,12.883435582822086,3.6809815950920246,9.202453987730062,87.11656441717791,10.429447852760736,76.68711656441718
E00162024,250,43,18,25,207,23,184,17.2,7.199999999999999,10,82.8,9.2,73.6
E00162025,411,45,22,23,366,29,337,10.948905109489052,5.35279805352798,5.59610705596107,89.05109489051095,7.0559610705596105,81.99513381995133
E00162027,267,27,9,18,240,23,217,10.112359550561797,3.3707865168539324,6.741573033707865,89.8876404494382,8.614232209737828,81.27340823970037
E00162028,463,51,13,38,412,54,358,11.01511879049676,2.8077753779697625,8.207343412526997,88.98488120950324,11.663066954643629,77.32181425485962
E00167728,619,194,120,74,425,46,379,31.340872374798064,19.38610662358643,11.954765751211632,68.65912762520195,7.431340872374798,61.22778675282714
E00167730,349,42,11,31,307,36,271,12.034383954154727,3.151862464183381,8.882521489971348,87.96561604584528,10.315186246418339,77.65042979942693
E00167731,349,36,7,29,313,21,292,10.315186246418339,2.005730659025788,8.30945558739255,89.68481375358166,6.017191977077363,83.66762177650429
E00167732,371,37,14,23,334,32,302,9.973045822102426,3.7735849056603774,6.199460916442049,90.02695417789758,8.62533692722372,81.40161725067385
E00167733,327,41,10,31,286,21,265,12.538226299694188,3.058103975535168,9.480122324159021,87.46177370030581,6.422018348623854,81.03975535168195
E00167734,433,38,15,23,395,31,364,8.775981524249422,3.4642032332563506,5.311778290993072,91.22401847575058,7.159353348729793,84.06466512702079
E00167735,468,55,23,32,413,47,366,11.752136752136751,4.914529914529915,6.837606837606838,88.24786324786325,10.042735042735043,78.2051282051282
E00167736,342,39,17,22,303,35,268,11.403508771929824,4.970760233918129,6.432748538011696,88.59649122807018,10.23391812865497,78.3625730994152
E00167737,317,50,12,38,267,19,248,15.772870662460567,3.7854889589905363,11.987381703470032,84.22712933753942,5.993690851735016,78.23343848580441
E00167738,233,19,2,17,214,20,194,8.15450643776824,0.8583690987124464,7.296137339055794,91.84549356223177,8.583690987124463,83.2618025751073
E00167739,447,65,13,52,382,20,362,14.541387024608502,2.9082774049217,11.6331096196868,85.4586129753915,4.47427293064877,80.98434004474274
E00167740,240,27,3,24,213,15,198,11.25,1.25,10,88.75,6.25,82.5
E00167741,351,38,12,26,313,32,281,10.826210826210826,3.418803418803419,7.4074074074074066,89.17378917378917,9.116809116809117,80.05698005698005
E00167742,170,19,3,16,151,11,140,11.176470588235295,1.7647058823529411,9.411764705882353,88.8235294117647,6.470588235294119,82.35294117647058
E00188562,289,35,15,20,254,33,221,12.110726643598616,5.190311418685121,6.920415224913495,87.88927335640139,11.418685121107266,76.47058823529412
E00188565,263,33,9,24,230,12,218,12.547528517110266,3.4220532319391634,9.125475285171103,87.45247148288973,4.562737642585551,82.88973384030417
E00188576,202,27,10,17,175,13,162,13.366336633663368,4.9504950495049505,8.415841584158416,86.63366336633663,6.435643564356436,80.19801980198021
E00188579,359,41,14,27,318,26,292,11.420612813370473,3.8997214484679668,7.520891364902507,88.57938718662952,7.242339832869081,81.33704735376045
E00188581,342,28,6,22,314,30,284,8.187134502923977,1.7543859649122806,6.432748538011696,91.81286549707602,8.771929824561402,83.04093567251462
E00188586,244,38,14,24,206,19,187,15.573770491803279,5.737704918032787,9.836065573770492,84.42622950819673,7.786885245901639,76.63934426229508
E00188589,350,32,8,24,318,27,291,9.142857142857142,2.2857142857142856,6.857142857142858,90.85714285714286,7.7142857142857135,83.14285714285714
E00188590,314,40,13,27,274,26,248,12.738853503184714,4.140127388535031,8.598726114649681,87.26114649681529,8.280254777070063,78.98089171974523
E00188598,546,59,15,44,487,42,445,10.805860805860807,2.7472527472527473,8.058608058608058,89.1941391941392,7.6923076923076925,81.5018315018315
E00188605,321,38,10,28,283,23,260,11.838006230529595,3.115264797507788,8.722741433021806,88.1619937694704,7.165109034267912,80.99688473520249
E00188608,306,32,5,27,274,29,245,10.457516339869281,1.6339869281045754,8.823529411764707,89.54248366013073,9.477124183006536,80.06535947712419
E00188616,280,53,18,35,227,26,201,18.928571428571427,6.428571428571428,12.5,81.07142857142857,9.285714285714286,71.78571428571429
E00188621,239,20,4,16,219,21,198,8.368200836820083,1.6736401673640167,6.694560669456067,91.63179916317992,8.786610878661087,82.84518828451883
E00188626,407,93,47,46,314,31,283,22.85012285012285,11.547911547911548,11.302211302211303,77.14987714987716,7.616707616707617,69.53316953316954
E00188628,234,35,11,24,199,14,185,14.957264957264957,4.700854700854701,10.256410256410255,85.04273504273505,5.982905982905983,79.05982905982906
E00188634,342,32,4,28,310,26,284,9.35672514619883,1.1695906432748537,8.187134502923977,90.64327485380117,7.602339181286549,83.04093567251462
E00188635,382,75,27,48,307,30,277,19.63350785340314,7.068062827225131,12.56544502617801,80.36649214659685,7.853403141361256,72.5130890052356
E00188636,185,29,8,21,156,20,136,15.675675675675677,4.324324324324325,11.351351351351353,84.32432432432432,10.81081081081081,73.51351351351352
E00188642,209,29,5,24,180,17,163,13.875598086124402,2.3923444976076556,11.483253588516746,86.1244019138756,8.133971291866029,77.99043062200957
E00188645,330,24,7,17,306,25,281,7.2727272727272725,2.1212121212121215,5.151515151515151,92.72727272727272,7.575757575757576,85.15151515151516
E00188646,352,28,10,18,324,26,298,7.954545454545454,2.840909090909091,5.113636363636364,92.04545454545455,7.386363636363637,84.6590909090909
E00188647,353,43,12,31,310,24,286,12.181303116147308,3.39943342776204,8.78186968838527,87.81869688385268,6.79886685552408,81.01983002832861
E00188650,251,31,9,22,220,19,201,12.350597609561753,3.5856573705179287,8.764940239043826,87.64940239043824,7.569721115537849,80.0796812749004
E00188653,380,47,24,23,333,30,303,12.368421052631579,6.315789473684211,6.052631578947368,87.63157894736841,7.894736842105263,79.73684210526316
E00188663,329,27,10,17,302,32,270,8.206686930091186,3.0395136778115504,5.167173252279635,91.7933130699088,9.72644376899696,82.06686930091185
E00188665,337,33,11,22,304,23,281,9.792284866468842,3.2640949554896146,6.528189910979229,90.20771513353115,6.824925816023739,83.38278931750742
E00188666,350,30,10,20,320,24,296,8.571428571428571,2.857142857142857,5.714285714285714,91.42857142857143,6.857142857142858,84.57142857142857
E00188667,486,27,7,20,459,43,416,5.555555555555555,1.440329218106996,4.11522633744856,94.44444444444444,8.847736625514404,85.59670781893004
E00188669,344,39,13,26,305,27,278,11.337209302325581,3.77906976744186,7.55813953488372,88.66279069767442,7.848837209302325,80.81395348837209
E00188672,207,36,14,22,171,20,151,17.391304347826086,6.763285024154589,10.628019323671497,82.6086956521739,9.66183574879227,72.94685990338165
E00188673,257,39,15,24,218,23,195,15.17509727626459,5.836575875486381,9.33852140077821,84.8249027237354,8.949416342412452,75.87548638132296
E00188677,343,42,7,35,301,34,267,12.244897959183673,2.0408163265306123,10.204081632653061,87.75510204081633,9.912536443148689,77.84256559766763
E00188682,338,52,26,26,286,40,246,15.384615384615385,7.6923076923076925,7.6923076923076925,84.61538461538461,11.834319526627219,72.7810650887574
E00188688,236,29,10,19,207,16,191,12.288135593220339,4.23728813559322,8.050847457627118,87.71186440677965,6.779661016949152,80.9322033898305
E00188689,319,27,8,19,292,18,274,8.463949843260188,2.507836990595611,5.956112852664576,91.53605015673982,5.6426332288401255,85.8934169278997
E00188690,400,51,24,27,349,21,328,12.75,6,6.75,87.25,5.25,82
E00188691,213,29,11,18,184,29,155,13.615023474178404,5.164319248826291,8.450704225352112,86.3849765258216,13.615023474178404,72.76995305164318
E00188697,306,32,5,27,274,26,248,10.457516339869281,1.6339869281045754,8.823529411764707,89.54248366013073,8.49673202614379,81.04575163398692
E00188700,321,39,12,27,282,27,255,12.149532710280374,3.7383177570093453,8.411214953271028,87.85046728971963,8.411214953271028,79.43925233644859
E00188703,219,25,12,13,194,25,169,11.415525114155251,5.47945205479452,5.93607305936073,88.58447488584474,11.415525114155251,77.1689497716895
E00188704,220,34,16,18,186,17,169,15.454545454545453,7.2727272727272725,8.181818181818182,84.54545454545455,7.727272727272727,76.81818181818181
E00188706,206,28,6,22,178,17,161,13.592233009708737,2.912621359223301,10.679611650485436,86.40776699029125,8.25242718446602,78.15533980582524
E00188712,288,30,7,23,258,23,235,10.416666666666668,2.430555555555556,7.986111111111111,89.58333333333334,7.986111111111111,81.59722222222221
E00188715,412,39,16,23,373,28,345,9.466019417475728,3.8834951456310676,5.582524271844661,90.53398058252428,6.796116504854369,83.7378640776699
E00188716,344,36,8,28,308,29,279,10.465116279069768,2.3255813953488373,8.13953488372093,89.53488372093024,8.430232558139535,81.1046511627907
E00188723,256,26,7,19,230,26,204,10.15625,2.734375,7.421875,89.84375,10.15625,79.6875
E00188727,346,40,19,21,306,26,280,11.560693641618498,5.491329479768786,6.069364161849711,88.4393063583815,7.514450867052023,80.92485549132948
E00188728,251,31,4,27,220,17,203,12.350597609561753,1.593625498007968,10.756972111553784,87.64940239043824,6.772908366533864,80.87649402390437
E00188734,406,90,67,23,316,21,295,22.167487684729064,16.502463054187192,5.665024630541872,77.83251231527095,5.172413793103448,72.66009852216749
E00188738,216,30,11,19,186,8,178,13.88888888888889,5.092592592592593,8.796296296296296,86.11111111111111,3.7037037037037033,82.4074074074074
E00188744,287,31,13,18,256,13,243,10.801393728222997,4.529616724738676,6.2717770034843205,89.19860627177701,4.529616724738676,84.66898954703834
E00188747,258,16,5,11,242,19,223,6.2015503875969,1.937984496124031,4.263565891472868,93.7984496124031,7.3643410852713185,86.43410852713178
