OA,ts0590001,ts0590002,ts0590003,ts0590004,ts0590005,ts0590006,ts0590007,ts0590002_PCT,ts0590003_PCT,ts0590004_PCT,ts0590005_PCT,ts0590006_PCT,ts0590007_PCT
E00127769,159,43,19,24,116,86,30,27.044025157232703,11.949685534591195,15.09433962264151,72.95597484276729,54.088050314465406,18.867924528301888
E00127770,98,33,12,21,65,61,4,33.6734693877551,12.244897959183673,21.428571428571427,66.3265306122449,62.244897959183675,4.081632653061225
E00127771,90,29,10,19,61,52,9,32.22222222222222,11.11111111111111,21.11111111111111,67.77777777777779,57.77777777777777,10
E00127772,134,30,11,19,104,89,15,22.388059701492537,8.208955223880597,14.17910447761194,77.61194029850746,66.4179104477612,11.194029850746269
E00127773,186,55,13,42,131,115,16,29.56989247311828,6.989247311827956,22.58064516129032,70.43010752688173,61.82795698924731,8.60215053763441
E00127774,129,35,9,26,94,88,6,27.131782945736433,6.976744186046512,20.155038759689923,72.86821705426357,68.21705426356588,4.651162790697675
E00127775,113,29,11,18,84,68,16,25.663716814159294,9.734513274336283,15.929203539823009,74.33628318584071,60.17699115044248,14.15929203539823
E00127776,70,19,8,11,51,39,12,27.142857142857142,11.428571428571429,15.714285714285714,72.85714285714285,55.714285714285715,17.142857142857142
E00127777,195,52,17,35,143,118,25,26.666666666666668,8.717948717948717,17.94871794871795,73.33333333333333,60.51282051282051,12.82051282051282
E00127778,266,60,20,40,206,179,27,22.55639097744361,7.518796992481203,15.037593984962406,77.44360902255639,67.29323308270678,10.150375939849624
E00127779,86,33,6,27,53,53,0,38.372093023255815,6.976744186046512,31.3953488372093,61.627906976744185,61.627906976744185,0
E00127780,124,49,16,33,75,66,9,39.516129032258064,12.903225806451612,26.61290322580645,60.483870967741936,53.2258064516129,7.258064516129033
E00127781,140,44,20,24,96,83,13,31.428571428571427,14.285714285714285,17.142857142857142,68.57142857142857,59.285714285714285,9.285714285714286
E00127782,135,36,10,26,99,79,20,26.666666666666668,7.4074074074074066,19.25925925925926,73.33333333333333,58.51851851851851,14.814814814814813
E00127783,152,34,10,24,118,111,7,22.36842105263158,6.578947368421052,15.789473684210526,77.63157894736842,73.02631578947368,4.605263157894736
E00127784,120,34,8,26,86,74,12,28.333333333333332,6.666666666666667,21.666666666666668,71.66666666666667,61.66666666666667,10
E00127785,108,29,9,20,79,59,20,26.851851851851855,8.333333333333332,18.51851851851852,73.14814814814815,54.629629629629626,18.51851851851852
E00127786,106,26,8,18,80,70,10,24.528301886792452,7.547169811320755,16.9811320754717,75.47169811320755,66.0377358490566,9.433962264150944
E00127787,176,52,15,37,124,96,28,29.545454545454547,8.522727272727272,21.022727272727273,70.45454545454545,54.54545454545454,15.909090909090908
E00127788,94,31,6,25,63,52,11,32.97872340425532,6.382978723404255,26.595744680851062,67.02127659574468,55.319148936170215,11.702127659574469
E00127789,117,27,9,18,90,76,14,23.076923076923077,7.6923076923076925,15.384615384615385,76.92307692307693,64.95726495726495,11.965811965811966
E00127790,95,29,14,15,66,58,8,30.526315789473685,14.736842105263156,15.789473684210526,69.47368421052632,61.05263157894737,8.421052631578947
E00127791,138,37,18,19,101,83,18,26.811594202898554,13.043478260869565,13.768115942028986,73.18840579710145,60.14492753623188,13.043478260869565
E00127792,57,16,9,7,41,30,11,28.07017543859649,15.789473684210526,12.280701754385964,71.9298245614035,52.63157894736842,19.298245614035086
E00127793,145,36,12,24,109,92,17,24.82758620689655,8.275862068965518,16.551724137931036,75.17241379310344,63.44827586206897,11.724137931034482
E00127794,174,58,19,39,116,101,15,33.33333333333333,10.919540229885058,22.413793103448278,66.66666666666666,58.04597701149425,8.620689655172415
E00127795,148,36,12,24,112,98,14,24.324324324324326,8.108108108108109,16.216216216216218,75.67567567567568,66.21621621621621,9.45945945945946
E00127796,122,38,14,24,84,70,14,31.147540983606557,11.475409836065573,19.672131147540984,68.85245901639344,57.377049180327866,11.475409836065573
E00127797,167,49,10,39,118,103,15,29.34131736526946,5.9880239520958085,23.353293413173652,70.65868263473054,61.67664670658682,8.982035928143713
E00127798,162,58,18,40,104,88,16,35.80246913580247,11.11111111111111,24.691358024691358,64.19753086419753,54.32098765432099,9.876543209876543
E00127799,227,50,19,31,177,152,25,22.026431718061673,8.370044052863436,13.656387665198238,77.97356828193833,66.96035242290749,11.013215859030836
E00127800,130,45,21,24,85,63,22,34.61538461538461,16.153846153846153,18.461538461538463,65.38461538461539,48.46153846153846,16.923076923076923
E00127801,140,38,9,29,102,94,8,27.142857142857142,6.428571428571428,20.714285714285715,72.85714285714285,67.14285714285714,5.714285714285714
E00127802,148,41,16,25,107,95,12,27.7027027027027,10.81081081081081,16.89189189189189,72.2972972972973,64.1891891891892,8.108108108108109
E00127803,136,35,8,27,101,92,9,25.735294117647058,5.88235294117647,19.852941176470587,74.26470588235294,67.64705882352942,6.61764705882353
E00127804,228,62,18,44,166,140,26,27.192982456140353,7.894736842105263,19.298245614035086,72.80701754385966,61.40350877192983,11.403508771929824
E00127805,170,51,17,34,119,104,15,30,10,20,70,61.1764705882353,8.823529411764707
E00127806,117,44,16,28,73,66,7,37.60683760683761,13.675213675213676,23.931623931623932,62.39316239316239,56.41025641025641,5.982905982905983
E00127807,193,55,8,47,138,124,14,28.497409326424872,4.145077720207254,24.352331606217618,71.50259067357513,64.24870466321244,7.253886010362693
E00127808,103,26,10,16,77,68,9,25.24271844660194,9.70873786407767,15.53398058252427,74.75728155339806,66.01941747572816,8.737864077669903
E00127809,182,48,23,25,134,105,29,26.373626373626376,12.637362637362637,13.736263736263737,73.62637362637363,57.692307692307686,15.934065934065933
E00127810,126,51,15,36,75,72,3,40.476190476190474,11.904761904761903,28.57142857142857,59.523809523809526,57.14285714285714,2.380952380952381
E00127811,168,68,23,45,100,94,6,40.476190476190474,13.690476190476192,26.785714285714285,59.523809523809526,55.952380952380956,3.571428571428571
E00127812,69,22,9,13,47,38,9,31.88405797101449,13.043478260869565,18.84057971014493,68.11594202898551,55.072463768115945,13.043478260869565
E00127813,127,38,6,32,89,79,10,29.92125984251969,4.724409448818897,25.196850393700785,70.07874015748031,62.20472440944882,7.874015748031496
E00127814,94,29,9,20,65,60,5,30.851063829787233,9.574468085106384,21.27659574468085,69.14893617021278,63.829787234042556,5.319148936170213
E00127815,120,42,17,25,78,73,5,35,14.166666666666666,20.833333333333336,65,60.83333333333333,4.166666666666666
E00127816,117,53,11,42,64,55,9,45.2991452991453,9.401709401709402,35.8974358974359,54.700854700854705,47.008547008547005,7.6923076923076925
E00127817,119,43,11,32,76,71,5,36.134453781512605,9.243697478991598,26.89075630252101,63.86554621848739,59.66386554621849,4.201680672268908
E00127818,45,20,8,12,25,23,2,44.44444444444444,17.77777777777778,26.666666666666668,55.55555555555556,51.11111111111111,4.444444444444445
E00127819,148,60,23,37,88,82,6,40.54054054054054,15.54054054054054,25,59.45945945945946,55.4054054054054,4.054054054054054
E00127820,129,38,19,19,91,78,13,29.457364341085274,14.728682170542637,14.728682170542637,70.54263565891473,60.46511627906976,10.077519379844961
E00127821,140,51,17,34,89,79,10,36.42857142857142,12.142857142857142,24.285714285714285,63.57142857142857,56.42857142857143,7.142857142857142
E00127822,134,43,15,28,91,85,6,32.08955223880597,11.194029850746269,20.8955223880597,67.91044776119402,63.43283582089553,4.477611940298507
E00127823,120,48,16,32,72,71,1,40,13.333333333333334,26.666666666666668,60,59.166666666666664,0.8333333333333334
E00127824,131,51,20,31,80,77,3,38.93129770992366,15.267175572519085,23.66412213740458,61.06870229007634,58.778625954198475,2.2900763358778624
E00127825,127,60,22,38,67,59,8,47.24409448818898,17.322834645669293,29.92125984251969,52.75590551181102,46.45669291338583,6.299212598425196
E00127826,142,53,14,39,89,81,8,37.32394366197183,9.859154929577464,27.464788732394368,62.676056338028175,57.04225352112676,5.633802816901409
E00127827,123,64,15,49,59,59,0,52.03252032520326,12.195121951219512,39.83739837398374,47.96747967479675,47.96747967479675,0
E00127828,152,70,25,45,82,76,6,46.05263157894737,16.447368421052634,29.605263157894733,53.94736842105263,50,3.9473684210526314
E00127829,187,59,11,48,128,120,8,31.550802139037433,5.88235294117647,25.668449197860966,68.44919786096256,64.171122994652407,4.27807486631016
E00127830,79,31,7,24,48,44,4,39.24050632911392,8.860759493670885,30.37974683544304,60.75949367088608,55.69620253164557,5.063291139240507
E00127831,78,25,10,15,53,46,7,32.05128205128205,12.82051282051282,19.230769230769234,67.94871794871796,58.97435897435898,8.974358974358974
E00127832,136,64,14,50,72,67,5,47.05882352941176,10.294117647058822,36.76470588235294,52.94117647058824,49.26470588235294,3.6764705882352944
E00127833,121,59,20,39,62,58,4,48.760330578512395,16.528925619834713,32.231404958677686,51.2396694214876,47.93388429752066,3.3057851239669422
E00127834,127,56,17,39,71,70,1,44.09448818897638,13.385826771653544,30.708661417322837,55.90551181102362,55.118110236220474,0.7874015748031495
E00127836,98,39,13,26,59,54,5,39.795918367346935,13.26530612244898,26.53061224489796,60.204081632653065,55.10204081632652,5.1020408163265305
E00127837,114,36,9,27,78,66,12,31.57894736842105,7.894736842105263,23.684210526315788,68.42105263157895,57.89473684210527,10.526315789473683
E00127838,129,40,12,28,89,82,7,31.007751937984494,9.30232558139535,21.705426356589147,68.9922480620155,63.565891472868216,5.426356589147287
E00127839,158,69,30,39,89,81,8,43.67088607594937,18.9873417721519,24.68354430379747,56.32911392405063,51.26582278481012,5.063291139240507
E00127840,95,23,12,11,72,65,7,24.210526315789473,12.631578947368421,11.578947368421053,75.78947368421053,68.42105263157895,7.368421052631578
E00127841,141,62,13,49,79,66,13,43.97163120567376,9.219858156028367,34.751773049645394,56.02836879432624,46.808510638297875,9.219858156028367
E00127842,74,36,10,26,38,37,1,48.64864864864865,13.513513513513514,35.13513513513514,51.35135135135135,50,1.3513513513513513
E00127843,126,43,11,32,83,76,7,34.12698412698413,8.73015873015873,25.396825396825395,65.87301587301587,60.317460317460316,5.555555555555555
E00127844,101,22,5,17,79,73,6,21.782178217821784,4.9504950495049505,16.831683168316832,78.21782178217822,72.27722772277228,5.9405940594059405
E00127845,122,42,12,30,80,69,11,34.42622950819672,9.836065573770492,24.59016393442623,65.57377049180327,56.557377049180324,9.01639344262295
E00127846,108,29,9,20,79,74,5,26.851851851851855,8.333333333333332,18.51851851851852,73.14814814814815,68.51851851851852,4.62962962962963
E00127847,131,37,9,28,94,82,12,28.24427480916031,6.870229007633588,21.374045801526716,71.7557251908397,62.59541984732825,9.16030534351145
E00127848,129,56,17,39,73,67,6,43.41085271317829,13.178294573643413,30.23255813953488,56.58914728682171,51.93798449612403,4.651162790697675
E00127849,61,20,7,13,41,39,2,32.78688524590164,11.475409836065573,21.311475409836063,67.21311475409836,63.934426229508205,3.278688524590164
E00127850,121,30,6,24,91,81,10,24.793388429752067,4.958677685950414,19.834710743801654,75.20661157024794,66.94214876033058,8.264462809917356
E00127851,110,53,18,35,57,51,6,48.18181818181818,16.363636363636363,31.818181818181817,51.81818181818182,46.36363636363636,5.454545454545454
E00127852,153,55,12,43,98,87,11,35.947712418300654,7.8431372549019605,28.104575163398692,64.05228758169935,56.86274509803921,7.18954248366013
E00127853,138,48,12,36,90,81,9,34.78260869565217,8.695652173913043,26.08695652173913,65.21739130434783,58.69565217391305,6.521739130434782
E00127854,149,58,25,33,91,80,11,38.92617449664429,16.778523489932887,22.14765100671141,61.07382550335571,53.691275167785236,7.38255033557047
E00127855,180,71,20,51,109,95,14,39.44444444444444,11.11111111111111,28.333333333333332,60.55555555555555,52.77777777777778,7.777777777777778
E00127856,150,61,16,45,89,80,9,40.666666666666664,10.666666666666668,30,59.333333333333336,53.333333333333336,6
E00127857,133,40,11,29,93,86,7,30.075187969924812,8.270676691729323,21.804511278195488,69.92481203007519,64.66165413533834,5.263157894736842
E00127858,122,40,12,28,82,75,7,32.78688524590164,9.836065573770492,22.950819672131146,67.21311475409836,61.47540983606557,5.737704918032787
E00127859,140,59,14,45,81,75,6,42.142857142857146,10,32.142857142857146,57.85714285714286,53.57142857142857,4.285714285714286
E00127860,19,8,1,7,11,7,4,42.10526315789473,5.263157894736842,36.84210526315789,57.89473684210527,36.84210526315789,21.052631578947366
E00127861,128,65,13,52,63,60,3,50.78125,10.15625,40.625,49.21875,46.875,2.34375
E00127862,127,52,8,44,75,68,7,40.94488188976378,6.299212598425196,34.645669291338585,59.055118110236215,53.54330708661418,5.511811023622047
E00127863,158,47,15,32,111,94,17,29.746835443037973,9.49367088607595,20.253164556962027,70.25316455696202,59.49367088607595,10.759493670886076
E00127864,153,39,13,26,114,101,13,25.49019607843137,8.49673202614379,16.99346405228758,74.50980392156863,66.01307189542483,8.49673202614379
E00127865,125,36,9,27,89,79,10,28.799999999999997,7.199999999999999,21.6,71.2,63.2,8
E00127866,179,53,14,39,126,105,21,29.608938547486037,7.82122905027933,21.787709497206702,70.39106145251397,58.659217877094974,11.731843575418994
E00127867,180,54,18,36,126,107,19,30,10,20,70,59.44444444444444,10.555555555555555
E00127868,127,39,10,29,88,82,6,30.708661417322837,7.874015748031496,22.83464566929134,69.29133858267717,64.56692913385827,4.724409448818897
E00127869,128,27,8,19,101,90,11,21.09375,6.25,14.84375,78.90625,70.3125,8.59375
E00127870,146,42,11,31,104,96,8,28.767123287671232,7.534246575342466,21.232876712328768,71.23287671232876,65.75342465753424,5.47945205479452
E00127871,190,49,14,35,141,129,12,25.789473684210527,7.368421052631578,18.421052631578945,74.21052631578947,67.89473684210526,6.315789473684211
E00127872,127,28,9,19,99,85,14,22.04724409448819,7.086614173228346,14.960629921259844,77.95275590551181,66.92913385826772,11.023622047244094
E00127873,149,35,12,23,114,103,11,23.48993288590604,8.053691275167784,15.436241610738255,76.51006711409396,69.12751677852349,7.38255033557047
E00127874,95,27,11,16,68,61,7,28.421052631578945,11.578947368421053,16.842105263157894,71.57894736842105,64.21052631578948,7.368421052631578
E00127875,87,34,11,23,53,46,7,39.08045977011494,12.643678160919542,26.436781609195403,60.91954022988506,52.87356321839081,8.045977011494253
E00127876,152,32,12,20,120,105,15,21.052631578947366,7.894736842105263,13.157894736842104,78.94736842105263,69.07894736842105,9.868421052631579
E00127877,162,51,15,36,111,101,10,31.48148148148148,9.25925925925926,22.22222222222222,68.51851851851852,62.34567901234568,6.172839506172839
E00127878,165,53,11,42,112,100,12,32.121212121212125,6.666666666666667,25.454545454545453,67.87878787878789,60.60606060606061,7.2727272727272725
E00127879,139,37,10,27,102,91,11,26.618705035971225,7.1942446043165464,19.424460431654676,73.38129496402878,65.46762589928058,7.913669064748201
E00127880,75,25,7,18,50,48,2,33.33333333333333,9.333333333333334,24,66.66666666666666,64,2.666666666666667
E00127881,121,26,4,22,95,80,15,21.487603305785125,3.3057851239669422,18.181818181818183,78.51239669421489,66.11570247933885,12.396694214876034
E00127882,120,40,10,30,80,71,9,33.33333333333333,8.333333333333332,25,66.66666666666666,59.166666666666664,7.5
E00127883,135,41,9,32,94,84,10,30.37037037037037,6.666666666666667,23.703703703703706,69.62962962962963,62.22222222222222,7.4074074074074066
E00127884,128,35,13,22,93,84,9,27.34375,10.15625,17.1875,72.65625,65.625,7.03125
E00127885,166,45,6,39,121,103,18,27.10843373493976,3.614457831325301,23.49397590361446,72.89156626506023,62.048192771084345,10.843373493975903
E00127886,74,21,3,18,53,45,8,28.37837837837838,4.054054054054054,24.324324324324326,71.62162162162163,60.810810810810814,10.81081081081081
E00127887,133,27,9,18,106,93,13,20.30075187969925,6.7669172932330826,13.533834586466165,79.69924812030075,69.92481203007519,9.774436090225564
E00127888,110,24,2,22,86,80,6,21.818181818181817,1.8181818181818181,20,78.18181818181819,72.72727272727273,5.454545454545454
E00127889,143,41,9,32,102,99,3,28.671328671328673,6.293706293706294,22.377622377622377,71.32867132867133,69.23076923076923,2.097902097902098
E00127890,109,21,5,16,88,73,15,19.26605504587156,4.587155963302752,14.678899082568808,80.73394495412845,66.97247706422019,13.761467889908257
E00127891,102,33,12,21,69,63,6,32.35294117647059,11.76470588235294,20.588235294117645,67.64705882352942,61.76470588235294,5.88235294117647
E00127892,171,51,14,37,120,101,19,29.82456140350877,8.187134502923977,21.637426900584796,70.17543859649122,59.06432748538012,11.11111111111111
E00127893,165,43,13,30,122,113,9,26.060606060606062,7.878787878787878,18.181818181818183,73.93939393939394,68.48484848484848,5.454545454545454
E00127894,147,41,15,26,106,92,14,27.89115646258503,10.204081632653061,17.687074829931973,72.10884353741497,62.585034013605444,9.523809523809524
E00127895,94,29,7,22,65,61,4,30.851063829787233,7.446808510638298,23.404255319148938,69.14893617021278,64.8936170212766,4.25531914893617
E00127896,150,44,18,26,106,92,14,29.333333333333332,12,17.333333333333336,70.66666666666667,61.33333333333333,9.333333333333334
E00127897,100,16,0,16,84,76,8,16,0,16,84,76,8
E00127898,133,38,12,26,95,83,12,28.57142857142857,9.022556390977442,19.548872180451127,71.42857142857143,62.40601503759399,9.022556390977442
E00127899,161,45,13,32,116,98,18,27.95031055900621,8.074534161490684,19.875776397515526,72.04968944099379,60.86956521739131,11.180124223602485
E00127900,161,44,10,34,117,94,23,27.32919254658385,6.211180124223603,21.11801242236025,72.67080745341616,58.38509316770186,14.285714285714285
E00127901,138,42,11,31,96,60,36,30.434782608695656,7.971014492753622,22.463768115942027,69.56521739130434,43.47826086956522,26.08695652173913
E00127902,240,74,26,48,166,126,40,30.833333333333336,10.833333333333334,20,69.16666666666667,52.5,16.666666666666664
E00127903,167,59,29,30,108,84,24,35.32934131736527,17.365269461077844,17.964071856287426,64.67065868263472,50.29940119760479,14.37125748502994
E00127904,128,35,10,25,93,79,14,27.34375,7.8125,19.53125,72.65625,61.71875,10.9375
E00127905,143,39,10,29,104,91,13,27.27272727272727,6.993006993006993,20.27972027972028,72.72727272727273,63.63636363636363,9.090909090909092
E00127906,133,38,11,27,95,75,20,28.57142857142857,8.270676691729323,20.30075187969925,71.42857142857143,56.390977443609025,15.037593984962406
E00127907,136,30,2,28,106,94,12,22.058823529411764,1.4705882352941175,20.588235294117645,77.94117647058823,69.11764705882352,8.823529411764707
E00127908,127,26,9,17,101,93,8,20.47244094488189,7.086614173228346,13.385826771653544,79.52755905511812,73.22834645669292,6.299212598425196
E00127909,104,29,2,27,75,63,12,27.884615384615387,1.9230769230769231,25.961538461538463,72.11538461538461,60.57692307692307,11.538461538461538
E00127910,167,48,11,37,119,102,17,28.74251497005988,6.58682634730539,22.15568862275449,71.25748502994011,61.07784431137725,10.179640718562874
E00127911,148,55,20,35,93,79,14,37.16216216216216,13.513513513513514,23.64864864864865,62.83783783783784,53.37837837837838,9.45945945945946
E00127912,181,66,22,44,115,91,24,36.46408839779006,12.154696132596685,24.30939226519337,63.53591160220995,50.27624309392266,13.259668508287293
E00127913,149,47,14,33,102,81,21,31.543624161073826,9.395973154362416,22.14765100671141,68.45637583892618,54.36241610738255,14.093959731543624
E00127914,247,57,20,37,190,168,22,23.076923076923077,8.097165991902834,14.979757085020243,76.92307692307693,68.0161943319838,8.906882591093117
E00127915,158,44,17,27,114,95,19,27.848101265822784,10.759493670886076,17.088607594936708,72.15189873417721,60.12658227848101,12.025316455696203
E00127916,119,39,11,28,80,67,13,32.773109243697476,9.243697478991598,23.52941176470588,67.22689075630252,56.30252100840336,10.92436974789916
E00127917,165,42,16,26,123,103,20,25.454545454545453,9.696969696969697,15.757575757575756,74.54545454545455,62.42424242424243,12.121212121212121
E00127918,101,29,9,20,72,60,12,28.71287128712871,8.91089108910891,19.801980198019802,71.28712871287128,59.4059405940594,11.881188118811881
E00127921,165,60,14,46,105,91,14,36.36363636363637,8.484848484848486,27.878787878787882,63.63636363636363,55.15151515151515,8.484848484848486
E00127922,85,26,10,16,59,48,11,30.58823529411765,11.76470588235294,18.823529411764707,69.41176470588235,56.470588235294116,12.941176470588237
E00127923,171,46,12,34,125,108,17,26.900584795321635,7.017543859649122,19.883040935672515,73.09941520467837,63.1578947368421,9.941520467836257
E00127924,146,41,19,22,105,91,14,28.08219178082192,13.013698630136986,15.068493150684931,71.91780821917808,62.328767123287676,9.58904109589041
E00127925,127,54,24,30,73,61,12,42.51968503937008,18.89763779527559,23.62204724409449,57.48031496062992,48.031496062992126,9.448818897637794
E00127926,182,51,21,30,131,96,35,28.021978021978022,11.538461538461538,16.483516483516482,71.97802197802197,52.74725274725275,19.230769230769234
E00127927,144,43,14,29,101,84,17,29.86111111111111,9.722222222222223,20.13888888888889,70.13888888888889,58.333333333333336,11.805555555555555
E00127928,162,39,12,27,123,91,32,24.074074074074073,7.4074074074074066,16.666666666666664,75.92592592592592,56.17283950617284,19.753086419753085
E00127929,151,46,17,29,105,79,26,30.4635761589404,11.258278145695364,19.205298013245034,69.5364238410596,52.317880794701985,17.218543046357617
E00127930,150,38,17,21,112,84,28,25.333333333333336,11.333333333333332,14.000000000000002,74.66666666666667,56.00000000000001,18.666666666666668
E00127931,147,38,15,23,109,96,13,25.850340136054424,10.204081632653061,15.646258503401361,74.14965986394559,65.3061224489796,8.843537414965986
E00127932,122,31,11,20,91,85,6,25.40983606557377,9.01639344262295,16.39344262295082,74.59016393442623,69.67213114754098,4.918032786885246
E00127933,168,61,24,37,107,85,22,36.30952380952381,14.285714285714285,22.023809523809522,63.69047619047619,50.595238095238095,13.095238095238097
E00127934,147,46,8,38,101,88,13,31.292517006802722,5.442176870748299,25.850340136054424,68.70748299319727,59.863945578231295,8.843537414965986
E00127935,103,23,1,22,80,70,10,22.330097087378643,0.9708737864077669,21.35922330097087,77.66990291262135,67.96116504854369,9.70873786407767
E00127936,142,41,11,30,101,93,8,28.87323943661972,7.746478873239436,21.12676056338028,71.12676056338029,65.49295774647888,5.633802816901409
E00127937,155,51,19,32,104,91,13,32.903225806451616,12.258064516129032,20.64516129032258,67.0967741935484,58.70967741935483,8.38709677419355
E00127938,82,28,6,22,54,52,2,34.146341463414636,7.317073170731707,26.82926829268293,65.85365853658537,63.41463414634146,2.4390243902439024
E00127939,46,13,3,10,33,32,1,28.26086956521739,6.521739130434782,21.73913043478261,71.73913043478261,69.56521739130434,2.1739130434782608
E00127940,89,28,12,16,61,54,7,31.46067415730337,13.48314606741573,17.97752808988764,68.53932584269663,60.67415730337079,7.865168539325842
E00127941,96,30,5,25,66,58,8,31.25,5.208333333333334,26.041666666666668,68.75,60.416666666666664,8.333333333333332
E00127942,103,45,15,30,58,52,6,43.689320388349515,14.563106796116504,29.126213592233007,56.310679611650485,50.48543689320388,5.825242718446602
E00127943,149,57,21,36,92,88,4,38.25503355704698,14.093959731543624,24.161073825503358,61.74496644295302,59.06040268456376,2.684563758389262
E00127944,85,32,6,26,53,49,4,37.64705882352941,7.0588235294117645,30.58823529411765,62.35294117647059,57.647058823529406,4.705882352941177
E00127945,69,26,9,17,43,39,4,37.68115942028986,13.043478260869565,24.637681159420293,62.31884057971014,56.52173913043478,5.797101449275362
E00127946,58,20,4,16,38,31,7,34.48275862068966,6.896551724137931,27.586206896551722,65.51724137931035,53.44827586206896,12.068965517241379
E00127947,127,37,6,31,90,78,12,29.133858267716533,4.724409448818897,24.409448818897637,70.86614173228347,61.417322834645674,9.448818897637794
E00127948,114,31,4,27,83,76,7,27.192982456140353,3.508771929824561,23.684210526315788,72.80701754385966,66.66666666666666,6.140350877192982
E00127949,107,24,7,17,83,75,8,22.429906542056074,6.5420560747663545,15.887850467289718,77.57009345794393,70.09345794392523,7.476635514018691
E00127950,142,37,7,30,105,93,12,26.056338028169012,4.929577464788732,21.12676056338028,73.94366197183099,65.49295774647888,8.450704225352112
E00127951,152,48,19,29,104,97,7,31.57894736842105,12.5,19.078947368421055,68.42105263157895,63.81578947368421,4.605263157894736
E00127952,151,39,9,30,112,96,16,25.82781456953642,5.960264900662252,19.867549668874172,74.17218543046357,63.576158940397356,10.596026490066226
E00127953,131,33,8,25,98,93,5,25.190839694656486,6.106870229007633,19.083969465648856,74.80916030534351,70.99236641221374,3.816793893129771
E00127954,151,55,18,37,96,85,11,36.423841059602644,11.920529801324504,24.503311258278146,63.576158940397356,56.29139072847682,7.28476821192053
E00127955,125,37,5,32,88,81,7,29.599999999999998,4,25.6,70.39999999999999,64.8,5.6000000000000005
E00127956,162,45,18,27,117,106,11,27.77777777777778,11.11111111111111,16.666666666666664,72.22222222222221,65.4320987654321,6.790123456790123
E00127957,128,31,14,17,97,92,5,24.21875,10.9375,13.28125,75.78125,71.875,3.90625
E00127958,130,37,10,27,93,83,10,28.46153846153846,7.6923076923076925,20.76923076923077,71.53846153846153,63.84615384615384,7.6923076923076925
E00127959,146,39,15,24,107,98,9,26.71232876712329,10.273972602739725,16.43835616438356,73.28767123287672,67.12328767123287,6.164383561643835
E00127960,142,46,19,27,96,87,9,32.3943661971831,13.380281690140844,19.014084507042252,67.6056338028169,61.267605633802816,6.338028169014084
E00127961,128,36,13,23,92,73,19,28.125,10.15625,17.96875,71.875,57.03125,14.84375
E00127962,131,48,12,36,83,78,5,36.6412213740458,9.16030534351145,27.480916030534353,63.358778625954194,59.541984732824424,3.816793893129771
E00127963,133,53,13,40,80,71,9,39.849624060150376,9.774436090225564,30.075187969924812,60.150375939849624,53.383458646616546,6.7669172932330826
E00127964,119,35,9,26,84,67,17,29.411764705882355,7.563025210084033,21.84873949579832,70.58823529411765,56.30252100840336,14.285714285714285
E00127965,146,44,15,29,102,86,16,30.136986301369863,10.273972602739725,19.863013698630137,69.86301369863014,58.9041095890411,10.95890410958904
E00127966,198,54,18,36,144,119,25,27.27272727272727,9.090909090909092,18.181818181818183,72.72727272727273,60.1010101010101,12.626262626262626
E00127967,163,51,18,33,112,95,17,31.28834355828221,11.042944785276074,20.245398773006134,68.71165644171779,58.282208588957054,10.429447852760736
E00127968,100,33,12,21,67,55,12,33,12,21,67,55.00000000000001,12
E00127969,107,48,18,30,59,52,7,44.85981308411215,16.822429906542055,28.037383177570092,55.140186915887845,48.598130841121495,6.5420560747663545
E00127970,94,30,11,19,64,56,8,31.914893617021278,11.702127659574469,20.212765957446805,68.08510638297872,59.57446808510638,8.51063829787234
E00127971,252,101,27,74,151,138,13,40.07936507936508,10.714285714285714,29.365079365079367,59.92063492063492,54.761904761904766,5.158730158730158
E00127972,85,22,10,12,63,53,10,25.882352941176475,11.76470588235294,14.117647058823529,74.11764705882354,62.35294117647059,11.76470588235294
E00127973,150,68,25,43,82,74,8,45.33333333333333,16.666666666666664,28.666666666666668,54.666666666666664,49.333333333333336,5.333333333333334
E00127974,125,43,15,28,82,66,16,34.4,12,22.400000000000002,65.60000000000001,52.800000000000004,12.8
E00127975,145,59,22,37,86,78,8,40.689655172413794,15.172413793103448,25.517241379310345,59.310344827586206,53.79310344827586,5.517241379310345
E00127976,135,62,15,47,73,66,7,45.925925925925924,11.11111111111111,34.81481481481482,54.074074074074076,48.888888888888886,5.185185185185185
E00127977,139,49,17,32,90,83,7,35.25179856115108,12.23021582733813,23.021582733812952,64.74820143884892,59.71223021582733,5.0359712230215825
E00127978,149,65,19,46,84,75,9,43.624161073825505,12.751677852348994,30.87248322147651,56.375838926174495,50.33557046979866,6.0402684563758395
E00127979,186,59,25,34,127,112,15,31.72043010752688,13.440860215053762,18.27956989247312,68.27956989247312,60.215053763440864,8.064516129032258
E00127980,175,55,14,41,120,106,14,31.428571428571427,8,23.42857142857143,68.57142857142857,60.57142857142858,8
E00127981,113,52,17,35,61,61,0,46.017699115044245,15.04424778761062,30.973451327433626,53.98230088495575,53.98230088495575,0
E00127982,89,31,11,20,58,51,7,34.831460674157306,12.359550561797752,22.47191011235955,65.1685393258427,57.30337078651685,7.865168539325842
E00127983,149,48,8,40,101,93,8,32.21476510067114,5.369127516778524,26.845637583892618,67.78523489932886,62.41610738255034,5.369127516778524
E00127984,138,50,14,36,88,78,10,36.231884057971016,10.144927536231885,26.08695652173913,63.76811594202898,56.52173913043478,7.246376811594203
E00127985,114,49,10,39,65,58,7,42.98245614035088,8.771929824561402,34.21052631578947,57.01754385964912,50.877192982456144,6.140350877192982
E00127986,142,39,6,33,103,89,14,27.464788732394368,4.225352112676056,23.239436619718308,72.53521126760563,62.676056338028175,9.859154929577464
E00127987,48,20,9,11,28,28,0,41.66666666666667,18.75,22.916666666666664,58.333333333333336,58.333333333333336,0
E00127988,153,58,15,43,95,92,3,37.908496732026144,9.803921568627452,28.104575163398692,62.091503267973856,60.130718954248366,1.9607843137254901
E00127989,133,69,21,48,64,63,1,51.8796992481203,15.789473684210526,36.09022556390977,48.1203007518797,47.368421052631575,0.7518796992481203
E00127990,130,49,12,37,81,72,9,37.69230769230769,9.230769230769232,28.46153846153846,62.30769230769231,55.38461538461539,6.923076923076923
E00127992,84,25,8,17,59,55,4,29.761904761904763,9.523809523809524,20.238095238095237,70.23809523809523,65.47619047619048,4.761904761904762
E00127993,147,46,20,26,101,92,9,31.292517006802722,13.60544217687075,17.687074829931973,68.70748299319727,62.585034013605444,6.122448979591836
E00127995,109,43,10,33,66,64,2,39.44954128440367,9.174311926605505,30.275229357798167,60.550458715596335,58.71559633027523,1.834862385321101
E00127996,55,18,9,9,37,31,6,32.72727272727273,16.363636363636363,16.363636363636363,67.27272727272727,56.36363636363636,10.909090909090908
E00127997,134,42,18,24,92,83,9,31.343283582089555,13.432835820895523,17.91044776119403,68.65671641791045,61.940298507462686,6.7164179104477615
E00127998,70,30,10,20,40,40,0,42.857142857142854,14.285714285714285,28.57142857142857,57.14285714285714,57.14285714285714,0
E00127999,119,31,13,18,88,83,5,26.05042016806723,10.92436974789916,15.126050420168067,73.94957983193278,69.74789915966386,4.201680672268908
E00128000,112,34,13,21,78,74,4,30.357142857142854,11.607142857142858,18.75,69.64285714285714,66.07142857142857,3.571428571428571
E00128001,106,36,15,21,70,63,7,33.9622641509434,14.150943396226415,19.81132075471698,66.0377358490566,59.43396226415094,6.60377358490566
E00128002,125,42,7,35,83,83,0,33.6,5.6000000000000005,28.000000000000004,66.4,66.4,0
E00128003,97,32,7,25,65,64,1,32.98969072164948,7.216494845360824,25.773195876288657,67.0103092783505,65.97938144329896,1.0309278350515463
E00128004,92,32,10,22,60,59,1,34.78260869565217,10.869565217391305,23.91304347826087,65.21739130434783,64.13043478260869,1.0869565217391304
E00128005,170,45,8,37,125,114,11,26.47058823529412,4.705882352941177,21.764705882352942,73.52941176470588,67.05882352941175,6.470588235294119
E00128006,213,60,24,36,153,132,21,28.169014084507044,11.267605633802818,16.901408450704224,71.83098591549296,61.97183098591549,9.859154929577464
E00128007,102,37,7,30,65,60,5,36.27450980392157,6.862745098039216,29.411764705882355,63.725490196078425,58.82352941176471,4.901960784313726
E00128008,126,40,11,29,86,74,12,31.746031746031743,8.73015873015873,23.015873015873016,68.25396825396825,58.730158730158735,9.523809523809524
E00128009,116,35,10,25,81,70,11,30.17241379310345,8.620689655172415,21.551724137931032,69.82758620689656,60.3448275862069,9.482758620689655
E00128010,161,41,7,34,120,111,9,25.465838509316768,4.3478260869565215,21.11801242236025,74.53416149068323,68.94409937888199,5.590062111801243
E00128011,146,46,17,29,100,85,15,31.506849315068493,11.643835616438356,19.863013698630137,68.4931506849315,58.21917808219178,10.273972602739725
E00128012,119,30,10,20,89,80,9,25.210084033613445,8.403361344537815,16.80672268907563,74.78991596638656,67.22689075630252,7.563025210084033
E00128013,92,31,15,16,61,48,13,33.69565217391305,16.304347826086957,17.391304347826086,66.30434782608695,52.17391304347826,14.130434782608695
E00128014,152,41,6,35,111,106,5,26.973684210526315,3.9473684210526314,23.026315789473685,73.02631578947368,69.73684210526315,3.289473684210526
E00128015,132,27,7,20,105,96,9,20.454545454545457,5.303030303030303,15.151515151515152,79.54545454545455,72.72727272727273,6.8181818181818175
E00128016,119,39,13,26,80,74,6,32.773109243697476,10.92436974789916,21.84873949579832,67.22689075630252,62.18487394957983,5.042016806722689
E00128017,90,21,4,17,69,59,10,23.333333333333332,4.444444444444445,18.88888888888889,76.66666666666667,65.55555555555556,11.11111111111111
E00128018,200,72,19,53,128,112,16,36,9.5,26.5,64,56.00000000000001,8
E00128019,151,41,16,25,110,97,13,27.1523178807947,10.596026490066226,16.55629139072848,72.84768211920529,64.23841059602648,8.609271523178808
E00128020,165,51,12,39,114,101,13,30.909090909090907,7.2727272727272725,23.636363636363637,69.0909090909091,61.212121212121204,7.878787878787878
E00128021,108,35,10,25,73,65,8,32.407407407407405,9.25925925925926,23.14814814814815,67.5925925925926,60.18518518518518,7.4074074074074066
E00128022,109,40,16,24,69,62,7,36.69724770642202,14.678899082568808,22.018348623853214,63.30275229357798,56.88073394495413,6.422018348623854
E00128023,156,50,14,36,106,97,9,32.05128205128205,8.974358974358974,23.076923076923077,67.94871794871796,62.17948717948718,5.769230769230769
E00128024,121,61,13,48,60,57,3,50.413223140495866,10.743801652892563,39.66942148760331,49.586776859504134,47.107438016528924,2.479338842975207
E00128025,152,60,17,43,92,91,1,39.473684210526315,11.18421052631579,28.289473684210524,60.526315789473685,59.86842105263158,0.6578947368421052
E00128026,126,53,12,41,73,64,9,42.06349206349206,9.523809523809524,32.53968253968254,57.936507936507944,50.79365079365079,7.142857142857142
E00128027,155,57,19,38,98,90,8,36.774193548387096,12.258064516129032,24.516129032258064,63.2258064516129,58.06451612903226,5.161290322580645
E00128028,119,60,21,39,59,57,2,50.42016806722689,17.647058823529413,32.773109243697476,49.57983193277311,47.89915966386555,1.680672268907563
E00128029,236,82,32,50,154,136,18,34.74576271186441,13.559322033898304,21.1864406779661,65.2542372881356,57.6271186440678,7.627118644067797
E00128030,148,67,16,51,81,81,0,45.27027027027027,10.81081081081081,34.45945945945946,54.729729729729726,54.729729729729726,0
E00128031,112,42,12,30,70,63,7,37.5,10.714285714285714,26.785714285714285,62.5,56.25,6.25
E00128032,100,28,2,26,72,67,5,28.000000000000004,2,26,72,67,5
E00128033,93,19,8,11,74,69,5,20.43010752688172,8.60215053763441,11.827956989247312,79.56989247311827,74.19354838709677,5.376344086021505
E00128034,182,81,28,53,101,94,7,44.505494505494504,15.384615384615385,29.120879120879124,55.494505494505496,51.64835164835166,3.8461538461538463
E00128035,115,30,12,18,85,75,10,26.08695652173913,10.434782608695652,15.65217391304348,73.91304347826086,65.21739130434783,8.695652173913043
E00128036,77,27,6,21,50,49,1,35.064935064935064,7.792207792207792,27.27272727272727,64.93506493506493,63.63636363636363,1.2987012987012987
E00128037,132,46,11,35,86,73,13,34.84848484848485,8.333333333333332,26.515151515151516,65.15151515151516,55.3030303030303,9.848484848484848
E00128038,99,29,17,12,70,61,9,29.292929292929294,17.17171717171717,12.121212121212121,70.70707070707071,61.61616161616161,9.090909090909092
E00128039,64,26,9,17,38,32,6,40.625,14.0625,26.5625,59.375,50,9.375
E00128040,123,39,15,24,84,73,11,31.70731707317073,12.195121951219512,19.51219512195122,68.29268292682927,59.34959349593496,8.94308943089431
E00128041,113,38,10,28,75,74,1,33.6283185840708,8.849557522123893,24.778761061946902,66.3716814159292,65.48672566371681,0.8849557522123894
E00128042,104,38,15,23,66,61,5,36.53846153846153,14.423076923076922,22.115384615384613,63.46153846153846,58.65384615384615,4.807692307692308
E00128043,66,25,8,17,41,41,0,37.878787878787875,12.121212121212121,25.757575757575758,62.121212121212125,62.121212121212125,0
E00128044,148,49,16,33,99,81,18,33.108108108108105,10.81081081081081,22.2972972972973,66.8918918918919,54.729729729729726,12.162162162162163
E00128045,126,42,15,27,84,71,13,33.33333333333333,11.904761904761903,21.428571428571427,66.66666666666666,56.34920634920635,10.317460317460316
E00128046,134,51,16,35,83,69,14,38.059701492537314,11.940298507462686,26.119402985074625,61.940298507462686,51.49253731343284,10.44776119402985
E00128047,118,43,11,32,75,63,12,36.440677966101696,9.322033898305085,27.11864406779661,63.559322033898304,53.38983050847458,10.16949152542373
E00128048,149,46,15,31,103,93,10,30.87248322147651,10.06711409395973,20.80536912751678,69.12751677852349,62.41610738255034,6.7114093959731544
E00128050,124,36,14,22,88,79,9,29.03225806451613,11.29032258064516,17.741935483870968,70.96774193548387,63.70967741935484,7.258064516129033
E00128051,111,32,8,24,79,72,7,28.82882882882883,7.207207207207207,21.62162162162162,71.17117117117117,64.86486486486487,6.306306306306306
E00128052,109,40,13,27,69,60,9,36.69724770642202,11.926605504587156,24.770642201834864,63.30275229357798,55.04587155963303,8.256880733944955
E00128054,117,55,19,36,62,58,4,47.008547008547005,16.23931623931624,30.76923076923077,52.991452991452995,49.572649572649574,3.418803418803419
E00128055,140,64,19,45,76,71,5,45.714285714285715,13.571428571428571,32.142857142857146,54.285714285714285,50.71428571428571,3.571428571428571
E00128056,207,78,22,56,129,118,11,37.68115942028986,10.628019323671497,27.053140096618357,62.31884057971014,57.00483091787439,5.314009661835748
E00128057,137,59,14,45,78,68,10,43.06569343065693,10.218978102189782,32.846715328467155,56.934306569343065,49.63503649635037,7.2992700729927
E00128058,190,83,32,51,107,95,12,43.684210526315795,16.842105263157894,26.842105263157894,56.315789473684205,50,6.315789473684211
E00128059,138,64,24,40,74,60,14,46.3768115942029,17.391304347826086,28.985507246376812,53.62318840579711,43.47826086956522,10.144927536231885
E00128061,94,29,4,25,65,60,5,30.851063829787233,4.25531914893617,26.595744680851062,69.14893617021278,63.829787234042556,5.319148936170213
E00128062,113,51,12,39,62,60,2,45.13274336283185,10.619469026548673,34.51327433628318,54.86725663716814,53.09734513274337,1.7699115044247788
E00172551,159,56,12,44,103,90,13,35.22012578616352,7.547169811320755,27.67295597484277,64.77987421383648,56.60377358490566,8.176100628930817
E00172552,167,52,16,36,115,108,7,31.137724550898206,9.580838323353294,21.55688622754491,68.8622754491018,64.67065868263472,4.191616766467066
E00172553,173,61,18,43,112,91,21,35.26011560693642,10.404624277456648,24.85549132947977,64.73988439306359,52.601156069364166,12.138728323699421
E00181510,107,45,15,30,62,62,0,42.05607476635514,14.018691588785046,28.037383177570092,57.943925233644855,57.943925233644855,0
E00181512,154,55,13,42,99,88,11,35.714285714285715,8.441558441558442,27.27272727272727,64.28571428571429,57.14285714285714,7.142857142857142
E00181513,232,50,12,38,182,163,19,21.551724137931032,5.172413793103448,16.379310344827587,78.44827586206897,70.25862068965517,8.189655172413794
E00181514,104,38,10,28,66,60,6,36.53846153846153,9.615384615384617,26.923076923076923,63.46153846153846,57.692307692307686,5.769230769230769
E00181528,86,42,12,30,44,44,0,48.837209302325576,13.953488372093023,34.883720930232556,51.162790697674424,51.162790697674424,0
E00181533,144,45,12,33,99,83,16,31.25,8.333333333333332,22.916666666666664,68.75,57.638888888888886,11.11111111111111
E00181539,213,36,15,21,177,159,18,16.901408450704224,7.042253521126761,9.859154929577464,83.09859154929578,74.64788732394366,8.450704225352112
E00181552,77,22,6,16,55,53,2,28.57142857142857,7.792207792207792,20.77922077922078,71.42857142857143,68.83116883116884,2.5974025974025974
E00181553,163,70,18,52,93,83,10,42.944785276073624,11.042944785276074,31.901840490797547,57.05521472392638,50.920245398773,6.134969325153374
E00181556,135,48,12,36,87,81,6,35.55555555555556,8.88888888888889,26.666666666666668,64.44444444444444,60,4.444444444444445
