OA,ts0590001,ts0590002,ts0590003,ts0590004,ts0590005,ts0590006,ts0590007,ts0590002_PCT,ts0590003_PCT,ts0590004_PCT,ts0590005_PCT,ts0590006_PCT,ts0590007_PCT
E00011941,202,70,26,44,132,116,16,34.65346534653465,12.871287128712872,21.782178217821784,65.34653465346535,57.42574257425742,7.920792079207921
E00011942,220,80,27,53,140,114,26,36.36363636363637,12.272727272727273,24.09090909090909,63.63636363636363,51.81818181818182,11.818181818181818
E00011943,218,65,22,43,153,130,23,29.81651376146789,10.091743119266056,19.724770642201836,70.18348623853211,59.63302752293578,10.550458715596331
E00011944,193,62,21,41,131,121,10,32.12435233160622,10.880829015544041,21.243523316062177,67.87564766839378,62.69430051813472,5.181347150259067
E00011945,195,60,20,40,135,119,16,30.76923076923077,10.256410256410255,20.51282051282051,69.23076923076923,61.02564102564103,8.205128205128204
E00011946,171,45,14,31,126,114,12,26.31578947368421,8.187134502923977,18.128654970760234,73.68421052631578,66.66666666666666,7.017543859649122
E00011947,197,47,21,26,150,132,18,23.85786802030457,10.65989847715736,13.19796954314721,76.14213197969542,67.00507614213198,9.137055837563452
E00011948,187,63,22,41,124,116,8,33.68983957219251,11.76470588235294,21.92513368983957,66.31016042780749,62.03208556149733,4.27807486631016
E00011949,202,65,24,41,137,120,17,32.17821782178218,11.881188118811881,20.2970297029703,67.82178217821783,59.4059405940594,8.415841584158416
E00011950,199,99,41,58,100,89,11,49.74874371859296,20.603015075376884,29.145728643216078,50.25125628140703,44.72361809045226,5.527638190954774
E00011951,205,85,30,55,120,111,9,41.46341463414634,14.634146341463413,26.82926829268293,58.536585365853654,54.146341463414636,4.390243902439024
E00011952,181,64,16,48,117,106,11,35.35911602209944,8.83977900552486,26.519337016574585,64.64088397790056,58.5635359116022,6.077348066298343
E00011953,172,58,17,41,114,101,13,33.72093023255814,9.883720930232558,23.837209302325583,66.27906976744185,58.720930232558146,7.55813953488372
E00011954,237,79,26,53,158,146,12,33.33333333333333,10.970464135021098,22.362869198312236,66.66666666666666,61.60337552742617,5.063291139240507
E00011955,186,63,18,45,123,104,19,33.87096774193548,9.67741935483871,24.193548387096776,66.12903225806451,55.91397849462365,10.21505376344086
E00011956,223,61,17,44,162,144,18,27.3542600896861,7.623318385650224,19.730941704035875,72.6457399103139,64.57399103139014,8.071748878923767
E00011957,243,67,17,50,176,155,21,27.572016460905353,6.995884773662551,20.5761316872428,72.42798353909465,63.78600823045267,8.641975308641975
E00011958,223,60,25,35,163,141,22,26.905829596412556,11.210762331838566,15.695067264573993,73.09417040358744,63.22869955156951,9.865470852017937
E00011959,205,69,22,47,136,122,14,33.65853658536586,10.731707317073171,22.926829268292686,66.34146341463415,59.512195121951216,6.829268292682928
E00011960,125,30,13,17,95,83,12,24,10.4,13.600000000000001,76,66.4,9.6
E00011961,154,53,19,34,101,84,17,34.41558441558442,12.337662337662337,22.07792207792208,65.5844155844156,54.54545454545454,11.03896103896104
E00011962,159,62,13,49,97,76,21,38.9937106918239,8.176100628930817,30.81761006289308,61.0062893081761,47.79874213836478,13.20754716981132
E00011963,129,31,12,19,98,92,6,24.031007751937985,9.30232558139535,14.728682170542637,75.96899224806202,71.31782945736434,4.651162790697675
E00011964,180,53,14,39,127,117,10,29.444444444444446,7.777777777777778,21.666666666666668,70.55555555555556,65,5.555555555555555
E00011965,185,53,18,35,132,113,19,28.64864864864865,9.72972972972973,18.91891891891892,71.35135135135135,61.08108108108108,10.27027027027027
E00011966,124,48,13,35,76,72,4,38.70967741935484,10.483870967741936,28.225806451612907,61.29032258064516,58.06451612903226,3.225806451612903
E00011967,192,80,19,61,112,99,13,41.66666666666667,9.895833333333332,31.770833333333332,58.333333333333336,51.5625,6.770833333333333
E00011968,228,74,19,55,154,143,11,32.45614035087719,8.333333333333332,24.12280701754386,67.54385964912281,62.71929824561403,4.824561403508771
E00011969,154,42,9,33,112,100,12,27.27272727272727,5.844155844155844,21.428571428571427,72.72727272727273,64.93506493506493,7.792207792207792
E00011970,194,79,25,54,115,93,22,40.72164948453608,12.886597938144329,27.835051546391753,59.27835051546392,47.93814432989691,11.34020618556701
E00011971,180,55,19,36,125,116,9,30.555555555555557,10.555555555555555,20,69.44444444444444,64.44444444444444,5
E00011972,108,26,5,21,82,72,10,24.074074074074073,4.62962962962963,19.444444444444446,75.92592592592592,66.66666666666666,9.25925925925926
E00011973,172,57,12,45,115,99,16,33.13953488372093,6.976744186046512,26.16279069767442,66.86046511627907,57.55813953488372,9.30232558139535
E00011974,214,68,18,50,146,131,15,31.775700934579437,8.411214953271028,23.364485981308412,68.22429906542055,61.21495327102804,7.009345794392523
E00011975,166,57,15,42,109,102,7,34.33734939759036,9.036144578313253,25.301204819277107,65.66265060240963,61.44578313253012,4.216867469879518
E00011977,199,63,21,42,136,121,15,31.65829145728643,10.552763819095476,21.105527638190953,68.34170854271356,60.80402010050251,7.537688442211055
E00011978,220,81,35,46,139,125,14,36.81818181818181,15.909090909090908,20.909090909090907,63.18181818181819,56.81818181818182,6.363636363636363
E00011979,170,57,17,40,113,102,11,33.52941176470588,10,23.52941176470588,66.47058823529412,60,6.470588235294119
E00011980,248,78,23,55,170,160,10,31.451612903225808,9.274193548387096,22.177419354838708,68.54838709677419,64.51612903225806,4.032258064516129
E00011982,200,62,24,38,138,119,19,31,12,19,69,59.5,9.5
E00011984,193,52,13,39,141,117,24,26.94300518134715,6.7357512953367875,20.207253886010363,73.05699481865285,60.62176165803109,12.435233160621761
E00011986,140,46,18,28,94,84,10,32.857142857142854,12.857142857142856,20,67.14285714285714,60,7.142857142857142
E00011987,162,45,13,32,117,105,12,27.77777777777778,8.024691358024691,19.753086419753085,72.22222222222221,64.81481481481481,7.4074074074074066
E00011988,113,29,9,20,84,74,10,25.663716814159294,7.964601769911504,17.699115044247787,74.33628318584071,65.48672566371681,8.849557522123893
E00011989,195,59,23,36,136,120,16,30.256410256410255,11.794871794871794,18.461538461538463,69.74358974358974,61.53846153846154,8.205128205128204
E00011990,186,59,17,42,127,113,14,31.72043010752688,9.13978494623656,22.58064516129032,68.27956989247312,60.752688172043015,7.526881720430108
E00011991,185,48,12,36,137,117,20,25.945945945945947,6.486486486486487,19.45945945945946,74.05405405405405,63.24324324324324,10.81081081081081
E00011992,213,60,21,39,153,132,21,28.169014084507044,9.859154929577464,18.30985915492958,71.83098591549296,61.97183098591549,9.859154929577464
E00011993,263,80,21,59,183,143,40,30.418250950570343,7.984790874524715,22.433460076045627,69.58174904942965,54.372623574144484,15.209125475285171
E00011994,188,61,19,42,127,116,11,32.4468085106383,10.106382978723403,22.340425531914892,67.5531914893617,61.702127659574465,5.851063829787234
E00011995,208,89,24,65,119,104,15,42.78846153846153,11.538461538461538,31.25,57.21153846153846,50,7.211538461538461
E00011996,199,75,32,43,124,103,21,37.68844221105528,16.08040201005025,21.608040201005025,62.311557788944725,51.75879396984925,10.552763819095476
E00011997,195,69,19,50,126,113,13,35.38461538461539,9.7435897435897445,25.64102564102564,64.61538461538461,57.948717948717956,6.666666666666667
E00011998,187,59,20,39,128,113,15,31.550802139037433,10.695187165775401,20.855614973262032,68.44919786096256,60.42780748663101,8.0213903743315509
E00011999,142,53,19,34,89,77,12,37.32394366197183,13.380281690140844,23.943661971830984,62.676056338028175,54.22535211267606,8.450704225352112
E00012000,115,41,14,27,74,72,2,35.65217391304348,12.173913043478262,23.47826086956522,64.34782608695652,62.60869565217392,1.7391304347826086
E00012001,160,61,20,41,99,87,12,38.125,12.5,25.624999999999996,61.875,54.37499999999999,7.5
E00012003,215,68,24,44,147,130,17,31.627906976744185,11.162790697674419,20.46511627906977,68.37209302325581,60.46511627906976,7.906976744186046
E00012004,131,49,14,35,82,76,6,37.404580152671755,10.687022900763358,26.717557251908396,62.59541984732825,58.01526717557252,4.580152671755725
E00012005,190,61,20,41,129,105,24,32.10526315789474,10.526315789473683,21.578947368421055,67.89473684210526,55.26315789473685,12.631578947368421
E00012006,205,56,15,41,149,131,18,27.31707317073171,7.317073170731707,20,72.6829268292683,63.90243902439025,8.780487804878048
E00012007,130,49,19,30,81,66,15,37.69230769230769,14.615384615384617,23.076923076923077,62.30769230769231,50.76923076923077,11.538461538461538
E00012008,186,57,24,33,129,115,14,30.64516129032258,12.903225806451612,17.741935483870968,69.35483870967742,61.82795698924731,7.526881720430108
E00012009,163,46,20,26,117,102,15,28.22085889570552,12.269938650306749,15.950920245398773,71.77914110429448,62.57668711656442,9.202453987730062
E00012010,179,52,16,36,127,112,15,29.05027932960894,8.938547486033519,20.11173184357542,70.94972067039106,62.56983240223464,8.379888268156424
E00012011,198,58,25,33,140,117,23,29.292929292929294,12.626262626262626,16.666666666666664,70.70707070707071,59.09090909090909,11.616161616161616
E00012012,163,36,7,29,127,106,21,22.085889570552148,4.294478527607362,17.791411042944784,77.91411042944786,65.03067484662577,12.883435582822086
E00012013,133,30,8,22,103,97,6,22.55639097744361,6.015037593984962,16.541353383458645,77.44360902255639,72.93233082706767,4.511278195488721
E00012015,139,44,13,31,95,79,16,31.654676258992804,9.352517985611511,22.302158273381295,68.34532374100719,56.83453237410072,11.510791366906476
E00012016,197,57,27,30,140,119,21,28.934010152284262,13.705583756345177,15.228426395939088,71.06598984771574,60.40609137055838,10.65989847715736
E00012017,205,44,17,27,161,141,20,21.463414634146343,8.292682926829269,13.170731707317074,78.53658536585367,68.78048780487805,9.75609756097561
E00012018,234,81,29,52,153,131,22,34.61538461538461,12.393162393162394,22.22222222222222,65.38461538461539,55.98290598290598,9.401709401709402
E00012019,189,65,24,41,124,105,19,34.39153439153439,12.698412698412698,21.693121693121693,65.60846560846561,55.55555555555556,10.052910052910052
E00012020,155,38,14,24,117,102,15,24.516129032258064,9.032258064516128,15.483870967741936,75.48387096774194,65.80645161290323,9.67741935483871
E00012021,198,58,22,36,140,127,13,29.292929292929294,11.11111111111111,18.181818181818183,70.70707070707071,64.14141414141415,6.565656565656567
E00012023,312,111,54,57,201,167,34,35.57692307692308,17.307692307692307,18.269230769230766,64.42307692307693,53.52564102564102,10.897435897435898
E00012024,165,48,16,32,117,101,16,29.09090909090909,9.696969696969697,19.393939393939394,70.9090909090909,61.212121212121204,9.696969696969697
E00012025,111,28,10,18,83,76,7,25.225225225225223,9.00900900900901,16.216216216216218,74.77477477477478,68.46846846846847,6.306306306306306
E00012026,173,48,18,30,125,109,16,27.74566473988439,10.404624277456648,17.341040462427745,72.25433526011561,63.005780346820806,9.248554913294797
E00012027,169,51,21,30,118,100,18,30.17751479289941,12.42603550295858,17.75147928994083,69.8224852071006,59.171597633136095,10.650887573964498
E00012028,145,41,10,31,104,86,18,28.27586206896552,6.896551724137931,21.379310344827587,71.72413793103448,59.310344827586206,12.413793103448276
E00012029,189,62,19,43,127,109,18,32.804232804232804,10.052910052910052,22.75132275132275,67.1957671957672,57.67195767195767,9.523809523809524
E00012030,154,53,20,33,101,83,18,34.41558441558442,12.987012987012985,21.428571428571427,65.5844155844156,53.896103896103895,11.688311688311687
E00012031,125,29,10,19,96,85,11,23.200000000000003,8,15.2,76.8,68,8.799999999999999
E00012032,145,43,18,25,102,85,17,29.655172413793103,12.413793103448276,17.24137931034483,70.34482758620689,58.620689655172406,11.724137931034482
E00012033,147,41,18,23,106,85,21,27.89115646258503,12.244897959183673,15.646258503401361,72.10884353741497,57.82312925170068,14.285714285714285
E00012034,216,62,19,43,154,136,18,28.703703703703702,8.796296296296296,19.90740740740741,71.29629629629629,62.96296296296296,8.333333333333332
E00012035,132,41,11,30,91,80,11,31.060606060606062,8.333333333333332,22.727272727272727,68.93939393939394,60.60606060606061,8.333333333333332
E00012036,154,41,15,26,113,93,20,26.623376623376622,9.740259740259742,16.883116883116884,73.37662337662337,60.3896103896104,12.987012987012985
E00012037,170,57,25,32,113,102,11,33.52941176470588,14.705882352941178,18.823529411764707,66.47058823529412,60,6.470588235294119
E00012038,143,57,12,45,86,76,10,39.86013986013986,8.391608391608392,31.46853146853147,60.13986013986013,53.14685314685315,6.993006993006993
E00012039,147,48,17,31,99,83,16,32.6530612244898,11.564625850340136,21.08843537414966,67.3469387755102,56.4625850340136,10.884353741496598
E00012040,122,50,15,35,72,62,10,40.98360655737705,12.295081967213115,28.688524590163933,59.01639344262295,50.81967213114754,8.19672131147541
E00012041,111,37,10,27,74,69,5,33.33333333333333,9.00900900900901,24.324324324324326,66.66666666666666,62.16216216216216,4.504504504504505
E00012042,144,46,20,26,98,81,17,31.944444444444443,13.88888888888889,18.055555555555554,68.05555555555556,56.25,11.805555555555555
E00012043,122,36,15,21,86,76,10,29.508196721311474,12.295081967213115,17.21311475409836,70.49180327868852,62.295081967213115,8.19672131147541
E00012044,143,38,11,27,105,91,14,26.573426573426573,7.6923076923076925,18.88111888111888,73.42657342657343,63.63636363636363,9.79020979020979
E00012045,156,44,18,26,112,93,19,28.205128205128204,11.538461538461538,16.666666666666664,71.7948717948718,59.61538461538461,12.179487179487179
E00012046,198,56,20,36,142,126,16,28.28282828282828,10.1010101010101,18.181818181818183,71.71717171717171,63.63636363636363,8.080808080808081
E00012047,178,43,13,30,135,117,18,24.15730337078652,7.303370786516854,16.853932584269664,75.84269662921348,65.73033707865169,10.112359550561797
E00012048,179,54,17,37,125,108,17,30.16759776536313,9.497206703910614,20.670391061452513,69.83240223463687,60.33519553072626,9.497206703910614
E00012049,118,36,8,28,82,69,13,30.508474576271187,6.779661016949152,23.728813559322035,69.49152542372882,58.47457627118644,11.016949152542372
E00012050,159,29,9,20,130,114,16,18.238993710691823,5.660377358490567,12.578616352201259,81.76100628930818,71.69811320754717,10.062893081761008
E00012051,188,47,14,33,141,124,17,25,7.446808510638298,17.5531914893617,75,65.95744680851064,9.042553191489363
E00012052,152,41,13,28,111,95,16,26.973684210526315,8.552631578947368,18.421052631578945,73.02631578947368,62.5,10.526315789473683
E00012053,170,56,17,39,114,96,18,32.94117647058823,10,22.941176470588236,67.05882352941175,56.470588235294116,10.588235294117647
E00012054,175,47,17,30,128,109,19,26.857142857142858,9.714285714285714,17.142857142857142,73.14285714285714,62.28571428571429,10.857142857142858
E00012055,146,35,14,21,111,100,11,23.972602739726025,9.58904109589041,14.383561643835616,76.02739726027397,68.4931506849315,7.534246575342466
E00012056,145,47,20,27,98,84,14,32.41379310344827,13.793103448275861,18.620689655172416,67.58620689655173,57.931034482758626,9.655172413793103
E00012057,165,42,15,27,123,110,13,25.454545454545453,9.090909090909092,16.363636363636363,74.54545454545455,66.66666666666666,7.878787878787878
E00012058,177,50,19,31,127,103,24,28.24858757062147,10.734463276836157,17.51412429378531,71.75141242937853,58.19209039548022,13.559322033898304
E00012059,206,44,14,30,162,142,20,21.35922330097087,6.796116504854369,14.563106796116504,78.64077669902912,68.93203883495146,9.70873786407767
E00012060,198,59,25,34,139,119,20,29.797979797979796,12.626262626262626,17.17171717171717,70.2020202020202,60.1010101010101,10.1010101010101
E00012061,191,35,0,35,156,132,24,18.32460732984293,0,18.32460732984293,81.67539267015707,69.10994764397905,12.56544502617801
E00012062,188,40,11,29,148,127,21,21.27659574468085,5.851063829787234,15.425531914893616,78.72340425531915,67.5531914893617,11.170212765957446
E00012063,297,63,22,41,234,193,41,21.21212121212121,7.4074074074074066,13.804713804713806,78.78787878787878,64.98316498316498,13.804713804713806
E00012064,170,58,20,38,112,91,21,34.11764705882353,11.76470588235294,22.35294117647059,65.88235294117646,53.529411764705884,12.352941176470589
E00012065,171,44,18,26,127,108,19,25.730994152046783,10.526315789473683,15.204678362573098,74.26900584795322,63.1578947368421,11.11111111111111
E00012066,204,37,11,26,167,149,18,18.137254901960784,5.392156862745098,12.745098039215685,81.86274509803921,73.0392156862745,8.823529411764707
E00012067,167,35,9,26,132,113,19,20.958083832335326,5.389221556886228,15.568862275449103,79.04191616766467,67.66467065868264,11.377245508982035
E00012068,167,50,15,35,117,98,19,29.94011976047904,8.982035928143713,20.958083832335326,70.05988023952095,58.68263473053892,11.377245508982035
E00012069,180,50,13,37,130,114,16,27.77777777777778,7.222222222222221,20.555555555555554,72.22222222222221,63.33333333333333,8.88888888888889
E00012070,157,41,22,19,116,101,15,26.11464968152866,14.012738853503185,12.101910828025478,73.88535031847134,64.3312101910828,9.554140127388536
E00012071,172,46,18,28,126,116,10,26.744186046511626,10.465116279069768,16.27906976744186,73.25581395348837,67.44186046511628,5.813953488372093
E00012072,182,43,15,28,139,113,26,23.626373626373624,8.241758241758241,15.384615384615385,76.37362637362637,62.08791208791209,14.285714285714285
E00012073,177,49,12,37,128,113,15,27.683615819209038,6.779661016949152,20.903954802259886,72.31638418079096,63.84180790960452,8.47457627118644
E00012074,131,37,4,33,94,87,7,28.24427480916031,3.0534351145038165,25.190839694656486,71.7557251908397,66.41221374045801,5.343511450381679
E00012075,200,49,15,34,151,135,16,24.5,7.5,17,75.5,67.5,8
E00012076,200,52,15,37,148,131,17,26,7.5,18.5,74,65.5,8.5
E00012077,162,36,12,24,126,110,16,22.22222222222222,7.4074074074074066,14.814814814814813,77.77777777777779,67.90123456790124,9.876543209876543
E00012078,170,49,16,33,121,113,8,28.823529411764703,9.411764705882353,19.411764705882355,71.17647058823529,66.47058823529412,4.705882352941177
E00012079,192,63,17,46,129,123,6,32.8125,8.854166666666668,23.958333333333336,67.1875,64.0625,3.125
E00012080,206,68,24,44,138,116,22,33.00970873786408,11.650485436893204,21.35922330097087,66.99029126213593,56.310679611650485,10.679611650485436
E00012081,177,39,11,28,138,120,18,22.033898305084744,6.214689265536723,15.819209039548024,77.96610169491525,67.79661016949152,10.16949152542373
E00012082,158,59,24,35,99,85,14,37.34177215189873,15.18987341772152,22.151898734177212,62.65822784810127,53.79746835443038,8.860759493670885
E00012083,182,59,20,39,123,105,18,32.417582417582416,10.989010989010989,21.428571428571427,67.58241758241759,57.692307692307686,9.89010989010989
E00012084,292,88,30,58,204,172,32,30.136986301369863,10.273972602739725,19.863013698630137,69.86301369863014,58.9041095890411,10.95890410958904
E00012085,205,65,24,41,140,120,20,31.70731707317073,11.707317073170733,20,68.29268292682927,58.536585365853654,9.75609756097561
E00012086,184,48,15,33,136,121,15,26.08695652173913,8.152173913043478,17.934782608695652,73.91304347826086,65.76086956521739,8.152173913043478
E00012087,233,74,25,49,159,136,23,31.759656652360512,10.72961373390558,21.030042918454935,68.24034334763948,58.36909871244635,9.871244635193133
E00012088,187,63,19,44,124,101,23,33.68983957219251,10.16042780748663,23.52941176470588,66.31016042780749,54.01069518716578,12.299465240641712
E00012089,168,57,15,42,111,96,15,33.92857142857143,8.928571428571429,25,66.07142857142857,57.14285714285714,8.928571428571429
E00012090,167,34,8,26,133,118,15,20.359281437125748,4.790419161676647,15.568862275449103,79.64071856287424,70.65868263473054,8.982035928143713
E00012091,181,53,10,43,128,114,14,29.2817679558011,5.524861878453039,23.756906077348066,70.71823204419888,62.98342541436463,7.734806629834254
E00012092,217,54,17,37,163,143,20,24.88479262672811,7.834101382488479,17.050691244239633,75.11520737327189,65.89861751152074,9.216589861751153
E00012093,185,60,25,35,125,111,14,32.432432432432435,13.513513513513514,18.91891891891892,67.56756756756756,60,7.567567567567568
E00012094,149,60,24,36,89,82,7,40.26845637583892,16.10738255033557,24.161073825503358,59.73154362416108,55.033557046979865,4.697986577181208
E00012095,197,60,17,43,137,125,12,30.456852791878177,8.629441624365482,21.82741116751269,69.54314720812182,63.45177664974619,6.091370558375635
E00012096,183,51,17,34,132,113,19,27.86885245901639,9.289617486338798,18.579234972677597,72.1311475409836,61.74863387978142,10.382513661202186
E00012097,209,67,25,42,142,121,21,32.057416267942585,11.961722488038278,20.095693779904305,67.94258373205741,57.89473684210527,10.047846889952153
E00012098,174,67,22,45,107,99,8,38.50574712643678,12.643678160919542,25.862068965517242,61.49425287356321,56.896551724137936,4.597701149425287
E00012099,170,54,11,43,116,99,17,31.76470588235294,6.470588235294119,25.294117647058822,68.23529411764706,58.235294117647065,10
E00012100,161,48,10,38,113,102,11,29.81366459627329,6.211180124223603,23.60248447204969,70.1863354037267,63.35403726708074,6.832298136645963
E00012101,149,50,13,37,99,88,11,33.557046979865774,8.724832214765101,24.832214765100673,66.44295302013423,59.06040268456376,7.38255033557047
E00012102,168,39,14,25,129,111,18,23.214285714285715,8.333333333333332,14.880952380952381,76.78571428571429,66.07142857142857,10.714285714285714
E00012103,106,36,12,24,70,54,16,33.9622641509434,11.320754716981133,22.641509433962266,66.0377358490566,50.943396226415096,15.09433962264151
E00012104,175,60,18,42,115,99,16,34.285714285714285,10.285714285714285,24,65.71428571428571,56.57142857142857,9.142857142857142
E00012105,200,55,22,33,145,123,22,27.500000000000004,11,16.5,72.5,61.5,11
E00012106,224,70,25,45,154,139,15,31.25,11.160714285714286,20.089285714285715,68.75,62.05357142857143,6.696428571428571
E00012107,228,57,20,37,171,147,24,25,8.771929824561402,16.228070175438596,75,64.47368421052632,10.526315789473683
E00012108,203,51,19,32,152,137,15,25.12315270935961,9.35960591133005,15.763546798029557,74.8768472906404,67.48768472906403,7.389162561576355
E00012109,180,44,21,23,136,123,13,24.444444444444443,11.666666666666666,12.777777777777777,75.55555555555556,68.33333333333333,7.222222222222221
E00012110,140,44,8,36,96,87,9,31.428571428571427,5.714285714285714,25.71428571428571,68.57142857142857,62.142857142857146,6.428571428571428
E00012111,213,54,19,35,159,142,17,25.352112676056336,8.92018779342723,16.431924882629108,74.64788732394366,66.66666666666666,7.981220657276995
E00012112,110,37,11,26,73,66,7,33.63636363636363,10,23.636363636363637,66.36363636363637,60,6.363636363636363
E00012114,156,45,15,30,111,96,15,28.846153846153843,9.615384615384617,19.230769230769234,71.15384615384616,61.53846153846154,9.615384615384617
E00012115,125,35,17,18,90,70,20,28.000000000000004,13.600000000000001,14.399999999999999,72,56.00000000000001,16
E00012116,142,47,19,28,95,81,14,33.098591549295776,13.380281690140844,19.718309859154928,66.90140845070422,57.04225352112676,9.859154929577464
E00012117,148,42,13,29,106,85,21,28.37837837837838,8.783783783783784,19.594594594594593,71.62162162162163,57.432432432432435,14.18918918918919
E00012118,147,36,11,25,111,95,16,24.489795918367346,7.482993197278912,17.006802721088434,75.51020408163265,64.62585034013605,10.884353741496598
E00012119,178,40,11,29,138,113,25,22.47191011235955,6.179775280898876,16.292134831460675,77.52808988764045,63.48314606741573,14.04494382022472
E00012120,118,31,13,18,87,74,13,26.27118644067797,11.016949152542372,15.254237288135593,73.72881355932203,62.71186440677966,11.016949152542372
E00012121,186,40,17,23,146,127,19,21.50537634408602,9.13978494623656,12.365591397849462,78.49462365591397,68.27956989247312,10.21505376344086
E00012122,147,41,14,27,106,83,23,27.89115646258503,9.523809523809524,18.367346938775512,72.10884353741497,56.4625850340136,15.646258503401361
E00012123,177,49,20,29,128,106,22,27.683615819209038,11.299435028248588,16.38418079096045,72.31638418079096,59.887005649717516,12.429378531073446
E00012124,166,58,21,37,108,84,24,34.93975903614458,12.650602409638553,22.289156626506024,65.06024096385542,50.602409638554214,14.457831325301203
E00012126,194,66,21,45,128,108,20,34.02061855670103,10.824742268041238,23.195876288659793,65.97938144329896,55.670103092783506,10.309278350515463
E00012127,132,42,16,26,90,72,18,31.818181818181817,12.121212121212121,19.696969696969695,68.18181818181817,54.54545454545454,13.636363636363635
E00012128,179,54,22,32,125,108,17,30.16759776536313,12.290502793296088,17.877094972067038,69.83240223463687,60.33519553072626,9.497206703910614
E00012129,166,41,13,28,125,106,19,24.69879518072289,7.83132530120482,16.867469879518072,75.30120481927712,63.85542168674698,11.44578313253012
E00012130,150,41,19,22,109,89,20,27.333333333333332,12.666666666666668,14.666666666666666,72.66666666666667,59.333333333333336,13.333333333333334
E00012131,208,65,26,39,143,109,34,31.25,12.5,18.75,68.75,52.40384615384615,16.346153846153847
E00012132,113,34,9,25,79,62,17,30.08849557522124,7.964601769911504,22.123893805309734,69.91150442477876,54.86725663716814,15.04424778761062
E00012133,135,36,14,22,99,82,17,26.666666666666668,10.37037037037037,16.296296296296298,73.33333333333333,60.74074074074074,12.592592592592592
E00012134,170,36,11,25,134,112,22,21.176470588235293,6.470588235294119,14.705882352941178,78.82352941176471,65.88235294117646,12.941176470588237
E00012135,99,31,14,17,68,52,16,31.313131313131315,14.14141414141414,17.17171717171717,68.68686868686868,52.52525252525253,16.161616161616163
E00012136,123,27,11,16,96,78,18,21.951219512195124,8.94308943089431,13.008130081300814,78.04878048780488,63.41463414634146,14.634146341463413
E00012137,81,29,17,12,52,41,11,35.80246913580247,20.98765432098765,14.814814814814813,64.19753086419753,50.617283950617285,13.580246913580247
E00012138,123,22,7,15,101,91,10,17.88617886178862,5.691056910569105,12.195121951219512,82.11382113821138,73.98373983739837,8.130081300813007
E00012139,180,55,18,37,125,104,21,30.555555555555557,10,20.555555555555554,69.44444444444444,57.77777777777777,11.666666666666666
E00012140,181,60,20,40,121,88,33,33.14917127071823,11.049723756906078,22.099447513812155,66.85082872928176,48.61878453038674,18.23204419889503
E00012141,156,42,17,25,114,94,20,26.923076923076923,10.897435897435898,16.025641025641026,73.07692307692307,60.256410256410255,12.82051282051282
E00012142,146,39,15,24,107,88,19,26.71232876712329,10.273972602739725,16.43835616438356,73.28767123287672,60.273972602739725,13.013698630136986
E00012143,134,38,11,27,96,81,15,28.35820895522388,8.208955223880597,20.149253731343283,71.64179104477611,60.447761194029844,11.194029850746269
E00012144,175,43,19,24,132,114,18,24.571428571428573,10.857142857142858,13.714285714285715,75.42857142857143,65.14285714285715,10.285714285714285
E00012145,191,49,24,25,142,106,36,25.654450261780106,12.56544502617801,13.089005235602095,74.3455497382199,55.497382198952884,18.848167539267017
E00012146,149,44,15,29,105,96,9,29.53020134228188,10.06711409395973,19.463087248322147,70.46979865771812,64.42953020134227,6.0402684563758395
E00012147,178,52,19,33,126,100,26,29.213483146067414,10.674157303370785,18.53932584269663,70.78651685393258,56.17977528089888,14.606741573033707
E00012148,86,18,4,14,68,62,6,20.930232558139537,4.651162790697675,16.27906976744186,79.06976744186046,72.09302325581395,6.976744186046512
E00012149,158,49,20,29,109,93,16,31.0126582278481,12.658227848101266,18.354430379746837,68.9873417721519,58.86075949367089,10.126582278481013
E00012150,159,53,24,29,106,81,25,33.33333333333333,15.09433962264151,18.238993710691823,66.66666666666666,50.943396226415096,15.723270440251572
E00012151,221,57,21,36,164,132,32,25.791855203619914,9.502262443438914,16.289592760180994,74.2081447963801,59.72850678733032,14.479638009049776
E00012152,229,62,22,40,167,129,38,27.074235807860266,9.606986899563319,17.46724890829694,72.92576419213974,56.33187772925764,16.593886462882097
E00012153,146,31,10,21,115,102,13,21.232876712328768,6.8493150684931505,14.383561643835616,78.76712328767124,69.86301369863014,8.904109589041095
E00012154,150,42,17,25,108,96,12,28.000000000000004,11.333333333333332,16.666666666666664,72,64,8
E00012155,72,18,9,9,54,38,16,25,12.5,12.5,75,52.77777777777778,22.22222222222222
E00012156,209,40,10,30,169,138,31,19.138755980861244,4.784688995215311,14.354066985645932,80.86124401913875,66.02870813397129,14.832535885167463
E00012157,86,28,13,15,58,52,6,32.55813953488372,15.11627906976744,17.441860465116278,67.44186046511628,60.46511627906976,6.976744186046512
E00012158,119,38,13,25,81,69,12,31.932773109243694,10.92436974789916,21.008403361344538,68.0672268907563,57.98319327731093,10.084033613445378
E00012159,106,26,14,12,80,59,21,24.528301886792452,13.20754716981132,11.320754716981133,75.47169811320755,55.660377358490564,19.81132075471698
E00012160,153,34,16,18,119,105,14,22.22222222222222,10.457516339869281,11.76470588235294,77.77777777777779,68.62745098039215,9.15032679738562
E00012161,153,41,17,24,112,96,16,26.797385620915033,11.11111111111111,15.686274509803921,73.20261437908496,62.745098039215684,10.457516339869281
E00012162,141,43,8,35,98,89,9,30.49645390070922,5.673758865248227,24.822695035460992,69.50354609929079,63.12056737588653,6.382978723404255
E00012163,178,51,23,28,127,106,21,28.651685393258425,12.921348314606742,15.730337078651685,71.34831460674157,59.55056179775281,11.797752808988763
E00012164,180,53,16,37,127,112,15,29.444444444444446,8.88888888888889,20.555555555555554,70.55555555555556,62.22222222222222,8.333333333333332
E00012165,175,47,18,29,128,116,12,26.857142857142858,10.285714285714285,16.57142857142857,73.14285714285714,66.28571428571428,6.857142857142858
E00012166,147,40,15,25,107,83,24,27.2108843537415,10.204081632653061,17.006802721088434,72.78911564625851,56.4625850340136,16.3265306122449
E00012167,210,49,23,26,161,124,37,23.333333333333332,10.952380952380953,12.380952380952381,76.66666666666667,59.04761904761905,17.61904761904762
E00012168,70,18,8,10,52,48,4,25.71428571428571,11.428571428571429,14.285714285714285,74.28571428571429,68.57142857142857,5.714285714285714
E00012169,150,52,17,35,98,87,11,34.66666666666667,11.333333333333332,23.333333333333332,65.33333333333333,57.99999999999999,7.333333333333333
E00012170,150,47,18,29,103,94,9,31.333333333333336,12,19.333333333333332,68.66666666666667,62.66666666666667,6
E00012171,179,52,20,32,127,108,19,29.05027932960894,11.1731843575419,17.877094972067038,70.94972067039106,60.33519553072626,10.614525139664805
E00012172,152,41,9,32,111,100,11,26.973684210526315,5.921052631578947,21.052631578947366,73.02631578947368,65.78947368421053,7.236842105263158
E00012173,163,42,12,30,121,95,26,25.766871165644172,7.361963190184049,18.404907975460123,74.23312883435584,58.282208588957054,15.950920245398773
E00012174,145,45,19,26,100,88,12,31.03448275862069,13.10344827586207,17.93103448275862,68.96551724137932,60.689655172413794,8.275862068965518
E00012175,176,50,17,33,126,113,13,28.40909090909091,9.659090909090908,18.75,71.5909090909091,64.20454545454545,7.386363636363637
E00012176,83,22,9,13,61,53,8,26.506024096385545,10.843373493975903,15.66265060240964,73.49397590361446,63.85542168674698,9.63855421686747
E00012177,287,73,17,56,214,193,21,25.435540069686414,5.923344947735192,19.51219512195122,74.56445993031359,67.24738675958189,7.317073170731707
E00012178,137,48,15,33,89,70,19,35.03649635036496,10.948905109489052,24.087591240875913,64.96350364963503,51.09489051094891,13.86861313868613
E00012179,99,31,8,23,68,54,14,31.313131313131315,8.080808080808081,23.232323232323232,68.68686868686868,54.54545454545454,14.14141414141414
E00012180,149,57,15,42,92,79,13,38.25503355704698,10.06711409395973,28.187919463087248,61.74496644295302,53.02013422818792,8.724832214765101
E00012181,203,61,24,37,142,131,11,30.049261083743843,11.822660098522167,18.226600985221676,69.95073891625616,64.5320197044335,5.41871921182266
E00012182,218,66,26,40,152,135,17,30.275229357798167,11.926605504587156,18.34862385321101,69.72477064220183,61.92660550458715,7.79816513761468
E00012183,217,57,23,34,160,129,31,26.26728110599078,10.599078341013826,15.668202764976957,73.73271889400922,59.44700460829493,14.285714285714285
E00012184,177,43,16,27,134,111,23,24.293785310734464,9.03954802259887,15.254237288135593,75.70621468926554,62.71186440677966,12.994350282485875
E00012185,149,39,26,13,110,92,18,26.174496644295303,17.449664429530202,8.724832214765101,73.8255033557047,61.74496644295302,12.080536912751679
E00012186,228,74,19,55,154,141,13,32.45614035087719,8.333333333333332,24.12280701754386,67.54385964912281,61.8421052631579,5.701754385964912
E00012187,240,71,27,44,169,142,27,29.583333333333332,11.25,18.333333333333332,70.41666666666667,59.166666666666664,11.25
E00012188,286,85,31,54,201,184,17,29.72027972027972,10.839160839160838,18.88111888111888,70.27972027972028,64.33566433566433,5.944055944055944
E00012189,182,61,28,33,121,108,13,33.51648351648351,15.384615384615385,18.13186813186813,66.48351648351648,59.34065934065934,7.142857142857142
E00012190,198,86,30,56,112,102,10,43.43434343434344,15.151515151515152,28.28282828282828,56.56565656565656,51.515151515151516,5.05050505050505
E00012191,245,67,32,35,178,161,17,27.346938775510203,13.061224489795919,14.285714285714285,72.6530612244898,65.71428571428571,6.938775510204081
E00012192,203,56,16,40,147,134,13,27.586206896551722,7.8817733990147785,19.704433497536947,72.41379310344827,66.00985221674877,6.403940886699508
E00012194,209,61,23,38,148,131,17,29.1866028708134,11.004784688995215,18.181818181818183,70.81339712918661,62.67942583732058,8.133971291866029
E00012195,179,44,15,29,135,115,20,24.581005586592177,8.379888268156424,16.201117318435752,75.41899441340783,64.24581005586593,11.1731843575419
E00012196,244,79,36,43,165,150,15,32.37704918032787,14.754098360655737,17.62295081967213,67.62295081967213,61.47540983606557,6.147540983606557
E00012197,203,64,22,42,139,121,18,31.527093596059114,10.83743842364532,20.689655172413794,68.4729064039409,59.60591133004927,8.866995073891626
E00012198,194,64,30,34,130,108,22,32.98969072164948,15.463917525773196,17.525773195876287,67.0103092783505,55.670103092783506,11.34020618556701
E00012199,196,47,16,31,149,136,13,23.97959183673469,8.16326530612245,15.816326530612246,76.0204081632653,69.38775510204081,6.63265306122449
E00012200,216,66,31,35,150,137,13,30.555555555555557,14.351851851851851,16.203703703703702,69.44444444444444,63.42592592592593,6.018518518518518
E00012201,195,61,30,31,134,126,8,31.28205128205128,15.384615384615385,15.897435897435896,68.71794871794872,64.61538461538461,4.102564102564102
E00012202,205,50,19,31,155,132,23,24.390243902439025,9.268292682926829,15.121951219512194,75.60975609756098,64.39024390243902,11.219512195121952
E00012203,207,56,18,38,151,130,21,27.053140096618357,8.695652173913043,18.357487922705314,72.94685990338165,62.80193236714976,10.144927536231885
E00012204,113,34,9,25,79,71,8,30.08849557522124,7.964601769911504,22.123893805309734,69.91150442477876,62.83185840707964,7.079646017699115
E00012205,159,50,23,27,109,96,13,31.446540880503143,14.465408805031446,16.9811320754717,68.55345911949685,60.37735849056604,8.176100628930817
E00012206,228,62,18,44,166,149,17,27.192982456140353,7.894736842105263,19.298245614035086,72.80701754385966,65.35087719298247,7.456140350877193
E00012207,153,50,14,36,103,91,12,32.6797385620915,9.15032679738562,23.52941176470588,67.3202614379085,59.47712418300654,7.8431372549019605
E00012208,108,41,15,26,67,59,8,37.96296296296296,13.88888888888889,24.074074074074073,62.03703703703704,54.629629629629626,7.4074074074074066
E00012209,165,38,15,23,127,113,14,23.03030303030303,9.090909090909092,13.939393939393941,76.96969696969697,68.48484848484848,8.484848484848486
E00012210,159,43,17,26,116,102,14,27.044025157232703,10.69182389937107,16.352201257861633,72.95597484276729,64.15094339622641,8.80503144654088
E00012211,204,55,19,36,149,130,19,26.96078431372549,9.313725490196079,17.647058823529413,73.0392156862745,63.725490196078425,9.313725490196079
E00012212,139,42,16,26,97,81,16,30.215827338129497,11.510791366906476,18.705035971223023,69.7841726618705,58.27338129496403,11.510791366906476
E00012213,176,51,19,32,125,101,24,28.97727272727273,10.795454545454545,18.181818181818183,71.02272727272727,57.38636363636363,13.636363636363635
E00012214,162,42,8,34,120,111,9,25.925925925925924,4.938271604938271,20.98765432098765,74.07407407407408,68.51851851851852,5.555555555555555
E00012215,175,40,16,24,135,120,15,22.857142857142858,9.142857142857142,13.714285714285715,77.14285714285715,68.57142857142857,8.571428571428571
E00012216,171,41,11,30,130,112,18,23.976608187134502,6.432748538011696,17.543859649122805,76.0233918128655,65.49707602339181,10.526315789473683
E00012217,206,56,21,35,150,135,15,27.184466019417474,10.194174757281553,16.990291262135923,72.81553398058253,65.53398058252428,7.281553398058252
E00012218,187,57,11,46,130,117,13,30.481283422459892,5.88235294117647,24.598930481283425,69.5187165775401,62.56684491978609,6.951871657754011
E00012219,132,25,10,15,107,94,13,18.939393939393938,7.575757575757576,11.363636363636363,81.06060606060606,71.21212121212122,9.848484848484848
E00012220,159,39,13,26,120,104,16,24.528301886792452,8.176100628930817,16.352201257861633,75.47169811320755,65.40880503144653,10.062893081761008
E00012221,174,51,18,33,123,111,12,29.310344827586203,10.344827586206897,18.96551724137931,70.6896551724138,63.793103448275865,6.896551724137931
E00012222,152,48,18,30,104,79,25,31.57894736842105,11.842105263157894,19.736842105263158,68.42105263157895,51.973684210526315,16.447368421052634
E00012223,219,59,27,32,160,141,19,26.94063926940639,12.32876712328767,14.61187214611872,73.0593607305936,64.38356164383562,8.67579908675799
E00012224,139,44,12,32,95,81,14,31.654676258992804,8.633093525179856,23.021582733812952,68.34532374100719,58.27338129496403,10.071942446043165
E00012225,150,36,10,26,114,106,8,24,6.666666666666667,17.333333333333336,76,70.66666666666667,5.333333333333334
E00012226,157,54,25,29,103,89,14,34.394904458598724,15.92356687898089,18.471337579617835,65.60509554140127,56.68789808917197,8.9171974522293
E00012227,184,50,14,36,134,114,20,27.173913043478258,7.608695652173914,19.565217391304348,72.82608695652173,61.95652173913043,10.869565217391305
E00012228,196,86,30,56,110,100,10,43.87755102040816,15.306122448979592,28.57142857142857,56.12244897959183,51.02040816326531,5.1020408163265305
E00012229,135,37,17,20,98,86,12,27.40740740740741,12.592592592592592,14.814814814814813,72.5925925925926,63.70370370370371,8.88888888888889
E00012230,147,41,13,28,106,84,22,27.89115646258503,8.843537414965986,19.047619047619047,72.10884353741497,57.14285714285714,14.965986394557824
E00012231,182,61,19,42,121,108,13,33.51648351648351,10.43956043956044,23.076923076923077,66.48351648351648,59.34065934065934,7.142857142857142
E00012232,206,60,29,31,146,123,23,29.126213592233007,14.077669902912621,15.048543689320388,70.87378640776699,59.70873786407766,11.165048543689322
E00012233,179,51,15,36,128,116,12,28.49162011173184,8.379888268156424,20.11173184357542,71.50837988826815,64.80446927374301,6.70391061452514
E00012234,207,45,21,24,162,139,23,21.73913043478261,10.144927536231885,11.594202898550725,78.26086956521739,67.14975845410628,11.11111111111111
E00012235,209,74,39,35,135,115,20,35.406698564593306,18.660287081339714,16.74641148325359,64.5933014354067,55.02392344497608,9.569377990430622
E00012236,179,43,15,28,136,122,14,24.022346368715084,8.379888268156424,15.64245810055866,75.97765363128491,68.15642458100558,7.82122905027933
E00012237,192,50,17,33,142,127,15,26.041666666666668,8.854166666666668,17.1875,73.95833333333334,66.14583333333334,7.8125
E00012238,186,59,21,38,127,105,22,31.72043010752688,11.29032258064516,20.43010752688172,68.27956989247312,56.451612903225815,11.827956989247312
E00012239,206,50,23,27,156,144,12,24.271844660194176,11.165048543689322,13.106796116504855,75.72815533980582,69.90291262135922,5.825242718446602
E00012240,188,44,16,28,144,120,24,23.404255319148938,8.51063829787234,14.893617021276595,76.59574468085107,63.829787234042556,12.76595744680851
E00012241,152,32,13,19,120,105,15,21.052631578947366,8.552631578947368,12.5,78.94736842105263,69.07894736842105,9.868421052631579
E00012242,202,53,15,38,149,127,22,26.237623762376238,7.425742574257425,18.81188118811881,73.76237623762376,62.87128712871287,10.891089108910892
E00012243,206,48,17,31,158,137,21,23.300970873786408,8.25242718446602,15.048543689320388,76.69902912621359,66.50485436893204,10.194174757281553
E00012244,212,52,12,40,160,137,23,24.528301886792452,5.660377358490567,18.867924528301888,75.47169811320755,64.62264150943396,10.849056603773585
E00012245,160,41,16,25,119,100,19,25.624999999999996,10,15.625,74.375,62.5,11.875
E00012246,175,65,28,37,110,91,19,37.142857142857146,16,21.142857142857142,62.857142857142854,52,10.857142857142858
E00012247,164,35,13,22,129,97,32,21.341463414634145,7.926829268292683,13.414634146341465,78.65853658536585,59.14634146341463,19.51219512195122
E00012248,145,46,22,24,99,81,18,31.724137931034484,15.172413793103448,16.551724137931036,68.27586206896552,55.86206896551724,12.413793103448276
E00012249,149,37,15,22,112,87,25,24.832214765100673,10.06711409395973,14.76510067114094,75.16778523489933,58.38926174496645,16.778523489932887
E00012250,143,42,14,28,101,81,20,29.37062937062937,9.79020979020979,19.58041958041958,70.62937062937063,56.64335664335665,13.986013986013987
E00012251,176,61,30,31,115,95,20,34.659090909090914,17.045454545454543,17.613636363636363,65.3409090909091,53.97727272727273,11.363636363636363
E00012252,197,55,27,28,142,110,32,27.918781725888326,13.705583756345177,14.213197969543149,72.08121827411168,55.83756345177665,16.243654822335024
E00012253,183,56,18,38,127,105,22,30.601092896174865,9.836065573770492,20.76502732240437,69.39890710382514,57.377049180327866,12.021857923497267
E00012254,120,42,19,23,78,65,13,35,15.833333333333332,19.166666666666668,65,54.166666666666664,10.833333333333334
E00012255,196,46,20,26,150,126,24,23.46938775510204,10.204081632653061,13.26530612244898,76.53061224489795,64.28571428571429,12.244897959183673
E00012256,155,44,9,35,111,90,21,28.387096774193548,5.806451612903226,22.58064516129032,71.61290322580646,58.06451612903226,13.548387096774196
E00012257,156,40,12,28,116,94,22,25.64102564102564,7.6923076923076925,17.94871794871795,74.35897435897436,60.256410256410255,14.102564102564102
E00012258,165,46,18,28,119,86,33,27.878787878787882,10.909090909090908,16.969696969696972,72.12121212121212,52.121212121212125,20
E00012259,171,57,17,40,114,96,18,33.33333333333333,9.941520467836257,23.391812865497073,66.66666666666666,56.14035087719298,10.526315789473683
E00012260,132,35,8,27,97,83,14,26.515151515151516,6.0606060606060606,20.454545454545457,73.48484848484848,62.878787878787875,10.606060606060606
E00012261,211,66,31,35,145,106,39,31.27962085308057,14.691943127962084,16.587677725118482,68.72037914691943,50.23696682464455,18.48341232227488
E00012262,189,36,10,26,153,113,40,19.047619047619047,5.291005291005291,13.756613756613756,80.95238095238095,59.78835978835979,21.164021164021165
E00012263,191,54,20,34,137,113,24,28.272251308900525,10.471204188481675,17.801047120418847,71.72774869109948,59.16230366492147,12.56544502617801
E00012264,168,41,15,26,127,114,13,24.404761904761905,8.928571428571429,15.476190476190476,75.59523809523809,67.85714285714286,7.738095238095238
E00012265,166,34,8,26,132,113,19,20.481927710843372,4.819277108433735,15.66265060240964,79.51807228915662,68.07228915662651,11.44578313253012
E00012266,162,32,12,20,130,108,22,19.753086419753085,7.4074074074074066,12.345679012345679,80.24691358024691,66.66666666666666,13.580246913580247
E00012267,215,51,18,33,164,137,27,23.72093023255814,8.372093023255815,15.348837209302326,76.27906976744187,63.72093023255814,12.558139534883722
E00012268,133,38,10,28,95,69,26,28.57142857142857,7.518796992481203,21.052631578947366,71.42857142857143,51.8796992481203,19.548872180451127
E00012269,180,44,19,25,136,113,23,24.444444444444443,10.555555555555555,13.88888888888889,75.55555555555556,62.77777777777778,12.777777777777777
E00012270,162,41,19,22,121,102,19,25.308641975308642,11.728395061728394,13.580246913580247,74.69135802469135,62.96296296296296,11.728395061728394
E00012271,175,36,11,25,139,121,18,20.57142857142857,6.2857142857142865,14.285714285714285,79.42857142857143,69.14285714285714,10.285714285714285
E00012272,152,33,8,25,119,101,18,21.710526315789476,5.263157894736842,16.447368421052634,78.28947368421053,66.44736842105263,11.842105263157894
E00012273,174,52,28,24,122,99,23,29.88505747126437,16.091954022988507,13.793103448275861,70.11494252873564,56.896551724137936,13.218390804597702
E00012274,195,50,24,26,145,126,19,25.64102564102564,12.307692307692308,13.333333333333334,74.35897435897436,64.61538461538461,9.7435897435897445
E00012275,200,52,16,36,148,127,21,26,8,18,74,63.5,10.5
E00012276,160,43,19,24,117,98,19,26.875,11.875,15,73.125,61.25000000000001,11.875
E00012277,201,54,17,37,147,128,19,26.865671641791046,8.45771144278607,18.407960199004975,73.13432835820896,63.681592039801,9.45273631840796
E00012278,149,42,13,29,107,91,16,28.187919463087248,8.724832214765101,19.463087248322147,71.81208053691275,61.07382550335571,10.738255033557047
E00012279,161,39,13,26,122,101,21,24.22360248447205,8.074534161490684,16.149068322981368,75.77639751552795,62.732919254658384,13.043478260869565
E00012280,176,39,12,27,137,102,35,22.15909090909091,6.8181818181818175,15.340909090909092,77.8409090909091,57.95454545454546,19.886363636363637
E00012281,137,41,13,28,96,87,9,29.927007299270077,9.48905109489051,20.437956204379564,70.07299270072993,63.503649635036496,6.569343065693431
E00012282,256,72,32,40,184,150,34,28.125,12.5,15.625,71.875,58.59375,13.28125
E00012283,171,48,18,30,123,106,17,28.07017543859649,10.526315789473683,17.543859649122805,71.9298245614035,61.98830409356725,9.941520467836257
E00012284,184,41,14,27,143,117,26,22.282608695652172,7.608695652173914,14.673913043478262,77.71739130434783,63.58695652173913,14.130434782608695
E00012285,144,44,18,26,100,88,12,30.555555555555557,12.5,18.055555555555554,69.44444444444444,61.111111111111114,8.333333333333332
E00012286,142,31,11,20,111,97,14,21.830985915492956,7.746478873239436,14.084507042253522,78.16901408450704,68.30985915492957,9.859154929577464
E00012287,94,27,9,18,67,61,6,28.723404255319153,9.574468085106384,19.148936170212767,71.27659574468085,64.8936170212766,6.382978723404255
E00012288,217,58,19,39,159,141,18,26.72811059907834,8.755760368663594,17.972350230414747,73.27188940092167,64.97695852534562,8.294930875576037
E00012289,173,39,15,24,134,109,25,22.54335260115607,8.670520231213873,13.872832369942195,77.45664739884393,63.005780346820806,14.450867052023122
E00012290,162,50,18,32,112,101,11,30.864197530864196,11.11111111111111,19.753086419753085,69.1358024691358,62.34567901234568,6.790123456790123
E00012291,163,54,23,31,109,89,20,33.12883435582822,14.11042944785276,19.018404907975462,66.87116564417178,54.601226993865026,12.269938650306749
E00012292,212,59,20,39,153,132,21,27.830188679245282,9.433962264150944,18.39622641509434,72.16981132075472,62.264150943396224,9.90566037735849
E00012293,171,46,17,29,125,110,15,26.900584795321635,9.941520467836257,16.95906432748538,73.09941520467837,64.32748538011695,8.771929824561402
E00012294,152,44,16,28,108,88,20,28.947368421052634,10.526315789473683,18.421052631578945,71.05263157894737,57.89473684210527,13.157894736842104
E00012295,165,37,11,26,128,108,20,22.424242424242426,6.666666666666667,15.757575757575756,77.57575757575758,65.45454545454545,12.121212121212121
E00012296,172,38,15,23,134,114,20,22.093023255813954,8.720930232558139,13.372093023255813,77.90697674418605,66.27906976744185,11.627906976744185
E00012297,162,43,15,28,119,99,20,26.543209876543212,9.25925925925926,17.28395061728395,73.4567901234568,61.111111111111114,12.345679012345679
E00012298,192,54,21,33,138,118,20,28.125,10.9375,17.1875,71.875,61.458333333333336,10.416666666666668
E00012299,187,51,25,26,136,116,20,27.27272727272727,13.368983957219251,13.903743315508022,72.72727272727273,62.03208556149733,10.695187165775401
E00012300,222,67,27,40,155,122,33,30.180180180180184,12.162162162162163,18.01801801801802,69.81981981981981,54.95495495495496,14.864864864864865
E00012301,165,30,8,22,135,110,25,18.181818181818183,4.848484848484849,13.333333333333334,81.81818181818183,66.66666666666666,15.151515151515152
E00012302,207,55,19,36,152,133,19,26.570048309178745,9.178743961352657,17.391304347826086,73.42995169082126,64.25120772946859,9.178743961352657
E00012303,183,42,20,22,141,127,14,22.950819672131146,10.92896174863388,12.021857923497267,77.04918032786885,69.39890710382514,7.650273224043716
E00012304,186,42,10,32,144,115,29,22.58064516129032,5.376344086021505,17.20430107526882,77.41935483870968,61.82795698924731,15.591397849462366
E00012305,168,42,10,32,126,109,17,25,5.952380952380952,19.047619047619047,75,64.88095238095238,10.119047619047619
E00012306,147,39,16,23,108,98,10,26.53061224489796,10.884353741496598,15.646258503401361,73.46938775510205,66.66666666666666,6.802721088435375
E00012307,149,37,13,24,112,91,21,24.832214765100673,8.724832214765101,16.10738255033557,75.16778523489933,61.07382550335571,14.093959731543624
E00012308,201,61,23,38,140,118,22,30.34825870646766,11.442786069651742,18.90547263681592,69.65174129353234,58.70646766169154,10.945273631840797
E00012309,167,46,13,33,121,113,8,27.54491017964072,7.784431137724551,19.760479041916167,72.45508982035929,67.66467065868264,4.790419161676647
E00012310,185,49,19,30,136,111,25,26.486486486486488,10.27027027027027,16.216216216216218,73.51351351351352,60,13.513513513513514
E00012311,126,37,19,18,89,62,27,29.365079365079367,15.079365079365079,14.285714285714285,70.63492063492063,49.2063492063492,21.428571428571427
E00012312,178,50,25,25,128,95,33,28.08988764044944,14.04494382022472,14.04494382022472,71.91011235955057,53.37078651685393,18.53932584269663
E00012313,140,40,12,28,100,79,21,28.57142857142857,8.571428571428571,20,71.42857142857143,56.42857142857143,15
E00012314,181,53,22,31,128,109,19,29.2817679558011,12.154696132596685,17.12707182320442,70.71823204419888,60.22099447513812,10.497237569060774
E00012315,190,55,26,29,135,107,28,28.947368421052634,13.684210526315791,15.263157894736842,71.05263157894737,56.315789473684205,14.736842105263156
E00012316,163,48,24,24,115,88,27,29.447852760736197,14.723926380368098,14.723926380368098,70.5521472392638,53.987730061349694,16.56441717791411
E00012317,148,38,18,20,110,82,28,25.675675675675674,12.162162162162163,13.513513513513514,74.32432432432432,55.4054054054054,18.91891891891892
E00012318,99,29,11,18,70,57,13,29.292929292929294,11.11111111111111,18.181818181818183,70.70707070707071,57.57575757575758,13.131313131313133
E00012319,155,40,19,21,115,101,14,25.806451612903224,12.258064516129032,13.548387096774196,74.19354838709677,65.16129032258064,9.032258064516128
E00012320,168,41,14,27,127,99,28,24.404761904761905,8.333333333333332,16.071428571428573,75.59523809523809,58.92857142857143,16.666666666666664
E00012321,108,23,13,10,85,72,13,21.296296296296298,12.037037037037036,9.25925925925926,78.70370370370371,66.66666666666666,12.037037037037036
E00012322,124,31,9,22,93,65,28,25,7.258064516129033,17.741935483870968,75,52.41935483870967,22.58064516129032
E00012323,112,30,17,13,82,66,16,26.785714285714285,15.178571428571427,11.607142857142858,73.21428571428571,58.92857142857143,14.285714285714285
E00012324,196,51,29,22,145,117,28,26.02040816326531,14.795918367346939,11.224489795918368,73.9795918367347,59.693877551020414,14.285714285714285
E00012325,127,38,11,27,89,77,12,29.92125984251969,8.661417322834646,21.25984251968504,70.07874015748031,60.629921259842526,9.448818897637794
E00012326,172,41,18,23,131,107,24,23.837209302325583,10.465116279069768,13.372093023255813,76.16279069767442,62.2093023255814,13.953488372093023
E00012327,175,38,17,21,137,99,38,21.714285714285715,9.714285714285714,12,78.28571428571428,56.57142857142857,21.714285714285715
E00012328,65,12,6,6,53,40,13,18.461538461538463,9.230769230769232,9.230769230769232,81.53846153846153,61.53846153846154,20
E00012329,188,60,29,31,128,87,41,31.914893617021278,15.425531914893616,16.48936170212766,68.08510638297872,46.27659574468085,21.808510638297875
E00012330,111,27,16,11,84,72,12,24.324324324324326,14.414414414414415,9.90990990990991,75.67567567567568,64.86486486486487,10.81081081081081
E00012331,142,41,14,27,101,80,21,28.87323943661972,9.859154929577464,19.014084507042252,71.12676056338029,56.33802816901409,14.788732394366196
E00012332,213,67,26,41,146,97,49,31.455399061032864,12.206572769953052,19.248826291079812,68.54460093896714,45.539906103286384,23.004694835680752
E00012333,194,55,24,31,139,112,27,28.350515463917525,12.371134020618557,15.979381443298967,71.64948453608247,57.73195876288659,13.917525773195877
E00012334,181,62,20,42,119,97,22,34.25414364640884,11.049723756906078,23.204419889502763,65.74585635359117,53.591160220994475,12.154696132596685
E00012335,163,52,30,22,111,89,22,31.901840490797547,18.404907975460123,13.496932515337424,68.09815950920245,54.601226993865026,13.496932515337424
E00012336,150,24,9,15,126,112,14,16,6,10,84,74.66666666666667,9.333333333333334
E00012337,93,32,9,23,61,53,8,34.40860215053764,9.67741935483871,24.731182795698924,65.59139784946237,56.98924731182796,8.60215053763441
E00012338,147,44,28,16,103,79,24,29.931972789115648,19.047619047619047,10.884353741496598,70.06802721088435,53.74149659863946,16.3265306122449
E00012339,141,41,20,21,100,78,22,29.078014184397162,14.184397163120568,14.893617021276595,70.92198581560284,55.319148936170215,15.602836879432624
E00012340,149,47,17,30,102,78,24,31.543624161073826,11.409395973154362,20.13422818791946,68.45637583892618,52.348993288590606,16.10738255033557
E00012341,133,45,22,23,88,71,17,33.83458646616541,16.541353383458645,17.293233082706767,66.16541353383458,53.383458646616546,12.781954887218044
E00012342,160,37,21,16,123,87,36,23.125,13.125,10,76.875,54.37499999999999,22.5
E00012343,134,35,19,16,99,86,13,26.119402985074625,14.17910447761194,11.940298507462686,73.88059701492537,64.17910447761194,9.701492537313433
E00012344,66,28,12,16,38,33,5,42.42424242424242,18.181818181818183,24.242424242424242,57.57575757575758,50,7.575757575757576
E00012345,142,36,17,19,106,70,36,25.352112676056336,11.971830985915492,13.380281690140844,74.64788732394366,49.29577464788733,25.352112676056336
E00012346,187,45,24,21,142,110,32,24.06417112299465,12.834224598930483,11.229946524064172,75.93582887700535,58.82352941176471,17.11229946524064
E00012347,238,78,20,58,160,130,30,32.773109243697476,8.403361344537815,24.369747899159663,67.22689075630252,54.621848739495796,12.605042016806722
E00012348,176,40,17,23,136,108,28,22.727272727272727,9.659090909090908,13.068181818181818,77.27272727272727,61.36363636363637,15.909090909090908
E00012349,168,47,23,24,121,101,20,27.976190476190478,13.690476190476192,14.285714285714285,72.02380952380952,60.11904761904761,11.904761904761903
E00012350,202,53,21,32,149,134,15,26.237623762376238,10.396039603960396,15.841584158415841,73.76237623762376,66.33663366336634,7.425742574257425
E00012351,144,42,14,28,102,89,13,29.166666666666668,9.722222222222223,19.444444444444446,70.83333333333334,61.80555555555556,9.027777777777777
E00012352,124,32,13,19,92,74,18,25.806451612903224,10.483870967741936,15.32258064516129,74.19354838709677,59.67741935483871,14.516129032258066
E00012353,145,40,12,28,105,99,6,27.586206896551722,8.275862068965518,19.310344827586206,72.41379310344827,68.27586206896552,4.137931034482759
E00012354,170,43,15,28,127,111,16,25.294117647058822,8.823529411764707,16.470588235294116,74.70588235294117,65.29411764705883,9.411764705882353
E00012355,164,41,22,19,123,99,24,25,13.414634146341465,11.585365853658537,75,60.36585365853659,14.634146341463413
E00012356,163,36,13,23,127,107,20,22.085889570552148,7.975460122699387,14.11042944785276,77.91411042944786,65.6441717791411,12.269938650306749
E00012357,124,45,23,22,79,65,14,36.29032258064516,18.548387096774192,17.741935483870968,63.70967741935484,52.41935483870967,11.29032258064516
E00012358,113,34,11,23,79,58,21,30.08849557522124,9.734513274336283,20.353982300884958,69.91150442477876,51.32743362831859,18.58407079646018
E00012359,154,45,15,30,109,89,20,29.22077922077922,9.740259740259742,19.480519480519483,70.77922077922078,57.7922077922078,12.987012987012985
E00012360,160,47,15,32,113,96,17,29.375,9.375,20,70.625,60,10.625
E00012361,140,40,26,14,100,76,24,28.57142857142857,18.571428571428573,10,71.42857142857143,54.285714285714285,17.142857142857142
E00012362,185,56,19,37,129,103,26,30.270270270270274,10.27027027027027,20,69.72972972972973,55.67567567567567,14.054054054054054
E00012363,197,45,23,22,152,115,37,22.84263959390863,11.6751269035533,11.16751269035533,77.15736040609137,58.37563451776649,18.781725888324875
E00012364,158,32,10,22,126,90,36,20.253164556962027,6.329113924050633,13.924050632911392,79.74683544303798,56.9620253164557,22.78481012658228
E00012365,150,43,17,26,107,89,18,28.666666666666668,11.333333333333332,17.333333333333336,71.33333333333334,59.333333333333336,12
E00012366,158,38,13,25,120,101,19,24.050632911392405,8.227848101265822,15.822784810126583,75.9493670886076,63.92405063291139,12.025316455696203
E00012367,127,31,11,20,96,70,26,24.409448818897637,8.661417322834646,15.748031496062993,75.59055118110236,55.118110236220474,20.47244094488189
E00012368,131,38,15,23,93,79,14,29.00763358778626,11.450381679389313,17.557251908396946,70.99236641221374,60.30534351145038,10.687022900763358
E00012369,77,30,17,13,47,35,12,38.961038961038966,22.07792207792208,16.883116883116884,61.038961038961034,45.45454545454545,15.584415584415584
E00012370,165,40,19,21,125,101,24,24.242424242424242,11.515151515151516,12.727272727272727,75.75757575757575,61.212121212121204,14.545454545454545
E00012371,203,53,27,26,150,119,31,26.108374384236456,13.30049261083744,12.807881773399016,73.89162561576354,58.620689655172406,15.270935960591133
E00012372,123,34,18,16,89,81,8,27.64227642276423,14.634146341463413,13.008130081300814,72.35772357723577,65.85365853658537,6.504065040650407
E00012373,168,34,7,27,134,111,23,20.238095238095237,4.166666666666666,16.071428571428573,79.76190476190477,66.07142857142857,13.690476190476192
E00012374,195,62,21,41,133,116,17,31.794871794871792,10.76923076923077,21.025641025641026,68.2051282051282,59.48717948717949,8.717948717948717
E00012375,237,72,31,41,165,144,21,30.37974683544304,13.080168776371309,17.29957805907173,69.62025316455697,60.75949367088608,8.860759493670885
E00012376,148,58,14,44,90,74,16,39.189189189189186,9.45945945945946,29.72972972972973,60.810810810810814,50,10.81081081081081
E00012377,165,37,9,28,128,115,13,22.424242424242426,5.454545454545454,16.969696969696972,77.57575757575758,69.6969696969697,7.878787878787878
E00012378,162,50,14,36,112,90,22,30.864197530864196,8.641975308641975,22.22222222222222,69.1358024691358,55.55555555555556,13.580246913580247
E00012379,155,47,17,30,108,95,13,30.32258064516129,10.967741935483872,19.35483870967742,69.6774193548387,61.29032258064516,8.38709677419355
E00012380,164,50,23,27,114,101,13,30.48780487804878,14.02439024390244,16.463414634146343,69.51219512195121,61.58536585365854,7.926829268292683
E00012381,180,42,19,23,138,114,24,23.333333333333332,10.555555555555555,12.777777777777777,76.66666666666667,63.33333333333333,13.333333333333334
E00012382,178,40,10,30,138,119,19,22.47191011235955,5.617977528089887,16.853932584269664,77.52808988764045,66.85393258426966,10.674157303370785
E00012383,203,49,20,29,154,135,19,24.137931034482758,9.852216748768473,14.285714285714285,75.86206896551724,66.50246305418719,9.35960591133005
E00012384,133,49,18,31,84,75,9,36.84210526315789,13.533834586466165,23.308270676691727,63.1578947368421,56.390977443609025,6.7669172932330826
E00012385,148,62,23,39,86,67,19,41.891891891891895,15.54054054054054,26.351351351351347,58.108108108108105,45.27027027027027,12.837837837837837
E00012386,240,72,23,49,168,153,15,30,9.583333333333334,20.416666666666668,70,63.74999999999999,6.25
E00012387,171,72,21,51,99,90,9,42.10526315789473,12.280701754385964,29.82456140350877,57.89473684210527,52.63157894736842,5.263157894736842
E00012388,256,81,24,57,175,147,28,31.640625,9.375,22.265625,68.359375,57.421875,10.9375
E00012389,188,66,25,41,122,119,3,35.1063829787234,13.297872340425531,21.808510638297875,64.8936170212766,63.297872340425535,1.5957446808510638
E00012390,170,69,29,40,101,93,8,40.588235294117645,17.058823529411764,23.52941176470588,59.411764705882355,54.70588235294118,4.705882352941177
E00012391,190,68,24,44,122,105,17,35.78947368421053,12.631578947368421,23.157894736842106,64.21052631578948,55.26315789473685,8.947368421052632
E00012392,70,16,9,7,54,45,9,22.857142857142858,12.857142857142856,10,77.14285714285715,64.28571428571429,12.857142857142856
E00012393,203,65,22,43,138,117,21,32.01970443349754,10.83743842364532,21.182266009852217,67.98029556650246,57.635467980295566,10.344827586206897
E00012394,201,64,27,37,137,127,10,31.8407960199005,13.432835820895523,18.407960199004975,68.1592039800995,63.18407960199005,4.975124378109453
E00012395,175,55,23,32,120,105,15,31.428571428571427,13.142857142857142,18.285714285714285,68.57142857142857,60,8.571428571428571
E00012396,179,52,17,35,127,117,10,29.05027932960894,9.497206703910614,19.553072625698324,70.94972067039106,65.36312849162012,5.58659217877095
E00012397,205,77,21,56,128,112,16,37.5609756097561,10.24390243902439,27.31707317073171,62.4390243902439,54.63414634146342,7.804878048780488
E00012398,178,51,19,32,127,113,14,28.651685393258425,10.674157303370785,17.97752808988764,71.34831460674157,63.48314606741573,7.865168539325842
E00012399,172,53,14,39,119,102,17,30.813953488372093,8.13953488372093,22.674418604651162,69.18604651162791,59.30232558139535,9.883720930232558
E00012400,212,71,19,52,141,129,12,33.490566037735846,8.962264150943396,24.528301886792452,66.50943396226415,60.84905660377359,5.660377358490567
E00012401,209,69,26,43,140,126,14,33.014354066985646,12.440191387559809,20.574162679425836,66.98564593301435,60.28708133971292,6.698564593301436
E00012402,232,78,30,48,154,136,18,33.62068965517241,12.931034482758621,20.689655172413794,66.37931034482759,58.620689655172406,7.758620689655173
E00012403,197,51,12,39,146,130,16,25.888324873096447,6.091370558375635,19.796954314720814,74.11167512690355,65.98984771573603,8.121827411167512
E00012404,229,82,26,56,147,127,20,35.80786026200873,11.353711790393014,24.45414847161572,64.19213973799127,55.45851528384279,8.73362445414847
E00012405,208,71,27,44,137,124,13,34.13461538461539,12.980769230769232,21.153846153846153,65.86538461538461,59.61538461538461,6.25
E00012406,220,68,25,43,152,131,21,30.909090909090907,11.363636363636363,19.545454545454547,69.0909090909091,59.54545454545455,9.545454545454547
E00012407,147,51,17,34,96,90,6,34.69387755102041,11.564625850340136,23.12925170068027,65.3061224489796,61.224489795918366,4.081632653061225
E00012408,224,90,39,51,134,118,16,40.17857142857143,17.410714285714285,22.767857142857142,59.82142857142857,52.67857142857143,7.142857142857142
E00012409,207,71,28,43,136,119,17,34.29951690821256,13.526570048309178,20.77294685990338,65.70048309178745,57.48792270531401,8.212560386473431
E00012410,213,63,24,39,150,135,15,29.577464788732392,11.267605633802818,18.30985915492958,70.4225352112676,63.38028169014085,7.042253521126761
E00012411,228,85,31,54,143,121,22,37.280701754385966,13.596491228070176,23.684210526315788,62.71929824561403,53.07017543859649,9.649122807017543
E00012412,149,63,23,40,86,74,12,42.281879194630875,15.436241610738255,26.845637583892618,57.71812080536913,49.664429530201346,8.053691275167784
E00012413,189,66,31,35,123,100,23,34.92063492063492,16.402116402116402,18.51851851851852,65.07936507936508,52.910052910052904,12.16931216931217
E00012414,170,65,24,41,105,96,9,38.23529411764706,14.117647058823529,24.11764705882353,61.76470588235294,56.470588235294116,5.294117647058823
E00012415,200,71,24,47,129,114,15,35.5,12,23.5,64.5,56.99999999999999,7.5
E00012416,183,72,19,53,111,95,16,39.34426229508197,10.382513661202186,28.96174863387978,60.65573770491803,51.91256830601093,8.743169398907105
E00012417,152,62,20,42,90,79,11,40.78947368421053,13.157894736842104,27.631578947368425,59.210526315789465,51.973684210526315,7.236842105263158
E00012418,168,57,15,42,111,99,12,33.92857142857143,8.928571428571429,25,66.07142857142857,58.92857142857143,7.142857142857142
E00012419,154,52,16,36,102,96,6,33.76623376623377,10.38961038961039,23.376623376623375,66.23376623376623,62.33766233766234,3.896103896103896
E00012420,166,59,30,29,107,92,15,35.54216867469879,18.072289156626507,17.46987951807229,64.45783132530121,55.42168674698795,9.036144578313253
E00012421,161,45,19,26,116,101,15,27.95031055900621,11.801242236024844,16.149068322981368,72.04968944099379,62.732919254658384,9.316770186335404
E00012422,176,42,25,17,134,107,27,23.863636363636363,14.204545454545455,9.659090909090908,76.13636363636364,60.79545454545454,15.340909090909092
E00012423,191,52,21,31,139,112,27,27.225130890052355,10.99476439790576,16.230366492146597,72.77486910994764,58.63874345549738,14.136125654450263
E00012424,131,39,12,27,92,82,10,29.770992366412212,9.16030534351145,20.610687022900763,70.22900763358778,62.59541984732825,7.633587786259542
E00012425,181,46,28,18,135,112,23,25.41436464088398,15.469613259668508,9.94475138121547,74.58563535911603,61.87845303867403,12.70718232044199
E00012426,154,37,9,28,117,100,17,24.025974025974026,5.844155844155844,18.181818181818183,75.97402597402598,64.93506493506493,11.03896103896104
E00012427,142,36,13,23,106,92,14,25.352112676056336,9.15492957746479,16.19718309859155,74.64788732394366,64.7887323943662,9.859154929577464
E00012428,241,56,20,36,185,154,31,23.236514522821576,8.29875518672199,14.937759336099585,76.76348547717843,63.90041493775933,12.863070539419086
E00012431,204,57,23,34,147,124,23,27.941176470588236,11.27450980392157,16.666666666666664,72.05882352941177,60.78431372549019,11.27450980392157
E00012432,173,40,14,26,133,111,22,23.121387283236995,8.092485549132949,15.028901734104046,76.878612716763,64.16184971098265,12.716763005780345
E00012433,144,35,11,24,109,96,13,24.305555555555554,7.638888888888889,16.666666666666664,75.69444444444444,66.66666666666666,9.027777777777777
E00012434,127,35,13,22,92,77,15,27.559055118110237,10.236220472440944,17.322834645669293,72.44094488188976,60.629921259842526,11.811023622047244
E00012435,192,52,22,30,140,110,30,27.083333333333332,11.458333333333332,15.625,72.91666666666666,57.291666666666664,15.625
E00012436,219,61,25,36,158,129,29,27.85388127853881,11.415525114155251,16.43835616438356,72.14611872146118,58.9041095890411,13.24200913242009
E00012437,206,42,14,28,164,150,14,20.388349514563107,6.796116504854369,13.592233009708737,79.6116504854369,72.81553398058253,6.796116504854369
E00012438,187,55,22,33,132,110,22,29.411764705882355,11.76470588235294,17.647058823529413,70.58823529411765,58.82352941176471,11.76470588235294
E00012439,150,27,10,17,123,104,19,18,6.666666666666667,11.333333333333332,82,69.33333333333334,12.666666666666668
E00012441,118,26,7,19,92,79,13,22.033898305084744,5.932203389830509,16.101694915254235,77.96610169491525,66.94915254237289,11.016949152542372
E00012443,202,52,16,36,150,131,19,25.742574257425744,7.920792079207921,17.82178217821782,74.25742574257426,64.85148514851485,9.405940594059405
E00012444,151,39,15,24,112,97,15,25.82781456953642,9.933774834437086,15.894039735099339,74.17218543046357,64.23841059602648,9.933774834437086
E00012445,203,44,16,28,159,138,21,21.67487684729064,7.8817733990147785,13.793103448275861,78.32512315270937,67.98029556650246,10.344827586206897
E00012446,170,59,19,40,111,100,11,34.705882352941174,11.176470588235295,23.52941176470588,65.29411764705883,58.82352941176471,6.470588235294119
E00012447,170,37,10,27,133,109,24,21.764705882352942,5.88235294117647,15.88235294117647,78.23529411764706,64.11764705882354,14.117647058823529
E00012448,202,56,21,35,146,131,15,27.722772277227726,10.396039603960396,17.326732673267326,72.27722772277228,64.85148514851485,7.425742574257425
E00012449,207,74,24,50,133,118,15,35.748792270531396,11.594202898550725,24.154589371980677,64.25120772946859,57.00483091787439,7.246376811594203
E00012450,203,48,19,29,155,134,21,23.645320197044335,9.35960591133005,14.285714285714285,76.35467980295566,66.00985221674877,10.344827586206897
E00012451,207,47,19,28,160,144,16,22.705314009661837,9.178743961352657,13.526570048309178,77.29468599033817,69.56521739130434,7.729468599033816
E00012452,180,51,13,38,129,112,17,28.333333333333332,7.222222222222221,21.11111111111111,71.66666666666667,62.22222222222222,9.444444444444445
E00012453,206,40,15,25,166,139,27,19.41747572815534,7.281553398058252,12.135922330097088,80.58252427184466,67.47572815533981,13.106796116504855
E00012454,185,54,17,37,131,109,22,29.18918918918919,9.18918918918919,20,70.8108108108108,58.91891891891892,11.891891891891893
E00012455,225,68,27,41,157,132,25,30.22222222222222,12,18.22222222222222,69.77777777777779,58.666666666666664,11.11111111111111
E00012456,193,70,27,43,123,118,5,36.26943005181347,13.989637305699482,22.279792746113987,63.730569948186535,61.13989637305699,2.5906735751295336
E00012457,204,53,22,31,151,135,16,25.98039215686275,10.784313725490197,15.196078431372548,74.01960784313727,66.17647058823529,7.8431372549019605
E00012458,204,73,30,43,131,119,12,35.78431372549019,14.705882352941178,21.07843137254902,64.2156862745098,58.333333333333336,5.88235294117647
E00012459,209,71,22,49,138,125,13,33.97129186602871,10.526315789473683,23.444976076555022,66.02870813397129,59.80861244019139,6.220095693779904
E00012460,166,64,21,43,102,85,17,38.55421686746988,12.650602409638553,25.903614457831324,61.44578313253012,51.204819277108435,10.240963855421686
E00012461,165,48,10,38,117,108,9,29.09090909090909,6.0606060606060606,23.03030303030303,70.9090909090909,65.45454545454545,5.454545454545454
E00012462,209,64,24,40,145,129,16,30.62200956937799,11.483253588516746,19.138755980861244,69.377990430622,61.72248803827751,7.655502392344498
E00012463,177,66,28,38,111,92,19,37.28813559322034,15.819209039548024,21.468926553672315,62.71186440677966,51.9774011299435,10.734463276836157
E00012465,181,55,16,39,126,115,11,30.386740331491712,8.83977900552486,21.54696132596685,69.61325966850829,63.53591160220995,6.077348066298343
E00012466,183,56,18,38,127,96,31,30.601092896174865,9.836065573770492,20.76502732240437,69.39890710382514,52.459016393442624,16.939890710382514
E00012467,144,49,17,32,95,87,8,34.02777777777778,11.805555555555555,22.22222222222222,65.97222222222221,60.416666666666664,5.555555555555555
E00012468,156,47,16,31,109,96,13,30.128205128205128,10.256410256410255,19.871794871794872,69.87179487179486,61.53846153846154,8.333333333333332
E00012469,125,44,17,27,81,73,8,35.199999999999996,13.600000000000001,21.6,64.8,58.4,6.4
E00012470,215,75,21,54,140,126,14,34.883720930232556,9.767441860465116,25.116279069767444,65.11627906976744,58.6046511627907,6.511627906976744
E00012471,197,63,14,49,134,109,25,31.979695431472084,7.1065989847715745,24.873096446700508,68.02030456852792,55.32994923857868,12.690355329949238
E00012472,159,47,21,26,112,93,19,29.559748427672954,13.20754716981132,16.352201257861633,70.44025157232704,58.490566037735846,11.949685534591195
E00012474,209,62,20,42,147,129,18,29.665071770334926,9.569377990430622,20.095693779904305,70.33492822966507,61.72248803827751,8.61244019138756
E00012475,227,86,31,55,141,131,10,37.88546255506608,13.656387665198238,24.229074889867842,62.11453744493392,57.70925110132159,4.405286343612335
E00012476,166,64,23,41,102,94,8,38.55421686746988,13.855421686746988,24.69879518072289,61.44578313253012,56.62650602409639,4.819277108433735
E00012477,211,63,25,38,148,129,19,29.85781990521327,11.848341232227488,18.009478672985782,70.14218009478674,61.137440758293835,9.004739336492891
E00012478,174,61,17,44,113,99,14,35.05747126436782,9.770114942528735,25.287356321839084,64.9425287356322,56.896551724137936,8.045977011494253
E00012479,107,46,20,26,61,57,4,42.99065420560748,18.69158878504673,24.299065420560748,57.009345794392516,53.271028037383175,3.7383177570093453
E00012480,244,78,25,53,166,142,24,31.967213114754102,10.245901639344263,21.721311475409834,68.0327868852459,58.19672131147541,9.836065573770492
E00012481,216,62,22,40,154,129,25,28.703703703703702,10.185185185185185,18.51851851851852,71.29629629629629,59.72222222222222,11.574074074074074
E00012482,190,70,24,46,120,109,11,36.84210526315789,12.631578947368421,24.210526315789473,63.1578947368421,57.36842105263158,5.7894736842105265
E00012483,185,68,22,46,117,96,21,36.75675675675676,11.891891891891893,24.864864864864867,63.24324324324324,51.891891891891895,11.351351351351353
E00012485,150,68,21,47,82,76,6,45.33333333333333,14.000000000000002,31.333333333333336,54.666666666666664,50.66666666666667,4
E00012486,91,39,13,26,52,43,9,42.857142857142854,14.285714285714285,28.57142857142857,57.14285714285714,47.25274725274725,9.89010989010989
E00012487,202,57,20,37,145,125,20,28.217821782178216,9.900990099009901,18.316831683168317,71.78217821782178,61.88118811881188,9.900990099009901
E00012488,199,54,13,41,145,133,12,27.1356783919598,6.532663316582915,20.603015075376884,72.8643216080402,66.83417085427136,6.030150753768844
E00012489,112,30,5,25,82,71,11,26.785714285714285,4.464285714285714,22.321428571428573,73.21428571428571,63.39285714285714,9.821428571428571
E00012490,139,49,16,33,90,79,11,35.25179856115108,11.510791366906476,23.741007194244602,64.74820143884892,56.83453237410072,7.913669064748201
E00012491,162,35,17,18,127,105,22,21.604938271604937,10.493827160493826,11.11111111111111,78.39506172839506,64.81481481481481,13.580246913580247
E00012492,211,38,20,18,173,137,36,18.009478672985782,9.47867298578199,8.530805687203792,81.99052132701422,64.92890995260665,17.061611374407583
E00012494,144,33,12,21,111,100,11,22.916666666666664,8.333333333333332,14.583333333333334,77.08333333333334,69.44444444444444,7.638888888888889
E00012495,178,48,24,24,130,114,16,26.96629213483146,13.48314606741573,13.48314606741573,73.03370786516854,64.04494382022472,8.98876404494382
E00012496,188,51,21,30,137,118,19,27.127659574468083,11.170212765957446,15.957446808510639,72.87234042553192,62.76595744680851,10.106382978723403
E00012497,177,43,18,25,134,122,12,24.293785310734464,10.16949152542373,14.124293785310735,75.70621468926554,68.92655367231639,6.779661016949152
E00012498,189,57,23,34,132,108,24,30.158730158730158,12.16931216931217,17.989417989417987,69.84126984126983,57.14285714285714,12.698412698412698
E00012499,129,47,20,27,82,74,8,36.434108527131784,15.503875968992247,20.930232558139537,63.565891472868216,57.36434108527132,6.2015503875969
E00012501,159,35,12,23,124,107,17,22.0125786163522,7.547169811320755,14.465408805031446,77.9874213836478,67.29559748427673,10.69182389937107
E00012502,157,46,15,31,111,90,21,29.29936305732484,9.554140127388536,19.745222929936308,70.70063694267516,57.324840764331206,13.375796178343949
E00012503,113,34,19,15,79,63,16,30.08849557522124,16.8141592920354,13.274336283185843,69.91150442477876,55.75221238938053,14.15929203539823
E00012504,210,71,22,49,139,127,12,33.80952380952381,10.476190476190476,23.333333333333332,66.19047619047619,60.476190476190474,5.714285714285714
E00012505,239,56,20,36,183,163,20,23.430962343096233,8.368200836820083,15.062761506276152,76.56903765690377,68.20083682008368,8.368200836820083
E00012506,175,33,15,18,142,119,23,18.857142857142858,8.571428571428571,10.285714285714285,81.14285714285714,68,13.142857142857142
E00012507,161,36,14,22,125,102,23,22.36024844720497,8.695652173913043,13.664596273291925,77.63975155279503,63.35403726708074,14.285714285714285
E00012508,203,42,11,31,161,131,30,20.689655172413794,5.41871921182266,15.270935960591133,79.3103448275862,64.5320197044335,14.77832512315271
E00012509,162,44,14,30,118,105,13,27.160493827160494,8.641975308641975,18.51851851851852,72.8395061728395,64.81481481481481,8.024691358024691
E00012511,158,40,12,28,118,102,16,25.31645569620253,7.59493670886076,17.72151898734177,74.68354430379746,64.55696202531645,10.126582278481013
E00012513,104,22,6,16,82,69,13,21.153846153846153,5.769230769230769,15.384615384615385,78.84615384615384,66.34615384615384,12.5
E00012514,165,32,16,16,133,121,12,19.393939393939394,9.696969696969697,9.696969696969697,80.60606060606061,73.33333333333333,7.2727272727272725
E00012515,164,43,16,27,121,111,10,26.21951219512195,9.75609756097561,16.463414634146343,73.78048780487805,67.6829268292683,6.097560975609756
E00012516,242,47,17,30,195,176,19,19.421487603305785,7.024793388429752,12.396694214876034,80.57851239669421,72.72727272727273,7.851239669421488
E00012517,152,46,19,27,106,84,22,30.263157894736842,12.5,17.763157894736842,69.73684210526315,55.26315789473685,14.473684210526317
E00012518,156,39,23,16,117,99,18,25,14.743589743589745,10.256410256410255,75,63.46153846153846,11.538461538461538
E00012519,209,70,30,40,139,115,24,33.49282296650718,14.354066985645932,19.138755980861244,66.50717703349282,55.02392344497608,11.483253588516746
E00012520,162,52,20,32,110,96,14,32.098765432098766,12.345679012345679,19.753086419753085,67.90123456790124,59.25925925925925,8.641975308641975
E00012521,208,47,15,32,161,138,23,22.596153846153847,7.211538461538461,15.384615384615385,77.40384615384616,66.34615384615384,11.057692307692307
E00012524,185,63,25,38,122,102,20,34.054054054054056,13.513513513513514,20.54054054054054,65.94594594594595,55.13513513513514,10.81081081081081
E00012525,186,48,14,34,138,114,24,25.806451612903224,7.526881720430108,18.27956989247312,74.19354838709677,61.29032258064516,12.903225806451612
E00012526,140,33,14,19,107,95,12,23.57142857142857,10,13.571428571428571,76.42857142857142,67.85714285714286,8.571428571428571
E00012527,209,49,16,33,160,133,27,23.444976076555022,7.655502392344498,15.789473684210526,76.55502392344498,63.63636363636363,12.918660287081341
E00012528,195,56,25,31,139,122,17,28.717948717948715,12.82051282051282,15.897435897435896,71.28205128205128,62.56410256410256,8.717948717948717
E00012529,197,52,17,35,145,115,30,26.39593908629442,8.629441624365482,17.766497461928935,73.60406091370558,58.37563451776649,15.228426395939088
E00012530,128,30,4,26,98,87,11,23.4375,3.125,20.3125,76.5625,67.96875,8.59375
E00012531,128,58,31,27,70,59,11,45.3125,24.21875,21.09375,54.6875,46.09375,8.59375
E00012532,199,76,30,46,123,104,19,38.19095477386934,15.07537688442211,23.115577889447238,61.80904522613066,52.26130653266332,9.547738693467336
E00012533,165,53,25,28,112,99,13,32.121212121212125,15.151515151515152,16.969696969696972,67.87878787878789,60,7.878787878787878
E00012534,159,51,21,30,108,89,19,32.075471698113205,13.20754716981132,18.867924528301888,67.9245283018868,55.9748427672956,11.949685534591195
E00012535,131,37,10,27,94,85,9,28.24427480916031,7.633587786259542,20.610687022900763,71.7557251908397,64.8854961832061,6.870229007633588
E00012537,181,53,21,32,128,112,16,29.2817679558011,11.602209944751381,17.67955801104972,70.71823204419888,61.87845303867403,8.83977900552486
E00012538,133,34,17,17,99,88,11,25.563909774436087,12.781954887218044,12.781954887218044,74.43609022556392,66.16541353383458,8.270676691729323
E00012539,120,30,11,19,90,78,12,25,9.166666666666666,15.833333333333332,75,65,10
E00012540,133,27,11,16,106,98,8,20.30075187969925,8.270676691729323,12.030075187969924,79.69924812030075,73.68421052631578,6.015037593984962
E00012542,197,47,14,33,150,130,20,23.85786802030457,7.1065989847715745,16.751269035532996,76.14213197969542,65.98984771573603,10.152284263959391
E00012543,182,42,20,22,140,125,15,23.076923076923077,10.989010989010989,12.087912087912088,76.92307692307693,68.68131868131869,8.241758241758241
E00012544,128,42,20,22,86,73,13,32.8125,15.625,17.1875,67.1875,57.03125,10.15625
E00012545,106,31,13,18,75,68,7,29.245283018867923,12.264150943396226,16.9811320754717,70.75471698113208,64.15094339622641,6.60377358490566
E00012546,76,26,7,19,50,45,5,34.21052631578947,9.210526315789473,25,65.78947368421053,59.210526315789465,6.578947368421052
E00012547,206,62,22,40,144,124,20,30.097087378640776,10.679611650485436,19.41747572815534,69.90291262135922,60.19417475728155,9.70873786407767
E00012548,110,34,16,18,76,60,16,30.909090909090907,14.545454545454545,16.363636363636363,69.0909090909091,54.54545454545454,14.545454545454545
E00012549,198,47,21,26,151,118,33,23.737373737373737,10.606060606060606,13.131313131313133,76.26262626262627,59.59595959595959,16.666666666666664
E00012550,270,53,25,28,217,184,33,19.62962962962963,9.25925925925926,10.37037037037037,80.37037037037037,68.14814814814815,12.222222222222221
E00012551,119,34,13,21,85,76,9,28.57142857142857,10.92436974789916,17.647058823529413,71.42857142857143,63.86554621848739,7.563025210084033
E00012552,165,43,22,21,122,107,15,26.060606060606062,13.333333333333334,12.727272727272727,73.93939393939394,64.84848484848484,9.090909090909092
E00012553,158,42,22,20,116,86,30,26.582278481012654,13.924050632911392,12.658227848101266,73.41772151898735,54.43037974683544,18.9873417721519
E00012554,226,46,20,26,180,155,25,20.353982300884958,8.849557522123893,11.504424778761061,79.64601769911505,68.58407079646017,11.061946902654867
E00012555,194,48,15,33,146,131,15,24.742268041237114,7.731958762886598,17.010309278350515,75.25773195876289,67.5257731958763,7.731958762886598
E00012556,136,44,14,30,92,83,9,32.35294117647059,10.294117647058822,22.058823529411764,67.64705882352942,61.029411764705884,6.61764705882353
E00012557,156,42,16,26,114,94,20,26.923076923076923,10.256410256410255,16.666666666666664,73.07692307692307,60.256410256410255,12.82051282051282
E00012558,105,29,7,22,76,73,3,27.61904761904762,6.666666666666667,20.952380952380953,72.38095238095238,69.52380952380952,2.857142857142857
E00012559,168,48,18,30,120,101,19,28.57142857142857,10.714285714285714,17.857142857142858,71.42857142857143,60.11904761904761,11.30952380952381
E00012560,197,67,34,33,130,108,22,34.01015228426396,17.258883248730964,16.751269035532996,65.98984771573603,54.82233502538071,11.16751269035533
E00012561,140,41,24,17,99,85,14,29.28571428571429,17.142857142857142,12.142857142857142,70.71428571428572,60.71428571428571,10
E00012562,141,38,14,24,103,84,19,26.95035460992908,9.929078014184398,17.02127659574468,73.04964539007092,59.57446808510638,13.47517730496454
E00012563,150,43,16,27,107,93,14,28.666666666666668,10.666666666666668,18,71.33333333333334,62,9.333333333333334
E00012564,248,179,113,66,69,60,9,72.17741935483872,45.564516129032256,26.61290322580645,27.82258064516129,24.193548387096776,3.6290322580645165
E00012565,133,99,50,49,34,32,2,74.43609022556392,37.59398496240601,36.84210526315789,25.563909774436087,24.06015037593985,1.5037593984962405
E00012566,133,47,17,30,86,78,8,35.338345864661655,12.781954887218044,22.55639097744361,64.66165413533834,58.64661654135338,6.015037593984962
E00012567,193,69,23,46,124,98,26,35.751295336787564,11.917098445595855,23.83419689119171,64.24870466321244,50.77720207253886,13.471502590673575
E00012568,126,40,11,29,86,73,13,31.746031746031743,8.73015873015873,23.015873015873016,68.25396825396825,57.936507936507944,10.317460317460316
E00012569,158,34,15,19,124,106,18,21.518987341772153,9.49367088607595,12.025316455696203,78.48101265822784,67.08860759493672,11.39240506329114
E00012570,197,46,17,29,151,129,22,23.3502538071066,8.629441624365482,14.720812182741117,76.6497461928934,65.48223350253807,11.16751269035533
E00012571,194,41,16,25,153,128,25,21.1340206185567,8.24742268041237,12.886597938144329,78.8659793814433,65.97938144329896,12.886597938144329
E00012572,184,46,15,31,138,126,12,25,8.152173913043478,16.847826086956523,75,68.47826086956522,6.521739130434782
E00012573,212,75,28,47,137,119,18,35.37735849056604,13.20754716981132,22.169811320754718,64.62264150943396,56.132075471698116,8.49056603773585
E00012574,258,55,25,30,203,172,31,21.31782945736434,9.689922480620156,11.627906976744185,78.68217054263566,66.66666666666666,12.015503875968992
E00012575,185,38,12,26,147,129,18,20.54054054054054,6.486486486486487,14.054054054054054,79.45945945945945,69.72972972972973,9.72972972972973
E00012576,164,46,13,33,118,103,15,28.04878048780488,7.926829268292683,20.121951219512198,71.95121951219512,62.80487804878049,9.146341463414634
E00012577,149,46,15,31,103,91,12,30.87248322147651,10.06711409395973,20.80536912751678,69.12751677852349,61.07382550335571,8.053691275167784
E00012578,169,61,20,41,108,90,18,36.09467455621302,11.834319526627219,24.2603550295858,63.905325443786985,53.25443786982249,10.650887573964498
E00012579,135,35,10,25,100,86,14,25.925925925925924,7.4074074074074066,18.51851851851852,74.07407407407408,63.70370370370371,10.37037037037037
E00012580,161,59,20,39,102,85,17,36.64596273291926,12.422360248447205,24.22360248447205,63.35403726708074,52.79503105590062,10.559006211180124
E00012581,52,13,5,8,39,32,7,25,9.615384615384617,15.384615384615385,75,61.53846153846154,13.461538461538462
E00012582,167,41,12,29,126,104,22,24.550898203592812,7.18562874251497,17.365269461077844,75.44910179640718,62.27544910179641,13.17365269461078
E00012583,153,36,14,22,117,105,12,23.52941176470588,9.15032679738562,14.37908496732026,76.47058823529412,68.62745098039215,7.8431372549019605
E00012584,188,56,24,32,132,109,23,29.78723404255319,12.76595744680851,17.02127659574468,70.2127659574468,57.97872340425532,12.23404255319149
E00012585,144,32,14,18,112,88,24,22.22222222222222,9.722222222222223,12.5,77.77777777777779,61.111111111111114,16.666666666666664
E00012587,151,35,15,20,116,96,20,23.178807947019866,9.933774834437086,13.245033112582782,76.82119205298014,63.576158940397356,13.245033112582782
E00012590,232,63,24,39,169,154,15,27.155172413793103,10.344827586206897,16.810344827586206,72.84482758620689,66.37931034482759,6.4655172413793105
E00012591,165,54,17,37,111,98,13,32.72727272727273,10.303030303030303,22.424242424242426,67.27272727272727,59.3939393939394,7.878787878787878
E00012592,165,40,15,25,125,109,16,24.242424242424242,9.090909090909092,15.151515151515152,75.75757575757575,66.06060606060606,9.696969696969697
E00012593,155,48,16,32,107,89,18,30.967741935483872,10.32258064516129,20.64516129032258,69.03225806451613,57.41935483870968,11.612903225806452
E00012594,185,54,24,30,131,117,14,29.18918918918919,12.972972972972974,16.216216216216218,70.8108108108108,63.24324324324324,7.567567567567568
E00012595,178,55,25,30,123,108,15,30.89887640449438,14.04494382022472,16.853932584269664,69.10112359550563,60.67415730337079,8.426966292134832
E00012596,153,43,15,28,110,96,14,28.104575163398692,9.803921568627452,18.30065359477124,71.89542483660131,62.745098039215684,9.15032679738562
E00012597,190,60,26,34,130,115,15,31.57894736842105,13.684210526315791,17.894736842105264,68.42105263157895,60.526315789473685,7.894736842105263
E00012599,182,46,14,32,136,115,21,25.274725274725274,7.6923076923076925,17.582417582417584,74.72527472527473,63.18681318681318,11.538461538461538
E00012600,160,33,12,21,127,107,20,20.625,7.5,13.125,79.375,66.875,12.5
E00012601,228,65,21,44,163,137,26,28.50877192982456,9.210526315789473,19.298245614035086,71.49122807017544,60.08771929824561,11.403508771929824
E00012602,196,43,14,29,153,117,36,21.93877551020408,7.142857142857142,14.795918367346939,78.06122448979592,59.693877551020414,18.367346938775512
E00012603,228,70,25,45,158,129,29,30.701754385964914,10.964912280701753,19.736842105263158,69.2982456140351,56.57894736842105,12.719298245614036
E00012604,135,39,18,21,96,81,15,28.888888888888886,13.333333333333334,15.555555555555555,71.11111111111111,60,11.11111111111111
E00012605,225,43,24,19,182,128,54,19.11111111111111,10.666666666666668,8.444444444444445,80.88888888888889,56.888888888888886,24
E00012606,273,59,26,33,214,167,47,21.611721611721613,9.523809523809524,12.087912087912088,78.3882783882784,61.172161172161175,17.216117216117215
E00012607,174,38,15,23,136,115,21,21.839080459770116,8.620689655172415,13.218390804597702,78.16091954022988,66.0919540229885,12.068965517241379
E00012608,149,35,13,22,114,95,19,23.48993288590604,8.724832214765101,14.76510067114094,76.51006711409396,63.758389261744966,12.751677852348994
E00012609,105,18,6,12,87,72,15,17.142857142857142,5.714285714285714,11.428571428571429,82.85714285714286,68.57142857142857,14.285714285714285
E00012610,132,34,12,22,98,89,9,25.757575757575758,9.090909090909092,16.666666666666664,74.24242424242425,67.42424242424242,6.8181818181818175
E00012611,142,40,13,27,102,83,19,28.169014084507044,9.15492957746479,19.014084507042252,71.83098591549296,58.45070422535211,13.380281690140844
E00012613,126,35,16,19,91,76,15,27.77777777777778,12.698412698412698,15.079365079365079,72.22222222222221,60.317460317460316,11.904761904761903
E00012614,190,25,8,17,165,136,29,13.157894736842104,4.2105263157894735,8.947368421052632,86.8421052631579,71.57894736842105,15.263157894736842
E00012615,136,31,17,14,105,85,20,22.794117647058822,12.5,10.294117647058822,77.20588235294117,62.5,14.705882352941178
E00012617,148,38,16,22,110,97,13,25.675675675675674,10.81081081081081,14.864864864864865,74.32432432432432,65.54054054054053,8.783783783783784
E00012618,183,54,23,31,129,110,19,29.508196721311474,12.568306010928962,16.939890710382514,70.49180327868852,60.10928961748634,10.382513661202186
E00012619,140,39,17,22,101,90,11,27.857142857142858,12.142857142857142,15.714285714285714,72.14285714285714,64.28571428571429,7.857142857142857
E00012621,110,35,10,25,75,64,11,31.818181818181817,9.090909090909092,22.727272727272727,68.18181818181817,58.18181818181818,10
E00012622,110,29,12,17,81,64,17,26.36363636363636,10.909090909090908,15.454545454545453,73.63636363636363,58.18181818181818,15.454545454545453
E00012623,116,37,15,22,79,67,12,31.896551724137932,12.931034482758621,18.96551724137931,68.10344827586206,57.758620689655174,10.344827586206897
E00012624,156,46,12,34,110,89,21,29.48717948717949,7.6923076923076925,21.794871794871796,70.51282051282051,57.05128205128205,13.461538461538462
E00012625,157,42,14,28,115,93,22,26.751592356687897,8.9171974522293,17.8343949044586,73.24840764331209,59.23566878980891,14.012738853503185
E00012626,134,42,15,27,92,83,9,31.343283582089555,11.194029850746269,20.149253731343283,68.65671641791045,61.940298507462686,6.7164179104477615
E00012627,134,43,17,26,91,82,9,32.08955223880597,12.686567164179104,19.402985074626866,67.91044776119402,61.19402985074627,6.7164179104477615
E00012628,156,31,9,22,125,109,16,19.871794871794872,5.769230769230769,14.102564102564102,80.12820512820514,69.87179487179486,10.256410256410255
E00012629,158,44,18,26,114,96,18,27.848101265822784,11.39240506329114,16.455696202531644,72.15189873417721,60.75949367088608,11.39240506329114
E00012630,159,39,10,29,120,102,18,24.528301886792452,6.289308176100629,18.238993710691823,75.47169811320755,64.15094339622641,11.320754716981133
E00012631,174,46,20,26,128,103,25,26.436781609195403,11.494252873563218,14.942528735632186,73.5632183908046,59.195402298850574,14.367816091954023
E00012632,164,43,12,31,121,103,18,26.21951219512195,7.317073170731707,18.902439024390244,73.78048780487805,62.80487804878049,10.975609756097562
E00012633,141,37,9,28,104,94,10,26.24113475177305,6.382978723404255,19.858156028368796,73.75886524822694,66.66666666666666,7.092198581560284
E00012634,114,36,17,19,78,59,19,31.57894736842105,14.912280701754385,16.666666666666664,68.42105263157895,51.75438596491229,16.666666666666664
E00012635,157,53,23,30,104,75,29,33.75796178343949,14.64968152866242,19.10828025477707,66.2420382165605,47.77070063694268,18.471337579617835
E00012636,169,41,21,20,128,107,21,24.2603550295858,12.42603550295858,11.834319526627219,75.7396449704142,63.31360946745562,12.42603550295858
E00012637,201,45,16,29,156,127,29,22.388059701492537,7.960199004975125,14.427860696517413,77.61194029850746,63.18407960199005,14.427860696517413
E00012638,237,61,23,38,176,137,39,25.738396624472575,9.70464135021097,16.033755274261605,74.26160337552743,57.80590717299579,16.455696202531644
E00012639,198,72,21,51,126,114,12,36.36363636363637,10.606060606060606,25.757575757575758,63.63636363636363,57.57575757575758,6.0606060606060606
E00012640,202,78,29,49,124,109,15,38.613861386138616,14.356435643564355,24.257425742574256,61.386138613861384,53.960396039603964,7.425742574257425
E00012641,184,53,15,38,131,122,9,28.804347826086957,8.152173913043478,20.652173913043477,71.19565217391305,66.30434782608695,4.891304347826087
E00012642,207,74,29,45,133,123,10,35.748792270531396,14.009661835748794,21.73913043478261,64.25120772946859,59.42028985507246,4.830917874396135
E00012643,135,43,14,29,92,82,10,31.851851851851855,10.37037037037037,21.48148148148148,68.14814814814815,60.74074074074074,7.4074074074074066
E00012644,166,51,13,38,115,101,14,30.72289156626506,7.83132530120482,22.89156626506024,69.27710843373494,60.8433734939759,8.433734939759036
E00012645,164,56,20,36,108,92,16,34.146341463414636,12.195121951219512,21.951219512195124,65.85365853658537,56.09756097560976,9.75609756097561
E00012646,186,51,14,37,135,125,10,27.419354838709676,7.526881720430108,19.892473118279568,72.58064516129032,67.20430107526882,5.376344086021505
E00012647,157,62,26,36,95,83,12,39.490445859872615,16.560509554140125,22.929936305732486,60.509554140127385,52.86624203821656,7.643312101910828
E00012648,186,70,18,52,116,108,8,37.634408602150536,9.67741935483871,27.956989247311824,62.365591397849464,58.06451612903226,4.301075268817205
E00012649,195,54,17,37,141,118,23,27.692307692307693,8.717948717948717,18.974358974358974,72.3076923076923,60.51282051282051,11.794871794871794
E00012650,158,59,20,39,99,84,15,37.34177215189873,12.658227848101266,24.68354430379747,62.65822784810127,53.16455696202531,9.49367088607595
E00012651,211,69,22,47,142,131,11,32.70142180094787,10.42654028436019,22.274881516587676,67.29857819905213,62.08530805687204,5.213270142180095
E00012652,159,45,18,27,114,100,14,28.30188679245283,11.320754716981133,16.9811320754717,71.69811320754717,62.893081761006286,8.80503144654088
E00012653,184,87,27,60,97,86,11,47.28260869565217,14.673913043478262,32.608695652173914,52.71739130434783,46.73913043478261,5.978260869565218
E00012654,138,30,11,19,108,98,10,21.73913043478261,7.971014492753622,13.768115942028986,78.26086956521739,71.01449275362319,7.246376811594203
E00012656,138,50,15,35,88,78,10,36.231884057971016,10.869565217391305,25.36231884057971,63.76811594202898,56.52173913043478,7.246376811594203
E00012657,147,51,17,34,96,88,8,34.69387755102041,11.564625850340136,23.12925170068027,65.3061224489796,59.863945578231295,5.442176870748299
E00012658,180,63,27,36,117,103,14,35,15,20,65,57.22222222222222,7.777777777777778
E00012659,187,77,21,56,110,94,16,41.17647058823529,11.229946524064172,29.946524064171122,58.82352941176471,50.26737967914438,8.55614973262032
E00012660,159,49,18,31,110,99,11,30.81761006289308,11.320754716981133,19.49685534591195,69.18238993710692,62.264150943396224,6.918238993710692
E00012661,126,55,22,33,71,65,6,43.65079365079365,17.46031746031746,26.190476190476193,56.34920634920635,51.587301587301596,4.761904761904762
E00012662,163,43,20,23,120,107,13,26.380368098159508,12.269938650306749,14.11042944785276,73.61963190184049,65.6441717791411,7.975460122699387
E00012663,178,69,29,40,109,94,15,38.764044943820224,16.292134831460675,22.47191011235955,61.23595505617978,52.80898876404494,8.426966292134832
E00012664,141,40,17,23,101,85,16,28.368794326241137,12.056737588652481,16.312056737588655,71.63120567375887,60.28368794326241,11.347517730496454
E00012665,155,57,20,37,98,91,7,36.774193548387096,12.903225806451612,23.870967741935484,63.2258064516129,58.70967741935483,4.516129032258064
E00012666,169,47,9,38,122,110,12,27.810650887573964,5.325443786982249,22.485207100591715,72.18934911242604,65.08875739644971,7.100591715976331
E00012667,131,41,11,30,90,83,7,31.297709923664126,8.396946564885496,22.900763358778626,68.70229007633588,63.358778625954194,5.343511450381679
E00012668,165,48,16,32,117,102,15,29.09090909090909,9.696969696969697,19.393939393939394,70.9090909090909,61.81818181818181,9.090909090909092
E00012669,155,61,16,45,94,82,12,39.35483870967742,10.32258064516129,29.03225806451613,60.64516129032258,52.903225806451616,7.741935483870968
E00012670,145,56,15,41,89,84,5,38.62068965517241,10.344827586206897,28.27586206896552,61.37931034482759,57.931034482758626,3.4482758620689653
E00012671,143,34,8,26,109,99,10,23.776223776223777,5.594405594405594,18.181818181818183,76.22377622377621,69.23076923076923,6.993006993006993
E00012672,128,40,16,24,88,81,7,31.25,12.5,18.75,68.75,63.28125,5.46875
E00012673,139,41,15,26,98,86,12,29.496402877697843,10.79136690647482,18.705035971223023,70.50359712230215,61.87050359712231,8.633093525179856
E00012674,136,31,12,19,105,91,14,22.794117647058822,8.823529411764707,13.970588235294118,77.20588235294117,66.91176470588235,10.294117647058822
E00012675,133,39,18,21,94,87,7,29.32330827067669,13.533834586466165,15.789473684210526,70.67669172932331,65.41353383458647,5.263157894736842
E00012676,122,32,14,18,90,85,5,26.229508196721312,11.475409836065573,14.754098360655737,73.77049180327869,69.67213114754098,4.098360655737705
E00012677,120,22,7,15,98,91,7,18.333333333333332,5.833333333333333,12.5,81.66666666666667,75.83333333333333,5.833333333333333
E00012678,188,58,19,39,130,120,10,30.851063829787233,10.106382978723403,20.74468085106383,69.14893617021278,63.829787234042556,5.319148936170213
E00012679,138,28,13,15,110,97,13,20.28985507246377,9.420289855072465,10.869565217391305,79.71014492753623,70.28985507246377,9.420289855072465
E00012680,136,33,10,23,103,92,11,24.264705882352942,7.352941176470589,16.911764705882355,75.73529411764706,67.64705882352942,8.088235294117647
E00012681,163,36,14,22,127,110,17,22.085889570552148,8.588957055214724,13.496932515337424,77.91411042944786,67.48466257668711,10.429447852760736
E00012682,207,46,15,31,161,146,15,22.22222222222222,7.246376811594203,14.975845410628018,77.77777777777779,70.53140096618358,7.246376811594203
E00012683,229,73,27,46,156,138,18,31.877729257641924,11.790393013100436,20.087336244541483,68.12227074235808,60.26200873362445,7.860262008733625
E00012684,148,38,12,26,110,91,19,25.675675675675674,8.108108108108109,17.56756756756757,74.32432432432432,61.48648648648649,12.837837837837837
E00012685,132,41,18,23,91,81,10,31.060606060606062,13.636363636363635,17.424242424242426,68.93939393939394,61.36363636363637,7.575757575757576
E00012686,186,57,17,40,129,107,22,30.64516129032258,9.13978494623656,21.50537634408602,69.35483870967742,57.52688172043011,11.827956989247312
E00012687,188,54,16,38,134,119,15,28.723404255319153,8.51063829787234,20.212765957446805,71.27659574468085,63.297872340425535,7.9787234042553195
E00012688,274,53,18,35,221,193,28,19.34306569343066,6.569343065693431,12.773722627737227,80.65693430656934,70.43795620437956,10.218978102189782
E00012689,162,40,16,24,122,107,15,24.691358024691358,9.876543209876543,14.814814814814813,75.30864197530865,66.0493827160494,9.25925925925926
E00012690,175,65,19,46,110,93,17,37.142857142857146,10.857142857142858,26.285714285714285,62.857142857142854,53.142857142857146,9.714285714285714
E00012691,273,70,25,45,203,175,28,25.64102564102564,9.157509157509157,16.483516483516482,74.35897435897436,64.1025641025641,10.256410256410255
E00012692,287,81,23,58,206,183,23,28.222996515679444,8.013937282229964,20.209059233449477,71.77700348432056,63.76306620209059,8.013937282229964
E00012693,201,57,18,39,144,121,23,28.35820895522388,8.955223880597014,19.402985074626866,71.64179104477611,60.19900497512438,11.442786069651742
E00012694,160,42,11,31,118,97,21,26.25,6.875000000000001,19.375,73.75,60.62499999999999,13.125
E00012695,224,55,19,36,169,145,24,24.553571428571427,8.482142857142858,16.071428571428573,75.44642857142857,64.73214285714286,10.714285714285714
E00012696,162,37,9,28,125,113,12,22.839506172839506,5.555555555555555,17.28395061728395,77.1604938271605,69.75308641975309,7.4074074074074066
E00012697,237,52,19,33,185,147,38,21.940928270042196,8.016877637130802,13.924050632911392,78.05907172995781,62.0253164556962,16.033755274261605
E00012698,296,47,11,36,249,223,26,15.878378378378377,3.7162162162162162,12.162162162162163,84.12162162162163,75.33783783783784,8.783783783783784
E00012700,183,47,17,30,136,122,14,25.683060109289617,9.289617486338798,16.39344262295082,74.31693989071039,66.66666666666666,7.650273224043716
E00012703,63,23,4,19,40,37,3,36.507936507936506,6.349206349206349,30.158730158730158,63.49206349206349,58.730158730158735,4.761904761904762
E00012704,191,71,27,44,120,100,20,37.17277486910995,14.136125654450263,23.036649214659686,62.82722513089005,52.35602094240838,10.471204188481675
E00012705,158,44,14,30,114,103,11,27.848101265822784,8.860759493670885,18.9873417721519,72.15189873417721,65.18987341772153,6.962025316455696
E00012706,215,66,12,54,149,137,12,30.697674418604652,5.5813953488372094,25.116279069767444,69.30232558139535,63.72093023255814,5.5813953488372094
E00012707,176,63,25,38,113,95,18,35.79545454545455,14.204545454545455,21.59090909090909,64.20454545454545,53.97727272727273,10.227272727272728
E00012708,146,36,15,21,110,88,22,24.65753424657534,10.273972602739725,14.383561643835616,75.34246575342466,60.273972602739725,15.068493150684931
E00012709,103,16,6,10,87,74,13,15.53398058252427,5.825242718446602,9.70873786407767,84.46601941747572,71.84466019417476,12.62135922330097
E00012710,139,29,10,19,110,99,11,20.863309352517987,7.1942446043165464,13.66906474820144,79.13669064748201,71.22302158273382,7.913669064748201
E00012711,132,51,15,36,81,69,12,38.63636363636363,11.363636363636363,27.27272727272727,61.36363636363637,52.27272727272727,9.090909090909092
E00012712,139,43,13,30,96,86,10,30.935251798561154,9.352517985611511,21.58273381294964,69.06474820143885,61.87050359712231,7.1942446043165464
E00165802,162,43,12,31,119,102,17,26.543209876543212,7.4074074074074066,19.1358024691358,73.4567901234568,62.96296296296296,10.493827160493826
E00176455,160,31,12,19,129,109,20,19.375,7.5,11.875,80.625,68.125,12.5
E00176456,257,181,117,64,76,69,7,70.42801556420234,45.525291828793776,24.90272373540856,29.571984435797667,26.848249027237355,2.7237354085603114
E00176457,163,51,23,28,112,96,16,31.28834355828221,14.11042944785276,17.177914110429448,68.71165644171779,58.895705521472394,9.815950920245399
E00176458,191,64,28,36,127,115,12,33.50785340314136,14.659685863874344,18.848167539267017,66.49214659685863,60.20942408376963,6.282722513089005
E00176459,93,20,6,14,73,62,11,21.50537634408602,6.451612903225806,15.053763440860216,78.49462365591397,66.66666666666666,11.827956989247312
E00176460,193,42,12,30,151,135,16,21.761658031088082,6.217616580310881,15.544041450777202,78.23834196891191,69.94818652849742,8.290155440414509
E00176461,137,35,16,19,102,88,14,25.547445255474454,11.678832116788321,13.86861313868613,74.45255474452554,64.23357664233576,10.218978102189782
E00176462,165,44,17,27,121,108,13,26.666666666666668,10.303030303030303,16.363636363636363,73.33333333333333,65.45454545454545,7.878787878787878
E00176463,143,40,16,24,103,91,12,27.972027972027973,11.188811188811188,16.783216783216783,72.02797202797203,63.63636363636363,8.391608391608392
E00176464,188,38,18,20,150,130,20,20.212765957446805,9.574468085106384,10.638297872340425,79.7872340425532,69.14893617021278,10.638297872340425
E00176465,209,62,14,48,147,126,21,29.665071770334926,6.698564593301436,22.966507177033492,70.33492822966507,60.28708133971292,10.047846889952153
E00176471,173,47,14,33,126,102,24,27.167630057803464,8.092485549132949,19.07514450867052,72.83236994219652,58.95953757225434,13.872832369942195
E00176472,154,41,12,29,113,91,22,26.623376623376622,7.792207792207792,18.83116883116883,73.37662337662337,59.09090909090909,14.285714285714285
E00176473,142,35,15,20,107,93,14,24.647887323943664,10.56338028169014,14.084507042253522,75.35211267605634,65.49295774647888,9.859154929577464
E00176474,198,35,15,20,163,142,21,17.67676767676768,7.575757575757576,10.1010101010101,82.32323232323232,71.71717171717171,10.606060606060606
E00176475,201,36,14,22,165,142,23,17.91044776119403,6.965174129353234,10.945273631840797,82.08955223880598,70.64676616915423,11.442786069651742
E00176476,55,18,8,10,37,30,7,32.72727272727273,14.545454545454545,18.181818181818183,67.27272727272727,54.54545454545454,12.727272727272727
E00176477,210,54,32,22,156,135,21,25.71428571428571,15.238095238095239,10.476190476190476,74.28571428571429,64.28571428571429,10
E00176478,71,24,8,16,47,41,6,33.80281690140845,11.267605633802818,22.535211267605636,66.19718309859155,57.74647887323944,8.450704225352112
E00176479,194,38,11,27,156,126,30,19.587628865979383,5.670103092783505,13.917525773195877,80.41237113402062,64.94845360824742,15.463917525773196
E00176480,105,33,9,24,72,59,13,31.428571428571427,8.571428571428571,22.857142857142858,68.57142857142857,56.19047619047619,12.380952380952381
E00176481,140,32,19,13,108,95,13,22.857142857142858,13.571428571428571,9.285714285714286,77.14285714285715,67.85714285714286,9.285714285714286
E00176482,170,48,21,27,122,98,24,28.235294117647058,12.352941176470589,15.88235294117647,71.76470588235294,57.647058823529406,14.117647058823529
E00176483,86,14,6,8,72,51,21,16.27906976744186,6.976744186046512,9.30232558139535,83.72093023255815,59.30232558139535,24.418604651162788
E00184388,191,39,11,28,152,141,11,20.418848167539267,5.7591623036649215,14.659685863874344,79.58115183246073,73.82198952879581,5.7591623036649215
E00184393,309,58,24,34,251,219,32,18.77022653721683,7.766990291262135,11.003236245954692,81.22977346278317,70.87378640776699,10.355987055016183
E00184395,83,14,4,10,69,65,4,16.867469879518072,4.819277108433735,12.048192771084338,83.13253012048193,78.3132530120482,4.819277108433735
E00184396,199,40,17,23,159,144,15,20.100502512562816,8.542713567839195,11.557788944723619,79.89949748743719,72.36180904522614,7.537688442211055
E00184398,65,13,6,7,52,36,16,20,9.230769230769232,10.76923076923077,80,55.38461538461539,24.615384615384617
E00184404,278,77,32,45,201,169,32,27.697841726618705,11.510791366906476,16.18705035971223,72.3021582733813,60.79136690647482,11.510791366906476
E00184405,191,31,11,20,160,139,21,16.230366492146597,5.7591623036649215,10.471204188481675,83.7696335078534,72.77486910994764,10.99476439790576
E00184409,187,51,18,33,136,111,25,27.27272727272727,9.62566844919786,17.647058823529413,72.72727272727273,59.35828877005348,13.368983957219251
E00184410,340,86,32,54,254,232,22,25.294117647058822,9.411764705882353,15.88235294117647,74.70588235294117,68.23529411764706,6.470588235294119
E00184412,114,9,2,7,105,90,15,7.894736842105263,1.7543859649122806,6.140350877192982,92.10526315789474,78.94736842105263,13.157894736842104
E00184414,136,34,11,23,102,90,12,25,8.088235294117647,16.911764705882355,75,66.17647058823529,8.823529411764707
E00184415,142,23,5,18,119,102,17,16.19718309859155,3.5211267605633805,12.676056338028168,83.80281690140845,71.83098591549296,11.971830985915492
E00184416,308,62,25,37,246,199,47,20.12987012987013,8.116883116883116,12.012987012987013,79.87012987012987,64.6103896103896,15.259740259740258
E00184417,214,74,19,55,140,122,18,34.57943925233645,8.878504672897195,25.70093457943925,65.42056074766354,57.009345794392516,8.411214953271028
E00184419,198,25,11,14,173,156,17,12.626262626262626,5.555555555555555,7.07070707070707,87.37373737373737,78.78787878787878,8.585858585858585
E00184421,21,10,4,6,11,11,0,47.61904761904761,19.047619047619047,28.57142857142857,52.38095238095239,52.38095238095239,0
E00184422,59,10,2,8,49,41,8,16.94915254237288,3.389830508474576,13.559322033898304,83.05084745762711,69.49152542372882,13.559322033898304
E00184423,84,24,14,10,60,51,9,28.57142857142857,16.666666666666664,11.904761904761903,71.42857142857143,60.71428571428571,10.714285714285714
E00184424,153,25,5,20,128,106,22,16.33986928104575,3.2679738562091507,13.071895424836603,83.66013071895425,69.28104575163398,14.37908496732026
E00184425,80,15,4,11,65,61,4,18.75,5,13.750000000000002,81.25,76.25,5
E00184433,277,90,33,57,187,159,28,32.49097472924188,11.913357400722022,20.577617328519857,67.50902527075813,57.400722021660656,10.108303249097473
E00184435,67,28,5,23,39,34,5,41.7910447761194,7.462686567164178,34.32835820895522,58.2089552238806,50.74626865671642,7.462686567164178
E00184438,173,31,19,12,142,125,17,17.91907514450867,10.982658959537572,6.9364161849710975,82.08092485549133,72.25433526011561,9.826589595375722
E00184439,200,36,14,22,164,141,23,18,7.000000000000001,11,82,70.5,11.5
E00184444,268,68,28,40,200,184,16,25.37313432835821,10.44776119402985,14.925373134328357,74.6268656716418,68.65671641791045,5.970149253731343
E00184445,95,19,10,9,76,68,8,20,10.526315789473683,9.473684210526317,80,71.57894736842105,8.421052631578947
E00184448,211,64,28,36,147,138,9,30.33175355450237,13.270142180094787,17.061611374407583,69.66824644549763,65.40284360189574,4.265402843601896
E00184449,219,75,23,52,144,127,17,34.24657534246575,10.50228310502283,23.74429223744292,65.75342465753424,57.99086757990868,7.76255707762557
E00184453,341,62,23,39,279,239,40,18.181818181818183,6.744868035190615,11.436950146627565,81.81818181818183,70.08797653958945,11.730205278592376
E00184455,173,35,10,25,138,128,10,20.23121387283237,5.780346820809249,14.450867052023122,79.76878612716763,73.98843930635837,5.780346820809249
E00184456,104,38,16,22,66,58,8,36.53846153846153,15.384615384615385,21.153846153846153,63.46153846153846,55.769230769230774,7.6923076923076925
E00184457,287,50,11,39,237,209,28,17.421602787456447,3.8327526132404177,13.588850174216027,82.57839721254355,72.82229965156795,9.75609756097561
E00184458,293,41,18,23,252,224,28,13.993174061433447,6.143344709897611,7.849829351535837,86.00682593856655,76.45051194539249,9.556313993174061
E00184459,223,31,14,17,192,165,27,13.901345291479823,6.278026905829597,7.623318385650224,86.09865470852019,73.99103139013454,12.10762331838565
E00184461,51,17,6,11,34,29,5,33.33333333333333,11.76470588235294,21.568627450980394,66.66666666666666,56.86274509803921,9.803921568627452
E00184462,159,37,15,22,122,104,18,23.270440251572328,9.433962264150944,13.836477987421384,76.72955974842768,65.40880503144653,11.320754716981133
E00184463,110,41,13,28,69,57,12,37.27272727272727,11.818181818181818,25.454545454545453,62.727272727272734,51.81818181818182,10.909090909090908
E00184465,150,31,14,17,119,109,10,20.666666666666668,9.333333333333334,11.333333333333332,79.33333333333333,72.66666666666667,6.666666666666667
E00184466,77,19,9,10,58,50,8,24.675324675324674,11.688311688311687,12.987012987012985,75.32467532467533,64.93506493506493,10.38961038961039
E00184468,111,17,8,9,94,84,10,15.315315315315313,7.207207207207207,8.108108108108109,84.68468468468468,75.67567567567568,9.00900900900901
E00184471,94,11,5,6,83,76,7,11.702127659574469,5.319148936170213,6.382978723404255,88.29787234042553,80.85106382978722,7.446808510638298
E00184474,59,7,0,7,52,44,8,11.864406779661017,0,11.864406779661017,88.13559322033898,74.57627118644068,13.559322033898304
E00184475,237,71,25,46,166,146,20,29.957805907172997,10.548523206751055,19.40928270042194,70.042194092827,61.60337552742617,8.438818565400844
E00184476,85,30,13,17,55,51,4,35.294117647058826,15.294117647058824,20,64.70588235294117,60,4.705882352941177
E00184477,110,52,17,35,58,53,5,47.27272727272727,15.454545454545453,31.818181818181817,52.72727272727272,48.18181818181818,4.545454545454546
E00184478,183,33,17,16,150,135,15,18.0327868852459,9.289617486338798,8.743169398907105,81.9672131147541,73.77049180327869,8.19672131147541
E00184479,73,9,2,7,64,56,8,12.32876712328767,2.73972602739726,9.58904109589041,87.67123287671232,76.71232876712328,10.95890410958904
E00184484,267,57,23,34,210,185,25,21.34831460674157,8.614232209737828,12.734082397003746,78.65168539325843,69.28838951310861,9.363295880149813
E00184485,115,18,7,11,97,86,11,15.65217391304348,6.086956521739131,9.565217391304348,84.34782608695653,74.78260869565217,9.565217391304348
E00184486,236,63,20,43,173,152,21,26.69491525423729,8.47457627118644,18.220338983050848,73.30508474576271,64.40677966101694,8.898305084745763
E00184487,56,12,1,11,44,33,11,21.428571428571427,1.7857142857142856,19.642857142857142,78.57142857142857,58.92857142857143,19.642857142857142
E00184495,93,39,16,23,54,47,7,41.935483870967744,17.20430107526882,24.731182795698924,58.06451612903226,50.53763440860215,7.526881720430108
E00184496,274,84,36,48,190,146,44,30.656934306569344,13.138686131386862,17.51824817518248,69.34306569343066,53.284671532846716,16.05839416058394
E00184497,244,47,20,27,197,170,27,19.262295081967213,8.19672131147541,11.065573770491802,80.73770491803278,69.67213114754098,11.065573770491802
E00184500,71,18,10,8,53,44,9,25.352112676056336,14.084507042253522,11.267605633802818,74.64788732394366,61.97183098591549,12.676056338028168
E00184502,161,48,19,29,113,101,12,29.81366459627329,11.801242236024844,18.012422360248447,70.1863354037267,62.732919254658384,7.453416149068323
E00184504,241,55,28,27,186,171,15,22.821576763485478,11.618257261410788,11.20331950207469,77.17842323651453,70.95435684647303,6.224066390041494
E00184505,73,26,13,13,47,40,7,35.61643835616438,17.80821917808219,17.80821917808219,64.38356164383562,54.794520547945204,9.58904109589041
E00184507,277,69,26,43,208,182,26,24.90974729241877,9.386281588447654,15.523465703971121,75.09025270758123,65.70397111913357,9.386281588447654
E00184510,66,14,6,8,52,48,4,21.21212121212121,9.090909090909092,12.121212121212121,78.78787878787878,72.72727272727273,6.0606060606060606
E00184511,239,38,18,20,201,179,22,15.899581589958158,7.531380753138076,8.368200836820083,84.10041841004184,74.89539748953975,9.205020920502092
E00184515,221,72,19,53,149,135,14,32.57918552036199,8.597285067873303,23.981900452488688,67.42081447963801,61.085972850678736,6.334841628959276
E00184516,173,32,14,18,141,120,21,18.497109826589593,8.092485549132949,10.404624277456648,81.5028901734104,69.36416184971098,12.138728323699421
E00184517,132,21,7,14,111,92,19,15.909090909090908,5.303030303030303,10.606060606060606,84.0909090909091,69.6969696969697,14.393939393939394
E00184519,103,25,14,11,78,64,14,24.271844660194176,13.592233009708737,10.679611650485436,75.72815533980582,62.13592233009708,13.592233009708737
E00184521,136,30,7,23,106,95,11,22.058823529411764,5.147058823529411,16.911764705882355,77.94117647058823,69.85294117647058,8.088235294117647
E00184524,139,41,12,29,98,90,8,29.496402877697843,8.633093525179856,20.863309352517987,70.50359712230215,64.74820143884892,5.755395683453238
E00184525,81,28,8,20,53,52,1,34.5679012345679,9.876543209876543,24.691358024691358,65.4320987654321,64.19753086419753,1.2345679012345678
E00184526,250,43,16,27,207,180,27,17.2,6.4,10.8,82.8,72,10.8
E00184527,106,35,12,23,71,64,7,33.0188679245283,11.320754716981133,21.69811320754717,66.98113207547169,60.37735849056604,6.60377358490566
E00184528,196,27,16,11,169,147,22,13.77551020408163,8.16326530612245,5.612244897959184,86.22448979591837,75,11.224489795918368
E00184530,215,30,11,19,185,131,54,13.953488372093023,5.116279069767442,8.837209302325581,86.04651162790698,60.93023255813953,25.116279069767444
E00184531,296,70,29,41,226,192,34,23.64864864864865,9.797297297297296,13.85135135135135,76.35135135135135,64.86486486486487,11.486486486486488
E00184534,105,10,1,9,95,83,12,9.523809523809524,0.9523809523809524,8.571428571428571,90.47619047619048,79.04761904761905,11.428571428571429
E00184535,103,20,6,14,83,72,11,19.41747572815534,5.825242718446602,13.592233009708737,80.58252427184466,69.90291262135922,10.679611650485436
E00184538,90,20,8,12,70,63,7,22.22222222222222,8.88888888888889,13.333333333333334,77.77777777777779,70,7.777777777777778
E00184539,65,14,7,7,51,40,11,21.53846153846154,10.76923076923077,10.76923076923077,78.46153846153847,61.53846153846154,16.923076923076923
