OA,ts0380001,ts0380002,ts0380003,ts0380004,ts0380005,ts0380006,ts0380007,ts0380002_PCT,ts0380003_PCT,ts0380004_PCT,ts0380005_PCT,ts0380006_PCT,ts0380007_PCT
E00011941,463,49,21,28,414,22,392,10.583153347732182,4.535637149028078,6.047516198704104,89.41684665226782,4.751619870410368,84.66522678185746
E00011942,547,56,27,29,491,12,479,10.23765996343693,4.93601462522852,5.301645338208409,89.76234003656307,2.1937842778793417,87.56855575868373
E00011943,483,60,26,34,423,17,406,12.422360248447205,5.383022774327122,7.039337474120083,87.5776397515528,3.5196687370600417,84.05797101449275
E00011944,501,44,20,24,457,18,439,8.78243512974052,3.992015968063872,4.790419161676647,91.21756487025948,3.592814371257485,87.62475049900199
E00011945,498,58,32,26,440,17,423,11.646586345381527,6.425702811244979,5.220883534136546,88.35341365461848,3.413654618473896,84.93975903614458
E00011946,409,32,19,13,377,19,358,7.823960880195599,4.645476772616137,3.1784841075794623,92.1760391198044,4.645476772616137,87.53056234718827
E00011947,372,44,29,15,328,10,318,11.827956989247312,7.795698924731183,4.032258064516129,88.17204301075269,2.6881720430107525,85.48387096774194
E00011948,458,42,16,26,416,22,394,9.170305676855897,3.4934497816593884,5.676855895196507,90.82969432314411,4.8034934497816595,86.02620087336244
E00011949,439,45,19,26,394,23,371,10.250569476082005,4.328018223234624,5.922551252847381,89.749430523918,5.239179954441914,84.51025056947609
E00011950,502,42,14,28,460,14,446,8.366533864541832,2.788844621513944,5.577689243027888,91.63346613545816,2.788844621513944,88.84462151394422
E00011951,472,49,24,25,423,14,409,10.38135593220339,5.084745762711865,5.296610169491525,89.61864406779661,2.9661016949152543,86.65254237288136
E00011952,405,37,14,23,368,12,356,9.135802469135802,3.45679012345679,5.679012345679013,90.8641975308642,2.9629629629629632,87.90123456790123
E00011953,433,63,36,27,370,15,355,14.549653579676674,8.314087759815243,6.235565819861432,85.45034642032333,3.4642032332563506,81.98614318706697
E00011954,484,54,26,28,430,16,414,11.15702479338843,5.371900826446281,5.785123966942149,88.84297520661157,3.3057851239669422,85.53719008264463
E00011955,420,38,16,22,382,14,368,9.047619047619047,3.8095238095238098,5.238095238095238,90.95238095238095,3.3333333333333335,87.61904761904762
E00011956,479,43,16,27,436,15,421,8.977035490605429,3.3402922755741122,5.6367432150313155,91.02296450939458,3.1315240083507305,87.89144050104383
E00011957,484,50,22,28,434,19,415,10.330578512396695,4.545454545454546,5.785123966942149,89.6694214876033,3.925619834710744,85.74380165289256
E00011958,419,43,16,27,376,14,362,10.26252983293556,3.8186157517899764,6.443914081145586,89.73747016706443,3.341288782816229,86.39618138424821
E00011959,491,71,33,38,420,12,408,14.460285132382891,6.720977596741344,7.739307535641547,85.539714867617107,2.4439918533604885,83.09572301425662
E00011960,376,67,35,32,309,11,298,17.819148936170212,9.308510638297872,8.51063829787234,82.18085106382979,2.925531914893617,79.25531914893617
E00011961,361,58,32,26,303,14,289,16.06648199445983,8.86426592797784,7.202216066481995,83.93351800554017,3.8781163434903045,80.05540166204986
E00011962,431,56,24,32,375,17,358,12.993039443155451,5.56844547563805,7.424593967517401,87.00696055684455,3.944315545243619,83.06264501160094
E00011963,322,58,30,28,264,16,248,18.012422360248447,9.316770186335404,8.695652173913043,81.98757763975155,4.968944099378882,77.01863354037268
E00011964,442,67,30,37,375,14,361,15.158371040723981,6.787330316742081,8.3710407239819,84.84162895927602,3.167420814479638,81.67420814479638
E00011965,416,50,16,34,366,24,342,12.01923076923077,3.8461538461538463,8.173076923076923,87.98076923076923,5.769230769230769,82.21153846153845
E00011966,346,42,25,17,304,14,290,12.138728323699421,7.225433526011561,4.913294797687861,87.861271676300575,4.046242774566474,83.8150289017341
E00011967,430,42,22,20,388,21,367,9.767441860465116,5.116279069767442,4.651162790697675,90.23255813953487,4.883720930232558,85.34883720930233
E00011968,496,69,40,29,427,18,409,13.911290322580644,8.064516129032258,5.846774193548387,86.08870967741935,3.6290322580645165,82.45967741935483
E00011969,350,29,10,19,321,16,305,8.285714285714285,2.857142857142857,5.428571428571429,91.71428571428571,4.571428571428571,87.14285714285714
E00011970,438,46,21,25,392,13,379,10.50228310502283,4.794520547945205,5.707762557077626,89.49771689497716,2.968036529680365,86.5296803652968
E00011971,452,48,23,25,404,16,388,10.619469026548673,5.0884955752212395,5.530973451327434,89.38053097345133,3.5398230088495577,85.84070796460178
E00011972,296,46,19,27,250,14,236,15.54054054054054,6.418918918918918,9.121621621621621,84.45945945945947,4.72972972972973,79.72972972972973
E00011973,426,66,30,36,360,16,344,15.492957746478872,7.042253521126761,8.450704225352112,84.50704225352112,3.755868544600939,80.75117370892019
E00011974,504,25,9,16,479,16,463,4.9603174603174605,1.7857142857142856,3.1746031746031744,95.03968253968253,3.1746031746031744,91.86507936507937
E00011975,451,75,39,36,376,16,360,16.62971175166297,8.647450110864744,7.982261640798225,83.37028824833703,3.5476718403547673,79.82261640798227
E00011977,429,43,19,24,386,17,369,10.023310023310025,4.428904428904429,5.594405594405594,89.97668997668997,3.9627039627039626,86.01398601398601
E00011978,541,78,31,47,463,19,444,14.417744916820702,5.730129390018484,8.687615526802219,85.58225508317929,3.512014787430684,82.0702402957486
E00011979,362,29,9,20,333,11,322,8.011049723756907,2.4861878453038675,5.524861878453039,91.9889502762431,3.0386740331491713,88.95027624309392
E00011980,534,66,26,40,468,18,450,12.359550561797752,4.868913857677903,7.490636704119851,87.64044943820225,3.3707865168539324,84.26966292134831
E00011982,441,36,19,17,405,11,394,8.16326530612245,4.308390022675737,3.8548752834467117,91.83673469387756,2.494331065759637,89.34240362811792
E00011984,500,119,90,29,381,21,360,23.799999999999997,18,5.800000000000001,76.2,4.2,72
E00011986,370,89,62,27,281,12,269,24.054054054054056,16.756756756756758,7.297297297297297,75.94594594594595,3.2432432432432434,72.70270270270271
E00011987,386,40,21,19,346,11,335,10.362694300518134,5.4404145077720205,4.922279792746114,89.63730569948186,2.849740932642487,86.78756476683938
E00011988,273,41,24,17,232,15,217,15.018315018315018,8.791208791208792,6.227106227106227,84.98168498168498,5.4945054945054945,79.48717948717949
E00011989,396,48,23,25,348,15,333,12.121212121212121,5.808080808080808,6.313131313131313,87.87878787878788,3.787878787878788,84.0909090909091
E00011990,384,53,31,22,331,11,320,13.802083333333334,8.072916666666668,5.729166666666666,86.19791666666666,2.864583333333333,83.33333333333334
E00011991,463,54,28,26,409,28,381,11.663066954643629,6.047516198704104,5.615550755939525,88.33693304535637,6.047516198704104,82.28941684665226
E00011992,411,54,22,32,357,18,339,13.138686131386862,5.35279805352798,7.785888077858881,86.86131386861314,4.37956204379562,82.48175182481752
E00011993,544,52,18,34,492,18,474,9.558823529411764,3.308823529411765,6.25,90.44117647058823,3.308823529411765,87.13235294117648
E00011994,443,54,26,28,389,20,369,12.18961625282167,5.8690744920993225,6.320541760722348,87.81038374717834,4.514672686230249,83.29571106094808
E00011995,486,56,29,27,430,18,412,11.522633744855968,5.967078189300412,5.555555555555555,88.47736625514403,3.7037037037037033,84.77366255144034
E00011996,497,67,34,33,430,15,415,13.480885311871226,6.841046277665996,6.639839034205232,86.51911468812877,3.0181086519114686,83.5010060362173
E00011997,419,60,29,31,359,26,333,14.319809069212411,6.921241050119331,7.398568019093078,85.68019093078759,6.205250596658711,79.47494033412887
E00011998,402,73,33,40,329,15,314,18.1592039800995,8.208955223880597,9.950248756218906,81.8407960199005,3.731343283582089,78.1094527363184
E00011999,375,54,27,27,321,11,310,14.399999999999999,7.199999999999999,7.199999999999999,85.6,2.933333333333333,82.66666666666667
E00012000,306,49,26,23,257,12,245,16.013071895424837,8.49673202614379,7.516339869281046,83.98692810457517,3.9215686274509802,80.06535947712419
E00012001,381,42,24,18,339,6,333,11.023622047244094,6.299212598425196,4.724409448818897,88.9763779527559,1.574803149606299,87.4015748031496
E00012003,485,62,26,36,423,16,407,12.783505154639174,5.360824742268041,7.422680412371134,87.21649484536083,3.2989690721649487,83.91752577319588
E00012004,341,69,38,31,272,18,254,20.234604105571847,11.143695014662756,9.090909090909092,79.76539589442815,5.278592375366569,74.48680351906158
E00012005,434,46,25,21,388,17,371,10.599078341013826,5.76036866359447,4.838709677419355,89.40092165898618,3.9170506912442393,85.48387096774194
E00012006,475,62,28,34,413,14,399,13.052631578947368,5.894736842105263,7.157894736842104,86.94736842105263,2.9473684210526314,84
E00012007,299,55,31,24,244,12,232,18.394648829431436,10.367892976588628,8.02675585284281,81.60535117056857,4.013377926421405,77.59197324414716
E00012008,462,42,22,20,420,27,393,9.090909090909092,4.761904761904762,4.329004329004329,90.9090909090909,5.844155844155844,85.06493506493507
E00012009,397,61,29,32,336,15,321,15.365239294710328,7.304785894206549,8.060453400503778,84.63476070528966,3.7783375314861463,80.85642317380352
E00012010,439,63,36,27,376,15,361,14.350797266514807,8.200455580865604,6.150341685649203,85.6492027334852,3.416856492027335,82.23234624145786
E00012011,425,54,21,33,371,17,354,12.705882352941176,4.941176470588235,7.764705882352942,87.29411764705883,4,83.29411764705881
E00012012,335,39,10,29,296,13,283,11.641791044776118,2.9850746268656714,8.656716417910449,88.35820895522389,3.880597014925373,84.4776119402985
E00012013,259,36,22,14,223,16,207,13.8996138996139,8.494208494208493,5.405405405405405,86.10038610038609,6.177606177606178,79.92277992277992
E00012015,311,33,14,19,278,8,270,10.610932475884244,4.501607717041801,6.109324758842444,89.38906752411575,2.572347266881029,86.81672025723472
E00012016,441,72,30,42,369,24,345,16.3265306122449,6.802721088435375,9.523809523809524,83.6734693877551,5.442176870748299,78.2312925170068
E00012017,380,45,13,32,335,28,307,11.842105263157894,3.421052631578948,8.421052631578947,88.1578947368421,7.368421052631578,80.78947368421052
E00012018,551,75,31,44,476,15,461,13.611615245009073,5.626134301270418,7.985480943738657,86.38838475499092,2.722323049001815,83.66606170598911
E00012019,434,61,23,38,373,18,355,14.055299539170507,5.299539170506913,8.755760368663594,85.9447004608295,4.147465437788019,81.79723502304147
E00012020,318,36,10,26,282,14,268,11.320754716981133,3.1446540880503147,8.176100628930817,88.67924528301887,4.40251572327044,84.27672955974843
E00012021,380,47,17,30,333,18,315,12.368421052631579,4.473684210526316,7.894736842105263,87.63157894736841,4.736842105263158,82.89473684210526
E00012023,612,53,22,31,559,35,524,8.660130718954248,3.594771241830065,5.065359477124183,91.33986928104575,5.718954248366013,85.62091503267973
E00012024,432,67,39,28,365,23,342,15.50925925925926,9.027777777777777,6.481481481481481,84.49074074074075,5.324074074074074,79.16666666666666
E00012025,266,57,27,30,209,12,197,21.428571428571427,10.150375939849624,11.278195488721805,78.57142857142857,4.511278195488721,74.06015037593986
E00012026,375,53,15,38,322,20,302,14.133333333333335,4,10.133333333333333,85.86666666666667,5.333333333333334,80.53333333333333
E00012027,342,51,19,32,291,21,270,14.912280701754385,5.555555555555555,9.35672514619883,85.08771929824562,6.140350877192982,78.94736842105263
E00012028,338,45,23,22,293,18,275,13.313609467455622,6.8047337278106506,6.508875739644971,86.68639053254438,5.325443786982249,81.36094674556213
E00012029,440,72,34,38,368,25,343,16.363636363636363,7.727272727272727,8.636363636363637,83.63636363636363,5.681818181818182,77.95454545454545
E00012030,335,42,16,26,293,21,272,12.53731343283582,4.776119402985075,7.761194029850746,87.46268656716418,6.26865671641791,81.19402985074626
E00012031,289,61,33,28,228,14,214,21.10726643598616,11.418685121107266,9.688581314878892,78.89273356401384,4.844290657439446,74.0484429065744
E00012032,348,60,30,30,288,15,273,17.24137931034483,8.620689655172415,8.620689655172415,82.75862068965517,4.310344827586207,78.44827586206897
E00012033,341,66,22,44,275,20,255,19.35483870967742,6.451612903225806,12.903225806451612,80.64516129032258,5.865102639296188,74.7800586510264
E00012034,470,69,29,40,401,31,370,14.680851063829786,6.170212765957447,8.51063829787234,85.31914893617021,6.595744680851063,78.72340425531915
E00012035,334,44,17,27,290,11,279,13.17365269461078,5.089820359281437,8.08383233532934,86.82634730538922,3.293413173652695,83.53293413173652
E00012036,400,48,28,20,352,22,330,12,7.000000000000001,5,88,5.5,82.5
E00012037,340,61,27,34,279,17,262,17.941176470588236,7.941176470588235,10,82.05882352941177,5,77.05882352941177
E00012038,354,60,29,31,294,16,278,16.94915254237288,8.192090395480225,8.757062146892656,83.05084745762711,4.519774011299435,78.53107344632768
E00012039,342,53,30,23,289,24,265,15.497076023391813,8.771929824561402,6.725146198830409,84.50292397660819,7.017543859649122,77.48538011695906
E00012040,295,38,20,18,257,9,248,12.88135593220339,6.779661016949152,6.101694915254238,87.11864406779661,3.050847457627119,84.06779661016948
E00012041,301,38,6,32,263,16,247,12.624584717607974,1.9933554817275747,10.631229235880399,87.37541528239203,5.3156146179401995,82.05980066445183
E00012042,347,63,27,36,284,24,260,18.155619596541786,7.780979827089338,10.37463976945245,81.84438040345822,6.9164265129683,74.92795389048992
E00012043,226,37,14,23,189,19,170,16.371681415929203,6.1946902654867255,10.176991150442479,83.6283185840708,8.4070796460177,75.22123893805309
E00012044,302,46,19,27,256,21,235,15.2317880794702,6.291390728476822,8.940397350993377,84.76821192052981,6.95364238410596,77.81456953642383
E00012045,332,44,24,20,288,18,270,13.253012048192772,7.228915662650602,6.024096385542169,86.74698795180723,5.421686746987952,81.32530120481928
E00012046,378,60,27,33,318,23,295,15.873015873015872,7.142857142857142,8.73015873015873,84.12698412698413,6.084656084656085,78.04232804232805
E00012047,326,37,10,27,289,25,264,11.349693251533742,3.067484662576687,8.282208588957054,88.65030674846625,7.668711656441718,80.98159509202453
E00012048,330,38,9,29,292,24,268,11.515151515151516,2.727272727272727,8.787878787878787,88.48484848484848,7.2727272727272725,81.21212121212122
E00012049,285,55,33,22,230,16,214,19.298245614035086,11.578947368421053,7.719298245614035,80.7017543859649,5.614035087719298,75.08771929824562
E00012050,396,94,33,61,302,14,288,23.737373737373737,8.333333333333332,15.404040404040403,76.26262626262627,3.535353535353535,72.72727272727273
E00012051,325,38,11,27,287,23,264,11.692307692307692,3.3846153846153846,8.307692307692308,88.3076923076923,7.076923076923077,81.23076923076923
E00012052,319,63,26,37,256,19,237,19.74921630094044,8.150470219435736,11.598746081504702,80.25078369905955,5.956112852664576,74.29467084639498
E00012053,367,41,12,29,326,17,309,11.1716621253406,3.2697547683923704,7.901907356948229,88.8283378746594,4.632152588555858,84.19618528610354
E00012054,328,24,6,18,304,32,272,7.317073170731707,1.8292682926829267,5.487804878048781,92.6829268292683,9.75609756097561,82.92682926829268
E00012055,297,33,16,17,264,8,256,11.11111111111111,5.387205387205387,5.723905723905724,88.88888888888889,2.6936026936026933,86.19528619528619
E00012056,323,44,18,26,279,16,263,13.622291021671826,5.572755417956656,8.04953560371517,86.37770897832817,4.953560371517028,81.42414860681114
E00012057,335,46,23,23,289,18,271,13.73134328358209,6.865671641791045,6.865671641791045,86.26865671641791,5.3731343283582085,80.8955223880597
E00012058,350,47,15,32,303,34,269,13.428571428571429,4.285714285714286,9.142857142857142,86.57142857142858,9.714285714285714,76.85714285714286
E00012059,381,45,16,29,336,27,309,11.811023622047244,4.199475065616798,7.611548556430446,88.18897637795276,7.086614173228346,81.10236220472441
E00012060,363,38,17,21,325,31,294,10.46831955922865,4.683195592286501,5.785123966942149,89.53168044077135,8.539944903581267,80.99173553719008
E00012061,356,34,14,20,322,21,301,9.550561797752808,3.932584269662921,5.617977528089887,90.4494382022472,5.8988764044943816,84.5505617977528
E00012062,366,38,16,22,328,18,310,10.382513661202186,4.371584699453552,6.0109289617486334,89.61748633879782,4.918032786885246,84.69945355191257
E00012063,485,47,14,33,438,26,412,9.690721649484537,2.88659793814433,6.804123711340206,90.30927835051547,5.360824742268041,84.94845360824742
E00012064,323,40,12,28,283,26,257,12.38390092879257,3.7151702786377707,8.6687306501548,87.61609907120743,8.04953560371517,79.56656346749226
E00012065,335,35,14,21,300,16,284,10.44776119402985,4.179104477611941,6.26865671641791,89.55223880597015,4.776119402985075,84.77611940298507
E00012066,362,35,11,24,327,17,310,9.668508287292818,3.0386740331491713,6.629834254143646,90.33149171270718,4.696132596685083,85.6353591160221
E00012067,337,42,19,23,295,17,278,12.462908011869436,5.637982195845697,6.824925816023739,87.53709198813057,5.044510385756676,82.49258160237389
E00012068,316,31,12,19,285,20,265,9.81012658227848,3.79746835443038,6.012658227848101,90.18987341772153,6.329113924050633,83.86075949367088
E00012069,372,58,18,40,314,20,294,15.591397849462366,4.838709677419355,10.75268817204301,84.40860215053763,5.376344086021505,79.03225806451613
E00012070,273,35,11,24,238,15,223,12.82051282051282,4.029304029304029,8.791208791208792,87.17948717948718,5.4945054945054945,81.68498168498168
E00012071,334,50,15,35,284,19,265,14.97005988023952,4.491017964071856,10.479041916167663,85.02994011976048,5.688622754491018,79.34131736526946
E00012072,369,37,14,23,332,21,311,10.02710027100271,3.7940379403794036,6.233062330623306,89.97289972899729,5.691056910569105,84.28184281842819
E00012073,353,52,28,24,301,24,277,14.730878186968837,7.932011331444759,6.79886685552408,85.26912181303116,6.79886685552408,78.47025495750708
E00012074,284,45,21,24,239,18,221,15.845070422535212,7.394366197183098,8.450704225352112,84.15492957746478,6.338028169014084,77.8169014084507
E00012075,402,46,13,33,356,25,331,11.442786069651742,3.233830845771144,8.208955223880597,88.55721393034825,6.218905472636816,82.33830845771143
E00012076,372,55,15,40,317,21,296,14.78494623655914,4.032258064516129,10.75268817204301,85.21505376344086,5.64516129032258,79.56989247311827
E00012077,280,28,10,18,252,18,234,10,3.571428571428571,6.428571428571428,90,6.428571428571428,83.57142857142857
E00012078,364,41,20,21,323,18,305,11.263736263736265,5.4945054945054945,5.769230769230769,88.73626373626374,4.945054945054945,83.79120879120879
E00012079,459,41,17,24,418,19,399,8.932461873638346,3.7037037037037033,5.228758169934641,91.06753812636165,4.139433551198257,86.9281045751634
E00012080,446,61,29,32,385,23,362,13.67713004484305,6.502242152466367,7.174887892376682,86.32286995515696,5.15695067264574,81.16591928251121
E00012081,384,33,9,24,351,21,330,8.59375,2.34375,6.25,91.40625,5.46875,85.9375
E00012082,366,46,22,24,320,9,311,12.568306010928962,6.0109289617486334,6.557377049180328,87.43169398907104,2.459016393442623,84.97267759562843
E00012083,359,49,27,22,310,13,297,13.649025069637883,7.520891364902507,6.128133704735376,86.35097493036211,3.6211699164345403,82.72980501392759
E00012084,550,62,31,31,488,25,463,11.272727272727273,5.636363636363637,5.636363636363637,88.72727272727273,4.545454545454546,84.18181818181819
E00012085,435,47,23,24,388,20,368,10.804597701149426,5.287356321839081,5.517241379310345,89.19540229885058,4.597701149425287,84.59770114942529
E00012086,373,27,7,20,346,12,334,7.238605898123325,1.876675603217158,5.361930294906166,92.76139410187668,3.2171581769436997,89.54423592493298
E00012087,467,42,24,18,425,28,397,8.993576017130621,5.139186295503212,3.854389721627409,91.00642398286938,5.995717344753747,85.01070663811564
E00012088,403,58,25,33,345,19,326,14.392059553349876,6.20347394540943,8.188585607940446,85.60794044665012,4.714640198511166,80.89330024813896
E00012089,393,24,8,16,369,18,351,6.106870229007633,2.035623409669211,4.071246819338422,93.89312977099237,4.580152671755725,89.31297709923665
E00012090,303,48,22,26,255,8,247,15.841584158415841,7.2607260726072615,8.58085808580858,84.15841584158416,2.6402640264026402,81.51815181518151
E00012091,401,58,27,31,343,17,326,14.463840399002494,6.733167082294264,7.73067331670823,85.53615960099751,4.239401496259352,81.29675810473816
E00012092,461,62,25,37,399,19,380,13.449023861171366,5.42299349240781,8.026030368763557,86.55097613882863,4.121475054229935,82.4295010845987
E00012093,405,38,16,22,367,27,340,9.382716049382717,3.950617283950617,5.432098765432099,90.61728395061729,6.666666666666667,83.9506172839506
E00012094,367,44,18,26,323,18,305,11.989100817438691,4.904632152588556,7.084468664850137,88.0108991825613,4.904632152588556,83.10626702997274
E00012095,373,33,8,25,340,20,320,8.847184986595174,2.1447721179624666,6.702412868632708,91.15281501340483,5.361930294906166,85.79088471849866
E00012096,375,39,17,22,336,16,320,10.4,4.533333333333333,5.866666666666666,89.60000000000001,4.266666666666667,85.33333333333334
E00012097,410,33,17,16,377,22,355,8.048780487804878,4.146341463414634,3.902439024390244,91.95121951219512,5.365853658536586,86.58536585365853
E00012098,423,40,21,19,383,14,369,9.456264775413711,4.964539007092199,4.491725768321513,90.54373522458629,3.309692671394799,87.2340425531915
E00012099,439,118,73,45,321,22,299,26.879271070615037,16.62870159453303,10.250569476082005,73.12072892938497,5.0113895216400905,68.10933940774487
E00012100,409,45,23,22,364,18,346,11.00244498777506,5.623471882640587,5.378973105134474,88.99755501222494,4.400977995110025,84.59657701711491
E00012101,325,28,7,21,297,10,287,8.615384615384615,2.1538461538461537,6.461538461538462,91.38461538461539,3.076923076923077,88.3076923076923
E00012102,361,53,28,25,308,19,289,14.681440443213297,7.756232686980609,6.9252077562326875,85.3185595567867,5.263157894736842,80.05540166204986
E00012103,239,37,17,20,202,7,195,15.481171548117153,7.112970711297072,8.368200836820083,84.51882845188284,2.928870292887029,81.58995815899581
E00012104,405,34,15,19,371,23,348,8.395061728395062,3.7037037037037033,4.691358024691358,91.60493827160494,5.679012345679013,85.92592592592592
E00012105,398,51,18,33,347,7,340,12.814070351758794,4.522613065326634,8.291457286432161,87.1859296482412,1.7587939698492463,85.42713567839196
E00012106,504,67,25,42,437,16,421,13.293650793650794,4.9603174603174605,8.333333333333332,86.70634920634922,3.1746031746031744,83.53174603174604
E00012107,420,47,17,30,373,17,356,11.190476190476192,4.0476190476190474,7.142857142857142,88.80952380952381,4.0476190476190474,84.76190476190476
E00012108,420,47,21,26,373,13,360,11.190476190476192,5,6.190476190476191,88.80952380952381,3.0952380952380953,85.71428571428571
E00012109,409,56,19,37,353,24,329,13.691931540342297,4.645476772616137,9.04645476772616,86.3080684596577,5.8679706601467,80.440097799511
E00012110,352,46,16,30,306,14,292,13.068181818181818,4.545454545454546,8.522727272727272,86.93181818181817,3.977272727272727,82.95454545454545
E00012111,405,26,8,18,379,14,365,6.419753086419753,1.9753086419753085,4.444444444444445,93.58024691358024,3.45679012345679,90.12345679012346
E00012112,316,62,27,35,254,17,237,19.62025316455696,8.544303797468354,11.075949367088606,80.37974683544303,5.379746835443038,75
E00012114,327,45,13,32,282,24,258,13.761467889908257,3.9755351681957185,9.785932721712538,86.23853211009175,7.339449541284404,78.89908256880734
E00012115,301,42,16,26,259,13,246,13.953488372093023,5.3156146179401995,8.637873754152823,86.04651162790698,4.318936877076411,81.72757475083057
E00012116,321,31,7,24,290,24,266,9.657320872274143,2.1806853582554515,7.476635514018691,90.34267912772586,7.476635514018691,82.86604361370716
E00012117,324,43,17,26,281,28,253,13.271604938271606,5.246913580246913,8.024691358024691,86.72839506172839,8.641975308641975,78.08641975308642
E00012118,334,43,13,30,291,29,262,12.874251497005988,3.8922155688622757,8.982035928143713,87.12574850299401,8.682634730538922,78.44311377245509
E00012119,342,35,13,22,307,16,291,10.23391812865497,3.8011695906432745,6.432748538011696,89.76608187134502,4.678362573099415,85.08771929824562
E00012120,259,47,9,38,212,21,191,18.146718146718147,3.474903474903475,14.671814671814673,81.85328185328186,8.108108108108109,73.74517374517374
E00012121,363,41,18,23,322,23,299,11.294765840220386,4.958677685950414,6.336088154269973,88.70523415977961,6.336088154269973,82.36914600550963
E00012122,306,36,15,21,270,24,246,11.76470588235294,4.901960784313726,6.862745098039216,88.23529411764706,7.8431372549019605,80.3921568627451
E00012123,369,43,15,28,326,21,305,11.653116531165312,4.0650406504065035,7.588075880758807,88.34688346883469,5.691056910569105,82.65582655826557
E00012124,326,42,11,31,284,22,262,12.883435582822086,3.374233128834356,9.509202453987731,87.11656441717791,6.748466257668712,80.3680981595092
E00012126,371,53,22,31,318,16,302,14.285714285714285,5.929919137466308,8.355795148247978,85.71428571428571,4.31266846361186,81.40161725067385
E00012127,280,44,17,27,236,20,216,15.714285714285714,6.071428571428571,9.642857142857144,84.28571428571429,7.142857142857142,77.14285714285715
E00012128,375,29,7,22,346,21,325,7.733333333333333,1.866666666666667,5.866666666666666,92.26666666666667,5.6000000000000005,86.66666666666667
E00012129,370,38,9,29,332,24,308,10.27027027027027,2.4324324324324325,7.837837837837839,89.72972972972974,6.486486486486487,83.24324324324324
E00012130,350,36,15,21,314,15,299,10.285714285714285,4.285714285714286,6,89.71428571428571,4.285714285714286,85.42857142857143
E00012131,459,61,22,39,398,30,368,13.28976034858388,4.793028322440087,8.49673202614379,86.71023965141612,6.535947712418301,80.17429193899783
E00012132,300,50,21,29,250,16,234,16.666666666666664,7.000000000000001,9.666666666666666,83.33333333333334,5.333333333333334,78
E00012133,299,41,18,23,258,14,244,13.712374581939798,6.0200668896321075,7.6923076923076925,86.2876254180602,4.682274247491638,81.60535117056857
E00012134,332,53,20,33,279,22,257,15.963855421686745,6.024096385542169,9.939759036144578,84.03614457831326,6.626506024096386,77.40963855421687
E00012135,267,44,21,23,223,17,206,16.479400749063668,7.865168539325842,8.614232209737828,83.52059925093633,6.367041198501873,77.15355805243446
E00012136,277,51,14,37,226,22,204,18.4115523465704,5.054151624548736,13.357400722021662,81.58844765342961,7.9422382671480145,73.6462093862816
E00012137,219,49,21,28,170,24,146,22.37442922374429,9.58904109589041,12.785388127853881,77.6255707762557,10.95890410958904,66.66666666666666
E00012138,298,53,21,32,245,19,226,17.78523489932886,7.046979865771812,10.738255033557047,82.21476510067114,6.375838926174497,75.83892617449665
E00012139,372,65,17,48,307,21,286,17.473118279569892,4.56989247311828,12.903225806451612,82.52688172043011,5.64516129032258,76.88172043010752
E00012140,353,41,14,27,312,35,277,11.614730878186968,3.9660056657223794,7.64872521246459,88.38526912181302,9.91501416430595,78.47025495750708
E00012141,286,24,6,18,262,14,248,8.391608391608392,2.097902097902098,6.293706293706294,91.6083916083916,4.895104895104895,86.7132867132867
E00012142,325,63,34,29,262,12,250,19.384615384615383,10.461538461538462,8.923076923076923,80.61538461538461,3.6923076923076925,76.92307692307693
E00012143,326,34,16,18,292,21,271,10.429447852760736,4.9079754601226995,5.521472392638037,89.57055214723927,6.441717791411043,83.12883435582822
E00012144,351,46,17,29,305,31,274,13.105413105413104,4.843304843304843,8.262108262108262,86.8945868945869,8.831908831908832,78.06267806267806
E00012145,407,38,13,25,369,45,324,9.336609336609335,3.194103194103194,6.142506142506143,90.66339066339066,11.056511056511056,79.60687960687962
E00012146,372,77,35,42,295,12,283,20.698924731182796,9.408602150537634,11.29032258064516,79.3010752688172,3.225806451612903,76.0752688172043
E00012147,351,55,21,34,296,22,274,15.669515669515668,5.982905982905983,9.686609686609685,84.33048433048434,6.267806267806268,78.06267806267806
E00012148,212,38,17,21,174,9,165,17.92452830188679,8.018867924528301,9.90566037735849,82.0754716981132,4.245283018867925,77.83018867924528
E00012149,323,46,21,25,277,17,260,14.241486068111456,6.5015479876160995,7.739938080495357,85.75851393188854,5.263157894736842,80.4953560371517
E00012150,300,54,20,34,246,26,220,18,6.666666666666667,11.333333333333332,82,8.666666666666668,73.33333333333333
E00012151,468,94,45,49,374,26,348,20.085470085470085,9.615384615384617,10.47008547008547,79.91452991452992,5.555555555555555,74.35897435897436
E00012152,483,111,53,58,372,32,340,22.981366459627328,10.973084886128365,12.008281573498964,77.01863354037268,6.625258799171843,70.39337474120083
E00012153,298,48,22,26,250,5,245,16.10738255033557,7.38255033557047,8.724832214765101,83.89261744966443,1.6778523489932886,82.21476510067114
E00012154,311,51,29,22,260,21,239,16.39871382636656,9.32475884244373,7.07395498392283,83.60128617363344,6.752411575562702,76.84887459807074
E00012155,165,29,15,14,136,8,128,17.575757575757574,9.090909090909092,8.484848484848486,82.42424242424242,4.848484848484849,77.57575757575758
E00012156,409,67,32,35,342,25,317,16.381418092909534,7.823960880195599,8.557457212713937,83.61858190709046,6.112469437652812,77.50611246943765
E00012157,209,51,24,27,158,17,141,24.401913875598087,11.483253588516746,12.918660287081341,75.5980861244019,8.133971291866029,67.46411483253588
E00012158,254,32,9,23,222,19,203,12.598425196850393,3.543307086614173,9.05511811023622,87.4015748031496,7.480314960629922,79.92125984251969
E00012159,234,55,32,23,179,17,162,23.504273504273502,13.675213675213676,9.82905982905983,76.49572649572649,7.264957264957266,69.23076923076923
E00012160,327,63,22,41,264,11,253,19.26605504587156,6.727828746177369,12.538226299694188,80.73394495412845,3.3639143730886847,77.37003058103976
E00012161,270,53,16,37,217,25,192,19.62962962962963,5.9259259259259265,13.703703703703704,80.37037037037037,9.25925925925926,71.11111111111111
E00012162,327,47,20,27,280,14,266,14.37308868501529,6.116207951070336,8.256880733944955,85.62691131498471,4.281345565749235,81.34556574923548
E00012163,329,73,35,38,256,28,228,22.188449848024316,10.638297872340425,11.55015197568389,77.81155015197568,8.51063829787234,69.30091185410335
E00012164,346,42,16,26,304,21,283,12.138728323699421,4.624277456647398,7.514450867052023,87.861271676300575,6.069364161849711,81.79190751445087
E00012165,296,37,10,27,259,17,242,12.5,3.3783783783783785,9.121621621621621,87.5,5.743243243243244,81.75675675675676
E00012166,277,32,5,27,245,24,221,11.552346570397113,1.8050541516245486,9.747292418772563,88.4476534296029,8.664259927797833,79.78339350180505
E00012167,376,42,10,32,334,24,310,11.170212765957446,2.6595744680851063,8.51063829787234,88.82978723404256,6.382978723404255,82.4468085106383
E00012168,215,54,20,34,161,14,147,25.116279069767444,9.30232558139535,15.813953488372093,74.88372093023256,6.511627906976744,68.37209302325581
E00012169,310,21,14,7,289,23,266,6.774193548387098,4.516129032258064,2.258064516129032,93.2258064516129,7.419354838709677,85.80645161290322
E00012170,302,49,26,23,253,14,239,16.225165562913908,8.609271523178808,7.6158940397351,83.77483443708608,4.635761589403973,79.13907284768213
E00012171,359,56,28,28,303,34,269,15.598885793871867,7.7994428969359335,7.7994428969359335,84.40111420612814,9.47075208913649,74.93036211699165
E00012172,303,52,21,31,251,16,235,17.16171617161716,6.9306930693069315,10.231023102310232,82.83828382838284,5.2805280528052805,77.55775577557755
E00012173,311,44,19,25,267,25,242,14.14790996784566,6.109324758842444,8.038585209003216,85.85209003215434,8.038585209003216,77.81350482315112
E00012174,334,49,20,29,285,17,268,14.67065868263473,5.9880239520958085,8.682634730538922,85.32934131736528,5.089820359281437,80.23952095808383
E00012175,353,47,20,27,306,9,297,13.314447592067987,5.6657223796034,7.64872521246459,86.68555240793201,2.5495750708215295,84.13597733711048
E00012176,228,44,22,22,184,14,170,19.298245614035086,9.649122807017543,9.649122807017543,80.7017543859649,6.140350877192982,74.56140350877193
E00012177,485,34,17,17,451,21,430,7.010309278350515,3.5051546391752577,3.5051546391752577,92.98969072164948,4.329896907216495,88.65979381443299
E00012178,330,31,19,12,299,14,285,9.393939393939393,5.757575757575758,3.6363636363636362,90.6060606060606,4.242424242424243,86.36363636363636
E00012179,285,56,16,40,229,23,206,19.649122807017545,5.614035087719298,14.035087719298245,80.35087719298247,8.070175438596491,72.28070175438597
E00012180,349,41,21,20,308,12,296,11.74785100286533,6.017191977077363,5.730659025787966,88.25214899713467,3.4383954154727796,84.81375358166189
E00012181,451,46,19,27,405,17,388,10.199556541019955,4.212860310421286,5.986696230598669,89.80044345898004,3.7694013303769403,86.0310421286031
E00012182,411,31,12,19,380,15,365,7.542579075425791,2.9197080291970803,4.622871046228711,92.45742092457421,3.64963503649635,88.80778588807786
E00012183,428,40,20,20,388,13,375,9.345794392523365,4.672897196261682,4.672897196261682,90.65420560747664,3.0373831775700935,87.61682242990653
E00012184,364,37,16,21,327,21,306,10.164835164835164,4.395604395604396,5.769230769230769,89.83516483516483,5.769230769230769,84.06593406593407
E00012185,346,60,27,33,286,18,268,17.341040462427745,7.803468208092486,9.53757225433526,82.65895953757226,5.202312138728324,77.45664739884393
E00012186,460,36,11,25,424,8,416,7.82608695652174,2.391304347826087,5.434782608695652,92.17391304347827,1.7391304347826086,90.43478260869566
E00012187,483,41,18,23,442,11,431,8.488612836438923,3.7267080745341614,4.761904761904762,91.51138716356108,2.2774327122153206,89.23395445134575
E00012188,536,48,19,29,488,10,478,8.955223880597014,3.544776119402985,5.410447761194029,91.04477611940298,1.8656716417910446,89.17910447761194
E00012189,371,34,15,19,337,11,326,9.164420485175203,4.0431266846361185,5.121293800539084,90.83557951482479,2.964959568733154,87.87061994609164
E00012190,385,36,16,20,349,13,336,9.35064935064935,4.1558441558441555,5.194805194805195,90.64935064935065,3.3766233766233764,87.27272727272727
E00012191,460,44,22,22,416,20,396,9.565217391304348,4.782608695652174,4.782608695652174,90.43478260869566,4.3478260869565215,86.08695652173914
E00012192,438,47,15,32,391,12,379,10.730593607305936,3.4246575342465753,7.30593607305936,89.26940639269407,2.73972602739726,86.5296803652968
E00012194,388,46,17,29,342,13,329,11.855670103092782,4.381443298969072,7.474226804123711,88.14432989690721,3.350515463917526,84.79381443298969
E00012195,349,37,21,16,312,15,297,10.601719197707736,6.017191977077363,4.584527220630372,89.39828080229226,4.297994269340974,85.10028653295129
E00012196,472,39,13,26,433,13,420,8.26271186440678,2.754237288135593,5.508474576271186,91.73728813559322,2.754237288135593,88.98305084745762
E00012197,482,53,27,26,429,14,415,10.995850622406639,5.601659751037345,5.394190871369295,89.00414937759335,2.904564315352697,86.09958506224066
E00012198,358,44,23,21,314,16,298,12.290502793296088,6.424581005586592,5.865921787709497,87.70949720670392,4.4692737430167595,83.24022346368714
E00012199,397,42,19,23,355,20,335,10.579345088161208,4.785894206549118,5.793450881612091,89.4206549118388,5.037783375314862,84.38287153652394
E00012200,416,36,14,22,380,15,365,8.653846153846153,3.3653846153846154,5.288461538461538,91.34615384615384,3.6057692307692304,87.74038461538461
E00012201,428,37,17,20,391,11,380,8.644859813084112,3.9719626168224296,4.672897196261682,91.35514018691589,2.570093457943925,88.78504672897196
E00012202,365,38,10,28,327,7,320,10.41095890410959,2.73972602739726,7.671232876712329,89.58904109589041,1.9178082191780823,87.67123287671232
E00012203,423,41,13,28,382,19,363,9.692671394799055,3.0732860520094563,6.619385342789598,90.30732860520094,4.491725768321513,85.81560283687944
E00012204,295,55,25,30,240,14,226,18.64406779661017,8.47457627118644,10.16949152542373,81.35593220338984,4.745762711864407,76.61016949152543
E00012205,328,33,19,14,295,12,283,10.060975609756099,5.7926829268292686,4.2682926829268295,89.9390243902439,3.6585365853658534,86.28048780487805
E00012206,404,37,15,22,367,20,347,9.158415841584159,3.7128712871287126,5.445544554455446,90.84158415841584,4.9504950495049505,85.89108910891089
E00012207,420,59,28,31,361,25,336,14.047619047619047,6.666666666666667,7.380952380952381,85.95238095238096,5.952380952380952,80
E00012208,293,51,29,22,242,11,231,17.4061433447099,9.897610921501707,7.508532423208192,82.5938566552901,3.754266211604096,78.839590443686
E00012209,382,51,26,25,331,14,317,13.350785340314136,6.806282722513089,6.544502617801047,86.64921465968587,3.664921465968586,82.98429319371728
E00012210,425,106,57,49,319,21,298,24.941176470588236,13.411764705882353,11.529411764705882,75.05882352941177,4.941176470588235,70.11764705882354
E00012211,401,54,20,34,347,21,326,13.466334164588527,4.987531172069826,8.478802992518704,86.53366583541147,5.236907730673317,81.29675810473816
E00012212,381,63,27,36,318,18,300,16.535433070866144,7.086614173228346,9.448818897637794,83.46456692913385,4.724409448818897,78.74015748031496
E00012213,400,65,30,35,335,20,315,16.25,7.5,8.75,83.75,5,78.75
E00012214,371,39,19,20,332,26,306,10.512129380053908,5.121293800539084,5.3908355795148255,89.4878706199461,7.008086253369273,82.47978436657682
E00012215,327,28,13,15,299,17,282,8.56269113149847,3.9755351681957185,4.587155963302752,91.43730886850153,5.198776758409786,86.23853211009175
E00012216,337,42,18,24,295,20,275,12.462908011869436,5.341246290801187,7.121661721068249,87.53709198813057,5.934718100890208,81.60237388724035
E00012217,412,46,18,28,366,20,346,11.165048543689322,4.368932038834951,6.796116504854369,88.83495145631069,4.854368932038835,83.98058252427184
E00012218,373,49,15,34,324,17,307,13.136729222520108,4.021447721179625,9.115281501340483,86.8632707774799,4.557640750670242,82.30563002680965
E00012219,289,39,12,27,250,15,235,13.494809688581316,4.1522491349480966,9.342560553633218,86.50519031141869,5.190311418685121,81.31487889273356
E00012220,360,42,17,25,318,15,303,11.666666666666666,4.722222222222222,6.944444444444445,88.33333333333333,4.166666666666666,84.16666666666667
E00012221,355,57,30,27,298,17,281,16.056338028169016,8.450704225352112,7.605633802816901,83.94366197183099,4.788732394366197,79.15492957746478
E00012222,342,40,15,25,302,15,287,11.695906432748536,4.385964912280701,7.309941520467836,88.30409356725146,4.385964912280701,83.91812865497076
E00012223,439,74,32,42,365,11,354,16.856492027334852,7.289293849658314,9.567198177676538,83.14350797266515,2.5056947608200453,80.6378132118451
E00012224,329,52,29,23,277,12,265,15.80547112462006,8.814589665653495,6.990881458966565,84.19452887537993,3.64741641337386,80.54711246200608
E00012225,351,77,45,32,274,24,250,21.937321937321936,12.82051282051282,9.116809116809117,78.06267806267806,6.837606837606838,71.22507122507122
E00012226,352,91,51,40,261,24,237,25.85227272727273,14.488636363636365,11.363636363636363,74.14772727272727,6.8181818181818175,67.32954545454545
E00012227,357,49,16,33,308,23,285,13.725490196078432,4.481792717086835,9.243697478991598,86.27450980392157,6.442577030812324,79.83193277310924
E00012228,464,52,22,30,412,16,396,11.206896551724139,4.741379310344827,6.4655172413793105,88.79310344827587,3.4482758620689653,85.34482758620689
E00012229,343,56,29,27,287,12,275,16.3265306122449,8.454810495626822,7.871720116618077,83.6734693877551,3.498542274052478,80.17492711370262
E00012230,370,57,26,31,313,12,301,15.405405405405407,7.027027027027027,8.378378378378379,84.5945945945946,3.2432432432432434,81.35135135135135
E00012231,430,48,16,32,382,16,366,11.162790697674419,3.7209302325581395,7.441860465116279,88.83720930232558,3.7209302325581395,85.11627906976744
E00012232,450,69,26,43,381,23,358,15.333333333333332,5.777777777777778,9.555555555555555,84.66666666666667,5.111111111111112,79.55555555555556
E00012233,394,42,13,29,352,16,336,10.65989847715736,3.2994923857868024,7.3604060913705585,89.34010152284264,4.060913705583756,85.27918781725889
E00012234,363,35,16,19,328,21,307,9.641873278236915,4.40771349862259,5.234159779614325,90.35812672176309,5.785123966942149,84.57300275482093
E00012235,420,61,31,30,359,13,346,14.523809523809526,7.380952380952381,7.142857142857142,85.47619047619047,3.0952380952380953,82.38095238095238
E00012236,363,34,10,24,329,21,308,9.366391184573002,2.7548209366391188,6.6115702479338845,90.633608815427,5.785123966942149,84.84848484848484
E00012237,407,45,21,24,362,25,337,11.056511056511056,5.159705159705159,5.896805896805897,88.94348894348894,6.142506142506143,82.80098280098281
E00012238,329,28,10,18,301,15,286,8.51063829787234,3.0395136778115504,5.47112462006079,91.48936170212765,4.5592705167173255,86.93009118541033
E00012239,393,50,20,30,343,17,326,12.72264631043257,5.089058524173027,7.633587786259542,87.27735368956743,4.325699745547073,82.95165394402035
E00012240,365,36,12,24,329,22,307,9.863013698630137,3.287671232876712,6.575342465753424,90.13698630136986,6.027397260273973,84.10958904109589
E00012241,292,33,19,14,259,14,245,11.301369863013697,6.506849315068493,4.794520547945205,88.6986301369863,4.794520547945205,83.9041095890411
E00012242,401,41,17,24,360,22,338,10.224438902743142,4.239401496259352,5.985037406483791,89.77556109725685,5.486284289276807,84.28927680798004
E00012243,404,39,10,29,365,13,352,9.653465346534654,2.4752475247524752,7.1782178217821775,90.34653465346535,3.217821782178218,87.12871287128714
E00012244,411,38,12,26,373,29,344,9.245742092457421,2.9197080291970803,6.326034063260341,90.75425790754258,7.0559610705596105,83.69829683698296
E00012245,330,41,17,24,289,28,261,12.424242424242424,5.151515151515151,7.2727272727272725,87.57575757575758,8.484848484848486,79.0909090909091
E00012246,359,49,18,31,310,21,289,13.649025069637883,5.013927576601671,8.635097493036211,86.35097493036211,5.8495821727019495,80.50139275766016
E00012247,343,25,11,14,318,19,299,7.288629737609329,3.206997084548105,4.081632653061225,92.71137026239067,5.539358600583091,87.17201166180757
E00012248,316,38,18,20,278,12,266,12.025316455696203,5.69620253164557,6.329113924050633,87.9746835443038,3.79746835443038,84.17721518987342
E00012249,320,32,12,20,288,29,259,10,3.75,6.25,90,9.0625,80.9375
E00012250,345,40,21,19,305,23,282,11.594202898550725,6.086956521739131,5.507246376811594,88.40579710144928,6.666666666666667,81.73913043478261
E00012251,371,33,11,22,338,17,321,8.89487870619946,2.964959568733154,5.929919137466308,91.10512129380054,4.5822102425876015,86.52291105121293
E00012252,384,50,22,28,334,24,310,13.020833333333334,5.729166666666666,7.291666666666667,86.97916666666666,6.25,80.72916666666666
E00012253,368,45,13,32,323,18,305,12.228260869565217,3.532608695652174,8.695652173913043,87.77173913043478,4.891304347826087,82.88043478260869
E00012254,218,41,19,22,177,11,166,18.807339449541285,8.715596330275229,10.091743119266056,81.19266055045871,5.045871559633028,76.14678899082568
E00012255,390,45,14,31,345,19,326,11.538461538461538,3.5897435897435894,7.948717948717948,88.46153846153845,4.871794871794872,83.58974358974359
E00012256,277,36,13,23,241,27,214,12.996389891696749,4.693140794223827,8.303249097472925,87.00361010830325,9.747292418772563,77.25631768953069
E00012257,355,48,17,31,307,27,280,13.521126760563378,4.788732394366197,8.732394366197182,86.47887323943661,7.605633802816901,78.87323943661971
E00012258,326,29,14,15,297,28,269,8.895705521472392,4.294478527607362,4.601226993865031,91.1042944785276,8.588957055214724,82.51533742331289
E00012259,368,40,16,24,328,30,298,10.869565217391305,4.3478260869565215,6.521739130434782,89.13043478260869,8.152173913043478,80.97826086956522
E00012260,269,40,9,31,229,18,211,14.869888475836431,3.3457249070631967,11.524163568773234,85.13011152416357,6.691449814126393,78.43866171003717
E00012261,424,41,17,24,383,28,355,9.669811320754718,4.009433962264151,5.660377358490567,90.33018867924528,6.60377358490566,83.72641509433963
E00012262,339,30,13,17,309,24,285,8.849557522123893,3.8348082595870205,5.014749262536873,91.1504424778761,7.079646017699115,84.070796460177
E00012263,402,40,10,30,362,43,319,9.950248756218906,2.4875621890547266,7.462686567164178,90.04975124378109,10.696517412935323,79.35323383084577
E00012264,317,33,13,20,284,17,267,10.410094637223976,4.100946372239748,6.309148264984227,89.58990536277602,5.3627760252365935,84.22712933753942
E00012265,333,47,23,24,286,25,261,14.114114114114114,6.906906906906906,7.207207207207207,85.88588588588588,7.5075075075075075,78.37837837837837
E00012266,331,30,10,20,301,18,283,9.06344410876133,3.0211480362537766,6.042296072507553,90.93655589123867,5.438066465256798,85.49848942598187
E00012267,406,56,18,38,350,18,332,13.793103448275861,4.433497536945813,9.35960591133005,86.20689655172413,4.433497536945813,81.77339901477832
E00012268,295,44,13,31,251,12,239,14.915254237288137,4.406779661016949,10.508474576271185,85.08474576271186,4.067796610169491,81.01694915254237
E00012269,314,33,11,22,281,15,266,10.509554140127388,3.5031847133757963,7.006369426751593,89.49044585987261,4.777070063694268,84.71337579617835
E00012270,371,64,35,29,307,24,283,17.25067385444744,9.433962264150944,7.816711590296496,82.74932614555256,6.46900269541779,76.28032345013477
E00012271,337,32,15,17,305,28,277,9.495548961424333,4.451038575667656,5.044510385756676,90.50445103857567,8.30860534124629,82.19584569732937
E00012272,313,31,12,19,282,15,267,9.904153354632587,3.8338658146964857,6.070287539936102,90.09584664536742,4.792332268370607,85.3035143769968
E00012273,357,57,20,37,300,18,282,15.966386554621847,5.602240896358544,10.364145658263306,84.03361344537815,5.042016806722689,78.99159663865547
E00012274,377,35,11,24,342,20,322,9.283819628647215,2.9177718832891246,6.36604774535809,90.71618037135278,5.305039787798409,85.41114058355438
E00012275,387,53,29,24,334,25,309,13.695090439276486,7.493540051679587,6.2015503875969,86.30490956072352,6.459948320413436,79.84496124031007
E00012276,295,30,10,20,265,24,241,10.16949152542373,3.389830508474576,6.779661016949152,89.83050847457628,8.135593220338983,81.69491525423729
E00012277,370,31,11,20,339,22,317,8.378378378378379,2.9729729729729732,5.405405405405405,91.62162162162161,5.9459459459459465,85.67567567567568
E00012278,306,57,22,35,249,22,227,18.627450980392158,7.18954248366013,11.437908496732026,81.37254901960785,7.18954248366013,74.18300653594771
E00012279,305,34,8,26,271,15,256,11.147540983606557,2.622950819672131,8.524590163934425,88.85245901639345,4.918032786885246,83.93442622950819
E00012280,397,81,47,34,316,24,292,20.40302267002519,11.838790931989925,8.564231738035264,79.59697732997482,6.045340050377834,73.55163727959699
E00012281,335,62,26,36,273,19,254,18.507462686567163,7.761194029850746,10.746268656716417,81.49253731343283,5.6716417910447765,75.82089552238806
E00012282,487,54,23,31,433,25,408,11.088295687885012,4.722792607802875,6.365503080082135,88.91170431211499,5.133470225872689,83.77823408624229
E00012283,312,24,3,21,288,15,273,7.6923076923076925,0.9615384615384616,6.730769230769231,92.3076923076923,4.807692307692308,87.5
E00012284,335,43,14,29,292,23,269,12.835820895522387,4.179104477611941,8.656716417910449,87.16417910447761,6.865671641791045,80.29850746268656
E00012285,308,35,12,23,273,18,255,11.363636363636363,3.896103896103896,7.467532467532467,88.63636363636364,5.844155844155844,82.79220779220779
E00012286,306,36,7,29,270,20,250,11.76470588235294,2.287581699346405,9.477124183006536,88.23529411764706,6.535947712418301,81.69934640522875
E00012287,256,55,29,26,201,11,190,21.484375,11.328125,10.15625,78.515625,4.296875,74.21875
E00012288,370,31,10,21,339,26,313,8.378378378378379,2.7027027027027026,5.675675675675676,91.62162162162161,7.027027027027027,84.5945945945946
E00012289,325,33,10,23,292,18,274,10.153846153846153,3.076923076923077,7.076923076923077,89.84615384615384,5.538461538461538,84.3076923076923
E00012290,322,50,16,34,272,14,258,15.527950310559005,4.968944099378882,10.559006211180124,84.472049689441,4.3478260869565215,80.12422360248446
E00012291,311,44,15,29,267,20,247,14.14790996784566,4.823151125401929,9.32475884244373,85.85209003215434,6.430868167202572,79.42122186495176
E00012292,358,34,13,21,324,20,304,9.497206703910614,3.6312849162011176,5.865921787709497,90.5027932960894,5.58659217877095,84.91620111731844
E00012293,292,40,6,34,252,28,224,13.698630136986301,2.054794520547945,11.643835616438356,86.3013698630137,9.58904109589041,76.71232876712328
E00012294,324,44,19,25,280,22,258,13.580246913580247,5.864197530864197,7.716049382716049,86.41975308641975,6.790123456790123,79.62962962962963
E00012295,301,33,9,24,268,26,242,10.96345514950166,2.990033222591362,7.973421926910299,89.03654485049833,8.637873754152823,80.39867109634552
E00012296,307,41,10,31,266,18,248,13.355048859934854,3.257328990228013,10.097719869706841,86.64495114006515,5.863192182410423,80.78175895765473
E00012297,332,33,15,18,299,11,288,9.939759036144578,4.518072289156627,5.421686746987952,90.06024096385542,3.313253012048193,86.74698795180723
E00012298,363,43,13,30,320,22,298,11.84573002754821,3.581267217630854,8.264462809917356,88.1542699724518,6.0606060606060606,82.09366391184572
E00012299,368,30,11,19,338,25,313,8.152173913043478,2.989130434782609,5.163043478260869,91.84782608695652,6.7934782608695645,85.05434782608695
E00012300,428,77,48,29,351,23,328,17.990654205607477,11.214953271028037,6.775700934579438,82.00934579439252,5.373831775700935,76.63551401869158
E00012301,321,36,8,28,285,16,269,11.214953271028037,2.4922118380062304,8.722741433021806,88.78504672897196,4.984423676012461,83.8006230529595
E00012302,368,45,17,28,323,15,308,12.228260869565217,4.619565217391304,7.608695652173914,87.77173913043478,4.076086956521739,83.69565217391305
E00012303,360,32,12,20,328,15,313,8.88888888888889,3.3333333333333335,5.555555555555555,91.11111111111111,4.166666666666666,86.94444444444444
E00012304,370,34,16,18,336,22,314,9.18918918918919,4.324324324324325,4.864864864864865,90.81081081081082,5.9459459459459465,84.86486486486487
E00012305,284,30,11,19,254,17,237,10.56338028169014,3.873239436619718,6.690140845070422,89.43661971830986,5.985915492957746,83.45070422535211
E00012306,341,55,22,33,286,19,267,16.129032258064516,6.451612903225806,9.67741935483871,83.87096774193549,5.571847507331378,78.2991202346041
E00012307,299,35,15,20,264,11,253,11.705685618729097,5.016722408026756,6.688963210702341,88.2943143812709,3.678929765886288,84.61538461538461
E00012308,391,42,16,26,349,20,329,10.741687979539643,4.092071611253197,6.649616368286446,89.25831202046037,5.115089514066496,84.14322250639387
E00012309,337,37,19,18,300,18,282,10.979228486646884,5.637982195845697,5.341246290801187,89.02077151335311,5.341246290801187,83.67952522255193
E00012310,376,35,13,22,341,27,314,9.308510638297872,3.4574468085106385,5.851063829787234,90.69148936170212,7.180851063829788,83.51063829787235
E00012311,290,49,30,19,241,14,227,16.896551724137932,10.344827586206897,6.551724137931035,83.10344827586206,4.827586206896552,78.27586206896552
E00012312,390,54,23,31,336,32,304,13.846153846153847,5.897435897435897,7.948717948717948,86.15384615384616,8.205128205128204,77.94871794871796
E00012313,293,38,19,19,255,19,236,12.969283276450511,6.484641638225256,6.484641638225256,87.03071672354949,6.484641638225256,80.54607508532423
E00012314,376,59,33,26,317,17,300,15.691489361702127,8.77659574468085,6.914893617021277,84.30851063829788,4.521276595744681,79.7872340425532
E00012315,421,61,26,35,360,21,339,14.489311163895488,6.175771971496437,8.31353919239905,85.5106888361045,4.98812351543943,80.52256532066508
E00012316,345,65,39,26,280,24,256,18.84057971014493,11.304347826086957,7.536231884057972,81.15942028985508,6.956521739130435,74.20289855072464
E00012317,360,57,26,31,303,19,284,15.833333333333332,7.222222222222221,8.61111111111111,84.16666666666667,5.277777777777778,78.88888888888889
E00012318,234,47,20,27,187,11,176,20.085470085470085,8.547008547008547,11.538461538461538,79.91452991452992,4.700854700854701,75.21367521367522
E00012319,299,40,15,25,259,13,246,13.377926421404682,5.016722408026756,8.361204013377927,86.62207357859532,4.3478260869565215,82.2742474916388
E00012320,327,60,26,34,267,21,246,18.34862385321101,7.951070336391437,10.397553516819572,81.65137614678899,6.422018348623854,75.22935779816514
E00012321,237,26,16,10,211,18,193,10.970464135021098,6.751054852320674,4.219409282700422,89.0295358649789,7.59493670886076,81.43459915611815
E00012322,283,39,23,16,244,15,229,13.780918727915195,8.12720848056537,5.6537102473498235,86.21908127208481,5.30035335689046,80.91872791519434
E00012323,259,33,11,22,226,15,211,12.741312741312742,4.247104247104247,8.494208494208493,87.25868725868726,5.7915057915057915,81.46718146718148
E00012324,405,47,22,25,358,19,339,11.604938271604938,5.432098765432099,6.172839506172839,88.39506172839506,4.691358024691358,83.7037037037037
E00012325,266,28,11,17,238,18,220,10.526315789473683,4.135338345864661,6.390977443609022,89.47368421052632,6.7669172932330826,82.70676691729322
E00012326,337,51,14,37,286,22,264,15.133531157270031,4.154302670623145,10.979228486646884,84.86646884272997,6.528189910979229,78.33827893175074
E00012327,326,36,11,25,290,33,257,11.042944785276074,3.374233128834356,7.668711656441718,88.95705521472392,10.122699386503067,78.83435582822086
E00012328,202,45,22,23,157,14,143,22.277227722772277,10.891089108910892,11.386138613861387,77.72277227722772,6.9306930693069315,70.79207920792079
E00012329,380,29,13,16,351,24,327,7.631578947368421,3.421052631578948,4.2105263157894735,92.36842105263158,6.315789473684211,86.05263157894737
E00012330,257,47,22,25,210,20,190,18.28793774319066,8.560311284046692,9.72762645914397,81.71206225680933,7.782101167315175,73.92996108949417
E00012331,270,30,11,19,240,17,223,11.11111111111111,4.074074074074074,7.037037037037037,88.88888888888889,6.296296296296296,82.5925925925926
E00012332,390,40,7,33,350,27,323,10.256410256410255,1.7948717948717947,8.461538461538462,89.74358974358975,6.923076923076923,82.82051282051283
E00012333,354,36,18,18,318,14,304,10.16949152542373,5.084745762711865,5.084745762711865,89.83050847457628,3.954802259887006,85.87570621468926
E00012334,389,60,26,34,329,43,286,15.424164524421593,6.683804627249357,8.740359897172237,84.57583547557842,11.053984575835475,73.52185089974293
E00012335,307,33,13,20,274,16,258,10.749185667752444,4.234527687296417,6.514657980456026,89.25081433224756,5.211726384364821,84.03908794788273
E00012336,301,30,13,17,271,28,243,9.966777408637874,4.318936877076411,5.647840531561462,90.03322259136213,9.30232558139535,80.73089700996677
E00012337,235,47,23,24,188,13,175,20,9.787234042553191,10.212765957446807,80,5.531914893617021,74.46808510638297
E00012338,330,43,14,29,287,22,265,13.030303030303031,4.242424242424243,8.787878787878787,86.96969696969697,6.666666666666667,80.3030303030303
E00012339,295,27,12,15,268,16,252,9.152542372881356,4.067796610169491,5.084745762711865,90.84745762711864,5.423728813559322,85.42372881355932
E00012340,341,51,21,30,290,17,273,14.95601173020528,6.158357771260997,8.797653958944283,85.04398826979472,4.9853372434017595,80.05865102639295
E00012341,328,40,20,20,288,10,278,12.195121951219512,6.097560975609756,6.097560975609756,87.8048780487805,3.048780487804878,84.7560975609756
E00012342,352,45,19,26,307,21,286,12.784090909090908,5.3977272727272725,7.386363636363637,87.2159090909091,5.965909090909091,81.25
E00012343,288,55,24,31,233,13,220,19.09722222222222,8.333333333333332,10.76388888888889,80.90277777777779,4.513888888888888,76.38888888888889
E00012344,155,46,26,20,109,8,101,29.677419354838708,16.7741935483871,12.903225806451612,70.3225806451613,5.161290322580645,65.16129032258064
E00012345,303,39,21,18,264,16,248,12.871287128712872,6.9306930693069315,5.9405940594059405,87.12871287128714,5.2805280528052805,81.84818481848185
E00012346,382,52,18,34,330,21,309,13.612565445026178,4.712041884816754,8.900523560209423,86.38743455497382,5.49738219895288,80.89005235602095
E00012347,418,52,20,32,366,26,340,12.440191387559809,4.784688995215311,7.655502392344498,87.5598086124402,6.220095693779904,81.3397129186603
E00012348,337,33,12,21,304,19,285,9.792284866468842,3.5608308605341246,6.231454005934718,90.20771513353115,5.637982195845697,84.56973293768546
E00012349,304,28,11,17,276,23,253,9.210526315789473,3.618421052631579,5.592105263157895,90.78947368421053,7.565789473684211,83.22368421052632
E00012350,455,124,69,55,331,24,307,27.252747252747252,15.164835164835164,12.087912087912088,72.74725274725274,5.274725274725275,67.47252747252747
E00012351,325,51,21,30,274,19,255,15.692307692307692,6.461538461538462,9.230769230769232,84.3076923076923,5.846153846153846,78.46153846153847
E00012352,263,32,21,11,231,16,215,12.167300380228136,7.984790874524715,4.182509505703422,87.83269961977186,6.083650190114068,81.74904942965779
E00012353,345,54,22,32,291,16,275,15.65217391304348,6.3768115942028984,9.27536231884058,84.34782608695653,4.63768115942029,79.71014492753623
E00012354,331,35,16,19,296,15,281,10.574018126888216,4.833836858006042,5.740181268882175,89.42598187311178,4.531722054380665,84.89425981873111
E00012355,340,43,10,33,297,19,278,12.647058823529411,2.941176470588235,9.705882352941178,87.3529411764706,5.588235294117648,81.76470588235294
E00012356,332,57,28,29,275,20,255,17.16867469879518,8.433734939759036,8.734939759036145,82.83132530120481,6.024096385542169,76.80722891566265
E00012357,294,51,16,35,243,8,235,17.346938775510203,5.442176870748299,11.904761904761903,82.6530612244898,2.7210884353741496,79.93197278911565
E00012358,287,34,15,19,253,23,230,11.846689895470384,5.2264808362369335,6.620209059233449,88.15331010452961,8.013937282229964,80.13937282229965
E00012359,318,41,23,18,277,21,256,12.89308176100629,7.232704402515723,5.660377358490567,87.10691823899371,6.60377358490566,80.50314465408806
E00012360,323,46,17,29,277,23,254,14.241486068111456,5.263157894736842,8.978328173374612,85.75851393188854,7.120743034055728,78.63777089783281
E00012361,291,42,17,25,249,15,234,14.432989690721648,5.841924398625429,8.59106529209622,85.56701030927834,5.154639175257731,80.41237113402062
E00012362,353,32,10,22,321,29,292,9.06515580736544,2.8328611898017,6.232294617563739,90.93484419263456,8.21529745042493,82.71954674220963
E00012363,389,38,14,24,351,24,327,9.768637532133676,3.5989717223650386,6.169665809768637,90.23136246786633,6.169665809768637,84.06169665809769
E00012364,335,26,7,19,309,17,292,7.761194029850746,2.0895522388059704,5.6716417910447765,92.23880597014926,5.074626865671641,87.16417910447761
E00012365,296,45,23,22,251,23,228,15.202702702702704,7.77027027027027,7.4324324324324325,84.7972972972973,7.77027027027027,77.02702702702703
E00012366,335,42,21,21,293,17,276,12.53731343283582,6.26865671641791,6.26865671641791,87.46268656716418,5.074626865671641,82.38805970149254
E00012367,290,35,16,19,255,15,240,12.068965517241379,5.517241379310345,6.551724137931035,87.93103448275862,5.172413793103448,82.75862068965517
E00012368,284,38,23,15,246,15,231,13.380281690140844,8.098591549295776,5.28169014084507,86.61971830985915,5.28169014084507,81.33802816901408
E00012369,196,38,17,21,158,13,145,19.387755102040817,8.673469387755102,10.714285714285714,80.61224489795919,6.63265306122449,73.9795918367347
E00012370,312,45,19,26,267,22,245,14.423076923076922,6.089743589743589,8.333333333333332,85.57692307692307,7.051282051282051,78.52564102564102
E00012371,396,36,13,23,360,23,337,9.090909090909092,3.2828282828282833,5.808080808080808,90.9090909090909,5.808080808080808,85.1010101010101
E00012372,253,44,19,25,209,13,196,17.391304347826086,7.5098814229249005,9.881422924901186,82.6086956521739,5.138339920948617,77.4703557312253
E00012373,314,36,11,25,278,12,266,11.464968152866243,3.5031847133757963,7.961783439490445,88.53503184713377,3.821656050955414,84.71337579617835
E00012374,404,60,28,32,344,11,333,14.85148514851485,6.9306930693069315,7.920792079207921,85.14851485148515,2.722772277227723,82.42574257425743
E00012375,467,52,19,33,415,25,390,11.134903640256958,4.068522483940043,7.066381156316917,88.86509635974305,5.353319057815846,83.5117773019272
E00012376,342,38,18,20,304,21,283,11.11111111111111,5.263157894736842,5.847953216374268,88.88888888888889,6.140350877192982,82.7485380116959
E00012377,345,46,20,26,299,26,273,13.333333333333334,5.797101449275362,7.536231884057972,86.66666666666667,7.536231884057972,79.13043478260869
E00012378,312,39,13,26,273,14,259,12.5,4.166666666666666,8.333333333333332,87.5,4.487179487179487,83.01282051282051
E00012379,362,73,44,29,289,25,264,20.165745856353592,12.154696132596685,8.011049723756907,79.8342541436464,6.906077348066299,72.92817679558011
E00012380,319,45,21,24,274,21,253,14.106583072100312,6.583072100313479,7.523510971786834,85.8934169278997,6.583072100313479,79.3103448275862
E00012381,358,35,9,26,323,15,308,9.776536312849162,2.5139664804469275,7.262569832402235,90.22346368715084,4.189944134078212,86.03351955307262
E00012382,387,58,28,30,329,24,305,14.987080103359174,7.235142118863049,7.751937984496124,85.01291989664082,6.2015503875969,78.81136950904393
E00012383,386,55,30,25,331,22,309,14.248704663212436,7.772020725388601,6.476683937823833,85.75129533678756,5.699481865284974,80.05181347150258
E00012384,389,50,30,20,339,8,331,12.853470437017995,7.712082262210797,5.141388174807198,87.146529562982,2.056555269922879,85.08997429305913
E00012385,422,53,27,26,369,16,353,12.559241706161137,6.398104265402843,6.161137440758294,87.44075829383885,3.7914691943127963,83.64928909952607
E00012386,481,49,16,33,432,9,423,10.187110187110187,3.3264033264033266,6.860706860706861,89.81288981288982,1.8711018711018712,87.94178794178794
E00012387,432,52,29,23,380,17,363,12.037037037037036,6.712962962962964,5.324074074074074,87.96296296296296,3.935185185185185,84.02777777777779
E00012388,584,70,28,42,514,26,488,11.986301369863012,4.794520547945205,7.191780821917808,88.01369863013699,4.4520547945205475,83.56164383561644
E00012389,453,47,24,23,406,12,394,10.375275938189846,5.298013245033113,5.077262693156733,89.62472406181016,2.6490066225165565,86.9757174392936
E00012390,369,36,12,24,333,11,322,9.75609756097561,3.2520325203252036,6.504065040650407,90.2439024390244,2.9810298102981028,87.26287262872629
E00012391,436,43,19,24,393,11,382,9.862385321100918,4.3577981651376145,5.5045871559633035,90.13761467889908,2.522935779816514,87.61467889908256
E00012392,179,53,34,19,126,9,117,29.608938547486037,18.994413407821227,10.614525139664805,70.39106145251397,5.027932960893855,65.36312849162012
E00012393,465,37,17,20,428,16,412,7.956989247311828,3.655913978494624,4.301075268817205,92.04301075268818,3.4408602150537635,88.6021505376344
E00012394,403,37,13,24,366,11,355,9.181141439205955,3.225806451612903,5.955334987593052,90.81885856079404,2.729528535980149,88.08933002481389
E00012395,414,55,18,37,359,15,344,13.285024154589372,4.3478260869565215,8.937198067632849,86.71497584541062,3.6231884057971016,83.09178743961353
E00012396,414,46,22,24,368,15,353,11.11111111111111,5.314009661835748,5.797101449275362,88.88888888888889,3.6231884057971016,85.26570048309179
E00012397,474,42,15,27,432,18,414,8.860759493670885,3.1645569620253164,5.69620253164557,91.13924050632912,3.79746835443038,87.34177215189874
E00012398,397,44,21,23,353,9,344,11.083123425692696,5.289672544080604,5.793450881612091,88.9168765743073,2.2670025188916876,86.64987405541562
E00012399,391,50,22,28,341,18,323,12.787723785166241,5.626598465473146,7.161125319693094,87.21227621483376,4.603580562659847,82.6086956521739
E00012400,489,48,22,26,441,18,423,9.815950920245399,4.4989775051124745,5.316973415132924,90.1840490797546,3.6809815950920246,86.50306748466258
E00012401,497,46,24,22,451,23,428,9.25553319919517,4.82897384305835,4.426559356136821,90.74446680080483,4.627766599597585,86.11670020120724
E00012402,484,29,14,15,455,15,440,5.991735537190083,2.8925619834710745,3.0991735537190084,94.00826446280992,3.0991735537190084,90.9090909090909
E00012403,431,51,19,32,380,13,367,11.832946635730858,4.408352668213457,7.424593967517401,88.16705336426914,3.0162412993039442,85.1508120649652
E00012404,455,36,12,24,419,17,402,7.9120879120879115,2.6373626373626373,5.274725274725275,92.08791208791209,3.7362637362637363,88.35164835164835
E00012405,445,61,30,31,384,10,374,13.707865168539326,6.741573033707865,6.96629213483146,86.29213483146067,2.247191011235955,84.04494382022472
E00012406,478,52,18,34,426,13,413,10.87866108786611,3.765690376569038,7.112970711297072,89.1213389121339,2.7196652719665275,86.40167364016736
E00012407,349,44,19,25,305,17,288,12.607449856733524,5.444126074498568,7.163323782234957,87.39255014326648,4.871060171919771,82.52148997134671
E00012408,457,47,22,25,410,10,400,10.284463894967178,4.814004376367615,5.470459518599562,89.71553610503283,2.1881838074398248,87.527352297593
E00012409,468,48,26,22,420,11,409,10.256410256410255,5.555555555555555,4.700854700854701,89.74358974358975,2.3504273504273505,87.3931623931624
E00012410,430,42,18,24,388,18,370,9.767441860465116,4.186046511627907,5.5813953488372094,90.23255813953487,4.186046511627907,86.04651162790698
E00012411,524,77,23,54,447,21,426,14.694656488549619,4.3893129770992365,10.305343511450381,85.30534351145039,4.007633587786259,81.29770992366412
E00012412,354,52,30,22,302,12,290,14.689265536723164,8.47457627118644,6.214689265536723,85.31073446327684,3.389830508474576,81.92090395480226
E00012413,393,51,20,31,342,12,330,12.977099236641221,5.089058524173027,7.888040712468193,87.02290076335878,3.0534351145038165,83.96946564885496
E00012414,396,45,24,21,351,24,327,11.363636363636363,6.0606060606060606,5.303030303030303,88.63636363636364,6.0606060606060606,82.57575757575758
E00012415,404,34,13,21,370,14,356,8.415841584158416,3.217821782178218,5.198019801980198,91.58415841584159,3.4653465346534658,88.11881188118812
E00012416,406,42,20,22,364,10,354,10.344827586206897,4.926108374384237,5.41871921182266,89.65517241379311,2.4630541871921183,87.192118226601
E00012417,431,66,26,40,365,18,347,15.31322505800464,6.0324825986078885,9.280742459396752,84.68677494199535,4.176334106728538,80.51044083526682
E00012418,431,45,20,25,386,6,380,10.440835266821345,4.640371229698376,5.800464037122969,89.55916473317865,1.3921113689095126,88.16705336426914
E00012419,405,48,18,30,357,12,345,11.851851851851853,4.444444444444445,7.4074074074074066,88.14814814814815,2.9629629629629632,85.18518518518519
E00012420,311,43,17,26,268,12,256,13.826366559485532,5.466237942122187,8.360128617363344,86.17363344051448,3.858520900321544,82.31511254019293
E00012421,338,44,9,35,294,12,282,13.017751479289942,2.6627218934911245,10.355029585798817,86.98224852071006,3.5502958579881656,83.4319526627219
E00012422,294,33,15,18,261,11,250,11.224489795918368,5.1020408163265305,6.122448979591836,88.77551020408163,3.741496598639456,85.03401360544217
E00012423,355,39,14,25,316,20,296,10.985915492957748,3.943661971830986,7.042253521126761,89.01408450704226,5.633802816901409,83.38028169014085
E00012424,299,58,23,35,241,13,228,19.39799331103679,7.6923076923076925,11.705685618729097,80.60200668896321,4.3478260869565215,76.2541806020067
E00012425,331,47,21,26,284,23,261,14.19939577039275,6.3444108761329305,7.854984894259818,85.80060422960725,6.948640483383686,78.85196374622356
E00012426,310,39,18,21,271,23,248,12.580645161290322,5.806451612903226,6.774193548387098,87.41935483870968,7.419354838709677,80
E00012427,295,46,12,34,249,18,231,15.593220338983052,4.067796610169491,11.525423728813559,84.40677966101696,6.101694915254238,78.30508474576271
E00012428,442,45,15,30,397,20,377,10.180995475113122,3.3936651583710407,6.787330316742081,89.81900452488688,4.524886877828054,85.29411764705883
E00012431,424,51,15,36,373,21,352,12.028301886792454,3.5377358490566038,8.49056603773585,87.97169811320755,4.952830188679245,83.01886792452831
E00012432,379,57,25,32,322,20,302,15.03957783641161,6.596306068601583,8.443271767810026,84.96042216358839,5.277044854881266,79.68337730870712
E00012433,341,47,17,30,294,14,280,13.78299120234604,4.9853372434017595,8.797653958944283,86.21700879765396,4.105571847507331,82.11143695014663
E00012434,247,30,12,18,217,10,207,12.145748987854251,4.8582995951417,7.28744939271255,87.85425101214574,4.048582995951417,83.80566801619433
E00012435,360,42,20,22,318,11,307,11.666666666666666,5.555555555555555,6.111111111111111,88.33333333333333,3.0555555555555554,85.27777777777777
E00012436,461,54,23,31,407,21,386,11.713665943600867,4.989154013015185,6.724511930585683,88.28633405639913,4.55531453362256,83.73101952277658
E00012437,388,47,15,32,341,18,323,12.11340206185567,3.865979381443299,8.24742268041237,87.88659793814433,4.639175257731959,83.24742268041237
E00012438,384,62,33,29,322,22,300,16.145833333333336,8.59375,7.552083333333333,83.85416666666666,5.729166666666666,78.125
E00012439,312,37,19,18,275,11,264,11.858974358974358,6.089743589743589,5.769230769230769,88.14102564102564,3.5256410256410255,84.61538461538461
E00012441,260,33,16,17,227,10,217,12.692307692307692,6.153846153846154,6.538461538461539,87.3076923076923,3.8461538461538463,83.46153846153847
E00012443,422,61,33,28,361,20,341,14.454976303317535,7.819905213270142,6.6350710900473935,85.54502369668246,4.739336492890995,80.80568720379146
E00012444,326,33,10,23,293,18,275,10.122699386503067,3.067484662576687,7.05521472392638,89.87730061349694,5.521472392638037,84.3558282208589
E00012445,405,61,30,31,344,17,327,15.06172839506173,7.4074074074074066,7.654320987654321,84.93827160493828,4.197530864197531,80.74074074074075
E00012446,353,58,24,34,295,17,278,16.43059490084986,6.79886685552408,9.631728045325778,83.56940509915015,4.815864022662889,78.75354107648725
E00012447,318,36,18,18,282,14,268,11.320754716981133,5.660377358490567,5.660377358490567,88.67924528301887,4.40251572327044,84.27672955974843
E00012448,392,38,12,26,354,26,328,9.693877551020408,3.061224489795918,6.63265306122449,90.3061224489796,6.63265306122449,83.6734693877551
E00012449,428,50,19,31,378,19,359,11.682242990654206,4.439252336448598,7.242990654205607,88.3177570093458,4.439252336448598,83.8785046728972
E00012450,359,59,19,40,300,23,277,16.434540389972145,5.2924791086350975,11.142061281337048,83.56545961002786,6.406685236768802,77.15877437325905
E00012451,376,49,17,32,327,21,306,13.031914893617023,4.521276595744681,8.51063829787234,86.96808510638297,5.585106382978723,81.38297872340425
E00012452,349,42,24,18,307,21,286,12.034383954154727,6.876790830945559,5.157593123209169,87.96561604584528,6.017191977077363,81.9484240687679
E00012453,411,49,19,30,362,26,336,11.922141119221411,4.622871046228711,7.2992700729927,88.07785888077859,6.326034063260341,81.75182481751825
E00012454,378,35,12,23,343,15,328,9.25925925925926,3.1746031746031744,6.084656084656085,90.74074074074075,3.968253968253968,86.77248677248677
E00012455,433,59,25,34,374,24,350,13.625866050808314,5.773672055427252,7.852193995381063,86.37413394919169,5.542725173210162,80.83140877598153
E00012456,477,48,26,22,429,14,415,10.062893081761008,5.450733752620545,4.612159329140461,89.937106918239,2.9350104821802936,87.0020964360587
E00012457,495,78,40,38,417,20,397,15.757575757575756,8.080808080808081,7.6767676767676765,84.24242424242424,4.040404040404041,80.2020202020202
E00012458,477,67,38,29,410,22,388,14.046121593291405,7.966457023060797,6.079664570230608,85.9538784067086,4.612159329140461,81.34171907756813
E00012459,510,79,45,34,431,22,409,15.490196078431373,8.823529411764707,6.666666666666667,84.50980392156863,4.313725490196078,80.19607843137256
E00012460,392,47,17,30,345,16,329,11.989795918367346,4.336734693877551,7.653061224489796,88.01020408163265,4.081632653061225,83.92857142857143
E00012461,396,35,17,18,361,9,352,8.83838383838384,4.292929292929292,4.545454545454546,91.16161616161617,2.272727272727273,88.88888888888889
E00012462,447,52,29,23,395,10,385,11.6331096196868,6.487695749440715,5.1454138702460845,88.36689038031321,2.237136465324385,86.12975391498881
E00012463,448,41,24,17,407,13,394,9.151785714285714,5.357142857142857,3.7946428571428568,90.84821428571429,2.9017857142857144,87.94642857142857
E00012465,395,41,18,23,354,12,342,10.379746835443038,4.556962025316456,5.822784810126582,89.62025316455696,3.0379746835443036,86.58227848101265
E00012466,512,66,18,48,446,14,432,12.890625,3.515625,9.375,87.109375,2.734375,84.375
E00012467,365,55,20,35,310,14,296,15.068493150684931,5.47945205479452,9.58904109589041,84.93150684931507,3.8356164383561646,81.0958904109589
E00012468,371,77,34,43,294,12,282,20.754716981132077,9.164420485175203,11.590296495956872,79.24528301886792,3.234501347708895,76.01078167115904
E00012469,344,49,28,21,295,6,289,14.244186046511627,8.13953488372093,6.104651162790697,85.75581395348837,1.744186046511628,84.01162790697676
E00012470,447,46,25,21,401,23,378,10.290827740492169,5.592841163310962,4.697986577181208,89.70917225950782,5.1454138702460845,84.56375838926175
E00012471,392,20,10,10,372,18,354,5.1020408163265305,2.5510204081632653,2.5510204081632653,94.89795918367348,4.591836734693878,90.3061224489796
E00012472,360,38,18,20,322,7,315,10.555555555555555,5,5.555555555555555,89.44444444444444,1.9444444444444444,87.5
E00012474,454,44,18,26,410,10,400,9.691629955947137,3.9647577092511015,5.726872246696035,90.30837004405286,2.2026431718061676,88.10572687224669
E00012475,594,37,17,20,557,5,552,6.228956228956229,2.861952861952862,3.3670033670033668,93.77104377104376,0.8417508417508417,92.92929292929293
E00012476,385,58,28,30,327,9,318,15.064935064935064,7.2727272727272725,7.792207792207792,84.93506493506493,2.3376623376623376,82.5974025974026
E00012477,497,51,18,33,446,18,428,10.261569416498995,3.6217303822937628,6.639839034205232,89.738430583501,3.6217303822937628,86.11670020120724
E00012478,403,51,33,18,352,19,333,12.655086848635236,8.188585607940446,4.466501240694789,87.34491315136476,4.714640198511166,82.6302729528536
E00012479,306,46,24,22,260,7,253,15.032679738562091,7.8431372549019605,7.18954248366013,84.9673202614379,2.287581699346405,82.6797385620915
E00012480,601,112,50,62,489,19,470,18.63560732113145,8.319467554076539,10.316139767054908,81.36439267886855,3.1613976705490847,78.20299500831946
E00012481,547,110,72,38,437,13,424,20.109689213893965,13.16270566727605,6.946983546617916,79.89031078610603,2.376599634369287,77.51371115173674
E00012482,491,64,33,31,427,16,411,13.034623217922606,6.720977596741344,6.313645621181263,86.9653767820774,3.2586558044806515,83.70672097759673
E00012483,434,69,37,32,365,10,355,15.898617511520738,8.525345622119817,7.373271889400922,84.10138248847926,2.3041474654377883,81.79723502304147
E00012485,463,95,58,37,368,14,354,20.518358531317496,12.526997840172784,7.991360691144708,79.48164146868251,3.023758099352052,76.45788336933045
E00012486,254,71,39,32,183,11,172,27.95275590551181,15.354330708661418,12.598425196850393,72.04724409448819,4.330708661417323,67.71653543307087
E00012487,574,81,41,40,493,22,471,14.111498257839722,7.142857142857142,6.968641114982578,85.88850174216029,3.8327526132404177,82.05574912891987
E00012488,467,54,24,30,413,19,394,11.563169164882227,5.139186295503212,6.423982869379015,88.43683083511777,4.068522483940043,84.36830835117773
E00012489,272,42,23,19,230,12,218,15.441176470588236,8.455882352941178,6.985294117647059,84.55882352941177,4.411764705882353,80.14705882352942
E00012490,509,67,28,39,442,17,425,13.163064833005894,5.50098231827112,7.662082514734774,86.83693516699411,3.3398821218074657,83.49705304518665
E00012491,296,39,18,21,257,24,233,13.175675675675674,6.081081081081082,7.094594594594595,86.82432432432432,8.108108108108109,78.71621621621621
E00012492,405,29,15,14,376,27,349,7.160493827160494,3.7037037037037033,3.45679012345679,92.8395061728395,6.666666666666667,86.17283950617283
E00012494,347,61,26,35,286,18,268,17.579250720461097,7.492795389048991,10.086455331412104,82.42074927953891,5.187319884726225,77.23342939481267
E00012495,352,37,11,26,315,18,297,10.511363636363637,3.125,7.386363636363637,89.48863636363636,5.113636363636364,84.375
E00012496,375,30,15,15,345,26,319,8,4,4,92,6.933333333333333,85.06666666666666
E00012497,370,39,14,25,331,17,314,10.54054054054054,3.783783783783784,6.756756756756757,89.45945945945945,4.594594594594595,84.86486486486487
E00012498,383,49,24,25,334,19,315,12.793733681462141,6.266318537859007,6.527415143603134,87.20626631853786,4.960835509138381,82.24543080939948
E00012499,331,79,46,33,252,16,236,23.867069486404834,13.897280966767372,9.969788519637463,76.13293051359517,4.833836858006042,71.29909365558912
E00012501,327,34,12,22,293,14,279,10.397553516819572,3.669724770642202,6.727828746177369,89.60244648318043,4.281345565749235,85.3211009174312
E00012502,331,56,31,25,275,12,263,16.91842900302115,9.365558912386707,7.552870090634441,83.08157099697885,3.625377643504532,79.45619335347432
E00012503,266,50,22,28,216,21,195,18.796992481203006,8.270676691729323,10.526315789473683,81.203007518797,7.894736842105263,73.30827067669173
E00012504,399,35,14,21,364,16,348,8.771929824561402,3.508771929824561,5.263157894736842,91.22807017543859,4.010025062656641,87.21804511278195
E00012505,458,37,13,24,421,19,402,8.078602620087336,2.8384279475982535,5.240174672489083,91.92139737991266,4.148471615720524,87.77292576419214
E00012506,301,29,10,19,272,17,255,9.634551495016613,3.322259136212625,6.312292358803987,90.36544850498339,5.647840531561462,84.71760797342192
E00012507,290,34,7,27,256,13,243,11.724137931034482,2.413793103448276,9.310344827586208,88.27586206896552,4.482758620689655,83.79310344827586
E00012508,361,38,13,25,323,29,294,10.526315789473683,3.6011080332409975,6.9252077562326875,89.47368421052632,8.033240997229916,81.4404432132964
E00012509,333,60,24,36,273,28,245,18.01801801801802,7.207207207207207,10.81081081081081,81.98198198198197,8.408408408408409,73.57357357357357
E00012511,388,48,22,26,340,29,311,12.371134020618557,5.670103092783505,6.701030927835052,87.62886597938144,7.474226804123711,80.15463917525774
E00012513,249,67,33,34,182,8,174,26.907630522088354,13.253012048192772,13.654618473895583,73.09236947791165,3.2128514056224895,69.87951807228916
E00012514,300,37,15,22,263,20,243,12.333333333333334,5,7.333333333333333,87.66666666666667,6.666666666666667,81
E00012515,351,58,30,28,293,25,268,16.524216524216524,8.547008547008547,7.977207977207977,83.47578347578347,7.122507122507122,76.35327635327636
E00012516,437,48,14,34,389,21,368,10.983981693363845,3.203661327231121,7.780320366132723,89.01601830663616,4.805491990846682,84.21052631578947
E00012517,343,47,14,33,296,20,276,13.702623906705538,4.081632653061225,9.620991253644315,86.29737609329446,5.830903790087463,80.466472303207
E00012518,374,66,23,43,308,24,284,17.647058823529413,6.149732620320856,11.497326203208557,82.35294117647058,6.417112299465241,75.93582887700535
E00012519,420,41,17,24,379,28,351,9.761904761904763,4.0476190476190474,5.714285714285714,90.23809523809524,6.666666666666667,83.57142857142857
E00012520,418,77,33,44,341,27,314,18.421052631578945,7.894736842105263,10.526315789473683,81.57894736842105,6.4593301435406705,75.11961722488039
E00012521,396,68,33,35,328,27,301,17.17171717171717,8.333333333333332,8.83838383838384,82.82828282828282,6.8181818181818175,76.01010101010101
E00012524,378,27,9,18,351,15,336,7.142857142857142,2.380952380952381,4.761904761904762,92.85714285714286,3.968253968253968,88.88888888888889
E00012525,378,41,12,29,337,20,317,10.846560846560847,3.1746031746031744,7.671957671957672,89.15343915343915,5.291005291005291,83.86243386243386
E00012526,322,58,29,29,264,7,257,18.012422360248447,9.006211180124224,9.006211180124224,81.98757763975155,2.1739130434782608,79.8136645962733
E00012527,461,49,24,25,412,28,384,10.629067245119305,5.206073752711497,5.42299349240781,89.3709327548807,6.073752711496746,83.29718004338395
E00012528,420,43,20,23,377,15,362,10.238095238095237,4.761904761904762,5.476190476190476,89.76190476190476,3.571428571428571,86.19047619047619
E00012529,424,64,30,34,360,23,337,15.09433962264151,7.0754716981132075,8.018867924528301,84.90566037735849,5.4245283018867925,79.48113207547169
E00012530,238,32,13,19,206,16,190,13.445378151260504,5.46218487394958,7.9831932773109235,86.5546218487395,6.722689075630252,79.83193277310924
E00012531,456,61,21,40,395,33,362,13.37719298245614,4.605263157894736,8.771929824561402,86.62280701754386,7.236842105263158,79.3859649122807
E00012532,430,58,20,38,372,20,352,13.488372093023257,4.651162790697675,8.837209302325581,86.51162790697674,4.651162790697675,81.86046511627907
E00012533,406,62,29,33,344,25,319,15.270935960591133,7.142857142857142,8.12807881773399,84.72906403940887,6.157635467980295,78.57142857142857
E00012534,331,49,25,24,282,20,262,14.803625377643503,7.552870090634441,7.250755287009064,85.1963746223565,6.042296072507553,79.15407854984893
E00012535,251,39,15,24,212,16,196,15.53784860557769,5.9760956175298805,9.56175298804781,84.4621513944223,6.374501992031872,78.08764940239044
E00012537,380,70,31,39,310,25,285,18.421052631578945,8.157894736842106,10.263157894736842,81.57894736842105,6.578947368421052,75
E00012538,334,58,23,35,276,14,262,17.365269461077844,6.88622754491018,10.479041916167663,82.63473053892216,4.191616766467066,78.44311377245509
E00012539,216,31,14,17,185,19,166,14.351851851851851,6.481481481481481,7.87037037037037,85.64814814814815,8.796296296296296,76.85185185185185
E00012540,283,63,27,36,220,14,206,22.261484098939928,9.540636042402827,12.7208480565371,77.73851590106007,4.946996466431095,72.79151943462897
E00012542,353,37,23,14,316,21,295,10.48158640226629,6.515580736543909,3.9660056657223794,89.51841359773371,5.94900849858357,83.56940509915015
E00012543,315,45,17,28,270,22,248,14.285714285714285,5.396825396825397,8.88888888888889,85.71428571428571,6.984126984126984,78.73015873015873
E00012544,306,67,39,28,239,17,222,21.895424836601308,12.745098039215685,9.15032679738562,78.10457516339869,5.555555555555555,72.54901960784314
E00012545,273,38,20,18,235,18,217,13.91941391941392,7.326007326007327,6.593406593406594,86.08058608058609,6.593406593406594,79.48717948717949
E00012546,218,65,24,41,153,10,143,29.81651376146789,11.009174311926607,18.807339449541285,70.18348623853211,4.587155963302752,65.59633027522935
E00012547,401,50,22,28,351,24,327,12.468827930174564,5.486284289276807,6.982543640897755,87.53117206982543,5.985037406483791,81.54613466334165
E00012548,271,47,25,22,224,17,207,17.343173431734318,9.22509225092251,8.118081180811808,82.65682656826569,6.273062730627306,76.38376383763837
E00012549,427,60,24,36,367,23,344,14.05152224824356,5.620608899297424,8.430913348946136,85.94847775175644,5.386416861826698,80.56206088992974
E00012550,497,58,20,38,439,27,412,11.670020120724347,4.0241448692152915,7.645875251509055,88.32997987927565,5.432595573440644,82.897384305835
E00012551,234,33,24,9,201,15,186,14.102564102564102,10.256410256410255,3.8461538461538463,85.8974358974359,6.41025641025641,79.48717948717949
E00012552,344,34,14,20,310,20,290,9.883720930232558,4.069767441860465,5.813953488372093,90.11627906976744,5.813953488372093,84.30232558139535
E00012553,313,36,12,24,277,20,257,11.501597444089457,3.8338658146964857,7.667731629392971,88.49840255591054,6.3897763578274756,82.10862619808307
E00012554,430,61,28,33,369,25,344,14.186046511627906,6.511627906976744,7.674418604651163,85.81395348837209,5.813953488372093,80
E00012555,416,46,19,27,370,18,352,11.057692307692307,4.567307692307692,6.490384615384616,88.9423076923077,4.326923076923077,84.61538461538461
E00012556,314,49,25,24,265,9,256,15.605095541401273,7.961783439490445,7.643312101910828,84.39490445859873,2.8662420382165608,81.52866242038218
E00012557,321,56,28,28,265,15,250,17.445482866043612,8.722741433021806,8.722741433021806,82.55451713395638,4.672897196261682,77.88161993769471
E00012558,254,41,22,19,213,17,196,16.141732283464567,8.661417322834646,7.480314960629922,83.85826771653542,6.692913385826772,77.16535433070865
E00012559,341,35,10,25,306,16,290,10.263929618768328,2.932551319648094,7.331378299120235,89.73607038123167,4.69208211143695,85.04398826979472
E00012560,374,47,26,21,327,39,288,12.566844919786096,6.951871657754011,5.614973262032086,87.43315508021391,10.427807486631016,77.00534759358288
E00012561,275,47,17,30,228,16,212,17.09090909090909,6.181818181818182,10.909090909090908,82.9090909090909,5.818181818181818,77.0909090909091
E00012562,323,55,27,28,268,15,253,17.027863777089784,8.359133126934983,8.6687306501548,82.97213622291022,4.643962848297214,78.328173374613
E00012563,331,46,19,27,285,17,268,13.897280966767372,5.740181268882175,8.157099697885197,86.10271903323263,5.13595166163142,80.96676737160121
E00012564,1533,187,44,143,1346,87,1259,12.198303979125896,2.8701891715590344,9.328114807566863,87.8016960208741,5.6751467710371815,82.12654924983693
E00012565,663,75,27,48,588,30,558,11.312217194570136,4.072398190045249,7.239819004524888,88.68778280542986,4.524886877828054,84.16289592760181
E00012566,364,68,42,26,296,15,281,18.681318681318682,11.538461538461538,7.142857142857142,81.31868131868131,4.1208791208791204,77.1978021978022
E00012567,417,76,37,39,341,24,317,18.225419664268586,8.872901678657074,9.352517985611511,81.77458033573141,5.755395683453238,76.01918465227818
E00012568,262,34,12,22,228,9,219,12.977099236641221,4.580152671755725,8.396946564885496,87.02290076335878,3.435114503816794,83.58778625954199
E00012569,380,98,40,58,282,26,256,25.789473684210527,10.526315789473683,15.263157894736842,74.21052631578947,6.842105263157896,67.36842105263158
E00012570,353,43,15,28,310,28,282,12.181303116147308,4.2492917847025495,7.932011331444759,87.81869688385268,7.932011331444759,79.88668555240793
E00012571,438,105,56,49,333,17,316,23.972602739726025,12.785388127853881,11.187214611872145,76.02739726027397,3.881278538812785,72.14611872146118
E00012572,430,67,36,31,363,13,350,15.58139534883721,8.372093023255815,7.209302325581396,84.41860465116278,3.0232558139534884,81.3953488372093
E00012573,499,75,39,36,424,28,396,15.030060120240481,7.8156312625250495,7.214428857715431,84.96993987975952,5.61122244488978,79.35871743486975
E00012574,446,35,5,30,411,27,384,7.847533632286996,1.1210762331838564,6.726457399103139,92.152466367713,6.053811659192825,86.09865470852019
E00012575,462,95,47,48,367,20,347,20.562770562770563,10.173160173160174,10.38961038961039,79.43722943722943,4.329004329004329,75.10822510822511
E00012576,367,62,33,29,305,13,292,16.893732970027248,8.991825613079019,7.901907356948229,83.10626702997274,3.5422343324250685,79.56403269754769
E00012577,376,50,23,27,326,15,311,13.297872340425531,6.117021276595745,7.180851063829788,86.70212765957447,3.9893617021276597,82.7127659574468
E00012578,365,71,33,38,294,9,285,19.45205479452055,9.04109589041096,10.41095890410959,80.54794520547945,2.4657534246575343,78.08219178082192
E00012579,304,61,28,33,243,23,220,20.065789473684212,9.210526315789473,10.855263157894738,79.93421052631578,7.565789473684211,72.36842105263158
E00012580,376,58,25,33,318,14,304,15.425531914893616,6.648936170212766,8.77659574468085,84.57446808510637,3.723404255319149,80.85106382978722
E00012581,148,40,19,21,108,2,106,27.027027027027028,12.837837837837837,14.18918918918919,72.97297297297297,1.3513513513513513,71.62162162162163
E00012582,312,24,9,15,288,21,267,7.6923076923076925,2.8846153846153846,4.807692307692308,92.3076923076923,6.730769230769231,85.57692307692307
E00012583,374,103,61,42,271,19,252,27.540106951871657,16.31016042780749,11.229946524064172,72.45989304812835,5.080213903743315,67.37967914438502
E00012584,377,49,20,29,328,25,303,12.9973474801061,5.305039787798409,7.6923076923076925,87.0026525198939,6.631299734748011,80.37135278514589
E00012585,288,45,15,30,243,15,228,15.625,5.208333333333334,10.416666666666668,84.375,5.208333333333334,79.16666666666666
E00012587,311,47,14,33,264,13,251,15.112540192926044,4.501607717041801,10.610932475884244,84.88745980707395,4.180064308681672,80.70739549839229
E00012590,490,51,17,34,439,15,424,10.408163265306122,3.4693877551020407,6.938775510204081,89.59183673469387,3.061224489795918,86.53061224489797
E00012591,355,74,38,36,281,17,264,20.845070422535212,10.704225352112676,10.140845070422536,79.15492957746478,4.788732394366197,74.36619718309859
E00012592,343,38,18,20,305,16,289,11.078717201166182,5.247813411078718,5.830903790087463,88.92128279883383,4.664723032069971,84.25655976676384
E00012593,334,61,25,36,273,15,258,18.263473053892216,7.48502994011976,10.778443113772456,81.73652694610777,4.491017964071856,77.24550898203593
E00012594,364,45,17,28,319,15,304,12.362637362637363,4.670329670329671,7.6923076923076925,87.63736263736264,4.1208791208791204,83.51648351648352
E00012595,380,46,22,24,334,14,320,12.105263157894736,5.7894736842105265,6.315789473684211,87.89473684210526,3.684210526315789,84.21052631578947
E00012596,312,52,16,36,260,15,245,16.666666666666664,5.128205128205128,11.538461538461538,83.33333333333334,4.807692307692308,78.52564102564102
E00012597,353,49,19,30,304,18,286,13.881019830028329,5.382436260623229,8.498583569405099,86.11898016997166,5.099150141643059,81.01983002832861
E00012599,370,61,23,38,309,11,298,16.486486486486488,6.216216216216217,10.27027027027027,83.51351351351352,2.9729729729729732,80.54054054054053
E00012600,299,42,18,24,257,12,245,14.046822742474916,6.0200668896321075,8.02675585284281,85.95317725752508,4.013377926421405,81.93979933110369
E00012601,530,121,69,52,409,23,386,22.830188679245282,13.018867924528301,9.811320754716983,77.16981132075472,4.3396226415094334,72.83018867924528
E00012602,418,45,21,24,373,13,360,10.76555023923445,5.023923444976076,5.741626794258373,89.23444976076556,3.110047846889952,86.1244019138756
E00012603,500,75,38,37,425,18,407,15,7.6,7.3999999999999995,85,3.5999999999999996,81.39999999999999
E00012604,295,45,22,23,250,14,236,15.254237288135593,7.457627118644068,7.796610169491526,84.7457627118644,4.745762711864407,80
E00012605,491,71,29,42,420,29,391,14.460285132382891,5.906313645621181,8.55397148676171,85.539714867617107,5.906313645621181,79.63340122199592
E00012606,535,42,17,25,493,29,464,7.850467289719626,3.177570093457944,4.672897196261682,92.14953271028037,5.420560747663552,86.72897196261682
E00012607,345,58,18,40,287,20,267,16.81159420289855,5.217391304347826,11.594202898550725,83.18840579710145,5.797101449275362,77.39130434782608
E00012608,300,40,16,24,260,18,242,13.333333333333334,5.333333333333334,8,86.66666666666667,6,80.66666666666666
E00012609,239,39,15,24,200,14,186,16.317991631799163,6.2761506276150625,10.0418410041841,83.68200836820083,5.857740585774058,77.82426778242679
E00012610,258,42,15,27,216,18,198,16.27906976744186,5.813953488372093,10.465116279069768,83.72093023255815,6.976744186046512,76.74418604651163
E00012611,323,43,17,26,280,34,246,13.312693498452013,5.263157894736842,8.04953560371517,86.687306501548,10.526315789473683,76.16099071207431
E00012613,245,23,4,19,222,17,205,9.387755102040817,1.6326530612244898,7.755102040816326,90.61224489795919,6.938775510204081,83.6734693877551
E00012614,316,20,5,15,296,26,270,6.329113924050633,1.5822784810126582,4.746835443037975,93.67088607594937,8.227848101265822,85.44303797468355
E00012615,272,46,18,28,226,22,204,16.911764705882355,6.61764705882353,10.294117647058822,83.08823529411765,8.088235294117647,75
E00012617,242,15,4,11,227,14,213,6.198347107438017,1.6528925619834711,4.545454545454546,93.80165289256198,5.785123966942149,88.01652892561982
E00012618,404,49,20,29,355,23,332,12.128712871287128,4.9504950495049505,7.1782178217821775,87.87128712871286,5.693069306930694,82.17821782178217
E00012619,255,23,11,12,232,22,210,9.019607843137255,4.313725490196078,4.705882352941177,90.98039215686275,8.627450980392156,82.35294117647058
E00012621,238,55,23,32,183,20,163,23.10924369747899,9.663865546218489,13.445378151260504,76.89075630252101,8.403361344537815,68.4873949579832
E00012622,251,36,8,28,215,12,203,14.342629482071715,3.187250996015936,11.155378486055776,85.65737051792829,4.780876494023905,80.87649402390437
E00012623,319,53,27,26,266,21,245,16.614420062695924,8.463949843260188,8.150470219435736,83.38557993730407,6.583072100313479,76.8025078369906
E00012624,317,53,20,33,264,21,243,16.7192429022082,6.309148264984227,10.410094637223976,83.2807570977918,6.624605678233439,76.65615141955836
E00012625,354,53,21,32,301,21,280,14.971751412429379,5.932203389830509,9.03954802259887,85.02824858757062,5.932203389830509,79.09604519774011
E00012626,320,50,22,28,270,27,243,15.625,6.875000000000001,8.75,84.375,8.4375,75.9375
E00012627,276,47,23,24,229,11,218,17.02898550724638,8.333333333333332,8.695652173913043,82.97101449275362,3.985507246376811,78.98550724637681
E00012628,245,30,9,21,215,10,205,12.244897959183673,3.6734693877551026,8.571428571428571,87.75510204081633,4.081632653061225,83.6734693877551
E00012629,338,50,25,25,288,26,262,14.792899408284024,7.396449704142012,7.396449704142012,85.20710059171599,7.6923076923076925,77.51479289940828
E00012630,358,47,19,28,311,32,279,13.128491620111731,5.307262569832402,7.82122905027933,86.87150837988827,8.938547486033519,77.93296089385476
E00012631,374,50,15,35,324,28,296,13.368983957219251,4.0106951871657754,9.358288770053475,86.63101604278076,7.4866310160427805,79.14438502673798
E00012632,340,57,28,29,283,12,271,16.76470588235294,8.235294117647058,8.529411764705882,83.23529411764706,3.5294117647058822,79.70588235294119
E00012633,285,40,14,26,245,16,229,14.035087719298245,4.912280701754386,9.12280701754386,85.96491228070175,5.614035087719298,80.35087719298247
E00012634,259,37,15,22,222,21,201,14.285714285714285,5.7915057915057915,8.494208494208493,85.71428571428571,8.108108108108109,77.60617760617761
E00012635,346,37,8,29,309,22,287,10.69364161849711,2.312138728323699,8.38150289017341,89.30635838150289,6.358381502890173,82.94797687861272
E00012636,332,41,15,26,291,25,266,12.349397590361445,4.518072289156627,7.83132530120482,87.65060240963855,7.530120481927711,80.12048192771084
E00012637,334,41,14,27,293,13,280,12.275449101796406,4.191616766467066,8.08383233532934,87.72455089820359,3.8922155688622757,83.8323353293413
E00012638,422,53,21,32,369,16,353,12.559241706161137,4.976303317535545,7.5829383886255926,87.44075829383885,3.7914691943127963,83.64928909952607
E00012639,413,33,13,20,380,9,371,7.990314769975787,3.14769975786925,4.8426150121065374,92.00968523002422,2.1791767554479415,89.83050847457628
E00012640,524,60,21,39,464,13,451,11.450381679389313,4.007633587786259,7.442748091603053,88.54961832061069,2.480916030534351,86.06870229007633
E00012641,370,39,13,26,331,5,326,10.54054054054054,3.5135135135135136,7.027027027027027,89.45945945945945,1.3513513513513513,88.10810810810811
E00012642,496,65,27,38,431,14,417,13.104838709677418,5.443548387096774,7.661290322580645,86.89516129032258,2.82258064516129,84.07258064516128
E00012643,365,85,32,53,280,11,269,23.28767123287671,8.767123287671232,14.520547945205479,76.71232876712328,3.0136986301369864,73.6986301369863
E00012644,385,30,7,23,355,10,345,7.792207792207792,1.8181818181818181,5.974025974025974,92.20779220779221,2.5974025974025974,89.6103896103896
E00012645,385,39,24,15,346,15,331,10.129870129870131,6.233766233766234,3.896103896103896,89.87012987012987,3.896103896103896,85.97402597402596
E00012646,412,37,15,22,375,12,363,8.980582524271846,3.640776699029126,5.339805825242718,91.01941747572816,2.912621359223301,88.10679611650485
E00012647,400,52,31,21,348,11,337,13,7.75,5.25,87,2.75,84.25
E00012648,404,35,15,20,369,18,351,8.663366336633663,3.7128712871287126,4.9504950495049505,91.33663366336634,4.455445544554455,86.88118811881188
E00012649,448,42,20,22,406,5,401,9.375,4.464285714285714,4.910714285714286,90.625,1.1160714285714286,89.50892857142857
E00012650,443,52,28,24,391,14,377,11.738148984198645,6.320541760722348,5.417607223476298,88.26185101580135,3.160270880361174,85.10158013544017
E00012651,517,45,26,19,472,16,456,8.704061895551257,5.029013539651837,3.67504835589942,91.29593810444874,3.0947775628626695,88.20116054158608
E00012652,356,51,21,30,305,11,294,14.325842696629213,5.8988764044943816,8.426966292134832,85.67415730337079,3.089887640449438,82.58426966292134
E00012653,444,56,17,39,388,10,378,12.612612612612612,3.8288288288288284,8.783783783783784,87.38738738738738,2.2522522522522523,85.13513513513513
E00012654,354,50,25,25,304,14,290,14.124293785310735,7.062146892655368,7.062146892655368,85.87570621468926,3.954802259887006,81.92090395480226
E00012656,346,44,21,23,302,13,289,12.716763005780345,6.069364161849711,6.6473988439306355,87.28323699421965,3.7572254335260116,83.52601156069365
E00012657,388,49,16,33,339,17,322,12.628865979381443,4.123711340206185,8.505154639175258,87.37113402061856,4.381443298969072,82.9896907216495
E00012658,360,42,16,26,318,20,298,11.666666666666666,4.444444444444445,7.222222222222221,88.33333333333333,5.555555555555555,82.77777777777777
E00012659,498,35,15,20,463,21,442,7.028112449799197,3.0120481927710845,4.016064257028113,92.9718875502008,4.216867469879518,88.75502008032129
E00012660,299,37,10,27,262,15,247,12.37458193979933,3.3444816053511706,9.03010033444816,87.62541806020067,5.016722408026756,82.6086956521739
E00012661,394,51,29,22,343,11,332,12.944162436548224,7.3604060913705585,5.583756345177665,87.05583756345177,2.7918781725888326,84.26395939086294
E00012662,325,43,10,33,282,19,263,13.230769230769232,3.076923076923077,10.153846153846153,86.76923076923076,5.846153846153846,80.92307692307692
E00012663,434,45,24,21,389,14,375,10.368663594470046,5.529953917050691,4.838709677419355,89.63133640552995,3.225806451612903,86.40552995391705
E00012664,276,21,5,16,255,10,245,7.608695652173914,1.8115942028985508,5.797101449275362,92.3913043478261,3.6231884057971016,88.76811594202898
E00012665,409,44,23,21,365,10,355,10.757946210268948,5.623471882640587,5.134474327628362,89.24205378973105,2.444987775061125,86.79706601466992
E00012666,353,28,10,18,325,11,314,7.932011331444759,2.8328611898017,5.099150141643059,92.06798866855524,3.1161473087818696,88.95184135977338
E00012667,388,50,27,23,338,17,321,12.886597938144329,6.958762886597938,5.927835051546391,87.11340206185567,4.381443298969072,82.73195876288659
E00012668,321,41,18,23,280,11,269,12.77258566978193,5.607476635514018,7.165109034267912,87.22741433021807,3.4267912772585665,83.8006230529595
E00012669,386,49,23,26,337,13,324,12.694300518134716,5.958549222797927,6.7357512953367875,87.30569948186529,3.3678756476683938,83.93782383419689
E00012670,378,46,19,27,332,12,320,12.16931216931217,5.026455026455026,7.142857142857142,87.83068783068782,3.1746031746031744,84.65608465608466
E00012671,290,40,21,19,250,12,238,13.793103448275861,7.241379310344828,6.551724137931035,86.20689655172413,4.137931034482759,82.06896551724138
E00012672,347,58,26,32,289,11,278,16.714697406340058,7.492795389048991,9.221902017291066,83.28530259365994,3.170028818443804,80.11527377521614
E00012673,314,36,18,18,278,11,267,11.464968152866243,5.7324840764331215,5.7324840764331215,88.53503184713377,3.5031847133757963,85.03184713375796
E00012674,220,22,8,14,198,15,183,10,3.6363636363636362,6.363636363636363,90,6.8181818181818175,83.18181818181817
E00012675,340,67,29,38,273,7,266,19.705882352941178,8.529411764705882,11.176470588235295,80.29411764705883,2.0588235294117645,78.23529411764706
E00012676,258,47,24,23,211,11,200,18.217054263565892,9.30232558139535,8.914728682170542,81.78294573643412,4.263565891472868,77.51937984496125
E00012677,239,32,14,18,207,5,202,13.389121338912133,5.857740585774058,7.531380753138076,86.61087866108787,2.092050209205021,84.51882845188284
E00012678,416,61,32,29,355,21,334,14.663461538461538,7.6923076923076925,6.971153846153847,85.33653846153845,5.048076923076923,80.28846153846155
E00012679,223,26,9,17,197,17,180,11.659192825112108,4.0358744394618835,7.623318385650224,88.34080717488789,7.623318385650224,80.71748878923766
E00012680,319,43,15,28,276,16,260,13.479623824451412,4.702194357366771,8.77742946708464,86.52037617554859,5.015673981191222,81.50470219435736
E00012681,337,47,22,25,290,16,274,13.94658753709199,6.528189910979229,7.418397626112759,86.05341246290801,4.747774480712167,81.30563798219585
E00012682,401,55,19,36,346,18,328,13.715710723192021,4.738154613466334,8.977556109725686,86.28428927680798,4.488778054862843,81.79551122194513
E00012683,544,111,65,46,433,31,402,20.40441176470588,11.948529411764707,8.455882352941178,79.59558823529412,5.698529411764706,73.89705882352942
E00012684,256,28,10,18,228,10,218,10.9375,3.90625,7.03125,89.0625,3.90625,85.15625
E00012685,280,57,28,29,223,17,206,20.357142857142858,10,10.357142857142858,79.64285714285714,6.071428571428571,73.57142857142858
E00012686,397,68,24,44,329,11,318,17.12846347607053,6.045340050377834,11.083123425692696,82.87153652392946,2.770780856423174,80.10075566750629
E00012687,405,68,25,43,337,28,309,16.790123456790123,6.172839506172839,10.617283950617285,83.20987654320989,6.91358024691358,76.29629629629629
E00012688,553,51,20,31,502,22,480,9.22242314647378,3.616636528028933,5.605786618444846,90.77757685352623,3.9783001808318263,86.79927667269439
E00012689,315,60,30,30,255,15,240,19.047619047619047,9.523809523809524,9.523809523809524,80.95238095238095,4.761904761904762,76.19047619047619
E00012690,392,72,28,44,320,21,299,18.367346938775512,7.142857142857142,11.224489795918368,81.63265306122449,5.357142857142857,76.27551020408163
E00012691,537,54,20,34,483,36,447,10.05586592178771,3.7243947858473,6.33147113594041,89.94413407821229,6.70391061452514,83.24022346368714
E00012692,617,64,28,36,553,23,530,10.372771474878444,4.538087520259319,5.834683954619125,89.62722852512157,3.727714748784441,85.89951377633712
E00012693,416,59,24,35,357,24,333,14.182692307692307,5.769230769230769,8.413461538461538,85.8173076923077,5.769230769230769,80.04807692307693
E00012694,374,47,20,27,327,17,310,12.566844919786096,5.347593582887701,7.219251336898395,87.43315508021391,4.545454545454546,82.88770053475936
E00012695,428,59,24,35,369,22,347,13.785046728971961,5.607476635514018,8.177570093457943,86.21495327102804,5.14018691588785,81.07476635514018
E00012696,388,53,30,23,335,11,324,13.65979381443299,7.731958762886598,5.927835051546391,86.34020618556701,2.8350515463917527,83.50515463917526
E00012697,442,49,23,26,393,22,371,11.085972850678733,5.203619909502263,5.88235294117647,88.91402714932126,4.97737556561086,83.93665158371041
E00012698,502,42,14,28,460,23,437,8.366533864541832,2.788844621513944,5.577689243027888,91.63346613545816,4.581673306772909,87.05179282868527
E00012700,384,69,34,35,315,14,301,17.96875,8.854166666666668,9.114583333333332,82.03125,3.6458333333333335,78.38541666666666
E00012703,213,47,17,30,166,18,148,22.065727699530516,7.981220657276995,14.084507042253522,77.93427230046949,8.450704225352112,69.48356807511738
E00012704,472,82,37,45,390,10,380,17.372881355932204,7.838983050847458,9.533898305084746,82.62711864406779,2.11864406779661,80.50847457627118
E00012705,344,39,11,28,305,11,294,11.337209302325581,3.1976744186046515,8.13953488372093,88.66279069767442,3.1976744186046515,85.46511627906976
E00012706,432,64,37,27,368,18,350,14.814814814814813,8.564814814814815,6.25,85.18518518518519,4.166666666666666,81.01851851851852
E00012707,488,46,20,26,442,23,419,9.426229508196721,4.098360655737705,5.327868852459016,90.57377049180327,4.713114754098361,85.86065573770492
E00012708,328,34,21,13,294,21,273,10.365853658536585,6.402439024390244,3.9634146341463414,89.63414634146342,6.402439024390244,83.23170731707317
E00012709,182,22,8,14,160,4,156,12.087912087912088,4.395604395604396,7.6923076923076925,87.91208791208791,2.197802197802198,85.71428571428571
E00012710,335,62,29,33,273,16,257,18.507462686567163,8.656716417910449,9.850746268656717,81.49253731343283,4.776119402985075,76.71641791044776
E00012711,328,55,23,32,273,12,261,16.76829268292683,7.01219512195122,9.75609756097561,83.23170731707317,3.6585365853658534,79.57317073170732
E00012712,345,53,24,29,292,15,277,15.36231884057971,6.956521739130435,8.405797101449275,84.63768115942028,4.3478260869565215,80.28985507246377
E00165802,310,24,5,19,286,12,274,7.741935483870968,1.6129032258064515,6.129032258064516,92.25806451612904,3.870967741935484,88.38709677419355
E00176455,298,43,9,34,255,21,234,14.429530201342283,3.0201342281879198,11.409395973154362,85.57046979865773,7.046979865771812,78.52348993288591
E00176456,1600,252,59,193,1348,85,1263,15.75,3.6875,12.0625,84.25,5.3125,78.9375
E00176457,303,28,13,15,275,19,256,9.24092409240924,4.29042904290429,4.9504950495049505,90.75907590759076,6.270627062706271,84.48844884488449
E00176458,419,47,17,30,372,20,352,11.217183770883054,4.05727923627685,7.159904534606206,88.78281622911695,4.77326968973747,84.00954653937947
E00176459,189,17,8,9,172,4,168,8.994708994708994,4.232804232804233,4.761904761904762,91.005291005291,2.1164021164021163,88.88888888888889
E00176460,326,48,18,30,278,21,257,14.723926380368098,5.521472392638037,9.202453987730062,85.2760736196319,6.441717791411043,78.83435582822086
E00176461,279,22,4,18,257,11,246,7.885304659498208,1.4336917562724014,6.451612903225806,92.1146953405018,3.942652329749104,88.17204301075269
E00176462,333,43,30,13,290,10,280,12.912912912912914,9.00900900900901,3.903903903903904,87.08708708708708,3.003003003003003,84.08408408408408
E00176463,278,40,13,27,238,10,228,14.388489208633093,4.676258992805756,9.712230215827338,85.61151079136691,3.5971223021582732,82.01438848920863
E00176464,330,33,17,16,297,18,279,10,5.151515151515151,4.848484848484849,90,5.454545454545454,84.54545454545455
E00176465,536,63,26,37,473,25,448,11.753731343283583,4.850746268656716,6.902985074626866,88.24626865671642,4.664179104477612,83.5820895522388
E00176471,395,60,28,32,335,11,324,15.18987341772152,7.088607594936709,8.10126582278481,84.81012658227847,2.7848101265822782,82.02531645569621
E00176472,339,43,20,23,296,24,272,12.684365781710916,5.899705014749262,6.784660766961652,87.31563421828909,7.079646017699115,80.23598820058997
E00176473,322,30,11,19,292,10,282,9.316770186335404,3.4161490683229814,5.900621118012422,90.6832298136646,3.1055900621118013,87.5776397515528
E00176474,345,35,11,24,310,14,296,10.144927536231885,3.1884057971014492,6.956521739130435,89.85507246376811,4.057971014492753,85.79710144927536
E00176475,288,18,6,12,270,32,238,6.25,2.083333333333333,4.166666666666666,93.75,11.11111111111111,82.63888888888889
E00176476,224,70,47,23,154,9,145,31.25,20.982142857142858,10.267857142857142,68.75,4.017857142857143,64.73214285714286
E00176477,365,36,16,20,329,16,313,9.863013698630137,4.383561643835616,5.47945205479452,90.13698630136986,4.383561643835616,85.75342465753425
E00176478,134,23,8,15,111,7,104,17.16417910447761,5.970149253731343,11.194029850746269,82.83582089552239,5.223880597014925,77.61194029850746
E00176479,316,20,5,15,296,15,281,6.329113924050633,1.5822784810126582,4.746835443037975,93.67088607594937,4.746835443037975,88.92405063291139
E00176480,201,27,16,11,174,7,167,13.432835820895523,7.960199004975125,5.472636815920398,86.56716417910447,3.482587064676617,83.08457711442786
E00176481,303,49,18,31,254,10,244,16.17161716171617,5.9405940594059405,10.231023102310232,83.82838283828383,3.3003300330033,80.52805280528052
E00176482,350,70,38,32,280,19,261,20,10.857142857142858,9.142857142857142,80,5.428571428571429,74.57142857142857
E00176483,178,37,18,19,141,10,131,20.786516853932586,10.112359550561797,10.674157303370785,79.21348314606742,5.617977528089887,73.59550561797754
E00184388,375,16,6,10,359,14,345,4.266666666666667,1.6,2.666666666666667,95.73333333333333,3.733333333333334,92
E00184393,457,32,11,21,425,14,411,7.00218818380744,2.4070021881838075,4.595185995623632,92.99781181619255,3.063457330415755,89.93435448577681
E00184395,119,7,2,5,112,6,106,5.88235294117647,1.680672268907563,4.201680672268908,94.11764705882352,5.042016806722689,89.07563025210085
E00184396,330,10,1,9,320,5,315,3.0303030303030303,0.30303030303030304,2.727272727272727,96.96969696969697,1.5151515151515151,95.45454545454545
E00184398,132,22,10,12,110,3,107,16.666666666666664,7.575757575757576,9.090909090909092,83.33333333333334,2.272727272727273,81.06060606060606
E00184404,524,51,14,37,473,30,443,9.732824427480915,2.6717557251908395,7.061068702290077,90.2671755725191,5.7251908396946565,84.54198473282443
E00184405,347,22,5,17,325,16,309,6.340057636887608,1.440922190201729,4.899135446685879,93.65994236311239,4.610951008645533,89.04899135446685
E00184409,380,44,12,32,336,24,312,11.578947368421053,3.1578947368421053,8.421052631578947,88.42105263157895,6.315789473684211,82.10526315789474
E00184410,567,40,17,23,527,19,508,7.054673721340388,2.9982363315696645,4.056437389770723,92.9453262786596,3.3509700176366843,89.59435626102292
E00184412,163,4,0,4,159,11,148,2.4539877300613497,0,2.4539877300613497,97.54601226993866,6.748466257668712,90.79754601226993
E00184414,261,30,13,17,231,17,214,11.494252873563218,4.980842911877394,6.513409961685824,88.50574712643679,6.513409961685824,81.99233716475096
E00184415,232,30,12,18,202,15,187,12.931034482758621,5.172413793103448,7.758620689655173,87.06896551724138,6.4655172413793105,80.60344827586206
E00184416,590,50,15,35,540,41,499,8.47457627118644,2.5423728813559325,5.932203389830509,91.52542372881356,6.9491525423728815,84.57627118644068
E00184417,443,43,13,30,400,16,384,9.706546275395034,2.9345372460496613,6.772009029345373,90.29345372460497,3.611738148984198,86.68171557562077
E00184419,288,5,0,5,283,13,270,1.7361111111111112,0,1.7361111111111112,98.26388888888889,4.513888888888888,93.75
E00184421,118,9,4,5,109,4,105,7.627118644067797,3.389830508474576,4.23728813559322,92.37288135593221,3.389830508474576,88.98305084745762
E00184422,140,21,6,15,119,11,108,15,4.285714285714286,10.714285714285714,85,7.857142857142857,77.14285714285715
E00184423,238,84,65,19,154,10,144,35.294117647058826,27.310924369747898,7.9831932773109235,64.70588235294117,4.201680672268908,60.50420168067227
E00184424,305,23,4,19,282,14,268,7.540983606557377,1.3114754098360655,6.229508196721312,92.45901639344262,4.590163934426229,87.8688524590164
E00184425,211,30,13,17,181,8,173,14.218009478672986,6.161137440758294,8.056872037914692,85.78199052132702,3.7914691943127963,81.99052132701422
E00184433,555,42,16,26,513,26,487,7.567567567567568,2.8828828828828827,4.684684684684685,92.43243243243244,4.684684684684685,87.74774774774775
E00184435,182,29,12,17,153,4,149,15.934065934065933,6.593406593406594,9.340659340659341,84.06593406593407,2.197802197802198,81.86813186813187
E00184438,284,23,14,9,261,11,250,8.098591549295776,4.929577464788732,3.169014084507042,91.90140845070422,3.873239436619718,88.02816901408451
E00184439,401,16,9,7,385,17,368,3.99002493765586,2.2443890274314215,1.7456359102244388,96.00997506234414,4.239401496259352,91.77057356608479
E00184444,527,64,30,34,463,27,436,12.144212523719165,5.692599620493358,6.451612903225806,87.85578747628084,5.1233396584440225,82.73244781783681
E00184445,160,15,3,12,145,11,134,9.375,1.875,7.5,90.625,6.875000000000001,83.75
E00184448,500,51,18,33,449,13,436,10.2,3.5999999999999996,6.6000000000000005,89.8,2.6,87.2
E00184449,567,106,56,50,461,20,441,18.69488536155203,9.876543209876543,8.818342151675484,81.30511463844798,3.527336860670194,77.77777777777779
E00184453,568,54,16,38,514,21,493,9.507042253521126,2.8169014084507045,6.690140845070422,90.49295774647888,3.697183098591549,86.79577464788733
E00184455,343,20,6,14,323,12,311,5.830903790087463,1.749271137026239,4.081632653061225,94.16909620991254,3.498542274052478,90.67055393586006
E00184456,479,55,29,26,424,13,411,11.482254697286013,6.05427974947808,5.427974947807933,88.51774530271399,2.7139874739039667,85.80375782881002
E00184457,375,27,11,16,348,18,330,7.199999999999999,2.933333333333333,4.266666666666667,92.80000000000001,4.8,88
E00184458,596,46,25,21,550,24,526,7.718120805369128,4.194630872483222,3.523489932885906,92.28187919463086,4.026845637583892,88.25503355704699
E00184459,378,62,40,22,316,17,299,16.402116402116402,10.582010582010582,5.82010582010582,83.5978835978836,4.497354497354497,79.1005291005291
E00184461,137,23,12,11,114,3,111,16.78832116788321,8.75912408759124,8.02919708029197,83.21167883211679,2.18978102189781,81.02189781021897
E00184462,291,30,10,20,261,10,251,10.309278350515463,3.436426116838488,6.872852233676976,89.69072164948454,3.436426116838488,86.25429553264605
E00184463,195,25,8,17,170,5,165,12.82051282051282,4.102564102564102,8.717948717948717,87.17948717948718,2.564102564102564,84.61538461538461
E00184465,300,20,6,14,280,7,273,6.666666666666667,2,4.666666666666667,93.33333333333333,2.3333333333333335,91
E00184466,161,14,6,8,147,1,146,8.695652173913043,3.7267080745341614,4.968944099378882,91.30434782608695,0.6211180124223602,90.6832298136646
E00184468,143,9,3,6,134,5,129,6.293706293706294,2.097902097902098,4.195804195804196,93.7062937062937,3.4965034965034967,90.20979020979021
E00184471,145,5,1,4,140,5,135,3.4482758620689653,0.6896551724137931,2.7586206896551726,96.55172413793103,3.4482758620689653,93.10344827586206
E00184474,214,31,21,10,183,6,177,14.485981308411214,9.813084112149532,4.672897196261682,85.51401869158879,2.803738317757009,82.71028037383178
E00184475,576,78,39,39,498,25,473,13.541666666666666,6.770833333333333,6.770833333333333,86.45833333333334,4.340277777777778,82.11805555555556
E00184476,157,13,3,10,144,4,140,8.280254777070063,1.910828025477707,6.369426751592357,91.71974522292994,2.547770700636943,89.171974522293
E00184477,306,39,23,16,267,6,261,12.745098039215685,7.516339869281046,5.228758169934641,87.25490196078431,1.9607843137254901,85.29411764705883
E00184478,303,26,5,21,277,20,257,8.58085808580858,1.65016501650165,6.9306930693069315,91.41914191419141,6.6006600660066,84.81848184818482
E00184479,110,6,0,6,104,10,94,5.454545454545454,0,5.454545454545454,94.54545454545455,9.090909090909092,85.45454545454545
E00184484,519,39,20,19,480,18,462,7.514450867052023,3.8535645472061653,3.6608863198458574,92.48554913294798,3.4682080924855487,89.01734104046243
E00184485,205,14,3,11,191,11,180,6.829268292682928,1.4634146341463417,5.365853658536586,93.17073170731707,5.365853658536586,87.8048780487805
E00184486,591,78,40,38,513,26,487,13.19796954314721,6.768189509306261,6.429780033840947,86.80203045685279,4.39932318104907,82.40270727580372
E00184487,191,48,22,26,143,10,133,25.13089005235602,11.518324607329843,13.612565445026178,74.86910994764398,5.2356020942408374,69.63350785340315
E00184495,192,22,16,6,170,5,165,11.458333333333332,8.333333333333332,3.125,88.54166666666666,2.604166666666667,85.9375
E00184496,546,49,13,36,497,28,469,8.974358974358974,2.380952380952381,6.593406593406594,91.02564102564102,5.128205128205128,85.8974358974359
E00184497,354,26,7,19,328,19,309,7.344632768361582,1.977401129943503,5.367231638418079,92.65536723163842,5.367231638418079,87.28813559322035
E00184500,155,17,4,13,138,5,133,10.967741935483872,2.5806451612903225,8.38709677419355,89.03225806451613,3.225806451612903,85.80645161290322
E00184502,370,38,16,22,332,15,317,10.27027027027027,4.324324324324325,5.9459459459459465,89.72972972972974,4.054054054054054,85.67567567567568
E00184504,493,44,16,28,449,19,430,8.924949290060852,3.2454361054766734,5.679513184584178,91.07505070993915,3.8539553752535496,87.2210953346856
E00184505,148,14,3,11,134,5,129,9.45945945945946,2.027027027027027,7.4324324324324325,90.54054054054053,3.3783783783783785,87.16216216216216
E00184507,608,70,32,38,538,20,518,11.513157894736842,5.263157894736842,6.25,88.48684210526315,3.289473684210526,85.19736842105263
E00184510,154,19,12,7,135,8,127,12.337662337662337,7.792207792207792,4.545454545454546,87.66233766233766,5.194805194805195,82.46753246753246
E00184511,396,31,15,16,365,14,351,7.828282828282829,3.787878787878788,4.040404040404041,92.17171717171718,3.535353535353535,88.63636363636364
E00184515,479,50,20,30,429,17,412,10.438413361169102,4.175365344467641,6.263048016701461,89.56158663883089,3.549060542797495,86.0125260960334
E00184516,340,41,11,30,299,39,260,12.058823529411764,3.2352941176470593,8.823529411764707,87.94117647058823,11.470588235294118,76.47058823529412
E00184517,286,22,14,8,264,5,259,7.6923076923076925,4.895104895104895,2.797202797202797,92.3076923076923,1.7482517482517483,90.55944055944056
E00184519,200,33,13,20,167,11,156,16.5,6.5,10,83.5,5.5,78
E00184521,271,27,12,15,244,10,234,9.96309963099631,4.428044280442804,5.535055350553505,90.03690036900369,3.6900369003690034,86.34686346863468
E00184524,390,67,34,33,323,22,301,17.17948717948718,8.717948717948717,8.461538461538462,82.82051282051283,5.641025641025641,77.17948717948718
E00184525,159,24,12,12,135,3,132,15.09433962264151,7.547169811320755,7.547169811320755,84.90566037735849,1.8867924528301887,83.01886792452831
E00184526,400,32,17,15,368,18,350,8,4.25,3.75,92,4.5,87.5
E00184527,238,20,7,13,218,6,212,8.403361344537815,2.941176470588235,5.46218487394958,91.59663865546219,2.5210084033613445,89.07563025210085
E00184528,281,12,3,9,269,18,251,4.270462633451958,1.0676156583629894,3.202846975088968,95.72953736654804,6.405693950177936,89.32384341637011
E00184530,317,28,6,22,289,21,268,8.832807570977918,1.8927444794952681,6.940063091482649,91.16719242902208,6.624605678233439,84.54258675078864
E00184531,502,61,29,32,441,19,422,12.151394422310757,5.776892430278884,6.374501992031872,87.84860557768924,3.7848605577689245,84.06374501992032
E00184534,154,9,2,7,145,7,138,5.844155844155844,1.2987012987012987,4.545454545454546,94.15584415584416,4.545454545454546,89.6103896103896
E00184535,157,16,9,7,141,6,135,10.191082802547772,5.7324840764331215,4.45859872611465,89.80891719745223,3.821656050955414,85.98726114649682
E00184538,154,21,6,15,133,9,124,13.636363636363635,3.896103896103896,9.740259740259742,86.36363636363636,5.844155844155844,80.51948051948052
E00184539,131,21,9,12,110,6,104,16.030534351145036,6.870229007633588,9.16030534351145,83.96946564885496,4.580152671755725,79.38931297709924
