OA,ts0590001,ts0590002,ts0590003,ts0590004,ts0590005,ts0590006,ts0590007,ts0590002_PCT,ts0590003_PCT,ts0590004_PCT,ts0590005_PCT,ts0590006_PCT,ts0590007_PCT
E00015167,290,48,29,19,242,179,63,16.551724137931036,10,6.551724137931035,83.44827586206897,61.724137931034484,21.72413793103448
E00015168,193,60,23,37,133,102,31,31.088082901554404,11.917098445595855,19.170984455958546,68.9119170984456,52.84974093264248,16.06217616580311
E00015169,126,37,14,23,89,67,22,29.365079365079367,11.11111111111111,18.253968253968253,70.63492063492063,53.17460317460318,17.46031746031746
E00015171,89,31,15,16,58,47,11,34.831460674157306,16.853932584269664,17.97752808988764,65.1685393258427,52.80898876404494,12.359550561797752
E00015172,75,19,10,9,56,44,12,25.333333333333336,13.333333333333334,12,74.66666666666667,58.666666666666664,16
E00015173,123,23,9,14,100,67,33,18.69918699186992,7.317073170731707,11.38211382113821,81.30081300813008,54.47154471544715,26.82926829268293
E00015175,131,36,15,21,95,73,22,27.480916030534353,11.450381679389313,16.030534351145036,72.51908396946564,55.72519083969466,16.793893129770993
E00015176,158,20,14,6,138,90,48,12.658227848101266,8.860759493670885,3.79746835443038,87.34177215189874,56.9620253164557,30.37974683544304
E00015178,74,16,4,12,58,50,8,21.62162162162162,5.405405405405405,16.216216216216218,78.37837837837837,67.56756756756756,10.81081081081081
E00015179,94,28,12,16,66,57,9,29.78723404255319,12.76595744680851,17.02127659574468,70.2127659574468,60.63829787234043,9.574468085106384
E00015181,135,19,6,13,116,90,26,14.074074074074074,4.444444444444445,9.62962962962963,85.92592592592592,66.66666666666666,19.25925925925926
E00015182,118,27,15,12,91,70,21,22.88135593220339,12.711864406779661,10.16949152542373,77.11864406779661,59.32203389830508,17.796610169491526
E00015183,51,17,11,6,34,32,2,33.33333333333333,21.568627450980394,11.76470588235294,66.66666666666666,62.745098039215684,3.9215686274509802
E00015184,134,24,12,12,110,79,31,17.91044776119403,8.955223880597014,8.955223880597014,82.08955223880598,58.95522388059702,23.134328358208954
E00015185,123,23,8,15,100,74,26,18.69918699186992,6.504065040650407,12.195121951219512,81.30081300813008,60.16260162601627,21.138211382113823
E00015186,47,21,9,12,26,23,3,44.680851063829785,19.148936170212767,25.53191489361702,55.319148936170215,48.93617021276596,6.382978723404255
E00015187,130,47,19,28,83,70,13,36.15384615384615,14.615384615384617,21.53846153846154,63.84615384615384,53.84615384615385,10
E00015188,55,19,13,6,36,33,3,34.54545454545455,23.636363636363637,10.909090909090908,65.45454545454545,60,5.454545454545454
E00015189,237,51,19,32,186,150,36,21.518987341772153,8.016877637130802,13.502109704641349,78.48101265822784,63.29113924050633,15.18987341772152
E00015190,175,53,16,37,122,103,19,30.28571428571429,9.142857142857142,21.142857142857142,69.71428571428572,58.857142857142854,10.857142857142858
E00015191,84,19,6,13,65,57,8,22.61904761904762,7.142857142857142,15.476190476190476,77.38095238095238,67.85714285714286,9.523809523809524
E00015192,125,44,20,24,81,74,7,35.199999999999996,16,19.2,64.8,59.199999999999996,5.6000000000000005
E00015193,65,17,7,10,48,34,14,26.153846153846157,10.76923076923077,15.384615384615385,73.84615384615385,52.307692307692314,21.53846153846154
E00015194,77,15,3,12,62,50,12,19.480519480519483,3.896103896103896,15.584415584415584,80.51948051948052,64.93506493506493,15.584415584415584
E00015195,185,53,24,29,132,110,22,28.64864864864865,12.972972972972974,15.675675675675677,71.35135135135135,59.45945945945946,11.891891891891893
E00015196,69,12,7,5,57,40,17,17.391304347826086,10.144927536231885,7.246376811594203,82.6086956521739,57.971014492753625,24.637681159420293
E00015197,110,28,10,18,82,70,12,25.454545454545453,9.090909090909092,16.363636363636363,74.54545454545455,63.63636363636363,10.909090909090908
E00015198,99,23,10,13,76,67,9,23.232323232323232,10.1010101010101,13.131313131313133,76.76767676767676,67.67676767676768,9.090909090909092
E00015199,191,45,16,29,146,94,52,23.56020942408377,8.37696335078534,15.18324607329843,76.43979057591623,49.21465968586388,27.225130890052355
E00015201,193,41,25,16,152,91,61,21.243523316062177,12.953367875647666,8.290155440414509,78.75647668393782,47.15025906735752,31.606217616580313
E00015202,84,24,10,14,60,44,16,28.57142857142857,11.904761904761903,16.666666666666664,71.42857142857143,52.38095238095239,19.047619047619047
E00015203,172,42,10,32,130,106,24,24.418604651162788,5.813953488372093,18.6046511627907,75.5813953488372,61.627906976744185,13.953488372093023
E00015204,230,61,15,46,169,143,26,26.521739130434785,6.521739130434782,20,73.47826086956522,62.17391304347826,11.304347826086957
E00015205,219,46,16,30,173,146,27,21.00456621004566,7.30593607305936,13.698630136986301,78.99543378995433,66.66666666666666,12.32876712328767
E00015206,162,47,15,32,115,106,9,29.01234567901235,9.25925925925926,19.753086419753085,70.98765432098766,65.4320987654321,5.555555555555555
E00015207,295,53,21,32,242,182,60,17.966101694915253,7.118644067796611,10.847457627118644,82.03389830508473,61.694915254237294,20.33898305084746
E00015208,264,40,13,27,224,185,39,15.151515151515152,4.924242424242424,10.227272727272728,84.84848484848484,70.07575757575758,14.772727272727273
E00015209,248,32,11,21,216,179,37,12.903225806451612,4.435483870967742,8.46774193548387,87.09677419354838,72.17741935483872,14.919354838709678
E00015210,193,46,20,26,147,104,43,23.83419689119171,10.362694300518134,13.471502590673575,76.16580310880829,53.8860103626943,22.279792746113987
E00015211,173,32,13,19,141,120,21,18.497109826589593,7.514450867052023,10.982658959537572,81.5028901734104,69.36416184971098,12.138728323699421
E00015212,172,29,15,14,143,115,28,16.86046511627907,8.720930232558139,8.13953488372093,83.13953488372093,66.86046511627907,16.27906976744186
E00015213,209,45,14,31,164,128,36,21.5311004784689,6.698564593301436,14.832535885167463,78.4688995215311,61.24401913875598,17.22488038277512
E00015214,179,55,15,40,124,100,24,30.726256983240223,8.379888268156424,22.3463687150838,69.27374301675978,55.865921787709496,13.40782122905028
E00015215,209,43,17,26,166,133,33,20.574162679425836,8.133971291866029,12.440191387559809,79.42583732057416,63.63636363636363,15.789473684210526
E00015216,135,34,14,20,101,78,23,25.185185185185183,10.37037037037037,14.814814814814813,74.81481481481481,57.77777777777777,17.037037037037038
E00015217,233,37,18,19,196,149,47,15.879828326180256,7.725321888412018,8.15450643776824,84.12017167381974,63.94849785407726,20.171673819742487
E00015218,184,26,8,18,158,123,35,14.130434782608695,4.3478260869565215,9.782608695652174,85.86956521739131,66.84782608695652,19.021739130434785
E00015219,371,34,14,20,337,274,63,9.164420485175203,3.7735849056603774,5.3908355795148255,90.83557951482479,73.8544474393531,16.9811320754717
E00015220,163,31,15,16,132,105,27,19.018404907975462,9.202453987730062,9.815950920245399,80.98159509202453,64.41717791411043,16.56441717791411
E00015221,249,17,8,9,232,193,39,6.827309236947792,3.2128514056224895,3.614457831325301,93.17269076305222,77.51004016064257,15.66265060240964
E00015222,217,30,8,22,187,141,46,13.82488479262673,3.686635944700461,10.138248847926267,86.17511520737328,64.97695852534562,21.19815668202765
E00015223,209,20,5,15,189,164,25,9.569377990430622,2.3923444976076556,7.177033492822966,90.43062200956938,78.4688995215311,11.961722488038278
E00015224,122,30,14,16,92,71,21,24.59016393442623,11.475409836065573,13.114754098360656,75.40983606557377,58.19672131147541,17.21311475409836
E00015225,107,37,19,18,70,61,9,34.57943925233645,17.75700934579439,16.822429906542055,65.42056074766354,57.009345794392516,8.411214953271028
E00015226,156,35,11,24,121,107,14,22.435897435897438,7.051282051282051,15.384615384615385,77.56410256410257,68.58974358974359,8.974358974358974
E00015227,175,42,17,25,133,110,23,24,9.714285714285714,14.285714285714285,76,62.857142857142854,13.142857142857142
E00015228,334,69,29,40,265,214,51,20.65868263473054,8.682634730538922,11.976047904191617,79.34131736526946,64.07185628742515,15.269461077844312
E00015229,107,19,7,12,88,75,13,17.75700934579439,6.5420560747663545,11.214953271028037,82.2429906542056,70.09345794392523,12.149532710280374
E00015230,130,22,8,14,108,83,25,16.923076923076923,6.153846153846154,10.76923076923077,83.07692307692308,63.84615384615384,19.230769230769234
E00015231,200,51,16,35,149,123,26,25.5,8,17.5,74.5,61.5,13
E00015232,309,78,30,48,231,197,34,25.24271844660194,9.70873786407767,15.53398058252427,74.75728155339806,63.75404530744336,11.003236245954692
E00015234,201,32,5,27,169,133,36,15.92039800995025,2.4875621890547266,13.432835820895523,84.07960199004975,66.16915422885572,17.91044776119403
E00015235,253,38,18,20,215,163,52,15.019762845849801,7.114624505928854,7.905138339920949,84.98023715415019,64.42687747035573,20.55335968379447
E00015236,145,46,9,37,99,88,11,31.724137931034484,6.206896551724138,25.517241379310345,68.27586206896552,60.689655172413794,7.586206896551724
E00015237,204,37,20,17,167,132,35,18.137254901960784,9.803921568627452,8.333333333333332,81.86274509803921,64.70588235294117,17.15686274509804
E00015238,111,36,10,26,75,70,5,32.432432432432435,9.00900900900901,23.423423423423422,67.56756756756756,63.06306306306306,4.504504504504505
E00015239,207,62,27,35,145,119,26,29.951690821256037,13.043478260869565,16.908212560386474,70.04830917874396,57.48792270531401,12.560386473429952
E00015240,192,36,22,14,156,133,23,18.75,11.458333333333332,7.291666666666667,81.25,69.27083333333334,11.979166666666668
E00015241,356,87,35,52,269,235,34,24.43820224719101,9.831460674157304,14.606741573033707,75.56179775280899,66.01123595505618,9.550561797752808
E00015242,187,60,28,32,127,106,21,32.085561497326204,14.973262032085561,17.11229946524064,67.9144385026738,56.68449197860963,11.229946524064172
E00015243,117,42,11,31,75,68,7,35.8974358974359,9.401709401709402,26.495726495726498,64.1025641025641,58.119658119658126,5.982905982905983
E00015244,334,74,26,48,260,227,33,22.15568862275449,7.784431137724551,14.37125748502994,77.84431137724552,67.96407185628742,9.880239520958083
E00015245,133,52,20,32,81,76,5,39.097744360902254,15.037593984962406,24.06015037593985,60.902255639097746,57.14285714285714,3.7593984962406015
E00015246,207,62,25,37,145,127,18,29.951690821256037,12.077294685990339,17.874396135265698,70.04830917874396,61.35265700483091,8.695652173913043
E00015247,133,47,18,29,86,76,10,35.338345864661655,13.533834586466165,21.804511278195488,64.66165413533834,57.14285714285714,7.518796992481203
E00015249,255,53,18,35,202,166,36,20.784313725490197,7.0588235294117645,13.725490196078432,79.2156862745098,65.09803921568627,14.117647058823529
E00015250,244,43,19,24,201,159,42,17.62295081967213,7.786885245901639,9.836065573770492,82.37704918032787,65.1639344262295,17.21311475409836
E00015251,194,25,10,15,169,131,38,12.886597938144329,5.154639175257731,7.731958762886598,87.11340206185567,67.5257731958763,19.587628865979383
E00015252,132,40,18,22,92,64,28,30.303030303030305,13.636363636363635,16.666666666666664,69.6969696969697,48.484848484848484,21.21212121212121
E00015253,196,34,15,19,162,102,60,17.346938775510203,7.653061224489796,9.693877551020408,82.6530612244898,52.04081632653062,30.612244897959183
E00015254,185,28,7,21,157,111,46,15.135135135135137,3.783783783783784,11.351351351351353,84.86486486486487,60,24.864864864864867
E00015255,177,34,18,16,143,93,50,19.2090395480226,10.16949152542373,9.03954802259887,80.7909604519774,52.54237288135594,28.24858757062147
E00015256,172,14,8,6,158,115,43,8.13953488372093,4.651162790697675,3.488372093023256,91.86046511627907,66.86046511627907,25
E00015257,343,30,12,18,313,230,83,8.746355685131196,3.498542274052478,5.247813411078718,91.25364431486881,67.05539358600583,24.198250728862973
E00015258,195,42,18,24,153,102,51,21.53846153846154,9.230769230769232,12.307692307692308,78.46153846153847,52.307692307692314,26.153846153846157
E00015259,208,31,16,15,177,136,41,14.903846153846153,7.6923076923076925,7.211538461538461,85.09615384615384,65.38461538461539,19.71153846153846
E00015260,211,29,11,18,182,109,73,13.744075829383887,5.213270142180095,8.530805687203792,86.25592417061611,51.65876777251185,34.59715639810427
E00015261,172,29,14,15,143,91,52,16.86046511627907,8.13953488372093,8.720930232558139,83.13953488372093,52.90697674418605,30.23255813953488
E00015262,208,30,10,20,178,142,36,14.423076923076922,4.807692307692308,9.615384615384617,85.57692307692307,68.26923076923077,17.307692307692307
E00015263,82,19,10,9,63,43,20,23.170731707317074,12.195121951219512,10.975609756097562,76.82926829268293,52.4390243902439,24.390243902439025
E00015264,155,34,13,21,121,104,17,21.935483870967744,8.38709677419355,13.548387096774196,78.06451612903226,67.0967741935484,10.967741935483872
E00015265,184,39,16,23,145,97,48,21.195652173913043,8.695652173913043,12.5,78.80434782608695,52.71739130434783,26.08695652173913
E00015266,77,35,14,21,42,33,9,45.45454545454545,18.181818181818183,27.27272727272727,54.54545454545454,42.857142857142854,11.688311688311687
E00015267,215,30,19,11,185,121,64,13.953488372093023,8.837209302325581,5.116279069767442,86.04651162790698,56.27906976744186,29.767441860465116
E00015268,229,25,7,18,204,157,47,10.91703056768559,3.056768558951965,7.860262008733625,89.08296943231441,68.5589519650655,20.52401746724891
E00015269,271,30,7,23,241,178,63,11.07011070110701,2.5830258302583027,8.487084870848708,88.92988929889299,65.68265682656826,23.247232472324722
E00015270,186,18,11,7,168,123,45,9.67741935483871,5.913978494623656,3.763440860215054,90.32258064516128,66.12903225806451,24.193548387096776
E00015271,208,18,9,9,190,139,51,8.653846153846153,4.326923076923077,4.326923076923077,91.34615384615384,66.82692307692307,24.519230769230766
E00015272,176,32,11,21,144,101,43,18.181818181818183,6.25,11.931818181818182,81.81818181818183,57.38636363636363,24.431818181818183
E00015273,180,39,16,23,141,122,19,21.666666666666668,8.88888888888889,12.777777777777777,78.33333333333333,67.77777777777779,10.555555555555555
E00015274,233,14,3,11,219,144,75,6.008583690987124,1.2875536480686696,4.721030042918455,93.99141630901288,61.80257510729614,32.18884120171674
E00015275,192,30,15,15,162,139,23,15.625,7.8125,7.8125,84.375,72.39583333333334,11.979166666666668
E00015276,217,33,18,15,184,136,48,15.207373271889402,8.294930875576037,6.912442396313365,84.7926267281106,62.67281105990783,22.119815668202765
E00015277,78,20,3,17,58,51,7,25.64102564102564,3.8461538461538463,21.794871794871796,74.35897435897436,65.38461538461539,8.974358974358974
E00015278,153,40,17,23,113,96,17,26.143790849673206,11.11111111111111,15.032679738562091,73.8562091503268,62.745098039215684,11.11111111111111
E00015279,121,29,16,13,92,77,15,23.96694214876033,13.223140495867769,10.743801652892563,76.03305785123968,63.63636363636363,12.396694214876034
E00015280,189,21,12,9,168,128,40,11.11111111111111,6.349206349206349,4.761904761904762,88.88888888888889,67.72486772486772,21.164021164021165
E00015281,238,27,11,16,211,144,67,11.344537815126051,4.621848739495799,6.722689075630252,88.65546218487394,60.50420168067227,28.15126050420168
E00015282,145,27,14,13,118,97,21,18.620689655172416,9.655172413793103,8.96551724137931,81.37931034482759,66.89655172413794,14.482758620689657
E00015283,320,35,17,18,285,199,86,10.9375,5.3125,5.625,89.0625,62.18749999999999,26.875
E00015284,109,24,9,15,85,61,24,22.018348623853214,8.256880733944955,13.761467889908257,77.98165137614679,55.96330275229357,22.018348623853214
E00015285,184,24,8,16,160,126,34,13.043478260869565,4.3478260869565215,8.695652173913043,86.95652173913044,68.47826086956522,18.478260869565215
E00015286,130,44,15,29,86,74,12,33.84615384615385,11.538461538461538,22.30769230769231,66.15384615384615,56.92307692307692,9.230769230769232
E00015287,200,48,19,29,152,133,19,24,9.5,14.499999999999998,76,66.5,9.5
E00015288,213,23,12,11,190,149,41,10.7981220657277,5.633802816901409,5.164319248826291,89.2018779342723,69.95305164319248,19.248826291079812
E00015289,284,31,12,19,253,166,87,10.915492957746478,4.225352112676056,6.690140845070422,89.08450704225352,58.45070422535211,30.633802816901408
E00015290,205,39,12,27,166,136,30,19.024390243902438,5.853658536585367,13.170731707317074,80.97560975609757,66.34146341463415,14.634146341463413
E00015291,212,28,13,15,184,150,34,13.20754716981132,6.132075471698113,7.0754716981132075,86.79245283018868,70.75471698113208,16.037735849056602
E00015292,215,39,21,18,176,119,57,18.13953488372093,9.767441860465116,8.372093023255815,81.86046511627907,55.348837209302324,26.51162790697674
E00015293,343,41,9,32,302,255,47,11.9533527696793,2.623906705539359,9.329446064139942,88.0466472303207,74.34402332361516,13.702623906705538
E00015294,178,18,8,10,160,123,37,10.112359550561797,4.49438202247191,5.617977528089887,89.8876404494382,69.10112359550563,20.786516853932586
E00015295,174,32,9,23,142,89,53,18.39080459770115,5.172413793103448,13.218390804597702,81.60919540229885,51.14942528735632,30.45977011494253
E00015296,211,22,8,14,189,149,40,10.42654028436019,3.7914691943127963,6.6350710900473935,89.57345971563981,70.61611374407583,18.95734597156398
E00015297,160,50,18,32,110,89,21,31.25,11.25,20,68.75,55.625,13.125
E00015298,207,40,17,23,167,130,37,19.32367149758454,8.212560386473431,11.11111111111111,80.67632850241546,62.80193236714976,17.874396135265698
E00015299,168,23,8,15,145,103,42,13.690476190476192,4.761904761904762,8.928571428571429,86.30952380952381,61.30952380952381,25
E00015300,193,22,8,14,171,122,49,11.398963730569948,4.145077720207254,7.253886010362693,88.60103626943005,63.212435233160626,25.38860103626943
E00015301,147,23,11,12,124,99,25,15.646258503401361,7.482993197278912,8.16326530612245,84.35374149659864,67.3469387755102,17.006802721088434
E00015302,86,24,10,14,62,57,5,27.906976744186046,11.627906976744185,16.27906976744186,72.09302325581395,66.27906976744185,5.813953488372093
E00015303,153,19,6,13,134,96,38,12.418300653594772,3.9215686274509802,8.49673202614379,87.58169934640523,62.745098039215684,24.836601307189543
E00015304,226,37,15,22,189,118,71,16.371681415929203,6.637168141592921,9.734513274336283,83.6283185840708,52.21238938053098,31.41592920353982
E00015305,196,55,14,41,141,105,36,28.061224489795915,7.142857142857142,20.918367346938776,71.93877551020408,53.57142857142857,18.367346938775512
E00015306,111,44,18,26,67,57,10,39.63963963963964,16.216216216216218,23.423423423423422,60.36036036036037,51.35135135135135,9.00900900900901
E00015307,155,25,11,14,130,89,41,16.129032258064516,7.096774193548387,9.032258064516128,83.87096774193549,57.41935483870968,26.451612903225808
E00015308,176,29,13,16,147,111,36,16.477272727272727,7.386363636363637,9.090909090909092,83.52272727272727,63.06818181818182,20.454545454545457
E00015309,193,41,17,24,152,121,31,21.243523316062177,8.808290155440414,12.435233160621761,78.75647668393782,62.69430051813472,16.06217616580311
E00015311,234,43,19,24,191,157,34,18.37606837606838,8.11965811965812,10.256410256410255,81.62393162393163,67.09401709401709,14.529914529914532
E00015312,158,15,7,8,143,94,49,9.49367088607595,4.430379746835443,5.063291139240507,90.50632911392405,59.49367088607595,31.0126582278481
E00015313,152,21,12,9,131,102,29,13.815789473684212,7.894736842105263,5.921052631578947,86.18421052631578,67.10526315789474,19.078947368421055
E00015314,180,35,13,22,145,121,24,19.444444444444446,7.222222222222221,12.222222222222221,80.55555555555556,67.22222222222223,13.333333333333334
E00015315,184,24,8,16,160,112,48,13.043478260869565,4.3478260869565215,8.695652173913043,86.95652173913044,60.86956521739131,26.08695652173913
E00015316,265,42,16,26,223,177,46,15.849056603773585,6.037735849056604,9.811320754716983,84.15094339622642,66.79245283018868,17.358490566037734
E00015317,197,32,14,18,165,101,64,16.243654822335024,7.1065989847715745,9.137055837563452,83.75634517766497,51.26903553299492,32.48730964467005
E00015318,152,27,17,10,125,88,37,17.763157894736842,11.18421052631579,6.578947368421052,82.23684210526315,57.89473684210527,24.342105263157894
E00015319,195,26,16,10,169,100,69,13.333333333333334,8.205128205128204,5.128205128205128,86.66666666666667,51.28205128205128,35.38461538461539
E00015320,102,28,13,15,74,63,11,27.450980392156865,12.745098039215685,14.705882352941178,72.54901960784314,61.76470588235294,10.784313725490197
E00015321,325,43,16,27,282,207,75,13.230769230769232,4.923076923076923,8.307692307692308,86.76923076923076,63.69230769230769,23.076923076923077
E00015322,120,26,9,17,94,72,22,21.666666666666668,7.5,14.166666666666666,78.33333333333333,60,18.333333333333332
E00015323,165,33,18,15,132,109,23,20,10.909090909090908,9.090909090909092,80,66.06060606060606,13.939393939393941
E00015324,287,18,6,12,269,196,73,6.2717770034843205,2.0905923344947737,4.181184668989547,93.72822299651567,68.29268292682927,25.435540069686414
E00015325,133,24,11,13,109,79,30,18.045112781954884,8.270676691729323,9.774436090225564,81.95488721804512,59.3984962406015,22.55639097744361
E00015326,141,25,8,17,116,98,18,17.73049645390071,5.673758865248227,12.056737588652481,82.26950354609929,69.50354609929079,12.76595744680851
E00015327,175,30,14,16,145,103,42,17.142857142857142,8,9.142857142857142,82.85714285714286,58.857142857142854,24
E00015328,162,46,16,30,116,93,23,28.39506172839506,9.876543209876543,18.51851851851852,71.60493827160494,57.407407407407405,14.19753086419753
E00015329,86,15,6,9,71,46,25,17.441860465116278,6.976744186046512,10.465116279069768,82.55813953488372,53.48837209302325,29.069767441860467
E00015330,217,43,13,30,174,145,29,19.81566820276498,5.990783410138248,13.82488479262673,80.18433179723502,66.82027649769586,13.36405529953917
E00015331,174,36,9,27,138,115,23,20.689655172413794,5.172413793103448,15.517241379310345,79.3103448275862,66.0919540229885,13.218390804597702
E00015332,165,77,30,47,88,87,1,46.666666666666664,18.181818181818183,28.484848484848484,53.333333333333336,52.72727272727272,0.6060606060606061
E00015333,125,34,14,20,91,82,9,27.200000000000003,11.200000000000001,16,72.8,65.60000000000001,7.199999999999999
E00015334,236,28,15,13,208,159,49,11.864406779661017,6.3559322033898304,5.508474576271186,88.13559322033898,67.37288135593221,20.76271186440678
E00015335,299,41,16,25,258,177,81,13.712374581939798,5.351170568561873,8.361204013377927,86.2876254180602,59.19732441471572,27.09030100334448
E00015336,165,38,9,29,127,113,14,23.03030303030303,5.454545454545454,17.575757575757574,76.96969696969697,68.48484848484848,8.484848484848486
E00015337,150,25,11,14,125,92,33,16.666666666666664,7.333333333333333,9.333333333333334,83.33333333333334,61.33333333333333,22
E00015338,231,23,14,9,208,158,50,9.956709956709958,6.0606060606060606,3.896103896103896,90.04329004329004,68.3982683982684,21.645021645021643
E00015339,169,40,20,20,129,104,25,23.668639053254438,11.834319526627219,11.834319526627219,76.33136094674556,61.53846153846154,14.792899408284024
E00015340,150,37,10,27,113,90,23,24.666666666666668,6.666666666666667,18,75.33333333333333,60,15.333333333333332
E00015341,178,47,14,33,131,108,23,26.40449438202247,7.865168539325842,18.53932584269663,73.59550561797754,60.67415730337079,12.921348314606742
E00015343,121,20,10,10,101,90,11,16.528925619834713,8.264462809917356,8.264462809917356,83.47107438016529,74.3801652892562,9.090909090909092
E00015344,142,44,21,23,98,89,9,30.985915492957744,14.788732394366196,16.19718309859155,69.01408450704226,62.676056338028175,6.338028169014084
E00015345,248,45,17,28,203,152,51,18.14516129032258,6.854838709677419,11.29032258064516,81.85483870967742,61.29032258064516,20.56451612903226
E00015346,175,33,12,21,142,117,25,18.857142857142858,6.857142857142858,12,81.14285714285714,66.85714285714286,14.285714285714285
E00015347,228,46,11,35,182,140,42,20.175438596491226,4.824561403508771,15.350877192982457,79.82456140350878,61.40350877192983,18.421052631578945
E00015348,210,40,17,23,170,133,37,19.047619047619047,8.095238095238095,10.952380952380953,80.95238095238095,63.33333333333333,17.61904761904762
E00015349,179,28,14,14,151,104,47,15.64245810055866,7.82122905027933,7.82122905027933,84.35754189944134,58.10055865921788,26.256983240223462
E00015350,219,65,25,40,154,133,21,29.68036529680365,11.415525114155251,18.2648401826484,70.31963470319634,60.73059360730594,9.58904109589041
E00015351,227,43,21,22,184,152,32,18.94273127753304,9.251101321585903,9.691629955947137,81.05726872246696,66.96035242290749,14.096916299559473
E00015352,102,15,7,8,87,78,9,14.705882352941178,6.862745098039216,7.8431372549019605,85.29411764705883,76.47058823529412,8.823529411764707
E00015354,193,46,12,34,147,124,23,23.83419689119171,6.217616580310881,17.616580310880828,76.16580310880829,64.24870466321244,11.917098445595855
E00015355,145,53,21,32,92,85,7,36.55172413793103,14.482758620689657,22.06896551724138,63.44827586206897,58.620689655172406,4.827586206896552
E00015356,143,40,18,22,103,87,16,27.972027972027973,12.587412587412588,15.384615384615385,72.02797202797203,60.83916083916085,11.188811188811188
E00015357,171,61,16,45,110,98,12,35.67251461988304,9.35672514619883,26.31578947368421,64.32748538011695,57.30994152046783,7.017543859649122
E00015358,119,48,13,35,71,58,13,40.33613445378151,10.92436974789916,29.411764705882355,59.66386554621849,48.739495798319325,10.92436974789916
E00015359,266,127,45,82,139,126,13,47.744360902255636,16.917293233082706,30.82706766917293,52.255639097744364,47.368421052631575,4.887218045112782
E00015360,140,42,16,26,98,88,10,30,11.428571428571429,18.571428571428573,70,62.857142857142854,7.142857142857142
E00015361,158,67,24,43,91,81,10,42.405063291139236,15.18987341772152,27.21518987341772,57.59493670886076,51.26582278481012,6.329113924050633
E00015362,222,79,22,57,143,134,9,35.585585585585584,9.90990990990991,25.675675675675674,64.41441441441441,60.36036036036037,4.054054054054054
E00015363,201,44,14,30,157,129,28,21.890547263681594,6.965174129353234,14.925373134328357,78.1094527363184,64.17910447761194,13.930348258706468
E00015364,182,74,31,43,108,91,17,40.65934065934066,17.032967032967033,23.626373626373624,59.34065934065934,50,9.340659340659341
E00015366,143,57,14,43,86,79,7,39.86013986013986,9.79020979020979,30.069930069930066,60.13986013986013,55.24475524475524,4.895104895104895
E00015367,177,55,21,34,122,98,24,31.07344632768362,11.864406779661017,19.2090395480226,68.92655367231639,55.367231638418076,13.559322033898304
E00015368,156,47,17,30,109,98,11,30.128205128205128,10.897435897435898,19.230769230769234,69.87179487179486,62.82051282051282,7.051282051282051
E00015369,145,51,26,25,94,79,15,35.172413793103445,17.93103448275862,17.24137931034483,64.82758620689654,54.48275862068965,10.344827586206897
E00015370,172,49,26,23,123,95,28,28.488372093023255,15.11627906976744,13.372093023255813,71.51162790697676,55.23255813953488,16.27906976744186
E00015371,120,44,19,25,76,66,10,36.666666666666664,15.833333333333332,20.833333333333336,63.33333333333333,55.00000000000001,8.333333333333332
E00015372,160,50,26,24,110,96,14,31.25,16.25,15,68.75,60,8.75
E00015373,265,62,19,43,203,162,41,23.39622641509434,7.169811320754717,16.22641509433962,76.60377358490567,61.13207547169811,15.471698113207546
E00015374,197,29,11,18,168,127,41,14.720812182741117,5.583756345177665,9.137055837563452,85.27918781725889,64.46700507614213,20.812182741116754
E00015375,142,57,19,38,85,74,11,40.140845070422536,13.380281690140844,26.76056338028169,59.859154929577464,52.112676056338024,7.746478873239436
E00015376,174,61,25,36,113,104,9,35.05747126436782,14.367816091954023,20.689655172413794,64.9425287356322,59.77011494252874,5.172413793103448
E00015378,201,87,27,60,114,107,7,43.28358208955223,13.432835820895523,29.850746268656714,56.71641791044776,53.233830845771145,3.482587064676617
E00015379,149,37,11,26,112,96,16,24.832214765100673,7.38255033557047,17.449664429530202,75.16778523489933,64.42953020134227,10.738255033557047
E00015380,161,43,14,29,118,107,11,26.70807453416149,8.695652173913043,18.012422360248447,73.29192546583852,66.45962732919256,6.832298136645963
E00015381,179,63,26,37,116,103,13,35.19553072625698,14.52513966480447,20.670391061452513,64.80446927374301,57.54189944134078,7.262569832402235
E00015382,360,70,22,48,290,244,46,19.444444444444446,6.111111111111111,13.333333333333334,80.55555555555556,67.77777777777779,12.777777777777777
E00015383,164,37,9,28,127,101,26,22.5609756097561,5.487804878048781,17.073170731707318,77.4390243902439,61.58536585365854,15.853658536585366
E00015384,317,52,14,38,265,223,42,16.40378548895899,4.416403785488959,11.987381703470032,83.59621451104101,70.347003154574125,13.249211356466878
E00015385,72,18,6,12,54,45,9,25,8.333333333333332,16.666666666666664,75,62.5,12.5
E00015386,170,25,8,17,145,116,29,14.705882352941178,4.705882352941177,10,85.29411764705883,68.23529411764706,17.058823529411764
E00015387,229,43,19,24,186,154,32,18.777292576419214,8.296943231441048,10.480349344978166,81.22270742358079,67.24890829694323,13.973799126637553
E00015388,188,39,20,19,149,128,21,20.74468085106383,10.638297872340425,10.106382978723403,79.25531914893617,68.08510638297872,11.170212765957446
E00015389,113,32,9,23,81,65,16,28.31858407079646,7.964601769911504,20.353982300884958,71.68141592920354,57.52212389380531,14.15929203539823
E00015390,256,39,14,25,217,176,41,15.234375,5.46875,9.765625,84.765625,68.75,16.015625
E00015391,234,21,9,12,213,175,38,8.974358974358974,3.8461538461538463,5.128205128205128,91.02564102564102,74.78632478632478,16.23931623931624
E00015392,174,29,10,19,145,118,27,16.666666666666664,5.747126436781609,10.919540229885058,83.33333333333334,67.81609195402298,15.517241379310345
E00015393,213,56,28,28,157,128,29,26.291079812206576,13.145539906103288,13.145539906103288,73.70892018779342,60.093896713615024,13.615023474178404
E00015394,324,49,21,28,275,219,56,15.123456790123457,6.481481481481481,8.641975308641975,84.87654320987654,67.5925925925926,17.28395061728395
E00015395,148,35,15,20,113,97,16,23.64864864864865,10.135135135135135,13.513513513513514,76.35135135135135,65.54054054054053,10.81081081081081
E00015396,146,34,14,20,112,97,15,23.28767123287671,9.58904109589041,13.698630136986301,76.71232876712328,66.43835616438356,10.273972602739725
E00015397,387,47,16,31,340,266,74,12.144702842377262,4.1343669250646,8.010335917312661,87.85529715762273,68.73385012919897,19.12144702842377
E00015398,289,71,30,41,218,187,31,24.567474048442904,10.380622837370241,14.186851211072666,75.4325259515571,64.70588235294117,10.726643598615917
E00015400,289,51,15,36,238,195,43,17.647058823529413,5.190311418685121,12.45674740484429,82.35294117647058,67.47404844290658,14.878892733564014
E00015401,251,84,32,52,167,154,13,33.46613545816733,12.749003984063744,20.717131474103585,66.53386454183267,61.354581673306775,5.179282868525896
E00015402,187,50,13,37,137,126,11,26.737967914438503,6.951871657754011,19.786096256684495,73.2620320855615,67.37967914438502,5.88235294117647
E00015403,150,48,17,31,102,97,5,32,11.333333333333332,20.666666666666668,68,64.66666666666666,3.3333333333333335
E00015404,265,92,57,35,173,160,13,34.71698113207547,21.50943396226415,13.20754716981132,65.28301886792453,60.37735849056604,4.905660377358491
E00015405,184,60,28,32,124,109,15,32.608695652173914,15.217391304347828,17.391304347826086,67.3913043478261,59.2391304347826,8.152173913043478
E00015406,151,44,17,27,107,95,12,29.13907284768212,11.258278145695364,17.880794701986755,70.86092715231787,62.913907284768214,7.9470198675496695
E00015407,144,32,14,18,112,97,15,22.22222222222222,9.722222222222223,12.5,77.77777777777779,67.36111111111111,10.416666666666668
E00015408,239,45,15,30,194,151,43,18.828451882845187,6.2761506276150625,12.552301255230125,81.17154811715481,63.17991631799163,17.99163179916318
E00015409,143,64,20,44,79,72,7,44.75524475524475,13.986013986013987,30.76923076923077,55.24475524475524,50.349650349650354,4.895104895104895
E00015410,296,58,25,33,238,187,51,19.594594594594593,8.445945945945946,11.14864864864865,80.4054054054054,63.17567567567568,17.22972972972973
E00015411,236,43,8,35,193,167,26,18.220338983050848,3.389830508474576,14.83050847457627,81.77966101694916,70.76271186440678,11.016949152542372
E00015412,267,58,14,44,209,169,40,21.722846441947567,5.2434456928838955,16.479400749063668,78.27715355805243,63.29588014981273,14.981273408239701
E00015413,202,36,13,23,166,132,34,17.82178217821782,6.435643564356436,11.386138613861387,82.17821782178217,65.34653465346535,16.831683168316832
E00015414,262,63,23,40,199,160,39,24.045801526717558,8.778625954198473,15.267175572519085,75.95419847328245,61.06870229007634,14.885496183206106
E00015416,282,28,16,12,254,208,46,9.929078014184398,5.673758865248227,4.25531914893617,90.0709219858156,73.75886524822694,16.312056737588655
E00015417,162,33,12,21,129,112,17,20.37037037037037,7.4074074074074066,12.962962962962962,79.62962962962963,69.1358024691358,10.493827160493826
E00015418,245,29,17,12,216,166,50,11.83673469387755,6.938775510204081,4.8979591836734695,88.16326530612245,67.75510204081633,20.408163265306122
E00015419,233,23,5,18,210,153,57,9.871244635193133,2.1459227467811157,7.725321888412018,90.12875536480686,65.66523605150213,24.463519313304722
E00015421,178,34,19,15,144,107,37,19.101123595505616,10.674157303370785,8.426966292134832,80.89887640449437,60.1123595505618,20.786516853932586
E00015422,106,22,8,14,84,71,13,20.754716981132077,7.547169811320755,13.20754716981132,79.24528301886792,66.98113207547169,12.264150943396226
E00015423,269,30,13,17,239,177,62,11.152416356877323,4.83271375464684,6.319702602230483,88.84758364312268,65.79925650557621,23.04832713754647
E00015424,148,17,4,13,131,94,37,11.486486486486488,2.7027027027027026,8.783783783783784,88.51351351351352,63.51351351351351,25
E00015425,299,42,21,21,257,220,37,14.046822742474916,7.023411371237458,7.023411371237458,85.95317725752508,73.57859531772574,12.37458193979933
E00015426,247,35,11,24,212,171,41,14.17004048582996,4.4534412955465585,9.7165991902834,85.82995951417004,69.23076923076923,16.599190283400812
E00015427,176,50,15,35,126,103,23,28.40909090909091,8.522727272727272,19.886363636363637,71.5909090909091,58.52272727272727,13.068181818181818
E00015428,294,19,7,12,275,198,77,6.462585034013606,2.380952380952381,4.081632653061225,93.5374149659864,67.3469387755102,26.190476190476193
E00015429,238,46,21,25,192,138,54,19.327731092436977,8.823529411764707,10.504201680672269,80.67226890756302,57.98319327731093,22.689075630252102
E00015430,224,30,12,18,194,151,43,13.392857142857142,5.357142857142857,8.035714285714286,86.60714285714286,67.41071428571429,19.196428571428573
E00015431,195,17,7,10,178,132,46,8.717948717948717,3.5897435897435894,5.128205128205128,91.28205128205128,67.6923076923077,23.589743589743588
E00015432,184,45,16,29,139,117,22,24.456521739130434,8.695652173913043,15.760869565217392,75.54347826086956,63.58695652173913,11.956521739130435
E00015433,271,51,24,27,220,183,37,18.81918819188192,8.856088560885608,9.96309963099631,81.18081180811808,67.52767527675276,13.653136531365314
E00015434,285,46,21,25,239,191,48,16.140350877192983,7.368421052631578,8.771929824561402,83.85964912280703,67.01754385964912,16.842105263157894
E00015435,140,38,14,24,102,78,24,27.142857142857142,10,17.142857142857142,72.85714285714285,55.714285714285715,17.142857142857142
E00015436,150,51,24,27,99,89,10,34,16,18,66,59.333333333333336,6.666666666666667
E00015437,211,72,35,37,139,124,15,34.12322274881517,16.587677725118482,17.535545023696685,65.87677725118483,58.767772511848335,7.109004739336493
E00015438,194,38,12,26,156,137,19,19.587628865979383,6.185567010309279,13.402061855670103,80.41237113402062,70.61855670103093,9.793814432989691
E00015439,161,34,14,20,127,95,32,21.11801242236025,8.695652173913043,12.422360248447205,78.88198757763976,59.006211180124225,19.875776397515526
E00015440,158,42,16,26,116,102,14,26.582278481012654,10.126582278481013,16.455696202531644,73.41772151898735,64.55696202531645,8.860759493670885
E00015441,134,35,9,26,99,81,18,26.119402985074625,6.7164179104477615,19.402985074626866,73.88059701492537,60.447761194029844,13.432835820895523
E00015442,118,38,11,27,80,64,16,32.20338983050847,9.322033898305085,22.88135593220339,67.79661016949152,54.23728813559322,13.559322033898304
E00015443,166,45,15,30,121,97,24,27.10843373493976,9.036144578313253,18.072289156626507,72.89156626506023,58.43373493975904,14.457831325301203
E00015444,113,32,16,16,81,72,9,28.31858407079646,14.15929203539823,14.15929203539823,71.68141592920354,63.716814159292035,7.964601769911504
E00015445,163,46,17,29,117,93,24,28.22085889570552,10.429447852760736,17.791411042944784,71.77914110429448,57.05521472392638,14.723926380368098
E00015446,162,35,11,24,127,112,15,21.604938271604937,6.790123456790123,14.814814814814813,78.39506172839506,69.1358024691358,9.25925925925926
E00015447,151,54,21,33,97,88,9,35.76158940397351,13.90728476821192,21.85430463576159,64.23841059602648,58.27814569536424,5.960264900662252
E00015448,125,19,4,15,106,88,18,15.2,3.2,12,84.8,70.39999999999999,14.399999999999999
E00015449,239,57,24,33,182,145,37,23.84937238493724,10.0418410041841,13.807531380753138,76.15062761506276,60.66945606694561,15.481171548117153
E00015450,66,30,14,16,36,32,4,45.45454545454545,21.21212121212121,24.242424242424242,54.54545454545454,48.484848484848484,6.0606060606060606
E00015451,110,39,17,22,71,62,9,35.45454545454545,15.454545454545453,20,64.54545454545455,56.36363636363636,8.181818181818182
E00015452,146,46,14,32,100,84,16,31.506849315068493,9.58904109589041,21.91780821917808,68.4931506849315,57.534246575342465,10.95890410958904
E00015453,114,27,11,16,87,61,26,23.684210526315788,9.649122807017543,14.035087719298245,76.31578947368422,53.50877192982456,22.807017543859647
E00015454,118,29,11,18,89,73,16,24.576271186440678,9.322033898305085,15.254237288135593,75.42372881355932,61.86440677966102,13.559322033898304
E00015455,146,41,14,27,105,88,17,28.08219178082192,9.58904109589041,18.493150684931507,71.91780821917808,60.273972602739725,11.643835616438356
E00015456,143,48,14,34,95,86,9,33.56643356643357,9.79020979020979,23.776223776223777,66.43356643356644,60.13986013986013,6.293706293706294
E00015457,135,66,27,39,69,59,10,48.888888888888886,20,28.888888888888886,51.11111111111111,43.7037037037037,7.4074074074074066
E00015458,131,32,10,22,99,86,13,24.427480916030532,7.633587786259542,16.793893129770993,75.57251908396947,65.64885496183206,9.923664122137405
E00015459,148,23,8,15,125,100,25,15.54054054054054,5.405405405405405,10.135135135135135,84.45945945945947,67.56756756756756,16.89189189189189
E00015460,118,39,16,23,79,64,15,33.05084745762712,13.559322033898304,19.491525423728813,66.94915254237289,54.23728813559322,12.711864406779661
E00015461,140,42,15,27,98,86,12,30,10.714285714285714,19.28571428571429,70,61.42857142857143,8.571428571428571
E00015462,144,38,14,24,106,91,15,26.38888888888889,9.722222222222223,16.666666666666664,73.61111111111111,63.19444444444444,10.416666666666668
E00015463,159,48,14,34,111,99,12,30.18867924528302,8.80503144654088,21.38364779874214,69.81132075471697,62.264150943396224,7.547169811320755
E00015464,140,34,16,18,106,84,22,24.285714285714285,11.428571428571429,12.857142857142856,75.71428571428571,60,15.714285714285714
E00015465,191,52,15,37,139,117,22,27.225130890052355,7.853403141361256,19.3717277486911,72.77486910994764,61.25654450261781,11.518324607329843
E00015466,156,37,11,26,119,99,20,23.717948717948715,7.051282051282051,16.666666666666664,76.28205128205127,63.46153846153846,12.82051282051282
E00015467,97,31,10,21,66,53,13,31.958762886597935,10.309278350515463,21.649484536082475,68.04123711340206,54.63917525773196,13.402061855670103
E00015468,173,39,18,21,134,113,21,22.54335260115607,10.404624277456648,12.138728323699421,77.45664739884393,65.3179190751445,12.138728323699421
E00015469,230,50,19,31,180,147,33,21.73913043478261,8.26086956521739,13.478260869565217,78.26086956521739,63.91304347826087,14.347826086956522
E00015470,167,37,14,23,130,106,24,22.15568862275449,8.383233532934131,13.77245508982036,77.84431137724552,63.47305389221557,14.37125748502994
E00015471,120,23,10,13,97,87,10,19.166666666666668,8.333333333333332,10.833333333333334,80.83333333333333,72.5,8.333333333333332
E00015472,247,47,14,33,200,163,37,19.02834008097166,5.668016194331984,13.360323886639677,80.97165991902834,65.9919028340081,14.979757085020243
E00015473,76,21,6,15,55,48,7,27.631578947368425,7.894736842105263,19.736842105263158,72.36842105263158,63.1578947368421,9.210526315789473
E00015474,75,22,7,15,53,46,7,29.333333333333332,9.333333333333334,20,70.66666666666667,61.33333333333333,9.333333333333334
E00015475,164,52,22,30,112,95,17,31.70731707317073,13.414634146341465,18.29268292682927,68.29268292682927,57.92682926829268,10.365853658536585
E00015476,180,42,19,23,138,97,41,23.333333333333332,10.555555555555555,12.777777777777777,76.66666666666667,53.888888888888886,22.77777777777778
E00015477,155,38,14,24,117,99,18,24.516129032258064,9.032258064516128,15.483870967741936,75.48387096774194,63.87096774193548,11.612903225806452
E00015478,178,44,13,31,134,96,38,24.719101123595504,7.303370786516854,17.415730337078653,75.28089887640449,53.93258426966292,21.34831460674157
E00015479,132,43,20,23,89,83,6,32.57575757575758,15.151515151515152,17.424242424242426,67.42424242424242,62.878787878787875,4.545454545454546
E00015480,152,37,14,23,115,83,32,24.342105263157894,9.210526315789473,15.131578947368421,75.6578947368421,54.60526315789473,21.052631578947366
E00015481,152,55,16,39,97,86,11,36.18421052631579,10.526315789473683,25.657894736842106,63.81578947368421,56.57894736842105,7.236842105263158
E00015482,159,52,24,28,107,94,13,32.70440251572327,15.09433962264151,17.61006289308176,67.29559748427673,59.11949685534591,8.176100628930817
E00015483,85,32,12,20,53,45,8,37.64705882352941,14.117647058823529,23.52941176470588,62.35294117647059,52.94117647058824,9.411764705882353
E00015484,238,59,28,31,179,143,36,24.789915966386555,11.76470588235294,13.025210084033615,75.21008403361344,60.08403361344538,15.126050420168067
E00015485,228,57,23,34,171,143,28,25,10.087719298245613,14.912280701754385,75,62.71929824561403,12.280701754385964
E00015486,95,32,10,22,63,52,11,33.68421052631579,10.526315789473683,23.157894736842106,66.3157894736842,54.736842105263165,11.578947368421053
E00015487,170,33,17,16,137,106,31,19.411764705882355,10,9.411764705882353,80.58823529411765,62.35294117647059,18.235294117647058
E00015488,269,62,33,29,207,161,46,23.04832713754647,12.267657992565056,10.780669144981413,76.95167286245353,59.85130111524164,17.100371747211895
E00015489,253,52,22,30,201,143,58,20.55335968379447,8.695652173913043,11.857707509881422,79.44664031620553,56.52173913043478,22.92490118577075
E00015490,298,56,20,36,242,194,48,18.79194630872483,6.7114093959731544,12.080536912751679,81.20805369127517,65.1006711409396,16.10738255033557
E00015491,275,50,21,29,225,177,48,18.181818181818183,7.636363636363637,10.545454545454545,81.81818181818183,64.36363636363637,17.454545454545457
E00015492,133,42,17,25,91,86,5,31.57894736842105,12.781954887218044,18.796992481203006,68.42105263157895,64.66165413533834,3.7593984962406015
E00015493,270,73,30,43,197,157,40,27.037037037037038,11.11111111111111,15.925925925925927,72.96296296296296,58.14814814814815,14.814814814814813
E00015494,192,75,31,44,117,101,16,39.0625,16.145833333333336,22.916666666666664,60.9375,52.604166666666664,8.333333333333332
E00015495,226,58,29,29,168,134,34,25.663716814159294,12.831858407079647,12.831858407079647,74.33628318584071,59.29203539823009,15.04424778761062
E00015496,125,41,13,28,84,75,9,32.800000000000004,10.4,22.400000000000002,67.2,60,7.199999999999999
E00015497,150,48,10,38,102,91,11,32,6.666666666666667,25.333333333333336,68,60.66666666666667,7.333333333333333
E00015498,159,55,16,39,104,91,13,34.59119496855346,10.062893081761008,24.528301886792452,65.40880503144653,57.23270440251572,8.176100628930817
E00015499,151,63,19,44,88,80,8,41.72185430463576,12.582781456953644,29.13907284768212,58.27814569536424,52.980132450331126,5.298013245033113
E00015501,238,28,6,22,210,184,26,11.76470588235294,2.5210084033613445,9.243697478991598,88.23529411764706,77.31092436974791,10.92436974789916
E00015502,198,72,30,42,126,113,13,36.36363636363637,15.151515151515152,21.21212121212121,63.63636363636363,57.07070707070707,6.565656565656567
E00015503,200,46,22,24,154,128,26,23,11,12,77,64,13
E00015504,189,38,17,21,151,112,39,20.105820105820104,8.994708994708994,11.11111111111111,79.8941798941799,59.25925925925925,20.634920634920633
E00015505,258,48,13,35,210,173,37,18.6046511627907,5.038759689922481,13.565891472868216,81.3953488372093,67.05426356589147,14.34108527131783
E00015506,233,53,23,30,180,162,18,22.746781115879827,9.871244635193133,12.875536480686694,77.25321888412017,69.52789699570815,7.725321888412018
E00015507,195,58,25,33,137,102,35,29.743589743589745,12.82051282051282,16.923076923076923,70.25641025641025,52.307692307692314,17.94871794871795
E00015508,323,73,23,50,250,208,42,22.60061919504644,7.120743034055728,15.479876160990713,77.39938080495357,64.39628482972137,13.003095975232199
E00015509,206,42,21,21,164,132,32,20.388349514563107,10.194174757281553,10.194174757281553,79.6116504854369,64.07766990291263,15.53398058252427
E00015510,260,41,10,31,219,188,31,15.769230769230768,3.8461538461538463,11.923076923076923,84.23076923076923,72.3076923076923,11.923076923076923
E00015511,182,37,17,20,145,102,43,20.32967032967033,9.340659340659341,10.989010989010989,79.67032967032966,56.043956043956044,23.626373626373624
E00015512,171,37,13,24,134,104,30,21.637426900584796,7.602339181286549,14.035087719298245,78.3625730994152,60.81871345029239,17.543859649122805
E00015513,181,48,12,36,133,108,25,26.519337016574585,6.629834254143646,19.88950276243094,73.48066298342542,59.66850828729282,13.812154696132598
E00015514,178,36,21,15,142,111,31,20.224719101123593,11.797752808988763,8.426966292134832,79.7752808988764,62.35955056179775,17.415730337078653
E00015515,156,39,14,25,117,99,18,25,8.974358974358974,16.025641025641026,75,63.46153846153846,11.538461538461538
E00015516,146,44,14,30,102,91,11,30.136986301369863,9.58904109589041,20.54794520547945,69.86301369863014,62.328767123287676,7.534246575342466
E00015517,213,51,22,29,162,125,37,23.943661971830984,10.328638497652582,13.615023474178404,76.05633802816901,58.68544600938967,17.370892018779344
E00015518,196,44,19,25,152,117,35,22.448979591836736,9.693877551020408,12.755102040816327,77.55102040816327,59.693877551020414,17.857142857142858
E00015519,159,32,16,16,127,84,43,20.125786163522015,10.062893081761008,10.062893081761008,79.87421383647799,52.83018867924528,27.044025157232703
E00015520,315,53,25,28,262,220,42,16.825396825396826,7.936507936507936,8.88888888888889,83.17460317460318,69.84126984126983,13.333333333333334
E00015522,252,57,21,36,195,127,68,22.61904761904762,8.333333333333332,14.285714285714285,77.38095238095238,50.39682539682539,26.984126984126984
E00015523,267,55,18,37,212,181,31,20.59925093632959,6.741573033707865,13.857677902621724,79.40074906367042,67.79026217228464,11.610486891385769
E00015524,239,51,19,32,188,151,37,21.338912133891213,7.949790794979079,13.389121338912133,78.66108786610879,63.17991631799163,15.481171548117153
E00015525,319,73,41,32,246,177,69,22.884012539184955,12.852664576802509,10.031347962382444,77.11598746081505,55.4858934169279,21.630094043887148
E00015526,211,86,41,45,125,83,42,40.758293838862556,19.431279620853083,21.32701421800948,59.241706161137444,39.33649289099526,19.90521327014218
E00015527,137,30,13,17,107,88,19,21.897810218978105,9.48905109489051,12.408759124087592,78.1021897810219,64.23357664233576,13.86861313868613
E00015528,166,43,15,28,123,98,25,25.903614457831324,9.036144578313253,16.867469879518072,74.09638554216868,59.036144578313255,15.060240963855422
E00015529,162,45,19,26,117,100,17,27.77777777777778,11.728395061728394,16.049382716049383,72.22222222222221,61.72839506172839,10.493827160493826
E00015530,197,67,27,40,130,98,32,34.01015228426396,13.705583756345177,20.304568527918782,65.98984771573603,49.746192893401016,16.243654822335024
E00015531,129,29,9,20,100,84,16,22.48062015503876,6.976744186046512,15.503875968992247,77.51937984496125,65.11627906976744,12.4031007751938
E00015532,85,14,6,8,71,60,11,16.470588235294116,7.0588235294117645,9.411764705882353,83.52941176470588,70.58823529411765,12.941176470588237
E00015533,116,19,6,13,97,79,18,16.379310344827587,5.172413793103448,11.206896551724139,83.62068965517241,68.10344827586206,15.517241379310345
E00015534,108,34,15,19,74,67,7,31.48148148148148,13.88888888888889,17.59259259259259,68.51851851851852,62.03703703703704,6.481481481481481
E00015535,136,43,15,28,93,87,6,31.61764705882353,11.029411764705882,20.588235294117645,68.38235294117648,63.970588235294116,4.411764705882353
E00015536,181,49,20,29,132,98,34,27.071823204419886,11.049723756906078,16.022099447513813,72.92817679558011,54.14364640883977,18.784530386740332
E00015537,174,52,12,40,122,102,20,29.88505747126437,6.896551724137931,22.988505747126435,70.11494252873564,58.620689655172406,11.494252873563218
E00015538,97,21,13,8,76,63,13,21.649484536082475,13.402061855670103,8.24742268041237,78.35051546391753,64.94845360824742,13.402061855670103
E00015539,129,47,19,28,82,64,18,36.434108527131784,14.728682170542637,21.705426356589147,63.565891472868216,49.6124031007752,13.953488372093023
E00015540,111,24,7,17,87,72,15,21.62162162162162,6.306306306306306,15.315315315315313,78.37837837837837,64.86486486486487,13.513513513513514
E00015541,147,38,13,25,109,95,14,25.850340136054424,8.843537414965986,17.006802721088434,74.14965986394559,64.62585034013605,9.523809523809524
E00015542,131,48,16,32,83,68,15,36.6412213740458,12.213740458015266,24.427480916030532,63.358778625954194,51.908396946564885,11.450381679389313
E00015543,120,37,12,25,83,73,10,30.833333333333336,10,20.833333333333336,69.16666666666667,60.83333333333333,8.333333333333332
E00015544,116,45,22,23,71,67,4,38.793103448275865,18.96551724137931,19.82758620689655,61.206896551724135,57.758620689655174,3.4482758620689653
E00015545,134,44,18,26,90,78,12,32.83582089552239,13.432835820895523,19.402985074626866,67.16417910447761,58.2089552238806,8.955223880597014
E00015546,136,48,22,26,88,87,1,35.294117647058826,16.176470588235293,19.11764705882353,64.70588235294117,63.970588235294116,0.7352941176470588
E00015547,125,32,14,18,93,88,5,25.6,11.200000000000001,14.399999999999999,74.4,70.39999999999999,4
E00015548,160,50,24,26,110,96,14,31.25,15,16.25,68.75,60,8.75
E00015549,271,72,27,45,199,171,28,26.56826568265683,9.96309963099631,16.605166051660518,73.43173431734317,63.09963099630996,10.33210332103321
E00015550,144,50,14,36,94,81,13,34.72222222222222,9.722222222222223,25,65.27777777777779,56.25,9.027777777777777
E00015551,194,36,13,23,158,136,22,18.556701030927837,6.701030927835052,11.855670103092782,81.44329896907216,70.10309278350515,11.34020618556701
E00015552,200,89,37,52,111,98,13,44.5,18.5,26,55.50000000000001,49,6.5
E00015553,181,52,18,34,129,105,24,28.7292817679558,9.94475138121547,18.784530386740332,71.27071823204419,58.011049723756905,13.259668508287293
E00015554,201,55,29,26,146,115,31,27.363184079601986,14.427860696517413,12.935323383084576,72.636815920398,57.2139303482587,15.422885572139302
E00015555,148,36,12,24,112,94,18,24.324324324324326,8.108108108108109,16.216216216216218,75.67567567567568,63.51351351351351,12.162162162162163
E00015556,165,38,15,23,127,107,20,23.03030303030303,9.090909090909092,13.939393939393941,76.96969696969697,64.84848484848484,12.121212121212121
E00015557,181,39,20,19,142,120,22,21.54696132596685,11.049723756906078,10.497237569060774,78.45303867403315,66.29834254143645,12.154696132596685
E00015558,233,66,23,43,167,148,19,28.32618025751073,9.871244635193133,18.4549356223176,71.67381974248927,63.519313304721024,8.15450643776824
E00015559,183,36,13,23,147,130,17,19.672131147540984,7.103825136612022,12.568306010928962,80.32786885245902,71.03825136612022,9.289617486338798
E00015560,163,44,15,29,119,97,22,26.993865030674847,9.202453987730062,17.791411042944784,73.00613496932516,59.50920245398773,13.496932515337424
E00015561,162,47,15,32,115,98,17,29.01234567901235,9.25925925925926,19.753086419753085,70.98765432098766,60.49382716049383,10.493827160493826
E00015562,132,36,8,28,96,83,13,27.27272727272727,6.0606060606060606,21.21212121212121,72.72727272727273,62.878787878787875,9.848484848484848
E00015563,203,51,22,29,152,132,20,25.12315270935961,10.83743842364532,14.285714285714285,74.8768472906404,65.02463054187191,9.852216748768473
E00015564,165,49,23,26,116,91,25,29.6969696969697,13.939393939393941,15.757575757575756,70.3030303030303,55.15151515151515,15.151515151515152
E00015565,112,32,9,23,80,68,12,28.57142857142857,8.035714285714286,20.535714285714285,71.42857142857143,60.71428571428571,10.714285714285714
E00015566,112,28,15,13,84,69,15,25,13.392857142857142,11.607142857142858,75,61.60714285714286,13.392857142857142
E00015567,247,73,20,53,174,134,40,29.554655870445345,8.097165991902834,21.45748987854251,70.44534412955466,54.25101214574899,16.194331983805668
E00015568,167,46,14,32,121,96,25,27.54491017964072,8.383233532934131,19.16167664670659,72.45508982035929,57.48502994011976,14.97005988023952
E00015569,188,52,24,28,136,111,25,27.659574468085108,12.76595744680851,14.893617021276595,72.3404255319149,59.04255319148937,13.297872340425531
E00015570,191,41,16,25,150,117,33,21.465968586387437,8.37696335078534,13.089005235602095,78.53403141361257,61.25654450261781,17.277486910994764
E00015571,72,20,11,9,52,44,8,27.77777777777778,15.277777777777779,12.5,72.22222222222221,61.111111111111114,11.11111111111111
E00015572,129,22,9,13,107,79,28,17.05426356589147,6.976744186046512,10.077519379844961,82.94573643410853,61.240310077519375,21.705426356589147
E00015573,161,46,12,34,115,86,29,28.57142857142857,7.453416149068323,21.11801242236025,71.42857142857143,53.41614906832298,18.012422360248447
E00015574,217,28,5,23,189,144,45,12.903225806451612,2.3041474654377883,10.599078341013826,87.09677419354838,66.3594470046083,20.737327188940093
E00015575,254,31,13,18,223,172,51,12.204724409448819,5.118110236220472,7.086614173228346,87.79527559055119,67.71653543307087,20.078740157480315
E00015576,299,50,17,33,249,211,38,16.722408026755854,5.68561872909699,11.036789297658862,83.27759197324414,70.5685618729097,12.709030100334449
E00015577,268,39,14,25,229,170,59,14.55223880597015,5.223880597014925,9.328358208955224,85.44776119402985,63.43283582089553,22.01492537313433
E00015578,181,53,19,34,128,93,35,29.2817679558011,10.497237569060774,18.784530386740332,70.71823204419888,51.38121546961326,19.337016574585636
E00015579,254,33,13,20,221,181,40,12.992125984251967,5.118110236220472,7.874015748031496,87.00787401574803,71.25984251968504,15.748031496062993
E00015580,216,37,14,23,179,145,34,17.12962962962963,6.481481481481481,10.648148148148149,82.87037037037037,67.12962962962963,15.74074074074074
E00015581,182,55,27,28,127,108,19,30.21978021978022,14.835164835164836,15.384615384615385,69.78021978021978,59.34065934065934,10.43956043956044
E00015582,201,47,13,34,154,122,32,23.383084577114428,6.467661691542288,16.91542288557214,76.61691542288557,60.69651741293532,15.92039800995025
E00015583,135,53,19,34,82,73,9,39.25925925925926,14.074074074074074,25.185185185185183,60.74074074074074,54.074074074074076,6.666666666666667
E00015584,170,48,20,28,122,107,15,28.235294117647058,11.76470588235294,16.470588235294116,71.76470588235294,62.94117647058823,8.823529411764707
E00015585,242,62,29,33,180,152,28,25.6198347107438,11.983471074380166,13.636363636363635,74.3801652892562,62.8099173553719,11.570247933884298
E00015586,148,50,14,36,98,78,20,33.78378378378378,9.45945945945946,24.324324324324326,66.21621621621621,52.702702702702695,13.513513513513514
E00015587,357,81,35,46,276,218,58,22.689075630252102,9.803921568627452,12.885154061624648,77.31092436974791,61.06442577030813,16.246498599439775
E00015588,305,103,39,64,202,181,21,33.77049180327869,12.786885245901638,20.983606557377048,66.22950819672131,59.34426229508196,6.885245901639345
E00015589,160,59,28,31,101,88,13,36.875,17.5,19.375,63.125,55.00000000000001,8.125
E00015591,259,78,31,47,181,149,32,30.115830115830118,11.96911196911197,18.146718146718147,69.88416988416989,57.52895752895753,12.355212355212355
E00015592,270,59,24,35,211,180,31,21.85185185185185,8.88888888888889,12.962962962962962,78.14814814814814,66.66666666666666,11.481481481481481
E00015593,193,65,24,41,128,109,19,33.67875647668394,12.435233160621761,21.243523316062177,66.32124352331607,56.476683937823836,9.844559585492227
E00015594,177,44,14,30,133,110,23,24.858757062146893,7.909604519774012,16.94915254237288,75.14124293785311,62.14689265536724,12.994350282485875
E00015595,335,41,22,19,294,225,69,12.238805970149254,6.567164179104477,5.6716417910447765,87.76119402985074,67.16417910447761,20.597014925373134
E00015596,125,39,14,25,86,77,9,31.2,11.200000000000001,20,68.8,61.6,7.199999999999999
E00015597,166,61,25,36,105,89,16,36.74698795180723,15.060240963855422,21.686746987951807,63.25301204819277,53.6144578313253,9.63855421686747
E00015598,205,56,27,29,149,120,29,27.31707317073171,13.170731707317074,14.146341463414632,72.6829268292683,58.536585365853654,14.146341463414632
E00015600,168,58,16,42,110,89,21,34.523809523809526,9.523809523809524,25,65.47619047619048,52.976190476190474,12.5
E00015601,199,88,32,56,111,97,14,44.221105527638194,16.08040201005025,28.14070351758794,55.778894472361806,48.743718592964825,7.035175879396985
E00015602,185,31,17,14,154,112,42,16.756756756756758,9.18918918918919,7.567567567567568,83.24324324324324,60.54054054054055,22.702702702702705
E00015603,167,40,16,24,127,97,30,23.952095808383234,9.580838323353294,14.37125748502994,76.04790419161677,58.08383233532935,17.964071856287426
E00015604,208,22,13,9,186,129,57,10.576923076923077,6.25,4.326923076923077,89.42307692307693,62.019230769230774,27.403846153846157
E00015605,141,40,15,25,101,91,10,28.368794326241137,10.638297872340425,17.73049645390071,71.63120567375887,64.53900709219859,7.092198581560284
E00015606,160,42,23,19,118,101,17,26.25,14.374999999999998,11.875,73.75,63.125,10.625
E00015607,190,31,14,17,159,118,41,16.315789473684212,7.368421052631578,8.947368421052632,83.6842105263158,62.10526315789474,21.578947368421055
E00015608,192,25,7,18,167,127,40,13.020833333333334,3.6458333333333335,9.375,86.97916666666666,66.14583333333334,20.833333333333336
E00015609,197,29,8,21,168,128,40,14.720812182741117,4.060913705583756,10.65989847715736,85.27918781725889,64.9746192893401,20.304568527918782
E00015611,334,70,37,33,264,216,48,20.958083832335326,11.077844311377245,9.880239520958083,79.04191616766467,64.67065868263472,14.37125748502994
E00015612,199,28,11,17,171,126,45,14.07035175879397,5.527638190954774,8.542713567839195,85.92964824120602,63.31658291457286,22.613065326633166
E00015613,232,30,14,16,202,158,44,12.931034482758621,6.0344827586206895,6.896551724137931,87.06896551724138,68.10344827586206,18.96551724137931
E00015614,240,34,15,19,206,159,47,14.166666666666666,6.25,7.916666666666666,85.83333333333333,66.25,19.583333333333332
E00015615,194,25,7,18,169,124,45,12.886597938144329,3.608247422680412,9.278350515463918,87.11340206185567,63.91752577319587,23.195876288659793
E00015616,283,59,24,35,224,170,54,20.848056537102476,8.480565371024735,12.36749116607774,79.15194346289752,60.07067137809188,19.081272084805654
E00015617,156,37,16,21,119,83,36,23.717948717948715,10.256410256410255,13.461538461538462,76.28205128205127,53.205128205128204,23.076923076923077
E00015618,277,37,14,23,240,176,64,13.357400722021662,5.054151624548736,8.303249097472925,86.64259927797833,63.537906137184116,23.104693140794225
E00015619,199,41,14,27,158,130,28,20.603015075376884,7.035175879396985,13.5678391959799,79.39698492462311,65.32663316582915,14.07035175879397
E00015620,142,47,16,31,95,89,6,33.098591549295776,11.267605633802818,21.830985915492956,66.90140845070422,62.676056338028175,4.225352112676056
E00015621,173,28,12,16,145,118,27,16.184971098265898,6.9364161849710975,9.248554913294797,83.8150289017341,68.20809248554913,15.606936416184972
E00015623,261,52,25,27,209,168,41,19.923371647509576,9.578544061302683,10.344827586206897,80.07662835249042,64.36781609195403,15.708812260536398
E00015624,167,31,15,16,136,102,34,18.562874251497004,8.982035928143713,9.580838323353294,81.437125748502993,61.07784431137725,20.359281437125748
E00015625,142,53,16,37,89,80,9,37.32394366197183,11.267605633802818,26.056338028169012,62.676056338028175,56.33802816901409,6.338028169014084
E00015627,219,54,28,26,165,126,39,24.65753424657534,12.785388127853881,11.87214611872146,75.34246575342466,57.534246575342465,17.80821917808219
E00015628,263,51,17,34,212,163,49,19.39163498098859,6.4638783269961975,12.927756653992395,80.6083650190114,61.97718631178707,18.631178707224336
E00015629,132,53,20,33,79,71,8,40.15151515151515,15.151515151515152,25,59.84848484848485,53.78787878787878,6.0606060606060606
E00015630,149,35,12,23,114,104,10,23.48993288590604,8.053691275167784,15.436241610738255,76.51006711409396,69.79865771812081,6.7114093959731544
E00015631,181,46,12,34,135,121,14,25.41436464088398,6.629834254143646,18.784530386740332,74.58563535911603,66.85082872928176,7.734806629834254
E00015632,116,42,15,27,74,61,13,36.206896551724135,12.931034482758621,23.275862068965516,63.793103448275865,52.58620689655172,11.206896551724139
E00015633,262,32,17,15,230,186,44,12.213740458015266,6.488549618320611,5.7251908396946565,87.78625954198473,70.99236641221374,16.793893129770993
E00015634,208,66,23,43,142,124,18,31.73076923076923,11.057692307692307,20.673076923076923,68.26923076923077,59.61538461538461,8.653846153846153
E00015635,243,41,19,22,202,158,44,16.872427983539097,7.818930041152264,9.053497942386832,83.1275720164609,65.02057613168725,18.106995884773664
E00015636,173,56,24,32,117,89,28,32.369942196531795,13.872832369942195,18.497109826589593,67.63005780346822,51.445086705202314,16.184971098265898
E00015637,196,39,19,20,157,130,27,19.897959183673468,9.693877551020408,10.204081632653061,80.10204081632652,66.3265306122449,13.77551020408163
E00015638,229,35,12,23,194,148,46,15.283842794759824,5.240174672489083,10.043668122270741,84.71615720524017,64.62882096069869,20.087336244541483
E00015639,61,19,5,14,42,39,3,31.147540983606557,8.19672131147541,22.950819672131146,68.85245901639344,63.934426229508205,4.918032786885246
E00015640,122,13,6,7,109,80,29,10.655737704918032,4.918032786885246,5.737704918032787,89.34426229508196,65.57377049180327,23.770491803278688
E00015641,189,43,17,26,146,100,46,22.75132275132275,8.994708994708994,13.756613756613756,77.24867724867724,52.910052910052904,24.33862433862434
E00015642,244,80,29,51,164,137,27,32.78688524590164,11.885245901639344,20.901639344262296,67.21311475409836,56.14754098360656,11.065573770491802
E00015643,139,35,15,20,104,81,23,25.179856115107913,10.79136690647482,14.388489208633093,74.82014388489209,58.27338129496403,16.546762589928058
E00015644,231,25,13,12,206,151,55,10.822510822510822,5.627705627705628,5.194805194805195,89.17748917748918,65.36796536796537,23.809523809523807
E00015645,257,16,6,10,241,178,63,6.22568093385214,2.3346303501945527,3.8910505836575875,93.77431906614785,69.26070038910505,24.5136186770428
E00015646,93,20,9,11,73,65,8,21.50537634408602,9.67741935483871,11.827956989247312,78.49462365591397,69.89247311827957,8.60215053763441
E00015647,158,35,10,25,123,97,26,22.151898734177212,6.329113924050633,15.822784810126583,77.84810126582279,61.39240506329114,16.455696202531644
E00015648,218,38,18,20,180,138,42,17.431192660550458,8.256880733944955,9.174311926605505,82.56880733944955,63.30275229357798,19.26605504587156
E00015649,160,47,16,31,113,106,7,29.375,10,19.375,70.625,66.25,4.375
E00015650,184,36,21,15,148,119,29,19.565217391304348,11.41304347826087,8.152173913043478,80.43478260869566,64.67391304347827,15.760869565217392
E00015651,148,43,19,24,105,91,14,29.054054054054053,12.837837837837837,16.216216216216218,70.94594594594594,61.48648648648649,9.45945945945946
E00015652,307,46,15,31,261,206,55,14.983713355048861,4.88599348534202,10.097719869706841,85.01628664495115,67.10097719869707,17.91530944625407
E00015653,259,36,21,15,223,188,35,13.8996138996139,8.108108108108109,5.7915057915057915,86.10038610038609,72.58687258687259,13.513513513513514
E00015654,124,29,15,14,95,84,11,23.387096774193548,12.096774193548388,11.29032258064516,76.61290322580645,67.74193548387096,8.870967741935484
E00015655,154,41,19,22,113,90,23,26.623376623376622,12.337662337662337,14.285714285714285,73.37662337662337,58.44155844155844,14.935064935064934
E00015656,134,28,13,15,106,89,17,20.8955223880597,9.701492537313433,11.194029850746269,79.1044776119403,66.4179104477612,12.686567164179104
E00015657,231,42,17,25,189,149,40,18.181818181818183,7.35930735930736,10.822510822510822,81.81818181818183,64.5021645021645,17.316017316017316
E00015658,121,27,10,17,94,82,12,22.31404958677686,8.264462809917356,14.049586776859504,77.68595041322314,67.76859504132231,9.917355371900827
E00015659,141,31,14,17,110,97,13,21.98581560283688,9.929078014184398,12.056737588652481,78.01418439716312,68.79432624113475,9.219858156028367
E00015660,142,29,14,15,113,95,18,20.422535211267608,9.859154929577464,10.56338028169014,79.5774647887324,66.90140845070422,12.676056338028168
E00015661,257,38,20,18,219,166,53,14.785992217898833,7.782101167315175,7.003891050583658,85.21400778210116,64.59143968871595,20.622568093385212
E00015662,167,44,15,29,123,103,20,26.34730538922156,8.982035928143713,17.365269461077844,73.65269461077844,61.67664670658682,11.976047904191617
E00015663,131,35,17,18,96,82,14,26.717557251908396,12.977099236641221,13.740458015267176,73.2824427480916,62.59541984732825,10.687022900763358
E00015664,166,38,23,15,128,94,34,22.89156626506024,13.855421686746988,9.036144578313253,77.10843373493977,56.62650602409639,20.481927710843372
E00015665,152,41,9,32,111,92,19,26.973684210526315,5.921052631578947,21.052631578947366,73.02631578947368,60.526315789473685,12.5
E00015667,149,39,17,22,110,85,25,26.174496644295303,11.409395973154362,14.76510067114094,73.8255033557047,57.04697986577181,16.778523489932887
E00015668,126,32,12,20,94,83,11,25.396825396825395,9.523809523809524,15.873015873015872,74.60317460317461,65.87301587301587,8.73015873015873
E00015669,98,37,12,25,61,55,6,37.755102040816325,12.244897959183673,25.510204081632654,62.244897959183675,56.12244897959183,6.122448979591836
E00015670,108,35,14,21,73,60,13,32.407407407407405,12.962962962962962,19.444444444444446,67.5925925925926,55.55555555555556,12.037037037037036
E00015671,114,35,12,23,79,71,8,30.701754385964914,10.526315789473683,20.175438596491226,69.2982456140351,62.28070175438597,7.017543859649122
E00015672,312,48,20,28,264,200,64,15.384615384615385,6.41025641025641,8.974358974358974,84.61538461538461,64.1025641025641,20.51282051282051
E00015673,130,39,17,22,91,79,12,30,13.076923076923078,16.923076923076923,70,60.76923076923077,9.230769230769232
E00015674,142,24,12,12,118,86,32,16.901408450704224,8.450704225352112,8.450704225352112,83.09859154929578,60.56338028169014,22.535211267605636
E00015675,182,46,18,28,136,108,28,25.274725274725274,9.89010989010989,15.384615384615385,74.72527472527473,59.34065934065934,15.384615384615385
E00015676,169,51,20,31,118,100,18,30.17751479289941,11.834319526627219,18.34319526627219,69.8224852071006,59.171597633136095,10.650887573964498
E00015677,184,53,21,32,131,114,17,28.804347826086957,11.41304347826087,17.391304347826086,71.19565217391305,61.95652173913043,9.239130434782608
E00015678,312,47,21,26,265,174,91,15.064102564102564,6.730769230769231,8.333333333333332,84.93589743589743,55.769230769230774,29.166666666666668
E00015679,195,34,14,20,161,127,34,17.435897435897434,7.179487179487179,10.256410256410255,82.564102564102555,65.12820512820512,17.435897435897434
E00015680,169,45,16,29,124,91,33,26.627218934911244,9.467455621301776,17.159763313609467,73.37278106508876,53.84615384615385,19.526627218934912
E00015681,125,17,8,9,108,71,37,13.600000000000001,6.4,7.199999999999999,86.4,56.8,29.599999999999998
E00015682,215,66,23,43,149,119,30,30.697674418604652,10.69767441860465,20,69.30232558139535,55.348837209302324,13.953488372093023
E00015683,79,19,10,9,60,54,6,24.050632911392405,12.658227848101266,11.39240506329114,75.9493670886076,68.35443037974683,7.59493670886076
E00015684,230,49,22,27,181,124,57,21.304347826086957,9.565217391304348,11.73913043478261,78.69565217391305,53.91304347826087,24.782608695652176
E00015686,99,23,11,12,76,61,15,23.232323232323232,11.11111111111111,12.121212121212121,76.76767676767676,61.61616161616161,15.151515151515152
E00015687,198,60,24,36,138,115,23,30.303030303030305,12.121212121212121,18.181818181818183,69.6969696969697,58.080808080808076,11.616161616161616
E00015688,156,15,6,9,141,115,26,9.615384615384617,3.8461538461538463,5.769230769230769,90.38461538461539,73.71794871794873,16.666666666666664
E00015689,95,30,11,19,65,60,5,31.57894736842105,11.578947368421053,20,68.42105263157895,63.1578947368421,5.263157894736842
E00015690,194,55,29,26,139,112,27,28.350515463917525,14.948453608247423,13.402061855670103,71.64948453608247,57.73195876288659,13.917525773195877
E00015691,95,42,16,26,53,45,8,44.21052631578947,16.842105263157894,27.368421052631582,55.78947368421052,47.368421052631575,8.421052631578947
E00015692,223,84,21,63,139,119,20,37.66816143497758,9.417040358744394,28.251121076233183,62.33183856502242,53.36322869955157,8.968609865470851
E00015693,152,43,19,24,109,97,12,28.289473684210524,12.5,15.789473684210526,71.71052631578947,63.81578947368421,7.894736842105263
E00015694,154,37,15,22,117,81,36,24.025974025974026,9.740259740259742,14.285714285714285,75.97402597402598,52.5974025974026,23.376623376623375
E00015695,155,49,27,22,106,92,14,31.61290322580645,17.419354838709676,14.193548387096774,68.38709677419355,59.354838709677416,9.032258064516128
E00015696,155,38,15,23,117,97,20,24.516129032258064,9.67741935483871,14.838709677419354,75.48387096774194,62.58064516129033,12.903225806451612
E00015697,196,56,19,37,140,124,16,28.57142857142857,9.693877551020408,18.877551020408163,71.42857142857143,63.26530612244898,8.16326530612245
E00015698,137,41,18,23,96,76,20,29.927007299270077,13.138686131386862,16.78832116788321,70.07299270072993,55.47445255474452,14.5985401459854
E00015699,127,42,15,27,85,68,17,33.07086614173229,11.811023622047244,21.25984251968504,66.92913385826772,53.54330708661418,13.385826771653544
E00015700,120,36,12,24,84,73,11,30,10,20,70,60.83333333333333,9.166666666666666
E00015701,126,37,17,20,89,74,15,29.365079365079367,13.492063492063492,15.873015873015872,70.63492063492063,58.730158730158735,11.904761904761903
E00015702,118,34,7,27,84,66,18,28.8135593220339,5.932203389830509,22.88135593220339,71.1864406779661,55.932203389830505,15.254237288135593
E00015704,171,56,15,41,115,98,17,32.748538011695906,8.771929824561402,23.976608187134502,67.2514619883041,57.30994152046783,9.941520467836257
E00015706,232,59,25,34,173,136,37,25.43103448275862,10.775862068965516,14.655172413793101,74.56896551724138,58.620689655172406,15.948275862068966
E00015707,65,19,7,12,46,41,5,29.230769230769234,10.76923076923077,18.461538461538463,70.76923076923077,63.07692307692307,7.6923076923076925
E00015708,170,49,19,30,121,107,14,28.823529411764703,11.176470588235295,17.647058823529413,71.17647058823529,62.94117647058823,8.235294117647058
E00015709,219,85,36,49,134,109,25,38.81278538812785,16.43835616438356,22.37442922374429,61.18721461187214,49.77168949771689,11.415525114155251
E00015710,163,32,10,22,131,103,28,19.631901840490798,6.134969325153374,13.496932515337424,80.3680981595092,63.190184049079754,17.177914110429448
E00015711,205,47,24,23,158,135,23,22.926829268292686,11.707317073170733,11.219512195121952,77.07317073170732,65.85365853658537,11.219512195121952
E00015712,162,40,15,25,122,96,26,24.691358024691358,9.25925925925926,15.432098765432098,75.30864197530865,59.25925925925925,16.049382716049383
E00015713,179,22,8,14,157,127,30,12.290502793296088,4.4692737430167595,7.82122905027933,87.70949720670392,70.94972067039106,16.75977653631285
E00015714,128,36,9,27,92,79,13,28.125,7.03125,21.09375,71.875,61.71875,10.15625
E00015715,160,35,13,22,125,102,23,21.875,8.125,13.750000000000002,78.125,63.74999999999999,14.374999999999998
E00015716,162,42,18,24,120,109,11,25.925925925925924,11.11111111111111,14.814814814814813,74.07407407407408,67.28395061728395,6.790123456790123
E00015717,172,40,21,19,132,105,27,23.25581395348837,12.209302325581394,11.046511627906977,76.74418604651163,61.04651162790697,15.69767441860465
E00015719,203,56,24,32,147,111,36,27.586206896551722,11.822660098522167,15.763546798029557,72.41379310344827,54.679802955665025,17.733990147783253
E00015720,193,36,13,23,157,120,37,18.65284974093264,6.7357512953367875,11.917098445595855,81.34715025906736,62.17616580310881,19.170984455958546
E00015721,149,42,15,27,107,81,26,28.187919463087248,10.06711409395973,18.120805369127517,71.81208053691275,54.36241610738255,17.449664429530202
E00015722,191,57,20,37,134,110,24,29.84293193717277,10.471204188481675,19.3717277486911,70.15706806282722,57.59162303664922,12.56544502617801
E00015723,324,89,23,66,235,210,25,27.469135802469136,7.098765432098765,20.37037037037037,72.53086419753086,64.81481481481481,7.716049382716049
E00015724,219,47,21,26,172,152,20,21.461187214611872,9.58904109589041,11.87214611872146,78.53881278538812,69.40639269406392,9.1324200913242
E00015726,172,35,17,18,137,108,29,20.348837209302324,9.883720930232558,10.465116279069768,79.65116279069767,62.7906976744186,16.86046511627907
E00015727,151,57,21,36,94,83,11,37.74834437086093,13.90728476821192,23.841059602649008,62.251655629139066,54.966887417218544,7.28476821192053
E00015728,184,37,15,22,147,128,19,20.108695652173914,8.152173913043478,11.956521739130435,79.8913043478261,69.56521739130434,10.326086956521738
E00015729,204,33,10,23,171,144,27,16.176470588235293,4.901960784313726,11.27450980392157,83.82352941176471,70.58823529411765,13.23529411764706
E00015730,170,36,8,28,134,116,18,21.176470588235293,4.705882352941177,16.470588235294116,78.82352941176471,68.23529411764706,10.588235294117647
E00015731,219,40,12,28,179,148,31,18.2648401826484,5.47945205479452,12.785388127853881,81.7351598173516,67.57990867579909,14.15525114155251
E00015732,123,28,12,16,95,64,31,22.76422764227642,9.75609756097561,13.008130081300814,77.23577235772358,52.03252032520326,25.203252032520325
E00015733,129,49,26,23,80,70,10,37.98449612403101,20.155038759689923,17.829457364341085,62.01550387596899,54.263565891472865,7.751937984496124
E00015734,277,86,29,57,191,147,44,31.046931407942242,10.469314079422382,20.577617328519857,68.95306859205776,53.068592057761734,15.884476534296029
E00015735,237,57,28,29,180,139,41,24.050632911392405,11.814345991561181,12.236286919831224,75.9493670886076,58.64978902953587,17.29957805907173
E00015736,106,26,12,14,80,65,15,24.528301886792452,11.320754716981133,13.20754716981132,75.47169811320755,61.32075471698113,14.150943396226415
E00015737,305,69,38,31,236,193,43,22.62295081967213,12.459016393442624,10.163934426229508,77.37704918032787,63.278688524590166,14.098360655737704
E00015738,158,41,17,24,117,94,23,25.949367088607595,10.759493670886076,15.18987341772152,74.0506329113924,59.49367088607595,14.556962025316455
E00015739,162,32,21,11,130,103,27,19.753086419753085,12.962962962962962,6.790123456790123,80.24691358024691,63.580246913580254,16.666666666666664
E00015740,200,46,22,24,154,120,34,23,11,12,77,60,17
E00015741,175,33,11,22,142,109,33,18.857142857142858,6.2857142857142865,12.571428571428573,81.14285714285714,62.28571428571429,18.857142857142858
E00015742,197,68,28,40,129,97,32,34.51776649746193,14.213197969543149,20.304568527918782,65.48223350253807,49.23857868020304,16.243654822335024
E00015743,148,35,9,26,113,97,16,23.64864864864865,6.081081081081082,17.56756756756757,76.35135135135135,65.54054054054053,10.81081081081081
E00015744,139,36,13,23,103,75,28,25.899280575539567,9.352517985611511,16.546762589928058,74.10071942446042,53.956834532374096,20.14388489208633
E00015745,291,114,45,69,177,140,37,39.175257731958766,15.463917525773196,23.711340206185564,60.824742268041234,48.10996563573883,12.714776632302405
E00015746,241,62,24,38,179,142,37,25.72614107883817,9.95850622406639,15.767634854771783,74.27385892116183,58.921161825726145,15.352697095435685
E00015747,312,87,36,51,225,190,35,27.884615384615387,11.538461538461538,16.346153846153847,72.11538461538461,60.89743589743589,11.217948717948719
E00015748,179,25,9,16,154,126,28,13.966480446927374,5.027932960893855,8.938547486033519,86.03351955307262,70.39106145251397,15.64245810055866
E00015749,178,33,16,17,145,114,31,18.53932584269663,8.98876404494382,9.550561797752808,81.46067415730337,64.04494382022472,17.415730337078653
E00015750,189,29,12,17,160,140,20,15.343915343915343,6.349206349206349,8.994708994708994,84.65608465608466,74.07407407407408,10.582010582010582
E00015751,223,58,21,37,165,141,24,26.00896860986547,9.417040358744394,16.591928251121075,73.99103139013454,63.22869955156951,10.762331838565023
E00015752,211,47,20,27,164,136,28,22.274881516587676,9.47867298578199,12.796208530805686,77.72511848341233,64.45497630331754,13.270142180094787
E00015753,218,54,20,34,164,127,37,24.770642201834864,9.174311926605505,15.59633027522936,75.22935779816514,58.256880733944946,16.972477064220186
E00015754,194,56,23,33,138,124,14,28.865979381443296,11.855670103092782,17.010309278350515,71.1340206185567,63.91752577319587,7.216494845360824
E00015755,151,47,19,28,104,81,23,31.125827814569533,12.582781456953644,18.543046357615893,68.87417218543047,53.64238410596026,15.2317880794702
E00015756,178,45,20,25,133,112,21,25.280898876404496,11.235955056179774,14.04494382022472,74.71910112359551,62.92134831460674,11.797752808988763
E00015757,117,37,16,21,80,71,9,31.62393162393162,13.675213675213676,17.94871794871795,68.37606837606837,60.68376068376068,7.6923076923076925
E00015758,175,59,14,45,116,107,9,33.714285714285715,8,25.71428571428571,66.28571428571428,61.142857142857146,5.142857142857142
E00015759,160,45,18,27,115,105,10,28.125,11.25,16.875,71.875,65.625,6.25
E00015760,168,49,17,32,119,99,20,29.166666666666668,10.119047619047619,19.047619047619047,70.83333333333334,58.92857142857143,11.904761904761903
E00015761,159,46,18,28,113,104,9,28.930817610062892,11.320754716981133,17.61006289308176,71.0691823899371,65.40880503144653,5.660377358490567
E00015763,138,48,20,28,90,72,18,34.78260869565217,14.492753623188406,20.28985507246377,65.21739130434783,52.17391304347826,13.043478260869565
E00015764,163,48,19,29,115,94,21,29.447852760736197,11.65644171779141,17.791411042944784,70.5521472392638,57.668711656441715,12.883435582822086
E00015765,171,43,19,24,128,106,22,25.146198830409354,11.11111111111111,14.035087719298245,74.85380116959064,61.98830409356725,12.865497076023392
E00015766,137,40,14,26,97,71,26,29.1970802919708,10.218978102189782,18.97810218978102,70.8029197080292,51.82481751824818,18.97810218978102
E00015767,146,55,20,35,91,75,16,37.67123287671233,13.698630136986301,23.972602739726025,62.328767123287676,51.369863013698634,10.95890410958904
E00015768,158,49,19,30,109,100,9,31.0126582278481,12.025316455696203,18.9873417721519,68.9873417721519,63.29113924050633,5.69620253164557
E00015769,262,42,10,32,220,164,56,16.030534351145036,3.816793893129771,12.213740458015266,83.96946564885496,62.59541984732825,21.374045801526716
E00015770,202,79,31,48,123,110,13,39.10891089108911,15.346534653465346,23.762376237623762,60.89108910891089,54.45544554455446,6.435643564356436
E00015771,135,40,14,26,95,85,10,29.629629629629626,10.37037037037037,19.25925925925926,70.37037037037037,62.96296296296296,7.4074074074074066
E00015772,166,41,20,21,125,96,29,24.69879518072289,12.048192771084338,12.650602409638553,75.30120481927712,57.831325301204814,17.46987951807229
E00015773,275,58,23,35,217,179,38,21.09090909090909,8.363636363636363,12.727272727272727,78.9090909090909,65.0909090909091,13.818181818181818
E00015774,204,56,26,30,148,127,21,27.450980392156865,12.745098039215685,14.705882352941178,72.54901960784314,62.254901960784316,10.294117647058822
E00015775,223,45,20,25,178,126,52,20.179372197309416,8.968609865470851,11.210762331838566,79.82062780269058,56.502242152466366,23.318385650224215
E00015776,209,37,12,25,172,129,43,17.703349282296653,5.741626794258373,11.961722488038278,82.29665071770334,61.72248803827751,20.574162679425836
E00015777,111,31,6,25,80,69,11,27.927927927927925,5.405405405405405,22.52252252252252,72.07207207207207,62.16216216216216,9.90990990990991
E00015778,133,51,21,30,82,72,10,38.34586466165413,15.789473684210526,22.55639097744361,61.65413533834586,54.13533834586466,7.518796992481203
E00015779,199,78,31,47,121,110,11,39.19597989949749,15.577889447236181,23.618090452261306,60.80402010050251,55.27638190954774,5.527638190954774
E00015781,210,58,20,38,152,137,15,27.61904761904762,9.523809523809524,18.095238095238095,72.38095238095238,65.23809523809524,7.142857142857142
E00015782,189,35,17,18,154,130,24,18.51851851851852,8.994708994708994,9.523809523809524,81.48148148148148,68.78306878306879,12.698412698412698
E00015783,118,30,9,21,88,78,10,25.423728813559322,7.627118644067797,17.796610169491526,74.57627118644068,66.10169491525424,8.47457627118644
E00015784,278,62,19,43,216,174,42,22.302158273381295,6.83453237410072,15.467625899280577,77.6978417266187,62.589928057553955,15.107913669064748
E00015785,110,34,10,24,76,70,6,30.909090909090907,9.090909090909092,21.818181818181817,69.0909090909091,63.63636363636363,5.454545454545454
E00015786,191,33,12,21,158,131,27,17.277486910994764,6.282722513089005,10.99476439790576,82.72251308900523,68.58638743455498,14.136125654450263
E00015787,253,55,23,32,198,151,47,21.73913043478261,9.090909090909092,12.648221343873518,78.26086956521739,59.683794466403164,18.57707509881423
E00015788,240,67,19,48,173,139,34,27.916666666666668,7.916666666666666,20,72.08333333333333,57.91666666666667,14.166666666666666
E00015789,313,53,18,35,260,217,43,16.93290734824281,5.7507987220447285,11.182108626198083,83.06709265175719,69.32907348242811,13.738019169329075
E00015790,179,38,13,25,141,113,28,21.22905027932961,7.262569832402235,13.966480446927374,78.77094972067039,63.128491620111724,15.64245810055866
E00015791,181,62,18,44,119,108,11,34.25414364640884,9.94475138121547,24.30939226519337,65.74585635359117,59.66850828729282,6.077348066298343
E00015792,240,56,23,33,184,137,47,23.333333333333332,9.583333333333334,13.750000000000002,76.66666666666667,57.08333333333333,19.583333333333332
E00015793,160,20,7,13,140,108,32,12.5,4.375,8.125,87.5,67.5,20
E00015794,157,57,21,36,100,88,12,36.30573248407643,13.375796178343949,22.929936305732486,63.69426751592356,56.05095541401274,7.643312101910828
E00015795,116,22,11,11,94,76,18,18.96551724137931,9.482758620689655,9.482758620689655,81.03448275862068,65.51724137931035,15.517241379310345
E00015796,240,42,23,19,198,161,37,17.5,9.583333333333334,7.916666666666666,82.5,67.08333333333333,15.416666666666668
E00015798,168,55,20,35,113,101,12,32.73809523809524,11.904761904761903,20.833333333333336,67.26190476190477,60.11904761904761,7.142857142857142
E00015799,132,27,8,19,105,88,17,20.454545454545457,6.0606060606060606,14.393939393939394,79.54545454545455,66.66666666666666,12.878787878787879
E00015800,239,70,26,44,169,145,24,29.288702928870293,10.87866108786611,18.410041841004183,70.7112970711297,60.66945606694561,10.0418410041841
E00015802,148,39,15,24,109,89,20,26.351351351351347,10.135135135135135,16.216216216216218,73.64864864864865,60.13513513513513,13.513513513513514
E00015803,209,42,11,31,167,136,31,20.095693779904305,5.263157894736842,14.832535885167463,79.90430622009569,65.07177033492823,14.832535885167463
E00015804,269,71,24,47,198,157,41,26.394052044609666,8.921933085501859,17.472118959107807,73.60594795539033,58.36431226765799,15.241635687732341
E00015805,171,28,12,16,143,104,39,16.374269005847953,7.017543859649122,9.35672514619883,83.62573099415205,60.81871345029239,22.807017543859647
E00015806,173,46,20,26,127,106,21,26.589595375722542,11.560693641618498,15.028901734104046,73.41040462427746,61.27167630057804,12.138728323699421
E00015807,218,56,28,28,162,132,30,25.688073394495415,12.844036697247708,12.844036697247708,74.31192660550458,60.550458715596335,13.761467889908257
E00015808,166,48,22,26,118,97,21,28.915662650602407,13.253012048192772,15.66265060240964,71.08433734939759,58.43373493975904,12.650602409638553
E00015809,178,24,11,13,154,116,38,13.48314606741573,6.179775280898876,7.303370786516854,86.51685393258427,65.1685393258427,21.34831460674157
E00015810,170,44,13,31,126,106,20,25.882352941176475,7.647058823529412,18.235294117647058,74.11764705882354,62.35294117647059,11.76470588235294
E00015811,214,50,21,29,164,120,44,23.364485981308412,9.813084112149532,13.551401869158877,76.63551401869158,56.074766355140184,20.5607476635514
E00015812,160,42,19,23,118,93,25,26.25,11.875,14.374999999999998,73.75,58.12500000000001,15.625
E00015813,164,37,16,21,127,91,36,22.5609756097561,9.75609756097561,12.804878048780488,77.4390243902439,55.487804878048784,21.951219512195124
E00015814,174,40,24,16,134,99,35,22.988505747126435,13.793103448275861,9.195402298850574,77.01149425287356,56.896551724137936,20.114942528735632
E00015815,169,48,22,26,121,94,27,28.402366863905325,13.017751479289942,15.384615384615385,71.59763313609467,55.62130177514793,15.976331360946746
E00015816,220,61,25,36,159,132,27,27.727272727272727,11.363636363636363,16.363636363636363,72.27272727272728,60,12.272727272727273
E00015817,182,41,16,25,141,114,27,22.52747252747253,8.791208791208792,13.736263736263737,77.47252747252747,62.637362637362635,14.835164835164836
E00015818,197,57,21,36,140,115,25,28.934010152284262,10.65989847715736,18.274111675126903,71.06598984771574,58.37563451776649,12.690355329949238
E00015819,195,46,16,30,149,118,31,23.589743589743588,8.205128205128204,15.384615384615385,76.41025641025641,60.51282051282051,15.897435897435896
E00015820,159,41,13,28,118,105,13,25.78616352201258,8.176100628930817,17.61006289308176,74.21383647798741,66.0377358490566,8.176100628930817
E00015821,196,46,20,26,150,130,20,23.46938775510204,10.204081632653061,13.26530612244898,76.53061224489795,66.3265306122449,10.204081632653061
E00015822,158,35,10,25,123,94,29,22.151898734177212,6.329113924050633,15.822784810126583,77.84810126582279,59.49367088607595,18.354430379746837
E00015824,159,36,8,28,123,100,23,22.641509433962266,5.031446540880504,17.61006289308176,77.35849056603774,62.893081761006286,14.465408805031446
E00015825,170,44,20,24,126,99,27,25.882352941176475,11.76470588235294,14.117647058823529,74.11764705882354,58.235294117647065,15.88235294117647
E00015826,186,56,23,33,130,118,12,30.107526881720432,12.365591397849462,17.741935483870968,69.89247311827957,63.44086021505376,6.451612903225806
E00015827,139,41,13,28,98,80,18,29.496402877697843,9.352517985611511,20.14388489208633,70.50359712230215,57.55395683453237,12.949640287769784
E00015828,185,42,10,32,143,121,22,22.702702702702705,5.405405405405405,17.2972972972973,77.29729729729729,65.4054054054054,11.891891891891893
E00015829,145,50,16,34,95,82,13,34.48275862068966,11.03448275862069,23.448275862068964,65.51724137931035,56.55172413793104,8.96551724137931
E00015830,176,43,20,23,133,109,24,24.431818181818183,11.363636363636363,13.068181818181818,75.56818181818183,61.93181818181818,13.636363636363635
E00015831,167,43,17,26,124,98,26,25.748502994011975,10.179640718562874,15.568862275449103,74.25149700598801,58.68263473053892,15.568862275449103
E00015832,129,28,8,20,101,83,18,21.705426356589147,6.2015503875969,15.503875968992247,78.29457364341084,64.34108527131784,13.953488372093023
E00015833,115,35,14,21,80,69,11,30.434782608695656,12.173913043478262,18.26086956521739,69.56521739130434,60,9.565217391304348
E00015834,127,38,24,14,89,75,14,29.92125984251969,18.89763779527559,11.023622047244094,70.07874015748031,59.055118110236215,11.023622047244094
E00015835,153,33,13,20,120,94,26,21.568627450980394,8.49673202614379,13.071895424836603,78.43137254901961,61.43790849673203,16.99346405228758
E00015836,161,61,21,40,100,82,18,37.88819875776397,13.043478260869565,24.84472049689441,62.11180124223602,50.931677018633536,11.180124223602485
E00015837,162,30,15,15,132,100,32,18.51851851851852,9.25925925925926,9.25925925925926,81.48148148148148,61.72839506172839,19.753086419753085
E00015838,164,49,23,26,115,93,22,29.878048780487802,14.02439024390244,15.853658536585366,70.1219512195122,56.70731707317073,13.414634146341465
E00015839,165,34,9,25,131,97,34,20.606060606060606,5.454545454545454,15.151515151515152,79.39393939393939,58.78787878787879,20.606060606060606
E00015840,123,21,16,5,102,79,23,17.073170731707318,13.008130081300814,4.0650406504065035,82.92682926829268,64.22764227642277,18.69918699186992
E00015841,147,43,14,29,104,88,16,29.25170068027211,9.523809523809524,19.727891156462583,70.74829931972789,59.863945578231295,10.884353741496598
E00015842,134,52,26,26,82,71,11,38.80597014925373,19.402985074626866,19.402985074626866,61.19402985074627,52.98507462686567,8.208955223880597
E00015843,197,46,19,27,151,105,46,23.3502538071066,9.644670050761421,13.705583756345177,76.6497461928934,53.299492385786806,23.3502538071066
E00015844,132,38,19,19,94,81,13,28.78787878787879,14.393939393939394,14.393939393939394,71.21212121212122,61.36363636363637,9.848484848484848
E00015845,151,33,19,14,118,97,21,21.85430463576159,12.582781456953644,9.271523178807946,78.1456953642384,64.23841059602648,13.90728476821192
E00015846,213,27,10,17,186,130,56,12.676056338028168,4.694835680751173,7.981220657276995,87.32394366197182,61.03286384976526,26.291079812206576
E00015847,179,46,25,21,133,108,25,25.69832402234637,13.966480446927374,11.731843575418994,74.30167597765363,60.33519553072626,13.966480446927374
E00015848,167,60,16,44,107,89,18,35.92814371257485,9.580838323353294,26.34730538922156,64.07185628742515,53.293413173652695,10.778443113772456
E00015849,193,41,11,30,152,120,32,21.243523316062177,5.699481865284974,15.544041450777202,78.75647668393782,62.17616580310881,16.580310880829018
E00015850,201,41,19,22,160,128,32,20.398009950248756,9.45273631840796,10.945273631840797,79.60199004975125,63.681592039801,15.92039800995025
E00015851,191,46,21,25,145,115,30,24.083769633507853,10.99476439790576,13.089005235602095,75.91623036649214,60.20942408376963,15.706806282722512
E00015852,184,60,23,37,124,98,26,32.608695652173914,12.5,20.108695652173914,67.3913043478261,53.2608695652174,14.130434782608695
E00015853,272,52,20,32,220,197,23,19.11764705882353,7.352941176470589,11.76470588235294,80.88235294117648,72.42647058823529,8.455882352941178
E00015854,70,24,8,16,46,44,2,34.285714285714285,11.428571428571429,22.857142857142858,65.71428571428571,62.857142857142854,2.857142857142857
E00015855,151,50,17,33,101,87,14,33.11258278145696,11.258278145695364,21.85430463576159,66.88741721854305,57.615894039735096,9.271523178807946
E00015856,168,50,20,30,118,107,11,29.761904761904763,11.904761904761903,17.857142857142858,70.23809523809523,63.69047619047619,6.547619047619048
E00015857,182,44,11,33,138,125,13,24.175824175824175,6.043956043956044,18.13186813186813,75.82417582417582,68.68131868131869,7.142857142857142
E00015858,184,63,23,40,121,98,23,34.23913043478261,12.5,21.73913043478261,65.76086956521739,53.2608695652174,12.5
E00015859,189,67,14,53,122,106,16,35.44973544973545,7.4074074074074066,28.04232804232804,64.55026455026454,56.08465608465608,8.465608465608465
E00015860,184,41,22,19,143,116,27,22.282608695652172,11.956521739130435,10.326086956521738,77.71739130434783,63.04347826086957,14.673913043478262
E00015861,204,58,19,39,146,131,15,28.431372549019606,9.313725490196079,19.11764705882353,71.56862745098039,64.2156862745098,7.352941176470589
E00015862,234,77,44,33,157,125,32,32.9059829059829,18.803418803418804,14.102564102564102,67.09401709401709,53.41880341880342,13.675213675213676
E00015863,126,42,16,26,84,78,6,33.33333333333333,12.698412698412698,20.634920634920633,66.66666666666666,61.904761904761905,4.761904761904762
E00015864,235,67,30,37,168,113,55,28.510638297872344,12.76595744680851,15.74468085106383,71.48936170212767,48.08510638297872,23.404255319148938
E00015865,185,56,16,40,129,91,38,30.270270270270274,8.64864864864865,21.62162162162162,69.72972972972973,49.18918918918919,20.54054054054054
E00015866,211,64,29,35,147,124,23,30.33175355450237,13.744075829383887,16.587677725118482,69.66824644549763,58.767772511848335,10.90047393364929
E00015867,146,45,21,24,101,84,17,30.82191780821918,14.383561643835616,16.43835616438356,69.17808219178082,57.534246575342465,11.643835616438356
E00015868,173,59,20,39,114,87,27,34.104046242774565,11.560693641618498,22.54335260115607,65.89595375722543,50.28901734104046,15.606936416184972
E00015869,100,42,18,24,58,51,7,42,18,24,57.99999999999999,51,7.000000000000001
E00015870,182,50,22,28,132,115,17,27.472527472527474,12.087912087912088,15.384615384615385,72.52747252747253,63.18681318681318,9.340659340659341
E00015871,148,48,21,27,100,79,21,32.432432432432435,14.18918918918919,18.243243243243242,67.56756756756756,53.37837837837838,14.18918918918919
E00015872,226,57,25,32,169,138,31,25.221238938053098,11.061946902654867,14.15929203539823,74.77876106194691,61.06194690265486,13.716814159292035
E00015873,168,43,17,26,125,113,12,25.595238095238095,10.119047619047619,15.476190476190476,74.40476190476191,67.26190476190477,7.142857142857142
E00015874,190,54,23,31,136,112,24,28.421052631578945,12.105263157894736,16.315789473684212,71.57894736842105,58.94736842105262,12.631578947368421
E00015875,254,91,28,63,163,135,28,35.826771653543304,11.023622047244094,24.803149606299215,64.1732283464567,53.14960629921261,11.023622047244094
E00015876,172,55,17,38,117,99,18,31.976744186046513,9.883720930232558,22.093023255813954,68.02325581395348,57.55813953488372,10.465116279069768
E00015877,200,53,21,32,147,128,19,26.5,10.5,16,73.5,64,9.5
E00015878,135,49,10,39,86,69,17,36.2962962962963,7.4074074074074066,28.888888888888886,63.70370370370371,51.11111111111111,12.592592592592592
E00015879,154,52,14,38,102,88,14,33.76623376623377,9.090909090909092,24.675324675324674,66.23376623376623,57.14285714285714,9.090909090909092
E00015880,170,45,18,27,125,102,23,26.47058823529412,10.588235294117647,15.88235294117647,73.52941176470588,60,13.529411764705882
E00015881,321,86,34,52,235,201,34,26.791277258566975,10.59190031152648,16.1993769470405,73.20872274143302,62.616822429906534,10.59190031152648
E00015882,289,64,22,42,225,193,32,22.145328719723185,7.612456747404845,14.53287197231834,77.85467128027682,66.78200692041523,11.072664359861593
E00015883,189,64,29,35,125,108,17,33.86243386243386,15.343915343915343,18.51851851851852,66.13756613756614,57.14285714285714,8.994708994708994
E00015884,147,41,18,23,106,96,10,27.89115646258503,12.244897959183673,15.646258503401361,72.10884353741497,65.3061224489796,6.802721088435375
E00015885,156,48,17,31,108,92,16,30.76923076923077,10.897435897435898,19.871794871794872,69.23076923076923,58.97435897435898,10.256410256410255
E00015886,214,53,21,32,161,133,28,24.766355140186917,9.813084112149532,14.953271028037381,75.23364485981308,62.149532710280376,13.084112149532709
E00015887,150,36,15,21,114,100,14,24,10,14.000000000000002,76,66.66666666666666,9.333333333333334
E00015888,178,54,22,32,124,107,17,30.337078651685395,12.359550561797752,17.97752808988764,69.66292134831461,60.1123595505618,9.550561797752808
E00015889,173,57,28,29,116,101,15,32.947976878612714,16.184971098265898,16.76300578034682,67.05202312138728,58.38150289017341,8.670520231213873
E00015890,151,51,17,34,100,93,7,33.77483443708609,11.258278145695364,22.516556291390728,66.22516556291392,61.58940397350994,4.635761589403973
E00015891,117,49,13,36,68,54,14,41.88034188034188,11.11111111111111,30.76923076923077,58.119658119658126,46.15384615384615,11.965811965811966
E00015892,129,45,26,19,84,74,10,34.883720930232556,20.155038759689923,14.728682170542637,65.11627906976744,57.36434108527132,7.751937984496124
E00015893,168,36,14,22,132,113,19,21.428571428571427,8.333333333333332,13.095238095238097,78.57142857142857,67.26190476190477,11.30952380952381
E00015894,95,21,7,14,74,65,9,22.105263157894736,7.368421052631578,14.736842105263156,77.89473684210526,68.42105263157895,9.473684210526317
E00015895,231,54,24,30,177,146,31,23.376623376623375,10.38961038961039,12.987012987012985,76.62337662337663,63.20346320346321,13.41991341991342
E00015896,164,31,8,23,133,109,24,18.902439024390244,4.878048780487805,14.02439024390244,81.09756097560977,66.46341463414635,14.634146341463413
E00015897,201,67,17,50,134,114,20,33.33333333333333,8.45771144278607,24.875621890547265,66.66666666666666,56.71641791044776,9.950248756218906
E00015898,231,60,29,31,171,136,35,25.97402597402597,12.554112554112553,13.41991341991342,74.02597402597402,58.87445887445888,15.151515151515152
E00015899,190,42,11,31,148,118,30,22.105263157894736,5.7894736842105265,16.315789473684212,77.89473684210526,62.10526315789474,15.789473684210526
E00015900,228,58,30,28,170,134,36,25.438596491228072,13.157894736842104,12.280701754385964,74.56140350877193,58.77192982456141,15.789473684210526
E00015901,186,57,22,35,129,104,25,30.64516129032258,11.827956989247312,18.817204301075268,69.35483870967742,55.91397849462365,13.440860215053762
E00015902,200,54,20,34,146,115,31,27,10,17,73,57.49999999999999,15.5
E00015903,204,41,17,24,163,128,35,20.098039215686274,8.333333333333332,11.76470588235294,79.90196078431373,62.745098039215684,17.15686274509804
E00015904,156,45,10,35,111,93,18,28.846153846153843,6.41025641025641,22.435897435897438,71.15384615384616,59.61538461538461,11.538461538461538
E00015905,126,37,9,28,89,82,7,29.365079365079367,7.142857142857142,22.22222222222222,70.63492063492063,65.07936507936508,5.555555555555555
E00015906,204,52,19,33,152,126,26,25.49019607843137,9.313725490196079,16.176470588235293,74.50980392156863,61.76470588235294,12.745098039215685
E00015907,191,47,18,29,144,123,21,24.60732984293194,9.424083769633508,15.18324607329843,75.39267015706807,64.3979057591623,10.99476439790576
E00015909,178,47,15,32,131,104,27,26.40449438202247,8.426966292134832,17.97752808988764,73.59550561797754,58.42696629213483,15.168539325842698
E00015910,230,53,22,31,177,140,37,23.043478260869566,9.565217391304348,13.478260869565217,76.95652173913044,60.86956521739131,16.08695652173913
E00015911,217,41,11,30,176,146,30,18.89400921658986,5.0691244239631335,13.82488479262673,81.10599078341014,67.2811059907834,13.82488479262673
E00015912,195,58,16,42,137,124,13,29.743589743589745,8.205128205128204,21.53846153846154,70.25641025641025,63.589743589743584,6.666666666666667
E00015913,231,55,20,35,176,143,33,23.809523809523807,8.658008658008658,15.151515151515152,76.19047619047619,61.904761904761905,14.285714285714285
E00015914,189,22,7,15,167,147,20,11.64021164021164,3.7037037037037033,7.936507936507936,88.35978835978835,77.77777777777779,10.582010582010582
E00015915,218,49,13,36,169,139,30,22.477064220183486,5.963302752293578,16.51376146788991,77.52293577981652,63.76146788990825,13.761467889908257
E00015916,214,44,15,29,170,146,24,20.5607476635514,7.009345794392523,13.551401869158877,79.43925233644859,68.22429906542055,11.214953271028037
E00015917,179,43,13,30,136,114,22,24.022346368715084,7.262569832402235,16.75977653631285,75.97765363128491,63.687150837988824,12.290502793296088
E00015918,219,42,17,25,177,155,22,19.17808219178082,7.76255707762557,11.415525114155251,80.82191780821918,70.77625570776256,10.045662100456621
E00015919,109,27,13,14,82,73,9,24.770642201834864,11.926605504587156,12.844036697247708,75.22935779816514,66.97247706422019,8.256880733944955
E00015920,136,50,18,32,86,75,11,36.76470588235294,13.23529411764706,23.52941176470588,63.23529411764706,55.14705882352941,8.088235294117647
E00015921,194,63,24,39,131,108,23,32.47422680412371,12.371134020618557,20.103092783505154,67.5257731958763,55.670103092783506,11.855670103092782
E00015922,185,59,22,37,126,104,22,31.891891891891895,11.891891891891893,20,68.10810810810811,56.21621621621622,11.891891891891893
E00015923,165,46,19,27,119,105,14,27.878787878787882,11.515151515151516,16.363636363636363,72.12121212121212,63.63636363636363,8.484848484848486
E00015924,239,48,16,32,191,153,38,20.0836820083682,6.694560669456067,13.389121338912133,79.9163179916318,64.01673640167364,15.899581589958158
E00015925,157,45,11,34,112,97,15,28.662420382165603,7.006369426751593,21.656050955414013,71.3375796178344,61.78343949044586,9.554140127388536
E00015926,218,58,23,35,160,132,28,26.605504587155966,10.550458715596331,16.055045871559635,73.39449541284404,60.550458715596335,12.844036697247708
E00015927,166,37,13,24,129,101,28,22.289156626506024,7.83132530120482,14.457831325301203,77.71084337349397,60.8433734939759,16.867469879518072
E00015928,173,23,6,17,150,121,29,13.294797687861271,3.4682080924855487,9.826589595375722,86.70520231213872,69.94219653179191,16.76300578034682
E00015929,185,39,16,23,146,124,22,21.08108108108108,8.64864864864865,12.432432432432433,78.91891891891892,67.02702702702703,11.891891891891893
E00015930,159,44,15,29,115,99,16,27.67295597484277,9.433962264150944,18.238993710691823,72.32704402515722,62.264150943396224,10.062893081761008
E00015931,197,40,16,24,157,134,23,20.304568527918782,8.121827411167512,12.18274111675127,79.69543147208121,68.02030456852792,11.6751269035533
E00015932,177,29,14,15,148,109,39,16.38418079096045,7.909604519774012,8.47457627118644,83.61581920903954,61.5819209039548,22.033898305084744
E00015933,161,34,10,24,127,95,32,21.11801242236025,6.211180124223603,14.906832298136646,78.88198757763976,59.006211180124225,19.875776397515526
E00015934,156,31,14,17,125,95,30,19.871794871794872,8.974358974358974,10.897435897435898,80.12820512820514,60.89743589743589,19.230769230769234
E00015935,229,69,25,44,160,126,34,30.131004366812224,10.91703056768559,19.213973799126638,69.86899563318777,55.021834061135365,14.847161572052403
E00015936,172,40,15,25,132,110,22,23.25581395348837,8.720930232558139,14.534883720930234,76.74418604651163,63.95348837209303,12.790697674418606
E00015937,195,25,11,14,170,121,49,12.82051282051282,5.641025641025641,7.179487179487179,87.17948717948718,62.05128205128205,25.128205128205128
E00015938,175,20,9,11,155,115,40,11.428571428571429,5.142857142857142,6.2857142857142865,88.57142857142857,65.71428571428571,22.857142857142858
E00015939,256,27,11,16,229,180,49,10.546875,4.296875,6.25,89.453125,70.3125,19.140625
E00015940,216,48,22,26,168,144,24,22.22222222222222,10.185185185185185,12.037037037037036,77.77777777777779,66.66666666666666,11.11111111111111
E00015941,300,61,19,42,239,195,44,20.333333333333332,6.333333333333334,14.000000000000002,79.66666666666666,65,14.666666666666666
E00015942,159,39,17,22,120,99,21,24.528301886792452,10.69182389937107,13.836477987421384,75.47169811320755,62.264150943396224,13.20754716981132
E00015943,131,44,19,25,87,76,11,33.587786259541986,14.50381679389313,19.083969465648856,66.41221374045801,58.01526717557252,8.396946564885496
E00015944,170,14,3,11,156,99,57,8.235294117647058,1.7647058823529411,6.470588235294119,91.76470588235294,58.235294117647065,33.52941176470588
E00015945,117,31,14,17,86,77,9,26.495726495726498,11.965811965811966,14.529914529914532,73.50427350427351,65.8119658119658,7.6923076923076925
E00015946,162,20,9,11,142,109,33,12.345679012345679,5.555555555555555,6.790123456790123,87.65432098765432,67.28395061728395,20.37037037037037
E00015947,293,74,29,45,219,187,32,25.25597269624573,9.897610921501707,15.358361774744028,74.74402730375427,63.82252559726962,10.921501706484642
E00015948,184,43,18,25,141,106,35,23.369565217391305,9.782608695652174,13.586956521739129,76.63043478260869,57.608695652173914,19.021739130434785
E00015949,117,29,13,16,88,78,10,24.786324786324787,11.11111111111111,13.675213675213676,75.21367521367522,66.66666666666666,8.547008547008547
E00015950,147,53,21,32,94,82,12,36.054421768707485,14.285714285714285,21.768707482993197,63.94557823129252,55.78231292517006,8.16326530612245
E00015951,149,45,18,27,104,90,14,30.201342281879196,12.080536912751679,18.120805369127517,69.79865771812081,60.40268456375839,9.395973154362416
E00015952,149,53,16,37,96,80,16,35.57046979865772,10.738255033557047,24.832214765100673,64.42953020134227,53.691275167785236,10.738255033557047
E00015953,151,41,10,31,110,85,25,27.1523178807947,6.622516556291391,20.52980132450331,72.84768211920529,56.29139072847682,16.55629139072848
E00015954,161,17,10,7,144,97,47,10.559006211180124,6.211180124223603,4.3478260869565215,89.44099378881988,60.24844720496895,29.19254658385093
E00015955,189,44,16,28,145,111,34,23.28042328042328,8.465608465608465,14.814814814814813,76.71957671957672,58.730158730158735,17.989417989417987
E00015956,175,75,27,48,100,91,9,42.857142857142854,15.428571428571427,27.42857142857143,57.14285714285714,52,5.142857142857142
E00015957,141,50,23,27,91,77,14,35.46099290780142,16.312056737588655,19.148936170212767,64.53900709219859,54.60992907801418,9.929078014184398
E00015958,197,36,11,25,161,123,38,18.274111675126903,5.583756345177665,12.690355329949238,81.7258883248731,62.43654822335025,19.289340101522843
E00015959,187,33,15,18,154,121,33,17.647058823529413,8.0213903743315509,9.62566844919786,82.35294117647058,64.70588235294117,17.647058823529413
E00015960,169,29,13,16,140,121,19,17.159763313609467,7.6923076923076925,9.467455621301776,82.84023668639054,71.59763313609467,11.242603550295858
E00015961,147,32,15,17,115,102,13,21.768707482993197,10.204081632653061,11.564625850340136,78.2312925170068,69.38775510204081,8.843537414965986
E00015962,181,35,15,20,146,114,32,19.337016574585636,8.287292817679557,11.049723756906078,80.66298342541437,62.98342541436463,17.67955801104972
E00015963,181,66,27,39,115,103,12,36.46408839779006,14.917127071823206,21.54696132596685,63.53591160220995,56.9060773480663,6.629834254143646
E00015964,180,56,19,37,124,110,14,31.11111111111111,10.555555555555555,20.555555555555554,68.88888888888889,61.111111111111114,7.777777777777778
E00015965,232,22,7,15,210,156,54,9.482758620689655,3.0172413793103448,6.4655172413793105,90.51724137931035,67.24137931034483,23.275862068965516
E00015966,207,43,9,34,164,134,30,20.77294685990338,4.3478260869565215,16.425120772946862,79.22705314009661,64.73429951690821,14.492753623188406
E00015967,146,38,18,20,108,100,8,26.027397260273972,12.32876712328767,13.698630136986301,73.97260273972603,68.4931506849315,5.47945205479452
E00015968,132,27,15,12,105,78,27,20.454545454545457,11.363636363636363,9.090909090909092,79.54545454545455,59.09090909090909,20.454545454545457
E00015969,182,16,8,8,166,123,43,8.791208791208792,4.395604395604396,4.395604395604396,91.20879120879121,67.58241758241759,23.626373626373624
E00015970,163,18,4,14,145,113,32,11.042944785276074,2.4539877300613497,8.588957055214724,88.95705521472392,69.32515337423312,19.631901840490798
E00015971,167,37,15,22,130,100,30,22.15568862275449,8.982035928143713,13.17365269461078,77.84431137724552,59.88023952095808,17.964071856287426
E00015972,183,34,14,20,149,92,57,18.579234972677597,7.650273224043716,10.92896174863388,81.4207650273224,50.27322404371585,31.147540983606557
E00015973,159,33,15,18,126,102,24,20.754716981132077,9.433962264150944,11.320754716981133,79.24528301886792,64.15094339622641,15.09433962264151
E00015974,162,19,8,11,143,103,40,11.728395061728394,4.938271604938271,6.790123456790123,88.27160493827161,63.580246913580254,24.691358024691358
E00015975,119,15,5,10,104,76,28,12.605042016806722,4.201680672268908,8.403361344537815,87.39495798319328,63.86554621848739,23.52941176470588
E00015976,192,33,12,21,159,105,54,17.1875,6.25,10.9375,82.8125,54.6875,28.125
E00015977,127,25,12,13,102,84,18,19.68503937007874,9.448818897637794,10.236220472440944,80.31496062992126,66.14173228346458,14.173228346456693
E00015978,165,36,14,22,129,85,44,21.818181818181817,8.484848484848486,13.333333333333334,78.18181818181819,51.515151515151516,26.666666666666668
E00015979,155,25,7,18,130,96,34,16.129032258064516,4.516129032258064,11.612903225806452,83.87096774193549,61.935483870967744,21.935483870967744
E00015980,166,27,8,19,139,108,31,16.265060240963855,4.819277108433735,11.44578313253012,83.73493975903614,65.06024096385542,18.67469879518072
E00015981,131,37,18,19,94,79,15,28.24427480916031,13.740458015267176,14.50381679389313,71.7557251908397,60.30534351145038,11.450381679389313
E00015982,187,44,10,34,143,112,31,23.52941176470588,5.347593582887701,18.181818181818183,76.47058823529412,59.893048128342244,16.577540106951872
E00015983,212,45,24,21,167,124,43,21.22641509433962,11.320754716981133,9.90566037735849,78.77358490566037,58.490566037735846,20.28301886792453
E00015984,332,65,22,43,267,212,55,19.57831325301205,6.626506024096386,12.951807228915662,80.42168674698796,63.85542168674698,16.566265060240966
E00015985,234,59,23,36,175,151,24,25.213675213675213,9.82905982905983,15.384615384615385,74.78632478632478,64.52991452991454,10.256410256410255
E00015986,212,54,20,34,158,114,44,25.471698113207548,9.433962264150944,16.037735849056602,74.52830188679245,53.77358490566038,20.754716981132077
E00015987,206,40,19,21,166,116,50,19.41747572815534,9.223300970873787,10.194174757281553,80.58252427184466,56.310679611650485,24.271844660194176
E00015988,175,37,19,18,138,106,32,21.142857142857142,10.857142857142858,10.285714285714285,78.85714285714286,60.57142857142858,18.285714285714285
E00015989,188,65,15,50,123,113,10,34.57446808510639,7.9787234042553195,26.595744680851062,65.42553191489363,60.1063829787234,5.319148936170213
E00015990,304,85,37,48,219,180,39,27.960526315789476,12.171052631578947,15.789473684210526,72.03947368421053,59.210526315789465,12.828947368421053
E00015991,208,51,18,33,157,121,36,24.519230769230766,8.653846153846153,15.865384615384615,75.48076923076923,58.17307692307693,17.307692307692307
E00015992,213,45,12,33,168,136,32,21.12676056338028,5.633802816901409,15.492957746478872,78.87323943661971,63.84976525821596,15.023474178403756
E00015993,122,37,11,26,85,72,13,30.327868852459016,9.01639344262295,21.311475409836063,69.67213114754098,59.01639344262295,10.655737704918032
E00015994,167,39,15,24,128,103,25,23.353293413173652,8.982035928143713,14.37125748502994,76.64670658682635,61.67664670658682,14.97005988023952
E00015995,181,45,17,28,136,99,37,24.861878453038674,9.392265193370166,15.469613259668508,75.13812154696133,54.69613259668509,20.441988950276244
E00015996,212,46,23,23,166,134,32,21.69811320754717,10.849056603773585,10.849056603773585,78.30188679245283,63.20754716981132,15.09433962264151
E00015997,318,81,25,56,237,190,47,25.471698113207548,7.861635220125786,17.61006289308176,74.52830188679245,59.74842767295597,14.779874213836477
E00015998,255,38,10,28,217,161,56,14.901960784313726,3.9215686274509802,10.980392156862745,85.09803921568627,63.13725490196078,21.96078431372549
E00015999,161,30,15,15,131,98,33,18.633540372670808,9.316770186335404,9.316770186335404,81.36645962732919,60.86956521739131,20.496894409937887
E00016000,143,52,20,32,91,72,19,36.36363636363637,13.986013986013987,22.377622377622377,63.63636363636363,50.349650349650354,13.286713286713287
E00016001,113,41,18,23,72,61,11,36.283185840707965,15.929203539823009,20.353982300884958,63.716814159292035,53.98230088495575,9.734513274336283
E00016002,253,71,29,42,182,128,54,28.063241106719367,11.462450592885375,16.600790513833992,71.93675889328063,50.59288537549407,21.34387351778656
E00016003,155,30,9,21,125,94,31,19.35483870967742,5.806451612903226,13.548387096774196,80.64516129032258,60.64516129032258,20
E00016004,138,62,20,42,76,69,7,44.927536231884055,14.492753623188406,30.434782608695656,55.072463768115945,50,5.072463768115942
E00016005,183,43,16,27,140,108,32,23.497267759562842,8.743169398907105,14.754098360655737,76.50273224043715,59.01639344262295,17.48633879781421
E00016006,277,62,23,39,215,167,48,22.382671480144403,8.303249097472925,14.079422382671481,77.6173285198556,60.28880866425993,17.328519855595665
E00016007,177,44,15,29,133,95,38,24.858757062146893,8.47457627118644,16.38418079096045,75.14124293785311,53.672316384180796,21.468926553672315
E00016008,219,48,15,33,171,143,28,21.91780821917808,6.8493150684931505,15.068493150684931,78.08219178082192,65.29680365296804,12.785388127853881
E00016009,120,43,14,29,77,69,8,35.833333333333336,11.666666666666666,24.166666666666668,64.16666666666667,57.49999999999999,6.666666666666667
E00016010,90,20,8,12,70,55,15,22.22222222222222,8.88888888888889,13.333333333333334,77.77777777777779,61.111111111111114,16.666666666666664
E00016011,289,58,25,33,231,191,40,20.069204152249135,8.650519031141869,11.418685121107266,79.93079584775087,66.08996539792388,13.84083044982699
E00016012,168,35,11,24,133,108,25,20.833333333333336,6.547619047619048,14.285714285714285,79.16666666666666,64.28571428571429,14.880952380952381
E00016013,248,60,20,40,188,143,45,24.193548387096776,8.064516129032258,16.129032258064516,75.80645161290323,57.66129032258065,18.14516129032258
E00016014,135,35,12,23,100,83,17,25.925925925925924,8.88888888888889,17.037037037037038,74.07407407407408,61.48148148148148,12.592592592592592
E00016015,220,48,21,27,172,140,32,21.818181818181817,9.545454545454547,12.272727272727273,78.18181818181819,63.63636363636363,14.545454545454545
E00016016,271,64,25,39,207,177,30,23.616236162361623,9.22509225092251,14.391143911439114,76.38376383763837,65.31365313653137,11.07011070110701
E00016017,203,66,17,49,137,129,8,32.51231527093596,8.374384236453201,24.137931034482758,67.48768472906403,63.54679802955665,3.9408866995073892
E00016018,201,44,19,25,157,135,22,21.890547263681594,9.45273631840796,12.437810945273633,78.1094527363184,67.16417910447761,10.945273631840797
E00016019,151,35,14,21,116,82,34,23.178807947019866,9.271523178807946,13.90728476821192,76.82119205298014,54.3046357615894,22.516556291390728
E00016020,185,70,31,39,115,96,19,37.83783783783784,16.756756756756758,21.08108108108108,62.16216216216216,51.891891891891895,10.27027027027027
E00016021,181,43,15,28,138,110,28,23.756906077348066,8.287292817679557,15.469613259668508,76.24309392265194,60.773480662983424,15.469613259668508
E00016022,197,35,16,19,162,122,40,17.766497461928935,8.121827411167512,9.644670050761421,82.23350253807106,61.92893401015228,20.304568527918782
E00016023,222,44,22,22,178,146,32,19.81981981981982,9.90990990990991,9.90990990990991,80.18018018018019,65.76576576576578,14.414414414414415
E00016025,114,23,9,14,91,73,18,20.175438596491226,7.894736842105263,12.280701754385964,79.82456140350878,64.03508771929825,15.789473684210526
E00016026,200,41,16,25,159,127,32,20.5,8,12.5,79.5,63.5,16
E00016027,199,45,16,29,154,124,30,22.613065326633166,8.040201005025125,14.572864321608039,77.38693467336684,62.311557788944725,15.07537688442211
E00016028,119,34,10,24,85,75,10,28.57142857142857,8.403361344537815,20.168067226890756,71.42857142857143,63.02521008403361,8.403361344537815
E00016029,193,41,13,28,152,124,28,21.243523316062177,6.7357512953367875,14.507772020725387,78.75647668393782,64.24870466321244,14.507772020725387
E00016030,177,43,25,18,134,99,35,24.293785310734464,14.124293785310735,10.16949152542373,75.70621468926554,55.932203389830505,19.774011299435028
E00016031,171,60,18,42,111,98,13,35.08771929824561,10.526315789473683,24.561403508771928,64.91228070175438,57.30994152046783,7.602339181286549
E00016032,211,47,21,26,164,141,23,22.274881516587676,9.95260663507109,12.322274881516588,77.72511848341233,66.82464454976304,10.90047393364929
E00016033,144,46,17,29,98,88,10,31.944444444444443,11.805555555555555,20.13888888888889,68.05555555555556,61.111111111111114,6.944444444444445
E00016034,227,71,30,41,156,129,27,31.277533039647576,13.215859030837004,18.06167400881057,68.72246696035242,56.82819383259912,11.894273127753303
E00016035,202,68,38,30,134,122,12,33.663366336633665,18.81188118811881,14.85148514851485,66.33663366336634,60.396039603960396,5.9405940594059405
E00016036,107,37,14,23,70,56,14,34.57943925233645,13.084112149532709,21.49532710280374,65.42056074766354,52.336448598130836,13.084112149532709
E00016037,145,52,22,30,93,85,8,35.86206896551724,15.172413793103448,20.689655172413794,64.13793103448275,58.620689655172406,5.517241379310345
E00016038,203,73,25,48,130,106,24,35.960591133004925,12.31527093596059,23.645320197044335,64.03940886699507,52.21674876847291,11.822660098522167
E00016039,188,63,32,31,125,108,17,33.51063829787234,17.02127659574468,16.48936170212766,66.48936170212765,57.446808510638306,9.042553191489363
E00016040,199,63,28,35,136,118,18,31.65829145728643,14.07035175879397,17.587939698492463,68.34170854271356,59.2964824120603,9.045226130653267
E00016041,221,82,24,58,139,116,23,37.10407239819005,10.85972850678733,26.244343891402718,62.89592760180995,52.488687782805435,10.407239819004525
E00016042,162,49,13,36,113,91,22,30.246913580246915,8.024691358024691,22.22222222222222,69.75308641975309,56.17283950617284,13.580246913580247
E00016043,71,20,12,8,51,49,2,28.169014084507044,16.901408450704224,11.267605633802818,71.83098591549296,69.01408450704226,2.8169014084507045
E00016044,84,37,18,19,47,45,2,44.047619047619044,21.428571428571427,22.61904761904762,55.952380952380956,53.57142857142857,2.380952380952381
E00016045,233,87,40,47,146,132,14,37.33905579399141,17.167381974248926,20.171673819742487,62.66094420600859,56.65236051502146,6.008583690987124
E00016046,226,63,18,45,163,146,17,27.876106194690266,7.964601769911504,19.911504424778762,72.12389380530973,64.60176991150442,7.52212389380531
E00016047,195,44,18,26,151,133,18,22.564102564102566,9.230769230769232,13.333333333333334,77.435897435897445,68.2051282051282,9.230769230769232
E00016048,180,44,19,25,136,118,18,24.444444444444443,10.555555555555555,13.88888888888889,75.55555555555556,65.55555555555556,10
E00016049,192,42,14,28,150,119,31,21.875,7.291666666666667,14.583333333333334,78.125,61.979166666666664,16.145833333333336
E00016050,232,56,23,33,176,143,33,24.137931034482758,9.913793103448276,14.224137931034484,75.86206896551724,61.63793103448276,14.224137931034484
E00016051,235,36,13,23,199,146,53,15.319148936170212,5.531914893617021,9.787234042553191,84.68085106382979,62.12765957446808,22.5531914893617
E00016052,174,48,19,29,126,101,25,27.586206896551722,10.919540229885058,16.666666666666664,72.41379310344827,58.04597701149425,14.367816091954023
E00016053,256,50,24,26,206,157,49,19.53125,9.375,10.15625,80.46875,61.328125,19.140625
E00016054,234,43,12,31,191,158,33,18.37606837606838,5.128205128205128,13.247863247863249,81.62393162393163,67.52136752136752,14.102564102564102
E00016055,207,34,12,22,173,133,40,16.425120772946862,5.797101449275362,10.628019323671497,83.57487922705315,64.25120772946859,19.32367149758454
E00016056,170,32,13,19,138,111,27,18.823529411764707,7.647058823529412,11.176470588235295,81.17647058823529,65.29411764705883,15.88235294117647
E00016057,181,71,28,43,110,101,9,39.226519337016576,15.469613259668508,23.756906077348066,60.773480662983424,55.80110497237569,4.972375690607735
E00016058,153,54,15,39,99,87,12,35.294117647058826,9.803921568627452,25.49019607843137,64.70588235294117,56.86274509803921,7.8431372549019605
E00016059,221,50,19,31,171,146,25,22.624434389140273,8.597285067873303,14.027149321266968,77.37556561085974,66.06334841628959,11.312217194570136
E00016060,164,42,15,27,122,98,24,25.609756097560975,9.146341463414634,16.463414634146343,74.39024390243902,59.756097560975604,14.634146341463413
E00016061,154,54,17,37,100,79,21,35.064935064935064,11.03896103896104,24.025974025974026,64.93506493506493,51.298701298701296,13.636363636363635
E00016062,163,36,11,25,127,106,21,22.085889570552148,6.748466257668712,15.337423312883436,77.91411042944786,65.03067484662577,12.883435582822086
E00016063,231,32,8,24,199,148,51,13.852813852813853,3.463203463203463,10.38961038961039,86.14718614718615,64.06926406926407,22.07792207792208
E00016064,143,62,24,38,81,73,8,43.35664335664335,16.783216783216783,26.573426573426573,56.64335664335665,51.048951048951054,5.594405594405594
E00016065,148,54,18,36,94,87,7,36.486486486486484,12.162162162162163,24.324324324324326,63.51351351351351,58.78378378378378,4.72972972972973
E00016066,186,16,0,16,170,116,54,8.60215053763441,0,8.60215053763441,91.39784946236558,62.365591397849464,29.03225806451613
E00016067,175,35,11,24,140,116,24,20,6.2857142857142865,13.714285714285715,80,66.28571428571428,13.714285714285715
E00016068,225,86,40,46,139,122,17,38.22222222222222,17.77777777777778,20.444444444444446,61.77777777777778,54.22222222222223,7.555555555555555
E00016069,238,53,25,28,185,146,39,22.268907563025213,10.504201680672269,11.76470588235294,77.73109243697479,61.34453781512605,16.386554621848738
E00016070,128,46,20,26,82,68,14,35.9375,15.625,20.3125,64.0625,53.125,10.9375
E00016071,171,43,20,23,128,107,21,25.146198830409354,11.695906432748536,13.450292397660817,74.85380116959064,62.57309941520468,12.280701754385964
E00016072,166,36,21,15,130,111,19,21.686746987951807,12.650602409638553,9.036144578313253,78.3132530120482,66.86746987951807,11.44578313253012
E00016073,134,22,10,12,112,90,22,16.417910447761194,7.462686567164178,8.955223880597014,83.5820895522388,67.16417910447761,16.417910447761194
E00016074,196,72,23,49,124,107,17,36.734693877551024,11.73469387755102,25,63.26530612244898,54.59183673469388,8.673469387755102
E00016075,180,44,12,32,136,112,24,24.444444444444443,6.666666666666667,17.77777777777778,75.55555555555556,62.22222222222222,13.333333333333334
E00016076,160,49,18,31,111,100,11,30.625000000000004,11.25,19.375,69.375,62.5,6.875000000000001
E00016077,172,27,10,17,145,118,27,15.69767441860465,5.813953488372093,9.883720930232558,84.30232558139535,68.6046511627907,15.69767441860465
E00016078,122,25,10,15,97,80,17,20.491803278688526,8.19672131147541,12.295081967213115,79.50819672131148,65.57377049180327,13.934426229508196
E00016079,214,30,14,16,184,146,38,14.018691588785046,6.5420560747663545,7.476635514018691,85.98130841121495,68.22429906542055,17.75700934579439
E00016080,158,56,14,42,102,94,8,35.44303797468354,8.860759493670885,26.582278481012654,64.55696202531645,59.49367088607595,5.063291139240507
E00016083,170,56,21,35,114,96,18,32.94117647058823,12.352941176470589,20.588235294117645,67.05882352941175,56.470588235294116,10.588235294117647
E00016084,317,95,47,48,222,193,29,29.96845425867508,14.826498422712934,15.141955835962145,70.03154574132492,60.88328075709779,9.14826498422713
E00016086,165,24,7,17,141,107,34,14.545454545454545,4.242424242424243,10.303030303030303,85.45454545454545,64.84848484848484,20.606060606060606
E00016087,136,32,11,21,104,86,18,23.52941176470588,8.088235294117647,15.441176470588236,76.47058823529412,63.23529411764706,13.23529411764706
E00016088,104,23,9,14,81,70,11,22.115384615384613,8.653846153846153,13.461538461538462,77.88461538461539,67.3076923076923,10.576923076923077
E00016089,133,36,18,18,97,86,11,27.06766917293233,13.533834586466165,13.533834586466165,72.93233082706767,64.66165413533834,8.270676691729323
E00016090,261,22,8,14,239,202,37,8.42911877394636,3.065134099616858,5.363984674329502,91.57088122605363,77.39463601532567,14.17624521072797
E00016091,207,47,24,23,160,131,29,22.705314009661837,11.594202898550725,11.11111111111111,77.29468599033817,63.28502415458937,14.009661835748794
E00016092,130,27,11,16,103,75,28,20.76923076923077,8.461538461538462,12.307692307692308,79.23076923076923,57.692307692307686,21.53846153846154
E00016093,234,52,20,32,182,133,49,22.22222222222222,8.547008547008547,13.675213675213676,77.77777777777779,56.837606837606835,20.94017094017094
E00016094,184,56,22,34,128,109,19,30.434782608695656,11.956521739130435,18.478260869565215,69.56521739130434,59.2391304347826,10.326086956521738
E00016096,265,53,21,32,212,161,51,20,7.9245283018867925,12.075471698113208,80,60.75471698113207,19.245283018867926
E00016097,268,30,13,17,238,185,53,11.194029850746269,4.850746268656716,6.343283582089552,88.80597014925374,69.02985074626866,19.776119402985074
E00016098,136,44,17,27,92,78,14,32.35294117647059,12.5,19.852941176470587,67.64705882352942,57.35294117647059,10.294117647058822
E00016100,209,49,26,23,160,124,36,23.444976076555022,12.440191387559809,11.004784688995215,76.55502392344498,59.33014354066985,17.22488038277512
E00016101,142,24,7,17,118,97,21,16.901408450704224,4.929577464788732,11.971830985915492,83.09859154929578,68.30985915492957,14.788732394366196
E00016102,293,68,24,44,225,182,43,23.208191126279864,8.19112627986348,15.017064846416384,76.79180887372013,62.116040955631405,14.675767918088736
E00016103,181,55,22,33,126,109,17,30.386740331491712,12.154696132596685,18.23204419889503,69.61325966850829,60.22099447513812,9.392265193370166
E00016104,205,59,23,36,146,111,35,28.780487804878046,11.219512195121952,17.560975609756095,71.21951219512195,54.146341463414636,17.073170731707318
E00016105,163,47,14,33,116,94,22,28.834355828220858,8.588957055214724,20.245398773006134,71.16564417177914,57.668711656441715,13.496932515337424
E00016106,142,31,15,16,111,89,22,21.830985915492956,10.56338028169014,11.267605633802818,78.16901408450704,62.676056338028175,15.492957746478872
E00016107,186,57,21,36,129,106,23,30.64516129032258,11.29032258064516,19.35483870967742,69.35483870967742,56.98924731182796,12.365591397849462
E00016108,113,29,15,14,84,61,23,25.663716814159294,13.274336283185843,12.389380530973451,74.33628318584071,53.98230088495575,20.353982300884958
E00016109,284,62,26,36,222,170,52,21.830985915492956,9.15492957746479,12.676056338028168,78.16901408450704,59.859154929577464,18.30985915492958
E00016110,166,62,18,44,104,90,14,37.34939759036144,10.843373493975903,26.506024096385545,62.65060240963856,54.21686746987952,8.433734939759036
E00016111,172,53,21,32,119,99,20,30.813953488372093,12.209302325581394,18.6046511627907,69.18604651162791,57.55813953488372,11.627906976744185
E00165807,71,19,11,8,52,39,13,26.76056338028169,15.492957746478872,11.267605633802818,73.23943661971832,54.929577464788736,18.30985915492958
E00171519,236,26,13,13,210,148,62,11.016949152542372,5.508474576271186,5.508474576271186,88.98305084745762,62.71186440677966,26.27118644067797
E00171520,210,25,12,13,185,144,41,11.904761904761903,5.714285714285714,6.190476190476191,88.09523809523809,68.57142857142857,19.523809523809526
E00171524,239,51,11,40,188,149,39,21.338912133891213,4.602510460251046,16.736401673640167,78.66108786610879,62.34309623430963,16.317991631799163
E00171525,211,34,16,18,177,141,36,16.113744075829384,7.5829383886255926,8.530805687203792,83.88625592417061,66.82464454976304,17.061611374407583
E00171530,200,28,9,19,172,138,34,14.000000000000002,4.5,9.5,86,69,17
E00171531,172,81,16,65,91,79,12,47.093023255813954,9.30232558139535,37.7906976744186,52.90697674418605,45.93023255813954,6.976744186046512
E00171532,141,38,16,22,103,82,21,26.95035460992908,11.347517730496454,15.602836879432624,73.04964539007092,58.156028368794324,14.893617021276595
E00171533,272,76,56,20,196,121,75,27.941176470588236,20.588235294117645,7.352941176470589,72.05882352941177,44.48529411764706,27.573529411764707
E00171534,76,8,3,5,68,46,22,10.526315789473683,3.9473684210526314,6.578947368421052,89.47368421052632,60.526315789473685,28.947368421052634
E00171535,136,20,7,13,116,87,29,14.705882352941178,5.147058823529411,9.558823529411764,85.29411764705883,63.970588235294116,21.323529411764707
E00171540,176,23,13,10,153,112,41,13.068181818181818,7.386363636363637,5.681818181818182,86.93181818181817,63.63636363636363,23.295454545454543
E00171541,230,38,11,27,192,160,32,16.52173913043478,4.782608695652174,11.73913043478261,83.47826086956522,69.56521739130434,13.91304347826087
E00171542,238,46,20,26,192,149,43,19.327731092436977,8.403361344537815,10.92436974789916,80.67226890756302,62.60504201680672,18.067226890756302
E00171543,118,19,7,12,99,83,16,16.101694915254235,5.932203389830509,10.16949152542373,83.89830508474576,70.33898305084746,13.559322033898304
E00171545,117,18,5,13,99,64,35,15.384615384615385,4.273504273504273,11.11111111111111,84.61538461538461,54.700854700854705,29.914529914529915
E00171546,266,49,20,29,217,181,36,18.421052631578945,7.518796992481203,10.902255639097744,81.57894736842105,68.04511278195488,13.533834586466165
E00171549,165,46,18,28,119,98,21,27.878787878787882,10.909090909090908,16.969696969696972,72.12121212121212,59.3939393939394,12.727272727272727
E00171550,177,27,11,16,150,101,49,15.254237288135593,6.214689265536723,9.03954802259887,84.7457627118644,57.06214689265536,27.683615819209038
E00171551,301,22,8,14,279,218,61,7.308970099667775,2.6578073089700998,4.651162790697675,92.69102990033223,72.42524916943522,20.26578073089701
E00177482,205,74,27,47,131,119,12,36.09756097560975,13.170731707317074,22.926829268292686,63.90243902439025,58.048780487804876,5.853658536585367
E00177484,260,47,18,29,213,159,54,18.076923076923077,6.923076923076923,11.153846153846155,81.92307692307692,61.15384615384616,20.76923076923077
E00177485,319,49,20,29,270,214,56,15.360501567398119,6.269592476489027,9.090909090909092,84.63949843260188,67.0846394984326,17.55485893416928
E00177486,288,86,39,47,202,188,14,29.86111111111111,13.541666666666666,16.319444444444446,70.13888888888889,65.27777777777779,4.861111111111112
E00177502,113,14,4,10,99,72,27,12.389380530973451,3.5398230088495577,8.849557522123893,87.61061946902655,63.716814159292035,23.893805309734514
E00177503,140,33,13,20,107,71,36,23.57142857142857,9.285714285714286,14.285714285714285,76.42857142857142,50.71428571428571,25.71428571428571
E00177504,145,15,11,4,130,93,37,10.344827586206897,7.586206896551724,2.7586206896551726,89.65517241379311,64.13793103448275,25.517241379310345
E00177505,143,28,14,14,115,80,35,19.58041958041958,9.79020979020979,9.79020979020979,80.41958041958041,55.94405594405595,24.475524475524477
E00177509,83,14,6,8,69,51,18,16.867469879518072,7.228915662650602,9.63855421686747,83.13253012048193,61.44578313253012,21.686746987951807
E00177511,131,16,9,7,115,78,37,12.213740458015266,6.870229007633588,5.343511450381679,87.78625954198473,59.541984732824424,28.24427480916031
E00177514,133,13,8,5,120,90,30,9.774436090225564,6.015037593984962,3.7593984962406015,90.22556390977444,67.66917293233082,22.55639097744361
E00177515,292,52,21,31,240,198,42,17.80821917808219,7.191780821917808,10.616438356164384,82.1917808219178,67.8082191780822,14.383561643835616
E00177516,304,94,41,53,210,184,26,30.92105263157895,13.486842105263158,17.434210526315788,69.07894736842105,60.526315789473685,8.552631578947368
E00177518,114,38,11,27,76,67,9,33.33333333333333,9.649122807017543,23.684210526315788,66.66666666666666,58.77192982456141,7.894736842105263
E00177522,84,14,4,10,70,52,18,16.666666666666664,4.761904761904762,11.904761904761903,83.33333333333334,61.904761904761905,21.428571428571427
E00177525,108,54,19,35,54,50,4,50,17.59259259259259,32.407407407407405,50,46.2962962962963,3.7037037037037033
E00177529,257,27,11,16,230,191,39,10.505836575875486,4.280155642023346,6.22568093385214,89.49416342412452,74.31906614785993,15.17509727626459
E00177530,260,79,30,49,181,160,21,30.384615384615383,11.538461538461538,18.846153846153847,69.61538461538461,61.53846153846154,8.076923076923077
E00177533,86,27,16,11,59,56,3,31.3953488372093,18.6046511627907,12.790697674418606,68.6046511627907,65.11627906976744,3.488372093023256
E00177534,226,53,18,35,173,147,26,23.451327433628318,7.964601769911504,15.486725663716813,76.54867256637168,65.04424778761062,11.504424778761061
E00177536,315,23,9,14,292,225,67,7.301587301587302,2.857142857142857,4.444444444444445,92.6984126984127,71.42857142857143,21.26984126984127
E00177541,138,33,12,21,105,76,29,23.91304347826087,8.695652173913043,15.217391304347828,76.08695652173914,55.072463768115945,21.014492753623188
E00177547,180,27,12,15,153,95,58,15,6.666666666666667,8.333333333333332,85,52.77777777777778,32.22222222222222
E00177552,219,29,10,19,190,154,36,13.24200913242009,4.5662100456621,8.67579908675799,86.7579908675799,70.31963470319634,16.43835616438356
E00177555,211,20,10,10,191,121,70,9.47867298578199,4.739336492890995,4.739336492890995,90.52132701421802,57.345971563981045,33.175355450236964
E00177556,150,13,2,11,137,90,47,8.666666666666668,1.3333333333333335,7.333333333333333,91.33333333333333,60,31.333333333333336
E00177557,31,8,4,4,23,21,2,25.806451612903224,12.903225806451612,12.903225806451612,74.19354838709677,67.74193548387096,6.451612903225806
E00177562,113,30,17,13,83,79,4,26.548672566371685,15.04424778761062,11.504424778761061,73.45132743362832,69.91150442477876,3.5398230088495577
E00177563,247,39,15,24,208,164,44,15.789473684210526,6.0728744939271255,9.7165991902834,84.21052631578947,66.39676113360325,17.813765182186234
E00177564,179,69,27,42,110,102,8,38.547486033519554,15.083798882681565,23.463687150837988,61.452513966480446,56.98324022346368,4.4692737430167595
E00177565,168,33,11,22,135,114,21,19.642857142857142,6.547619047619048,13.095238095238097,80.35714285714286,67.85714285714286,12.5
E00177569,216,41,23,18,175,144,31,18.98148148148148,10.648148148148149,8.333333333333332,81.01851851851852,66.66666666666666,14.351851851851851
E00177572,228,22,10,12,206,131,75,9.649122807017543,4.385964912280701,5.263157894736842,90.35087719298247,57.45614035087719,32.89473684210527
E00177573,200,16,5,11,184,151,33,8,2.5,5.5,92,75.5,16.5
E00177577,142,38,16,22,104,83,21,26.76056338028169,11.267605633802818,15.492957746478872,73.23943661971832,58.45070422535211,14.788732394366196
E00177582,288,38,14,24,250,201,49,13.194444444444445,4.861111111111112,8.333333333333332,86.80555555555556,69.79166666666666,17.01388888888889
E00177585,213,70,29,41,143,129,14,32.863849765258216,13.615023474178404,19.248826291079812,67.13615023474179,60.56338028169014,6.572769953051644
E00177587,156,21,11,10,135,90,45,13.461538461538462,7.051282051282051,6.41025641025641,86.53846153846155,57.692307692307686,28.846153846153843
E00177591,125,41,34,7,84,54,30,32.800000000000004,27.200000000000003,5.6000000000000005,67.2,43.2,24
E00177592,155,29,11,18,126,109,17,18.70967741935484,7.096774193548387,11.612903225806452,81.29032258064515,70.3225806451613,10.967741935483872
E00177596,273,53,18,35,220,169,51,19.413919413919416,6.593406593406594,12.82051282051282,80.58608058608058,61.904761904761905,18.681318681318682
E00177599,180,46,20,26,134,110,24,25.555555555555554,11.11111111111111,14.444444444444443,74.44444444444444,61.111111111111114,13.333333333333334
E00177601,115,38,29,9,77,52,25,33.04347826086956,25.217391304347824,7.82608695652174,66.95652173913044,45.21739130434783,21.73913043478261
E00177608,70,16,7,9,54,46,8,22.857142857142858,10,12.857142857142856,77.14285714285715,65.71428571428571,11.428571428571429
E00177609,243,29,5,24,214,172,42,11.934156378600823,2.05761316872428,9.876543209876543,88.06584362139918,70.78189300411523,17.28395061728395
E00177611,140,9,5,4,131,102,29,6.428571428571428,3.571428571428571,2.857142857142857,93.57142857142857,72.85714285714285,20.714285714285715
E00177612,89,15,8,7,74,61,13,16.853932584269664,8.98876404494382,7.865168539325842,83.14606741573034,68.53932584269663,14.606741573033707
E00177615,77,1,1,0,76,47,29,1.2987012987012987,1.2987012987012987,0,98.7012987012987,61.038961038961034,37.66233766233766
E00177619,110,12,4,8,98,78,20,10.909090909090908,3.6363636363636362,7.2727272727272725,89.0909090909091,70.9090909090909,18.181818181818183
E00177620,133,24,9,15,109,86,23,18.045112781954884,6.7669172932330826,11.278195488721805,81.95488721804512,64.66165413533834,17.293233082706767
E00177621,196,19,9,10,177,137,40,9.693877551020408,4.591836734693878,5.1020408163265305,90.3061224489796,69.89795918367348,20.408163265306122
E00177626,154,28,12,16,126,112,14,18.181818181818183,7.792207792207792,10.38961038961039,81.81818181818183,72.72727272727273,9.090909090909092
E00177627,154,13,5,8,141,112,29,8.441558441558442,3.2467532467532463,5.194805194805195,91.55844155844156,72.72727272727273,18.83116883116883
E00177628,300,60,22,38,240,198,42,20,7.333333333333333,12.666666666666668,80,66,14.000000000000002
E00177629,235,91,37,54,144,128,16,38.72340425531915,15.74468085106383,22.97872340425532,61.27659574468085,54.46808510638298,6.808510638297872
E00177631,110,15,8,7,95,74,21,13.636363636363635,7.2727272727272725,6.363636363636363,86.36363636363636,67.27272727272727,19.090909090909093
E00177634,166,28,12,16,138,101,37,16.867469879518072,7.228915662650602,9.63855421686747,83.13253012048193,60.8433734939759,22.289156626506024
E00177638,301,94,45,49,207,181,26,31.22923588039867,14.950166112956811,16.27906976744186,68.77076411960132,60.13289036544851,8.637873754152823
E00177641,188,12,0,12,176,134,42,6.382978723404255,0,6.382978723404255,93.61702127659575,71.27659574468085,22.340425531914892
E00177646,231,50,23,27,181,151,30,21.645021645021643,9.956709956709958,11.688311688311687,78.35497835497836,65.36796536796537,12.987012987012985
E00177648,160,50,28,22,110,89,21,31.25,17.5,13.750000000000002,68.75,55.625,13.125
E00177649,99,22,9,13,77,66,11,22.22222222222222,9.090909090909092,13.131313131313133,77.77777777777779,66.66666666666666,11.11111111111111
E00177650,155,80,28,52,75,59,16,51.61290322580645,18.064516129032256,33.5483870967742,48.38709677419355,38.064516129032256,10.32258064516129
E00177654,211,39,20,19,172,142,30,18.48341232227488,9.47867298578199,9.004739336492891,81.51658767772511,67.29857819905213,14.218009478672986
E00177655,138,12,5,7,126,102,24,8.695652173913043,3.6231884057971016,5.072463768115942,91.30434782608695,73.91304347826086,17.391304347826086
E00177657,180,42,15,27,138,110,28,23.333333333333332,8.333333333333332,15,76.66666666666667,61.111111111111114,15.555555555555555
E00177660,120,39,16,23,81,68,13,32.5,13.333333333333334,19.166666666666668,67.5,56.666666666666664,10.833333333333334
E00177663,100,35,10,25,65,55,10,35,10,25,65,55.00000000000001,10
E00177667,123,20,7,13,103,89,14,16.260162601626014,5.691056910569105,10.569105691056912,83.73983739837398,72.35772357723577,11.38211382113821
E00177668,98,10,4,6,88,67,21,10.204081632653061,4.081632653061225,6.122448979591836,89.79591836734694,68.36734693877551,21.428571428571427
E00177671,173,36,13,23,137,114,23,20.809248554913296,7.514450867052023,13.294797687861271,79.1907514450867,65.89595375722543,13.294797687861271
E00177673,108,22,8,14,86,72,14,20.37037037037037,7.4074074074074066,12.962962962962962,79.62962962962963,66.66666666666666,12.962962962962962
E00177675,86,21,11,10,65,56,9,24.418604651162788,12.790697674418606,11.627906976744185,75.5813953488372,65.11627906976744,10.465116279069768
E00177676,104,7,1,6,97,66,31,6.730769230769231,0.9615384615384616,5.769230769230769,93.26923076923077,63.46153846153846,29.807692307692307
E00177682,70,19,3,16,51,43,8,27.142857142857142,4.285714285714286,22.857142857142858,72.85714285714285,61.42857142857143,11.428571428571429
E00177684,162,29,12,17,133,116,17,17.901234567901234,7.4074074074074066,10.493827160493826,82.09876543209876,71.60493827160494,10.493827160493826
E00177688,172,48,13,35,124,107,17,27.906976744186046,7.55813953488372,20.348837209302324,72.09302325581395,62.2093023255814,9.883720930232558
E00177689,177,37,10,27,140,103,37,20.903954802259886,5.649717514124294,15.254237288135593,79.09604519774011,58.19209039548022,20.903954802259886
E00177690,101,15,5,10,86,64,22,14.85148514851485,4.9504950495049505,9.900990099009901,85.14851485148515,63.366336633663366,21.782178217821784
E00177691,65,18,9,9,47,35,12,27.692307692307693,13.846153846153847,13.846153846153847,72.3076923076923,53.84615384615385,18.461538461538463
E00177692,106,24,8,16,82,74,8,22.641509433962266,7.547169811320755,15.09433962264151,77.35849056603774,69.81132075471697,7.547169811320755
