OA,ts0590001,ts0590002,ts0590003,ts0590004,ts0590005,ts0590006,ts0590007,ts0590002_PCT,ts0590003_PCT,ts0590004_PCT,ts0590005_PCT,ts0590006_PCT,ts0590007_PCT
E00026945,156,53,14,39,103,97,6,33.97435897435898,8.974358974358974,25,66.02564102564102,62.17948717948718,3.8461538461538463
E00026946,171,43,11,32,128,116,12,25.146198830409354,6.432748538011696,18.71345029239766,74.85380116959064,67.83625730994152,7.017543859649122
E00026948,33,9,4,5,24,22,2,27.27272727272727,12.121212121212121,15.151515151515152,72.72727272727273,66.66666666666666,6.0606060606060606
E00026949,113,48,19,29,65,54,11,42.47787610619469,16.8141592920354,25.663716814159294,57.52212389380531,47.78761061946903,9.734513274336283
E00026950,93,58,18,40,35,34,1,62.365591397849464,19.35483870967742,43.01075268817204,37.634408602150536,36.55913978494624,1.0752688172043012
E00026952,160,73,19,54,87,72,15,45.625,11.875,33.75,54.37499999999999,45,9.375
E00026953,133,55,19,36,78,75,3,41.35338345864661,14.285714285714285,27.06766917293233,58.64661654135338,56.390977443609025,2.2556390977443606
E00026954,138,56,16,40,82,67,15,40.57971014492754,11.594202898550725,28.985507246376812,59.42028985507246,48.55072463768116,10.869565217391305
E00026957,82,35,8,27,47,43,4,42.68292682926829,9.75609756097561,32.926829268292686,57.3170731707317,52.4390243902439,4.878048780487805
E00026958,145,57,16,41,88,86,2,39.310344827586206,11.03448275862069,28.27586206896552,60.689655172413794,59.310344827586206,1.3793103448275863
E00026959,172,67,12,55,105,93,12,38.95348837209303,6.976744186046512,31.976744186046513,61.04651162790697,54.06976744186046,6.976744186046512
E00026960,108,36,12,24,72,67,5,33.33333333333333,11.11111111111111,22.22222222222222,66.66666666666666,62.03703703703704,4.62962962962963
E00026961,41,13,4,9,28,24,4,31.70731707317073,9.75609756097561,21.951219512195124,68.29268292682927,58.536585365853654,9.75609756097561
E00026962,88,32,4,28,56,54,2,36.36363636363637,4.545454545454546,31.818181818181817,63.63636363636363,61.36363636363637,2.272727272727273
E00026963,164,59,11,48,105,100,5,35.97560975609756,6.707317073170732,29.268292682926827,64.02439024390245,60.97560975609756,3.048780487804878
E00026964,110,45,15,30,65,60,5,40.909090909090914,13.636363636363635,27.27272727272727,59.09090909090909,54.54545454545454,4.545454545454546
E00026965,99,38,6,32,61,55,6,38.38383838383838,6.0606060606060606,32.323232323232325,61.61616161616161,55.55555555555556,6.0606060606060606
E00026966,96,30,9,21,66,62,4,31.25,9.375,21.875,68.75,64.58333333333334,4.166666666666666
E00026967,166,48,11,37,118,107,11,28.915662650602407,6.626506024096386,22.289156626506024,71.08433734939759,64.45783132530121,6.626506024096386
E00026968,134,31,10,21,103,95,8,23.134328358208954,7.462686567164178,15.671641791044777,76.86567164179104,70.8955223880597,5.970149253731343
E00026969,114,42,7,35,72,63,9,36.84210526315789,6.140350877192982,30.701754385964914,63.1578947368421,55.26315789473685,7.894736842105263
E00026970,154,42,12,30,112,98,14,27.27272727272727,7.792207792207792,19.480519480519483,72.72727272727273,63.63636363636363,9.090909090909092
E00026971,144,46,11,35,98,93,5,31.944444444444443,7.638888888888889,24.305555555555554,68.05555555555556,64.58333333333334,3.4722222222222223
E00026972,159,55,12,43,104,94,10,34.59119496855346,7.547169811320755,27.044025157232703,65.40880503144653,59.11949685534591,6.289308176100629
E00026973,154,77,23,54,77,67,10,50,14.935064935064934,35.064935064935064,50,43.506493506493506,6.493506493506493
E00026974,157,63,19,44,94,87,7,40.12738853503185,12.101910828025478,28.02547770700637,59.87261146496815,55.4140127388535,4.45859872611465
E00026975,130,70,15,55,60,57,3,53.84615384615385,11.538461538461538,42.30769230769231,46.15384615384615,43.84615384615385,2.307692307692308
E00026976,156,70,20,50,86,78,8,44.871794871794876,12.82051282051282,32.05128205128205,55.12820512820513,50,5.128205128205128
E00026977,135,42,8,34,93,85,8,31.11111111111111,5.9259259259259265,25.185185185185183,68.88888888888889,62.96296296296296,5.9259259259259265
E00026978,162,55,17,38,107,87,20,33.95061728395062,10.493827160493826,23.456790123456788,66.0493827160494,53.70370370370371,12.345679012345679
E00026979,119,33,7,26,86,81,5,27.73109243697479,5.88235294117647,21.84873949579832,72.26890756302521,68.0672268907563,4.201680672268908
E00026980,217,55,18,37,162,145,17,25.34562211981567,8.294930875576037,17.050691244239633,74.65437788018433,66.82027649769586,7.834101382488479
E00026981,175,42,11,31,133,118,15,24,6.2857142857142865,17.71428571428571,76,67.42857142857143,8.571428571428571
E00026983,184,49,12,37,135,124,11,26.6304347826087,6.521739130434782,20.108695652173914,73.36956521739131,67.3913043478261,5.978260869565218
E00026984,263,61,20,41,202,176,26,23.193916349809886,7.604562737642586,15.5893536121673,76.80608365019012,66.92015209125475,9.885931558935361
E00026985,116,50,18,32,66,56,10,43.103448275862064,15.517241379310345,27.586206896551722,56.896551724137936,48.275862068965516,8.620689655172415
E00026986,108,58,24,34,50,45,5,53.70370370370371,22.22222222222222,31.48148148148148,46.2962962962963,41.66666666666667,4.62962962962963
E00026987,147,34,13,21,113,98,15,23.12925170068027,8.843537414965986,14.285714285714285,76.87074829931973,66.66666666666666,10.204081632653061
E00026988,150,45,20,25,105,92,13,30,13.333333333333334,16.666666666666664,70,61.33333333333333,8.666666666666668
E00026989,92,30,9,21,62,58,4,32.608695652173914,9.782608695652174,22.82608695652174,67.3913043478261,63.04347826086957,4.3478260869565215
E00026990,181,48,13,35,133,119,14,26.519337016574585,7.18232044198895,19.337016574585636,73.48066298342542,65.74585635359117,7.734806629834254
E00026991,169,37,14,23,132,127,5,21.893491124260358,8.284023668639055,13.609467455621301,78.10650887573965,75.14792899408283,2.9585798816568047
E00026992,122,34,15,19,88,72,16,27.86885245901639,12.295081967213115,15.573770491803279,72.1311475409836,59.01639344262295,13.114754098360656
E00026993,93,40,14,26,53,47,6,43.01075268817204,15.053763440860216,27.956989247311824,56.98924731182796,50.53763440860215,6.451612903225806
E00026994,175,45,19,26,130,112,18,25.71428571428571,10.857142857142858,14.857142857142858,74.28571428571429,64,10.285714285714285
E00026995,90,34,15,19,56,48,8,37.77777777777778,16.666666666666664,21.11111111111111,62.22222222222222,53.333333333333336,8.88888888888889
E00026996,91,24,8,16,67,62,5,26.373626373626376,8.791208791208792,17.582417582417584,73.62637362637363,68.13186813186813,5.4945054945054945
E00026997,109,46,8,38,63,59,4,42.201834862385326,7.339449541284404,34.862385321100916,57.798165137614674,54.12844036697248,3.669724770642202
E00026998,76,33,7,26,43,43,0,43.42105263157895,9.210526315789473,34.21052631578947,56.57894736842105,56.57894736842105,0
E00026999,104,25,8,17,79,61,18,24.03846153846154,7.6923076923076925,16.346153846153847,75.96153846153845,58.65384615384615,17.307692307692307
E00027000,185,73,22,51,112,101,11,39.45945945945946,11.891891891891893,27.56756756756757,60.54054054054055,54.59459459459459,5.9459459459459465
E00027001,103,31,5,26,72,69,3,30.097087378640776,4.854368932038835,25.24271844660194,69.90291262135922,66.99029126213593,2.912621359223301
E00027002,178,50,12,38,128,116,12,28.08988764044944,6.741573033707865,21.34831460674157,71.91011235955057,65.1685393258427,6.741573033707865
E00027003,139,40,11,29,99,85,14,28.776978417266186,7.913669064748201,20.863309352517987,71.22302158273382,61.15107913669065,10.071942446043165
E00027004,131,45,5,40,86,84,2,34.35114503816794,3.816793893129771,30.53435114503817,65.64885496183206,64.12213740458014,1.5267175572519083
E00027005,126,30,8,22,96,85,11,23.809523809523807,6.349206349206349,17.46031746031746,76.19047619047619,67.46031746031747,8.73015873015873
E00027006,221,80,20,60,141,132,9,36.199095022624434,9.049773755656108,27.149321266968325,63.80090497737556,59.72850678733032,4.072398190045249
E00027007,209,62,19,43,147,133,14,29.665071770334926,9.090909090909092,20.574162679425836,70.33492822966507,63.63636363636363,6.698564593301436
E00027008,159,52,16,36,107,94,13,32.70440251572327,10.062893081761008,22.641509433962266,67.29559748427673,59.11949685534591,8.176100628930817
E00027009,86,24,5,19,62,59,3,27.906976744186046,5.813953488372093,22.093023255813954,72.09302325581395,68.6046511627907,3.488372093023256
E00027010,190,40,8,32,150,134,16,21.052631578947366,4.2105263157894735,16.842105263157894,78.94736842105263,70.52631578947368,8.421052631578947
E00027011,157,35,11,24,122,109,13,22.29299363057325,7.006369426751593,15.286624203821656,77.70700636942675,69.42675159235668,8.280254777070063
E00027012,155,45,17,28,110,96,14,29.03225806451613,10.967741935483872,18.064516129032256,70.96774193548387,61.935483870967744,9.032258064516128
E00027013,105,35,8,27,70,63,7,33.33333333333333,7.6190476190476195,25.71428571428571,66.66666666666666,60,6.666666666666667
E00027014,195,41,16,25,154,140,14,21.025641025641026,8.205128205128204,12.82051282051282,78.97435897435898,71.7948717948718,7.179487179487179
E00027015,126,29,11,18,97,91,6,23.015873015873016,8.73015873015873,14.285714285714285,76.98412698412699,72.22222222222221,4.761904761904762
E00027016,55,27,6,21,28,28,0,49.09090909090909,10.909090909090908,38.18181818181819,50.90909090909091,50.90909090909091,0
E00027017,107,52,14,38,55,51,4,48.598130841121495,13.084112149532709,35.51401869158878,51.4018691588785,47.66355140186916,3.7383177570093453
E00027018,83,21,5,16,62,52,10,25.301204819277107,6.024096385542169,19.27710843373494,74.69879518072288,62.65060240963856,12.048192771084338
E00027019,92,39,9,30,53,52,1,42.391304347826086,9.782608695652174,32.608695652173914,57.608695652173914,56.52173913043478,1.0869565217391304
E00027020,194,53,11,42,141,123,18,27.31958762886598,5.670103092783505,21.649484536082475,72.68041237113401,63.4020618556701,9.278350515463918
E00027021,119,54,13,41,65,61,4,45.378151260504204,10.92436974789916,34.45378151260504,54.621848739495796,51.26050420168067,3.361344537815126
E00027022,154,45,14,31,109,92,17,29.22077922077922,9.090909090909092,20.12987012987013,70.77922077922078,59.74025974025974,11.03896103896104
E00027023,135,29,7,22,106,97,9,21.48148148148148,5.185185185185185,16.296296296296298,78.51851851851852,71.85185185185186,6.666666666666667
E00027024,137,35,16,19,102,92,10,25.547445255474454,11.678832116788321,13.86861313868613,74.45255474452554,67.15328467153284,7.2992700729927
E00027025,152,40,11,29,112,92,20,26.31578947368421,7.236842105263158,19.078947368421055,73.68421052631578,60.526315789473685,13.157894736842104
E00027026,155,66,16,50,89,85,4,42.58064516129032,10.32258064516129,32.25806451612903,57.41935483870968,54.83870967741935,2.5806451612903225
E00027027,128,34,14,20,94,80,14,26.5625,10.9375,15.625,73.4375,62.5,10.9375
E00027029,177,48,11,37,129,118,11,27.11864406779661,6.214689265536723,20.903954802259886,72.88135593220339,66.66666666666666,6.214689265536723
E00027030,167,79,27,52,88,80,8,47.30538922155689,16.16766467065868,31.137724550898206,52.69461077844312,47.90419161676647,4.790419161676647
E00027031,122,43,11,32,79,69,10,35.24590163934426,9.01639344262295,26.229508196721312,64.75409836065575,56.557377049180324,8.19672131147541
E00027032,154,59,22,37,95,90,5,38.311688311688314,14.285714285714285,24.025974025974026,61.68831168831169,58.44155844155844,3.2467532467532463
E00027033,183,57,20,37,126,117,9,31.147540983606557,10.92896174863388,20.21857923497268,68.85245901639344,63.934426229508205,4.918032786885246
E00027034,117,37,10,27,80,61,19,31.62393162393162,8.547008547008547,23.076923076923077,68.37606837606837,52.13675213675214,16.23931623931624
E00027035,139,35,14,21,104,88,16,25.179856115107913,10.071942446043165,15.107913669064748,74.82014388489209,63.30935251798561,11.510791366906476
E00027036,128,53,7,46,75,69,6,41.40625,5.46875,35.9375,58.59375,53.90625,4.6875
E00027037,121,75,22,53,46,44,2,61.98347107438017,18.181818181818183,43.80165289256198,38.01652892561984,36.36363636363637,1.6528925619834711
E00027038,70,33,13,20,37,37,0,47.14285714285714,18.571428571428573,28.57142857142857,52.85714285714286,52.85714285714286,0
E00027039,160,42,11,31,118,104,14,26.25,6.875000000000001,19.375,73.75,65,8.75
E00027040,198,41,16,25,157,146,11,20.707070707070706,8.080808080808081,12.626262626262626,79.29292929292929,73.73737373737373,5.555555555555555
E00027041,151,32,14,18,119,108,11,21.192052980132452,9.271523178807946,11.920529801324504,78.80794701986756,71.52317880794702,7.28476821192053
E00027043,110,45,17,28,65,58,7,40.909090909090914,15.454545454545453,25.454545454545453,59.09090909090909,52.72727272727272,6.363636363636363
E00027044,113,36,9,27,77,67,10,31.858407079646017,7.964601769911504,23.893805309734514,68.14159292035397,59.29203539823009,8.849557522123893
E00027045,143,42,18,24,101,89,12,29.37062937062937,12.587412587412588,16.783216783216783,70.62937062937063,62.23776223776224,8.391608391608392
E00027046,224,43,14,29,181,158,23,19.196428571428573,6.25,12.946428571428573,80.80357142857143,70.53571428571429,10.267857142857142
E00027047,148,48,15,33,100,91,9,32.432432432432435,10.135135135135135,22.2972972972973,67.56756756756756,61.48648648648649,6.081081081081082
E00027048,100,27,8,19,73,63,10,27,8,19,73,63,10
E00027049,144,32,4,28,112,101,11,22.22222222222222,2.7777777777777777,19.444444444444446,77.77777777777779,70.13888888888889,7.638888888888889
E00027050,190,51,8,43,139,125,14,26.842105263157894,4.2105263157894735,22.63157894736842,73.15789473684211,65.78947368421053,7.368421052631578
E00027051,158,50,16,34,108,98,10,31.645569620253166,10.126582278481013,21.518987341772153,68.35443037974683,62.0253164556962,6.329113924050633
E00027052,117,51,10,41,66,54,12,43.58974358974359,8.547008547008547,35.04273504273504,56.41025641025641,46.15384615384615,10.256410256410255
E00027053,134,35,12,23,99,89,10,26.119402985074625,8.955223880597014,17.16417910447761,73.88059701492537,66.4179104477612,7.462686567164178
E00027054,154,40,5,35,114,105,9,25.97402597402597,3.2467532467532463,22.727272727272727,74.02597402597402,68.18181818181817,5.844155844155844
E00027055,152,36,4,32,116,104,12,23.684210526315788,2.631578947368421,21.052631578947366,76.31578947368422,68.42105263157895,7.894736842105263
E00027056,112,25,5,20,87,76,11,22.321428571428573,4.464285714285714,17.857142857142858,77.67857142857143,67.85714285714286,9.821428571428571
E00027057,141,53,15,38,88,80,8,37.5886524822695,10.638297872340425,26.95035460992908,62.4113475177305,56.73758865248227,5.673758865248227
E00027058,111,38,12,26,73,66,7,34.234234234234236,10.81081081081081,23.423423423423422,65.76576576576578,59.45945945945946,6.306306306306306
E00027059,153,38,4,34,115,105,10,24.836601307189543,2.6143790849673203,22.22222222222222,75.16339869281046,68.62745098039215,6.535947712418301
E00027060,127,30,11,19,97,92,5,23.62204724409449,8.661417322834646,14.960629921259844,76.37795275590551,72.44094488188976,3.937007874015748
E00027061,154,63,20,43,91,81,10,40.909090909090914,12.987012987012985,27.92207792207792,59.09090909090909,52.5974025974026,6.493506493506493
E00027062,134,40,11,29,94,82,12,29.850746268656714,8.208955223880597,21.641791044776117,70.1492537313433,61.19402985074627,8.955223880597014
E00027063,174,52,24,28,122,105,17,29.88505747126437,13.793103448275861,16.091954022988507,70.11494252873564,60.3448275862069,9.770114942528735
E00027065,59,15,3,12,44,35,9,25.423728813559322,5.084745762711865,20.33898305084746,74.57627118644068,59.32203389830508,15.254237288135593
E00027066,177,46,12,34,131,123,8,25.98870056497175,6.779661016949152,19.2090395480226,74.01129943502825,69.49152542372882,4.519774011299435
E00027067,140,29,7,22,111,105,6,20.714285714285715,5,15.714285714285714,79.28571428571428,75,4.285714285714286
E00027068,162,35,11,24,127,116,11,21.604938271604937,6.790123456790123,14.814814814814813,78.39506172839506,71.60493827160494,6.790123456790123
E00027069,114,30,13,17,84,81,3,26.31578947368421,11.403508771929824,14.912280701754385,73.68421052631578,71.05263157894737,2.631578947368421
E00027070,123,44,17,27,79,71,8,35.77235772357724,13.821138211382115,21.951219512195124,64.22764227642277,57.72357723577236,6.504065040650407
E00027071,113,30,8,22,83,76,7,26.548672566371685,7.079646017699115,19.469026548672566,73.45132743362832,67.2566371681416,6.1946902654867255
E00027072,164,53,14,39,111,99,12,32.31707317073171,8.536585365853659,23.78048780487805,67.6829268292683,60.36585365853659,7.317073170731707
E00027073,112,31,5,26,81,69,12,27.67857142857143,4.464285714285714,23.214285714285715,72.32142857142857,61.60714285714286,10.714285714285714
E00027074,140,38,9,29,102,89,13,27.142857142857142,6.428571428571428,20.714285714285715,72.85714285714285,63.57142857142857,9.285714285714286
E00027075,173,40,16,24,133,116,17,23.121387283236995,9.248554913294797,13.872832369942195,76.878612716763,67.05202312138728,9.826589595375722
E00027076,146,34,6,28,112,103,9,23.28767123287671,4.10958904109589,19.17808219178082,76.71232876712328,70.54794520547945,6.164383561643835
E00027077,134,35,9,26,99,88,11,26.119402985074625,6.7164179104477615,19.402985074626866,73.88059701492537,65.67164179104478,8.208955223880597
E00027078,136,42,11,31,94,87,7,30.88235294117647,8.088235294117647,22.794117647058822,69.11764705882352,63.970588235294116,5.147058823529411
E00027079,123,34,7,27,89,78,11,27.64227642276423,5.691056910569105,21.951219512195124,72.35772357723577,63.41463414634146,8.94308943089431
E00027080,101,54,15,39,47,47,0,53.46534653465347,14.85148514851485,38.613861386138616,46.53465346534654,46.53465346534654,0
E00027081,99,49,17,32,50,48,2,49.494949494949495,17.17171717171717,32.323232323232325,50.505050505050505,48.484848484848484,2.0202020202020203
E00027082,110,67,16,51,43,39,4,60.909090909090914,14.545454545454545,46.36363636363636,39.09090909090909,35.45454545454545,3.6363636363636362
E00027085,118,72,16,56,46,45,1,61.016949152542374,13.559322033898304,47.45762711864407,38.983050847457626,38.13559322033898,0.847457627118644
E00027086,122,65,11,54,57,52,5,53.278688524590166,9.01639344262295,44.26229508196721,46.72131147540984,42.62295081967213,4.098360655737705
E00027087,140,80,20,60,60,58,2,57.14285714285714,14.285714285714285,42.857142857142854,42.857142857142854,41.42857142857143,1.4285714285714286
E00027088,78,31,7,24,47,43,4,39.743589743589745,8.974358974358974,30.76923076923077,60.256410256410255,55.12820512820513,5.128205128205128
E00027089,113,53,16,37,60,55,5,46.902654867256636,14.15929203539823,32.743362831858406,53.09734513274337,48.67256637168141,4.424778761061947
E00027090,110,68,17,51,42,41,1,61.81818181818181,15.454545454545453,46.36363636363636,38.18181818181819,37.27272727272727,0.9090909090909091
E00027091,75,34,8,26,41,40,1,45.33333333333333,10.666666666666668,34.66666666666667,54.666666666666664,53.333333333333336,1.3333333333333335
E00027092,113,54,13,41,59,54,5,47.78761061946903,11.504424778761061,36.283185840707965,52.21238938053098,47.78761061946903,4.424778761061947
E00027093,63,31,8,23,32,29,3,49.2063492063492,12.698412698412698,36.507936507936506,50.79365079365079,46.03174603174603,4.761904761904762
E00027094,130,77,18,59,53,48,5,59.23076923076923,13.846153846153847,45.38461538461539,40.76923076923077,36.92307692307693,3.8461538461538463
E00027095,149,86,25,61,63,59,4,57.71812080536913,16.778523489932887,40.939597315436245,42.281879194630875,39.59731543624161,2.684563758389262
E00027097,156,74,24,50,82,73,9,47.43589743589743,15.384615384615385,32.05128205128205,52.56410256410257,46.794871794871796,5.769230769230769
E00027099,264,73,13,60,191,171,20,27.65151515151515,4.924242424242424,22.727272727272727,72.34848484848484,64.77272727272727,7.575757575757576
E00027100,172,49,14,35,123,110,13,28.488372093023255,8.13953488372093,20.348837209302324,71.51162790697676,63.95348837209303,7.55813953488372
E00027101,39,24,3,21,15,15,0,61.53846153846154,7.6923076923076925,53.84615384615385,38.46153846153847,38.46153846153847,0
E00027102,106,54,18,36,52,45,7,50.943396226415096,16.9811320754717,33.9622641509434,49.056603773584904,42.45283018867924,6.60377358490566
E00027103,158,72,18,54,86,81,5,45.56962025316456,11.39240506329114,34.177215189873415,54.43037974683544,51.26582278481012,3.1645569620253164
E00027105,104,58,10,48,46,42,4,55.769230769230774,9.615384615384617,46.15384615384615,44.230769230769226,40.38461538461539,3.8461538461538463
E00027106,163,74,22,52,89,82,7,45.39877300613497,13.496932515337424,31.901840490797547,54.601226993865026,50.306748466257666,4.294478527607362
E00027107,140,81,19,62,59,54,5,57.85714285714286,13.571428571428571,44.285714285714285,42.142857142857146,38.57142857142858,3.571428571428571
E00027108,143,71,20,51,72,71,1,49.65034965034965,13.986013986013987,35.66433566433567,50.349650349650354,49.65034965034965,0.6993006993006993
E00027109,77,33,11,22,44,39,5,42.857142857142854,14.285714285714285,28.57142857142857,57.14285714285714,50.649350649350644,6.493506493506493
E00027110,98,58,8,50,40,38,2,59.183673469387756,8.16326530612245,51.02040816326531,40.816326530612244,38.775510204081634,2.0408163265306123
E00027111,138,75,20,55,63,62,1,54.347826086956516,14.492753623188406,39.85507246376812,45.65217391304348,44.927536231884055,0.7246376811594203
E00027112,116,62,19,43,54,52,2,53.44827586206896,16.379310344827587,37.06896551724138,46.55172413793103,44.827586206896555,1.7241379310344827
E00027113,206,44,9,35,162,144,18,21.35922330097087,4.368932038834951,16.990291262135923,78.64077669902912,69.90291262135922,8.737864077669903
E00027114,67,19,5,14,48,44,4,28.35820895522388,7.462686567164178,20.8955223880597,71.64179104477611,65.67164179104478,5.970149253731343
E00027115,143,37,10,27,106,96,10,25.874125874125873,6.993006993006993,18.88111888111888,74.12587412587412,67.13286713286713,6.993006993006993
E00027116,188,54,15,39,134,119,15,28.723404255319153,7.9787234042553195,20.74468085106383,71.27659574468085,63.297872340425535,7.9787234042553195
E00027117,150,35,9,26,115,105,10,23.333333333333332,6,17.333333333333336,76.66666666666667,70,6.666666666666667
E00027118,104,28,9,19,76,69,7,26.923076923076923,8.653846153846153,18.269230769230766,73.07692307692307,66.34615384615384,6.730769230769231
E00027119,153,39,9,30,114,95,19,25.49019607843137,5.88235294117647,19.607843137254903,74.50980392156863,62.091503267973856,12.418300653594772
E00027120,101,23,5,18,78,71,7,22.772277227722775,4.9504950495049505,17.82178217821782,77.22772277227723,70.29702970297029,6.9306930693069315
E00027121,114,31,12,19,83,77,6,27.192982456140353,10.526315789473683,16.666666666666664,72.80701754385966,67.54385964912281,5.263157894736842
E00027122,128,35,11,24,93,78,15,27.34375,8.59375,18.75,72.65625,60.9375,11.71875
E00027123,122,35,12,23,87,77,10,28.688524590163933,9.836065573770492,18.852459016393443,71.31147540983606,63.114754098360656,8.19672131147541
E00027124,151,47,15,32,104,94,10,31.125827814569533,9.933774834437086,21.192052980132452,68.87417218543047,62.251655629139066,6.622516556291391
E00027125,118,41,12,29,77,71,6,34.74576271186441,10.16949152542373,24.576271186440678,65.2542372881356,60.16949152542372,5.084745762711865
E00027126,168,55,20,35,113,96,17,32.73809523809524,11.904761904761903,20.833333333333336,67.26190476190477,57.14285714285714,10.119047619047619
E00027127,78,22,3,19,56,49,7,28.205128205128204,3.8461538461538463,24.358974358974358,71.7948717948718,62.82051282051282,8.974358974358974
E00027128,95,27,12,15,68,59,9,28.421052631578945,12.631578947368421,15.789473684210526,71.57894736842105,62.10526315789474,9.473684210526317
E00027129,117,24,6,18,93,82,11,20.51282051282051,5.128205128205128,15.384615384615385,79.48717948717949,70.08547008547008,9.401709401709402
E00027130,102,26,6,20,76,66,10,25.49019607843137,5.88235294117647,19.607843137254903,74.50980392156863,64.70588235294117,9.803921568627452
E00027131,118,34,3,31,84,77,7,28.8135593220339,2.5423728813559325,26.27118644067797,71.1864406779661,65.2542372881356,5.932203389830509
E00027132,128,42,17,25,86,80,6,32.8125,13.28125,19.53125,67.1875,62.5,4.6875
E00027133,87,27,6,21,60,54,6,31.03448275862069,6.896551724137931,24.137931034482758,68.96551724137932,62.06896551724138,6.896551724137931
E00027134,123,32,5,27,91,77,14,26.01626016260163,4.0650406504065035,21.951219512195124,73.98373983739837,62.601626016260155,11.38211382113821
E00027135,69,13,5,8,56,50,6,18.84057971014493,7.246376811594203,11.594202898550725,81.15942028985508,72.46376811594203,8.695652173913043
E00027136,79,23,7,16,56,47,9,29.11392405063291,8.860759493670885,20.253164556962027,70.88607594936708,59.49367088607595,11.39240506329114
E00027137,69,20,6,14,49,38,11,28.985507246376812,8.695652173913043,20.28985507246377,71.01449275362319,55.072463768115945,15.942028985507244
E00027138,131,33,11,22,98,88,10,25.190839694656486,8.396946564885496,16.793893129770993,74.80916030534351,67.17557251908397,7.633587786259542
E00027139,92,35,12,23,57,48,9,38.04347826086957,13.043478260869565,25,61.95652173913043,52.17391304347826,9.782608695652174
E00027140,123,35,11,24,88,74,14,28.455284552845526,8.94308943089431,19.51219512195122,71.54471544715447,60.16260162601627,11.38211382113821
E00027141,150,52,22,30,98,82,16,34.66666666666667,14.666666666666666,20,65.33333333333333,54.666666666666664,10.666666666666668
E00027142,131,31,9,22,100,90,10,23.66412213740458,6.870229007633588,16.793893129770993,76.33587786259542,68.70229007633588,7.633587786259542
E00027143,126,22,0,22,104,96,8,17.46031746031746,0,17.46031746031746,82.53968253968253,76.19047619047619,6.349206349206349
E00027144,166,39,7,32,127,110,17,23.49397590361446,4.216867469879518,19.27710843373494,76.50602409638554,66.26506024096386,10.240963855421686
E00027145,195,55,17,38,140,128,12,28.205128205128204,8.717948717948717,19.48717948717949,71.7948717948718,65.64102564102564,6.153846153846154
E00027146,129,39,10,29,90,74,16,30.23255813953488,7.751937984496124,22.48062015503876,69.76744186046511,57.36434108527132,12.4031007751938
E00027147,127,33,9,24,94,84,10,25.984251968503933,7.086614173228346,18.89763779527559,74.01574803149606,66.14173228346458,7.874015748031496
E00027148,140,45,6,39,95,83,12,32.142857142857146,4.285714285714286,27.857142857142858,67.85714285714286,59.285714285714285,8.571428571428571
E00027149,171,44,15,29,127,114,13,25.730994152046783,8.771929824561402,16.95906432748538,74.26900584795322,66.66666666666666,7.602339181286549
E00027150,96,30,4,26,66,58,8,31.25,4.166666666666666,27.083333333333332,68.75,60.416666666666664,8.333333333333332
E00027151,119,41,9,32,78,72,6,34.45378151260504,7.563025210084033,26.89075630252101,65.54621848739495,60.50420168067227,5.042016806722689
E00027152,231,67,31,36,164,131,33,29.004329004329005,13.41991341991342,15.584415584415584,70.995670995671,56.709956709956714,14.285714285714285
E00027153,116,22,4,18,94,80,14,18.96551724137931,3.4482758620689653,15.517241379310345,81.03448275862068,68.96551724137932,12.068965517241379
E00027154,162,47,14,33,115,108,7,29.01234567901235,8.641975308641975,20.37037037037037,70.98765432098766,66.66666666666666,4.320987654320987
E00027155,148,32,8,24,116,102,14,21.62162162162162,5.405405405405405,16.216216216216218,78.37837837837837,68.91891891891892,9.45945945945946
E00027156,138,32,8,24,106,96,10,23.18840579710145,5.797101449275362,17.391304347826086,76.81159420289855,69.56521739130434,7.246376811594203
E00027157,170,43,13,30,127,105,22,25.294117647058822,7.647058823529412,17.647058823529413,74.70588235294117,61.76470588235294,12.941176470588237
E00027158,162,41,15,26,121,103,18,25.308641975308642,9.25925925925926,16.049382716049383,74.69135802469135,63.580246913580254,11.11111111111111
E00027159,98,28,7,21,70,64,6,28.57142857142857,7.142857142857142,21.428571428571427,71.42857142857143,65.3061224489796,6.122448979591836
E00027160,196,49,19,30,147,126,21,25,9.693877551020408,15.306122448979592,75,64.28571428571429,10.714285714285714
E00027161,117,29,9,20,88,81,7,24.786324786324787,7.6923076923076925,17.094017094017094,75.21367521367522,69.23076923076923,5.982905982905983
E00027162,134,38,12,26,96,90,6,28.35820895522388,8.955223880597014,19.402985074626866,71.64179104477611,67.16417910447761,4.477611940298507
E00027163,166,37,5,32,129,119,10,22.289156626506024,3.0120481927710845,19.27710843373494,77.71084337349397,71.6867469879518,6.024096385542169
E00027164,142,45,12,33,97,86,11,31.690140845070424,8.450704225352112,23.239436619718308,68.30985915492957,60.56338028169014,7.746478873239436
E00027165,111,35,12,23,76,67,9,31.53153153153153,10.81081081081081,20.72072072072072,68.46846846846847,60.36036036036037,8.108108108108109
E00027166,128,37,13,24,91,80,11,28.90625,10.15625,18.75,71.09375,62.5,8.59375
E00027167,148,51,11,40,97,90,7,34.45945945945946,7.4324324324324325,27.027027027027028,65.54054054054053,60.810810810810814,4.72972972972973
E00027168,148,36,12,24,112,105,7,24.324324324324326,8.108108108108109,16.216216216216218,75.67567567567568,70.94594594594594,4.72972972972973
E00027169,126,32,5,27,94,90,4,25.396825396825395,3.968253968253968,21.428571428571427,74.60317460317461,71.42857142857143,3.1746031746031744
E00027170,154,46,11,35,108,105,3,29.87012987012987,7.142857142857142,22.727272727272727,70.12987012987013,68.18181818181817,1.948051948051948
E00027171,120,29,12,17,91,82,9,24.166666666666668,10,14.166666666666666,75.83333333333333,68.33333333333333,7.5
E00027172,73,16,2,14,57,50,7,21.91780821917808,2.73972602739726,19.17808219178082,78.08219178082192,68.4931506849315,9.58904109589041
E00027173,144,29,8,21,115,98,17,20.13888888888889,5.555555555555555,14.583333333333334,79.86111111111111,68.05555555555556,11.805555555555555
E00027174,109,27,7,20,82,73,9,24.770642201834864,6.422018348623854,18.34862385321101,75.22935779816514,66.97247706422019,8.256880733944955
E00027175,204,46,14,32,158,144,14,22.54901960784314,6.862745098039216,15.686274509803921,77.45098039215686,70.58823529411765,6.862745098039216
E00027176,154,40,8,32,114,101,13,25.97402597402597,5.194805194805195,20.77922077922078,74.02597402597402,65.5844155844156,8.441558441558442
E00027177,31,7,4,3,24,23,1,22.58064516129032,12.903225806451612,9.67741935483871,77.41935483870968,74.19354838709677,3.225806451612903
E00027178,134,34,9,25,100,95,5,25.37313432835821,6.7164179104477615,18.65671641791045,74.6268656716418,70.8955223880597,3.731343283582089
E00027179,227,49,16,33,178,158,20,21.58590308370044,7.048458149779736,14.537444933920703,78.41409691629956,69.60352422907489,8.81057268722467
E00027180,141,32,10,22,109,102,7,22.69503546099291,7.092198581560284,15.602836879432624,77.30496453900709,72.3404255319149,4.964539007092199
E00027181,164,47,10,37,117,99,18,28.65853658536585,6.097560975609756,22.5609756097561,71.34146341463415,60.36585365853659,10.975609756097562
E00027182,116,30,10,20,86,76,10,25.862068965517242,8.620689655172415,17.24137931034483,74.13793103448276,65.51724137931035,8.620689655172415
E00027183,143,33,7,26,110,101,9,23.076923076923077,4.895104895104895,18.181818181818183,76.92307692307693,70.62937062937063,6.293706293706294
E00027184,95,24,4,20,71,66,5,25.263157894736842,4.2105263157894735,21.052631578947366,74.73684210526315,69.47368421052632,5.263157894736842
E00027185,193,53,21,32,140,121,19,27.461139896373055,10.880829015544041,16.580310880829018,72.53886010362694,62.69430051813472,9.844559585492227
E00027186,126,21,7,14,105,98,7,16.666666666666664,5.555555555555555,11.11111111111111,83.33333333333334,77.77777777777779,5.555555555555555
E00027187,134,38,10,28,96,85,11,28.35820895522388,7.462686567164178,20.8955223880597,71.64179104477611,63.43283582089553,8.208955223880597
E00027189,120,30,12,18,90,77,13,25,10,15,75,64.16666666666667,10.833333333333334
E00027190,168,40,8,32,128,122,6,23.809523809523807,4.761904761904762,19.047619047619047,76.19047619047619,72.61904761904762,3.571428571428571
E00027191,133,39,13,26,94,90,4,29.32330827067669,9.774436090225564,19.548872180451127,70.67669172932331,67.66917293233082,3.007518796992481
E00027192,196,49,16,33,147,136,11,25,8.16326530612245,16.83673469387755,75,69.38775510204081,5.612244897959184
E00027193,106,27,12,15,79,70,9,25.471698113207548,11.320754716981133,14.150943396226415,74.52830188679245,66.0377358490566,8.49056603773585
E00027194,140,50,16,34,90,83,7,35.714285714285715,11.428571428571429,24.285714285714285,64.28571428571429,59.285714285714285,5
E00027195,78,26,9,17,52,48,4,33.33333333333333,11.538461538461538,21.794871794871796,66.66666666666666,61.53846153846154,5.128205128205128
E00027196,121,31,9,22,90,82,8,25.6198347107438,7.43801652892562,18.181818181818183,74.3801652892562,67.76859504132231,6.6115702479338845
E00027197,123,38,10,28,85,73,12,30.89430894308943,8.130081300813007,22.76422764227642,69.10569105691057,59.34959349593496,9.75609756097561
E00027198,45,21,8,13,24,22,2,46.666666666666664,17.77777777777778,28.888888888888886,53.333333333333336,48.888888888888886,4.444444444444445
E00027199,142,34,11,23,108,97,11,23.943661971830984,7.746478873239436,16.19718309859155,76.05633802816901,68.30985915492957,7.746478873239436
E00027200,148,36,10,26,112,101,11,24.324324324324326,6.756756756756757,17.56756756756757,75.67567567567568,68.24324324324324,7.4324324324324325
E00027201,131,38,9,29,93,85,8,29.00763358778626,6.870229007633588,22.137404580152673,70.99236641221374,64.8854961832061,6.106870229007633
E00027202,159,44,12,32,115,102,13,27.67295597484277,7.547169811320755,20.125786163522015,72.32704402515722,64.15094339622641,8.176100628930817
E00027203,156,48,9,39,108,102,6,30.76923076923077,5.769230769230769,25,69.23076923076923,65.38461538461539,3.8461538461538463
E00027204,144,41,12,29,103,89,14,28.47222222222222,8.333333333333332,20.13888888888889,71.52777777777779,61.80555555555556,9.722222222222223
E00027205,78,18,4,14,60,51,9,23.076923076923077,5.128205128205128,17.94871794871795,76.92307692307693,65.38461538461539,11.538461538461538
E00027206,156,38,9,29,118,107,11,24.358974358974358,5.769230769230769,18.58974358974359,75.64102564102564,68.58974358974359,7.051282051282051
E00027207,98,26,8,18,72,66,6,26.53061224489796,8.16326530612245,18.367346938775512,73.46938775510205,67.3469387755102,6.122448979591836
E00027208,144,39,11,28,105,90,15,27.083333333333332,7.638888888888889,19.444444444444446,72.91666666666666,62.5,10.416666666666668
E00027209,141,28,5,23,113,103,10,19.858156028368796,3.546099290780142,16.312056737588655,80.1418439716312,73.04964539007092,7.092198581560284
E00027210,156,39,7,32,117,103,14,25,4.487179487179487,20.51282051282051,75,66.02564102564102,8.974358974358974
E00027211,145,32,10,22,113,96,17,22.06896551724138,6.896551724137931,15.172413793103448,77.93103448275862,66.20689655172414,11.724137931034482
E00027212,161,59,19,40,102,96,6,36.64596273291926,11.801242236024844,24.84472049689441,63.35403726708074,59.62732919254658,3.7267080745341614
E00027213,237,53,17,36,184,154,30,22.362869198312236,7.172995780590717,15.18987341772152,77.63713080168776,64.9789029535865,12.658227848101266
E00027214,214,82,17,65,132,126,6,38.31775700934579,7.943925233644859,30.373831775700932,61.6822429906542,58.87850467289719,2.803738317757009
E00027215,193,54,19,35,139,127,12,27.979274611398964,9.844559585492227,18.134715025906736,72.02072538860104,65.80310880829016,6.217616580310881
E00027216,106,35,9,26,71,61,10,33.0188679245283,8.49056603773585,24.528301886792452,66.98113207547169,57.54716981132076,9.433962264150944
E00027217,133,34,11,23,99,86,13,25.563909774436087,8.270676691729323,17.293233082706767,74.43609022556392,64.66165413533834,9.774436090225564
E00027218,158,36,9,27,122,113,9,22.78481012658228,5.69620253164557,17.088607594936708,77.21518987341773,71.51898734177216,5.69620253164557
E00027219,255,66,18,48,189,162,27,25.882352941176475,7.0588235294117645,18.823529411764707,74.11764705882354,63.52941176470588,10.588235294117647
E00027220,112,35,10,25,77,66,11,31.25,8.928571428571429,22.321428571428573,68.75,58.92857142857143,9.821428571428571
E00027221,106,32,10,22,74,67,7,30.18867924528302,9.433962264150944,20.754716981132077,69.81132075471697,63.20754716981132,6.60377358490566
E00027222,129,43,10,33,86,76,10,33.33333333333333,7.751937984496124,25.581395348837212,66.66666666666666,58.91472868217055,7.751937984496124
E00027223,72,32,7,25,40,31,9,44.44444444444444,9.722222222222223,34.72222222222222,55.55555555555556,43.05555555555556,12.5
E00027224,140,51,14,37,89,79,10,36.42857142857142,10,26.42857142857143,63.57142857142857,56.42857142857143,7.142857142857142
E00027225,84,26,9,17,58,50,8,30.952380952380953,10.714285714285714,20.238095238095237,69.04761904761905,59.523809523809526,9.523809523809524
E00027226,134,44,12,32,90,80,10,32.83582089552239,8.955223880597014,23.88059701492537,67.16417910447761,59.70149253731343,7.462686567164178
E00027227,132,56,13,43,76,67,9,42.42424242424242,9.848484848484848,32.57575757575758,57.57575757575758,50.75757575757576,6.8181818181818175
E00027228,116,45,7,38,71,59,12,38.793103448275865,6.0344827586206895,32.758620689655174,61.206896551724135,50.86206896551724,10.344827586206897
E00027229,116,29,12,17,87,81,6,25,10.344827586206897,14.655172413793101,75,69.82758620689656,5.172413793103448
E00027230,105,30,6,24,75,63,12,28.57142857142857,5.714285714285714,22.857142857142858,71.42857142857143,60,11.428571428571429
E00027231,122,32,11,21,90,79,11,26.229508196721312,9.01639344262295,17.21311475409836,73.77049180327869,64.75409836065575,9.01639344262295
E00027232,127,34,7,27,93,88,5,26.77165354330709,5.511811023622047,21.25984251968504,73.22834645669292,69.29133858267717,3.937007874015748
E00027233,136,54,16,38,82,75,7,39.705882352941174,11.76470588235294,27.941176470588236,60.29411764705882,55.14705882352941,5.147058823529411
E00027234,122,29,11,18,93,81,12,23.770491803278688,9.01639344262295,14.754098360655737,76.22950819672131,66.39344262295081,9.836065573770492
E00027235,111,39,9,30,72,66,6,35.13513513513514,8.108108108108109,27.027027027027028,64.86486486486487,59.45945945945946,5.405405405405405
E00027236,118,41,12,29,77,70,7,34.74576271186441,10.16949152542373,24.576271186440678,65.2542372881356,59.32203389830508,5.932203389830509
E00027237,109,40,13,27,69,64,5,36.69724770642202,11.926605504587156,24.770642201834864,63.30275229357798,58.71559633027523,4.587155963302752
E00027238,133,37,9,28,96,89,7,27.819548872180448,6.7669172932330826,21.052631578947366,72.18045112781954,66.9172932330827,5.263157894736842
E00027239,100,30,8,22,70,58,12,30,8,22,70,57.99999999999999,12
E00027240,212,64,19,45,148,123,25,30.18867924528302,8.962264150943396,21.22641509433962,69.81132075471697,58.01886792452831,11.79245283018868
E00027241,196,51,12,39,145,135,10,26.02040816326531,6.122448979591836,19.897959183673468,73.9795918367347,68.87755102040816,5.1020408163265305
E00027242,89,28,7,21,61,52,9,31.46067415730337,7.865168539325842,23.595505617977526,68.53932584269663,58.42696629213483,10.112359550561797
E00027243,139,38,10,28,101,89,12,27.33812949640288,7.1942446043165464,20.14388489208633,72.66187050359713,64.02877697841727,8.633093525179856
E00027244,130,44,8,36,86,78,8,33.84615384615385,6.153846153846154,27.692307692307693,66.15384615384615,60,6.153846153846154
E00027245,132,56,16,40,76,66,10,42.42424242424242,12.121212121212121,30.303030303030305,57.57575757575758,50,7.575757575757576
E00027246,51,19,5,14,32,27,5,37.254901960784316,9.803921568627452,27.450980392156865,62.745098039215684,52.94117647058824,9.803921568627452
E00027247,164,61,18,43,103,90,13,37.19512195121951,10.975609756097562,26.21951219512195,62.80487804878049,54.87804878048781,7.926829268292683
E00027248,143,58,22,36,85,79,6,40.55944055944056,15.384615384615385,25.174825174825177,59.44055944055944,55.24475524475524,4.195804195804196
E00027249,109,38,10,28,71,66,5,34.862385321100916,9.174311926605505,25.688073394495415,65.13761467889908,60.550458715596335,4.587155963302752
E00027250,199,63,12,51,136,122,14,31.65829145728643,6.030150753768844,25.628140703517587,68.34170854271356,61.30653266331658,7.035175879396985
E00027253,229,77,27,50,152,131,21,33.624454148471614,11.790393013100436,21.83406113537118,66.37554585152839,57.20524017467249,9.170305676855897
E00027254,102,44,13,31,58,50,8,43.13725490196079,12.745098039215685,30.392156862745097,56.86274509803921,49.01960784313725,7.8431372549019605
E00027255,145,33,11,22,112,97,15,22.758620689655174,7.586206896551724,15.172413793103448,77.24137931034483,66.89655172413794,10.344827586206897
E00027259,62,21,9,12,41,35,6,33.87096774193548,14.516129032258066,19.35483870967742,66.12903225806451,56.451612903225815,9.67741935483871
E00027260,100,35,9,26,65,53,12,35,9,26,65,53,12
E00027261,79,18,8,10,61,50,11,22.78481012658228,10.126582278481013,12.658227848101266,77.21518987341773,63.29113924050633,13.924050632911392
E00027262,92,20,10,10,72,63,9,21.73913043478261,10.869565217391305,10.869565217391305,78.26086956521739,68.47826086956522,9.782608695652174
E00027263,111,45,7,38,66,57,9,40.54054054054054,6.306306306306306,34.234234234234236,59.45945945945946,51.35135135135135,8.108108108108109
E00027264,67,31,9,22,36,32,4,46.26865671641791,13.432835820895523,32.83582089552239,53.73134328358209,47.76119402985074,5.970149253731343
E00027265,148,60,21,39,88,81,7,40.54054054054054,14.18918918918919,26.351351351351347,59.45945945945946,54.729729729729726,4.72972972972973
E00027266,99,29,10,19,70,63,7,29.292929292929294,10.1010101010101,19.19191919191919,70.70707070707071,63.63636363636363,7.07070707070707
E00027267,85,43,10,33,42,35,7,50.588235294117645,11.76470588235294,38.82352941176471,49.411764705882355,41.17647058823529,8.235294117647058
E00027268,131,52,11,41,79,68,11,39.69465648854962,8.396946564885496,31.297709923664126,60.30534351145038,51.908396946564885,8.396946564885496
E00027269,83,29,6,23,54,49,5,34.93975903614458,7.228915662650602,27.710843373493976,65.06024096385542,59.036144578313255,6.024096385542169
E00027270,70,27,8,19,43,41,2,38.57142857142858,11.428571428571429,27.142857142857142,61.42857142857143,58.57142857142858,2.857142857142857
E00027271,73,26,6,20,47,41,6,35.61643835616438,8.21917808219178,27.397260273972602,64.38356164383562,56.16438356164384,8.21917808219178
E00027272,104,49,10,39,55,50,5,47.11538461538461,9.615384615384617,37.5,52.88461538461539,48.07692307692308,4.807692307692308
E00027273,164,44,12,32,120,100,20,26.82926829268293,7.317073170731707,19.51219512195122,73.17073170731707,60.97560975609756,12.195121951219512
E00027274,191,53,13,40,138,132,6,27.748691099476442,6.806282722513089,20.94240837696335,72.25130890052355,69.10994764397905,3.1413612565445024
E00027275,138,31,11,20,107,93,14,22.463768115942027,7.971014492753622,14.492753623188406,77.53623188405797,67.3913043478261,10.144927536231885
E00027276,137,38,10,28,99,87,12,27.73722627737226,7.2992700729927,20.437956204379564,72.26277372262774,63.503649635036496,8.75912408759124
E00027277,126,33,6,27,93,86,7,26.190476190476193,4.761904761904762,21.428571428571427,73.80952380952381,68.25396825396825,5.555555555555555
E00027278,130,34,13,21,96,84,12,26.153846153846157,10,16.153846153846153,73.84615384615385,64.61538461538461,9.230769230769232
E00027279,118,38,14,24,80,67,13,32.20338983050847,11.864406779661017,20.33898305084746,67.79661016949152,56.779661016949156,11.016949152542372
E00027280,90,24,10,14,66,62,4,26.666666666666668,11.11111111111111,15.555555555555555,73.33333333333333,68.88888888888889,4.444444444444445
E00027281,157,38,15,23,119,107,12,24.203821656050955,9.554140127388536,14.64968152866242,75.79617834394905,68.15286624203821,7.643312101910828
E00027282,310,88,29,59,222,204,18,28.387096774193548,9.35483870967742,19.032258064516128,71.61290322580646,65.80645161290323,5.806451612903226
E00027283,142,36,10,26,106,102,4,25.352112676056336,7.042253521126761,18.30985915492958,74.64788732394366,71.83098591549296,2.8169014084507045
E00027285,164,34,12,22,130,115,15,20.73170731707317,7.317073170731707,13.414634146341465,79.26829268292683,70.1219512195122,9.146341463414634
E00027286,104,31,8,23,73,65,8,29.807692307692307,7.6923076923076925,22.115384615384613,70.1923076923077,62.5,7.6923076923076925
E00027287,64,25,5,20,39,34,5,39.0625,7.8125,31.25,60.9375,53.125,7.8125
E00027288,159,37,10,27,122,103,19,23.270440251572328,6.289308176100629,16.9811320754717,76.72955974842768,64.77987421383648,11.949685534591195
E00027289,121,35,12,23,86,78,8,28.92561983471074,9.917355371900827,19.00826446280992,71.07438016528926,64.46280991735537,6.6115702479338845
E00027290,108,42,10,32,66,61,5,38.88888888888889,9.25925925925926,29.629629629629626,61.111111111111114,56.481481481481474,4.62962962962963
E00027291,151,38,6,32,113,98,15,25.165562913907287,3.9735099337748347,21.192052980132452,74.83443708609272,64.90066225165563,9.933774834437086
E00027292,131,37,11,26,94,86,8,28.24427480916031,8.396946564885496,19.84732824427481,71.7557251908397,65.64885496183206,6.106870229007633
E00027293,144,43,13,30,101,84,17,29.86111111111111,9.027777777777777,20.833333333333336,70.13888888888889,58.333333333333336,11.805555555555555
E00027294,154,36,9,27,118,106,12,23.376623376623375,5.844155844155844,17.532467532467532,76.62337662337663,68.83116883116884,7.792207792207792
E00027295,143,36,11,25,107,94,13,25.174825174825177,7.6923076923076925,17.482517482517483,74.82517482517483,65.73426573426573,9.090909090909092
E00027296,149,33,10,23,116,110,6,22.14765100671141,6.7114093959731544,15.436241610738255,77.85234899328859,73.8255033557047,4.026845637583892
E00027297,126,33,11,22,93,82,11,26.190476190476193,8.73015873015873,17.46031746031746,73.80952380952381,65.07936507936508,8.73015873015873
E00027298,167,50,17,33,117,98,19,29.94011976047904,10.179640718562874,19.760479041916167,70.05988023952095,58.68263473053892,11.377245508982035
E00027299,171,47,15,32,124,105,19,27.485380116959064,8.771929824561402,18.71345029239766,72.51461988304094,61.40350877192983,11.11111111111111
E00027300,95,19,6,13,76,63,13,20,6.315789473684211,13.684210526315791,80,66.3157894736842,13.684210526315791
E00027301,106,19,11,8,87,77,10,17.92452830188679,10.377358490566039,7.547169811320755,82.0754716981132,72.64150943396226,9.433962264150944
E00027302,160,50,15,35,110,94,16,31.25,9.375,21.875,68.75,58.75,10
E00027303,107,26,11,15,81,68,13,24.299065420560748,10.2803738317757,14.018691588785046,75.70093457943925,63.55140186915887,12.149532710280374
E00027304,160,49,12,37,111,99,12,30.625000000000004,7.5,23.125,69.375,61.875,7.5
E00027305,155,38,10,28,117,106,11,24.516129032258064,6.451612903225806,18.064516129032256,75.48387096774194,68.38709677419355,7.096774193548387
E00027306,139,35,9,26,104,96,8,25.179856115107913,6.474820143884892,18.705035971223023,74.82014388489209,69.06474820143885,5.755395683453238
E00027307,103,25,9,16,78,71,7,24.271844660194176,8.737864077669903,15.53398058252427,75.72815533980582,68.93203883495146,6.796116504854369
E00027308,128,34,8,26,94,88,6,26.5625,6.25,20.3125,73.4375,68.75,4.6875
E00027309,119,34,11,23,85,70,15,28.57142857142857,9.243697478991598,19.327731092436977,71.42857142857143,58.82352941176471,12.605042016806722
E00027310,149,35,9,26,114,102,12,23.48993288590604,6.0402684563758395,17.449664429530202,76.51006711409396,68.45637583892618,8.053691275167784
E00027311,138,32,4,28,106,90,16,23.18840579710145,2.898550724637681,20.28985507246377,76.81159420289855,65.21739130434783,11.594202898550725
E00027312,138,38,16,22,100,85,15,27.536231884057973,11.594202898550725,15.942028985507244,72.46376811594203,61.59420289855072,10.869565217391305
E00027313,124,25,4,21,99,90,9,20.161290322580644,3.225806451612903,16.93548387096774,79.83870967741935,72.58064516129032,7.258064516129033
E00027314,151,43,17,26,108,94,14,28.47682119205298,11.258278145695364,17.218543046357617,71.52317880794702,62.251655629139066,9.271523178807946
E00027315,112,26,10,16,86,78,8,23.214285714285715,8.928571428571429,14.285714285714285,76.78571428571429,69.64285714285714,7.142857142857142
E00027316,15,8,1,7,7,5,2,53.333333333333336,6.666666666666667,46.666666666666664,46.666666666666664,33.33333333333333,13.333333333333334
E00027317,153,43,14,29,110,101,9,28.104575163398692,9.15032679738562,18.954248366013072,71.89542483660131,66.01307189542483,5.88235294117647
E00027318,129,40,16,24,89,78,11,31.007751937984494,12.4031007751938,18.6046511627907,68.9922480620155,60.46511627906976,8.527131782945736
E00027319,149,49,13,36,100,95,5,32.88590604026846,8.724832214765101,24.161073825503358,67.11409395973155,63.758389261744966,3.3557046979865772
E00027320,173,46,14,32,127,115,12,26.589595375722542,8.092485549132949,18.497109826589593,73.41040462427746,66.47398843930635,6.9364161849710975
E00027321,139,49,8,41,90,77,13,35.25179856115108,5.755395683453238,29.496402877697843,64.74820143884892,55.39568345323741,9.352517985611511
E00027322,75,20,4,16,55,51,4,26.666666666666668,5.333333333333334,21.333333333333336,73.33333333333333,68,5.333333333333334
E00027323,107,32,8,24,75,69,6,29.906542056074763,7.476635514018691,22.429906542056074,70.09345794392523,64.48598130841121,5.607476635514018
E00027324,204,50,10,40,154,139,15,24.509803921568626,4.901960784313726,19.607843137254903,75.49019607843137,68.13725490196079,7.352941176470589
E00027325,165,33,10,23,132,111,21,20,6.0606060606060606,13.939393939393941,80,67.27272727272727,12.727272727272727
E00027326,195,53,13,40,142,131,11,27.17948717948718,6.666666666666667,20.51282051282051,72.82051282051282,67.17948717948717,5.641025641025641
E00027327,205,49,12,37,156,131,25,23.902439024390244,5.853658536585367,18.048780487804876,76.09756097560975,63.90243902439025,12.195121951219512
E00027328,150,31,10,21,119,108,11,20.666666666666668,6.666666666666667,14.000000000000002,79.33333333333333,72,7.333333333333333
E00027329,131,35,7,28,96,90,6,26.717557251908396,5.343511450381679,21.374045801526716,73.2824427480916,68.70229007633588,4.580152671755725
E00027330,150,43,15,28,107,98,9,28.666666666666668,10,18.666666666666668,71.33333333333334,65.33333333333333,6
E00027331,116,31,11,20,85,77,8,26.72413793103448,9.482758620689655,17.24137931034483,73.27586206896551,66.37931034482759,6.896551724137931
E00027332,144,39,7,32,105,85,20,27.083333333333332,4.861111111111112,22.22222222222222,72.91666666666666,59.02777777777778,13.88888888888889
E00027333,50,11,5,6,39,30,9,22,10,12,78,60,18
E00027334,76,33,12,21,43,35,8,43.42105263157895,15.789473684210526,27.631578947368425,56.57894736842105,46.05263157894737,10.526315789473683
E00027335,136,27,7,20,109,100,9,19.852941176470587,5.147058823529411,14.705882352941178,80.14705882352942,73.52941176470588,6.61764705882353
E00027336,117,33,10,23,84,76,8,28.205128205128204,8.547008547008547,19.65811965811966,71.7948717948718,64.95726495726495,6.837606837606838
E00027337,105,36,8,28,69,65,4,34.285714285714285,7.6190476190476195,26.666666666666668,65.71428571428571,61.904761904761905,3.8095238095238098
E00027338,134,35,7,28,99,84,15,26.119402985074625,5.223880597014925,20.8955223880597,73.88059701492537,62.68656716417911,11.194029850746269
E00027339,75,31,7,24,44,38,6,41.333333333333336,9.333333333333334,32,58.666666666666664,50.66666666666667,8
E00027340,89,22,8,14,67,60,7,24.719101123595504,8.98876404494382,15.730337078651685,75.28089887640449,67.41573033707866,7.865168539325842
E00027341,166,37,9,28,129,118,11,22.289156626506024,5.421686746987952,16.867469879518072,77.71084337349397,71.08433734939759,6.626506024096386
E00027342,143,33,12,21,110,100,10,23.076923076923077,8.391608391608392,14.685314685314685,76.92307692307693,69.93006993006993,6.993006993006993
E00027343,148,31,9,22,117,102,15,20.945945945945947,6.081081081081082,14.864864864864865,79.05405405405406,68.91891891891892,10.135135135135135
E00027344,144,34,13,21,110,102,8,23.61111111111111,9.027777777777777,14.583333333333334,76.38888888888889,70.83333333333334,5.555555555555555
E00027345,129,43,14,29,86,75,11,33.33333333333333,10.852713178294573,22.48062015503876,66.66666666666666,58.139534883720934,8.527131782945736
E00027346,188,50,11,39,138,126,12,26.595744680851062,5.851063829787234,20.74468085106383,73.40425531914893,67.02127659574468,6.382978723404255
E00027347,199,61,16,45,138,121,17,30.65326633165829,8.040201005025125,22.613065326633166,69.34673366834171,60.80402010050251,8.542713567839195
E00027348,143,39,13,26,104,95,9,27.27272727272727,9.090909090909092,18.181818181818183,72.72727272727273,66.43356643356644,6.293706293706294
E00027349,159,33,10,23,126,106,20,20.754716981132077,6.289308176100629,14.465408805031446,79.24528301886792,66.66666666666666,12.578616352201259
E00027350,142,38,14,24,104,95,9,26.76056338028169,9.859154929577464,16.901408450704224,73.23943661971832,66.90140845070422,6.338028169014084
E00027351,117,35,9,26,82,74,8,29.914529914529915,7.6923076923076925,22.22222222222222,70.08547008547008,63.24786324786324,6.837606837606838
E00027352,99,23,6,17,76,69,7,23.232323232323232,6.0606060606060606,17.17171717171717,76.76767676767676,69.6969696969697,7.07070707070707
E00027353,186,64,15,49,122,107,15,34.40860215053764,8.064516129032258,26.344086021505376,65.59139784946237,57.52688172043011,8.064516129032258
E00027354,60,28,8,20,32,32,0,46.666666666666664,13.333333333333334,33.33333333333333,53.333333333333336,53.333333333333336,0
E00027355,151,44,9,35,107,91,16,29.13907284768212,5.960264900662252,23.178807947019866,70.86092715231787,60.264900662251655,10.596026490066226
E00027357,153,39,9,30,114,98,16,25.49019607843137,5.88235294117647,19.607843137254903,74.50980392156863,64.05228758169935,10.457516339869281
E00027358,148,38,10,28,110,100,10,25.675675675675674,6.756756756756757,18.91891891891892,74.32432432432432,67.56756756756756,6.756756756756757
E00027359,147,44,24,20,103,81,22,29.931972789115648,16.3265306122449,13.60544217687075,70.06802721088435,55.10204081632652,14.965986394557824
E00027360,218,53,9,44,165,141,24,24.31192660550459,4.128440366972478,20.18348623853211,75.68807339449542,64.6788990825688,11.009174311926607
E00027361,100,29,8,21,71,60,11,28.999999999999996,8,21,71,60,11
E00027362,119,43,23,20,76,61,15,36.134453781512605,19.327731092436977,16.80672268907563,63.86554621848739,51.26050420168067,12.605042016806722
E00027363,119,32,10,22,87,73,14,26.89075630252101,8.403361344537815,18.487394957983195,73.10924369747899,61.34453781512605,11.76470588235294
E00027364,116,26,10,16,90,70,20,22.413793103448278,8.620689655172415,13.793103448275861,77.58620689655173,60.3448275862069,17.24137931034483
E00027365,115,32,17,15,83,69,14,27.82608695652174,14.782608695652174,13.043478260869565,72.17391304347827,60,12.173913043478262
E00027366,66,18,9,9,48,36,12,27.27272727272727,13.636363636363635,13.636363636363635,72.72727272727273,54.54545454545454,18.181818181818183
E00027367,126,41,17,24,85,69,16,32.53968253968254,13.492063492063492,19.047619047619047,67.46031746031747,54.761904761904766,12.698412698412698
E00027368,135,45,16,29,90,77,13,33.33333333333333,11.851851851851853,21.48148148148148,66.66666666666666,57.03703703703704,9.62962962962963
E00027369,106,44,21,23,62,53,9,41.509433962264154,19.81132075471698,21.69811320754717,58.490566037735846,50,8.49056603773585
E00027370,174,48,16,32,126,106,20,27.586206896551722,9.195402298850574,18.39080459770115,72.41379310344827,60.91954022988506,11.494252873563218
E00027371,90,27,10,17,63,52,11,30,11.11111111111111,18.88888888888889,70,57.77777777777777,12.222222222222221
E00027372,150,56,18,38,94,74,20,37.333333333333336,12,25.333333333333336,62.66666666666667,49.333333333333336,13.333333333333334
E00027373,107,30,10,20,77,65,12,28.037383177570092,9.345794392523365,18.69158878504673,71.96261682242991,60.747663551401864,11.214953271028037
E00027374,117,37,12,25,80,66,14,31.62393162393162,10.256410256410255,21.367521367521366,68.37606837606837,56.41025641025641,11.965811965811966
E00027375,97,36,15,21,61,52,9,37.11340206185567,15.463917525773196,21.649484536082475,62.88659793814433,53.608247422680414,9.278350515463918
E00027376,135,43,12,31,92,73,19,31.851851851851855,8.88888888888889,22.962962962962962,68.14814814814815,54.074074074074076,14.074074074074074
E00027377,96,31,9,22,65,56,9,32.29166666666667,9.375,22.916666666666664,67.70833333333334,58.333333333333336,9.375
E00027378,128,38,22,16,90,75,15,29.6875,17.1875,12.5,70.3125,58.59375,11.71875
E00027379,154,37,15,22,117,88,29,24.025974025974026,9.740259740259742,14.285714285714285,75.97402597402598,57.14285714285714,18.83116883116883
E00027380,134,35,10,25,99,79,20,26.119402985074625,7.462686567164178,18.65671641791045,73.88059701492537,58.95522388059702,14.925373134328357
E00027381,247,60,24,36,187,155,32,24.291497975708502,9.7165991902834,14.5748987854251,75.7085020242915,62.75303643724697,12.955465587044534
E00027382,186,57,23,34,129,102,27,30.64516129032258,12.365591397849462,18.27956989247312,69.35483870967742,54.83870967741935,14.516129032258066
E00027383,152,32,8,24,120,98,22,21.052631578947366,5.263157894736842,15.789473684210526,78.94736842105263,64.47368421052632,14.473684210526317
E00027384,123,33,14,19,90,73,17,26.82926829268293,11.38211382113821,15.447154471544716,73.17073170731707,59.34959349593496,13.821138211382115
E00027385,153,47,13,34,106,92,14,30.718954248366014,8.49673202614379,22.22222222222222,69.28104575163398,60.130718954248366,9.15032679738562
E00027386,95,30,14,16,65,49,16,31.57894736842105,14.736842105263156,16.842105263157894,68.42105263157895,51.578947368421055,16.842105263157894
E00027387,190,58,20,38,132,100,32,30.526315789473685,10.526315789473683,20,69.47368421052632,52.63157894736842,16.842105263157894
E00027388,156,47,17,30,109,95,14,30.128205128205128,10.897435897435898,19.230769230769234,69.87179487179486,60.89743589743589,8.974358974358974
E00027389,210,56,21,35,154,121,33,26.666666666666668,10,16.666666666666664,73.33333333333333,57.61904761904761,15.714285714285714
E00027390,160,62,27,35,98,78,20,38.75,16.875,21.875,61.25000000000001,48.75,12.5
E00027391,157,54,20,34,103,88,15,34.394904458598724,12.738853503184714,21.656050955414013,65.60509554140127,56.05095541401274,9.554140127388536
E00027392,109,31,15,16,78,71,7,28.440366972477065,13.761467889908257,14.678899082568808,71.55963302752293,65.13761467889908,6.422018348623854
E00027393,131,32,12,20,99,82,17,24.427480916030532,9.16030534351145,15.267175572519085,75.57251908396947,62.59541984732825,12.977099236641221
E00027394,192,43,10,33,149,124,25,22.395833333333336,5.208333333333334,17.1875,77.60416666666666,64.58333333333334,13.020833333333334
E00027395,59,18,8,10,41,30,11,30.508474576271187,13.559322033898304,16.94915254237288,69.49152542372882,50.847457627118644,18.64406779661017
E00027396,142,28,6,22,114,93,21,19.718309859154928,4.225352112676056,15.492957746478872,80.28169014084507,65.49295774647888,14.788732394366196
E00027397,164,40,11,29,124,109,15,24.390243902439025,6.707317073170732,17.682926829268293,75.60975609756098,66.46341463414635,9.146341463414634
E00027398,143,42,17,25,101,85,16,29.37062937062937,11.888111888111888,17.482517482517483,70.62937062937063,59.44055944055944,11.188811188811188
E00027399,144,39,10,29,105,85,20,27.083333333333332,6.944444444444445,20.13888888888889,72.91666666666666,59.02777777777778,13.88888888888889
E00027400,122,44,17,27,78,66,12,36.0655737704918,13.934426229508196,22.131147540983605,63.934426229508205,54.09836065573771,9.836065573770492
E00027401,118,38,11,27,80,67,13,32.20338983050847,9.322033898305085,22.88135593220339,67.79661016949152,56.779661016949156,11.016949152542372
E00027402,143,37,13,24,106,79,27,25.874125874125873,9.090909090909092,16.783216783216783,74.12587412587412,55.24475524475524,18.88111888111888
E00027403,89,28,11,17,61,48,13,31.46067415730337,12.359550561797752,19.101123595505616,68.53932584269663,53.93258426966292,14.606741573033707
E00027404,39,11,4,7,28,25,3,28.205128205128204,10.256410256410255,17.94871794871795,71.7948717948718,64.1025641025641,7.6923076923076925
E00027405,129,35,10,25,94,77,17,27.131782945736433,7.751937984496124,19.379844961240313,72.86821705426357,59.68992248062015,13.178294573643413
E00027406,193,56,19,37,137,114,23,29.015544041450774,9.844559585492227,19.170984455958546,70.98445595854922,59.067357512953365,11.917098445595855
E00027407,131,44,13,31,87,74,13,33.587786259541986,9.923664122137405,23.66412213740458,66.41221374045801,56.48854961832062,9.923664122137405
E00027408,173,43,11,32,130,116,14,24.85549132947977,6.358381502890173,18.497109826589593,75.14450867052022,67.05202312138728,8.092485549132949
E00027409,131,38,17,21,93,82,11,29.00763358778626,12.977099236641221,16.030534351145036,70.99236641221374,62.59541984732825,8.396946564885496
E00027410,173,44,11,33,129,118,11,25.43352601156069,6.358381502890173,19.07514450867052,74.56647398843931,68.20809248554913,6.358381502890173
E00027411,137,35,14,21,102,92,10,25.547445255474454,10.218978102189782,15.328467153284672,74.45255474452554,67.15328467153284,7.2992700729927
E00027412,182,45,14,31,137,115,22,24.725274725274726,7.6923076923076925,17.032967032967033,75.27472527472527,63.18681318681318,12.087912087912088
E00027413,217,58,26,32,159,127,32,26.72811059907834,11.981566820276496,14.746543778801843,73.27188940092167,58.525345622119815,14.746543778801843
E00027414,117,38,10,28,79,68,11,32.47863247863248,8.547008547008547,23.931623931623932,67.52136752136752,58.119658119658126,9.401709401709402
E00027415,172,39,10,29,133,114,19,22.674418604651162,5.813953488372093,16.86046511627907,77.32558139534885,66.27906976744185,11.046511627906977
E00027416,176,42,19,23,134,109,25,23.863636363636363,10.795454545454545,13.068181818181818,76.13636363636364,61.93181818181818,14.204545454545455
E00027417,122,44,14,30,78,72,6,36.0655737704918,11.475409836065573,24.59016393442623,63.934426229508205,59.01639344262295,4.918032786885246
E00027418,165,36,10,26,129,109,20,21.818181818181817,6.0606060606060606,15.757575757575756,78.18181818181819,66.06060606060606,12.121212121212121
E00027419,134,36,11,25,98,84,14,26.865671641791046,8.208955223880597,18.65671641791045,73.13432835820896,62.68656716417911,10.44776119402985
E00027420,185,49,15,34,136,118,18,26.486486486486488,8.108108108108109,18.37837837837838,73.51351351351352,63.78378378378379,9.72972972972973
E00027421,116,27,6,21,89,75,14,23.275862068965516,5.172413793103448,18.103448275862068,76.72413793103449,64.65517241379311,12.068965517241379
E00027422,187,45,11,34,142,115,27,24.06417112299465,5.88235294117647,18.181818181818183,75.93582887700535,61.49732620320856,14.43850267379679
E00027423,178,57,20,37,121,98,23,32.02247191011236,11.235955056179774,20.786516853932586,67.97752808988764,55.0561797752809,12.921348314606742
E00027424,174,41,12,29,133,109,24,23.563218390804597,6.896551724137931,16.666666666666664,76.4367816091954,62.643678160919535,13.793103448275861
E00027425,142,43,18,25,99,84,15,30.28169014084507,12.676056338028168,17.6056338028169,69.71830985915493,59.154929577464785,10.56338028169014
E00027426,128,31,15,16,97,83,14,24.21875,11.71875,12.5,75.78125,64.84375,10.9375
E00027427,117,29,9,20,88,73,15,24.786324786324787,7.6923076923076925,17.094017094017094,75.21367521367522,62.39316239316239,12.82051282051282
E00027428,76,26,12,14,50,45,5,34.21052631578947,15.789473684210526,18.421052631578945,65.78947368421053,59.210526315789465,6.578947368421052
E00027429,143,44,9,35,99,81,18,30.76923076923077,6.293706293706294,24.475524475524477,69.23076923076923,56.64335664335665,12.587412587412588
E00027430,288,90,36,54,198,157,41,31.25,12.5,18.75,68.75,54.513888888888886,14.23611111111111
E00027431,183,43,12,31,140,116,24,23.497267759562842,6.557377049180328,16.939890710382514,76.50273224043715,63.387978142076506,13.114754098360656
E00027432,131,44,13,31,87,81,6,33.587786259541986,9.923664122137405,23.66412213740458,66.41221374045801,61.832061068702295,4.580152671755725
E00027433,97,19,5,14,78,67,11,19.587628865979383,5.154639175257731,14.432989690721648,80.41237113402062,69.0721649484536,11.34020618556701
E00027434,152,40,14,26,112,97,15,26.31578947368421,9.210526315789473,17.105263157894736,73.68421052631578,63.81578947368421,9.868421052631579
E00027435,112,35,14,21,77,71,6,31.25,12.5,18.75,68.75,63.39285714285714,5.357142857142857
E00027436,174,45,12,33,129,109,20,25.862068965517242,6.896551724137931,18.96551724137931,74.13793103448276,62.643678160919535,11.494252873563218
E00027437,167,54,28,26,113,104,9,32.33532934131736,16.766467065868262,15.568862275449103,67.66467065868264,62.27544910179641,5.389221556886228
E00027438,127,34,10,24,93,78,15,26.77165354330709,7.874015748031496,18.89763779527559,73.22834645669292,61.417322834645674,11.811023622047244
E00027439,162,41,15,26,121,103,18,25.308641975308642,9.25925925925926,16.049382716049383,74.69135802469135,63.580246913580254,11.11111111111111
E00027440,127,27,10,17,100,87,13,21.25984251968504,7.874015748031496,13.385826771653544,78.74015748031496,68.50393700787401,10.236220472440944
E00027441,144,40,16,24,104,97,7,27.77777777777778,11.11111111111111,16.666666666666664,72.22222222222221,67.36111111111111,4.861111111111112
E00027442,141,33,10,23,108,98,10,23.404255319148938,7.092198581560284,16.312056737588655,76.59574468085107,69.50354609929079,7.092198581560284
E00027443,18,4,2,2,14,11,3,22.22222222222222,11.11111111111111,11.11111111111111,77.77777777777779,61.111111111111114,16.666666666666664
E00027444,112,21,9,12,91,81,10,18.75,8.035714285714286,10.714285714285714,81.25,72.32142857142857,8.928571428571429
E00027445,148,44,13,31,104,91,13,29.72972972972973,8.783783783783784,20.945945945945947,70.27027027027027,61.48648648648649,8.783783783783784
E00027446,115,43,12,31,72,66,6,37.391304347826086,10.434782608695652,26.956521739130434,62.60869565217392,57.391304347826086,5.217391304347826
E00027447,223,44,8,36,179,153,26,19.730941704035875,3.587443946188341,16.143497757847534,80.26905829596413,68.60986547085201,11.659192825112108
E00027448,201,47,9,38,154,136,18,23.383084577114428,4.477611940298507,18.90547263681592,76.61691542288557,67.66169154228857,8.955223880597014
E00027450,226,49,12,37,177,149,28,21.68141592920354,5.3097345132743365,16.371681415929203,78.31858407079646,65.929203539823,12.389380530973451
E00027451,132,37,10,27,95,78,17,28.030303030303028,7.575757575757576,20.454545454545457,71.96969696969697,59.09090909090909,12.878787878787879
E00027455,156,47,16,31,109,97,12,30.128205128205128,10.256410256410255,19.871794871794872,69.87179487179486,62.17948717948718,7.6923076923076925
E00027457,172,50,15,35,122,108,14,29.069767441860467,8.720930232558139,20.348837209302324,70.93023255813954,62.7906976744186,8.13953488372093
E00027458,190,55,11,44,135,119,16,28.947368421052634,5.7894736842105265,23.157894736842106,71.05263157894737,62.63157894736842,8.421052631578947
E00027459,159,44,9,35,115,101,14,27.67295597484277,5.660377358490567,22.0125786163522,72.32704402515722,63.52201257861635,8.80503144654088
E00027460,112,34,6,28,78,71,7,30.357142857142854,5.357142857142857,25,69.64285714285714,63.39285714285714,6.25
E00027461,152,45,13,32,107,98,9,29.605263157894733,8.552631578947368,21.052631578947366,70.39473684210526,64.47368421052632,5.921052631578947
E00027463,94,39,11,28,55,50,5,41.48936170212766,11.702127659574469,29.78723404255319,58.51063829787234,53.191489361702125,5.319148936170213
E00027464,77,27,8,19,50,45,5,35.064935064935064,10.38961038961039,24.675324675324674,64.93506493506493,58.44155844155844,6.493506493506493
E00027465,108,26,13,13,82,71,11,24.074074074074073,12.037037037037036,12.037037037037036,75.92592592592592,65.74074074074075,10.185185185185185
E00027466,177,47,7,40,130,123,7,26.55367231638418,3.954802259887006,22.598870056497177,73.44632768361582,69.49152542372882,3.954802259887006
E00027467,118,40,11,29,78,63,15,33.89830508474576,9.322033898305085,24.576271186440678,66.10169491525424,53.38983050847458,12.711864406779661
E00027468,56,14,0,14,42,40,2,25,0,25,75,71.42857142857143,3.571428571428571
E00027469,94,44,10,34,50,45,5,46.808510638297875,10.638297872340425,36.17021276595745,53.191489361702125,47.87234042553192,5.319148936170213
E00027470,99,34,10,24,65,56,9,34.34343434343434,10.1010101010101,24.242424242424242,65.65656565656566,56.56565656565656,9.090909090909092
E00027472,101,29,5,24,72,64,8,28.71287128712871,4.9504950495049505,23.762376237623762,71.28712871287128,63.366336633663366,7.920792079207921
E00027473,159,54,12,42,105,95,10,33.9622641509434,7.547169811320755,26.41509433962264,66.0377358490566,59.74842767295597,6.289308176100629
E00027478,116,41,12,29,75,68,7,35.3448275862069,10.344827586206897,25,64.65517241379311,58.620689655172406,6.0344827586206895
E00027479,163,90,22,68,73,67,6,55.21472392638037,13.496932515337424,41.717791411042946,44.785276073619634,41.104294478527606,3.6809815950920246
E00027480,149,57,16,41,92,87,5,38.25503355704698,10.738255033557047,27.516778523489933,61.74496644295302,58.38926174496645,3.3557046979865772
E00027481,66,27,10,17,39,35,4,40.909090909090914,15.151515151515152,25.757575757575758,59.09090909090909,53.03030303030303,6.0606060606060606
E00027483,159,74,19,55,85,73,12,46.540880503144656,11.949685534591195,34.59119496855346,53.459119496855344,45.911949685534594,7.547169811320755
E00027485,124,51,13,38,73,65,8,41.12903225806452,10.483870967741936,30.64516129032258,58.87096774193549,52.41935483870967,6.451612903225806
E00027487,161,70,17,53,91,79,12,43.47826086956522,10.559006211180124,32.91925465838509,56.52173913043478,49.06832298136646,7.453416149068323
E00027488,204,114,41,73,90,86,4,55.88235294117647,20.098039215686274,35.78431372549019,44.11764705882353,42.15686274509804,1.9607843137254901
E00027489,112,50,9,41,62,58,4,44.642857142857146,8.035714285714286,36.607142857142854,55.35714285714286,51.78571428571429,3.571428571428571
E00027490,117,62,21,41,55,49,6,52.991452991452995,17.94871794871795,35.04273504273504,47.008547008547005,41.88034188034188,5.128205128205128
E00027491,126,57,14,43,69,58,11,45.23809523809524,11.11111111111111,34.12698412698413,54.761904761904766,46.03174603174603,8.73015873015873
E00027493,123,61,26,35,62,50,12,49.59349593495935,21.138211382113823,28.455284552845526,50.40650406504065,40.65040650406504,9.75609756097561
E00027495,144,60,16,44,84,73,11,41.66666666666667,11.11111111111111,30.555555555555557,58.333333333333336,50.69444444444444,7.638888888888889
E00027496,148,77,27,50,71,69,2,52.02702702702703,18.243243243243242,33.78378378378378,47.97297297297297,46.62162162162162,1.3513513513513513
E00027497,131,42,5,37,89,81,8,32.06106870229007,3.816793893129771,28.24427480916031,67.93893129770993,61.832061068702295,6.106870229007633
E00027498,159,79,25,54,80,75,5,49.685534591194966,15.723270440251572,33.9622641509434,50.314465408805034,47.16981132075472,3.1446540880503147
E00027499,160,77,17,60,83,76,7,48.125,10.625,37.5,51.87500000000001,47.5,4.375
E00027500,174,53,14,39,121,106,15,30.45977011494253,8.045977011494253,22.413793103448278,69.54022988505747,60.91954022988506,8.620689655172415
E00027501,108,58,13,45,50,46,4,53.70370370370371,12.037037037037036,41.66666666666667,46.2962962962963,42.592592592592595,3.7037037037037033
E00027502,115,40,9,31,75,68,7,34.78260869565217,7.82608695652174,26.956521739130434,65.21739130434783,59.130434782608695,6.086956521739131
E00027504,129,54,17,37,75,64,11,41.86046511627907,13.178294573643413,28.68217054263566,58.139534883720934,49.6124031007752,8.527131782945736
E00027505,130,53,10,43,77,69,8,40.76923076923077,7.6923076923076925,33.07692307692307,59.23076923076923,53.07692307692308,6.153846153846154
E00027506,144,62,14,48,82,75,7,43.05555555555556,9.722222222222223,33.33333333333333,56.94444444444444,52.083333333333336,4.861111111111112
E00027507,110,54,17,37,56,47,9,49.09090909090909,15.454545454545453,33.63636363636363,50.90909090909091,42.72727272727273,8.181818181818182
E00027508,102,36,14,22,66,61,5,35.294117647058826,13.725490196078432,21.568627450980394,64.70588235294117,59.80392156862745,4.901960784313726
E00027510,176,81,21,60,95,83,12,46.02272727272727,11.931818181818182,34.090909090909086,53.97727272727273,47.159090909090914,6.8181818181818175
E00027512,105,37,18,19,68,62,6,35.23809523809524,17.142857142857142,18.095238095238095,64.76190476190476,59.04761904761905,5.714285714285714
E00027513,232,71,22,49,161,149,12,30.603448275862068,9.482758620689655,21.120689655172413,69.39655172413794,64.22413793103449,5.172413793103448
E00027514,148,37,15,22,111,99,12,25,10.135135135135135,14.864864864864865,75,66.8918918918919,8.108108108108109
E00027515,145,47,15,32,98,88,10,32.41379310344827,10.344827586206897,22.06896551724138,67.58620689655173,60.689655172413794,6.896551724137931
E00027516,148,40,11,29,108,97,11,27.027027027027028,7.4324324324324325,19.594594594594593,72.97297297297297,65.54054054054053,7.4324324324324325
E00027517,168,48,16,32,120,100,20,28.57142857142857,9.523809523809524,19.047619047619047,71.42857142857143,59.523809523809526,11.904761904761903
E00027518,146,44,13,31,102,90,12,30.136986301369863,8.904109589041095,21.232876712328768,69.86301369863014,61.64383561643836,8.21917808219178
E00027519,94,17,3,14,77,68,9,18.085106382978726,3.1914893617021276,14.893617021276595,81.91489361702128,72.3404255319149,9.574468085106384
E00027520,99,26,12,14,73,66,7,26.262626262626267,12.121212121212121,14.14141414141414,73.73737373737373,66.66666666666666,7.07070707070707
E00027521,136,35,11,24,101,93,8,25.735294117647058,8.088235294117647,17.647058823529413,74.26470588235294,68.38235294117648,5.88235294117647
E00027522,89,35,22,13,54,51,3,39.325842696629216,24.719101123595504,14.606741573033707,60.67415730337079,57.30337078651685,3.3707865168539324
E00027523,36,17,7,10,19,17,2,47.22222222222222,19.444444444444446,27.77777777777778,52.77777777777778,47.22222222222222,5.555555555555555
E00027524,86,37,11,26,49,48,1,43.02325581395349,12.790697674418606,30.23255813953488,56.97674418604651,55.81395348837209,1.1627906976744187
E00027526,105,50,18,32,55,52,3,47.61904761904761,17.142857142857142,30.476190476190478,52.38095238095239,49.523809523809526,2.857142857142857
E00027527,149,75,18,57,74,68,6,50.33557046979866,12.080536912751679,38.25503355704698,49.664429530201346,45.63758389261745,4.026845637583892
E00027528,149,63,20,43,86,80,6,42.281879194630875,13.422818791946309,28.859060402684566,57.71812080536913,53.691275167785236,4.026845637583892
E00027529,98,39,8,31,59,58,1,39.795918367346935,8.16326530612245,31.63265306122449,60.204081632653065,59.183673469387756,1.0204081632653061
E00027530,149,71,17,54,78,72,6,47.651006711409394,11.409395973154362,36.241610738255034,52.348993288590606,48.322147651006716,4.026845637583892
E00027531,186,81,30,51,105,101,4,43.54838709677419,16.129032258064516,27.419354838709676,56.451612903225815,54.3010752688172,2.1505376344086025
E00027532,137,53,15,38,84,81,3,38.68613138686132,10.948905109489052,27.73722627737226,61.31386861313869,59.12408759124088,2.18978102189781
E00027535,161,55,11,44,106,98,8,34.161490683229815,6.832298136645963,27.32919254658385,65.83850931677019,60.86956521739131,4.968944099378882
E00027536,213,89,29,60,124,116,8,41.78403755868544,13.615023474178404,28.169014084507044,58.21596244131455,54.460093896713616,3.755868544600939
E00027537,163,62,17,45,101,92,9,38.036809815950924,10.429447852760736,27.607361963190186,61.963190184049076,56.44171779141104,5.521472392638037
E00027538,206,80,33,47,126,121,5,38.83495145631068,16.019417475728158,22.815533980582526,61.165048543689316,58.7378640776699,2.4271844660194173
E00027539,145,55,16,39,90,84,6,37.93103448275862,11.03448275862069,26.89655172413793,62.06896551724138,57.931034482758626,4.137931034482759
E00027540,125,37,9,28,88,83,5,29.599999999999998,7.199999999999999,22.400000000000002,70.39999999999999,66.4,4
E00027541,196,98,35,63,98,82,16,50,17.857142857142858,32.142857142857146,50,41.83673469387755,8.16326530612245
E00027542,143,55,17,38,88,77,11,38.46153846153847,11.888111888111888,26.573426573426573,61.53846153846154,53.84615384615385,7.6923076923076925
E00027543,180,70,19,51,110,105,5,38.88888888888889,10.555555555555555,28.333333333333332,61.111111111111114,58.333333333333336,2.7777777777777777
E00027544,176,73,13,60,103,102,1,41.47727272727273,7.386363636363637,34.090909090909086,58.52272727272727,57.95454545454546,0.5681818181818182
E00027545,161,50,16,34,111,93,18,31.05590062111801,9.937888198757763,21.11801242236025,68.94409937888199,57.7639751552795,11.180124223602485
E00027546,135,28,10,18,107,100,7,20.74074074074074,7.4074074074074066,13.333333333333334,79.25925925925927,74.07407407407408,5.185185185185185
E00027547,115,30,12,18,85,70,15,26.08695652173913,10.434782608695652,15.65217391304348,73.91304347826086,60.86956521739131,13.043478260869565
E00027548,124,30,10,20,94,80,14,24.193548387096776,8.064516129032258,16.129032258064516,75.80645161290323,64.51612903225806,11.29032258064516
E00027549,121,33,9,24,88,79,9,27.27272727272727,7.43801652892562,19.834710743801654,72.72727272727273,65.28925619834712,7.43801652892562
E00027550,133,31,6,25,102,92,10,23.308270676691727,4.511278195488721,18.796992481203006,76.69172932330827,69.17293233082707,7.518796992481203
E00027551,148,39,10,29,109,97,12,26.351351351351347,6.756756756756757,19.594594594594593,73.64864864864865,65.54054054054053,8.108108108108109
E00027552,139,33,14,19,106,92,14,23.741007194244602,10.071942446043165,13.66906474820144,76.2589928057554,66.18705035971223,10.071942446043165
E00027553,101,23,8,15,78,63,15,22.772277227722775,7.920792079207921,14.85148514851485,77.22772277227723,62.37623762376238,14.85148514851485
E00027554,136,40,18,22,96,84,12,29.411764705882355,13.23529411764706,16.176470588235293,70.58823529411765,61.76470588235294,8.823529411764707
E00027555,143,36,17,19,107,93,14,25.174825174825177,11.888111888111888,13.286713286713287,74.82517482517483,65.03496503496503,9.79020979020979
E00027556,175,42,18,24,133,116,17,24,10.285714285714285,13.714285714285715,76,66.28571428571428,9.714285714285714
E00027557,69,19,6,13,50,44,6,27.536231884057973,8.695652173913043,18.84057971014493,72.46376811594203,63.76811594202898,8.695652173913043
E00027558,94,30,10,20,64,53,11,31.914893617021278,10.638297872340425,21.27659574468085,68.08510638297872,56.38297872340425,11.702127659574469
E00027559,119,31,10,21,88,76,12,26.05042016806723,8.403361344537815,17.647058823529413,73.94957983193278,63.86554621848739,10.084033613445378
E00027560,78,19,3,16,59,51,8,24.358974358974358,3.8461538461538463,20.51282051282051,75.64102564102564,65.38461538461539,10.256410256410255
E00027561,107,34,8,26,73,64,9,31.775700934579437,7.476635514018691,24.299065420560748,68.22429906542055,59.813084112149525,8.411214953271028
E00027562,88,27,4,23,61,56,5,30.681818181818183,4.545454545454546,26.136363636363637,69.31818181818183,63.63636363636363,5.681818181818182
E00027563,140,39,11,28,101,77,24,27.857142857142858,7.857142857142857,20,72.14285714285714,55.00000000000001,17.142857142857142
E00027564,154,43,9,34,111,102,9,27.92207792207792,5.844155844155844,22.07792207792208,72.07792207792207,66.23376623376623,5.844155844155844
E00027565,158,44,14,30,114,94,20,27.848101265822784,8.860759493670885,18.9873417721519,72.15189873417721,59.49367088607595,12.658227848101266
E00027566,131,37,10,27,94,80,14,28.24427480916031,7.633587786259542,20.610687022900763,71.7557251908397,61.06870229007634,10.687022900763358
E00027567,140,35,6,29,105,93,12,25,4.285714285714286,20.714285714285715,75,66.42857142857143,8.571428571428571
E00027568,177,36,10,26,141,127,14,20.33898305084746,5.649717514124294,14.689265536723164,79.66101694915254,71.75141242937853,7.909604519774012
E00027569,95,28,6,22,67,55,12,29.47368421052631,6.315789473684211,23.157894736842106,70.52631578947368,57.89473684210527,12.631578947368421
E00027570,151,42,7,35,109,98,11,27.81456953642384,4.635761589403973,23.178807947019866,72.18543046357617,64.90066225165563,7.28476821192053
E00027571,162,45,19,26,117,103,14,27.77777777777778,11.728395061728394,16.049382716049383,72.22222222222221,63.580246913580254,8.641975308641975
E00027572,140,44,11,33,96,86,10,31.428571428571427,7.857142857142857,23.57142857142857,68.57142857142857,61.42857142857143,7.142857142857142
E00027573,151,42,12,30,109,97,12,27.81456953642384,7.9470198675496695,19.867549668874172,72.18543046357617,64.23841059602648,7.9470198675496695
E00027574,142,37,5,32,105,86,19,26.056338028169012,3.5211267605633805,22.535211267605636,73.94366197183099,60.56338028169014,13.380281690140844
E00027575,99,30,5,25,69,62,7,30.303030303030305,5.05050505050505,25.252525252525253,69.6969696969697,62.62626262626263,7.07070707070707
E00027576,202,54,16,38,148,125,23,26.732673267326735,7.920792079207921,18.81188118811881,73.26732673267327,61.88118811881188,11.386138613861387
E00027577,91,29,8,21,62,56,6,31.868131868131865,8.791208791208792,23.076923076923077,68.13186813186813,61.53846153846154,6.593406593406594
E00027578,63,17,4,13,46,39,7,26.984126984126984,6.349206349206349,20.634920634920633,73.01587301587301,61.904761904761905,11.11111111111111
E00027579,82,25,5,20,57,48,9,30.48780487804878,6.097560975609756,24.390243902439025,69.51219512195121,58.536585365853654,10.975609756097562
E00027580,121,45,17,28,76,70,6,37.1900826446281,14.049586776859504,23.140495867768596,62.8099173553719,57.85123966942148,4.958677685950414
E00027581,97,33,5,28,64,58,6,34.02061855670103,5.154639175257731,28.865979381443296,65.97938144329896,59.79381443298969,6.185567010309279
E00027582,190,44,14,30,146,133,13,23.157894736842106,7.368421052631578,15.789473684210526,76.84210526315789,70,6.842105263157896
E00027583,250,71,17,54,179,161,18,28.4,6.800000000000001,21.6,71.6,64.4,7.199999999999999
E00027584,125,35,11,24,90,75,15,28.000000000000004,8.799999999999999,19.2,72,60,12
E00027585,82,19,3,16,63,57,6,23.170731707317074,3.6585365853658534,19.51219512195122,76.82926829268293,69.51219512195121,7.317073170731707
E00027586,164,40,9,31,124,101,23,24.390243902439025,5.487804878048781,18.902439024390244,75.60975609756098,61.58536585365854,14.02439024390244
E00027587,172,50,8,42,122,112,10,29.069767441860467,4.651162790697675,24.418604651162788,70.93023255813954,65.11627906976744,5.813953488372093
E00027588,256,48,14,34,208,165,43,18.75,5.46875,13.28125,81.25,64.453125,16.796875
E00027589,104,16,7,9,88,77,11,15.384615384615385,6.730769230769231,8.653846153846153,84.61538461538461,74.03846153846155,10.576923076923077
E00027590,167,35,8,27,132,117,15,20.958083832335326,4.790419161676647,16.16766467065868,79.04191616766467,70.05988023952095,8.982035928143713
E00027591,132,32,7,25,100,86,14,24.242424242424242,5.303030303030303,18.939393939393938,75.75757575757575,65.15151515151516,10.606060606060606
E00027592,177,43,13,30,134,122,12,24.293785310734464,7.344632768361582,16.94915254237288,75.70621468926554,68.92655367231639,6.779661016949152
E00027593,144,23,7,16,121,113,8,15.972222222222221,4.861111111111112,11.11111111111111,84.02777777777779,78.47222222222221,5.555555555555555
E00027594,125,39,15,24,86,70,16,31.2,12,19.2,68.8,56.00000000000001,12.8
E00027596,143,33,3,30,110,102,8,23.076923076923077,2.097902097902098,20.97902097902098,76.92307692307693,71.32867132867133,5.594405594405594
E00027597,241,50,16,34,191,177,14,20.74688796680498,6.639004149377594,14.107883817427386,79.25311203319502,73.44398340248964,5.809128630705394
E00027598,128,29,4,25,99,90,9,22.65625,3.125,19.53125,77.34375,70.3125,7.03125
E00027599,86,31,8,23,55,47,8,36.04651162790697,9.30232558139535,26.744186046511626,63.95348837209303,54.65116279069767,9.30232558139535
E00027600,90,35,8,27,55,48,7,38.88888888888889,8.88888888888889,30,61.111111111111114,53.333333333333336,7.777777777777778
E00027601,104,36,6,30,68,62,6,34.61538461538461,5.769230769230769,28.846153846153843,65.38461538461539,59.61538461538461,5.769230769230769
E00027602,83,32,5,27,51,46,5,38.55421686746988,6.024096385542169,32.53012048192771,61.44578313253012,55.42168674698795,6.024096385542169
E00027604,120,38,10,28,82,70,12,31.666666666666664,8.333333333333332,23.333333333333332,68.33333333333333,58.333333333333336,10
E00027605,127,50,7,43,77,71,6,39.37007874015748,5.511811023622047,33.85826771653544,60.629921259842526,55.90551181102362,4.724409448818897
E00027606,125,37,9,28,88,76,12,29.599999999999998,7.199999999999999,22.400000000000002,70.39999999999999,60.8,9.6
E00027607,102,37,9,28,65,58,7,36.27450980392157,8.823529411764707,27.450980392156865,63.725490196078425,56.86274509803921,6.862745098039216
E00027608,151,53,10,43,98,85,13,35.099337748344375,6.622516556291391,28.47682119205298,64.90066225165563,56.29139072847682,8.609271523178808
E00027609,47,13,5,8,34,22,12,27.659574468085108,10.638297872340425,17.02127659574468,72.3404255319149,46.808510638297875,25.53191489361702
E00027610,75,36,6,30,39,37,2,48,8,40,52,49.333333333333336,2.666666666666667
E00027611,98,30,7,23,68,61,7,30.612244897959183,7.142857142857142,23.46938775510204,69.38775510204081,62.244897959183675,7.142857142857142
E00027612,263,71,22,49,192,174,18,26.996197718631176,8.365019011406844,18.631178707224336,73.00380228136882,66.15969581749049,6.844106463878327
E00027613,83,32,10,22,51,47,4,38.55421686746988,12.048192771084338,26.506024096385545,61.44578313253012,56.62650602409639,4.819277108433735
E00027614,120,61,15,46,59,50,9,50.83333333333333,12.5,38.333333333333336,49.166666666666664,41.66666666666667,7.5
E00027615,103,38,8,30,65,59,6,36.89320388349515,7.766990291262135,29.126213592233007,63.10679611650486,57.28155339805825,5.825242718446602
E00027616,148,65,13,52,83,69,14,43.91891891891892,8.783783783783784,35.13513513513514,56.08108108108109,46.62162162162162,9.45945945945946
E00027617,152,77,26,51,75,64,11,50.6578947368421,17.105263157894736,33.55263157894737,49.34210526315789,42.10526315789473,7.236842105263158
E00027618,144,67,24,43,77,71,6,46.52777777777778,16.666666666666664,29.86111111111111,53.47222222222222,49.30555555555556,4.166666666666666
E00027619,193,56,20,36,137,126,11,29.015544041450774,10.362694300518134,18.65284974093264,70.98445595854922,65.28497409326425,5.699481865284974
E00027620,144,51,12,39,93,82,11,35.41666666666667,8.333333333333332,27.083333333333332,64.58333333333334,56.94444444444444,7.638888888888889
E00027621,114,30,4,26,84,74,10,26.31578947368421,3.508771929824561,22.807017543859647,73.68421052631578,64.91228070175438,8.771929824561402
E00027622,153,40,11,29,113,97,16,26.143790849673206,7.18954248366013,18.954248366013072,73.8562091503268,63.39869281045751,10.457516339869281
E00027623,183,52,16,36,131,112,19,28.415300546448087,8.743169398907105,19.672131147540984,71.58469945355192,61.20218579234973,10.382513661202186
E00027624,138,35,13,22,103,91,12,25.36231884057971,9.420289855072465,15.942028985507244,74.63768115942028,65.94202898550725,8.695652173913043
E00027625,125,63,18,45,62,57,5,50.4,14.399999999999999,36,49.6,45.6,4
E00027627,154,61,23,38,93,84,9,39.61038961038961,14.935064935064934,24.675324675324674,60.3896103896104,54.54545454545454,5.844155844155844
E00027628,125,52,14,38,73,66,7,41.6,11.200000000000001,30.4,58.4,52.800000000000004,5.6000000000000005
E00027629,79,36,8,28,43,43,0,45.56962025316456,10.126582278481013,35.44303797468354,54.43037974683544,54.43037974683544,0
E00027630,185,79,18,61,106,101,5,42.7027027027027,9.72972972972973,32.972972972972975,57.2972972972973,54.59459459459459,2.7027027027027026
E00027631,170,79,23,56,91,82,9,46.470588235294116,13.529411764705882,32.94117647058823,53.529411764705884,48.23529411764706,5.294117647058823
E00027633,88,49,9,40,39,38,1,55.68181818181818,10.227272727272728,45.45454545454545,44.31818181818182,43.18181818181818,1.1363636363636365
E00027634,201,77,23,54,124,120,4,38.308457711442784,11.442786069651742,26.865671641791046,61.69154228855721,59.70149253731343,1.9900497512437811
E00027635,174,60,15,45,114,100,14,34.48275862068966,8.620689655172415,25.862068965517242,65.51724137931035,57.47126436781609,8.045977011494253
E00027638,99,35,11,24,64,59,5,35.35353535353536,11.11111111111111,24.242424242424242,64.64646464646465,59.59595959595959,5.05050505050505
E00027639,119,57,27,30,62,57,5,47.89915966386555,22.689075630252102,25.210084033613445,52.10084033613446,47.89915966386555,4.201680672268908
E00027641,53,12,7,5,41,38,3,22.641509433962266,13.20754716981132,9.433962264150944,77.35849056603774,71.69811320754717,5.660377358490567
E00027642,176,72,17,55,104,95,9,40.909090909090914,9.659090909090908,31.25,59.09090909090909,53.97727272727273,5.113636363636364
E00027643,108,48,12,36,60,57,3,44.44444444444444,11.11111111111111,33.33333333333333,55.55555555555556,52.77777777777778,2.7777777777777777
E00027644,150,55,13,42,95,84,11,36.666666666666664,8.666666666666668,28.000000000000004,63.33333333333333,56.00000000000001,7.333333333333333
E00027646,137,56,19,37,81,74,7,40.87591240875913,13.86861313868613,27.00729927007299,59.12408759124088,54.01459854014598,5.109489051094891
E00027647,107,52,23,29,55,50,5,48.598130841121495,21.49532710280374,27.102803738317753,51.4018691588785,46.728971962616825,4.672897196261682
E00027649,129,55,11,44,74,68,6,42.63565891472868,8.527131782945736,34.10852713178294,57.36434108527132,52.71317829457365,4.651162790697675
E00027651,156,75,18,57,81,72,9,48.07692307692308,11.538461538461538,36.53846153846153,51.92307692307693,46.15384615384615,5.769230769230769
E00027653,159,81,11,70,78,72,6,50.943396226415096,6.918238993710692,44.0251572327044,49.056603773584904,45.28301886792453,3.7735849056603774
E00027654,153,78,23,55,75,72,3,50.98039215686274,15.032679738562091,35.947712418300654,49.01960784313725,47.05882352941176,1.9607843137254901
E00165778,81,24,5,19,57,44,13,29.629629629629626,6.172839506172839,23.456790123456788,70.37037037037037,54.32098765432099,16.049382716049383
E00165779,156,44,20,24,112,106,6,28.205128205128204,12.82051282051282,15.384615384615385,71.7948717948718,67.94871794871796,3.8461538461538463
E00165780,169,49,18,31,120,108,12,28.994082840236686,10.650887573964498,18.34319526627219,71.00591715976331,63.905325443786985,7.100591715976331
E00165781,99,22,5,17,77,69,8,22.22222222222222,5.05050505050505,17.17171717171717,77.77777777777779,69.6969696969697,8.080808080808081
E00165782,90,26,6,20,64,58,6,28.888888888888886,6.666666666666667,22.22222222222222,71.11111111111111,64.44444444444444,6.666666666666667
E00165783,120,49,10,39,71,61,10,40.833333333333336,8.333333333333332,32.5,59.166666666666664,50.83333333333333,8.333333333333332
E00165784,183,50,17,33,133,116,17,27.322404371584703,9.289617486338798,18.0327868852459,72.6775956284153,63.387978142076506,9.289617486338798
E00165785,89,29,4,25,60,54,6,32.58426966292135,4.49438202247191,28.08988764044944,67.41573033707866,60.67415730337079,6.741573033707865
E00165786,55,16,7,9,39,36,3,29.09090909090909,12.727272727272727,16.363636363636363,70.9090909090909,65.45454545454545,5.454545454545454
E00168605,108,29,7,22,79,67,12,26.851851851851855,6.481481481481481,20.37037037037037,73.14814814814815,62.03703703703704,11.11111111111111
E00168606,148,72,30,42,76,72,4,48.64864864864865,20.27027027027027,28.37837837837838,51.35135135135135,48.64864864864865,2.7027027027027026
E00168607,71,34,16,18,37,36,1,47.88732394366197,22.535211267605636,25.352112676056336,52.112676056338024,50.70422535211267,1.4084507042253522
E00168608,132,41,8,33,91,81,10,31.060606060606062,6.0606060606060606,25,68.93939393939394,61.36363636363637,7.575757575757576
E00168609,155,43,11,32,112,99,13,27.741935483870968,7.096774193548387,20.64516129032258,72.25806451612902,63.87096774193548,8.38709677419355
E00168610,174,86,31,55,88,80,8,49.42528735632184,17.81609195402299,31.60919540229885,50.57471264367817,45.97701149425287,4.597701149425287
E00168611,58,27,10,17,31,27,4,46.55172413793103,17.24137931034483,29.310344827586203,53.44827586206896,46.55172413793103,6.896551724137931
E00168612,178,39,14,25,139,120,19,21.910112359550563,7.865168539325842,14.04494382022472,78.08988764044943,67.41573033707866,10.674157303370785
E00168613,183,42,17,25,141,134,7,22.950819672131146,9.289617486338798,13.661202185792352,77.04918032786885,73.224043715847,3.825136612021858
E00168614,196,35,12,23,161,147,14,17.857142857142858,6.122448979591836,11.73469387755102,82.14285714285714,75,7.142857142857142
E00168615,44,11,2,9,33,31,2,25,4.545454545454546,20.454545454545457,75,70.45454545454545,4.545454545454546
E00168616,127,49,26,23,78,65,13,38.582677165354326,20.47244094488189,18.11023622047244,61.417322834645674,51.181102362204726,10.236220472440944
E00168617,70,30,10,20,40,37,3,42.857142857142854,14.285714285714285,28.57142857142857,57.14285714285714,52.85714285714286,4.285714285714286
E00168618,151,66,23,43,85,79,6,43.70860927152318,15.2317880794702,28.47682119205298,56.29139072847682,52.317880794701985,3.9735099337748347
E00168619,116,49,15,34,67,56,11,42.241379310344826,12.931034482758621,29.310344827586203,57.758620689655174,48.275862068965516,9.482758620689655
E00168620,89,45,9,36,44,42,2,50.56179775280899,10.112359550561797,40.44943820224719,49.43820224719101,47.19101123595505,2.247191011235955
E00168621,125,63,14,49,62,58,4,50.4,11.200000000000001,39.2,49.6,46.400000000000006,3.2
E00168623,96,26,10,16,70,59,11,27.083333333333332,10.416666666666668,16.666666666666664,72.91666666666666,61.458333333333336,11.458333333333332
E00168624,208,72,18,54,136,122,14,34.61538461538461,8.653846153846153,25.961538461538463,65.38461538461539,58.65384615384615,6.730769230769231
E00168625,99,43,19,24,56,56,0,43.43434343434344,19.19191919191919,24.242424242424242,56.56565656565656,56.56565656565656,0
E00181717,110,55,14,41,55,52,3,50,12.727272727272727,37.27272727272727,50,47.27272727272727,2.727272727272727
E00181720,220,65,19,46,155,131,24,29.545454545454547,8.636363636363637,20.909090909090907,70.45454545454545,59.54545454545455,10.909090909090908
E00181721,54,4,4,0,50,44,6,7.4074074074074066,7.4074074074074066,0,92.5925925925926,81.48148148148148,11.11111111111111
E00181722,161,39,14,25,122,112,10,24.22360248447205,8.695652173913043,15.527950310559005,75.77639751552795,69.56521739130434,6.211180124223603
E00181727,123,56,13,43,67,63,4,45.52845528455284,10.569105691056912,34.959349593495936,54.47154471544715,51.21951219512195,3.2520325203252036
E00181728,64,20,4,16,44,39,5,31.25,6.25,25,68.75,60.9375,7.8125
E00181729,224,31,14,17,193,163,30,13.839285714285715,6.25,7.5892857142857135,86.16071428571429,72.76785714285714,13.392857142857142
E00181732,59,25,8,17,34,34,0,42.3728813559322,13.559322033898304,28.8135593220339,57.6271186440678,57.6271186440678,0
E00181733,65,30,11,19,35,32,3,46.15384615384615,16.923076923076923,29.230769230769234,53.84615384615385,49.23076923076923,4.615384615384616
E00181734,146,60,18,42,86,76,10,41.0958904109589,12.32876712328767,28.767123287671232,58.9041095890411,52.054794520547944,6.8493150684931505
E00181737,76,33,10,23,43,40,3,43.42105263157895,13.157894736842104,30.263157894736842,56.57894736842105,52.63157894736842,3.9473684210526314
E00181738,94,49,16,33,45,40,5,52.12765957446809,17.02127659574468,35.1063829787234,47.87234042553192,42.5531914893617,5.319148936170213
E00181739,74,26,10,16,48,41,7,35.13513513513514,13.513513513513514,21.62162162162162,64.86486486486487,55.4054054054054,9.45945945945946
E00181742,128,74,22,52,54,54,0,57.8125,17.1875,40.625,42.1875,42.1875,0
E00181744,121,59,20,39,62,58,4,48.760330578512395,16.528925619834713,32.231404958677686,51.2396694214876,47.93388429752066,3.3057851239669422
E00181751,126,77,16,61,49,48,1,61.111111111111114,12.698412698412698,48.41269841269841,38.88888888888889,38.095238095238095,0.7936507936507936
E00181753,127,44,12,32,83,76,7,34.645669291338585,9.448818897637794,25.196850393700785,65.35433070866141,59.84251968503938,5.511811023622047
E00181754,138,47,11,36,91,83,8,34.05797101449276,7.971014492753622,26.08695652173913,65.94202898550725,60.14492753623188,5.797101449275362
E00181755,94,38,9,29,56,50,6,40.42553191489361,9.574468085106384,30.851063829787233,59.57446808510638,53.191489361702125,6.382978723404255
E00181756,99,67,28,39,32,32,0,67.67676767676768,28.28282828282828,39.39393939393939,32.323232323232325,32.323232323232325,0
E00181758,100,40,6,34,60,54,6,40,6,34,60,54,6
E00181762,160,52,13,39,108,93,15,32.5,8.125,24.375,67.5,58.12500000000001,9.375
E00181765,50,22,3,19,28,26,2,44,6,38,56.00000000000001,52,4
E00181771,161,60,12,48,101,93,8,37.267080745341616,7.453416149068323,29.81366459627329,62.732919254658384,57.7639751552795,4.968944099378882
E00181773,66,38,14,24,28,28,0,57.57575757575758,21.21212121212121,36.36363636363637,42.42424242424242,42.42424242424242,0
E00181774,44,21,3,18,23,22,1,47.72727272727273,6.8181818181818175,40.909090909090914,52.27272727272727,50,2.272727272727273
E00181775,89,44,10,34,45,43,2,49.43820224719101,11.235955056179774,38.20224719101123,50.56179775280899,48.31460674157304,2.247191011235955
E00181776,175,85,32,53,90,78,12,48.57142857142857,18.285714285714285,30.28571428571429,51.42857142857142,44.57142857142857,6.857142857142858
E00181777,53,32,8,24,21,20,1,60.37735849056604,15.09433962264151,45.28301886792453,39.62264150943396,37.735849056603776,1.8867924528301887
E00181778,117,51,13,38,66,59,7,43.58974358974359,11.11111111111111,32.47863247863248,56.41025641025641,50.427350427350426,5.982905982905983
E00181779,111,51,12,39,60,54,6,45.94594594594595,10.81081081081081,35.13513513513514,54.054054054054056,48.64864864864865,5.405405405405405
E00181786,92,37,11,26,55,48,7,40.21739130434783,11.956521739130435,28.26086956521739,59.78260869565217,52.17391304347826,7.608695652173914
E00181790,81,38,13,25,43,38,5,46.913580246913575,16.049382716049383,30.864197530864196,53.086419753086425,46.913580246913575,6.172839506172839
E00181791,153,42,14,28,111,101,10,27.450980392156865,9.15032679738562,18.30065359477124,72.54901960784314,66.01307189542483,6.535947712418301
E00181792,168,48,16,32,120,108,12,28.57142857142857,9.523809523809524,19.047619047619047,71.42857142857143,64.28571428571429,7.142857142857142
E00181793,44,14,6,8,30,29,1,31.818181818181817,13.636363636363635,18.181818181818183,68.18181818181817,65.9090909090909,2.272727272727273
E00181794,119,60,14,46,59,51,8,50.42016806722689,11.76470588235294,38.655462184873954,49.57983193277311,42.857142857142854,6.722689075630252
E00181795,151,60,10,50,91,81,10,39.735099337748345,6.622516556291391,33.11258278145696,60.264900662251655,53.64238410596026,6.622516556291391
E00181796,63,26,1,25,37,34,3,41.269841269841265,1.5873015873015872,39.682539682539684,58.730158730158735,53.96825396825397,4.761904761904762
E00181797,127,40,11,29,87,77,10,31.496062992125985,8.661417322834646,22.83464566929134,68.50393700787401,60.629921259842526,7.874015748031496
E00181800,57,21,2,19,36,36,0,36.84210526315789,3.508771929824561,33.33333333333333,63.1578947368421,63.1578947368421,0
E00181801,131,72,23,49,59,53,6,54.961832061068705,17.557251908396946,37.404580152671755,45.038167938931295,40.458015267175576,4.580152671755725
E00181804,88,33,12,21,55,50,5,37.5,13.636363636363635,23.863636363636363,62.5,56.81818181818182,5.681818181818182
E00181808,87,50,10,40,37,33,4,57.47126436781609,11.494252873563218,45.97701149425287,42.5287356321839,37.93103448275862,4.597701149425287
E00181809,196,57,12,45,139,127,12,29.081632653061224,6.122448979591836,22.95918367346939,70.91836734693877,64.79591836734694,6.122448979591836
E00181811,144,46,14,32,98,87,11,31.944444444444443,9.722222222222223,22.22222222222222,68.05555555555556,60.416666666666664,7.638888888888889
E00181812,142,42,15,27,100,95,5,29.577464788732392,10.56338028169014,19.014084507042252,70.4225352112676,66.90140845070422,3.5211267605633805
E00181813,51,26,6,20,25,25,0,50.98039215686274,11.76470588235294,39.21568627450981,49.01960784313725,49.01960784313725,0
E00181815,128,62,18,44,66,56,10,48.4375,14.0625,34.375,51.5625,43.75,7.8125
E00181817,88,50,18,32,38,30,8,56.81818181818182,20.454545454545457,36.36363636363637,43.18181818181818,34.090909090909086,9.090909090909092
E00181819,132,91,21,70,41,38,3,68.93939393939394,15.909090909090908,53.03030303030303,31.060606060606062,28.78787878787879,2.272727272727273
E00181820,107,57,12,45,50,47,3,53.271028037383175,11.214953271028037,42.05607476635514,46.728971962616825,43.925233644859816,2.803738317757009
