OA,ts0380001,ts0380002,ts0380003,ts0380004,ts0380005,ts0380006,ts0380007,ts0380002_PCT,ts0380003_PCT,ts0380004_PCT,ts0380005_PCT,ts0380006_PCT,ts0380007_PCT
E00087279,449,135,68,67,314,32,282,30.066815144766146,15.14476614699332,14.92204899777283,69.93318485523386,7.126948775055679,62.80623608017817
E00087280,311,66,23,43,245,35,210,21.221864951768488,7.395498392282958,13.826366559485532,78.77813504823152,11.254019292604502,67.52411575562701
E00087281,268,57,21,36,211,24,187,21.26865671641791,7.835820895522389,13.432835820895523,78.73134328358209,8.955223880597014,69.77611940298507
E00087282,298,63,29,34,235,28,207,21.140939597315437,9.731543624161073,11.409395973154362,78.85906040268456,9.395973154362416,69.46308724832215
E00087283,262,46,22,24,216,13,203,17.557251908396946,8.396946564885496,9.16030534351145,82.44274809160305,4.961832061068702,77.48091603053436
E00087284,304,79,40,39,225,14,211,25.986842105263158,13.157894736842104,12.828947368421053,74.01315789473685,4.605263157894736,69.4078947368421
E00087285,251,51,21,30,200,17,183,20.318725099601593,8.366533864541832,11.952191235059761,79.6812749003984,6.772908366533864,72.90836653386454
E00087286,339,56,24,32,283,39,244,16.519174041297934,7.079646017699115,9.43952802359882,83.48082595870207,11.504424778761061,71.976401179941
E00087287,258,63,24,39,195,27,168,24.418604651162788,9.30232558139535,15.11627906976744,75.5813953488372,10.465116279069768,65.11627906976744
E00087288,302,41,12,29,261,22,239,13.57615894039735,3.9735099337748347,9.602649006622517,86.42384105960265,7.28476821192053,79.13907284768213
E00087289,204,57,26,31,147,18,129,27.941176470588236,12.745098039215685,15.196078431372548,72.05882352941177,8.823529411764707,63.23529411764706
E00087290,269,79,48,31,190,15,175,29.36802973977695,17.843866171003718,11.524163568773234,70.63197026022306,5.5762081784386615,65.05576208178438
E00087291,233,44,12,32,189,31,158,18.88412017167382,5.150214592274678,13.733905579399142,81.11587982832617,13.304721030042918,67.81115879828327
E00087292,224,46,18,28,178,23,155,20.535714285714285,8.035714285714286,12.5,79.46428571428571,10.267857142857142,69.19642857142857
E00087293,246,49,20,29,197,19,178,19.91869918699187,8.130081300813007,11.788617886178862,80.08130081300813,7.723577235772358,72.35772357723577
E00087294,202,47,20,27,155,16,139,23.26732673267327,9.900990099009901,13.366336633663368,76.73267326732673,7.920792079207921,68.8118811881188
E00087295,198,46,9,37,152,22,130,23.232323232323232,4.545454545454546,18.68686868686869,76.76767676767676,11.11111111111111,65.65656565656566
E00087296,229,42,23,19,187,12,175,18.340611353711793,10.043668122270741,8.296943231441048,81.6593886462882,5.240174672489083,76.41921397379913
E00087297,223,69,31,38,154,19,135,30.94170403587444,13.901345291479823,17.040358744394617,69.05829596412556,8.520179372197308,60.53811659192825
E00087298,212,54,23,31,158,12,146,25.471698113207548,10.849056603773585,14.622641509433961,74.52830188679245,5.660377358490567,68.86792452830188
E00087299,194,49,16,33,145,18,127,25.257731958762886,8.24742268041237,17.010309278350515,74.74226804123711,9.278350515463918,65.4639175257732
E00087300,291,83,30,53,208,25,183,28.52233676975945,10.309278350515463,18.213058419243985,71.47766323024055,8.59106529209622,62.88659793814433
E00087301,280,59,27,32,221,18,203,21.071428571428573,9.642857142857144,11.428571428571429,78.92857142857143,6.428571428571428,72.5
E00087302,248,48,15,33,200,21,179,19.35483870967742,6.048387096774194,13.306451612903224,80.64516129032258,8.46774193548387,72.17741935483872
E00087303,305,52,28,24,253,26,227,17.04918032786885,9.180327868852459,7.868852459016394,82.95081967213115,8.524590163934425,74.42622950819671
E00087304,325,64,25,39,261,33,228,19.692307692307693,7.6923076923076925,12,80.3076923076923,10.153846153846153,70.15384615384616
E00087305,276,48,21,27,228,23,205,17.391304347826086,7.608695652173914,9.782608695652174,82.6086956521739,8.333333333333332,74.27536231884058
E00087306,352,69,23,46,283,31,252,19.602272727272727,6.534090909090909,13.068181818181818,80.39772727272727,8.806818181818182,71.5909090909091
E00087307,385,89,44,45,296,19,277,23.116883116883116,11.428571428571429,11.688311688311687,76.88311688311688,4.935064935064935,71.94805194805195
E00087308,340,60,17,43,280,28,252,17.647058823529413,5,12.647058823529411,82.35294117647058,8.235294117647058,74.11764705882354
E00087309,270,49,17,32,221,21,200,18.14814814814815,6.296296296296296,11.851851851851853,81.85185185185185,7.777777777777778,74.07407407407408
E00087310,271,51,21,30,220,17,203,18.81918819188192,7.7490774907749085,11.07011070110701,81.18081180811808,6.273062730627306,74.90774907749078
E00087311,272,44,15,29,228,22,206,16.176470588235293,5.514705882352941,10.661764705882353,83.82352941176471,8.088235294117647,75.73529411764706
E00087312,239,53,15,38,186,14,172,22.17573221757322,6.2761506276150625,15.899581589958158,77.82426778242679,5.857740585774058,71.96652719665272
E00087313,257,60,17,43,197,29,168,23.346303501945524,6.614785992217899,16.731517509727624,76.65369649805449,11.284046692607005,65.36964980544747
E00087314,223,63,33,30,160,16,144,28.251121076233183,14.798206278026907,13.452914798206278,71.74887892376681,7.174887892376682,64.57399103139014
E00087315,329,72,29,43,257,31,226,21.88449848024316,8.814589665653495,13.069908814589665,78.11550151975683,9.422492401215806,68.69300911854104
E00087316,315,87,48,39,228,30,198,27.61904761904762,15.238095238095239,12.380952380952381,72.38095238095238,9.523809523809524,62.857142857142854
E00087317,307,80,26,54,227,21,206,26.058631921824105,8.469055374592834,17.58957654723127,73.9413680781759,6.840390879478828,67.10097719869707
E00087318,349,93,36,57,256,30,226,26.64756446991404,10.315186246418339,16.332378223495702,73.35243553008596,8.595988538681947,64.75644699140402
E00087319,262,40,16,24,222,17,205,15.267175572519085,6.106870229007633,9.16030534351145,84.7328244274809,6.488549618320611,78.2442748091603
E00087320,300,76,34,42,224,26,198,25.333333333333336,11.333333333333332,14.000000000000002,74.66666666666667,8.666666666666668,66
E00087321,314,71,31,40,243,21,222,22.611464968152866,9.872611464968154,12.738853503184714,77.38853503184714,6.687898089171974,70.70063694267516
E00087322,303,72,26,46,231,27,204,23.762376237623762,8.58085808580858,15.181518151815181,76.23762376237624,8.91089108910891,67.32673267326733
E00087323,298,58,25,33,240,25,215,19.463087248322147,8.389261744966444,11.073825503355705,80.53691275167785,8.389261744966444,72.14765100671141
E00087324,219,33,14,19,186,10,176,15.068493150684931,6.392694063926941,8.67579908675799,84.93150684931507,4.5662100456621,80.36529680365297
E00087325,226,45,20,25,181,18,163,19.911504424778762,8.849557522123893,11.061946902654867,80.08849557522124,7.964601769911504,72.12389380530973
E00087326,194,44,15,29,150,18,132,22.68041237113402,7.731958762886598,14.948453608247423,77.31958762886599,9.278350515463918,68.04123711340206
E00087327,252,55,22,33,197,27,170,21.825396825396826,8.73015873015873,13.095238095238097,78.17460317460318,10.714285714285714,67.46031746031747
E00087328,348,73,29,44,275,21,254,20.977011494252874,8.333333333333332,12.643678160919542,79.02298850574712,6.0344827586206895,72.98850574712644
E00087329,154,36,14,22,118,9,109,23.376623376623375,9.090909090909092,14.285714285714285,76.62337662337663,5.844155844155844,70.77922077922078
E00087330,293,68,26,42,225,34,191,23.208191126279864,8.873720136518772,14.334470989761092,76.79180887372013,11.604095563139932,65.18771331058021
E00087331,245,73,24,49,172,19,153,29.795918367346943,9.795918367346939,20,70.20408163265306,7.755102040816326,62.44897959183674
E00087332,291,91,45,46,200,25,175,31.27147766323024,15.463917525773196,15.807560137457044,68.72852233676976,8.59106529209622,60.13745704467354
E00087333,285,58,23,35,227,20,207,20.350877192982455,8.070175438596491,12.280701754385964,79.64912280701755,7.017543859649122,72.63157894736842
E00087334,278,53,27,26,225,25,200,19.06474820143885,9.712230215827338,9.352517985611511,80.93525179856115,8.992805755395683,71.94244604316546
E00087335,259,53,22,31,206,23,183,20.463320463320464,8.494208494208493,11.96911196911197,79.53667953667953,8.880308880308881,70.65637065637065
E00087336,335,42,14,28,293,26,267,12.53731343283582,4.179104477611941,8.358208955223882,87.46268656716418,7.761194029850746,79.70149253731343
E00087337,324,54,17,37,270,26,244,16.666666666666664,5.246913580246913,11.419753086419753,83.33333333333334,8.024691358024691,75.30864197530865
E00087338,296,49,15,34,247,25,222,16.554054054054053,5.0675675675675675,11.486486486486488,83.44594594594594,8.445945945945946,75
E00087339,318,44,18,26,274,28,246,13.836477987421384,5.660377358490567,8.176100628930817,86.16352201257862,8.80503144654088,77.35849056603774
E00087340,318,68,21,47,250,23,227,21.38364779874214,6.60377358490566,14.779874213836477,78.61635220125787,7.232704402515723,71.38364779874213
E00087343,303,61,23,38,242,20,222,20.13201320132013,7.590759075907591,12.541254125412541,79.86798679867987,6.6006600660066,73.26732673267327
E00087344,259,31,13,18,228,20,208,11.96911196911197,5.019305019305019,6.94980694980695,88.03088803088804,7.722007722007722,80.3088803088803
E00087345,376,67,27,40,309,31,278,17.819148936170212,7.180851063829788,10.638297872340425,82.18085106382979,8.24468085106383,73.93617021276596
E00087346,350,93,45,48,257,28,229,26.571428571428573,12.857142857142856,13.714285714285715,73.42857142857143,8,65.42857142857143
E00087347,326,75,27,48,251,21,230,23.006134969325153,8.282208588957054,14.723926380368098,76.99386503067484,6.441717791411043,70.5521472392638
E00087348,305,59,24,35,246,25,221,19.34426229508197,7.868852459016394,11.475409836065573,80.65573770491802,8.19672131147541,72.45901639344262
E00087349,320,47,14,33,273,26,247,14.6875,4.375,10.3125,85.3125,8.125,77.1875
E00087350,344,73,30,43,271,29,242,21.22093023255814,8.720930232558139,12.5,78.77906976744185,8.430232558139535,70.34883720930233
E00087351,347,65,25,40,282,30,252,18.73198847262248,7.204610951008646,11.527377521613833,81.26801152737752,8.645533141210375,72.62247838616715
E00087352,321,53,17,36,268,39,229,16.510903426791277,5.29595015576324,11.214953271028037,83.48909657320873,12.149532710280374,71.33956386292834
E00087353,316,76,28,48,240,22,218,24.050632911392405,8.860759493670885,15.18987341772152,75.9493670886076,6.962025316455696,68.9873417721519
E00087354,338,105,53,52,233,27,206,31.06508875739645,15.680473372781064,15.384615384615385,68.93491124260355,7.988165680473373,60.946745562130175
E00087355,383,52,14,38,331,23,308,13.577023498694519,3.6553524804177546,9.921671018276761,86.42297650130548,6.005221932114883,80.4177545691906
E00087356,426,88,36,52,338,35,303,20.657276995305164,8.450704225352112,12.206572769953052,79.34272300469483,8.215962441314554,71.12676056338029
E00087357,275,64,23,41,211,23,188,23.272727272727273,8.363636363636363,14.909090909090908,76.72727272727272,8.363636363636363,68.36363636363636
E00087358,331,59,22,37,272,31,241,17.82477341389728,6.646525679758309,11.178247734138973,82.17522658610272,9.365558912386707,72.80966767371602
E00087359,253,46,13,33,207,21,186,18.181818181818183,5.138339920948617,13.043478260869565,81.81818181818183,8.300395256916996,73.51778656126481
E00087360,437,99,41,58,338,36,302,22.65446224256293,9.382151029748284,13.272311212814644,77.34553775743707,8.237986270022883,69.10755148741418
E00087361,321,77,30,47,244,27,217,23.98753894080997,9.345794392523365,14.641744548286603,76.01246105919003,8.411214953271028,67.601246105919
E00087362,299,90,49,41,209,22,187,30.100334448160538,16.387959866220736,13.712374581939798,69.89966555183946,7.357859531772576,62.54180602006689
E00087363,292,48,18,30,244,24,220,16.43835616438356,6.164383561643835,10.273972602739725,83.56164383561644,8.21917808219178,75.34246575342466
E00087364,357,72,26,46,285,30,255,20.168067226890756,7.282913165266107,12.885154061624648,79.83193277310924,8.403361344537815,71.42857142857143
E00087365,300,62,28,34,238,23,215,20.666666666666668,9.333333333333334,11.333333333333332,79.33333333333333,7.666666666666666,71.66666666666667
E00087366,304,76,36,40,228,32,196,25,11.842105263157894,13.157894736842104,75,10.526315789473683,64.47368421052632
E00087367,337,65,18,47,272,24,248,19.287833827893174,5.341246290801187,13.94658753709199,80.71216617210682,7.121661721068249,73.59050445103857
E00087368,274,73,27,46,201,22,179,26.642335766423358,9.854014598540147,16.78832116788321,73.35766423357664,8.02919708029197,65.32846715328468
E00087369,290,66,25,41,224,35,189,22.758620689655174,8.620689655172415,14.13793103448276,77.24137931034483,12.068965517241379,65.17241379310344
E00087370,203,32,15,17,171,18,153,15.763546798029557,7.389162561576355,8.374384236453201,84.23645320197043,8.866995073891626,75.36945812807882
E00087371,341,92,43,49,249,17,232,26.97947214076246,12.609970674486803,14.369501466275661,73.02052785923753,4.9853372434017595,68.03519061583577
E00087372,169,37,17,20,132,18,114,21.893491124260358,10.059171597633137,11.834319526627219,78.10650887573965,10.650887573964498,67.45562130177515
E00087373,188,48,20,28,140,20,120,25.53191489361702,10.638297872340425,14.893617021276595,74.46808510638297,10.638297872340425,63.829787234042556
E00087374,186,45,24,21,141,11,130,24.193548387096776,12.903225806451612,11.29032258064516,75.80645161290323,5.913978494623656,69.89247311827957
E00087375,162,48,24,24,114,12,102,29.629629629629626,14.814814814814813,14.814814814814813,70.37037037037037,7.4074074074074066,62.96296296296296
E00087376,177,37,14,23,140,12,128,20.903954802259886,7.909604519774012,12.994350282485875,79.09604519774011,6.779661016949152,72.31638418079096
E00087377,236,45,21,24,191,21,170,19.06779661016949,8.898305084745763,10.16949152542373,80.9322033898305,8.898305084745763,72.03389830508475
E00087378,271,46,21,25,225,19,206,16.974169741697416,7.7490774907749085,9.22509225092251,83.02583025830258,7.011070110701106,76.01476014760148
E00087379,219,39,12,27,180,25,155,17.80821917808219,5.47945205479452,12.32876712328767,82.1917808219178,11.415525114155251,70.77625570776256
E00087380,289,38,10,28,251,25,226,13.148788927335639,3.4602076124567476,9.688581314878892,86.85121107266436,8.650519031141869,78.20069204152249
E00087381,267,59,25,34,208,21,187,22.09737827715356,9.363295880149813,12.734082397003746,77.90262172284645,7.865168539325842,70.0374531835206
E00087382,299,35,14,21,264,23,241,11.705685618729097,4.682274247491638,7.023411371237458,88.2943143812709,7.6923076923076925,80.60200668896321
E00087383,265,39,11,28,226,20,206,14.716981132075471,4.150943396226415,10.566037735849058,85.28301886792453,7.547169811320755,77.73584905660378
E00087384,251,48,16,32,203,31,172,19.12350597609562,6.374501992031872,12.749003984063744,80.87649402390437,12.350597609561753,68.52589641434263
E00087385,357,60,22,38,297,34,263,16.80672268907563,6.162464985994398,10.644257703081232,83.19327731092437,9.523809523809524,73.66946778711485
E00087387,289,50,13,37,239,23,216,17.301038062283737,4.498269896193772,12.802768166089965,82.69896193771626,7.958477508650519,74.74048442906575
E00087388,416,61,18,43,355,20,335,14.663461538461538,4.326923076923077,10.336538461538462,85.33653846153845,4.807692307692308,80.52884615384616
E00087389,307,59,17,42,248,24,224,19.218241042345277,5.537459283387622,13.680781758957655,80.78175895765473,7.81758957654723,72.9641693811075
E00087390,336,49,17,32,287,35,252,14.583333333333334,5.059523809523809,9.523809523809524,85.41666666666666,10.416666666666668,75
E00087391,253,86,42,44,167,11,156,33.99209486166008,16.600790513833992,17.391304347826086,66.00790513833992,4.3478260869565215,61.6600790513834
E00087392,365,76,30,46,289,27,262,20.82191780821918,8.21917808219178,12.602739726027398,79.17808219178082,7.397260273972603,71.78082191780823
E00087393,351,73,24,49,278,30,248,20.7977207977208,6.837606837606838,13.96011396011396,79.2022792022792,8.547008547008547,70.65527065527066
E00087394,277,64,19,45,213,29,184,23.104693140794225,6.859205776173286,16.24548736462094,76.89530685920577,10.469314079422382,66.4259927797834
E00087395,266,47,21,26,219,30,189,17.669172932330827,7.894736842105263,9.774436090225564,82.33082706766918,11.278195488721805,71.05263157894737
E00087396,394,83,34,49,311,34,277,21.065989847715734,8.629441624365482,12.436548223350254,78.93401015228426,8.629441624365482,70.30456852791879
E00087397,222,31,9,22,191,27,164,13.963963963963963,4.054054054054054,9.90990990990991,86.03603603603604,12.162162162162163,73.87387387387388
E00087398,326,52,24,28,274,35,239,15.950920245398773,7.361963190184049,8.588957055214724,84.04907975460122,10.736196319018406,73.31288343558282
E00087399,357,72,32,40,285,28,257,20.168067226890756,8.96358543417367,11.204481792717088,79.83193277310924,7.8431372549019605,71.98879551820728
E00087400,376,99,40,59,277,26,251,26.329787234042552,10.638297872340425,15.691489361702127,73.67021276595744,6.914893617021277,66.75531914893617
E00087401,343,86,39,47,257,15,242,25.072886297376094,11.370262390670554,13.702623906705538,74.9271137026239,4.373177842565598,70.55393586005832
E00087402,262,51,22,29,211,16,195,19.46564885496183,8.396946564885496,11.068702290076336,80.53435114503816,6.106870229007633,74.42748091603053
E00087403,390,73,25,48,317,35,282,18.71794871794872,6.41025641025641,12.307692307692308,81.28205128205128,8.974358974358974,72.3076923076923
E00087404,224,47,18,29,177,24,153,20.982142857142858,8.035714285714286,12.946428571428573,79.01785714285714,10.714285714285714,68.30357142857143
E00087405,309,65,18,47,244,27,217,21.035598705501616,5.825242718446602,15.210355987055015,78.96440129449837,8.737864077669903,70.22653721682848
E00087406,476,117,57,60,359,39,320,24.579831932773107,11.974789915966387,12.605042016806722,75.42016806722688,8.193277310924369,67.22689075630252
E00087408,248,64,25,39,184,19,165,25.806451612903224,10.080645161290322,15.725806451612904,74.19354838709677,7.661290322580645,66.53225806451613
E00087409,392,75,30,45,317,32,285,19.132653061224488,7.653061224489796,11.479591836734695,80.86734693877551,8.16326530612245,72.70408163265306
E00087410,384,107,34,73,277,34,243,27.864583333333332,8.854166666666668,19.010416666666664,72.13541666666666,8.854166666666668,63.28125
E00087411,412,101,46,55,311,31,280,24.514563106796118,11.165048543689322,13.349514563106796,75.48543689320388,7.524271844660194,67.96116504854369
E00087412,351,68,25,43,283,27,256,19.37321937321937,7.122507122507122,12.250712250712251,80.62678062678063,7.6923076923076925,72.93447293447294
E00087413,341,75,22,53,266,25,241,21.994134897360702,6.451612903225806,15.542521994134898,78.00586510263929,7.331378299120235,70.67448680351906
E00087414,289,57,24,33,232,28,204,19.72318339100346,8.304498269896193,11.418685121107266,80.27681660899654,9.688581314878892,70.58823529411765
E00087415,305,53,18,35,252,19,233,17.37704918032787,5.901639344262295,11.475409836065573,82.62295081967214,6.229508196721312,76.39344262295083
E00087416,301,69,31,38,232,18,214,22.92358803986711,10.299003322259136,12.624584717607974,77.0764119601329,5.980066445182724,71.09634551495017
E00087417,418,115,65,50,303,35,268,27.51196172248804,15.550239234449762,11.961722488038278,72.48803827751196,8.373205741626794,64.11483253588517
E00087418,336,69,25,44,267,38,229,20.535714285714285,7.440476190476191,13.095238095238097,79.46428571428571,11.30952380952381,68.15476190476191
E00087419,221,85,36,49,136,9,127,38.46153846153847,16.289592760180994,22.171945701357465,61.53846153846154,4.072398190045249,57.466063348416284
E00087420,335,73,16,57,262,22,240,21.791044776119403,4.776119402985075,17.01492537313433,78.2089552238806,6.567164179104477,71.64179104477611
E00087421,334,107,64,43,227,26,201,32.035928143712574,19.16167664670659,12.874251497005988,67.96407185628742,7.784431137724551,60.17964071856288
E00087422,391,88,37,51,303,28,275,22.506393861892583,9.462915601023019,13.043478260869565,77.49360613810742,7.161125319693094,70.33248081841433
E00087423,408,145,90,55,263,22,241,35.53921568627451,22.058823529411764,13.480392156862745,64.4607843137255,5.392156862745098,59.068627450980394
E00087424,382,84,25,59,298,32,266,21.98952879581152,6.544502617801047,15.44502617801047,78.01047120418848,8.37696335078534,69.63350785340315
E00087425,302,56,22,34,246,13,233,18.543046357615893,7.28476821192053,11.258278145695364,81.45695364238411,4.304635761589404,77.15231788079471
E00087426,283,73,37,36,210,19,191,25.795053003533567,13.074204946996467,12.7208480565371,74.20494699646643,6.713780918727916,67.49116607773851
E00087427,360,73,24,49,287,32,255,20.27777777777778,6.666666666666667,13.61111111111111,79.72222222222223,8.88888888888889,70.83333333333334
E00087428,272,62,29,33,210,30,180,22.794117647058822,10.661764705882353,12.132352941176471,77.20588235294117,11.029411764705882,66.17647058823529
E00087429,312,56,25,31,256,29,227,17.94871794871795,8.012820512820513,9.935897435897436,82.05128205128204,9.294871794871796,72.75641025641025
E00087430,264,58,20,38,206,24,182,21.96969696969697,7.575757575757576,14.393939393939394,78.03030303030303,9.090909090909092,68.93939393939394
E00087431,289,76,34,42,213,26,187,26.297577854671278,11.76470588235294,14.53287197231834,73.70242214532871,8.996539792387544,64.70588235294117
E00087432,235,60,25,35,175,21,154,25.53191489361702,10.638297872340425,14.893617021276595,74.46808510638297,8.936170212765958,65.53191489361701
E00087433,273,73,33,40,200,17,183,26.73992673992674,12.087912087912088,14.652014652014653,73.26007326007326,6.227106227106227,67.03296703296702
E00087434,247,51,24,27,196,29,167,20.647773279352226,9.7165991902834,10.931174089068826,79.35222672064778,11.740890688259109,67.61133603238866
E00087435,369,99,38,61,270,22,248,26.82926829268293,10.29810298102981,16.53116531165312,73.17073170731707,5.9620596205962055,67.20867208672087
E00087436,369,93,29,64,276,33,243,25.203252032520325,7.8590785907859075,17.344173441734416,74.79674796747967,8.94308943089431,65.85365853658537
E00087437,402,93,42,51,309,35,274,23.134328358208954,10.44776119402985,12.686567164179104,76.86567164179104,8.706467661691542,68.1592039800995
E00087438,372,96,46,50,276,18,258,25.806451612903224,12.365591397849462,13.440860215053762,74.19354838709677,4.838709677419355,69.35483870967742
E00087439,252,52,23,29,200,21,179,20.634920634920633,9.126984126984127,11.507936507936508,79.36507936507937,8.333333333333332,71.03174603174604
E00087440,291,67,27,40,224,23,201,23.02405498281787,9.278350515463918,13.745704467353953,76.97594501718214,7.903780068728522,69.0721649484536
E00087441,240,58,15,43,182,20,162,24.166666666666668,6.25,17.916666666666668,75.83333333333333,8.333333333333332,67.5
E00087442,236,64,24,40,172,18,154,27.11864406779661,10.16949152542373,16.94915254237288,72.88135593220339,7.627118644067797,65.2542372881356
E00087443,347,76,35,41,271,17,254,21.902017291066283,10.086455331412104,11.815561959654179,78.09798270893373,4.899135446685879,73.19884726224784
E00087444,411,113,46,67,298,31,267,27.49391727493917,11.19221411192214,16.30170316301703,72.50608272506082,7.542579075425791,64.96350364963503
E00087445,263,59,24,35,204,29,175,22.433460076045627,9.125475285171103,13.307984790874524,77.56653992395437,11.02661596958175,66.53992395437263
E00087446,334,84,32,52,250,30,220,25.149700598802394,9.580838323353294,15.568862275449103,74.8502994011976,8.982035928143713,65.86826347305389
E00087447,194,72,44,28,122,13,109,37.11340206185567,22.68041237113402,14.432989690721648,62.88659793814433,6.701030927835052,56.18556701030928
E00087448,253,77,27,50,176,29,147,30.434782608695656,10.67193675889328,19.76284584980237,69.56521739130434,11.462450592885375,58.10276679841897
E00087449,330,68,34,34,262,32,230,20.606060606060606,10.303030303030303,10.303030303030303,79.39393939393939,9.696969696969697,69.6969696969697
E00087450,282,42,15,27,240,23,217,14.893617021276595,5.319148936170213,9.574468085106384,85.1063829787234,8.156028368794328,76.95035460992908
E00087452,175,40,18,22,135,13,122,22.857142857142858,10.285714285714285,12.571428571428573,77.14285714285715,7.428571428571429,69.71428571428572
E00087453,267,31,11,20,236,26,210,11.610486891385769,4.119850187265917,7.490636704119851,88.38951310861424,9.737827715355806,78.65168539325843
E00087454,272,41,17,24,231,24,207,15.073529411764705,6.25,8.823529411764707,84.92647058823529,8.823529411764707,76.10294117647058
E00087455,232,43,20,23,189,15,174,18.53448275862069,8.620689655172415,9.913793103448276,81.46551724137932,6.4655172413793105,75
E00087456,284,86,43,43,198,14,184,30.28169014084507,15.140845070422534,15.140845070422534,69.71830985915493,4.929577464788732,64.7887323943662
E00087457,267,69,34,35,198,24,174,25.842696629213485,12.734082397003746,13.108614232209737,74.15730337078652,8.98876404494382,65.1685393258427
E00087458,258,57,21,36,201,19,182,22.093023255813954,8.13953488372093,13.953488372093023,77.90697674418605,7.3643410852713185,70.54263565891473
E00087459,260,60,23,37,200,20,180,23.076923076923077,8.846153846153847,14.23076923076923,76.92307692307693,7.6923076923076925,69.23076923076923
E00087460,287,71,34,37,216,19,197,24.738675958188153,11.846689895470384,12.89198606271777,75.26132404181185,6.620209059233449,68.6411149825784
E00087461,280,63,28,35,217,23,194,22.5,10,12.5,77.5,8.214285714285714,69.28571428571428
E00087462,361,80,32,48,281,30,251,22.160664819944596,8.86426592797784,13.29639889196676,77.8393351800554,8.310249307479225,69.52908587257618
E00087463,300,54,22,32,246,22,224,18,7.333333333333333,10.666666666666668,82,7.333333333333333,74.66666666666667
E00087464,330,74,32,42,256,23,233,22.424242424242426,9.696969696969697,12.727272727272727,77.57575757575758,6.969696969696971,70.60606060606061
E00087465,264,73,30,43,191,28,163,27.65151515151515,11.363636363636363,16.28787878787879,72.34848484848484,10.606060606060606,61.74242424242424
E00087466,225,67,33,34,158,18,140,29.777777777777775,14.666666666666666,15.11111111111111,70.22222222222221,8,62.22222222222222
E00087467,266,87,41,46,179,29,150,32.70676691729324,15.413533834586465,17.293233082706767,67.29323308270678,10.902255639097744,56.390977443609025
E00087468,251,67,28,39,184,18,166,26.693227091633464,11.155378486055776,15.53784860557769,73.30677290836654,7.171314741035857,66.13545816733067
E00087469,287,60,26,34,227,21,206,20.905923344947734,9.059233449477352,11.846689895470384,79.09407665505228,7.317073170731707,71.77700348432056
E00087470,210,69,24,45,141,19,122,32.857142857142854,11.428571428571429,21.428571428571427,67.14285714285714,9.047619047619047,58.0952380952381
E00087471,359,80,31,49,279,36,243,22.284122562674096,8.635097493036211,13.649025069637883,77.71587743732591,10.027855153203342,67.68802228412257
E00087472,192,86,47,39,106,10,96,44.79166666666667,24.479166666666664,20.3125,55.208333333333336,5.208333333333334,50
E00087473,300,74,32,42,226,21,205,24.666666666666668,10.666666666666668,14.000000000000002,75.33333333333333,7.000000000000001,68.33333333333333
E00087474,304,82,29,53,222,24,198,26.973684210526315,9.539473684210527,17.434210526315788,73.02631578947368,7.894736842105263,65.13157894736842
E00087475,305,92,49,43,213,21,192,30.16393442622951,16.065573770491802,14.098360655737704,69.83606557377048,6.885245901639345,62.95081967213115
E00087476,523,119,55,64,404,40,364,22.753346080305928,10.51625239005736,12.237093690248566,77.24665391969407,7.648183556405354,69.59847036328873
E00087477,317,96,50,46,221,16,205,30.28391167192429,15.772870662460567,14.511041009463725,69.71608832807571,5.047318611987381,64.66876971608832
E00087478,198,74,31,43,124,14,110,37.37373737373738,15.656565656565657,21.71717171717172,62.62626262626263,7.07070707070707,55.55555555555556
E00087479,249,52,21,31,197,16,181,20.883534136546185,8.433734939759036,12.449799196787147,79.11646586345381,6.425702811244979,72.69076305220884
E00087480,319,82,39,43,237,29,208,25.705329153605017,12.225705329153605,13.479623824451412,74.29467084639498,9.090909090909092,65.20376175548589
E00087481,294,77,37,40,217,24,193,26.190476190476193,12.585034013605442,13.60544217687075,73.80952380952381,8.16326530612245,65.64625850340136
E00087482,334,69,24,45,265,24,241,20.65868263473054,7.18562874251497,13.47305389221557,79.34131736526946,7.18562874251497,72.15568862275448
E00087483,403,69,38,31,334,19,315,17.121588089330025,9.429280397022332,7.6923076923076925,82.87841191066998,4.714640198511166,78.16377171215882
E00087484,256,62,23,39,194,25,169,24.21875,8.984375,15.234375,75.78125,9.765625,66.015625
E00087485,268,70,28,42,198,15,183,26.119402985074625,10.44776119402985,15.671641791044777,73.88059701492537,5.597014925373134,68.28358208955224
E00087486,276,75,30,45,201,30,171,27.173913043478258,10.869565217391305,16.304347826086957,72.82608695652173,10.869565217391305,61.95652173913043
E00087487,234,80,39,41,154,22,132,34.18803418803419,16.666666666666664,17.52136752136752,65.8119658119658,9.401709401709402,56.41025641025641
E00087488,304,51,25,26,253,31,222,16.776315789473685,8.223684210526317,8.552631578947368,83.22368421052632,10.197368421052632,73.02631578947368
E00087489,324,64,28,36,260,18,242,19.753086419753085,8.641975308641975,11.11111111111111,80.24691358024691,5.555555555555555,74.69135802469135
E00087490,329,61,26,35,268,30,238,18.541033434650455,7.90273556231003,10.638297872340425,81.45896656534954,9.118541033434651,72.3404255319149
E00087491,241,31,12,19,210,20,190,12.863070539419086,4.979253112033195,7.883817427385892,87.13692946058092,8.29875518672199,78.83817427385893
E00087492,320,88,35,53,232,20,212,27.500000000000004,10.9375,16.5625,72.5,6.25,66.25
E00087493,404,107,35,72,297,29,268,26.48514851485149,8.663366336633663,17.82178217821782,73.51485148514851,7.1782178217821775,66.33663366336634
E00087494,388,99,32,67,289,19,270,25.51546391752577,8.24742268041237,17.2680412371134,74.48453608247422,4.896907216494846,69.58762886597938
E00087495,309,105,54,51,204,21,183,33.980582524271846,17.475728155339805,16.50485436893204,66.01941747572816,6.796116504854369,59.22330097087378
E00087496,152,85,40,45,67,6,61,55.92105263157895,26.31578947368421,29.605263157894733,44.07894736842105,3.9473684210526314,40.131578947368425
E00087497,275,37,13,24,238,21,217,13.454545454545455,4.7272727272727275,8.727272727272728,86.54545454545455,7.636363636363637,78.9090909090909
E00087498,262,33,13,20,229,25,204,12.595419847328243,4.961832061068702,7.633587786259542,87.40458015267176,9.541984732824428,77.86259541984732
E00087499,222,57,34,23,165,13,152,25.675675675675674,15.315315315315313,10.36036036036036,74.32432432432432,5.8558558558558556,68.46846846846847
E00087500,186,63,23,40,123,14,109,33.87096774193548,12.365591397849462,21.50537634408602,66.12903225806451,7.526881720430108,58.602150537634415
E00087501,346,81,38,43,265,23,242,23.410404624277454,10.982658959537572,12.427745664739884,76.58959537572254,6.6473988439306355,69.94219653179191
E00087502,262,59,22,37,203,28,175,22.519083969465647,8.396946564885496,14.122137404580155,77.48091603053436,10.687022900763358,66.79389312977099
E00087503,262,60,32,28,202,11,191,22.900763358778626,12.213740458015266,10.687022900763358,77.09923664122137,4.198473282442748,72.90076335877863
E00087504,440,104,54,50,336,28,308,23.636363636363637,12.272727272727273,11.363636363636363,76.36363636363637,6.363636363636363,70
E00087505,305,52,15,37,253,33,220,17.04918032786885,4.918032786885246,12.131147540983607,82.95081967213115,10.819672131147541,72.1311475409836
E00087506,290,53,24,29,237,14,223,18.275862068965516,8.275862068965518,10,81.72413793103448,4.827586206896552,76.89655172413794
E00087507,320,68,30,38,252,23,229,21.25,9.375,11.875,78.75,7.187499999999999,71.5625
E00087508,260,65,25,40,195,21,174,25,9.615384615384617,15.384615384615385,75,8.076923076923077,66.92307692307692
E00087509,313,87,28,59,226,26,200,27.79552715654952,8.945686900958465,18.849840255591054,72.20447284345049,8.30670926517572,63.897763578274756
E00087510,232,80,39,41,152,13,139,34.48275862068966,16.810344827586206,17.67241379310345,65.51724137931035,5.603448275862069,59.91379310344828
E00087511,260,56,25,31,204,17,187,21.53846153846154,9.615384615384617,11.923076923076923,78.46153846153847,6.538461538461539,71.92307692307692
E00087512,251,79,40,39,172,14,158,31.47410358565737,15.936254980079681,15.53784860557769,68.52589641434263,5.577689243027888,62.94820717131474
E00087513,362,67,25,42,295,31,264,18.50828729281768,6.906077348066299,11.602209944751381,81.49171270718232,8.56353591160221,72.92817679558011
E00087514,294,76,23,53,218,17,201,25.850340136054424,7.8231292517006805,18.027210884353742,74.14965986394559,5.782312925170068,68.36734693877551
E00087515,295,60,24,36,235,23,212,20.33898305084746,8.135593220338983,12.203389830508476,79.66101694915254,7.796610169491526,71.86440677966101
E00087516,343,73,24,49,270,22,248,21.282798833819243,6.997084548104956,14.285714285714285,78.71720116618076,6.41399416909621,72.30320699708454
E00087517,294,58,23,35,236,31,205,19.727891156462583,7.8231292517006805,11.904761904761903,80.27210884353741,10.54421768707483,69.72789115646259
E00087518,437,77,24,53,360,41,319,17.620137299771166,5.491990846681922,12.128146453089245,82.37986270022884,9.382151029748284,72.99771167048054
E00087519,387,82,44,38,305,25,280,21.188630490956072,11.369509043927648,9.819121447028424,78.81136950904393,6.459948320413436,72.3514211886305
E00087520,290,54,21,33,236,29,207,18.620689655172416,7.241379310344828,11.379310344827587,81.37931034482759,10,71.37931034482759
E00087521,175,44,20,24,131,19,112,25.142857142857146,11.428571428571429,13.714285714285715,74.85714285714286,10.857142857142858,64
E00087522,364,97,55,42,267,22,245,26.64835164835165,15.10989010989011,11.538461538461538,73.35164835164835,6.043956043956044,67.3076923076923
E00087523,249,85,45,40,164,23,141,34.13654618473896,18.072289156626507,16.06425702811245,65.86345381526104,9.236947791164658,56.62650602409639
E00087524,428,135,56,79,293,21,272,31.542056074766357,13.084112149532709,18.457943925233643,68.45794392523365,4.906542056074766,63.55140186915887
E00087526,383,106,54,52,277,19,258,27.676240208877285,14.099216710182768,13.577023498694519,72.32375979112271,4.960835509138381,67.36292428198433
E00087527,298,98,62,36,200,16,184,32.88590604026846,20.80536912751678,12.080536912751679,67.11409395973155,5.369127516778524,61.74496644295302
E00087528,318,82,40,42,236,19,217,25.78616352201258,12.578616352201259,13.20754716981132,74.21383647798741,5.9748427672955975,68.23899371069182
E00087530,292,89,45,44,203,18,185,30.47945205479452,15.41095890410959,15.068493150684931,69.52054794520548,6.164383561643835,63.35616438356164
E00087531,301,77,46,31,224,12,212,25.581395348837212,15.282392026578073,10.299003322259136,74.4186046511628,3.9867109634551494,70.43189368770764
E00087532,298,67,28,39,231,23,208,22.483221476510067,9.395973154362416,13.087248322147651,77.51677852348993,7.718120805369128,69.79865771812081
E00087534,236,54,20,34,182,19,163,22.88135593220339,8.47457627118644,14.40677966101695,77.11864406779661,8.050847457627118,69.0677966101695
E00087535,358,69,25,44,289,24,265,19.273743016759777,6.983240223463687,12.290502793296088,80.72625698324022,6.70391061452514,74.02234636871509
E00087537,347,71,24,47,276,26,250,20.461095100864554,6.9164265129683,13.544668587896252,79.53890489913545,7.492795389048991,72.04610951008645
E00087538,317,63,31,32,254,37,217,19.873817034700316,9.779179810725552,10.094637223974763,80.12618296529969,11.67192429022082,68.45425867507886
E00087539,291,69,29,40,222,22,200,23.711340206185564,9.965635738831615,13.745704467353953,76.28865979381443,7.560137457044673,68.72852233676976
E00087541,290,50,22,28,240,28,212,17.24137931034483,7.586206896551724,9.655172413793103,82.75862068965517,9.655172413793103,73.10344827586206
E00087543,367,57,24,33,310,32,278,15.531335149863759,6.539509536784741,8.991825613079019,84.46866485013625,8.71934604904632,75.74931880108991
E00087544,300,124,48,76,176,20,156,41.333333333333336,16,25.333333333333336,58.666666666666664,6.666666666666667,52
E00087545,310,73,27,46,237,20,217,23.548387096774192,8.709677419354838,14.838709677419354,76.45161290322581,6.451612903225806,70
E00087546,273,75,41,34,198,28,170,27.472527472527474,15.018315018315018,12.454212454212454,72.52747252747253,10.256410256410255,62.27106227106227
E00087547,258,72,24,48,186,23,163,27.906976744186046,9.30232558139535,18.6046511627907,72.09302325581395,8.914728682170542,63.17829457364341
E00087548,246,67,34,33,179,20,159,27.235772357723576,13.821138211382115,13.414634146341465,72.76422764227642,8.130081300813007,64.63414634146342
E00087549,281,75,30,45,206,18,188,26.690391459074732,10.676156583629894,16.014234875444842,73.30960854092527,6.405693950177936,66.90391459074732
E00087550,203,50,23,27,153,15,138,24.63054187192118,11.330049261083744,13.30049261083744,75.36945812807882,7.389162561576355,67.98029556650246
E00087551,355,88,38,50,267,28,239,24.788732394366196,10.704225352112676,14.084507042253522,75.21126760563381,7.887323943661972,67.32394366197182
E00087552,238,60,33,27,178,26,152,25.210084033613445,13.865546218487395,11.344537815126051,74.78991596638656,10.92436974789916,63.86554621848739
E00087553,220,63,21,42,157,16,141,28.636363636363637,9.545454545454547,19.090909090909093,71.36363636363636,7.2727272727272725,64.0909090909091
E00087554,255,56,17,39,199,14,185,21.96078431372549,6.666666666666667,15.294117647058824,78.03921568627452,5.490196078431373,72.54901960784314
E00087555,196,47,20,27,149,20,129,23.97959183673469,10.204081632653061,13.77551020408163,76.0204081632653,10.204081632653061,65.81632653061224
E00087556,245,78,31,47,167,16,151,31.83673469387755,12.653061224489795,19.183673469387756,68.16326530612244,6.530612244897959,61.63265306122449
E00087557,325,108,52,56,217,26,191,33.23076923076923,16,17.23076923076923,66.76923076923077,8,58.769230769230774
E00087558,253,58,23,35,195,19,176,22.92490118577075,9.090909090909092,13.83399209486166,77.07509881422925,7.5098814229249005,69.56521739130434
E00087559,199,39,16,23,160,11,149,19.597989949748744,8.040201005025125,11.557788944723619,80.40201005025126,5.527638190954774,74.87437185929649
E00087560,267,74,31,43,193,25,168,27.715355805243448,11.610486891385769,16.10486891385768,72.28464419475655,9.363295880149813,62.92134831460674
E00087561,295,58,17,41,237,32,205,19.661016949152543,5.762711864406779,13.898305084745763,80.33898305084746,10.847457627118644,69.49152542372882
E00087562,252,84,34,50,168,18,150,33.33333333333333,13.492063492063492,19.841269841269842,66.66666666666666,7.142857142857142,59.523809523809526
E00087563,253,61,22,39,192,25,167,24.110671936758894,8.695652173913043,15.41501976284585,75.8893280632411,9.881422924901186,66.00790513833992
E00087564,365,111,54,57,254,20,234,30.41095890410959,14.794520547945206,15.616438356164384,69.58904109589041,5.47945205479452,64.10958904109589
E00087565,288,64,29,35,224,25,199,22.22222222222222,10.069444444444445,12.152777777777777,77.77777777777779,8.680555555555555,69.09722222222221
E00087566,261,45,25,20,216,30,186,17.24137931034483,9.578544061302683,7.662835249042145,82.75862068965517,11.494252873563218,71.26436781609196
E00087567,358,86,33,53,272,29,243,24.022346368715084,9.217877094972067,14.804469273743019,75.97765363128491,8.100558659217876,67.87709497206704
E00087568,354,102,48,54,252,25,227,28.8135593220339,13.559322033898304,15.254237288135593,71.1864406779661,7.062146892655368,64.12429378531074
E00087569,319,74,30,44,245,16,229,23.197492163009404,9.404388714733543,13.793103448275861,76.8025078369906,5.015673981191222,71.78683385579937
E00087570,277,67,28,39,210,22,188,24.187725631768952,10.108303249097473,14.079422382671481,75.81227436823104,7.9422382671480145,67.87003610108303
E00087571,325,57,28,29,268,28,240,17.53846153846154,8.615384615384615,8.923076923076923,82.46153846153847,8.615384615384615,73.84615384615385
E00087572,226,72,34,38,154,20,134,31.858407079646017,15.04424778761062,16.8141592920354,68.14159292035397,8.849557522123893,59.29203539823009
E00087573,329,73,27,46,256,17,239,22.188449848024316,8.206686930091186,13.98176291793313,77.81155015197568,5.167173252279635,72.64437689969606
E00087574,343,69,34,35,274,30,244,20.11661807580175,9.912536443148689,10.204081632653061,79.88338192419825,8.746355685131196,71.13702623906705
E00087575,327,71,34,37,256,19,237,21.712538226299692,10.397553516819572,11.314984709480122,78.2874617737003,5.81039755351682,72.47706422018348
E00087576,486,125,63,62,361,44,317,25.720164609053498,12.962962962962962,12.757201646090536,74.2798353909465,9.053497942386832,65.22633744855966
E00087577,274,78,43,35,196,16,180,28.467153284671532,15.693430656934307,12.773722627737227,71.53284671532847,5.839416058394161,65.69343065693431
E00087578,303,78,28,50,225,19,206,25.742574257425744,9.24092409240924,16.5016501650165,74.25742574257426,6.270627062706271,67.98679867986799
E00087579,396,84,33,51,312,31,281,21.21212121212121,8.333333333333332,12.878787878787879,78.78787878787878,7.828282828282829,70.95959595959596
E00087580,372,77,24,53,295,28,267,20.698924731182796,6.451612903225806,14.24731182795699,79.3010752688172,7.526881720430108,71.7741935483871
E00087581,419,77,35,42,342,47,295,18.377088305489263,8.353221957040573,10.023866348448687,81.62291169451073,11.217183770883054,70.40572792362768
E00087582,244,58,20,38,186,25,161,23.770491803278688,8.19672131147541,15.573770491803279,76.22950819672131,10.245901639344263,65.98360655737704
E00087583,287,48,19,29,239,24,215,16.72473867595819,6.620209059233449,10.104529616724738,83.27526132404182,8.362369337979095,74.91289198606272
E00087584,264,71,30,41,193,13,180,26.89393939393939,11.363636363636363,15.530303030303031,73.10606060606061,4.924242424242424,68.18181818181817
E00087585,402,78,36,42,324,21,303,19.402985074626866,8.955223880597014,10.44776119402985,80.59701492537313,5.223880597014925,75.3731343283582
E00087586,314,116,53,63,198,18,180,36.94267515923567,16.878980891719745,20.063694267515924,63.05732484076433,5.7324840764331215,57.324840764331206
E00087587,251,80,31,49,171,17,154,31.872509960159363,12.350597609561753,19.52191235059761,68.12749003984064,6.772908366533864,61.354581673306775
E00087588,329,66,34,32,263,34,229,20.060790273556233,10.33434650455927,9.72644376899696,79.93920972644378,10.33434650455927,69.6048632218845
E00087589,509,93,37,56,416,35,381,18.271119842829076,7.269155206286837,11.00196463654224,81.72888015717092,6.8762278978389,74.85265225933202
E00087590,346,86,35,51,260,27,233,24.85549132947977,10.115606936416185,14.739884393063585,75.14450867052022,7.803468208092486,67.34104046242774
E00087591,354,47,17,30,307,37,270,13.27683615819209,4.80225988700565,8.47457627118644,86.7231638418079,10.451977401129943,76.27118644067797
E00087592,297,81,41,40,216,9,207,27.27272727272727,13.804713804713806,13.468013468013467,72.72727272727273,3.0303030303030303,69.6969696969697
E00087593,237,57,26,31,180,15,165,24.050632911392405,10.970464135021098,13.080168776371309,75.9493670886076,6.329113924050633,69.62025316455697
E00087594,302,48,16,32,254,27,227,15.894039735099339,5.298013245033113,10.596026490066226,84.10596026490066,8.940397350993377,75.16556291390728
E00087595,288,94,46,48,194,30,164,32.63888888888889,15.972222222222221,16.666666666666664,67.36111111111111,10.416666666666668,56.94444444444444
E00087596,385,81,40,41,304,22,282,21.038961038961038,10.38961038961039,10.649350649350648,78.96103896103897,5.714285714285714,73.24675324675324
E00087597,359,75,25,50,284,27,257,20.891364902506965,6.963788300835655,13.92757660167131,79.10863509749304,7.520891364902507,71.58774373259052
E00087599,269,74,37,37,195,27,168,27.509293680297397,13.754646840148698,13.754646840148698,72.4907063197026,10.037174721189592,62.45353159851301
E00087600,351,93,44,49,258,21,237,26.495726495726498,12.535612535612536,13.96011396011396,73.50427350427351,5.982905982905983,67.52136752136752
E00087601,281,70,30,40,211,27,184,24.91103202846975,10.676156583629894,14.23487544483986,75.08896797153025,9.608540925266903,65.48042704626334
E00087602,342,121,54,67,221,17,204,35.38011695906433,15.789473684210526,19.5906432748538,64.61988304093568,4.970760233918129,59.64912280701754
E00087603,301,95,41,54,206,21,185,31.561461794019934,13.621262458471762,17.940199335548172,68.43853820598007,6.976744186046512,61.461794019933556
E00087604,258,60,20,40,198,19,179,23.25581395348837,7.751937984496124,15.503875968992247,76.74418604651163,7.3643410852713185,69.37984496124031
E00087605,221,65,29,36,156,22,134,29.411764705882355,13.122171945701359,16.289592760180994,70.58823529411765,9.95475113122172,60.633484162895925
E00087606,335,53,23,30,282,22,260,15.82089552238806,6.865671641791045,8.955223880597014,84.17910447761194,6.567164179104477,77.61194029850746
E00087607,389,85,36,49,304,21,283,21.85089974293059,9.254498714652955,12.596401028277635,78.1491002570694,5.3984575835475574,72.75064267352185
E00087608,305,92,48,44,213,15,198,30.16393442622951,15.737704918032788,14.426229508196723,69.83606557377048,4.918032786885246,64.91803278688525
E00087609,219,51,24,27,168,21,147,23.28767123287671,10.95890410958904,12.32876712328767,76.71232876712328,9.58904109589041,67.12328767123287
E00087610,286,70,30,40,216,22,194,24.475524475524477,10.48951048951049,13.986013986013987,75.52447552447552,7.6923076923076925,67.83216783216784
E00087611,339,75,32,43,264,17,247,22.123893805309734,9.43952802359882,12.684365781710916,77.87610619469027,5.014749262536873,72.86135693215338
E00087612,382,134,88,46,248,31,217,35.07853403141361,23.036649214659686,12.041884816753926,64.92146596858639,8.115183246073299,56.80628272251309
E00087613,427,98,44,54,329,36,293,22.950819672131146,10.304449648711945,12.646370023419204,77.04918032786885,8.430913348946136,68.61826697892272
E00087614,267,60,26,34,207,21,186,22.47191011235955,9.737827715355806,12.734082397003746,77.52808988764045,7.865168539325842,69.66292134831461
E00087615,339,99,51,48,240,14,226,29.20353982300885,15.04424778761062,14.15929203539823,70.79646017699115,4.129793510324483,66.66666666666666
E00087616,232,67,27,40,165,17,148,28.879310344827587,11.637931034482758,17.24137931034483,71.12068965517241,7.327586206896551,63.793103448275865
E00087617,357,84,33,51,273,36,237,23.52941176470588,9.243697478991598,14.285714285714285,76.47058823529412,10.084033613445378,66.38655462184873
E00087618,264,62,28,34,202,23,179,23.484848484848484,10.606060606060606,12.878787878787879,76.51515151515152,8.712121212121213,67.8030303030303
E00087619,355,75,36,39,280,25,255,21.12676056338028,10.140845070422536,10.985915492957748,78.87323943661971,7.042253521126761,71.83098591549296
E00087620,318,59,24,35,259,12,247,18.553459119496853,7.547169811320755,11.0062893081761,81.44654088050315,3.7735849056603774,77.67295597484278
E00087621,522,178,97,81,344,25,319,34.099616858237546,18.582375478927204,15.517241379310345,65.90038314176245,4.789272030651341,61.111111111111114
E00087622,376,110,39,71,266,33,233,29.25531914893617,10.372340425531915,18.882978723404257,70.74468085106383,8.77659574468085,61.96808510638297
E00087623,344,68,33,35,276,24,252,19.767441860465116,9.593023255813954,10.174418604651162,80.23255813953489,6.976744186046512,73.25581395348837
E00087624,394,104,39,65,290,30,260,26.39593908629442,9.898477157360407,16.49746192893401,73.60406091370558,7.614213197969544,65.98984771573603
E00087625,297,73,26,47,224,23,201,24.579124579124578,8.754208754208754,15.824915824915825,75.42087542087542,7.744107744107744,67.67676767676768
E00087626,299,79,33,46,220,21,199,26.421404682274247,11.036789297658862,15.384615384615385,73.57859531772574,7.023411371237458,66.5551839464883
E00087627,414,112,56,56,302,37,265,27.053140096618357,13.526570048309178,13.526570048309178,72.94685990338165,8.937198067632849,64.00966183574879
E00087628,229,38,10,28,191,23,168,16.593886462882097,4.366812227074235,12.22707423580786,83.4061135371179,10.043668122270741,73.36244541484717
E00087629,158,41,16,25,117,10,107,25.949367088607595,10.126582278481013,15.822784810126583,74.0506329113924,6.329113924050633,67.72151898734177
E00087630,225,62,20,42,163,13,150,27.555555555555557,8.88888888888889,18.666666666666668,72.44444444444444,5.777777777777778,66.66666666666666
E00087631,167,34,13,21,133,19,114,20.359281437125748,7.784431137724551,12.574850299401197,79.64071856287424,11.377245508982035,68.26347305389223
E00087632,252,58,20,38,194,27,167,23.015873015873016,7.936507936507936,15.079365079365079,76.98412698412699,10.714285714285714,66.26984126984127
E00087633,235,47,11,36,188,27,161,20,4.680851063829787,15.319148936170212,80,11.48936170212766,68.51063829787233
E00087634,330,70,19,51,260,26,234,21.21212121212121,5.757575757575758,15.454545454545453,78.78787878787878,7.878787878787878,70.9090909090909
E00087635,229,42,17,25,187,20,167,18.340611353711793,7.423580786026202,10.91703056768559,81.6593886462882,8.73362445414847,72.92576419213974
E00087636,470,100,42,58,370,43,327,21.27659574468085,8.936170212765958,12.340425531914894,78.72340425531915,9.148936170212766,69.57446808510637
E00087637,114,25,13,12,89,17,72,21.929824561403507,11.403508771929824,10.526315789473683,78.0701754385965,14.912280701754385,63.1578947368421
E00087638,117,21,5,16,96,13,83,17.94871794871795,4.273504273504273,13.675213675213676,82.05128205128204,11.11111111111111,70.94017094017094
E00087639,365,75,31,44,290,34,256,20.54794520547945,8.493150684931507,12.054794520547945,79.45205479452055,9.315068493150685,70.13698630136986
E00087640,311,58,27,31,253,21,232,18.64951768488746,8.681672025723474,9.967845659163988,81.35048231511254,6.752411575562702,74.59807073954984
E00087641,371,86,47,39,285,28,257,23.180592991913745,12.668463611859837,10.512129380053908,76.81940700808624,7.547169811320755,69.2722371967655
E00087642,290,49,11,38,241,28,213,16.896551724137932,3.793103448275862,13.10344827586207,83.10344827586206,9.655172413793103,73.44827586206897
E00087643,289,76,27,49,213,23,190,26.297577854671278,9.342560553633218,16.955017301038062,73.70242214532871,7.958477508650519,65.7439446366782
E00087644,242,48,27,21,194,26,168,19.834710743801654,11.15702479338843,8.677685950413224,80.16528925619835,10.743801652892563,69.42148760330579
E00087645,228,57,35,22,171,16,155,25,15.350877192982457,9.649122807017543,75,7.017543859649122,67.98245614035088
E00087646,253,50,23,27,203,21,182,19.76284584980237,9.090909090909092,10.67193675889328,80.23715415019763,8.300395256916996,71.93675889328063
E00087647,294,89,45,44,205,22,183,30.272108843537417,15.306122448979592,14.965986394557824,69.72789115646259,7.482993197278912,62.244897959183675
E00087648,452,96,41,55,356,34,322,21.238938053097346,9.070796460176991,12.168141592920353,78.76106194690266,7.52212389380531,71.23893805309734
E00087649,288,36,17,19,252,29,223,12.5,5.902777777777778,6.597222222222222,87.5,10.069444444444445,77.43055555555556
E00087650,314,94,38,56,220,38,182,29.936305732484076,12.101910828025478,17.8343949044586,70.06369426751591,12.101910828025478,57.961783439490446
E00087651,343,61,16,45,282,30,252,17.784256559766764,4.664723032069971,13.119533527696792,82.21574344023324,8.746355685131196,73.46938775510205
E00087652,221,61,19,42,160,14,146,27.601809954751133,8.597285067873303,19.004524886877828,72.39819004524887,6.334841628959276,66.06334841628959
E00087653,361,90,38,52,271,27,244,24.930747922437675,10.526315789473683,14.40443213296399,75.06925207756233,7.479224376731302,67.59002770083103
E00087654,250,58,26,32,192,25,167,23.200000000000003,10.4,12.8,76.8,10,66.8
E00087655,317,68,23,45,249,21,228,21.451104100946374,7.255520504731862,14.195583596214512,78.54889589905363,6.624605678233439,71.92429022082018
E00087656,259,63,33,30,196,14,182,24.324324324324326,12.741312741312742,11.583011583011583,75.67567567567568,5.405405405405405,70.27027027027027
E00087657,270,80,43,37,190,28,162,29.629629629629626,15.925925925925927,13.703703703703704,70.37037037037037,10.37037037037037,60
E00087658,308,93,44,49,215,19,196,30.1948051948052,14.285714285714285,15.909090909090908,69.8051948051948,6.1688311688311686,63.63636363636363
E00087659,253,88,43,45,165,17,148,34.78260869565217,16.99604743083004,17.786561264822133,65.21739130434783,6.719367588932807,58.498023715415016
E00087660,292,77,33,44,215,24,191,26.36986301369863,11.301369863013697,15.068493150684931,73.63013698630137,8.21917808219178,65.41095890410958
E00087661,330,82,28,54,248,20,228,24.848484848484848,8.484848484848486,16.363636363636363,75.15151515151514,6.0606060606060606,69.0909090909091
E00087662,288,66,27,39,222,18,204,22.916666666666664,9.375,13.541666666666666,77.08333333333334,6.25,70.83333333333334
E00087663,235,64,20,44,171,23,148,27.23404255319149,8.51063829787234,18.72340425531915,72.76595744680851,9.787234042553191,62.97872340425532
E00087664,249,56,25,31,193,29,164,22.48995983935743,10.040160642570282,12.449799196787147,77.51004016064257,11.646586345381527,65.86345381526104
E00087665,289,95,44,51,194,20,174,32.8719723183391,15.22491349480969,17.647058823529413,67.1280276816609,6.920415224913495,60.207612456747405
E00087666,242,66,28,38,176,22,154,27.27272727272727,11.570247933884298,15.702479338842975,72.72727272727273,9.090909090909092,63.63636363636363
E00087667,316,59,25,34,257,34,223,18.670886075949365,7.9113924050632916,10.759493670886076,81.32911392405063,10.759493670886076,70.56962025316456
E00087668,224,53,20,33,171,16,155,23.660714285714285,8.928571428571429,14.732142857142858,76.33928571428571,7.142857142857142,69.19642857142857
E00087669,358,71,23,48,287,33,254,19.832402234636874,6.424581005586592,13.40782122905028,80.16759776536313,9.217877094972067,70.94972067039106
E00087670,261,78,40,38,183,19,164,29.88505747126437,15.32567049808429,14.559386973180077,70.11494252873564,7.2796934865900385,62.83524904214559
E00087671,328,85,57,28,243,22,221,25.914634146341463,17.378048780487802,8.536585365853659,74.08536585365853,6.707317073170732,67.3780487804878
E00087672,237,50,12,38,187,23,164,21.09704641350211,5.063291139240507,16.033755274261605,78.90295358649789,9.70464135021097,69.19831223628692
E00087673,213,51,25,26,162,12,150,23.943661971830984,11.737089201877934,12.206572769953052,76.05633802816901,5.633802816901409,70.4225352112676
E00087674,343,77,36,41,266,33,233,22.448979591836736,10.495626822157435,11.9533527696793,77.55102040816327,9.620991253644315,67.93002915451895
E00087675,280,55,22,33,225,15,210,19.642857142857142,7.857142857142857,11.785714285714285,80.35714285714286,5.357142857142857,75
E00087676,375,83,38,45,292,24,268,22.133333333333333,10.133333333333333,12,77.86666666666666,6.4,71.46666666666667
E00087677,322,78,29,49,244,22,222,24.22360248447205,9.006211180124224,15.217391304347828,75.77639751552795,6.832298136645963,68.94409937888199
E00087678,355,69,26,43,286,20,266,19.43661971830986,7.323943661971831,12.112676056338028,80.56338028169014,5.633802816901409,74.92957746478874
E00087679,300,79,25,54,221,25,196,26.333333333333332,8.333333333333332,18,73.66666666666667,8.333333333333332,65.33333333333333
E00087680,288,62,25,37,226,23,203,21.52777777777778,8.680555555555555,12.847222222222221,78.47222222222221,7.986111111111111,70.48611111111111
E00087681,278,79,33,46,199,20,179,28.41726618705036,11.870503597122301,16.546762589928058,71.58273381294964,7.1942446043165464,64.38848920863309
E00087682,262,67,25,42,195,25,170,25.572519083969464,9.541984732824428,16.030534351145036,74.42748091603053,9.541984732824428,64.8854961832061
E00087683,252,72,31,41,180,20,160,28.57142857142857,12.3015873015873,16.26984126984127,71.42857142857143,7.936507936507936,63.49206349206349
E00087684,313,78,36,42,235,24,211,24.920127795527154,11.501597444089457,13.418530351437699,75.07987220447284,7.667731629392971,67.41214057507987
E00087685,329,100,66,34,229,25,204,30.3951367781155,20.060790273556233,10.33434650455927,69.6048632218845,7.598784194528875,62.00607902735562
E00087686,356,133,78,55,223,28,195,37.359550561797754,21.910112359550563,15.44943820224719,62.64044943820225,7.865168539325842,54.7752808988764
E00087687,224,53,19,34,171,18,153,23.660714285714285,8.482142857142858,15.178571428571427,76.33928571428571,8.035714285714286,68.30357142857143
E00087688,204,37,18,19,167,15,152,18.137254901960784,8.823529411764707,9.313725490196079,81.86274509803921,7.352941176470589,74.50980392156863
E00087689,266,71,38,33,195,20,175,26.691729323308273,14.285714285714285,12.406015037593985,73.30827067669173,7.518796992481203,65.78947368421053
E00087690,216,78,34,44,138,20,118,36.11111111111111,15.74074074074074,20.37037037037037,63.888888888888886,9.25925925925926,54.629629629629626
E00087691,241,56,22,34,185,20,165,23.236514522821576,9.12863070539419,14.107883817427386,76.76348547717843,8.29875518672199,68.46473029045643
E00087692,205,55,30,25,150,18,132,26.82926829268293,14.634146341463413,12.195121951219512,73.17073170731707,8.780487804878048,64.39024390243902
E00087693,243,63,20,43,180,22,158,25.925925925925924,8.23045267489712,17.695473251028808,74.07407407407408,9.053497942386832,65.02057613168725
E00087694,220,73,26,47,147,19,128,33.18181818181819,11.818181818181818,21.363636363636363,66.81818181818183,8.636363636363637,58.18181818181818
E00087695,196,56,21,35,140,14,126,28.57142857142857,10.714285714285714,17.857142857142858,71.42857142857143,7.142857142857142,64.28571428571429
E00087696,262,100,51,49,162,12,150,38.16793893129771,19.46564885496183,18.702290076335878,61.832061068702295,4.580152671755725,57.25190839694656
E00087697,257,61,22,39,196,17,179,23.73540856031128,8.560311284046692,15.17509727626459,76.26459143968872,6.614785992217899,69.64980544747081
E00087698,234,61,27,34,173,18,155,26.06837606837607,11.538461538461538,14.529914529914532,73.93162393162393,7.6923076923076925,66.23931623931624
E00087699,190,45,20,25,145,17,128,23.684210526315788,10.526315789473683,13.157894736842104,76.31578947368422,8.947368421052632,67.36842105263158
E00087700,267,62,27,35,205,21,184,23.220973782771537,10.112359550561797,13.108614232209737,76.77902621722846,7.865168539325842,68.91385767790263
E00087701,296,68,29,39,228,26,202,22.972972972972975,9.797297297297296,13.175675675675674,77.02702702702703,8.783783783783784,68.24324324324324
E00087702,294,70,33,37,224,16,208,23.809523809523807,11.224489795918368,12.585034013605442,76.19047619047619,5.442176870748299,70.74829931972789
E00087703,267,77,36,41,190,24,166,28.83895131086142,13.48314606741573,15.355805243445692,71.16104868913857,8.98876404494382,62.172284644194754
E00087704,237,50,20,30,187,24,163,21.09704641350211,8.438818565400844,12.658227848101266,78.90295358649789,10.126582278481013,68.77637130801688
E00087705,215,65,34,31,150,14,136,30.23255813953488,15.813953488372093,14.418604651162791,69.76744186046511,6.511627906976744,63.25581395348837
E00087706,194,57,29,28,137,13,124,29.381443298969074,14.948453608247423,14.432989690721648,70.61855670103093,6.701030927835052,63.91752577319587
E00087707,243,45,15,30,198,33,165,18.51851851851852,6.172839506172839,12.345679012345679,81.48148148148148,13.580246913580247,67.90123456790124
E00087708,223,50,13,37,173,20,153,22.421524663677133,5.829596412556054,16.591928251121075,77.57847533632287,8.968609865470851,68.60986547085201
E00087709,232,63,25,38,169,21,148,27.155172413793103,10.775862068965516,16.379310344827587,72.84482758620689,9.051724137931034,63.793103448275865
E00087710,361,107,44,63,254,21,233,29.6398891966759,12.18836565096953,17.451523545706372,70.3601108033241,5.8171745152354575,64.54293628808865
E00087711,244,74,41,33,170,11,159,30.327868852459016,16.80327868852459,13.524590163934427,69.67213114754098,4.508196721311475,65.1639344262295
E00087712,297,50,18,32,247,24,223,16.835016835016837,6.0606060606060606,10.774410774410773,83.16498316498317,8.080808080808081,75.08417508417509
E00087713,291,84,49,35,207,26,181,28.865979381443296,16.83848797250859,12.027491408934708,71.1340206185567,8.934707903780069,62.19931271477663
E00087714,276,62,27,35,214,23,191,22.463768115942027,9.782608695652174,12.681159420289855,77.53623188405797,8.333333333333332,69.20289855072464
E00087715,239,68,24,44,171,26,145,28.451882845188287,10.0418410041841,18.410041841004183,71.54811715481172,10.87866108786611,60.66945606694561
E00087716,237,61,12,49,176,21,155,25.738396624472575,5.063291139240507,20.675105485232066,74.26160337552743,8.860759493670885,65.40084388185655
E00087717,284,56,21,35,228,17,211,19.718309859154928,7.394366197183098,12.323943661971832,80.28169014084507,5.985915492957746,74.29577464788733
E00087718,285,56,19,37,229,24,205,19.649122807017545,6.666666666666667,12.982456140350877,80.35087719298247,8.421052631578947,71.9298245614035
E00087719,260,55,18,37,205,28,177,21.153846153846153,6.923076923076923,14.23076923076923,78.84615384615384,10.76923076923077,68.07692307692308
E00087720,244,69,33,36,175,15,160,28.278688524590162,13.524590163934427,14.754098360655737,71.72131147540983,6.147540983606557,65.57377049180327
E00087721,245,48,18,30,197,22,175,19.591836734693878,7.346938775510205,12.244897959183673,80.40816326530611,8.979591836734693,71.42857142857143
E00087722,253,64,18,46,189,20,169,25.296442687747035,7.114624505928854,18.181818181818183,74.70355731225297,7.905138339920949,66.79841897233202
E00087723,235,43,15,28,192,20,172,18.29787234042553,6.382978723404255,11.914893617021278,81.70212765957446,8.51063829787234,73.19148936170212
E00087724,253,72,36,36,181,21,160,28.458498023715418,14.229249011857709,14.229249011857709,71.54150197628458,8.300395256916996,63.24110671936759
E00087725,452,68,26,42,384,48,336,15.04424778761062,5.752212389380531,9.29203539823009,84.95575221238938,10.619469026548673,74.33628318584071
E00087726,224,61,25,36,163,13,150,27.232142857142854,11.160714285714286,16.071428571428573,72.76785714285714,5.803571428571429,66.96428571428571
E00087727,307,58,22,36,249,19,230,18.892508143322477,7.166123778501629,11.726384364820847,81.10749185667753,6.188925081433225,74.9185667752443
E00087728,248,58,27,31,190,23,167,23.387096774193548,10.887096774193548,12.5,76.61290322580645,9.274193548387096,67.33870967741935
E00087729,289,77,35,42,212,17,195,26.643598615916954,12.110726643598616,14.53287197231834,73.35640138408304,5.88235294117647,67.47404844290658
E00087730,271,66,25,41,205,22,183,24.354243542435423,9.22509225092251,15.129151291512915,75.64575645756457,8.118081180811808,67.52767527675276
E00087731,309,75,29,46,234,29,205,24.271844660194176,9.385113268608414,14.886731391585762,75.72815533980582,9.385113268608414,66.34304207119742
E00087732,276,65,23,42,211,25,186,23.55072463768116,8.333333333333332,15.217391304347828,76.44927536231883,9.057971014492754,67.3913043478261
E00087733,283,61,26,35,222,23,199,21.554770318021202,9.187279151943462,12.36749116607774,78.4452296819788,8.12720848056537,70.31802120141343
E00087734,281,76,33,43,205,19,186,27.046263345195733,11.743772241992882,15.302491103202847,72.95373665480427,6.761565836298933,66.19217081850533
E00172701,269,66,27,39,203,14,189,24.53531598513011,10.037174721189592,14.49814126394052,75.46468401486989,5.204460966542751,70.26022304832715
E00172702,295,63,25,38,232,18,214,21.35593220338983,8.47457627118644,12.88135593220339,78.64406779661017,6.101694915254238,72.54237288135593
E00172707,222,39,12,27,183,15,168,17.56756756756757,5.405405405405405,12.162162162162163,82.43243243243244,6.756756756756757,75.67567567567568
E00172708,244,25,13,12,219,17,202,10.245901639344263,5.327868852459016,4.918032786885246,89.75409836065575,6.967213114754098,82.78688524590164
E00172710,303,65,22,43,238,27,211,21.45214521452145,7.2607260726072615,14.19141914191419,78.54785478547855,8.91089108910891,69.63696369636963
E00172711,341,59,24,35,282,33,249,17.302052785923756,7.038123167155426,10.263929618768328,82.69794721407625,9.67741935483871,73.02052785923753
E00172713,934,373,126,247,561,111,450,39.935760171306214,13.49036402569593,26.445396145610278,60.064239828693786,11.884368308351178,48.17987152034261
E00172715,309,57,17,40,252,22,230,18.446601941747574,5.501618122977346,12.944983818770226,81.55339805825243,7.119741100323624,74.4336569579288
E00172716,367,45,16,29,322,17,305,12.26158038147139,4.35967302452316,7.901907356948229,87.73841961852861,4.632152588555858,83.10626702997274
E00172718,324,62,18,44,262,29,233,19.1358024691358,5.555555555555555,13.580246913580247,80.8641975308642,8.950617283950617,71.91358024691358
E00172722,116,20,11,9,96,12,84,17.24137931034483,9.482758620689655,7.758620689655173,82.75862068965517,10.344827586206897,72.41379310344827
E00172725,153,18,4,14,135,14,121,11.76470588235294,2.6143790849673203,9.15032679738562,88.23529411764706,9.15032679738562,79.08496732026144
E00180402,579,113,35,78,466,37,429,19.516407599309154,6.0449050086355784,13.471502590673575,80.48359240069085,6.390328151986183,74.09326424870466
E00180407,257,65,31,34,192,18,174,25.291828793774318,12.062256809338521,13.229571984435799,74.70817120622569,7.003891050583658,67.70428015564202
E00180410,185,44,24,20,141,18,123,23.783783783783786,12.972972972972974,10.81081081081081,76.21621621621621,9.72972972972973,66.48648648648648
E00180411,399,44,10,34,355,35,320,11.027568922305765,2.506265664160401,8.521303258145362,88.97243107769424,8.771929824561402,80.20050125313283
E00180412,500,138,63,75,362,34,328,27.6,12.6,15,72.39999999999999,6.800000000000001,65.60000000000001
E00180416,238,68,31,37,170,13,157,28.57142857142857,13.025210084033615,15.546218487394958,71.42857142857143,5.46218487394958,65.96638655462185
E00180417,272,44,14,30,228,22,206,16.176470588235293,5.147058823529411,11.029411764705882,83.82352941176471,8.088235294117647,75.73529411764706
E00180424,300,65,21,44,235,23,212,21.666666666666668,7.000000000000001,14.666666666666666,78.33333333333333,7.666666666666666,70.66666666666667
E00180425,384,80,29,51,304,35,269,20.833333333333336,7.552083333333333,13.28125,79.16666666666666,9.114583333333332,70.05208333333334
E00180427,136,46,23,23,90,8,82,33.82352941176471,16.911764705882355,16.911764705882355,66.17647058823529,5.88235294117647,60.29411764705882
E00180431,266,44,14,30,222,18,204,16.541353383458645,5.263157894736842,11.278195488721805,83.45864661654136,6.7669172932330826,76.69172932330827
E00180436,324,67,34,33,257,27,230,20.679012345679013,10.493827160493826,10.185185185185185,79.32098765432099,8.333333333333332,70.98765432098766
E00180438,271,77,37,40,194,20,174,28.413284132841326,13.653136531365314,14.760147601476014,71.58671586715867,7.380073800738007,64.20664206642066
E00180439,159,41,24,17,118,8,110,25.78616352201258,15.09433962264151,10.69182389937107,74.21383647798741,5.031446540880504,69.18238993710692
E00180440,321,59,18,41,262,24,238,18.38006230529595,5.607476635514018,12.77258566978193,81.61993769470405,7.476635514018691,74.14330218068535
E00180443,208,52,28,24,156,14,142,25,13.461538461538462,11.538461538461538,75,6.730769230769231,68.26923076923077
E00180446,239,38,8,30,201,19,182,15.899581589958158,3.3472803347280333,12.552301255230125,84.10041841004184,7.949790794979079,76.15062761506276
E00180450,479,101,38,63,378,33,345,21.08559498956159,7.933194154488518,13.152400835073069,78.91440501043841,6.8893528183716075,72.02505219206681
E00180452,149,21,8,13,128,10,118,14.093959731543624,5.369127516778524,8.724832214765101,85.90604026845638,6.7114093959731544,79.19463087248322
E00180457,353,86,39,47,267,16,251,24.362606232294617,11.048158640226628,13.314447592067987,75.63739376770539,4.53257790368272,71.10481586402267
