OA,ts0590001,ts0590002,ts0590003,ts0590004,ts0590005,ts0590006,ts0590007,ts0590002_PCT,ts0590003_PCT,ts0590004_PCT,ts0590005_PCT,ts0590006_PCT,ts0590007_PCT
E00087279,169,58,24,34,111,93,18,34.319526627218934,14.201183431952662,20.118343195266274,65.68047337278107,55.02958579881657,10.650887573964498
E00087280,172,71,25,46,101,79,22,41.27906976744186,14.534883720930234,26.744186046511626,58.720930232558146,45.93023255813954,12.790697674418606
E00087281,109,43,16,27,66,49,17,39.44954128440367,14.678899082568808,24.770642201834864,60.550458715596335,44.95412844036697,15.59633027522936
E00087282,147,58,18,40,89,83,6,39.455782312925166,12.244897959183673,27.2108843537415,60.544217687074834,56.4625850340136,4.081632653061225
E00087283,107,39,11,28,68,58,10,36.44859813084112,10.2803738317757,26.168224299065418,63.55140186915887,54.20560747663551,9.345794392523365
E00087284,124,48,17,31,76,63,13,38.70967741935484,13.709677419354838,25,61.29032258064516,50.806451612903224,10.483870967741936
E00087285,114,35,9,26,79,70,9,30.701754385964914,7.894736842105263,22.807017543859647,69.2982456140351,61.40350877192983,7.894736842105263
E00087286,162,53,16,37,109,94,15,32.71604938271605,9.876543209876543,22.839506172839506,67.28395061728395,58.0246913580247,9.25925925925926
E00087287,111,29,10,19,82,76,6,26.126126126126124,9.00900900900901,17.117117117117118,73.87387387387388,68.46846846846847,5.405405405405405
E00087288,155,66,21,45,89,78,11,42.58064516129032,13.548387096774196,29.03225806451613,57.41935483870968,50.32258064516129,7.096774193548387
E00087289,60,32,11,21,28,22,6,53.333333333333336,18.333333333333332,35,46.666666666666664,36.666666666666664,10
E00087290,96,34,13,21,62,48,14,35.41666666666667,13.541666666666666,21.875,64.58333333333334,50,14.583333333333334
E00087291,71,35,16,19,36,30,6,49.29577464788733,22.535211267605636,26.76056338028169,50.70422535211267,42.25352112676056,8.450704225352112
E00087292,86,36,21,15,50,40,10,41.86046511627907,24.418604651162788,17.441860465116278,58.139534883720934,46.51162790697674,11.627906976744185
E00087293,100,39,15,24,61,46,15,39,15,24,61,46,15
E00087294,51,29,12,17,22,17,5,56.86274509803921,23.52941176470588,33.33333333333333,43.13725490196079,33.33333333333333,9.803921568627452
E00087295,57,29,16,13,28,23,5,50.877192982456144,28.07017543859649,22.807017543859647,49.122807017543856,40.35087719298245,8.771929824561402
E00087296,70,22,8,14,48,38,10,31.428571428571427,11.428571428571429,20,68.57142857142857,54.285714285714285,14.285714285714285
E00087297,60,22,7,15,38,31,7,36.666666666666664,11.666666666666666,25,63.33333333333333,51.66666666666667,11.666666666666666
E00087298,63,27,13,14,36,28,8,42.857142857142854,20.634920634920633,22.22222222222222,57.14285714285714,44.44444444444444,12.698412698412698
E00087299,44,21,11,10,23,16,7,47.72727272727273,25,22.727272727272727,52.27272727272727,36.36363636363637,15.909090909090908
E00087300,96,38,17,21,58,46,12,39.58333333333333,17.708333333333336,21.875,60.416666666666664,47.91666666666667,12.5
E00087301,105,38,8,30,67,59,8,36.19047619047619,7.6190476190476195,28.57142857142857,63.8095238095238,56.19047619047619,7.6190476190476195
E00087302,88,34,12,22,54,47,7,38.63636363636363,13.636363636363635,25,61.36363636363637,53.40909090909091,7.954545454545454
E00087303,130,52,21,31,78,57,21,40,16.153846153846153,23.846153846153847,60,43.84615384615385,16.153846153846153
E00087304,127,49,12,37,78,63,15,38.582677165354326,9.448818897637794,29.133858267716533,61.417322834645674,49.60629921259843,11.811023622047244
E00087305,106,48,20,28,58,44,14,45.28301886792453,18.867924528301888,26.41509433962264,54.71698113207547,41.509433962264154,13.20754716981132
E00087306,126,44,26,18,82,61,21,34.92063492063492,20.634920634920633,14.285714285714285,65.07936507936508,48.41269841269841,16.666666666666664
E00087307,141,50,23,27,91,72,19,35.46099290780142,16.312056737588655,19.148936170212767,64.53900709219859,51.06382978723404,13.47517730496454
E00087308,160,57,13,44,103,91,12,35.625,8.125,27.500000000000004,64.375,56.875,7.5
E00087309,127,53,9,44,74,63,11,41.732283464566926,7.086614173228346,34.645669291338585,58.26771653543307,49.60629921259843,8.661417322834646
E00087310,115,45,9,36,70,59,11,39.130434782608695,7.82608695652174,31.30434782608696,60.86956521739131,51.30434782608696,9.565217391304348
E00087311,113,39,21,18,74,59,15,34.51327433628318,18.58407079646018,15.929203539823009,65.48672566371681,52.21238938053098,13.274336283185843
E00087312,95,35,11,24,60,55,5,36.84210526315789,11.578947368421053,25.263157894736842,63.1578947368421,57.89473684210527,5.263157894736842
E00087313,91,35,16,19,56,44,12,38.46153846153847,17.582417582417584,20.87912087912088,61.53846153846154,48.35164835164835,13.186813186813188
E00087314,80,26,7,19,54,50,4,32.5,8.75,23.75,67.5,62.5,5
E00087315,123,44,19,25,79,65,14,35.77235772357724,15.447154471544716,20.32520325203252,64.22764227642277,52.84552845528455,11.38211382113821
E00087316,106,46,17,29,60,54,6,43.39622641509434,16.037735849056602,27.358490566037734,56.60377358490566,50.943396226415096,5.660377358490567
E00087317,125,53,18,35,72,62,10,42.4,14.399999999999999,28.000000000000004,57.599999999999994,49.6,8
E00087318,150,61,20,41,89,74,15,40.666666666666664,13.333333333333334,27.333333333333332,59.333333333333336,49.333333333333336,10
E00087319,114,51,21,30,63,46,17,44.73684210526316,18.421052631578945,26.31578947368421,55.26315789473685,40.35087719298245,14.912280701754385
E00087320,100,39,11,28,61,53,8,39,11,28.000000000000004,61,53,8
E00087321,96,49,18,31,47,44,3,51.041666666666664,18.75,32.29166666666667,48.95833333333333,45.83333333333333,3.125
E00087322,119,48,16,32,71,59,12,40.33613445378151,13.445378151260504,26.89075630252101,59.66386554621849,49.57983193277311,10.084033613445378
E00087323,125,59,23,36,66,49,17,47.199999999999996,18.4,28.799999999999997,52.800000000000004,39.2,13.600000000000001
E00087324,101,43,19,24,58,46,12,42.57425742574257,18.81188118811881,23.762376237623762,57.42574257425742,45.54455445544555,11.881188118811881
E00087325,82,34,13,21,48,47,1,41.46341463414634,15.853658536585366,25.609756097560975,58.536585365853654,57.3170731707317,1.2195121951219512
E00087326,67,34,11,23,33,28,5,50.74626865671642,16.417910447761194,34.32835820895522,49.25373134328358,41.7910447761194,7.462686567164178
E00087327,108,36,13,23,72,54,18,33.33333333333333,12.037037037037036,21.296296296296298,66.66666666666666,50,16.666666666666664
E00087328,124,51,20,31,73,57,16,41.12903225806452,16.129032258064516,25,58.87096774193549,45.96774193548387,12.903225806451612
E00087329,45,18,8,10,27,15,12,40,17.77777777777778,22.22222222222222,60,33.33333333333333,26.666666666666668
E00087330,95,42,11,31,53,43,10,44.21052631578947,11.578947368421053,32.631578947368425,55.78947368421052,45.26315789473684,10.526315789473683
E00087331,82,37,17,20,45,39,6,45.1219512195122,20.73170731707317,24.390243902439025,54.87804878048781,47.5609756097561,7.317073170731707
E00087332,91,47,14,33,44,31,13,51.64835164835166,15.384615384615385,36.26373626373626,48.35164835164835,34.065934065934066,14.285714285714285
E00087333,129,47,19,28,82,67,15,36.434108527131784,14.728682170542637,21.705426356589147,63.565891472868216,51.93798449612403,11.627906976744185
E00087334,133,54,16,38,79,60,19,40.6015037593985,12.030075187969924,28.57142857142857,59.3984962406015,45.11278195488722,14.285714285714285
E00087335,130,45,15,30,85,65,20,34.61538461538461,11.538461538461538,23.076923076923077,65.38461538461539,50,15.384615384615385
E00087336,177,60,13,47,117,102,15,33.89830508474576,7.344632768361582,26.55367231638418,66.10169491525424,57.6271186440678,8.47457627118644
E00087337,152,57,16,41,95,86,9,37.5,10.526315789473683,26.973684210526315,62.5,56.57894736842105,5.921052631578947
E00087338,128,50,12,38,78,71,7,39.0625,9.375,29.6875,60.9375,55.46875,5.46875
E00087339,138,50,14,36,88,76,12,36.231884057971016,10.144927536231885,26.08695652173913,63.76811594202898,55.072463768115945,8.695652173913043
E00087340,123,46,9,37,77,67,10,37.39837398373984,7.317073170731707,30.081300813008134,62.601626016260155,54.47154471544715,8.130081300813007
E00087343,134,47,14,33,87,86,1,35.07462686567165,10.44776119402985,24.62686567164179,64.92537313432835,64.17910447761194,0.7462686567164178
E00087344,124,46,14,32,78,49,29,37.096774193548384,11.29032258064516,25.806451612903224,62.903225806451616,39.516129032258064,23.387096774193548
E00087345,166,54,17,37,112,97,15,32.53012048192771,10.240963855421686,22.289156626506024,67.46987951807229,58.43373493975904,9.036144578313253
E00087346,157,68,14,54,89,78,11,43.31210191082803,8.9171974522293,34.394904458598724,56.68789808917197,49.681528662420384,7.006369426751593
E00087347,159,55,12,43,104,91,13,34.59119496855346,7.547169811320755,27.044025157232703,65.40880503144653,57.23270440251572,8.176100628930817
E00087348,135,62,21,41,73,71,2,45.925925925925924,15.555555555555555,30.37037037037037,54.074074074074076,52.59259259259259,1.4814814814814816
E00087349,170,72,31,41,98,88,10,42.35294117647059,18.235294117647058,24.11764705882353,57.647058823529406,51.76470588235295,5.88235294117647
E00087350,155,54,18,36,101,91,10,34.83870967741935,11.612903225806452,23.225806451612904,65.16129032258064,58.70967741935483,6.451612903225806
E00087351,173,50,15,35,123,109,14,28.901734104046245,8.670520231213873,20.23121387283237,71.09826589595376,63.005780346820806,8.092485549132949
E00087352,142,55,18,37,87,71,16,38.732394366197184,12.676056338028168,26.056338028169012,61.267605633802816,50,11.267605633802818
E00087353,136,44,19,25,92,78,14,32.35294117647059,13.970588235294118,18.38235294117647,67.64705882352942,57.35294117647059,10.294117647058822
E00087354,139,58,28,30,81,65,16,41.726618705035975,20.14388489208633,21.58273381294964,58.27338129496403,46.76258992805755,11.510791366906476
E00087355,203,60,23,37,143,125,18,29.55665024630542,11.330049261083744,18.226600985221676,70.44334975369459,61.57635467980296,8.866995073891626
E00087356,162,62,19,43,100,76,24,38.2716049382716,11.728395061728394,26.543209876543212,61.72839506172839,46.913580246913575,14.814814814814813
E00087357,115,43,15,28,72,56,16,37.391304347826086,13.043478260869565,24.347826086956523,62.60869565217392,48.69565217391305,13.91304347826087
E00087358,165,60,22,38,105,85,20,36.36363636363637,13.333333333333334,23.03030303030303,63.63636363636363,51.515151515151516,12.121212121212121
E00087359,118,41,19,22,77,55,22,34.74576271186441,16.101694915254235,18.64406779661017,65.2542372881356,46.61016949152542,18.64406779661017
E00087360,195,78,35,43,117,102,15,40,17.94871794871795,22.05128205128205,60,52.307692307692314,7.6923076923076925
E00087361,108,50,15,35,58,46,12,46.2962962962963,13.88888888888889,32.407407407407405,53.70370370370371,42.592592592592595,11.11111111111111
E00087362,105,38,11,27,67,52,15,36.19047619047619,10.476190476190476,25.71428571428571,63.8095238095238,49.523809523809526,14.285714285714285
E00087363,119,43,19,24,76,62,14,36.134453781512605,15.966386554621847,20.168067226890756,63.86554621848739,52.10084033613446,11.76470588235294
E00087364,155,53,20,33,102,86,16,34.193548387096776,12.903225806451612,21.29032258064516,65.80645161290323,55.483870967741936,10.32258064516129
E00087365,124,50,20,30,74,62,12,40.32258064516129,16.129032258064516,24.193548387096776,59.67741935483871,50,9.67741935483871
E00087366,105,43,16,27,62,50,12,40.95238095238095,15.238095238095239,25.71428571428571,59.04761904761905,47.61904761904761,11.428571428571429
E00087367,139,57,30,27,82,68,14,41.007194244604314,21.58273381294964,19.424460431654676,58.992805755395686,48.92086330935252,10.071942446043165
E00087368,109,56,26,30,53,44,9,51.37614678899083,23.853211009174313,27.522935779816514,48.62385321100918,40.36697247706422,8.256880733944955
E00087369,120,47,16,31,73,54,19,39.166666666666664,13.333333333333334,25.833333333333336,60.83333333333333,45,15.833333333333332
E00087370,102,35,18,17,67,47,20,34.31372549019608,17.647058823529413,16.666666666666664,65.68627450980392,46.07843137254902,19.607843137254903
E00087371,132,48,23,25,84,63,21,36.36363636363637,17.424242424242426,18.939393939393938,63.63636363636363,47.72727272727273,15.909090909090908
E00087372,61,25,8,17,36,29,7,40.98360655737705,13.114754098360656,27.86885245901639,59.01639344262295,47.540983606557376,11.475409836065573
E00087373,49,23,13,10,26,19,7,46.93877551020408,26.53061224489796,20.408163265306122,53.06122448979592,38.775510204081634,14.285714285714285
E00087374,73,20,6,14,53,42,11,27.397260273972602,8.21917808219178,19.17808219178082,72.6027397260274,57.534246575342465,15.068493150684931
E00087375,59,20,6,14,39,21,18,33.89830508474576,10.16949152542373,23.728813559322035,66.10169491525424,35.59322033898305,30.508474576271187
E00087376,98,29,7,22,69,63,6,29.591836734693878,7.142857142857142,22.448979591836736,70.40816326530613,64.28571428571429,6.122448979591836
E00087377,109,31,13,18,78,67,11,28.440366972477065,11.926605504587156,16.51376146788991,71.55963302752293,61.46788990825688,10.091743119266056
E00087378,140,38,14,24,102,83,19,27.142857142857142,10,17.142857142857142,72.85714285714285,59.285714285714285,13.571428571428571
E00087379,103,44,14,30,59,53,6,42.71844660194174,13.592233009708737,29.126213592233007,57.28155339805825,51.45631067961165,5.825242718446602
E00087380,105,30,11,19,75,60,15,28.57142857142857,10.476190476190476,18.095238095238095,71.42857142857143,57.14285714285714,14.285714285714285
E00087381,103,44,15,29,59,49,10,42.71844660194174,14.563106796116504,28.155339805825243,57.28155339805825,47.57281553398058,9.70873786407767
E00087382,169,57,17,40,112,94,18,33.72781065088758,10.059171597633137,23.668639053254438,66.27218934911244,55.62130177514793,10.650887573964498
E00087383,132,40,13,27,92,76,16,30.303030303030305,9.848484848484848,20.454545454545457,69.6969696969697,57.57575757575758,12.121212121212121
E00087384,93,31,12,19,62,53,9,33.33333333333333,12.903225806451612,20.43010752688172,66.66666666666666,56.98924731182796,9.67741935483871
E00087385,170,50,13,37,120,101,19,29.411764705882355,7.647058823529412,21.764705882352942,70.58823529411765,59.411764705882355,11.176470588235295
E00087387,126,46,12,34,80,71,9,36.507936507936506,9.523809523809524,26.984126984126984,63.49206349206349,56.34920634920635,7.142857142857142
E00087388,214,84,27,57,130,113,17,39.25233644859813,12.616822429906541,26.635514018691588,60.747663551401864,52.80373831775701,7.943925233644859
E00087389,152,42,13,29,110,96,14,27.631578947368425,8.552631578947368,19.078947368421055,72.36842105263158,63.1578947368421,9.210526315789473
E00087390,194,61,19,42,133,111,22,31.443298969072163,9.793814432989691,21.649484536082475,68.55670103092784,57.21649484536082,11.34020618556701
E00087391,101,39,12,27,62,55,7,38.613861386138616,11.881188118811881,26.732673267326735,61.386138613861384,54.45544554455446,6.9306930693069315
E00087392,173,64,15,49,109,94,15,36.99421965317919,8.670520231213873,28.32369942196532,63.005780346820806,54.33526011560693,8.670520231213873
E00087393,177,70,19,51,107,87,20,39.548022598870055,10.734463276836157,28.8135593220339,60.451977401129945,49.152542372881356,11.299435028248588
E00087394,149,47,14,33,102,86,16,31.543624161073826,9.395973154362416,22.14765100671141,68.45637583892618,57.71812080536913,10.738255033557047
E00087395,141,43,11,32,98,75,23,30.49645390070922,7.801418439716312,22.69503546099291,69.50354609929079,53.191489361702125,16.312056737588655
E00087396,195,57,11,46,138,127,11,29.230769230769234,5.641025641025641,23.589743589743588,70.76923076923077,65.12820512820512,5.641025641025641
E00087397,127,49,9,40,78,60,18,38.582677165354326,7.086614173228346,31.496062992125985,61.417322834645674,47.24409448818898,14.173228346456693
E00087398,167,58,25,33,109,97,12,34.73053892215569,14.97005988023952,19.760479041916167,65.26946107784431,58.08383233532935,7.18562874251497
E00087399,181,60,17,43,121,103,18,33.14917127071823,9.392265193370166,23.756906077348066,66.85082872928176,56.9060773480663,9.94475138121547
E00087400,148,51,16,35,97,91,6,34.45945945945946,10.81081081081081,23.64864864864865,65.54054054054053,61.48648648648649,4.054054054054054
E00087401,148,49,11,38,99,84,15,33.108108108108105,7.4324324324324325,25.675675675675674,66.8918918918919,56.75675675675676,10.135135135135135
E00087402,152,46,12,34,106,92,14,30.263157894736842,7.894736842105263,22.36842105263158,69.73684210526315,60.526315789473685,9.210526315789473
E00087403,206,55,21,34,151,131,20,26.699029126213592,10.194174757281553,16.50485436893204,73.30097087378641,63.59223300970874,9.70873786407767
E00087404,100,32,5,27,68,59,9,32,5,27,68,59,9
E00087405,105,41,14,27,64,55,9,39.04761904761905,13.333333333333334,25.71428571428571,60.952380952380956,52.38095238095239,8.571428571428571
E00087406,193,75,22,53,118,100,18,38.860103626943,11.398963730569948,27.461139896373055,61.13989637305699,51.813471502590666,9.32642487046632
E00087408,71,23,8,15,48,40,8,32.3943661971831,11.267605633802818,21.12676056338028,67.6056338028169,56.33802816901409,11.267605633802818
E00087409,140,59,22,37,81,69,12,42.142857142857146,15.714285714285714,26.42857142857143,57.85714285714286,49.28571428571429,8.571428571428571
E00087410,158,54,21,33,104,99,5,34.177215189873415,13.291139240506327,20.88607594936709,65.82278481012658,62.65822784810127,3.1645569620253164
E00087411,171,57,14,43,114,94,20,33.33333333333333,8.187134502923977,25.146198830409354,66.66666666666666,54.97076023391813,11.695906432748536
E00087412,169,51,11,40,118,108,10,30.17751479289941,6.508875739644971,23.668639053254438,69.8224852071006,63.905325443786985,5.9171597633136095
E00087413,157,52,20,32,105,97,8,33.12101910828025,12.738853503184714,20.382165605095544,66.87898089171973,61.78343949044586,5.095541401273886
E00087414,136,33,13,20,103,91,12,24.264705882352942,9.558823529411764,14.705882352941178,75.73529411764706,66.91176470588235,8.823529411764707
E00087415,161,63,21,42,98,84,14,39.130434782608695,13.043478260869565,26.08695652173913,60.86956521739131,52.17391304347826,8.695652173913043
E00087416,151,60,20,40,91,80,11,39.735099337748345,13.245033112582782,26.490066225165563,60.264900662251655,52.980132450331126,7.28476821192053
E00087417,156,62,16,46,94,85,9,39.743589743589745,10.256410256410255,29.48717948717949,60.256410256410255,54.48717948717948,5.769230769230769
E00087418,169,56,21,35,113,97,16,33.13609467455622,12.42603550295858,20.710059171597635,66.86390532544378,57.396449704142015,9.467455621301776
E00087419,76,25,5,20,51,45,6,32.89473684210527,6.578947368421052,26.31578947368421,67.10526315789474,59.210526315789465,7.894736842105263
E00087420,157,55,13,42,102,93,9,35.03184713375796,8.280254777070063,26.751592356687897,64.96815286624204,59.23566878980891,5.7324840764331215
E00087421,131,49,13,36,82,77,5,37.404580152671755,9.923664122137405,27.480916030534353,62.59541984732825,58.778625954198475,3.816793893129771
E00087422,191,62,30,32,129,91,38,32.460732984293195,15.706806282722512,16.75392670157068,67.5392670157068,47.64397905759162,19.895287958115183
E00087423,145,51,13,38,94,89,5,35.172413793103445,8.96551724137931,26.20689655172414,64.82758620689654,61.37931034482759,3.4482758620689653
E00087424,207,71,17,54,136,115,21,34.29951690821256,8.212560386473431,26.08695652173913,65.70048309178745,55.55555555555556,10.144927536231885
E00087425,151,59,18,41,92,82,10,39.0728476821192,11.920529801324504,27.1523178807947,60.9271523178808,54.3046357615894,6.622516556291391
E00087426,114,47,17,30,67,57,10,41.228070175438596,14.912280701754385,26.31578947368421,58.77192982456141,50,8.771929824561402
E00087427,156,52,13,39,104,93,11,33.33333333333333,8.333333333333332,25,66.66666666666666,59.61538461538461,7.051282051282051
E00087428,87,29,10,19,58,52,6,33.33333333333333,11.494252873563218,21.839080459770116,66.66666666666666,59.77011494252874,6.896551724137931
E00087429,156,54,23,31,102,94,8,34.61538461538461,14.743589743589745,19.871794871794872,65.38461538461539,60.256410256410255,5.128205128205128
E00087430,100,42,15,27,58,47,11,42,15,27,57.99999999999999,47,11
E00087431,105,40,16,24,65,55,10,38.095238095238095,15.238095238095239,22.857142857142858,61.904761904761905,52.38095238095239,9.523809523809524
E00087432,92,43,21,22,49,41,8,46.73913043478261,22.82608695652174,23.91304347826087,53.2608695652174,44.565217391304344,8.695652173913043
E00087433,92,42,13,29,50,36,14,45.65217391304348,14.130434782608695,31.521739130434785,54.347826086956516,39.130434782608695,15.217391304347828
E00087434,76,32,11,21,44,37,7,42.10526315789473,14.473684210526317,27.631578947368425,57.89473684210527,48.68421052631579,9.210526315789473
E00087435,148,61,17,44,87,72,15,41.21621621621622,11.486486486486488,29.72972972972973,58.78378378378378,48.64864864864865,10.135135135135135
E00087436,136,65,16,49,71,61,10,47.794117647058826,11.76470588235294,36.029411764705884,52.20588235294118,44.85294117647059,7.352941176470589
E00087437,157,68,20,48,89,72,17,43.31210191082803,12.738853503184714,30.573248407643312,56.68789808917197,45.85987261146497,10.828025477707007
E00087438,125,51,16,35,74,65,9,40.8,12.8,28.000000000000004,59.199999999999996,52,7.199999999999999
E00087439,74,34,19,15,40,35,5,45.94594594594595,25.675675675675674,20.27027027027027,54.054054054054056,47.2972972972973,6.756756756756757
E00087440,110,44,19,25,66,46,20,40,17.272727272727273,22.727272727272727,60,41.81818181818181,18.181818181818183
E00087441,66,34,16,18,32,27,5,51.515151515151516,24.242424242424242,27.27272727272727,48.484848484848484,40.909090909090914,7.575757575757576
E00087442,76,32,10,22,44,36,8,42.10526315789473,13.157894736842104,28.947368421052634,57.89473684210527,47.368421052631575,10.526315789473683
E00087443,142,57,14,43,85,78,7,40.140845070422536,9.859154929577464,30.28169014084507,59.859154929577464,54.929577464788736,4.929577464788732
E00087444,155,73,32,41,82,76,6,47.096774193548384,20.64516129032258,26.451612903225808,52.903225806451616,49.03225806451613,3.870967741935484
E00087445,104,42,13,29,62,47,15,40.38461538461539,12.5,27.884615384615387,59.61538461538461,45.19230769230769,14.423076923076922
E00087446,141,67,16,51,74,64,10,47.5177304964539,11.347517730496454,36.17021276595745,52.4822695035461,45.39007092198582,7.092198581560284
E00087447,47,15,6,9,32,28,4,31.914893617021278,12.76595744680851,19.148936170212767,68.08510638297872,59.57446808510638,8.51063829787234
E00087448,57,32,17,15,25,18,7,56.14035087719298,29.82456140350877,26.31578947368421,43.859649122807014,31.57894736842105,12.280701754385964
E00087449,133,42,13,29,91,74,17,31.57894736842105,9.774436090225564,21.804511278195488,68.42105263157895,55.639097744360896,12.781954887218044
E00087450,141,37,11,26,104,82,22,26.24113475177305,7.801418439716312,18.439716312056735,73.75886524822694,58.156028368794324,15.602836879432624
E00087452,68,31,12,19,37,34,3,45.588235294117645,17.647058823529413,27.941176470588236,54.41176470588235,50,4.411764705882353
E00087453,110,44,18,26,66,55,11,40,16.363636363636363,23.636363636363637,60,50,10
E00087454,133,58,24,34,75,66,9,43.609022556390975,18.045112781954884,25.563909774436087,56.390977443609025,49.62406015037594,6.7669172932330826
E00087455,89,27,7,20,62,53,9,30.337078651685395,7.865168539325842,22.47191011235955,69.66292134831461,59.55056179775281,10.112359550561797
E00087456,109,44,11,33,65,59,6,40.36697247706422,10.091743119266056,30.275229357798167,59.63302752293578,54.12844036697248,5.5045871559633035
E00087457,110,44,16,28,66,57,9,40,14.545454545454545,25.454545454545453,60,51.81818181818182,8.181818181818182
E00087458,92,39,21,18,53,45,8,42.391304347826086,22.82608695652174,19.565217391304348,57.608695652173914,48.91304347826087,8.695652173913043
E00087459,94,36,8,28,58,46,12,38.297872340425535,8.51063829787234,29.78723404255319,61.702127659574465,48.93617021276596,12.76595744680851
E00087460,108,39,13,26,69,57,12,36.11111111111111,12.037037037037036,24.074074074074073,63.888888888888886,52.77777777777778,11.11111111111111
E00087461,114,45,13,32,69,65,4,39.473684210526315,11.403508771929824,28.07017543859649,60.526315789473685,57.01754385964912,3.508771929824561
E00087462,178,55,14,41,123,101,22,30.89887640449438,7.865168539325842,23.03370786516854,69.10112359550563,56.74157303370787,12.359550561797752
E00087463,140,59,17,42,81,67,14,42.142857142857146,12.142857142857142,30,57.85714285714286,47.85714285714286,10
E00087464,156,61,24,37,95,89,6,39.1025641025641,15.384615384615385,23.717948717948715,60.89743589743589,57.05128205128205,3.8461538461538463
E00087465,83,27,6,21,56,48,8,32.53012048192771,7.228915662650602,25.301204819277107,67.46987951807229,57.831325301204814,9.63855421686747
E00087466,74,30,11,19,44,39,5,40.54054054054054,14.864864864864865,25.675675675675674,59.45945945945946,52.702702702702695,6.756756756756757
E00087467,59,21,8,13,38,34,4,35.59322033898305,13.559322033898304,22.033898305084744,64.40677966101694,57.6271186440678,6.779661016949152
E00087468,73,32,7,25,41,34,7,43.83561643835616,9.58904109589041,34.24657534246575,56.16438356164384,46.57534246575342,9.58904109589041
E00087469,97,41,17,24,56,49,7,42.2680412371134,17.525773195876287,24.742268041237114,57.73195876288659,50.51546391752577,7.216494845360824
E00087470,61,17,2,15,44,37,7,27.86885245901639,3.278688524590164,24.59016393442623,72.1311475409836,60.65573770491803,11.475409836065573
E00087471,152,64,19,45,88,82,6,42.10526315789473,12.5,29.605263157894733,57.89473684210527,53.94736842105263,3.9473684210526314
E00087472,51,24,10,14,27,26,1,47.05882352941176,19.607843137254903,27.450980392156865,52.94117647058824,50.98039215686274,1.9607843137254901
E00087473,130,43,19,24,87,77,10,33.07692307692307,14.615384615384617,18.461538461538463,66.92307692307692,59.23076923076923,7.6923076923076925
E00087474,127,46,16,30,81,74,7,36.22047244094488,12.598425196850393,23.62204724409449,63.77952755905512,58.26771653543307,5.511811023622047
E00087475,118,50,11,39,68,55,13,42.3728813559322,9.322033898305085,33.05084745762712,57.6271186440678,46.61016949152542,11.016949152542372
E00087476,214,63,23,40,151,127,24,29.439252336448597,10.74766355140187,18.69158878504673,70.56074766355141,59.345794392523366,11.214953271028037
E00087477,134,59,31,28,75,67,8,44.02985074626866,23.134328358208954,20.8955223880597,55.970149253731336,50,5.970149253731343
E00087478,48,13,6,7,35,27,8,27.083333333333332,12.5,14.583333333333334,72.91666666666666,56.25,16.666666666666664
E00087479,99,45,16,29,54,49,5,45.45454545454545,16.161616161616163,29.292929292929294,54.54545454545454,49.494949494949495,5.05050505050505
E00087480,146,72,21,51,74,71,3,49.31506849315068,14.383561643835616,34.93150684931507,50.68493150684932,48.63013698630137,2.054794520547945
E00087481,151,59,19,40,92,79,13,39.0728476821192,12.582781456953644,26.490066225165563,60.9271523178808,52.317880794701985,8.609271523178808
E00087482,158,66,21,45,92,82,10,41.77215189873418,13.291139240506327,28.48101265822785,58.22784810126582,51.89873417721519,6.329113924050633
E00087483,178,62,23,39,116,97,19,34.831460674157306,12.921348314606742,21.910112359550563,65.1685393258427,54.49438202247191,10.674157303370785
E00087484,105,42,21,21,63,52,11,40,20,20,60,49.523809523809526,10.476190476190476
E00087485,97,40,17,23,57,50,7,41.23711340206185,17.525773195876287,23.711340206185564,58.76288659793815,51.546391752577314,7.216494845360824
E00087486,98,42,13,29,56,44,12,42.857142857142854,13.26530612244898,29.591836734693878,57.14285714285714,44.89795918367347,12.244897959183673
E00087487,84,38,12,26,46,37,9,45.23809523809524,14.285714285714285,30.952380952380953,54.761904761904766,44.047619047619044,10.714285714285714
E00087488,130,48,19,29,82,67,15,36.92307692307693,14.615384615384617,22.30769230769231,63.07692307692307,51.53846153846153,11.538461538461538
E00087489,129,55,20,35,74,62,12,42.63565891472868,15.503875968992247,27.131782945736433,57.36434108527132,48.06201550387597,9.30232558139535
E00087490,128,51,18,33,77,63,14,39.84375,14.0625,25.78125,60.15625,49.21875,10.9375
E00087491,97,37,16,21,60,50,10,38.144329896907216,16.49484536082474,21.649484536082475,61.855670103092784,51.546391752577314,10.309278350515463
E00087492,152,49,18,31,103,89,14,32.23684210526316,11.842105263157894,20.394736842105264,67.76315789473685,58.55263157894737,9.210526315789473
E00087493,189,58,22,36,131,119,12,30.687830687830687,11.64021164021164,19.047619047619047,69.31216931216932,62.96296296296296,6.349206349206349
E00087494,189,75,27,48,114,103,11,39.682539682539684,14.285714285714285,25.396825396825395,60.317460317460316,54.4973544973545,5.82010582010582
E00087495,115,56,15,41,59,55,4,48.69565217391305,13.043478260869565,35.65217391304348,51.30434782608696,47.82608695652174,3.4782608695652173
E00087496,39,12,4,8,27,26,1,30.76923076923077,10.256410256410255,20.51282051282051,69.23076923076923,66.66666666666666,2.564102564102564
E00087497,147,41,5,36,106,95,11,27.89115646258503,3.4013605442176873,24.489795918367346,72.10884353741497,64.62585034013605,7.482993197278912
E00087498,145,51,16,35,94,85,9,35.172413793103445,11.03448275862069,24.137931034482758,64.82758620689654,58.620689655172406,6.206896551724138
E00087499,87,31,8,23,56,50,6,35.63218390804598,9.195402298850574,26.436781609195403,64.36781609195403,57.47126436781609,6.896551724137931
E00087500,71,24,6,18,47,44,3,33.80281690140845,8.450704225352112,25.352112676056336,66.19718309859155,61.97183098591549,4.225352112676056
E00087501,209,80,23,57,129,116,13,38.27751196172249,11.004784688995215,27.27272727272727,61.72248803827751,55.50239234449761,6.220095693779904
E00087502,125,49,11,38,76,64,12,39.2,8.799999999999999,30.4,60.8,51.2,9.6
E00087503,121,25,8,17,96,81,15,20.66115702479339,6.6115702479338845,14.049586776859504,79.33884297520662,66.94214876033058,12.396694214876034
E00087504,171,66,17,49,105,93,12,38.59649122807017,9.941520467836257,28.654970760233915,61.40350877192983,54.385964912280706,7.017543859649122
E00087505,123,41,5,36,82,74,8,33.33333333333333,4.0650406504065035,29.268292682926827,66.66666666666666,60.16260162601627,6.504065040650407
E00087506,149,47,15,32,102,91,11,31.543624161073826,10.06711409395973,21.476510067114095,68.45637583892618,61.07382550335571,7.38255033557047
E00087507,179,52,20,32,127,112,15,29.05027932960894,11.1731843575419,17.877094972067038,70.94972067039106,62.56983240223464,8.379888268156424
E00087508,131,46,14,32,85,82,3,35.11450381679389,10.687022900763358,24.427480916030532,64.8854961832061,62.59541984732825,2.2900763358778624
E00087509,164,55,18,37,109,97,12,33.53658536585366,10.975609756097562,22.5609756097561,66.46341463414635,59.14634146341463,7.317073170731707
E00087510,81,31,10,21,50,38,12,38.2716049382716,12.345679012345679,25.925925925925924,61.72839506172839,46.913580246913575,14.814814814814813
E00087511,131,44,10,34,87,75,12,33.587786259541986,7.633587786259542,25.954198473282442,66.41221374045801,57.25190839694656,9.16030534351145
E00087512,99,41,8,33,58,55,3,41.41414141414141,8.080808080808081,33.33333333333333,58.58585858585859,55.55555555555556,3.0303030303030303
E00087513,180,72,18,54,108,100,8,40,10,30,60,55.55555555555556,4.444444444444445
E00087514,123,45,8,37,78,67,11,36.58536585365854,6.504065040650407,30.081300813008134,63.41463414634146,54.47154471544715,8.94308943089431
E00087515,138,46,9,37,92,76,16,33.33333333333333,6.521739130434782,26.811594202898554,66.66666666666666,55.072463768115945,11.594202898550725
E00087516,154,57,17,40,97,79,18,37.01298701298701,11.03896103896104,25.97402597402597,62.98701298701299,51.298701298701296,11.688311688311687
E00087517,143,50,11,39,93,83,10,34.96503496503497,7.6923076923076925,27.27272727272727,65.03496503496503,58.04195804195804,6.993006993006993
E00087518,191,69,26,43,122,103,19,36.12565445026178,13.612565445026178,22.5130890052356,63.87434554973822,53.92670157068062,9.947643979057592
E00087519,143,57,12,45,86,71,15,39.86013986013986,8.391608391608392,31.46853146853147,60.13986013986013,49.65034965034965,10.48951048951049
E00087520,124,35,11,24,89,76,13,28.225806451612907,8.870967741935484,19.35483870967742,71.7741935483871,61.29032258064516,10.483870967741936
E00087521,42,18,5,13,24,23,1,42.857142857142854,11.904761904761903,30.952380952380953,57.14285714285714,54.761904761904766,2.380952380952381
E00087522,134,46,18,28,88,82,6,34.32835820895522,13.432835820895523,20.8955223880597,65.67164179104478,61.19402985074627,4.477611940298507
E00087523,78,31,11,20,47,36,11,39.743589743589745,14.102564102564102,25.64102564102564,60.256410256410255,46.15384615384615,14.102564102564102
E00087524,149,69,26,43,80,72,8,46.308724832214764,17.449664429530202,28.859060402684566,53.691275167785236,48.322147651006716,5.369127516778524
E00087526,129,51,13,38,78,71,7,39.53488372093023,10.077519379844961,29.457364341085274,60.46511627906976,55.03875968992248,5.426356589147287
E00087527,99,34,8,26,65,58,7,34.34343434343434,8.080808080808081,26.262626262626267,65.65656565656566,58.58585858585859,7.07070707070707
E00087528,147,60,12,48,87,83,4,40.816326530612244,8.16326530612245,32.6530612244898,59.183673469387756,56.4625850340136,2.7210884353741496
E00087530,112,38,16,22,74,67,7,33.92857142857143,14.285714285714285,19.642857142857142,66.07142857142857,59.82142857142857,6.25
E00087531,126,35,7,28,91,85,6,27.77777777777778,5.555555555555555,22.22222222222222,72.22222222222221,67.46031746031747,4.761904761904762
E00087532,151,51,17,34,100,94,6,33.77483443708609,11.258278145695364,22.516556291390728,66.22516556291392,62.251655629139066,3.9735099337748347
E00087534,83,28,5,23,55,42,13,33.734939759036145,6.024096385542169,27.710843373493976,66.26506024096386,50.602409638554214,15.66265060240964
E00087535,183,69,27,42,114,100,14,37.704918032786885,14.754098360655737,22.950819672131146,62.295081967213115,54.644808743169406,7.650273224043716
E00087537,177,58,20,38,119,111,8,32.7683615819209,11.299435028248588,21.468926553672315,67.2316384180791,62.71186440677966,4.519774011299435
E00087538,161,57,15,42,104,87,17,35.40372670807454,9.316770186335404,26.08695652173913,64.59627329192547,54.037267080745345,10.559006211180124
E00087539,134,57,15,42,77,68,9,42.53731343283582,11.194029850746269,31.343283582089555,57.46268656716418,50.74626865671642,6.7164179104477615
E00087541,165,45,7,38,120,100,20,27.27272727272727,4.242424242424243,23.03030303030303,72.72727272727273,60.60606060606061,12.121212121212121
E00087543,203,68,24,44,135,125,10,33.497536945812804,11.822660098522167,21.67487684729064,66.50246305418719,61.57635467980296,4.926108374384237
E00087544,106,48,15,33,58,58,0,45.28301886792453,14.150943396226415,31.132075471698112,54.71698113207547,54.71698113207547,0
E00087545,138,46,10,36,92,82,10,33.33333333333333,7.246376811594203,26.08695652173913,66.66666666666666,59.42028985507246,7.246376811594203
E00087546,108,40,15,25,68,61,7,37.03703703703704,13.88888888888889,23.14814814814815,62.96296296296296,56.481481481481474,6.481481481481481
E00087547,99,40,13,27,59,50,9,40.4040404040404,13.131313131313133,27.27272727272727,59.59595959595959,50.505050505050505,9.090909090909092
E00087548,105,45,9,36,60,50,10,42.857142857142854,8.571428571428571,34.285714285714285,57.14285714285714,47.61904761904761,9.523809523809524
E00087549,112,52,20,32,60,48,12,46.42857142857143,17.857142857142858,28.57142857142857,53.57142857142857,42.857142857142854,10.714285714285714
E00087550,81,33,15,18,48,41,7,40.74074074074074,18.51851851851852,22.22222222222222,59.25925925925925,50.617283950617285,8.641975308641975
E00087551,186,64,19,45,122,104,18,34.40860215053764,10.21505376344086,24.193548387096776,65.59139784946237,55.91397849462365,9.67741935483871
E00087552,101,46,16,30,55,38,17,45.54455445544555,15.841584158415841,29.7029702970297,54.45544554455446,37.62376237623762,16.831683168316832
E00087553,94,34,9,25,60,51,9,36.17021276595745,9.574468085106384,26.595744680851062,63.829787234042556,54.25531914893617,9.574468085106384
E00087554,135,39,11,28,96,79,17,28.888888888888886,8.148148148148149,20.74074074074074,71.11111111111111,58.51851851851851,12.592592592592592
E00087555,91,30,15,15,61,52,9,32.967032967032964,16.483516483516482,16.483516483516482,67.03296703296702,57.14285714285714,9.89010989010989
E00087556,117,44,14,30,73,61,12,37.60683760683761,11.965811965811966,25.64102564102564,62.39316239316239,52.13675213675214,10.256410256410255
E00087557,90,37,9,28,53,46,7,41.11111111111111,10,31.11111111111111,58.88888888888889,51.11111111111111,7.777777777777778
E00087558,82,37,18,19,45,30,15,45.1219512195122,21.951219512195124,23.170731707317074,54.87804878048781,36.58536585365854,18.29268292682927
E00087559,76,21,7,14,55,46,9,27.631578947368425,9.210526315789473,18.421052631578945,72.36842105263158,60.526315789473685,11.842105263157894
E00087560,93,41,16,25,52,46,6,44.086021505376344,17.20430107526882,26.881720430107524,55.91397849462365,49.46236559139785,6.451612903225806
E00087561,143,50,18,32,93,76,17,34.96503496503497,12.587412587412588,22.377622377622377,65.03496503496503,53.14685314685315,11.888111888111888
E00087562,112,45,13,32,67,59,8,40.17857142857143,11.607142857142858,28.57142857142857,59.82142857142857,52.67857142857143,7.142857142857142
E00087563,120,47,14,33,73,66,7,39.166666666666664,11.666666666666666,27.500000000000004,60.83333333333333,55.00000000000001,5.833333333333333
E00087564,154,61,21,40,93,80,13,39.61038961038961,13.636363636363635,25.97402597402597,60.3896103896104,51.94805194805194,8.441558441558442
E00087565,126,47,12,35,79,68,11,37.301587301587304,9.523809523809524,27.77777777777778,62.698412698412696,53.96825396825397,8.73015873015873
E00087566,126,44,14,30,82,69,13,34.92063492063492,11.11111111111111,23.809523809523807,65.07936507936508,54.761904761904766,10.317460317460316
E00087567,170,46,9,37,124,111,13,27.058823529411764,5.294117647058823,21.764705882352942,72.94117647058823,65.29411764705883,7.647058823529412
E00087568,163,69,16,53,94,83,11,42.331288343558285,9.815950920245399,32.515337423312886,57.668711656441715,50.920245398773,6.748466257668712
E00087569,146,56,13,43,90,79,11,38.35616438356164,8.904109589041095,29.45205479452055,61.64383561643836,54.109589041095894,7.534246575342466
E00087570,130,46,12,34,84,78,6,35.38461538461539,9.230769230769232,26.153846153846157,64.61538461538461,60,4.615384615384616
E00087571,156,52,13,39,104,94,10,33.33333333333333,8.333333333333332,25,66.66666666666666,60.256410256410255,6.41025641025641
E00087572,81,34,9,25,47,44,3,41.9753086419753,11.11111111111111,30.864197530864196,58.0246913580247,54.32098765432099,3.7037037037037033
E00087573,147,57,15,42,90,74,16,38.775510204081634,10.204081632653061,28.57142857142857,61.224489795918366,50.34013605442177,10.884353741496598
E00087574,148,56,21,35,92,80,12,37.83783783783784,14.18918918918919,23.64864864864865,62.16216216216216,54.054054054054056,8.108108108108109
E00087575,160,61,21,40,99,87,12,38.125,13.125,25,61.875,54.37499999999999,7.5
E00087576,204,61,21,40,143,121,22,29.901960784313726,10.294117647058822,19.607843137254903,70.09803921568627,59.31372549019608,10.784313725490197
E00087577,110,44,14,30,66,52,14,40,12.727272727272727,27.27272727272727,60,47.27272727272727,12.727272727272727
E00087578,113,43,15,28,70,64,6,38.05309734513274,13.274336283185843,24.778761061946902,61.94690265486725,56.63716814159292,5.3097345132743365
E00087579,148,47,12,35,101,90,11,31.756756756756754,8.108108108108109,23.64864864864865,68.24324324324324,60.810810810810814,7.4324324324324325
E00087580,164,58,15,43,106,94,12,35.36585365853659,9.146341463414634,26.21951219512195,64.63414634146342,57.3170731707317,7.317073170731707
E00087581,174,69,16,53,105,91,14,39.6551724137931,9.195402298850574,30.45977011494253,60.3448275862069,52.29885057471264,8.045977011494253
E00087582,94,31,7,24,63,61,2,32.97872340425532,7.446808510638298,25.53191489361702,67.02127659574468,64.8936170212766,2.127659574468085
E00087583,122,44,14,30,78,63,15,36.0655737704918,11.475409836065573,24.59016393442623,63.934426229508205,51.63934426229508,12.295081967213115
E00087584,94,38,7,31,56,50,6,40.42553191489361,7.446808510638298,32.97872340425532,59.57446808510638,53.191489361702125,6.382978723404255
E00087585,151,65,14,51,86,74,12,43.04635761589404,9.271523178807946,33.77483443708609,56.95364238410596,49.00662251655629,7.9470198675496695
E00087586,103,49,18,31,54,44,10,47.57281553398058,17.475728155339805,30.097087378640776,52.42718446601942,42.71844660194174,9.70873786407767
E00087587,107,34,14,20,73,65,8,31.775700934579437,13.084112149532709,18.69158878504673,68.22429906542055,60.747663551401864,7.476635514018691
E00087588,154,55,17,38,99,82,17,35.714285714285715,11.03896103896104,24.675324675324674,64.28571428571429,53.246753246753244,11.03896103896104
E00087589,248,96,23,73,152,140,12,38.70967741935484,9.274193548387096,29.435483870967744,61.29032258064516,56.451612903225815,4.838709677419355
E00087590,149,54,14,40,95,75,20,36.241610738255034,9.395973154362416,26.845637583892618,63.758389261744966,50.33557046979866,13.422818791946309
E00087591,152,49,12,37,103,92,11,32.23684210526316,7.894736842105263,24.342105263157894,67.76315789473685,60.526315789473685,7.236842105263158
E00087592,88,31,7,24,57,49,8,35.22727272727273,7.954545454545454,27.27272727272727,64.77272727272727,55.68181818181818,9.090909090909092
E00087593,79,34,13,21,45,36,9,43.037974683544306,16.455696202531644,26.582278481012654,56.9620253164557,45.56962025316456,11.39240506329114
E00087594,111,42,20,22,69,61,8,37.83783783783784,18.01801801801802,19.81981981981982,62.16216216216216,54.95495495495496,7.207207207207207
E00087595,70,27,9,18,43,29,14,38.57142857142858,12.857142857142856,25.71428571428571,61.42857142857143,41.42857142857143,20
E00087596,167,59,11,48,108,94,14,35.32934131736527,6.58682634730539,28.74251497005988,64.67065868263472,56.287425149700596,8.383233532934131
E00087597,116,50,16,34,66,61,5,43.103448275862064,13.793103448275861,29.310344827586203,56.896551724137936,52.58620689655172,4.310344827586207
E00087599,117,38,8,30,79,72,7,32.47863247863248,6.837606837606838,25.64102564102564,67.52136752136752,61.53846153846154,5.982905982905983
E00087600,128,57,12,45,71,62,9,44.53125,9.375,35.15625,55.46875,48.4375,7.03125
E00087601,115,48,19,29,67,56,11,41.73913043478261,16.52173913043478,25.217391304347824,58.26086956521739,48.69565217391305,9.565217391304348
E00087602,111,57,16,41,54,48,6,51.35135135135135,14.414414414414415,36.93693693693694,48.64864864864865,43.24324324324324,5.405405405405405
E00087603,92,31,9,22,61,53,8,33.69565217391305,9.782608695652174,23.91304347826087,66.30434782608695,57.608695652173914,8.695652173913043
E00087604,116,47,13,34,69,59,10,40.51724137931034,11.206896551724139,29.310344827586203,59.48275862068966,50.86206896551724,8.620689655172415
E00087605,113,32,11,21,81,69,12,28.31858407079646,9.734513274336283,18.58407079646018,71.68141592920354,61.06194690265486,10.619469026548673
E00087606,165,67,25,42,98,88,10,40.60606060606061,15.151515151515152,25.454545454545453,59.3939393939394,53.333333333333336,6.0606060606060606
E00087607,168,71,30,41,97,86,11,42.26190476190476,17.857142857142858,24.404761904761905,57.738095238095234,51.19047619047619,6.547619047619048
E00087608,119,49,19,30,70,61,9,41.17647058823529,15.966386554621847,25.210084033613445,58.82352941176471,51.26050420168067,7.563025210084033
E00087609,49,17,11,6,32,26,6,34.69387755102041,22.448979591836736,12.244897959183673,65.3061224489796,53.06122448979592,12.244897959183673
E00087610,120,41,10,31,79,61,18,34.166666666666664,8.333333333333332,25.833333333333336,65.83333333333333,50.83333333333333,15
E00087611,157,65,25,40,92,82,10,41.40127388535032,15.92356687898089,25.477707006369428,58.59872611464968,52.22929936305732,6.369426751592357
E00087612,119,46,12,34,73,58,15,38.655462184873954,10.084033613445378,28.57142857142857,61.34453781512605,48.739495798319325,12.605042016806722
E00087613,192,65,20,45,127,106,21,33.85416666666667,10.416666666666668,23.4375,66.14583333333334,55.208333333333336,10.9375
E00087614,133,50,16,34,83,72,11,37.59398496240601,12.030075187969924,25.563909774436087,62.40601503759399,54.13533834586466,8.270676691729323
E00087615,156,61,18,43,95,84,11,39.1025641025641,11.538461538461538,27.564102564102566,60.89743589743589,53.84615384615385,7.051282051282051
E00087616,73,26,16,10,47,38,9,35.61643835616438,21.91780821917808,13.698630136986301,64.38356164383562,52.054794520547944,12.32876712328767
E00087617,133,51,17,34,82,65,17,38.34586466165413,12.781954887218044,25.563909774436087,61.65413533834586,48.87218045112782,12.781954887218044
E00087618,127,45,12,33,82,72,10,35.43307086614173,9.448818897637794,25.984251968503933,64.56692913385827,56.69291338582677,7.874015748031496
E00087619,141,62,23,39,79,73,6,43.97163120567376,16.312056737588655,27.659574468085108,56.02836879432624,51.77304964539007,4.25531914893617
E00087620,158,65,18,47,93,80,13,41.139240506329116,11.39240506329114,29.746835443037973,58.86075949367089,50.63291139240506,8.227848101265822
E00087621,185,76,17,59,109,91,18,41.08108108108108,9.18918918918919,31.891891891891895,58.91891891891892,49.18918918918919,9.72972972972973
E00087622,149,63,25,38,86,66,20,42.281879194630875,16.778523489932887,25.503355704697988,57.71812080536913,44.29530201342282,13.422818791946309
E00087623,157,59,14,45,98,91,7,37.57961783439491,8.9171974522293,28.662420382165603,62.42038216560509,57.961783439490446,4.45859872611465
E00087624,202,88,42,46,114,102,12,43.56435643564357,20.792079207920793,22.772277227722775,56.43564356435643,50.495049504950494,5.9405940594059405
E00087625,140,57,14,43,83,72,11,40.714285714285715,10,30.714285714285715,59.285714285714285,51.42857142857142,7.857142857142857
E00087626,140,66,22,44,74,66,8,47.14285714285714,15.714285714285714,31.428571428571427,52.85714285714286,47.14285714285714,5.714285714285714
E00087627,154,62,21,41,92,77,15,40.25974025974026,13.636363636363635,26.623376623376622,59.74025974025974,50,9.740259740259742
E00087628,94,42,19,23,52,44,8,44.680851063829785,20.212765957446805,24.46808510638298,55.319148936170215,46.808510638297875,8.51063829787234
E00087629,49,20,8,12,29,27,2,40.816326530612244,16.3265306122449,24.489795918367346,59.183673469387756,55.10204081632652,4.081632653061225
E00087630,63,27,8,19,36,26,10,42.857142857142854,12.698412698412698,30.158730158730158,57.14285714285714,41.269841269841265,15.873015873015872
E00087631,54,24,8,16,30,26,4,44.44444444444444,14.814814814814813,29.629629629629626,55.55555555555556,48.148148148148145,7.4074074074074066
E00087632,80,25,11,14,55,45,10,31.25,13.750000000000002,17.5,68.75,56.25,12.5
E00087633,74,25,9,16,49,40,9,33.78378378378378,12.162162162162163,21.62162162162162,66.21621621621621,54.054054054054056,12.162162162162163
E00087634,166,69,19,50,97,83,14,41.566265060240966,11.44578313253012,30.120481927710845,58.43373493975904,50,8.433734939759036
E00087635,91,41,17,24,50,31,19,45.05494505494506,18.681318681318682,26.373626373626376,54.94505494505495,34.065934065934066,20.87912087912088
E00087636,190,74,24,50,116,91,25,38.94736842105263,12.631578947368421,26.31578947368421,61.05263157894737,47.89473684210526,13.157894736842104
E00087637,42,24,10,14,18,16,2,57.14285714285714,23.809523809523807,33.33333333333333,42.857142857142854,38.095238095238095,4.761904761904762
E00087638,47,19,10,9,28,16,12,40.42553191489361,21.27659574468085,19.148936170212767,59.57446808510638,34.04255319148936,25.53191489361702
E00087639,122,56,24,32,66,50,16,45.90163934426229,19.672131147540984,26.229508196721312,54.09836065573771,40.98360655737705,13.114754098360656
E00087640,142,57,19,38,85,64,21,40.140845070422536,13.380281690140844,26.76056338028169,59.859154929577464,45.07042253521127,14.788732394366196
E00087641,133,47,19,28,86,73,13,35.338345864661655,14.285714285714285,21.052631578947366,64.66165413533834,54.88721804511278,9.774436090225564
E00087642,117,46,23,23,71,53,18,39.31623931623932,19.65811965811966,19.65811965811966,60.68376068376068,45.2991452991453,15.384615384615385
E00087643,112,49,20,29,63,50,13,43.75,17.857142857142858,25.892857142857146,56.25,44.642857142857146,11.607142857142858
E00087644,79,29,16,13,50,39,11,36.708860759493675,20.253164556962027,16.455696202531644,63.29113924050633,49.36708860759494,13.924050632911392
E00087645,80,31,13,18,49,37,12,38.75,16.25,22.5,61.25000000000001,46.25,15
E00087646,106,42,19,23,64,52,12,39.62264150943396,17.92452830188679,21.69811320754717,60.37735849056604,49.056603773584904,11.320754716981133
E00087647,108,40,16,24,68,47,21,37.03703703703704,14.814814814814813,22.22222222222222,62.96296296296296,43.51851851851852,19.444444444444446
E00087648,188,64,22,42,124,104,20,34.04255319148936,11.702127659574469,22.340425531914892,65.95744680851064,55.319148936170215,10.638297872340425
E00087649,144,52,16,36,92,77,15,36.11111111111111,11.11111111111111,25,63.888888888888886,53.47222222222222,10.416666666666668
E00087650,131,56,19,37,75,67,8,42.74809160305343,14.50381679389313,28.24427480916031,57.25190839694656,51.14503816793893,6.106870229007633
E00087651,161,69,24,45,92,75,17,42.857142857142854,14.906832298136646,27.95031055900621,57.14285714285714,46.58385093167702,10.559006211180124
E00087652,56,23,10,13,33,28,5,41.07142857142857,17.857142857142858,23.214285714285715,58.92857142857143,50,8.928571428571429
E00087653,143,59,16,43,84,67,17,41.25874125874126,11.188811188811188,30.069930069930066,58.74125874125874,46.85314685314685,11.888111888111888
E00087654,102,32,14,18,70,60,10,31.372549019607842,13.725490196078432,17.647058823529413,68.62745098039215,58.82352941176471,9.803921568627452
E00087655,141,65,22,43,76,63,13,46.09929078014184,15.602836879432624,30.49645390070922,53.90070921985816,44.680851063829785,9.219858156028367
E00087656,88,34,7,27,54,46,8,38.63636363636363,7.954545454545454,30.681818181818183,61.36363636363637,52.27272727272727,9.090909090909092
E00087657,83,33,11,22,50,44,6,39.75903614457831,13.253012048192772,26.506024096385545,60.24096385542169,53.01204819277109,7.228915662650602
E00087658,130,53,19,34,77,68,9,40.76923076923077,14.615384615384617,26.153846153846157,59.23076923076923,52.307692307692314,6.923076923076923
E00087659,94,41,18,23,53,47,6,43.61702127659575,19.148936170212767,24.46808510638298,56.38297872340425,50,6.382978723404255
E00087660,122,60,24,36,62,50,12,49.18032786885246,19.672131147540984,29.508196721311474,50.81967213114754,40.98360655737705,9.836065573770492
E00087661,120,46,17,29,74,58,16,38.333333333333336,14.166666666666666,24.166666666666668,61.66666666666667,48.333333333333336,13.333333333333334
E00087662,119,45,18,27,74,64,10,37.81512605042017,15.126050420168067,22.689075630252102,62.18487394957983,53.78151260504202,8.403361344537815
E00087663,59,24,4,20,35,29,6,40.67796610169492,6.779661016949152,33.89830508474576,59.32203389830508,49.152542372881356,10.16949152542373
E00087664,95,40,12,28,55,46,9,42.10526315789473,12.631578947368421,29.47368421052631,57.89473684210527,48.421052631578945,9.473684210526317
E00087665,86,29,6,23,57,53,4,33.72093023255814,6.976744186046512,26.744186046511626,66.27906976744185,61.627906976744185,4.651162790697675
E00087666,75,27,12,15,48,42,6,36,16,20,64,56.00000000000001,8
E00087667,136,52,20,32,84,73,11,38.23529411764706,14.705882352941178,23.52941176470588,61.76470588235294,53.67647058823529,8.088235294117647
E00087668,96,48,28,20,48,36,12,50,29.166666666666668,20.833333333333336,50,37.5,12.5
E00087669,161,68,20,48,93,86,7,42.2360248447205,12.422360248447205,29.81366459627329,57.7639751552795,53.41614906832298,4.3478260869565215
E00087670,95,35,15,20,60,44,16,36.84210526315789,15.789473684210526,21.052631578947366,63.1578947368421,46.31578947368421,16.842105263157894
E00087671,103,54,23,31,49,41,8,52.42718446601942,22.330097087378643,30.097087378640776,47.57281553398058,39.80582524271845,7.766990291262135
E00087672,78,33,14,19,45,35,10,42.30769230769231,17.94871794871795,24.358974358974358,57.692307692307686,44.871794871794876,12.82051282051282
E00087673,78,39,26,13,39,32,7,50,33.33333333333333,16.666666666666664,50,41.02564102564102,8.974358974358974
E00087674,112,46,23,23,66,58,8,41.07142857142857,20.535714285714285,20.535714285714285,58.92857142857143,51.78571428571429,7.142857142857142
E00087675,120,45,14,31,75,71,4,37.5,11.666666666666666,25.833333333333336,62.5,59.166666666666664,3.3333333333333335
E00087676,151,77,24,53,74,62,12,50.993377483443716,15.894039735099339,35.099337748344375,49.00662251655629,41.05960264900662,7.9470198675496695
E00087677,141,54,17,37,87,76,11,38.297872340425535,12.056737588652481,26.24113475177305,61.702127659574465,53.90070921985816,7.801418439716312
E00087678,128,54,21,33,74,60,14,42.1875,16.40625,25.78125,57.8125,46.875,10.9375
E00087679,103,40,15,25,63,48,15,38.83495145631068,14.563106796116504,24.271844660194176,61.165048543689316,46.601941747572816,14.563106796116504
E00087680,113,57,18,39,56,43,13,50.442477876106196,15.929203539823009,34.51327433628318,49.557522123893804,38.05309734513274,11.504424778761061
E00087681,114,51,14,37,63,54,9,44.73684210526316,12.280701754385964,32.45614035087719,55.26315789473685,47.368421052631575,7.894736842105263
E00087682,71,39,16,23,32,28,4,54.929577464788736,22.535211267605636,32.3943661971831,45.07042253521127,39.436619718309856,5.633802816901409
E00087683,82,39,12,27,43,38,5,47.5609756097561,14.634146341463413,32.926829268292686,52.4390243902439,46.34146341463415,6.097560975609756
E00087684,121,53,23,30,68,60,8,43.80165289256198,19.00826446280992,24.793388429752067,56.19834710743802,49.586776859504134,6.6115702479338845
E00087685,131,52,22,30,79,71,8,39.69465648854962,16.793893129770993,22.900763358778626,60.30534351145038,54.19847328244275,6.106870229007633
E00087686,94,43,21,22,51,43,8,45.744680851063826,22.340425531914892,23.404255319148938,54.25531914893617,45.744680851063826,8.51063829787234
E00087687,85,36,19,17,49,41,8,42.35294117647059,22.35294117647059,20,57.647058823529406,48.23529411764706,9.411764705882353
E00087688,79,22,10,12,57,42,15,27.848101265822784,12.658227848101266,15.18987341772152,72.15189873417721,53.16455696202531,18.9873417721519
E00087689,82,31,12,19,51,44,7,37.80487804878049,14.634146341463413,23.170731707317074,62.19512195121951,53.65853658536586,8.536585365853659
E00087690,77,28,12,16,49,41,8,36.36363636363637,15.584415584415584,20.77922077922078,63.63636363636363,53.246753246753244,10.38961038961039
E00087691,101,40,14,26,61,46,15,39.603960396039604,13.861386138613863,25.742574257425744,60.396039603960396,45.54455445544555,14.85148514851485
E00087692,83,35,4,31,48,44,4,42.168674698795186,4.819277108433735,37.34939759036144,57.831325301204814,53.01204819277109,4.819277108433735
E00087693,95,37,10,27,58,45,13,38.94736842105263,10.526315789473683,28.421052631578945,61.05263157894737,47.368421052631575,13.684210526315791
E00087694,113,49,20,29,64,56,8,43.36283185840708,17.699115044247787,25.663716814159294,56.63716814159292,49.557522123893804,7.079646017699115
E00087695,86,38,13,25,48,42,6,44.18604651162791,15.11627906976744,29.069767441860467,55.81395348837209,48.837209302325576,6.976744186046512
E00087696,73,38,15,23,35,29,6,52.054794520547944,20.54794520547945,31.506849315068493,47.94520547945205,39.726027397260275,8.21917808219178
E00087697,114,46,14,32,68,60,8,40.35087719298245,12.280701754385964,28.07017543859649,59.64912280701754,52.63157894736842,7.017543859649122
E00087698,106,45,19,26,61,51,10,42.45283018867924,17.92452830188679,24.528301886792452,57.54716981132076,48.113207547169814,9.433962264150944
E00087699,69,35,11,24,34,30,4,50.72463768115942,15.942028985507244,34.78260869565217,49.275362318840585,43.47826086956522,5.797101449275362
E00087700,74,35,17,18,39,30,9,47.2972972972973,22.972972972972975,24.324324324324326,52.702702702702695,40.54054054054054,12.162162162162163
E00087701,112,53,18,35,59,49,10,47.32142857142857,16.071428571428573,31.25,52.67857142857143,43.75,8.928571428571429
E00087702,105,40,12,28,65,59,6,38.095238095238095,11.428571428571429,26.666666666666668,61.904761904761905,56.19047619047619,5.714285714285714
E00087703,116,42,17,25,74,67,7,36.206896551724135,14.655172413793101,21.551724137931032,63.793103448275865,57.758620689655174,6.0344827586206895
E00087704,102,47,16,31,55,41,14,46.07843137254902,15.686274509803921,30.392156862745097,53.92156862745098,40.19607843137255,13.725490196078432
E00087705,68,27,9,18,41,34,7,39.705882352941174,13.23529411764706,26.47058823529412,60.29411764705882,50,10.294117647058822
E00087706,60,24,7,17,36,31,5,40,11.666666666666666,28.333333333333332,60,51.66666666666667,8.333333333333332
E00087707,100,43,23,20,57,39,18,43,23,20,56.99999999999999,39,18
E00087708,86,38,20,18,48,43,5,44.18604651162791,23.25581395348837,20.930232558139537,55.81395348837209,50,5.813953488372093
E00087709,87,37,9,28,50,37,13,42.5287356321839,10.344827586206897,32.18390804597701,57.47126436781609,42.5287356321839,14.942528735632186
E00087710,114,53,23,30,61,54,7,46.49122807017544,20.175438596491226,26.31578947368421,53.50877192982456,47.368421052631575,6.140350877192982
E00087711,80,32,10,22,48,37,11,40,12.5,27.500000000000004,60,46.25,13.750000000000002
E00087712,108,37,7,30,71,51,20,34.25925925925926,6.481481481481481,27.77777777777778,65.74074074074075,47.22222222222222,18.51851851851852
E00087713,115,44,12,32,71,60,11,38.26086956521739,10.434782608695652,27.82608695652174,61.73913043478261,52.17391304347826,9.565217391304348
E00087714,108,37,12,25,71,65,6,34.25925925925926,11.11111111111111,23.14814814814815,65.74074074074075,60.18518518518518,5.555555555555555
E00087715,67,28,11,17,39,32,7,41.7910447761194,16.417910447761194,25.37313432835821,58.2089552238806,47.76119402985074,10.44776119402985
E00087716,94,32,11,21,62,57,5,34.04255319148936,11.702127659574469,22.340425531914892,65.95744680851064,60.63829787234043,5.319148936170213
E00087717,108,38,14,24,70,56,14,35.18518518518518,12.962962962962962,22.22222222222222,64.81481481481481,51.85185185185185,12.962962962962962
E00087718,120,46,11,35,74,62,12,38.333333333333336,9.166666666666666,29.166666666666668,61.66666666666667,51.66666666666667,10
E00087719,106,44,12,32,62,55,7,41.509433962264154,11.320754716981133,30.18867924528302,58.490566037735846,51.886792452830186,6.60377358490566
E00087720,77,21,0,21,56,49,7,27.27272727272727,0,27.27272727272727,72.72727272727273,63.63636363636363,9.090909090909092
E00087721,120,37,6,31,83,76,7,30.833333333333336,5,25.833333333333336,69.16666666666667,63.33333333333333,5.833333333333333
E00087722,91,32,8,24,59,46,13,35.16483516483517,8.791208791208792,26.373626373626376,64.83516483516483,50.54945054945055,14.285714285714285
E00087723,110,39,12,27,71,64,7,35.45454545454545,10.909090909090908,24.545454545454547,64.54545454545455,58.18181818181818,6.363636363636363
E00087724,84,39,12,27,45,36,9,46.42857142857143,14.285714285714285,32.142857142857146,53.57142857142857,42.857142857142854,10.714285714285714
E00087725,214,84,43,41,130,97,33,39.25233644859813,20.093457943925234,19.158878504672895,60.747663551401864,45.32710280373832,15.42056074766355
E00087726,64,37,11,26,27,25,2,57.8125,17.1875,40.625,42.1875,39.0625,3.125
E00087727,154,54,19,35,100,92,8,35.064935064935064,12.337662337662337,22.727272727272727,64.93506493506493,59.74025974025974,5.194805194805195
E00087728,100,36,13,23,64,49,15,36,13,23,64,49,15
E00087729,109,50,20,30,59,51,8,45.87155963302752,18.34862385321101,27.522935779816514,54.12844036697248,46.788990825688074,7.339449541284404
E00087730,114,64,22,42,50,44,6,56.14035087719298,19.298245614035086,36.84210526315789,43.859649122807014,38.59649122807017,5.263157894736842
E00087731,109,41,12,29,68,59,9,37.61467889908257,11.009174311926607,26.605504587155966,62.38532110091744,54.12844036697248,8.256880733944955
E00087732,91,32,14,18,59,51,8,35.16483516483517,15.384615384615385,19.78021978021978,64.83516483516483,56.043956043956044,8.791208791208792
E00087733,108,36,10,26,72,68,4,33.33333333333333,9.25925925925926,24.074074074074073,66.66666666666666,62.96296296296296,3.7037037037037033
E00087734,107,46,24,22,61,50,11,42.99065420560748,22.429906542056074,20.5607476635514,57.009345794392516,46.728971962616825,10.2803738317757
E00172701,116,40,8,32,76,70,6,34.48275862068966,6.896551724137931,27.586206896551722,65.51724137931035,60.3448275862069,5.172413793103448
E00172702,125,44,8,36,81,73,8,35.199999999999996,6.4,28.799999999999997,64.8,58.4,6.4
E00172707,113,43,11,32,70,60,10,38.05309734513274,9.734513274336283,28.31858407079646,61.94690265486725,53.09734513274337,8.849557522123893
E00172708,124,34,4,30,90,75,15,27.419354838709676,3.225806451612903,24.193548387096776,72.58064516129032,60.483870967741936,12.096774193548388
E00172710,160,59,22,37,101,90,11,36.875,13.750000000000002,23.125,63.125,56.25,6.875000000000001
E00172711,150,48,11,37,102,94,8,32,7.333333333333333,24.666666666666668,68,62.66666666666667,5.333333333333334
E00172713,141,49,14,35,92,75,17,34.751773049645394,9.929078014184398,24.822695035460992,65.24822695035462,53.191489361702125,12.056737588652481
E00172715,129,42,13,29,87,75,12,32.55813953488372,10.077519379844961,22.48062015503876,67.44186046511628,58.139534883720934,9.30232558139535
E00172716,202,66,21,45,136,116,20,32.67326732673268,10.396039603960396,22.277227722772277,67.32673267326733,57.42574257425742,9.900990099009901
E00172718,140,45,5,40,95,88,7,32.142857142857146,3.571428571428571,28.57142857142857,67.85714285714286,62.857142857142854,5
E00172722,58,19,3,16,39,35,4,32.758620689655174,5.172413793103448,27.586206896551722,67.24137931034483,60.3448275862069,6.896551724137931
E00172725,93,31,15,16,62,56,6,33.33333333333333,16.129032258064516,17.20430107526882,66.66666666666666,60.215053763440864,6.451612903225806
E00180402,296,101,24,77,195,152,43,34.12162162162162,8.108108108108109,26.013513513513516,65.87837837837837,51.35135135135135,14.527027027027026
E00180407,101,38,14,24,63,54,9,37.62376237623762,13.861386138613863,23.762376237623762,62.37623762376238,53.46534653465347,8.91089108910891
E00180410,79,20,7,13,59,54,5,25.31645569620253,8.860759493670885,16.455696202531644,74.68354430379746,68.35443037974683,6.329113924050633
E00180411,256,52,14,38,204,189,15,20.3125,5.46875,14.84375,79.6875,73.828125,5.859375
E00180412,182,74,23,51,108,96,12,40.65934065934066,12.637362637362637,28.021978021978022,59.34065934065934,52.74725274725275,6.593406593406594
E00180416,85,32,12,20,53,50,3,37.64705882352941,14.117647058823529,23.52941176470588,62.35294117647059,58.82352941176471,3.5294117647058822
E00180417,116,39,15,24,77,67,10,33.62068965517241,12.931034482758621,20.689655172413794,66.37931034482759,57.758620689655174,8.620689655172415
E00180424,135,39,11,28,96,81,15,28.888888888888886,8.148148148148149,20.74074074074074,71.11111111111111,60,11.11111111111111
E00180425,171,52,17,35,119,110,9,30.409356725146196,9.941520467836257,20.46783625730994,69.5906432748538,64.32748538011695,5.263157894736842
E00180427,51,13,4,9,38,32,6,25.49019607843137,7.8431372549019605,17.647058823529413,74.50980392156863,62.745098039215684,11.76470588235294
E00180431,158,51,15,36,107,85,22,32.278481012658226,9.49367088607595,22.78481012658228,67.72151898734177,53.79746835443038,13.924050632911392
E00180436,149,51,15,36,98,88,10,34.22818791946309,10.06711409395973,24.161073825503358,65.77181208053692,59.06040268456376,6.7114093959731544
E00180438,117,40,16,24,77,74,3,34.18803418803419,13.675213675213676,20.51282051282051,65.8119658119658,63.24786324786324,2.564102564102564
E00180439,56,21,3,18,35,31,4,37.5,5.357142857142857,32.142857142857146,62.5,55.35714285714286,7.142857142857142
E00180440,140,40,12,28,100,81,19,28.57142857142857,8.571428571428571,20,71.42857142857143,57.85714285714286,13.571428571428571
E00180443,96,22,10,12,74,62,12,22.916666666666664,10.416666666666668,12.5,77.08333333333334,64.58333333333334,12.5
E00180446,134,34,12,22,100,93,7,25.37313432835821,8.955223880597014,16.417910447761194,74.6268656716418,69.40298507462687,5.223880597014925
E00180450,252,89,25,64,163,133,30,35.317460317460316,9.920634920634921,25.396825396825395,64.68253968253968,52.77777777777778,11.904761904761903
E00180452,68,21,6,15,47,40,7,30.88235294117647,8.823529411764707,22.058823529411764,69.11764705882352,58.82352941176471,10.294117647058822
E00180457,157,50,17,33,107,98,9,31.84713375796178,10.828025477707007,21.019108280254777,68.15286624203821,62.42038216560509,5.7324840764331215
