OA,ts0590001,ts0590002,ts0590003,ts0590004,ts0590005,ts0590006,ts0590007,ts0590002_PCT,ts0590003_PCT,ts0590004_PCT,ts0590005_PCT,ts0590006_PCT,ts0590007_PCT
E00140750,169,55,20,35,114,99,15,32.544378698224854,11.834319526627219,20.710059171597635,67.45562130177515,58.57988165680473,8.875739644970414
E00140752,179,55,15,40,124,110,14,30.726256983240223,8.379888268156424,22.3463687150838,69.27374301675978,61.452513966480446,7.82122905027933
E00140753,139,51,23,28,88,75,13,36.69064748201439,16.546762589928058,20.14388489208633,63.30935251798561,53.956834532374096,9.352517985611511
E00140754,147,53,10,43,94,79,15,36.054421768707485,6.802721088435375,29.25170068027211,63.94557823129252,53.74149659863946,10.204081632653061
E00140755,120,27,10,17,93,81,12,22.5,8.333333333333332,14.166666666666666,77.5,67.5,10
E00140756,164,59,25,34,105,85,20,35.97560975609756,15.24390243902439,20.73170731707317,64.02439024390245,51.829268292682926,12.195121951219512
E00140757,129,41,13,28,88,80,8,31.782945736434108,10.077519379844961,21.705426356589147,68.21705426356588,62.01550387596899,6.2015503875969
E00140758,167,56,24,32,111,95,16,33.532934131736525,14.37125748502994,19.16167664670659,66.46706586826348,56.886227544910184,9.580838323353294
E00140759,117,41,8,33,76,65,11,35.04273504273504,6.837606837606838,28.205128205128204,64.95726495726495,55.55555555555556,9.401709401709402
E00140760,118,47,22,25,71,59,12,39.83050847457627,18.64406779661017,21.1864406779661,60.16949152542372,50,10.16949152542373
E00140761,92,25,11,14,67,54,13,27.173913043478258,11.956521739130435,15.217391304347828,72.82608695652173,58.69565217391305,14.130434782608695
E00140762,155,54,23,31,101,89,12,34.83870967741935,14.838709677419354,20,65.16129032258064,57.41935483870968,7.741935483870968
E00140763,145,46,14,32,99,87,12,31.724137931034484,9.655172413793103,22.06896551724138,68.27586206896552,60,8.275862068965518
E00140764,144,37,13,24,107,96,11,25.694444444444443,9.027777777777777,16.666666666666664,74.30555555555556,66.66666666666666,7.638888888888889
E00140765,156,51,16,35,105,95,10,32.69230769230769,10.256410256410255,22.435897435897438,67.3076923076923,60.89743589743589,6.41025641025641
E00140766,192,66,12,54,126,117,9,34.375,6.25,28.125,65.625,60.9375,4.6875
E00140767,142,43,14,29,99,83,16,30.28169014084507,9.859154929577464,20.422535211267608,69.71830985915493,58.45070422535211,11.267605633802818
E00140769,110,46,19,27,64,50,14,41.81818181818181,17.272727272727273,24.545454545454547,58.18181818181818,45.45454545454545,12.727272727272727
E00140770,105,31,15,16,74,55,19,29.523809523809526,14.285714285714285,15.238095238095239,70.47619047619048,52.38095238095239,18.095238095238095
E00140771,119,39,17,22,80,62,18,32.773109243697476,14.285714285714285,18.487394957983195,67.22689075630252,52.10084033613446,15.126050420168067
E00140772,162,58,23,35,104,84,20,35.80246913580247,14.19753086419753,21.604938271604937,64.19753086419753,51.85185185185185,12.345679012345679
E00140773,143,38,17,21,105,74,31,26.573426573426573,11.888111888111888,14.685314685314685,73.42657342657343,51.74825174825175,21.678321678321677
E00140774,73,28,11,17,45,31,14,38.35616438356164,15.068493150684931,23.28767123287671,61.64383561643836,42.465753424657535,19.17808219178082
E00140775,184,72,31,41,112,85,27,39.130434782608695,16.847826086956523,22.282608695652172,60.86956521739131,46.19565217391305,14.673913043478262
E00140776,148,45,22,23,103,83,20,30.405405405405407,14.864864864864865,15.54054054054054,69.5945945945946,56.08108108108109,13.513513513513514
E00140777,179,62,24,38,117,79,38,34.63687150837989,13.40782122905028,21.22905027932961,65.36312849162012,44.134078212290504,21.22905027932961
E00140778,91,31,11,20,60,41,19,34.065934065934066,12.087912087912088,21.978021978021978,65.93406593406593,45.05494505494506,20.87912087912088
E00140779,95,28,11,17,67,51,16,29.47368421052631,11.578947368421053,17.894736842105264,70.52631578947368,53.68421052631579,16.842105263157894
E00140780,176,54,25,29,122,87,35,30.681818181818183,14.204545454545455,16.477272727272727,69.31818181818183,49.43181818181818,19.886363636363637
E00140782,145,54,19,35,91,72,19,37.24137931034483,13.10344827586207,24.137931034482758,62.758620689655174,49.6551724137931,13.10344827586207
E00140783,78,27,9,18,51,39,12,34.61538461538461,11.538461538461538,23.076923076923077,65.38461538461539,50,15.384615384615385
E00140784,163,45,12,33,118,101,17,27.607361963190186,7.361963190184049,20.245398773006134,72.39263803680981,61.963190184049076,10.429447852760736
E00140785,182,55,12,43,127,106,21,30.21978021978022,6.593406593406594,23.626373626373624,69.78021978021978,58.24175824175825,11.538461538461538
E00140786,158,43,14,29,115,96,19,27.21518987341772,8.860759493670885,18.354430379746837,72.78481012658227,60.75949367088608,12.025316455696203
E00140787,168,49,14,35,119,92,27,29.166666666666668,8.333333333333332,20.833333333333336,70.83333333333334,54.761904761904766,16.071428571428573
E00140788,164,42,15,27,122,97,25,25.609756097560975,9.146341463414634,16.463414634146343,74.39024390243902,59.14634146341463,15.24390243902439
E00140790,246,87,31,56,159,120,39,35.36585365853659,12.601626016260163,22.76422764227642,64.63414634146342,48.78048780487805,15.853658536585366
E00140791,58,22,6,16,36,29,7,37.93103448275862,10.344827586206897,27.586206896551722,62.06896551724138,50,12.068965517241379
E00140793,73,28,14,14,45,30,15,38.35616438356164,19.17808219178082,19.17808219178082,61.64383561643836,41.0958904109589,20.54794520547945
E00140794,131,53,18,35,78,53,25,40.458015267175576,13.740458015267176,26.717557251908396,59.541984732824424,40.458015267175576,19.083969465648856
E00140795,103,30,8,22,73,51,22,29.126213592233007,7.766990291262135,21.35922330097087,70.87378640776699,49.51456310679612,21.35922330097087
E00140796,71,21,8,13,50,41,9,29.577464788732392,11.267605633802818,18.30985915492958,70.4225352112676,57.74647887323944,12.676056338028168
E00140797,133,49,19,30,84,59,25,36.84210526315789,14.285714285714285,22.55639097744361,63.1578947368421,44.3609022556391,18.796992481203006
E00140798,122,43,14,29,79,54,25,35.24590163934426,11.475409836065573,23.770491803278688,64.75409836065575,44.26229508196721,20.491803278688526
E00140799,158,52,20,32,106,86,20,32.91139240506329,12.658227848101266,20.253164556962027,67.08860759493672,54.43037974683544,12.658227848101266
E00140800,170,58,25,33,112,90,22,34.11764705882353,14.705882352941178,19.411764705882355,65.88235294117646,52.94117647058824,12.941176470588237
E00140801,211,68,26,42,143,104,39,32.22748815165877,12.322274881516588,19.90521327014218,67.77251184834124,49.28909952606635,18.48341232227488
E00140802,134,37,8,29,97,88,9,27.611940298507463,5.970149253731343,21.641791044776117,72.38805970149254,65.67164179104478,6.7164179104477615
E00140803,132,37,8,29,95,75,20,28.030303030303028,6.0606060606060606,21.96969696969697,71.96969696969697,56.81818181818182,15.151515151515152
E00140804,210,72,23,49,138,124,14,34.285714285714285,10.952380952380953,23.333333333333332,65.71428571428571,59.04761904761905,6.666666666666667
E00140805,168,49,18,31,119,101,18,29.166666666666668,10.714285714285714,18.452380952380953,70.83333333333334,60.11904761904761,10.714285714285714
E00140807,227,52,16,36,175,160,15,22.90748898678414,7.048458149779736,15.859030837004406,77.09251101321586,70.48458149779736,6.607929515418502
E00140808,129,41,11,30,88,75,13,31.782945736434108,8.527131782945736,23.25581395348837,68.21705426356588,58.139534883720934,10.077519379844961
E00140809,145,50,13,37,95,80,15,34.48275862068966,8.96551724137931,25.517241379310345,65.51724137931035,55.172413793103445,10.344827586206897
E00140810,157,53,21,32,104,96,8,33.75796178343949,13.375796178343949,20.382165605095544,66.2420382165605,61.146496815286625,5.095541401273886
E00140811,141,39,12,27,102,86,16,27.659574468085108,8.51063829787234,19.148936170212767,72.3404255319149,60.99290780141844,11.347517730496454
E00140812,169,49,9,40,120,105,15,28.994082840236686,5.325443786982249,23.668639053254438,71.00591715976331,62.1301775147929,8.875739644970414
E00140813,46,16,8,8,30,28,2,34.78260869565217,17.391304347826086,17.391304347826086,65.21739130434783,60.86956521739131,4.3478260869565215
E00140814,179,53,15,38,126,104,22,29.608938547486037,8.379888268156424,21.22905027932961,70.39106145251397,58.10055865921788,12.290502793296088
E00140815,240,72,19,53,168,145,23,30,7.916666666666666,22.083333333333332,70,60.416666666666664,9.583333333333334
E00140816,154,49,14,35,105,89,16,31.818181818181817,9.090909090909092,22.727272727272727,68.18181818181817,57.7922077922078,10.38961038961039
E00140817,274,75,29,46,199,169,30,27.37226277372263,10.583941605839415,16.78832116788321,72.62773722627736,61.67883211678832,10.948905109489052
E00140818,197,53,17,36,144,124,20,26.903553299492383,8.629441624365482,18.274111675126903,73.09644670050761,62.944162436548226,10.152284263959391
E00140819,248,78,15,63,170,156,14,31.451612903225808,6.048387096774194,25.403225806451612,68.54838709677419,62.903225806451616,5.64516129032258
E00140820,214,62,26,36,152,124,28,28.971962616822427,12.149532710280374,16.822429906542055,71.02803738317756,57.943925233644855,13.084112149532709
E00140822,187,56,34,22,131,105,26,29.946524064171122,18.181818181818183,11.76470588235294,70.05347593582889,56.14973262032086,13.903743315508022
E00140823,170,53,28,25,117,96,21,31.176470588235293,16.470588235294116,14.705882352941178,68.82352941176471,56.470588235294116,12.352941176470589
E00140824,148,49,25,24,99,72,27,33.108108108108105,16.89189189189189,16.216216216216218,66.8918918918919,48.64864864864865,18.243243243243242
E00140825,117,38,17,21,79,65,14,32.47863247863248,14.529914529914532,17.94871794871795,67.52136752136752,55.55555555555556,11.965811965811966
E00140826,173,48,19,29,125,105,20,27.74566473988439,10.982658959537572,16.76300578034682,72.25433526011561,60.69364161849711,11.560693641618498
E00140827,122,36,16,20,86,60,26,29.508196721311474,13.114754098360656,16.39344262295082,70.49180327868852,49.18032786885246,21.311475409836063
E00140828,148,51,28,23,97,75,22,34.45945945945946,18.91891891891892,15.54054054054054,65.54054054054053,50.67567567567568,14.864864864864865
E00140829,122,44,12,32,78,60,18,36.0655737704918,9.836065573770492,26.229508196721312,63.934426229508205,49.18032786885246,14.754098360655737
E00140830,127,44,22,22,83,68,15,34.645669291338585,17.322834645669293,17.322834645669293,65.35433070866141,53.54330708661418,11.811023622047244
E00140831,113,45,18,27,68,45,23,39.823008849557525,15.929203539823009,23.893805309734514,60.17699115044248,39.823008849557525,20.353982300884958
E00140832,91,30,12,18,61,46,15,32.967032967032964,13.186813186813188,19.78021978021978,67.03296703296702,50.54945054945055,16.483516483516482
E00140833,187,67,38,29,120,93,27,35.82887700534759,20.32085561497326,15.508021390374333,64.171122994652407,49.73262032085562,14.43850267379679
E00140834,177,44,15,29,133,104,29,24.858757062146893,8.47457627118644,16.38418079096045,75.14124293785311,58.75706214689266,16.38418079096045
E00140835,189,69,21,48,120,93,27,36.507936507936506,11.11111111111111,25.396825396825395,63.49206349206349,49.2063492063492,14.285714285714285
E00140836,35,18,6,12,17,10,7,51.42857142857142,17.142857142857142,34.285714285714285,48.57142857142857,28.57142857142857,20
E00140837,157,51,19,32,106,83,23,32.48407643312102,12.101910828025478,20.382165605095544,67.51592356687898,52.86624203821656,14.64968152866242
E00140838,107,43,18,25,64,59,5,40.18691588785047,16.822429906542055,23.364485981308412,59.813084112149525,55.140186915887845,4.672897196261682
E00140839,240,82,32,50,158,129,29,34.166666666666664,13.333333333333334,20.833333333333336,65.83333333333333,53.75,12.083333333333334
E00140840,96,32,11,21,64,52,12,33.33333333333333,11.458333333333332,21.875,66.66666666666666,54.166666666666664,12.5
E00140841,132,33,10,23,99,86,13,25,7.575757575757576,17.424242424242426,75,65.15151515151516,9.848484848484848
E00140842,163,34,9,25,129,113,16,20.858895705521473,5.521472392638037,15.337423312883436,79.14110429447852,69.32515337423312,9.815950920245399
E00140843,61,15,5,10,46,34,12,24.59016393442623,8.19672131147541,16.39344262295082,75.40983606557377,55.73770491803278,19.672131147540984
E00140844,117,36,14,22,81,64,17,30.76923076923077,11.965811965811966,18.803418803418804,69.23076923076923,54.700854700854705,14.529914529914532
E00140845,161,42,11,31,119,111,8,26.08695652173913,6.832298136645963,19.25465838509317,73.91304347826086,68.94409937888199,4.968944099378882
E00140846,188,43,17,26,145,133,12,22.872340425531913,9.042553191489363,13.829787234042554,77.12765957446808,70.74468085106383,6.382978723404255
E00140847,175,42,15,27,133,116,17,24,8.571428571428571,15.428571428571427,76,66.28571428571428,9.714285714285714
E00140848,151,45,16,29,106,94,12,29.80132450331126,10.596026490066226,19.205298013245034,70.19867549668875,62.251655629139066,7.9470198675496695
E00140849,136,28,9,19,108,95,13,20.588235294117645,6.61764705882353,13.970588235294118,79.41176470588235,69.85294117647058,9.558823529411764
E00140850,162,42,15,27,120,105,15,25.925925925925924,9.25925925925926,16.666666666666664,74.07407407407408,64.81481481481481,9.25925925925926
E00140851,153,47,11,36,106,89,17,30.718954248366014,7.18954248366013,23.52941176470588,69.28104575163398,58.16993464052288,11.11111111111111
E00140852,151,35,15,20,116,99,17,23.178807947019866,9.933774834437086,13.245033112582782,76.82119205298014,65.56291390728477,11.258278145695364
E00140853,161,48,13,35,113,92,21,29.81366459627329,8.074534161490684,21.73913043478261,70.1863354037267,57.14285714285714,13.043478260869565
E00140854,159,28,9,19,131,118,13,17.61006289308176,5.660377358490567,11.949685534591195,82.38993710691824,74.21383647798741,8.176100628930817
E00140855,207,53,12,41,154,132,22,25.60386473429952,5.797101449275362,19.806763285024154,74.39613526570048,63.76811594202898,10.628019323671497
E00140856,233,38,17,21,195,166,29,16.30901287553648,7.296137339055794,9.012875536480687,83.69098712446352,71.24463519313305,12.446351931330472
E00140857,175,36,9,27,139,114,25,20.57142857142857,5.142857142857142,15.428571428571427,79.42857142857143,65.14285714285715,14.285714285714285
E00140858,157,36,10,26,121,107,14,22.929936305732486,6.369426751592357,16.560509554140125,77.07006369426752,68.15286624203821,8.9171974522293
E00140859,95,34,13,21,61,49,12,35.78947368421053,13.684210526315791,22.105263157894736,64.21052631578948,51.578947368421055,12.631578947368421
E00140860,123,38,13,25,85,63,22,30.89430894308943,10.569105691056912,20.32520325203252,69.10569105691057,51.21951219512195,17.88617886178862
E00140861,237,49,18,31,188,158,30,20.675105485232066,7.59493670886076,13.080168776371309,79.32489451476793,66.66666666666666,12.658227848101266
E00140862,170,46,22,24,124,104,20,27.058823529411764,12.941176470588237,14.117647058823529,72.94117647058823,61.1764705882353,11.76470588235294
E00140863,167,46,17,29,121,98,23,27.54491017964072,10.179640718562874,17.365269461077844,72.45508982035929,58.68263473053892,13.77245508982036
E00140864,132,53,17,36,79,65,14,40.15151515151515,12.878787878787879,27.27272727272727,59.84848484848485,49.24242424242424,10.606060606060606
E00140865,131,32,9,23,99,92,7,24.427480916030532,6.870229007633588,17.557251908396946,75.57251908396947,70.22900763358778,5.343511450381679
E00140866,71,21,11,10,50,39,11,29.577464788732392,15.492957746478872,14.084507042253522,70.4225352112676,54.929577464788736,15.492957746478872
E00140867,133,40,17,23,93,80,13,30.075187969924812,12.781954887218044,17.293233082706767,69.92481203007519,60.150375939849624,9.774436090225564
E00140868,137,68,20,48,69,55,14,49.63503649635037,14.5985401459854,35.03649635036496,50.36496350364964,40.14598540145985,10.218978102189782
E00140869,149,58,19,39,91,76,15,38.92617449664429,12.751677852348994,26.174496644295303,61.07382550335571,51.006711409395976,10.06711409395973
E00140870,140,30,9,21,110,89,21,21.428571428571427,6.428571428571428,15,78.57142857142857,63.57142857142857,15
E00140871,173,61,22,39,112,97,15,35.26011560693642,12.716763005780345,22.54335260115607,64.73988439306359,56.06936416184971,8.670520231213873
E00140872,134,51,19,32,83,58,25,38.059701492537314,14.17910447761194,23.88059701492537,61.940298507462686,43.28358208955223,18.65671641791045
E00140873,156,42,19,23,114,85,29,26.923076923076923,12.179487179487179,14.743589743589745,73.07692307692307,54.48717948717948,18.58974358974359
E00140874,143,36,7,29,107,96,11,25.174825174825177,4.895104895104895,20.27972027972028,74.82517482517483,67.13286713286713,7.6923076923076925
E00140875,177,43,17,26,134,114,20,24.293785310734464,9.6045197740113,14.689265536723164,75.70621468926554,64.40677966101694,11.299435028248588
E00140876,140,41,10,31,99,91,8,29.28571428571429,7.142857142857142,22.142857142857142,70.71428571428572,65,5.714285714285714
E00140877,101,21,8,13,80,72,8,20.792079207920793,7.920792079207921,12.871287128712872,79.20792079207921,71.28712871287128,7.920792079207921
E00140878,150,53,17,36,97,82,15,35.333333333333336,11.333333333333332,24,64.66666666666666,54.666666666666664,10
E00140879,144,37,12,25,107,91,16,25.694444444444443,8.333333333333332,17.36111111111111,74.30555555555556,63.19444444444444,11.11111111111111
E00140880,139,44,15,29,95,82,13,31.654676258992804,10.79136690647482,20.863309352517987,68.34532374100719,58.992805755395686,9.352517985611511
E00140881,114,46,8,38,68,59,9,40.35087719298245,7.017543859649122,33.33333333333333,59.64912280701754,51.75438596491229,7.894736842105263
E00140882,78,23,11,12,55,42,13,29.48717948717949,14.102564102564102,15.384615384615385,70.51282051282051,53.84615384615385,16.666666666666664
E00140883,159,56,22,34,103,83,20,35.22012578616352,13.836477987421384,21.38364779874214,64.77987421383648,52.20125786163522,12.578616352201259
E00140884,87,32,11,21,55,44,11,36.7816091954023,12.643678160919542,24.137931034482758,63.2183908045977,50.57471264367817,12.643678160919542
E00140885,293,95,32,63,198,147,51,32.42320819112628,10.921501706484642,21.501706484641637,67.57679180887372,50.170648464163826,17.4061433447099
E00140886,265,84,33,51,181,141,40,31.69811320754717,12.452830188679245,19.245283018867926,68.30188679245282,53.20754716981132,15.09433962264151
E00140887,237,74,26,48,163,136,27,31.223628691983123,10.970464135021098,20.253164556962027,68.77637130801688,57.383966244725734,11.39240506329114
E00140888,212,65,23,42,147,123,24,30.660377358490564,10.849056603773585,19.81132075471698,69.33962264150944,58.01886792452831,11.320754716981133
E00140889,239,82,37,45,157,114,43,34.30962343096235,15.481171548117153,18.828451882845187,65.69037656903765,47.69874476987448,17.99163179916318
E00140891,77,17,9,8,60,50,10,22.07792207792208,11.688311688311687,10.38961038961039,77.92207792207793,64.93506493506493,12.987012987012985
E00140892,101,30,13,17,71,54,17,29.7029702970297,12.871287128712872,16.831683168316832,70.29702970297029,53.46534653465347,16.831683168316832
E00140893,179,64,29,35,115,67,48,35.754189944134076,16.201117318435752,19.553072625698324,64.24581005586593,37.43016759776536,26.81564245810056
E00140894,170,44,22,22,126,85,41,25.882352941176475,12.941176470588237,12.941176470588237,74.11764705882354,50,24.11764705882353
E00140895,127,40,16,24,87,67,20,31.496062992125985,12.598425196850393,18.89763779527559,68.50393700787401,52.75590551181102,15.748031496062993
E00140896,114,38,16,22,76,65,11,33.33333333333333,14.035087719298245,19.298245614035086,66.66666666666666,57.01754385964912,9.649122807017543
E00140897,181,64,24,40,117,75,42,35.35911602209944,13.259668508287293,22.099447513812155,64.64088397790056,41.43646408839779,23.204419889502763
E00140898,152,50,14,36,102,62,40,32.89473684210527,9.210526315789473,23.684210526315788,67.10526315789474,40.78947368421053,26.31578947368421
E00140899,211,67,32,35,144,103,41,31.753554502369667,15.165876777251185,16.587677725118482,68.24644549763033,48.81516587677725,19.431279620853083
E00140900,171,61,26,35,110,84,26,35.67251461988304,15.204678362573098,20.46783625730994,64.32748538011695,49.122807017543856,15.204678362573098
E00140901,129,42,19,23,87,61,26,32.55813953488372,14.728682170542637,17.829457364341085,67.44186046511628,47.286821705426355,20.155038759689923
E00140902,81,26,11,15,55,37,18,32.098765432098766,13.580246913580247,18.51851851851852,67.90123456790124,45.67901234567901,22.22222222222222
E00140903,78,30,8,22,48,38,10,38.46153846153847,10.256410256410255,28.205128205128204,61.53846153846154,48.717948717948715,12.82051282051282
E00140904,152,59,17,42,93,79,14,38.81578947368421,11.18421052631579,27.631578947368425,61.18421052631579,51.973684210526315,9.210526315789473
E00140905,119,37,18,19,82,68,14,31.092436974789916,15.126050420168067,15.966386554621847,68.90756302521008,57.14285714285714,11.76470588235294
E00140906,166,53,17,36,113,98,15,31.92771084337349,10.240963855421686,21.686746987951807,68.07228915662651,59.036144578313255,9.036144578313253
E00140907,171,50,19,31,121,98,23,29.239766081871345,11.11111111111111,18.128654970760234,70.76023391812866,57.30994152046783,13.450292397660817
E00140908,157,50,16,34,107,93,14,31.84713375796178,10.191082802547772,21.656050955414013,68.15286624203821,59.23566878980891,8.9171974522293
E00140909,95,30,12,18,65,55,10,31.57894736842105,12.631578947368421,18.947368421052634,68.42105263157895,57.89473684210527,10.526315789473683
E00140910,112,31,11,20,81,69,12,27.67857142857143,9.821428571428571,17.857142857142858,72.32142857142857,61.60714285714286,10.714285714285714
E00140911,154,52,19,33,102,91,11,33.76623376623377,12.337662337662337,21.428571428571427,66.23376623376623,59.09090909090909,7.142857142857142
E00140912,138,41,12,29,97,89,8,29.71014492753623,8.695652173913043,21.014492753623188,70.28985507246377,64.4927536231884,5.797101449275362
E00140913,161,48,11,37,113,105,8,29.81366459627329,6.832298136645963,22.981366459627328,70.1863354037267,65.21739130434783,4.968944099378882
E00140914,153,39,9,30,114,90,24,25.49019607843137,5.88235294117647,19.607843137254903,74.50980392156863,58.82352941176471,15.686274509803921
E00140915,141,46,15,31,95,87,8,32.62411347517731,10.638297872340425,21.98581560283688,67.37588652482269,61.702127659574465,5.673758865248227
E00140916,111,34,21,13,77,70,7,30.630630630630627,18.91891891891892,11.711711711711711,69.36936936936937,63.06306306306306,6.306306306306306
E00140917,158,49,15,34,109,92,17,31.0126582278481,9.49367088607595,21.518987341772153,68.9873417721519,58.22784810126582,10.759493670886076
E00140918,125,43,12,31,82,72,10,34.4,9.6,24.8,65.60000000000001,57.599999999999994,8
E00140919,96,33,13,20,63,52,11,34.375,13.541666666666666,20.833333333333336,65.625,54.166666666666664,11.458333333333332
E00140920,155,60,21,39,95,79,16,38.70967741935484,13.548387096774196,25.161290322580644,61.29032258064516,50.967741935483865,10.32258064516129
E00140921,144,48,25,23,96,85,11,33.33333333333333,17.36111111111111,15.972222222222221,66.66666666666666,59.02777777777778,7.638888888888889
E00140922,114,36,15,21,78,69,9,31.57894736842105,13.157894736842104,18.421052631578945,68.42105263157895,60.526315789473685,7.894736842105263
E00140923,181,64,24,40,117,89,28,35.35911602209944,13.259668508287293,22.099447513812155,64.64088397790056,49.171270718232044,15.469613259668508
E00140924,125,50,20,30,75,59,16,40,16,24,60,47.199999999999996,12.8
E00140925,175,57,18,39,118,101,17,32.57142857142858,10.285714285714285,22.285714285714285,67.42857142857143,57.714285714285715,9.714285714285714
E00140926,137,44,20,24,93,77,16,32.11678832116788,14.5985401459854,17.51824817518248,67.88321167883211,56.20437956204379,11.678832116788321
E00140927,146,54,20,34,92,77,15,36.986301369863014,13.698630136986301,23.28767123287671,63.013698630136986,52.73972602739726,10.273972602739725
E00140928,142,49,21,28,93,81,12,34.50704225352113,14.788732394366196,19.718309859154928,65.49295774647888,57.04225352112676,8.450704225352112
E00140929,101,32,11,21,69,55,14,31.683168316831683,10.891089108910892,20.792079207920793,68.31683168316832,54.45544554455446,13.861386138613863
E00140930,140,53,22,31,87,72,15,37.857142857142854,15.714285714285714,22.142857142857142,62.142857142857146,51.42857142857142,10.714285714285714
E00140931,174,49,18,31,125,104,21,28.160919540229884,10.344827586206897,17.81609195402299,71.83908045977012,59.77011494252874,12.068965517241379
E00140932,128,41,16,25,87,77,10,32.03125,12.5,19.53125,67.96875,60.15625,7.8125
E00140933,97,31,12,19,66,50,16,31.958762886597935,12.371134020618557,19.587628865979383,68.04123711340206,51.546391752577314,16.49484536082474
E00140934,180,66,26,40,114,100,14,36.666666666666664,14.444444444444443,22.22222222222222,63.33333333333333,55.55555555555556,7.777777777777778
E00140935,139,45,19,26,94,79,15,32.37410071942446,13.66906474820144,18.705035971223023,67.62589928057554,56.83453237410072,10.79136690647482
E00140936,130,46,22,24,84,62,22,35.38461538461539,16.923076923076923,18.461538461538463,64.61538461538461,47.69230769230769,16.923076923076923
E00140937,147,40,16,24,107,89,18,27.2108843537415,10.884353741496598,16.3265306122449,72.78911564625851,60.544217687074834,12.244897959183673
E00140938,102,43,19,24,59,45,14,42.15686274509804,18.627450980392158,23.52941176470588,57.84313725490197,44.11764705882353,13.725490196078432
E00140939,185,66,19,47,119,97,22,35.67567567567568,10.27027027027027,25.405405405405407,64.32432432432432,52.43243243243243,11.891891891891893
E00140940,85,30,11,19,55,47,8,35.294117647058826,12.941176470588237,22.35294117647059,64.70588235294117,55.294117647058826,9.411764705882353
E00140941,104,39,15,24,65,50,15,37.5,14.423076923076922,23.076923076923077,62.5,48.07692307692308,14.423076923076922
E00140942,190,57,16,41,133,118,15,30,8.421052631578947,21.578947368421055,70,62.10526315789474,7.894736842105263
E00140943,102,36,14,22,66,58,8,35.294117647058826,13.725490196078432,21.568627450980394,64.70588235294117,56.86274509803921,7.8431372549019605
E00140944,221,74,24,50,147,138,9,33.4841628959276,10.85972850678733,22.624434389140273,66.51583710407239,62.44343891402715,4.072398190045249
E00140945,186,67,24,43,119,98,21,36.02150537634409,12.903225806451612,23.118279569892472,63.97849462365591,52.68817204301075,11.29032258064516
E00140946,72,23,6,17,49,35,14,31.944444444444443,8.333333333333332,23.61111111111111,68.05555555555556,48.61111111111111,19.444444444444446
E00140947,165,43,16,27,122,97,25,26.060606060606062,9.696969696969697,16.363636363636363,73.93939393939394,58.78787878787879,15.151515151515152
E00140948,164,48,17,31,116,102,14,29.268292682926827,10.365853658536585,18.902439024390244,70.73170731707317,62.19512195121951,8.536585365853659
E00140949,174,58,25,33,116,91,25,33.33333333333333,14.367816091954023,18.96551724137931,66.66666666666666,52.29885057471264,14.367816091954023
E00140950,160,58,13,45,102,91,11,36.25,8.125,28.125,63.74999999999999,56.875,6.875000000000001
E00140951,122,36,15,21,86,81,5,29.508196721311474,12.295081967213115,17.21311475409836,70.49180327868852,66.39344262295081,4.098360655737705
E00140953,83,27,9,18,56,43,13,32.53012048192771,10.843373493975903,21.686746987951807,67.46987951807229,51.80722891566265,15.66265060240964
E00140954,85,26,10,16,59,50,9,30.58823529411765,11.76470588235294,18.823529411764707,69.41176470588235,58.82352941176471,10.588235294117647
E00140955,132,40,21,19,92,70,22,30.303030303030305,15.909090909090908,14.393939393939394,69.6969696969697,53.03030303030303,16.666666666666664
E00140956,147,57,26,31,90,65,25,38.775510204081634,17.687074829931973,21.08843537414966,61.224489795918366,44.21768707482993,17.006802721088434
E00140957,154,39,14,25,115,98,17,25.324675324675322,9.090909090909092,16.233766233766232,74.67532467532467,63.63636363636363,11.03896103896104
E00140958,200,45,13,32,155,137,18,22.5,6.5,16,77.5,68.5,9
E00140959,74,18,10,8,56,49,7,24.324324324324326,13.513513513513514,10.81081081081081,75.67567567567568,66.21621621621621,9.45945945945946
E00140960,245,55,9,46,190,170,20,22.448979591836736,3.6734693877551026,18.775510204081634,77.55102040816327,69.38775510204081,8.16326530612245
E00140961,131,24,9,15,107,85,22,18.3206106870229,6.870229007633588,11.450381679389313,81.67938931297711,64.8854961832061,16.793893129770993
E00140962,192,54,22,32,138,115,23,28.125,11.458333333333332,16.666666666666664,71.875,59.895833333333336,11.979166666666668
E00140963,161,23,12,11,138,118,20,14.285714285714285,7.453416149068323,6.832298136645963,85.71428571428571,73.29192546583852,12.422360248447205
E00140964,200,58,16,42,142,128,14,28.999999999999996,8,21,71,64,7.000000000000001
E00140965,150,42,15,27,108,97,11,28.000000000000004,10,18,72,64.66666666666666,7.333333333333333
E00140966,147,34,16,18,113,93,20,23.12925170068027,10.884353741496598,12.244897959183673,76.87074829931973,63.26530612244898,13.60544217687075
E00140967,145,42,15,27,103,82,21,28.965517241379313,10.344827586206897,18.620689655172416,71.03448275862068,56.55172413793104,14.482758620689657
E00140968,122,35,16,19,87,66,21,28.688524590163933,13.114754098360656,15.573770491803279,71.31147540983606,54.09836065573771,17.21311475409836
E00140969,101,35,19,16,66,51,15,34.65346534653465,18.81188118811881,15.841584158415841,65.34653465346535,50.495049504950494,14.85148514851485
E00140970,152,48,16,32,104,83,21,31.57894736842105,10.526315789473683,21.052631578947366,68.42105263157895,54.60526315789473,13.815789473684212
E00140971,124,38,17,21,86,67,19,30.64516129032258,13.709677419354838,16.93548387096774,69.35483870967742,54.03225806451613,15.32258064516129
E00140972,153,45,21,24,108,90,18,29.411764705882355,13.725490196078432,15.686274509803921,70.58823529411765,58.82352941176471,11.76470588235294
E00140973,167,29,12,17,138,107,31,17.365269461077844,7.18562874251497,10.179640718562874,82.63473053892216,64.07185628742515,18.562874251497004
E00140974,184,46,21,25,138,117,21,25,11.41304347826087,13.586956521739129,75,63.58695652173913,11.41304347826087
E00140975,205,47,14,33,158,135,23,22.926829268292686,6.829268292682928,16.097560975609756,77.07317073170732,65.85365853658537,11.219512195121952
E00140976,191,63,31,32,128,79,49,32.98429319371728,16.230366492146597,16.75392670157068,67.01570680628272,41.361256544502616,25.654450261780106
E00140977,179,64,23,41,115,89,26,35.754189944134076,12.849162011173185,22.905027932960895,64.24581005586593,49.72067039106145,14.52513966480447
E00140978,111,34,14,20,77,57,20,30.630630630630627,12.612612612612612,18.01801801801802,69.36936936936937,51.35135135135135,18.01801801801802
E00140979,179,52,23,29,127,79,48,29.05027932960894,12.849162011173185,16.201117318435752,70.94972067039106,44.134078212290504,26.81564245810056
E00140980,131,44,21,23,87,60,27,33.587786259541986,16.030534351145036,17.557251908396946,66.41221374045801,45.80152671755725,20.610687022900763
E00140981,100,25,18,7,75,62,13,25,18,7.000000000000001,75,62,13
E00140982,183,73,33,40,110,69,41,39.89071038251366,18.0327868852459,21.85792349726776,60.10928961748634,37.704918032786885,22.404371584699454
E00140983,313,106,43,63,207,135,72,33.86581469648562,13.738019169329075,20.12779552715655,66.13418530351439,43.13099041533546,23.003194888178914
E00140984,128,42,18,24,86,68,18,32.8125,14.0625,18.75,67.1875,53.125,14.0625
E00140985,100,34,13,21,66,51,15,34,13,21,66,51,15
E00140986,210,63,20,43,147,102,45,30,9.523809523809524,20.476190476190474,70,48.57142857142857,21.428571428571427
E00140987,158,46,17,29,112,92,20,29.11392405063291,10.759493670886076,18.354430379746837,70.88607594936708,58.22784810126582,12.658227848101266
E00140988,167,48,19,29,119,86,33,28.74251497005988,11.377245508982035,17.365269461077844,71.25748502994011,51.49700598802395,19.760479041916167
E00140989,193,47,14,33,146,126,20,24.352331606217618,7.253886010362693,17.098445595854923,75.64766839378238,65.28497409326425,10.362694300518134
E00140990,256,62,21,41,194,166,28,24.21875,8.203125,16.015625,75.78125,64.84375,10.9375
E00140991,135,44,14,30,91,76,15,32.592592592592595,10.37037037037037,22.22222222222222,67.4074074074074,56.2962962962963,11.11111111111111
E00140992,208,72,29,43,136,112,24,34.61538461538461,13.942307692307693,20.673076923076923,65.38461538461539,53.84615384615385,11.538461538461538
E00140993,74,23,12,11,51,35,16,31.08108108108108,16.216216216216218,14.864864864864865,68.91891891891892,47.2972972972973,21.62162162162162
E00140994,138,49,22,27,89,73,16,35.507246376811594,15.942028985507244,19.565217391304348,64.4927536231884,52.89855072463768,11.594202898550725
E00140995,93,29,11,18,64,43,21,31.182795698924732,11.827956989247312,19.35483870967742,68.81720430107528,46.236559139784944,22.58064516129032
E00140996,99,26,15,11,73,51,22,26.262626262626267,15.151515151515152,11.11111111111111,73.73737373737373,51.515151515151516,22.22222222222222
E00140997,141,49,23,26,92,56,36,34.751773049645394,16.312056737588655,18.439716312056735,65.24822695035462,39.71631205673759,25.53191489361702
E00140998,119,49,21,28,70,49,21,41.17647058823529,17.647058823529413,23.52941176470588,58.82352941176471,41.17647058823529,17.647058823529413
E00140999,140,44,21,23,96,60,36,31.428571428571427,15,16.428571428571427,68.57142857142857,42.857142857142854,25.71428571428571
E00141000,59,25,8,17,34,27,7,42.3728813559322,13.559322033898304,28.8135593220339,57.6271186440678,45.76271186440678,11.864406779661017
E00141001,88,37,14,23,51,44,7,42.04545454545455,15.909090909090908,26.136363636363637,57.95454545454546,50,7.954545454545454
E00141002,137,53,18,35,84,62,22,38.68613138686132,13.138686131386862,25.547445255474454,61.31386861313869,45.25547445255474,16.05839416058394
E00141003,120,47,16,31,73,59,14,39.166666666666664,13.333333333333334,25.833333333333336,60.83333333333333,49.166666666666664,11.666666666666666
E00141004,100,35,13,22,65,47,18,35,13,22,65,47,18
E00141005,92,34,17,17,58,45,13,36.95652173913043,18.478260869565215,18.478260869565215,63.04347826086957,48.91304347826087,14.130434782608695
E00141006,113,40,15,25,73,51,22,35.39823008849557,13.274336283185843,22.123893805309734,64.60176991150442,45.13274336283185,19.469026548672566
E00141008,210,68,24,44,142,108,34,32.38095238095238,11.428571428571429,20.952380952380953,67.61904761904762,51.42857142857142,16.19047619047619
E00141009,226,58,21,37,168,120,48,25.663716814159294,9.29203539823009,16.371681415929203,74.33628318584071,53.09734513274337,21.238938053097346
E00141010,142,40,14,26,102,86,16,28.169014084507044,9.859154929577464,18.30985915492958,71.83098591549296,60.56338028169014,11.267605633802818
E00141011,96,24,7,17,72,61,11,25,7.291666666666667,17.708333333333336,75,63.541666666666664,11.458333333333332
E00141012,100,23,9,14,77,59,18,23,9,14.000000000000002,77,59,18
E00141014,74,20,5,15,54,37,17,27.027027027027028,6.756756756756757,20.27027027027027,72.97297297297297,50,22.972972972972975
E00141015,142,56,25,31,86,65,21,39.436619718309856,17.6056338028169,21.830985915492956,60.56338028169014,45.774647887323944,14.788732394366196
E00141016,96,28,10,18,68,52,16,29.166666666666668,10.416666666666668,18.75,70.83333333333334,54.166666666666664,16.666666666666664
E00141017,164,53,20,33,111,72,39,32.31707317073171,12.195121951219512,20.121951219512198,67.6829268292683,43.90243902439025,23.78048780487805
E00141018,175,42,10,32,133,115,18,24,5.714285714285714,18.285714285714285,76,65.71428571428571,10.285714285714285
E00141019,127,40,10,30,87,76,11,31.496062992125985,7.874015748031496,23.62204724409449,68.50393700787401,59.84251968503938,8.661417322834646
E00141020,218,66,17,49,152,131,21,30.275229357798167,7.79816513761468,22.477064220183486,69.72477064220183,60.09174311926605,9.63302752293578
E00141021,150,46,11,35,104,92,12,30.666666666666664,7.333333333333333,23.333333333333332,69.33333333333334,61.33333333333333,8
E00141022,145,45,14,31,100,89,11,31.03448275862069,9.655172413793103,21.379310344827587,68.96551724137932,61.37931034482759,7.586206896551724
E00141023,192,57,23,34,135,116,19,29.6875,11.979166666666668,17.708333333333336,70.3125,60.416666666666664,9.895833333333332
E00141024,168,62,26,36,106,93,13,36.904761904761905,15.476190476190476,21.428571428571427,63.095238095238095,55.35714285714286,7.738095238095238
E00141025,151,52,16,36,99,83,16,34.437086092715234,10.596026490066226,23.841059602649008,65.56291390728477,54.966887417218544,10.596026490066226
E00141026,162,44,6,38,118,101,17,27.160493827160494,3.7037037037037033,23.456790123456788,72.8395061728395,62.34567901234568,10.493827160493826
E00141027,131,35,10,25,96,88,8,26.717557251908396,7.633587786259542,19.083969465648856,73.2824427480916,67.17557251908397,6.106870229007633
E00141028,154,48,15,33,106,94,12,31.16883116883117,9.740259740259742,21.428571428571427,68.83116883116884,61.038961038961034,7.792207792207792
E00141029,100,25,3,22,75,67,8,25,3,22,75,67,8
E00141030,127,29,9,20,98,83,15,22.83464566929134,7.086614173228346,15.748031496062993,77.16535433070865,65.35433070866141,11.811023622047244
E00141031,175,55,22,33,120,101,19,31.428571428571427,12.571428571428573,18.857142857142858,68.57142857142857,57.714285714285715,10.857142857142858
E00141032,187,61,19,42,126,119,7,32.62032085561498,10.16042780748663,22.459893048128343,67.37967914438502,63.63636363636363,3.7433155080213902
E00141033,118,41,10,31,77,63,14,34.74576271186441,8.47457627118644,26.27118644067797,65.2542372881356,53.38983050847458,11.864406779661017
E00141034,114,42,12,30,72,64,8,36.84210526315789,10.526315789473683,26.31578947368421,63.1578947368421,56.14035087719298,7.017543859649122
E00141035,205,48,13,35,157,140,17,23.414634146341466,6.341463414634147,17.073170731707318,76.58536585365854,68.29268292682927,8.292682926829269
E00141036,117,30,11,19,87,77,10,25.64102564102564,9.401709401709402,16.23931623931624,74.35897435897436,65.8119658119658,8.547008547008547
E00141037,132,53,27,26,79,60,19,40.15151515151515,20.454545454545457,19.696969696969695,59.84848484848485,45.45454545454545,14.393939393939394
E00141038,208,77,42,35,131,97,34,37.019230769230774,20.192307692307693,16.826923076923077,62.980769230769226,46.63461538461539,16.346153846153847
E00141039,196,62,34,28,134,83,51,31.63265306122449,17.346938775510203,14.285714285714285,68.36734693877551,42.3469387755102,26.02040816326531
E00141040,169,58,19,39,111,86,25,34.319526627218934,11.242603550295858,23.076923076923077,65.68047337278107,50.887573964497044,14.792899408284024
E00141041,233,74,29,45,159,127,32,31.759656652360512,12.446351931330472,19.313304721030043,68.24034334763948,54.506437768240346,13.733905579399142
E00141044,165,58,24,34,107,98,9,35.15151515151515,14.545454545454545,20.606060606060606,64.84848484848484,59.3939393939394,5.454545454545454
E00141045,170,51,24,27,119,75,44,30,14.117647058823529,15.88235294117647,70,44.11764705882353,25.882352941176475
E00141046,146,44,20,24,102,70,32,30.136986301369863,13.698630136986301,16.43835616438356,69.86301369863014,47.94520547945205,21.91780821917808
E00141047,154,47,16,31,107,86,21,30.519480519480517,10.38961038961039,20.12987012987013,69.48051948051948,55.84415584415584,13.636363636363635
E00141048,169,57,14,43,112,81,31,33.72781065088758,8.284023668639055,25.443786982248522,66.27218934911244,47.928994082840234,18.34319526627219
E00141050,144,40,17,23,104,83,21,27.77777777777778,11.805555555555555,15.972222222222221,72.22222222222221,57.638888888888886,14.583333333333334
E00141051,167,46,17,29,121,82,39,27.54491017964072,10.179640718562874,17.365269461077844,72.45508982035929,49.101796407185624,23.353293413173652
E00141053,189,62,28,34,127,90,37,32.804232804232804,14.814814814814813,17.989417989417987,67.1957671957672,47.61904761904761,19.576719576719576
E00141054,236,61,26,35,175,115,60,25.847457627118644,11.016949152542372,14.83050847457627,74.15254237288136,48.728813559322035,25.423728813559322
E00141055,145,33,14,19,112,92,20,22.758620689655174,9.655172413793103,13.10344827586207,77.24137931034483,63.44827586206897,13.793103448275861
E00141056,135,46,25,21,89,65,24,34.074074074074076,18.51851851851852,15.555555555555555,65.92592592592592,48.148148148148145,17.77777777777778
E00141057,171,61,20,41,110,94,16,35.67251461988304,11.695906432748536,23.976608187134502,64.32748538011695,54.97076023391813,9.35672514619883
E00141058,123,41,18,23,82,66,16,33.33333333333333,14.634146341463413,18.69918699186992,66.66666666666666,53.65853658536586,13.008130081300814
E00141059,141,40,15,25,101,85,16,28.368794326241137,10.638297872340425,17.73049645390071,71.63120567375887,60.28368794326241,11.347517730496454
E00141060,129,52,17,35,77,58,19,40.310077519379846,13.178294573643413,27.131782945736433,59.68992248062015,44.96124031007752,14.728682170542637
E00141061,133,52,21,31,81,64,17,39.097744360902254,15.789473684210526,23.308270676691727,60.902255639097746,48.1203007518797,12.781954887218044
E00141062,116,36,18,18,80,65,15,31.03448275862069,15.517241379310345,15.517241379310345,68.96551724137932,56.03448275862068,12.931034482758621
E00141063,152,46,15,31,106,89,17,30.263157894736842,9.868421052631579,20.394736842105264,69.73684210526315,58.55263157894737,11.18421052631579
E00141064,138,51,19,32,87,61,26,36.95652173913043,13.768115942028986,23.18840579710145,63.04347826086957,44.20289855072464,18.84057971014493
E00141065,154,57,26,31,97,65,32,37.01298701298701,16.883116883116884,20.12987012987013,62.98701298701299,42.2077922077922,20.77922077922078
E00141066,144,61,25,36,83,62,21,42.36111111111111,17.36111111111111,25,57.638888888888886,43.05555555555556,14.583333333333334
E00141067,153,45,13,32,108,78,30,29.411764705882355,8.49673202614379,20.915032679738562,70.58823529411765,50.98039215686274,19.607843137254903
E00141068,135,54,24,30,81,61,20,40,17.77777777777778,22.22222222222222,60,45.18518518518518,14.814814814814813
E00141069,141,42,12,30,99,75,24,29.78723404255319,8.51063829787234,21.27659574468085,70.2127659574468,53.191489361702125,17.02127659574468
E00141070,119,44,20,24,75,56,19,36.97478991596639,16.80672268907563,20.168067226890756,63.02521008403361,47.05882352941176,15.966386554621847
E00141071,247,57,17,40,190,149,41,23.076923076923077,6.882591093117409,16.194331983805668,76.92307692307693,60.32388663967612,16.599190283400812
E00141072,155,34,12,22,121,106,15,21.935483870967744,7.741935483870968,14.193548387096774,78.06451612903226,68.38709677419355,9.67741935483871
E00141073,91,27,16,11,64,45,19,29.67032967032967,17.582417582417584,12.087912087912088,70.32967032967034,49.45054945054945,20.87912087912088
E00141074,138,39,17,22,99,77,22,28.26086956521739,12.318840579710146,15.942028985507244,71.73913043478261,55.79710144927537,15.942028985507244
E00141075,98,42,18,24,56,47,9,42.857142857142854,18.367346938775512,24.489795918367346,57.14285714285714,47.95918367346938,9.183673469387756
E00141076,109,28,9,19,81,58,23,25.688073394495415,8.256880733944955,17.431192660550458,74.31192660550458,53.21100917431193,21.100917431192663
E00141077,98,37,9,28,61,42,19,37.755102040816325,9.183673469387756,28.57142857142857,62.244897959183675,42.857142857142854,19.387755102040817
E00141078,130,41,14,27,89,76,13,31.538461538461537,10.76923076923077,20.76923076923077,68.46153846153847,58.46153846153847,10
E00141079,168,59,30,29,109,69,40,35.11904761904761,17.857142857142858,17.261904761904763,64.88095238095238,41.07142857142857,23.809523809523807
E00141080,115,33,15,18,82,69,13,28.695652173913043,13.043478260869565,15.65217391304348,71.30434782608695,60,11.304347826086957
E00141081,117,38,10,28,79,63,16,32.47863247863248,8.547008547008547,23.931623931623932,67.52136752136752,53.84615384615385,13.675213675213676
E00141082,81,24,6,18,57,37,20,29.629629629629626,7.4074074074074066,22.22222222222222,70.37037037037037,45.67901234567901,24.691358024691358
E00141083,65,22,11,11,43,28,15,33.84615384615385,16.923076923076923,16.923076923076923,66.15384615384615,43.07692307692308,23.076923076923077
E00141084,87,17,7,10,70,50,20,19.54022988505747,8.045977011494253,11.494252873563218,80.45977011494253,57.47126436781609,22.988505747126435
E00141085,77,20,10,10,57,42,15,25.97402597402597,12.987012987012985,12.987012987012985,74.02597402597402,54.54545454545454,19.480519480519483
E00141086,64,20,14,6,44,35,9,31.25,21.875,9.375,68.75,54.6875,14.0625
E00141087,119,46,12,34,73,60,13,38.655462184873954,10.084033613445378,28.57142857142857,61.34453781512605,50.42016806722689,10.92436974789916
E00141088,157,58,28,30,99,70,29,36.94267515923567,17.8343949044586,19.10828025477707,63.05732484076433,44.5859872611465,18.471337579617835
E00141089,212,70,30,40,142,96,46,33.0188679245283,14.150943396226415,18.867924528301888,66.98113207547169,45.28301886792453,21.69811320754717
E00141090,87,25,12,13,62,45,17,28.735632183908045,13.793103448275861,14.942528735632186,71.26436781609196,51.724137931034484,19.54022988505747
E00141091,264,83,31,52,181,141,40,31.439393939393938,11.742424242424242,19.696969696969695,68.56060606060606,53.40909090909091,15.151515151515152
E00141092,115,39,16,23,76,52,24,33.91304347826087,13.91304347826087,20,66.08695652173913,45.21739130434783,20.869565217391305
E00141093,158,41,17,24,117,93,24,25.949367088607595,10.759493670886076,15.18987341772152,74.0506329113924,58.86075949367089,15.18987341772152
E00141094,145,52,21,31,93,66,27,35.86206896551724,14.482758620689657,21.379310344827587,64.13793103448275,45.51724137931035,18.620689655172416
E00141095,58,18,5,13,40,25,15,31.03448275862069,8.620689655172415,22.413793103448278,68.96551724137932,43.103448275862064,25.862068965517242
E00141096,152,51,11,40,101,84,17,33.55263157894737,7.236842105263158,26.31578947368421,66.44736842105263,55.26315789473685,11.18421052631579
E00141097,163,58,16,42,105,86,19,35.58282208588957,9.815950920245399,25.766871165644172,64.41717791411043,52.760736196319016,11.65644171779141
E00141098,140,33,8,25,107,87,20,23.57142857142857,5.714285714285714,17.857142857142858,76.42857142857142,62.142857142857146,14.285714285714285
E00141099,129,46,21,25,83,64,19,35.65891472868217,16.27906976744186,19.379844961240313,64.34108527131784,49.6124031007752,14.728682170542637
E00141100,181,54,18,36,127,113,14,29.83425414364641,9.94475138121547,19.88950276243094,70.1657458563536,62.430939226519335,7.734806629834254
E00141101,165,39,11,28,126,108,18,23.636363636363637,6.666666666666667,16.969696969696972,76.36363636363637,65.45454545454545,10.909090909090908
E00141102,149,47,11,36,102,91,11,31.543624161073826,7.38255033557047,24.161073825503358,68.45637583892618,61.07382550335571,7.38255033557047
E00141103,86,27,4,23,59,49,10,31.3953488372093,4.651162790697675,26.744186046511626,68.6046511627907,56.97674418604651,11.627906976744185
E00141104,176,45,11,34,131,115,16,25.568181818181817,6.25,19.318181818181817,74.43181818181817,65.3409090909091,9.090909090909092
E00141105,99,30,5,25,69,56,13,30.303030303030305,5.05050505050505,25.252525252525253,69.6969696969697,56.56565656565656,13.131313131313133
E00141106,132,38,6,32,94,80,14,28.78787878787879,4.545454545454546,24.242424242424242,71.21212121212122,60.60606060606061,10.606060606060606
E00141107,82,20,5,15,62,57,5,24.390243902439025,6.097560975609756,18.29268292682927,75.60975609756098,69.51219512195121,6.097560975609756
E00141108,141,47,14,33,94,84,10,33.33333333333333,9.929078014184398,23.404255319148938,66.66666666666666,59.57446808510638,7.092198581560284
E00141109,176,60,18,42,116,94,22,34.090909090909086,10.227272727272728,23.863636363636363,65.9090909090909,53.40909090909091,12.5
E00141110,155,42,12,30,113,96,17,27.09677419354839,7.741935483870968,19.35483870967742,72.90322580645162,61.935483870967744,10.967741935483872
E00141111,97,31,10,21,66,50,16,31.958762886597935,10.309278350515463,21.649484536082475,68.04123711340206,51.546391752577314,16.49484536082474
E00141112,147,48,16,32,99,77,22,32.6530612244898,10.884353741496598,21.768707482993197,67.3469387755102,52.38095238095239,14.965986394557824
E00141113,239,69,22,47,170,157,13,28.870292887029287,9.205020920502092,19.665271966527197,71.1297071129707,65.69037656903765,5.439330543933055
E00141114,164,53,11,42,111,96,15,32.31707317073171,6.707317073170732,25.609756097560975,67.6829268292683,58.536585365853654,9.146341463414634
E00141115,168,67,27,40,101,83,18,39.88095238095239,16.071428571428573,23.809523809523807,60.11904761904761,49.404761904761905,10.714285714285714
E00141116,98,30,7,23,68,58,10,30.612244897959183,7.142857142857142,23.46938775510204,69.38775510204081,59.183673469387756,10.204081632653061
E00141117,82,23,11,12,59,48,11,28.04878048780488,13.414634146341465,14.634146341463413,71.95121951219512,58.536585365853654,13.414634146341465
E00141118,157,47,24,23,110,85,25,29.936305732484076,15.286624203821656,14.64968152866242,70.06369426751591,54.14012738853503,15.92356687898089
E00141119,107,31,13,18,76,59,17,28.971962616822427,12.149532710280374,16.822429906542055,71.02803738317756,55.140186915887845,15.887850467289718
E00141120,177,50,8,42,127,100,27,28.24858757062147,4.519774011299435,23.728813559322035,71.75141242937853,56.49717514124294,15.254237288135593
E00141121,174,52,15,37,122,105,17,29.88505747126437,8.620689655172415,21.26436781609195,70.11494252873564,60.3448275862069,9.770114942528735
E00141122,182,51,8,43,131,114,17,28.021978021978022,4.395604395604396,23.626373626373624,71.97802197802197,62.637362637362635,9.340659340659341
E00141123,139,60,20,40,79,66,13,43.16546762589928,14.388489208633093,28.776978417266186,56.83453237410072,47.482014388489205,9.352517985611511
E00141124,128,34,11,23,94,79,15,26.5625,8.59375,17.96875,73.4375,61.71875,11.71875
E00141125,114,41,18,23,73,58,15,35.96491228070175,15.789473684210526,20.175438596491226,64.03508771929825,50.877192982456144,13.157894736842104
E00141126,122,43,12,31,79,64,15,35.24590163934426,9.836065573770492,25.40983606557377,64.75409836065575,52.459016393442624,12.295081967213115
E00141127,141,40,14,26,101,78,23,28.368794326241137,9.929078014184398,18.439716312056735,71.63120567375887,55.319148936170215,16.312056737588655
E00141128,140,46,15,31,94,81,13,32.857142857142854,10.714285714285714,22.142857142857142,67.14285714285714,57.85714285714286,9.285714285714286
E00141129,102,33,6,27,69,59,10,32.35294117647059,5.88235294117647,26.47058823529412,67.64705882352942,57.84313725490197,9.803921568627452
E00141130,98,36,10,26,62,57,5,36.734693877551024,10.204081632653061,26.53061224489796,63.26530612244898,58.16326530612245,5.1020408163265305
E00141131,96,36,14,22,60,52,8,37.5,14.583333333333334,22.916666666666664,62.5,54.166666666666664,8.333333333333332
E00141133,225,73,21,52,152,125,27,32.44444444444444,9.333333333333334,23.11111111111111,67.55555555555556,55.55555555555556,12
E00141134,175,56,21,35,119,99,20,32,12,20,68,56.57142857142857,11.428571428571429
E00141136,87,26,12,14,61,50,11,29.88505747126437,13.793103448275861,16.091954022988507,70.11494252873564,57.47126436781609,12.643678160919542
E00141137,166,45,12,33,121,96,25,27.10843373493976,7.228915662650602,19.879518072289155,72.89156626506023,57.831325301204814,15.060240963855422
E00141138,181,60,19,41,121,94,27,33.14917127071823,10.497237569060774,22.65193370165746,66.85082872928176,51.93370165745856,14.917127071823206
E00141139,159,59,25,34,100,92,8,37.10691823899371,15.723270440251572,21.38364779874214,62.893081761006286,57.861635220125784,5.031446540880504
E00141140,165,56,29,27,109,85,24,33.939393939393945,17.575757575757574,16.363636363636363,66.06060606060606,51.515151515151516,14.545454545454545
E00141141,278,92,35,57,186,150,36,33.093525179856115,12.589928057553957,20.503597122302157,66.90647482014388,53.956834532374096,12.949640287769784
E00141142,170,52,9,43,118,103,15,30.58823529411765,5.294117647058823,25.294117647058822,69.41176470588235,60.588235294117645,8.823529411764707
E00141143,112,41,26,15,71,54,17,36.607142857142854,23.214285714285715,13.392857142857142,63.39285714285714,48.214285714285715,15.178571428571427
E00141144,173,57,23,34,116,98,18,32.947976878612714,13.294797687861271,19.653179190751445,67.05202312138728,56.64739884393064,10.404624277456648
E00141145,169,39,10,29,130,108,22,23.076923076923077,5.9171597633136095,17.159763313609467,76.92307692307693,63.905325443786985,13.017751479289942
E00141146,155,55,20,35,100,83,17,35.483870967741936,12.903225806451612,22.58064516129032,64.51612903225806,53.5483870967742,10.967741935483872
E00141147,88,34,15,19,54,40,14,38.63636363636363,17.045454545454543,21.59090909090909,61.36363636363637,45.45454545454545,15.909090909090908
E00141148,129,37,14,23,92,66,26,28.68217054263566,10.852713178294573,17.829457364341085,71.31782945736434,51.162790697674424,20.155038759689923
E00141149,157,48,18,30,109,86,23,30.573248407643312,11.464968152866243,19.10828025477707,69.42675159235668,54.77707006369427,14.64968152866242
E00141150,139,45,13,32,94,87,7,32.37410071942446,9.352517985611511,23.021582733812952,67.62589928057554,62.589928057553955,5.0359712230215825
E00141151,160,43,13,30,117,105,12,26.875,8.125,18.75,73.125,65.625,7.5
E00141152,107,28,12,16,79,67,12,26.168224299065418,11.214953271028037,14.953271028037381,73.83177570093457,62.616822429906534,11.214953271028037
E00141153,185,61,20,41,124,105,19,32.972972972972975,10.81081081081081,22.162162162162165,67.02702702702703,56.75675675675676,10.27027027027027
E00141155,150,50,22,28,100,74,26,33.33333333333333,14.666666666666666,18.666666666666668,66.66666666666666,49.333333333333336,17.333333333333336
E00141156,128,35,7,28,93,75,18,27.34375,5.46875,21.875,72.65625,58.59375,14.0625
E00141157,129,45,24,21,84,62,22,34.883720930232556,18.6046511627907,16.27906976744186,65.11627906976744,48.06201550387597,17.05426356589147
E00141158,135,43,18,25,92,65,27,31.851851851851855,13.333333333333334,18.51851851851852,68.14814814814815,48.148148148148145,20
E00141159,154,41,15,26,113,86,27,26.623376623376622,9.740259740259742,16.883116883116884,73.37662337662337,55.84415584415584,17.532467532467532
E00141160,162,50,19,31,112,85,27,30.864197530864196,11.728395061728394,19.1358024691358,69.1358024691358,52.46913580246913,16.666666666666664
E00141161,140,47,26,21,93,76,17,33.57142857142857,18.571428571428573,15,66.42857142857143,54.285714285714285,12.142857142857142
E00141162,166,47,17,30,119,92,27,28.313253012048197,10.240963855421686,18.072289156626507,71.6867469879518,55.42168674698795,16.265060240963855
E00141163,143,35,9,26,108,92,16,24.475524475524477,6.293706293706294,18.181818181818183,75.52447552447552,64.33566433566433,11.188811188811188
E00141164,186,53,14,39,133,108,25,28.49462365591398,7.526881720430108,20.967741935483872,71.50537634408603,58.06451612903226,13.440860215053762
E00141165,118,31,11,20,87,77,10,26.27118644067797,9.322033898305085,16.94915254237288,73.72881355932203,65.2542372881356,8.47457627118644
E00141166,119,31,10,21,88,75,13,26.05042016806723,8.403361344537815,17.647058823529413,73.94957983193278,63.02521008403361,10.92436974789916
E00141167,131,40,8,32,91,78,13,30.53435114503817,6.106870229007633,24.427480916030532,69.46564885496184,59.541984732824424,9.923664122137405
E00141168,171,51,23,28,120,104,16,29.82456140350877,13.450292397660817,16.374269005847953,70.17543859649122,60.81871345029239,9.35672514619883
E00141170,141,41,13,28,100,89,11,29.078014184397162,9.219858156028367,19.858156028368796,70.92198581560284,63.12056737588653,7.801418439716312
E00141171,132,36,11,25,96,82,14,27.27272727272727,8.333333333333332,18.939393939393938,72.72727272727273,62.121212121212125,10.606060606060606
E00141172,101,37,8,29,64,61,3,36.633663366336634,7.920792079207921,28.71287128712871,63.366336633663366,60.396039603960396,2.9702970297029703
E00141173,100,30,9,21,70,60,10,30,9,21,70,60,10
E00141174,112,32,16,16,80,71,9,28.57142857142857,14.285714285714285,14.285714285714285,71.42857142857143,63.39285714285714,8.035714285714286
E00141175,118,41,13,28,77,67,10,34.74576271186441,11.016949152542372,23.728813559322035,65.2542372881356,56.779661016949156,8.47457627118644
E00141176,128,40,17,23,88,78,10,31.25,13.28125,17.96875,68.75,60.9375,7.8125
E00141177,144,57,20,37,87,73,14,39.58333333333333,13.88888888888889,25.694444444444443,60.416666666666664,50.69444444444444,9.722222222222223
E00141178,142,52,20,32,90,75,15,36.61971830985916,14.084507042253522,22.535211267605636,63.38028169014085,52.816901408450704,10.56338028169014
E00141179,169,50,22,28,119,103,16,29.585798816568047,13.017751479289942,16.56804733727811,70.41420118343196,60.946745562130175,9.467455621301776
E00141180,151,39,12,27,112,96,16,25.82781456953642,7.9470198675496695,17.880794701986755,74.17218543046357,63.576158940397356,10.596026490066226
E00141181,184,50,21,29,134,119,15,27.173913043478258,11.41304347826087,15.760869565217392,72.82608695652173,64.67391304347827,8.152173913043478
E00141182,159,46,21,25,113,93,20,28.930817610062892,13.20754716981132,15.723270440251572,71.0691823899371,58.490566037735846,12.578616352201259
E00141183,177,47,7,40,130,111,19,26.55367231638418,3.954802259887006,22.598870056497177,73.44632768361582,62.71186440677966,10.734463276836157
E00141184,328,93,33,60,235,195,40,28.353658536585364,10.060975609756099,18.29268292682927,71.64634146341463,59.45121951219512,12.195121951219512
E00141185,151,36,10,26,115,101,14,23.841059602649008,6.622516556291391,17.218543046357617,76.15894039735099,66.88741721854305,9.271523178807946
E00141186,90,27,12,15,63,37,26,30,13.333333333333334,16.666666666666664,70,41.11111111111111,28.888888888888886
E00141187,261,87,31,56,174,128,46,33.33333333333333,11.877394636015326,21.455938697318008,66.66666666666666,49.042145593869726,17.624521072796934
E00141188,56,21,13,8,35,29,6,37.5,23.214285714285715,14.285714285714285,62.5,51.78571428571429,10.714285714285714
E00141189,107,34,14,20,73,51,22,31.775700934579437,13.084112149532709,18.69158878504673,68.22429906542055,47.66355140186916,20.5607476635514
E00141190,120,35,12,23,85,69,16,29.166666666666668,10,19.166666666666668,70.83333333333334,57.49999999999999,13.333333333333334
E00141191,197,65,25,40,132,96,36,32.99492385786802,12.690355329949238,20.304568527918782,67.00507614213198,48.73096446700508,18.274111675126903
E00141192,151,50,17,33,101,74,27,33.11258278145696,11.258278145695364,21.85430463576159,66.88741721854305,49.00662251655629,17.880794701986755
E00141193,134,40,16,24,94,78,16,29.850746268656714,11.940298507462686,17.91044776119403,70.1492537313433,58.2089552238806,11.940298507462686
E00141194,92,39,15,24,53,41,12,42.391304347826086,16.304347826086957,26.08695652173913,57.608695652173914,44.565217391304344,13.043478260869565
E00141195,152,46,23,23,106,86,20,30.263157894736842,15.131578947368421,15.131578947368421,69.73684210526315,56.57894736842105,13.157894736842104
E00141196,98,34,12,22,64,42,22,34.69387755102041,12.244897959183673,22.448979591836736,65.3061224489796,42.857142857142854,22.448979591836736
E00141197,163,61,20,41,102,76,26,37.423312883435585,12.269938650306749,25.153374233128833,62.57668711656442,46.62576687116564,15.950920245398773
E00141198,111,29,13,16,82,69,13,26.126126126126124,11.711711711711711,14.414414414414415,73.87387387387388,62.16216216216216,11.711711711711711
E00141199,179,55,16,39,124,106,18,30.726256983240223,8.938547486033519,21.787709497206702,69.27374301675978,59.217877094972074,10.05586592178771
E00141200,184,43,11,32,141,123,18,23.369565217391305,5.978260869565218,17.391304347826086,76.63043478260869,66.84782608695652,9.782608695652174
E00141201,171,61,21,40,110,106,4,35.67251461988304,12.280701754385964,23.391812865497073,64.32748538011695,61.98830409356725,2.3391812865497075
E00141202,114,41,10,31,73,68,5,35.96491228070175,8.771929824561402,27.192982456140353,64.03508771929825,59.64912280701754,4.385964912280701
E00141203,166,43,14,29,123,108,15,25.903614457831324,8.433734939759036,17.46987951807229,74.09638554216868,65.06024096385542,9.036144578313253
E00141205,138,40,18,22,98,79,19,28.985507246376812,13.043478260869565,15.942028985507244,71.01449275362319,57.2463768115942,13.768115942028986
E00141206,149,53,17,36,96,80,16,35.57046979865772,11.409395973154362,24.161073825503358,64.42953020134227,53.691275167785236,10.738255033557047
E00141207,155,42,12,30,113,96,17,27.09677419354839,7.741935483870968,19.35483870967742,72.90322580645162,61.935483870967744,10.967741935483872
E00141208,138,35,11,24,103,96,7,25.36231884057971,7.971014492753622,17.391304347826086,74.63768115942028,69.56521739130434,5.072463768115942
E00141210,163,41,12,29,122,104,18,25.153374233128833,7.361963190184049,17.791411042944784,74.84662576687117,63.80368098159509,11.042944785276074
E00141211,144,47,10,37,97,83,14,32.63888888888889,6.944444444444445,25.694444444444443,67.36111111111111,57.638888888888886,9.722222222222223
E00141212,180,50,18,32,130,112,18,27.77777777777778,10,17.77777777777778,72.22222222222221,62.22222222222222,10
E00141213,103,36,14,22,67,61,6,34.95145631067961,13.592233009708737,21.35922330097087,65.0485436893204,59.22330097087378,5.825242718446602
E00141214,158,46,13,33,112,97,15,29.11392405063291,8.227848101265822,20.88607594936709,70.88607594936708,61.39240506329114,9.49367088607595
E00141215,155,37,8,29,118,108,10,23.870967741935484,5.161290322580645,18.70967741935484,76.12903225806451,69.6774193548387,6.451612903225806
E00141216,123,31,7,24,92,80,12,25.203252032520325,5.691056910569105,19.51219512195122,74.79674796747967,65.04065040650406,9.75609756097561
E00141217,151,43,12,31,108,88,20,28.47682119205298,7.9470198675496695,20.52980132450331,71.52317880794702,58.27814569536424,13.245033112582782
E00141218,135,38,16,22,97,78,19,28.14814814814815,11.851851851851853,16.296296296296298,71.85185185185186,57.77777777777777,14.074074074074074
E00141219,193,55,24,31,138,117,21,28.497409326424872,12.435233160621761,16.06217616580311,71.50259067357513,60.62176165803109,10.880829015544041
E00141220,147,42,14,28,105,87,18,28.57142857142857,9.523809523809524,19.047619047619047,71.42857142857143,59.183673469387756,12.244897959183673
E00141221,163,52,20,32,111,73,38,31.901840490797547,12.269938650306749,19.631901840490798,68.09815950920245,44.785276073619634,23.31288343558282
E00141222,184,57,29,28,127,95,32,30.978260869565215,15.760869565217392,15.217391304347828,69.02173913043478,51.63043478260869,17.391304347826086
E00141223,112,31,10,21,81,67,14,27.67857142857143,8.928571428571429,18.75,72.32142857142857,59.82142857142857,12.5
E00141224,140,41,17,24,99,84,15,29.28571428571429,12.142857142857142,17.142857142857142,70.71428571428572,60,10.714285714285714
E00141225,162,52,26,26,110,80,30,32.098765432098766,16.049382716049383,16.049382716049383,67.90123456790124,49.382716049382715,18.51851851851852
E00141226,148,44,13,31,104,76,28,29.72972972972973,8.783783783783784,20.945945945945947,70.27027027027027,51.35135135135135,18.91891891891892
E00141227,149,34,13,21,115,98,17,22.818791946308725,8.724832214765101,14.093959731543624,77.18120805369128,65.77181208053692,11.409395973154362
E00141228,140,41,16,25,99,79,20,29.28571428571429,11.428571428571429,17.857142857142858,70.71428571428572,56.42857142857143,14.285714285714285
E00141229,187,49,20,29,138,113,25,26.203208556149733,10.695187165775401,15.508021390374333,73.79679144385027,60.42780748663101,13.368983957219251
E00141230,90,27,14,13,63,45,18,30,15.555555555555555,14.444444444444443,70,50,20
E00141231,165,53,21,32,112,93,19,32.121212121212125,12.727272727272727,19.393939393939394,67.87878787878789,56.36363636363636,11.515151515151516
E00141232,119,50,21,29,69,48,21,42.016806722689076,17.647058823529413,24.369747899159663,57.98319327731093,40.33613445378151,17.647058823529413
E00141233,130,48,17,31,82,61,21,36.92307692307693,13.076923076923078,23.846153846153847,63.07692307692307,46.92307692307692,16.153846153846153
E00141234,194,54,17,37,140,106,34,27.835051546391753,8.762886597938143,19.072164948453608,72.16494845360825,54.63917525773196,17.525773195876287
E00141235,128,36,11,25,92,62,30,28.125,8.59375,19.53125,71.875,48.4375,23.4375
E00141236,148,51,20,31,97,67,30,34.45945945945946,13.513513513513514,20.945945945945947,65.54054054054053,45.27027027027027,20.27027027027027
E00141237,122,35,20,15,87,56,31,28.688524590163933,16.39344262295082,12.295081967213115,71.31147540983606,45.90163934426229,25.40983606557377
E00141238,115,28,12,16,87,55,32,24.347826086956523,10.434782608695652,13.91304347826087,75.65217391304347,47.82608695652174,27.82608695652174
E00141239,67,28,10,18,39,25,14,41.7910447761194,14.925373134328357,26.865671641791046,58.2089552238806,37.3134328358209,20.8955223880597
E00141240,84,21,13,8,63,41,22,25,15.476190476190476,9.523809523809524,75,48.80952380952381,26.190476190476193
E00141241,114,34,18,16,80,61,19,29.82456140350877,15.789473684210526,14.035087719298245,70.17543859649122,53.50877192982456,16.666666666666664
E00141242,86,26,15,11,60,42,18,30.23255813953488,17.441860465116278,12.790697674418606,69.76744186046511,48.837209302325576,20.930232558139537
E00141243,76,25,9,16,51,36,15,32.89473684210527,11.842105263157894,21.052631578947366,67.10526315789474,47.368421052631575,19.736842105263158
E00141244,248,87,40,47,161,113,48,35.08064516129033,16.129032258064516,18.951612903225808,64.91935483870968,45.564516129032256,19.35483870967742
E00141245,111,26,14,12,85,52,33,23.423423423423422,12.612612612612612,10.81081081081081,76.57657657657657,46.846846846846844,29.72972972972973
E00141246,268,79,27,52,189,141,48,29.47761194029851,10.074626865671641,19.402985074626866,70.52238805970148,52.61194029850746,17.91044776119403
E00141247,166,53,23,30,113,64,49,31.92771084337349,13.855421686746988,18.072289156626507,68.07228915662651,38.55421686746988,29.518072289156628
E00141248,102,31,11,20,71,53,18,30.392156862745097,10.784313725490197,19.607843137254903,69.6078431372549,51.9607843137255,17.647058823529413
E00141249,161,56,17,39,105,73,32,34.78260869565217,10.559006211180124,24.22360248447205,65.21739130434783,45.3416149068323,19.875776397515526
E00141250,159,45,12,33,114,92,22,28.30188679245283,7.547169811320755,20.754716981132077,71.69811320754717,57.861635220125784,13.836477987421384
E00141251,68,16,11,5,52,37,15,23.52941176470588,16.176470588235293,7.352941176470589,76.47058823529412,54.41176470588235,22.058823529411764
E00141252,225,60,11,49,165,132,33,26.666666666666668,4.888888888888889,21.777777777777775,73.33333333333333,58.666666666666664,14.666666666666666
E00141253,235,62,18,44,173,138,35,26.382978723404253,7.659574468085106,18.72340425531915,73.61702127659574,58.723404255319146,14.893617021276595
E00141254,121,26,11,15,95,62,33,21.487603305785125,9.090909090909092,12.396694214876034,78.51239669421489,51.2396694214876,27.27272727272727
E00141255,210,56,19,37,154,123,31,26.666666666666668,9.047619047619047,17.61904761904762,73.33333333333333,58.57142857142858,14.761904761904763
E00141256,242,52,16,36,190,149,41,21.487603305785125,6.6115702479338845,14.87603305785124,78.51239669421489,61.57024793388429,16.94214876033058
E00141257,181,49,13,36,132,93,39,27.071823204419886,7.18232044198895,19.88950276243094,72.92817679558011,51.38121546961326,21.54696132596685
E00141258,186,61,18,43,125,76,49,32.795698924731184,9.67741935483871,23.118279569892472,67.20430107526882,40.86021505376344,26.344086021505376
E00141259,177,40,19,21,137,115,22,22.598870056497177,10.734463276836157,11.864406779661017,77.40112994350282,64.97175141242938,12.429378531073446
E00141260,139,41,13,28,98,80,18,29.496402877697843,9.352517985611511,20.14388489208633,70.50359712230215,57.55395683453237,12.949640287769784
E00141261,58,18,7,11,40,39,1,31.03448275862069,12.068965517241379,18.96551724137931,68.96551724137932,67.24137931034483,1.7241379310344827
E00141262,153,47,12,35,106,97,9,30.718954248366014,7.8431372549019605,22.875816993464053,69.28104575163398,63.39869281045751,5.88235294117647
E00141263,177,70,17,53,107,98,9,39.548022598870055,9.6045197740113,29.943502824858758,60.451977401129945,55.367231638418076,5.084745762711865
E00141264,175,34,14,20,141,123,18,19.428571428571427,8,11.428571428571429,80.57142857142857,70.28571428571428,10.285714285714285
E00141265,135,40,18,22,95,79,16,29.629629629629626,13.333333333333334,16.296296296296298,70.37037037037037,58.51851851851851,11.851851851851853
E00141266,108,27,8,19,81,74,7,25,7.4074074074074066,17.59259259259259,75,68.51851851851852,6.481481481481481
E00141267,60,17,8,9,43,37,6,28.333333333333332,13.333333333333334,15,71.66666666666667,61.66666666666667,10
E00141268,91,36,14,22,55,39,16,39.56043956043956,15.384615384615385,24.175824175824175,60.43956043956044,42.857142857142854,17.582417582417584
E00141269,77,29,5,24,48,41,7,37.66233766233766,6.493506493506493,31.16883116883117,62.33766233766234,53.246753246753244,9.090909090909092
E00141270,121,41,15,26,80,69,11,33.88429752066116,12.396694214876034,21.487603305785125,66.11570247933885,57.02479338842975,9.090909090909092
E00141271,124,34,12,22,90,80,10,27.419354838709676,9.67741935483871,17.741935483870968,72.58064516129032,64.51612903225806,8.064516129032258
E00141272,122,33,12,21,89,80,9,27.049180327868854,9.836065573770492,17.21311475409836,72.95081967213115,65.57377049180327,7.377049180327869
E00141273,137,32,10,22,105,94,11,23.357664233576642,7.2992700729927,16.05839416058394,76.64233576642336,68.61313868613139,8.02919708029197
E00141274,100,35,10,25,65,57,8,35,10,25,65,56.99999999999999,8
E00141275,59,15,7,8,44,36,8,25.423728813559322,11.864406779661017,13.559322033898304,74.57627118644068,61.016949152542374,13.559322033898304
E00141276,145,41,14,27,104,94,10,28.27586206896552,9.655172413793103,18.620689655172416,71.72413793103448,64.82758620689654,6.896551724137931
E00141277,107,31,11,20,76,62,14,28.971962616822427,10.2803738317757,18.69158878504673,71.02803738317756,57.943925233644855,13.084112149532709
E00141278,41,18,7,11,23,21,2,43.90243902439025,17.073170731707318,26.82926829268293,56.09756097560976,51.21951219512195,4.878048780487805
E00141279,146,41,12,29,105,97,8,28.08219178082192,8.21917808219178,19.863013698630137,71.91780821917808,66.43835616438356,5.47945205479452
E00171016,170,65,21,44,105,90,15,38.23529411764706,12.352941176470589,25.882352941176475,61.76470588235294,52.94117647058824,8.823529411764707
E00171017,166,50,19,31,116,102,14,30.120481927710845,11.44578313253012,18.67469879518072,69.87951807228916,61.44578313253012,8.433734939759036
E00171018,165,48,29,19,117,55,62,29.09090909090909,17.575757575757574,11.515151515151516,70.9090909090909,33.33333333333333,37.57575757575757
E00171020,84,29,11,18,55,42,13,34.523809523809526,13.095238095238097,21.428571428571427,65.47619047619048,50,15.476190476190476
E00171021,207,62,21,41,145,111,34,29.951690821256037,10.144927536231885,19.806763285024154,70.04830917874396,53.62318840579711,16.425120772946862
E00171022,178,52,15,37,126,99,27,29.213483146067414,8.426966292134832,20.786516853932586,70.78651685393258,55.61797752808989,15.168539325842698
E00171023,118,38,8,30,80,58,22,32.20338983050847,6.779661016949152,25.423728813559322,67.79661016949152,49.152542372881356,18.64406779661017
E00171024,99,18,9,9,81,64,17,18.181818181818183,9.090909090909092,9.090909090909092,81.81818181818183,64.64646464646465,17.17171717171717
E00171025,118,31,10,21,87,72,15,26.27118644067797,8.47457627118644,17.796610169491526,73.72881355932203,61.016949152542374,12.711864406779661
E00171026,189,63,26,37,126,88,38,33.33333333333333,13.756613756613756,19.576719576719576,66.66666666666666,46.56084656084656,20.105820105820104
E00171027,226,69,20,49,157,142,15,30.53097345132743,8.849557522123893,21.68141592920354,69.46902654867256,62.83185840707964,6.637168141592921
E00171028,109,46,24,22,63,45,18,42.201834862385326,22.018348623853214,20.18348623853211,57.798165137614674,41.284403669724774,16.51376146788991
E00189798,367,100,32,68,267,206,61,27.247956403269757,8.71934604904632,18.52861035422343,72.75204359673025,56.13079019073569,16.62125340599455
E00189808,149,45,20,25,104,88,16,30.201342281879196,13.422818791946309,16.778523489932887,69.79865771812081,59.06040268456376,10.738255033557047
E00189823,46,14,3,11,32,26,6,30.434782608695656,6.521739130434782,23.91304347826087,69.56521739130434,56.52173913043478,13.043478260869565
E00189830,303,85,26,59,218,183,35,28.052805280528055,8.58085808580858,19.471947194719473,71.94719471947195,60.396039603960396,11.55115511551155
E00189837,145,47,21,26,98,75,23,32.41379310344827,14.482758620689657,17.93103448275862,67.58620689655173,51.724137931034484,15.862068965517242
E00189844,397,56,36,20,341,192,149,14.105793450881613,9.06801007556675,5.037783375314862,85.8942065491184,48.36272040302267,37.531486146095716
E00189845,194,46,7,39,148,122,26,23.711340206185564,3.608247422680412,20.103092783505154,76.28865979381443,62.88659793814433,13.402061855670103
E00189851,155,56,17,39,99,85,14,36.12903225806451,10.967741935483872,25.161290322580644,63.87096774193548,54.83870967741935,9.032258064516128
E00189852,234,58,17,41,176,164,12,24.786324786324787,7.264957264957266,17.52136752136752,75.21367521367522,70.08547008547008,5.128205128205128
E00189853,166,45,20,25,121,106,15,27.10843373493976,12.048192771084338,15.060240963855422,72.89156626506023,63.85542168674698,9.036144578313253
E00189855,152,47,14,33,105,95,10,30.92105263157895,9.210526315789473,21.710526315789476,69.07894736842105,62.5,6.578947368421052
E00189864,66,18,6,12,48,42,6,27.27272727272727,9.090909090909092,18.181818181818183,72.72727272727273,63.63636363636363,9.090909090909092
E00189871,93,27,10,17,66,52,14,29.03225806451613,10.75268817204301,18.27956989247312,70.96774193548387,55.91397849462365,15.053763440860216
E00189875,251,69,15,54,182,158,24,27.490039840637447,5.9760956175298805,21.51394422310757,72.50996015936255,62.94820717131474,9.56175298804781
E00189892,274,69,22,47,205,163,42,25.18248175182482,8.02919708029197,17.153284671532848,74.81751824817519,59.48905109489051,15.328467153284672
E00189897,160,51,17,34,109,93,16,31.874999999999996,10.625,21.25,68.125,58.12500000000001,10
E00189899,80,25,10,15,55,48,7,31.25,12.5,18.75,68.75,60,8.75
E00189905,354,54,16,38,300,212,88,15.254237288135593,4.519774011299435,10.734463276836157,84.7457627118644,59.887005649717516,24.858757062146893
E00189915,71,23,8,15,48,36,12,32.3943661971831,11.267605633802818,21.12676056338028,67.6056338028169,50.70422535211267,16.901408450704224
