OA,ts0380001,ts0380002,ts0380003,ts0380004,ts0380005,ts0380006,ts0380007,ts0380002_PCT,ts0380003_PCT,ts0380004_PCT,ts0380005_PCT,ts0380006_PCT,ts0380007_PCT
E00140750,332,64,20,44,268,34,234,19.27710843373494,6.024096385542169,13.253012048192772,80.72289156626506,10.240963855421686,70.48192771084338
E00140752,356,39,13,26,317,37,280,10.955056179775282,3.651685393258427,7.303370786516854,89.04494382022472,10.393258426966293,78.65168539325843
E00140753,274,16,4,12,258,40,218,5.839416058394161,1.4598540145985401,4.37956204379562,94.16058394160584,14.5985401459854,79.56204379562044
E00140754,256,45,14,31,211,22,189,17.578125,5.46875,12.109375,82.421875,8.59375,73.828125
E00140755,239,32,10,22,207,19,188,13.389121338912133,4.184100418410042,9.205020920502092,86.61087866108787,7.949790794979079,78.66108786610879
E00140756,310,27,3,24,283,22,261,8.709677419354838,0.967741935483871,7.741935483870968,91.29032258064517,7.096774193548387,84.19354838709677
E00140757,209,22,7,15,187,15,172,10.526315789473683,3.349282296650718,7.177033492822966,89.47368421052632,7.177033492822966,82.29665071770334
E00140758,295,33,8,25,262,25,237,11.186440677966102,2.711864406779661,8.47457627118644,88.8135593220339,8.47457627118644,80.33898305084746
E00140759,253,44,21,23,209,17,192,17.391304347826086,8.300395256916996,9.090909090909092,82.6086956521739,6.719367588932807,75.8893280632411
E00140760,240,39,9,30,201,24,177,16.25,3.75,12.5,83.75,10,73.75
E00140761,200,31,13,18,169,12,157,15.5,6.5,9,84.5,6,78.5
E00140762,265,40,11,29,225,28,197,15.09433962264151,4.150943396226415,10.943396226415095,84.90566037735849,10.566037735849058,74.33962264150942
E00140763,294,63,22,41,231,24,207,21.428571428571427,7.482993197278912,13.945578231292515,78.57142857142857,8.16326530612245,70.40816326530613
E00140764,265,31,15,16,234,18,216,11.69811320754717,5.660377358490567,6.037735849056604,88.30188679245283,6.7924528301886795,81.50943396226415
E00140765,294,46,19,27,248,27,221,15.646258503401361,6.462585034013606,9.183673469387756,84.35374149659864,9.183673469387756,75.17006802721087
E00140766,333,45,13,32,288,25,263,13.513513513513514,3.903903903903904,9.60960960960961,86.48648648648648,7.5075075075075075,78.97897897897897
E00140767,268,51,22,29,217,16,201,19.029850746268657,8.208955223880597,10.820895522388058,80.97014925373134,5.970149253731343,75
E00140769,310,37,8,29,273,22,251,11.935483870967742,2.5806451612903225,9.35483870967742,88.06451612903226,7.096774193548387,80.96774193548387
E00140770,292,52,21,31,240,26,214,17.80821917808219,7.191780821917808,10.616438356164384,82.1917808219178,8.904109589041095,73.28767123287672
E00140771,273,53,19,34,220,23,197,19.413919413919416,6.95970695970696,12.454212454212454,80.58608058608058,8.424908424908425,72.16117216117216
E00140772,348,32,3,29,316,37,279,9.195402298850574,0.8620689655172413,8.333333333333332,90.80459770114942,10.632183908045976,80.17241379310344
E00140773,346,48,15,33,298,19,279,13.872832369942195,4.335260115606936,9.53757225433526,86.1271676300578,5.491329479768786,80.63583815028902
E00140774,230,67,29,38,163,9,154,29.130434782608695,12.608695652173912,16.52173913043478,70.86956521739131,3.91304347826087,66.95652173913044
E00140775,353,55,16,39,298,31,267,15.58073654390935,4.53257790368272,11.048158640226628,84.41926345609065,8.78186968838527,75.63739376770539
E00140776,338,65,26,39,273,35,238,19.230769230769234,7.6923076923076925,11.538461538461538,80.76923076923077,10.355029585798817,70.41420118343196
E00140777,317,31,4,27,286,22,264,9.779179810725552,1.2618296529968454,8.517350157728707,90.22082018927445,6.940063091482649,83.2807570977918
E00140778,167,15,7,8,152,13,139,8.982035928143713,4.191616766467066,4.790419161676647,91.01796407185628,7.784431137724551,83.23353293413174
E00140779,240,64,32,32,176,20,156,26.666666666666668,13.333333333333334,13.333333333333334,73.33333333333333,8.333333333333332,65
E00140780,336,46,11,35,290,33,257,13.690476190476192,3.273809523809524,10.416666666666668,86.30952380952381,9.821428571428571,76.48809523809523
E00140782,336,60,26,34,276,24,252,17.857142857142858,7.738095238095238,10.119047619047619,82.14285714285714,7.142857142857142,75
E00140783,240,66,26,40,174,20,154,27.500000000000004,10.833333333333334,16.666666666666664,72.5,8.333333333333332,64.16666666666667
E00140784,286,51,14,37,235,28,207,17.832167832167833,4.895104895104895,12.937062937062937,82.16783216783216,9.79020979020979,72.37762237762237
E00140785,328,45,14,31,283,18,265,13.719512195121952,4.2682926829268295,9.451219512195122,86.28048780487805,5.487804878048781,80.79268292682927
E00140786,274,41,10,31,233,29,204,14.963503649635038,3.64963503649635,11.313868613138686,85.03649635036497,10.583941605839415,74.45255474452554
E00140787,344,71,24,47,273,20,253,20.63953488372093,6.976744186046512,13.662790697674417,79.36046511627907,5.813953488372093,73.54651162790698
E00140788,305,60,21,39,245,29,216,19.672131147540984,6.885245901639345,12.786885245901638,80.32786885245902,9.508196721311474,70.81967213114754
E00140790,477,66,20,46,411,45,366,13.836477987421384,4.1928721174004195,9.643605870020965,86.16352201257862,9.433962264150944,76.72955974842768
E00140791,151,14,7,7,137,12,125,9.271523178807946,4.635761589403973,4.635761589403973,90.72847682119205,7.9470198675496695,82.78145695364239
E00140793,133,12,5,7,121,8,113,9.022556390977442,3.7593984962406015,5.263157894736842,90.97744360902256,6.015037593984962,84.9624060150376
E00140794,252,28,9,19,224,27,197,11.11111111111111,3.571428571428571,7.5396825396825395,88.88888888888889,10.714285714285714,78.17460317460318
E00140795,214,22,4,18,192,9,183,10.2803738317757,1.8691588785046727,8.411214953271028,89.7196261682243,4.205607476635514,85.51401869158879
E00140796,166,31,10,21,135,9,126,18.67469879518072,6.024096385542169,12.650602409638553,81.32530120481928,5.421686746987952,75.90361445783132
E00140797,282,33,8,25,249,25,224,11.702127659574469,2.8368794326241136,8.865248226950355,88.29787234042553,8.865248226950355,79.43262411347519
E00140798,252,53,20,33,199,18,181,21.03174603174603,7.936507936507936,13.095238095238097,78.96825396825396,7.142857142857142,71.82539682539682
E00140799,339,51,16,35,288,25,263,15.04424778761062,4.71976401179941,10.32448377581121,84.95575221238938,7.374631268436578,77.5811209439528
E00140800,358,53,23,30,305,30,275,14.804469273743019,6.424581005586592,8.379888268156424,85.19553072625699,8.379888268156424,76.81564245810057
E00140801,450,68,20,48,382,42,340,15.11111111111111,4.444444444444445,10.666666666666668,84.88888888888889,9.333333333333334,75.55555555555556
E00140802,284,71,33,38,213,23,190,25,11.619718309859154,13.380281690140844,75,8.098591549295776,66.90140845070422
E00140803,290,42,15,27,248,35,213,14.482758620689657,5.172413793103448,9.310344827586208,85.51724137931035,12.068965517241379,73.44827586206897
E00140804,367,51,23,28,316,50,266,13.896457765667575,6.267029972752043,7.629427792915531,86.10354223433242,13.623978201634879,72.47956403269755
E00140805,317,53,18,35,264,29,235,16.7192429022082,5.678233438485805,11.041009463722396,83.2807570977918,9.14826498422713,74.13249211356468
E00140807,329,40,17,23,289,30,259,12.158054711246201,5.167173252279635,6.990881458966565,87.84194528875379,9.118541033434651,78.72340425531915
E00140808,284,66,25,41,218,20,198,23.239436619718308,8.80281690140845,14.43661971830986,76.76056338028168,7.042253521126761,69.71830985915493
E00140809,328,80,37,43,248,22,226,24.390243902439025,11.28048780487805,13.109756097560975,75.60975609756098,6.707317073170732,68.90243902439023
E00140810,367,64,38,26,303,14,289,17.43869209809264,10.354223433242508,7.084468664850137,82.56130790190736,3.8147138964577656,78.7465940054496
E00140811,283,52,25,27,231,29,202,18.374558303886925,8.8339222614841,9.540636042402827,81.62544169611307,10.247349823321555,71.37809187279152
E00140812,349,64,23,41,285,35,250,18.33810888252149,6.59025787965616,11.74785100286533,81.66189111747852,10.028653295128938,71.63323782234957
E00140813,133,50,20,30,83,14,69,37.59398496240601,15.037593984962406,22.55639097744361,62.40601503759399,10.526315789473683,51.8796992481203
E00140814,319,28,10,18,291,29,262,8.77742946708464,3.1347962382445136,5.6426332288401255,91.22257053291536,9.090909090909092,82.13166144200626
E00140815,473,97,27,70,376,39,337,20.507399577167018,5.708245243128964,14.799154334038056,79.49260042283298,8.24524312896406,71.24735729386892
E00140816,306,45,15,30,261,30,231,14.705882352941178,4.901960784313726,9.803921568627452,85.29411764705883,9.803921568627452,75.49019607843137
E00140817,531,107,51,56,424,41,383,20.15065913370998,9.6045197740113,10.546139359698682,79.84934086629002,7.721280602636535,72.12806026365348
E00140818,336,46,15,31,290,24,266,13.690476190476192,4.464285714285714,9.226190476190476,86.30952380952381,7.142857142857142,79.16666666666666
E00140819,451,87,43,44,364,42,322,19.290465631929045,9.534368070953436,9.75609756097561,80.70953436807096,9.312638580931264,71.3968957871397
E00140820,497,155,100,55,342,47,295,31.18712273641851,20.12072434607646,11.066398390342053,68.81287726358148,9.456740442655935,59.356136820925556
E00140822,415,74,28,46,341,27,314,17.83132530120482,6.746987951807229,11.08433734939759,82.16867469879519,6.506024096385541,75.66265060240964
E00140823,354,32,8,24,322,36,286,9.03954802259887,2.2598870056497176,6.779661016949152,90.96045197740112,10.16949152542373,80.7909604519774
E00140824,336,63,25,38,273,33,240,18.75,7.440476190476191,11.30952380952381,81.25,9.821428571428571,71.42857142857143
E00140825,258,50,19,31,208,26,182,19.379844961240313,7.3643410852713185,12.015503875968992,80.62015503875969,10.077519379844961,70.54263565891473
E00140826,415,98,36,62,317,29,288,23.6144578313253,8.674698795180722,14.93975903614458,76.3855421686747,6.987951807228916,69.39759036144578
E00140827,259,29,8,21,230,30,200,11.196911196911197,3.088803088803089,8.108108108108109,88.8030888030888,11.583011583011583,77.22007722007721
E00140828,366,52,17,35,314,37,277,14.207650273224044,4.644808743169399,9.562841530054644,85.79234972677595,10.10928961748634,75.68306010928961
E00140829,266,28,8,20,238,34,204,10.526315789473683,3.007518796992481,7.518796992481203,89.47368421052632,12.781954887218044,76.69172932330827
E00140830,287,35,9,26,252,25,227,12.195121951219512,3.1358885017421603,9.059233449477352,87.8048780487805,8.710801393728223,79.09407665505228
E00140831,276,58,30,28,218,18,200,21.014492753623188,10.869565217391305,10.144927536231885,78.98550724637681,6.521739130434782,72.46376811594203
E00140832,242,68,32,36,174,23,151,28.09917355371901,13.223140495867769,14.87603305785124,71.900826446281,9.50413223140496,62.396694214876035
E00140833,523,113,52,61,410,28,382,21.606118546845124,9.94263862332696,11.663479923518166,78.39388145315488,5.353728489483748,73.04015296367112
E00140834,332,53,16,37,279,21,258,15.963855421686745,4.819277108433735,11.144578313253012,84.03614457831326,6.325301204819277,77.71084337349397
E00140835,323,51,16,35,272,28,244,15.789473684210526,4.953560371517028,10.8359133126935,84.21052631578947,8.6687306501548,75.54179566563467
E00140836,167,53,35,18,114,18,96,31.736526946107784,20.958083832335326,10.778443113772456,68.26347305389223,10.778443113772456,57.48502994011976
E00140837,297,30,10,20,267,27,240,10.1010101010101,3.3670033670033668,6.7340067340067336,89.8989898989899,9.090909090909092,80.8080808080808
E00140838,273,83,44,39,190,15,175,30.4029304029304,16.117216117216117,14.285714285714285,69.59706959706959,5.4945054945054945,64.1025641025641
E00140839,524,93,27,66,431,45,386,17.748091603053435,5.152671755725191,12.595419847328243,82.25190839694656,8.587786259541986,73.66412213740458
E00140840,236,43,18,25,193,27,166,18.220338983050848,7.627118644067797,10.59322033898305,81.77966101694916,11.440677966101696,70.33898305084746
E00140841,199,33,12,21,166,23,143,16.582914572864322,6.030150753768844,10.552763819095476,83.41708542713567,11.557788944723619,71.85929648241206
E00140842,247,35,16,19,212,18,194,14.17004048582996,6.477732793522267,7.6923076923076925,85.82995951417004,7.28744939271255,78.54251012145748
E00140843,223,44,13,31,179,21,158,19.730941704035875,5.829596412556054,13.901345291479823,80.26905829596413,9.417040358744394,70.85201793721974
E00140844,271,46,17,29,225,26,199,16.974169741697416,6.273062730627306,10.70110701107011,83.02583025830258,9.59409594095941,73.43173431734317
E00140845,272,43,13,30,229,16,213,15.808823529411764,4.779411764705882,11.029411764705882,84.19117647058823,5.88235294117647,78.30882352941177
E00140846,276,41,17,24,235,20,215,14.855072463768115,6.159420289855073,8.695652173913043,85.14492753623189,7.246376811594203,77.89855072463769
E00140847,240,20,1,19,220,15,205,8.333333333333332,0.4166666666666667,7.916666666666666,91.66666666666666,6.25,85.41666666666666
E00140848,229,41,13,28,188,14,174,17.903930131004365,5.676855895196507,12.22707423580786,82.09606986899564,6.11353711790393,75.9825327510917
E00140849,208,21,2,19,187,17,170,10.096153846153847,0.9615384615384616,9.134615384615383,89.90384615384616,8.173076923076923,81.73076923076923
E00140850,303,46,17,29,257,25,232,15.181518151815181,5.6105610561056105,9.570957095709572,84.81848184818482,8.25082508250825,76.56765676567657
E00140851,278,41,18,23,237,25,212,14.748201438848922,6.474820143884892,8.273381294964029,85.25179856115108,8.992805755395683,76.2589928057554
E00140852,244,37,15,22,207,19,188,15.163934426229508,6.147540983606557,9.01639344262295,84.8360655737705,7.786885245901639,77.04918032786885
E00140853,271,21,4,17,250,20,230,7.7490774907749085,1.4760147601476015,6.273062730627306,92.25092250922509,7.380073800738007,84.87084870848709
E00140854,237,33,4,29,204,24,180,13.924050632911392,1.6877637130801686,12.236286919831224,86.07594936708861,10.126582278481013,75.9493670886076
E00140855,309,42,15,27,267,24,243,13.592233009708737,4.854368932038835,8.737864077669903,86.40776699029125,7.766990291262135,78.64077669902912
E00140856,341,50,17,33,291,28,263,14.66275659824047,4.9853372434017595,9.67741935483871,85.33724340175954,8.211143695014663,77.12609970674487
E00140857,286,56,23,33,230,25,205,19.58041958041958,8.041958041958042,11.538461538461538,80.41958041958041,8.741258741258742,71.67832167832168
E00140858,256,67,36,31,189,18,171,26.171875,14.0625,12.109375,73.828125,7.03125,66.796875
E00140859,224,36,13,23,188,26,162,16.071428571428573,5.803571428571429,10.267857142857142,83.92857142857143,11.607142857142858,72.32142857142857
E00140860,279,55,17,38,224,29,195,19.71326164874552,6.093189964157706,13.620071684587815,80.28673835125448,10.39426523297491,69.89247311827957
E00140861,372,56,14,42,316,24,292,15.053763440860216,3.763440860215054,11.29032258064516,84.94623655913979,6.451612903225806,78.49462365591397
E00140862,312,47,21,26,265,30,235,15.064102564102564,6.730769230769231,8.333333333333332,84.93589743589743,9.615384615384617,75.32051282051282
E00140863,318,26,10,16,292,30,262,8.176100628930817,3.1446540880503147,5.031446540880504,91.82389937106919,9.433962264150944,82.38993710691824
E00140864,262,52,16,36,210,23,187,19.84732824427481,6.106870229007633,13.740458015267176,80.1526717557252,8.778625954198473,71.37404580152672
E00140865,254,30,9,21,224,34,190,11.811023622047244,3.543307086614173,8.267716535433072,88.18897637795276,13.385826771653544,74.80314960629921
E00140866,244,58,21,37,186,17,169,23.770491803278688,8.60655737704918,15.163934426229508,76.22950819672131,6.967213114754098,69.26229508196722
E00140867,290,51,22,29,239,32,207,17.586206896551722,7.586206896551724,10,82.41379310344827,11.03448275862069,71.37931034482759
E00140868,281,69,23,46,212,22,190,24.555160142348754,8.185053380782918,16.370106761565836,75.44483985765125,7.829181494661921,67.61565836298932
E00140869,288,24,6,18,264,14,250,8.333333333333332,2.083333333333333,6.25,91.66666666666666,4.861111111111112,86.80555555555556
E00140870,351,43,10,33,308,35,273,12.250712250712251,2.849002849002849,9.401709401709402,87.74928774928775,9.971509971509972,77.77777777777779
E00140871,308,33,10,23,275,31,244,10.714285714285714,3.2467532467532463,7.467532467532467,89.28571428571429,10.064935064935066,79.22077922077922
E00140872,311,54,28,26,257,23,234,17.363344051446948,9.003215434083602,8.360128617363344,82.63665594855306,7.395498392282958,75.2411575562701
E00140873,347,31,6,25,316,25,291,8.93371757925072,1.729106628242075,7.204610951008646,91.06628242074927,7.204610951008646,83.86167146974063
E00140874,285,52,19,33,233,18,215,18.24561403508772,6.666666666666667,11.578947368421053,81.75438596491227,6.315789473684211,75.43859649122807
E00140875,316,60,20,40,256,18,238,18.9873417721519,6.329113924050633,12.658227848101266,81.0126582278481,5.69620253164557,75.31645569620254
E00140876,281,47,16,31,234,16,218,16.72597864768683,5.6939501779359425,11.032028469750891,83.27402135231317,5.6939501779359425,77.58007117437722
E00140877,234,49,13,36,185,24,161,20.94017094017094,5.555555555555555,15.384615384615385,79.05982905982906,10.256410256410255,68.80341880341881
E00140878,273,52,22,30,221,22,199,19.047619047619047,8.058608058608058,10.989010989010989,80.95238095238095,8.058608058608058,72.89377289377289
E00140879,303,60,22,38,243,33,210,19.801980198019802,7.2607260726072615,12.541254125412541,80.19801980198021,10.891089108910892,69.3069306930693
E00140880,293,48,18,30,245,25,220,16.38225255972696,6.143344709897611,10.238907849829351,83.61774744027304,8.532423208191126,75.0853242320819
E00140881,234,49,15,34,185,23,162,20.94017094017094,6.41025641025641,14.529914529914532,79.05982905982906,9.82905982905983,69.23076923076923
E00140882,138,10,3,7,128,10,118,7.246376811594203,2.1739130434782608,5.072463768115942,92.7536231884058,7.246376811594203,85.5072463768116
E00140883,380,59,21,38,321,35,286,15.526315789473685,5.526315789473684,10,84.47368421052632,9.210526315789473,75.26315789473685
E00140884,186,30,8,22,156,23,133,16.129032258064516,4.301075268817205,11.827956989247312,83.87096774193549,12.365591397849462,71.50537634408603
E00140885,602,58,14,44,544,58,486,9.634551495016613,2.3255813953488373,7.308970099667775,90.36544850498339,9.634551495016613,80.73089700996677
E00140886,560,94,42,52,466,45,421,16.785714285714285,7.5,9.285714285714286,83.21428571428572,8.035714285714286,75.17857142857143
E00140887,521,74,36,38,447,42,405,14.203454894433781,6.90978886756238,7.293666026871401,85.79654510556622,8.061420345489443,77.73512476007679
E00140888,396,46,18,28,350,29,321,11.616161616161616,4.545454545454546,7.07070707070707,88.38383838383838,7.3232323232323235,81.06060606060606
E00140889,523,59,27,32,464,35,429,11.281070745697896,5.162523900573614,6.118546845124283,88.7189292543021,6.692160611854685,82.02676864244742
E00140891,145,20,5,15,125,18,107,13.793103448275861,3.4482758620689653,10.344827586206897,86.20689655172413,12.413793103448276,73.79310344827587
E00140892,213,25,9,16,188,23,165,11.737089201877934,4.225352112676056,7.511737089201878,88.26291079812206,10.7981220657277,77.46478873239437
E00140893,391,46,15,31,345,39,306,11.76470588235294,3.8363171355498724,7.928388746803069,88.23529411764706,9.974424552429667,78.26086956521739
E00140894,289,34,9,25,255,32,223,11.76470588235294,3.1141868512110724,8.650519031141869,88.23529411764706,11.072664359861593,77.16262975778547
E00140895,262,48,9,39,214,25,189,18.3206106870229,3.435114503816794,14.885496183206106,81.67938931297711,9.541984732824428,72.13740458015268
E00140896,254,65,30,35,189,27,162,25.590551181102363,11.811023622047244,13.779527559055119,74.40944881889764,10.62992125984252,63.77952755905512
E00140897,391,46,13,33,345,29,316,11.76470588235294,3.324808184143223,8.439897698209718,88.23529411764706,7.41687979539642,80.81841432225065
E00140898,302,40,14,26,262,30,232,13.245033112582782,4.635761589403973,8.609271523178808,86.75496688741721,9.933774834437086,76.82119205298014
E00140899,389,50,10,40,339,32,307,12.853470437017995,2.570694087403599,10.282776349614396,87.146529562982,8.226221079691516,78.9203084832905
E00140900,379,58,20,38,321,27,294,15.303430079155673,5.277044854881266,10.026385224274406,84.69656992084433,7.12401055408971,77.57255936675462
E00140901,293,38,10,28,255,19,236,12.969283276450511,3.4129692832764507,9.556313993174061,87.03071672354949,6.484641638225256,80.54607508532423
E00140902,160,19,3,16,141,17,124,11.875,1.875,10,88.125,10.625,77.5
E00140903,145,17,5,12,128,9,119,11.724137931034482,3.4482758620689653,8.275862068965518,88.27586206896552,6.206896551724138,82.06896551724138
E00140904,348,68,24,44,280,16,264,19.54022988505747,6.896551724137931,12.643678160919542,80.45977011494253,4.597701149425287,75.86206896551724
E00140905,296,51,13,38,245,38,207,17.22972972972973,4.391891891891892,12.837837837837837,82.77027027027027,12.837837837837837,69.93243243243244
E00140906,346,73,37,36,273,31,242,21.09826589595376,10.69364161849711,10.404624277456648,78.90173410404624,8.959537572254336,69.94219653179191
E00140907,314,41,10,31,273,24,249,13.05732484076433,3.1847133757961785,9.872611464968154,86.94267515923568,7.643312101910828,79.29936305732484
E00140908,294,26,0,26,268,37,231,8.843537414965986,0,8.843537414965986,91.15646258503402,12.585034013605442,78.57142857142857
E00140909,270,60,21,39,210,27,183,22.22222222222222,7.777777777777778,14.444444444444443,77.77777777777779,10,67.77777777777779
E00140910,245,57,26,31,188,18,170,23.26530612244898,10.612244897959183,12.653061224489795,76.73469387755102,7.346938775510205,69.38775510204081
E00140911,351,90,54,36,261,27,234,25.64102564102564,15.384615384615385,10.256410256410255,74.35897435897436,7.6923076923076925,66.66666666666666
E00140912,271,49,24,25,222,26,196,18.081180811808117,8.856088560885608,9.22509225092251,81.91881918819189,9.59409594095941,72.32472324723247
E00140913,308,58,15,43,250,25,225,18.83116883116883,4.870129870129871,13.96103896103896,81.16883116883116,8.116883116883116,73.05194805194806
E00140914,248,63,19,44,185,16,169,25.403225806451612,7.661290322580645,17.741935483870968,74.59677419354838,6.451612903225806,68.14516129032258
E00140915,255,32,4,28,223,15,208,12.549019607843137,1.5686274509803921,10.980392156862745,87.45098039215686,5.88235294117647,81.56862745098039
E00140916,259,54,22,32,205,16,189,20.84942084942085,8.494208494208493,12.355212355212355,79.15057915057915,6.177606177606178,72.97297297297297
E00140917,309,41,18,23,268,30,238,13.268608414239482,5.825242718446602,7.443365695792881,86.73139158576052,9.70873786407767,77.02265372168284
E00140918,281,49,23,26,232,23,209,17.437722419928825,8.185053380782918,9.252669039145907,82.56227758007117,8.185053380782918,74.37722419928826
E00140919,300,108,66,42,192,16,176,36,22,14.000000000000002,64,5.333333333333334,58.666666666666664
E00140920,334,42,15,27,292,26,266,12.574850299401197,4.491017964071856,8.08383233532934,87.42514970059881,7.784431137724551,79.64071856287424
E00140921,272,49,17,32,223,30,193,18.014705882352942,6.25,11.76470588235294,81.98529411764706,11.029411764705882,70.95588235294117
E00140922,252,48,15,33,204,20,184,19.047619047619047,5.952380952380952,13.095238095238097,80.95238095238095,7.936507936507936,73.01587301587301
E00140923,463,116,77,39,347,27,320,25.05399568034557,16.630669546436287,8.423326133909287,74.94600431965442,5.831533477321814,69.11447084233261
E00140924,278,38,12,26,240,20,220,13.66906474820144,4.316546762589928,9.352517985611511,86.33093525179856,7.1942446043165464,79.13669064748201
E00140925,305,47,23,24,258,30,228,15.40983606557377,7.540983606557377,7.868852459016394,84.59016393442623,9.836065573770492,74.75409836065575
E00140926,281,34,8,26,247,29,218,12.099644128113878,2.8469750889679712,9.252669039145907,87.90035587188612,10.320284697508896,77.58007117437722
E00140927,283,55,15,40,228,19,209,19.434628975265017,5.30035335689046,14.13427561837456,80.56537102473497,6.713780918727916,73.85159010600707
E00140928,325,40,10,30,285,36,249,12.307692307692308,3.076923076923077,9.230769230769232,87.6923076923077,11.076923076923077,76.61538461538461
E00140929,293,55,24,31,238,24,214,18.771331058020476,8.19112627986348,10.580204778156997,81.22866894197952,8.19112627986348,73.03754266211604
E00140930,288,43,19,24,245,28,217,14.930555555555555,6.597222222222222,8.333333333333332,85.06944444444444,9.722222222222223,75.34722222222221
E00140931,314,35,13,22,279,32,247,11.146496815286625,4.140127388535031,7.006369426751593,88.85350318471338,10.191082802547772,78.6624203821656
E00140932,294,50,19,31,244,29,215,17.006802721088434,6.462585034013606,10.54421768707483,82.99319727891157,9.863945578231291,73.12925170068027
E00140933,279,52,19,33,227,28,199,18.63799283154122,6.810035842293908,11.827956989247312,81.36200716845879,10.03584229390681,71.32616487455196
E00140934,311,39,4,35,272,29,243,12.540192926045016,1.2861736334405145,11.254019292604502,87.45980707395499,9.32475884244373,78.13504823151125
E00140935,282,50,19,31,232,23,209,17.73049645390071,6.73758865248227,10.99290780141844,82.26950354609929,8.156028368794328,74.11347517730496
E00140936,331,68,26,42,263,42,221,20.54380664652568,7.854984894259818,12.688821752265861,79.45619335347432,12.688821752265861,66.76737160120845
E00140937,296,22,3,19,274,29,245,7.4324324324324325,1.0135135135135136,6.418918918918918,92.56756756756756,9.797297297297296,82.77027027027027
E00140938,254,24,8,16,230,23,207,9.448818897637794,3.149606299212598,6.299212598425196,90.5511811023622,9.05511811023622,81.49606299212599
E00140939,364,57,20,37,307,33,274,15.659340659340659,5.4945054945054945,10.164835164835164,84.34065934065934,9.065934065934066,75.27472527472527
E00140940,222,34,12,22,188,21,167,15.315315315315313,5.405405405405405,9.90990990990991,84.68468468468468,9.45945945945946,75.22522522522522
E00140941,250,38,11,27,212,26,186,15.2,4.3999999999999995,10.8,84.8,10.4,74.4
E00140942,376,53,15,38,323,31,292,14.095744680851062,3.9893617021276597,10.106382978723403,85.90425531914893,8.24468085106383,77.6595744680851
E00140943,241,48,21,27,193,21,172,19.91701244813278,8.71369294605809,11.20331950207469,80.08298755186722,8.71369294605809,71.36929460580913
E00140944,403,65,20,45,338,28,310,16.129032258064516,4.962779156327544,11.166253101736972,83.87096774193549,6.9478908188585615,76.92307692307693
E00140945,396,77,34,43,319,30,289,19.444444444444446,8.585858585858585,10.85858585858586,80.55555555555556,7.575757575757576,72.97979797979798
E00140946,164,24,9,15,140,12,128,14.634146341463413,5.487804878048781,9.146341463414634,85.36585365853658,7.317073170731707,78.04878048780488
E00140947,345,70,45,25,275,26,249,20.28985507246377,13.043478260869565,7.246376811594203,79.71014492753623,7.536231884057972,72.17391304347827
E00140948,357,53,9,44,304,25,279,14.84593837535014,2.5210084033613445,12.324929971988796,85.15406162464986,7.002801120448179,78.15126050420169
E00140949,335,30,9,21,305,22,283,8.955223880597014,2.6865671641791042,6.26865671641791,91.04477611940298,6.567164179104477,84.4776119402985
E00140950,345,60,26,34,285,17,268,17.391304347826086,7.536231884057972,9.855072463768117,82.6086956521739,4.9275362318840585,77.68115942028986
E00140951,264,38,18,20,226,20,206,14.393939393939394,6.8181818181818175,7.575757575757576,85.60606060606061,7.575757575757576,78.03030303030303
E00140953,230,29,9,20,201,24,177,12.608695652173912,3.91304347826087,8.695652173913043,87.39130434782608,10.434782608695652,76.95652173913044
E00140954,194,60,32,28,134,17,117,30.927835051546392,16.49484536082474,14.432989690721648,69.0721649484536,8.762886597938143,60.30927835051546
E00140955,279,58,21,37,221,22,199,20.78853046594982,7.526881720430108,13.261648745519713,79.21146953405018,7.885304659498208,71.32616487455196
E00140956,308,38,14,24,270,22,248,12.337662337662337,4.545454545454546,7.792207792207792,87.66233766233766,7.142857142857142,80.51948051948052
E00140957,243,38,8,30,205,18,187,15.637860082304528,3.292181069958848,12.345679012345679,84.36213991769547,7.4074074074074066,76.95473251028807
E00140958,292,40,8,32,252,24,228,13.698630136986301,2.73972602739726,10.95890410958904,86.3013698630137,8.21917808219178,78.08219178082192
E00140959,187,34,13,21,153,7,146,18.181818181818183,6.951871657754011,11.229946524064172,81.81818181818183,3.7433155080213902,78.07486631016043
E00140960,316,49,17,32,267,18,249,15.50632911392405,5.379746835443038,10.126582278481013,84.49367088607595,5.69620253164557,78.79746835443038
E00140961,261,50,25,25,211,24,187,19.157088122605366,9.578544061302683,9.578544061302683,80.84291187739464,9.195402298850574,71.64750957854406
E00140962,326,34,7,27,292,25,267,10.429447852760736,2.147239263803681,8.282208588957054,89.57055214723927,7.668711656441718,81.90184049079755
E00140963,235,36,10,26,199,19,180,15.319148936170212,4.25531914893617,11.063829787234042,84.68085106382979,8.085106382978724,76.59574468085107
E00140964,339,90,39,51,249,19,230,26.548672566371685,11.504424778761061,15.04424778761062,73.45132743362832,5.604719764011799,67.84660766961652
E00140965,257,42,15,27,215,24,191,16.342412451361866,5.836575875486381,10.505836575875486,83.65758754863813,9.33852140077821,74.31906614785993
E00140966,255,35,11,24,220,22,198,13.725490196078432,4.313725490196078,9.411764705882353,86.27450980392157,8.627450980392156,77.64705882352942
E00140967,277,38,10,28,239,24,215,13.718411552346572,3.6101083032490973,10.108303249097473,86.28158844765343,8.664259927797833,77.6173285198556
E00140968,229,49,24,25,180,28,152,21.397379912663755,10.480349344978166,10.91703056768559,78.60262008733623,12.22707423580786,66.37554585152839
E00140969,253,54,14,40,199,21,178,21.34387351778656,5.533596837944664,15.810276679841898,78.65612648221344,8.300395256916996,70.35573122529645
E00140970,380,56,21,35,324,28,296,14.736842105263156,5.526315789473684,9.210526315789473,85.26315789473684,7.368421052631578,77.89473684210526
E00140971,242,41,12,29,201,28,173,16.94214876033058,4.958677685950414,11.983471074380166,83.05785123966942,11.570247933884298,71.48760330578511
E00140972,238,29,13,16,209,22,187,12.184873949579831,5.46218487394958,6.722689075630252,87.81512605042016,9.243697478991598,78.57142857142857
E00140973,267,28,10,18,239,22,217,10.486891385767791,3.7453183520599254,6.741573033707865,89.51310861423221,8.239700374531834,81.27340823970037
E00140974,296,49,19,30,247,21,226,16.554054054054053,6.418918918918918,10.135135135135135,83.44594594594594,7.094594594594595,76.35135135135135
E00140975,304,41,15,26,263,23,240,13.486842105263158,4.934210526315789,8.552631578947368,86.51315789473685,7.565789473684211,78.94736842105263
E00140976,396,47,12,35,349,25,324,11.868686868686869,3.0303030303030303,8.83838383838384,88.13131313131312,6.313131313131313,81.81818181818183
E00140977,394,77,24,53,317,37,280,19.543147208121827,6.091370558375635,13.451776649746192,80.45685279187818,9.390862944162437,71.06598984771574
E00140978,223,42,18,24,181,21,160,18.83408071748879,8.071748878923767,10.762331838565023,81.16591928251121,9.417040358744394,71.74887892376681
E00140979,322,47,11,36,275,27,248,14.596273291925465,3.4161490683229814,11.180124223602485,85.40372670807453,8.385093167701864,77.01863354037268
E00140980,244,32,8,24,212,23,189,13.114754098360656,3.278688524590164,9.836065573770492,86.88524590163934,9.426229508196721,77.45901639344262
E00140981,261,42,18,24,219,32,187,16.091954022988507,6.896551724137931,9.195402298850574,83.9080459770115,12.260536398467432,71.64750957854406
E00140982,352,49,18,31,303,20,283,13.920454545454545,5.113636363636364,8.806818181818182,86.07954545454545,5.681818181818182,80.39772727272727
E00140983,583,64,26,38,519,44,475,10.977701543739279,4.459691252144083,6.518010291595197,89.02229845626071,7.547169811320755,81.47512864493997
E00140984,259,42,21,21,217,20,197,16.216216216216218,8.108108108108109,8.108108108108109,83.78378378378379,7.722007722007722,76.06177606177607
E00140985,256,50,12,38,206,24,182,19.53125,4.6875,14.84375,80.46875,9.375,71.09375
E00140986,418,47,22,25,371,42,329,11.24401913875598,5.263157894736842,5.980861244019139,88.75598086124403,10.047846889952153,78.70813397129187
E00140987,348,47,16,31,301,31,270,13.505747126436782,4.597701149425287,8.908045977011495,86.49425287356321,8.908045977011495,77.58620689655173
E00140988,318,44,17,27,274,23,251,13.836477987421384,5.345911949685535,8.49056603773585,86.16352201257862,7.232704402515723,78.9308176100629
E00140989,392,45,13,32,347,43,304,11.479591836734695,3.316326530612245,8.16326530612245,88.5204081632653,10.96938775510204,77.55102040816327
E00140990,444,46,9,37,398,34,364,10.36036036036036,2.027027027027027,8.333333333333332,89.63963963963964,7.657657657657657,81.98198198198197
E00140991,256,47,12,35,209,28,181,18.359375,4.6875,13.671875,81.640625,10.9375,70.703125
E00140992,428,55,19,36,373,37,336,12.850467289719624,4.439252336448598,8.411214953271028,87.14953271028037,8.644859813084112,78.50467289719626
E00140993,147,18,10,8,129,13,116,12.244897959183673,6.802721088435375,5.442176870748299,87.75510204081633,8.843537414965986,78.91156462585033
E00140994,268,44,17,27,224,19,205,16.417910447761194,6.343283582089552,10.074626865671641,83.5820895522388,7.08955223880597,76.49253731343283
E00140995,199,34,12,22,165,18,147,17.08542713567839,6.030150753768844,11.055276381909549,82.91457286432161,9.045226130653267,73.86934673366834
E00140996,209,33,7,26,176,17,159,15.789473684210526,3.349282296650718,12.440191387559809,84.21052631578947,8.133971291866029,76.07655502392345
E00140997,293,35,14,21,258,21,237,11.945392491467576,4.778156996587031,7.167235494880546,88.05460750853243,7.167235494880546,80.88737201365188
E00140998,226,26,8,18,200,18,182,11.504424778761061,3.5398230088495577,7.964601769911504,88.49557522123894,7.964601769911504,80.53097345132744
E00140999,238,33,13,20,205,15,190,13.865546218487395,5.46218487394958,8.403361344537815,86.1344537815126,6.302521008403361,79.83193277310924
E00141000,179,60,32,28,119,13,106,33.5195530726257,17.877094972067038,15.64245810055866,66.4804469273743,7.262569832402235,59.217877094972074
E00141001,217,37,16,21,180,25,155,17.050691244239633,7.373271889400922,9.67741935483871,82.94930875576037,11.52073732718894,71.42857142857143
E00141002,263,42,13,29,221,18,203,15.96958174904943,4.942965779467681,11.02661596958175,84.03041825095056,6.844106463878327,77.18631178707224
E00141003,249,43,14,29,206,10,196,17.269076305220885,5.622489959839357,11.646586345381527,82.73092369477911,4.016064257028113,78.714859437751
E00141004,205,41,19,22,164,20,144,20,9.268292682926829,10.731707317073171,80,9.75609756097561,70.24390243902438
E00141005,161,28,6,22,133,10,123,17.391304347826086,3.7267080745341614,13.664596273291925,82.6086956521739,6.211180124223603,76.3975155279503
E00141006,262,46,19,27,216,8,208,17.557251908396946,7.251908396946565,10.305343511450381,82.44274809160305,3.0534351145038165,79.38931297709924
E00141008,460,74,28,46,386,49,337,16.08695652173913,6.086956521739131,10,83.91304347826087,10.652173913043478,73.26086956521739
E00141009,425,64,33,31,361,38,323,15.058823529411763,7.764705882352942,7.294117647058823,84.94117647058823,8.941176470588236,76
E00141010,250,42,9,33,208,30,178,16.8,3.5999999999999996,13.200000000000001,83.2,12,71.2
E00141011,165,18,2,16,147,21,126,10.909090909090908,1.2121212121212122,9.696969696969697,89.0909090909091,12.727272727272727,76.36363636363637
E00141012,194,32,7,25,162,15,147,16.49484536082474,3.608247422680412,12.886597938144329,83.50515463917526,7.731958762886598,75.77319587628865
E00141014,219,33,8,25,186,21,165,15.068493150684931,3.65296803652968,11.415525114155251,84.93150684931507,9.58904109589041,75.34246575342466
E00141015,347,68,41,27,279,37,242,19.596541786743515,11.815561959654179,7.780979827089338,80.403458213256485,10.662824207492795,69.7406340057637
E00141016,233,42,16,26,191,22,169,18.025751072961373,6.866952789699571,11.158798283261802,81.97424892703863,9.44206008583691,72.53218884120172
E00141017,359,53,19,34,306,29,277,14.763231197771587,5.2924791086350975,9.47075208913649,85.23676880222841,8.07799442896936,77.15877437325905
E00141018,311,48,19,29,263,15,248,15.434083601286176,6.109324758842444,9.32475884244373,84.56591639871382,4.823151125401929,79.7427652733119
E00141019,239,34,7,27,205,28,177,14.225941422594143,2.928870292887029,11.297071129707113,85.77405857740585,11.715481171548117,74.05857740585773
E00141020,338,53,17,36,285,27,258,15.680473372781064,5.029585798816568,10.650887573964498,84.31952662721893,7.988165680473373,76.33136094674556
E00141021,266,49,21,28,217,28,189,18.421052631578945,7.894736842105263,10.526315789473683,81.57894736842105,10.526315789473683,71.05263157894737
E00141022,265,38,7,31,227,22,205,14.339622641509434,2.6415094339622645,11.69811320754717,85.66037735849056,8.30188679245283,77.35849056603774
E00141023,362,42,11,31,320,40,280,11.602209944751381,3.0386740331491713,8.56353591160221,88.39779005524862,11.049723756906078,77.34806629834254
E00141024,342,37,11,26,305,32,273,10.818713450292398,3.216374269005848,7.602339181286549,89.18128654970761,9.35672514619883,79.82456140350878
E00141025,285,53,18,35,232,24,208,18.596491228070175,6.315789473684211,12.280701754385964,81.40350877192982,8.421052631578947,72.98245614035088
E00141026,249,37,8,29,212,21,191,14.859437751004014,3.2128514056224895,11.646586345381527,85.14056224899599,8.433734939759036,76.70682730923694
E00141027,221,33,8,25,188,21,167,14.93212669683258,3.619909502262444,11.312217194570136,85.06787330316742,9.502262443438914,75.56561085972851
E00141028,272,52,16,36,220,34,186,19.11764705882353,5.88235294117647,13.23529411764706,80.88235294117648,12.5,68.38235294117648
E00141029,240,49,20,29,191,20,171,20.416666666666668,8.333333333333332,12.083333333333334,79.58333333333333,8.333333333333332,71.25
E00141030,219,36,15,21,183,16,167,16.43835616438356,6.8493150684931505,9.58904109589041,83.56164383561644,7.30593607305936,76.25570776255708
E00141031,312,62,20,42,250,23,227,19.871794871794872,6.41025641025641,13.461538461538462,80.12820512820514,7.371794871794872,72.75641025641025
E00141032,369,61,23,38,308,24,284,16.53116531165312,6.233062330623306,10.29810298102981,83.46883468834689,6.504065040650407,76.96476964769647
E00141033,261,38,11,27,223,30,193,14.559386973180077,4.21455938697318,10.344827586206897,85.44061302681992,11.494252873563218,73.9463601532567
E00141034,269,42,12,30,227,31,196,15.613382899628252,4.4609665427509295,11.152416356877323,84.38661710037175,11.524163568773234,72.86245353159852
E00141035,348,58,18,40,290,36,254,16.666666666666664,5.172413793103448,11.494252873563218,83.33333333333334,10.344827586206897,72.98850574712644
E00141036,236,36,7,29,200,28,172,15.254237288135593,2.9661016949152543,12.288135593220339,84.7457627118644,11.864406779661017,72.88135593220339
E00141037,292,42,21,21,250,25,225,14.383561643835616,7.191780821917808,7.191780821917808,85.61643835616438,8.561643835616438,77.05479452054794
E00141038,402,63,19,44,339,43,296,15.671641791044777,4.72636815920398,10.945273631840797,84.32835820895522,10.696517412935323,73.6318407960199
E00141039,379,49,14,35,330,34,296,12.928759894459102,3.6939313984168867,9.234828496042216,87.0712401055409,8.970976253298153,78.10026385224275
E00141040,385,63,25,38,322,33,289,16.363636363636363,6.493506493506493,9.87012987012987,83.63636363636363,8.571428571428571,75.06493506493507
E00141041,496,63,26,37,433,39,394,12.701612903225806,5.241935483870968,7.459677419354839,87.29838709677419,7.862903225806452,79.43548387096774
E00141044,342,68,28,40,274,18,256,19.883040935672515,8.187134502923977,11.695906432748536,80.11695906432749,5.263157894736842,74.85380116959064
E00141045,311,31,9,22,280,21,259,9.967845659163988,2.8938906752411575,7.07395498392283,90.03215434083602,6.752411575562702,83.27974276527331
E00141046,301,17,8,9,284,32,252,5.647840531561462,2.6578073089700998,2.990033222591362,94.35215946843853,10.631229235880399,83.72093023255815
E00141047,321,46,23,23,275,26,249,14.330218068535824,7.165109034267912,7.165109034267912,85.66978193146417,8.09968847352025,77.57009345794393
E00141048,349,56,19,37,293,25,268,16.045845272206304,5.444126074498568,10.601719197707736,83.95415472779369,7.163323782234957,76.79083094555874
E00141050,266,40,8,32,226,25,201,15.037593984962406,3.007518796992481,12.030075187969924,84.9624060150376,9.398496240601503,75.56390977443608
E00141051,320,54,18,36,266,31,235,16.875,5.625,11.25,83.125,9.6875,73.4375
E00141053,369,54,25,29,315,29,286,14.634146341463413,6.775067750677506,7.8590785907859075,85.36585365853658,7.8590785907859075,77.50677506775068
E00141054,462,95,45,50,367,20,347,20.562770562770563,9.740259740259742,10.822510822510822,79.43722943722943,4.329004329004329,75.10822510822511
E00141055,268,16,4,12,252,19,233,5.970149253731343,1.4925373134328357,4.477611940298507,94.02985074626866,7.08955223880597,86.94029850746269
E00141056,317,44,14,30,273,22,251,13.880126182965299,4.416403785488959,9.46372239747634,86.1198738170347,6.940063091482649,79.17981072555204
E00141057,326,43,16,27,283,26,257,13.190184049079754,4.9079754601226995,8.282208588957054,86.80981595092024,7.975460122699387,78.83435582822086
E00141058,297,55,25,30,242,23,219,18.51851851851852,8.417508417508419,10.1010101010101,81.48148148148148,7.744107744107744,73.73737373737373
E00141059,268,38,16,22,230,15,215,14.17910447761194,5.970149253731343,8.208955223880597,85.82089552238806,5.597014925373134,80.22388059701493
E00141060,314,35,18,17,279,30,249,11.146496815286625,5.7324840764331215,5.414012738853503,88.85350318471338,9.554140127388536,79.29936305732484
E00141061,299,38,12,26,261,22,239,12.709030100334449,4.013377926421405,8.695652173913043,87.29096989966555,7.357859531772576,79.93311036789298
E00141062,284,46,24,22,238,27,211,16.19718309859155,8.450704225352112,7.746478873239436,83.80281690140845,9.507042253521126,74.29577464788733
E00141063,346,73,48,25,273,31,242,21.09826589595376,13.872832369942195,7.225433526011561,78.90173410404624,8.959537572254336,69.94219653179191
E00141064,357,47,20,27,310,37,273,13.165266106442578,5.602240896358544,7.563025210084033,86.83473389355743,10.364145658263306,76.47058823529412
E00141065,371,51,10,41,320,45,275,13.746630727762804,2.6954177897574128,11.05121293800539,86.25336927223721,12.129380053908356,74.12398921832884
E00141066,359,38,10,28,321,40,281,10.584958217270195,2.785515320334262,7.7994428969359335,89.41504178272982,11.142061281337048,78.27298050139275
E00141067,355,43,10,33,312,27,285,12.112676056338028,2.8169014084507045,9.295774647887324,87.88732394366198,7.605633802816901,80.28169014084507
E00141068,301,25,11,14,276,39,237,8.305647840531561,3.6544850498338874,4.651162790697675,91.69435215946844,12.956810631229235,78.7375415282392
E00141069,304,38,5,33,266,24,242,12.5,1.644736842105263,10.855263157894738,87.5,7.894736842105263,79.60526315789474
E00141070,276,31,13,18,245,20,225,11.231884057971014,4.710144927536232,6.521739130434782,88.76811594202898,7.246376811594203,81.52173913043478
E00141071,590,143,77,66,447,51,396,24.23728813559322,13.050847457627118,11.186440677966102,75.76271186440678,8.64406779661017,67.11864406779661
E00141072,262,31,11,20,231,22,209,11.83206106870229,4.198473282442748,7.633587786259542,88.16793893129771,8.396946564885496,79.77099236641222
E00141073,184,19,7,12,165,13,152,10.326086956521738,3.804347826086957,6.521739130434782,89.67391304347827,7.065217391304348,82.6086956521739
E00141074,295,41,8,33,254,32,222,13.898305084745763,2.711864406779661,11.186440677966102,86.10169491525423,10.847457627118644,75.2542372881356
E00141075,259,71,35,36,188,18,170,27.413127413127413,13.513513513513514,13.8996138996139,72.58687258687259,6.94980694980695,65.63706563706563
E00141076,227,34,14,20,193,23,170,14.977973568281937,6.167400881057269,8.81057268722467,85.02202643171806,10.13215859030837,74.8898678414097
E00141077,217,37,15,22,180,20,160,17.050691244239633,6.912442396313365,10.138248847926267,82.94930875576037,9.216589861751153,73.73271889400922
E00141078,283,47,15,32,236,29,207,16.607773851590103,5.30035335689046,11.307420494699647,83.3922261484099,10.247349823321555,73.14487632508833
E00141079,317,51,16,35,266,30,236,16.08832807570978,5.047318611987381,11.041009463722396,83.91167192429022,9.46372239747634,74.44794952681389
E00141080,268,48,19,29,220,28,192,17.91044776119403,7.08955223880597,10.820895522388058,82.08955223880598,10.44776119402985,71.64179104477611
E00141081,281,69,24,45,212,19,193,24.555160142348754,8.540925266903916,16.014234875444842,75.44483985765125,6.761565836298933,68.68327402135232
E00141082,157,26,9,17,131,13,118,16.560509554140125,5.7324840764331215,10.828025477707007,83.43949044585987,8.280254777070063,75.15923566878982
E00141083,112,17,3,14,95,8,87,15.178571428571427,2.6785714285714284,12.5,84.82142857142857,7.142857142857142,77.67857142857143
E00141084,157,12,4,8,145,7,138,7.643312101910828,2.547770700636943,5.095541401273886,92.35668789808918,4.45859872611465,87.89808917197452
E00141085,139,17,4,13,122,11,111,12.23021582733813,2.877697841726619,9.352517985611511,87.76978417266187,7.913669064748201,79.85611510791367
E00141086,147,15,4,11,132,11,121,10.204081632653061,2.7210884353741496,7.482993197278912,89.79591836734694,7.482993197278912,82.31292517006803
E00141087,325,48,15,33,277,22,255,14.76923076923077,4.615384615384616,10.153846153846153,85.23076923076923,6.769230769230769,78.46153846153847
E00141088,321,39,8,31,282,25,257,12.149532710280374,2.4922118380062304,9.657320872274143,87.85046728971963,7.78816199376947,80.06230529595015
E00141089,473,59,20,39,414,45,369,12.473572938689218,4.2283298097251585,8.24524312896406,87.52642706131078,9.513742071881607,78.01268498942918
E00141090,148,22,8,14,126,8,118,14.864864864864865,5.405405405405405,9.45945945945946,85.13513513513513,5.405405405405405,79.72972972972973
E00141091,542,74,27,47,468,44,424,13.653136531365314,4.981549815498155,8.671586715867159,86.34686346863468,8.118081180811808,78.22878228782287
E00141092,280,82,38,44,198,17,181,29.28571428571429,13.571428571428571,15.714285714285714,70.71428571428572,6.071428571428571,64.64285714285715
E00141093,320,57,15,42,263,20,243,17.8125,4.6875,13.125,82.1875,6.25,75.9375
E00141094,283,29,6,23,254,21,233,10.247349823321555,2.1201413427561837,8.12720848056537,89.75265017667844,7.420494699646643,82.3321554770318
E00141095,102,13,1,12,89,7,82,12.745098039215685,0.9803921568627451,11.76470588235294,87.25490196078431,6.862745098039216,80.3921568627451
E00141096,288,47,18,29,241,26,215,16.319444444444446,6.25,10.069444444444445,83.68055555555556,9.027777777777777,74.65277777777779
E00141097,300,49,19,30,251,23,228,16.333333333333332,6.333333333333334,10,83.66666666666667,7.666666666666666,76
E00141098,273,48,23,25,225,28,197,17.582417582417584,8.424908424908425,9.157509157509157,82.41758241758241,10.256410256410255,72.16117216117216
E00141099,258,35,15,20,223,29,194,13.565891472868216,5.813953488372093,7.751937984496124,86.43410852713178,11.24031007751938,75.1937984496124
E00141100,344,51,14,37,293,26,267,14.825581395348838,4.069767441860465,10.755813953488373,85.17441860465115,7.55813953488372,77.61627906976744
E00141101,303,56,18,38,247,17,230,18.48184818481848,5.9405940594059405,12.541254125412541,81.51815181518151,5.6105610561056105,75.9075907590759
E00141102,308,52,21,31,256,24,232,16.883116883116884,6.8181818181818175,10.064935064935066,83.11688311688312,7.792207792207792,75.32467532467533
E00141103,240,58,16,42,182,28,154,24.166666666666668,6.666666666666667,17.5,75.83333333333333,11.666666666666666,64.16666666666667
E00141104,340,57,19,38,283,37,246,16.76470588235294,5.588235294117648,11.176470588235295,83.23529411764706,10.882352941176471,72.35294117647058
E00141105,261,86,38,48,175,26,149,32.95019157088122,14.559386973180077,18.39080459770115,67.04980842911877,9.961685823754788,57.08812260536399
E00141106,255,40,17,23,215,21,194,15.686274509803921,6.666666666666667,9.019607843137255,84.31372549019608,8.235294117647058,76.07843137254902
E00141107,236,63,24,39,173,12,161,26.69491525423729,10.16949152542373,16.52542372881356,73.30508474576271,5.084745762711865,68.22033898305084
E00141108,272,44,17,27,228,19,209,16.176470588235293,6.25,9.926470588235293,83.82352941176471,6.985294117647059,76.83823529411765
E00141109,326,51,13,38,275,28,247,15.644171779141105,3.9877300613496933,11.65644171779141,84.3558282208589,8.588957055214724,75.76687116564416
E00141110,345,80,33,47,265,30,235,23.18840579710145,9.565217391304348,13.623188405797102,76.81159420289855,8.695652173913043,68.11594202898551
E00141111,174,42,14,28,132,11,121,24.137931034482758,8.045977011494253,16.091954022988507,75.86206896551724,6.321839080459771,69.54022988505747
E00141112,269,56,26,30,213,24,189,20.817843866171003,9.66542750929368,11.152416356877323,79.182156133829,8.921933085501859,70.26022304832715
E00141113,486,100,42,58,386,40,346,20.5761316872428,8.641975308641975,11.934156378600823,79.42386831275721,8.23045267489712,71.19341563786008
E00141114,288,37,15,22,251,26,225,12.847222222222221,5.208333333333334,7.638888888888889,87.15277777777779,9.027777777777777,78.125
E00141115,332,51,23,28,281,28,253,15.36144578313253,6.927710843373494,8.433734939759036,84.63855421686746,8.433734939759036,76.20481927710844
E00141116,248,44,21,23,204,21,183,17.741935483870968,8.46774193548387,9.274193548387096,82.25806451612904,8.46774193548387,73.79032258064517
E00141117,206,40,17,23,166,25,141,19.41747572815534,8.25242718446602,11.165048543689322,80.58252427184466,12.135922330097088,68.44660194174757
E00141118,428,133,79,54,295,23,272,31.074766355140188,18.457943925233643,12.616822429906541,68.92523364485982,5.373831775700935,63.55140186915887
E00141119,289,112,77,35,177,24,153,38.75432525951557,26.643598615916954,12.110726643598616,61.245674740484425,8.304498269896193,52.94117647058824
E00141120,377,54,23,31,323,32,291,14.323607427055704,6.10079575596817,8.222811671087534,85.6763925729443,8.488063660477453,77.18832891246684
E00141121,371,65,29,36,306,27,279,17.52021563342318,7.816711590296496,9.703504043126685,82.47978436657682,7.277628032345014,75.2021563342318
E00141122,323,52,17,35,271,23,248,16.09907120743034,5.263157894736842,10.8359133126935,83.90092879256966,7.120743034055728,76.78018575851394
E00141123,316,41,12,29,275,23,252,12.974683544303797,3.79746835443038,9.177215189873419,87.0253164556962,7.2784810126582276,79.74683544303798
E00141124,263,44,14,30,219,22,197,16.730038022813687,5.323193916349809,11.406844106463879,83.26996197718631,8.365019011406844,74.90494296577947
E00141125,281,61,26,35,220,23,197,21.70818505338078,9.252669039145907,12.455516014234876,78.29181494661923,8.185053380782918,70.1067615658363
E00141126,261,42,14,28,219,23,196,16.091954022988507,5.363984674329502,10.727969348659004,83.9080459770115,8.812260536398467,75.09578544061303
E00141127,268,43,9,34,225,21,204,16.044776119402986,3.3582089552238807,12.686567164179104,83.95522388059702,7.835820895522389,76.11940298507463
E00141128,311,54,30,24,257,22,235,17.363344051446948,9.646302250803858,7.717041800643088,82.63665594855306,7.07395498392283,75.56270096463022
E00141129,223,42,17,25,181,11,170,18.83408071748879,7.623318385650224,11.210762331838566,81.16591928251121,4.932735426008969,76.23318385650224
E00141130,264,54,20,34,210,25,185,20.454545454545457,7.575757575757576,12.878787878787879,79.54545454545455,9.469696969696969,70.07575757575758
E00141131,262,65,25,40,197,15,182,24.80916030534351,9.541984732824428,15.267175572519085,75.19083969465649,5.7251908396946565,69.46564885496184
E00141133,394,60,15,45,334,31,303,15.228426395939088,3.807106598984772,11.421319796954315,84.77157360406092,7.868020304568528,76.90355329949239
E00141134,438,86,16,70,352,35,317,19.63470319634703,3.65296803652968,15.981735159817351,80.36529680365297,7.9908675799086755,72.3744292237443
E00141136,243,62,23,39,181,29,152,25.514403292181072,9.465020576131687,16.049382716049383,74.48559670781893,11.934156378600823,62.55144032921811
E00141137,332,26,7,19,306,22,284,7.83132530120482,2.108433734939759,5.72289156626506,92.16867469879519,6.626506024096386,85.54216867469879
E00141138,325,54,17,37,271,34,237,16.615384615384617,5.230769230769231,11.384615384615385,83.38461538461537,10.461538461538462,72.92307692307692
E00141139,369,55,21,34,314,27,287,14.905149051490515,5.691056910569105,9.214092140921409,85.09485094850947,7.317073170731707,77.77777777777779
E00141140,342,59,15,44,283,31,252,17.251461988304094,4.385964912280701,12.865497076023392,82.7485380116959,9.064327485380117,73.68421052631578
E00141141,560,64,20,44,496,39,457,11.428571428571429,3.571428571428571,7.857142857142857,88.57142857142857,6.964285714285714,81.60714285714286
E00141142,313,46,14,32,267,25,242,14.696485623003195,4.472843450479233,10.223642172523961,85.3035143769968,7.987220447284344,77.31629392971246
E00141143,281,48,22,26,233,38,195,17.08185053380783,7.829181494661921,9.252669039145907,82.91814946619218,13.523131672597867,69.3950177935943
E00141144,341,70,27,43,271,28,243,20.527859237536656,7.9178885630498534,12.609970674486803,79.47214076246334,8.211143695014663,71.26099706744868
E00141145,265,42,10,32,223,23,200,15.849056603773585,3.7735849056603774,12.075471698113208,84.15094339622642,8.679245283018867,75.47169811320755
E00141146,381,84,20,64,297,30,267,22.04724409448819,5.2493438320209975,16.79790026246719,77.95275590551181,7.874015748031496,70.07874015748031
E00141147,291,58,19,39,233,24,209,19.93127147766323,6.529209621993128,13.402061855670103,80.06872852233677,8.24742268041237,71.8213058419244
E00141148,300,23,7,16,277,28,249,7.666666666666666,2.3333333333333335,5.333333333333334,92.33333333333333,9.333333333333334,83
E00141149,298,30,6,24,268,27,241,10.06711409395973,2.013422818791946,8.053691275167784,89.93288590604027,9.060402684563758,80.87248322147651
E00141150,268,47,15,32,221,19,202,17.537313432835823,5.597014925373134,11.940298507462686,82.46268656716418,7.08955223880597,75.3731343283582
E00141151,295,38,15,23,257,22,235,12.88135593220339,5.084745762711865,7.796610169491526,87.11864406779661,7.457627118644068,79.66101694915254
E00141152,296,49,21,28,247,20,227,16.554054054054053,7.094594594594595,9.45945945945946,83.44594594594594,6.756756756756757,76.6891891891892
E00141153,410,43,18,25,367,37,330,10.487804878048781,4.390243902439024,6.097560975609756,89.51219512195122,9.024390243902438,80.48780487804879
E00141155,373,34,9,25,339,35,304,9.115281501340483,2.4128686327077746,6.702412868632708,90.88471849865952,9.383378016085791,81.50134048257372
E00141156,316,48,14,34,268,11,257,15.18987341772152,4.430379746835443,10.759493670886076,84.81012658227847,3.481012658227848,81.32911392405063
E00141157,348,32,8,24,316,21,295,9.195402298850574,2.2988505747126435,6.896551724137931,90.80459770114942,6.0344827586206895,84.77011494252874
E00141158,279,21,4,17,258,24,234,7.526881720430108,1.4336917562724014,6.093189964157706,92.47311827956989,8.60215053763441,83.87096774193549
E00141159,290,25,4,21,265,23,242,8.620689655172415,1.3793103448275863,7.241379310344828,91.37931034482759,7.931034482758621,83.44827586206897
E00141160,338,29,7,22,309,28,281,8.579881656804734,2.0710059171597637,6.508875739644971,91.42011834319527,8.284023668639055,83.13609467455622
E00141161,330,59,17,42,271,37,234,17.87878787878788,5.151515151515151,12.727272727272727,82.12121212121211,11.212121212121213,70.9090909090909
E00141162,355,49,10,39,306,25,281,13.802816901408452,2.8169014084507045,10.985915492957748,86.19718309859155,7.042253521126761,79.15492957746478
E00141163,238,29,13,16,209,20,189,12.184873949579831,5.46218487394958,6.722689075630252,87.81512605042016,8.403361344537815,79.41176470588235
E00141164,306,29,4,25,277,21,256,9.477124183006536,1.3071895424836601,8.169934640522875,90.52287581699346,6.862745098039216,83.66013071895425
E00141165,310,70,28,42,240,17,223,22.58064516129032,9.032258064516128,13.548387096774196,77.41935483870968,5.483870967741936,71.93548387096774
E00141166,206,35,16,19,171,18,153,16.990291262135923,7.766990291262135,9.223300970873787,83.00970873786407,8.737864077669903,74.27184466019418
E00141167,282,47,16,31,235,15,220,16.666666666666664,5.673758865248227,10.99290780141844,83.33333333333334,5.319148936170213,78.01418439716312
E00141168,307,56,21,35,251,31,220,18.241042345276874,6.840390879478828,11.400651465798045,81.75895765472313,10.097719869706841,71.66123778501628
E00141170,281,53,18,35,228,35,193,18.86120996441281,6.405693950177936,12.455516014234876,81.13879003558719,12.455516014234876,68.68327402135232
E00141171,286,59,26,33,227,20,207,20.62937062937063,9.090909090909092,11.538461538461538,79.37062937062937,6.993006993006993,72.37762237762237
E00141172,264,77,33,44,187,20,167,29.166666666666668,12.5,16.666666666666664,70.83333333333334,7.575757575757576,63.25757575757576
E00141173,234,64,39,25,170,4,166,27.350427350427353,16.666666666666664,10.683760683760683,72.64957264957265,1.7094017094017095,70.94017094017094
E00141174,247,54,25,29,193,14,179,21.86234817813765,10.121457489878543,11.740890688259109,78.13765182186235,5.668016194331984,72.46963562753037
E00141175,249,45,21,24,204,20,184,18.072289156626507,8.433734939759036,9.63855421686747,81.92771084337349,8.032128514056225,73.89558232931726
E00141176,239,51,26,25,188,20,168,21.338912133891213,10.87866108786611,10.460251046025103,78.66108786610879,8.368200836820083,70.29288702928869
E00141177,290,32,14,18,258,23,235,11.03448275862069,4.827586206896552,6.206896551724138,88.96551724137932,7.931034482758621,81.03448275862068
E00141178,272,33,10,23,239,23,216,12.132352941176471,3.6764705882352944,8.455882352941178,87.86764705882352,8.455882352941178,79.41176470588235
E00141179,290,40,9,31,250,29,221,13.793103448275861,3.103448275862069,10.689655172413794,86.20689655172413,10,76.20689655172413
E00141180,282,41,13,28,241,35,206,14.539007092198581,4.609929078014184,9.929078014184398,85.46099290780141,12.411347517730496,73.04964539007092
E00141181,319,28,9,19,291,22,269,8.77742946708464,2.8213166144200628,5.956112852664576,91.22257053291536,6.896551724137931,84.32601880877742
E00141182,297,41,8,33,256,23,233,13.804713804713806,2.6936026936026933,11.11111111111111,86.19528619528619,7.744107744107744,78.45117845117845
E00141183,306,47,15,32,259,22,237,15.359477124183007,4.901960784313726,10.457516339869281,84.640522875817,7.18954248366013,77.45098039215686
E00141184,574,53,8,45,521,46,475,9.233449477351916,1.3937282229965158,7.8397212543554,90.76655052264809,8.013937282229964,82.75261324041811
E00141185,277,38,14,24,239,40,199,13.718411552346572,5.054151624548736,8.664259927797833,86.28158844765343,14.440433212996389,71.84115523465704
E00141186,200,30,13,17,170,20,150,15,6.5,8.5,85,10,75
E00141187,485,64,23,41,421,39,382,13.195876288659795,4.742268041237113,8.45360824742268,86.80412371134021,8.041237113402062,78.76288659793815
E00141188,140,10,3,7,130,13,117,7.142857142857142,2.142857142857143,5,92.85714285714286,9.285714285714286,83.57142857142857
E00141189,223,30,7,23,193,19,174,13.452914798206278,3.1390134529147984,10.31390134529148,86.54708520179372,8.520179372197308,78.02690582959642
E00141190,260,54,15,39,206,30,176,20.76923076923077,5.769230769230769,15,79.23076923076923,11.538461538461538,67.6923076923077
E00141191,359,50,12,38,309,28,281,13.92757660167131,3.3426183844011144,10.584958217270195,86.0724233983287,7.7994428969359335,78.27298050139275
E00141192,300,43,9,34,257,30,227,14.333333333333334,3,11.333333333333332,85.66666666666667,10,75.66666666666667
E00141193,258,41,15,26,217,18,199,15.891472868217054,5.813953488372093,10.077519379844961,84.10852713178295,6.976744186046512,77.13178294573643
E00141194,173,29,7,22,144,13,131,16.76300578034682,4.046242774566474,12.716763005780345,83.23699421965318,7.514450867052023,75.72254335260115
E00141195,300,28,6,22,272,13,259,9.333333333333334,2,7.333333333333333,90.66666666666666,4.333333333333334,86.33333333333333
E00141196,200,18,2,16,182,11,171,9,1,8,91,5.5,85.5
E00141197,326,28,4,24,298,22,276,8.588957055214724,1.2269938650306749,7.361963190184049,91.41104294478528,6.748466257668712,84.66257668711657
E00141198,243,50,17,33,193,24,169,20.5761316872428,6.995884773662551,13.580246913580247,79.42386831275721,9.876543209876543,69.54732510288066
E00141199,309,50,18,32,259,18,241,16.181229773462782,5.825242718446602,10.355987055016183,83.81877022653723,5.825242718446602,77.99352750809061
E00141200,310,46,14,32,264,27,237,14.838709677419354,4.516129032258064,10.32258064516129,85.16129032258064,8.709677419354838,76.45161290322581
E00141201,354,65,27,38,289,25,264,18.361581920903955,7.627118644067797,10.734463276836157,81.63841807909604,7.062146892655368,74.57627118644068
E00141202,225,47,16,31,178,27,151,20.88888888888889,7.111111111111111,13.777777777777779,79.11111111111111,12,67.11111111111111
E00141203,314,46,18,28,268,36,232,14.64968152866242,5.7324840764331215,8.9171974522293,85.35031847133759,11.464968152866243,73.88535031847134
E00141205,362,127,85,42,235,16,219,35.0828729281768,23.480662983425415,11.602209944751381,64.9171270718232,4.41988950276243,60.49723756906077
E00141206,287,79,32,47,208,17,191,27.526132404181187,11.149825783972126,16.376306620209057,72.47386759581882,5.923344947735192,66.55052264808361
E00141207,242,35,9,26,207,13,194,14.46280991735537,3.71900826446281,10.743801652892563,85.53719008264463,5.371900826446281,80.16528925619835
E00141208,238,46,17,29,192,25,167,19.327731092436977,7.142857142857142,12.184873949579831,80.67226890756302,10.504201680672269,70.16806722689076
E00141210,276,54,18,36,222,29,193,19.565217391304348,6.521739130434782,13.043478260869565,80.43478260869566,10.507246376811594,69.92753623188406
E00141211,246,35,10,25,211,25,186,14.227642276422763,4.0650406504065035,10.16260162601626,85.77235772357723,10.16260162601626,75.60975609756098
E00141212,358,115,75,40,243,36,207,32.122905027932966,20.949720670391063,11.1731843575419,67.87709497206704,10.05586592178771,57.821229050279335
E00141213,240,40,13,27,200,27,173,16.666666666666664,5.416666666666667,11.25,83.33333333333334,11.25,72.08333333333333
E00141214,261,53,20,33,208,32,176,20.306513409961685,7.662835249042145,12.643678160919542,79.6934865900383,12.260536398467432,67.43295019157088
E00141215,305,45,17,28,260,25,235,14.754098360655737,5.573770491803279,9.180327868852459,85.24590163934425,8.19672131147541,77.04918032786885
E00141216,260,52,26,26,208,28,180,20,10,10,80,10.76923076923077,69.23076923076923
E00141217,282,56,17,39,226,27,199,19.858156028368796,6.028368794326241,13.829787234042554,80.1418439716312,9.574468085106384,70.56737588652481
E00141218,289,47,22,25,242,27,215,16.26297577854671,7.612456747404845,8.650519031141869,83.73702422145328,9.342560553633218,74.39446366782006
E00141219,351,45,13,32,306,32,274,12.82051282051282,3.7037037037037033,9.116809116809117,87.17948717948718,9.116809116809117,78.06267806267806
E00141220,308,46,14,32,262,28,234,14.935064935064934,4.545454545454546,10.38961038961039,85.06493506493507,9.090909090909092,75.97402597402598
E00141221,343,34,10,24,309,21,288,9.912536443148689,2.9154518950437316,6.997084548104956,90.0874635568513,6.122448979591836,83.96501457725948
E00141222,352,38,12,26,314,27,287,10.795454545454545,3.4090909090909087,7.386363636363637,89.20454545454545,7.670454545454546,81.5340909090909
E00141223,248,49,19,30,199,20,179,19.758064516129032,7.661290322580645,12.096774193548388,80.24193548387096,8.064516129032258,72.17741935483872
E00141224,266,43,19,24,223,24,199,16.165413533834585,7.142857142857142,9.022556390977442,83.83458646616542,9.022556390977442,74.81203007518798
E00141225,322,37,15,22,285,31,254,11.490683229813664,4.658385093167702,6.832298136645963,88.50931677018633,9.627329192546584,78.88198757763976
E00141226,284,29,9,20,255,26,229,10.211267605633804,3.169014084507042,7.042253521126761,89.7887323943662,9.15492957746479,80.63380281690141
E00141227,221,20,3,17,201,25,176,9.049773755656108,1.3574660633484164,7.6923076923076925,90.9502262443439,11.312217194570136,79.63800904977376
E00141228,329,55,19,36,274,28,246,16.717325227963524,5.775075987841945,10.94224924012158,83.28267477203647,8.51063829787234,74.77203647416414
E00141229,410,73,43,30,337,30,307,17.804878048780488,10.487804878048781,7.317073170731707,82.1951219512195,7.317073170731707,74.8780487804878
E00141230,270,40,11,29,230,23,207,14.814814814814813,4.074074074074074,10.74074074074074,85.18518518518519,8.518518518518519,76.66666666666667
E00141231,357,33,6,27,324,27,297,9.243697478991598,1.680672268907563,7.563025210084033,90.75630252100841,7.563025210084033,83.19327731092437
E00141232,288,29,7,22,259,22,237,10.069444444444445,2.430555555555556,7.638888888888889,89.93055555555556,7.638888888888889,82.29166666666666
E00141233,254,39,15,24,215,17,198,15.354330708661418,5.905511811023622,9.448818897637794,84.64566929133859,6.692913385826772,77.95275590551181
E00141234,341,26,3,23,315,24,291,7.624633431085044,0.8797653958944283,6.744868035190615,92.37536656891496,7.038123167155426,85.33724340175954
E00141235,295,43,15,28,252,23,229,14.576271186440678,5.084745762711865,9.491525423728813,85.42372881355932,7.796610169491526,77.62711864406779
E00141236,250,42,15,27,208,29,179,16.8,6,10.8,83.2,11.600000000000001,71.6
E00141237,310,43,9,34,267,28,239,13.870967741935484,2.903225806451613,10.967741935483872,86.12903225806451,9.032258064516128,77.09677419354838
E00141238,187,15,6,9,172,16,156,8.0213903743315509,3.2085561497326207,4.81283422459893,91.97860962566845,8.55614973262032,83.42245989304813
E00141239,135,12,2,10,123,15,108,8.88888888888889,1.4814814814814816,7.4074074074074066,91.11111111111111,11.11111111111111,80
E00141240,181,31,11,20,150,17,133,17.12707182320442,6.077348066298343,11.049723756906078,82.87292817679558,9.392265193370166,73.48066298342542
E00141241,205,22,11,11,183,12,171,10.731707317073171,5.365853658536586,5.365853658536586,89.26829268292683,5.853658536585367,83.41463414634146
E00141242,167,17,7,10,150,12,138,10.179640718562874,4.191616766467066,5.9880239520958085,89.82035928143712,7.18562874251497,82.63473053892216
E00141243,149,24,10,14,125,13,112,16.10738255033557,6.7114093959731544,9.395973154362416,83.89261744966443,8.724832214765101,75.16778523489933
E00141244,479,56,11,45,423,45,378,11.691022964509393,2.2964509394572024,9.394572025052192,88.30897703549061,9.394572025052192,78.91440501043841
E00141245,218,16,4,12,202,21,181,7.339449541284404,1.834862385321101,5.5045871559633035,92.66055045871559,9.63302752293578,83.02752293577981
E00141246,533,67,16,51,466,36,430,12.570356472795496,3.0018761726078798,9.568480300187618,87.4296435272045,6.75422138836773,80.67542213883677
E00141247,295,29,11,18,266,21,245,9.830508474576272,3.728813559322034,6.101694915254238,90.16949152542372,7.118644067796611,83.05084745762711
E00141248,191,30,10,20,161,7,154,15.706806282722512,5.2356020942408374,10.471204188481675,84.29319371727748,3.664921465968586,80.6282722513089
E00141249,320,49,13,36,271,23,248,15.312500000000002,4.0625,11.25,84.6875,7.187499999999999,77.5
E00141250,311,48,13,35,263,22,241,15.434083601286176,4.180064308681672,11.254019292604502,84.56591639871382,7.07395498392283,77.491961414791
E00141251,114,13,5,8,101,9,92,11.403508771929824,4.385964912280701,7.017543859649122,88.59649122807018,7.894736842105263,80.7017543859649
E00141252,403,38,11,27,365,31,334,9.429280397022332,2.729528535980149,6.699751861042183,90.57071960297766,7.6923076923076925,82.87841191066998
E00141253,426,40,16,24,386,29,357,9.389671361502346,3.755868544600939,5.633802816901409,90.61032863849765,6.807511737089202,83.80281690140845
E00141254,233,36,7,29,197,17,180,15.450643776824036,3.004291845493562,12.446351931330472,84.54935622317596,7.296137339055794,77.25321888412017
E00141255,415,57,25,32,358,38,320,13.734939759036143,6.024096385542169,7.710843373493977,86.26506024096385,9.156626506024097,77.10843373493977
E00141256,437,27,8,19,410,24,386,6.178489702517163,1.8306636155606408,4.3478260869565215,93.82151029748283,5.491990846681922,88.32951945080092
E00141257,395,60,18,42,335,36,299,15.18987341772152,4.556962025316456,10.632911392405063,84.81012658227847,9.113924050632912,75.69620253164557
E00141258,315,41,10,31,274,24,250,13.015873015873018,3.1746031746031744,9.841269841269842,86.98412698412699,7.6190476190476195,79.36507936507937
E00141259,298,41,18,23,257,21,236,13.758389261744966,6.0402684563758395,7.718120805369128,86.24161073825503,7.046979865771812,79.19463087248322
E00141260,283,49,17,32,234,28,206,17.314487632508836,6.007067137809187,11.307420494699647,82.68551236749117,9.89399293286219,72.79151943462897
E00141261,177,91,52,39,86,16,70,51.41242937853108,29.37853107344633,22.033898305084744,48.58757062146893,9.03954802259887,39.548022598870055
E00141262,342,86,32,54,256,26,230,25.146198830409354,9.35672514619883,15.789473684210526,74.85380116959064,7.602339181286549,67.2514619883041
E00141263,299,40,18,22,259,20,239,13.377926421404682,6.0200668896321075,7.357859531772576,86.62207357859532,6.688963210702341,79.93311036789298
E00141264,289,32,12,20,257,22,235,11.072664359861593,4.1522491349480966,6.920415224913495,88.92733564013841,7.612456747404845,81.31487889273356
E00141265,283,58,26,32,225,18,207,20.49469964664311,9.187279151943462,11.307420494699647,79.50530035335689,6.36042402826855,73.14487632508833
E00141266,267,83,34,49,184,15,169,31.086142322097377,12.734082397003746,18.352059925093634,68.91385767790263,5.617977528089887,63.29588014981273
E00141267,218,104,58,46,114,14,100,47.706422018348626,26.605504587155966,21.100917431192663,52.293577981651374,6.422018348623854,45.87155963302752
E00141268,204,65,45,20,139,16,123,31.862745098039213,22.058823529411764,9.803921568627452,68.13725490196079,7.8431372549019605,60.29411764705882
E00141269,201,44,22,22,157,10,147,21.890547263681594,10.945273631840797,10.945273631840797,78.1094527363184,4.975124378109453,73.13432835820896
E00141270,264,46,18,28,218,28,190,17.424242424242426,6.8181818181818175,10.606060606060606,82.57575757575758,10.606060606060606,71.96969696969697
E00141271,276,53,16,37,223,24,199,19.202898550724637,5.797101449275362,13.405797101449277,80.79710144927536,8.695652173913043,72.10144927536231
E00141272,300,55,16,39,245,25,220,18.333333333333332,5.333333333333334,13,81.66666666666667,8.333333333333332,73.33333333333333
E00141273,208,31,9,22,177,22,155,14.903846153846153,4.326923076923077,10.576923076923077,85.09615384615384,10.576923076923077,74.51923076923077
E00141274,202,32,11,21,170,16,154,15.841584158415841,5.445544554455446,10.396039603960396,84.15841584158416,7.920792079207921,76.23762376237624
E00141275,213,75,45,30,138,9,129,35.2112676056338,21.12676056338028,14.084507042253522,64.7887323943662,4.225352112676056,60.56338028169014
E00141276,262,53,15,38,209,22,187,20.229007633587788,5.7251908396946565,14.50381679389313,79.77099236641222,8.396946564885496,71.37404580152672
E00141277,197,35,10,25,162,10,152,17.766497461928935,5.0761421319796955,12.690355329949238,82.23350253807106,5.0761421319796955,77.15736040609137
E00141278,163,78,42,36,85,7,78,47.85276073619632,25.766871165644172,22.085889570552148,52.14723926380368,4.294478527607362,47.85276073619632
E00141279,253,43,16,27,210,25,185,16.99604743083004,6.324110671936759,10.67193675889328,83.00395256916995,9.881422924901186,73.12252964426878
E00171016,329,34,8,26,295,25,270,10.33434650455927,2.43161094224924,7.90273556231003,89.66565349544074,7.598784194528875,82.06686930091185
E00171017,327,37,14,23,290,25,265,11.314984709480122,4.281345565749235,7.033639143730887,88.68501529051987,7.64525993883792,81.03975535168195
E00171018,932,76,35,41,856,41,815,8.15450643776824,3.755364806866953,4.399141630901288,91.84549356223177,4.399141630901288,87.44635193133047
E00171020,174,27,12,15,147,14,133,15.517241379310345,6.896551724137931,8.620689655172415,84.48275862068965,8.045977011494253,76.4367816091954
E00171021,388,52,16,36,336,29,307,13.402061855670103,4.123711340206185,9.278350515463918,86.5979381443299,7.474226804123711,79.12371134020619
E00171022,338,40,13,27,298,27,271,11.834319526627219,3.8461538461538463,7.988165680473373,88.16568047337277,7.988165680473373,80.1775147928994
E00171023,316,97,53,44,219,21,198,30.69620253164557,16.77215189873418,13.924050632911392,69.30379746835443,6.6455696202531636,62.65822784810127
E00171024,224,48,13,35,176,26,150,21.428571428571427,5.803571428571429,15.625,78.57142857142857,11.607142857142858,66.96428571428571
E00171025,224,39,13,26,185,19,166,17.410714285714285,5.803571428571429,11.607142857142858,82.58928571428571,8.482142857142858,74.10714285714286
E00171026,337,38,8,30,299,30,269,11.275964391691394,2.3738872403560833,8.902077151335313,88.72403560830861,8.902077151335313,79.82195845697329
E00171027,462,104,46,58,358,43,315,22.51082251082251,9.956709956709958,12.554112554112553,77.48917748917748,9.307359307359308,68.18181818181817
E00171028,326,61,30,31,265,22,243,18.711656441717793,9.202453987730062,9.509202453987731,81.28834355828221,6.748466257668712,74.5398773006135
E00189798,620,74,20,54,546,56,490,11.935483870967742,3.225806451612903,8.709677419354838,88.06451612903226,9.032258064516128,79.03225806451613
E00189808,313,41,14,27,272,32,240,13.099041533546327,4.472843450479233,8.626198083067091,86.90095846645367,10.223642172523961,76.6773162939297
E00189823,129,56,26,30,73,12,61,43.41085271317829,20.155038759689923,23.25581395348837,56.58914728682171,9.30232558139535,47.286821705426355
E00189830,602,61,18,43,541,45,496,10.132890365448505,2.990033222591362,7.142857142857142,89.8671096345515,7.475083056478406,82.39202657807309
E00189837,358,98,59,39,260,26,234,27.37430167597765,16.480446927374302,10.893854748603351,72.62569832402235,7.262569832402235,65.36312849162012
E00189844,1545,44,30,14,1501,15,1486,2.84789644012945,1.9417475728155338,0.9061488673139159,97.15210355987055,0.9708737864077669,96.18122977346279
E00189845,350,34,8,26,316,23,293,9.714285714285714,2.2857142857142856,7.428571428571429,90.28571428571428,6.571428571428571,83.71428571428572
E00189851,288,50,16,34,238,27,211,17.36111111111111,5.555555555555555,11.805555555555555,82.63888888888889,9.375,73.26388888888889
E00189852,409,50,11,39,359,34,325,12.224938875305623,2.689486552567237,9.5354523227383865,87.77506112469437,8.312958435207824,79.46210268948656
E00189853,285,57,24,33,228,15,213,20,8.421052631578947,11.578947368421053,80,5.263157894736842,74.73684210526315
E00189855,297,46,24,22,251,24,227,15.488215488215488,8.080808080808081,7.4074074074074066,84.51178451178451,8.080808080808081,76.43097643097643
E00189864,100,14,3,11,86,6,80,14.000000000000002,3,11,86,6,80
E00189871,213,45,20,25,168,15,153,21.12676056338028,9.389671361502346,11.737089201877934,78.87323943661971,7.042253521126761,71.83098591549296
E00189875,454,42,17,25,412,31,381,9.251101321585903,3.7444933920704844,5.506607929515418,90.7488986784141,6.828193832599119,83.92070484581498
E00189892,520,73,22,51,447,35,412,14.038461538461538,4.230769230769231,9.807692307692308,85.96153846153847,6.730769230769231,79.23076923076923
E00189897,364,69,40,29,295,29,266,18.956043956043956,10.989010989010989,7.967032967032966,81.04395604395604,7.967032967032966,73.07692307692307
E00189899,178,22,7,15,156,18,138,12.359550561797752,3.932584269662921,8.426966292134832,87.64044943820225,10.112359550561797,77.52808988764045
E00189905,469,38,9,29,431,39,392,8.102345415778252,1.9189765458422177,6.183368869936034,91.89765458422174,8.315565031982942,83.5820895522388
E00189915,125,10,2,8,115,8,107,8,1.6,6.4,92,6.4,85.6
