OA,ts0380001,ts0380002,ts0380003,ts0380004,ts0380005,ts0380006,ts0380007,ts0380002_PCT,ts0380003_PCT,ts0380004_PCT,ts0380005_PCT,ts0380006_PCT,ts0380007_PCT
E00118604,497,124,72,52,373,26,347,24.949698189134807,14.486921529175051,10.46277665995976,75.0503018108652,5.23138832997988,69.81891348088531
E00118605,320,54,21,33,266,16,250,16.875,6.5625,10.3125,83.125,5,78.125
E00118607,195,62,35,27,133,7,126,31.794871794871792,17.94871794871795,13.846153846153847,68.2051282051282,3.5897435897435894,64.61538461538461
E00118610,349,47,25,22,302,26,276,13.46704871060172,7.163323782234957,6.303724928366762,86.53295128939828,7.4498567335243555,79.08309455587393
E00118611,294,59,21,38,235,21,214,20.068027210884352,7.142857142857142,12.925170068027212,79.93197278911565,7.142857142857142,72.78911564625851
E00118612,554,99,45,54,455,37,418,17.870036101083034,8.12274368231047,9.747292418772563,82.12996389891697,6.678700361010831,75.45126353790613
E00118613,300,42,15,27,258,18,240,14.000000000000002,5,9,86,6,80
E00118614,342,56,28,28,286,23,263,16.374269005847953,8.187134502923977,8.187134502923977,83.62573099415205,6.725146198830409,76.90058479532163
E00118615,333,54,23,31,279,25,254,16.216216216216218,6.906906906906906,9.30930930930931,83.78378378378379,7.5075075075075075,76.27627627627628
E00118616,299,77,35,42,222,12,210,25.75250836120401,11.705685618729097,14.046822742474916,74.24749163879598,4.013377926421405,70.23411371237458
E00118618,299,39,15,24,260,15,245,13.043478260869565,5.016722408026756,8.02675585284281,86.95652173913044,5.016722408026756,81.93979933110369
E00118619,357,79,37,42,278,22,256,22.128851540616246,10.364145658263306,11.76470588235294,77.87114845938376,6.162464985994398,71.70868347338936
E00118620,356,65,30,35,291,25,266,18.258426966292134,8.426966292134832,9.831460674157304,81.74157303370787,7.02247191011236,74.71910112359551
E00118621,371,57,24,33,314,21,293,15.363881401617252,6.46900269541779,8.89487870619946,84.63611859838275,5.660377358490567,78.97574123989219
E00118622,308,42,19,23,266,32,234,13.636363636363635,6.1688311688311686,7.467532467532467,86.36363636363636,10.38961038961039,75.97402597402598
E00118623,274,75,39,36,199,23,176,27.37226277372263,14.233576642335766,13.138686131386862,72.62773722627736,8.394160583941606,64.23357664233576
E00118624,289,75,28,47,214,16,198,25.951557093425603,9.688581314878892,16.26297577854671,74.0484429065744,5.536332179930796,68.5121107266436
E00118625,406,66,27,39,340,29,311,16.25615763546798,6.65024630541872,9.60591133004926,83.74384236453201,7.142857142857142,76.60098522167488
E00118626,395,63,19,44,332,22,310,15.949367088607595,4.810126582278481,11.139240506329113,84.05063291139241,5.5696202531645564,78.48101265822784
E00118627,407,63,24,39,344,28,316,15.47911547911548,5.896805896805897,9.582309582309582,84.52088452088452,6.87960687960688,77.64127764127764
E00118628,389,64,22,42,325,28,297,16.452442159383033,5.655526992287918,10.796915167095115,83.54755784061697,7.197943444730077,76.34961439588689
E00118629,402,53,20,33,349,22,327,13.184079601990051,4.975124378109453,8.208955223880597,86.81592039800995,5.472636815920398,81.34328358208955
E00118630,316,52,30,22,264,27,237,16.455696202531644,9.49367088607595,6.962025316455696,83.54430379746836,8.544303797468354,75
E00118631,332,52,17,35,280,19,261,15.66265060240964,5.120481927710843,10.542168674698797,84.33734939759037,5.72289156626506,78.6144578313253
E00118632,270,59,24,35,211,20,191,21.85185185185185,8.88888888888889,12.962962962962962,78.14814814814814,7.4074074074074066,70.74074074074073
E00118633,352,57,21,36,295,28,267,16.193181818181817,5.965909090909091,10.227272727272728,83.80681818181817,7.954545454545454,75.85227272727273
E00118634,359,37,12,25,322,20,302,10.30640668523677,3.3426183844011144,6.963788300835655,89.69359331476323,5.571030640668524,84.12256267409471
E00118635,393,67,33,34,326,31,295,17.048346055979643,8.396946564885496,8.651399491094146,82.95165394402035,7.888040712468193,75.06361323155217
E00118636,294,46,27,19,248,16,232,15.646258503401361,9.183673469387756,6.462585034013606,84.35374149659864,5.442176870748299,78.91156462585033
E00118637,238,68,24,44,170,17,153,28.57142857142857,10.084033613445378,18.487394957983195,71.42857142857143,7.142857142857142,64.28571428571429
E00118638,307,45,13,32,262,15,247,14.65798045602606,4.234527687296417,10.423452768729643,85.34201954397395,4.88599348534202,80.45602605863192
E00118639,326,35,12,23,291,28,263,10.736196319018406,3.6809815950920246,7.05521472392638,89.2638036809816,8.588957055214724,80.67484662576688
E00118640,291,44,13,31,247,19,228,15.120274914089347,4.4673539518900345,10.652920962199312,84.87972508591065,6.529209621993128,78.35051546391753
E00118641,273,37,12,25,236,19,217,13.553113553113553,4.395604395604396,9.157509157509157,86.44688644688645,6.95970695970696,79.48717948717949
E00118642,303,40,13,27,263,24,239,13.2013201320132,4.29042904290429,8.91089108910891,86.79867986798679,7.920792079207921,78.87788778877888
E00118643,238,38,13,25,200,16,184,15.966386554621847,5.46218487394958,10.504201680672269,84.03361344537815,6.722689075630252,77.31092436974791
E00118644,541,57,16,41,484,48,436,10.536044362292053,2.957486136783734,7.578558225508318,89.46395563770795,8.872458410351202,80.59149722735674
E00118645,127,43,21,22,84,15,69,33.85826771653544,16.535433070866144,17.322834645669293,66.14173228346458,11.811023622047244,54.330708661417326
E00118646,515,39,6,33,476,41,435,7.572815533980583,1.1650485436893203,6.407766990291262,92.42718446601941,7.961165048543689,84.46601941747572
E00118647,351,47,18,29,304,30,274,13.390313390313391,5.128205128205128,8.262108262108262,86.6096866096866,8.547008547008547,78.06267806267806
E00118650,338,32,10,22,306,22,284,9.467455621301776,2.9585798816568047,6.508875739644971,90.53254437869822,6.508875739644971,84.02366863905326
E00118651,362,40,14,26,322,15,307,11.049723756906078,3.867403314917127,7.18232044198895,88.95027624309392,4.143646408839778,84.80662983425414
E00118653,369,29,10,19,340,30,310,7.8590785907859075,2.710027100271003,5.149051490514905,92.14092140921409,8.130081300813007,84.01084010840108
E00118654,514,57,21,36,457,37,420,11.089494163424124,4.085603112840467,7.003891050583658,88.91050583657587,7.198443579766536,81.71206225680933
E00118655,303,57,19,38,246,25,221,18.81188118811881,6.270627062706271,12.541254125412541,81.1881188118812,8.25082508250825,72.93729372937293
E00118656,302,55,26,29,247,25,222,18.211920529801322,8.609271523178808,9.602649006622517,81.78807947019867,8.27814569536424,73.50993377483444
E00118657,165,26,6,20,139,11,128,15.757575757575756,3.6363636363636362,12.121212121212121,84.24242424242424,6.666666666666667,77.57575757575758
E00118658,170,11,3,8,159,22,137,6.470588235294119,1.7647058823529411,4.705882352941177,93.52941176470588,12.941176470588237,80.58823529411765
E00118659,168,12,5,7,156,14,142,7.142857142857142,2.976190476190476,4.166666666666666,92.85714285714286,8.333333333333332,84.52380952380952
E00118660,328,35,9,26,293,26,267,10.670731707317072,2.7439024390243905,7.926829268292683,89.32926829268293,7.926829268292683,81.40243902439023
E00118661,125,22,7,15,103,6,97,17.599999999999998,5.6000000000000005,12,82.39999999999999,4.8,77.60000000000001
E00118662,255,42,14,28,213,17,196,16.470588235294116,5.490196078431373,10.980392156862745,83.52941176470588,6.666666666666667,76.86274509803923
E00118663,366,55,18,37,311,24,287,15.027322404371585,4.918032786885246,10.10928961748634,84.97267759562843,6.557377049180328,78.41530054644808
E00118664,303,19,5,14,284,29,255,6.270627062706271,1.65016501650165,4.62046204620462,93.72937293729373,9.570957095709572,84.15841584158416
E00118665,167,19,6,13,148,17,131,11.377245508982035,3.592814371257485,7.784431137724551,88.62275449101796,10.179640718562874,78.44311377245509
E00118666,344,44,13,31,300,30,270,12.790697674418606,3.77906976744186,9.011627906976743,87.20930232558139,8.720930232558139,78.48837209302324
E00118667,378,62,20,42,316,26,290,16.402116402116402,5.291005291005291,11.11111111111111,83.5978835978836,6.878306878306878,76.71957671957672
E00118668,399,68,29,39,331,29,302,17.042606516290725,7.268170426065162,9.774436090225564,82.95739348370927,7.268170426065162,75.6892230576441
E00118669,429,68,25,43,361,24,337,15.85081585081585,5.827505827505827,10.023310023310025,84.14918414918415,5.594405594405594,78.55477855477857
E00118670,287,71,33,38,216,15,201,24.738675958188153,11.498257839721255,13.240418118466899,75.26132404181185,5.2264808362369335,70.03484320557492
E00118671,409,65,22,43,344,23,321,15.892420537897312,5.378973105134474,10.513447432762836,84.10757946210269,5.623471882640587,78.4841075794621
E00118672,371,54,19,35,317,32,285,14.555256064690028,5.121293800539084,9.433962264150944,85.44474393530997,8.62533692722372,76.81940700808624
E00118673,322,42,19,23,280,24,256,13.043478260869565,5.900621118012422,7.142857142857142,86.95652173913044,7.453416149068323,79.5031055900621
E00118674,343,48,21,27,295,22,273,13.994169096209912,6.122448979591836,7.871720116618077,86.0058309037901,6.41399416909621,79.59183673469387
E00118675,392,66,24,42,326,25,301,16.83673469387755,6.122448979591836,10.714285714285714,83.16326530612244,6.377551020408164,76.78571428571429
E00118676,411,63,19,44,348,31,317,15.328467153284672,4.622871046228711,10.70559610705596,84.67153284671532,7.542579075425791,77.12895377128953
E00118677,350,55,17,38,295,26,269,15.714285714285714,4.857142857142857,10.857142857142858,84.28571428571429,7.428571428571429,76.85714285714286
E00118678,337,63,24,39,274,13,261,18.694362017804153,7.121661721068249,11.572700296735905,81.30563798219585,3.857566765578635,77.44807121661721
E00118679,424,42,19,23,382,19,363,9.90566037735849,4.481132075471698,5.4245283018867925,90.09433962264151,4.481132075471698,85.61320754716981
E00118680,427,76,35,41,351,23,328,17.798594847775178,8.19672131147541,9.601873536299765,82.20140515222482,5.386416861826698,76.81498829039812
E00118681,403,65,28,37,338,37,301,16.129032258064516,6.9478908188585615,9.181141439205955,83.87096774193549,9.181141439205955,74.68982630272953
E00118682,321,47,11,36,274,23,251,14.641744548286603,3.4267912772585665,11.214953271028037,85.35825545171339,7.165109034267912,78.19314641744548
E00118683,335,60,24,36,275,12,263,17.91044776119403,7.164179104477612,10.746268656716417,82.08955223880598,3.582089552238806,78.50746268656717
E00118684,323,80,38,42,243,9,234,24.76780185758514,11.76470588235294,13.003095975232199,75.23219814241486,2.786377708978328,72.44582043343654
E00118685,363,31,3,28,332,44,288,8.539944903581267,0.8264462809917356,7.7134986225895315,91.46005509641874,12.121212121212121,79.33884297520662
E00118686,300,32,10,22,268,26,242,10.666666666666668,3.3333333333333335,7.333333333333333,89.33333333333333,8.666666666666668,80.66666666666666
E00118687,296,36,6,30,260,21,239,12.162162162162163,2.027027027027027,10.135135135135135,87.83783783783784,7.094594594594595,80.74324324324324
E00118688,422,44,11,33,378,27,351,10.42654028436019,2.6066350710900474,7.819905213270142,89.57345971563981,6.398104265402843,83.17535545023696
E00118689,459,41,12,29,418,38,380,8.932461873638346,2.6143790849673203,6.318082788671024,91.06753812636165,8.278867102396514,82.78867102396515
E00118690,238,61,27,34,177,14,163,25.630252100840334,11.344537815126051,14.285714285714285,74.36974789915966,5.88235294117647,68.4873949579832
E00118691,231,30,9,21,201,17,184,12.987012987012985,3.896103896103896,9.090909090909092,87.01298701298701,7.35930735930736,79.65367965367966
E00118692,266,30,11,19,236,26,210,11.278195488721805,4.135338345864661,7.142857142857142,88.7218045112782,9.774436090225564,78.94736842105263
E00118694,304,25,9,16,279,38,241,8.223684210526317,2.9605263157894735,5.263157894736842,91.77631578947368,12.5,79.27631578947368
E00118695,317,33,9,24,284,18,266,10.410094637223976,2.8391167192429023,7.570977917981073,89.58990536277602,5.678233438485805,83.91167192429022
E00118696,343,36,9,27,307,19,288,10.495626822157435,2.623906705539359,7.871720116618077,89.50437317784257,5.539358600583091,83.96501457725948
E00118697,283,36,9,27,247,24,223,12.7208480565371,3.180212014134275,9.540636042402827,87.27915194346289,8.480565371024735,78.79858657243817
E00118698,312,27,7,20,285,26,259,8.653846153846153,2.2435897435897436,6.41025641025641,91.34615384615384,8.333333333333332,83.01282051282051
E00118699,285,31,10,21,254,27,227,10.87719298245614,3.508771929824561,7.368421052631578,89.12280701754386,9.473684210526317,79.64912280701755
E00118700,408,36,12,24,372,40,332,8.823529411764707,2.941176470588235,5.88235294117647,91.17647058823529,9.803921568627452,81.37254901960785
E00118701,323,41,16,25,282,31,251,12.693498452012383,4.953560371517028,7.739938080495357,87.30650154798761,9.597523219814242,77.70897832817337
E00118702,267,31,17,14,236,18,218,11.610486891385769,6.367041198501873,5.2434456928838955,88.38951310861424,6.741573033707865,81.64794007490637
E00118703,307,18,2,16,289,19,270,5.863192182410423,0.6514657980456027,5.211726384364821,94.13680781758957,6.188925081433225,87.94788273615634
E00118704,172,27,9,18,145,16,129,15.69767441860465,5.232558139534884,10.465116279069768,84.30232558139535,9.30232558139535,75
E00118705,369,50,21,29,319,37,282,13.550135501355012,5.691056910569105,7.8590785907859075,86.44986449864498,10.02710027100271,76.42276422764228
E00118706,355,35,7,28,320,39,281,9.859154929577464,1.971830985915493,7.887323943661972,90.14084507042254,10.985915492957748,79.15492957746478
E00118707,269,38,12,26,231,21,210,14.12639405204461,4.4609665427509295,9.66542750929368,85.87360594795538,7.806691449814126,78.06691449814126
E00118708,351,40,12,28,311,44,267,11.396011396011396,3.418803418803419,7.977207977207977,88.6039886039886,12.535612535612536,76.06837606837607
E00118709,286,34,16,18,252,28,224,11.888111888111888,5.594405594405594,6.293706293706294,88.11188811188812,9.79020979020979,78.32167832167832
E00118710,514,88,37,51,426,39,387,17.120622568093385,7.198443579766536,9.922178988326849,82.87937743190662,7.587548638132295,75.29182879377431
E00118711,349,21,3,18,328,20,308,6.017191977077363,0.8595988538681949,5.157593123209169,93.98280802292264,5.730659025787966,88.25214899713467
E00118712,349,42,20,22,307,21,286,12.034383954154727,5.730659025787966,6.303724928366762,87.96561604584528,6.017191977077363,81.9484240687679
E00118713,350,24,5,19,326,33,293,6.857142857142858,1.4285714285714286,5.428571428571429,93.14285714285714,9.428571428571429,83.71428571428572
E00118714,384,31,9,22,353,30,323,8.072916666666668,2.34375,5.729166666666666,91.92708333333334,7.8125,84.11458333333334
E00118715,353,34,11,23,319,28,291,9.631728045325778,3.1161473087818696,6.515580736543909,90.36827195467421,7.932011331444759,82.43626062322946
E00118716,353,33,9,24,320,21,299,9.34844192634561,2.5495750708215295,6.79886685552408,90.6515580736544,5.94900849858357,84.70254957507082
E00118717,336,30,8,22,306,31,275,8.928571428571429,2.380952380952381,6.547619047619048,91.07142857142857,9.226190476190476,81.84523809523809
E00118718,276,44,16,28,232,37,195,15.942028985507244,5.797101449275362,10.144927536231885,84.05797101449275,13.405797101449277,70.65217391304348
E00118719,351,69,30,39,282,21,261,19.65811965811966,8.547008547008547,11.11111111111111,80.34188034188034,5.982905982905983,74.35897435897436
E00118720,276,40,19,21,236,15,221,14.492753623188406,6.884057971014493,7.608695652173914,85.5072463768116,5.434782608695652,80.07246376811594
E00118721,348,54,22,32,294,23,271,15.517241379310345,6.321839080459771,9.195402298850574,84.48275862068965,6.609195402298851,77.87356321839081
E00118722,312,28,9,19,284,22,262,8.974358974358974,2.8846153846153846,6.089743589743589,91.02564102564102,7.051282051282051,83.97435897435898
E00118723,355,41,8,33,314,34,280,11.549295774647888,2.2535211267605635,9.295774647887324,88.45070422535211,9.577464788732394,78.87323943661971
E00118724,340,49,21,28,291,39,252,14.411764705882351,6.176470588235294,8.235294117647058,85.58823529411764,11.470588235294118,74.11764705882354
E00118725,353,53,15,38,300,29,271,15.01416430594901,4.2492917847025495,10.764872521246458,84.98583569405099,8.21529745042493,76.77053824362606
E00118726,385,36,7,29,349,30,319,9.35064935064935,1.8181818181818181,7.532467532467532,90.64935064935065,7.792207792207792,82.85714285714286
E00118728,452,34,8,26,418,22,396,7.52212389380531,1.7699115044247788,5.752212389380531,92.47787610619469,4.867256637168142,87.61061946902655
E00118729,356,65,28,37,291,29,262,18.258426966292134,7.865168539325842,10.393258426966293,81.74157303370787,8.146067415730338,73.59550561797754
E00118730,368,62,21,41,306,37,269,16.847826086956523,5.706521739130435,11.141304347826086,83.15217391304348,10.054347826086957,73.09782608695652
E00118731,284,48,21,27,236,23,213,16.901408450704224,7.394366197183098,9.507042253521126,83.09859154929578,8.098591549295776,75
E00118732,277,52,21,31,225,20,205,18.772563176895307,7.581227436823104,11.191335740072201,81.2274368231047,7.2202166064981945,74.0072202166065
E00118733,462,71,32,39,391,37,354,15.367965367965366,6.926406926406926,8.441558441558442,84.63203463203463,8.008658008658008,76.62337662337663
E00118735,261,56,27,29,205,22,183,21.455938697318008,10.344827586206897,11.11111111111111,78.544061302682,8.42911877394636,70.11494252873564
E00118736,368,48,17,31,320,24,296,13.043478260869565,4.619565217391304,8.423913043478262,86.95652173913044,6.521739130434782,80.43478260869566
E00118737,359,45,16,29,314,27,287,12.534818941504177,4.456824512534819,8.07799442896936,87.46518105849582,7.520891364902507,79.94428969359332
E00118738,372,28,12,16,344,33,311,7.526881720430108,3.225806451612903,4.301075268817205,92.47311827956989,8.870967741935484,83.60215053763442
E00118739,400,74,32,42,326,21,305,18.5,8,10.5,81.5,5.25,76.25
E00118740,331,44,14,30,287,23,264,13.293051359516618,4.229607250755287,9.06344410876133,86.70694864048339,6.948640483383686,79.7583081570997
E00118741,332,29,7,22,303,23,280,8.734939759036145,2.108433734939759,6.626506024096386,91.26506024096386,6.927710843373494,84.33734939759037
E00118742,329,39,12,27,290,28,262,11.854103343465045,3.64741641337386,8.206686930091186,88.14589665653494,8.51063829787234,79.63525835866263
E00118743,381,43,20,23,338,18,320,11.286089238845145,5.2493438320209975,6.036745406824147,88.71391076115486,4.724409448818897,83.98950131233596
E00118744,339,47,23,24,292,23,269,13.864306784660767,6.784660766961652,7.079646017699115,86.13569321533923,6.784660766961652,79.35103244837758
E00118745,296,29,10,19,267,21,246,9.797297297297296,3.3783783783783785,6.418918918918918,90.2027027027027,7.094594594594595,83.1081081081081
E00118746,344,48,17,31,296,22,274,13.953488372093023,4.941860465116279,9.011627906976743,86.04651162790698,6.395348837209303,79.65116279069767
E00118748,257,58,27,31,199,16,183,22.56809338521401,10.505836575875486,12.062256809338521,77.431906614786,6.22568093385214,71.20622568093385
E00118749,291,40,14,26,251,27,224,13.745704467353953,4.810996563573884,8.934707903780069,86.25429553264605,9.278350515463918,76.97594501718214
E00118750,283,48,17,31,235,24,211,16.96113074204947,6.007067137809187,10.954063604240282,83.03886925795054,8.480565371024735,74.55830388692578
E00118752,306,32,8,24,274,19,255,10.457516339869281,2.6143790849673203,7.8431372549019605,89.54248366013073,6.209150326797386,83.33333333333334
E00118753,310,61,26,35,249,24,225,19.67741935483871,8.38709677419355,11.29032258064516,80.3225806451613,7.741935483870968,72.58064516129032
E00118754,276,45,10,35,231,21,210,16.304347826086957,3.6231884057971016,12.681159420289855,83.69565217391305,7.608695652173914,76.08695652173914
E00118755,356,42,7,35,314,33,281,11.797752808988763,1.9662921348314606,9.831460674157304,88.20224719101124,9.269662921348315,78.93258426966293
E00118756,293,37,8,29,256,25,231,12.627986348122866,2.7303754266211606,9.897610921501707,87.37201365187714,8.532423208191126,78.839590443686
E00118757,361,55,21,34,306,28,278,15.23545706371191,5.8171745152354575,9.418282548476455,84.7645429362881,7.756232686980609,77.00831024930747
E00118758,292,42,12,30,250,25,225,14.383561643835616,4.10958904109589,10.273972602739725,85.61643835616438,8.561643835616438,77.05479452054794
E00118759,197,22,8,14,175,12,163,11.16751269035533,4.060913705583756,7.1065989847715745,88.83248730964468,6.091370558375635,82.74111675126903
E00118760,323,56,26,30,267,25,242,17.3374613003096,8.04953560371517,9.287925696594428,82.6625386996904,7.739938080495357,74.92260061919505
E00118761,222,27,12,15,195,19,176,12.162162162162163,5.405405405405405,6.756756756756757,87.83783783783784,8.558558558558559,79.27927927927928
E00118762,384,34,11,23,350,26,324,8.854166666666668,2.864583333333333,5.989583333333334,91.14583333333334,6.770833333333333,84.375
E00118763,322,42,13,29,280,24,256,13.043478260869565,4.037267080745342,9.006211180124224,86.95652173913044,7.453416149068323,79.5031055900621
E00118764,344,57,19,38,287,28,259,16.569767441860463,5.523255813953488,11.046511627906977,83.43023255813954,8.13953488372093,75.29069767441861
E00118765,325,42,15,27,283,23,260,12.923076923076923,4.615384615384616,8.307692307692308,87.07692307692308,7.076923076923077,80
E00118766,267,26,7,19,241,17,224,9.737827715355806,2.6217228464419478,7.116104868913857,90.2621722846442,6.367041198501873,83.89513108614233
E00118767,351,54,15,39,297,19,278,15.384615384615385,4.273504273504273,11.11111111111111,84.61538461538461,5.413105413105413,79.2022792022792
E00118768,330,31,7,24,299,27,272,9.393939393939393,2.1212121212121215,7.2727272727272725,90.6060606060606,8.181818181818182,82.42424242424242
E00118769,241,42,14,28,199,21,178,17.42738589211618,5.809128630705394,11.618257261410788,82.57261410788381,8.71369294605809,73.85892116182573
E00118770,300,33,12,21,267,25,242,11,4,7.000000000000001,89,8.333333333333332,80.66666666666666
E00118771,323,42,16,26,281,37,244,13.003095975232199,4.953560371517028,8.04953560371517,86.9969040247678,11.455108359133128,75.54179566563467
E00118772,347,31,8,23,316,36,280,8.93371757925072,2.3054755043227666,6.628242074927954,91.06628242074927,10.37463976945245,80.69164265129683
E00118773,336,34,17,17,302,33,269,10.119047619047619,5.059523809523809,5.059523809523809,89.88095238095238,9.821428571428571,80.05952380952381
E00118774,281,39,14,25,242,34,208,13.87900355871886,4.98220640569395,8.896797153024911,86.12099644128114,12.099644128113878,74.02135231316726
E00118775,267,51,19,32,216,15,201,19.101123595505616,7.116104868913857,11.985018726591761,80.89887640449437,5.617977528089887,75.28089887640449
E00118776,376,46,18,28,330,40,290,12.23404255319149,4.787234042553192,7.446808510638298,87.7659574468085,10.638297872340425,77.12765957446808
E00118777,352,50,18,32,302,27,275,14.204545454545455,5.113636363636364,9.090909090909092,85.79545454545455,7.670454545454546,78.125
E00118778,399,36,12,24,363,41,322,9.022556390977442,3.007518796992481,6.015037593984962,90.97744360902256,10.275689223057643,80.7017543859649
E00118779,286,41,16,25,245,30,215,14.335664335664337,5.594405594405594,8.741258741258742,85.66433566433567,10.48951048951049,75.17482517482517
E00118780,302,56,27,29,246,26,220,18.543046357615893,8.940397350993377,9.602649006622517,81.45695364238411,8.609271523178808,72.84768211920529
E00118781,338,42,18,24,296,24,272,12.42603550295858,5.325443786982249,7.100591715976331,87.57396449704143,7.100591715976331,80.4733727810651
E00118782,294,50,24,26,244,26,218,17.006802721088434,8.16326530612245,8.843537414965986,82.99319727891157,8.843537414965986,74.14965986394559
E00118783,313,31,11,20,282,25,257,9.904153354632587,3.5143769968051117,6.3897763578274756,90.09584664536742,7.987220447284344,82.10862619808307
E00118784,335,53,24,29,282,29,253,15.82089552238806,7.164179104477612,8.656716417910449,84.17910447761194,8.656716417910449,75.5223880597015
E00118785,285,32,13,19,253,22,231,11.228070175438596,4.56140350877193,6.666666666666667,88.7719298245614,7.719298245614035,81.05263157894737
E00118786,346,57,17,40,289,33,256,16.473988439306357,4.913294797687861,11.560693641618498,83.52601156069365,9.53757225433526,73.98843930635837
E00118787,246,56,29,27,190,16,174,22.76422764227642,11.788617886178862,10.975609756097562,77.23577235772358,6.504065040650407,70.73170731707317
E00118788,314,48,18,30,266,28,238,15.286624203821656,5.7324840764331215,9.554140127388536,84.71337579617835,8.9171974522293,75.79617834394905
E00118789,338,53,17,36,285,23,262,15.680473372781064,5.029585798816568,10.650887573964498,84.31952662721893,6.8047337278106506,77.51479289940828
E00118790,318,55,26,29,263,20,243,17.29559748427673,8.176100628930817,9.119496855345911,82.70440251572327,6.289308176100629,76.41509433962264
E00118791,356,44,16,28,312,30,282,12.359550561797752,4.49438202247191,7.865168539325842,87.64044943820225,8.426966292134832,79.21348314606742
E00118792,330,65,28,37,265,23,242,19.696969696969695,8.484848484848486,11.212121212121213,80.3030303030303,6.969696969696971,73.33333333333333
E00118793,326,56,21,35,270,34,236,17.177914110429448,6.441717791411043,10.736196319018406,82.82208588957054,10.429447852760736,72.39263803680981
E00118794,338,67,24,43,271,24,247,19.82248520710059,7.100591715976331,12.721893491124261,80.1775147928994,7.100591715976331,73.07692307692307
E00118795,311,56,18,38,255,24,231,18.006430868167204,5.787781350482315,12.218649517684888,81.9935691318328,7.717041800643088,74.27652733118971
E00118796,386,65,32,33,321,26,295,16.83937823834197,8.290155440414509,8.549222797927461,83.16062176165802,6.7357512953367875,76.42487046632125
E00118797,288,51,15,36,237,19,218,17.708333333333336,5.208333333333334,12.5,82.29166666666666,6.597222222222222,75.69444444444444
E00118798,224,25,9,16,199,16,183,11.160714285714286,4.017857142857143,7.142857142857142,88.83928571428571,7.142857142857142,81.69642857142857
E00118799,285,52,21,31,233,15,218,18.24561403508772,7.368421052631578,10.87719298245614,81.75438596491227,5.263157894736842,76.49122807017544
E00118800,340,80,34,46,260,26,234,23.52941176470588,10,13.529411764705882,76.47058823529412,7.647058823529412,68.82352941176471
E00118801,307,57,18,39,250,21,229,18.566775244299674,5.863192182410423,12.703583061889251,81.43322475570032,6.840390879478828,74.5928338762215
E00118802,326,53,19,34,273,27,246,16.257668711656443,5.828220858895705,10.429447852760736,83.74233128834356,8.282208588957054,75.4601226993865
E00118803,361,49,12,37,312,22,290,13.573407202216067,3.32409972299169,10.249307479224377,86.42659279778393,6.094182825484765,80.33240997229917
E00118804,289,73,26,47,216,10,206,25.259515570934255,8.996539792387544,16.26297577854671,74.74048442906575,3.4602076124567476,71.280276816609
E00118805,320,41,10,31,279,30,249,12.812499999999998,3.125,9.6875,87.1875,9.375,77.8125
E00118806,460,50,12,38,410,34,376,10.869565217391305,2.608695652173913,8.26086956521739,89.13043478260869,7.391304347826087,81.73913043478261
E00118807,337,62,30,32,275,29,246,18.397626112759642,8.902077151335313,9.495548961424333,81.60237388724035,8.605341246290802,72.99703264094956
E00118808,326,41,17,24,285,28,257,12.576687116564417,5.214723926380368,7.361963190184049,87.42331288343557,8.588957055214724,78.83435582822086
E00118809,350,34,10,24,316,26,290,9.714285714285714,2.857142857142857,6.857142857142858,90.28571428571428,7.428571428571429,82.85714285714286
E00118810,363,59,26,33,304,10,294,16.2534435261708,7.162534435261708,9.090909090909092,83.7465564738292,2.7548209366391188,80.99173553719008
E00118811,313,42,12,30,271,24,247,13.418530351437699,3.8338658146964857,9.584664536741213,86.5814696485623,7.667731629392971,78.91373801916933
E00118812,341,54,21,33,287,30,257,15.835777126099707,6.158357771260997,9.67741935483871,84.1642228739003,8.797653958944283,75.366568914956
E00118813,220,39,14,25,181,18,163,17.727272727272727,6.363636363636363,11.363636363636363,82.27272727272728,8.181818181818182,74.0909090909091
E00118814,386,61,47,14,325,26,299,15.803108808290157,12.176165803108809,3.6269430051813467,84.19689119170984,6.7357512953367875,77.46113989637306
E00118815,289,49,20,29,240,21,219,16.955017301038062,6.920415224913495,10.034602076124568,83.04498269896193,7.26643598615917,75.77854671280276
E00118816,332,56,19,37,276,28,248,16.867469879518072,5.72289156626506,11.144578313253012,83.13253012048193,8.433734939759036,74.69879518072288
E00118817,342,49,25,24,293,24,269,14.327485380116958,7.309941520467836,7.017543859649122,85.67251461988305,7.017543859649122,78.65497076023392
E00118818,303,42,13,29,261,25,236,13.861386138613863,4.29042904290429,9.570957095709572,86.13861386138613,8.25082508250825,77.88778877887789
E00118819,332,47,17,30,285,26,259,14.156626506024098,5.120481927710843,9.036144578313253,85.8433734939759,7.83132530120482,78.01204819277109
E00118820,419,47,18,29,372,28,344,11.217183770883054,4.295942720763723,6.921241050119331,88.78281622911695,6.682577565632458,82.10023866348448
E00118821,329,53,19,34,276,20,256,16.109422492401215,5.775075987841945,10.33434650455927,83.89057750759878,6.079027355623101,77.81155015197568
E00118822,263,42,19,23,221,21,200,15.96958174904943,7.224334600760455,8.745247148288973,84.03041825095056,7.984790874524715,76.04562737642586
E00118823,325,59,25,34,266,22,244,18.153846153846153,7.6923076923076925,10.461538461538462,81.84615384615384,6.769230769230769,75.07692307692308
E00118824,278,38,12,26,240,20,220,13.66906474820144,4.316546762589928,9.352517985611511,86.33093525179856,7.1942446043165464,79.13669064748201
E00118825,334,49,24,25,285,28,257,14.67065868263473,7.18562874251497,7.48502994011976,85.32934131736528,8.383233532934131,76.94610778443113
E00118826,313,43,21,22,270,21,249,13.738019169329075,6.7092651757188495,7.0287539936102235,86.26198083067092,6.7092651757188495,79.55271565495208
E00118827,316,55,21,34,261,27,234,17.405063291139243,6.6455696202531636,10.759493670886076,82.59493670886076,8.544303797468354,74.0506329113924
E00118828,293,49,23,26,244,23,221,16.723549488054605,7.849829351535837,8.873720136518772,83.27645051194538,7.849829351535837,75.42662116040955
E00118829,349,60,30,30,289,25,264,17.191977077363894,8.595988538681947,8.595988538681947,82.8080229226361,7.163323782234957,75.64469914040114
E00118830,325,62,26,36,263,19,244,19.076923076923077,8,11.076923076923077,80.92307692307692,5.846153846153846,75.07692307692308
E00118831,381,102,58,44,279,22,257,26.77165354330709,15.223097112860891,11.548556430446194,73.22834645669292,5.774278215223097,67.45406824146981
E00118832,335,64,31,33,271,26,245,19.1044776119403,9.253731343283581,9.850746268656717,80.8955223880597,7.761194029850746,73.13432835820896
E00118833,344,38,17,21,306,28,278,11.046511627906977,4.941860465116279,6.104651162790697,88.95348837209302,8.13953488372093,80.81395348837209
E00118834,260,37,13,24,223,24,199,14.23076923076923,5,9.230769230769232,85.76923076923076,9.230769230769232,76.53846153846153
E00118835,257,44,21,23,213,21,192,17.120622568093385,8.171206225680933,8.949416342412452,82.87937743190662,8.171206225680933,74.70817120622569
E00118836,410,95,41,54,315,23,292,23.170731707317074,10,13.170731707317074,76.82926829268293,5.609756097560976,71.21951219512195
E00118837,336,41,21,20,295,15,280,12.202380952380953,6.25,5.952380952380952,87.79761904761905,4.464285714285714,83.33333333333334
E00118838,370,45,15,30,325,18,307,12.162162162162163,4.054054054054054,8.108108108108109,87.83783783783784,4.864864864864865,82.97297297297297
E00118839,346,55,21,34,291,28,263,15.895953757225435,6.069364161849711,9.826589595375722,84.10404624277457,8.092485549132949,76.01156069364163
E00118840,363,54,16,38,309,34,275,14.87603305785124,4.40771349862259,10.46831955922865,85.12396694214877,9.366391184573002,75.75757575757575
E00118841,228,67,34,33,161,15,146,29.385964912280706,14.912280701754385,14.473684210526317,70.6140350877193,6.578947368421052,64.03508771929825
E00118842,196,75,26,49,121,11,110,38.265306122448976,13.26530612244898,25,61.73469387755102,5.612244897959184,56.12244897959183
E00118843,309,53,17,36,256,23,233,17.15210355987055,5.501618122977346,11.650485436893204,82.84789644012946,7.443365695792881,75.40453074433657
E00118844,229,69,36,33,160,10,150,30.131004366812224,15.72052401746725,14.41048034934498,69.86899563318777,4.366812227074235,65.50218340611353
E00118845,396,88,30,58,308,26,282,22.22222222222222,7.575757575757576,14.646464646464647,77.77777777777779,6.565656565656567,71.21212121212122
E00118846,227,45,12,33,182,18,164,19.823788546255507,5.286343612334802,14.537444933920703,80.1762114537445,7.929515418502203,72.24669603524228
E00118847,419,61,20,41,358,23,335,14.558472553699284,4.77326968973747,9.785202863961814,85.44152744630071,5.4892601431980905,79.95226730310262
E00118848,307,50,20,30,257,28,229,16.286644951140065,6.514657980456026,9.77198697068404,83.71335504885994,9.120521172638437,74.5928338762215
E00118849,259,40,22,18,219,16,203,15.444015444015443,8.494208494208493,6.94980694980695,84.55598455598455,6.177606177606178,78.37837837837837
E00118850,330,57,25,32,273,21,252,17.272727272727273,7.575757575757576,9.696969696969697,82.72727272727273,6.363636363636363,76.36363636363637
E00118851,319,54,23,31,265,25,240,16.927899686520377,7.210031347962382,9.717868338557993,83.07210031347962,7.836990595611286,75.23510971786834
E00118852,293,50,18,32,243,23,220,17.064846416382252,6.143344709897611,10.921501706484642,82.93515358361775,7.849829351535837,75.0853242320819
E00118853,379,66,25,41,313,27,286,17.41424802110818,6.596306068601583,10.817941952506596,82.58575197889182,7.12401055408971,75.46174142480211
E00118854,318,71,38,33,247,17,230,22.32704402515723,11.949685534591195,10.377358490566039,77.67295597484278,5.345911949685535,72.32704402515722
E00118855,402,60,36,24,342,30,312,14.925373134328357,8.955223880597014,5.970149253731343,85.07462686567165,7.462686567164178,77.61194029850746
E00118856,338,59,27,32,279,25,254,17.45562130177515,7.988165680473373,9.467455621301776,82.54437869822485,7.396449704142012,75.14792899408283
E00118857,405,84,30,54,321,26,295,20.74074074074074,7.4074074074074066,13.333333333333334,79.25925925925927,6.419753086419753,72.8395061728395
E00118858,353,55,20,35,298,22,276,15.58073654390935,5.6657223796034,9.91501416430595,84.41926345609065,6.232294617563739,78.18696883852692
E00118859,342,76,34,42,266,32,234,22.22222222222222,9.941520467836257,12.280701754385964,77.77777777777779,9.35672514619883,68.42105263157895
E00118860,462,70,32,38,392,39,353,15.151515151515152,6.926406926406926,8.225108225108226,84.84848484848484,8.441558441558442,76.40692640692642
E00118861,360,44,11,33,316,28,288,12.222222222222221,3.0555555555555554,9.166666666666666,87.77777777777777,7.777777777777778,80
E00118862,396,43,11,32,353,26,327,10.85858585858586,2.7777777777777777,8.080808080808081,89.14141414141415,6.565656565656567,82.57575757575758
E00118865,219,32,10,22,187,16,171,14.61187214611872,4.5662100456621,10.045662100456621,85.38812785388129,7.30593607305936,78.08219178082192
E00118866,287,51,15,36,236,20,216,17.770034843205575,5.2264808362369335,12.543554006968641,82.22996515679442,6.968641114982578,75.26132404181185
E00118867,219,51,22,29,168,14,154,23.28767123287671,10.045662100456621,13.24200913242009,76.71232876712328,6.392694063926941,70.31963470319634
E00118868,300,33,16,17,267,29,238,11,5.333333333333334,5.666666666666666,89,9.666666666666666,79.33333333333333
E00118869,374,48,16,32,326,20,306,12.834224598930483,4.27807486631016,8.55614973262032,87.16577540106952,5.347593582887701,81.81818181818183
E00118870,269,57,22,35,212,25,187,21.189591078066915,8.178438661710038,13.011152416356877,78.81040892193309,9.293680297397769,69.51672862453532
E00118871,365,45,16,29,320,22,298,12.32876712328767,4.383561643835616,7.9452054794520555,87.67123287671232,6.027397260273973,81.64383561643835
E00118872,221,104,60,44,117,13,104,47.05882352941176,27.149321266968325,19.90950226244344,52.94117647058824,5.88235294117647,47.05882352941176
E00118873,175,63,32,31,112,10,102,36,18.285714285714285,17.71428571428571,64,5.714285714285714,58.285714285714285
E00118875,381,68,22,46,313,25,288,17.84776902887139,5.774278215223097,12.073490813648293,82.1522309711286,6.561679790026247,75.59055118110236
E00118876,357,60,19,41,297,11,286,16.80672268907563,5.322128851540616,11.484593837535014,83.19327731092437,3.081232492997199,80.11204481792717
E00118877,270,66,32,34,204,20,184,24.444444444444443,11.851851851851853,12.592592592592592,75.55555555555556,7.4074074074074066,68.14814814814815
E00118878,355,70,29,41,285,21,264,19.718309859154928,8.169014084507042,11.549295774647888,80.28169014084507,5.915492957746479,74.36619718309859
E00118879,337,67,30,37,270,18,252,19.881305637982198,8.902077151335313,10.979228486646884,80.1186943620178,5.341246290801187,74.77744807121661
E00118880,353,53,20,33,300,22,278,15.01416430594901,5.6657223796034,9.34844192634561,84.98583569405099,6.232294617563739,78.75354107648725
E00118881,320,73,31,42,247,19,228,22.8125,9.6875,13.125,77.1875,5.9375,71.25
E00118882,330,59,26,33,271,15,256,17.87878787878788,7.878787878787878,10,82.12121212121211,4.545454545454546,77.57575757575758
E00118883,391,125,82,43,266,28,238,31.9693094629156,20.971867007672635,10.997442455242968,68.03069053708441,7.161125319693094,60.86956521739131
E00118884,367,86,40,46,281,13,268,23.43324250681199,10.899182561307901,12.534059945504087,76.566757493188,3.5422343324250685,73.02452316076294
E00118885,339,67,32,35,272,21,251,19.76401179941003,9.43952802359882,10.32448377581121,80.23598820058997,6.1946902654867255,74.04129793510324
E00118886,257,50,21,29,207,13,194,19.45525291828794,8.171206225680933,11.284046692607005,80.54474708171206,5.058365758754864,75.4863813229572
E00118887,290,65,28,37,225,15,210,22.413793103448278,9.655172413793103,12.758620689655173,77.58620689655173,5.172413793103448,72.41379310344827
E00118888,291,49,19,30,242,18,224,16.83848797250859,6.529209621993128,10.309278350515463,83.16151202749141,6.185567010309279,76.97594501718214
E00118889,341,68,34,34,273,21,252,19.941348973607038,9.970674486803519,9.970674486803519,80.05865102639295,6.158357771260997,73.90029325513197
E00118890,297,86,43,43,211,15,196,28.95622895622896,14.47811447811448,14.47811447811448,71.04377104377105,5.05050505050505,65.993265993266
E00118891,428,136,99,37,292,20,272,31.775700934579437,23.130841121495326,8.644859813084112,68.22429906542055,4.672897196261682,63.55140186915887
E00118892,316,46,18,28,270,22,248,14.556962025316455,5.69620253164557,8.860759493670885,85.44303797468355,6.962025316455696,78.48101265822784
E00118893,305,65,27,38,240,22,218,21.311475409836063,8.852459016393443,12.459016393442624,78.68852459016394,7.213114754098362,71.47540983606558
E00118894,315,41,22,19,274,27,247,13.015873015873018,6.984126984126984,6.031746031746032,86.98412698412699,8.571428571428571,78.41269841269842
E00118895,394,88,39,49,306,27,279,22.33502538071066,9.898477157360407,12.436548223350254,77.66497461928934,6.852791878172589,70.81218274111674
E00118896,254,60,22,38,194,19,175,23.62204724409449,8.661417322834646,14.960629921259844,76.37795275590551,7.480314960629922,68.89763779527559
E00118897,343,42,21,21,301,19,282,12.244897959183673,6.122448979591836,6.122448979591836,87.75510204081633,5.539358600583091,82.21574344023324
E00118898,373,56,19,37,317,26,291,15.013404825737265,5.093833780160858,9.919571045576408,84.98659517426273,6.970509383378016,78.01608579088472
E00118899,319,62,22,40,257,21,236,19.435736677115987,6.896551724137931,12.539184952978054,80.56426332288402,6.583072100313479,73.98119122257053
E00118900,341,43,8,35,298,26,272,12.609970674486803,2.346041055718475,10.263929618768328,87.3900293255132,7.624633431085044,79.76539589442815
E00118901,391,48,22,26,343,20,323,12.27621483375959,5.626598465473146,6.649616368286446,87.7237851662404,5.115089514066496,82.6086956521739
E00118902,350,41,12,29,309,20,289,11.714285714285715,3.428571428571429,8.285714285714285,88.28571428571429,5.714285714285714,82.57142857142857
E00118903,267,34,6,28,233,22,211,12.734082397003746,2.247191011235955,10.486891385767791,87.26591760299625,8.239700374531834,79.02621722846442
E00118904,331,39,13,26,292,25,267,11.782477341389729,3.927492447129909,7.854984894259818,88.21752265861026,7.552870090634441,80.66465256797582
E00118905,327,38,17,21,289,26,263,11.62079510703364,5.198776758409786,6.422018348623854,88.37920489296636,7.951070336391437,80.42813455657493
E00118906,271,56,25,31,215,21,194,20.66420664206642,9.22509225092251,11.439114391143912,79.33579335793358,7.7490774907749085,71.58671586715867
E00118907,208,32,7,25,176,13,163,15.384615384615385,3.3653846153846154,12.01923076923077,84.61538461538461,6.25,78.36538461538461
E00118908,345,45,20,25,300,21,279,13.043478260869565,5.797101449275362,7.246376811594203,86.95652173913044,6.086956521739131,80.8695652173913
E00118909,310,84,50,34,226,22,204,27.09677419354839,16.129032258064516,10.967741935483872,72.90322580645162,7.096774193548387,65.80645161290323
E00118910,251,52,16,36,199,18,181,20.717131474103585,6.374501992031872,14.342629482071715,79.2828685258964,7.171314741035857,72.11155378486056
E00118911,259,40,15,25,219,28,191,15.444015444015443,5.7915057915057915,9.652509652509652,84.55598455598455,10.81081081081081,73.74517374517374
E00118912,271,32,10,22,239,22,217,11.808118081180812,3.6900369003690034,8.118081180811808,88.19188191881919,8.118081180811808,80.07380073800738
E00118913,157,29,10,19,128,10,118,18.471337579617835,6.369426751592357,12.101910828025478,81.52866242038218,6.369426751592357,75.15923566878982
E00118914,326,26,4,22,300,29,271,7.975460122699387,1.2269938650306749,6.748466257668712,92.02453987730061,8.895705521472392,83.12883435582822
E00118915,275,44,16,28,231,19,212,16,5.818181818181818,10.181818181818182,84,6.909090909090909,77.0909090909091
E00118916,358,58,25,33,300,24,276,16.201117318435752,6.983240223463687,9.217877094972067,83.79888268156425,6.70391061452514,77.09497206703911
E00118917,254,26,13,13,228,16,212,10.236220472440944,5.118110236220472,5.118110236220472,89.76377952755905,6.299212598425196,83.46456692913385
E00118918,330,48,27,21,282,31,251,14.545454545454545,8.181818181818182,6.363636363636363,85.45454545454545,9.393939393939393,76.06060606060606
E00118919,311,33,10,23,278,16,262,10.610932475884244,3.215434083601286,7.395498392282958,89.38906752411575,5.144694533762058,84.2443729903537
E00118920,328,48,16,32,280,24,256,14.634146341463413,4.878048780487805,9.75609756097561,85.36585365853658,7.317073170731707,78.04878048780488
E00118921,341,36,12,24,305,24,281,10.557184750733137,3.519061583577713,7.038123167155426,89.44281524926686,7.038123167155426,82.40469208211144
E00118922,345,77,41,36,268,12,256,22.318840579710145,11.884057971014492,10.434782608695652,77.68115942028986,3.4782608695652173,74.20289855072464
E00118923,304,45,10,35,259,13,246,14.802631578947366,3.289473684210526,11.513157894736842,85.19736842105263,4.276315789473684,80.92105263157895
E00118924,327,52,13,39,275,30,245,15.902140672782874,3.9755351681957185,11.926605504587156,84.09785932721712,9.174311926605505,74.92354740061162
E00118925,317,32,12,20,285,22,263,10.094637223974763,3.7854889589905363,6.309148264984227,89.90536277602523,6.940063091482649,82.96529968454259
E00118926,316,44,10,34,272,24,248,13.924050632911392,3.1645569620253164,10.759493670886076,86.07594936708861,7.59493670886076,78.48101265822784
E00118927,342,37,17,20,305,23,282,10.818713450292398,4.970760233918129,5.847953216374268,89.18128654970761,6.725146198830409,82.45614035087719
E00118928,288,43,14,29,245,16,229,14.930555555555555,4.861111111111112,10.069444444444445,85.06944444444444,5.555555555555555,79.51388888888889
E00118929,319,60,22,38,259,30,229,18.808777429467085,6.896551724137931,11.912225705329153,81.19122257053291,9.404388714733543,71.78683385579937
E00118930,316,33,13,20,283,20,263,10.443037974683545,4.113924050632911,6.329113924050633,89.55696202531645,6.329113924050633,83.22784810126582
E00118931,293,55,15,40,238,26,212,18.771331058020476,5.1194539249146755,13.651877133105803,81.22866894197952,8.873720136518772,72.35494880546075
E00118932,309,39,16,23,270,27,243,12.62135922330097,5.177993527508091,7.443365695792881,87.37864077669903,8.737864077669903,78.64077669902912
E00118933,311,54,11,43,257,25,232,17.363344051446948,3.536977491961415,13.826366559485532,82.63665594855306,8.038585209003216,74.59807073954984
E00118934,374,73,30,43,301,22,279,19.518716577540108,8.0213903743315509,11.497326203208557,80.4812834224599,5.88235294117647,74.59893048128342
E00118935,333,48,16,32,285,22,263,14.414414414414415,4.804804804804805,9.60960960960961,85.58558558558559,6.606606606606606,78.97897897897897
E00118937,394,68,30,38,326,27,299,17.258883248730964,7.614213197969544,9.644670050761421,82.74111675126903,6.852791878172589,75.88832487309645
E00118938,309,68,35,33,241,17,224,22.006472491909385,11.326860841423949,10.679611650485436,77.99352750809061,5.501618122977346,72.49190938511327
E00118939,230,46,17,29,184,17,167,20,7.391304347826087,12.608695652173912,80,7.391304347826087,72.60869565217392
E00118940,418,60,25,35,358,42,316,14.354066985645932,5.980861244019139,8.373205741626794,85.64593301435407,10.047846889952153,75.5980861244019
E00118941,408,57,25,32,351,23,328,13.970588235294118,6.127450980392156,7.8431372549019605,86.02941176470588,5.637254901960785,80.3921568627451
E00118943,339,47,18,29,292,28,264,13.864306784660767,5.3097345132743365,8.55457227138643,86.13569321533923,8.259587020648967,77.87610619469027
E00118944,306,54,25,29,252,27,225,17.647058823529413,8.169934640522875,9.477124183006536,82.35294117647058,8.823529411764707,73.52941176470588
E00118945,347,50,20,30,297,22,275,14.409221902017292,5.763688760806916,8.645533141210375,85.5907780979827,6.340057636887608,79.2507204610951
E00118946,348,64,30,34,284,22,262,18.39080459770115,8.620689655172415,9.770114942528735,81.60919540229885,6.321839080459771,75.28735632183908
E00118947,321,61,21,40,260,24,236,19.003115264797508,6.5420560747663545,12.461059190031152,80.99688473520249,7.476635514018691,73.5202492211838
E00118948,285,35,8,27,250,28,222,12.280701754385964,2.807017543859649,9.473684210526317,87.71929824561403,9.824561403508772,77.89473684210526
E00118949,267,41,19,22,226,20,206,15.355805243445692,7.116104868913857,8.239700374531834,84.6441947565543,7.490636704119851,77.15355805243446
E00118950,232,55,23,32,177,18,159,23.70689655172414,9.913793103448276,13.793103448275861,76.29310344827587,7.758620689655173,68.53448275862068
E00118951,424,57,18,39,367,36,331,13.443396226415095,4.245283018867925,9.19811320754717,86.55660377358491,8.49056603773585,78.06603773584906
E00118952,205,35,12,23,170,16,154,17.073170731707318,5.853658536585367,11.219512195121952,82.92682926829268,7.804878048780488,75.1219512195122
E00118953,196,54,28,26,142,21,121,27.55102040816326,14.285714285714285,13.26530612244898,72.44897959183673,10.714285714285714,61.73469387755102
E00118954,352,41,9,32,311,36,275,11.647727272727272,2.556818181818182,9.090909090909092,88.35227272727273,10.227272727272728,78.125
E00118955,351,55,21,34,296,21,275,15.669515669515668,5.982905982905983,9.686609686609685,84.33048433048434,5.982905982905983,78.34757834757835
E00118956,234,48,21,27,186,22,164,20.51282051282051,8.974358974358974,11.538461538461538,79.48717948717949,9.401709401709402,70.08547008547008
E00118957,290,47,19,28,243,23,220,16.206896551724135,6.551724137931035,9.655172413793103,83.79310344827586,7.931034482758621,75.86206896551724
E00118958,425,68,31,37,357,33,324,16,7.294117647058823,8.705882352941176,84,7.764705882352942,76.23529411764706
E00118959,292,40,9,31,252,17,235,13.698630136986301,3.0821917808219177,10.616438356164384,86.3013698630137,5.821917808219178,80.47945205479452
E00118960,349,46,18,28,303,21,282,13.18051575931232,5.157593123209169,8.022922636103152,86.81948424068769,6.017191977077363,80.80229226361033
E00118961,359,37,11,26,322,41,281,10.30640668523677,3.064066852367688,7.242339832869081,89.69359331476323,11.420612813370473,78.27298050139275
E00118962,219,38,7,31,181,17,164,17.35159817351598,3.1963470319634704,14.15525114155251,82.64840182648402,7.76255707762557,74.88584474885845
E00118963,437,60,17,43,377,36,341,13.729977116704806,3.8901601830663615,9.839816933638444,86.2700228832952,8.237986270022883,78.03203661327231
E00118964,327,36,7,29,291,34,257,11.009174311926607,2.1406727828746175,8.868501529051988,88.9908256880734,10.397553516819572,78.59327217125383
E00118965,267,28,8,20,239,25,214,10.486891385767791,2.9962546816479403,7.490636704119851,89.51310861423221,9.363295880149813,80.14981273408239
E00118966,288,31,9,22,257,19,238,10.76388888888889,3.125,7.638888888888889,89.23611111111111,6.597222222222222,82.63888888888889
E00118967,264,35,9,26,229,23,206,13.257575757575758,3.4090909090909087,9.848484848484848,86.74242424242425,8.712121212121213,78.03030303030303
E00118968,309,44,14,30,265,20,245,14.239482200647249,4.53074433656958,9.70873786407767,85.76051779935275,6.472491909385113,79.28802588996764
E00118969,326,45,10,35,281,25,256,13.803680981595093,3.067484662576687,10.736196319018406,86.1963190184049,7.668711656441718,78.52760736196319
E00118970,239,67,23,44,172,15,157,28.03347280334728,9.623430962343097,18.410041841004183,71.96652719665272,6.2761506276150625,65.69037656903765
E00118971,362,64,21,43,298,18,280,17.67955801104972,5.801104972375691,11.878453038674033,82.32044198895028,4.972375690607735,77.34806629834254
E00118972,264,53,18,35,211,18,193,20.075757575757574,6.8181818181818175,13.257575757575758,79.92424242424242,6.8181818181818175,73.10606060606061
E00118973,304,72,31,41,232,18,214,23.684210526315788,10.197368421052632,13.486842105263158,76.31578947368422,5.921052631578947,70.39473684210526
E00118974,355,45,16,29,310,32,278,12.676056338028168,4.507042253521127,8.169014084507042,87.32394366197182,9.014084507042254,78.30985915492957
E00118975,373,53,14,39,320,25,295,14.209115281501342,3.753351206434316,10.455764075067025,85.79088471849866,6.702412868632708,79.08847184986595
E00118976,201,32,11,21,169,16,153,15.92039800995025,5.472636815920398,10.44776119402985,84.07960199004975,7.960199004975125,76.11940298507463
E00118977,312,24,5,19,288,24,264,7.6923076923076925,1.6025641025641024,6.089743589743589,92.3076923076923,7.6923076923076925,84.61538461538461
E00118978,455,42,14,28,413,42,371,9.230769230769232,3.076923076923077,6.153846153846154,90.76923076923077,9.230769230769232,81.53846153846153
E00118979,342,32,6,26,310,32,278,9.35672514619883,1.7543859649122806,7.602339181286549,90.64327485380117,9.35672514619883,81.28654970760235
E00118980,268,41,16,25,227,31,196,15.298507462686567,5.970149253731343,9.328358208955224,84.70149253731343,11.567164179104477,73.13432835820896
E00118981,321,27,8,19,294,39,255,8.411214953271028,2.4922118380062304,5.919003115264798,91.58878504672897,12.149532710280374,79.43925233644859
E00118982,284,28,8,20,256,24,232,9.859154929577464,2.8169014084507045,7.042253521126761,90.14084507042254,8.450704225352112,81.69014084507043
E00118983,340,93,45,48,247,27,220,27.35294117647059,13.23529411764706,14.117647058823529,72.6470588235294,7.941176470588235,64.70588235294117
E00118984,359,31,10,21,328,29,299,8.635097493036211,2.785515320334262,5.8495821727019495,91.36490250696379,8.07799442896936,83.28690807799443
E00118985,370,49,10,39,321,35,286,13.243243243243244,2.7027027027027026,10.54054054054054,86.75675675675676,9.45945945945946,77.29729729729729
E00118986,339,50,18,32,289,26,263,14.749262536873156,5.3097345132743365,9.43952802359882,85.25073746312685,7.669616519174041,77.5811209439528
E00118987,357,38,12,26,319,24,295,10.644257703081232,3.361344537815126,7.282913165266107,89.35574229691878,6.722689075630252,82.6330532212885
E00118988,341,27,5,22,314,26,288,7.9178885630498534,1.466275659824047,6.451612903225806,92.08211143695014,7.624633431085044,84.4574780058651
E00118989,338,63,25,38,275,21,254,18.639053254437872,7.396449704142012,11.242603550295858,81.36094674556213,6.21301775147929,75.14792899408283
E00118990,506,87,23,64,419,37,382,17.193675889328063,4.545454545454546,12.648221343873518,82.80632411067194,7.312252964426877,75.49407114624506
E00118991,250,48,17,31,202,32,170,19.2,6.800000000000001,12.4,80.80000000000001,12.8,68
E00118992,315,29,8,21,286,24,262,9.206349206349207,2.5396825396825395,6.666666666666667,90.7936507936508,7.6190476190476195,83.17460317460318
E00118993,265,25,8,17,240,21,219,9.433962264150944,3.018867924528302,6.415094339622642,90.56603773584906,7.9245283018867925,82.64150943396227
E00118994,279,29,13,16,250,29,221,10.39426523297491,4.659498207885305,5.734767025089606,89.6057347670251,10.39426523297491,79.21146953405018
E00118995,435,73,31,42,362,31,331,16.7816091954023,7.126436781609195,9.655172413793103,83.2183908045977,7.126436781609195,76.0919540229885
E00118996,470,48,24,24,422,34,388,10.212765957446807,5.106382978723404,5.106382978723404,89.7872340425532,7.234042553191489,82.5531914893617
E00118997,298,33,12,21,265,30,235,11.073825503355705,4.026845637583892,7.046979865771812,88.9261744966443,10.06711409395973,78.85906040268456
E00118998,441,53,14,39,388,32,356,12.01814058956916,3.1746031746031744,8.843537414965986,87.98185941043084,7.2562358276643995,80.72562358276643
E00118999,341,51,21,30,290,22,268,14.95601173020528,6.158357771260997,8.797653958944283,85.04398826979472,6.451612903225806,78.59237536656892
E00119000,300,58,18,40,242,19,223,19.333333333333332,6,13.333333333333334,80.66666666666666,6.333333333333334,74.33333333333333
E00119001,342,68,32,36,274,16,258,19.883040935672515,9.35672514619883,10.526315789473683,80.11695906432749,4.678362573099415,75.43859649122807
E00119002,264,24,5,19,240,24,216,9.090909090909092,1.893939393939394,7.196969696969697,90.9090909090909,9.090909090909092,81.81818181818183
E00119003,405,72,29,43,333,28,305,17.77777777777778,7.160493827160494,10.617283950617285,82.22222222222221,6.91358024691358,75.30864197530865
E00119004,224,66,35,31,158,14,144,29.464285714285715,15.625,13.839285714285715,70.53571428571429,6.25,64.28571428571429
E00119005,315,62,22,40,253,22,231,19.682539682539684,6.984126984126984,12.698412698412698,80.31746031746032,6.984126984126984,73.33333333333333
E00119006,308,54,22,32,254,18,236,17.532467532467532,7.142857142857142,10.38961038961039,82.46753246753246,5.844155844155844,76.62337662337663
E00119007,263,73,32,41,190,16,174,27.756653992395435,12.167300380228136,15.5893536121673,72.24334600760456,6.083650190114068,66.15969581749049
E00119008,338,51,23,28,287,24,263,15.088757396449704,6.8047337278106506,8.284023668639055,84.91124260355029,7.100591715976331,77.81065088757396
E00119009,335,67,26,41,268,26,242,20,7.761194029850746,12.238805970149254,80,7.761194029850746,72.23880597014926
E00119010,236,28,15,13,208,22,186,11.864406779661017,6.3559322033898304,5.508474576271186,88.13559322033898,9.322033898305085,78.8135593220339
E00119011,316,42,12,30,274,31,243,13.291139240506327,3.79746835443038,9.49367088607595,86.70886075949366,9.81012658227848,76.89873417721519
E00119012,344,57,25,32,287,30,257,16.569767441860463,7.267441860465117,9.30232558139535,83.43023255813954,8.720930232558139,74.70930232558139
E00119013,465,83,36,47,382,27,355,17.8494623655914,7.741935483870968,10.10752688172043,82.15053763440861,5.806451612903226,76.34408602150538
E00119014,338,71,33,38,267,18,249,21.005917159763314,9.763313609467456,11.242603550295858,78.99408284023669,5.325443786982249,73.66863905325444
E00119015,319,59,24,35,260,18,242,18.495297805642632,7.523510971786834,10.9717868338558,81.50470219435736,5.6426332288401255,75.86206896551724
E00119016,331,37,10,27,294,23,271,11.178247734138973,3.0211480362537766,8.157099697885197,88.82175226586104,6.948640483383686,81.87311178247734
E00119017,217,31,15,16,186,17,169,14.285714285714285,6.912442396313365,7.373271889400922,85.71428571428571,7.834101382488479,77.88018433179722
E00119018,313,33,10,23,280,25,255,10.543130990415335,3.1948881789137378,7.348242811501597,89.45686900958466,7.987220447284344,81.46964856230032
E00119019,177,20,6,14,157,11,146,11.299435028248588,3.389830508474576,7.909604519774012,88.70056497175142,6.214689265536723,82.485875706214685
E00119020,198,34,9,25,164,11,153,17.17171717171717,4.545454545454546,12.626262626262626,82.82828282828282,5.555555555555555,77.27272727272727
E00119021,163,25,7,18,138,12,126,15.337423312883436,4.294478527607362,11.042944785276074,84.66257668711657,7.361963190184049,77.30061349693251
E00119022,271,30,5,25,241,17,224,11.07011070110701,1.8450184501845017,9.22509225092251,88.92988929889299,6.273062730627306,82.65682656826569
E00119023,377,67,24,43,310,34,276,17.771883289124666,6.36604774535809,11.405835543766578,82.22811671087533,9.018567639257293,73.20954907161804
E00119024,341,46,14,32,295,39,256,13.48973607038123,4.105571847507331,9.3841642228739,86.51026392961877,11.436950146627565,75.0733137829912
E00119025,252,51,20,31,201,16,185,20.238095238095237,7.936507936507936,12.3015873015873,79.76190476190477,6.349206349206349,73.4126984126984
E00119026,293,33,9,24,260,15,245,11.262798634812286,3.0716723549488054,8.19112627986348,88.73720136518772,5.1194539249146755,83.61774744027304
E00119027,409,45,14,31,364,31,333,11.00244498777506,3.4229828850855744,7.579462102689487,88.99755501222494,7.579462102689487,81.41809290953546
E00119028,301,56,27,29,245,22,223,18.6046511627907,8.970099667774086,9.634551495016613,81.3953488372093,7.308970099667775,74.08637873754152
E00119029,329,47,13,34,282,24,258,14.285714285714285,3.951367781155015,10.33434650455927,85.71428571428571,7.29483282674772,78.419452887538
E00119030,238,27,13,14,211,17,194,11.344537815126051,5.46218487394958,5.88235294117647,88.65546218487394,7.142857142857142,81.5126050420168
E00119031,620,72,27,45,548,46,502,11.612903225806452,4.354838709677419,7.258064516129033,88.38709677419355,7.419354838709677,80.96774193548387
E00119032,348,59,18,41,289,21,268,16.954022988505745,5.172413793103448,11.781609195402298,83.04597701149426,6.0344827586206895,77.01149425287356
E00119033,334,34,12,22,300,26,274,10.179640718562874,3.592814371257485,6.58682634730539,89.82035928143712,7.784431137724551,82.03592814371258
E00119034,283,54,19,35,229,19,210,19.081272084805654,6.713780918727916,12.36749116607774,80.91872791519434,6.713780918727916,74.20494699646643
E00119035,288,38,12,26,250,20,230,13.194444444444445,4.166666666666666,9.027777777777777,86.80555555555556,6.944444444444445,79.86111111111111
E00119036,377,81,40,41,296,22,274,21.485411140583555,10.610079575596817,10.875331564986737,78.51458885941645,5.835543766578249,72.67904509283821
E00119037,370,33,5,28,337,29,308,8.91891891891892,1.3513513513513513,7.567567567567568,91.08108108108108,7.837837837837839,83.24324324324324
E00119038,222,20,7,13,202,15,187,9.00900900900901,3.153153153153153,5.8558558558558556,90.990990990991,6.756756756756757,84.23423423423422
E00119039,293,43,22,21,250,24,226,14.675767918088736,7.508532423208192,7.167235494880546,85.32423208191126,8.19112627986348,77.13310580204778
E00119040,302,32,9,23,270,28,242,10.596026490066226,2.980132450331126,7.6158940397351,89.40397350993378,9.271523178807946,80.13245033112582
E00119041,279,48,11,37,231,26,205,17.20430107526882,3.942652329749104,13.261648745519713,82.79569892473118,9.31899641577061,73.47670250896059
E00119042,232,29,8,21,203,28,175,12.5,3.4482758620689653,9.051724137931034,87.5,12.068965517241379,75.43103448275862
E00119043,358,49,19,30,309,26,283,13.687150837988826,5.307262569832402,8.379888268156424,86.31284916201118,7.262569832402235,79.05027932960894
E00119044,225,57,30,27,168,15,153,25.333333333333336,13.333333333333334,12,74.66666666666667,6.666666666666667,68
E00119045,327,33,11,22,294,28,266,10.091743119266056,3.3639143730886847,6.727828746177369,89.90825688073394,8.56269113149847,81.34556574923548
E00119046,315,35,12,23,280,22,258,11.11111111111111,3.8095238095238098,7.301587301587302,88.88888888888889,6.984126984126984,81.9047619047619
E00119047,415,80,46,34,335,22,313,19.27710843373494,11.08433734939759,8.19277108433735,80.72289156626506,5.301204819277109,75.42168674698794
E00119048,246,53,17,36,193,16,177,21.544715447154474,6.910569105691057,14.634146341463413,78.45528455284553,6.504065040650407,71.95121951219512
E00119049,370,37,12,25,333,26,307,10,3.2432432432432434,6.756756756756757,90,7.027027027027027,82.97297297297297
E00119050,322,42,15,27,280,19,261,13.043478260869565,4.658385093167702,8.385093167701864,86.95652173913044,5.900621118012422,81.05590062111801
E00119051,274,22,3,19,252,20,232,8.02919708029197,1.094890510948905,6.934306569343065,91.970802919708035,7.2992700729927,84.67153284671532
E00119052,298,39,15,24,259,27,232,13.087248322147651,5.033557046979865,8.053691275167784,86.91275167785236,9.060402684563758,77.85234899328859
E00119053,313,37,18,19,276,22,254,11.821086261980831,5.7507987220447285,6.070287539936102,88.17891373801918,7.0287539936102235,81.15015974440894
E00169631,221,22,0,22,199,26,173,9.95475113122172,0,9.95475113122172,90.04524886877829,11.76470588235294,78.28054298642535
E00169632,335,46,17,29,289,30,259,13.73134328358209,5.074626865671641,8.656716417910449,86.26865671641791,8.955223880597014,77.31343283582089
E00169633,326,58,24,34,268,19,249,17.791411042944784,7.361963190184049,10.429447852760736,82.20858895705521,5.828220858895705,76.38036809815951
E00169634,295,43,15,28,252,15,237,14.576271186440678,5.084745762711865,9.491525423728813,85.42372881355932,5.084745762711865,80.33898305084746
E00169635,291,46,8,38,245,21,224,15.807560137457044,2.7491408934707904,13.058419243986256,84.19243986254295,7.216494845360824,76.97594501718214
E00169636,268,39,10,29,229,23,206,14.55223880597015,3.731343283582089,10.820895522388058,85.44776119402985,8.582089552238806,76.86567164179104
E00169637,330,39,10,29,291,35,256,11.818181818181818,3.0303030303030303,8.787878787878787,88.18181818181819,10.606060606060606,77.57575757575758
E00169638,148,62,32,30,86,12,74,41.891891891891895,21.62162162162162,20.27027027027027,58.108108108108105,8.108108108108109,50
E00169644,228,14,2,12,214,7,207,6.140350877192982,0.8771929824561403,5.263157894736842,93.85964912280701,3.070175438596491,90.78947368421053
E00169645,380,51,13,38,329,27,302,13.421052631578947,3.421052631578948,10,86.57894736842105,7.105263157894736,79.47368421052632
E00189318,399,59,20,39,340,31,309,14.786967418546364,5.012531328320802,9.774436090225564,85.21303258145363,7.769423558897243,77.44360902255639
E00189320,369,71,29,42,298,16,282,19.241192411924118,7.8590785907859075,11.38211382113821,80.75880758807588,4.336043360433604,76.42276422764228
E00189321,258,22,12,10,236,16,220,8.527131782945736,4.651162790697675,3.875968992248062,91.47286821705426,6.2015503875969,85.27131782945736
E00189324,339,58,24,34,281,28,253,17.10914454277286,7.079646017699115,10.029498525073747,82.89085545722715,8.259587020648967,74.63126843657817
E00189325,282,27,9,18,255,12,243,9.574468085106384,3.1914893617021276,6.382978723404255,90.42553191489363,4.25531914893617,86.17021276595744
E00189326,301,43,17,26,258,12,246,14.285714285714285,5.647840531561462,8.637873754152823,85.71428571428571,3.9867109634551494,81.72757475083057
E00189327,280,48,24,24,232,17,215,17.142857142857142,8.571428571428571,8.571428571428571,82.85714285714286,6.071428571428571,76.78571428571429
E00189333,349,35,7,28,314,20,294,10.028653295128938,2.005730659025788,8.022922636103152,89.97134670487105,5.730659025787966,84.2406876790831
E00189334,221,29,15,14,192,10,182,13.122171945701359,6.787330316742081,6.334841628959276,86.87782805429865,4.524886877828054,82.35294117647058
E00189335,113,24,7,17,89,4,85,21.238938053097346,6.1946902654867255,15.04424778761062,78.76106194690266,3.5398230088495577,75.22123893805309
E00189340,238,31,9,22,207,21,186,13.025210084033615,3.7815126050420167,9.243697478991598,86.97478991596638,8.823529411764707,78.15126050420169
E00189346,326,45,12,33,281,27,254,13.803680981595093,3.6809815950920246,10.122699386503067,86.1963190184049,8.282208588957054,77.91411042944786
E00189347,262,21,6,15,241,7,234,8.015267175572518,2.2900763358778624,5.7251908396946565,91.98473282442748,2.6717557251908395,89.31297709923665
E00189354,288,29,5,24,259,17,242,10.069444444444445,1.7361111111111112,8.333333333333332,89.93055555555556,5.902777777777778,84.02777777777779
E00189355,299,46,14,32,253,21,232,15.384615384615385,4.682274247491638,10.702341137123746,84.61538461538461,7.023411371237458,77.59197324414716
E00189365,376,37,12,25,339,27,312,9.840425531914894,3.1914893617021276,6.648936170212766,90.1595744680851,7.180851063829788,82.97872340425532
E00189369,317,25,1,24,292,17,275,7.886435331230284,0.31545741324921134,7.570977917981073,92.11356466876973,5.3627760252365935,86.75078864353313
E00189371,347,49,8,41,298,15,283,14.121037463976945,2.3054755043227666,11.815561959654179,85.87896253602305,4.322766570605188,81.55619596541787
E00189372,295,22,7,15,273,18,255,7.457627118644068,2.3728813559322033,5.084745762711865,92.54237288135593,6.101694915254238,86.4406779661017
E00189373,330,19,5,14,311,17,294,5.757575757575758,1.5151515151515151,4.242424242424243,94.24242424242424,5.151515151515151,89.0909090909091
E00189378,1091,268,69,199,823,91,732,24.56461961503208,6.3244729605866175,18.240146654445464,75.43538038496791,8.340971585701192,67.09440879926673
E00189379,270,35,14,21,235,11,224,12.962962962962962,5.185185185185185,7.777777777777778,87.03703703703704,4.074074074074074,82.96296296296296
E00189383,278,12,1,11,266,14,252,4.316546762589928,0.3597122302158274,3.9568345323741005,95.68345323741008,5.0359712230215825,90.64748201438849
E00189390,331,31,8,23,300,25,275,9.365558912386707,2.416918429003021,6.948640483383686,90.6344410876133,7.552870090634441,83.08157099697885
E00189392,395,33,14,19,362,15,347,8.354430379746836,3.5443037974683547,4.810126582278481,91.64556962025317,3.79746835443038,87.84810126582279
E00189394,253,54,18,36,199,23,176,21.34387351778656,7.114624505928854,14.229249011857709,78.65612648221344,9.090909090909092,69.56521739130434
E00189410,196,14,1,13,182,21,161,7.142857142857142,0.5102040816326531,6.63265306122449,92.85714285714286,10.714285714285714,82.14285714285714
E00189413,260,30,13,17,230,20,210,11.538461538461538,5,6.538461538461539,88.46153846153845,7.6923076923076925,80.76923076923077
E00189414,327,39,14,25,288,23,265,11.926605504587156,4.281345565749235,7.64525993883792,88.07339449541286,7.033639143730887,81.03975535168195
E00189419,298,64,32,32,234,20,214,21.476510067114095,10.738255033557047,10.738255033557047,78.52348993288591,6.7114093959731544,71.81208053691275
E00189422,279,31,12,19,248,12,236,11.11111111111111,4.301075268817205,6.810035842293908,88.88888888888889,4.301075268817205,84.58781362007169
E00189423,147,9,2,7,138,4,134,6.122448979591836,1.3605442176870748,4.761904761904762,93.87755102040816,2.7210884353741496,91.15646258503402
E00189425,169,21,4,17,148,12,136,12.42603550295858,2.366863905325444,10.059171597633137,87.57396449704143,7.100591715976331,80.4733727810651
E00189426,210,20,6,14,190,9,181,9.523809523809524,2.857142857142857,6.666666666666667,90.47619047619048,4.285714285714286,86.19047619047619
E00189435,445,38,17,21,407,18,389,8.539325842696629,3.8202247191011236,4.719101123595506,91.46067415730337,4.044943820224719,87.41573033707866
E00189437,439,91,30,61,348,21,327,20.72892938496583,6.83371298405467,13.895216400911162,79.27107061503416,4.783599088838269,74.4874715261959
E00189438,169,29,21,8,140,7,133,17.159763313609467,12.42603550295858,4.733727810650888,82.84023668639054,4.142011834319527,78.69822485207101
E00189439,144,21,10,11,123,7,116,14.583333333333334,6.944444444444445,7.638888888888889,85.41666666666666,4.861111111111112,80.55555555555556
E00189440,166,22,13,9,144,15,129,13.253012048192772,7.83132530120482,5.421686746987952,86.74698795180723,9.036144578313253,77.71084337349397
E00189441,242,33,12,21,209,21,188,13.636363636363635,4.958677685950414,8.677685950413224,86.36363636363636,8.677685950413224,77.68595041322314
