OA,ts0380001,ts0380002,ts0380003,ts0380004,ts0380005,ts0380006,ts0380007,ts0380002_PCT,ts0380003_PCT,ts0380004_PCT,ts0380005_PCT,ts0380006_PCT,ts0380007_PCT
E00010569,385,36,7,29,349,16,333,9.35064935064935,1.8181818181818181,7.532467532467532,90.64935064935065,4.1558441558441555,86.49350649350649
E00010570,339,41,15,26,298,10,288,12.094395280235988,4.424778761061947,7.669616519174041,87.90560471976401,2.949852507374631,84.95575221238938
E00010571,475,42,14,28,433,19,414,8.842105263157894,2.9473684210526314,5.894736842105263,91.15789473684211,4,87.1578947368421
E00010572,412,49,24,25,363,14,349,11.893203883495145,5.825242718446602,6.067961165048544,88.10679611650485,3.3980582524271843,84.70873786407766
E00010573,491,45,19,26,446,23,423,9.164969450101832,3.8696537678207736,5.295315682281059,90.83503054989816,4.684317718940937,86.15071283095723
E00010574,386,37,11,26,349,15,334,9.585492227979273,2.849740932642487,6.7357512953367875,90.41450777202073,3.8860103626943006,86.52849740932642
E00010575,407,39,15,24,368,20,348,9.582309582309582,3.6855036855036856,5.896805896805897,90.41769041769042,4.914004914004914,85.5036855036855
E00010576,296,37,12,25,259,15,244,12.5,4.054054054054054,8.445945945945946,87.5,5.0675675675675675,82.43243243243244
E00010577,422,48,15,33,374,20,354,11.374407582938389,3.5545023696682465,7.819905213270142,88.62559241706161,4.739336492890995,83.88625592417061
E00010578,444,32,9,23,412,27,385,7.207207207207207,2.027027027027027,5.18018018018018,92.7927927927928,6.081081081081082,86.71171171171171
E00010579,511,49,24,25,462,20,442,9.58904109589041,4.6966731898238745,4.892367906066536,90.41095890410958,3.9138943248532287,86.49706457925636
E00010580,422,58,34,24,364,12,352,13.744075829383887,8.056872037914692,5.687203791469194,86.25592417061611,2.843601895734597,83.41232227488152
E00010581,428,49,31,18,379,10,369,11.448598130841122,7.242990654205607,4.205607476635514,88.55140186915888,2.336448598130841,86.21495327102804
E00010582,514,46,23,23,468,20,448,8.949416342412452,4.474708171206226,4.474708171206226,91.05058365758755,3.8910505836575875,87.15953307392996
E00010583,411,46,12,34,365,23,342,11.19221411192214,2.9197080291970803,8.27250608272506,88.80778588807786,5.59610705596107,83.21167883211679
E00010584,428,59,32,27,369,22,347,13.785046728971961,7.476635514018691,6.308411214953271,86.21495327102804,5.14018691588785,81.07476635514018
E00010585,505,46,22,24,459,24,435,9.108910891089108,4.356435643564356,4.752475247524752,90.89108910891089,4.752475247524752,86.13861386138613
E00010586,450,54,21,33,396,11,385,12,4.666666666666667,7.333333333333333,88,2.4444444444444446,85.55555555555556
E00010587,418,36,18,18,382,13,369,8.61244019138756,4.30622009569378,4.30622009569378,91.38755980861244,3.110047846889952,88.27751196172248
E00010588,451,35,13,22,416,17,399,7.760532150776053,2.882483370288248,4.878048780487805,92.23946784922394,3.7694013303769403,88.470066518847
E00010589,498,62,24,38,436,15,421,12.449799196787147,4.819277108433735,7.630522088353414,87.55020080321285,3.0120481927710845,84.53815261044177
E00010590,391,35,14,21,356,19,337,8.951406649616368,3.580562659846547,5.3708439897698215,91.04859335038363,4.859335038363171,86.18925831202046
E00010591,337,34,16,18,303,14,289,10.089020771513352,4.747774480712167,5.341246290801187,89.91097922848664,4.154302670623145,85.7566765578635
E00010592,387,31,10,21,356,15,341,8.010335917312661,2.5839793281653747,5.426356589147287,91.98966408268734,3.875968992248062,88.11369509043928
E00010593,349,33,14,19,316,18,298,9.455587392550143,4.011461318051576,5.444126074498568,90.54441260744986,5.157593123209169,85.38681948424069
E00010594,401,28,11,17,373,16,357,6.982543640897755,2.7431421446384037,4.239401496259352,93.01745635910224,3.99002493765586,89.02743142144638
E00010595,463,50,22,28,413,16,397,10.799136069114471,4.751619870410368,6.047516198704104,89.20086393088553,3.455723542116631,85.7451403887689
E00010596,249,42,17,25,207,15,192,16.867469879518072,6.827309236947792,10.040160642570282,83.13253012048193,6.024096385542169,77.10843373493977
E00010597,353,49,18,31,304,20,284,13.881019830028329,5.099150141643059,8.78186968838527,86.11898016997166,5.6657223796034,80.45325779036827
E00010598,192,49,33,16,143,9,134,25.520833333333332,17.1875,8.333333333333332,74.47916666666666,4.6875,69.79166666666666
E00010599,403,56,32,24,347,8,339,13.895781637717123,7.94044665012407,5.955334987593052,86.10421836228288,1.9851116625310175,84.11910669975185
E00010600,368,54,27,27,314,17,297,14.673913043478262,7.336956521739131,7.336956521739131,85.32608695652173,4.619565217391304,80.70652173913044
E00010601,349,35,11,24,314,13,301,10.028653295128938,3.151862464183381,6.876790830945559,89.97134670487105,3.7249283667621778,86.24641833810888
E00010602,268,50,18,32,218,8,210,18.65671641791045,6.7164179104477615,11.940298507462686,81.34328358208955,2.9850746268656714,78.35820895522389
E00010603,280,39,18,21,241,14,227,13.928571428571429,6.428571428571428,7.5,86.07142857142858,5,81.07142857142857
E00010604,330,37,17,20,293,20,273,11.212121212121213,5.151515151515151,6.0606060606060606,88.7878787878788,6.0606060606060606,82.72727272727273
E00010605,348,33,11,22,315,14,301,9.482758620689655,3.1609195402298855,6.321839080459771,90.51724137931035,4.022988505747127,86.49425287356321
E00010606,338,36,17,19,302,18,284,10.650887573964498,5.029585798816568,5.621301775147929,89.3491124260355,5.325443786982249,84.02366863905326
E00010607,372,35,16,19,337,18,319,9.408602150537634,4.301075268817205,5.10752688172043,90.59139784946237,4.838709677419355,85.75268817204301
E00010608,317,31,13,18,286,21,265,9.779179810725552,4.100946372239748,5.678233438485805,90.22082018927445,6.624605678233439,83.59621451104101
E00010609,342,37,10,27,305,23,282,10.818713450292398,2.923976608187134,7.894736842105263,89.18128654970761,6.725146198830409,82.45614035087719
E00010610,344,47,19,28,297,23,274,13.662790697674417,5.523255813953488,8.13953488372093,86.33720930232558,6.686046511627906,79.65116279069767
E00010611,290,64,41,23,226,9,217,22.06896551724138,14.13793103448276,7.931034482758621,77.93103448275862,3.103448275862069,74.82758620689656
E00010612,409,54,18,36,355,26,329,13.202933985330073,4.400977995110025,8.80195599022005,86.79706601466992,6.356968215158925,80.440097799511
E00010613,375,52,23,29,323,12,311,13.866666666666665,6.133333333333333,7.733333333333333,86.13333333333333,3.2,82.93333333333334
E00010614,469,89,65,24,380,6,374,18.976545842217483,13.859275053304904,5.11727078891258,81.02345415778251,1.279317697228145,79.74413646055437
E00010615,297,44,19,25,253,18,235,14.814814814814813,6.397306397306397,8.417508417508419,85.18518518518519,6.0606060606060606,79.12457912457911
E00010616,409,35,17,18,374,22,352,8.557457212713937,4.156479217603912,4.400977995110025,91.44254278728606,5.378973105134474,86.06356968215158
E00010617,448,73,30,43,375,13,362,16.294642857142858,6.696428571428571,9.598214285714286,83.70535714285714,2.9017857142857144,80.80357142857143
E00010618,365,39,20,19,326,12,314,10.684931506849315,5.47945205479452,5.205479452054795,89.31506849315069,3.287671232876712,86.02739726027397
E00010619,380,37,20,17,343,20,323,9.736842105263158,5.263157894736842,4.473684210526316,90.26315789473685,5.263157894736842,85
E00010623,419,45,23,22,374,19,355,10.739856801909307,5.4892601431980905,5.250596658711217,89.26014319809069,4.534606205250596,84.7255369928401
E00010624,288,40,15,25,248,20,228,13.88888888888889,5.208333333333334,8.680555555555555,86.11111111111111,6.944444444444445,79.16666666666666
E00010625,295,30,12,18,265,24,241,10.16949152542373,4.067796610169491,6.101694915254238,89.83050847457628,8.135593220338983,81.69491525423729
E00010626,279,40,22,18,239,15,224,14.336917562724013,7.885304659498208,6.451612903225806,85.66308243727599,5.376344086021505,80.28673835125448
E00010627,374,48,18,30,326,18,308,12.834224598930483,4.81283422459893,8.0213903743315509,87.16577540106952,4.81283422459893,82.35294117647058
E00010628,223,58,33,25,165,12,153,26.00896860986547,14.798206278026907,11.210762331838566,73.99103139013454,5.381165919282512,68.60986547085201
E00010629,356,43,22,21,313,21,292,12.07865168539326,6.179775280898876,5.8988764044943816,87.92134831460675,5.8988764044943816,82.02247191011236
E00010630,466,42,21,21,424,12,412,9.012875536480687,4.506437768240343,4.506437768240343,90.98712446351931,2.575107296137339,88.41201716738198
E00010631,488,52,24,28,436,17,419,10.655737704918032,4.918032786885246,5.737704918032787,89.34426229508196,3.483606557377049,85.86065573770492
E00010632,471,40,19,21,431,15,416,8.492569002123142,4.033970276008493,4.45859872611465,91.50743099787687,3.1847133757961785,88.32271762208069
E00010633,444,44,26,18,400,15,385,9.90990990990991,5.8558558558558556,4.054054054054054,90.09009009009009,3.3783783783783785,86.71171171171171
E00010634,418,33,14,19,385,13,372,7.894736842105263,3.349282296650718,4.545454545454546,92.10526315789474,3.110047846889952,88.99521531100478
E00010635,509,61,29,32,448,15,433,11.984282907662083,5.697445972495088,6.286836935166994,88.01571709233792,2.9469548133595285,85.0687622789784
E00010636,424,51,23,28,373,17,356,12.028301886792454,5.4245283018867925,6.60377358490566,87.97169811320755,4.009433962264151,83.9622641509434
E00010637,439,34,18,16,405,8,397,7.744874715261959,4.100227790432802,3.644646924829157,92.25512528473804,1.8223234624145785,90.43280182232346
E00010638,399,39,15,24,360,11,349,9.774436090225564,3.7593984962406015,6.015037593984962,90.22556390977444,2.756892230576441,87.468671679198
E00010639,402,24,6,18,378,14,364,5.970149253731343,1.4925373134328357,4.477611940298507,94.02985074626866,3.482587064676617,90.54726368159204
E00010640,417,39,18,21,378,9,369,9.352517985611511,4.316546762589928,5.0359712230215825,90.64748201438849,2.158273381294964,88.48920863309353
E00010641,457,55,24,31,402,13,389,12.035010940919037,5.25164113785558,6.783369803063458,87.96498905908096,2.8446389496717726,85.12035010940919
E00010642,423,56,24,32,367,6,361,13.238770685579196,5.673758865248227,7.5650118203309695,86.7612293144208,1.4184397163120568,85.34278959810875
E00010643,442,56,27,29,386,6,380,12.669683257918551,6.108597285067873,6.561085972850679,87.33031674208145,1.3574660633484164,85.97285067873304
E00010644,437,61,24,37,376,14,362,13.958810068649885,5.491990846681922,8.466819221967963,86.04118993135012,3.203661327231121,82.83752860411899
E00010645,508,45,21,24,463,11,452,8.858267716535433,4.133858267716536,4.724409448818897,91.14173228346458,2.1653543307086616,88.9763779527559
E00010646,569,57,21,36,512,10,502,10.017574692442881,3.690685413005272,6.32688927943761,89.98242530755711,1.7574692442882252,88.22495606326889
E00010647,592,66,37,29,526,21,505,11.14864864864865,6.25,4.898648648648648,88.85135135135135,3.5472972972972974,85.30405405405406
E00010649,240,62,36,26,178,11,167,25.833333333333336,15,10.833333333333334,74.16666666666667,4.583333333333333,69.58333333333333
E00010650,282,55,29,26,227,9,218,19.50354609929078,10.28368794326241,9.219858156028367,80.49645390070921,3.1914893617021276,77.30496453900709
E00010651,570,58,34,24,512,23,489,10.175438596491228,5.964912280701754,4.2105263157894735,89.82456140350877,4.035087719298246,85.78947368421052
E00010652,507,46,20,26,461,18,443,9.072978303747535,3.9447731755424065,5.128205128205128,90.92702169625247,3.5502958579881656,87.3767258382643
E00010653,401,42,23,19,359,12,347,10.473815461346634,5.7356608478802995,4.738154613466334,89.52618453865337,2.9925187032418954,86.53366583541147
E00010654,439,67,32,35,372,18,354,15.261958997722095,7.289293849658314,7.972665148063782,84.73804100227791,4.100227790432802,80.6378132118451
E00010655,493,38,11,27,455,15,440,7.707910750507099,2.231237322515213,5.476673427991886,92.2920892494929,3.0425963488843815,89.24949290060852
E00010656,411,35,11,24,376,12,364,8.51581508515815,2.67639902676399,5.839416058394161,91.48418491484185,2.9197080291970803,88.56447688564477
E00010657,439,32,17,15,407,13,394,7.289293849658314,3.8724373576309796,3.416856492027335,92.71070615034168,2.9612756264236904,89.749430523918
E00010658,280,44,23,21,236,18,218,15.714285714285714,8.214285714285714,7.5,84.28571428571429,6.428571428571428,77.85714285714286
E00010660,606,47,16,31,559,25,534,7.755775577557755,2.6402640264026402,5.115511551155116,92.24422442244224,4.125412541254125,88.11881188118812
E00010661,328,56,16,40,272,10,262,17.073170731707318,4.878048780487805,12.195121951219512,82.92682926829268,3.048780487804878,79.8780487804878
E00010662,367,43,21,22,324,20,304,11.716621253405995,5.722070844686648,5.994550408719346,88.28337874659401,5.449591280653951,82.83378746594006
E00010663,394,63,26,37,331,21,310,15.989847715736042,6.598984771573605,9.390862944162437,84.01015228426397,5.32994923857868,78.68020304568529
E00010665,276,49,20,29,227,10,217,17.753623188405797,7.246376811594203,10.507246376811594,82.2463768115942,3.6231884057971016,78.62318840579711
E00010666,501,87,44,43,414,29,385,17.365269461077844,8.78243512974052,8.582834331337326,82.63473053892216,5.788423153692615,76.84630738522954
E00010668,343,30,15,15,313,13,300,8.746355685131196,4.373177842565598,4.373177842565598,91.25364431486881,3.7900874635568513,87.46355685131195
E00010670,265,21,5,16,244,7,237,7.9245283018867925,1.8867924528301887,6.037735849056604,92.0754716981132,2.6415094339622645,89.43396226415095
E00010671,451,54,23,31,397,18,379,11.973392461197339,5.099778270509978,6.873614190687362,88.02660753880266,3.9911308203991127,84.03547671840354
E00010673,265,57,32,25,208,12,196,21.50943396226415,12.075471698113208,9.433962264150944,78.49056603773586,4.528301886792453,73.9622641509434
E00010674,245,67,39,28,178,15,163,27.346938775510203,15.918367346938775,11.428571428571429,72.6530612244898,6.122448979591836,66.53061224489795
E00010675,456,73,32,41,383,7,376,16.00877192982456,7.017543859649122,8.991228070175438,83.99122807017544,1.5350877192982455,82.45614035087719
E00010677,539,69,31,38,470,18,452,12.80148423005566,5.75139146567718,7.050092764378478,87.19851576994434,3.339517625231911,83.85899814471243
E00010678,428,57,29,28,371,11,360,13.317757009345794,6.775700934579438,6.5420560747663545,86.6822429906542,2.570093457943925,84.11214953271028
E00010679,413,34,13,21,379,13,366,8.232445520581114,3.14769975786925,5.084745762711865,91.76755447941889,3.14769975786925,88.61985472154964
E00010681,479,66,24,42,413,24,389,13.778705636743215,5.010438413361169,8.768267223382047,86.22129436325679,5.010438413361169,81.21085594989562
E00010682,357,40,18,22,317,16,301,11.204481792717088,5.042016806722689,6.162464985994398,88.79551820728291,4.481792717086835,84.31372549019608
E00010683,384,39,18,21,345,19,326,10.15625,4.6875,5.46875,89.84375,4.947916666666666,84.89583333333334
E00010684,332,28,15,13,304,14,290,8.433734939759036,4.518072289156627,3.91566265060241,91.56626506024097,4.216867469879518,87.34939759036145
E00010685,327,47,17,30,280,21,259,14.37308868501529,5.198776758409786,9.174311926605505,85.62691131498471,6.422018348623854,79.20489296636084
E00010686,459,56,26,30,403,24,379,12.200435729847495,5.664488017429194,6.535947712418301,87.7995642701525,5.228758169934641,82.57080610021787
E00010687,359,63,40,23,296,19,277,17.548746518105848,11.142061281337048,6.406685236768802,82.45125348189416,5.2924791086350975,77.15877437325905
E00010688,344,31,17,14,313,11,302,9.011627906976743,4.941860465116279,4.069767441860465,90.98837209302324,3.1976744186046515,87.79069767441861
E00010689,383,33,14,19,350,18,332,8.616187989556137,3.6553524804177546,4.960835509138381,91.38381201044386,4.699738903394255,86.68407310704961
E00010690,345,29,16,13,316,14,302,8.405797101449275,4.63768115942029,3.768115942028986,91.59420289855072,4.057971014492753,87.53623188405797
E00010691,479,45,14,31,434,27,407,9.394572025052192,2.9227557411273484,6.471816283924843,90.6054279749478,5.6367432150313155,84.96868475991648
E00010692,385,32,14,18,353,16,337,8.311688311688311,3.6363636363636362,4.675324675324675,91.68831168831169,4.1558441558441555,87.53246753246754
E00010693,315,22,1,21,293,22,271,6.984126984126984,0.31746031746031744,6.666666666666667,93.01587301587301,6.984126984126984,86.03174603174604
E00010694,261,21,7,14,240,16,224,8.045977011494253,2.681992337164751,5.363984674329502,91.95402298850574,6.130268199233716,85.82375478927203
E00010695,431,44,19,25,387,13,374,10.208816705336426,4.408352668213457,5.800464037122969,89.79118329466357,3.0162412993039442,86.77494199535964
E00010696,559,49,25,24,510,15,495,8.765652951699463,4.47227191413238,4.293381037567084,91.23434704830053,2.6833631484794274,88.5509838998211
E00010697,315,29,5,24,286,26,260,9.206349206349207,1.5873015873015872,7.6190476190476195,90.7936507936508,8.253968253968253,82.53968253968253
E00010698,396,50,12,38,346,21,325,12.626262626262626,3.0303030303030303,9.595959595959595,87.37373737373737,5.303030303030303,82.07070707070707
E00010699,406,45,14,31,361,11,350,11.083743842364532,3.4482758620689653,7.635467980295567,88.91625615763546,2.70935960591133,86.20689655172413
E00010700,399,46,9,37,353,24,329,11.528822055137844,2.2556390977443606,9.273182957393484,88.47117794486216,6.015037593984962,82.45614035087719
E00010701,413,63,19,44,350,15,335,15.254237288135593,4.600484261501211,10.653753026634384,84.7457627118644,3.631961259079903,81.1138014527845
E00010702,316,36,10,26,280,22,258,11.39240506329114,3.1645569620253164,8.227848101265822,88.60759493670885,6.962025316455696,81.64556962025317
E00010703,422,40,7,33,382,26,356,9.47867298578199,1.6587677725118484,7.819905213270142,90.52132701421802,6.161137440758294,84.36018957345972
E00010704,395,44,23,21,351,14,337,11.139240506329113,5.822784810126582,5.3164556962025316,88.86075949367088,3.5443037974683547,85.31645569620252
E00010705,841,37,13,24,804,34,770,4.399524375743162,1.5457788347205708,2.853745541022592,95.60047562425684,4.0428061831153395,91.5576694411415
E00010706,308,46,16,30,262,17,245,14.935064935064934,5.194805194805195,9.740259740259742,85.06493506493507,5.51948051948052,79.54545454545455
E00010707,252,21,5,16,231,16,215,8.333333333333332,1.984126984126984,6.349206349206349,91.66666666666666,6.349206349206349,85.31746031746032
E00010708,168,32,11,21,136,13,123,19.047619047619047,6.547619047619048,12.5,80.95238095238095,7.738095238095238,73.21428571428571
E00010709,260,48,28,20,212,8,204,18.461538461538463,10.76923076923077,7.6923076923076925,81.53846153846153,3.076923076923077,78.46153846153847
E00010710,261,54,19,35,207,11,196,20.689655172413794,7.2796934865900385,13.409961685823754,79.3103448275862,4.21455938697318,75.09578544061303
E00010711,318,81,45,36,237,19,218,25.471698113207548,14.150943396226415,11.320754716981133,74.52830188679245,5.9748427672955975,68.55345911949685
E00010712,425,32,10,22,393,18,375,7.529411764705881,2.3529411764705883,5.176470588235294,92.47058823529412,4.235294117647059,88.23529411764706
E00010713,233,20,6,14,213,13,200,8.583690987124463,2.575107296137339,6.008583690987124,91.41630901287554,5.579399141630901,85.83690987124464
E00010714,294,29,9,20,265,13,252,9.863945578231291,3.061224489795918,6.802721088435375,90.1360544217687,4.421768707482993,85.71428571428571
E00010715,353,57,25,32,296,17,279,16.147308781869686,7.0821529745042495,9.06515580736544,83.85269121813032,4.815864022662889,79.03682719546742
E00010716,278,32,10,22,246,21,225,11.510791366906476,3.5971223021582732,7.913669064748201,88.48920863309353,7.553956834532374,80.93525179856115
E00010717,486,63,44,19,423,20,403,12.962962962962962,9.053497942386832,3.909465020576132,87.03703703703704,4.11522633744856,82.92181069958848
E00010718,379,43,16,27,336,24,312,11.345646437994723,4.221635883905013,7.12401055408971,88.65435356200527,6.33245382585752,82.32189973614776
E00010719,424,54,22,32,370,24,346,12.735849056603774,5.188679245283019,7.547169811320755,87.26415094339622,5.660377358490567,81.60377358490565
E00010720,465,51,21,30,414,19,395,10.967741935483872,4.516129032258064,6.451612903225806,89.03225806451613,4.086021505376344,84.94623655913979
E00010721,258,48,24,24,210,14,196,18.6046511627907,9.30232558139535,9.30232558139535,81.3953488372093,5.426356589147287,75.96899224806202
E00010722,469,74,28,46,395,11,384,15.778251599147122,5.970149253731343,9.808102345415778,84.22174840085287,2.345415778251599,81.87633262260128
E00010723,336,43,24,19,293,11,282,12.797619047619047,7.142857142857142,5.654761904761905,87.20238095238095,3.273809523809524,83.92857142857143
E00010724,153,16,2,14,137,10,127,10.457516339869281,1.3071895424836601,9.15032679738562,89.54248366013073,6.535947712418301,83.00653594771242
E00010725,181,22,7,15,159,20,139,12.154696132596685,3.867403314917127,8.287292817679557,87.84530386740332,11.049723756906078,76.79558011049724
E00010726,342,39,8,31,303,23,280,11.403508771929824,2.3391812865497075,9.064327485380117,88.59649122807018,6.725146198830409,81.87134502923976
E00010727,407,58,26,32,349,31,318,14.250614250614252,6.388206388206388,7.862407862407863,85.74938574938575,7.616707616707617,78.13267813267814
E00010728,361,34,13,21,327,11,316,9.418282548476455,3.6011080332409975,5.8171745152354575,90.58171745152355,3.0470914127423825,87.53462603878116
E00010729,362,93,45,48,269,12,257,25.69060773480663,12.430939226519337,13.259668508287293,74.30939226519338,3.314917127071823,70.99447513812154
E00010730,388,43,14,29,345,31,314,11.082474226804123,3.608247422680412,7.474226804123711,88.91752577319588,7.989690721649484,80.9278350515464
E00010731,302,52,25,27,250,16,234,17.218543046357617,8.27814569536424,8.940397350993377,82.78145695364239,5.298013245033113,77.48344370860927
E00010732,356,43,23,20,313,19,294,12.07865168539326,6.460674157303371,5.617977528089887,87.92134831460675,5.337078651685393,82.58426966292134
E00010733,333,43,14,29,290,19,271,12.912912912912914,4.2042042042042045,8.708708708708707,87.08708708708708,5.7057057057057055,81.38138138138137
E00010734,417,70,29,41,347,16,331,16.786570743405278,6.954436450839328,9.832134292565947,83.21342925659472,3.8369304556354913,79.37649880095923
E00010735,406,87,45,42,319,14,305,21.428571428571427,11.083743842364532,10.344827586206897,78.57142857142857,3.4482758620689653,75.1231527093596
E00010736,427,56,25,31,371,21,350,13.114754098360656,5.85480093676815,7.259953161592506,86.88524590163934,4.918032786885246,81.9672131147541
E00010737,293,69,33,36,224,14,210,23.549488054607508,11.262798634812286,12.286689419795222,76.45051194539249,4.778156996587031,71.67235494880546
E00010738,329,53,21,32,276,15,261,16.109422492401215,6.382978723404255,9.72644376899696,83.89057750759878,4.5592705167173255,79.33130699088146
E00010739,391,56,28,28,335,16,319,14.322250639386189,7.161125319693094,7.161125319693094,85.6777493606138,4.092071611253197,81.58567774936061
E00010740,392,51,22,29,341,22,319,13.010204081632654,5.612244897959184,7.3979591836734695,86.98979591836735,5.612244897959184,81.37755102040816
E00010741,427,59,22,37,368,19,349,13.817330210772832,5.152224824355972,8.665105386416862,86.18266978922716,4.449648711943794,81.73302107728337
E00010742,393,54,31,23,339,19,320,13.740458015267176,7.888040712468193,5.852417302798982,86.25954198473282,4.8346055979643765,81.42493638676844
E00010743,134,14,2,12,120,5,115,10.44776119402985,1.4925373134328357,8.955223880597014,89.55223880597015,3.731343283582089,85.82089552238806
E00010744,372,66,26,40,306,21,285,17.741935483870968,6.989247311827956,10.75268817204301,82.25806451612904,5.64516129032258,76.61290322580645
E00010745,428,85,58,27,343,20,323,19.859813084112147,13.551401869158877,6.308411214953271,80.14018691588785,4.672897196261682,75.46728971962617
E00010746,380,44,18,26,336,22,314,11.578947368421053,4.736842105263158,6.842105263157896,88.42105263157895,5.7894736842105265,82.63157894736842
E00010747,279,53,28,25,226,12,214,18.996415770609318,10.03584229390681,8.960573476702509,81.00358422939068,4.301075268817205,76.70250896057348
E00010748,380,51,29,22,329,17,312,13.421052631578947,7.631578947368421,5.7894736842105265,86.57894736842105,4.473684210526316,82.10526315789474
E00010749,405,52,21,31,353,19,334,12.839506172839506,5.185185185185185,7.654320987654321,87.1604938271605,4.691358024691358,82.46913580246914
E00010750,430,126,92,34,304,25,279,29.30232558139535,21.3953488372093,7.906976744186046,70.69767441860465,5.813953488372093,64.88372093023256
E00010751,346,52,23,29,294,16,278,15.028901734104046,6.6473988439306355,8.38150289017341,84.97109826589595,4.624277456647398,80.34682080924856
E00010752,244,40,22,18,204,12,192,16.39344262295082,9.01639344262295,7.377049180327869,83.60655737704919,4.918032786885246,78.68852459016394
E00010753,381,47,18,29,334,16,318,12.335958005249344,4.724409448818897,7.611548556430446,87.66404199475065,4.199475065616798,83.46456692913385
E00010754,437,78,27,51,359,30,329,17.84897025171625,6.178489702517163,11.670480549199084,82.15102974828376,6.864988558352403,75.28604118993135
E00010755,361,58,28,30,303,18,285,16.06648199445983,7.756232686980609,8.310249307479225,83.93351800554017,4.986149584487535,78.94736842105263
E00010756,288,29,14,15,259,17,242,10.069444444444445,4.861111111111112,5.208333333333334,89.93055555555556,5.902777777777778,84.02777777777779
E00010757,366,70,37,33,296,12,284,19.12568306010929,10.10928961748634,9.01639344262295,80.87431693989072,3.278688524590164,77.59562841530054
E00010758,301,53,22,31,248,10,238,17.60797342192691,7.308970099667775,10.299003322259136,82.39202657807309,3.322259136212625,79.06976744186046
E00010759,365,52,27,25,313,22,291,14.246575342465754,7.397260273972603,6.8493150684931505,85.75342465753425,6.027397260273973,79.72602739726027
E00010760,289,47,14,33,242,19,223,16.26297577854671,4.844290657439446,11.418685121107266,83.73702422145328,6.5743944636678195,77.16262975778547
E00010761,327,43,17,26,284,15,269,13.149847094801222,5.198776758409786,7.951070336391437,86.85015290519877,4.587155963302752,82.26299694189603
E00010762,412,68,43,25,344,14,330,16.50485436893204,10.436893203883495,6.067961165048544,83.49514563106796,3.3980582524271843,80.09708737864078
E00010763,356,30,11,19,326,20,306,8.426966292134832,3.089887640449438,5.337078651685393,91.57303370786516,5.617977528089887,85.95505617977528
E00010764,360,49,27,22,311,25,286,13.61111111111111,7.5,6.111111111111111,86.38888888888889,6.944444444444445,79.44444444444444
E00010765,255,33,17,16,222,13,209,12.941176470588237,6.666666666666667,6.2745098039215685,87.05882352941177,5.098039215686274,81.96078431372548
E00010766,519,35,12,23,484,11,473,6.74373795761079,2.312138728323699,4.431599229287091,93.25626204238921,2.119460500963391,91.13680154142581
E00010767,257,58,22,36,199,15,184,22.56809338521401,8.560311284046692,14.007782101167315,77.431906614786,5.836575875486381,71.59533073929961
E00010768,433,71,34,37,362,19,343,16.397228637413395,7.852193995381063,8.545034642032332,83.60277136258661,4.387990762124711,79.21478060046189
E00010769,408,43,13,30,365,19,346,10.53921568627451,3.1862745098039214,7.352941176470589,89.4607843137255,4.6568627450980395,84.80392156862744
E00010770,352,43,17,26,309,17,292,12.215909090909092,4.829545454545454,7.386363636363637,87.7840909090909,4.829545454545454,82.95454545454545
E00010771,319,35,12,23,284,14,270,10.9717868338558,3.761755485893417,7.210031347962382,89.0282131661442,4.38871473354232,84.63949843260188
E00010772,460,34,18,16,426,16,410,7.391304347826087,3.91304347826087,3.4782608695652173,92.6086956521739,3.4782608695652173,89.13043478260869
E00010773,378,125,71,54,253,17,236,33.06878306878307,18.78306878306878,14.285714285714285,66.93121693121694,4.497354497354497,62.43386243386243
E00010774,343,35,17,18,308,32,276,10.204081632653061,4.956268221574344,5.247813411078718,89.79591836734694,9.329446064139942,80.466472303207
E00010775,372,85,58,27,287,11,276,22.849462365591396,15.591397849462366,7.258064516129033,77.15053763440861,2.956989247311828,74.19354838709677
E00010776,364,41,14,27,323,16,307,11.263736263736265,3.8461538461538463,7.417582417582418,88.73626373626374,4.395604395604396,84.34065934065934
E00010777,364,41,19,22,323,34,289,11.263736263736265,5.21978021978022,6.043956043956044,88.73626373626374,9.340659340659341,79.3956043956044
E00010778,358,39,14,25,319,36,283,10.893854748603351,3.910614525139665,6.983240223463687,89.10614525139665,10.05586592178771,79.05027932960894
E00010779,314,32,16,16,282,28,254,10.191082802547772,5.095541401273886,5.095541401273886,89.80891719745223,8.9171974522293,80.89171974522293
E00010780,412,27,10,17,385,23,362,6.553398058252427,2.4271844660194173,4.12621359223301,93.44660194174757,5.582524271844661,87.86407766990291
E00010781,349,30,11,19,319,25,294,8.595988538681947,3.151862464183381,5.444126074498568,91.40401146131805,7.163323782234957,84.2406876790831
E00010782,322,53,16,37,269,12,257,16.459627329192546,4.968944099378882,11.490683229813664,83.54037267080744,3.7267080745341614,79.8136645962733
E00010783,355,33,15,18,322,19,303,9.295774647887324,4.225352112676056,5.070422535211268,90.70422535211267,5.352112676056338,85.35211267605634
E00010784,331,31,10,21,300,26,274,9.365558912386707,3.0211480362537766,6.3444108761329305,90.6344410876133,7.854984894259818,82.77945619335347
E00010785,557,56,24,32,501,10,491,10.053859964093357,4.308797127468582,5.745062836624776,89.94614003590664,1.7953321364452424,88.1508078994614
E00010786,307,31,7,24,276,17,259,10.097719869706841,2.2801302931596092,7.81758957654723,89.90228013029315,5.537459283387622,84.36482084690554
E00010787,356,55,25,30,301,11,290,15.44943820224719,7.02247191011236,8.426966292134832,84.5505617977528,3.089887640449438,81.46067415730337
E00010788,305,37,12,25,268,18,250,12.131147540983607,3.934426229508197,8.19672131147541,87.8688524590164,5.901639344262295,81.9672131147541
E00010789,322,46,16,30,276,28,248,14.285714285714285,4.968944099378882,9.316770186335404,85.71428571428571,8.695652173913043,77.01863354037268
E00010790,332,30,9,21,302,23,279,9.036144578313253,2.710843373493976,6.325301204819277,90.96385542168674,6.927710843373494,84.03614457831326
E00010791,399,45,17,28,354,17,337,11.278195488721805,4.260651629072681,7.017543859649122,88.7218045112782,4.260651629072681,84.46115288220551
E00010792,254,29,7,22,225,11,214,11.41732283464567,2.7559055118110236,8.661417322834646,88.58267716535433,4.330708661417323,84.25196850393701
E00010793,411,45,16,29,366,22,344,10.948905109489052,3.8929440389294405,7.0559610705596105,89.05109489051095,5.35279805352798,83.69829683698296
E00010794,426,36,12,24,390,56,334,8.450704225352112,2.8169014084507045,5.633802816901409,91.54929577464789,13.145539906103288,78.40375586854461
E00010795,373,46,15,31,327,25,302,12.332439678284182,4.021447721179625,8.310991957104557,87.66756032171583,6.702412868632708,80.9651474530831
E00010796,341,33,15,18,308,15,293,9.67741935483871,4.398826979472141,5.278592375366569,90.32258064516128,4.398826979472141,85.92375366568915
E00010797,363,42,19,23,321,24,297,11.570247933884298,5.234159779614325,6.336088154269973,88.42975206611571,6.6115702479338845,81.81818181818183
E00010798,329,24,8,16,305,30,275,7.29483282674772,2.43161094224924,4.86322188449848,92.70516717325228,9.118541033434651,83.58662613981764
E00010799,378,36,10,26,342,17,325,9.523809523809524,2.6455026455026456,6.878306878306878,90.47619047619048,4.497354497354497,85.97883597883597
E00010800,327,43,11,32,284,27,257,13.149847094801222,3.3639143730886847,9.785932721712538,86.85015290519877,8.256880733944955,78.59327217125383
E00010801,484,52,20,32,432,22,410,10.743801652892563,4.132231404958678,6.6115702479338845,89.25619834710744,4.545454545454546,84.71074380165288
E00010802,417,48,27,21,369,27,342,11.510791366906476,6.474820143884892,5.0359712230215825,88.48920863309353,6.474820143884892,82.01438848920863
E00010803,432,34,14,20,398,27,371,7.87037037037037,3.2407407407407405,4.62962962962963,92.12962962962963,6.25,85.87962962962963
E00010804,437,39,21,18,398,29,369,8.924485125858125,4.805491990846682,4.118993135011442,91.07551487414187,6.636155606407322,84.43935926773455
E00010805,371,43,11,32,328,17,311,11.590296495956872,2.964959568733154,8.62533692722372,88.40970350404312,4.5822102425876015,83.82749326145552
E00010806,287,27,11,16,260,8,252,9.40766550522648,3.8327526132404177,5.574912891986063,90.59233449477352,2.7874564459930316,87.8048780487805
E00010807,365,32,16,16,333,26,307,8.767123287671232,4.383561643835616,4.383561643835616,91.23287671232877,7.123287671232877,84.10958904109589
E00010808,427,49,19,30,378,16,362,11.475409836065573,4.449648711943794,7.02576112412178,88.52459016393442,3.747072599531616,84.77751756440281
E00010809,306,55,36,19,251,23,228,17.973856209150327,11.76470588235294,6.209150326797386,82.02614379084967,7.516339869281046,74.50980392156863
E00010810,359,35,13,22,324,23,301,9.749303621169917,3.6211699164345403,6.128133704735376,90.25069637883009,6.406685236768802,83.84401114206128
E00010811,356,49,19,30,307,12,295,13.764044943820226,5.337078651685393,8.426966292134832,86.23595505617978,3.3707865168539324,82.86516853932584
E00010812,375,45,17,28,330,23,307,12,4.533333333333333,7.466666666666668,88,6.133333333333333,81.86666666666666
E00010813,274,25,12,13,249,16,233,9.124087591240876,4.37956204379562,4.744525547445255,90.87591240875912,5.839416058394161,85.03649635036497
E00010814,506,55,21,34,451,27,424,10.869565217391305,4.150197628458498,6.719367588932807,89.13043478260869,5.33596837944664,83.79446640316206
E00010815,395,46,22,24,349,15,334,11.645569620253164,5.5696202531645564,6.075949367088607,88.35443037974684,3.79746835443038,84.55696202531645
E00010817,345,51,22,29,294,14,280,14.782608695652174,6.3768115942028984,8.405797101449275,85.21739130434783,4.057971014492753,81.15942028985508
E00010818,388,54,26,28,334,11,323,13.917525773195877,6.701030927835052,7.216494845360824,86.08247422680412,2.8350515463917527,83.24742268041237
E00010819,408,39,17,22,369,9,360,9.558823529411764,4.166666666666666,5.392156862745098,90.44117647058823,2.2058823529411766,88.23529411764706
E00010820,356,30,18,12,326,15,311,8.426966292134832,5.056179775280898,3.3707865168539324,91.57303370786516,4.213483146067416,87.35955056179775
E00010821,408,45,21,24,363,20,343,11.029411764705882,5.147058823529411,5.88235294117647,88.97058823529412,4.901960784313726,84.06862745098039
E00010822,394,60,22,38,334,36,298,15.228426395939088,5.583756345177665,9.644670050761421,84.77157360406092,9.137055837563452,75.63451776649747
E00010823,369,33,14,19,336,16,320,8.94308943089431,3.7940379403794036,5.149051490514905,91.05691056910568,4.336043360433604,86.72086720867209
E00010824,419,46,14,32,373,22,351,10.978520286396181,3.341288782816229,7.637231503579953,89.02147971360382,5.250596658711217,83.7708830548926
E00010825,421,40,13,27,381,26,355,9.501187648456057,3.0878859857482186,6.413301662707839,90.49881235154395,6.175771971496437,84.32304038004752
E00010826,480,64,36,28,416,16,400,13.333333333333334,7.5,5.833333333333333,86.66666666666667,3.3333333333333335,83.33333333333334
E00010827,413,52,27,25,361,24,337,12.590799031477,6.5375302663438255,6.053268765133172,87.40920096852301,5.811138014527845,81.59806295399515
E00010828,418,55,27,28,363,22,341,13.157894736842104,6.4593301435406705,6.698564593301436,86.8421052631579,5.263157894736842,81.57894736842105
E00010829,411,47,21,26,364,15,349,11.435523114355231,5.109489051094891,6.326034063260341,88.56447688564477,3.64963503649635,84.91484184914842
E00010830,344,35,16,19,309,17,292,10.174418604651162,4.651162790697675,5.523255813953488,89.82558139534885,4.941860465116279,84.88372093023256
E00010831,356,39,10,29,317,20,297,10.955056179775282,2.8089887640449436,8.146067415730338,89.04494382022472,5.617977528089887,83.42696629213484
E00010832,363,41,22,19,322,13,309,11.294765840220386,6.0606060606060606,5.234159779614325,88.70523415977961,3.581267217630854,85.12396694214877
E00010833,432,40,16,24,392,20,372,9.25925925925926,3.7037037037037033,5.555555555555555,90.74074074074075,4.62962962962963,86.11111111111111
E00010834,403,52,22,30,351,20,331,12.903225806451612,5.459057071960298,7.444168734491314,87.09677419354838,4.962779156327544,82.13399503722084
E00010835,352,54,23,31,298,22,276,15.340909090909092,6.534090909090909,8.806818181818182,84.6590909090909,6.25,78.4090909090909
E00010836,398,30,9,21,368,19,349,7.537688442211055,2.261306532663317,5.276381909547738,92.46231155778895,4.773869346733668,87.68844221105527
E00010837,433,32,8,24,401,29,372,7.390300230946882,1.8475750577367205,5.542725173210162,92.60969976905312,6.697459584295612,85.91224018475751
E00010838,459,52,27,25,407,19,388,11.328976034858387,5.88235294117647,5.446623093681917,88.67102396514161,4.139433551198257,84.53159041394336
E00010839,362,49,16,33,313,25,288,13.535911602209943,4.41988950276243,9.116022099447514,86.46408839779005,6.906077348066299,79.55801104972376
E00010840,491,51,17,34,440,20,420,10.386965376782078,3.462321792260693,6.924643584521386,89.61303462321793,4.0733197556008145,85.539714867617107
E00010842,418,54,25,29,364,17,347,12.918660287081341,5.980861244019139,6.937799043062201,87.08133971291866,4.0669856459330145,83.01435406698565
E00010843,391,63,23,40,328,23,305,16.11253196930946,5.88235294117647,10.230179028132993,83.88746803069054,5.88235294117647,78.00511508951406
E00010844,349,58,25,33,291,15,276,16.6189111747851,7.163323782234957,9.455587392550143,83.3810888252149,4.297994269340974,79.08309455587393
E00010845,430,35,14,21,395,23,372,8.13953488372093,3.255813953488372,4.883720930232558,91.86046511627907,5.348837209302325,86.51162790697674
E00010846,367,45,16,29,322,19,303,12.26158038147139,4.35967302452316,7.901907356948229,87.73841961852861,5.177111716621254,82.56130790190736
E00010847,383,42,14,28,341,22,319,10.966057441253264,3.6553524804177546,7.310704960835509,89.03394255874673,5.7441253263707575,83.28981723237598
E00010848,396,47,17,30,349,19,330,11.868686868686869,4.292929292929292,7.575757575757576,88.13131313131312,4.797979797979798,83.33333333333334
E00010849,424,47,16,31,377,8,369,11.084905660377359,3.7735849056603774,7.311320754716981,88.91509433962264,1.8867924528301887,87.02830188679245
E00010850,547,49,28,21,498,14,484,8.957952468007313,5.118829981718465,3.8391224862888484,91.0420475319927,2.5594149908592323,88.48263254113346
E00010851,421,35,19,16,386,7,379,8.31353919239905,4.513064133016627,3.800475059382423,91.68646080760095,1.66270783847981,90.02375296912113
E00010852,505,50,23,27,455,12,443,9.900990099009901,4.554455445544554,5.346534653465347,90.0990099009901,2.376237623762376,87.72277227722772
E00010853,407,31,10,21,376,7,369,7.616707616707617,2.457002457002457,5.159705159705159,92.38329238329239,1.71990171990172,90.66339066339066
E00010854,411,46,16,30,365,16,349,11.19221411192214,3.8929440389294405,7.2992700729927,88.80778588807786,3.8929440389294405,84.91484184914842
E00010855,431,53,26,27,378,15,363,12.296983758700696,6.0324825986078885,6.2645011600928076,87.70301624129931,3.480278422273782,84.22273781902551
E00010856,299,46,25,21,253,11,242,15.384615384615385,8.361204013377927,7.023411371237458,84.61538461538461,3.678929765886288,80.93645484949833
E00010857,406,50,27,23,356,13,343,12.31527093596059,6.65024630541872,5.665024630541872,87.68472906403942,3.201970443349754,84.48275862068965
E00010858,376,47,28,19,329,10,319,12.5,7.446808510638298,5.053191489361701,87.5,2.6595744680851063,84.8404255319149
E00010859,476,50,14,36,426,14,412,10.504201680672269,2.941176470588235,7.563025210084033,89.49579831932773,2.941176470588235,86.5546218487395
E00010860,517,54,24,30,463,9,454,10.444874274661508,4.642166344294004,5.802707930367505,89.55512572533848,1.7408123791102514,87.81431334622823
E00010861,481,44,18,26,437,23,414,9.147609147609149,3.7422037422037424,5.405405405405405,90.85239085239085,4.781704781704782,86.07068607068608
E00010862,409,56,29,27,353,11,342,13.691931540342297,7.090464547677261,6.601466992665037,86.3080684596577,2.689486552567237,83.61858190709046
E00010863,462,49,16,33,413,19,394,10.606060606060606,3.463203463203463,7.142857142857142,89.39393939393939,4.112554112554113,85.28138528138528
E00010864,501,53,21,32,448,26,422,10.578842315369261,4.191616766467066,6.387225548902195,89.42115768463074,5.189620758483033,84.23153692614771
E00010865,315,64,34,30,251,9,242,20.317460317460316,10.793650793650794,9.523809523809524,79.68253968253968,2.857142857142857,76.82539682539684
E00010866,442,57,30,27,385,11,374,12.895927601809957,6.787330316742081,6.108597285067873,87.10407239819004,2.48868778280543,84.61538461538461
E00010867,324,54,21,33,270,10,260,16.666666666666664,6.481481481481481,10.185185185185185,83.33333333333334,3.0864197530864197,80.24691358024691
E00010868,406,48,11,37,358,15,343,11.822660098522167,2.70935960591133,9.113300492610838,88.17733990147784,3.6945812807881775,84.48275862068965
E00010869,532,50,20,30,482,11,471,9.398496240601503,3.7593984962406015,5.639097744360902,90.6015037593985,2.0676691729323307,88.53383458646617
E00010870,413,44,18,26,369,14,355,10.653753026634384,4.358353510895883,6.2953995157385,89.34624697336562,3.389830508474576,85.95641646489103
E00010871,410,43,17,26,367,8,359,10.487804878048781,4.146341463414634,6.341463414634147,89.51219512195122,1.951219512195122,87.5609756097561
E00010872,332,48,18,30,284,13,271,14.457831325301203,5.421686746987952,9.036144578313253,85.54216867469879,3.91566265060241,81.62650602409639
E00010873,294,41,21,20,253,7,246,13.945578231292515,7.142857142857142,6.802721088435375,86.05442176870748,2.380952380952381,83.6734693877551
E00010874,428,52,27,25,376,15,361,12.149532710280374,6.308411214953271,5.841121495327103,87.85046728971963,3.5046728971962615,84.34579439252336
E00010875,361,50,15,35,311,17,294,13.850415512465375,4.1551246537396125,9.695290858725762,86.14958448753463,4.7091412742382275,81.4404432132964
E00010876,327,31,9,22,296,21,275,9.480122324159021,2.7522935779816518,6.727828746177369,90.51987767584097,6.422018348623854,84.09785932721712
E00010877,377,52,21,31,325,18,307,13.793103448275861,5.570291777188329,8.222811671087534,86.20689655172413,4.774535809018567,81.43236074270557
E00010878,404,38,23,15,366,11,355,9.405940594059405,5.693069306930694,3.7128712871287126,90.5940594059406,2.722772277227723,87.87128712871286
E00010879,501,54,24,30,447,18,429,10.778443113772456,4.790419161676647,5.9880239520958085,89.22155688622755,3.592814371257485,85.62874251497006
E00010880,457,45,20,25,412,19,393,9.846827133479213,4.3763676148796495,5.470459518599562,90.15317286652079,4.157549234135667,85.99562363238512
E00010881,514,76,41,35,438,21,417,14.785992217898833,7.976653696498054,6.809338521400778,85.21400778210116,4.085603112840467,81.1284046692607
E00010882,463,35,12,23,428,22,406,7.559395248380129,2.591792656587473,4.967602591792657,92.44060475161987,4.751619870410368,87.6889848812095
E00010883,418,62,34,28,356,18,338,14.832535885167463,8.133971291866029,6.698564593301436,85.16746411483254,4.30622009569378,80.86124401913875
E00010884,370,36,14,22,334,11,323,9.72972972972973,3.783783783783784,5.9459459459459465,90.27027027027027,2.9729729729729732,87.29729729729729
E00010885,343,36,21,15,307,18,289,10.495626822157435,6.122448979591836,4.373177842565598,89.50437317784257,5.247813411078718,84.25655976676384
E00010886,461,39,15,24,422,14,408,8.459869848156181,3.2537960954446854,5.206073752711497,91.54013015184381,3.036876355748373,88.50325379609545
E00010887,398,41,20,21,357,10,347,10.301507537688442,5.025125628140704,5.276381909547738,89.69849246231156,2.512562814070352,87.1859296482412
E00010888,300,24,9,15,276,10,266,8,3,5,92,3.3333333333333335,88.66666666666667
E00010889,437,58,25,33,379,23,356,13.272311212814644,5.720823798627003,7.551487414187644,86.72768878718536,5.263157894736842,81.46453089244852
E00010890,374,41,16,25,333,14,319,10.962566844919785,4.27807486631016,6.684491978609626,89.03743315508021,3.7433155080213902,85.29411764705883
E00010891,416,50,27,23,366,16,350,12.01923076923077,6.490384615384616,5.528846153846153,87.98076923076923,3.8461538461538463,84.13461538461539
E00010892,427,29,13,16,398,11,387,6.791569086651054,3.0444964871194378,3.747072599531616,93.20843091334895,2.576112412177986,90.63231850117096
E00010893,455,61,33,28,394,11,383,13.406593406593407,7.252747252747254,6.153846153846154,86.5934065934066,2.417582417582418,84.17582417582418
E00010894,386,50,19,31,336,23,313,12.953367875647666,4.922279792746114,8.031088082901555,87.04663212435233,5.958549222797927,81.0880829015544
E00010895,390,40,13,27,350,15,335,10.256410256410255,3.3333333333333335,6.923076923076923,89.74358974358975,3.8461538461538463,85.8974358974359
E00010896,467,42,17,25,425,18,407,8.993576017130621,3.640256959314775,5.353319057815846,91.00642398286938,3.854389721627409,87.15203426124198
E00010897,531,64,30,34,467,27,440,12.052730696798493,5.649717514124294,6.4030131826742,87.94726930320151,5.084745762711865,82.86252354048965
E00010898,425,56,29,27,369,17,352,13.176470588235295,6.8235294117647065,6.352941176470588,86.82352941176471,4,82.82352941176471
E00010899,464,46,18,28,418,8,410,9.913793103448276,3.8793103448275863,6.0344827586206895,90.08620689655173,1.7241379310344827,88.36206896551724
E00010900,359,58,24,34,301,18,283,16.15598885793872,6.685236768802229,9.47075208913649,83.84401114206128,5.013927576601671,78.8300835654596
E00010901,486,69,36,33,417,21,396,14.19753086419753,7.4074074074074066,6.790123456790123,85.80246913580247,4.320987654320987,81.48148148148148
E00010902,393,50,17,33,343,15,328,12.72264631043257,4.325699745547073,8.396946564885496,87.27735368956743,3.816793893129771,83.46055979643766
E00010903,321,31,17,14,290,12,278,9.657320872274143,5.29595015576324,4.361370716510903,90.34267912772586,3.7383177570093453,86.6043613707165
E00010907,429,53,19,34,376,28,348,12.354312354312354,4.428904428904429,7.925407925407925,87.64568764568764,6.526806526806526,81.11888111888112
E00010908,292,68,34,34,224,7,217,23.28767123287671,11.643835616438356,11.643835616438356,76.71232876712328,2.3972602739726026,74.31506849315068
E00010909,571,85,40,45,486,23,463,14.886164623467602,7.005253940455342,7.880910683012258,85.11383537653239,4.028021015761821,81.08581436077058
E00010912,466,49,22,27,417,18,399,10.515021459227468,4.721030042918455,5.793991416309012,89.48497854077253,3.862660944206009,85.62231759656652
E00010913,378,48,19,29,330,20,310,12.698412698412698,5.026455026455026,7.671957671957672,87.3015873015873,5.291005291005291,82.01058201058201
E00010914,392,38,9,29,354,23,331,9.693877551020408,2.295918367346939,7.3979591836734695,90.3061224489796,5.86734693877551,84.43877551020408
E00010915,406,50,28,22,356,21,335,12.31527093596059,6.896551724137931,5.41871921182266,87.68472906403942,5.172413793103448,82.51231527093597
E00010916,358,69,47,22,289,21,268,19.273743016759777,13.128491620111731,6.145251396648044,80.72625698324022,5.865921787709497,74.86033519553072
E00010917,447,57,23,34,390,30,360,12.751677852348994,5.1454138702460845,7.606263982102908,87.24832214765101,6.7114093959731544,80.53691275167785
E00010918,421,35,17,18,386,13,373,8.31353919239905,4.038004750593824,4.275534441805226,91.68646080760095,3.0878859857482186,88.59857482185272
E00010919,404,54,25,29,350,14,336,13.366336633663368,6.188118811881188,7.1782178217821775,86.63366336633663,3.4653465346534658,83.16831683168317
E00010920,463,53,25,28,410,15,395,11.447084233261338,5.399568034557236,6.047516198704104,88.55291576673866,3.2397408207343417,85.31317494600432
E00010921,303,23,9,14,280,19,261,7.590759075907591,2.9702970297029703,4.62046204620462,92.4092409240924,6.270627062706271,86.13861386138613
E00010922,276,54,23,31,222,10,212,19.565217391304348,8.333333333333332,11.231884057971014,80.43478260869566,3.6231884057971016,76.81159420289855
E00010923,433,59,29,30,374,25,349,13.625866050808314,6.697459584295612,6.928406466512701,86.37413394919169,5.773672055427252,80.60046189376443
E00010925,524,81,47,34,443,24,419,15.458015267175574,8.969465648854962,6.488549618320611,84.54198473282443,4.580152671755725,79.9618320610687
E00010926,502,71,30,41,431,21,410,14.143426294820719,5.9760956175298805,8.167330677290837,85.85657370517929,4.183266932270916,81.67330677290838
E00010927,400,49,17,32,351,7,344,12.25,4.25,8,87.75,1.7500000000000002,86
E00010928,461,54,17,37,407,13,394,11.713665943600867,3.68763557483731,8.026030368763557,88.28633405639913,2.8199566160520604,85.46637744034707
E00010930,403,73,47,26,330,11,319,18.11414392059553,11.662531017369728,6.451612903225806,81.88585607940446,2.729528535980149,79.15632754342433
E00010931,345,35,12,23,310,21,289,10.144927536231885,3.4782608695652173,6.666666666666667,89.85507246376811,6.086956521739131,83.76811594202898
E00010932,336,51,13,38,285,22,263,15.178571428571427,3.869047619047619,11.30952380952381,84.82142857142857,6.547619047619048,78.27380952380952
E00010933,390,30,8,22,360,35,325,7.6923076923076925,2.051282051282051,5.641025641025641,92.3076923076923,8.974358974358974,83.33333333333334
E00010934,358,27,8,19,331,14,317,7.5418994413407825,2.2346368715083798,5.307262569832402,92.45810055865921,3.910614525139665,88.54748603351955
E00010935,258,32,13,19,226,16,210,12.4031007751938,5.038759689922481,7.3643410852713185,87.59689922480621,6.2015503875969,81.3953488372093
E00010936,334,37,12,25,297,30,267,11.077844311377245,3.592814371257485,7.48502994011976,88.92215568862275,8.982035928143713,79.94011976047905
E00010937,295,33,17,16,262,16,246,11.186440677966102,5.762711864406779,5.423728813559322,88.8135593220339,5.423728813559322,83.38983050847457
E00010938,348,67,31,36,281,24,257,19.25287356321839,8.908045977011495,10.344827586206897,80.74712643678161,6.896551724137931,73.85057471264368
E00010939,288,35,11,24,253,33,220,12.152777777777777,3.8194444444444446,8.333333333333332,87.84722222222221,11.458333333333332,76.38888888888889
E00010940,328,55,35,20,273,17,256,16.76829268292683,10.670731707317072,6.097560975609756,83.23170731707317,5.182926829268292,78.04878048780488
E00010941,272,44,21,23,228,21,207,16.176470588235293,7.720588235294118,8.455882352941178,83.82352941176471,7.720588235294118,76.10294117647058
E00010942,325,37,15,22,288,21,267,11.384615384615385,4.615384615384616,6.769230769230769,88.61538461538461,6.461538461538462,82.15384615384616
E00010943,515,59,20,39,456,23,433,11.45631067961165,3.8834951456310676,7.572815533980583,88.54368932038835,4.466019417475728,84.07766990291262
E00010944,290,38,12,26,252,21,231,13.10344827586207,4.137931034482759,8.96551724137931,86.89655172413792,7.241379310344828,79.65517241379311
E00010945,353,35,16,19,318,23,295,9.91501416430595,4.53257790368272,5.382436260623229,90.08498583569406,6.515580736543909,83.56940509915015
E00010946,355,40,16,24,315,26,289,11.267605633802818,4.507042253521127,6.760563380281689,88.73239436619718,7.323943661971831,81.40845070422536
E00010947,335,34,15,19,301,29,272,10.149253731343283,4.477611940298507,5.6716417910447765,89.8507462686567,8.656716417910449,81.19402985074626
E00010948,332,31,14,17,301,24,277,9.33734939759036,4.216867469879518,5.120481927710843,90.66265060240963,7.228915662650602,83.43373493975903
E00010949,330,29,11,18,301,10,291,8.787878787878787,3.3333333333333335,5.454545454545454,91.21212121212122,3.0303030303030303,88.18181818181819
E00010950,337,36,15,21,301,25,276,10.682492581602373,4.451038575667656,6.231454005934718,89.31750741839762,7.418397626112759,81.89910979228486
E00010951,233,25,7,18,208,17,191,10.72961373390558,3.004291845493562,7.725321888412018,89.27038626609442,7.296137339055794,81.97424892703863
E00010952,310,49,24,25,261,13,248,15.806451612903224,7.741935483870968,8.064516129032258,84.19354838709677,4.193548387096775,80
E00010953,355,52,22,30,303,18,285,14.647887323943662,6.197183098591549,8.450704225352112,85.35211267605634,5.070422535211268,80.28169014084507
E00010954,395,66,24,42,329,25,304,16.70886075949367,6.075949367088607,10.632911392405063,83.29113924050633,6.329113924050633,76.9620253164557
E00010955,445,58,27,31,387,21,366,13.03370786516854,6.067415730337078,6.96629213483146,86.96629213483146,4.719101123595506,82.24719101123596
E00010956,335,88,54,34,247,13,234,26.268656716417908,16.119402985074625,10.149253731343283,73.73134328358208,3.880597014925373,69.85074626865672
E00010957,392,45,21,24,347,34,313,11.479591836734695,5.357142857142857,6.122448979591836,88.5204081632653,8.673469387755102,79.8469387755102
E00010958,338,55,26,29,283,15,268,16.272189349112427,7.6923076923076925,8.579881656804734,83.72781065088756,4.437869822485207,79.28994082840237
E00010959,302,30,12,18,272,28,244,9.933774834437086,3.9735099337748347,5.960264900662252,90.06622516556291,9.271523178807946,80.79470198675497
E00010960,270,51,24,27,219,12,207,18.88888888888889,8.88888888888889,10,81.11111111111111,4.444444444444445,76.66666666666667
E00010961,408,56,20,36,352,19,333,13.725490196078432,4.901960784313726,8.823529411764707,86.27450980392157,4.6568627450980395,81.61764705882352
E00010962,324,48,22,26,276,17,259,14.814814814814813,6.790123456790123,8.024691358024691,85.18518518518519,5.246913580246913,79.93827160493827
E00010963,391,30,9,21,361,30,331,7.672634271099745,2.3017902813299234,5.3708439897698215,92.32736572890026,7.672634271099745,84.65473145780051
E00010964,422,33,10,23,389,12,377,7.819905213270142,2.3696682464454977,5.450236966824645,92.18009478672985,2.843601895734597,89.33649289099526
E00010965,377,38,13,25,339,21,318,10.079575596816976,3.4482758620689653,6.631299734748011,89.92042440318302,5.570291777188329,84.3501326259947
E00010966,332,33,9,24,299,20,279,9.939759036144578,2.710843373493976,7.228915662650602,90.06024096385542,6.024096385542169,84.03614457831326
E00010967,482,56,16,40,426,20,406,11.618257261410788,3.319502074688797,8.29875518672199,88.38174273858921,4.149377593360995,84.23236514522821
E00010968,349,35,6,29,314,21,293,10.028653295128938,1.7191977077363898,8.30945558739255,89.97134670487105,6.017191977077363,83.95415472779369
E00010969,354,46,22,24,308,13,295,12.994350282485875,6.214689265536723,6.779661016949152,87.00564971751412,3.672316384180791,83.33333333333334
E00010970,364,51,18,33,313,35,278,14.010989010989011,4.945054945054945,9.065934065934066,85.98901098901099,9.615384615384617,76.37362637362637
E00010971,355,40,16,24,315,30,285,11.267605633802818,4.507042253521127,6.760563380281689,88.73239436619718,8.450704225352112,80.28169014084507
E00010972,358,41,15,26,317,21,296,11.452513966480447,4.189944134078212,7.262569832402235,88.54748603351955,5.865921787709497,82.68156424581005
E00010973,251,55,29,26,196,15,181,21.91235059760956,11.553784860557768,10.358565737051793,78.08764940239044,5.9760956175298805,72.11155378486056
E00010974,418,42,15,27,376,41,335,10.047846889952153,3.588516746411483,6.4593301435406705,89.95215311004785,9.808612440191387,80.14354066985646
E00010975,385,45,22,23,340,29,311,11.688311688311687,5.714285714285714,5.974025974025974,88.31168831168831,7.532467532467532,80.77922077922078
E00010976,379,36,10,26,343,37,306,9.498680738786279,2.638522427440633,6.860158311345646,90.50131926121372,9.762532981530343,80.73878627968337
E00010977,429,40,18,22,389,25,364,9.324009324009324,4.195804195804196,5.128205128205128,90.67599067599068,5.827505827505827,84.84848484848484
E00010978,363,57,23,34,306,10,296,15.702479338842975,6.336088154269973,9.366391184573002,84.29752066115702,2.7548209366391188,81.5426997245179
E00010979,403,58,24,34,345,27,318,14.392059553349876,5.955334987593052,8.436724565756824,85.60794044665012,6.699751861042183,78.90818858560795
E00010980,394,36,10,26,358,32,326,9.137055837563452,2.5380710659898478,6.598984771573605,90.86294416243655,8.121827411167512,82.74111675126903
E00010981,434,55,17,38,379,24,355,12.672811059907835,3.9170506912442393,8.755760368663594,87.32718894009217,5.529953917050691,81.79723502304147
E00010982,310,38,17,21,272,24,248,12.258064516129032,5.483870967741936,6.774193548387098,87.74193548387098,7.741935483870968,80
E00010983,258,33,9,24,225,27,198,12.790697674418606,3.488372093023256,9.30232558139535,87.20930232558139,10.465116279069768,76.74418604651163
E00010984,371,46,20,26,325,21,304,12.398921832884097,5.3908355795148255,7.008086253369273,87.6010781671159,5.660377358490567,81.94070080862534
E00010985,341,35,21,14,306,18,288,10.263929618768328,6.158357771260997,4.105571847507331,89.73607038123167,5.278592375366569,84.4574780058651
E00010986,312,34,10,24,278,16,262,10.897435897435898,3.205128205128205,7.6923076923076925,89.1025641025641,5.128205128205128,83.97435897435898
E00010987,376,42,15,27,334,15,319,11.170212765957446,3.9893617021276597,7.180851063829788,88.82978723404256,3.9893617021276597,84.8404255319149
E00010988,421,49,20,29,372,33,339,11.63895486935867,4.750593824228028,6.88836104513064,88.36104513064133,7.8384798099762465,80.52256532066508
E00010989,383,39,12,27,344,20,324,10.182767624020887,3.1331592689295036,7.049608355091384,89.81723237597912,5.221932114882506,84.59530026109661
E00010990,345,57,28,29,288,19,269,16.52173913043478,8.115942028985506,8.405797101449275,83.47826086956522,5.507246376811594,77.97101449275362
E00010991,331,30,4,26,301,31,270,9.06344410876133,1.2084592145015105,7.854984894259818,90.93655589123867,9.365558912386707,81.57099697885197
E00010992,385,34,11,23,351,19,332,8.831168831168831,2.857142857142857,5.974025974025974,91.16883116883116,4.935064935064935,86.23376623376623
E00010993,401,45,21,24,356,15,341,11.221945137157107,5.236907730673317,5.985037406483791,88.7780548628429,3.7406483790523692,85.03740648379052
E00010994,431,46,17,29,385,15,370,10.672853828306264,3.944315545243619,6.728538283062645,89.32714617169374,3.480278422273782,85.84686774941996
E00010996,528,68,32,36,460,16,444,12.878787878787879,6.0606060606060606,6.8181818181818175,87.12121212121212,3.0303030303030303,84.0909090909091
E00010997,413,33,8,25,380,13,367,7.990314769975787,1.937046004842615,6.053268765133172,92.00968523002422,3.14769975786925,88.86198547215496
E00010998,381,54,27,27,327,12,315,14.173228346456693,7.086614173228346,7.086614173228346,85.8267716535433,3.149606299212598,82.67716535433071
E00010999,390,45,20,25,345,17,328,11.538461538461538,5.128205128205128,6.41025641025641,88.46153846153845,4.358974358974359,84.1025641025641
E00011000,367,33,12,21,334,22,312,8.991825613079019,3.2697547683923704,5.722070844686648,91.00817438692098,5.994550408719346,85.01362397820164
E00011001,483,43,16,27,440,15,425,8.902691511387163,3.3126293995859215,5.590062111801243,91.09730848861284,3.1055900621118013,87.99171842650104
E00011002,394,31,14,17,363,15,348,7.868020304568528,3.5532994923857872,4.314720812182741,92.13197969543148,3.807106598984772,88.3248730964467
E00011003,508,52,19,33,456,12,444,10.236220472440944,3.740157480314961,6.496062992125983,89.76377952755905,2.3622047244094486,87.4015748031496
E00011004,549,49,26,23,500,13,487,8.925318761384334,4.735883424408015,4.189435336976321,91.07468123861567,2.3679417122040074,88.70673952641167
E00011005,415,40,12,28,375,18,357,9.63855421686747,2.891566265060241,6.746987951807229,90.36144578313254,4.337349397590361,86.02409638554217
E00011006,468,44,21,23,424,15,409,9.401709401709402,4.487179487179487,4.914529914529915,90.5982905982906,3.205128205128205,87.3931623931624
E00011007,511,38,9,29,473,10,463,7.436399217221135,1.761252446183953,5.6751467710371815,92.56360078277886,1.9569471624266144,90.60665362035225
E00011008,510,79,41,38,431,18,413,15.490196078431373,8.03921568627451,7.450980392156863,84.50980392156863,3.5294117647058822,80.98039215686275
E00011009,480,47,19,28,433,20,413,9.791666666666666,3.958333333333333,5.833333333333333,90.20833333333333,4.166666666666666,86.04166666666667
E00011010,425,32,19,13,393,14,379,7.529411764705881,4.470588235294118,3.058823529411765,92.47058823529412,3.294117647058824,89.17647058823529
E00011011,427,42,16,26,385,15,370,9.836065573770492,3.747072599531616,6.0889929742388755,90.1639344262295,3.51288056206089,86.65105386416862
E00011012,447,42,12,30,405,11,394,9.395973154362416,2.684563758389262,6.7114093959731544,90.60402684563759,2.460850111856823,88.14317673378076
E00011013,475,36,18,18,439,15,424,7.578947368421053,3.7894736842105265,3.7894736842105265,92.42105263157895,3.1578947368421053,89.26315789473685
E00011014,490,38,18,20,452,6,446,7.755102040816326,3.6734693877551026,4.081632653061225,92.24489795918367,1.2244897959183674,91.02040816326532
E00011015,364,39,25,14,325,12,313,10.714285714285714,6.868131868131869,3.8461538461538463,89.28571428571429,3.296703296703297,85.98901098901099
E00011016,536,51,25,26,485,16,469,9.514925373134329,4.664179104477612,4.850746268656716,90.48507462686567,2.9850746268656714,87.5
E00011017,561,66,22,44,495,26,469,11.76470588235294,3.9215686274509802,7.8431372549019605,88.23529411764706,4.634581105169341,83.60071301247773
E00011018,353,32,11,21,321,13,308,9.06515580736544,3.1161473087818696,5.94900849858357,90.93484419263456,3.6827195467422094,87.25212464589235
E00011019,541,48,26,22,493,8,485,8.872458410351202,4.805914972273567,4.066543438077634,91.1275415896488,1.478743068391867,89.64879852125694
E00011020,343,49,19,30,294,20,274,14.285714285714285,5.539358600583091,8.746355685131196,85.71428571428571,5.830903790087463,79.88338192419825
E00011021,315,39,13,26,276,26,250,12.380952380952381,4.1269841269841265,8.253968253968253,87.61904761904762,8.253968253968253,79.36507936507937
E00011022,401,62,27,35,339,14,325,15.46134663341646,6.733167082294264,8.728179551122196,84.53865336658353,3.4912718204488775,81.04738154613467
E00011023,385,39,16,23,346,24,322,10.129870129870131,4.1558441558441555,5.974025974025974,89.87012987012987,6.233766233766234,83.63636363636363
E00011025,341,47,23,24,294,13,281,13.78299120234604,6.744868035190615,7.038123167155426,86.21700879765396,3.812316715542522,82.40469208211144
E00011026,430,54,21,33,376,26,350,12.558139534883722,4.883720930232558,7.674418604651163,87.44186046511628,6.046511627906977,81.3953488372093
E00011027,377,44,21,23,333,18,315,11.671087533156498,5.570291777188329,6.10079575596817,88.3289124668435,4.774535809018567,83.55437665782493
E00011028,364,43,12,31,321,19,302,11.813186813186812,3.296703296703297,8.516483516483516,88.18681318681318,5.21978021978022,82.96703296703298
E00011029,296,32,16,16,264,15,249,10.81081081081081,5.405405405405405,5.405405405405405,89.1891891891892,5.0675675675675675,84.12162162162163
E00011030,393,51,17,34,342,22,320,12.977099236641221,4.325699745547073,8.651399491094146,87.02290076335878,5.597964376590331,81.42493638676844
E00011031,330,34,15,19,296,8,288,10.303030303030303,4.545454545454546,5.757575757575758,89.6969696969697,2.4242424242424243,87.27272727272727
E00011032,401,39,9,30,362,17,345,9.72568578553616,2.2443890274314215,7.4812967581047385,90.27431421446383,4.239401496259352,86.0349127182045
E00011033,409,37,15,22,372,13,359,9.04645476772616,3.6674816625916873,5.378973105134474,90.95354523227384,3.1784841075794623,87.77506112469437
E00011034,356,33,11,22,323,9,314,9.269662921348315,3.089887640449438,6.179775280898876,90.73033707865169,2.528089887640449,88.20224719101124
E00011035,323,34,15,19,289,12,277,10.526315789473683,4.643962848297214,5.88235294117647,89.47368421052632,3.7151702786377707,85.75851393188854
E00011036,392,38,14,24,354,15,339,9.693877551020408,3.571428571428571,6.122448979591836,90.3061224489796,3.826530612244898,86.4795918367347
E00011038,465,42,10,32,423,15,408,9.032258064516128,2.1505376344086025,6.881720430107527,90.96774193548387,3.225806451612903,87.74193548387098
E00011039,351,52,16,36,299,14,285,14.814814814814813,4.5584045584045585,10.256410256410255,85.18518518518519,3.9886039886039883,81.19658119658119
E00011040,463,31,10,21,432,12,420,6.695464362850973,2.159827213822894,4.535637149028078,93.30453563714903,2.591792656587473,90.71274298056156
E00011041,379,49,18,31,330,17,313,12.928759894459102,4.749340369393139,8.179419525065963,87.0712401055409,4.485488126649076,82.58575197889182
E00011042,380,43,14,29,337,23,314,11.31578947368421,3.684210526315789,7.631578947368421,88.68421052631578,6.052631578947368,82.63157894736842
E00011043,441,43,17,26,398,11,387,9.750566893424036,3.8548752834467117,5.895691609977324,90.24943310657596,2.494331065759637,87.75510204081633
E00011044,358,57,16,41,301,15,286,15.921787709497206,4.4692737430167595,11.452513966480447,84.07821229050279,4.189944134078212,79.88826815642457
E00011045,438,54,23,31,384,25,359,12.32876712328767,5.251141552511415,7.077625570776255,87.67123287671232,5.707762557077626,81.9634703196347
E00011046,589,65,18,47,524,25,499,11.03565365025467,3.0560271646859083,7.979626485568761,88.96434634974533,4.244482173174872,84.71986417657045
E00011047,389,46,14,32,343,14,329,11.825192802056556,3.5989717223650386,8.226221079691516,88.17480719794345,3.5989717223650386,84.57583547557842
E00011048,362,42,17,25,320,20,300,11.602209944751381,4.696132596685083,6.906077348066299,88.39779005524862,5.524861878453039,82.87292817679558
E00011049,303,56,24,32,247,17,230,18.48184818481848,7.920792079207921,10.561056105610561,81.51815181518151,5.6105610561056105,75.9075907590759
E00011050,418,37,11,26,381,18,363,8.851674641148326,2.631578947368421,6.220095693779904,91.14832535885168,4.30622009569378,86.8421052631579
E00011052,605,80,36,44,525,14,511,13.223140495867769,5.950413223140496,7.2727272727272725,86.77685950413223,2.3140495867768593,84.46280991735537
E00011053,370,32,12,20,338,17,321,8.64864864864865,3.2432432432432434,5.405405405405405,91.35135135135135,4.594594594594595,86.75675675675676
E00011055,432,46,23,23,386,17,369,10.648148148148149,5.324074074074074,5.324074074074074,89.35185185185185,3.935185185185185,85.41666666666666
E00011056,504,61,25,36,443,22,421,12.103174603174603,4.9603174603174605,7.142857142857142,87.89682539682539,4.365079365079365,83.53174603174604
E00011057,283,50,18,32,233,12,221,17.6678445229682,6.36042402826855,11.307420494699647,82.3321554770318,4.240282685512367,78.09187279151944
E00011058,289,58,33,25,231,10,221,20.069204152249135,11.418685121107266,8.650519031141869,79.93079584775087,3.4602076124567476,76.47058823529412
E00011059,443,67,31,36,376,22,354,15.124153498871332,6.997742663656885,8.126410835214447,84.87584650112868,4.966139954853273,79.90970654627539
E00011060,450,46,19,27,404,8,396,10.222222222222223,4.222222222222222,6,89.77777777777777,1.7777777777777777,88
E00011061,487,44,13,31,443,16,427,9.034907597535934,2.6694045174537986,6.365503080082135,90.96509240246407,3.285420944558522,87.67967145790554
E00011063,389,37,16,21,352,12,340,9.511568123393316,4.113110539845758,5.3984575835475574,90.48843187660668,3.0848329048843186,87.40359897172236
E00011064,459,54,23,31,405,12,393,11.76470588235294,5.010893246187364,6.753812636165578,88.23529411764706,2.6143790849673203,85.62091503267973
E00011065,366,25,12,13,341,9,332,6.830601092896176,3.278688524590164,3.551912568306011,93.16939890710383,2.459016393442623,90.7103825136612
E00011066,350,50,20,30,300,10,290,14.285714285714285,5.714285714285714,8.571428571428571,85.71428571428571,2.857142857142857,82.85714285714286
E00011067,400,48,16,32,352,16,336,12,4,8,88,4,84
E00011068,384,50,29,21,334,20,314,13.020833333333334,7.552083333333333,5.46875,86.97916666666666,5.208333333333334,81.77083333333334
E00011069,470,51,17,34,419,14,405,10.851063829787234,3.6170212765957444,7.234042553191489,89.14893617021276,2.9787234042553195,86.17021276595744
E00011070,276,70,42,28,206,12,194,25.36231884057971,15.217391304347828,10.144927536231885,74.63768115942028,4.3478260869565215,70.28985507246377
E00011071,409,43,21,22,366,8,358,10.513447432762836,5.134474327628362,5.378973105134474,89.48655256723717,1.9559902200488997,87.53056234718827
E00011072,327,68,35,33,259,7,252,20.795107033639145,10.703363914373089,10.091743119266056,79.20489296636084,2.1406727828746175,77.06422018348624
E00011073,400,48,14,34,352,17,335,12,3.5000000000000004,8.5,88,4.25,83.75
E00011074,382,60,34,26,322,15,307,15.706806282722512,8.900523560209423,6.806282722513089,84.29319371727748,3.926701570680628,80.36649214659685
E00011075,364,36,20,16,328,9,319,9.89010989010989,5.4945054945054945,4.395604395604396,90.10989010989012,2.4725274725274726,87.63736263736264
E00011076,236,48,33,15,188,9,179,20.33898305084746,13.983050847457626,6.3559322033898304,79.66101694915254,3.8135593220338984,75.84745762711864
E00011077,479,50,18,32,429,15,414,10.438413361169102,3.7578288100208765,6.6805845511482245,89.56158663883089,3.1315240083507305,86.43006263048017
E00011078,415,73,42,31,342,18,324,17.59036144578313,10.120481927710843,7.46987951807229,82.40963855421687,4.337349397590361,78.07228915662651
E00011079,426,59,29,30,367,16,351,13.849765258215962,6.807511737089202,7.042253521126761,86.15023474178403,3.755868544600939,82.3943661971831
E00011081,600,95,56,39,505,27,478,15.833333333333332,9.333333333333334,6.5,84.16666666666667,4.5,79.66666666666666
E00011082,367,31,11,20,336,12,324,8.446866485013624,2.997275204359673,5.449591280653951,91.55313351498637,3.2697547683923704,88.28337874659401
E00011083,380,48,26,22,332,16,316,12.631578947368421,6.842105263157896,5.7894736842105265,87.36842105263159,4.2105263157894735,83.15789473684211
E00011084,446,42,22,20,404,14,390,9.417040358744394,4.932735426008969,4.484304932735426,90.5829596412556,3.1390134529147984,87.4439461883408
E00011085,410,44,24,20,366,22,344,10.731707317073171,5.853658536585367,4.878048780487805,89.26829268292683,5.365853658536586,83.90243902439025
E00011086,438,52,23,29,386,21,365,11.87214611872146,5.251141552511415,6.621004566210045,88.12785388127854,4.794520547945205,83.33333333333334
E00011087,398,35,13,22,363,23,340,8.793969849246231,3.2663316582914574,5.527638190954774,91.20603015075378,5.778894472361809,85.42713567839196
E00011088,317,40,15,25,277,6,271,12.618296529968454,4.73186119873817,7.886435331230284,87.38170347003155,1.8927444794952681,85.48895899053628
E00011089,375,40,18,22,335,16,319,10.666666666666668,4.8,5.866666666666666,89.33333333333333,4.266666666666667,85.06666666666666
E00011090,366,54,20,34,312,16,296,14.754098360655737,5.46448087431694,9.289617486338798,85.24590163934425,4.371584699453552,80.87431693989072
E00011091,297,28,12,16,269,10,259,9.427609427609427,4.040404040404041,5.387205387205387,90.57239057239057,3.3670033670033668,87.20538720538721
E00011092,388,42,12,30,346,22,324,10.824742268041238,3.0927835051546393,7.731958762886598,89.17525773195877,5.670103092783505,83.50515463917526
E00011093,442,51,28,23,391,19,372,11.538461538461538,6.334841628959276,5.203619909502263,88.46153846153845,4.298642533936651,84.16289592760181
E00011094,363,47,19,28,316,13,303,12.947658402203857,5.234159779614325,7.7134986225895315,87.05234159779614,3.581267217630854,83.47107438016529
E00011095,358,37,7,30,321,17,304,10.335195530726256,1.9553072625698324,8.379888268156424,89.66480446927375,4.748603351955307,84.91620111731844
E00011096,405,40,22,18,365,17,348,9.876543209876543,5.432098765432099,4.444444444444445,90.12345679012346,4.197530864197531,85.92592592592592
E00011097,390,32,13,19,358,28,330,8.205128205128204,3.3333333333333335,4.871794871794872,91.7948717948718,7.179487179487179,84.61538461538461
E00011098,429,52,22,30,377,19,358,12.121212121212121,5.128205128205128,6.993006993006993,87.87878787878788,4.428904428904429,83.44988344988346
E00011099,385,54,21,33,331,19,312,14.025974025974024,5.454545454545454,8.571428571428571,85.97402597402596,4.935064935064935,81.03896103896105
E00011100,390,31,13,18,359,17,342,7.948717948717948,3.3333333333333335,4.615384615384616,92.05128205128204,4.358974358974359,87.6923076923077
E00011101,391,38,14,24,353,8,345,9.718670076726342,3.580562659846547,6.138107416879795,90.28132992327366,2.0460358056265986,88.23529411764706
E00011102,324,54,29,25,270,9,261,16.666666666666664,8.950617283950617,7.716049382716049,83.33333333333334,2.7777777777777777,80.55555555555556
E00011103,525,47,22,25,478,11,467,8.952380952380953,4.190476190476191,4.761904761904762,91.04761904761904,2.0952380952380953,88.95238095238095
E00011104,387,80,33,47,307,13,294,20.671834625322997,8.527131782945736,12.144702842377262,79.32816537467701,3.359173126614987,75.96899224806202
E00011105,358,31,11,20,327,9,318,8.659217877094973,3.072625698324022,5.58659217877095,91.34078212290503,2.5139664804469275,88.8268156424581
E00011106,407,58,24,34,349,16,333,14.250614250614252,5.896805896805897,8.353808353808354,85.74938574938575,3.9312039312039313,81.81818181818183
E00011107,374,42,21,21,332,13,319,11.229946524064172,5.614973262032086,5.614973262032086,88.77005347593582,3.4759358288770055,85.29411764705883
E00011108,381,46,20,26,335,8,327,12.073490813648293,5.2493438320209975,6.824146981627297,87.92650918635171,2.099737532808399,85.8267716535433
E00011109,428,63,37,26,365,14,351,14.719626168224298,8.644859813084112,6.074766355140187,85.2803738317757,3.2710280373831773,82.00934579439252
E00011110,362,55,25,30,307,16,291,15.193370165745856,6.906077348066299,8.287292817679557,84.80662983425414,4.41988950276243,80.38674033149171
E00011111,425,42,19,23,383,13,370,9.88235294117647,4.470588235294118,5.411764705882352,90.11764705882352,3.058823529411765,87.05882352941177
E00011112,337,51,19,32,286,9,277,15.133531157270031,5.637982195845697,9.495548961424333,84.86646884272997,2.6706231454005933,82.19584569732937
E00011113,415,79,50,29,336,17,319,19.03614457831325,12.048192771084338,6.987951807228916,80.96385542168674,4.096385542168675,76.86746987951807
E00011114,338,26,10,16,312,21,291,7.6923076923076925,2.9585798816568047,4.733727810650888,92.3076923076923,6.21301775147929,86.09467455621301
E00011115,401,46,21,25,355,19,336,11.471321695760599,5.236907730673317,6.234413965087282,88.5286783042394,4.738154613466334,83.79052369077307
E00011116,318,59,28,31,259,19,240,18.553459119496853,8.80503144654088,9.748427672955975,81.44654088050315,5.9748427672955975,75.47169811320755
E00011117,335,45,18,27,290,12,278,13.432835820895523,5.3731343283582085,8.059701492537313,86.56716417910447,3.582089552238806,82.98507462686567
E00011118,315,57,29,28,258,14,244,18.095238095238095,9.206349206349207,8.88888888888889,81.9047619047619,4.444444444444445,77.46031746031747
E00011119,337,49,19,30,288,14,274,14.540059347181009,5.637982195845697,8.902077151335313,85.45994065281899,4.154302670623145,81.30563798219585
E00011121,301,52,31,21,249,19,230,17.275747508305646,10.299003322259136,6.976744186046512,82.72425249169434,6.312292358803987,76.41196013289037
E00011122,207,29,17,12,178,19,159,14.009661835748794,8.212560386473431,5.797101449275362,85.99033816425121,9.178743961352657,76.81159420289855
E00011123,395,79,39,40,316,25,291,20,9.873417721518987,10.126582278481013,80,6.329113924050633,73.67088607594937
E00011124,298,36,12,24,262,14,248,12.080536912751679,4.026845637583892,8.053691275167784,87.91946308724832,4.697986577181208,83.22147651006712
E00011125,402,37,12,25,365,23,342,9.203980099502488,2.9850746268656714,6.218905472636816,90.79601990049751,5.721393034825871,85.07462686567165
E00011126,598,143,103,40,455,25,430,23.91304347826087,17.224080267558527,6.688963210702341,76.08695652173914,4.1806020066889635,71.90635451505017
E00011127,395,53,27,26,342,15,327,13.41772151898734,6.8354430379746836,6.582278481012659,86.58227848101265,3.79746835443038,82.78481012658227
E00011128,256,39,13,26,217,18,199,15.234375,5.078125,10.15625,84.765625,7.03125,77.734375
E00011129,303,48,19,29,255,20,235,15.841584158415841,6.270627062706271,9.570957095709572,84.15841584158416,6.6006600660066,77.55775577557755
E00011130,392,33,14,19,359,16,343,8.418367346938775,3.571428571428571,4.846938775510204,91.58163265306123,4.081632653061225,87.5
E00011131,337,46,22,24,291,25,266,13.649851632047477,6.528189910979229,7.121661721068249,86.35014836795251,7.418397626112759,78.93175074183976
E00011132,278,34,9,25,244,35,209,12.23021582733813,3.237410071942446,8.992805755395683,87.76978417266187,12.589928057553957,75.17985611510791
E00011133,377,55,24,31,322,17,305,14.588859416445624,6.36604774535809,8.222811671087534,85.41114058355438,4.509283819628647,80.90185676392572
E00011134,369,65,26,39,304,12,292,17.615176151761517,7.046070460704606,10.569105691056912,82.38482384823848,3.2520325203252036,79.13279132791328
E00011136,259,36,23,13,223,15,208,13.8996138996139,8.880308880308881,5.019305019305019,86.10038610038609,5.7915057915057915,80.3088803088803
E00011137,439,74,41,33,365,18,347,16.856492027334852,9.339407744874716,7.517084282460136,83.14350797266515,4.100227790432802,79.04328018223235
E00011139,335,58,17,41,277,18,259,17.313432835820898,5.074626865671641,12.238805970149254,82.68656716417911,5.3731343283582085,77.31343283582089
E00011140,326,60,29,31,266,10,256,18.404907975460123,8.895705521472392,9.509202453987731,81.59509202453987,3.067484662576687,78.52760736196319
E00011141,347,39,19,20,308,22,286,11.239193083573488,5.475504322766571,5.763688760806916,88.76080691642652,6.340057636887608,82.42074927953891
E00011142,329,46,30,16,283,9,274,13.98176291793313,9.118541033434651,4.86322188449848,86.01823708206688,2.735562310030395,83.28267477203647
E00011144,449,69,30,39,380,21,359,15.367483296213807,6.6815144766147,8.68596881959911,84.63251670378618,4.67706013363029,79.9554565701559
E00011145,418,40,18,22,378,12,366,9.569377990430622,4.30622009569378,5.263157894736842,90.43062200956938,2.8708133971291865,87.5598086124402
E00011146,334,64,42,22,270,14,256,19.16167664670659,12.574850299401197,6.58682634730539,80.83832335329342,4.191616766467066,76.64670658682635
E00011147,397,34,17,17,363,11,352,8.564231738035264,4.282115869017632,4.282115869017632,91.43576826196474,2.770780856423174,88.66498740554157
E00011148,430,48,28,20,382,20,362,11.162790697674419,6.511627906976744,4.651162790697675,88.83720930232558,4.651162790697675,84.18604651162791
E00011149,422,47,17,30,375,18,357,11.137440758293838,4.028436018957346,7.109004739336493,88.86255924170617,4.265402843601896,84.59715639810426
E00011150,520,83,23,60,437,25,412,15.96153846153846,4.423076923076923,11.538461538461538,84.03846153846153,4.807692307692308,79.23076923076923
E00011151,367,53,24,29,314,12,302,14.441416893732969,6.539509536784741,7.901907356948229,85.55858310626702,3.2697547683923704,82.28882833787466
E00011152,441,80,43,37,361,10,351,18.140589569160998,9.750566893424036,8.390022675736962,81.85941043083899,2.2675736961451247,79.59183673469387
E00011153,444,49,21,28,395,15,380,11.036036036036036,4.72972972972973,6.306306306306306,88.96396396396396,3.3783783783783785,85.58558558558559
E00011154,418,53,27,26,365,21,344,12.679425837320574,6.4593301435406705,6.220095693779904,87.32057416267942,5.023923444976076,82.29665071770334
E00011155,466,39,19,20,427,19,408,8.369098712446352,4.07725321888412,4.291845493562231,91.63090128755364,4.07725321888412,87.55364806866953
E00011156,414,111,65,46,303,11,292,26.811594202898554,15.70048309178744,11.11111111111111,73.18840579710145,2.657004830917874,70.53140096618358
E00011157,367,57,32,25,310,11,299,15.531335149863759,8.71934604904632,6.811989100817439,84.46866485013625,2.997275204359673,81.47138964577657
E00011158,405,36,21,15,369,24,345,8.88888888888889,5.185185185185185,3.7037037037037033,91.11111111111111,5.9259259259259265,85.18518518518519
E00011159,504,67,29,38,437,21,416,13.293650793650794,5.753968253968254,7.5396825396825395,86.70634920634922,4.166666666666666,82.53968253968253
E00011161,451,38,18,20,413,13,400,8.425720620842572,3.9911308203991127,4.434589800443459,91.57427937915743,2.882483370288248,88.69179600886919
E00011163,476,55,29,26,421,12,409,11.554621848739496,6.092436974789916,5.46218487394958,88.4453781512605,2.5210084033613445,85.92436974789915
E00011164,374,38,17,21,336,17,319,10.16042780748663,4.545454545454546,5.614973262032086,89.83957219251337,4.545454545454546,85.29411764705883
E00011165,605,68,26,42,537,12,525,11.239669421487603,4.297520661157025,6.9421487603305785,88.7603305785124,1.9834710743801653,86.77685950413223
E00011166,276,44,17,27,232,9,223,15.942028985507244,6.159420289855073,9.782608695652174,84.05797101449275,3.260869565217391,80.79710144927536
E00011167,435,71,39,32,364,8,356,16.32183908045977,8.96551724137931,7.35632183908046,83.67816091954023,1.839080459770115,81.83908045977012
E00011168,422,53,19,34,369,13,356,12.559241706161137,4.502369668246446,8.056872037914692,87.44075829383885,3.080568720379147,84.36018957345972
E00011169,511,72,35,37,439,15,424,14.090019569471623,6.8493150684931505,7.240704500978473,85.90998043052838,2.935420743639922,82.97455968688845
E00011170,406,50,26,24,356,20,336,12.31527093596059,6.403940886699508,5.911330049261084,87.68472906403942,4.926108374384237,82.75862068965517
E00011171,410,86,37,49,324,11,313,20.975609756097562,9.024390243902438,11.951219512195122,79.02439024390245,2.682926829268293,76.34146341463415
E00011172,354,31,18,13,323,18,305,8.757062146892656,5.084745762711865,3.672316384180791,91.24293785310734,5.084745762711865,86.15819209039547
E00011174,322,47,16,31,275,12,263,14.596273291925465,4.968944099378882,9.627329192546584,85.40372670807453,3.7267080745341614,81.67701863354037
E00011175,391,31,9,22,360,15,345,7.928388746803069,2.3017902813299234,5.626598465473146,92.07161125319693,3.8363171355498724,88.23529411764706
E00011176,380,56,28,28,324,14,310,14.736842105263156,7.368421052631578,7.368421052631578,85.26315789473684,3.684210526315789,81.57894736842105
E00011177,321,44,18,26,277,10,267,13.707165109034266,5.607476635514018,8.09968847352025,86.29283489096574,3.115264797507788,83.17757009345794
E00011178,299,50,25,25,249,12,237,16.722408026755854,8.361204013377927,8.361204013377927,83.27759197324414,4.013377926421405,79.26421404682274
E00011179,389,38,14,24,351,21,330,9.768637532133676,3.5989717223650386,6.169665809768637,90.23136246786633,5.3984575835475574,84.83290488431876
E00011180,369,64,27,37,305,20,285,17.344173441734416,7.317073170731707,10.02710027100271,82.65582655826557,5.420054200542006,77.23577235772358
E00011181,395,28,11,17,367,19,348,7.088607594936709,2.7848101265822782,4.30379746835443,92.91139240506328,4.810126582278481,88.10126582278481
E00011182,415,42,13,29,373,24,349,10.120481927710843,3.132530120481928,6.987951807228916,89.87951807228916,5.783132530120482,84.09638554216868
E00011183,303,35,16,19,268,20,248,11.55115511551155,5.2805280528052805,6.270627062706271,88.44884488448845,6.6006600660066,81.84818481848185
E00011184,325,42,13,29,283,18,265,12.923076923076923,4,8.923076923076923,87.07692307692308,5.538461538461538,81.53846153846153
E00011186,335,44,21,23,291,13,278,13.134328358208954,6.26865671641791,6.865671641791045,86.86567164179104,3.880597014925373,82.98507462686567
E00011187,329,54,26,28,275,20,255,16.41337386018237,7.90273556231003,8.51063829787234,83.58662613981764,6.079027355623101,77.50759878419453
E00011188,386,71,23,48,315,22,293,18.393782383419687,5.958549222797927,12.435233160621761,81.60621761658031,5.699481865284974,75.90673575129534
E00011189,338,25,12,13,313,18,295,7.396449704142012,3.5502958579881656,3.8461538461538463,92.60355029585799,5.325443786982249,87.27810650887574
E00011190,496,86,46,40,410,18,392,17.338709677419356,9.274193548387096,8.064516129032258,82.66129032258065,3.6290322580645165,79.03225806451613
E00011191,368,59,29,30,309,13,296,16.032608695652172,7.880434782608696,8.152173913043478,83.96739130434783,3.532608695652174,80.43478260869566
E00011192,369,35,12,23,334,16,318,9.48509485094851,3.2520325203252036,6.233062330623306,90.5149051490515,4.336043360433604,86.1788617886179
E00011193,393,45,21,24,348,13,335,11.450381679389313,5.343511450381679,6.106870229007633,88.54961832061069,3.307888040712468,85.24173027989822
E00011194,377,55,22,33,322,18,304,14.588859416445624,5.835543766578249,8.753315649867375,85.41114058355438,4.774535809018567,80.63660477453581
E00011197,408,48,16,32,360,29,331,11.76470588235294,3.9215686274509802,7.8431372549019605,88.23529411764706,7.107843137254902,81.12745098039215
E00011198,336,29,8,21,307,22,285,8.630952380952381,2.380952380952381,6.25,91.36904761904762,6.547619047619048,84.82142857142857
E00011199,380,33,17,16,347,22,325,8.68421052631579,4.473684210526316,4.2105263157894735,91.3157894736842,5.7894736842105265,85.52631578947368
E00011200,432,38,19,19,394,15,379,8.796296296296296,4.398148148148148,4.398148148148148,91.20370370370371,3.4722222222222223,87.73148148148148
E00011201,353,40,19,21,313,12,301,11.3314447592068,5.382436260623229,5.94900849858357,88.6685552407932,3.39943342776204,85.26912181303116
E00165801,382,51,25,26,331,23,308,13.350785340314136,6.544502617801047,6.806282722513089,86.64921465968587,6.020942408376963,80.6282722513089
E00171089,333,39,19,20,294,12,282,11.711711711711711,5.7057057057057055,6.006006006006006,88.28828828828829,3.6036036036036037,84.68468468468468
E00171093,452,47,23,24,405,18,387,10.398230088495575,5.0884955752212395,5.3097345132743365,89.60176991150442,3.982300884955752,85.61946902654867
E00171094,316,27,4,23,289,14,275,8.544303797468354,1.2658227848101267,7.2784810126582276,91.45569620253164,4.430379746835443,87.0253164556962
E00171096,321,31,9,22,290,21,269,9.657320872274143,2.803738317757009,6.853582554517133,90.34267912772586,6.5420560747663545,83.8006230529595
E00171097,350,47,15,32,303,18,285,13.428571428571429,4.285714285714286,9.142857142857142,86.57142857142858,5.142857142857142,81.42857142857143
E00171099,238,45,21,24,193,17,176,18.907563025210084,8.823529411764707,10.084033613445378,81.09243697478992,7.142857142857142,73.94957983193278
E00171102,365,17,8,9,348,13,335,4.657534246575342,2.191780821917808,2.4657534246575343,95.34246575342465,3.5616438356164384,91.78082191780823
E00171107,442,48,27,21,394,9,385,10.85972850678733,6.108597285067873,4.751131221719457,89.14027149321268,2.0361990950226243,87.10407239819004
E00171108,453,39,17,22,414,18,396,8.609271523178808,3.7527593818984544,4.856512141280353,91.3907284768212,3.9735099337748347,87.41721854304636
E00171111,248,19,9,10,229,13,216,7.661290322580645,3.6290322580645165,4.032258064516129,92.33870967741935,5.241935483870968,87.09677419354838
E00171113,288,30,12,18,258,6,252,10.416666666666668,4.166666666666666,6.25,89.58333333333334,2.083333333333333,87.5
E00171114,402,31,9,22,371,13,358,7.711442786069651,2.2388059701492535,5.472636815920398,92.28855721393035,3.233830845771144,89.05472636815921
E00171116,124,38,19,19,86,8,78,30.64516129032258,15.32258064516129,15.32258064516129,69.35483870967742,6.451612903225806,62.903225806451616
E00171117,356,42,21,21,314,8,306,11.797752808988763,5.8988764044943816,5.8988764044943816,88.20224719101124,2.247191011235955,85.95505617977528
E00171119,406,56,29,27,350,17,333,13.793103448275861,7.142857142857142,6.65024630541872,86.20689655172413,4.1871921182266005,82.01970443349754
E00171127,276,34,14,20,242,14,228,12.318840579710146,5.072463768115942,7.246376811594203,87.68115942028986,5.072463768115942,82.6086956521739
E00184389,373,31,12,19,342,11,331,8.310991957104557,3.2171581769436997,5.093833780160858,91.68900804289544,2.949061662198391,88.73994638069705
E00184390,236,28,15,13,208,11,197,11.864406779661017,6.3559322033898304,5.508474576271186,88.13559322033898,4.661016949152542,83.47457627118644
E00184391,205,7,6,1,198,4,194,3.414634146341464,2.9268292682926833,0.4878048780487805,96.58536585365853,1.951219512195122,94.6341463414634
E00184392,478,48,20,28,430,15,415,10.0418410041841,4.184100418410042,5.857740585774058,89.9581589958159,3.1380753138075312,86.82008368200836
E00184394,461,70,25,45,391,17,374,15.184381778741866,5.42299349240781,9.761388286334057,84.81561822125813,3.68763557483731,81.12798264642083
E00184397,319,20,3,17,299,6,293,6.269592476489027,0.9404388714733543,5.329153605015674,93.73040752351098,1.8808777429467085,91.84952978056427
E00184399,278,33,9,24,245,3,242,11.870503597122301,3.237410071942446,8.633093525179856,88.12949640287769,1.079136690647482,87.05035971223022
E00184400,103,12,3,9,91,6,85,11.650485436893204,2.912621359223301,8.737864077669903,88.3495145631068,5.825242718446602,82.52427184466019
E00184401,182,9,1,8,173,4,169,4.945054945054945,0.5494505494505495,4.395604395604396,95.05494505494505,2.197802197802198,92.85714285714286
E00184402,251,30,9,21,221,14,207,11.952191235059761,3.5856573705179287,8.366533864541832,88.04780876494024,5.577689243027888,82.47011952191235
E00184403,148,25,14,11,123,10,113,16.89189189189189,9.45945945945946,7.4324324324324325,83.1081081081081,6.756756756756757,76.35135135135135
E00184406,143,20,7,13,123,11,112,13.986013986013987,4.895104895104895,9.090909090909092,86.01398601398601,7.6923076923076925,78.32167832167832
E00184407,181,10,4,6,171,10,161,5.524861878453039,2.209944751381215,3.314917127071823,94.47513812154696,5.524861878453039,88.95027624309392
E00184408,109,9,6,3,100,7,93,8.256880733944955,5.5045871559633035,2.7522935779816518,91.74311926605505,6.422018348623854,85.3211009174312
E00184411,348,20,7,13,328,11,317,5.747126436781609,2.0114942528735633,3.7356321839080464,94.25287356321839,3.1609195402298855,91.0919540229885
E00184413,544,102,54,48,442,24,418,18.75,9.926470588235293,8.823529411764707,81.25,4.411764705882353,76.83823529411765
E00184418,224,22,13,9,202,9,193,9.821428571428571,5.803571428571429,4.017857142857143,90.17857142857143,4.017857142857143,86.16071428571429
E00184420,198,10,6,4,188,5,183,5.05050505050505,3.0303030303030303,2.0202020202020203,94.94949494949495,2.525252525252525,92.42424242424242
E00184426,447,71,32,39,376,19,357,15.883668903803134,7.158836689038031,8.724832214765101,84.11633109619687,4.250559284116331,79.86577181208054
E00184427,383,21,7,14,362,15,347,5.483028720626632,1.8276762402088773,3.6553524804177546,94.51697127937337,3.91644908616188,90.60052219321149
E00184428,134,9,5,4,125,5,120,6.7164179104477615,3.731343283582089,2.9850746268656714,93.28358208955224,3.731343283582089,89.55223880597015
E00184429,259,25,9,16,234,9,225,9.652509652509652,3.474903474903475,6.177606177606178,90.34749034749035,3.474903474903475,86.87258687258688
E00184430,424,60,28,32,364,3,361,14.150943396226415,6.60377358490566,7.547169811320755,85.84905660377359,0.7075471698113208,85.14150943396226
E00184431,354,25,11,14,329,13,316,7.062146892655368,3.1073446327683616,3.954802259887006,92.93785310734464,3.672316384180791,89.26553672316385
E00184432,373,33,17,16,340,5,335,8.847184986595174,4.557640750670242,4.289544235924933,91.15281501340483,1.3404825737265416,89.81233243967829
E00184434,358,34,14,20,324,22,302,9.497206703910614,3.910614525139665,5.58659217877095,90.5027932960894,6.145251396648044,84.35754189944134
E00184436,472,49,21,28,423,22,401,10.38135593220339,4.4491525423728815,5.932203389830509,89.61864406779661,4.661016949152542,84.95762711864407
E00184437,496,35,19,16,461,23,438,7.056451612903227,3.8306451612903225,3.225806451612903,92.94354838709677,4.637096774193548,88.30645161290323
E00184440,401,66,45,21,335,6,329,16.458852867830423,11.221945137157107,5.236907730673317,83.54114713216958,1.4962593516209477,82.04488778054862
E00184441,319,33,16,17,286,20,266,10.344827586206897,5.015673981191222,5.329153605015674,89.65517241379311,6.269592476489027,83.38557993730407
E00184442,382,41,18,23,341,0,341,10.732984293193718,4.712041884816754,6.020942408376963,89.26701570680629,0,89.26701570680629
E00184443,267,60,35,25,207,14,193,22.47191011235955,13.108614232209737,9.363295880149813,77.52808988764045,5.2434456928838955,72.28464419475655
E00184446,368,25,13,12,343,10,333,6.7934782608695645,3.532608695652174,3.260869565217391,93.20652173913044,2.717391304347826,90.48913043478261
E00184447,487,33,15,18,454,28,426,6.7761806981519515,3.0800821355236137,3.696098562628337,93.22381930184805,5.749486652977413,87.47433264887063
E00184450,496,66,41,25,430,17,413,13.306451612903224,8.266129032258064,5.040322580645161,86.69354838709677,3.4274193548387095,83.26612903225806
E00184451,502,34,13,21,468,23,445,6.772908366533864,2.589641434262948,4.183266932270916,93.22709163346613,4.581673306772909,88.64541832669323
E00184452,180,27,13,14,153,7,146,15,7.222222222222221,7.777777777777778,85,3.888888888888889,81.11111111111111
E00184454,498,42,20,22,456,12,444,8.433734939759036,4.016064257028113,4.417670682730924,91.56626506024097,2.4096385542168677,89.1566265060241
E00184460,221,21,2,19,200,15,185,9.502262443438914,0.904977375565611,8.597285067873303,90.49773755656109,6.787330316742081,83.710407239819
E00184464,317,17,3,14,300,13,287,5.3627760252365935,0.9463722397476341,4.416403785488959,94.6372239747634,4.100946372239748,90.53627760252367
E00184467,130,7,3,4,123,2,121,5.384615384615385,2.307692307692308,3.076923076923077,94.61538461538461,1.5384615384615385,93.07692307692308
E00184469,326,48,28,20,278,9,269,14.723926380368098,8.588957055214724,6.134969325153374,85.2760736196319,2.7607361963190185,82.51533742331289
E00184470,625,93,47,46,532,45,487,14.879999999999999,7.5200000000000005,7.359999999999999,85.11999999999999,7.199999999999999,77.92
E00184472,390,48,23,25,342,15,327,12.307692307692308,5.897435897435897,6.41025641025641,87.6923076923077,3.8461538461538463,83.84615384615385
E00184473,394,25,9,16,369,16,353,6.345177664974619,2.284263959390863,4.060913705583756,93.65482233502537,4.060913705583756,89.59390862944161
E00184480,404,34,14,20,370,11,359,8.415841584158416,3.4653465346534658,4.9504950495049505,91.58415841584159,2.722772277227723,88.86138613861387
E00184481,374,7,1,6,367,10,357,1.8716577540106951,0.267379679144385,1.6042780748663104,98.1283422459893,2.6737967914438503,95.45454545454545
E00184482,265,22,4,18,243,11,232,8.30188679245283,1.509433962264151,6.7924528301886795,91.69811320754717,4.150943396226415,87.54716981132076
E00184483,377,15,6,9,362,6,356,3.978779840848806,1.5915119363395225,2.3872679045092835,96.02122015915118,1.5915119363395225,94.42970822281167
E00184488,218,25,14,11,193,5,188,11.46788990825688,6.422018348623854,5.045871559633028,88.53211009174312,2.293577981651376,86.23853211009175
E00184489,524,18,4,14,506,25,481,3.435114503816794,0.7633587786259541,2.6717557251908395,96.56488549618321,4.770992366412214,91.79389312977099
E00184490,495,42,14,28,453,19,434,8.484848484848486,2.8282828282828283,5.656565656565657,91.51515151515152,3.8383838383838382,87.67676767676768
E00184491,511,87,50,37,424,13,411,17.025440313111545,9.784735812133071,7.240704500978473,82.97455968688845,2.5440313111545985,80.43052837573386
E00184492,475,36,15,21,439,14,425,7.578947368421053,3.1578947368421053,4.421052631578947,92.42105263157895,2.9473684210526314,89.47368421052632
E00184493,165,14,4,10,151,4,147,8.484848484848486,2.4242424242424243,6.0606060606060606,91.51515151515152,2.4242424242424243,89.0909090909091
E00184494,496,41,21,20,455,16,439,8.266129032258064,4.233870967741935,4.032258064516129,91.73387096774194,3.225806451612903,88.50806451612904
E00184498,187,61,45,16,126,12,114,32.62032085561498,24.06417112299465,8.55614973262032,67.37967914438502,6.417112299465241,60.962566844919785
E00184499,135,16,7,9,119,3,116,11.851851851851853,5.185185185185185,6.666666666666667,88.14814814814815,2.2222222222222223,85.92592592592592
E00184501,267,17,9,8,250,16,234,6.367041198501873,3.3707865168539324,2.9962546816479403,93.63295880149812,5.992509363295881,87.64044943820225
E00184503,242,16,5,11,226,5,221,6.6115702479338845,2.066115702479339,4.545454545454546,93.38842975206612,2.066115702479339,91.32231404958677
E00184506,227,49,31,18,178,7,171,21.58590308370044,13.656387665198238,7.929515418502203,78.41409691629956,3.0837004405286343,75.33039647577093
E00184508,380,48,27,21,332,17,315,12.631578947368421,7.105263157894736,5.526315789473684,87.36842105263159,4.473684210526316,82.89473684210526
E00184509,350,11,3,8,339,12,327,3.1428571428571432,0.8571428571428572,2.2857142857142856,96.85714285714285,3.428571428571429,93.42857142857143
E00184512,144,15,6,9,129,8,121,10.416666666666668,4.166666666666666,6.25,89.58333333333334,5.555555555555555,84.02777777777779
E00184513,294,14,4,10,280,14,266,4.761904761904762,1.3605442176870748,3.4013605442176873,95.23809523809523,4.761904761904762,90.47619047619048
E00184514,240,23,6,17,217,6,211,9.583333333333334,2.5,7.083333333333333,90.41666666666667,2.5,87.91666666666667
E00184518,183,9,2,7,174,13,161,4.918032786885246,1.092896174863388,3.825136612021858,95.08196721311475,7.103825136612022,87.97814207650273
E00184520,112,14,9,5,98,6,92,12.5,8.035714285714286,4.464285714285714,87.5,5.357142857142857,82.14285714285714
E00184522,476,24,10,14,452,10,442,5.042016806722689,2.100840336134454,2.941176470588235,94.9579831932773,2.100840336134454,92.85714285714286
E00184523,119,8,4,4,111,8,103,6.722689075630252,3.361344537815126,3.361344537815126,93.27731092436974,6.722689075630252,86.5546218487395
E00184529,248,24,14,10,224,8,216,9.67741935483871,5.64516129032258,4.032258064516129,90.32258064516128,3.225806451612903,87.09677419354838
E00184532,520,40,15,25,480,22,458,7.6923076923076925,2.8846153846153846,4.807692307692308,92.3076923076923,4.230769230769231,88.07692307692308
E00184533,401,11,5,6,390,3,387,2.7431421446384037,1.2468827930174564,1.4962593516209477,97.2568578553616,0.7481296758104738,96.50872817955111
E00184536,502,48,19,29,454,20,434,9.56175298804781,3.7848605577689245,5.776892430278884,90.43824701195219,3.9840637450199203,86.45418326693228
E00184537,147,11,8,3,136,5,131,7.482993197278912,5.442176870748299,2.0408163265306123,92.51700680272108,3.4013605442176873,89.1156462585034
