OA,ts0380001,ts0380002,ts0380003,ts0380004,ts0380005,ts0380006,ts0380007,ts0380002_PCT,ts0380003_PCT,ts0380004_PCT,ts0380005_PCT,ts0380006_PCT,ts0380007_PCT
E00146108,284,35,10,25,249,26,223,12.323943661971832,3.5211267605633805,8.80281690140845,87.67605633802818,9.15492957746479,78.52112676056338
E00146110,269,55,21,34,214,23,191,20.44609665427509,7.806691449814126,12.639405204460965,79.5539033457249,8.550185873605948,71.00371747211895
E00146111,321,63,23,40,258,30,228,19.626168224299064,7.165109034267912,12.461059190031152,80.37383177570094,9.345794392523365,71.02803738317756
E00146112,277,37,9,28,240,24,216,13.357400722021662,3.2490974729241873,10.108303249097473,86.64259927797833,8.664259927797833,77.9783393501805
E00146113,240,66,27,39,174,26,148,27.500000000000004,11.25,16.25,72.5,10.833333333333334,61.66666666666667
E00146114,255,33,7,26,222,21,201,12.941176470588237,2.7450980392156863,10.196078431372548,87.05882352941177,8.235294117647058,78.82352941176471
E00146115,341,45,14,31,296,45,251,13.196480938416421,4.105571847507331,9.090909090909092,86.80351906158357,13.196480938416421,73.60703812316716
E00146117,256,39,15,24,217,18,199,15.234375,5.859375,9.375,84.765625,7.03125,77.734375
E00146118,304,39,10,29,265,46,219,12.828947368421053,3.289473684210526,9.539473684210527,87.17105263157895,15.131578947368421,72.03947368421053
E00146119,298,23,3,20,275,29,246,7.718120805369128,1.006711409395973,6.7114093959731544,92.28187919463086,9.731543624161073,82.5503355704698
E00146120,300,46,14,32,254,20,234,15.333333333333332,4.666666666666667,10.666666666666668,84.66666666666667,6.666666666666667,78
E00146122,465,101,36,65,364,44,320,21.72043010752688,7.741935483870968,13.978494623655912,78.27956989247312,9.46236559139785,68.81720430107528
E00146123,259,60,15,45,199,19,180,23.166023166023166,5.7915057915057915,17.374517374517374,76.83397683397683,7.335907335907336,69.4980694980695
E00146124,294,58,21,37,236,25,211,19.727891156462583,7.142857142857142,12.585034013605442,80.27210884353741,8.503401360544217,71.7687074829932
E00146125,306,44,14,30,262,22,240,14.37908496732026,4.57516339869281,9.803921568627452,85.62091503267973,7.18954248366013,78.43137254901961
E00146127,415,41,14,27,374,52,322,9.879518072289157,3.3734939759036147,6.506024096385541,90.12048192771084,12.530120481927712,77.59036144578313
E00146128,317,61,23,38,256,21,235,19.242902208201894,7.255520504731862,11.987381703470032,80.7570977917981,6.624605678233439,74.13249211356468
E00146129,288,52,17,35,236,26,210,18.055555555555554,5.902777777777778,12.152777777777777,81.94444444444444,9.027777777777777,72.91666666666666
E00146130,266,57,32,25,209,26,183,21.428571428571427,12.030075187969924,9.398496240601503,78.57142857142857,9.774436090225564,68.796992481203
E00146131,291,59,20,39,232,30,202,20.274914089347078,6.872852233676976,13.402061855670103,79.72508591065292,10.309278350515463,69.41580756013745
E00146132,244,56,25,31,188,20,168,22.950819672131146,10.245901639344263,12.704918032786885,77.04918032786885,8.19672131147541,68.85245901639344
E00146133,418,69,24,45,349,25,324,16.507177033492823,5.741626794258373,10.76555023923445,83.49282296650718,5.980861244019139,77.51196172248804
E00146134,273,41,13,28,232,18,214,15.018315018315018,4.761904761904762,10.256410256410255,84.98168498168498,6.593406593406594,78.3882783882784
E00146135,349,77,30,47,272,24,248,22.063037249283667,8.595988538681947,13.46704871060172,77.93696275071633,6.876790830945559,71.06017191977078
E00146136,376,75,32,43,301,28,273,19.9468085106383,8.51063829787234,11.436170212765957,80.0531914893617,7.446808510638298,72.6063829787234
E00146137,300,59,25,34,241,20,221,19.666666666666664,8.333333333333332,11.333333333333332,80.33333333333333,6.666666666666667,73.66666666666667
E00146138,337,40,12,28,297,49,248,11.869436201780417,3.5608308605341246,8.30860534124629,88.13056379821958,14.540059347181009,73.59050445103857
E00146139,382,46,16,30,336,48,288,12.041884816753926,4.18848167539267,7.853403141361256,87.95811518324608,12.56544502617801,75.39267015706807
E00146140,360,58,22,36,302,27,275,16.11111111111111,6.111111111111111,10,83.88888888888889,7.5,76.38888888888889
E00146141,293,44,19,25,249,29,220,15.017064846416384,6.484641638225256,8.532423208191126,84.98293515358361,9.897610921501707,75.0853242320819
E00146142,292,38,10,28,254,21,233,13.013698630136986,3.4246575342465753,9.58904109589041,86.98630136986301,7.191780821917808,79.7945205479452
E00146143,322,24,8,16,298,31,267,7.453416149068323,2.484472049689441,4.968944099378882,92.54658385093167,9.627329192546584,82.91925465838509
E00146144,309,28,7,21,281,22,259,9.06148867313916,2.26537216828479,6.796116504854369,90.93851132686083,7.119741100323624,83.81877022653723
E00146145,288,29,10,19,259,36,223,10.069444444444445,3.4722222222222223,6.597222222222222,89.93055555555556,12.5,77.43055555555556
E00146146,328,31,6,25,297,28,269,9.451219512195122,1.8292682926829267,7.621951219512195,90.54878048780488,8.536585365853659,82.01219512195121
E00146147,317,42,14,28,275,27,248,13.249211356466878,4.416403785488959,8.832807570977918,86.75078864353313,8.517350157728707,78.23343848580441
E00146148,201,29,7,22,172,15,157,14.427860696517413,3.482587064676617,10.945273631840797,85.57213930348259,7.462686567164178,78.1094527363184
E00146149,284,37,17,20,247,21,226,13.028169014084506,5.985915492957746,7.042253521126761,86.97183098591549,7.394366197183098,79.5774647887324
E00146150,281,44,10,34,237,23,214,15.658362989323843,3.558718861209965,12.099644128113878,84.34163701067615,8.185053380782918,76.15658362989323
E00146151,273,31,0,31,242,24,218,11.355311355311356,0,11.355311355311356,88.64468864468864,8.791208791208792,79.85347985347985
E00146152,264,21,2,19,243,27,216,7.954545454545454,0.7575757575757576,7.196969696969697,92.04545454545455,10.227272727272728,81.81818181818183
E00146153,306,28,6,22,278,24,254,9.15032679738562,1.9607843137254901,7.18954248366013,90.84967320261438,7.8431372549019605,83.00653594771242
E00146154,416,77,31,46,339,23,316,18.509615384615387,7.451923076923077,11.057692307692307,81.49038461538461,5.528846153846153,75.96153846153845
E00146155,356,66,20,46,290,34,256,18.53932584269663,5.617977528089887,12.921348314606742,81.46067415730337,9.550561797752808,71.91011235955057
E00146156,462,64,24,40,398,33,365,13.852813852813853,5.194805194805195,8.658008658008658,86.14718614718615,7.142857142857142,79.004329004329
E00146157,236,48,11,37,188,17,171,20.33898305084746,4.661016949152542,15.677966101694915,79.66101694915254,7.203389830508475,72.45762711864407
E00146158,407,49,8,41,358,33,325,12.039312039312039,1.9656019656019657,10.073710073710075,87.96068796068795,8.108108108108109,79.85257985257985
E00146159,255,28,3,25,227,27,200,10.980392156862745,1.1764705882352942,9.803921568627452,89.01960784313725,10.588235294117647,78.43137254901961
E00146160,220,27,5,22,193,28,165,12.272727272727273,2.272727272727273,10,87.72727272727273,12.727272727272727,75
E00146161,276,32,9,23,244,18,226,11.594202898550725,3.260869565217391,8.333333333333332,88.40579710144928,6.521739130434782,81.88405797101449
E00146162,311,42,13,29,269,23,246,13.504823151125404,4.180064308681672,9.32475884244373,86.49517684887459,7.395498392282958,79.09967845659163
E00146163,329,30,7,23,299,35,264,9.118541033434651,2.127659574468085,6.990881458966565,90.88145896656535,10.638297872340425,80.24316109422493
E00146164,282,38,8,30,244,30,214,13.47517730496454,2.8368794326241136,10.638297872340425,86.52482269503547,10.638297872340425,75.88652482269504
E00146165,320,73,32,41,247,29,218,22.8125,10,12.812499999999998,77.1875,9.0625,68.125
E00146166,291,42,11,31,249,26,223,14.432989690721648,3.7800687285223367,10.652920962199312,85.56701030927834,8.934707903780069,76.6323024054983
E00146167,302,41,12,29,261,27,234,13.57615894039735,3.9735099337748347,9.602649006622517,86.42384105960265,8.940397350993377,77.48344370860927
E00146168,299,44,18,26,255,20,235,14.715719063545151,6.0200668896321075,8.695652173913043,85.28428093645485,6.688963210702341,78.59531772575251
E00146169,318,33,10,23,285,26,259,10.377358490566039,3.1446540880503147,7.232704402515723,89.62264150943396,8.176100628930817,81.44654088050315
E00146170,297,39,12,27,258,28,230,13.131313131313133,4.040404040404041,9.090909090909092,86.86868686868688,9.427609427609427,77.44107744107744
E00146171,302,49,20,29,253,30,223,16.225165562913908,6.622516556291391,9.602649006622517,83.77483443708608,9.933774834437086,73.84105960264901
E00146172,444,66,23,43,378,33,345,14.864864864864865,5.18018018018018,9.684684684684685,85.13513513513513,7.4324324324324325,77.7027027027027
E00146173,353,46,20,26,307,34,273,13.031161473087819,5.6657223796034,7.365439093484419,86.96883852691218,9.631728045325778,77.33711048158641
E00146174,287,56,25,31,231,26,205,19.51219512195122,8.710801393728223,10.801393728222997,80.48780487804879,9.059233449477352,71.42857142857143
E00146175,367,62,26,36,305,21,284,16.893732970027248,7.084468664850137,9.809264305177113,83.10626702997274,5.722070844686648,77.3841961852861
E00146176,335,28,7,21,307,32,275,8.358208955223882,2.0895522388059704,6.26865671641791,91.64179104477613,9.55223880597015,82.08955223880598
E00146177,255,54,21,33,201,12,189,21.176470588235293,8.235294117647058,12.941176470588237,78.82352941176471,4.705882352941177,74.11764705882354
E00146178,257,32,9,23,225,20,205,12.45136186770428,3.501945525291829,8.949416342412452,87.54863813229572,7.782101167315175,79.76653696498055
E00146179,321,38,8,30,283,46,237,11.838006230529595,2.4922118380062304,9.345794392523365,88.1619937694704,14.330218068535824,73.83177570093457
E00146180,316,64,20,44,252,20,232,20.253164556962027,6.329113924050633,13.924050632911392,79.74683544303798,6.329113924050633,73.41772151898735
E00146181,355,71,25,46,284,22,262,20,7.042253521126761,12.957746478873238,80,6.197183098591549,73.80281690140845
E00146182,494,84,34,50,410,36,374,17.00404858299595,6.882591093117409,10.121457489878543,82.99595141700405,7.28744939271255,75.7085020242915
E00146183,412,93,28,65,319,34,285,22.572815533980584,6.796116504854369,15.776699029126215,77.42718446601941,8.25242718446602,69.1747572815534
E00146184,406,109,42,67,297,38,259,26.84729064039409,10.344827586206897,16.502463054187192,73.15270935960592,9.35960591133005,63.793103448275865
E00146185,363,47,16,31,316,37,279,12.947658402203857,4.40771349862259,8.539944903581267,87.05234159779614,10.192837465564738,76.85950413223141
E00146186,341,86,64,22,255,23,232,25.219941348973606,18.7683284457478,6.451612903225806,74.7800586510264,6.744868035190615,68.03519061583577
E00146187,297,51,20,31,246,20,226,17.17171717171717,6.7340067340067336,10.437710437710438,82.82828282828282,6.7340067340067336,76.0942760942761
E00146188,258,30,7,23,228,31,197,11.627906976744185,2.7131782945736433,8.914728682170542,88.37209302325581,12.015503875968992,76.35658914728683
E00146189,285,53,20,33,232,39,193,18.596491228070175,7.017543859649122,11.578947368421053,81.40350877192982,13.684210526315791,67.71929824561404
E00146190,240,46,17,29,194,14,180,19.166666666666668,7.083333333333333,12.083333333333334,80.83333333333333,5.833333333333333,75
E00146191,287,47,16,31,240,27,213,16.376306620209057,5.574912891986063,10.801393728222997,83.62369337979094,9.40766550522648,74.21602787456446
E00146192,323,44,23,21,279,35,244,13.622291021671826,7.120743034055728,6.5015479876160995,86.37770897832817,10.8359133126935,75.54179566563467
E00146193,335,52,18,34,283,33,250,15.522388059701491,5.3731343283582085,10.149253731343283,84.4776119402985,9.850746268656717,74.6268656716418
E00146194,289,58,18,40,231,19,212,20.069204152249135,6.228373702422145,13.84083044982699,79.93079584775087,6.5743944636678195,73.35640138408304
E00146196,320,32,9,23,288,30,258,10,2.8125,7.187499999999999,90,9.375,80.625
E00146197,315,43,15,28,272,20,252,13.65079365079365,4.761904761904762,8.88888888888889,86.34920634920636,6.349206349206349,80
E00146198,292,27,7,20,265,25,240,9.246575342465754,2.3972602739726026,6.8493150684931505,90.75342465753424,8.561643835616438,82.1917808219178
E00146199,276,33,9,24,243,14,229,11.956521739130435,3.260869565217391,8.695652173913043,88.04347826086956,5.072463768115942,82.97101449275362
E00146200,296,40,10,30,256,24,232,13.513513513513514,3.3783783783783785,10.135135135135135,86.48648648648648,8.108108108108109,78.37837837837837
E00146201,267,45,18,27,222,28,194,16.853932584269664,6.741573033707865,10.112359550561797,83.14606741573034,10.486891385767791,72.65917602996255
E00146202,313,41,11,30,272,23,249,13.099041533546327,3.5143769968051117,9.584664536741213,86.90095846645367,7.348242811501597,79.55271565495208
E00146203,285,58,16,42,227,25,202,20.350877192982455,5.614035087719298,14.736842105263156,79.64912280701755,8.771929824561402,70.87719298245614
E00146204,233,31,6,25,202,27,175,13.304721030042918,2.575107296137339,10.72961373390558,86.69527896995707,11.587982832618025,75.10729613733905
E00146205,256,41,9,32,215,24,191,16.015625,3.515625,12.5,83.984375,9.375,74.609375
E00146206,287,36,12,24,251,33,218,12.543554006968641,4.181184668989547,8.362369337979095,87.45644599303137,11.498257839721255,75.9581881533101
E00146207,271,27,4,23,244,31,213,9.96309963099631,1.4760147601476015,8.487084870848708,90.03690036900369,11.439114391143912,78.59778597785979
E00146208,317,29,3,26,288,35,253,9.14826498422713,0.9463722397476341,8.201892744479496,90.85173501577287,11.041009463722396,79.81072555205047
E00146209,348,40,10,30,308,26,282,11.494252873563218,2.8735632183908044,8.620689655172415,88.50574712643679,7.471264367816093,81.03448275862068
E00146210,378,45,12,33,333,37,296,11.904761904761903,3.1746031746031744,8.73015873015873,88.09523809523809,9.788359788359788,78.3068783068783
E00146211,210,27,15,12,183,19,164,12.857142857142856,7.142857142857142,5.714285714285714,87.14285714285714,9.047619047619047,78.0952380952381
E00146212,363,41,7,34,322,23,299,11.294765840220386,1.9283746556473829,9.366391184573002,88.70523415977961,6.336088154269973,82.36914600550963
E00146213,270,111,64,47,159,16,143,41.11111111111111,23.703703703703706,17.40740740740741,58.88888888888889,5.9259259259259265,52.96296296296297
E00146214,251,59,23,36,192,16,176,23.50597609561753,9.163346613545817,14.342629482071715,76.49402390438247,6.374501992031872,70.1195219123506
E00146215,292,45,12,33,247,23,224,15.41095890410959,4.10958904109589,11.301369863013697,84.58904109589042,7.876712328767123,76.71232876712328
E00146216,199,31,15,16,168,7,161,15.577889447236181,7.537688442211055,8.040201005025125,84.42211055276381,3.5175879396984926,80.90452261306532
E00146217,285,40,12,28,245,28,217,14.035087719298245,4.2105263157894735,9.824561403508772,85.96491228070175,9.824561403508772,76.14035087719299
E00146218,233,25,9,16,208,26,182,10.72961373390558,3.862660944206009,6.866952789699571,89.27038626609442,11.158798283261802,78.11158798283262
E00146219,302,29,8,21,273,23,250,9.602649006622517,2.6490066225165565,6.95364238410596,90.39735099337747,7.6158940397351,82.78145695364239
E00146220,475,55,17,38,420,36,384,11.578947368421053,3.578947368421052,8,88.42105263157895,7.578947368421053,80.84210526315789
E00146221,321,38,10,28,283,32,251,11.838006230529595,3.115264797507788,8.722741433021806,88.1619937694704,9.968847352024921,78.19314641744548
E00146222,375,48,15,33,327,23,304,12.8,4,8.799999999999999,87.2,6.133333333333333,81.06666666666666
E00146223,348,46,14,32,302,29,273,13.218390804597702,4.022988505747127,9.195402298850574,86.7816091954023,8.333333333333332,78.44827586206897
E00146224,283,34,3,31,249,30,219,12.014134275618375,1.0600706713780919,10.954063604240282,87.98586572438163,10.60070671378092,77.3851590106007
E00146225,384,72,26,46,312,30,282,18.75,6.770833333333333,11.979166666666668,81.25,7.8125,73.4375
E00146226,476,105,54,51,371,33,338,22.058823529411764,11.344537815126051,10.714285714285714,77.94117647058823,6.932773109243698,71.00840336134453
E00146227,344,38,9,29,306,23,283,11.046511627906977,2.616279069767442,8.430232558139535,88.95348837209302,6.686046511627906,82.26744186046511
E00146229,292,31,8,23,261,27,234,10.616438356164384,2.73972602739726,7.876712328767123,89.38356164383562,9.246575342465754,80.13698630136986
E00146230,380,50,11,39,330,31,299,13.157894736842104,2.8947368421052633,10.263157894736842,86.8421052631579,8.157894736842106,78.6842105263158
E00146231,286,35,8,27,251,28,223,12.237762237762238,2.797202797202797,9.44055944055944,87.76223776223776,9.79020979020979,77.97202797202797
E00146232,272,39,13,26,233,24,209,14.338235294117647,4.779411764705882,9.558823529411764,85.66176470588235,8.823529411764707,76.83823529411765
E00146233,226,58,23,35,168,19,149,25.663716814159294,10.176991150442479,15.486725663716813,74.33628318584071,8.4070796460177,65.929203539823
E00146234,270,33,8,25,237,22,215,12.222222222222221,2.9629629629629632,9.25925925925926,87.77777777777777,8.148148148148149,79.62962962962963
E00146235,332,55,27,28,277,21,256,16.566265060240966,8.132530120481928,8.433734939759036,83.43373493975903,6.325301204819277,77.10843373493977
E00146236,320,50,17,33,270,40,230,15.625,5.3125,10.3125,84.375,12.5,71.875
E00146237,283,51,21,30,232,16,216,18.021201413427562,7.420494699646643,10.60070671378092,81.97879858657244,5.6537102473498235,76.32508833922262
E00146238,425,62,14,48,363,45,318,14.588235294117647,3.294117647058824,11.294117647058824,85.41176470588235,10.588235294117647,74.82352941176471
E00146239,227,21,0,21,206,24,182,9.251101321585903,0,9.251101321585903,90.7488986784141,10.572687224669604,80.1762114537445
E00146240,362,63,22,41,299,33,266,17.403314917127073,6.077348066298343,11.32596685082873,82.59668508287292,9.116022099447514,73.48066298342542
E00146241,122,8,3,5,114,7,107,6.557377049180328,2.459016393442623,4.098360655737705,93.44262295081968,5.737704918032787,87.70491803278688
E00146242,248,45,15,30,203,21,182,18.14516129032258,6.048387096774194,12.096774193548388,81.85483870967742,8.46774193548387,73.38709677419355
E00146243,214,23,8,15,191,20,171,10.74766355140187,3.7383177570093453,7.009345794392523,89.25233644859813,9.345794392523365,79.90654205607477
E00146244,308,30,9,21,278,29,249,9.740259740259742,2.922077922077922,6.8181818181818175,90.25974025974025,9.415584415584416,80.84415584415584
E00146245,416,62,20,42,354,35,319,14.903846153846153,4.807692307692308,10.096153846153847,85.09615384615384,8.413461538461538,76.6826923076923
E00146246,436,59,26,33,377,33,344,13.53211009174312,5.963302752293578,7.568807339449542,86.46788990825688,7.568807339449542,78.89908256880734
E00146247,222,23,6,17,199,16,183,10.36036036036036,2.7027027027027026,7.657657657657657,89.63963963963964,7.207207207207207,82.43243243243244
E00146248,581,84,35,49,497,45,452,14.457831325301203,6.024096385542169,8.433734939759036,85.54216867469879,7.74526678141136,77.79690189328744
E00146249,352,39,19,20,313,31,282,11.079545454545455,5.3977272727272725,5.681818181818182,88.92045454545455,8.806818181818182,80.11363636363636
E00146250,422,87,38,49,335,36,299,20.61611374407583,9.004739336492891,11.61137440758294,79.38388625592417,8.530805687203792,70.85308056872039
E00146251,360,55,19,36,305,28,277,15.277777777777779,5.277777777777778,10,84.72222222222221,7.777777777777778,76.94444444444444
E00146252,355,58,20,38,297,23,274,16.338028169014084,5.633802816901409,10.704225352112676,83.66197183098592,6.478873239436619,77.1830985915493
E00146254,328,55,14,41,273,33,240,16.76829268292683,4.2682926829268295,12.5,83.23170731707317,10.060975609756099,73.17073170731707
E00146255,168,26,9,17,142,6,136,15.476190476190476,5.357142857142857,10.119047619047619,84.52380952380952,3.571428571428571,80.95238095238095
E00146256,143,17,8,9,126,10,116,11.888111888111888,5.594405594405594,6.293706293706294,88.11188811188812,6.993006993006993,81.11888111888112
E00146258,207,42,20,22,165,18,147,20.28985507246377,9.66183574879227,10.628019323671497,79.71014492753623,8.695652173913043,71.01449275362319
E00146259,321,67,19,48,254,15,239,20.87227414330218,5.919003115264798,14.953271028037381,79.12772585669782,4.672897196261682,74.45482866043614
E00146261,311,58,10,48,253,35,218,18.64951768488746,3.215434083601286,15.434083601286176,81.35048231511254,11.254019292604502,70.09646302250803
E00146262,337,43,11,32,294,22,272,12.759643916913946,3.2640949554896146,9.495548961424333,87.24035608308606,6.528189910979229,80.71216617210682
E00146263,210,53,15,38,157,15,142,25.238095238095237,7.142857142857142,18.095238095238095,74.76190476190476,7.142857142857142,67.61904761904762
E00146264,216,30,12,18,186,19,167,13.88888888888889,5.555555555555555,8.333333333333332,86.11111111111111,8.796296296296296,77.31481481481481
E00146265,245,46,12,34,199,23,176,18.775510204081634,4.8979591836734695,13.877551020408163,81.22448979591836,9.387755102040817,71.83673469387755
E00146266,304,57,23,34,247,20,227,18.75,7.565789473684211,11.18421052631579,81.25,6.578947368421052,74.67105263157895
E00146267,258,62,23,39,196,17,179,24.031007751937985,8.914728682170542,15.11627906976744,75.96899224806202,6.5891472868217065,69.37984496124031
E00146269,334,58,17,41,276,31,245,17.365269461077844,5.089820359281437,12.275449101796406,82.63473053892216,9.281437125748502,73.35329341317365
E00146270,258,66,30,36,192,18,174,25.581395348837212,11.627906976744185,13.953488372093023,74.4186046511628,6.976744186046512,67.44186046511628
E00146271,320,37,9,28,283,43,240,11.5625,2.8125,8.75,88.4375,13.4375,75
E00146272,351,47,14,33,304,20,284,13.390313390313391,3.9886039886039883,9.401709401709402,86.6096866096866,5.698005698005698,80.91168091168092
E00146273,350,88,32,56,262,32,230,25.142857142857146,9.142857142857142,16,74.85714285714286,9.142857142857142,65.71428571428571
E00146274,309,61,36,25,248,26,222,19.741100323624593,11.650485436893204,8.090614886731391,80.2588996763754,8.414239482200648,71.84466019417476
E00146275,317,69,22,47,248,30,218,21.766561514195583,6.940063091482649,14.826498422712934,78.23343848580441,9.46372239747634,68.76971608832808
E00146276,364,39,13,26,325,22,303,10.714285714285714,3.571428571428571,7.142857142857142,89.28571428571429,6.043956043956044,83.24175824175825
E00146277,625,127,67,60,498,53,445,20.32,10.72,9.6,79.67999999999999,8.48,71.2
E00146278,237,36,9,27,201,15,186,15.18987341772152,3.79746835443038,11.39240506329114,84.81012658227847,6.329113924050633,78.48101265822784
E00146279,151,10,2,8,141,19,122,6.622516556291391,1.3245033112582782,5.298013245033113,93.37748344370861,12.582781456953644,80.79470198675497
E00146280,209,28,14,14,181,18,163,13.397129186602871,6.698564593301436,6.698564593301436,86.60287081339713,8.61244019138756,77.99043062200957
E00146281,317,37,17,20,280,20,260,11.67192429022082,5.3627760252365935,6.309148264984227,88.32807570977917,6.309148264984227,82.01892744479495
E00146282,622,89,26,63,533,50,483,14.308681672025724,4.180064308681672,10.128617363344052,85.69131832797427,8.038585209003216,77.65273311897106
E00146283,410,62,23,39,348,26,322,15.121951219512194,5.609756097560976,9.512195121951219,84.8780487804878,6.341463414634147,78.53658536585367
E00146284,164,26,13,13,138,12,126,15.853658536585366,7.926829268292683,7.926829268292683,84.14634146341463,7.317073170731707,76.82926829268293
E00146285,325,76,34,42,249,28,221,23.384615384615383,10.461538461538462,12.923076923076923,76.61538461538461,8.615384615384615,68
E00146286,336,83,27,56,253,30,223,24.702380952380953,8.035714285714286,16.666666666666664,75.29761904761905,8.928571428571429,66.36904761904762
E00146287,231,34,18,16,197,20,177,14.71861471861472,7.792207792207792,6.926406926406926,85.28138528138528,8.658008658008658,76.62337662337663
E00146288,315,52,12,40,263,39,224,16.507936507936506,3.8095238095238098,12.698412698412698,83.4920634920635,12.380952380952381,71.11111111111111
E00146289,334,45,16,29,289,25,264,13.47305389221557,4.790419161676647,8.682634730538922,86.52694610778443,7.48502994011976,79.04191616766467
E00146290,290,47,15,32,243,21,222,16.206896551724135,5.172413793103448,11.03448275862069,83.79310344827586,7.241379310344828,76.55172413793103
E00146291,404,74,33,41,330,29,301,18.316831683168317,8.16831683168317,10.14851485148515,81.68316831683168,7.1782178217821775,74.5049504950495
E00146293,331,70,22,48,261,15,246,21.148036253776432,6.646525679758309,14.501510574018129,78.85196374622356,4.531722054380665,74.32024169184291
E00146294,316,59,19,40,257,32,225,18.670886075949365,6.012658227848101,12.658227848101266,81.32911392405063,10.126582278481013,71.20253164556962
E00146295,291,36,9,27,255,26,229,12.371134020618557,3.0927835051546393,9.278350515463918,87.62886597938144,8.934707903780069,78.69415807560138
E00146296,292,45,13,32,247,25,222,15.41095890410959,4.4520547945205475,10.95890410958904,84.58904109589042,8.561643835616438,76.02739726027397
E00146297,317,49,19,30,268,27,241,15.457413249211358,5.993690851735016,9.46372239747634,84.54258675078864,8.517350157728707,76.02523659305994
E00146299,323,41,14,27,282,26,256,12.693498452012383,4.3343653250774,8.359133126934983,87.30650154798761,8.04953560371517,79.25696594427245
E00146300,331,41,5,36,290,25,265,12.386706948640484,1.5105740181268883,10.876132930513595,87.61329305135952,7.552870090634441,80.06042296072508
E00146301,285,46,19,27,239,39,200,16.140350877192983,6.666666666666667,9.473684210526317,83.85964912280703,13.684210526315791,70.17543859649122
E00146302,272,43,17,26,229,16,213,15.808823529411764,6.25,9.558823529411764,84.19117647058823,5.88235294117647,78.30882352941177
E00146303,306,37,7,30,269,40,229,12.091503267973856,2.287581699346405,9.803921568627452,87.90849673202614,13.071895424836603,74.83660130718954
E00146304,283,44,14,30,239,28,211,15.547703180212014,4.946996466431095,10.60070671378092,84.45229681978799,9.89399293286219,74.55830388692578
E00146305,273,35,18,17,238,19,219,12.82051282051282,6.593406593406594,6.227106227106227,87.17948717948718,6.95970695970696,80.21978021978022
E00146306,258,34,11,23,224,28,196,13.178294573643413,4.263565891472868,8.914728682170542,86.82170542635659,10.852713178294573,75.96899224806202
E00146307,247,47,11,36,200,22,178,19.02834008097166,4.4534412955465585,14.5748987854251,80.97165991902834,8.906882591093117,72.06477732793523
E00146308,286,41,18,23,245,34,211,14.335664335664337,6.293706293706294,8.041958041958042,85.66433566433567,11.888111888111888,73.77622377622379
E00146309,327,49,20,29,278,28,250,14.984709480122325,6.116207951070336,8.868501529051988,85.01529051987767,8.56269113149847,76.45259938837921
E00146310,327,40,11,29,287,33,254,12.232415902140673,3.3639143730886847,8.868501529051988,87.76758409785933,10.091743119266056,77.67584097859327
E00146311,231,43,14,29,188,15,173,18.614718614718615,6.0606060606060606,12.554112554112553,81.38528138528139,6.493506493506493,74.89177489177489
E00146313,331,46,12,34,285,27,258,13.897280966767372,3.625377643504532,10.27190332326284,86.10271903323263,8.157099697885197,77.94561933534743
E00146314,248,22,5,17,226,32,194,8.870967741935484,2.0161290322580645,6.854838709677419,91.12903225806451,12.903225806451612,78.2258064516129
E00146315,273,43,11,32,230,32,198,15.75091575091575,4.029304029304029,11.72161172161172,84.24908424908425,11.72161172161172,72.52747252747253
E00146316,309,45,17,28,264,28,236,14.563106796116504,5.501618122977346,9.06148867313916,85.43689320388349,9.06148867313916,76.37540453074433
E00146317,204,16,0,16,188,15,173,7.8431372549019605,0,7.8431372549019605,92.15686274509804,7.352941176470589,84.80392156862744
E00146318,359,48,18,30,311,31,280,13.370473537604457,5.013927576601671,8.356545961002785,86.62952646239555,8.635097493036211,77.99442896935933
E00146319,240,23,4,19,217,11,206,9.583333333333334,1.6666666666666667,7.916666666666666,90.41666666666667,4.583333333333333,85.83333333333333
E00146321,316,35,8,27,281,31,250,11.075949367088606,2.5316455696202533,8.544303797468354,88.92405063291139,9.81012658227848,79.11392405063292
E00146322,276,35,10,25,241,30,211,12.681159420289855,3.6231884057971016,9.057971014492754,87.31884057971014,10.869565217391305,76.44927536231883
E00146323,482,56,26,30,426,39,387,11.618257261410788,5.394190871369295,6.224066390041494,88.38174273858921,8.091286307053942,80.29045643153528
E00146325,470,75,23,52,395,40,355,15.957446808510639,4.8936170212765955,11.063829787234042,84.04255319148936,8.51063829787234,75.53191489361703
E00146326,305,51,15,36,254,9,245,16.721311475409838,4.918032786885246,11.80327868852459,83.27868852459017,2.9508196721311477,80.32786885245902
E00146327,289,43,20,23,246,25,221,14.878892733564014,6.920415224913495,7.958477508650519,85.12110726643598,8.650519031141869,76.47058823529412
E00146328,533,91,44,47,442,46,396,17.073170731707318,8.25515947467167,8.818011257035648,82.92682926829268,8.630393996247655,74.29643527204503
E00146329,240,54,19,35,186,23,163,22.5,7.916666666666666,14.583333333333334,77.5,9.583333333333334,67.91666666666667
E00146331,167,26,8,18,141,12,129,15.568862275449103,4.790419161676647,10.778443113772456,84.4311377245509,7.18562874251497,77.24550898203593
E00146332,409,70,24,46,339,30,309,17.114914425427873,5.8679706601467,11.246943765281173,82.88508557457213,7.334963325183375,75.55012224938875
E00146333,250,17,6,11,233,17,216,6.800000000000001,2.4,4.3999999999999995,93.2,6.800000000000001,86.4
E00146334,288,43,15,28,245,21,224,14.930555555555555,5.208333333333334,9.722222222222223,85.06944444444444,7.291666666666667,77.77777777777779
E00146335,365,41,14,27,324,25,299,11.232876712328768,3.8356164383561646,7.397260273972603,88.76712328767124,6.8493150684931505,81.91780821917808
E00146336,401,62,21,41,339,32,307,15.46134663341646,5.236907730673317,10.224438902743142,84.53865336658353,7.98004987531172,76.55860349127181
E00146337,601,105,29,76,496,45,451,17.470881863560734,4.825291181364393,12.645590682196339,82.52911813643927,7.487520798668886,75.04159733777038
E00146338,192,22,8,14,170,17,153,11.458333333333332,4.166666666666666,7.291666666666667,88.54166666666666,8.854166666666668,79.6875
E00146340,295,43,11,32,252,23,229,14.576271186440678,3.728813559322034,10.847457627118644,85.42372881355932,7.796610169491526,77.62711864406779
E00146341,457,71,28,43,386,24,362,15.536105032822759,6.12691466083151,9.409190371991247,84.46389496717724,5.25164113785558,79.21225382932167
E00146342,376,81,32,49,295,29,266,21.54255319148936,8.51063829787234,13.031914893617023,78.45744680851064,7.712765957446808,70.74468085106383
E00146343,353,46,8,38,307,28,279,13.031161473087819,2.26628895184136,10.764872521246458,86.96883852691218,7.932011331444759,79.03682719546742
E00146345,344,36,17,19,308,31,277,10.465116279069768,4.941860465116279,5.523255813953488,89.53488372093024,9.011627906976743,80.52325581395348
E00146346,357,57,19,38,300,27,273,15.966386554621847,5.322128851540616,10.644257703081232,84.03361344537815,7.563025210084033,76.47058823529412
E00146347,306,45,15,30,261,26,235,14.705882352941178,4.901960784313726,9.803921568627452,85.29411764705883,8.49673202614379,76.79738562091504
E00146348,314,47,18,29,267,29,238,14.968152866242038,5.7324840764331215,9.235668789808917,85.03184713375796,9.235668789808917,75.79617834394905
E00146349,350,61,23,38,289,28,261,17.42857142857143,6.571428571428571,10.857142857142858,82.57142857142857,8,74.57142857142857
E00146350,326,45,19,26,281,31,250,13.803680981595093,5.828220858895705,7.975460122699387,86.1963190184049,9.509202453987731,76.68711656441718
E00146351,363,60,15,45,303,24,279,16.528925619834713,4.132231404958678,12.396694214876034,83.47107438016529,6.6115702479338845,76.85950413223141
E00146352,374,47,15,32,327,35,292,12.566844919786096,4.0106951871657754,8.55614973262032,87.43315508021391,9.358288770053475,78.07486631016043
E00146353,287,46,16,30,241,29,212,16.02787456445993,5.574912891986063,10.452961672473867,83.97212543554006,10.104529616724738,73.86759581881533
E00146354,292,53,18,35,239,18,221,18.15068493150685,6.164383561643835,11.986301369863012,81.84931506849315,6.164383561643835,75.68493150684932
E00146355,300,22,5,17,278,29,249,7.333333333333333,1.6666666666666667,5.666666666666666,92.66666666666666,9.666666666666666,83
E00146356,235,41,14,27,194,14,180,17.4468085106383,5.957446808510639,11.48936170212766,82.5531914893617,5.957446808510639,76.59574468085107
E00146357,322,45,14,31,277,29,248,13.975155279503104,4.3478260869565215,9.627329192546584,86.0248447204969,9.006211180124224,77.01863354037268
E00146358,391,54,15,39,337,32,305,13.810741687979538,3.8363171355498724,9.974424552429667,86.18925831202046,8.184143222506394,78.00511508951406
E00146359,278,53,20,33,225,22,203,19.06474820143885,7.1942446043165464,11.870503597122301,80.93525179856115,7.913669064748201,73.02158273381295
E00146360,422,45,20,25,377,32,345,10.66350710900474,4.739336492890995,5.924170616113744,89.33649289099526,7.5829383886255926,81.75355450236967
E00146361,321,39,12,27,282,30,252,12.149532710280374,3.7383177570093453,8.411214953271028,87.85046728971963,9.345794392523365,78.50467289719626
E00146362,369,51,15,36,318,23,295,13.821138211382115,4.0650406504065035,9.75609756097561,86.1788617886179,6.233062330623306,79.94579945799458
E00146363,314,58,15,43,256,19,237,18.471337579617835,4.777070063694268,13.694267515923567,81.52866242038218,6.050955414012739,75.47770700636943
E00146364,272,40,9,31,232,19,213,14.705882352941178,3.308823529411765,11.397058823529411,85.29411764705883,6.985294117647059,78.30882352941177
E00146366,608,77,29,48,531,58,473,12.664473684210526,4.769736842105264,7.894736842105263,87.33552631578947,9.539473684210527,77.79605263157895
E00146368,245,31,10,21,214,18,196,12.653061224489795,4.081632653061225,8.571428571428571,87.34693877551021,7.346938775510205,80
E00146369,364,32,4,28,332,27,305,8.791208791208792,1.098901098901099,7.6923076923076925,91.20879120879121,7.417582417582418,83.79120879120879
E00146370,340,42,15,27,298,53,245,12.352941176470589,4.411764705882353,7.941176470588235,87.6470588235294,15.588235294117647,72.05882352941177
E00146371,166,27,17,10,139,20,119,16.265060240963855,10.240963855421686,6.024096385542169,83.73493975903614,12.048192771084338,71.6867469879518
E00146372,137,14,4,10,123,12,111,10.218978102189782,2.9197080291970803,7.2992700729927,89.78102189781022,8.75912408759124,81.02189781021897
E00146373,345,60,20,40,285,28,257,17.391304347826086,5.797101449275362,11.594202898550725,82.6086956521739,8.115942028985506,74.4927536231884
E00146374,242,18,2,16,224,29,195,7.43801652892562,0.8264462809917356,6.6115702479338845,92.56198347107438,11.983471074380166,80.57851239669421
E00146375,304,41,12,29,263,27,236,13.486842105263158,3.9473684210526314,9.539473684210527,86.51315789473685,8.881578947368421,77.63157894736842
E00146376,237,29,7,22,208,26,182,12.236286919831224,2.9535864978902953,9.282700421940929,87.76371308016878,10.970464135021098,76.79324894514767
E00146377,581,83,25,58,498,56,442,14.285714285714285,4.3029259896729775,9.982788296041308,85.71428571428571,9.63855421686747,76.07573149741825
E00146378,594,77,23,54,517,53,464,12.962962962962962,3.872053872053872,9.090909090909092,87.03703703703704,8.922558922558922,78.11447811447812
E00146379,274,62,25,37,212,25,187,22.62773722627737,9.124087591240876,13.503649635036496,77.37226277372264,9.124087591240876,68.24817518248175
E00146381,152,14,7,7,138,14,124,9.210526315789473,4.605263157894736,4.605263157894736,90.78947368421053,9.210526315789473,81.57894736842105
E00146382,184,49,28,21,135,12,123,26.6304347826087,15.217391304347828,11.41304347826087,73.36956521739131,6.521739130434782,66.84782608695652
E00146384,293,36,18,18,257,21,236,12.286689419795222,6.143344709897611,6.143344709897611,87.71331058020478,7.167235494880546,80.54607508532423
E00146385,476,88,55,33,388,16,372,18.487394957983195,11.554621848739496,6.932773109243698,81.5126050420168,3.361344537815126,78.15126050420169
E00146386,318,10,0,10,308,13,295,3.1446540880503147,0,3.1446540880503147,96.85534591194968,4.088050314465408,92.76729559748428
E00146387,322,40,9,31,282,24,258,12.422360248447205,2.7950310559006213,9.627329192546584,87.5776397515528,7.453416149068323,80.12422360248446
E00146388,374,35,9,26,339,33,306,9.358288770053475,2.406417112299465,6.951871657754011,90.64171122994652,8.823529411764707,81.81818181818183
E00146389,388,48,20,28,340,35,305,12.371134020618557,5.154639175257731,7.216494845360824,87.62886597938144,9.02061855670103,78.6082474226804
E00146390,244,49,21,28,195,32,163,20.081967213114755,8.60655737704918,11.475409836065573,79.91803278688525,13.114754098360656,66.80327868852459
E00146391,455,66,16,50,389,30,359,14.505494505494507,3.5164835164835164,10.989010989010989,85.49450549450549,6.593406593406594,78.9010989010989
E00146392,328,46,19,27,282,33,249,14.02439024390244,5.7926829268292686,8.231707317073171,85.97560975609755,10.060975609756099,75.91463414634147
E00146393,365,37,15,22,328,30,298,10.136986301369863,4.10958904109589,6.027397260273973,89.86301369863014,8.21917808219178,81.64383561643835
E00146394,301,37,10,27,264,20,244,12.29235880398671,3.322259136212625,8.970099667774086,87.70764119601328,6.64451827242525,81.06312292358804
E00146395,285,45,7,38,240,35,205,15.789473684210526,2.456140350877193,13.333333333333334,84.21052631578947,12.280701754385964,71.9298245614035
E00146396,394,65,18,47,329,30,299,16.49746192893401,4.568527918781726,11.928934010152284,83.50253807106598,7.614213197969544,75.88832487309645
E00146397,316,37,9,28,279,30,249,11.708860759493671,2.848101265822785,8.860759493670885,88.29113924050634,9.49367088607595,78.79746835443038
E00146398,296,46,11,35,250,23,227,15.54054054054054,3.7162162162162162,11.824324324324325,84.45945945945947,7.77027027027027,76.6891891891892
E00146400,471,108,43,65,363,26,337,22.929936305732486,9.129511677282377,13.800424628450106,77.07006369426752,5.520169851380043,71.54989384288747
E00146401,147,11,7,4,136,8,128,7.482993197278912,4.761904761904762,2.7210884353741496,92.51700680272108,5.442176870748299,87.07482993197279
E00146402,322,68,30,38,254,24,230,21.11801242236025,9.316770186335404,11.801242236024844,78.88198757763976,7.453416149068323,71.42857142857143
E00146404,392,44,10,34,348,42,306,11.224489795918368,2.5510204081632653,8.673469387755102,88.77551020408163,10.714285714285714,78.06122448979592
E00146405,385,50,20,30,335,37,298,12.987012987012985,5.194805194805195,7.792207792207792,87.01298701298701,9.61038961038961,77.40259740259741
E00146406,280,62,14,48,218,17,201,22.142857142857142,5,17.142857142857142,77.85714285714286,6.071428571428571,71.78571428571429
E00146407,359,75,32,43,284,21,263,20.891364902506965,8.913649025069638,11.977715877437326,79.10863509749304,5.8495821727019495,73.25905292479109
E00146408,141,41,15,26,100,11,89,29.078014184397162,10.638297872340425,18.439716312056735,70.92198581560284,7.801418439716312,63.12056737588653
E00146409,361,44,17,27,317,26,291,12.18836565096953,4.7091412742382275,7.479224376731302,87.81163434903047,7.202216066481995,80.60941828254848
E00146410,279,30,12,18,249,19,230,10.75268817204301,4.301075268817205,6.451612903225806,89.24731182795699,6.810035842293908,82.43727598566308
E00146411,334,48,15,33,286,28,258,14.37125748502994,4.491017964071856,9.880239520958083,85.62874251497006,8.383233532934131,77.24550898203593
E00146412,424,50,10,40,374,17,357,11.79245283018868,2.358490566037736,9.433962264150944,88.20754716981132,4.009433962264151,84.19811320754717
E00146413,588,87,32,55,501,46,455,14.795918367346939,5.442176870748299,9.35374149659864,85.20408163265306,7.8231292517006805,77.38095238095238
E00146414,434,68,20,48,366,41,325,15.668202764976957,4.6082949308755765,11.059907834101383,84.33179723502305,9.44700460829493,74.88479262672811
E00146415,336,51,20,31,285,27,258,15.178571428571427,5.952380952380952,9.226190476190476,84.82142857142857,8.035714285714286,76.78571428571429
E00146416,329,48,17,31,281,33,248,14.58966565349544,5.167173252279635,9.422492401215806,85.41033434650456,10.030395136778116,75.37993920972644
E00146417,355,51,17,34,304,37,267,14.366197183098592,4.788732394366197,9.577464788732394,85.63380281690141,10.422535211267606,75.21126760563381
E00146419,280,64,25,39,216,19,197,22.857142857142858,8.928571428571429,13.928571428571429,77.14285714285715,6.785714285714286,70.35714285714286
E00146420,233,11,0,11,222,9,213,4.721030042918455,0,4.721030042918455,95.27896995708154,3.862660944206009,91.41630901287554
E00146421,189,5,3,2,184,10,174,2.6455026455026456,1.5873015873015872,1.0582010582010581,97.35449735449735,5.291005291005291,92.06349206349206
E00146423,306,47,20,27,259,30,229,15.359477124183007,6.535947712418301,8.823529411764707,84.640522875817,9.803921568627452,74.83660130718954
E00146425,160,30,8,22,130,14,116,18.75,5,13.750000000000002,81.25,8.75,72.5
E00146426,173,27,4,23,146,5,141,15.606936416184972,2.312138728323699,13.294797687861271,84.39306358381504,2.8901734104046244,81.5028901734104
E00146427,494,93,49,44,401,42,359,18.82591093117409,9.919028340080972,8.906882591093117,81.17408906882592,8.502024291497975,72.67206477732793
E00146428,288,70,28,42,218,28,190,24.305555555555554,9.722222222222223,14.583333333333334,75.69444444444444,9.722222222222223,65.97222222222221
E00146429,459,62,26,36,397,49,348,13.507625272331156,5.664488017429194,7.8431372549019605,86.49237472766885,10.675381263616558,75.81699346405229
E00146430,314,52,16,36,262,27,235,16.560509554140125,5.095541401273886,11.464968152866243,83.43949044585987,8.598726114649681,74.84076433121018
E00146431,364,63,24,39,301,35,266,17.307692307692307,6.593406593406594,10.714285714285714,82.6923076923077,9.615384615384617,73.07692307692307
E00146432,384,49,18,31,335,30,305,12.760416666666666,4.6875,8.072916666666668,87.23958333333334,7.8125,79.42708333333334
E00146433,182,14,6,8,168,17,151,7.6923076923076925,3.296703296703297,4.395604395604396,92.3076923076923,9.340659340659341,82.96703296703298
E00146434,270,44,14,30,226,26,200,16.296296296296298,5.185185185185185,11.11111111111111,83.7037037037037,9.62962962962963,74.07407407407408
E00146435,242,36,18,18,206,22,184,14.87603305785124,7.43801652892562,7.43801652892562,85.12396694214877,9.090909090909092,76.03305785123968
E00146436,268,26,11,15,242,27,215,9.701492537313433,4.104477611940299,5.597014925373134,90.29850746268657,10.074626865671641,80.22388059701493
E00146437,219,51,16,35,168,11,157,23.28767123287671,7.30593607305936,15.981735159817351,76.71232876712328,5.0228310502283104,71.68949771689498
E00146438,106,21,7,14,85,10,75,19.81132075471698,6.60377358490566,13.20754716981132,80.18867924528303,9.433962264150944,70.75471698113208
E00146439,316,63,37,26,253,25,228,19.936708860759495,11.708860759493671,8.227848101265822,80.0632911392405,7.9113924050632916,72.15189873417721
E00146440,278,50,25,25,228,23,205,17.985611510791365,8.992805755395683,8.992805755395683,82.01438848920863,8.273381294964029,73.7410071942446
E00146441,224,19,6,13,205,16,189,8.482142857142858,2.6785714285714284,5.803571428571429,91.51785714285714,7.142857142857142,84.375
E00146443,225,71,33,38,154,5,149,31.555555555555554,14.666666666666666,16.88888888888889,68.44444444444444,2.2222222222222223,66.22222222222223
E00146444,345,49,18,31,296,23,273,14.202898550724639,5.217391304347826,8.985507246376812,85.79710144927536,6.666666666666667,79.13043478260869
E00146445,322,28,7,21,294,27,267,8.695652173913043,2.1739130434782608,6.521739130434782,91.30434782608695,8.385093167701864,82.91925465838509
E00146446,286,47,13,34,239,29,210,16.433566433566433,4.545454545454546,11.888111888111888,83.56643356643356,10.13986013986014,73.42657342657343
E00146447,270,31,11,20,239,14,225,11.481481481481481,4.074074074074074,7.4074074074074066,88.51851851851852,5.185185185185185,83.33333333333334
E00146448,288,49,18,31,239,21,218,17.01388888888889,6.25,10.76388888888889,82.98611111111111,7.291666666666667,75.69444444444444
E00146449,347,55,10,45,292,41,251,15.85014409221902,2.881844380403458,12.968299711815561,84.14985590778097,11.815561959654179,72.3342939481268
E00146450,366,69,28,41,297,19,278,18.852459016393443,7.650273224043716,11.202185792349727,81.14754098360656,5.191256830601093,75.95628415300546
E00146451,606,75,27,48,531,50,481,12.376237623762377,4.455445544554455,7.920792079207921,87.62376237623762,8.25082508250825,79.37293729372938
E00146452,442,74,28,46,368,23,345,16.7420814479638,6.334841628959276,10.407239819004525,83.2579185520362,5.203619909502263,78.05429864253394
E00146453,351,74,22,52,277,25,252,21.082621082621085,6.267806267806268,14.814814814814813,78.91737891737893,7.122507122507122,71.7948717948718
E00146454,601,65,18,47,536,40,496,10.8153078202995,2.995008319467554,7.820299500831947,89.18469217970049,6.655574043261231,82.52911813643927
E00146455,315,43,14,29,272,20,252,13.65079365079365,4.444444444444445,9.206349206349207,86.34920634920636,6.349206349206349,80
E00146456,373,42,13,29,331,33,298,11.26005361930295,3.485254691689008,7.774798927613941,88.73994638069705,8.847184986595174,79.89276139410187
E00146457,502,52,20,32,450,36,414,10.358565737051793,3.9840637450199203,6.374501992031872,89.64143426294821,7.171314741035857,82.47011952191235
E00146458,354,69,20,49,285,31,254,19.491525423728813,5.649717514124294,13.841807909604519,80.50847457627118,8.757062146892656,71.75141242937853
E00146459,301,57,17,40,244,23,221,18.93687707641196,5.647840531561462,13.2890365448505,81.06312292358804,7.641196013289036,73.421926910299
E00146460,502,70,34,36,432,39,393,13.94422310756972,6.772908366533864,7.171314741035857,86.05577689243027,7.768924302788845,78.28685258964143
E00146461,298,52,12,40,246,38,208,17.449664429530202,4.026845637583892,13.422818791946309,82.5503355704698,12.751677852348994,69.79865771812081
E00146462,298,42,11,31,256,23,233,14.093959731543624,3.691275167785235,10.40268456375839,85.90604026845638,7.718120805369128,78.18791946308725
E00146463,311,55,21,34,256,31,225,17.684887459807076,6.752411575562702,10.932475884244374,82.31511254019293,9.967845659163988,72.34726688102894
E00146464,301,59,27,32,242,31,211,19.601328903654487,8.970099667774086,10.631229235880399,80.39867109634552,10.299003322259136,70.09966777408638
E00146465,323,53,20,33,270,24,246,16.408668730650156,6.191950464396285,10.21671826625387,83.59133126934985,7.430340557275541,76.16099071207431
E00146466,485,70,23,47,415,40,375,14.432989690721648,4.742268041237113,9.690721649484537,85.56701030927834,8.24742268041237,77.31958762886599
E00146468,289,46,15,31,243,31,212,15.916955017301039,5.190311418685121,10.726643598615917,84.08304498269896,10.726643598615917,73.35640138408304
E00146469,447,107,72,35,340,28,312,23.937360178970916,16.10738255033557,7.829977628635347,76.0626398210291,6.263982102908278,69.79865771812081
E00146470,364,51,15,36,313,28,285,14.010989010989011,4.1208791208791204,9.89010989010989,85.98901098901099,7.6923076923076925,78.2967032967033
E00146471,444,101,40,61,343,24,319,22.74774774774775,9.00900900900901,13.73873873873874,77.25225225225225,5.405405405405405,71.84684684684684
E00146472,410,82,30,52,328,23,305,20,7.317073170731707,12.682926829268293,80,5.609756097560976,74.39024390243902
E00146474,295,56,16,40,239,30,209,18.983050847457626,5.423728813559322,13.559322033898304,81.01694915254237,10.16949152542373,70.84745762711864
E00146475,340,100,65,35,240,31,209,29.411764705882355,19.11764705882353,10.294117647058822,70.58823529411765,9.117647058823529,61.47058823529412
E00146477,281,36,10,26,245,32,213,12.811387900355871,3.558718861209965,9.252669039145907,87.18861209964413,11.387900355871885,75.80071174377224
E00146478,370,55,11,44,315,35,280,14.864864864864865,2.9729729729729732,11.891891891891893,85.13513513513513,9.45945945945946,75.67567567567568
E00146479,335,60,17,43,275,27,248,17.91044776119403,5.074626865671641,12.835820895522387,82.08955223880598,8.059701492537313,74.02985074626865
E00146480,257,30,5,25,227,22,205,11.673151750972762,1.9455252918287937,9.72762645914397,88.32684824902724,8.560311284046692,79.76653696498055
E00146481,325,40,8,32,285,36,249,12.307692307692308,2.4615384615384617,9.846153846153847,87.6923076923077,11.076923076923077,76.61538461538461
E00146482,308,59,22,37,249,36,213,19.155844155844157,7.142857142857142,12.012987012987013,80.84415584415584,11.688311688311687,69.15584415584416
E00146483,513,74,26,48,439,30,409,14.42495126705653,5.0682261208577,9.35672514619883,85.57504873294347,5.847953216374268,79.72709551656921
E00146484,300,40,17,23,260,39,221,13.333333333333334,5.666666666666666,7.666666666666666,86.66666666666667,13,73.66666666666667
E00146485,285,52,23,29,233,23,210,18.24561403508772,8.070175438596491,10.175438596491228,81.75438596491227,8.070175438596491,73.68421052631578
E00146486,321,40,14,26,281,33,248,12.461059190031152,4.361370716510903,8.09968847352025,87.53894080996885,10.2803738317757,77.25856697819314
E00146487,277,43,8,35,234,28,206,15.523465703971121,2.888086642599278,12.63537906137184,84.47653429602889,10.108303249097473,74.36823104693141
E00146488,305,63,37,26,242,32,210,20.655737704918035,12.131147540983607,8.524590163934425,79.34426229508198,10.491803278688524,68.85245901639344
E00146489,353,58,26,32,295,26,269,16.43059490084986,7.365439093484419,9.06515580736544,83.56940509915015,7.365439093484419,76.20396600566572
E00173190,322,44,15,29,278,36,242,13.664596273291925,4.658385093167702,9.006211180124224,86.33540372670807,11.180124223602485,75.15527950310559
E00173191,656,15,2,13,641,13,628,2.2865853658536586,0.3048780487804878,1.9817073170731707,97.71341463414635,1.9817073170731707,95.73170731707317
E00173192,152,7,1,6,145,3,142,4.605263157894736,0.6578947368421052,3.9473684210526314,95.39473684210526,1.9736842105263157,93.42105263157895
E00173193,192,16,8,8,176,19,157,8.333333333333332,4.166666666666666,4.166666666666666,91.66666666666666,9.895833333333332,81.77083333333334
E00173194,246,38,7,31,208,33,175,15.447154471544716,2.8455284552845526,12.601626016260163,84.5528455284553,13.414634146341465,71.13821138211382
E00173195,388,107,61,46,281,32,249,27.577319587628867,15.721649484536082,11.855670103092782,72.42268041237114,8.24742268041237,64.17525773195877
E00173196,160,19,2,17,141,8,133,11.875,1.25,10.625,88.125,5,83.125
E00173198,471,59,20,39,412,41,371,12.526539278131635,4.246284501061571,8.280254777070063,87.47346072186836,8.70488322717622,78.76857749469215
E00173200,160,22,9,13,138,14,124,13.750000000000002,5.625,8.125,86.25,8.75,77.5
E00173201,190,40,11,29,150,12,138,21.052631578947366,5.7894736842105265,15.263157894736842,78.94736842105263,6.315789473684211,72.63157894736842
E00173202,178,36,14,22,142,16,126,20.224719101123593,7.865168539325842,12.359550561797752,79.7752808988764,8.98876404494382,70.78651685393258
E00173203,220,25,8,17,195,20,175,11.363636363636363,3.6363636363636362,7.727272727272727,88.63636363636364,9.090909090909092,79.54545454545455
E00173204,361,52,21,31,309,39,270,14.40443213296399,5.8171745152354575,8.587257617728532,85.59556786703601,10.80332409972299,74.79224376731301
E00173205,270,45,14,31,225,21,204,16.666666666666664,5.185185185185185,11.481481481481481,83.33333333333334,7.777777777777778,75.55555555555556
E00173206,152,19,9,10,133,14,119,12.5,5.921052631578947,6.578947368421052,87.5,9.210526315789473,78.28947368421053
E00173207,900,37,0,37,863,48,815,4.111111111111112,0,4.111111111111112,95.88888888888889,5.333333333333334,90.55555555555556
E00173209,354,32,11,21,322,34,288,9.03954802259887,3.1073446327683616,5.932203389830509,90.96045197740112,9.6045197740113,81.35593220338984
E00173211,151,32,11,21,119,7,112,21.192052980132452,7.28476821192053,13.90728476821192,78.80794701986756,4.635761589403973,74.17218543046357
E00185850,583,69,25,44,514,41,473,11.83533447684391,4.288164665523156,7.547169811320755,88.16466552315609,7.0325900514579764,81.13207547169812
E00185859,123,36,21,15,87,7,80,29.268292682926827,17.073170731707318,12.195121951219512,70.73170731707317,5.691056910569105,65.04065040650406
E00185861,115,13,2,11,102,6,96,11.304347826086957,1.7391304347826086,9.565217391304348,88.69565217391305,5.217391304347826,83.47826086956522
E00185862,423,42,9,33,381,30,351,9.929078014184398,2.127659574468085,7.801418439716312,90.0709219858156,7.092198581560284,82.97872340425532
E00185864,291,15,5,10,276,8,268,5.154639175257731,1.718213058419244,3.436426116838488,94.84536082474226,2.7491408934707904,92.09621993127148
E00185870,514,53,13,40,461,40,421,10.311284046692606,2.529182879377432,7.782101167315175,89.6887159533074,7.782101167315175,81.90661478599222
E00185876,500,52,15,37,448,42,406,10.4,3,7.3999999999999995,89.60000000000001,8.4,81.2
E00185877,279,47,10,37,232,19,213,16.845878136200717,3.584229390681003,13.261648745519713,83.15412186379928,6.810035842293908,76.34408602150538
E00185880,395,47,20,27,348,38,310,11.89873417721519,5.063291139240507,6.8354430379746836,88.10126582278481,9.620253164556962,78.48101265822784
E00185881,370,24,2,22,346,22,324,6.486486486486487,0.5405405405405406,5.9459459459459465,93.51351351351352,5.9459459459459465,87.56756756756758
E00185897,219,23,9,14,196,12,184,10.50228310502283,4.10958904109589,6.392694063926941,89.49771689497716,5.47945205479452,84.01826484018264
E00185898,171,47,28,19,124,11,113,27.485380116959064,16.374269005847953,11.11111111111111,72.51461988304094,6.432748538011696,66.08187134502924
E00185900,138,20,8,12,118,6,112,14.492753623188406,5.797101449275362,8.695652173913043,85.5072463768116,4.3478260869565215,81.15942028985508
E00185901,166,53,29,24,113,13,100,31.92771084337349,17.46987951807229,14.457831325301203,68.07228915662651,7.83132530120482,60.24096385542169
E00185911,303,46,14,32,257,21,236,15.181518151815181,4.62046204620462,10.561056105610561,84.81848184818482,6.9306930693069315,77.88778877887789
E00185915,222,50,22,28,172,26,146,22.52252252252252,9.90990990990991,12.612612612612612,77.47747747747748,11.711711711711711,65.76576576576578
E00185916,423,42,13,29,381,24,357,9.929078014184398,3.0732860520094563,6.8557919621749415,90.0709219858156,5.673758865248227,84.39716312056737
E00185920,340,44,18,26,296,26,270,12.941176470588237,5.294117647058823,7.647058823529412,87.05882352941177,7.647058823529412,79.41176470588235
E00185927,466,58,21,37,408,43,365,12.446351931330472,4.506437768240343,7.939914163090128,87.55364806866953,9.2274678111588,78.32618025751073
E00185930,377,43,16,27,334,31,303,11.405835543766578,4.244031830238726,7.161803713527852,88.59416445623343,8.222811671087534,80.37135278514589
E00185933,522,80,26,54,442,37,405,15.32567049808429,4.980842911877394,10.344827586206897,84.67432950191571,7.088122605363985,77.58620689655173
E00185934,419,43,13,30,376,29,347,10.26252983293556,3.1026252983293556,7.159904534606206,89.73747016706443,6.921241050119331,82.81622911694511
E00185937,155,11,1,10,144,19,125,7.096774193548387,0.6451612903225806,6.451612903225806,92.90322580645162,12.258064516129032,80.64516129032258
E00185938,244,35,7,28,209,22,187,14.344262295081966,2.8688524590163933,11.475409836065573,85.65573770491804,9.01639344262295,76.63934426229508
E00185940,130,12,6,6,118,10,108,9.230769230769232,4.615384615384616,4.615384615384616,90.76923076923077,7.6923076923076925,83.07692307692308
E00185944,107,20,9,11,87,6,81,18.69158878504673,8.411214953271028,10.2803738317757,81.30841121495327,5.607476635514018,75.70093457943925
E00185948,177,19,2,17,158,12,146,10.734463276836157,1.1299435028248588,9.6045197740113,89.26553672316385,6.779661016949152,82.485875706214685
E00185949,471,43,18,25,428,26,402,9.129511677282377,3.821656050955414,5.3078556263269645,90.87048832271762,5.520169851380043,85.35031847133759
E00185951,278,10,0,10,268,14,254,3.5971223021582732,0,3.5971223021582732,96.40287769784173,5.0359712230215825,91.36690647482014
E00185952,194,19,6,13,175,13,162,9.793814432989691,3.0927835051546393,6.701030927835052,90.20618556701031,6.701030927835052,83.50515463917526
E00185955,215,16,3,13,199,14,185,7.441860465116279,1.3953488372093024,6.046511627906977,92.55813953488372,6.511627906976744,86.04651162790698
E00185957,252,46,18,28,206,25,181,18.253968253968253,7.142857142857142,11.11111111111111,81.74603174603175,9.920634920634921,71.82539682539682
E00185958,250,37,9,28,213,26,187,14.799999999999999,3.5999999999999996,11.200000000000001,85.2,10.4,74.8
E00185965,611,53,9,44,558,40,518,8.674304418985269,1.4729950900163666,7.201309328968904,91.32569558101473,6.546644844517186,84.77905073649754
E00185971,333,51,14,37,282,37,245,15.315315315315313,4.2042042042042045,11.11111111111111,84.68468468468468,11.11111111111111,73.57357357357357
E00185987,538,50,15,35,488,31,457,9.293680297397769,2.7881040892193307,6.5055762081784385,90.70631970260223,5.762081784386617,84.94423791821562
E00185991,388,38,11,27,350,14,336,9.793814432989691,2.8350515463917527,6.958762886597938,90.20618556701031,3.608247422680412,86.5979381443299
E00185992,247,32,8,24,215,16,199,12.955465587044534,3.2388663967611335,9.7165991902834,87.04453441295547,6.477732793522267,80.5668016194332
E00185993,539,61,17,44,478,43,435,11.317254174397032,3.153988868274583,8.16326530612245,88.68274582560296,7.977736549165121,80.70500927643785
E00185994,599,47,14,33,552,41,511,7.846410684474124,2.337228714524207,5.509181969949917,92.15358931552588,6.844741235392321,85.30884808013356
E00185996,391,29,4,25,362,26,336,7.41687979539642,1.0230179028132993,6.3938618925831205,92.58312020460357,6.649616368286446,85.93350383631714
E00185998,444,51,16,35,393,24,369,11.486486486486488,3.6036036036036037,7.882882882882883,88.51351351351352,5.405405405405405,83.1081081081081
E00186008,128,14,6,8,114,11,103,10.9375,4.6875,6.25,89.0625,8.59375,80.46875
E00186009,437,90,24,66,347,31,316,20.59496567505721,5.491990846681922,15.102974828375288,79.40503432494279,7.093821510297483,72.31121281464532
E00186013,355,35,5,30,320,25,295,9.859154929577464,1.4084507042253522,8.450704225352112,90.14084507042254,7.042253521126761,83.09859154929578
E00186015,226,29,13,16,197,22,175,12.831858407079647,5.752212389380531,7.079646017699115,87.16814159292035,9.734513274336283,77.43362831858407
E00186016,196,24,7,17,172,16,156,12.244897959183673,3.571428571428571,8.673469387755102,87.75510204081633,8.16326530612245,79.59183673469387
E00186024,252,30,4,26,222,14,208,11.904761904761903,1.5873015873015872,10.317460317460316,88.09523809523809,5.555555555555555,82.53968253968253
E00186030,485,41,16,25,444,31,413,8.45360824742268,3.2989690721649487,5.154639175257731,91.54639175257732,6.391752577319587,85.15463917525773
E00186037,463,58,22,36,405,46,359,12.526997840172784,4.751619870410368,7.775377969762419,87.47300215982722,9.935205183585314,77.5377969762419
E00186041,418,57,24,33,361,32,329,13.636363636363635,5.741626794258373,7.894736842105263,86.36363636363636,7.655502392344498,78.70813397129187
E00186042,616,60,24,36,556,51,505,9.740259740259742,3.896103896103896,5.844155844155844,90.25974025974025,8.279220779220779,81.98051948051948
E00186043,200,28,11,17,172,13,159,14.000000000000002,5.5,8.5,86,6.5,79.5
E00186044,110,17,6,11,93,8,85,15.454545454545453,5.454545454545454,10,84.54545454545455,7.2727272727272725,77.27272727272727
E00186050,255,40,18,22,215,17,198,15.686274509803921,7.0588235294117645,8.627450980392156,84.31372549019608,6.666666666666667,77.64705882352942
E00186052,411,40,11,29,371,27,344,9.732360097323602,2.67639902676399,7.0559610705596105,90.2676399026764,6.569343065693431,83.69829683698296
E00186059,320,50,22,28,270,18,252,15.625,6.875000000000001,8.75,84.375,5.625,78.75
E00186060,501,60,21,39,441,31,410,11.976047904191617,4.191616766467066,7.784431137724551,88.02395209580838,6.187624750499002,81.83632734530939
E00186069,247,48,18,30,199,18,181,19.4331983805668,7.28744939271255,12.145748987854251,80.5668016194332,7.28744939271255,73.27935222672065
E00186070,511,40,13,27,471,46,425,7.8277886497064575,2.5440313111545985,5.283757338551859,92.17221135029354,9.001956947162427,83.17025440313111
E00186072,405,47,16,31,358,22,336,11.604938271604938,3.950617283950617,7.654320987654321,88.39506172839506,5.432098765432099,82.96296296296296
E00186075,471,72,22,50,399,47,352,15.286624203821656,4.670912951167728,10.615711252653929,84.71337579617835,9.978768577494693,74.73460721868365
