OA,ts0590001,ts0590002,ts0590003,ts0590004,ts0590005,ts0590006,ts0590007,ts0590002_PCT,ts0590003_PCT,ts0590004_PCT,ts0590005_PCT,ts0590006_PCT,ts0590007_PCT
E00146108,174,45,10,35,129,115,14,25.862068965517242,5.747126436781609,20.114942528735632,74.13793103448276,66.0919540229885,8.045977011494253
E00146110,151,27,8,19,124,110,14,17.880794701986755,5.298013245033113,12.582781456953644,82.11920529801324,72.84768211920529,9.271523178807946
E00146111,146,54,17,37,92,82,10,36.986301369863014,11.643835616438356,25.34246575342466,63.013698630136986,56.16438356164384,6.8493150684931505
E00146112,154,46,16,30,108,103,5,29.87012987012987,10.38961038961039,19.480519480519483,70.12987012987013,66.88311688311688,3.2467532467532463
E00146113,105,30,13,17,75,70,5,28.57142857142857,12.380952380952381,16.19047619047619,71.42857142857143,66.66666666666666,4.761904761904762
E00146114,159,37,10,27,122,108,14,23.270440251572328,6.289308176100629,16.9811320754717,76.72955974842768,67.9245283018868,8.80503144654088
E00146115,168,53,21,32,115,97,18,31.547619047619047,12.5,19.047619047619047,68.45238095238095,57.738095238095234,10.714285714285714
E00146117,161,32,7,25,129,119,10,19.875776397515526,4.3478260869565215,15.527950310559005,80.12422360248446,73.91304347826086,6.211180124223603
E00146118,155,50,11,39,105,93,12,32.25806451612903,7.096774193548387,25.161290322580644,67.74193548387096,60,7.741935483870968
E00146119,182,49,16,33,133,117,16,26.923076923076923,8.791208791208792,18.13186813186813,73.07692307692307,64.28571428571429,8.791208791208792
E00146120,178,45,13,32,133,125,8,25.280898876404496,7.303370786516854,17.97752808988764,74.71910112359551,70.2247191011236,4.49438202247191
E00146122,219,40,12,28,179,158,21,18.2648401826484,5.47945205479452,12.785388127853881,81.7351598173516,72.14611872146118,9.58904109589041
E00146123,138,29,9,20,109,98,11,21.014492753623188,6.521739130434782,14.492753623188406,78.98550724637681,71.01449275362319,7.971014492753622
E00146124,144,47,12,35,97,89,8,32.63888888888889,8.333333333333332,24.305555555555554,67.36111111111111,61.80555555555556,5.555555555555555
E00146125,136,37,8,29,99,88,11,27.205882352941174,5.88235294117647,21.323529411764707,72.79411764705883,64.70588235294117,8.088235294117647
E00146127,219,49,22,27,170,146,24,22.37442922374429,10.045662100456621,12.32876712328767,77.6255707762557,66.66666666666666,10.95890410958904
E00146128,165,47,12,35,118,111,7,28.484848484848484,7.2727272727272725,21.21212121212121,71.51515151515152,67.27272727272727,4.242424242424243
E00146129,132,39,7,32,93,85,8,29.545454545454547,5.303030303030303,24.242424242424242,70.45454545454545,64.39393939393939,6.0606060606060606
E00146130,120,39,10,29,81,72,9,32.5,8.333333333333332,24.166666666666668,67.5,60,7.5
E00146131,149,39,18,21,110,103,7,26.174496644295303,12.080536912751679,14.093959731543624,73.8255033557047,69.12751677852349,4.697986577181208
E00146132,111,38,11,27,73,59,14,34.234234234234236,9.90990990990991,24.324324324324326,65.76576576576578,53.153153153153156,12.612612612612612
E00146133,166,50,20,30,116,105,11,30.120481927710845,12.048192771084338,18.072289156626507,69.87951807228916,63.25301204819277,6.626506024096386
E00146134,140,43,8,35,97,81,16,30.714285714285715,5.714285714285714,25,69.28571428571428,57.85714285714286,11.428571428571429
E00146135,170,46,9,37,124,115,9,27.058823529411764,5.294117647058823,21.764705882352942,72.94117647058823,67.64705882352942,5.294117647058823
E00146136,176,44,11,33,132,124,8,25,6.25,18.75,75,70.45454545454545,4.545454545454546
E00146137,143,41,10,31,102,89,13,28.671328671328673,6.993006993006993,21.678321678321677,71.32867132867133,62.23776223776224,9.090909090909092
E00146138,163,58,22,36,105,87,18,35.58282208588957,13.496932515337424,22.085889570552148,64.41717791411043,53.37423312883436,11.042944785276074
E00146139,196,60,25,35,136,117,19,30.612244897959183,12.755102040816327,17.857142857142858,69.38775510204081,59.693877551020414,9.693877551020408
E00146140,172,56,20,36,116,101,15,32.55813953488372,11.627906976744185,20.930232558139537,67.44186046511628,58.720930232558146,8.720930232558139
E00146141,141,38,10,28,103,93,10,26.95035460992908,7.092198581560284,19.858156028368796,73.04964539007092,65.95744680851064,7.092198581560284
E00146142,152,37,7,30,115,101,14,24.342105263157894,4.605263157894736,19.736842105263158,75.6578947368421,66.44736842105263,9.210526315789473
E00146143,180,58,18,40,122,112,10,32.22222222222222,10,22.22222222222222,67.77777777777779,62.22222222222222,5.555555555555555
E00146144,178,45,8,37,133,113,20,25.280898876404496,4.49438202247191,20.786516853932586,74.71910112359551,63.48314606741573,11.235955056179774
E00146145,175,33,8,25,142,130,12,18.857142857142858,4.571428571428571,14.285714285714285,81.14285714285714,74.28571428571429,6.857142857142858
E00146146,188,56,14,42,132,113,19,29.78723404255319,7.446808510638298,22.340425531914892,70.2127659574468,60.1063829787234,10.106382978723403
E00146147,202,51,19,32,151,139,12,25.247524752475247,9.405940594059405,15.841584158415841,74.75247524752476,68.8118811881188,5.9405940594059405
E00146148,133,28,5,23,105,93,12,21.052631578947366,3.7593984962406015,17.293233082706767,78.94736842105263,69.92481203007519,9.022556390977442
E00146149,134,45,20,25,89,74,15,33.582089552238806,14.925373134328357,18.65671641791045,66.4179104477612,55.223880597014926,11.194029850746269
E00146150,136,45,17,28,91,76,15,33.088235294117645,12.5,20.588235294117645,66.91176470588235,55.88235294117647,11.029411764705882
E00146151,164,40,14,26,124,107,17,24.390243902439025,8.536585365853659,15.853658536585366,75.60975609756098,65.2439024390244,10.365853658536585
E00146152,154,49,16,33,105,90,15,31.818181818181817,10.38961038961039,21.428571428571427,68.18181818181817,58.44155844155844,9.740259740259742
E00146153,153,48,20,28,105,87,18,31.372549019607842,13.071895424836603,18.30065359477124,68.62745098039215,56.86274509803921,11.76470588235294
E00146154,204,53,19,34,151,127,24,25.98039215686275,9.313725490196079,16.666666666666664,74.01960784313727,62.254901960784316,11.76470588235294
E00146155,148,50,17,33,98,83,15,33.78378378378378,11.486486486486488,22.2972972972973,66.21621621621621,56.08108108108109,10.135135135135135
E00146156,146,47,19,28,99,78,21,32.19178082191781,13.013698630136986,19.17808219178082,67.8082191780822,53.42465753424658,14.383561643835616
E00146157,138,29,5,24,109,96,13,21.014492753623188,3.6231884057971016,17.391304347826086,78.98550724637681,69.56521739130434,9.420289855072465
E00146158,265,54,20,34,211,184,27,20.37735849056604,7.547169811320755,12.830188679245284,79.62264150943396,69.43396226415094,10.18867924528302
E00146159,176,30,13,17,146,130,16,17.045454545454543,7.386363636363637,9.659090909090908,82.95454545454545,73.86363636363636,9.090909090909092
E00146160,138,28,9,19,110,90,20,20.28985507246377,6.521739130434782,13.768115942028986,79.71014492753623,65.21739130434783,14.492753623188406
E00146161,137,40,15,25,97,90,7,29.1970802919708,10.948905109489052,18.248175182481752,70.8029197080292,65.69343065693431,5.109489051094891
E00146162,168,41,12,29,127,117,10,24.404761904761905,7.142857142857142,17.261904761904763,75.59523809523809,69.64285714285714,5.952380952380952
E00146163,199,53,20,33,146,124,22,26.633165829145728,10.050251256281408,16.582914572864322,73.36683417085426,62.311557788944725,11.055276381909549
E00146164,170,44,12,32,126,109,17,25.882352941176475,7.0588235294117645,18.823529411764707,74.11764705882354,64.11764705882354,10
E00146165,130,42,10,32,88,86,2,32.30769230769231,7.6923076923076925,24.615384615384617,67.6923076923077,66.15384615384615,1.5384615384615385
E00146166,133,52,29,23,81,68,13,39.097744360902254,21.804511278195488,17.293233082706767,60.902255639097746,51.127819548872175,9.774436090225564
E00146167,167,47,14,33,120,109,11,28.143712574850298,8.383233532934131,19.760479041916167,71.8562874251497,65.26946107784431,6.58682634730539
E00146168,121,40,12,28,81,69,12,33.057851239669425,9.917355371900827,23.140495867768596,66.94214876033058,57.02479338842975,9.917355371900827
E00146169,166,47,15,32,119,100,19,28.313253012048197,9.036144578313253,19.27710843373494,71.6867469879518,60.24096385542169,11.44578313253012
E00146170,107,33,5,28,74,64,10,30.8411214953271,4.672897196261682,26.168224299065418,69.1588785046729,59.813084112149525,9.345794392523365
E00146171,156,39,10,29,117,104,13,25,6.41025641025641,18.58974358974359,75,66.66666666666666,8.333333333333332
E00146172,240,61,18,43,179,157,22,25.416666666666664,7.5,17.916666666666668,74.58333333333333,65.41666666666667,9.166666666666666
E00146173,162,45,15,30,117,100,17,27.77777777777778,9.25925925925926,18.51851851851852,72.22222222222221,61.72839506172839,10.493827160493826
E00146174,138,48,13,35,90,75,15,34.78260869565217,9.420289855072465,25.36231884057971,65.21739130434783,54.347826086956516,10.869565217391305
E00146175,212,59,23,36,153,134,19,27.830188679245282,10.849056603773585,16.9811320754717,72.16981132075472,63.20754716981132,8.962264150943396
E00146176,188,57,18,39,131,108,23,30.319148936170215,9.574468085106384,20.74468085106383,69.68085106382979,57.446808510638306,12.23404255319149
E00146177,118,31,8,23,87,77,10,26.27118644067797,6.779661016949152,19.491525423728813,73.72881355932203,65.2542372881356,8.47457627118644
E00146178,155,36,21,15,119,109,10,23.225806451612904,13.548387096774196,9.67741935483871,76.77419354838709,70.3225806451613,6.451612903225806
E00146179,164,53,21,32,111,90,21,32.31707317073171,12.804878048780488,19.51219512195122,67.6829268292683,54.87804878048781,12.804878048780488
E00146180,158,43,15,28,115,103,12,27.21518987341772,9.49367088607595,17.72151898734177,72.78481012658227,65.18987341772153,7.59493670886076
E00146181,178,36,12,24,142,122,20,20.224719101123593,6.741573033707865,13.48314606741573,79.7752808988764,68.53932584269663,11.235955056179774
E00146182,254,55,16,39,199,171,28,21.653543307086615,6.299212598425196,15.354330708661418,78.34645669291339,67.32283464566929,11.023622047244094
E00146183,218,68,18,50,150,138,12,31.19266055045872,8.256880733944955,22.93577981651376,68.80733944954129,63.30275229357798,5.5045871559633035
E00146184,165,27,8,19,138,118,20,16.363636363636363,4.848484848484849,11.515151515151516,83.63636363636363,71.51515151515152,12.121212121212121
E00146185,209,48,11,37,161,143,18,22.966507177033492,5.263157894736842,17.703349282296653,77.03349282296651,68.42105263157895,8.61244019138756
E00146186,188,41,8,33,147,134,13,21.808510638297875,4.25531914893617,17.5531914893617,78.19148936170212,71.27659574468085,6.914893617021277
E00146187,143,46,15,31,97,87,10,32.16783216783217,10.48951048951049,21.678321678321677,67.83216783216784,60.83916083916085,6.993006993006993
E00146188,128,36,13,23,92,81,11,28.125,10.15625,17.96875,71.875,63.28125,8.59375
E00146189,125,36,11,25,89,81,8,28.799999999999997,8.799999999999999,20,71.2,64.8,6.4
E00146190,104,34,11,23,70,63,7,32.69230769230769,10.576923076923077,22.115384615384613,67.3076923076923,60.57692307692307,6.730769230769231
E00146191,137,33,11,22,104,87,17,24.087591240875913,8.02919708029197,16.05839416058394,75.91240875912408,63.503649635036496,12.408759124087592
E00146192,143,36,7,29,107,91,16,25.174825174825177,4.895104895104895,20.27972027972028,74.82517482517483,63.63636363636363,11.188811188811188
E00146193,171,40,14,26,131,116,15,23.391812865497073,8.187134502923977,15.204678362573098,76.60818713450293,67.83625730994152,8.771929824561402
E00146194,162,47,12,35,115,106,9,29.01234567901235,7.4074074074074066,21.604938271604937,70.98765432098766,65.4320987654321,5.555555555555555
E00146196,179,43,11,32,136,126,10,24.022346368715084,6.145251396648044,17.877094972067038,75.97765363128491,70.39106145251397,5.58659217877095
E00146197,157,37,7,30,120,106,14,23.56687898089172,4.45859872611465,19.10828025477707,76.43312101910828,67.51592356687898,8.9171974522293
E00146198,167,47,14,33,120,112,8,28.143712574850298,8.383233532934131,19.760479041916167,71.8562874251497,67.06586826347305,4.790419161676647
E00146199,138,30,9,21,108,98,10,21.73913043478261,6.521739130434782,15.217391304347828,78.26086956521739,71.01449275362319,7.246376811594203
E00146200,182,56,27,29,126,117,9,30.76923076923077,14.835164835164836,15.934065934065933,69.23076923076923,64.28571428571429,4.945054945054945
E00146201,141,43,11,32,98,87,11,30.49645390070922,7.801418439716312,22.69503546099291,69.50354609929079,61.702127659574465,7.801418439716312
E00146202,186,38,17,21,148,141,7,20.43010752688172,9.13978494623656,11.29032258064516,79.56989247311827,75.80645161290323,3.763440860215054
E00146203,128,33,12,21,95,86,9,25.78125,9.375,16.40625,74.21875,67.1875,7.03125
E00146204,165,32,7,25,133,123,10,19.393939393939394,4.242424242424243,15.151515151515152,80.60606060606061,74.54545454545455,6.0606060606060606
E00146205,149,33,11,22,116,100,16,22.14765100671141,7.38255033557047,14.76510067114094,77.85234899328859,67.11409395973155,10.738255033557047
E00146206,158,38,11,27,120,110,10,24.050632911392405,6.962025316455696,17.088607594936708,75.9493670886076,69.62025316455697,6.329113924050633
E00146207,115,28,13,15,87,79,8,24.347826086956523,11.304347826086957,13.043478260869565,75.65217391304347,68.69565217391305,6.956521739130435
E00146208,148,46,23,23,102,80,22,31.08108108108108,15.54054054054054,15.54054054054054,68.91891891891892,54.054054054054056,14.864864864864865
E00146209,172,42,12,30,130,109,21,24.418604651162788,6.976744186046512,17.441860465116278,75.5813953488372,63.372093023255815,12.209302325581394
E00146210,167,60,18,42,107,80,27,35.92814371257485,10.778443113772456,25.149700598802394,64.07185628742515,47.90419161676647,16.16766467065868
E00146211,98,28,6,22,70,58,12,28.57142857142857,6.122448979591836,22.448979591836736,71.42857142857143,59.183673469387756,12.244897959183673
E00146212,203,52,13,39,151,118,33,25.615763546798032,6.403940886699508,19.21182266009852,74.38423645320196,58.128078817733986,16.25615763546798
E00146213,90,32,9,23,58,46,12,35.55555555555556,10,25.555555555555554,64.44444444444444,51.11111111111111,13.333333333333334
E00146214,125,36,14,22,89,79,10,28.799999999999997,11.200000000000001,17.599999999999998,71.2,63.2,8
E00146215,141,43,16,27,98,83,15,30.49645390070922,11.347517730496454,19.148936170212767,69.50354609929079,58.86524822695035,10.638297872340425
E00146216,100,24,11,13,76,58,18,24,11,13,76,57.99999999999999,18
E00146217,152,42,21,21,110,98,12,27.631578947368425,13.815789473684212,13.815789473684212,72.36842105263158,64.47368421052632,7.894736842105263
E00146218,102,27,11,16,75,55,20,26.47058823529412,10.784313725490197,15.686274509803921,73.52941176470588,53.92156862745098,19.607843137254903
E00146219,168,60,22,38,108,90,18,35.714285714285715,13.095238095238097,22.61904761904762,64.28571428571429,53.57142857142857,10.714285714285714
E00146220,235,61,18,43,174,150,24,25.957446808510635,7.659574468085106,18.29787234042553,74.04255319148936,63.829787234042556,10.212765957446807
E00146221,156,38,11,27,118,99,19,24.358974358974358,7.051282051282051,17.307692307692307,75.64102564102564,63.46153846153846,12.179487179487179
E00146222,224,60,25,35,164,141,23,26.785714285714285,11.160714285714286,15.625,73.21428571428571,62.94642857142857,10.267857142857142
E00146223,179,63,32,31,116,86,30,35.19553072625698,17.877094972067038,17.318435754189945,64.80446927374301,48.04469273743017,16.75977653631285
E00146224,137,41,19,22,96,73,23,29.927007299270077,13.86861313868613,16.05839416058394,70.07299270072993,53.284671532846716,16.78832116788321
E00146225,190,57,15,42,133,114,19,30,7.894736842105263,22.105263157894736,70,60,10
E00146226,213,53,21,32,160,128,32,24.88262910798122,9.859154929577464,15.023474178403756,75.11737089201877,60.093896713615024,15.023474178403756
E00146227,176,51,20,31,125,109,16,28.97727272727273,11.363636363636363,17.613636363636363,71.02272727272727,61.93181818181818,9.090909090909092
E00146229,157,50,25,25,107,85,22,31.84713375796178,15.92356687898089,15.92356687898089,68.15286624203821,54.14012738853503,14.012738853503185
E00146230,179,57,29,28,122,88,34,31.843575418994412,16.201117318435752,15.64245810055866,68.15642458100558,49.162011173184354,18.994413407821227
E00146231,132,32,10,22,100,81,19,24.242424242424242,7.575757575757576,16.666666666666664,75.75757575757575,61.36363636363637,14.393939393939394
E00146232,127,46,17,29,81,63,18,36.22047244094488,13.385826771653544,22.83464566929134,63.77952755905512,49.60629921259843,14.173228346456693
E00146233,105,34,10,24,71,60,11,32.38095238095238,9.523809523809524,22.857142857142858,67.61904761904762,57.14285714285714,10.476190476190476
E00146234,143,41,19,22,102,74,28,28.671328671328673,13.286713286713287,15.384615384615385,71.32867132867133,51.74825174825175,19.58041958041958
E00146235,164,40,14,26,124,102,22,24.390243902439025,8.536585365853659,15.853658536585366,75.60975609756098,62.19512195121951,13.414634146341465
E00146236,146,55,25,30,91,72,19,37.67123287671233,17.123287671232877,20.54794520547945,62.328767123287676,49.31506849315068,13.013698630136986
E00146237,122,32,15,17,90,62,28,26.229508196721312,12.295081967213115,13.934426229508196,73.77049180327869,50.81967213114754,22.950819672131146
E00146238,226,69,20,49,157,118,39,30.53097345132743,8.849557522123893,21.68141592920354,69.46902654867256,52.21238938053098,17.25663716814159
E00146239,126,42,17,25,84,66,18,33.33333333333333,13.492063492063492,19.841269841269842,66.66666666666666,52.38095238095239,14.285714285714285
E00146240,169,68,28,40,101,79,22,40.23668639053255,16.56804733727811,23.668639053254438,59.76331360946746,46.74556213017752,13.017751479289942
E00146241,70,17,6,11,53,45,8,24.285714285714285,8.571428571428571,15.714285714285714,75.71428571428571,64.28571428571429,11.428571428571429
E00146242,133,43,25,18,90,66,24,32.33082706766917,18.796992481203006,13.533834586466165,67.66917293233082,49.62406015037594,18.045112781954884
E00146243,114,24,7,17,90,69,21,21.052631578947366,6.140350877192982,14.912280701754385,78.94736842105263,60.526315789473685,18.421052631578945
E00146244,170,49,18,31,121,94,27,28.823529411764703,10.588235294117647,18.235294117647058,71.17647058823529,55.294117647058826,15.88235294117647
E00146245,195,66,27,39,129,98,31,33.84615384615385,13.846153846153847,20,66.15384615384615,50.256410256410255,15.897435897435896
E00146246,189,54,13,41,135,115,20,28.57142857142857,6.878306878306878,21.693121693121693,71.42857142857143,60.84656084656085,10.582010582010582
E00146247,121,35,13,22,86,60,26,28.92561983471074,10.743801652892563,18.181818181818183,71.07438016528926,49.586776859504134,21.487603305785125
E00146248,287,73,27,46,214,177,37,25.435540069686414,9.40766550522648,16.02787456445993,74.56445993031359,61.672473867595826,12.89198606271777
E00146249,208,56,24,32,152,136,16,26.923076923076923,11.538461538461538,15.384615384615385,73.07692307692307,65.38461538461539,7.6923076923076925
E00146250,204,50,14,36,154,136,18,24.509803921568626,6.862745098039216,17.647058823529413,75.49019607843137,66.66666666666666,8.823529411764707
E00146251,174,53,21,32,121,97,24,30.45977011494253,12.068965517241379,18.39080459770115,69.54022988505747,55.74712643678161,13.793103448275861
E00146252,175,52,18,34,123,104,19,29.714285714285715,10.285714285714285,19.428571428571427,70.28571428571428,59.42857142857143,10.857142857142858
E00146254,168,50,17,33,118,109,9,29.761904761904763,10.119047619047619,19.642857142857142,70.23809523809523,64.88095238095238,5.357142857142857
E00146255,97,26,12,14,71,57,14,26.804123711340207,12.371134020618557,14.432989690721648,73.19587628865979,58.76288659793815,14.432989690721648
E00146256,73,18,9,9,55,48,7,24.65753424657534,12.32876712328767,12.32876712328767,75.34246575342466,65.75342465753424,9.58904109589041
E00146258,88,32,10,22,56,53,3,36.36363636363637,11.363636363636363,25,63.63636363636363,60.22727272727273,3.4090909090909087
E00146259,157,38,17,21,119,99,20,24.203821656050955,10.828025477707007,13.375796178343949,75.79617834394905,63.05732484076433,12.738853503184714
E00146261,147,39,13,26,108,94,14,26.53061224489796,8.843537414965986,17.687074829931973,73.46938775510205,63.94557823129252,9.523809523809524
E00146262,189,50,13,37,139,122,17,26.455026455026452,6.878306878306878,19.576719576719576,73.54497354497354,64.55026455026454,8.994708994708994
E00146263,104,33,8,25,71,63,8,31.73076923076923,7.6923076923076925,24.03846153846154,68.26923076923077,60.57692307692307,7.6923076923076925
E00146264,119,27,10,17,92,79,13,22.689075630252102,8.403361344537815,14.285714285714285,77.31092436974791,66.38655462184873,10.92436974789916
E00146265,144,27,9,18,117,102,15,18.75,6.25,12.5,81.25,70.83333333333334,10.416666666666668
E00146266,178,46,14,32,132,120,12,25.842696629213485,7.865168539325842,17.97752808988764,74.15730337078652,67.41573033707866,6.741573033707865
E00146267,128,41,18,23,87,78,9,32.03125,14.0625,17.96875,67.96875,60.9375,7.03125
E00146269,175,54,18,36,121,105,16,30.857142857142854,10.285714285714285,20.57142857142857,69.14285714285714,60,9.142857142857142
E00146270,110,37,13,24,73,62,11,33.63636363636363,11.818181818181818,21.818181818181817,66.36363636363637,56.36363636363636,10
E00146271,140,38,12,26,102,88,14,27.142857142857142,8.571428571428571,18.571428571428573,72.85714285714285,62.857142857142854,10
E00146272,153,38,14,24,115,99,16,24.836601307189543,9.15032679738562,15.686274509803921,75.16339869281046,64.70588235294117,10.457516339869281
E00146273,169,50,25,25,119,97,22,29.585798816568047,14.792899408284024,14.792899408284024,70.41420118343196,57.396449704142015,13.017751479289942
E00146274,115,42,18,24,73,64,9,36.52173913043478,15.65217391304348,20.869565217391305,63.47826086956522,55.65217391304348,7.82608695652174
E00146275,161,44,14,30,117,104,13,27.32919254658385,8.695652173913043,18.633540372670808,72.67080745341616,64.59627329192547,8.074534161490684
E00146276,200,55,18,37,145,129,16,27.500000000000004,9,18.5,72.5,64.5,8
E00146277,286,62,20,42,224,190,34,21.678321678321677,6.993006993006993,14.685314685314685,78.32167832167832,66.43356643356644,11.888111888111888
E00146278,165,27,10,17,138,113,25,16.363636363636363,6.0606060606060606,10.303030303030303,83.63636363636363,68.48484848484848,15.151515151515152
E00146279,86,20,6,14,66,49,17,23.25581395348837,6.976744186046512,16.27906976744186,76.74418604651163,56.97674418604651,19.767441860465116
E00146280,119,41,19,22,78,60,18,34.45378151260504,15.966386554621847,18.487394957983195,65.54621848739495,50.42016806722689,15.126050420168067
E00146281,169,52,25,27,117,82,35,30.76923076923077,14.792899408284024,15.976331360946746,69.23076923076923,48.5207100591716,20.710059171597635
E00146282,315,83,30,53,232,183,49,26.34920634920635,9.523809523809524,16.825396825396826,73.65079365079366,58.0952380952381,15.555555555555555
E00146283,210,63,23,40,147,129,18,30,10.952380952380953,19.047619047619047,70,61.42857142857143,8.571428571428571
E00146284,87,25,6,19,62,48,14,28.735632183908045,6.896551724137931,21.839080459770116,71.26436781609196,55.172413793103445,16.091954022988507
E00146285,115,28,11,17,87,66,21,24.347826086956523,9.565217391304348,14.782608695652174,75.65217391304347,57.391304347826086,18.26086956521739
E00146286,152,32,17,15,120,94,26,21.052631578947366,11.18421052631579,9.868421052631579,78.94736842105263,61.8421052631579,17.105263157894736
E00146287,112,38,18,20,74,56,18,33.92857142857143,16.071428571428573,17.857142857142858,66.07142857142857,50,16.071428571428573
E00146288,189,54,17,37,135,114,21,28.57142857142857,8.994708994708994,19.576719576719576,71.42857142857143,60.317460317460316,11.11111111111111
E00146289,156,51,15,36,105,89,16,32.69230769230769,9.615384615384617,23.076923076923077,67.3076923076923,57.05128205128205,10.256410256410255
E00146290,164,40,17,23,124,107,17,24.390243902439025,10.365853658536585,14.02439024390244,75.60975609756098,65.2439024390244,10.365853658536585
E00146291,204,47,18,29,157,141,16,23.03921568627451,8.823529411764707,14.215686274509803,76.9607843137255,69.11764705882352,7.8431372549019605
E00146293,139,42,16,26,97,90,7,30.215827338129497,11.510791366906476,18.705035971223023,69.7841726618705,64.74820143884892,5.0359712230215825
E00146294,153,29,5,24,124,109,15,18.954248366013072,3.2679738562091507,15.686274509803921,81.04575163398692,71.24183006535948,9.803921568627452
E00146295,156,34,13,21,122,103,19,21.794871794871796,8.333333333333332,13.461538461538462,78.2051282051282,66.02564102564102,12.179487179487179
E00146296,153,41,9,32,112,100,12,26.797385620915033,5.88235294117647,20.915032679738562,73.20261437908496,65.359477124183,7.8431372549019605
E00146297,137,48,22,26,89,76,13,35.03649635036496,16.05839416058394,18.97810218978102,64.96350364963503,55.47445255474452,9.48905109489051
E00146299,184,42,9,33,142,124,18,22.82608695652174,4.891304347826087,17.934782608695652,77.17391304347827,67.3913043478261,9.782608695652174
E00146300,198,45,20,25,153,130,23,22.727272727272727,10.1010101010101,12.626262626262626,77.27272727272727,65.65656565656566,11.616161616161616
E00146301,121,32,15,17,89,80,9,26.446280991735538,12.396694214876034,14.049586776859504,73.55371900826447,66.11570247933885,7.43801652892562
E00146302,118,34,15,19,84,70,14,28.8135593220339,12.711864406779661,16.101694915254235,71.1864406779661,59.32203389830508,11.864406779661017
E00146303,179,51,14,37,128,118,10,28.49162011173184,7.82122905027933,20.670391061452513,71.50837988826815,65.92178770949721,5.58659217877095
E00146304,172,39,11,28,133,123,10,22.674418604651162,6.395348837209303,16.27906976744186,77.32558139534885,71.51162790697676,5.813953488372093
E00146305,121,29,10,19,92,77,15,23.96694214876033,8.264462809917356,15.702479338842975,76.03305785123968,63.63636363636363,12.396694214876034
E00146306,147,29,14,15,118,108,10,19.727891156462583,9.523809523809524,10.204081632653061,80.27210884353741,73.46938775510205,6.802721088435375
E00146307,105,28,5,23,77,65,12,26.666666666666668,4.761904761904762,21.904761904761905,73.33333333333333,61.904761904761905,11.428571428571429
E00146308,128,48,15,33,80,72,8,37.5,11.71875,25.78125,62.5,56.25,6.25
E00146309,167,52,17,35,115,102,13,31.137724550898206,10.179640718562874,20.958083832335326,68.8622754491018,61.07784431137725,7.784431137724551
E00146310,195,50,13,37,145,133,12,25.64102564102564,6.666666666666667,18.974358974358974,74.35897435897436,68.2051282051282,6.153846153846154
E00146311,110,31,12,19,79,67,12,28.18181818181818,10.909090909090908,17.272727272727273,71.81818181818181,60.909090909090914,10.909090909090908
E00146313,161,44,16,28,117,93,24,27.32919254658385,9.937888198757763,17.391304347826086,72.67080745341616,57.7639751552795,14.906832298136646
E00146314,126,35,17,18,91,60,31,27.77777777777778,13.492063492063492,14.285714285714285,72.22222222222221,47.61904761904761,24.6031746031746
E00146315,133,30,10,20,103,75,28,22.55639097744361,7.518796992481203,15.037593984962406,77.44360902255639,56.390977443609025,21.052631578947366
E00146316,163,42,15,27,121,91,30,25.766871165644172,9.202453987730062,16.56441717791411,74.23312883435584,55.828220858895705,18.404907975460123
E00146317,118,25,10,15,93,69,24,21.1864406779661,8.47457627118644,12.711864406779661,78.8135593220339,58.47457627118644,20.33898305084746
E00146318,177,38,16,22,139,111,28,21.468926553672315,9.03954802259887,12.429378531073446,78.53107344632768,62.71186440677966,15.819209039548024
E00146319,96,30,13,17,66,48,18,31.25,13.541666666666666,17.708333333333336,68.75,50,18.75
E00146321,156,35,10,25,121,90,31,22.435897435897438,6.41025641025641,16.025641025641026,77.56410256410257,57.692307692307686,19.871794871794872
E00146322,129,44,18,26,85,70,15,34.10852713178294,13.953488372093023,20.155038759689923,65.89147286821705,54.263565891472865,11.627906976744185
E00146323,265,66,28,38,199,162,37,24.90566037735849,10.566037735849058,14.339622641509434,75.09433962264151,61.13207547169811,13.962264150943396
E00146325,229,50,19,31,179,151,28,21.83406113537118,8.296943231441048,13.537117903930133,78.16593886462883,65.93886462882097,12.22707423580786
E00146326,131,44,10,34,87,75,12,33.587786259541986,7.633587786259542,25.954198473282442,66.41221374045801,57.25190839694656,9.16030534351145
E00146327,145,33,10,23,112,87,25,22.758620689655174,6.896551724137931,15.862068965517242,77.24137931034483,60,17.24137931034483
E00146328,262,62,25,37,200,171,29,23.66412213740458,9.541984732824428,14.122137404580155,76.33587786259542,65.2671755725191,11.068702290076336
E00146329,95,34,10,24,61,44,17,35.78947368421053,10.526315789473683,25.263157894736842,64.21052631578948,46.31578947368421,17.894736842105264
E00146331,93,15,5,10,78,67,11,16.129032258064516,5.376344086021505,10.75268817204301,83.87096774193549,72.04301075268818,11.827956989247312
E00146332,224,53,28,25,171,136,35,23.660714285714285,12.5,11.160714285714286,76.33928571428571,60.71428571428571,15.625
E00146333,150,44,17,27,106,85,21,29.333333333333332,11.333333333333332,18,70.66666666666667,56.666666666666664,14.000000000000002
E00146334,153,45,19,26,108,84,24,29.411764705882355,12.418300653594772,16.99346405228758,70.58823529411765,54.90196078431373,15.686274509803921
E00146335,201,52,21,31,149,116,33,25.870646766169152,10.44776119402985,15.422885572139302,74.12935323383084,57.711442786069654,16.417910447761194
E00146336,173,51,19,32,122,97,25,29.47976878612717,10.982658959537572,18.497109826589593,70.52023121387283,56.06936416184971,14.450867052023122
E00146337,314,92,26,66,222,184,38,29.29936305732484,8.280254777070063,21.019108280254777,70.70063694267516,58.59872611464968,12.101910828025478
E00146338,123,30,12,18,93,72,21,24.390243902439025,9.75609756097561,14.634146341463413,75.60975609756098,58.536585365853654,17.073170731707318
E00146340,176,42,15,27,134,119,15,23.863636363636363,8.522727272727272,15.340909090909092,76.13636363636364,67.61363636363636,8.522727272727272
E00146341,209,60,21,39,149,130,19,28.708133971291865,10.047846889952153,18.660287081339714,71.29186602870813,62.20095693779905,9.090909090909092
E00146342,191,58,25,33,133,117,16,30.36649214659686,13.089005235602095,17.277486910994764,69.63350785340315,61.25654450261781,8.37696335078534
E00146343,181,51,14,37,130,110,20,28.176795580110497,7.734806629834254,20.441988950276244,71.8232044198895,60.773480662983424,11.049723756906078
E00146345,187,52,18,34,135,114,21,27.807486631016044,9.62566844919786,18.181818181818183,72.19251336898395,60.962566844919785,11.229946524064172
E00146346,160,49,26,23,111,89,22,30.625000000000004,16.25,14.374999999999998,69.375,55.625,13.750000000000002
E00146347,147,43,11,32,104,86,18,29.25170068027211,7.482993197278912,21.768707482993197,70.74829931972789,58.50340136054422,12.244897959183673
E00146348,141,42,13,29,99,88,11,29.78723404255319,9.219858156028367,20.56737588652482,70.2127659574468,62.4113475177305,7.801418439716312
E00146349,171,54,19,35,117,98,19,31.57894736842105,11.11111111111111,20.46783625730994,68.42105263157895,57.30994152046783,11.11111111111111
E00146350,162,41,12,29,121,99,22,25.308641975308642,7.4074074074074066,17.901234567901234,74.69135802469135,61.111111111111114,13.580246913580247
E00146351,176,50,16,34,126,118,8,28.40909090909091,9.090909090909092,19.318181818181817,71.5909090909091,67.04545454545455,4.545454545454546
E00146352,188,57,20,37,131,95,36,30.319148936170215,10.638297872340425,19.680851063829788,69.68085106382979,50.53191489361703,19.148936170212767
E00146353,130,32,9,23,98,89,9,24.615384615384617,6.923076923076923,17.692307692307693,75.38461538461539,68.46153846153847,6.923076923076923
E00146354,145,44,16,28,101,85,16,30.344827586206897,11.03448275862069,19.310344827586206,69.6551724137931,58.620689655172406,11.03448275862069
E00146355,182,51,15,36,131,113,18,28.021978021978022,8.241758241758241,19.78021978021978,71.97802197802197,62.08791208791209,9.89010989010989
E00146356,100,35,14,21,65,54,11,35,14.000000000000002,21,65,54,11
E00146357,169,51,15,36,118,101,17,30.17751479289941,8.875739644970414,21.301775147928996,69.8224852071006,59.76331360946746,10.059171597633137
E00146358,196,49,14,35,147,123,24,25,7.142857142857142,17.857142857142858,75,62.755102040816325,12.244897959183673
E00146359,137,56,19,37,81,68,13,40.87591240875913,13.86861313868613,27.00729927007299,59.12408759124088,49.63503649635037,9.48905109489051
E00146360,214,59,26,33,155,108,47,27.570093457943923,12.149532710280374,15.42056074766355,72.42990654205607,50.467289719626166,21.962616822429908
E00146361,151,46,25,21,105,93,12,30.4635761589404,16.55629139072848,13.90728476821192,69.5364238410596,61.58940397350994,7.9470198675496695
E00146362,184,48,16,32,136,110,26,26.08695652173913,8.695652173913043,17.391304347826086,73.91304347826086,59.78260869565217,14.130434782608695
E00146363,169,49,18,31,120,102,18,28.994082840236686,10.650887573964498,18.34319526627219,71.00591715976331,60.35502958579882,10.650887573964498
E00146364,145,36,11,25,109,96,13,24.82758620689655,7.586206896551724,17.24137931034483,75.17241379310344,66.20689655172414,8.96551724137931
E00146366,323,89,23,66,234,199,35,27.55417956656347,7.120743034055728,20.43343653250774,72.44582043343654,61.60990712074303,10.8359133126935
E00146368,132,46,20,26,86,66,20,34.84848484848485,15.151515151515152,19.696969696969695,65.15151515151516,50,15.151515151515152
E00146369,175,53,23,30,122,97,25,30.28571428571429,13.142857142857142,17.142857142857142,69.71428571428572,55.42857142857143,14.285714285714285
E00146370,146,49,20,29,97,71,26,33.56164383561644,13.698630136986301,19.863013698630137,66.43835616438356,48.63013698630137,17.80821917808219
E00146371,75,19,9,10,56,46,10,25.333333333333336,12,13.333333333333334,74.66666666666667,61.33333333333333,13.333333333333334
E00146372,81,23,8,15,58,44,14,28.39506172839506,9.876543209876543,18.51851851851852,71.60493827160494,54.32098765432099,17.28395061728395
E00146373,192,67,27,40,125,98,27,34.89583333333333,14.0625,20.833333333333336,65.10416666666666,51.041666666666664,14.0625
E00146374,125,44,14,30,81,59,22,35.199999999999996,11.200000000000001,24,64.8,47.199999999999996,17.599999999999998
E00146375,162,48,14,34,114,87,27,29.629629629629626,8.641975308641975,20.98765432098765,70.37037037037037,53.70370370370371,16.666666666666664
E00146376,111,43,24,19,68,45,23,38.73873873873874,21.62162162162162,17.117117117117118,61.261261261261254,40.54054054054054,20.72072072072072
E00146377,265,61,22,39,204,177,27,23.0188679245283,8.30188679245283,14.716981132075471,76.9811320754717,66.79245283018868,10.18867924528302
E00146378,303,86,30,56,217,172,45,28.38283828382838,9.900990099009901,18.48184818481848,71.61716171617162,56.76567656765676,14.85148514851485
E00146379,119,31,13,18,88,80,8,26.05042016806723,10.92436974789916,15.126050420168067,73.94957983193278,67.22689075630252,6.722689075630252
E00146381,82,23,14,9,59,43,16,28.04878048780488,17.073170731707318,10.975609756097562,71.95121951219512,52.4390243902439,19.51219512195122
E00146382,90,24,12,12,66,55,11,26.666666666666668,13.333333333333334,13.333333333333334,73.33333333333333,61.111111111111114,12.222222222222221
E00146384,143,42,18,24,101,87,14,29.37062937062937,12.587412587412588,16.783216783216783,70.62937062937063,60.83916083916085,9.79020979020979
E00146385,204,44,17,27,160,122,38,21.568627450980394,8.333333333333332,13.23529411764706,78.43137254901961,59.80392156862745,18.627450980392158
E00146386,162,37,11,26,125,107,18,22.839506172839506,6.790123456790123,16.049382716049383,77.1604938271605,66.0493827160494,11.11111111111111
E00146387,204,56,30,26,148,130,18,27.450980392156865,14.705882352941178,12.745098039215685,72.54901960784314,63.725490196078425,8.823529411764707
E00146388,223,66,21,45,157,137,20,29.596412556053814,9.417040358744394,20.179372197309416,70.4035874439462,61.43497757847533,8.968609865470851
E00146389,217,60,21,39,157,135,22,27.64976958525346,9.67741935483871,17.972350230414747,72.35023041474655,62.21198156682027,10.138248847926267
E00146390,135,29,9,20,106,87,19,21.48148148148148,6.666666666666667,14.814814814814813,78.51851851851852,64.44444444444444,14.074074074074074
E00146391,269,63,19,44,206,182,24,23.42007434944238,7.063197026022305,16.356877323420075,76.57992565055763,67.65799256505576,8.921933085501859
E00146392,173,43,15,28,130,111,19,24.85549132947977,8.670520231213873,16.184971098265898,75.14450867052022,64.16184971098265,10.982658959537572
E00146393,207,62,23,39,145,128,17,29.951690821256037,11.11111111111111,18.84057971014493,70.04830917874396,61.83574879227053,8.212560386473431
E00146394,162,46,18,28,116,98,18,28.39506172839506,11.11111111111111,17.28395061728395,71.60493827160494,60.49382716049383,11.11111111111111
E00146395,170,50,17,33,120,99,21,29.411764705882355,10,19.411764705882355,70.58823529411765,58.235294117647065,12.352941176470589
E00146396,225,65,23,42,160,131,29,28.888888888888886,10.222222222222223,18.666666666666668,71.11111111111111,58.22222222222222,12.88888888888889
E00146397,187,55,22,33,132,117,15,29.411764705882355,11.76470588235294,17.647058823529413,70.58823529411765,62.56684491978609,8.0213903743315509
E00146398,163,46,15,31,117,103,14,28.22085889570552,9.202453987730062,19.018404907975462,71.77914110429448,63.190184049079754,8.588957055214724
E00146400,219,57,14,43,162,136,26,26.027397260273972,6.392694063926941,19.63470319634703,73.97260273972603,62.10045662100456,11.87214611872146
E00146401,79,18,9,9,61,50,11,22.78481012658228,11.39240506329114,11.39240506329114,77.21518987341773,63.29113924050633,13.924050632911392
E00146402,139,46,13,33,93,71,22,33.093525179856115,9.352517985611511,23.741007194244602,66.90647482014388,51.07913669064749,15.827338129496402
E00146404,241,59,24,35,182,143,39,24.481327800829874,9.95850622406639,14.522821576763487,75.51867219917013,59.33609958506224,16.182572614107883
E00146405,182,57,20,37,125,107,18,31.318681318681318,10.989010989010989,20.32967032967033,68.68131868131869,58.791208791208796,9.89010989010989
E00146406,134,40,13,27,94,77,17,29.850746268656714,9.701492537313433,20.149253731343283,70.1492537313433,57.46268656716418,12.686567164179104
E00146407,167,35,12,23,132,114,18,20.958083832335326,7.18562874251497,13.77245508982036,79.04191616766467,68.26347305389223,10.778443113772456
E00146408,61,24,6,18,37,37,0,39.34426229508197,9.836065573770492,29.508196721311474,60.65573770491803,60.65573770491803,0
E00146409,172,63,24,39,109,87,22,36.627906976744185,13.953488372093023,22.674418604651162,63.372093023255815,50.58139534883721,12.790697674418606
E00146410,151,35,14,21,116,85,31,23.178807947019866,9.271523178807946,13.90728476821192,76.82119205298014,56.29139072847682,20.52980132450331
E00146411,162,56,24,32,106,80,26,34.5679012345679,14.814814814814813,19.753086419753085,65.4320987654321,49.382716049382715,16.049382716049383
E00146412,287,39,13,26,248,153,95,13.588850174216027,4.529616724738676,9.059233449477352,86.41114982578398,53.31010452961672,33.10104529616725
E00146413,261,65,20,45,196,155,41,24.904214559386972,7.662835249042145,17.24137931034483,75.09578544061303,59.38697318007663,15.708812260536398
E00146414,213,59,29,30,154,128,26,27.699530516431924,13.615023474178404,14.084507042253522,72.30046948356808,60.093896713615024,12.206572769953052
E00146415,151,52,17,35,99,76,23,34.437086092715234,11.258278145695364,23.178807947019866,65.56291390728477,50.331125827814574,15.2317880794702
E00146416,161,44,16,28,117,98,19,27.32919254658385,9.937888198757763,17.391304347826086,72.67080745341616,60.86956521739131,11.801242236024844
E00146417,166,43,13,30,123,109,14,25.903614457831324,7.83132530120482,18.072289156626507,74.09638554216868,65.66265060240963,8.433734939759036
E00146419,132,26,13,13,106,94,12,19.696969696969695,9.848484848484848,9.848484848484848,80.3030303030303,71.21212121212122,9.090909090909092
E00146420,128,23,7,16,105,74,31,17.96875,5.46875,12.5,82.03125,57.8125,24.21875
E00146421,88,9,1,8,79,62,17,10.227272727272728,1.1363636363636365,9.090909090909092,89.77272727272727,70.45454545454545,19.318181818181817
E00146423,167,43,14,29,124,101,23,25.748502994011975,8.383233532934131,17.365269461077844,74.25149700598801,60.47904191616767,13.77245508982036
E00146425,97,21,10,11,76,66,10,21.649484536082475,10.309278350515463,11.34020618556701,78.35051546391753,68.04123711340206,10.309278350515463
E00146426,104,34,16,18,70,44,26,32.69230769230769,15.384615384615385,17.307692307692307,67.3076923076923,42.30769230769231,25
E00146427,218,62,32,30,156,125,31,28.440366972477065,14.678899082568808,13.761467889908257,71.55963302752293,57.3394495412844,14.220183486238533
E00146428,128,36,9,27,92,78,14,28.125,7.03125,21.09375,71.875,60.9375,10.9375
E00146429,215,57,14,43,158,125,33,26.51162790697674,6.511627906976744,20,73.48837209302326,58.139534883720934,15.348837209302326
E00146430,170,54,21,33,116,101,15,31.76470588235294,12.352941176470589,19.411764705882355,68.23529411764706,59.411764705882355,8.823529411764707
E00146431,195,50,17,33,145,126,19,25.64102564102564,8.717948717948717,16.923076923076923,74.35897435897436,64.61538461538461,9.7435897435897445
E00146432,179,58,27,31,121,95,26,32.402234636871505,15.083798882681565,17.318435754189945,67.59776536312849,53.072625698324025,14.52513966480447
E00146433,97,24,12,12,73,60,13,24.742268041237114,12.371134020618557,12.371134020618557,75.25773195876289,61.855670103092784,13.402061855670103
E00146434,125,37,18,19,88,74,14,29.599999999999998,14.399999999999999,15.2,70.39999999999999,59.199999999999996,11.200000000000001
E00146435,118,36,13,23,82,70,12,30.508474576271187,11.016949152542372,19.491525423728813,69.49152542372882,59.32203389830508,10.16949152542373
E00146436,131,35,12,23,96,73,23,26.717557251908396,9.16030534351145,17.557251908396946,73.2824427480916,55.72519083969466,17.557251908396946
E00146437,104,34,9,25,70,56,14,32.69230769230769,8.653846153846153,24.03846153846154,67.3076923076923,53.84615384615385,13.461538461538462
E00146438,39,7,2,5,32,25,7,17.94871794871795,5.128205128205128,12.82051282051282,82.05128205128204,64.1025641025641,17.94871794871795
E00146439,113,37,25,12,76,59,17,32.743362831858406,22.123893805309734,10.619469026548673,67.2566371681416,52.21238938053098,15.04424778761062
E00146440,122,30,4,26,92,79,13,24.59016393442623,3.278688524590164,21.311475409836063,75.40983606557377,64.75409836065575,10.655737704918032
E00146441,119,34,16,18,85,55,30,28.57142857142857,13.445378151260504,15.126050420168067,71.42857142857143,46.21848739495798,25.210084033613445
E00146443,77,24,11,13,53,43,10,31.16883116883117,14.285714285714285,16.883116883116884,68.83116883116884,55.84415584415584,12.987012987012985
E00146444,185,50,19,31,135,111,24,27.027027027027028,10.27027027027027,16.756756756756758,72.97297297297297,60,12.972972972972974
E00146445,168,47,24,23,121,110,11,27.976190476190478,14.285714285714285,13.690476190476192,72.02380952380952,65.47619047619048,6.547619047619048
E00146446,148,41,16,25,107,88,19,27.7027027027027,10.81081081081081,16.89189189189189,72.2972972972973,59.45945945945946,12.837837837837837
E00146447,144,44,17,27,100,86,14,30.555555555555557,11.805555555555555,18.75,69.44444444444444,59.72222222222222,9.722222222222223
E00146448,131,46,20,26,85,68,17,35.11450381679389,15.267175572519085,19.84732824427481,64.8854961832061,51.908396946564885,12.977099236641221
E00146449,162,38,15,23,124,109,15,23.456790123456788,9.25925925925926,14.19753086419753,76.5432098765432,67.28395061728395,9.25925925925926
E00146450,189,54,16,38,135,122,13,28.57142857142857,8.465608465608465,20.105820105820104,71.42857142857143,64.55026455026454,6.878306878306878
E00146451,308,76,24,52,232,202,30,24.675324675324674,7.792207792207792,16.883116883116884,75.32467532467533,65.5844155844156,9.740259740259742
E00146452,206,62,24,38,144,112,32,30.097087378640776,11.650485436893204,18.446601941747574,69.90291262135922,54.36893203883495,15.53398058252427
E00146453,175,59,19,40,116,105,11,33.714285714285715,10.857142857142858,22.857142857142858,66.28571428571428,60,6.2857142857142865
E00146454,315,90,34,56,225,184,41,28.57142857142857,10.793650793650794,17.77777777777778,71.42857142857143,58.41269841269842,13.015873015873018
E00146455,150,40,15,25,110,81,29,26.666666666666668,10,16.666666666666664,73.33333333333333,54,19.333333333333332
E00146456,194,47,17,30,147,119,28,24.22680412371134,8.762886597938143,15.463917525773196,75.77319587628865,61.34020618556701,14.432989690721648
E00146457,255,62,23,39,193,176,17,24.313725490196077,9.019607843137255,15.294117647058824,75.68627450980392,69.01960784313725,6.666666666666667
E00146458,189,64,25,39,125,105,20,33.86243386243386,13.227513227513226,20.634920634920633,66.13756613756614,55.55555555555556,10.582010582010582
E00146459,149,35,10,25,114,87,27,23.48993288590604,6.7114093959731544,16.778523489932887,76.51006711409396,58.38926174496645,18.120805369127517
E00146460,265,82,39,43,183,146,37,30.943396226415093,14.716981132075471,16.22641509433962,69.0566037735849,55.094339622641506,13.962264150943396
E00146461,144,41,12,29,103,93,10,28.47222222222222,8.333333333333332,20.13888888888889,71.52777777777779,64.58333333333334,6.944444444444445
E00146462,148,47,18,29,101,91,10,31.756756756756754,12.162162162162163,19.594594594594593,68.24324324324324,61.48648648648649,6.756756756756757
E00146463,175,40,18,22,135,120,15,22.857142857142858,10.285714285714285,12.571428571428573,77.14285714285715,68.57142857142857,8.571428571428571
E00146464,127,38,11,27,89,78,11,29.92125984251969,8.661417322834646,21.25984251968504,70.07874015748031,61.417322834645674,8.661417322834646
E00146465,173,44,15,29,129,111,18,25.43352601156069,8.670520231213873,16.76300578034682,74.56647398843931,64.16184971098265,10.404624277456648
E00146466,269,58,18,40,211,178,33,21.561338289962826,6.691449814126393,14.869888475836431,78.43866171003717,66.17100371747212,12.267657992565056
E00146468,138,44,11,33,94,76,18,31.88405797101449,7.971014492753622,23.91304347826087,68.11594202898551,55.072463768115945,13.043478260869565
E00146469,193,60,17,43,133,118,15,31.088082901554404,8.808290155440414,22.279792746113987,68.9119170984456,61.13989637305699,7.772020725388601
E00146470,191,57,23,34,134,107,27,29.84293193717277,12.041884816753926,17.801047120418847,70.15706806282722,56.02094240837696,14.136125654450263
E00146471,188,54,12,42,134,118,16,28.723404255319153,6.382978723404255,22.340425531914892,71.27659574468085,62.76595744680851,8.51063829787234
E00146472,222,54,19,35,168,150,18,24.324324324324326,8.558558558558559,15.765765765765765,75.67567567567568,67.56756756756756,8.108108108108109
E00146474,115,29,8,21,86,68,18,25.217391304347824,6.956521739130435,18.26086956521739,74.78260869565217,59.130434782608695,15.65217391304348
E00146475,139,36,13,23,103,84,19,25.899280575539567,9.352517985611511,16.546762589928058,74.10071942446042,60.431654676258994,13.66906474820144
E00146477,160,47,16,31,113,97,16,29.375,10,19.375,70.625,60.62499999999999,10
E00146478,212,70,23,47,142,119,23,33.0188679245283,10.849056603773585,22.169811320754718,66.98113207547169,56.132075471698116,10.849056603773585
E00146479,187,53,21,32,134,116,18,28.342245989304814,11.229946524064172,17.11229946524064,71.65775401069519,62.03208556149733,9.62566844919786
E00146480,138,44,18,26,94,86,8,31.88405797101449,13.043478260869565,18.84057971014493,68.11594202898551,62.31884057971014,5.797101449275362
E00146481,153,47,16,31,106,93,13,30.718954248366014,10.457516339869281,20.26143790849673,69.28104575163398,60.78431372549019,8.49673202614379
E00146482,140,48,25,23,92,85,7,34.285714285714285,17.857142857142858,16.428571428571427,65.71428571428571,60.71428571428571,5
E00146483,253,57,22,35,196,172,24,22.529644268774703,8.695652173913043,13.83399209486166,77.4703557312253,67.98418972332016,9.486166007905137
E00146484,156,58,22,36,98,84,14,37.17948717948718,14.102564102564102,23.076923076923077,62.82051282051282,53.84615384615385,8.974358974358974
E00146485,121,33,9,24,88,73,15,27.27272727272727,7.43801652892562,19.834710743801654,72.72727272727273,60.33057851239669,12.396694214876034
E00146486,185,42,16,26,143,134,9,22.702702702702705,8.64864864864865,14.054054054054054,77.29729729729729,72.43243243243244,4.864864864864865
E00146487,159,32,8,24,127,110,17,20.125786163522015,5.031446540880504,15.09433962264151,79.87421383647799,69.18238993710692,10.69182389937107
E00146488,132,35,13,22,97,82,15,26.515151515151516,9.848484848484848,16.666666666666664,73.48484848484848,62.121212121212125,11.363636363636363
E00146489,189,58,24,34,131,106,25,30.687830687830687,12.698412698412698,17.989417989417987,69.31216931216932,56.08465608465608,13.227513227513226
E00173190,191,36,8,28,155,133,22,18.848167539267017,4.18848167539267,14.659685863874344,81.15183246073299,69.63350785340315,11.518324607329843
E00173191,432,100,35,65,332,270,62,23.14814814814815,8.101851851851851,15.046296296296296,76.85185185185185,62.5,14.351851851851851
E00173192,75,14,5,9,61,48,13,18.666666666666668,6.666666666666667,12,81.33333333333333,64,17.333333333333336
E00173193,120,22,7,15,98,87,11,18.333333333333332,5.833333333333333,12.5,81.66666666666667,72.5,9.166666666666666
E00173194,152,34,12,22,118,100,18,22.36842105263158,7.894736842105263,14.473684210526317,77.63157894736842,65.78947368421053,11.842105263157894
E00173195,198,35,8,27,163,147,16,17.67676767676768,4.040404040404041,13.636363636363635,82.32323232323232,74.24242424242425,8.080808080808081
E00173196,106,22,11,11,84,75,9,20.754716981132077,10.377358490566039,10.377358490566039,79.24528301886792,70.75471698113208,8.49056603773585
E00173198,246,64,21,43,182,159,23,26.01626016260163,8.536585365853659,17.479674796747968,73.98373983739837,64.63414634146342,9.34959349593496
E00173200,77,21,9,12,56,47,9,27.27272727272727,11.688311688311687,15.584415584415584,72.72727272727273,61.038961038961034,11.688311688311687
E00173201,129,23,11,12,106,91,15,17.829457364341085,8.527131782945736,9.30232558139535,82.17054263565892,70.54263565891473,11.627906976744185
E00173202,122,29,10,19,93,83,10,23.770491803278688,8.19672131147541,15.573770491803279,76.22950819672131,68.0327868852459,8.19672131147541
E00173203,144,37,10,27,107,91,16,25.694444444444443,6.944444444444445,18.75,74.30555555555556,63.19444444444444,11.11111111111111
E00173204,234,45,18,27,189,168,21,19.230769230769234,7.6923076923076925,11.538461538461538,80.76923076923077,71.7948717948718,8.974358974358974
E00173205,128,41,16,25,87,67,20,32.03125,12.5,19.53125,67.96875,52.34375,15.625
E00173206,76,11,5,6,65,43,22,14.473684210526317,6.578947368421052,7.894736842105263,85.52631578947368,56.57894736842105,28.947368421052634
E00173207,138,19,8,11,119,44,75,13.768115942028986,5.797101449275362,7.971014492753622,86.23188405797102,31.88405797101449,54.347826086956516
E00173209,192,42,16,26,150,129,21,21.875,8.333333333333332,13.541666666666666,78.125,67.1875,10.9375
E00173211,60,10,2,8,50,46,4,16.666666666666664,3.3333333333333335,13.333333333333334,83.33333333333334,76.66666666666667,6.666666666666667
E00185850,314,78,21,57,236,197,39,24.840764331210192,6.687898089171974,18.152866242038215,75.15923566878982,62.738853503184714,12.420382165605096
E00185859,37,12,0,12,25,22,3,32.432432432432435,0,32.432432432432435,67.56756756756756,59.45945945945946,8.108108108108109
E00185861,64,9,5,4,55,44,11,14.0625,7.8125,6.25,85.9375,68.75,17.1875
E00185862,233,49,19,30,184,154,30,21.030042918454935,8.15450643776824,12.875536480686694,78.96995708154506,66.09442060085837,12.875536480686694
E00185864,74,9,0,9,65,51,14,12.162162162162163,0,12.162162162162163,87.83783783783784,68.91891891891892,18.91891891891892
E00185870,300,72,24,48,228,182,46,24,8,16,76,60.66666666666667,15.333333333333332
E00185876,286,51,9,42,235,208,27,17.832167832167833,3.146853146853147,14.685314685314685,82.16783216783216,72.72727272727273,9.44055944055944
E00185877,136,41,14,27,95,73,22,30.14705882352941,10.294117647058822,19.852941176470587,69.85294117647058,53.67647058823529,16.176470588235293
E00185880,215,71,29,42,144,139,5,33.02325581395349,13.488372093023257,19.53488372093023,66.97674418604652,64.65116279069767,2.3255813953488373
E00185881,208,42,5,37,166,139,27,20.192307692307693,2.403846153846154,17.78846153846154,79.8076923076923,66.82692307692307,12.980769230769232
E00185897,114,31,14,17,83,63,20,27.192982456140353,12.280701754385964,14.912280701754385,72.80701754385966,55.26315789473685,17.543859649122805
E00185898,57,13,2,11,44,39,5,22.807017543859647,3.508771929824561,19.298245614035086,77.19298245614034,68.42105263157895,8.771929824561402
E00185900,68,20,8,12,48,36,12,29.411764705882355,11.76470588235294,17.647058823529413,70.58823529411765,52.94117647058824,17.647058823529413
E00185901,65,26,6,20,39,37,2,40,9.230769230769232,30.76923076923077,60,56.92307692307692,3.076923076923077
E00185911,146,40,13,27,106,82,24,27.397260273972602,8.904109589041095,18.493150684931507,72.6027397260274,56.16438356164384,16.43835616438356
E00185915,118,21,7,14,97,91,6,17.796610169491526,5.932203389830509,11.864406779661017,82.20338983050848,77.11864406779661,5.084745762711865
E00185916,213,46,11,35,167,132,35,21.5962441314554,5.164319248826291,16.431924882629108,78.40375586854461,61.97183098591549,16.431924882629108
E00185920,194,36,9,27,158,131,27,18.556701030927837,4.639175257731959,13.917525773195877,81.44329896907216,67.5257731958763,13.917525773195877
E00185927,261,72,30,42,189,158,31,27.586206896551722,11.494252873563218,16.091954022988507,72.41379310344827,60.53639846743295,11.877394636015326
E00185930,183,58,25,33,125,104,21,31.693989071038253,13.661202185792352,18.0327868852459,68.30601092896174,56.830601092896174,11.475409836065573
E00185933,295,79,38,41,216,170,46,26.779661016949152,12.88135593220339,13.898305084745763,73.22033898305085,57.6271186440678,15.593220338983052
E00185934,213,40,8,32,173,153,20,18.779342723004692,3.755868544600939,15.023474178403756,81.2206572769953,71.83098591549296,9.389671361502346
E00185937,113,12,4,8,101,85,16,10.619469026548673,3.5398230088495577,7.079646017699115,89.38053097345133,75.22123893805309,14.15929203539823
E00185938,122,32,13,19,90,68,22,26.229508196721312,10.655737704918032,15.573770491803279,73.77049180327869,55.73770491803278,18.0327868852459
E00185940,55,14,3,11,41,39,2,25.454545454545453,5.454545454545454,20,74.54545454545455,70.9090909090909,3.6363636363636362
E00185944,42,13,6,7,29,20,9,30.952380952380953,14.285714285714285,16.666666666666664,69.04761904761905,47.61904761904761,21.428571428571427
E00185948,78,21,8,13,57,53,4,26.923076923076923,10.256410256410255,16.666666666666664,73.07692307692307,67.94871794871796,5.128205128205128
E00185949,247,60,22,38,187,139,48,24.291497975708502,8.906882591093117,15.384615384615385,75.7085020242915,56.2753036437247,19.4331983805668
E00185951,179,24,4,20,155,139,16,13.40782122905028,2.2346368715083798,11.1731843575419,86.59217877094973,77.6536312849162,8.938547486033519
E00185952,114,31,8,23,83,64,19,27.192982456140353,7.017543859649122,20.175438596491226,72.80701754385966,56.14035087719298,16.666666666666664
E00185955,126,26,13,13,100,80,20,20.634920634920633,10.317460317460316,10.317460317460316,79.36507936507937,63.49206349206349,15.873015873015872
E00185957,123,32,12,20,91,78,13,26.01626016260163,9.75609756097561,16.260162601626014,73.98373983739837,63.41463414634146,10.569105691056912
E00185958,186,34,16,18,152,142,10,18.27956989247312,8.60215053763441,9.67741935483871,81.72043010752688,76.34408602150538,5.376344086021505
E00185965,194,91,52,39,103,72,31,46.90721649484536,26.804123711340207,20.103092783505154,53.09278350515464,37.11340206185567,15.979381443298967
E00185971,185,43,10,33,142,124,18,23.243243243243246,5.405405405405405,17.83783783783784,76.75675675675676,67.02702702702703,9.72972972972973
E00185987,309,54,20,34,255,225,30,17.475728155339805,6.472491909385113,11.003236245954692,82.52427184466019,72.81553398058253,9.70873786407767
E00185991,229,31,11,20,198,167,31,13.537117903930133,4.8034934497816595,8.73362445414847,86.46288209606988,72.92576419213974,13.537117903930133
E00185992,152,29,10,19,123,108,15,19.078947368421055,6.578947368421052,12.5,80.92105263157895,71.05263157894737,9.868421052631579
E00185993,291,43,9,34,248,222,26,14.776632302405499,3.0927835051546393,11.683848797250858,85.2233676975945,76.28865979381443,8.934707903780069
E00185994,372,71,25,46,301,268,33,19.086021505376344,6.720430107526881,12.365591397849462,80.91397849462365,72.04301075268818,8.870967741935484
E00185996,246,40,12,28,206,187,19,16.260162601626014,4.878048780487805,11.38211382113821,83.73983739837398,76.01626016260163,7.723577235772358
E00185998,254,62,19,43,192,162,30,24.409448818897637,7.480314960629922,16.92913385826772,75.59055118110236,63.77952755905512,11.811023622047244
E00186008,84,21,9,12,63,53,10,25,10.714285714285714,14.285714285714285,75,63.095238095238095,11.904761904761903
E00186009,213,50,19,31,163,144,19,23.474178403755868,8.92018779342723,14.553990610328638,76.52582159624414,67.6056338028169,8.92018779342723
E00186013,219,27,7,20,192,160,32,12.32876712328767,3.1963470319634704,9.1324200913242,87.67123287671232,73.0593607305936,14.61187214611872
E00186015,102,34,20,14,68,50,18,33.33333333333333,19.607843137254903,13.725490196078432,66.66666666666666,49.01960784313725,17.647058823529413
E00186016,103,26,10,16,77,63,14,25.24271844660194,9.70873786407767,15.53398058252427,74.75728155339806,61.165048543689316,13.592233009708737
E00186024,140,27,8,19,113,95,18,19.28571428571429,5.714285714285714,13.571428571428571,80.71428571428572,67.85714285714286,12.857142857142856
E00186030,262,65,16,49,197,168,29,24.80916030534351,6.106870229007633,18.702290076335878,75.19083969465649,64.12213740458014,11.068702290076336
E00186037,259,69,27,42,190,171,19,26.640926640926644,10.424710424710424,16.216216216216218,73.35907335907336,66.02316602316603,7.335907335907336
E00186041,214,46,13,33,168,141,27,21.49532710280374,6.074766355140187,15.42056074766355,78.50467289719626,65.88785046728972,12.616822429906541
E00186042,322,74,22,52,248,213,35,22.981366459627328,6.832298136645963,16.149068322981368,77.01863354037268,66.14906832298136,10.869565217391305
E00186043,104,19,5,14,85,72,13,18.269230769230766,4.807692307692308,13.461538461538462,81.73076923076923,69.23076923076923,12.5
E00186044,67,13,7,6,54,46,8,19.402985074626866,10.44776119402985,8.955223880597014,80.59701492537313,68.65671641791045,11.940298507462686
E00186050,145,32,13,19,113,102,11,22.06896551724138,8.96551724137931,13.10344827586207,77.93103448275862,70.34482758620689,7.586206896551724
E00186052,228,60,17,43,168,147,21,26.31578947368421,7.456140350877193,18.859649122807017,73.68421052631578,64.47368421052632,9.210526315789473
E00186059,159,47,19,28,112,78,34,29.559748427672954,11.949685534591195,17.61006289308176,70.44025157232704,49.056603773584904,21.38364779874214
E00186060,261,68,23,45,193,164,29,26.053639846743295,8.812260536398467,17.24137931034483,73.9463601532567,62.83524904214559,11.11111111111111
E00186069,141,42,18,24,99,83,16,29.78723404255319,12.76595744680851,17.02127659574468,70.2127659574468,58.86524822695035,11.347517730496454
E00186070,281,58,21,37,223,180,43,20.640569395017792,7.473309608540925,13.167259786476867,79.35943060498221,64.05693950177937,15.302491103202847
E00186072,209,57,16,41,152,122,30,27.27272727272727,7.655502392344498,19.617224880382775,72.72727272727273,58.3732057416268,14.354066985645932
E00186075,223,64,23,41,159,135,24,28.699551569506728,10.31390134529148,18.385650224215247,71.30044843049326,60.53811659192825,10.762331838565023
