OA,ts0380001,ts0380002,ts0380003,ts0380004,ts0380005,ts0380006,ts0380007,ts0380002_PCT,ts0380003_PCT,ts0380004_PCT,ts0380005_PCT,ts0380006_PCT,ts0380007_PCT
E00051109,327,55,26,29,272,24,248,16.819571865443425,7.951070336391437,8.868501529051988,83.18042813455658,7.339449541284404,75.84097859327217
E00051110,262,39,16,23,223,21,202,14.885496183206106,6.106870229007633,8.778625954198473,85.1145038167939,8.015267175572518,77.09923664122137
E00051111,248,22,5,17,226,17,209,8.870967741935484,2.0161290322580645,6.854838709677419,91.12903225806451,6.854838709677419,84.2741935483871
E00051112,338,49,12,37,289,25,264,14.497041420118343,3.5502958579881656,10.946745562130179,85.50295857988166,7.396449704142012,78.10650887573965
E00051113,349,37,14,23,312,28,284,10.601719197707736,4.011461318051576,6.59025787965616,89.39828080229226,8.022922636103152,81.37535816618912
E00051114,359,40,14,26,319,20,299,11.142061281337048,3.8997214484679668,7.242339832869081,88.85793871866295,5.571030640668524,83.28690807799443
E00051115,289,53,28,25,236,13,223,18.33910034602076,9.688581314878892,8.650519031141869,81.66089965397923,4.498269896193772,77.16262975778547
E00051116,292,64,28,36,228,15,213,21.91780821917808,9.58904109589041,12.32876712328767,78.08219178082192,5.136986301369863,72.94520547945206
E00051117,301,49,19,30,252,24,228,16.27906976744186,6.312292358803987,9.966777408637874,83.72093023255815,7.973421926910299,75.74750830564784
E00051118,291,34,9,25,257,19,238,11.683848797250858,3.0927835051546393,8.59106529209622,88.31615120274914,6.529209621993128,81.78694158075601
E00051119,252,37,14,23,215,15,200,14.682539682539684,5.555555555555555,9.126984126984127,85.31746031746032,5.952380952380952,79.36507936507937
E00051120,534,97,48,49,437,43,394,18.164794007490638,8.98876404494382,9.176029962546817,81.83520599250936,8.05243445692884,73.78277153558052
E00051121,276,34,16,18,242,20,222,12.318840579710146,5.797101449275362,6.521739130434782,87.68115942028986,7.246376811594203,80.43478260869566
E00051122,311,33,13,20,278,28,250,10.610932475884244,4.180064308681672,6.430868167202572,89.38906752411575,9.003215434083602,80.38585209003215
E00051123,335,54,21,33,281,20,261,16.119402985074625,6.26865671641791,9.850746268656717,83.88059701492537,5.970149253731343,77.91044776119404
E00051125,374,60,25,35,314,38,276,16.042780748663102,6.684491978609626,9.358288770053475,83.9572192513369,10.16042780748663,73.79679144385027
E00051126,335,110,65,45,225,19,206,32.83582089552239,19.402985074626866,13.432835820895523,67.16417910447761,5.6716417910447765,61.49253731343284
E00051127,315,90,43,47,225,22,203,28.57142857142857,13.65079365079365,14.920634920634921,71.42857142857143,6.984126984126984,64.44444444444444
E00051128,321,89,49,40,232,12,220,27.725856697819314,15.264797507788161,12.461059190031152,72.27414330218068,3.7383177570093453,68.53582554517133
E00051129,346,65,25,40,281,19,262,18.786127167630056,7.225433526011561,11.560693641618498,81.21387283236994,5.491329479768786,75.72254335260115
E00051130,309,65,27,38,244,11,233,21.035598705501616,8.737864077669903,12.297734627831716,78.96440129449837,3.559870550161812,75.40453074433657
E00051131,352,47,19,28,305,20,285,13.352272727272727,5.3977272727272725,7.954545454545454,86.64772727272727,5.681818181818182,80.9659090909091
E00051132,310,37,16,21,273,24,249,11.935483870967742,5.161290322580645,6.774193548387098,88.06451612903226,7.741935483870968,80.3225806451613
E00051133,289,56,24,32,233,14,219,19.377162629757784,8.304498269896193,11.072664359861593,80.62283737024222,4.844290657439446,75.77854671280276
E00051135,434,92,37,55,342,26,316,21.19815668202765,8.525345622119817,12.672811059907835,78.80184331797236,5.990783410138248,72.81105990783409
E00051136,330,54,19,35,276,21,255,16.363636363636363,5.757575757575758,10.606060606060606,83.63636363636363,6.363636363636363,77.27272727272727
E00051137,315,68,31,37,247,20,227,21.58730158730159,9.841269841269842,11.746031746031745,78.41269841269842,6.349206349206349,72.06349206349206
E00051138,299,52,20,32,247,17,230,17.391304347826086,6.688963210702341,10.702341137123746,82.6086956521739,5.68561872909699,76.92307692307693
E00051139,281,71,34,37,210,25,185,25.26690391459075,12.099644128113878,13.167259786476867,74.73309608540926,8.896797153024911,65.83629893238434
E00051140,315,81,38,43,234,30,204,25.71428571428571,12.063492063492063,13.65079365079365,74.28571428571429,9.523809523809524,64.76190476190476
E00051141,347,71,35,36,276,29,247,20.461095100864554,10.086455331412104,10.37463976945245,79.53890489913545,8.357348703170029,71.18155619596543
E00051142,274,85,35,50,189,9,180,31.02189781021898,12.773722627737227,18.248175182481752,68.97810218978103,3.2846715328467155,65.69343065693431
E00051143,233,63,28,35,170,11,159,27.038626609442062,12.017167381974248,15.021459227467812,72.96137339055794,4.721030042918455,68.24034334763948
E00051144,327,85,37,48,242,17,225,25.993883792048926,11.314984709480122,14.678899082568808,74.00611620795107,5.198776758409786,68.80733944954129
E00051145,296,77,32,45,219,9,210,26.013513513513516,10.81081081081081,15.202702702702704,73.98648648648648,3.040540540540541,70.94594594594594
E00051146,293,41,9,32,252,33,219,13.993174061433447,3.0716723549488054,10.921501706484642,86.00682593856655,11.262798634812286,74.74402730375427
E00051147,330,34,6,28,296,29,267,10.303030303030303,1.8181818181818181,8.484848484848486,89.6969696969697,8.787878787878787,80.9090909090909
E00051148,320,52,16,36,268,23,245,16.25,5,11.25,83.75,7.187499999999999,76.5625
E00051149,198,34,11,23,164,17,147,17.17171717171717,5.555555555555555,11.616161616161616,82.82828282828282,8.585858585858585,74.24242424242425
E00051150,407,56,21,35,351,31,320,13.75921375921376,5.159705159705159,8.5995085995086,86.24078624078624,7.616707616707617,78.62407862407862
E00051151,175,22,12,10,153,9,144,12.571428571428573,6.857142857142858,5.714285714285714,87.42857142857143,5.142857142857142,82.28571428571428
E00051152,317,24,4,20,293,24,269,7.570977917981073,1.2618296529968454,6.309148264984227,92.42902208201893,7.570977917981073,84.85804416403786
E00051153,270,61,27,34,209,19,190,22.59259259259259,10,12.592592592592592,77.4074074074074,7.037037037037037,70.37037037037037
E00051154,293,60,30,30,233,25,208,20.477815699658702,10.238907849829351,10.238907849829351,79.5221843003413,8.532423208191126,70.98976109215018
E00051155,337,40,22,18,297,23,274,11.869436201780417,6.528189910979229,5.341246290801187,88.13056379821958,6.824925816023739,81.30563798219585
E00051156,333,57,28,29,276,32,244,17.117117117117118,8.408408408408409,8.708708708708707,82.88288288288288,9.60960960960961,73.27327327327328
E00051157,305,55,23,32,250,20,230,18.0327868852459,7.540983606557377,10.491803278688524,81.9672131147541,6.557377049180328,75.40983606557377
E00051158,339,44,16,28,295,22,273,12.979351032448378,4.71976401179941,8.259587020648967,87.02064896755162,6.489675516224189,80.53097345132744
E00051159,281,51,21,30,230,19,211,18.14946619217082,7.473309608540925,10.676156583629894,81.85053380782918,6.761565836298933,75.08896797153025
E00051160,297,36,21,15,261,18,243,12.121212121212121,7.07070707070707,5.05050505050505,87.87878787878788,6.0606060606060606,81.81818181818183
E00051161,257,39,14,25,218,26,192,15.17509727626459,5.447470817120623,9.72762645914397,84.8249027237354,10.116731517509727,74.70817120622569
E00051162,355,54,26,28,301,19,282,15.211267605633802,7.323943661971831,7.887323943661972,84.78873239436619,5.352112676056338,79.43661971830987
E00051163,326,37,13,24,289,25,264,11.349693251533742,3.9877300613496933,7.361963190184049,88.65030674846625,7.668711656441718,80.98159509202453
E00051164,246,51,31,20,195,18,177,20.73170731707317,12.601626016260163,8.130081300813007,79.26829268292683,7.317073170731707,71.95121951219512
E00051165,262,44,20,24,218,7,211,16.793893129770993,7.633587786259542,9.16030534351145,83.20610687022901,2.6717557251908395,80.53435114503816
E00051166,279,43,15,28,236,25,211,15.412186379928317,5.376344086021505,10.03584229390681,84.58781362007169,8.960573476702509,75.62724014336918
E00051167,317,49,24,25,268,17,251,15.457413249211358,7.570977917981073,7.886435331230284,84.54258675078864,5.3627760252365935,79.17981072555204
E00051168,310,50,28,22,260,22,238,16.129032258064516,9.032258064516128,7.096774193548387,83.87096774193549,7.096774193548387,76.77419354838709
E00051169,356,39,14,25,317,29,288,10.955056179775282,3.932584269662921,7.02247191011236,89.04494382022472,8.146067415730338,80.89887640449437
E00051170,376,70,29,41,306,28,278,18.617021276595743,7.712765957446808,10.904255319148938,81.38297872340425,7.446808510638298,73.93617021276596
E00051171,286,41,15,26,245,22,223,14.335664335664337,5.244755244755245,9.090909090909092,85.66433566433567,7.6923076923076925,77.97202797202797
E00051172,232,54,22,32,178,12,166,23.275862068965516,9.482758620689655,13.793103448275861,76.72413793103449,5.172413793103448,71.55172413793103
E00051173,332,62,26,36,270,22,248,18.67469879518072,7.83132530120482,10.843373493975903,81.32530120481928,6.626506024096386,74.69879518072288
E00051174,486,77,32,45,409,41,368,15.843621399176955,6.584362139917696,9.25925925925926,84.15637860082305,8.436213991769549,75.7201646090535
E00051175,291,58,22,36,233,19,214,19.93127147766323,7.560137457044673,12.371134020618557,80.06872852233677,6.529209621993128,73.53951890034365
E00051176,321,50,21,29,271,28,243,15.57632398753894,6.5420560747663545,9.034267912772584,84.42367601246106,8.722741433021806,75.70093457943925
E00051177,313,55,21,34,258,11,247,17.57188498402556,6.7092651757188495,10.86261980830671,82.42811501597444,3.5143769968051117,78.91373801916933
E00051178,304,92,48,44,212,19,193,30.263157894736842,15.789473684210526,14.473684210526317,69.73684210526315,6.25,63.48684210526315
E00051179,225,51,24,27,174,13,161,22.666666666666664,10.666666666666668,12,77.33333333333333,5.777777777777778,71.55555555555554
E00051180,332,42,16,26,290,22,268,12.650602409638553,4.819277108433735,7.83132530120482,87.34939759036145,6.626506024096386,80.72289156626506
E00051181,194,44,16,28,150,12,138,22.68041237113402,8.24742268041237,14.432989690721648,77.31958762886599,6.185567010309279,71.1340206185567
E00051182,272,74,40,34,198,10,188,27.205882352941174,14.705882352941178,12.5,72.79411764705883,3.6764705882352944,69.11764705882352
E00051183,258,49,17,32,209,27,182,18.992248062015506,6.5891472868217065,12.4031007751938,81.0077519379845,10.465116279069768,70.54263565891473
E00051184,312,45,21,24,267,21,246,14.423076923076922,6.730769230769231,7.6923076923076925,85.57692307692307,6.730769230769231,78.84615384615384
E00051185,243,49,17,32,194,18,176,20.16460905349794,6.995884773662551,13.168724279835391,79.83539094650206,7.4074074074074066,72.42798353909465
E00051186,306,51,22,29,255,30,225,16.666666666666664,7.18954248366013,9.477124183006536,83.33333333333334,9.803921568627452,73.52941176470588
E00051187,264,26,15,11,238,23,215,9.848484848484848,5.681818181818182,4.166666666666666,90.15151515151516,8.712121212121213,81.43939393939394
E00051188,297,42,20,22,255,24,231,14.14141414141414,6.7340067340067336,7.4074074074074066,85.85858585858585,8.080808080808081,77.77777777777779
E00051189,313,44,19,25,269,15,254,14.057507987220447,6.070287539936102,7.987220447284344,85.94249201277955,4.792332268370607,81.15015974440894
E00051190,337,43,12,31,294,26,268,12.759643916913946,3.5608308605341246,9.198813056379821,87.24035608308606,7.71513353115727,79.52522255192879
E00051191,277,83,33,50,194,19,175,29.96389891696751,11.913357400722022,18.050541516245488,70.03610108303249,6.859205776173286,63.1768953068592
E00051194,392,76,33,43,316,27,289,19.387755102040817,8.418367346938775,10.96938775510204,80.61224489795919,6.887755102040815,73.72448979591837
E00051195,307,88,49,39,219,23,196,28.664495114006517,15.960912052117262,12.703583061889251,71.33550488599349,7.491856677524431,63.84364820846905
E00051196,310,92,47,45,218,16,202,29.677419354838708,15.161290322580644,14.516129032258066,70.3225806451613,5.161290322580645,65.16129032258064
E00051197,321,92,50,42,229,14,215,28.66043613707165,15.57632398753894,13.084112149532709,71.33956386292834,4.361370716510903,66.97819314641744
E00051198,277,89,38,51,188,15,173,32.12996389891697,13.718411552346572,18.4115523465704,67.87003610108303,5.415162454873646,62.454873646209386
E00051199,287,90,51,39,197,21,176,31.3588850174216,17.770034843205575,13.588850174216027,68.6411149825784,7.317073170731707,61.32404181184668
E00051200,368,74,34,40,294,20,274,20.108695652173914,9.239130434782608,10.869565217391305,79.8913043478261,5.434782608695652,74.45652173913044
E00051201,268,61,36,25,207,14,193,22.761194029850746,13.432835820895523,9.328358208955224,77.23880597014924,5.223880597014925,72.01492537313433
E00051202,446,80,35,45,366,25,341,17.937219730941703,7.847533632286996,10.089686098654708,82.0627802690583,5.605381165919283,76.45739910313901
E00051203,180,54,30,24,126,8,118,30,16.666666666666664,13.333333333333334,70,4.444444444444445,65.55555555555556
E00051204,252,52,25,27,200,11,189,20.634920634920633,9.920634920634921,10.714285714285714,79.36507936507937,4.365079365079365,75
E00051205,255,60,30,30,195,15,180,23.52941176470588,11.76470588235294,11.76470588235294,76.47058823529412,5.88235294117647,70.58823529411765
E00051206,304,75,29,46,229,15,214,24.671052631578945,9.539473684210527,15.131578947368421,75.32894736842105,4.934210526315789,70.39473684210526
E00051207,518,182,117,65,336,16,320,35.13513513513514,22.586872586872587,12.548262548262548,64.86486486486487,3.088803088803089,61.77606177606177
E00051208,292,76,45,31,216,10,206,26.027397260273972,15.41095890410959,10.616438356164384,73.97260273972603,3.4246575342465753,70.54794520547945
E00051209,331,73,40,33,258,24,234,22.054380664652566,12.084592145015106,9.969788519637463,77.94561933534743,7.250755287009064,70.69486404833837
E00051210,405,107,54,53,298,23,275,26.41975308641975,13.333333333333334,13.086419753086421,73.58024691358025,5.679012345679013,67.90123456790124
E00051211,279,74,43,31,205,14,191,26.523297491039425,15.412186379928317,11.11111111111111,73.47670250896059,5.017921146953405,68.45878136200717
E00051212,306,95,50,45,211,20,191,31.045751633986928,16.33986928104575,14.705882352941178,68.95424836601308,6.535947712418301,62.41830065359477
E00051213,287,55,23,32,232,16,216,19.16376306620209,8.013937282229964,11.149825783972126,80.8362369337979,5.574912891986063,75.26132404181185
E00051214,483,123,68,55,360,25,335,25.465838509316768,14.078674948240167,11.387163561076605,74.53416149068323,5.175983436853002,69.35817805383023
E00051215,239,67,36,31,172,16,156,28.03347280334728,15.062761506276152,12.97071129707113,71.96652719665272,6.694560669456067,65.27196652719665
E00051216,220,67,32,35,153,8,145,30.454545454545457,14.545454545454545,15.909090909090908,69.54545454545455,3.6363636363636362,65.9090909090909
E00051217,224,68,35,33,156,13,143,30.357142857142854,15.625,14.732142857142858,69.64285714285714,5.803571428571429,63.83928571428571
E00051218,261,66,29,37,195,13,182,25.287356321839084,11.11111111111111,14.17624521072797,74.71264367816092,4.980842911877394,69.73180076628353
E00051219,251,60,17,43,191,11,180,23.904382470119522,6.772908366533864,17.131474103585656,76.09561752988047,4.382470119521913,71.71314741035857
E00051220,346,79,33,46,267,12,255,22.832369942196532,9.53757225433526,13.294797687861271,77.16763005780348,3.4682080924855487,73.69942196531792
E00051221,298,66,36,30,232,16,216,22.14765100671141,12.080536912751679,10.06711409395973,77.85234899328859,5.369127516778524,72.48322147651007
E00051222,258,74,30,44,184,19,165,28.68217054263566,11.627906976744185,17.05426356589147,71.31782945736434,7.3643410852713185,63.95348837209303
E00051223,278,79,34,45,199,10,189,28.41726618705036,12.23021582733813,16.18705035971223,71.58273381294964,3.5971223021582732,67.98561151079137
E00051224,267,77,40,37,190,14,176,28.83895131086142,14.981273408239701,13.857677902621724,71.16104868913857,5.2434456928838955,65.91760299625467
E00051225,276,68,37,31,208,13,195,24.637681159420293,13.405797101449277,11.231884057971014,75.36231884057972,4.710144927536232,70.65217391304348
E00051226,255,74,33,41,181,9,172,29.01960784313726,12.941176470588237,16.07843137254902,70.98039215686275,3.5294117647058822,67.45098039215686
E00051227,297,37,16,21,260,17,243,12.457912457912458,5.387205387205387,7.07070707070707,87.54208754208754,5.723905723905724,81.81818181818183
E00051228,292,41,18,23,251,22,229,14.04109589041096,6.164383561643835,7.876712328767123,85.95890410958904,7.534246575342466,78.42465753424658
E00051229,306,49,18,31,257,18,239,16.013071895424837,5.88235294117647,10.130718954248366,83.98692810457517,5.88235294117647,78.10457516339869
E00051230,265,42,21,21,223,20,203,15.849056603773585,7.9245283018867925,7.9245283018867925,84.15094339622642,7.547169811320755,76.60377358490567
E00051231,323,47,18,29,276,20,256,14.551083591331269,5.572755417956656,8.978328173374612,85.44891640866872,6.191950464396285,79.25696594427245
E00051232,290,40,14,26,250,14,236,13.793103448275861,4.827586206896552,8.96551724137931,86.20689655172413,4.827586206896552,81.37931034482759
E00051233,292,31,11,20,261,17,244,10.616438356164384,3.767123287671233,6.8493150684931505,89.38356164383562,5.821917808219178,83.56164383561644
E00051234,275,52,19,33,223,13,210,18.90909090909091,6.909090909090909,12,81.0909090909091,4.7272727272727275,76.36363636363637
E00051235,313,41,19,22,272,15,257,13.099041533546327,6.070287539936102,7.0287539936102235,86.90095846645367,4.792332268370607,82.10862619808307
E00051236,207,43,14,29,164,10,154,20.77294685990338,6.763285024154589,14.009661835748794,79.22705314009661,4.830917874396135,74.39613526570048
E00051237,257,35,19,16,222,22,200,13.618677042801556,7.392996108949417,6.22568093385214,86.38132295719845,8.560311284046692,77.82101167315176
E00051238,283,50,15,35,233,26,207,17.6678445229682,5.30035335689046,12.36749116607774,82.3321554770318,9.187279151943462,73.14487632508833
E00051239,263,55,24,31,208,24,184,20.912547528517113,9.125475285171103,11.787072243346007,79.08745247148289,9.125475285171103,69.96197718631178
E00051240,279,41,17,24,238,13,225,14.695340501792115,6.093189964157706,8.60215053763441,85.30465949820788,4.659498207885305,80.64516129032258
E00051241,318,46,20,26,272,26,246,14.465408805031446,6.289308176100629,8.176100628930817,85.53459119496856,8.176100628930817,77.35849056603774
E00051242,314,67,36,31,247,25,222,21.337579617834397,11.464968152866243,9.872611464968154,78.6624203821656,7.961783439490445,70.70063694267516
E00051243,312,71,31,40,241,24,217,22.756410256410255,9.935897435897436,12.82051282051282,77.24358974358975,7.6923076923076925,69.55128205128204
E00051244,329,44,21,23,285,20,265,13.37386018237082,6.382978723404255,6.990881458966565,86.62613981762918,6.079027355623101,80.54711246200608
E00051245,340,63,25,38,277,14,263,18.529411764705884,7.352941176470589,11.176470588235295,81.47058823529412,4.117647058823529,77.3529411764706
E00051246,277,55,18,37,222,20,202,19.855595667870034,6.4981949458483745,13.357400722021662,80.14440433212997,7.2202166064981945,72.92418772563177
E00051247,296,45,19,26,251,24,227,15.202702702702704,6.418918918918918,8.783783783783784,84.7972972972973,8.108108108108109,76.6891891891892
E00051248,301,57,22,35,244,16,228,18.93687707641196,7.308970099667775,11.627906976744185,81.06312292358804,5.3156146179401995,75.74750830564784
E00051249,295,69,32,37,226,18,208,23.389830508474578,10.847457627118644,12.54237288135593,76.61016949152543,6.101694915254238,70.50847457627118
E00051250,269,52,21,31,217,26,191,19.33085501858736,7.806691449814126,11.524163568773234,80.66914498141264,9.66542750929368,71.00371747211895
E00051251,316,39,19,20,277,22,255,12.341772151898734,6.012658227848101,6.329113924050633,87.65822784810126,6.962025316455696,80.69620253164557
E00051252,315,65,31,34,250,17,233,20.634920634920633,9.841269841269842,10.793650793650794,79.36507936507937,5.396825396825397,73.96825396825398
E00051253,371,67,21,46,304,28,276,18.059299191374663,5.660377358490567,12.398921832884097,81.94070080862534,7.547169811320755,74.39353099730458
E00051254,320,59,31,28,261,20,241,18.4375,9.6875,8.75,81.5625,6.25,75.3125
E00051255,219,71,35,36,148,15,133,32.42009132420091,15.981735159817351,16.43835616438356,67.57990867579909,6.8493150684931505,60.73059360730594
E00051256,204,83,42,41,121,15,106,40.68627450980392,20.588235294117645,20.098039215686274,59.31372549019608,7.352941176470589,51.9607843137255
E00051257,348,37,14,23,311,23,288,10.632183908045976,4.022988505747127,6.609195402298851,89.36781609195403,6.609195402298851,82.75862068965517
E00051258,319,33,9,24,286,18,268,10.344827586206897,2.8213166144200628,7.523510971786834,89.65517241379311,5.6426332288401255,84.01253918495298
E00051259,341,44,17,27,297,22,275,12.903225806451612,4.9853372434017595,7.9178885630498534,87.09677419354838,6.451612903225806,80.64516129032258
E00051260,261,72,36,36,189,16,173,27.586206896551722,13.793103448275861,13.793103448275861,72.41379310344827,6.130268199233716,66.28352490421456
E00051261,298,30,11,19,268,17,251,10.06711409395973,3.691275167785235,6.375838926174497,89.93288590604027,5.704697986577181,84.22818791946308
E00051262,385,89,44,45,296,23,273,23.116883116883116,11.428571428571429,11.688311688311687,76.88311688311688,5.974025974025974,70.9090909090909
E00051263,180,34,16,18,146,13,133,18.88888888888889,8.88888888888889,10,81.11111111111111,7.222222222222221,73.88888888888889
E00051264,361,90,37,53,271,21,250,24.930747922437675,10.249307479224377,14.681440443213297,75.06925207756233,5.8171745152354575,69.25207756232687
E00051265,309,79,41,38,230,20,210,25.5663430420712,13.268608414239482,12.297734627831716,74.4336569579288,6.472491909385113,67.96116504854369
E00051266,316,82,37,45,234,20,214,25.949367088607595,11.708860759493671,14.240506329113925,74.0506329113924,6.329113924050633,67.72151898734177
E00051267,346,105,57,48,241,15,226,30.346820809248555,16.473988439306357,13.872832369942195,69.65317919075144,4.335260115606936,65.3179190751445
E00051268,313,77,38,39,236,13,223,24.600638977635782,12.140575079872203,12.460063897763577,75.39936102236422,4.15335463258786,71.24600638977637
E00051269,222,56,27,29,166,14,152,25.225225225225223,12.162162162162163,13.063063063063062,74.77477477477478,6.306306306306306,68.46846846846847
E00051270,314,69,27,42,245,20,225,21.97452229299363,8.598726114649681,13.375796178343949,78.02547770700637,6.369426751592357,71.656050955414
E00051271,220,62,34,28,158,15,143,28.18181818181818,15.454545454545453,12.727272727272727,71.81818181818181,6.8181818181818175,65
E00051272,307,82,35,47,225,19,206,26.710097719869708,11.400651465798045,15.309446254071663,73.28990228013029,6.188925081433225,67.10097719869707
E00051273,334,81,41,40,253,24,229,24.251497005988025,12.275449101796406,11.976047904191617,75.74850299401199,7.18562874251497,68.562874251497007
E00051274,511,80,32,48,431,40,391,15.655577299412915,6.262230919765166,9.393346379647749,84.34442270058709,7.8277886497064575,76.51663405088063
E00051275,250,52,19,33,198,18,180,20.8,7.6,13.200000000000001,79.2,7.199999999999999,72
E00051276,299,63,32,31,236,22,214,21.070234113712374,10.702341137123746,10.367892976588628,78.92976588628763,7.357859531772576,71.57190635451505
E00051277,295,64,20,44,231,14,217,21.694915254237287,6.779661016949152,14.915254237288137,78.30508474576271,4.745762711864407,73.5593220338983
E00051278,338,78,29,49,260,27,233,23.076923076923077,8.579881656804734,14.497041420118343,76.92307692307693,7.988165680473373,68.93491124260355
E00051279,349,71,19,52,278,11,267,20.34383954154728,5.444126074498568,14.899713467048711,79.65616045845272,3.151862464183381,76.50429799426934
E00051280,280,79,35,44,201,15,186,28.214285714285715,12.5,15.714285714285714,71.78571428571429,5.357142857142857,66.42857142857143
E00051281,179,77,38,39,102,13,89,43.01675977653631,21.22905027932961,21.787709497206702,56.98324022346368,7.262569832402235,49.72067039106145
E00051282,322,81,38,43,241,14,227,25.15527950310559,11.801242236024844,13.354037267080745,74.84472049689441,4.3478260869565215,70.4968944099379
E00051283,203,61,29,32,142,12,130,30.049261083743843,14.285714285714285,15.763546798029557,69.95073891625616,5.911330049261084,64.03940886699507
E00051284,352,67,28,39,285,14,271,19.03409090909091,7.954545454545454,11.079545454545455,80.9659090909091,3.977272727272727,76.98863636363636
E00051285,337,89,43,46,248,17,231,26.409495548961427,12.759643916913946,13.649851632047477,73.59050445103857,5.044510385756676,68.5459940652819
E00051286,266,91,37,54,175,11,164,34.21052631578947,13.909774436090224,20.30075187969925,65.78947368421053,4.135338345864661,61.65413533834586
E00051287,266,94,40,54,172,14,158,35.338345864661655,15.037593984962406,20.30075187969925,64.66165413533834,5.263157894736842,59.3984962406015
E00051288,289,87,32,55,202,12,190,30.103806228373703,11.072664359861593,19.031141868512112,69.8961937716263,4.1522491349480966,65.7439446366782
E00051289,272,89,46,43,183,8,175,32.720588235294116,16.911764705882355,15.808823529411764,67.27941176470588,2.941176470588235,64.33823529411765
E00051290,280,57,23,34,223,15,208,20.357142857142858,8.214285714285714,12.142857142857142,79.64285714285714,5.357142857142857,74.28571428571429
E00051291,380,88,43,45,292,23,269,23.157894736842106,11.31578947368421,11.842105263157894,76.84210526315789,6.052631578947368,70.78947368421052
E00051292,246,62,31,31,184,23,161,25.203252032520325,12.601626016260163,12.601626016260163,74.79674796747967,9.34959349593496,65.4471544715447
E00051293,387,84,44,40,303,22,281,21.705426356589147,11.369509043927648,10.335917312661499,78.29457364341084,5.684754521963824,72.60981912144703
E00051294,314,57,31,26,257,13,244,18.152866242038215,9.872611464968154,8.280254777070063,81.84713375796179,4.140127388535031,77.70700636942675
E00051295,366,79,41,38,287,23,264,21.584699453551913,11.202185792349727,10.382513661202186,78.41530054644808,6.284153005464481,72.1311475409836
E00051296,242,53,32,21,189,12,177,21.90082644628099,13.223140495867769,8.677685950413224,78.099173553719,4.958677685950414,73.14049586776859
E00051297,408,66,26,40,342,23,319,16.176470588235293,6.372549019607843,9.803921568627452,83.82352941176471,5.637254901960785,78.18627450980392
E00051298,253,60,35,25,193,20,173,23.715415019762844,13.83399209486166,9.881422924901186,76.28458498023716,7.905138339920949,68.37944664031622
E00051299,304,68,31,37,236,19,217,22.36842105263158,10.197368421052632,12.171052631578947,77.63157894736842,6.25,71.38157894736842
E00051300,349,92,48,44,257,18,239,26.36103151862464,13.753581661891118,12.607449856733524,73.63896848137536,5.157593123209169,68.48137535816619
E00051301,371,71,30,41,300,22,278,19.137466307277627,8.086253369272237,11.05121293800539,80.86253369272237,5.929919137466308,74.93261455525607
E00051302,348,82,38,44,266,22,244,23.563218390804597,10.919540229885058,12.643678160919542,76.4367816091954,6.321839080459771,70.11494252873564
E00051303,314,61,32,29,253,16,237,19.426751592356688,10.191082802547772,9.235668789808917,80.57324840764332,5.095541401273886,75.47770700636943
E00051304,399,75,28,47,324,20,304,18.796992481203006,7.017543859649122,11.779448621553884,81.203007518797,5.012531328320802,76.19047619047619
E00051305,224,68,38,30,156,8,148,30.357142857142854,16.964285714285715,13.392857142857142,69.64285714285714,3.571428571428571,66.07142857142857
E00051306,313,67,38,29,246,20,226,21.405750798722046,12.140575079872203,9.26517571884984,78.59424920127796,6.3897763578274756,72.20447284345049
E00051307,332,61,24,37,271,21,250,18.373493975903614,7.228915662650602,11.144578313253012,81.62650602409639,6.325301204819277,75.30120481927712
E00051308,290,74,34,40,216,22,194,25.517241379310345,11.724137931034482,13.793103448275861,74.48275862068967,7.586206896551724,66.89655172413794
E00051309,356,65,25,40,291,20,271,18.258426966292134,7.02247191011236,11.235955056179774,81.74157303370787,5.617977528089887,76.12359550561798
E00051310,319,66,29,37,253,18,235,20.689655172413794,9.090909090909092,11.598746081504702,79.3103448275862,5.6426332288401255,73.66771159874608
E00051311,358,82,37,45,276,14,262,22.905027932960895,10.335195530726256,12.569832402234638,77.09497206703911,3.910614525139665,73.18435754189943
E00051312,270,44,18,26,226,11,215,16.296296296296298,6.666666666666667,9.62962962962963,83.7037037037037,4.074074074074074,79.62962962962963
E00051313,320,69,28,41,251,26,225,21.5625,8.75,12.812499999999998,78.4375,8.125,70.3125
E00051314,264,44,19,25,220,22,198,16.666666666666664,7.196969696969697,9.469696969696969,83.33333333333334,8.333333333333332,75
E00051315,279,72,34,38,207,22,185,25.806451612903224,12.186379928315413,13.620071684587815,74.19354838709677,7.885304659498208,66.30824372759857
E00051316,339,78,24,54,261,13,248,23.008849557522122,7.079646017699115,15.929203539823009,76.99115044247787,3.8348082595870205,73.15634218289085
E00051317,339,40,9,31,299,27,272,11.799410029498524,2.6548672566371683,9.144542772861357,88.20058997050147,7.964601769911504,80.23598820058997
E00051318,334,46,20,26,288,26,262,13.77245508982036,5.9880239520958085,7.784431137724551,86.22754491017965,7.784431137724551,78.44311377245509
E00051319,329,39,13,26,290,16,274,11.854103343465045,3.951367781155015,7.90273556231003,88.14589665653494,4.86322188449848,83.28267477203647
E00051320,314,33,14,19,281,29,252,10.509554140127388,4.45859872611465,6.050955414012739,89.49044585987261,9.235668789808917,80.2547770700637
E00051321,280,38,17,21,242,33,209,13.571428571428571,6.071428571428571,7.5,86.42857142857143,11.785714285714285,74.64285714285714
E00051322,380,39,14,25,341,25,316,10.263157894736842,3.684210526315789,6.578947368421052,89.73684210526316,6.578947368421052,83.15789473684211
E00051323,309,36,16,20,273,14,259,11.650485436893204,5.177993527508091,6.472491909385113,88.3495145631068,4.53074433656958,83.81877022653723
E00051324,350,41,14,27,309,26,283,11.714285714285715,4,7.7142857142857135,88.28571428571429,7.428571428571429,80.85714285714286
E00051325,369,47,19,28,322,30,292,12.737127371273713,5.149051490514905,7.588075880758807,87.26287262872629,8.130081300813007,79.13279132791328
E00051326,309,26,6,20,283,23,260,8.414239482200648,1.9417475728155338,6.472491909385113,91.58576051779936,7.443365695792881,84.14239482200647
E00051327,343,38,13,25,305,38,267,11.078717201166182,3.7900874635568513,7.288629737609329,88.92128279883383,11.078717201166182,77.84256559766763
E00051328,555,57,27,30,498,38,460,10.27027027027027,4.864864864864865,5.405405405405405,89.72972972972974,6.846846846846846,82.88288288288288
E00051329,333,27,8,19,306,21,285,8.108108108108109,2.4024024024024024,5.7057057057057055,91.8918918918919,6.306306306306306,85.58558558558559
E00051330,330,78,46,32,252,22,230,23.636363636363637,13.939393939393941,9.696969696969697,76.36363636363637,6.666666666666667,69.6969696969697
E00051331,277,26,13,13,251,20,231,9.386281588447654,4.693140794223827,4.693140794223827,90.61371841155234,7.2202166064981945,83.39350180505414
E00051332,319,39,14,25,280,31,249,12.225705329153605,4.38871473354232,7.836990595611286,87.7742946708464,9.717868338557993,78.0564263322884
E00051333,303,37,10,27,266,15,251,12.211221122112212,3.3003300330033,8.91089108910891,87.78877887788778,4.9504950495049505,82.83828382838284
E00051334,258,52,19,33,206,30,176,20.155038759689923,7.3643410852713185,12.790697674418606,79.84496124031007,11.627906976744185,68.21705426356588
E00051335,410,68,40,28,342,19,323,16.585365853658537,9.75609756097561,6.829268292682928,83.41463414634146,4.634146341463414,78.78048780487805
E00051336,260,26,9,17,234,32,202,10,3.4615384615384617,6.538461538461539,90,12.307692307692308,77.6923076923077
E00051337,368,36,14,22,332,31,301,9.782608695652174,3.804347826086957,5.978260869565218,90.21739130434783,8.423913043478262,81.79347826086956
E00051338,576,109,38,71,467,36,431,18.92361111111111,6.597222222222222,12.32638888888889,81.07638888888889,6.25,74.82638888888889
E00051339,326,43,13,30,283,24,259,13.190184049079754,3.9877300613496933,9.202453987730062,86.80981595092024,7.361963190184049,79.4478527607362
E00051340,366,69,37,32,297,23,274,18.852459016393443,10.10928961748634,8.743169398907105,81.14754098360656,6.284153005464481,74.86338797814209
E00051341,287,34,9,25,253,22,231,11.846689895470384,3.1358885017421603,8.710801393728223,88.15331010452961,7.665505226480835,80.48780487804879
E00051342,293,41,15,26,252,25,227,13.993174061433447,5.1194539249146755,8.873720136518772,86.00682593856655,8.532423208191126,77.47440273037543
E00051343,241,39,16,23,202,11,191,16.182572614107883,6.639004149377594,9.54356846473029,83.81742738589212,4.564315352697095,79.25311203319502
E00051344,289,30,7,23,259,22,237,10.380622837370241,2.422145328719723,7.958477508650519,89.61937716262976,7.612456747404845,82.00692041522491
E00051345,318,41,15,26,277,29,248,12.89308176100629,4.716981132075472,8.176100628930817,87.10691823899371,9.119496855345911,77.9874213836478
E00051346,287,57,21,36,230,22,208,19.860627177700348,7.317073170731707,12.543554006968641,80.13937282229965,7.665505226480835,72.47386759581882
E00051347,189,54,20,34,135,6,129,28.57142857142857,10.582010582010582,17.989417989417987,71.42857142857143,3.1746031746031744,68.25396825396825
E00051348,288,65,36,29,223,21,202,22.569444444444446,12.5,10.069444444444445,77.43055555555556,7.291666666666667,70.13888888888889
E00051349,291,45,13,32,246,30,216,15.463917525773196,4.4673539518900345,10.996563573883162,84.5360824742268,10.309278350515463,74.22680412371135
E00051350,286,45,11,34,241,26,215,15.734265734265735,3.8461538461538463,11.888111888111888,84.26573426573427,9.090909090909092,75.17482517482517
E00051351,218,55,18,37,163,19,144,25.229357798165136,8.256880733944955,16.972477064220186,74.77064220183486,8.715596330275229,66.05504587155964
E00051352,292,43,21,22,249,15,234,14.726027397260275,7.191780821917808,7.534246575342466,85.27397260273972,5.136986301369863,80.13698630136986
E00051353,268,71,42,29,197,14,183,26.492537313432834,15.671641791044777,10.820895522388058,73.50746268656717,5.223880597014925,68.28358208955224
E00051354,290,36,13,23,254,24,230,12.413793103448276,4.482758620689655,7.931034482758621,87.58620689655172,8.275862068965518,79.3103448275862
E00051355,326,49,17,32,277,32,245,15.030674846625766,5.214723926380368,9.815950920245399,84.96932515337423,9.815950920245399,75.15337423312883
E00051356,383,48,19,29,335,21,314,12.532637075718014,4.960835509138381,7.5718015665796345,87.46736292428199,5.483028720626632,81.98433420365535
E00051357,265,99,52,47,166,16,150,37.35849056603773,19.622641509433965,17.735849056603772,62.64150943396226,6.037735849056604,56.60377358490566
E00051358,260,65,33,32,195,10,185,25,12.692307692307692,12.307692307692308,75,3.8461538461538463,71.15384615384616
E00051359,311,43,14,29,268,27,241,13.826366559485532,4.501607717041801,9.32475884244373,86.17363344051448,8.681672025723474,77.491961414791
E00051360,291,52,22,30,239,19,220,17.869415807560138,7.560137457044673,10.309278350515463,82.13058419243985,6.529209621993128,75.60137457044674
E00051361,332,49,20,29,283,23,260,14.759036144578314,6.024096385542169,8.734939759036145,85.2409638554217,6.927710843373494,78.3132530120482
E00051362,293,60,25,35,233,11,222,20.477815699658702,8.532423208191126,11.945392491467576,79.5221843003413,3.754266211604096,75.76791808873719
E00051363,315,42,12,30,273,23,250,13.333333333333334,3.8095238095238098,9.523809523809524,86.66666666666667,7.301587301587302,79.36507936507937
E00051364,289,45,30,15,244,17,227,15.570934256055363,10.380622837370241,5.190311418685121,84.42906574394463,5.88235294117647,78.54671280276817
E00051365,260,33,13,20,227,16,211,12.692307692307692,5,7.6923076923076925,87.3076923076923,6.153846153846154,81.15384615384616
E00051366,325,43,15,28,282,17,265,13.230769230769232,4.615384615384616,8.615384615384615,86.76923076923076,5.230769230769231,81.53846153846153
E00051367,379,54,14,40,325,24,301,14.24802110817942,3.6939313984168867,10.554089709762533,85.75197889182058,6.33245382585752,79.41952506596306
E00051368,298,42,14,28,256,19,237,14.093959731543624,4.697986577181208,9.395973154362416,85.90604026845638,6.375838926174497,79.53020134228188
E00051369,387,52,31,21,335,19,316,13.436692506459949,8.010335917312661,5.426356589147287,86.56330749354005,4.909560723514212,81.65374677002583
E00051370,356,52,24,28,304,22,282,14.606741573033707,6.741573033707865,7.865168539325842,85.39325842696628,6.179775280898876,79.21348314606742
E00051371,298,39,14,25,259,16,243,13.087248322147651,4.697986577181208,8.389261744966444,86.91275167785236,5.369127516778524,81.54362416107382
E00051372,326,70,34,36,256,20,236,21.472392638036812,10.429447852760736,11.042944785276074,78.52760736196319,6.134969325153374,72.39263803680981
E00051373,326,87,46,41,239,21,218,26.68711656441718,14.11042944785276,12.576687116564417,73.31288343558282,6.441717791411043,66.87116564417178
E00051374,296,28,12,16,268,16,252,9.45945945945946,4.054054054054054,5.405405405405405,90.54054054054053,5.405405405405405,85.13513513513513
E00051375,369,55,30,25,314,17,297,14.905149051490515,8.130081300813007,6.775067750677506,85.09485094850947,4.607046070460704,80.48780487804879
E00051376,384,67,29,38,317,25,292,17.447916666666664,7.552083333333333,9.895833333333332,82.55208333333334,6.510416666666667,76.04166666666666
E00051377,265,39,13,26,226,12,214,14.716981132075471,4.905660377358491,9.811320754716983,85.28301886792453,4.528301886792453,80.75471698113208
E00051378,409,64,25,39,345,23,322,15.647921760391197,6.112469437652812,9.5354523227383865,84.3520782396088,5.623471882640587,78.72860635696821
E00051379,294,40,20,20,254,13,241,13.60544217687075,6.802721088435375,6.802721088435375,86.39455782312925,4.421768707482993,81.97278911564626
E00051380,336,75,39,36,261,16,245,22.321428571428573,11.607142857142858,10.714285714285714,77.67857142857143,4.761904761904762,72.91666666666666
E00051381,358,81,37,44,277,15,262,22.62569832402235,10.335195530726256,12.290502793296088,77.37430167597765,4.189944134078212,73.18435754189943
E00051382,359,45,16,29,314,24,290,12.534818941504177,4.456824512534819,8.07799442896936,87.46518105849582,6.685236768802229,80.77994428969359
E00051383,283,44,18,26,239,18,221,15.547703180212014,6.36042402826855,9.187279151943462,84.45229681978799,6.36042402826855,78.09187279151944
E00051384,347,46,22,24,301,20,281,13.256484149855908,6.340057636887608,6.9164265129683,86.74351585014409,5.763688760806916,80.97982708933718
E00051385,416,61,23,38,355,25,330,14.663461538461538,5.528846153846153,9.134615384615383,85.33653846153845,6.009615384615385,79.32692307692307
E00051386,273,63,32,31,210,18,192,23.076923076923077,11.72161172161172,11.355311355311356,76.92307692307693,6.593406593406594,70.32967032967034
E00051387,357,55,14,41,302,24,278,15.406162464985995,3.9215686274509802,11.484593837535014,84.593837535014,6.722689075630252,77.87114845938376
E00051388,424,48,9,39,376,42,334,11.320754716981133,2.1226415094339623,9.19811320754717,88.67924528301887,9.90566037735849,78.77358490566037
E00051389,309,53,18,35,256,20,236,17.15210355987055,5.825242718446602,11.326860841423949,82.84789644012946,6.472491909385113,76.37540453074433
E00051390,350,51,17,34,299,42,257,14.571428571428571,4.857142857142857,9.714285714285714,85.42857142857143,12,73.42857142857143
E00051391,388,48,23,25,340,33,307,12.371134020618557,5.927835051546391,6.443298969072164,87.62886597938144,8.505154639175258,79.12371134020619
E00051392,370,58,19,39,312,28,284,15.675675675675677,5.135135135135135,10.54054054054054,84.32432432432432,7.567567567567568,76.75675675675676
E00051393,296,47,19,28,249,27,222,15.878378378378377,6.418918918918918,9.45945945945946,84.12162162162163,9.121621621621621,75
E00051394,360,62,24,38,298,24,274,17.22222222222222,6.666666666666667,10.555555555555555,82.77777777777777,6.666666666666667,76.11111111111111
E00051395,342,51,15,36,291,25,266,14.912280701754385,4.385964912280701,10.526315789473683,85.08771929824562,7.309941520467836,77.77777777777779
E00051396,320,29,9,20,291,31,260,9.0625,2.8125,6.25,90.9375,9.6875,81.25
E00051397,318,62,37,25,256,28,228,19.49685534591195,11.635220125786164,7.861635220125786,80.50314465408806,8.80503144654088,71.69811320754717
E00051398,390,66,20,46,324,38,286,16.923076923076923,5.128205128205128,11.794871794871794,83.07692307692308,9.7435897435897445,73.33333333333333
E00051399,308,29,10,19,279,18,261,9.415584415584416,3.2467532467532463,6.1688311688311686,90.5844155844156,5.844155844155844,84.74025974025975
E00051400,436,101,58,43,335,41,294,23.165137614678898,13.302752293577983,9.862385321100918,76.8348623853211,9.403669724770642,67.43119266055045
E00051402,246,50,20,30,196,26,170,20.32520325203252,8.130081300813007,12.195121951219512,79.67479674796748,10.569105691056912,69.10569105691057
E00051403,388,54,20,34,334,34,300,13.917525773195877,5.154639175257731,8.762886597938143,86.08247422680412,8.762886597938143,77.31958762886599
E00051404,437,48,17,31,389,37,352,10.983981693363845,3.8901601830663615,7.093821510297483,89.01601830663616,8.466819221967963,80.54919908466819
E00051405,282,35,14,21,247,32,215,12.411347517730496,4.964539007092199,7.446808510638298,87.58865248226951,11.347517730496454,76.24113475177306
E00051406,300,49,16,33,251,24,227,16.333333333333332,5.333333333333334,11,83.66666666666667,8,75.66666666666667
E00051407,363,33,9,24,330,23,307,9.090909090909092,2.479338842975207,6.6115702479338845,90.9090909090909,6.336088154269973,84.57300275482093
E00051408,361,44,14,30,317,26,291,12.18836565096953,3.8781163434903045,8.310249307479225,87.81163434903047,7.202216066481995,80.60941828254848
E00051409,374,57,19,38,317,30,287,15.240641711229946,5.080213903743315,10.16042780748663,84.75935828877004,8.0213903743315509,76.7379679144385
E00051410,322,43,20,23,279,28,251,13.354037267080745,6.211180124223603,7.142857142857142,86.64596273291926,8.695652173913043,77.95031055900621
E00051411,352,56,20,36,296,31,265,15.909090909090908,5.681818181818182,10.227272727272728,84.0909090909091,8.806818181818182,75.2840909090909
E00051412,457,76,19,57,381,27,354,16.630196936542667,4.157549234135667,12.472647702407002,83.36980306345733,5.908096280087528,77.4617067833698
E00051413,268,50,20,30,218,15,203,18.65671641791045,7.462686567164178,11.194029850746269,81.34328358208955,5.597014925373134,75.74626865671642
E00051414,315,31,11,20,284,35,249,9.841269841269842,3.492063492063492,6.349206349206349,90.15873015873017,11.11111111111111,79.04761904761905
E00051415,352,80,42,38,272,32,240,22.727272727272727,11.931818181818182,10.795454545454545,77.27272727272727,9.090909090909092,68.18181818181817
E00051416,397,63,32,31,334,23,311,15.869017632241814,8.060453400503778,7.8085642317380355,84.1309823677582,5.793450881612091,78.33753148614609
E00051417,306,43,14,29,263,25,238,14.052287581699346,4.57516339869281,9.477124183006536,85.94771241830065,8.169934640522875,77.77777777777779
E00051418,339,34,13,21,305,30,275,10.029498525073747,3.8348082595870205,6.1946902654867255,89.97050147492625,8.849557522123893,81.12094395280236
E00051419,528,112,52,60,416,36,380,21.21212121212121,9.848484848484848,11.363636363636363,78.78787878787878,6.8181818181818175,71.96969696969697
E00051420,265,58,34,24,207,18,189,21.88679245283019,12.830188679245284,9.056603773584905,78.11320754716982,6.7924528301886795,71.32075471698113
E00051421,175,42,20,22,133,12,121,24,11.428571428571429,12.571428571428573,76,6.857142857142858,69.14285714285714
E00051422,255,76,39,37,179,18,161,29.80392156862745,15.294117647058824,14.50980392156863,70.19607843137254,7.0588235294117645,63.13725490196078
E00051423,405,77,27,50,328,25,303,19.012345679012345,6.666666666666667,12.345679012345679,80.98765432098766,6.172839506172839,74.81481481481481
E00051424,361,64,23,41,297,35,262,17.72853185595568,6.3711911357340725,11.357340720221606,82.27146814404432,9.695290858725762,72.57617728531855
E00051425,401,51,17,34,350,31,319,12.718204488778055,4.239401496259352,8.478802992518704,87.28179551122194,7.73067331670823,79.55112219451371
E00051426,416,48,19,29,368,37,331,11.538461538461538,4.567307692307692,6.971153846153847,88.46153846153845,8.89423076923077,79.5673076923077
E00051427,309,43,12,31,266,26,240,13.915857605177994,3.8834951456310676,10.032362459546926,86.08414239482201,8.414239482200648,77.66990291262135
E00051428,304,48,23,25,256,38,218,15.789473684210526,7.565789473684211,8.223684210526317,84.21052631578947,12.5,71.71052631578947
E00051429,398,62,22,40,336,29,307,15.577889447236181,5.527638190954774,10.050251256281408,84.42211055276381,7.2864321608040195,77.1356783919598
E00051430,319,51,22,29,268,22,246,15.987460815047022,6.896551724137931,9.090909090909092,84.01253918495298,6.896551724137931,77.11598746081505
E00051431,349,51,14,37,298,38,260,14.613180515759314,4.011461318051576,10.601719197707736,85.38681948424069,10.888252148997136,74.49856733524355
E00051432,340,44,11,33,296,26,270,12.941176470588237,3.2352941176470593,9.705882352941178,87.05882352941177,7.647058823529412,79.41176470588235
E00051433,336,48,23,25,288,20,268,14.285714285714285,6.845238095238096,7.440476190476191,85.71428571428571,5.952380952380952,79.76190476190477
E00051434,337,85,37,48,252,16,236,25.222551928783382,10.979228486646884,14.243323442136498,74.77744807121661,4.747774480712167,70.02967359050444
E00051435,370,63,19,44,307,31,276,17.027027027027028,5.135135135135135,11.891891891891893,82.97297297297297,8.378378378378379,74.5945945945946
E00051436,337,38,8,30,299,22,277,11.275964391691394,2.3738872403560833,8.902077151335313,88.72403560830861,6.528189910979229,82.19584569732937
E00051437,163,71,27,44,92,15,77,43.558282208588956,16.56441717791411,26.993865030674847,56.44171779141104,9.202453987730062,47.239263803680984
E00051438,352,40,16,24,312,27,285,11.363636363636363,4.545454545454546,6.8181818181818175,88.63636363636364,7.670454545454546,80.9659090909091
E00051439,482,86,57,29,396,39,357,17.842323651452283,11.825726141078837,6.016597510373444,82.15767634854771,8.091286307053942,74.06639004149378
E00051440,441,55,14,41,386,40,346,12.471655328798185,3.1746031746031744,9.297052154195011,87.52834467120182,9.070294784580499,78.45804988662131
E00051441,335,54,23,31,281,20,261,16.119402985074625,6.865671641791045,9.253731343283581,83.88059701492537,5.970149253731343,77.91044776119404
E00051442,266,50,23,27,216,17,199,18.796992481203006,8.646616541353383,10.150375939849624,81.203007518797,6.390977443609022,74.81203007518798
E00051443,299,40,15,25,259,16,243,13.377926421404682,5.016722408026756,8.361204013377927,86.62207357859532,5.351170568561873,81.27090301003345
E00051444,297,50,18,32,247,31,216,16.835016835016837,6.0606060606060606,10.774410774410773,83.16498316498317,10.437710437710438,72.72727272727273
E00051445,295,38,17,21,257,23,234,12.88135593220339,5.762711864406779,7.118644067796611,87.11864406779661,7.796610169491526,79.3220338983051
E00051446,314,54,26,28,260,28,232,17.197452229299362,8.280254777070063,8.9171974522293,82.80254777070064,8.9171974522293,73.88535031847134
E00051447,345,64,25,39,281,20,261,18.55072463768116,7.246376811594203,11.304347826086957,81.44927536231884,5.797101449275362,75.65217391304347
E00051448,343,75,39,36,268,20,248,21.865889212827987,11.370262390670554,10.495626822157435,78.134110787172,5.830903790087463,72.30320699708454
E00051449,314,132,67,65,182,16,166,42.038216560509554,21.337579617834397,20.70063694267516,57.961783439490446,5.095541401273886,52.86624203821656
E00051450,338,79,36,43,259,17,242,23.37278106508876,10.650887573964498,12.721893491124261,76.62721893491124,5.029585798816568,71.59763313609467
E00051451,326,63,30,33,263,18,245,19.32515337423313,9.202453987730062,10.122699386503067,80.67484662576688,5.521472392638037,75.15337423312883
E00051453,287,61,33,28,226,17,209,21.254355400696863,11.498257839721255,9.75609756097561,78.74564459930313,5.923344947735192,72.82229965156795
E00051454,324,41,11,30,283,29,254,12.654320987654321,3.3950617283950617,9.25925925925926,87.34567901234568,8.950617283950617,78.39506172839506
E00051455,290,58,33,25,232,23,209,20,11.379310344827587,8.620689655172415,80,7.931034482758621,72.06896551724138
E00051456,225,54,21,33,171,15,156,24,9.333333333333334,14.666666666666666,76,6.666666666666667,69.33333333333334
E00051457,321,57,20,37,264,28,236,17.75700934579439,6.230529595015576,11.526479750778815,82.2429906542056,8.722741433021806,73.5202492211838
E00051458,267,52,22,30,215,22,193,19.475655430711612,8.239700374531834,11.235955056179774,80.52434456928839,8.239700374531834,72.28464419475655
E00051459,360,52,19,33,308,32,276,14.444444444444443,5.277777777777778,9.166666666666666,85.55555555555556,8.88888888888889,76.66666666666667
E00051460,177,53,24,29,124,13,111,29.943502824858758,13.559322033898304,16.38418079096045,70.05649717514125,7.344632768361582,62.71186440677966
E00051461,319,52,20,32,267,23,244,16.30094043887147,6.269592476489027,10.031347962382444,83.69905956112854,7.210031347962382,76.48902821316614
E00051462,123,18,7,11,105,9,96,14.634146341463413,5.691056910569105,8.94308943089431,85.36585365853658,7.317073170731707,78.04878048780488
E00051463,374,55,23,32,319,39,280,14.705882352941178,6.149732620320856,8.55614973262032,85.29411764705883,10.427807486631016,74.8663101604278
E00051464,310,30,7,23,280,29,251,9.67741935483871,2.258064516129032,7.419354838709677,90.32258064516128,9.35483870967742,80.96774193548387
E00051465,154,40,20,20,114,13,101,25.97402597402597,12.987012987012985,12.987012987012985,74.02597402597402,8.441558441558442,65.5844155844156
E00051466,417,40,15,25,377,32,345,9.59232613908873,3.5971223021582732,5.995203836930456,90.40767386091127,7.673860911270983,82.73381294964028
E00051467,484,94,55,39,390,23,367,19.421487603305785,11.363636363636363,8.057851239669422,80.57851239669421,4.75206611570248,75.82644628099173
E00051468,293,33,12,21,260,22,238,11.262798634812286,4.09556313993174,7.167235494880546,88.73720136518772,7.508532423208192,81.22866894197952
E00051469,314,42,7,35,272,24,248,13.375796178343949,2.229299363057325,11.146496815286625,86.62420382165605,7.643312101910828,78.98089171974523
E00051470,359,35,9,26,324,34,290,9.749303621169917,2.5069637883008355,7.242339832869081,90.25069637883009,9.47075208913649,80.77994428969359
E00051471,370,27,7,20,343,42,301,7.297297297297297,1.891891891891892,5.405405405405405,92.7027027027027,11.351351351351353,81.35135135135135
E00051472,239,30,3,27,209,12,197,12.552301255230125,1.2552301255230125,11.297071129707113,87.44769874476988,5.02092050209205,82.42677824267783
E00051473,261,25,6,19,236,22,214,9.578544061302683,2.2988505747126435,7.2796934865900385,90.42145593869732,8.42911877394636,81.99233716475096
E00051474,416,63,31,32,353,39,314,15.144230769230768,7.451923076923077,7.6923076923076925,84.85576923076923,9.375,75.48076923076923
E00051475,269,53,20,33,216,20,196,19.702602230483272,7.434944237918216,12.267657992565056,80.29739776951673,7.434944237918216,72.86245353159852
E00051476,341,41,10,31,300,23,277,12.023460410557185,2.932551319648094,9.090909090909092,87.97653958944281,6.744868035190615,81.23167155425219
E00051477,360,31,12,19,329,19,310,8.61111111111111,3.3333333333333335,5.277777777777778,91.38888888888889,5.277777777777778,86.11111111111111
E00051478,359,34,11,23,325,33,292,9.47075208913649,3.064066852367688,6.406685236768802,90.5292479108635,9.192200557103064,81.33704735376045
E00051479,253,51,17,34,202,25,177,20.158102766798418,6.719367588932807,13.438735177865613,79.84189723320159,9.881422924901186,69.96047430830039
E00051480,320,40,11,29,280,23,257,12.5,3.4375000000000004,9.0625,87.5,7.187499999999999,80.3125
E00051481,325,46,16,30,279,18,261,14.153846153846153,4.923076923076923,9.230769230769232,85.84615384615385,5.538461538461538,80.3076923076923
E00051482,329,45,20,25,284,24,260,13.677811550151976,6.079027355623101,7.598784194528875,86.32218844984803,7.29483282674772,79.0273556231003
E00051483,319,55,20,35,264,22,242,17.24137931034483,6.269592476489027,10.9717868338558,82.75862068965517,6.896551724137931,75.86206896551724
E00051484,334,31,11,20,303,26,277,9.281437125748502,3.293413173652695,5.9880239520958085,90.71856287425149,7.784431137724551,82.93413173652695
E00051485,318,48,10,38,270,33,237,15.09433962264151,3.1446540880503147,11.949685534591195,84.90566037735849,10.377358490566039,74.52830188679245
E00051486,293,28,7,21,265,23,242,9.556313993174061,2.3890784982935154,7.167235494880546,90.44368600682594,7.849829351535837,82.5938566552901
E00051487,338,58,17,41,280,24,256,17.159763313609467,5.029585798816568,12.1301775147929,82.84023668639054,7.100591715976331,75.7396449704142
E00051490,544,51,14,37,493,33,460,9.375,2.5735294117647056,6.8014705882352935,90.625,6.0661764705882355,84.55882352941177
E00051492,350,43,18,25,307,31,276,12.285714285714286,5.142857142857142,7.142857142857142,87.71428571428571,8.857142857142856,78.85714285714286
E00051494,322,32,7,25,290,31,259,9.937888198757763,2.1739130434782608,7.763975155279502,90.06211180124224,9.627329192546584,80.43478260869566
E00051495,296,55,29,26,241,24,217,18.58108108108108,9.797297297297296,8.783783783783784,81.41891891891892,8.108108108108109,73.3108108108108
E00051498,335,58,15,43,277,30,247,17.313432835820898,4.477611940298507,12.835820895522387,82.68656716417911,8.955223880597014,73.73134328358208
E00051500,302,40,12,28,262,34,228,13.245033112582782,3.9735099337748347,9.271523178807946,86.75496688741721,11.258278145695364,75.49668874172185
E00051501,391,54,17,37,337,37,300,13.810741687979538,4.3478260869565215,9.462915601023019,86.18925831202046,9.462915601023019,76.72634271099744
E00051502,268,41,9,32,227,22,205,15.298507462686567,3.3582089552238807,11.940298507462686,84.70149253731343,8.208955223880597,76.49253731343283
E00051503,319,35,7,28,284,20,264,10.9717868338558,2.19435736677116,8.77742946708464,89.0282131661442,6.269592476489027,82.75862068965517
E00051504,313,34,9,25,279,35,244,10.86261980830671,2.8753993610223643,7.987220447284344,89.1373801916933,11.182108626198083,77.95527156549521
E00051506,557,70,22,48,487,23,464,12.567324955116696,3.949730700179533,8.617594254937163,87.4326750448833,4.129263913824058,83.30341113105925
E00051507,277,33,11,22,244,22,222,11.913357400722022,3.9711191335740073,7.9422382671480145,88.08664259927798,7.9422382671480145,80.14440433212997
E00051508,283,24,6,18,259,19,240,8.480565371024735,2.1201413427561837,6.36042402826855,91.51943462897526,6.713780918727916,84.80565371024736
E00051509,304,18,2,16,286,26,260,5.921052631578947,0.6578947368421052,5.263157894736842,94.07894736842105,8.552631578947368,85.52631578947368
E00051510,372,39,14,25,333,27,306,10.483870967741936,3.763440860215054,6.720430107526881,89.51612903225806,7.258064516129033,82.25806451612904
E00051511,289,30,8,22,259,28,231,10.380622837370241,2.768166089965398,7.612456747404845,89.61937716262976,9.688581314878892,79.93079584775087
E00051512,233,35,9,26,198,13,185,15.021459227467812,3.862660944206009,11.158798283261802,84.97854077253218,5.579399141630901,79.39914163090128
E00051513,293,26,12,14,267,27,240,8.873720136518772,4.09556313993174,4.778156996587031,91.12627986348123,9.215017064846416,81.91126279863481
E00051514,325,34,11,23,291,22,269,10.461538461538462,3.3846153846153846,7.076923076923077,89.53846153846153,6.769230769230769,82.76923076923077
E00051515,368,44,21,23,324,26,298,11.956521739130435,5.706521739130435,6.25,88.04347826086956,7.065217391304348,80.97826086956522
E00051516,265,31,9,22,234,27,207,11.69811320754717,3.3962264150943398,8.30188679245283,88.30188679245283,10.18867924528302,78.11320754716982
E00051517,300,37,7,30,263,21,242,12.333333333333334,2.3333333333333335,10,87.66666666666667,7.000000000000001,80.66666666666666
E00051518,330,36,12,24,294,22,272,10.909090909090908,3.6363636363636362,7.2727272727272725,89.0909090909091,6.666666666666667,82.42424242424242
E00051519,271,31,5,26,240,14,226,11.439114391143912,1.8450184501845017,9.59409594095941,88.56088560885608,5.166051660516605,83.39483394833948
E00051520,441,56,22,34,385,22,363,12.698412698412698,4.988662131519274,7.709750566893423,87.3015873015873,4.988662131519274,82.31292517006803
E00051521,465,42,16,26,423,30,393,9.032258064516128,3.4408602150537635,5.591397849462366,90.96774193548387,6.451612903225806,84.51612903225806
E00051522,395,46,15,31,349,31,318,11.645569620253164,3.79746835443038,7.848101265822785,88.35443037974684,7.848101265822785,80.50632911392405
E00051523,338,27,3,24,311,24,287,7.988165680473373,0.8875739644970414,7.100591715976331,92.01183431952663,7.100591715976331,84.91124260355029
E00051524,321,51,17,34,270,23,247,15.887850467289718,5.29595015576324,10.59190031152648,84.11214953271028,7.165109034267912,76.94704049844236
E00051525,376,33,15,18,343,28,315,8.77659574468085,3.9893617021276597,4.787234042553192,91.22340425531915,7.446808510638298,83.77659574468085
E00051526,366,36,17,19,330,29,301,9.836065573770492,4.644808743169399,5.191256830601093,90.1639344262295,7.923497267759563,82.24043715846994
E00051527,361,40,9,31,321,22,299,11.080332409972298,2.4930747922437675,8.587257617728532,88.9196675900277,6.094182825484765,82.82548476454294
E00051528,383,37,12,25,346,27,319,9.660574412532636,3.1331592689295036,6.527415143603134,90.33942558746736,7.049608355091384,83.28981723237598
E00051529,354,56,13,43,298,30,268,15.819209039548024,3.672316384180791,12.146892655367232,84.18079096045197,8.47457627118644,75.70621468926554
E00051530,387,26,12,14,361,27,334,6.718346253229974,3.10077519379845,3.6175710594315245,93.28165374677002,6.976744186046512,86.30490956072352
E00051531,342,52,22,30,290,20,270,15.204678362573098,6.432748538011696,8.771929824561402,84.7953216374269,5.847953216374268,78.94736842105263
E00051532,279,27,11,16,252,19,233,9.67741935483871,3.942652329749104,5.734767025089606,90.32258064516128,6.810035842293908,83.51254480286738
E00051533,310,42,15,27,268,36,232,13.548387096774196,4.838709677419355,8.709677419354838,86.45161290322581,11.612903225806452,74.83870967741936
E00051534,338,31,11,20,307,25,282,9.171597633136095,3.2544378698224854,5.9171597633136095,90.8284023668639,7.396449704142012,83.4319526627219
E00051535,227,82,38,44,145,7,138,36.12334801762114,16.740088105726873,19.383259911894275,63.87665198237885,3.0837004405286343,60.792951541850215
E00051536,358,51,13,38,307,30,277,14.24581005586592,3.6312849162011176,10.614525139664805,85.75418994413407,8.379888268156424,77.37430167597765
E00051537,335,53,21,32,282,27,255,15.82089552238806,6.26865671641791,9.55223880597015,84.17910447761194,8.059701492537313,76.11940298507463
E00051538,349,32,8,24,317,14,303,9.169054441260744,2.292263610315186,6.876790830945559,90.83094555873924,4.011461318051576,86.81948424068769
E00051539,303,43,16,27,260,28,232,14.19141914191419,5.2805280528052805,8.91089108910891,85.8085808580858,9.24092409240924,76.56765676567657
E00051540,416,37,8,29,379,30,349,8.89423076923077,1.9230769230769231,6.971153846153847,91.10576923076923,7.211538461538461,83.89423076923077
E00051541,259,46,20,26,213,18,195,17.760617760617762,7.722007722007722,10.038610038610038,82.23938223938224,6.94980694980695,75.2895752895753
E00051542,571,107,60,47,464,33,431,18.739054290718038,10.507880910683012,8.231173380035026,81.26094570928196,5.779334500875657,75.4816112084063
E00051543,336,67,24,43,269,32,237,19.940476190476193,7.142857142857142,12.797619047619047,80.05952380952381,9.523809523809524,70.53571428571429
E00051544,326,39,13,26,287,25,262,11.96319018404908,3.9877300613496933,7.975460122699387,88.03680981595092,7.668711656441718,80.3680981595092
E00051545,334,28,9,19,306,33,273,8.383233532934131,2.694610778443114,5.688622754491018,91.61676646706587,9.880239520958083,81.73652694610777
E00051546,338,28,6,22,310,27,283,8.284023668639055,1.7751479289940828,6.508875739644971,91.71597633136095,7.988165680473373,83.72781065088756
E00051547,375,54,19,35,321,32,289,14.399999999999999,5.066666666666666,9.333333333333334,85.6,8.533333333333333,77.06666666666668
E00051548,315,19,0,19,296,25,271,6.031746031746032,0,6.031746031746032,93.96825396825396,7.936507936507936,86.03174603174604
E00051549,288,24,8,16,264,18,246,8.333333333333332,2.7777777777777777,5.555555555555555,91.66666666666666,6.25,85.41666666666666
E00051550,304,28,13,15,276,21,255,9.210526315789473,4.276315789473684,4.934210526315789,90.78947368421053,6.907894736842106,83.88157894736842
E00051551,322,44,16,28,278,18,260,13.664596273291925,4.968944099378882,8.695652173913043,86.33540372670807,5.590062111801243,80.74534161490683
E00051552,357,38,16,22,319,23,296,10.644257703081232,4.481792717086835,6.162464985994398,89.35574229691878,6.442577030812324,82.91316526610645
E00051553,371,90,35,55,281,29,252,24.258760107816713,9.433962264150944,14.824797843665769,75.74123989218329,7.816711590296496,67.9245283018868
E00051554,366,33,7,26,333,26,307,9.01639344262295,1.912568306010929,7.103825136612022,90.98360655737704,7.103825136612022,83.87978142076503
E00051555,337,43,14,29,294,19,275,12.759643916913946,4.154302670623145,8.605341246290802,87.24035608308606,5.637982195845697,81.60237388724035
E00051556,294,49,24,25,245,26,219,16.666666666666664,8.16326530612245,8.503401360544217,83.33333333333334,8.843537414965986,74.48979591836735
E00051557,575,71,19,52,504,42,462,12.347826086956522,3.304347826086956,9.043478260869566,87.65217391304347,7.304347826086957,80.34782608695652
E00051558,408,43,13,30,365,30,335,10.53921568627451,3.1862745098039214,7.352941176470589,89.4607843137255,7.352941176470589,82.1078431372549
E00051559,282,68,25,43,214,23,191,24.113475177304963,8.865248226950355,15.24822695035461,75.88652482269504,8.156028368794328,67.73049645390071
E00051560,309,38,16,22,271,23,248,12.297734627831716,5.177993527508091,7.119741100323624,87.70226537216828,7.443365695792881,80.2588996763754
E00051561,373,67,33,34,306,27,279,17.962466487935657,8.847184986595174,9.115281501340483,82.03753351206434,7.238605898123325,74.79892761394102
E00051562,327,69,33,36,258,17,241,21.100917431192663,10.091743119266056,11.009174311926607,78.89908256880734,5.198776758409786,73.70030581039755
E00051563,281,43,11,32,238,21,217,15.302491103202847,3.9145907473309607,11.387900355871885,84.69750889679716,7.473309608540925,77.22419928825623
E00051564,326,32,8,24,294,15,279,9.815950920245399,2.4539877300613497,7.361963190184049,90.1840490797546,4.601226993865031,85.58282208588957
E00051565,323,43,8,35,280,24,256,13.312693498452013,2.476780185758514,10.8359133126935,86.687306501548,7.430340557275541,79.25696594427245
E00051566,335,33,10,23,302,21,281,9.850746268656717,2.9850746268656714,6.865671641791045,90.14925373134328,6.26865671641791,83.88059701492537
E00051567,397,50,17,33,347,36,311,12.594458438287154,4.282115869017632,8.312342569269521,87.40554156171285,9.06801007556675,78.33753148614609
E00051568,238,65,27,38,173,19,154,27.310924369747898,11.344537815126051,15.966386554621847,72.68907563025209,7.9831932773109235,64.70588235294117
E00051569,296,49,13,36,247,20,227,16.554054054054053,4.391891891891892,12.162162162162163,83.44594594594594,6.756756756756757,76.6891891891892
E00051570,234,79,45,34,155,16,139,33.76068376068376,19.230769230769234,14.529914529914532,66.23931623931624,6.837606837606838,59.401709401709404
E00051571,291,42,18,24,249,25,224,14.432989690721648,6.185567010309279,8.24742268041237,85.56701030927834,8.59106529209622,76.97594501718214
E00051572,429,59,23,36,370,25,345,13.752913752913754,5.361305361305361,8.391608391608392,86.24708624708624,5.827505827505827,80.41958041958041
E00051573,274,51,13,38,223,17,206,18.613138686131386,4.744525547445255,13.86861313868613,81.38686131386861,6.204379562043796,75.18248175182481
E00051574,357,76,29,47,281,17,264,21.288515406162464,8.123249299719888,13.165266106442578,78.71148459383754,4.761904761904762,73.94957983193278
E00051575,239,71,40,31,168,16,152,29.707112970711297,16.736401673640167,12.97071129707113,70.29288702928869,6.694560669456067,63.59832635983263
E00051576,283,79,43,36,204,17,187,27.915194346289752,15.19434628975265,12.7208480565371,72.08480565371025,6.007067137809187,66.07773851590106
E00051577,152,55,34,21,97,12,85,36.18421052631579,22.36842105263158,13.815789473684212,63.81578947368421,7.894736842105263,55.92105263157895
E00051578,468,61,23,38,407,37,370,13.034188034188036,4.914529914529915,8.11965811965812,86.96581196581197,7.905982905982905,79.05982905982906
E00051579,369,37,12,25,332,30,302,10.02710027100271,3.2520325203252036,6.775067750677506,89.97289972899729,8.130081300813007,81.84281842818429
E00051580,317,45,14,31,272,22,250,14.195583596214512,4.416403785488959,9.779179810725552,85.8044164037855,6.940063091482649,78.86435331230284
E00051581,363,83,39,44,280,24,256,22.865013774104685,10.743801652892563,12.121212121212121,77.13498622589532,6.6115702479338845,70.52341597796143
E00051582,329,38,14,24,291,15,276,11.55015197568389,4.25531914893617,7.29483282674772,88.44984802431611,4.5592705167173255,83.89057750759878
E00051583,373,44,9,35,329,26,303,11.796246648793565,2.4128686327077746,9.383378016085791,88.20375335120644,6.970509383378016,81.23324396782841
E00051584,320,50,15,35,270,32,238,15.625,4.6875,10.9375,84.375,10,74.375
E00051585,327,33,11,22,294,18,276,10.091743119266056,3.3639143730886847,6.727828746177369,89.90825688073394,5.5045871559633035,84.40366972477065
E00051586,356,62,26,36,294,27,267,17.415730337078653,7.303370786516854,10.112359550561797,82.58426966292134,7.584269662921349,75
E00051587,375,40,16,24,335,28,307,10.666666666666668,4.266666666666667,6.4,89.33333333333333,7.466666666666668,81.86666666666666
E00051588,352,37,15,22,315,18,297,10.511363636363637,4.261363636363636,6.25,89.48863636363636,5.113636363636364,84.375
E00051589,343,39,12,27,304,21,283,11.370262390670554,3.498542274052478,7.871720116618077,88.62973760932945,6.122448979591836,82.5072886297376
E00051590,334,47,23,24,287,19,268,14.071856287425149,6.88622754491018,7.18562874251497,85.92814371257485,5.688622754491018,80.23952095808383
E00051591,286,34,12,22,252,18,234,11.888111888111888,4.195804195804196,7.6923076923076925,88.11188811188812,6.293706293706294,81.81818181818183
E00051592,379,118,76,42,261,19,242,31.13456464379947,20.052770448548813,11.081794195250659,68.86543535620054,5.013192612137203,63.852242744063325
E00051593,320,43,12,31,277,24,253,13.4375,3.75,9.6875,86.5625,7.5,79.0625
E00051594,256,38,10,28,218,22,196,14.84375,3.90625,10.9375,85.15625,8.59375,76.5625
E00051595,308,43,25,18,265,24,241,13.96103896103896,8.116883116883116,5.844155844155844,86.03896103896103,7.792207792207792,78.24675324675324
E00051596,373,47,19,28,326,37,289,12.600536193029491,5.093833780160858,7.506702412868632,87.39946380697052,9.919571045576408,77.4798927613941
E00051597,291,37,12,25,254,25,229,12.714776632302405,4.123711340206185,8.59106529209622,87.2852233676976,8.59106529209622,78.69415807560138
E00051598,280,44,17,27,236,15,221,15.714285714285714,6.071428571428571,9.642857142857144,84.28571428571429,5.357142857142857,78.92857142857143
E00051599,279,30,9,21,249,17,232,10.75268817204301,3.225806451612903,7.526881720430108,89.24731182795699,6.093189964157706,83.15412186379928
E00051600,300,47,17,30,253,34,219,15.666666666666668,5.666666666666666,10,84.33333333333334,11.333333333333332,73
E00051601,295,49,25,24,246,36,210,16.610169491525422,8.47457627118644,8.135593220338983,83.38983050847457,12.203389830508476,71.1864406779661
E00051602,275,54,23,31,221,18,203,19.636363636363637,8.363636363636363,11.272727272727273,80.36363636363636,6.545454545454546,73.81818181818181
E00051603,235,51,22,29,184,16,168,21.70212765957447,9.361702127659575,12.340425531914894,78.29787234042553,6.808510638297872,71.48936170212767
E00051604,314,31,14,17,283,16,267,9.872611464968154,4.45859872611465,5.414012738853503,90.12738853503186,5.095541401273886,85.03184713375796
E00051605,374,50,16,34,324,30,294,13.368983957219251,4.27807486631016,9.090909090909092,86.63101604278076,8.0213903743315509,78.6096256684492
E00051606,273,31,11,20,242,11,231,11.355311355311356,4.029304029304029,7.326007326007327,88.64468864468864,4.029304029304029,84.61538461538461
E00051607,321,36,13,23,285,32,253,11.214953271028037,4.049844236760125,7.165109034267912,88.78504672897196,9.968847352024921,78.81619937694704
E00051608,301,47,16,31,254,20,234,15.614617940199334,5.3156146179401995,10.299003322259136,84.38538205980066,6.64451827242525,77.74086378737542
E00051609,310,46,12,34,264,28,236,14.838709677419354,3.870967741935484,10.967741935483872,85.16129032258064,9.032258064516128,76.12903225806451
E00051610,273,47,18,29,226,22,204,17.216117216117215,6.593406593406594,10.622710622710622,82.78388278388277,8.058608058608058,74.72527472527473
E00051611,310,55,22,33,255,22,233,17.741935483870968,7.096774193548387,10.64516129032258,82.25806451612904,7.096774193548387,75.16129032258064
E00051612,335,41,11,30,294,17,277,12.238805970149254,3.2835820895522385,8.955223880597014,87.76119402985074,5.074626865671641,82.68656716417911
E00051613,318,31,10,21,287,29,258,9.748427672955975,3.1446540880503147,6.60377358490566,90.25157232704403,9.119496855345911,81.13207547169812
E00051614,282,70,31,39,212,27,185,24.822695035460992,10.99290780141844,13.829787234042554,75.177304964539,9.574468085106384,65.60283687943263
E00051615,355,49,22,27,306,33,273,13.802816901408452,6.197183098591549,7.605633802816901,86.19718309859155,9.295774647887324,76.90140845070422
E00051616,367,62,18,44,305,22,283,16.893732970027248,4.904632152588556,11.989100817438691,83.10626702997274,5.994550408719346,77.11171662125341
E00051617,272,48,24,24,224,33,191,17.647058823529413,8.823529411764707,8.823529411764707,82.35294117647058,12.132352941176471,70.22058823529412
E00051618,329,56,20,36,273,19,254,17.02127659574468,6.079027355623101,10.94224924012158,82.97872340425532,5.775075987841945,77.20364741641338
E00051619,307,43,18,25,264,25,239,14.006514657980457,5.863192182410423,8.143322475570033,85.99348534201955,8.143322475570033,77.85016286644951
E00051620,337,54,19,35,283,31,252,16.023738872403563,5.637982195845697,10.385756676557865,83.97626112759644,9.198813056379821,74.77744807121661
E00051621,345,46,25,21,299,22,277,13.333333333333334,7.246376811594203,6.086956521739131,86.66666666666667,6.3768115942028984,80.28985507246377
E00051622,271,32,13,19,239,24,215,11.808118081180812,4.797047970479705,7.011070110701106,88.19188191881919,8.856088560885608,79.33579335793358
E00051623,237,86,57,29,151,9,142,36.28691983122363,24.050632911392405,12.236286919831224,63.71308016877637,3.79746835443038,59.91561181434599
E00051624,325,31,12,19,294,25,269,9.538461538461538,3.6923076923076925,5.846153846153846,90.46153846153845,7.6923076923076925,82.76923076923077
E00051625,346,75,27,48,271,27,244,21.67630057803468,7.803468208092486,13.872832369942195,78.32369942196532,7.803468208092486,70.52023121387283
E00051626,293,50,12,38,243,21,222,17.064846416382252,4.09556313993174,12.969283276450511,82.93515358361775,7.167235494880546,75.76791808873719
E00051627,242,92,48,44,150,22,128,38.01652892561984,19.834710743801654,18.181818181818183,61.98347107438017,9.090909090909092,52.892561983471076
E00051628,283,38,12,26,245,18,227,13.427561837455832,4.240282685512367,9.187279151943462,86.57243816254417,6.36042402826855,80.21201413427562
E00051629,340,77,36,41,263,31,232,22.647058823529413,10.588235294117647,12.058823529411764,77.3529411764706,9.117647058823529,68.23529411764706
E00051630,310,39,13,26,271,19,252,12.580645161290322,4.193548387096775,8.38709677419355,87.41935483870968,6.129032258064516,81.29032258064515
E00051631,426,98,57,41,328,23,305,23.004694835680752,13.380281690140844,9.624413145539906,76.99530516431925,5.39906103286385,71.59624413145539
E00051632,249,77,43,34,172,13,159,30.923694779116467,17.269076305220885,13.654618473895583,69.07630522088354,5.220883534136546,63.85542168674698
E00051633,300,26,10,16,274,27,247,8.666666666666668,3.3333333333333335,5.333333333333334,91.33333333333333,9,82.33333333333334
E00051634,282,37,15,22,245,25,220,13.120567375886525,5.319148936170213,7.801418439716312,86.87943262411348,8.865248226950355,78.01418439716312
E00051635,403,121,60,61,282,23,259,30.024813895781637,14.888337468982629,15.136476426799009,69.97518610421837,5.707196029776675,64.26799007444168
E00051636,369,71,34,37,298,21,277,19.241192411924118,9.214092140921409,10.02710027100271,80.75880758807588,5.691056910569105,75.06775067750678
E00051637,290,93,46,47,197,20,177,32.068965517241374,15.862068965517242,16.206896551724135,67.93103448275862,6.896551724137931,61.03448275862069
E00051638,244,38,7,31,206,28,178,15.573770491803279,2.8688524590163933,12.704918032786885,84.42622950819673,11.475409836065573,72.95081967213115
E00051639,324,39,18,21,285,15,270,12.037037037037036,5.555555555555555,6.481481481481481,87.96296296296296,4.62962962962963,83.33333333333334
E00051640,322,23,9,14,299,34,265,7.142857142857142,2.7950310559006213,4.3478260869565215,92.85714285714286,10.559006211180124,82.29813664596274
E00051641,297,44,19,25,253,26,227,14.814814814814813,6.397306397306397,8.417508417508419,85.18518518518519,8.754208754208754,76.43097643097643
E00051642,314,58,20,38,256,22,234,18.471337579617835,6.369426751592357,12.101910828025478,81.52866242038218,7.006369426751593,74.52229299363057
E00051643,371,41,16,25,330,28,302,11.05121293800539,4.31266846361186,6.738544474393531,88.94878706199461,7.547169811320755,81.40161725067385
E00051644,268,62,28,34,206,17,189,23.134328358208954,10.44776119402985,12.686567164179104,76.86567164179104,6.343283582089552,70.52238805970148
E00051645,378,42,14,28,336,29,307,11.11111111111111,3.7037037037037033,7.4074074074074066,88.88888888888889,7.671957671957672,81.21693121693121
E00051646,199,57,32,25,142,14,128,28.643216080402013,16.08040201005025,12.562814070351758,71.35678391959799,7.035175879396985,64.321608040201
E00051647,274,54,22,32,220,23,197,19.708029197080293,8.02919708029197,11.678832116788321,80.2919708029197,8.394160583941606,71.8978102189781
E00051648,281,52,21,31,229,25,204,18.505338078291814,7.473309608540925,11.032028469750891,81.49466192170819,8.896797153024911,72.59786476868328
E00051649,331,44,15,29,287,17,270,13.293051359516618,4.531722054380665,8.761329305135952,86.70694864048339,5.13595166163142,81.57099697885197
E00051651,386,55,21,34,331,31,300,14.248704663212436,5.4404145077720205,8.808290155440414,85.75129533678756,8.031088082901555,77.720207253886
E00051652,281,79,37,42,202,30,172,28.11387900355872,13.167259786476867,14.94661921708185,71.88612099644128,10.676156583629894,61.20996441281139
E00051653,268,37,6,31,231,24,207,13.805970149253731,2.2388059701492535,11.567164179104477,86.19402985074626,8.955223880597014,77.23880597014924
E00051654,367,47,18,29,320,25,295,12.806539509536785,4.904632152588556,7.901907356948229,87.19346049046321,6.811989100817439,80.38147138964578
E00051655,242,33,11,22,209,24,185,13.636363636363635,4.545454545454546,9.090909090909092,86.36363636363636,9.917355371900827,76.44628099173553
E00051656,542,68,15,53,474,41,433,12.546125461254611,2.7675276752767526,9.778597785977858,87.4538745387454,7.564575645756458,79.88929889298892
E00051657,280,81,36,45,199,16,183,28.92857142857143,12.857142857142856,16.071428571428573,71.07142857142857,5.714285714285714,65.35714285714286
E00051658,328,44,18,26,284,22,262,13.414634146341465,5.487804878048781,7.926829268292683,86.58536585365853,6.707317073170732,79.8780487804878
E00051660,294,46,14,32,248,12,236,15.646258503401361,4.761904761904762,10.884353741496598,84.35374149659864,4.081632653061225,80.27210884353741
E00051661,366,42,20,22,324,26,298,11.475409836065573,5.46448087431694,6.0109289617486334,88.52459016393442,7.103825136612022,81.4207650273224
E00051662,293,33,11,22,260,22,238,11.262798634812286,3.754266211604096,7.508532423208192,88.73720136518772,7.508532423208192,81.22866894197952
E00051663,280,27,11,16,253,16,237,9.642857142857144,3.9285714285714284,5.714285714285714,90.35714285714286,5.714285714285714,84.64285714285714
E00051664,311,29,12,17,282,29,253,9.32475884244373,3.858520900321544,5.466237942122187,90.67524115755627,9.32475884244373,81.35048231511254
E00051666,297,41,18,23,256,20,236,13.804713804713806,6.0606060606060606,7.744107744107744,86.19528619528619,6.7340067340067336,79.46127946127946
E00051667,335,30,13,17,305,37,268,8.955223880597014,3.880597014925373,5.074626865671641,91.04477611940298,11.044776119402986,80
E00051668,319,47,13,34,272,23,249,14.733542319749215,4.075235109717868,10.658307210031348,85.26645768025078,7.210031347962382,78.0564263322884
E00051669,316,35,6,29,281,20,261,11.075949367088606,1.89873417721519,9.177215189873419,88.92405063291139,6.329113924050633,82.59493670886076
E00051670,304,42,11,31,262,18,244,13.815789473684212,3.618421052631579,10.197368421052632,86.18421052631578,5.921052631578947,80.26315789473685
E00051671,309,41,16,25,268,29,239,13.268608414239482,5.177993527508091,8.090614886731391,86.73139158576052,9.385113268608414,77.34627831715211
E00051672,234,44,18,26,190,27,163,18.803418803418804,7.6923076923076925,11.11111111111111,81.19658119658119,11.538461538461538,69.65811965811966
E00051673,344,44,12,32,300,25,275,12.790697674418606,3.488372093023256,9.30232558139535,87.20930232558139,7.267441860465117,79.94186046511628
E00051674,311,74,32,42,237,15,222,23.79421221864952,10.289389067524116,13.504823151125404,76.20578778135048,4.823151125401929,71.38263665594855
E00051675,313,28,13,15,285,24,261,8.945686900958465,4.15335463258786,4.792332268370607,91.05431309904152,7.667731629392971,83.38658146964856
E00051676,336,74,27,47,262,26,236,22.023809523809522,8.035714285714286,13.988095238095239,77.97619047619048,7.738095238095238,70.23809523809523
E00051677,220,47,19,28,173,15,158,21.363636363636363,8.636363636363637,12.727272727272727,78.63636363636364,6.8181818181818175,71.81818181818181
E00051678,293,84,45,39,209,28,181,28.668941979522184,15.358361774744028,13.310580204778159,71.33105802047781,9.556313993174061,61.774744027303754
E00051679,327,52,18,34,275,28,247,15.902140672782874,5.5045871559633035,10.397553516819572,84.09785932721712,8.56269113149847,75.53516819571865
E00051680,300,41,18,23,259,14,245,13.666666666666666,6,7.666666666666666,86.33333333333333,4.666666666666667,81.66666666666667
E00051681,268,46,20,26,222,19,203,17.16417910447761,7.462686567164178,9.701492537313433,82.83582089552239,7.08955223880597,75.74626865671642
E00051682,317,65,29,36,252,21,231,20.50473186119874,9.14826498422713,11.35646687697161,79.49526813880126,6.624605678233439,72.87066246056783
E00051683,316,48,13,35,268,27,241,15.18987341772152,4.113924050632911,11.075949367088606,84.81012658227847,8.544303797468354,76.26582278481013
E00051684,385,53,20,33,332,34,298,13.766233766233766,5.194805194805195,8.571428571428571,86.23376623376623,8.831168831168831,77.40259740259741
E00051685,369,65,19,46,304,27,277,17.615176151761517,5.149051490514905,12.466124661246612,82.38482384823848,7.317073170731707,75.06775067750678
E00051686,416,59,23,36,357,33,324,14.182692307692307,5.528846153846153,8.653846153846153,85.8173076923077,7.9326923076923075,77.88461538461539
E00051687,409,49,17,32,360,22,338,11.98044009779951,4.156479217603912,7.823960880195599,88.01955990220048,5.378973105134474,82.64058679706602
E00051688,300,62,27,35,238,12,226,20.666666666666668,9,11.666666666666666,79.33333333333333,4,75.33333333333333
E00051689,250,42,22,20,208,18,190,16.8,8.799999999999999,8,83.2,7.199999999999999,76
E00051691,259,51,20,31,208,13,195,19.69111969111969,7.722007722007722,11.96911196911197,80.3088803088803,5.019305019305019,75.2895752895753
E00051692,383,48,16,32,335,24,311,12.532637075718014,4.177545691906006,8.355091383812011,87.46736292428199,6.266318537859007,81.20104438642298
E00051693,335,78,38,40,257,23,234,23.283582089552237,11.343283582089553,11.940298507462686,76.71641791044776,6.865671641791045,69.85074626865672
E00051694,312,31,10,21,281,32,249,9.935897435897436,3.205128205128205,6.730769230769231,90.06410256410257,10.256410256410255,79.8076923076923
E00051695,589,114,46,68,475,29,446,19.35483870967742,7.809847198641766,11.544991511035652,80.64516129032258,4.923599320882852,75.72156196943973
E00051696,301,43,11,32,258,22,236,14.285714285714285,3.6544850498338874,10.631229235880399,85.71428571428571,7.308970099667775,78.40531561461795
E00051698,453,65,21,44,388,40,348,14.348785871964681,4.635761589403973,9.713024282560706,85.65121412803532,8.830022075055188,76.82119205298014
E00051699,328,40,23,17,288,21,267,12.195121951219512,7.01219512195122,5.182926829268292,87.8048780487805,6.402439024390244,81.40243902439023
E00051700,250,47,28,19,203,13,190,18.8,11.200000000000001,7.6,81.2,5.2,76
E00051701,327,52,20,32,275,18,257,15.902140672782874,6.116207951070336,9.785932721712538,84.09785932721712,5.5045871559633035,78.59327217125383
E00051702,297,40,20,20,257,32,225,13.468013468013467,6.7340067340067336,6.7340067340067336,86.53198653198653,10.774410774410773,75.75757575757575
E00051703,349,80,44,36,269,16,253,22.922636103151863,12.607449856733524,10.315186246418339,77.07736389684814,4.584527220630372,72.49283667621776
E00051704,268,61,27,34,207,26,181,22.761194029850746,10.074626865671641,12.686567164179104,77.23880597014924,9.701492537313433,67.53731343283582
E00051705,419,73,35,38,346,29,317,17.42243436754177,8.353221957040573,9.069212410501192,82.57756563245823,6.921241050119331,75.65632458233891
E00051706,332,50,14,36,282,29,253,15.060240963855422,4.216867469879518,10.843373493975903,84.93975903614458,8.734939759036145,76.20481927710844
E00051707,264,51,18,33,213,15,198,19.318181818181817,6.8181818181818175,12.5,80.68181818181817,5.681818181818182,75
E00051708,430,72,22,50,358,30,328,16.74418604651163,5.116279069767442,11.627906976744185,83.25581395348837,6.976744186046512,76.27906976744187
E00051709,353,55,23,32,298,23,275,15.58073654390935,6.515580736543909,9.06515580736544,84.41926345609065,6.515580736543909,77.90368271954674
E00051710,355,79,43,36,276,23,253,22.253521126760564,12.112676056338028,10.140845070422536,77.74647887323944,6.478873239436619,71.26760563380282
E00051711,220,54,22,32,166,19,147,24.545454545454547,10,14.545454545454545,75.45454545454545,8.636363636363637,66.81818181818183
E00051712,415,45,14,31,370,24,346,10.843373493975903,3.3734939759036147,7.46987951807229,89.1566265060241,5.783132530120482,83.37349397590361
E00051713,223,59,15,44,164,19,145,26.45739910313901,6.726457399103139,19.730941704035875,73.54260089686099,8.520179372197308,65.02242152466367
E00051714,366,76,32,44,290,29,261,20.76502732240437,8.743169398907105,12.021857923497267,79.23497267759562,7.923497267759563,71.31147540983606
E00051715,226,85,56,29,141,15,126,37.610619469026545,24.778761061946902,12.831858407079647,62.38938053097345,6.637168141592921,55.75221238938053
E00051716,249,43,17,26,206,27,179,17.269076305220885,6.827309236947792,10.441767068273093,82.73092369477911,10.843373493975903,71.8875502008032
E00051717,324,54,18,36,270,19,251,16.666666666666664,5.555555555555555,11.11111111111111,83.33333333333334,5.864197530864197,77.46913580246914
E00051718,305,41,18,23,264,29,235,13.442622950819672,5.901639344262295,7.540983606557377,86.55737704918033,9.508196721311474,77.04918032786885
E00051719,387,56,23,33,331,30,301,14.470284237726098,5.943152454780361,8.527131782945736,85.52971576227391,7.751937984496124,77.77777777777779
E00051720,256,39,14,25,217,15,202,15.234375,5.46875,9.765625,84.765625,5.859375,78.90625
E00051721,369,55,24,31,314,20,294,14.905149051490515,6.504065040650407,8.401084010840108,85.09485094850947,5.420054200542006,79.67479674796748
E00051722,309,57,25,32,252,20,232,18.446601941747574,8.090614886731391,10.355987055016183,81.55339805825243,6.472491909385113,75.08090614886731
E00051723,262,46,10,36,216,11,205,17.557251908396946,3.816793893129771,13.740458015267176,82.44274809160305,4.198473282442748,78.2442748091603
E00051724,381,92,44,48,289,18,271,24.146981627296586,11.548556430446194,12.598425196850393,75.8530183727034,4.724409448818897,71.12860892388451
E00051725,267,89,50,39,178,16,162,33.33333333333333,18.726591760299627,14.606741573033707,66.66666666666666,5.992509363295881,60.67415730337079
E00051726,356,112,51,61,244,21,223,31.46067415730337,14.325842696629213,17.134831460674157,68.53932584269663,5.8988764044943816,62.64044943820225
E00051727,395,81,43,38,314,20,294,20.506329113924053,10.886075949367088,9.620253164556962,79.49367088607595,5.063291139240507,74.43037974683544
E00051728,502,136,68,68,366,21,345,27.091633466135455,13.545816733067728,13.545816733067728,72.90836653386454,4.183266932270916,68.72509960159363
E00051729,349,92,50,42,257,20,237,26.36103151862464,14.326647564469914,12.034383954154727,73.63896848137536,5.730659025787966,67.90830945558739
E00051730,433,83,35,48,350,27,323,19.168591224018474,8.083140877598153,11.085450346420323,80.83140877598153,6.235565819861432,74.5958429561201
E00051731,209,42,15,27,167,12,155,20.095693779904305,7.177033492822966,12.918660287081341,79.90430622009569,5.741626794258373,74.16267942583733
E00051732,333,77,41,36,256,14,242,23.123123123123122,12.312312312312311,10.81081081081081,76.87687687687688,4.2042042042042045,72.67267267267268
E00051733,368,96,45,51,272,22,250,26.08695652173913,12.228260869565217,13.858695652173914,73.91304347826086,5.978260869565218,67.93478260869566
E00051734,394,76,33,43,318,29,289,19.289340101522843,8.375634517766498,10.913705583756345,80.71065989847716,7.3604060913705585,73.3502538071066
E00051735,326,55,22,33,271,26,245,16.87116564417178,6.748466257668712,10.122699386503067,83.12883435582822,7.975460122699387,75.15337423312883
E00051736,303,76,28,48,227,20,207,25.082508250825082,9.24092409240924,15.841584158415841,74.91749174917491,6.6006600660066,68.31683168316832
E00051737,305,90,51,39,215,11,204,29.508196721311474,16.721311475409838,12.786885245901638,70.49180327868852,3.606557377049181,66.88524590163935
E00051738,302,47,21,26,255,8,247,15.562913907284766,6.95364238410596,8.609271523178808,84.43708609271523,2.6490066225165565,81.78807947019867
E00051739,274,74,37,37,200,15,185,27.00729927007299,13.503649635036496,13.503649635036496,72.99270072992701,5.474452554744526,67.51824817518248
E00051740,227,51,27,24,176,12,164,22.46696035242291,11.894273127753303,10.572687224669604,77.5330396475771,5.286343612334802,72.24669603524228
E00051741,286,70,31,39,216,15,201,24.475524475524477,10.839160839160838,13.636363636363635,75.52447552447552,5.244755244755245,70.27972027972028
E00051742,260,74,30,44,186,16,170,28.46153846153846,11.538461538461538,16.923076923076923,71.53846153846153,6.153846153846154,65.38461538461539
E00051743,292,66,36,30,226,22,204,22.602739726027394,12.32876712328767,10.273972602739725,77.3972602739726,7.534246575342466,69.86301369863014
E00051744,302,59,28,31,243,22,221,19.5364238410596,9.271523178807946,10.264900662251655,80.4635761589404,7.28476821192053,73.17880794701986
E00051745,307,76,41,35,231,17,214,24.7557003257329,13.355048859934854,11.400651465798045,75.2442996742671,5.537459283387622,69.70684039087948
E00051746,309,67,25,42,242,18,224,21.68284789644013,8.090614886731391,13.592233009708737,78.31715210355988,5.825242718446602,72.49190938511327
E00051747,313,58,26,32,255,18,237,18.53035143769968,8.30670926517572,10.223642172523961,81.46964856230032,5.7507987220447285,75.71884984025559
E00051748,209,62,29,33,147,10,137,29.665071770334926,13.875598086124402,15.789473684210526,70.33492822966507,4.784688995215311,65.55023923444976
E00051749,298,76,42,34,222,16,206,25.503355704697988,14.093959731543624,11.409395973154362,74.49664429530202,5.369127516778524,69.12751677852349
E00051750,301,72,40,32,229,18,211,23.920265780730897,13.2890365448505,10.631229235880399,76.0797342192691,5.980066445182724,70.09966777408638
E00051751,344,83,38,45,261,17,244,24.12790697674419,11.046511627906977,13.08139534883721,75.87209302325581,4.941860465116279,70.93023255813954
E00051752,315,69,32,37,246,16,230,21.904761904761905,10.158730158730158,11.746031746031745,78.0952380952381,5.079365079365079,73.01587301587301
E00051753,163,39,22,17,124,6,118,23.92638036809816,13.496932515337424,10.429447852760736,76.07361963190185,3.6809815950920246,72.39263803680981
E00051754,204,56,38,18,148,7,141,27.450980392156865,18.627450980392158,8.823529411764707,72.54901960784314,3.431372549019608,69.11764705882352
E00051755,217,74,30,44,143,15,128,34.10138248847927,13.82488479262673,20.276497695852534,65.89861751152074,6.912442396313365,58.986175115207374
E00051756,283,86,37,49,197,12,185,30.3886925795053,13.074204946996467,17.314487632508836,69.6113074204947,4.240282685512367,65.37102473498233
E00051757,316,80,30,50,236,14,222,25.31645569620253,9.49367088607595,15.822784810126583,74.68354430379746,4.430379746835443,70.25316455696202
E00051758,466,84,39,45,382,29,353,18.025751072961373,8.369098712446352,9.656652360515022,81.97424892703863,6.223175965665236,75.7510729613734
E00165816,623,108,42,66,515,36,479,17.335473515248793,6.741573033707865,10.593900481540931,82.6645264847512,5.778491171749598,76.88603531300161
E00168155,138,33,14,19,105,6,99,23.91304347826087,10.144927536231885,13.768115942028986,76.08695652173914,4.3478260869565215,71.73913043478261
E00168156,230,34,16,18,196,18,178,14.782608695652174,6.956521739130435,7.82608695652174,85.21739130434783,7.82608695652174,77.39130434782608
E00168157,424,56,16,40,368,13,355,13.20754716981132,3.7735849056603774,9.433962264150944,86.79245283018868,3.0660377358490565,83.72641509433963
E00168158,402,44,11,33,358,21,337,10.945273631840797,2.736318407960199,8.208955223880597,89.05472636815921,5.223880597014925,83.83084577114428
E00168159,159,59,30,29,100,9,91,37.10691823899371,18.867924528301888,18.238993710691823,62.893081761006286,5.660377358490567,57.23270440251572
E00168160,163,32,10,22,131,14,117,19.631901840490798,6.134969325153374,13.496932515337424,80.3680981595092,8.588957055214724,71.77914110429448
E00168161,226,54,20,34,172,18,154,23.893805309734514,8.849557522123893,15.04424778761062,76.10619469026548,7.964601769911504,68.14159292035397
E00168162,311,50,21,29,261,19,242,16.077170418006432,6.752411575562702,9.32475884244373,83.92282958199357,6.109324758842444,77.81350482315112
E00168163,201,27,11,16,174,8,166,13.432835820895523,5.472636815920398,7.960199004975125,86.56716417910447,3.9800995024875623,82.58706467661692
E00168164,192,26,8,18,166,12,154,13.541666666666666,4.166666666666666,9.375,86.45833333333334,6.25,80.20833333333334
E00168165,257,26,8,18,231,27,204,10.116731517509727,3.11284046692607,7.003891050583658,89.88326848249028,10.505836575875486,79.37743190661479
E00168166,335,23,5,18,312,21,291,6.865671641791045,1.4925373134328357,5.3731343283582085,93.13432835820895,6.26865671641791,86.86567164179104
E00168167,216,18,4,14,198,12,186,8.333333333333332,1.8518518518518516,6.481481481481481,91.66666666666666,5.555555555555555,86.11111111111111
E00168168,233,24,7,17,209,13,196,10.300429184549357,3.004291845493562,7.296137339055794,89.69957081545064,5.579399141630901,84.12017167381974
E00168169,263,23,3,20,240,20,220,8.745247148288973,1.1406844106463878,7.604562737642586,91.25475285171103,7.604562737642586,83.65019011406845
E00168170,256,18,6,12,238,13,225,7.03125,2.34375,4.6875,92.96875,5.078125,87.890625
E00168172,267,27,4,23,240,18,222,10.112359550561797,1.4981273408239701,8.614232209737828,89.8876404494382,6.741573033707865,83.14606741573034
E00168173,280,24,8,16,256,26,230,8.571428571428571,2.857142857142857,5.714285714285714,91.42857142857143,9.285714285714286,82.14285714285714
E00168174,232,24,6,18,208,18,190,10.344827586206897,2.586206896551724,7.758620689655173,89.65517241379311,7.758620689655173,81.89655172413794
E00168175,280,38,16,22,242,14,228,13.571428571428571,5.714285714285714,7.857142857142857,86.42857142857143,5,81.42857142857143
E00168176,248,26,8,18,222,12,210,10.483870967741936,3.225806451612903,7.258064516129033,89.51612903225806,4.838709677419355,84.67741935483872
E00168177,333,27,5,22,306,16,290,8.108108108108109,1.5015015015015014,6.606606606606606,91.8918918918919,4.804804804804805,87.08708708708708
E00168178,209,24,9,15,185,17,168,11.483253588516746,4.30622009569378,7.177033492822966,88.51674641148325,8.133971291866029,80.38277511961722
E00168179,301,59,31,28,242,16,226,19.601328903654487,10.299003322259136,9.30232558139535,80.39867109634552,5.3156146179401995,75.08305647840533
E00185033,270,23,6,17,247,16,231,8.518518518518519,2.2222222222222223,6.296296296296296,91.48148148148148,5.9259259259259265,85.55555555555556
E00185037,142,24,9,15,118,10,108,16.901408450704224,6.338028169014084,10.56338028169014,83.09859154929578,7.042253521126761,76.05633802816901
E00185038,509,45,11,34,464,33,431,8.840864440078585,2.161100196463654,6.679764243614931,91.15913555992141,6.4833005893909625,84.67583497053045
E00185039,341,43,11,32,298,26,272,12.609970674486803,3.225806451612903,9.3841642228739,87.3900293255132,7.624633431085044,79.76539589442815
E00185045,347,48,12,36,299,22,277,13.8328530259366,3.45821325648415,10.37463976945245,86.1671469740634,6.340057636887608,79.82708933717579
E00185047,485,56,15,41,429,24,405,11.54639175257732,3.0927835051546393,8.45360824742268,88.45360824742268,4.948453608247423,83.50515463917526
E00185057,128,27,12,15,101,6,95,21.09375,9.375,11.71875,78.90625,4.6875,74.21875
E00185058,100,24,7,17,76,9,67,24,7.000000000000001,17,76,9,67
E00185060,204,31,14,17,173,17,156,15.196078431372548,6.862745098039216,8.333333333333332,84.80392156862744,8.333333333333332,76.47058823529412
E00185062,181,15,5,10,166,10,156,8.287292817679557,2.7624309392265194,5.524861878453039,91.71270718232044,5.524861878453039,86.1878453038674
E00185063,119,14,2,12,105,10,95,11.76470588235294,1.680672268907563,10.084033613445378,88.23529411764706,8.403361344537815,79.83193277310924
E00185064,238,28,13,15,210,18,192,11.76470588235294,5.46218487394958,6.302521008403361,88.23529411764706,7.563025210084033,80.67226890756302
E00185078,539,95,31,64,444,40,404,17.625231910946194,5.75139146567718,11.873840445269018,82.3747680890538,7.421150278293136,74.95361781076066
E00185082,279,30,14,16,249,13,236,10.75268817204301,5.017921146953405,5.734767025089606,89.24731182795699,4.659498207885305,84.58781362007169
E00185083,370,62,25,37,308,27,281,16.756756756756758,6.756756756756757,10,83.24324324324324,7.297297297297297,75.94594594594595
E00185086,148,31,13,18,117,10,107,20.945945945945947,8.783783783783784,12.162162162162163,79.05405405405406,6.756756756756757,72.2972972972973
E00185093,322,36,15,21,286,22,264,11.180124223602485,4.658385093167702,6.521739130434782,88.81987577639751,6.832298136645963,81.98757763975155
E00185095,180,13,6,7,167,10,157,7.222222222222221,3.3333333333333335,3.888888888888889,92.77777777777779,5.555555555555555,87.22222222222223
E00185096,485,80,38,42,405,35,370,16.49484536082474,7.835051546391752,8.65979381443299,83.50515463917526,7.216494845360824,76.28865979381443
E00185104,248,57,32,25,191,15,176,22.983870967741936,12.903225806451612,10.080645161290322,77.01612903225806,6.048387096774194,70.96774193548387
E00185112,453,141,69,72,312,28,284,31.125827814569533,15.2317880794702,15.894039735099339,68.87417218543047,6.181015452538632,62.69315673289183
E00185124,577,65,24,41,512,33,479,11.265164644714037,4.15944540727903,7.105719237435008,88.73483535528595,5.719237435008666,83.0155979202773
E00185126,414,59,23,36,355,30,325,14.251207729468598,5.555555555555555,8.695652173913043,85.74879227053141,7.246376811594203,78.50241545893721
E00185128,267,32,16,16,235,15,220,11.985018726591761,5.992509363295881,5.992509363295881,88.01498127340824,5.617977528089887,82.39700374531836
E00185131,409,48,21,27,361,44,317,11.7359413202934,5.134474327628362,6.601466992665037,88.26405867970661,10.757946210268948,77.50611246943765
E00185134,375,41,16,25,334,24,310,10.933333333333334,4.266666666666667,6.666666666666667,89.06666666666668,6.4,82.66666666666667
