OA,ts0380001,ts0380002,ts0380003,ts0380004,ts0380005,ts0380006,ts0380007,ts0380002_PCT,ts0380003_PCT,ts0380004_PCT,ts0380005_PCT,ts0380006_PCT,ts0380007_PCT
E00081774,434,35,7,28,399,35,364,8.064516129032258,1.6129032258064515,6.451612903225806,91.93548387096774,8.064516129032258,83.87096774193549
E00081775,317,37,15,22,280,26,254,11.67192429022082,4.73186119873817,6.940063091482649,88.32807570977917,8.201892744479496,80.12618296529969
E00081776,418,40,14,26,378,29,349,9.569377990430622,3.349282296650718,6.220095693779904,90.43062200956938,6.937799043062201,83.49282296650718
E00081777,330,34,13,21,296,28,268,10.303030303030303,3.939393939393939,6.363636363636363,89.6969696969697,8.484848484848486,81.21212121212122
E00081778,404,50,14,36,354,39,315,12.376237623762377,3.4653465346534658,8.91089108910891,87.62376237623762,9.653465346534654,77.97029702970298
E00081779,428,39,14,25,389,42,347,9.11214953271028,3.2710280373831773,5.841121495327103,90.88785046728972,9.813084112149532,81.07476635514018
E00081780,422,41,9,32,381,19,362,9.715639810426541,2.132701421800948,7.5829383886255926,90.28436018957346,4.502369668246446,85.78199052132702
E00081781,290,46,19,27,244,14,230,15.862068965517242,6.551724137931035,9.310344827586208,84.13793103448276,4.827586206896552,79.3103448275862
E00081783,320,74,27,47,246,22,224,23.125,8.4375,14.6875,76.875,6.875000000000001,70
E00081784,311,52,21,31,259,28,231,16.720257234726688,6.752411575562702,9.967845659163988,83.27974276527331,9.003215434083602,74.27652733118971
E00081785,307,32,11,21,275,26,249,10.423452768729643,3.5830618892508146,6.840390879478828,89.57654723127035,8.469055374592834,81.10749185667753
E00081786,298,29,10,19,269,22,247,9.731543624161073,3.3557046979865772,6.375838926174497,90.26845637583892,7.38255033557047,82.88590604026845
E00081787,341,46,13,33,295,25,270,13.48973607038123,3.812316715542522,9.67741935483871,86.51026392961877,7.331378299120235,79.17888563049853
E00081788,342,37,16,21,305,25,280,10.818713450292398,4.678362573099415,6.140350877192982,89.18128654970761,7.309941520467836,81.87134502923976
E00081789,314,33,12,21,281,24,257,10.509554140127388,3.821656050955414,6.687898089171974,89.49044585987261,7.643312101910828,81.84713375796179
E00081790,301,32,8,24,269,25,244,10.631229235880399,2.6578073089700998,7.973421926910299,89.3687707641196,8.305647840531561,81.06312292358804
E00081791,416,63,16,47,353,41,312,15.144230769230768,3.8461538461538463,11.298076923076923,84.85576923076923,9.85576923076923,75
E00081792,343,36,7,29,307,21,286,10.495626822157435,2.0408163265306123,8.454810495626822,89.50437317784257,6.122448979591836,83.38192419825073
E00081793,396,38,15,23,358,28,330,9.595959595959595,3.787878787878788,5.808080808080808,90.40404040404042,7.07070707070707,83.33333333333334
E00081795,381,46,13,33,335,33,302,12.073490813648293,3.4120734908136483,8.661417322834646,87.92650918635171,8.661417322834646,79.26509186351706
E00081796,243,23,8,15,220,18,202,9.465020576131687,3.292181069958848,6.172839506172839,90.53497942386831,7.4074074074074066,83.1275720164609
E00081797,446,64,19,45,382,26,356,14.349775784753364,4.260089686098654,10.089686098654708,85.65022421524664,5.829596412556054,79.82062780269058
E00081798,307,37,15,22,270,25,245,12.052117263843648,4.88599348534202,7.166123778501629,87.94788273615634,8.143322475570033,79.80456026058633
E00081799,314,44,15,29,270,23,247,14.012738853503185,4.777070063694268,9.235668789808917,85.98726114649682,7.32484076433121,78.6624203821656
E00081801,382,49,21,28,333,25,308,12.827225130890053,5.49738219895288,7.329842931937172,87.17277486910994,6.544502617801047,80.6282722513089
E00081802,305,34,8,26,271,26,245,11.147540983606557,2.622950819672131,8.524590163934425,88.85245901639345,8.524590163934425,80.32786885245902
E00081803,240,41,18,23,199,19,180,17.083333333333332,7.5,9.583333333333334,82.91666666666667,7.916666666666666,75
E00081804,374,34,16,18,340,22,318,9.090909090909092,4.27807486631016,4.81283422459893,90.9090909090909,5.88235294117647,85.02673796791443
E00081806,290,21,6,15,269,18,251,7.241379310344828,2.0689655172413794,5.172413793103448,92.75862068965517,6.206896551724138,86.55172413793103
E00081807,253,27,7,20,226,23,203,10.67193675889328,2.766798418972332,7.905138339920949,89.32806324110672,9.090909090909092,80.23715415019763
E00081808,233,23,2,21,210,24,186,9.871244635193133,0.8583690987124464,9.012875536480687,90.12875536480686,10.300429184549357,79.82832618025752
E00081809,317,27,8,19,290,23,267,8.517350157728707,2.5236593059936907,5.993690851735016,91.48264984227129,7.255520504731862,84.22712933753942
E00081810,274,24,10,14,250,14,236,8.75912408759124,3.64963503649635,5.109489051094891,91.24087591240875,5.109489051094891,86.13138686131386
E00081811,294,38,17,21,256,26,230,12.925170068027212,5.782312925170068,7.142857142857142,87.07482993197279,8.843537414965986,78.2312925170068
E00081812,302,49,16,33,253,27,226,16.225165562913908,5.298013245033113,10.927152317880795,83.77483443708608,8.940397350993377,74.83443708609272
E00081815,511,53,21,32,458,47,411,10.371819960861057,4.10958904109589,6.262230919765166,89.62818003913894,9.197651663405088,80.43052837573386
E00081816,273,30,12,18,243,24,219,10.989010989010989,4.395604395604396,6.593406593406594,89.01098901098901,8.791208791208792,80.21978021978022
E00081817,352,69,31,38,283,23,260,19.602272727272727,8.806818181818182,10.795454545454545,80.39772727272727,6.534090909090909,73.86363636363636
E00081818,329,29,8,21,300,35,265,8.814589665653495,2.43161094224924,6.382978723404255,91.1854103343465,10.638297872340425,80.54711246200608
E00081819,340,70,32,38,270,22,248,20.588235294117645,9.411764705882353,11.176470588235295,79.41176470588235,6.470588235294119,72.94117647058823
E00081820,228,62,33,29,166,16,150,27.192982456140353,14.473684210526317,12.719298245614036,72.80701754385966,7.017543859649122,65.78947368421053
E00081821,361,54,15,39,307,28,279,14.958448753462603,4.1551246537396125,10.80332409972299,85.0415512465374,7.756232686980609,77.28531855955679
E00081822,359,48,15,33,311,30,281,13.370473537604457,4.178272980501393,9.192200557103064,86.62952646239555,8.356545961002785,78.27298050139275
E00081823,315,51,21,30,264,18,246,16.19047619047619,6.666666666666667,9.523809523809524,83.80952380952381,5.714285714285714,78.0952380952381
E00081824,279,46,18,28,233,25,208,16.48745519713262,6.451612903225806,10.03584229390681,83.51254480286738,8.960573476702509,74.55197132616487
E00081825,199,32,8,24,167,11,156,16.08040201005025,4.0201005025125625,12.060301507537687,83.91959798994975,5.527638190954774,78.39195979899498
E00081826,504,80,38,42,424,32,392,15.873015873015872,7.5396825396825395,8.333333333333332,84.12698412698413,6.349206349206349,77.77777777777779
E00081828,346,61,27,34,285,25,260,17.63005780346821,7.803468208092486,9.826589595375722,82.36994219653178,7.225433526011561,75.14450867052022
E00081830,322,55,23,32,267,36,231,17.080745341614907,7.142857142857142,9.937888198757763,82.91925465838509,11.180124223602485,71.73913043478261
E00081831,329,56,24,32,273,32,241,17.02127659574468,7.29483282674772,9.72644376899696,82.97872340425532,9.72644376899696,73.25227963525836
E00081832,354,59,28,31,295,19,276,16.666666666666664,7.909604519774012,8.757062146892656,83.33333333333334,5.367231638418079,77.96610169491525
E00081833,273,41,14,27,232,27,205,15.018315018315018,5.128205128205128,9.89010989010989,84.98168498168498,9.89010989010989,75.0915750915751
E00081834,236,61,36,25,175,17,158,25.847457627118644,15.254237288135593,10.59322033898305,74.15254237288136,7.203389830508475,66.94915254237289
E00081835,322,50,21,29,272,17,255,15.527950310559005,6.521739130434782,9.006211180124224,84.472049689441,5.279503105590062,79.19254658385093
E00081836,296,34,7,27,262,24,238,11.486486486486488,2.364864864864865,9.121621621621621,88.51351351351352,8.108108108108109,80.4054054054054
E00081837,240,55,23,32,185,14,171,22.916666666666664,9.583333333333334,13.333333333333334,77.08333333333334,5.833333333333333,71.25
E00081838,266,35,14,21,231,20,211,13.157894736842104,5.263157894736842,7.894736842105263,86.8421052631579,7.518796992481203,79.32330827067669
E00081839,369,61,16,45,308,28,280,16.53116531165312,4.336043360433604,12.195121951219512,83.46883468834689,7.588075880758807,75.88075880758808
E00081840,340,40,11,29,300,29,271,11.76470588235294,3.2352941176470593,8.529411764705882,88.23529411764706,8.529411764705882,79.70588235294119
E00081841,267,26,2,24,241,19,222,9.737827715355806,0.7490636704119851,8.98876404494382,90.2621722846442,7.116104868913857,83.14606741573034
E00081842,296,31,15,16,265,24,241,10.472972972972974,5.0675675675675675,5.405405405405405,89.52702702702703,8.108108108108109,81.41891891891892
E00081843,343,51,20,31,292,25,267,14.868804664723031,5.830903790087463,9.037900874635568,85.13119533527697,7.288629737609329,77.84256559766763
E00081844,239,18,10,8,221,28,193,7.531380753138076,4.184100418410042,3.3472803347280333,92.46861924686193,11.715481171548117,80.75313807531381
E00081845,323,44,12,32,279,29,250,13.622291021671826,3.7151702786377707,9.907120743034056,86.37770897832817,8.978328173374612,77.39938080495357
E00081846,309,46,9,37,263,18,245,14.886731391585762,2.912621359223301,11.974110032362459,85.11326860841424,5.825242718446602,79.28802588996764
E00081847,314,38,13,25,276,30,246,12.101910828025478,4.140127388535031,7.961783439490445,87.89808917197452,9.554140127388536,78.343949044586
E00081848,330,48,17,31,282,33,249,14.545454545454545,5.151515151515151,9.393939393939393,85.45454545454545,10,75.45454545454545
E00081849,330,70,22,48,260,30,230,21.21212121212121,6.666666666666667,14.545454545454545,78.78787878787878,9.090909090909092,69.6969696969697
E00081850,312,34,14,20,278,28,250,10.897435897435898,4.487179487179487,6.41025641025641,89.1025641025641,8.974358974358974,80.12820512820514
E00081851,391,56,19,37,335,24,311,14.322250639386189,4.859335038363171,9.462915601023019,85.6777493606138,6.138107416879795,79.53964194373401
E00081852,350,56,24,32,294,26,268,16,6.857142857142858,9.142857142857142,84,7.428571428571429,76.57142857142857
E00081853,377,38,8,30,339,28,311,10.079575596816976,2.122015915119363,7.957559681697612,89.92042440318302,7.427055702917771,82.49336870026525
E00081854,298,39,15,24,259,26,233,13.087248322147651,5.033557046979865,8.053691275167784,86.91275167785236,8.724832214765101,78.18791946308725
E00081855,368,17,7,10,351,10,341,4.619565217391304,1.9021739130434785,2.717391304347826,95.38043478260869,2.717391304347826,92.66304347826086
E00081856,307,51,16,35,256,21,235,16.612377850162865,5.211726384364821,11.400651465798045,83.38762214983714,6.840390879478828,76.54723127035831
E00081857,223,26,5,21,197,18,179,11.659192825112108,2.242152466367713,9.417040358744394,88.34080717488789,8.071748878923767,80.26905829596413
E00081858,335,41,12,29,294,30,264,12.238805970149254,3.582089552238806,8.656716417910449,87.76119402985074,8.955223880597014,78.80597014925374
E00081859,324,40,8,32,284,26,258,12.345679012345679,2.4691358024691357,9.876543209876543,87.65432098765432,8.024691358024691,79.62962962962963
E00081860,359,35,13,22,324,19,305,9.749303621169917,3.6211699164345403,6.128133704735376,90.25069637883009,5.2924791086350975,84.958217270195
E00081862,255,24,6,18,231,19,212,9.411764705882353,2.3529411764705883,7.0588235294117645,90.58823529411765,7.450980392156863,83.13725490196079
E00081863,330,33,4,29,297,29,268,10,1.2121212121212122,8.787878787878787,90,8.787878787878787,81.21212121212122
E00081864,323,48,19,29,275,24,251,14.860681114551083,5.88235294117647,8.978328173374612,85.13931888544892,7.430340557275541,77.70897832817337
E00081865,257,43,15,28,214,32,182,16.731517509727624,5.836575875486381,10.894941634241246,83.26848249027238,12.45136186770428,70.8171206225681
E00081866,275,35,11,24,240,31,209,12.727272727272727,4,8.727272727272728,87.27272727272727,11.272727272727273,76
E00081867,307,42,19,23,265,23,242,13.680781758957655,6.188925081433225,7.491856677524431,86.31921824104235,7.491856677524431,78.82736156351791
E00081868,342,46,17,29,296,23,273,13.450292397660817,4.970760233918129,8.47953216374269,86.54970760233918,6.725146198830409,79.82456140350878
E00081869,225,42,26,16,183,13,170,18.666666666666668,11.555555555555555,7.111111111111111,81.33333333333333,5.777777777777778,75.55555555555556
E00081870,225,49,22,27,176,22,154,21.777777777777775,9.777777777777779,12,78.22222222222223,9.777777777777779,68.44444444444444
E00081871,331,63,25,38,268,26,242,19.033232628398792,7.552870090634441,11.48036253776435,80.96676737160121,7.854984894259818,73.111782477341393
E00081872,316,35,12,23,281,31,250,11.075949367088606,3.79746835443038,7.2784810126582276,88.92405063291139,9.81012658227848,79.11392405063292
E00081873,351,64,29,35,287,21,266,18.233618233618234,8.262108262108262,9.971509971509972,81.76638176638177,5.982905982905983,75.78347578347578
E00081874,325,44,16,28,281,26,255,13.538461538461538,4.923076923076923,8.615384615384615,86.46153846153845,8,78.46153846153847
E00081875,326,64,20,44,262,29,233,19.631901840490798,6.134969325153374,13.496932515337424,80.3680981595092,8.895705521472392,71.47239263803681
E00081876,303,64,22,42,239,24,215,21.122112211221122,7.2607260726072615,13.861386138613863,78.87788778877888,7.920792079207921,70.95709570957096
E00081877,229,36,15,21,193,23,170,15.72052401746725,6.550218340611353,9.170305676855897,84.27947598253274,10.043668122270741,74.235807860262
E00081878,305,52,30,22,253,25,228,17.04918032786885,9.836065573770492,7.213114754098362,82.95081967213115,8.19672131147541,74.75409836065575
E00081879,312,50,22,28,262,21,241,16.025641025641026,7.051282051282051,8.974358974358974,83.97435897435898,6.730769230769231,77.24358974358975
E00081880,292,37,9,28,255,29,226,12.67123287671233,3.0821917808219177,9.58904109589041,87.32876712328768,9.931506849315069,77.3972602739726
E00081881,294,27,7,20,267,23,244,9.183673469387756,2.380952380952381,6.802721088435375,90.81632653061224,7.8231292517006805,82.99319727891157
E00081882,241,30,12,18,211,19,192,12.448132780082988,4.979253112033195,7.468879668049793,87.55186721991701,7.883817427385892,79.66804979253112
E00081883,192,23,7,16,169,18,151,11.979166666666668,3.6458333333333335,8.333333333333332,88.02083333333334,9.375,78.64583333333334
E00081884,281,33,8,25,248,24,224,11.743772241992882,2.8469750889679712,8.896797153024911,88.25622775800713,8.540925266903916,79.7153024911032
E00081885,302,36,8,28,266,28,238,11.920529801324504,2.6490066225165565,9.271523178807946,88.0794701986755,9.271523178807946,78.80794701986756
E00081886,272,26,6,20,246,17,229,9.558823529411764,2.2058823529411766,7.352941176470589,90.44117647058823,6.25,84.19117647058823
E00081887,253,22,4,18,231,24,207,8.695652173913043,1.5810276679841897,7.114624505928854,91.30434782608695,9.486166007905137,81.81818181818183
E00081888,234,20,0,20,214,24,190,8.547008547008547,0,8.547008547008547,91.45299145299145,10.256410256410255,81.19658119658119
E00081889,254,32,9,23,222,26,196,12.598425196850393,3.543307086614173,9.05511811023622,87.4015748031496,10.236220472440944,77.16535433070865
E00081890,147,10,2,8,137,16,121,6.802721088435375,1.3605442176870748,5.442176870748299,93.19727891156462,10.884353741496598,82.31292517006803
E00081891,186,52,20,32,134,16,118,27.956989247311824,10.75268817204301,17.20430107526882,72.04301075268818,8.60215053763441,63.44086021505376
E00081892,208,25,8,17,183,14,169,12.01923076923077,3.8461538461538463,8.173076923076923,87.98076923076923,6.730769230769231,81.25
E00081893,281,30,8,22,251,29,222,10.676156583629894,2.8469750889679712,7.829181494661921,89.32384341637011,10.320284697508896,79.00355871886121
E00081894,492,51,18,33,441,39,402,10.365853658536585,3.6585365853658534,6.707317073170732,89.63414634146342,7.926829268292683,81.70731707317073
E00081895,352,50,18,32,302,28,274,14.204545454545455,5.113636363636364,9.090909090909092,85.79545454545455,7.954545454545454,77.8409090909091
E00081896,354,49,11,38,305,42,263,13.841807909604519,3.1073446327683616,10.734463276836157,86.15819209039547,11.864406779661017,74.29378531073446
E00081897,341,83,50,33,258,22,236,24.34017595307918,14.66275659824047,9.67741935483871,75.65982404692082,6.451612903225806,69.20821114369502
E00081898,309,50,21,29,259,32,227,16.181229773462782,6.796116504854369,9.385113268608414,83.81877022653723,10.355987055016183,73.46278317152104
E00081900,284,57,20,37,227,42,185,20.070422535211268,7.042253521126761,13.028169014084506,79.92957746478874,14.788732394366196,65.14084507042254
E00081901,493,41,10,31,452,47,405,8.316430020283976,2.028397565922921,6.288032454361055,91.68356997971603,9.533468559837727,82.1501014198783
E00081902,364,53,21,32,311,29,282,14.560439560439562,5.769230769230769,8.791208791208792,85.43956043956044,7.967032967032966,77.47252747252747
E00081903,351,50,19,31,301,32,269,14.245014245014245,5.413105413105413,8.831908831908832,85.75498575498575,9.116809116809117,76.63817663817663
E00081904,340,42,15,27,298,30,268,12.352941176470589,4.411764705882353,7.941176470588235,87.6470588235294,8.823529411764707,78.82352941176471
E00081905,396,77,20,57,319,42,277,19.444444444444446,5.05050505050505,14.393939393939394,80.55555555555556,10.606060606060606,69.94949494949495
E00081906,296,32,6,26,264,16,248,10.81081081081081,2.027027027027027,8.783783783783784,89.1891891891892,5.405405405405405,83.78378378378379
E00081907,346,47,12,35,299,24,275,13.583815028901732,3.4682080924855487,10.115606936416185,86.41618497109826,6.9364161849710975,79.47976878612717
E00081908,354,42,17,25,312,35,277,11.864406779661017,4.80225988700565,7.062146892655368,88.13559322033898,9.887005649717514,78.24858757062147
E00081909,316,41,16,25,275,16,259,12.974683544303797,5.063291139240507,7.9113924050632916,87.0253164556962,5.063291139240507,81.9620253164557
E00081910,250,40,14,26,210,23,187,16,5.6000000000000005,10.4,84,9.2,74.8
E00081911,334,65,17,48,269,28,241,19.46107784431138,5.089820359281437,14.37125748502994,80.53892215568862,8.383233532934131,72.15568862275448
E00081912,278,43,12,31,235,29,206,15.467625899280577,4.316546762589928,11.151079136690647,84.53237410071942,10.431654676258994,74.10071942446042
E00081914,348,64,22,42,284,23,261,18.39080459770115,6.321839080459771,12.068965517241379,81.60919540229885,6.609195402298851,75
E00081915,271,50,16,34,221,24,197,18.45018450184502,5.904059040590406,12.546125461254611,81.54981549815497,8.856088560885608,72.69372693726937
E00081916,336,57,21,36,279,21,258,16.964285714285715,6.25,10.714285714285714,83.03571428571429,6.25,76.78571428571429
E00081917,312,44,15,29,268,21,247,14.102564102564102,4.807692307692308,9.294871794871796,85.8974358974359,6.730769230769231,79.16666666666666
E00081918,358,70,31,39,288,24,264,19.553072625698324,8.659217877094973,10.893854748603351,80.44692737430168,6.70391061452514,73.74301675977654
E00081919,448,87,31,56,361,30,331,19.419642857142858,6.919642857142858,12.5,80.58035714285714,6.696428571428571,73.88392857142857
E00081920,400,74,28,46,326,30,296,18.5,7.000000000000001,11.5,81.5,7.5,74
E00081921,297,61,18,43,236,17,219,20.53872053872054,6.0606060606060606,14.47811447811448,79.46127946127946,5.723905723905724,73.73737373737373
E00081922,350,42,14,28,308,28,280,12,4,8,88,8,80
E00081923,350,46,14,32,304,34,270,13.142857142857142,4,9.142857142857142,86.85714285714286,9.714285714285714,77.14285714285715
E00081924,192,27,3,24,165,20,145,14.0625,1.5625,12.5,85.9375,10.416666666666668,75.52083333333334
E00081925,104,29,17,12,75,5,70,27.884615384615387,16.346153846153847,11.538461538461538,72.11538461538461,4.807692307692308,67.3076923076923
E00081926,292,56,23,33,236,11,225,19.17808219178082,7.876712328767123,11.301369863013697,80.82191780821918,3.767123287671233,77.05479452054794
E00081927,364,72,32,40,292,14,278,19.78021978021978,8.791208791208792,10.989010989010989,80.21978021978022,3.8461538461538463,76.37362637362637
E00081928,291,41,10,31,250,13,237,14.0893470790378,3.436426116838488,10.652920962199312,85.91065292096219,4.4673539518900345,81.44329896907216
E00081929,273,44,18,26,229,23,206,16.117216117216117,6.593406593406594,9.523809523809524,83.88278388278388,8.424908424908425,75.45787545787546
E00081930,375,60,20,40,315,29,286,16,5.333333333333334,10.666666666666668,84,7.733333333333333,76.26666666666667
E00081931,340,46,12,34,294,18,276,13.529411764705882,3.5294117647058822,10,86.47058823529412,5.294117647058823,81.17647058823529
E00081932,294,33,4,29,261,23,238,11.224489795918368,1.3605442176870748,9.863945578231291,88.77551020408163,7.8231292517006805,80.95238095238095
E00081933,331,43,15,28,288,23,265,12.990936555891238,4.531722054380665,8.459214501510575,87.00906344410876,6.948640483383686,80.06042296072508
E00081934,301,53,18,35,248,21,227,17.60797342192691,5.980066445182724,11.627906976744185,82.39202657807309,6.976744186046512,75.41528239202658
E00081935,386,68,26,42,318,31,287,17.616580310880828,6.7357512953367875,10.880829015544041,82.38341968911918,8.031088082901555,74.35233160621762
E00081936,242,45,12,33,197,30,167,18.59504132231405,4.958677685950414,13.636363636363635,81.40495867768594,12.396694214876034,69.00826446280992
E00081937,248,39,19,20,209,16,193,15.725806451612904,7.661290322580645,8.064516129032258,84.2741935483871,6.451612903225806,77.82258064516128
E00081938,246,28,9,19,218,24,194,11.38211382113821,3.6585365853658534,7.723577235772358,88.6178861788618,9.75609756097561,78.86178861788618
E00081939,302,49,23,26,253,23,230,16.225165562913908,7.6158940397351,8.609271523178808,83.77483443708608,7.6158940397351,76.15894039735099
E00081940,270,49,17,32,221,17,204,18.14814814814815,6.296296296296296,11.851851851851853,81.85185185185185,6.296296296296296,75.55555555555556
E00081941,273,42,9,33,231,19,212,15.384615384615385,3.296703296703297,12.087912087912088,84.61538461538461,6.95970695970696,77.65567765567766
E00081942,338,46,17,29,292,34,258,13.609467455621301,5.029585798816568,8.579881656804734,86.3905325443787,10.059171597633137,76.33136094674556
E00081943,245,53,14,39,192,22,170,21.63265306122449,5.714285714285714,15.918367346938775,78.36734693877551,8.979591836734693,69.38775510204081
E00081944,199,28,9,19,171,14,157,14.07035175879397,4.522613065326634,9.547738693467336,85.92964824120602,7.035175879396985,78.89447236180904
E00081945,333,54,19,35,279,39,240,16.216216216216218,5.7057057057057055,10.51051051051051,83.78378378378379,11.711711711711711,72.07207207207207
E00081946,348,41,17,24,307,33,274,11.781609195402298,4.885057471264368,6.896551724137931,88.2183908045977,9.482758620689655,78.73563218390804
E00081947,277,55,19,36,222,23,199,19.855595667870034,6.859205776173286,12.996389891696749,80.14440433212997,8.303249097472925,71.84115523465704
E00081948,269,26,11,15,243,20,223,9.66542750929368,4.089219330855019,5.5762081784386615,90.33457249070632,7.434944237918216,82.8996282527881
E00081949,247,28,11,17,219,18,201,11.336032388663968,4.4534412955465585,6.882591093117409,88.66396761133603,7.28744939271255,81.37651821862349
E00081950,305,45,17,28,260,23,237,14.754098360655737,5.573770491803279,9.180327868852459,85.24590163934425,7.540983606557377,77.70491803278688
E00081951,256,39,10,29,217,22,195,15.234375,3.90625,11.328125,84.765625,8.59375,76.171875
E00081952,186,31,9,22,155,19,136,16.666666666666664,4.838709677419355,11.827956989247312,83.33333333333334,10.21505376344086,73.11827956989248
E00081953,292,35,9,26,257,33,224,11.986301369863012,3.0821917808219177,8.904109589041095,88.01369863013699,11.301369863013697,76.71232876712328
E00081954,343,43,16,27,300,18,282,12.536443148688047,4.664723032069971,7.871720116618077,87.46355685131195,5.247813411078718,82.21574344023324
E00081955,355,42,15,27,313,27,286,11.830985915492958,4.225352112676056,7.605633802816901,88.16901408450704,7.605633802816901,80.56338028169014
E00081956,310,60,32,28,250,28,222,19.35483870967742,10.32258064516129,9.032258064516128,80.64516129032258,9.032258064516128,71.61290322580646
E00081957,285,56,18,38,229,22,207,19.649122807017545,6.315789473684211,13.333333333333334,80.35087719298247,7.719298245614035,72.63157894736842
E00081958,259,44,17,27,215,17,198,16.988416988416986,6.563706563706563,10.424710424710424,83.01158301158301,6.563706563706563,76.44787644787645
E00081959,292,52,17,35,240,22,218,17.80821917808219,5.821917808219178,11.986301369863012,82.1917808219178,7.534246575342466,74.65753424657534
E00081960,293,41,18,23,252,25,227,13.993174061433447,6.143344709897611,7.849829351535837,86.00682593856655,8.532423208191126,77.47440273037543
E00081961,270,50,20,30,220,19,201,18.51851851851852,7.4074074074074066,11.11111111111111,81.48148148148148,7.037037037037037,74.44444444444444
E00081962,331,43,11,32,288,29,259,12.990936555891238,3.3232628398791544,9.667673716012084,87.00906344410876,8.761329305135952,78.24773413897282
E00081963,203,45,19,26,158,23,135,22.167487684729064,9.35960591133005,12.807881773399016,77.83251231527095,11.330049261083744,66.50246305418719
E00081964,307,55,22,33,252,24,228,17.91530944625407,7.166123778501629,10.749185667752444,82.08469055374593,7.81758957654723,74.2671009771987
E00081965,229,64,26,38,165,18,147,27.947598253275107,11.353711790393014,16.593886462882097,72.0524017467249,7.860262008733625,64.19213973799127
E00081966,256,36,11,25,220,26,194,14.0625,4.296875,9.765625,85.9375,10.15625,75.78125
E00081967,278,42,11,31,236,16,220,15.107913669064748,3.9568345323741005,11.151079136690647,84.89208633093526,5.755395683453238,79.13669064748201
E00081968,347,43,21,22,304,21,283,12.39193083573487,6.051873198847262,6.340057636887608,87.60806916426513,6.051873198847262,81.55619596541787
E00081969,257,46,17,29,211,21,190,17.898832684824903,6.614785992217899,11.284046692607005,82.10116731517509,8.171206225680933,73.92996108949417
E00081970,293,48,22,26,245,17,228,16.38225255972696,7.508532423208192,8.873720136518772,83.61774744027304,5.802047781569966,77.81569965870307
E00081971,277,51,17,34,226,17,209,18.4115523465704,6.137184115523466,12.274368231046932,81.58844765342961,6.137184115523466,75.45126353790613
E00081972,303,43,22,21,260,25,235,14.19141914191419,7.2607260726072615,6.9306930693069315,85.8085808580858,8.25082508250825,77.55775577557755
E00081973,191,39,13,26,152,16,136,20.418848167539267,6.806282722513089,13.612565445026178,79.58115183246073,8.37696335078534,71.20418848167539
E00081974,409,61,21,40,348,44,304,14.91442542787286,5.134474327628362,9.7799511002445,85.08557457212714,10.757946210268948,74.32762836185819
E00081975,343,61,20,41,282,31,251,17.784256559766764,5.830903790087463,11.9533527696793,82.21574344023324,9.037900874635568,73.17784256559767
E00081977,282,56,30,26,226,19,207,19.858156028368796,10.638297872340425,9.219858156028367,80.1418439716312,6.73758865248227,73.40425531914893
E00081979,375,52,24,28,323,30,293,13.866666666666665,6.4,7.466666666666668,86.13333333333333,8,78.13333333333333
E00081982,302,50,16,34,252,18,234,16.55629139072848,5.298013245033113,11.258278145695364,83.44370860927152,5.960264900662252,77.48344370860927
E00081984,255,62,28,34,193,23,170,24.313725490196077,10.980392156862745,13.333333333333334,75.68627450980392,9.019607843137255,66.66666666666666
E00081986,370,35,17,18,335,31,304,9.45945945945946,4.594594594594595,4.864864864864865,90.54054054054053,8.378378378378379,82.16216216216216
E00081987,265,17,6,11,248,17,231,6.415094339622642,2.2641509433962264,4.150943396226415,93.58490566037736,6.415094339622642,87.16981132075472
E00081988,299,34,8,26,265,30,235,11.37123745819398,2.6755852842809364,8.695652173913043,88.62876254180601,10.033444816053512,78.59531772575251
E00081989,264,26,9,17,238,21,217,9.848484848484848,3.4090909090909087,6.4393939393939394,90.15151515151516,7.954545454545454,82.1969696969697
E00081990,310,30,9,21,280,23,257,9.67741935483871,2.903225806451613,6.774193548387098,90.32258064516128,7.419354838709677,82.9032258064516
E00081991,267,22,8,14,245,24,221,8.239700374531834,2.9962546816479403,5.2434456928838955,91.76029962546816,8.98876404494382,82.77153558052434
E00081993,285,62,43,19,223,14,209,21.75438596491228,15.087719298245613,6.666666666666667,78.24561403508771,4.912280701754386,73.33333333333333
E00081994,217,28,11,17,189,22,167,12.903225806451612,5.0691244239631335,7.834101382488479,87.09677419354838,10.138248847926267,76.95852534562212
E00081995,326,54,14,40,272,31,241,16.56441717791411,4.294478527607362,12.269938650306749,83.43558282208589,9.509202453987731,73.92638036809815
E00081996,371,37,8,29,334,37,297,9.973045822102426,2.15633423180593,7.816711590296496,90.02695417789758,9.973045822102426,80.05390835579514
E00081997,359,44,16,28,315,32,283,12.256267409470752,4.456824512534819,7.7994428969359335,87.74373259052925,8.913649025069638,78.8300835654596
E00081998,345,44,11,33,301,28,273,12.753623188405797,3.1884057971014492,9.565217391304348,87.2463768115942,8.115942028985506,79.13043478260869
E00081999,258,33,13,20,225,31,194,12.790697674418606,5.038759689922481,7.751937984496124,87.20930232558139,12.015503875968992,75.1937984496124
E00082000,161,17,7,10,144,10,134,10.559006211180124,4.3478260869565215,6.211180124223603,89.44099378881988,6.211180124223603,83.22981366459628
E00082001,280,33,9,24,247,15,232,11.785714285714285,3.214285714285714,8.571428571428571,88.21428571428571,5.357142857142857,82.85714285714286
E00082002,298,39,15,24,259,24,235,13.087248322147651,5.033557046979865,8.053691275167784,86.91275167785236,8.053691275167784,78.85906040268456
E00082003,340,33,12,21,307,29,278,9.705882352941178,3.5294117647058822,6.176470588235294,90.29411764705883,8.529411764705882,81.76470588235294
E00082004,315,38,6,32,277,28,249,12.063492063492063,1.9047619047619049,10.158730158730158,87.93650793650794,8.88888888888889,79.04761904761905
E00082005,433,55,24,31,378,31,347,12.702078521939955,5.542725173210162,7.159353348729793,87.29792147806005,7.159353348729793,80.13856812933025
E00082006,226,45,16,29,181,14,167,19.911504424778762,7.079646017699115,12.831858407079647,80.08849557522124,6.1946902654867255,73.89380530973452
E00082008,278,53,18,35,225,18,207,19.06474820143885,6.474820143884892,12.589928057553957,80.93525179856115,6.474820143884892,74.46043165467626
E00082010,273,55,14,41,218,30,188,20.146520146520146,5.128205128205128,15.018315018315018,79.85347985347985,10.989010989010989,68.86446886446886
E00082012,285,50,21,29,235,14,221,17.543859649122805,7.368421052631578,10.175438596491228,82.45614035087719,4.912280701754386,77.54385964912281
E00082013,323,71,31,40,252,22,230,21.981424148606813,9.597523219814242,12.38390092879257,78.0185758513932,6.811145510835913,71.20743034055728
E00082014,351,59,24,35,292,40,252,16.80911680911681,6.837606837606838,9.971509971509972,83.1908831908832,11.396011396011396,71.7948717948718
E00082015,333,51,22,29,282,17,265,15.315315315315313,6.606606606606606,8.708708708708707,84.68468468468468,5.105105105105105,79.57957957957959
E00082016,247,42,8,34,205,21,184,17.00404858299595,3.2388663967611335,13.765182186234817,82.99595141700405,8.502024291497975,74.49392712550608
E00082017,342,55,22,33,287,30,257,16.08187134502924,6.432748538011696,9.649122807017543,83.91812865497076,8.771929824561402,75.14619883040936
E00082018,303,58,27,31,245,22,223,19.141914191419144,8.91089108910891,10.231023102310232,80.85808580858085,7.2607260726072615,73.5973597359736
E00082019,291,43,13,30,248,19,229,14.776632302405499,4.4673539518900345,10.309278350515463,85.2233676975945,6.529209621993128,78.69415807560138
E00082020,219,41,13,28,178,16,162,18.72146118721461,5.93607305936073,12.785388127853881,81.27853881278538,7.30593607305936,73.97260273972603
E00082021,319,55,23,32,264,34,230,17.24137931034483,7.210031347962382,10.031347962382444,82.75862068965517,10.658307210031348,72.10031347962382
E00082022,163,49,18,31,114,10,104,30.061349693251532,11.042944785276074,19.018404907975462,69.93865030674846,6.134969325153374,63.80368098159509
E00082024,254,31,12,19,223,34,189,12.204724409448819,4.724409448818897,7.480314960629922,87.79527559055119,13.385826771653544,74.40944881889764
E00082025,282,25,4,21,257,24,233,8.865248226950355,1.4184397163120568,7.446808510638298,91.13475177304964,8.51063829787234,82.62411347517731
E00082026,277,34,7,27,243,24,219,12.274368231046932,2.527075812274368,9.747292418772563,87.72563176895306,8.664259927797833,79.06137184115524
E00082027,308,44,9,35,264,30,234,14.285714285714285,2.922077922077922,11.363636363636363,85.71428571428571,9.740259740259742,75.97402597402598
E00082028,267,33,5,28,234,24,210,12.359550561797752,1.8726591760299627,10.486891385767791,87.64044943820225,8.98876404494382,78.65168539325843
E00082029,323,38,15,23,285,21,264,11.76470588235294,4.643962848297214,7.120743034055728,88.23529411764706,6.5015479876160995,81.73374613003097
E00082030,266,27,6,21,239,20,219,10.150375939849624,2.2556390977443606,7.894736842105263,89.84962406015038,7.518796992481203,82.33082706766918
E00082031,338,29,9,20,309,26,283,8.579881656804734,2.6627218934911245,5.9171597633136095,91.42011834319527,7.6923076923076925,83.72781065088756
E00082032,265,50,19,31,215,14,201,18.867924528301888,7.169811320754717,11.69811320754717,81.13207547169812,5.283018867924529,75.84905660377359
E00082033,333,34,14,20,299,18,281,10.21021021021021,4.2042042042042045,6.006006006006006,89.7897897897898,5.405405405405405,84.38438438438438
E00082034,299,23,7,16,276,23,253,7.6923076923076925,2.341137123745819,5.351170568561873,92.3076923076923,7.6923076923076925,84.61538461538461
E00082035,342,38,11,27,304,19,285,11.11111111111111,3.216374269005848,7.894736842105263,88.88888888888889,5.555555555555555,83.33333333333334
E00082036,319,31,6,25,288,19,269,9.717868338557993,1.8808777429467085,7.836990595611286,90.28213166144201,5.956112852664576,84.32601880877742
E00082037,266,27,8,19,239,25,214,10.150375939849624,3.007518796992481,7.142857142857142,89.84962406015038,9.398496240601503,80.45112781954887
E00082038,291,38,17,21,253,28,225,13.058419243986256,5.841924398625429,7.216494845360824,86.94158075601375,9.621993127147768,77.31958762886599
E00082039,253,34,16,18,219,15,204,13.438735177865613,6.324110671936759,7.114624505928854,86.56126482213439,5.928853754940711,80.63241106719367
E00082040,327,49,15,34,278,21,257,14.984709480122325,4.587155963302752,10.397553516819572,85.01529051987767,6.422018348623854,78.59327217125383
E00082041,341,48,17,31,293,15,278,14.076246334310852,4.9853372434017595,9.090909090909092,85.92375366568915,4.398826979472141,81.52492668621701
E00082042,307,54,17,37,253,23,230,17.58957654723127,5.537459283387622,12.052117263843648,82.41042345276874,7.491856677524431,74.9185667752443
E00082043,322,60,27,33,262,20,242,18.633540372670808,8.385093167701864,10.248447204968944,81.36645962732919,6.211180124223603,75.15527950310559
E00082044,315,44,15,29,271,24,247,13.968253968253968,4.761904761904762,9.206349206349207,86.03174603174604,7.6190476190476195,78.41269841269842
E00082045,359,45,15,30,314,30,284,12.534818941504177,4.178272980501393,8.356545961002785,87.46518105849582,8.356545961002785,79.10863509749304
E00082046,377,53,21,32,324,28,296,14.058355437665782,5.570291777188329,8.488063660477453,85.94164456233422,7.427055702917771,78.51458885941645
E00082048,307,55,17,38,252,31,221,17.91530944625407,5.537459283387622,12.37785016286645,82.08469055374593,10.097719869706841,71.9869706840391
E00082049,355,61,20,41,294,22,272,17.183098591549296,5.633802816901409,11.549295774647888,82.8169014084507,6.197183098591549,76.61971830985915
E00082051,319,47,14,33,272,22,250,14.733542319749215,4.38871473354232,10.344827586206897,85.26645768025078,6.896551724137931,78.36990595611285
E00082052,228,67,35,32,161,17,144,29.385964912280706,15.350877192982457,14.035087719298245,70.6140350877193,7.456140350877193,63.1578947368421
E00082053,392,46,21,25,346,35,311,11.73469387755102,5.357142857142857,6.377551020408164,88.26530612244898,8.928571428571429,79.33673469387756
E00082054,286,43,20,23,243,18,225,15.034965034965033,6.993006993006993,8.041958041958042,84.96503496503497,6.293706293706294,78.67132867132867
E00082055,276,43,22,21,233,16,217,15.579710144927535,7.971014492753622,7.608695652173914,84.42028985507247,5.797101449275362,78.62318840579711
E00082056,279,42,17,25,237,23,214,15.053763440860216,6.093189964157706,8.960573476702509,84.94623655913979,8.24372759856631,76.70250896057348
E00082057,323,46,14,32,277,24,253,14.241486068111456,4.3343653250774,9.907120743034056,85.75851393188854,7.430340557275541,78.328173374613
E00082058,327,51,22,29,276,30,246,15.59633027522936,6.727828746177369,8.868501529051988,84.40366972477065,9.174311926605505,75.22935779816514
E00082059,399,62,21,41,337,29,308,15.538847117794486,5.263157894736842,10.275689223057643,84.46115288220551,7.268170426065162,77.19298245614034
E00082060,335,53,17,36,282,19,263,15.82089552238806,5.074626865671641,10.746268656716417,84.17910447761194,5.6716417910447765,78.50746268656717
E00082061,313,46,20,26,267,28,239,14.696485623003195,6.3897763578274756,8.30670926517572,85.3035143769968,8.945686900958465,76.35782747603834
E00082062,271,52,26,26,219,14,205,19.18819188191882,9.59409594095941,9.59409594095941,80.81180811808119,5.166051660516605,75.64575645756457
E00082063,296,68,30,38,228,17,211,22.972972972972975,10.135135135135135,12.837837837837837,77.02702702702703,5.743243243243244,71.28378378378379
E00082064,235,31,11,20,204,20,184,13.191489361702127,4.680851063829787,8.51063829787234,86.80851063829788,8.51063829787234,78.29787234042553
E00082065,393,65,24,41,328,23,305,16.539440203562343,6.106870229007633,10.432569974554708,83.46055979643766,5.852417302798982,77.60814249363868
E00082066,332,36,12,24,296,31,265,10.843373493975903,3.614457831325301,7.228915662650602,89.1566265060241,9.33734939759036,79.81927710843374
E00082067,238,18,4,14,220,17,203,7.563025210084033,1.680672268907563,5.88235294117647,92.43697478991596,7.142857142857142,85.29411764705883
E00082068,362,44,17,27,318,27,291,12.154696132596685,4.696132596685083,7.458563535911603,87.84530386740332,7.458563535911603,80.38674033149171
E00082069,298,34,6,28,264,22,242,11.409395973154362,2.013422818791946,9.395973154362416,88.59060402684564,7.38255033557047,81.20805369127517
E00082070,328,23,3,20,305,27,278,7.01219512195122,0.9146341463414633,6.097560975609756,92.98780487804879,8.231707317073171,84.7560975609756
E00082071,232,46,18,28,186,19,167,19.82758620689655,7.758620689655173,12.068965517241379,80.17241379310344,8.189655172413794,71.98275862068965
E00082072,318,28,1,27,290,30,260,8.80503144654088,0.3144654088050315,8.49056603773585,91.19496855345912,9.433962264150944,81.76100628930818
E00082073,350,35,10,25,315,25,290,10,2.857142857142857,7.142857142857142,90,7.142857142857142,82.85714285714286
E00082074,307,28,9,19,279,27,252,9.120521172638437,2.9315960912052117,6.188925081433225,90.87947882736157,8.794788273615636,82.08469055374593
E00082075,265,19,0,19,246,30,216,7.169811320754717,0,7.169811320754717,92.83018867924528,11.320754716981133,81.50943396226415
E00082076,296,18,5,13,278,26,252,6.081081081081082,1.6891891891891893,4.391891891891892,93.91891891891892,8.783783783783784,85.13513513513513
E00082077,312,34,7,27,278,29,249,10.897435897435898,2.2435897435897436,8.653846153846153,89.1025641025641,9.294871794871796,79.8076923076923
E00082078,317,33,6,27,284,18,266,10.410094637223976,1.8927444794952681,8.517350157728707,89.58990536277602,5.678233438485805,83.91167192429022
E00082079,325,27,5,22,298,20,278,8.307692307692308,1.5384615384615385,6.769230769230769,91.6923076923077,6.153846153846154,85.53846153846155
E00082080,332,25,6,19,307,24,283,7.530120481927711,1.8072289156626504,5.72289156626506,92.46987951807229,7.228915662650602,85.2409638554217
E00082081,326,26,10,16,300,31,269,7.975460122699387,3.067484662576687,4.9079754601226995,92.02453987730061,9.509202453987731,82.51533742331289
E00082082,293,22,7,15,271,29,242,7.508532423208192,2.3890784982935154,5.1194539249146755,92.4914675767918,9.897610921501707,82.5938566552901
E00082083,246,28,7,21,218,17,201,11.38211382113821,2.8455284552845526,8.536585365853659,88.6178861788618,6.910569105691057,81.70731707317073
E00082084,294,31,9,22,263,32,231,10.54421768707483,3.061224489795918,7.482993197278912,89.45578231292517,10.884353741496598,78.57142857142857
E00082086,265,25,4,21,240,23,217,9.433962264150944,1.509433962264151,7.9245283018867925,90.56603773584906,8.679245283018867,81.88679245283019
E00082087,304,18,10,8,286,27,259,5.921052631578947,3.289473684210526,2.631578947368421,94.07894736842105,8.881578947368421,85.19736842105263
E00082089,238,23,5,18,215,18,197,9.663865546218489,2.100840336134454,7.563025210084033,90.33613445378151,7.563025210084033,82.77310924369748
E00082090,346,33,9,24,313,35,278,9.53757225433526,2.601156069364162,6.9364161849710975,90.46242774566474,10.115606936416185,80.34682080924856
E00082093,343,63,31,32,280,33,247,18.367346938775512,9.037900874635568,9.329446064139942,81.63265306122449,9.620991253644315,72.01166180758017
E00082094,178,32,20,12,146,17,129,17.97752808988764,11.235955056179774,6.741573033707865,82.02247191011236,9.550561797752808,72.47191011235955
E00082096,297,44,14,30,253,18,235,14.814814814814813,4.713804713804714,10.1010101010101,85.18518518518519,6.0606060606060606,79.12457912457911
E00082097,413,109,67,42,304,22,282,26.39225181598063,16.222760290556902,10.16949152542373,73.60774818401937,5.326876513317192,68.28087167070218
E00082099,278,38,17,21,240,21,219,13.66906474820144,6.115107913669065,7.553956834532374,86.33093525179856,7.553956834532374,78.77697841726618
E00082100,289,42,14,28,247,19,228,14.53287197231834,4.844290657439446,9.688581314878892,85.46712802768167,6.5743944636678195,78.89273356401384
E00082101,265,31,10,21,234,19,215,11.69811320754717,3.7735849056603774,7.9245283018867925,88.30188679245283,7.169811320754717,81.13207547169812
E00082102,253,25,4,21,228,17,211,9.881422924901186,1.5810276679841897,8.300395256916996,90.11857707509881,6.719367588932807,83.399209486166
E00082103,318,60,18,42,258,22,236,18.867924528301888,5.660377358490567,13.20754716981132,81.13207547169812,6.918238993710692,74.21383647798741
E00082104,293,42,11,31,251,20,231,14.334470989761092,3.754266211604096,10.580204778156997,85.6655290102389,6.825938566552901,78.839590443686
E00082105,357,47,16,31,310,27,283,13.165266106442578,4.481792717086835,8.683473389355742,86.83473389355743,7.563025210084033,79.27170868347339
E00082106,303,52,21,31,251,16,235,17.16171617161716,6.9306930693069315,10.231023102310232,82.83828382838284,5.2805280528052805,77.55775577557755
E00082107,308,50,22,28,258,22,236,16.233766233766232,7.142857142857142,9.090909090909092,83.76623376623377,7.142857142857142,76.62337662337663
E00082108,289,42,16,26,247,15,232,14.53287197231834,5.536332179930796,8.996539792387544,85.46712802768167,5.190311418685121,80.27681660899654
E00082111,310,27,11,16,283,23,260,8.709677419354838,3.5483870967741935,5.161290322580645,91.29032258064517,7.419354838709677,83.87096774193549
E00082112,405,36,9,27,369,23,346,8.88888888888889,2.2222222222222223,6.666666666666667,91.11111111111111,5.679012345679013,85.4320987654321
E00082113,285,38,11,27,247,29,218,13.333333333333334,3.8596491228070176,9.473684210526317,86.66666666666667,10.175438596491228,76.49122807017544
E00082114,372,45,13,32,327,37,290,12.096774193548388,3.494623655913978,8.60215053763441,87.90322580645162,9.946236559139784,77.95698924731182
E00082115,194,50,25,25,144,15,129,25.773195876288657,12.886597938144329,12.886597938144329,74.22680412371135,7.731958762886598,66.49484536082474
E00082116,312,50,23,27,262,20,242,16.025641025641026,7.371794871794872,8.653846153846153,83.97435897435898,6.41025641025641,77.56410256410257
E00082117,150,16,6,10,134,10,124,10.666666666666668,4,6.666666666666667,89.33333333333333,6.666666666666667,82.66666666666667
E00082118,328,17,6,11,311,20,291,5.182926829268292,1.8292682926829267,3.353658536585366,94.8170731707317,6.097560975609756,88.71951219512195
E00082119,349,24,8,16,325,29,296,6.876790830945559,2.292263610315186,4.584527220630372,93.12320916905445,8.30945558739255,84.81375358166189
E00082120,362,37,9,28,325,26,299,10.220994475138122,2.4861878453038675,7.734806629834254,89.77900552486187,7.18232044198895,82.59668508287292
E00082121,289,44,13,31,245,23,222,15.22491349480969,4.498269896193772,10.726643598615917,84.77508650519032,7.958477508650519,76.8166089965398
E00082122,350,24,8,16,326,23,303,6.857142857142858,2.2857142857142856,4.571428571428571,93.14285714285714,6.571428571428571,86.57142857142858
E00166643,224,27,11,16,197,20,177,12.053571428571429,4.910714285714286,7.142857142857142,87.94642857142857,8.928571428571429,79.01785714285714
E00166644,245,37,15,22,208,7,201,15.10204081632653,6.122448979591836,8.979591836734693,84.89795918367346,2.857142857142857,82.0408163265306
E00166649,591,67,22,45,524,42,482,11.336717428087987,3.7225042301184432,7.614213197969544,88.66328257191202,7.1065989847715745,81.55668358714044
E00166650,241,23,10,13,218,22,196,9.54356846473029,4.149377593360995,5.394190871369295,90.45643153526972,9.12863070539419,81.32780082987551
E00166651,339,58,20,38,281,14,267,17.10914454277286,5.899705014749262,11.209439528023598,82.89085545722715,4.129793510324483,78.76106194690266
E00166652,225,21,8,13,204,20,184,9.333333333333334,3.5555555555555554,5.777777777777778,90.66666666666666,8.88888888888889,81.77777777777779
E00166653,252,30,9,21,222,13,209,11.904761904761903,3.571428571428571,8.333333333333332,88.09523809523809,5.158730158730158,82.93650793650794
E00166654,240,25,8,17,215,24,191,10.416666666666668,3.3333333333333335,7.083333333333333,89.58333333333334,10,79.58333333333333
E00166655,338,22,6,16,316,20,296,6.508875739644971,1.7751479289940828,4.733727810650888,93.49112426035504,5.9171597633136095,87.57396449704143
E00166656,260,27,8,19,233,20,213,10.384615384615385,3.076923076923077,7.307692307692308,89.61538461538461,7.6923076923076925,81.92307692307692
E00166657,263,16,4,12,247,25,222,6.083650190114068,1.520912547528517,4.562737642585551,93.91634980988593,9.505703422053232,84.4106463878327
E00166658,160,26,8,18,134,12,122,16.25,5,11.25,83.75,7.5,76.25
E00166660,1084,72,8,64,1012,67,945,6.642066420664207,0.7380073800738007,5.904059040590406,93.35793357933579,6.180811808118081,87.17712177121771
E00166662,234,72,32,40,162,27,135,30.76923076923077,13.675213675213676,17.094017094017094,69.23076923076923,11.538461538461538,57.692307692307686
E00166663,230,64,25,39,166,12,154,27.82608695652174,10.869565217391305,16.956521739130434,72.17391304347827,5.217391304347826,66.95652173913044
E00166664,231,40,19,21,191,16,175,17.316017316017316,8.225108225108226,9.090909090909092,82.68398268398268,6.926406926406926,75.75757575757575
E00166665,157,15,5,10,142,9,133,9.554140127388536,3.1847133757961785,6.369426751592357,90.44585987261146,5.7324840764331215,84.71337579617835
E00166666,313,28,5,23,285,19,266,8.945686900958465,1.5974440894568689,7.348242811501597,91.05431309904152,6.070287539936102,84.98402555910543
E00166667,344,34,17,17,310,17,293,9.883720930232558,4.941860465116279,4.941860465116279,90.11627906976744,4.941860465116279,85.17441860465115
E00166668,387,32,7,25,355,28,327,8.2687338501292,1.8087855297157622,6.459948320413436,91.7312661498708,7.235142118863049,84.49612403100775
E00166669,231,29,13,16,202,20,182,12.554112554112553,5.627705627705628,6.926406926406926,87.44588744588745,8.658008658008658,78.78787878787878
E00166670,315,25,6,19,290,24,266,7.936507936507936,1.9047619047619049,6.031746031746032,92.06349206349206,7.6190476190476195,84.44444444444444
E00166671,270,28,9,19,242,21,221,10.37037037037037,3.3333333333333335,7.037037037037037,89.62962962962962,7.777777777777778,81.85185185185185
E00166672,247,30,9,21,217,12,205,12.145748987854251,3.643724696356275,8.502024291497975,87.85425101214574,4.8582995951417,82.99595141700405
E00166673,298,38,9,29,260,17,243,12.751677852348994,3.0201342281879198,9.731543624161073,87.24832214765101,5.704697986577181,81.54362416107382
E00166674,125,19,5,14,106,11,95,15.2,4,11.200000000000001,84.8,8.799999999999999,76
E00166675,172,59,25,34,113,12,101,34.30232558139535,14.534883720930234,19.767441860465116,65.69767441860465,6.976744186046512,58.720930232558146
E00166676,168,28,9,19,140,10,130,16.666666666666664,5.357142857142857,11.30952380952381,83.33333333333334,5.952380952380952,77.38095238095238
E00166678,313,35,15,20,278,27,251,11.182108626198083,4.792332268370607,6.3897763578274756,88.81789137380191,8.626198083067091,80.19169329073482
E00188334,456,68,27,41,388,29,359,14.912280701754385,5.921052631578947,8.991228070175438,85.08771929824562,6.359649122807018,78.72807017543859
E00188335,928,50,14,36,878,39,839,5.387931034482758,1.5086206896551724,3.8793103448275863,94.61206896551724,4.202586206896552,90.40948275862068
E00188336,384,53,20,33,331,24,307,13.802083333333334,5.208333333333334,8.59375,86.19791666666666,6.25,79.94791666666666
E00188343,255,16,0,16,239,19,220,6.2745098039215685,0,6.2745098039215685,93.72549019607843,7.450980392156863,86.27450980392157
E00188344,167,13,6,7,154,11,143,7.784431137724551,3.592814371257485,4.191616766467066,92.21556886227546,6.58682634730539,85.62874251497006
E00188345,355,43,13,30,312,24,288,12.112676056338028,3.6619718309859155,8.450704225352112,87.88732394366198,6.760563380281689,81.12676056338029
E00188352,209,30,7,23,179,12,167,14.354066985645932,3.349282296650718,11.004784688995215,85.64593301435407,5.741626794258373,79.90430622009569
E00188357,418,40,15,25,378,13,365,9.569377990430622,3.588516746411483,5.980861244019139,90.43062200956938,3.110047846889952,87.32057416267942
E00188362,411,74,38,36,337,26,311,18.004866180048662,9.245742092457421,8.75912408759124,81.99513381995133,6.326034063260341,75.669099756691
E00188363,305,13,4,9,292,21,271,4.2622950819672125,1.3114754098360655,2.9508196721311477,95.73770491803279,6.885245901639345,88.85245901639345
E00188365,261,15,0,15,246,19,227,5.747126436781609,0,5.747126436781609,94.25287356321839,7.2796934865900385,86.97318007662835
E00188368,334,17,2,15,317,21,296,5.089820359281437,0.5988023952095809,4.491017964071856,94.91017964071857,6.287425149700598,88.62275449101796
E00188372,321,11,0,11,310,16,294,3.4267912772585665,0,3.4267912772585665,96.57320872274143,4.984423676012461,91.58878504672897
E00188376,311,10,1,9,301,28,273,3.215434083601286,0.3215434083601286,2.8938906752411575,96.78456591639872,9.003215434083602,87.78135048231512
E00188377,364,37,16,21,327,28,299,10.164835164835164,4.395604395604396,5.769230769230769,89.83516483516483,7.6923076923076925,82.14285714285714
E00188378,191,28,14,14,163,14,149,14.659685863874344,7.329842931937172,7.329842931937172,85.34031413612566,7.329842931937172,78.01047120418848
E00188382,333,11,4,7,322,20,302,3.303303303303303,1.2012012012012012,2.1021021021021022,96.69669669669669,6.006006006006006,90.69069069069069
E00188384,353,23,5,18,330,26,304,6.515580736543909,1.41643059490085,5.099150141643059,93.48441926345609,7.365439093484419,86.11898016997166
E00188385,251,19,7,12,232,6,226,7.569721115537849,2.788844621513944,4.780876494023905,92.43027888446214,2.3904382470119523,90.0398406374502
E00188388,313,15,2,13,298,16,282,4.792332268370607,0.6389776357827476,4.15335463258786,95.2076677316294,5.111821086261981,90.09584664536742
E00188391,401,31,7,24,370,29,341,7.73067331670823,1.7456359102244388,5.985037406483791,92.26932668329178,7.231920199501247,85.03740648379052
E00188392,217,12,3,9,205,20,185,5.529953917050691,1.3824884792626728,4.147465437788019,94.47004608294931,9.216589861751153,85.25345622119815
E00188396,285,41,21,20,244,19,225,14.385964912280702,7.368421052631578,7.017543859649122,85.6140350877193,6.666666666666667,78.94736842105263
E00188401,364,26,8,18,338,17,321,7.142857142857142,2.197802197802198,4.945054945054945,92.85714285714286,4.670329670329671,88.18681318681318
E00188406,512,162,61,101,350,58,292,31.640625,11.9140625,19.7265625,68.359375,11.328125,57.03125
E00188407,222,42,13,29,180,10,170,18.91891891891892,5.8558558558558556,13.063063063063062,81.08108108108108,4.504504504504505,76.57657657657657
E00188408,242,6,2,4,236,13,223,2.479338842975207,0.8264462809917356,1.6528925619834711,97.52066115702479,5.371900826446281,92.14876033057851
E00188422,190,15,1,14,175,10,165,7.894736842105263,0.5263157894736842,7.368421052631578,92.10526315789474,5.263157894736842,86.8421052631579
E00188428,166,39,13,26,127,18,109,23.49397590361446,7.83132530120482,15.66265060240964,76.50602409638554,10.843373493975903,65.66265060240963
E00188442,222,22,7,15,200,14,186,9.90990990990991,3.153153153153153,6.756756756756757,90.09009009009009,6.306306306306306,83.78378378378379
E00188443,261,27,7,20,234,21,213,10.344827586206897,2.681992337164751,7.662835249042145,89.65517241379311,8.045977011494253,81.60919540229885
E00188444,339,41,14,27,298,24,274,12.094395280235988,4.129793510324483,7.964601769911504,87.90560471976401,7.079646017699115,80.8259587020649
E00188450,319,18,5,13,301,20,281,5.6426332288401255,1.5673981191222568,4.075235109717868,94.35736677115987,6.269592476489027,88.08777429467085
E00188459,401,42,17,25,359,35,324,10.473815461346634,4.239401496259352,6.234413965087282,89.52618453865337,8.728179551122196,80.79800498753117
E00188462,428,36,14,22,392,25,367,8.411214953271028,3.2710280373831773,5.14018691588785,91.58878504672897,5.841121495327103,85.74766355140187
E00188463,345,27,7,20,318,26,292,7.82608695652174,2.0289855072463765,5.797101449275362,92.17391304347827,7.536231884057972,84.63768115942028
E00188464,126,17,3,14,109,12,97,13.492063492063492,2.380952380952381,11.11111111111111,86.5079365079365,9.523809523809524,76.98412698412699
E00188466,337,22,4,18,315,22,293,6.528189910979229,1.1869436201780417,5.341246290801187,93.47181008902076,6.528189910979229,86.94362017804154
E00188467,140,44,20,24,96,12,84,31.428571428571427,14.285714285714285,17.142857142857142,68.57142857142857,8.571428571428571,60
E00188468,359,31,9,22,328,29,299,8.635097493036211,2.5069637883008355,6.128133704735376,91.36490250696379,8.07799442896936,83.28690807799443
E00188470,292,17,3,14,275,15,260,5.821917808219178,1.0273972602739725,4.794520547945205,94.17808219178082,5.136986301369863,89.04109589041096
E00188478,476,63,30,33,413,32,381,13.23529411764706,6.302521008403361,6.932773109243698,86.76470588235294,6.722689075630252,80.0420168067227
E00188484,233,14,3,11,219,16,203,6.008583690987124,1.2875536480686696,4.721030042918455,93.99141630901288,6.866952789699571,87.1244635193133
E00188487,249,29,13,16,220,25,195,11.646586345381527,5.220883534136546,6.425702811244979,88.35341365461848,10.040160642570282,78.3132530120482
E00188488,414,62,21,41,352,20,332,14.975845410628018,5.072463768115942,9.903381642512077,85.02415458937197,4.830917874396135,80.19323671497585
E00188491,321,90,32,58,231,23,208,28.037383177570092,9.968847352024921,18.06853582554517,71.96261682242991,7.165109034267912,64.797507788162
E00188492,338,25,8,17,313,14,299,7.396449704142012,2.366863905325444,5.029585798816568,92.60355029585799,4.142011834319527,88.46153846153845
E00188494,291,25,4,21,266,18,248,8.59106529209622,1.3745704467353952,7.216494845360824,91.40893470790378,6.185567010309279,85.2233676975945
E00188501,373,30,10,20,343,23,320,8.04289544235925,2.680965147453083,5.361930294906166,91.95710455764075,6.166219839142091,85.79088471849866
E00188505,324,27,13,14,297,30,267,8.333333333333332,4.012345679012346,4.320987654320987,91.66666666666666,9.25925925925926,82.4074074074074
E00188506,160,46,30,16,114,10,104,28.749999999999996,18.75,10,71.25,6.25,65
E00188511,355,34,7,27,321,15,306,9.577464788732394,1.971830985915493,7.605633802816901,90.4225352112676,4.225352112676056,86.19718309859155
E00188512,276,22,8,14,254,12,242,7.971014492753622,2.898550724637681,5.072463768115942,92.02898550724638,4.3478260869565215,87.68115942028986
E00188515,235,55,31,24,180,25,155,23.404255319148938,13.191489361702127,10.212765957446807,76.59574468085107,10.638297872340425,65.95744680851064
E00188524,382,55,22,33,327,27,300,14.397905759162304,5.7591623036649215,8.638743455497382,85.6020942408377,7.068062827225131,78.53403141361257
E00188526,332,23,3,20,309,25,284,6.927710843373494,0.9036144578313252,6.024096385542169,93.07228915662651,7.530120481927711,85.54216867469879
E00188532,236,19,6,13,217,16,201,8.050847457627118,2.5423728813559325,5.508474576271186,91.94915254237289,6.779661016949152,85.16949152542372
E00188537,253,26,6,20,227,22,205,10.276679841897234,2.371541501976284,7.905138339920949,89.72332015810277,8.695652173913043,81.02766798418972
E00188538,272,31,12,19,241,21,220,11.397058823529411,4.411764705882353,6.985294117647059,88.60294117647058,7.720588235294118,80.88235294117648
E00188541,226,30,11,19,196,16,180,13.274336283185843,4.867256637168142,8.4070796460177,86.72566371681415,7.079646017699115,79.64601769911505
