OA,ts0380001,ts0380002,ts0380003,ts0380004,ts0380005,ts0380006,ts0380007,ts0380002_PCT,ts0380003_PCT,ts0380004_PCT,ts0380005_PCT,ts0380006_PCT,ts0380007_PCT
E00149527,300,65,32,33,235,29,206,21.666666666666668,10.666666666666668,11,78.33333333333333,9.666666666666666,68.66666666666667
E00149528,356,100,56,44,256,25,231,28.08988764044944,15.730337078651685,12.359550561797752,71.91011235955057,7.02247191011236,64.8876404494382
E00149529,308,56,31,25,252,17,235,18.181818181818183,10.064935064935066,8.116883116883116,81.81818181818183,5.51948051948052,76.2987012987013
E00149530,384,83,36,47,301,19,282,21.614583333333336,9.375,12.239583333333332,78.38541666666666,4.947916666666666,73.4375
E00149531,345,64,25,39,281,23,258,18.55072463768116,7.246376811594203,11.304347826086957,81.44927536231884,6.666666666666667,74.78260869565217
E00149532,368,72,26,46,296,22,274,19.565217391304348,7.065217391304348,12.5,80.43478260869566,5.978260869565218,74.45652173913044
E00149533,266,65,32,33,201,22,179,24.43609022556391,12.030075187969924,12.406015037593985,75.56390977443608,8.270676691729323,67.29323308270678
E00149534,306,54,19,35,252,35,217,17.647058823529413,6.209150326797386,11.437908496732026,82.35294117647058,11.437908496732026,70.91503267973856
E00149535,256,58,26,32,198,22,176,22.65625,10.15625,12.5,77.34375,8.59375,68.75
E00149536,368,80,40,40,288,28,260,21.73913043478261,10.869565217391305,10.869565217391305,78.26086956521739,7.608695652173914,70.65217391304348
E00149537,321,72,35,37,249,19,230,22.429906542056074,10.903426791277258,11.526479750778815,77.57009345794393,5.919003115264798,71.65109034267913
E00149538,319,57,30,27,262,18,244,17.86833855799373,9.404388714733543,8.463949843260188,82.13166144200626,5.6426332288401255,76.48902821316614
E00149539,405,59,22,37,346,40,306,14.5679012345679,5.432098765432099,9.135802469135802,85.4320987654321,9.876543209876543,75.55555555555556
E00149540,335,70,30,40,265,20,245,20.8955223880597,8.955223880597014,11.940298507462686,79.1044776119403,5.970149253731343,73.13432835820896
E00149541,587,80,23,57,507,45,462,13.62862010221465,3.9182282793867125,9.710391822827939,86.37137989778535,7.666098807495741,78.7052810902896
E00149542,334,59,22,37,275,40,235,17.664670658682635,6.58682634730539,11.077844311377245,82.33532934131736,11.976047904191617,70.35928143712576
E00149543,327,74,23,51,253,18,235,22.629969418960243,7.033639143730887,15.59633027522936,77.37003058103976,5.5045871559633035,71.86544342507645
E00149544,332,79,44,35,253,24,229,23.795180722891565,13.253012048192772,10.542168674698797,76.20481927710844,7.228915662650602,68.97590361445783
E00149545,273,67,23,44,206,18,188,24.54212454212454,8.424908424908425,16.117216117216117,75.45787545787546,6.593406593406594,68.86446886446886
E00149546,171,73,42,31,98,9,89,42.69005847953216,24.561403508771928,18.128654970760234,57.30994152046783,5.263157894736842,52.046783625730995
E00149547,362,93,37,56,269,18,251,25.69060773480663,10.220994475138122,15.469613259668508,74.30939226519338,4.972375690607735,69.33701657458563
E00149548,308,67,22,45,241,23,218,21.753246753246753,7.142857142857142,14.61038961038961,78.24675324675324,7.467532467532467,70.77922077922078
E00149549,243,66,33,33,177,14,163,27.160493827160494,13.580246913580247,13.580246913580247,72.8395061728395,5.761316872427984,67.07818930041152
E00149550,361,91,43,48,270,13,257,25.20775623268698,11.911357340720222,13.29639889196676,74.79224376731301,3.6011080332409975,71.19113573407202
E00149551,306,70,25,45,236,20,216,22.875816993464053,8.169934640522875,14.705882352941178,77.12418300653596,6.535947712418301,70.58823529411765
E00149552,344,84,42,42,260,10,250,24.418604651162788,12.209302325581394,12.209302325581394,75.5813953488372,2.9069767441860463,72.67441860465115
E00149553,362,84,30,54,278,17,261,23.204419889502763,8.287292817679557,14.917127071823206,76.79558011049724,4.696132596685083,72.09944751381215
E00149554,213,68,31,37,145,8,137,31.92488262910798,14.553990610328638,17.370892018779344,68.07511737089203,3.755868544600939,64.31924882629107
E00149555,259,63,29,34,196,16,180,24.324324324324326,11.196911196911197,13.127413127413126,75.67567567567568,6.177606177606178,69.4980694980695
E00149556,372,82,31,51,290,26,264,22.043010752688172,8.333333333333332,13.709677419354838,77.95698924731182,6.989247311827956,70.96774193548387
E00149557,262,79,45,34,183,14,169,30.15267175572519,17.17557251908397,12.977099236641221,69.8473282442748,5.343511450381679,64.50381679389314
E00149558,321,90,47,43,231,23,208,28.037383177570092,14.641744548286603,13.395638629283487,71.96261682242991,7.165109034267912,64.797507788162
E00149559,299,64,25,39,235,17,218,21.40468227424749,8.361204013377927,13.043478260869565,78.59531772575251,5.68561872909699,72.90969899665552
E00149560,311,57,22,35,254,16,238,18.327974276527332,7.07395498392283,11.254019292604502,81.67202572347267,5.144694533762058,76.52733118971061
E00149561,293,57,25,32,236,18,218,19.453924914675767,8.532423208191126,10.921501706484642,80.54607508532423,6.143344709897611,74.40273037542661
E00149562,209,65,38,27,144,13,131,31.100478468899524,18.181818181818183,12.918660287081341,68.89952153110048,6.220095693779904,62.67942583732058
E00149563,319,57,25,32,262,32,230,17.86833855799373,7.836990595611286,10.031347962382444,82.13166144200626,10.031347962382444,72.10031347962382
E00149564,259,59,24,35,200,17,183,22.779922779922778,9.266409266409266,13.513513513513514,77.22007722007721,6.563706563706563,70.65637065637065
E00149565,367,79,25,54,288,24,264,21.525885558583106,6.811989100817439,14.713896457765669,78.4741144414169,6.539509536784741,71.93460490463215
E00149566,321,87,52,35,234,34,200,27.102803738317753,16.1993769470405,10.903426791277258,72.89719626168224,10.59190031152648,62.30529595015576
E00149567,265,66,41,25,199,14,185,24.90566037735849,15.471698113207546,9.433962264150944,75.09433962264151,5.283018867924529,69.81132075471697
E00149568,183,78,47,31,105,8,97,42.62295081967213,25.683060109289617,16.939890710382514,57.377049180327866,4.371584699453552,53.00546448087432
E00149569,338,110,62,48,228,10,218,32.544378698224854,18.34319526627219,14.201183431952662,67.45562130177515,2.9585798816568047,64.49704142011834
E00149570,325,100,42,58,225,12,213,30.76923076923077,12.923076923076923,17.846153846153847,69.23076923076923,3.6923076923076925,65.53846153846153
E00149571,259,46,15,31,213,18,195,17.760617760617762,5.7915057915057915,11.96911196911197,82.23938223938224,6.94980694980695,75.2895752895753
E00149572,324,70,26,44,254,22,232,21.604938271604937,8.024691358024691,13.580246913580247,78.39506172839506,6.790123456790123,71.60493827160494
E00149573,378,86,36,50,292,16,276,22.75132275132275,9.523809523809524,13.227513227513226,77.24867724867724,4.232804232804233,73.01587301587301
E00149574,334,72,35,37,262,19,243,21.55688622754491,10.479041916167663,11.077844311377245,78.44311377245509,5.688622754491018,72.75449101796407
E00149575,278,71,37,34,207,21,186,25.539568345323744,13.309352517985612,12.23021582733813,74.46043165467626,7.553956834532374,66.90647482014388
E00149576,251,79,45,34,172,14,158,31.47410358565737,17.928286852589643,13.545816733067728,68.52589641434263,5.577689243027888,62.94820717131474
E00149577,401,68,29,39,333,23,310,16.957605985037407,7.231920199501247,9.72568578553616,83.0423940149626,5.7356608478802995,77.3067331670823
E00149578,279,66,35,31,213,28,185,23.655913978494624,12.544802867383511,11.11111111111111,76.34408602150538,10.03584229390681,66.30824372759857
E00149579,237,92,56,36,145,9,136,38.81856540084388,23.628691983122362,15.18987341772152,61.18143459915611,3.79746835443038,57.383966244725734
E00149580,303,77,31,46,226,18,208,25.412541254125415,10.231023102310232,15.181518151815181,74.58745874587459,5.9405940594059405,68.64686468646865
E00149581,216,49,24,25,167,11,156,22.685185185185187,11.11111111111111,11.574074074074074,77.31481481481481,5.092592592592593,72.22222222222221
E00149582,292,61,25,36,231,19,212,20.89041095890411,8.561643835616438,12.32876712328767,79.1095890410959,6.506849315068493,72.6027397260274
E00149583,334,79,40,39,255,14,241,23.652694610778443,11.976047904191617,11.676646706586826,76.34730538922156,4.191616766467066,72.15568862275448
E00149584,336,67,37,30,269,20,249,19.940476190476193,11.011904761904761,8.928571428571429,80.05952380952381,5.952380952380952,74.10714285714286
E00149585,271,91,47,44,180,11,169,33.579335793357934,17.343173431734318,16.236162361623617,66.42066420664207,4.059040590405904,62.36162361623616
E00149586,336,92,37,55,244,20,224,27.380952380952383,11.011904761904761,16.36904761904762,72.61904761904762,5.952380952380952,66.66666666666666
E00149587,282,97,53,44,185,19,166,34.39716312056738,18.79432624113475,15.602836879432624,65.60283687943263,6.73758865248227,58.86524822695035
E00149588,327,69,32,37,258,27,231,21.100917431192663,9.785932721712538,11.314984709480122,78.89908256880734,8.256880733944955,70.64220183486239
E00149589,337,86,47,39,251,20,231,25.519287833827892,13.94658753709199,11.572700296735905,74.4807121661721,5.934718100890208,68.5459940652819
E00149590,506,114,47,67,392,25,367,22.529644268774703,9.288537549407115,13.24110671936759,77.4703557312253,4.940711462450593,72.5296442687747
E00149591,306,80,38,42,226,15,211,26.143790849673206,12.418300653594772,13.725490196078432,73.8562091503268,4.901960784313726,68.95424836601308
E00149592,196,45,21,24,151,12,139,22.95918367346939,10.714285714285714,12.244897959183673,77.04081632653062,6.122448979591836,70.91836734693877
E00149593,279,57,30,27,222,12,210,20.43010752688172,10.75268817204301,9.67741935483871,79.56989247311827,4.301075268817205,75.26881720430107
E00149594,240,55,25,30,185,12,173,22.916666666666664,10.416666666666668,12.5,77.08333333333334,5,72.08333333333333
E00149595,300,92,51,41,208,11,197,30.666666666666664,17,13.666666666666666,69.33333333333334,3.6666666666666665,65.66666666666666
E00149596,276,73,31,42,203,27,176,26.44927536231884,11.231884057971014,15.217391304347828,73.55072463768117,9.782608695652174,63.76811594202898
E00149597,302,82,37,45,220,17,203,27.1523178807947,12.251655629139073,14.90066225165563,72.84768211920529,5.629139072847682,67.21854304635761
E00149598,290,62,28,34,228,19,209,21.379310344827587,9.655172413793103,11.724137931034482,78.62068965517241,6.551724137931035,72.06896551724138
E00149599,371,87,40,47,284,23,261,23.450134770889488,10.781671159029651,12.668463611859837,76.54986522911051,6.199460916442049,70.35040431266847
E00149600,256,57,28,29,199,22,177,22.265625,10.9375,11.328125,77.734375,8.59375,69.140625
E00149601,233,59,23,36,174,23,151,25.321888412017167,9.871244635193133,15.450643776824036,74.67811158798283,9.871244635193133,64.8068669527897
E00149602,240,86,40,46,154,14,140,35.833333333333336,16.666666666666664,19.166666666666668,64.16666666666667,5.833333333333333,58.333333333333336
E00149603,350,76,24,52,274,27,247,21.714285714285715,6.857142857142858,14.857142857142858,78.28571428571428,7.7142857142857135,70.57142857142857
E00149604,248,62,34,28,186,16,170,25,13.709677419354838,11.29032258064516,75,6.451612903225806,68.54838709677419
E00149605,268,60,28,32,208,23,185,22.388059701492537,10.44776119402985,11.940298507462686,77.61194029850746,8.582089552238806,69.02985074626866
E00149606,306,71,23,48,235,15,220,23.202614379084967,7.516339869281046,15.686274509803921,76.79738562091504,4.901960784313726,71.89542483660131
E00149607,307,68,30,38,239,23,216,22.149837133550488,9.77198697068404,12.37785016286645,77.85016286644951,7.491856677524431,70.35830618892508
E00149608,253,45,19,26,208,25,183,17.786561264822133,7.5098814229249005,10.276679841897234,82.21343873517787,9.881422924901186,72.33201581027669
E00149609,326,84,36,48,242,13,229,25.766871165644172,11.042944785276074,14.723926380368098,74.23312883435584,3.9877300613496933,70.24539877300614
E00149610,261,62,25,37,199,19,180,23.754789272030653,9.578544061302683,14.17624521072797,76.24521072796935,7.2796934865900385,68.96551724137932
E00149611,302,80,34,46,222,19,203,26.490066225165563,11.258278145695364,15.2317880794702,73.50993377483444,6.291390728476822,67.21854304635761
E00149612,277,62,32,30,215,17,198,22.382671480144403,11.552346570397113,10.830324909747292,77.6173285198556,6.137184115523466,71.48014440433214
E00149613,452,103,45,58,349,43,306,22.787610619469024,9.955752212389381,12.831858407079647,77.21238938053098,9.513274336283185,67.69911504424779
E00149614,243,61,26,35,182,24,158,25.102880658436217,10.699588477366255,14.40329218106996,74.8971193415638,9.876543209876543,65.02057613168725
E00149615,325,80,36,44,245,22,223,24.615384615384617,11.076923076923077,13.538461538461538,75.38461538461539,6.769230769230769,68.61538461538461
E00149616,334,56,19,37,278,13,265,16.766467065868262,5.688622754491018,11.077844311377245,83.23353293413174,3.8922155688622757,79.34131736526946
E00149617,314,57,24,33,257,17,240,18.152866242038215,7.643312101910828,10.509554140127388,81.84713375796179,5.414012738853503,76.43312101910828
E00149619,415,91,38,53,324,30,294,21.927710843373493,9.156626506024097,12.771084337349398,78.07228915662651,7.228915662650602,70.8433734939759
E00149620,338,50,18,32,288,28,260,14.792899408284024,5.325443786982249,9.467455621301776,85.20710059171599,8.284023668639055,76.92307692307693
E00149621,293,75,36,39,218,17,201,25.597269624573375,12.286689419795222,13.310580204778159,74.40273037542661,5.802047781569966,68.60068259385666
E00149622,268,52,22,30,216,17,199,19.402985074626866,8.208955223880597,11.194029850746269,80.59701492537313,6.343283582089552,74.25373134328358
E00149623,484,90,41,49,394,40,354,18.59504132231405,8.47107438016529,10.12396694214876,81.40495867768594,8.264462809917356,73.14049586776859
E00149624,344,80,35,45,264,21,243,23.25581395348837,10.174418604651162,13.08139534883721,76.74418604651163,6.104651162790697,70.63953488372093
E00149625,279,52,20,32,227,19,208,18.63799283154122,7.168458781362006,11.469534050179211,81.36200716845879,6.810035842293908,74.55197132616487
E00149626,146,59,29,30,87,5,82,40.41095890410959,19.863013698630137,20.54794520547945,59.589041095890416,3.4246575342465753,56.16438356164384
E00149627,303,86,32,54,217,16,201,28.38283828382838,10.561056105610561,17.82178217821782,71.61716171617162,5.2805280528052805,66.33663366336634
E00149628,295,40,14,26,255,35,220,13.559322033898304,4.745762711864407,8.813559322033898,86.4406779661017,11.864406779661017,74.57627118644068
E00149629,325,65,29,36,260,27,233,20,8.923076923076923,11.076923076923077,80,8.307692307692308,71.6923076923077
E00149630,429,75,32,43,354,30,324,17.482517482517483,7.459207459207459,10.023310023310025,82.51748251748252,6.993006993006993,75.52447552447552
E00149631,293,63,26,37,230,20,210,21.501706484641637,8.873720136518772,12.627986348122866,78.49829351535837,6.825938566552901,71.67235494880546
E00149632,288,70,32,38,218,18,200,24.305555555555554,11.11111111111111,13.194444444444445,75.69444444444444,6.25,69.44444444444444
E00149633,279,62,25,37,217,17,200,22.22222222222222,8.960573476702509,13.261648745519713,77.77777777777779,6.093189964157706,71.68458781362007
E00149634,288,67,25,42,221,24,197,23.26388888888889,8.680555555555555,14.583333333333334,76.73611111111111,8.333333333333332,68.40277777777779
E00149635,286,58,24,34,228,26,202,20.27972027972028,8.391608391608392,11.888111888111888,79.72027972027972,9.090909090909092,70.62937062937063
E00149636,385,116,54,62,269,32,237,30.129870129870127,14.025974025974024,16.103896103896105,69.87012987012987,8.311688311688311,61.55844155844156
E00149637,378,86,52,34,292,28,264,22.75132275132275,13.756613756613756,8.994708994708994,77.24867724867724,7.4074074074074066,69.84126984126983
E00149638,283,51,21,30,232,13,219,18.021201413427562,7.420494699646643,10.60070671378092,81.97879858657244,4.593639575971731,77.3851590106007
E00149639,279,74,27,47,205,20,185,26.523297491039425,9.67741935483871,16.845878136200717,73.47670250896059,7.168458781362006,66.30824372759857
E00149640,278,44,22,22,234,16,218,15.827338129496402,7.913669064748201,7.913669064748201,84.17266187050359,5.755395683453238,78.41726618705036
E00149641,278,36,12,24,242,16,226,12.949640287769784,4.316546762589928,8.633093525179856,87.05035971223022,5.755395683453238,81.29496402877699
E00149642,291,44,15,29,247,19,228,15.120274914089347,5.154639175257731,9.965635738831615,84.87972508591065,6.529209621993128,78.35051546391753
E00149643,232,45,14,31,187,19,168,19.396551724137932,6.0344827586206895,13.36206896551724,80.60344827586206,8.189655172413794,72.41379310344827
E00149644,328,55,16,39,273,23,250,16.76829268292683,4.878048780487805,11.890243902439025,83.23170731707317,7.01219512195122,76.21951219512195
E00149645,336,57,20,37,279,23,256,16.964285714285715,5.952380952380952,11.011904761904761,83.03571428571429,6.845238095238096,76.19047619047619
E00149646,299,48,13,35,251,20,231,16.05351170568562,4.3478260869565215,11.705685618729097,83.94648829431438,6.688963210702341,77.25752508361204
E00149647,263,51,23,28,212,19,193,19.39163498098859,8.745247148288973,10.646387832699618,80.6083650190114,7.224334600760455,73.38403041825094
E00149648,277,41,17,24,236,24,212,14.801444043321299,6.137184115523466,8.664259927797833,85.1985559566787,8.664259927797833,76.53429602888086
E00149649,310,78,41,37,232,28,204,25.161290322580644,13.225806451612904,11.935483870967742,74.83870967741936,9.032258064516128,65.80645161290323
E00149650,277,45,16,29,232,29,203,16.24548736462094,5.776173285198556,10.469314079422382,83.75451263537906,10.469314079422382,73.28519855595668
E00149651,275,41,17,24,234,22,212,14.909090909090908,6.181818181818182,8.727272727272728,85.0909090909091,8,77.0909090909091
E00149652,280,77,36,41,203,15,188,27.500000000000004,12.857142857142856,14.642857142857144,72.5,5.357142857142857,67.14285714285714
E00149653,336,56,21,35,280,36,244,16.666666666666664,6.25,10.416666666666668,83.33333333333334,10.714285714285714,72.61904761904762
E00149654,317,69,33,36,248,30,218,21.766561514195583,10.410094637223976,11.35646687697161,78.23343848580441,9.46372239747634,68.76971608832808
E00149655,309,82,46,36,227,21,206,26.537216828478964,14.886731391585762,11.650485436893204,73.46278317152104,6.796116504854369,66.66666666666666
E00149656,540,65,23,42,475,47,428,12.037037037037036,4.2592592592592595,7.777777777777778,87.96296296296296,8.703703703703704,79.25925925925927
E00149657,297,54,22,32,243,19,224,18.181818181818183,7.4074074074074066,10.774410774410773,81.81818181818183,6.397306397306397,75.42087542087542
E00149658,359,88,43,45,271,22,249,24.512534818941504,11.977715877437326,12.534818941504177,75.4874651810585,6.128133704735376,69.35933147632312
E00149659,379,97,45,52,282,23,259,25.593667546174142,11.87335092348285,13.720316622691293,74.40633245382587,6.068601583113456,68.33773087071239
E00149660,310,65,21,44,245,23,222,20.967741935483872,6.774193548387098,14.193548387096774,79.03225806451613,7.419354838709677,71.61290322580646
E00149661,311,49,11,38,262,33,229,15.755627009646304,3.536977491961415,12.218649517684888,84.2443729903537,10.610932475884244,73.63344051446946
E00149662,294,50,21,29,244,26,218,17.006802721088434,7.142857142857142,9.863945578231291,82.99319727891157,8.843537414965986,74.14965986394559
E00149663,260,51,20,31,209,21,188,19.615384615384617,7.6923076923076925,11.923076923076923,80.38461538461539,8.076923076923077,72.3076923076923
E00149665,303,107,76,31,196,22,174,35.31353135313531,25.082508250825082,10.231023102310232,64.68646864686468,7.2607260726072615,57.42574257425742
E00149667,302,66,37,29,236,18,218,21.85430463576159,12.251655629139073,9.602649006622517,78.1456953642384,5.960264900662252,72.18543046357617
E00149668,333,60,32,28,273,24,249,18.01801801801802,9.60960960960961,8.408408408408409,81.98198198198197,7.207207207207207,74.77477477477478
E00149669,313,56,18,38,257,26,231,17.89137380191693,5.7507987220447285,12.140575079872203,82.10862619808307,8.30670926517572,73.80191693290735
E00149670,319,57,31,26,262,24,238,17.86833855799373,9.717868338557993,8.150470219435736,82.13166144200626,7.523510971786834,74.60815047021944
E00149671,338,60,25,35,278,23,255,17.75147928994083,7.396449704142012,10.355029585798817,82.24852071005917,6.8047337278106506,75.44378698224851
E00149672,233,67,25,42,166,11,155,28.75536480686695,10.72961373390558,18.025751072961373,71.24463519313305,4.721030042918455,66.52360515021459
E00149674,306,70,37,33,236,19,217,22.875816993464053,12.091503267973856,10.784313725490197,77.12418300653596,6.209150326797386,70.91503267973856
E00149675,337,47,18,29,290,23,267,13.94658753709199,5.341246290801187,8.605341246290802,86.05341246290801,6.824925816023739,79.22848664688428
E00149676,345,44,18,26,301,26,275,12.753623188405797,5.217391304347826,7.536231884057972,87.2463768115942,7.536231884057972,79.71014492753623
E00149677,353,50,14,36,303,35,268,14.164305949008499,3.9660056657223794,10.198300283286118,85.8356940509915,9.91501416430595,75.92067988668555
E00149679,353,40,14,26,313,33,280,11.3314447592068,3.9660056657223794,7.365439093484419,88.6685552407932,9.34844192634561,79.3201133144476
E00149680,334,43,25,18,291,27,264,12.874251497005988,7.48502994011976,5.389221556886228,87.12574850299401,8.08383233532934,79.04191616766467
E00149681,274,19,6,13,255,26,229,6.934306569343065,2.18978102189781,4.744525547445255,93.06569343065694,9.48905109489051,83.57664233576642
E00149682,284,37,9,28,247,24,223,13.028169014084506,3.169014084507042,9.859154929577464,86.97183098591549,8.450704225352112,78.52112676056338
E00149683,406,35,9,26,371,32,339,8.620689655172415,2.2167487684729066,6.403940886699508,91.37931034482759,7.8817733990147785,83.49753694581281
E00149684,474,105,61,44,369,28,341,22.151898734177212,12.869198312236287,9.282700421940929,77.84810126582279,5.9071729957805905,71.94092827004219
E00149685,300,53,17,36,247,12,235,17.666666666666668,5.666666666666666,12,82.33333333333334,4,78.33333333333333
E00149686,278,47,18,29,231,23,208,16.906474820143885,6.474820143884892,10.431654676258994,83.09352517985612,8.273381294964029,74.82014388489209
E00149687,330,42,11,31,288,27,261,12.727272727272727,3.3333333333333335,9.393939393939393,87.27272727272727,8.181818181818182,79.0909090909091
E00149688,358,37,13,24,321,32,289,10.335195530726256,3.6312849162011176,6.70391061452514,89.66480446927375,8.938547486033519,80.72625698324022
E00149689,356,78,42,36,278,29,249,21.910112359550563,11.797752808988763,10.112359550561797,78.08988764044943,8.146067415730338,69.9438202247191
E00149690,326,45,16,29,281,16,265,13.803680981595093,4.9079754601226995,8.895705521472392,86.1963190184049,4.9079754601226995,81.28834355828221
E00149691,284,41,13,28,243,23,220,14.43661971830986,4.577464788732395,9.859154929577464,85.56338028169014,8.098591549295776,77.46478873239437
E00149692,340,41,15,26,299,24,275,12.058823529411764,4.411764705882353,7.647058823529412,87.94117647058823,7.0588235294117645,80.88235294117648
E00149694,343,37,12,25,306,43,263,10.787172011661808,3.498542274052478,7.288629737609329,89.21282798833819,12.536443148688047,76.67638483965014
E00149695,312,90,36,54,222,21,201,28.846153846153843,11.538461538461538,17.307692307692307,71.15384615384616,6.730769230769231,64.42307692307693
E00149696,343,76,41,35,267,24,243,22.157434402332363,11.9533527696793,10.204081632653061,77.84256559766763,6.997084548104956,70.8454810495627
E00149697,346,65,30,35,281,19,262,18.786127167630056,8.670520231213873,10.115606936416185,81.21387283236994,5.491329479768786,75.72254335260115
E00149698,410,91,41,50,319,23,296,22.195121951219512,10,12.195121951219512,77.8048780487805,5.609756097560976,72.1951219512195
E00149699,371,63,26,37,308,32,276,16.9811320754717,7.008086253369273,9.973045822102426,83.01886792452831,8.62533692722372,74.39353099730458
E00149700,322,42,11,31,280,29,251,13.043478260869565,3.4161490683229814,9.627329192546584,86.95652173913044,9.006211180124224,77.95031055900621
E00149701,233,90,46,44,143,11,132,38.62660944206009,19.742489270386265,18.88412017167382,61.37339055793991,4.721030042918455,56.65236051502146
E00149702,313,32,7,25,281,18,263,10.223642172523961,2.2364217252396164,7.987220447284344,89.77635782747603,5.7507987220447285,84.02555910543131
E00149703,329,31,8,23,298,21,277,9.422492401215806,2.43161094224924,6.990881458966565,90.5775075987842,6.382978723404255,84.19452887537993
E00149704,255,41,16,25,214,24,190,16.07843137254902,6.2745098039215685,9.803921568627452,83.92156862745098,9.411764705882353,74.50980392156863
E00149705,281,37,10,27,244,33,211,13.167259786476867,3.558718861209965,9.608540925266903,86.83274021352312,11.743772241992882,75.08896797153025
E00149706,250,73,38,35,177,10,167,29.2,15.2,14.000000000000002,70.8,4,66.8
E00149707,271,45,18,27,226,29,197,16.605166051660518,6.642066420664207,9.96309963099631,83.39483394833948,10.70110701107011,72.69372693726937
E00149708,266,61,18,43,205,15,190,22.932330827067666,6.7669172932330826,16.165413533834585,77.06766917293233,5.639097744360902,71.42857142857143
E00149709,358,92,55,37,266,21,245,25.69832402234637,15.363128491620111,10.335195530726256,74.30167597765363,5.865921787709497,68.43575418994413
E00149710,294,68,27,41,226,16,210,23.12925170068027,9.183673469387756,13.945578231292515,76.87074829931973,5.442176870748299,71.42857142857143
E00149711,270,89,55,34,181,17,164,32.96296296296296,20.37037037037037,12.592592592592592,67.03703703703704,6.296296296296296,60.74074074074074
E00149712,341,60,28,32,281,19,262,17.595307917888565,8.211143695014663,9.3841642228739,82.40469208211144,5.571847507331378,76.83284457478005
E00149713,257,34,7,27,223,27,196,13.229571984435799,2.7237354085603114,10.505836575875486,86.7704280155642,10.505836575875486,76.26459143968872
E00149714,253,61,26,35,192,18,174,24.110671936758894,10.276679841897234,13.83399209486166,75.8893280632411,7.114624505928854,68.77470355731225
E00149715,253,92,47,45,161,12,149,36.36363636363637,18.57707509881423,17.786561264822133,63.63636363636363,4.743083003952568,58.89328063241107
E00149716,242,86,41,45,156,13,143,35.53719008264463,16.94214876033058,18.59504132231405,64.46280991735537,5.371900826446281,59.09090909090909
E00149719,338,55,22,33,283,30,253,16.272189349112427,6.508875739644971,9.763313609467456,83.72781065088756,8.875739644970414,74.85207100591717
E00149722,299,42,15,27,257,24,233,14.046822742474916,5.016722408026756,9.03010033444816,85.95317725752508,8.02675585284281,77.92642140468227
E00149723,299,75,30,45,224,23,201,25.08361204013378,10.033444816053512,15.050167224080269,74.91638795986621,7.6923076923076925,67.22408026755853
E00149724,301,38,15,23,263,22,241,12.624584717607974,4.983388704318937,7.641196013289036,87.37541528239203,7.308970099667775,80.06644518272425
E00149725,465,58,22,36,407,39,368,12.473118279569892,4.731182795698925,7.741935483870968,87.52688172043011,8.38709677419355,79.13978494623656
E00149726,280,54,20,34,226,26,200,19.28571428571429,7.142857142857142,12.142857142857142,80.71428571428572,9.285714285714286,71.42857142857143
E00149727,357,68,38,30,289,26,263,19.047619047619047,10.644257703081232,8.403361344537815,80.95238095238095,7.282913165266107,73.66946778711485
E00149728,261,66,39,27,195,20,175,25.287356321839084,14.942528735632186,10.344827586206897,74.71264367816092,7.662835249042145,67.04980842911877
E00149729,362,71,31,40,291,25,266,19.613259668508288,8.56353591160221,11.049723756906078,80.38674033149171,6.906077348066299,73.48066298342542
E00149730,287,50,24,26,237,16,221,17.421602787456447,8.362369337979095,9.059233449477352,82.57839721254355,5.574912891986063,77.00348432055749
E00149731,328,56,23,33,272,35,237,17.073170731707318,7.01219512195122,10.060975609756099,82.92682926829268,10.670731707317072,72.2560975609756
E00149732,252,81,50,31,171,14,157,32.142857142857146,19.841269841269842,12.3015873015873,67.85714285714286,5.555555555555555,62.301587301587304
E00149733,243,72,43,29,171,9,162,29.629629629629626,17.695473251028808,11.934156378600823,70.37037037037037,3.7037037037037033,66.66666666666666
E00149734,238,66,43,23,172,14,158,27.73109243697479,18.067226890756302,9.663865546218489,72.26890756302521,5.88235294117647,66.38655462184873
E00149735,265,45,18,27,220,19,201,16.9811320754717,6.7924528301886795,10.18867924528302,83.01886792452831,7.169811320754717,75.84905660377359
E00149737,187,62,30,32,125,13,112,33.155080213903744,16.042780748663102,17.11229946524064,66.84491978609626,6.951871657754011,59.893048128342244
E00149738,328,55,24,31,273,33,240,16.76829268292683,7.317073170731707,9.451219512195122,83.23170731707317,10.060975609756099,73.17073170731707
E00149739,208,53,22,31,155,17,138,25.48076923076923,10.576923076923077,14.903846153846153,74.51923076923077,8.173076923076923,66.34615384615384
E00149740,318,70,29,41,248,16,232,22.0125786163522,9.119496855345911,12.89308176100629,77.9874213836478,5.031446540880504,72.95597484276729
E00149741,293,52,15,37,241,26,215,17.747440273037544,5.1194539249146755,12.627986348122866,82.25255972696246,8.873720136518772,73.37883959044369
E00149742,255,69,30,39,186,19,167,27.058823529411764,11.76470588235294,15.294117647058824,72.94117647058823,7.450980392156863,65.49019607843137
E00149743,292,89,32,57,203,26,177,30.47945205479452,10.95890410958904,19.52054794520548,69.52054794520548,8.904109589041095,60.61643835616438
E00149744,297,72,33,39,225,17,208,24.242424242424242,11.11111111111111,13.131313131313133,75.75757575757575,5.723905723905724,70.03367003367003
E00149745,257,47,13,34,210,21,189,18.28793774319066,5.058365758754864,13.229571984435799,81.71206225680933,8.171206225680933,73.54085603112841
E00149746,370,71,28,43,299,27,272,19.18918918918919,7.567567567567568,11.621621621621623,80.8108108108108,7.297297297297297,73.51351351351352
E00149747,222,38,14,24,184,6,178,17.117117117117118,6.306306306306306,10.81081081081081,82.88288288288288,2.7027027027027026,80.18018018018019
E00149748,214,88,57,31,126,4,122,41.1214953271028,26.635514018691588,14.485981308411214,58.87850467289719,1.8691588785046727,57.009345794392516
E00149749,300,75,29,46,225,18,207,25,9.666666666666666,15.333333333333332,75,6,69
E00149750,356,56,23,33,300,23,277,15.730337078651685,6.460674157303371,9.269662921348315,84.26966292134831,6.460674157303371,77.80898876404494
E00149751,369,62,28,34,307,26,281,16.802168021680217,7.588075880758807,9.214092140921409,83.19783197831978,7.046070460704606,76.15176151761518
E00149752,315,53,21,32,262,30,232,16.825396825396826,6.666666666666667,10.158730158730158,83.17460317460318,9.523809523809524,73.65079365079366
E00149753,292,66,25,41,226,20,206,22.602739726027394,8.561643835616438,14.04109589041096,77.3972602739726,6.8493150684931505,70.54794520547945
E00149754,476,56,23,33,420,35,385,11.76470588235294,4.831932773109244,6.932773109243698,88.23529411764706,7.352941176470589,80.88235294117648
E00149755,271,70,26,44,201,18,183,25.830258302583026,9.59409594095941,16.236162361623617,74.16974169741697,6.642066420664207,67.52767527675276
E00149756,449,54,22,32,395,28,367,12.026726057906458,4.8997772828507795,7.126948775055679,87.97327394209354,6.23608017817372,81.73719376391982
E00149757,224,37,10,27,187,22,165,16.517857142857142,4.464285714285714,12.053571428571429,83.48214285714286,9.821428571428571,73.66071428571429
E00149758,346,63,23,40,283,26,257,18.20809248554913,6.6473988439306355,11.560693641618498,81.79190751445087,7.514450867052023,74.27745664739885
E00149759,387,69,45,24,318,31,287,17.829457364341085,11.627906976744185,6.2015503875969,82.17054263565892,8.010335917312661,74.16020671834626
E00149760,333,48,20,28,285,31,254,14.414414414414415,6.006006006006006,8.408408408408409,85.58558558558559,9.30930930930931,76.27627627627628
E00149761,607,72,23,49,535,49,486,11.86161449752883,3.789126853377265,8.072487644151565,88.13838550247117,8.072487644151565,80.0658978583196
E00149762,356,82,39,43,274,25,249,23.03370786516854,10.955056179775282,12.07865168539326,76.96629213483146,7.02247191011236,69.9438202247191
E00149763,156,51,31,20,105,14,91,32.69230769230769,19.871794871794872,12.82051282051282,67.3076923076923,8.974358974358974,58.333333333333336
E00149764,269,62,28,34,207,15,192,23.04832713754647,10.408921933085502,12.639405204460965,76.95167286245353,5.5762081784386615,71.37546468401487
E00149765,299,59,19,40,240,20,220,19.732441471571907,6.354515050167224,13.377926421404682,80.2675585284281,6.688963210702341,73.57859531772574
E00149766,268,54,16,38,214,23,191,20.149253731343283,5.970149253731343,14.17910447761194,79.8507462686567,8.582089552238806,71.26865671641791
E00149767,333,57,23,34,276,20,256,17.117117117117118,6.906906906906906,10.21021021021021,82.88288288288288,6.006006006006006,76.87687687687688
E00149768,309,59,24,35,250,23,227,19.093851132686083,7.766990291262135,11.326860841423949,80.90614886731392,7.443365695792881,73.46278317152104
E00149769,344,72,35,37,272,16,256,20.930232558139537,10.174418604651162,10.755813953488373,79.06976744186046,4.651162790697675,74.4186046511628
E00149771,307,50,19,31,257,19,238,16.286644951140065,6.188925081433225,10.097719869706841,83.71335504885994,6.188925081433225,77.52442996742671
E00149772,319,46,21,25,273,30,243,14.420062695924765,6.583072100313479,7.836990595611286,85.57993730407524,9.404388714733543,76.17554858934169
E00149773,244,63,27,36,181,15,166,25.81967213114754,11.065573770491802,14.754098360655737,74.18032786885246,6.147540983606557,68.0327868852459
E00149774,326,82,40,42,244,25,219,25.153374233128833,12.269938650306749,12.883435582822086,74.84662576687117,7.668711656441718,67.17791411042946
E00149775,417,78,32,46,339,31,308,18.705035971223023,7.673860911270983,11.031175059952037,81.29496402877699,7.434052757793765,73.86091127098321
E00149776,290,68,37,31,222,25,197,23.448275862068964,12.758620689655173,10.689655172413794,76.55172413793103,8.620689655172415,67.93103448275862
E00149777,271,51,18,33,220,24,196,18.81918819188192,6.642066420664207,12.177121771217712,81.18081180811808,8.856088560885608,72.32472324723247
E00149778,256,75,35,40,181,19,162,29.296875,13.671875,15.625,70.703125,7.421875,63.28125
E00149779,348,45,17,28,303,27,276,12.931034482758621,4.885057471264368,8.045977011494253,87.06896551724138,7.758620689655173,79.3103448275862
E00149780,319,74,40,34,245,25,220,23.197492163009404,12.539184952978054,10.658307210031348,76.8025078369906,7.836990595611286,68.96551724137932
E00149781,183,80,47,33,103,11,92,43.71584699453552,25.683060109289617,18.0327868852459,56.284153005464475,6.0109289617486334,50.27322404371585
E00149782,328,75,39,36,253,24,229,22.865853658536587,11.890243902439025,10.975609756097562,77.13414634146342,7.317073170731707,69.8170731707317
E00149783,278,41,12,29,237,20,217,14.748201438848922,4.316546762589928,10.431654676258994,85.25179856115108,7.1942446043165464,78.05755395683454
E00149785,257,56,27,29,201,17,184,21.78988326848249,10.505836575875486,11.284046692607005,78.21011673151752,6.614785992217899,71.59533073929961
E00149786,404,96,38,58,308,24,284,23.762376237623762,9.405940594059405,14.356435643564355,76.23762376237624,5.9405940594059405,70.29702970297029
E00149788,372,87,34,53,285,19,266,23.387096774193548,9.13978494623656,14.24731182795699,76.61290322580645,5.10752688172043,71.50537634408603
E00149789,266,51,15,36,215,17,198,19.172932330827066,5.639097744360902,13.533834586466165,80.82706766917293,6.390977443609022,74.43609022556392
E00149790,295,40,11,29,255,25,230,13.559322033898304,3.728813559322034,9.830508474576272,86.4406779661017,8.47457627118644,77.96610169491525
E00149792,350,65,29,36,285,16,269,18.571428571428573,8.285714285714285,10.285714285714285,81.42857142857143,4.571428571428571,76.85714285714286
E00149793,293,56,20,36,237,23,214,19.112627986348123,6.825938566552901,12.286689419795222,80.88737201365188,7.849829351535837,73.03754266211604
E00149794,296,66,33,33,230,24,206,22.2972972972973,11.14864864864865,11.14864864864865,77.7027027027027,8.108108108108109,69.5945945945946
E00149795,313,56,20,36,257,29,228,17.89137380191693,6.3897763578274756,11.501597444089457,82.10862619808307,9.26517571884984,72.84345047923323
E00149796,294,65,38,27,229,23,206,22.108843537414966,12.925170068027212,9.183673469387756,77.89115646258503,7.8231292517006805,70.06802721088435
E00149797,357,81,32,49,276,32,244,22.689075630252102,8.96358543417367,13.725490196078432,77.31092436974791,8.96358543417367,68.34733893557423
E00149798,332,40,10,30,292,20,272,12.048192771084338,3.0120481927710845,9.036144578313253,87.95180722891565,6.024096385542169,81.92771084337349
E00149799,259,65,29,36,194,17,177,25.096525096525095,11.196911196911197,13.8996138996139,74.9034749034749,6.563706563706563,68.33976833976834
E00149801,379,65,24,41,314,34,280,17.150395778364118,6.33245382585752,10.817941952506596,82.84960422163589,8.970976253298153,73.87862796833772
E00149802,366,50,17,33,316,38,278,13.661202185792352,4.644808743169399,9.01639344262295,86.33879781420765,10.382513661202186,75.95628415300546
E00149803,140,36,15,21,104,13,91,25.71428571428571,10.714285714285714,15,74.28571428571429,9.285714285714286,65
E00149804,516,91,37,54,425,44,381,17.635658914728683,7.170542635658915,10.465116279069768,82.36434108527132,8.527131782945736,73.83720930232558
E00149805,336,66,28,38,270,21,249,19.642857142857142,8.333333333333332,11.30952380952381,80.35714285714286,6.25,74.10714285714286
E00149806,468,113,53,60,355,28,327,24.145299145299145,11.324786324786325,12.82051282051282,75.85470085470085,5.982905982905983,69.87179487179486
E00149807,214,55,27,28,159,19,140,25.70093457943925,12.616822429906541,13.084112149532709,74.29906542056075,8.878504672897195,65.42056074766354
E00149808,267,62,23,39,205,20,185,23.220973782771537,8.614232209737828,14.606741573033707,76.77902621722846,7.490636704119851,69.28838951310861
E00149809,296,55,28,27,241,23,218,18.58108108108108,9.45945945945946,9.121621621621621,81.41891891891892,7.77027027027027,73.64864864864865
E00149810,246,54,24,30,192,11,181,21.951219512195124,9.75609756097561,12.195121951219512,78.04878048780488,4.471544715447155,73.57723577235772
E00149811,289,77,41,36,212,20,192,26.643598615916954,14.186851211072666,12.45674740484429,73.35640138408304,6.920415224913495,66.43598615916954
E00149812,369,101,55,46,268,30,238,27.371273712737125,14.905149051490515,12.466124661246612,72.62872628726286,8.130081300813007,64.49864498644986
E00149813,261,61,29,32,200,17,183,23.371647509578544,11.11111111111111,12.260536398467432,76.62835249042146,6.513409961685824,70.11494252873564
E00149814,252,43,19,24,209,23,186,17.063492063492063,7.5396825396825395,9.523809523809524,82.93650793650794,9.126984126984127,73.80952380952381
E00149815,245,76,37,39,169,20,149,31.020408163265305,15.10204081632653,15.918367346938775,68.9795918367347,8.16326530612245,60.816326530612244
E00149816,282,57,31,26,225,20,205,20.212765957446805,10.99290780141844,9.219858156028367,79.7872340425532,7.092198581560284,72.69503546099291
E00149817,278,62,33,29,216,20,196,22.302158273381295,11.870503597122301,10.431654676258994,77.6978417266187,7.1942446043165464,70.50359712230215
E00149818,316,75,24,51,241,14,227,23.734177215189874,7.59493670886076,16.139240506329113,76.26582278481013,4.430379746835443,71.83544303797468
E00149819,327,53,21,32,274,24,250,16.207951070336392,6.422018348623854,9.785932721712538,83.79204892966361,7.339449541284404,76.45259938837921
E00149820,209,71,38,33,138,14,124,33.97129186602871,18.181818181818183,15.789473684210526,66.02870813397129,6.698564593301436,59.33014354066985
E00149821,308,74,40,34,234,27,207,24.025974025974026,12.987012987012985,11.03896103896104,75.97402597402598,8.766233766233766,67.20779220779221
E00149822,563,77,29,48,486,47,439,13.676731793960922,5.1509769094138544,8.52575488454707,86.32326820603907,8.348134991119005,77.97513321492006
E00149823,330,49,19,30,281,30,251,14.84848484848485,5.757575757575758,9.090909090909092,85.15151515151516,9.090909090909092,76.06060606060606
E00149824,346,63,28,35,283,20,263,18.20809248554913,8.092485549132949,10.115606936416185,81.79190751445087,5.780346820809249,76.01156069364163
E00171422,325,70,39,31,255,24,231,21.53846153846154,12,9.538461538461538,78.46153846153847,7.384615384615385,71.07692307692308
E00171424,374,36,14,22,338,29,309,9.62566844919786,3.7433155080213902,5.88235294117647,90.37433155080214,7.754010695187167,82.62032085561498
E00171425,350,31,11,20,319,21,298,8.857142857142856,3.1428571428571432,5.714285714285714,91.14285714285715,6,85.14285714285714
E00171427,339,50,21,29,289,31,258,14.749262536873156,6.1946902654867255,8.55457227138643,85.25073746312685,9.144542772861357,76.10619469026548
E00171428,330,87,43,44,243,28,215,26.36363636363636,13.030303030303031,13.333333333333334,73.63636363636363,8.484848484848486,65.15151515151516
E00171430,379,31,7,24,348,26,322,8.179419525065963,1.8469656992084433,6.33245382585752,91.82058047493403,6.860158311345646,84.96042216358839
E00171432,382,49,22,27,333,30,303,12.827225130890053,5.7591623036649215,7.068062827225131,87.17277486910994,7.853403141361256,79.31937172774869
E00171433,411,57,23,34,354,34,320,13.86861313868613,5.59610705596107,8.27250608272506,86.13138686131386,8.27250608272506,77.85888077858881
E00171435,279,48,21,27,231,18,213,17.20430107526882,7.526881720430108,9.67741935483871,82.79569892473118,6.451612903225806,76.34408602150538
E00171436,256,59,24,35,197,12,185,23.046875,9.375,13.671875,76.953125,4.6875,72.265625
E00171438,322,73,28,45,249,25,224,22.67080745341615,8.695652173913043,13.975155279503104,77.32919254658384,7.763975155279502,69.56521739130434
E00171439,358,93,42,51,265,23,242,25.977653631284912,11.731843575418994,14.24581005586592,74.02234636871509,6.424581005586592,67.59776536312849
E00171441,311,39,10,29,272,23,249,12.540192926045016,3.215434083601286,9.32475884244373,87.45980707395499,7.395498392282958,80.06430868167203
E00171442,354,40,18,22,314,30,284,11.299435028248588,5.084745762711865,6.214689265536723,88.70056497175142,8.47457627118644,80.22598870056498
E00171444,290,31,14,17,259,25,234,10.689655172413794,4.827586206896552,5.862068965517241,89.3103448275862,8.620689655172415,80.6896551724138
E00171446,256,43,17,26,213,21,192,16.796875,6.640625,10.15625,83.203125,8.203125,75
E00171447,243,27,8,19,216,27,189,11.11111111111111,3.292181069958848,7.818930041152264,88.88888888888889,11.11111111111111,77.77777777777779
E00174271,257,59,29,30,198,20,178,22.957198443579767,11.284046692607005,11.673151750972762,77.04280155642024,7.782101167315175,69.26070038910505
E00174272,345,30,8,22,315,37,278,8.695652173913043,2.318840579710145,6.3768115942028984,91.30434782608695,10.72463768115942,80.57971014492755
E00180652,396,96,52,44,300,30,270,24.242424242424242,13.131313131313133,11.11111111111111,75.75757575757575,7.575757575757576,68.18181818181817
E00180662,110,8,2,6,102,5,97,7.2727272727272725,1.8181818181818181,5.454545454545454,92.72727272727272,4.545454545454546,88.18181818181819
E00180685,609,66,24,42,543,40,503,10.83743842364532,3.9408866995073892,6.896551724137931,89.16256157635468,6.568144499178982,82.59441707717569
E00180693,147,9,4,5,138,9,129,6.122448979591836,2.7210884353741496,3.4013605442176873,93.87755102040816,6.122448979591836,87.75510204081633
E00180698,137,14,3,11,123,8,115,10.218978102189782,2.18978102189781,8.02919708029197,89.78102189781022,5.839416058394161,83.94160583941606
E00180702,512,42,10,32,470,37,433,8.203125,1.953125,6.25,91.796875,7.2265625,84.5703125
E00180703,324,58,25,33,266,14,252,17.901234567901234,7.716049382716049,10.185185185185185,82.09876543209876,4.320987654320987,77.77777777777779
E00180709,205,21,9,12,184,11,173,10.24390243902439,4.390243902439024,5.853658536585367,89.75609756097562,5.365853658536586,84.39024390243902
E00180711,153,34,9,25,119,6,113,22.22222222222222,5.88235294117647,16.33986928104575,77.77777777777779,3.9215686274509802,73.8562091503268
E00180712,170,24,6,18,146,9,137,14.117647058823529,3.5294117647058822,10.588235294117647,85.88235294117646,5.294117647058823,80.58823529411765
E00180716,326,79,30,49,247,17,230,24.233128834355828,9.202453987730062,15.030674846625766,75.76687116564416,5.214723926380368,70.5521472392638
E00180744,276,26,4,22,250,19,231,9.420289855072465,1.4492753623188406,7.971014492753622,90.57971014492753,6.884057971014493,83.69565217391305
E00180748,435,44,9,35,391,32,359,10.114942528735632,2.0689655172413794,8.045977011494253,89.88505747126436,7.35632183908046,82.5287356321839
E00180750,591,65,21,44,526,45,481,10.998307952622675,3.5532994923857872,7.4450084602368864,89.00169204737732,7.614213197969544,81.38747884940778
E00180754,213,88,54,34,125,15,110,41.31455399061033,25.352112676056336,15.96244131455399,58.68544600938967,7.042253521126761,51.64319248826291
E00180755,391,29,8,21,362,27,335,7.41687979539642,2.0460358056265986,5.3708439897698215,92.58312020460357,6.905370843989769,85.6777493606138
E00180756,275,51,32,19,224,22,202,18.545454545454547,11.636363636363637,6.909090909090909,81.45454545454545,8,73.45454545454545
E00180760,238,41,18,23,197,13,184,17.22689075630252,7.563025210084033,9.663865546218489,82.77310924369748,5.46218487394958,77.31092436974791
E00180762,301,57,26,31,244,24,220,18.93687707641196,8.637873754152823,10.299003322259136,81.06312292358804,7.973421926910299,73.08970099667775
E00180764,400,29,4,25,371,20,351,7.249999999999999,1,6.25,92.75,5,87.75
E00180765,478,51,19,32,427,34,393,10.669456066945607,3.9748953974895396,6.694560669456067,89.3305439330544,7.112970711297072,82.21757322175732
