OA,ts0590001,ts0590002,ts0590003,ts0590004,ts0590005,ts0590006,ts0590007,ts0590002_PCT,ts0590003_PCT,ts0590004_PCT,ts0590005_PCT,ts0590006_PCT,ts0590007_PCT
E00002310,207,46,14,32,161,142,19,22.22222222222222,6.763285024154589,15.458937198067632,77.77777777777779,68.59903381642512,9.178743961352657
E00002311,171,47,22,25,124,117,7,27.485380116959064,12.865497076023392,14.619883040935672,72.51461988304094,68.42105263157895,4.093567251461988
E00002312,225,48,22,26,177,159,18,21.333333333333336,9.777777777777779,11.555555555555555,78.66666666666666,70.66666666666667,8
E00002314,262,64,29,35,198,184,14,24.427480916030532,11.068702290076336,13.358778625954198,75.57251908396947,70.22900763358778,5.343511450381679
E00002316,257,76,29,47,181,176,5,29.571984435797667,11.284046692607005,18.28793774319066,70.42801556420234,68.48249027237354,1.9455252918287937
E00002319,198,48,23,25,150,136,14,24.242424242424242,11.616161616161616,12.626262626262626,75.75757575757575,68.68686868686868,7.07070707070707
E00002321,221,44,14,30,177,157,20,19.90950226244344,6.334841628959276,13.574660633484163,80.09049773755656,71.04072398190046,9.049773755656108
E00002323,205,59,19,40,146,129,17,28.780487804878046,9.268292682926829,19.51219512195122,71.21951219512195,62.926829268292686,8.292682926829269
E00002324,247,55,23,32,192,173,19,22.267206477732792,9.31174089068826,12.955465587044534,77.7327935222672,70.04048582995951,7.6923076923076925
E00002325,236,61,25,36,175,165,10,25.847457627118644,10.59322033898305,15.254237288135593,74.15254237288136,69.91525423728814,4.23728813559322
E00002326,144,42,20,22,102,90,12,29.166666666666668,13.88888888888889,15.277777777777779,70.83333333333334,62.5,8.333333333333332
E00002327,142,40,7,33,102,90,12,28.169014084507044,4.929577464788732,23.239436619718308,71.83098591549296,63.38028169014085,8.450704225352112
E00002328,201,61,18,43,140,128,12,30.34825870646766,8.955223880597014,21.393034825870647,69.65174129353234,63.681592039801,5.970149253731343
E00002329,277,74,31,43,203,181,22,26.714801444043324,11.191335740072201,15.523465703971121,73.28519855595668,65.34296028880865,7.9422382671480145
E00002330,173,60,17,43,113,101,12,34.68208092485549,9.826589595375722,24.85549132947977,65.3179190751445,58.38150289017341,6.9364161849710975
E00002331,223,51,18,33,172,165,7,22.869955156950674,8.071748878923767,14.798206278026907,77.13004484304933,73.99103139013454,3.1390134529147984
E00002333,266,87,24,63,179,165,14,32.70676691729324,9.022556390977442,23.684210526315788,67.29323308270678,62.03007518796993,5.263157894736842
E00002334,230,73,34,39,157,139,18,31.73913043478261,14.782608695652174,16.956521739130434,68.26086956521739,60.43478260869565,7.82608695652174
E00002336,261,57,15,42,204,183,21,21.839080459770116,5.747126436781609,16.091954022988507,78.16091954022988,70.11494252873564,8.045977011494253
E00002337,204,61,27,34,143,129,14,29.901960784313726,13.23529411764706,16.666666666666664,70.09803921568627,63.23529411764706,6.862745098039216
E00002339,197,50,13,37,147,135,12,25.380710659898476,6.598984771573605,18.781725888324875,74.61928934010153,68.52791878172589,6.091370558375635
E00002340,247,53,15,38,194,168,26,21.45748987854251,6.0728744939271255,15.384615384615385,78.54251012145748,68.0161943319838,10.526315789473683
E00002341,213,66,20,46,147,132,15,30.985915492957744,9.389671361502346,21.5962441314554,69.01408450704226,61.97183098591549,7.042253521126761
E00002343,244,65,27,38,179,154,25,26.639344262295083,11.065573770491802,15.573770491803279,73.36065573770492,63.114754098360656,10.245901639344263
E00002345,143,47,22,25,96,82,14,32.86713286713287,15.384615384615385,17.482517482517483,67.13286713286713,57.34265734265735,9.79020979020979
E00002346,162,54,18,36,108,84,24,33.33333333333333,11.11111111111111,22.22222222222222,66.66666666666666,51.85185185185185,14.814814814814813
E00002347,195,59,16,43,136,111,25,30.256410256410255,8.205128205128204,22.05128205128205,69.74358974358974,56.92307692307692,12.82051282051282
E00002348,204,70,32,38,134,103,31,34.31372549019608,15.686274509803921,18.627450980392158,65.68627450980392,50.49019607843137,15.196078431372548
E00002349,117,44,11,33,73,62,11,37.60683760683761,9.401709401709402,28.205128205128204,62.39316239316239,52.991452991452995,9.401709401709402
E00002350,92,33,16,17,59,43,16,35.869565217391305,17.391304347826086,18.478260869565215,64.13043478260869,46.73913043478261,17.391304347826086
E00002351,212,64,29,35,148,122,26,30.18867924528302,13.679245283018867,16.50943396226415,69.81132075471697,57.54716981132076,12.264150943396226
E00002352,170,61,25,36,109,90,19,35.88235294117647,14.705882352941178,21.176470588235293,64.11764705882354,52.94117647058824,11.176470588235295
E00002353,92,23,10,13,69,64,5,25,10.869565217391305,14.130434782608695,75,69.56521739130434,5.434782608695652
E00002354,158,66,23,43,92,74,18,41.77215189873418,14.556962025316455,27.21518987341772,58.22784810126582,46.835443037974684,11.39240506329114
E00002355,154,58,29,29,96,74,22,37.66233766233766,18.83116883116883,18.83116883116883,62.33766233766234,48.05194805194805,14.285714285714285
E00002356,174,54,27,27,120,91,29,31.03448275862069,15.517241379310345,15.517241379310345,68.96551724137932,52.29885057471264,16.666666666666664
E00002357,174,56,30,26,118,100,18,32.18390804597701,17.24137931034483,14.942528735632186,67.81609195402298,57.47126436781609,10.344827586206897
E00002358,160,68,26,42,92,81,11,42.5,16.25,26.25,57.49999999999999,50.625,6.875000000000001
E00002359,192,56,24,32,136,113,23,29.166666666666668,12.5,16.666666666666664,70.83333333333334,58.854166666666664,11.979166666666668
E00002360,119,49,15,34,70,65,5,41.17647058823529,12.605042016806722,28.57142857142857,58.82352941176471,54.621848739495796,4.201680672268908
E00002361,187,51,26,25,136,107,29,27.27272727272727,13.903743315508022,13.368983957219251,72.72727272727273,57.21925133689839,15.508021390374333
E00002362,198,45,17,28,153,117,36,22.727272727272727,8.585858585858585,14.14141414141414,77.27272727272727,59.09090909090909,18.181818181818183
E00002363,193,53,19,34,140,114,26,27.461139896373055,9.844559585492227,17.616580310880828,72.53886010362694,59.067357512953365,13.471502590673575
E00002364,269,92,36,56,177,153,24,34.20074349442379,13.382899628252787,20.817843866171003,65.79925650557621,56.877323420074354,8.921933085501859
E00002365,191,59,20,39,132,107,25,30.89005235602094,10.471204188481675,20.418848167539267,69.10994764397905,56.02094240837696,13.089005235602095
E00002366,217,56,23,33,161,129,32,25.806451612903224,10.599078341013826,15.207373271889402,74.19354838709677,59.44700460829493,14.746543778801843
E00002367,267,81,39,42,186,146,40,30.337078651685395,14.606741573033707,15.730337078651685,69.66292134831461,54.68164794007491,14.981273408239701
E00002368,173,65,27,38,108,96,12,37.57225433526011,15.606936416184972,21.965317919075144,62.42774566473989,55.49132947976878,6.9364161849710975
E00002369,209,81,30,51,128,111,17,38.75598086124402,14.354066985645932,24.401913875598087,61.24401913875598,53.110047846889955,8.133971291866029
E00002370,242,84,33,51,158,138,20,34.710743801652896,13.636363636363635,21.074380165289256,65.28925619834712,57.02479338842975,8.264462809917356
E00002372,194,56,24,32,138,125,13,28.865979381443296,12.371134020618557,16.49484536082474,71.1340206185567,64.43298969072166,6.701030927835052
E00002373,154,55,22,33,99,88,11,35.714285714285715,14.285714285714285,21.428571428571427,64.28571428571429,57.14285714285714,7.142857142857142
E00002374,176,66,24,42,110,94,16,37.5,13.636363636363635,23.863636363636363,62.5,53.40909090909091,9.090909090909092
E00002375,107,43,18,25,64,61,3,40.18691588785047,16.822429906542055,23.364485981308412,59.813084112149525,57.009345794392516,2.803738317757009
E00002376,131,44,16,28,87,76,11,33.587786259541986,12.213740458015266,21.374045801526716,66.41221374045801,58.01526717557252,8.396946564885496
E00002377,196,78,29,49,118,93,25,39.795918367346935,14.795918367346939,25,60.204081632653065,47.44897959183674,12.755102040816327
E00002378,226,97,33,64,129,113,16,42.92035398230089,14.601769911504425,28.31858407079646,57.07964601769911,50,7.079646017699115
E00002379,249,86,36,50,163,148,15,34.53815261044177,14.457831325301203,20.080321285140563,65.46184738955823,59.43775100401606,6.024096385542169
E00002380,188,58,22,36,130,105,25,30.851063829787233,11.702127659574469,19.148936170212767,69.14893617021278,55.85106382978723,13.297872340425531
E00002381,172,49,17,32,123,110,13,28.488372093023255,9.883720930232558,18.6046511627907,71.51162790697676,63.95348837209303,7.55813953488372
E00002382,175,57,22,35,118,100,18,32.57142857142858,12.571428571428573,20,67.42857142857143,57.14285714285714,10.285714285714285
E00002383,163,40,8,32,123,98,25,24.539877300613497,4.9079754601226995,19.631901840490798,75.4601226993865,60.122699386503065,15.337423312883436
E00002385,152,49,19,30,103,80,23,32.23684210526316,12.5,19.736842105263158,67.76315789473685,52.63157894736842,15.131578947368421
E00002386,171,30,12,18,141,109,32,17.543859649122805,7.017543859649122,10.526315789473683,82.45614035087719,63.74269005847953,18.71345029239766
E00002387,339,109,33,76,230,181,49,32.15339233038348,9.734513274336283,22.418879056047196,67.84660766961652,53.392330383480825,14.454277286135694
E00002388,214,43,20,23,171,134,37,20.093457943925234,9.345794392523365,10.74766355140187,79.90654205607477,62.616822429906534,17.289719626168225
E00002389,158,58,27,31,100,71,29,36.708860759493675,17.088607594936708,19.62025316455696,63.29113924050633,44.936708860759495,18.354430379746837
E00002390,120,37,16,21,83,69,14,30.833333333333336,13.333333333333334,17.5,69.16666666666667,57.49999999999999,11.666666666666666
E00002391,143,38,22,16,105,80,25,26.573426573426573,15.384615384615385,11.188811188811188,73.42657342657343,55.94405594405595,17.482517482517483
E00002392,253,57,21,36,196,164,32,22.529644268774703,8.300395256916996,14.229249011857709,77.4703557312253,64.82213438735178,12.648221343873518
E00002393,310,72,21,51,238,199,39,23.225806451612904,6.774193548387098,16.451612903225808,76.77419354838709,64.19354838709678,12.580645161290322
E00002394,238,89,42,47,149,115,34,37.39495798319328,17.647058823529413,19.747899159663866,62.60504201680672,48.319327731092436,14.285714285714285
E00002395,185,71,35,36,114,89,25,38.37837837837838,18.91891891891892,19.45945945945946,61.62162162162163,48.10810810810811,13.513513513513514
E00002396,132,37,17,20,95,69,26,28.030303030303028,12.878787878787879,15.151515151515152,71.96969696969697,52.27272727272727,19.696969696969695
E00002397,137,58,23,35,79,65,14,42.33576642335766,16.78832116788321,25.547445255474454,57.66423357664233,47.44525547445255,10.218978102189782
E00002398,206,56,20,36,150,109,41,27.184466019417474,9.70873786407767,17.475728155339805,72.81553398058253,52.9126213592233,19.902912621359224
E00002399,182,45,15,30,137,117,20,24.725274725274726,8.241758241758241,16.483516483516482,75.27472527472527,64.28571428571429,10.989010989010989
E00002400,164,45,17,28,119,101,18,27.439024390243905,10.365853658536585,17.073170731707318,72.5609756097561,61.58536585365854,10.975609756097562
E00002401,171,50,16,34,121,83,38,29.239766081871345,9.35672514619883,19.883040935672515,70.76023391812866,48.53801169590643,22.22222222222222
E00002402,163,57,25,32,106,90,16,34.96932515337423,15.337423312883436,19.631901840490798,65.03067484662577,55.21472392638037,9.815950920245399
E00002403,186,58,26,32,128,111,17,31.182795698924732,13.978494623655912,17.20430107526882,68.81720430107528,59.67741935483871,9.13978494623656
E00002404,134,48,18,30,86,66,20,35.82089552238806,13.432835820895523,22.388059701492537,64.17910447761194,49.25373134328358,14.925373134328357
E00002405,155,38,13,25,117,88,29,24.516129032258064,8.38709677419355,16.129032258064516,75.48387096774194,56.774193548387096,18.70967741935484
E00002406,201,48,27,21,153,114,39,23.88059701492537,13.432835820895523,10.44776119402985,76.11940298507463,56.71641791044776,19.402985074626866
E00002407,155,36,13,23,119,100,19,23.225806451612904,8.38709677419355,14.838709677419354,76.77419354838709,64.51612903225806,12.258064516129032
E00002408,93,27,10,17,66,52,14,29.03225806451613,10.75268817204301,18.27956989247312,70.96774193548387,55.91397849462365,15.053763440860216
E00002409,119,35,13,22,84,73,11,29.411764705882355,10.92436974789916,18.487394957983195,70.58823529411765,61.34453781512605,9.243697478991598
E00002410,113,37,9,28,76,65,11,32.743362831858406,7.964601769911504,24.778761061946902,67.2566371681416,57.52212389380531,9.734513274336283
E00002411,151,47,22,25,104,83,21,31.125827814569533,14.56953642384106,16.55629139072848,68.87417218543047,54.966887417218544,13.90728476821192
E00002412,100,23,7,16,77,61,16,23,7.000000000000001,16,77,61,16
E00002413,235,55,19,36,180,137,43,23.404255319148938,8.085106382978724,15.319148936170212,76.59574468085107,58.29787234042553,18.29787234042553
E00002414,130,38,11,27,92,74,18,29.230769230769234,8.461538461538462,20.76923076923077,70.76923076923077,56.92307692307692,13.846153846153847
E00002415,112,28,7,21,84,62,22,25,6.25,18.75,75,55.35714285714286,19.642857142857142
E00002416,192,48,20,28,144,111,33,25,10.416666666666668,14.583333333333334,75,57.8125,17.1875
E00002417,95,31,13,18,64,44,20,32.631578947368425,13.684210526315791,18.947368421052634,67.36842105263158,46.31578947368421,21.052631578947366
E00002418,151,58,15,43,93,79,14,38.41059602649007,9.933774834437086,28.47682119205298,61.58940397350994,52.317880794701985,9.271523178807946
E00002419,188,67,31,36,121,91,30,35.638297872340424,16.48936170212766,19.148936170212767,64.36170212765957,48.40425531914894,15.957446808510639
E00002420,152,25,15,10,127,109,18,16.447368421052634,9.868421052631579,6.578947368421052,83.55263157894737,71.71052631578947,11.842105263157894
E00002421,183,51,15,36,132,101,31,27.86885245901639,8.19672131147541,19.672131147540984,72.1311475409836,55.19125683060109,16.939890710382514
E00002422,167,47,15,32,120,107,13,28.143712574850298,8.982035928143713,19.16167664670659,71.8562874251497,64.07185628742515,7.784431137724551
E00002423,201,66,16,50,135,124,11,32.83582089552239,7.960199004975125,24.875621890547265,67.16417910447761,61.69154228855721,5.472636815920398
E00002424,241,119,42,77,122,93,29,49.37759336099585,17.42738589211618,31.950207468879665,50.62240663900415,38.589211618257266,12.033195020746888
E00002426,156,64,23,41,92,85,7,41.02564102564102,14.743589743589745,26.282051282051285,58.97435897435898,54.48717948717948,4.487179487179487
E00002427,173,74,29,45,99,84,15,42.77456647398844,16.76300578034682,26.011560693641616,57.22543352601156,48.554913294797686,8.670520231213873
E00002428,167,82,35,47,85,67,18,49.101796407185624,20.958083832335326,28.143712574850298,50.898203592814376,40.119760479041915,10.778443113772456
E00002429,150,53,17,36,97,92,5,35.333333333333336,11.333333333333332,24,64.66666666666666,61.33333333333333,3.3333333333333335
E00002430,125,44,13,31,81,69,12,35.199999999999996,10.4,24.8,64.8,55.2,9.6
E00002431,156,44,11,33,112,91,21,28.205128205128204,7.051282051282051,21.153846153846153,71.7948717948718,58.333333333333336,13.461538461538462
E00002432,158,74,34,40,84,78,6,46.835443037974684,21.518987341772153,25.31645569620253,53.16455696202531,49.36708860759494,3.79746835443038
E00002433,201,66,27,39,135,120,15,32.83582089552239,13.432835820895523,19.402985074626866,67.16417910447761,59.70149253731343,7.462686567164178
E00002434,159,57,13,44,102,87,15,35.84905660377358,8.176100628930817,27.67295597484277,64.15094339622641,54.71698113207547,9.433962264150944
E00002435,127,58,17,41,69,59,10,45.66929133858268,13.385826771653544,32.28346456692913,54.330708661417326,46.45669291338583,7.874015748031496
E00002436,157,56,19,37,101,87,14,35.6687898089172,12.101910828025478,23.56687898089172,64.3312101910828,55.4140127388535,8.9171974522293
E00002437,158,57,16,41,101,87,14,36.075949367088604,10.126582278481013,25.949367088607595,63.92405063291139,55.06329113924051,8.860759493670885
E00002438,168,49,20,29,119,107,12,29.166666666666668,11.904761904761903,17.261904761904763,70.83333333333334,63.69047619047619,7.142857142857142
E00002439,170,69,25,44,101,89,12,40.588235294117645,14.705882352941178,25.882352941176475,59.411764705882355,52.352941176470594,7.0588235294117645
E00002440,119,61,13,48,58,51,7,51.26050420168067,10.92436974789916,40.33613445378151,48.739495798319325,42.857142857142854,5.88235294117647
E00002441,134,64,28,36,70,61,9,47.76119402985074,20.8955223880597,26.865671641791046,52.23880597014925,45.52238805970149,6.7164179104477615
E00002442,147,42,13,29,105,92,13,28.57142857142857,8.843537414965986,19.727891156462583,71.42857142857143,62.585034013605444,8.843537414965986
E00002444,139,57,13,44,82,71,11,41.007194244604314,9.352517985611511,31.654676258992804,58.992805755395686,51.07913669064749,7.913669064748201
E00002445,138,48,19,29,90,71,19,34.78260869565217,13.768115942028986,21.014492753623188,65.21739130434783,51.449275362318836,13.768115942028986
E00002446,162,58,25,33,104,95,9,35.80246913580247,15.432098765432098,20.37037037037037,64.19753086419753,58.64197530864198,5.555555555555555
E00002448,140,43,16,27,97,80,17,30.714285714285715,11.428571428571429,19.28571428571429,69.28571428571428,57.14285714285714,12.142857142857142
E00002449,115,43,12,31,72,64,8,37.391304347826086,10.434782608695652,26.956521739130434,62.60869565217392,55.65217391304348,6.956521739130435
E00002450,125,63,26,37,62,55,7,50.4,20.8,29.599999999999998,49.6,44,5.6000000000000005
E00002451,264,82,39,43,182,147,35,31.060606060606062,14.772727272727273,16.28787878787879,68.93939393939394,55.68181818181818,13.257575757575758
E00002452,193,87,20,67,106,89,17,45.07772020725388,10.362694300518134,34.715025906735754,54.92227979274611,46.1139896373057,8.808290155440414
E00002453,198,53,19,34,145,117,28,26.767676767676768,9.595959595959595,17.17171717171717,73.23232323232324,59.09090909090909,14.14141414141414
E00002454,157,60,25,35,97,80,17,38.21656050955414,15.92356687898089,22.29299363057325,61.78343949044586,50.955414012738856,10.828025477707007
E00002455,167,64,27,37,103,92,11,38.32335329341318,16.16766467065868,22.15568862275449,61.67664670658682,55.08982035928144,6.58682634730539
E00002456,127,50,19,31,77,66,11,39.37007874015748,14.960629921259844,24.409448818897637,60.629921259842526,51.96850393700787,8.661417322834646
E00002457,156,53,20,33,103,88,15,33.97435897435898,12.82051282051282,21.153846153846153,66.02564102564102,56.41025641025641,9.615384615384617
E00002458,178,44,13,31,134,115,19,24.719101123595504,7.303370786516854,17.415730337078653,75.28089887640449,64.60674157303372,10.674157303370785
E00002459,236,103,44,59,133,117,16,43.64406779661017,18.64406779661017,25,56.355932203389834,49.57627118644068,6.779661016949152
E00002460,202,87,48,39,115,92,23,43.06930693069307,23.762376237623762,19.306930693069308,56.930693069306926,45.54455445544555,11.386138613861387
E00002461,173,65,29,36,108,87,21,37.57225433526011,16.76300578034682,20.809248554913296,62.42774566473989,50.28901734104046,12.138728323699421
E00002462,138,46,15,31,92,75,17,33.33333333333333,10.869565217391305,22.463768115942027,66.66666666666666,54.347826086956516,12.318840579710146
E00002463,194,55,20,35,139,108,31,28.350515463917525,10.309278350515463,18.04123711340206,71.64948453608247,55.670103092783506,15.979381443298967
E00002464,184,60,28,32,124,99,25,32.608695652173914,15.217391304347828,17.391304347826086,67.3913043478261,53.80434782608695,13.586956521739129
E00002465,125,45,20,25,80,60,20,36,16,20,64,48,16
E00002466,173,42,19,23,131,103,28,24.277456647398843,10.982658959537572,13.294797687861271,75.72254335260115,59.53757225433526,16.184971098265898
E00002467,240,81,43,38,159,131,28,33.75,17.916666666666668,15.833333333333332,66.25,54.58333333333333,11.666666666666666
E00002468,158,62,16,46,96,83,13,39.24050632911392,10.126582278481013,29.11392405063291,60.75949367088608,52.53164556962025,8.227848101265822
E00002469,192,60,25,35,132,100,32,31.25,13.020833333333334,18.229166666666664,68.75,52.083333333333336,16.666666666666664
E00002470,127,41,16,25,86,72,14,32.28346456692913,12.598425196850393,19.68503937007874,67.71653543307087,56.69291338582677,11.023622047244094
E00002471,119,34,19,15,85,70,15,28.57142857142857,15.966386554621847,12.605042016806722,71.42857142857143,58.82352941176471,12.605042016806722
E00002472,156,39,21,18,117,91,26,25,13.461538461538462,11.538461538461538,75,58.333333333333336,16.666666666666664
E00002473,191,60,30,30,131,102,29,31.413612565445025,15.706806282722512,15.706806282722512,68.58638743455498,53.403141361256544,15.18324607329843
E00002474,229,64,39,25,165,111,54,27.947598253275107,17.03056768558952,10.91703056768559,72.0524017467249,48.47161572052402,23.580786026200872
E00002475,152,42,19,23,110,94,16,27.631578947368425,12.5,15.131578947368421,72.36842105263158,61.8421052631579,10.526315789473683
E00002476,249,91,30,61,158,134,24,36.54618473895582,12.048192771084338,24.497991967871485,63.45381526104418,53.81526104417671,9.63855421686747
E00002477,192,69,25,44,123,107,16,35.9375,13.020833333333334,22.916666666666664,64.0625,55.729166666666664,8.333333333333332
E00002478,157,44,19,25,113,92,21,28.02547770700637,12.101910828025478,15.92356687898089,71.97452229299363,58.59872611464968,13.375796178343949
E00002479,187,66,37,29,121,102,19,35.294117647058826,19.786096256684495,15.508021390374333,64.70588235294117,54.54545454545454,10.16042780748663
E00002480,237,79,27,52,158,138,20,33.33333333333333,11.39240506329114,21.940928270042196,66.66666666666666,58.22784810126582,8.438818565400844
E00002481,248,82,41,41,166,144,22,33.064516129032256,16.532258064516128,16.532258064516128,66.93548387096774,58.06451612903226,8.870967741935484
E00002482,84,33,12,21,51,42,9,39.285714285714285,14.285714285714285,25,60.71428571428571,50,10.714285714285714
E00002483,99,45,10,35,54,46,8,45.45454545454545,10.1010101010101,35.35353535353536,54.54545454545454,46.464646464646464,8.080808080808081
E00002484,222,71,29,42,151,134,17,31.98198198198198,13.063063063063062,18.91891891891892,68.01801801801803,60.36036036036037,7.657657657657657
E00002486,146,54,19,35,92,78,14,36.986301369863014,13.013698630136986,23.972602739726025,63.013698630136986,53.42465753424658,9.58904109589041
E00002487,164,64,23,41,100,88,12,39.02439024390244,14.02439024390244,25,60.97560975609756,53.65853658536586,7.317073170731707
E00002488,98,35,18,17,63,56,7,35.714285714285715,18.367346938775512,17.346938775510203,64.28571428571429,57.14285714285714,7.142857142857142
E00002489,129,46,15,31,83,73,10,35.65891472868217,11.627906976744185,24.031007751937985,64.34108527131784,56.58914728682171,7.751937984496124
E00002490,192,64,22,42,128,99,29,33.33333333333333,11.458333333333332,21.875,66.66666666666666,51.5625,15.104166666666666
E00002491,140,77,25,52,63,57,6,55.00000000000001,17.857142857142858,37.142857142857146,45,40.714285714285715,4.285714285714286
E00002492,178,67,23,44,111,99,12,37.640449438202246,12.921348314606742,24.719101123595504,62.35955056179775,55.61797752808989,6.741573033707865
E00002493,169,56,22,34,113,92,21,33.13609467455622,13.017751479289942,20.118343195266274,66.86390532544378,54.437869822485204,12.42603550295858
E00002494,199,72,24,48,127,101,26,36.18090452261307,12.060301507537687,24.120603015075375,63.81909547738693,50.753768844221106,13.06532663316583
E00002495,127,58,20,38,69,56,13,45.66929133858268,15.748031496062993,29.92125984251969,54.330708661417326,44.09448818897638,10.236220472440944
E00002496,203,64,25,39,139,117,22,31.527093596059114,12.31527093596059,19.21182266009852,68.4729064039409,57.635467980295566,10.83743842364532
E00002497,211,58,26,32,153,119,34,27.488151658767773,12.322274881516588,15.165876777251185,72.51184834123224,56.39810426540285,16.113744075829384
E00002498,211,73,27,46,138,105,33,34.59715639810427,12.796208530805686,21.80094786729858,65.40284360189574,49.763033175355446,15.639810426540285
E00002499,194,55,24,31,139,109,30,28.350515463917525,12.371134020618557,15.979381443298967,71.64948453608247,56.18556701030928,15.463917525773196
E00002500,152,46,14,32,106,83,23,30.263157894736842,9.210526315789473,21.052631578947366,69.73684210526315,54.60526315789473,15.131578947368421
E00002501,152,43,15,28,109,94,15,28.289473684210524,9.868421052631579,18.421052631578945,71.71052631578947,61.8421052631579,9.868421052631579
E00002502,228,78,34,44,150,120,30,34.21052631578947,14.912280701754385,19.298245614035086,65.78947368421053,52.63157894736842,13.157894736842104
E00002503,197,57,24,33,140,111,29,28.934010152284262,12.18274111675127,16.751269035532996,71.06598984771574,56.34517766497462,14.720812182741117
E00002504,184,48,18,30,136,115,21,26.08695652173913,9.782608695652174,16.304347826086957,73.91304347826086,62.5,11.41304347826087
E00002505,187,65,22,43,122,103,19,34.75935828877005,11.76470588235294,22.994652406417114,65.24064171122996,55.080213903743314,10.16042780748663
E00002506,153,35,13,22,118,99,19,22.875816993464053,8.49673202614379,14.37908496732026,77.12418300653596,64.70588235294117,12.418300653594772
E00002507,184,49,16,33,135,114,21,26.6304347826087,8.695652173913043,17.934782608695652,73.36956521739131,61.95652173913043,11.41304347826087
E00002508,164,47,15,32,117,108,9,28.65853658536585,9.146341463414634,19.51219512195122,71.34146341463415,65.85365853658537,5.487804878048781
E00002509,200,57,17,40,143,118,25,28.499999999999996,8.5,20,71.5,59,12.5
E00002510,189,66,24,42,123,101,22,34.92063492063492,12.698412698412698,22.22222222222222,65.07936507936508,53.43915343915344,11.64021164021164
E00002511,225,63,27,36,162,136,26,28.000000000000004,12,16,72,60.44444444444444,11.555555555555555
E00002512,161,59,17,42,102,82,20,36.64596273291926,10.559006211180124,26.08695652173913,63.35403726708074,50.931677018633536,12.422360248447205
E00002513,156,52,17,35,104,88,16,33.33333333333333,10.897435897435898,22.435897435897438,66.66666666666666,56.41025641025641,10.256410256410255
E00002514,182,53,16,37,129,106,23,29.120879120879124,8.791208791208792,20.32967032967033,70.87912087912088,58.24175824175825,12.637362637362637
E00002515,183,48,16,32,135,117,18,26.229508196721312,8.743169398907105,17.48633879781421,73.77049180327869,63.934426229508205,9.836065573770492
E00002516,208,75,28,47,133,101,32,36.05769230769231,13.461538461538462,22.596153846153847,63.942307692307686,48.55769230769231,15.384615384615385
E00002517,183,55,14,41,128,109,19,30.05464480874317,7.650273224043716,22.404371584699454,69.94535519125684,59.56284153005464,10.382513661202186
E00002518,205,57,23,34,148,130,18,27.80487804878049,11.219512195121952,16.585365853658537,72.1951219512195,63.41463414634146,8.780487804878048
E00002520,168,57,19,38,111,96,15,33.92857142857143,11.30952380952381,22.61904761904762,66.07142857142857,57.14285714285714,8.928571428571429
E00002521,191,60,22,38,131,114,17,31.413612565445025,11.518324607329843,19.895287958115183,68.58638743455498,59.68586387434554,8.900523560209423
E00002522,239,82,28,54,157,120,37,34.30962343096235,11.715481171548117,22.594142259414227,65.69037656903765,50.2092050209205,15.481171548117153
E00002523,200,68,30,38,132,106,26,34,15,19,66,53,13
E00002524,160,60,26,34,100,83,17,37.5,16.25,21.25,62.5,51.87500000000001,10.625
E00002526,232,78,35,43,154,121,33,33.62068965517241,15.086206896551724,18.53448275862069,66.37931034482759,52.1551724137931,14.224137931034484
E00002527,64,23,10,13,41,39,2,35.9375,15.625,20.3125,64.0625,60.9375,3.125
E00002528,161,66,26,40,95,81,14,40.993788819875775,16.149068322981368,24.84472049689441,59.006211180124225,50.31055900621118,8.695652173913043
E00002529,255,69,27,42,186,147,39,27.058823529411764,10.588235294117647,16.470588235294116,72.94117647058823,57.647058823529406,15.294117647058824
E00002530,185,77,26,51,108,93,15,41.62162162162162,14.054054054054054,27.56756756756757,58.37837837837838,50.27027027027027,8.108108108108109
E00002531,110,46,21,25,64,58,6,41.81818181818181,19.090909090909093,22.727272727272727,58.18181818181818,52.72727272727272,5.454545454545454
E00002533,157,69,27,42,88,81,7,43.94904458598726,17.197452229299362,26.751592356687897,56.05095541401274,51.59235668789809,4.45859872611465
E00002534,139,59,20,39,80,67,13,42.44604316546763,14.388489208633093,28.05755395683453,57.55395683453237,48.201438848920866,9.352517985611511
E00002535,136,51,17,34,85,83,2,37.5,12.5,25,62.5,61.029411764705884,1.4705882352941175
E00002536,249,62,20,42,187,153,34,24.899598393574294,8.032128514056225,16.867469879518072,75.1004016064257,61.44578313253012,13.654618473895583
E00002537,147,56,19,37,91,76,15,38.095238095238095,12.925170068027212,25.170068027210885,61.904761904761905,51.70068027210885,10.204081632653061
E00002538,215,107,38,69,108,100,8,49.76744186046512,17.674418604651162,32.093023255813954,50.23255813953489,46.51162790697674,3.7209302325581395
E00002540,147,54,18,36,93,74,19,36.734693877551024,12.244897959183673,24.489795918367346,63.26530612244898,50.34013605442177,12.925170068027212
E00002541,210,82,37,45,128,100,28,39.04761904761905,17.61904761904762,21.428571428571427,60.952380952380956,47.61904761904761,13.333333333333334
E00002542,233,87,21,66,146,121,25,37.33905579399141,9.012875536480687,28.32618025751073,62.66094420600859,51.931330472103,10.72961373390558
E00002544,144,49,17,32,95,80,15,34.02777777777778,11.805555555555555,22.22222222222222,65.97222222222221,55.55555555555556,10.416666666666668
E00002545,245,89,35,54,156,125,31,36.3265306122449,14.285714285714285,22.040816326530614,63.6734693877551,51.02040816326531,12.653061224489795
E00002546,178,88,39,49,90,77,13,49.43820224719101,21.910112359550563,27.52808988764045,50.56179775280899,43.258426966292134,7.303370786516854
E00002547,94,44,14,30,50,45,5,46.808510638297875,14.893617021276595,31.914893617021278,53.191489361702125,47.87234042553192,5.319148936170213
E00002548,119,48,21,27,71,60,11,40.33613445378151,17.647058823529413,22.689075630252102,59.66386554621849,50.42016806722689,9.243697478991598
E00002549,197,62,28,34,135,102,33,31.472081218274113,14.213197969543149,17.258883248730964,68.52791878172589,51.776649746192895,16.751269035532996
E00002550,162,62,14,48,100,87,13,38.2716049382716,8.641975308641975,29.629629629629626,61.72839506172839,53.70370370370371,8.024691358024691
E00002552,125,41,16,25,84,72,12,32.800000000000004,12.8,20,67.2,57.599999999999994,9.6
E00002553,133,62,28,34,71,62,9,46.616541353383454,21.052631578947366,25.563909774436087,53.383458646616546,46.616541353383454,6.7669172932330826
E00002554,148,56,21,35,92,80,12,37.83783783783784,14.18918918918919,23.64864864864865,62.16216216216216,54.054054054054056,8.108108108108109
E00002555,160,54,14,40,106,91,15,33.75,8.75,25,66.25,56.875,9.375
E00002556,286,84,22,62,202,172,30,29.37062937062937,7.6923076923076925,21.678321678321677,70.62937062937063,60.13986013986013,10.48951048951049
E00002559,162,62,28,34,100,85,15,38.2716049382716,17.28395061728395,20.98765432098765,61.72839506172839,52.46913580246913,9.25925925925926
E00002560,124,51,15,36,73,69,4,41.12903225806452,12.096774193548388,29.03225806451613,58.87096774193549,55.64516129032258,3.225806451612903
E00002561,173,66,32,34,107,88,19,38.15028901734104,18.497109826589593,19.653179190751445,61.849710982658955,50.86705202312138,10.982658959537572
E00002562,147,64,23,41,83,80,3,43.53741496598639,15.646258503401361,27.89115646258503,56.4625850340136,54.421768707483,2.0408163265306123
E00002563,97,53,19,34,44,44,0,54.63917525773196,19.587628865979383,35.051546391752574,45.36082474226804,45.36082474226804,0
E00002564,145,52,15,37,93,78,15,35.86206896551724,10.344827586206897,25.517241379310345,64.13793103448275,53.79310344827586,10.344827586206897
E00002565,136,49,13,36,87,70,17,36.029411764705884,9.558823529411764,26.47058823529412,63.970588235294116,51.470588235294116,12.5
E00002566,94,24,12,12,70,58,12,25.53191489361702,12.76595744680851,12.76595744680851,74.46808510638297,61.702127659574465,12.76595744680851
E00002567,246,80,28,52,166,119,47,32.52032520325203,11.38211382113821,21.138211382113823,67.47967479674797,48.3739837398374,19.10569105691057
E00002568,114,37,7,30,77,56,21,32.45614035087719,6.140350877192982,26.31578947368421,67.54385964912281,49.122807017543856,18.421052631578945
E00002569,152,55,18,37,97,80,17,36.18421052631579,11.842105263157894,24.342105263157894,63.81578947368421,52.63157894736842,11.18421052631579
E00002570,40,26,13,13,14,12,2,65,32.5,32.5,35,30,5
E00002571,172,31,13,18,141,93,48,18.023255813953487,7.55813953488372,10.465116279069768,81.97674418604652,54.06976744186046,27.906976744186046
E00002572,149,52,23,29,97,84,13,34.899328859060404,15.436241610738255,19.463087248322147,65.1006711409396,56.375838926174495,8.724832214765101
E00002573,202,51,20,31,151,114,37,25.247524752475247,9.900990099009901,15.346534653465346,74.75247524752476,56.43564356435643,18.316831683168317
E00002575,166,40,20,20,126,109,17,24.096385542168676,12.048192771084338,12.048192771084338,75.90361445783132,65.66265060240963,10.240963855421686
E00002576,160,42,15,27,118,89,29,26.25,9.375,16.875,73.75,55.625,18.125
E00002577,216,76,18,58,140,114,26,35.18518518518518,8.333333333333332,26.851851851851855,64.81481481481481,52.77777777777778,12.037037037037036
E00002578,181,59,22,37,122,100,22,32.59668508287293,12.154696132596685,20.441988950276244,67.40331491712708,55.24861878453039,12.154696132596685
E00002579,148,61,27,34,87,72,15,41.21621621621622,18.243243243243242,22.972972972972975,58.78378378378378,48.64864864864865,10.135135135135135
E00002580,227,90,30,60,137,114,23,39.647577092511014,13.215859030837004,26.431718061674008,60.352422907488986,50.22026431718062,10.13215859030837
E00002581,128,48,18,30,80,71,9,37.5,14.0625,23.4375,62.5,55.46875,7.03125
E00002582,178,57,25,32,121,100,21,32.02247191011236,14.04494382022472,17.97752808988764,67.97752808988764,56.17977528089888,11.797752808988763
E00002583,197,79,32,47,118,100,18,40.10152284263959,16.243654822335024,23.85786802030457,59.89847715736041,50.76142131979695,9.137055837563452
E00002584,156,42,16,26,114,84,30,26.923076923076923,10.256410256410255,16.666666666666664,73.07692307692307,53.84615384615385,19.230769230769234
E00002585,184,50,21,29,134,108,26,27.173913043478258,11.41304347826087,15.760869565217392,72.82608695652173,58.69565217391305,14.130434782608695
E00002586,226,67,20,47,159,139,20,29.646017699115045,8.849557522123893,20.79646017699115,70.35398230088495,61.504424778761056,8.849557522123893
E00002587,168,39,13,26,129,112,17,23.214285714285715,7.738095238095238,15.476190476190476,76.78571428571429,66.66666666666666,10.119047619047619
E00002588,177,70,27,43,107,89,18,39.548022598870055,15.254237288135593,24.293785310734464,60.451977401129945,50.282485875706215,10.16949152542373
E00002589,213,73,25,48,140,115,25,34.27230046948357,11.737089201877934,22.535211267605636,65.72769953051643,53.990610328638496,11.737089201877934
E00002591,230,63,27,36,167,136,31,27.391304347826086,11.73913043478261,15.65217391304348,72.60869565217392,59.130434782608695,13.478260869565217
E00002592,202,60,24,36,142,113,29,29.7029702970297,11.881188118811881,17.82178217821782,70.29702970297029,55.940594059405946,14.356435643564355
E00002593,207,63,25,38,144,116,28,30.434782608695656,12.077294685990339,18.357487922705314,69.56521739130434,56.038647342995176,13.526570048309178
E00002594,194,65,26,39,129,103,26,33.50515463917525,13.402061855670103,20.103092783505154,66.49484536082474,53.09278350515464,13.402061855670103
E00002595,216,67,25,42,149,128,21,31.01851851851852,11.574074074074074,19.444444444444446,68.98148148148148,59.25925925925925,9.722222222222223
E00002596,201,83,26,57,118,104,14,41.29353233830846,12.935323383084576,28.35820895522388,58.70646766169154,51.741293532338304,6.965174129353234
E00002597,175,61,28,33,114,90,24,34.85714285714286,16,18.857142857142858,65.14285714285715,51.42857142857142,13.714285714285715
E00002598,193,60,26,34,133,110,23,31.088082901554404,13.471502590673575,17.616580310880828,68.9119170984456,56.994818652849744,11.917098445595855
E00002599,165,31,11,20,134,105,29,18.787878787878785,6.666666666666667,12.121212121212121,81.21212121212122,63.63636363636363,17.575757575757574
E00002600,173,34,12,22,139,113,26,19.653179190751445,6.9364161849710975,12.716763005780345,80.34682080924856,65.3179190751445,15.028901734104046
E00002601,196,66,16,50,130,112,18,33.6734693877551,8.16326530612245,25.510204081632654,66.3265306122449,57.14285714285714,9.183673469387756
E00002602,211,51,19,32,160,130,30,24.170616113744074,9.004739336492891,15.165876777251185,75.82938388625593,61.61137440758294,14.218009478672986
E00002603,200,76,20,56,124,101,23,38,10,28.000000000000004,62,50.5,11.5
E00002604,202,68,30,38,134,109,25,33.663366336633665,14.85148514851485,18.81188118811881,66.33663366336634,53.960396039603964,12.376237623762377
E00002605,138,26,10,16,112,79,33,18.84057971014493,7.246376811594203,11.594202898550725,81.15942028985508,57.2463768115942,23.91304347826087
E00002606,134,31,12,19,103,78,25,23.134328358208954,8.955223880597014,14.17910447761194,76.86567164179104,58.2089552238806,18.65671641791045
E00002607,94,20,8,12,74,61,13,21.27659574468085,8.51063829787234,12.76595744680851,78.72340425531915,64.8936170212766,13.829787234042554
E00002608,210,62,22,40,148,124,24,29.523809523809526,10.476190476190476,19.047619047619047,70.47619047619048,59.04761904761905,11.428571428571429
E00002609,206,49,19,30,157,127,30,23.78640776699029,9.223300970873787,14.563106796116504,76.2135922330097,61.6504854368932,14.563106796116504
E00002610,232,60,18,42,172,148,24,25.862068965517242,7.758620689655173,18.103448275862068,74.13793103448276,63.793103448275865,10.344827586206897
E00002611,197,59,23,36,138,106,32,29.949238578680205,11.6751269035533,18.274111675126903,70.05076142131979,53.80710659898477,16.243654822335024
E00002612,192,62,15,47,130,106,24,32.29166666666667,7.8125,24.479166666666664,67.70833333333334,55.208333333333336,12.5
E00002613,190,67,32,35,123,100,23,35.26315789473684,16.842105263157894,18.421052631578945,64.73684210526316,52.63157894736842,12.105263157894736
E00002614,222,55,21,34,167,126,41,24.774774774774773,9.45945945945946,15.315315315315313,75.22522522522522,56.75675675675676,18.46846846846847
E00002615,150,44,18,26,106,80,26,29.333333333333332,12,17.333333333333336,70.66666666666667,53.333333333333336,17.333333333333336
E00002616,159,50,18,32,109,82,27,31.446540880503143,11.320754716981133,20.125786163522015,68.55345911949685,51.57232704402516,16.9811320754717
E00002617,177,52,22,30,125,108,17,29.37853107344633,12.429378531073446,16.94915254237288,70.62146892655367,61.016949152542374,9.6045197740113
E00002618,114,32,13,19,82,63,19,28.07017543859649,11.403508771929824,16.666666666666664,71.9298245614035,55.26315789473685,16.666666666666664
E00002619,168,52,19,33,116,81,35,30.952380952380953,11.30952380952381,19.642857142857142,69.04761904761905,48.214285714285715,20.833333333333336
E00002620,201,64,27,37,137,104,33,31.8407960199005,13.432835820895523,18.407960199004975,68.1592039800995,51.741293532338304,16.417910447761194
E00002621,162,49,20,29,113,85,28,30.246913580246915,12.345679012345679,17.901234567901234,69.75308641975309,52.46913580246913,17.28395061728395
E00002622,179,54,21,33,125,107,18,30.16759776536313,11.731843575418994,18.435754189944134,69.83240223463687,59.77653631284916,10.05586592178771
E00002623,241,58,23,35,183,151,32,24.066390041493776,9.54356846473029,14.522821576763487,75.93360995850622,62.655601659751035,13.278008298755188
E00002624,146,47,12,35,99,79,20,32.19178082191781,8.21917808219178,23.972602739726025,67.8082191780822,54.109589041095894,13.698630136986301
E00002625,119,33,15,18,86,67,19,27.73109243697479,12.605042016806722,15.126050420168067,72.26890756302521,56.30252100840336,15.966386554621847
E00002626,177,55,21,34,122,95,27,31.07344632768362,11.864406779661017,19.2090395480226,68.92655367231639,53.672316384180796,15.254237288135593
E00002627,194,59,30,29,135,116,19,30.412371134020617,15.463917525773196,14.948453608247423,69.58762886597938,59.79381443298969,9.793814432989691
E00002628,358,85,28,57,273,229,44,23.743016759776538,7.82122905027933,15.921787709497206,76.25698324022346,63.96648044692738,12.290502793296088
E00002629,283,75,25,50,208,180,28,26.501766784452297,8.8339222614841,17.6678445229682,73.4982332155477,63.60424028268551,9.89399293286219
E00002630,179,44,21,23,135,114,21,24.581005586592177,11.731843575418994,12.849162011173185,75.41899441340783,63.687150837988824,11.731843575418994
E00002631,220,74,29,45,146,109,37,33.63636363636363,13.18181818181818,20.454545454545457,66.36363636363637,49.54545454545455,16.818181818181817
E00002632,183,44,16,28,139,117,22,24.043715846994534,8.743169398907105,15.300546448087433,75.95628415300546,63.934426229508205,12.021857923497267
E00002633,196,48,18,30,148,135,13,24.489795918367346,9.183673469387756,15.306122448979592,75.51020408163265,68.87755102040816,6.63265306122449
E00002634,167,35,17,18,132,116,16,20.958083832335326,10.179640718562874,10.778443113772456,79.04191616766467,69.46107784431138,9.580838323353294
E00002635,241,57,17,40,184,159,25,23.651452282157674,7.053941908713693,16.59751037344398,76.34854771784232,65.97510373443983,10.37344398340249
E00002636,177,57,23,34,120,104,16,32.20338983050847,12.994350282485875,19.2090395480226,67.79661016949152,58.75706214689266,9.03954802259887
E00002637,153,51,17,34,102,92,10,33.33333333333333,11.11111111111111,22.22222222222222,66.66666666666666,60.130718954248366,6.535947712418301
E00002638,203,62,22,40,141,120,21,30.541871921182267,10.83743842364532,19.704433497536947,69.45812807881774,59.11330049261084,10.344827586206897
E00002639,206,49,12,37,157,131,26,23.78640776699029,5.825242718446602,17.96116504854369,76.2135922330097,63.59223300970874,12.62135922330097
E00002640,104,21,9,12,83,68,15,20.192307692307693,8.653846153846153,11.538461538461538,79.8076923076923,65.38461538461539,14.423076923076922
E00002641,240,54,25,29,186,142,44,22.5,10.416666666666668,12.083333333333334,77.5,59.166666666666664,18.333333333333332
E00002642,174,78,27,51,96,88,8,44.827586206896555,15.517241379310345,29.310344827586203,55.172413793103445,50.57471264367817,4.597701149425287
E00002643,153,32,17,15,121,97,24,20.915032679738562,11.11111111111111,9.803921568627452,79.08496732026144,63.39869281045751,15.686274509803921
E00002644,125,36,11,25,89,70,19,28.799999999999997,8.799999999999999,20,71.2,56.00000000000001,15.2
E00002645,145,26,12,14,119,85,34,17.93103448275862,8.275862068965518,9.655172413793103,82.06896551724138,58.620689655172406,23.448275862068964
E00002646,84,28,13,15,56,49,7,33.33333333333333,15.476190476190476,17.857142857142858,66.66666666666666,58.333333333333336,8.333333333333332
E00002647,164,34,12,22,130,90,40,20.73170731707317,7.317073170731707,13.414634146341465,79.26829268292683,54.87804878048781,24.390243902439025
E00002648,150,38,14,24,112,97,15,25.333333333333336,9.333333333333334,16,74.66666666666667,64.66666666666666,10
E00002649,261,39,16,23,222,188,34,14.942528735632186,6.130268199233716,8.812260536398467,85.0574712643678,72.03065134099617,13.026819923371647
E00002650,121,45,19,26,76,67,9,37.1900826446281,15.702479338842975,21.487603305785125,62.8099173553719,55.371900826446286,7.43801652892562
E00002651,137,35,12,23,102,86,16,25.547445255474454,8.75912408759124,16.78832116788321,74.45255474452554,62.77372262773723,11.678832116788321
E00002652,160,49,20,29,111,77,34,30.625000000000004,12.5,18.125,69.375,48.125,21.25
E00002653,115,41,21,20,74,63,11,35.65217391304348,18.26086956521739,17.391304347826086,64.34782608695652,54.78260869565217,9.565217391304348
E00002654,179,41,21,20,138,114,24,22.905027932960895,11.731843575418994,11.1731843575419,77.09497206703911,63.687150837988824,13.40782122905028
E00002655,163,29,9,20,134,92,42,17.791411042944784,5.521472392638037,12.269938650306749,82.20858895705521,56.44171779141104,25.766871165644172
E00002657,165,33,15,18,132,93,39,20,9.090909090909092,10.909090909090908,80,56.36363636363636,23.636363636363637
E00002658,153,38,19,19,115,92,23,24.836601307189543,12.418300653594772,12.418300653594772,75.16339869281046,60.130718954248366,15.032679738562091
E00002659,173,32,7,25,141,117,24,18.497109826589593,4.046242774566474,14.450867052023122,81.5028901734104,67.63005780346822,13.872832369942195
E00002660,82,39,15,24,43,36,7,47.5609756097561,18.29268292682927,29.268292682926827,52.4390243902439,43.90243902439025,8.536585365853659
E00002661,183,45,15,30,138,112,26,24.59016393442623,8.19672131147541,16.39344262295082,75.40983606557377,61.20218579234973,14.207650273224044
E00002662,242,67,33,34,175,119,56,27.685950413223143,13.636363636363635,14.049586776859504,72.31404958677686,49.17355371900827,23.140495867768596
E00002663,143,25,14,11,118,90,28,17.482517482517483,9.79020979020979,7.6923076923076925,82.51748251748252,62.93706293706294,19.58041958041958
E00002664,147,41,22,19,106,93,13,27.89115646258503,14.965986394557824,12.925170068027212,72.10884353741497,63.26530612244898,8.843537414965986
E00002665,163,56,20,36,107,99,8,34.355828220858896,12.269938650306749,22.085889570552148,65.6441717791411,60.73619631901841,4.9079754601226995
E00002667,281,98,39,59,183,138,45,34.87544483985765,13.87900355871886,20.99644128113879,65.12455516014235,49.11032028469751,16.014234875444842
E00002668,251,67,37,30,184,145,39,26.693227091633464,14.741035856573706,11.952191235059761,73.30677290836654,57.76892430278885,15.53784860557769
E00002669,100,27,7,20,73,65,8,27,7.000000000000001,20,73,65,8
E00002670,202,73,29,44,129,113,16,36.13861386138614,14.356435643564355,21.782178217821784,63.86138613861386,55.940594059405946,7.920792079207921
E00002672,183,76,39,37,107,90,17,41.53005464480874,21.311475409836063,20.21857923497268,58.46994535519126,49.18032786885246,9.289617486338798
E00002676,269,53,20,33,216,161,55,19.702602230483272,7.434944237918216,12.267657992565056,80.29739776951673,59.85130111524164,20.44609665427509
E00002677,121,62,22,40,59,53,6,51.2396694214876,18.181818181818183,33.057851239669425,48.760330578512395,43.80165289256198,4.958677685950414
E00002678,108,51,18,33,57,51,6,47.22222222222222,16.666666666666664,30.555555555555557,52.77777777777778,47.22222222222222,5.555555555555555
E00002679,145,67,13,54,78,77,1,46.206896551724135,8.96551724137931,37.24137931034483,53.79310344827586,53.103448275862064,0.6896551724137931
E00002680,123,31,17,14,92,76,16,25.203252032520325,13.821138211382115,11.38211382113821,74.79674796747967,61.78861788617886,13.008130081300814
E00002681,145,50,21,29,95,80,15,34.48275862068966,14.482758620689657,20,65.51724137931035,55.172413793103445,10.344827586206897
E00002682,244,61,31,30,183,129,54,25,12.704918032786885,12.295081967213115,75,52.86885245901639,22.131147540983605
E00002683,99,29,9,20,70,62,8,29.292929292929294,9.090909090909092,20.2020202020202,70.70707070707071,62.62626262626263,8.080808080808081
E00002684,144,35,15,20,109,70,39,24.305555555555554,10.416666666666668,13.88888888888889,75.69444444444444,48.61111111111111,27.083333333333332
E00002685,171,43,23,20,128,91,37,25.146198830409354,13.450292397660817,11.695906432748536,74.85380116959064,53.216374269005854,21.637426900584796
E00002686,148,38,14,24,110,91,19,25.675675675675674,9.45945945945946,16.216216216216218,74.32432432432432,61.48648648648649,12.837837837837837
E00002687,279,75,27,48,204,177,27,26.881720430107524,9.67741935483871,17.20430107526882,73.11827956989248,63.44086021505376,9.67741935483871
E00002688,154,35,15,20,119,83,36,22.727272727272727,9.740259740259742,12.987012987012985,77.27272727272727,53.896103896103895,23.376623376623375
E00002689,175,64,20,44,111,88,23,36.57142857142857,11.428571428571429,25.142857142857146,63.42857142857142,50.28571428571429,13.142857142857142
E00002690,143,36,18,18,107,92,15,25.174825174825177,12.587412587412588,12.587412587412588,74.82517482517483,64.33566433566433,10.48951048951049
E00002691,129,52,16,36,77,62,15,40.310077519379846,12.4031007751938,27.906976744186046,59.68992248062015,48.06201550387597,11.627906976744185
E00002692,188,55,25,30,133,100,33,29.25531914893617,13.297872340425531,15.957446808510639,70.74468085106383,53.191489361702125,17.5531914893617
E00002693,184,67,19,48,117,100,17,36.41304347826087,10.326086956521738,26.08695652173913,63.58695652173913,54.347826086956516,9.239130434782608
E00002694,195,58,5,53,137,125,12,29.743589743589745,2.564102564102564,27.17948717948718,70.25641025641025,64.1025641025641,6.153846153846154
E00002695,163,41,16,25,122,88,34,25.153374233128833,9.815950920245399,15.337423312883436,74.84662576687117,53.987730061349694,20.858895705521473
E00002696,185,60,30,30,125,104,21,32.432432432432435,16.216216216216218,16.216216216216218,67.56756756756756,56.21621621621622,11.351351351351353
E00002697,269,93,37,56,176,138,38,34.572490706319705,13.754646840148698,20.817843866171003,65.4275092936803,51.301115241635685,14.12639405204461
E00002698,151,45,29,16,106,89,17,29.80132450331126,19.205298013245034,10.596026490066226,70.19867549668875,58.94039735099338,11.258278145695364
E00002699,222,66,27,39,156,126,30,29.72972972972973,12.162162162162163,17.56756756756757,70.27027027027027,56.75675675675676,13.513513513513514
E00002700,217,53,15,38,164,134,30,24.42396313364055,6.912442396313365,17.51152073732719,75.57603686635944,61.75115207373272,13.82488479262673
E00002701,393,122,38,84,271,236,35,31.043256997455472,9.669211195928753,21.374045801526716,68.95674300254453,60.05089058524173,8.9058524173028
E00002702,185,49,21,28,136,99,37,26.486486486486488,11.351351351351353,15.135135135135137,73.51351351351352,53.51351351351351,20
E00002703,133,34,15,19,99,87,12,25.563909774436087,11.278195488721805,14.285714285714285,74.43609022556392,65.41353383458647,9.022556390977442
E00002704,189,59,25,34,130,107,23,31.216931216931215,13.227513227513226,17.989417989417987,68.78306878306879,56.613756613756614,12.16931216931217
E00002705,114,36,14,22,78,60,18,31.57894736842105,12.280701754385964,19.298245614035086,68.42105263157895,52.63157894736842,15.789473684210526
E00002707,170,49,24,25,121,99,22,28.823529411764703,14.117647058823529,14.705882352941178,71.17647058823529,58.235294117647065,12.941176470588237
E00002708,185,60,29,31,125,111,14,32.432432432432435,15.675675675675677,16.756756756756758,67.56756756756756,60,7.567567567567568
E00002709,102,20,7,13,82,64,18,19.607843137254903,6.862745098039216,12.745098039215685,80.3921568627451,62.745098039215684,17.647058823529413
E00002710,97,29,16,13,68,44,24,29.896907216494846,16.49484536082474,13.402061855670103,70.10309278350515,45.36082474226804,24.742268041237114
E00002711,134,44,14,30,90,65,25,32.83582089552239,10.44776119402985,22.388059701492537,67.16417910447761,48.507462686567166,18.65671641791045
E00002712,108,30,13,17,78,64,14,27.77777777777778,12.037037037037036,15.74074074074074,72.22222222222221,59.25925925925925,12.962962962962962
E00002713,188,70,35,35,118,93,25,37.234042553191486,18.617021276595743,18.617021276595743,62.76595744680851,49.46808510638298,13.297872340425531
E00002714,110,29,7,22,81,54,27,26.36363636363636,6.363636363636363,20,73.63636363636363,49.09090909090909,24.545454545454547
E00002715,163,35,16,19,128,94,34,21.472392638036812,9.815950920245399,11.65644171779141,78.52760736196319,57.668711656441715,20.858895705521473
E00002716,155,55,18,37,100,86,14,35.483870967741936,11.612903225806452,23.870967741935484,64.51612903225806,55.483870967741936,9.032258064516128
E00002717,227,55,31,24,172,129,43,24.229074889867842,13.656387665198238,10.572687224669604,75.77092511013215,56.82819383259912,18.94273127753304
E00002718,146,34,18,16,112,76,36,23.28767123287671,12.32876712328767,10.95890410958904,76.71232876712328,52.054794520547944,24.65753424657534
E00002719,155,52,11,41,103,87,16,33.5483870967742,7.096774193548387,26.451612903225808,66.45161290322581,56.12903225806451,10.32258064516129
E00002720,84,24,12,12,60,48,12,28.57142857142857,14.285714285714285,14.285714285714285,71.42857142857143,57.14285714285714,14.285714285714285
E00002721,123,47,15,32,76,70,6,38.21138211382114,12.195121951219512,26.01626016260163,61.78861788617886,56.91056910569105,4.878048780487805
E00002722,180,49,26,23,131,97,34,27.22222222222222,14.444444444444443,12.777777777777777,72.77777777777777,53.888888888888886,18.88888888888889
E00002723,213,46,15,31,167,136,31,21.5962441314554,7.042253521126761,14.553990610328638,78.40375586854461,63.84976525821596,14.553990610328638
E00002724,149,43,15,28,106,81,25,28.859060402684566,10.06711409395973,18.79194630872483,71.14093959731544,54.36241610738255,16.778523489932887
E00002725,168,36,20,16,132,92,40,21.428571428571427,11.904761904761903,9.523809523809524,78.57142857142857,54.761904761904766,23.809523809523807
E00002726,92,38,13,25,54,44,10,41.30434782608695,14.130434782608695,27.173913043478258,58.69565217391305,47.82608695652174,10.869565217391305
E00002727,220,45,29,16,175,140,35,20.454545454545457,13.18181818181818,7.2727272727272725,79.54545454545455,63.63636363636363,15.909090909090908
E00002728,97,42,20,22,55,49,6,43.29896907216495,20.618556701030926,22.68041237113402,56.70103092783505,50.51546391752577,6.185567010309279
E00002729,189,64,22,42,125,105,20,33.86243386243386,11.64021164021164,22.22222222222222,66.13756613756614,55.55555555555556,10.582010582010582
E00002730,207,73,18,55,134,107,27,35.26570048309179,8.695652173913043,26.570048309178745,64.73429951690821,51.690821256038646,13.043478260869565
E00002731,267,89,35,54,178,148,30,33.33333333333333,13.108614232209737,20.224719101123593,66.66666666666666,55.430711610486895,11.235955056179774
E00002732,252,80,22,58,172,149,23,31.746031746031743,8.73015873015873,23.015873015873016,68.25396825396825,59.12698412698413,9.126984126984127
E00002733,199,57,16,41,142,116,26,28.643216080402013,8.040201005025125,20.603015075376884,71.35678391959799,58.291457286432156,13.06532663316583
E00002734,186,54,22,32,132,109,23,29.03225806451613,11.827956989247312,17.20430107526882,70.96774193548387,58.602150537634415,12.365591397849462
E00002735,172,58,27,31,114,102,12,33.72093023255814,15.69767441860465,18.023255813953487,66.27906976744185,59.30232558139535,6.976744186046512
E00002736,211,88,37,51,123,106,17,41.70616113744076,17.535545023696685,24.170616113744074,58.29383886255924,50.23696682464455,8.056872037914692
E00002737,197,65,25,40,132,115,17,32.99492385786802,12.690355329949238,20.304568527918782,67.00507614213198,58.37563451776649,8.629441624365482
E00002738,170,46,10,36,124,110,14,27.058823529411764,5.88235294117647,21.176470588235293,72.94117647058823,64.70588235294117,8.235294117647058
E00002739,213,71,25,46,142,122,20,33.33333333333333,11.737089201877934,21.5962441314554,66.66666666666666,57.27699530516433,9.389671361502346
E00002740,227,57,13,44,170,146,24,25.11013215859031,5.726872246696035,19.383259911894275,74.8898678414097,64.31718061674009,10.572687224669604
E00002741,155,47,17,30,108,94,14,30.32258064516129,10.967741935483872,19.35483870967742,69.6774193548387,60.64516129032258,9.032258064516128
E00002742,179,60,21,39,119,104,15,33.5195530726257,11.731843575418994,21.787709497206702,66.4804469273743,58.10055865921788,8.379888268156424
E00002743,154,52,11,41,102,88,14,33.76623376623377,7.142857142857142,26.623376623376622,66.23376623376623,57.14285714285714,9.090909090909092
E00002744,196,61,25,36,135,104,31,31.122448979591837,12.755102040816327,18.367346938775512,68.87755102040816,53.06122448979592,15.816326530612246
E00002745,144,43,17,26,101,85,16,29.86111111111111,11.805555555555555,18.055555555555554,70.13888888888889,59.02777777777778,11.11111111111111
E00002746,104,28,9,19,76,71,5,26.923076923076923,8.653846153846153,18.269230769230766,73.07692307692307,68.26923076923077,4.807692307692308
E00002748,224,52,19,33,172,153,19,23.214285714285715,8.482142857142858,14.732142857142858,76.78571428571429,68.30357142857143,8.482142857142858
E00002750,169,54,12,42,115,99,16,31.952662721893493,7.100591715976331,24.85207100591716,68.04733727810651,58.57988165680473,9.467455621301776
E00002751,187,49,26,23,138,116,22,26.203208556149733,13.903743315508022,12.299465240641712,73.79679144385027,62.03208556149733,11.76470588235294
E00002752,182,64,29,35,118,102,16,35.16483516483517,15.934065934065933,19.230769230769234,64.83516483516483,56.043956043956044,8.791208791208792
E00002753,176,56,29,27,120,86,34,31.818181818181817,16.477272727272727,15.340909090909092,68.18181818181817,48.86363636363637,19.318181818181817
E00002754,175,58,25,33,117,104,13,33.14285714285714,14.285714285714285,18.857142857142858,66.85714285714286,59.42857142857143,7.428571428571429
E00002755,175,48,18,30,127,111,16,27.42857142857143,10.285714285714285,17.142857142857142,72.57142857142857,63.42857142857142,9.142857142857142
E00002756,215,44,15,29,171,142,29,20.46511627906977,6.976744186046512,13.488372093023257,79.53488372093022,66.04651162790698,13.488372093023257
E00002757,182,50,20,30,132,111,21,27.472527472527474,10.989010989010989,16.483516483516482,72.52747252747253,60.98901098901099,11.538461538461538
E00002758,211,58,23,35,153,125,28,27.488151658767773,10.90047393364929,16.587677725118482,72.51184834123224,59.241706161137444,13.270142180094787
E00002759,208,56,19,37,152,113,39,26.923076923076923,9.134615384615383,17.78846153846154,73.07692307692307,54.32692307692307,18.75
E00002760,174,52,21,31,122,102,20,29.88505747126437,12.068965517241379,17.81609195402299,70.11494252873564,58.620689655172406,11.494252873563218
E00002761,205,62,27,35,143,124,19,30.24390243902439,13.170731707317074,17.073170731707318,69.7560975609756,60.48780487804878,9.268292682926829
E00002762,204,70,27,43,134,116,18,34.31372549019608,13.23529411764706,21.07843137254902,65.68627450980392,56.86274509803921,8.823529411764707
E00002763,187,69,23,46,118,93,25,36.898395721925134,12.299465240641712,24.598930481283425,63.101604278074866,49.73262032085562,13.368983957219251
E00002764,243,85,41,44,158,126,32,34.97942386831276,16.872427983539097,18.106995884773664,65.02057613168725,51.85185185185185,13.168724279835391
E00002765,155,49,14,35,106,96,10,31.61290322580645,9.032258064516128,22.58064516129032,68.38709677419355,61.935483870967744,6.451612903225806
E00002766,201,59,21,38,142,116,26,29.35323383084577,10.44776119402985,18.90547263681592,70.64676616915423,57.711442786069654,12.935323383084576
E00002767,179,58,20,38,121,103,18,32.402234636871505,11.1731843575419,21.22905027932961,67.59776536312849,57.54189944134078,10.05586592178771
E00002768,189,58,25,33,131,108,23,30.687830687830687,13.227513227513226,17.46031746031746,69.31216931216932,57.14285714285714,12.16931216931217
E00002769,161,48,14,34,113,103,10,29.81366459627329,8.695652173913043,21.11801242236025,70.1863354037267,63.975155279503106,6.211180124223603
E00002770,233,75,30,45,158,123,35,32.18884120171674,12.875536480686694,19.313304721030043,67.81115879828327,52.78969957081545,15.021459227467812
E00002771,181,52,18,34,129,113,16,28.7292817679558,9.94475138121547,18.784530386740332,71.27071823204419,62.430939226519335,8.83977900552486
E00002772,155,48,20,28,107,82,25,30.967741935483872,12.903225806451612,18.064516129032256,69.03225806451613,52.903225806451616,16.129032258064516
E00002773,189,50,23,27,139,119,20,26.455026455026452,12.16931216931217,14.285714285714285,73.54497354497354,62.96296296296296,10.582010582010582
E00002775,261,70,24,46,191,123,68,26.81992337164751,9.195402298850574,17.624521072796934,73.18007662835248,47.12643678160919,26.053639846743295
E00002776,188,56,14,42,132,115,17,29.78723404255319,7.446808510638298,22.340425531914892,70.2127659574468,61.170212765957444,9.042553191489363
E00002777,206,64,20,44,142,112,30,31.06796116504854,9.70873786407767,21.35922330097087,68.93203883495146,54.36893203883495,14.563106796116504
E00002778,158,41,20,21,117,95,22,25.949367088607595,12.658227848101266,13.291139240506327,74.0506329113924,60.12658227848101,13.924050632911392
E00002779,168,49,24,25,119,111,8,29.166666666666668,14.285714285714285,14.880952380952381,70.83333333333334,66.07142857142857,4.761904761904762
E00002780,154,49,14,35,105,85,20,31.818181818181817,9.090909090909092,22.727272727272727,68.18181818181817,55.1948051948052,12.987012987012985
E00002781,315,77,30,47,238,163,75,24.444444444444443,9.523809523809524,14.920634920634921,75.55555555555556,51.746031746031754,23.809523809523807
E00002783,244,88,50,38,156,121,35,36.0655737704918,20.491803278688526,15.573770491803279,63.934426229508205,49.59016393442623,14.344262295081966
E00002784,186,62,23,39,124,105,19,33.33333333333333,12.365591397849462,20.967741935483872,66.66666666666666,56.451612903225815,10.21505376344086
E00002786,200,65,24,41,135,107,28,32.5,12,20.5,67.5,53.5,14.000000000000002
E00002787,69,18,9,9,51,38,13,26.08695652173913,13.043478260869565,13.043478260869565,73.91304347826086,55.072463768115945,18.84057971014493
E00002788,171,45,19,26,126,102,24,26.31578947368421,11.11111111111111,15.204678362573098,73.68421052631578,59.64912280701754,14.035087719298245
E00002789,114,47,20,27,67,58,9,41.228070175438596,17.543859649122805,23.684210526315788,58.77192982456141,50.877192982456144,7.894736842105263
E00002790,192,52,19,33,140,114,26,27.083333333333332,9.895833333333332,17.1875,72.91666666666666,59.375,13.541666666666666
E00002791,232,67,27,40,165,128,37,28.879310344827587,11.637931034482758,17.24137931034483,71.12068965517241,55.172413793103445,15.948275862068966
E00002792,206,70,15,55,136,125,11,33.980582524271846,7.281553398058252,26.699029126213592,66.01941747572816,60.679611650485434,5.339805825242718
E00002793,192,69,33,36,123,111,12,35.9375,17.1875,18.75,64.0625,57.8125,6.25
E00002794,312,90,38,52,222,182,40,28.846153846153843,12.179487179487179,16.666666666666664,71.15384615384616,58.333333333333336,12.82051282051282
E00002795,206,64,27,37,142,115,27,31.06796116504854,13.106796116504855,17.96116504854369,68.93203883495146,55.8252427184466,13.106796116504855
E00002796,152,48,25,23,104,85,19,31.57894736842105,16.447368421052634,15.131578947368421,68.42105263157895,55.92105263157895,12.5
E00002797,182,63,17,46,119,99,20,34.61538461538461,9.340659340659341,25.274725274725274,65.38461538461539,54.395604395604394,10.989010989010989
E00002798,176,42,17,25,134,109,25,23.863636363636363,9.659090909090908,14.204545454545455,76.13636363636364,61.93181818181818,14.204545454545455
E00002799,183,44,18,26,139,127,12,24.043715846994534,9.836065573770492,14.207650273224044,75.95628415300546,69.39890710382514,6.557377049180328
E00002800,172,50,20,30,122,105,17,29.069767441860467,11.627906976744185,17.441860465116278,70.93023255813954,61.04651162790697,9.883720930232558
E00002801,192,57,30,27,135,110,25,29.6875,15.625,14.0625,70.3125,57.291666666666664,13.020833333333334
E00002802,228,58,18,40,170,138,32,25.438596491228072,7.894736842105263,17.543859649122805,74.56140350877193,60.526315789473685,14.035087719298245
E00002803,215,53,16,37,162,136,26,24.651162790697676,7.441860465116279,17.209302325581397,75.34883720930232,63.25581395348837,12.093023255813954
E00002804,192,59,16,43,133,112,21,30.729166666666668,8.333333333333332,22.395833333333336,69.27083333333334,58.333333333333336,10.9375
E00002805,351,83,40,43,268,205,63,23.646723646723647,11.396011396011396,12.250712250712251,76.35327635327636,58.4045584045584,17.94871794871795
E00002806,253,84,42,42,169,132,37,33.201581027667984,16.600790513833992,16.600790513833992,66.79841897233202,52.17391304347826,14.624505928853754
E00002807,210,56,27,29,154,118,36,26.666666666666668,12.857142857142856,13.80952380952381,73.33333333333333,56.19047619047619,17.142857142857142
E00002808,97,28,13,15,69,62,7,28.865979381443296,13.402061855670103,15.463917525773196,71.1340206185567,63.91752577319587,7.216494845360824
E00002809,185,61,19,42,124,98,26,32.972972972972975,10.27027027027027,22.702702702702705,67.02702702702703,52.972972972972975,14.054054054054054
E00002810,90,20,10,10,70,60,10,22.22222222222222,11.11111111111111,11.11111111111111,77.77777777777779,66.66666666666666,11.11111111111111
E00002811,188,57,23,34,131,92,39,30.319148936170215,12.23404255319149,18.085106382978726,69.68085106382979,48.93617021276596,20.74468085106383
E00002812,187,57,23,34,130,96,34,30.481283422459892,12.299465240641712,18.181818181818183,69.5187165775401,51.33689839572193,18.181818181818183
E00002813,141,46,20,26,95,75,20,32.62411347517731,14.184397163120568,18.439716312056735,67.37588652482269,53.191489361702125,14.184397163120568
E00002814,165,25,14,11,140,112,28,15.151515151515152,8.484848484848486,6.666666666666667,84.84848484848484,67.87878787878789,16.969696969696972
E00002815,265,64,30,34,201,164,37,24.150943396226417,11.320754716981133,12.830188679245284,75.84905660377359,61.886792452830186,13.962264150943396
E00002816,194,52,15,37,142,113,29,26.804123711340207,7.731958762886598,19.072164948453608,73.19587628865979,58.24742268041238,14.948453608247423
E00002817,170,45,14,31,125,94,31,26.47058823529412,8.235294117647058,18.235294117647058,73.52941176470588,55.294117647058826,18.235294117647058
E00002818,175,43,12,31,132,109,23,24.571428571428573,6.857142857142858,17.71428571428571,75.42857142857143,62.28571428571429,13.142857142857142
E00002819,196,46,17,29,150,120,30,23.46938775510204,8.673469387755102,14.795918367346939,76.53061224489795,61.224489795918366,15.306122448979592
E00002821,156,44,16,28,112,88,24,28.205128205128204,10.256410256410255,17.94871794871795,71.7948717948718,56.41025641025641,15.384615384615385
E00002822,291,75,34,41,216,166,50,25.773195876288657,11.683848797250858,14.0893470790378,74.22680412371135,57.0446735395189,17.18213058419244
E00002823,143,27,9,18,116,96,20,18.88111888111888,6.293706293706294,12.587412587412588,81.11888111888112,67.13286713286713,13.986013986013987
E00002824,213,75,16,59,138,110,28,35.2112676056338,7.511737089201878,27.699530516431924,64.7887323943662,51.64319248826291,13.145539906103288
E00002825,208,42,19,23,166,127,39,20.192307692307693,9.134615384615383,11.057692307692307,79.8076923076923,61.057692307692314,18.75
E00002826,168,50,23,27,118,80,38,29.761904761904763,13.690476190476192,16.071428571428573,70.23809523809523,47.61904761904761,22.61904761904762
E00002827,135,33,15,18,102,82,20,24.444444444444443,11.11111111111111,13.333333333333334,75.55555555555556,60.74074074074074,14.814814814814813
E00002828,143,44,21,23,99,83,16,30.76923076923077,14.685314685314685,16.083916083916083,69.23076923076923,58.04195804195804,11.188811188811188
E00002829,159,44,19,25,115,101,14,27.67295597484277,11.949685534591195,15.723270440251572,72.32704402515722,63.52201257861635,8.80503144654088
E00002830,140,36,13,23,104,70,34,25.71428571428571,9.285714285714286,16.428571428571427,74.28571428571429,50,24.285714285714285
E00002831,219,53,22,31,166,111,55,24.200913242009133,10.045662100456621,14.15525114155251,75.79908675799086,50.68493150684932,25.11415525114155
E00002832,160,64,21,43,96,71,25,40,13.125,26.875,60,44.375,15.625
E00002833,221,53,26,27,168,121,47,23.981900452488688,11.76470588235294,12.217194570135746,76.01809954751131,54.75113122171946,21.266968325791854
E00002834,197,50,28,22,147,83,64,25.380710659898476,14.213197969543149,11.16751269035533,74.61928934010153,42.13197969543147,32.48730964467005
E00002835,173,57,30,27,116,87,29,32.947976878612714,17.341040462427745,15.606936416184972,67.05202312138728,50.28901734104046,16.76300578034682
E00002836,127,36,8,28,91,71,20,28.346456692913385,6.299212598425196,22.04724409448819,71.65354330708661,55.90551181102362,15.748031496062993
E00002837,163,50,23,27,113,75,38,30.67484662576687,14.11042944785276,16.56441717791411,69.32515337423312,46.012269938650306,23.31288343558282
E00002838,181,49,23,26,132,91,41,27.071823204419886,12.70718232044199,14.3646408839779,72.92817679558011,50.27624309392266,22.65193370165746
E00002839,199,44,17,27,155,110,45,22.110552763819097,8.542713567839195,13.5678391959799,77.88944723618091,55.27638190954774,22.613065326633166
E00002840,252,79,38,41,173,138,35,31.349206349206348,15.079365079365079,16.26984126984127,68.65079365079364,54.761904761904766,13.88888888888889
E00002841,200,50,18,32,150,117,33,25,9,16,75,58.5,16.5
E00002842,179,45,23,22,134,105,29,25.139664804469277,12.849162011173185,12.290502793296088,74.86033519553072,58.659217877094974,16.201117318435752
E00002843,125,31,15,16,94,69,25,24.8,12,12.8,75.2,55.2,20
E00002844,160,31,15,16,129,86,43,19.375,9.375,10,80.625,53.75,26.875
E00002845,201,56,27,29,145,118,27,27.860696517412936,13.432835820895523,14.427860696517413,72.13930348258707,58.70646766169154,13.432835820895523
E00002846,221,42,21,21,179,114,65,19.004524886877828,9.502262443438914,9.502262443438914,80.99547511312217,51.58371040723983,29.411764705882355
E00002847,190,43,12,31,147,104,43,22.63157894736842,6.315789473684211,16.315789473684212,77.36842105263158,54.736842105263165,22.63157894736842
E00002848,172,44,17,27,128,88,40,25.581395348837212,9.883720930232558,15.69767441860465,74.4186046511628,51.162790697674424,23.25581395348837
E00002849,286,82,36,46,204,159,45,28.671328671328673,12.587412587412588,16.083916083916083,71.32867132867133,55.59440559440559,15.734265734265735
E00002851,230,78,31,47,152,125,27,33.91304347826087,13.478260869565217,20.434782608695652,66.08695652173913,54.347826086956516,11.73913043478261
E00002852,179,60,19,41,119,94,25,33.5195530726257,10.614525139664805,22.905027932960895,66.4804469273743,52.513966480446925,13.966480446927374
E00002854,185,56,22,34,129,116,13,30.270270270270274,11.891891891891893,18.37837837837838,69.72972972972973,62.70270270270271,7.027027027027027
E00002855,214,65,29,36,149,116,33,30.373831775700932,13.551401869158877,16.822429906542055,69.62616822429906,54.20560747663551,15.42056074766355
E00002856,233,70,23,47,163,131,32,30.042918454935624,9.871244635193133,20.171673819742487,69.95708154506438,56.22317596566524,13.733905579399142
E00002857,152,50,21,29,102,92,10,32.89473684210527,13.815789473684212,19.078947368421055,67.10526315789474,60.526315789473685,6.578947368421052
E00002858,192,53,23,30,139,118,21,27.604166666666668,11.979166666666668,15.625,72.39583333333334,61.458333333333336,10.9375
E00002859,251,74,25,49,177,137,40,29.482071713147413,9.9601593625498,19.52191235059761,70.5179282868526,54.581673306772906,15.936254980079681
E00002861,272,93,32,61,179,146,33,34.19117647058824,11.76470588235294,22.426470588235293,65.80882352941177,53.67647058823529,12.132352941176471
E00002862,215,73,31,42,142,115,27,33.95348837209302,14.418604651162791,19.53488372093023,66.04651162790698,53.48837209302325,12.558139534883722
E00002863,246,88,44,44,158,116,42,35.77235772357724,17.88617886178862,17.88617886178862,64.22764227642277,47.15447154471545,17.073170731707318
E00002864,227,65,21,44,162,139,23,28.634361233480178,9.251101321585903,19.383259911894275,71.36563876651982,61.23348017621145,10.13215859030837
E00002865,225,53,13,40,172,147,25,23.555555555555554,5.777777777777778,17.77777777777778,76.44444444444444,65.33333333333333,11.11111111111111
E00002866,202,78,20,58,124,103,21,38.613861386138616,9.900990099009901,28.71287128712871,61.386138613861384,50.99009900990099,10.396039603960396
E00002867,201,58,14,44,143,114,29,28.855721393034827,6.965174129353234,21.890547263681594,71.14427860696517,56.71641791044776,14.427860696517413
E00002868,208,66,32,34,142,107,35,31.73076923076923,15.384615384615385,16.346153846153847,68.26923076923077,51.442307692307686,16.826923076923077
E00002869,229,64,25,39,165,141,24,27.947598253275107,10.91703056768559,17.03056768558952,72.0524017467249,61.572052401746724,10.480349344978166
E00002870,194,51,19,32,143,109,34,26.288659793814436,9.793814432989691,16.49484536082474,73.71134020618557,56.18556701030928,17.525773195876287
E00002871,230,56,22,34,174,156,18,24.347826086956523,9.565217391304348,14.782608695652174,75.65217391304347,67.82608695652173,7.82608695652174
E00002872,193,58,25,33,135,106,29,30.05181347150259,12.953367875647666,17.098445595854923,69.94818652849742,54.92227979274611,15.025906735751295
E00002873,199,46,15,31,153,118,35,23.115577889447238,7.537688442211055,15.577889447236181,76.88442211055276,59.2964824120603,17.587939698492463
E00002874,221,71,27,44,150,123,27,32.126696832579185,12.217194570135746,19.90950226244344,67.87330316742081,55.65610859728507,12.217194570135746
E00002875,221,62,23,39,159,140,19,28.054298642533936,10.407239819004525,17.647058823529413,71.94570135746606,63.348416289592755,8.597285067873303
E00002876,239,61,22,39,178,125,53,25.523012552301257,9.205020920502092,16.317991631799163,74.47698744769873,52.30125523012552,22.17573221757322
E00002877,141,46,17,29,95,80,15,32.62411347517731,12.056737588652481,20.56737588652482,67.37588652482269,56.73758865248227,10.638297872340425
E00002878,179,48,22,26,131,112,19,26.81564245810056,12.290502793296088,14.52513966480447,73.18435754189943,62.56983240223464,10.614525139664805
E00002880,221,67,25,42,154,127,27,30.316742081447963,11.312217194570136,19.004524886877828,69.68325791855203,57.466063348416284,12.217194570135746
E00002881,141,58,20,38,83,71,12,41.13475177304964,14.184397163120568,26.95035460992908,58.86524822695035,50.35460992907801,8.51063829787234
E00002882,167,61,19,42,106,86,20,36.52694610778443,11.377245508982035,25.149700598802394,63.47305389221557,51.49700598802395,11.976047904191617
E00002886,200,61,19,42,139,118,21,30.5,9.5,21,69.5,59,10.5
E00002887,172,55,21,34,117,103,14,31.976744186046513,12.209302325581394,19.767441860465116,68.02325581395348,59.883720930232556,8.13953488372093
E00002888,106,51,17,34,55,52,3,48.113207547169814,16.037735849056602,32.075471698113205,51.886792452830186,49.056603773584904,2.8301886792452833
E00002891,183,101,18,83,82,74,8,55.19125683060109,9.836065573770492,45.3551912568306,44.80874316939891,40.43715846994536,4.371584699453552
E00002892,199,78,30,48,121,108,13,39.19597989949749,15.07537688442211,24.120603015075375,60.80402010050251,54.2713567839196,6.532663316582915
E00002893,149,76,22,54,73,64,9,51.006711409395976,14.76510067114094,36.241610738255034,48.99328859060403,42.95302013422819,6.0402684563758395
E00002894,165,69,13,56,96,85,11,41.81818181818181,7.878787878787878,33.939393939393945,58.18181818181818,51.515151515151516,6.666666666666667
E00002897,182,63,18,45,119,105,14,34.61538461538461,9.89010989010989,24.725274725274726,65.38461538461539,57.692307692307686,7.6923076923076925
E00002898,149,53,18,35,96,87,9,35.57046979865772,12.080536912751679,23.48993288590604,64.42953020134227,58.38926174496645,6.0402684563758395
E00002899,64,27,9,18,37,35,2,42.1875,14.0625,28.125,57.8125,54.6875,3.125
E00002900,120,49,16,33,71,63,8,40.833333333333336,13.333333333333334,27.500000000000004,59.166666666666664,52.5,6.666666666666667
E00002901,114,53,19,34,61,56,5,46.49122807017544,16.666666666666664,29.82456140350877,53.50877192982456,49.122807017543856,4.385964912280701
E00002902,108,51,12,39,57,56,1,47.22222222222222,11.11111111111111,36.11111111111111,52.77777777777778,51.85185185185185,0.9259259259259258
E00002903,109,39,10,29,70,61,9,35.77981651376147,9.174311926605505,26.605504587155966,64.22018348623854,55.96330275229357,8.256880733944955
E00002904,138,56,9,47,82,78,4,40.57971014492754,6.521739130434782,34.05797101449276,59.42028985507246,56.52173913043478,2.898550724637681
E00002905,102,42,16,26,60,53,7,41.17647058823529,15.686274509803921,25.49019607843137,58.82352941176471,51.9607843137255,6.862745098039216
E00002906,138,57,19,38,81,72,9,41.30434782608695,13.768115942028986,27.536231884057973,58.69565217391305,52.17391304347826,6.521739130434782
E00002907,167,69,22,47,98,90,8,41.31736526946108,13.17365269461078,28.143712574850298,58.68263473053892,53.89221556886228,4.790419161676647
E00002908,143,53,13,40,90,79,11,37.06293706293706,9.090909090909092,27.972027972027973,62.93706293706294,55.24475524475524,7.6923076923076925
E00002909,175,62,20,42,113,101,12,35.42857142857142,11.428571428571429,24,64.57142857142857,57.714285714285715,6.857142857142858
E00002910,103,35,12,23,68,61,7,33.980582524271846,11.650485436893204,22.330097087378643,66.01941747572816,59.22330097087378,6.796116504854369
E00002911,127,48,10,38,79,67,12,37.79527559055118,7.874015748031496,29.92125984251969,62.20472440944882,52.75590551181102,9.448818897637794
E00002912,178,79,28,51,99,87,12,44.38202247191011,15.730337078651685,28.651685393258425,55.61797752808989,48.87640449438202,6.741573033707865
E00002913,166,66,21,45,100,85,15,39.75903614457831,12.650602409638553,27.10843373493976,60.24096385542169,51.204819277108435,9.036144578313253
E00002914,159,50,15,35,109,100,9,31.446540880503143,9.433962264150944,22.0125786163522,68.55345911949685,62.893081761006286,5.660377358490567
E00002915,145,71,28,43,74,70,4,48.96551724137931,19.310344827586206,29.655172413793103,51.03448275862069,48.275862068965516,2.7586206896551726
E00002916,96,37,15,22,59,50,9,38.54166666666667,15.625,22.916666666666664,61.458333333333336,52.083333333333336,9.375
E00002917,174,49,17,32,125,111,14,28.160919540229884,9.770114942528735,18.39080459770115,71.83908045977012,63.793103448275865,8.045977011494253
E00002918,125,71,18,53,54,34,20,56.8,14.399999999999999,42.4,43.2,27.200000000000003,16
E00002919,168,79,16,63,89,78,11,47.023809523809526,9.523809523809524,37.5,52.976190476190474,46.42857142857143,6.547619047619048
E00002920,118,54,19,35,64,59,5,45.76271186440678,16.101694915254235,29.66101694915254,54.23728813559322,50,4.23728813559322
E00002921,138,55,18,37,83,68,15,39.85507246376812,13.043478260869565,26.811594202898554,60.14492753623188,49.275362318840585,10.869565217391305
E00002922,83,32,9,23,51,51,0,38.55421686746988,10.843373493975903,27.710843373493976,61.44578313253012,61.44578313253012,0
E00002923,113,45,13,32,68,49,19,39.823008849557525,11.504424778761061,28.31858407079646,60.17699115044248,43.36283185840708,16.8141592920354
E00002924,194,62,18,44,132,115,17,31.958762886597935,9.278350515463918,22.68041237113402,68.04123711340206,59.27835051546392,8.762886597938143
E00002925,148,55,20,35,93,83,10,37.16216216216216,13.513513513513514,23.64864864864865,62.83783783783784,56.08108108108109,6.756756756756757
E00002926,88,46,17,29,42,32,10,52.27272727272727,19.318181818181817,32.95454545454545,47.72727272727273,36.36363636363637,11.363636363636363
E00002928,167,64,18,46,103,93,10,38.32335329341318,10.778443113772456,27.54491017964072,61.67664670658682,55.688622754491014,5.9880239520958085
E00002929,122,39,10,29,83,67,16,31.967213114754102,8.19672131147541,23.770491803278688,68.0327868852459,54.91803278688525,13.114754098360656
E00002930,285,75,20,55,210,196,14,26.31578947368421,7.017543859649122,19.298245614035086,73.68421052631578,68.77192982456141,4.912280701754386
E00002931,156,48,15,33,108,97,11,30.76923076923077,9.615384615384617,21.153846153846153,69.23076923076923,62.17948717948718,7.051282051282051
E00002932,180,50,12,38,130,107,23,27.77777777777778,6.666666666666667,21.11111111111111,72.22222222222221,59.44444444444444,12.777777777777777
E00002933,269,84,23,61,185,155,30,31.226765799256505,8.550185873605948,22.676579925650557,68.77323420074349,57.62081784386617,11.152416356877323
E00002935,239,71,26,45,168,145,23,29.707112970711297,10.87866108786611,18.828451882845187,70.29288702928869,60.66945606694561,9.623430962343097
E00002936,171,61,21,40,110,94,16,35.67251461988304,12.280701754385964,23.391812865497073,64.32748538011695,54.97076023391813,9.35672514619883
E00002937,225,77,20,57,148,129,19,34.22222222222222,8.88888888888889,25.333333333333336,65.77777777777779,57.333333333333336,8.444444444444445
E00002938,160,46,12,34,114,98,16,28.749999999999996,7.5,21.25,71.25,61.25000000000001,10
E00002939,202,56,14,42,146,135,11,27.722772277227726,6.9306930693069315,20.792079207920793,72.27722772277228,66.83168316831683,5.445544554455446
E00002940,229,66,15,51,163,144,19,28.82096069868996,6.550218340611353,22.270742358078603,71.17903930131004,62.882096069869,8.296943231441048
E00002941,229,71,29,42,158,144,14,31.004366812227076,12.663755458515283,18.340611353711793,68.99563318777294,62.882096069869,6.11353711790393
E00002942,207,57,22,35,150,141,9,27.536231884057973,10.628019323671497,16.908212560386474,72.46376811594203,68.11594202898551,4.3478260869565215
E00002943,160,52,17,35,108,101,7,32.5,10.625,21.875,67.5,63.125,4.375
E00002944,286,53,16,37,233,205,28,18.53146853146853,5.594405594405594,12.937062937062937,81.46853146853147,71.67832167832168,9.79020979020979
E00002945,214,68,26,42,146,132,14,31.775700934579437,12.149532710280374,19.626168224299064,68.22429906542055,61.6822429906542,6.5420560747663545
E00002946,269,93,33,60,176,152,24,34.572490706319705,12.267657992565056,22.304832713754646,65.4275092936803,56.50557620817844,8.921933085501859
E00002947,263,80,26,54,183,156,27,30.418250950570343,9.885931558935361,20.53231939163498,69.58174904942965,59.31558935361216,10.26615969581749
E00002948,174,61,26,35,113,93,20,35.05747126436782,14.942528735632186,20.114942528735632,64.9425287356322,53.44827586206896,11.494252873563218
E00002949,232,74,22,52,158,146,12,31.896551724137932,9.482758620689655,22.413793103448278,68.10344827586206,62.93103448275862,5.172413793103448
E00002950,168,45,23,22,123,112,11,26.785714285714285,13.690476190476192,13.095238095238097,73.21428571428571,66.66666666666666,6.547619047619048
E00002951,260,90,34,56,170,153,17,34.61538461538461,13.076923076923078,21.53846153846154,65.38461538461539,58.84615384615385,6.538461538461539
E00002953,114,32,10,22,82,75,7,28.07017543859649,8.771929824561402,19.298245614035086,71.9298245614035,65.78947368421053,6.140350877192982
E00002954,121,37,17,20,84,75,9,30.57851239669421,14.049586776859504,16.528925619834713,69.42148760330579,61.98347107438017,7.43801652892562
E00002955,212,77,35,42,135,124,11,36.32075471698113,16.50943396226415,19.81132075471698,63.67924528301887,58.490566037735846,5.188679245283019
E00002956,161,41,14,27,120,109,11,25.465838509316768,8.695652173913043,16.77018633540373,74.53416149068323,67.70186335403726,6.832298136645963
E00002957,116,29,8,21,87,76,11,25,6.896551724137931,18.103448275862068,75,65.51724137931035,9.482758620689655
E00002958,208,43,13,30,165,149,16,20.673076923076923,6.25,14.423076923076922,79.32692307692307,71.63461538461539,7.6923076923076925
E00002959,212,64,23,41,148,133,15,30.18867924528302,10.849056603773585,19.339622641509436,69.81132075471697,62.735849056603776,7.0754716981132075
E00002960,214,66,20,46,148,124,24,30.8411214953271,9.345794392523365,21.49532710280374,69.1588785046729,57.943925233644855,11.214953271028037
E00002961,163,51,24,27,112,98,14,31.28834355828221,14.723926380368098,16.56441717791411,68.71165644171779,60.122699386503065,8.588957055214724
E00002962,190,61,22,39,129,107,22,32.10526315789474,11.578947368421053,20.526315789473685,67.89473684210526,56.315789473684205,11.578947368421053
E00002963,165,57,19,38,108,95,13,34.54545454545455,11.515151515151516,23.03030303030303,65.45454545454545,57.57575757575758,7.878787878787878
E00002964,151,54,15,39,97,86,11,35.76158940397351,9.933774834437086,25.82781456953642,64.23841059602648,56.95364238410596,7.28476821192053
E00002965,188,61,18,43,127,114,13,32.4468085106383,9.574468085106384,22.872340425531913,67.5531914893617,60.63829787234043,6.914893617021277
E00002966,179,52,18,34,127,111,16,29.05027932960894,10.05586592178771,18.994413407821227,70.94972067039106,62.01117318435754,8.938547486033519
E00002967,279,71,20,51,208,174,34,25.448028673835125,7.168458781362006,18.27956989247312,74.55197132616487,62.365591397849464,12.186379928315413
E00002969,134,42,15,27,92,81,11,31.343283582089555,11.194029850746269,20.149253731343283,68.65671641791045,60.447761194029844,8.208955223880597
E00002970,210,61,22,39,149,136,13,29.04761904761905,10.476190476190476,18.571428571428573,70.95238095238095,64.76190476190476,6.190476190476191
E00002971,335,109,39,70,226,188,38,32.537313432835816,11.641791044776118,20.8955223880597,67.46268656716417,56.11940298507463,11.343283582089553
E00002972,248,84,29,55,164,142,22,33.87096774193548,11.693548387096774,22.177419354838708,66.12903225806451,57.25806451612904,8.870967741935484
E00002973,162,46,17,29,116,103,13,28.39506172839506,10.493827160493826,17.901234567901234,71.60493827160494,63.580246913580254,8.024691358024691
E00002974,215,68,29,39,147,124,23,31.627906976744185,13.488372093023257,18.13953488372093,68.37209302325581,57.674418604651166,10.69767441860465
E00002976,325,103,29,74,222,200,22,31.692307692307693,8.923076923076923,22.76923076923077,68.3076923076923,61.53846153846154,6.769230769230769
E00002980,172,55,16,39,117,107,10,31.976744186046513,9.30232558139535,22.674418604651162,68.02325581395348,62.2093023255814,5.813953488372093
E00002981,195,69,18,51,126,115,11,35.38461538461539,9.230769230769232,26.153846153846157,64.61538461538461,58.97435897435898,5.641025641025641
E00002983,259,64,19,45,195,157,38,24.71042471042471,7.335907335907336,17.374517374517374,75.2895752895753,60.61776061776062,14.671814671814673
E00002984,237,58,21,37,179,164,15,24.47257383966245,8.860759493670885,15.611814345991561,75.52742616033755,69.19831223628692,6.329113924050633
E00002985,224,71,23,48,153,139,14,31.69642857142857,10.267857142857142,21.428571428571427,68.30357142857143,62.05357142857143,6.25
E00002986,230,59,22,37,171,161,10,25.65217391304348,9.565217391304348,16.08695652173913,74.34782608695653,70,4.3478260869565215
E00002987,162,40,15,25,122,112,10,24.691358024691358,9.25925925925926,15.432098765432098,75.30864197530865,69.1358024691358,6.172839506172839
E00002988,173,38,12,26,135,114,21,21.965317919075144,6.9364161849710975,15.028901734104046,78.03468208092485,65.89595375722543,12.138728323699421
E00002989,196,51,18,33,145,131,14,26.02040816326531,9.183673469387756,16.83673469387755,73.9795918367347,66.83673469387756,7.142857142857142
E00002990,185,50,12,38,135,120,15,27.027027027027028,6.486486486486487,20.54054054054054,72.97297297297297,64.86486486486487,8.108108108108109
E00002991,242,65,23,42,177,162,15,26.859504132231404,9.50413223140496,17.355371900826448,73.14049586776859,66.94214876033058,6.198347107438017
E00002992,265,84,28,56,181,165,16,31.69811320754717,10.566037735849058,21.132075471698116,68.30188679245282,62.264150943396224,6.037735849056604
E00002993,224,66,23,43,158,142,16,29.464285714285715,10.267857142857142,19.196428571428573,70.53571428571429,63.39285714285714,7.142857142857142
E00002994,212,62,21,41,150,136,14,29.245283018867923,9.90566037735849,19.339622641509436,70.75471698113208,64.15094339622641,6.60377358490566
E00002995,209,49,20,29,160,141,19,23.444976076555022,9.569377990430622,13.875598086124402,76.55502392344498,67.46411483253588,9.090909090909092
E00002996,212,60,13,47,152,131,21,28.30188679245283,6.132075471698113,22.169811320754718,71.69811320754717,61.79245283018868,9.90566037735849
E00002997,270,74,43,31,196,175,21,27.40740740740741,15.925925925925927,11.481481481481481,72.5925925925926,64.81481481481481,7.777777777777778
E00002998,213,64,22,42,149,131,18,30.046948356807512,10.328638497652582,19.718309859154928,69.95305164319248,61.502347417840376,8.450704225352112
E00002999,204,75,27,48,129,118,11,36.76470588235294,13.23529411764706,23.52941176470588,63.23529411764706,57.84313725490197,5.392156862745098
E00003000,256,93,20,73,163,131,32,36.328125,7.8125,28.515625,63.671875,51.171875,12.5
E00003001,203,76,27,49,127,106,21,37.4384236453202,13.30049261083744,24.137931034482758,62.5615763546798,52.21674876847291,10.344827586206897
E00003002,132,38,20,18,94,78,16,28.78787878787879,15.151515151515152,13.636363636363635,71.21212121212122,59.09090909090909,12.121212121212121
E00003003,198,52,19,33,146,122,24,26.262626262626267,9.595959595959595,16.666666666666664,73.73737373737373,61.61616161616161,12.121212121212121
E00003004,142,52,24,28,90,75,15,36.61971830985916,16.901408450704224,19.718309859154928,63.38028169014085,52.816901408450704,10.56338028169014
E00003005,157,53,17,36,104,93,11,33.75796178343949,10.828025477707007,22.929936305732486,66.2420382165605,59.23566878980891,7.006369426751593
E00003006,265,85,24,61,180,132,48,32.075471698113205,9.056603773584905,23.0188679245283,67.9245283018868,49.81132075471698,18.11320754716981
E00003007,230,63,22,41,167,138,29,27.391304347826086,9.565217391304348,17.82608695652174,72.60869565217392,60,12.608695652173912
E00003008,257,61,21,40,196,156,40,23.73540856031128,8.171206225680933,15.56420233463035,76.26459143968872,60.70038910505836,15.56420233463035
E00003009,209,57,14,43,152,119,33,27.27272727272727,6.698564593301436,20.574162679425836,72.72727272727273,56.9377990430622,15.789473684210526
E00003010,132,44,16,28,88,72,16,33.33333333333333,12.121212121212121,21.21212121212121,66.66666666666666,54.54545454545454,12.121212121212121
E00003011,92,24,8,16,68,57,11,26.08695652173913,8.695652173913043,17.391304347826086,73.91304347826086,61.95652173913043,11.956521739130435
E00003012,153,58,25,33,95,81,14,37.908496732026144,16.33986928104575,21.568627450980394,62.091503267973856,52.94117647058824,9.15032679738562
E00003013,122,40,16,24,82,64,18,32.78688524590164,13.114754098360656,19.672131147540984,67.21311475409836,52.459016393442624,14.754098360655737
E00003014,203,66,24,42,137,115,22,32.51231527093596,11.822660098522167,20.689655172413794,67.48768472906403,56.65024630541872,10.83743842364532
E00003015,152,65,30,35,87,69,18,42.76315789473684,19.736842105263158,23.026315789473685,57.23684210526315,45.39473684210527,11.842105263157894
E00003016,109,39,16,23,70,61,9,35.77981651376147,14.678899082568808,21.100917431192663,64.22018348623854,55.96330275229357,8.256880733944955
E00003017,148,59,26,33,89,75,14,39.86486486486486,17.56756756756757,22.2972972972973,60.13513513513513,50.67567567567568,9.45945945945946
E00003018,234,84,40,44,150,134,16,35.8974358974359,17.094017094017094,18.803418803418804,64.1025641025641,57.26495726495726,6.837606837606838
E00003019,140,32,5,27,108,100,8,22.857142857142858,3.571428571428571,19.28571428571429,77.14285714285715,71.42857142857143,5.714285714285714
E00003020,85,25,8,17,60,51,9,29.411764705882355,9.411764705882353,20,70.58823529411765,60,10.588235294117647
E00003021,129,56,21,35,73,63,10,43.41085271317829,16.27906976744186,27.131782945736433,56.58914728682171,48.837209302325576,7.751937984496124
E00003022,142,56,19,37,86,68,18,39.436619718309856,13.380281690140844,26.056338028169012,60.56338028169014,47.88732394366197,12.676056338028168
E00003023,162,58,18,40,104,94,10,35.80246913580247,11.11111111111111,24.691358024691358,64.19753086419753,58.0246913580247,6.172839506172839
E00003024,125,42,18,24,83,76,7,33.6,14.399999999999999,19.2,66.4,60.8,5.6000000000000005
E00003025,198,70,27,43,128,109,19,35.35353535353536,13.636363636363635,21.71717171717172,64.64646464646465,55.05050505050505,9.595959595959595
E00003026,145,40,16,24,105,99,6,27.586206896551722,11.03448275862069,16.551724137931036,72.41379310344827,68.27586206896552,4.137931034482759
E00003027,258,81,29,52,177,145,32,31.3953488372093,11.24031007751938,20.155038759689923,68.6046511627907,56.201550387596896,12.4031007751938
E00003028,193,65,24,41,128,110,18,33.67875647668394,12.435233160621761,21.243523316062177,66.32124352331607,56.994818652849744,9.32642487046632
E00003029,156,66,27,39,90,76,14,42.30769230769231,17.307692307692307,25,57.692307692307686,48.717948717948715,8.974358974358974
E00003030,195,65,29,36,130,111,19,33.33333333333333,14.871794871794872,18.461538461538463,66.66666666666666,56.92307692307692,9.7435897435897445
E00003031,151,53,21,32,98,88,10,35.099337748344375,13.90728476821192,21.192052980132452,64.90066225165563,58.27814569536424,6.622516556291391
E00003032,139,53,16,37,86,78,8,38.1294964028777,11.510791366906476,26.618705035971225,61.87050359712231,56.11510791366906,5.755395683453238
E00003033,135,59,21,38,76,61,15,43.7037037037037,15.555555555555555,28.14814814814815,56.2962962962963,45.18518518518518,11.11111111111111
E00003034,215,62,22,40,153,127,26,28.837209302325583,10.232558139534884,18.6046511627907,71.16279069767441,59.06976744186046,12.093023255813954
E00003035,156,46,15,31,110,89,21,29.48717948717949,9.615384615384617,19.871794871794872,70.51282051282051,57.05128205128205,13.461538461538462
E00003036,202,60,26,34,142,118,24,29.7029702970297,12.871287128712872,16.831683168316832,70.29702970297029,58.415841584158414,11.881188118811881
E00003037,149,58,25,33,91,77,14,38.92617449664429,16.778523489932887,22.14765100671141,61.07382550335571,51.67785234899329,9.395973154362416
E00003038,141,40,15,25,101,85,16,28.368794326241137,10.638297872340425,17.73049645390071,71.63120567375887,60.28368794326241,11.347517730496454
E00003039,229,66,19,47,163,141,22,28.82096069868996,8.296943231441048,20.52401746724891,71.17903930131004,61.572052401746724,9.606986899563319
E00003041,257,90,40,50,167,157,10,35.019455252918284,15.56420233463035,19.45525291828794,64.98054474708171,61.08949416342413,3.8910505836575875
E00003042,315,92,30,62,223,187,36,29.20634920634921,9.523809523809524,19.682539682539684,70.7936507936508,59.36507936507937,11.428571428571429
E00003043,233,73,29,44,160,148,12,31.330472103004293,12.446351931330472,18.88412017167382,68.6695278969957,63.519313304721024,5.150214592274678
E00003046,261,66,26,40,195,176,19,25.287356321839084,9.961685823754788,15.32567049808429,74.71264367816092,67.43295019157088,7.2796934865900385
E00003047,259,74,19,55,185,178,7,28.57142857142857,7.335907335907336,21.235521235521233,71.42857142857143,68.72586872586872,2.7027027027027026
E00003048,299,85,17,68,214,204,10,28.428093645484946,5.68561872909699,22.74247491638796,71.57190635451505,68.22742474916387,3.3444816053511706
E00003050,273,73,23,50,200,180,20,26.73992673992674,8.424908424908425,18.315018315018314,73.26007326007326,65.93406593406593,7.326007326007327
E00003051,292,119,33,86,173,149,24,40.75342465753425,11.301369863013697,29.45205479452055,59.24657534246576,51.02739726027398,8.21917808219178
E00003052,274,88,23,65,186,172,14,32.11678832116788,8.394160583941606,23.722627737226276,67.88321167883211,62.77372262773723,5.109489051094891
E00003053,241,72,24,48,169,150,19,29.87551867219917,9.95850622406639,19.91701244813278,70.12448132780082,62.24066390041494,7.883817427385892
E00003054,230,77,25,52,153,131,22,33.47826086956522,10.869565217391305,22.608695652173914,66.52173913043478,56.95652173913044,9.565217391304348
E00003056,243,66,13,53,177,162,15,27.160493827160494,5.349794238683128,21.810699588477366,72.8395061728395,66.66666666666666,6.172839506172839
E00003057,235,71,28,43,164,155,9,30.21276595744681,11.914893617021278,18.29787234042553,69.7872340425532,65.95744680851064,3.829787234042553
E00003058,281,72,22,50,209,187,22,25.622775800711743,7.829181494661921,17.793594306049823,74.37722419928826,66.54804270462633,7.829181494661921
E00003061,268,72,24,48,196,180,16,26.865671641791046,8.955223880597014,17.91044776119403,73.13432835820896,67.16417910447761,5.970149253731343
E00003062,302,94,38,56,208,190,18,31.125827814569533,12.582781456953644,18.543046357615893,68.87417218543047,62.913907284768214,5.960264900662252
E00003063,200,52,12,40,148,135,13,26,6,20,74,67.5,6.5
E00003064,210,59,17,42,151,127,24,28.095238095238095,8.095238095238095,20,71.9047619047619,60.476190476190474,11.428571428571429
E00003065,259,72,34,38,187,164,23,27.7992277992278,13.127413127413126,14.671814671814673,72.2007722007722,63.32046332046332,8.880308880308881
E00003068,210,50,16,34,160,134,26,23.809523809523807,7.6190476190476195,16.19047619047619,76.19047619047619,63.8095238095238,12.380952380952381
E00003069,92,29,11,18,63,58,5,31.521739130434785,11.956521739130435,19.565217391304348,68.47826086956522,63.04347826086957,5.434782608695652
E00003070,174,43,18,25,131,119,12,24.71264367816092,10.344827586206897,14.367816091954023,75.28735632183908,68.39080459770115,6.896551724137931
E00003071,226,87,22,65,139,116,23,38.49557522123894,9.734513274336283,28.761061946902654,61.504424778761056,51.32743362831859,10.176991150442479
E00003072,138,54,15,39,84,69,15,39.130434782608695,10.869565217391305,28.26086956521739,60.86956521739131,50,10.869565217391305
E00003073,145,47,10,37,98,72,26,32.41379310344827,6.896551724137931,25.517241379310345,67.58620689655173,49.6551724137931,17.93103448275862
E00003075,175,44,8,36,131,112,19,25.142857142857146,4.571428571428571,20.57142857142857,74.85714285714286,64,10.857142857142858
E00003076,156,70,30,40,86,83,3,44.871794871794876,19.230769230769234,25.64102564102564,55.12820512820513,53.205128205128204,1.9230769230769231
E00003077,175,68,20,48,107,95,12,38.857142857142854,11.428571428571429,27.42857142857143,61.142857142857146,54.285714285714285,6.857142857142858
E00003078,209,78,37,41,131,117,14,37.32057416267943,17.703349282296653,19.617224880382775,62.67942583732058,55.980861244019145,6.698564593301436
E00003079,148,62,25,37,86,70,16,41.891891891891895,16.89189189189189,25,58.108108108108105,47.2972972972973,10.81081081081081
E00003080,152,53,20,33,99,84,15,34.868421052631575,13.157894736842104,21.710526315789476,65.13157894736842,55.26315789473685,9.868421052631579
E00003081,179,68,24,44,111,90,21,37.988826815642454,13.40782122905028,24.581005586592177,62.01117318435754,50.27932960893855,11.731843575418994
E00003082,159,55,15,40,104,83,21,34.59119496855346,9.433962264150944,25.157232704402517,65.40880503144653,52.20125786163522,13.20754716981132
E00003083,156,41,15,26,115,100,15,26.282051282051285,9.615384615384617,16.666666666666664,73.71794871794873,64.1025641025641,9.615384615384617
E00003084,152,62,24,38,90,78,12,40.78947368421053,15.789473684210526,25,59.210526315789465,51.31578947368421,7.894736842105263
E00003085,188,50,22,28,138,110,28,26.595744680851062,11.702127659574469,14.893617021276595,73.40425531914893,58.51063829787234,14.893617021276595
E00003086,130,51,22,29,79,62,17,39.23076923076923,16.923076923076923,22.30769230769231,60.76923076923077,47.69230769230769,13.076923076923078
E00003087,150,44,18,26,106,91,15,29.333333333333332,12,17.333333333333336,70.66666666666667,60.66666666666667,10
E00003088,187,68,31,37,119,95,24,36.36363636363637,16.577540106951872,19.786096256684495,63.63636363636363,50.80213903743316,12.834224598930483
E00003089,173,51,24,27,122,99,23,29.47976878612717,13.872832369942195,15.606936416184972,70.52023121387283,57.22543352601156,13.294797687861271
E00003090,260,99,47,52,161,124,37,38.07692307692307,18.076923076923077,20,61.92307692307693,47.69230769230769,14.23076923076923
E00003091,157,57,22,35,100,85,15,36.30573248407643,14.012738853503185,22.29299363057325,63.69426751592356,54.14012738853503,9.554140127388536
E00003092,182,45,17,28,137,112,25,24.725274725274726,9.340659340659341,15.384615384615385,75.27472527472527,61.53846153846154,13.736263736263737
E00003093,146,43,13,30,103,84,19,29.45205479452055,8.904109589041095,20.54794520547945,70.54794520547945,57.534246575342465,13.013698630136986
E00003094,159,52,17,35,107,87,20,32.70440251572327,10.69182389937107,22.0125786163522,67.29559748427673,54.71698113207547,12.578616352201259
E00003095,228,80,21,59,148,132,16,35.08771929824561,9.210526315789473,25.877192982456144,64.91228070175438,57.89473684210527,7.017543859649122
E00003096,249,71,20,51,178,158,20,28.514056224899598,8.032128514056225,20.481927710843372,71.4859437751004,63.45381526104418,8.032128514056225
E00003097,289,72,25,47,217,185,32,24.91349480968858,8.650519031141869,16.26297577854671,75.08650519031141,64.01384083044984,11.072664359861593
E00003098,121,32,10,22,89,74,15,26.446280991735538,8.264462809917356,18.181818181818183,73.55371900826447,61.15702479338842,12.396694214876034
E00003099,230,66,32,34,164,144,20,28.695652173913043,13.91304347826087,14.782608695652174,71.30434782608695,62.60869565217392,8.695652173913043
E00003100,152,44,15,29,108,84,24,28.947368421052634,9.868421052631579,19.078947368421055,71.05263157894737,55.26315789473685,15.789473684210526
E00003101,196,74,28,46,122,94,28,37.755102040816325,14.285714285714285,23.46938775510204,62.244897959183675,47.95918367346938,14.285714285714285
E00003102,240,93,38,55,147,126,21,38.75,15.833333333333332,22.916666666666664,61.25000000000001,52.5,8.75
E00003103,121,29,11,18,92,79,13,23.96694214876033,9.090909090909092,14.87603305785124,76.03305785123968,65.28925619834712,10.743801652892563
E00003104,207,53,27,26,154,120,34,25.60386473429952,13.043478260869565,12.560386473429952,74.39613526570048,57.971014492753625,16.425120772946862
E00003105,275,100,24,76,175,154,21,36.36363636363637,8.727272727272728,27.636363636363637,63.63636363636363,56.00000000000001,7.636363636363637
E00003106,179,55,23,32,124,108,16,30.726256983240223,12.849162011173185,17.877094972067038,69.27374301675978,60.33519553072626,8.938547486033519
E00003107,200,67,25,42,133,108,25,33.5,12.5,21,66.5,54,12.5
E00003108,174,66,23,43,108,91,17,37.93103448275862,13.218390804597702,24.71264367816092,62.06896551724138,52.29885057471264,9.770114942528735
E00174554,152,56,17,39,96,83,13,36.84210526315789,11.18421052631579,25.657894736842106,63.1578947368421,54.60526315789473,8.552631578947368
E00174556,271,56,24,32,215,185,30,20.66420664206642,8.856088560885608,11.808118081180812,79.33579335793358,68.26568265682657,11.07011070110701
E00174557,414,70,37,33,344,325,19,16.908212560386474,8.937198067632849,7.971014492753622,83.09178743961353,78.50241545893721,4.5893719806763285
E00174681,218,45,21,24,173,140,33,20.642201834862387,9.63302752293578,11.009174311926607,79.35779816513761,64.22018348623854,15.137614678899084
E00174682,235,69,28,41,166,146,20,29.361702127659573,11.914893617021278,17.4468085106383,70.63829787234043,62.12765957446808,8.51063829787234
E00174684,191,41,11,30,150,139,11,21.465968586387437,5.7591623036649215,15.706806282722512,78.53403141361257,72.77486910994764,5.7591623036649215
E00174685,191,58,25,33,133,114,19,30.36649214659686,13.089005235602095,17.277486910994764,69.63350785340315,59.68586387434554,9.947643979057592
E00174686,154,54,24,30,100,87,13,35.064935064935064,15.584415584415584,19.480519480519483,64.93506493506493,56.493506493506494,8.441558441558442
E00174687,171,35,14,21,136,120,16,20.46783625730994,8.187134502923977,12.280701754385964,79.53216374269006,70.17543859649122,9.35672514619883
E00174688,110,41,12,29,69,53,16,37.27272727272727,10.909090909090908,26.36363636363636,62.727272727272734,48.18181818181818,14.545454545454545
E00174689,190,57,17,40,133,117,16,30,8.947368421052632,21.052631578947366,70,61.578947368421055,8.421052631578947
E00174690,133,41,9,32,92,79,13,30.82706766917293,6.7669172932330826,24.06015037593985,69.17293233082707,59.3984962406015,9.774436090225564
E00174691,107,40,19,21,67,57,10,37.38317757009346,17.75700934579439,19.626168224299064,62.616822429906534,53.271028037383175,9.345794392523365
E00174694,85,37,9,28,48,39,9,43.529411764705884,10.588235294117647,32.94117647058823,56.470588235294116,45.88235294117647,10.588235294117647
E00174697,170,50,17,33,120,91,29,29.411764705882355,10,19.411764705882355,70.58823529411765,53.529411764705884,17.058823529411764
E00174698,131,51,15,36,80,69,11,38.93129770992366,11.450381679389313,27.480916030534353,61.06870229007634,52.67175572519084,8.396946564885496
E00174700,85,28,4,24,57,51,6,32.94117647058823,4.705882352941177,28.235294117647058,67.05882352941175,60,7.0588235294117645
E00174701,208,60,25,35,148,121,27,28.846153846153843,12.01923076923077,16.826923076923077,71.15384615384616,58.17307692307693,12.980769230769232
E00174703,210,61,23,38,149,126,23,29.04761904761905,10.952380952380953,18.095238095238095,70.95238095238095,60,10.952380952380953
E00174704,158,74,24,50,84,74,10,46.835443037974684,15.18987341772152,31.645569620253166,53.16455696202531,46.835443037974684,6.329113924050633
E00174706,95,45,20,25,50,47,3,47.368421052631575,21.052631578947366,26.31578947368421,52.63157894736842,49.473684210526315,3.1578947368421053
E00174707,73,34,15,19,39,32,7,46.57534246575342,20.54794520547945,26.027397260273972,53.42465753424658,43.83561643835616,9.58904109589041
E00174708,112,52,17,35,60,48,12,46.42857142857143,15.178571428571427,31.25,53.57142857142857,42.857142857142854,10.714285714285714
E00174710,103,50,23,27,53,46,7,48.54368932038835,22.330097087378643,26.21359223300971,51.45631067961165,44.66019417475729,6.796116504854369
E00174711,84,40,19,21,44,32,12,47.61904761904761,22.61904761904762,25,52.38095238095239,38.095238095238095,14.285714285714285
E00174712,140,49,26,23,91,76,15,35,18.571428571428573,16.428571428571427,65,54.285714285714285,10.714285714285714
E00174713,209,68,30,38,141,118,23,32.535885167464116,14.354066985645932,18.181818181818183,67.46411483253588,56.45933014354066,11.004784688995215
E00174714,56,23,10,13,33,30,3,41.07142857142857,17.857142857142858,23.214285714285715,58.92857142857143,53.57142857142857,5.357142857142857
E00174715,163,51,21,30,112,97,15,31.28834355828221,12.883435582822086,18.404907975460123,68.71165644171779,59.50920245398773,9.202453987730062
E00174716,108,27,9,18,81,67,14,25,8.333333333333332,16.666666666666664,75,62.03703703703704,12.962962962962962
E00174717,74,30,9,21,44,42,2,40.54054054054054,12.162162162162163,28.37837837837838,59.45945945945946,56.75675675675676,2.7027027027027026
E00174718,105,43,17,26,62,55,7,40.95238095238095,16.19047619047619,24.761904761904763,59.04761904761905,52.38095238095239,6.666666666666667
E00174719,136,43,15,28,93,83,10,31.61764705882353,11.029411764705882,20.588235294117645,68.38235294117648,61.029411764705884,7.352941176470589
E00174720,134,61,23,38,73,61,12,45.52238805970149,17.16417910447761,28.35820895522388,54.47761194029851,45.52238805970149,8.955223880597014
E00174721,167,49,20,29,118,106,12,29.34131736526946,11.976047904191617,17.365269461077844,70.65868263473054,63.47305389221557,7.18562874251497
E00174723,214,76,28,48,138,122,16,35.51401869158878,13.084112149532709,22.429906542056074,64.48598130841121,57.009345794392516,7.476635514018691
E00174724,154,47,15,32,107,97,10,30.519480519480517,9.740259740259742,20.77922077922078,69.48051948051948,62.98701298701299,6.493506493506493
E00174726,166,63,27,36,103,95,8,37.95180722891566,16.265060240963855,21.686746987951807,62.048192771084345,57.22891566265061,4.819277108433735
E00174727,187,57,17,40,130,118,12,30.481283422459892,9.090909090909092,21.390374331550802,69.5187165775401,63.101604278074866,6.417112299465241
E00174728,140,44,20,24,96,92,4,31.428571428571427,14.285714285714285,17.142857142857142,68.57142857142857,65.71428571428571,2.857142857142857
E00174729,268,56,16,40,212,189,23,20.8955223880597,5.970149253731343,14.925373134328357,79.1044776119403,70.52238805970148,8.582089552238806
E00174730,121,12,1,11,109,102,7,9.917355371900827,0.8264462809917356,9.090909090909092,90.08264462809917,84.29752066115702,5.785123966942149
E00174731,173,54,23,31,119,106,13,31.213872832369944,13.294797687861271,17.91907514450867,68.78612716763006,61.27167630057804,7.514450867052023
E00174733,138,55,14,41,83,80,3,39.85507246376812,10.144927536231885,29.71014492753623,60.14492753623188,57.971014492753625,2.1739130434782608
E00174735,156,47,13,34,109,102,7,30.128205128205128,8.333333333333332,21.794871794871796,69.87179487179486,65.38461538461539,4.487179487179487
E00174736,135,51,10,41,84,71,13,37.77777777777778,7.4074074074074066,30.37037037037037,62.22222222222222,52.59259259259259,9.62962962962963
E00174738,184,62,24,38,122,106,16,33.69565217391305,13.043478260869565,20.652173913043477,66.30434782608695,57.608695652173914,8.695652173913043
E00178898,267,92,28,64,175,162,13,34.45692883895131,10.486891385767791,23.970037453183522,65.54307116104869,60.67415730337079,4.868913857677903
E00178899,100,36,11,25,64,59,5,36,11,25,64,59,5
E00178900,247,114,55,59,133,114,19,46.15384615384615,22.267206477732792,23.88663967611336,53.84615384615385,46.15384615384615,7.6923076923076925
E00178904,59,16,6,10,43,39,4,27.11864406779661,10.16949152542373,16.94915254237288,72.88135593220339,66.10169491525424,6.779661016949152
E00178905,235,82,30,52,153,131,22,34.8936170212766,12.76595744680851,22.127659574468083,65.1063829787234,55.74468085106383,9.361702127659575
E00178906,326,60,17,43,266,216,50,18.404907975460123,5.214723926380368,13.190184049079754,81.59509202453987,66.25766871165644,15.337423312883436
E00178907,111,32,12,20,79,62,17,28.82882882882883,10.81081081081081,18.01801801801802,71.17117117117117,55.85585585585585,15.315315315315313
E00178908,256,71,32,39,185,156,29,27.734375,12.5,15.234375,72.265625,60.9375,11.328125
E00178909,257,88,32,56,169,148,21,34.24124513618677,12.45136186770428,21.78988326848249,65.75875486381322,57.58754863813229,8.171206225680933
E00178910,191,55,23,32,136,120,16,28.79581151832461,12.041884816753926,16.75392670157068,71.20418848167539,62.82722513089005,8.37696335078534
E00178913,155,67,20,47,88,80,8,43.225806451612904,12.903225806451612,30.32258064516129,56.774193548387096,51.61290322580645,5.161290322580645
E00178914,256,104,38,66,152,140,12,40.625,14.84375,25.78125,59.375,54.6875,4.6875
E00178915,179,70,42,28,109,94,15,39.10614525139665,23.463687150837988,15.64245810055866,60.893854748603346,52.513966480446925,8.379888268156424
E00178916,190,52,10,42,138,129,9,27.368421052631582,5.263157894736842,22.105263157894736,72.63157894736842,67.89473684210526,4.736842105263158
E00178918,211,49,14,35,162,135,27,23.22274881516588,6.6350710900473935,16.587677725118482,76.77725118483413,63.98104265402843,12.796208530805686
E00178919,136,22,9,13,114,105,9,16.176470588235293,6.61764705882353,9.558823529411764,83.82352941176471,77.20588235294117,6.61764705882353
E00178920,115,46,12,34,69,58,11,40,10.434782608695652,29.565217391304348,60,50.43478260869565,9.565217391304348
E00178921,83,30,9,21,53,50,3,36.144578313253014,10.843373493975903,25.301204819277107,63.85542168674698,60.24096385542169,3.614457831325301
E00178922,113,23,10,13,90,77,13,20.353982300884958,8.849557522123893,11.504424778761061,79.64601769911505,68.14159292035397,11.504424778761061
E00178923,93,29,11,18,64,56,8,31.182795698924732,11.827956989247312,19.35483870967742,68.81720430107528,60.215053763440864,8.60215053763441
E00178924,137,35,13,22,102,90,12,25.547445255474454,9.48905109489051,16.05839416058394,74.45255474452554,65.69343065693431,8.75912408759124
E00178925,239,69,40,29,170,146,24,28.870292887029287,16.736401673640167,12.133891213389122,71.1297071129707,61.08786610878661,10.0418410041841
E00178926,253,55,36,19,198,147,51,21.73913043478261,14.229249011857709,7.5098814229249005,78.26086956521739,58.10276679841897,20.158102766798418
E00178927,81,26,7,19,55,46,9,32.098765432098766,8.641975308641975,23.456790123456788,67.90123456790124,56.79012345679012,11.11111111111111
E00178928,90,19,6,13,71,58,13,21.11111111111111,6.666666666666667,14.444444444444443,78.88888888888889,64.44444444444444,14.444444444444443
E00178929,200,48,23,25,152,115,37,24,11.5,12.5,76,57.49999999999999,18.5
E00178930,99,22,8,14,77,72,5,22.22222222222222,8.080808080808081,14.14141414141414,77.77777777777779,72.72727272727273,5.05050505050505
E00178933,205,63,30,33,142,132,10,30.73170731707317,14.634146341463413,16.097560975609756,69.26829268292683,64.39024390243902,4.878048780487805
E00178936,147,27,11,16,120,109,11,18.367346938775512,7.482993197278912,10.884353741496598,81.63265306122449,74.14965986394559,7.482993197278912
E00178937,187,72,49,23,115,101,14,38.50267379679144,26.203208556149733,12.299465240641712,61.49732620320856,54.01069518716578,7.4866310160427805
E00178938,85,24,11,13,61,51,10,28.235294117647058,12.941176470588237,15.294117647058824,71.76470588235294,60,11.76470588235294
E00178939,163,76,41,35,87,74,13,46.62576687116564,25.153374233128833,21.472392638036812,53.37423312883436,45.39877300613497,7.975460122699387
E00178941,137,56,14,42,81,70,11,40.87591240875913,10.218978102189782,30.656934306569344,59.12408759124088,51.09489051094891,8.02919708029197
E00178942,96,26,8,18,70,63,7,27.083333333333332,8.333333333333332,18.75,72.91666666666666,65.625,7.291666666666667
E00178943,116,35,13,22,81,77,4,30.17241379310345,11.206896551724139,18.96551724137931,69.82758620689656,66.37931034482759,3.4482758620689653
E00178945,111,28,10,18,83,67,16,25.225225225225223,9.00900900900901,16.216216216216218,74.77477477477478,60.36036036036037,14.414414414414415
E00178946,97,14,5,9,83,69,14,14.432989690721648,5.154639175257731,9.278350515463918,85.56701030927834,71.1340206185567,14.432989690721648
E00178952,78,29,7,22,49,41,8,37.17948717948718,8.974358974358974,28.205128205128204,62.82051282051282,52.56410256410257,10.256410256410255
E00178953,51,15,7,8,36,30,6,29.411764705882355,13.725490196078432,15.686274509803921,70.58823529411765,58.82352941176471,11.76470588235294
E00178954,196,65,30,35,131,110,21,33.16326530612245,15.306122448979592,17.857142857142858,66.83673469387756,56.12244897959183,10.714285714285714
E00178955,48,20,9,11,28,23,5,41.66666666666667,18.75,22.916666666666664,58.333333333333336,47.91666666666667,10.416666666666668
E00178956,256,32,11,21,224,185,39,12.5,4.296875,8.203125,87.5,72.265625,15.234375
E00178957,88,27,13,14,61,50,11,30.681818181818183,14.772727272727273,15.909090909090908,69.31818181818183,56.81818181818182,12.5
E00178958,187,92,51,41,95,81,14,49.19786096256685,27.27272727272727,21.92513368983957,50.80213903743316,43.31550802139038,7.4866310160427805
E00178960,194,41,15,26,153,142,11,21.1340206185567,7.731958762886598,13.402061855670103,78.8659793814433,73.19587628865979,5.670103092783505
E00178961,108,40,19,21,68,55,13,37.03703703703704,17.59259259259259,19.444444444444446,62.96296296296296,50.92592592592593,12.037037037037036
E00178962,94,8,2,6,86,75,11,8.51063829787234,2.127659574468085,6.382978723404255,91.48936170212765,79.7872340425532,11.702127659574469
E00178965,145,53,20,33,92,77,15,36.55172413793103,13.793103448275861,22.758620689655174,63.44827586206897,53.103448275862064,10.344827586206897
E00178966,171,64,20,44,107,90,17,37.42690058479532,11.695906432748536,25.730994152046783,62.57309941520468,52.63157894736842,9.941520467836257
E00178967,167,20,10,10,147,116,31,11.976047904191617,5.9880239520958085,5.9880239520958085,88.02395209580838,69.46107784431138,18.562874251497004
E00178968,107,29,10,19,78,63,15,27.102803738317753,9.345794392523365,17.75700934579439,72.89719626168224,58.87850467289719,14.018691588785046
E00178969,168,19,6,13,149,113,36,11.30952380952381,3.571428571428571,7.738095238095238,88.69047619047619,67.26190476190477,21.428571428571427
E00178970,119,26,13,13,93,81,12,21.84873949579832,10.92436974789916,10.92436974789916,78.15126050420169,68.0672268907563,10.084033613445378
E00178971,182,46,17,29,136,118,18,25.274725274725274,9.340659340659341,15.934065934065933,74.72527472527473,64.83516483516483,9.89010989010989
E00178974,90,36,15,21,54,50,4,40,16.666666666666664,23.333333333333332,60,55.55555555555556,4.444444444444445
E00178976,95,5,1,4,90,77,13,5.263157894736842,1.0526315789473684,4.2105263157894735,94.73684210526315,81.05263157894737,13.684210526315791
E00178977,176,61,25,36,115,105,10,34.659090909090914,14.204545454545455,20.454545454545457,65.3409090909091,59.65909090909091,5.681818181818182
E00178978,204,52,18,34,152,138,14,25.49019607843137,8.823529411764707,16.666666666666664,74.50980392156863,67.64705882352942,6.862745098039216
E00178982,117,55,16,39,62,57,5,47.008547008547005,13.675213675213676,33.33333333333333,52.991452991452995,48.717948717948715,4.273504273504273
E00178983,211,46,24,22,165,141,24,21.80094786729858,11.374407582938389,10.42654028436019,78.19905213270142,66.82464454976304,11.374407582938389
E00178984,147,39,21,18,108,95,13,26.53061224489796,14.285714285714285,12.244897959183673,73.46938775510205,64.62585034013605,8.843537414965986
E00178986,62,23,5,18,39,33,6,37.096774193548384,8.064516129032258,29.03225806451613,62.903225806451616,53.2258064516129,9.67741935483871
E00178988,94,18,3,15,76,67,9,19.148936170212767,3.1914893617021276,15.957446808510639,80.85106382978722,71.27659574468085,9.574468085106384
E00178989,176,50,20,30,126,113,13,28.40909090909091,11.363636363636363,17.045454545454543,71.5909090909091,64.20454545454545,7.386363636363637
E00178991,242,69,16,53,173,160,13,28.512396694214875,6.6115702479338845,21.90082644628099,71.48760330578511,66.11570247933885,5.371900826446281
E00178993,41,11,4,7,30,25,5,26.82926829268293,9.75609756097561,17.073170731707318,73.17073170731707,60.97560975609756,12.195121951219512
E00178994,226,65,25,40,161,132,29,28.761061946902654,11.061946902654867,17.699115044247787,71.23893805309734,58.4070796460177,12.831858407079647
E00178995,174,82,44,38,92,78,14,47.12643678160919,25.287356321839084,21.839080459770116,52.87356321839081,44.827586206896555,8.045977011494253
E00178997,91,29,17,12,62,51,11,31.868131868131865,18.681318681318682,13.186813186813188,68.13186813186813,56.043956043956044,12.087912087912088
E00179000,180,50,18,32,130,108,22,27.77777777777778,10,17.77777777777778,72.22222222222221,60,12.222222222222221
E00179001,269,57,17,40,212,175,37,21.189591078066915,6.319702602230483,14.869888475836431,78.81040892193309,65.05576208178438,13.754646840148698
E00179002,263,62,29,33,201,181,20,23.574144486692013,11.02661596958175,12.547528517110266,76.42585551330798,68.8212927756654,7.604562737642586
E00179003,245,65,32,33,180,170,10,26.53061224489796,13.061224489795919,13.46938775510204,73.46938775510205,69.38775510204081,4.081632653061225
E00179004,147,30,9,21,117,94,23,20.408163265306122,6.122448979591836,14.285714285714285,79.59183673469387,63.94557823129252,15.646258503401361
E00179005,359,82,30,52,277,251,26,22.841225626740947,8.356545961002785,14.484679665738161,77.15877437325905,69.91643454038997,7.242339832869081
E00179006,71,19,10,9,52,46,6,26.76056338028169,14.084507042253522,12.676056338028168,73.23943661971832,64.7887323943662,8.450704225352112
E00179007,239,49,14,35,190,165,25,20.502092050209207,5.857740585774058,14.644351464435147,79.49790794979079,69.0376569037657,10.460251046025103
E00179008,260,65,31,34,195,171,24,25,11.923076923076923,13.076923076923078,75,65.76923076923077,9.230769230769232
E00179009,269,68,26,42,201,186,15,25.27881040892193,9.66542750929368,15.613382899628252,74.72118959107806,69.14498141263941,5.5762081784386615
E00179010,121,15,8,7,106,85,21,12.396694214876034,6.6115702479338845,5.785123966942149,87.60330578512396,70.24793388429752,17.355371900826448
E00179012,319,70,26,44,249,192,57,21.9435736677116,8.150470219435736,13.793103448275861,78.0564263322884,60.18808777429467,17.86833855799373
E00179014,205,83,32,51,122,107,15,40.487804878048784,15.609756097560975,24.878048780487806,59.512195121951216,52.19512195121951,7.317073170731707
E00179019,91,29,10,19,62,44,18,31.868131868131865,10.989010989010989,20.87912087912088,68.13186813186813,48.35164835164835,19.78021978021978
E00179020,98,34,16,18,64,53,11,34.69387755102041,16.3265306122449,18.367346938775512,65.3061224489796,54.08163265306123,11.224489795918368
E00179021,196,58,33,25,138,126,12,29.591836734693878,16.83673469387755,12.755102040816327,70.40816326530613,64.28571428571429,6.122448979591836
E00179025,221,89,29,60,132,116,16,40.27149321266968,13.122171945701359,27.149321266968325,59.72850678733032,52.488687782805435,7.239819004524888
E00179028,85,24,8,16,61,57,4,28.235294117647058,9.411764705882353,18.823529411764707,71.76470588235294,67.05882352941175,4.705882352941177
E00179030,176,52,20,32,124,115,9,29.545454545454547,11.363636363636363,18.181818181818183,70.45454545454545,65.3409090909091,5.113636363636364
E00179032,188,59,22,37,129,105,24,31.382978723404253,11.702127659574469,19.680851063829788,68.61702127659575,55.85106382978723,12.76595744680851
E00179034,147,57,22,35,90,78,12,38.775510204081634,14.965986394557824,23.809523809523807,61.224489795918366,53.06122448979592,8.16326530612245
E00179035,253,37,14,23,216,186,30,14.624505928853754,5.533596837944664,9.090909090909092,85.37549407114624,73.51778656126481,11.857707509881422
E00179036,186,67,28,39,119,99,20,36.02150537634409,15.053763440860216,20.967741935483872,63.97849462365591,53.2258064516129,10.75268817204301
E00179037,192,45,21,24,147,129,18,23.4375,10.9375,12.5,76.5625,67.1875,9.375
E00179038,116,38,14,24,78,71,7,32.758620689655174,12.068965517241379,20.689655172413794,67.24137931034483,61.206896551724135,6.0344827586206895
E00179039,138,34,11,23,104,88,16,24.637681159420293,7.971014492753622,16.666666666666664,75.36231884057972,63.76811594202898,11.594202898550725
E00179040,109,9,4,5,100,81,19,8.256880733944955,3.669724770642202,4.587155963302752,91.74311926605505,74.31192660550458,17.431192660550458
E00179041,284,74,22,52,210,193,17,26.056338028169012,7.746478873239436,18.30985915492958,73.94366197183099,67.95774647887323,5.985915492957746
E00179043,127,43,14,29,84,76,8,33.85826771653544,11.023622047244094,22.83464566929134,66.14173228346458,59.84251968503938,6.299212598425196
E00179044,287,39,19,20,248,208,40,13.588850174216027,6.620209059233449,6.968641114982578,86.41114982578398,72.47386759581882,13.937282229965156
E00179046,59,22,7,15,37,29,8,37.28813559322034,11.864406779661017,25.423728813559322,62.71186440677966,49.152542372881356,13.559322033898304
E00179047,294,88,36,52,206,159,47,29.931972789115648,12.244897959183673,17.687074829931973,70.06802721088435,54.08163265306123,15.98639455782313
E00179048,210,76,21,55,134,117,17,36.19047619047619,10,26.190476190476193,63.8095238095238,55.714285714285715,8.095238095238095
E00179049,161,41,24,17,120,98,22,25.465838509316768,14.906832298136646,10.559006211180124,74.53416149068323,60.86956521739131,13.664596273291925
E00179050,186,32,10,22,154,139,15,17.20430107526882,5.376344086021505,11.827956989247312,82.79569892473118,74.73118279569893,8.064516129032258
E00179051,204,62,22,40,142,127,15,30.392156862745097,10.784313725490197,19.607843137254903,69.6078431372549,62.254901960784316,7.352941176470589
E00179053,240,85,27,58,155,135,20,35.41666666666667,11.25,24.166666666666668,64.58333333333334,56.25,8.333333333333332
E00179054,74,29,8,21,45,36,9,39.189189189189186,10.81081081081081,28.37837837837838,60.810810810810814,48.64864864864865,12.162162162162163
E00179055,212,37,18,19,175,148,27,17.452830188679243,8.49056603773585,8.962264150943396,82.54716981132076,69.81132075471697,12.735849056603774
E00179056,120,48,24,24,72,60,12,40,20,20,60,50,10
E00179058,75,31,9,22,44,38,6,41.333333333333336,12,29.333333333333332,58.666666666666664,50.66666666666667,8
E00179059,78,15,5,10,63,57,6,19.230769230769234,6.41025641025641,12.82051282051282,80.76923076923077,73.07692307692307,7.6923076923076925
E00179060,154,37,7,30,117,105,12,24.025974025974026,4.545454545454546,19.480519480519483,75.97402597402598,68.18181818181817,7.792207792207792
E00179061,75,22,7,15,53,46,7,29.333333333333332,9.333333333333334,20,70.66666666666667,61.33333333333333,9.333333333333334
E00179062,204,95,65,30,109,97,12,46.568627450980394,31.862745098039213,14.705882352941178,53.431372549019606,47.549019607843135,5.88235294117647
E00179064,173,62,17,45,111,97,14,35.83815028901734,9.826589595375722,26.011560693641616,64.16184971098265,56.06936416184971,8.092485549132949
E00179065,95,8,3,5,87,73,14,8.421052631578947,3.1578947368421053,5.263157894736842,91.57894736842105,76.84210526315789,14.736842105263156
E00179066,168,19,11,8,149,108,41,11.30952380952381,6.547619047619048,4.761904761904762,88.69047619047619,64.28571428571429,24.404761904761905
E00179067,199,21,9,12,178,151,27,10.552763819095476,4.522613065326634,6.030150753768844,89.44723618090453,75.87939698492463,13.5678391959799
E00179068,91,5,2,3,86,75,11,5.4945054945054945,2.197802197802198,3.296703296703297,94.5054945054945,82.41758241758241,12.087912087912088
E00179069,315,46,15,31,269,243,26,14.603174603174605,4.761904761904762,9.841269841269842,85.39682539682539,77.14285714285715,8.253968253968253
E00179070,69,31,10,21,38,29,9,44.927536231884055,14.492753623188406,30.434782608695656,55.072463768115945,42.028985507246375,13.043478260869565
E00179071,230,82,20,62,148,132,16,35.65217391304348,8.695652173913043,26.956521739130434,64.34782608695652,57.391304347826086,6.956521739130435
E00179072,183,28,9,19,155,131,24,15.300546448087433,4.918032786885246,10.382513661202186,84.69945355191257,71.58469945355192,13.114754098360656
E00179073,252,57,12,45,195,166,29,22.61904761904762,4.761904761904762,17.857142857142858,77.38095238095238,65.87301587301587,11.507936507936508
