OA,ts0380001,ts0380002,ts0380003,ts0380004,ts0380005,ts0380006,ts0380007,ts0380002_PCT,ts0380003_PCT,ts0380004_PCT,ts0380005_PCT,ts0380006_PCT,ts0380007_PCT
E00121396,443,50,19,31,393,18,375,11.286681715575622,4.288939051918736,6.997742663656885,88.71331828442437,4.063205417607223,84.65011286681715
E00121397,296,38,12,26,258,21,237,12.837837837837837,4.054054054054054,8.783783783783784,87.16216216216216,7.094594594594595,80.06756756756756
E00121398,380,32,7,25,348,28,320,8.421052631578947,1.8421052631578945,6.578947368421052,91.57894736842105,7.368421052631578,84.21052631578947
E00121399,357,37,13,24,320,31,289,10.364145658263306,3.6414565826330536,6.722689075630252,89.6358543417367,8.683473389355742,80.95238095238095
E00121400,350,32,11,21,318,17,301,9.142857142857142,3.1428571428571432,6,90.85714285714286,4.857142857142857,86
E00121401,321,27,5,22,294,16,278,8.411214953271028,1.557632398753894,6.853582554517133,91.58878504672897,4.984423676012461,86.6043613707165
E00121402,465,54,17,37,411,23,388,11.612903225806452,3.655913978494624,7.956989247311828,88.38709677419355,4.946236559139785,83.44086021505376
E00121403,246,22,8,14,224,24,200,8.94308943089431,3.2520325203252036,5.691056910569105,91.05691056910568,9.75609756097561,81.30081300813008
E00121404,344,39,6,33,305,22,283,11.337209302325581,1.744186046511628,9.593023255813954,88.66279069767442,6.395348837209303,82.26744186046511
E00121405,315,30,7,23,285,18,267,9.523809523809524,2.2222222222222223,7.301587301587302,90.47619047619048,5.714285714285714,84.76190476190476
E00121406,337,25,8,17,312,25,287,7.418397626112759,2.3738872403560833,5.044510385756676,92.58160237388724,7.418397626112759,85.16320474777447
E00121407,287,46,23,23,241,23,218,16.02787456445993,8.013937282229964,8.013937282229964,83.97212543554006,8.013937282229964,75.9581881533101
E00121408,355,38,10,28,317,33,284,10.704225352112676,2.8169014084507045,7.887323943661972,89.29577464788733,9.295774647887324,80
E00121409,311,42,13,29,269,20,249,13.504823151125404,4.180064308681672,9.32475884244373,86.49517684887459,6.430868167202572,80.06430868167203
E00121410,327,30,11,19,297,30,267,9.174311926605505,3.3639143730886847,5.81039755351682,90.82568807339449,9.174311926605505,81.65137614678899
E00121411,372,44,20,24,328,24,304,11.827956989247312,5.376344086021505,6.451612903225806,88.17204301075269,6.451612903225806,81.72043010752688
E00121412,325,48,14,34,277,22,255,14.76923076923077,4.3076923076923075,10.461538461538462,85.23076923076923,6.769230769230769,78.46153846153847
E00121413,328,56,16,40,272,23,249,17.073170731707318,4.878048780487805,12.195121951219512,82.92682926829268,7.01219512195122,75.91463414634147
E00121414,261,69,28,41,192,25,167,26.436781609195403,10.727969348659004,15.708812260536398,73.5632183908046,9.578544061302683,63.984674329501914
E00121415,276,38,11,27,238,19,219,13.768115942028986,3.985507246376811,9.782608695652174,86.23188405797102,6.884057971014493,79.34782608695652
E00121416,352,70,30,40,282,27,255,19.886363636363637,8.522727272727272,11.363636363636363,80.11363636363636,7.670454545454546,72.44318181818183
E00121417,342,65,26,39,277,18,259,19.005847953216374,7.602339181286549,11.403508771929824,80.99415204678363,5.263157894736842,75.73099415204678
E00121418,281,62,36,26,219,27,192,22.064056939501782,12.811387900355871,9.252669039145907,77.93594306049823,9.608540925266903,68.32740213523132
E00121419,239,79,45,34,160,23,137,33.054393305439326,18.828451882845187,14.225941422594143,66.94560669456067,9.623430962343097,57.32217573221757
E00121420,307,61,23,38,246,26,220,19.86970684039088,7.491856677524431,12.37785016286645,80.13029315960912,8.469055374592834,71.66123778501628
E00121421,367,57,18,39,310,27,283,15.531335149863759,4.904632152588556,10.626702997275205,84.46866485013625,7.3569482288828345,77.11171662125341
E00121422,261,40,13,27,221,21,200,15.32567049808429,4.980842911877394,10.344827586206897,84.67432950191571,8.045977011494253,76.62835249042146
E00121423,321,41,16,25,280,26,254,12.77258566978193,4.984423676012461,7.78816199376947,87.22741433021807,8.09968847352025,79.12772585669782
E00121424,251,44,8,36,207,20,187,17.52988047808765,3.187250996015936,14.342629482071715,82.47011952191235,7.968127490039841,74.5019920318725
E00121425,291,58,19,39,233,25,208,19.93127147766323,6.529209621993128,13.402061855670103,80.06872852233677,8.59106529209622,71.47766323024055
E00121426,210,26,12,14,184,18,166,12.380952380952381,5.714285714285714,6.666666666666667,87.61904761904762,8.571428571428571,79.04761904761905
E00121427,291,66,28,38,225,22,203,22.68041237113402,9.621993127147768,13.058419243986256,77.31958762886599,7.560137457044673,69.7594501718213
E00121428,330,36,10,26,294,28,266,10.909090909090908,3.0303030303030303,7.878787878787878,89.0909090909091,8.484848484848486,80.60606060606061
E00121429,307,40,9,31,267,19,248,13.029315960912053,2.9315960912052117,10.097719869706841,86.97068403908796,6.188925081433225,80.78175895765473
E00121430,235,33,15,18,202,15,187,14.042553191489363,6.382978723404255,7.659574468085106,85.95744680851064,6.382978723404255,79.57446808510639
E00121431,296,40,14,26,256,33,223,13.513513513513514,4.72972972972973,8.783783783783784,86.48648648648648,11.14864864864865,75.33783783783784
E00121432,311,55,21,34,256,19,237,17.684887459807076,6.752411575562702,10.932475884244374,82.31511254019293,6.109324758842444,76.20578778135048
E00121433,279,82,41,41,197,18,179,29.39068100358423,14.695340501792115,14.695340501792115,70.60931899641577,6.451612903225806,64.15770609318996
E00121434,305,48,20,28,257,18,239,15.737704918032788,6.557377049180328,9.180327868852459,84.26229508196721,5.901639344262295,78.36065573770492
E00121435,258,40,14,26,218,9,209,15.503875968992247,5.426356589147287,10.077519379844961,84.49612403100775,3.488372093023256,81.0077519379845
E00121436,359,58,26,32,301,18,283,16.15598885793872,7.242339832869081,8.913649025069638,83.84401114206128,5.013927576601671,78.8300835654596
E00121438,314,62,32,30,252,25,227,19.745222929936308,10.191082802547772,9.554140127388536,80.2547770700637,7.961783439490445,72.29299363057325
E00121439,366,75,26,49,291,35,256,20.491803278688526,7.103825136612022,13.387978142076504,79.50819672131148,9.562841530054644,69.94535519125684
E00121440,236,65,29,36,171,17,154,27.54237288135593,12.288135593220339,15.254237288135593,72.45762711864407,7.203389830508475,65.2542372881356
E00121441,282,67,28,39,215,24,191,23.75886524822695,9.929078014184398,13.829787234042554,76.24113475177306,8.51063829787234,67.73049645390071
E00121442,203,62,24,38,141,23,118,30.541871921182267,11.822660098522167,18.7192118226601,69.45812807881774,11.330049261083744,58.128078817733986
E00121443,252,29,7,22,223,32,191,11.507936507936508,2.7777777777777777,8.73015873015873,88.4920634920635,12.698412698412698,75.79365079365078
E00121444,372,43,13,30,329,25,304,11.559139784946236,3.494623655913978,8.064516129032258,88.44086021505376,6.720430107526881,81.72043010752688
E00121445,277,47,13,34,230,33,197,16.967509025270758,4.693140794223827,12.274368231046932,83.03249097472924,11.913357400722022,71.11913357400722
E00121446,279,52,14,38,227,19,208,18.63799283154122,5.017921146953405,13.620071684587815,81.36200716845879,6.810035842293908,74.55197132616487
E00121447,307,42,9,33,265,32,233,13.680781758957655,2.9315960912052117,10.749185667752444,86.31921824104235,10.423452768729643,75.8957654723127
E00121448,422,75,28,47,347,29,318,17.77251184834123,6.6350710900473935,11.137440758293838,82.22748815165876,6.872037914691943,75.35545023696683
E00121449,350,41,12,29,309,27,282,11.714285714285715,3.428571428571429,8.285714285714285,88.28571428571429,7.7142857142857135,80.57142857142857
E00121450,354,44,22,22,310,33,277,12.429378531073446,6.214689265536723,6.214689265536723,87.57062146892656,9.322033898305085,78.24858757062147
E00121451,289,50,18,32,239,24,215,17.301038062283737,6.228373702422145,11.072664359861593,82.69896193771626,8.304498269896193,74.39446366782006
E00121452,242,51,27,24,191,22,169,21.074380165289256,11.15702479338843,9.917355371900827,78.92561983471074,9.090909090909092,69.83471074380165
E00121453,286,46,21,25,240,26,214,16.083916083916083,7.3426573426573425,8.741258741258742,83.91608391608392,9.090909090909092,74.82517482517483
E00121454,383,66,24,42,317,30,287,17.232375979112273,6.266318537859007,10.966057441253264,82.76762402088774,7.83289817232376,74.93472584856397
E00121455,122,63,36,27,59,6,53,51.63934426229508,29.508196721311474,22.131147540983605,48.36065573770492,4.918032786885246,43.44262295081967
E00121456,278,33,6,27,245,20,225,11.870503597122301,2.158273381294964,9.712230215827338,88.12949640287769,7.1942446043165464,80.93525179856115
E00121457,306,39,14,25,267,27,240,12.745098039215685,4.57516339869281,8.169934640522875,87.25490196078431,8.823529411764707,78.43137254901961
E00121458,255,62,23,39,193,21,172,24.313725490196077,9.019607843137255,15.294117647058824,75.68627450980392,8.235294117647058,67.45098039215686
E00121459,548,55,11,44,493,36,457,10.036496350364963,2.0072992700729926,8.02919708029197,89.96350364963503,6.569343065693431,83.3941605839416
E00121460,529,85,25,60,444,36,408,16.068052930056712,4.725897920604915,11.342155009451796,83.93194706994329,6.805293005671078,77.12665406427222
E00121461,258,21,5,16,237,11,226,8.13953488372093,1.937984496124031,6.2015503875969,91.86046511627907,4.263565891472868,87.59689922480621
E00121462,342,47,25,22,295,15,280,13.742690058479532,7.309941520467836,6.432748538011696,86.25730994152046,4.385964912280701,81.87134502923976
E00121463,378,57,25,32,321,10,311,15.079365079365079,6.613756613756613,8.465608465608465,84.92063492063492,2.6455026455026456,82.27513227513228
E00121464,341,48,24,24,293,14,279,14.076246334310852,7.038123167155426,7.038123167155426,85.92375366568915,4.105571847507331,81.81818181818183
E00121465,326,51,10,41,275,14,261,15.644171779141105,3.067484662576687,12.576687116564417,84.3558282208589,4.294478527607362,80.06134969325154
E00121466,367,54,22,32,313,20,293,14.713896457765669,5.994550408719346,8.71934604904632,85.28610354223434,5.449591280653951,79.83651226158038
E00121467,411,47,11,36,364,26,338,11.435523114355231,2.67639902676399,8.75912408759124,88.56447688564477,6.326034063260341,82.23844282238443
E00121468,402,41,12,29,361,13,348,10.199004975124378,2.9850746268656714,7.213930348258707,89.80099502487562,3.233830845771144,86.56716417910447
E00121469,443,59,27,32,384,18,366,13.31828442437923,6.094808126410835,7.223476297968396,86.68171557562077,4.063205417607223,82.61851015801355
E00121470,430,51,24,27,379,14,365,11.86046511627907,5.5813953488372094,6.279069767441861,88.13953488372093,3.255813953488372,84.88372093023256
E00121471,461,61,20,41,400,20,380,13.232104121475055,4.3383947939262475,8.893709327548807,86.76789587852495,4.3383947939262475,82.4295010845987
E00121472,472,66,32,34,406,24,382,13.983050847457626,6.779661016949152,7.203389830508475,86.01694915254238,5.084745762711865,80.9322033898305
E00121473,540,77,12,65,463,33,430,14.25925925925926,2.2222222222222223,12.037037037037036,85.74074074074073,6.111111111111111,79.62962962962963
E00121474,341,49,22,27,292,19,273,14.369501466275661,6.451612903225806,7.9178885630498534,85.63049853372434,5.571847507331378,80.05865102639295
E00121475,247,106,70,36,141,9,132,42.91497975708502,28.34008097165992,14.5748987854251,57.08502024291497,3.643724696356275,53.441295546558706
E00121476,266,44,16,28,222,18,204,16.541353383458645,6.015037593984962,10.526315789473683,83.45864661654136,6.7669172932330826,76.69172932330827
E00121477,305,56,27,29,249,18,231,18.360655737704917,8.852459016393443,9.508196721311474,81.63934426229508,5.901639344262295,75.73770491803279
E00121478,271,30,10,20,241,12,229,11.07011070110701,3.6900369003690034,7.380073800738007,88.92988929889299,4.428044280442804,84.50184501845018
E00121479,298,62,27,35,236,13,223,20.80536912751678,9.060402684563758,11.74496644295302,79.19463087248322,4.3624161073825505,74.83221476510067
E00121480,399,36,13,23,363,30,333,9.022556390977442,3.258145363408521,5.764411027568922,90.97744360902256,7.518796992481203,83.45864661654136
E00121481,262,44,21,23,218,18,200,16.793893129770993,8.015267175572518,8.778625954198473,83.20610687022901,6.870229007633588,76.33587786259542
E00121483,266,47,17,30,219,36,183,17.669172932330827,6.390977443609022,11.278195488721805,82.33082706766918,13.533834586466165,68.796992481203
E00121484,295,37,11,26,258,23,235,12.54237288135593,3.728813559322034,8.813559322033898,87.45762711864407,7.796610169491526,79.66101694915254
E00121485,316,55,23,32,261,15,246,17.405063291139243,7.2784810126582276,10.126582278481013,82.59493670886076,4.746835443037975,77.84810126582279
E00121486,447,54,14,40,393,29,364,12.080536912751679,3.131991051454139,8.94854586129754,87.91946308724832,6.487695749440715,81.4317673378076
E00121487,348,91,42,49,257,15,242,26.14942528735632,12.068965517241379,14.080459770114942,73.85057471264368,4.310344827586207,69.54022988505747
E00121488,257,36,15,21,221,21,200,14.007782101167315,5.836575875486381,8.171206225680933,85.99221789883269,8.171206225680933,77.82101167315176
E00121489,423,47,22,25,376,13,363,11.11111111111111,5.200945626477541,5.91016548463357,88.88888888888889,3.0732860520094563,85.81560283687944
E00121490,199,43,17,26,156,8,148,21.608040201005025,8.542713567839195,13.06532663316583,78.39195979899498,4.0201005025125625,74.37185929648241
E00121493,301,41,16,25,260,20,240,13.621262458471762,5.3156146179401995,8.305647840531561,86.37873754152824,6.64451827242525,79.734219269103
E00121494,284,40,12,28,244,26,218,14.084507042253522,4.225352112676056,9.859154929577464,85.91549295774648,9.15492957746479,76.76056338028168
E00121495,259,47,14,33,212,18,194,18.146718146718147,5.405405405405405,12.741312741312742,81.85328185328186,6.94980694980695,74.9034749034749
E00121496,310,30,9,21,280,33,247,9.67741935483871,2.903225806451613,6.774193548387098,90.32258064516128,10.64516129032258,79.6774193548387
E00121497,282,41,12,29,241,12,229,14.539007092198581,4.25531914893617,10.28368794326241,85.46099290780141,4.25531914893617,81.20567375886525
E00121498,555,89,51,38,466,29,437,16.036036036036037,9.18918918918919,6.846846846846846,83.96396396396396,5.225225225225225,78.73873873873873
E00121499,338,49,19,30,289,14,275,14.497041420118343,5.621301775147929,8.875739644970414,85.50295857988166,4.142011834319527,81.36094674556213
E00121500,287,30,8,22,257,37,220,10.452961672473867,2.7874564459930316,7.665505226480835,89.54703832752612,12.89198606271777,76.65505226480836
E00121501,393,77,46,31,316,15,301,19.59287531806616,11.704834605597965,7.888040712468193,80.40712468193384,3.816793893129771,76.59033078880407
E00121502,247,52,21,31,195,12,183,21.052631578947366,8.502024291497975,12.550607287449392,78.94736842105263,4.8582995951417,74.08906882591093
E00121503,356,48,17,31,308,20,288,13.48314606741573,4.775280898876404,8.707865168539326,86.51685393258427,5.617977528089887,80.89887640449437
E00121504,268,58,22,36,210,11,199,21.641791044776117,8.208955223880597,13.432835820895523,78.35820895522389,4.104477611940299,74.25373134328358
E00121505,393,42,16,26,351,23,328,10.687022900763358,4.071246819338422,6.615776081424936,89.31297709923665,5.852417302798982,83.46055979643766
E00121507,379,40,17,23,339,17,322,10.554089709762533,4.485488126649076,6.068601583113456,89.44591029023746,4.485488126649076,84.96042216358839
E00121508,248,39,11,28,209,13,196,15.725806451612904,4.435483870967742,11.29032258064516,84.2741935483871,5.241935483870968,79.03225806451613
E00121510,363,48,17,31,315,17,298,13.223140495867769,4.683195592286501,8.539944903581267,86.77685950413223,4.683195592286501,82.09366391184572
E00121511,351,61,19,42,290,24,266,17.37891737891738,5.413105413105413,11.965811965811966,82.62108262108262,6.837606837606838,75.78347578347578
E00121512,371,71,33,38,300,15,285,19.137466307277627,8.89487870619946,10.242587601078167,80.86253369272237,4.0431266846361185,76.81940700808624
E00121513,353,42,9,33,311,21,290,11.89801699716714,2.5495750708215295,9.34844192634561,88.10198300283287,5.94900849858357,82.15297450424929
E00121514,216,41,20,21,175,10,165,18.98148148148148,9.25925925925926,9.722222222222223,81.01851851851852,4.62962962962963,76.38888888888889
E00121515,335,51,18,33,284,25,259,15.223880597014924,5.3731343283582085,9.850746268656717,84.77611940298507,7.462686567164178,77.31343283582089
E00121516,402,67,27,40,335,28,307,16.666666666666664,6.7164179104477615,9.950248756218906,83.33333333333334,6.965174129353234,76.3681592039801
E00121517,347,39,16,23,308,26,282,11.239193083573488,4.610951008645533,6.628242074927954,88.76080691642652,7.492795389048991,81.26801152737752
E00121518,328,55,21,34,273,17,256,16.76829268292683,6.402439024390244,10.365853658536585,83.23170731707317,5.182926829268292,78.04878048780488
E00121519,361,43,17,26,318,20,298,11.911357340720222,4.7091412742382275,7.202216066481995,88.08864265927978,5.540166204986149,82.54847645429363
E00121520,222,31,7,24,191,14,177,13.963963963963963,3.153153153153153,10.81081081081081,86.03603603603604,6.306306306306306,79.72972972972973
E00121522,324,51,21,30,273,13,260,15.74074074074074,6.481481481481481,9.25925925925926,84.25925925925925,4.012345679012346,80.24691358024691
E00121523,383,56,23,33,327,19,308,14.621409921671018,6.005221932114883,8.616187989556137,85.37859007832898,4.960835509138381,80.4177545691906
E00121524,339,49,16,33,290,14,276,14.454277286135694,4.71976401179941,9.734513274336283,85.54572271386431,4.129793510324483,81.41592920353983
E00121525,381,48,27,21,333,16,317,12.598425196850393,7.086614173228346,5.511811023622047,87.4015748031496,4.199475065616798,83.2020997375328
E00121526,316,47,19,28,269,18,251,14.873417721518987,6.012658227848101,8.860759493670885,85.12658227848101,5.69620253164557,79.43037974683544
E00121527,302,34,7,27,268,9,259,11.258278145695364,2.3178807947019866,8.940397350993377,88.74172185430463,2.980132450331126,85.76158940397352
E00121528,393,45,17,28,348,21,327,11.450381679389313,4.325699745547073,7.124681933842239,88.54961832061069,5.343511450381679,83.20610687022901
E00121529,250,27,10,17,223,13,210,10.8,4,6.800000000000001,89.2,5.2,84
E00121530,381,50,28,22,331,18,313,13.123359580052494,7.349081364829396,5.774278215223097,86.8766404199475,4.724409448818897,82.1522309711286
E00121531,344,45,11,34,299,20,279,13.08139534883721,3.1976744186046515,9.883720930232558,86.9186046511628,5.813953488372093,81.1046511627907
E00121532,356,50,18,32,306,21,285,14.04494382022472,5.056179775280898,8.98876404494382,85.95505617977528,5.8988764044943816,80.0561797752809
E00121533,197,73,37,36,124,19,105,37.055837563451774,18.781725888324875,18.274111675126903,62.944162436548226,9.644670050761421,53.299492385786806
E00121534,389,43,18,25,346,21,325,11.053984575835475,4.627249357326478,6.426735218508997,88.94601542416453,5.3984575835475574,83.54755784061697
E00121535,416,51,16,35,365,17,348,12.259615384615383,3.8461538461538463,8.413461538461538,87.74038461538461,4.086538461538462,83.65384615384616
E00121536,341,54,13,41,287,16,271,15.835777126099707,3.812316715542522,12.023460410557185,84.1642228739003,4.69208211143695,79.47214076246334
E00121537,405,44,17,27,361,21,340,10.864197530864198,4.197530864197531,6.666666666666667,89.13580246913581,5.185185185185185,83.9506172839506
E00121538,382,56,18,38,326,12,314,14.659685863874344,4.712041884816754,9.947643979057592,85.34031413612566,3.1413612565445024,82.19895287958116
E00121539,397,59,19,40,338,10,328,14.86146095717884,4.785894206549118,10.075566750629724,85.13853904282117,2.518891687657431,82.61964735516372
E00121541,679,90,22,68,589,43,546,13.25478645066274,3.2400589101620034,10.014727540500736,86.74521354933727,6.332842415316642,80.41237113402062
E00121542,362,95,58,37,267,21,246,26.243093922651934,16.022099447513813,10.220994475138122,73.75690607734806,5.801104972375691,67.95580110497238
E00121544,298,43,14,29,255,15,240,14.429530201342283,4.697986577181208,9.731543624161073,85.57046979865773,5.033557046979865,80.53691275167785
E00121545,364,47,21,26,317,16,301,12.912087912087914,5.769230769230769,7.142857142857142,87.08791208791209,4.395604395604396,82.6923076923077
E00121546,376,48,17,31,328,18,310,12.76595744680851,4.521276595744681,8.24468085106383,87.2340425531915,4.787234042553192,82.4468085106383
E00121547,315,40,16,24,275,14,261,12.698412698412698,5.079365079365079,7.6190476190476195,87.3015873015873,4.444444444444445,82.85714285714286
E00121550,323,41,14,27,282,20,262,12.693498452012383,4.3343653250774,8.359133126934983,87.30650154798761,6.191950464396285,81.11455108359134
E00121551,379,30,9,21,349,27,322,7.9155672823219,2.3746701846965697,5.540897097625329,92.0844327176781,7.12401055408971,84.96042216358839
E00121552,337,66,42,24,271,33,238,19.584569732937684,12.462908011869436,7.121661721068249,80.41543026706232,9.792284866468842,70.62314540059347
E00121553,271,39,12,27,232,17,215,14.391143911439114,4.428044280442804,9.96309963099631,85.60885608856088,6.273062730627306,79.33579335793358
E00121554,478,87,32,55,391,22,369,18.200836820083683,6.694560669456067,11.506276150627615,81.79916317991632,4.602510460251046,77.19665271966527
E00121555,302,55,22,33,247,18,229,18.211920529801322,7.28476821192053,10.927152317880795,81.78807947019867,5.960264900662252,75.82781456953643
E00121556,371,46,15,31,325,23,302,12.398921832884097,4.0431266846361185,8.355795148247978,87.6010781671159,6.199460916442049,81.40161725067385
E00121557,330,53,24,29,277,23,254,16.060606060606062,7.2727272727272725,8.787878787878787,83.93939393939394,6.969696969696971,76.96969696969697
E00121558,287,54,28,26,233,28,205,18.81533101045296,9.75609756097561,9.059233449477352,81.18466898954703,9.75609756097561,71.42857142857143
E00121559,280,34,7,27,246,19,227,12.142857142857142,2.5,9.642857142857144,87.85714285714286,6.785714285714286,81.07142857142857
E00121560,370,63,23,40,307,23,284,17.027027027027028,6.216216216216217,10.81081081081081,82.97297297297297,6.216216216216217,76.75675675675676
E00121561,227,59,41,18,168,15,153,25.991189427312776,18.06167400881057,7.929515418502203,74.00881057268722,6.607929515418502,67.40088105726872
E00121562,336,69,25,44,267,20,247,20.535714285714285,7.440476190476191,13.095238095238097,79.46428571428571,5.952380952380952,73.51190476190477
E00121563,183,51,27,24,132,17,115,27.86885245901639,14.754098360655737,13.114754098360656,72.1311475409836,9.289617486338798,62.841530054644814
E00121564,337,48,25,23,289,21,268,14.243323442136498,7.418397626112759,6.824925816023739,85.7566765578635,6.231454005934718,79.52522255192879
E00121565,362,54,20,34,308,25,283,14.917127071823206,5.524861878453039,9.392265193370166,85.0828729281768,6.906077348066299,78.1767955801105
E00121566,611,102,52,50,509,33,476,16.693944353518823,8.51063829787234,8.183306055646481,83.30605564648118,5.400981996726677,77.9050736497545
E00121567,379,63,21,42,316,31,285,16.62269129287599,5.540897097625329,11.081794195250659,83.37730870712402,8.179419525065963,75.19788918205805
E00121569,354,68,28,40,286,21,265,19.2090395480226,7.909604519774012,11.299435028248588,80.7909604519774,5.932203389830509,74.85875706214689
E00121570,308,48,19,29,260,20,240,15.584415584415584,6.1688311688311686,9.415584415584416,84.4155844155844,6.493506493506493,77.92207792207793
E00121571,336,44,15,29,292,19,273,13.095238095238097,4.464285714285714,8.630952380952381,86.90476190476191,5.654761904761905,81.25
E00121572,325,46,16,30,279,28,251,14.153846153846153,4.923076923076923,9.230769230769232,85.84615384615385,8.615384615384615,77.23076923076924
E00121575,332,30,14,16,302,33,269,9.036144578313253,4.216867469879518,4.819277108433735,90.96385542168674,9.939759036144578,81.02409638554217
E00121576,350,50,23,27,300,18,282,14.285714285714285,6.571428571428571,7.7142857142857135,85.71428571428571,5.142857142857142,80.57142857142857
E00121577,418,56,22,34,362,18,344,13.397129186602871,5.263157894736842,8.133971291866029,86.60287081339713,4.30622009569378,82.29665071770334
E00121579,377,71,29,42,306,13,293,18.83289124668435,7.6923076923076925,11.140583554376658,81.16710875331566,3.4482758620689653,77.71883289124668
E00121580,218,37,19,18,181,12,169,16.972477064220186,8.715596330275229,8.256880733944955,83.02752293577981,5.5045871559633035,77.52293577981652
E00121581,411,77,29,48,334,31,303,18.734793187347933,7.0559610705596105,11.678832116788321,81.26520681265207,7.542579075425791,73.72262773722628
E00121582,354,48,16,32,306,24,282,13.559322033898304,4.519774011299435,9.03954802259887,86.4406779661017,6.779661016949152,79.66101694915254
E00121583,271,50,20,30,221,16,205,18.45018450184502,7.380073800738007,11.07011070110701,81.54981549815497,5.904059040590406,75.64575645756457
E00121584,251,47,23,24,204,17,187,18.725099601593627,9.163346613545817,9.56175298804781,81.27490039840637,6.772908366533864,74.5019920318725
E00121585,345,43,9,34,302,25,277,12.46376811594203,2.608695652173913,9.855072463768117,87.53623188405797,7.246376811594203,80.28985507246377
E00121586,300,35,10,25,265,26,239,11.666666666666666,3.3333333333333335,8.333333333333332,88.33333333333333,8.666666666666668,79.66666666666666
E00121587,315,52,21,31,263,24,239,16.507936507936506,6.666666666666667,9.841269841269842,83.4920634920635,7.6190476190476195,75.87301587301587
E00121588,342,56,21,35,286,22,264,16.374269005847953,6.140350877192982,10.23391812865497,83.62573099415205,6.432748538011696,77.19298245614034
E00121589,327,62,23,39,265,21,244,18.960244648318042,7.033639143730887,11.926605504587156,81.03975535168195,6.422018348623854,74.61773700305811
E00121590,346,42,12,30,304,19,285,12.138728323699421,3.4682080924855487,8.670520231213873,87.861271676300575,5.491329479768786,82.36994219653178
E00121591,331,41,12,29,290,37,253,12.386706948640484,3.625377643504532,8.761329305135952,87.61329305135952,11.178247734138973,76.43504531722054
E00121592,328,63,27,36,265,23,242,19.20731707317073,8.231707317073171,10.975609756097562,80.79268292682927,7.01219512195122,73.78048780487805
E00121593,344,36,16,20,308,15,293,10.465116279069768,4.651162790697675,5.813953488372093,89.53488372093024,4.3604651162790695,85.17441860465115
E00121594,330,39,8,31,291,21,270,11.818181818181818,2.4242424242424243,9.393939393939393,88.18181818181819,6.363636363636363,81.81818181818183
E00121595,333,53,26,27,280,22,258,15.915915915915916,7.807807807807808,8.108108108108109,84.08408408408408,6.606606606606606,77.47747747747748
E00121596,359,28,10,18,331,27,304,7.7994428969359335,2.785515320334262,5.013927576601671,92.20055710306406,7.520891364902507,84.67966573816156
E00121597,328,33,8,25,295,16,279,10.060975609756099,2.4390243902439024,7.621951219512195,89.9390243902439,4.878048780487805,85.0609756097561
E00121598,397,41,13,28,356,20,336,10.327455919395465,3.27455919395466,7.052896725440807,89.67254408060454,5.037783375314862,84.63476070528966
E00121599,395,36,7,29,359,32,327,9.113924050632912,1.7721518987341773,7.341772151898734,90.88607594936708,8.10126582278481,82.78481012658227
E00121600,349,47,17,30,302,20,282,13.46704871060172,4.871060171919771,8.595988538681947,86.53295128939828,5.730659025787966,80.80229226361033
E00121601,301,30,11,19,271,17,254,9.966777408637874,3.6544850498338874,6.312292358803987,90.03322259136213,5.647840531561462,84.38538205980066
E00121602,354,43,7,36,311,30,281,12.146892655367232,1.977401129943503,10.16949152542373,87.85310734463276,8.47457627118644,79.37853107344633
E00121603,340,50,10,40,290,21,269,14.705882352941178,2.941176470588235,11.76470588235294,85.29411764705883,6.176470588235294,79.11764705882352
E00121604,348,51,17,34,297,19,278,14.655172413793101,4.885057471264368,9.770114942528735,85.34482758620689,5.459770114942529,79.88505747126436
E00121605,376,34,10,24,342,24,318,9.042553191489363,2.6595744680851063,6.382978723404255,90.95744680851064,6.382978723404255,84.57446808510637
E00121606,254,38,20,18,216,19,197,14.960629921259844,7.874015748031496,7.086614173228346,85.03937007874016,7.480314960629922,77.55905511811024
E00121607,225,42,23,19,183,8,175,18.666666666666668,10.222222222222223,8.444444444444445,81.33333333333333,3.5555555555555554,77.77777777777779
E00121608,308,45,11,34,263,22,241,14.61038961038961,3.571428571428571,11.03896103896104,85.3896103896104,7.142857142857142,78.24675324675324
E00121609,303,58,19,39,245,21,224,19.141914191419144,6.270627062706271,12.871287128712872,80.85808580858085,6.9306930693069315,73.92739273927393
E00121610,316,32,11,21,284,32,252,10.126582278481013,3.481012658227848,6.6455696202531636,89.87341772151899,10.126582278481013,79.74683544303798
E00121611,274,56,21,35,218,18,200,20.437956204379564,7.664233576642336,12.773722627737227,79.56204379562044,6.569343065693431,72.99270072992701
E00121612,437,79,30,49,358,29,329,18.07780320366133,6.864988558352403,11.212814645308924,81.92219679633868,6.636155606407322,75.28604118993135
E00121613,307,56,20,36,251,17,234,18.241042345276874,6.514657980456026,11.726384364820847,81.75895765472313,5.537459283387622,76.2214983713355
E00121614,343,43,10,33,300,26,274,12.536443148688047,2.9154518950437316,9.620991253644315,87.46355685131195,7.580174927113703,79.88338192419825
E00121615,265,33,8,25,232,23,209,12.452830188679245,3.018867924528302,9.433962264150944,87.54716981132076,8.679245283018867,78.8679245283019
E00121616,237,57,26,31,180,13,167,24.050632911392405,10.970464135021098,13.080168776371309,75.9493670886076,5.485232067510549,70.46413502109705
E00121617,179,80,36,44,99,9,90,44.6927374301676,20.11173184357542,24.581005586592177,55.3072625698324,5.027932960893855,50.27932960893855
E00121618,257,23,5,18,234,18,216,8.949416342412452,1.9455252918287937,7.003891050583658,91.05058365758755,7.003891050583658,84.04669260700389
E00121619,281,46,15,31,235,23,212,16.370106761565836,5.338078291814947,11.032028469750891,83.62989323843416,8.185053380782918,75.44483985765125
E00121620,149,60,35,25,89,10,79,40.26845637583892,23.48993288590604,16.778523489932887,59.73154362416108,6.7114093959731544,53.02013422818792
E00121621,248,46,20,26,202,16,186,18.548387096774192,8.064516129032258,10.483870967741936,81.45161290322581,6.451612903225806,75
E00121622,218,19,4,15,199,25,174,8.715596330275229,1.834862385321101,6.8807339449541285,91.28440366972477,11.46788990825688,79.81651376146789
E00121623,288,37,14,23,251,19,232,12.847222222222221,4.861111111111112,7.986111111111111,87.15277777777779,6.597222222222222,80.55555555555556
E00121624,260,55,16,39,205,24,181,21.153846153846153,6.153846153846154,15,78.84615384615384,9.230769230769232,69.61538461538461
E00121625,300,46,22,24,254,26,228,15.333333333333332,7.333333333333333,8,84.66666666666667,8.666666666666668,76
E00121626,239,23,8,15,216,18,198,9.623430962343097,3.3472803347280333,6.2761506276150625,90.3765690376569,7.531380753138076,82.84518828451883
E00121627,246,37,8,29,209,23,186,15.040650406504067,3.2520325203252036,11.788617886178862,84.95934959349594,9.34959349593496,75.60975609756098
E00121628,262,40,16,24,222,19,203,15.267175572519085,6.106870229007633,9.16030534351145,84.7328244274809,7.251908396946565,77.48091603053436
E00121629,260,82,40,42,178,19,159,31.538461538461537,15.384615384615385,16.153846153846153,68.46153846153847,7.307692307692308,61.15384615384616
E00121630,393,61,20,41,332,19,313,15.521628498727736,5.089058524173027,10.432569974554708,84.47837150127226,4.8346055979643765,79.64376590330788
E00121631,290,51,13,38,239,32,207,17.586206896551722,4.482758620689655,13.10344827586207,82.41379310344827,11.03448275862069,71.37931034482759
E00121632,243,38,16,22,205,24,181,15.637860082304528,6.584362139917696,9.053497942386832,84.36213991769547,9.876543209876543,74.48559670781893
E00121633,343,49,17,32,294,23,271,14.285714285714285,4.956268221574344,9.329446064139942,85.71428571428571,6.705539358600583,79.00874635568513
E00121634,357,60,26,34,297,9,288,16.80672268907563,7.282913165266107,9.523809523809524,83.19327731092437,2.5210084033613445,80.67226890756302
E00121635,382,52,27,25,330,27,303,13.612565445026178,7.068062827225131,6.544502617801047,86.38743455497382,7.068062827225131,79.31937172774869
E00121636,354,75,36,39,279,33,246,21.1864406779661,10.16949152542373,11.016949152542372,78.8135593220339,9.322033898305085,69.49152542372882
E00121638,396,103,58,45,293,30,263,26.01010101010101,14.646464646464647,11.363636363636363,73.98989898989899,7.575757575757576,66.41414141414141
E00121639,302,39,15,24,263,16,247,12.91390728476821,4.966887417218543,7.9470198675496695,87.08609271523179,5.298013245033113,81.78807947019867
E00121640,304,55,21,34,249,15,234,18.092105263157894,6.907894736842106,11.18421052631579,81.9078947368421,4.934210526315789,76.97368421052632
E00121642,307,50,17,33,257,23,234,16.286644951140065,5.537459283387622,10.749185667752444,83.71335504885994,7.491856677524431,76.2214983713355
E00121643,265,58,20,38,207,12,195,21.88679245283019,7.547169811320755,14.339622641509434,78.11320754716982,4.528301886792453,73.58490566037736
E00121644,437,67,27,40,370,30,340,15.331807780320366,6.178489702517163,9.153318077803203,84.66819221967964,6.864988558352403,77.80320366132723
E00121645,244,35,11,24,209,18,191,14.344262295081966,4.508196721311475,9.836065573770492,85.65573770491804,7.377049180327869,78.27868852459017
E00121646,310,43,15,28,267,25,242,13.870967741935484,4.838709677419355,9.032258064516128,86.12903225806451,8.064516129032258,78.06451612903226
E00121647,342,46,21,25,296,17,279,13.450292397660817,6.140350877192982,7.309941520467836,86.54970760233918,4.970760233918129,81.57894736842105
E00121648,374,79,36,43,295,24,271,21.12299465240642,9.62566844919786,11.497326203208557,78.87700534759358,6.417112299465241,72.45989304812835
E00121649,357,66,24,42,291,28,263,18.487394957983195,6.722689075630252,11.76470588235294,81.5126050420168,7.8431372549019605,73.66946778711485
E00121650,266,50,20,30,216,19,197,18.796992481203006,7.518796992481203,11.278195488721805,81.203007518797,7.142857142857142,74.06015037593986
E00121651,357,43,22,21,314,25,289,12.044817927170868,6.162464985994398,5.88235294117647,87.95518207282913,7.002801120448179,80.95238095238095
E00121652,269,54,24,30,215,19,196,20.074349442379184,8.921933085501859,11.152416356877323,79.92565055762083,7.063197026022305,72.86245353159852
E00121653,295,60,16,44,235,21,214,20.33898305084746,5.423728813559322,14.915254237288137,79.66101694915254,7.118644067796611,72.54237288135593
E00121654,423,75,30,45,348,23,325,17.73049645390071,7.092198581560284,10.638297872340425,82.26950354609929,5.4373522458628845,76.8321513002364
E00121655,308,36,7,29,272,24,248,11.688311688311687,2.272727272727273,9.415584415584416,88.31168831168831,7.792207792207792,80.51948051948052
E00121656,293,40,9,31,253,43,210,13.651877133105803,3.0716723549488054,10.580204778156997,86.3481228668942,14.675767918088736,71.67235494880546
E00121657,328,50,9,41,278,29,249,15.24390243902439,2.7439024390243905,12.5,84.7560975609756,8.841463414634147,75.91463414634147
E00121658,332,59,19,40,273,42,231,17.771084337349397,5.72289156626506,12.048192771084338,82.2289156626506,12.650602409638553,69.57831325301204
E00121659,260,43,16,27,217,18,199,16.538461538461537,6.153846153846154,10.384615384615385,83.46153846153847,6.923076923076923,76.53846153846153
E00121660,287,48,25,23,239,24,215,16.72473867595819,8.710801393728223,8.013937282229964,83.27526132404182,8.362369337979095,74.91289198606272
E00121661,104,14,2,12,90,8,82,13.461538461538462,1.9230769230769231,11.538461538461538,86.53846153846155,7.6923076923076925,78.84615384615384
E00121662,301,59,29,30,242,36,206,19.601328903654487,9.634551495016613,9.966777408637874,80.39867109634552,11.960132890365449,68.43853820598007
E00121663,328,51,22,29,277,25,252,15.548780487804878,6.707317073170732,8.841463414634147,84.45121951219512,7.621951219512195,76.82926829268293
E00121664,279,28,13,15,251,25,226,10.03584229390681,4.659498207885305,5.376344086021505,89.96415770609319,8.960573476702509,81.00358422939068
E00121665,314,64,27,37,250,18,232,20.382165605095544,8.598726114649681,11.78343949044586,79.61783439490446,5.7324840764331215,73.88535031847134
E00121666,351,60,26,34,291,24,267,17.094017094017094,7.4074074074074066,9.686609686609685,82.90598290598291,6.837606837606838,76.06837606837607
E00121667,323,59,26,33,264,32,232,18.26625386996904,8.04953560371517,10.21671826625387,81.73374613003097,9.907120743034056,71.8266253869969
E00121668,286,61,17,44,225,17,208,21.328671328671327,5.944055944055944,15.384615384615385,78.67132867132867,5.944055944055944,72.72727272727273
E00121669,266,45,19,26,221,12,209,16.917293233082706,7.142857142857142,9.774436090225564,83.0827067669173,4.511278195488721,78.57142857142857
E00121670,281,56,21,35,225,20,205,19.9288256227758,7.473309608540925,12.455516014234876,80.0711743772242,7.11743772241993,72.95373665480427
E00121671,325,49,23,26,276,33,243,15.076923076923077,7.076923076923077,8,84.92307692307692,10.153846153846153,74.76923076923076
E00121672,372,49,17,32,323,23,300,13.172043010752688,4.56989247311828,8.60215053763441,86.82795698924731,6.182795698924731,80.64516129032258
E00121673,317,46,18,28,271,30,241,14.511041009463725,5.678233438485805,8.832807570977918,85.48895899053628,9.46372239747634,76.02523659305994
E00121674,315,54,13,41,261,27,234,17.142857142857142,4.1269841269841265,13.015873015873018,82.85714285714286,8.571428571428571,74.28571428571429
E00121675,358,58,24,34,300,29,271,16.201117318435752,6.70391061452514,9.497206703910614,83.79888268156425,8.100558659217876,75.69832402234637
E00121676,307,50,18,32,257,18,239,16.286644951140065,5.863192182410423,10.423452768729643,83.71335504885994,5.863192182410423,77.85016286644951
E00121677,354,55,16,39,299,27,272,15.53672316384181,4.519774011299435,11.016949152542372,84.4632768361582,7.627118644067797,76.8361581920904
E00121678,266,55,19,36,211,18,193,20.676691729323306,7.142857142857142,13.533834586466165,79.32330827067669,6.7669172932330826,72.55639097744361
E00121680,317,55,22,33,262,14,248,17.350157728706623,6.940063091482649,10.410094637223976,82.64984227129337,4.416403785488959,78.23343848580441
E00121681,293,52,22,30,241,19,222,17.747440273037544,7.508532423208192,10.238907849829351,82.25255972696246,6.484641638225256,75.76791808873719
E00121682,294,43,23,20,251,21,230,14.625850340136054,7.8231292517006805,6.802721088435375,85.37414965986395,7.142857142857142,78.2312925170068
E00121683,325,71,39,32,254,21,233,21.846153846153847,12,9.846153846153847,78.15384615384615,6.461538461538462,71.6923076923077
E00121684,297,54,20,34,243,14,229,18.181818181818183,6.7340067340067336,11.447811447811448,81.81818181818183,4.713804713804714,77.10437710437711
E00121685,271,53,19,34,218,18,200,19.557195571955717,7.011070110701106,12.546125461254611,80.44280442804428,6.642066420664207,73.80073800738008
E00121686,207,19,5,14,188,11,177,9.178743961352657,2.4154589371980677,6.763285024154589,90.82125603864735,5.314009661835748,85.5072463768116
E00121687,295,38,8,30,257,17,240,12.88135593220339,2.711864406779661,10.16949152542373,87.11864406779661,5.762711864406779,81.35593220338984
E00121688,252,32,16,16,220,18,202,12.698412698412698,6.349206349206349,6.349206349206349,87.3015873015873,7.142857142857142,80.15873015873017
E00121689,327,60,22,38,267,21,246,18.34862385321101,6.727828746177369,11.62079510703364,81.65137614678899,6.422018348623854,75.22935779816514
E00121690,309,43,19,24,266,22,244,13.915857605177994,6.148867313915858,7.766990291262135,86.08414239482201,7.119741100323624,78.96440129449837
E00121691,376,57,17,40,319,27,292,15.159574468085108,4.521276595744681,10.638297872340425,84.8404255319149,7.180851063829788,77.6595744680851
E00121692,373,43,14,29,330,20,310,11.528150134048257,3.753351206434316,7.774798927613941,88.47184986595174,5.361930294906166,83.10991957104558
E00121693,335,28,6,22,307,19,288,8.358208955223882,1.791044776119403,6.567164179104477,91.64179104477613,5.6716417910447765,85.97014925373134
E00121694,340,36,8,28,304,39,265,10.588235294117647,2.3529411764705883,8.235294117647058,89.41176470588236,11.470588235294118,77.94117647058823
E00121695,389,40,7,33,349,23,326,10.282776349614396,1.7994858611825193,8.483290488431876,89.7172236503856,5.912596401028278,83.80462724935732
E00121696,375,55,19,36,320,23,297,14.666666666666666,5.066666666666666,9.6,85.33333333333334,6.133333333333333,79.2
E00121697,323,68,31,37,255,16,239,21.052631578947366,9.597523219814242,11.455108359133128,78.94736842105263,4.953560371517028,73.9938080495356
E00121698,302,29,5,24,273,25,248,9.602649006622517,1.6556291390728477,7.9470198675496695,90.39735099337747,8.27814569536424,82.11920529801324
E00121699,406,104,51,53,302,15,287,25.615763546798032,12.561576354679804,13.054187192118228,74.38423645320196,3.6945812807881775,70.6896551724138
E00121700,390,92,48,44,298,28,270,23.589743589743588,12.307692307692308,11.282051282051283,76.41025641025641,7.179487179487179,69.23076923076923
E00121701,310,37,15,22,273,22,251,11.935483870967742,4.838709677419355,7.096774193548387,88.06451612903226,7.096774193548387,80.96774193548387
E00121704,288,60,38,22,228,9,219,20.833333333333336,13.194444444444445,7.638888888888889,79.16666666666666,3.125,76.04166666666666
E00121706,336,69,27,42,267,27,240,20.535714285714285,8.035714285714286,12.5,79.46428571428571,8.035714285714286,71.42857142857143
E00121707,324,39,5,34,285,27,258,12.037037037037036,1.5432098765432098,10.493827160493826,87.96296296296296,8.333333333333332,79.62962962962963
E00121708,334,36,8,28,298,31,267,10.778443113772456,2.3952095808383236,8.383233532934131,89.22155688622755,9.281437125748502,79.94011976047905
E00121709,318,50,7,43,268,27,241,15.723270440251572,2.20125786163522,13.522012578616351,84.27672955974843,8.49056603773585,75.78616352201259
E00121710,282,52,11,41,230,22,208,18.439716312056735,3.900709219858156,14.539007092198581,81.56028368794325,7.801418439716312,73.75886524822694
E00121711,337,36,12,24,301,34,267,10.682492581602373,3.5608308605341246,7.121661721068249,89.31750741839762,10.089020771513352,79.22848664688428
E00121712,433,51,19,32,382,39,343,11.778290993071593,4.387990762124711,7.390300230946882,88.2217090069284,9.006928406466514,79.21478060046189
E00121713,317,57,14,43,260,29,231,17.981072555205046,4.416403785488959,13.564668769716087,82.01892744479495,9.14826498422713,72.87066246056783
E00121714,278,44,16,28,234,22,212,15.827338129496402,5.755395683453238,10.071942446043165,84.17266187050359,7.913669064748201,76.2589928057554
E00121715,251,47,25,22,204,28,176,18.725099601593627,9.9601593625498,8.764940239043826,81.27490039840637,11.155378486055776,70.1195219123506
E00121716,329,55,24,31,274,21,253,16.717325227963524,7.29483282674772,9.422492401215806,83.28267477203647,6.382978723404255,76.89969604863222
E00121717,462,79,37,42,383,35,348,17.0995670995671,8.008658008658008,9.090909090909092,82.90043290043289,7.575757575757576,75.32467532467533
E00121718,306,40,13,27,266,18,248,13.071895424836603,4.248366013071895,8.823529411764707,86.9281045751634,5.88235294117647,81.04575163398692
E00121719,309,41,9,32,268,21,247,13.268608414239482,2.912621359223301,10.355987055016183,86.73139158576052,6.796116504854369,79.93527508090615
E00121720,365,47,12,35,318,45,273,12.876712328767123,3.287671232876712,9.58904109589041,87.12328767123287,12.32876712328767,74.79452054794521
E00173214,372,72,45,27,300,28,272,19.35483870967742,12.096774193548388,7.258064516129033,80.64516129032258,7.526881720430108,73.11827956989248
E00173217,321,23,8,15,298,28,270,7.165109034267912,2.4922118380062304,4.672897196261682,92.83489096573209,8.722741433021806,84.11214953271028
E00173218,362,42,13,29,320,26,294,11.602209944751381,3.591160220994475,8.011049723756907,88.39779005524862,7.18232044198895,81.21546961325967
E00173220,267,58,22,36,209,17,192,21.722846441947567,8.239700374531834,13.48314606741573,78.27715355805243,6.367041198501873,71.91011235955057
E00173221,158,8,4,4,150,13,137,5.063291139240507,2.5316455696202533,2.5316455696202533,94.9367088607595,8.227848101265822,86.70886075949366
E00173223,306,31,15,16,275,22,253,10.130718954248366,4.901960784313726,5.228758169934641,89.86928104575163,7.18954248366013,82.6797385620915
E00173225,320,27,8,19,293,25,268,8.4375,2.5,5.9375,91.5625,7.8125,83.75
E00173226,288,26,11,15,262,16,246,9.027777777777777,3.8194444444444446,5.208333333333334,90.97222222222221,5.555555555555555,85.41666666666666
E00173228,351,46,19,27,305,22,283,13.105413105413104,5.413105413105413,7.6923076923076925,86.8945868945869,6.267806267806268,80.62678062678063
E00173229,1166,99,14,85,1067,47,1020,8.49056603773585,1.2006861063464835,7.289879931389365,91.50943396226415,4.030874785591767,87.47855917667239
E00173231,281,18,5,13,263,16,247,6.405693950177936,1.7793594306049825,4.6263345195729535,93.59430604982207,5.6939501779359425,87.90035587188612
E00173232,181,23,13,10,158,15,143,12.70718232044199,7.18232044198895,5.524861878453039,87.29281767955801,8.287292817679557,79.00552486187846
E00173234,297,21,5,16,276,17,259,7.07070707070707,1.6835016835016834,5.387205387205387,92.92929292929293,5.723905723905724,87.20538720538721
E00173235,347,42,12,30,305,22,283,12.103746397694524,3.45821325648415,8.645533141210375,87.89625360230548,6.340057636887608,81.55619596541787
E00173237,243,24,6,18,219,22,197,9.876543209876543,2.4691358024691357,7.4074074074074066,90.12345679012346,9.053497942386832,81.06995884773663
E00173239,343,44,11,33,299,19,280,12.82798833819242,3.206997084548105,9.620991253644315,87.17201166180757,5.539358600583091,81.63265306122449
E00173240,277,52,21,31,225,17,208,18.772563176895307,7.581227436823104,11.191335740072201,81.2274368231047,6.137184115523466,75.09025270758123
E00173242,250,19,7,12,231,7,224,7.6,2.8000000000000003,4.8,92.4,2.8000000000000003,89.60000000000001
E00173243,240,82,67,15,158,8,150,34.166666666666664,27.916666666666668,6.25,65.83333333333333,3.3333333333333335,62.5
E00173245,471,41,12,29,430,25,405,8.70488322717622,2.547770700636943,6.1571125265392785,91.29511677282377,5.3078556263269645,85.98726114649682
E00173246,419,27,4,23,392,20,372,6.443914081145586,0.9546539379474941,5.4892601431980905,93.55608591885442,4.77326968973747,88.78281622911695
E00173248,366,34,8,26,332,25,307,9.289617486338798,2.185792349726776,7.103825136612022,90.7103825136612,6.830601092896176,83.87978142076503
E00173249,167,13,7,6,154,12,142,7.784431137724551,4.191616766467066,3.592814371257485,92.21556886227546,7.18562874251497,85.02994011976048
E00173251,218,45,22,23,173,11,162,20.642201834862387,10.091743119266056,10.550458715596331,79.35779816513761,5.045871559633028,74.31192660550458
E00173253,355,45,14,31,310,25,285,12.676056338028168,3.943661971830986,8.732394366197182,87.32394366197182,7.042253521126761,80.28169014084507
E00173254,360,45,19,26,315,29,286,12.5,5.277777777777778,7.222222222222221,87.5,8.055555555555555,79.44444444444444
E00173256,331,57,24,33,274,25,249,17.220543806646525,7.250755287009064,9.969788519637463,82.77945619335347,7.552870090634441,75.22658610271903
E00173257,240,17,8,9,223,15,208,7.083333333333333,3.3333333333333335,3.75,92.91666666666667,6.25,86.66666666666667
E00173259,284,35,8,27,249,22,227,12.323943661971832,2.8169014084507045,9.507042253521126,87.67605633802818,7.746478873239436,79.92957746478874
E00173260,303,44,18,26,259,16,243,14.521452145214523,5.9405940594059405,8.58085808580858,85.47854785478548,5.2805280528052805,80.19801980198021
E00173262,253,25,4,21,228,10,218,9.881422924901186,1.5810276679841897,8.300395256916996,90.11857707509881,3.9525691699604746,86.16600790513834
E00173263,284,26,12,14,258,10,248,9.15492957746479,4.225352112676056,4.929577464788732,90.84507042253522,3.5211267605633805,87.32394366197182
E00173267,205,12,0,12,193,13,180,5.853658536585367,0,5.853658536585367,94.14634146341463,6.341463414634147,87.8048780487805
E00173268,302,43,15,28,259,15,244,14.23841059602649,4.966887417218543,9.271523178807946,85.76158940397352,4.966887417218543,80.79470198675497
E00173270,413,37,10,27,376,26,350,8.958837772397095,2.4213075060532687,6.5375302663438255,91.0411622276029,6.2953995157385,84.7457627118644
E00190227,112,21,10,11,91,8,83,18.75,8.928571428571429,9.821428571428571,81.25,7.142857142857142,74.10714285714286
E00190230,608,59,14,45,549,28,521,9.703947368421053,2.302631578947368,7.401315789473683,90.29605263157895,4.605263157894736,85.69078947368422
E00190232,114,9,4,5,105,12,93,7.894736842105263,3.508771929824561,4.385964912280701,92.10526315789474,10.526315789473683,81.57894736842105
E00190237,552,81,25,56,471,32,439,14.673913043478262,4.528985507246377,10.144927536231885,85.32608695652173,5.797101449275362,79.52898550724638
E00190240,1113,158,35,123,955,58,897,14.195867026055705,3.1446540880503147,11.05121293800539,85.80413297394429,5.211141060197664,80.59299191374663
E00190241,254,63,32,31,191,20,171,24.803149606299215,12.598425196850393,12.204724409448819,75.19685039370079,7.874015748031496,67.32283464566929
E00190254,202,13,4,9,189,10,179,6.435643564356436,1.9801980198019802,4.455445544554455,93.56435643564357,4.9504950495049505,88.61386138613861
E00190256,275,29,9,20,246,30,216,10.545454545454545,3.272727272727273,7.2727272727272725,89.45454545454545,10.909090909090908,78.54545454545455
E00190257,509,42,8,34,467,38,429,8.25147347740668,1.5717092337917484,6.679764243614931,91.74852652259332,7.465618860510806,84.28290766208252
E00190264,219,14,2,12,205,14,191,6.392694063926941,0.91324200913242,5.47945205479452,93.60730593607306,6.392694063926941,87.21461187214612
E00190265,134,17,5,12,117,11,106,12.686567164179104,3.731343283582089,8.955223880597014,87.31343283582089,8.208955223880597,79.1044776119403
E00190269,185,30,13,17,155,8,147,16.216216216216218,7.027027027027027,9.18918918918919,83.78378378378379,4.324324324324325,79.45945945945945
E00190271,192,18,5,13,174,16,158,9.375,2.604166666666667,6.770833333333333,90.625,8.333333333333332,82.29166666666666
E00190274,208,39,12,27,169,13,156,18.75,5.769230769230769,12.980769230769232,81.25,6.25,75
E00190295,251,38,15,23,213,12,201,15.139442231075698,5.9760956175298805,9.163346613545817,84.86055776892431,4.780876494023905,80.0796812749004
E00190298,292,32,17,15,260,20,240,10.95890410958904,5.821917808219178,5.136986301369863,89.04109589041096,6.8493150684931505,82.1917808219178
E00190301,141,8,3,5,133,6,127,5.673758865248227,2.127659574468085,3.546099290780142,94.32624113475178,4.25531914893617,90.0709219858156
E00190313,357,63,30,33,294,24,270,17.647058823529413,8.403361344537815,9.243697478991598,82.35294117647058,6.722689075630252,75.63025210084034
E00190314,593,66,15,51,527,47,480,11.129848229342327,2.5295109612141653,8.600337268128163,88.87015177065767,7.925801011804384,80.94435075885329
E00190317,458,44,12,32,414,31,383,9.606986899563319,2.6200873362445414,6.986899563318777,90.39301310043668,6.768558951965066,83.62445414847161
E00190319,322,83,44,39,239,23,216,25.77639751552795,13.664596273291925,12.111801242236025,74.22360248447205,7.142857142857142,67.08074534161491
E00190320,280,38,17,21,242,11,231,13.571428571428571,6.071428571428571,7.5,86.42857142857143,3.9285714285714284,82.5
E00190321,167,28,9,19,139,13,126,16.766467065868262,5.389221556886228,11.377245508982035,83.23353293413174,7.784431137724551,75.44910179640718
E00190322,167,57,27,30,110,8,102,34.13173652694611,16.16766467065868,17.964071856287426,65.86826347305389,4.790419161676647,61.07784431137725
E00190325,459,38,13,25,421,13,408,8.278867102396514,2.832244008714597,5.446623093681917,91.72113289760348,2.832244008714597,88.88888888888889
E00190326,383,56,16,40,327,13,314,14.621409921671018,4.177545691906006,10.443864229765012,85.37859007832898,3.3942558746736298,81.98433420365535
E00190336,314,42,14,28,272,24,248,13.375796178343949,4.45859872611465,8.9171974522293,86.62420382165605,7.643312101910828,78.98089171974523
E00190339,326,38,11,27,288,32,256,11.65644171779141,3.374233128834356,8.282208588957054,88.34355828220859,9.815950920245399,78.52760736196319
E00190340,195,28,9,19,167,18,149,14.358974358974358,4.615384615384616,9.7435897435897445,85.64102564102564,9.230769230769232,76.41025641025641
E00190345,142,16,1,15,126,8,118,11.267605633802818,0.7042253521126761,10.56338028169014,88.73239436619718,5.633802816901409,83.09859154929578
E00190346,137,12,2,10,125,13,112,8.75912408759124,1.4598540145985401,7.2992700729927,91.24087591240875,9.48905109489051,81.75182481751825
