OA,ts0590001,ts0590002,ts0590003,ts0590004,ts0590005,ts0590006,ts0590007,ts0590002_PCT,ts0590003_PCT,ts0590004_PCT,ts0590005_PCT,ts0590006_PCT,ts0590007_PCT
E00121396,207,62,28,34,145,98,47,29.951690821256037,13.526570048309178,16.425120772946862,70.04830917874396,47.34299516908212,22.705314009661837
E00121397,148,42,19,23,106,69,37,28.37837837837838,12.837837837837837,15.54054054054054,71.62162162162163,46.62162162162162,25
E00121398,184,74,44,30,110,76,34,40.21739130434783,23.91304347826087,16.304347826086957,59.78260869565217,41.30434782608695,18.478260869565215
E00121399,190,55,18,37,135,109,26,28.947368421052634,9.473684210526317,19.473684210526315,71.05263157894737,57.36842105263158,13.684210526315791
E00121400,173,73,35,38,100,70,30,42.19653179190752,20.23121387283237,21.965317919075144,57.80346820809249,40.46242774566474,17.341040462427745
E00121401,169,53,21,32,116,82,34,31.360946745562128,12.42603550295858,18.93491124260355,68.63905325443787,48.5207100591716,20.118343195266274
E00121402,235,71,27,44,164,126,38,30.21276595744681,11.48936170212766,18.72340425531915,69.7872340425532,53.61702127659574,16.170212765957448
E00121403,94,22,10,12,72,48,24,23.404255319148938,10.638297872340425,12.76595744680851,76.59574468085107,51.06382978723404,25.53191489361702
E00121404,161,49,19,30,112,80,32,30.434782608695656,11.801242236024844,18.633540372670808,69.56521739130434,49.68944099378882,19.875776397515526
E00121405,138,56,30,26,82,57,25,40.57971014492754,21.73913043478261,18.84057971014493,59.42028985507246,41.30434782608695,18.115942028985508
E00121406,157,48,23,25,109,77,32,30.573248407643312,14.64968152866242,15.92356687898089,69.42675159235668,49.044585987261144,20.382165605095544
E00121407,157,40,16,24,117,78,39,25.477707006369428,10.191082802547772,15.286624203821656,74.52229299363057,49.681528662420384,24.840764331210192
E00121408,147,44,20,24,103,79,24,29.931972789115648,13.60544217687075,16.3265306122449,70.06802721088435,53.74149659863946,16.3265306122449
E00121409,137,42,22,20,95,79,16,30.656934306569344,16.05839416058394,14.5985401459854,69.34306569343066,57.66423357664233,11.678832116788321
E00121410,171,59,25,34,112,87,25,34.50292397660819,14.619883040935672,19.883040935672515,65.49707602339181,50.877192982456144,14.619883040935672
E00121411,148,46,23,23,102,77,25,31.08108108108108,15.54054054054054,15.54054054054054,68.91891891891892,52.02702702702703,16.89189189189189
E00121412,157,61,26,35,96,77,19,38.853503184713375,16.560509554140125,22.29299363057325,61.146496815286625,49.044585987261144,12.101910828025478
E00121413,146,48,12,36,98,82,16,32.87671232876712,8.21917808219178,24.65753424657534,67.12328767123287,56.16438356164384,10.95890410958904
E00121414,113,35,13,22,78,70,8,30.973451327433626,11.504424778761061,19.469026548672566,69.02654867256636,61.94690265486725,7.079646017699115
E00121415,142,40,7,33,102,92,10,28.169014084507044,4.929577464788732,23.239436619718308,71.83098591549296,64.7887323943662,7.042253521126761
E00121416,169,45,11,34,124,110,14,26.627218934911244,6.508875739644971,20.118343195266274,73.37278106508876,65.08875739644971,8.284023668639055
E00121417,166,43,13,30,123,112,11,25.903614457831324,7.83132530120482,18.072289156626507,74.09638554216868,67.46987951807229,6.626506024096386
E00121418,122,38,13,25,84,75,9,31.147540983606557,10.655737704918032,20.491803278688526,68.85245901639344,61.47540983606557,7.377049180327869
E00121419,82,27,15,12,55,43,12,32.926829268292686,18.29268292682927,14.634146341463413,67.07317073170732,52.4390243902439,14.634146341463413
E00121420,162,42,15,27,120,106,14,25.925925925925924,9.25925925925926,16.666666666666664,74.07407407407408,65.4320987654321,8.641975308641975
E00121421,196,41,15,26,155,130,25,20.918367346938776,7.653061224489796,13.26530612244898,79.08163265306123,66.3265306122449,12.755102040816327
E00121422,125,30,7,23,95,79,16,24,5.6000000000000005,18.4,76,63.2,12.8
E00121423,174,65,23,42,109,100,9,37.35632183908046,13.218390804597702,24.137931034482758,62.643678160919535,57.47126436781609,5.172413793103448
E00121424,137,36,16,20,101,85,16,26.277372262773724,11.678832116788321,14.5985401459854,73.72262773722628,62.04379562043796,11.678832116788321
E00121425,143,37,13,24,106,87,19,25.874125874125873,9.090909090909092,16.783216783216783,74.12587412587412,60.83916083916085,13.286713286713287
E00121426,115,28,13,15,87,77,10,24.347826086956523,11.304347826086957,13.043478260869565,75.65217391304347,66.95652173913044,8.695652173913043
E00121427,124,41,18,23,83,72,11,33.064516129032256,14.516129032258066,18.548387096774192,66.93548387096774,58.06451612903226,8.870967741935484
E00121428,165,52,21,31,113,94,19,31.515151515151512,12.727272727272727,18.787878787878785,68.48484848484848,56.96969696969697,11.515151515151516
E00121429,161,41,15,26,120,104,16,25.465838509316768,9.316770186335404,16.149068322981368,74.53416149068323,64.59627329192547,9.937888198757763
E00121430,124,35,17,18,89,74,15,28.225806451612907,13.709677419354838,14.516129032258066,71.7741935483871,59.67741935483871,12.096774193548388
E00121431,168,41,10,31,127,111,16,24.404761904761905,5.952380952380952,18.452380952380953,75.59523809523809,66.07142857142857,9.523809523809524
E00121432,146,36,10,26,110,99,11,24.65753424657534,6.8493150684931505,17.80821917808219,75.34246575342466,67.8082191780822,7.534246575342466
E00121433,124,28,7,21,96,82,14,22.58064516129032,5.64516129032258,16.93548387096774,77.41935483870968,66.12903225806451,11.29032258064516
E00121434,151,39,18,21,112,103,9,25.82781456953642,11.920529801324504,13.90728476821192,74.17218543046357,68.21192052980133,5.960264900662252
E00121435,126,27,10,17,99,86,13,21.428571428571427,7.936507936507936,13.492063492063492,78.57142857142857,68.25396825396825,10.317460317460316
E00121436,146,54,23,31,92,80,12,36.986301369863014,15.753424657534246,21.232876712328768,63.013698630136986,54.794520547945204,8.21917808219178
E00121438,119,33,17,16,86,68,18,27.73109243697479,14.285714285714285,13.445378151260504,72.26890756302521,57.14285714285714,15.126050420168067
E00121439,168,50,25,25,118,88,30,29.761904761904763,14.880952380952381,14.880952380952381,70.23809523809523,52.38095238095239,17.857142857142858
E00121440,85,26,13,13,59,54,5,30.58823529411765,15.294117647058824,15.294117647058824,69.41176470588235,63.52941176470588,5.88235294117647
E00121441,127,42,10,32,85,75,10,33.07086614173229,7.874015748031496,25.196850393700785,66.92913385826772,59.055118110236215,7.874015748031496
E00121442,62,21,8,13,41,37,4,33.87096774193548,12.903225806451612,20.967741935483872,66.12903225806451,59.67741935483871,6.451612903225806
E00121443,138,36,20,16,102,86,16,26.08695652173913,14.492753623188406,11.594202898550725,73.91304347826086,62.31884057971014,11.594202898550725
E00121444,189,54,21,33,135,103,32,28.57142857142857,11.11111111111111,17.46031746031746,71.42857142857143,54.4973544973545,16.93121693121693
E00121445,132,37,17,20,95,85,10,28.030303030303028,12.878787878787879,15.151515151515152,71.96969696969697,64.39393939393939,7.575757575757576
E00121446,129,25,10,15,104,85,19,19.379844961240313,7.751937984496124,11.627906976744185,80.62015503875969,65.89147286821705,14.728682170542637
E00121447,122,41,20,21,81,64,17,33.60655737704918,16.39344262295082,17.21311475409836,66.39344262295081,52.459016393442624,13.934426229508196
E00121448,228,66,24,42,162,141,21,28.947368421052634,10.526315789473683,18.421052631578945,71.05263157894737,61.8421052631579,9.210526315789473
E00121449,164,41,14,27,123,102,21,25,8.536585365853659,16.463414634146343,75,62.19512195121951,12.804878048780488
E00121450,176,46,16,30,130,109,21,26.136363636363637,9.090909090909092,17.045454545454543,73.86363636363636,61.93181818181818,11.931818181818182
E00121451,137,32,11,21,105,86,19,23.357664233576642,8.02919708029197,15.328467153284672,76.64233576642336,62.77372262773723,13.86861313868613
E00121452,118,33,10,23,85,73,12,27.966101694915253,8.47457627118644,19.491525423728813,72.03389830508475,61.86440677966102,10.16949152542373
E00121453,138,46,11,35,92,78,14,33.33333333333333,7.971014492753622,25.36231884057971,66.66666666666666,56.52173913043478,10.144927536231885
E00121454,216,62,23,39,154,137,17,28.703703703703702,10.648148148148149,18.055555555555554,71.29629629629629,63.42592592592593,7.87037037037037
E00121455,5,0,0,0,5,4,1,0,0,0,100,80,20
E00121456,122,40,12,28,82,60,22,32.78688524590164,9.836065573770492,22.950819672131146,67.21311475409836,49.18032786885246,18.0327868852459
E00121457,147,33,19,14,114,86,28,22.448979591836736,12.925170068027212,9.523809523809524,77.55102040816327,58.50340136054422,19.047619047619047
E00121458,127,41,12,29,86,75,11,32.28346456692913,9.448818897637794,22.83464566929134,67.71653543307087,59.055118110236215,8.661417322834646
E00121459,287,90,53,37,197,174,23,31.3588850174216,18.466898954703833,12.89198606271777,68.6411149825784,60.62717770034843,8.013937282229964
E00121460,275,84,31,53,191,170,21,30.545454545454547,11.272727272727273,19.272727272727273,69.45454545454545,61.81818181818181,7.636363636363637
E00121461,151,48,21,27,103,97,6,31.788079470198678,13.90728476821192,17.880794701986755,68.21192052980133,64.23841059602648,3.9735099337748347
E00121462,176,68,27,41,108,93,15,38.63636363636363,15.340909090909092,23.295454545454543,61.36363636363637,52.84090909090909,8.522727272727272
E00121463,199,44,12,32,155,136,19,22.110552763819097,6.030150753768844,16.08040201005025,77.88944723618091,68.34170854271356,9.547738693467336
E00121464,160,60,41,19,100,80,20,37.5,25.624999999999996,11.875,62.5,50,12.5
E00121465,159,54,20,34,105,88,17,33.9622641509434,12.578616352201259,21.38364779874214,66.0377358490566,55.34591194968554,10.69182389937107
E00121466,168,61,26,35,107,91,16,36.30952380952381,15.476190476190476,20.833333333333336,63.69047619047619,54.166666666666664,9.523809523809524
E00121467,191,68,26,42,123,105,18,35.602094240837694,13.612565445026178,21.98952879581152,64.3979057591623,54.973821989528794,9.424083769633508
E00121468,199,69,29,40,130,117,13,34.67336683417086,14.572864321608039,20.100502512562816,65.32663316582915,58.79396984924623,6.532663316582915
E00121469,241,71,28,43,170,145,25,29.460580912863072,11.618257261410788,17.842323651452283,70.53941908713693,60.16597510373444,10.37344398340249
E00121470,198,78,37,41,120,100,20,39.39393939393939,18.68686868686869,20.707070707070706,60.60606060606061,50.505050505050505,10.1010101010101
E00121471,233,94,39,55,139,127,12,40.343347639484975,16.738197424892704,23.605150214592275,59.65665236051502,54.506437768240346,5.150214592274678
E00121472,221,73,34,39,148,124,24,33.03167420814479,15.384615384615385,17.647058823529413,66.9683257918552,56.10859728506787,10.85972850678733
E00121473,286,72,24,48,214,173,41,25.174825174825177,8.391608391608392,16.783216783216783,74.82517482517483,60.48951048951049,14.335664335664337
E00121474,187,46,19,27,141,118,23,24.598930481283425,10.16042780748663,14.43850267379679,75.40106951871658,63.101604278074866,12.299465240641712
E00121475,97,31,16,15,66,56,10,31.958762886597935,16.49484536082474,15.463917525773196,68.04123711340206,57.73195876288659,10.309278350515463
E00121476,153,39,12,27,114,100,14,25.49019607843137,7.8431372549019605,17.647058823529413,74.50980392156863,65.359477124183,9.15032679738562
E00121477,151,51,19,32,100,83,17,33.77483443708609,12.582781456953644,21.192052980132452,66.22516556291392,54.966887417218544,11.258278145695364
E00121478,148,32,9,23,116,99,17,21.62162162162162,6.081081081081082,15.54054054054054,78.37837837837837,66.8918918918919,11.486486486486488
E00121479,158,45,14,31,113,101,12,28.48101265822785,8.860759493670885,19.62025316455696,71.51898734177216,63.92405063291139,7.59493670886076
E00121480,167,49,20,29,118,78,40,29.34131736526946,11.976047904191617,17.365269461077844,70.65868263473054,46.706586826347305,23.952095808383234
E00121481,122,27,11,16,95,81,14,22.131147540983605,9.01639344262295,13.114754098360656,77.8688524590164,66.39344262295081,11.475409836065573
E00121483,143,31,13,18,112,89,23,21.678321678321677,9.090909090909092,12.587412587412588,78.32167832167832,62.23776223776224,16.083916083916083
E00121484,162,42,17,25,120,102,18,25.925925925925924,10.493827160493826,15.432098765432098,74.07407407407408,62.96296296296296,11.11111111111111
E00121485,174,43,22,21,131,119,12,24.71264367816092,12.643678160919542,12.068965517241379,75.28735632183908,68.39080459770115,6.896551724137931
E00121486,295,49,17,32,246,208,38,16.610169491525422,5.762711864406779,10.847457627118644,83.38983050847457,70.50847457627118,12.88135593220339
E00121487,171,62,19,43,109,93,16,36.25730994152047,11.11111111111111,25.146198830409354,63.74269005847953,54.385964912280706,9.35672514619883
E00121488,139,39,14,25,100,91,9,28.05755395683453,10.071942446043165,17.985611510791365,71.94244604316546,65.46762589928058,6.474820143884892
E00121489,218,60,28,32,158,136,22,27.522935779816514,12.844036697247708,14.678899082568808,72.47706422018348,62.38532110091744,10.091743119266056
E00121490,84,28,14,14,56,45,11,33.33333333333333,16.666666666666664,16.666666666666664,66.66666666666666,53.57142857142857,13.095238095238097
E00121493,154,46,16,30,108,85,23,29.87012987012987,10.38961038961039,19.480519480519483,70.12987012987013,55.1948051948052,14.935064935064934
E00121494,126,48,22,26,78,59,19,38.095238095238095,17.46031746031746,20.634920634920633,61.904761904761905,46.82539682539682,15.079365079365079
E00121495,145,31,13,18,114,88,26,21.379310344827587,8.96551724137931,12.413793103448276,78.62068965517241,60.689655172413794,17.93103448275862
E00121496,173,42,16,26,131,114,17,24.277456647398843,9.248554913294797,15.028901734104046,75.72254335260115,65.89595375722543,9.826589595375722
E00121497,145,37,10,27,108,92,16,25.517241379310345,6.896551724137931,18.620689655172416,74.48275862068967,63.44827586206897,11.03448275862069
E00121498,290,67,25,42,223,197,26,23.103448275862068,8.620689655172415,14.482758620689657,76.89655172413794,67.93103448275862,8.96551724137931
E00121499,175,42,16,26,133,108,25,24,9.142857142857142,14.857142857142858,76,61.71428571428571,14.285714285714285
E00121500,158,60,28,32,98,74,24,37.9746835443038,17.72151898734177,20.253164556962027,62.0253164556962,46.835443037974684,15.18987341772152
E00121501,197,53,24,29,144,123,21,26.903553299492383,12.18274111675127,14.720812182741117,73.09644670050761,62.43654822335025,10.65989847715736
E00121502,139,21,5,16,118,112,6,15.107913669064748,3.5971223021582732,11.510791366906476,84.89208633093526,80.57553956834532,4.316546762589928
E00121503,187,43,13,30,144,114,30,22.994652406417114,6.951871657754011,16.042780748663102,77.00534759358288,60.962566844919785,16.042780748663102
E00121504,113,34,8,26,79,70,9,30.08849557522124,7.079646017699115,23.008849557522122,69.91150442477876,61.94690265486725,7.964601769911504
E00121505,209,53,18,35,156,128,28,25.358851674641148,8.61244019138756,16.74641148325359,74.64114832535886,61.24401913875598,13.397129186602871
E00121507,199,62,20,42,137,112,25,31.155778894472363,10.050251256281408,21.105527638190953,68.84422110552764,56.28140703517588,12.562814070351758
E00121508,128,31,13,18,97,89,8,24.21875,10.15625,14.0625,75.78125,69.53125,6.25
E00121510,177,42,8,34,135,121,14,23.728813559322035,4.519774011299435,19.2090395480226,76.27118644067797,68.36158192090396,7.909604519774012
E00121511,173,51,23,28,122,101,21,29.47976878612717,13.294797687861271,16.184971098265898,70.52023121387283,58.38150289017341,12.138728323699421
E00121512,170,49,18,31,121,106,15,28.823529411764703,10.588235294117647,18.235294117647058,71.17647058823529,62.35294117647059,8.823529411764707
E00121513,196,52,19,33,144,129,15,26.53061224489796,9.693877551020408,16.83673469387755,73.46938775510205,65.81632653061224,7.653061224489796
E00121514,84,32,9,23,52,49,3,38.095238095238095,10.714285714285714,27.380952380952383,61.904761904761905,58.333333333333336,3.571428571428571
E00121515,189,29,12,17,160,142,18,15.343915343915343,6.349206349206349,8.994708994708994,84.65608465608466,75.13227513227513,9.523809523809524
E00121516,211,49,17,32,162,140,22,23.22274881516588,8.056872037914692,15.165876777251185,76.77725118483413,66.35071090047393,10.42654028436019
E00121517,176,42,15,27,134,124,10,23.863636363636363,8.522727272727272,15.340909090909092,76.13636363636364,70.45454545454545,5.681818181818182
E00121518,147,45,20,25,102,79,23,30.612244897959183,13.60544217687075,17.006802721088434,69.38775510204081,53.74149659863946,15.646258503401361
E00121519,195,55,11,44,140,122,18,28.205128205128204,5.641025641025641,22.564102564102566,71.7948717948718,62.56410256410256,9.230769230769232
E00121520,118,38,10,28,80,65,15,32.20338983050847,8.47457627118644,23.728813559322035,67.79661016949152,55.08474576271186,12.711864406779661
E00121522,190,49,13,36,141,122,19,25.789473684210527,6.842105263157896,18.947368421052634,74.21052631578947,64.21052631578948,10
E00121523,198,55,18,37,143,129,14,27.77777777777778,9.090909090909092,18.68686868686869,72.22222222222221,65.15151515151516,7.07070707070707
E00121524,169,51,19,32,118,96,22,30.17751479289941,11.242603550295858,18.93491124260355,69.8224852071006,56.80473372781065,13.017751479289942
E00121525,187,51,19,32,136,117,19,27.27272727272727,10.16042780748663,17.11229946524064,72.72727272727273,62.56684491978609,10.16042780748663
E00121526,164,54,15,39,110,95,15,32.926829268292686,9.146341463414634,23.78048780487805,67.07317073170732,57.92682926829268,9.146341463414634
E00121527,154,39,10,29,115,102,13,25.324675324675322,6.493506493506493,18.83116883116883,74.67532467532467,66.23376623376623,8.441558441558442
E00121528,199,76,30,46,123,116,7,38.19095477386934,15.07537688442211,23.115577889447238,61.80904522613066,58.291457286432156,3.5175879396984926
E00121529,143,45,12,33,98,79,19,31.46853146853147,8.391608391608392,23.076923076923077,68.53146853146853,55.24475524475524,13.286713286713287
E00121530,158,58,16,42,100,88,12,36.708860759493675,10.126582278481013,26.582278481012654,63.29113924050633,55.69620253164557,7.59493670886076
E00121531,168,53,19,34,115,101,14,31.547619047619047,11.30952380952381,20.238095238095237,68.45238095238095,60.11904761904761,8.333333333333332
E00121532,182,62,23,39,120,101,19,34.065934065934066,12.637362637362637,21.428571428571427,65.93406593406593,55.494505494505496,10.43956043956044
E00121533,57,19,6,13,38,34,4,33.33333333333333,10.526315789473683,22.807017543859647,66.66666666666666,59.64912280701754,7.017543859649122
E00121534,210,86,24,62,124,109,15,40.95238095238095,11.428571428571429,29.523809523809526,59.04761904761905,51.90476190476191,7.142857142857142
E00121535,219,71,25,46,148,120,28,32.42009132420091,11.415525114155251,21.00456621004566,67.57990867579909,54.794520547945204,12.785388127853881
E00121536,163,54,18,36,109,97,12,33.12883435582822,11.042944785276074,22.085889570552148,66.87116564417178,59.50920245398773,7.361963190184049
E00121537,201,65,29,36,136,121,15,32.33830845771145,14.427860696517413,17.91044776119403,67.66169154228857,60.19900497512438,7.462686567164178
E00121538,181,73,38,35,108,100,8,40.331491712707184,20.994475138121548,19.337016574585636,59.66850828729282,55.24861878453039,4.41988950276243
E00121539,182,61,27,34,121,107,14,33.51648351648351,14.835164835164836,18.681318681318682,66.48351648351648,58.791208791208796,7.6923076923076925
E00121541,174,108,74,34,66,57,9,62.06896551724138,42.5287356321839,19.54022988505747,37.93103448275862,32.758620689655174,5.172413793103448
E00121542,145,42,15,27,103,91,12,28.965517241379313,10.344827586206897,18.620689655172416,71.03448275862068,62.758620689655174,8.275862068965518
E00121544,135,40,18,22,95,86,9,29.629629629629626,13.333333333333334,16.296296296296298,70.37037037037037,63.70370370370371,6.666666666666667
E00121545,151,49,23,26,102,84,18,32.450331125827816,15.2317880794702,17.218543046357617,67.54966887417218,55.62913907284768,11.920529801324504
E00121546,150,74,26,48,76,63,13,49.333333333333336,17.333333333333336,32,50.66666666666667,42,8.666666666666668
E00121547,156,37,9,28,119,105,14,23.717948717948715,5.769230769230769,17.94871794871795,76.28205128205127,67.3076923076923,8.974358974358974
E00121550,164,57,21,36,107,90,17,34.756097560975604,12.804878048780488,21.951219512195124,65.2439024390244,54.87804878048781,10.365853658536585
E00121551,205,76,33,43,129,112,17,37.073170731707314,16.097560975609756,20.975609756097562,62.926829268292686,54.63414634146342,8.292682926829269
E00121552,144,50,23,27,94,80,14,34.72222222222222,15.972222222222221,18.75,65.27777777777779,55.55555555555556,9.722222222222223
E00121553,161,53,17,36,108,88,20,32.91925465838509,10.559006211180124,22.36024844720497,67.08074534161491,54.6583850931677,12.422360248447205
E00121554,226,93,48,45,133,120,13,41.150442477876105,21.238938053097346,19.911504424778762,58.849557522123895,53.09734513274337,5.752212389380531
E00121555,130,39,12,27,91,81,10,30,9.230769230769232,20.76923076923077,70,62.30769230769231,7.6923076923076925
E00121556,192,48,13,35,144,129,15,25,6.770833333333333,18.229166666666664,75,67.1875,7.8125
E00121557,171,57,22,35,114,101,13,33.33333333333333,12.865497076023392,20.46783625730994,66.66666666666666,59.06432748538012,7.602339181286549
E00121558,134,35,18,17,99,82,17,26.119402985074625,13.432835820895523,12.686567164179104,73.88059701492537,61.19402985074627,12.686567164179104
E00121559,146,37,12,25,109,89,20,25.34246575342466,8.21917808219178,17.123287671232877,74.65753424657534,60.95890410958904,13.698630136986301
E00121560,195,60,22,38,135,113,22,30.76923076923077,11.282051282051283,19.48717948717949,69.23076923076923,57.948717948717956,11.282051282051283
E00121561,86,22,7,15,64,53,11,25.581395348837212,8.13953488372093,17.441860465116278,74.4186046511628,61.627906976744185,12.790697674418606
E00121562,172,39,9,30,133,117,16,22.674418604651162,5.232558139534884,17.441860465116278,77.32558139534885,68.02325581395348,9.30232558139535
E00121563,62,23,7,16,39,34,5,37.096774193548384,11.29032258064516,25.806451612903224,62.903225806451616,54.83870967741935,8.064516129032258
E00121564,162,46,13,33,116,104,12,28.39506172839506,8.024691358024691,20.37037037037037,71.60493827160494,64.19753086419753,7.4074074074074066
E00121565,172,61,24,37,111,94,17,35.46511627906977,13.953488372093023,21.511627906976745,64.53488372093024,54.65116279069767,9.883720930232558
E00121566,290,74,25,49,216,185,31,25.517241379310345,8.620689655172415,16.896551724137932,74.48275862068967,63.793103448275865,10.689655172413794
E00121567,179,53,9,44,126,113,13,29.608938547486037,5.027932960893855,24.581005586592177,70.39106145251397,63.128491620111724,7.262569832402235
E00121569,147,49,14,35,98,89,9,33.33333333333333,9.523809523809524,23.809523809523807,66.66666666666666,60.544217687074834,6.122448979591836
E00121570,143,44,19,25,99,87,12,30.76923076923077,13.286713286713287,17.482517482517483,69.23076923076923,60.83916083916085,8.391608391608392
E00121571,175,42,13,29,133,118,15,24,7.428571428571429,16.57142857142857,76,67.42857142857143,8.571428571428571
E00121572,149,44,15,29,105,92,13,29.53020134228188,10.06711409395973,19.463087248322147,70.46979865771812,61.74496644295302,8.724832214765101
E00121575,177,50,16,34,127,106,21,28.24858757062147,9.03954802259887,19.2090395480226,71.75141242937853,59.887005649717516,11.864406779661017
E00121576,203,55,16,39,148,127,21,27.093596059113302,7.8817733990147785,19.21182266009852,72.9064039408867,62.5615763546798,10.344827586206897
E00121577,227,61,12,49,166,120,46,26.87224669603524,5.286343612334802,21.58590308370044,73.12775330396477,52.863436123348016,20.26431718061674
E00121579,202,64,24,40,138,117,21,31.683168316831683,11.881188118811881,19.801980198019802,68.31683168316832,57.920792079207914,10.396039603960396
E00121580,113,31,9,22,82,74,8,27.43362831858407,7.964601769911504,19.469026548672566,72.56637168141593,65.48672566371681,7.079646017699115
E00121581,193,57,22,35,136,118,18,29.533678756476682,11.398963730569948,18.134715025906736,70.46632124352331,61.13989637305699,9.32642487046632
E00121582,170,43,13,30,127,106,21,25.294117647058822,7.647058823529412,17.647058823529413,74.70588235294117,62.35294117647059,12.352941176470589
E00121583,136,39,11,28,97,89,8,28.676470588235293,8.088235294117647,20.588235294117645,71.32352941176471,65.44117647058823,5.88235294117647
E00121584,135,27,6,21,108,95,13,20,4.444444444444445,15.555555555555555,80,70.37037037037037,9.62962962962963
E00121585,177,49,18,31,128,109,19,27.683615819209038,10.16949152542373,17.51412429378531,72.31638418079096,61.5819209039548,10.734463276836157
E00121586,140,43,15,28,97,84,13,30.714285714285715,10.714285714285714,20,69.28571428571428,60,9.285714285714286
E00121587,156,47,9,38,109,98,11,30.128205128205128,5.769230769230769,24.358974358974358,69.87179487179486,62.82051282051282,7.051282051282051
E00121588,180,58,16,42,122,110,12,32.22222222222222,8.88888888888889,23.333333333333332,67.77777777777779,61.111111111111114,6.666666666666667
E00121589,144,38,10,28,106,94,12,26.38888888888889,6.944444444444445,19.444444444444446,73.61111111111111,65.27777777777779,8.333333333333332
E00121590,161,57,22,35,104,91,13,35.40372670807454,13.664596273291925,21.73913043478261,64.59627329192547,56.52173913043478,8.074534161490684
E00121591,170,51,25,26,119,101,18,30,14.705882352941178,15.294117647058824,70,59.411764705882355,10.588235294117647
E00121592,150,39,12,27,111,101,10,26,8,18,74,67.33333333333333,6.666666666666667
E00121593,166,59,37,22,107,69,38,35.54216867469879,22.289156626506024,13.253012048192772,64.45783132530121,41.566265060240966,22.89156626506024
E00121594,136,44,26,18,92,71,21,32.35294117647059,19.11764705882353,13.23529411764706,67.64705882352942,52.20588235294118,15.441176470588236
E00121595,159,56,20,36,103,77,26,35.22012578616352,12.578616352201259,22.641509433962266,64.77987421383648,48.42767295597484,16.352201257861633
E00121596,180,59,23,36,121,97,24,32.77777777777778,12.777777777777777,20,67.22222222222223,53.888888888888886,13.333333333333334
E00121597,185,63,30,33,122,90,32,34.054054054054056,16.216216216216218,17.83783783783784,65.94594594594595,48.64864864864865,17.2972972972973
E00121598,196,55,21,34,141,104,37,28.061224489795915,10.714285714285714,17.346938775510203,71.93877551020408,53.06122448979592,18.877551020408163
E00121599,181,60,24,36,121,79,42,33.14917127071823,13.259668508287293,19.88950276243094,66.85082872928176,43.646408839779006,23.204419889502763
E00121600,151,42,24,18,109,79,30,27.81456953642384,15.894039735099339,11.920529801324504,72.18543046357617,52.317880794701985,19.867549668874172
E00121601,170,52,20,32,118,83,35,30.58823529411765,11.76470588235294,18.823529411764707,69.41176470588235,48.8235294117647,20.588235294117645
E00121602,169,54,20,34,115,75,40,31.952662721893493,11.834319526627219,20.118343195266274,68.04733727810651,44.37869822485207,23.668639053254438
E00121603,190,62,21,41,128,97,31,32.631578947368425,11.052631578947368,21.578947368421055,67.36842105263158,51.05263157894737,16.315789473684212
E00121604,172,62,28,34,110,86,24,36.04651162790697,16.27906976744186,19.767441860465116,63.95348837209303,50,13.953488372093023
E00121605,167,65,23,42,102,74,28,38.92215568862276,13.77245508982036,25.149700598802394,61.07784431137725,44.31137724550898,16.766467065868262
E00121606,105,27,14,13,78,59,19,25.71428571428571,13.333333333333334,12.380952380952381,74.28571428571429,56.19047619047619,18.095238095238095
E00121607,78,23,8,15,55,47,8,29.48717948717949,10.256410256410255,19.230769230769234,70.51282051282051,60.256410256410255,10.256410256410255
E00121608,156,58,23,35,98,87,11,37.17948717948718,14.743589743589745,22.435897435897438,62.82051282051282,55.769230769230774,7.051282051282051
E00121609,125,51,25,26,74,58,16,40.8,20,20.8,59.199999999999996,46.400000000000006,12.8
E00121610,166,54,23,31,112,90,22,32.53012048192771,13.855421686746988,18.67469879518072,67.46987951807229,54.21686746987952,13.253012048192772
E00121611,152,40,5,35,112,103,9,26.31578947368421,3.289473684210526,23.026315789473685,73.68421052631578,67.76315789473685,5.921052631578947
E00121612,186,55,9,46,131,115,16,29.56989247311828,4.838709677419355,24.731182795698924,70.43010752688173,61.82795698924731,8.60215053763441
E00121613,164,47,11,36,117,103,14,28.65853658536585,6.707317073170732,21.951219512195124,71.34146341463415,62.80487804878049,8.536585365853659
E00121614,196,47,19,28,149,127,22,23.97959183673469,9.693877551020408,14.285714285714285,76.0204081632653,64.79591836734694,11.224489795918368
E00121615,165,44,10,34,121,104,17,26.666666666666668,6.0606060606060606,20.606060606060606,73.33333333333333,63.030303030303024,10.303030303030303
E00121616,95,28,14,14,67,57,10,29.47368421052631,14.736842105263156,14.736842105263156,70.52631578947368,60,10.526315789473683
E00121617,77,23,12,11,54,45,9,29.87012987012987,15.584415584415584,14.285714285714285,70.12987012987013,58.44155844155844,11.688311688311687
E00121618,164,35,14,21,129,111,18,21.341463414634145,8.536585365853659,12.804878048780488,78.65853658536585,67.6829268292683,10.975609756097562
E00121619,148,39,10,29,109,98,11,26.351351351351347,6.756756756756757,19.594594594594593,73.64864864864865,66.21621621621621,7.4324324324324325
E00121620,30,9,4,5,21,16,5,30,13.333333333333334,16.666666666666664,70,53.333333333333336,16.666666666666664
E00121621,111,22,8,14,89,84,5,19.81981981981982,7.207207207207207,12.612612612612612,80.18018018018019,75.67567567567568,4.504504504504505
E00121622,140,31,5,26,109,96,13,22.142857142857142,3.571428571428571,18.571428571428573,77.85714285714286,68.57142857142857,9.285714285714286
E00121623,175,48,13,35,127,109,18,27.42857142857143,7.428571428571429,20,72.57142857142857,62.28571428571429,10.285714285714285
E00121624,158,38,7,31,120,111,9,24.050632911392405,4.430379746835443,19.62025316455696,75.9493670886076,70.25316455696202,5.69620253164557
E00121625,144,47,23,24,97,87,10,32.63888888888889,15.972222222222221,16.666666666666664,67.36111111111111,60.416666666666664,6.944444444444445
E00121626,151,27,8,19,124,102,22,17.880794701986755,5.298013245033113,12.582781456953644,82.11920529801324,67.54966887417218,14.56953642384106
E00121627,117,23,9,14,94,84,10,19.65811965811966,7.6923076923076925,11.965811965811966,80.34188034188034,71.7948717948718,8.547008547008547
E00121628,142,38,11,27,104,93,11,26.76056338028169,7.746478873239436,19.014084507042252,73.23943661971832,65.49295774647888,7.746478873239436
E00121629,90,29,8,21,61,52,9,32.22222222222222,8.88888888888889,23.333333333333332,67.77777777777779,57.77777777777777,10
E00121630,194,54,22,32,140,124,16,27.835051546391753,11.34020618556701,16.49484536082474,72.16494845360825,63.91752577319587,8.24742268041237
E00121631,152,52,20,32,100,85,15,34.21052631578947,13.157894736842104,21.052631578947366,65.78947368421053,55.92105263157895,9.868421052631579
E00121632,117,30,10,20,87,77,10,25.64102564102564,8.547008547008547,17.094017094017094,74.35897435897436,65.8119658119658,8.547008547008547
E00121633,175,52,23,29,123,106,17,29.714285714285715,13.142857142857142,16.57142857142857,70.28571428571428,60.57142857142858,9.714285714285714
E00121634,170,54,21,33,116,106,10,31.76470588235294,12.352941176470589,19.411764705882355,68.23529411764706,62.35294117647059,5.88235294117647
E00121635,197,67,17,50,130,114,16,34.01015228426396,8.629441624365482,25.380710659898476,65.98984771573603,57.868020304568525,8.121827411167512
E00121636,170,46,10,36,124,106,18,27.058823529411764,5.88235294117647,21.176470588235293,72.94117647058823,62.35294117647059,10.588235294117647
E00121638,179,41,19,22,138,126,12,22.905027932960895,10.614525139664805,12.290502793296088,77.09497206703911,70.39106145251397,6.70391061452514
E00121639,148,34,8,26,114,102,12,22.972972972972975,5.405405405405405,17.56756756756757,77.02702702702703,68.91891891891892,8.108108108108109
E00121640,133,45,13,32,88,78,10,33.83458646616541,9.774436090225564,24.06015037593985,66.16541353383458,58.64661654135338,7.518796992481203
E00121642,160,48,20,28,112,103,9,30,12.5,17.5,70,64.375,5.625
E00121643,129,41,8,33,88,78,10,31.782945736434108,6.2015503875969,25.581395348837212,68.21705426356588,60.46511627906976,7.751937984496124
E00121644,202,48,13,35,154,130,24,23.762376237623762,6.435643564356436,17.326732673267326,76.23762376237624,64.35643564356435,11.881188118811881
E00121645,142,30,4,26,112,93,19,21.12676056338028,2.8169014084507045,18.30985915492958,78.87323943661971,65.49295774647888,13.380281690140844
E00121646,146,50,20,30,96,85,11,34.24657534246575,13.698630136986301,20.54794520547945,65.75342465753424,58.21917808219178,7.534246575342466
E00121647,190,47,16,31,143,125,18,24.736842105263158,8.421052631578947,16.315789473684212,75.26315789473685,65.78947368421053,9.473684210526317
E00121648,175,55,18,37,120,101,19,31.428571428571427,10.285714285714285,21.142857142857142,68.57142857142857,57.714285714285715,10.857142857142858
E00121649,168,59,23,36,109,100,9,35.11904761904761,13.690476190476192,21.428571428571427,64.88095238095238,59.523809523809526,5.357142857142857
E00121650,146,33,10,23,113,101,12,22.602739726027394,6.8493150684931505,15.753424657534246,77.3972602739726,69.17808219178082,8.21917808219178
E00121651,186,54,17,37,132,109,23,29.03225806451613,9.13978494623656,19.892473118279568,70.96774193548387,58.602150537634415,12.365591397849462
E00121652,137,27,13,14,110,97,13,19.708029197080293,9.48905109489051,10.218978102189782,80.2919708029197,70.8029197080292,9.48905109489051
E00121653,143,46,20,26,97,83,14,32.16783216783217,13.986013986013987,18.181818181818183,67.83216783216784,58.04195804195804,9.79020979020979
E00121654,192,53,19,34,139,124,15,27.604166666666668,9.895833333333332,17.708333333333336,72.39583333333334,64.58333333333334,7.8125
E00121655,156,26,10,16,130,108,22,16.666666666666664,6.41025641025641,10.256410256410255,83.33333333333334,69.23076923076923,14.102564102564102
E00121656,131,37,19,18,94,77,17,28.24427480916031,14.50381679389313,13.740458015267176,71.7557251908397,58.778625954198475,12.977099236641221
E00121657,156,56,23,33,100,83,17,35.8974358974359,14.743589743589745,21.153846153846153,64.1025641025641,53.205128205128204,10.897435897435898
E00121658,162,57,21,36,105,80,25,35.18518518518518,12.962962962962962,22.22222222222222,64.81481481481481,49.382716049382715,15.432098765432098
E00121659,125,41,20,21,84,69,15,32.800000000000004,16,16.8,67.2,55.2,12
E00121660,147,45,15,30,102,83,19,30.612244897959183,10.204081632653061,20.408163265306122,69.38775510204081,56.4625850340136,12.925170068027212
E00121661,54,21,12,9,33,23,10,38.88888888888889,22.22222222222222,16.666666666666664,61.111111111111114,42.592592592592595,18.51851851851852
E00121662,128,46,15,31,82,77,5,35.9375,11.71875,24.21875,64.0625,60.15625,3.90625
E00121663,171,48,19,29,123,106,17,28.07017543859649,11.11111111111111,16.95906432748538,71.9298245614035,61.98830409356725,9.941520467836257
E00121664,122,44,17,27,78,69,9,36.0655737704918,13.934426229508196,22.131147540983605,63.934426229508205,56.557377049180324,7.377049180327869
E00121665,146,57,23,34,89,77,12,39.04109589041096,15.753424657534246,23.28767123287671,60.95890410958904,52.73972602739726,8.21917808219178
E00121666,166,43,10,33,123,107,16,25.903614457831324,6.024096385542169,19.879518072289155,74.09638554216868,64.45783132530121,9.63855421686747
E00121667,149,43,12,31,106,94,12,28.859060402684566,8.053691275167784,20.80536912751678,71.14093959731544,63.08724832214765,8.053691275167784
E00121668,124,41,12,29,83,73,10,33.064516129032256,9.67741935483871,23.387096774193548,66.93548387096774,58.87096774193549,8.064516129032258
E00121669,123,27,7,20,96,82,14,21.951219512195124,5.691056910569105,16.260162601626014,78.04878048780488,66.66666666666666,11.38211382113821
E00121670,130,50,16,34,80,59,21,38.46153846153847,12.307692307692308,26.153846153846157,61.53846153846154,45.38461538461539,16.153846153846153
E00121671,151,45,14,31,106,99,7,29.80132450331126,9.271523178807946,20.52980132450331,70.19867549668875,65.56291390728477,4.635761589403973
E00121672,180,55,24,31,125,95,30,30.555555555555557,13.333333333333334,17.22222222222222,69.44444444444444,52.77777777777778,16.666666666666664
E00121673,131,33,14,19,98,82,16,25.190839694656486,10.687022900763358,14.50381679389313,74.80916030534351,62.59541984732825,12.213740458015266
E00121674,113,39,15,24,74,53,21,34.51327433628318,13.274336283185843,21.238938053097346,65.48672566371681,46.902654867256636,18.58407079646018
E00121675,179,52,22,30,127,110,17,29.05027932960894,12.290502793296088,16.75977653631285,70.94972067039106,61.452513966480446,9.497206703910614
E00121676,149,44,14,30,105,87,18,29.53020134228188,9.395973154362416,20.13422818791946,70.46979865771812,58.38926174496645,12.080536912751679
E00121677,104,41,24,17,63,47,16,39.42307692307692,23.076923076923077,16.346153846153847,60.57692307692307,45.19230769230769,15.384615384615385
E00121678,91,28,10,18,63,45,18,30.76923076923077,10.989010989010989,19.78021978021978,69.23076923076923,49.45054945054945,19.78021978021978
E00121680,161,54,10,44,107,96,11,33.54037267080746,6.211180124223603,27.32919254658385,66.45962732919256,59.62732919254658,6.832298136645963
E00121681,124,34,12,22,90,80,10,27.419354838709676,9.67741935483871,17.741935483870968,72.58064516129032,64.51612903225806,8.064516129032258
E00121682,144,38,17,21,106,86,20,26.38888888888889,11.805555555555555,14.583333333333334,73.61111111111111,59.72222222222222,13.88888888888889
E00121683,139,44,12,32,95,81,14,31.654676258992804,8.633093525179856,23.021582733812952,68.34532374100719,58.27338129496403,10.071942446043165
E00121684,157,54,15,39,103,89,14,34.394904458598724,9.554140127388536,24.840764331210192,65.60509554140127,56.68789808917197,8.9171974522293
E00121685,158,41,23,18,117,100,17,25.949367088607595,14.556962025316455,11.39240506329114,74.0506329113924,63.29113924050633,10.759493670886076
E00121686,121,33,9,24,88,74,14,27.27272727272727,7.43801652892562,19.834710743801654,72.72727272727273,61.15702479338842,11.570247933884298
E00121687,159,54,22,32,105,91,14,33.9622641509434,13.836477987421384,20.125786163522015,66.0377358490566,57.23270440251572,8.80503144654088
E00121688,134,43,17,26,91,66,25,32.08955223880597,12.686567164179104,19.402985074626866,67.91044776119402,49.25373134328358,18.65671641791045
E00121689,168,44,16,28,124,110,14,26.190476190476193,9.523809523809524,16.666666666666664,73.80952380952381,65.47619047619048,8.333333333333332
E00121690,141,35,15,20,106,87,19,24.822695035460992,10.638297872340425,14.184397163120568,75.177304964539,61.702127659574465,13.47517730496454
E00121691,189,51,20,31,138,109,29,26.984126984126984,10.582010582010582,16.402116402116402,73.01587301587301,57.67195767195767,15.343915343915343
E00121692,177,69,32,37,108,90,18,38.983050847457626,18.07909604519774,20.903954802259886,61.016949152542374,50.847457627118644,10.16949152542373
E00121693,164,49,27,22,115,85,30,29.878048780487802,16.463414634146343,13.414634146341465,70.1219512195122,51.829268292682926,18.29268292682927
E00121694,182,66,38,28,116,93,23,36.26373626373626,20.87912087912088,15.384615384615385,63.73626373626373,51.098901098901095,12.637362637362637
E00121695,186,52,21,31,134,99,35,27.956989247311824,11.29032258064516,16.666666666666664,72.04301075268818,53.2258064516129,18.817204301075268
E00121696,170,59,25,34,111,83,28,34.705882352941174,14.705882352941178,20,65.29411764705883,48.8235294117647,16.470588235294116
E00121697,148,37,15,22,111,89,22,25,10.135135135135135,14.864864864864865,75,60.13513513513513,14.864864864864865
E00121698,198,43,19,24,155,134,21,21.71717171717172,9.595959595959595,12.121212121212121,78.28282828282829,67.67676767676768,10.606060606060606
E00121699,186,47,15,32,139,111,28,25.268817204301076,8.064516129032258,17.20430107526882,74.73118279569893,59.67741935483871,15.053763440860216
E00121700,160,45,12,33,115,90,25,28.125,7.5,20.625,71.875,56.25,15.625
E00121701,178,50,23,27,128,113,15,28.08988764044944,12.921348314606742,15.168539325842698,71.91011235955057,63.48314606741573,8.426966292134832
E00121704,110,38,10,28,72,61,11,34.54545454545455,9.090909090909092,25.454545454545453,65.45454545454545,55.45454545454545,10
E00121706,172,48,12,36,124,102,22,27.906976744186046,6.976744186046512,20.930232558139537,72.09302325581395,59.30232558139535,12.790697674418606
E00121707,159,42,19,23,117,94,23,26.41509433962264,11.949685534591195,14.465408805031446,73.58490566037736,59.11949685534591,14.465408805031446
E00121708,186,45,19,26,141,105,36,24.193548387096776,10.21505376344086,13.978494623655912,75.80645161290323,56.451612903225815,19.35483870967742
E00121709,149,48,16,32,101,79,22,32.21476510067114,10.738255033557047,21.476510067114095,67.78523489932886,53.02013422818792,14.76510067114094
E00121710,123,38,20,18,85,63,22,30.89430894308943,16.260162601626014,14.634146341463413,69.10569105691057,51.21951219512195,17.88617886178862
E00121711,179,57,20,37,122,100,22,31.843575418994412,11.1731843575419,20.670391061452513,68.15642458100558,55.865921787709496,12.290502793296088
E00121712,219,49,20,29,170,130,40,22.37442922374429,9.1324200913242,13.24200913242009,77.6255707762557,59.3607305936073,18.2648401826484
E00121713,129,38,13,25,91,76,15,29.457364341085274,10.077519379844961,19.379844961240313,70.54263565891473,58.91472868217055,11.627906976744185
E00121714,122,33,15,18,89,66,23,27.049180327868854,12.295081967213115,14.754098360655737,72.95081967213115,54.09836065573771,18.852459016393443
E00121715,116,31,8,23,85,67,18,26.72413793103448,6.896551724137931,19.82758620689655,73.27586206896551,57.758620689655174,15.517241379310345
E00121716,147,42,18,24,105,77,28,28.57142857142857,12.244897959183673,16.3265306122449,71.42857142857143,52.38095238095239,19.047619047619047
E00121717,215,68,27,41,147,111,36,31.627906976744185,12.558139534883722,19.069767441860467,68.37209302325581,51.627906976744185,16.74418604651163
E00121718,136,43,17,26,93,66,27,31.61764705882353,12.5,19.11764705882353,68.38235294117648,48.529411764705884,19.852941176470587
E00121719,144,51,19,32,93,77,16,35.41666666666667,13.194444444444445,22.22222222222222,64.58333333333334,53.47222222222222,11.11111111111111
E00121720,168,49,17,32,119,92,27,29.166666666666668,10.119047619047619,19.047619047619047,70.83333333333334,54.761904761904766,16.071428571428573
E00173214,229,36,13,23,193,175,18,15.72052401746725,5.676855895196507,10.043668122270741,84.27947598253274,76.41921397379913,7.860262008733625
E00173217,201,43,14,29,158,134,24,21.393034825870647,6.965174129353234,14.427860696517413,78.60696517412936,66.66666666666666,11.940298507462686
E00173218,187,50,15,35,137,117,20,26.737967914438503,8.0213903743315509,18.71657754010695,73.2620320855615,62.56684491978609,10.695187165775401
E00173220,132,29,12,17,103,85,18,21.96969696969697,9.090909090909092,12.878787878787879,78.03030303030303,64.39393939393939,13.636363636363635
E00173221,88,21,4,17,67,55,12,23.863636363636363,4.545454545454546,19.318181818181817,76.13636363636364,62.5,13.636363636363635
E00173223,201,43,14,29,158,133,25,21.393034825870647,6.965174129353234,14.427860696517413,78.60696517412936,66.16915422885572,12.437810945273633
E00173225,190,32,8,24,158,144,14,16.842105263157894,4.2105263157894735,12.631578947368421,83.15789473684211,75.78947368421053,7.368421052631578
E00173226,160,46,21,25,114,99,15,28.749999999999996,13.125,15.625,71.25,61.875,9.375
E00173228,162,40,12,28,122,105,17,24.691358024691358,7.4074074074074066,17.28395061728395,75.30864197530865,64.81481481481481,10.493827160493826
E00173229,264,174,111,63,90,90,0,65.9090909090909,42.04545454545455,23.863636363636363,34.090909090909086,34.090909090909086,0
E00173231,161,23,8,15,138,120,18,14.285714285714285,4.968944099378882,9.316770186335404,85.71428571428571,74.53416149068323,11.180124223602485
E00173232,108,34,8,26,74,69,5,31.48148148148148,7.4074074074074066,24.074074074074073,68.51851851851852,63.888888888888886,4.62962962962963
E00173234,162,39,15,24,123,109,14,24.074074074074073,9.25925925925926,14.814814814814813,75.92592592592592,67.28395061728395,8.641975308641975
E00173235,196,45,18,27,151,133,18,22.95918367346939,9.183673469387756,13.77551020408163,77.04081632653062,67.85714285714286,9.183673469387756
E00173237,130,36,16,20,94,78,16,27.692307692307693,12.307692307692308,15.384615384615385,72.3076923076923,60,12.307692307692308
E00173239,137,80,42,38,57,53,4,58.3941605839416,30.656934306569344,27.73722627737226,41.605839416058394,38.68613138686132,2.9197080291970803
E00173240,115,40,17,23,75,69,6,34.78260869565217,14.782608695652174,20,65.21739130434783,60,5.217391304347826
E00173242,140,46,17,29,94,82,12,32.857142857142854,12.142857142857142,20.714285714285715,67.14285714285714,58.57142857142858,8.571428571428571
E00173243,84,21,9,12,63,60,3,25,10.714285714285714,14.285714285714285,75,71.42857142857143,3.571428571428571
E00173245,286,58,19,39,228,204,24,20.27972027972028,6.643356643356643,13.636363636363635,79.72027972027972,71.32867132867133,8.391608391608392
E00173246,222,62,30,32,160,145,15,27.927927927927925,13.513513513513514,14.414414414414415,72.07207207207207,65.31531531531532,6.756756756756757
E00173248,181,44,17,27,137,114,23,24.30939226519337,9.392265193370166,14.917127071823206,75.69060773480662,62.98342541436463,12.70718232044199
E00173249,90,31,11,20,59,54,5,34.44444444444444,12.222222222222221,22.22222222222222,65.55555555555556,60,5.555555555555555
E00173251,112,29,14,15,83,71,12,25.892857142857146,12.5,13.392857142857142,74.10714285714286,63.39285714285714,10.714285714285714
E00173253,181,54,24,30,127,108,19,29.83425414364641,13.259668508287293,16.574585635359114,70.1657458563536,59.66850828729282,10.497237569060774
E00173254,190,57,25,32,133,96,37,30,13.157894736842104,16.842105263157894,70,50.526315789473685,19.473684210526315
E00173256,163,40,13,27,123,107,16,24.539877300613497,7.975460122699387,16.56441717791411,75.4601226993865,65.6441717791411,9.815950920245399
E00173257,119,26,10,16,93,72,21,21.84873949579832,8.403361344537815,13.445378151260504,78.15126050420169,60.50420168067227,17.647058823529413
E00173259,142,44,26,18,98,66,32,30.985915492957744,18.30985915492958,12.676056338028168,69.01408450704226,46.478873239436616,22.535211267605636
E00173260,120,51,24,27,69,65,4,42.5,20,22.5,57.49999999999999,54.166666666666664,3.3333333333333335
E00173262,142,60,23,37,82,75,7,42.25352112676056,16.19718309859155,26.056338028169012,57.74647887323944,52.816901408450704,4.929577464788732
E00173263,121,54,32,22,67,55,12,44.62809917355372,26.446280991735538,18.181818181818183,55.371900826446286,45.45454545454545,9.917355371900827
E00173267,105,28,5,23,77,69,8,26.666666666666668,4.761904761904762,21.904761904761905,73.33333333333333,65.71428571428571,7.6190476190476195
E00173268,170,39,15,24,131,114,17,22.941176470588236,8.823529411764707,14.117647058823529,77.05882352941177,67.05882352941175,10
E00173270,221,48,15,33,173,145,28,21.71945701357466,6.787330316742081,14.93212669683258,78.28054298642535,65.61085972850678,12.669683257918551
E00190227,77,16,7,9,61,54,7,20.77922077922078,9.090909090909092,11.688311688311687,79.22077922077922,70.12987012987013,9.090909090909092
E00190230,169,114,63,51,55,49,6,67.45562130177515,37.278106508875744,30.17751479289941,32.544378698224854,28.994082840236686,3.5502958579881656
E00190232,93,8,4,4,85,72,13,8.60215053763441,4.301075268817205,4.301075268817205,91.39784946236558,77.41935483870968,13.978494623655912
E00190237,160,119,76,43,41,37,4,74.375,47.5,26.875,25.624999999999996,23.125,2.5
E00190240,266,232,162,70,34,25,9,87.21804511278195,60.902255639097746,26.31578947368421,12.781954887218044,9.398496240601503,3.3834586466165413
E00190241,104,33,10,23,71,65,6,31.73076923076923,9.615384615384617,22.115384615384613,68.26923076923077,62.5,5.769230769230769
E00190254,159,17,4,13,142,122,20,10.69182389937107,2.515723270440252,8.176100628930817,89.30817610062893,76.72955974842768,12.578616352201259
E00190256,197,25,9,16,172,153,19,12.690355329949238,4.568527918781726,8.121827411167512,87.30964467005076,77.66497461928934,9.644670050761421
E00190257,166,76,39,37,90,77,13,45.78313253012048,23.49397590361446,22.289156626506024,54.21686746987952,46.3855421686747,7.83132530120482
E00190264,170,22,8,14,148,136,12,12.941176470588237,4.705882352941177,8.235294117647058,87.05882352941177,80,7.0588235294117645
E00190265,73,20,10,10,53,40,13,27.397260273972602,13.698630136986301,13.698630136986301,72.6027397260274,54.794520547945204,17.80821917808219
E00190269,106,31,15,16,75,70,5,29.245283018867923,14.150943396226415,15.09433962264151,70.75471698113208,66.0377358490566,4.716981132075472
E00190271,152,16,5,11,136,120,16,10.526315789473683,3.289473684210526,7.236842105263158,89.47368421052632,78.94736842105263,10.526315789473683
E00190274,128,15,1,14,113,104,9,11.71875,0.78125,10.9375,88.28125,81.25,7.03125
E00190295,134,34,10,24,100,71,29,25.37313432835821,7.462686567164178,17.91044776119403,74.6268656716418,52.98507462686567,21.641791044776117
E00190298,179,39,15,24,140,117,23,21.787709497206702,8.379888268156424,13.40782122905028,78.2122905027933,65.36312849162012,12.849162011173185
E00190301,75,25,7,18,50,45,5,33.33333333333333,9.333333333333334,24,66.66666666666666,60,6.666666666666667
E00190313,170,40,12,28,130,111,19,23.52941176470588,7.0588235294117645,16.470588235294116,76.47058823529412,65.29411764705883,11.176470588235295
E00190314,139,95,58,37,44,34,10,68.34532374100719,41.726618705035975,26.618705035971225,31.654676258992804,24.46043165467626,7.1942446043165464
E00190317,184,118,48,70,66,60,6,64.13043478260869,26.08695652173913,38.04347826086957,35.869565217391305,32.608695652173914,3.260869565217391
E00190319,133,43,17,26,90,82,8,32.33082706766917,12.781954887218044,19.548872180451127,67.66917293233082,61.65413533834586,6.015037593984962
E00190320,117,31,11,20,86,71,15,26.495726495726498,9.401709401709402,17.094017094017094,73.50427350427351,60.68376068376068,12.82051282051282
E00190321,85,23,14,9,62,48,14,27.058823529411764,16.470588235294116,10.588235294117647,72.94117647058823,56.470588235294116,16.470588235294116
E00190322,77,14,5,9,63,54,9,18.181818181818183,6.493506493506493,11.688311688311687,81.81818181818183,70.12987012987013,11.688311688311687
E00190325,277,40,12,28,237,208,29,14.440433212996389,4.332129963898916,10.108303249097473,85.5595667870036,75.09025270758123,10.469314079422382
E00190326,175,47,13,34,128,114,14,26.857142857142858,7.428571428571429,19.428571428571427,73.14285714285714,65.14285714285715,8
E00190336,178,47,12,35,131,110,21,26.40449438202247,6.741573033707865,19.662921348314608,73.59550561797754,61.79775280898876,11.797752808988763
E00190339,170,39,20,19,131,94,37,22.941176470588236,11.76470588235294,11.176470588235295,77.05882352941177,55.294117647058826,21.764705882352942
E00190340,110,17,10,7,93,78,15,15.454545454545453,9.090909090909092,6.363636363636363,84.54545454545455,70.9090909090909,13.636363636363635
E00190345,117,12,3,9,105,92,13,10.256410256410255,2.564102564102564,7.6923076923076925,89.74358974358975,78.63247863247864,11.11111111111111
E00190346,66,24,9,15,42,34,8,36.36363636363637,13.636363636363635,22.727272727272727,63.63636363636363,51.515151515151516,12.121212121212121
