OA,ts0590001,ts0590002,ts0590003,ts0590004,ts0590005,ts0590006,ts0590007,ts0590002_PCT,ts0590003_PCT,ts0590004_PCT,ts0590005_PCT,ts0590006_PCT,ts0590007_PCT
E00149034,173,59,11,48,114,98,16,34.104046242774565,6.358381502890173,27.74566473988439,65.89595375722543,56.64739884393064,9.248554913294797
E00149035,186,62,19,43,124,107,17,33.33333333333333,10.21505376344086,23.118279569892472,66.66666666666666,57.52688172043011,9.13978494623656
E00149036,91,25,0,25,66,53,13,27.472527472527474,0,27.472527472527474,72.52747252747253,58.24175824175825,14.285714285714285
E00149037,130,51,16,35,79,72,7,39.23076923076923,12.307692307692308,26.923076923076923,60.76923076923077,55.38461538461539,5.384615384615385
E00149038,186,55,16,39,131,107,24,29.56989247311828,8.60215053763441,20.967741935483872,70.43010752688173,57.52688172043011,12.903225806451612
E00149039,94,28,8,20,66,54,12,29.78723404255319,8.51063829787234,21.27659574468085,70.2127659574468,57.446808510638306,12.76595744680851
E00149040,184,61,23,38,123,103,20,33.15217391304348,12.5,20.652173913043477,66.84782608695652,55.97826086956522,10.869565217391305
E00149042,93,34,8,26,59,48,11,36.55913978494624,8.60215053763441,27.956989247311824,63.44086021505376,51.61290322580645,11.827956989247312
E00149043,150,44,15,29,106,95,11,29.333333333333332,10,19.333333333333332,70.66666666666667,63.33333333333333,7.333333333333333
E00149044,177,57,21,36,120,113,7,32.20338983050847,11.864406779661017,20.33898305084746,67.79661016949152,63.84180790960452,3.954802259887006
E00149045,136,45,15,30,91,72,19,33.088235294117645,11.029411764705882,22.058823529411764,66.91176470588235,52.94117647058824,13.970588235294118
E00149046,168,57,22,35,111,89,22,33.92857142857143,13.095238095238097,20.833333333333336,66.07142857142857,52.976190476190474,13.095238095238097
E00149048,255,79,23,56,176,157,19,30.980392156862745,9.019607843137255,21.96078431372549,69.01960784313725,61.568627450980394,7.450980392156863
E00149050,81,23,9,14,58,52,6,28.39506172839506,11.11111111111111,17.28395061728395,71.60493827160494,64.19753086419753,7.4074074074074066
E00149051,141,41,16,25,100,65,35,29.078014184397162,11.347517730496454,17.73049645390071,70.92198581560284,46.09929078014184,24.822695035460992
E00149052,109,44,16,28,65,56,9,40.36697247706422,14.678899082568808,25.688073394495415,59.63302752293578,51.37614678899083,8.256880733944955
E00149053,128,45,18,27,83,69,14,35.15625,14.0625,21.09375,64.84375,53.90625,10.9375
E00149054,119,37,14,23,82,64,18,31.092436974789916,11.76470588235294,19.327731092436977,68.90756302521008,53.78151260504202,15.126050420168067
E00149055,224,70,30,40,154,121,33,31.25,13.392857142857142,17.857142857142858,68.75,54.01785714285714,14.732142857142858
E00149056,154,58,19,39,96,86,10,37.66233766233766,12.337662337662337,25.324675324675322,62.33766233766234,55.84415584415584,6.493506493506493
E00149057,99,28,8,20,71,59,12,28.28282828282828,8.080808080808081,20.2020202020202,71.71717171717171,59.59595959595959,12.121212121212121
E00149058,79,26,16,10,53,42,11,32.91139240506329,20.253164556962027,12.658227848101266,67.08860759493672,53.16455696202531,13.924050632911392
E00149059,143,43,13,30,100,88,12,30.069930069930066,9.090909090909092,20.97902097902098,69.93006993006993,61.53846153846154,8.391608391608392
E00149060,57,19,8,11,38,28,10,33.33333333333333,14.035087719298245,19.298245614035086,66.66666666666666,49.122807017543856,17.543859649122805
E00149061,227,84,38,46,143,91,52,37.00440528634361,16.740088105726873,20.26431718061674,62.99559471365639,40.08810572687225,22.90748898678414
E00149062,182,69,15,54,113,93,20,37.91208791208791,8.241758241758241,29.67032967032967,62.08791208791209,51.098901098901095,10.989010989010989
E00149063,210,81,34,47,129,99,30,38.57142857142858,16.19047619047619,22.380952380952383,61.42857142857143,47.14285714285714,14.285714285714285
E00149064,53,19,7,12,34,22,12,35.84905660377358,13.20754716981132,22.641509433962266,64.15094339622641,41.509433962264154,22.641509433962266
E00149065,113,42,18,24,71,56,15,37.16814159292036,15.929203539823009,21.238938053097346,62.83185840707964,49.557522123893804,13.274336283185843
E00149066,139,51,19,32,88,47,41,36.69064748201439,13.66906474820144,23.021582733812952,63.30935251798561,33.81294964028777,29.496402877697843
E00149067,92,38,10,28,54,47,7,41.30434782608695,10.869565217391305,30.434782608695656,58.69565217391305,51.08695652173913,7.608695652173914
E00149068,99,32,17,15,67,49,18,32.323232323232325,17.17171717171717,15.151515151515152,67.67676767676768,49.494949494949495,18.181818181818183
E00149069,195,62,24,38,133,96,37,31.794871794871792,12.307692307692308,19.48717948717949,68.2051282051282,49.23076923076923,18.974358974358974
E00149070,126,45,15,30,81,62,19,35.714285714285715,11.904761904761903,23.809523809523807,64.28571428571429,49.2063492063492,15.079365079365079
E00149071,129,61,29,32,68,50,18,47.286821705426355,22.48062015503876,24.8062015503876,52.71317829457365,38.759689922480625,13.953488372093023
E00149072,112,37,16,21,75,62,13,33.035714285714285,14.285714285714285,18.75,66.96428571428571,55.35714285714286,11.607142857142858
E00149073,179,63,23,40,116,77,39,35.19553072625698,12.849162011173185,22.3463687150838,64.80446927374301,43.01675977653631,21.787709497206702
E00149074,208,72,32,40,136,107,29,34.61538461538461,15.384615384615385,19.230769230769234,65.38461538461539,51.442307692307686,13.942307692307693
E00149075,151,55,18,37,96,68,28,36.423841059602644,11.920529801324504,24.503311258278146,63.576158940397356,45.033112582781456,18.543046357615893
E00149076,111,47,19,28,64,57,7,42.34234234234234,17.117117117117118,25.225225225225223,57.65765765765766,51.35135135135135,6.306306306306306
E00149077,114,32,11,21,82,58,24,28.07017543859649,9.649122807017543,18.421052631578945,71.9298245614035,50.877192982456144,21.052631578947366
E00149078,121,40,5,35,81,71,10,33.057851239669425,4.132231404958678,28.92561983471074,66.94214876033058,58.67768595041323,8.264462809917356
E00149079,146,41,18,23,105,93,12,28.08219178082192,12.32876712328767,15.753424657534246,71.91780821917808,63.6986301369863,8.21917808219178
E00149080,115,34,2,32,81,73,8,29.565217391304348,1.7391304347826086,27.82608695652174,70.43478260869566,63.47826086956522,6.956521739130435
E00149081,139,51,15,36,88,80,8,36.69064748201439,10.79136690647482,25.899280575539567,63.30935251798561,57.55395683453237,5.755395683453238
E00149082,148,54,18,36,94,84,10,36.486486486486484,12.162162162162163,24.324324324324326,63.51351351351351,56.75675675675676,6.756756756756757
E00149083,134,39,16,23,95,81,14,29.1044776119403,11.940298507462686,17.16417910447761,70.8955223880597,60.447761194029844,10.44776119402985
E00149084,119,48,16,32,71,59,12,40.33613445378151,13.445378151260504,26.89075630252101,59.66386554621849,49.57983193277311,10.084033613445378
E00149085,128,51,15,36,77,67,10,39.84375,11.71875,28.125,60.15625,52.34375,7.8125
E00149086,102,32,15,17,70,54,16,31.372549019607842,14.705882352941178,16.666666666666664,68.62745098039215,52.94117647058824,15.686274509803921
E00149087,133,46,19,27,87,72,15,34.58646616541353,14.285714285714285,20.30075187969925,65.41353383458647,54.13533834586466,11.278195488721805
E00149088,131,45,12,33,86,68,18,34.35114503816794,9.16030534351145,25.190839694656486,65.64885496183206,51.908396946564885,13.740458015267176
E00149089,99,35,12,23,64,58,6,35.35353535353536,12.121212121212121,23.232323232323232,64.64646464646465,58.58585858585859,6.0606060606060606
E00149090,129,45,15,30,84,76,8,34.883720930232556,11.627906976744185,23.25581395348837,65.11627906976744,58.91472868217055,6.2015503875969
E00149091,113,39,10,29,74,68,6,34.51327433628318,8.849557522123893,25.663716814159294,65.48672566371681,60.17699115044248,5.3097345132743365
E00149092,103,23,8,15,80,75,5,22.330097087378643,7.766990291262135,14.563106796116504,77.66990291262135,72.81553398058253,4.854368932038835
E00149093,130,45,15,30,85,73,12,34.61538461538461,11.538461538461538,23.076923076923077,65.38461538461539,56.15384615384615,9.230769230769232
E00149094,165,62,15,47,103,94,9,37.57575757575757,9.090909090909092,28.484848484848484,62.42424242424243,56.96969696969697,5.454545454545454
E00149095,65,17,1,16,48,42,6,26.153846153846157,1.5384615384615385,24.615384615384617,73.84615384615385,64.61538461538461,9.230769230769232
E00149096,89,29,13,16,60,38,22,32.58426966292135,14.606741573033707,17.97752808988764,67.41573033707866,42.69662921348314,24.719101123595504
E00149097,111,39,13,26,72,51,21,35.13513513513514,11.711711711711711,23.423423423423422,64.86486486486487,45.94594594594595,18.91891891891892
E00149098,140,63,27,36,77,51,26,45,19.28571428571429,25.71428571428571,55.00000000000001,36.42857142857142,18.571428571428573
E00149099,137,54,22,32,83,57,26,39.416058394160586,16.05839416058394,23.357664233576642,60.58394160583942,41.605839416058394,18.97810218978102
E00149100,140,46,16,30,94,69,25,32.857142857142854,11.428571428571429,21.428571428571427,67.14285714285714,49.28571428571429,17.857142857142858
E00149101,120,36,15,21,84,61,23,30,12.5,17.5,70,50.83333333333333,19.166666666666668
E00149102,150,51,17,34,99,89,10,34,11.333333333333332,22.666666666666664,66,59.333333333333336,6.666666666666667
E00149103,149,63,31,32,86,70,16,42.281879194630875,20.80536912751678,21.476510067114095,57.71812080536913,46.97986577181208,10.738255033557047
E00149104,178,73,30,43,105,87,18,41.01123595505618,16.853932584269664,24.15730337078652,58.98876404494382,48.87640449438202,10.112359550561797
E00149105,148,48,19,29,100,80,20,32.432432432432435,12.837837837837837,19.594594594594593,67.56756756756756,54.054054054054056,13.513513513513514
E00149106,199,70,29,41,129,97,32,35.175879396984925,14.572864321608039,20.603015075376884,64.82412060301507,48.743718592964825,16.08040201005025
E00149107,153,54,24,30,99,66,33,35.294117647058826,15.686274509803921,19.607843137254903,64.70588235294117,43.13725490196079,21.568627450980394
E00149108,152,40,14,26,112,81,31,26.31578947368421,9.210526315789473,17.105263157894736,73.68421052631578,53.289473684210535,20.394736842105264
E00149109,168,53,22,31,115,78,37,31.547619047619047,13.095238095238097,18.452380952380953,68.45238095238095,46.42857142857143,22.023809523809522
E00149110,238,71,23,48,167,135,32,29.831932773109244,9.663865546218489,20.168067226890756,70.16806722689076,56.72268907563025,13.445378151260504
E00149111,174,52,22,30,122,93,29,29.88505747126437,12.643678160919542,17.24137931034483,70.11494252873564,53.44827586206896,16.666666666666664
E00149112,163,52,12,40,111,90,21,31.901840490797547,7.361963190184049,24.539877300613497,68.09815950920245,55.21472392638037,12.883435582822086
E00149114,140,37,11,26,103,85,18,26.42857142857143,7.857142857142857,18.571428571428573,73.57142857142858,60.71428571428571,12.857142857142856
E00149116,140,60,22,38,80,60,20,42.857142857142854,15.714285714285714,27.142857142857142,57.14285714285714,42.857142857142854,14.285714285714285
E00149117,140,37,11,26,103,81,22,26.42857142857143,7.857142857142857,18.571428571428573,73.57142857142858,57.85714285714286,15.714285714285714
E00149118,73,17,7,10,56,36,20,23.28767123287671,9.58904109589041,13.698630136986301,76.71232876712328,49.31506849315068,27.397260273972602
E00149119,78,28,11,17,50,38,12,35.8974358974359,14.102564102564102,21.794871794871796,64.1025641025641,48.717948717948715,15.384615384615385
E00149120,236,85,41,44,151,108,43,36.016949152542374,17.372881355932204,18.64406779661017,63.983050847457626,45.76271186440678,18.220338983050848
E00149121,137,48,23,25,89,62,27,35.03649635036496,16.78832116788321,18.248175182481752,64.96350364963503,45.25547445255474,19.708029197080293
E00149122,56,21,9,12,35,29,6,37.5,16.071428571428573,21.428571428571427,62.5,51.78571428571429,10.714285714285714
E00149123,136,61,23,38,75,58,17,44.85294117647059,16.911764705882355,27.941176470588236,55.14705882352941,42.64705882352941,12.5
E00149124,171,58,22,36,113,93,20,33.91812865497076,12.865497076023392,21.052631578947366,66.08187134502924,54.385964912280706,11.695906432748536
E00149125,134,40,17,23,94,76,18,29.850746268656714,12.686567164179104,17.16417910447761,70.1492537313433,56.71641791044776,13.432835820895523
E00149126,149,47,20,27,102,74,28,31.543624161073826,13.422818791946309,18.120805369127517,68.45637583892618,49.664429530201346,18.79194630872483
E00149127,86,30,9,21,56,42,14,34.883720930232556,10.465116279069768,24.418604651162788,65.11627906976744,48.837209302325576,16.27906976744186
E00149128,106,34,10,24,72,53,19,32.075471698113205,9.433962264150944,22.641509433962266,67.9245283018868,50,17.92452830188679
E00149129,62,25,12,13,37,30,7,40.32258064516129,19.35483870967742,20.967741935483872,59.67741935483871,48.38709677419355,11.29032258064516
E00149130,200,66,20,46,134,120,14,33,10,23,67,60,7.000000000000001
E00149131,95,29,5,24,66,60,6,30.526315789473685,5.263157894736842,25.263157894736842,69.47368421052632,63.1578947368421,6.315789473684211
E00149132,122,35,13,22,87,72,15,28.688524590163933,10.655737704918032,18.0327868852459,71.31147540983606,59.01639344262295,12.295081967213115
E00149134,144,49,17,32,95,85,10,34.02777777777778,11.805555555555555,22.22222222222222,65.97222222222221,59.02777777777778,6.944444444444445
E00149136,122,44,15,29,78,65,13,36.0655737704918,12.295081967213115,23.770491803278688,63.934426229508205,53.278688524590166,10.655737704918032
E00149138,140,50,19,31,90,65,25,35.714285714285715,13.571428571428571,22.142857142857142,64.28571428571429,46.42857142857143,17.857142857142858
E00149139,104,36,13,23,68,56,12,34.61538461538461,12.5,22.115384615384613,65.38461538461539,53.84615384615385,11.538461538461538
E00149140,165,46,9,37,119,90,29,27.878787878787882,5.454545454545454,22.424242424242426,72.12121212121212,54.54545454545454,17.575757575757574
E00149141,163,44,15,29,119,98,21,26.993865030674847,9.202453987730062,17.791411042944784,73.00613496932516,60.122699386503065,12.883435582822086
E00149142,177,52,15,37,125,105,20,29.37853107344633,8.47457627118644,20.903954802259886,70.62146892655367,59.32203389830508,11.299435028248588
E00149143,122,47,20,27,75,60,15,38.52459016393443,16.39344262295082,22.131147540983605,61.47540983606557,49.18032786885246,12.295081967213115
E00149144,136,45,10,35,91,79,12,33.088235294117645,7.352941176470589,25.735294117647058,66.91176470588235,58.08823529411765,8.823529411764707
E00149145,111,38,18,20,73,62,11,34.234234234234236,16.216216216216218,18.01801801801802,65.76576576576578,55.85585585585585,9.90990990990991
E00149146,170,59,21,38,111,82,29,34.705882352941174,12.352941176470589,22.35294117647059,65.29411764705883,48.23529411764706,17.058823529411764
E00149147,140,50,13,37,90,79,11,35.714285714285715,9.285714285714286,26.42857142857143,64.28571428571429,56.42857142857143,7.857142857142857
E00149148,54,21,8,13,33,27,6,38.88888888888889,14.814814814814813,24.074074074074073,61.111111111111114,50,11.11111111111111
E00149149,70,24,9,15,46,35,11,34.285714285714285,12.857142857142856,21.428571428571427,65.71428571428571,50,15.714285714285714
E00149150,105,37,11,26,68,61,7,35.23809523809524,10.476190476190476,24.761904761904763,64.76190476190476,58.0952380952381,6.666666666666667
E00149151,126,35,13,22,91,57,34,27.77777777777778,10.317460317460316,17.46031746031746,72.22222222222221,45.23809523809524,26.984126984126984
E00149152,159,45,13,32,114,92,22,28.30188679245283,8.176100628930817,20.125786163522015,71.69811320754717,57.861635220125784,13.836477987421384
E00149154,109,38,9,29,71,55,16,34.862385321100916,8.256880733944955,26.605504587155966,65.13761467889908,50.45871559633027,14.678899082568808
E00149155,55,17,4,13,38,32,6,30.909090909090907,7.2727272727272725,23.636363636363637,69.0909090909091,58.18181818181818,10.909090909090908
E00149156,226,79,27,52,147,105,42,34.95575221238938,11.946902654867257,23.008849557522122,65.04424778761062,46.46017699115044,18.58407079646018
E00149157,126,46,13,33,80,66,14,36.507936507936506,10.317460317460316,26.190476190476193,63.49206349206349,52.38095238095239,11.11111111111111
E00149158,178,49,16,33,129,114,15,27.52808988764045,8.98876404494382,18.53932584269663,72.47191011235955,64.04494382022472,8.426966292134832
E00149160,106,36,14,22,70,54,16,33.9622641509434,13.20754716981132,20.754716981132077,66.0377358490566,50.943396226415096,15.09433962264151
E00149161,316,76,19,57,240,214,26,24.050632911392405,6.012658227848101,18.037974683544302,75.9493670886076,67.72151898734177,8.227848101265822
E00149162,137,47,15,32,90,78,12,34.306569343065696,10.948905109489052,23.357664233576642,65.69343065693431,56.934306569343065,8.75912408759124
E00149163,140,42,11,31,98,85,13,30,7.857142857142857,22.142857142857142,70,60.71428571428571,9.285714285714286
E00149164,177,55,19,36,122,93,29,31.07344632768362,10.734463276836157,20.33898305084746,68.92655367231639,52.54237288135594,16.38418079096045
E00149165,100,31,11,20,69,51,18,31,11,20,69,51,18
E00149166,144,56,25,31,88,67,21,38.88888888888889,17.36111111111111,21.52777777777778,61.111111111111114,46.52777777777778,14.583333333333334
E00149167,160,58,20,38,102,82,20,36.25,12.5,23.75,63.74999999999999,51.24999999999999,12.5
E00149168,197,66,24,42,131,96,35,33.50253807106599,12.18274111675127,21.31979695431472,66.49746192893402,48.73096446700508,17.766497461928935
E00149169,220,64,14,50,156,144,12,29.09090909090909,6.363636363636363,22.727272727272727,70.9090909090909,65.45454545454545,5.454545454545454
E00149170,171,64,22,42,107,93,14,37.42690058479532,12.865497076023392,24.561403508771928,62.57309941520468,54.385964912280706,8.187134502923977
E00149171,168,42,11,31,126,109,17,25,6.547619047619048,18.452380952380953,75,64.88095238095238,10.119047619047619
E00149172,91,31,14,17,60,51,9,34.065934065934066,15.384615384615385,18.681318681318682,65.93406593406593,56.043956043956044,9.89010989010989
E00149173,150,59,16,43,91,80,11,39.33333333333333,10.666666666666668,28.666666666666668,60.66666666666667,53.333333333333336,7.333333333333333
E00149174,92,30,11,19,62,54,8,32.608695652173914,11.956521739130435,20.652173913043477,67.3913043478261,58.69565217391305,8.695652173913043
E00149175,133,49,12,37,84,71,13,36.84210526315789,9.022556390977442,27.819548872180448,63.1578947368421,53.383458646616546,9.774436090225564
E00149176,176,60,10,50,116,99,17,34.090909090909086,5.681818181818182,28.40909090909091,65.9090909090909,56.25,9.659090909090908
E00149177,89,22,7,15,67,59,8,24.719101123595504,7.865168539325842,16.853932584269664,75.28089887640449,66.29213483146067,8.98876404494382
E00149178,148,45,12,33,103,88,15,30.405405405405407,8.108108108108109,22.2972972972973,69.5945945945946,59.45945945945946,10.135135135135135
E00149179,127,50,12,38,77,69,8,39.37007874015748,9.448818897637794,29.92125984251969,60.629921259842526,54.330708661417326,6.299212598425196
E00149180,141,32,5,27,109,91,18,22.69503546099291,3.546099290780142,19.148936170212767,77.30496453900709,64.53900709219859,12.76595744680851
E00149181,132,44,15,29,88,81,7,33.33333333333333,11.363636363636363,21.96969696969697,66.66666666666666,61.36363636363637,5.303030303030303
E00149182,158,40,12,28,118,104,14,25.31645569620253,7.59493670886076,17.72151898734177,74.68354430379746,65.82278481012658,8.860759493670885
E00149183,146,50,17,33,96,86,10,34.24657534246575,11.643835616438356,22.602739726027394,65.75342465753424,58.9041095890411,6.8493150684931505
E00149184,106,37,8,29,69,60,9,34.90566037735849,7.547169811320755,27.358490566037734,65.09433962264151,56.60377358490566,8.49056603773585
E00149185,189,67,16,51,122,104,18,35.44973544973545,8.465608465608465,26.984126984126984,64.55026455026454,55.026455026455025,9.523809523809524
E00149186,105,33,12,21,72,64,8,31.428571428571427,11.428571428571429,20,68.57142857142857,60.952380952380956,7.6190476190476195
E00149187,125,33,16,17,92,84,8,26.400000000000002,12.8,13.600000000000001,73.6,67.2,6.4
E00149188,200,74,20,54,126,107,19,37,10,27,63,53.5,9.5
E00149189,188,62,16,46,126,113,13,32.97872340425532,8.51063829787234,24.46808510638298,67.02127659574468,60.1063829787234,6.914893617021277
E00149190,115,34,10,24,81,64,17,29.565217391304348,8.695652173913043,20.869565217391305,70.43478260869566,55.65217391304348,14.782608695652174
E00149191,124,38,11,27,86,71,15,30.64516129032258,8.870967741935484,21.774193548387096,69.35483870967742,57.25806451612904,12.096774193548388
E00149193,218,64,28,36,154,132,22,29.357798165137616,12.844036697247708,16.51376146788991,70.64220183486239,60.550458715596335,10.091743119266056
E00149194,240,72,28,44,168,145,23,30,11.666666666666666,18.333333333333332,70,60.416666666666664,9.583333333333334
E00149196,144,47,13,34,97,83,14,32.63888888888889,9.027777777777777,23.61111111111111,67.36111111111111,57.638888888888886,9.722222222222223
E00149199,227,40,15,25,187,154,33,17.62114537444934,6.607929515418502,11.013215859030836,82.37885462555066,67.84140969162996,14.537444933920703
E00149200,181,41,13,28,140,121,19,22.65193370165746,7.18232044198895,15.469613259668508,77.34806629834254,66.85082872928176,10.497237569060774
E00149202,184,42,12,30,142,124,18,22.82608695652174,6.521739130434782,16.304347826086957,77.17391304347827,67.3913043478261,9.782608695652174
E00149203,52,3,1,2,49,42,7,5.769230769230769,1.9230769230769231,3.8461538461538463,94.23076923076923,80.76923076923077,13.461538461538462
E00149204,168,28,7,21,140,125,15,16.666666666666664,4.166666666666666,12.5,83.33333333333334,74.40476190476191,8.928571428571429
E00149205,236,55,16,39,181,160,21,23.30508474576271,6.779661016949152,16.52542372881356,76.69491525423729,67.79661016949152,8.898305084745763
E00149206,178,36,9,27,142,132,10,20.224719101123593,5.056179775280898,15.168539325842698,79.7752808988764,74.15730337078652,5.617977528089887
E00149207,222,60,12,48,162,140,22,27.027027027027028,5.405405405405405,21.62162162162162,72.97297297297297,63.06306306306306,9.90990990990991
E00149208,207,52,10,42,155,135,20,25.120772946859905,4.830917874396135,20.28985507246377,74.8792270531401,65.21739130434783,9.66183574879227
E00149209,114,20,8,12,94,87,7,17.543859649122805,7.017543859649122,10.526315789473683,82.45614035087719,76.31578947368422,6.140350877192982
E00149210,109,37,11,26,72,61,11,33.94495412844037,10.091743119266056,23.853211009174313,66.05504587155964,55.96330275229357,10.091743119266056
E00149211,169,46,16,30,123,109,14,27.218934911242602,9.467455621301776,17.75147928994083,72.7810650887574,64.49704142011834,8.284023668639055
E00149212,181,45,13,32,136,111,25,24.861878453038674,7.18232044198895,17.67955801104972,75.13812154696133,61.32596685082873,13.812154696132598
E00149213,152,37,7,30,115,97,18,24.342105263157894,4.605263157894736,19.736842105263158,75.6578947368421,63.81578947368421,11.842105263157894
E00149214,163,34,10,24,129,103,26,20.858895705521473,6.134969325153374,14.723926380368098,79.14110429447852,63.190184049079754,15.950920245398773
E00149215,160,49,12,37,111,92,19,30.625000000000004,7.5,23.125,69.375,57.49999999999999,11.875
E00149216,154,29,10,19,125,104,21,18.83116883116883,6.493506493506493,12.337662337662337,81.16883116883116,67.53246753246754,13.636363636363635
E00149217,129,52,18,34,77,68,9,40.310077519379846,13.953488372093023,26.356589147286826,59.68992248062015,52.71317829457365,6.976744186046512
E00149218,268,64,26,38,204,179,25,23.88059701492537,9.701492537313433,14.17910447761194,76.11940298507463,66.7910447761194,9.328358208955224
E00149219,182,58,19,39,124,113,11,31.868131868131865,10.43956043956044,21.428571428571427,68.13186813186813,62.08791208791209,6.043956043956044
E00149220,132,40,8,32,92,76,16,30.303030303030305,6.0606060606060606,24.242424242424242,69.6969696969697,57.57575757575758,12.121212121212121
E00149221,149,30,7,23,119,101,18,20.13422818791946,4.697986577181208,15.436241610738255,79.86577181208054,67.78523489932886,12.080536912751679
E00149222,170,48,11,37,122,109,13,28.235294117647058,6.470588235294119,21.764705882352942,71.76470588235294,64.11764705882354,7.647058823529412
E00149223,128,44,20,24,84,65,19,34.375,15.625,18.75,65.625,50.78125,14.84375
E00149224,135,35,8,27,100,79,21,25.925925925925924,5.9259259259259265,20,74.07407407407408,58.51851851851851,15.555555555555555
E00149225,196,47,17,30,149,130,19,23.97959183673469,8.673469387755102,15.306122448979592,76.0204081632653,66.3265306122449,9.693877551020408
E00149226,188,56,19,37,132,112,20,29.78723404255319,10.106382978723403,19.680851063829788,70.2127659574468,59.57446808510638,10.638297872340425
E00149227,201,57,22,35,144,118,26,28.35820895522388,10.945273631840797,17.412935323383085,71.64179104477611,58.70646766169154,12.935323383084576
E00149228,129,38,12,26,91,79,12,29.457364341085274,9.30232558139535,20.155038759689923,70.54263565891473,61.240310077519375,9.30232558139535
E00149229,106,43,11,32,63,49,14,40.56603773584906,10.377358490566039,30.18867924528302,59.43396226415094,46.22641509433962,13.20754716981132
E00149230,129,42,13,29,87,70,17,32.55813953488372,10.077519379844961,22.48062015503876,67.44186046511628,54.263565891472865,13.178294573643413
E00149231,121,36,7,29,85,77,8,29.75206611570248,5.785123966942149,23.96694214876033,70.24793388429752,63.63636363636363,6.6115702479338845
E00149232,158,47,9,38,111,100,11,29.746835443037973,5.69620253164557,24.050632911392405,70.25316455696202,63.29113924050633,6.962025316455696
E00149233,181,61,19,42,120,109,11,33.70165745856354,10.497237569060774,23.204419889502763,66.29834254143645,60.22099447513812,6.077348066298343
E00149234,126,40,11,29,86,82,4,31.746031746031743,8.73015873015873,23.015873015873016,68.25396825396825,65.07936507936508,3.1746031746031744
E00149235,116,32,12,20,84,75,9,27.586206896551722,10.344827586206897,17.24137931034483,72.41379310344827,64.65517241379311,7.758620689655173
E00149236,111,24,6,18,87,76,11,21.62162162162162,5.405405405405405,16.216216216216218,78.37837837837837,68.46846846846847,9.90990990990991
E00149237,132,48,15,33,84,77,7,36.36363636363637,11.363636363636363,25,63.63636363636363,58.333333333333336,5.303030303030303
E00149238,100,25,9,16,75,67,8,25,9,16,75,67,8
E00149239,181,61,13,48,120,102,18,33.70165745856354,7.18232044198895,26.519337016574585,66.29834254143645,56.353591160220994,9.94475138121547
E00149241,124,36,13,23,88,77,11,29.03225806451613,10.483870967741936,18.548387096774192,70.96774193548387,62.096774193548384,8.870967741935484
E00149242,167,54,17,37,113,102,11,32.33532934131736,10.179640718562874,22.15568862275449,67.66467065868264,61.07784431137725,6.58682634730539
E00149243,114,41,13,28,73,65,8,35.96491228070175,11.403508771929824,24.561403508771928,64.03508771929825,57.01754385964912,7.017543859649122
E00149244,122,28,9,19,94,85,9,22.950819672131146,7.377049180327869,15.573770491803279,77.04918032786885,69.67213114754098,7.377049180327869
E00149245,117,40,10,30,77,66,11,34.18803418803419,8.547008547008547,25.64102564102564,65.8119658119658,56.41025641025641,9.401709401709402
E00149246,150,44,16,28,106,92,14,29.333333333333332,10.666666666666668,18.666666666666668,70.66666666666667,61.33333333333333,9.333333333333334
E00149247,105,28,5,23,77,71,6,26.666666666666668,4.761904761904762,21.904761904761905,73.33333333333333,67.61904761904762,5.714285714285714
E00149248,127,46,11,35,81,68,13,36.22047244094488,8.661417322834646,27.559055118110237,63.77952755905512,53.54330708661418,10.236220472440944
E00149249,159,55,16,39,104,91,13,34.59119496855346,10.062893081761008,24.528301886792452,65.40880503144653,57.23270440251572,8.176100628930817
E00149250,142,49,12,37,93,85,8,34.50704225352113,8.450704225352112,26.056338028169012,65.49295774647888,59.859154929577464,5.633802816901409
E00149251,133,53,20,33,80,62,18,39.849624060150376,15.037593984962406,24.81203007518797,60.150375939849624,46.616541353383454,13.533834586466165
E00149252,136,52,17,35,84,68,16,38.23529411764706,12.5,25.735294117647058,61.76470588235294,50,11.76470588235294
E00149253,119,30,8,22,89,80,9,25.210084033613445,6.722689075630252,18.487394957983195,74.78991596638656,67.22689075630252,7.563025210084033
E00149255,128,45,17,28,83,61,22,35.15625,13.28125,21.875,64.84375,47.65625,17.1875
E00149256,135,39,15,24,96,88,8,28.888888888888886,11.11111111111111,17.77777777777778,71.11111111111111,65.18518518518519,5.9259259259259265
E00149257,164,50,15,35,114,92,22,30.48780487804878,9.146341463414634,21.341463414634145,69.51219512195121,56.09756097560976,13.414634146341465
E00149258,156,54,14,40,102,81,21,34.61538461538461,8.974358974358974,25.64102564102564,65.38461538461539,51.92307692307693,13.461538461538462
E00149259,134,38,18,20,96,62,34,28.35820895522388,13.432835820895523,14.925373134328357,71.64179104477611,46.26865671641791,25.37313432835821
E00149260,77,21,7,14,56,48,8,27.27272727272727,9.090909090909092,18.181818181818183,72.72727272727273,62.33766233766234,10.38961038961039
E00149261,138,41,15,26,97,81,16,29.71014492753623,10.869565217391305,18.84057971014493,70.28985507246377,58.69565217391305,11.594202898550725
E00149262,113,36,13,23,77,68,9,31.858407079646017,11.504424778761061,20.353982300884958,68.14159292035397,60.17699115044248,7.964601769911504
E00149263,110,35,12,23,75,64,11,31.818181818181817,10.909090909090908,20.909090909090907,68.18181818181817,58.18181818181818,10
E00149264,150,50,21,29,100,91,9,33.33333333333333,14.000000000000002,19.333333333333332,66.66666666666666,60.66666666666667,6
E00149265,135,44,5,39,91,82,9,32.592592592592595,3.7037037037037033,28.888888888888886,67.4074074074074,60.74074074074074,6.666666666666667
E00149266,132,46,20,26,86,73,13,34.84848484848485,15.151515151515152,19.696969696969695,65.15151515151516,55.3030303030303,9.848484848484848
E00149267,149,40,8,32,109,98,11,26.845637583892618,5.369127516778524,21.476510067114095,73.15436241610739,65.77181208053692,7.38255033557047
E00149268,80,24,8,16,56,55,1,30,10,20,70,68.75,1.25
E00149269,134,44,14,30,90,75,15,32.83582089552239,10.44776119402985,22.388059701492537,67.16417910447761,55.970149253731336,11.194029850746269
E00149270,139,43,11,32,96,80,16,30.935251798561154,7.913669064748201,23.021582733812952,69.06474820143885,57.55395683453237,11.510791366906476
E00149271,102,26,8,18,76,68,8,25.49019607843137,7.8431372549019605,17.647058823529413,74.50980392156863,66.66666666666666,7.8431372549019605
E00149272,160,51,18,33,109,99,10,31.874999999999996,11.25,20.625,68.125,61.875,6.25
E00149273,139,47,12,35,92,81,11,33.81294964028777,8.633093525179856,25.179856115107913,66.18705035971223,58.27338129496403,7.913669064748201
E00149275,140,50,17,33,90,79,11,35.714285714285715,12.142857142857142,23.57142857142857,64.28571428571429,56.42857142857143,7.857142857142857
E00149276,195,57,22,35,138,122,16,29.230769230769234,11.282051282051283,17.94871794871795,70.76923076923077,62.56410256410256,8.205128205128204
E00149279,150,46,13,33,104,91,13,30.666666666666664,8.666666666666668,22,69.33333333333334,60.66666666666667,8.666666666666668
E00149280,140,43,9,34,97,87,10,30.714285714285715,6.428571428571428,24.285714285714285,69.28571428571428,62.142857142857146,7.142857142857142
E00149281,143,36,16,20,107,82,25,25.174825174825177,11.188811188811188,13.986013986013987,74.82517482517483,57.34265734265735,17.482517482517483
E00149282,131,37,13,24,94,76,18,28.24427480916031,9.923664122137405,18.3206106870229,71.7557251908397,58.01526717557252,13.740458015267176
E00149283,97,31,14,17,66,57,9,31.958762886597935,14.432989690721648,17.525773195876287,68.04123711340206,58.76288659793815,9.278350515463918
E00149284,112,27,8,19,85,71,14,24.107142857142858,7.142857142857142,16.964285714285715,75.89285714285714,63.39285714285714,12.5
E00149285,140,48,25,23,92,73,19,34.285714285714285,17.857142857142858,16.428571428571427,65.71428571428571,52.142857142857146,13.571428571428571
E00149287,183,48,19,29,135,116,19,26.229508196721312,10.382513661202186,15.846994535519126,73.77049180327869,63.387978142076506,10.382513661202186
E00149288,131,34,11,23,97,83,14,25.954198473282442,8.396946564885496,17.557251908396946,74.04580152671755,63.358778625954194,10.687022900763358
E00149289,81,30,11,19,51,47,4,37.03703703703704,13.580246913580247,23.456790123456788,62.96296296296296,58.0246913580247,4.938271604938271
E00149290,135,44,16,28,91,62,29,32.592592592592595,11.851851851851853,20.74074074074074,67.4074074074074,45.925925925925924,21.48148148148148
E00149291,114,40,8,32,74,62,12,35.08771929824561,7.017543859649122,28.07017543859649,64.91228070175438,54.385964912280706,10.526315789473683
E00149292,108,33,8,25,75,64,11,30.555555555555557,7.4074074074074066,23.14814814814815,69.44444444444444,59.25925925925925,10.185185185185185
E00149295,159,47,11,36,112,97,15,29.559748427672954,6.918238993710692,22.641509433962266,70.44025157232704,61.0062893081761,9.433962264150944
E00149296,125,50,22,28,75,57,18,40,17.599999999999998,22.400000000000002,60,45.6,14.399999999999999
E00149297,154,54,19,35,100,86,14,35.064935064935064,12.337662337662337,22.727272727272727,64.93506493506493,55.84415584415584,9.090909090909092
E00149298,92,36,14,22,56,50,6,39.130434782608695,15.217391304347828,23.91304347826087,60.86956521739131,54.347826086956516,6.521739130434782
E00149299,142,42,14,28,100,89,11,29.577464788732392,9.859154929577464,19.718309859154928,70.4225352112676,62.676056338028175,7.746478873239436
E00149300,109,39,14,25,70,60,10,35.77981651376147,12.844036697247708,22.93577981651376,64.22018348623854,55.04587155963303,9.174311926605505
E00149301,116,33,10,23,83,72,11,28.448275862068968,8.620689655172415,19.82758620689655,71.55172413793103,62.06896551724138,9.482758620689655
E00149302,146,44,13,31,102,87,15,30.136986301369863,8.904109589041095,21.232876712328768,69.86301369863014,59.589041095890416,10.273972602739725
E00149303,114,40,11,29,74,67,7,35.08771929824561,9.649122807017543,25.438596491228072,64.91228070175438,58.77192982456141,6.140350877192982
E00149304,126,44,15,29,82,68,14,34.92063492063492,11.904761904761903,23.015873015873016,65.07936507936508,53.96825396825397,11.11111111111111
E00149305,128,45,13,32,83,67,16,35.15625,10.15625,25,64.84375,52.34375,12.5
E00149306,135,49,16,33,86,79,7,36.2962962962963,11.851851851851853,24.444444444444443,63.70370370370371,58.51851851851851,5.185185185185185
E00149307,107,31,9,22,76,61,15,28.971962616822427,8.411214953271028,20.5607476635514,71.02803738317756,57.009345794392516,14.018691588785046
E00149308,130,37,12,25,93,85,8,28.46153846153846,9.230769230769232,19.230769230769234,71.53846153846153,65.38461538461539,6.153846153846154
E00149309,150,53,18,35,97,84,13,35.333333333333336,12,23.333333333333332,64.66666666666666,56.00000000000001,8.666666666666668
E00149310,135,42,9,33,93,77,16,31.11111111111111,6.666666666666667,24.444444444444443,68.88888888888889,57.03703703703704,11.851851851851853
E00149311,138,37,9,28,101,93,8,26.811594202898554,6.521739130434782,20.28985507246377,73.18840579710145,67.3913043478261,5.797101449275362
E00149312,105,35,10,25,70,65,5,33.33333333333333,9.523809523809524,23.809523809523807,66.66666666666666,61.904761904761905,4.761904761904762
E00149313,89,31,4,27,58,49,9,34.831460674157306,4.49438202247191,30.337078651685395,65.1685393258427,55.0561797752809,10.112359550561797
E00149314,140,43,11,32,97,83,14,30.714285714285715,7.857142857142857,22.857142857142858,69.28571428571428,59.285714285714285,10
E00149315,139,43,13,30,96,80,16,30.935251798561154,9.352517985611511,21.58273381294964,69.06474820143885,57.55395683453237,11.510791366906476
E00149316,105,36,7,29,69,63,6,34.285714285714285,6.666666666666667,27.61904761904762,65.71428571428571,60,5.714285714285714
E00149317,133,36,8,28,97,81,16,27.06766917293233,6.015037593984962,21.052631578947366,72.93233082706767,60.902255639097746,12.030075187969924
E00149318,108,38,16,22,70,60,10,35.18518518518518,14.814814814814813,20.37037037037037,64.81481481481481,55.55555555555556,9.25925925925926
E00149319,132,43,12,31,89,69,20,32.57575757575758,9.090909090909092,23.484848484848484,67.42424242424242,52.27272727272727,15.151515151515152
E00149320,112,42,13,29,70,52,18,37.5,11.607142857142858,25.892857142857146,62.5,46.42857142857143,16.071428571428573
E00149321,153,58,21,37,95,67,28,37.908496732026144,13.725490196078432,24.183006535947712,62.091503267973856,43.790849673202615,18.30065359477124
E00149322,177,65,19,46,112,88,24,36.72316384180791,10.734463276836157,25.98870056497175,63.2768361581921,49.717514124293785,13.559322033898304
E00149323,129,40,15,25,89,70,19,31.007751937984494,11.627906976744185,19.379844961240313,68.9922480620155,54.263565891472865,14.728682170542637
E00149324,159,59,24,35,100,85,15,37.10691823899371,15.09433962264151,22.0125786163522,62.893081761006286,53.459119496855344,9.433962264150944
E00149325,150,49,22,27,101,83,18,32.666666666666664,14.666666666666666,18,67.33333333333333,55.333333333333336,12
E00149326,145,59,18,41,86,69,17,40.689655172413794,12.413793103448276,28.27586206896552,59.310344827586206,47.58620689655172,11.724137931034482
E00149327,146,41,14,27,105,87,18,28.08219178082192,9.58904109589041,18.493150684931507,71.91780821917808,59.589041095890416,12.32876712328767
E00149329,151,40,7,33,111,98,13,26.490066225165563,4.635761589403973,21.85430463576159,73.50993377483444,64.90066225165563,8.609271523178808
E00149330,68,25,7,18,43,32,11,36.76470588235294,10.294117647058822,26.47058823529412,63.23529411764706,47.05882352941176,16.176470588235293
E00149331,96,33,10,23,63,57,6,34.375,10.416666666666668,23.958333333333336,65.625,59.375,6.25
E00149332,195,57,20,37,138,116,22,29.230769230769234,10.256410256410255,18.974358974358974,70.76923076923077,59.48717948717949,11.282051282051283
E00149333,107,37,11,26,70,62,8,34.57943925233645,10.2803738317757,24.299065420560748,65.42056074766354,57.943925233644855,7.476635514018691
E00149334,159,45,15,30,114,92,22,28.30188679245283,9.433962264150944,18.867924528301888,71.69811320754717,57.861635220125784,13.836477987421384
E00149335,137,32,9,23,105,81,24,23.357664233576642,6.569343065693431,16.78832116788321,76.64233576642336,59.12408759124088,17.51824817518248
E00149336,140,33,10,23,107,97,10,23.57142857142857,7.142857142857142,16.428571428571427,76.42857142857142,69.28571428571428,7.142857142857142
E00149337,129,49,12,37,80,67,13,37.98449612403101,9.30232558139535,28.68217054263566,62.01550387596899,51.93798449612403,10.077519379844961
E00149338,89,36,12,24,53,44,9,40.44943820224719,13.48314606741573,26.96629213483146,59.55056179775281,49.43820224719101,10.112359550561797
E00149339,163,56,24,32,107,84,23,34.355828220858896,14.723926380368098,19.631901840490798,65.6441717791411,51.533742331288344,14.11042944785276
E00149340,140,40,15,25,100,88,12,28.57142857142857,10.714285714285714,17.857142857142858,71.42857142857143,62.857142857142854,8.571428571428571
E00149342,173,43,17,26,130,110,20,24.85549132947977,9.826589595375722,15.028901734104046,75.14450867052022,63.58381502890174,11.560693641618498
E00149343,77,26,7,19,51,47,4,33.76623376623377,9.090909090909092,24.675324675324674,66.23376623376623,61.038961038961034,5.194805194805195
E00149344,155,54,20,34,101,91,10,34.83870967741935,12.903225806451612,21.935483870967744,65.16129032258064,58.70967741935483,6.451612903225806
E00149345,100,28,8,20,72,58,14,28.000000000000004,8,20,72,57.99999999999999,14.000000000000002
E00149346,149,51,10,41,98,80,18,34.22818791946309,6.7114093959731544,27.516778523489933,65.77181208053692,53.691275167785236,12.080536912751679
E00149347,133,27,9,18,106,96,10,20.30075187969925,6.7669172932330826,13.533834586466165,79.69924812030075,72.18045112781954,7.518796992481203
E00149348,188,44,11,33,144,131,13,23.404255319148938,5.851063829787234,17.5531914893617,76.59574468085107,69.68085106382979,6.914893617021277
E00149349,136,39,6,33,97,84,13,28.676470588235293,4.411764705882353,24.264705882352942,71.32352941176471,61.76470588235294,9.558823529411764
E00149350,159,57,10,47,102,87,15,35.84905660377358,6.289308176100629,29.559748427672954,64.15094339622641,54.71698113207547,9.433962264150944
E00149352,226,45,11,34,181,159,22,19.911504424778762,4.867256637168142,15.04424778761062,80.08849557522124,70.35398230088495,9.734513274336283
E00149353,214,82,31,51,132,103,29,38.31775700934579,14.485981308411214,23.83177570093458,61.6822429906542,48.13084112149533,13.551401869158877
E00149354,209,76,23,53,133,109,24,36.36363636363637,11.004784688995215,25.358851674641148,63.63636363636363,52.15311004784689,11.483253588516746
E00149355,149,49,13,36,100,91,9,32.88590604026846,8.724832214765101,24.161073825503358,67.11409395973155,61.07382550335571,6.0402684563758395
E00149356,74,28,11,17,46,38,8,37.83783783783784,14.864864864864865,22.972972972972975,62.16216216216216,51.35135135135135,10.81081081081081
E00149357,97,33,7,26,64,52,12,34.02061855670103,7.216494845360824,26.804123711340207,65.97938144329896,53.608247422680414,12.371134020618557
E00149358,161,50,20,30,111,92,19,31.05590062111801,12.422360248447205,18.633540372670808,68.94409937888199,57.14285714285714,11.801242236024844
E00149359,152,46,9,37,106,90,16,30.263157894736842,5.921052631578947,24.342105263157894,69.73684210526315,59.210526315789465,10.526315789473683
E00149360,162,52,17,35,110,89,21,32.098765432098766,10.493827160493826,21.604938271604937,67.90123456790124,54.93827160493827,12.962962962962962
E00149361,105,36,14,22,69,58,11,34.285714285714285,13.333333333333334,20.952380952380953,65.71428571428571,55.23809523809524,10.476190476190476
E00149362,87,36,10,26,51,48,3,41.37931034482759,11.494252873563218,29.88505747126437,58.620689655172406,55.172413793103445,3.4482758620689653
E00149363,245,94,25,69,151,125,26,38.36734693877551,10.204081632653061,28.163265306122447,61.63265306122449,51.02040816326531,10.612244897959183
E00149364,128,33,11,22,95,81,14,25.78125,8.59375,17.1875,74.21875,63.28125,10.9375
E00149365,107,40,21,19,67,57,10,37.38317757009346,19.626168224299064,17.75700934579439,62.616822429906534,53.271028037383175,9.345794392523365
E00149366,163,52,20,32,111,91,20,31.901840490797547,12.269938650306749,19.631901840490798,68.09815950920245,55.828220858895705,12.269938650306749
E00149367,75,26,7,19,49,37,12,34.66666666666667,9.333333333333334,25.333333333333336,65.33333333333333,49.333333333333336,16
E00149368,182,61,30,31,121,97,24,33.51648351648351,16.483516483516482,17.032967032967033,66.48351648351648,53.2967032967033,13.186813186813188
E00149369,134,44,12,32,90,81,9,32.83582089552239,8.955223880597014,23.88059701492537,67.16417910447761,60.447761194029844,6.7164179104477615
E00149370,164,62,27,35,102,80,22,37.80487804878049,16.463414634146343,21.341463414634145,62.19512195121951,48.78048780487805,13.414634146341465
E00149371,165,52,24,28,113,92,21,31.515151515151512,14.545454545454545,16.969696969696972,68.48484848484848,55.757575757575765,12.727272727272727
E00149372,263,81,32,49,182,150,32,30.798479087452474,12.167300380228136,18.631178707224336,69.20152091254754,57.03422053231939,12.167300380228136
E00149374,171,51,13,38,120,98,22,29.82456140350877,7.602339181286549,22.22222222222222,70.17543859649122,57.30994152046783,12.865497076023392
E00149375,153,50,12,38,103,86,17,32.6797385620915,7.8431372549019605,24.836601307189543,67.3202614379085,56.209150326797385,11.11111111111111
E00149376,236,84,27,57,152,123,29,35.59322033898305,11.440677966101696,24.152542372881356,64.40677966101694,52.118644067796616,12.288135593220339
E00149377,192,63,24,39,129,107,22,32.8125,12.5,20.3125,67.1875,55.729166666666664,11.458333333333332
E00149378,218,68,13,55,150,124,26,31.19266055045872,5.963302752293578,25.229357798165136,68.80733944954129,56.88073394495413,11.926605504587156
E00149379,160,50,18,32,110,75,35,31.25,11.25,20,68.75,46.875,21.875
E00149381,224,59,21,38,165,141,24,26.339285714285715,9.375,16.964285714285715,73.66071428571429,62.94642857142857,10.714285714285714
E00149383,137,35,10,25,102,90,12,25.547445255474454,7.2992700729927,18.248175182481752,74.45255474452554,65.69343065693431,8.75912408759124
E00149384,303,88,24,64,215,185,30,29.042904290429046,7.920792079207921,21.122112211221122,70.95709570957096,61.05610561056105,9.900990099009901
E00149385,126,43,17,26,83,60,23,34.12698412698413,13.492063492063492,20.634920634920633,65.87301587301587,47.61904761904761,18.253968253968253
E00149386,73,27,13,14,46,28,18,36.986301369863014,17.80821917808219,19.17808219178082,63.013698630136986,38.35616438356164,24.65753424657534
E00149387,157,52,20,32,105,54,51,33.12101910828025,12.738853503184714,20.382165605095544,66.87898089171973,34.394904458598724,32.48407643312102
E00149388,154,51,26,25,103,69,34,33.116883116883116,16.883116883116884,16.233766233766232,66.88311688311688,44.8051948051948,22.07792207792208
E00149389,137,50,14,36,87,65,22,36.496350364963504,10.218978102189782,26.277372262773724,63.503649635036496,47.44525547445255,16.05839416058394
E00149390,138,42,13,29,96,81,15,30.434782608695656,9.420289855072465,21.014492753623188,69.56521739130434,58.69565217391305,10.869565217391305
E00149391,157,60,18,42,97,69,28,38.21656050955414,11.464968152866243,26.751592356687897,61.78343949044586,43.94904458598726,17.8343949044586
E00149392,212,81,37,44,131,82,49,38.20754716981132,17.452830188679243,20.754716981132077,61.79245283018868,38.67924528301887,23.11320754716981
E00149393,159,53,13,40,106,85,21,33.33333333333333,8.176100628930817,25.157232704402517,66.66666666666666,53.459119496855344,13.20754716981132
E00149394,170,61,15,46,109,90,19,35.88235294117647,8.823529411764707,27.058823529411764,64.11764705882354,52.94117647058824,11.176470588235295
E00149395,196,77,23,54,119,101,18,39.285714285714285,11.73469387755102,27.55102040816326,60.71428571428571,51.53061224489795,9.183673469387756
E00149396,139,51,20,31,88,71,17,36.69064748201439,14.388489208633093,22.302158273381295,63.30935251798561,51.07913669064749,12.23021582733813
E00149397,114,42,17,25,72,56,16,36.84210526315789,14.912280701754385,21.929824561403507,63.1578947368421,49.122807017543856,14.035087719298245
E00149399,74,20,9,11,54,48,6,27.027027027027028,12.162162162162163,14.864864864864865,72.97297297297297,64.86486486486487,8.108108108108109
E00149400,136,54,19,35,82,74,8,39.705882352941174,13.970588235294118,25.735294117647058,60.29411764705882,54.41176470588235,5.88235294117647
E00149401,67,29,10,19,38,33,5,43.28358208955223,14.925373134328357,28.35820895522388,56.71641791044776,49.25373134328358,7.462686567164178
E00149402,89,34,14,20,55,43,12,38.20224719101123,15.730337078651685,22.47191011235955,61.79775280898876,48.31460674157304,13.48314606741573
E00149403,142,60,21,39,82,74,8,42.25352112676056,14.788732394366196,27.464788732394368,57.74647887323944,52.112676056338024,5.633802816901409
E00149404,142,55,14,41,87,79,8,38.732394366197184,9.859154929577464,28.87323943661972,61.267605633802816,55.633802816901415,5.633802816901409
E00149405,147,51,17,34,96,86,10,34.69387755102041,11.564625850340136,23.12925170068027,65.3061224489796,58.50340136054422,6.802721088435375
E00149406,101,29,11,18,72,63,9,28.71287128712871,10.891089108910892,17.82178217821782,71.28712871287128,62.37623762376238,8.91089108910891
E00149407,77,28,7,21,49,41,8,36.36363636363637,9.090909090909092,27.27272727272727,63.63636363636363,53.246753246753244,10.38961038961039
E00149408,71,25,13,12,46,40,6,35.2112676056338,18.30985915492958,16.901408450704224,64.7887323943662,56.33802816901409,8.450704225352112
E00149409,187,75,23,52,112,105,7,40.106951871657756,12.299465240641712,27.807486631016044,59.893048128342244,56.14973262032086,3.7433155080213902
E00149410,168,62,23,39,106,92,14,36.904761904761905,13.690476190476192,23.214285714285715,63.095238095238095,54.761904761904766,8.333333333333332
E00149411,146,49,16,33,97,92,5,33.56164383561644,10.95890410958904,22.602739726027394,66.43835616438356,63.013698630136986,3.4246575342465753
E00149412,227,71,32,39,156,99,57,31.277533039647576,14.096916299559473,17.180616740088105,68.72246696035242,43.61233480176212,25.11013215859031
E00149413,67,30,12,18,37,34,3,44.776119402985074,17.91044776119403,26.865671641791046,55.223880597014926,50.74626865671642,4.477611940298507
E00149414,108,45,18,27,63,53,10,41.66666666666667,16.666666666666664,25,58.333333333333336,49.074074074074076,9.25925925925926
E00149415,101,53,22,31,48,36,12,52.475247524752476,21.782178217821784,30.693069306930692,47.524752475247524,35.64356435643564,11.881188118811881
E00149416,138,63,24,39,75,43,32,45.65217391304348,17.391304347826086,28.26086956521739,54.347826086956516,31.15942028985507,23.18840579710145
E00149417,161,66,26,40,95,59,36,40.993788819875775,16.149068322981368,24.84472049689441,59.006211180124225,36.64596273291926,22.36024844720497
E00149418,132,50,17,33,82,51,31,37.878787878787875,12.878787878787879,25,62.121212121212125,38.63636363636363,23.484848484848484
E00149419,53,19,8,11,34,31,3,35.84905660377358,15.09433962264151,20.754716981132077,64.15094339622641,58.490566037735846,5.660377358490567
E00149420,114,47,15,32,67,54,13,41.228070175438596,13.157894736842104,28.07017543859649,58.77192982456141,47.368421052631575,11.403508771929824
E00149421,109,37,10,27,72,67,5,33.94495412844037,9.174311926605505,24.770642201834864,66.05504587155964,61.46788990825688,4.587155963302752
E00149422,74,26,13,13,48,40,8,35.13513513513514,17.56756756756757,17.56756756756757,64.86486486486487,54.054054054054056,10.81081081081081
E00149423,120,48,25,23,72,55,17,40,20.833333333333336,19.166666666666668,60,45.83333333333333,14.166666666666666
E00149424,89,39,15,24,50,38,12,43.82022471910113,16.853932584269664,26.96629213483146,56.17977528089888,42.69662921348314,13.48314606741573
E00149425,109,45,18,27,64,42,22,41.284403669724774,16.51376146788991,24.770642201834864,58.71559633027523,38.53211009174312,20.18348623853211
E00149426,148,60,19,41,88,60,28,40.54054054054054,12.837837837837837,27.7027027027027,59.45945945945946,40.54054054054054,18.91891891891892
E00149427,166,69,38,31,97,67,30,41.566265060240966,22.89156626506024,18.67469879518072,58.43373493975904,40.36144578313253,18.072289156626507
E00149428,151,50,23,27,101,74,27,33.11258278145696,15.2317880794702,17.880794701986755,66.88741721854305,49.00662251655629,17.880794701986755
E00149429,100,39,14,25,61,49,12,39,14.000000000000002,25,61,49,12
E00149430,84,29,16,13,55,42,13,34.523809523809526,19.047619047619047,15.476190476190476,65.47619047619048,50,15.476190476190476
E00149431,79,34,13,21,45,37,8,43.037974683544306,16.455696202531644,26.582278481012654,56.9620253164557,46.835443037974684,10.126582278481013
E00149432,50,17,10,7,33,22,11,34,20,14.000000000000002,66,44,22
E00149433,151,50,26,24,101,62,39,33.11258278145696,17.218543046357617,15.894039735099339,66.88741721854305,41.05960264900662,25.82781456953642
E00149434,115,47,21,26,68,58,10,40.869565217391305,18.26086956521739,22.608695652173914,59.130434782608695,50.43478260869565,8.695652173913043
E00149435,68,25,11,14,43,30,13,36.76470588235294,16.176470588235293,20.588235294117645,63.23529411764706,44.11764705882353,19.11764705882353
E00149436,89,38,12,26,51,36,15,42.69662921348314,13.48314606741573,29.213483146067414,57.30337078651685,40.44943820224719,16.853932584269664
E00149437,193,75,33,42,118,98,20,38.860103626943,17.098445595854923,21.761658031088082,61.13989637305699,50.77720207253886,10.362694300518134
E00149438,86,35,15,20,51,32,19,40.69767441860465,17.441860465116278,23.25581395348837,59.30232558139535,37.2093023255814,22.093023255813954
E00149439,187,59,19,40,128,81,47,31.550802139037433,10.16042780748663,21.390374331550802,68.44919786096256,43.31550802139038,25.13368983957219
E00149440,80,24,13,11,56,35,21,30,16.25,13.750000000000002,70,43.75,26.25
E00149441,103,46,26,20,57,29,28,44.66019417475729,25.24271844660194,19.41747572815534,55.33980582524271,28.155339805825243,27.184466019417474
E00149442,134,54,20,34,80,73,7,40.298507462686565,14.925373134328357,25.37313432835821,59.70149253731343,54.47761194029851,5.223880597014925
E00149443,100,37,14,23,63,50,13,37,14.000000000000002,23,63,50,13
E00149444,44,18,10,8,26,23,3,40.909090909090914,22.727272727272727,18.181818181818183,59.09090909090909,52.27272727272727,6.8181818181818175
E00149445,88,40,20,20,48,38,10,45.45454545454545,22.727272727272727,22.727272727272727,54.54545454545454,43.18181818181818,11.363636363636363
E00149446,100,31,11,20,69,55,14,31,11,20,69,55.00000000000001,14.000000000000002
E00149447,122,42,15,27,80,66,14,34.42622950819672,12.295081967213115,22.131147540983605,65.57377049180327,54.09836065573771,11.475409836065573
E00149448,133,42,15,27,91,77,14,31.57894736842105,11.278195488721805,20.30075187969925,68.42105263157895,57.89473684210527,10.526315789473683
E00149450,140,57,26,31,83,77,6,40.714285714285715,18.571428571428573,22.142857142857142,59.285714285714285,55.00000000000001,4.285714285714286
E00149451,122,47,19,28,75,58,17,38.52459016393443,15.573770491803279,22.950819672131146,61.47540983606557,47.540983606557376,13.934426229508196
E00149452,90,43,15,28,47,38,9,47.77777777777778,16.666666666666664,31.11111111111111,52.22222222222223,42.22222222222222,10
E00149453,142,59,24,35,83,70,13,41.54929577464789,16.901408450704224,24.647887323943664,58.45070422535211,49.29577464788733,9.15492957746479
E00149454,104,35,10,25,69,61,8,33.65384615384615,9.615384615384617,24.03846153846154,66.34615384615384,58.65384615384615,7.6923076923076925
E00149455,102,36,15,21,66,60,6,35.294117647058826,14.705882352941178,20.588235294117645,64.70588235294117,58.82352941176471,5.88235294117647
E00149456,108,40,18,22,68,55,13,37.03703703703704,16.666666666666664,20.37037037037037,62.96296296296296,50.92592592592593,12.037037037037036
E00149457,71,29,9,20,42,38,4,40.845070422535215,12.676056338028168,28.169014084507044,59.154929577464785,53.52112676056338,5.633802816901409
E00149458,80,23,6,17,57,50,7,28.749999999999996,7.5,21.25,71.25,62.5,8.75
E00149459,58,22,9,13,36,32,4,37.93103448275862,15.517241379310345,22.413793103448278,62.06896551724138,55.172413793103445,6.896551724137931
E00149460,119,40,10,30,79,74,5,33.61344537815126,8.403361344537815,25.210084033613445,66.38655462184873,62.18487394957983,4.201680672268908
E00149461,123,46,14,32,77,63,14,37.39837398373984,11.38211382113821,26.01626016260163,62.601626016260155,51.21951219512195,11.38211382113821
E00149462,41,15,7,8,26,23,3,36.58536585365854,17.073170731707318,19.51219512195122,63.41463414634146,56.09756097560976,7.317073170731707
E00149463,80,33,9,24,47,39,8,41.25,11.25,30,58.75,48.75,10
E00149464,65,25,12,13,40,32,8,38.46153846153847,18.461538461538463,20,61.53846153846154,49.23076923076923,12.307692307692308
E00149465,155,60,16,44,95,83,12,38.70967741935484,10.32258064516129,28.387096774193548,61.29032258064516,53.5483870967742,7.741935483870968
E00149466,58,19,5,14,39,29,10,32.758620689655174,8.620689655172415,24.137931034482758,67.24137931034483,50,17.24137931034483
E00149467,82,32,8,24,50,43,7,39.02439024390244,9.75609756097561,29.268292682926827,60.97560975609756,52.4390243902439,8.536585365853659
E00149468,95,44,12,32,51,39,12,46.31578947368421,12.631578947368421,33.68421052631579,53.68421052631579,41.05263157894737,12.631578947368421
E00149469,137,49,22,27,88,71,17,35.76642335766424,16.05839416058394,19.708029197080293,64.23357664233576,51.82481751824818,12.408759124087592
E00149470,45,19,10,9,26,20,6,42.22222222222222,22.22222222222222,20,57.77777777777777,44.44444444444444,13.333333333333334
E00149471,71,23,11,12,48,42,6,32.3943661971831,15.492957746478872,16.901408450704224,67.6056338028169,59.154929577464785,8.450704225352112
E00149472,123,37,12,25,86,75,11,30.081300813008134,9.75609756097561,20.32520325203252,69.91869918699187,60.97560975609756,8.94308943089431
E00149473,120,52,25,27,68,46,22,43.333333333333336,20.833333333333336,22.5,56.666666666666664,38.333333333333336,18.333333333333332
E00149474,150,62,19,43,88,71,17,41.333333333333336,12.666666666666668,28.666666666666668,58.666666666666664,47.333333333333336,11.333333333333332
E00149475,75,36,15,21,39,31,8,48,20,28.000000000000004,52,41.333333333333336,10.666666666666668
E00149476,104,34,18,16,70,54,16,32.69230769230769,17.307692307692307,15.384615384615385,67.3076923076923,51.92307692307693,15.384615384615385
E00149477,116,47,14,33,69,57,12,40.51724137931034,12.068965517241379,28.448275862068968,59.48275862068966,49.137931034482754,10.344827586206897
E00149478,85,20,4,16,65,45,20,23.52941176470588,4.705882352941177,18.823529411764707,76.47058823529412,52.94117647058824,23.52941176470588
E00149479,57,23,11,12,34,23,11,40.35087719298245,19.298245614035086,21.052631578947366,59.64912280701754,40.35087719298245,19.298245614035086
E00149480,121,57,28,29,64,52,12,47.107438016528924,23.140495867768596,23.96694214876033,52.892561983471076,42.97520661157025,9.917355371900827
E00149481,104,44,17,27,60,42,18,42.30769230769231,16.346153846153847,25.961538461538463,57.692307692307686,40.38461538461539,17.307692307692307
E00149482,55,23,14,9,32,20,12,41.81818181818181,25.454545454545453,16.363636363636363,58.18181818181818,36.36363636363637,21.818181818181817
E00149483,68,38,16,22,30,25,5,55.88235294117647,23.52941176470588,32.35294117647059,44.11764705882353,36.76470588235294,7.352941176470589
E00149484,99,27,11,16,72,45,27,27.27272727272727,11.11111111111111,16.161616161616163,72.72727272727273,45.45454545454545,27.27272727272727
E00149485,137,45,20,25,92,58,34,32.846715328467155,14.5985401459854,18.248175182481752,67.15328467153284,42.33576642335766,24.817518248175183
E00149486,102,45,21,24,57,42,15,44.11764705882353,20.588235294117645,23.52941176470588,55.88235294117647,41.17647058823529,14.705882352941178
E00149487,193,75,25,50,118,93,25,38.860103626943,12.953367875647666,25.906735751295333,61.13989637305699,48.18652849740933,12.953367875647666
E00149488,133,45,19,26,88,59,29,33.83458646616541,14.285714285714285,19.548872180451127,66.16541353383458,44.3609022556391,21.804511278195488
E00149489,175,51,21,30,124,79,45,29.142857142857142,12,17.142857142857142,70.85714285714285,45.14285714285714,25.71428571428571
E00149490,116,38,17,21,78,58,20,32.758620689655174,14.655172413793101,18.103448275862068,67.24137931034483,50,17.24137931034483
E00149491,117,36,11,25,81,59,22,30.76923076923077,9.401709401709402,21.367521367521366,69.23076923076923,50.427350427350426,18.803418803418804
E00149492,147,39,13,26,108,91,17,26.53061224489796,8.843537414965986,17.687074829931973,73.46938775510205,61.904761904761905,11.564625850340136
E00149493,97,33,20,13,64,43,21,34.02061855670103,20.618556701030926,13.402061855670103,65.97938144329896,44.329896907216494,21.649484536082475
E00149494,137,37,21,16,100,57,43,27.00729927007299,15.328467153284672,11.678832116788321,72.99270072992701,41.605839416058394,31.386861313868614
E00149495,72,25,8,17,47,37,10,34.72222222222222,11.11111111111111,23.61111111111111,65.27777777777779,51.388888888888886,13.88888888888889
E00149496,110,41,21,20,69,42,27,37.27272727272727,19.090909090909093,18.181818181818183,62.727272727272734,38.18181818181819,24.545454545454547
E00149497,124,45,15,30,79,62,17,36.29032258064516,12.096774193548388,24.193548387096776,63.70967741935484,50,13.709677419354838
E00149498,86,26,8,18,60,52,8,30.23255813953488,9.30232558139535,20.930232558139537,69.76744186046511,60.46511627906976,9.30232558139535
E00149499,149,52,21,31,97,81,16,34.899328859060404,14.093959731543624,20.80536912751678,65.1006711409396,54.36241610738255,10.738255033557047
E00149500,99,40,11,29,59,51,8,40.4040404040404,11.11111111111111,29.292929292929294,59.59595959595959,51.515151515151516,8.080808080808081
E00149501,134,55,20,35,79,73,6,41.04477611940299,14.925373134328357,26.119402985074625,58.95522388059702,54.47761194029851,4.477611940298507
E00149502,167,68,16,52,99,87,12,40.718562874251496,9.580838323353294,31.137724550898206,59.281437125748504,52.09580838323353,7.18562874251497
E00149503,135,54,13,41,81,65,16,40,9.62962962962963,30.37037037037037,60,48.148148148148145,11.851851851851853
E00149504,161,56,16,40,105,88,17,34.78260869565217,9.937888198757763,24.84472049689441,65.21739130434783,54.6583850931677,10.559006211180124
E00149505,107,43,19,24,64,59,5,40.18691588785047,17.75700934579439,22.429906542056074,59.813084112149525,55.140186915887845,4.672897196261682
E00149506,131,49,17,32,82,69,13,37.404580152671755,12.977099236641221,24.427480916030532,62.59541984732825,52.67175572519084,9.923664122137405
E00149507,80,30,15,15,50,41,9,37.5,18.75,18.75,62.5,51.24999999999999,11.25
E00149508,64,29,13,16,35,27,8,45.3125,20.3125,25,54.6875,42.1875,12.5
E00149509,118,47,18,29,71,51,20,39.83050847457627,15.254237288135593,24.576271186440678,60.16949152542372,43.22033898305085,16.94915254237288
E00149510,85,30,13,17,55,48,7,35.294117647058826,15.294117647058824,20,64.70588235294117,56.470588235294116,8.235294117647058
E00149511,123,54,20,34,69,58,11,43.90243902439025,16.260162601626014,27.64227642276423,56.09756097560976,47.15447154471545,8.94308943089431
E00149512,136,52,29,23,84,65,19,38.23529411764706,21.323529411764707,16.911764705882355,61.76470588235294,47.794117647058826,13.970588235294118
E00149513,45,13,4,9,32,23,9,28.888888888888886,8.88888888888889,20,71.11111111111111,51.11111111111111,20
E00149514,93,32,14,18,61,47,14,34.40860215053764,15.053763440860216,19.35483870967742,65.59139784946237,50.53763440860215,15.053763440860216
E00149515,113,42,16,26,71,54,17,37.16814159292036,14.15929203539823,23.008849557522122,62.83185840707964,47.78761061946903,15.04424778761062
E00149516,103,35,12,23,68,60,8,33.980582524271846,11.650485436893204,22.330097087378643,66.01941747572816,58.252427184466015,7.766990291262135
E00149517,91,27,7,20,64,57,7,29.67032967032967,7.6923076923076925,21.978021978021978,70.32967032967034,62.637362637362635,7.6923076923076925
E00149518,69,31,15,16,38,25,13,44.927536231884055,21.73913043478261,23.18840579710145,55.072463768115945,36.231884057971016,18.84057971014493
E00149519,134,49,6,43,85,69,16,36.56716417910448,4.477611940298507,32.08955223880597,63.43283582089553,51.49253731343284,11.940298507462686
E00149520,100,39,11,28,61,50,11,39,11,28.000000000000004,61,50,11
E00149521,82,30,13,17,52,44,8,36.58536585365854,15.853658536585366,20.73170731707317,63.41463414634146,53.65853658536586,9.75609756097561
E00149522,114,32,8,24,82,72,10,28.07017543859649,7.017543859649122,21.052631578947366,71.9298245614035,63.1578947368421,8.771929824561402
E00149523,71,27,7,20,44,41,3,38.028169014084504,9.859154929577464,28.169014084507044,61.97183098591549,57.74647887323944,4.225352112676056
E00149524,160,56,20,36,104,88,16,35,12.5,22.5,65,55.00000000000001,10
E00149525,79,33,16,17,46,39,7,41.77215189873418,20.253164556962027,21.518987341772153,58.22784810126582,49.36708860759494,8.860759493670885
E00149526,38,17,1,16,21,16,5,44.73684210526316,2.631578947368421,42.10526315789473,55.26315789473685,42.10526315789473,13.157894736842104
E00166047,244,85,31,54,159,146,13,34.83606557377049,12.704918032786885,22.131147540983605,65.1639344262295,59.83606557377049,5.327868852459016
E00166049,61,27,12,15,34,26,8,44.26229508196721,19.672131147540984,24.59016393442623,55.73770491803278,42.62295081967213,13.114754098360656
E00166050,126,42,21,21,84,69,15,33.33333333333333,16.666666666666664,16.666666666666664,66.66666666666666,54.761904761904766,11.904761904761903
E00166735,233,50,15,35,183,125,58,21.45922746781116,6.437768240343347,15.021459227467812,78.54077253218884,53.648068669527895,24.892703862660944
E00166737,179,65,15,50,114,101,13,36.312849162011176,8.379888268156424,27.932960893854748,63.687150837988824,56.424581005586596,7.262569832402235
E00166738,159,60,23,37,99,82,17,37.735849056603776,14.465408805031446,23.270440251572328,62.264150943396224,51.57232704402516,10.69182389937107
E00166740,51,17,7,10,34,34,0,33.33333333333333,13.725490196078432,19.607843137254903,66.66666666666666,66.66666666666666,0
E00166741,102,41,11,30,61,52,9,40.19607843137255,10.784313725490197,29.411764705882355,59.80392156862745,50.98039215686274,8.823529411764707
E00166743,278,96,34,62,182,135,47,34.53237410071942,12.23021582733813,22.302158273381295,65.46762589928058,48.561151079136685,16.906474820143885
E00166746,59,19,8,11,40,32,8,32.20338983050847,13.559322033898304,18.64406779661017,67.79661016949152,54.23728813559322,13.559322033898304
E00166748,203,41,19,22,162,141,21,20.19704433497537,9.35960591133005,10.83743842364532,79.80295566502463,69.45812807881774,10.344827586206897
E00166751,118,33,6,27,85,58,27,27.966101694915253,5.084745762711865,22.88135593220339,72.03389830508475,49.152542372881356,22.88135593220339
E00166752,151,44,16,28,107,93,14,29.13907284768212,10.596026490066226,18.543046357615893,70.86092715231787,61.58940397350994,9.271523178807946
E00166754,179,54,14,40,125,102,23,30.16759776536313,7.82122905027933,22.3463687150838,69.83240223463687,56.98324022346368,12.849162011173185
E00167298,106,31,12,19,75,60,15,29.245283018867923,11.320754716981133,17.92452830188679,70.75471698113208,56.60377358490566,14.150943396226415
E00167300,120,28,6,22,92,75,17,23.333333333333332,5,18.333333333333332,76.66666666666667,62.5,14.166666666666666
E00167301,208,48,16,32,160,136,24,23.076923076923077,7.6923076923076925,15.384615384615385,76.92307692307693,65.38461538461539,11.538461538461538
E00167304,221,73,25,48,148,125,23,33.03167420814479,11.312217194570136,21.71945701357466,66.9683257918552,56.56108597285068,10.407239819004525
E00167306,113,34,7,27,79,67,12,30.08849557522124,6.1946902654867255,23.893805309734514,69.91150442477876,59.29203539823009,10.619469026548673
E00167307,152,38,9,29,114,94,20,25,5.921052631578947,19.078947368421055,75,61.8421052631579,13.157894736842104
E00167309,152,49,18,31,103,89,14,32.23684210526316,11.842105263157894,20.394736842105264,67.76315789473685,58.55263157894737,9.210526315789473
E00167311,100,42,16,26,58,38,20,42,16,26,57.99999999999999,38,20
E00167312,64,12,2,10,52,44,8,18.75,3.125,15.625,81.25,68.75,12.5
E00167314,112,23,9,14,89,79,10,20.535714285714285,8.035714285714286,12.5,79.46428571428571,70.53571428571429,8.928571428571429
E00167315,144,45,10,35,99,84,15,31.25,6.944444444444445,24.305555555555554,68.75,58.333333333333336,10.416666666666668
E00171421,94,33,13,20,61,56,5,35.1063829787234,13.829787234042554,21.27659574468085,64.8936170212766,59.57446808510638,5.319148936170213
E00186510,210,45,20,25,165,145,20,21.428571428571427,9.523809523809524,11.904761904761903,78.57142857142857,69.04761904761905,9.523809523809524
E00186511,108,35,18,17,73,60,13,32.407407407407405,16.666666666666664,15.74074074074074,67.5925925925926,55.55555555555556,12.037037037037036
E00186512,53,16,6,10,37,30,7,30.18867924528302,11.320754716981133,18.867924528301888,69.81132075471697,56.60377358490566,13.20754716981132
E00186513,72,19,6,13,53,42,11,26.38888888888889,8.333333333333332,18.055555555555554,73.61111111111111,58.333333333333336,15.277777777777779
E00186514,97,25,11,14,72,59,13,25.773195876288657,11.34020618556701,14.432989690721648,74.22680412371135,60.824742268041234,13.402061855670103
E00186515,109,35,13,22,74,68,6,32.11009174311927,11.926605504587156,20.18348623853211,67.88990825688074,62.38532110091744,5.5045871559633035
E00186516,173,28,9,19,145,125,20,16.184971098265898,5.202312138728324,10.982658959537572,83.8150289017341,72.25433526011561,11.560693641618498
E00186518,87,21,11,10,66,57,9,24.137931034482758,12.643678160919542,11.494252873563218,75.86206896551724,65.51724137931035,10.344827586206897
E00186520,151,26,9,17,125,113,12,17.218543046357617,5.960264900662252,11.258278145695364,82.78145695364239,74.83443708609272,7.9470198675496695
E00186521,216,68,29,39,148,135,13,31.48148148148148,13.425925925925927,18.055555555555554,68.51851851851852,62.5,6.018518518518518
E00186522,124,27,6,21,97,78,19,21.774193548387096,4.838709677419355,16.93548387096774,78.2258064516129,62.903225806451616,15.32258064516129
E00186523,150,44,21,23,106,82,24,29.333333333333332,14.000000000000002,15.333333333333332,70.66666666666667,54.666666666666664,16
E00186524,335,79,15,64,256,219,37,23.582089552238806,4.477611940298507,19.1044776119403,76.4179104477612,65.3731343283582,11.044776119402986
E00186531,148,40,8,32,108,95,13,27.027027027027028,5.405405405405405,21.62162162162162,72.97297297297297,64.1891891891892,8.783783783783784
E00186535,102,14,4,10,88,67,21,13.725490196078432,3.9215686274509802,9.803921568627452,86.27450980392157,65.68627450980392,20.588235294117645
E00186536,183,40,14,26,143,118,25,21.85792349726776,7.650273224043716,14.207650273224044,78.14207650273224,64.48087431693989,13.661202185792352
E00186539,118,36,14,22,82,73,9,30.508474576271187,11.864406779661017,18.64406779661017,69.49152542372882,61.86440677966102,7.627118644067797
E00186540,139,21,8,13,118,104,14,15.107913669064748,5.755395683453238,9.352517985611511,84.89208633093526,74.82014388489209,10.071942446043165
E00186541,210,51,15,36,159,137,22,24.285714285714285,7.142857142857142,17.142857142857142,75.71428571428571,65.23809523809524,10.476190476190476
E00186546,98,27,8,19,71,56,15,27.55102040816326,8.16326530612245,19.387755102040817,72.44897959183673,57.14285714285714,15.306122448979592
E00186561,89,28,6,22,61,52,9,31.46067415730337,6.741573033707865,24.719101123595504,68.53932584269663,58.42696629213483,10.112359550561797
E00186563,183,51,14,37,132,112,20,27.86885245901639,7.650273224043716,20.21857923497268,72.1311475409836,61.20218579234973,10.92896174863388
E00186573,126,26,4,22,100,87,13,20.634920634920633,3.1746031746031744,17.46031746031746,79.36507936507937,69.04761904761905,10.317460317460316
E00186575,245,71,24,47,174,149,25,28.97959183673469,9.795918367346939,19.183673469387756,71.0204081632653,60.816326530612244,10.204081632653061
E00186586,187,55,15,40,132,112,20,29.411764705882355,8.0213903743315509,21.390374331550802,70.58823529411765,59.893048128342244,10.695187165775401
E00186590,218,67,17,50,151,124,27,30.73394495412844,7.79816513761468,22.93577981651376,69.26605504587155,56.88073394495413,12.385321100917432
E00186595,324,79,20,59,245,205,40,24.382716049382715,6.172839506172839,18.209876543209877,75.61728395061729,63.27160493827161,12.345679012345679
E00186597,107,33,10,23,74,66,8,30.8411214953271,9.345794392523365,21.49532710280374,69.1588785046729,61.6822429906542,7.476635514018691
E00186603,139,48,12,36,91,74,17,34.53237410071942,8.633093525179856,25.899280575539567,65.46762589928058,53.23741007194245,12.23021582733813
E00186604,191,31,8,23,160,126,34,16.230366492146597,4.18848167539267,12.041884816753926,83.7696335078534,65.96858638743456,17.801047120418847
E00186605,287,72,22,50,215,176,39,25.087108013937282,7.665505226480835,17.421602787456447,74.91289198606272,61.32404181184668,13.588850174216027
E00186607,216,61,22,39,155,132,23,28.240740740740737,10.185185185185185,18.055555555555554,71.75925925925925,61.111111111111114,10.648148148148149
E00186608,284,80,21,59,204,181,23,28.169014084507044,7.394366197183098,20.774647887323944,71.83098591549296,63.732394366197184,8.098591549295776
E00186617,206,60,20,40,146,115,31,29.126213592233007,9.70873786407767,19.41747572815534,70.87378640776699,55.8252427184466,15.048543689320388
E00186621,106,37,13,24,69,54,15,34.90566037735849,12.264150943396226,22.641509433962266,65.09433962264151,50.943396226415096,14.150943396226415
E00186623,291,83,33,50,208,166,42,28.52233676975945,11.34020618556701,17.18213058419244,71.47766323024055,57.0446735395189,14.432989690721648
E00186624,79,21,10,11,58,41,17,26.582278481012654,12.658227848101266,13.924050632911392,73.41772151898735,51.89873417721519,21.518987341772153
E00186626,258,58,19,39,200,164,36,22.48062015503876,7.3643410852713185,15.11627906976744,77.51937984496125,63.565891472868216,13.953488372093023
E00186631,195,56,13,43,139,111,28,28.717948717948715,6.666666666666667,22.05128205128205,71.28205128205128,56.92307692307692,14.358974358974358
E00186636,191,73,28,45,118,96,22,38.21989528795812,14.659685863874344,23.56020942408377,61.78010471204188,50.26178010471204,11.518324607329843
E00186642,191,60,14,46,131,111,20,31.413612565445025,7.329842931937172,24.083769633507853,68.58638743455498,58.1151832460733,10.471204188481675
E00186644,154,30,7,23,124,105,19,19.480519480519483,4.545454545454546,14.935064935064934,80.51948051948052,68.18181818181817,12.337662337662337
E00186647,103,34,11,23,69,53,16,33.00970873786408,10.679611650485436,22.330097087378643,66.99029126213593,51.45631067961165,15.53398058252427
E00186651,175,43,11,32,132,113,19,24.571428571428573,6.2857142857142865,18.285714285714285,75.42857142857143,64.57142857142857,10.857142857142858
E00186653,158,33,8,25,125,110,15,20.88607594936709,5.063291139240507,15.822784810126583,79.11392405063292,69.62025316455697,9.49367088607595
E00186655,286,55,14,41,231,203,28,19.230769230769234,4.895104895104895,14.335664335664337,80.76923076923077,70.97902097902097,9.79020979020979
E00186657,54,26,4,22,28,21,7,48.148148148148145,7.4074074074074066,40.74074074074074,51.85185185185185,38.88888888888889,12.962962962962962
