OA,ts0380001,ts0380002,ts0380003,ts0380004,ts0380005,ts0380006,ts0380007,ts0380002_PCT,ts0380003_PCT,ts0380004_PCT,ts0380005_PCT,ts0380006_PCT,ts0380007_PCT
E00145678,274,35,10,25,239,19,220,12.773722627737227,3.64963503649635,9.124087591240876,87.22627737226277,6.934306569343065,80.2919708029197
E00145679,273,31,4,27,242,24,218,11.355311355311356,1.465201465201465,9.89010989010989,88.64468864468864,8.791208791208792,79.85347985347985
E00145680,262,31,15,16,231,25,206,11.83206106870229,5.7251908396946565,6.106870229007633,88.16793893129771,9.541984732824428,78.62595419847328
E00145681,426,45,14,31,381,36,345,10.56338028169014,3.286384976525822,7.276995305164319,89.43661971830986,8.450704225352112,80.98591549295774
E00145682,392,53,18,35,339,31,308,13.520408163265307,4.591836734693878,8.928571428571429,86.4795918367347,7.908163265306123,78.57142857142857
E00145683,460,47,11,36,413,44,369,10.217391304347826,2.391304347826087,7.82608695652174,89.78260869565217,9.565217391304348,80.21739130434783
E00145684,435,52,19,33,383,43,340,11.954022988505747,4.3678160919540225,7.586206896551724,88.04597701149424,9.885057471264368,78.16091954022988
E00145685,272,44,14,30,228,26,202,16.176470588235293,5.147058823529411,11.029411764705882,83.82352941176471,9.558823529411764,74.26470588235294
E00145686,263,24,6,18,239,15,224,9.125475285171103,2.2813688212927756,6.844106463878327,90.8745247148289,5.7034220532319395,85.17110266159695
E00145687,328,39,9,30,289,21,268,11.890243902439025,2.7439024390243905,9.146341463414634,88.10975609756098,6.402439024390244,81.70731707317073
E00145688,251,46,13,33,205,31,174,18.326693227091635,5.179282868525896,13.147410358565736,81.67330677290838,12.350597609561753,69.32270916334662
E00145689,320,56,18,38,264,14,250,17.5,5.625,11.875,82.5,4.375,78.125
E00145690,342,39,12,27,303,21,282,11.403508771929824,3.508771929824561,7.894736842105263,88.59649122807018,6.140350877192982,82.45614035087719
E00145691,245,34,4,30,211,27,184,13.877551020408163,1.6326530612244898,12.244897959183673,86.12244897959184,11.020408163265307,75.10204081632654
E00145693,260,20,3,17,240,15,225,7.6923076923076925,1.153846153846154,6.538461538461539,92.3076923076923,5.769230769230769,86.53846153846155
E00145694,224,31,9,22,193,23,170,13.839285714285715,4.017857142857143,9.821428571428571,86.16071428571429,10.267857142857142,75.89285714285714
E00145696,342,72,24,48,270,20,250,21.052631578947366,7.017543859649122,14.035087719298245,78.94736842105263,5.847953216374268,73.09941520467837
E00145697,302,34,11,23,268,27,241,11.258278145695364,3.642384105960265,7.6158940397351,88.74172185430463,8.940397350993377,79.80132450331125
E00145698,307,31,6,25,276,23,253,10.097719869706841,1.9543973941368076,8.143322475570033,89.90228013029315,7.491856677524431,82.41042345276874
E00145699,205,16,3,13,189,16,173,7.804878048780488,1.4634146341463417,6.341463414634147,92.19512195121952,7.804878048780488,84.39024390243902
E00145700,253,33,12,21,220,18,202,13.043478260869565,4.743083003952568,8.300395256916996,86.95652173913044,7.114624505928854,79.84189723320159
E00145701,362,32,7,25,330,28,302,8.83977900552486,1.9337016574585635,6.906077348066299,91.16022099447514,7.734806629834254,83.42541436464089
E00145702,434,26,4,22,408,17,391,5.990783410138248,0.9216589861751152,5.0691244239631335,94.00921658986175,3.9170506912442393,90.09216589861751
E00145703,362,77,35,42,285,31,254,21.2707182320442,9.668508287292818,11.602209944751381,78.72928176795581,8.56353591160221,70.1657458563536
E00145704,444,72,24,48,372,30,342,16.216216216216218,5.405405405405405,10.81081081081081,83.78378378378379,6.756756756756757,77.02702702702703
E00145705,370,65,31,34,305,24,281,17.56756756756757,8.378378378378379,9.18918918918919,82.43243243243244,6.486486486486487,75.94594594594595
E00145706,302,62,24,38,240,27,213,20.52980132450331,7.9470198675496695,12.582781456953644,79.47019867549669,8.940397350993377,70.52980132450331
E00145707,249,56,23,33,193,14,179,22.48995983935743,9.236947791164658,13.253012048192772,77.51004016064257,5.622489959839357,71.8875502008032
E00145708,407,76,35,41,331,19,312,18.67321867321867,8.5995085995086,10.073710073710075,81.32678132678133,4.668304668304668,76.65847665847666
E00145709,262,33,9,24,229,23,206,12.595419847328243,3.435114503816794,9.16030534351145,87.40458015267176,8.778625954198473,78.62595419847328
E00145710,375,55,19,36,320,33,287,14.666666666666666,5.066666666666666,9.6,85.33333333333334,8.799999999999999,76.53333333333333
E00145711,196,43,16,27,153,19,134,21.93877551020408,8.16326530612245,13.77551020408163,78.06122448979592,9.693877551020408,68.36734693877551
E00145712,297,42,20,22,255,31,224,14.14141414141414,6.7340067340067336,7.4074074074074066,85.85858585858585,10.437710437710438,75.42087542087542
E00145713,263,31,11,20,232,26,206,11.787072243346007,4.182509505703422,7.604562737642586,88.212927756654,9.885931558935361,78.32699619771863
E00145714,241,33,13,20,208,22,186,13.692946058091287,5.394190871369295,8.29875518672199,86.30705394190872,9.12863070539419,77.17842323651453
E00145717,388,47,14,33,341,35,306,12.11340206185567,3.608247422680412,8.505154639175258,87.88659793814433,9.02061855670103,78.8659793814433
E00145718,128,15,6,9,113,5,108,11.71875,4.6875,7.03125,88.28125,3.90625,84.375
E00145719,485,46,12,34,439,35,404,9.484536082474227,2.4742268041237114,7.010309278350515,90.51546391752578,7.216494845360824,83.29896907216495
E00145720,302,47,7,40,255,28,227,15.562913907284766,2.3178807947019866,13.245033112582782,84.43708609271523,9.271523178807946,75.16556291390728
E00145721,321,37,11,26,284,36,248,11.526479750778815,3.4267912772585665,8.09968847352025,88.47352024922118,11.214953271028037,77.25856697819314
E00145722,322,52,22,30,270,32,238,16.149068322981368,6.832298136645963,9.316770186335404,83.85093167701864,9.937888198757763,73.91304347826086
E00145723,348,57,23,34,291,27,264,16.379310344827587,6.609195402298851,9.770114942528735,83.62068965517241,7.758620689655173,75.86206896551724
E00145724,302,29,11,18,273,29,244,9.602649006622517,3.642384105960265,5.960264900662252,90.39735099337747,9.602649006622517,80.79470198675497
E00145725,244,51,19,32,193,19,174,20.901639344262296,7.786885245901639,13.114754098360656,79.09836065573771,7.786885245901639,71.31147540983606
E00145727,352,45,21,24,307,30,277,12.784090909090908,5.965909090909091,6.8181818181818175,87.2159090909091,8.522727272727272,78.69318181818183
E00145729,137,12,8,4,125,14,111,8.75912408759124,5.839416058394161,2.9197080291970803,91.24087591240875,10.218978102189782,81.02189781021897
E00145730,328,37,7,30,291,32,259,11.28048780487805,2.1341463414634148,9.146341463414634,88.71951219512195,9.75609756097561,78.96341463414635
E00145731,260,38,15,23,222,25,197,14.615384615384617,5.769230769230769,8.846153846153847,85.38461538461539,9.615384615384617,75.76923076923077
E00145732,234,38,11,27,196,15,181,16.23931623931624,4.700854700854701,11.538461538461538,83.76068376068376,6.41025641025641,77.35042735042735
E00145733,303,49,17,32,254,19,235,16.17161716171617,5.6105610561056105,10.561056105610561,83.82838283828383,6.270627062706271,77.55775577557755
E00145734,412,44,14,30,368,33,335,10.679611650485436,3.3980582524271843,7.281553398058252,89.32038834951457,8.009708737864079,81.31067961165049
E00145735,336,38,16,22,298,30,268,11.30952380952381,4.761904761904762,6.547619047619048,88.69047619047619,8.928571428571429,79.76190476190477
E00145736,286,44,14,30,242,29,213,15.384615384615385,4.895104895104895,10.48951048951049,84.61538461538461,10.13986013986014,74.47552447552448
E00145737,276,90,43,47,186,20,166,32.608695652173914,15.579710144927535,17.02898550724638,67.3913043478261,7.246376811594203,60.14492753623188
E00145738,289,42,13,29,247,32,215,14.53287197231834,4.498269896193772,10.034602076124568,85.46712802768167,11.072664359861593,74.39446366782006
E00145739,244,47,17,30,197,30,167,19.262295081967213,6.967213114754098,12.295081967213115,80.73770491803278,12.295081967213115,68.44262295081968
E00145740,311,32,9,23,279,36,243,10.289389067524116,2.8938906752411575,7.395498392282958,89.71061093247589,11.57556270096463,78.13504823151125
E00145741,347,49,15,34,298,28,270,14.121037463976945,4.322766570605188,9.798270893371757,85.87896253602305,8.069164265129682,77.80979827089337
E00145742,351,43,11,32,308,25,283,12.250712250712251,3.133903133903134,9.116809116809117,87.74928774928775,7.122507122507122,80.62678062678063
E00145743,276,41,17,24,235,33,202,14.855072463768115,6.159420289855073,8.695652173913043,85.14492753623189,11.956521739130435,73.18840579710145
E00145744,290,34,11,23,256,14,242,11.724137931034482,3.793103448275862,7.931034482758621,88.27586206896552,4.827586206896552,83.44827586206897
E00145745,355,37,13,24,318,33,285,10.422535211267606,3.6619718309859155,6.760563380281689,89.5774647887324,9.295774647887324,80.28169014084507
E00145746,230,33,15,18,197,19,178,14.347826086956522,6.521739130434782,7.82608695652174,85.65217391304348,8.26086956521739,77.39130434782608
E00145747,350,42,8,34,308,32,276,12,2.2857142857142856,9.714285714285714,88,9.142857142857142,78.85714285714286
E00145748,291,25,10,15,266,15,251,8.59106529209622,3.436426116838488,5.154639175257731,91.40893470790378,5.154639175257731,86.25429553264605
E00145749,360,45,13,32,315,30,285,12.5,3.6111111111111107,8.88888888888889,87.5,8.333333333333332,79.16666666666666
E00145750,313,38,7,31,275,42,233,12.140575079872203,2.2364217252396164,9.904153354632587,87.8594249201278,13.418530351437699,74.4408945686901
E00145751,617,52,23,29,565,54,511,8.427876823338735,3.727714748784441,4.700162074554295,91.57212317666126,8.752025931928689,82.82009724473258
E00145752,442,59,17,42,383,33,350,13.34841628959276,3.8461538461538463,9.502262443438914,86.65158371040724,7.46606334841629,79.18552036199095
E00145753,393,65,21,44,328,19,309,16.539440203562343,5.343511450381679,11.195928753180661,83.46055979643766,4.8346055979643765,78.62595419847328
E00145755,376,37,17,20,339,38,301,9.840425531914894,4.521276595744681,5.319148936170213,90.1595744680851,10.106382978723403,80.0531914893617
E00145756,517,79,28,51,438,40,398,15.28046421663443,5.415860735009671,9.864603481624759,84.71953578336557,7.7369439071566735,76.9825918762089
E00145757,276,61,22,39,215,20,195,22.10144927536232,7.971014492753622,14.130434782608695,77.89855072463769,7.246376811594203,70.65217391304348
E00145759,327,48,16,32,279,38,241,14.678899082568808,4.892966360856269,9.785932721712538,85.3211009174312,11.62079510703364,73.70030581039755
E00145760,411,67,27,40,344,39,305,16.30170316301703,6.569343065693431,9.732360097323602,83.69829683698296,9.48905109489051,74.20924574209245
E00145761,270,60,18,42,210,24,186,22.22222222222222,6.666666666666667,15.555555555555555,77.77777777777779,8.88888888888889,68.88888888888889
E00145762,411,52,18,34,359,24,335,12.652068126520682,4.37956204379562,8.27250608272506,87.34793187347933,5.839416058394161,81.50851581508516
E00145763,320,43,10,33,277,34,243,13.4375,3.125,10.3125,86.5625,10.625,75.9375
E00145764,335,37,10,27,298,34,264,11.044776119402986,2.9850746268656714,8.059701492537313,88.95522388059702,10.149253731343283,78.80597014925374
E00145765,349,35,9,26,314,26,288,10.028653295128938,2.5787965616045847,7.4498567335243555,89.97134670487105,7.4498567335243555,82.52148997134671
E00145766,341,26,1,25,315,33,282,7.624633431085044,0.2932551319648094,7.331378299120235,92.37536656891496,9.67741935483871,82.69794721407625
E00145767,404,65,21,44,339,36,303,16.08910891089109,5.198019801980198,10.891089108910892,83.9108910891089,8.91089108910891,75
E00145768,358,57,23,34,301,30,271,15.921787709497206,6.424581005586592,9.497206703910614,84.07821229050279,8.379888268156424,75.69832402234637
E00145769,303,37,15,22,266,33,233,12.211221122112212,4.9504950495049505,7.2607260726072615,87.78877887788778,10.891089108910892,76.89768976897689
E00145770,280,49,17,32,231,30,201,17.5,6.071428571428571,11.428571428571429,82.5,10.714285714285714,71.78571428571429
E00145771,445,79,16,63,366,29,337,17.752808988764045,3.5955056179775284,14.157303370786517,82.24719101123596,6.51685393258427,75.73033707865169
E00145772,294,38,8,30,256,26,230,12.925170068027212,2.7210884353741496,10.204081632653061,87.07482993197279,8.843537414965986,78.2312925170068
E00145774,567,81,30,51,486,48,438,14.285714285714285,5.291005291005291,8.994708994708994,85.71428571428571,8.465608465608465,77.24867724867724
E00145775,417,50,13,37,367,33,334,11.990407673860911,3.117505995203837,8.872901678657074,88.00959232613909,7.913669064748201,80.0959232613909
E00145776,287,54,19,35,233,23,210,18.81533101045296,6.620209059233449,12.195121951219512,81.18466898954703,8.013937282229964,73.17073170731707
E00145777,282,41,16,25,241,31,210,14.539007092198581,5.673758865248227,8.865248226950355,85.46099290780141,10.99290780141844,74.46808510638297
E00145778,294,45,10,35,249,26,223,15.306122448979592,3.4013605442176873,11.904761904761903,84.6938775510204,8.843537414965986,75.85034013605441
E00145779,318,56,34,22,262,27,235,17.61006289308176,10.69182389937107,6.918238993710692,82.38993710691824,8.49056603773585,73.89937106918238
E00145780,266,33,7,26,233,24,209,12.406015037593985,2.631578947368421,9.774436090225564,87.59398496240601,9.022556390977442,78.57142857142857
E00145781,292,49,13,36,243,21,222,16.78082191780822,4.4520547945205475,12.32876712328767,83.21917808219177,7.191780821917808,76.02739726027397
E00145783,247,47,17,30,200,23,177,19.02834008097166,6.882591093117409,12.145748987854251,80.97165991902834,9.31174089068826,71.65991902834008
E00145784,275,41,17,24,234,32,202,14.909090909090908,6.181818181818182,8.727272727272728,85.0909090909091,11.636363636363637,73.45454545454545
E00145785,398,53,22,31,345,32,313,13.316582914572864,5.527638190954774,7.788944723618091,86.68341708542714,8.040201005025125,78.64321608040201
E00145786,334,52,14,38,282,29,253,15.568862275449103,4.191616766467066,11.377245508982035,84.4311377245509,8.682634730538922,75.74850299401199
E00145787,406,44,11,33,362,38,324,10.83743842364532,2.70935960591133,8.12807881773399,89.16256157635468,9.35960591133005,79.80295566502463
E00145788,285,48,16,32,237,36,201,16.842105263157894,5.614035087719298,11.228070175438596,83.15789473684211,12.631578947368421,70.52631578947368
E00145789,304,52,25,27,252,37,215,17.105263157894736,8.223684210526317,8.881578947368421,82.89473684210526,12.171052631578947,70.72368421052632
E00145790,341,34,4,30,307,31,276,9.970674486803519,1.1730205278592376,8.797653958944283,90.02932551319648,9.090909090909092,80.93841642228739
E00145794,328,59,34,25,269,23,246,17.98780487804878,10.365853658536585,7.621951219512195,82.01219512195121,7.01219512195122,75
E00145795,311,49,23,26,262,26,236,15.755627009646304,7.395498392282958,8.360128617363344,84.2443729903537,8.360128617363344,75.88424437299035
E00145796,337,44,8,36,293,22,271,13.056379821958458,2.3738872403560833,10.682492581602373,86.94362017804154,6.528189910979229,80.41543026706232
E00145797,327,48,24,24,279,25,254,14.678899082568808,7.339449541284404,7.339449541284404,85.3211009174312,7.64525993883792,77.67584097859327
E00145798,439,136,83,53,303,25,278,30.979498861047837,18.906605922551254,12.072892938496583,69.02050113895216,5.694760820045558,63.32574031890661
E00145799,325,63,21,42,262,50,212,19.384615384615383,6.461538461538462,12.923076923076923,80.61538461538461,15.384615384615385,65.23076923076923
E00145800,387,46,17,29,341,39,302,11.886304909560723,4.3927648578811365,7.493540051679587,88.11369509043928,10.077519379844961,78.0361757105943
E00145804,309,39,9,30,270,25,245,12.62135922330097,2.912621359223301,9.70873786407767,87.37864077669903,8.090614886731391,79.28802588996764
E00145805,387,69,26,43,318,49,269,17.829457364341085,6.718346253229974,11.11111111111111,82.17054263565892,12.661498708010335,69.50904392764858
E00145806,241,48,14,34,193,25,168,19.91701244813278,5.809128630705394,14.107883817427386,80.08298755186722,10.37344398340249,69.70954356846472
E00145807,368,47,12,35,321,33,288,12.771739130434783,3.260869565217391,9.510869565217392,87.22826086956522,8.967391304347826,78.26086956521739
E00145808,340,59,22,37,281,29,252,17.352941176470587,6.470588235294119,10.882352941176471,82.6470588235294,8.529411764705882,74.11764705882354
E00145809,286,40,13,27,246,15,231,13.986013986013987,4.545454545454546,9.44055944055944,86.01398601398601,5.244755244755245,80.76923076923077
E00145810,358,42,12,30,316,29,287,11.731843575418994,3.35195530726257,8.379888268156424,88.26815642458101,8.100558659217876,80.16759776536313
E00145811,271,26,6,20,245,29,216,9.59409594095941,2.214022140221402,7.380073800738007,90.40590405904058,10.70110701107011,79.70479704797047
E00145812,521,59,17,42,462,51,411,11.324376199616124,3.262955854126679,8.061420345489443,88.67562380038387,9.788867562380037,78.88675623800384
E00145813,285,38,18,20,247,19,228,13.333333333333334,6.315789473684211,7.017543859649122,86.66666666666667,6.666666666666667,80
E00145814,294,33,11,22,261,20,241,11.224489795918368,3.741496598639456,7.482993197278912,88.77551020408163,6.802721088435375,81.97278911564626
E00145815,583,61,11,50,522,51,471,10.4631217838765,1.8867924528301887,8.576329331046312,89.5368782161235,8.747855917667238,80.78902229845626
E00145816,314,38,6,32,276,28,248,12.101910828025478,1.910828025477707,10.191082802547772,87.89808917197452,8.9171974522293,78.98089171974523
E00145817,289,38,6,32,251,29,222,13.148788927335639,2.0761245674740483,11.072664359861593,86.85121107266436,10.034602076124568,76.8166089965398
E00145818,330,36,8,28,294,28,266,10.909090909090908,2.4242424242424243,8.484848484848486,89.0909090909091,8.484848484848486,80.60606060606061
E00145819,579,84,24,60,495,34,461,14.507772020725387,4.145077720207254,10.362694300518134,85.49222797927462,5.872193436960276,79.62003454231433
E00145820,254,26,5,21,228,19,209,10.236220472440944,1.968503937007874,8.267716535433072,89.76377952755905,7.480314960629922,82.28346456692913
E00145821,226,45,15,30,181,15,166,19.911504424778762,6.637168141592921,13.274336283185843,80.08849557522124,6.637168141592921,73.45132743362832
E00145822,294,17,0,17,277,25,252,5.782312925170068,0,5.782312925170068,94.21768707482994,8.503401360544217,85.71428571428571
E00145823,341,33,10,23,308,41,267,9.67741935483871,2.932551319648094,6.744868035190615,90.32258064516128,12.023460410557185,78.2991202346041
E00145824,351,34,13,21,317,53,264,9.686609686609685,3.7037037037037033,5.982905982905983,90.31339031339031,15.0997150997151,75.21367521367522
E00145825,312,30,7,23,282,29,253,9.615384615384617,2.2435897435897436,7.371794871794872,90.38461538461539,9.294871794871796,81.08974358974359
E00145826,297,38,11,27,259,26,233,12.794612794612794,3.7037037037037033,9.090909090909092,87.20538720538721,8.754208754208754,78.45117845117845
E00145827,361,25,4,21,336,39,297,6.9252077562326875,1.10803324099723,5.8171745152354575,93.07479224376732,10.80332409972299,82.27146814404432
E00145828,298,24,4,20,274,22,252,8.053691275167784,1.342281879194631,6.7114093959731544,91.94630872483222,7.38255033557047,84.56375838926175
E00145829,326,48,15,33,278,31,247,14.723926380368098,4.601226993865031,10.122699386503067,85.2760736196319,9.509202453987731,75.76687116564416
E00145830,352,25,6,19,327,38,289,7.1022727272727275,1.7045454545454544,5.3977272727272725,92.89772727272727,10.795454545454545,82.10227272727273
E00145831,354,40,20,20,314,15,299,11.299435028248588,5.649717514124294,5.649717514124294,88.70056497175142,4.23728813559322,84.4632768361582
E00145832,245,35,11,24,210,20,190,14.285714285714285,4.489795918367347,9.795918367346939,85.71428571428571,8.16326530612245,77.55102040816327
E00145833,270,42,21,21,228,30,198,15.555555555555555,7.777777777777778,7.777777777777778,84.44444444444444,11.11111111111111,73.33333333333333
E00145835,227,31,7,24,196,19,177,13.656387665198238,3.0837004405286343,10.572687224669604,86.34361233480176,8.370044052863436,77.97356828193833
E00145836,403,71,26,45,332,32,300,17.617866004962778,6.451612903225806,11.166253101736972,82.38213399503722,7.94044665012407,74.44168734491315
E00145837,340,78,37,41,262,21,241,22.941176470588236,10.882352941176471,12.058823529411764,77.05882352941177,6.176470588235294,70.88235294117648
E00145838,361,49,17,32,312,26,286,13.573407202216067,4.7091412742382275,8.86426592797784,86.42659279778393,7.202216066481995,79.22437673130193
E00145839,209,30,10,20,179,25,154,14.354066985645932,4.784688995215311,9.569377990430622,85.64593301435407,11.961722488038278,73.68421052631578
E00145841,368,57,24,33,311,26,285,15.489130434782608,6.521739130434782,8.967391304347826,84.51086956521739,7.065217391304348,77.44565217391305
E00145842,360,60,20,40,300,38,262,16.666666666666664,5.555555555555555,11.11111111111111,83.33333333333334,10.555555555555555,72.77777777777777
E00145843,277,36,9,27,241,23,218,12.996389891696749,3.2490974729241873,9.747292418772563,87.00361010830325,8.303249097472925,78.70036101083032
E00145844,340,75,33,42,265,22,243,22.058823529411764,9.705882352941178,12.352941176470589,77.94117647058823,6.470588235294119,71.47058823529412
E00145845,318,42,15,27,276,20,256,13.20754716981132,4.716981132075472,8.49056603773585,86.79245283018868,6.289308176100629,80.50314465408806
E00145846,341,71,32,39,270,29,241,20.821114369501466,9.3841642228739,11.436950146627565,79.17888563049853,8.504398826979472,70.67448680351906
E00145847,299,46,21,25,253,33,220,15.384615384615385,7.023411371237458,8.361204013377927,84.61538461538461,11.036789297658862,73.57859531772574
E00145848,286,42,16,26,244,20,224,14.685314685314685,5.594405594405594,9.090909090909092,85.3146853146853,6.993006993006993,78.32167832167832
E00145849,324,40,11,29,284,37,247,12.345679012345679,3.3950617283950617,8.950617283950617,87.65432098765432,11.419753086419753,76.23456790123457
E00145850,323,46,22,24,277,32,245,14.241486068111456,6.811145510835913,7.430340557275541,85.75851393188854,9.907120743034056,75.85139318885449
E00145851,337,59,26,33,278,32,246,17.50741839762611,7.71513353115727,9.792284866468842,82.49258160237389,9.495548961424333,72.99703264094956
E00145852,368,70,28,42,298,27,271,19.021739130434785,7.608695652173914,11.41304347826087,80.97826086956522,7.336956521739131,73.6413043478261
E00145853,299,51,19,32,248,27,221,17.05685618729097,6.354515050167224,10.702341137123746,82.94314381270902,9.03010033444816,73.91304347826086
E00145854,307,64,23,41,243,17,226,20.846905537459286,7.491856677524431,13.355048859934854,79.15309446254072,5.537459283387622,73.61563517915309
E00145855,381,54,17,37,327,25,302,14.173228346456693,4.4619422572178475,9.711286089238845,85.8267716535433,6.561679790026247,79.26509186351706
E00145856,372,78,27,51,294,27,267,20.967741935483872,7.258064516129033,13.709677419354838,79.03225806451613,7.258064516129033,71.7741935483871
E00145857,247,57,19,38,190,16,174,23.076923076923077,7.6923076923076925,15.384615384615385,76.92307692307693,6.477732793522267,70.44534412955466
E00145858,284,52,23,29,232,16,216,18.30985915492958,8.098591549295776,10.211267605633804,81.69014084507043,5.633802816901409,76.05633802816901
E00145859,247,54,27,27,193,25,168,21.86234817813765,10.931174089068826,10.931174089068826,78.13765182186235,10.121457489878543,68.0161943319838
E00145860,363,45,14,31,318,23,295,12.396694214876034,3.8567493112947657,8.539944903581267,87.60330578512396,6.336088154269973,81.26721763085399
E00145861,211,64,24,40,147,14,133,30.33175355450237,11.374407582938389,18.95734597156398,69.66824644549763,6.6350710900473935,63.03317535545023
E00145862,290,41,11,30,249,25,224,14.13793103448276,3.793103448275862,10.344827586206897,85.86206896551725,8.620689655172415,77.24137931034483
E00145863,347,65,16,49,282,40,242,18.73198847262248,4.610951008645533,14.121037463976945,81.26801152737752,11.527377521613833,69.7406340057637
E00145864,423,57,21,36,366,33,333,13.47517730496454,4.964539007092199,8.51063829787234,86.52482269503547,7.801418439716312,78.72340425531915
E00145865,407,92,51,41,315,29,286,22.604422604422606,12.530712530712531,10.073710073710075,77.39557739557739,7.125307125307126,70.27027027027027
E00145867,349,57,20,37,292,18,274,16.332378223495702,5.730659025787966,10.601719197707736,83.66762177650429,5.157593123209169,78.51002865329512
E00145868,359,47,14,33,312,37,275,13.09192200557103,3.8997214484679668,9.192200557103064,86.90807799442896,10.30640668523677,76.6016713091922
E00145869,165,32,16,16,133,17,116,19.393939393939394,9.696969696969697,9.696969696969697,80.60606060606061,10.303030303030303,70.3030303030303
E00145870,422,70,20,50,352,31,321,16.587677725118482,4.739336492890995,11.848341232227488,83.41232227488152,7.345971563981042,76.06635071090048
E00145871,191,23,9,14,168,23,145,12.041884816753926,4.712041884816754,7.329842931937172,87.95811518324608,12.041884816753926,75.91623036649214
E00145872,165,17,6,11,148,16,132,10.303030303030303,3.6363636363636362,6.666666666666667,89.6969696969697,9.696969696969697,80
E00145873,271,41,19,22,230,16,214,15.129151291512915,7.011070110701106,8.118081180811808,84.87084870848709,5.904059040590406,78.96678966789668
E00145874,285,25,11,14,260,20,240,8.771929824561402,3.8596491228070176,4.912280701754386,91.22807017543859,7.017543859649122,84.21052631578947
E00145875,283,46,16,30,237,24,213,16.25441696113074,5.6537102473498235,10.60070671378092,83.74558303886926,8.480565371024735,75.26501766784452
E00145876,449,70,14,56,379,36,343,15.590200445434299,3.11804008908686,12.47216035634744,84.4097995545657,8.017817371937639,76.39198218262806
E00145877,321,47,16,31,274,31,243,14.641744548286603,4.984423676012461,9.657320872274143,85.35825545171339,9.657320872274143,75.70093457943925
E00145878,466,72,23,49,394,44,350,15.450643776824036,4.935622317596566,10.515021459227468,84.54935622317596,9.44206008583691,75.10729613733905
E00145879,507,87,26,61,420,42,378,17.159763313609467,5.128205128205128,12.03155818540434,82.84023668639054,8.284023668639055,74.55621301775149
E00145880,315,57,20,37,258,25,233,18.095238095238095,6.349206349206349,11.746031746031745,81.9047619047619,7.936507936507936,73.96825396825398
E00145881,120,17,3,14,103,7,96,14.166666666666666,2.5,11.666666666666666,85.83333333333333,5.833333333333333,80
E00145882,283,57,15,42,226,19,207,20.141342756183743,5.30035335689046,14.840989399293287,79.85865724381625,6.713780918727916,73.14487632508833
E00145883,231,35,5,30,196,24,172,15.151515151515152,2.1645021645021645,12.987012987012985,84.84848484848484,10.38961038961039,74.45887445887446
E00145884,241,34,6,28,207,15,192,14.107883817427386,2.4896265560165975,11.618257261410788,85.89211618257261,6.224066390041494,79.66804979253112
E00145885,206,39,22,17,167,13,154,18.932038834951456,10.679611650485436,8.25242718446602,81.06796116504854,6.310679611650485,74.75728155339806
E00145886,224,30,12,18,194,19,175,13.392857142857142,5.357142857142857,8.035714285714286,86.60714285714286,8.482142857142858,78.125
E00145887,295,32,13,19,263,23,240,10.847457627118644,4.406779661016949,6.440677966101695,89.15254237288136,7.796610169491526,81.35593220338984
E00145888,139,27,14,13,112,12,100,19.424460431654676,10.071942446043165,9.352517985611511,80.57553956834532,8.633093525179856,71.94244604316546
E00145889,283,41,12,29,242,30,212,14.487632508833922,4.240282685512367,10.247349823321555,85.51236749116607,10.60070671378092,74.91166077738515
E00145890,295,44,16,28,251,27,224,14.915254237288137,5.423728813559322,9.491525423728813,85.08474576271186,9.152542372881356,75.9322033898305
E00145891,271,46,14,32,225,26,199,16.974169741697416,5.166051660516605,11.808118081180812,83.02583025830258,9.59409594095941,73.43173431734317
E00145892,326,54,20,34,272,26,246,16.56441717791411,6.134969325153374,10.429447852760736,83.43558282208589,7.975460122699387,75.4601226993865
E00145893,238,49,15,34,189,21,168,20.588235294117645,6.302521008403361,14.285714285714285,79.41176470588235,8.823529411764707,70.58823529411765
E00145894,326,53,31,22,273,23,250,16.257668711656443,9.509202453987731,6.748466257668712,83.74233128834356,7.05521472392638,76.68711656441718
E00145895,285,44,17,27,241,31,210,15.43859649122807,5.964912280701754,9.473684210526317,84.56140350877193,10.87719298245614,73.68421052631578
E00145896,274,40,16,24,234,25,209,14.5985401459854,5.839416058394161,8.75912408759124,85.40145985401459,9.124087591240876,76.27737226277372
E00145897,327,49,25,24,278,32,246,14.984709480122325,7.64525993883792,7.339449541284404,85.01529051987767,9.785932721712538,75.22935779816514
E00145898,466,47,9,38,419,42,377,10.085836909871244,1.9313304721030045,8.15450643776824,89.91416309012875,9.012875536480687,80.90128755364807
E00145899,346,49,15,34,297,30,267,14.16184971098266,4.335260115606936,9.826589595375722,85.83815028901735,8.670520231213873,77.16763005780348
E00145900,323,46,16,30,277,23,254,14.241486068111456,4.953560371517028,9.287925696594428,85.75851393188854,7.120743034055728,78.63777089783281
E00145901,327,35,10,25,292,27,265,10.703363914373089,3.058103975535168,7.64525993883792,89.29663608562691,8.256880733944955,81.03975535168195
E00145902,353,42,13,29,311,19,292,11.89801699716714,3.6827195467422094,8.21529745042493,88.10198300283287,5.382436260623229,82.71954674220963
E00145903,250,32,4,28,218,16,202,12.8,1.6,11.200000000000001,87.2,6.4,80.80000000000001
E00145904,280,37,9,28,243,27,216,13.214285714285715,3.214285714285714,10,86.78571428571429,9.642857142857144,77.14285714285715
E00145905,239,33,9,24,206,16,190,13.807531380753138,3.765690376569038,10.0418410041841,86.19246861924687,6.694560669456067,79.49790794979079
E00145906,307,34,17,17,273,17,256,11.074918566775244,5.537459283387622,5.537459283387622,88.92508143322475,5.537459283387622,83.38762214983714
E00145907,255,53,18,35,202,13,189,20.784313725490197,7.0588235294117645,13.725490196078432,79.2156862745098,5.098039215686274,74.11764705882354
E00145908,281,27,6,21,254,26,228,9.608540925266903,2.135231316725979,7.473309608540925,90.39145907473309,9.252669039145907,81.13879003558719
E00145909,287,36,10,26,251,25,226,12.543554006968641,3.484320557491289,9.059233449477352,87.45644599303137,8.710801393728223,78.74564459930313
E00145910,259,37,14,23,222,17,205,14.285714285714285,5.405405405405405,8.880308880308881,85.71428571428571,6.563706563706563,79.15057915057915
E00145911,254,27,6,21,227,21,206,10.62992125984252,2.3622047244094486,8.267716535433072,89.37007874015748,8.267716535433072,81.10236220472441
E00145912,218,24,5,19,194,16,178,11.009174311926607,2.293577981651376,8.715596330275229,88.9908256880734,7.339449541284404,81.65137614678899
E00145913,339,46,11,35,293,36,257,13.569321533923304,3.2448377581120944,10.32448377581121,86.4306784660767,10.619469026548673,75.81120943952803
E00145914,119,19,7,12,100,7,93,15.966386554621847,5.88235294117647,10.084033613445378,84.03361344537815,5.88235294117647,78.15126050420169
E00145915,347,39,10,29,308,35,273,11.239193083573488,2.881844380403458,8.357348703170029,88.76080691642652,10.086455331412104,78.6743515850144
E00145916,298,59,19,40,239,25,214,19.798657718120804,6.375838926174497,13.422818791946309,80.20134228187919,8.389261744966444,71.81208053691275
E00145917,387,47,15,32,340,31,309,12.144702842377262,3.875968992248062,8.2687338501292,87.85529715762273,8.010335917312661,79.84496124031007
E00145918,283,27,5,22,256,21,235,9.540636042402827,1.76678445229682,7.773851590106007,90.45936395759718,7.420494699646643,83.03886925795054
E00145919,377,44,14,30,333,33,300,11.671087533156498,3.7135278514588856,7.957559681697612,88.3289124668435,8.753315649867375,79.57559681697613
E00145920,194,22,5,17,172,16,156,11.34020618556701,2.5773195876288657,8.762886597938143,88.65979381443299,8.24742268041237,80.41237113402062
E00145921,324,44,18,26,280,27,253,13.580246913580247,5.555555555555555,8.024691358024691,86.41975308641975,8.333333333333332,78.08641975308642
E00145922,314,44,7,37,270,33,237,14.012738853503185,2.229299363057325,11.78343949044586,85.98726114649682,10.509554140127388,75.47770700636943
E00145923,256,41,12,29,215,30,185,16.015625,4.6875,11.328125,83.984375,11.71875,72.265625
E00145924,283,53,15,38,230,26,204,18.727915194346288,5.30035335689046,13.427561837455832,81.2720848056537,9.187279151943462,72.08480565371025
E00145925,331,42,14,28,289,28,261,12.688821752265861,4.229607250755287,8.459214501510575,87.31117824773413,8.459214501510575,78.85196374622356
E00145926,366,49,22,27,317,34,283,13.387978142076504,6.0109289617486334,7.377049180327869,86.6120218579235,9.289617486338798,77.3224043715847
E00145928,338,51,17,34,287,21,266,15.088757396449704,5.029585798816568,10.059171597633137,84.91124260355029,6.21301775147929,78.69822485207101
E00145929,284,23,7,16,261,29,232,8.098591549295776,2.464788732394366,5.633802816901409,91.90140845070422,10.211267605633804,81.69014084507043
E00145930,248,38,8,30,210,29,181,15.32258064516129,3.225806451612903,12.096774193548388,84.67741935483872,11.693548387096774,72.98387096774194
E00145931,387,49,15,34,338,32,306,12.661498708010335,3.875968992248062,8.785529715762273,87.33850129198967,8.2687338501292,79.06976744186046
E00145932,341,74,31,43,267,15,252,21.700879765395893,9.090909090909092,12.609970674486803,78.2991202346041,4.398826979472141,73.90029325513197
E00145933,307,41,15,26,266,22,244,13.355048859934854,4.88599348534202,8.469055374592834,86.64495114006515,7.166123778501629,79.47882736156352
E00145934,268,91,51,40,177,17,160,33.95522388059701,19.029850746268657,14.925373134328357,66.04477611940298,6.343283582089552,59.70149253731343
E00145935,202,36,12,24,166,18,148,17.82178217821782,5.9405940594059405,11.881188118811881,82.17821782178217,8.91089108910891,73.26732673267327
E00145936,294,30,11,19,264,21,243,10.204081632653061,3.741496598639456,6.462585034013606,89.79591836734694,7.142857142857142,82.6530612244898
E00145937,221,30,8,22,191,25,166,13.574660633484163,3.619909502262444,9.95475113122172,86.42533936651584,11.312217194570136,75.1131221719457
E00145938,285,30,10,20,255,25,230,10.526315789473683,3.508771929824561,7.017543859649122,89.47368421052632,8.771929824561402,80.7017543859649
E00145939,309,39,10,29,270,31,239,12.62135922330097,3.2362459546925564,9.385113268608414,87.37864077669903,10.032362459546926,77.34627831715211
E00145940,327,36,11,25,291,21,270,11.009174311926607,3.3639143730886847,7.64525993883792,88.9908256880734,6.422018348623854,82.56880733944955
E00145941,214,10,0,10,204,13,191,4.672897196261682,0,4.672897196261682,95.32710280373831,6.074766355140187,89.25233644859813
E00145942,305,28,10,18,277,24,253,9.180327868852459,3.278688524590164,5.901639344262295,90.81967213114754,7.868852459016394,82.95081967213115
E00145943,314,45,17,28,269,23,246,14.331210191082802,5.414012738853503,8.9171974522293,85.6687898089172,7.32484076433121,78.343949044586
E00145944,293,37,15,22,256,19,237,12.627986348122866,5.1194539249146755,7.508532423208192,87.37201365187714,6.484641638225256,80.88737201365188
E00145945,363,48,15,33,315,30,285,13.223140495867769,4.132231404958678,9.090909090909092,86.77685950413223,8.264462809917356,78.51239669421489
E00145946,241,32,12,20,209,27,182,13.278008298755188,4.979253112033195,8.29875518672199,86.72199170124482,11.20331950207469,75.51867219917013
E00145947,120,24,11,13,96,10,86,20,9.166666666666666,10.833333333333334,80,8.333333333333332,71.66666666666667
E00145948,259,46,20,26,213,25,188,17.760617760617762,7.722007722007722,10.038610038610038,82.23938223938224,9.652509652509652,72.58687258687259
E00145949,245,29,13,16,216,20,196,11.83673469387755,5.3061224489795915,6.530612244897959,88.16326530612245,8.16326530612245,80
E00145950,341,41,10,31,300,37,263,12.023460410557185,2.932551319648094,9.090909090909092,87.97653958944281,10.850439882697946,77.12609970674487
E00145951,313,45,11,34,268,23,245,14.376996805111823,3.5143769968051117,10.86261980830671,85.62300319488818,7.348242811501597,78.27476038338658
E00145952,396,33,6,27,363,16,347,8.333333333333332,1.5151515151515151,6.8181818181818175,91.66666666666666,4.040404040404041,87.62626262626263
E00145953,318,53,22,31,265,28,237,16.666666666666664,6.918238993710692,9.748427672955975,83.33333333333334,8.80503144654088,74.52830188679245
E00145954,241,55,26,29,186,15,171,22.821576763485478,10.78838174273859,12.033195020746888,77.17842323651453,6.224066390041494,70.95435684647303
E00145955,368,28,8,20,340,32,308,7.608695652173914,2.1739130434782608,5.434782608695652,92.3913043478261,8.695652173913043,83.69565217391305
E00145956,292,38,8,30,254,17,237,13.013698630136986,2.73972602739726,10.273972602739725,86.98630136986301,5.821917808219178,81.16438356164383
E00145957,209,26,8,18,183,20,163,12.440191387559809,3.827751196172249,8.61244019138756,87.5598086124402,9.569377990430622,77.99043062200957
E00145958,303,27,14,13,276,16,260,8.91089108910891,4.62046204620462,4.29042904290429,91.0891089108911,5.2805280528052805,85.8085808580858
E00145959,326,39,11,28,287,21,266,11.96319018404908,3.374233128834356,8.588957055214724,88.03680981595092,6.441717791411043,81.59509202453987
E00145960,353,44,14,30,309,30,279,12.464589235127479,3.9660056657223794,8.498583569405099,87.53541076487252,8.498583569405099,79.03682719546742
E00145961,339,24,5,19,315,27,288,7.079646017699115,1.4749262536873156,5.604719764011799,92.92035398230088,7.964601769911504,84.95575221238938
E00145962,417,72,53,19,345,25,320,17.26618705035971,12.709832134292565,4.556354916067146,82.73381294964028,5.995203836930456,76.73860911270984
E00145963,233,46,23,23,187,26,161,19.742489270386265,9.871244635193133,9.871244635193133,80.25751072961373,11.158798283261802,69.09871244635193
E00145964,417,96,48,48,321,17,304,23.021582733812952,11.510791366906476,11.510791366906476,76.97841726618705,4.07673860911271,72.90167865707434
E00145965,341,51,13,38,290,29,261,14.95601173020528,3.812316715542522,11.143695014662756,85.04398826979472,8.504398826979472,76.53958944281524
E00145966,278,21,7,14,257,21,236,7.553956834532374,2.5179856115107913,5.0359712230215825,92.44604316546763,7.553956834532374,84.89208633093526
E00145967,237,34,11,23,203,14,189,14.345991561181433,4.641350210970464,9.70464135021097,85.65400843881856,5.9071729957805905,79.74683544303798
E00145968,300,29,9,20,271,19,252,9.666666666666666,3,6.666666666666667,90.33333333333333,6.333333333333334,84
E00145969,344,96,75,21,248,34,214,27.906976744186046,21.802325581395348,6.104651162790697,72.09302325581395,9.883720930232558,62.2093023255814
E00145970,308,32,11,21,276,29,247,10.38961038961039,3.571428571428571,6.8181818181818175,89.6103896103896,9.415584415584416,80.1948051948052
E00145971,467,51,14,37,416,33,383,10.920770877944326,2.9978586723768736,7.922912205567452,89.07922912205566,7.066381156316917,82.01284796573876
E00145972,210,25,9,16,185,17,168,11.904761904761903,4.285714285714286,7.6190476190476195,88.09523809523809,8.095238095238095,80
E00145973,252,43,16,27,209,17,192,17.063492063492063,6.349206349206349,10.714285714285714,82.93650793650794,6.746031746031746,76.19047619047619
E00145974,236,28,4,24,208,25,183,11.864406779661017,1.694915254237288,10.16949152542373,88.13559322033898,10.59322033898305,77.54237288135593
E00145975,300,85,59,26,215,25,190,28.333333333333332,19.666666666666664,8.666666666666668,71.66666666666667,8.333333333333332,63.33333333333333
E00145976,264,47,15,32,217,30,187,17.803030303030305,5.681818181818182,12.121212121212121,82.1969696969697,11.363636363636363,70.83333333333334
E00145977,152,39,14,25,113,17,96,25.657894736842106,9.210526315789473,16.447368421052634,74.3421052631579,11.18421052631579,63.1578947368421
E00145978,421,53,14,39,368,26,342,12.589073634204276,3.32541567695962,9.263657957244655,87.41092636579573,6.175771971496437,81.23515439429929
E00145979,557,53,17,36,504,36,468,9.515260323159785,3.052064631956912,6.463195691202872,90.48473967684022,6.463195691202872,84.02154398563735
E00145980,165,17,5,12,148,16,132,10.303030303030303,3.0303030303030303,7.2727272727272725,89.6969696969697,9.696969696969697,80
E00145981,354,38,16,22,316,27,289,10.734463276836157,4.519774011299435,6.214689265536723,89.26553672316385,7.627118644067797,81.63841807909604
E00145982,471,62,23,39,409,39,370,13.163481953290871,4.8832271762208075,8.280254777070063,86.83651804670913,8.280254777070063,78.55626326963908
E00145983,213,31,19,12,182,19,163,14.553990610328638,8.92018779342723,5.633802816901409,85.44600938967136,8.92018779342723,76.52582159624414
E00145984,356,34,11,23,322,15,307,9.550561797752808,3.089887640449438,6.460674157303371,90.4494382022472,4.213483146067416,86.23595505617978
E00145985,283,35,16,19,248,26,222,12.36749116607774,5.6537102473498235,6.713780918727916,87.63250883392226,9.187279151943462,78.4452296819788
E00145987,268,32,11,21,236,25,211,11.940298507462686,4.104477611940299,7.835820895522389,88.05970149253731,9.328358208955224,78.73134328358209
E00145989,289,52,25,27,237,24,213,17.99307958477509,8.650519031141869,9.342560553633218,82.00692041522491,8.304498269896193,73.70242214532871
E00145990,370,32,9,23,338,23,315,8.64864864864865,2.4324324324324325,6.216216216216217,91.35135135135135,6.216216216216217,85.13513513513513
E00145991,350,40,10,30,310,34,276,11.428571428571429,2.857142857142857,8.571428571428571,88.57142857142857,9.714285714285714,78.85714285714286
E00145992,350,53,14,39,297,23,274,15.142857142857144,4,11.142857142857142,84.85714285714285,6.571428571428571,78.28571428571428
E00145993,312,38,11,27,274,34,240,12.179487179487179,3.5256410256410255,8.653846153846153,87.82051282051282,10.897435897435898,76.92307692307693
E00145994,345,38,14,24,307,40,267,11.014492753623188,4.057971014492753,6.956521739130435,88.98550724637681,11.594202898550725,77.39130434782608
E00145995,423,38,12,26,385,29,356,8.983451536643026,2.8368794326241136,6.1465721040189125,91.01654846335697,6.8557919621749415,84.16075650118204
E00145996,291,33,9,24,258,27,231,11.34020618556701,3.0927835051546393,8.24742268041237,88.65979381443299,9.278350515463918,79.38144329896907
E00145997,356,37,9,28,319,28,291,10.393258426966293,2.528089887640449,7.865168539325842,89.60674157303372,7.865168539325842,81.74157303370787
E00145998,344,48,15,33,296,30,266,13.953488372093023,4.3604651162790695,9.593023255813954,86.04651162790698,8.720930232558139,77.32558139534885
E00145999,339,49,16,33,290,28,262,14.454277286135694,4.71976401179941,9.734513274336283,85.54572271386431,8.259587020648967,77.28613569321534
E00146000,340,47,22,25,293,31,262,13.823529411764707,6.470588235294119,7.352941176470589,86.1764705882353,9.117647058823529,77.05882352941177
E00146001,305,48,21,27,257,29,228,15.737704918032788,6.885245901639345,8.852459016393443,84.26229508196721,9.508196721311474,74.75409836065575
E00146002,290,41,12,29,249,25,224,14.13793103448276,4.137931034482759,10,85.86206896551725,8.620689655172415,77.24137931034483
E00146003,331,47,9,38,284,20,264,14.19939577039275,2.719033232628399,11.48036253776435,85.80060422960725,6.042296072507553,79.7583081570997
E00146004,336,53,17,36,283,37,246,15.773809523809524,5.059523809523809,10.714285714285714,84.22619047619048,11.011904761904761,73.21428571428571
E00146005,216,50,27,23,166,18,148,23.14814814814815,12.5,10.648148148148149,76.85185185185185,8.333333333333332,68.51851851851852
E00146006,380,54,18,36,326,23,303,14.210526315789473,4.736842105263158,9.473684210526317,85.78947368421052,6.052631578947368,79.73684210526316
E00146007,480,115,71,44,365,41,324,23.958333333333336,14.791666666666666,9.166666666666666,76.04166666666666,8.541666666666666,67.5
E00146008,431,65,24,41,366,32,334,15.081206496519723,5.56844547563805,9.51276102088167,84.91879350348029,7.424593967517401,77.49419953596288
E00146009,352,48,12,36,304,31,273,13.636363636363635,3.4090909090909087,10.227272727272728,86.36363636363636,8.806818181818182,77.55681818181817
E00146010,390,65,24,41,325,16,309,16.666666666666664,6.153846153846154,10.512820512820513,83.33333333333334,4.102564102564102,79.23076923076923
E00146011,314,43,9,34,271,23,248,13.694267515923567,2.8662420382165608,10.828025477707007,86.30573248407643,7.32484076433121,78.98089171974523
E00146012,296,52,12,40,244,27,217,17.56756756756757,4.054054054054054,13.513513513513514,82.43243243243244,9.121621621621621,73.3108108108108
E00146013,332,48,9,39,284,20,264,14.457831325301203,2.710843373493976,11.74698795180723,85.54216867469879,6.024096385542169,79.51807228915662
E00146014,325,40,17,23,285,27,258,12.307692307692308,5.230769230769231,7.076923076923077,87.6923076923077,8.307692307692308,79.38461538461539
E00146015,277,33,6,27,244,26,218,11.913357400722022,2.166064981949458,9.747292418772563,88.08664259927798,9.386281588447654,78.70036101083032
E00146016,327,31,12,19,296,37,259,9.480122324159021,3.669724770642202,5.81039755351682,90.51987767584097,11.314984709480122,79.20489296636084
E00146017,386,51,13,38,335,39,296,13.21243523316062,3.3678756476683938,9.844559585492227,86.78756476683938,10.103626943005182,76.68393782383419
E00146018,268,34,7,27,234,30,204,12.686567164179104,2.6119402985074625,10.074626865671641,87.31343283582089,11.194029850746269,76.11940298507463
E00146019,335,41,12,29,294,31,263,12.238805970149254,3.582089552238806,8.656716417910449,87.76119402985074,9.253731343283581,78.50746268656717
E00146020,303,38,7,31,265,28,237,12.541254125412541,2.31023102310231,10.231023102310232,87.45874587458746,9.24092409240924,78.21782178217822
E00146021,252,45,17,28,207,16,191,17.857142857142858,6.746031746031746,11.11111111111111,82.14285714285714,6.349206349206349,75.79365079365078
E00146022,282,23,4,19,259,34,225,8.156028368794328,1.4184397163120568,6.73758865248227,91.84397163120568,12.056737588652481,79.7872340425532
E00146023,264,24,6,18,240,22,218,9.090909090909092,2.272727272727273,6.8181818181818175,90.9090909090909,8.333333333333332,82.57575757575758
E00146024,245,38,15,23,207,20,187,15.510204081632653,6.122448979591836,9.387755102040817,84.48979591836735,8.16326530612245,76.32653061224491
E00146025,235,23,6,17,212,22,190,9.787234042553191,2.553191489361702,7.234042553191489,90.2127659574468,9.361702127659575,80.85106382978722
E00146026,191,34,9,25,157,17,140,17.801047120418847,4.712041884816754,13.089005235602095,82.19895287958116,8.900523560209423,73.29842931937172
E00146027,356,60,21,39,296,18,278,16.853932584269664,5.8988764044943816,10.955056179775282,83.14606741573034,5.056179775280898,78.08988764044943
E00146028,206,50,14,36,156,11,145,24.271844660194176,6.796116504854369,17.475728155339805,75.72815533980582,5.339805825242718,70.3883495145631
E00146029,295,42,14,28,253,26,227,14.237288135593221,4.745762711864407,9.491525423728813,85.76271186440678,8.813559322033898,76.94915254237287
E00146030,283,59,26,33,224,22,202,20.848056537102476,9.187279151943462,11.66077738515901,79.15194346289752,7.773851590106007,71.37809187279152
E00146031,381,112,69,43,269,19,250,29.396325459317584,18.11023622047244,11.286089238845145,70.60367454068242,4.986876640419948,65.61679790026247
E00146032,319,50,16,34,269,26,243,15.673981191222571,5.015673981191222,10.658307210031348,84.32601880877742,8.150470219435736,76.17554858934169
E00146033,331,42,11,31,289,23,266,12.688821752265861,3.3232628398791544,9.365558912386707,87.31117824773413,6.948640483383686,80.36253776435045
E00146034,321,39,11,28,282,29,253,12.149532710280374,3.4267912772585665,8.722741433021806,87.85046728971963,9.034267912772584,78.81619937694704
E00146035,345,58,19,39,287,38,249,16.81159420289855,5.507246376811594,11.304347826086957,83.18840579710145,11.014492753623188,72.17391304347827
E00146036,318,52,19,33,266,24,242,16.352201257861633,5.9748427672955975,10.377358490566039,83.64779874213836,7.547169811320755,76.10062893081762
E00146037,446,51,18,33,395,34,361,11.434977578475337,4.0358744394618835,7.399103139013453,88.56502242152466,7.623318385650224,80.94170403587444
E00146038,478,101,42,59,377,37,340,21.12970711297071,8.786610878661087,12.343096234309623,78.8702928870293,7.740585774058577,71.1297071129707
E00146040,314,54,9,45,260,31,229,17.197452229299362,2.8662420382165608,14.331210191082802,82.80254777070064,9.872611464968154,72.92993630573248
E00146043,298,37,12,25,261,24,237,12.416107382550337,4.026845637583892,8.389261744966444,87.58389261744966,8.053691275167784,79.53020134228188
E00146044,287,57,26,31,230,15,215,19.860627177700348,9.059233449477352,10.801393728222997,80.13937282229965,5.2264808362369335,74.91289198606272
E00146045,504,92,34,58,412,50,362,18.253968253968253,6.746031746031746,11.507936507936508,81.74603174603175,9.920634920634921,71.82539682539682
E00146047,174,44,25,19,130,15,115,25.287356321839084,14.367816091954023,10.919540229885058,74.71264367816092,8.620689655172415,66.0919540229885
E00146048,225,44,14,30,181,12,169,19.555555555555557,6.222222222222222,13.333333333333334,80.44444444444444,5.333333333333334,75.1111111111111
E00146049,293,41,17,24,252,31,221,13.993174061433447,5.802047781569966,8.19112627986348,86.00682593856655,10.580204778156997,75.42662116040955
E00146050,229,29,11,18,200,18,182,12.663755458515283,4.8034934497816595,7.860262008733625,87.33624454148472,7.860262008733625,79.47598253275109
E00146051,226,29,9,20,197,27,170,12.831858407079647,3.982300884955752,8.849557522123893,87.16814159292035,11.946902654867257,75.22123893805309
E00146052,325,48,17,31,277,27,250,14.76923076923077,5.230769230769231,9.538461538461538,85.23076923076923,8.307692307692308,76.92307692307693
E00146053,317,55,19,36,262,32,230,17.350157728706623,5.993690851735016,11.35646687697161,82.64984227129337,10.094637223974763,72.55520504731862
E00146054,236,32,11,21,204,21,183,13.559322033898304,4.661016949152542,8.898305084745763,86.4406779661017,8.898305084745763,77.54237288135593
E00146055,362,56,20,36,306,26,280,15.469613259668508,5.524861878453039,9.94475138121547,84.5303867403315,7.18232044198895,77.34806629834254
E00146056,360,38,11,27,322,37,285,10.555555555555555,3.0555555555555554,7.5,89.44444444444444,10.277777777777777,79.16666666666666
E00146057,323,51,14,37,272,26,246,15.789473684210526,4.3343653250774,11.455108359133128,84.21052631578947,8.04953560371517,76.16099071207431
E00146058,348,66,31,35,282,19,263,18.96551724137931,8.908045977011495,10.057471264367816,81.03448275862068,5.459770114942529,75.57471264367817
E00146059,406,79,27,52,327,46,281,19.458128078817737,6.65024630541872,12.807881773399016,80.54187192118226,11.330049261083744,69.21182266009852
E00146060,373,72,25,47,301,25,276,19.302949061662197,6.702412868632708,12.600536193029491,80.6970509383378,6.702412868632708,73.9946380697051
E00146061,524,129,75,54,395,42,353,24.61832061068702,14.31297709923664,10.305343511450381,75.38167938931298,8.015267175572518,67.36641221374046
E00146062,389,57,27,30,332,35,297,14.652956298200515,6.940874035989718,7.712082262210797,85.34704370179949,8.997429305912597,76.34961439588689
E00146063,325,49,12,37,276,29,247,15.076923076923077,3.6923076923076925,11.384615384615385,84.92307692307692,8.923076923076923,76
E00146064,281,51,22,29,230,14,216,18.14946619217082,7.829181494661921,10.320284697508896,81.85053380782918,4.98220640569395,76.86832740213522
E00146065,207,21,6,15,186,20,166,10.144927536231885,2.898550724637681,7.246376811594203,89.85507246376811,9.66183574879227,80.19323671497585
E00146066,149,14,2,12,135,19,116,9.395973154362416,1.342281879194631,8.053691275167784,90.60402684563759,12.751677852348994,77.85234899328859
E00146067,326,41,17,24,285,15,270,12.576687116564417,5.214723926380368,7.361963190184049,87.42331288343557,4.601226993865031,82.82208588957054
E00146068,367,52,15,37,315,35,280,14.168937329700274,4.087193460490464,10.08174386920981,85.83106267029973,9.536784741144414,76.29427792915531
E00146069,402,58,23,35,344,26,318,14.427860696517413,5.721393034825871,8.706467661691542,85.57213930348259,6.467661691542288,79.1044776119403
E00146070,375,32,7,25,343,35,308,8.533333333333333,1.866666666666667,6.666666666666667,91.46666666666667,9.333333333333334,82.13333333333334
E00146071,326,28,6,22,298,20,278,8.588957055214724,1.8404907975460123,6.748466257668712,91.41104294478528,6.134969325153374,85.2760736196319
E00146072,195,28,9,19,167,13,154,14.358974358974358,4.615384615384616,9.7435897435897445,85.64102564102564,6.666666666666667,78.97435897435898
E00146073,212,23,7,16,189,18,171,10.849056603773585,3.30188679245283,7.547169811320755,89.15094339622641,8.49056603773585,80.66037735849056
E00146074,261,39,16,23,222,26,196,14.942528735632186,6.130268199233716,8.812260536398467,85.0574712643678,9.961685823754788,75.09578544061303
E00146075,442,74,47,27,368,38,330,16.7420814479638,10.633484162895927,6.108597285067873,83.2579185520362,8.597285067873303,74.6606334841629
E00146076,258,19,4,15,239,26,213,7.3643410852713185,1.550387596899225,5.813953488372093,92.63565891472868,10.077519379844961,82.55813953488372
E00146077,295,61,27,34,234,27,207,20.677966101694913,9.152542372881356,11.525423728813559,79.3220338983051,9.152542372881356,70.16949152542374
E00146078,293,39,13,26,254,29,225,13.310580204778159,4.436860068259386,8.873720136518772,86.68941979522185,9.897610921501707,76.79180887372013
E00146079,435,68,26,42,367,42,325,15.632183908045977,5.977011494252873,9.655172413793103,84.36781609195401,9.655172413793103,74.71264367816092
E00146080,269,48,15,33,221,23,198,17.843866171003718,5.5762081784386615,12.267657992565056,82.15613382899627,8.550185873605948,73.60594795539033
E00146081,335,50,19,31,285,41,244,14.925373134328357,5.6716417910447765,9.253731343283581,85.07462686567165,12.238805970149254,72.83582089552239
E00146082,366,37,12,25,329,38,291,10.10928961748634,3.278688524590164,6.830601092896176,89.89071038251366,10.382513661202186,79.50819672131148
E00146083,407,46,10,36,361,34,327,11.302211302211303,2.457002457002457,8.845208845208845,88.6977886977887,8.353808353808354,80.34398034398035
E00146084,294,51,29,22,243,34,209,17.346938775510203,9.863945578231291,7.482993197278912,82.6530612244898,11.564625850340136,71.08843537414967
E00146085,382,59,25,34,323,32,291,15.44502617801047,6.544502617801047,8.900523560209423,84.55497382198953,8.37696335078534,76.17801047120419
E00146086,387,52,20,32,335,32,303,13.436692506459949,5.167958656330749,8.2687338501292,86.56330749354005,8.2687338501292,78.29457364341084
E00146087,264,42,20,22,222,19,203,15.909090909090908,7.575757575757576,8.333333333333332,84.0909090909091,7.196969696969697,76.89393939393939
E00146088,304,80,26,54,224,34,190,26.31578947368421,8.552631578947368,17.763157894736842,73.68421052631578,11.18421052631579,62.5
E00146089,309,42,13,29,267,36,231,13.592233009708737,4.207119741100324,9.385113268608414,86.40776699029125,11.650485436893204,74.75728155339806
E00146090,283,36,10,26,247,29,218,12.7208480565371,3.53356890459364,9.187279151943462,87.27915194346289,10.247349823321555,77.03180212014135
E00146091,348,53,21,32,295,21,274,15.229885057471265,6.0344827586206895,9.195402298850574,84.77011494252874,6.0344827586206895,78.73563218390804
E00146092,258,41,17,24,217,15,202,15.891472868217054,6.5891472868217065,9.30232558139535,84.10852713178295,5.813953488372093,78.29457364341084
E00146093,409,55,20,35,354,30,324,13.447432762836186,4.88997555012225,8.557457212713937,86.55256723716381,7.334963325183375,79.21760391198043
E00146094,290,36,14,22,254,27,227,12.413793103448276,4.827586206896552,7.586206896551724,87.58620689655172,9.310344827586208,78.27586206896552
E00146095,304,58,27,31,246,31,215,19.078947368421055,8.881578947368421,10.197368421052632,80.92105263157895,10.197368421052632,70.72368421052632
E00146096,329,59,18,41,270,14,256,17.933130699088146,5.47112462006079,12.462006079027356,82.06686930091185,4.25531914893617,77.81155015197568
E00146097,362,51,26,25,311,26,285,14.088397790055248,7.18232044198895,6.906077348066299,85.91160220994475,7.18232044198895,78.72928176795581
E00146098,183,26,12,14,157,21,136,14.207650273224044,6.557377049180328,7.650273224043716,85.79234972677595,11.475409836065573,74.31693989071039
E00146099,305,49,14,35,256,37,219,16.065573770491802,4.590163934426229,11.475409836065573,83.93442622950819,12.131147540983607,71.80327868852459
E00146100,342,43,11,32,299,31,268,12.573099415204677,3.216374269005848,9.35672514619883,87.42690058479532,9.064327485380117,78.3625730994152
E00146101,278,26,8,18,252,33,219,9.352517985611511,2.877697841726619,6.474820143884892,90.64748201438849,11.870503597122301,78.77697841726618
E00146102,346,38,6,32,308,44,264,10.982658959537572,1.7341040462427744,9.248554913294797,89.01734104046243,12.716763005780345,76.30057803468208
E00146103,345,41,12,29,304,29,275,11.884057971014492,3.4782608695652173,8.405797101449275,88.1159420289855,8.405797101449275,79.71014492753623
E00146104,273,48,14,34,225,26,199,17.582417582417584,5.128205128205128,12.454212454212454,82.41758241758241,9.523809523809524,72.89377289377289
E00146105,278,60,20,40,218,22,196,21.58273381294964,7.1942446043165464,14.388489208633093,78.41726618705036,7.913669064748201,70.50359712230215
E00146106,336,49,14,35,287,27,260,14.583333333333334,4.166666666666666,10.416666666666668,85.41666666666666,8.035714285714286,77.38095238095238
E00146107,422,43,6,37,379,32,347,10.189573459715639,1.4218009478672986,8.767772511848342,89.81042654028435,7.5829383886255926,82.22748815165876
E00173179,608,99,31,68,509,33,476,16.282894736842106,5.098684210526316,11.18421052631579,83.7171052631579,5.427631578947369,78.28947368421053
E00173180,281,50,31,19,231,18,213,17.793594306049823,11.032028469750891,6.761565836298933,82.20640569395017,6.405693950177936,75.80071174377224
E00173182,466,92,42,50,374,39,335,19.742489270386265,9.012875536480687,10.72961373390558,80.25751072961373,8.369098712446352,71.88841201716738
E00173183,198,20,5,15,178,12,166,10.1010101010101,2.525252525252525,7.575757575757576,89.8989898989899,6.0606060606060606,83.83838383838383
E00173184,341,35,8,27,306,35,271,10.263929618768328,2.346041055718475,7.9178885630498534,89.73607038123167,10.263929618768328,79.47214076246334
E00173185,609,22,6,16,587,27,560,3.6124794745484397,0.9852216748768473,2.6272577996715927,96.38752052545156,4.433497536945813,91.95402298850574
E00173187,343,67,39,28,276,26,250,19.533527696793,11.370262390670554,8.16326530612245,80.466472303207,7.580174927113703,72.8862973760933
E00173188,350,73,28,45,277,27,250,20.857142857142858,8,12.857142857142856,79.14285714285715,7.7142857142857135,71.42857142857143
E00173189,363,47,12,35,316,24,292,12.947658402203857,3.3057851239669422,9.641873278236915,87.05234159779614,6.6115702479338845,80.44077134986226
E00185848,368,36,8,28,332,29,303,9.782608695652174,2.1739130434782608,7.608695652173914,90.21739130434783,7.880434782608696,82.33695652173914
E00185849,624,55,18,37,569,49,520,8.814102564102564,2.8846153846153846,5.929487179487179,91.18589743589743,7.852564102564102,83.33333333333334
E00185867,425,48,17,31,377,44,333,11.294117647058824,4,7.294117647058823,88.70588235294117,10.352941176470589,78.3529411764706
E00185868,607,65,22,43,542,37,505,10.70840197693575,3.6243822075782535,7.0840197693574956,89.29159802306425,6.095551894563426,83.19604612850083
E00185878,243,25,4,21,218,18,200,10.2880658436214,1.646090534979424,8.641975308641975,89.7119341563786,7.4074074074074066,82.3045267489712
E00185884,387,36,5,31,351,24,327,9.30232558139535,1.2919896640826873,8.010335917312661,90.69767441860465,6.2015503875969,84.49612403100775
E00185887,325,49,17,32,276,28,248,15.076923076923077,5.230769230769231,9.846153846153847,84.92307692307692,8.615384615384615,76.3076923076923
E00185892,346,46,18,28,300,23,277,13.294797687861271,5.202312138728324,8.092485549132949,86.70520231213872,6.6473988439306355,80.05780346820809
E00185899,409,28,9,19,381,32,349,6.845965770171149,2.2004889975550124,4.645476772616137,93.15403422982885,7.823960880195599,85.33007334963325
E00185902,322,31,7,24,291,28,263,9.627329192546584,2.1739130434782608,7.453416149068323,90.37267080745342,8.695652173913043,81.67701863354037
E00185908,121,18,8,10,103,11,92,14.87603305785124,6.6115702479338845,8.264462809917356,85.12396694214877,9.090909090909092,76.03305785123968
E00185912,131,3,2,1,128,3,125,2.2900763358778624,1.5267175572519083,0.7633587786259541,97.70992366412213,2.2900763358778624,95.41984732824427
E00185919,623,47,8,39,576,49,527,7.54414125200642,1.2841091492776886,6.260032102728733,92.45585874799357,7.865168539325842,84.59069020866774
E00185925,100,5,1,4,95,1,94,5,1,4,95,1,94
E00185929,348,51,21,30,297,24,273,14.655172413793101,6.0344827586206895,8.620689655172415,85.34482758620689,6.896551724137931,78.44827586206897
E00185936,263,34,9,25,229,14,215,12.927756653992395,3.4220532319391634,9.505703422053232,87.07224334600761,5.323193916349809,81.74904942965779
E00185939,434,42,9,33,392,33,359,9.67741935483871,2.0737327188940093,7.603686635944701,90.32258064516128,7.603686635944701,82.7188940092166
E00185947,433,40,12,28,393,43,350,9.237875288683602,2.771362586605081,6.466512702078522,90.76212471131639,9.930715935334874,80.83140877598153
E00185953,359,22,7,15,337,19,318,6.128133704735376,1.9498607242339834,4.178272980501393,93.87186629526462,5.2924791086350975,88.57938718662952
E00185962,412,54,23,31,358,36,322,13.106796116504855,5.582524271844661,7.524271844660194,86.89320388349515,8.737864077669903,78.15533980582524
E00185964,159,21,4,17,138,15,123,13.20754716981132,2.515723270440252,10.69182389937107,86.79245283018868,9.433962264150944,77.35849056603774
E00185967,612,73,28,45,539,48,491,11.928104575163399,4.57516339869281,7.352941176470589,88.0718954248366,7.8431372549019605,80.22875816993465
E00185970,322,24,5,19,298,28,270,7.453416149068323,1.5527950310559007,5.900621118012422,92.54658385093167,8.695652173913043,83.85093167701864
E00185974,388,40,20,20,348,34,314,10.309278350515463,5.154639175257731,5.154639175257731,89.69072164948454,8.762886597938143,80.9278350515464
E00185975,308,19,2,17,289,27,262,6.1688311688311686,0.6493506493506493,5.51948051948052,93.83116883116884,8.766233766233766,85.06493506493507
E00185984,382,35,10,25,347,30,317,9.162303664921465,2.6178010471204187,6.544502617801047,90.83769633507853,7.853403141361256,82.98429319371728
E00185988,556,42,13,29,514,34,480,7.553956834532374,2.338129496402878,5.215827338129497,92.44604316546763,6.115107913669065,86.33093525179856
E00185997,280,24,4,20,256,24,232,8.571428571428571,1.4285714285714286,7.142857142857142,91.42857142857143,8.571428571428571,82.85714285714286
E00186000,279,22,5,17,257,22,235,7.885304659498208,1.7921146953405016,6.093189964157706,92.1146953405018,7.885304659498208,84.22939068100358
E00186002,518,67,21,46,451,31,420,12.934362934362934,4.054054054054054,8.880308880308881,87.06563706563706,5.984555984555985,81.08108108108108
E00186006,441,51,20,31,390,40,350,11.564625850340136,4.535147392290249,7.029478458049887,88.43537414965986,9.070294784580499,79.36507936507937
E00186017,339,33,8,25,306,17,289,9.734513274336283,2.359882005899705,7.374631268436578,90.2654867256637,5.014749262536873,85.25073746312685
E00186022,99,17,9,8,82,11,71,17.17171717171717,9.090909090909092,8.080808080808081,82.82828282828282,11.11111111111111,71.71717171717171
E00186023,602,83,33,50,519,36,483,13.78737541528239,5.48172757475083,8.305647840531561,86.21262458471762,5.980066445182724,80.23255813953489
E00186025,598,44,11,33,554,37,517,7.357859531772576,1.839464882943144,5.518394648829431,92.64214046822742,6.187290969899665,86.45484949832776
E00186029,256,29,6,23,227,18,209,11.328125,2.34375,8.984375,88.671875,7.03125,81.640625
E00186039,307,24,7,17,283,20,263,7.81758957654723,2.2801302931596092,5.537459283387622,92.18241042345277,6.514657980456026,85.66775244299674
E00186040,359,33,9,24,326,17,309,9.192200557103064,2.5069637883008355,6.685236768802229,90.80779944289694,4.735376044568245,86.0724233983287
E00186045,375,25,1,24,350,26,324,6.666666666666667,0.26666666666666666,6.4,93.33333333333333,6.933333333333333,86.4
E00186047,314,56,22,34,258,28,230,17.8343949044586,7.006369426751593,10.828025477707007,82.16560509554141,8.9171974522293,73.24840764331209
E00186049,564,92,17,75,472,51,421,16.312056737588655,3.0141843971631204,13.297872340425531,83.68794326241135,9.042553191489363,74.64539007092199
E00186051,123,11,4,7,112,6,106,8.94308943089431,3.2520325203252036,5.691056910569105,91.05691056910568,4.878048780487805,86.1788617886179
E00186056,192,11,0,11,181,9,172,5.729166666666666,0,5.729166666666666,94.27083333333334,4.6875,89.58333333333334
E00186066,275,27,8,19,248,25,223,9.818181818181818,2.909090909090909,6.909090909090909,90.18181818181819,9.090909090909092,81.0909090909091
E00186067,257,33,15,18,224,14,210,12.840466926070038,5.836575875486381,7.003891050583658,87.15953307392996,5.447470817120623,81.71206225680933
E00186073,321,60,22,38,261,34,227,18.69158878504673,6.853582554517133,11.838006230529595,81.30841121495327,10.59190031152648,70.7165109034268
E00186074,215,46,23,23,169,16,153,21.3953488372093,10.69767441860465,10.69767441860465,78.6046511627907,7.441860465116279,71.16279069767441
E00186076,278,47,17,30,231,26,205,16.906474820143885,6.115107913669065,10.79136690647482,83.09352517985612,9.352517985611511,73.7410071942446
E00186078,150,6,1,5,144,7,137,4,0.6666666666666667,3.3333333333333335,96,4.666666666666667,91.33333333333333
E00186084,263,35,13,22,228,27,201,13.307984790874524,4.942965779467681,8.365019011406844,86.69201520912547,10.26615969581749,76.42585551330798
