OA,ts0590001,ts0590002,ts0590003,ts0590004,ts0590005,ts0590006,ts0590007,ts0590002_PCT,ts0590003_PCT,ts0590004_PCT,ts0590005_PCT,ts0590006_PCT,ts0590007_PCT
E00145678,139,50,23,27,89,66,23,35.97122302158273,16.546762589928058,19.424460431654676,64.02877697841727,47.482014388489205,16.546762589928058
E00145679,148,38,18,20,110,82,28,25.675675675675674,12.162162162162163,13.513513513513514,74.32432432432432,55.4054054054054,18.91891891891892
E00145680,125,32,9,23,93,74,19,25.6,7.199999999999999,18.4,74.4,59.199999999999996,15.2
E00145681,256,89,31,58,167,126,41,34.765625,12.109375,22.65625,65.234375,49.21875,16.015625
E00145682,201,54,22,32,147,127,20,26.865671641791046,10.945273631840797,15.92039800995025,73.13432835820896,63.18407960199005,9.950248756218906
E00145683,250,68,25,43,182,148,34,27.200000000000003,10,17.2,72.8,59.199999999999996,13.600000000000001
E00145684,246,75,38,37,171,122,49,30.48780487804878,15.447154471544716,15.040650406504067,69.51219512195121,49.59349593495935,19.91869918699187
E00145685,124,38,13,25,86,68,18,30.64516129032258,10.483870967741936,20.161290322580644,69.35483870967742,54.83870967741935,14.516129032258066
E00145686,174,25,10,15,149,134,15,14.367816091954023,5.747126436781609,8.620689655172415,85.63218390804597,77.01149425287356,8.620689655172415
E00145687,175,56,23,33,119,90,29,32,13.142857142857142,18.857142857142858,68,51.42857142857142,16.57142857142857
E00145688,122,31,11,20,91,69,22,25.40983606557377,9.01639344262295,16.39344262295082,74.59016393442623,56.557377049180324,18.0327868852459
E00145689,135,50,15,35,85,65,20,37.03703703703704,11.11111111111111,25.925925925925924,62.96296296296296,48.148148148148145,14.814814814814813
E00145690,173,58,24,34,115,98,17,33.52601156069364,13.872832369942195,19.653179190751445,66.47398843930635,56.64739884393064,9.826589595375722
E00145691,130,37,12,25,93,73,20,28.46153846153846,9.230769230769232,19.230769230769234,71.53846153846153,56.15384615384615,15.384615384615385
E00145693,156,25,4,21,131,117,14,16.025641025641026,2.564102564102564,13.461538461538462,83.97435897435898,75,8.974358974358974
E00145694,107,40,15,25,67,56,11,37.38317757009346,14.018691588785046,23.364485981308412,62.616822429906534,52.336448598130836,10.2803738317757
E00145696,170,55,15,40,115,97,18,32.35294117647059,8.823529411764707,23.52941176470588,67.64705882352942,57.05882352941176,10.588235294117647
E00145697,135,32,9,23,103,82,21,23.703703703703706,6.666666666666667,17.037037037037038,76.29629629629629,60.74074074074074,15.555555555555555
E00145698,157,53,30,23,104,68,36,33.75796178343949,19.10828025477707,14.64968152866242,66.2420382165605,43.31210191082803,22.929936305732486
E00145699,117,39,11,28,78,60,18,33.33333333333333,9.401709401709402,23.931623931623932,66.66666666666666,51.28205128205128,15.384615384615385
E00145700,110,39,19,20,71,53,18,35.45454545454545,17.272727272727273,18.181818181818183,64.54545454545455,48.18181818181818,16.363636363636363
E00145701,188,53,12,41,135,107,28,28.191489361702125,6.382978723404255,21.808510638297875,71.80851063829788,56.91489361702128,14.893617021276595
E00145702,227,43,8,35,184,148,36,18.94273127753304,3.524229074889868,15.418502202643172,81.05726872246696,65.19823788546255,15.859030837004406
E00145703,194,59,12,47,135,104,31,30.412371134020617,6.185567010309279,24.22680412371134,69.58762886597938,53.608247422680414,15.979381443298967
E00145704,226,53,17,36,173,152,21,23.451327433628318,7.52212389380531,15.929203539823009,76.54867256637168,67.2566371681416,9.29203539823009
E00145705,174,47,8,39,127,112,15,27.011494252873565,4.597701149425287,22.413793103448278,72.98850574712644,64.36781609195403,8.620689655172415
E00145706,162,48,19,29,114,100,14,29.629629629629626,11.728395061728394,17.901234567901234,70.37037037037037,61.72839506172839,8.641975308641975
E00145707,101,29,7,22,72,61,11,28.71287128712871,6.9306930693069315,21.782178217821784,71.28712871287128,60.396039603960396,10.891089108910892
E00145708,181,31,10,21,150,130,20,17.12707182320442,5.524861878453039,11.602209944751381,82.87292817679558,71.8232044198895,11.049723756906078
E00145709,148,42,10,32,106,100,6,28.37837837837838,6.756756756756757,21.62162162162162,71.62162162162163,67.56756756756756,4.054054054054054
E00145710,185,55,11,44,130,110,20,29.72972972972973,5.9459459459459465,23.783783783783786,70.27027027027027,59.45945945945946,10.81081081081081
E00145711,68,27,12,15,41,32,9,39.705882352941174,17.647058823529413,22.058823529411764,60.29411764705882,47.05882352941176,13.23529411764706
E00145712,125,46,15,31,79,66,13,36.8,12,24.8,63.2,52.800000000000004,10.4
E00145713,113,49,20,29,64,46,18,43.36283185840708,17.699115044247787,25.663716814159294,56.63716814159292,40.707964601769916,15.929203539823009
E00145714,114,37,14,23,77,59,18,32.45614035087719,12.280701754385964,20.175438596491226,67.54385964912281,51.75438596491229,15.789473684210526
E00145717,214,48,17,31,166,133,33,22.429906542056074,7.943925233644859,14.485981308411214,77.57009345794393,62.149532710280376,15.42056074766355
E00145718,79,21,7,14,58,44,14,26.582278481012654,8.860759493670885,17.72151898734177,73.41772151898735,55.69620253164557,17.72151898734177
E00145719,267,69,34,35,198,152,46,25.842696629213485,12.734082397003746,13.108614232209737,74.15730337078652,56.92883895131086,17.228464419475657
E00145720,134,41,18,23,93,73,20,30.597014925373134,13.432835820895523,17.16417910447761,69.40298507462687,54.47761194029851,14.925373134328357
E00145721,152,56,30,26,96,76,20,36.84210526315789,19.736842105263158,17.105263157894736,63.1578947368421,50,13.157894736842104
E00145722,160,50,22,28,110,91,19,31.25,13.750000000000002,17.5,68.75,56.875,11.875
E00145723,156,54,23,31,102,72,30,34.61538461538461,14.743589743589745,19.871794871794872,65.38461538461539,46.15384615384615,19.230769230769234
E00145724,156,49,17,32,107,86,21,31.41025641025641,10.897435897435898,20.51282051282051,68.58974358974359,55.12820512820513,13.461538461538462
E00145725,106,43,15,28,63,51,12,40.56603773584906,14.150943396226415,26.41509433962264,59.43396226415094,48.113207547169814,11.320754716981133
E00145727,162,50,20,30,112,84,28,30.864197530864196,12.345679012345679,18.51851851851852,69.1358024691358,51.85185185185185,17.28395061728395
E00145729,79,22,3,19,57,40,17,27.848101265822784,3.79746835443038,24.050632911392405,72.15189873417721,50.63291139240506,21.518987341772153
E00145730,171,59,29,30,112,85,27,34.50292397660819,16.95906432748538,17.543859649122805,65.49707602339181,49.707602339181285,15.789473684210526
E00145731,152,46,11,35,106,95,11,30.263157894736842,7.236842105263158,23.026315789473685,69.73684210526315,62.5,7.236842105263158
E00145732,118,33,13,20,85,72,13,27.966101694915253,11.016949152542372,16.94915254237288,72.03389830508475,61.016949152542374,11.016949152542372
E00145733,150,35,10,25,115,91,24,23.333333333333332,6.666666666666667,16.666666666666664,76.66666666666667,60.66666666666667,16
E00145734,227,70,22,48,157,136,21,30.837004405286343,9.691629955947137,21.145374449339208,69.16299559471366,59.91189427312775,9.251101321585903
E00145735,189,51,15,36,138,110,28,26.984126984126984,7.936507936507936,19.047619047619047,73.01587301587301,58.201058201058196,14.814814814814813
E00145736,139,44,20,24,95,81,14,31.654676258992804,14.388489208633093,17.26618705035971,68.34532374100719,58.27338129496403,10.071942446043165
E00145737,133,38,17,21,95,82,13,28.57142857142857,12.781954887218044,15.789473684210526,71.42857142857143,61.65413533834586,9.774436090225564
E00145738,148,43,15,28,105,98,7,29.054054054054053,10.135135135135135,18.91891891891892,70.94594594594594,66.21621621621621,4.72972972972973
E00145739,130,31,11,20,99,87,12,23.846153846153847,8.461538461538462,15.384615384615385,76.15384615384615,66.92307692307692,9.230769230769232
E00145740,163,56,22,34,107,78,29,34.355828220858896,13.496932515337424,20.858895705521473,65.6441717791411,47.85276073619632,17.791411042944784
E00145741,202,60,14,46,142,125,17,29.7029702970297,6.9306930693069315,22.772277227722775,70.29702970297029,61.88118811881188,8.415841584158416
E00145742,160,55,21,34,105,79,26,34.375,13.125,21.25,65.625,49.375,16.25
E00145743,133,49,21,28,84,61,23,36.84210526315789,15.789473684210526,21.052631578947366,63.1578947368421,45.86466165413533,17.293233082706767
E00145744,128,42,16,26,86,56,30,32.8125,12.5,20.3125,67.1875,43.75,23.4375
E00145745,177,67,32,35,110,71,39,37.85310734463277,18.07909604519774,19.774011299435028,62.14689265536724,40.11299435028249,22.033898305084744
E00145746,116,35,15,20,81,63,18,30.17241379310345,12.931034482758621,17.24137931034483,69.82758620689656,54.310344827586206,15.517241379310345
E00145747,188,67,31,36,121,84,37,35.638297872340424,16.48936170212766,19.148936170212767,64.36170212765957,44.680851063829785,19.680851063829788
E00145748,130,45,17,28,85,67,18,34.61538461538461,13.076923076923078,21.53846153846154,65.38461538461539,51.53846153846153,13.846153846153847
E00145749,162,50,27,23,112,81,31,30.864197530864196,16.666666666666664,14.19753086419753,69.1358024691358,50,19.1358024691358
E00145750,161,58,21,37,103,83,20,36.024844720496894,13.043478260869565,22.981366459627328,63.975155279503106,51.5527950310559,12.422360248447205
E00145751,339,97,36,61,242,188,54,28.613569321533923,10.619469026548673,17.99410029498525,71.38643067846607,55.45722713864307,15.929203539823009
E00145752,249,66,21,45,183,163,20,26.506024096385545,8.433734939759036,18.072289156626507,73.49397590361446,65.46184738955823,8.032128514056225
E00145753,195,53,11,42,142,125,17,27.17948717948718,5.641025641025641,21.53846153846154,72.82051282051282,64.1025641025641,8.717948717948717
E00145755,182,45,17,28,137,104,33,24.725274725274726,9.340659340659341,15.384615384615385,75.27472527472527,57.14285714285714,18.13186813186813
E00145756,214,60,23,37,154,119,35,28.037383177570092,10.74766355140187,17.289719626168225,71.96261682242991,55.60747663551402,16.355140186915886
E00145757,113,39,21,18,74,63,11,34.51327433628318,18.58407079646018,15.929203539823009,65.48672566371681,55.75221238938053,9.734513274336283
E00145759,168,45,16,29,123,94,29,26.785714285714285,9.523809523809524,17.261904761904763,73.21428571428571,55.952380952380956,17.261904761904763
E00145760,189,58,27,31,131,106,25,30.687830687830687,14.285714285714285,16.402116402116402,69.31216931216932,56.08465608465608,13.227513227513226
E00145761,116,41,17,24,75,62,13,35.3448275862069,14.655172413793101,20.689655172413794,64.65517241379311,53.44827586206896,11.206896551724139
E00145762,218,63,24,39,155,134,21,28.899082568807337,11.009174311926607,17.889908256880734,71.10091743119266,61.46788990825688,9.63302752293578
E00145763,181,69,29,40,112,101,11,38.12154696132597,16.022099447513813,22.099447513812155,61.87845303867403,55.80110497237569,6.077348066298343
E00145764,202,62,23,39,140,113,27,30.693069306930692,11.386138613861387,19.306930693069308,69.3069306930693,55.940594059405946,13.366336633663368
E00145765,207,52,21,31,155,142,13,25.120772946859905,10.144927536231885,14.975845410628018,74.8792270531401,68.59903381642512,6.280193236714976
E00145766,166,51,18,33,115,81,34,30.72289156626506,10.843373493975903,19.879518072289155,69.27710843373494,48.795180722891565,20.481927710843372
E00145767,203,57,15,42,146,129,17,28.078817733990146,7.389162561576355,20.689655172413794,71.92118226600985,63.54679802955665,8.374384236453201
E00145768,184,53,22,31,131,109,22,28.804347826086957,11.956521739130435,16.847826086956523,71.19565217391305,59.2391304347826,11.956521739130435
E00145769,139,48,24,24,91,78,13,34.53237410071942,17.26618705035971,17.26618705035971,65.46762589928058,56.11510791366906,9.352517985611511
E00145770,127,44,11,33,83,66,17,34.645669291338585,8.661417322834646,25.984251968503933,65.35433070866141,51.96850393700787,13.385826771653544
E00145771,226,58,18,40,168,136,32,25.663716814159294,7.964601769911504,17.699115044247787,74.33628318584071,60.17699115044248,14.15929203539823
E00145772,124,40,10,30,84,67,17,32.25806451612903,8.064516129032258,24.193548387096776,67.74193548387096,54.03225806451613,13.709677419354838
E00145774,282,89,32,57,193,148,45,31.560283687943265,11.347517730496454,20.212765957446805,68.43971631205675,52.4822695035461,15.957446808510639
E00145775,225,72,26,46,153,119,34,32,11.555555555555555,20.444444444444446,68,52.888888888888886,15.11111111111111
E00145776,146,40,20,20,106,99,7,27.397260273972602,13.698630136986301,13.698630136986301,72.6027397260274,67.8082191780822,4.794520547945205
E00145777,155,36,16,20,119,100,19,23.225806451612904,10.32258064516129,12.903225806451612,76.77419354838709,64.51612903225806,12.258064516129032
E00145778,129,42,20,22,87,66,21,32.55813953488372,15.503875968992247,17.05426356589147,67.44186046511628,51.162790697674424,16.27906976744186
E00145779,166,47,16,31,119,86,33,28.313253012048197,9.63855421686747,18.67469879518072,71.6867469879518,51.80722891566265,19.879518072289155
E00145780,135,39,18,21,96,72,24,28.888888888888886,13.333333333333334,15.555555555555555,71.11111111111111,53.333333333333336,17.77777777777778
E00145781,175,58,23,35,117,98,19,33.14285714285714,13.142857142857142,20,66.85714285714286,56.00000000000001,10.857142857142858
E00145783,92,30,10,20,62,46,16,32.608695652173914,10.869565217391305,21.73913043478261,67.3913043478261,50,17.391304347826086
E00145784,131,41,10,31,90,69,21,31.297709923664126,7.633587786259542,23.66412213740458,68.70229007633588,52.67175572519084,16.030534351145036
E00145785,202,60,23,37,142,99,43,29.7029702970297,11.386138613861387,18.316831683168317,70.29702970297029,49.00990099009901,21.287128712871286
E00145786,164,56,22,34,108,88,20,34.146341463414636,13.414634146341465,20.73170731707317,65.85365853658537,53.65853658536586,12.195121951219512
E00145787,229,72,24,48,157,127,30,31.4410480349345,10.480349344978166,20.96069868995633,68.5589519650655,55.45851528384279,13.100436681222707
E00145788,129,49,13,36,80,63,17,37.98449612403101,10.077519379844961,27.906976744186046,62.01550387596899,48.837209302325576,13.178294573643413
E00145789,161,46,19,27,115,95,20,28.57142857142857,11.801242236024844,16.77018633540373,71.42857142857143,59.006211180124225,12.422360248447205
E00145790,170,67,33,34,103,83,20,39.411764705882355,19.411764705882355,20,60.588235294117645,48.8235294117647,11.76470588235294
E00145794,160,39,13,26,121,104,17,24.375,8.125,16.25,75.625,65,10.625
E00145795,182,52,21,31,130,117,13,28.57142857142857,11.538461538461538,17.032967032967033,71.42857142857143,64.28571428571429,7.142857142857142
E00145796,192,42,15,27,150,126,24,21.875,7.8125,14.0625,78.125,65.625,12.5
E00145797,207,56,19,37,151,130,21,27.053140096618357,9.178743961352657,17.874396135265698,72.94685990338165,62.80193236714976,10.144927536231885
E00145798,168,40,13,27,128,105,23,23.809523809523807,7.738095238095238,16.071428571428573,76.19047619047619,62.5,13.690476190476192
E00145799,176,50,20,30,126,107,19,28.40909090909091,11.363636363636363,17.045454545454543,71.5909090909091,60.79545454545454,10.795454545454545
E00145800,197,47,12,35,150,135,15,23.85786802030457,6.091370558375635,17.766497461928935,76.14213197969542,68.52791878172589,7.614213197969544
E00145804,159,33,12,21,126,107,19,20.754716981132077,7.547169811320755,13.20754716981132,79.24528301886792,67.29559748427673,11.949685534591195
E00145805,172,52,21,31,120,100,20,30.23255813953488,12.209302325581394,18.023255813953487,69.76744186046511,58.139534883720934,11.627906976744185
E00145806,146,30,8,22,116,99,17,20.54794520547945,5.47945205479452,15.068493150684931,79.45205479452055,67.8082191780822,11.643835616438356
E00145807,210,51,15,36,159,136,23,24.285714285714285,7.142857142857142,17.142857142857142,75.71428571428571,64.76190476190476,10.952380952380953
E00145808,186,45,21,24,141,126,15,24.193548387096776,11.29032258064516,12.903225806451612,75.80645161290323,67.74193548387096,8.064516129032258
E00145809,188,38,12,26,150,132,18,20.212765957446805,6.382978723404255,13.829787234042554,79.7872340425532,70.2127659574468,9.574468085106384
E00145810,228,54,21,33,174,151,23,23.684210526315788,9.210526315789473,14.473684210526317,76.31578947368422,66.22807017543859,10.087719298245613
E00145811,181,37,10,27,144,128,16,20.441988950276244,5.524861878453039,14.917127071823206,79.55801104972376,70.71823204419888,8.83977900552486
E00145812,316,66,22,44,250,225,25,20.88607594936709,6.962025316455696,13.924050632911392,79.11392405063292,71.20253164556962,7.9113924050632916
E00145813,178,47,21,26,131,112,19,26.40449438202247,11.797752808988763,14.606741573033707,73.59550561797754,62.92134831460674,10.674157303370785
E00145814,200,35,11,24,165,147,18,17.5,5.5,12,82.5,73.5,9
E00145815,383,79,17,62,304,263,41,20.626631853785902,4.43864229765013,16.187989556135772,79.37336814621409,68.66840731070496,10.704960835509137
E00145816,217,39,13,26,178,162,16,17.972350230414747,5.990783410138248,11.981566820276496,82.02764976958525,74.65437788018433,7.373271889400922
E00145817,182,31,13,18,151,137,14,17.032967032967033,7.142857142857142,9.89010989010989,82.96703296703298,75.27472527472527,7.6923076923076925
E00145818,223,44,15,29,179,159,20,19.730941704035875,6.726457399103139,13.004484304932735,80.26905829596413,71.30044843049326,8.968609865470851
E00145819,350,79,26,53,271,229,42,22.57142857142857,7.428571428571429,15.142857142857144,77.42857142857143,65.42857142857143,12
E00145820,167,35,9,26,132,122,10,20.958083832335326,5.389221556886228,15.568862275449103,79.04191616766467,73.05389221556887,5.9880239520958085
E00145821,110,25,8,17,85,74,11,22.727272727272727,7.2727272727272725,15.454545454545453,77.27272727272727,67.27272727272727,10
E00145822,176,34,6,28,142,125,17,19.318181818181817,3.4090909090909087,15.909090909090908,80.68181818181817,71.02272727272727,9.659090909090908
E00145823,192,50,16,34,142,122,20,26.041666666666668,8.333333333333332,17.708333333333336,73.95833333333334,63.541666666666664,10.416666666666668
E00145824,208,56,19,37,152,132,20,26.923076923076923,9.134615384615383,17.78846153846154,73.07692307692307,63.46153846153846,9.615384615384617
E00145825,196,47,19,28,149,132,17,23.97959183673469,9.693877551020408,14.285714285714285,76.0204081632653,67.3469387755102,8.673469387755102
E00145826,177,39,12,27,138,117,21,22.033898305084744,6.779661016949152,15.254237288135593,77.96610169491525,66.10169491525424,11.864406779661017
E00145827,230,47,23,24,183,166,17,20.434782608695652,10,10.434782608695652,79.56521739130434,72.17391304347827,7.391304347826087
E00145828,171,42,16,26,129,111,18,24.561403508771928,9.35672514619883,15.204678362573098,75.43859649122807,64.91228070175438,10.526315789473683
E00145829,161,59,21,38,102,94,8,36.64596273291926,13.043478260869565,23.60248447204969,63.35403726708074,58.38509316770186,4.968944099378882
E00145830,235,62,23,39,173,152,21,26.382978723404253,9.787234042553191,16.595744680851062,73.61702127659574,64.68085106382979,8.936170212765958
E00145831,219,45,13,32,174,153,21,20.54794520547945,5.93607305936073,14.61187214611872,79.45205479452055,69.86301369863014,9.58904109589041
E00145832,173,29,12,17,144,132,12,16.76300578034682,6.9364161849710975,9.826589595375722,83.23699421965318,76.30057803468208,6.9364161849710975
E00145833,170,26,9,17,144,131,13,15.294117647058824,5.294117647058823,10,84.70588235294117,77.05882352941177,7.647058823529412
E00145835,148,26,14,12,122,107,15,17.56756756756757,9.45945945945946,8.108108108108109,82.43243243243244,72.2972972972973,10.135135135135135
E00145836,231,69,28,41,162,139,23,29.87012987012987,12.121212121212121,17.74891774891775,70.12987012987013,60.17316017316018,9.956709956709958
E00145837,126,39,14,25,87,77,10,30.952380952380953,11.11111111111111,19.841269841269842,69.04761904761905,61.111111111111114,7.936507936507936
E00145838,201,62,20,42,139,124,15,30.845771144278604,9.950248756218906,20.8955223880597,69.15422885572139,61.69154228855721,7.462686567164178
E00145839,147,11,4,7,136,122,14,7.482993197278912,2.7210884353741496,4.761904761904762,92.51700680272108,82.99319727891157,9.523809523809524
E00145841,216,53,16,37,163,138,25,24.537037037037038,7.4074074074074066,17.12962962962963,75.46296296296296,63.888888888888886,11.574074074074074
E00145842,175,56,14,42,119,107,12,32,8,24,68,61.142857142857146,6.857142857142858
E00145843,173,43,11,32,130,116,14,24.85549132947977,6.358381502890173,18.497109826589593,75.14450867052022,67.05202312138728,8.092485549132949
E00145844,164,46,24,22,118,109,9,28.04878048780488,14.634146341463413,13.414634146341465,71.95121951219512,66.46341463414635,5.487804878048781
E00145845,199,34,9,25,165,152,13,17.08542713567839,4.522613065326634,12.562814070351758,82.91457286432161,76.38190954773869,6.532663316582915
E00145846,170,45,14,31,125,117,8,26.47058823529412,8.235294117647058,18.235294117647058,73.52941176470588,68.82352941176471,4.705882352941177
E00145847,162,37,10,27,125,116,9,22.839506172839506,6.172839506172839,16.666666666666664,77.1604938271605,71.60493827160494,5.555555555555555
E00145848,177,35,12,23,142,129,13,19.774011299435028,6.779661016949152,12.994350282485875,80.22598870056498,72.88135593220339,7.344632768361582
E00145849,224,44,19,25,180,159,21,19.642857142857142,8.482142857142858,11.160714285714286,80.35714285714286,70.98214285714286,9.375
E00145850,212,50,19,31,162,147,15,23.58490566037736,8.962264150943396,14.622641509433961,76.41509433962264,69.33962264150944,7.0754716981132075
E00145851,187,35,12,23,152,144,8,18.71657754010695,6.417112299465241,12.299465240641712,81.28342245989305,77.00534759358288,4.27807486631016
E00145852,176,50,13,37,126,110,16,28.40909090909091,7.386363636363637,21.022727272727273,71.5909090909091,62.5,9.090909090909092
E00145853,156,41,10,31,115,96,19,26.282051282051285,6.41025641025641,19.871794871794872,73.71794871794873,61.53846153846154,12.179487179487179
E00145854,149,32,3,29,117,111,6,21.476510067114095,2.013422818791946,19.463087248322147,78.52348993288591,74.49664429530202,4.026845637583892
E00145855,217,58,24,34,159,141,18,26.72811059907834,11.059907834101383,15.668202764976957,73.27188940092167,64.97695852534562,8.294930875576037
E00145856,196,39,12,27,157,144,13,19.897959183673468,6.122448979591836,13.77551020408163,80.10204081632652,73.46938775510205,6.63265306122449
E00145857,111,24,7,17,87,80,7,21.62162162162162,6.306306306306306,15.315315315315313,78.37837837837837,72.07207207207207,6.306306306306306
E00145858,153,43,13,30,110,96,14,28.104575163398692,8.49673202614379,19.607843137254903,71.89542483660131,62.745098039215684,9.15032679738562
E00145859,121,37,11,26,84,76,8,30.57851239669421,9.090909090909092,21.487603305785125,69.42148760330579,62.8099173553719,6.6115702479338845
E00145860,176,40,9,31,136,119,17,22.727272727272727,5.113636363636364,17.613636363636363,77.27272727272727,67.61363636363636,9.659090909090908
E00145861,89,33,9,24,56,50,6,37.07865168539326,10.112359550561797,26.96629213483146,62.92134831460674,56.17977528089888,6.741573033707865
E00145862,171,48,14,34,123,114,9,28.07017543859649,8.187134502923977,19.883040935672515,71.9298245614035,66.66666666666666,5.263157894736842
E00145863,198,46,12,34,152,132,20,23.232323232323232,6.0606060606060606,17.17171717171717,76.76767676767676,66.66666666666666,10.1010101010101
E00145864,222,55,14,41,167,146,21,24.774774774774773,6.306306306306306,18.46846846846847,75.22522522522522,65.76576576576578,9.45945945945946
E00145865,196,59,30,29,137,119,18,30.102040816326532,15.306122448979592,14.795918367346939,69.89795918367348,60.71428571428571,9.183673469387756
E00145867,176,49,21,28,127,105,22,27.84090909090909,11.931818181818182,15.909090909090908,72.1590909090909,59.65909090909091,12.5
E00145868,228,67,23,44,161,140,21,29.385964912280706,10.087719298245613,19.298245614035086,70.6140350877193,61.40350877192983,9.210526315789473
E00145869,96,23,10,13,73,63,10,23.958333333333336,10.416666666666668,13.541666666666666,76.04166666666666,65.625,10.416666666666668
E00145870,211,54,19,35,157,115,42,25.59241706161137,9.004739336492891,16.587677725118482,74.40758293838863,54.502369668246445,19.90521327014218
E00145871,105,36,14,22,69,50,19,34.285714285714285,13.333333333333334,20.952380952380953,65.71428571428571,47.61904761904761,18.095238095238095
E00145872,79,24,8,16,55,34,21,30.37974683544304,10.126582278481013,20.253164556962027,69.62025316455697,43.037974683544306,26.582278481012654
E00145873,132,40,15,25,92,78,14,30.303030303030305,11.363636363636363,18.939393939393938,69.6969696969697,59.09090909090909,10.606060606060606
E00145874,154,50,17,33,104,79,25,32.467532467532465,11.03896103896104,21.428571428571427,67.53246753246754,51.298701298701296,16.233766233766232
E00145875,153,41,10,31,112,100,12,26.797385620915033,6.535947712418301,20.26143790849673,73.20261437908496,65.359477124183,7.8431372549019605
E00145876,193,74,32,42,119,92,27,38.34196891191709,16.580310880829018,21.761658031088082,61.6580310880829,47.66839378238342,13.989637305699482
E00145877,188,50,16,34,138,115,23,26.595744680851062,8.51063829787234,18.085106382978726,73.40425531914893,61.170212765957444,12.23404255319149
E00145878,254,82,35,47,172,132,40,32.28346456692913,13.779527559055119,18.503937007874015,67.71653543307087,51.96850393700787,15.748031496062993
E00145879,235,72,30,42,163,126,37,30.638297872340424,12.76595744680851,17.872340425531917,69.36170212765957,53.61702127659574,15.74468085106383
E00145880,144,50,12,38,94,81,13,34.72222222222222,8.333333333333332,26.38888888888889,65.27777777777779,56.25,9.027777777777777
E00145881,76,22,11,11,54,39,15,28.947368421052634,14.473684210526317,14.473684210526317,71.05263157894737,51.31578947368421,19.736842105263158
E00145882,132,41,10,31,91,73,18,31.060606060606062,7.575757575757576,23.484848484848484,68.93939393939394,55.3030303030303,13.636363636363635
E00145883,118,42,18,24,76,55,21,35.59322033898305,15.254237288135593,20.33898305084746,64.40677966101694,46.61016949152542,17.796610169491526
E00145884,119,29,13,16,90,78,12,24.369747899159663,10.92436974789916,13.445378151260504,75.63025210084034,65.54621848739495,10.084033613445378
E00145885,80,22,6,16,58,45,13,27.500000000000004,7.5,20,72.5,56.25,16.25
E00145886,112,33,12,21,79,71,8,29.464285714285715,10.714285714285714,18.75,70.53571428571429,63.39285714285714,7.142857142857142
E00145887,156,44,11,33,112,87,25,28.205128205128204,7.051282051282051,21.153846153846153,71.7948717948718,55.769230769230774,16.025641025641026
E00145888,66,23,9,14,43,31,12,34.84848484848485,13.636363636363635,21.21212121212121,65.15151515151516,46.96969696969697,18.181818181818183
E00145889,104,31,18,13,73,57,16,29.807692307692307,17.307692307692307,12.5,70.1923076923077,54.807692307692314,15.384615384615385
E00145890,138,53,25,28,85,62,23,38.405797101449274,18.115942028985508,20.28985507246377,61.59420289855072,44.927536231884055,16.666666666666664
E00145891,100,28,11,17,72,64,8,28.000000000000004,11,17,72,64,8
E00145892,151,43,19,24,108,85,23,28.47682119205298,12.582781456953644,15.894039735099339,71.52317880794702,56.29139072847682,15.2317880794702
E00145893,86,24,11,13,62,50,12,27.906976744186046,12.790697674418606,15.11627906976744,72.09302325581395,58.139534883720934,13.953488372093023
E00145894,134,45,23,22,89,70,19,33.582089552238806,17.16417910447761,16.417910447761194,66.4179104477612,52.23880597014925,14.17910447761194
E00145895,139,45,17,28,94,75,19,32.37410071942446,12.23021582733813,20.14388489208633,67.62589928057554,53.956834532374096,13.66906474820144
E00145896,104,28,13,15,76,55,21,26.923076923076923,12.5,14.423076923076922,73.07692307692307,52.88461538461539,20.192307692307693
E00145897,119,38,18,20,81,60,21,31.932773109243694,15.126050420168067,16.80672268907563,68.0672268907563,50.42016806722689,17.647058823529413
E00145898,249,74,24,50,175,136,39,29.71887550200803,9.63855421686747,20.080321285140563,70.28112449799197,54.61847389558233,15.66265060240964
E00145899,158,48,23,25,110,84,26,30.37974683544304,14.556962025316455,15.822784810126583,69.62025316455697,53.16455696202531,16.455696202531644
E00145900,144,41,22,19,103,77,26,28.47222222222222,15.277777777777779,13.194444444444445,71.52777777777779,53.47222222222222,18.055555555555554
E00145901,143,49,23,26,94,71,23,34.26573426573427,16.083916083916083,18.181818181818183,65.73426573426573,49.65034965034965,16.083916083916083
E00145902,174,51,22,29,123,86,37,29.310344827586203,12.643678160919542,16.666666666666664,70.6896551724138,49.42528735632184,21.26436781609195
E00145903,118,42,23,19,76,50,26,35.59322033898305,19.491525423728813,16.101694915254235,64.40677966101694,42.3728813559322,22.033898305084744
E00145904,131,44,16,28,87,63,24,33.587786259541986,12.213740458015266,21.374045801526716,66.41221374045801,48.091603053435115,18.3206106870229
E00145905,124,37,14,23,87,64,23,29.838709677419356,11.29032258064516,18.548387096774192,70.16129032258065,51.61290322580645,18.548387096774192
E00145906,132,43,12,31,89,61,28,32.57575757575758,9.090909090909092,23.484848484848484,67.42424242424242,46.21212121212121,21.21212121212121
E00145907,119,29,17,12,90,70,20,24.369747899159663,14.285714285714285,10.084033613445378,75.63025210084034,58.82352941176471,16.80672268907563
E00145908,128,27,12,15,101,72,29,21.09375,9.375,11.71875,78.90625,56.25,22.65625
E00145909,155,55,26,29,100,76,24,35.483870967741936,16.7741935483871,18.70967741935484,64.51612903225806,49.03225806451613,15.483870967741936
E00145910,132,43,16,27,89,62,27,32.57575757575758,12.121212121212121,20.454545454545457,67.42424242424242,46.96969696969697,20.454545454545457
E00145911,129,34,13,21,95,65,30,26.356589147286826,10.077519379844961,16.27906976744186,73.64341085271317,50.3875968992248,23.25581395348837
E00145912,124,38,15,23,86,64,22,30.64516129032258,12.096774193548388,18.548387096774192,69.35483870967742,51.61290322580645,17.741935483870968
E00145913,175,53,23,30,122,97,25,30.28571428571429,13.142857142857142,17.142857142857142,69.71428571428572,55.42857142857143,14.285714285714285
E00145914,57,20,5,15,37,35,2,35.08771929824561,8.771929824561402,26.31578947368421,64.91228070175438,61.40350877192983,3.508771929824561
E00145915,192,65,29,36,127,89,38,33.85416666666667,15.104166666666666,18.75,66.14583333333334,46.35416666666667,19.791666666666664
E00145916,142,28,7,21,114,92,22,19.718309859154928,4.929577464788732,14.788732394366196,80.28169014084507,64.7887323943662,15.492957746478872
E00145917,210,59,27,32,151,126,25,28.095238095238095,12.857142857142856,15.238095238095239,71.9047619047619,60,11.904761904761903
E00145918,144,49,17,32,95,64,31,34.02777777777778,11.805555555555555,22.22222222222222,65.97222222222221,44.44444444444444,21.52777777777778
E00145919,175,47,20,27,128,84,44,26.857142857142858,11.428571428571429,15.428571428571427,73.14285714285714,48,25.142857142857146
E00145920,88,29,14,15,59,42,17,32.95454545454545,15.909090909090908,17.045454545454543,67.04545454545455,47.72727272727273,19.318181818181817
E00145921,175,63,27,36,112,92,20,36,15.428571428571427,20.57142857142857,64,52.57142857142857,11.428571428571429
E00145922,147,47,20,27,100,72,28,31.97278911564626,13.60544217687075,18.367346938775512,68.02721088435374,48.97959183673469,19.047619047619047
E00145923,115,43,19,24,72,56,16,37.391304347826086,16.52173913043478,20.869565217391305,62.60869565217392,48.69565217391305,13.91304347826087
E00145924,144,37,10,27,107,91,16,25.694444444444443,6.944444444444445,18.75,74.30555555555556,63.19444444444444,11.11111111111111
E00145925,148,46,19,27,102,80,22,31.08108108108108,12.837837837837837,18.243243243243242,68.91891891891892,54.054054054054056,14.864864864864865
E00145926,194,73,39,34,121,85,36,37.628865979381445,20.103092783505154,17.525773195876287,62.371134020618555,43.81443298969072,18.556701030927837
E00145928,185,53,14,39,132,112,20,28.64864864864865,7.567567567567568,21.08108108108108,71.35135135135135,60.54054054054055,10.81081081081081
E00145929,131,44,17,27,87,56,31,33.587786259541986,12.977099236641221,20.610687022900763,66.41221374045801,42.74809160305343,23.66412213740458
E00145930,123,31,17,14,92,77,15,25.203252032520325,13.821138211382115,11.38211382113821,74.79674796747967,62.601626016260155,12.195121951219512
E00145931,170,58,23,35,112,88,24,34.11764705882353,13.529411764705882,20.588235294117645,65.88235294117646,51.76470588235295,14.117647058823529
E00145932,145,49,19,30,96,79,17,33.793103448275865,13.10344827586207,20.689655172413794,66.20689655172414,54.48275862068965,11.724137931034482
E00145933,165,51,24,27,114,80,34,30.909090909090907,14.545454545454545,16.363636363636363,69.0909090909091,48.484848484848484,20.606060606060606
E00145934,88,28,9,19,60,47,13,31.818181818181817,10.227272727272728,21.59090909090909,68.18181818181817,53.40909090909091,14.772727272727273
E00145935,67,20,10,10,47,33,14,29.850746268656714,14.925373134328357,14.925373134328357,70.1492537313433,49.25373134328358,20.8955223880597
E00145936,160,39,18,21,121,102,19,24.375,11.25,13.125,75.625,63.74999999999999,11.875
E00145937,134,45,18,27,89,72,17,33.582089552238806,13.432835820895523,20.149253731343283,66.4179104477612,53.73134328358209,12.686567164179104
E00145938,132,44,11,33,88,72,16,33.33333333333333,8.333333333333332,25,66.66666666666666,54.54545454545454,12.121212121212121
E00145939,142,41,19,22,101,83,18,28.87323943661972,13.380281690140844,15.492957746478872,71.12676056338029,58.45070422535211,12.676056338028168
E00145940,210,60,28,32,150,122,28,28.57142857142857,13.333333333333334,15.238095238095239,71.42857142857143,58.0952380952381,13.333333333333334
E00145941,116,36,17,19,80,66,14,31.03448275862069,14.655172413793101,16.379310344827587,68.96551724137932,56.896551724137936,12.068965517241379
E00145942,152,51,19,32,101,74,27,33.55263157894737,12.5,21.052631578947366,66.44736842105263,48.68421052631579,17.763157894736842
E00145943,137,41,17,24,96,75,21,29.927007299270077,12.408759124087592,17.51824817518248,70.07299270072993,54.74452554744526,15.328467153284672
E00145944,155,57,21,36,98,83,15,36.774193548387096,13.548387096774196,23.225806451612904,63.2258064516129,53.5483870967742,9.67741935483871
E00145945,162,51,26,25,111,75,36,31.48148148148148,16.049382716049383,15.432098765432098,68.51851851851852,46.2962962962963,22.22222222222222
E00145946,87,26,14,12,61,48,13,29.88505747126437,16.091954022988507,13.793103448275861,70.11494252873564,55.172413793103445,14.942528735632186
E00145947,26,9,6,3,17,13,4,34.61538461538461,23.076923076923077,11.538461538461538,65.38461538461539,50,15.384615384615385
E00145948,122,45,13,32,77,70,7,36.885245901639344,10.655737704918032,26.229508196721312,63.114754098360656,57.377049180327866,5.737704918032787
E00145949,131,30,8,22,101,77,24,22.900763358778626,6.106870229007633,16.793893129770993,77.09923664122137,58.778625954198475,18.3206106870229
E00145950,178,55,23,32,123,101,22,30.89887640449438,12.921348314606742,17.97752808988764,69.10112359550563,56.74157303370787,12.359550561797752
E00145951,147,50,19,31,97,77,20,34.01360544217687,12.925170068027212,21.08843537414966,65.98639455782312,52.38095238095239,13.60544217687075
E00145952,171,55,29,26,116,81,35,32.16374269005848,16.95906432748538,15.204678362573098,67.83625730994152,47.368421052631575,20.46783625730994
E00145953,121,33,13,20,88,68,20,27.27272727272727,10.743801652892563,16.528925619834713,72.72727272727273,56.19834710743802,16.528925619834713
E00145954,116,46,24,22,70,54,16,39.6551724137931,20.689655172413794,18.96551724137931,60.3448275862069,46.55172413793103,13.793103448275861
E00145955,184,63,31,32,121,79,42,34.23913043478261,16.847826086956523,17.391304347826086,65.76086956521739,42.934782608695656,22.82608695652174
E00145956,168,53,18,35,115,86,29,31.547619047619047,10.714285714285714,20.833333333333336,68.45238095238095,51.19047619047619,17.261904761904763
E00145957,120,25,12,13,95,80,15,20.833333333333336,10,10.833333333333334,79.16666666666666,66.66666666666666,12.5
E00145958,180,45,19,26,135,112,23,25,10.555555555555555,14.444444444444443,75,62.22222222222222,12.777777777777777
E00145959,185,46,19,27,139,107,32,24.864864864864867,10.27027027027027,14.594594594594595,75.13513513513513,57.83783783783784,17.2972972972973
E00145960,164,51,18,33,113,84,29,31.097560975609756,10.975609756097562,20.121951219512198,68.90243902439023,51.21951219512195,17.682926829268293
E00145961,148,45,28,17,103,75,28,30.405405405405407,18.91891891891892,11.486486486486488,69.5945945945946,50.67567567567568,18.91891891891892
E00145962,213,49,21,28,164,119,45,23.004694835680752,9.859154929577464,13.145539906103288,76.99530516431925,55.86854460093896,21.12676056338028
E00145963,99,32,15,17,67,45,22,32.323232323232325,15.151515151515152,17.17171717171717,67.67676767676768,45.45454545454545,22.22222222222222
E00145964,217,70,24,46,147,121,26,32.25806451612903,11.059907834101383,21.19815668202765,67.74193548387096,55.76036866359447,11.981566820276496
E00145965,126,48,22,26,78,54,24,38.095238095238095,17.46031746031746,20.634920634920633,61.904761904761905,42.857142857142854,19.047619047619047
E00145966,170,50,19,31,120,97,23,29.411764705882355,11.176470588235295,18.235294117647058,70.58823529411765,57.05882352941176,13.529411764705882
E00145967,135,38,19,19,97,83,14,28.14814814814815,14.074074074074074,14.074074074074074,71.85185185185186,61.48148148148148,10.37037037037037
E00145968,132,40,20,20,92,61,31,30.303030303030305,15.151515151515152,15.151515151515152,69.6969696969697,46.21212121212121,23.484848484848484
E00145969,151,46,21,25,105,78,27,30.4635761589404,13.90728476821192,16.55629139072848,69.5364238410596,51.65562913907284,17.880794701986755
E00145970,165,42,14,28,123,91,32,25.454545454545453,8.484848484848486,16.969696969696972,74.54545454545455,55.15151515151515,19.393939393939394
E00145971,249,91,37,54,158,136,22,36.54618473895582,14.859437751004014,21.686746987951807,63.45381526104418,54.61847389558233,8.835341365461847
E00145972,111,33,13,20,78,66,12,29.72972972972973,11.711711711711711,18.01801801801802,70.27027027027027,59.45945945945946,10.81081081081081
E00145973,131,34,13,21,97,88,9,25.954198473282442,9.923664122137405,16.030534351145036,74.04580152671755,67.17557251908397,6.870229007633588
E00145974,137,42,16,26,95,83,12,30.656934306569344,11.678832116788321,18.97810218978102,69.34306569343066,60.58394160583942,8.75912408759124
E00145975,174,32,8,24,142,129,13,18.39080459770115,4.597701149425287,13.793103448275861,81.60919540229885,74.13793103448276,7.471264367816093
E00145976,150,55,23,32,95,84,11,36.666666666666664,15.333333333333332,21.333333333333336,63.33333333333333,56.00000000000001,7.333333333333333
E00145977,57,22,6,16,35,34,1,38.59649122807017,10.526315789473683,28.07017543859649,61.40350877192983,59.64912280701754,1.7543859649122806
E00145978,245,91,47,44,154,103,51,37.142857142857146,19.183673469387756,17.959183673469386,62.857142857142854,42.04081632653061,20.816326530612244
E00145979,269,80,24,56,189,134,55,29.739776951672862,8.921933085501859,20.817843866171003,70.26022304832715,49.814126394052046,20.44609665427509
E00145980,66,26,13,13,40,27,13,39.39393939393939,19.696969696969695,19.696969696969695,60.60606060606061,40.909090909090914,19.696969696969695
E00145981,161,44,12,32,117,88,29,27.32919254658385,7.453416149068323,19.875776397515526,72.67080745341616,54.6583850931677,18.012422360248447
E00145982,231,71,35,36,160,114,46,30.735930735930733,15.151515151515152,15.584415584415584,69.26406926406926,49.35064935064935,19.913419913419915
E00145983,106,39,26,13,67,49,18,36.79245283018868,24.528301886792452,12.264150943396226,63.20754716981132,46.22641509433962,16.9811320754717
E00145984,169,62,22,40,107,78,29,36.68639053254438,13.017751479289942,23.668639053254438,63.31360946745562,46.15384615384615,17.159763313609467
E00145985,153,56,23,33,97,73,24,36.60130718954248,15.032679738562091,21.568627450980394,63.39869281045751,47.712418300653596,15.686274509803921
E00145987,126,40,20,20,86,59,27,31.746031746031743,15.873015873015872,15.873015873015872,68.25396825396825,46.82539682539682,21.428571428571427
E00145989,132,47,27,20,85,62,23,35.60606060606061,20.454545454545457,15.151515151515152,64.39393939393939,46.96969696969697,17.424242424242426
E00145990,170,56,32,24,114,82,32,32.94117647058823,18.823529411764707,14.117647058823529,67.05882352941175,48.23529411764706,18.823529411764707
E00145991,180,56,24,32,124,87,37,31.11111111111111,13.333333333333334,17.77777777777778,68.88888888888889,48.333333333333336,20.555555555555554
E00145992,161,54,30,24,107,81,26,33.54037267080746,18.633540372670808,14.906832298136646,66.45962732919256,50.31055900621118,16.149068322981368
E00145993,142,48,25,23,94,67,27,33.80281690140845,17.6056338028169,16.19718309859155,66.19718309859155,47.183098591549296,19.014084507042252
E00145994,172,51,16,35,121,103,18,29.651162790697676,9.30232558139535,20.348837209302324,70.34883720930233,59.883720930232556,10.465116279069768
E00145995,187,53,23,30,134,97,37,28.342245989304814,12.299465240641712,16.042780748663102,71.65775401069519,51.87165775401069,19.786096256684495
E00145996,132,46,24,22,86,60,26,34.84848484848485,18.181818181818183,16.666666666666664,65.15151515151516,45.45454545454545,19.696969696969695
E00145997,166,63,37,26,103,62,41,37.95180722891566,22.289156626506024,15.66265060240964,62.048192771084345,37.34939759036144,24.69879518072289
E00145998,174,60,24,36,114,89,25,34.48275862068966,13.793103448275861,20.689655172413794,65.51724137931035,51.14942528735632,14.367816091954023
E00145999,161,46,19,27,115,100,15,28.57142857142857,11.801242236024844,16.77018633540373,71.42857142857143,62.11180124223602,9.316770186335404
E00146000,129,33,17,16,96,79,17,25.581395348837212,13.178294573643413,12.4031007751938,74.4186046511628,61.240310077519375,13.178294573643413
E00146001,124,43,17,26,81,69,12,34.67741935483871,13.709677419354838,20.967741935483872,65.32258064516128,55.64516129032258,9.67741935483871
E00146002,122,48,17,31,74,58,16,39.34426229508197,13.934426229508196,25.40983606557377,60.65573770491803,47.540983606557376,13.114754098360656
E00146003,161,62,24,38,99,72,27,38.50931677018634,14.906832298136646,23.60248447204969,61.49068322981367,44.72049689440994,16.77018633540373
E00146004,136,31,12,19,105,78,27,22.794117647058822,8.823529411764707,13.970588235294118,77.20588235294117,57.35294117647059,19.852941176470587
E00146005,87,27,12,15,60,51,9,31.03448275862069,13.793103448275861,17.24137931034483,68.96551724137932,58.620689655172406,10.344827586206897
E00146006,171,47,23,24,124,113,11,27.485380116959064,13.450292397660817,14.035087719298245,72.51461988304094,66.08187134502924,6.432748538011696
E00146007,186,53,23,30,133,105,28,28.49462365591398,12.365591397849462,16.129032258064516,71.50537634408603,56.451612903225815,15.053763440860216
E00146008,214,60,19,41,154,124,30,28.037383177570092,8.878504672897195,19.158878504672895,71.96261682242991,57.943925233644855,14.018691588785046
E00146009,156,48,20,28,108,86,22,30.76923076923077,12.82051282051282,17.94871794871795,69.23076923076923,55.12820512820513,14.102564102564102
E00146010,173,52,21,31,121,98,23,30.057803468208093,12.138728323699421,17.91907514450867,69.94219653179191,56.64739884393064,13.294797687861271
E00146011,183,55,18,37,128,112,16,30.05464480874317,9.836065573770492,20.21857923497268,69.94535519125684,61.20218579234973,8.743169398907105
E00146012,186,51,16,35,135,121,14,27.419354838709676,8.60215053763441,18.817204301075268,72.58064516129032,65.05376344086021,7.526881720430108
E00146013,164,50,16,34,114,102,12,30.48780487804878,9.75609756097561,20.73170731707317,69.51219512195121,62.19512195121951,7.317073170731707
E00146014,143,45,16,29,98,81,17,31.46853146853147,11.188811188811188,20.27972027972028,68.53146853146853,56.64335664335665,11.888111888111888
E00146015,149,39,17,22,110,94,16,26.174496644295303,11.409395973154362,14.76510067114094,73.8255033557047,63.08724832214765,10.738255033557047
E00146016,189,48,16,32,141,130,11,25.396825396825395,8.465608465608465,16.93121693121693,74.60317460317461,68.78306878306879,5.82010582010582
E00146017,219,63,23,40,156,131,25,28.767123287671232,10.50228310502283,18.2648401826484,71.23287671232876,59.817351598173516,11.415525114155251
E00146018,158,49,21,28,109,92,17,31.0126582278481,13.291139240506327,17.72151898734177,68.9873417721519,58.22784810126582,10.759493670886076
E00146019,204,54,20,34,150,134,16,26.47058823529412,9.803921568627452,16.666666666666664,73.52941176470588,65.68627450980392,7.8431372549019605
E00146020,133,42,12,30,91,77,14,31.57894736842105,9.022556390977442,22.55639097744361,68.42105263157895,57.89473684210527,10.526315789473683
E00146021,101,38,18,20,63,45,18,37.62376237623762,17.82178217821782,19.801980198019802,62.37623762376238,44.554455445544555,17.82178217821782
E00146022,150,57,15,42,93,79,14,38,10,28.000000000000004,62,52.666666666666664,9.333333333333334
E00146023,157,48,12,36,109,88,21,30.573248407643312,7.643312101910828,22.929936305732486,69.42675159235668,56.05095541401274,13.375796178343949
E00146024,133,36,11,25,97,83,14,27.06766917293233,8.270676691729323,18.796992481203006,72.93233082706767,62.40601503759399,10.526315789473683
E00146025,149,34,19,15,115,89,26,22.818791946308725,12.751677852348994,10.06711409395973,77.18120805369128,59.73154362416108,17.449664429530202
E00146026,90,25,11,14,65,55,10,27.77777777777778,12.222222222222221,15.555555555555555,72.22222222222221,61.111111111111114,11.11111111111111
E00146027,181,43,9,34,138,122,16,23.756906077348066,4.972375690607735,18.784530386740332,76.24309392265194,67.40331491712708,8.83977900552486
E00146028,95,19,10,9,76,60,16,20,10.526315789473683,9.473684210526317,80,63.1578947368421,16.842105263157894
E00146029,150,45,11,34,105,87,18,30,7.333333333333333,22.666666666666664,70,57.99999999999999,12
E00146030,146,45,18,27,101,84,17,30.82191780821918,12.32876712328767,18.493150684931507,69.17808219178082,57.534246575342465,11.643835616438356
E00146031,146,49,19,30,97,82,15,33.56164383561644,13.013698630136986,20.54794520547945,66.43835616438356,56.16438356164384,10.273972602739725
E00146032,126,40,14,26,86,70,16,31.746031746031743,11.11111111111111,20.634920634920633,68.25396825396825,55.55555555555556,12.698412698412698
E00146033,166,47,23,24,119,84,35,28.313253012048197,13.855421686746988,14.457831325301203,71.6867469879518,50.602409638554214,21.084337349397593
E00146034,172,51,25,26,121,104,17,29.651162790697676,14.534883720930234,15.11627906976744,70.34883720930233,60.46511627906976,9.883720930232558
E00146035,184,46,16,30,138,110,28,25,8.695652173913043,16.304347826086957,75,59.78260869565217,15.217391304347828
E00146036,140,55,24,31,85,78,7,39.285714285714285,17.142857142857142,22.142857142857142,60.71428571428571,55.714285714285715,5
E00146037,224,90,39,51,134,99,35,40.17857142857143,17.410714285714285,22.767857142857142,59.82142857142857,44.19642857142857,15.625
E00146038,196,47,21,26,149,119,30,23.97959183673469,10.714285714285714,13.26530612244898,76.0204081632653,60.71428571428571,15.306122448979592
E00146040,165,49,19,30,116,94,22,29.6969696969697,11.515151515151516,18.181818181818183,70.3030303030303,56.96969696969697,13.333333333333334
E00146043,158,38,12,26,120,98,22,24.050632911392405,7.59493670886076,16.455696202531644,75.9493670886076,62.0253164556962,13.924050632911392
E00146044,128,34,11,23,94,81,13,26.5625,8.59375,17.96875,73.4375,63.28125,10.15625
E00146045,199,65,25,40,134,99,35,32.663316582914575,12.562814070351758,20.100502512562816,67.33668341708542,49.74874371859296,17.587939698492463
E00146047,69,13,7,6,56,47,9,18.84057971014493,10.144927536231885,8.695652173913043,81.15942028985508,68.11594202898551,13.043478260869565
E00146048,115,36,5,31,79,71,8,31.30434782608696,4.3478260869565215,26.956521739130434,68.69565217391305,61.73913043478261,6.956521739130435
E00146049,172,57,21,36,115,105,10,33.13953488372093,12.209302325581394,20.930232558139537,66.86046511627907,61.04651162790697,5.813953488372093
E00146050,130,40,19,21,90,76,14,30.76923076923077,14.615384615384617,16.153846153846153,69.23076923076923,58.46153846153847,10.76923076923077
E00146051,127,37,8,29,90,81,9,29.133858267716533,6.299212598425196,22.83464566929134,70.86614173228347,63.77952755905512,7.086614173228346
E00146052,175,53,23,30,122,98,24,30.28571428571429,13.142857142857142,17.142857142857142,69.71428571428572,56.00000000000001,13.714285714285715
E00146053,172,43,10,33,129,115,14,25,5.813953488372093,19.186046511627907,75,66.86046511627907,8.13953488372093
E00146054,114,34,18,16,80,65,15,29.82456140350877,15.789473684210526,14.035087719298245,70.17543859649122,57.01754385964912,13.157894736842104
E00146055,187,59,16,43,128,110,18,31.550802139037433,8.55614973262032,22.994652406417114,68.44919786096256,58.82352941176471,9.62566844919786
E00146056,178,56,17,39,122,111,11,31.46067415730337,9.550561797752808,21.910112359550563,68.53932584269663,62.35955056179775,6.179775280898876
E00146057,159,43,13,30,116,100,16,27.044025157232703,8.176100628930817,18.867924528301888,72.95597484276729,62.893081761006286,10.062893081761008
E00146058,167,55,17,38,112,99,13,32.93413173652694,10.179640718562874,22.75449101796407,67.06586826347305,59.281437125748504,7.784431137724551
E00146059,227,72,17,55,155,134,21,31.718061674008812,7.488986784140969,24.229074889867842,68.28193832599119,59.03083700440529,9.251101321585903
E00146060,184,59,16,43,125,106,19,32.065217391304344,8.695652173913043,23.369565217391305,67.93478260869566,57.608695652173914,10.326086956521738
E00146061,262,86,28,58,176,148,28,32.82442748091603,10.687022900763358,22.137404580152673,67.17557251908397,56.48854961832062,10.687022900763358
E00146062,199,61,13,48,138,118,20,30.65326633165829,6.532663316582915,24.120603015075375,69.34673366834171,59.2964824120603,10.050251256281408
E00146063,148,55,17,38,93,74,19,37.16216216216216,11.486486486486488,25.675675675675674,62.83783783783784,50,12.837837837837837
E00146064,124,31,13,18,93,76,17,25,10.483870967741936,14.516129032258066,75,61.29032258064516,13.709677419354838
E00146065,114,36,21,15,78,48,30,31.57894736842105,18.421052631578945,13.157894736842104,68.42105263157895,42.10526315789473,26.31578947368421
E00146066,90,35,13,22,55,39,16,38.88888888888889,14.444444444444443,24.444444444444443,61.111111111111114,43.333333333333336,17.77777777777778
E00146067,177,58,24,34,119,89,30,32.7683615819209,13.559322033898304,19.2090395480226,67.2316384180791,50.282485875706215,16.94915254237288
E00146068,206,48,21,27,158,113,45,23.300970873786408,10.194174757281553,13.106796116504855,76.69902912621359,54.85436893203883,21.844660194174757
E00146069,195,62,21,41,133,102,31,31.794871794871792,10.76923076923077,21.025641025641026,68.2051282051282,52.307692307692314,15.897435897435896
E00146070,178,53,22,31,125,90,35,29.775280898876407,12.359550561797752,17.415730337078653,70.2247191011236,50.56179775280899,19.662921348314608
E00146071,174,46,24,22,128,89,39,26.436781609195403,13.793103448275861,12.643678160919542,73.5632183908046,51.14942528735632,22.413793103448278
E00146072,100,32,13,19,68,45,23,32,13,19,68,45,23
E00146073,128,40,14,26,88,64,24,31.25,10.9375,20.3125,68.75,50,18.75
E00146074,140,51,23,28,89,62,27,36.42857142857142,16.428571428571427,20,63.57142857142857,44.285714285714285,19.28571428571429
E00146075,205,75,29,46,130,111,19,36.58536585365854,14.146341463414632,22.439024390243905,63.41463414634146,54.146341463414636,9.268292682926829
E00146076,133,37,23,14,96,59,37,27.819548872180448,17.293233082706767,10.526315789473683,72.18045112781954,44.3609022556391,27.819548872180448
E00146077,133,39,18,21,94,74,20,29.32330827067669,13.533834586466165,15.789473684210526,70.67669172932331,55.639097744360896,15.037593984962406
E00146078,151,56,26,30,95,79,16,37.086092715231786,17.218543046357617,19.867549668874172,62.913907284768214,52.317880794701985,10.596026490066226
E00146079,208,60,16,44,148,120,28,28.846153846153843,7.6923076923076925,21.153846153846153,71.15384615384616,57.692307692307686,13.461538461538462
E00146080,124,37,17,20,87,67,20,29.838709677419356,13.709677419354838,16.129032258064516,70.16129032258065,54.03225806451613,16.129032258064516
E00146081,147,46,20,26,101,78,23,31.292517006802722,13.60544217687075,17.687074829931973,68.70748299319727,53.06122448979592,15.646258503401361
E00146082,199,65,32,33,134,99,35,32.663316582914575,16.08040201005025,16.582914572864322,67.33668341708542,49.74874371859296,17.587939698492463
E00146083,212,47,14,33,165,140,25,22.169811320754718,6.60377358490566,15.566037735849056,77.83018867924528,66.0377358490566,11.79245283018868
E00146084,126,40,15,25,86,69,17,31.746031746031743,11.904761904761903,19.841269841269842,68.25396825396825,54.761904761904766,13.492063492063492
E00146085,199,55,20,35,144,130,14,27.63819095477387,10.050251256281408,17.587939698492463,72.36180904522614,65.32663316582915,7.035175879396985
E00146086,188,60,17,43,128,113,15,31.914893617021278,9.042553191489363,22.872340425531913,68.08510638297872,60.1063829787234,7.9787234042553195
E00146087,121,26,10,16,95,82,13,21.487603305785125,8.264462809917356,13.223140495867769,78.51239669421489,67.76859504132231,10.743801652892563
E00146088,127,43,18,25,84,77,7,33.85826771653544,14.173228346456693,19.68503937007874,66.14173228346458,60.629921259842526,5.511811023622047
E00146089,146,41,12,29,105,87,18,28.08219178082192,8.21917808219178,19.863013698630137,71.91780821917808,59.589041095890416,12.32876712328767
E00146090,169,34,12,22,135,108,27,20.118343195266274,7.100591715976331,13.017751479289942,79.88165680473372,63.905325443786985,15.976331360946746
E00146091,166,56,21,35,110,90,20,33.734939759036145,12.650602409638553,21.084337349397593,66.26506024096386,54.21686746987952,12.048192771084338
E00146092,150,46,15,31,104,95,9,30.666666666666664,10,20.666666666666668,69.33333333333334,63.33333333333333,6
E00146093,231,62,26,36,169,134,35,26.83982683982684,11.255411255411255,15.584415584415584,73.16017316017316,58.00865800865801,15.151515151515152
E00146094,147,49,15,34,98,86,12,33.33333333333333,10.204081632653061,23.12925170068027,66.66666666666666,58.50340136054422,8.16326530612245
E00146095,145,43,15,28,102,82,20,29.655172413793103,10.344827586206897,19.310344827586206,70.34482758620689,56.55172413793104,13.793103448275861
E00146096,171,48,14,34,123,109,14,28.07017543859649,8.187134502923977,19.883040935672515,71.9298245614035,63.74269005847953,8.187134502923977
E00146097,162,57,23,34,105,81,24,35.18518518518518,14.19753086419753,20.98765432098765,64.81481481481481,50,14.814814814814813
E00146098,88,28,9,19,60,51,9,31.818181818181817,10.227272727272728,21.59090909090909,68.18181818181817,57.95454545454546,10.227272727272728
E00146099,165,50,11,39,115,91,24,30.303030303030305,6.666666666666667,23.636363636363637,69.6969696969697,55.15151515151515,14.545454545454545
E00146100,161,40,17,23,121,99,22,24.84472049689441,10.559006211180124,14.285714285714285,75.15527950310559,61.49068322981367,13.664596273291925
E00146101,160,44,22,22,116,97,19,27.500000000000004,13.750000000000002,13.750000000000002,72.5,60.62499999999999,11.875
E00146102,183,68,35,33,115,89,26,37.15846994535519,19.12568306010929,18.0327868852459,62.841530054644814,48.63387978142077,14.207650273224044
E00146103,152,59,28,31,93,77,16,38.81578947368421,18.421052631578945,20.394736842105264,61.18421052631579,50.6578947368421,10.526315789473683
E00146104,115,37,16,21,78,64,14,32.17391304347826,13.91304347826087,18.26086956521739,67.82608695652173,55.65217391304348,12.173913043478262
E00146105,148,45,19,26,103,93,10,30.405405405405407,12.837837837837837,17.56756756756757,69.5945945945946,62.83783783783784,6.756756756756757
E00146106,165,50,18,32,115,93,22,30.303030303030305,10.909090909090908,19.393939393939394,69.6969696969697,56.36363636363636,13.333333333333334
E00146107,165,47,24,23,118,70,48,28.484848484848484,14.545454545454545,13.939393939393941,71.51515151515152,42.42424242424242,29.09090909090909
E00173179,376,99,27,72,277,234,43,26.329787234042552,7.180851063829788,19.148936170212767,73.67021276595744,62.23404255319149,11.436170212765957
E00173180,106,32,19,13,74,55,19,30.18867924528302,17.92452830188679,12.264150943396226,69.81132075471697,51.886792452830186,17.92452830188679
E00173182,252,64,25,39,188,172,16,25.396825396825395,9.920634920634921,15.476190476190476,74.60317460317461,68.25396825396825,6.349206349206349
E00173183,109,34,14,20,75,55,20,31.19266055045872,12.844036697247708,18.34862385321101,68.80733944954129,50.45871559633027,18.34862385321101
E00173184,194,45,13,32,149,132,17,23.195876288659793,6.701030927835052,16.49484536082474,76.80412371134021,68.04123711340206,8.762886597938143
E00173185,492,48,14,34,444,392,52,9.75609756097561,2.8455284552845526,6.910569105691057,90.2439024390244,79.67479674796748,10.569105691056912
E00173187,150,52,20,32,98,69,29,34.66666666666667,13.333333333333334,21.333333333333336,65.33333333333333,46,19.333333333333332
E00173188,171,65,32,33,106,74,32,38.01169590643275,18.71345029239766,19.298245614035086,61.98830409356725,43.27485380116959,18.71345029239766
E00173189,183,60,24,36,123,97,26,32.78688524590164,13.114754098360656,19.672131147540984,67.21311475409836,53.00546448087432,14.207650273224044
E00185848,196,51,25,26,145,108,37,26.02040816326531,12.755102040816327,13.26530612244898,73.9795918367347,55.10204081632652,18.877551020408163
E00185849,228,76,48,28,152,101,51,33.33333333333333,21.052631578947366,12.280701754385964,66.66666666666666,44.29824561403509,22.36842105263158
E00185867,210,53,23,30,157,130,27,25.238095238095237,10.952380952380953,14.285714285714285,74.76190476190476,61.904761904761905,12.857142857142856
E00185868,326,55,17,38,271,237,34,16.87116564417178,5.214723926380368,11.65644171779141,83.12883435582822,72.69938650306749,10.429447852760736
E00185878,167,30,8,22,137,119,18,17.964071856287426,4.790419161676647,13.17365269461078,82.03592814371258,71.25748502994011,10.778443113772456
E00185884,239,33,8,25,206,183,23,13.807531380753138,3.3472803347280333,10.460251046025103,86.19246861924687,76.56903765690377,9.623430962343097
E00185887,144,43,17,26,101,86,15,29.86111111111111,11.805555555555555,18.055555555555554,70.13888888888889,59.72222222222222,10.416666666666668
E00185892,183,59,20,39,124,99,25,32.240437158469945,10.92896174863388,21.311475409836063,67.75956284153006,54.09836065573771,13.661202185792352
E00185899,225,43,19,24,182,142,40,19.11111111111111,8.444444444444445,10.666666666666668,80.88888888888889,63.11111111111111,17.77777777777778
E00185902,189,56,21,35,133,121,12,29.629629629629626,11.11111111111111,18.51851851851852,70.37037037037037,64.02116402116403,6.349206349206349
E00185908,61,14,3,11,47,46,1,22.950819672131146,4.918032786885246,18.0327868852459,77.04918032786885,75.40983606557377,1.639344262295082
E00185912,82,22,5,17,60,52,8,26.82926829268293,6.097560975609756,20.73170731707317,73.17073170731707,63.41463414634146,9.75609756097561
E00185919,408,56,22,34,352,320,32,13.725490196078432,5.392156862745098,8.333333333333332,86.27450980392157,78.43137254901961,7.8431372549019605
E00185925,71,10,2,8,61,48,13,14.084507042253522,2.8169014084507045,11.267605633802818,85.91549295774648,67.6056338028169,18.30985915492958
E00185929,195,57,17,40,138,124,14,29.230769230769234,8.717948717948717,20.51282051282051,70.76923076923077,63.589743589743584,7.179487179487179
E00185936,141,19,5,14,122,103,19,13.47517730496454,3.546099290780142,9.929078014184398,86.52482269503547,73.04964539007092,13.47517730496454
E00185939,260,63,15,48,197,162,35,24.23076923076923,5.769230769230769,18.461538461538463,75.76923076923077,62.30769230769231,13.461538461538462
E00185947,240,68,19,49,172,145,27,28.333333333333332,7.916666666666666,20.416666666666668,71.66666666666667,60.416666666666664,11.25
E00185953,217,41,17,24,176,154,22,18.89400921658986,7.834101382488479,11.059907834101383,81.10599078341014,70.96774193548387,10.138248847926267
E00185962,180,43,14,29,137,121,16,23.88888888888889,7.777777777777778,16.11111111111111,76.11111111111111,67.22222222222223,8.88888888888889
E00185964,70,14,1,13,56,50,6,20,1.4285714285714286,18.571428571428573,80,71.42857142857143,8.571428571428571
E00185967,318,86,29,57,232,194,38,27.044025157232703,9.119496855345911,17.92452830188679,72.95597484276729,61.0062893081761,11.949685534591195
E00185970,161,51,26,25,110,80,30,31.67701863354037,16.149068322981368,15.527950310559005,68.32298136645963,49.68944099378882,18.633540372670808
E00185974,184,40,17,23,144,122,22,21.73913043478261,9.239130434782608,12.5,78.26086956521739,66.30434782608695,11.956521739130435
E00185975,187,36,9,27,151,138,13,19.25133689839572,4.81283422459893,14.43850267379679,80.74866310160428,73.79679144385027,6.951871657754011
E00185984,209,47,14,33,162,138,24,22.48803827751196,6.698564593301436,15.789473684210526,77.51196172248804,66.02870813397129,11.483253588516746
E00185988,335,68,20,48,267,226,41,20.298507462686565,5.970149253731343,14.328358208955224,79.70149253731343,67.46268656716417,12.238805970149254
E00185997,153,26,6,20,127,104,23,16.99346405228758,3.9215686274509802,13.071895424836603,83.00653594771242,67.97385620915033,15.032679738562091
E00186000,165,32,14,18,133,106,27,19.393939393939394,8.484848484848486,10.909090909090908,80.60606060606061,64.24242424242425,16.363636363636363
E00186002,278,77,23,54,201,180,21,27.697841726618705,8.273381294964029,19.424460431654676,72.3021582733813,64.74820143884892,7.553956834532374
E00186006,248,55,11,44,193,178,15,22.177419354838708,4.435483870967742,17.741935483870968,77.82258064516128,71.7741935483871,6.048387096774194
E00186017,197,43,12,31,154,129,25,21.82741116751269,6.091370558375635,15.736040609137056,78.1725888324873,65.48223350253807,12.690355329949238
E00186022,42,14,9,5,28,27,1,33.33333333333333,21.428571428571427,11.904761904761903,66.66666666666666,64.28571428571429,2.380952380952381
E00186023,294,79,25,54,215,185,30,26.87074829931973,8.503401360544217,18.367346938775512,73.12925170068027,62.925170068027214,10.204081632653061
E00186025,350,62,19,43,288,254,34,17.71428571428571,5.428571428571429,12.285714285714286,82.28571428571428,72.57142857142857,9.714285714285714
E00186029,144,41,11,30,103,85,18,28.47222222222222,7.638888888888889,20.833333333333336,71.52777777777779,59.02777777777778,12.5
E00186039,195,33,11,22,162,141,21,16.923076923076923,5.641025641025641,11.282051282051283,83.07692307692308,72.3076923076923,10.76923076923077
E00186040,238,42,7,35,196,172,24,17.647058823529413,2.941176470588235,14.705882352941178,82.35294117647058,72.26890756302521,10.084033613445378
E00186045,253,41,10,31,212,188,24,16.205533596837945,3.9525691699604746,12.25296442687747,83.79446640316206,74.30830039525692,9.486166007905137
E00186047,178,48,14,34,130,120,10,26.96629213483146,7.865168539325842,19.101123595505616,73.03370786516854,67.41573033707866,5.617977528089887
E00186049,170,31,13,18,139,113,26,18.235294117647058,7.647058823529412,10.588235294117647,81.76470588235294,66.47058823529412,15.294117647058824
E00186051,65,12,7,5,53,40,13,18.461538461538463,10.76923076923077,7.6923076923076925,81.53846153846153,61.53846153846154,20
E00186056,126,19,7,12,107,99,8,15.079365079365079,5.555555555555555,9.523809523809524,84.92063492063492,78.57142857142857,6.349206349206349
E00186066,136,33,10,23,103,81,22,24.264705882352942,7.352941176470589,16.911764705882355,75.73529411764706,59.55882352941176,16.176470588235293
E00186067,139,30,7,23,109,98,11,21.58273381294964,5.0359712230215825,16.546762589928058,78.41726618705036,70.50359712230215,7.913669064748201
E00186073,144,45,13,32,99,76,23,31.25,9.027777777777777,22.22222222222222,68.75,52.77777777777778,15.972222222222221
E00186074,100,31,12,19,69,56,13,31,12,19,69,56.00000000000001,13
E00186076,148,33,11,22,115,104,11,22.2972972972973,7.4324324324324325,14.864864864864865,77.7027027027027,70.27027027027027,7.4324324324324325
E00186078,88,20,7,13,68,59,9,22.727272727272727,7.954545454545454,14.772727272727273,77.27272727272727,67.04545454545455,10.227272727272728
E00186084,125,35,13,22,90,74,16,28.000000000000004,10.4,17.599999999999998,72,59.199999999999996,12.8
