OA,ts0590001,ts0590002,ts0590003,ts0590004,ts0590005,ts0590006,ts0590007,ts0590002_PCT,ts0590003_PCT,ts0590004_PCT,ts0590005_PCT,ts0590006_PCT,ts0590007_PCT
E00051109,159,47,16,31,112,97,15,29.559748427672954,10.062893081761008,19.49685534591195,70.44025157232704,61.0062893081761,9.433962264150944
E00051110,130,37,16,21,93,79,14,28.46153846153846,12.307692307692308,16.153846153846153,71.53846153846153,60.76923076923077,10.76923076923077
E00051111,148,38,18,20,110,91,19,25.675675675675674,12.162162162162163,13.513513513513514,74.32432432432432,61.48648648648649,12.837837837837837
E00051112,149,43,13,30,106,92,14,28.859060402684566,8.724832214765101,20.13422818791946,71.14093959731544,61.74496644295302,9.395973154362416
E00051113,150,47,23,24,103,90,13,31.333333333333336,15.333333333333332,16,68.66666666666667,60,8.666666666666668
E00051114,156,48,24,24,108,89,19,30.76923076923077,15.384615384615385,15.384615384615385,69.23076923076923,57.05128205128205,12.179487179487179
E00051115,107,39,15,24,68,56,12,36.44859813084112,14.018691588785046,22.429906542056074,63.55140186915887,52.336448598130836,11.214953271028037
E00051116,119,37,17,20,82,75,7,31.092436974789916,14.285714285714285,16.80672268907563,68.90756302521008,63.02521008403361,5.88235294117647
E00051117,164,63,23,40,101,75,26,38.41463414634146,14.02439024390244,24.390243902439025,61.58536585365854,45.73170731707317,15.853658536585366
E00051118,145,39,19,20,106,77,29,26.89655172413793,13.10344827586207,13.793103448275861,73.10344827586206,53.103448275862064,20
E00051119,143,37,12,25,106,102,4,25.874125874125873,8.391608391608392,17.482517482517483,74.12587412587412,71.32867132867133,2.797202797202797
E00051120,241,55,22,33,186,153,33,22.821576763485478,9.12863070539419,13.692946058091287,77.17842323651453,63.48547717842323,13.692946058091287
E00051121,138,39,11,28,99,87,12,28.26086956521739,7.971014492753622,20.28985507246377,71.73913043478261,63.04347826086957,8.695652173913043
E00051122,157,50,12,38,107,97,10,31.84713375796178,7.643312101910828,24.203821656050955,68.15286624203821,61.78343949044586,6.369426751592357
E00051123,165,58,24,34,107,88,19,35.15151515151515,14.545454545454545,20.606060606060606,64.84848484848484,53.333333333333336,11.515151515151516
E00051125,214,43,22,21,171,153,18,20.093457943925234,10.2803738317757,9.813084112149532,79.90654205607477,71.49532710280374,8.411214953271028
E00051126,105,24,9,15,81,70,11,22.857142857142858,8.571428571428571,14.285714285714285,77.14285714285715,66.66666666666666,10.476190476190476
E00051127,142,42,17,25,100,93,7,29.577464788732392,11.971830985915492,17.6056338028169,70.4225352112676,65.49295774647888,4.929577464788732
E00051128,138,35,8,27,103,94,9,25.36231884057971,5.797101449275362,19.565217391304348,74.63768115942028,68.11594202898551,6.521739130434782
E00051129,155,37,10,27,118,102,16,23.870967741935484,6.451612903225806,17.419354838709676,76.12903225806451,65.80645161290323,10.32258064516129
E00051130,150,36,10,26,114,100,14,24,6.666666666666667,17.333333333333336,76,66.66666666666666,9.333333333333334
E00051131,168,39,9,30,129,118,11,23.214285714285715,5.357142857142857,17.857142857142858,76.78571428571429,70.23809523809523,6.547619047619048
E00051132,157,43,13,30,114,100,14,27.388535031847134,8.280254777070063,19.10828025477707,72.61146496815286,63.69426751592356,8.9171974522293
E00051133,121,36,14,22,85,71,14,29.75206611570248,11.570247933884298,18.181818181818183,70.24793388429752,58.67768595041323,11.570247933884298
E00051135,196,45,14,31,151,128,23,22.95918367346939,7.142857142857142,15.816326530612246,77.04081632653062,65.3061224489796,11.73469387755102
E00051136,142,42,10,32,100,88,12,29.577464788732392,7.042253521126761,22.535211267605636,70.4225352112676,61.97183098591549,8.450704225352112
E00051137,147,49,15,34,98,89,9,33.33333333333333,10.204081632653061,23.12925170068027,66.66666666666666,60.544217687074834,6.122448979591836
E00051138,139,44,13,31,95,81,14,31.654676258992804,9.352517985611511,22.302158273381295,68.34532374100719,58.27338129496403,10.071942446043165
E00051139,116,34,6,28,82,78,4,29.310344827586203,5.172413793103448,24.137931034482758,70.6896551724138,67.24137931034483,3.4482758620689653
E00051140,130,28,15,13,102,91,11,21.53846153846154,11.538461538461538,10,78.46153846153847,70,8.461538461538462
E00051141,139,43,7,36,96,84,12,30.935251798561154,5.0359712230215825,25.899280575539567,69.06474820143885,60.431654676258994,8.633093525179856
E00051142,115,35,7,28,80,72,8,30.434782608695656,6.086956521739131,24.347826086956523,69.56521739130434,62.60869565217392,6.956521739130435
E00051143,87,22,8,14,65,58,7,25.287356321839084,9.195402298850574,16.091954022988507,74.71264367816092,66.66666666666666,8.045977011494253
E00051144,126,45,14,31,81,75,6,35.714285714285715,11.11111111111111,24.6031746031746,64.28571428571429,59.523809523809526,4.761904761904762
E00051145,118,27,11,16,91,82,9,22.88135593220339,9.322033898305085,13.559322033898304,77.11864406779661,69.49152542372882,7.627118644067797
E00051146,147,42,14,28,105,83,22,28.57142857142857,9.523809523809524,19.047619047619047,71.42857142857143,56.4625850340136,14.965986394557824
E00051147,169,53,19,34,116,79,37,31.360946745562128,11.242603550295858,20.118343195266274,68.63905325443787,46.74556213017752,21.893491124260358
E00051148,170,43,18,25,127,89,38,25.294117647058822,10.588235294117647,14.705882352941178,74.70588235294117,52.352941176470594,22.35294117647059
E00051149,117,33,16,17,84,62,22,28.205128205128204,13.675213675213676,14.529914529914532,71.7948717948718,52.991452991452995,18.803418803418804
E00051150,195,50,15,35,145,119,26,25.64102564102564,7.6923076923076925,17.94871794871795,74.35897435897436,61.02564102564103,13.333333333333334
E00051151,96,28,16,12,68,52,16,29.166666666666668,16.666666666666664,12.5,70.83333333333334,54.166666666666664,16.666666666666664
E00051152,175,58,27,31,117,87,30,33.14285714285714,15.428571428571427,17.71428571428571,66.85714285714286,49.714285714285715,17.142857142857142
E00051153,108,25,2,23,83,78,5,23.14814814814815,1.8518518518518516,21.296296296296298,76.85185185185185,72.22222222222221,4.62962962962963
E00051154,141,42,12,30,99,84,15,29.78723404255319,8.51063829787234,21.27659574468085,70.2127659574468,59.57446808510638,10.638297872340425
E00051155,171,48,20,28,123,107,16,28.07017543859649,11.695906432748536,16.374269005847953,71.9298245614035,62.57309941520468,9.35672514619883
E00051156,150,46,23,23,104,92,12,30.666666666666664,15.333333333333332,15.333333333333332,69.33333333333334,61.33333333333333,8
E00051157,136,37,14,23,99,80,19,27.205882352941174,10.294117647058822,16.911764705882355,72.79411764705883,58.82352941176471,13.970588235294118
E00051158,155,46,9,37,109,95,14,29.677419354838708,5.806451612903226,23.870967741935484,70.3225806451613,61.29032258064516,9.032258064516128
E00051159,141,45,18,27,96,85,11,31.914893617021278,12.76595744680851,19.148936170212767,68.08510638297872,60.28368794326241,7.801418439716312
E00051160,144,35,7,28,109,97,12,24.305555555555554,4.861111111111112,19.444444444444446,75.69444444444444,67.36111111111111,8.333333333333332
E00051161,113,32,12,20,81,74,7,28.31858407079646,10.619469026548673,17.699115044247787,71.68141592920354,65.48672566371681,6.1946902654867255
E00051162,143,40,12,28,103,95,8,27.972027972027973,8.391608391608392,19.58041958041958,72.02797202797203,66.43356643356644,5.594405594405594
E00051163,161,46,14,32,115,101,14,28.57142857142857,8.695652173913043,19.875776397515526,71.42857142857143,62.732919254658384,8.695652173913043
E00051164,112,30,13,17,82,68,14,26.785714285714285,11.607142857142858,15.178571428571427,73.21428571428571,60.71428571428571,12.5
E00051165,128,36,9,27,92,82,10,28.125,7.03125,21.09375,71.875,64.0625,7.8125
E00051166,138,42,10,32,96,87,9,30.434782608695656,7.246376811594203,23.18840579710145,69.56521739130434,63.04347826086957,6.521739130434782
E00051167,150,55,20,35,95,82,13,36.666666666666664,13.333333333333334,23.333333333333332,63.33333333333333,54.666666666666664,8.666666666666668
E00051168,155,33,11,22,122,113,9,21.29032258064516,7.096774193548387,14.193548387096774,78.70967741935485,72.90322580645162,5.806451612903226
E00051169,180,39,12,27,141,126,15,21.666666666666668,6.666666666666667,15,78.33333333333333,70,8.333333333333332
E00051170,178,55,23,32,123,106,17,30.89887640449438,12.921348314606742,17.97752808988764,69.10112359550563,59.55056179775281,9.550561797752808
E00051171,134,41,9,32,93,85,8,30.597014925373134,6.7164179104477615,23.88059701492537,69.40298507462687,63.43283582089553,5.970149253731343
E00051172,93,28,9,19,65,62,3,30.107526881720432,9.67741935483871,20.43010752688172,69.89247311827957,66.66666666666666,3.225806451612903
E00051173,176,58,25,33,118,103,15,32.95454545454545,14.204545454545455,18.75,67.04545454545455,58.52272727272727,8.522727272727272
E00051174,253,54,17,37,199,181,18,21.34387351778656,6.719367588932807,14.624505928853754,78.65612648221344,71.54150197628458,7.114624505928854
E00051175,143,41,20,21,102,94,8,28.671328671328673,13.986013986013987,14.685314685314685,71.32867132867133,65.73426573426573,5.594405594405594
E00051176,140,46,10,36,94,85,9,32.857142857142854,7.142857142857142,25.71428571428571,67.14285714285714,60.71428571428571,6.428571428571428
E00051177,163,55,15,40,108,90,18,33.74233128834356,9.202453987730062,24.539877300613497,66.25766871165644,55.21472392638037,11.042944785276074
E00051178,112,31,8,23,81,77,4,27.67857142857143,7.142857142857142,20.535714285714285,72.32142857142857,68.75,3.571428571428571
E00051179,87,26,9,17,61,54,7,29.88505747126437,10.344827586206897,19.54022988505747,70.11494252873564,62.06896551724138,8.045977011494253
E00051180,139,41,13,28,98,84,14,29.496402877697843,9.352517985611511,20.14388489208633,70.50359712230215,60.431654676258994,10.071942446043165
E00051181,86,20,6,14,66,59,7,23.25581395348837,6.976744186046512,16.27906976744186,76.74418604651163,68.6046511627907,8.13953488372093
E00051182,82,32,12,20,50,45,5,39.02439024390244,14.634146341463413,24.390243902439025,60.97560975609756,54.87804878048781,6.097560975609756
E00051183,125,31,11,20,94,89,5,24.8,8.799999999999999,16,75.2,71.2,4
E00051184,160,48,12,36,112,97,15,30,7.5,22.5,70,60.62499999999999,9.375
E00051185,104,33,12,21,71,61,10,31.73076923076923,11.538461538461538,20.192307692307693,68.26923076923077,58.65384615384615,9.615384615384617
E00051186,141,49,21,28,92,79,13,34.751773049645394,14.893617021276595,19.858156028368796,65.24822695035462,56.02836879432624,9.219858156028367
E00051187,138,29,6,23,109,92,17,21.014492753623188,4.3478260869565215,16.666666666666664,78.98550724637681,66.66666666666666,12.318840579710146
E00051188,126,35,14,21,91,80,11,27.77777777777778,11.11111111111111,16.666666666666664,72.22222222222221,63.49206349206349,8.73015873015873
E00051189,144,34,13,21,110,96,14,23.61111111111111,9.027777777777777,14.583333333333334,76.38888888888889,66.66666666666666,9.722222222222223
E00051190,155,53,15,38,102,94,8,34.193548387096776,9.67741935483871,24.516129032258064,65.80645161290323,60.64516129032258,5.161290322580645
E00051191,104,35,17,18,69,63,6,33.65384615384615,16.346153846153847,17.307692307692307,66.34615384615384,60.57692307692307,5.769230769230769
E00051194,183,43,17,26,140,123,17,23.497267759562842,9.289617486338798,14.207650273224044,76.50273224043715,67.21311475409836,9.289617486338798
E00051195,115,34,17,17,81,70,11,29.565217391304348,14.782608695652174,14.782608695652174,70.43478260869566,60.86956521739131,9.565217391304348
E00051196,66,31,6,25,35,29,6,46.96969696969697,9.090909090909092,37.878787878787875,53.03030303030303,43.93939393939394,9.090909090909092
E00051197,108,40,16,24,68,64,4,37.03703703703704,14.814814814814813,22.22222222222222,62.96296296296296,59.25925925925925,3.7037037037037033
E00051198,103,34,8,26,69,56,13,33.00970873786408,7.766990291262135,25.24271844660194,66.99029126213593,54.36893203883495,12.62135922330097
E00051199,70,16,6,10,54,50,4,22.857142857142858,8.571428571428571,14.285714285714285,77.14285714285715,71.42857142857143,5.714285714285714
E00051200,158,57,20,37,101,88,13,36.075949367088604,12.658227848101266,23.417721518987342,63.92405063291139,55.69620253164557,8.227848101265822
E00051201,99,33,7,26,66,63,3,33.33333333333333,7.07070707070707,26.262626262626267,66.66666666666666,63.63636363636363,3.0303030303030303
E00051202,226,57,15,42,169,155,14,25.221238938053098,6.637168141592921,18.58407079646018,74.77876106194691,68.58407079646017,6.1946902654867255
E00051203,58,17,7,10,41,39,2,29.310344827586203,12.068965517241379,17.24137931034483,70.6896551724138,67.24137931034483,3.4482758620689653
E00051204,67,20,11,9,47,46,1,29.850746268656714,16.417910447761194,13.432835820895523,70.1492537313433,68.65671641791045,1.4925373134328357
E00051205,95,28,6,22,67,58,9,29.47368421052631,6.315789473684211,23.157894736842106,70.52631578947368,61.05263157894737,9.473684210526317
E00051206,126,37,10,27,89,79,10,29.365079365079367,7.936507936507936,21.428571428571427,70.63492063492063,62.698412698412696,7.936507936507936
E00051207,179,59,10,49,120,110,10,32.960893854748605,5.58659217877095,27.37430167597765,67.0391061452514,61.452513966480446,5.58659217877095
E00051208,124,43,13,30,81,72,9,34.67741935483871,10.483870967741936,24.193548387096776,65.32258064516128,58.06451612903226,7.258064516129033
E00051209,141,41,10,31,100,89,11,29.078014184397162,7.092198581560284,21.98581560283688,70.92198581560284,63.12056737588653,7.801418439716312
E00051210,140,43,10,33,97,94,3,30.714285714285715,7.142857142857142,23.57142857142857,69.28571428571428,67.14285714285714,2.142857142857143
E00051211,108,32,5,27,76,66,10,29.629629629629626,4.62962962962963,25,70.37037037037037,61.111111111111114,9.25925925925926
E00051212,100,32,13,19,68,61,7,32,13,19,68,61,7.000000000000001
E00051213,134,38,10,28,96,88,8,28.35820895522388,7.462686567164178,20.8955223880597,71.64179104477611,65.67164179104478,5.970149253731343
E00051214,200,44,12,32,156,140,16,22,6,16,78,70,8
E00051215,96,30,8,22,66,57,9,31.25,8.333333333333332,22.916666666666664,68.75,59.375,9.375
E00051216,67,22,4,18,45,45,0,32.83582089552239,5.970149253731343,26.865671641791046,67.16417910447761,67.16417910447761,0
E00051217,82,20,7,13,62,57,5,24.390243902439025,8.536585365853659,15.853658536585366,75.60975609756098,69.51219512195121,6.097560975609756
E00051218,64,29,6,23,35,32,3,45.3125,9.375,35.9375,54.6875,50,4.6875
E00051219,83,33,11,22,50,41,9,39.75903614457831,13.253012048192772,26.506024096385545,60.24096385542169,49.39759036144578,10.843373493975903
E00051220,103,28,9,19,75,68,7,27.184466019417474,8.737864077669903,18.446601941747574,72.81553398058253,66.01941747572816,6.796116504854369
E00051221,105,36,8,28,69,68,1,34.285714285714285,7.6190476190476195,26.666666666666668,65.71428571428571,64.76190476190476,0.9523809523809524
E00051222,89,32,11,21,57,57,0,35.95505617977528,12.359550561797752,23.595505617977526,64.04494382022472,64.04494382022472,0
E00051223,108,36,8,28,72,63,9,33.33333333333333,7.4074074074074066,25.925925925925924,66.66666666666666,58.333333333333336,8.333333333333332
E00051224,98,29,11,18,69,63,6,29.591836734693878,11.224489795918368,18.367346938775512,70.40816326530613,64.28571428571429,6.122448979591836
E00051225,110,27,5,22,83,72,11,24.545454545454547,4.545454545454546,20,75.45454545454545,65.45454545454545,10
E00051226,93,32,12,20,61,56,5,34.40860215053764,12.903225806451612,21.50537634408602,65.59139784946237,60.215053763440864,5.376344086021505
E00051227,140,44,20,24,96,84,12,31.428571428571427,14.285714285714285,17.142857142857142,68.57142857142857,60,8.571428571428571
E00051228,145,47,17,30,98,89,9,32.41379310344827,11.724137931034482,20.689655172413794,67.58620689655173,61.37931034482759,6.206896551724138
E00051229,150,41,12,29,109,95,14,27.333333333333332,8,19.333333333333332,72.66666666666667,63.33333333333333,9.333333333333334
E00051230,141,32,16,16,109,103,6,22.69503546099291,11.347517730496454,11.347517730496454,77.30496453900709,73.04964539007092,4.25531914893617
E00051231,148,32,5,27,116,100,16,21.62162162162162,3.3783783783783785,18.243243243243242,78.37837837837837,67.56756756756756,10.81081081081081
E00051232,140,39,16,23,101,95,6,27.857142857142858,11.428571428571429,16.428571428571427,72.14285714285714,67.85714285714286,4.285714285714286
E00051233,170,47,10,37,123,111,12,27.647058823529413,5.88235294117647,21.764705882352942,72.35294117647058,65.29411764705883,7.0588235294117645
E00051234,120,38,10,28,82,71,11,31.666666666666664,8.333333333333332,23.333333333333332,68.33333333333333,59.166666666666664,9.166666666666666
E00051235,154,48,15,33,106,94,12,31.16883116883117,9.740259740259742,21.428571428571427,68.83116883116884,61.038961038961034,7.792207792207792
E00051236,84,30,9,21,54,46,8,35.714285714285715,10.714285714285714,25,64.28571428571429,54.761904761904766,9.523809523809524
E00051237,129,28,5,23,101,97,4,21.705426356589147,3.875968992248062,17.829457364341085,78.29457364341084,75.1937984496124,3.10077519379845
E00051238,141,35,13,22,106,93,13,24.822695035460992,9.219858156028367,15.602836879432624,75.177304964539,65.95744680851064,9.219858156028367
E00051239,120,31,14,17,89,79,10,25.833333333333336,11.666666666666666,14.166666666666666,74.16666666666667,65.83333333333333,8.333333333333332
E00051240,138,49,17,32,89,77,12,35.507246376811594,12.318840579710146,23.18840579710145,64.4927536231884,55.79710144927537,8.695652173913043
E00051241,155,53,12,41,102,86,16,34.193548387096776,7.741935483870968,26.451612903225808,65.80645161290323,55.483870967741936,10.32258064516129
E00051242,130,40,13,27,90,83,7,30.76923076923077,10,20.76923076923077,69.23076923076923,63.84615384615384,5.384615384615385
E00051243,106,31,8,23,75,72,3,29.245283018867923,7.547169811320755,21.69811320754717,70.75471698113208,67.9245283018868,2.8301886792452833
E00051244,154,44,20,24,110,95,15,28.57142857142857,12.987012987012985,15.584415584415584,71.42857142857143,61.68831168831169,9.740259740259742
E00051245,158,48,16,32,110,96,14,30.37974683544304,10.126582278481013,20.253164556962027,69.62025316455697,60.75949367088608,8.860759493670885
E00051246,129,36,9,27,93,75,18,27.906976744186046,6.976744186046512,20.930232558139537,72.09302325581395,58.139534883720934,13.953488372093023
E00051247,148,29,12,17,119,110,9,19.594594594594593,8.108108108108109,11.486486486486488,80.4054054054054,74.32432432432432,6.081081081081082
E00051248,143,42,13,29,101,87,14,29.37062937062937,9.090909090909092,20.27972027972028,70.62937062937063,60.83916083916085,9.79020979020979
E00051249,133,49,12,37,84,72,12,36.84210526315789,9.022556390977442,27.819548872180448,63.1578947368421,54.13533834586466,9.022556390977442
E00051250,136,37,10,27,99,90,9,27.205882352941174,7.352941176470589,19.852941176470587,72.79411764705883,66.17647058823529,6.61764705882353
E00051251,169,45,17,28,124,116,8,26.627218934911244,10.059171597633137,16.56804733727811,73.37278106508876,68.63905325443787,4.733727810650888
E00051252,149,49,11,38,100,91,9,32.88590604026846,7.38255033557047,25.503355704697988,67.11409395973155,61.07382550335571,6.0402684563758395
E00051253,180,44,19,25,136,120,16,24.444444444444443,10.555555555555555,13.88888888888889,75.55555555555556,66.66666666666666,8.88888888888889
E00051254,140,25,10,15,115,103,12,17.857142857142858,7.142857142857142,10.714285714285714,82.14285714285714,73.57142857142858,8.571428571428571
E00051255,79,23,7,16,56,48,8,29.11392405063291,8.860759493670885,20.253164556962027,70.88607594936708,60.75949367088608,10.126582278481013
E00051256,59,17,10,7,42,42,0,28.8135593220339,16.94915254237288,11.864406779661017,71.1864406779661,71.1864406779661,0
E00051257,170,55,21,34,115,102,13,32.35294117647059,12.352941176470589,20,67.64705882352942,60,7.647058823529412
E00051258,171,42,13,29,129,110,19,24.561403508771928,7.602339181286549,16.95906432748538,75.43859649122807,64.32748538011695,11.11111111111111
E00051259,172,45,6,39,127,112,15,26.16279069767442,3.488372093023256,22.674418604651162,73.83720930232558,65.11627906976744,8.720930232558139
E00051260,95,30,11,19,65,58,7,31.57894736842105,11.578947368421053,20,68.42105263157895,61.05263157894737,7.368421052631578
E00051261,161,38,5,33,123,109,14,23.60248447204969,3.1055900621118013,20.496894409937887,76.3975155279503,67.70186335403726,8.695652173913043
E00051262,169,47,14,33,122,107,15,27.810650887573964,8.284023668639055,19.526627218934912,72.18934911242604,63.31360946745562,8.875739644970414
E00051263,88,18,2,16,70,66,4,20.454545454545457,2.272727272727273,18.181818181818183,79.54545454545455,75,4.545454545454546
E00051264,138,36,9,27,102,95,7,26.08695652173913,6.521739130434782,19.565217391304348,73.91304347826086,68.84057971014492,5.072463768115942
E00051265,110,36,6,30,74,66,8,32.72727272727273,5.454545454545454,27.27272727272727,67.27272727272727,60,7.2727272727272725
E00051266,119,38,11,27,81,73,8,31.932773109243694,9.243697478991598,22.689075630252102,68.0672268907563,61.34453781512605,6.722689075630252
E00051267,133,36,15,21,97,85,12,27.06766917293233,11.278195488721805,15.789473684210526,72.93233082706767,63.90977443609023,9.022556390977442
E00051268,114,43,13,30,71,62,9,37.719298245614034,11.403508771929824,26.31578947368421,62.28070175438597,54.385964912280706,7.894736842105263
E00051269,87,34,9,25,53,46,7,39.08045977011494,10.344827586206897,28.735632183908045,60.91954022988506,52.87356321839081,8.045977011494253
E00051270,148,36,7,29,112,102,10,24.324324324324326,4.72972972972973,19.594594594594593,75.67567567567568,68.91891891891892,6.756756756756757
E00051271,73,23,7,16,50,44,6,31.506849315068493,9.58904109589041,21.91780821917808,68.4931506849315,60.273972602739725,8.21917808219178
E00051272,97,26,6,20,71,60,11,26.804123711340207,6.185567010309279,20.618556701030926,73.19587628865979,61.855670103092784,11.34020618556701
E00051273,142,38,7,31,104,94,10,26.76056338028169,4.929577464788732,21.830985915492956,73.23943661971832,66.19718309859155,7.042253521126761
E00051274,246,54,21,33,192,171,21,21.951219512195124,8.536585365853659,13.414634146341465,78.04878048780488,69.51219512195121,8.536585365853659
E00051275,92,29,10,19,63,63,0,31.521739130434785,10.869565217391305,20.652173913043477,68.47826086956522,68.47826086956522,0
E00051276,153,34,14,20,119,112,7,22.22222222222222,9.15032679738562,13.071895424836603,77.77777777777779,73.20261437908496,4.57516339869281
E00051277,105,35,16,19,70,65,5,33.33333333333333,15.238095238095239,18.095238095238095,66.66666666666666,61.904761904761905,4.761904761904762
E00051278,138,49,9,40,89,83,6,35.507246376811594,6.521739130434782,28.985507246376812,64.4927536231884,60.14492753623188,4.3478260869565215
E00051279,89,43,13,30,46,43,3,48.31460674157304,14.606741573033707,33.70786516853933,51.68539325842697,48.31460674157304,3.3707865168539324
E00051280,127,38,8,30,89,79,10,29.92125984251969,6.299212598425196,23.62204724409449,70.07874015748031,62.20472440944882,7.874015748031496
E00051281,62,14,5,9,48,37,11,22.58064516129032,8.064516129032258,14.516129032258066,77.41935483870968,59.67741935483871,17.741935483870968
E00051282,137,42,15,27,95,89,6,30.656934306569344,10.948905109489052,19.708029197080293,69.34306569343066,64.96350364963503,4.37956204379562
E00051283,73,23,6,17,50,50,0,31.506849315068493,8.21917808219178,23.28767123287671,68.4931506849315,68.4931506849315,0
E00051284,141,37,10,27,104,87,17,26.24113475177305,7.092198581560284,19.148936170212767,73.75886524822694,61.702127659574465,12.056737588652481
E00051285,122,40,16,24,82,73,9,32.78688524590164,13.114754098360656,19.672131147540984,67.21311475409836,59.83606557377049,7.377049180327869
E00051286,98,27,8,19,71,61,10,27.55102040816326,8.16326530612245,19.387755102040817,72.44897959183673,62.244897959183675,10.204081632653061
E00051287,76,23,11,12,53,46,7,30.263157894736842,14.473684210526317,15.789473684210526,69.73684210526315,60.526315789473685,9.210526315789473
E00051288,115,28,6,22,87,75,12,24.347826086956523,5.217391304347826,19.130434782608695,75.65217391304347,65.21739130434783,10.434782608695652
E00051289,83,29,10,19,54,49,5,34.93975903614458,12.048192771084338,22.89156626506024,65.06024096385542,59.036144578313255,6.024096385542169
E00051290,126,32,13,19,94,82,12,25.396825396825395,10.317460317460316,15.079365079365079,74.60317460317461,65.07936507936508,9.523809523809524
E00051291,146,39,11,28,107,94,13,26.71232876712329,7.534246575342466,19.17808219178082,73.28767123287672,64.38356164383562,8.904109589041095
E00051292,102,27,9,18,75,61,14,26.47058823529412,8.823529411764707,17.647058823529413,73.52941176470588,59.80392156862745,13.725490196078432
E00051293,133,30,6,24,103,91,12,22.55639097744361,4.511278195488721,18.045112781954884,77.44360902255639,68.42105263157895,9.022556390977442
E00051294,132,40,9,31,92,82,10,30.303030303030305,6.8181818181818175,23.484848484848484,69.6969696969697,62.121212121212125,7.575757575757576
E00051295,188,40,9,31,148,131,17,21.27659574468085,4.787234042553192,16.48936170212766,78.72340425531915,69.68085106382979,9.042553191489363
E00051296,117,34,14,20,83,79,4,29.059829059829063,11.965811965811966,17.094017094017094,70.94017094017094,67.52136752136752,3.418803418803419
E00051297,210,59,18,41,151,135,16,28.095238095238095,8.571428571428571,19.523809523809526,71.9047619047619,64.28571428571429,7.6190476190476195
E00051298,98,25,10,15,73,67,6,25.510204081632654,10.204081632653061,15.306122448979592,74.48979591836735,68.36734693877551,6.122448979591836
E00051299,126,34,11,23,92,77,15,26.984126984126984,8.73015873015873,18.253968253968253,73.01587301587301,61.111111111111114,11.904761904761903
E00051300,147,42,10,32,105,100,5,28.57142857142857,6.802721088435375,21.768707482993197,71.42857142857143,68.02721088435374,3.4013605442176873
E00051301,131,43,19,24,88,78,10,32.82442748091603,14.50381679389313,18.3206106870229,67.17557251908397,59.541984732824424,7.633587786259542
E00051302,142,48,22,26,94,82,12,33.80281690140845,15.492957746478872,18.30985915492958,66.19718309859155,57.74647887323944,8.450704225352112
E00051303,106,38,10,28,68,65,3,35.84905660377358,9.433962264150944,26.41509433962264,64.15094339622641,61.32075471698113,2.8301886792452833
E00051304,150,44,13,31,106,100,6,29.333333333333332,8.666666666666668,20.666666666666668,70.66666666666667,66.66666666666666,4
E00051305,66,27,4,23,39,32,7,40.909090909090914,6.0606060606060606,34.84848484848485,59.09090909090909,48.484848484848484,10.606060606060606
E00051306,115,36,12,24,79,66,13,31.30434782608696,10.434782608695652,20.869565217391305,68.69565217391305,57.391304347826086,11.304347826086957
E00051307,156,42,10,32,114,94,20,26.923076923076923,6.41025641025641,20.51282051282051,73.07692307692307,60.256410256410255,12.82051282051282
E00051308,127,37,16,21,90,85,5,29.133858267716533,12.598425196850393,16.535433070866144,70.86614173228347,66.92913385826772,3.937007874015748
E00051309,175,41,7,34,134,121,13,23.42857142857143,4,19.428571428571427,76.57142857142857,69.14285714285714,7.428571428571429
E00051310,114,22,5,17,92,77,15,19.298245614035086,4.385964912280701,14.912280701754385,80.7017543859649,67.54385964912281,13.157894736842104
E00051311,117,38,13,25,79,71,8,32.47863247863248,11.11111111111111,21.367521367521366,67.52136752136752,60.68376068376068,6.837606837606838
E00051312,116,26,7,19,90,79,11,22.413793103448278,6.0344827586206895,16.379310344827587,77.58620689655173,68.10344827586206,9.482758620689655
E00051313,145,41,13,28,104,89,15,28.27586206896552,8.96551724137931,19.310344827586206,71.72413793103448,61.37931034482759,10.344827586206897
E00051314,117,27,8,19,90,78,12,23.076923076923077,6.837606837606838,16.23931623931624,76.92307692307693,66.66666666666666,10.256410256410255
E00051315,102,27,4,23,75,69,6,26.47058823529412,3.9215686274509802,22.54901960784314,73.52941176470588,67.64705882352942,5.88235294117647
E00051316,92,47,23,24,45,44,1,51.08695652173913,25,26.08695652173913,48.91304347826087,47.82608695652174,1.0869565217391304
E00051317,144,44,24,20,100,80,20,30.555555555555557,16.666666666666664,13.88888888888889,69.44444444444444,55.55555555555556,13.88888888888889
E00051318,135,40,19,21,95,74,21,29.629629629629626,14.074074074074074,15.555555555555555,70.37037037037037,54.81481481481482,15.555555555555555
E00051319,130,47,25,22,83,58,25,36.15384615384615,19.230769230769234,16.923076923076923,63.84615384615384,44.61538461538462,19.230769230769234
E00051320,139,46,11,35,93,79,14,33.093525179856115,7.913669064748201,25.179856115107913,66.90647482014388,56.83453237410072,10.071942446043165
E00051321,129,42,19,23,87,73,14,32.55813953488372,14.728682170542637,17.829457364341085,67.44186046511628,56.58914728682171,10.852713178294573
E00051322,176,57,28,29,119,95,24,32.38636363636363,15.909090909090908,16.477272727272727,67.61363636363636,53.97727272727273,13.636363636363635
E00051323,141,47,11,36,94,66,28,33.33333333333333,7.801418439716312,25.53191489361702,66.66666666666666,46.808510638297875,19.858156028368796
E00051324,153,47,17,30,106,79,27,30.718954248366014,11.11111111111111,19.607843137254903,69.28104575163398,51.633986928104584,17.647058823529413
E00051325,192,50,28,22,142,118,24,26.041666666666668,14.583333333333334,11.458333333333332,73.95833333333334,61.458333333333336,12.5
E00051326,115,33,11,22,82,70,12,28.695652173913043,9.565217391304348,19.130434782608695,71.30434782608695,60.86956521739131,10.434782608695652
E00051327,135,45,17,28,90,75,15,33.33333333333333,12.592592592592592,20.74074074074074,66.66666666666666,55.55555555555556,11.11111111111111
E00051328,264,87,32,55,177,130,47,32.95454545454545,12.121212121212121,20.833333333333336,67.04545454545455,49.24242424242424,17.803030303030305
E00051329,156,46,19,27,110,86,24,29.48717948717949,12.179487179487179,17.307692307692307,70.51282051282051,55.12820512820513,15.384615384615385
E00051330,109,29,14,15,80,53,27,26.605504587155966,12.844036697247708,13.761467889908257,73.39449541284404,48.62385321100918,24.770642201834864
E00051331,98,19,7,12,79,63,16,19.387755102040817,7.142857142857142,12.244897959183673,80.61224489795919,64.28571428571429,16.3265306122449
E00051332,130,38,15,23,92,69,23,29.230769230769234,11.538461538461538,17.692307692307693,70.76923076923077,53.07692307692308,17.692307692307693
E00051333,144,38,13,25,106,83,23,26.38888888888889,9.027777777777777,17.36111111111111,73.61111111111111,57.638888888888886,15.972222222222221
E00051334,88,29,12,17,59,44,15,32.95454545454545,13.636363636363635,19.318181818181817,67.04545454545455,50,17.045454545454543
E00051335,186,72,38,34,114,87,27,38.70967741935484,20.43010752688172,18.27956989247312,61.29032258064516,46.774193548387096,14.516129032258066
E00051336,115,32,15,17,83,65,18,27.82608695652174,13.043478260869565,14.782608695652174,72.17391304347827,56.52173913043478,15.65217391304348
E00051337,158,57,31,26,101,74,27,36.075949367088604,19.62025316455696,16.455696202531644,63.92405063291139,46.835443037974684,17.088607594936708
E00051338,231,63,23,40,168,149,19,27.27272727272727,9.956709956709958,17.316017316017316,72.72727272727273,64.5021645021645,8.225108225108226
E00051339,125,45,16,29,80,62,18,36,12.8,23.200000000000003,64,49.6,14.399999999999999
E00051340,136,42,15,27,94,73,21,30.88235294117647,11.029411764705882,19.852941176470587,69.11764705882352,53.67647058823529,15.441176470588236
E00051341,139,49,21,28,90,64,26,35.25179856115108,15.107913669064748,20.14388489208633,64.74820143884892,46.043165467625904,18.705035971223023
E00051342,117,39,19,20,78,62,16,33.33333333333333,16.23931623931624,17.094017094017094,66.66666666666666,52.991452991452995,13.675213675213676
E00051343,121,30,11,19,91,81,10,24.793388429752067,9.090909090909092,15.702479338842975,75.20661157024794,66.94214876033058,8.264462809917356
E00051344,111,28,10,18,83,69,14,25.225225225225223,9.00900900900901,16.216216216216218,74.77477477477478,62.16216216216216,12.612612612612612
E00051345,158,43,22,21,115,97,18,27.21518987341772,13.924050632911392,13.291139240506327,72.78481012658227,61.39240506329114,11.39240506329114
E00051346,109,35,10,25,74,62,12,32.11009174311927,9.174311926605505,22.93577981651376,67.88990825688074,56.88073394495413,11.009174311926607
E00051347,68,20,7,13,48,41,7,29.411764705882355,10.294117647058822,19.11764705882353,70.58823529411765,60.29411764705882,10.294117647058822
E00051348,117,40,13,27,77,61,16,34.18803418803419,11.11111111111111,23.076923076923077,65.8119658119658,52.13675213675214,13.675213675213676
E00051349,125,37,13,24,88,72,16,29.599999999999998,10.4,19.2,70.39999999999999,57.599999999999994,12.8
E00051350,133,32,12,20,101,86,15,24.06015037593985,9.022556390977442,15.037593984962406,75.93984962406014,64.66165413533834,11.278195488721805
E00051351,98,29,9,20,69,56,13,29.591836734693878,9.183673469387756,20.408163265306122,70.40816326530613,57.14285714285714,13.26530612244898
E00051352,126,31,9,22,95,86,9,24.6031746031746,7.142857142857142,17.46031746031746,75.39682539682539,68.25396825396825,7.142857142857142
E00051353,93,25,9,16,68,56,12,26.881720430107524,9.67741935483871,17.20430107526882,73.11827956989248,60.215053763440864,12.903225806451612
E00051354,140,44,16,28,96,79,17,31.428571428571427,11.428571428571429,20,68.57142857142857,56.42857142857143,12.142857142857142
E00051355,169,37,8,29,132,117,15,21.893491124260358,4.733727810650888,17.159763313609467,78.10650887573965,69.23076923076923,8.875739644970414
E00051356,192,43,7,36,149,125,24,22.395833333333336,3.6458333333333335,18.75,77.60416666666666,65.10416666666666,12.5
E00051357,93,24,8,16,69,65,4,25.806451612903224,8.60215053763441,17.20430107526882,74.19354838709677,69.89247311827957,4.301075268817205
E00051358,111,33,12,21,78,69,9,29.72972972972973,10.81081081081081,18.91891891891892,70.27027027027027,62.16216216216216,8.108108108108109
E00051359,158,46,17,29,112,100,12,29.11392405063291,10.759493670886076,18.354430379746837,70.88607594936708,63.29113924050633,7.59493670886076
E00051360,122,28,8,20,94,88,6,22.950819672131146,6.557377049180328,16.39344262295082,77.04918032786885,72.1311475409836,4.918032786885246
E00051361,151,36,10,26,115,102,13,23.841059602649008,6.622516556291391,17.218543046357617,76.15894039735099,67.54966887417218,8.609271523178808
E00051362,121,42,16,26,79,72,7,34.710743801652896,13.223140495867769,21.487603305785125,65.28925619834712,59.50413223140496,5.785123966942149
E00051363,148,47,15,32,101,91,10,31.756756756756754,10.135135135135135,21.62162162162162,68.24324324324324,61.48648648648649,6.756756756756757
E00051364,115,37,9,28,78,70,8,32.17391304347826,7.82608695652174,24.347826086956523,67.82608695652173,60.86956521739131,6.956521739130435
E00051365,137,39,14,25,98,89,9,28.467153284671532,10.218978102189782,18.248175182481752,71.53284671532847,64.96350364963503,6.569343065693431
E00051366,137,40,13,27,97,88,9,29.1970802919708,9.48905109489051,19.708029197080293,70.8029197080292,64.23357664233576,6.569343065693431
E00051367,189,53,19,34,136,125,11,28.04232804232804,10.052910052910052,17.989417989417987,71.95767195767195,66.13756613756614,5.82010582010582
E00051368,132,34,16,18,98,92,6,25.757575757575758,12.121212121212121,13.636363636363635,74.24242424242425,69.6969696969697,4.545454545454546
E00051369,184,54,19,35,130,110,20,29.347826086956523,10.326086956521738,19.021739130434785,70.65217391304348,59.78260869565217,10.869565217391305
E00051370,172,49,14,35,123,113,10,28.488372093023255,8.13953488372093,20.348837209302324,71.51162790697676,65.69767441860465,5.813953488372093
E00051371,162,46,14,32,116,101,15,28.39506172839506,8.641975308641975,19.753086419753085,71.60493827160494,62.34567901234568,9.25925925925926
E00051372,147,44,13,31,103,88,15,29.931972789115648,8.843537414965986,21.08843537414966,70.06802721088435,59.863945578231295,10.204081632653061
E00051373,147,44,16,28,103,89,14,29.931972789115648,10.884353741496598,19.047619047619047,70.06802721088435,60.544217687074834,9.523809523809524
E00051374,160,40,13,27,120,103,17,25,8.125,16.875,75,64.375,10.625
E00051375,172,45,19,26,127,111,16,26.16279069767442,11.046511627906977,15.11627906976744,73.83720930232558,64.53488372093024,9.30232558139535
E00051376,180,52,18,34,128,114,14,28.888888888888886,10,18.88888888888889,71.11111111111111,63.33333333333333,7.777777777777778
E00051377,132,33,5,28,99,84,15,25,3.787878787878788,21.21212121212121,75,63.63636363636363,11.363636363636363
E00051378,208,68,24,44,140,128,12,32.69230769230769,11.538461538461538,21.153846153846153,67.3076923076923,61.53846153846154,5.769230769230769
E00051379,160,28,6,22,132,117,15,17.5,3.75,13.750000000000002,82.5,73.125,9.375
E00051380,143,39,16,23,104,97,7,27.27272727272727,11.188811188811188,16.083916083916083,72.72727272727273,67.83216783216784,4.895104895104895
E00051381,157,46,12,34,111,96,15,29.29936305732484,7.643312101910828,21.656050955414013,70.70063694267516,61.146496815286625,9.554140127388536
E00051382,195,50,19,31,145,124,21,25.64102564102564,9.7435897435897445,15.897435897435896,74.35897435897436,63.589743589743584,10.76923076923077
E00051383,148,37,9,28,111,103,8,25,6.081081081081082,18.91891891891892,75,69.5945945945946,5.405405405405405
E00051384,183,52,15,37,131,116,15,28.415300546448087,8.19672131147541,20.21857923497268,71.58469945355192,63.387978142076506,8.19672131147541
E00051385,234,66,27,39,168,134,34,28.205128205128204,11.538461538461538,16.666666666666664,71.7948717948718,57.26495726495726,14.529914529914532
E00051386,109,32,16,16,77,60,17,29.357798165137616,14.678899082568808,14.678899082568808,70.64220183486239,55.04587155963303,15.59633027522936
E00051387,179,50,21,29,129,110,19,27.932960893854748,11.731843575418994,16.201117318435752,72.06703910614524,61.452513966480446,10.614525139664805
E00051388,194,62,31,31,132,108,24,31.958762886597935,15.979381443298967,15.979381443298967,68.04123711340206,55.670103092783506,12.371134020618557
E00051389,136,51,23,28,85,73,12,37.5,16.911764705882355,20.588235294117645,62.5,53.67647058823529,8.823529411764707
E00051390,157,53,21,32,104,84,20,33.75796178343949,13.375796178343949,20.382165605095544,66.2420382165605,53.503184713375795,12.738853503184714
E00051391,191,61,23,38,130,93,37,31.93717277486911,12.041884816753926,19.895287958115183,68.06282722513089,48.69109947643979,19.3717277486911
E00051392,170,41,10,31,129,117,12,24.11764705882353,5.88235294117647,18.235294117647058,75.88235294117646,68.82352941176471,7.0588235294117645
E00051393,126,43,17,26,83,64,19,34.12698412698413,13.492063492063492,20.634920634920633,65.87301587301587,50.79365079365079,15.079365079365079
E00051394,171,51,10,41,120,103,17,29.82456140350877,5.847953216374268,23.976608187134502,70.17543859649122,60.23391812865497,9.941520467836257
E00051395,178,42,12,30,136,118,18,23.595505617977526,6.741573033707865,16.853932584269664,76.40449438202246,66.29213483146067,10.112359550561797
E00051396,144,49,13,36,95,81,14,34.02777777777778,9.027777777777777,25,65.97222222222221,56.25,9.722222222222223
E00051397,146,55,24,31,91,67,24,37.67123287671233,16.43835616438356,21.232876712328768,62.328767123287676,45.89041095890411,16.43835616438356
E00051398,168,39,10,29,129,103,26,23.214285714285715,5.952380952380952,17.261904761904763,76.78571428571429,61.30952380952381,15.476190476190476
E00051399,168,50,13,37,118,77,41,29.761904761904763,7.738095238095238,22.023809523809522,70.23809523809523,45.83333333333333,24.404761904761905
E00051400,182,62,27,35,120,86,34,34.065934065934066,14.835164835164836,19.230769230769234,65.93406593406593,47.25274725274725,18.681318681318682
E00051402,98,27,10,17,71,62,9,27.55102040816326,10.204081632653061,17.346938775510203,72.44897959183673,63.26530612244898,9.183673469387756
E00051403,194,49,23,26,145,112,33,25.257731958762886,11.855670103092782,13.402061855670103,74.74226804123711,57.73195876288659,17.010309278350515
E00051404,260,66,31,35,194,167,27,25.384615384615383,11.923076923076923,13.461538461538462,74.61538461538461,64.23076923076924,10.384615384615385
E00051405,131,43,21,22,88,74,14,32.82442748091603,16.030534351145036,16.793893129770993,67.17557251908397,56.48854961832062,10.687022900763358
E00051406,133,38,18,20,95,71,24,28.57142857142857,13.533834586466165,15.037593984962406,71.42857142857143,53.383458646616546,18.045112781954884
E00051407,184,50,21,29,134,100,34,27.173913043478258,11.41304347826087,15.760869565217392,72.82608695652173,54.347826086956516,18.478260869565215
E00051408,167,40,18,22,127,97,30,23.952095808383234,10.778443113772456,13.17365269461078,76.04790419161677,58.08383233532935,17.964071856287426
E00051409,163,48,22,26,115,91,24,29.447852760736197,13.496932515337424,15.950920245398773,70.5521472392638,55.828220858895705,14.723926380368098
E00051410,147,44,20,24,103,80,23,29.931972789115648,13.60544217687075,16.3265306122449,70.06802721088435,54.421768707483,15.646258503401361
E00051411,185,63,37,26,122,83,39,34.054054054054056,20,14.054054054054054,65.94594594594595,44.86486486486487,21.08108108108108
E00051412,221,66,32,34,155,117,38,29.86425339366516,14.479638009049776,15.384615384615385,70.13574660633483,52.94117647058824,17.194570135746606
E00051413,136,43,14,29,93,78,15,31.61764705882353,10.294117647058822,21.323529411764707,68.38235294117648,57.35294117647059,11.029411764705882
E00051414,163,44,16,28,119,97,22,26.993865030674847,9.815950920245399,17.177914110429448,73.00613496932516,59.50920245398773,13.496932515337424
E00051415,150,40,20,20,110,76,34,26.666666666666668,13.333333333333334,13.333333333333334,73.33333333333333,50.66666666666667,22.666666666666664
E00051416,188,48,15,33,140,115,25,25.53191489361702,7.9787234042553195,17.5531914893617,74.46808510638297,61.170212765957444,13.297872340425531
E00051417,158,47,19,28,111,97,14,29.746835443037973,12.025316455696203,17.72151898734177,70.25316455696202,61.39240506329114,8.860759493670885
E00051418,155,43,12,31,112,92,20,27.741935483870968,7.741935483870968,20,72.25806451612902,59.354838709677416,12.903225806451612
E00051419,229,53,19,34,176,152,24,23.144104803493452,8.296943231441048,14.847161572052403,76.85589519650655,66.37554585152839,10.480349344978166
E00051420,106,27,10,17,79,63,16,25.471698113207548,9.433962264150944,16.037735849056602,74.52830188679245,59.43396226415094,15.09433962264151
E00051421,43,13,8,5,30,24,6,30.23255813953488,18.6046511627907,11.627906976744185,69.76744186046511,55.81395348837209,13.953488372093023
E00051422,98,31,13,18,67,57,10,31.63265306122449,13.26530612244898,18.367346938775512,68.36734693877551,58.16326530612245,10.204081632653061
E00051423,219,64,23,41,155,137,18,29.22374429223744,10.50228310502283,18.72146118721461,70.77625570776256,62.55707762557078,8.21917808219178
E00051424,162,44,14,30,118,110,8,27.160493827160494,8.641975308641975,18.51851851851852,72.8395061728395,67.90123456790124,4.938271604938271
E00051425,180,59,21,38,121,92,29,32.77777777777778,11.666666666666666,21.11111111111111,67.22222222222223,51.11111111111111,16.11111111111111
E00051426,213,71,20,51,142,122,20,33.33333333333333,9.389671361502346,23.943661971830984,66.66666666666666,57.27699530516433,9.389671361502346
E00051427,154,38,12,26,116,108,8,24.675324675324674,7.792207792207792,16.883116883116884,75.32467532467533,70.12987012987013,5.194805194805195
E00051428,129,22,10,12,107,91,16,17.05426356589147,7.751937984496124,9.30232558139535,82.94573643410853,70.54263565891473,12.4031007751938
E00051429,182,41,12,29,141,113,28,22.52747252747253,6.593406593406594,15.934065934065933,77.47252747252747,62.08791208791209,15.384615384615385
E00051430,161,48,23,25,113,96,17,29.81366459627329,14.285714285714285,15.527950310559005,70.1863354037267,59.62732919254658,10.559006211180124
E00051431,161,53,16,37,108,87,21,32.91925465838509,9.937888198757763,22.981366459627328,67.08074534161491,54.037267080745345,13.043478260869565
E00051432,179,52,26,26,127,112,15,29.05027932960894,14.52513966480447,14.52513966480447,70.94972067039106,62.56983240223464,8.379888268156424
E00051433,165,41,11,30,124,109,15,24.848484848484848,6.666666666666667,18.181818181818183,75.15151515151514,66.06060606060606,9.090909090909092
E00051434,128,32,17,15,96,80,16,25,13.28125,11.71875,75,62.5,12.5
E00051435,179,54,20,34,125,106,19,30.16759776536313,11.1731843575419,18.994413407821227,69.83240223463687,59.217877094972074,10.614525139664805
E00051436,159,45,17,28,114,95,19,28.30188679245283,10.69182389937107,17.61006289308176,71.69811320754717,59.74842767295597,11.949685534591195
E00051437,24,7,1,6,17,16,1,29.166666666666668,4.166666666666666,25,70.83333333333334,66.66666666666666,4.166666666666666
E00051438,152,40,14,26,112,91,21,26.31578947368421,9.210526315789473,17.105263157894736,73.68421052631578,59.86842105263158,13.815789473684212
E00051439,202,71,35,36,131,108,23,35.148514851485146,17.326732673267326,17.82178217821782,64.85148514851485,53.46534653465347,11.386138613861387
E00051440,190,50,15,35,140,121,19,26.31578947368421,7.894736842105263,18.421052631578945,73.68421052631578,63.68421052631579,10
E00051441,166,41,14,27,125,103,22,24.69879518072289,8.433734939759036,16.265060240963855,75.30120481927712,62.048192771084345,13.253012048192772
E00051442,112,36,13,23,76,67,9,32.142857142857146,11.607142857142858,20.535714285714285,67.85714285714286,59.82142857142857,8.035714285714286
E00051443,132,51,17,34,81,70,11,38.63636363636363,12.878787878787879,25.757575757575758,61.36363636363637,53.03030303030303,8.333333333333332
E00051444,123,33,10,23,90,74,16,26.82926829268293,8.130081300813007,18.69918699186992,73.17073170731707,60.16260162601627,13.008130081300814
E00051445,153,43,12,31,110,87,23,28.104575163398692,7.8431372549019605,20.26143790849673,71.89542483660131,56.86274509803921,15.032679738562091
E00051446,160,51,18,33,109,99,10,31.874999999999996,11.25,20.625,68.125,61.875,6.25
E00051447,166,49,18,31,117,98,19,29.518072289156628,10.843373493975903,18.67469879518072,70.48192771084338,59.036144578313255,11.44578313253012
E00051448,146,35,11,24,111,94,17,23.972602739726025,7.534246575342466,16.43835616438356,76.02739726027397,64.38356164383562,11.643835616438356
E00051449,87,26,11,15,61,57,4,29.88505747126437,12.643678160919542,17.24137931034483,70.11494252873564,65.51724137931035,4.597701149425287
E00051450,151,32,10,22,119,103,16,21.192052980132452,6.622516556291391,14.56953642384106,78.80794701986756,68.21192052980133,10.596026490066226
E00051451,138,33,13,20,105,96,9,23.91304347826087,9.420289855072465,14.492753623188406,76.08695652173914,69.56521739130434,6.521739130434782
E00051453,121,38,14,24,83,72,11,31.40495867768595,11.570247933884298,19.834710743801654,68.59504132231406,59.50413223140496,9.090909090909092
E00051454,170,50,19,31,120,101,19,29.411764705882355,11.176470588235295,18.235294117647058,70.58823529411765,59.411764705882355,11.176470588235295
E00051455,136,38,16,22,98,88,10,27.941176470588236,11.76470588235294,16.176470588235293,72.05882352941177,64.70588235294117,7.352941176470589
E00051456,98,34,13,21,64,59,5,34.69387755102041,13.26530612244898,21.428571428571427,65.3061224489796,60.204081632653065,5.1020408163265305
E00051457,167,48,16,32,119,99,20,28.74251497005988,9.580838323353294,19.16167664670659,71.25748502994011,59.281437125748504,11.976047904191617
E00051458,135,42,20,22,93,78,15,31.11111111111111,14.814814814814813,16.296296296296298,68.88888888888889,57.77777777777777,11.11111111111111
E00051459,169,44,13,31,125,104,21,26.035502958579883,7.6923076923076925,18.34319526627219,73.96449704142012,61.53846153846154,12.42603550295858
E00051460,59,26,8,18,33,33,0,44.06779661016949,13.559322033898304,30.508474576271187,55.932203389830505,55.932203389830505,0
E00051461,142,46,16,30,96,84,12,32.3943661971831,11.267605633802818,21.12676056338028,67.6056338028169,59.154929577464785,8.450704225352112
E00051462,64,23,10,13,41,29,12,35.9375,15.625,20.3125,64.0625,45.3125,18.75
E00051463,170,55,21,34,115,97,18,32.35294117647059,12.352941176470589,20,67.64705882352942,57.05882352941176,10.588235294117647
E00051464,129,37,9,28,92,77,15,28.68217054263566,6.976744186046512,21.705426356589147,71.31782945736434,59.68992248062015,11.627906976744185
E00051465,55,17,9,8,38,34,4,30.909090909090907,16.363636363636363,14.545454545454545,69.0909090909091,61.81818181818181,7.2727272727272725
E00051466,197,61,23,38,136,110,26,30.96446700507614,11.6751269035533,19.289340101522843,69.03553299492386,55.83756345177665,13.19796954314721
E00051467,197,62,17,45,135,110,25,31.472081218274113,8.629441624365482,22.84263959390863,68.52791878172589,55.83756345177665,12.690355329949238
E00051468,146,42,19,23,104,91,13,28.767123287671232,13.013698630136986,15.753424657534246,71.23287671232876,62.328767123287676,8.904109589041095
E00051469,154,52,26,26,102,79,23,33.76623376623377,16.883116883116884,16.883116883116884,66.23376623376623,51.298701298701296,14.935064935064934
E00051470,160,50,9,41,110,91,19,31.25,5.625,25.624999999999996,68.75,56.875,11.875
E00051471,182,63,22,41,119,91,28,34.61538461538461,12.087912087912088,22.52747252747253,65.38461538461539,50,15.384615384615385
E00051472,132,43,13,30,89,77,12,32.57575757575758,9.848484848484848,22.727272727272727,67.42424242424242,58.333333333333336,9.090909090909092
E00051473,122,23,3,20,99,91,8,18.852459016393443,2.459016393442623,16.39344262295082,81.14754098360656,74.59016393442623,6.557377049180328
E00051474,175,44,13,31,131,106,25,25.142857142857146,7.428571428571429,17.71428571428571,74.85714285714286,60.57142857142858,14.285714285714285
E00051475,103,32,16,16,71,61,10,31.06796116504854,15.53398058252427,15.53398058252427,68.93203883495146,59.22330097087378,9.70873786407767
E00051476,187,56,21,35,131,101,30,29.946524064171122,11.229946524064172,18.71657754010695,70.05347593582889,54.01069518716578,16.042780748663102
E00051477,174,58,31,27,116,84,32,33.33333333333333,17.81609195402299,15.517241379310345,66.66666666666666,48.275862068965516,18.39080459770115
E00051478,162,56,30,26,106,63,43,34.5679012345679,18.51851851851852,16.049382716049383,65.4320987654321,38.88888888888889,26.543209876543212
E00051479,86,31,15,16,55,47,8,36.04651162790697,17.441860465116278,18.6046511627907,63.95348837209303,54.65116279069767,9.30232558139535
E00051480,137,37,17,20,100,69,31,27.00729927007299,12.408759124087592,14.5985401459854,72.99270072992701,50.36496350364964,22.62773722627737
E00051481,128,47,25,22,81,52,29,36.71875,19.53125,17.1875,63.28125,40.625,22.65625
E00051482,137,32,12,20,105,77,28,23.357664233576642,8.75912408759124,14.5985401459854,76.64233576642336,56.20437956204379,20.437956204379564
E00051483,115,42,23,19,73,51,22,36.52173913043478,20,16.52173913043478,63.47826086956522,44.34782608695652,19.130434782608695
E00051484,149,47,16,31,102,80,22,31.543624161073826,10.738255033557047,20.80536912751678,68.45637583892618,53.691275167785236,14.76510067114094
E00051485,136,43,15,28,93,75,18,31.61764705882353,11.029411764705882,20.588235294117645,68.38235294117648,55.14705882352941,13.23529411764706
E00051486,119,41,18,23,78,53,25,34.45378151260504,15.126050420168067,19.327731092436977,65.54621848739495,44.537815126050425,21.008403361344538
E00051487,161,57,24,33,104,80,24,35.40372670807454,14.906832298136646,20.496894409937887,64.59627329192547,49.68944099378882,14.906832298136646
E00051490,263,80,38,42,183,142,41,30.418250950570343,14.44866920152091,15.96958174904943,69.58174904942965,53.99239543726235,15.5893536121673
E00051492,169,51,24,27,118,97,21,30.17751479289941,14.201183431952662,15.976331360946746,69.8224852071006,57.396449704142015,12.42603550295858
E00051494,144,39,12,27,105,87,18,27.083333333333332,8.333333333333332,18.75,72.91666666666666,60.416666666666664,12.5
E00051495,116,41,14,27,75,63,12,35.3448275862069,12.068965517241379,23.275862068965516,64.65517241379311,54.310344827586206,10.344827586206897
E00051498,176,61,21,40,115,101,14,34.659090909090914,11.931818181818182,22.727272727272727,65.3409090909091,57.38636363636363,7.954545454545454
E00051500,131,38,13,25,93,78,15,29.00763358778626,9.923664122137405,19.083969465648856,70.99236641221374,59.541984732824424,11.450381679389313
E00051501,194,59,25,34,135,112,23,30.412371134020617,12.886597938144329,17.525773195876287,69.58762886597938,57.73195876288659,11.855670103092782
E00051502,126,37,10,27,89,74,15,29.365079365079367,7.936507936507936,21.428571428571427,70.63492063492063,58.730158730158735,11.904761904761903
E00051503,143,50,18,32,93,76,17,34.96503496503497,12.587412587412588,22.377622377622377,65.03496503496503,53.14685314685315,11.888111888111888
E00051504,155,52,18,34,103,81,22,33.5483870967742,11.612903225806452,21.935483870967744,66.45161290322581,52.25806451612903,14.193548387096774
E00051506,292,84,34,50,208,169,39,28.767123287671232,11.643835616438356,17.123287671232877,71.23287671232876,57.87671232876712,13.356164383561644
E00051507,134,39,12,27,95,84,11,29.1044776119403,8.955223880597014,20.149253731343283,70.8955223880597,62.68656716417911,8.208955223880597
E00051508,141,45,20,25,96,77,19,31.914893617021278,14.184397163120568,17.73049645390071,68.08510638297872,54.60992907801418,13.47517730496454
E00051509,165,54,24,30,111,89,22,32.72727272727273,14.545454545454545,18.181818181818183,67.27272727272727,53.939393939393945,13.333333333333334
E00051510,191,60,24,36,131,108,23,31.413612565445025,12.56544502617801,18.848167539267017,68.58638743455498,56.54450261780105,12.041884816753926
E00051511,148,46,18,28,102,86,16,31.08108108108108,12.162162162162163,18.91891891891892,68.91891891891892,58.108108108108105,10.81081081081081
E00051512,116,34,14,20,82,73,9,29.310344827586203,12.068965517241379,17.24137931034483,70.6896551724138,62.93103448275862,7.758620689655173
E00051513,168,45,15,30,123,108,15,26.785714285714285,8.928571428571429,17.857142857142858,73.21428571428571,64.28571428571429,8.928571428571429
E00051514,146,49,25,24,97,65,32,33.56164383561644,17.123287671232877,16.43835616438356,66.43835616438356,44.52054794520548,21.91780821917808
E00051515,168,36,14,22,132,111,21,21.428571428571427,8.333333333333332,13.095238095238097,78.57142857142857,66.07142857142857,12.5
E00051516,142,30,4,26,112,98,14,21.12676056338028,2.8169014084507045,18.30985915492958,78.87323943661971,69.01408450704226,9.859154929577464
E00051517,125,39,13,26,86,70,16,31.2,10.4,20.8,68.8,56.00000000000001,12.8
E00051518,160,52,20,32,108,91,17,32.5,12.5,20,67.5,56.875,10.625
E00051519,139,40,16,24,99,81,18,28.776978417266186,11.510791366906476,17.26618705035971,71.22302158273382,58.27338129496403,12.949640287769784
E00051520,197,72,28,44,125,84,41,36.54822335025381,14.213197969543149,22.33502538071066,63.45177664974619,42.63959390862944,20.812182741116754
E00051521,212,56,26,30,156,124,32,26.41509433962264,12.264150943396226,14.150943396226415,73.58490566037736,58.490566037735846,15.09433962264151
E00051522,187,48,17,31,139,118,21,25.668449197860966,9.090909090909092,16.577540106951872,74.33155080213903,63.101604278074866,11.229946524064172
E00051523,176,54,20,34,122,102,20,30.681818181818183,11.363636363636363,19.318181818181817,69.31818181818183,57.95454545454546,11.363636363636363
E00051524,149,44,20,24,105,73,32,29.53020134228188,13.422818791946309,16.10738255033557,70.46979865771812,48.99328859060403,21.476510067114095
E00051525,179,57,25,32,122,95,27,31.843575418994412,13.966480446927374,17.877094972067038,68.15642458100558,53.072625698324025,15.083798882681565
E00051526,157,49,17,32,108,86,22,31.210191082802545,10.828025477707007,20.382165605095544,68.78980891719745,54.77707006369427,14.012738853503185
E00051527,146,45,21,24,101,76,25,30.82191780821918,14.383561643835616,16.43835616438356,69.17808219178082,52.054794520547944,17.123287671232877
E00051528,190,54,20,34,136,111,25,28.421052631578945,10.526315789473683,17.894736842105264,71.57894736842105,58.42105263157895,13.157894736842104
E00051529,150,37,24,13,113,80,33,24.666666666666668,16,8.666666666666668,75.33333333333333,53.333333333333336,22
E00051530,201,64,30,34,137,93,44,31.8407960199005,14.925373134328357,16.91542288557214,68.1592039800995,46.26865671641791,21.890547263681594
E00051531,148,41,18,23,107,88,19,27.7027027027027,12.162162162162163,15.54054054054054,72.2972972972973,59.45945945945946,12.837837837837837
E00051532,146,32,11,21,114,102,12,21.91780821917808,7.534246575342466,14.383561643835616,78.08219178082192,69.86301369863014,8.21917808219178
E00051533,128,40,20,20,88,74,14,31.25,15.625,15.625,68.75,57.8125,10.9375
E00051534,146,44,17,27,102,90,12,30.136986301369863,11.643835616438356,18.493150684931507,69.86301369863014,61.64383561643836,8.21917808219178
E00051535,49,10,4,6,39,32,7,20.408163265306122,8.16326530612245,12.244897959183673,79.59183673469387,65.3061224489796,14.285714285714285
E00051536,145,46,17,29,99,73,26,31.724137931034484,11.724137931034482,20,68.27586206896552,50.3448275862069,17.93103448275862
E00051537,158,38,15,23,120,92,28,24.050632911392405,9.49367088607595,14.556962025316455,75.9493670886076,58.22784810126582,17.72151898734177
E00051538,154,55,30,25,99,73,26,35.714285714285715,19.480519480519483,16.233766233766232,64.28571428571429,47.4025974025974,16.883116883116884
E00051539,129,48,22,26,81,58,23,37.2093023255814,17.05426356589147,20.155038759689923,62.7906976744186,44.96124031007752,17.829457364341085
E00051540,202,47,17,30,155,130,25,23.26732673267327,8.415841584158416,14.85148514851485,76.73267326732673,64.35643564356435,12.376237623762377
E00051541,94,37,12,25,57,43,14,39.361702127659576,12.76595744680851,26.595744680851062,60.63829787234043,45.744680851063826,14.893617021276595
E00051542,286,69,19,50,217,168,49,24.125874125874127,6.643356643356643,17.482517482517483,75.87412587412588,58.74125874125874,17.132867132867133
E00051543,120,35,13,22,85,73,12,29.166666666666668,10.833333333333334,18.333333333333332,70.83333333333334,60.83333333333333,10
E00051544,146,50,18,32,96,72,24,34.24657534246575,12.32876712328767,21.91780821917808,65.75342465753424,49.31506849315068,16.43835616438356
E00051545,155,54,22,32,101,76,25,34.83870967741935,14.193548387096774,20.64516129032258,65.16129032258064,49.03225806451613,16.129032258064516
E00051546,163,40,15,25,123,98,25,24.539877300613497,9.202453987730062,15.337423312883436,75.4601226993865,60.122699386503065,15.337423312883436
E00051547,168,40,14,26,128,110,18,23.809523809523807,8.333333333333332,15.476190476190476,76.19047619047619,65.47619047619048,10.714285714285714
E00051548,135,39,12,27,96,78,18,28.888888888888886,8.88888888888889,20,71.11111111111111,57.77777777777777,13.333333333333334
E00051549,157,44,20,24,113,102,11,28.02547770700637,12.738853503184714,15.286624203821656,71.97452229299363,64.96815286624204,7.006369426751593
E00051550,135,39,9,30,96,85,11,28.888888888888886,6.666666666666667,22.22222222222222,71.11111111111111,62.96296296296296,8.148148148148149
E00051551,148,48,15,33,100,84,16,32.432432432432435,10.135135135135135,22.2972972972973,67.56756756756756,56.75675675675676,10.81081081081081
E00051552,176,48,19,29,128,111,17,27.27272727272727,10.795454545454545,16.477272727272727,72.72727272727273,63.06818181818182,9.659090909090908
E00051553,135,39,12,27,96,84,12,28.888888888888886,8.88888888888889,20,71.11111111111111,62.22222222222222,8.88888888888889
E00051554,197,52,20,32,145,130,15,26.39593908629442,10.152284263959391,16.243654822335024,73.60406091370558,65.98984771573603,7.614213197969544
E00051555,158,46,23,23,112,103,9,29.11392405063291,14.556962025316455,14.556962025316455,70.88607594936708,65.18987341772153,5.69620253164557
E00051556,115,37,17,20,78,65,13,32.17391304347826,14.782608695652174,17.391304347826086,67.82608695652173,56.52173913043478,11.304347826086957
E00051557,296,85,32,53,211,185,26,28.716216216216218,10.81081081081081,17.905405405405407,71.28378378378379,62.5,8.783783783783784
E00051558,227,70,24,46,157,143,14,30.837004405286343,10.572687224669604,20.26431718061674,69.16299559471366,62.99559471365639,6.167400881057269
E00051559,99,27,12,15,72,65,7,27.27272727272727,12.121212121212121,15.151515151515152,72.72727272727273,65.65656565656566,7.07070707070707
E00051560,157,41,12,29,116,100,16,26.11464968152866,7.643312101910828,18.471337579617835,73.88535031847134,63.69426751592356,10.191082802547772
E00051561,168,47,6,41,121,107,14,27.976190476190478,3.571428571428571,24.404761904761905,72.02380952380952,63.69047619047619,8.333333333333332
E00051562,140,44,8,36,96,85,11,31.428571428571427,5.714285714285714,25.71428571428571,68.57142857142857,60.71428571428571,7.857142857142857
E00051563,118,19,7,12,99,84,15,16.101694915254235,5.932203389830509,10.16949152542373,83.89830508474576,71.1864406779661,12.711864406779661
E00051564,167,42,9,33,125,106,19,25.149700598802394,5.389221556886228,19.760479041916167,74.8502994011976,63.47305389221557,11.377245508982035
E00051565,135,41,19,22,94,82,12,30.37037037037037,14.074074074074074,16.296296296296298,69.62962962962963,60.74074074074074,8.88888888888889
E00051566,177,49,19,30,128,109,19,27.683615819209038,10.734463276836157,16.94915254237288,72.31638418079096,61.5819209039548,10.734463276836157
E00051567,199,57,20,37,142,128,14,28.643216080402013,10.050251256281408,18.592964824120603,71.35678391959799,64.321608040201,7.035175879396985
E00051568,89,31,7,24,58,46,12,34.831460674157306,7.865168539325842,26.96629213483146,65.1685393258427,51.68539325842697,13.48314606741573
E00051569,133,42,19,23,91,79,12,31.57894736842105,14.285714285714285,17.293233082706767,68.42105263157895,59.3984962406015,9.022556390977442
E00051570,74,17,0,17,57,51,6,22.972972972972975,0,22.972972972972975,77.02702702702703,68.91891891891892,8.108108108108109
E00051571,125,40,11,29,85,75,10,32,8.799999999999999,23.200000000000003,68,60,8
E00051572,222,58,22,36,164,146,18,26.126126126126124,9.90990990990991,16.216216216216218,73.87387387387388,65.76576576576578,8.108108108108109
E00051573,132,38,13,25,94,82,12,28.78787878787879,9.848484848484848,18.939393939393938,71.21212121212122,62.121212121212125,9.090909090909092
E00051574,162,36,14,22,126,116,10,22.22222222222222,8.641975308641975,13.580246913580247,77.77777777777779,71.60493827160494,6.172839506172839
E00051575,94,24,10,14,70,61,9,25.53191489361702,10.638297872340425,14.893617021276595,74.46808510638297,64.8936170212766,9.574468085106384
E00051576,106,33,12,21,73,65,8,31.132075471698112,11.320754716981133,19.81132075471698,68.86792452830188,61.32075471698113,7.547169811320755
E00051577,42,17,10,7,25,24,1,40.476190476190474,23.809523809523807,16.666666666666664,59.523809523809526,57.14285714285714,2.380952380952381
E00051578,242,66,23,43,176,144,32,27.27272727272727,9.50413223140496,17.768595041322314,72.72727272727273,59.50413223140496,13.223140495867769
E00051579,176,56,22,34,120,102,18,31.818181818181817,12.5,19.318181818181817,68.18181818181817,57.95454545454546,10.227272727272728
E00051580,164,45,16,29,119,105,14,27.439024390243905,9.75609756097561,17.682926829268293,72.5609756097561,64.02439024390245,8.536585365853659
E00051581,164,38,11,27,126,117,9,23.170731707317074,6.707317073170732,16.463414634146343,76.82926829268293,71.34146341463415,5.487804878048781
E00051582,170,45,15,30,125,104,21,26.47058823529412,8.823529411764707,17.647058823529413,73.52941176470588,61.1764705882353,12.352941176470589
E00051583,190,56,20,36,134,115,19,29.47368421052631,10.526315789473683,18.947368421052634,70.52631578947368,60.526315789473685,10
E00051584,149,57,22,35,92,77,15,38.25503355704698,14.76510067114094,23.48993288590604,61.74496644295302,51.67785234899329,10.06711409395973
E00051585,165,52,21,31,113,96,17,31.515151515151512,12.727272727272727,18.787878787878785,68.48484848484848,58.18181818181818,10.303030303030303
E00051586,176,44,14,30,132,115,17,25,7.954545454545454,17.045454545454543,75,65.3409090909091,9.659090909090908
E00051587,181,61,18,43,120,102,18,33.70165745856354,9.94475138121547,23.756906077348066,66.29834254143645,56.353591160220994,9.94475138121547
E00051588,183,45,14,31,138,117,21,24.59016393442623,7.650273224043716,16.939890710382514,75.40983606557377,63.934426229508205,11.475409836065573
E00051589,170,47,11,36,123,104,19,27.647058823529413,6.470588235294119,21.176470588235293,72.35294117647058,61.1764705882353,11.176470588235295
E00051590,157,49,15,34,108,94,14,31.210191082802545,9.554140127388536,21.656050955414013,68.78980891719745,59.87261146496815,8.9171974522293
E00051591,155,36,13,23,119,104,15,23.225806451612904,8.38709677419355,14.838709677419354,76.77419354838709,67.0967741935484,9.67741935483871
E00051592,137,42,11,31,95,84,11,30.656934306569344,8.02919708029197,22.62773722627737,69.34306569343066,61.31386861313869,8.02919708029197
E00051593,160,53,22,31,107,83,24,33.125,13.750000000000002,19.375,66.875,51.87500000000001,15
E00051594,116,27,9,18,89,80,9,23.275862068965516,7.758620689655173,15.517241379310345,76.72413793103449,68.96551724137932,7.758620689655173
E00051595,142,44,19,25,98,77,21,30.985915492957744,13.380281690140844,17.6056338028169,69.01408450704226,54.22535211267606,14.788732394366196
E00051596,180,55,23,32,125,108,17,30.555555555555557,12.777777777777777,17.77777777777778,69.44444444444444,60,9.444444444444445
E00051597,148,40,13,27,108,90,18,27.027027027027028,8.783783783783784,18.243243243243242,72.97297297297297,60.810810810810814,12.162162162162163
E00051598,129,36,10,26,93,79,14,27.906976744186046,7.751937984496124,20.155038759689923,72.09302325581395,61.240310077519375,10.852713178294573
E00051599,136,30,12,18,106,96,10,22.058823529411764,8.823529411764707,13.23529411764706,77.94117647058823,70.58823529411765,7.352941176470589
E00051600,142,41,16,25,101,89,12,28.87323943661972,11.267605633802818,17.6056338028169,71.12676056338029,62.676056338028175,8.450704225352112
E00051601,109,32,16,16,77,64,13,29.357798165137616,14.678899082568808,14.678899082568808,70.64220183486239,58.71559633027523,11.926605504587156
E00051602,119,28,10,18,91,77,14,23.52941176470588,8.403361344537815,15.126050420168067,76.47058823529412,64.70588235294117,11.76470588235294
E00051603,122,28,13,15,94,88,6,22.950819672131146,10.655737704918032,12.295081967213115,77.04918032786885,72.1311475409836,4.918032786885246
E00051604,137,38,11,27,99,86,13,27.73722627737226,8.02919708029197,19.708029197080293,72.26277372262774,62.77372262773723,9.48905109489051
E00051605,209,68,27,41,141,116,25,32.535885167464116,12.918660287081341,19.617224880382775,67.46411483253588,55.50239234449761,11.961722488038278
E00051606,137,34,11,23,103,82,21,24.817518248175183,8.02919708029197,16.78832116788321,75.18248175182481,59.854014598540154,15.328467153284672
E00051607,152,47,13,34,105,84,21,30.92105263157895,8.552631578947368,22.36842105263158,69.07894736842105,55.26315789473685,13.815789473684212
E00051608,143,40,15,25,103,84,19,27.972027972027973,10.48951048951049,17.482517482517483,72.02797202797203,58.74125874125874,13.286713286713287
E00051609,138,32,10,22,106,90,16,23.18840579710145,7.246376811594203,15.942028985507244,76.81159420289855,65.21739130434783,11.594202898550725
E00051610,100,20,8,12,80,65,15,20,8,12,80,65,15
E00051611,129,40,15,25,89,82,7,31.007751937984494,11.627906976744185,19.379844961240313,68.9922480620155,63.565891472868216,5.426356589147287
E00051612,167,40,14,26,127,115,12,23.952095808383234,8.383233532934131,15.568862275449103,76.04790419161677,68.8622754491018,7.18562874251497
E00051613,170,52,18,34,118,106,12,30.58823529411765,10.588235294117647,20,69.41176470588235,62.35294117647059,7.0588235294117645
E00051614,98,33,11,22,65,56,9,33.6734693877551,11.224489795918368,22.448979591836736,66.3265306122449,57.14285714285714,9.183673469387756
E00051615,187,50,21,29,137,118,19,26.737967914438503,11.229946524064172,15.508021390374333,73.2620320855615,63.101604278074866,10.16042780748663
E00051616,184,66,21,45,118,104,14,35.869565217391305,11.41304347826087,24.456521739130434,64.13043478260869,56.52173913043478,7.608695652173914
E00051617,128,28,6,22,100,90,10,21.875,4.6875,17.1875,78.125,70.3125,7.8125
E00051618,149,50,15,35,99,87,12,33.557046979865774,10.06711409395973,23.48993288590604,66.44295302013423,58.38926174496645,8.053691275167784
E00051619,155,46,15,31,109,96,13,29.677419354838708,9.67741935483871,20,70.3225806451613,61.935483870967744,8.38709677419355
E00051620,170,51,24,27,119,98,21,30,14.117647058823529,15.88235294117647,70,57.647058823529406,12.352941176470589
E00051621,170,48,22,26,122,98,24,28.235294117647058,12.941176470588237,15.294117647058824,71.76470588235294,57.647058823529406,14.117647058823529
E00051622,146,37,17,20,109,88,21,25.34246575342466,11.643835616438356,13.698630136986301,74.65753424657534,60.273972602739725,14.383561643835616
E00051623,80,28,4,24,52,47,5,35,5,30,65,58.75,6.25
E00051624,161,40,13,27,121,96,25,24.84472049689441,8.074534161490684,16.77018633540373,75.15527950310559,59.62732919254658,15.527950310559005
E00051625,160,36,10,26,124,112,12,22.5,6.25,16.25,77.5,70,7.5
E00051626,132,34,12,22,98,82,16,25.757575757575758,9.090909090909092,16.666666666666664,74.24242424242425,62.121212121212125,12.121212121212121
E00051627,69,23,9,14,46,38,8,33.33333333333333,13.043478260869565,20.28985507246377,66.66666666666666,55.072463768115945,11.594202898550725
E00051628,126,45,21,24,81,70,11,35.714285714285715,16.666666666666664,19.047619047619047,64.28571428571429,55.55555555555556,8.73015873015873
E00051629,176,52,20,32,124,116,8,29.545454545454547,11.363636363636363,18.181818181818183,70.45454545454545,65.9090909090909,4.545454545454546
E00051630,143,46,19,27,97,78,19,32.16783216783217,13.286713286713287,18.88111888111888,67.83216783216784,54.54545454545454,13.286713286713287
E00051631,187,53,18,35,134,109,25,28.342245989304814,9.62566844919786,18.71657754010695,71.65775401069519,58.288770053475936,13.368983957219251
E00051632,104,27,13,14,77,70,7,25.961538461538463,12.5,13.461538461538462,74.03846153846155,67.3076923076923,6.730769230769231
E00051633,159,36,17,19,123,103,20,22.641509433962266,10.69182389937107,11.949685534591195,77.35849056603774,64.77987421383648,12.578616352201259
E00051634,136,41,14,27,95,77,18,30.14705882352941,10.294117647058822,19.852941176470587,69.85294117647058,56.61764705882353,13.23529411764706
E00051635,158,44,15,29,114,98,16,27.848101265822784,9.49367088607595,18.354430379746837,72.15189873417721,62.0253164556962,10.126582278481013
E00051636,186,62,25,37,124,101,23,33.33333333333333,13.440860215053762,19.892473118279568,66.66666666666666,54.3010752688172,12.365591397849462
E00051637,109,30,8,22,79,74,5,27.522935779816514,7.339449541284404,20.18348623853211,72.47706422018348,67.88990825688074,4.587155963302752
E00051638,125,41,13,28,84,74,10,32.800000000000004,10.4,22.400000000000002,67.2,59.199999999999996,8
E00051639,154,48,15,33,106,88,18,31.16883116883117,9.740259740259742,21.428571428571427,68.83116883116884,57.14285714285714,11.688311688311687
E00051640,152,42,20,22,110,91,19,27.631578947368425,13.157894736842104,14.473684210526317,72.36842105263158,59.86842105263158,12.5
E00051641,125,30,15,15,95,83,12,24,12,12,76,66.4,9.6
E00051642,176,52,20,32,124,109,15,29.545454545454547,11.363636363636363,18.181818181818183,70.45454545454545,61.93181818181818,8.522727272727272
E00051643,183,58,23,35,125,100,25,31.693989071038253,12.568306010928962,19.12568306010929,68.30601092896174,54.644808743169406,13.661202185792352
E00051644,110,39,16,23,71,65,6,35.45454545454545,14.545454545454545,20.909090909090907,64.54545454545455,59.09090909090909,5.454545454545454
E00051645,171,43,9,34,128,108,20,25.146198830409354,5.263157894736842,19.883040935672515,74.85380116959064,63.1578947368421,11.695906432748536
E00051646,68,20,10,10,48,41,7,29.411764705882355,14.705882352941178,14.705882352941178,70.58823529411765,60.29411764705882,10.294117647058822
E00051647,110,34,14,20,76,69,7,30.909090909090907,12.727272727272727,18.181818181818183,69.0909090909091,62.727272727272734,6.363636363636363
E00051648,125,30,16,14,95,91,4,24,12.8,11.200000000000001,76,72.8,3.2
E00051649,158,42,10,32,116,97,19,26.582278481012654,6.329113924050633,20.253164556962027,73.41772151898735,61.39240506329114,12.025316455696203
E00051651,202,57,17,40,145,132,13,28.217821782178216,8.415841584158416,19.801980198019802,71.78217821782178,65.34653465346535,6.435643564356436
E00051652,108,29,7,22,79,66,13,26.851851851851855,6.481481481481481,20.37037037037037,73.14814814814815,61.111111111111114,12.037037037037036
E00051653,118,32,8,24,86,78,8,27.11864406779661,6.779661016949152,20.33898305084746,72.88135593220339,66.10169491525424,6.779661016949152
E00051654,191,46,15,31,145,123,22,24.083769633507853,7.853403141361256,16.230366492146597,75.91623036649214,64.3979057591623,11.518324607329843
E00051655,108,30,14,16,78,68,10,27.77777777777778,12.962962962962962,14.814814814814813,72.22222222222221,62.96296296296296,9.25925925925926
E00051656,278,61,23,38,217,188,29,21.942446043165468,8.273381294964029,13.66906474820144,78.05755395683454,67.62589928057554,10.431654676258994
E00051657,107,29,6,23,78,74,4,27.102803738317753,5.607476635514018,21.49532710280374,72.89719626168224,69.1588785046729,3.7383177570093453
E00051658,175,44,20,24,131,110,21,25.142857142857146,11.428571428571429,13.714285714285715,74.85714285714286,62.857142857142854,12
E00051660,127,42,16,26,85,76,9,33.07086614173229,12.598425196850393,20.47244094488189,66.92913385826772,59.84251968503938,7.086614173228346
E00051661,186,51,16,35,135,122,13,27.419354838709676,8.60215053763441,18.817204301075268,72.58064516129032,65.59139784946237,6.989247311827956
E00051662,154,37,8,29,117,103,14,24.025974025974026,5.194805194805195,18.83116883116883,75.97402597402598,66.88311688311688,9.090909090909092
E00051663,170,46,22,24,124,109,15,27.058823529411764,12.941176470588237,14.117647058823529,72.94117647058823,64.11764705882354,8.823529411764707
E00051664,168,43,14,29,125,109,16,25.595238095238095,8.333333333333332,17.261904761904763,74.40476190476191,64.88095238095238,9.523809523809524
E00051666,148,38,11,27,110,95,15,25.675675675675674,7.4324324324324325,18.243243243243242,74.32432432432432,64.1891891891892,10.135135135135135
E00051667,170,45,16,29,125,111,14,26.47058823529412,9.411764705882353,17.058823529411764,73.52941176470588,65.29411764705883,8.235294117647058
E00051668,158,59,26,33,99,84,15,37.34177215189873,16.455696202531644,20.88607594936709,62.65822784810127,53.16455696202531,9.49367088607595
E00051669,175,60,13,47,115,100,15,34.285714285714285,7.428571428571429,26.857142857142858,65.71428571428571,57.14285714285714,8.571428571428571
E00051670,142,48,17,31,94,88,6,33.80281690140845,11.971830985915492,21.830985915492956,66.19718309859155,61.97183098591549,4.225352112676056
E00051671,151,36,16,20,115,101,14,23.841059602649008,10.596026490066226,13.245033112582782,76.15894039735099,66.88741721854305,9.271523178807946
E00051672,121,26,7,19,95,86,9,21.487603305785125,5.785123966942149,15.702479338842975,78.51239669421489,71.07438016528926,7.43801652892562
E00051673,199,60,18,42,139,123,16,30.15075376884422,9.045226130653267,21.105527638190953,69.84924623115577,61.80904522613066,8.040201005025125
E00051674,141,54,14,40,87,77,10,38.297872340425535,9.929078014184398,28.368794326241137,61.702127659574465,54.60992907801418,7.092198581560284
E00051675,169,47,10,37,122,111,11,27.810650887573964,5.9171597633136095,21.893491124260358,72.18934911242604,65.68047337278107,6.508875739644971
E00051676,121,30,11,19,91,75,16,24.793388429752067,9.090909090909092,15.702479338842975,75.20661157024794,61.98347107438017,13.223140495867769
E00051677,98,30,9,21,68,57,11,30.612244897959183,9.183673469387756,21.428571428571427,69.38775510204081,58.16326530612245,11.224489795918368
E00051678,115,45,16,29,70,57,13,39.130434782608695,13.91304347826087,25.217391304347824,60.86956521739131,49.56521739130435,11.304347826086957
E00051679,165,44,9,35,121,107,14,26.666666666666668,5.454545454545454,21.21212121212121,73.33333333333333,64.84848484848484,8.484848484848486
E00051680,155,43,17,26,112,95,17,27.741935483870968,10.967741935483872,16.7741935483871,72.25806451612902,61.29032258064516,10.967741935483872
E00051681,123,35,6,29,88,81,7,28.455284552845526,4.878048780487805,23.577235772357724,71.54471544715447,65.85365853658537,5.691056910569105
E00051682,128,42,18,24,86,72,14,32.8125,14.0625,18.75,67.1875,56.25,10.9375
E00051683,142,44,22,22,98,78,20,30.985915492957744,15.492957746478872,15.492957746478872,69.01408450704226,54.929577464788736,14.084507042253522
E00051684,169,52,23,29,117,89,28,30.76923076923077,13.609467455621301,17.159763313609467,69.23076923076923,52.662721893491124,16.56804733727811
E00051685,166,43,14,29,123,103,20,25.903614457831324,8.433734939759036,17.46987951807229,74.09638554216868,62.048192771084345,12.048192771084338
E00051686,201,53,16,37,148,120,28,26.368159203980102,7.960199004975125,18.407960199004975,73.6318407960199,59.70149253731343,13.930348258706468
E00051687,184,51,19,32,133,110,23,27.717391304347828,10.326086956521738,17.391304347826086,72.28260869565217,59.78260869565217,12.5
E00051688,125,40,12,28,85,76,9,32,9.6,22.400000000000002,68,60.8,7.199999999999999
E00051689,120,38,13,25,82,73,9,31.666666666666664,10.833333333333334,20.833333333333336,68.33333333333333,60.83333333333333,7.5
E00051691,122,31,11,20,91,81,10,25.40983606557377,9.01639344262295,16.39344262295082,74.59016393442623,66.39344262295081,8.19672131147541
E00051692,192,44,18,26,148,124,24,22.916666666666664,9.375,13.541666666666666,77.08333333333334,64.58333333333334,12.5
E00051693,156,43,12,31,113,97,16,27.564102564102566,7.6923076923076925,19.871794871794872,72.43589743589743,62.17948717948718,10.256410256410255
E00051694,144,36,9,27,108,94,14,25,6.25,18.75,75,65.27777777777779,9.722222222222223
E00051695,256,85,30,55,171,149,22,33.203125,11.71875,21.484375,66.796875,58.203125,8.59375
E00051696,136,34,12,22,102,81,21,25,8.823529411764707,16.176470588235293,75,59.55882352941176,15.441176470588236
E00051698,212,63,20,43,149,122,27,29.71698113207547,9.433962264150944,20.28301886792453,70.28301886792453,57.54716981132076,12.735849056603774
E00051699,145,48,23,25,97,81,16,33.10344827586207,15.862068965517242,17.24137931034483,66.89655172413794,55.86206896551724,11.03448275862069
E00051700,116,39,20,19,77,68,9,33.62068965517241,17.24137931034483,16.379310344827587,66.37931034482759,58.620689655172406,7.758620689655173
E00051701,145,35,16,19,110,91,19,24.137931034482758,11.03448275862069,13.10344827586207,75.86206896551724,62.758620689655174,13.10344827586207
E00051702,134,43,18,25,91,78,13,32.08955223880597,13.432835820895523,18.65671641791045,67.91044776119402,58.2089552238806,9.701492537313433
E00051703,137,48,9,39,89,80,9,35.03649635036496,6.569343065693431,28.467153284671532,64.96350364963503,58.3941605839416,6.569343065693431
E00051704,106,26,7,19,80,71,9,24.528301886792452,6.60377358490566,17.92452830188679,75.47169811320755,66.98113207547169,8.49056603773585
E00051705,184,55,23,32,129,104,25,29.891304347826086,12.5,17.391304347826086,70.1086956521739,56.52173913043478,13.586956521739129
E00051706,110,36,18,18,74,54,20,32.72727272727273,16.363636363636363,16.363636363636363,67.27272727272727,49.09090909090909,18.181818181818183
E00051707,113,31,11,20,82,67,15,27.43362831858407,9.734513274336283,17.699115044247787,72.56637168141593,59.29203539823009,13.274336283185843
E00051708,186,44,19,25,142,119,23,23.655913978494624,10.21505376344086,13.440860215053762,76.34408602150538,63.97849462365591,12.365591397849462
E00051709,163,51,17,34,112,89,23,31.28834355828221,10.429447852760736,20.858895705521473,68.71165644171779,54.601226993865026,14.11042944785276
E00051710,157,28,9,19,129,112,17,17.8343949044586,5.7324840764331215,12.101910828025478,82.16560509554141,71.3375796178344,10.828025477707007
E00051711,100,38,12,26,62,55,7,38,12,26,62,55.00000000000001,7.000000000000001
E00051712,222,75,33,42,147,104,43,33.78378378378378,14.864864864864865,18.91891891891892,66.21621621621621,46.846846846846844,19.36936936936937
E00051713,96,20,3,17,76,68,8,20.833333333333336,3.125,17.708333333333336,79.16666666666666,70.83333333333334,8.333333333333332
E00051714,133,25,11,14,108,86,22,18.796992481203006,8.270676691729323,10.526315789473683,81.203007518797,64.66165413533834,16.541353383458645
E00051715,53,15,7,8,38,28,10,28.30188679245283,13.20754716981132,15.09433962264151,71.69811320754717,52.83018867924528,18.867924528301888
E00051716,89,21,9,12,68,46,22,23.595505617977526,10.112359550561797,13.48314606741573,76.40449438202246,51.68539325842697,24.719101123595504
E00051717,138,58,25,33,80,59,21,42.028985507246375,18.115942028985508,23.91304347826087,57.971014492753625,42.7536231884058,15.217391304347828
E00051718,143,45,19,26,98,87,11,31.46853146853147,13.286713286713287,18.181818181818183,68.53146853146853,60.83916083916085,7.6923076923076925
E00051719,179,56,21,35,123,110,13,31.28491620111732,11.731843575418994,19.553072625698324,68.71508379888269,61.452513966480446,7.262569832402235
E00051720,119,38,13,25,81,74,7,31.932773109243694,10.92436974789916,21.008403361344538,68.0672268907563,62.18487394957983,5.88235294117647
E00051721,169,43,11,32,126,114,12,25.443786982248522,6.508875739644971,18.93491124260355,74.55621301775149,67.45562130177515,7.100591715976331
E00051722,142,44,12,32,98,89,9,30.985915492957744,8.450704225352112,22.535211267605636,69.01408450704226,62.676056338028175,6.338028169014084
E00051723,140,55,16,39,85,81,4,39.285714285714285,11.428571428571429,27.857142857142858,60.71428571428571,57.85714285714286,2.857142857142857
E00051724,137,34,6,28,103,94,9,24.817518248175183,4.37956204379562,20.437956204379564,75.18248175182481,68.61313868613139,6.569343065693431
E00051725,102,27,6,21,75,69,6,26.47058823529412,5.88235294117647,20.588235294117645,73.52941176470588,67.64705882352942,5.88235294117647
E00051726,129,45,13,32,84,76,8,34.883720930232556,10.077519379844961,24.8062015503876,65.11627906976744,58.91472868217055,6.2015503875969
E00051727,168,47,13,34,121,106,15,27.976190476190478,7.738095238095238,20.238095238095237,72.02380952380952,63.095238095238095,8.928571428571429
E00051728,159,53,19,34,106,97,9,33.33333333333333,11.949685534591195,21.38364779874214,66.66666666666666,61.0062893081761,5.660377358490567
E00051729,114,44,13,31,70,62,8,38.59649122807017,11.403508771929824,27.192982456140353,61.40350877192983,54.385964912280706,7.017543859649122
E00051730,181,53,14,39,128,121,7,29.2817679558011,7.734806629834254,21.54696132596685,70.71823204419888,66.85082872928176,3.867403314917127
E00051731,61,26,6,20,35,31,4,42.62295081967213,9.836065573770492,32.78688524590164,57.377049180327866,50.81967213114754,6.557377049180328
E00051732,131,32,10,22,99,88,11,24.427480916030532,7.633587786259542,16.793893129770993,75.57251908396947,67.17557251908397,8.396946564885496
E00051733,146,36,13,23,110,98,12,24.65753424657534,8.904109589041095,15.753424657534246,75.34246575342466,67.12328767123287,8.21917808219178
E00051734,193,42,10,32,151,137,14,21.761658031088082,5.181347150259067,16.580310880829018,78.23834196891191,70.98445595854922,7.253886010362693
E00051735,156,33,14,19,123,119,4,21.153846153846153,8.974358974358974,12.179487179487179,78.84615384615384,76.28205128205127,2.564102564102564
E00051736,109,28,5,23,81,73,8,25.688073394495415,4.587155963302752,21.100917431192663,74.31192660550458,66.97247706422019,7.339449541284404
E00051737,106,39,16,23,67,63,4,36.79245283018868,15.09433962264151,21.69811320754717,63.20754716981132,59.43396226415094,3.7735849056603774
E00051738,125,34,9,25,91,77,14,27.200000000000003,7.199999999999999,20,72.8,61.6,11.200000000000001
E00051739,115,28,12,16,87,73,14,24.347826086956523,10.434782608695652,13.91304347826087,75.65217391304347,63.47826086956522,12.173913043478262
E00051740,88,28,11,17,60,57,3,31.818181818181817,12.5,19.318181818181817,68.18181818181817,64.77272727272727,3.4090909090909087
E00051741,119,35,9,26,84,73,11,29.411764705882355,7.563025210084033,21.84873949579832,70.58823529411765,61.34453781512605,9.243697478991598
E00051742,107,34,12,22,73,68,5,31.775700934579437,11.214953271028037,20.5607476635514,68.22429906542055,63.55140186915887,4.672897196261682
E00051743,118,31,8,23,87,81,6,26.27118644067797,6.779661016949152,19.491525423728813,73.72881355932203,68.64406779661016,5.084745762711865
E00051744,159,39,10,29,120,110,10,24.528301886792452,6.289308176100629,18.238993710691823,75.47169811320755,69.18238993710692,6.289308176100629
E00051745,126,39,10,29,87,79,8,30.952380952380953,7.936507936507936,23.015873015873016,69.04761904761905,62.698412698412696,6.349206349206349
E00051746,117,43,12,31,74,67,7,36.75213675213676,10.256410256410255,26.495726495726498,63.24786324786324,57.26495726495726,5.982905982905983
E00051747,128,37,9,28,91,85,6,28.90625,7.03125,21.875,71.09375,66.40625,4.6875
E00051748,91,18,3,15,73,71,2,19.78021978021978,3.296703296703297,16.483516483516482,80.21978021978022,78.02197802197803,2.197802197802198
E00051749,114,33,14,19,81,72,9,28.947368421052634,12.280701754385964,16.666666666666664,71.05263157894737,63.1578947368421,7.894736842105263
E00051750,135,35,14,21,100,85,15,25.925925925925924,10.37037037037037,15.555555555555555,74.07407407407408,62.96296296296296,11.11111111111111
E00051751,111,45,18,27,66,59,7,40.54054054054054,16.216216216216218,24.324324324324326,59.45945945945946,53.153153153153156,6.306306306306306
E00051752,131,38,15,23,93,85,8,29.00763358778626,11.450381679389313,17.557251908396946,70.99236641221374,64.8854961832061,6.106870229007633
E00051753,57,13,1,12,44,38,6,22.807017543859647,1.7543859649122806,21.052631578947366,77.19298245614034,66.66666666666666,10.526315789473683
E00051754,71,23,3,20,48,44,4,32.3943661971831,4.225352112676056,28.169014084507044,67.6056338028169,61.97183098591549,5.633802816901409
E00051755,65,15,3,12,50,41,9,23.076923076923077,4.615384615384616,18.461538461538463,76.92307692307693,63.07692307692307,13.846153846153847
E00051756,92,25,8,17,67,61,6,27.173913043478258,8.695652173913043,18.478260869565215,72.82608695652173,66.30434782608695,6.521739130434782
E00051757,117,40,6,34,77,74,3,34.18803418803419,5.128205128205128,29.059829059829063,65.8119658119658,63.24786324786324,2.564102564102564
E00051758,218,63,16,47,155,140,15,28.899082568807337,7.339449541284404,21.55963302752294,71.10091743119266,64.22018348623854,6.8807339449541285
E00165816,283,89,24,65,194,176,18,31.448763250883395,8.480565371024735,22.968197879858657,68.55123674911661,62.19081272084806,6.36042402826855
E00168155,76,12,5,7,64,57,7,15.789473684210526,6.578947368421052,9.210526315789473,84.21052631578947,75,9.210526315789473
E00168156,135,27,11,16,108,96,12,20,8.148148148148149,11.851851851851853,80,71.11111111111111,8.88888888888889
E00168157,233,35,13,22,198,184,14,15.021459227467812,5.579399141630901,9.44206008583691,84.97854077253218,78.96995708154506,6.008583690987124
E00168158,217,52,14,38,165,151,14,23.963133640552993,6.451612903225806,17.51152073732719,76.036866359447,69.5852534562212,6.451612903225806
E00168159,58,19,8,11,39,36,3,32.758620689655174,13.793103448275861,18.96551724137931,67.24137931034483,62.06896551724138,5.172413793103448
E00168160,93,21,9,12,72,63,9,22.58064516129032,9.67741935483871,12.903225806451612,77.41935483870968,67.74193548387096,9.67741935483871
E00168161,100,28,14,14,72,67,5,28.000000000000004,14.000000000000002,14.000000000000002,72,67,5
E00168162,162,47,21,26,115,101,14,29.01234567901235,12.962962962962962,16.049382716049383,70.98765432098766,62.34567901234568,8.641975308641975
E00168163,106,24,5,19,82,68,14,22.641509433962266,4.716981132075472,17.92452830188679,77.35849056603774,64.15094339622641,13.20754716981132
E00168164,97,19,4,15,78,66,12,19.587628865979383,4.123711340206185,15.463917525773196,80.41237113402062,68.04123711340206,12.371134020618557
E00168165,188,24,10,14,164,139,25,12.76595744680851,5.319148936170213,7.446808510638298,87.2340425531915,73.93617021276596,13.297872340425531
E00168166,254,27,6,21,227,201,26,10.62992125984252,2.3622047244094486,8.267716535433072,89.37007874015748,79.13385826771653,10.236220472440944
E00168167,169,21,4,17,148,122,26,12.42603550295858,2.366863905325444,10.059171597633137,87.57396449704143,72.18934911242604,15.384615384615385
E00168168,139,23,10,13,116,97,19,16.546762589928058,7.1942446043165464,9.352517985611511,83.45323741007195,69.7841726618705,13.66906474820144
E00168169,162,34,10,24,128,109,19,20.98765432098765,6.172839506172839,14.814814814814813,79.01234567901234,67.28395061728395,11.728395061728394
E00168170,158,37,13,24,121,102,19,23.417721518987342,8.227848101265822,15.18987341772152,76.58227848101265,64.55696202531645,12.025316455696203
E00168172,155,42,19,23,113,97,16,27.09677419354839,12.258064516129032,14.838709677419354,72.90322580645162,62.58064516129033,10.32258064516129
E00168173,167,35,13,22,132,118,14,20.958083832335326,7.784431137724551,13.17365269461078,79.04191616766467,70.65868263473054,8.383233532934131
E00168174,129,29,5,24,100,79,21,22.48062015503876,3.875968992248062,18.6046511627907,77.51937984496125,61.240310077519375,16.27906976744186
E00168175,153,27,9,18,126,114,12,17.647058823529413,5.88235294117647,11.76470588235294,82.35294117647058,74.50980392156863,7.8431372549019605
E00168176,128,35,12,23,93,66,27,27.34375,9.375,17.96875,72.65625,51.5625,21.09375
E00168177,175,47,10,37,128,100,28,26.857142857142858,5.714285714285714,21.142857142857142,73.14285714285714,57.14285714285714,16
E00168178,124,35,11,24,89,72,17,28.225806451612907,8.870967741935484,19.35483870967742,71.7741935483871,58.06451612903226,13.709677419354838
E00168179,117,32,9,23,85,71,14,27.350427350427353,7.6923076923076925,19.65811965811966,72.64957264957265,60.68376068376068,11.965811965811966
E00185033,146,44,14,30,102,77,25,30.136986301369863,9.58904109589041,20.54794520547945,69.86301369863014,52.73972602739726,17.123287671232877
E00185037,61,16,8,8,45,39,6,26.229508196721312,13.114754098360656,13.114754098360656,73.77049180327869,63.934426229508205,9.836065573770492
E00185038,315,64,21,43,251,211,40,20.317460317460316,6.666666666666667,13.65079365079365,79.68253968253968,66.98412698412697,12.698412698412698
E00185039,204,56,25,31,148,121,27,27.450980392156865,12.254901960784313,15.196078431372548,72.54901960784314,59.31372549019608,13.23529411764706
E00185045,184,45,17,28,139,131,8,24.456521739130434,9.239130434782608,15.217391304347828,75.54347826086956,71.19565217391305,4.3478260869565215
E00185047,240,65,25,40,175,134,41,27.083333333333332,10.416666666666668,16.666666666666664,72.91666666666666,55.833333333333336,17.083333333333332
E00185057,68,14,8,6,54,46,8,20.588235294117645,11.76470588235294,8.823529411764707,79.41176470588235,67.64705882352942,11.76470588235294
E00185058,52,11,3,8,41,33,8,21.153846153846153,5.769230769230769,15.384615384615385,78.84615384615384,63.46153846153846,15.384615384615385
E00185060,106,25,12,13,81,70,11,23.58490566037736,11.320754716981133,12.264150943396226,76.41509433962264,66.0377358490566,10.377358490566039
E00185062,107,14,9,5,93,77,16,13.084112149532709,8.411214953271028,4.672897196261682,86.91588785046729,71.96261682242991,14.953271028037381
E00185063,66,15,4,11,51,49,2,22.727272727272727,6.0606060606060606,16.666666666666664,77.27272727272727,74.24242424242425,3.0303030303030303
E00185064,106,38,12,26,68,58,10,35.84905660377358,11.320754716981133,24.528301886792452,64.15094339622641,54.71698113207547,9.433962264150944
E00185078,285,69,26,43,216,181,35,24.210526315789473,9.12280701754386,15.087719298245613,75.78947368421053,63.50877192982456,12.280701754385964
E00185082,152,29,4,25,123,97,26,19.078947368421055,2.631578947368421,16.447368421052634,80.92105263157895,63.81578947368421,17.105263157894736
E00185083,167,57,19,38,110,88,22,34.13173652694611,11.377245508982035,22.75449101796407,65.86826347305389,52.69461077844312,13.17365269461078
E00185086,65,17,5,12,48,40,8,26.153846153846157,7.6923076923076925,18.461538461538463,73.84615384615385,61.53846153846154,12.307692307692308
E00185093,179,33,15,18,146,127,19,18.435754189944134,8.379888268156424,10.05586592178771,81.56424581005587,70.94972067039106,10.614525139664805
E00185095,85,21,8,13,64,51,13,24.705882352941178,9.411764705882353,15.294117647058824,75.29411764705883,60,15.294117647058824
E00185096,223,57,22,35,166,141,25,25.56053811659193,9.865470852017937,15.695067264573993,74.43946188340807,63.22869955156951,11.210762331838566
E00185104,138,25,10,15,113,106,7,18.115942028985508,7.246376811594203,10.869565217391305,81.88405797101449,76.81159420289855,5.072463768115942
E00185112,154,47,12,35,107,101,6,30.519480519480517,7.792207792207792,22.727272727272727,69.48051948051948,65.5844155844156,3.896103896103896
E00185124,299,76,25,51,223,187,36,25.418060200668897,8.361204013377927,17.05685618729097,74.5819397993311,62.54180602006689,12.040133779264215
E00185126,209,54,16,38,155,139,16,25.837320574162682,7.655502392344498,18.181818181818183,74.16267942583733,66.50717703349282,7.655502392344498
E00185128,162,23,9,14,139,115,24,14.19753086419753,5.555555555555555,8.641975308641975,85.80246913580247,70.98765432098766,14.814814814814813
E00185131,176,59,24,35,117,94,23,33.52272727272727,13.636363636363635,19.886363636363637,66.47727272727273,53.40909090909091,13.068181818181818
E00185134,197,47,16,31,150,115,35,23.85786802030457,8.121827411167512,15.736040609137056,76.14213197969542,58.37563451776649,17.766497461928935
