OA,ts0590001,ts0590002,ts0590003,ts0590004,ts0590005,ts0590006,ts0590007,ts0590002_PCT,ts0590003_PCT,ts0590004_PCT,ts0590005_PCT,ts0590006_PCT,ts0590007_PCT
E00004120,159,30,7,23,129,88,41,18.867924528301888,4.40251572327044,14.465408805031446,81.13207547169812,55.34591194968554,25.78616352201258
E00004121,109,32,15,17,77,50,27,29.357798165137616,13.761467889908257,15.59633027522936,70.64220183486239,45.87155963302752,24.770642201834864
E00004122,113,23,7,16,90,59,31,20.353982300884958,6.1946902654867255,14.15929203539823,79.64601769911505,52.21238938053098,27.43362831858407
E00004123,135,43,16,27,92,61,31,31.851851851851855,11.851851851851853,20,68.14814814814815,45.18518518518518,22.962962962962962
E00004124,79,14,8,6,65,46,19,17.72151898734177,10.126582278481013,7.59493670886076,82.27848101265823,58.22784810126582,24.050632911392405
E00004125,173,40,21,19,133,104,29,23.121387283236995,12.138728323699421,10.982658959537572,76.878612716763,60.115606936416185,16.76300578034682
E00004126,154,34,18,16,120,81,39,22.07792207792208,11.688311688311687,10.38961038961039,77.92207792207793,52.5974025974026,25.324675324675322
E00004127,126,25,14,11,101,77,24,19.841269841269842,11.11111111111111,8.73015873015873,80.15873015873017,61.111111111111114,19.047619047619047
E00004128,180,31,10,21,149,79,70,17.22222222222222,5.555555555555555,11.666666666666666,82.77777777777777,43.888888888888886,38.88888888888889
E00004129,156,39,18,21,117,70,47,25,11.538461538461538,13.461538461538462,75,44.871794871794876,30.128205128205128
E00004130,126,20,5,15,106,75,31,15.873015873015872,3.968253968253968,11.904761904761903,84.12698412698413,59.523809523809526,24.6031746031746
E00004131,135,32,15,17,103,64,39,23.703703703703706,11.11111111111111,12.592592592592592,76.29629629629629,47.40740740740741,28.888888888888886
E00004132,105,18,7,11,87,51,36,17.142857142857142,6.666666666666667,10.476190476190476,82.85714285714286,48.57142857142857,34.285714285714285
E00004133,124,24,10,14,100,57,43,19.35483870967742,8.064516129032258,11.29032258064516,80.64516129032258,45.96774193548387,34.67741935483871
E00004134,96,14,9,5,82,58,24,14.583333333333334,9.375,5.208333333333334,85.41666666666666,60.416666666666664,25
E00004135,97,17,10,7,80,59,21,17.525773195876287,10.309278350515463,7.216494845360824,82.4742268041237,60.824742268041234,21.649484536082475
E00004136,123,22,11,11,101,57,44,17.88617886178862,8.94308943089431,8.94308943089431,82.11382113821138,46.34146341463415,35.77235772357724
E00004137,144,32,19,13,112,83,29,22.22222222222222,13.194444444444445,9.027777777777777,77.77777777777779,57.638888888888886,20.13888888888889
E00004138,110,28,17,11,82,50,32,25.454545454545453,15.454545454545453,10,74.54545454545455,45.45454545454545,29.09090909090909
E00004140,131,35,16,19,96,55,41,26.717557251908396,12.213740458015266,14.50381679389313,73.2824427480916,41.98473282442748,31.297709923664126
E00004141,93,28,16,12,65,39,26,30.107526881720432,17.20430107526882,12.903225806451612,69.89247311827957,41.935483870967744,27.956989247311824
E00004142,130,24,12,12,106,63,43,18.461538461538463,9.230769230769232,9.230769230769232,81.53846153846153,48.46153846153846,33.07692307692307
E00004143,110,20,7,13,90,43,47,18.181818181818183,6.363636363636363,11.818181818181818,81.81818181818183,39.09090909090909,42.72727272727273
E00004145,171,42,11,31,129,94,35,24.561403508771928,6.432748538011696,18.128654970760234,75.43859649122807,54.97076023391813,20.46783625730994
E00004146,146,20,12,8,126,78,48,13.698630136986301,8.21917808219178,5.47945205479452,86.3013698630137,53.42465753424658,32.87671232876712
E00004147,127,35,22,13,92,66,26,27.559055118110237,17.322834645669293,10.236220472440944,72.44094488188976,51.96850393700787,20.47244094488189
E00004148,96,18,7,11,78,46,32,18.75,7.291666666666667,11.458333333333332,81.25,47.91666666666667,33.33333333333333
E00004149,189,37,16,21,152,104,48,19.576719576719576,8.465608465608465,11.11111111111111,80.42328042328042,55.026455026455025,25.396825396825395
E00004150,162,22,4,18,140,87,53,13.580246913580247,2.4691358024691357,11.11111111111111,86.41975308641975,53.70370370370371,32.71604938271605
E00004151,154,22,10,12,132,86,46,14.285714285714285,6.493506493506493,7.792207792207792,85.71428571428571,55.84415584415584,29.87012987012987
E00004152,131,28,12,16,103,58,45,21.374045801526716,9.16030534351145,12.213740458015266,78.62595419847328,44.274809160305345,34.35114503816794
E00004153,127,34,15,19,93,70,23,26.77165354330709,11.811023622047244,14.960629921259844,73.22834645669292,55.118110236220474,18.11023622047244
E00004154,122,24,10,14,98,55,43,19.672131147540984,8.19672131147541,11.475409836065573,80.32786885245902,45.08196721311475,35.24590163934426
E00004155,145,30,10,20,115,66,49,20.689655172413794,6.896551724137931,13.793103448275861,79.3103448275862,45.51724137931035,33.793103448275865
E00004156,120,28,14,14,92,52,40,23.333333333333332,11.666666666666666,11.666666666666666,76.66666666666667,43.333333333333336,33.33333333333333
E00004157,122,36,10,26,86,54,32,29.508196721311474,8.19672131147541,21.311475409836063,70.49180327868852,44.26229508196721,26.229508196721312
E00004158,145,38,16,22,107,91,16,26.20689655172414,11.03448275862069,15.172413793103448,73.79310344827587,62.758620689655174,11.03448275862069
E00004159,154,76,27,49,78,67,11,49.35064935064935,17.532467532467532,31.818181818181817,50.649350649350644,43.506493506493506,7.142857142857142
E00004160,66,28,11,17,38,31,7,42.42424242424242,16.666666666666664,25.757575757575758,57.57575757575758,46.96969696969697,10.606060606060606
E00004161,110,28,12,16,82,58,24,25.454545454545453,10.909090909090908,14.545454545454545,74.54545454545455,52.72727272727272,21.818181818181817
E00004162,170,29,13,16,141,87,54,17.058823529411764,7.647058823529412,9.411764705882353,82.94117647058825,51.17647058823529,31.76470588235294
E00004163,174,41,18,23,133,87,46,23.563218390804597,10.344827586206897,13.218390804597702,76.4367816091954,50,26.436781609195403
E00004164,152,58,15,43,94,80,14,38.15789473684211,9.868421052631579,28.289473684210524,61.8421052631579,52.63157894736842,9.210526315789473
E00004165,139,55,27,28,84,72,12,39.568345323741006,19.424460431654676,20.14388489208633,60.431654676258994,51.798561151079134,8.633093525179856
E00004166,127,66,23,43,61,52,9,51.96850393700787,18.11023622047244,33.85826771653544,48.031496062992126,40.94488188976378,7.086614173228346
E00004167,124,42,20,22,82,47,35,33.87096774193548,16.129032258064516,17.741935483870968,66.12903225806451,37.903225806451616,28.225806451612907
E00004168,105,15,6,9,90,61,29,14.285714285714285,5.714285714285714,8.571428571428571,85.71428571428571,58.0952380952381,27.61904761904762
E00004169,138,32,18,14,106,81,25,23.18840579710145,13.043478260869565,10.144927536231885,76.81159420289855,58.69565217391305,18.115942028985508
E00004172,111,33,18,15,78,55,23,29.72972972972973,16.216216216216218,13.513513513513514,70.27027027027027,49.549549549549546,20.72072072072072
E00004173,104,52,42,10,52,39,13,50,40.38461538461539,9.615384615384617,50,37.5,12.5
E00004174,44,15,5,10,29,23,6,34.090909090909086,11.363636363636363,22.727272727272727,65.9090909090909,52.27272727272727,13.636363636363635
E00004175,88,25,15,10,63,51,12,28.40909090909091,17.045454545454543,11.363636363636363,71.5909090909091,57.95454545454546,13.636363636363635
E00004177,61,16,12,4,45,33,12,26.229508196721312,19.672131147540984,6.557377049180328,73.77049180327869,54.09836065573771,19.672131147540984
E00004179,103,35,17,18,68,61,7,33.980582524271846,16.50485436893204,17.475728155339805,66.01941747572816,59.22330097087378,6.796116504854369
E00004180,89,30,13,17,59,46,13,33.70786516853933,14.606741573033707,19.101123595505616,66.29213483146067,51.68539325842697,14.606741573033707
E00004181,93,41,21,20,52,48,4,44.086021505376344,22.58064516129032,21.50537634408602,55.91397849462365,51.61290322580645,4.301075268817205
E00004182,74,24,13,11,50,38,12,32.432432432432435,17.56756756756757,14.864864864864865,67.56756756756756,51.35135135135135,16.216216216216218
E00004183,66,21,7,14,45,37,8,31.818181818181817,10.606060606060606,21.21212121212121,68.18181818181817,56.060606060606055,12.121212121212121
E00004184,80,27,13,14,53,43,10,33.75,16.25,17.5,66.25,53.75,12.5
E00004185,93,23,14,9,70,56,14,24.731182795698924,15.053763440860216,9.67741935483871,75.26881720430107,60.215053763440864,15.053763440860216
E00004187,150,33,17,16,117,67,50,22,11.333333333333332,10.666666666666668,78,44.666666666666664,33.33333333333333
E00004188,51,4,4,0,47,34,13,7.8431372549019605,7.8431372549019605,0,92.15686274509804,66.66666666666666,25.49019607843137
E00004189,69,16,9,7,53,40,13,23.18840579710145,13.043478260869565,10.144927536231885,76.81159420289855,57.971014492753625,18.84057971014493
E00004190,176,52,23,29,124,92,32,29.545454545454547,13.068181818181818,16.477272727272727,70.45454545454545,52.27272727272727,18.181818181818183
E00004193,249,46,33,13,203,175,28,18.473895582329316,13.253012048192772,5.220883534136546,81.52610441767068,70.28112449799197,11.244979919678714
E00004194,108,25,13,12,83,47,36,23.14814814814815,12.037037037037036,11.11111111111111,76.85185185185185,43.51851851851852,33.33333333333333
E00004195,131,24,19,5,107,68,39,18.3206106870229,14.50381679389313,3.816793893129771,81.67938931297711,51.908396946564885,29.770992366412212
E00004196,88,19,15,4,69,42,27,21.59090909090909,17.045454545454543,4.545454545454546,78.4090909090909,47.72727272727273,30.681818181818183
E00004197,89,17,5,12,72,41,31,19.101123595505616,5.617977528089887,13.48314606741573,80.89887640449437,46.06741573033708,34.831460674157306
E00004198,112,27,12,15,85,55,30,24.107142857142858,10.714285714285714,13.392857142857142,75.89285714285714,49.107142857142854,26.785714285714285
E00004199,171,45,26,19,126,80,46,26.31578947368421,15.204678362573098,11.11111111111111,73.68421052631578,46.783625730994146,26.900584795321635
E00004200,110,23,17,6,87,55,32,20.909090909090907,15.454545454545453,5.454545454545454,79.0909090909091,50,29.09090909090909
E00004201,133,31,20,11,102,65,37,23.308270676691727,15.037593984962406,8.270676691729323,76.69172932330827,48.87218045112782,27.819548872180448
E00004202,17,5,4,1,12,10,2,29.411764705882355,23.52941176470588,5.88235294117647,70.58823529411765,58.82352941176471,11.76470588235294
E00004203,157,25,14,11,132,94,38,15.92356687898089,8.9171974522293,7.006369426751593,84.07643312101911,59.87261146496815,24.203821656050955
E00004204,141,28,16,12,113,72,41,19.858156028368796,11.347517730496454,8.51063829787234,80.1418439716312,51.06382978723404,29.078014184397162
E00004205,222,39,26,13,183,121,62,17.56756756756757,11.711711711711711,5.8558558558558556,82.43243243243244,54.5045045045045,27.927927927927925
E00004206,119,48,18,30,71,65,6,40.33613445378151,15.126050420168067,25.210084033613445,59.66386554621849,54.621848739495796,5.042016806722689
E00004207,141,53,24,29,88,73,15,37.5886524822695,17.02127659574468,20.56737588652482,62.4113475177305,51.77304964539007,10.638297872340425
E00004208,126,53,28,25,73,68,5,42.06349206349206,22.22222222222222,19.841269841269842,57.936507936507944,53.96825396825397,3.968253968253968
E00004209,130,29,11,18,101,69,32,22.30769230769231,8.461538461538462,13.846153846153847,77.6923076923077,53.07692307692308,24.615384615384617
E00004210,133,46,12,34,87,76,11,34.58646616541353,9.022556390977442,25.563909774436087,65.41353383458647,57.14285714285714,8.270676691729323
E00004211,138,29,19,10,109,90,19,21.014492753623188,13.768115942028986,7.246376811594203,78.98550724637681,65.21739130434783,13.768115942028986
E00004212,166,42,21,21,124,89,35,25.301204819277107,12.650602409638553,12.650602409638553,74.69879518072288,53.6144578313253,21.084337349397593
E00004213,206,60,22,38,146,120,26,29.126213592233007,10.679611650485436,18.446601941747574,70.87378640776699,58.252427184466015,12.62135922330097
E00004215,137,29,11,18,108,58,50,21.16788321167883,8.02919708029197,13.138686131386862,78.83211678832117,42.33576642335766,36.496350364963504
E00004216,143,44,31,13,99,60,39,30.76923076923077,21.678321678321677,9.090909090909092,69.23076923076923,41.95804195804196,27.27272727272727
E00004217,161,29,20,9,132,76,56,18.012422360248447,12.422360248447205,5.590062111801243,81.98757763975155,47.20496894409938,34.78260869565217
E00004218,143,39,18,21,104,90,14,27.27272727272727,12.587412587412588,14.685314685314685,72.72727272727273,62.93706293706294,9.79020979020979
E00004219,224,62,27,35,162,124,38,27.67857142857143,12.053571428571429,15.625,72.32142857142857,55.35714285714286,16.964285714285715
E00004220,73,28,19,9,45,40,5,38.35616438356164,26.027397260273972,12.32876712328767,61.64383561643836,54.794520547945204,6.8493150684931505
E00004221,114,25,13,12,89,61,28,21.929824561403507,11.403508771929824,10.526315789473683,78.0701754385965,53.50877192982456,24.561403508771928
E00004222,119,28,15,13,91,58,33,23.52941176470588,12.605042016806722,10.92436974789916,76.47058823529412,48.739495798319325,27.73109243697479
E00004223,174,52,26,26,122,98,24,29.88505747126437,14.942528735632186,14.942528735632186,70.11494252873564,56.32183908045977,13.793103448275861
E00004224,168,33,11,22,135,86,49,19.642857142857142,6.547619047619048,13.095238095238097,80.35714285714286,51.19047619047619,29.166666666666668
E00004225,202,53,23,30,149,122,27,26.237623762376238,11.386138613861387,14.85148514851485,73.76237623762376,60.396039603960396,13.366336633663368
E00004226,115,22,12,10,93,52,41,19.130434782608695,10.434782608695652,8.695652173913043,80.8695652173913,45.21739130434783,35.65217391304348
E00004227,141,49,23,26,92,45,47,34.751773049645394,16.312056737588655,18.439716312056735,65.24822695035462,31.914893617021278,33.33333333333333
E00004228,94,27,11,16,67,50,17,28.723404255319153,11.702127659574469,17.02127659574468,71.27659574468085,53.191489361702125,18.085106382978726
E00004229,176,28,14,14,148,94,54,15.909090909090908,7.954545454545454,7.954545454545454,84.0909090909091,53.40909090909091,30.681818181818183
E00004230,114,25,12,13,89,64,25,21.929824561403507,10.526315789473683,11.403508771929824,78.0701754385965,56.14035087719298,21.929824561403507
E00004231,128,23,11,12,105,49,56,17.96875,8.59375,9.375,82.03125,38.28125,43.75
E00004232,57,22,8,14,35,26,9,38.59649122807017,14.035087719298245,24.561403508771928,61.40350877192983,45.614035087719294,15.789473684210526
E00004233,115,29,12,17,86,59,27,25.217391304347824,10.434782608695652,14.782608695652174,74.78260869565217,51.30434782608696,23.47826086956522
E00004234,123,27,12,15,96,64,32,21.951219512195124,9.75609756097561,12.195121951219512,78.04878048780488,52.03252032520326,26.01626016260163
E00004235,174,38,16,22,136,110,26,21.839080459770116,9.195402298850574,12.643678160919542,78.16091954022988,63.2183908045977,14.942528735632186
E00004236,144,41,16,25,103,75,28,28.47222222222222,11.11111111111111,17.36111111111111,71.52777777777779,52.083333333333336,19.444444444444446
E00004237,122,35,20,15,87,64,23,28.688524590163933,16.39344262295082,12.295081967213115,71.31147540983606,52.459016393442624,18.852459016393443
E00004238,224,41,23,18,183,103,80,18.303571428571427,10.267857142857142,8.035714285714286,81.69642857142857,45.982142857142854,35.714285714285715
E00004239,75,31,20,11,44,31,13,41.333333333333336,26.666666666666668,14.666666666666666,58.666666666666664,41.333333333333336,17.333333333333336
E00004240,154,36,21,15,118,96,22,23.376623376623375,13.636363636363635,9.740259740259742,76.62337662337663,62.33766233766234,14.285714285714285
E00004241,157,41,17,24,116,60,56,26.11464968152866,10.828025477707007,15.286624203821656,73.88535031847134,38.21656050955414,35.6687898089172
E00004242,79,13,5,8,66,49,17,16.455696202531644,6.329113924050633,10.126582278481013,83.54430379746836,62.0253164556962,21.518987341772153
E00004243,122,33,12,21,89,40,49,27.049180327868854,9.836065573770492,17.21311475409836,72.95081967213115,32.78688524590164,40.16393442622951
E00004244,99,42,19,23,57,50,7,42.42424242424242,19.19191919191919,23.232323232323232,57.57575757575758,50.505050505050505,7.07070707070707
E00004245,130,37,10,27,93,77,16,28.46153846153846,7.6923076923076925,20.76923076923077,71.53846153846153,59.23076923076923,12.307692307692308
E00004246,122,33,18,15,89,69,20,27.049180327868854,14.754098360655737,12.295081967213115,72.95081967213115,56.557377049180324,16.39344262295082
E00004247,173,52,19,33,121,102,19,30.057803468208093,10.982658959537572,19.07514450867052,69.94219653179191,58.95953757225434,10.982658959537572
E00004248,193,47,25,22,146,117,29,24.352331606217618,12.953367875647666,11.398963730569948,75.64766839378238,60.62176165803109,15.025906735751295
E00004249,131,35,13,22,96,66,30,26.717557251908396,9.923664122137405,16.793893129770993,73.2824427480916,50.38167938931297,22.900763358778626
E00004250,143,39,19,20,104,74,30,27.27272727272727,13.286713286713287,13.986013986013987,72.72727272727273,51.74825174825175,20.97902097902098
E00004251,137,33,18,15,104,76,28,24.087591240875913,13.138686131386862,10.948905109489052,75.91240875912408,55.47445255474452,20.437956204379564
E00004252,131,28,13,15,103,82,21,21.374045801526716,9.923664122137405,11.450381679389313,78.62595419847328,62.59541984732825,16.030534351145036
E00004253,315,57,30,27,258,193,65,18.095238095238095,9.523809523809524,8.571428571428571,81.9047619047619,61.26984126984127,20.634920634920633
E00004254,105,38,12,26,67,57,10,36.19047619047619,11.428571428571429,24.761904761904763,63.8095238095238,54.285714285714285,9.523809523809524
E00004255,155,54,23,31,101,76,25,34.83870967741935,14.838709677419354,20,65.16129032258064,49.03225806451613,16.129032258064516
E00004256,129,51,17,34,78,65,13,39.53488372093023,13.178294573643413,26.356589147286826,60.46511627906976,50.3875968992248,10.077519379844961
E00004257,129,30,12,18,99,82,17,23.25581395348837,9.30232558139535,13.953488372093023,76.74418604651163,63.565891472868216,13.178294573643413
E00004258,151,27,12,15,124,92,32,17.880794701986755,7.9470198675496695,9.933774834437086,82.11920529801324,60.9271523178808,21.192052980132452
E00004259,88,37,9,28,51,43,8,42.04545454545455,10.227272727272728,31.818181818181817,57.95454545454546,48.86363636363637,9.090909090909092
E00004260,150,46,19,27,104,85,19,30.666666666666664,12.666666666666668,18,69.33333333333334,56.666666666666664,12.666666666666668
E00004261,111,40,14,26,71,62,9,36.03603603603604,12.612612612612612,23.423423423423422,63.96396396396396,55.85585585585585,8.108108108108109
E00004262,268,61,21,40,207,175,32,22.761194029850746,7.835820895522389,14.925373134328357,77.23880597014924,65.29850746268657,11.940298507462686
E00004263,132,55,29,26,77,64,13,41.66666666666667,21.96969696969697,19.696969696969695,58.333333333333336,48.484848484848484,9.848484848484848
E00004264,187,49,24,25,138,115,23,26.203208556149733,12.834224598930483,13.368983957219251,73.79679144385027,61.49732620320856,12.299465240641712
E00004265,148,31,14,17,117,94,23,20.945945945945947,9.45945945945946,11.486486486486488,79.05405405405406,63.51351351351351,15.54054054054054
E00004266,134,40,10,30,94,75,19,29.850746268656714,7.462686567164178,22.388059701492537,70.1492537313433,55.970149253731336,14.17910447761194
E00004268,143,30,10,20,113,89,24,20.97902097902098,6.993006993006993,13.986013986013987,79.02097902097903,62.23776223776224,16.783216783216783
E00004269,128,32,16,16,96,77,19,25,12.5,12.5,75,60.15625,14.84375
E00004270,243,76,38,38,167,139,28,31.275720164609055,15.637860082304528,15.637860082304528,68.72427983539094,57.20164609053497,11.522633744855968
E00004271,151,38,16,22,113,91,22,25.165562913907287,10.596026490066226,14.56953642384106,74.83443708609272,60.264900662251655,14.56953642384106
E00004272,117,40,11,29,77,50,27,34.18803418803419,9.401709401709402,24.786324786324787,65.8119658119658,42.73504273504273,23.076923076923077
E00004273,248,56,25,31,192,137,55,22.58064516129032,10.080645161290322,12.5,77.41935483870968,55.24193548387096,22.177419354838708
E00004274,167,40,14,26,127,87,40,23.952095808383234,8.383233532934131,15.568862275449103,76.04790419161677,52.09580838323353,23.952095808383234
E00004275,102,22,11,11,80,58,22,21.568627450980394,10.784313725490197,10.784313725490197,78.43137254901961,56.86274509803921,21.568627450980394
E00004276,119,30,9,21,89,73,16,25.210084033613445,7.563025210084033,17.647058823529413,74.78991596638656,61.34453781512605,13.445378151260504
E00004277,109,23,8,15,86,64,22,21.100917431192663,7.339449541284404,13.761467889908257,78.89908256880734,58.71559633027523,20.18348623853211
E00004278,103,32,18,14,71,57,14,31.06796116504854,17.475728155339805,13.592233009708737,68.93203883495146,55.33980582524271,13.592233009708737
E00004279,153,44,16,28,109,88,21,28.75816993464052,10.457516339869281,18.30065359477124,71.24183006535948,57.51633986928104,13.725490196078432
E00004280,119,33,19,14,86,57,29,27.73109243697479,15.966386554621847,11.76470588235294,72.26890756302521,47.89915966386555,24.369747899159663
E00004281,172,35,15,20,137,104,33,20.348837209302324,8.720930232558139,11.627906976744185,79.65116279069767,60.46511627906976,19.186046511627907
E00004282,166,31,12,19,135,106,29,18.67469879518072,7.228915662650602,11.44578313253012,81.32530120481928,63.85542168674698,17.46987951807229
E00004283,136,31,12,19,105,79,26,22.794117647058822,8.823529411764707,13.970588235294118,77.20588235294117,58.08823529411765,19.11764705882353
E00004284,136,30,17,13,106,93,13,22.058823529411764,12.5,9.558823529411764,77.94117647058823,68.38235294117648,9.558823529411764
E00004285,155,39,16,23,116,86,30,25.161290322580644,10.32258064516129,14.838709677419354,74.83870967741936,55.483870967741936,19.35483870967742
E00004286,143,46,20,26,97,68,29,32.16783216783217,13.986013986013987,18.181818181818183,67.83216783216784,47.55244755244755,20.27972027972028
E00004287,167,39,16,23,128,106,22,23.353293413173652,9.580838323353294,13.77245508982036,76.64670658682635,63.47305389221557,13.17365269461078
E00004288,152,34,17,17,118,98,20,22.36842105263158,11.18421052631579,11.18421052631579,77.63157894736842,64.47368421052632,13.157894736842104
E00004289,141,25,9,16,116,97,19,17.73049645390071,6.382978723404255,11.347517730496454,82.26950354609929,68.79432624113475,13.47517730496454
E00004290,184,50,23,27,134,97,37,27.173913043478258,12.5,14.673913043478262,72.82608695652173,52.71739130434783,20.108695652173914
E00004291,153,53,17,36,100,89,11,34.64052287581699,11.11111111111111,23.52941176470588,65.359477124183,58.16993464052288,7.18954248366013
E00004292,105,49,23,26,56,48,8,46.666666666666664,21.904761904761905,24.761904761904763,53.333333333333336,45.714285714285715,7.6190476190476195
E00004293,137,31,16,15,106,81,25,22.62773722627737,11.678832116788321,10.948905109489052,77.37226277372264,59.12408759124088,18.248175182481752
E00004294,320,39,21,18,281,215,66,12.1875,6.5625,5.625,87.8125,67.1875,20.625
E00004295,246,39,21,18,207,142,65,15.853658536585366,8.536585365853659,7.317073170731707,84.14634146341463,57.72357723577236,26.422764227642276
E00004296,147,55,24,31,92,69,23,37.41496598639456,16.3265306122449,21.08843537414966,62.585034013605444,46.93877551020408,15.646258503401361
E00004297,171,47,25,22,124,90,34,27.485380116959064,14.619883040935672,12.865497076023392,72.51461988304094,52.63157894736842,19.883040935672515
E00004298,152,42,19,23,110,77,33,27.631578947368425,12.5,15.131578947368421,72.36842105263158,50.6578947368421,21.710526315789476
E00004299,156,37,26,11,119,85,34,23.717948717948715,16.666666666666664,7.051282051282051,76.28205128205127,54.48717948717948,21.794871794871796
E00004300,145,38,12,26,107,91,16,26.20689655172414,8.275862068965518,17.93103448275862,73.79310344827587,62.758620689655174,11.03448275862069
E00004301,236,82,34,48,154,132,22,34.74576271186441,14.40677966101695,20.33898305084746,65.2542372881356,55.932203389830505,9.322033898305085
E00004302,140,40,16,24,100,76,24,28.57142857142857,11.428571428571429,17.142857142857142,71.42857142857143,54.285714285714285,17.142857142857142
E00004303,144,39,15,24,105,74,31,27.083333333333332,10.416666666666668,16.666666666666664,72.91666666666666,51.388888888888886,21.52777777777778
E00004304,211,26,10,16,185,141,44,12.322274881516588,4.739336492890995,7.5829383886255926,87.67772511848341,66.82464454976304,20.85308056872038
E00004305,161,44,15,29,117,75,42,27.32919254658385,9.316770186335404,18.012422360248447,72.67080745341616,46.58385093167702,26.08695652173913
E00004306,172,35,23,12,137,93,44,20.348837209302324,13.372093023255813,6.976744186046512,79.65116279069767,54.06976744186046,25.581395348837212
E00004307,202,57,30,27,145,101,44,28.217821782178216,14.85148514851485,13.366336633663368,71.78217821782178,50,21.782178217821784
E00004308,160,32,18,14,128,97,31,20,11.25,8.75,80,60.62499999999999,19.375
E00004309,169,32,15,17,137,91,46,18.93491124260355,8.875739644970414,10.059171597633137,81.06508875739645,53.84615384615385,27.218934911242602
E00004310,174,37,17,20,137,86,51,21.26436781609195,9.770114942528735,11.494252873563218,78.73563218390804,49.42528735632184,29.310344827586203
E00004311,152,31,15,16,121,84,37,20.394736842105264,9.868421052631579,10.526315789473683,79.60526315789474,55.26315789473685,24.342105263157894
E00004312,152,41,19,22,111,79,32,26.973684210526315,12.5,14.473684210526317,73.02631578947368,51.973684210526315,21.052631578947366
E00004313,143,25,17,8,118,82,36,17.482517482517483,11.888111888111888,5.594405594405594,82.51748251748252,57.34265734265735,25.174825174825177
E00004314,175,46,23,23,129,99,30,26.285714285714285,13.142857142857142,13.142857142857142,73.71428571428571,56.57142857142857,17.142857142857142
E00004315,172,44,24,20,128,86,42,25.581395348837212,13.953488372093023,11.627906976744185,74.4186046511628,50,24.418604651162788
E00004316,127,25,13,12,102,82,20,19.68503937007874,10.236220472440944,9.448818897637794,80.31496062992126,64.56692913385827,15.748031496062993
E00004317,257,52,33,19,205,149,56,20.233463035019454,12.840466926070038,7.392996108949417,79.76653696498055,57.97665369649806,21.78988326848249
E00004318,166,23,8,15,143,94,49,13.855421686746988,4.819277108433735,9.036144578313253,86.14457831325302,56.62650602409639,29.518072289156628
E00004319,171,25,13,12,146,117,29,14.619883040935672,7.602339181286549,7.017543859649122,85.38011695906432,68.42105263157895,16.95906432748538
E00004320,137,36,20,16,101,57,44,26.277372262773724,14.5985401459854,11.678832116788321,73.72262773722628,41.605839416058394,32.11678832116788
E00004321,168,32,20,12,136,92,44,19.047619047619047,11.904761904761903,7.142857142857142,80.95238095238095,54.761904761904766,26.190476190476193
E00004322,150,44,22,22,106,57,49,29.333333333333332,14.666666666666666,14.666666666666666,70.66666666666667,38,32.666666666666664
E00004323,238,60,25,35,178,128,50,25.210084033613445,10.504201680672269,14.705882352941178,74.78991596638656,53.78151260504202,21.008403361344538
E00004324,115,30,12,18,85,62,23,26.08695652173913,10.434782608695652,15.65217391304348,73.91304347826086,53.91304347826087,20
E00004325,140,28,12,16,112,68,44,20,8.571428571428571,11.428571428571429,80,48.57142857142857,31.428571428571427
E00004326,106,21,6,15,85,53,32,19.81132075471698,5.660377358490567,14.150943396226415,80.18867924528303,50,30.18867924528302
E00004327,159,37,20,17,122,73,49,23.270440251572328,12.578616352201259,10.69182389937107,76.72955974842768,45.911949685534594,30.81761006289308
E00004328,129,26,9,17,103,66,37,20.155038759689923,6.976744186046512,13.178294573643413,79.84496124031007,51.162790697674424,28.68217054263566
E00004329,184,48,27,21,136,93,43,26.08695652173913,14.673913043478262,11.41304347826087,73.91304347826086,50.54347826086957,23.369565217391305
E00004330,195,33,13,20,162,111,51,16.923076923076923,6.666666666666667,10.256410256410255,83.07692307692308,56.92307692307692,26.153846153846157
E00004331,127,32,15,17,95,69,26,25.196850393700785,11.811023622047244,13.385826771653544,74.80314960629921,54.330708661417326,20.47244094488189
E00004332,112,18,12,6,94,61,33,16.071428571428573,10.714285714285714,5.357142857142857,83.92857142857143,54.46428571428571,29.464285714285715
E00004333,138,26,7,19,112,77,35,18.84057971014493,5.072463768115942,13.768115942028986,81.15942028985508,55.79710144927537,25.36231884057971
E00004334,118,23,11,12,95,64,31,19.491525423728813,9.322033898305085,10.16949152542373,80.50847457627118,54.23728813559322,26.27118644067797
E00004335,153,35,15,20,118,75,43,22.875816993464053,9.803921568627452,13.071895424836603,77.12418300653596,49.01960784313725,28.104575163398692
E00004336,206,37,18,19,169,121,48,17.96116504854369,8.737864077669903,9.223300970873787,82.03883495145631,58.7378640776699,23.300970873786408
E00004337,119,32,11,21,87,61,26,26.89075630252101,9.243697478991598,17.647058823529413,73.10924369747899,51.26050420168067,21.84873949579832
E00004338,136,31,16,15,105,61,44,22.794117647058822,11.76470588235294,11.029411764705882,77.20588235294117,44.85294117647059,32.35294117647059
E00004339,222,46,25,21,176,139,37,20.72072072072072,11.26126126126126,9.45945945945946,79.27927927927928,62.612612612612615,16.666666666666664
E00004340,152,22,11,11,130,98,32,14.473684210526317,7.236842105263158,7.236842105263158,85.52631578947368,64.47368421052632,21.052631578947366
E00004341,134,29,20,9,105,69,36,21.641791044776117,14.925373134328357,6.7164179104477615,78.35820895522389,51.49253731343284,26.865671641791046
E00004342,116,22,11,11,94,69,25,18.96551724137931,9.482758620689655,9.482758620689655,81.03448275862068,59.48275862068966,21.551724137931032
E00004343,147,32,16,16,115,66,49,21.768707482993197,10.884353741496598,10.884353741496598,78.2312925170068,44.89795918367347,33.33333333333333
E00004344,166,30,19,11,136,97,39,18.072289156626507,11.44578313253012,6.626506024096386,81.92771084337349,58.43373493975904,23.49397590361446
E00004345,116,33,14,19,83,53,30,28.448275862068968,12.068965517241379,16.379310344827587,71.55172413793103,45.689655172413794,25.862068965517242
E00004346,123,30,14,16,93,68,25,24.390243902439025,11.38211382113821,13.008130081300814,75.60975609756098,55.28455284552846,20.32520325203252
E00004347,108,26,13,13,82,39,43,24.074074074074073,12.037037037037036,12.037037037037036,75.92592592592592,36.11111111111111,39.81481481481482
E00004348,178,52,26,26,126,75,51,29.213483146067414,14.606741573033707,14.606741573033707,70.78651685393258,42.13483146067416,28.651685393258425
E00004349,144,46,24,22,98,50,48,31.944444444444443,16.666666666666664,15.277777777777779,68.05555555555556,34.72222222222222,33.33333333333333
E00004350,134,32,16,16,102,62,40,23.88059701492537,11.940298507462686,11.940298507462686,76.11940298507463,46.26865671641791,29.850746268656714
E00004351,103,31,9,22,72,39,33,30.097087378640776,8.737864077669903,21.35922330097087,69.90291262135922,37.86407766990291,32.038834951456316
E00004352,132,28,18,10,104,55,49,21.21212121212121,13.636363636363635,7.575757575757576,78.78787878787878,41.66666666666667,37.121212121212125
E00004353,173,41,19,22,132,87,45,23.699421965317917,10.982658959537572,12.716763005780345,76.30057803468208,50.28901734104046,26.011560693641616
E00004354,97,34,14,20,63,37,26,35.051546391752574,14.432989690721648,20.618556701030926,64.94845360824742,38.144329896907216,26.804123711340207
E00004355,136,32,17,15,104,51,53,23.52941176470588,12.5,11.029411764705882,76.47058823529412,37.5,38.970588235294116
E00004356,147,34,19,15,113,69,44,23.12925170068027,12.925170068027212,10.204081632653061,76.87074829931973,46.93877551020408,29.931972789115648
E00004357,144,29,17,12,115,59,56,20.13888888888889,11.805555555555555,8.333333333333332,79.86111111111111,40.97222222222222,38.88888888888889
E00004358,153,42,19,23,111,65,46,27.450980392156865,12.418300653594772,15.032679738562091,72.54901960784314,42.48366013071895,30.065359477124183
E00004359,139,53,23,30,86,50,36,38.1294964028777,16.546762589928058,21.58273381294964,61.87050359712231,35.97122302158273,25.899280575539567
E00004360,125,21,12,9,104,62,42,16.8,9.6,7.199999999999999,83.2,49.6,33.6
E00004361,120,26,12,14,94,63,31,21.666666666666668,10,11.666666666666666,78.33333333333333,52.5,25.833333333333336
E00004362,202,57,16,41,145,121,24,28.217821782178216,7.920792079207921,20.2970297029703,71.78217821782178,59.900990099009896,11.881188118811881
E00004363,149,60,15,45,89,77,12,40.26845637583892,10.06711409395973,30.201342281879196,59.73154362416108,51.67785234899329,8.053691275167784
E00004364,214,51,17,34,163,129,34,23.83177570093458,7.943925233644859,15.887850467289718,76.16822429906543,60.280373831775705,15.887850467289718
E00004365,172,29,15,14,143,105,38,16.86046511627907,8.720930232558139,8.13953488372093,83.13953488372093,61.04651162790697,22.093023255813954
E00004366,56,18,6,12,38,33,5,32.142857142857146,10.714285714285714,21.428571428571427,67.85714285714286,58.92857142857143,8.928571428571429
E00004367,218,60,26,34,158,122,36,27.522935779816514,11.926605504587156,15.59633027522936,72.47706422018348,55.96330275229357,16.51376146788991
E00004368,157,35,19,16,122,84,38,22.29299363057325,12.101910828025478,10.191082802547772,77.70700636942675,53.503184713375795,24.203821656050955
E00004369,103,37,16,21,66,54,12,35.92233009708738,15.53398058252427,20.388349514563107,64.07766990291263,52.42718446601942,11.650485436893204
E00004370,87,28,8,20,59,53,6,32.18390804597701,9.195402298850574,22.988505747126435,67.81609195402298,60.91954022988506,6.896551724137931
E00004371,74,23,7,16,51,47,4,31.08108108108108,9.45945945945946,21.62162162162162,68.91891891891892,63.51351351351351,5.405405405405405
E00004372,127,53,18,35,74,62,12,41.732283464566926,14.173228346456693,27.559055118110237,58.26771653543307,48.818897637795274,9.448818897637794
E00004373,53,22,10,12,31,26,5,41.509433962264154,18.867924528301888,22.641509433962266,58.490566037735846,49.056603773584904,9.433962264150944
E00004374,84,34,12,22,50,42,8,40.476190476190474,14.285714285714285,26.190476190476193,59.523809523809526,50,9.523809523809524
E00004375,130,32,22,10,98,70,28,24.615384615384617,16.923076923076923,7.6923076923076925,75.38461538461539,53.84615384615385,21.53846153846154
E00004376,174,43,17,26,131,109,22,24.71264367816092,9.770114942528735,14.942528735632186,75.28735632183908,62.643678160919535,12.643678160919542
E00004377,88,26,13,13,62,53,9,29.545454545454547,14.772727272727273,14.772727272727273,70.45454545454545,60.22727272727273,10.227272727272728
E00004378,162,33,19,14,129,102,27,20.37037037037037,11.728395061728394,8.641975308641975,79.62962962962963,62.96296296296296,16.666666666666664
E00004379,139,26,15,11,113,74,39,18.705035971223023,10.79136690647482,7.913669064748201,81.29496402877699,53.23741007194245,28.05755395683453
E00004380,150,36,9,27,114,96,18,24,6,18,76,64,12
E00004381,139,33,17,16,106,78,28,23.741007194244602,12.23021582733813,11.510791366906476,76.2589928057554,56.11510791366906,20.14388489208633
E00004382,143,36,13,23,107,72,35,25.174825174825177,9.090909090909092,16.083916083916083,74.82517482517483,50.349650349650354,24.475524475524477
E00004383,116,29,10,19,87,63,24,25,8.620689655172415,16.379310344827587,75,54.310344827586206,20.689655172413794
E00004384,118,27,6,21,91,58,33,22.88135593220339,5.084745762711865,17.796610169491526,77.11864406779661,49.152542372881356,27.966101694915253
E00004385,114,28,16,12,86,65,21,24.561403508771928,14.035087719298245,10.526315789473683,75.43859649122807,57.01754385964912,18.421052631578945
E00004386,100,23,13,10,77,56,21,23,13,10,77,56.00000000000001,21
E00004387,116,29,11,18,87,59,28,25,9.482758620689655,15.517241379310345,75,50.86206896551724,24.137931034482758
E00004388,104,26,15,11,78,59,19,25,14.423076923076922,10.576923076923077,75,56.730769230769226,18.269230769230766
E00004389,156,43,16,27,113,84,29,27.564102564102566,10.256410256410255,17.307692307692307,72.43589743589743,53.84615384615385,18.58974358974359
E00004390,139,28,11,17,111,86,25,20.14388489208633,7.913669064748201,12.23021582733813,79.85611510791367,61.87050359712231,17.985611510791365
E00004391,157,40,16,24,117,76,41,25.477707006369428,10.191082802547772,15.286624203821656,74.52229299363057,48.40764331210191,26.11464968152866
E00004392,112,26,8,18,86,52,34,23.214285714285715,7.142857142857142,16.071428571428573,76.78571428571429,46.42857142857143,30.357142857142854
E00004393,101,22,8,14,79,58,21,21.782178217821784,7.920792079207921,13.861386138613863,78.21782178217822,57.42574257425742,20.792079207920793
E00004394,106,24,11,13,82,62,20,22.641509433962266,10.377358490566039,12.264150943396226,77.35849056603774,58.490566037735846,18.867924528301888
E00004395,166,31,11,20,135,95,40,18.67469879518072,6.626506024096386,12.048192771084338,81.32530120481928,57.22891566265061,24.096385542168676
E00004396,103,40,9,31,63,50,13,38.83495145631068,8.737864077669903,30.097087378640776,61.165048543689316,48.54368932038835,12.62135922330097
E00004397,117,39,13,26,78,70,8,33.33333333333333,11.11111111111111,22.22222222222222,66.66666666666666,59.82905982905983,6.837606837606838
E00004398,115,37,13,24,78,66,12,32.17391304347826,11.304347826086957,20.869565217391305,67.82608695652173,57.391304347826086,10.434782608695652
E00004399,145,54,19,35,91,84,7,37.24137931034483,13.10344827586207,24.137931034482758,62.758620689655174,57.931034482758626,4.827586206896552
E00004400,124,39,11,28,85,70,15,31.451612903225808,8.870967741935484,22.58064516129032,68.54838709677419,56.451612903225815,12.096774193548388
E00004401,110,29,14,15,81,55,26,26.36363636363636,12.727272727272727,13.636363636363635,73.63636363636363,50,23.636363636363637
E00004402,127,28,18,10,99,55,44,22.04724409448819,14.173228346456693,7.874015748031496,77.95275590551181,43.30708661417323,34.645669291338585
E00004403,128,41,23,18,87,56,31,32.03125,17.96875,14.0625,67.96875,43.75,24.21875
E00004404,118,30,14,16,88,44,44,25.423728813559322,11.864406779661017,13.559322033898304,74.57627118644068,37.28813559322034,37.28813559322034
E00004405,146,30,17,13,116,64,52,20.54794520547945,11.643835616438356,8.904109589041095,79.45205479452055,43.83561643835616,35.61643835616438
E00004406,137,35,19,16,102,57,45,25.547445255474454,13.86861313868613,11.678832116788321,74.45255474452554,41.605839416058394,32.846715328467155
E00004407,169,45,30,15,124,89,35,26.627218934911244,17.75147928994083,8.875739644970414,73.37278106508876,52.662721893491124,20.710059171597635
E00004408,112,22,15,7,90,40,50,19.642857142857142,13.392857142857142,6.25,80.35714285714286,35.714285714285715,44.642857142857146
E00004409,114,27,12,15,87,52,35,23.684210526315788,10.526315789473683,13.157894736842104,76.31578947368422,45.614035087719294,30.701754385964914
E00004410,126,36,10,26,90,63,27,28.57142857142857,7.936507936507936,20.634920634920633,71.42857142857143,50,21.428571428571427
E00004411,109,26,14,12,83,49,34,23.853211009174313,12.844036697247708,11.009174311926607,76.14678899082568,44.95412844036697,31.19266055045872
E00004412,146,34,11,23,112,72,40,23.28767123287671,7.534246575342466,15.753424657534246,76.71232876712328,49.31506849315068,27.397260273972602
E00004413,115,25,10,15,90,61,29,21.73913043478261,8.695652173913043,13.043478260869565,78.26086956521739,53.04347826086957,25.217391304347824
E00004414,127,41,22,19,86,60,26,32.28346456692913,17.322834645669293,14.960629921259844,67.71653543307087,47.24409448818898,20.47244094488189
E00004415,143,28,12,16,115,70,45,19.58041958041958,8.391608391608392,11.188811188811188,80.41958041958041,48.95104895104895,31.46853146853147
E00004416,139,35,19,16,104,65,39,25.179856115107913,13.66906474820144,11.510791366906476,74.82014388489209,46.76258992805755,28.05755395683453
E00004417,119,27,12,15,92,47,45,22.689075630252102,10.084033613445378,12.605042016806722,77.31092436974791,39.49579831932773,37.81512605042017
E00004418,128,34,19,15,94,70,24,26.5625,14.84375,11.71875,73.4375,54.6875,18.75
E00004419,145,26,8,18,119,69,50,17.93103448275862,5.517241379310345,12.413793103448276,82.06896551724138,47.58620689655172,34.48275862068966
E00004420,114,26,11,15,88,46,42,22.807017543859647,9.649122807017543,13.157894736842104,77.19298245614034,40.35087719298245,36.84210526315789
E00004421,150,35,15,20,115,73,42,23.333333333333332,10,13.333333333333334,76.66666666666667,48.66666666666667,28.000000000000004
E00004422,78,14,7,7,64,43,21,17.94871794871795,8.974358974358974,8.974358974358974,82.05128205128204,55.12820512820513,26.923076923076923
E00004423,142,29,11,18,113,84,29,20.422535211267608,7.746478873239436,12.676056338028168,79.5774647887324,59.154929577464785,20.422535211267608
E00004424,123,21,7,14,102,70,32,17.073170731707318,5.691056910569105,11.38211382113821,82.92682926829268,56.91056910569105,26.01626016260163
E00004425,162,38,25,13,124,79,45,23.456790123456788,15.432098765432098,8.024691358024691,76.5432098765432,48.76543209876543,27.77777777777778
E00004426,143,29,12,17,114,78,36,20.27972027972028,8.391608391608392,11.888111888111888,79.72027972027972,54.54545454545454,25.174825174825177
E00004427,124,41,21,20,83,46,37,33.064516129032256,16.93548387096774,16.129032258064516,66.93548387096774,37.096774193548384,29.838709677419356
E00004428,119,25,12,13,94,63,31,21.008403361344538,10.084033613445378,10.92436974789916,78.99159663865547,52.94117647058824,26.05042016806723
E00004429,139,25,6,19,114,65,49,17.985611510791365,4.316546762589928,13.66906474820144,82.01438848920863,46.76258992805755,35.25179856115108
E00004430,75,22,11,11,53,42,11,29.333333333333332,14.666666666666666,14.666666666666666,70.66666666666667,56.00000000000001,14.666666666666666
E00004431,115,24,10,14,91,55,36,20.869565217391305,8.695652173913043,12.173913043478262,79.13043478260869,47.82608695652174,31.30434782608696
E00004432,150,31,12,19,119,68,51,20.666666666666668,8,12.666666666666668,79.33333333333333,45.33333333333333,34
E00004433,164,39,15,24,125,69,56,23.78048780487805,9.146341463414634,14.634146341463413,76.21951219512195,42.073170731707314,34.146341463414636
E00004435,105,22,6,16,83,71,12,20.952380952380953,5.714285714285714,15.238095238095239,79.04761904761905,67.61904761904762,11.428571428571429
E00004436,146,25,6,19,121,77,44,17.123287671232877,4.10958904109589,13.013698630136986,82.87671232876713,52.73972602739726,30.136986301369863
E00004437,117,22,13,9,95,50,45,18.803418803418804,11.11111111111111,7.6923076923076925,81.19658119658119,42.73504273504273,38.46153846153847
E00004438,113,21,11,10,92,71,21,18.58407079646018,9.734513274336283,8.849557522123893,81.41592920353983,62.83185840707964,18.58407079646018
E00004439,129,38,10,28,91,45,46,29.457364341085274,7.751937984496124,21.705426356589147,70.54263565891473,34.883720930232556,35.65891472868217
E00004440,136,22,11,11,114,76,38,16.176470588235293,8.088235294117647,8.088235294117647,83.82352941176471,55.88235294117647,27.941176470588236
E00004441,150,36,18,18,114,78,36,24,12,12,76,52,24
E00004442,74,36,16,20,38,32,6,48.64864864864865,21.62162162162162,27.027027027027028,51.35135135135135,43.24324324324324,8.108108108108109
E00004444,169,70,23,47,99,77,22,41.42011834319527,13.609467455621301,27.810650887573964,58.57988165680473,45.562130177514796,13.017751479289942
E00004445,131,28,12,16,103,83,20,21.374045801526716,9.16030534351145,12.213740458015266,78.62595419847328,63.358778625954194,15.267175572519085
E00004446,140,55,17,38,85,72,13,39.285714285714285,12.142857142857142,27.142857142857142,60.71428571428571,51.42857142857142,9.285714285714286
E00004448,156,39,16,23,117,98,19,25,10.256410256410255,14.743589743589745,75,62.82051282051282,12.179487179487179
E00004450,202,56,16,40,146,122,24,27.722772277227726,7.920792079207921,19.801980198019802,72.27722772277228,60.396039603960396,11.881188118811881
E00004451,130,49,23,26,81,55,26,37.69230769230769,17.692307692307693,20,62.30769230769231,42.30769230769231,20
E00004452,150,53,25,28,97,72,25,35.333333333333336,16.666666666666664,18.666666666666668,64.66666666666666,48,16.666666666666664
E00004453,182,53,19,34,129,101,28,29.120879120879124,10.43956043956044,18.681318681318682,70.87912087912088,55.494505494505496,15.384615384615385
E00004454,212,79,26,53,133,113,20,37.264150943396224,12.264150943396226,25,62.735849056603776,53.301886792452834,9.433962264150944
E00004455,97,32,11,21,65,59,6,32.98969072164948,11.34020618556701,21.649484536082475,67.0103092783505,60.824742268041234,6.185567010309279
E00004456,172,53,19,34,119,99,20,30.813953488372093,11.046511627906977,19.767441860465116,69.18604651162791,57.55813953488372,11.627906976744185
E00004458,221,52,20,32,169,130,39,23.52941176470588,9.049773755656108,14.479638009049776,76.47058823529412,58.82352941176471,17.647058823529413
E00004459,93,29,10,19,64,52,12,31.182795698924732,10.75268817204301,20.43010752688172,68.81720430107528,55.91397849462365,12.903225806451612
E00004460,88,31,10,21,57,43,14,35.22727272727273,11.363636363636363,23.863636363636363,64.77272727272727,48.86363636363637,15.909090909090908
E00004461,139,49,23,26,90,75,15,35.25179856115108,16.546762589928058,18.705035971223023,64.74820143884892,53.956834532374096,10.79136690647482
E00004462,118,27,10,17,91,70,21,22.88135593220339,8.47457627118644,14.40677966101695,77.11864406779661,59.32203389830508,17.796610169491526
E00004463,132,54,25,29,78,67,11,40.909090909090914,18.939393939393938,21.96969696969697,59.09090909090909,50.75757575757576,8.333333333333332
E00004465,137,43,15,28,94,70,24,31.386861313868614,10.948905109489052,20.437956204379564,68.61313868613139,51.09489051094891,17.51824817518248
E00004466,149,25,11,14,124,100,24,16.778523489932887,7.38255033557047,9.395973154362416,83.22147651006712,67.11409395973155,16.10738255033557
E00004467,124,29,9,20,95,82,13,23.387096774193548,7.258064516129033,16.129032258064516,76.61290322580645,66.12903225806451,10.483870967741936
E00004469,145,20,11,9,125,78,47,13.793103448275861,7.586206896551724,6.206896551724138,86.20689655172413,53.79310344827586,32.41379310344827
E00004470,170,47,17,30,123,92,31,27.647058823529413,10,17.647058823529413,72.35294117647058,54.11764705882353,18.235294117647058
E00004471,151,17,6,11,134,97,37,11.258278145695364,3.9735099337748347,7.28476821192053,88.74172185430463,64.23841059602648,24.503311258278146
E00004472,200,61,20,41,139,111,28,30.5,10,20.5,69.5,55.50000000000001,14.000000000000002
E00004473,132,36,16,20,96,65,31,27.27272727272727,12.121212121212121,15.151515151515152,72.72727272727273,49.24242424242424,23.484848484848484
E00004474,166,42,16,26,124,87,37,25.301204819277107,9.63855421686747,15.66265060240964,74.69879518072288,52.40963855421686,22.289156626506024
E00004475,126,40,14,26,86,75,11,31.746031746031743,11.11111111111111,20.634920634920633,68.25396825396825,59.523809523809526,8.73015873015873
E00004476,133,44,21,23,89,70,19,33.08270676691729,15.789473684210526,17.293233082706767,66.9172932330827,52.63157894736842,14.285714285714285
E00004477,160,35,13,22,125,86,39,21.875,8.125,13.750000000000002,78.125,53.75,24.375
E00004478,271,56,25,31,215,165,50,20.66420664206642,9.22509225092251,11.439114391143912,79.33579335793358,60.88560885608856,18.45018450184502
E00004479,152,38,11,27,114,84,30,25,7.236842105263158,17.763157894736842,75,55.26315789473685,19.736842105263158
E00004480,143,44,22,22,99,80,19,30.76923076923077,15.384615384615385,15.384615384615385,69.23076923076923,55.94405594405595,13.286713286713287
E00004481,131,42,20,22,89,76,13,32.06106870229007,15.267175572519085,16.793893129770993,67.93893129770993,58.01526717557252,9.923664122137405
E00004482,161,51,20,31,110,83,27,31.67701863354037,12.422360248447205,19.25465838509317,68.32298136645963,51.5527950310559,16.77018633540373
E00004483,156,34,12,22,122,90,32,21.794871794871796,7.6923076923076925,14.102564102564102,78.2051282051282,57.692307692307686,20.51282051282051
E00004484,138,42,20,22,96,74,22,30.434782608695656,14.492753623188406,15.942028985507244,69.56521739130434,53.62318840579711,15.942028985507244
E00004485,154,49,20,29,105,75,30,31.818181818181817,12.987012987012985,18.83116883116883,68.18181818181817,48.701298701298704,19.480519480519483
E00004486,145,42,16,26,103,78,25,28.965517241379313,11.03448275862069,17.93103448275862,71.03448275862068,53.79310344827586,17.24137931034483
E00004487,97,35,9,26,62,50,12,36.08247422680412,9.278350515463918,26.804123711340207,63.91752577319587,51.546391752577314,12.371134020618557
E00004488,84,29,10,19,55,47,8,34.523809523809526,11.904761904761903,22.61904761904762,65.47619047619048,55.952380952380956,9.523809523809524
E00004489,140,46,10,36,94,80,14,32.857142857142854,7.142857142857142,25.71428571428571,67.14285714285714,57.14285714285714,10
E00004490,131,45,15,30,86,67,19,34.35114503816794,11.450381679389313,22.900763358778626,65.64885496183206,51.14503816793893,14.50381679389313
E00004491,113,37,19,18,76,64,12,32.743362831858406,16.8141592920354,15.929203539823009,67.2566371681416,56.63716814159292,10.619469026548673
E00004492,162,62,30,32,100,50,50,38.2716049382716,18.51851851851852,19.753086419753085,61.72839506172839,30.864197530864196,30.864197530864196
E00004493,81,23,11,12,58,50,8,28.39506172839506,13.580246913580247,14.814814814814813,71.60493827160494,61.72839506172839,9.876543209876543
E00004494,219,48,30,18,171,124,47,21.91780821917808,13.698630136986301,8.21917808219178,78.08219178082192,56.62100456621004,21.461187214611872
E00004495,104,27,14,13,77,46,31,25.961538461538463,13.461538461538462,12.5,74.03846153846155,44.230769230769226,29.807692307692307
E00004496,139,48,26,22,91,56,35,34.53237410071942,18.705035971223023,15.827338129496402,65.46762589928058,40.28776978417266,25.179856115107913
E00004497,117,37,10,27,80,65,15,31.62393162393162,8.547008547008547,23.076923076923077,68.37606837606837,55.55555555555556,12.82051282051282
E00004498,144,43,20,23,101,80,21,29.86111111111111,13.88888888888889,15.972222222222221,70.13888888888889,55.55555555555556,14.583333333333334
E00004499,177,64,35,29,113,68,45,36.15819209039548,19.774011299435028,16.38418079096045,63.84180790960452,38.4180790960452,25.423728813559322
E00004500,74,18,6,12,56,43,13,24.324324324324326,8.108108108108109,16.216216216216218,75.67567567567568,58.108108108108105,17.56756756756757
E00004501,46,12,2,10,34,29,5,26.08695652173913,4.3478260869565215,21.73913043478261,73.91304347826086,63.04347826086957,10.869565217391305
E00004502,81,16,5,11,65,50,15,19.753086419753085,6.172839506172839,13.580246913580247,80.24691358024691,61.72839506172839,18.51851851851852
E00004503,111,41,18,23,70,55,15,36.93693693693694,16.216216216216218,20.72072072072072,63.06306306306306,49.549549549549546,13.513513513513514
E00004504,138,44,22,22,94,56,38,31.88405797101449,15.942028985507244,15.942028985507244,68.11594202898551,40.57971014492754,27.536231884057973
E00004505,144,42,15,27,102,77,25,29.166666666666668,10.416666666666668,18.75,70.83333333333334,53.47222222222222,17.36111111111111
E00004506,147,44,9,35,103,83,20,29.931972789115648,6.122448979591836,23.809523809523807,70.06802721088435,56.4625850340136,13.60544217687075
E00004507,98,33,15,18,65,45,20,33.6734693877551,15.306122448979592,18.367346938775512,66.3265306122449,45.91836734693878,20.408163265306122
E00004508,155,49,19,30,106,74,32,31.61290322580645,12.258064516129032,19.35483870967742,68.38709677419355,47.74193548387097,20.64516129032258
E00004509,152,58,34,24,94,78,16,38.15789473684211,22.36842105263158,15.789473684210526,61.8421052631579,51.31578947368421,10.526315789473683
E00004510,174,41,20,21,133,98,35,23.563218390804597,11.494252873563218,12.068965517241379,76.4367816091954,56.32183908045977,20.114942528735632
E00004511,164,63,31,32,101,67,34,38.41463414634146,18.902439024390244,19.51219512195122,61.58536585365854,40.853658536585364,20.73170731707317
E00004512,129,32,11,21,97,74,23,24.8062015503876,8.527131782945736,16.27906976744186,75.1937984496124,57.36434108527132,17.829457364341085
E00004513,150,37,18,19,113,74,39,24.666666666666668,12,12.666666666666668,75.33333333333333,49.333333333333336,26
E00004514,133,34,11,23,99,67,32,25.563909774436087,8.270676691729323,17.293233082706767,74.43609022556392,50.37593984962406,24.06015037593985
E00004515,129,18,5,13,111,86,25,13.953488372093023,3.875968992248062,10.077519379844961,86.04651162790698,66.66666666666666,19.379844961240313
E00004516,157,41,18,23,116,83,33,26.11464968152866,11.464968152866243,14.64968152866242,73.88535031847134,52.86624203821656,21.019108280254777
E00004517,124,28,5,23,96,82,14,22.58064516129032,4.032258064516129,18.548387096774192,77.41935483870968,66.12903225806451,11.29032258064516
E00004518,99,38,11,27,61,48,13,38.38383838383838,11.11111111111111,27.27272727272727,61.61616161616161,48.484848484848484,13.131313131313133
E00004519,101,24,13,11,77,62,15,23.762376237623762,12.871287128712872,10.891089108910892,76.23762376237624,61.386138613861384,14.85148514851485
E00004520,92,38,14,24,54,46,8,41.30434782608695,15.217391304347828,26.08695652173913,58.69565217391305,50,8.695652173913043
E00004521,116,31,11,20,85,56,29,26.72413793103448,9.482758620689655,17.24137931034483,73.27586206896551,48.275862068965516,25
E00004522,171,46,17,29,125,90,35,26.900584795321635,9.941520467836257,16.95906432748538,73.09941520467837,52.63157894736842,20.46783625730994
E00004523,120,31,12,19,89,59,30,25.833333333333336,10,15.833333333333332,74.16666666666667,49.166666666666664,25
E00004524,153,26,13,13,127,75,52,16.99346405228758,8.49673202614379,8.49673202614379,83.00653594771242,49.01960784313725,33.98692810457516
E00004525,108,36,15,21,72,47,25,33.33333333333333,13.88888888888889,19.444444444444446,66.66666666666666,43.51851851851852,23.14814814814815
E00004526,89,33,18,15,56,38,18,37.07865168539326,20.224719101123593,16.853932584269664,62.92134831460674,42.69662921348314,20.224719101123593
E00004527,81,26,16,10,55,38,17,32.098765432098766,19.753086419753085,12.345679012345679,67.90123456790124,46.913580246913575,20.98765432098765
E00004528,108,31,12,19,77,55,22,28.703703703703702,11.11111111111111,17.59259259259259,71.29629629629629,50.92592592592593,20.37037037037037
E00004529,157,44,22,22,113,74,39,28.02547770700637,14.012738853503185,14.012738853503185,71.97452229299363,47.13375796178344,24.840764331210192
E00004530,119,25,17,8,94,69,25,21.008403361344538,14.285714285714285,6.722689075630252,78.99159663865547,57.98319327731093,21.008403361344538
E00004531,140,52,26,26,88,66,22,37.142857142857146,18.571428571428573,18.571428571428573,62.857142857142854,47.14285714285714,15.714285714285714
E00004532,161,37,18,19,124,83,41,22.981366459627328,11.180124223602485,11.801242236024844,77.01863354037268,51.5527950310559,25.465838509316768
E00004534,89,36,10,26,53,48,5,40.44943820224719,11.235955056179774,29.213483146067414,59.55056179775281,53.93258426966292,5.617977528089887
E00004535,90,23,14,9,67,41,26,25.555555555555554,15.555555555555555,10,74.44444444444444,45.55555555555556,28.888888888888886
E00004536,171,33,13,20,138,84,54,19.298245614035086,7.602339181286549,11.695906432748536,80.7017543859649,49.122807017543856,31.57894736842105
E00004537,66,19,8,11,47,39,8,28.78787878787879,12.121212121212121,16.666666666666664,71.21212121212122,59.09090909090909,12.121212121212121
E00004538,68,25,12,13,43,35,8,36.76470588235294,17.647058823529413,19.11764705882353,63.23529411764706,51.470588235294116,11.76470588235294
E00004539,131,48,21,27,83,68,15,36.6412213740458,16.030534351145036,20.610687022900763,63.358778625954194,51.908396946564885,11.450381679389313
E00004540,109,39,20,19,70,57,13,35.77981651376147,18.34862385321101,17.431192660550458,64.22018348623854,52.293577981651374,11.926605504587156
E00004541,88,35,18,17,53,45,8,39.77272727272727,20.454545454545457,19.318181818181817,60.22727272727273,51.13636363636363,9.090909090909092
E00004542,163,55,34,21,108,74,34,33.74233128834356,20.858895705521473,12.883435582822086,66.25766871165644,45.39877300613497,20.858895705521473
E00004543,90,24,13,11,66,46,20,26.666666666666668,14.444444444444443,12.222222222222221,73.33333333333333,51.11111111111111,22.22222222222222
E00004544,104,51,22,29,53,49,4,49.03846153846153,21.153846153846153,27.884615384615387,50.96153846153846,47.11538461538461,3.8461538461538463
E00004545,143,52,21,31,91,78,13,36.36363636363637,14.685314685314685,21.678321678321677,63.63636363636363,54.54545454545454,9.090909090909092
E00004546,79,24,9,15,55,39,16,30.37974683544304,11.39240506329114,18.9873417721519,69.62025316455697,49.36708860759494,20.253164556962027
E00004547,187,58,25,33,129,89,40,31.016042780748666,13.368983957219251,17.647058823529413,68.98395721925134,47.593582887700535,21.390374331550802
E00004548,128,36,13,23,92,64,28,28.125,10.15625,17.96875,71.875,50,21.875
E00004549,82,30,10,20,52,45,7,36.58536585365854,12.195121951219512,24.390243902439025,63.41463414634146,54.87804878048781,8.536585365853659
E00004550,162,55,20,35,107,89,18,33.95061728395062,12.345679012345679,21.604938271604937,66.0493827160494,54.93827160493827,11.11111111111111
E00004551,258,32,14,18,226,133,93,12.4031007751938,5.426356589147287,6.976744186046512,87.59689922480621,51.55038759689923,36.04651162790697
E00004552,138,67,27,40,71,60,11,48.55072463768116,19.565217391304348,28.985507246376812,51.449275362318836,43.47826086956522,7.971014492753622
E00004553,115,34,12,22,81,58,23,29.565217391304348,10.434782608695652,19.130434782608695,70.43478260869566,50.43478260869565,20
E00004554,151,42,22,20,109,67,42,27.81456953642384,14.56953642384106,13.245033112582782,72.18543046357617,44.370860927152314,27.81456953642384
E00004555,109,44,13,31,65,48,17,40.36697247706422,11.926605504587156,28.440366972477065,59.63302752293578,44.03669724770643,15.59633027522936
E00004556,121,25,9,16,96,69,27,20.66115702479339,7.43801652892562,13.223140495867769,79.33884297520662,57.02479338842975,22.31404958677686
E00004557,66,18,7,11,48,41,7,27.27272727272727,10.606060606060606,16.666666666666664,72.72727272727273,62.121212121212125,10.606060606060606
E00004558,138,29,12,17,109,77,32,21.014492753623188,8.695652173913043,12.318840579710146,78.98550724637681,55.79710144927537,23.18840579710145
E00004559,153,69,48,21,84,59,25,45.09803921568628,31.372549019607842,13.725490196078432,54.90196078431373,38.56209150326798,16.33986928104575
E00004560,110,31,19,12,79,61,18,28.18181818181818,17.272727272727273,10.909090909090908,71.81818181818181,55.45454545454545,16.363636363636363
E00004561,75,20,8,12,55,33,22,26.666666666666668,10.666666666666668,16,73.33333333333333,44,29.333333333333332
E00004562,125,37,12,25,88,68,20,29.599999999999998,9.6,20,70.39999999999999,54.400000000000006,16
E00004564,169,38,25,13,131,113,18,22.485207100591715,14.792899408284024,7.6923076923076925,77.51479289940828,66.86390532544378,10.650887573964498
E00004565,72,25,11,14,47,42,5,34.72222222222222,15.277777777777779,19.444444444444446,65.27777777777779,58.333333333333336,6.944444444444445
E00004566,163,44,15,29,119,95,24,26.993865030674847,9.202453987730062,17.791411042944784,73.00613496932516,58.282208588957054,14.723926380368098
E00004567,160,78,26,52,82,75,7,48.75,16.25,32.5,51.24999999999999,46.875,4.375
E00004568,193,47,23,24,146,113,33,24.352331606217618,11.917098445595855,12.435233160621761,75.64766839378238,58.549222797927456,17.098445595854923
E00004569,261,61,21,40,200,137,63,23.371647509578544,8.045977011494253,15.32567049808429,76.62835249042146,52.490421455938694,24.137931034482758
E00004570,153,49,22,27,104,67,37,32.02614379084967,14.37908496732026,17.647058823529413,67.97385620915033,43.790849673202615,24.183006535947712
E00004571,136,34,14,20,102,71,31,25,10.294117647058822,14.705882352941178,75,52.20588235294118,22.794117647058822
E00004572,215,51,28,23,164,119,45,23.72093023255814,13.023255813953488,10.69767441860465,76.27906976744187,55.348837209302324,20.930232558139537
E00004573,145,40,18,22,105,76,29,27.586206896551722,12.413793103448276,15.172413793103448,72.41379310344827,52.41379310344828,20
E00004574,181,44,17,27,137,101,36,24.30939226519337,9.392265193370166,14.917127071823206,75.69060773480662,55.80110497237569,19.88950276243094
E00004575,219,47,19,28,172,142,30,21.461187214611872,8.67579908675799,12.785388127853881,78.53881278538812,64.84018264840182,13.698630136986301
E00004576,142,45,22,23,97,81,16,31.690140845070424,15.492957746478872,16.19718309859155,68.30985915492957,57.04225352112676,11.267605633802818
E00004577,176,49,25,24,127,97,30,27.84090909090909,14.204545454545455,13.636363636363635,72.1590909090909,55.11363636363637,17.045454545454543
E00004578,178,42,14,28,136,113,23,23.595505617977526,7.865168539325842,15.730337078651685,76.40449438202246,63.48314606741573,12.921348314606742
E00004579,128,41,23,18,87,67,20,32.03125,17.96875,14.0625,67.96875,52.34375,15.625
E00004580,188,42,22,20,146,107,39,22.340425531914892,11.702127659574469,10.638297872340425,77.6595744680851,56.91489361702128,20.74468085106383
E00004581,151,34,13,21,117,81,36,22.516556291390728,8.609271523178808,13.90728476821192,77.48344370860927,53.64238410596026,23.841059602649008
E00004582,131,36,15,21,95,72,23,27.480916030534353,11.450381679389313,16.030534351145036,72.51908396946564,54.961832061068705,17.557251908396946
E00004583,180,46,17,29,134,109,25,25.555555555555554,9.444444444444445,16.11111111111111,74.44444444444444,60.55555555555555,13.88888888888889
E00004584,313,69,29,40,244,177,67,22.044728434504794,9.26517571884984,12.779552715654951,77.95527156549521,56.54952076677316,21.405750798722046
E00004585,146,28,15,13,118,89,29,19.17808219178082,10.273972602739725,8.904109589041095,80.82191780821918,60.95890410958904,19.863013698630137
E00004586,126,19,9,10,107,82,25,15.079365079365079,7.142857142857142,7.936507936507936,84.92063492063492,65.07936507936508,19.841269841269842
E00004587,128,28,13,15,100,83,17,21.875,10.15625,11.71875,78.125,64.84375,13.28125
E00004588,215,40,19,21,175,141,34,18.6046511627907,8.837209302325581,9.767441860465116,81.3953488372093,65.58139534883722,15.813953488372093
E00004589,141,35,16,19,106,74,32,24.822695035460992,11.347517730496454,13.47517730496454,75.177304964539,52.4822695035461,22.69503546099291
E00004590,131,30,15,15,101,75,26,22.900763358778626,11.450381679389313,11.450381679389313,77.09923664122137,57.25190839694656,19.84732824427481
E00004591,134,43,15,28,91,69,22,32.08955223880597,11.194029850746269,20.8955223880597,67.91044776119402,51.49253731343284,16.417910447761194
E00004592,111,22,11,11,89,61,28,19.81981981981982,9.90990990990991,9.90990990990991,80.18018018018019,54.95495495495496,25.225225225225223
E00004593,312,71,29,42,241,189,52,22.756410256410255,9.294871794871796,13.461538461538462,77.24358974358975,60.57692307692307,16.666666666666664
E00004594,133,20,9,11,113,91,22,15.037593984962406,6.7669172932330826,8.270676691729323,84.9624060150376,68.42105263157895,16.541353383458645
E00004595,142,43,22,21,99,74,25,30.28169014084507,15.492957746478872,14.788732394366196,69.71830985915493,52.112676056338024,17.6056338028169
E00004596,146,29,10,19,117,73,44,19.863013698630137,6.8493150684931505,13.013698630136986,80.13698630136986,50,30.136986301369863
E00004597,138,28,13,15,110,84,26,20.28985507246377,9.420289855072465,10.869565217391305,79.71014492753623,60.86956521739131,18.84057971014493
E00004598,158,37,19,18,121,92,29,23.417721518987342,12.025316455696203,11.39240506329114,76.58227848101265,58.22784810126582,18.354430379746837
E00004599,129,34,23,11,95,78,17,26.356589147286826,17.829457364341085,8.527131782945736,73.64341085271317,60.46511627906976,13.178294573643413
E00004600,126,66,24,42,60,48,12,52.38095238095239,19.047619047619047,33.33333333333333,47.61904761904761,38.095238095238095,9.523809523809524
E00004601,121,47,28,19,74,51,23,38.84297520661157,23.140495867768596,15.702479338842975,61.15702479338842,42.14876033057851,19.00826446280992
E00004602,169,36,15,21,133,94,39,21.301775147928996,8.875739644970414,12.42603550295858,78.69822485207101,55.62130177514793,23.076923076923077
E00004603,143,37,19,18,106,91,15,25.874125874125873,13.286713286713287,12.587412587412588,74.12587412587412,63.63636363636363,10.48951048951049
E00004604,182,64,22,42,118,100,18,35.16483516483517,12.087912087912088,23.076923076923077,64.83516483516483,54.94505494505495,9.89010989010989
E00004605,114,39,14,25,75,59,16,34.21052631578947,12.280701754385964,21.929824561403507,65.78947368421053,51.75438596491229,14.035087719298245
E00004606,149,44,18,26,105,74,31,29.53020134228188,12.080536912751679,17.449664429530202,70.46979865771812,49.664429530201346,20.80536912751678
E00004607,41,14,6,8,27,22,5,34.146341463414636,14.634146341463413,19.51219512195122,65.85365853658537,53.65853658536586,12.195121951219512
E00004608,137,39,14,25,98,69,29,28.467153284671532,10.218978102189782,18.248175182481752,71.53284671532847,50.36496350364964,21.16788321167883
E00004610,109,45,12,33,64,57,7,41.284403669724774,11.009174311926607,30.275229357798167,58.71559633027523,52.293577981651374,6.422018348623854
E00004611,43,22,9,13,21,15,6,51.162790697674424,20.930232558139537,30.23255813953488,48.837209302325576,34.883720930232556,13.953488372093023
E00004612,114,48,17,31,66,56,10,42.10526315789473,14.912280701754385,27.192982456140353,57.89473684210527,49.122807017543856,8.771929824561402
E00004613,144,39,15,24,105,78,27,27.083333333333332,10.416666666666668,16.666666666666664,72.91666666666666,54.166666666666664,18.75
E00004614,245,69,27,42,176,140,36,28.163265306122447,11.020408163265307,17.142857142857142,71.83673469387755,57.14285714285714,14.69387755102041
E00004615,113,23,14,9,90,68,22,20.353982300884958,12.389380530973451,7.964601769911504,79.64601769911505,60.17699115044248,19.469026548672566
E00004616,173,36,17,19,137,93,44,20.809248554913296,9.826589595375722,10.982658959537572,79.1907514450867,53.75722543352601,25.43352601156069
E00004617,147,21,5,16,126,84,42,14.285714285714285,3.4013605442176873,10.884353741496598,85.71428571428571,57.14285714285714,28.57142857142857
E00004618,143,28,15,13,115,85,30,19.58041958041958,10.48951048951049,9.090909090909092,80.41958041958041,59.44055944055944,20.97902097902098
E00004619,92,26,10,16,66,56,10,28.26086956521739,10.869565217391305,17.391304347826086,71.73913043478261,60.86956521739131,10.869565217391305
E00004620,164,27,11,16,137,110,27,16.463414634146343,6.707317073170732,9.75609756097561,83.53658536585365,67.07317073170732,16.463414634146343
E00004621,155,32,16,16,123,99,24,20.64516129032258,10.32258064516129,10.32258064516129,79.35483870967742,63.87096774193548,15.483870967741936
E00004622,252,41,18,23,211,171,40,16.26984126984127,7.142857142857142,9.126984126984127,83.73015873015873,67.85714285714286,15.873015873015872
E00004623,148,41,21,20,107,91,16,27.7027027027027,14.18918918918919,13.513513513513514,72.2972972972973,61.48648648648649,10.81081081081081
E00004624,188,43,16,27,145,104,41,22.872340425531913,8.51063829787234,14.361702127659576,77.12765957446808,55.319148936170215,21.808510638297875
E00004625,191,56,22,34,135,103,32,29.31937172774869,11.518324607329843,17.801047120418847,70.68062827225131,53.92670157068062,16.75392670157068
E00004626,121,55,23,32,66,54,12,45.45454545454545,19.00826446280992,26.446280991735538,54.54545454545454,44.62809917355372,9.917355371900827
E00004627,105,33,12,21,72,60,12,31.428571428571427,11.428571428571429,20,68.57142857142857,57.14285714285714,11.428571428571429
E00004628,93,43,7,36,50,41,9,46.236559139784944,7.526881720430108,38.70967741935484,53.76344086021505,44.086021505376344,9.67741935483871
E00004629,129,28,12,16,101,69,32,21.705426356589147,9.30232558139535,12.4031007751938,78.29457364341084,53.48837209302325,24.8062015503876
E00004630,158,49,14,35,109,79,30,31.0126582278481,8.860759493670885,22.151898734177212,68.9873417721519,50,18.9873417721519
E00004631,128,34,12,22,94,80,14,26.5625,9.375,17.1875,73.4375,62.5,10.9375
E00004632,116,41,18,23,75,66,9,35.3448275862069,15.517241379310345,19.82758620689655,64.65517241379311,56.896551724137936,7.758620689655173
E00004633,94,35,18,17,59,50,9,37.234042553191486,19.148936170212767,18.085106382978726,62.76595744680851,53.191489361702125,9.574468085106384
E00004634,162,35,13,22,127,90,37,21.604938271604937,8.024691358024691,13.580246913580247,78.39506172839506,55.55555555555556,22.839506172839506
E00004635,135,59,21,38,76,64,12,43.7037037037037,15.555555555555555,28.14814814814815,56.2962962962963,47.40740740740741,8.88888888888889
E00004636,102,42,14,28,60,51,9,41.17647058823529,13.725490196078432,27.450980392156865,58.82352941176471,50,8.823529411764707
E00004637,172,63,28,35,109,93,16,36.627906976744185,16.27906976744186,20.348837209302324,63.372093023255815,54.06976744186046,9.30232558139535
E00004638,192,55,23,32,137,111,26,28.645833333333332,11.979166666666668,16.666666666666664,71.35416666666666,57.8125,13.541666666666666
E00004639,101,41,14,27,60,51,9,40.5940594059406,13.861386138613863,26.732673267326735,59.4059405940594,50.495049504950494,8.91089108910891
E00004640,169,54,27,27,115,101,14,31.952662721893493,15.976331360946746,15.976331360946746,68.04733727810651,59.76331360946746,8.284023668639055
E00004641,137,56,21,35,81,72,9,40.87591240875913,15.328467153284672,25.547445255474454,59.12408759124088,52.55474452554745,6.569343065693431
E00004642,121,53,14,39,68,59,9,43.80165289256198,11.570247933884298,32.231404958677686,56.19834710743802,48.760330578512395,7.43801652892562
E00004643,188,59,22,37,129,99,30,31.382978723404253,11.702127659574469,19.680851063829788,68.61702127659575,52.659574468085104,15.957446808510639
E00004644,168,67,23,44,101,91,10,39.88095238095239,13.690476190476192,26.190476190476193,60.11904761904761,54.166666666666664,5.952380952380952
E00004645,117,24,9,15,93,70,23,20.51282051282051,7.6923076923076925,12.82051282051282,79.48717948717949,59.82905982905983,19.65811965811966
E00004646,91,39,19,20,52,44,8,42.857142857142854,20.87912087912088,21.978021978021978,57.14285714285714,48.35164835164835,8.791208791208792
E00004647,140,36,14,22,104,81,23,25.71428571428571,10,15.714285714285714,74.28571428571429,57.85714285714286,16.428571428571427
E00004649,100,29,17,12,71,57,14,28.999999999999996,17,12,71,56.99999999999999,14.000000000000002
E00004650,123,39,20,19,84,71,13,31.70731707317073,16.260162601626014,15.447154471544716,68.29268292682927,57.72357723577236,10.569105691056912
E00004651,64,13,5,8,51,30,21,20.3125,7.8125,12.5,79.6875,46.875,32.8125
E00004652,91,22,8,14,69,57,12,24.175824175824175,8.791208791208792,15.384615384615385,75.82417582417582,62.637362637362635,13.186813186813188
E00004655,123,58,43,15,65,37,28,47.15447154471545,34.959349593495936,12.195121951219512,52.84552845528455,30.081300813008134,22.76422764227642
E00004658,186,66,26,40,120,95,25,35.483870967741936,13.978494623655912,21.50537634408602,64.51612903225806,51.075268817204304,13.440860215053762
E00004659,154,53,14,39,101,89,12,34.41558441558442,9.090909090909092,25.324675324675322,65.5844155844156,57.7922077922078,7.792207792207792
E00004660,89,29,14,15,60,49,11,32.58426966292135,15.730337078651685,16.853932584269664,67.41573033707866,55.0561797752809,12.359550561797752
E00004661,103,35,23,12,68,50,18,33.980582524271846,22.330097087378643,11.650485436893204,66.01941747572816,48.54368932038835,17.475728155339805
E00004662,66,25,10,15,41,31,10,37.878787878787875,15.151515151515152,22.727272727272727,62.121212121212125,46.96969696969697,15.151515151515152
E00004663,106,40,20,20,66,58,8,37.735849056603776,18.867924528301888,18.867924528301888,62.264150943396224,54.71698113207547,7.547169811320755
E00004664,119,41,22,19,78,68,10,34.45378151260504,18.487394957983195,15.966386554621847,65.54621848739495,57.14285714285714,8.403361344537815
E00004665,102,29,13,16,73,59,14,28.431372549019606,12.745098039215685,15.686274509803921,71.56862745098039,57.84313725490197,13.725490196078432
E00004666,119,32,18,14,87,63,24,26.89075630252101,15.126050420168067,11.76470588235294,73.10924369747899,52.94117647058824,20.168067226890756
E00004667,101,19,9,10,82,64,18,18.81188118811881,8.91089108910891,9.900990099009901,81.1881188118812,63.366336633663366,17.82178217821782
E00004668,60,18,7,11,42,40,2,30,11.666666666666666,18.333333333333332,70,66.66666666666666,3.3333333333333335
E00004669,104,46,18,28,58,49,9,44.230769230769226,17.307692307692307,26.923076923076923,55.769230769230774,47.11538461538461,8.653846153846153
E00004670,102,43,16,27,59,51,8,42.15686274509804,15.686274509803921,26.47058823529412,57.84313725490197,50,7.8431372549019605
E00004671,159,74,36,38,85,69,16,46.540880503144656,22.641509433962266,23.89937106918239,53.459119496855344,43.39622641509434,10.062893081761008
E00004672,93,31,12,19,62,49,13,33.33333333333333,12.903225806451612,20.43010752688172,66.66666666666666,52.68817204301075,13.978494623655912
E00004673,107,48,17,31,59,52,7,44.85981308411215,15.887850467289718,28.971962616822427,55.140186915887845,48.598130841121495,6.5420560747663545
E00004674,81,26,7,19,55,41,14,32.098765432098766,8.641975308641975,23.456790123456788,67.90123456790124,50.617283950617285,17.28395061728395
E00004675,52,12,2,10,40,33,7,23.076923076923077,3.8461538461538463,19.230769230769234,76.92307692307693,63.46153846153846,13.461538461538462
E00004676,60,15,11,4,45,33,12,25,18.333333333333332,6.666666666666667,75,55.00000000000001,20
E00004678,164,45,23,22,119,86,33,27.439024390243905,14.02439024390244,13.414634146341465,72.5609756097561,52.4390243902439,20.121951219512198
E00004679,64,20,7,13,44,40,4,31.25,10.9375,20.3125,68.75,62.5,6.25
E00004680,132,64,52,12,68,54,14,48.484848484848484,39.39393939393939,9.090909090909092,51.515151515151516,40.909090909090914,10.606060606060606
E00004681,122,17,9,8,105,71,34,13.934426229508196,7.377049180327869,6.557377049180328,86.0655737704918,58.19672131147541,27.86885245901639
E00004682,67,33,13,20,34,30,4,49.25373134328358,19.402985074626866,29.850746268656714,50.74626865671642,44.776119402985074,5.970149253731343
E00004683,73,30,19,11,43,37,6,41.0958904109589,26.027397260273972,15.068493150684931,58.9041095890411,50.68493150684932,8.21917808219178
E00004684,140,42,9,33,98,81,17,30,6.428571428571428,23.57142857142857,70,57.85714285714286,12.142857142857142
E00004685,94,41,16,25,53,47,6,43.61702127659575,17.02127659574468,26.595744680851062,56.38297872340425,50,6.382978723404255
E00004686,110,29,7,22,81,71,10,26.36363636363636,6.363636363636363,20,73.63636363636363,64.54545454545455,9.090909090909092
E00004687,107,28,15,13,79,44,35,26.168224299065418,14.018691588785046,12.149532710280374,73.83177570093457,41.1214953271028,32.71028037383177
E00004688,150,57,21,36,93,82,11,38,14.000000000000002,24,62,54.666666666666664,7.333333333333333
E00004689,112,45,18,27,67,57,10,40.17857142857143,16.071428571428573,24.107142857142858,59.82142857142857,50.89285714285714,8.928571428571429
E00004690,103,28,16,12,75,62,13,27.184466019417474,15.53398058252427,11.650485436893204,72.81553398058253,60.19417475728155,12.62135922330097
E00004691,92,22,10,12,70,61,9,23.91304347826087,10.869565217391305,13.043478260869565,76.08695652173914,66.30434782608695,9.782608695652174
E00004692,101,35,13,22,66,58,8,34.65346534653465,12.871287128712872,21.782178217821784,65.34653465346535,57.42574257425742,7.920792079207921
E00004693,132,44,21,23,88,68,20,33.33333333333333,15.909090909090908,17.424242424242426,66.66666666666666,51.515151515151516,15.151515151515152
E00004694,85,38,18,20,47,41,6,44.70588235294118,21.176470588235293,23.52941176470588,55.294117647058826,48.23529411764706,7.0588235294117645
E00004695,115,34,11,23,81,61,20,29.565217391304348,9.565217391304348,20,70.43478260869566,53.04347826086957,17.391304347826086
E00004696,128,51,24,27,77,73,4,39.84375,18.75,21.09375,60.15625,57.03125,3.125
E00004697,76,28,15,13,48,39,9,36.84210526315789,19.736842105263158,17.105263157894736,63.1578947368421,51.31578947368421,11.842105263157894
E00004699,125,46,14,32,79,60,19,36.8,11.200000000000001,25.6,63.2,48,15.2
E00004700,89,37,20,17,52,43,9,41.57303370786517,22.47191011235955,19.101123595505616,58.42696629213483,48.31460674157304,10.112359550561797
E00004701,126,46,14,32,80,67,13,36.507936507936506,11.11111111111111,25.396825396825395,63.49206349206349,53.17460317460318,10.317460317460316
E00004702,84,38,12,26,46,41,5,45.23809523809524,14.285714285714285,30.952380952380953,54.761904761904766,48.80952380952381,5.952380952380952
E00004703,133,30,14,16,103,75,28,22.55639097744361,10.526315789473683,12.030075187969924,77.44360902255639,56.390977443609025,21.052631578947366
E00004704,156,42,21,21,114,94,20,26.923076923076923,13.461538461538462,13.461538461538462,73.07692307692307,60.256410256410255,12.82051282051282
E00004705,180,46,26,20,134,93,41,25.555555555555554,14.444444444444443,11.11111111111111,74.44444444444444,51.66666666666667,22.77777777777778
E00004706,183,57,25,32,126,102,24,31.147540983606557,13.661202185792352,17.48633879781421,68.85245901639344,55.73770491803278,13.114754098360656
E00004707,228,63,31,32,165,128,37,27.631578947368425,13.596491228070176,14.035087719298245,72.36842105263158,56.14035087719298,16.228070175438596
E00004708,92,24,7,17,68,50,18,26.08695652173913,7.608695652173914,18.478260869565215,73.91304347826086,54.347826086956516,19.565217391304348
E00004709,149,45,12,33,104,86,18,30.201342281879196,8.053691275167784,22.14765100671141,69.79865771812081,57.71812080536913,12.080536912751679
E00004710,122,42,20,22,80,67,13,34.42622950819672,16.39344262295082,18.0327868852459,65.57377049180327,54.91803278688525,10.655737704918032
E00004711,154,41,20,21,113,84,29,26.623376623376622,12.987012987012985,13.636363636363635,73.37662337662337,54.54545454545454,18.83116883116883
E00004712,114,33,17,16,81,51,30,28.947368421052634,14.912280701754385,14.035087719298245,71.05263157894737,44.73684210526316,26.31578947368421
E00004713,84,20,3,17,64,56,8,23.809523809523807,3.571428571428571,20.238095238095237,76.19047619047619,66.66666666666666,9.523809523809524
E00004714,182,19,11,8,163,124,39,10.43956043956044,6.043956043956044,4.395604395604396,89.56043956043956,68.13186813186813,21.428571428571427
E00004715,143,35,10,25,108,92,16,24.475524475524477,6.993006993006993,17.482517482517483,75.52447552447552,64.33566433566433,11.188811188811188
E00004717,183,38,12,26,145,125,20,20.76502732240437,6.557377049180328,14.207650273224044,79.23497267759562,68.30601092896174,10.92896174863388
E00004719,148,59,24,35,89,77,12,39.86486486486486,16.216216216216218,23.64864864864865,60.13513513513513,52.02702702702703,8.108108108108109
E00004720,65,15,7,8,50,39,11,23.076923076923077,10.76923076923077,12.307692307692308,76.92307692307693,60,16.923076923076923
E00004721,120,55,22,33,65,58,7,45.83333333333333,18.333333333333332,27.500000000000004,54.166666666666664,48.333333333333336,5.833333333333333
E00004723,93,34,14,20,59,49,10,36.55913978494624,15.053763440860216,21.50537634408602,63.44086021505376,52.68817204301075,10.75268817204301
E00004724,109,24,9,15,85,76,9,22.018348623853214,8.256880733944955,13.761467889908257,77.98165137614679,69.72477064220183,8.256880733944955
E00004725,108,39,14,25,69,65,4,36.11111111111111,12.962962962962962,23.14814814814815,63.888888888888886,60.18518518518518,3.7037037037037033
E00004726,89,28,13,15,61,54,7,31.46067415730337,14.606741573033707,16.853932584269664,68.53932584269663,60.67415730337079,7.865168539325842
E00004727,111,42,22,20,69,59,10,37.83783783783784,19.81981981981982,18.01801801801802,62.16216216216216,53.153153153153156,9.00900900900901
E00004728,115,46,17,29,69,59,10,40,14.782608695652174,25.217391304347824,60,51.30434782608696,8.695652173913043
E00004729,95,38,14,24,57,49,8,40,14.736842105263156,25.263157894736842,60,51.578947368421055,8.421052631578947
E00004730,64,31,11,20,33,29,4,48.4375,17.1875,31.25,51.5625,45.3125,6.25
E00004731,241,76,36,40,165,131,34,31.535269709543567,14.937759336099585,16.59751037344398,68.46473029045643,54.356846473029044,14.107883817427386
E00004733,148,36,21,15,112,87,25,24.324324324324326,14.18918918918919,10.135135135135135,75.67567567567568,58.78378378378378,16.89189189189189
E00004736,107,24,14,10,83,62,21,22.429906542056074,13.084112149532709,9.345794392523365,77.57009345794393,57.943925233644855,19.626168224299064
E00004738,161,48,14,34,113,85,28,29.81366459627329,8.695652173913043,21.11801242236025,70.1863354037267,52.79503105590062,17.391304347826086
E00004739,151,33,13,20,118,105,13,21.85430463576159,8.609271523178808,13.245033112582782,78.1456953642384,69.5364238410596,8.609271523178808
E00004741,135,38,13,25,97,76,21,28.14814814814815,9.62962962962963,18.51851851851852,71.85185185185186,56.2962962962963,15.555555555555555
E00004742,175,47,22,25,128,95,33,26.857142857142858,12.571428571428573,14.285714285714285,73.14285714285714,54.285714285714285,18.857142857142858
E00004743,140,50,25,25,90,82,8,35.714285714285715,17.857142857142858,17.857142857142858,64.28571428571429,58.57142857142858,5.714285714285714
E00004744,117,44,22,22,73,63,10,37.60683760683761,18.803418803418804,18.803418803418804,62.39316239316239,53.84615384615385,8.547008547008547
E00004745,95,31,12,19,64,61,3,32.631578947368425,12.631578947368421,20,67.36842105263158,64.21052631578948,3.1578947368421053
E00004746,111,40,16,24,71,62,9,36.03603603603604,14.414414414414415,21.62162162162162,63.96396396396396,55.85585585585585,8.108108108108109
E00004747,151,51,25,26,100,81,19,33.77483443708609,16.55629139072848,17.218543046357617,66.22516556291392,53.64238410596026,12.582781456953644
E00004748,121,44,18,26,77,71,6,36.36363636363637,14.87603305785124,21.487603305785125,63.63636363636363,58.67768595041323,4.958677685950414
E00004749,203,101,44,57,102,94,8,49.75369458128079,21.67487684729064,28.078817733990146,50.24630541871922,46.30541871921182,3.9408866995073892
E00004750,212,67,22,45,145,121,24,31.60377358490566,10.377358490566039,21.22641509433962,68.39622641509435,57.07547169811321,11.320754716981133
E00004751,94,34,8,26,60,47,13,36.17021276595745,8.51063829787234,27.659574468085108,63.829787234042556,50,13.829787234042554
E00004752,145,50,18,32,95,79,16,34.48275862068966,12.413793103448276,22.06896551724138,65.51724137931035,54.48275862068965,11.03448275862069
E00004753,115,44,21,23,71,67,4,38.26086956521739,18.26086956521739,20,61.73913043478261,58.26086956521739,3.4782608695652173
E00004754,132,40,17,23,92,74,18,30.303030303030305,12.878787878787879,17.424242424242426,69.6969696969697,56.060606060606055,13.636363636363635
E00004755,76,27,10,17,49,44,5,35.526315789473685,13.157894736842104,22.36842105263158,64.47368421052632,57.89473684210527,6.578947368421052
E00004756,80,32,9,23,48,41,7,40,11.25,28.749999999999996,60,51.24999999999999,8.75
E00004757,107,51,19,32,56,45,11,47.66355140186916,17.75700934579439,29.906542056074763,52.336448598130836,42.05607476635514,10.2803738317757
E00004758,62,36,18,18,26,24,2,58.06451612903226,29.03225806451613,29.03225806451613,41.935483870967744,38.70967741935484,3.225806451612903
E00004759,114,44,20,24,70,64,6,38.59649122807017,17.543859649122805,21.052631578947366,61.40350877192983,56.14035087719298,5.263157894736842
E00004760,76,33,6,27,43,36,7,43.42105263157895,7.894736842105263,35.526315789473685,56.57894736842105,47.368421052631575,9.210526315789473
E00004761,57,24,12,12,33,30,3,42.10526315789473,21.052631578947366,21.052631578947366,57.89473684210527,52.63157894736842,5.263157894736842
E00004762,88,40,18,22,48,45,3,45.45454545454545,20.454545454545457,25,54.54545454545454,51.13636363636363,3.4090909090909087
E00004763,76,25,11,14,51,44,7,32.89473684210527,14.473684210526317,18.421052631578945,67.10526315789474,57.89473684210527,9.210526315789473
E00004764,81,27,13,14,54,42,12,33.33333333333333,16.049382716049383,17.28395061728395,66.66666666666666,51.85185185185185,14.814814814814813
E00004765,90,26,6,20,64,54,10,28.888888888888886,6.666666666666667,22.22222222222222,71.11111111111111,60,11.11111111111111
E00004766,157,27,15,12,130,96,34,17.197452229299362,9.554140127388536,7.643312101910828,82.80254777070064,61.146496815286625,21.656050955414013
E00004767,195,27,8,19,168,104,64,13.846153846153847,4.102564102564102,9.7435897435897445,86.15384615384616,53.333333333333336,32.82051282051282
E00004768,175,24,15,9,151,93,58,13.714285714285715,8.571428571428571,5.142857142857142,86.28571428571429,53.142857142857146,33.14285714285714
E00004769,192,31,14,17,161,111,50,16.145833333333336,7.291666666666667,8.854166666666668,83.85416666666666,57.8125,26.041666666666668
E00004770,112,27,11,16,85,49,36,24.107142857142858,9.821428571428571,14.285714285714285,75.89285714285714,43.75,32.142857142857146
E00004771,136,32,20,12,104,66,38,23.52941176470588,14.705882352941178,8.823529411764707,76.47058823529412,48.529411764705884,27.941176470588236
E00004772,154,38,13,25,116,69,47,24.675324675324674,8.441558441558442,16.233766233766232,75.32467532467533,44.8051948051948,30.519480519480517
E00004773,134,35,16,19,99,65,34,26.119402985074625,11.940298507462686,14.17910447761194,73.88059701492537,48.507462686567166,25.37313432835821
E00004774,130,28,6,22,102,72,30,21.53846153846154,4.615384615384616,16.923076923076923,78.46153846153847,55.38461538461539,23.076923076923077
E00004775,164,36,13,23,128,85,43,21.951219512195124,7.926829268292683,14.02439024390244,78.04878048780488,51.829268292682926,26.21951219512195
E00004776,187,34,14,20,153,111,42,18.181818181818183,7.4866310160427805,10.695187165775401,81.81818181818183,59.35828877005348,22.459893048128343
E00004777,118,37,12,25,81,70,11,31.35593220338983,10.16949152542373,21.1864406779661,68.64406779661016,59.32203389830508,9.322033898305085
E00004778,129,24,7,17,105,58,47,18.6046511627907,5.426356589147287,13.178294573643413,81.3953488372093,44.96124031007752,36.434108527131784
E00004779,110,19,9,10,91,55,36,17.272727272727273,8.181818181818182,9.090909090909092,82.72727272727273,50,32.72727272727273
E00004780,89,9,4,5,80,49,31,10.112359550561797,4.49438202247191,5.617977528089887,89.8876404494382,55.0561797752809,34.831460674157306
E00004781,233,57,26,31,176,130,46,24.463519313304722,11.158798283261802,13.304721030042918,75.53648068669528,55.793991416309005,19.742489270386265
E00004782,111,26,7,19,85,50,35,23.423423423423422,6.306306306306306,17.117117117117118,76.57657657657657,45.04504504504504,31.53153153153153
E00004783,128,44,22,22,84,61,23,34.375,17.1875,17.1875,65.625,47.65625,17.96875
E00004784,158,41,18,23,117,77,40,25.949367088607595,11.39240506329114,14.556962025316455,74.0506329113924,48.734177215189874,25.31645569620253
E00004785,147,56,18,38,91,77,14,38.095238095238095,12.244897959183673,25.850340136054424,61.904761904761905,52.38095238095239,9.523809523809524
E00004786,116,13,4,9,103,76,27,11.206896551724139,3.4482758620689653,7.758620689655173,88.79310344827587,65.51724137931035,23.275862068965516
E00004787,179,33,16,17,146,106,40,18.435754189944134,8.938547486033519,9.497206703910614,81.56424581005587,59.217877094972074,22.3463687150838
E00004788,145,24,15,9,121,89,32,16.551724137931036,10.344827586206897,6.206896551724138,83.44827586206897,61.37931034482759,22.06896551724138
E00004789,74,24,7,17,50,34,16,32.432432432432435,9.45945945945946,22.972972972972975,67.56756756756756,45.94594594594595,21.62162162162162
E00004790,180,25,9,16,155,98,57,13.88888888888889,5,8.88888888888889,86.11111111111111,54.44444444444444,31.666666666666664
E00004791,131,24,9,15,107,79,28,18.3206106870229,6.870229007633588,11.450381679389313,81.67938931297711,60.30534351145038,21.374045801526716
E00004792,173,29,11,18,144,93,51,16.76300578034682,6.358381502890173,10.404624277456648,83.23699421965318,53.75722543352601,29.47976878612717
E00004793,159,30,16,14,129,83,46,18.867924528301888,10.062893081761008,8.80503144654088,81.13207547169812,52.20125786163522,28.930817610062892
E00004794,228,70,31,39,158,114,44,30.701754385964914,13.596491228070176,17.105263157894736,69.2982456140351,50,19.298245614035086
E00004795,137,38,17,21,99,65,34,27.73722627737226,12.408759124087592,15.328467153284672,72.26277372262774,47.44525547445255,24.817518248175183
E00004796,184,29,16,13,155,113,42,15.760869565217392,8.695652173913043,7.065217391304348,84.23913043478261,61.41304347826087,22.82608695652174
E00004797,195,55,15,40,140,105,35,28.205128205128204,7.6923076923076925,20.51282051282051,71.7948717948718,53.84615384615385,17.94871794871795
E00004798,169,18,6,12,151,91,60,10.650887573964498,3.5502958579881656,7.100591715976331,89.3491124260355,53.84615384615385,35.50295857988166
E00004799,165,24,13,11,141,88,53,14.545454545454545,7.878787878787878,6.666666666666667,85.45454545454545,53.333333333333336,32.121212121212125
E00004801,168,21,10,11,147,92,55,12.5,5.952380952380952,6.547619047619048,87.5,54.761904761904766,32.73809523809524
E00004802,165,34,18,16,131,94,37,20.606060606060606,10.909090909090908,9.696969696969697,79.39393939393939,56.96969696969697,22.424242424242426
E00004803,118,33,12,21,85,66,19,27.966101694915253,10.16949152542373,17.796610169491526,72.03389830508475,55.932203389830505,16.101694915254235
E00004804,155,23,11,12,132,84,48,14.838709677419354,7.096774193548387,7.741935483870968,85.16129032258064,54.19354838709678,30.967741935483872
E00004805,103,35,7,28,68,56,12,33.980582524271846,6.796116504854369,27.184466019417474,66.01941747572816,54.36893203883495,11.650485436893204
E00004806,160,19,9,10,141,100,41,11.875,5.625,6.25,88.125,62.5,25.624999999999996
E00004807,114,23,11,12,91,66,25,20.175438596491226,9.649122807017543,10.526315789473683,79.82456140350878,57.89473684210527,21.929824561403507
E00004808,120,32,15,17,88,66,22,26.666666666666668,12.5,14.166666666666666,73.33333333333333,55.00000000000001,18.333333333333332
E00004809,136,30,16,14,106,63,43,22.058823529411764,11.76470588235294,10.294117647058822,77.94117647058823,46.32352941176471,31.61764705882353
E00004810,196,40,25,15,156,94,62,20.408163265306122,12.755102040816327,7.653061224489796,79.59183673469387,47.95918367346938,31.63265306122449
E00004811,189,39,20,19,150,100,50,20.634920634920633,10.582010582010582,10.052910052910052,79.36507936507937,52.910052910052904,26.455026455026452
E00004812,184,44,13,31,140,111,29,23.91304347826087,7.065217391304348,16.847826086956523,76.08695652173914,60.32608695652174,15.760869565217392
E00004813,185,38,12,26,147,96,51,20.54054054054054,6.486486486486487,14.054054054054054,79.45945945945945,51.891891891891895,27.56756756756757
E00004814,141,29,21,8,112,69,43,20.56737588652482,14.893617021276595,5.673758865248227,79.43262411347519,48.93617021276596,30.49645390070922
E00004816,128,21,9,12,107,81,26,16.40625,7.03125,9.375,83.59375,63.28125,20.3125
E00004817,143,33,11,22,110,67,43,23.076923076923077,7.6923076923076925,15.384615384615385,76.92307692307693,46.85314685314685,30.069930069930066
E00004818,110,23,13,10,87,67,20,20.909090909090907,11.818181818181818,9.090909090909092,79.0909090909091,60.909090909090914,18.181818181818183
E00004819,147,26,10,16,121,83,38,17.687074829931973,6.802721088435375,10.884353741496598,82.31292517006803,56.4625850340136,25.850340136054424
E00004820,162,30,17,13,132,91,41,18.51851851851852,10.493827160493826,8.024691358024691,81.48148148148148,56.17283950617284,25.308641975308642
E00004821,133,15,9,6,118,82,36,11.278195488721805,6.7669172932330826,4.511278195488721,88.7218045112782,61.65413533834586,27.06766917293233
E00004822,173,44,14,30,129,91,38,25.43352601156069,8.092485549132949,17.341040462427745,74.56647398843931,52.601156069364166,21.965317919075144
E00004823,143,40,16,24,103,78,25,27.972027972027973,11.188811188811188,16.783216783216783,72.02797202797203,54.54545454545454,17.482517482517483
E00004824,131,22,8,14,109,81,28,16.793893129770993,6.106870229007633,10.687022900763358,83.20610687022901,61.832061068702295,21.374045801526716
E00004825,148,11,1,10,137,114,23,7.4324324324324325,0.6756756756756757,6.756756756756757,92.56756756756756,77.02702702702703,15.54054054054054
E00004826,164,24,13,11,140,102,38,14.634146341463413,7.926829268292683,6.707317073170732,85.36585365853658,62.19512195121951,23.170731707317074
E00004827,145,53,18,35,92,75,17,36.55172413793103,12.413793103448276,24.137931034482758,63.44827586206897,51.724137931034484,11.724137931034482
E00004828,122,33,13,20,89,79,10,27.049180327868854,10.655737704918032,16.39344262295082,72.95081967213115,64.75409836065575,8.19672131147541
E00004829,166,30,14,16,136,108,28,18.072289156626507,8.433734939759036,9.63855421686747,81.92771084337349,65.06024096385542,16.867469879518072
E00004830,174,36,19,17,138,103,35,20.689655172413794,10.919540229885058,9.770114942528735,79.3103448275862,59.195402298850574,20.114942528735632
E00004831,93,33,13,20,60,54,6,35.483870967741936,13.978494623655912,21.50537634408602,64.51612903225806,58.06451612903226,6.451612903225806
E00004833,170,19,8,11,151,109,42,11.176470588235295,4.705882352941177,6.470588235294119,88.8235294117647,64.11764705882354,24.705882352941178
E00004834,218,58,20,38,160,119,41,26.605504587155966,9.174311926605505,17.431192660550458,73.39449541284404,54.58715596330275,18.807339449541285
E00004835,288,60,31,29,228,192,36,20.833333333333336,10.76388888888889,10.069444444444445,79.16666666666666,66.66666666666666,12.5
E00004836,128,38,17,21,90,66,24,29.6875,13.28125,16.40625,70.3125,51.5625,18.75
E00004837,290,64,27,37,226,175,51,22.06896551724138,9.310344827586208,12.758620689655173,77.93103448275862,60.3448275862069,17.586206896551722
E00004838,137,29,12,17,108,85,23,21.16788321167883,8.75912408759124,12.408759124087592,78.83211678832117,62.04379562043796,16.78832116788321
E00004839,196,46,20,26,150,124,26,23.46938775510204,10.204081632653061,13.26530612244898,76.53061224489795,63.26530612244898,13.26530612244898
E00004840,144,21,10,11,123,91,32,14.583333333333334,6.944444444444445,7.638888888888889,85.41666666666666,63.19444444444444,22.22222222222222
E00004841,151,40,21,19,111,94,17,26.490066225165563,13.90728476821192,12.582781456953644,73.50993377483444,62.251655629139066,11.258278145695364
E00004842,151,24,12,12,127,84,43,15.894039735099339,7.9470198675496695,7.9470198675496695,84.10596026490066,55.62913907284768,28.47682119205298
E00004843,140,23,11,12,117,87,30,16.428571428571427,7.857142857142857,8.571428571428571,83.57142857142857,62.142857142857146,21.428571428571427
E00004844,170,25,9,16,145,99,46,14.705882352941178,5.294117647058823,9.411764705882353,85.29411764705883,58.235294117647065,27.058823529411764
E00004845,142,20,11,9,122,97,25,14.084507042253522,7.746478873239436,6.338028169014084,85.91549295774648,68.30985915492957,17.6056338028169
E00004846,173,33,18,15,140,103,37,19.07514450867052,10.404624277456648,8.670520231213873,80.92485549132948,59.53757225433526,21.38728323699422
E00004847,155,19,12,7,136,108,28,12.258064516129032,7.741935483870968,4.516129032258064,87.74193548387098,69.6774193548387,18.064516129032256
E00004848,198,32,13,19,166,118,48,16.161616161616163,6.565656565656567,9.595959595959595,83.83838383838383,59.59595959595959,24.242424242424242
E00004849,174,29,15,14,145,94,51,16.666666666666664,8.620689655172415,8.045977011494253,83.33333333333334,54.02298850574713,29.310344827586203
E00004850,271,47,21,26,224,154,70,17.343173431734318,7.7490774907749085,9.59409594095941,82.65682656826569,56.82656826568265,25.830258302583026
E00004851,142,20,11,9,122,80,42,14.084507042253522,7.746478873239436,6.338028169014084,85.91549295774648,56.33802816901409,29.577464788732392
E00004852,151,31,12,19,120,84,36,20.52980132450331,7.9470198675496695,12.582781456953644,79.47019867549669,55.62913907284768,23.841059602649008
E00004853,189,32,14,18,157,124,33,16.93121693121693,7.4074074074074066,9.523809523809524,83.06878306878306,65.60846560846561,17.46031746031746
E00174649,105,38,9,29,67,53,14,36.19047619047619,8.571428571428571,27.61904761904762,63.8095238095238,50.476190476190474,13.333333333333334
E00174650,79,40,30,10,39,31,8,50.63291139240506,37.9746835443038,12.658227848101266,49.36708860759494,39.24050632911392,10.126582278481013
E00174651,74,18,10,8,56,44,12,24.324324324324326,13.513513513513514,10.81081081081081,75.67567567567568,59.45945945945946,16.216216216216218
E00174652,49,9,5,4,40,32,8,18.367346938775512,10.204081632653061,8.16326530612245,81.63265306122449,65.3061224489796,16.3265306122449
E00174653,111,47,24,23,64,46,18,42.34234234234234,21.62162162162162,20.72072072072072,57.65765765765766,41.44144144144144,16.216216216216218
E00174654,130,61,41,20,69,57,12,46.92307692307692,31.538461538461537,15.384615384615385,53.07692307692308,43.84615384615385,9.230769230769232
E00174656,111,24,14,10,87,65,22,21.62162162162162,12.612612612612612,9.00900900900901,78.37837837837837,58.55855855855856,19.81981981981982
E00174657,127,29,17,12,98,75,23,22.83464566929134,13.385826771653544,9.448818897637794,77.16535433070865,59.055118110236215,18.11023622047244
E00174658,91,23,7,16,68,53,15,25.274725274725274,7.6923076923076925,17.582417582417584,74.72527472527473,58.24175824175825,16.483516483516482
E00174659,116,30,19,11,86,57,29,25.862068965517242,16.379310344827587,9.482758620689655,74.13793103448276,49.137931034482754,25
E00174660,69,21,14,7,48,40,8,30.434782608695656,20.28985507246377,10.144927536231885,69.56521739130434,57.971014492753625,11.594202898550725
E00174661,114,50,37,13,64,49,15,43.859649122807014,32.45614035087719,11.403508771929824,56.14035087719298,42.98245614035088,13.157894736842104
E00174666,89,22,11,11,67,55,12,24.719101123595504,12.359550561797752,12.359550561797752,75.28089887640449,61.79775280898876,13.48314606741573
E00174667,119,61,40,21,58,48,10,51.26050420168067,33.61344537815126,17.647058823529413,48.739495798319325,40.33613445378151,8.403361344537815
E00174668,103,38,12,26,65,58,7,36.89320388349515,11.650485436893204,25.24271844660194,63.10679611650486,56.310679611650485,6.796116504854369
E00174669,114,59,17,42,55,49,6,51.75438596491229,14.912280701754385,36.84210526315789,48.24561403508772,42.98245614035088,5.263157894736842
E00174670,130,19,11,8,111,92,19,14.615384615384617,8.461538461538462,6.153846153846154,85.38461538461539,70.76923076923077,14.615384615384617
E00174671,96,11,3,8,85,56,29,11.458333333333332,3.125,8.333333333333332,88.54166666666666,58.333333333333336,30.208333333333332
E00174672,180,13,5,8,167,151,16,7.222222222222221,2.7777777777777777,4.444444444444445,92.77777777777779,83.88888888888889,8.88888888888889
E00174673,75,11,2,9,64,58,6,14.666666666666666,2.666666666666667,12,85.33333333333334,77.33333333333333,8
E00174674,93,18,10,8,75,57,18,19.35483870967742,10.75268817204301,8.60215053763441,80.64516129032258,61.29032258064516,19.35483870967742
E00174675,99,19,8,11,80,55,25,19.19191919191919,8.080808080808081,11.11111111111111,80.8080808080808,55.55555555555556,25.252525252525253
E00174677,152,35,14,21,117,75,42,23.026315789473685,9.210526315789473,13.815789473684212,76.97368421052632,49.34210526315789,27.631578947368425
E00174678,145,22,7,15,123,85,38,15.172413793103448,4.827586206896552,10.344827586206897,84.82758620689656,58.620689655172406,26.20689655172414
E00174680,104,32,16,16,72,61,11,30.76923076923077,15.384615384615385,15.384615384615385,69.23076923076923,58.65384615384615,10.576923076923077
E00190350,120,26,11,15,94,48,46,21.666666666666668,9.166666666666666,12.5,78.33333333333333,40,38.333333333333336
E00190351,100,19,12,7,81,56,25,19,12,7.000000000000001,81,56.00000000000001,25
E00190352,168,18,8,10,150,123,27,10.714285714285714,4.761904761904762,5.952380952380952,89.28571428571429,73.21428571428571,16.071428571428573
E00190353,168,28,13,15,140,78,62,16.666666666666664,7.738095238095238,8.928571428571429,83.33333333333334,46.42857142857143,36.904761904761905
E00190354,182,79,23,56,103,92,11,43.40659340659341,12.637362637362637,30.76923076923077,56.59340659340659,50.54945054945055,6.043956043956044
E00190355,97,25,10,15,72,53,19,25.773195876288657,10.309278350515463,15.463917525773196,74.22680412371135,54.63917525773196,19.587628865979383
E00190356,100,45,30,15,55,43,12,45,30,15,55.00000000000001,43,12
E00190357,208,68,40,28,140,109,31,32.69230769230769,19.230769230769234,13.461538461538462,67.3076923076923,52.40384615384615,14.903846153846153
E00190358,148,76,30,46,72,58,14,51.35135135135135,20.27027027027027,31.08108108108108,48.64864864864865,39.189189189189186,9.45945945945946
E00190360,143,41,12,29,102,99,3,28.671328671328673,8.391608391608392,20.27972027972028,71.32867132867133,69.23076923076923,2.097902097902098
E00190403,208,39,13,26,169,114,55,18.75,6.25,12.5,81.25,54.807692307692314,26.442307692307693
E00190410,172,36,21,15,136,92,44,20.930232558139537,12.209302325581394,8.720930232558139,79.06976744186046,53.48837209302325,25.581395348837212
E00190412,149,47,25,22,102,85,17,31.543624161073826,16.778523489932887,14.76510067114094,68.45637583892618,57.04697986577181,11.409395973154362
E00190413,95,25,8,17,70,52,18,26.31578947368421,8.421052631578947,17.894736842105264,73.68421052631578,54.736842105263165,18.947368421052634
E00190415,111,29,15,14,82,63,19,26.126126126126124,13.513513513513514,12.612612612612612,73.87387387387388,56.75675675675676,17.117117117117118
E00190416,105,24,5,19,81,71,10,22.857142857142858,4.761904761904762,18.095238095238095,77.14285714285715,67.61904761904762,9.523809523809524
E00190419,165,28,16,12,137,107,30,16.969696969696972,9.696969696969697,7.2727272727272725,83.03030303030303,64.84848484848484,18.181818181818183
E00190421,136,21,7,14,115,78,37,15.441176470588236,5.147058823529411,10.294117647058822,84.55882352941177,57.35294117647059,27.205882352941174
E00190422,75,24,12,12,51,35,16,32,16,16,68,46.666666666666664,21.333333333333336
E00190425,119,26,15,11,93,75,18,21.84873949579832,12.605042016806722,9.243697478991598,78.15126050420169,63.02521008403361,15.126050420168067
E00190430,204,44,21,23,160,105,55,21.568627450980394,10.294117647058822,11.27450980392157,78.43137254901961,51.470588235294116,26.96078431372549
E00190431,140,25,9,16,115,101,14,17.857142857142858,6.428571428571428,11.428571428571429,82.14285714285714,72.14285714285714,10
E00190436,102,32,13,19,70,62,8,31.372549019607842,12.745098039215685,18.627450980392158,68.62745098039215,60.78431372549019,7.8431372549019605
E00190439,104,47,17,30,57,44,13,45.19230769230769,16.346153846153847,28.846153846153843,54.807692307692314,42.30769230769231,12.5
E00190441,88,26,12,14,62,33,29,29.545454545454547,13.636363636363635,15.909090909090908,70.45454545454545,37.5,32.95454545454545
E00190444,72,15,4,11,57,34,23,20.833333333333336,5.555555555555555,15.277777777777779,79.16666666666666,47.22222222222222,31.944444444444443
E00190452,134,37,11,26,97,73,24,27.611940298507463,8.208955223880597,19.402985074626866,72.38805970149254,54.47761194029851,17.91044776119403
E00190456,89,26,19,7,63,46,17,29.213483146067414,21.34831460674157,7.865168539325842,70.78651685393258,51.68539325842697,19.101123595505616
E00190457,138,36,17,19,102,80,22,26.08695652173913,12.318840579710146,13.768115942028986,73.91304347826086,57.971014492753625,15.942028985507244
E00190461,60,11,5,6,49,37,12,18.333333333333332,8.333333333333332,10,81.66666666666667,61.66666666666667,20
E00190469,121,48,23,25,73,53,20,39.66942148760331,19.00826446280992,20.66115702479339,60.33057851239669,43.80165289256198,16.528925619834713
