OA,ts0590001,ts0590002,ts0590003,ts0590004,ts0590005,ts0590006,ts0590007,ts0590002_PCT,ts0590003_PCT,ts0590004_PCT,ts0590005_PCT,ts0590006_PCT,ts0590007_PCT
E00001591,162,64,26,38,98,82,16,39.50617283950617,16.049382716049383,23.456790123456788,60.49382716049383,50.617283950617285,9.876543209876543
E00001592,180,41,16,25,139,118,21,22.77777777777778,8.88888888888889,13.88888888888889,77.22222222222223,65.55555555555556,11.666666666666666
E00001593,118,38,13,25,80,71,9,32.20338983050847,11.016949152542372,21.1864406779661,67.79661016949152,60.16949152542372,7.627118644067797
E00001594,162,51,16,35,111,93,18,31.48148148148148,9.876543209876543,21.604938271604937,68.51851851851852,57.407407407407405,11.11111111111111
E00001595,115,26,9,17,89,70,19,22.608695652173914,7.82608695652174,14.782608695652174,77.39130434782608,60.86956521739131,16.52173913043478
E00001596,213,64,27,37,149,128,21,30.046948356807512,12.676056338028168,17.370892018779344,69.95305164319248,60.093896713615024,9.859154929577464
E00001597,144,39,18,21,105,100,5,27.083333333333332,12.5,14.583333333333334,72.91666666666666,69.44444444444444,3.4722222222222223
E00001598,192,47,15,32,145,123,22,24.479166666666664,7.8125,16.666666666666664,75.52083333333334,64.0625,11.458333333333332
E00001599,137,45,12,33,92,77,15,32.846715328467155,8.75912408759124,24.087591240875913,67.15328467153284,56.20437956204379,10.948905109489052
E00001600,150,40,13,27,110,88,22,26.666666666666668,8.666666666666668,18,73.33333333333333,58.666666666666664,14.666666666666666
E00001601,163,37,16,21,126,112,14,22.699386503067483,9.815950920245399,12.883435582822086,77.30061349693251,68.71165644171779,8.588957055214724
E00001602,167,62,18,44,105,81,24,37.12574850299401,10.778443113772456,26.34730538922156,62.874251497005986,48.50299401197605,14.37125748502994
E00001603,158,43,12,31,115,104,11,27.21518987341772,7.59493670886076,19.62025316455696,72.78481012658227,65.82278481012658,6.962025316455696
E00001604,182,39,15,24,143,128,15,21.428571428571427,8.241758241758241,13.186813186813188,78.57142857142857,70.32967032967034,8.241758241758241
E00001605,171,35,14,21,136,120,16,20.46783625730994,8.187134502923977,12.280701754385964,79.53216374269006,70.17543859649122,9.35672514619883
E00001606,167,38,15,23,129,112,17,22.75449101796407,8.982035928143713,13.77245508982036,77.24550898203593,67.06586826347305,10.179640718562874
E00001607,192,48,22,26,144,131,13,25,11.458333333333332,13.541666666666666,75,68.22916666666666,6.770833333333333
E00001608,180,44,17,27,136,120,16,24.444444444444443,9.444444444444445,15,75.55555555555556,66.66666666666666,8.88888888888889
E00001609,118,34,14,20,84,75,9,28.8135593220339,11.864406779661017,16.94915254237288,71.1864406779661,63.559322033898304,7.627118644067797
E00001610,171,40,12,28,131,109,22,23.391812865497073,7.017543859649122,16.374269005847953,76.60818713450293,63.74269005847953,12.865497076023392
E00001611,172,58,27,31,114,100,14,33.72093023255814,15.69767441860465,18.023255813953487,66.27906976744185,58.139534883720934,8.13953488372093
E00001612,164,39,9,30,125,116,9,23.78048780487805,5.487804878048781,18.29268292682927,76.21951219512195,70.73170731707317,5.487804878048781
E00001613,185,51,19,32,134,117,17,27.56756756756757,10.27027027027027,17.2972972972973,72.43243243243244,63.24324324324324,9.18918918918919
E00001614,136,36,12,24,100,82,18,26.47058823529412,8.823529411764707,17.647058823529413,73.52941176470588,60.29411764705882,13.23529411764706
E00001615,126,44,12,32,82,66,16,34.92063492063492,9.523809523809524,25.396825396825395,65.07936507936508,52.38095238095239,12.698412698412698
E00001616,151,46,12,34,105,89,16,30.4635761589404,7.9470198675496695,22.516556291390728,69.5364238410596,58.94039735099338,10.596026490066226
E00001617,100,32,8,24,68,53,15,32,8,24,68,53,15
E00001618,270,60,25,35,210,178,32,22.22222222222222,9.25925925925926,12.962962962962962,77.77777777777779,65.92592592592592,11.851851851851853
E00001619,171,41,13,28,130,107,23,23.976608187134502,7.602339181286549,16.374269005847953,76.0233918128655,62.57309941520468,13.450292397660817
E00001620,129,32,11,21,97,81,16,24.8062015503876,8.527131782945736,16.27906976744186,75.1937984496124,62.7906976744186,12.4031007751938
E00001621,131,38,11,27,93,75,18,29.00763358778626,8.396946564885496,20.610687022900763,70.99236641221374,57.25190839694656,13.740458015267176
E00001622,159,55,21,34,104,87,17,34.59119496855346,13.20754716981132,21.38364779874214,65.40880503144653,54.71698113207547,10.69182389937107
E00001623,97,27,11,16,70,64,6,27.835051546391753,11.34020618556701,16.49484536082474,72.16494845360825,65.97938144329896,6.185567010309279
E00001624,130,42,16,26,88,75,13,32.30769230769231,12.307692307692308,20,67.6923076923077,57.692307692307686,10
E00001625,64,13,6,7,51,43,8,20.3125,9.375,10.9375,79.6875,67.1875,12.5
E00001626,165,50,14,36,115,96,19,30.303030303030305,8.484848484848486,21.818181818181817,69.6969696969697,58.18181818181818,11.515151515151516
E00001627,185,42,9,33,143,128,15,22.702702702702705,4.864864864864865,17.83783783783784,77.29729729729729,69.1891891891892,8.108108108108109
E00001628,166,33,12,21,133,108,25,19.879518072289155,7.228915662650602,12.650602409638553,80.12048192771084,65.06024096385542,15.060240963855422
E00001629,136,36,16,20,100,90,10,26.47058823529412,11.76470588235294,14.705882352941178,73.52941176470588,66.17647058823529,7.352941176470589
E00001630,181,58,20,38,123,108,15,32.04419889502763,11.049723756906078,20.994475138121548,67.95580110497238,59.66850828729282,8.287292817679557
E00001631,181,51,29,22,130,109,21,28.176795580110497,16.022099447513813,12.154696132596685,71.8232044198895,60.22099447513812,11.602209944751381
E00001633,174,45,17,28,129,118,11,25.862068965517242,9.770114942528735,16.091954022988507,74.13793103448276,67.81609195402298,6.321839080459771
E00001634,133,34,13,21,99,91,8,25.563909774436087,9.774436090225564,15.789473684210526,74.43609022556392,68.42105263157895,6.015037593984962
E00001635,213,59,15,44,154,141,13,27.699530516431924,7.042253521126761,20.657276995305164,72.30046948356808,66.19718309859155,6.103286384976526
E00001636,134,31,12,19,103,93,10,23.134328358208954,8.955223880597014,14.17910447761194,76.86567164179104,69.40298507462687,7.462686567164178
E00001637,152,47,19,28,105,95,10,30.92105263157895,12.5,18.421052631578945,69.07894736842105,62.5,6.578947368421052
E00001638,204,64,17,47,140,124,16,31.372549019607842,8.333333333333332,23.03921568627451,68.62745098039215,60.78431372549019,7.8431372549019605
E00001639,131,36,10,26,95,87,8,27.480916030534353,7.633587786259542,19.84732824427481,72.51908396946564,66.41221374045801,6.106870229007633
E00001640,201,45,12,33,156,141,15,22.388059701492537,5.970149253731343,16.417910447761194,77.61194029850746,70.1492537313433,7.462686567164178
E00001641,91,38,16,22,53,42,11,41.75824175824176,17.582417582417584,24.175824175824175,58.24175824175825,46.15384615384615,12.087912087912088
E00001642,182,46,14,32,136,122,14,25.274725274725274,7.6923076923076925,17.582417582417584,74.72527472527473,67.03296703296702,7.6923076923076925
E00001643,187,48,10,38,139,122,17,25.668449197860966,5.347593582887701,20.32085561497326,74.33155080213903,65.24064171122996,9.090909090909092
E00001644,169,52,15,37,117,93,24,30.76923076923077,8.875739644970414,21.893491124260358,69.23076923076923,55.02958579881657,14.201183431952662
E00001645,187,52,17,35,135,122,13,27.807486631016044,9.090909090909092,18.71657754010695,72.19251336898395,65.24064171122996,6.951871657754011
E00001646,150,37,7,30,113,96,17,24.666666666666668,4.666666666666667,20,75.33333333333333,64,11.333333333333332
E00001647,223,55,16,39,168,144,24,24.663677130044842,7.174887892376682,17.48878923766816,75.33632286995515,64.57399103139014,10.762331838565023
E00001648,140,33,9,24,107,96,11,23.57142857142857,6.428571428571428,17.142857142857142,76.42857142857142,68.57142857142857,7.857142857142857
E00001649,203,38,18,20,165,146,19,18.7192118226601,8.866995073891626,9.852216748768473,81.2807881773399,71.92118226600985,9.35960591133005
E00001650,143,37,11,26,106,90,16,25.874125874125873,7.6923076923076925,18.181818181818183,74.12587412587412,62.93706293706294,11.188811188811188
E00001651,154,29,6,23,125,101,24,18.83116883116883,3.896103896103896,14.935064935064934,81.16883116883116,65.5844155844156,15.584415584415584
E00001652,179,45,19,26,134,109,25,25.139664804469277,10.614525139664805,14.52513966480447,74.86033519553072,60.893854748603346,13.966480446927374
E00001653,160,47,18,29,113,95,18,29.375,11.25,18.125,70.625,59.375,11.25
E00001654,166,46,14,32,120,102,18,27.710843373493976,8.433734939759036,19.27710843373494,72.28915662650603,61.44578313253012,10.843373493975903
E00001655,158,49,17,32,109,103,6,31.0126582278481,10.759493670886076,20.253164556962027,68.9873417721519,65.18987341772153,3.79746835443038
E00001656,116,36,13,23,80,67,13,31.03448275862069,11.206896551724139,19.82758620689655,68.96551724137932,57.758620689655174,11.206896551724139
E00001657,86,26,10,16,60,51,9,30.23255813953488,11.627906976744185,18.6046511627907,69.76744186046511,59.30232558139535,10.465116279069768
E00001658,133,41,11,30,92,79,13,30.82706766917293,8.270676691729323,22.55639097744361,69.17293233082707,59.3984962406015,9.774436090225564
E00001659,166,53,23,30,113,89,24,31.92771084337349,13.855421686746988,18.072289156626507,68.07228915662651,53.6144578313253,14.457831325301203
E00001660,167,45,16,29,122,104,18,26.94610778443114,9.580838323353294,17.365269461077844,73.05389221556887,62.27544910179641,10.778443113772456
E00001661,171,40,19,21,131,112,19,23.391812865497073,11.11111111111111,12.280701754385964,76.60818713450293,65.49707602339181,11.11111111111111
E00001662,156,41,14,27,115,98,17,26.282051282051285,8.974358974358974,17.307692307692307,73.71794871794873,62.82051282051282,10.897435897435898
E00001663,139,44,16,28,95,77,18,31.654676258992804,11.510791366906476,20.14388489208633,68.34532374100719,55.39568345323741,12.949640287769784
E00001664,179,42,17,25,137,110,27,23.463687150837988,9.497206703910614,13.966480446927374,76.53631284916202,61.452513966480446,15.083798882681565
E00001665,160,47,20,27,113,94,19,29.375,12.5,16.875,70.625,58.75,11.875
E00001666,198,44,18,26,154,134,20,22.22222222222222,9.090909090909092,13.131313131313133,77.77777777777779,67.67676767676768,10.1010101010101
E00001667,194,46,23,23,148,128,20,23.711340206185564,11.855670103092782,11.855670103092782,76.28865979381443,65.97938144329896,10.309278350515463
E00001668,178,57,14,43,121,109,12,32.02247191011236,7.865168539325842,24.15730337078652,67.97752808988764,61.23595505617978,6.741573033707865
E00001669,184,58,24,34,126,103,23,31.521739130434785,13.043478260869565,18.478260869565215,68.47826086956522,55.97826086956522,12.5
E00001670,131,35,13,22,96,88,8,26.717557251908396,9.923664122137405,16.793893129770993,73.2824427480916,67.17557251908397,6.106870229007633
E00001671,142,32,7,25,110,101,9,22.535211267605636,4.929577464788732,17.6056338028169,77.46478873239437,71.12676056338029,6.338028169014084
E00001672,117,35,11,24,82,73,9,29.914529914529915,9.401709401709402,20.51282051282051,70.08547008547008,62.39316239316239,7.6923076923076925
E00001673,171,40,14,26,131,113,18,23.391812865497073,8.187134502923977,15.204678362573098,76.60818713450293,66.08187134502924,10.526315789473683
E00001674,187,50,17,33,137,120,17,26.737967914438503,9.090909090909092,17.647058823529413,73.2620320855615,64.171122994652407,9.090909090909092
E00001675,172,39,17,22,133,123,10,22.674418604651162,9.883720930232558,12.790697674418606,77.32558139534885,71.51162790697676,5.813953488372093
E00001676,187,51,17,34,136,115,21,27.27272727272727,9.090909090909092,18.181818181818183,72.72727272727273,61.49732620320856,11.229946524064172
E00001677,122,40,13,27,82,70,12,32.78688524590164,10.655737704918032,22.131147540983605,67.21311475409836,57.377049180327866,9.836065573770492
E00001678,215,70,27,43,145,122,23,32.55813953488372,12.558139534883722,20,67.44186046511628,56.74418604651162,10.69767441860465
E00001679,143,36,15,21,107,92,15,25.174825174825177,10.48951048951049,14.685314685314685,74.82517482517483,64.33566433566433,10.48951048951049
E00001680,149,38,16,22,111,102,9,25.503355704697988,10.738255033557047,14.76510067114094,74.49664429530202,68.45637583892618,6.0402684563758395
E00001681,191,51,21,30,140,116,24,26.701570680628272,10.99476439790576,15.706806282722512,73.29842931937172,60.73298429319372,12.56544502617801
E00001682,187,62,23,39,125,103,22,33.155080213903744,12.299465240641712,20.855614973262032,66.84491978609626,55.080213903743314,11.76470588235294
E00001683,157,39,18,21,118,101,17,24.840764331210192,11.464968152866243,13.375796178343949,75.15923566878982,64.3312101910828,10.828025477707007
E00001684,78,34,10,24,44,37,7,43.58974358974359,12.82051282051282,30.76923076923077,56.41025641025641,47.43589743589743,8.974358974358974
E00001685,195,60,27,33,135,115,20,30.76923076923077,13.846153846153847,16.923076923076923,69.23076923076923,58.97435897435898,10.256410256410255
E00001686,166,47,20,27,119,106,13,28.313253012048197,12.048192771084338,16.265060240963855,71.6867469879518,63.85542168674698,7.83132530120482
E00001687,136,37,14,23,99,81,18,27.205882352941174,10.294117647058822,16.911764705882355,72.79411764705883,59.55882352941176,13.23529411764706
E00001688,74,27,8,19,47,39,8,36.486486486486484,10.81081081081081,25.675675675675674,63.51351351351351,52.702702702702695,10.81081081081081
E00001689,174,54,19,35,120,93,27,31.03448275862069,10.919540229885058,20.114942528735632,68.96551724137932,53.44827586206896,15.517241379310345
E00001690,107,34,13,21,73,62,11,31.775700934579437,12.149532710280374,19.626168224299064,68.22429906542055,57.943925233644855,10.2803738317757
E00001691,180,56,17,39,124,101,23,31.11111111111111,9.444444444444445,21.666666666666668,68.88888888888889,56.111111111111114,12.777777777777777
E00001692,193,58,28,30,135,118,17,30.05181347150259,14.507772020725387,15.544041450777202,69.94818652849742,61.13989637305699,8.808290155440414
E00001693,156,48,20,28,108,100,8,30.76923076923077,12.82051282051282,17.94871794871795,69.23076923076923,64.1025641025641,5.128205128205128
E00001694,188,59,23,36,129,115,14,31.382978723404253,12.23404255319149,19.148936170212767,68.61702127659575,61.170212765957444,7.446808510638298
E00001695,201,54,19,35,147,120,27,26.865671641791046,9.45273631840796,17.412935323383085,73.13432835820896,59.70149253731343,13.432835820895523
E00001696,166,51,14,37,115,106,9,30.72289156626506,8.433734939759036,22.289156626506024,69.27710843373494,63.85542168674698,5.421686746987952
E00001697,132,36,15,21,96,81,15,27.27272727272727,11.363636363636363,15.909090909090908,72.72727272727273,61.36363636363637,11.363636363636363
E00001698,157,49,19,30,108,101,7,31.210191082802545,12.101910828025478,19.10828025477707,68.78980891719745,64.3312101910828,4.45859872611465
E00001699,201,62,18,44,139,112,27,30.845771144278604,8.955223880597014,21.890547263681594,69.15422885572139,55.72139303482587,13.432835820895523
E00001700,188,56,14,42,132,116,16,29.78723404255319,7.446808510638298,22.340425531914892,70.2127659574468,61.702127659574465,8.51063829787234
E00001701,190,55,23,32,135,113,22,28.947368421052634,12.105263157894736,16.842105263157894,71.05263157894737,59.473684210526315,11.578947368421053
E00001702,129,39,14,25,90,75,15,30.23255813953488,10.852713178294573,19.379844961240313,69.76744186046511,58.139534883720934,11.627906976744185
E00001703,156,37,12,25,119,109,10,23.717948717948715,7.6923076923076925,16.025641025641026,76.28205128205127,69.87179487179486,6.41025641025641
E00001704,144,30,9,21,114,100,14,20.833333333333336,6.25,14.583333333333334,79.16666666666666,69.44444444444444,9.722222222222223
E00001705,139,41,15,26,98,84,14,29.496402877697843,10.79136690647482,18.705035971223023,70.50359712230215,60.431654676258994,10.071942446043165
E00001706,148,43,17,26,105,92,13,29.054054054054053,11.486486486486488,17.56756756756757,70.94594594594594,62.16216216216216,8.783783783783784
E00001707,170,45,10,35,125,112,13,26.47058823529412,5.88235294117647,20.588235294117645,73.52941176470588,65.88235294117646,7.647058823529412
E00001708,137,37,11,26,100,94,6,27.00729927007299,8.02919708029197,18.97810218978102,72.99270072992701,68.61313868613139,4.37956204379562
E00001709,166,48,18,30,118,102,16,28.915662650602407,10.843373493975903,18.072289156626507,71.08433734939759,61.44578313253012,9.63855421686747
E00001710,78,20,9,11,58,52,6,25.64102564102564,11.538461538461538,14.102564102564102,74.35897435897436,66.66666666666666,7.6923076923076925
E00001711,176,46,16,30,130,107,23,26.136363636363637,9.090909090909092,17.045454545454543,73.86363636363636,60.79545454545454,13.068181818181818
E00001712,168,48,15,33,120,103,17,28.57142857142857,8.928571428571429,19.642857142857142,71.42857142857143,61.30952380952381,10.119047619047619
E00001713,133,41,18,23,92,70,22,30.82706766917293,13.533834586466165,17.293233082706767,69.17293233082707,52.63157894736842,16.541353383458645
E00001714,186,40,12,28,146,128,18,21.50537634408602,6.451612903225806,15.053763440860216,78.49462365591397,68.81720430107528,9.67741935483871
E00001715,157,36,14,22,121,97,24,22.929936305732486,8.9171974522293,14.012738853503185,77.07006369426752,61.78343949044586,15.286624203821656
E00001716,202,61,28,33,141,115,26,30.198019801980198,13.861386138613863,16.33663366336634,69.80198019801979,56.930693069306926,12.871287128712872
E00001717,157,39,23,16,118,102,16,24.840764331210192,14.64968152866242,10.191082802547772,75.15923566878982,64.96815286624204,10.191082802547772
E00001718,192,48,21,27,144,128,16,25,10.9375,14.0625,75,66.66666666666666,8.333333333333332
E00001719,169,36,16,20,133,118,15,21.301775147928996,9.467455621301776,11.834319526627219,78.69822485207101,69.8224852071006,8.875739644970414
E00001720,164,43,13,30,121,104,17,26.21951219512195,7.926829268292683,18.29268292682927,73.78048780487805,63.41463414634146,10.365853658536585
E00001721,175,44,15,29,131,109,22,25.142857142857146,8.571428571428571,16.57142857142857,74.85714285714286,62.28571428571429,12.571428571428573
E00001722,183,48,18,30,135,120,15,26.229508196721312,9.836065573770492,16.39344262295082,73.77049180327869,65.57377049180327,8.19672131147541
E00001723,214,64,20,44,150,126,24,29.906542056074763,9.345794392523365,20.5607476635514,70.09345794392523,58.87850467289719,11.214953271028037
E00001724,206,56,11,45,150,129,21,27.184466019417474,5.339805825242718,21.844660194174757,72.81553398058253,62.62135922330098,10.194174757281553
E00001725,224,62,26,36,162,135,27,27.67857142857143,11.607142857142858,16.071428571428573,72.32142857142857,60.26785714285714,12.053571428571429
E00001726,158,52,19,33,106,89,17,32.91139240506329,12.025316455696203,20.88607594936709,67.08860759493672,56.32911392405063,10.759493670886076
E00001727,179,44,9,35,135,120,15,24.581005586592177,5.027932960893855,19.553072625698324,75.41899441340783,67.0391061452514,8.379888268156424
E00001728,164,45,19,26,119,102,17,27.439024390243905,11.585365853658537,15.853658536585366,72.5609756097561,62.19512195121951,10.365853658536585
E00001729,155,54,25,29,101,88,13,34.83870967741935,16.129032258064516,18.70967741935484,65.16129032258064,56.774193548387096,8.38709677419355
E00001730,186,49,15,34,137,121,16,26.344086021505376,8.064516129032258,18.27956989247312,73.65591397849462,65.05376344086021,8.60215053763441
E00001731,161,34,16,18,127,117,10,21.11801242236025,9.937888198757763,11.180124223602485,78.88198757763976,72.67080745341616,6.211180124223603
E00001732,164,37,10,27,127,112,15,22.5609756097561,6.097560975609756,16.463414634146343,77.4390243902439,68.29268292682927,9.146341463414634
E00001733,157,40,18,22,117,100,17,25.477707006369428,11.464968152866243,14.012738853503185,74.52229299363057,63.69426751592356,10.828025477707007
E00001734,157,36,11,25,121,100,21,22.929936305732486,7.006369426751593,15.92356687898089,77.07006369426752,63.69426751592356,13.375796178343949
E00001735,156,42,19,23,114,100,14,26.923076923076923,12.179487179487179,14.743589743589745,73.07692307692307,64.1025641025641,8.974358974358974
E00001736,141,36,16,20,105,93,12,25.53191489361702,11.347517730496454,14.184397163120568,74.46808510638297,65.95744680851064,8.51063829787234
E00001737,96,28,8,20,68,62,6,29.166666666666668,8.333333333333332,20.833333333333336,70.83333333333334,64.58333333333334,6.25
E00001738,158,37,9,28,121,106,15,23.417721518987342,5.69620253164557,17.72151898734177,76.58227848101265,67.08860759493672,9.49367088607595
E00001739,149,32,11,21,117,96,21,21.476510067114095,7.38255033557047,14.093959731543624,78.52348993288591,64.42953020134227,14.093959731543624
E00001740,152,47,16,31,105,85,20,30.92105263157895,10.526315789473683,20.394736842105264,69.07894736842105,55.92105263157895,13.157894736842104
E00001741,164,37,14,23,127,103,24,22.5609756097561,8.536585365853659,14.02439024390244,77.4390243902439,62.80487804878049,14.634146341463413
E00001742,198,56,9,47,142,112,30,28.28282828282828,4.545454545454546,23.737373737373737,71.71717171717171,56.56565656565656,15.151515151515152
E00001743,125,33,17,16,92,73,19,26.400000000000002,13.600000000000001,12.8,73.6,58.4,15.2
E00001744,126,36,9,27,90,75,15,28.57142857142857,7.142857142857142,21.428571428571427,71.42857142857143,59.523809523809526,11.904761904761903
E00001745,162,48,12,36,114,99,15,29.629629629629626,7.4074074074074066,22.22222222222222,70.37037037037037,61.111111111111114,9.25925925925926
E00001746,144,33,13,20,111,97,14,22.916666666666664,9.027777777777777,13.88888888888889,77.08333333333334,67.36111111111111,9.722222222222223
E00001747,121,30,9,21,91,85,6,24.793388429752067,7.43801652892562,17.355371900826448,75.20661157024794,70.24793388429752,4.958677685950414
E00001748,158,28,9,19,130,112,18,17.72151898734177,5.69620253164557,12.025316455696203,82.27848101265823,70.88607594936708,11.39240506329114
E00001749,123,37,16,21,86,69,17,30.081300813008134,13.008130081300814,17.073170731707318,69.91869918699187,56.09756097560976,13.821138211382115
E00001750,128,38,10,28,90,80,10,29.6875,7.8125,21.875,70.3125,62.5,7.8125
E00001751,155,44,14,30,111,89,22,28.387096774193548,9.032258064516128,19.35483870967742,71.61290322580646,57.41935483870968,14.193548387096774
E00001752,183,49,18,31,134,125,9,26.775956284153008,9.836065573770492,16.939890710382514,73.224043715847,68.30601092896174,4.918032786885246
E00001753,117,26,10,16,91,84,7,22.22222222222222,8.547008547008547,13.675213675213676,77.77777777777779,71.7948717948718,5.982905982905983
E00001754,130,40,19,21,90,79,11,30.76923076923077,14.615384615384617,16.153846153846153,69.23076923076923,60.76923076923077,8.461538461538462
E00001755,103,30,9,21,73,66,7,29.126213592233007,8.737864077669903,20.388349514563107,70.87378640776699,64.07766990291263,6.796116504854369
E00001756,152,46,15,31,106,92,14,30.263157894736842,9.868421052631579,20.394736842105264,69.73684210526315,60.526315789473685,9.210526315789473
E00001757,113,27,10,17,86,75,11,23.893805309734514,8.849557522123893,15.04424778761062,76.10619469026548,66.3716814159292,9.734513274336283
E00001758,183,53,22,31,130,109,21,28.96174863387978,12.021857923497267,16.939890710382514,71.03825136612022,59.56284153005464,11.475409836065573
E00001759,185,66,28,38,119,94,25,35.67567567567568,15.135135135135137,20.54054054054054,64.32432432432432,50.810810810810814,13.513513513513514
E00001760,143,54,23,31,89,70,19,37.76223776223776,16.083916083916083,21.678321678321677,62.23776223776224,48.95104895104895,13.286713286713287
E00001761,158,52,21,31,106,86,20,32.91139240506329,13.291139240506327,19.62025316455696,67.08860759493672,54.43037974683544,12.658227848101266
E00001762,137,37,18,19,100,84,16,27.00729927007299,13.138686131386862,13.86861313868613,72.99270072992701,61.31386861313869,11.678832116788321
E00001763,158,47,19,28,111,100,11,29.746835443037973,12.025316455696203,17.72151898734177,70.25316455696202,63.29113924050633,6.962025316455696
E00001764,170,39,12,27,131,122,9,22.941176470588236,7.0588235294117645,15.88235294117647,77.05882352941177,71.76470588235294,5.294117647058823
E00001765,168,55,21,34,113,96,17,32.73809523809524,12.5,20.238095238095237,67.26190476190477,57.14285714285714,10.119047619047619
E00001766,165,39,14,25,126,104,22,23.636363636363637,8.484848484848486,15.151515151515152,76.36363636363637,63.030303030303024,13.333333333333334
E00001767,161,37,12,25,124,98,26,22.981366459627328,7.453416149068323,15.527950310559005,77.01863354037268,60.86956521739131,16.149068322981368
E00001768,201,48,20,28,153,135,18,23.88059701492537,9.950248756218906,13.930348258706468,76.11940298507463,67.16417910447761,8.955223880597014
E00001769,145,40,16,24,105,91,14,27.586206896551722,11.03448275862069,16.551724137931036,72.41379310344827,62.758620689655174,9.655172413793103
E00001770,136,44,13,31,92,82,10,32.35294117647059,9.558823529411764,22.794117647058822,67.64705882352942,60.29411764705882,7.352941176470589
E00001771,121,31,11,20,90,77,13,25.6198347107438,9.090909090909092,16.528925619834713,74.3801652892562,63.63636363636363,10.743801652892563
E00001772,213,43,13,30,170,150,20,20.187793427230048,6.103286384976526,14.084507042253522,79.81220657276995,70.4225352112676,9.389671361502346
E00001773,209,61,19,42,148,128,20,29.1866028708134,9.090909090909092,20.095693779904305,70.81339712918661,61.24401913875598,9.569377990430622
E00001774,216,48,22,26,168,139,29,22.22222222222222,10.185185185185185,12.037037037037036,77.77777777777779,64.35185185185185,13.425925925925927
E00001775,197,54,22,32,143,123,20,27.411167512690355,11.16751269035533,16.243654822335024,72.58883248730965,62.43654822335025,10.152284263959391
E00001776,227,70,18,52,157,133,24,30.837004405286343,7.929515418502203,22.90748898678414,69.16299559471366,58.590308370044056,10.572687224669604
E00001777,167,51,23,28,116,98,18,30.538922155688624,13.77245508982036,16.766467065868262,69.46107784431138,58.68263473053892,10.778443113772456
E00001778,157,50,20,30,107,92,15,31.84713375796178,12.738853503184714,19.10828025477707,68.15286624203821,58.59872611464968,9.554140127388536
E00001779,173,47,13,34,126,106,20,27.167630057803464,7.514450867052023,19.653179190751445,72.83236994219652,61.27167630057804,11.560693641618498
E00001780,136,40,18,22,96,74,22,29.411764705882355,13.23529411764706,16.176470588235293,70.58823529411765,54.41176470588235,16.176470588235293
E00001781,145,42,15,27,103,88,15,28.965517241379313,10.344827586206897,18.620689655172416,71.03448275862068,60.689655172413794,10.344827586206897
E00001782,107,36,10,26,71,60,11,33.64485981308411,9.345794392523365,24.299065420560748,66.35514018691589,56.074766355140184,10.2803738317757
E00001783,121,46,25,21,75,63,12,38.01652892561984,20.66115702479339,17.355371900826448,61.98347107438017,52.066115702479344,9.917355371900827
E00001784,146,37,12,25,109,97,12,25.34246575342466,8.21917808219178,17.123287671232877,74.65753424657534,66.43835616438356,8.21917808219178
E00001785,175,52,14,38,123,105,18,29.714285714285715,8,21.714285714285715,70.28571428571428,60,10.285714285714285
E00001786,182,56,28,28,126,103,23,30.76923076923077,15.384615384615385,15.384615384615385,69.23076923076923,56.59340659340659,12.637362637362637
E00001788,148,40,11,29,108,80,28,27.027027027027028,7.4324324324324325,19.594594594594593,72.97297297297297,54.054054054054056,18.91891891891892
E00001789,148,43,16,27,105,90,15,29.054054054054053,10.81081081081081,18.243243243243242,70.94594594594594,60.810810810810814,10.135135135135135
E00001790,165,44,16,28,121,108,13,26.666666666666668,9.696969696969697,16.969696969696972,73.33333333333333,65.45454545454545,7.878787878787878
E00001791,142,41,15,26,101,86,15,28.87323943661972,10.56338028169014,18.30985915492958,71.12676056338029,60.56338028169014,10.56338028169014
E00001792,215,64,21,43,151,126,25,29.767441860465116,9.767441860465116,20,70.23255813953489,58.6046511627907,11.627906976744185
E00001793,224,63,23,40,161,133,28,28.125,10.267857142857142,17.857142857142858,71.875,59.375,12.5
E00001794,179,40,16,24,139,117,22,22.3463687150838,8.938547486033519,13.40782122905028,77.6536312849162,65.36312849162012,12.290502793296088
E00001795,132,37,18,19,95,83,12,28.030303030303028,13.636363636363635,14.393939393939394,71.96969696969697,62.878787878787875,9.090909090909092
E00001796,178,47,13,34,131,115,16,26.40449438202247,7.303370786516854,19.101123595505616,73.59550561797754,64.60674157303372,8.98876404494382
E00001797,144,37,11,26,107,95,12,25.694444444444443,7.638888888888889,18.055555555555554,74.30555555555556,65.97222222222221,8.333333333333332
E00001798,141,50,22,28,91,80,11,35.46099290780142,15.602836879432624,19.858156028368796,64.53900709219859,56.73758865248227,7.801418439716312
E00001799,150,51,19,32,99,92,7,34,12.666666666666668,21.333333333333336,66,61.33333333333333,4.666666666666667
E00001800,165,39,10,29,126,100,26,23.636363636363637,6.0606060606060606,17.575757575757574,76.36363636363637,60.60606060606061,15.757575757575756
E00001802,165,41,16,25,124,116,8,24.848484848484848,9.696969696969697,15.151515151515152,75.15151515151514,70.3030303030303,4.848484848484849
E00001803,160,49,19,30,111,103,8,30.625000000000004,11.875,18.75,69.375,64.375,5
E00001804,108,36,14,22,72,60,12,33.33333333333333,12.962962962962962,20.37037037037037,66.66666666666666,55.55555555555556,11.11111111111111
E00001805,149,45,19,26,104,99,5,30.201342281879196,12.751677852348994,17.449664429530202,69.79865771812081,66.44295302013423,3.3557046979865772
E00001806,179,42,13,29,137,124,13,23.463687150837988,7.262569832402235,16.201117318435752,76.53631284916202,69.27374301675978,7.262569832402235
E00001807,189,57,14,43,132,121,11,30.158730158730158,7.4074074074074066,22.75132275132275,69.84126984126983,64.02116402116403,5.82010582010582
E00001808,138,48,13,35,90,73,17,34.78260869565217,9.420289855072465,25.36231884057971,65.21739130434783,52.89855072463768,12.318840579710146
E00001809,162,42,12,30,120,103,17,25.925925925925924,7.4074074074074066,18.51851851851852,74.07407407407408,63.580246913580254,10.493827160493826
E00001810,196,46,16,30,150,129,21,23.46938775510204,8.16326530612245,15.306122448979592,76.53061224489795,65.81632653061224,10.714285714285714
E00001811,162,37,10,27,125,114,11,22.839506172839506,6.172839506172839,16.666666666666664,77.1604938271605,70.37037037037037,6.790123456790123
E00001812,159,43,15,28,116,95,21,27.044025157232703,9.433962264150944,17.61006289308176,72.95597484276729,59.74842767295597,13.20754716981132
E00001813,153,40,10,30,113,102,11,26.143790849673206,6.535947712418301,19.607843137254903,73.8562091503268,66.66666666666666,7.18954248366013
E00001814,147,40,12,28,107,94,13,27.2108843537415,8.16326530612245,19.047619047619047,72.78911564625851,63.94557823129252,8.843537414965986
E00001815,151,38,8,30,113,96,17,25.165562913907287,5.298013245033113,19.867549668874172,74.83443708609272,63.576158940397356,11.258278145695364
E00001816,113,30,9,21,83,73,10,26.548672566371685,7.964601769911504,18.58407079646018,73.45132743362832,64.60176991150442,8.849557522123893
E00001817,113,33,14,19,80,63,17,29.20353982300885,12.389380530973451,16.8141592920354,70.79646017699115,55.75221238938053,15.04424778761062
E00001818,201,63,25,38,138,115,23,31.343283582089555,12.437810945273633,18.90547263681592,68.65671641791045,57.2139303482587,11.442786069651742
E00001819,162,44,17,27,118,99,19,27.160493827160494,10.493827160493826,16.666666666666664,72.8395061728395,61.111111111111114,11.728395061728394
E00001820,156,40,14,26,116,97,19,25.64102564102564,8.974358974358974,16.666666666666664,74.35897435897436,62.17948717948718,12.179487179487179
E00001821,159,31,12,19,128,118,10,19.49685534591195,7.547169811320755,11.949685534591195,80.50314465408806,74.21383647798741,6.289308176100629
E00001822,206,56,13,43,150,135,15,27.184466019417474,6.310679611650485,20.87378640776699,72.81553398058253,65.53398058252428,7.281553398058252
E00001823,129,32,9,23,97,80,17,24.8062015503876,6.976744186046512,17.829457364341085,75.1937984496124,62.01550387596899,13.178294573643413
E00001824,177,46,17,29,131,113,18,25.98870056497175,9.6045197740113,16.38418079096045,74.01129943502825,63.84180790960452,10.16949152542373
E00001825,150,42,12,30,108,92,16,28.000000000000004,8,20,72,61.33333333333333,10.666666666666668
E00001826,56,23,12,11,33,27,6,41.07142857142857,21.428571428571427,19.642857142857142,58.92857142857143,48.214285714285715,10.714285714285714
E00001827,74,20,6,14,54,50,4,27.027027027027028,8.108108108108109,18.91891891891892,72.97297297297297,67.56756756756756,5.405405405405405
E00001828,140,28,8,20,112,99,13,20,5.714285714285714,14.285714285714285,80,70.71428571428572,9.285714285714286
E00001829,145,39,10,29,106,92,14,26.89655172413793,6.896551724137931,20,73.10344827586206,63.44827586206897,9.655172413793103
E00001830,145,49,17,32,96,87,9,33.793103448275865,11.724137931034482,22.06896551724138,66.20689655172414,60,6.206896551724138
E00001831,149,43,18,25,106,95,11,28.859060402684566,12.080536912751679,16.778523489932887,71.14093959731544,63.758389261744966,7.38255033557047
E00001832,182,49,15,34,133,112,21,26.923076923076923,8.241758241758241,18.681318681318682,73.07692307692307,61.53846153846154,11.538461538461538
E00001833,138,32,9,23,106,95,11,23.18840579710145,6.521739130434782,16.666666666666664,76.81159420289855,68.84057971014492,7.971014492753622
E00001834,254,63,26,37,191,163,28,24.803149606299215,10.236220472440944,14.566929133858267,75.19685039370079,64.1732283464567,11.023622047244094
E00001835,151,35,13,22,116,98,18,23.178807947019866,8.609271523178808,14.56953642384106,76.82119205298014,64.90066225165563,11.920529801324504
E00001836,217,64,19,45,153,131,22,29.493087557603687,8.755760368663594,20.737327188940093,70.50691244239631,60.36866359447005,10.138248847926267
E00001837,194,65,22,43,129,118,11,33.50515463917525,11.34020618556701,22.164948453608247,66.49484536082474,60.824742268041234,5.670103092783505
E00001838,202,48,20,28,154,135,19,23.762376237623762,9.900990099009901,13.861386138613863,76.23762376237624,66.83168316831683,9.405940594059405
E00001839,120,34,9,25,86,72,14,28.333333333333332,7.5,20.833333333333336,71.66666666666667,60,11.666666666666666
E00001840,151,37,14,23,114,100,14,24.503311258278146,9.271523178807946,15.2317880794702,75.49668874172185,66.22516556291392,9.271523178807946
E00001841,192,45,16,29,147,125,22,23.4375,8.333333333333332,15.104166666666666,76.5625,65.10416666666666,11.458333333333332
E00001843,126,39,11,28,87,71,16,30.952380952380953,8.73015873015873,22.22222222222222,69.04761904761905,56.34920634920635,12.698412698412698
E00001844,159,36,11,25,123,112,11,22.641509433962266,6.918238993710692,15.723270440251572,77.35849056603774,70.44025157232704,6.918238993710692
E00001845,95,29,10,19,66,59,7,30.526315789473685,10.526315789473683,20,69.47368421052632,62.10526315789474,7.368421052631578
E00001846,166,35,14,21,131,118,13,21.084337349397593,8.433734939759036,12.650602409638553,78.91566265060241,71.08433734939759,7.83132530120482
E00001847,199,40,16,24,159,139,20,20.100502512562816,8.040201005025125,12.060301507537687,79.89949748743719,69.84924623115577,10.050251256281408
E00001849,105,31,9,22,74,68,6,29.523809523809526,8.571428571428571,20.952380952380953,70.47619047619048,64.76190476190476,5.714285714285714
E00001851,146,36,18,18,110,106,4,24.65753424657534,12.32876712328767,12.32876712328767,75.34246575342466,72.6027397260274,2.73972602739726
E00001852,173,54,20,34,119,99,20,31.213872832369944,11.560693641618498,19.653179190751445,68.78612716763006,57.22543352601156,11.560693641618498
E00001853,170,34,13,21,136,119,17,20,7.647058823529412,12.352941176470589,80,70,10
E00001854,135,37,18,19,98,88,10,27.40740740740741,13.333333333333334,14.074074074074074,72.5925925925926,65.18518518518519,7.4074074074074066
E00001855,141,51,17,34,90,75,15,36.17021276595745,12.056737588652481,24.113475177304963,63.829787234042556,53.191489361702125,10.638297872340425
E00001856,156,59,20,39,97,83,14,37.82051282051282,12.82051282051282,25,62.17948717948718,53.205128205128204,8.974358974358974
E00001857,174,49,16,33,125,106,19,28.160919540229884,9.195402298850574,18.96551724137931,71.83908045977012,60.91954022988506,10.919540229885058
E00001858,115,41,17,24,74,62,12,35.65217391304348,14.782608695652174,20.869565217391305,64.34782608695652,53.91304347826087,10.434782608695652
E00001859,117,23,7,16,94,83,11,19.65811965811966,5.982905982905983,13.675213675213676,80.34188034188034,70.94017094017094,9.401709401709402
E00001860,110,30,6,24,80,75,5,27.27272727272727,5.454545454545454,21.818181818181817,72.72727272727273,68.18181818181817,4.545454545454546
E00001861,151,45,16,29,106,89,17,29.80132450331126,10.596026490066226,19.205298013245034,70.19867549668875,58.94039735099338,11.258278145695364
E00001862,153,53,10,43,100,79,21,34.64052287581699,6.535947712418301,28.104575163398692,65.359477124183,51.633986928104584,13.725490196078432
E00001864,146,41,16,25,105,91,14,28.08219178082192,10.95890410958904,17.123287671232877,71.91780821917808,62.328767123287676,9.58904109589041
E00001865,134,47,21,26,87,75,12,35.07462686567165,15.671641791044777,19.402985074626866,64.92537313432835,55.970149253731336,8.955223880597014
E00001866,145,46,12,34,99,90,9,31.724137931034484,8.275862068965518,23.448275862068964,68.27586206896552,62.06896551724138,6.206896551724138
E00001867,127,48,20,28,79,68,11,37.79527559055118,15.748031496062993,22.04724409448819,62.20472440944882,53.54330708661418,8.661417322834646
E00001868,169,37,14,23,132,113,19,21.893491124260358,8.284023668639055,13.609467455621301,78.10650887573965,66.86390532544378,11.242603550295858
E00001869,138,41,16,25,97,82,15,29.71014492753623,11.594202898550725,18.115942028985508,70.28985507246377,59.42028985507246,10.869565217391305
E00001870,159,42,12,30,117,107,10,26.41509433962264,7.547169811320755,18.867924528301888,73.58490566037736,67.29559748427673,6.289308176100629
E00001871,128,38,13,25,90,77,13,29.6875,10.15625,19.53125,70.3125,60.15625,10.15625
E00001872,125,42,14,28,83,74,9,33.6,11.200000000000001,22.400000000000002,66.4,59.199999999999996,7.199999999999999
E00001873,172,46,20,26,126,112,14,26.744186046511626,11.627906976744185,15.11627906976744,73.25581395348837,65.11627906976744,8.13953488372093
E00001874,175,53,13,40,122,113,9,30.28571428571429,7.428571428571429,22.857142857142858,69.71428571428572,64.57142857142857,5.142857142857142
E00001875,143,51,21,30,92,81,11,35.66433566433567,14.685314685314685,20.97902097902098,64.33566433566433,56.64335664335665,7.6923076923076925
E00001876,137,35,13,22,102,90,12,25.547445255474454,9.48905109489051,16.05839416058394,74.45255474452554,65.69343065693431,8.75912408759124
E00001877,57,21,11,10,36,29,7,36.84210526315789,19.298245614035086,17.543859649122805,63.1578947368421,50.877192982456144,12.280701754385964
E00001878,180,44,9,35,136,121,15,24.444444444444443,5,19.444444444444446,75.55555555555556,67.22222222222223,8.333333333333332
E00001879,128,35,12,23,93,81,12,27.34375,9.375,17.96875,72.65625,63.28125,9.375
E00001880,169,43,21,22,126,94,32,25.443786982248522,12.42603550295858,13.017751479289942,74.55621301775149,55.62130177514793,18.93491124260355
E00001881,104,26,8,18,78,63,15,25,7.6923076923076925,17.307692307692307,75,60.57692307692307,14.423076923076922
E00001882,107,34,16,18,73,65,8,31.775700934579437,14.953271028037381,16.822429906542055,68.22429906542055,60.747663551401864,7.476635514018691
E00001883,171,33,16,17,138,111,27,19.298245614035086,9.35672514619883,9.941520467836257,80.7017543859649,64.91228070175438,15.789473684210526
E00001884,133,30,11,19,103,81,22,22.55639097744361,8.270676691729323,14.285714285714285,77.44360902255639,60.902255639097746,16.541353383458645
E00001885,186,66,23,43,120,102,18,35.483870967741936,12.365591397849462,23.118279569892472,64.51612903225806,54.83870967741935,9.67741935483871
E00001886,159,42,21,21,117,99,18,26.41509433962264,13.20754716981132,13.20754716981132,73.58490566037736,62.264150943396224,11.320754716981133
E00001887,77,21,8,13,56,48,8,27.27272727272727,10.38961038961039,16.883116883116884,72.72727272727273,62.33766233766234,10.38961038961039
E00001888,145,35,15,20,110,103,7,24.137931034482758,10.344827586206897,13.793103448275861,75.86206896551724,71.03448275862068,4.827586206896552
E00001889,110,37,15,22,73,64,9,33.63636363636363,13.636363636363635,20,66.36363636363637,58.18181818181818,8.181818181818182
E00001890,110,40,16,24,70,61,9,36.36363636363637,14.545454545454545,21.818181818181817,63.63636363636363,55.45454545454545,8.181818181818182
E00001891,179,45,20,25,134,117,17,25.139664804469277,11.1731843575419,13.966480446927374,74.86033519553072,65.36312849162012,9.497206703910614
E00001892,166,40,16,24,126,103,23,24.096385542168676,9.63855421686747,14.457831325301203,75.90361445783132,62.048192771084345,13.855421686746988
E00001893,147,67,25,42,80,72,8,45.57823129251701,17.006802721088434,28.57142857142857,54.421768707483,48.97959183673469,5.442176870748299
E00001894,114,44,14,30,70,63,7,38.59649122807017,12.280701754385964,26.31578947368421,61.40350877192983,55.26315789473685,6.140350877192982
E00001895,196,46,18,28,150,134,16,23.46938775510204,9.183673469387756,14.285714285714285,76.53061224489795,68.36734693877551,8.16326530612245
E00001896,209,67,27,40,142,124,18,32.057416267942585,12.918660287081341,19.138755980861244,67.94258373205741,59.33014354066985,8.61244019138756
E00001897,81,27,16,11,54,46,8,33.33333333333333,19.753086419753085,13.580246913580247,66.66666666666666,56.79012345679012,9.876543209876543
E00001898,139,40,16,24,99,84,15,28.776978417266186,11.510791366906476,17.26618705035971,71.22302158273382,60.431654676258994,10.79136690647482
E00001899,158,45,7,38,113,91,22,28.48101265822785,4.430379746835443,24.050632911392405,71.51898734177216,57.59493670886076,13.924050632911392
E00001900,146,37,11,26,109,89,20,25.34246575342466,7.534246575342466,17.80821917808219,74.65753424657534,60.95890410958904,13.698630136986301
E00001901,156,46,18,28,110,94,16,29.48717948717949,11.538461538461538,17.94871794871795,70.51282051282051,60.256410256410255,10.256410256410255
E00001902,119,24,12,12,95,84,11,20.168067226890756,10.084033613445378,10.084033613445378,79.83193277310924,70.58823529411765,9.243697478991598
E00001903,188,62,25,37,126,96,30,32.97872340425532,13.297872340425531,19.680851063829788,67.02127659574468,51.06382978723404,15.957446808510639
E00001904,132,34,14,20,98,91,7,25.757575757575758,10.606060606060606,15.151515151515152,74.24242424242425,68.93939393939394,5.303030303030303
E00001905,174,50,18,32,124,107,17,28.735632183908045,10.344827586206897,18.39080459770115,71.26436781609196,61.49425287356321,9.770114942528735
E00001906,194,45,12,33,149,130,19,23.195876288659793,6.185567010309279,17.010309278350515,76.80412371134021,67.0103092783505,9.793814432989691
E00001907,288,74,21,53,214,184,30,25.694444444444443,7.291666666666667,18.40277777777778,74.30555555555556,63.888888888888886,10.416666666666668
E00001908,207,47,16,31,160,137,23,22.705314009661837,7.729468599033816,14.975845410628018,77.29468599033817,66.18357487922705,11.11111111111111
E00001909,199,49,12,37,150,129,21,24.623115577889447,6.030150753768844,18.592964824120603,75.37688442211056,64.82412060301507,10.552763819095476
E00001910,105,25,8,17,80,77,3,23.809523809523807,7.6190476190476195,16.19047619047619,76.19047619047619,73.33333333333333,2.857142857142857
E00001911,148,45,21,24,103,92,11,30.405405405405407,14.18918918918919,16.216216216216218,69.5945945945946,62.16216216216216,7.4324324324324325
E00001912,258,75,35,40,183,148,35,29.069767441860467,13.565891472868216,15.503875968992247,70.93023255813954,57.36434108527132,13.565891472868216
E00001913,150,42,15,27,108,94,14,28.000000000000004,10,18,72,62.66666666666667,9.333333333333334
E00001914,173,41,18,23,132,116,16,23.699421965317917,10.404624277456648,13.294797687861271,76.30057803468208,67.05202312138728,9.248554913294797
E00001915,73,15,7,8,58,49,9,20.54794520547945,9.58904109589041,10.95890410958904,79.45205479452055,67.12328767123287,12.32876712328767
E00001916,58,18,7,11,40,37,3,31.03448275862069,12.068965517241379,18.96551724137931,68.96551724137932,63.793103448275865,5.172413793103448
E00001917,170,43,20,23,127,110,17,25.294117647058822,11.76470588235294,13.529411764705882,74.70588235294117,64.70588235294117,10
E00001918,155,46,21,25,109,91,18,29.677419354838708,13.548387096774196,16.129032258064516,70.3225806451613,58.70967741935483,11.612903225806452
E00001919,182,49,19,30,133,120,13,26.923076923076923,10.43956043956044,16.483516483516482,73.07692307692307,65.93406593406593,7.142857142857142
E00001920,127,25,10,15,102,87,15,19.68503937007874,7.874015748031496,11.811023622047244,80.31496062992126,68.50393700787401,11.811023622047244
E00001921,175,44,13,31,131,116,15,25.142857142857146,7.428571428571429,17.71428571428571,74.85714285714286,66.28571428571428,8.571428571428571
E00001922,150,32,8,24,118,102,16,21.333333333333336,5.333333333333334,16,78.66666666666666,68,10.666666666666668
E00001923,173,45,14,31,128,115,13,26.011560693641616,8.092485549132949,17.91907514450867,73.98843930635837,66.47398843930635,7.514450867052023
E00001924,160,44,20,24,116,96,20,27.500000000000004,12.5,15,72.5,60,12.5
E00001925,189,60,27,33,129,119,10,31.746031746031743,14.285714285714285,17.46031746031746,68.25396825396825,62.96296296296296,5.291005291005291
E00001926,185,51,18,33,134,116,18,27.56756756756757,9.72972972972973,17.83783783783784,72.43243243243244,62.70270270270271,9.72972972972973
E00001927,169,44,18,26,125,109,16,26.035502958579883,10.650887573964498,15.384615384615385,73.96449704142012,64.49704142011834,9.467455621301776
E00001928,127,35,8,27,92,77,15,27.559055118110237,6.299212598425196,21.25984251968504,72.44094488188976,60.629921259842526,11.811023622047244
E00001929,245,60,26,34,185,169,16,24.489795918367346,10.612244897959183,13.877551020408163,75.51020408163265,68.9795918367347,6.530612244897959
E00001930,216,59,18,41,157,144,13,27.314814814814813,8.333333333333332,18.98148148148148,72.68518518518519,66.66666666666666,6.018518518518518
E00001931,165,46,14,32,119,102,17,27.878787878787882,8.484848484848486,19.393939393939394,72.12121212121212,61.81818181818181,10.303030303030303
E00001932,117,21,10,11,96,91,5,17.94871794871795,8.547008547008547,9.401709401709402,82.05128205128204,77.77777777777779,4.273504273504273
E00001933,119,41,19,22,78,60,18,34.45378151260504,15.966386554621847,18.487394957983195,65.54621848739495,50.42016806722689,15.126050420168067
E00001934,176,52,20,32,124,108,16,29.545454545454547,11.363636363636363,18.181818181818183,70.45454545454545,61.36363636363637,9.090909090909092
E00001935,132,62,17,45,70,67,3,46.96969696969697,12.878787878787879,34.090909090909086,53.03030303030303,50.75757575757576,2.272727272727273
E00001936,165,39,14,25,126,107,19,23.636363636363637,8.484848484848486,15.151515151515152,76.36363636363637,64.84848484848484,11.515151515151516
E00001937,183,57,19,38,126,113,13,31.147540983606557,10.382513661202186,20.76502732240437,68.85245901639344,61.74863387978142,7.103825136612022
E00001938,200,55,20,35,145,137,8,27.500000000000004,10,17.5,72.5,68.5,4
E00001939,181,48,12,36,133,117,16,26.519337016574585,6.629834254143646,19.88950276243094,73.48066298342542,64.64088397790056,8.83977900552486
E00001940,177,46,16,30,131,116,15,25.98870056497175,9.03954802259887,16.94915254237288,74.01129943502825,65.5367231638418,8.47457627118644
E00001941,200,51,20,31,149,122,27,25.5,10,15.5,74.5,61,13.5
E00001943,123,28,9,19,95,84,11,22.76422764227642,7.317073170731707,15.447154471544716,77.23577235772358,68.29268292682927,8.94308943089431
E00001944,132,39,14,25,93,84,9,29.545454545454547,10.606060606060606,18.939393939393938,70.45454545454545,63.63636363636363,6.8181818181818175
E00001945,197,59,21,38,138,122,16,29.949238578680205,10.65989847715736,19.289340101522843,70.05076142131979,61.92893401015228,8.121827411167512
E00001946,130,41,18,23,89,80,9,31.538461538461537,13.846153846153847,17.692307692307693,68.46153846153847,61.53846153846154,6.923076923076923
E00001947,127,41,18,23,86,79,7,32.28346456692913,14.173228346456693,18.11023622047244,67.71653543307087,62.20472440944882,5.511811023622047
E00001948,123,46,14,32,77,64,13,37.39837398373984,11.38211382113821,26.01626016260163,62.601626016260155,52.03252032520326,10.569105691056912
E00001949,146,33,15,18,113,99,14,22.602739726027394,10.273972602739725,12.32876712328767,77.3972602739726,67.8082191780822,9.58904109589041
E00001950,181,45,12,33,136,127,9,24.861878453038674,6.629834254143646,18.23204419889503,75.13812154696133,70.1657458563536,4.972375690607735
E00001951,129,31,8,23,98,81,17,24.031007751937985,6.2015503875969,17.829457364341085,75.96899224806202,62.7906976744186,13.178294573643413
E00001952,128,38,21,17,90,81,9,29.6875,16.40625,13.28125,70.3125,63.28125,7.03125
E00001953,181,61,26,35,120,109,11,33.70165745856354,14.3646408839779,19.337016574585636,66.29834254143645,60.22099447513812,6.077348066298343
E00001954,160,50,14,36,110,85,25,31.25,8.75,22.5,68.75,53.125,15.625
E00001955,246,71,21,50,175,139,36,28.86178861788618,8.536585365853659,20.32520325203252,71.13821138211382,56.50406504065041,14.634146341463413
E00001956,136,36,15,21,100,90,10,26.47058823529412,11.029411764705882,15.441176470588236,73.52941176470588,66.17647058823529,7.352941176470589
E00001957,149,41,10,31,108,98,10,27.516778523489933,6.7114093959731544,20.80536912751678,72.48322147651007,65.77181208053692,6.7114093959731544
E00001958,180,51,24,27,129,112,17,28.333333333333332,13.333333333333334,15,71.66666666666667,62.22222222222222,9.444444444444445
E00001959,145,40,14,26,105,94,11,27.586206896551722,9.655172413793103,17.93103448275862,72.41379310344827,64.82758620689654,7.586206896551724
E00001960,151,35,12,23,116,104,12,23.178807947019866,7.9470198675496695,15.2317880794702,76.82119205298014,68.87417218543047,7.9470198675496695
E00001961,162,43,13,30,119,102,17,26.543209876543212,8.024691358024691,18.51851851851852,73.4567901234568,62.96296296296296,10.493827160493826
E00001962,114,47,20,27,67,64,3,41.228070175438596,17.543859649122805,23.684210526315788,58.77192982456141,56.14035087719298,2.631578947368421
E00001963,169,49,13,36,120,107,13,28.994082840236686,7.6923076923076925,21.301775147928996,71.00591715976331,63.31360946745562,7.6923076923076925
E00001964,180,52,17,35,128,108,20,28.888888888888886,9.444444444444445,19.444444444444446,71.11111111111111,60,11.11111111111111
E00001965,188,69,29,40,119,106,13,36.702127659574465,15.425531914893616,21.27659574468085,63.297872340425535,56.38297872340425,6.914893617021277
E00001966,175,61,20,41,114,102,12,34.85714285714286,11.428571428571429,23.42857142857143,65.14285714285715,58.285714285714285,6.857142857142858
E00001967,120,25,10,15,95,82,13,20.833333333333336,8.333333333333332,12.5,79.16666666666666,68.33333333333333,10.833333333333334
E00001968,141,36,16,20,105,88,17,25.53191489361702,11.347517730496454,14.184397163120568,74.46808510638297,62.4113475177305,12.056737588652481
E00001969,163,45,17,28,118,106,12,27.607361963190186,10.429447852760736,17.177914110429448,72.39263803680981,65.03067484662577,7.361963190184049
E00001970,192,55,21,34,137,111,26,28.645833333333332,10.9375,17.708333333333336,71.35416666666666,57.8125,13.541666666666666
E00001971,188,61,27,34,127,108,19,32.4468085106383,14.361702127659576,18.085106382978726,67.5531914893617,57.446808510638306,10.106382978723403
E00001972,212,46,15,31,166,142,24,21.69811320754717,7.0754716981132075,14.622641509433961,78.30188679245283,66.98113207547169,11.320754716981133
E00001973,121,30,15,15,91,81,10,24.793388429752067,12.396694214876034,12.396694214876034,75.20661157024794,66.94214876033058,8.264462809917356
E00001974,230,87,34,53,143,129,14,37.826086956521735,14.782608695652174,23.043478260869566,62.17391304347826,56.086956521739125,6.086956521739131
E00001975,132,48,14,34,84,75,9,36.36363636363637,10.606060606060606,25.757575757575758,63.63636363636363,56.81818181818182,6.8181818181818175
E00001976,144,37,12,25,107,97,10,25.694444444444443,8.333333333333332,17.36111111111111,74.30555555555556,67.36111111111111,6.944444444444445
E00001977,167,56,24,32,111,91,20,33.532934131736525,14.37125748502994,19.16167664670659,66.46706586826348,54.49101796407185,11.976047904191617
E00001980,159,43,17,26,116,95,21,27.044025157232703,10.69182389937107,16.352201257861633,72.95597484276729,59.74842767295597,13.20754716981132
E00001982,125,43,18,25,82,65,17,34.4,14.399999999999999,20,65.60000000000001,52,13.600000000000001
E00001983,103,33,6,27,70,59,11,32.038834951456316,5.825242718446602,26.21359223300971,67.96116504854369,57.28155339805825,10.679611650485436
E00001984,191,53,16,37,138,120,18,27.748691099476442,8.37696335078534,19.3717277486911,72.25130890052355,62.82722513089005,9.424083769633508
E00001985,180,46,16,30,134,123,11,25.555555555555554,8.88888888888889,16.666666666666664,74.44444444444444,68.33333333333333,6.111111111111111
E00001986,175,43,14,29,132,110,22,24.571428571428573,8,16.57142857142857,75.42857142857143,62.857142857142854,12.571428571428573
E00001987,180,44,17,27,136,120,16,24.444444444444443,9.444444444444445,15,75.55555555555556,66.66666666666666,8.88888888888889
E00001988,119,33,7,26,86,76,10,27.73109243697479,5.88235294117647,21.84873949579832,72.26890756302521,63.86554621848739,8.403361344537815
E00001989,243,64,22,42,179,150,29,26.337448559670783,9.053497942386832,17.28395061728395,73.66255144032921,61.72839506172839,11.934156378600823
E00001990,137,32,8,24,105,97,8,23.357664233576642,5.839416058394161,17.51824817518248,76.64233576642336,70.8029197080292,5.839416058394161
E00001991,165,51,14,37,114,101,13,30.909090909090907,8.484848484848486,22.424242424242426,69.0909090909091,61.212121212121204,7.878787878787878
E00001993,168,40,15,25,128,115,13,23.809523809523807,8.928571428571429,14.880952380952381,76.19047619047619,68.45238095238095,7.738095238095238
E00001994,174,58,19,39,116,99,17,33.33333333333333,10.919540229885058,22.413793103448278,66.66666666666666,56.896551724137936,9.770114942528735
E00001995,187,42,10,32,145,130,15,22.459893048128343,5.347593582887701,17.11229946524064,77.54010695187165,69.5187165775401,8.0213903743315509
E00001996,144,41,14,27,103,88,15,28.47222222222222,9.722222222222223,18.75,71.52777777777779,61.111111111111114,10.416666666666668
E00001997,150,35,14,21,115,107,8,23.333333333333332,9.333333333333334,14.000000000000002,76.66666666666667,71.33333333333334,5.333333333333334
E00001998,181,54,11,43,127,112,15,29.83425414364641,6.077348066298343,23.756906077348066,70.1657458563536,61.87845303867403,8.287292817679557
E00002000,193,53,17,36,140,123,17,27.461139896373055,8.808290155440414,18.65284974093264,72.53886010362694,63.730569948186535,8.808290155440414
E00002001,146,38,10,28,108,96,12,26.027397260273972,6.8493150684931505,19.17808219178082,73.97260273972603,65.75342465753424,8.21917808219178
E00002002,219,69,26,43,150,131,19,31.506849315068493,11.87214611872146,19.63470319634703,68.4931506849315,59.817351598173516,8.67579908675799
E00002004,142,41,15,26,101,83,18,28.87323943661972,10.56338028169014,18.30985915492958,71.12676056338029,58.45070422535211,12.676056338028168
E00002005,139,43,18,25,96,80,16,30.935251798561154,12.949640287769784,17.985611510791365,69.06474820143885,57.55395683453237,11.510791366906476
E00002006,166,52,20,32,114,94,20,31.32530120481928,12.048192771084338,19.27710843373494,68.67469879518072,56.62650602409639,12.048192771084338
E00002007,185,56,22,34,129,109,20,30.270270270270274,11.891891891891893,18.37837837837838,69.72972972972973,58.91891891891892,10.81081081081081
E00002008,166,38,13,25,128,120,8,22.89156626506024,7.83132530120482,15.060240963855422,77.10843373493977,72.28915662650603,4.819277108433735
E00002009,188,41,19,22,147,122,25,21.808510638297875,10.106382978723403,11.702127659574469,78.19148936170212,64.8936170212766,13.297872340425531
E00002010,267,82,28,54,185,154,31,30.711610486891384,10.486891385767791,20.224719101123593,69.28838951310861,57.67790262172284,11.610486891385769
E00002011,172,54,14,40,118,106,12,31.3953488372093,8.13953488372093,23.25581395348837,68.6046511627907,61.627906976744185,6.976744186046512
E00002012,175,56,26,30,119,98,21,32,14.857142857142858,17.142857142857142,68,56.00000000000001,12
E00002013,177,41,10,31,136,119,17,23.163841807909606,5.649717514124294,17.51412429378531,76.8361581920904,67.2316384180791,9.6045197740113
E00002014,168,47,23,24,121,105,16,27.976190476190478,13.690476190476192,14.285714285714285,72.02380952380952,62.5,9.523809523809524
E00002015,208,52,14,38,156,136,20,25,6.730769230769231,18.269230769230766,75,65.38461538461539,9.615384615384617
E00002016,214,65,30,35,149,129,20,30.373831775700932,14.018691588785046,16.355140186915886,69.62616822429906,60.280373831775705,9.345794392523365
E00002017,214,50,17,33,164,145,19,23.364485981308412,7.943925233644859,15.42056074766355,76.63551401869158,67.7570093457944,8.878504672897195
E00002018,191,44,16,28,147,123,24,23.036649214659686,8.37696335078534,14.659685863874344,76.96335078534031,64.3979057591623,12.56544502617801
E00002019,173,46,13,33,127,112,15,26.589595375722542,7.514450867052023,19.07514450867052,73.41040462427746,64.73988439306359,8.670520231213873
E00002020,178,53,20,33,125,105,20,29.775280898876407,11.235955056179774,18.53932584269663,70.2247191011236,58.98876404494382,11.235955056179774
E00002021,187,52,21,31,135,123,12,27.807486631016044,11.229946524064172,16.577540106951872,72.19251336898395,65.77540106951871,6.417112299465241
E00002022,168,48,20,28,120,104,16,28.57142857142857,11.904761904761903,16.666666666666664,71.42857142857143,61.904761904761905,9.523809523809524
E00002023,176,53,19,34,123,112,11,30.113636363636363,10.795454545454545,19.318181818181817,69.88636363636364,63.63636363636363,6.25
E00002024,214,58,20,38,156,137,19,27.102803738317753,9.345794392523365,17.75700934579439,72.89719626168224,64.01869158878505,8.878504672897195
E00002025,178,39,13,26,139,123,16,21.910112359550563,7.303370786516854,14.606741573033707,78.08988764044943,69.10112359550563,8.98876404494382
E00002026,170,46,21,25,124,109,15,27.058823529411764,12.352941176470589,14.705882352941178,72.94117647058823,64.11764705882354,8.823529411764707
E00002027,200,57,17,40,143,127,16,28.499999999999996,8.5,20,71.5,63.5,8
E00002028,173,47,16,31,126,109,17,27.167630057803464,9.248554913294797,17.91907514450867,72.83236994219652,63.005780346820806,9.826589595375722
E00002029,183,44,15,29,139,119,20,24.043715846994534,8.19672131147541,15.846994535519126,75.95628415300546,65.02732240437157,10.92896174863388
E00002030,147,42,19,23,105,88,17,28.57142857142857,12.925170068027212,15.646258503401361,71.42857142857143,59.863945578231295,11.564625850340136
E00002031,188,56,21,35,132,113,19,29.78723404255319,11.170212765957446,18.617021276595743,70.2127659574468,60.1063829787234,10.106382978723403
E00002032,170,46,16,30,124,110,14,27.058823529411764,9.411764705882353,17.647058823529413,72.94117647058823,64.70588235294117,8.235294117647058
E00002033,167,44,18,26,123,110,13,26.34730538922156,10.778443113772456,15.568862275449103,73.65269461077844,65.86826347305389,7.784431137724551
E00002034,190,47,12,35,143,128,15,24.736842105263158,6.315789473684211,18.421052631578945,75.26315789473685,67.36842105263158,7.894736842105263
E00002035,172,40,12,28,132,120,12,23.25581395348837,6.976744186046512,16.27906976744186,76.74418604651163,69.76744186046511,6.976744186046512
E00002036,85,33,11,22,52,46,6,38.82352941176471,12.941176470588237,25.882352941176475,61.1764705882353,54.11764705882353,7.0588235294117645
E00002037,213,46,19,27,167,141,26,21.5962441314554,8.92018779342723,12.676056338028168,78.40375586854461,66.19718309859155,12.206572769953052
E00002038,171,53,17,36,118,98,20,30.994152046783626,9.941520467836257,21.052631578947366,69.00584795321637,57.30994152046783,11.695906432748536
E00002039,127,37,10,27,90,77,13,29.133858267716533,7.874015748031496,21.25984251968504,70.86614173228347,60.629921259842526,10.236220472440944
E00002040,149,45,16,29,104,93,11,30.201342281879196,10.738255033557047,19.463087248322147,69.79865771812081,62.41610738255034,7.38255033557047
E00002042,184,64,21,43,120,98,22,34.78260869565217,11.41304347826087,23.369565217391305,65.21739130434783,53.2608695652174,11.956521739130435
E00002043,190,60,28,32,130,98,32,31.57894736842105,14.736842105263156,16.842105263157894,68.42105263157895,51.578947368421055,16.842105263157894
E00002044,178,44,11,33,134,119,15,24.719101123595504,6.179775280898876,18.53932584269663,75.28089887640449,66.85393258426966,8.426966292134832
E00002045,138,49,14,35,89,74,15,35.507246376811594,10.144927536231885,25.36231884057971,64.4927536231884,53.62318840579711,10.869565217391305
E00002046,124,24,9,15,100,81,19,19.35483870967742,7.258064516129033,12.096774193548388,80.64516129032258,65.32258064516128,15.32258064516129
E00002047,171,51,20,31,120,100,20,29.82456140350877,11.695906432748536,18.128654970760234,70.17543859649122,58.47953216374269,11.695906432748536
E00002048,153,56,16,40,97,85,12,36.60130718954248,10.457516339869281,26.143790849673206,63.39869281045751,55.55555555555556,7.8431372549019605
E00002049,185,44,15,29,141,118,23,23.783783783783786,8.108108108108109,15.675675675675677,76.21621621621621,63.78378378378379,12.432432432432433
E00002050,138,40,15,25,98,86,12,28.985507246376812,10.869565217391305,18.115942028985508,71.01449275362319,62.31884057971014,8.695652173913043
E00002051,149,44,17,27,105,85,20,29.53020134228188,11.409395973154362,18.120805369127517,70.46979865771812,57.04697986577181,13.422818791946309
E00002052,127,34,9,25,93,87,6,26.77165354330709,7.086614173228346,19.68503937007874,73.22834645669292,68.50393700787401,4.724409448818897
E00002053,212,60,18,42,152,136,16,28.30188679245283,8.49056603773585,19.81132075471698,71.69811320754717,64.15094339622641,7.547169811320755
E00002054,174,43,22,21,131,108,23,24.71264367816092,12.643678160919542,12.068965517241379,75.28735632183908,62.06896551724138,13.218390804597702
E00002055,151,49,15,34,102,86,16,32.450331125827816,9.933774834437086,22.516556291390728,67.54966887417218,56.95364238410596,10.596026490066226
E00002056,177,34,16,18,143,120,23,19.2090395480226,9.03954802259887,10.16949152542373,80.7909604519774,67.79661016949152,12.994350282485875
E00002057,161,53,17,36,108,94,14,32.91925465838509,10.559006211180124,22.36024844720497,67.08074534161491,58.38509316770186,8.695652173913043
E00002058,152,35,17,18,117,103,14,23.026315789473685,11.18421052631579,11.842105263157894,76.97368421052632,67.76315789473685,9.210526315789473
E00002059,132,40,20,20,92,84,8,30.303030303030305,15.151515151515152,15.151515151515152,69.6969696969697,63.63636363636363,6.0606060606060606
E00002060,116,24,8,16,92,79,13,20.689655172413794,6.896551724137931,13.793103448275861,79.3103448275862,68.10344827586206,11.206896551724139
E00002061,175,56,16,40,119,105,14,32,9.142857142857142,22.857142857142858,68,60,8
E00002062,110,40,14,26,70,64,6,36.36363636363637,12.727272727272727,23.636363636363637,63.63636363636363,58.18181818181818,5.454545454545454
E00002063,157,53,17,36,104,79,25,33.75796178343949,10.828025477707007,22.929936305732486,66.2420382165605,50.318471337579616,15.92356687898089
E00002064,69,26,11,15,43,35,8,37.68115942028986,15.942028985507244,21.73913043478261,62.31884057971014,50.72463768115942,11.594202898550725
E00002065,189,49,17,32,140,118,22,25.925925925925924,8.994708994708994,16.93121693121693,74.07407407407408,62.43386243386243,11.64021164021164
E00002066,235,63,19,44,172,155,17,26.80851063829787,8.085106382978724,18.72340425531915,73.19148936170212,65.95744680851064,7.234042553191489
E00002067,68,22,13,9,46,39,7,32.35294117647059,19.11764705882353,13.23529411764706,67.64705882352942,57.35294117647059,10.294117647058822
E00002068,121,44,14,30,77,66,11,36.36363636363637,11.570247933884298,24.793388429752067,63.63636363636363,54.54545454545454,9.090909090909092
E00002069,103,39,15,24,64,56,8,37.86407766990291,14.563106796116504,23.300970873786408,62.13592233009708,54.36893203883495,7.766990291262135
E00002070,208,72,30,42,136,124,12,34.61538461538461,14.423076923076922,20.192307692307693,65.38461538461539,59.61538461538461,5.769230769230769
E00002072,160,52,10,42,108,90,18,32.5,6.25,26.25,67.5,56.25,11.25
E00002073,125,34,12,22,91,77,14,27.200000000000003,9.6,17.599999999999998,72.8,61.6,11.200000000000001
E00002075,115,23,7,16,92,81,11,20,6.086956521739131,13.91304347826087,80,70.43478260869566,9.565217391304348
E00002076,152,47,21,26,105,90,15,30.92105263157895,13.815789473684212,17.105263157894736,69.07894736842105,59.210526315789465,9.868421052631579
E00002077,147,32,11,21,115,101,14,21.768707482993197,7.482993197278912,14.285714285714285,78.2312925170068,68.70748299319727,9.523809523809524
E00002078,159,52,27,25,107,83,24,32.70440251572327,16.9811320754717,15.723270440251572,67.29559748427673,52.20125786163522,15.09433962264151
E00002079,46,10,5,5,36,35,1,21.73913043478261,10.869565217391305,10.869565217391305,78.26086956521739,76.08695652173914,2.1739130434782608
E00002080,82,21,6,15,61,58,3,25.609756097560975,7.317073170731707,18.29268292682927,74.39024390243902,70.73170731707317,3.6585365853658534
E00002081,90,27,11,16,63,54,9,30,12.222222222222221,17.77777777777778,70,60,10
E00002082,165,36,14,22,129,109,20,21.818181818181817,8.484848484848486,13.333333333333334,78.18181818181819,66.06060606060606,12.121212121212121
E00002083,140,44,20,24,96,71,25,31.428571428571427,14.285714285714285,17.142857142857142,68.57142857142857,50.71428571428571,17.857142857142858
E00002084,80,32,18,14,48,41,7,40,22.5,17.5,60,51.24999999999999,8.75
E00002085,244,71,27,44,173,148,25,29.098360655737704,11.065573770491802,18.0327868852459,70.90163934426229,60.65573770491803,10.245901639344263
E00002086,99,41,14,27,58,51,7,41.41414141414141,14.14141414141414,27.27272727272727,58.58585858585859,51.515151515151516,7.07070707070707
E00002087,147,32,12,20,115,99,16,21.768707482993197,8.16326530612245,13.60544217687075,78.2312925170068,67.3469387755102,10.884353741496598
E00002088,126,29,6,23,97,83,14,23.015873015873016,4.761904761904762,18.253968253968253,76.98412698412699,65.87301587301587,11.11111111111111
E00002089,132,35,11,24,97,82,15,26.515151515151516,8.333333333333332,18.181818181818183,73.48484848484848,62.121212121212125,11.363636363636363
E00002090,125,31,9,22,94,76,18,24.8,7.199999999999999,17.599999999999998,75.2,60.8,14.399999999999999
E00002091,139,41,17,24,98,76,22,29.496402877697843,12.23021582733813,17.26618705035971,70.50359712230215,54.67625899280576,15.827338129496402
E00002092,144,38,13,25,106,89,17,26.38888888888889,9.027777777777777,17.36111111111111,73.61111111111111,61.80555555555556,11.805555555555555
E00002093,113,36,12,24,77,66,11,31.858407079646017,10.619469026548673,21.238938053097346,68.14159292035397,58.4070796460177,9.734513274336283
E00002094,200,53,15,38,147,121,26,26.5,7.5,19,73.5,60.5,13
E00002095,174,45,19,26,129,111,18,25.862068965517242,10.919540229885058,14.942528735632186,74.13793103448276,63.793103448275865,10.344827586206897
E00002096,142,23,9,14,119,105,14,16.19718309859155,6.338028169014084,9.859154929577464,83.80281690140845,73.94366197183099,9.859154929577464
E00002097,167,46,14,32,121,100,21,27.54491017964072,8.383233532934131,19.16167664670659,72.45508982035929,59.88023952095808,12.574850299401197
E00002098,162,51,18,33,111,96,15,31.48148148148148,11.11111111111111,20.37037037037037,68.51851851851852,59.25925925925925,9.25925925925926
E00002099,176,46,16,30,130,105,25,26.136363636363637,9.090909090909092,17.045454545454543,73.86363636363636,59.65909090909091,14.204545454545455
E00002100,171,59,27,32,112,97,15,34.50292397660819,15.789473684210526,18.71345029239766,65.49707602339181,56.72514619883041,8.771929824561402
E00002101,135,15,8,7,120,99,21,11.11111111111111,5.9259259259259265,5.185185185185185,88.88888888888889,73.33333333333333,15.555555555555555
E00002102,135,39,16,23,96,82,14,28.888888888888886,11.851851851851853,17.037037037037038,71.11111111111111,60.74074074074074,10.37037037037037
E00002103,195,53,19,34,142,123,19,27.17948717948718,9.7435897435897445,17.435897435897434,72.82051282051282,63.07692307692307,9.7435897435897445
E00002104,133,31,11,20,102,88,14,23.308270676691727,8.270676691729323,15.037593984962406,76.69172932330827,66.16541353383458,10.526315789473683
E00002105,182,38,13,25,144,127,17,20.87912087912088,7.142857142857142,13.736263736263737,79.12087912087912,69.78021978021978,9.340659340659341
E00002106,165,51,17,34,114,102,12,30.909090909090907,10.303030303030303,20.606060606060606,69.0909090909091,61.81818181818181,7.2727272727272725
E00002107,109,32,10,22,77,60,17,29.357798165137616,9.174311926605505,20.18348623853211,70.64220183486239,55.04587155963303,15.59633027522936
E00002108,176,52,9,43,124,108,16,29.545454545454547,5.113636363636364,24.431818181818183,70.45454545454545,61.36363636363637,9.090909090909092
E00002109,167,46,13,33,121,102,19,27.54491017964072,7.784431137724551,19.760479041916167,72.45508982035929,61.07784431137725,11.377245508982035
E00002110,201,68,19,49,133,119,14,33.83084577114428,9.45273631840796,24.378109452736318,66.16915422885572,59.20398009950249,6.965174129353234
E00002111,183,50,20,30,133,116,17,27.322404371584703,10.92896174863388,16.39344262295082,72.6775956284153,63.387978142076506,9.289617486338798
E00002112,92,23,5,18,69,65,4,25,5.434782608695652,19.565217391304348,75,70.65217391304348,4.3478260869565215
E00002114,110,30,9,21,80,70,10,27.27272727272727,8.181818181818182,19.090909090909093,72.72727272727273,63.63636363636363,9.090909090909092
E00002115,178,48,12,36,130,120,10,26.96629213483146,6.741573033707865,20.224719101123593,73.03370786516854,67.41573033707866,5.617977528089887
E00002117,199,47,8,39,152,135,17,23.618090452261306,4.0201005025125625,19.597989949748744,76.38190954773869,67.8391959798995,8.542713567839195
E00002118,145,48,13,35,97,83,14,33.10344827586207,8.96551724137931,24.137931034482758,66.89655172413794,57.24137931034483,9.655172413793103
E00002120,262,83,32,51,179,152,27,31.679389312977097,12.213740458015266,19.46564885496183,68.32061068702289,58.01526717557252,10.305343511450381
E00002121,80,20,4,16,60,54,6,25,5,20,75,67.5,7.5
E00002123,100,35,4,31,65,58,7,35,4,31,65,57.99999999999999,7.000000000000001
E00002124,80,27,8,19,53,44,9,33.75,10,23.75,66.25,55.00000000000001,11.25
E00002125,146,51,12,39,95,83,12,34.93150684931507,8.21917808219178,26.71232876712329,65.06849315068493,56.849315068493155,8.21917808219178
E00002126,198,66,27,39,132,113,19,33.33333333333333,13.636363636363635,19.696969696969695,66.66666666666666,57.07070707070707,9.595959595959595
E00002127,173,53,15,38,120,107,13,30.63583815028902,8.670520231213873,21.965317919075144,69.36416184971098,61.849710982658955,7.514450867052023
E00002128,151,46,17,29,105,91,14,30.4635761589404,11.258278145695364,19.205298013245034,69.5364238410596,60.264900662251655,9.271523178807946
E00002129,170,47,12,35,123,111,12,27.647058823529413,7.0588235294117645,20.588235294117645,72.35294117647058,65.29411764705883,7.0588235294117645
E00002130,195,62,15,47,133,117,16,31.794871794871792,7.6923076923076925,24.102564102564102,68.2051282051282,60,8.205128205128204
E00002131,190,53,16,37,137,118,19,27.89473684210526,8.421052631578947,19.473684210526315,72.10526315789474,62.10526315789474,10
E00002132,96,34,7,27,62,58,4,35.41666666666667,7.291666666666667,28.125,64.58333333333334,60.416666666666664,4.166666666666666
E00002133,166,44,14,30,122,112,10,26.506024096385545,8.433734939759036,18.072289156626507,73.49397590361446,67.46987951807229,6.024096385542169
E00002134,157,49,17,32,108,93,15,31.210191082802545,10.828025477707007,20.382165605095544,68.78980891719745,59.23566878980891,9.554140127388536
E00002135,143,48,17,31,95,89,6,33.56643356643357,11.888111888111888,21.678321678321677,66.43356643356644,62.23776223776224,4.195804195804196
E00002136,173,39,20,19,134,119,15,22.54335260115607,11.560693641618498,10.982658959537572,77.45664739884393,68.78612716763006,8.670520231213873
E00002137,167,46,12,34,121,105,16,27.54491017964072,7.18562874251497,20.359281437125748,72.45508982035929,62.874251497005986,9.580838323353294
E00002138,100,30,13,17,70,64,6,30,13,17,70,64,6
E00002139,123,41,10,31,82,77,5,33.33333333333333,8.130081300813007,25.203252032520325,66.66666666666666,62.601626016260155,4.0650406504065035
E00002140,128,39,13,26,89,78,11,30.46875,10.15625,20.3125,69.53125,60.9375,8.59375
E00002141,145,52,25,27,93,81,12,35.86206896551724,17.24137931034483,18.620689655172416,64.13793103448275,55.86206896551724,8.275862068965518
E00002142,110,23,5,18,87,79,8,20.909090909090907,4.545454545454546,16.363636363636363,79.0909090909091,71.81818181818181,7.2727272727272725
E00002143,178,49,16,33,129,115,14,27.52808988764045,8.98876404494382,18.53932584269663,72.47191011235955,64.60674157303372,7.865168539325842
E00002144,196,61,20,41,135,123,12,31.122448979591837,10.204081632653061,20.918367346938776,68.87755102040816,62.755102040816325,6.122448979591836
E00002145,178,56,18,38,122,108,14,31.46067415730337,10.112359550561797,21.34831460674157,68.53932584269663,60.67415730337079,7.865168539325842
E00002146,175,58,21,37,117,107,10,33.14285714285714,12,21.142857142857142,66.85714285714286,61.142857142857146,5.714285714285714
E00002147,158,44,14,30,114,89,25,27.848101265822784,8.860759493670885,18.9873417721519,72.15189873417721,56.32911392405063,15.822784810126583
E00002148,86,43,17,26,43,39,4,50,19.767441860465116,30.23255813953488,50,45.348837209302324,4.651162790697675
E00002149,145,48,11,37,97,79,18,33.10344827586207,7.586206896551724,25.517241379310345,66.89655172413794,54.48275862068965,12.413793103448276
E00002150,185,47,18,29,138,120,18,25.405405405405407,9.72972972972973,15.675675675675677,74.5945945945946,64.86486486486487,9.72972972972973
E00002151,174,53,20,33,121,103,18,30.45977011494253,11.494252873563218,18.96551724137931,69.54022988505747,59.195402298850574,10.344827586206897
E00002152,149,43,16,27,106,96,10,28.859060402684566,10.738255033557047,18.120805369127517,71.14093959731544,64.42953020134227,6.7114093959731544
E00002153,171,56,16,40,115,97,18,32.748538011695906,9.35672514619883,23.391812865497073,67.2514619883041,56.72514619883041,10.526315789473683
E00002154,156,39,10,29,117,103,14,25,6.41025641025641,18.58974358974359,75,66.02564102564102,8.974358974358974
E00002155,124,32,15,17,92,83,9,25.806451612903224,12.096774193548388,13.709677419354838,74.19354838709677,66.93548387096774,7.258064516129033
E00002156,128,42,14,28,86,79,7,32.8125,10.9375,21.875,67.1875,61.71875,5.46875
E00002157,188,49,15,34,139,113,26,26.063829787234045,7.9787234042553195,18.085106382978726,73.93617021276596,60.1063829787234,13.829787234042554
E00002158,161,40,12,28,121,108,13,24.84472049689441,7.453416149068323,17.391304347826086,75.15527950310559,67.08074534161491,8.074534161490684
E00002159,148,43,13,30,105,87,18,29.054054054054053,8.783783783783784,20.27027027027027,70.94594594594594,58.78378378378378,12.162162162162163
E00002160,170,46,15,31,124,104,20,27.058823529411764,8.823529411764707,18.235294117647058,72.94117647058823,61.1764705882353,11.76470588235294
E00002161,218,62,22,40,156,137,19,28.440366972477065,10.091743119266056,18.34862385321101,71.55963302752293,62.84403669724771,8.715596330275229
E00002162,157,49,15,34,108,89,19,31.210191082802545,9.554140127388536,21.656050955414013,68.78980891719745,56.68789808917197,12.101910828025478
E00002163,201,53,19,34,148,127,21,26.368159203980102,9.45273631840796,16.91542288557214,73.6318407960199,63.18407960199005,10.44776119402985
E00002164,165,39,14,25,126,113,13,23.636363636363637,8.484848484848486,15.151515151515152,76.36363636363637,68.48484848484848,7.878787878787878
E00002165,183,58,22,36,125,105,20,31.693989071038253,12.021857923497267,19.672131147540984,68.30601092896174,57.377049180327866,10.92896174863388
E00002166,164,49,13,36,115,107,8,29.878048780487802,7.926829268292683,21.951219512195124,70.1219512195122,65.2439024390244,4.878048780487805
E00002167,168,50,21,29,118,103,15,29.761904761904763,12.5,17.261904761904763,70.23809523809523,61.30952380952381,8.928571428571429
E00002168,143,37,11,26,106,94,12,25.874125874125873,7.6923076923076925,18.181818181818183,74.12587412587412,65.73426573426573,8.391608391608392
E00002169,166,44,18,26,122,102,20,26.506024096385545,10.843373493975903,15.66265060240964,73.49397590361446,61.44578313253012,12.048192771084338
E00002170,167,50,15,35,117,95,22,29.94011976047904,8.982035928143713,20.958083832335326,70.05988023952095,56.886227544910184,13.17365269461078
E00002171,167,39,16,23,128,113,15,23.353293413173652,9.580838323353294,13.77245508982036,76.64670658682635,67.66467065868264,8.982035928143713
E00002172,176,51,27,24,125,108,17,28.97727272727273,15.340909090909092,13.636363636363635,71.02272727272727,61.36363636363637,9.659090909090908
E00002173,185,55,15,40,130,107,23,29.72972972972973,8.108108108108109,21.62162162162162,70.27027027027027,57.83783783783784,12.432432432432433
E00002174,164,51,17,34,113,93,20,31.097560975609756,10.365853658536585,20.73170731707317,68.90243902439023,56.70731707317073,12.195121951219512
E00002175,123,32,12,20,91,80,11,26.01626016260163,9.75609756097561,16.260162601626014,73.98373983739837,65.04065040650406,8.94308943089431
E00002176,145,49,22,27,96,70,26,33.793103448275865,15.172413793103448,18.620689655172416,66.20689655172414,48.275862068965516,17.93103448275862
E00002177,287,53,20,33,234,199,35,18.466898954703833,6.968641114982578,11.498257839721255,81.53310104529616,69.33797909407666,12.195121951219512
E00002178,153,35,14,21,118,89,29,22.875816993464053,9.15032679738562,13.725490196078432,77.12418300653596,58.16993464052288,18.954248366013072
E00002179,168,37,11,26,131,107,24,22.023809523809522,6.547619047619048,15.476190476190476,77.97619047619048,63.69047619047619,14.285714285714285
E00002180,138,38,16,22,100,91,9,27.536231884057973,11.594202898550725,15.942028985507244,72.46376811594203,65.94202898550725,6.521739130434782
E00002181,167,37,15,22,130,99,31,22.15568862275449,8.982035928143713,13.17365269461078,77.84431137724552,59.281437125748504,18.562874251497004
E00002182,182,47,17,30,135,114,21,25.82417582417583,9.340659340659341,16.483516483516482,74.17582417582418,62.637362637362635,11.538461538461538
E00002183,55,18,8,10,37,30,7,32.72727272727273,14.545454545454545,18.181818181818183,67.27272727272727,54.54545454545454,12.727272727272727
E00002184,174,40,15,25,134,115,19,22.988505747126435,8.620689655172415,14.367816091954023,77.01149425287356,66.0919540229885,10.919540229885058
E00002185,210,54,22,32,156,115,41,25.71428571428571,10.476190476190476,15.238095238095239,74.28571428571429,54.761904761904766,19.523809523809526
E00002186,138,40,9,31,98,84,14,28.985507246376812,6.521739130434782,22.463768115942027,71.01449275362319,60.86956521739131,10.144927536231885
E00002187,184,46,16,30,138,120,18,25,8.695652173913043,16.304347826086957,75,65.21739130434783,9.782608695652174
E00002188,161,44,13,31,117,98,19,27.32919254658385,8.074534161490684,19.25465838509317,72.67080745341616,60.86956521739131,11.801242236024844
E00002189,153,43,16,27,110,85,25,28.104575163398692,10.457516339869281,17.647058823529413,71.89542483660131,55.55555555555556,16.33986928104575
E00002190,248,63,27,36,185,150,35,25.403225806451612,10.887096774193548,14.516129032258066,74.59677419354838,60.483870967741936,14.112903225806454
E00002191,195,59,29,30,136,114,22,30.256410256410255,14.871794871794872,15.384615384615385,69.74358974358974,58.46153846153847,11.282051282051283
E00002192,125,34,9,25,91,82,9,27.200000000000003,7.199999999999999,20,72.8,65.60000000000001,7.199999999999999
E00002193,191,34,11,23,157,134,23,17.801047120418847,5.7591623036649215,12.041884816753926,82.19895287958116,70.15706806282722,12.041884816753926
E00002194,157,47,15,32,110,98,12,29.936305732484076,9.554140127388536,20.382165605095544,70.06369426751591,62.42038216560509,7.643312101910828
E00002195,218,59,27,32,159,141,18,27.06422018348624,12.385321100917432,14.678899082568808,72.93577981651376,64.6788990825688,8.256880733944955
E00002196,182,55,21,34,127,93,34,30.21978021978022,11.538461538461538,18.681318681318682,69.78021978021978,51.098901098901095,18.681318681318682
E00002197,160,40,11,29,120,102,18,25,6.875000000000001,18.125,75,63.74999999999999,11.25
E00002198,128,36,9,27,92,82,10,28.125,7.03125,21.09375,71.875,64.0625,7.8125
E00002199,138,41,14,27,97,68,29,29.71014492753623,10.144927536231885,19.565217391304348,70.28985507246377,49.275362318840585,21.014492753623188
E00002200,163,50,18,32,113,90,23,30.67484662576687,11.042944785276074,19.631901840490798,69.32515337423312,55.21472392638037,14.11042944785276
E00002201,168,40,17,23,128,111,17,23.809523809523807,10.119047619047619,13.690476190476192,76.19047619047619,66.07142857142857,10.119047619047619
E00002202,151,38,15,23,113,93,20,25.165562913907287,9.933774834437086,15.2317880794702,74.83443708609272,61.58940397350994,13.245033112582782
E00002203,135,35,16,19,100,79,21,25.925925925925924,11.851851851851853,14.074074074074074,74.07407407407408,58.51851851851851,15.555555555555555
E00002204,146,37,12,25,109,91,18,25.34246575342466,8.21917808219178,17.123287671232877,74.65753424657534,62.328767123287676,12.32876712328767
E00002205,194,47,25,22,147,113,34,24.22680412371134,12.886597938144329,11.34020618556701,75.77319587628865,58.24742268041238,17.525773195876287
E00002206,165,39,10,29,126,100,26,23.636363636363637,6.0606060606060606,17.575757575757574,76.36363636363637,60.60606060606061,15.757575757575756
E00002207,123,21,9,12,102,81,21,17.073170731707318,7.317073170731707,9.75609756097561,82.92682926829268,65.85365853658537,17.073170731707318
E00002208,198,54,20,34,144,129,15,27.27272727272727,10.1010101010101,17.17171717171717,72.72727272727273,65.15151515151516,7.575757575757576
E00002209,187,56,17,39,131,114,17,29.946524064171122,9.090909090909092,20.855614973262032,70.05347593582889,60.962566844919785,9.090909090909092
E00002210,168,49,17,32,119,95,24,29.166666666666668,10.119047619047619,19.047619047619047,70.83333333333334,56.547619047619044,14.285714285714285
E00002211,172,39,10,29,133,110,23,22.674418604651162,5.813953488372093,16.86046511627907,77.32558139534885,63.95348837209303,13.372093023255813
E00002212,122,20,8,12,102,91,11,16.39344262295082,6.557377049180328,9.836065573770492,83.60655737704919,74.59016393442623,9.01639344262295
E00002213,171,40,12,28,131,122,9,23.391812865497073,7.017543859649122,16.374269005847953,76.60818713450293,71.34502923976608,5.263157894736842
E00002214,189,55,11,44,134,111,23,29.100529100529098,5.82010582010582,23.28042328042328,70.8994708994709,58.730158730158735,12.16931216931217
E00002215,164,45,13,32,119,110,9,27.439024390243905,7.926829268292683,19.51219512195122,72.5609756097561,67.07317073170732,5.487804878048781
E00002216,180,42,9,33,138,125,13,23.333333333333332,5,18.333333333333332,76.66666666666667,69.44444444444444,7.222222222222221
E00002217,199,47,17,30,152,138,14,23.618090452261306,8.542713567839195,15.07537688442211,76.38190954773869,69.34673366834171,7.035175879396985
E00002218,187,41,10,31,146,127,19,21.92513368983957,5.347593582887701,16.577540106951872,78.07486631016043,67.9144385026738,10.16042780748663
E00002219,190,51,16,35,139,126,13,26.842105263157894,8.421052631578947,18.421052631578945,73.15789473684211,66.3157894736842,6.842105263157896
E00002220,170,51,12,39,119,106,13,30,7.0588235294117645,22.941176470588236,70,62.35294117647059,7.647058823529412
E00002221,176,44,17,27,132,123,9,25,9.659090909090908,15.340909090909092,75,69.88636363636364,5.113636363636364
E00002222,202,45,17,28,157,141,16,22.277227722772277,8.415841584158416,13.861386138613863,77.72277227722772,69.80198019801979,7.920792079207921
E00002223,161,32,13,19,129,118,11,19.875776397515526,8.074534161490684,11.801242236024844,80.12422360248446,73.29192546583852,6.832298136645963
E00002224,164,43,11,32,121,104,17,26.21951219512195,6.707317073170732,19.51219512195122,73.78048780487805,63.41463414634146,10.365853658536585
E00002225,153,47,18,29,106,95,11,30.718954248366014,11.76470588235294,18.954248366013072,69.28104575163398,62.091503267973856,7.18954248366013
E00002226,163,55,14,41,108,97,11,33.74233128834356,8.588957055214724,25.153374233128833,66.25766871165644,59.50920245398773,6.748466257668712
E00002227,182,42,14,28,140,122,18,23.076923076923077,7.6923076923076925,15.384615384615385,76.92307692307693,67.03296703296702,9.89010989010989
E00002228,204,53,24,29,151,132,19,25.98039215686275,11.76470588235294,14.215686274509803,74.01960784313727,64.70588235294117,9.313725490196079
E00002229,188,56,14,42,132,118,14,29.78723404255319,7.446808510638298,22.340425531914892,70.2127659574468,62.76595744680851,7.446808510638298
E00002230,191,46,12,34,145,131,14,24.083769633507853,6.282722513089005,17.801047120418847,75.91623036649214,68.58638743455498,7.329842931937172
E00002231,159,34,18,16,125,113,12,21.38364779874214,11.320754716981133,10.062893081761008,78.61635220125787,71.0691823899371,7.547169811320755
E00002232,197,56,29,27,141,124,17,28.426395939086298,14.720812182741117,13.705583756345177,71.57360406091371,62.944162436548226,8.629441624365482
E00002233,198,56,23,33,142,118,24,28.28282828282828,11.616161616161616,16.666666666666664,71.71717171717171,59.59595959595959,12.121212121212121
E00002234,187,58,22,36,129,119,10,31.016042780748666,11.76470588235294,19.25133689839572,68.98395721925134,63.63636363636363,5.347593582887701
E00002235,232,59,17,42,173,149,24,25.43103448275862,7.327586206896551,18.103448275862068,74.56896551724138,64.22413793103449,10.344827586206897
E00002236,114,43,10,33,71,60,11,37.719298245614034,8.771929824561402,28.947368421052634,62.28070175438597,52.63157894736842,9.649122807017543
E00002237,187,44,14,30,143,118,25,23.52941176470588,7.4866310160427805,16.042780748663102,76.47058823529412,63.101604278074866,13.368983957219251
E00002238,198,47,15,32,151,136,15,23.737373737373737,7.575757575757576,16.161616161616163,76.26262626262627,68.68686868686868,7.575757575757576
E00002239,184,51,13,38,133,115,18,27.717391304347828,7.065217391304348,20.652173913043477,72.28260869565217,62.5,9.782608695652174
E00002240,182,39,17,22,143,125,18,21.428571428571427,9.340659340659341,12.087912087912088,78.57142857142857,68.68131868131869,9.89010989010989
E00002241,157,43,21,22,114,95,19,27.388535031847134,13.375796178343949,14.012738853503185,72.61146496815286,60.509554140127385,12.101910828025478
E00002242,140,41,16,25,99,87,12,29.28571428571429,11.428571428571429,17.857142857142858,70.71428571428572,62.142857142857146,8.571428571428571
E00002243,124,24,11,13,100,88,12,19.35483870967742,8.870967741935484,10.483870967741936,80.64516129032258,70.96774193548387,9.67741935483871
E00002244,136,41,13,28,95,80,15,30.14705882352941,9.558823529411764,20.588235294117645,69.85294117647058,58.82352941176471,11.029411764705882
E00002245,169,49,20,29,120,101,19,28.994082840236686,11.834319526627219,17.159763313609467,71.00591715976331,59.76331360946746,11.242603550295858
E00002246,174,59,31,28,115,97,18,33.90804597701149,17.81609195402299,16.091954022988507,66.0919540229885,55.74712643678161,10.344827586206897
E00002247,135,35,15,20,100,88,12,25.925925925925924,11.11111111111111,14.814814814814813,74.07407407407408,65.18518518518519,8.88888888888889
E00002248,162,38,16,22,124,108,16,23.456790123456788,9.876543209876543,13.580246913580247,76.5432098765432,66.66666666666666,9.876543209876543
E00002249,133,37,21,16,96,82,14,27.819548872180448,15.789473684210526,12.030075187969924,72.18045112781954,61.65413533834586,10.526315789473683
E00002250,175,49,15,34,126,98,28,28.000000000000004,8.571428571428571,19.428571428571427,72,56.00000000000001,16
E00002251,161,37,13,24,124,107,17,22.981366459627328,8.074534161490684,14.906832298136646,77.01863354037268,66.45962732919256,10.559006211180124
E00002252,156,56,27,29,100,85,15,35.8974358974359,17.307692307692307,18.58974358974359,64.1025641025641,54.48717948717948,9.615384615384617
E00002253,169,50,19,31,119,100,19,29.585798816568047,11.242603550295858,18.34319526627219,70.41420118343196,59.171597633136095,11.242603550295858
E00002254,99,27,13,14,72,58,14,27.27272727272727,13.131313131313133,14.14141414141414,72.72727272727273,58.58585858585859,14.14141414141414
E00002255,144,42,17,25,102,81,21,29.166666666666668,11.805555555555555,17.36111111111111,70.83333333333334,56.25,14.583333333333334
E00002256,156,48,21,27,108,84,24,30.76923076923077,13.461538461538462,17.307692307692307,69.23076923076923,53.84615384615385,15.384615384615385
E00002257,106,20,9,11,86,82,4,18.867924528301888,8.49056603773585,10.377358490566039,81.13207547169812,77.35849056603774,3.7735849056603774
E00002258,115,40,22,18,75,67,8,34.78260869565217,19.130434782608695,15.65217391304348,65.21739130434783,58.26086956521739,6.956521739130435
E00002260,185,47,21,26,138,116,22,25.405405405405407,11.351351351351353,14.054054054054054,74.5945945945946,62.70270270270271,11.891891891891893
E00002261,88,17,10,7,71,62,9,19.318181818181817,11.363636363636363,7.954545454545454,80.68181818181817,70.45454545454545,10.227272727272728
E00002262,136,30,11,19,106,87,19,22.058823529411764,8.088235294117647,13.970588235294118,77.94117647058823,63.970588235294116,13.970588235294118
E00002263,242,71,34,37,171,140,31,29.338842975206614,14.049586776859504,15.289256198347106,70.66115702479338,57.85123966942148,12.8099173553719
E00002264,138,35,16,19,103,92,11,25.36231884057971,11.594202898550725,13.768115942028986,74.63768115942028,66.66666666666666,7.971014492753622
E00002265,164,54,26,28,110,91,19,32.926829268292686,15.853658536585366,17.073170731707318,67.07317073170732,55.487804878048784,11.585365853658537
E00002266,221,66,29,37,155,125,30,29.86425339366516,13.122171945701359,16.7420814479638,70.13574660633483,56.56108597285068,13.574660633484163
E00002267,65,16,8,8,49,43,6,24.615384615384617,12.307692307692308,12.307692307692308,75.38461538461539,66.15384615384615,9.230769230769232
E00002268,122,30,11,19,92,70,22,24.59016393442623,9.01639344262295,15.573770491803279,75.40983606557377,57.377049180327866,18.0327868852459
E00002269,162,43,17,26,119,94,25,26.543209876543212,10.493827160493826,16.049382716049383,73.4567901234568,58.0246913580247,15.432098765432098
E00002270,149,40,11,29,109,86,23,26.845637583892618,7.38255033557047,19.463087248322147,73.15436241610739,57.71812080536913,15.436241610738255
E00002271,161,43,19,24,118,95,23,26.70807453416149,11.801242236024844,14.906832298136646,73.29192546583852,59.006211180124225,14.285714285714285
E00002272,266,60,23,37,206,167,39,22.55639097744361,8.646616541353383,13.909774436090224,77.44360902255639,62.78195488721805,14.661654135338345
E00002273,191,56,24,32,135,109,26,29.31937172774869,12.56544502617801,16.75392670157068,70.68062827225131,57.06806282722513,13.612565445026178
E00002274,201,49,10,39,152,130,22,24.378109452736318,4.975124378109453,19.402985074626866,75.62189054726367,64.6766169154229,10.945273631840797
E00002275,175,65,20,45,110,95,15,37.142857142857146,11.428571428571429,25.71428571428571,62.857142857142854,54.285714285714285,8.571428571428571
E00002279,195,54,15,39,141,119,22,27.692307692307693,7.6923076923076925,20,72.3076923076923,61.02564102564103,11.282051282051283
E00002280,156,58,16,42,98,81,17,37.17948717948718,10.256410256410255,26.923076923076923,62.82051282051282,51.92307692307693,10.897435897435898
E00002281,240,70,15,55,170,151,19,29.166666666666668,6.25,22.916666666666664,70.83333333333334,62.916666666666664,7.916666666666666
E00002282,125,46,15,31,79,70,9,36.8,12,24.8,63.2,56.00000000000001,7.199999999999999
E00002283,96,37,14,23,59,58,1,38.54166666666667,14.583333333333334,23.958333333333336,61.458333333333336,60.416666666666664,1.0416666666666665
E00002284,183,53,18,35,130,111,19,28.96174863387978,9.836065573770492,19.12568306010929,71.03825136612022,60.65573770491803,10.382513661202186
E00002285,185,63,24,39,122,95,27,34.054054054054056,12.972972972972974,21.08108108108108,65.94594594594595,51.35135135135135,14.594594594594595
E00002286,175,62,22,40,113,105,8,35.42857142857142,12.571428571428573,22.857142857142858,64.57142857142857,60,4.571428571428571
E00002287,158,41,12,29,117,105,12,25.949367088607595,7.59493670886076,18.354430379746837,74.0506329113924,66.45569620253164,7.59493670886076
E00002288,200,62,15,47,138,121,17,31,7.5,23.5,69,60.5,8.5
E00002289,162,45,18,27,117,107,10,27.77777777777778,11.11111111111111,16.666666666666664,72.22222222222221,66.0493827160494,6.172839506172839
E00002290,152,50,14,36,102,92,10,32.89473684210527,9.210526315789473,23.684210526315788,67.10526315789474,60.526315789473685,6.578947368421052
E00002291,155,44,17,27,111,97,14,28.387096774193548,10.967741935483872,17.419354838709676,71.61290322580646,62.58064516129033,9.032258064516128
E00002292,135,43,19,24,92,80,12,31.851851851851855,14.074074074074074,17.77777777777778,68.14814814814815,59.25925925925925,8.88888888888889
E00002293,207,56,20,36,151,132,19,27.053140096618357,9.66183574879227,17.391304347826086,72.94685990338165,63.76811594202898,9.178743961352657
E00002294,140,40,18,22,100,85,15,28.57142857142857,12.857142857142856,15.714285714285714,71.42857142857143,60.71428571428571,10.714285714285714
E00002296,227,68,21,47,159,135,24,29.955947136563875,9.251101321585903,20.704845814977972,70.04405286343612,59.471365638766514,10.572687224669604
E00002297,142,48,20,28,94,80,14,33.80281690140845,14.084507042253522,19.718309859154928,66.19718309859155,56.33802816901409,9.859154929577464
E00002298,171,45,20,25,126,114,12,26.31578947368421,11.695906432748536,14.619883040935672,73.68421052631578,66.66666666666666,7.017543859649122
E00002299,124,44,15,29,80,73,7,35.483870967741936,12.096774193548388,23.387096774193548,64.51612903225806,58.87096774193549,5.64516129032258
E00002300,124,46,10,36,78,65,13,37.096774193548384,8.064516129032258,29.03225806451613,62.903225806451616,52.41935483870967,10.483870967741936
E00002301,140,42,15,27,98,89,9,30,10.714285714285714,19.28571428571429,70,63.57142857142857,6.428571428571428
E00002302,71,26,10,16,45,37,8,36.61971830985916,14.084507042253522,22.535211267605636,63.38028169014085,52.112676056338024,11.267605633802818
E00002303,129,43,19,24,86,72,14,33.33333333333333,14.728682170542637,18.6046511627907,66.66666666666666,55.81395348837209,10.852713178294573
E00002304,157,61,26,35,96,88,8,38.853503184713375,16.560509554140125,22.29299363057325,61.146496815286625,56.05095541401274,5.095541401273886
E00002305,84,24,7,17,60,52,8,28.57142857142857,8.333333333333332,20.238095238095237,71.42857142857143,61.904761904761905,9.523809523809524
E00002306,120,42,17,25,78,69,9,35,14.166666666666666,20.833333333333336,65,57.49999999999999,7.5
E00002307,194,58,19,39,136,117,19,29.896907216494846,9.793814432989691,20.103092783505154,70.10309278350515,60.30927835051546,9.793814432989691
E00002308,126,36,18,18,90,80,10,28.57142857142857,14.285714285714285,14.285714285714285,71.42857142857143,63.49206349206349,7.936507936507936
E00002309,66,18,10,8,48,41,7,27.27272727272727,15.151515151515152,12.121212121212121,72.72727272727273,62.121212121212125,10.606060606060606
E00165791,155,31,11,20,124,116,8,20,7.096774193548387,12.903225806451612,80,74.83870967741936,5.161290322580645
E00166760,137,28,10,18,109,87,22,20.437956204379564,7.2992700729927,13.138686131386862,79.56204379562044,63.503649635036496,16.05839416058394
E00166761,150,30,10,20,120,89,31,20,6.666666666666667,13.333333333333334,80,59.333333333333336,20.666666666666668
E00166762,181,53,22,31,128,104,24,29.2817679558011,12.154696132596685,17.12707182320442,70.71823204419888,57.4585635359116,13.259668508287293
E00166763,143,45,16,29,98,85,13,31.46853146853147,11.188811188811188,20.27972027972028,68.53146853146853,59.44055944055944,9.090909090909092
E00166764,179,62,20,42,117,103,14,34.63687150837989,11.1731843575419,23.463687150837988,65.36312849162012,57.54189944134078,7.82122905027933
E00166765,93,24,7,17,69,56,13,25.806451612903224,7.526881720430108,18.27956989247312,74.19354838709677,60.215053763440864,13.978494623655912
E00166766,153,44,14,30,109,93,16,28.75816993464052,9.15032679738562,19.607843137254903,71.24183006535948,60.78431372549019,10.457516339869281
E00166768,122,26,7,19,96,85,11,21.311475409836063,5.737704918032787,15.573770491803279,78.68852459016394,69.67213114754098,9.01639344262295
E00166769,197,38,8,30,159,133,26,19.289340101522843,4.060913705583756,15.228426395939088,80.71065989847716,67.51269035532995,13.19796954314721
E00166770,82,26,6,20,56,49,7,31.70731707317073,7.317073170731707,24.390243902439025,68.29268292682927,59.756097560975604,8.536585365853659
E00166771,83,12,8,4,71,63,8,14.457831325301203,9.63855421686747,4.819277108433735,85.54216867469879,75.90361445783132,9.63855421686747
E00176912,141,52,18,34,89,81,8,36.87943262411347,12.76595744680851,24.113475177304963,63.12056737588653,57.446808510638306,5.673758865248227
E00176913,195,67,24,43,128,115,13,34.35897435897436,12.307692307692308,22.05128205128205,65.64102564102564,58.97435897435898,6.666666666666667
E00176914,112,36,12,24,76,76,0,32.142857142857146,10.714285714285714,21.428571428571427,67.85714285714286,67.85714285714286,0
E00176915,178,71,15,56,107,95,12,39.8876404494382,8.426966292134832,31.46067415730337,60.1123595505618,53.37078651685393,6.741573033707865
E00176920,209,53,16,37,156,139,17,25.358851674641148,7.655502392344498,17.703349282296653,74.64114832535886,66.50717703349282,8.133971291866029
E00176921,122,28,8,20,94,88,6,22.950819672131146,6.557377049180328,16.39344262295082,77.04918032786885,72.1311475409836,4.918032786885246
E00176922,162,43,19,24,119,104,15,26.543209876543212,11.728395061728394,14.814814814814813,73.4567901234568,64.19753086419753,9.25925925925926
E00176923,105,29,14,15,76,64,12,27.61904761904762,13.333333333333334,14.285714285714285,72.38095238095238,60.952380952380956,11.428571428571429
E00176925,155,18,7,11,137,120,17,11.612903225806452,4.516129032258064,7.096774193548387,88.38709677419355,77.41935483870968,10.967741935483872
E00176928,233,38,11,27,195,178,17,16.30901287553648,4.721030042918455,11.587982832618025,83.69098712446352,76.39484978540773,7.296137339055794
E00176930,140,39,14,25,101,80,21,27.857142857142858,10,17.857142857142858,72.14285714285714,57.14285714285714,15
E00176933,216,38,18,20,178,157,21,17.59259259259259,8.333333333333332,9.25925925925926,82.4074074074074,72.68518518518519,9.722222222222223
E00176935,289,65,24,41,224,197,27,22.491349480968857,8.304498269896193,14.186851211072666,77.50865051903114,68.16608996539793,9.342560553633218
E00176938,150,33,12,21,117,97,20,22,8,14.000000000000002,78,64.66666666666666,13.333333333333334
E00176939,78,18,7,11,60,46,14,23.076923076923077,8.974358974358974,14.102564102564102,76.92307692307693,58.97435897435898,17.94871794871795
E00176944,171,58,12,46,113,101,12,33.91812865497076,7.017543859649122,26.900584795321635,66.08187134502924,59.06432748538012,7.017543859649122
E00176951,263,45,24,21,218,196,22,17.110266159695815,9.125475285171103,7.984790874524715,82.88973384030417,74.52471482889734,8.365019011406844
E00176952,237,57,17,40,180,157,23,24.050632911392405,7.172995780590717,16.877637130801688,75.9493670886076,66.24472573839662,9.70464135021097
E00176954,118,35,10,25,83,74,9,29.66101694915254,8.47457627118644,21.1864406779661,70.33898305084746,62.71186440677966,7.627118644067797
E00176955,119,18,6,12,101,84,17,15.126050420168067,5.042016806722689,10.084033613445378,84.87394957983193,70.58823529411765,14.285714285714285
E00176957,62,16,6,10,46,39,7,25.806451612903224,9.67741935483871,16.129032258064516,74.19354838709677,62.903225806451616,11.29032258064516
E00176958,204,44,11,33,160,143,17,21.568627450980394,5.392156862745098,16.176470588235293,78.43137254901961,70.09803921568627,8.333333333333332
E00176961,157,49,19,30,108,88,20,31.210191082802545,12.101910828025478,19.10828025477707,68.78980891719745,56.05095541401274,12.738853503184714
E00176962,256,45,18,27,211,183,28,17.578125,7.03125,10.546875,82.421875,71.484375,10.9375
E00176963,250,52,23,29,198,162,36,20.8,9.2,11.600000000000001,79.2,64.8,14.399999999999999
E00176967,136,43,12,31,93,84,9,31.61764705882353,8.823529411764707,22.794117647058822,68.38235294117648,61.76470588235294,6.61764705882353
E00176970,91,15,7,8,76,62,14,16.483516483516482,7.6923076923076925,8.791208791208792,83.51648351648352,68.13186813186813,15.384615384615385
E00176972,232,51,22,29,181,158,23,21.982758620689655,9.482758620689655,12.5,78.01724137931035,68.10344827586206,9.913793103448276
E00176976,228,55,22,33,173,153,20,24.12280701754386,9.649122807017543,14.473684210526317,75.87719298245614,67.10526315789474,8.771929824561402
E00176977,138,44,13,31,94,77,17,31.88405797101449,9.420289855072465,22.463768115942027,68.11594202898551,55.79710144927537,12.318840579710146
E00176978,275,62,21,41,213,192,21,22.545454545454547,7.636363636363637,14.909090909090908,77.45454545454545,69.81818181818183,7.636363636363637
E00176980,101,18,2,16,83,68,15,17.82178217821782,1.9801980198019802,15.841584158415841,82.17821782178217,67.32673267326733,14.85148514851485
E00176981,67,26,9,17,41,38,3,38.80597014925373,13.432835820895523,25.37313432835821,61.19402985074627,56.71641791044776,4.477611940298507
E00176982,189,64,18,46,125,112,13,33.86243386243386,9.523809523809524,24.33862433862434,66.13756613756614,59.25925925925925,6.878306878306878
E00176983,162,45,13,32,117,106,11,27.77777777777778,8.024691358024691,19.753086419753085,72.22222222222221,65.4320987654321,6.790123456790123
