OA,ts0590001,ts0590002,ts0590003,ts0590004,ts0590005,ts0590006,ts0590007,ts0590002_PCT,ts0590003_PCT,ts0590004_PCT,ts0590005_PCT,ts0590006_PCT,ts0590007_PCT
E00155162,145,45,16,29,100,87,13,31.03448275862069,11.03448275862069,20,68.96551724137932,60,8.96551724137931
E00155163,162,35,14,21,127,109,18,21.604938271604937,8.641975308641975,12.962962962962962,78.39506172839506,67.28395061728395,11.11111111111111
E00155164,156,38,17,21,118,100,18,24.358974358974358,10.897435897435898,13.461538461538462,75.64102564102564,64.1025641025641,11.538461538461538
E00155165,194,49,26,23,145,125,20,25.257731958762886,13.402061855670103,11.855670103092782,74.74226804123711,64.43298969072166,10.309278350515463
E00155166,141,40,15,25,101,83,18,28.368794326241137,10.638297872340425,17.73049645390071,71.63120567375887,58.86524822695035,12.76595744680851
E00155167,125,36,7,29,89,77,12,28.799999999999997,5.6000000000000005,23.200000000000003,71.2,61.6,9.6
E00155168,152,43,15,28,109,87,22,28.289473684210524,9.868421052631579,18.421052631578945,71.71052631578947,57.23684210526315,14.473684210526317
E00155169,51,19,10,9,32,28,4,37.254901960784316,19.607843137254903,17.647058823529413,62.745098039215684,54.90196078431373,7.8431372549019605
E00155170,156,47,16,31,109,81,28,30.128205128205128,10.256410256410255,19.871794871794872,69.87179487179486,51.92307692307693,17.94871794871795
E00155171,192,44,14,30,148,118,30,22.916666666666664,7.291666666666667,15.625,77.08333333333334,61.458333333333336,15.625
E00155172,120,42,18,24,78,71,7,35,15,20,65,59.166666666666664,5.833333333333333
E00155173,147,45,18,27,102,89,13,30.612244897959183,12.244897959183673,18.367346938775512,69.38775510204081,60.544217687074834,8.843537414965986
E00155174,319,67,28,39,252,212,40,21.003134796238246,8.77742946708464,12.225705329153605,78.99686520376176,66.4576802507837,12.539184952978054
E00155175,155,38,9,29,117,100,17,24.516129032258064,5.806451612903226,18.70967741935484,75.48387096774194,64.51612903225806,10.967741935483872
E00155176,148,49,12,37,99,83,16,33.108108108108105,8.108108108108109,25,66.8918918918919,56.08108108108109,10.81081081081081
E00155177,123,34,16,18,89,83,6,27.64227642276423,13.008130081300814,14.634146341463413,72.35772357723577,67.47967479674797,4.878048780487805
E00155178,124,27,11,16,97,79,18,21.774193548387096,8.870967741935484,12.903225806451612,78.2258064516129,63.70967741935484,14.516129032258066
E00155179,310,75,23,52,235,201,34,24.193548387096776,7.419354838709677,16.7741935483871,75.80645161290323,64.83870967741936,10.967741935483872
E00155180,160,48,19,29,112,102,10,30,11.875,18.125,70,63.74999999999999,6.25
E00155181,102,24,12,12,78,62,16,23.52941176470588,11.76470588235294,11.76470588235294,76.47058823529412,60.78431372549019,15.686274509803921
E00155182,157,40,15,25,117,110,7,25.477707006369428,9.554140127388536,15.92356687898089,74.52229299363057,70.06369426751591,4.45859872611465
E00155183,163,45,13,32,118,100,18,27.607361963190186,7.975460122699387,19.631901840490798,72.39263803680981,61.34969325153374,11.042944785276074
E00155184,127,42,11,31,85,69,16,33.07086614173229,8.661417322834646,24.409448818897637,66.92913385826772,54.330708661417326,12.598425196850393
E00155185,196,43,18,25,153,136,17,21.93877551020408,9.183673469387756,12.755102040816327,78.06122448979592,69.38775510204081,8.673469387755102
E00155186,145,37,17,20,108,89,19,25.517241379310345,11.724137931034482,13.793103448275861,74.48275862068967,61.37931034482759,13.10344827586207
E00155187,215,64,29,35,151,118,33,29.767441860465116,13.488372093023257,16.27906976744186,70.23255813953489,54.88372093023256,15.348837209302326
E00155188,179,40,15,25,139,117,22,22.3463687150838,8.379888268156424,13.966480446927374,77.6536312849162,65.36312849162012,12.290502793296088
E00155189,69,20,10,10,49,41,8,28.985507246376812,14.492753623188406,14.492753623188406,71.01449275362319,59.42028985507246,11.594202898550725
E00155190,175,47,18,29,128,111,17,26.857142857142858,10.285714285714285,16.57142857142857,73.14285714285714,63.42857142857142,9.714285714285714
E00155191,174,48,22,26,126,110,16,27.586206896551722,12.643678160919542,14.942528735632186,72.41379310344827,63.2183908045977,9.195402298850574
E00155192,141,24,10,14,117,100,17,17.02127659574468,7.092198581560284,9.929078014184398,82.97872340425532,70.92198581560284,12.056737588652481
E00155193,178,41,17,24,137,117,20,23.03370786516854,9.550561797752808,13.48314606741573,76.96629213483146,65.73033707865169,11.235955056179774
E00155194,129,34,12,22,95,80,15,26.356589147286826,9.30232558139535,17.05426356589147,73.64341085271317,62.01550387596899,11.627906976744185
E00155195,160,41,10,31,119,100,19,25.624999999999996,6.25,19.375,74.375,62.5,11.875
E00155196,176,54,16,38,122,105,17,30.681818181818183,9.090909090909092,21.59090909090909,69.31818181818183,59.65909090909091,9.659090909090908
E00155197,149,34,11,23,115,96,19,22.818791946308725,7.38255033557047,15.436241610738255,77.18120805369128,64.42953020134227,12.751677852348994
E00155198,156,46,10,36,110,93,17,29.48717948717949,6.41025641025641,23.076923076923077,70.51282051282051,59.61538461538461,10.897435897435898
E00155199,107,31,13,18,76,61,15,28.971962616822427,12.149532710280374,16.822429906542055,71.02803738317756,57.009345794392516,14.018691588785046
E00155200,228,55,19,36,173,143,30,24.12280701754386,8.333333333333332,15.789473684210526,75.87719298245614,62.71929824561403,13.157894736842104
E00155201,169,48,17,31,121,105,16,28.402366863905325,10.059171597633137,18.34319526627219,71.59763313609467,62.1301775147929,9.467455621301776
E00155202,171,42,9,33,129,117,12,24.561403508771928,5.263157894736842,19.298245614035086,75.43859649122807,68.42105263157895,7.017543859649122
E00155203,132,42,12,30,90,79,11,31.818181818181817,9.090909090909092,22.727272727272727,68.18181818181817,59.84848484848485,8.333333333333332
E00155204,155,35,9,26,120,107,13,22.58064516129032,5.806451612903226,16.7741935483871,77.41935483870968,69.03225806451613,8.38709677419355
E00155205,138,28,10,18,110,94,16,20.28985507246377,7.246376811594203,13.043478260869565,79.71014492753623,68.11594202898551,11.594202898550725
E00155206,113,24,8,16,89,73,16,21.238938053097346,7.079646017699115,14.15929203539823,78.76106194690266,64.60176991150442,14.15929203539823
E00155207,115,29,12,17,86,77,9,25.217391304347824,10.434782608695652,14.782608695652174,74.78260869565217,66.95652173913044,7.82608695652174
E00155208,190,34,11,23,156,126,30,17.894736842105264,5.7894736842105265,12.105263157894736,82.10526315789474,66.3157894736842,15.789473684210526
E00155209,138,37,11,26,101,86,15,26.811594202898554,7.971014492753622,18.84057971014493,73.18840579710145,62.31884057971014,10.869565217391305
E00155210,170,37,11,26,133,120,13,21.764705882352942,6.470588235294119,15.294117647058824,78.23529411764706,70.58823529411765,7.647058823529412
E00155211,204,48,15,33,156,140,16,23.52941176470588,7.352941176470589,16.176470588235293,76.47058823529412,68.62745098039215,7.8431372549019605
E00155212,142,52,19,33,90,74,16,36.61971830985916,13.380281690140844,23.239436619718308,63.38028169014085,52.112676056338024,11.267605633802818
E00155213,168,47,19,28,121,101,20,27.976190476190478,11.30952380952381,16.666666666666664,72.02380952380952,60.11904761904761,11.904761904761903
E00155214,174,33,10,23,141,126,15,18.96551724137931,5.747126436781609,13.218390804597702,81.03448275862068,72.41379310344827,8.620689655172415
E00155215,172,46,17,29,126,105,21,26.744186046511626,9.883720930232558,16.86046511627907,73.25581395348837,61.04651162790697,12.209302325581394
E00155216,153,34,17,17,119,107,12,22.22222222222222,11.11111111111111,11.11111111111111,77.77777777777779,69.93464052287581,7.8431372549019605
E00155217,159,42,11,31,117,102,15,26.41509433962264,6.918238993710692,19.49685534591195,73.58490566037736,64.15094339622641,9.433962264150944
E00155218,138,50,18,32,88,75,13,36.231884057971016,13.043478260869565,23.18840579710145,63.76811594202898,54.347826086956516,9.420289855072465
E00155219,144,28,8,20,116,109,7,19.444444444444446,5.555555555555555,13.88888888888889,80.55555555555556,75.69444444444444,4.861111111111112
E00155220,129,38,15,23,91,67,24,29.457364341085274,11.627906976744185,17.829457364341085,70.54263565891473,51.93798449612403,18.6046511627907
E00155221,156,55,18,37,101,90,11,35.256410256410255,11.538461538461538,23.717948717948715,64.74358974358975,57.692307692307686,7.051282051282051
E00155222,168,57,19,38,111,90,21,33.92857142857143,11.30952380952381,22.61904761904762,66.07142857142857,53.57142857142857,12.5
E00155223,171,58,20,38,113,97,16,33.91812865497076,11.695906432748536,22.22222222222222,66.08187134502924,56.72514619883041,9.35672514619883
E00155224,138,38,11,27,100,82,18,27.536231884057973,7.971014492753622,19.565217391304348,72.46376811594203,59.42028985507246,13.043478260869565
E00155225,106,19,1,18,87,74,13,17.92452830188679,0.9433962264150944,16.9811320754717,82.0754716981132,69.81132075471697,12.264150943396226
E00155226,123,34,11,23,89,74,15,27.64227642276423,8.94308943089431,18.69918699186992,72.35772357723577,60.16260162601627,12.195121951219512
E00155227,179,56,16,40,123,103,20,31.28491620111732,8.938547486033519,22.3463687150838,68.71508379888269,57.54189944134078,11.1731843575419
E00155228,134,38,14,24,96,83,13,28.35820895522388,10.44776119402985,17.91044776119403,71.64179104477611,61.940298507462686,9.701492537313433
E00155229,105,35,17,18,70,63,7,33.33333333333333,16.19047619047619,17.142857142857142,66.66666666666666,60,6.666666666666667
E00155230,182,49,15,34,133,116,17,26.923076923076923,8.241758241758241,18.681318681318682,73.07692307692307,63.73626373626373,9.340659340659341
E00155231,136,37,16,21,99,81,18,27.205882352941174,11.76470588235294,15.441176470588236,72.79411764705883,59.55882352941176,13.23529411764706
E00155232,189,37,15,22,152,128,24,19.576719576719576,7.936507936507936,11.64021164021164,80.42328042328042,67.72486772486772,12.698412698412698
E00155233,193,53,17,36,140,123,17,27.461139896373055,8.808290155440414,18.65284974093264,72.53886010362694,63.730569948186535,8.808290155440414
E00155234,128,37,14,23,91,77,14,28.90625,10.9375,17.96875,71.09375,60.15625,10.9375
E00155235,158,32,11,21,126,112,14,20.253164556962027,6.962025316455696,13.291139240506327,79.74683544303798,70.88607594936708,8.860759493670885
E00155236,170,41,11,30,129,99,30,24.11764705882353,6.470588235294119,17.647058823529413,75.88235294117646,58.235294117647065,17.647058823529413
E00155237,139,44,11,33,95,75,20,31.654676258992804,7.913669064748201,23.741007194244602,68.34532374100719,53.956834532374096,14.388489208633093
E00155238,165,44,22,22,121,96,25,26.666666666666668,13.333333333333334,13.333333333333334,73.33333333333333,58.18181818181818,15.151515151515152
E00155239,213,55,21,34,158,132,26,25.821596244131456,9.859154929577464,15.96244131455399,74.17840375586854,61.97183098591549,12.206572769953052
E00155240,222,60,19,41,162,127,35,27.027027027027028,8.558558558558559,18.46846846846847,72.97297297297297,57.20720720720721,15.765765765765765
E00155241,149,43,14,29,106,86,20,28.859060402684566,9.395973154362416,19.463087248322147,71.14093959731544,57.71812080536913,13.422818791946309
E00155242,160,56,25,31,104,85,19,35,15.625,19.375,65,53.125,11.875
E00155243,144,53,24,29,91,64,27,36.80555555555556,16.666666666666664,20.13888888888889,63.19444444444444,44.44444444444444,18.75
E00155244,186,66,19,47,120,109,11,35.483870967741936,10.21505376344086,25.268817204301076,64.51612903225806,58.602150537634415,5.913978494623656
E00155245,234,67,35,32,167,131,36,28.63247863247863,14.957264957264957,13.675213675213676,71.36752136752136,55.98290598290598,15.384615384615385
E00155246,91,29,16,13,62,47,15,31.868131868131865,17.582417582417584,14.285714285714285,68.13186813186813,51.64835164835166,16.483516483516482
E00155247,192,44,19,25,148,129,19,22.916666666666664,9.895833333333332,13.020833333333334,77.08333333333334,67.1875,9.895833333333332
E00155248,172,60,26,34,112,84,28,34.883720930232556,15.11627906976744,19.767441860465116,65.11627906976744,48.837209302325576,16.27906976744186
E00155249,139,34,11,23,105,90,15,24.46043165467626,7.913669064748201,16.546762589928058,75.53956834532374,64.74820143884892,10.79136690647482
E00155250,195,68,29,39,127,101,26,34.87179487179487,14.871794871794872,20,65.12820512820512,51.7948717948718,13.333333333333334
E00155251,148,42,19,23,106,88,18,28.37837837837838,12.837837837837837,15.54054054054054,71.62162162162163,59.45945945945946,12.162162162162163
E00155252,155,42,17,25,113,95,18,27.09677419354839,10.967741935483872,16.129032258064516,72.90322580645162,61.29032258064516,11.612903225806452
E00155253,149,43,15,28,106,86,20,28.859060402684566,10.06711409395973,18.79194630872483,71.14093959731544,57.71812080536913,13.422818791946309
E00155254,159,42,12,30,117,92,25,26.41509433962264,7.547169811320755,18.867924528301888,73.58490566037736,57.861635220125784,15.723270440251572
E00155255,137,44,15,29,93,76,17,32.11678832116788,10.948905109489052,21.16788321167883,67.88321167883211,55.47445255474452,12.408759124087592
E00155256,178,57,18,39,121,90,31,32.02247191011236,10.112359550561797,21.910112359550563,67.97752808988764,50.56179775280899,17.415730337078653
E00155257,164,57,30,27,107,77,30,34.756097560975604,18.29268292682927,16.463414634146343,65.2439024390244,46.95121951219512,18.29268292682927
E00155259,141,36,11,25,105,87,18,25.53191489361702,7.801418439716312,17.73049645390071,74.46808510638297,61.702127659574465,12.76595744680851
E00155260,168,49,23,26,119,80,39,29.166666666666668,13.690476190476192,15.476190476190476,70.83333333333334,47.61904761904761,23.214285714285715
E00155261,127,30,11,19,97,60,37,23.62204724409449,8.661417322834646,14.960629921259844,76.37795275590551,47.24409448818898,29.133858267716533
E00155262,200,57,28,29,143,104,39,28.499999999999996,14.000000000000002,14.499999999999998,71.5,52,19.5
E00155263,176,52,23,29,124,87,37,29.545454545454547,13.068181818181818,16.477272727272727,70.45454545454545,49.43181818181818,21.022727272727273
E00155264,172,47,26,21,125,98,27,27.325581395348834,15.11627906976744,12.209302325581394,72.67441860465115,56.97674418604651,15.69767441860465
E00155265,106,44,18,26,62,48,14,41.509433962264154,16.9811320754717,24.528301886792452,58.490566037735846,45.28301886792453,13.20754716981132
E00155266,171,57,28,29,114,77,37,33.33333333333333,16.374269005847953,16.95906432748538,66.66666666666666,45.02923976608187,21.637426900584796
E00155267,59,18,10,8,41,28,13,30.508474576271187,16.94915254237288,13.559322033898304,69.49152542372882,47.45762711864407,22.033898305084744
E00155268,143,39,18,21,104,75,29,27.27272727272727,12.587412587412588,14.685314685314685,72.72727272727273,52.44755244755245,20.27972027972028
E00155269,169,53,25,28,116,89,27,31.360946745562128,14.792899408284024,16.56804733727811,68.63905325443787,52.662721893491124,15.976331360946746
E00155270,150,44,13,31,106,84,22,29.333333333333332,8.666666666666668,20.666666666666668,70.66666666666667,56.00000000000001,14.666666666666666
E00155271,115,40,22,18,75,46,29,34.78260869565217,19.130434782608695,15.65217391304348,65.21739130434783,40,25.217391304347824
E00155272,119,44,18,26,75,59,16,36.97478991596639,15.126050420168067,21.84873949579832,63.02521008403361,49.57983193277311,13.445378151260504
E00155273,158,55,25,30,103,74,29,34.810126582278485,15.822784810126583,18.9873417721519,65.18987341772153,46.835443037974684,18.354430379746837
E00155274,87,32,10,22,55,43,12,36.7816091954023,11.494252873563218,25.287356321839084,63.2183908045977,49.42528735632184,13.793103448275861
E00155275,118,40,27,13,78,42,36,33.89830508474576,22.88135593220339,11.016949152542372,66.10169491525424,35.59322033898305,30.508474576271187
E00155276,137,39,19,20,98,66,32,28.467153284671532,13.86861313868613,14.5985401459854,71.53284671532847,48.175182481751825,23.357664233576642
E00155277,157,51,25,26,106,83,23,32.48407643312102,15.92356687898089,16.560509554140125,67.51592356687898,52.86624203821656,14.64968152866242
E00155278,111,33,14,19,78,58,20,29.72972972972973,12.612612612612612,17.117117117117118,70.27027027027027,52.25225225225225,18.01801801801802
E00155279,169,47,17,30,122,76,46,27.810650887573964,10.059171597633137,17.75147928994083,72.18934911242604,44.97041420118343,27.218934911242602
E00155280,160,50,24,26,110,78,32,31.25,15,16.25,68.75,48.75,20
E00155281,130,47,16,31,83,67,16,36.15384615384615,12.307692307692308,23.846153846153847,63.84615384615384,51.53846153846153,12.307692307692308
E00155282,140,38,15,23,102,74,28,27.142857142857142,10.714285714285714,16.428571428571427,72.85714285714285,52.85714285714286,20
E00155283,92,33,19,14,59,48,11,35.869565217391305,20.652173913043477,15.217391304347828,64.13043478260869,52.17391304347826,11.956521739130435
E00155284,138,50,25,25,88,52,36,36.231884057971016,18.115942028985508,18.115942028985508,63.76811594202898,37.68115942028986,26.08695652173913
E00155285,167,47,23,24,120,95,25,28.143712574850298,13.77245508982036,14.37125748502994,71.8562874251497,56.886227544910184,14.97005988023952
E00155286,119,41,16,25,78,52,26,34.45378151260504,13.445378151260504,21.008403361344538,65.54621848739495,43.69747899159664,21.84873949579832
E00155287,154,47,25,22,107,69,38,30.519480519480517,16.233766233766232,14.285714285714285,69.48051948051948,44.8051948051948,24.675324675324674
E00155288,142,51,27,24,91,64,27,35.91549295774648,19.014084507042252,16.901408450704224,64.08450704225352,45.07042253521127,19.014084507042252
E00155289,160,47,17,30,113,82,31,29.375,10.625,18.75,70.625,51.24999999999999,19.375
E00155290,130,41,19,22,89,72,17,31.538461538461537,14.615384615384617,16.923076923076923,68.46153846153847,55.38461538461539,13.076923076923078
E00155291,159,61,21,40,98,70,28,38.36477987421384,13.20754716981132,25.157232704402517,61.63522012578616,44.0251572327044,17.61006289308176
E00155292,162,38,16,22,124,82,42,23.456790123456788,9.876543209876543,13.580246913580247,76.5432098765432,50.617283950617285,25.925925925925924
E00155293,150,51,24,27,99,70,29,34,16,18,66,46.666666666666664,19.333333333333332
E00155294,175,71,39,32,104,85,19,40.57142857142857,22.285714285714285,18.285714285714285,59.42857142857143,48.57142857142857,10.857142857142858
E00155295,168,52,25,27,116,66,50,30.952380952380953,14.880952380952381,16.071428571428573,69.04761904761905,39.285714285714285,29.761904761904763
E00155296,55,20,10,10,35,20,15,36.36363636363637,18.181818181818183,18.181818181818183,63.63636363636363,36.36363636363637,27.27272727272727
E00155297,120,42,27,15,78,55,23,35,22.5,12.5,65,45.83333333333333,19.166666666666668
E00155298,145,35,13,22,110,88,22,24.137931034482758,8.96551724137931,15.172413793103448,75.86206896551724,60.689655172413794,15.172413793103448
E00155299,157,59,27,32,98,83,15,37.57961783439491,17.197452229299362,20.382165605095544,62.42038216560509,52.86624203821656,9.554140127388536
E00155300,124,38,17,21,86,70,16,30.64516129032258,13.709677419354838,16.93548387096774,69.35483870967742,56.451612903225815,12.903225806451612
E00155301,181,55,22,33,126,107,19,30.386740331491712,12.154696132596685,18.23204419889503,69.61325966850829,59.11602209944752,10.497237569060774
E00155302,148,53,23,30,95,82,13,35.810810810810814,15.54054054054054,20.27027027027027,64.1891891891892,55.4054054054054,8.783783783783784
E00155303,165,31,13,18,134,114,20,18.787878787878785,7.878787878787878,10.909090909090908,81.21212121212122,69.0909090909091,12.121212121212121
E00155304,146,40,13,27,106,75,31,27.397260273972602,8.904109589041095,18.493150684931507,72.6027397260274,51.369863013698634,21.232876712328768
E00155305,214,55,24,31,159,143,16,25.70093457943925,11.214953271028037,14.485981308411214,74.29906542056075,66.82242990654206,7.476635514018691
E00155306,142,41,19,22,101,87,14,28.87323943661972,13.380281690140844,15.492957746478872,71.12676056338029,61.267605633802816,9.859154929577464
E00155307,134,29,12,17,105,84,21,21.641791044776117,8.955223880597014,12.686567164179104,78.35820895522389,62.68656716417911,15.671641791044777
E00155309,143,34,11,23,109,95,14,23.776223776223777,7.6923076923076925,16.083916083916083,76.22377622377621,66.43356643356644,9.79020979020979
E00155310,259,55,23,32,204,168,36,21.235521235521233,8.880308880308881,12.355212355212355,78.76447876447877,64.86486486486487,13.8996138996139
E00155311,231,55,30,25,176,152,24,23.809523809523807,12.987012987012985,10.822510822510822,76.19047619047619,65.80086580086581,10.38961038961039
E00155312,135,45,15,30,90,78,12,33.33333333333333,11.11111111111111,22.22222222222222,66.66666666666666,57.77777777777777,8.88888888888889
E00155313,104,38,12,26,66,56,10,36.53846153846153,11.538461538461538,25,63.46153846153846,53.84615384615385,9.615384615384617
E00155314,220,51,26,25,169,145,24,23.18181818181818,11.818181818181818,11.363636363636363,76.81818181818181,65.9090909090909,10.909090909090908
E00155315,164,49,30,19,115,102,13,29.878048780487802,18.29268292682927,11.585365853658537,70.1219512195122,62.19512195121951,7.926829268292683
E00155316,178,56,19,37,122,95,27,31.46067415730337,10.674157303370785,20.786516853932586,68.53932584269663,53.37078651685393,15.168539325842698
E00155317,202,56,28,28,146,125,21,27.722772277227726,13.861386138613863,13.861386138613863,72.27722772277228,61.88118811881188,10.396039603960396
E00155318,124,30,17,13,94,82,12,24.193548387096776,13.709677419354838,10.483870967741936,75.80645161290323,66.12903225806451,9.67741935483871
E00155319,203,47,26,21,156,131,25,23.15270935960591,12.807881773399016,10.344827586206897,76.84729064039408,64.5320197044335,12.31527093596059
E00155320,179,46,21,25,133,89,44,25.69832402234637,11.731843575418994,13.966480446927374,74.30167597765363,49.72067039106145,24.581005586592177
E00155321,158,46,25,21,112,75,37,29.11392405063291,15.822784810126583,13.291139240506327,70.88607594936708,47.46835443037975,23.417721518987342
E00155322,122,36,15,21,86,65,21,29.508196721311474,12.295081967213115,17.21311475409836,70.49180327868852,53.278688524590166,17.21311475409836
E00155323,96,30,15,15,66,57,9,31.25,15.625,15.625,68.75,59.375,9.375
E00155324,123,37,15,22,86,55,31,30.081300813008134,12.195121951219512,17.88617886178862,69.91869918699187,44.71544715447154,25.203252032520325
E00155325,147,32,14,18,115,99,16,21.768707482993197,9.523809523809524,12.244897959183673,78.2312925170068,67.3469387755102,10.884353741496598
E00155326,123,28,13,15,95,75,20,22.76422764227642,10.569105691056912,12.195121951219512,77.23577235772358,60.97560975609756,16.260162601626014
E00155327,211,50,24,26,161,137,24,23.696682464454977,11.374407582938389,12.322274881516588,76.30331753554502,64.92890995260665,11.374407582938389
E00155328,226,61,21,40,165,143,22,26.991150442477874,9.29203539823009,17.699115044247787,73.00884955752213,63.27433628318584,9.734513274336283
E00155329,180,41,15,26,139,118,21,22.77777777777778,8.333333333333332,14.444444444444443,77.22222222222223,65.55555555555556,11.666666666666666
E00155330,307,59,22,37,248,208,40,19.218241042345277,7.166123778501629,12.052117263843648,80.78175895765473,67.75244299674267,13.029315960912053
E00155331,221,76,35,41,145,116,29,34.38914027149321,15.837104072398189,18.552036199095024,65.61085972850678,52.488687782805435,13.122171945701359
E00155332,173,53,25,28,120,97,23,30.63583815028902,14.450867052023122,16.184971098265898,69.36416184971098,56.06936416184971,13.294797687861271
E00155333,188,45,18,27,143,109,34,23.93617021276596,9.574468085106384,14.361702127659576,76.06382978723404,57.97872340425532,18.085106382978726
E00155334,264,54,25,29,210,171,39,20.454545454545457,9.469696969696969,10.984848484848484,79.54545454545455,64.77272727272727,14.772727272727273
E00155335,222,54,18,36,168,130,38,24.324324324324326,8.108108108108109,16.216216216216218,75.67567567567568,58.55855855855856,17.117117117117118
E00155336,143,51,27,24,92,65,27,35.66433566433567,18.88111888111888,16.783216783216783,64.33566433566433,45.45454545454545,18.88111888111888
E00155337,153,50,25,25,103,88,15,32.6797385620915,16.33986928104575,16.33986928104575,67.3202614379085,57.51633986928104,9.803921568627452
E00155338,167,40,16,24,127,105,22,23.952095808383234,9.580838323353294,14.37125748502994,76.04790419161677,62.874251497005986,13.17365269461078
E00155339,178,47,21,26,131,86,45,26.40449438202247,11.797752808988763,14.606741573033707,73.59550561797754,48.31460674157304,25.280898876404496
E00155340,141,27,10,17,114,92,22,19.148936170212767,7.092198581560284,12.056737588652481,80.85106382978722,65.24822695035462,15.602836879432624
E00155341,83,18,9,9,65,41,24,21.686746987951807,10.843373493975903,10.843373493975903,78.3132530120482,49.39759036144578,28.915662650602407
E00155342,163,40,26,14,123,80,43,24.539877300613497,15.950920245398773,8.588957055214724,75.4601226993865,49.079754601226995,26.380368098159508
E00155343,155,49,21,28,106,62,44,31.61290322580645,13.548387096774196,18.064516129032256,68.38709677419355,40,28.387096774193548
E00155344,240,49,20,29,191,157,34,20.416666666666668,8.333333333333332,12.083333333333334,79.58333333333333,65.41666666666667,14.166666666666666
E00155345,180,45,21,24,135,118,17,25,11.666666666666666,13.333333333333334,75,65.55555555555556,9.444444444444445
E00155346,162,48,22,26,114,98,16,29.629629629629626,13.580246913580247,16.049382716049383,70.37037037037037,60.49382716049383,9.876543209876543
E00155347,185,45,17,28,140,121,19,24.324324324324326,9.18918918918919,15.135135135135137,75.67567567567568,65.4054054054054,10.27027027027027
E00155348,157,34,18,16,123,102,21,21.656050955414013,11.464968152866243,10.191082802547772,78.343949044586,64.96815286624204,13.375796178343949
E00155349,152,31,18,13,121,100,21,20.394736842105264,11.842105263157894,8.552631578947368,79.60526315789474,65.78947368421053,13.815789473684212
E00155350,141,20,8,12,121,99,22,14.184397163120568,5.673758865248227,8.51063829787234,85.81560283687944,70.2127659574468,15.602836879432624
E00155351,126,29,10,19,97,85,12,23.015873015873016,7.936507936507936,15.079365079365079,76.98412698412699,67.46031746031747,9.523809523809524
E00155352,158,44,18,26,114,100,14,27.848101265822784,11.39240506329114,16.455696202531644,72.15189873417721,63.29113924050633,8.860759493670885
E00155353,151,42,17,25,109,79,30,27.81456953642384,11.258278145695364,16.55629139072848,72.18543046357617,52.317880794701985,19.867549668874172
E00155354,70,26,16,10,44,32,12,37.142857142857146,22.857142857142858,14.285714285714285,62.857142857142854,45.714285714285715,17.142857142857142
E00155355,198,27,9,18,171,140,31,13.636363636363635,4.545454545454546,9.090909090909092,86.36363636363636,70.70707070707071,15.656565656565657
E00155356,151,22,8,14,129,111,18,14.56953642384106,5.298013245033113,9.271523178807946,85.43046357615894,73.50993377483444,11.920529801324504
E00155357,122,44,18,26,78,48,30,36.0655737704918,14.754098360655737,21.311475409836063,63.934426229508205,39.34426229508197,24.59016393442623
E00155358,136,28,10,18,108,81,27,20.588235294117645,7.352941176470589,13.23529411764706,79.41176470588235,59.55882352941176,19.852941176470587
E00155359,161,29,10,19,132,108,24,18.012422360248447,6.211180124223603,11.801242236024844,81.98757763975155,67.08074534161491,14.906832298136646
E00155360,189,61,25,36,128,79,49,32.27513227513227,13.227513227513226,19.047619047619047,67.72486772486772,41.7989417989418,25.925925925925924
E00155361,174,60,16,44,114,96,18,34.48275862068966,9.195402298850574,25.287356321839084,65.51724137931035,55.172413793103445,10.344827586206897
E00155362,162,54,28,26,108,76,32,33.33333333333333,17.28395061728395,16.049382716049383,66.66666666666666,46.913580246913575,19.753086419753085
E00155363,123,35,17,18,88,67,21,28.455284552845526,13.821138211382115,14.634146341463413,71.54471544715447,54.47154471544715,17.073170731707318
E00155364,214,88,41,47,126,94,32,41.1214953271028,19.158878504672895,21.962616822429908,58.87850467289719,43.925233644859816,14.953271028037381
E00155365,130,54,24,30,76,57,19,41.53846153846154,18.461538461538463,23.076923076923077,58.46153846153847,43.84615384615385,14.615384615384617
E00155366,187,66,32,34,121,83,38,35.294117647058826,17.11229946524064,18.181818181818183,64.70588235294117,44.38502673796791,20.32085561497326
E00155367,119,17,6,11,102,93,9,14.285714285714285,5.042016806722689,9.243697478991598,85.71428571428571,78.15126050420169,7.563025210084033
E00155368,170,43,16,27,127,104,23,25.294117647058822,9.411764705882353,15.88235294117647,74.70588235294117,61.1764705882353,13.529411764705882
E00155369,164,35,17,18,129,98,31,21.341463414634145,10.365853658536585,10.975609756097562,78.65853658536585,59.756097560975604,18.902439024390244
E00155370,140,47,20,27,93,76,17,33.57142857142857,14.285714285714285,19.28571428571429,66.42857142857143,54.285714285714285,12.142857142857142
E00155371,160,45,20,25,115,99,16,28.125,12.5,15.625,71.875,61.875,10
E00155372,146,50,20,30,96,78,18,34.24657534246575,13.698630136986301,20.54794520547945,65.75342465753424,53.42465753424658,12.32876712328767
E00155373,208,64,21,43,144,121,23,30.76923076923077,10.096153846153847,20.673076923076923,69.23076923076923,58.17307692307693,11.057692307692307
E00155374,127,29,8,21,98,87,11,22.83464566929134,6.299212598425196,16.535433070866144,77.16535433070865,68.50393700787401,8.661417322834646
E00155375,142,46,15,31,96,77,19,32.3943661971831,10.56338028169014,21.830985915492956,67.6056338028169,54.22535211267606,13.380281690140844
E00155376,161,52,16,36,109,95,14,32.298136645962735,9.937888198757763,22.36024844720497,67.70186335403726,59.006211180124225,8.695652173913043
E00155378,183,55,23,32,128,110,18,30.05464480874317,12.568306010928962,17.48633879781421,69.94535519125684,60.10928961748634,9.836065573770492
E00155379,130,45,14,31,85,66,19,34.61538461538461,10.76923076923077,23.846153846153847,65.38461538461539,50.76923076923077,14.615384615384617
E00155381,135,45,19,26,90,73,17,33.33333333333333,14.074074074074074,19.25925925925926,66.66666666666666,54.074074074074076,12.592592592592592
E00155382,175,56,19,37,119,91,28,32,10.857142857142858,21.142857142857142,68,52,16
E00155383,159,47,18,29,112,80,32,29.559748427672954,11.320754716981133,18.238993710691823,70.44025157232704,50.314465408805034,20.125786163522015
E00155384,129,46,22,24,83,66,17,35.65891472868217,17.05426356589147,18.6046511627907,64.34108527131784,51.162790697674424,13.178294573643413
E00155385,113,42,26,16,71,48,23,37.16814159292036,23.008849557522122,14.15929203539823,62.83185840707964,42.47787610619469,20.353982300884958
E00155386,194,66,28,38,128,100,28,34.02061855670103,14.432989690721648,19.587628865979383,65.97938144329896,51.546391752577314,14.432989690721648
E00155387,139,36,13,23,103,81,22,25.899280575539567,9.352517985611511,16.546762589928058,74.10071942446042,58.27338129496403,15.827338129496402
E00155388,161,39,7,32,122,105,17,24.22360248447205,4.3478260869565215,19.875776397515526,75.77639751552795,65.21739130434783,10.559006211180124
E00155389,148,45,20,25,103,89,14,30.405405405405407,13.513513513513514,16.89189189189189,69.5945945945946,60.13513513513513,9.45945945945946
E00155390,162,42,15,27,120,106,14,25.925925925925924,9.25925925925926,16.666666666666664,74.07407407407408,65.4320987654321,8.641975308641975
E00155391,159,54,25,29,105,90,15,33.9622641509434,15.723270440251572,18.238993710691823,66.0377358490566,56.60377358490566,9.433962264150944
E00155392,160,37,19,18,123,109,14,23.125,11.875,11.25,76.875,68.125,8.75
E00155393,164,45,19,26,119,102,17,27.439024390243905,11.585365853658537,15.853658536585366,72.5609756097561,62.19512195121951,10.365853658536585
E00155394,199,55,24,31,144,108,36,27.63819095477387,12.060301507537687,15.577889447236181,72.36180904522614,54.2713567839196,18.090452261306535
E00155395,143,48,15,33,95,84,11,33.56643356643357,10.48951048951049,23.076923076923077,66.43356643356644,58.74125874125874,7.6923076923076925
E00155396,95,28,20,8,67,52,15,29.47368421052631,21.052631578947366,8.421052631578947,70.52631578947368,54.736842105263165,15.789473684210526
E00155397,127,46,19,27,81,68,13,36.22047244094488,14.960629921259844,21.25984251968504,63.77952755905512,53.54330708661418,10.236220472440944
E00155398,177,53,29,24,124,100,24,29.943502824858758,16.38418079096045,13.559322033898304,70.05649717514125,56.49717514124294,13.559322033898304
E00155399,150,60,27,33,90,74,16,40,18,22,60,49.333333333333336,10.666666666666668
E00155400,131,40,17,23,91,83,8,30.53435114503817,12.977099236641221,17.557251908396946,69.46564885496184,63.358778625954194,6.106870229007633
E00155401,139,35,12,23,104,84,20,25.179856115107913,8.633093525179856,16.546762589928058,74.82014388489209,60.431654676258994,14.388489208633093
E00155402,208,61,25,36,147,117,30,29.326923076923077,12.01923076923077,17.307692307692307,70.67307692307693,56.25,14.423076923076922
E00155403,74,28,10,18,46,37,9,37.83783783783784,13.513513513513514,24.324324324324326,62.16216216216216,50,12.162162162162163
E00155404,155,50,25,25,105,77,28,32.25806451612903,16.129032258064516,16.129032258064516,67.74193548387096,49.67741935483871,18.064516129032256
E00155405,154,38,16,22,116,84,32,24.675324675324674,10.38961038961039,14.285714285714285,75.32467532467533,54.54545454545454,20.77922077922078
E00155406,179,47,17,30,132,103,29,26.256983240223462,9.497206703910614,16.75977653631285,73.74301675977654,57.54189944134078,16.201117318435752
E00155407,188,60,27,33,128,102,26,31.914893617021278,14.361702127659576,17.5531914893617,68.08510638297872,54.25531914893617,13.829787234042554
E00155409,136,66,38,28,70,59,11,48.529411764705884,27.941176470588236,20.588235294117645,51.470588235294116,43.38235294117647,8.088235294117647
E00155410,126,49,29,20,77,68,9,38.88888888888889,23.015873015873016,15.873015873015872,61.111111111111114,53.96825396825397,7.142857142857142
E00155412,156,83,57,26,73,66,7,53.205128205128204,36.53846153846153,16.666666666666664,46.794871794871796,42.30769230769231,4.487179487179487
E00155413,165,56,29,27,109,90,19,33.939393939393945,17.575757575757574,16.363636363636363,66.06060606060606,54.54545454545454,11.515151515151516
E00155415,167,55,16,39,112,99,13,32.93413173652694,9.580838323353294,23.353293413173652,67.06586826347305,59.281437125748504,7.784431137724551
E00155416,159,48,18,30,111,86,25,30.18867924528302,11.320754716981133,18.867924528301888,69.81132075471697,54.088050314465406,15.723270440251572
E00155417,156,38,16,22,118,101,17,24.358974358974358,10.256410256410255,14.102564102564102,75.64102564102564,64.74358974358975,10.897435897435898
E00155418,72,21,10,11,51,45,6,29.166666666666668,13.88888888888889,15.277777777777779,70.83333333333334,62.5,8.333333333333332
E00155419,182,45,10,35,137,111,26,24.725274725274726,5.4945054945054945,19.230769230769234,75.27472527472527,60.98901098901099,14.285714285714285
E00155420,164,50,22,28,114,86,28,30.48780487804878,13.414634146341465,17.073170731707318,69.51219512195121,52.4390243902439,17.073170731707318
E00155421,154,40,19,21,114,75,39,25.97402597402597,12.337662337662337,13.636363636363635,74.02597402597402,48.701298701298704,25.324675324675322
E00155422,137,47,17,30,90,62,28,34.306569343065696,12.408759124087592,21.897810218978105,65.69343065693431,45.25547445255474,20.437956204379564
E00155423,109,32,15,17,77,53,24,29.357798165137616,13.761467889908257,15.59633027522936,70.64220183486239,48.62385321100918,22.018348623853214
E00155424,129,39,16,23,90,68,22,30.23255813953488,12.4031007751938,17.829457364341085,69.76744186046511,52.71317829457365,17.05426356589147
E00155425,177,63,22,41,114,76,38,35.59322033898305,12.429378531073446,23.163841807909606,64.40677966101694,42.93785310734463,21.468926553672315
E00155426,154,45,14,31,109,87,22,29.22077922077922,9.090909090909092,20.12987012987013,70.77922077922078,56.493506493506494,14.285714285714285
E00155427,98,30,13,17,68,43,25,30.612244897959183,13.26530612244898,17.346938775510203,69.38775510204081,43.87755102040816,25.510204081632654
E00155428,92,26,12,14,66,33,33,28.26086956521739,13.043478260869565,15.217391304347828,71.73913043478261,35.869565217391305,35.869565217391305
E00155429,167,44,23,21,123,90,33,26.34730538922156,13.77245508982036,12.574850299401197,73.65269461077844,53.89221556886228,19.760479041916167
E00155430,122,31,16,15,91,64,27,25.40983606557377,13.114754098360656,12.295081967213115,74.59016393442623,52.459016393442624,22.131147540983605
E00155432,179,36,11,25,143,93,50,20.11173184357542,6.145251396648044,13.966480446927374,79.88826815642457,51.955307262569825,27.932960893854748
E00155433,182,54,25,29,128,91,37,29.67032967032967,13.736263736263737,15.934065934065933,70.32967032967034,50,20.32967032967033
E00155434,152,43,21,22,109,83,26,28.289473684210524,13.815789473684212,14.473684210526317,71.71052631578947,54.60526315789473,17.105263157894736
E00155435,237,64,26,38,173,136,37,27.004219409282697,10.970464135021098,16.033755274261605,72.9957805907173,57.383966244725734,15.611814345991561
E00155436,155,32,12,20,123,89,34,20.64516129032258,7.741935483870968,12.903225806451612,79.35483870967742,57.41935483870968,21.935483870967744
E00155437,159,33,7,26,126,113,13,20.754716981132077,4.40251572327044,16.352201257861633,79.24528301886792,71.0691823899371,8.176100628930817
E00155438,189,44,23,21,145,102,43,23.28042328042328,12.16931216931217,11.11111111111111,76.71957671957672,53.96825396825397,22.75132275132275
E00155439,193,49,27,22,144,118,26,25.38860103626943,13.989637305699482,11.398963730569948,74.61139896373057,61.13989637305699,13.471502590673575
E00155440,115,34,14,20,81,64,17,29.565217391304348,12.173913043478262,17.391304347826086,70.43478260869566,55.65217391304348,14.782608695652174
E00155441,105,39,15,24,66,56,10,37.142857142857146,14.285714285714285,22.857142857142858,62.857142857142854,53.333333333333336,9.523809523809524
E00155442,136,46,27,19,90,72,18,33.82352941176471,19.852941176470587,13.970588235294118,66.17647058823529,52.94117647058824,13.23529411764706
E00155443,106,24,3,21,82,67,15,22.641509433962266,2.8301886792452833,19.81132075471698,77.35849056603774,63.20754716981132,14.150943396226415
E00155444,121,36,18,18,85,58,27,29.75206611570248,14.87603305785124,14.87603305785124,70.24793388429752,47.93388429752066,22.31404958677686
E00155445,141,41,21,20,100,78,22,29.078014184397162,14.893617021276595,14.184397163120568,70.92198581560284,55.319148936170215,15.602836879432624
E00155446,112,30,14,16,82,66,16,26.785714285714285,12.5,14.285714285714285,73.21428571428571,58.92857142857143,14.285714285714285
E00155447,207,67,22,45,140,114,26,32.367149758454104,10.628019323671497,21.73913043478261,67.6328502415459,55.072463768115945,12.560386473429952
E00155448,70,27,11,16,43,27,16,38.57142857142858,15.714285714285714,22.857142857142858,61.42857142857143,38.57142857142858,22.857142857142858
E00155449,132,29,15,14,103,76,27,21.96969696969697,11.363636363636363,10.606060606060606,78.03030303030303,57.57575757575758,20.454545454545457
E00155450,161,39,16,23,122,101,21,24.22360248447205,9.937888198757763,14.285714285714285,75.77639751552795,62.732919254658384,13.043478260869565
E00155451,137,44,18,26,93,78,15,32.11678832116788,13.138686131386862,18.97810218978102,67.88321167883211,56.934306569343065,10.948905109489052
E00155452,146,36,10,26,110,83,27,24.65753424657534,6.8493150684931505,17.80821917808219,75.34246575342466,56.849315068493155,18.493150684931507
E00155453,135,45,21,24,90,70,20,33.33333333333333,15.555555555555555,17.77777777777778,66.66666666666666,51.85185185185185,14.814814814814813
E00155454,143,49,25,24,94,75,19,34.26573426573427,17.482517482517483,16.783216783216783,65.73426573426573,52.44755244755245,13.286713286713287
E00155455,198,56,28,28,142,91,51,28.28282828282828,14.14141414141414,14.14141414141414,71.71717171717171,45.95959595959596,25.757575757575758
E00155456,141,46,16,30,95,81,14,32.62411347517731,11.347517730496454,21.27659574468085,67.37588652482269,57.446808510638306,9.929078014184398
E00155457,159,46,15,31,113,76,37,28.930817610062892,9.433962264150944,19.49685534591195,71.0691823899371,47.79874213836478,23.270440251572328
E00155458,230,62,17,45,168,126,42,26.956521739130434,7.391304347826087,19.565217391304348,73.04347826086956,54.78260869565217,18.26086956521739
E00155459,124,45,18,27,79,66,13,36.29032258064516,14.516129032258066,21.774193548387096,63.70967741935484,53.2258064516129,10.483870967741936
E00155460,218,68,27,41,150,115,35,31.19266055045872,12.385321100917432,18.807339449541285,68.80733944954129,52.752293577981646,16.055045871559635
E00155461,149,42,18,24,107,91,16,28.187919463087248,12.080536912751679,16.10738255033557,71.81208053691275,61.07382550335571,10.738255033557047
E00155462,119,30,14,16,89,71,18,25.210084033613445,11.76470588235294,13.445378151260504,74.78991596638656,59.66386554621849,15.126050420168067
E00155463,147,38,19,19,109,71,38,25.850340136054424,12.925170068027212,12.925170068027212,74.14965986394559,48.29931972789115,25.850340136054424
E00155464,147,55,21,34,92,79,13,37.41496598639456,14.285714285714285,23.12925170068027,62.585034013605444,53.74149659863946,8.843537414965986
E00155465,135,41,16,25,94,75,19,30.37037037037037,11.851851851851853,18.51851851851852,69.62962962962963,55.55555555555556,14.074074074074074
E00155466,99,33,9,24,66,55,11,33.33333333333333,9.090909090909092,24.242424242424242,66.66666666666666,55.55555555555556,11.11111111111111
E00155467,186,37,14,23,149,124,25,19.892473118279568,7.526881720430108,12.365591397849462,80.10752688172043,66.66666666666666,13.440860215053762
E00155468,179,47,15,32,132,107,25,26.256983240223462,8.379888268156424,17.877094972067038,73.74301675977654,59.77653631284916,13.966480446927374
E00155469,180,45,21,24,135,111,24,25,11.666666666666666,13.333333333333334,75,61.66666666666667,13.333333333333334
E00155470,117,41,16,25,76,54,22,35.04273504273504,13.675213675213676,21.367521367521366,64.95726495726495,46.15384615384615,18.803418803418804
E00155471,193,66,28,38,127,108,19,34.196891191709845,14.507772020725387,19.689119170984455,65.80310880829016,55.95854922279793,9.844559585492227
E00155472,101,35,8,27,66,55,11,34.65346534653465,7.920792079207921,26.732673267326735,65.34653465346535,54.45544554455446,10.891089108910892
E00155473,227,77,18,59,150,132,18,33.92070484581498,7.929515418502203,25.991189427312776,66.07929515418502,58.14977973568281,7.929515418502203
E00155474,134,45,18,27,89,79,10,33.582089552238806,13.432835820895523,20.149253731343283,66.4179104477612,58.95522388059702,7.462686567164178
E00155475,123,46,17,29,77,68,9,37.39837398373984,13.821138211382115,23.577235772357724,62.601626016260155,55.28455284552846,7.317073170731707
E00155476,195,56,23,33,139,122,17,28.717948717948715,11.794871794871794,16.923076923076923,71.28205128205128,62.56410256410256,8.717948717948717
E00155477,143,56,21,35,87,77,10,39.16083916083916,14.685314685314685,24.475524475524477,60.83916083916085,53.84615384615385,6.993006993006993
E00155478,150,37,9,28,113,94,19,24.666666666666668,6,18.666666666666668,75.33333333333333,62.66666666666667,12.666666666666668
E00155479,115,36,15,21,79,68,11,31.30434782608696,13.043478260869565,18.26086956521739,68.69565217391305,59.130434782608695,9.565217391304348
E00155480,210,59,22,37,151,133,18,28.095238095238095,10.476190476190476,17.61904761904762,71.9047619047619,63.33333333333333,8.571428571428571
E00155481,186,51,14,37,135,114,21,27.419354838709676,7.526881720430108,19.892473118279568,72.58064516129032,61.29032258064516,11.29032258064516
E00155482,178,47,20,27,131,118,13,26.40449438202247,11.235955056179774,15.168539325842698,73.59550561797754,66.29213483146067,7.303370786516854
E00155483,201,60,18,42,141,117,24,29.850746268656714,8.955223880597014,20.8955223880597,70.1492537313433,58.2089552238806,11.940298507462686
E00155484,192,67,23,44,125,106,19,34.89583333333333,11.979166666666668,22.916666666666664,65.10416666666666,55.208333333333336,9.895833333333332
E00155485,167,38,11,27,129,111,18,22.75449101796407,6.58682634730539,16.16766467065868,77.24550898203593,66.46706586826348,10.778443113772456
E00155486,147,50,18,32,97,80,17,34.01360544217687,12.244897959183673,21.768707482993197,65.98639455782312,54.421768707483,11.564625850340136
E00155487,174,38,11,27,136,117,19,21.839080459770116,6.321839080459771,15.517241379310345,78.16091954022988,67.24137931034483,10.919540229885058
E00155488,200,57,19,38,143,111,32,28.499999999999996,9.5,19,71.5,55.50000000000001,16
E00155489,168,34,7,27,134,107,27,20.238095238095237,4.166666666666666,16.071428571428573,79.76190476190477,63.69047619047619,16.071428571428573
E00155490,159,48,21,27,111,91,20,30.18867924528302,13.20754716981132,16.9811320754717,69.81132075471697,57.23270440251572,12.578616352201259
E00155491,142,49,25,24,93,77,16,34.50704225352113,17.6056338028169,16.901408450704224,65.49295774647888,54.22535211267606,11.267605633802818
E00155492,152,42,18,24,110,95,15,27.631578947368425,11.842105263157894,15.789473684210526,72.36842105263158,62.5,9.868421052631579
E00155493,161,58,18,40,103,86,17,36.024844720496894,11.180124223602485,24.84472049689441,63.975155279503106,53.41614906832298,10.559006211180124
E00155495,212,72,31,41,140,119,21,33.9622641509434,14.622641509433961,19.339622641509436,66.0377358490566,56.132075471698116,9.90566037735849
E00155497,193,49,16,33,144,130,14,25.38860103626943,8.290155440414509,17.098445595854923,74.61139896373057,67.35751295336787,7.253886010362693
E00155498,25,4,1,3,21,16,5,16,4,12,84,64,20
E00155499,168,45,14,31,123,102,21,26.785714285714285,8.333333333333332,18.452380952380953,73.21428571428571,60.71428571428571,12.5
E00155501,158,43,19,24,115,99,16,27.21518987341772,12.025316455696203,15.18987341772152,72.78481012658227,62.65822784810127,10.126582278481013
E00155502,150,35,9,26,115,100,15,23.333333333333332,6,17.333333333333336,76.66666666666667,66.66666666666666,10
E00155503,177,53,21,32,124,109,15,29.943502824858758,11.864406779661017,18.07909604519774,70.05649717514125,61.5819209039548,8.47457627118644
E00155504,177,48,18,30,129,117,12,27.11864406779661,10.16949152542373,16.94915254237288,72.88135593220339,66.10169491525424,6.779661016949152
E00155505,183,59,22,37,124,114,10,32.240437158469945,12.021857923497267,20.21857923497268,67.75956284153006,62.295081967213115,5.46448087431694
E00155506,175,57,20,37,118,90,28,32.57142857142858,11.428571428571429,21.142857142857142,67.42857142857143,51.42857142857142,16
E00155507,177,39,10,29,138,124,14,22.033898305084744,5.649717514124294,16.38418079096045,77.96610169491525,70.05649717514125,7.909604519774012
E00155508,153,30,17,13,123,104,19,19.607843137254903,11.11111111111111,8.49673202614379,80.3921568627451,67.97385620915033,12.418300653594772
E00155509,215,62,26,36,153,128,25,28.837209302325583,12.093023255813954,16.74418604651163,71.16279069767441,59.53488372093023,11.627906976744185
E00155510,169,44,18,26,125,113,12,26.035502958579883,10.650887573964498,15.384615384615385,73.96449704142012,66.86390532544378,7.100591715976331
E00155511,187,55,23,32,132,109,23,29.411764705882355,12.299465240641712,17.11229946524064,70.58823529411765,58.288770053475936,12.299465240641712
E00155512,134,34,12,22,100,92,8,25.37313432835821,8.955223880597014,16.417910447761194,74.6268656716418,68.65671641791045,5.970149253731343
E00155513,179,45,21,24,134,122,12,25.139664804469277,11.731843575418994,13.40782122905028,74.86033519553072,68.15642458100558,6.70391061452514
E00155514,199,58,28,30,141,124,17,29.145728643216078,14.07035175879397,15.07537688442211,70.85427135678391,62.311557788944725,8.542713567839195
E00155515,119,34,12,22,85,75,10,28.57142857142857,10.084033613445378,18.487394957983195,71.42857142857143,63.02521008403361,8.403361344537815
E00155516,149,44,18,26,105,76,29,29.53020134228188,12.080536912751679,17.449664429530202,70.46979865771812,51.006711409395976,19.463087248322147
E00155517,114,34,16,18,80,56,24,29.82456140350877,14.035087719298245,15.789473684210526,70.17543859649122,49.122807017543856,21.052631578947366
E00155518,147,46,22,24,101,78,23,31.292517006802722,14.965986394557824,16.3265306122449,68.70748299319727,53.06122448979592,15.646258503401361
E00155519,159,64,31,33,95,70,25,40.25157232704403,19.49685534591195,20.754716981132077,59.74842767295597,44.0251572327044,15.723270440251572
E00155520,196,86,37,49,110,81,29,43.87755102040816,18.877551020408163,25,56.12244897959183,41.3265306122449,14.795918367346939
E00155521,140,40,14,26,100,80,20,28.57142857142857,10,18.571428571428573,71.42857142857143,57.14285714285714,14.285714285714285
E00155522,182,56,20,36,126,90,36,30.76923076923077,10.989010989010989,19.78021978021978,69.23076923076923,49.45054945054945,19.78021978021978
E00155523,137,42,22,20,95,66,29,30.656934306569344,16.05839416058394,14.5985401459854,69.34306569343066,48.175182481751825,21.16788321167883
E00155524,172,53,26,27,119,76,43,30.813953488372093,15.11627906976744,15.69767441860465,69.18604651162791,44.18604651162791,25
E00155525,82,19,8,11,63,43,20,23.170731707317074,9.75609756097561,13.414634146341465,76.82926829268293,52.4390243902439,24.390243902439025
E00155526,142,49,20,29,93,75,18,34.50704225352113,14.084507042253522,20.422535211267608,65.49295774647888,52.816901408450704,12.676056338028168
E00155527,133,49,24,25,84,59,25,36.84210526315789,18.045112781954884,18.796992481203006,63.1578947368421,44.3609022556391,18.796992481203006
E00155528,140,46,22,24,94,75,19,32.857142857142854,15.714285714285714,17.142857142857142,67.14285714285714,53.57142857142857,13.571428571428571
E00155529,141,44,21,23,97,72,25,31.20567375886525,14.893617021276595,16.312056737588655,68.79432624113475,51.06382978723404,17.73049645390071
E00155530,124,45,23,22,79,56,23,36.29032258064516,18.548387096774192,17.741935483870968,63.70967741935484,45.16129032258064,18.548387096774192
E00155531,131,39,23,16,92,68,24,29.770992366412212,17.557251908396946,12.213740458015266,70.22900763358778,51.908396946564885,18.3206106870229
E00155532,122,39,17,22,83,63,20,31.967213114754102,13.934426229508196,18.0327868852459,68.0327868852459,51.63934426229508,16.39344262295082
E00155533,123,30,17,13,93,68,25,24.390243902439025,13.821138211382115,10.569105691056912,75.60975609756098,55.28455284552846,20.32520325203252
E00155534,152,54,28,26,98,68,30,35.526315789473685,18.421052631578945,17.105263157894736,64.47368421052632,44.73684210526316,19.736842105263158
E00155535,182,53,23,30,129,108,21,29.120879120879124,12.637362637362637,16.483516483516482,70.87912087912088,59.34065934065934,11.538461538461538
E00155536,139,36,13,23,103,87,16,25.899280575539567,9.352517985611511,16.546762589928058,74.10071942446042,62.589928057553955,11.510791366906476
E00155537,151,56,15,41,95,87,8,37.086092715231786,9.933774834437086,27.1523178807947,62.913907284768214,57.615894039735096,5.298013245033113
E00155538,165,48,15,33,117,106,11,29.09090909090909,9.090909090909092,20,70.9090909090909,64.24242424242425,6.666666666666667
E00155539,136,39,15,24,97,92,5,28.676470588235293,11.029411764705882,17.647058823529413,71.32352941176471,67.64705882352942,3.6764705882352944
E00155540,176,50,20,30,126,115,11,28.40909090909091,11.363636363636363,17.045454545454543,71.5909090909091,65.3409090909091,6.25
E00155541,173,51,16,35,122,117,5,29.47976878612717,9.248554913294797,20.23121387283237,70.52023121387283,67.63005780346822,2.8901734104046244
E00155542,114,39,17,22,75,68,7,34.21052631578947,14.912280701754385,19.298245614035086,65.78947368421053,59.64912280701754,6.140350877192982
E00155543,226,72,43,29,154,136,18,31.858407079646017,19.02654867256637,12.831858407079647,68.14159292035397,60.17699115044248,7.964601769911504
E00155544,170,41,14,27,129,119,10,24.11764705882353,8.235294117647058,15.88235294117647,75.88235294117646,70,5.88235294117647
E00155545,145,43,12,31,102,94,8,29.655172413793103,8.275862068965518,21.379310344827587,70.34482758620689,64.82758620689654,5.517241379310345
E00155546,171,68,26,42,103,82,21,39.76608187134503,15.204678362573098,24.561403508771928,60.23391812865497,47.953216374269005,12.280701754385964
E00155547,110,40,21,19,70,58,12,36.36363636363637,19.090909090909093,17.272727272727273,63.63636363636363,52.72727272727272,10.909090909090908
E00155548,119,34,10,24,85,77,8,28.57142857142857,8.403361344537815,20.168067226890756,71.42857142857143,64.70588235294117,6.722689075630252
E00155549,190,47,15,32,143,120,23,24.736842105263158,7.894736842105263,16.842105263157894,75.26315789473685,63.1578947368421,12.105263157894736
E00155550,180,42,12,30,138,114,24,23.333333333333332,6.666666666666667,16.666666666666664,76.66666666666667,63.33333333333333,13.333333333333334
E00155551,167,49,18,31,118,100,18,29.34131736526946,10.778443113772456,18.562874251497004,70.65868263473054,59.88023952095808,10.778443113772456
E00155552,189,55,23,32,134,124,10,29.100529100529098,12.16931216931217,16.93121693121693,70.8994708994709,65.60846560846561,5.291005291005291
E00155553,149,48,21,27,101,87,14,32.21476510067114,14.093959731543624,18.120805369127517,67.78523489932886,58.38926174496645,9.395973154362416
E00155554,133,42,17,25,91,78,13,31.57894736842105,12.781954887218044,18.796992481203006,68.42105263157895,58.64661654135338,9.774436090225564
E00155555,207,72,45,27,135,118,17,34.78260869565217,21.73913043478261,13.043478260869565,65.21739130434783,57.00483091787439,8.212560386473431
E00155556,129,49,30,19,80,76,4,37.98449612403101,23.25581395348837,14.728682170542637,62.01550387596899,58.91472868217055,3.10077519379845
E00155557,191,53,18,35,138,124,14,27.748691099476442,9.424083769633508,18.32460732984293,72.25130890052355,64.92146596858639,7.329842931937172
E00155558,179,60,37,23,119,101,18,33.5195530726257,20.670391061452513,12.849162011173185,66.4804469273743,56.424581005586596,10.05586592178771
E00155559,179,63,28,35,116,103,13,35.19553072625698,15.64245810055866,19.553072625698324,64.80446927374301,57.54189944134078,7.262569832402235
E00155560,153,47,14,33,106,99,7,30.718954248366014,9.15032679738562,21.568627450980394,69.28104575163398,64.70588235294117,4.57516339869281
E00155561,153,57,25,32,96,87,9,37.254901960784316,16.33986928104575,20.915032679738562,62.745098039215684,56.86274509803921,5.88235294117647
E00155562,176,77,42,35,99,86,13,43.75,23.863636363636363,19.886363636363637,56.25,48.86363636363637,7.386363636363637
E00155563,251,56,23,33,195,164,31,22.31075697211155,9.163346613545817,13.147410358565736,77.68924302788844,65.33864541832669,12.350597609561753
E00155564,151,34,14,20,117,99,18,22.516556291390728,9.271523178807946,13.245033112582782,77.48344370860927,65.56291390728477,11.920529801324504
E00155565,126,32,12,20,94,81,13,25.396825396825395,9.523809523809524,15.873015873015872,74.60317460317461,64.28571428571429,10.317460317460316
E00155566,148,42,25,17,106,95,11,28.37837837837838,16.89189189189189,11.486486486486488,71.62162162162163,64.1891891891892,7.4324324324324325
E00155567,159,59,23,36,100,76,24,37.10691823899371,14.465408805031446,22.641509433962266,62.893081761006286,47.79874213836478,15.09433962264151
E00155568,151,32,14,18,119,109,10,21.192052980132452,9.271523178807946,11.920529801324504,78.80794701986756,72.18543046357617,6.622516556291391
E00155569,129,38,17,21,91,76,15,29.457364341085274,13.178294573643413,16.27906976744186,70.54263565891473,58.91472868217055,11.627906976744185
E00155570,275,72,26,46,203,182,21,26.181818181818183,9.454545454545455,16.727272727272727,73.81818181818181,66.18181818181819,7.636363636363637
E00155571,158,46,14,32,112,97,15,29.11392405063291,8.860759493670885,20.253164556962027,70.88607594936708,61.39240506329114,9.49367088607595
E00155572,125,33,10,23,92,83,9,26.400000000000002,8,18.4,73.6,66.4,7.199999999999999
E00155573,168,53,28,25,115,99,16,31.547619047619047,16.666666666666664,14.880952380952381,68.45238095238095,58.92857142857143,9.523809523809524
E00155574,124,41,21,20,83,52,31,33.064516129032256,16.93548387096774,16.129032258064516,66.93548387096774,41.935483870967744,25
E00155575,173,47,20,27,126,96,30,27.167630057803464,11.560693641618498,15.606936416184972,72.83236994219652,55.49132947976878,17.341040462427745
E00155576,197,60,24,36,137,101,36,30.456852791878177,12.18274111675127,18.274111675126903,69.54314720812182,51.26903553299492,18.274111675126903
E00155577,131,41,17,24,90,72,18,31.297709923664126,12.977099236641221,18.3206106870229,68.70229007633588,54.961832061068705,13.740458015267176
E00155578,142,45,15,30,97,75,22,31.690140845070424,10.56338028169014,21.12676056338028,68.30985915492957,52.816901408450704,15.492957746478872
E00155579,131,45,17,28,86,72,14,34.35114503816794,12.977099236641221,21.374045801526716,65.64885496183206,54.961832061068705,10.687022900763358
E00155580,129,48,17,31,81,67,14,37.2093023255814,13.178294573643413,24.031007751937985,62.7906976744186,51.93798449612403,10.852713178294573
E00155581,124,43,17,26,81,70,11,34.67741935483871,13.709677419354838,20.967741935483872,65.32258064516128,56.451612903225815,8.870967741935484
E00155582,170,45,13,32,125,105,20,26.47058823529412,7.647058823529412,18.823529411764707,73.52941176470588,61.76470588235294,11.76470588235294
E00155583,97,33,8,25,64,57,7,34.02061855670103,8.24742268041237,25.773195876288657,65.97938144329896,58.76288659793815,7.216494845360824
E00155584,119,43,19,24,76,67,9,36.134453781512605,15.966386554621847,20.168067226890756,63.86554621848739,56.30252100840336,7.563025210084033
E00155585,145,36,17,19,109,93,16,24.82758620689655,11.724137931034482,13.10344827586207,75.17241379310344,64.13793103448275,11.03448275862069
E00155586,214,53,26,27,161,128,33,24.766355140186917,12.149532710280374,12.616822429906541,75.23364485981308,59.813084112149525,15.42056074766355
E00155587,141,36,11,25,105,86,19,25.53191489361702,7.801418439716312,17.73049645390071,74.46808510638297,60.99290780141844,13.47517730496454
E00155588,141,35,17,18,106,86,20,24.822695035460992,12.056737588652481,12.76595744680851,75.177304964539,60.99290780141844,14.184397163120568
E00155589,155,50,20,30,105,88,17,32.25806451612903,12.903225806451612,19.35483870967742,67.74193548387096,56.774193548387096,10.967741935483872
E00167770,1260,109,39,70,1151,343,808,8.65079365079365,3.0952380952380953,5.555555555555555,91.34920634920634,27.22222222222222,64.12698412698413
E00167771,75,17,5,12,58,43,15,22.666666666666664,6.666666666666667,16,77.33333333333333,57.333333333333336,20
E00167772,216,72,26,46,144,125,19,33.33333333333333,12.037037037037036,21.296296296296298,66.66666666666666,57.870370370370374,8.796296296296296
E00167773,227,52,19,33,175,131,44,22.90748898678414,8.370044052863436,14.537444933920703,77.09251101321586,57.70925110132159,19.383259911894275
E00167774,173,50,15,35,123,107,16,28.901734104046245,8.670520231213873,20.23121387283237,71.09826589595376,61.849710982658955,9.248554913294797
E00167775,185,48,20,28,137,116,21,25.945945945945947,10.81081081081081,15.135135135135137,74.05405405405405,62.70270270270271,11.351351351351353
E00167776,149,48,16,32,101,93,8,32.21476510067114,10.738255033557047,21.476510067114095,67.78523489932886,62.41610738255034,5.369127516778524
E00167777,145,32,13,19,113,83,30,22.06896551724138,8.96551724137931,13.10344827586207,77.93103448275862,57.24137931034483,20.689655172413794
E00167778,125,32,13,19,93,71,22,25.6,10.4,15.2,74.4,56.8,17.599999999999998
E00190470,155,56,30,26,99,76,23,36.12903225806451,19.35483870967742,16.7741935483871,63.87096774193548,49.03225806451613,14.838709677419354
E00190471,479,292,209,83,187,152,35,60.96033402922756,43.63256784968685,17.32776617954071,39.03966597077244,31.732776617954073,7.306889352818372
E00190472,626,386,301,85,240,226,14,61.66134185303515,48.08306709265175,13.578274760383385,38.33865814696485,36.102236421725244,2.2364217252396164
E00190479,101,29,9,20,72,52,20,28.71287128712871,8.91089108910891,19.801980198019802,71.28712871287128,51.48514851485149,19.801980198019802
E00190485,148,43,19,24,105,93,12,29.054054054054053,12.837837837837837,16.216216216216218,70.94594594594594,62.83783783783784,8.108108108108109
E00190499,149,47,18,29,102,81,21,31.543624161073826,12.080536912751679,19.463087248322147,68.45637583892618,54.36241610738255,14.093959731543624
E00190506,147,47,24,23,100,89,11,31.97278911564626,16.3265306122449,15.646258503401361,68.02721088435374,60.544217687074834,7.482993197278912
E00190509,138,39,18,21,99,80,19,28.26086956521739,13.043478260869565,15.217391304347828,71.73913043478261,57.971014492753625,13.768115942028986
E00190513,113,15,7,8,98,86,12,13.274336283185843,6.1946902654867255,7.079646017699115,86.72566371681415,76.10619469026548,10.619469026548673
E00190521,84,16,5,11,68,62,6,19.047619047619047,5.952380952380952,13.095238095238097,80.95238095238095,73.80952380952381,7.142857142857142
