OA,ts0590001,ts0590002,ts0590003,ts0590004,ts0590005,ts0590006,ts0590007,ts0590002_PCT,ts0590003_PCT,ts0590004_PCT,ts0590005_PCT,ts0590006_PCT,ts0590007_PCT
E00133514,100,32,10,22,68,53,15,32,10,22,68,53,15
E00133515,159,47,10,37,112,93,19,29.559748427672954,6.289308176100629,23.270440251572328,70.44025157232704,58.490566037735846,11.949685534591195
E00133516,236,74,20,54,162,133,29,31.35593220338983,8.47457627118644,22.88135593220339,68.64406779661016,56.355932203389834,12.288135593220339
E00133517,145,45,14,31,100,83,17,31.03448275862069,9.655172413793103,21.379310344827587,68.96551724137932,57.24137931034483,11.724137931034482
E00133518,111,25,9,16,86,72,14,22.52252252252252,8.108108108108109,14.414414414414415,77.47747747747748,64.86486486486487,12.612612612612612
E00133520,144,52,22,30,92,79,13,36.11111111111111,15.277777777777779,20.833333333333336,63.888888888888886,54.861111111111114,9.027777777777777
E00133521,141,32,18,14,109,95,14,22.69503546099291,12.76595744680851,9.929078014184398,77.30496453900709,67.37588652482269,9.929078014184398
E00133522,106,29,6,23,77,70,7,27.358490566037734,5.660377358490567,21.69811320754717,72.64150943396226,66.0377358490566,6.60377358490566
E00133523,62,21,7,14,41,32,9,33.87096774193548,11.29032258064516,22.58064516129032,66.12903225806451,51.61290322580645,14.516129032258066
E00133524,103,30,13,17,73,60,13,29.126213592233007,12.62135922330097,16.50485436893204,70.87378640776699,58.252427184466015,12.62135922330097
E00133525,88,31,11,20,57,45,12,35.22727272727273,12.5,22.727272727272727,64.77272727272727,51.13636363636363,13.636363636363635
E00133526,123,33,12,21,90,75,15,26.82926829268293,9.75609756097561,17.073170731707318,73.17073170731707,60.97560975609756,12.195121951219512
E00133527,128,49,19,30,79,63,16,38.28125,14.84375,23.4375,61.71875,49.21875,12.5
E00133528,157,52,12,40,105,92,13,33.12101910828025,7.643312101910828,25.477707006369428,66.87898089171973,58.59872611464968,8.280254777070063
E00133529,239,76,24,52,163,128,35,31.799163179916317,10.0418410041841,21.75732217573222,68.20083682008368,53.55648535564853,14.644351464435147
E00133530,124,36,20,16,88,67,21,29.03225806451613,16.129032258064516,12.903225806451612,70.96774193548387,54.03225806451613,16.93548387096774
E00133531,83,23,9,14,60,51,9,27.710843373493976,10.843373493975903,16.867469879518072,72.28915662650603,61.44578313253012,10.843373493975903
E00133532,69,18,10,8,51,36,15,26.08695652173913,14.492753623188406,11.594202898550725,73.91304347826086,52.17391304347826,21.73913043478261
E00133533,85,24,7,17,61,50,11,28.235294117647058,8.235294117647058,20,71.76470588235294,58.82352941176471,12.941176470588237
E00133534,138,48,17,31,90,58,32,34.78260869565217,12.318840579710146,22.463768115942027,65.21739130434783,42.028985507246375,23.18840579710145
E00133535,117,43,19,24,74,60,14,36.75213675213676,16.23931623931624,20.51282051282051,63.24786324786324,51.28205128205128,11.965811965811966
E00133536,257,78,35,43,179,143,36,30.35019455252918,13.618677042801556,16.731517509727624,69.64980544747081,55.6420233463035,14.007782101167315
E00133537,155,53,21,32,102,82,20,34.193548387096776,13.548387096774196,20.64516129032258,65.80645161290323,52.903225806451616,12.903225806451612
E00133538,134,40,15,25,94,79,15,29.850746268656714,11.194029850746269,18.65671641791045,70.1492537313433,58.95522388059702,11.194029850746269
E00133539,174,53,13,40,121,103,18,30.45977011494253,7.471264367816093,22.988505747126435,69.54022988505747,59.195402298850574,10.344827586206897
E00133540,148,49,17,32,99,83,16,33.108108108108105,11.486486486486488,21.62162162162162,66.8918918918919,56.08108108108109,10.81081081081081
E00133541,134,44,17,27,90,73,17,32.83582089552239,12.686567164179104,20.149253731343283,67.16417910447761,54.47761194029851,12.686567164179104
E00133542,155,50,19,31,105,74,31,32.25806451612903,12.258064516129032,20,67.74193548387096,47.74193548387097,20
E00133543,158,40,18,22,118,103,15,25.31645569620253,11.39240506329114,13.924050632911392,74.68354430379746,65.18987341772153,9.49367088607595
E00133544,173,52,11,41,121,98,23,30.057803468208093,6.358381502890173,23.699421965317917,69.94219653179191,56.64739884393064,13.294797687861271
E00133547,136,49,12,37,87,75,12,36.029411764705884,8.823529411764707,27.205882352941174,63.970588235294116,55.14705882352941,8.823529411764707
E00133548,120,38,11,27,82,71,11,31.666666666666664,9.166666666666666,22.5,68.33333333333333,59.166666666666664,9.166666666666666
E00133549,117,34,10,24,83,70,13,29.059829059829063,8.547008547008547,20.51282051282051,70.94017094017094,59.82905982905983,11.11111111111111
E00133550,152,47,15,32,105,87,18,30.92105263157895,9.868421052631579,21.052631578947366,69.07894736842105,57.23684210526315,11.842105263157894
E00133551,125,39,14,25,86,73,13,31.2,11.200000000000001,20,68.8,58.4,10.4
E00133552,127,34,7,27,93,83,10,26.77165354330709,5.511811023622047,21.25984251968504,73.22834645669292,65.35433070866141,7.874015748031496
E00133553,108,30,15,15,78,62,16,27.77777777777778,13.88888888888889,13.88888888888889,72.22222222222221,57.407407407407405,14.814814814814813
E00133554,129,44,10,34,85,74,11,34.10852713178294,7.751937984496124,26.356589147286826,65.89147286821705,57.36434108527132,8.527131782945736
E00133555,155,49,18,31,106,67,39,31.61290322580645,11.612903225806452,20,68.38709677419355,43.225806451612904,25.161290322580644
E00133556,136,55,16,39,81,69,12,40.44117647058824,11.76470588235294,28.676470588235293,59.55882352941176,50.73529411764706,8.823529411764707
E00133557,163,41,12,29,122,105,17,25.153374233128833,7.361963190184049,17.791411042944784,74.84662576687117,64.41717791411043,10.429447852760736
E00133558,200,56,22,34,144,115,29,28.000000000000004,11,17,72,57.49999999999999,14.499999999999998
E00133559,147,42,5,37,105,87,18,28.57142857142857,3.4013605442176873,25.170068027210885,71.42857142857143,59.183673469387756,12.244897959183673
E00133560,119,35,7,28,84,67,17,29.411764705882355,5.88235294117647,23.52941176470588,70.58823529411765,56.30252100840336,14.285714285714285
E00133561,129,40,14,26,89,70,19,31.007751937984494,10.852713178294573,20.155038759689923,68.9922480620155,54.263565891472865,14.728682170542637
E00133562,80,32,10,22,48,37,11,40,12.5,27.500000000000004,60,46.25,13.750000000000002
E00133563,82,25,12,13,57,42,15,30.48780487804878,14.634146341463413,15.853658536585366,69.51219512195121,51.21951219512195,18.29268292682927
E00133564,232,71,34,37,161,121,40,30.603448275862068,14.655172413793101,15.948275862068966,69.39655172413794,52.1551724137931,17.24137931034483
E00133565,94,32,11,21,62,49,13,34.04255319148936,11.702127659574469,22.340425531914892,65.95744680851064,52.12765957446809,13.829787234042554
E00133566,131,43,23,20,88,69,19,32.82442748091603,17.557251908396946,15.267175572519085,67.17557251908397,52.67175572519084,14.50381679389313
E00133567,137,51,16,35,86,74,12,37.22627737226277,11.678832116788321,25.547445255474454,62.77372262773723,54.01459854014598,8.75912408759124
E00133568,128,34,11,23,94,81,13,26.5625,8.59375,17.96875,73.4375,63.28125,10.15625
E00133569,105,40,15,25,65,60,5,38.095238095238095,14.285714285714285,23.809523809523807,61.904761904761905,57.14285714285714,4.761904761904762
E00133570,94,32,9,23,62,52,10,34.04255319148936,9.574468085106384,24.46808510638298,65.95744680851064,55.319148936170215,10.638297872340425
E00133571,203,48,16,32,155,125,30,23.645320197044335,7.8817733990147785,15.763546798029557,76.35467980295566,61.57635467980296,14.77832512315271
E00133572,160,47,20,27,113,90,23,29.375,12.5,16.875,70.625,56.25,14.374999999999998
E00133573,111,22,6,16,89,67,22,19.81981981981982,5.405405405405405,14.414414414414415,80.18018018018019,60.36036036036037,19.81981981981982
E00133575,110,27,10,17,83,73,10,24.545454545454547,9.090909090909092,15.454545454545453,75.45454545454545,66.36363636363637,9.090909090909092
E00133576,169,45,16,29,124,104,20,26.627218934911244,9.467455621301776,17.159763313609467,73.37278106508876,61.53846153846154,11.834319526627219
E00133578,98,35,15,20,63,54,9,35.714285714285715,15.306122448979592,20.408163265306122,64.28571428571429,55.10204081632652,9.183673469387756
E00133580,156,36,15,21,120,87,33,23.076923076923077,9.615384615384617,13.461538461538462,76.92307692307693,55.769230769230774,21.153846153846153
E00133581,146,38,15,23,108,95,13,26.027397260273972,10.273972602739725,15.753424657534246,73.97260273972603,65.06849315068493,8.904109589041095
E00133582,111,38,12,26,73,58,15,34.234234234234236,10.81081081081081,23.423423423423422,65.76576576576578,52.25225225225225,13.513513513513514
E00133583,133,44,12,32,89,73,16,33.08270676691729,9.022556390977442,24.06015037593985,66.9172932330827,54.88721804511278,12.030075187969924
E00133584,178,50,15,35,128,112,16,28.08988764044944,8.426966292134832,19.662921348314608,71.91011235955057,62.92134831460674,8.98876404494382
E00133585,169,57,21,36,112,94,18,33.72781065088758,12.42603550295858,21.301775147928996,66.27218934911244,55.62130177514793,10.650887573964498
E00133586,133,34,15,19,99,83,16,25.563909774436087,11.278195488721805,14.285714285714285,74.43609022556392,62.40601503759399,12.030075187969924
E00133587,113,29,10,19,84,70,14,25.663716814159294,8.849557522123893,16.8141592920354,74.33628318584071,61.94690265486725,12.389380530973451
E00133589,150,52,24,28,98,79,19,34.66666666666667,16,18.666666666666668,65.33333333333333,52.666666666666664,12.666666666666668
E00133590,46,14,4,10,32,29,3,30.434782608695656,8.695652173913043,21.73913043478261,69.56521739130434,63.04347826086957,6.521739130434782
E00133591,137,41,11,30,96,82,14,29.927007299270077,8.02919708029197,21.897810218978105,70.07299270072993,59.854014598540154,10.218978102189782
E00133592,161,45,15,30,116,98,18,27.95031055900621,9.316770186335404,18.633540372670808,72.04968944099379,60.86956521739131,11.180124223602485
E00133593,99,30,15,15,69,58,11,30.303030303030305,15.151515151515152,15.151515151515152,69.6969696969697,58.58585858585859,11.11111111111111
E00133594,108,39,14,25,69,58,11,36.11111111111111,12.962962962962962,23.14814814814815,63.888888888888886,53.70370370370371,10.185185185185185
E00133595,170,48,15,33,122,102,20,28.235294117647058,8.823529411764707,19.411764705882355,71.76470588235294,60,11.76470588235294
E00133596,138,46,17,29,92,74,18,33.33333333333333,12.318840579710146,21.014492753623188,66.66666666666666,53.62318840579711,13.043478260869565
E00133597,194,63,25,38,131,111,20,32.47422680412371,12.886597938144329,19.587628865979383,67.5257731958763,57.21649484536082,10.309278350515463
E00133598,95,20,6,14,75,64,11,21.052631578947366,6.315789473684211,14.736842105263156,78.94736842105263,67.36842105263158,11.578947368421053
E00133599,167,50,22,28,117,105,12,29.94011976047904,13.17365269461078,16.766467065868262,70.05988023952095,62.874251497005986,7.18562874251497
E00133600,146,32,6,26,114,87,27,21.91780821917808,4.10958904109589,17.80821917808219,78.08219178082192,59.589041095890416,18.493150684931507
E00133601,199,53,14,39,146,124,22,26.633165829145728,7.035175879396985,19.597989949748744,73.36683417085426,62.311557788944725,11.055276381909549
E00133602,183,34,11,23,149,129,20,18.579234972677597,6.0109289617486334,12.568306010928962,81.4207650273224,70.49180327868852,10.92896174863388
E00133603,183,46,15,31,137,116,21,25.136612021857925,8.19672131147541,16.939890710382514,74.86338797814209,63.387978142076506,11.475409836065573
E00133604,153,37,9,28,116,97,19,24.183006535947712,5.88235294117647,18.30065359477124,75.81699346405229,63.39869281045751,12.418300653594772
E00133605,139,41,16,25,98,87,11,29.496402877697843,11.510791366906476,17.985611510791365,70.50359712230215,62.589928057553955,7.913669064748201
E00133606,199,56,21,35,143,113,30,28.14070351758794,10.552763819095476,17.587939698492463,71.85929648241206,56.78391959798995,15.07537688442211
E00133607,139,34,8,26,105,87,18,24.46043165467626,5.755395683453238,18.705035971223023,75.53956834532374,62.589928057553955,12.949640287769784
E00133609,151,49,18,31,102,94,8,32.450331125827816,11.920529801324504,20.52980132450331,67.54966887417218,62.251655629139066,5.298013245033113
E00133610,140,37,4,33,103,87,16,26.42857142857143,2.857142857142857,23.57142857142857,73.57142857142858,62.142857142857146,11.428571428571429
E00133611,146,51,16,35,95,76,19,34.93150684931507,10.95890410958904,23.972602739726025,65.06849315068493,52.054794520547944,13.013698630136986
E00133612,139,45,16,29,94,80,14,32.37410071942446,11.510791366906476,20.863309352517987,67.62589928057554,57.55395683453237,10.071942446043165
E00133613,190,58,17,41,132,123,9,30.526315789473685,8.947368421052632,21.578947368421055,69.47368421052632,64.73684210526316,4.736842105263158
E00133614,95,22,7,15,73,63,10,23.157894736842106,7.368421052631578,15.789473684210526,76.84210526315789,66.3157894736842,10.526315789473683
E00133615,132,39,16,23,93,79,14,29.545454545454547,12.121212121212121,17.424242424242426,70.45454545454545,59.84848484848485,10.606060606060606
E00133616,217,73,31,42,144,107,37,33.6405529953917,14.285714285714285,19.35483870967742,66.3594470046083,49.30875576036866,17.050691244239633
E00133617,72,26,7,19,46,37,9,36.11111111111111,9.722222222222223,26.38888888888889,63.888888888888886,51.388888888888886,12.5
E00133618,183,54,16,38,129,101,28,29.508196721311474,8.743169398907105,20.76502732240437,70.49180327868852,55.19125683060109,15.300546448087433
E00133619,152,42,17,25,110,96,14,27.631578947368425,11.18421052631579,16.447368421052634,72.36842105263158,63.1578947368421,9.210526315789473
E00133620,118,32,5,27,86,74,12,27.11864406779661,4.23728813559322,22.88135593220339,72.88135593220339,62.71186440677966,10.16949152542373
E00133621,180,51,17,34,129,113,16,28.333333333333332,9.444444444444445,18.88888888888889,71.66666666666667,62.77777777777778,8.88888888888889
E00133622,146,48,16,32,98,76,22,32.87671232876712,10.95890410958904,21.91780821917808,67.12328767123287,52.054794520547944,15.068493150684931
E00133624,172,70,21,49,102,89,13,40.69767441860465,12.209302325581394,28.488372093023255,59.30232558139535,51.74418604651163,7.55813953488372
E00133625,140,42,13,29,98,91,7,30,9.285714285714286,20.714285714285715,70,65,5
E00133626,127,43,12,31,84,71,13,33.85826771653544,9.448818897637794,24.409448818897637,66.14173228346458,55.90551181102362,10.236220472440944
E00133627,176,47,15,32,129,112,17,26.704545454545453,8.522727272727272,18.181818181818183,73.29545454545455,63.63636363636363,9.659090909090908
E00133628,165,58,14,44,107,88,19,35.15151515151515,8.484848484848486,26.666666666666668,64.84848484848484,53.333333333333336,11.515151515151516
E00133629,141,40,15,25,101,90,11,28.368794326241137,10.638297872340425,17.73049645390071,71.63120567375887,63.829787234042556,7.801418439716312
E00133630,100,23,5,18,77,62,15,23,5,18,77,62,15
E00133631,131,63,17,46,68,57,11,48.091603053435115,12.977099236641221,35.11450381679389,51.908396946564885,43.51145038167939,8.396946564885496
E00133632,152,48,16,32,104,94,10,31.57894736842105,10.526315789473683,21.052631578947366,68.42105263157895,61.8421052631579,6.578947368421052
E00133633,131,48,18,30,83,75,8,36.6412213740458,13.740458015267176,22.900763358778626,63.358778625954194,57.25190839694656,6.106870229007633
E00133634,99,31,12,19,68,57,11,31.313131313131315,12.121212121212121,19.19191919191919,68.68686868686868,57.57575757575758,11.11111111111111
E00133635,165,57,15,42,108,97,11,34.54545454545455,9.090909090909092,25.454545454545453,65.45454545454545,58.78787878787879,6.666666666666667
E00133636,186,53,13,40,133,117,16,28.49462365591398,6.989247311827956,21.50537634408602,71.50537634408603,62.903225806451616,8.60215053763441
E00133637,217,51,16,35,166,143,23,23.502304147465438,7.373271889400922,16.129032258064516,76.49769585253456,65.89861751152074,10.599078341013826
E00133638,131,37,8,29,94,84,10,28.24427480916031,6.106870229007633,22.137404580152673,71.7557251908397,64.12213740458014,7.633587786259542
E00133639,145,33,7,26,112,101,11,22.758620689655174,4.827586206896552,17.93103448275862,77.24137931034483,69.6551724137931,7.586206896551724
E00133640,87,31,12,19,56,49,7,35.63218390804598,13.793103448275861,21.839080459770116,64.36781609195403,56.32183908045977,8.045977011494253
E00133641,184,46,13,33,138,108,30,25,7.065217391304348,17.934782608695652,75,58.69565217391305,16.304347826086957
E00133642,208,69,25,44,139,122,17,33.17307692307692,12.01923076923077,21.153846153846153,66.82692307692307,58.65384615384615,8.173076923076923
E00133643,139,45,15,30,94,68,26,32.37410071942446,10.79136690647482,21.58273381294964,67.62589928057554,48.92086330935252,18.705035971223023
E00133644,112,31,12,19,81,70,11,27.67857142857143,10.714285714285714,16.964285714285715,72.32142857142857,62.5,9.821428571428571
E00133645,170,56,17,39,114,94,20,32.94117647058823,10,22.941176470588236,67.05882352941175,55.294117647058826,11.76470588235294
E00133646,123,46,19,27,77,59,18,37.39837398373984,15.447154471544716,21.951219512195124,62.601626016260155,47.96747967479675,14.634146341463413
E00133647,61,24,7,17,37,31,6,39.34426229508197,11.475409836065573,27.86885245901639,60.65573770491803,50.81967213114754,9.836065573770492
E00133648,167,57,15,42,110,92,18,34.13173652694611,8.982035928143713,25.149700598802394,65.86826347305389,55.08982035928144,10.778443113772456
E00133649,105,41,14,27,64,48,16,39.04761904761905,13.333333333333334,25.71428571428571,60.952380952380956,45.714285714285715,15.238095238095239
E00133650,61,23,10,13,38,27,11,37.704918032786885,16.39344262295082,21.311475409836063,62.295081967213115,44.26229508196721,18.0327868852459
E00133651,132,37,19,18,95,78,17,28.030303030303028,14.393939393939394,13.636363636363635,71.96969696969697,59.09090909090909,12.878787878787879
E00133652,199,59,30,29,140,101,39,29.64824120603015,15.07537688442211,14.572864321608039,70.35175879396985,50.753768844221106,19.597989949748744
E00133653,154,53,12,41,101,82,19,34.41558441558442,7.792207792207792,26.623376623376622,65.5844155844156,53.246753246753244,12.337662337662337
E00133654,101,29,8,21,72,61,11,28.71287128712871,7.920792079207921,20.792079207920793,71.28712871287128,60.396039603960396,10.891089108910892
E00133655,109,33,13,20,76,56,20,30.275229357798167,11.926605504587156,18.34862385321101,69.72477064220183,51.37614678899083,18.34862385321101
E00133656,107,20,5,15,87,66,21,18.69158878504673,4.672897196261682,14.018691588785046,81.30841121495327,61.6822429906542,19.626168224299064
E00133657,220,62,28,34,158,115,43,28.18181818181818,12.727272727272727,15.454545454545453,71.81818181818181,52.27272727272727,19.545454545454547
E00133661,191,56,26,30,135,104,31,29.31937172774869,13.612565445026178,15.706806282722512,70.68062827225131,54.45026178010471,16.230366492146597
E00133662,256,79,24,55,177,147,30,30.859375,9.375,21.484375,69.140625,57.421875,11.71875
E00133663,183,55,20,35,128,99,29,30.05464480874317,10.92896174863388,19.12568306010929,69.94535519125684,54.09836065573771,15.846994535519126
E00133664,77,34,17,17,43,29,14,44.15584415584416,22.07792207792208,22.07792207792208,55.84415584415584,37.66233766233766,18.181818181818183
E00133665,147,50,25,25,97,79,18,34.01360544217687,17.006802721088434,17.006802721088434,65.98639455782312,53.74149659863946,12.244897959183673
E00133666,117,30,14,16,87,69,18,25.64102564102564,11.965811965811966,13.675213675213676,74.35897435897436,58.97435897435898,15.384615384615385
E00133667,158,41,11,30,117,99,18,25.949367088607595,6.962025316455696,18.9873417721519,74.0506329113924,62.65822784810127,11.39240506329114
E00133669,177,50,16,34,127,111,16,28.24858757062147,9.03954802259887,19.2090395480226,71.75141242937853,62.71186440677966,9.03954802259887
E00133670,184,46,11,35,138,124,14,25,5.978260869565218,19.021739130434785,75,67.3913043478261,7.608695652173914
E00133671,67,24,10,14,43,31,12,35.82089552238806,14.925373134328357,20.8955223880597,64.17910447761194,46.26865671641791,17.91044776119403
E00133672,146,48,23,25,98,80,18,32.87671232876712,15.753424657534246,17.123287671232877,67.12328767123287,54.794520547945204,12.32876712328767
E00133673,215,46,17,29,169,154,15,21.3953488372093,7.906976744186046,13.488372093023257,78.6046511627907,71.62790697674419,6.976744186046512
E00133675,154,44,13,31,110,103,7,28.57142857142857,8.441558441558442,20.12987012987013,71.42857142857143,66.88311688311688,4.545454545454546
E00133676,165,53,22,31,112,93,19,32.121212121212125,13.333333333333334,18.787878787878785,67.87878787878789,56.36363636363636,11.515151515151516
E00133678,170,41,9,32,129,117,12,24.11764705882353,5.294117647058823,18.823529411764707,75.88235294117646,68.82352941176471,7.0588235294117645
E00133680,195,59,16,43,136,112,24,30.256410256410255,8.205128205128204,22.05128205128205,69.74358974358974,57.43589743589743,12.307692307692308
E00133681,131,42,8,34,89,71,18,32.06106870229007,6.106870229007633,25.954198473282442,67.93893129770993,54.19847328244275,13.740458015267176
E00133682,141,43,19,24,98,81,17,30.49645390070922,13.47517730496454,17.02127659574468,69.50354609929079,57.446808510638306,12.056737588652481
E00133683,107,37,9,28,70,60,10,34.57943925233645,8.411214953271028,26.168224299065418,65.42056074766354,56.074766355140184,9.345794392523365
E00133684,149,48,14,34,101,87,14,32.21476510067114,9.395973154362416,22.818791946308725,67.78523489932886,58.38926174496645,9.395973154362416
E00133686,138,43,15,28,95,83,12,31.15942028985507,10.869565217391305,20.28985507246377,68.84057971014492,60.14492753623188,8.695652173913043
E00133687,139,33,9,24,106,93,13,23.741007194244602,6.474820143884892,17.26618705035971,76.2589928057554,66.90647482014388,9.352517985611511
E00133688,83,20,7,13,63,58,5,24.096385542168676,8.433734939759036,15.66265060240964,75.90361445783132,69.87951807228916,6.024096385542169
E00133689,127,30,14,16,97,81,16,23.62204724409449,11.023622047244094,12.598425196850393,76.37795275590551,63.77952755905512,12.598425196850393
E00133690,268,69,19,50,199,170,29,25.74626865671642,7.08955223880597,18.65671641791045,74.25373134328358,63.43283582089553,10.820895522388058
E00133691,104,28,10,18,76,65,11,26.923076923076923,9.615384615384617,17.307692307692307,73.07692307692307,62.5,10.576923076923077
E00133692,257,70,30,40,187,156,31,27.237354085603112,11.673151750972762,15.56420233463035,72.76264591439688,60.70038910505836,12.062256809338521
E00133693,108,29,9,20,79,63,16,26.851851851851855,8.333333333333332,18.51851851851852,73.14814814814815,58.333333333333336,14.814814814814813
E00133694,120,36,14,22,84,67,17,30,11.666666666666666,18.333333333333332,70,55.833333333333336,14.166666666666666
E00133695,122,35,19,16,87,65,22,28.688524590163933,15.573770491803279,13.114754098360656,71.31147540983606,53.278688524590166,18.0327868852459
E00133698,166,43,10,33,123,102,21,25.903614457831324,6.024096385542169,19.879518072289155,74.09638554216868,61.44578313253012,12.650602409638553
E00133699,127,34,7,27,93,84,9,26.77165354330709,5.511811023622047,21.25984251968504,73.22834645669292,66.14173228346458,7.086614173228346
E00133700,160,48,13,35,112,91,21,30,8.125,21.875,70,56.875,13.125
E00133701,121,30,11,19,91,76,15,24.793388429752067,9.090909090909092,15.702479338842975,75.20661157024794,62.8099173553719,12.396694214876034
E00133702,138,43,8,35,95,85,10,31.15942028985507,5.797101449275362,25.36231884057971,68.84057971014492,61.59420289855072,7.246376811594203
E00133703,154,59,15,44,95,87,8,38.311688311688314,9.740259740259742,28.57142857142857,61.68831168831169,56.493506493506494,5.194805194805195
E00133704,179,51,13,38,128,103,25,28.49162011173184,7.262569832402235,21.22905027932961,71.50837988826815,57.54189944134078,13.966480446927374
E00133705,188,49,15,34,139,121,18,26.063829787234045,7.9787234042553195,18.085106382978726,73.93617021276596,64.36170212765957,9.574468085106384
E00133706,88,21,7,14,67,56,11,23.863636363636363,7.954545454545454,15.909090909090908,76.13636363636364,63.63636363636363,12.5
E00133707,169,61,23,38,108,91,17,36.09467455621302,13.609467455621301,22.485207100591715,63.905325443786985,53.84615384615385,10.059171597633137
E00133708,100,35,9,26,65,57,8,35,9,26,65,56.99999999999999,8
E00133709,118,42,16,26,76,60,16,35.59322033898305,13.559322033898304,22.033898305084744,64.40677966101694,50.847457627118644,13.559322033898304
E00133710,135,40,13,27,95,85,10,29.629629629629626,9.62962962962963,20,70.37037037037037,62.96296296296296,7.4074074074074066
E00133711,153,47,8,39,106,86,20,30.718954248366014,5.228758169934641,25.49019607843137,69.28104575163398,56.209150326797385,13.071895424836603
E00133712,117,36,15,21,81,68,13,30.76923076923077,12.82051282051282,17.94871794871795,69.23076923076923,58.119658119658126,11.11111111111111
E00133713,132,45,12,33,87,73,14,34.090909090909086,9.090909090909092,25,65.9090909090909,55.3030303030303,10.606060606060606
E00133714,168,33,7,26,135,115,20,19.642857142857142,4.166666666666666,15.476190476190476,80.35714285714286,68.45238095238095,11.904761904761903
E00133715,134,34,10,24,100,84,16,25.37313432835821,7.462686567164178,17.91044776119403,74.6268656716418,62.68656716417911,11.940298507462686
E00133716,159,53,15,38,106,91,15,33.33333333333333,9.433962264150944,23.89937106918239,66.66666666666666,57.23270440251572,9.433962264150944
E00133717,63,20,5,15,43,33,10,31.746031746031743,7.936507936507936,23.809523809523807,68.25396825396825,52.38095238095239,15.873015873015872
E00133718,129,37,11,26,92,74,18,28.68217054263566,8.527131782945736,20.155038759689923,71.31782945736434,57.36434108527132,13.953488372093023
E00133719,144,41,11,30,103,94,9,28.47222222222222,7.638888888888889,20.833333333333336,71.52777777777779,65.27777777777779,6.25
E00133720,115,37,14,23,78,64,14,32.17391304347826,12.173913043478262,20,67.82608695652173,55.65217391304348,12.173913043478262
E00133721,132,40,12,28,92,76,16,30.303030303030305,9.090909090909092,21.21212121212121,69.6969696969697,57.57575757575758,12.121212121212121
E00133722,130,33,11,22,97,77,20,25.384615384615383,8.461538461538462,16.923076923076923,74.61538461538461,59.23076923076923,15.384615384615385
E00133723,121,36,12,24,85,71,14,29.75206611570248,9.917355371900827,19.834710743801654,70.24793388429752,58.67768595041323,11.570247933884298
E00133724,115,35,12,23,80,70,10,30.434782608695656,10.434782608695652,20,69.56521739130434,60.86956521739131,8.695652173913043
E00133725,121,37,8,29,84,72,12,30.57851239669421,6.6115702479338845,23.96694214876033,69.42148760330579,59.50413223140496,9.917355371900827
E00133726,114,40,13,27,74,62,12,35.08771929824561,11.403508771929824,23.684210526315788,64.91228070175438,54.385964912280706,10.526315789473683
E00133727,148,45,24,21,103,78,25,30.405405405405407,16.216216216216218,14.18918918918919,69.5945945945946,52.702702702702695,16.89189189189189
E00133728,144,51,27,24,93,68,25,35.41666666666667,18.75,16.666666666666664,64.58333333333334,47.22222222222222,17.36111111111111
E00133729,117,42,12,30,75,53,22,35.8974358974359,10.256410256410255,25.64102564102564,64.1025641025641,45.2991452991453,18.803418803418804
E00133730,147,36,12,24,111,85,26,24.489795918367346,8.16326530612245,16.3265306122449,75.51020408163265,57.82312925170068,17.687074829931973
E00133731,120,41,17,24,79,63,16,34.166666666666664,14.166666666666666,20,65.83333333333333,52.5,13.333333333333334
E00133732,70,22,8,14,48,33,15,31.428571428571427,11.428571428571429,20,68.57142857142857,47.14285714285714,21.428571428571427
E00133733,43,19,8,11,24,19,5,44.18604651162791,18.6046511627907,25.581395348837212,55.81395348837209,44.18604651162791,11.627906976744185
E00133734,128,40,12,28,88,58,30,31.25,9.375,21.875,68.75,45.3125,23.4375
E00133735,68,25,7,18,43,26,17,36.76470588235294,10.294117647058822,26.47058823529412,63.23529411764706,38.23529411764706,25
E00133736,256,89,33,56,167,135,32,34.765625,12.890625,21.875,65.234375,52.734375,12.5
E00133737,117,33,6,27,84,53,31,28.205128205128204,5.128205128205128,23.076923076923077,71.7948717948718,45.2991452991453,26.495726495726498
E00133738,204,57,26,31,147,120,27,27.941176470588236,12.745098039215685,15.196078431372548,72.05882352941177,58.82352941176471,13.23529411764706
E00133739,161,54,18,36,107,68,39,33.54037267080746,11.180124223602485,22.36024844720497,66.45962732919256,42.2360248447205,24.22360248447205
E00133740,99,29,14,15,70,44,26,29.292929292929294,14.14141414141414,15.151515151515152,70.70707070707071,44.44444444444444,26.262626262626267
E00133741,112,27,7,20,85,65,20,24.107142857142858,6.25,17.857142857142858,75.89285714285714,58.03571428571429,17.857142857142858
E00133742,265,83,28,55,182,145,37,31.32075471698113,10.566037735849058,20.754716981132077,68.67924528301886,54.71698113207547,13.962264150943396
E00133743,220,50,17,33,170,133,37,22.727272727272727,7.727272727272727,15,77.27272727272727,60.45454545454545,16.818181818181817
E00133744,112,27,13,14,85,68,17,24.107142857142858,11.607142857142858,12.5,75.89285714285714,60.71428571428571,15.178571428571427
E00133745,145,32,13,19,113,95,18,22.06896551724138,8.96551724137931,13.10344827586207,77.93103448275862,65.51724137931035,12.413793103448276
E00133747,68,23,6,17,45,27,18,33.82352941176471,8.823529411764707,25,66.17647058823529,39.705882352941174,26.47058823529412
E00133748,131,37,11,26,94,64,30,28.24427480916031,8.396946564885496,19.84732824427481,71.7557251908397,48.854961832061065,22.900763358778626
E00133750,152,53,21,32,99,71,28,34.868421052631575,13.815789473684212,21.052631578947366,65.13157894736842,46.71052631578947,18.421052631578945
E00133751,121,43,17,26,78,55,23,35.53719008264463,14.049586776859504,21.487603305785125,64.46280991735537,45.45454545454545,19.00826446280992
E00133752,79,25,10,15,54,31,23,31.645569620253166,12.658227848101266,18.9873417721519,68.35443037974683,39.24050632911392,29.11392405063291
E00133753,105,37,12,25,68,57,11,35.23809523809524,11.428571428571429,23.809523809523807,64.76190476190476,54.285714285714285,10.476190476190476
E00133754,114,30,13,17,84,73,11,26.31578947368421,11.403508771929824,14.912280701754385,73.68421052631578,64.03508771929825,9.649122807017543
E00133755,82,25,13,12,57,41,16,30.48780487804878,15.853658536585366,14.634146341463413,69.51219512195121,50,19.51219512195122
E00133756,155,40,13,27,115,97,18,25.806451612903224,8.38709677419355,17.419354838709676,74.19354838709677,62.58064516129033,11.612903225806452
E00133757,134,38,15,23,96,69,27,28.35820895522388,11.194029850746269,17.16417910447761,71.64179104477611,51.49253731343284,20.149253731343283
E00133758,81,26,8,18,55,47,8,32.098765432098766,9.876543209876543,22.22222222222222,67.90123456790124,58.0246913580247,9.876543209876543
E00133759,137,48,20,28,89,66,23,35.03649635036496,14.5985401459854,20.437956204379564,64.96350364963503,48.175182481751825,16.78832116788321
E00133760,239,71,23,48,168,127,41,29.707112970711297,9.623430962343097,20.0836820083682,70.29288702928869,53.13807531380753,17.154811715481173
E00133761,230,83,34,49,147,113,34,36.08695652173913,14.782608695652174,21.304347826086957,63.91304347826087,49.130434782608695,14.782608695652174
E00133762,252,70,26,44,182,143,39,27.77777777777778,10.317460317460316,17.46031746031746,72.22222222222221,56.74603174603175,15.476190476190476
E00133763,59,23,12,11,36,28,8,38.983050847457626,20.33898305084746,18.64406779661017,61.016949152542374,47.45762711864407,13.559322033898304
E00133764,245,74,36,38,171,133,38,30.20408163265306,14.69387755102041,15.510204081632653,69.79591836734694,54.285714285714285,15.510204081632653
E00133765,152,43,22,21,109,79,30,28.289473684210524,14.473684210526317,13.815789473684212,71.71052631578947,51.973684210526315,19.736842105263158
E00133766,154,35,7,28,119,102,17,22.727272727272727,4.545454545454546,18.181818181818183,77.27272727272727,66.23376623376623,11.03896103896104
E00133767,176,50,22,28,126,107,19,28.40909090909091,12.5,15.909090909090908,71.5909090909091,60.79545454545454,10.795454545454545
E00133769,128,43,19,24,85,69,16,33.59375,14.84375,18.75,66.40625,53.90625,12.5
E00133770,166,48,17,31,118,103,15,28.915662650602407,10.240963855421686,18.67469879518072,71.08433734939759,62.048192771084345,9.036144578313253
E00133772,136,45,14,31,91,74,17,33.088235294117645,10.294117647058822,22.794117647058822,66.91176470588235,54.41176470588235,12.5
E00133773,176,44,16,28,132,113,19,25,9.090909090909092,15.909090909090908,75,64.20454545454545,10.795454545454545
E00133774,151,41,23,18,110,94,16,27.1523178807947,15.2317880794702,11.920529801324504,72.84768211920529,62.251655629139066,10.596026490066226
E00133775,131,38,15,23,93,76,17,29.00763358778626,11.450381679389313,17.557251908396946,70.99236641221374,58.01526717557252,12.977099236641221
E00133776,114,37,10,27,77,68,9,32.45614035087719,8.771929824561402,23.684210526315788,67.54385964912281,59.64912280701754,7.894736842105263
E00133777,82,29,13,16,53,45,8,35.36585365853659,15.853658536585366,19.51219512195122,64.63414634146342,54.87804878048781,9.75609756097561
E00133778,167,47,17,30,120,102,18,28.143712574850298,10.179640718562874,17.964071856287426,71.8562874251497,61.07784431137725,10.778443113772456
E00133779,142,47,16,31,95,77,18,33.098591549295776,11.267605633802818,21.830985915492956,66.90140845070422,54.22535211267606,12.676056338028168
E00133780,143,49,17,32,94,81,13,34.26573426573427,11.888111888111888,22.377622377622377,65.73426573426573,56.64335664335665,9.090909090909092
E00133781,88,25,6,19,63,53,10,28.40909090909091,6.8181818181818175,21.59090909090909,71.5909090909091,60.22727272727273,11.363636363636363
E00133782,108,33,10,23,75,66,9,30.555555555555557,9.25925925925926,21.296296296296298,69.44444444444444,61.111111111111114,8.333333333333332
E00133783,172,44,17,27,128,104,24,25.581395348837212,9.883720930232558,15.69767441860465,74.4186046511628,60.46511627906976,13.953488372093023
E00133784,122,41,20,21,81,67,14,33.60655737704918,16.39344262295082,17.21311475409836,66.39344262295081,54.91803278688525,11.475409836065573
E00133785,127,40,12,28,87,67,20,31.496062992125985,9.448818897637794,22.04724409448819,68.50393700787401,52.75590551181102,15.748031496062993
E00133786,119,39,17,22,80,71,9,32.773109243697476,14.285714285714285,18.487394957983195,67.22689075630252,59.66386554621849,7.563025210084033
E00133787,217,73,25,48,144,105,39,33.6405529953917,11.52073732718894,22.119815668202765,66.3594470046083,48.38709677419355,17.972350230414747
E00133788,79,21,7,14,58,41,17,26.582278481012654,8.860759493670885,17.72151898734177,73.41772151898735,51.89873417721519,21.518987341772153
E00133789,210,54,16,38,156,126,30,25.71428571428571,7.6190476190476195,18.095238095238095,74.28571428571429,60,14.285714285714285
E00133790,167,50,17,33,117,97,20,29.94011976047904,10.179640718562874,19.760479041916167,70.05988023952095,58.08383233532935,11.976047904191617
E00133791,127,32,13,19,95,84,11,25.196850393700785,10.236220472440944,14.960629921259844,74.80314960629921,66.14173228346458,8.661417322834646
E00133792,147,34,13,21,113,93,20,23.12925170068027,8.843537414965986,14.285714285714285,76.87074829931973,63.26530612244898,13.60544217687075
E00133793,192,46,13,33,146,115,31,23.958333333333336,6.770833333333333,17.1875,76.04166666666666,59.895833333333336,16.145833333333336
E00133794,162,59,16,43,103,84,19,36.41975308641975,9.876543209876543,26.543209876543212,63.580246913580254,51.85185185185185,11.728395061728394
E00133795,163,46,18,28,117,91,26,28.22085889570552,11.042944785276074,17.177914110429448,71.77914110429448,55.828220858895705,15.950920245398773
E00133796,114,32,18,14,82,60,22,28.07017543859649,15.789473684210526,12.280701754385964,71.9298245614035,52.63157894736842,19.298245614035086
E00133797,134,46,15,31,88,70,18,34.32835820895522,11.194029850746269,23.134328358208954,65.67164179104478,52.23880597014925,13.432835820895523
E00133798,95,31,9,22,64,50,14,32.631578947368425,9.473684210526317,23.157894736842106,67.36842105263158,52.63157894736842,14.736842105263156
E00133799,80,22,6,16,58,48,10,27.500000000000004,7.5,20,72.5,60,12.5
E00133800,205,64,24,40,141,116,25,31.21951219512195,11.707317073170733,19.51219512195122,68.78048780487805,56.58536585365853,12.195121951219512
E00133801,245,81,36,45,164,130,34,33.06122448979592,14.69387755102041,18.367346938775512,66.93877551020408,53.06122448979592,13.877551020408163
E00133802,158,45,14,31,113,97,16,28.48101265822785,8.860759493670885,19.62025316455696,71.51898734177216,61.39240506329114,10.126582278481013
E00133803,160,39,7,32,121,101,20,24.375,4.375,20,75.625,63.125,12.5
E00133804,100,36,15,21,64,51,13,36,15,21,64,51,13
E00133805,209,58,22,36,151,111,40,27.751196172248804,10.526315789473683,17.22488038277512,72.24880382775119,53.110047846889955,19.138755980861244
E00133806,164,55,15,40,109,94,15,33.53658536585366,9.146341463414634,24.390243902439025,66.46341463414635,57.3170731707317,9.146341463414634
E00133807,211,61,17,44,150,120,30,28.90995260663507,8.056872037914692,20.85308056872038,71.09004739336493,56.872037914691944,14.218009478672986
E00133808,159,48,18,30,111,85,26,30.18867924528302,11.320754716981133,18.867924528301888,69.81132075471697,53.459119496855344,16.352201257861633
E00133809,86,27,8,19,59,46,13,31.3953488372093,9.30232558139535,22.093023255813954,68.6046511627907,53.48837209302325,15.11627906976744
E00133810,162,48,17,31,114,91,23,29.629629629629626,10.493827160493826,19.1358024691358,70.37037037037037,56.17283950617284,14.19753086419753
E00133811,139,44,12,32,95,78,17,31.654676258992804,8.633093525179856,23.021582733812952,68.34532374100719,56.11510791366906,12.23021582733813
E00133812,168,51,27,24,117,99,18,30.357142857142854,16.071428571428573,14.285714285714285,69.64285714285714,58.92857142857143,10.714285714285714
E00133813,176,42,22,20,134,120,14,23.863636363636363,12.5,11.363636363636363,76.13636363636364,68.18181818181817,7.954545454545454
E00133814,157,37,14,23,120,113,7,23.56687898089172,8.9171974522293,14.64968152866242,76.43312101910828,71.97452229299363,4.45859872611465
E00133815,158,43,21,22,115,95,20,27.21518987341772,13.291139240506327,13.924050632911392,72.78481012658227,60.12658227848101,12.658227848101266
E00133816,159,38,13,25,121,99,22,23.89937106918239,8.176100628930817,15.723270440251572,76.10062893081762,62.264150943396224,13.836477987421384
E00133817,182,35,11,24,147,128,19,19.230769230769234,6.043956043956044,13.186813186813188,80.76923076923077,70.32967032967034,10.43956043956044
E00133818,131,38,16,22,93,82,11,29.00763358778626,12.213740458015266,16.793893129770993,70.99236641221374,62.59541984732825,8.396946564885496
E00133819,209,50,20,30,159,132,27,23.923444976076556,9.569377990430622,14.354066985645932,76.07655502392345,63.1578947368421,12.918660287081341
E00133820,152,39,11,28,113,99,14,25.657894736842106,7.236842105263158,18.421052631578945,74.3421052631579,65.13157894736842,9.210526315789473
E00133821,163,44,11,33,119,100,19,26.993865030674847,6.748466257668712,20.245398773006134,73.00613496932516,61.34969325153374,11.65644171779141
E00133822,110,38,13,25,72,51,21,34.54545454545455,11.818181818181818,22.727272727272727,65.45454545454545,46.36363636363636,19.090909090909093
E00133823,143,36,12,24,107,94,13,25.174825174825177,8.391608391608392,16.783216783216783,74.82517482517483,65.73426573426573,9.090909090909092
E00133824,95,30,10,20,65,54,11,31.57894736842105,10.526315789473683,21.052631578947366,68.42105263157895,56.84210526315789,11.578947368421053
E00133825,156,39,8,31,117,96,21,25,5.128205128205128,19.871794871794872,75,61.53846153846154,13.461538461538462
E00133826,50,15,6,9,35,31,4,30,12,18,70,62,8
E00133827,154,32,9,23,122,100,22,20.77922077922078,5.844155844155844,14.935064935064934,79.22077922077922,64.93506493506493,14.285714285714285
E00133828,109,32,9,23,77,66,11,29.357798165137616,8.256880733944955,21.100917431192663,70.64220183486239,60.550458715596335,10.091743119266056
E00133829,142,43,14,29,99,82,17,30.28169014084507,9.859154929577464,20.422535211267608,69.71830985915493,57.74647887323944,11.971830985915492
E00133830,127,39,9,30,88,71,17,30.708661417322837,7.086614173228346,23.62204724409449,69.29133858267717,55.90551181102362,13.385826771653544
E00133831,158,42,10,32,116,94,22,26.582278481012654,6.329113924050633,20.253164556962027,73.41772151898735,59.49367088607595,13.924050632911392
E00133832,111,38,11,27,73,65,8,34.234234234234236,9.90990990990991,24.324324324324326,65.76576576576578,58.55855855855856,7.207207207207207
E00133833,166,44,12,32,122,98,24,26.506024096385545,7.228915662650602,19.27710843373494,73.49397590361446,59.036144578313255,14.457831325301203
E00133834,140,34,12,22,106,79,27,24.285714285714285,8.571428571428571,15.714285714285714,75.71428571428571,56.42857142857143,19.28571428571429
E00133835,177,53,20,33,124,114,10,29.943502824858758,11.299435028248588,18.64406779661017,70.05649717514125,64.40677966101694,5.649717514124294
E00133836,190,59,17,42,131,116,15,31.05263157894737,8.947368421052632,22.105263157894736,68.94736842105263,61.05263157894737,7.894736842105263
E00133837,149,45,10,35,104,85,19,30.201342281879196,6.7114093959731544,23.48993288590604,69.79865771812081,57.04697986577181,12.751677852348994
E00133838,194,62,27,35,132,100,32,31.958762886597935,13.917525773195877,18.04123711340206,68.04123711340206,51.546391752577314,16.49484536082474
E00133839,106,32,9,23,74,57,17,30.18867924528302,8.49056603773585,21.69811320754717,69.81132075471697,53.77358490566038,16.037735849056602
E00133840,96,37,10,27,59,51,8,38.54166666666667,10.416666666666668,28.125,61.458333333333336,53.125,8.333333333333332
E00133841,102,31,12,19,71,51,20,30.392156862745097,11.76470588235294,18.627450980392158,69.6078431372549,50,19.607843137254903
E00133842,177,47,16,31,130,95,35,26.55367231638418,9.03954802259887,17.51412429378531,73.44632768361582,53.672316384180796,19.774011299435028
E00133843,97,42,12,30,55,46,9,43.29896907216495,12.371134020618557,30.927835051546392,56.70103092783505,47.42268041237113,9.278350515463918
E00133844,168,54,18,36,114,99,15,32.142857142857146,10.714285714285714,21.428571428571427,67.85714285714286,58.92857142857143,8.928571428571429
E00133845,134,35,13,22,99,82,17,26.119402985074625,9.701492537313433,16.417910447761194,73.88059701492537,61.19402985074627,12.686567164179104
E00133846,125,34,9,25,91,76,15,27.200000000000003,7.199999999999999,20,72.8,60.8,12
E00133847,50,17,6,11,33,30,3,34,12,22,66,60,6
E00133848,144,32,10,22,112,90,22,22.22222222222222,6.944444444444445,15.277777777777779,77.77777777777779,62.5,15.277777777777779
E00133849,162,50,24,26,112,66,46,30.864197530864196,14.814814814814813,16.049382716049383,69.1358024691358,40.74074074074074,28.39506172839506
E00133850,89,21,10,11,68,53,15,23.595505617977526,11.235955056179774,12.359550561797752,76.40449438202246,59.55056179775281,16.853932584269664
E00133851,129,35,15,20,94,80,14,27.131782945736433,11.627906976744185,15.503875968992247,72.86821705426357,62.01550387596899,10.852713178294573
E00133852,120,34,13,21,86,60,26,28.333333333333332,10.833333333333334,17.5,71.66666666666667,50,21.666666666666668
E00133853,115,34,14,20,81,67,14,29.565217391304348,12.173913043478262,17.391304347826086,70.43478260869566,58.26086956521739,12.173913043478262
E00133854,96,36,16,20,60,45,15,37.5,16.666666666666664,20.833333333333336,62.5,46.875,15.625
E00133855,194,56,18,38,138,111,27,28.865979381443296,9.278350515463918,19.587628865979383,71.1340206185567,57.21649484536082,13.917525773195877
E00133856,110,37,9,28,73,59,14,33.63636363636363,8.181818181818182,25.454545454545453,66.36363636363637,53.63636363636364,12.727272727272727
E00133857,94,29,10,19,65,42,23,30.851063829787233,10.638297872340425,20.212765957446805,69.14893617021278,44.680851063829785,24.46808510638298
E00133858,95,27,8,19,68,55,13,28.421052631578945,8.421052631578947,20,71.57894736842105,57.89473684210527,13.684210526315791
E00133859,118,38,11,27,80,68,12,32.20338983050847,9.322033898305085,22.88135593220339,67.79661016949152,57.6271186440678,10.16949152542373
E00133860,90,22,5,17,68,55,13,24.444444444444443,5.555555555555555,18.88888888888889,75.55555555555556,61.111111111111114,14.444444444444443
E00133861,78,27,10,17,51,46,5,34.61538461538461,12.82051282051282,21.794871794871796,65.38461538461539,58.97435897435898,6.41025641025641
E00133862,117,50,20,30,67,55,12,42.73504273504273,17.094017094017094,25.64102564102564,57.26495726495726,47.008547008547005,10.256410256410255
E00133863,99,25,4,21,74,63,11,25.252525252525253,4.040404040404041,21.21212121212121,74.74747474747475,63.63636363636363,11.11111111111111
E00133864,233,67,26,41,166,121,45,28.75536480686695,11.158798283261802,17.59656652360515,71.24463519313305,51.931330472103,19.313304721030043
E00133865,140,50,15,35,90,69,21,35.714285714285715,10.714285714285714,25,64.28571428571429,49.28571428571429,15
E00133866,45,20,8,12,25,23,2,44.44444444444444,17.77777777777778,26.666666666666668,55.55555555555556,51.11111111111111,4.444444444444445
E00133867,106,31,13,18,75,66,9,29.245283018867923,12.264150943396226,16.9811320754717,70.75471698113208,62.264150943396224,8.49056603773585
E00133868,125,41,16,25,84,73,11,32.800000000000004,12.8,20,67.2,58.4,8.799999999999999
E00133869,130,39,15,24,91,76,15,30,11.538461538461538,18.461538461538463,70,58.46153846153847,11.538461538461538
E00133870,114,27,10,17,87,64,23,23.684210526315788,8.771929824561402,14.912280701754385,76.31578947368422,56.14035087719298,20.175438596491226
E00133871,112,37,13,24,75,66,9,33.035714285714285,11.607142857142858,21.428571428571427,66.96428571428571,58.92857142857143,8.035714285714286
E00133872,110,42,15,27,68,57,11,38.18181818181819,13.636363636363635,24.545454545454547,61.81818181818181,51.81818181818182,10
E00133873,120,47,14,33,73,53,20,39.166666666666664,11.666666666666666,27.500000000000004,60.83333333333333,44.166666666666664,16.666666666666664
E00133874,176,66,22,44,110,86,24,37.5,12.5,25,62.5,48.86363636363637,13.636363636363635
E00133875,181,63,28,35,118,96,22,34.806629834254146,15.469613259668508,19.337016574585636,65.19337016574586,53.03867403314917,12.154696132596685
E00133876,243,80,41,39,163,127,36,32.92181069958848,16.872427983539097,16.049382716049383,67.07818930041152,52.2633744855967,14.814814814814813
E00133877,135,46,22,24,89,77,12,34.074074074074076,16.296296296296298,17.77777777777778,65.92592592592592,57.03703703703704,8.88888888888889
E00133878,70,22,10,12,48,35,13,31.428571428571427,14.285714285714285,17.142857142857142,68.57142857142857,50,18.571428571428573
E00133879,182,54,18,36,128,89,39,29.67032967032967,9.89010989010989,19.78021978021978,70.32967032967034,48.9010989010989,21.428571428571427
E00133880,194,50,14,36,144,118,26,25.773195876288657,7.216494845360824,18.556701030927837,74.22680412371135,60.824742268041234,13.402061855670103
E00133881,131,43,15,28,88,74,14,32.82442748091603,11.450381679389313,21.374045801526716,67.17557251908397,56.48854961832062,10.687022900763358
E00133882,144,42,7,35,102,80,22,29.166666666666668,4.861111111111112,24.305555555555554,70.83333333333334,55.55555555555556,15.277777777777779
E00133883,150,34,8,26,116,101,15,22.666666666666664,5.333333333333334,17.333333333333336,77.33333333333333,67.33333333333333,10
E00133884,174,47,12,35,127,96,31,27.011494252873565,6.896551724137931,20.114942528735632,72.98850574712644,55.172413793103445,17.81609195402299
E00133885,123,31,13,18,92,74,18,25.203252032520325,10.569105691056912,14.634146341463413,74.79674796747967,60.16260162601627,14.634146341463413
E00133886,158,44,13,31,114,97,17,27.848101265822784,8.227848101265822,19.62025316455696,72.15189873417721,61.39240506329114,10.759493670886076
E00133887,163,51,18,33,112,89,23,31.28834355828221,11.042944785276074,20.245398773006134,68.71165644171779,54.601226993865026,14.11042944785276
E00133888,119,39,16,23,80,66,14,32.773109243697476,13.445378151260504,19.327731092436977,67.22689075630252,55.46218487394958,11.76470588235294
E00133889,130,29,11,18,101,89,12,22.30769230769231,8.461538461538462,13.846153846153847,77.6923076923077,68.46153846153847,9.230769230769232
E00133890,138,34,16,18,104,92,12,24.637681159420293,11.594202898550725,13.043478260869565,75.36231884057972,66.66666666666666,8.695652173913043
E00133891,98,35,18,17,63,44,19,35.714285714285715,18.367346938775512,17.346938775510203,64.28571428571429,44.89795918367347,19.387755102040817
E00133892,127,38,7,31,89,71,18,29.92125984251969,5.511811023622047,24.409448818897637,70.07874015748031,55.90551181102362,14.173228346456693
E00133893,188,47,17,30,141,112,29,25,9.042553191489363,15.957446808510639,75,59.57446808510638,15.425531914893616
E00133894,134,47,17,30,87,75,12,35.07462686567165,12.686567164179104,22.388059701492537,64.92537313432835,55.970149253731336,8.955223880597014
E00133895,133,36,12,24,97,75,22,27.06766917293233,9.022556390977442,18.045112781954884,72.93233082706767,56.390977443609025,16.541353383458645
E00133896,166,52,16,36,114,92,22,31.32530120481928,9.63855421686747,21.686746987951807,68.67469879518072,55.42168674698795,13.253012048192772
E00133898,150,48,21,27,102,73,29,32,14.000000000000002,18,68,48.66666666666667,19.333333333333332
E00133900,122,32,15,17,90,68,22,26.229508196721312,12.295081967213115,13.934426229508196,73.77049180327869,55.73770491803278,18.0327868852459
E00133901,184,62,22,40,122,92,30,33.69565217391305,11.956521739130435,21.73913043478261,66.30434782608695,50,16.304347826086957
E00133902,101,30,12,18,71,54,17,29.7029702970297,11.881188118811881,17.82178217821782,70.29702970297029,53.46534653465347,16.831683168316832
E00133903,154,54,22,32,100,76,24,35.064935064935064,14.285714285714285,20.77922077922078,64.93506493506493,49.35064935064935,15.584415584415584
E00133904,174,42,7,35,132,112,20,24.137931034482758,4.022988505747127,20.114942528735632,75.86206896551724,64.36781609195403,11.494252873563218
E00133905,138,51,19,32,87,67,20,36.95652173913043,13.768115942028986,23.18840579710145,63.04347826086957,48.55072463768116,14.492753623188406
E00133906,113,42,21,21,71,58,13,37.16814159292036,18.58407079646018,18.58407079646018,62.83185840707964,51.32743362831859,11.504424778761061
E00133907,132,37,16,21,95,81,14,28.030303030303028,12.121212121212121,15.909090909090908,71.96969696969697,61.36363636363637,10.606060606060606
E00133908,211,48,19,29,163,117,46,22.748815165876778,9.004739336492891,13.744075829383887,77.25118483412322,55.45023696682464,21.80094786729858
E00133909,186,47,16,31,139,114,25,25.268817204301076,8.60215053763441,16.666666666666664,74.73118279569893,61.29032258064516,13.440860215053762
E00133910,140,36,13,23,104,86,18,25.71428571428571,9.285714285714286,16.428571428571427,74.28571428571429,61.42857142857143,12.857142857142856
E00133911,168,49,14,35,119,97,22,29.166666666666668,8.333333333333332,20.833333333333336,70.83333333333334,57.738095238095234,13.095238095238097
E00133912,172,65,24,41,107,87,20,37.7906976744186,13.953488372093023,23.837209302325583,62.2093023255814,50.58139534883721,11.627906976744185
E00133913,205,64,26,38,141,112,29,31.21951219512195,12.682926829268293,18.536585365853657,68.78048780487805,54.63414634146342,14.146341463414632
E00133914,229,70,27,43,159,126,33,30.567685589519648,11.790393013100436,18.777292576419214,69.43231441048034,55.021834061135365,14.41048034934498
E00133915,162,41,19,22,121,93,28,25.308641975308642,11.728395061728394,13.580246913580247,74.69135802469135,57.407407407407405,17.28395061728395
E00133916,156,43,15,28,113,93,20,27.564102564102566,9.615384615384617,17.94871794871795,72.43589743589743,59.61538461538461,12.82051282051282
E00133917,186,55,21,34,131,99,32,29.56989247311828,11.29032258064516,18.27956989247312,70.43010752688173,53.2258064516129,17.20430107526882
E00133918,152,58,26,32,94,75,19,38.15789473684211,17.105263157894736,21.052631578947366,61.8421052631579,49.34210526315789,12.5
E00133919,209,68,17,51,141,112,29,32.535885167464116,8.133971291866029,24.401913875598087,67.46411483253588,53.588516746411486,13.875598086124402
E00133920,204,65,14,51,139,118,21,31.862745098039213,6.862745098039216,25,68.13725490196079,57.84313725490197,10.294117647058822
E00133921,152,51,11,40,101,83,18,33.55263157894737,7.236842105263158,26.31578947368421,66.44736842105263,54.60526315789473,11.842105263157894
E00133922,152,42,21,21,110,84,26,27.631578947368425,13.815789473684212,13.815789473684212,72.36842105263158,55.26315789473685,17.105263157894736
E00133923,104,40,17,23,64,50,14,38.46153846153847,16.346153846153847,22.115384615384613,61.53846153846154,48.07692307692308,13.461538461538462
E00133924,189,45,20,25,144,113,31,23.809523809523807,10.582010582010582,13.227513227513226,76.19047619047619,59.78835978835979,16.402116402116402
E00133927,97,34,18,16,63,53,10,35.051546391752574,18.556701030927837,16.49484536082474,64.94845360824742,54.63917525773196,10.309278350515463
E00133928,116,31,8,23,85,60,25,26.72413793103448,6.896551724137931,19.82758620689655,73.27586206896551,51.724137931034484,21.551724137931032
E00133929,32,20,9,11,12,12,0,62.5,28.125,34.375,37.5,37.5,0
E00133930,141,51,15,36,90,71,19,36.17021276595745,10.638297872340425,25.53191489361702,63.829787234042556,50.35460992907801,13.47517730496454
E00133931,106,32,13,19,74,57,17,30.18867924528302,12.264150943396226,17.92452830188679,69.81132075471697,53.77358490566038,16.037735849056602
E00133932,275,80,30,50,195,156,39,29.09090909090909,10.909090909090908,18.181818181818183,70.9090909090909,56.72727272727273,14.181818181818182
E00133933,90,25,15,10,65,47,18,27.77777777777778,16.666666666666664,11.11111111111111,72.22222222222221,52.22222222222223,20
E00133934,145,42,16,26,103,69,34,28.965517241379313,11.03448275862069,17.93103448275862,71.03448275862068,47.58620689655172,23.448275862068964
E00133935,158,51,20,31,107,83,24,32.278481012658226,12.658227848101266,19.62025316455696,67.72151898734177,52.53164556962025,15.18987341772152
E00169396,137,30,6,24,107,94,13,21.897810218978105,4.37956204379562,17.51824817518248,78.1021897810219,68.61313868613139,9.48905109489051
E00169397,122,36,9,27,86,75,11,29.508196721311474,7.377049180327869,22.131147540983605,70.49180327868852,61.47540983606557,9.01639344262295
E00169398,191,47,16,31,144,117,27,24.60732984293194,8.37696335078534,16.230366492146597,75.39267015706807,61.25654450261781,14.136125654450263
E00169399,196,32,10,22,164,151,13,16.3265306122449,5.1020408163265305,11.224489795918368,83.6734693877551,77.04081632653062,6.63265306122449
E00169400,298,69,28,41,229,190,39,23.154362416107382,9.395973154362416,13.758389261744966,76.84563758389261,63.758389261744966,13.087248322147651
E00169401,135,34,12,22,101,84,17,25.185185185185183,8.88888888888889,16.296296296296298,74.81481481481481,62.22222222222222,12.592592592592592
E00169402,182,45,15,30,137,109,28,24.725274725274726,8.241758241758241,16.483516483516482,75.27472527472527,59.89010989010989,15.384615384615385
E00169403,139,36,6,30,103,86,17,25.899280575539567,4.316546762589928,21.58273381294964,74.10071942446042,61.87050359712231,12.23021582733813
E00169404,173,42,11,31,131,116,15,24.277456647398843,6.358381502890173,17.91907514450867,75.72254335260115,67.05202312138728,8.670520231213873
E00169406,169,46,14,32,123,97,26,27.218934911242602,8.284023668639055,18.93491124260355,72.7810650887574,57.396449704142015,15.384615384615385
E00169407,294,70,21,49,224,190,34,23.809523809523807,7.142857142857142,16.666666666666664,76.19047619047619,64.62585034013605,11.564625850340136
E00169408,225,61,17,44,164,143,21,27.111111111111114,7.555555555555555,19.555555555555557,72.88888888888889,63.55555555555556,9.333333333333334
E00169409,154,42,13,29,112,91,21,27.27272727272727,8.441558441558442,18.83116883116883,72.72727272727273,59.09090909090909,13.636363636363635
E00169410,240,40,11,29,200,169,31,16.666666666666664,4.583333333333333,12.083333333333334,83.33333333333334,70.41666666666667,12.916666666666668
E00169411,186,46,17,29,140,119,21,24.731182795698924,9.13978494623656,15.591397849462366,75.26881720430107,63.97849462365591,11.29032258064516
E00169412,65,16,5,11,49,42,7,24.615384615384617,7.6923076923076925,16.923076923076923,75.38461538461539,64.61538461538461,10.76923076923077
E00169413,139,26,9,17,113,96,17,18.705035971223023,6.474820143884892,12.23021582733813,81.29496402877699,69.06474820143885,12.23021582733813
E00169414,106,29,10,19,77,69,8,27.358490566037734,9.433962264150944,17.92452830188679,72.64150943396226,65.09433962264151,7.547169811320755
E00169415,220,53,14,39,167,143,24,24.09090909090909,6.363636363636363,17.727272727272727,75.9090909090909,65,10.909090909090908
E00169416,137,42,17,25,95,80,15,30.656934306569344,12.408759124087592,18.248175182481752,69.34306569343066,58.3941605839416,10.948905109489052
E00169417,208,65,21,44,143,117,26,31.25,10.096153846153847,21.153846153846153,68.75,56.25,12.5
E00169418,192,46,10,36,146,119,27,23.958333333333336,5.208333333333334,18.75,76.04166666666666,61.979166666666664,14.0625
E00169419,191,51,13,38,140,117,23,26.701570680628272,6.806282722513089,19.895287958115183,73.29842931937172,61.25654450261781,12.041884816753926
E00169421,211,57,23,34,154,134,20,27.014218009478675,10.90047393364929,16.113744075829384,72.98578199052133,63.507109004739334,9.47867298578199
E00169422,193,40,18,22,153,106,47,20.72538860103627,9.32642487046632,11.398963730569948,79.27461139896373,54.92227979274611,24.352331606217618
E00169423,116,52,22,30,64,46,18,44.827586206896555,18.96551724137931,25.862068965517242,55.172413793103445,39.6551724137931,15.517241379310345
E00185270,71,15,3,12,56,50,6,21.12676056338028,4.225352112676056,16.901408450704224,78.87323943661971,70.4225352112676,8.450704225352112
E00185278,258,57,19,38,201,170,31,22.093023255813954,7.3643410852713185,14.728682170542637,77.90697674418605,65.89147286821705,12.015503875968992
E00185280,80,23,5,18,57,49,8,28.749999999999996,6.25,22.5,71.25,61.25000000000001,10
E00185282,149,37,13,24,112,96,16,24.832214765100673,8.724832214765101,16.10738255033557,75.16778523489933,64.42953020134227,10.738255033557047
E00185288,229,47,17,30,182,147,35,20.52401746724891,7.423580786026202,13.100436681222707,79.47598253275109,64.19213973799127,15.283842794759824
E00185290,95,32,11,21,63,49,14,33.68421052631579,11.578947368421053,22.105263157894736,66.3157894736842,51.578947368421055,14.736842105263156
E00185294,114,29,10,19,85,73,12,25.438596491228072,8.771929824561402,16.666666666666664,74.56140350877193,64.03508771929825,10.526315789473683
E00185305,74,17,5,12,57,50,7,22.972972972972975,6.756756756756757,16.216216216216218,77.02702702702703,67.56756756756756,9.45945945945946
E00185306,168,48,14,34,120,100,20,28.57142857142857,8.333333333333332,20.238095238095237,71.42857142857143,59.523809523809526,11.904761904761903
E00185307,218,49,21,28,169,143,26,22.477064220183486,9.63302752293578,12.844036697247708,77.52293577981652,65.59633027522935,11.926605504587156
E00185308,348,55,23,32,293,245,48,15.804597701149426,6.609195402298851,9.195402298850574,84.19540229885058,70.40229885057471,13.793103448275861
E00185310,34,16,4,12,18,18,0,47.05882352941176,11.76470588235294,35.294117647058826,52.94117647058824,52.94117647058824,0
E00185313,109,30,11,19,79,70,9,27.522935779816514,10.091743119266056,17.431192660550458,72.47706422018348,64.22018348623854,8.256880733944955
E00185315,137,35,14,21,102,91,11,25.547445255474454,10.218978102189782,15.328467153284672,74.45255474452554,66.42335766423358,8.02919708029197
E00185316,151,53,19,34,98,85,13,35.099337748344375,12.582781456953644,22.516556291390728,64.90066225165563,56.29139072847682,8.609271523178808
E00185333,233,54,18,36,179,156,23,23.17596566523605,7.725321888412018,15.450643776824036,76.82403433476395,66.95278969957081,9.871244635193133
E00185336,267,40,11,29,227,189,38,14.981273408239701,4.119850187265917,10.861423220973784,85.0187265917603,70.78651685393258,14.232209737827715
E00185338,140,43,12,31,97,86,11,30.714285714285715,8.571428571428571,22.142857142857142,69.28571428571428,61.42857142857143,7.857142857142857
E00185339,71,18,7,11,53,45,8,25.352112676056336,9.859154929577464,15.492957746478872,74.64788732394366,63.38028169014085,11.267605633802818
E00185346,150,46,14,32,104,90,14,30.666666666666664,9.333333333333334,21.333333333333336,69.33333333333334,60,9.333333333333334
E00185347,120,39,19,20,81,66,15,32.5,15.833333333333332,16.666666666666664,67.5,55.00000000000001,12.5
E00185348,133,35,9,26,98,85,13,26.31578947368421,6.7669172932330826,19.548872180451127,73.68421052631578,63.90977443609023,9.774436090225564
E00185360,199,54,18,36,145,127,18,27.1356783919598,9.045226130653267,18.090452261306535,72.8643216080402,63.81909547738693,9.045226130653267
E00185364,245,73,25,48,172,141,31,29.795918367346943,10.204081632653061,19.591836734693878,70.20408163265306,57.55102040816327,12.653061224489795
E00185365,61,14,4,10,47,44,3,22.950819672131146,6.557377049180328,16.39344262295082,77.04918032786885,72.1311475409836,4.918032786885246
E00185366,124,34,11,23,90,72,18,27.419354838709676,8.870967741935484,18.548387096774192,72.58064516129032,58.06451612903226,14.516129032258066
E00185368,339,68,21,47,271,228,43,20.058997050147493,6.1946902654867255,13.864306784660767,79.9410029498525,67.2566371681416,12.684365781710916
E00185374,87,26,7,19,61,51,10,29.88505747126437,8.045977011494253,21.839080459770116,70.11494252873564,58.620689655172406,11.494252873563218
E00185386,239,56,17,39,183,148,35,23.430962343096233,7.112970711297072,16.317991631799163,76.56903765690377,61.92468619246861,14.644351464435147
E00185398,56,7,3,4,49,44,5,12.5,5.357142857142857,7.142857142857142,87.5,78.57142857142857,8.928571428571429
E00185404,64,12,3,9,52,42,10,18.75,4.6875,14.0625,81.25,65.625,15.625
E00185406,272,61,14,47,211,169,42,22.426470588235293,5.147058823529411,17.27941176470588,77.57352941176471,62.13235294117647,15.441176470588236
E00185410,200,54,22,32,146,126,20,27,11,16,73,63,10
E00185412,134,39,5,34,95,81,14,29.1044776119403,3.731343283582089,25.37313432835821,70.8955223880597,60.447761194029844,10.44776119402985
E00185417,99,26,13,13,73,59,14,26.262626262626267,13.131313131313133,13.131313131313133,73.73737373737373,59.59595959595959,14.14141414141414
E00185437,260,74,23,51,186,171,15,28.46153846153846,8.846153846153847,19.615384615384617,71.53846153846153,65.76923076923077,5.769230769230769
E00185439,78,22,9,13,56,46,10,28.205128205128204,11.538461538461538,16.666666666666664,71.7948717948718,58.97435897435898,12.82051282051282
E00185446,70,22,8,14,48,43,5,31.428571428571427,11.428571428571429,20,68.57142857142857,61.42857142857143,7.142857142857142
E00185450,257,67,17,50,190,158,32,26.07003891050584,6.614785992217899,19.45525291828794,73.92996108949417,61.478599221789885,12.45136186770428
E00185451,221,39,14,25,182,148,34,17.647058823529413,6.334841628959276,11.312217194570136,82.35294117647058,66.9683257918552,15.384615384615385
E00185453,141,36,13,23,105,82,23,25.53191489361702,9.219858156028367,16.312056737588655,74.46808510638297,58.156028368794324,16.312056737588655
E00185458,281,71,24,47,210,183,27,25.26690391459075,8.540925266903916,16.72597864768683,74.73309608540926,65.12455516014235,9.608540925266903
E00185459,190,41,13,28,149,120,29,21.578947368421055,6.842105263157896,14.736842105263156,78.42105263157895,63.1578947368421,15.263157894736842
E00185460,295,102,35,67,193,160,33,34.57627118644068,11.864406779661017,22.71186440677966,65.42372881355932,54.23728813559322,11.186440677966102
E00185461,126,32,13,19,94,55,39,25.396825396825395,10.317460317460316,15.079365079365079,74.60317460317461,43.65079365079365,30.952380952380953
