OA,ts0380001,ts0380002,ts0380003,ts0380004,ts0380005,ts0380006,ts0380007,ts0380002_PCT,ts0380003_PCT,ts0380004_PCT,ts0380005_PCT,ts0380006_PCT,ts0380007_PCT
E00042042,317,85,52,33,232,16,216,26.813880126182966,16.40378548895899,10.410094637223976,73.18611987381703,5.047318611987381,68.13880126182966
E00042043,285,55,29,26,230,21,209,19.298245614035086,10.175438596491228,9.12280701754386,80.7017543859649,7.368421052631578,73.33333333333333
E00042044,268,47,23,24,221,18,203,17.537313432835823,8.582089552238806,8.955223880597014,82.46268656716418,6.7164179104477615,75.74626865671642
E00042045,206,54,20,34,152,15,137,26.21359223300971,9.70873786407767,16.50485436893204,73.7864077669903,7.281553398058252,66.50485436893204
E00042046,432,111,47,64,321,21,300,25.694444444444443,10.87962962962963,14.814814814814813,74.30555555555556,4.861111111111112,69.44444444444444
E00042047,351,74,47,27,277,20,257,21.082621082621085,13.390313390313391,7.6923076923076925,78.91737891737893,5.698005698005698,73.21937321937322
E00042048,333,71,29,42,262,34,228,21.32132132132132,8.708708708708707,12.612612612612612,78.67867867867868,10.21021021021021,68.46846846846847
E00042049,336,58,17,41,278,27,251,17.261904761904763,5.059523809523809,12.202380952380953,82.73809523809523,8.035714285714286,74.70238095238095
E00042050,380,109,65,44,271,26,245,28.68421052631579,17.105263157894736,11.578947368421053,71.3157894736842,6.842105263157896,64.47368421052632
E00042051,333,51,25,26,282,23,259,15.315315315315313,7.5075075075075075,7.807807807807808,84.68468468468468,6.906906906906906,77.77777777777779
E00042052,331,88,39,49,243,22,221,26.586102719033235,11.782477341389729,14.803625377643503,73.41389728096676,6.646525679758309,66.76737160120845
E00042053,384,67,25,42,317,14,303,17.447916666666664,6.510416666666667,10.9375,82.55208333333334,3.6458333333333335,78.90625
E00042054,289,76,33,43,213,21,192,26.297577854671278,11.418685121107266,14.878892733564014,73.70242214532871,7.26643598615917,66.43598615916954
E00042055,340,57,22,35,283,22,261,16.76470588235294,6.470588235294119,10.294117647058822,83.23529411764706,6.470588235294119,76.76470588235294
E00042056,281,133,86,47,148,14,134,47.330960854092524,30.604982206405694,16.72597864768683,52.66903914590747,4.98220640569395,47.686832740213525
E00042057,380,96,57,39,284,13,271,25.263157894736842,15,10.263157894736842,74.73684210526315,3.421052631578948,71.3157894736842
E00042058,120,28,18,10,92,6,86,23.333333333333332,15,8.333333333333332,76.66666666666667,5,71.66666666666667
E00042059,307,49,25,24,258,10,248,15.960912052117262,8.143322475570033,7.81758957654723,84.03908794788273,3.257328990228013,80.78175895765473
E00042061,365,59,23,36,306,16,290,16.164383561643834,6.301369863013699,9.863013698630137,83.83561643835617,4.383561643835616,79.45205479452055
E00042062,492,57,24,33,435,11,424,11.585365853658537,4.878048780487805,6.707317073170732,88.41463414634147,2.2357723577235773,86.1788617886179
E00042064,285,77,34,43,208,6,202,27.017543859649123,11.929824561403509,15.087719298245613,72.98245614035088,2.1052631578947367,70.87719298245614
E00042065,419,68,31,37,351,23,328,16.2291169451074,7.398568019093078,8.83054892601432,83.7708830548926,5.4892601431980905,78.28162291169451
E00042066,179,56,27,29,123,9,114,31.28491620111732,15.083798882681565,16.201117318435752,68.71508379888269,5.027932960893855,63.687150837988824
E00042067,301,53,20,33,248,24,224,17.60797342192691,6.64451827242525,10.96345514950166,82.39202657807309,7.973421926910299,74.4186046511628
E00042068,267,51,24,27,216,13,203,19.101123595505616,8.98876404494382,10.112359550561797,80.89887640449437,4.868913857677903,76.02996254681648
E00042069,312,45,16,29,267,39,228,14.423076923076922,5.128205128205128,9.294871794871796,85.57692307692307,12.5,73.07692307692307
E00042070,253,35,15,20,218,16,202,13.83399209486166,5.928853754940711,7.905138339920949,86.16600790513834,6.324110671936759,79.84189723320159
E00042071,295,49,26,23,246,31,215,16.610169491525422,8.813559322033898,7.796610169491526,83.38983050847457,10.508474576271185,72.88135593220339
E00042072,326,81,56,25,245,19,226,24.846625766871167,17.177914110429448,7.668711656441718,75.15337423312883,5.828220858895705,69.32515337423312
E00042073,377,90,46,44,287,10,277,23.872679045092838,12.20159151193634,11.671087533156498,76.12732095490716,2.6525198938992043,73.47480106100795
E00042074,327,75,41,34,252,3,249,22.93577981651376,12.538226299694188,10.397553516819572,77.06422018348624,0.9174311926605505,76.14678899082568
E00042075,416,92,35,57,324,24,300,22.115384615384613,8.413461538461538,13.701923076923078,77.88461538461539,5.769230769230769,72.11538461538461
E00042076,351,60,27,33,291,22,269,17.094017094017094,7.6923076923076925,9.401709401709402,82.90598290598291,6.267806267806268,76.63817663817663
E00042077,217,49,21,28,168,9,159,22.58064516129032,9.67741935483871,12.903225806451612,77.41935483870968,4.147465437788019,73.27188940092167
E00042078,231,43,20,23,188,14,174,18.614718614718615,8.658008658008658,9.956709956709958,81.38528138528139,6.0606060606060606,75.32467532467533
E00042079,217,46,32,14,171,11,160,21.19815668202765,14.746543778801843,6.451612903225806,78.80184331797236,5.0691244239631335,73.73271889400922
E00042080,227,58,33,25,169,11,158,25.55066079295154,14.537444933920703,11.013215859030836,74.44933920704845,4.845814977973569,69.60352422907489
E00042082,269,63,39,24,206,30,176,23.42007434944238,14.49814126394052,8.921933085501859,76.57992565055763,11.152416356877323,65.4275092936803
E00042083,309,42,14,28,267,18,249,13.592233009708737,4.53074433656958,9.06148867313916,86.40776699029125,5.825242718446602,80.58252427184466
E00042084,210,33,12,21,177,20,157,15.714285714285714,5.714285714285714,10,84.28571428571429,9.523809523809524,74.76190476190476
E00042085,238,82,39,43,156,14,142,34.45378151260504,16.386554621848738,18.067226890756302,65.54621848739495,5.88235294117647,59.66386554621849
E00042086,335,70,38,32,265,23,242,20.8955223880597,11.343283582089553,9.55223880597015,79.1044776119403,6.865671641791045,72.23880597014926
E00042087,327,60,27,33,267,21,246,18.34862385321101,8.256880733944955,10.091743119266056,81.65137614678899,6.422018348623854,75.22935779816514
E00042088,347,67,26,41,280,20,260,19.30835734870317,7.492795389048991,11.815561959654179,80.69164265129683,5.763688760806916,74.92795389048992
E00042089,214,87,50,37,127,9,118,40.654205607476634,23.364485981308412,17.289719626168225,59.345794392523366,4.205607476635514,55.140186915887845
E00042090,301,56,32,24,245,18,227,18.6046511627907,10.631229235880399,7.973421926910299,81.3953488372093,5.980066445182724,75.41528239202658
E00042091,348,87,39,48,261,17,244,25,11.206896551724139,13.793103448275861,75,4.885057471264368,70.11494252873564
E00042092,282,72,40,32,210,20,190,25.53191489361702,14.184397163120568,11.347517730496454,74.46808510638297,7.092198581560284,67.37588652482269
E00042093,238,69,39,30,169,15,154,28.991596638655466,16.386554621848738,12.605042016806722,71.00840336134453,6.302521008403361,64.70588235294117
E00042094,221,58,35,23,163,18,145,26.244343891402718,15.837104072398189,10.407239819004525,73.7556561085973,8.144796380090497,65.61085972850678
E00042095,244,69,31,38,175,13,162,28.278688524590162,12.704918032786885,15.573770491803279,71.72131147540983,5.327868852459016,66.39344262295081
E00042096,221,68,41,27,153,23,130,30.76923076923077,18.552036199095024,12.217194570135746,69.23076923076923,10.407239819004525,58.82352941176471
E00042097,404,98,51,47,306,47,259,24.257425742574256,12.623762376237623,11.633663366336634,75.74257425742574,11.633663366336634,64.10891089108911
E00042099,262,81,43,38,181,12,169,30.916030534351147,16.412213740458014,14.50381679389313,69.08396946564885,4.580152671755725,64.50381679389314
E00042100,314,96,56,40,218,18,200,30.573248407643312,17.8343949044586,12.738853503184714,69.42675159235668,5.7324840764331215,63.69426751592356
E00042102,467,107,62,45,360,27,333,22.91220556745182,13.276231263383298,9.635974304068522,77.08779443254818,5.781584582441114,71.30620985010707
E00042103,374,102,69,33,272,21,251,27.27272727272727,18.449197860962567,8.823529411764707,72.72727272727273,5.614973262032086,67.11229946524064
E00042106,357,79,54,25,278,14,264,22.128851540616246,15.126050420168067,7.002801120448179,77.87114845938376,3.9215686274509802,73.94957983193278
E00042107,288,67,36,31,221,21,200,23.26388888888889,12.5,10.76388888888889,76.73611111111111,7.291666666666667,69.44444444444444
E00042108,389,86,46,40,303,10,293,22.10796915167095,11.825192802056556,10.282776349614396,77.89203084832906,2.570694087403599,75.32133676092545
E00042109,267,83,47,36,184,8,176,31.086142322097377,17.60299625468165,13.48314606741573,68.91385767790263,2.9962546816479403,65.91760299625467
E00042110,236,51,29,22,185,13,172,21.610169491525426,12.288135593220339,9.322033898305085,78.38983050847457,5.508474576271186,72.88135593220339
E00042111,210,67,40,27,143,14,129,31.9047619047619,19.047619047619047,12.857142857142856,68.0952380952381,6.666666666666667,61.42857142857143
E00042112,225,86,50,36,139,16,123,38.22222222222222,22.22222222222222,16,61.77777777777778,7.111111111111111,54.666666666666664
E00042113,295,71,36,35,224,7,217,24.06779661016949,12.203389830508476,11.864406779661017,75.9322033898305,2.3728813559322033,73.5593220338983
E00042114,393,55,14,41,338,44,294,13.994910941475828,3.5623409669211195,10.432569974554708,86.00508905852418,11.195928753180661,74.80916030534351
E00042115,332,87,48,39,245,23,222,26.20481927710843,14.457831325301203,11.74698795180723,73.79518072289156,6.927710843373494,66.86746987951807
E00042116,214,43,23,20,171,9,162,20.093457943925234,10.74766355140187,9.345794392523365,79.90654205607477,4.205607476635514,75.70093457943925
E00042117,214,33,9,24,181,18,163,15.42056074766355,4.205607476635514,11.214953271028037,84.57943925233646,8.411214953271028,76.16822429906543
E00042118,506,179,106,73,327,10,317,35.37549407114625,20.948616600790515,14.42687747035573,64.62450592885376,1.9762845849802373,62.64822134387352
E00042120,282,87,45,42,195,14,181,30.851063829787233,15.957446808510639,14.893617021276595,69.14893617021278,4.964539007092199,64.18439716312056
E00042121,260,62,20,42,198,19,179,23.846153846153847,7.6923076923076925,16.153846153846153,76.15384615384615,7.307692307692308,68.84615384615384
E00042122,242,55,25,30,187,17,170,22.727272727272727,10.330578512396695,12.396694214876034,77.27272727272727,7.024793388429752,70.24793388429752
E00042123,191,28,11,17,163,24,139,14.659685863874344,5.7591623036649215,8.900523560209423,85.34031413612566,12.56544502617801,72.77486910994764
E00042124,197,37,9,28,160,21,139,18.781725888324875,4.568527918781726,14.213197969543149,81.21827411167513,10.65989847715736,70.55837563451777
E00042125,203,63,35,28,140,12,128,31.03448275862069,17.24137931034483,13.793103448275861,68.96551724137932,5.911330049261084,63.05418719211823
E00042126,331,107,46,61,224,10,214,32.3262839879154,13.897280966767372,18.429003021148034,67.6737160120846,3.0211480362537766,64.6525679758308
E00042127,302,82,39,43,220,19,201,27.1523178807947,12.91390728476821,14.23841059602649,72.84768211920529,6.291390728476822,66.55629139072848
E00042128,163,53,20,33,110,15,95,32.515337423312886,12.269938650306749,20.245398773006134,67.48466257668711,9.202453987730062,58.282208588957054
E00042129,316,87,45,42,229,24,205,27.531645569620256,14.240506329113925,13.291139240506327,72.46835443037975,7.59493670886076,64.87341772151899
E00042130,284,83,41,42,201,14,187,29.225352112676056,14.43661971830986,14.788732394366196,70.77464788732394,4.929577464788732,65.84507042253522
E00042131,232,68,32,36,164,13,151,29.310344827586203,13.793103448275861,15.517241379310345,70.6896551724138,5.603448275862069,65.08620689655173
E00042132,353,82,34,48,271,17,254,23.229461756373937,9.631728045325778,13.59773371104816,76.77053824362606,4.815864022662889,71.95467422096317
E00042133,299,91,58,33,208,12,196,30.434782608695656,19.39799331103679,11.036789297658862,69.56521739130434,4.013377926421405,65.55183946488295
E00042134,461,155,67,88,306,23,283,33.622559652928416,14.533622559652928,19.088937093275486,66.37744034707158,4.989154013015185,61.388286334056396
E00042135,277,101,50,51,176,18,158,36.462093862815884,18.050541516245488,18.4115523465704,63.537906137184116,6.4981949458483745,57.03971119133574
E00042136,325,82,36,46,243,23,220,25.23076923076923,11.076923076923077,14.153846153846153,74.76923076923076,7.076923076923077,67.6923076923077
E00042137,219,64,30,34,155,5,150,29.22374429223744,13.698630136986301,15.52511415525114,70.77625570776256,2.28310502283105,68.4931506849315
E00042138,301,56,25,31,245,6,239,18.6046511627907,8.305647840531561,10.299003322259136,81.3953488372093,1.9933554817275747,79.40199335548172
E00042139,343,128,82,46,215,13,202,37.31778425655977,23.9067055393586,13.411078717201166,62.68221574344023,3.7900874635568513,58.89212827988338
E00042140,296,52,23,29,244,22,222,17.56756756756757,7.77027027027027,9.797297297297296,82.43243243243244,7.4324324324324325,75
E00042141,318,61,32,29,257,19,238,19.18238993710692,10.062893081761008,9.119496855345911,80.81761006289308,5.9748427672955975,74.84276729559748
E00042142,309,54,14,40,255,27,228,17.475728155339805,4.53074433656958,12.944983818770226,82.52427184466019,8.737864077669903,73.7864077669903
E00042143,264,32,15,17,232,25,207,12.121212121212121,5.681818181818182,6.4393939393939394,87.87878787878788,9.469696969696969,78.4090909090909
E00042144,243,31,14,17,212,26,186,12.757201646090536,5.761316872427984,6.995884773662551,87.24279835390946,10.699588477366255,76.5432098765432
E00042145,242,41,15,26,201,25,176,16.94214876033058,6.198347107438017,10.743801652892563,83.05785123966942,10.330578512396695,72.72727272727273
E00042146,294,40,16,24,254,34,220,13.60544217687075,5.442176870748299,8.16326530612245,86.39455782312925,11.564625850340136,74.82993197278913
E00042148,284,52,20,32,232,26,206,18.30985915492958,7.042253521126761,11.267605633802818,81.69014084507043,9.15492957746479,72.53521126760563
E00042149,299,40,15,25,259,20,239,13.377926421404682,5.016722408026756,8.361204013377927,86.62207357859532,6.688963210702341,79.93311036789298
E00042150,281,39,11,28,242,24,218,13.87900355871886,3.9145907473309607,9.9644128113879,86.12099644128114,8.540925266903916,77.58007117437722
E00042151,282,59,20,39,223,19,204,20.921985815602838,7.092198581560284,13.829787234042554,79.07801418439716,6.73758865248227,72.3404255319149
E00042152,301,43,20,23,258,22,236,14.285714285714285,6.64451827242525,7.641196013289036,85.71428571428571,7.308970099667775,78.40531561461795
E00042153,244,72,42,30,172,15,157,29.508196721311474,17.21311475409836,12.295081967213115,70.49180327868852,6.147540983606557,64.34426229508196
E00042154,244,36,13,23,208,12,196,14.754098360655737,5.327868852459016,9.426229508196721,85.24590163934425,4.918032786885246,80.32786885245902
E00042155,613,141,88,53,472,39,433,23.00163132137031,14.355628058727568,8.64600326264274,76.99836867862969,6.36215334420881,70.63621533442088
E00042156,252,105,69,36,147,26,121,41.66666666666667,27.380952380952383,14.285714285714285,58.333333333333336,10.317460317460316,48.01587301587302
E00042157,308,57,25,32,251,30,221,18.506493506493506,8.116883116883116,10.38961038961039,81.4935064935065,9.740259740259742,71.75324675324676
E00042158,395,83,32,51,312,40,272,21.012658227848103,8.10126582278481,12.91139240506329,78.9873417721519,10.126582278481013,68.86075949367088
E00042159,317,84,43,41,233,19,214,26.498422712933756,13.564668769716087,12.933753943217665,73.50157728706624,5.993690851735016,67.50788643533123
E00042160,285,84,41,43,201,22,179,29.47368421052631,14.385964912280702,15.087719298245613,70.52631578947368,7.719298245614035,62.807017543859644
E00042161,308,98,50,48,210,22,188,31.818181818181817,16.233766233766232,15.584415584415584,68.18181818181817,7.142857142857142,61.038961038961034
E00042164,258,70,34,36,188,14,174,27.131782945736433,13.178294573643413,13.953488372093023,72.86821705426357,5.426356589147287,67.44186046511628
E00042165,348,71,36,35,277,24,253,20.402298850574713,10.344827586206897,10.057471264367816,79.59770114942529,6.896551724137931,72.70114942528735
E00042166,218,57,28,29,161,11,150,26.146788990825687,12.844036697247708,13.302752293577983,73.85321100917432,5.045871559633028,68.80733944954129
E00042168,297,78,51,27,219,24,195,26.262626262626267,17.17171717171717,9.090909090909092,73.73737373737373,8.080808080808081,65.65656565656566
E00042169,286,40,13,27,246,29,217,13.986013986013987,4.545454545454546,9.44055944055944,86.01398601398601,10.13986013986014,75.87412587412588
E00042170,296,42,9,33,254,34,220,14.18918918918919,3.040540540540541,11.14864864864865,85.8108108108108,11.486486486486488,74.32432432432432
E00042171,319,49,13,36,270,27,243,15.360501567398119,4.075235109717868,11.285266457680251,84.63949843260188,8.463949843260188,76.17554858934169
E00042172,217,32,8,24,185,21,164,14.746543778801843,3.686635944700461,11.059907834101383,85.25345622119815,9.67741935483871,75.57603686635944
E00042173,307,30,8,22,277,41,236,9.77198697068404,2.6058631921824107,7.166123778501629,90.22801302931596,13.355048859934854,76.8729641693811
E00042174,314,85,47,38,229,21,208,27.070063694267514,14.968152866242038,12.101910828025478,72.92993630573248,6.687898089171974,66.2420382165605
E00042175,306,41,13,28,265,20,245,13.398692810457517,4.248366013071895,9.15032679738562,86.60130718954248,6.535947712418301,80.06535947712419
E00042176,309,40,14,26,269,33,236,12.944983818770226,4.53074433656958,8.414239482200648,87.05501618122977,10.679611650485436,76.37540453074433
E00042177,274,42,17,25,232,22,210,15.328467153284672,6.204379562043796,9.124087591240876,84.67153284671532,8.02919708029197,76.64233576642336
E00042178,323,34,11,23,289,20,269,10.526315789473683,3.4055727554179565,7.120743034055728,89.47368421052632,6.191950464396285,83.28173374613003
E00042179,256,31,13,18,225,33,192,12.109375,5.078125,7.03125,87.890625,12.890625,75
E00042180,534,52,14,38,482,36,446,9.737827715355806,2.6217228464419478,7.116104868913857,90.2621722846442,6.741573033707865,83.52059925093633
E00042182,361,42,8,34,319,38,281,11.634349030470915,2.21606648199446,9.418282548476455,88.36565096952909,10.526315789473683,77.8393351800554
E00042183,300,46,22,24,254,23,231,15.333333333333332,7.333333333333333,8,84.66666666666667,7.666666666666666,77
E00042184,410,66,27,39,344,31,313,16.097560975609756,6.585365853658537,9.512195121951219,83.90243902439025,7.560975609756097,76.34146341463415
E00042185,312,37,12,25,275,40,235,11.858974358974358,3.8461538461538463,8.012820512820513,88.14102564102564,12.82051282051282,75.32051282051282
E00042186,186,16,6,10,170,25,145,8.60215053763441,3.225806451612903,5.376344086021505,91.39784946236558,13.440860215053762,77.95698924731182
E00042187,529,88,27,61,441,46,395,16.6351606805293,5.103969754253308,11.531190926275993,83.36483931947069,8.695652173913043,74.66918714555766
E00042188,323,53,25,28,270,28,242,16.408668730650156,7.739938080495357,8.6687306501548,83.59133126934985,8.6687306501548,74.92260061919505
E00042189,278,75,42,33,203,23,180,26.978417266187048,15.107913669064748,11.870503597122301,73.02158273381295,8.273381294964029,64.74820143884892
E00042190,360,48,19,29,312,31,281,13.333333333333334,5.277777777777778,8.055555555555555,86.66666666666667,8.61111111111111,78.05555555555556
E00042191,257,53,21,32,204,17,187,20.622568093385212,8.171206225680933,12.45136186770428,79.37743190661479,6.614785992217899,72.76264591439688
E00042192,191,27,12,15,164,21,143,14.136125654450263,6.282722513089005,7.853403141361256,85.86387434554975,10.99476439790576,74.86910994764398
E00042193,306,67,32,35,239,34,205,21.895424836601308,10.457516339869281,11.437908496732026,78.10457516339869,11.11111111111111,66.99346405228758
E00042194,305,62,31,31,243,27,216,20.327868852459016,10.163934426229508,10.163934426229508,79.67213114754098,8.852459016393443,70.81967213114754
E00042195,358,84,34,50,274,22,252,23.463687150837988,9.497206703910614,13.966480446927374,76.53631284916202,6.145251396648044,70.39106145251397
E00042196,311,24,7,17,287,20,267,7.717041800643088,2.2508038585209005,5.466237942122187,92.28295819935691,6.430868167202572,85.85209003215434
E00042197,257,50,20,30,207,18,189,19.45525291828794,7.782101167315175,11.673151750972762,80.54474708171206,7.003891050583658,73.54085603112841
E00042198,255,60,20,40,195,13,182,23.52941176470588,7.8431372549019605,15.686274509803921,76.47058823529412,5.098039215686274,71.37254901960785
E00042199,397,68,19,49,329,25,304,17.12846347607053,4.785894206549118,12.34256926952141,82.87153652392946,6.297229219143577,76.57430730478589
E00042200,304,65,30,35,239,22,217,21.38157894736842,9.868421052631579,11.513157894736842,78.61842105263158,7.236842105263158,71.38157894736842
E00042201,284,32,5,27,252,28,224,11.267605633802818,1.7605633802816902,9.507042253521126,88.73239436619718,9.859154929577464,78.87323943661971
E00042202,309,37,14,23,272,29,243,11.974110032362459,4.53074433656958,7.443365695792881,88.02588996763754,9.385113268608414,78.64077669902912
E00042203,245,52,25,27,193,25,168,21.224489795918366,10.204081632653061,11.020408163265307,78.77551020408163,10.204081632653061,68.57142857142857
E00042205,304,50,15,35,254,30,224,16.447368421052634,4.934210526315789,11.513157894736842,83.55263157894737,9.868421052631579,73.68421052631578
E00042206,268,66,29,37,202,23,179,24.62686567164179,10.820895522388058,13.805970149253731,75.3731343283582,8.582089552238806,66.7910447761194
E00042207,331,28,9,19,303,34,269,8.459214501510575,2.719033232628399,5.740181268882175,91.54078549848943,10.27190332326284,81.2688821752266
E00042208,210,44,11,33,166,15,151,20.952380952380953,5.238095238095238,15.714285714285714,79.04761904761905,7.142857142857142,71.9047619047619
E00042209,150,22,6,16,128,11,117,14.666666666666666,4,10.666666666666668,85.33333333333334,7.333333333333333,78
E00042210,304,38,10,28,266,22,244,12.5,3.289473684210526,9.210526315789473,87.5,7.236842105263158,80.26315789473685
E00042211,250,42,23,19,208,18,190,16.8,9.2,7.6,83.2,7.199999999999999,76
E00042212,309,49,18,31,260,16,244,15.857605177993527,5.825242718446602,10.032362459546926,84.14239482200647,5.177993527508091,78.96440129449837
E00042213,432,28,8,20,404,30,374,6.481481481481481,1.8518518518518516,4.62962962962963,93.51851851851852,6.944444444444445,86.57407407407408
E00042214,281,51,19,32,230,26,204,18.14946619217082,6.761565836298933,11.387900355871885,81.85053380782918,9.252669039145907,72.59786476868328
E00042215,295,41,10,31,254,25,229,13.898305084745763,3.389830508474576,10.508474576271185,86.10169491525423,8.47457627118644,77.62711864406779
E00042216,283,34,16,18,249,21,228,12.014134275618375,5.6537102473498235,6.36042402826855,87.98586572438163,7.420494699646643,80.56537102473497
E00042217,318,39,13,26,279,36,243,12.264150943396226,4.088050314465408,8.176100628930817,87.73584905660378,11.320754716981133,76.41509433962264
E00042218,289,69,29,40,220,17,203,23.875432525951556,10.034602076124568,13.84083044982699,76.12456747404845,5.88235294117647,70.24221453287197
E00042219,354,36,10,26,318,38,280,10.16949152542373,2.824858757062147,7.344632768361582,89.83050847457628,10.734463276836157,79.09604519774011
E00042220,327,32,9,23,295,27,268,9.785932721712538,2.7522935779816518,7.033639143730887,90.21406727828746,8.256880733944955,81.9571865443425
E00042221,197,38,21,17,159,8,151,19.289340101522843,10.65989847715736,8.629441624365482,80.71065989847716,4.060913705583756,76.6497461928934
E00042222,285,72,39,33,213,25,188,25.263157894736842,13.684210526315791,11.578947368421053,74.73684210526315,8.771929824561402,65.96491228070175
E00042223,319,45,12,33,274,32,242,14.106583072100312,3.761755485893417,10.344827586206897,85.8934169278997,10.031347962382444,75.86206896551724
E00042224,292,39,13,26,253,19,234,13.356164383561644,4.4520547945205475,8.904109589041095,86.64383561643835,6.506849315068493,80.13698630136986
E00042225,300,59,29,30,241,18,223,19.666666666666664,9.666666666666666,10,80.33333333333333,6,74.33333333333333
E00042226,121,58,28,30,63,7,56,47.93388429752066,23.140495867768596,24.793388429752067,52.066115702479344,5.785123966942149,46.28099173553719
E00042227,266,59,32,27,207,21,186,22.18045112781955,12.030075187969924,10.150375939849624,77.81954887218046,7.894736842105263,69.92481203007519
E00042228,387,100,60,40,287,16,271,25.839793281653744,15.503875968992247,10.335917312661499,74.16020671834626,4.1343669250646,70.02583979328165
E00042229,245,42,24,18,203,22,181,17.142857142857142,9.795918367346939,7.346938775510205,82.85714285714286,8.979591836734693,73.87755102040816
E00042230,322,74,46,28,248,13,235,22.981366459627328,14.285714285714285,8.695652173913043,77.01863354037268,4.037267080745342,72.98136645962732
E00042232,305,50,21,29,255,16,239,16.39344262295082,6.885245901639345,9.508196721311474,83.60655737704919,5.245901639344262,78.36065573770492
E00042233,330,51,19,32,279,26,253,15.454545454545453,5.757575757575758,9.696969696969697,84.54545454545455,7.878787878787878,76.66666666666667
E00042234,322,68,34,34,254,23,231,21.11801242236025,10.559006211180124,10.559006211180124,78.88198757763976,7.142857142857142,71.73913043478261
E00042235,298,55,24,31,243,17,226,18.456375838926174,8.053691275167784,10.40268456375839,81.54362416107382,5.704697986577181,75.83892617449665
E00042236,240,42,21,21,198,24,174,17.5,8.75,8.75,82.5,10,72.5
E00042237,241,61,37,24,180,8,172,25.311203319502074,15.352697095435685,9.95850622406639,74.68879668049793,3.319502074688797,71.36929460580913
E00042238,404,80,45,35,324,24,300,19.801980198019802,11.138613861386139,8.663366336633663,80.19801980198021,5.9405940594059405,74.25742574257426
E00042240,295,83,43,40,212,15,197,28.135593220338983,14.576271186440678,13.559322033898304,71.86440677966101,5.084745762711865,66.77966101694915
E00042241,232,65,40,25,167,9,158,28.01724137931034,17.24137931034483,10.775862068965516,71.98275862068965,3.8793103448275863,68.10344827586206
E00042242,235,69,38,31,166,13,153,29.361702127659573,16.170212765957448,13.191489361702127,70.63829787234043,5.531914893617021,65.1063829787234
E00042243,235,57,27,30,178,16,162,24.25531914893617,11.48936170212766,12.76595744680851,75.74468085106383,6.808510638297872,68.93617021276596
E00042244,345,63,30,33,282,25,257,18.26086956521739,8.695652173913043,9.565217391304348,81.73913043478261,7.246376811594203,74.4927536231884
E00042245,427,81,34,47,346,24,322,18.969555035128806,7.962529274004685,11.00702576112412,81.0304449648712,5.620608899297424,75.40983606557377
E00042246,232,68,34,34,164,9,155,29.310344827586203,14.655172413793101,14.655172413793101,70.6896551724138,3.8793103448275863,66.8103448275862
E00042247,139,84,43,41,55,0,55,60.431654676258994,30.935251798561154,29.496402877697843,39.568345323741006,0,39.568345323741006
E00042248,253,53,21,32,200,14,186,20.948616600790515,8.300395256916996,12.648221343873518,79.05138339920948,5.533596837944664,73.51778656126481
E00042249,251,37,12,25,214,27,187,14.741035856573706,4.780876494023905,9.9601593625498,85.2589641434263,10.756972111553784,74.5019920318725
E00042250,224,41,19,22,183,21,162,18.303571428571427,8.482142857142858,9.821428571428571,81.69642857142857,9.375,72.32142857142857
E00042251,331,81,38,43,250,7,243,24.47129909365559,11.48036253776435,12.990936555891238,75.52870090634441,2.1148036253776437,73.41389728096676
E00042252,180,80,42,38,100,13,87,44.44444444444444,23.333333333333332,21.11111111111111,55.55555555555556,7.222222222222221,48.333333333333336
E00042253,242,39,18,21,203,18,185,16.115702479338843,7.43801652892562,8.677685950413224,83.88429752066115,7.43801652892562,76.44628099173553
E00042254,254,38,21,17,216,20,196,14.960629921259844,8.267716535433072,6.692913385826772,85.03937007874016,7.874015748031496,77.16535433070865
E00042255,308,90,46,44,218,18,200,29.22077922077922,14.935064935064934,14.285714285714285,70.77922077922078,5.844155844155844,64.93506493506493
E00042256,376,99,42,57,277,15,262,26.329787234042552,11.170212765957446,15.159574468085108,73.67021276595744,3.9893617021276597,69.68085106382979
E00042257,248,38,18,20,210,18,192,15.32258064516129,7.258064516129033,8.064516129032258,84.67741935483872,7.258064516129033,77.41935483870968
E00042258,286,80,39,41,206,24,182,27.972027972027973,13.636363636363635,14.335664335664337,72.02797202797203,8.391608391608392,63.63636363636363
E00042259,274,41,23,18,233,29,204,14.963503649635038,8.394160583941606,6.569343065693431,85.03649635036497,10.583941605839415,74.45255474452554
E00042260,366,86,37,49,280,8,272,23.497267759562842,10.10928961748634,13.387978142076504,76.50273224043715,2.185792349726776,74.31693989071039
E00042261,278,83,44,39,195,18,177,29.856115107913666,15.827338129496402,14.028776978417264,70.14388489208633,6.474820143884892,63.66906474820144
E00042263,337,64,28,36,273,17,256,18.991097922848667,8.30860534124629,10.682492581602373,81.00890207715133,5.044510385756676,75.96439169139467
E00042264,328,43,12,31,285,17,268,13.109756097560975,3.6585365853658534,9.451219512195122,86.89024390243902,5.182926829268292,81.70731707317073
E00042265,517,49,23,26,468,33,435,9.477756286266924,4.448742746615087,5.029013539651837,90.52224371373308,6.382978723404255,84.13926499032883
E00042266,544,56,21,35,488,9,479,10.294117647058822,3.860294117647059,6.4338235294117645,89.70588235294117,1.6544117647058825,88.05147058823529
E00042267,425,47,20,27,378,10,368,11.058823529411764,4.705882352941177,6.352941176470588,88.94117647058823,2.3529411764705883,86.58823529411764
E00042268,257,64,23,41,193,11,182,24.90272373540856,8.949416342412452,15.953307392996107,75.09727626459144,4.280155642023346,70.8171206225681
E00042269,599,85,37,48,514,22,492,14.190317195325541,6.176961602671119,8.013355592654424,85.80968280467445,3.672787979966611,82.13689482470785
E00042271,434,69,33,36,365,12,353,15.898617511520738,7.603686635944701,8.294930875576037,84.10138248847926,2.7649769585253456,81.33640552995391
E00042272,583,148,85,63,435,25,410,25.38593481989708,14.57975986277873,10.806174957118353,74.61406518010291,4.288164665523156,70.32590051457976
E00042273,468,60,26,34,408,20,388,12.82051282051282,5.555555555555555,7.264957264957266,87.17948717948718,4.273504273504273,82.90598290598291
E00042274,317,60,23,37,257,14,243,18.92744479495268,7.255520504731862,11.67192429022082,81.07255520504731,4.416403785488959,76.65615141955836
E00042275,471,62,28,34,409,27,382,13.163481953290871,5.9447983014862,7.218683651804671,86.83651804670913,5.7324840764331215,81.104033970276
E00042276,303,49,29,20,254,4,250,16.17161716171617,9.570957095709572,6.6006600660066,83.82838283828383,1.3201320132013201,82.50825082508251
E00042277,388,87,35,52,301,7,294,22.422680412371136,9.02061855670103,13.402061855670103,77.57731958762886,1.804123711340206,75.77319587628865
E00042278,329,58,29,29,271,16,255,17.62917933130699,8.814589665653495,8.814589665653495,82.37082066869301,4.86322188449848,77.50759878419453
E00042279,441,80,53,27,361,15,346,18.140589569160998,12.01814058956916,6.122448979591836,81.85941043083899,3.4013605442176873,78.45804988662131
E00042281,356,44,22,22,312,24,288,12.359550561797752,6.179775280898876,6.179775280898876,87.64044943820225,6.741573033707865,80.89887640449437
E00042282,294,46,29,17,248,8,240,15.646258503401361,9.863945578231291,5.782312925170068,84.35374149659864,2.7210884353741496,81.63265306122449
E00042283,163,85,49,36,78,6,72,52.14723926380368,30.061349693251532,22.085889570552148,47.85276073619632,3.6809815950920246,44.171779141104295
E00042284,468,99,54,45,369,23,346,21.153846153846153,11.538461538461538,9.615384615384617,78.84615384615384,4.914529914529915,73.93162393162393
E00042285,495,74,24,50,421,16,405,14.949494949494948,4.848484848484849,10.1010101010101,85.05050505050505,3.2323232323232323,81.81818181818183
E00042286,413,75,41,34,338,14,324,18.159806295399516,9.927360774818402,8.232445520581114,81.84019370460048,3.389830508474576,78.4503631961259
E00042287,439,81,35,46,358,21,337,18.45102505694761,7.972665148063782,10.478359908883828,81.54897494305239,4.783599088838269,76.76537585421413
E00042288,300,67,40,27,233,14,219,22.333333333333332,13.333333333333334,9,77.66666666666666,4.666666666666667,73
E00042289,263,71,40,31,192,19,173,26.996197718631176,15.209125475285171,11.787072243346007,73.00380228136882,7.224334600760455,65.77946768060836
E00042290,255,77,38,39,178,13,165,30.19607843137255,14.901960784313726,15.294117647058824,69.80392156862744,5.098039215686274,64.70588235294117
E00042291,273,61,26,35,212,19,193,22.344322344322347,9.523809523809524,12.82051282051282,77.65567765567766,6.95970695970696,70.6959706959707
E00042292,195,35,11,24,160,19,141,17.94871794871795,5.641025641025641,12.307692307692308,82.05128205128204,9.7435897435897445,72.3076923076923
E00042293,248,59,30,29,189,8,181,23.790322580645164,12.096774193548388,11.693548387096774,76.20967741935483,3.225806451612903,72.98387096774194
E00042294,279,50,19,31,229,19,210,17.921146953405017,6.810035842293908,11.11111111111111,82.07885304659499,6.810035842293908,75.26881720430107
E00042295,437,104,47,57,333,20,313,23.79862700228833,10.755148741418765,13.043478260869565,76.20137299771167,4.576659038901601,71.62471395881008
E00042296,334,91,61,30,243,20,223,27.245508982035926,18.263473053892216,8.982035928143713,72.75449101796407,5.9880239520958085,66.76646706586826
E00042297,266,54,27,27,212,19,193,20.30075187969925,10.150375939849624,10.150375939849624,79.69924812030075,7.142857142857142,72.55639097744361
E00042298,258,103,66,37,155,12,143,39.922480620155035,25.581395348837212,14.34108527131783,60.07751937984496,4.651162790697675,55.42635658914728
E00042299,554,114,48,66,440,37,403,20.577617328519857,8.664259927797833,11.913357400722022,79.42238267148014,6.678700361010831,72.74368231046931
E00042300,298,66,38,28,232,15,217,22.14765100671141,12.751677852348994,9.395973154362416,77.85234899328859,5.033557046979865,72.81879194630872
E00042301,423,82,41,41,341,16,325,19.38534278959811,9.692671394799055,9.692671394799055,80.6146572104019,3.7825059101654848,76.8321513002364
E00042302,289,74,25,49,215,21,194,25.60553633217993,8.650519031141869,16.955017301038062,74.39446366782006,7.26643598615917,67.1280276816609
E00042303,273,68,38,30,205,15,190,24.90842490842491,13.91941391941392,10.989010989010989,75.0915750915751,5.4945054945054945,69.59706959706959
E00042304,279,70,33,37,209,13,196,25.089605734767023,11.827956989247312,13.261648745519713,74.91039426523297,4.659498207885305,70.25089605734766
E00042305,326,71,36,35,255,21,234,21.779141104294478,11.042944785276074,10.736196319018406,78.22085889570552,6.441717791411043,71.77914110429448
E00042306,280,67,40,27,213,21,192,23.92857142857143,14.285714285714285,9.642857142857144,76.07142857142857,7.5,68.57142857142857
E00042307,375,128,67,61,247,18,229,34.13333333333333,17.866666666666667,16.266666666666666,65.86666666666666,4.8,61.06666666666667
E00042308,341,97,53,44,244,20,224,28.445747800586513,15.542521994134898,12.903225806451612,71.5542521994135,5.865102639296188,65.6891495601173
E00042309,225,35,12,23,190,14,176,15.555555555555555,5.333333333333334,10.222222222222223,84.44444444444444,6.222222222222222,78.22222222222223
E00042310,162,47,20,27,115,9,106,29.01234567901235,12.345679012345679,16.666666666666664,70.98765432098766,5.555555555555555,65.4320987654321
E00042311,232,50,19,31,182,18,164,21.551724137931032,8.189655172413794,13.36206896551724,78.44827586206897,7.758620689655173,70.6896551724138
E00042312,255,46,22,24,209,22,187,18.03921568627451,8.627450980392156,9.411764705882353,81.96078431372548,8.627450980392156,73.33333333333333
E00042313,260,64,35,29,196,14,182,24.615384615384617,13.461538461538462,11.153846153846155,75.38461538461539,5.384615384615385,70
E00042314,265,54,25,29,211,21,190,20.37735849056604,9.433962264150944,10.943396226415095,79.62264150943396,7.9245283018867925,71.69811320754717
E00042315,245,61,25,36,184,17,167,24.897959183673468,10.204081632653061,14.69387755102041,75.10204081632654,6.938775510204081,68.16326530612244
E00042316,301,59,32,27,242,21,221,19.601328903654487,10.631229235880399,8.970099667774086,80.39867109634552,6.976744186046512,73.421926910299
E00042317,370,108,54,54,262,15,247,29.18918918918919,14.594594594594595,14.594594594594595,70.8108108108108,4.054054054054054,66.75675675675676
E00042318,343,77,39,38,266,24,242,22.448979591836736,11.370262390670554,11.078717201166182,77.55102040816327,6.997084548104956,70.55393586005832
E00042319,286,81,43,38,205,15,190,28.321678321678323,15.034965034965033,13.286713286713287,71.67832167832168,5.244755244755245,66.43356643356644
E00042320,249,47,19,28,202,20,182,18.87550200803213,7.630522088353414,11.244979919678714,81.12449799196787,8.032128514056225,73.09236947791165
E00042321,129,63,42,21,66,6,60,48.837209302325576,32.55813953488372,16.27906976744186,51.162790697674424,4.651162790697675,46.51162790697674
E00042322,233,68,36,32,165,13,152,29.184549356223176,15.450643776824036,13.733905579399142,70.81545064377683,5.579399141630901,65.23605150214593
E00042323,319,46,18,28,273,25,248,14.420062695924765,5.6426332288401255,8.77742946708464,85.57993730407524,7.836990595611286,77.74294670846395
E00042324,332,60,26,34,272,35,237,18.072289156626507,7.83132530120482,10.240963855421686,81.92771084337349,10.542168674698797,71.3855421686747
E00042325,267,57,28,29,210,20,190,21.34831460674157,10.486891385767791,10.861423220973784,78.65168539325843,7.490636704119851,71.16104868913857
E00042326,369,47,22,25,322,17,305,12.737127371273713,5.9620596205962055,6.775067750677506,87.26287262872629,4.607046070460704,82.65582655826557
E00042327,263,61,24,37,202,17,185,23.193916349809886,9.125475285171103,14.068441064638785,76.80608365019012,6.4638783269961975,70.34220532319392
E00042328,364,50,26,24,314,22,292,13.736263736263737,7.142857142857142,6.593406593406594,86.26373626373626,6.043956043956044,80.21978021978022
E00042329,216,63,35,28,153,7,146,29.166666666666668,16.203703703703702,12.962962962962962,70.83333333333334,3.2407407407407405,67.5925925925926
E00042330,202,54,24,30,148,9,139,26.732673267326735,11.881188118811881,14.85148514851485,73.26732673267327,4.455445544554455,68.8118811881188
E00042331,231,58,22,36,173,19,154,25.108225108225106,9.523809523809524,15.584415584415584,74.89177489177489,8.225108225108226,66.66666666666666
E00042332,525,63,25,38,462,40,422,12,4.761904761904762,7.238095238095238,88,7.6190476190476195,80.38095238095238
E00042333,299,63,35,28,236,19,217,21.070234113712374,11.705685618729097,9.364548494983277,78.92976588628763,6.354515050167224,72.5752508361204
E00042334,301,68,29,39,233,23,210,22.591362126245848,9.634551495016613,12.956810631229235,77.40863787375415,7.641196013289036,69.76744186046511
E00042335,279,70,29,41,209,15,194,25.089605734767023,10.39426523297491,14.695340501792115,74.91039426523297,5.376344086021505,69.53405017921148
E00042336,236,85,46,39,151,11,140,36.016949152542374,19.491525423728813,16.52542372881356,63.983050847457626,4.661016949152542,59.32203389830508
E00042337,277,70,36,34,207,18,189,25.27075812274368,12.996389891696749,12.274368231046932,74.72924187725631,6.4981949458483745,68.23104693140795
E00042338,325,75,39,36,250,12,238,23.076923076923077,12,11.076923076923077,76.92307692307693,3.6923076923076925,73.23076923076923
E00042339,316,92,62,30,224,14,210,29.11392405063291,19.62025316455696,9.49367088607595,70.88607594936708,4.430379746835443,66.45569620253164
E00042340,266,59,30,29,207,13,194,22.18045112781955,11.278195488721805,10.902255639097744,77.81954887218046,4.887218045112782,72.93233082706767
E00042341,279,52,19,33,227,21,206,18.63799283154122,6.810035842293908,11.827956989247312,81.36200716845879,7.526881720430108,73.83512544802868
E00042342,365,48,21,27,317,25,292,13.150684931506849,5.7534246575342465,7.397260273972603,86.84931506849315,6.8493150684931505,80
E00042343,320,55,25,30,265,32,233,17.1875,7.8125,9.375,82.8125,10,72.8125
E00042344,173,31,16,15,142,21,121,17.91907514450867,9.248554913294797,8.670520231213873,82.08092485549133,12.138728323699421,69.94219653179191
E00042345,307,49,22,27,258,13,245,15.960912052117262,7.166123778501629,8.794788273615636,84.03908794788273,4.234527687296417,79.80456026058633
E00042347,275,68,35,33,207,21,186,24.727272727272727,12.727272727272727,12,75.27272727272727,7.636363636363637,67.63636363636364
E00042348,290,61,34,27,229,13,216,21.03448275862069,11.724137931034482,9.310344827586208,78.96551724137932,4.482758620689655,74.48275862068967
E00042349,428,40,15,25,388,36,352,9.345794392523365,3.5046728971962615,5.841121495327103,90.65420560747664,8.411214953271028,82.2429906542056
E00042350,423,106,52,54,317,28,289,25.059101654846334,12.293144208037825,12.76595744680851,74.94089834515366,6.619385342789598,68.32151300236407
E00042351,319,57,25,32,262,9,253,17.86833855799373,7.836990595611286,10.031347962382444,82.13166144200626,2.8213166144200628,79.3103448275862
E00042352,283,70,43,27,213,12,201,24.73498233215548,15.19434628975265,9.540636042402827,75.26501766784452,4.240282685512367,71.02473498233216
E00042353,264,59,29,30,205,20,185,22.348484848484848,10.984848484848484,11.363636363636363,77.65151515151516,7.575757575757576,70.07575757575758
E00042354,363,52,19,33,311,20,291,14.325068870523417,5.234159779614325,9.090909090909092,85.67493112947659,5.5096418732782375,80.16528925619835
E00042355,401,37,14,23,364,17,347,9.226932668329177,3.4912718204488775,5.7356608478802995,90.77306733167082,4.239401496259352,86.53366583541147
E00042356,451,49,27,22,402,15,387,10.864745011086473,5.986696230598669,4.878048780487805,89.13525498891353,3.325942350332594,85.80931263858092
E00042357,528,64,33,31,464,28,436,12.121212121212121,6.25,5.871212121212121,87.87878787878788,5.303030303030303,82.57575757575758
E00042358,280,65,35,30,215,16,199,23.214285714285715,12.5,10.714285714285714,76.78571428571429,5.714285714285714,71.07142857142857
E00042359,330,61,37,24,269,20,249,18.484848484848484,11.212121212121213,7.2727272727272725,81.51515151515152,6.0606060606060606,75.45454545454545
E00042360,307,75,28,47,232,20,212,24.429967426710096,9.120521172638437,15.309446254071663,75.57003257328991,6.514657980456026,69.05537459283387
E00042361,245,44,15,29,201,13,188,17.959183673469386,6.122448979591836,11.83673469387755,82.0408163265306,5.3061224489795915,76.73469387755102
E00042362,218,76,43,33,142,14,128,34.862385321100916,19.724770642201836,15.137614678899084,65.13761467889908,6.422018348623854,58.71559633027523
E00042363,280,42,12,30,238,21,217,15,4.285714285714286,10.714285714285714,85,7.5,77.5
E00042364,278,57,21,36,221,30,191,20.503597122302157,7.553956834532374,12.949640287769784,79.49640287769785,10.79136690647482,68.70503597122301
E00042365,264,56,16,40,208,25,183,21.21212121212121,6.0606060606060606,15.151515151515152,78.78787878787878,9.469696969696969,69.31818181818183
E00042366,242,61,27,34,181,12,169,25.206611570247933,11.15702479338843,14.049586776859504,74.79338842975206,4.958677685950414,69.83471074380165
E00042367,228,55,33,22,173,19,154,24.12280701754386,14.473684210526317,9.649122807017543,75.87719298245614,8.333333333333332,67.54385964912281
E00042368,305,51,15,36,254,37,217,16.721311475409838,4.918032786885246,11.80327868852459,83.27868852459017,12.131147540983607,71.14754098360656
E00042369,270,67,35,32,203,16,187,24.814814814814813,12.962962962962962,11.851851851851853,75.18518518518519,5.9259259259259265,69.25925925925925
E00042370,267,68,28,40,199,25,174,25.468164794007492,10.486891385767791,14.981273408239701,74.53183520599251,9.363295880149813,65.1685393258427
E00042371,319,51,14,37,268,36,232,15.987460815047022,4.38871473354232,11.598746081504702,84.01253918495298,11.285266457680251,72.72727272727273
E00042372,257,105,57,48,152,17,135,40.856031128404666,22.17898832684825,18.67704280155642,59.143968871595334,6.614785992217899,52.52918287937744
E00042373,328,34,3,31,294,35,259,10.365853658536585,0.9146341463414633,9.451219512195122,89.63414634146342,10.670731707317072,78.96341463414635
E00042374,284,18,7,11,266,27,239,6.338028169014084,2.464788732394366,3.873239436619718,93.66197183098592,9.507042253521126,84.15492957746478
E00042375,239,50,11,39,189,20,169,20.920502092050206,4.602510460251046,16.317991631799163,79.07949790794979,8.368200836820083,70.7112970711297
E00042376,214,63,25,38,151,15,136,29.439252336448597,11.682242990654206,17.75700934579439,70.56074766355141,7.009345794392523,63.55140186915887
E00042377,258,56,29,27,202,11,191,21.705426356589147,11.24031007751938,10.465116279069768,78.29457364341084,4.263565891472868,74.03100775193798
E00042378,381,41,16,25,340,43,297,10.761154855643044,4.199475065616798,6.561679790026247,89.23884514435696,11.286089238845145,77.95275590551181
E00042379,330,33,13,20,297,29,268,10,3.939393939393939,6.0606060606060606,90,8.787878787878787,81.21212121212122
E00042380,346,73,34,39,273,22,251,21.09826589595376,9.826589595375722,11.271676300578035,78.90173410404624,6.358381502890173,72.54335260115607
E00042381,246,33,19,14,213,21,192,13.414634146341465,7.723577235772358,5.691056910569105,86.58536585365853,8.536585365853659,78.04878048780488
E00042382,262,65,34,31,197,23,174,24.80916030534351,12.977099236641221,11.83206106870229,75.19083969465649,8.778625954198473,66.41221374045801
E00042383,397,89,31,58,308,33,275,22.418136020151135,7.8085642317380355,14.609571788413097,77.58186397984886,8.312342569269521,69.26952141057934
E00042384,365,63,21,42,302,29,273,17.26027397260274,5.7534246575342465,11.506849315068493,82.73972602739727,7.9452054794520555,74.79452054794521
E00042385,322,35,15,20,287,32,255,10.869565217391305,4.658385093167702,6.211180124223603,89.13043478260869,9.937888198757763,79.19254658385093
E00042386,301,33,9,24,268,30,238,10.96345514950166,2.990033222591362,7.973421926910299,89.03654485049833,9.966777408637874,79.06976744186046
E00042387,220,51,23,28,169,11,158,23.18181818181818,10.454545454545453,12.727272727272727,76.81818181818181,5,71.81818181818181
E00042388,404,78,26,52,326,41,285,19.306930693069308,6.435643564356436,12.871287128712872,80.6930693069307,10.14851485148515,70.54455445544554
E00042389,255,39,8,31,216,21,195,15.294117647058824,3.1372549019607843,12.156862745098039,84.70588235294117,8.235294117647058,76.47058823529412
E00042390,198,49,18,31,149,18,131,24.747474747474747,9.090909090909092,15.656565656565657,75.25252525252525,9.090909090909092,66.16161616161617
E00042391,282,30,15,15,252,16,236,10.638297872340425,5.319148936170213,5.319148936170213,89.36170212765957,5.673758865248227,83.68794326241135
E00042392,231,47,23,24,184,22,162,20.346320346320347,9.956709956709958,10.38961038961039,79.65367965367966,9.523809523809524,70.12987012987013
E00042393,272,71,36,35,201,16,185,26.10294117647059,13.23529411764706,12.867647058823529,73.89705882352942,5.88235294117647,68.01470588235294
E00042394,303,58,29,29,245,27,218,19.141914191419144,9.570957095709572,9.570957095709572,80.85808580858085,8.91089108910891,71.94719471947195
E00042395,201,30,14,16,171,19,152,14.925373134328357,6.965174129353234,7.960199004975125,85.07462686567165,9.45273631840796,75.62189054726367
E00042396,262,62,28,34,200,24,176,23.66412213740458,10.687022900763358,12.977099236641221,76.33587786259542,9.16030534351145,67.17557251908397
E00042398,250,33,13,20,217,19,198,13.200000000000001,5.2,8,86.8,7.6,79.2
E00042399,288,50,17,33,238,23,215,17.36111111111111,5.902777777777778,11.458333333333332,82.63888888888889,7.986111111111111,74.65277777777779
E00042400,308,49,21,28,259,24,235,15.909090909090908,6.8181818181818175,9.090909090909092,84.0909090909091,7.792207792207792,76.2987012987013
E00042401,289,50,16,34,239,14,225,17.301038062283737,5.536332179930796,11.76470588235294,82.69896193771626,4.844290657439446,77.85467128027682
E00042402,226,47,19,28,179,18,161,20.79646017699115,8.4070796460177,12.389380530973451,79.20353982300885,7.964601769911504,71.23893805309734
E00042403,383,66,19,47,317,39,278,17.232375979112273,4.960835509138381,12.27154046997389,82.76762402088774,10.182767624020887,72.58485639686684
E00042404,279,67,30,37,212,30,182,24.014336917562723,10.75268817204301,13.261648745519713,75.98566308243727,10.75268817204301,65.23297491039428
E00042405,254,27,8,19,227,30,197,10.62992125984252,3.149606299212598,7.480314960629922,89.37007874015748,11.811023622047244,77.55905511811024
E00042406,507,66,24,42,441,47,394,13.017751479289942,4.733727810650888,8.284023668639055,86.98224852071006,9.270216962524655,77.7120315581854
E00042407,287,32,14,18,255,26,229,11.149825783972126,4.878048780487805,6.2717770034843205,88.85017421602788,9.059233449477352,79.79094076655052
E00042408,365,48,15,33,317,31,286,13.150684931506849,4.10958904109589,9.04109589041096,86.84931506849315,8.493150684931507,78.35616438356165
E00042409,257,35,10,25,222,24,198,13.618677042801556,3.8910505836575875,9.72762645914397,86.38132295719845,9.33852140077821,77.04280155642024
E00042410,281,59,19,40,222,29,193,20.99644128113879,6.761565836298933,14.23487544483986,79.00355871886121,10.320284697508896,68.68327402135232
E00042411,257,36,12,24,221,20,201,14.007782101167315,4.669260700389105,9.33852140077821,85.99221789883269,7.782101167315175,78.21011673151752
E00042412,318,58,18,40,260,26,234,18.238993710691823,5.660377358490567,12.578616352201259,81.76100628930818,8.176100628930817,73.58490566037736
E00042413,319,63,15,48,256,16,240,19.74921630094044,4.702194357366771,15.047021943573668,80.25078369905955,5.015673981191222,75.23510971786834
E00042414,204,39,9,30,165,14,151,19.11764705882353,4.411764705882353,14.705882352941178,80.88235294117648,6.862745098039216,74.01960784313727
E00042415,268,56,18,38,212,27,185,20.8955223880597,6.7164179104477615,14.17910447761194,79.1044776119403,10.074626865671641,69.02985074626866
E00042416,264,46,12,34,218,29,189,17.424242424242426,4.545454545454546,12.878787878787879,82.57575757575758,10.984848484848484,71.5909090909091
E00042417,240,66,22,44,174,18,156,27.500000000000004,9.166666666666666,18.333333333333332,72.5,7.5,65
E00042418,266,27,7,20,239,36,203,10.150375939849624,2.631578947368421,7.518796992481203,89.84962406015038,13.533834586466165,76.31578947368422
E00042419,335,55,13,42,280,37,243,16.417910447761194,3.880597014925373,12.53731343283582,83.5820895522388,11.044776119402986,72.53731343283583
E00042420,262,48,16,32,214,16,198,18.3206106870229,6.106870229007633,12.213740458015266,81.67938931297711,6.106870229007633,75.57251908396947
E00042421,212,37,9,28,175,32,143,17.452830188679243,4.245283018867925,13.20754716981132,82.54716981132076,15.09433962264151,67.45283018867924
E00042422,303,40,11,29,263,41,222,13.2013201320132,3.6303630363036308,9.570957095709572,86.79867986798679,13.531353135313532,73.26732673267327
E00042423,306,41,14,27,265,23,242,13.398692810457517,4.57516339869281,8.823529411764707,86.60130718954248,7.516339869281046,79.08496732026144
E00042424,295,54,13,41,241,28,213,18.305084745762713,4.406779661016949,13.898305084745763,81.69491525423729,9.491525423728813,72.20338983050848
E00042425,322,45,5,40,277,18,259,13.975155279503104,1.5527950310559007,12.422360248447205,86.0248447204969,5.590062111801243,80.43478260869566
E00042426,283,53,17,36,230,22,208,18.727915194346288,6.007067137809187,12.7208480565371,81.2720848056537,7.773851590106007,73.4982332155477
E00042427,342,78,34,44,264,34,230,22.807017543859647,9.941520467836257,12.865497076023392,77.19298245614034,9.941520467836257,67.2514619883041
E00042428,304,50,14,36,254,23,231,16.447368421052634,4.605263157894736,11.842105263157894,83.55263157894737,7.565789473684211,75.98684210526315
E00042429,271,35,7,28,236,23,213,12.915129151291513,2.5830258302583027,10.33210332103321,87.08487084870849,8.487084870848708,78.59778597785979
E00042430,227,22,10,12,205,18,187,9.691629955947137,4.405286343612335,5.286343612334802,90.30837004405286,7.929515418502203,82.37885462555066
E00042431,220,41,25,16,179,19,160,18.636363636363637,11.363636363636363,7.2727272727272725,81.36363636363636,8.636363636363637,72.72727272727273
E00042432,381,85,33,52,296,33,263,22.30971128608924,8.661417322834646,13.648293963254593,77.69028871391076,8.661417322834646,69.02887139107612
E00042433,232,40,15,25,192,11,181,17.24137931034483,6.4655172413793105,10.775862068965516,82.75862068965517,4.741379310344827,78.01724137931035
E00042434,249,42,15,27,207,18,189,16.867469879518072,6.024096385542169,10.843373493975903,83.13253012048193,7.228915662650602,75.90361445783132
E00042435,281,60,20,40,221,20,201,21.352313167259787,7.11743772241993,14.23487544483986,78.64768683274022,7.11743772241993,71.53024911032028
E00042436,201,51,23,28,150,18,132,25.37313432835821,11.442786069651742,13.930348258706468,74.6268656716418,8.955223880597014,65.67164179104478
E00042437,254,51,16,35,203,26,177,20.078740157480315,6.299212598425196,13.779527559055119,79.92125984251969,10.236220472440944,69.68503937007874
E00042438,345,56,15,41,289,25,264,16.231884057971012,4.3478260869565215,11.884057971014492,83.76811594202898,7.246376811594203,76.52173913043478
E00042439,571,45,8,37,526,42,484,7.880910683012258,1.4010507880910683,6.47985989492119,92.11908931698774,7.355516637478108,84.76357267950964
E00042440,349,45,13,32,304,27,277,12.893982808022923,3.7249283667621778,9.169054441260744,87.10601719197709,7.736389684813753,79.36962750716332
E00042441,388,55,19,36,333,29,304,14.175257731958762,4.896907216494846,9.278350515463918,85.82474226804123,7.474226804123711,78.35051546391753
E00042442,522,57,8,49,465,39,426,10.919540229885058,1.532567049808429,9.386973180076629,89.08045977011494,7.471264367816093,81.60919540229885
E00042443,520,57,10,47,463,41,422,10.961538461538462,1.9230769230769231,9.038461538461538,89.03846153846153,7.884615384615384,81.15384615384616
E00042444,417,46,8,38,371,46,325,11.031175059952037,1.9184652278177456,9.112709832134293,88.96882494004797,11.031175059952037,77.93764988009593
E00042445,220,26,10,16,194,21,173,11.818181818181818,4.545454545454546,7.2727272727272725,88.18181818181819,9.545454545454547,78.63636363636364
E00042446,334,38,8,30,296,24,272,11.377245508982035,2.3952095808383236,8.982035928143713,88.62275449101796,7.18562874251497,81.437125748502993
E00042447,330,40,10,30,290,35,255,12.121212121212121,3.0303030303030303,9.090909090909092,87.87878787878788,10.606060606060606,77.27272727272727
E00042448,565,49,8,41,516,42,474,8.672566371681416,1.415929203539823,7.256637168141593,91.32743362831859,7.433628318584071,83.89380530973452
E00042449,355,41,6,35,314,32,282,11.549295774647888,1.6901408450704223,9.859154929577464,88.45070422535211,9.014084507042254,79.43661971830987
E00042450,495,59,10,49,436,46,390,11.91919191919192,2.0202020202020203,9.8989898989899,88.08080808080808,9.292929292929292,78.78787878787878
E00042451,325,45,16,29,280,26,254,13.846153846153847,4.923076923076923,8.923076923076923,86.15384615384616,8,78.15384615384615
E00042452,505,49,7,42,456,41,415,9.702970297029703,1.3861386138613863,8.316831683168317,90.2970297029703,8.118811881188119,82.17821782178217
E00042453,274,47,26,21,227,21,206,17.153284671532848,9.48905109489051,7.664233576642336,82.84671532846716,7.664233576642336,75.18248175182481
E00042454,373,44,14,30,329,38,291,11.796246648793565,3.753351206434316,8.04289544235925,88.20375335120644,10.187667560321715,78.01608579088472
E00042455,379,47,10,37,332,31,301,12.401055408970976,2.638522427440633,9.762532981530343,87.59894459102902,8.179419525065963,79.41952506596306
E00042456,271,38,10,28,233,30,203,14.022140221402212,3.6900369003690034,10.33210332103321,85.97785977859779,11.07011070110701,74.90774907749078
E00042457,623,56,8,48,567,39,528,8.98876404494382,1.2841091492776886,7.704654895666131,91.01123595505618,6.260032102728733,84.75120385232745
E00042458,397,48,17,31,349,35,314,12.090680100755668,4.282115869017632,7.8085642317380355,87.90931989924434,8.816120906801007,79.09319899244332
E00042459,507,42,9,33,465,39,426,8.284023668639055,1.7751479289940828,6.508875739644971,91.71597633136095,7.6923076923076925,84.02366863905326
E00042460,434,42,9,33,392,36,356,9.67741935483871,2.0737327188940093,7.603686635944701,90.32258064516128,8.294930875576037,82.02764976958525
E00042461,405,36,6,30,369,29,340,8.88888888888889,1.4814814814814816,7.4074074074074066,91.11111111111111,7.160493827160494,83.9506172839506
E00042462,401,29,7,22,372,35,337,7.231920199501247,1.7456359102244388,5.486284289276807,92.76807980049875,8.728179551122196,84.03990024937656
E00042463,368,68,37,31,300,31,269,18.478260869565215,10.054347826086957,8.423913043478262,81.52173913043478,8.423913043478262,73.09782608695652
E00042464,321,81,34,47,240,18,222,25.233644859813083,10.59190031152648,14.641744548286603,74.76635514018692,5.607476635514018,69.1588785046729
E00042465,439,51,9,42,388,46,342,11.617312072892938,2.050113895216401,9.567198177676538,88.38268792710706,10.478359908883828,77.90432801822324
E00042466,303,81,38,43,222,19,203,26.732673267326735,12.541254125412541,14.19141914191419,73.26732673267327,6.270627062706271,66.996699669967
E00042467,341,32,7,25,309,31,278,9.3841642228739,2.0527859237536656,7.331378299120235,90.6158357771261,9.090909090909092,81.52492668621701
E00042468,508,75,17,58,433,38,395,14.763779527559054,3.346456692913386,11.41732283464567,85.23622047244095,7.480314960629922,77.75590551181102
E00042469,216,47,22,25,169,18,151,21.75925925925926,10.185185185185185,11.574074074074074,78.24074074074075,8.333333333333332,69.9074074074074
E00042470,434,47,18,29,387,50,337,10.829493087557603,4.147465437788019,6.682027649769585,89.17050691244239,11.52073732718894,77.64976958525345
E00042471,301,56,31,25,245,19,226,18.6046511627907,10.299003322259136,8.305647840531561,81.3953488372093,6.312292358803987,75.08305647840533
E00042472,201,26,11,15,175,14,161,12.935323383084576,5.472636815920398,7.462686567164178,87.06467661691542,6.965174129353234,80.09950248756219
E00042473,315,28,10,18,287,32,255,8.88888888888889,3.1746031746031744,5.714285714285714,91.11111111111111,10.158730158730158,80.95238095238095
E00042474,241,39,10,29,202,20,182,16.182572614107883,4.149377593360995,12.033195020746888,83.81742738589212,8.29875518672199,75.51867219917013
E00042475,375,37,10,27,338,30,308,9.866666666666667,2.666666666666667,7.199999999999999,90.13333333333333,8,82.13333333333334
E00042476,486,62,12,50,424,48,376,12.757201646090536,2.4691358024691357,10.2880658436214,87.24279835390946,9.876543209876543,77.36625514403292
E00042477,440,49,10,39,391,34,357,11.136363636363637,2.272727272727273,8.863636363636363,88.86363636363637,7.727272727272727,81.13636363636364
E00042478,395,84,44,40,311,11,300,21.265822784810126,11.139240506329113,10.126582278481013,78.73417721518987,2.7848101265822782,75.9493670886076
E00042479,339,91,51,40,248,11,237,26.843657817109147,15.04424778761062,11.799410029498524,73.15634218289085,3.2448377581120944,69.91150442477876
E00042480,307,53,21,32,254,25,229,17.263843648208468,6.840390879478828,10.423452768729643,82.73615635179154,8.143322475570033,74.5928338762215
E00042481,336,68,36,32,268,16,252,20.238095238095237,10.714285714285714,9.523809523809524,79.76190476190477,4.761904761904762,75
E00042482,320,58,30,28,262,30,232,18.125,9.375,8.75,81.875,9.375,72.5
E00042483,292,37,9,28,255,17,238,12.67123287671233,3.0821917808219177,9.58904109589041,87.32876712328768,5.821917808219178,81.5068493150685
E00042484,258,26,8,18,232,23,209,10.077519379844961,3.10077519379845,6.976744186046512,89.92248062015504,8.914728682170542,81.0077519379845
E00042485,295,53,25,28,242,25,217,17.966101694915253,8.47457627118644,9.491525423728813,82.03389830508473,8.47457627118644,73.5593220338983
E00042486,221,55,30,25,166,20,146,24.8868778280543,13.574660633484163,11.312217194570136,75.1131221719457,9.049773755656108,66.06334841628959
E00042487,304,68,26,42,236,33,203,22.36842105263158,8.552631578947368,13.815789473684212,77.63157894736842,10.855263157894738,66.77631578947368
E00042488,234,55,26,29,179,24,155,23.504273504273502,11.11111111111111,12.393162393162394,76.49572649572649,10.256410256410255,66.23931623931624
E00042489,275,27,3,24,248,27,221,9.818181818181818,1.090909090909091,8.727272727272728,90.18181818181819,9.818181818181818,80.36363636363636
E00042490,295,76,36,40,219,17,202,25.76271186440678,12.203389830508476,13.559322033898304,74.23728813559322,5.762711864406779,68.47457627118644
E00042491,517,168,97,71,349,28,321,32.495164410058024,18.762088974854933,13.733075435203096,67.50483558994198,5.415860735009671,62.0889748549323
E00042492,332,58,20,38,274,23,251,17.46987951807229,6.024096385542169,11.44578313253012,82.53012048192771,6.927710843373494,75.6024096385542
E00042493,226,65,26,39,161,19,142,28.761061946902654,11.504424778761061,17.25663716814159,71.23893805309734,8.4070796460177,62.83185840707964
E00042494,276,56,27,29,220,17,203,20.28985507246377,9.782608695652174,10.507246376811594,79.71014492753623,6.159420289855073,73.55072463768117
E00042495,185,55,36,19,130,11,119,29.72972972972973,19.45945945945946,10.27027027027027,70.27027027027027,5.9459459459459465,64.32432432432432
E00042496,332,52,16,36,280,26,254,15.66265060240964,4.819277108433735,10.843373493975903,84.33734939759037,7.83132530120482,76.50602409638554
E00042498,320,57,21,36,263,19,244,17.8125,6.5625,11.25,82.1875,5.9375,76.25
E00042499,337,61,30,31,276,29,247,18.100890207715135,8.902077151335313,9.198813056379821,81.89910979228486,8.605341246290802,73.29376854599407
E00042500,379,39,15,24,340,29,311,10.29023746701847,3.95778364116095,6.33245382585752,89.70976253298153,7.651715039577836,82.05804749340369
E00042501,290,65,23,42,225,25,200,22.413793103448278,7.931034482758621,14.482758620689657,77.58620689655173,8.620689655172415,68.96551724137932
E00042502,371,37,8,29,334,40,294,9.973045822102426,2.15633423180593,7.816711590296496,90.02695417789758,10.781671159029651,79.24528301886792
E00042503,389,71,37,34,318,17,301,18.251928020565554,9.511568123393316,8.740359897172237,81.74807197943444,4.370179948586118,77.37789203084833
E00042504,304,94,62,32,210,22,188,30.92105263157895,20.394736842105264,10.526315789473683,69.07894736842105,7.236842105263158,61.8421052631579
E00042505,348,63,37,26,285,13,272,18.103448275862068,10.632183908045976,7.471264367816093,81.89655172413794,3.7356321839080464,78.16091954022988
E00042506,163,70,49,21,93,22,71,42.944785276073624,30.061349693251532,12.883435582822086,57.05521472392638,13.496932515337424,43.558282208588956
E00042507,424,122,74,48,302,23,279,28.77358490566038,17.452830188679243,11.320754716981133,71.22641509433963,5.4245283018867925,65.80188679245283
E00042508,289,79,40,39,210,15,195,27.33564013840831,13.84083044982699,13.494809688581316,72.66435986159169,5.190311418685121,67.47404844290658
E00042509,450,80,33,47,370,19,351,17.77777777777778,7.333333333333333,10.444444444444445,82.22222222222221,4.222222222222222,78
E00042510,294,52,25,27,242,18,224,17.687074829931973,8.503401360544217,9.183673469387756,82.31292517006803,6.122448979591836,76.19047619047619
E00042511,297,42,11,31,255,24,231,14.14141414141414,3.7037037037037033,10.437710437710438,85.85858585858585,8.080808080808081,77.77777777777779
E00042512,319,49,19,30,270,24,246,15.360501567398119,5.956112852664576,9.404388714733543,84.63949843260188,7.523510971786834,77.11598746081505
E00042513,270,38,16,22,232,23,209,14.074074074074074,5.9259259259259265,8.148148148148149,85.92592592592592,8.518518518518519,77.4074074074074
E00042514,285,59,20,39,226,23,203,20.701754385964914,7.017543859649122,13.684210526315791,79.2982456140351,8.070175438596491,71.2280701754386
E00042515,262,52,26,26,210,21,189,19.84732824427481,9.923664122137405,9.923664122137405,80.1526717557252,8.015267175572518,72.13740458015268
E00042516,326,76,39,37,250,11,239,23.31288343558282,11.96319018404908,11.349693251533742,76.68711656441718,3.374233128834356,73.31288343558282
E00042517,219,38,8,30,181,25,156,17.35159817351598,3.65296803652968,13.698630136986301,82.64840182648402,11.415525114155251,71.23287671232876
E00042518,222,53,28,25,169,20,149,23.873873873873876,12.612612612612612,11.26126126126126,76.12612612612612,9.00900900900901,67.11711711711712
E00042519,315,57,15,42,258,33,225,18.095238095238095,4.761904761904762,13.333333333333334,81.9047619047619,10.476190476190476,71.42857142857143
E00042520,264,52,25,27,212,21,191,19.696969696969695,9.469696969696969,10.227272727272728,80.3030303030303,7.954545454545454,72.34848484848484
E00042521,306,65,31,34,241,34,207,21.241830065359476,10.130718954248366,11.11111111111111,78.75816993464052,11.11111111111111,67.64705882352942
E00042522,302,43,15,28,259,25,234,14.23841059602649,4.966887417218543,9.271523178807946,85.76158940397352,8.27814569536424,77.48344370860927
E00042523,326,64,30,34,262,21,241,19.631901840490798,9.202453987730062,10.429447852760736,80.3680981595092,6.441717791411043,73.92638036809815
E00042524,256,60,32,28,196,15,181,23.4375,12.5,10.9375,76.5625,5.859375,70.703125
E00042525,340,125,84,41,215,20,195,36.76470588235294,24.705882352941178,12.058823529411764,63.23529411764706,5.88235294117647,57.35294117647059
E00042526,323,73,43,30,250,22,228,22.60061919504644,13.312693498452013,9.287925696594428,77.39938080495357,6.811145510835913,70.58823529411765
E00042527,274,53,20,33,221,24,197,19.34306569343066,7.2992700729927,12.043795620437956,80.65693430656934,8.75912408759124,71.8978102189781
E00042528,283,77,33,44,206,20,186,27.208480565371023,11.66077738515901,15.547703180212014,72.79151943462897,7.06713780918728,65.7243816254417
E00042529,243,45,19,26,198,16,182,18.51851851851852,7.818930041152264,10.699588477366255,81.48148148148148,6.584362139917696,74.8971193415638
E00042530,298,63,23,40,235,28,207,21.140939597315437,7.718120805369128,13.422818791946309,78.85906040268456,9.395973154362416,69.46308724832215
E00042531,235,50,19,31,185,18,167,21.27659574468085,8.085106382978724,13.191489361702127,78.72340425531915,7.659574468085106,71.06382978723404
E00042532,271,68,30,38,203,21,182,25.092250922509223,11.07011070110701,14.022140221402212,74.90774907749078,7.7490774907749085,67.15867158671587
E00042533,281,67,30,37,214,32,182,23.843416370106763,10.676156583629894,13.167259786476867,76.15658362989323,11.387900355871885,64.76868327402136
E00042534,238,61,26,35,177,17,160,25.630252100840334,10.92436974789916,14.705882352941178,74.36974789915966,7.142857142857142,67.22689075630252
E00042535,250,54,23,31,196,23,173,21.6,9.2,12.4,78.4,9.2,69.19999999999999
E00042536,259,60,26,34,199,17,182,23.166023166023166,10.038610038610038,13.127413127413126,76.83397683397683,6.563706563706563,70.27027027027027
E00042537,303,82,43,39,221,19,202,27.062706270627064,14.19141914191419,12.871287128712872,72.93729372937293,6.270627062706271,66.66666666666666
E00042538,249,43,17,26,206,18,188,17.269076305220885,6.827309236947792,10.441767068273093,82.73092369477911,7.228915662650602,75.50200803212851
E00042539,240,46,26,20,194,20,174,19.166666666666668,10.833333333333334,8.333333333333332,80.83333333333333,8.333333333333332,72.5
E00042540,247,35,11,24,212,12,200,14.17004048582996,4.4534412955465585,9.7165991902834,85.82995951417004,4.8582995951417,80.97165991902834
E00042541,266,50,20,30,216,18,198,18.796992481203006,7.518796992481203,11.278195488721805,81.203007518797,6.7669172932330826,74.43609022556392
E00042542,288,35,15,20,253,28,225,12.152777777777777,5.208333333333334,6.944444444444445,87.84722222222221,9.722222222222223,78.125
E00042543,391,79,25,54,312,41,271,20.20460358056266,6.3938618925831205,13.810741687979538,79.79539641943734,10.485933503836318,69.30946291560103
E00042544,290,59,29,30,231,15,216,20.344827586206897,10,10.344827586206897,79.65517241379311,5.172413793103448,74.48275862068967
E00042545,284,67,36,31,217,12,205,23.591549295774648,12.676056338028168,10.915492957746478,76.40845070422534,4.225352112676056,72.1830985915493
E00042546,241,47,23,24,194,22,172,19.502074688796682,9.54356846473029,9.95850622406639,80.49792531120332,9.12863070539419,71.36929460580913
E00042547,395,103,55,48,292,16,276,26.075949367088608,13.924050632911392,12.151898734177214,73.9240506329114,4.050632911392405,69.87341772151898
E00042548,290,46,22,24,244,15,229,15.862068965517242,7.586206896551724,8.275862068965518,84.13793103448276,5.172413793103448,78.96551724137932
E00042549,350,95,48,47,255,11,244,27.142857142857142,13.714285714285715,13.428571428571429,72.85714285714285,3.1428571428571432,69.71428571428572
E00042550,348,88,42,46,260,16,244,25.287356321839084,12.068965517241379,13.218390804597702,74.71264367816092,4.597701149425287,70.11494252873564
E00042551,312,87,39,48,225,16,209,27.884615384615387,12.5,15.384615384615385,72.11538461538461,5.128205128205128,66.98717948717949
E00042552,197,79,48,31,118,10,108,40.10152284263959,24.36548223350254,15.736040609137056,59.89847715736041,5.0761421319796955,54.82233502538071
E00042553,344,72,44,28,272,22,250,20.930232558139537,12.790697674418606,8.13953488372093,79.06976744186046,6.395348837209303,72.67441860465115
E00042554,383,85,33,52,298,23,275,22.193211488250654,8.616187989556137,13.577023498694519,77.80678851174935,6.005221932114883,71.80156657963447
E00042555,384,93,37,56,291,6,285,24.21875,9.635416666666668,14.583333333333334,75.78125,1.5625,74.21875
E00042557,304,65,38,27,239,25,214,21.38157894736842,12.5,8.881578947368421,78.61842105263158,8.223684210526317,70.39473684210526
E00042558,264,53,26,27,211,20,191,20.075757575757574,9.848484848484848,10.227272727272728,79.92424242424242,7.575757575757576,72.34848484848484
E00042559,359,89,46,43,270,16,254,24.79108635097493,12.813370473537605,11.977715877437326,75.20891364902506,4.456824512534819,70.75208913649024
E00042560,362,89,42,47,273,21,252,24.585635359116022,11.602209944751381,12.98342541436464,75.41436464088397,5.801104972375691,69.61325966850829
E00042561,248,62,27,35,186,12,174,25,10.887096774193548,14.112903225806454,75,4.838709677419355,70.16129032258065
E00042562,320,78,33,45,242,15,227,24.375,10.3125,14.0625,75.625,4.6875,70.9375
E00042563,320,100,56,44,220,13,207,31.25,17.5,13.750000000000002,68.75,4.0625,64.6875
E00042564,327,71,33,38,256,18,238,21.712538226299692,10.091743119266056,11.62079510703364,78.2874617737003,5.5045871559633035,72.78287461773701
E00042565,230,49,18,31,181,16,165,21.304347826086957,7.82608695652174,13.478260869565217,78.69565217391305,6.956521739130435,71.73913043478261
E00042566,349,67,34,33,282,14,268,19.197707736389685,9.742120343839542,9.455587392550143,80.80229226361033,4.011461318051576,76.79083094555874
E00042567,293,82,41,41,211,8,203,27.986348122866893,13.993174061433447,13.993174061433447,72.01365187713311,2.7303754266211606,69.28327645051195
E00042568,235,64,22,42,171,6,165,27.23404255319149,9.361702127659575,17.872340425531917,72.76595744680851,2.553191489361702,70.2127659574468
E00042569,218,65,34,31,153,15,138,29.81651376146789,15.59633027522936,14.220183486238533,70.18348623853211,6.8807339449541285,63.30275229357798
E00042570,330,82,44,38,248,17,231,24.848484848484848,13.333333333333334,11.515151515151516,75.15151515151514,5.151515151515151,70
E00042571,221,72,40,32,149,4,145,32.57918552036199,18.099547511312217,14.479638009049776,67.42081447963801,1.809954751131222,65.61085972850678
E00042572,296,72,32,40,224,13,211,24.324324324324326,10.81081081081081,13.513513513513514,75.67567567567568,4.391891891891892,71.28378378378379
E00042573,227,56,39,17,171,11,160,24.669603524229075,17.180616740088105,7.488986784140969,75.33039647577093,4.845814977973569,70.48458149779736
E00042574,303,75,39,36,228,9,219,24.752475247524753,12.871287128712872,11.881188118811881,75.24752475247524,2.9702970297029703,72.27722772277228
E00042575,276,68,36,32,208,13,195,24.637681159420293,13.043478260869565,11.594202898550725,75.36231884057972,4.710144927536232,70.65217391304348
E00042576,365,68,33,35,297,11,286,18.63013698630137,9.04109589041096,9.58904109589041,81.36986301369863,3.0136986301369864,78.35616438356165
E00042577,282,66,38,28,216,11,205,23.404255319148938,13.47517730496454,9.929078014184398,76.59574468085107,3.900709219858156,72.69503546099291
E00042578,305,32,15,17,273,18,255,10.491803278688524,4.918032786885246,5.573770491803279,89.50819672131148,5.901639344262295,83.60655737704919
E00042579,384,75,38,37,309,24,285,19.53125,9.895833333333332,9.635416666666668,80.46875,6.25,74.21875
E00042581,274,73,36,37,201,17,184,26.642335766423358,13.138686131386862,13.503649635036496,73.35766423357664,6.204379562043796,67.15328467153284
E00042582,307,52,25,27,255,12,243,16.938110749185668,8.143322475570033,8.794788273615636,83.06188925081433,3.908794788273615,79.15309446254072
E00042583,249,31,12,19,218,17,201,12.449799196787147,4.819277108433735,7.630522088353414,87.55020080321285,6.827309236947792,80.72289156626506
E00042584,301,71,36,35,230,17,213,23.588039867109632,11.960132890365449,11.627906976744185,76.41196013289037,5.647840531561462,70.7641196013289
E00042585,271,60,35,25,211,6,205,22.14022140221402,12.915129151291513,9.22509225092251,77.85977859778598,2.214022140221402,75.64575645756457
E00042586,466,97,53,44,369,15,354,20.815450643776824,11.373390557939913,9.44206008583691,79.18454935622317,3.2188841201716736,75.9656652360515
E00042587,320,51,25,26,269,16,253,15.937499999999998,7.8125,8.125,84.0625,5,79.0625
E00042588,390,46,18,28,344,11,333,11.794871794871794,4.615384615384616,7.179487179487179,88.2051282051282,2.8205128205128207,85.38461538461539
E00042589,380,79,34,45,301,19,282,20.789473684210527,8.947368421052632,11.842105263157894,79.21052631578948,5,74.21052631578947
E00042590,286,69,29,40,217,15,202,24.125874125874127,10.13986013986014,13.986013986013987,75.87412587412588,5.244755244755245,70.62937062937063
E00042591,268,58,25,33,210,14,196,21.641791044776117,9.328358208955224,12.313432835820896,78.35820895522389,5.223880597014925,73.13432835820896
E00042592,192,53,30,23,139,11,128,27.604166666666668,15.625,11.979166666666668,72.39583333333334,5.729166666666666,66.66666666666666
E00042593,354,67,43,24,287,24,263,18.926553672316384,12.146892655367232,6.779661016949152,81.07344632768361,6.779661016949152,74.29378531073446
E00042594,186,22,3,19,164,17,147,11.827956989247312,1.6129032258064515,10.21505376344086,88.17204301075269,9.13978494623656,79.03225806451613
E00042595,179,90,60,30,89,13,76,50.27932960893855,33.5195530726257,16.75977653631285,49.72067039106145,7.262569832402235,42.45810055865922
E00042596,129,55,27,28,74,4,70,42.63565891472868,20.930232558139537,21.705426356589147,57.36434108527132,3.10077519379845,54.263565891472865
E00042598,342,49,14,35,293,29,264,14.327485380116958,4.093567251461988,10.23391812865497,85.67251461988305,8.47953216374269,77.19298245614034
E00042599,176,29,6,23,147,23,124,16.477272727272727,3.4090909090909087,13.068181818181818,83.52272727272727,13.068181818181818,70.45454545454545
E00042600,619,53,11,42,566,48,518,8.562197092084006,1.7770597738287561,6.78513731825525,91.437802907916,7.754442649434572,83.68336025848141
E00042601,205,57,25,32,148,17,131,27.80487804878049,12.195121951219512,15.609756097560975,72.1951219512195,8.292682926829269,63.90243902439025
E00042606,412,38,16,22,374,12,362,9.223300970873787,3.8834951456310676,5.339805825242718,90.77669902912622,2.912621359223301,87.86407766990291
E00042607,386,46,25,21,340,15,325,11.917098445595855,6.476683937823833,5.4404145077720205,88.08290155440415,3.8860103626943006,84.19689119170984
E00042608,404,39,17,22,365,4,361,9.653465346534654,4.207920792079208,5.445544554455446,90.34653465346535,0.9900990099009901,89.35643564356435
E00042609,538,87,24,63,451,46,405,16.171003717472118,4.4609665427509295,11.71003717472119,83.82899628252788,8.550185873605948,75.27881040892194
E00042610,282,68,36,32,214,20,194,24.113475177304963,12.76595744680851,11.347517730496454,75.88652482269504,7.092198581560284,68.79432624113475
E00042611,313,64,22,42,249,32,217,20.447284345047922,7.0287539936102235,13.418530351437699,79.55271565495208,10.223642172523961,69.32907348242811
E00042612,172,79,39,40,93,8,85,45.93023255813954,22.674418604651162,23.25581395348837,54.06976744186046,4.651162790697675,49.41860465116279
E00042613,323,60,27,33,263,25,238,18.575851393188856,8.359133126934983,10.21671826625387,81.42414860681114,7.739938080495357,73.68421052631578
E00042614,354,72,35,37,282,23,259,20.33898305084746,9.887005649717514,10.451977401129943,79.66101694915254,6.497175141242938,73.1638418079096
E00042615,273,64,22,42,209,19,190,23.44322344322344,8.058608058608058,15.384615384615385,76.55677655677655,6.95970695970696,69.59706959706959
E00042616,268,66,37,29,202,14,188,24.62686567164179,13.805970149253731,10.820895522388058,75.3731343283582,5.223880597014925,70.1492537313433
E00042617,393,65,22,43,328,22,306,16.539440203562343,5.597964376590331,10.941475826972011,83.46055979643766,5.597964376590331,77.86259541984732
E00042618,218,47,18,29,171,17,154,21.55963302752294,8.256880733944955,13.302752293577983,78.44036697247707,7.79816513761468,70.64220183486239
E00042619,289,51,27,24,238,22,216,17.647058823529413,9.342560553633218,8.304498269896193,82.35294117647058,7.612456747404845,74.74048442906575
E00042620,335,79,36,43,256,27,229,23.582089552238806,10.746268656716417,12.835820895522387,76.4179104477612,8.059701492537313,68.35820895522387
E00042621,254,78,39,39,176,18,158,30.708661417322837,15.354330708661418,15.354330708661418,69.29133858267717,7.086614173228346,62.20472440944882
E00042622,379,63,29,34,316,27,289,16.62269129287599,7.651715039577836,8.970976253298153,83.37730870712402,7.12401055408971,76.2532981530343
E00042623,294,65,33,32,229,14,215,22.108843537414966,11.224489795918368,10.884353741496598,77.89115646258503,4.761904761904762,73.12925170068027
E00042624,306,64,23,41,242,25,217,20.915032679738562,7.516339869281046,13.398692810457517,79.08496732026144,8.169934640522875,70.91503267973856
E00042625,280,58,24,34,222,17,205,20.714285714285715,8.571428571428571,12.142857142857142,79.28571428571428,6.071428571428571,73.21428571428571
E00042626,357,56,20,36,301,28,273,15.686274509803921,5.602240896358544,10.084033613445378,84.31372549019608,7.8431372549019605,76.47058823529412
E00042627,262,56,25,31,206,13,193,21.374045801526716,9.541984732824428,11.83206106870229,78.62595419847328,4.961832061068702,73.66412213740458
E00042628,357,120,75,45,237,9,228,33.61344537815126,21.008403361344538,12.605042016806722,66.38655462184873,2.5210084033613445,63.86554621848739
E00042629,280,91,37,54,189,16,173,32.5,13.214285714285715,19.28571428571429,67.5,5.714285714285714,61.78571428571429
E00042630,353,107,61,46,246,23,223,30.31161473087819,17.280453257790366,13.031161473087819,69.68838526912181,6.515580736543909,63.172804532577906
E00042631,220,47,21,26,173,23,150,21.363636363636363,9.545454545454547,11.818181818181818,78.63636363636364,10.454545454545453,68.18181818181817
E00042632,271,83,37,46,188,14,174,30.627306273062732,13.653136531365314,16.974169741697416,69.37269372693727,5.166051660516605,64.20664206642066
E00042633,287,68,30,38,219,15,204,23.693379790940767,10.452961672473867,13.240418118466899,76.30662020905923,5.2264808362369335,71.0801393728223
E00042634,339,93,53,40,246,19,227,27.43362831858407,15.634218289085547,11.799410029498524,72.56637168141593,5.604719764011799,66.96165191740413
E00042635,436,69,21,48,367,38,329,15.825688073394495,4.81651376146789,11.009174311926607,84.17431192660551,8.715596330275229,75.45871559633028
E00042636,234,61,24,37,173,14,159,26.06837606837607,10.256410256410255,15.81196581196581,73.93162393162393,5.982905982905983,67.94871794871796
E00042637,499,115,52,63,384,34,350,23.04609218436874,10.420841683366733,12.625250501002002,76.95390781563127,6.813627254509018,70.14028056112225
E00042638,254,71,26,45,183,8,175,27.95275590551181,10.236220472440944,17.716535433070867,72.04724409448819,3.149606299212598,68.89763779527559
E00042639,221,43,13,30,178,21,157,19.457013574660635,5.88235294117647,13.574660633484163,80.54298642533936,9.502262443438914,71.04072398190046
E00042640,248,58,27,31,190,19,171,23.387096774193548,10.887096774193548,12.5,76.61290322580645,7.661290322580645,68.95161290322581
E00042641,305,51,8,43,254,33,221,16.721311475409838,2.622950819672131,14.098360655737704,83.27868852459017,10.819672131147541,72.45901639344262
E00042642,421,75,24,51,346,34,312,17.81472684085511,5.7007125890736345,12.114014251781473,82.18527315914488,8.076009501187649,74.10926365795724
E00042643,399,67,27,40,332,31,301,16.791979949874687,6.7669172932330826,10.025062656641603,83.20802005012531,7.769423558897243,75.43859649122807
E00042645,536,63,18,45,473,36,437,11.753731343283583,3.3582089552238807,8.395522388059701,88.24626865671642,6.7164179104477615,81.52985074626866
E00042646,319,59,30,29,260,20,240,18.495297805642632,9.404388714733543,9.090909090909092,81.50470219435736,6.269592476489027,75.23510971786834
E00042647,218,47,16,31,171,18,153,21.55963302752294,7.339449541284404,14.220183486238533,78.44036697247707,8.256880733944955,70.18348623853211
E00042648,278,67,27,40,211,19,192,24.100719424460433,9.712230215827338,14.388489208633093,75.89928057553958,6.83453237410072,69.06474820143885
E00042649,281,44,13,31,237,21,216,15.658362989323843,4.6263345195729535,11.032028469750891,84.34163701067615,7.473309608540925,76.86832740213522
E00042650,358,42,11,31,316,32,284,11.731843575418994,3.072625698324022,8.659217877094973,88.26815642458101,8.938547486033519,79.3296089385475
E00042651,298,56,15,41,242,27,215,18.79194630872483,5.033557046979865,13.758389261744966,81.20805369127517,9.060402684563758,72.14765100671141
E00042652,210,37,14,23,173,27,146,17.61904761904762,6.666666666666667,10.952380952380953,82.38095238095238,12.857142857142856,69.52380952380952
E00042653,427,63,20,43,364,47,317,14.754098360655737,4.683840749414521,10.070257611241217,85.24590163934425,11.00702576112412,74.23887587822014
E00042654,157,68,40,28,89,12,77,43.31210191082803,25.477707006369428,17.8343949044586,56.68789808917197,7.643312101910828,49.044585987261144
E00042655,212,44,15,29,168,21,147,20.754716981132077,7.0754716981132075,13.679245283018867,79.24528301886792,9.90566037735849,69.33962264150944
E00042656,316,40,9,31,276,37,239,12.658227848101266,2.848101265822785,9.81012658227848,87.34177215189874,11.708860759493671,75.63291139240506
E00042657,366,59,18,41,307,40,267,16.120218579234972,4.918032786885246,11.202185792349727,83.87978142076503,10.92896174863388,72.95081967213115
E00042658,331,56,15,41,275,30,245,16.91842900302115,4.531722054380665,12.386706948640484,83.08157099697885,9.06344410876133,74.01812688821752
E00042659,355,55,12,43,300,35,265,15.492957746478872,3.3802816901408446,12.112676056338028,84.50704225352112,9.859154929577464,74.64788732394366
E00042662,275,45,9,36,230,27,203,16.363636363636363,3.272727272727273,13.090909090909092,83.63636363636363,9.818181818181818,73.81818181818181
E00042663,199,33,12,21,166,13,153,16.582914572864322,6.030150753768844,10.552763819095476,83.41708542713567,6.532663316582915,76.88442211055276
E00042664,239,64,23,41,175,21,154,26.778242677824267,9.623430962343097,17.154811715481173,73.22175732217573,8.786610878661087,64.43514644351464
E00042665,143,71,29,42,72,8,64,49.65034965034965,20.27972027972028,29.37062937062937,50.349650349650354,5.594405594405594,44.75524475524475
E00042666,332,68,26,42,264,21,243,20.481927710843372,7.83132530120482,12.650602409638553,79.51807228915662,6.325301204819277,73.19277108433735
E00042667,181,32,9,23,149,9,140,17.67955801104972,4.972375690607735,12.70718232044199,82.32044198895028,4.972375690607735,77.34806629834254
E00042668,246,42,13,29,204,20,184,17.073170731707318,5.284552845528456,11.788617886178862,82.92682926829268,8.130081300813007,74.79674796747967
E00042669,845,100,20,80,745,96,649,11.834319526627219,2.366863905325444,9.467455621301776,88.16568047337277,11.36094674556213,76.80473372781064
E00042672,1311,152,35,117,1159,101,1058,11.594202898550725,2.6697177726926014,8.924485125858125,88.40579710144928,7.704042715484364,80.7017543859649
E00042674,259,74,40,34,185,12,173,28.57142857142857,15.444015444015443,13.127413127413126,71.42857142857143,4.633204633204633,66.79536679536679
E00042677,211,58,18,40,153,14,139,27.488151658767773,8.530805687203792,18.95734597156398,72.51184834123224,6.6350710900473935,65.87677725118483
E00042679,550,80,12,68,470,41,429,14.545454545454545,2.181818181818182,12.363636363636363,85.45454545454545,7.454545454545454,78
E00042681,346,68,41,27,278,30,248,19.653179190751445,11.849710982658959,7.803468208092486,80.34682080924856,8.670520231213873,71.67630057803468
E00042682,354,34,7,27,320,41,279,9.6045197740113,1.977401129943503,7.627118644067797,90.3954802259887,11.581920903954803,78.8135593220339
E00042683,246,21,0,21,225,24,201,8.536585365853659,0,8.536585365853659,91.46341463414635,9.75609756097561,81.70731707317073
E00042685,120,29,14,15,91,10,81,24.166666666666668,11.666666666666666,12.5,75.83333333333333,8.333333333333332,67.5
E00042686,294,61,31,30,233,23,210,20.74829931972789,10.54421768707483,10.204081632653061,79.25170068027211,7.8231292517006805,71.42857142857143
E00042687,324,52,17,35,272,24,248,16.049382716049383,5.246913580246913,10.802469135802468,83.9506172839506,7.4074074074074066,76.5432098765432
E00042688,256,46,11,35,210,11,199,17.96875,4.296875,13.671875,82.03125,4.296875,77.734375
E00042689,363,82,40,42,281,27,254,22.58953168044077,11.019283746556475,11.570247933884298,77.41046831955923,7.43801652892562,69.9724517906336
E00042690,324,99,55,44,225,12,213,30.555555555555557,16.97530864197531,13.580246913580247,69.44444444444444,3.7037037037037033,65.74074074074075
E00042691,214,66,41,25,148,10,138,30.8411214953271,19.158878504672895,11.682242990654206,69.1588785046729,4.672897196261682,64.48598130841121
E00042693,396,113,53,60,283,19,264,28.535353535353536,13.383838383838384,15.151515151515152,71.46464646464646,4.797979797979798,66.66666666666666
E00042694,256,41,20,21,215,16,199,16.015625,7.8125,8.203125,83.984375,6.25,77.734375
E00042695,136,75,39,36,61,8,53,55.14705882352941,28.676470588235293,26.47058823529412,44.85294117647059,5.88235294117647,38.970588235294116
E00042697,300,87,50,37,213,13,200,28.999999999999996,16.666666666666664,12.333333333333334,71,4.333333333333334,66.66666666666666
E00042702,240,52,23,29,188,19,169,21.666666666666668,9.583333333333334,12.083333333333334,78.33333333333333,7.916666666666666,70.41666666666667
E00042703,264,44,19,25,220,18,202,16.666666666666664,7.196969696969697,9.469696969696969,83.33333333333334,6.8181818181818175,76.51515151515152
E00042704,285,55,20,35,230,28,202,19.298245614035086,7.017543859649122,12.280701754385964,80.7017543859649,9.824561403508772,70.87719298245614
E00042705,314,52,19,33,262,23,239,16.560509554140125,6.050955414012739,10.509554140127388,83.43949044585987,7.32484076433121,76.11464968152866
E00042706,336,43,11,32,293,25,268,12.797619047619047,3.273809523809524,9.523809523809524,87.20238095238095,7.440476190476191,79.76190476190477
E00042707,383,61,10,51,322,33,289,15.926892950391643,2.610966057441253,13.315926892950392,84.07310704960835,8.616187989556137,75.45691906005221
E00042708,282,23,9,14,259,29,230,8.156028368794328,3.1914893617021276,4.964539007092199,91.84397163120568,10.28368794326241,81.56028368794325
E00042709,311,44,11,33,267,28,239,14.14790996784566,3.536977491961415,10.610932475884244,85.85209003215434,9.003215434083602,76.84887459807074
E00042710,284,38,13,25,246,23,223,13.380281690140844,4.577464788732395,8.80281690140845,86.61971830985915,8.098591549295776,78.52112676056338
E00042711,222,18,2,16,204,24,180,8.108108108108109,0.9009009009009009,7.207207207207207,91.8918918918919,10.81081081081081,81.08108108108108
E00042712,304,32,12,20,272,36,236,10.526315789473683,3.9473684210526314,6.578947368421052,89.47368421052632,11.842105263157894,77.63157894736842
E00042713,478,112,44,68,366,43,323,23.430962343096233,9.205020920502092,14.225941422594143,76.56903765690377,8.99581589958159,67.57322175732217
E00042714,305,45,15,30,260,26,234,14.754098360655737,4.918032786885246,9.836065573770492,85.24590163934425,8.524590163934425,76.72131147540983
E00042715,286,43,16,27,243,24,219,15.034965034965033,5.594405594405594,9.44055944055944,84.96503496503497,8.391608391608392,76.57342657342657
E00042716,282,62,31,31,220,14,206,21.98581560283688,10.99290780141844,10.99290780141844,78.01418439716312,4.964539007092199,73.04964539007092
E00042717,540,69,19,50,471,50,421,12.777777777777777,3.5185185185185186,9.25925925925926,87.22222222222223,9.25925925925926,77.96296296296296
E00042718,274,41,7,34,233,33,200,14.963503649635038,2.5547445255474455,12.408759124087592,85.03649635036497,12.043795620437956,72.99270072992701
E00042719,294,40,14,26,254,26,228,13.60544217687075,4.761904761904762,8.843537414965986,86.39455782312925,8.843537414965986,77.55102040816327
E00042720,274,31,6,25,243,33,210,11.313868613138686,2.18978102189781,9.124087591240876,88.6861313868613,12.043795620437956,76.64233576642336
E00042721,359,61,26,35,298,25,273,16.991643454038996,7.242339832869081,9.749303621169917,83.008356545961007,6.963788300835655,76.04456824512535
E00042722,272,42,14,28,230,25,205,15.441176470588236,5.147058823529411,10.294117647058822,84.55882352941177,9.191176470588236,75.36764705882352
E00042723,328,57,26,31,271,23,248,17.378048780487802,7.926829268292683,9.451219512195122,82.6219512195122,7.01219512195122,75.60975609756098
E00042724,369,51,13,38,318,32,286,13.821138211382115,3.523035230352303,10.29810298102981,86.1788617886179,8.672086720867208,77.50677506775068
E00042725,399,48,23,25,351,41,310,12.030075187969924,5.764411027568922,6.265664160401002,87.96992481203007,10.275689223057643,77.69423558897243
E00042726,326,33,9,24,293,33,260,10.122699386503067,2.7607361963190185,7.361963190184049,89.87730061349694,10.122699386503067,79.75460122699386
E00042727,324,32,2,30,292,33,259,9.876543209876543,0.6172839506172839,9.25925925925926,90.12345679012346,10.185185185185185,79.93827160493827
E00042728,340,35,11,24,305,31,274,10.294117647058822,3.2352941176470593,7.0588235294117645,89.70588235294117,9.117647058823529,80.58823529411765
E00042729,294,35,11,24,259,28,231,11.904761904761903,3.741496598639456,8.16326530612245,88.09523809523809,9.523809523809524,78.57142857142857
E00042730,308,67,21,46,241,28,213,21.753246753246753,6.8181818181818175,14.935064935064934,78.24675324675324,9.090909090909092,69.15584415584416
E00042731,325,37,14,23,288,32,256,11.384615384615385,4.3076923076923075,7.076923076923077,88.61538461538461,9.846153846153847,78.76923076923077
E00042732,248,36,15,21,212,32,180,14.516129032258066,6.048387096774194,8.46774193548387,85.48387096774194,12.903225806451612,72.58064516129032
E00042733,259,27,3,24,232,23,209,10.424710424710424,1.1583011583011582,9.266409266409266,89.57528957528957,8.880308880308881,80.6949806949807
E00042734,248,55,26,29,193,19,174,22.177419354838708,10.483870967741936,11.693548387096774,77.82258064516128,7.661290322580645,70.16129032258065
E00042735,222,27,11,16,195,27,168,12.162162162162163,4.954954954954955,7.207207207207207,87.83783783783784,12.162162162162163,75.67567567567568
E00042736,330,38,13,25,292,37,255,11.515151515151516,3.939393939393939,7.575757575757576,88.48484848484848,11.212121212121213,77.27272727272727
E00042737,310,38,9,29,272,27,245,12.258064516129032,2.903225806451613,9.35483870967742,87.74193548387098,8.709677419354838,79.03225806451613
E00042738,153,20,8,12,133,12,121,13.071895424836603,5.228758169934641,7.8431372549019605,86.9281045751634,7.8431372549019605,79.08496732026144
E00042739,296,27,8,19,269,28,241,9.121621621621621,2.7027027027027026,6.418918918918918,90.87837837837837,9.45945945945946,81.41891891891892
E00042740,366,69,36,33,297,19,278,18.852459016393443,9.836065573770492,9.01639344262295,81.14754098360656,5.191256830601093,75.95628415300546
E00042741,318,77,49,28,241,15,226,24.21383647798742,15.40880503144654,8.80503144654088,75.78616352201259,4.716981132075472,71.0691823899371
E00042743,268,98,57,41,170,19,151,36.56716417910448,21.26865671641791,15.298507462686567,63.43283582089553,7.08955223880597,56.343283582089555
E00042745,480,151,94,57,329,24,305,31.458333333333332,19.583333333333332,11.875,68.54166666666667,5,63.541666666666664
E00042746,271,62,28,34,209,19,190,22.878228782287824,10.33210332103321,12.546125461254611,77.12177121771218,7.011070110701106,70.11070110701108
E00042747,257,53,18,35,204,27,177,20.622568093385212,7.003891050583658,13.618677042801556,79.37743190661479,10.505836575875486,68.8715953307393
E00042748,224,44,19,25,180,8,172,19.642857142857142,8.482142857142858,11.160714285714286,80.35714285714286,3.571428571428571,76.78571428571429
E00042752,251,119,79,40,132,15,117,47.410358565737056,31.47410358565737,15.936254980079681,52.589641434262944,5.9760956175298805,46.613545816733065
E00042753,150,60,35,25,90,9,81,40,23.333333333333332,16.666666666666664,60,6,54
E00042754,330,92,60,32,238,14,224,27.878787878787882,18.181818181818183,9.696969696969697,72.12121212121212,4.242424242424243,67.87878787878789
E00042756,285,61,34,27,224,21,203,21.403508771929825,11.929824561403509,9.473684210526317,78.59649122807018,7.368421052631578,71.2280701754386
E00042757,271,57,38,19,214,12,202,21.033210332103323,14.022140221402212,7.011070110701106,78.96678966789668,4.428044280442804,74.53874538745387
E00042758,358,103,49,54,255,18,237,28.77094972067039,13.687150837988826,15.083798882681565,71.22905027932961,5.027932960893855,66.20111731843575
E00042759,370,139,95,44,231,11,220,37.567567567567565,25.675675675675674,11.891891891891893,62.43243243243243,2.9729729729729732,59.45945945945946
E00042761,295,88,50,38,207,12,195,29.830508474576273,16.94915254237288,12.88135593220339,70.16949152542374,4.067796610169491,66.10169491525424
E00042762,263,80,42,38,183,16,167,30.418250950570343,15.96958174904943,14.44866920152091,69.58174904942965,6.083650190114068,63.49809885931559
E00042763,253,80,46,34,173,18,155,31.620553359683797,18.181818181818183,13.438735177865613,68.37944664031622,7.114624505928854,61.26482213438735
E00042764,350,88,39,49,262,16,246,25.142857142857146,11.142857142857142,14.000000000000002,74.85714285714286,4.571428571428571,70.28571428571428
E00042766,224,86,48,38,138,12,126,38.392857142857146,21.428571428571427,16.964285714285715,61.60714285714286,5.357142857142857,56.25
E00042767,402,88,41,47,314,29,285,21.890547263681594,10.199004975124378,11.691542288557214,78.1094527363184,7.213930348258707,70.8955223880597
E00042768,242,58,29,29,184,17,167,23.96694214876033,11.983471074380166,11.983471074380166,76.03305785123968,7.024793388429752,69.00826446280992
E00042769,267,44,24,20,223,18,205,16.479400749063668,8.98876404494382,7.490636704119851,83.52059925093633,6.741573033707865,76.77902621722846
E00042770,242,46,24,22,196,8,188,19.00826446280992,9.917355371900827,9.090909090909092,80.99173553719008,3.3057851239669422,77.68595041322314
E00042771,275,68,29,39,207,32,175,24.727272727272727,10.545454545454545,14.181818181818182,75.27272727272727,11.636363636363637,63.63636363636363
E00042772,327,57,22,35,270,23,247,17.431192660550458,6.727828746177369,10.703363914373089,82.56880733944955,7.033639143730887,75.53516819571865
E00042773,229,69,38,31,160,20,140,30.131004366812224,16.593886462882097,13.537117903930133,69.86899563318777,8.73362445414847,61.135371179039296
E00042774,268,80,45,35,188,18,170,29.850746268656714,16.791044776119403,13.059701492537313,70.1492537313433,6.7164179104477615,63.43283582089553
E00042775,561,73,29,44,488,23,465,13.01247771836007,5.169340463458111,7.8431372549019605,86.98752228163993,4.09982174688057,82.88770053475936
E00042776,358,83,36,47,275,20,255,23.18435754189944,10.05586592178771,13.128491620111731,76.81564245810057,5.58659217877095,71.22905027932961
E00042777,431,62,21,41,369,30,339,14.385150812064964,4.872389791183294,9.51276102088167,85.61484918793504,6.960556844547564,78.65429234338747
E00042778,229,66,32,34,163,8,155,28.82096069868996,13.973799126637553,14.847161572052403,71.17903930131004,3.4934497816593884,67.68558951965066
E00042779,260,58,33,25,202,18,184,22.30769230769231,12.692307692307692,9.615384615384617,77.6923076923077,6.923076923076923,70.76923076923077
E00042780,276,53,28,25,223,16,207,19.202898550724637,10.144927536231885,9.057971014492754,80.79710144927536,5.797101449275362,75
E00042781,225,60,18,42,165,23,142,26.666666666666668,8,18.666666666666668,73.33333333333333,10.222222222222223,63.11111111111111
E00042782,293,47,22,25,246,20,226,16.040955631399317,7.508532423208192,8.532423208191126,83.95904436860067,6.825938566552901,77.13310580204778
E00042783,298,88,43,45,210,20,190,29.53020134228188,14.429530201342283,15.100671140939598,70.46979865771812,6.7114093959731544,63.758389261744966
E00042784,225,59,25,34,166,23,143,26.222222222222225,11.11111111111111,15.11111111111111,73.77777777777777,10.222222222222223,63.55555555555556
E00042785,239,51,23,28,188,21,167,21.338912133891213,9.623430962343097,11.715481171548117,78.66108786610879,8.786610878661087,69.8744769874477
E00042786,308,46,10,36,262,21,241,14.935064935064934,3.2467532467532463,11.688311688311687,85.06493506493507,6.8181818181818175,78.24675324675324
E00042787,335,84,37,47,251,9,242,25.07462686567164,11.044776119402986,14.029850746268657,74.92537313432835,2.6865671641791042,72.23880597014926
E00042788,289,83,49,34,206,15,191,28.719723183391004,16.955017301038062,11.76470588235294,71.280276816609,5.190311418685121,66.08996539792388
E00042789,305,56,23,33,249,26,223,18.360655737704917,7.540983606557377,10.819672131147541,81.63934426229508,8.524590163934425,73.11475409836066
E00042790,232,69,32,37,163,11,152,29.74137931034483,13.793103448275861,15.948275862068966,70.25862068965517,4.741379310344827,65.51724137931035
E00042791,345,64,25,39,281,18,263,18.55072463768116,7.246376811594203,11.304347826086957,81.44927536231884,5.217391304347826,76.23188405797102
E00042792,321,83,44,39,238,18,220,25.85669781931464,13.707165109034266,12.149532710280374,74.14330218068535,5.607476635514018,68.53582554517133
E00042793,152,26,14,12,126,5,121,17.105263157894736,9.210526315789473,7.894736842105263,82.89473684210526,3.289473684210526,79.60526315789474
E00042794,366,57,22,35,309,34,275,15.573770491803279,6.0109289617486334,9.562841530054644,84.42622950819673,9.289617486338798,75.13661202185791
E00042795,348,75,36,39,273,26,247,21.551724137931032,10.344827586206897,11.206896551724139,78.44827586206897,7.471264367816093,70.97701149425288
E00042796,314,58,27,31,256,26,230,18.471337579617835,8.598726114649681,9.872611464968154,81.52866242038218,8.280254777070063,73.24840764331209
E00042797,166,42,22,20,124,16,108,25.301204819277107,13.253012048192772,12.048192771084338,74.69879518072288,9.63855421686747,65.06024096385542
E00042798,302,93,40,53,209,15,194,30.79470198675497,13.245033112582782,17.549668874172188,69.20529801324503,4.966887417218543,64.23841059602648
E00042799,198,33,12,21,165,22,143,16.666666666666664,6.0606060606060606,10.606060606060606,83.33333333333334,11.11111111111111,72.22222222222221
E00042800,222,45,21,24,177,21,156,20.27027027027027,9.45945945945946,10.81081081081081,79.72972972972973,9.45945945945946,70.27027027027027
E00042801,408,89,37,52,319,27,292,21.813725490196077,9.068627450980392,12.745098039215685,78.18627450980392,6.61764705882353,71.56862745098039
E00042802,317,54,28,26,263,32,231,17.034700315457414,8.832807570977918,8.201892744479496,82.96529968454259,10.094637223974763,72.87066246056783
E00042803,462,89,55,34,373,12,361,19.264069264069263,11.904761904761903,7.35930735930736,80.73593073593074,2.5974025974025974,78.13852813852814
E00042805,228,61,38,23,167,13,154,26.75438596491228,16.666666666666664,10.087719298245613,73.24561403508771,5.701754385964912,67.54385964912281
E00042806,280,45,21,24,235,8,227,16.071428571428573,7.5,8.571428571428571,83.92857142857143,2.857142857142857,81.07142857142857
E00042807,210,69,41,28,141,11,130,32.857142857142854,19.523809523809526,13.333333333333334,67.14285714285714,5.238095238095238,61.904761904761905
E00042808,583,118,81,37,465,16,449,20.240137221269297,13.893653516295027,6.34648370497427,79.7598627787307,2.7444253859348198,77.01543739279589
E00042810,328,76,40,36,252,15,237,23.170731707317074,12.195121951219512,10.975609756097562,76.82926829268293,4.573170731707317,72.2560975609756
E00042811,430,97,55,42,333,18,315,22.55813953488372,12.790697674418606,9.767441860465116,77.44186046511628,4.186046511627907,73.25581395348837
E00042812,171,69,40,29,102,12,90,40.35087719298245,23.391812865497073,16.95906432748538,59.64912280701754,7.017543859649122,52.63157894736842
E00042814,302,51,32,19,251,9,242,16.887417218543046,10.596026490066226,6.291390728476822,83.11258278145695,2.980132450331126,80.13245033112582
E00042816,239,52,27,25,187,5,182,21.75732217573222,11.297071129707113,10.460251046025103,78.24267782426779,2.092050209205021,76.15062761506276
E00042818,198,78,51,27,120,10,110,39.39393939393939,25.757575757575758,13.636363636363635,60.60606060606061,5.05050505050505,55.55555555555556
E00042819,217,65,37,28,152,11,141,29.953917050691242,17.050691244239633,12.903225806451612,70.04608294930875,5.0691244239631335,64.97695852534562
E00042822,436,48,11,37,388,34,354,11.009174311926607,2.522935779816514,8.486238532110093,88.9908256880734,7.79816513761468,81.19266055045871
E00042823,281,78,46,32,203,13,190,27.75800711743772,16.370106761565836,11.387900355871885,72.24199288256227,4.6263345195729535,67.61565836298932
E00042824,321,64,44,20,257,12,245,19.937694704049843,13.707165109034266,6.230529595015576,80.06230529595015,3.7383177570093453,76.32398753894081
E00042825,615,113,32,81,502,33,469,18.3739837398374,5.203252032520325,13.170731707317074,81.6260162601626,5.365853658536586,76.260162601626
E00042826,394,40,10,30,354,27,327,10.152284263959391,2.5380710659898478,7.614213197969544,89.84771573604061,6.852791878172589,82.99492385786802
E00042827,376,81,34,47,295,33,262,21.54255319148936,9.042553191489363,12.5,78.45744680851064,8.77659574468085,69.68085106382979
E00042828,262,56,28,28,206,14,192,21.374045801526716,10.687022900763358,10.687022900763358,78.62595419847328,5.343511450381679,73.2824427480916
E00042830,172,65,36,29,107,8,99,37.7906976744186,20.930232558139537,16.86046511627907,62.2093023255814,4.651162790697675,57.55813953488372
E00042831,548,127,69,58,421,34,387,23.175182481751825,12.59124087591241,10.583941605839415,76.82481751824818,6.204379562043796,70.62043795620438
E00042832,261,74,35,39,187,18,169,28.35249042145594,13.409961685823754,14.942528735632186,71.64750957854406,6.896551724137931,64.75095785440614
E00042833,436,82,39,43,354,31,323,18.807339449541285,8.944954128440367,9.862385321100918,81.19266055045871,7.110091743119266,74.08256880733946
E00042834,272,29,10,19,243,14,229,10.661764705882353,3.6764705882352944,6.985294117647059,89.33823529411765,5.147058823529411,84.19117647058823
E00042835,303,96,57,39,207,15,192,31.683168316831683,18.81188118811881,12.871287128712872,68.31683168316832,4.9504950495049505,63.366336633663366
E00042836,301,45,17,28,256,19,237,14.950166112956811,5.647840531561462,9.30232558139535,85.04983388704319,6.312292358803987,78.7375415282392
E00042837,264,37,14,23,227,23,204,14.015151515151514,5.303030303030303,8.712121212121213,85.98484848484848,8.712121212121213,77.27272727272727
E00042838,306,49,18,31,257,20,237,16.013071895424837,5.88235294117647,10.130718954248366,83.98692810457517,6.535947712418301,77.45098039215686
E00042839,236,48,25,23,188,11,177,20.33898305084746,10.59322033898305,9.745762711864407,79.66101694915254,4.661016949152542,75
E00042840,229,53,26,27,176,18,158,23.144104803493452,11.353711790393014,11.790393013100436,76.85589519650655,7.860262008733625,68.99563318777294
E00042841,245,54,27,27,191,17,174,22.040816326530614,11.020408163265307,11.020408163265307,77.9591836734694,6.938775510204081,71.0204081632653
E00042842,263,51,27,24,212,24,188,19.39163498098859,10.26615969581749,9.125475285171103,80.6083650190114,9.125475285171103,71.48288973384031
E00042843,311,80,43,37,231,17,214,25.723472668810288,13.826366559485532,11.89710610932476,74.27652733118971,5.466237942122187,68.81028938906752
E00042844,278,48,23,25,230,26,204,17.26618705035971,8.273381294964029,8.992805755395683,82.73381294964028,9.352517985611511,73.38129496402878
E00042845,237,44,18,26,193,18,175,18.565400843881857,7.59493670886076,10.970464135021098,81.43459915611815,7.59493670886076,73.83966244725738
E00042846,256,54,19,35,202,23,179,21.09375,7.421875,13.671875,78.90625,8.984375,69.921875
E00042847,299,38,15,23,261,24,237,12.709030100334449,5.016722408026756,7.6923076923076925,87.29096989966555,8.02675585284281,79.26421404682274
E00042848,404,57,30,27,347,42,305,14.108910891089108,7.425742574257425,6.683168316831684,85.89108910891089,10.396039603960396,75.4950495049505
E00042849,299,64,36,28,235,19,216,21.40468227424749,12.040133779264215,9.364548494983277,78.59531772575251,6.354515050167224,72.24080267558529
E00042850,240,64,35,29,176,13,163,26.666666666666668,14.583333333333334,12.083333333333334,73.33333333333333,5.416666666666667,67.91666666666667
E00042851,272,55,24,31,217,23,194,20.22058823529412,8.823529411764707,11.397058823529411,79.77941176470588,8.455882352941178,71.32352941176471
E00042852,349,49,20,29,300,20,280,14.040114613180515,5.730659025787966,8.30945558739255,85.95988538681948,5.730659025787966,80.22922636103151
E00042853,229,57,28,29,172,20,152,24.890829694323145,12.22707423580786,12.663755458515283,75.10917030567686,8.73362445414847,66.37554585152839
E00042854,221,53,22,31,168,15,153,23.981900452488688,9.95475113122172,14.027149321266968,76.01809954751131,6.787330316742081,69.23076923076923
E00042855,264,61,22,39,203,26,177,23.106060606060606,8.333333333333332,14.772727272727273,76.89393939393939,9.848484848484848,67.04545454545455
E00042856,254,44,17,27,210,21,189,17.322834645669293,6.692913385826772,10.62992125984252,82.67716535433071,8.267716535433072,74.40944881889764
E00042857,327,63,33,30,264,23,241,19.26605504587156,10.091743119266056,9.174311926605505,80.73394495412845,7.033639143730887,73.70030581039755
E00042858,283,50,22,28,233,24,209,17.6678445229682,7.773851590106007,9.89399293286219,82.3321554770318,8.480565371024735,73.85159010600707
E00042859,323,47,15,32,276,29,247,14.551083591331269,4.643962848297214,9.907120743034056,85.44891640866872,8.978328173374612,76.47058823529412
E00042860,258,51,19,32,207,17,190,19.767441860465116,7.3643410852713185,12.4031007751938,80.23255813953489,6.5891472868217065,73.64341085271317
E00042861,241,61,30,31,180,18,162,25.311203319502074,12.448132780082988,12.863070539419086,74.68879668049793,7.468879668049793,67.21991701244814
E00042862,245,61,27,34,184,14,170,24.897959183673468,11.020408163265307,13.877551020408163,75.10204081632654,5.714285714285714,69.38775510204081
E00042863,344,88,44,44,256,22,234,25.581395348837212,12.790697674418606,12.790697674418606,74.4186046511628,6.395348837209303,68.02325581395348
E00042864,296,38,20,18,258,20,238,12.837837837837837,6.756756756756757,6.081081081081082,87.16216216216216,6.756756756756757,80.4054054054054
E00042865,310,56,19,37,254,34,220,18.064516129032256,6.129032258064516,11.935483870967742,81.93548387096774,10.967741935483872,70.96774193548387
E00042866,436,71,32,39,365,29,336,16.28440366972477,7.339449541284404,8.944954128440367,83.71559633027523,6.651376146788992,77.06422018348624
E00042867,295,33,10,23,262,21,241,11.186440677966102,3.389830508474576,7.796610169491526,88.8135593220339,7.118644067796611,81.69491525423729
E00042868,249,35,18,17,214,11,203,14.056224899598394,7.228915662650602,6.827309236947792,85.94377510040161,4.417670682730924,81.52610441767068
E00042869,282,67,27,40,215,23,192,23.75886524822695,9.574468085106384,14.184397163120568,76.24113475177306,8.156028368794328,68.08510638297872
E00042870,281,41,14,27,240,25,215,14.590747330960854,4.98220640569395,9.608540925266903,85.40925266903915,8.896797153024911,76.51245551601423
E00042871,262,45,21,24,217,23,194,17.17557251908397,8.015267175572518,9.16030534351145,82.82442748091603,8.778625954198473,74.04580152671755
E00042872,238,29,6,23,209,25,184,12.184873949579831,2.5210084033613445,9.663865546218489,87.81512605042016,10.504201680672269,77.31092436974791
E00042873,358,69,12,57,289,17,272,19.273743016759777,3.35195530726257,15.921787709497206,80.72625698324022,4.748603351955307,75.97765363128491
E00042874,522,67,21,46,455,33,422,12.835249042145595,4.022988505747127,8.812260536398467,87.16475095785441,6.321839080459771,80.84291187739464
E00042875,459,62,27,35,397,17,380,13.507625272331156,5.88235294117647,7.625272331154684,86.49237472766885,3.7037037037037033,82.78867102396515
E00042876,393,84,36,48,309,31,278,21.374045801526716,9.16030534351145,12.213740458015266,78.62595419847328,7.888040712468193,70.73791348600508
E00042877,479,60,16,44,419,20,399,12.526096033402922,3.3402922755741122,9.18580375782881,87.47390396659708,4.175365344467641,83.29853862212944
E00042878,447,52,31,21,395,29,366,11.6331096196868,6.935123042505594,4.697986577181208,88.36689038031321,6.487695749440715,81.87919463087249
E00042879,481,58,23,35,423,11,412,12.058212058212058,4.781704781704782,7.276507276507277,87.94178794178794,2.2869022869022873,85.65488565488566
E00042880,405,57,25,32,348,27,321,14.074074074074074,6.172839506172839,7.901234567901234,85.92592592592592,6.666666666666667,79.25925925925927
E00042881,354,59,30,29,295,19,276,16.666666666666664,8.47457627118644,8.192090395480225,83.33333333333334,5.367231638418079,77.96610169491525
E00042882,566,84,40,44,482,29,453,14.840989399293287,7.06713780918728,7.773851590106007,85.15901060070671,5.123674911660777,80.03533568904594
E00042883,344,84,41,43,260,17,243,24.418604651162788,11.918604651162791,12.5,75.5813953488372,4.941860465116279,70.63953488372093
E00042884,321,76,26,50,245,12,233,23.67601246105919,8.09968847352025,15.57632398753894,76.32398753894081,3.7383177570093453,72.58566978193146
E00042885,251,49,35,14,202,13,189,19.52191235059761,13.94422310756972,5.577689243027888,80.47808764940238,5.179282868525896,75.2988047808765
E00042886,318,57,34,23,261,21,240,17.92452830188679,10.69182389937107,7.232704402515723,82.0754716981132,6.60377358490566,75.47169811320755
E00042887,310,58,23,35,252,16,236,18.70967741935484,7.419354838709677,11.29032258064516,81.29032258064515,5.161290322580645,76.12903225806451
E00042888,451,81,48,33,370,16,354,17.96008869179601,10.643015521064301,7.317073170731707,82.039911308204,3.5476718403547673,78.49223946784922
E00042889,387,74,32,42,313,24,289,19.12144702842377,8.2687338501292,10.852713178294573,80.87855297157623,6.2015503875969,74.67700258397933
E00042890,390,93,50,43,297,21,276,23.846153846153847,12.82051282051282,11.025641025641026,76.15384615384615,5.384615384615385,70.76923076923077
E00042891,274,39,9,30,235,32,203,14.233576642335766,3.2846715328467155,10.948905109489052,85.76642335766424,11.678832116788321,74.08759124087592
E00042892,367,74,37,37,293,19,274,20.16348773841962,10.08174386920981,10.08174386920981,79.83651226158038,5.177111716621254,74.65940054495913
E00042893,344,49,19,30,295,21,274,14.244186046511627,5.523255813953488,8.720930232558139,85.75581395348837,6.104651162790697,79.65116279069767
E00042894,436,76,28,48,360,17,343,17.431192660550458,6.422018348623854,11.009174311926607,82.56880733944955,3.89908256880734,78.6697247706422
E00042895,322,44,15,29,278,27,251,13.664596273291925,4.658385093167702,9.006211180124224,86.33540372670807,8.385093167701864,77.95031055900621
E00042896,351,42,7,35,309,22,287,11.965811965811966,1.9943019943019942,9.971509971509972,88.03418803418803,6.267806267806268,81.76638176638177
E00042897,439,104,22,82,335,25,310,23.690205011389523,5.0113895216400905,18.678815489749432,76.30979498861048,5.694760820045558,70.61503416856492
E00042898,428,41,19,22,387,17,370,9.579439252336448,4.439252336448598,5.14018691588785,90.42056074766354,3.9719626168224296,86.44859813084112
E00042899,551,92,33,59,459,16,443,16.696914700544465,5.9891107078039925,10.707803992740473,83.30308529945553,2.9038112522686026,80.39927404718694
E00042900,413,58,17,41,355,25,330,14.043583535108958,4.116222760290557,9.927360774818402,85.95641646489103,6.053268765133172,79.90314769975787
E00042901,292,39,10,29,253,16,237,13.356164383561644,3.4246575342465753,9.931506849315069,86.64383561643835,5.47945205479452,81.16438356164383
E00042902,381,41,21,20,340,21,319,10.761154855643044,5.511811023622047,5.2493438320209975,89.23884514435696,5.511811023622047,83.72703412073491
E00042903,339,52,16,36,287,4,283,15.339233038348082,4.71976401179941,10.619469026548673,84.66076696165192,1.1799410029498525,83.48082595870207
E00042904,342,73,41,32,269,25,244,21.34502923976608,11.988304093567251,9.35672514619883,78.65497076023392,7.309941520467836,71.34502923976608
E00042905,234,73,35,38,161,17,144,31.196581196581196,14.957264957264957,16.23931623931624,68.80341880341881,7.264957264957266,61.53846153846154
E00042906,267,77,41,36,190,21,169,28.83895131086142,15.355805243445692,13.48314606741573,71.16104868913857,7.865168539325842,63.29588014981273
E00042907,307,104,51,53,203,22,181,33.876221498371336,16.612377850162865,17.263843648208468,66.12377850162866,7.166123778501629,58.95765472312704
E00042908,308,67,33,34,241,21,220,21.753246753246753,10.714285714285714,11.03896103896104,78.24675324675324,6.8181818181818175,71.42857142857143
E00042909,250,87,51,36,163,16,147,34.8,20.4,14.399999999999999,65.2,6.4,58.8
E00042910,316,45,15,30,271,26,245,14.240506329113925,4.746835443037975,9.49367088607595,85.75949367088607,8.227848101265822,77.53164556962025
E00042911,432,80,48,32,352,38,314,18.51851851851852,11.11111111111111,7.4074074074074066,81.48148148148148,8.796296296296296,72.68518518518519
E00042912,613,59,24,35,554,50,504,9.624796084828711,3.915171288743882,5.709624796084829,90.37520391517128,8.156606851549755,82.21859706362153
E00042913,541,75,21,54,466,39,427,13.863216266173753,3.8817005545286505,9.981515711645102,86.13678373382625,7.208872458410351,78.9279112754159
E00042914,248,66,25,41,182,13,169,26.61290322580645,10.080645161290322,16.532258064516128,73.38709677419355,5.241935483870968,68.14516129032258
E00042915,294,73,41,32,221,18,203,24.829931972789115,13.945578231292515,10.884353741496598,75.17006802721087,6.122448979591836,69.04761904761905
E00042916,363,127,84,43,236,19,217,34.9862258953168,23.140495867768596,11.84573002754821,65.0137741046832,5.234159779614325,59.77961432506888
E00042917,263,66,39,27,197,17,180,25.09505703422053,14.82889733840304,10.26615969581749,74.90494296577947,6.4638783269961975,68.44106463878326
E00042918,321,78,39,39,243,23,220,24.299065420560748,12.149532710280374,12.149532710280374,75.70093457943925,7.165109034267912,68.53582554517133
E00042919,320,59,28,31,261,17,244,18.4375,8.75,9.6875,81.5625,5.3125,76.25
E00042920,332,97,59,38,235,16,219,29.21686746987952,17.771084337349397,11.44578313253012,70.78313253012048,4.819277108433735,65.96385542168674
E00042921,339,87,54,33,252,20,232,25.663716814159294,15.929203539823009,9.734513274336283,74.33628318584071,5.899705014749262,68.43657817109144
E00042922,275,76,37,39,199,16,183,27.636363636363637,13.454545454545455,14.181818181818182,72.36363636363636,5.818181818181818,66.54545454545455
E00042923,294,73,33,40,221,18,203,24.829931972789115,11.224489795918368,13.60544217687075,75.17006802721087,6.122448979591836,69.04761904761905
E00042924,253,66,43,23,187,5,182,26.08695652173913,16.99604743083004,9.090909090909092,73.91304347826086,1.9762845849802373,71.93675889328063
E00042925,286,92,51,41,194,17,177,32.16783216783217,17.832167832167833,14.335664335664337,67.83216783216784,5.944055944055944,61.88811188811189
E00042926,281,118,57,61,163,18,145,41.99288256227758,20.284697508896798,21.70818505338078,58.00711743772242,6.405693950177936,51.60142348754449
E00042927,259,70,36,34,189,20,169,27.027027027027028,13.8996138996139,13.127413127413126,72.97297297297297,7.722007722007722,65.25096525096525
E00042928,330,78,23,55,252,23,229,23.636363636363637,6.969696969696971,16.666666666666664,76.36363636363637,6.969696969696971,69.39393939393939
E00042929,226,53,30,23,173,21,152,23.451327433628318,13.274336283185843,10.176991150442479,76.54867256637168,9.29203539823009,67.2566371681416
E00042930,213,45,23,22,168,17,151,21.12676056338028,10.7981220657277,10.328638497652582,78.87323943661971,7.981220657276995,70.89201877934272
E00175550,260,33,11,22,227,24,203,12.692307692307692,4.230769230769231,8.461538461538462,87.3076923076923,9.230769230769232,78.07692307692308
E00175551,392,49,8,41,343,28,315,12.5,2.0408163265306123,10.459183673469388,87.5,7.142857142857142,80.35714285714286
E00175552,213,14,2,12,199,14,185,6.572769953051644,0.9389671361502347,5.633802816901409,93.42723004694837,6.572769953051644,86.85446009389672
E00175553,621,74,13,61,547,38,509,11.916264090177133,2.0933977455716586,9.822866344605476,88.08373590982286,6.119162640901772,81.96457326892109
E00175555,429,62,14,48,367,39,328,14.452214452214452,3.263403263403263,11.188811188811188,85.54778554778555,9.090909090909092,76.45687645687646
E00175556,707,151,42,109,556,55,501,21.35785007072136,5.9405940594059405,15.417256011315416,78.64214992927863,7.779349363507778,70.86280056577087
E00175557,133,16,7,9,117,11,106,12.030075187969924,5.263157894736842,6.7669172932330826,87.96992481203007,8.270676691729323,79.69924812030075
E00175558,204,30,8,22,174,15,159,14.705882352941178,3.9215686274509802,10.784313725490197,85.29411764705883,7.352941176470589,77.94117647058823
E00175560,175,30,14,16,145,14,131,17.142857142857142,8,9.142857142857142,82.85714285714286,8,74.85714285714286
E00175561,209,15,3,12,194,7,187,7.177033492822966,1.4354066985645932,5.741626794258373,92.82296650717703,3.349282296650718,89.47368421052632
E00175562,426,110,48,62,316,24,292,25.821596244131456,11.267605633802818,14.553990610328638,74.17840375586854,5.633802816901409,68.54460093896714
E00175563,191,18,2,16,173,19,154,9.424083769633508,1.0471204188481675,8.37696335078534,90.57591623036649,9.947643979057592,80.6282722513089
E00175564,634,81,8,73,553,33,520,12.77602523659306,1.2618296529968454,11.514195583596216,87.22397476340694,5.205047318611988,82.01892744479495
E00175565,146,31,5,26,115,12,103,21.232876712328768,3.4246575342465753,17.80821917808219,78.76712328767124,8.21917808219178,70.54794520547945
E00175566,242,53,21,32,189,26,163,21.90082644628099,8.677685950413224,13.223140495867769,78.099173553719,10.743801652892563,67.35537190082644
E00175567,353,29,11,18,324,31,293,8.21529745042493,3.1161473087818696,5.099150141643059,91.78470254957507,8.78186968838527,83.0028328611898
E00175568,374,27,11,16,347,27,320,7.219251336898395,2.941176470588235,4.27807486631016,92.7807486631016,7.219251336898395,85.56149732620321
E00175569,386,21,7,14,365,28,337,5.4404145077720205,1.8134715025906734,3.6269430051813467,94.55958549222798,7.253886010362693,87.30569948186529
E00175570,362,32,11,21,330,33,297,8.83977900552486,3.0386740331491713,5.801104972375691,91.16022099447514,9.116022099447514,82.04419889502762
E00175571,367,32,10,22,335,38,297,8.71934604904632,2.7247956403269753,5.994550408719346,91.28065395095368,10.354223433242508,80.92643051771117
E00175573,337,29,7,22,308,18,290,8.605341246290802,2.0771513353115725,6.528189910979229,91.3946587537092,5.341246290801187,86.05341246290801
E00175574,375,57,16,41,318,21,297,15.2,4.266666666666667,10.933333333333334,84.8,5.6000000000000005,79.2
E00175576,195,20,4,16,175,15,160,10.256410256410255,2.051282051282051,8.205128205128204,89.74358974358975,7.6923076923076925,82.05128205128204
E00175577,502,163,95,68,339,27,312,32.47011952191235,18.92430278884462,13.545816733067728,67.52988047808765,5.378486055776892,62.15139442231076
E00175580,225,27,4,23,198,14,184,12,1.7777777777777777,10.222222222222223,88,6.222222222222222,81.77777777777779
E00175581,253,80,44,36,173,17,156,31.620553359683797,17.391304347826086,14.229249011857709,68.37944664031622,6.719367588932807,61.6600790513834
E00175582,488,132,66,66,356,28,328,27.049180327868854,13.524590163934427,13.524590163934427,72.95081967213115,5.737704918032787,67.21311475409836
E00175583,621,122,45,77,499,29,470,19.645732689210952,7.246376811594203,12.399355877616747,80.35426731078906,4.669887278582931,75.68438003220612
E00175585,179,26,6,20,153,16,137,14.52513966480447,3.35195530726257,11.1731843575419,85.47486033519553,8.938547486033519,76.53631284916202
E00175586,310,71,35,36,239,8,231,22.903225806451612,11.29032258064516,11.612903225806452,77.09677419354838,2.5806451612903225,74.51612903225806
E00175587,131,29,8,21,102,5,97,22.137404580152673,6.106870229007633,16.030534351145036,77.86259541984732,3.816793893129771,74.04580152671755
E00175588,145,43,22,21,102,10,92,29.655172413793103,15.172413793103448,14.482758620689657,70.34482758620689,6.896551724137931,63.44827586206897
E00175589,444,72,27,45,372,33,339,16.216216216216218,6.081081081081082,10.135135135135135,83.78378378378379,7.4324324324324325,76.35135135135135
E00175590,236,21,8,13,215,15,200,8.898305084745763,3.389830508474576,5.508474576271186,91.10169491525424,6.3559322033898304,84.7457627118644
E00175592,374,122,67,55,252,18,234,32.62032085561498,17.914438502673796,14.705882352941178,67.37967914438502,4.81283422459893,62.56684491978609
E00175593,695,99,18,81,596,42,554,14.244604316546763,2.5899280575539567,11.654676258992806,85.75539568345324,6.043165467625899,79.71223021582733
E00175594,469,48,15,33,421,37,384,10.23454157782516,3.1982942430703627,7.036247334754798,89.76545842217483,7.889125799573561,81.87633262260128
E00175599,369,85,36,49,284,16,268,23.035230352303522,9.75609756097561,13.279132791327914,76.96476964769647,4.336043360433604,72.62872628726286
E00175601,166,18,8,10,148,15,133,10.843373493975903,4.819277108433735,6.024096385542169,89.1566265060241,9.036144578313253,80.12048192771084
E00175602,217,30,8,22,187,11,176,13.82488479262673,3.686635944700461,10.138248847926267,86.17511520737328,5.0691244239631335,81.10599078341014
E00175603,262,41,16,25,221,17,204,15.648854961832063,6.106870229007633,9.541984732824428,84.35114503816794,6.488549618320611,77.86259541984732
E00175604,235,47,24,23,188,19,169,20,10.212765957446807,9.787234042553191,80,8.085106382978724,71.91489361702128
E00189923,341,79,32,47,262,22,240,23.16715542521994,9.3841642228739,13.78299120234604,76.83284457478005,6.451612903225806,70.38123167155426
E00189924,1705,154,19,135,1551,122,1429,9.032258064516128,1.1143695014662758,7.9178885630498534,90.96774193548387,7.155425219941349,83.81231671554252
E00189925,821,121,31,90,700,55,645,14.738124238733253,3.7758830694275276,10.962241169305726,85.26187576126675,6.699147381242387,78.56272838002437
E00189926,202,64,40,24,138,16,122,31.683168316831683,19.801980198019802,11.881188118811881,68.31683168316832,7.920792079207921,60.396039603960396
E00189927,261,77,48,29,184,21,163,29.50191570881226,18.39080459770115,11.11111111111111,70.49808429118774,8.045977011494253,62.45210727969349
E00189928,246,71,42,29,175,9,166,28.86178861788618,17.073170731707318,11.788617886178862,71.13821138211382,3.6585365853658534,67.47967479674797
E00189929,368,98,46,52,270,18,252,26.6304347826087,12.5,14.130434782608695,73.36956521739131,4.891304347826087,68.47826086956522
E00189930,362,71,17,54,291,33,258,19.613259668508288,4.696132596685083,14.917127071823206,80.38674033149171,9.116022099447514,71.27071823204419
E00189932,421,66,31,35,355,21,334,15.676959619952493,7.363420427553444,8.31353919239905,84.32304038004752,4.98812351543943,79.33491686460808
E00189933,293,57,21,36,236,20,216,19.453924914675767,7.167235494880546,12.286689419795222,80.54607508532423,6.825938566552901,73.72013651877133
E00189934,925,123,23,100,802,62,740,13.297297297297298,2.4864864864864864,10.81081081081081,86.70270270270271,6.702702702702703,80
E00189936,608,38,19,19,570,32,538,6.25,3.125,3.125,93.75,5.263157894736842,88.48684210526315
E00189937,372,21,4,17,351,33,318,5.64516129032258,1.0752688172043012,4.56989247311828,94.35483870967742,8.870967741935484,85.48387096774194
E00189938,326,30,12,18,296,20,276,9.202453987730062,3.6809815950920246,5.521472392638037,90.79754601226993,6.134969325153374,84.66257668711657
E00189939,294,12,3,9,282,33,249,4.081632653061225,1.0204081632653061,3.061224489795918,95.91836734693877,11.224489795918368,84.6938775510204
E00189940,317,16,7,9,301,17,284,5.047318611987381,2.2082018927444795,2.8391167192429023,94.95268138801262,5.3627760252365935,89.58990536277602
E00189942,105,12,1,11,93,9,84,11.428571428571429,0.9523809523809524,10.476190476190476,88.57142857142857,8.571428571428571,80
E00189943,247,22,7,15,225,14,211,8.906882591093117,2.834008097165992,6.0728744939271255,91.09311740890689,5.668016194331984,85.4251012145749
E00189944,547,51,27,24,496,20,476,9.323583180987203,4.93601462522852,4.387568555758683,90.6764168190128,3.656307129798903,87.0201096892139
E00189945,235,22,4,18,213,16,197,9.361702127659575,1.702127659574468,7.659574468085106,90.63829787234042,6.808510638297872,83.82978723404256
E00189947,129,17,3,14,112,14,98,13.178294573643413,2.3255813953488373,10.852713178294573,86.82170542635659,10.852713178294573,75.96899224806202
E00189948,427,51,29,22,376,27,349,11.943793911007026,6.791569086651054,5.152224824355972,88.05620608899297,6.323185011709602,81.73302107728337
E00189951,193,50,23,27,143,13,130,25.906735751295333,11.917098445595855,13.989637305699482,74.09326424870466,6.7357512953367875,67.35751295336787
E00189952,396,43,13,30,353,24,329,10.85858585858586,3.2828282828282833,7.575757575757576,89.14141414141415,6.0606060606060606,83.08080808080808
E00189953,224,50,24,26,174,18,156,22.321428571428573,10.714285714285714,11.607142857142858,77.67857142857143,8.035714285714286,69.64285714285714
E00189954,330,47,20,27,283,17,266,14.242424242424242,6.0606060606060606,8.181818181818182,85.75757575757575,5.151515151515151,80.60606060606061
E00189955,348,11,0,11,337,22,315,3.1609195402298855,0,3.1609195402298855,96.83908045977012,6.321839080459771,90.51724137931035
E00189956,350,21,3,18,329,28,301,6,0.8571428571428572,5.142857142857142,94,8,86
E00189957,347,26,7,19,321,26,295,7.492795389048991,2.0172910662824206,5.475504322766571,92.507204610951,7.492795389048991,85.01440922190201
E00189958,325,22,5,17,303,15,288,6.769230769230769,1.5384615384615385,5.230769230769231,93.23076923076923,4.615384615384616,88.61538461538461
E00189959,393,38,13,25,355,23,332,9.669211195928753,3.307888040712468,6.361323155216285,90.33078880407125,5.852417302798982,84.47837150127226
E00189960,364,84,45,39,280,20,260,23.076923076923077,12.362637362637363,10.714285714285714,76.92307692307693,5.4945054945054945,71.42857142857143
E00189961,971,155,26,129,816,54,762,15.96292481977343,2.677651905252317,13.285272914521112,84.03707518022657,5.561277033985582,78.47579814624099
E00189962,200,14,2,12,186,14,172,7.000000000000001,1,6,93,7.000000000000001,86
E00189963,224,10,1,9,214,10,204,4.464285714285714,0.4464285714285714,4.017857142857143,95.53571428571429,4.464285714285714,91.07142857142857
E00189964,408,42,1,41,366,31,335,10.294117647058822,0.24509803921568626,10.049019607843137,89.70588235294117,7.598039215686274,82.1078431372549
E00189965,169,47,23,24,122,10,112,27.810650887573964,13.609467455621301,14.201183431952662,72.18934911242604,5.9171597633136095,66.27218934911244
E00189966,236,56,25,31,180,11,169,23.728813559322035,10.59322033898305,13.135593220338984,76.27118644067797,4.661016949152542,71.61016949152543
E00189967,300,22,5,17,278,21,257,7.333333333333333,1.6666666666666667,5.666666666666666,92.66666666666666,7.000000000000001,85.66666666666667
E00189969,946,105,25,80,841,51,790,11.099365750528541,2.6427061310782243,8.456659619450317,88.90063424947145,5.391120507399577,83.50951374207189
E00189970,203,46,17,29,157,17,140,22.660098522167488,8.374384236453201,14.285714285714285,77.33990147783251,8.374384236453201,68.96551724137932
E00189971,1181,143,21,122,1038,95,943,12.108382726502963,1.7781541066892466,10.330228619813717,87.89161727349703,8.044030482641828,79.8475867908552
E00189972,199,15,3,12,184,25,159,7.537688442211055,1.507537688442211,6.030150753768844,92.46231155778895,12.562814070351758,79.89949748743719
E00189974,209,25,6,19,184,15,169,11.961722488038278,2.8708133971291865,9.090909090909092,88.03827751196172,7.177033492822966,80.86124401913875
E00189975,267,37,24,13,230,12,218,13.857677902621724,8.98876404494382,4.868913857677903,86.14232209737828,4.49438202247191,81.64794007490637
E00189976,306,41,16,25,265,4,261,13.398692810457517,5.228758169934641,8.169934640522875,86.60130718954248,1.3071895424836601,85.29411764705883
E00189977,250,21,3,18,229,21,208,8.4,1.2,7.199999999999999,91.60000000000001,8.4,83.2
E00189978,260,18,4,14,242,21,221,6.923076923076923,1.5384615384615385,5.384615384615385,93.07692307692308,8.076923076923077,85
E00189980,105,41,22,19,64,6,58,39.04761904761905,20.952380952380953,18.095238095238095,60.952380952380956,5.714285714285714,55.23809523809524
E00189981,306,104,71,33,202,17,185,33.98692810457516,23.202614379084967,10.784313725490197,66.01307189542483,5.555555555555555,60.45751633986928
E00189983,302,26,4,22,276,13,263,8.609271523178808,1.3245033112582782,7.28476821192053,91.3907284768212,4.304635761589404,87.08609271523179
E00189984,448,71,30,41,377,16,361,15.848214285714285,6.696428571428571,9.151785714285714,84.15178571428571,3.571428571428571,80.58035714285714
E00189985,212,23,13,10,189,14,175,10.849056603773585,6.132075471698113,4.716981132075472,89.15094339622641,6.60377358490566,82.54716981132076
E00189986,347,64,25,39,283,26,257,18.443804034582133,7.204610951008646,11.239193083573488,81.55619596541787,7.492795389048991,74.06340057636888
E00189987,354,19,3,16,335,22,313,5.367231638418079,0.847457627118644,4.519774011299435,94.63276836158192,6.214689265536723,88.4180790960452
E00189988,210,31,12,19,179,13,166,14.761904761904763,5.714285714285714,9.047619047619047,85.23809523809524,6.190476190476191,79.04761904761905
E00189989,308,29,3,26,279,32,247,9.415584415584416,0.974025974025974,8.441558441558442,90.5844155844156,10.38961038961039,80.1948051948052
E00189990,334,26,5,21,308,22,286,7.784431137724551,1.4970059880239521,6.287425149700598,92.21556886227546,6.58682634730539,85.62874251497006
E00189991,370,34,10,24,336,24,312,9.18918918918919,2.7027027027027026,6.486486486486487,90.81081081081082,6.486486486486487,84.32432432432432
E00189992,354,41,7,34,313,32,281,11.581920903954803,1.977401129943503,9.6045197740113,88.4180790960452,9.03954802259887,79.37853107344633
E00189993,258,25,4,21,233,22,211,9.689922480620156,1.550387596899225,8.13953488372093,90.31007751937985,8.527131782945736,81.78294573643412
E00189994,281,78,47,31,203,30,173,27.75800711743772,16.72597864768683,11.032028469750891,72.24199288256227,10.676156583629894,61.56583629893239
E00189996,747,109,23,86,638,60,578,14.591700133868809,3.0789825970548863,11.512717536813923,85.40829986613119,8.032128514056225,77.37617135207496
E00189998,308,49,25,24,259,17,242,15.909090909090908,8.116883116883116,7.792207792207792,84.0909090909091,5.51948051948052,78.57142857142857
E00189999,303,24,7,17,279,22,257,7.920792079207921,2.31023102310231,5.6105610561056105,92.07920792079209,7.2607260726072615,84.81848184818482
E00190000,302,24,6,18,278,22,256,7.9470198675496695,1.9867549668874174,5.960264900662252,92.05298013245033,7.28476821192053,84.76821192052981
E00190002,273,48,20,28,225,17,208,17.582417582417584,7.326007326007327,10.256410256410255,82.41758241758241,6.227106227106227,76.19047619047619
E00190003,348,18,4,14,330,25,305,5.172413793103448,1.1494252873563218,4.022988505747127,94.82758620689656,7.183908045977011,87.643678160919535
E00190004,962,87,12,75,875,62,813,9.043659043659044,1.2474012474012475,7.796257796257796,90.95634095634095,6.4449064449064455,84.51143451143452
E00190005,417,54,23,31,363,4,359,12.949640287769784,5.515587529976019,7.434052757793765,87.05035971223022,0.9592326139088728,86.09112709832134
E00190006,329,39,17,22,290,16,274,11.854103343465045,5.167173252279635,6.68693009118541,88.14589665653494,4.86322188449848,83.28267477203647
E00190008,327,24,10,14,303,30,273,7.339449541284404,3.058103975535168,4.281345565749235,92.66055045871559,9.174311926605505,83.4862385321101
E00190010,210,36,22,14,174,2,172,17.142857142857142,10.476190476190476,6.666666666666667,82.85714285714286,0.9523809523809524,81.9047619047619
E00190011,545,36,8,28,509,29,480,6.605504587155964,1.4678899082568808,5.137614678899083,93.39449541284404,5.321100917431193,88.07339449541286
