OA,ts0590001,ts0590002,ts0590003,ts0590004,ts0590005,ts0590006,ts0590007,ts0590002_PCT,ts0590003_PCT,ts0590004_PCT,ts0590005_PCT,ts0590006_PCT,ts0590007_PCT
E00042042,96,45,19,26,51,44,7,46.875,19.791666666666664,27.083333333333332,53.125,45.83333333333333,7.291666666666667
E00042043,165,46,13,33,119,103,16,27.878787878787882,7.878787878787878,20,72.12121212121212,62.42424242424243,9.696969696969697
E00042044,136,49,16,33,87,83,4,36.029411764705884,11.76470588235294,24.264705882352942,63.970588235294116,61.029411764705884,2.941176470588235
E00042045,89,31,9,22,58,50,8,34.831460674157306,10.112359550561797,24.719101123595504,65.1685393258427,56.17977528089888,8.98876404494382
E00042046,138,59,18,41,79,72,7,42.7536231884058,13.043478260869565,29.71014492753623,57.2463768115942,52.17391304347826,5.072463768115942
E00042047,109,57,20,37,52,46,6,52.293577981651374,18.34862385321101,33.94495412844037,47.706422018348626,42.201834862385326,5.5045871559633035
E00042048,158,48,13,35,110,102,8,30.37974683544304,8.227848101265822,22.151898734177212,69.62025316455697,64.55696202531645,5.063291139240507
E00042049,159,51,12,39,108,90,18,32.075471698113205,7.547169811320755,24.528301886792452,67.9245283018868,56.60377358490566,11.320754716981133
E00042050,139,48,13,35,91,79,12,34.53237410071942,9.352517985611511,25.179856115107913,65.46762589928058,56.83453237410072,8.633093525179856
E00042051,151,41,11,30,110,105,5,27.1523178807947,7.28476821192053,19.867549668874172,72.84768211920529,69.5364238410596,3.3112582781456954
E00042052,152,49,18,31,103,92,11,32.23684210526316,11.842105263157894,20.394736842105264,67.76315789473685,60.526315789473685,7.236842105263158
E00042053,134,72,16,56,62,61,1,53.73134328358209,11.940298507462686,41.7910447761194,46.26865671641791,45.52238805970149,0.7462686567164178
E00042054,118,36,7,29,82,76,6,30.508474576271187,5.932203389830509,24.576271186440678,69.49152542372882,64.40677966101694,5.084745762711865
E00042055,144,42,14,28,102,85,17,29.166666666666668,9.722222222222223,19.444444444444446,70.83333333333334,59.02777777777778,11.805555555555555
E00042056,47,23,4,19,24,23,1,48.93617021276596,8.51063829787234,40.42553191489361,51.06382978723404,48.93617021276596,2.127659574468085
E00042057,118,59,15,44,59,53,6,50,12.711864406779661,37.28813559322034,50,44.91525423728814,5.084745762711865
E00042058,40,18,4,14,22,19,3,45,10,35,55.00000000000001,47.5,7.5
E00042059,110,40,16,24,70,64,6,36.36363636363637,14.545454545454545,21.818181818181817,63.63636363636363,58.18181818181818,5.454545454545454
E00042061,78,38,5,33,40,39,1,48.717948717948715,6.41025641025641,42.30769230769231,51.28205128205128,50,1.282051282051282
E00042062,135,72,26,46,63,53,10,53.333333333333336,19.25925925925926,34.074074074074076,46.666666666666664,39.25925925925926,7.4074074074074066
E00042064,82,31,13,18,51,44,7,37.80487804878049,15.853658536585366,21.951219512195124,62.19512195121951,53.65853658536586,8.536585365853659
E00042065,139,52,16,36,87,72,15,37.410071942446045,11.510791366906476,25.899280575539567,62.589928057553955,51.798561151079134,10.79136690647482
E00042066,40,15,2,13,25,19,6,37.5,5,32.5,62.5,47.5,15
E00042067,142,50,11,39,92,82,10,35.2112676056338,7.746478873239436,27.464788732394368,64.7887323943662,57.74647887323944,7.042253521126761
E00042068,122,33,8,25,89,83,6,27.049180327868854,6.557377049180328,20.491803278688526,72.95081967213115,68.0327868852459,4.918032786885246
E00042069,145,46,12,34,99,88,11,31.724137931034484,8.275862068965518,23.448275862068964,68.27586206896552,60.689655172413794,7.586206896551724
E00042070,126,36,8,28,90,77,13,28.57142857142857,6.349206349206349,22.22222222222222,71.42857142857143,61.111111111111114,10.317460317460316
E00042071,126,44,18,26,82,67,15,34.92063492063492,14.285714285714285,20.634920634920633,65.07936507936508,53.17460317460318,11.904761904761903
E00042072,136,56,14,42,80,69,11,41.17647058823529,10.294117647058822,30.88235294117647,58.82352941176471,50.73529411764706,8.088235294117647
E00042073,130,49,15,34,81,74,7,37.69230769230769,11.538461538461538,26.153846153846157,62.30769230769231,56.92307692307692,5.384615384615385
E00042074,129,42,11,31,87,78,9,32.55813953488372,8.527131782945736,24.031007751937985,67.44186046511628,60.46511627906976,6.976744186046512
E00042075,160,81,18,63,79,70,9,50.625,11.25,39.375,49.375,43.75,5.625
E00042076,128,47,11,36,81,74,7,36.71875,8.59375,28.125,63.28125,57.8125,5.46875
E00042077,124,35,10,25,89,79,10,28.225806451612907,8.064516129032258,20.161290322580644,71.7741935483871,63.70967741935484,8.064516129032258
E00042078,131,35,6,29,96,87,9,26.717557251908396,4.580152671755725,22.137404580152673,73.2824427480916,66.41221374045801,6.870229007633588
E00042079,81,18,5,13,63,51,12,22.22222222222222,6.172839506172839,16.049382716049383,77.77777777777779,62.96296296296296,14.814814814814813
E00042080,88,28,6,22,60,54,6,31.818181818181817,6.8181818181818175,25,68.18181818181817,61.36363636363637,6.8181818181818175
E00042082,103,29,9,20,74,69,5,28.155339805825243,8.737864077669903,19.41747572815534,71.84466019417476,66.99029126213593,4.854368932038835
E00042083,140,43,15,28,97,90,7,30.714285714285715,10.714285714285714,20,69.28571428571428,64.28571428571429,5
E00042084,110,31,11,20,79,73,6,28.18181818181818,10,18.181818181818183,71.81818181818181,66.36363636363637,5.454545454545454
E00042085,83,36,6,30,47,38,9,43.373493975903614,7.228915662650602,36.144578313253014,56.62650602409639,45.78313253012048,10.843373493975903
E00042086,144,57,14,43,87,79,8,39.58333333333333,9.722222222222223,29.86111111111111,60.416666666666664,54.861111111111114,5.555555555555555
E00042087,130,54,14,40,76,65,11,41.53846153846154,10.76923076923077,30.76923076923077,58.46153846153847,50,8.461538461538462
E00042088,151,48,10,38,103,88,15,31.788079470198678,6.622516556291391,25.165562913907287,68.21192052980133,58.27814569536424,9.933774834437086
E00042089,59,21,8,13,38,33,5,35.59322033898305,13.559322033898304,22.033898305084744,64.40677966101694,55.932203389830505,8.47457627118644
E00042090,127,52,20,32,75,66,9,40.94488188976378,15.748031496062993,25.196850393700785,59.055118110236215,51.96850393700787,7.086614173228346
E00042091,149,56,21,35,93,77,16,37.58389261744966,14.093959731543624,23.48993288590604,62.41610738255034,51.67785234899329,10.738255033557047
E00042092,136,38,5,33,98,81,17,27.941176470588236,3.6764705882352944,24.264705882352942,72.05882352941177,59.55882352941176,12.5
E00042093,84,30,4,26,54,46,8,35.714285714285715,4.761904761904762,30.952380952380953,64.28571428571429,54.761904761904766,9.523809523809524
E00042094,99,34,9,25,65,56,9,34.34343434343434,9.090909090909092,25.252525252525253,65.65656565656566,56.56565656565656,9.090909090909092
E00042095,91,38,10,28,53,44,9,41.75824175824176,10.989010989010989,30.76923076923077,58.24175824175825,48.35164835164835,9.89010989010989
E00042096,77,31,16,15,46,46,0,40.25974025974026,20.77922077922078,19.480519480519483,59.74025974025974,59.74025974025974,0
E00042097,188,72,29,43,116,108,8,38.297872340425535,15.425531914893616,22.872340425531913,61.702127659574465,57.446808510638306,4.25531914893617
E00042099,103,36,7,29,67,61,6,34.95145631067961,6.796116504854369,28.155339805825243,65.0485436893204,59.22330097087378,5.825242718446602
E00042100,122,39,8,31,83,77,6,31.967213114754102,6.557377049180328,25.40983606557377,68.0327868852459,63.114754098360656,4.918032786885246
E00042102,190,66,26,40,124,108,16,34.73684210526316,13.684210526315791,21.052631578947366,65.26315789473685,56.84210526315789,8.421052631578947
E00042103,144,50,16,34,94,87,7,34.72222222222222,11.11111111111111,23.61111111111111,65.27777777777779,60.416666666666664,4.861111111111112
E00042106,111,40,15,25,71,64,7,36.03603603603604,13.513513513513514,22.52252252252252,63.96396396396396,57.65765765765766,6.306306306306306
E00042107,85,47,21,26,38,35,3,55.294117647058826,24.705882352941178,30.58823529411765,44.70588235294118,41.17647058823529,3.5294117647058822
E00042108,92,39,10,29,53,48,5,42.391304347826086,10.869565217391305,31.521739130434785,57.608695652173914,52.17391304347826,5.434782608695652
E00042109,104,37,11,26,67,67,0,35.57692307692308,10.576923076923077,25,64.42307692307693,64.42307692307693,0
E00042110,117,43,15,28,74,68,6,36.75213675213676,12.82051282051282,23.931623931623932,63.24786324786324,58.119658119658126,5.128205128205128
E00042111,78,24,6,18,54,50,4,30.76923076923077,7.6923076923076925,23.076923076923077,69.23076923076923,64.1025641025641,5.128205128205128
E00042112,79,24,6,18,55,48,7,30.37974683544304,7.59493670886076,22.78481012658228,69.62025316455697,60.75949367088608,8.860759493670885
E00042113,94,43,15,28,51,47,4,45.744680851063826,15.957446808510639,29.78723404255319,54.25531914893617,50,4.25531914893617
E00042114,253,50,12,38,203,180,23,19.76284584980237,4.743083003952568,15.019762845849801,80.23715415019763,71.14624505928853,9.090909090909092
E00042115,121,59,16,43,62,54,8,48.760330578512395,13.223140495867769,35.53719008264463,51.2396694214876,44.62809917355372,6.6115702479338845
E00042116,111,39,16,23,72,66,6,35.13513513513514,14.414414414414415,20.72072072072072,64.86486486486487,59.45945945945946,5.405405405405405
E00042117,152,28,7,21,124,98,26,18.421052631578945,4.605263157894736,13.815789473684212,81.57894736842105,64.47368421052632,17.105263157894736
E00042118,115,55,21,34,60,60,0,47.82608695652174,18.26086956521739,29.565217391304348,52.17391304347826,52.17391304347826,0
E00042120,115,39,15,24,76,67,9,33.91304347826087,13.043478260869565,20.869565217391305,66.08695652173913,58.26086956521739,7.82608695652174
E00042121,138,43,11,32,95,89,6,31.15942028985507,7.971014492753622,23.18840579710145,68.84057971014492,64.4927536231884,4.3478260869565215
E00042122,107,38,12,26,69,66,3,35.51401869158878,11.214953271028037,24.299065420560748,64.48598130841121,61.6822429906542,2.803738317757009
E00042123,127,24,13,11,103,80,23,18.89763779527559,10.236220472440944,8.661417322834646,81.10236220472441,62.99212598425197,18.11023622047244
E00042124,149,17,8,9,132,114,18,11.409395973154362,5.369127516778524,6.0402684563758395,88.59060402684564,76.51006711409396,12.080536912751679
E00042125,78,31,7,24,47,43,4,39.743589743589745,8.974358974358974,30.76923076923077,60.256410256410255,55.12820512820513,5.128205128205128
E00042126,78,42,16,26,36,27,9,53.84615384615385,20.51282051282051,33.33333333333333,46.15384615384615,34.61538461538461,11.538461538461538
E00042127,111,39,22,17,72,66,6,35.13513513513514,19.81981981981982,15.315315315315313,64.86486486486487,59.45945945945946,5.405405405405405
E00042128,46,22,8,14,24,23,1,47.82608695652174,17.391304347826086,30.434782608695656,52.17391304347826,50,2.1739130434782608
E00042129,161,65,23,42,96,90,6,40.37267080745342,14.285714285714285,26.08695652173913,59.62732919254658,55.90062111801242,3.7267080745341614
E00042130,98,36,8,28,62,56,6,36.734693877551024,8.16326530612245,28.57142857142857,63.26530612244898,57.14285714285714,6.122448979591836
E00042131,67,30,14,16,37,36,1,44.776119402985074,20.8955223880597,23.88059701492537,55.223880597014926,53.73134328358209,1.4925373134328357
E00042132,184,71,13,58,113,102,11,38.58695652173913,7.065217391304348,31.521739130434785,61.41304347826087,55.434782608695656,5.978260869565218
E00042133,81,44,21,23,37,37,0,54.32098765432099,25.925925925925924,28.39506172839506,45.67901234567901,45.67901234567901,0
E00042134,144,80,45,35,64,63,1,55.55555555555556,31.25,24.305555555555554,44.44444444444444,43.75,0.6944444444444444
E00042135,75,33,14,19,42,39,3,44,18.666666666666668,25.333333333333336,56.00000000000001,52,4
E00042136,107,48,14,34,59,53,6,44.85981308411215,13.084112149532709,31.775700934579437,55.140186915887845,49.532710280373834,5.607476635514018
E00042137,77,30,7,23,47,47,0,38.961038961038966,9.090909090909092,29.87012987012987,61.038961038961034,61.038961038961034,0
E00042138,89,34,8,26,55,49,6,38.20224719101123,8.98876404494382,29.213483146067414,61.79775280898876,55.0561797752809,6.741573033707865
E00042139,97,33,9,24,64,56,8,34.02061855670103,9.278350515463918,24.742268041237114,65.97938144329896,57.73195876288659,8.24742268041237
E00042140,138,42,14,28,96,86,10,30.434782608695656,10.144927536231885,20.28985507246377,69.56521739130434,62.31884057971014,7.246376811594203
E00042141,143,45,12,33,98,89,9,31.46853146853147,8.391608391608392,23.076923076923077,68.53146853146853,62.23776223776224,6.293706293706294
E00042142,153,39,11,28,114,101,13,25.49019607843137,7.18954248366013,18.30065359477124,74.50980392156863,66.01307189542483,8.49673202614379
E00042143,143,42,12,30,101,92,9,29.37062937062937,8.391608391608392,20.97902097902098,70.62937062937063,64.33566433566433,6.293706293706294
E00042144,130,39,13,26,91,78,13,30,10,20,70,60,10
E00042145,134,39,10,29,95,82,13,29.1044776119403,7.462686567164178,21.641791044776117,70.8955223880597,61.19402985074627,9.701492537313433
E00042146,154,46,12,34,108,97,11,29.87012987012987,7.792207792207792,22.07792207792208,70.12987012987013,62.98701298701299,7.142857142857142
E00042148,125,49,14,35,76,68,8,39.2,11.200000000000001,28.000000000000004,60.8,54.400000000000006,6.4
E00042149,139,43,10,33,96,88,8,30.935251798561154,7.1942446043165464,23.741007194244602,69.06474820143885,63.30935251798561,5.755395683453238
E00042150,139,37,8,29,102,93,9,26.618705035971225,5.755395683453238,20.863309352517987,73.38129496402878,66.90647482014388,6.474820143884892
E00042151,133,52,13,39,81,68,13,39.097744360902254,9.774436090225564,29.32330827067669,60.902255639097746,51.127819548872175,9.774436090225564
E00042152,158,54,16,38,104,92,12,34.177215189873415,10.126582278481013,24.050632911392405,65.82278481012658,58.22784810126582,7.59493670886076
E00042153,89,33,7,26,56,52,4,37.07865168539326,7.865168539325842,29.213483146067414,62.92134831460674,58.42696629213483,4.49438202247191
E00042154,146,42,15,27,104,86,18,28.767123287671232,10.273972602739725,18.493150684931507,71.23287671232876,58.9041095890411,12.32876712328767
E00042155,338,63,19,44,275,241,34,18.639053254437872,5.621301775147929,13.017751479289942,81.36094674556213,71.30177514792899,10.059171597633137
E00042156,88,30,10,20,58,52,6,34.090909090909086,11.363636363636363,22.727272727272727,65.9090909090909,59.09090909090909,6.8181818181818175
E00042157,133,45,15,30,88,76,12,33.83458646616541,11.278195488721805,22.55639097744361,66.16541353383458,57.14285714285714,9.022556390977442
E00042158,197,50,16,34,147,129,18,25.380710659898476,8.121827411167512,17.258883248730964,74.61928934010153,65.48223350253807,9.137055837563452
E00042159,118,41,11,30,77,73,4,34.74576271186441,9.322033898305085,25.423728813559322,65.2542372881356,61.86440677966102,3.389830508474576
E00042160,101,35,12,23,66,61,5,34.65346534653465,11.881188118811881,22.772277227722775,65.34653465346535,60.396039603960396,4.9504950495049505
E00042161,116,41,14,27,75,69,6,35.3448275862069,12.068965517241379,23.275862068965516,64.65517241379311,59.48275862068966,5.172413793103448
E00042164,117,31,10,21,86,73,13,26.495726495726498,8.547008547008547,17.94871794871795,73.50427350427351,62.39316239316239,11.11111111111111
E00042165,170,51,11,40,119,112,7,30,6.470588235294119,23.52941176470588,70,65.88235294117646,4.117647058823529
E00042166,77,24,4,20,53,46,7,31.16883116883117,5.194805194805195,25.97402597402597,68.83116883116884,59.74025974025974,9.090909090909092
E00042168,101,34,12,22,67,57,10,33.663366336633665,11.881188118811881,21.782178217821784,66.33663366336634,56.43564356435643,9.900990099009901
E00042169,127,37,12,25,90,74,16,29.133858267716533,9.448818897637794,19.68503937007874,70.86614173228347,58.26771653543307,12.598425196850393
E00042170,154,49,16,33,105,92,13,31.818181818181817,10.38961038961039,21.428571428571427,68.18181818181817,59.74025974025974,8.441558441558442
E00042171,132,29,8,21,103,84,19,21.96969696969697,6.0606060606060606,15.909090909090908,78.03030303030303,63.63636363636363,14.393939393939394
E00042172,100,35,11,24,65,51,14,35,11,24,65,51,14.000000000000002
E00042173,155,54,23,31,101,86,15,34.83870967741935,14.838709677419354,20,65.16129032258064,55.483870967741936,9.67741935483871
E00042174,113,32,9,23,81,66,15,28.31858407079646,7.964601769911504,20.353982300884958,71.68141592920354,58.4070796460177,13.274336283185843
E00042175,140,47,12,35,93,79,14,33.57142857142857,8.571428571428571,25,66.42857142857143,56.42857142857143,10
E00042176,150,45,16,29,105,80,25,30,10.666666666666668,19.333333333333332,70,53.333333333333336,16.666666666666664
E00042177,99,31,8,23,68,57,11,31.313131313131315,8.080808080808081,23.232323232323232,68.68686868686868,57.57575757575758,11.11111111111111
E00042178,161,48,16,32,113,89,24,29.81366459627329,9.937888198757763,19.875776397515526,70.1863354037267,55.27950310559007,14.906832298136646
E00042179,181,30,9,21,151,137,14,16.574585635359114,4.972375690607735,11.602209944751381,83.42541436464089,75.69060773480662,7.734806629834254
E00042180,267,71,26,45,196,156,40,26.591760299625467,9.737827715355806,16.853932584269664,73.40823970037454,58.42696629213483,14.981273408239701
E00042182,182,42,9,33,140,117,23,23.076923076923077,4.945054945054945,18.13186813186813,76.92307692307693,64.28571428571429,12.637362637362637
E00042183,162,50,12,38,112,106,6,30.864197530864196,7.4074074074074066,23.456790123456788,69.1358024691358,65.4320987654321,3.7037037037037033
E00042184,216,62,18,44,154,140,14,28.703703703703702,8.333333333333332,20.37037037037037,71.29629629629629,64.81481481481481,6.481481481481481
E00042185,167,46,20,26,121,95,26,27.54491017964072,11.976047904191617,15.568862275449103,72.45508982035929,56.886227544910184,15.568862275449103
E00042186,131,25,8,17,106,95,11,19.083969465648856,6.106870229007633,12.977099236641221,80.91603053435115,72.51908396946564,8.396946564885496
E00042187,265,75,17,58,190,159,31,28.30188679245283,6.415094339622642,21.88679245283019,71.69811320754717,60,11.69811320754717
E00042188,153,48,21,27,105,90,15,31.372549019607842,13.725490196078432,17.647058823529413,68.62745098039215,58.82352941176471,9.803921568627452
E00042189,139,25,10,15,114,96,18,17.985611510791365,7.1942446043165464,10.79136690647482,82.01438848920863,69.06474820143885,12.949640287769784
E00042190,159,47,19,28,112,96,16,29.559748427672954,11.949685534591195,17.61006289308176,70.44025157232704,60.37735849056604,10.062893081761008
E00042191,139,38,10,28,101,88,13,27.33812949640288,7.1942446043165464,20.14388489208633,72.66187050359713,63.30935251798561,9.352517985611511
E00042192,98,35,10,25,63,57,6,35.714285714285715,10.204081632653061,25.510204081632654,64.28571428571429,58.16326530612245,6.122448979591836
E00042193,133,43,16,27,90,80,10,32.33082706766917,12.030075187969924,20.30075187969925,67.66917293233082,60.150375939849624,7.518796992481203
E00042194,118,42,14,28,76,67,9,35.59322033898305,11.864406779661017,23.728813559322035,64.40677966101694,56.779661016949156,7.627118644067797
E00042195,178,57,16,41,121,107,14,32.02247191011236,8.98876404494382,23.03370786516854,67.97752808988764,60.1123595505618,7.865168539325842
E00042196,156,39,9,30,117,89,28,25,5.769230769230769,19.230769230769234,75,57.05128205128205,17.94871794871795
E00042197,129,28,4,24,101,88,13,21.705426356589147,3.10077519379845,18.6046511627907,78.29457364341084,68.21705426356588,10.077519379844961
E00042198,140,41,10,31,99,92,7,29.28571428571429,7.142857142857142,22.142857142857142,70.71428571428572,65.71428571428571,5
E00042199,200,53,14,39,147,127,20,26.5,7.000000000000001,19.5,73.5,63.5,10
E00042200,144,42,14,28,102,94,8,29.166666666666668,9.722222222222223,19.444444444444446,70.83333333333334,65.27777777777779,5.555555555555555
E00042201,122,30,8,22,92,69,23,24.59016393442623,6.557377049180328,18.0327868852459,75.40983606557377,56.557377049180324,18.852459016393443
E00042202,131,27,15,12,104,84,20,20.610687022900763,11.450381679389313,9.16030534351145,79.38931297709924,64.12213740458014,15.267175572519085
E00042203,114,32,6,26,82,69,13,28.07017543859649,5.263157894736842,22.807017543859647,71.9298245614035,60.526315789473685,11.403508771929824
E00042205,152,45,15,30,107,96,11,29.605263157894733,9.868421052631579,19.736842105263158,70.39473684210526,63.1578947368421,7.236842105263158
E00042206,139,39,7,32,100,92,8,28.05755395683453,5.0359712230215825,23.021582733812952,71.94244604316546,66.18705035971223,5.755395683453238
E00042207,162,34,10,24,128,109,19,20.98765432098765,6.172839506172839,14.814814814814813,79.01234567901234,67.28395061728395,11.728395061728394
E00042208,63,31,14,17,32,25,7,49.2063492063492,22.22222222222222,26.984126984126984,50.79365079365079,39.682539682539684,11.11111111111111
E00042209,71,18,4,14,53,47,6,25.352112676056336,5.633802816901409,19.718309859154928,74.64788732394366,66.19718309859155,8.450704225352112
E00042210,165,50,16,34,115,100,15,30.303030303030305,9.696969696969697,20.606060606060606,69.6969696969697,60.60606060606061,9.090909090909092
E00042211,102,24,15,9,78,63,15,23.52941176470588,14.705882352941178,8.823529411764707,76.47058823529412,61.76470588235294,14.705882352941178
E00042212,133,39,8,31,94,83,11,29.32330827067669,6.015037593984962,23.308270676691727,70.67669172932331,62.40601503759399,8.270676691729323
E00042213,250,79,20,59,171,127,44,31.6,8,23.599999999999998,68.4,50.8,17.599999999999998
E00042214,139,43,14,29,96,85,11,30.935251798561154,10.071942446043165,20.863309352517987,69.06474820143885,61.15107913669065,7.913669064748201
E00042215,146,39,14,25,107,99,8,26.71232876712329,9.58904109589041,17.123287671232877,73.28767123287672,67.8082191780822,5.47945205479452
E00042216,149,40,10,30,109,94,15,26.845637583892618,6.7114093959731544,20.13422818791946,73.15436241610739,63.08724832214765,10.06711409395973
E00042217,166,40,14,26,126,108,18,24.096385542168676,8.433734939759036,15.66265060240964,75.90361445783132,65.06024096385542,10.843373493975903
E00042218,129,49,16,33,80,68,12,37.98449612403101,12.4031007751938,25.581395348837212,62.01550387596899,52.71317829457365,9.30232558139535
E00042219,176,54,19,35,122,108,14,30.681818181818183,10.795454545454545,19.886363636363637,69.31818181818183,61.36363636363637,7.954545454545454
E00042220,169,58,15,43,111,94,17,34.319526627218934,8.875739644970414,25.443786982248522,65.68047337278107,55.62130177514793,10.059171597633137
E00042221,119,17,7,10,102,91,11,14.285714285714285,5.88235294117647,8.403361344537815,85.71428571428571,76.47058823529412,9.243697478991598
E00042222,145,39,10,29,106,90,16,26.89655172413793,6.896551724137931,20,73.10344827586206,62.06896551724138,11.03448275862069
E00042223,151,44,7,37,107,93,14,29.13907284768212,4.635761589403973,24.503311258278146,70.86092715231787,61.58940397350994,9.271523178807946
E00042224,167,55,13,42,112,100,12,32.93413173652694,7.784431137724551,25.149700598802394,67.06586826347305,59.88023952095808,7.18562874251497
E00042225,134,44,7,37,90,80,10,32.83582089552239,5.223880597014925,27.611940298507463,67.16417910447761,59.70149253731343,7.462686567164178
E00042226,14,3,1,2,11,10,1,21.428571428571427,7.142857142857142,14.285714285714285,78.57142857142857,71.42857142857143,7.142857142857142
E00042227,132,49,12,37,83,74,9,37.121212121212125,9.090909090909092,28.030303030303028,62.878787878787875,56.060606060606055,6.8181818181818175
E00042228,147,50,10,40,97,94,3,34.01360544217687,6.802721088435375,27.2108843537415,65.98639455782312,63.94557823129252,2.0408163265306123
E00042229,134,34,6,28,100,84,16,25.37313432835821,4.477611940298507,20.8955223880597,74.6268656716418,62.68656716417911,11.940298507462686
E00042230,109,47,12,35,62,59,3,43.11926605504588,11.009174311926607,32.11009174311927,56.88073394495413,54.12844036697248,2.7522935779816518
E00042232,151,52,12,40,99,87,12,34.437086092715234,7.9470198675496695,26.490066225165563,65.56291390728477,57.615894039735096,7.9470198675496695
E00042233,143,48,10,38,95,84,11,33.56643356643357,6.993006993006993,26.573426573426573,66.43356643356644,58.74125874125874,7.6923076923076925
E00042234,153,43,10,33,110,99,11,28.104575163398692,6.535947712418301,21.568627450980394,71.89542483660131,64.70588235294117,7.18954248366013
E00042235,137,46,11,35,91,82,9,33.57664233576642,8.02919708029197,25.547445255474454,66.42335766423358,59.854014598540154,6.569343065693431
E00042236,100,22,4,18,78,69,9,22,4,18,78,69,9
E00042237,90,30,6,24,60,54,6,33.33333333333333,6.666666666666667,26.666666666666668,66.66666666666666,60,6.666666666666667
E00042238,135,55,18,37,80,74,6,40.74074074074074,13.333333333333334,27.40740740740741,59.25925925925925,54.81481481481482,4.444444444444445
E00042240,101,37,7,30,64,60,4,36.633663366336634,6.9306930693069315,29.7029702970297,63.366336633663366,59.4059405940594,3.9603960396039604
E00042241,91,25,11,14,66,57,9,27.472527472527474,12.087912087912088,15.384615384615385,72.52747252747253,62.637362637362635,9.89010989010989
E00042242,100,33,6,27,67,61,6,33,6,27,67,61,6
E00042243,121,43,13,30,78,63,15,35.53719008264463,10.743801652892563,24.793388429752067,64.46280991735537,52.066115702479344,12.396694214876034
E00042244,176,60,13,47,116,101,15,34.090909090909086,7.386363636363637,26.704545454545453,65.9090909090909,57.38636363636363,8.522727272727272
E00042245,223,61,20,41,162,150,12,27.3542600896861,8.968609865470851,18.385650224215247,72.6457399103139,67.2645739910314,5.381165919282512
E00042246,84,20,4,16,64,55,9,23.809523809523807,4.761904761904762,19.047619047619047,76.19047619047619,65.47619047619048,10.714285714285714
E00042247,30,10,6,4,20,19,1,33.33333333333333,20,13.333333333333334,66.66666666666666,63.33333333333333,3.3333333333333335
E00042248,94,39,7,32,55,50,5,41.48936170212766,7.446808510638298,34.04255319148936,58.51063829787234,53.191489361702125,5.319148936170213
E00042249,106,31,6,25,75,71,4,29.245283018867923,5.660377358490567,23.58490566037736,70.75471698113208,66.98113207547169,3.7735849056603774
E00042250,99,29,7,22,70,64,6,29.292929292929294,7.07070707070707,22.22222222222222,70.70707070707071,64.64646464646465,6.0606060606060606
E00042251,97,38,15,23,59,56,3,39.175257731958766,15.463917525773196,23.711340206185564,60.824742268041234,57.73195876288659,3.0927835051546393
E00042252,35,16,8,8,19,19,0,45.714285714285715,22.857142857142858,22.857142857142858,54.285714285714285,54.285714285714285,0
E00042253,115,26,4,22,89,80,9,22.608695652173914,3.4782608695652173,19.130434782608695,77.39130434782608,69.56521739130434,7.82608695652174
E00042254,119,30,11,19,89,77,12,25.210084033613445,9.243697478991598,15.966386554621847,74.78991596638656,64.70588235294117,10.084033613445378
E00042255,113,37,17,20,76,66,10,32.743362831858406,15.04424778761062,17.699115044247787,67.2566371681416,58.4070796460177,8.849557522123893
E00042256,132,56,9,47,76,69,7,42.42424242424242,6.8181818181818175,35.60606060606061,57.57575757575758,52.27272727272727,5.303030303030303
E00042257,124,29,8,21,95,86,9,23.387096774193548,6.451612903225806,16.93548387096774,76.61290322580645,69.35483870967742,7.258064516129033
E00042258,113,39,7,32,74,70,4,34.51327433628318,6.1946902654867255,28.31858407079646,65.48672566371681,61.94690265486725,3.5398230088495577
E00042259,144,34,11,23,110,102,8,23.61111111111111,7.638888888888889,15.972222222222221,76.38888888888889,70.83333333333334,5.555555555555555
E00042260,124,53,14,39,71,66,5,42.74193548387097,11.29032258064516,31.451612903225808,57.25806451612904,53.2258064516129,4.032258064516129
E00042261,110,39,9,30,71,69,2,35.45454545454545,8.181818181818182,27.27272727272727,64.54545454545455,62.727272727272734,1.8181818181818181
E00042263,144,55,17,38,89,81,8,38.19444444444444,11.805555555555555,26.38888888888889,61.80555555555556,56.25,5.555555555555555
E00042264,149,69,30,39,80,79,1,46.308724832214764,20.13422818791946,26.174496644295303,53.691275167785236,53.02013422818792,0.6711409395973155
E00042265,138,62,32,30,76,72,4,44.927536231884055,23.18840579710145,21.73913043478261,55.072463768115945,52.17391304347826,2.898550724637681
E00042266,135,99,28,71,36,36,0,73.33333333333333,20.74074074074074,52.59259259259259,26.666666666666668,26.666666666666668,0
E00042267,149,94,29,65,55,51,4,63.08724832214765,19.463087248322147,43.624161073825505,36.91275167785235,34.22818791946309,2.684563758389262
E00042268,111,40,12,28,71,67,4,36.03603603603604,10.81081081081081,25.225225225225223,63.96396396396396,60.36036036036037,3.6036036036036037
E00042269,135,86,37,49,49,39,10,63.70370370370371,27.40740740740741,36.2962962962963,36.2962962962963,28.888888888888886,7.4074074074074066
E00042271,150,75,21,54,75,62,13,50,14.000000000000002,36,50,41.333333333333336,8.666666666666668
E00042272,154,66,27,39,88,84,4,42.857142857142854,17.532467532467532,25.324675324675322,57.14285714285714,54.54545454545454,2.5974025974025974
E00042273,149,87,32,55,62,52,10,58.38926174496645,21.476510067114095,36.91275167785235,41.61073825503356,34.899328859060404,6.7114093959731544
E00042274,112,44,11,33,68,64,4,39.285714285714285,9.821428571428571,29.464285714285715,60.71428571428571,57.14285714285714,3.571428571428571
E00042275,158,73,28,45,85,71,14,46.20253164556962,17.72151898734177,28.48101265822785,53.79746835443038,44.936708860759495,8.860759493670885
E00042276,99,66,22,44,33,33,0,66.66666666666666,22.22222222222222,44.44444444444444,33.33333333333333,33.33333333333333,0
E00042277,120,67,21,46,53,53,0,55.833333333333336,17.5,38.333333333333336,44.166666666666664,44.166666666666664,0
E00042278,94,59,19,40,35,31,4,62.76595744680851,20.212765957446805,42.5531914893617,37.234042553191486,32.97872340425532,4.25531914893617
E00042279,152,76,33,43,76,65,11,50,21.710526315789476,28.289473684210524,50,42.76315789473684,7.236842105263158
E00042281,136,56,17,39,80,67,13,41.17647058823529,12.5,28.676470588235293,58.82352941176471,49.26470588235294,9.558823529411764
E00042282,121,55,19,36,66,57,9,45.45454545454545,15.702479338842975,29.75206611570248,54.54545454545454,47.107438016528924,7.43801652892562
E00042283,27,13,7,6,14,14,0,48.148148148148145,25.925925925925924,22.22222222222222,51.85185185185185,51.85185185185185,0
E00042284,153,74,22,52,79,75,4,48.366013071895424,14.37908496732026,33.98692810457516,51.633986928104584,49.01960784313725,2.6143790849673203
E00042285,129,67,24,43,62,60,2,51.93798449612403,18.6046511627907,33.33333333333333,48.06201550387597,46.51162790697674,1.550387596899225
E00042286,125,63,27,36,62,56,6,50.4,21.6,28.799999999999997,49.6,44.800000000000004,4.8
E00042287,107,69,23,46,38,31,7,64.48598130841121,21.49532710280374,42.99065420560748,35.51401869158878,28.971962616822427,6.5420560747663545
E00042288,99,41,8,33,58,55,3,41.41414141414141,8.080808080808081,33.33333333333333,58.58585858585859,55.55555555555556,3.0303030303030303
E00042289,108,30,12,18,78,68,10,27.77777777777778,11.11111111111111,16.666666666666664,72.22222222222221,62.96296296296296,9.25925925925926
E00042290,107,32,8,24,75,70,5,29.906542056074763,7.476635514018691,22.429906542056074,70.09345794392523,65.42056074766354,4.672897196261682
E00042291,107,43,13,30,64,56,8,40.18691588785047,12.149532710280374,28.037383177570092,59.813084112149525,52.336448598130836,7.476635514018691
E00042292,92,27,8,19,65,60,5,29.347826086956523,8.695652173913043,20.652173913043477,70.65217391304348,65.21739130434783,5.434782608695652
E00042293,138,38,9,29,100,93,7,27.536231884057973,6.521739130434782,21.014492753623188,72.46376811594203,67.3913043478261,5.072463768115942
E00042294,152,48,15,33,104,93,11,31.57894736842105,9.868421052631579,21.710526315789476,68.42105263157895,61.18421052631579,7.236842105263158
E00042295,188,92,30,62,96,85,11,48.93617021276596,15.957446808510639,32.97872340425532,51.06382978723404,45.21276595744681,5.851063829787234
E00042296,106,39,15,24,67,63,4,36.79245283018868,14.150943396226415,22.641509433962266,63.20754716981132,59.43396226415094,3.7735849056603774
E00042297,139,42,11,31,97,84,13,30.215827338129497,7.913669064748201,22.302158273381295,69.7841726618705,60.431654676258994,9.352517985611511
E00042298,96,31,7,24,65,64,1,32.29166666666667,7.291666666666667,25,67.70833333333334,66.66666666666666,1.0416666666666665
E00042299,255,72,23,49,183,162,21,28.235294117647058,9.019607843137255,19.215686274509807,71.76470588235294,63.52941176470588,8.235294117647058
E00042300,112,42,10,32,70,64,6,37.5,8.928571428571429,28.57142857142857,62.5,57.14285714285714,5.357142857142857
E00042301,153,60,15,45,93,83,10,39.21568627450981,9.803921568627452,29.411764705882355,60.78431372549019,54.248366013071895,6.535947712418301
E00042302,126,42,13,29,84,75,9,33.33333333333333,10.317460317460316,23.015873015873016,66.66666666666666,59.523809523809526,7.142857142857142
E00042303,111,27,14,13,84,76,8,24.324324324324326,12.612612612612612,11.711711711711711,75.67567567567568,68.46846846846847,7.207207207207207
E00042304,99,48,20,28,51,49,2,48.484848484848484,20.2020202020202,28.28282828282828,51.515151515151516,49.494949494949495,2.0202020202020203
E00042305,114,26,8,18,88,74,14,22.807017543859647,7.017543859649122,15.789473684210526,77.19298245614034,64.91228070175438,12.280701754385964
E00042306,135,41,10,31,94,86,8,30.37037037037037,7.4074074074074066,22.962962962962962,69.62962962962963,63.70370370370371,5.9259259259259265
E00042307,152,59,12,47,93,91,2,38.81578947368421,7.894736842105263,30.92105263157895,61.18421052631579,59.86842105263158,1.3157894736842104
E00042308,107,49,18,31,58,56,2,45.794392523364486,16.822429906542055,28.971962616822427,54.20560747663551,52.336448598130836,1.8691588785046727
E00042309,117,45,11,34,72,67,5,38.46153846153847,9.401709401709402,29.059829059829063,61.53846153846154,57.26495726495726,4.273504273504273
E00042310,65,17,9,8,48,42,6,26.153846153846157,13.846153846153847,12.307692307692308,73.84615384615385,64.61538461538461,9.230769230769232
E00042311,108,23,7,16,85,75,10,21.296296296296298,6.481481481481481,14.814814814814813,78.70370370370371,69.44444444444444,9.25925925925926
E00042312,125,36,9,27,89,82,7,28.799999999999997,7.199999999999999,21.6,71.2,65.60000000000001,5.6000000000000005
E00042313,79,34,13,21,45,40,5,43.037974683544306,16.455696202531644,26.582278481012654,56.9620253164557,50.63291139240506,6.329113924050633
E00042314,106,25,4,21,81,74,7,23.58490566037736,3.7735849056603774,19.81132075471698,76.41509433962264,69.81132075471697,6.60377358490566
E00042315,96,28,6,22,68,62,6,29.166666666666668,6.25,22.916666666666664,70.83333333333334,64.58333333333334,6.25
E00042316,122,49,21,28,73,67,6,40.16393442622951,17.21311475409836,22.950819672131146,59.83606557377049,54.91803278688525,4.918032786885246
E00042317,121,61,21,40,60,51,9,50.413223140495866,17.355371900826448,33.057851239669425,49.586776859504134,42.14876033057851,7.43801652892562
E00042318,126,50,10,40,76,70,6,39.682539682539684,7.936507936507936,31.746031746031743,60.317460317460316,55.55555555555556,4.761904761904762
E00042319,119,41,13,28,78,74,4,34.45378151260504,10.92436974789916,23.52941176470588,65.54621848739495,62.18487394957983,3.361344537815126
E00042320,125,40,17,23,85,76,9,32,13.600000000000001,18.4,68,60.8,7.199999999999999
E00042321,35,16,5,11,19,19,0,45.714285714285715,14.285714285714285,31.428571428571427,54.285714285714285,54.285714285714285,0
E00042322,110,33,9,24,77,72,5,30,8.181818181818182,21.818181818181817,70,65.45454545454545,4.545454545454546
E00042323,159,62,20,42,97,82,15,38.9937106918239,12.578616352201259,26.41509433962264,61.0062893081761,51.57232704402516,9.433962264150944
E00042324,166,49,13,36,117,109,8,29.518072289156628,7.83132530120482,21.686746987951807,70.48192771084338,65.66265060240963,4.819277108433735
E00042325,122,41,13,28,81,70,11,33.60655737704918,10.655737704918032,22.950819672131146,66.39344262295081,57.377049180327866,9.01639344262295
E00042326,174,46,17,29,128,121,7,26.436781609195403,9.770114942528735,16.666666666666664,73.5632183908046,69.54022988505747,4.022988505747127
E00042327,134,37,9,28,97,90,7,27.611940298507463,6.7164179104477615,20.8955223880597,72.38805970149254,67.16417910447761,5.223880597014925
E00042328,159,69,20,49,90,82,8,43.39622641509434,12.578616352201259,30.81761006289308,56.60377358490566,51.57232704402516,5.031446540880504
E00042329,72,23,5,18,49,42,7,31.944444444444443,6.944444444444445,25,68.05555555555556,58.333333333333336,9.722222222222223
E00042330,75,31,12,19,44,39,5,41.333333333333336,16,25.333333333333336,58.666666666666664,52,6.666666666666667
E00042331,97,26,7,19,71,65,6,26.804123711340207,7.216494845360824,19.587628865979383,73.19587628865979,67.0103092783505,6.185567010309279
E00042332,300,90,25,65,210,185,25,30,8.333333333333332,21.666666666666668,70,61.66666666666667,8.333333333333332
E00042333,128,44,16,28,84,75,9,34.375,12.5,21.875,65.625,58.59375,7.03125
E00042334,116,50,15,35,66,62,4,43.103448275862064,12.931034482758621,30.17241379310345,56.896551724137936,53.44827586206896,3.4482758620689653
E00042335,138,50,14,36,88,75,13,36.231884057971016,10.144927536231885,26.08695652173913,63.76811594202898,54.347826086956516,9.420289855072465
E00042336,72,25,10,15,47,44,3,34.72222222222222,13.88888888888889,20.833333333333336,65.27777777777779,61.111111111111114,4.166666666666666
E00042337,122,47,12,35,75,63,12,38.52459016393443,9.836065573770492,28.688524590163933,61.47540983606557,51.63934426229508,9.836065573770492
E00042338,131,30,4,26,101,94,7,22.900763358778626,3.0534351145038165,19.84732824427481,77.09923664122137,71.7557251908397,5.343511450381679
E00042339,110,43,18,25,67,59,8,39.09090909090909,16.363636363636363,22.727272727272727,60.909090909090914,53.63636363636364,7.2727272727272725
E00042340,121,50,14,36,71,65,6,41.32231404958678,11.570247933884298,29.75206611570248,58.67768595041323,53.71900826446281,4.958677685950414
E00042341,130,58,17,41,72,72,0,44.61538461538462,13.076923076923078,31.538461538461537,55.38461538461539,55.38461538461539,0
E00042342,176,55,12,43,121,107,14,31.25,6.8181818181818175,24.431818181818183,68.75,60.79545454545454,7.954545454545454
E00042343,161,49,14,35,112,107,5,30.434782608695656,8.695652173913043,21.73913043478261,69.56521739130434,66.45962732919256,3.1055900621118013
E00042344,88,24,10,14,64,58,6,27.27272727272727,11.363636363636363,15.909090909090908,72.72727272727273,65.9090909090909,6.8181818181818175
E00042345,127,62,25,37,65,55,10,48.818897637795274,19.68503937007874,29.133858267716533,51.181102362204726,43.30708661417323,7.874015748031496
E00042347,131,45,14,31,86,72,14,34.35114503816794,10.687022900763358,23.66412213740458,65.64885496183206,54.961832061068705,10.687022900763358
E00042348,91,51,13,38,40,39,1,56.043956043956044,14.285714285714285,41.75824175824176,43.956043956043956,42.857142857142854,1.098901098901099
E00042349,198,77,28,49,121,109,12,38.88888888888889,14.14141414141414,24.747474747474747,61.111111111111114,55.05050505050505,6.0606060606060606
E00042350,186,76,21,55,110,97,13,40.86021505376344,11.29032258064516,29.56989247311828,59.13978494623656,52.1505376344086,6.989247311827956
E00042351,115,38,10,28,77,65,12,33.04347826086956,8.695652173913043,24.347826086956523,66.95652173913044,56.52173913043478,10.434782608695652
E00042352,89,40,9,31,49,44,5,44.9438202247191,10.112359550561797,34.831460674157306,55.0561797752809,49.43820224719101,5.617977528089887
E00042353,116,35,7,28,81,75,6,30.17241379310345,6.0344827586206895,24.137931034482758,69.82758620689656,64.65517241379311,5.172413793103448
E00042354,135,63,23,40,72,65,7,46.666666666666664,17.037037037037038,29.629629629629626,53.333333333333336,48.148148148148145,5.185185185185185
E00042355,126,69,18,51,57,52,5,54.761904761904766,14.285714285714285,40.476190476190474,45.23809523809524,41.269841269841265,3.968253968253968
E00042356,148,76,20,56,72,64,8,51.35135135135135,13.513513513513514,37.83783783783784,48.64864864864865,43.24324324324324,5.405405405405405
E00042357,190,97,33,64,93,78,15,51.05263157894737,17.36842105263158,33.68421052631579,48.94736842105264,41.05263157894737,7.894736842105263
E00042358,125,44,13,31,81,75,6,35.199999999999996,10.4,24.8,64.8,60,4.8
E00042359,141,48,12,36,93,80,13,34.04255319148936,8.51063829787234,25.53191489361702,65.95744680851064,56.73758865248227,9.219858156028367
E00042360,152,39,12,27,113,100,13,25.657894736842106,7.894736842105263,17.763157894736842,74.3421052631579,65.78947368421053,8.552631578947368
E00042361,119,26,9,17,93,84,9,21.84873949579832,7.563025210084033,14.285714285714285,78.15126050420169,70.58823529411765,7.563025210084033
E00042362,81,25,8,17,56,56,0,30.864197530864196,9.876543209876543,20.98765432098765,69.1358024691358,69.1358024691358,0
E00042363,106,25,7,18,81,69,12,23.58490566037736,6.60377358490566,16.9811320754717,76.41509433962264,65.09433962264151,11.320754716981133
E00042364,120,27,7,20,93,82,11,22.5,5.833333333333333,16.666666666666664,77.5,68.33333333333333,9.166666666666666
E00042365,134,39,11,28,95,78,17,29.1044776119403,8.208955223880597,20.8955223880597,70.8955223880597,58.2089552238806,12.686567164179104
E00042366,115,39,19,20,76,70,6,33.91304347826087,16.52173913043478,17.391304347826086,66.08695652173913,60.86956521739131,5.217391304347826
E00042367,91,22,5,17,69,66,3,24.175824175824175,5.4945054945054945,18.681318681318682,75.82417582417582,72.52747252747253,3.296703296703297
E00042368,136,38,11,27,98,91,7,27.941176470588236,8.088235294117647,19.852941176470587,72.05882352941177,66.91176470588235,5.147058823529411
E00042369,105,37,10,27,68,68,0,35.23809523809524,9.523809523809524,25.71428571428571,64.76190476190476,64.76190476190476,0
E00042370,84,16,4,12,68,59,9,19.047619047619047,4.761904761904762,14.285714285714285,80.95238095238095,70.23809523809523,10.714285714285714
E00042371,179,48,15,33,131,111,20,26.81564245810056,8.379888268156424,18.435754189944134,73.18435754189943,62.01117318435754,11.1731843575419
E00042372,70,23,6,17,47,42,5,32.857142857142854,8.571428571428571,24.285714285714285,67.14285714285714,60,7.142857142857142
E00042373,168,40,11,29,128,104,24,23.809523809523807,6.547619047619048,17.261904761904763,76.19047619047619,61.904761904761905,14.285714285714285
E00042374,173,39,5,34,134,105,29,22.54335260115607,2.8901734104046244,19.653179190751445,77.45664739884393,60.69364161849711,16.76300578034682
E00042375,108,22,5,17,86,76,10,20.37037037037037,4.62962962962963,15.74074074074074,79.62962962962963,70.37037037037037,9.25925925925926
E00042376,108,24,6,18,84,79,5,22.22222222222222,5.555555555555555,16.666666666666664,77.77777777777779,73.14814814814815,4.62962962962963
E00042377,107,27,10,17,80,73,7,25.233644859813083,9.345794392523365,15.887850467289718,74.76635514018692,68.22429906542055,6.5420560747663545
E00042378,184,42,9,33,142,102,40,22.82608695652174,4.891304347826087,17.934782608695652,77.17391304347827,55.434782608695656,21.73913043478261
E00042379,210,38,11,27,172,140,32,18.095238095238095,5.238095238095238,12.857142857142856,81.9047619047619,66.66666666666666,15.238095238095239
E00042380,150,36,9,27,114,88,26,24,6,18,76,58.666666666666664,17.333333333333336
E00042381,148,18,4,14,130,112,18,12.162162162162163,2.7027027027027026,9.45945945945946,87.83783783783784,75.67567567567568,12.162162162162163
E00042382,119,32,11,21,87,75,12,26.89075630252101,9.243697478991598,17.647058823529413,73.10924369747899,63.02521008403361,10.084033613445378
E00042383,185,46,12,34,139,113,26,24.864864864864867,6.486486486486487,18.37837837837838,75.13513513513513,61.08108108108108,14.054054054054054
E00042384,162,57,20,37,105,85,20,35.18518518518518,12.345679012345679,22.839506172839506,64.81481481481481,52.46913580246913,12.345679012345679
E00042385,128,47,14,33,81,65,16,36.71875,10.9375,25.78125,63.28125,50.78125,12.5
E00042386,116,33,9,24,83,64,19,28.448275862068968,7.758620689655173,20.689655172413794,71.55172413793103,55.172413793103445,16.379310344827587
E00042387,67,23,6,17,44,39,5,34.32835820895522,8.955223880597014,25.37313432835821,65.67164179104478,58.2089552238806,7.462686567164178
E00042388,174,45,20,25,129,116,13,25.862068965517242,11.494252873563218,14.367816091954023,74.13793103448276,66.66666666666666,7.471264367816093
E00042389,143,32,12,20,111,96,15,22.377622377622377,8.391608391608392,13.986013986013987,77.62237762237763,67.13286713286713,10.48951048951049
E00042390,113,26,13,13,87,81,6,23.008849557522122,11.504424778761061,11.504424778761061,76.99115044247787,71.68141592920354,5.3097345132743365
E00042391,139,30,9,21,109,98,11,21.58273381294964,6.474820143884892,15.107913669064748,78.41726618705036,70.50359712230215,7.913669064748201
E00042392,134,31,10,21,103,96,7,23.134328358208954,7.462686567164178,15.671641791044777,76.86567164179104,71.64179104477611,5.223880597014925
E00042393,111,39,9,30,72,65,7,35.13513513513514,8.108108108108109,27.027027027027028,64.86486486486487,58.55855855855856,6.306306306306306
E00042394,146,40,9,31,106,96,10,27.397260273972602,6.164383561643835,21.232876712328768,72.6027397260274,65.75342465753424,6.8493150684931505
E00042395,119,22,8,14,97,90,7,18.487394957983195,6.722689075630252,11.76470588235294,81.5126050420168,75.63025210084034,5.88235294117647
E00042396,156,39,13,26,117,110,7,25,8.333333333333332,16.666666666666664,75,70.51282051282051,4.487179487179487
E00042398,116,37,14,23,79,66,13,31.896551724137932,12.068965517241379,19.82758620689655,68.10344827586206,56.896551724137936,11.206896551724139
E00042399,123,41,16,25,82,73,9,33.33333333333333,13.008130081300814,20.32520325203252,66.66666666666666,59.34959349593496,7.317073170731707
E00042400,134,36,5,31,98,89,9,26.865671641791046,3.731343283582089,23.134328358208954,73.13432835820896,66.4179104477612,6.7164179104477615
E00042401,137,41,7,34,96,78,18,29.927007299270077,5.109489051094891,24.817518248175183,70.07299270072993,56.934306569343065,13.138686131386862
E00042402,123,20,2,18,103,91,12,16.260162601626014,1.6260162601626018,14.634146341463413,83.73983739837398,73.98373983739837,9.75609756097561
E00042403,210,64,21,43,146,136,10,30.476190476190478,10,20.476190476190474,69.52380952380952,64.76190476190476,4.761904761904762
E00042404,179,39,12,27,140,116,24,21.787709497206702,6.70391061452514,15.083798882681565,78.2122905027933,64.80446927374301,13.40782122905028
E00042405,178,35,14,21,143,125,18,19.662921348314608,7.865168539325842,11.797752808988763,80.33707865168539,70.2247191011236,10.112359550561797
E00042406,345,75,31,44,270,242,28,21.73913043478261,8.985507246376812,12.753623188405797,78.26086956521739,70.14492753623188,8.115942028985506
E00042407,143,39,8,31,104,88,16,27.27272727272727,5.594405594405594,21.678321678321677,72.72727272727273,61.53846153846154,11.188811188811188
E00042408,182,56,21,35,126,98,28,30.76923076923077,11.538461538461538,19.230769230769234,69.23076923076923,53.84615384615385,15.384615384615385
E00042409,187,39,12,27,148,136,12,20.855614973262032,6.417112299465241,14.43850267379679,79.14438502673798,72.72727272727273,6.417112299465241
E00042410,207,45,22,23,162,150,12,21.73913043478261,10.628019323671497,11.11111111111111,78.26086956521739,72.46376811594203,5.797101449275362
E00042411,166,51,21,30,115,105,10,30.72289156626506,12.650602409638553,18.072289156626507,69.27710843373494,63.25301204819277,6.024096385542169
E00042412,146,52,18,34,94,80,14,35.61643835616438,12.32876712328767,23.28767123287671,64.38356164383562,54.794520547945204,9.58904109589041
E00042413,177,57,27,30,120,108,12,32.20338983050847,15.254237288135593,16.94915254237288,67.79661016949152,61.016949152542374,6.779661016949152
E00042414,127,40,22,18,87,81,6,31.496062992125985,17.322834645669293,14.173228346456693,68.50393700787401,63.77952755905512,4.724409448818897
E00042415,159,43,19,24,116,107,9,27.044025157232703,11.949685534591195,15.09433962264151,72.95597484276729,67.29559748427673,5.660377358490567
E00042416,124,32,7,25,92,77,15,25.806451612903224,5.64516129032258,20.161290322580644,74.19354838709677,62.096774193548384,12.096774193548388
E00042417,98,23,7,16,75,64,11,23.46938775510204,7.142857142857142,16.3265306122449,76.53061224489795,65.3061224489796,11.224489795918368
E00042418,171,32,12,20,139,118,21,18.71345029239766,7.017543859649122,11.695906432748536,81.28654970760235,69.00584795321637,12.280701754385964
E00042419,237,46,23,23,191,169,22,19.40928270042194,9.70464135021097,9.70464135021097,80.59071729957806,71.30801687763713,9.282700421940929
E00042420,119,24,7,17,95,83,12,20.168067226890756,5.88235294117647,14.285714285714285,79.83193277310924,69.74789915966386,10.084033613445378
E00042421,150,41,14,27,109,97,12,27.333333333333332,9.333333333333334,18,72.66666666666667,64.66666666666666,8
E00042422,163,50,14,36,113,85,28,30.67484662576687,8.588957055214724,22.085889570552148,69.32515337423312,52.14723926380368,17.177914110429448
E00042423,142,38,13,25,104,89,15,26.76056338028169,9.15492957746479,17.6056338028169,73.23943661971832,62.676056338028175,10.56338028169014
E00042424,177,43,13,30,134,118,16,24.293785310734464,7.344632768361582,16.94915254237288,75.70621468926554,66.66666666666666,9.03954802259887
E00042425,190,56,22,34,134,120,14,29.47368421052631,11.578947368421053,17.894736842105264,70.52631578947368,63.1578947368421,7.368421052631578
E00042426,162,49,20,29,113,96,17,30.246913580246915,12.345679012345679,17.901234567901234,69.75308641975309,59.25925925925925,10.493827160493826
E00042427,214,61,22,39,153,135,18,28.504672897196258,10.2803738317757,18.22429906542056,71.49532710280374,63.084112149532714,8.411214953271028
E00042428,189,51,22,29,138,129,9,26.984126984126984,11.64021164021164,15.343915343915343,73.01587301587301,68.25396825396825,4.761904761904762
E00042429,164,53,25,28,111,101,10,32.31707317073171,15.24390243902439,17.073170731707318,67.6829268292683,61.58536585365854,6.097560975609756
E00042430,146,31,10,21,115,108,7,21.232876712328768,6.8493150684931505,14.383561643835616,78.76712328767124,73.97260273972603,4.794520547945205
E00042431,119,34,12,22,85,75,10,28.57142857142857,10.084033613445378,18.487394957983195,71.42857142857143,63.02521008403361,8.403361344537815
E00042432,202,66,15,51,136,123,13,32.67326732673268,7.425742574257425,25.247524752475247,67.32673267326733,60.89108910891089,6.435643564356436
E00042433,135,43,23,20,92,82,10,31.851851851851855,17.037037037037038,14.814814814814813,68.14814814814815,60.74074074074074,7.4074074074074066
E00042434,160,47,17,30,113,101,12,29.375,10.625,18.75,70.625,63.125,7.5
E00042435,152,42,17,25,110,99,11,27.631578947368425,11.18421052631579,16.447368421052634,72.36842105263158,65.13157894736842,7.236842105263158
E00042436,114,31,11,20,83,75,8,27.192982456140353,9.649122807017543,17.543859649122805,72.80701754385966,65.78947368421053,7.017543859649122
E00042437,126,31,13,18,95,80,15,24.6031746031746,10.317460317460316,14.285714285714285,75.39682539682539,63.49206349206349,11.904761904761903
E00042438,177,73,40,33,104,89,15,41.24293785310734,22.598870056497177,18.64406779661017,58.75706214689266,50.282485875706215,8.47457627118644
E00042439,197,75,37,38,122,104,18,38.07106598984771,18.781725888324875,19.289340101522843,61.92893401015228,52.79187817258884,9.137055837563452
E00042440,124,58,37,21,66,50,16,46.774193548387096,29.838709677419356,16.93548387096774,53.2258064516129,40.32258064516129,12.903225806451612
E00042441,163,40,25,15,123,101,22,24.539877300613497,15.337423312883436,9.202453987730062,75.4601226993865,61.963190184049076,13.496932515337424
E00042442,156,71,41,30,85,70,15,45.51282051282051,26.282051282051285,19.230769230769234,54.48717948717948,44.871794871794876,9.615384615384617
E00042443,238,70,47,23,168,134,34,29.411764705882355,19.747899159663866,9.663865546218489,70.58823529411765,56.30252100840336,14.285714285714285
E00042444,121,61,37,24,60,50,10,50.413223140495866,30.57851239669421,19.834710743801654,49.586776859504134,41.32231404958678,8.264462809917356
E00042445,63,14,8,6,49,32,17,22.22222222222222,12.698412698412698,9.523809523809524,77.77777777777779,50.79365079365079,26.984126984126984
E00042446,121,45,29,16,76,68,8,37.1900826446281,23.96694214876033,13.223140495867769,62.8099173553719,56.19834710743802,6.6115702479338845
E00042447,127,60,37,23,67,54,13,47.24409448818898,29.133858267716533,18.11023622047244,52.75590551181102,42.51968503937008,10.236220472440944
E00042448,131,78,54,24,53,51,2,59.541984732824424,41.221374045801525,18.3206106870229,40.458015267175576,38.93129770992366,1.5267175572519083
E00042449,119,47,31,16,72,56,16,39.49579831932773,26.05042016806723,13.445378151260504,60.50420168067227,47.05882352941176,13.445378151260504
E00042450,178,80,46,34,98,91,7,44.9438202247191,25.842696629213485,19.101123595505616,55.0561797752809,51.12359550561798,3.932584269662921
E00042451,142,36,18,18,106,83,23,25.352112676056336,12.676056338028168,12.676056338028168,74.64788732394366,58.45070422535211,16.19718309859155
E00042452,168,86,56,30,82,72,10,51.19047619047619,33.33333333333333,17.857142857142858,48.80952380952381,42.857142857142854,5.952380952380952
E00042453,99,38,20,18,61,49,12,38.38383838383838,20.2020202020202,18.181818181818183,61.61616161616161,49.494949494949495,12.121212121212121
E00042454,139,51,30,21,88,69,19,36.69064748201439,21.58273381294964,15.107913669064748,63.30935251798561,49.64028776978417,13.66906474820144
E00042455,128,40,25,15,88,70,18,31.25,19.53125,11.71875,68.75,54.6875,14.0625
E00042456,108,30,14,16,78,57,21,27.77777777777778,12.962962962962962,14.814814814814813,72.22222222222221,52.77777777777778,19.444444444444446
E00042457,119,70,43,27,49,45,4,58.82352941176471,36.134453781512605,22.689075630252102,41.17647058823529,37.81512605042017,3.361344537815126
E00042458,173,49,29,20,124,94,30,28.32369942196532,16.76300578034682,11.560693641618498,71.67630057803468,54.33526011560693,17.341040462427745
E00042459,163,79,47,32,84,64,20,48.466257668711656,28.834355828220858,19.631901840490798,51.533742331288344,39.263803680981596,12.269938650306749
E00042460,134,53,30,23,81,66,15,39.55223880597015,22.388059701492537,17.16417910447761,60.447761194029844,49.25373134328358,11.194029850746269
E00042461,146,46,20,26,100,83,17,31.506849315068493,13.698630136986301,17.80821917808219,68.4931506849315,56.849315068493155,11.643835616438356
E00042462,154,54,30,24,100,79,21,35.064935064935064,19.480519480519483,15.584415584415584,64.93506493506493,51.298701298701296,13.636363636363635
E00042463,167,62,21,41,105,82,23,37.12574850299401,12.574850299401197,24.550898203592812,62.874251497005986,49.101796407185624,13.77245508982036
E00042464,159,37,21,16,122,89,33,23.270440251572328,13.20754716981132,10.062893081761008,76.72955974842768,55.9748427672956,20.754716981132077
E00042465,161,82,54,28,79,70,9,50.931677018633536,33.54037267080746,17.391304347826086,49.06832298136646,43.47826086956522,5.590062111801243
E00042466,108,30,10,20,78,59,19,27.77777777777778,9.25925925925926,18.51851851851852,72.22222222222221,54.629629629629626,17.59259259259259
E00042467,191,60,33,27,131,108,23,31.413612565445025,17.277486910994764,14.136125654450263,68.58638743455498,56.54450261780105,12.041884816753926
E00042468,218,72,40,32,146,114,32,33.02752293577982,18.34862385321101,14.678899082568808,66.97247706422019,52.293577981651374,14.678899082568808
E00042469,87,27,16,11,60,47,13,31.03448275862069,18.39080459770115,12.643678160919542,68.96551724137932,54.02298850574713,14.942528735632186
E00042470,208,55,19,36,153,114,39,26.442307692307693,9.134615384615383,17.307692307692307,73.5576923076923,54.807692307692314,18.75
E00042471,121,21,11,10,100,82,18,17.355371900826448,9.090909090909092,8.264462809917356,82.64462809917356,67.76859504132231,14.87603305785124
E00042472,93,15,0,15,78,61,17,16.129032258064516,0,16.129032258064516,83.87096774193549,65.59139784946237,18.27956989247312
E00042473,145,48,21,27,97,71,26,33.10344827586207,14.482758620689657,18.620689655172416,66.89655172413794,48.96551724137931,17.93103448275862
E00042474,99,37,16,21,62,46,16,37.37373737373738,16.161616161616163,21.21212121212121,62.62626262626263,46.464646464646464,16.161616161616163
E00042475,97,62,48,14,35,23,12,63.91752577319587,49.48453608247423,14.432989690721648,36.08247422680412,23.711340206185564,12.371134020618557
E00042476,140,95,67,28,45,40,5,67.85714285714286,47.85714285714286,20,32.142857142857146,28.57142857142857,3.571428571428571
E00042477,133,66,44,22,67,57,10,49.62406015037594,33.08270676691729,16.541353383458645,50.37593984962406,42.857142857142854,7.518796992481203
E00042478,133,49,12,37,84,74,10,36.84210526315789,9.022556390977442,27.819548872180448,63.1578947368421,55.639097744360896,7.518796992481203
E00042479,92,45,18,27,47,43,4,48.91304347826087,19.565217391304348,29.347826086956523,51.08695652173913,46.73913043478261,4.3478260869565215
E00042480,152,48,20,28,104,88,16,31.57894736842105,13.157894736842104,18.421052631578945,68.42105263157895,57.89473684210527,10.526315789473683
E00042481,121,46,17,29,75,69,6,38.01652892561984,14.049586776859504,23.96694214876033,61.98347107438017,57.02479338842975,4.958677685950414
E00042482,156,41,11,30,115,100,15,26.282051282051285,7.051282051282051,19.230769230769234,73.71794871794873,64.1025641025641,9.615384615384617
E00042483,162,45,10,35,117,99,18,27.77777777777778,6.172839506172839,21.604938271604937,72.22222222222221,61.111111111111114,11.11111111111111
E00042484,130,33,13,20,97,80,17,25.384615384615383,10,15.384615384615385,74.61538461538461,61.53846153846154,13.076923076923078
E00042485,144,52,21,31,92,78,14,36.11111111111111,14.583333333333334,21.52777777777778,63.888888888888886,54.166666666666664,9.722222222222223
E00042486,79,27,8,19,52,47,5,34.177215189873415,10.126582278481013,24.050632911392405,65.82278481012658,59.49367088607595,6.329113924050633
E00042487,140,36,15,21,104,85,19,25.71428571428571,10.714285714285714,15,74.28571428571429,60.71428571428571,13.571428571428571
E00042488,95,32,5,27,63,54,9,33.68421052631579,5.263157894736842,28.421052631578945,66.3157894736842,56.84210526315789,9.473684210526317
E00042489,146,37,10,27,109,99,10,25.34246575342466,6.8493150684931505,18.493150684931507,74.65753424657534,67.8082191780822,6.8493150684931505
E00042490,131,32,9,23,99,91,8,24.427480916030532,6.870229007633588,17.557251908396946,75.57251908396947,69.46564885496184,6.106870229007633
E00042491,229,55,16,39,174,164,10,24.017467248908297,6.986899563318777,17.03056768558952,75.9825327510917,71.61572052401746,4.366812227074235
E00042492,159,42,10,32,117,108,9,26.41509433962264,6.289308176100629,20.125786163522015,73.58490566037736,67.9245283018868,5.660377358490567
E00042493,99,24,6,18,75,65,10,24.242424242424242,6.0606060606060606,18.181818181818183,75.75757575757575,65.65656565656566,10.1010101010101
E00042494,114,33,8,25,81,76,5,28.947368421052634,7.017543859649122,21.929824561403507,71.05263157894737,66.66666666666666,4.385964912280701
E00042495,68,24,7,17,44,37,7,35.294117647058826,10.294117647058822,25,64.70588235294117,54.41176470588235,10.294117647058822
E00042496,139,33,8,25,106,90,16,23.741007194244602,5.755395683453238,17.985611510791365,76.2589928057554,64.74820143884892,11.510791366906476
E00042498,150,49,20,29,101,86,15,32.666666666666664,13.333333333333334,19.333333333333332,67.33333333333333,57.333333333333336,10
E00042499,148,47,6,41,101,88,13,31.756756756756754,4.054054054054054,27.7027027027027,68.24324324324324,59.45945945945946,8.783783783783784
E00042500,164,39,16,23,125,104,21,23.78048780487805,9.75609756097561,14.02439024390244,76.21951219512195,63.41463414634146,12.804878048780488
E00042501,84,29,18,11,55,35,20,34.523809523809526,21.428571428571427,13.095238095238097,65.47619047619048,41.66666666666667,23.809523809523807
E00042502,164,57,20,37,107,83,24,34.756097560975604,12.195121951219512,22.5609756097561,65.2439024390244,50.609756097560975,14.634146341463413
E00042503,140,59,20,39,81,73,8,42.142857142857146,14.285714285714285,27.857142857142858,57.85714285714286,52.142857142857146,5.714285714285714
E00042504,85,34,8,26,51,51,0,40,9.411764705882353,30.58823529411765,60,60,0
E00042505,123,55,9,46,68,61,7,44.71544715447154,7.317073170731707,37.39837398373984,55.28455284552846,49.59349593495935,5.691056910569105
E00042506,29,9,3,6,20,18,2,31.03448275862069,10.344827586206897,20.689655172413794,68.96551724137932,62.06896551724138,6.896551724137931
E00042507,119,46,18,28,73,67,6,38.655462184873954,15.126050420168067,23.52941176470588,61.34453781512605,56.30252100840336,5.042016806722689
E00042508,76,28,12,16,48,44,4,36.84210526315789,15.789473684210526,21.052631578947366,63.1578947368421,57.89473684210527,5.263157894736842
E00042509,128,56,22,34,72,67,5,43.75,17.1875,26.5625,56.25,52.34375,3.90625
E00042510,127,52,21,31,75,66,9,40.94488188976378,16.535433070866144,24.409448818897637,59.055118110236215,51.96850393700787,7.086614173228346
E00042511,141,32,10,22,109,95,14,22.69503546099291,7.092198581560284,15.602836879432624,77.30496453900709,67.37588652482269,9.929078014184398
E00042512,157,48,13,35,109,95,14,30.573248407643312,8.280254777070063,22.29299363057325,69.42675159235668,60.509554140127385,8.9171974522293
E00042513,141,46,12,34,95,85,10,32.62411347517731,8.51063829787234,24.113475177304963,67.37588652482269,60.28368794326241,7.092198581560284
E00042514,127,33,11,22,94,85,9,25.984251968503933,8.661417322834646,17.322834645669293,74.01574803149606,66.92913385826772,7.086614173228346
E00042515,139,31,11,20,108,98,10,22.302158273381295,7.913669064748201,14.388489208633093,77.6978417266187,70.50359712230215,7.1942446043165464
E00042516,128,48,18,30,80,72,8,37.5,14.0625,23.4375,62.5,56.25,6.25
E00042517,105,25,9,16,80,70,10,23.809523809523807,8.571428571428571,15.238095238095239,76.19047619047619,66.66666666666666,9.523809523809524
E00042518,94,31,6,25,63,57,6,32.97872340425532,6.382978723404255,26.595744680851062,67.02127659574468,60.63829787234043,6.382978723404255
E00042519,146,51,16,35,95,87,8,34.93150684931507,10.95890410958904,23.972602739726025,65.06849315068493,59.589041095890416,5.47945205479452
E00042520,126,41,11,30,85,75,10,32.53968253968254,8.73015873015873,23.809523809523807,67.46031746031747,59.523809523809526,7.936507936507936
E00042521,130,52,21,31,78,73,5,40,16.153846153846153,23.846153846153847,60,56.15384615384615,3.8461538461538463
E00042522,179,55,13,42,124,112,12,30.726256983240223,7.262569832402235,23.463687150837988,69.27374301675978,62.56983240223464,6.70391061452514
E00042523,124,45,12,33,79,74,5,36.29032258064516,9.67741935483871,26.61290322580645,63.70967741935484,59.67741935483871,4.032258064516129
E00042524,96,25,5,20,71,65,6,26.041666666666668,5.208333333333334,20.833333333333336,73.95833333333334,67.70833333333334,6.25
E00042525,109,48,16,32,61,55,6,44.03669724770643,14.678899082568808,29.357798165137616,55.96330275229357,50.45871559633027,5.5045871559633035
E00042526,130,41,8,33,89,84,5,31.538461538461537,6.153846153846154,25.384615384615383,68.46153846153847,64.61538461538461,3.8461538461538463
E00042527,165,38,7,31,127,118,9,23.03030303030303,4.242424242424243,18.787878787878785,76.96969696969697,71.51515151515152,5.454545454545454
E00042528,112,41,10,31,71,65,6,36.607142857142854,8.928571428571429,27.67857142857143,63.39285714285714,58.03571428571429,5.357142857142857
E00042529,104,32,6,26,72,64,8,30.76923076923077,5.769230769230769,25,69.23076923076923,61.53846153846154,7.6923076923076925
E00042530,129,36,17,19,93,86,7,27.906976744186046,13.178294573643413,14.728682170542637,72.09302325581395,66.66666666666666,5.426356589147287
E00042531,122,37,14,23,85,78,7,30.327868852459016,11.475409836065573,18.852459016393443,69.67213114754098,63.934426229508205,5.737704918032787
E00042532,112,33,8,25,79,68,11,29.464285714285715,7.142857142857142,22.321428571428573,70.53571428571429,60.71428571428571,9.821428571428571
E00042533,131,40,12,28,91,81,10,30.53435114503817,9.16030534351145,21.374045801526716,69.46564885496184,61.832061068702295,7.633587786259542
E00042534,82,21,6,15,61,55,6,25.609756097560975,7.317073170731707,18.29268292682927,74.39024390243902,67.07317073170732,7.317073170731707
E00042535,102,37,13,24,65,55,10,36.27450980392157,12.745098039215685,23.52941176470588,63.725490196078425,53.92156862745098,9.803921568627452
E00042536,137,45,15,30,92,82,10,32.846715328467155,10.948905109489052,21.897810218978105,67.15328467153284,59.854014598540154,7.2992700729927
E00042537,121,36,9,27,85,81,4,29.75206611570248,7.43801652892562,22.31404958677686,70.24793388429752,66.94214876033058,3.3057851239669422
E00042538,130,45,11,34,85,73,12,34.61538461538461,8.461538461538462,26.153846153846157,65.38461538461539,56.15384615384615,9.230769230769232
E00042539,102,31,11,20,71,64,7,30.392156862745097,10.784313725490197,19.607843137254903,69.6078431372549,62.745098039215684,6.862745098039216
E00042540,124,35,9,26,89,73,16,28.225806451612907,7.258064516129033,20.967741935483872,71.7741935483871,58.87096774193549,12.903225806451612
E00042541,125,37,10,27,88,78,10,29.599999999999998,8,21.6,70.39999999999999,62.4,8
E00042542,163,43,13,30,120,95,25,26.380368098159508,7.975460122699387,18.404907975460123,73.61963190184049,58.282208588957054,15.337423312883436
E00042543,195,48,13,35,147,129,18,24.615384615384617,6.666666666666667,17.94871794871795,75.38461538461539,66.15384615384615,9.230769230769232
E00042544,134,57,21,36,77,75,2,42.53731343283582,15.671641791044777,26.865671641791046,57.46268656716418,55.970149253731336,1.4925373134328357
E00042545,132,40,11,29,92,82,10,30.303030303030305,8.333333333333332,21.96969696969697,69.6969696969697,62.121212121212125,7.575757575757576
E00042546,122,37,13,24,85,81,4,30.327868852459016,10.655737704918032,19.672131147540984,69.67213114754098,66.39344262295081,3.278688524590164
E00042547,165,46,14,32,119,111,8,27.878787878787882,8.484848484848486,19.393939393939394,72.12121212121212,67.27272727272727,4.848484848484849
E00042548,127,48,12,36,79,73,6,37.79527559055118,9.448818897637794,28.346456692913385,62.20472440944882,57.48031496062992,4.724409448818897
E00042549,129,42,8,34,87,67,20,32.55813953488372,6.2015503875969,26.356589147286826,67.44186046511628,51.93798449612403,15.503875968992247
E00042550,113,40,12,28,73,67,6,35.39823008849557,10.619469026548673,24.778761061946902,64.60176991150442,59.29203539823009,5.3097345132743365
E00042551,105,51,8,43,54,51,3,48.57142857142857,7.6190476190476195,40.95238095238095,51.42857142857142,48.57142857142857,2.857142857142857
E00042552,59,32,6,26,27,26,1,54.23728813559322,10.16949152542373,44.06779661016949,45.76271186440678,44.06779661016949,1.694915254237288
E00042553,98,36,6,30,62,56,6,36.734693877551024,6.122448979591836,30.612244897959183,63.26530612244898,57.14285714285714,6.122448979591836
E00042554,153,55,16,39,98,88,10,35.947712418300654,10.457516339869281,25.49019607843137,64.05228758169935,57.51633986928104,6.535947712418301
E00042555,102,45,12,33,57,50,7,44.11764705882353,11.76470588235294,32.35294117647059,55.88235294117647,49.01960784313725,6.862745098039216
E00042557,169,48,8,40,121,104,17,28.402366863905325,4.733727810650888,23.668639053254438,71.59763313609467,61.53846153846154,10.059171597633137
E00042558,124,30,11,19,94,89,5,24.193548387096776,8.870967741935484,15.32258064516129,75.80645161290323,71.7741935483871,4.032258064516129
E00042559,138,43,15,28,95,81,14,31.15942028985507,10.869565217391305,20.28985507246377,68.84057971014492,58.69565217391305,10.144927536231885
E00042560,120,50,18,32,70,65,5,41.66666666666667,15,26.666666666666668,58.333333333333336,54.166666666666664,4.166666666666666
E00042561,82,28,10,18,54,45,9,34.146341463414636,12.195121951219512,21.951219512195124,65.85365853658537,54.87804878048781,10.975609756097562
E00042562,113,38,11,27,75,67,8,33.6283185840708,9.734513274336283,23.893805309734514,66.3716814159292,59.29203539823009,7.079646017699115
E00042563,88,40,13,27,48,41,7,45.45454545454545,14.772727272727273,30.681818181818183,54.54545454545454,46.590909090909086,7.954545454545454
E00042564,110,38,13,25,72,67,5,34.54545454545455,11.818181818181818,22.727272727272727,65.45454545454545,60.909090909090914,4.545454545454546
E00042565,83,33,9,24,50,50,0,39.75903614457831,10.843373493975903,28.915662650602407,60.24096385542169,60.24096385542169,0
E00042566,124,43,18,25,81,75,6,34.67741935483871,14.516129032258066,20.161290322580644,65.32258064516128,60.483870967741936,4.838709677419355
E00042567,94,34,13,21,60,55,5,36.17021276595745,13.829787234042554,22.340425531914892,63.829787234042556,58.51063829787234,5.319148936170213
E00042568,83,21,1,20,62,55,7,25.301204819277107,1.2048192771084338,24.096385542168676,74.69879518072288,66.26506024096386,8.433734939759036
E00042569,70,25,4,21,45,42,3,35.714285714285715,5.714285714285714,30,64.28571428571429,60,4.285714285714286
E00042570,108,41,13,28,67,60,7,37.96296296296296,12.037037037037036,25.925925925925924,62.03703703703704,55.55555555555556,6.481481481481481
E00042571,74,27,9,18,47,37,10,36.486486486486484,12.162162162162163,24.324324324324326,63.51351351351351,50,13.513513513513514
E00042572,120,49,12,37,71,62,9,40.833333333333336,10,30.833333333333336,59.166666666666664,51.66666666666667,7.5
E00042573,83,30,8,22,53,49,4,36.144578313253014,9.63855421686747,26.506024096385545,63.85542168674698,59.036144578313255,4.819277108433735
E00042574,114,48,16,32,66,61,5,42.10526315789473,14.035087719298245,28.07017543859649,57.89473684210527,53.50877192982456,4.385964912280701
E00042575,96,35,7,28,61,48,13,36.45833333333333,7.291666666666667,29.166666666666668,63.541666666666664,50,13.541666666666666
E00042576,125,55,19,36,70,65,5,44,15.2,28.799999999999997,56.00000000000001,52,4
E00042577,77,44,9,35,33,30,3,57.14285714285714,11.688311688311687,45.45454545454545,42.857142857142854,38.961038961038966,3.896103896103896
E00042578,90,41,11,30,49,46,3,45.55555555555556,12.222222222222221,33.33333333333333,54.44444444444444,51.11111111111111,3.3333333333333335
E00042579,102,41,17,24,61,51,10,40.19607843137255,16.666666666666664,23.52941176470588,59.80392156862745,50,9.803921568627452
E00042581,77,27,8,19,50,45,5,35.064935064935064,10.38961038961039,24.675324675324674,64.93506493506493,58.44155844155844,6.493506493506493
E00042582,78,45,11,34,33,26,7,57.692307692307686,14.102564102564102,43.58974358974359,42.30769230769231,33.33333333333333,8.974358974358974
E00042583,96,37,23,14,59,48,11,38.54166666666667,23.958333333333336,14.583333333333334,61.458333333333336,50,11.458333333333332
E00042584,66,35,8,27,31,28,3,53.03030303030303,12.121212121212121,40.909090909090914,46.96969696969697,42.42424242424242,4.545454545454546
E00042585,53,26,9,17,27,25,2,49.056603773584904,16.9811320754717,32.075471698113205,50.943396226415096,47.16981132075472,3.7735849056603774
E00042586,155,91,30,61,64,58,6,58.70967741935483,19.35483870967742,39.35483870967742,41.29032258064516,37.41935483870968,3.870967741935484
E00042587,105,54,23,31,51,46,5,51.42857142857142,21.904761904761905,29.523809523809526,48.57142857142857,43.80952380952381,4.761904761904762
E00042588,105,61,24,37,44,42,2,58.0952380952381,22.857142857142858,35.23809523809524,41.904761904761905,40,1.9047619047619049
E00042589,138,73,11,62,65,62,3,52.89855072463768,7.971014492753622,44.927536231884055,47.10144927536232,44.927536231884055,2.1739130434782608
E00042590,89,35,17,18,54,53,1,39.325842696629216,19.101123595505616,20.224719101123593,60.67415730337079,59.55056179775281,1.1235955056179776
E00042591,100,42,18,24,58,54,4,42,18,24,57.99999999999999,54,4
E00042592,57,29,14,15,28,24,4,50.877192982456144,24.561403508771928,26.31578947368421,49.122807017543856,42.10526315789473,7.017543859649122
E00042593,93,34,8,26,59,56,3,36.55913978494624,8.60215053763441,27.956989247311824,63.44086021505376,60.215053763440864,3.225806451612903
E00042594,88,26,15,11,62,51,11,29.545454545454547,17.045454545454543,12.5,70.45454545454545,57.95454545454546,12.5
E00042595,18,9,5,4,9,8,1,50,27.77777777777778,22.22222222222222,50,44.44444444444444,5.555555555555555
E00042596,51,11,4,7,40,39,1,21.568627450980394,7.8431372549019605,13.725490196078432,78.43137254901961,76.47058823529412,1.9607843137254901
E00042598,134,29,12,17,105,98,7,21.641791044776117,8.955223880597014,12.686567164179104,78.35820895522389,73.13432835820896,5.223880597014925
E00042599,99,24,12,12,75,68,7,24.242424242424242,12.121212121212121,12.121212121212121,75.75757575757575,68.68686868686868,7.07070707070707
E00042600,168,73,50,23,95,77,18,43.452380952380956,29.761904761904763,13.690476190476192,56.547619047619044,45.83333333333333,10.714285714285714
E00042601,71,26,12,14,45,42,3,36.61971830985916,16.901408450704224,19.718309859154928,63.38028169014085,59.154929577464785,4.225352112676056
E00042606,132,75,35,40,57,50,7,56.81818181818182,26.515151515151516,30.303030303030305,43.18181818181818,37.878787878787875,5.303030303030303
E00042607,127,76,28,48,51,44,7,59.84251968503938,22.04724409448819,37.79527559055118,40.15748031496063,34.645669291338585,5.511811023622047
E00042608,118,55,18,37,63,61,2,46.61016949152542,15.254237288135593,31.35593220338983,53.38983050847458,51.69491525423729,1.694915254237288
E00042609,191,91,53,38,100,76,24,47.64397905759162,27.748691099476442,19.895287958115183,52.35602094240838,39.79057591623037,12.56544502617801
E00042610,124,33,6,27,91,82,9,26.61290322580645,4.838709677419355,21.774193548387096,73.38709677419355,66.12903225806451,7.258064516129033
E00042611,158,47,12,35,111,107,4,29.746835443037973,7.59493670886076,22.151898734177212,70.25316455696202,67.72151898734177,2.5316455696202533
E00042612,42,16,5,11,26,23,3,38.095238095238095,11.904761904761903,26.190476190476193,61.904761904761905,54.761904761904766,7.142857142857142
E00042613,128,39,8,31,89,76,13,30.46875,6.25,24.21875,69.53125,59.375,10.15625
E00042614,123,45,13,32,78,66,12,36.58536585365854,10.569105691056912,26.01626016260163,63.41463414634146,53.65853658536586,9.75609756097561
E00042615,127,31,8,23,96,85,11,24.409448818897637,6.299212598425196,18.11023622047244,75.59055118110236,66.92913385826772,8.661417322834646
E00042616,108,41,14,27,67,60,7,37.96296296296296,12.962962962962962,25,62.03703703703704,55.55555555555556,6.481481481481481
E00042617,206,63,18,45,143,126,17,30.582524271844658,8.737864077669903,21.844660194174757,69.41747572815534,61.165048543689316,8.25242718446602
E00042618,94,25,5,20,69,65,4,26.595744680851062,5.319148936170213,21.27659574468085,73.40425531914893,69.14893617021278,4.25531914893617
E00042619,140,40,14,26,100,84,16,28.57142857142857,10,18.571428571428573,71.42857142857143,60,11.428571428571429
E00042620,162,47,24,23,115,99,16,29.01234567901235,14.814814814814813,14.19753086419753,70.98765432098766,61.111111111111114,9.876543209876543
E00042621,91,31,9,22,60,49,11,34.065934065934066,9.89010989010989,24.175824175824175,65.93406593406593,53.84615384615385,12.087912087912088
E00042622,183,41,17,24,142,126,16,22.404371584699454,9.289617486338798,13.114754098360656,77.59562841530054,68.85245901639344,8.743169398907105
E00042623,114,32,8,24,82,72,10,28.07017543859649,7.017543859649122,21.052631578947366,71.9298245614035,63.1578947368421,8.771929824561402
E00042624,135,39,7,32,96,85,11,28.888888888888886,5.185185185185185,23.703703703703706,71.11111111111111,62.96296296296296,8.148148148148149
E00042625,112,39,10,29,73,65,8,34.82142857142857,8.928571428571429,25.892857142857146,65.17857142857143,58.03571428571429,7.142857142857142
E00042626,169,48,12,36,121,110,11,28.402366863905325,7.100591715976331,21.301775147928996,71.59763313609467,65.08875739644971,6.508875739644971
E00042627,116,37,10,27,79,72,7,31.896551724137932,8.620689655172415,23.275862068965516,68.10344827586206,62.06896551724138,6.0344827586206895
E00042628,118,33,5,28,85,81,4,27.966101694915253,4.23728813559322,23.728813559322035,72.03389830508475,68.64406779661016,3.389830508474576
E00042629,109,40,10,30,69,60,9,36.69724770642202,9.174311926605505,27.522935779816514,63.30275229357798,55.04587155963303,8.256880733944955
E00042630,129,38,11,27,91,80,11,29.457364341085274,8.527131782945736,20.930232558139537,70.54263565891473,62.01550387596899,8.527131782945736
E00042631,102,43,18,25,59,51,8,42.15686274509804,17.647058823529413,24.509803921568626,57.84313725490197,50,7.8431372549019605
E00042632,94,33,14,19,61,53,8,35.1063829787234,14.893617021276595,20.212765957446805,64.8936170212766,56.38297872340425,8.51063829787234
E00042633,100,49,23,26,51,43,8,49,23,26,51,43,8
E00042634,137,47,7,40,90,85,5,34.306569343065696,5.109489051094891,29.1970802919708,65.69343065693431,62.04379562043796,3.64963503649635
E00042635,246,65,25,40,181,157,24,26.422764227642276,10.16260162601626,16.260162601626014,73.57723577235772,63.82113821138211,9.75609756097561
E00042636,122,24,6,18,98,92,6,19.672131147540984,4.918032786885246,14.754098360655737,80.32786885245902,75.40983606557377,4.918032786885246
E00042637,227,60,14,46,167,148,19,26.431718061674008,6.167400881057269,20.26431718061674,73.568281938326,65.19823788546255,8.370044052863436
E00042638,129,34,11,23,95,78,17,26.356589147286826,8.527131782945736,17.829457364341085,73.64341085271317,60.46511627906976,13.178294573643413
E00042639,139,29,8,21,110,102,8,20.863309352517987,5.755395683453238,15.107913669064748,79.13669064748201,73.38129496402878,5.755395683453238
E00042640,132,26,11,15,106,94,12,19.696969696969695,8.333333333333332,11.363636363636363,80.3030303030303,71.21212121212122,9.090909090909092
E00042641,170,55,23,32,115,95,20,32.35294117647059,13.529411764705882,18.823529411764707,67.64705882352942,55.88235294117647,11.76470588235294
E00042642,193,92,54,38,101,92,9,47.66839378238342,27.979274611398964,19.689119170984455,52.331606217616574,47.66839378238342,4.66321243523316
E00042643,211,80,47,33,131,107,24,37.91469194312796,22.274881516587676,15.639810426540285,62.08530805687204,50.71090047393365,11.374407582938389
E00042645,252,98,59,39,154,143,11,38.88888888888889,23.41269841269841,15.476190476190476,61.111111111111114,56.74603174603175,4.365079365079365
E00042646,112,59,27,32,53,52,1,52.67857142857143,24.107142857142858,28.57142857142857,47.32142857142857,46.42857142857143,0.8928571428571428
E00042647,101,40,15,25,61,56,5,39.603960396039604,14.85148514851485,24.752475247524753,60.396039603960396,55.44554455445545,4.9504950495049505
E00042648,90,38,26,12,52,47,5,42.22222222222222,28.888888888888886,13.333333333333334,57.77777777777777,52.22222222222223,5.555555555555555
E00042649,135,44,23,21,91,82,9,32.592592592592595,17.037037037037038,15.555555555555555,67.4074074074074,60.74074074074074,6.666666666666667
E00042650,174,57,32,25,117,91,26,32.758620689655174,18.39080459770115,14.367816091954023,67.24137931034483,52.29885057471264,14.942528735632186
E00042651,139,39,22,17,100,85,15,28.05755395683453,15.827338129496402,12.23021582733813,71.94244604316546,61.15107913669065,10.79136690647482
E00042652,141,37,17,20,104,85,19,26.24113475177305,12.056737588652481,14.184397163120568,73.75886524822694,60.28368794326241,13.47517730496454
E00042653,188,87,57,30,101,95,6,46.27659574468085,30.319148936170215,15.957446808510639,53.72340425531915,50.53191489361703,3.1914893617021276
E00042654,39,19,9,10,20,20,0,48.717948717948715,23.076923076923077,25.64102564102564,51.28205128205128,51.28205128205128,0
E00042655,102,45,31,14,57,52,5,44.11764705882353,30.392156862745097,13.725490196078432,55.88235294117647,50.98039215686274,4.901960784313726
E00042656,184,54,25,29,130,118,12,29.347826086956523,13.586956521739129,15.760869565217392,70.65217391304348,64.13043478260869,6.521739130434782
E00042657,207,75,28,47,132,116,16,36.231884057971016,13.526570048309178,22.705314009661837,63.76811594202898,56.038647342995176,7.729468599033816
E00042658,179,70,37,33,109,99,10,39.10614525139665,20.670391061452513,18.435754189944134,60.893854748603346,55.3072625698324,5.58659217877095
E00042659,207,80,42,38,127,109,18,38.64734299516908,20.28985507246377,18.357487922705314,61.35265700483091,52.65700483091788,8.695652173913043
E00042662,136,62,29,33,74,64,10,45.588235294117645,21.323529411764707,24.264705882352942,54.41176470588235,47.05882352941176,7.352941176470589
E00042663,87,49,26,23,38,37,1,56.32183908045977,29.88505747126437,26.436781609195403,43.67816091954023,42.5287356321839,1.1494252873563218
E00042664,125,56,20,36,69,60,9,44.800000000000004,16,28.799999999999997,55.2,48,7.199999999999999
E00042665,23,11,5,6,12,12,0,47.82608695652174,21.73913043478261,26.08695652173913,52.17391304347826,52.17391304347826,0
E00042666,164,73,42,31,91,85,6,44.51219512195122,25.609756097560975,18.902439024390244,55.487804878048784,51.829268292682926,3.6585365853658534
E00042667,78,33,15,18,45,44,1,42.30769230769231,19.230769230769234,23.076923076923077,57.692307692307686,56.41025641025641,1.282051282051282
E00042668,132,59,21,38,73,67,6,44.696969696969695,15.909090909090908,28.78787878787879,55.3030303030303,50.75757575757576,4.545454545454546
E00042669,232,185,111,74,47,44,3,79.74137931034483,47.8448275862069,31.896551724137932,20.25862068965517,18.96551724137931,1.293103448275862
E00042672,228,181,109,72,47,46,1,79.3859649122807,47.80701754385965,31.57894736842105,20.614035087719298,20.175438596491226,0.43859649122807015
E00042674,105,38,19,19,67,55,12,36.19047619047619,18.095238095238095,18.095238095238095,63.8095238095238,52.38095238095239,11.428571428571429
E00042677,95,46,27,19,49,49,0,48.421052631578945,28.421052631578945,20,51.578947368421055,51.578947368421055,0
E00042679,188,109,60,49,79,67,12,57.97872340425532,31.914893617021278,26.063829787234045,42.02127659574468,35.638297872340424,6.382978723404255
E00042681,153,46,19,27,107,86,21,30.065359477124183,12.418300653594772,17.647058823529413,69.93464052287581,56.209150326797385,13.725490196078432
E00042682,206,73,38,35,133,106,27,35.43689320388349,18.446601941747574,16.990291262135923,64.56310679611651,51.45631067961165,13.106796116504855
E00042683,174,38,17,21,136,116,20,21.839080459770116,9.770114942528735,12.068965517241379,78.16091954022988,66.66666666666666,11.494252873563218
E00042685,43,22,7,15,21,20,1,51.162790697674424,16.27906976744186,34.883720930232556,48.837209302325576,46.51162790697674,2.3255813953488373
E00042686,135,44,13,31,91,76,15,32.592592592592595,9.62962962962963,22.962962962962962,67.4074074074074,56.2962962962963,11.11111111111111
E00042687,132,33,9,24,99,82,17,25,6.8181818181818175,18.181818181818183,75,62.121212121212125,12.878787878787879
E00042688,131,31,7,24,100,86,14,23.66412213740458,5.343511450381679,18.3206106870229,76.33587786259542,65.64885496183206,10.687022900763358
E00042689,143,41,15,26,102,94,8,28.671328671328673,10.48951048951049,18.181818181818183,71.32867132867133,65.73426573426573,5.594405594405594
E00042690,97,46,15,31,51,47,4,47.42268041237113,15.463917525773196,31.958762886597935,52.57731958762887,48.45360824742268,4.123711340206185
E00042691,63,27,5,22,36,35,1,42.857142857142854,7.936507936507936,34.92063492063492,57.14285714285714,55.55555555555556,1.5873015873015872
E00042693,123,65,13,52,58,48,10,52.84552845528455,10.569105691056912,42.27642276422765,47.15447154471545,39.02439024390244,8.130081300813007
E00042694,99,39,17,22,60,54,6,39.39393939393939,17.17171717171717,22.22222222222222,60.60606060606061,54.54545454545454,6.0606060606060606
E00042695,12,7,3,4,5,5,0,58.333333333333336,25,33.33333333333333,41.66666666666667,41.66666666666667,0
E00042697,83,39,12,27,44,39,5,46.98795180722892,14.457831325301203,32.53012048192771,53.01204819277109,46.98795180722892,6.024096385542169
E00042702,126,33,10,23,93,78,15,26.190476190476193,7.936507936507936,18.253968253968253,73.80952380952381,61.904761904761905,11.904761904761903
E00042703,157,43,16,27,114,103,11,27.388535031847134,10.191082802547772,17.197452229299362,72.61146496815286,65.60509554140127,7.006369426751593
E00042704,152,37,15,22,115,107,8,24.342105263157894,9.868421052631579,14.473684210526317,75.6578947368421,70.39473684210526,5.263157894736842
E00042705,152,34,7,27,118,108,10,22.36842105263158,4.605263157894736,17.763157894736842,77.63157894736842,71.05263157894737,6.578947368421052
E00042706,149,50,10,40,99,71,28,33.557046979865774,6.7114093959731544,26.845637583892618,66.44295302013423,47.651006711409394,18.79194630872483
E00042707,194,54,20,34,140,101,39,27.835051546391753,10.309278350515463,17.525773195876287,72.16494845360825,52.0618556701031,20.103092783505154
E00042708,161,42,19,23,119,96,23,26.08695652173913,11.801242236024844,14.285714285714285,73.91304347826086,59.62732919254658,14.285714285714285
E00042709,132,38,13,25,94,73,21,28.78787878787879,9.848484848484848,18.939393939393938,71.21212121212122,55.3030303030303,15.909090909090908
E00042710,119,35,12,23,84,65,19,29.411764705882355,10.084033613445378,19.327731092436977,70.58823529411765,54.621848739495796,15.966386554621847
E00042711,128,26,4,22,102,88,14,20.3125,3.125,17.1875,79.6875,68.75,10.9375
E00042712,145,46,18,28,99,73,26,31.724137931034484,12.413793103448276,19.310344827586206,68.27586206896552,50.3448275862069,17.93103448275862
E00042713,170,43,23,20,127,93,34,25.294117647058822,13.529411764705882,11.76470588235294,74.70588235294117,54.70588235294118,20
E00042714,131,42,12,30,89,66,23,32.06106870229007,9.16030534351145,22.900763358778626,67.93893129770993,50.38167938931297,17.557251908396946
E00042715,135,28,9,19,107,99,8,20.74074074074074,6.666666666666667,14.074074074074074,79.25925925925927,73.33333333333333,5.9259259259259265
E00042716,158,37,10,27,121,98,23,23.417721518987342,6.329113924050633,17.088607594936708,76.58227848101265,62.0253164556962,14.556962025316455
E00042717,234,59,28,31,175,121,54,25.213675213675213,11.965811965811966,13.247863247863249,74.78632478632478,51.70940170940172,23.076923076923077
E00042718,158,47,16,31,111,95,16,29.746835443037973,10.126582278481013,19.62025316455696,70.25316455696202,60.12658227848101,10.126582278481013
E00042719,163,53,23,30,110,87,23,32.515337423312886,14.11042944785276,18.404907975460123,67.48466257668711,53.37423312883436,14.11042944785276
E00042720,144,38,11,27,106,88,18,26.38888888888889,7.638888888888889,18.75,73.61111111111111,61.111111111111114,12.5
E00042721,179,45,16,29,134,111,23,25.139664804469277,8.938547486033519,16.201117318435752,74.86033519553072,62.01117318435754,12.849162011173185
E00042722,176,36,7,29,140,127,13,20.454545454545457,3.977272727272727,16.477272727272727,79.54545454545455,72.1590909090909,7.386363636363637
E00042723,130,48,25,23,82,61,21,36.92307692307693,19.230769230769234,17.692307692307693,63.07692307692307,46.92307692307692,16.153846153846153
E00042724,189,44,15,29,145,113,32,23.28042328042328,7.936507936507936,15.343915343915343,76.71957671957672,59.78835978835979,16.93121693121693
E00042725,161,54,22,32,107,71,36,33.54037267080746,13.664596273291925,19.875776397515526,66.45962732919256,44.099378881987576,22.36024844720497
E00042726,176,40,24,16,136,110,26,22.727272727272727,13.636363636363635,9.090909090909092,77.27272727272727,62.5,14.772727272727273
E00042727,163,53,31,22,110,86,24,32.515337423312886,19.018404907975462,13.496932515337424,67.48466257668711,52.760736196319016,14.723926380368098
E00042728,147,48,23,25,99,72,27,32.6530612244898,15.646258503401361,17.006802721088434,67.3469387755102,48.97959183673469,18.367346938775512
E00042729,145,45,21,24,100,83,17,31.03448275862069,14.482758620689657,16.551724137931036,68.96551724137932,57.24137931034483,11.724137931034482
E00042730,140,40,16,24,100,82,18,28.57142857142857,11.428571428571429,17.142857142857142,71.42857142857143,58.57142857142858,12.857142857142856
E00042731,162,57,24,33,105,69,36,35.18518518518518,14.814814814814813,20.37037037037037,64.81481481481481,42.592592592592595,22.22222222222222
E00042732,138,27,6,21,111,92,19,19.565217391304348,4.3478260869565215,15.217391304347828,80.43478260869566,66.66666666666666,13.768115942028986
E00042733,65,29,19,10,36,34,2,44.61538461538462,29.230769230769234,15.384615384615385,55.38461538461539,52.307692307692314,3.076923076923077
E00042734,121,26,7,19,95,77,18,21.487603305785125,5.785123966942149,15.702479338842975,78.51239669421489,63.63636363636363,14.87603305785124
E00042735,129,29,10,19,100,81,19,22.48062015503876,7.751937984496124,14.728682170542637,77.51937984496125,62.7906976744186,14.728682170542637
E00042736,188,34,10,24,154,126,28,18.085106382978726,5.319148936170213,12.76595744680851,81.91489361702128,67.02127659574468,14.893617021276595
E00042737,215,37,14,23,178,155,23,17.209302325581397,6.511627906976744,10.69767441860465,82.7906976744186,72.09302325581395,10.69767441860465
E00042738,116,18,0,18,98,83,15,15.517241379310345,0,15.517241379310345,84.48275862068965,71.55172413793103,12.931034482758621
E00042739,152,43,15,28,109,83,26,28.289473684210524,9.868421052631579,18.421052631578945,71.71052631578947,54.60526315789473,17.105263157894736
E00042740,122,52,20,32,70,57,13,42.62295081967213,16.39344262295082,26.229508196721312,57.377049180327866,46.72131147540984,10.655737704918032
E00042741,116,54,13,41,62,56,6,46.55172413793103,11.206896551724139,35.3448275862069,53.44827586206896,48.275862068965516,5.172413793103448
E00042743,82,32,8,24,50,45,5,39.02439024390244,9.75609756097561,29.268292682926827,60.97560975609756,54.87804878048781,6.097560975609756
E00042745,132,52,18,34,80,74,6,39.39393939393939,13.636363636363635,25.757575757575758,60.60606060606061,56.060606060606055,4.545454545454546
E00042746,102,38,20,18,64,62,2,37.254901960784316,19.607843137254903,17.647058823529413,62.745098039215684,60.78431372549019,1.9607843137254901
E00042747,136,32,11,21,104,92,12,23.52941176470588,8.088235294117647,15.441176470588236,76.47058823529412,67.64705882352942,8.823529411764707
E00042748,100,31,10,21,69,63,6,31,10,21,69,63,6
E00042752,56,24,8,16,32,31,1,42.857142857142854,14.285714285714285,28.57142857142857,57.14285714285714,55.35714285714286,1.7857142857142856
E00042753,19,7,4,3,12,9,3,36.84210526315789,21.052631578947366,15.789473684210526,63.1578947368421,47.368421052631575,15.789473684210526
E00042754,124,43,16,27,81,76,5,34.67741935483871,12.903225806451612,21.774193548387096,65.32258064516128,61.29032258064516,4.032258064516129
E00042756,119,44,11,33,75,70,5,36.97478991596639,9.243697478991598,27.73109243697479,63.02521008403361,58.82352941176471,4.201680672268908
E00042757,92,37,9,28,55,51,4,40.21739130434783,9.782608695652174,30.434782608695656,59.78260869565217,55.434782608695656,4.3478260869565215
E00042758,149,56,16,40,93,84,9,37.58389261744966,10.738255033557047,26.845637583892618,62.41610738255034,56.375838926174495,6.0402684563758395
E00042759,71,33,13,20,38,30,8,46.478873239436616,18.30985915492958,28.169014084507044,53.52112676056338,42.25352112676056,11.267605633802818
E00042761,103,40,18,22,63,56,7,38.83495145631068,17.475728155339805,21.35922330097087,61.165048543689316,54.36893203883495,6.796116504854369
E00042762,89,32,15,17,57,50,7,35.95505617977528,16.853932584269664,19.101123595505616,64.04494382022472,56.17977528089888,7.865168539325842
E00042763,96,34,11,23,62,56,6,35.41666666666667,11.458333333333332,23.958333333333336,64.58333333333334,58.333333333333336,6.25
E00042764,119,46,14,32,73,67,6,38.655462184873954,11.76470588235294,26.89075630252101,61.34453781512605,56.30252100840336,5.042016806722689
E00042766,66,24,3,21,42,34,8,36.36363636363637,4.545454545454546,31.818181818181817,63.63636363636363,51.515151515151516,12.121212121212121
E00042767,206,62,13,49,144,123,21,30.097087378640776,6.310679611650485,23.78640776699029,69.90291262135922,59.70873786407766,10.194174757281553
E00042768,118,41,9,32,77,70,7,34.74576271186441,7.627118644067797,27.11864406779661,65.2542372881356,59.32203389830508,5.932203389830509
E00042769,131,35,6,29,96,91,5,26.717557251908396,4.580152671755725,22.137404580152673,73.2824427480916,69.46564885496184,3.816793893129771
E00042770,108,39,16,23,69,62,7,36.11111111111111,14.814814814814813,21.296296296296298,63.888888888888886,57.407407407407405,6.481481481481481
E00042771,140,51,14,37,89,74,15,36.42857142857142,10,26.42857142857143,63.57142857142857,52.85714285714286,10.714285714285714
E00042772,174,44,11,33,130,105,25,25.287356321839084,6.321839080459771,18.96551724137931,74.71264367816092,60.3448275862069,14.367816091954023
E00042773,73,11,1,10,62,53,9,15.068493150684931,1.36986301369863,13.698630136986301,84.93150684931507,72.6027397260274,12.32876712328767
E00042774,73,29,10,19,44,41,3,39.726027397260275,13.698630136986301,26.027397260273972,60.273972602739725,56.16438356164384,4.10958904109589
E00042775,276,76,19,57,200,184,16,27.536231884057973,6.884057971014493,20.652173913043477,72.46376811594203,66.66666666666666,5.797101449275362
E00042776,165,59,15,44,106,95,11,35.75757575757576,9.090909090909092,26.666666666666668,64.24242424242425,57.57575757575758,6.666666666666667
E00042777,201,51,14,37,150,133,17,25.37313432835821,6.965174129353234,18.407960199004975,74.6268656716418,66.16915422885572,8.45771144278607
E00042778,122,27,9,18,95,89,6,22.131147540983605,7.377049180327869,14.754098360655737,77.8688524590164,72.95081967213115,4.918032786885246
E00042779,107,45,8,37,62,58,4,42.05607476635514,7.476635514018691,34.57943925233645,57.943925233644855,54.20560747663551,3.7383177570093453
E00042780,135,34,11,23,101,87,14,25.185185185185183,8.148148148148149,17.037037037037038,74.81481481481481,64.44444444444444,10.37037037037037
E00042781,95,20,8,12,75,64,11,21.052631578947366,8.421052631578947,12.631578947368421,78.94736842105263,67.36842105263158,11.578947368421053
E00042782,159,47,18,29,112,99,13,29.559748427672954,11.320754716981133,18.238993710691823,70.44025157232704,62.264150943396224,8.176100628930817
E00042783,107,34,10,24,73,67,6,31.775700934579437,9.345794392523365,22.429906542056074,68.22429906542055,62.616822429906534,5.607476635514018
E00042784,69,22,10,12,47,39,8,31.88405797101449,14.492753623188406,17.391304347826086,68.11594202898551,56.52173913043478,11.594202898550725
E00042785,117,45,7,38,72,62,10,38.46153846153847,5.982905982905983,32.47863247863248,61.53846153846154,52.991452991452995,8.547008547008547
E00042786,178,53,17,36,125,105,20,29.775280898876407,9.550561797752808,20.224719101123593,70.2247191011236,58.98876404494382,11.235955056179774
E00042787,108,49,36,13,59,55,4,45.370370370370374,33.33333333333333,12.037037037037036,54.629629629629626,50.92592592592593,3.7037037037037033
E00042788,108,39,12,27,69,61,8,36.11111111111111,11.11111111111111,25,63.888888888888886,56.481481481481474,7.4074074074074066
E00042789,162,50,18,32,112,103,9,30.864197530864196,11.11111111111111,19.753086419753085,69.1358024691358,63.580246913580254,5.555555555555555
E00042790,78,25,6,19,53,51,2,32.05128205128205,7.6923076923076925,24.358974358974358,67.94871794871796,65.38461538461539,2.564102564102564
E00042791,104,42,21,21,62,54,8,40.38461538461539,20.192307692307693,20.192307692307693,59.61538461538461,51.92307692307693,7.6923076923076925
E00042792,102,38,9,29,64,56,8,37.254901960784316,8.823529411764707,28.431372549019606,62.745098039215684,54.90196078431373,7.8431372549019605
E00042793,98,29,6,23,69,65,4,29.591836734693878,6.122448979591836,23.46938775510204,70.40816326530613,66.3265306122449,4.081632653061225
E00042794,208,75,21,54,133,122,11,36.05769230769231,10.096153846153847,25.961538461538463,63.942307692307686,58.65384615384615,5.288461538461538
E00042795,160,45,18,27,115,110,5,28.125,11.25,16.875,71.875,68.75,3.125
E00042796,142,49,14,35,93,87,6,34.50704225352113,9.859154929577464,24.647887323943664,65.49295774647888,61.267605633802816,4.225352112676056
E00042797,70,22,6,16,48,47,1,31.428571428571427,8.571428571428571,22.857142857142858,68.57142857142857,67.14285714285714,1.4285714285714286
E00042798,133,41,8,33,92,79,13,30.82706766917293,6.015037593984962,24.81203007518797,69.17293233082707,59.3984962406015,9.774436090225564
E00042799,117,29,9,20,88,79,9,24.786324786324787,7.6923076923076925,17.094017094017094,75.21367521367522,67.52136752136752,7.6923076923076925
E00042800,96,27,4,23,69,61,8,28.125,4.166666666666666,23.958333333333336,71.875,63.541666666666664,8.333333333333332
E00042801,203,48,15,33,155,138,17,23.645320197044335,7.389162561576355,16.25615763546798,76.35467980295566,67.98029556650246,8.374384236453201
E00042802,150,45,6,39,105,96,9,30,4,26,70,64,6
E00042803,137,62,23,39,75,70,5,45.25547445255474,16.78832116788321,28.467153284671532,54.74452554744526,51.09489051094891,3.64963503649635
E00042805,67,21,5,16,46,43,3,31.343283582089555,7.462686567164178,23.88059701492537,68.65671641791045,64.17910447761194,4.477611940298507
E00042806,106,46,14,32,60,55,5,43.39622641509434,13.20754716981132,30.18867924528302,56.60377358490566,51.886792452830186,4.716981132075472
E00042807,58,24,6,18,34,33,1,41.37931034482759,10.344827586206897,31.03448275862069,58.620689655172406,56.896551724137936,1.7241379310344827
E00042808,123,60,17,43,63,57,6,48.78048780487805,13.821138211382115,34.959349593495936,51.21951219512195,46.34146341463415,4.878048780487805
E00042810,94,42,12,30,52,48,4,44.680851063829785,12.76595744680851,31.914893617021278,55.319148936170215,51.06382978723404,4.25531914893617
E00042811,143,71,31,40,72,67,5,49.65034965034965,21.678321678321677,27.972027972027973,50.349650349650354,46.85314685314685,3.4965034965034967
E00042812,37,13,8,5,24,21,3,35.13513513513514,21.62162162162162,13.513513513513514,64.86486486486487,56.75675675675676,8.108108108108109
E00042814,107,43,14,29,64,56,8,40.18691588785047,13.084112149532709,27.102803738317753,59.813084112149525,52.336448598130836,7.476635514018691
E00042816,122,32,12,20,90,81,9,26.229508196721312,9.836065573770492,16.39344262295082,73.77049180327869,66.39344262295081,7.377049180327869
E00042818,65,29,9,20,36,32,4,44.61538461538462,13.846153846153847,30.76923076923077,55.38461538461539,49.23076923076923,6.153846153846154
E00042819,95,36,11,25,59,52,7,37.89473684210527,11.578947368421053,26.31578947368421,62.10526315789474,54.736842105263165,7.368421052631578
E00042822,199,71,25,46,128,113,15,35.678391959798994,12.562814070351758,23.115577889447238,64.321608040201,56.78391959798995,7.537688442211055
E00042823,77,30,6,24,47,47,0,38.961038961038966,7.792207792207792,31.16883116883117,61.038961038961034,61.038961038961034,0
E00042824,98,41,9,32,57,54,3,41.83673469387755,9.183673469387756,32.6530612244898,58.16326530612245,55.10204081632652,3.061224489795918
E00042825,238,81,43,38,157,134,23,34.03361344537815,18.067226890756302,15.966386554621847,65.96638655462185,56.30252100840336,9.663865546218489
E00042826,198,66,35,31,132,115,17,33.33333333333333,17.67676767676768,15.656565656565657,66.66666666666666,58.080808080808076,8.585858585858585
E00042827,88,42,15,27,46,39,7,47.72727272727273,17.045454545454543,30.681818181818183,52.27272727272727,44.31818181818182,7.954545454545454
E00042828,116,47,12,35,69,60,9,40.51724137931034,10.344827586206897,30.17241379310345,59.48275862068966,51.724137931034484,7.758620689655173
E00042830,89,47,31,16,42,36,6,52.80898876404494,34.831460674157306,17.97752808988764,47.19101123595505,40.44943820224719,6.741573033707865
E00042831,269,69,18,51,200,169,31,25.650557620817843,6.691449814126393,18.95910780669145,74.34944237918215,62.825278810408925,11.524163568773234
E00042832,100,26,7,19,74,65,9,26,7.000000000000001,19,74,65,9
E00042833,230,70,18,52,160,145,15,30.434782608695656,7.82608695652174,22.608695652173914,69.56521739130434,63.04347826086957,6.521739130434782
E00042834,144,33,10,23,111,96,15,22.916666666666664,6.944444444444445,15.972222222222221,77.08333333333334,66.66666666666666,10.416666666666668
E00042835,105,29,9,20,76,71,5,27.61904761904762,8.571428571428571,19.047619047619047,72.38095238095238,67.61904761904762,4.761904761904762
E00042836,161,55,18,37,106,96,10,34.161490683229815,11.180124223602485,22.981366459627328,65.83850931677019,59.62732919254658,6.211180124223603
E00042837,136,27,10,17,109,88,21,19.852941176470587,7.352941176470589,12.5,80.14705882352942,64.70588235294117,15.441176470588236
E00042838,146,39,14,25,107,93,14,26.71232876712329,9.58904109589041,17.123287671232877,73.28767123287672,63.6986301369863,9.58904109589041
E00042839,80,28,5,23,52,46,6,35,6.25,28.749999999999996,65,57.49999999999999,7.5
E00042840,86,38,7,31,48,48,0,44.18604651162791,8.13953488372093,36.04651162790697,55.81395348837209,55.81395348837209,0
E00042841,102,29,11,18,73,65,8,28.431372549019606,10.784313725490197,17.647058823529413,71.56862745098039,63.725490196078425,7.8431372549019605
E00042842,109,36,11,25,73,65,8,33.02752293577982,10.091743119266056,22.93577981651376,66.97247706422019,59.63302752293578,7.339449541284404
E00042843,120,36,9,27,84,84,0,30,7.5,22.5,70,70,0
E00042844,121,42,12,30,79,68,11,34.710743801652896,9.917355371900827,24.793388429752067,65.28925619834712,56.19834710743802,9.090909090909092
E00042845,89,25,2,23,64,57,7,28.08988764044944,2.247191011235955,25.842696629213485,71.91011235955057,64.04494382022472,7.865168539325842
E00042846,104,33,7,26,71,68,3,31.73076923076923,6.730769230769231,25,68.26923076923077,65.38461538461539,2.8846153846153846
E00042847,146,42,4,38,104,91,13,28.767123287671232,2.73972602739726,26.027397260273972,71.23287671232876,62.328767123287676,8.904109589041095
E00042848,219,83,24,59,136,121,15,37.89954337899543,10.95890410958904,26.94063926940639,62.10045662100456,55.25114155251142,6.8493150684931505
E00042849,131,39,7,32,92,83,9,29.770992366412212,5.343511450381679,24.427480916030532,70.22900763358778,63.358778625954194,6.870229007633588
E00042850,99,28,5,23,71,66,5,28.28282828282828,5.05050505050505,23.232323232323232,71.71717171717171,66.66666666666666,5.05050505050505
E00042851,138,38,15,23,100,85,15,27.536231884057973,10.869565217391305,16.666666666666664,72.46376811594203,61.59420289855072,10.869565217391305
E00042852,186,44,12,32,142,122,20,23.655913978494624,6.451612903225806,17.20430107526882,76.34408602150538,65.59139784946237,10.75268817204301
E00042853,92,29,6,23,63,58,5,31.521739130434785,6.521739130434782,25,68.47826086956522,63.04347826086957,5.434782608695652
E00042854,77,26,9,17,51,45,6,33.76623376623377,11.688311688311687,22.07792207792208,66.23376623376623,58.44155844155844,7.792207792207792
E00042855,105,31,10,21,74,69,5,29.523809523809526,9.523809523809524,20,70.47619047619048,65.71428571428571,4.761904761904762
E00042856,114,42,13,29,72,62,10,36.84210526315789,11.403508771929824,25.438596491228072,63.1578947368421,54.385964912280706,8.771929824561402
E00042857,169,52,9,43,117,105,12,30.76923076923077,5.325443786982249,25.443786982248522,69.23076923076923,62.1301775147929,7.100591715976331
E00042858,116,37,7,30,79,71,8,31.896551724137932,6.0344827586206895,25.862068965517242,68.10344827586206,61.206896551724135,6.896551724137931
E00042859,137,40,17,23,97,88,9,29.1970802919708,12.408759124087592,16.78832116788321,70.8029197080292,64.23357664233576,6.569343065693431
E00042860,117,38,15,23,79,68,11,32.47863247863248,12.82051282051282,19.65811965811966,67.52136752136752,58.119658119658126,9.401709401709402
E00042861,86,33,10,23,53,49,4,38.372093023255815,11.627906976744185,26.744186046511626,61.627906976744185,56.97674418604651,4.651162790697675
E00042862,103,35,8,27,68,62,6,33.980582524271846,7.766990291262135,26.21359223300971,66.01941747572816,60.19417475728155,5.825242718446602
E00042863,148,59,13,46,89,76,13,39.86486486486486,8.783783783783784,31.08108108108108,60.13513513513513,51.35135135135135,8.783783783783784
E00042864,117,31,10,21,86,76,10,26.495726495726498,8.547008547008547,17.94871794871795,73.50427350427351,64.95726495726495,8.547008547008547
E00042865,107,41,15,26,66,59,7,38.31775700934579,14.018691588785046,24.299065420560748,61.6822429906542,55.140186915887845,6.5420560747663545
E00042866,178,45,10,35,133,114,19,25.280898876404496,5.617977528089887,19.662921348314608,74.71910112359551,64.04494382022472,10.674157303370785
E00042867,153,42,17,25,111,98,13,27.450980392156865,11.11111111111111,16.33986928104575,72.54901960784314,64.05228758169935,8.49673202614379
E00042868,119,37,13,24,82,68,14,31.092436974789916,10.92436974789916,20.168067226890756,68.90756302521008,57.14285714285714,11.76470588235294
E00042869,123,34,6,28,89,83,6,27.64227642276423,4.878048780487805,22.76422764227642,72.35772357723577,67.47967479674797,4.878048780487805
E00042870,130,29,4,25,101,89,12,22.30769230769231,3.076923076923077,19.230769230769234,77.6923076923077,68.46153846153847,9.230769230769232
E00042871,125,33,7,26,92,83,9,26.400000000000002,5.6000000000000005,20.8,73.6,66.4,7.199999999999999
E00042872,108,22,4,18,86,76,10,20.37037037037037,3.7037037037037033,16.666666666666664,79.62962962962963,70.37037037037037,9.25925925925926
E00042873,144,53,26,27,91,78,13,36.80555555555556,18.055555555555554,18.75,63.19444444444444,54.166666666666664,9.027777777777777
E00042874,232,96,31,65,136,127,9,41.37931034482759,13.36206896551724,28.01724137931034,58.620689655172406,54.741379310344826,3.8793103448275863
E00042875,175,71,34,37,104,84,20,40.57142857142857,19.428571428571427,21.142857142857142,59.42857142857143,48,11.428571428571429
E00042876,164,60,27,33,104,93,11,36.58536585365854,16.463414634146343,20.121951219512198,63.41463414634146,56.70731707317073,6.707317073170732
E00042877,185,91,33,58,94,86,8,49.18918918918919,17.83783783783784,31.351351351351354,50.810810810810814,46.48648648648649,4.324324324324325
E00042878,166,73,33,40,93,83,10,43.97590361445783,19.879518072289155,24.096385542168676,56.024096385542165,50,6.024096385542169
E00042879,149,83,20,63,66,61,5,55.70469798657718,13.422818791946309,42.281879194630875,44.29530201342282,40.939597315436245,3.3557046979865772
E00042880,193,81,22,59,112,90,22,41.968911917098445,11.398963730569948,30.569948186528496,58.03108808290155,46.63212435233161,11.398963730569948
E00042881,162,61,17,44,101,87,14,37.65432098765432,10.493827160493826,27.160493827160494,62.34567901234568,53.70370370370371,8.641975308641975
E00042882,232,80,17,63,152,139,13,34.48275862068966,7.327586206896551,27.155172413793103,65.51724137931035,59.91379310344828,5.603448275862069
E00042883,148,56,19,37,92,80,12,37.83783783783784,12.837837837837837,25,62.16216216216216,54.054054054054056,8.108108108108109
E00042884,140,65,14,51,75,69,6,46.42857142857143,10,36.42857142857142,53.57142857142857,49.28571428571429,4.285714285714286
E00042885,105,43,16,27,62,55,7,40.95238095238095,15.238095238095239,25.71428571428571,59.04761904761905,52.38095238095239,6.666666666666667
E00042886,137,46,15,31,91,87,4,33.57664233576642,10.948905109489052,22.62773722627737,66.42335766423358,63.503649635036496,2.9197080291970803
E00042887,109,37,11,26,72,64,8,33.94495412844037,10.091743119266056,23.853211009174313,66.05504587155964,58.71559633027523,7.339449541284404
E00042888,172,67,18,49,105,95,10,38.95348837209303,10.465116279069768,28.488372093023255,61.04651162790697,55.23255813953488,5.813953488372093
E00042889,168,66,22,44,102,75,27,39.285714285714285,13.095238095238097,26.190476190476193,60.71428571428571,44.642857142857146,16.071428571428573
E00042890,139,52,16,36,87,78,9,37.410071942446045,11.510791366906476,25.899280575539567,62.589928057553955,56.11510791366906,6.474820143884892
E00042891,158,34,15,19,124,98,26,21.518987341772153,9.49367088607595,12.025316455696203,78.48101265822784,62.0253164556962,16.455696202531644
E00042892,134,44,7,37,90,79,11,32.83582089552239,5.223880597014925,27.611940298507463,67.16417910447761,58.95522388059702,8.208955223880597
E00042893,145,48,15,33,97,83,14,33.10344827586207,10.344827586206897,22.758620689655174,66.89655172413794,57.24137931034483,9.655172413793103
E00042894,178,73,23,50,105,92,13,41.01123595505618,12.921348314606742,28.08988764044944,58.98876404494382,51.68539325842697,7.303370786516854
E00042895,171,44,12,32,127,111,16,25.730994152046783,7.017543859649122,18.71345029239766,74.26900584795322,64.91228070175438,9.35672514619883
E00042896,166,65,23,42,101,88,13,39.1566265060241,13.855421686746988,25.301204819277107,60.8433734939759,53.01204819277109,7.83132530120482
E00042897,162,64,25,39,98,83,15,39.50617283950617,15.432098765432098,24.074074074074073,60.49382716049383,51.23456790123457,9.25925925925926
E00042898,170,76,35,41,94,85,9,44.70588235294118,20.588235294117645,24.11764705882353,55.294117647058826,50,5.294117647058823
E00042899,190,90,30,60,100,92,8,47.368421052631575,15.789473684210526,31.57894736842105,52.63157894736842,48.421052631578945,4.2105263157894735
E00042900,194,81,33,48,113,99,14,41.75257731958763,17.010309278350515,24.742268041237114,58.24742268041238,51.03092783505154,7.216494845360824
E00042901,130,71,32,39,59,53,6,54.61538461538461,24.615384615384617,30,45.38461538461539,40.76923076923077,4.615384615384616
E00042902,130,56,14,42,74,67,7,43.07692307692308,10.76923076923077,32.30769230769231,56.92307692307692,51.53846153846153,5.384615384615385
E00042903,139,66,26,40,73,64,9,47.482014388489205,18.705035971223023,28.776978417266186,52.51798561151079,46.043165467625904,6.474820143884892
E00042904,129,53,9,44,76,74,2,41.08527131782946,6.976744186046512,34.10852713178294,58.91472868217055,57.36434108527132,1.550387596899225
E00042905,63,22,9,13,41,41,0,34.92063492063492,14.285714285714285,20.634920634920633,65.07936507936508,65.07936507936508,0
E00042906,109,41,13,28,68,60,8,37.61467889908257,11.926605504587156,25.688073394495415,62.38532110091744,55.04587155963303,7.339449541284404
E00042907,105,41,8,33,64,60,4,39.04761904761905,7.6190476190476195,31.428571428571427,60.952380952380956,57.14285714285714,3.8095238095238098
E00042908,131,53,11,42,78,73,5,40.458015267175576,8.396946564885496,32.06106870229007,59.541984732824424,55.72519083969466,3.816793893129771
E00042909,96,37,10,27,59,54,5,38.54166666666667,10.416666666666668,28.125,61.458333333333336,56.25,5.208333333333334
E00042910,174,49,14,35,125,103,22,28.160919540229884,8.045977011494253,20.114942528735632,71.83908045977012,59.195402298850574,12.643678160919542
E00042911,240,48,15,33,192,168,24,20,6.25,13.750000000000002,80,70,10
E00042912,307,80,29,51,227,170,57,26.058631921824105,9.446254071661238,16.612377850162865,73.9413680781759,55.37459283387622,18.566775244299674
E00042913,289,63,20,43,226,180,46,21.79930795847751,6.920415224913495,14.878892733564014,78.20069204152249,62.28373702422145,15.916955017301039
E00042914,108,33,5,28,75,69,6,30.555555555555557,4.62962962962963,25.925925925925924,69.44444444444444,63.888888888888886,5.555555555555555
E00042915,126,32,6,26,94,85,9,25.396825396825395,4.761904761904762,20.634920634920633,74.60317460317461,67.46031746031747,7.142857142857142
E00042916,105,36,15,21,69,63,6,34.285714285714285,14.285714285714285,20,65.71428571428571,60,5.714285714285714
E00042917,98,28,8,20,70,69,1,28.57142857142857,8.16326530612245,20.408163265306122,71.42857142857143,70.40816326530613,1.0204081632653061
E00042918,146,47,19,28,99,91,8,32.19178082191781,13.013698630136986,19.17808219178082,67.8082191780822,62.328767123287676,5.47945205479452
E00042919,130,39,10,29,91,73,18,30,7.6923076923076925,22.30769230769231,70,56.15384615384615,13.846153846153847
E00042920,92,37,5,32,55,54,1,40.21739130434783,5.434782608695652,34.78260869565217,59.78260869565217,58.69565217391305,1.0869565217391304
E00042921,113,57,12,45,56,55,1,50.442477876106196,10.619469026548673,39.823008849557525,49.557522123893804,48.67256637168141,0.8849557522123894
E00042922,93,35,11,24,58,49,9,37.634408602150536,11.827956989247312,25.806451612903224,62.365591397849464,52.68817204301075,9.67741935483871
E00042923,140,40,8,32,100,89,11,28.57142857142857,5.714285714285714,22.857142857142858,71.42857142857143,63.57142857142857,7.857142857142857
E00042924,86,33,5,28,53,49,4,38.372093023255815,5.813953488372093,32.55813953488372,61.627906976744185,56.97674418604651,4.651162790697675
E00042925,87,31,8,23,56,52,4,35.63218390804598,9.195402298850574,26.436781609195403,64.36781609195403,59.77011494252874,4.597701149425287
E00042926,81,32,7,25,49,46,3,39.50617283950617,8.641975308641975,30.864197530864196,60.49382716049383,56.79012345679012,3.7037037037037033
E00042927,99,32,4,28,67,57,10,32.323232323232325,4.040404040404041,28.28282828282828,67.67676767676768,57.57575757575758,10.1010101010101
E00042928,168,42,12,30,126,111,15,25,7.142857142857142,17.857142857142858,75,66.07142857142857,8.928571428571429
E00042929,98,25,10,15,73,66,7,25.510204081632654,10.204081632653061,15.306122448979592,74.48979591836735,67.3469387755102,7.142857142857142
E00042930,104,30,12,18,74,67,7,28.846153846153843,11.538461538461538,17.307692307692307,71.15384615384616,64.42307692307693,6.730769230769231
E00175550,174,34,14,20,140,128,12,19.54022988505747,8.045977011494253,11.494252873563218,80.45977011494253,73.5632183908046,6.896551724137931
E00175551,206,70,44,26,136,112,24,33.980582524271846,21.35922330097087,12.62135922330097,66.01941747572816,54.36893203883495,11.650485436893204
E00175552,160,17,5,12,143,125,18,10.625,3.125,7.5,89.375,78.125,11.25
E00175553,207,90,53,37,117,97,20,43.47826086956522,25.60386473429952,17.874396135265698,56.52173913043478,46.85990338164252,9.66183574879227
E00175555,124,74,51,23,50,45,5,59.67741935483871,41.12903225806452,18.548387096774192,40.32258064516129,36.29032258064516,4.032258064516129
E00175556,161,111,63,48,50,49,1,68.94409937888199,39.130434782608695,29.81366459627329,31.05590062111801,30.434782608695656,0.6211180124223602
E00175557,109,17,9,8,92,82,10,15.59633027522936,8.256880733944955,7.339449541284404,84.40366972477065,75.22935779816514,9.174311926605505
E00175558,122,48,27,21,74,69,5,39.34426229508197,22.131147540983605,17.21311475409836,60.65573770491803,56.557377049180324,4.098360655737705
E00175560,101,18,6,12,83,71,12,17.82178217821782,5.9405940594059405,11.881188118811881,82.17821782178217,70.29702970297029,11.881188118811881
E00175561,82,15,8,7,67,56,11,18.29268292682927,9.75609756097561,8.536585365853659,81.70731707317073,68.29268292682927,13.414634146341465
E00175562,117,54,13,41,63,58,5,46.15384615384615,11.11111111111111,35.04273504273504,53.84615384615385,49.572649572649574,4.273504273504273
E00175563,134,22,10,12,112,84,28,16.417910447761194,7.462686567164178,8.955223880597014,83.5820895522388,62.68656716417911,20.8955223880597
E00175564,108,71,47,24,37,34,3,65.74074074074075,43.51851851851852,22.22222222222222,34.25925925925926,31.48148148148148,2.7777777777777777
E00175565,89,12,1,11,77,76,1,13.48314606741573,1.1235955056179776,12.359550561797752,86.51685393258427,85.39325842696628,1.1235955056179776
E00175566,88,21,6,15,67,54,13,23.863636363636363,6.8181818181818175,17.045454545454543,76.13636363636364,61.36363636363637,14.772727272727273
E00175567,189,43,19,24,146,117,29,22.75132275132275,10.052910052910052,12.698412698412698,77.24867724867724,61.904761904761905,15.343915343915343
E00175568,203,54,27,27,149,123,26,26.60098522167488,13.30049261083744,13.30049261083744,73.39901477832512,60.591133004926114,12.807881773399016
E00175569,192,44,14,30,148,117,31,22.916666666666664,7.291666666666667,15.625,77.08333333333334,60.9375,16.145833333333336
E00175570,177,54,18,36,123,98,25,30.508474576271187,10.16949152542373,20.33898305084746,69.49152542372882,55.367231638418076,14.124293785310735
E00175571,213,42,14,28,171,134,37,19.718309859154928,6.572769953051644,13.145539906103288,80.28169014084507,62.91079812206573,17.370892018779344
E00175573,176,39,9,30,137,122,15,22.15909090909091,5.113636363636364,17.045454545454543,77.8409090909091,69.31818181818183,8.522727272727272
E00175574,78,41,21,20,37,32,5,52.56410256410257,26.923076923076923,25.64102564102564,47.43589743589743,41.02564102564102,6.41025641025641
E00175576,99,18,7,11,81,73,8,18.181818181818183,7.07070707070707,11.11111111111111,81.81818181818183,73.73737373737373,8.080808080808081
E00175577,111,53,27,26,58,50,8,47.74774774774775,24.324324324324326,23.423423423423422,52.25225225225225,45.04504504504504,7.207207207207207
E00175580,152,19,6,13,133,111,22,12.5,3.9473684210526314,8.552631578947368,87.5,73.02631578947368,14.473684210526317
E00175581,80,27,13,14,53,46,7,33.75,16.25,17.5,66.25,57.49999999999999,8.75
E00175582,168,60,13,47,108,94,14,35.714285714285715,7.738095238095238,27.976190476190478,64.28571428571429,55.952380952380956,8.333333333333332
E00175583,224,116,62,54,108,96,12,51.78571428571429,27.67857142857143,24.107142857142858,48.214285714285715,42.857142857142854,5.357142857142857
E00175585,93,19,12,7,74,68,6,20.43010752688172,12.903225806451612,7.526881720430108,79.56989247311827,73.11827956989248,6.451612903225806
E00175586,102,49,16,33,53,49,4,48.03921568627451,15.686274509803921,32.35294117647059,51.9607843137255,48.03921568627451,3.9215686274509802
E00175587,60,11,5,6,49,42,7,18.333333333333332,8.333333333333332,10,81.66666666666667,70,11.666666666666666
E00175588,68,22,13,9,46,41,5,32.35294117647059,19.11764705882353,13.23529411764706,67.64705882352942,60.29411764705882,7.352941176470589
E00175589,249,60,11,49,189,165,24,24.096385542168676,4.417670682730924,19.67871485943775,75.90361445783132,66.26506024096386,9.63855421686747
E00175590,129,31,10,21,98,86,12,24.031007751937985,7.751937984496124,16.27906976744186,75.96899224806202,66.66666666666666,9.30232558139535
E00175592,141,43,14,29,98,87,11,30.49645390070922,9.929078014184398,20.56737588652482,69.50354609929079,61.702127659574465,7.801418439716312
E00175593,219,91,46,45,128,109,19,41.55251141552511,21.00456621004566,20.54794520547945,58.44748858447488,49.77168949771689,8.67579908675799
E00175594,176,72,45,27,104,89,15,40.909090909090914,25.568181818181817,15.340909090909092,59.09090909090909,50.56818181818182,8.522727272727272
E00175599,169,49,8,41,120,113,7,28.994082840236686,4.733727810650888,24.2603550295858,71.00591715976331,66.86390532544378,4.142011834319527
E00175601,85,24,9,15,61,47,14,28.235294117647058,10.588235294117647,17.647058823529413,71.76470588235294,55.294117647058826,16.470588235294116
E00175602,125,30,10,20,95,80,15,24,8,16,76,64,12
E00175603,104,41,9,32,63,54,9,39.42307692307692,8.653846153846153,30.76923076923077,60.57692307692307,51.92307692307693,8.653846153846153
E00175604,125,35,13,22,90,74,16,28.000000000000004,10.4,17.599999999999998,72,59.199999999999996,12.8
E00189923,139,52,8,44,87,81,6,37.410071942446045,5.755395683453238,31.654676258992804,62.589928057553955,58.27338129496403,4.316546762589928
E00189924,212,115,85,30,97,86,11,54.24528301886793,40.09433962264151,14.150943396226415,45.75471698113208,40.56603773584906,5.188679245283019
E00189925,118,56,33,23,62,56,6,47.45762711864407,27.966101694915253,19.491525423728813,52.54237288135594,47.45762711864407,5.084745762711865
E00189926,90,45,20,25,45,44,1,50,22.22222222222222,27.77777777777778,50,48.888888888888886,1.1111111111111112
E00189927,103,24,7,17,79,69,10,23.300970873786408,6.796116504854369,16.50485436893204,76.69902912621359,66.99029126213593,9.70873786407767
E00189928,59,20,3,17,39,32,7,33.89830508474576,5.084745762711865,28.8135593220339,66.10169491525424,54.23728813559322,11.864406779661017
E00189929,113,48,13,35,65,58,7,42.47787610619469,11.504424778761061,30.973451327433626,57.52212389380531,51.32743362831859,6.1946902654867255
E00189930,237,40,14,26,197,168,29,16.877637130801688,5.9071729957805905,10.970464135021098,83.12236286919831,70.88607594936708,12.236286919831224
E00189932,164,56,19,37,108,100,8,34.146341463414636,11.585365853658537,22.5609756097561,65.85365853658537,60.97560975609756,4.878048780487805
E00189933,154,40,14,26,114,94,20,25.97402597402597,9.090909090909092,16.883116883116884,74.02597402597402,61.038961038961034,12.987012987012985
E00189934,174,135,95,40,39,32,7,77.58620689655173,54.59770114942529,22.988505747126435,22.413793103448278,18.39080459770115,4.022988505747127
E00189936,135,102,65,37,33,29,4,75.55555555555556,48.148148148148145,27.40740740740741,24.444444444444443,21.48148148148148,2.9629629629629632
E00189937,189,51,14,37,138,100,38,26.984126984126984,7.4074074074074066,19.576719576719576,73.01587301587301,52.910052910052904,20.105820105820104
E00189938,150,38,15,23,112,90,22,25.333333333333336,10,15.333333333333332,74.66666666666667,60,14.666666666666666
E00189939,188,32,10,22,156,142,14,17.02127659574468,5.319148936170213,11.702127659574469,82.97872340425532,75.53191489361703,7.446808510638298
E00189940,191,33,13,20,158,132,26,17.277486910994764,6.806282722513089,10.471204188481675,82.72251308900523,69.10994764397905,13.612565445026178
E00189942,62,16,9,7,46,40,6,25.806451612903224,14.516129032258066,11.29032258064516,74.19354838709677,64.51612903225806,9.67741935483871
E00189943,196,32,8,24,164,140,24,16.3265306122449,4.081632653061225,12.244897959183673,83.6734693877551,71.42857142857143,12.244897959183673
E00189944,131,73,17,56,58,53,5,55.72519083969466,12.977099236641221,42.74809160305343,44.274809160305345,40.458015267175576,3.816793893129771
E00189945,162,22,9,13,140,114,26,13.580246913580247,5.555555555555555,8.024691358024691,86.41975308641975,70.37037037037037,16.049382716049383
E00189947,98,13,6,7,85,74,11,13.26530612244898,6.122448979591836,7.142857142857142,86.73469387755102,75.51020408163265,11.224489795918368
E00189948,243,41,13,28,202,189,13,16.872427983539097,5.349794238683128,11.522633744855968,83.1275720164609,77.77777777777779,5.349794238683128
E00189951,72,19,1,18,53,46,7,26.38888888888889,1.3888888888888888,25,73.61111111111111,63.888888888888886,9.722222222222223
E00189952,237,56,12,44,181,158,23,23.628691983122362,5.063291139240507,18.565400843881857,76.37130801687763,66.66666666666666,9.70464135021097
E00189953,123,23,7,16,100,94,6,18.69918699186992,5.691056910569105,13.008130081300814,81.30081300813008,76.42276422764228,4.878048780487805
E00189954,177,50,7,43,127,116,11,28.24858757062147,3.954802259887006,24.293785310734464,71.75141242937853,65.5367231638418,6.214689265536723
E00189955,215,38,10,28,177,143,34,17.674418604651162,4.651162790697675,13.023255813953488,82.32558139534883,66.51162790697674,15.813953488372093
E00189956,207,36,11,25,171,139,32,17.391304347826086,5.314009661835748,12.077294685990339,82.6086956521739,67.14975845410628,15.458937198067632
E00189957,183,30,8,22,153,126,27,16.39344262295082,4.371584699453552,12.021857923497267,83.60655737704919,68.85245901639344,14.754098360655737
E00189958,179,36,9,27,143,119,24,20.11173184357542,5.027932960893855,15.083798882681565,79.88826815642457,66.4804469273743,13.40782122905028
E00189959,206,41,8,33,165,130,35,19.902912621359224,3.8834951456310676,16.019417475728158,80.09708737864078,63.10679611650486,16.990291262135923
E00189960,154,54,12,42,100,87,13,35.064935064935064,7.792207792207792,27.27272727272727,64.93506493506493,56.493506493506494,8.441558441558442
E00189961,160,132,95,37,28,24,4,82.5,59.375,23.125,17.5,15,2.5
E00189962,82,60,40,20,22,20,2,73.17073170731707,48.78048780487805,24.390243902439025,26.82926829268293,24.390243902439025,2.4390243902439024
E00189963,163,34,16,18,129,117,12,20.858895705521473,9.815950920245399,11.042944785276074,79.14110429447852,71.77914110429448,7.361963190184049
E00189964,199,37,22,15,162,145,17,18.592964824120603,11.055276381909549,7.537688442211055,81.4070351758794,72.8643216080402,8.542713567839195
E00189965,91,25,13,12,66,53,13,27.472527472527474,14.285714285714285,13.186813186813188,72.52747252747253,58.24175824175825,14.285714285714285
E00189966,130,24,7,17,106,91,15,18.461538461538463,5.384615384615385,13.076923076923078,81.53846153846153,70,11.538461538461538
E00189967,191,28,13,15,163,142,21,14.659685863874344,6.806282722513089,7.853403141361256,85.34031413612566,74.3455497382199,10.99476439790576
E00189969,168,120,89,31,48,45,3,71.42857142857143,52.976190476190474,18.452380952380953,28.57142857142857,26.785714285714285,1.7857142857142856
E00189970,81,15,7,8,66,62,4,18.51851851851852,8.641975308641975,9.876543209876543,81.48148148148148,76.5432098765432,4.938271604938271
E00189971,259,197,153,44,62,57,5,76.06177606177607,59.07335907335908,16.988416988416986,23.93822393822394,22.00772200772201,1.9305019305019304
E00189972,139,25,3,22,114,97,17,17.985611510791365,2.158273381294964,15.827338129496402,82.01438848920863,69.7841726618705,12.23021582733813
E00189974,78,29,14,15,49,45,4,37.17948717948718,17.94871794871795,19.230769230769234,62.82051282051282,57.692307692307686,5.128205128205128
E00189975,155,40,15,25,115,100,15,25.806451612903224,9.67741935483871,16.129032258064516,74.19354838709677,64.51612903225806,9.67741935483871
E00189976,59,38,22,16,21,19,2,64.40677966101694,37.28813559322034,27.11864406779661,35.59322033898305,32.20338983050847,3.389830508474576
E00189977,172,26,12,14,146,121,25,15.11627906976744,6.976744186046512,8.13953488372093,84.88372093023256,70.34883720930233,14.534883720930234
E00189978,134,31,10,21,103,84,19,23.134328358208954,7.462686567164178,15.671641791044777,76.86567164179104,62.68656716417911,14.17910447761194
E00189980,45,16,5,11,29,25,4,35.55555555555556,11.11111111111111,24.444444444444443,64.44444444444444,55.55555555555556,8.88888888888889
E00189981,140,37,14,23,103,89,14,26.42857142857143,10,16.428571428571427,73.57142857142858,63.57142857142857,10
E00189983,78,40,18,22,38,36,2,51.28205128205128,23.076923076923077,28.205128205128204,48.717948717948715,46.15384615384615,2.564102564102564
E00189984,74,50,18,32,24,21,3,67.56756756756756,24.324324324324326,43.24324324324324,32.432432432432435,28.37837837837838,4.054054054054054
E00189985,65,37,15,22,28,23,5,56.92307692307692,23.076923076923077,33.84615384615385,43.07692307692308,35.38461538461539,7.6923076923076925
E00189986,138,55,34,21,83,76,7,39.85507246376812,24.637681159420293,15.217391304347828,60.14492753623188,55.072463768115945,5.072463768115942
E00189987,188,36,2,34,152,130,22,19.148936170212767,1.0638297872340425,18.085106382978726,80.85106382978722,69.14893617021278,11.702127659574469
E00189988,64,27,13,14,37,37,0,42.1875,20.3125,21.875,57.8125,57.8125,0
E00189989,136,46,27,19,90,83,7,33.82352941176471,19.852941176470587,13.970588235294118,66.17647058823529,61.029411764705884,5.147058823529411
E00189990,183,26,4,22,157,132,25,14.207650273224044,2.185792349726776,12.021857923497267,85.79234972677595,72.1311475409836,13.661202185792352
E00189991,211,57,13,44,154,135,19,27.014218009478675,6.161137440758294,20.85308056872038,72.98578199052133,63.98104265402843,9.004739336492891
E00189992,187,47,19,28,140,110,30,25.13368983957219,10.16042780748663,14.973262032085561,74.8663101604278,58.82352941176471,16.042780748663102
E00189993,125,21,8,13,104,92,12,16.8,6.4,10.4,83.2,73.6,9.6
E00189994,92,30,10,20,62,57,5,32.608695652173914,10.869565217391305,21.73913043478261,67.3913043478261,61.95652173913043,5.434782608695652
E00189996,161,125,80,45,36,32,4,77.63975155279503,49.68944099378882,27.95031055900621,22.36024844720497,19.875776397515526,2.484472049689441
E00189998,127,48,9,39,79,69,10,37.79527559055118,7.086614173228346,30.708661417322837,62.20472440944882,54.330708661417326,7.874015748031496
E00189999,196,26,7,19,170,148,22,13.26530612244898,3.571428571428571,9.693877551020408,86.73469387755102,75.51020408163265,11.224489795918368
E00190000,188,21,8,13,167,146,21,11.170212765957446,4.25531914893617,6.914893617021277,88.82978723404256,77.6595744680851,11.170212765957446
E00190002,174,42,14,28,132,117,15,24.137931034482758,8.045977011494253,16.091954022988507,75.86206896551724,67.24137931034483,8.620689655172415
E00190003,191,44,10,34,147,134,13,23.036649214659686,5.2356020942408374,17.801047120418847,76.96335078534031,70.15706806282722,6.806282722513089
E00190004,82,69,49,20,13,12,1,84.14634146341463,59.756097560975604,24.390243902439025,15.853658536585366,14.634146341463413,1.2195121951219512
E00190005,94,64,20,44,30,26,4,68.08510638297872,21.27659574468085,46.808510638297875,31.914893617021278,27.659574468085108,4.25531914893617
E00190006,192,46,11,35,146,126,20,23.958333333333336,5.729166666666666,18.229166666666664,76.04166666666666,65.625,10.416666666666668
E00190008,185,40,12,28,145,118,27,21.62162162162162,6.486486486486487,15.135135135135137,78.37837837837837,63.78378378378379,14.594594594594595
E00190010,54,31,6,25,23,20,3,57.407407407407405,11.11111111111111,46.2962962962963,42.592592592592595,37.03703703703704,5.555555555555555
E00190011,97,46,21,25,51,46,5,47.42268041237113,21.649484536082475,25.773195876288657,52.57731958762887,47.42268041237113,5.154639175257731
