OA,ts0590001,ts0590002,ts0590003,ts0590004,ts0590005,ts0590006,ts0590007,ts0590002_PCT,ts0590003_PCT,ts0590004_PCT,ts0590005_PCT,ts0590006_PCT,ts0590007_PCT
E00154944,135,51,20,31,84,68,16,37.77777777777778,14.814814814814813,22.962962962962962,62.22222222222222,50.37037037037037,11.851851851851853
E00154945,140,45,15,30,95,84,11,32.142857142857146,10.714285714285714,21.428571428571427,67.85714285714286,60,7.857142857142857
E00154946,196,51,21,30,145,122,23,26.02040816326531,10.714285714285714,15.306122448979592,73.9795918367347,62.244897959183675,11.73469387755102
E00154947,171,50,21,29,121,103,18,29.239766081871345,12.280701754385964,16.95906432748538,70.76023391812866,60.23391812865497,10.526315789473683
E00154948,179,50,22,28,129,109,20,27.932960893854748,12.290502793296088,15.64245810055866,72.06703910614524,60.893854748603346,11.1731843575419
E00154949,179,50,18,32,129,100,29,27.932960893854748,10.05586592178771,17.877094972067038,72.06703910614524,55.865921787709496,16.201117318435752
E00154950,169,38,10,28,131,103,28,22.485207100591715,5.9171597633136095,16.56804733727811,77.51479289940828,60.946745562130175,16.56804733727811
E00154951,180,50,18,32,130,109,21,27.77777777777778,10,17.77777777777778,72.22222222222221,60.55555555555555,11.666666666666666
E00154952,232,63,28,35,169,135,34,27.155172413793103,12.068965517241379,15.086206896551724,72.84482758620689,58.189655172413794,14.655172413793101
E00154953,147,28,13,15,119,94,25,19.047619047619047,8.843537414965986,10.204081632653061,80.95238095238095,63.94557823129252,17.006802721088434
E00154954,148,43,15,28,105,89,16,29.054054054054053,10.135135135135135,18.91891891891892,70.94594594594594,60.13513513513513,10.81081081081081
E00154955,160,53,20,33,107,84,23,33.125,12.5,20.625,66.875,52.5,14.374999999999998
E00154956,51,15,7,8,36,32,4,29.411764705882355,13.725490196078432,15.686274509803921,70.58823529411765,62.745098039215684,7.8431372549019605
E00154957,156,43,18,25,113,92,21,27.564102564102566,11.538461538461538,16.025641025641026,72.43589743589743,58.97435897435898,13.461538461538462
E00154958,179,53,14,39,126,95,31,29.608938547486037,7.82122905027933,21.787709497206702,70.39106145251397,53.072625698324025,17.318435754189945
E00154959,172,54,20,34,118,101,17,31.3953488372093,11.627906976744185,19.767441860465116,68.6046511627907,58.720930232558146,9.883720930232558
E00154960,228,62,26,36,166,107,59,27.192982456140353,11.403508771929824,15.789473684210526,72.80701754385966,46.92982456140351,25.877192982456144
E00154961,168,52,21,31,116,98,18,30.952380952380953,12.5,18.452380952380953,69.04761904761905,58.333333333333336,10.714285714285714
E00154962,156,43,15,28,113,91,22,27.564102564102566,9.615384615384617,17.94871794871795,72.43589743589743,58.333333333333336,14.102564102564102
E00154963,135,46,17,29,89,68,21,34.074074074074076,12.592592592592592,21.48148148148148,65.92592592592592,50.37037037037037,15.555555555555555
E00154964,184,68,29,39,116,95,21,36.95652173913043,15.760869565217392,21.195652173913043,63.04347826086957,51.63043478260869,11.41304347826087
E00154965,191,66,33,33,125,82,43,34.55497382198953,17.277486910994764,17.277486910994764,65.44502617801047,42.93193717277487,22.5130890052356
E00154966,187,53,22,31,134,80,54,28.342245989304814,11.76470588235294,16.577540106951872,71.65775401069519,42.780748663101605,28.87700534759358
E00154967,179,50,22,28,129,100,29,27.932960893854748,12.290502793296088,15.64245810055866,72.06703910614524,55.865921787709496,16.201117318435752
E00154968,128,37,14,23,91,74,17,28.90625,10.9375,17.96875,71.09375,57.8125,13.28125
E00154969,181,39,20,19,142,114,28,21.54696132596685,11.049723756906078,10.497237569060774,78.45303867403315,62.98342541436463,15.469613259668508
E00154970,177,43,18,25,134,104,30,24.293785310734464,10.16949152542373,14.124293785310735,75.70621468926554,58.75706214689266,16.94915254237288
E00154971,169,67,24,43,102,79,23,39.64497041420118,14.201183431952662,25.443786982248522,60.35502958579882,46.74556213017752,13.609467455621301
E00154972,171,51,27,24,120,92,28,29.82456140350877,15.789473684210526,14.035087719298245,70.17543859649122,53.80116959064327,16.374269005847953
E00154973,179,68,23,45,111,100,11,37.988826815642454,12.849162011173185,25.139664804469277,62.01117318435754,55.865921787709496,6.145251396648044
E00154974,213,61,15,46,152,127,25,28.638497652582164,7.042253521126761,21.5962441314554,71.36150234741784,59.624413145539904,11.737089201877934
E00154975,136,40,13,27,96,86,10,29.411764705882355,9.558823529411764,19.852941176470587,70.58823529411765,63.23529411764706,7.352941176470589
E00154976,208,54,17,37,154,130,24,25.961538461538463,8.173076923076923,17.78846153846154,74.03846153846155,62.5,11.538461538461538
E00154977,162,47,15,32,115,104,11,29.01234567901235,9.25925925925926,19.753086419753085,70.98765432098766,64.19753086419753,6.790123456790123
E00154978,148,42,15,27,106,91,15,28.37837837837838,10.135135135135135,18.243243243243242,71.62162162162163,61.48648648648649,10.135135135135135
E00154979,157,46,11,35,111,96,15,29.29936305732484,7.006369426751593,22.29299363057325,70.70063694267516,61.146496815286625,9.554140127388536
E00154981,211,54,22,32,157,137,20,25.59241706161137,10.42654028436019,15.165876777251185,74.40758293838863,64.92890995260665,9.47867298578199
E00154982,133,37,9,28,96,85,11,27.819548872180448,6.7669172932330826,21.052631578947366,72.18045112781954,63.90977443609023,8.270676691729323
E00154983,219,63,22,41,156,139,17,28.767123287671232,10.045662100456621,18.72146118721461,71.23287671232876,63.4703196347032,7.76255707762557
E00154986,180,48,16,32,132,118,14,26.666666666666668,8.88888888888889,17.77777777777778,73.33333333333333,65.55555555555556,7.777777777777778
E00154987,173,53,13,40,120,109,11,30.63583815028902,7.514450867052023,23.121387283236995,69.36416184971098,63.005780346820806,6.358381502890173
E00154988,178,54,28,26,124,91,33,30.337078651685395,15.730337078651685,14.606741573033707,69.66292134831461,51.12359550561798,18.53932584269663
E00154989,153,41,10,31,112,93,19,26.797385620915033,6.535947712418301,20.26143790849673,73.20261437908496,60.78431372549019,12.418300653594772
E00154990,132,42,16,26,90,80,10,31.818181818181817,12.121212121212121,19.696969696969695,68.18181818181817,60.60606060606061,7.575757575757576
E00154991,147,45,18,27,102,92,10,30.612244897959183,12.244897959183673,18.367346938775512,69.38775510204081,62.585034013605444,6.802721088435375
E00154992,165,39,18,21,126,108,18,23.636363636363637,10.909090909090908,12.727272727272727,76.36363636363637,65.45454545454545,10.909090909090908
E00154993,106,30,17,13,76,54,22,28.30188679245283,16.037735849056602,12.264150943396226,71.69811320754717,50.943396226415096,20.754716981132077
E00154994,180,41,20,21,139,107,32,22.77777777777778,11.11111111111111,11.666666666666666,77.22222222222223,59.44444444444444,17.77777777777778
E00154995,198,67,30,37,131,88,43,33.83838383838384,15.151515151515152,18.68686868686869,66.16161616161617,44.44444444444444,21.71717171717172
E00154996,142,42,16,26,100,79,21,29.577464788732392,11.267605633802818,18.30985915492958,70.4225352112676,55.633802816901415,14.788732394366196
E00154997,174,43,16,27,131,102,29,24.71264367816092,9.195402298850574,15.517241379310345,75.28735632183908,58.620689655172406,16.666666666666664
E00154998,187,44,12,32,143,124,19,23.52941176470588,6.417112299465241,17.11229946524064,76.47058823529412,66.31016042780749,10.16042780748663
E00154999,164,55,22,33,109,86,23,33.53658536585366,13.414634146341465,20.121951219512198,66.46341463414635,52.4390243902439,14.02439024390244
E00155000,185,55,15,40,130,116,14,29.72972972972973,8.108108108108109,21.62162162162162,70.27027027027027,62.70270270270271,7.567567567567568
E00155001,186,48,16,32,138,115,23,25.806451612903224,8.60215053763441,17.20430107526882,74.19354838709677,61.82795698924731,12.365591397849462
E00155002,142,50,18,32,92,75,17,35.2112676056338,12.676056338028168,22.535211267605636,64.7887323943662,52.816901408450704,11.971830985915492
E00155003,207,69,25,44,138,109,29,33.33333333333333,12.077294685990339,21.256038647342994,66.66666666666666,52.65700483091788,14.009661835748794
E00155004,191,44,10,34,147,124,23,23.036649214659686,5.2356020942408374,17.801047120418847,76.96335078534031,64.92146596858639,12.041884816753926
E00155005,143,42,17,25,101,78,23,29.37062937062937,11.888111888111888,17.482517482517483,70.62937062937063,54.54545454545454,16.083916083916083
E00155006,139,33,12,21,106,93,13,23.741007194244602,8.633093525179856,15.107913669064748,76.2589928057554,66.90647482014388,9.352517985611511
E00155007,173,50,19,31,123,103,20,28.901734104046245,10.982658959537572,17.91907514450867,71.09826589595376,59.53757225433526,11.560693641618498
E00155008,181,44,17,27,137,126,11,24.30939226519337,9.392265193370166,14.917127071823206,75.69060773480662,69.61325966850829,6.077348066298343
E00155009,181,39,11,28,142,109,33,21.54696132596685,6.077348066298343,15.469613259668508,78.45303867403315,60.22099447513812,18.23204419889503
E00155010,151,37,15,22,114,96,18,24.503311258278146,9.933774834437086,14.56953642384106,75.49668874172185,63.576158940397356,11.920529801324504
E00155011,208,40,12,28,168,144,24,19.230769230769234,5.769230769230769,13.461538461538462,80.76923076923077,69.23076923076923,11.538461538461538
E00155012,186,37,10,27,149,127,22,19.892473118279568,5.376344086021505,14.516129032258066,80.10752688172043,68.27956989247312,11.827956989247312
E00155013,145,38,18,20,107,84,23,26.20689655172414,12.413793103448276,13.793103448275861,73.79310344827587,57.931034482758626,15.862068965517242
E00155014,264,73,29,44,191,157,34,27.65151515151515,10.984848484848484,16.666666666666664,72.34848484848484,59.46969696969697,12.878787878787879
E00155015,124,40,16,24,84,57,27,32.25806451612903,12.903225806451612,19.35483870967742,67.74193548387096,45.96774193548387,21.774193548387096
E00155016,157,42,17,25,115,88,27,26.751592356687897,10.828025477707007,15.92356687898089,73.24840764331209,56.05095541401274,17.197452229299362
E00155017,172,54,25,29,118,95,23,31.3953488372093,14.534883720930234,16.86046511627907,68.6046511627907,55.23255813953488,13.372093023255813
E00155018,122,30,13,17,92,72,20,24.59016393442623,10.655737704918032,13.934426229508196,75.40983606557377,59.01639344262295,16.39344262295082
E00155019,123,36,8,28,87,72,15,29.268292682926827,6.504065040650407,22.76422764227642,70.73170731707317,58.536585365853654,12.195121951219512
E00155020,143,25,6,19,118,89,29,17.482517482517483,4.195804195804196,13.286713286713287,82.51748251748252,62.23776223776224,20.27972027972028
E00155021,126,46,13,33,80,58,22,36.507936507936506,10.317460317460316,26.190476190476193,63.49206349206349,46.03174603174603,17.46031746031746
E00155022,183,50,26,24,133,106,27,27.322404371584703,14.207650273224044,13.114754098360656,72.6775956284153,57.92349726775956,14.754098360655737
E00155023,186,36,7,29,150,129,21,19.35483870967742,3.763440860215054,15.591397849462366,80.64516129032258,69.35483870967742,11.29032258064516
E00155024,214,60,18,42,154,121,33,28.037383177570092,8.411214953271028,19.626168224299064,71.96261682242991,56.54205607476636,15.42056074766355
E00155025,106,34,19,15,72,57,15,32.075471698113205,17.92452830188679,14.150943396226415,67.9245283018868,53.77358490566038,14.150943396226415
E00155026,128,46,16,30,82,67,15,35.9375,12.5,23.4375,64.0625,52.34375,11.71875
E00155027,163,50,17,33,113,95,18,30.67484662576687,10.429447852760736,20.245398773006134,69.32515337423312,58.282208588957054,11.042944785276074
E00155028,168,50,19,31,118,91,27,29.761904761904763,11.30952380952381,18.452380952380953,70.23809523809523,54.166666666666664,16.071428571428573
E00155029,158,47,23,24,111,90,21,29.746835443037973,14.556962025316455,15.18987341772152,70.25316455696202,56.9620253164557,13.291139240506327
E00155030,200,69,22,47,131,113,18,34.5,11,23.5,65.5,56.49999999999999,9
E00155031,213,47,15,32,166,144,22,22.065727699530516,7.042253521126761,15.023474178403756,77.93427230046949,67.6056338028169,10.328638497652582
E00155032,157,40,15,25,117,104,13,25.477707006369428,9.554140127388536,15.92356687898089,74.52229299363057,66.2420382165605,8.280254777070063
E00155033,170,45,18,27,125,111,14,26.47058823529412,10.588235294117647,15.88235294117647,73.52941176470588,65.29411764705883,8.235294117647058
E00155034,107,40,15,25,67,54,13,37.38317757009346,14.018691588785046,23.364485981308412,62.616822429906534,50.467289719626166,12.149532710280374
E00155035,169,45,20,25,124,106,18,26.627218934911244,11.834319526627219,14.792899408284024,73.37278106508876,62.721893491124256,10.650887573964498
E00155036,194,52,19,33,142,118,24,26.804123711340207,9.793814432989691,17.010309278350515,73.19587628865979,60.824742268041234,12.371134020618557
E00155037,129,44,11,33,85,71,14,34.10852713178294,8.527131782945736,25.581395348837212,65.89147286821705,55.03875968992248,10.852713178294573
E00155038,170,28,14,14,142,119,23,16.470588235294116,8.235294117647058,8.235294117647058,83.52941176470588,70,13.529411764705882
E00155039,114,35,8,27,79,65,14,30.701754385964914,7.017543859649122,23.684210526315788,69.2982456140351,57.01754385964912,12.280701754385964
E00155040,91,24,9,15,67,54,13,26.373626373626376,9.89010989010989,16.483516483516482,73.62637362637363,59.34065934065934,14.285714285714285
E00155041,169,52,32,20,117,97,20,30.76923076923077,18.93491124260355,11.834319526627219,69.23076923076923,57.396449704142015,11.834319526627219
E00155042,161,51,20,31,110,90,20,31.67701863354037,12.422360248447205,19.25465838509317,68.32298136645963,55.90062111801242,12.422360248447205
E00155043,203,67,32,35,136,112,24,33.004926108374384,15.763546798029557,17.24137931034483,66.99507389162561,55.172413793103445,11.822660098522167
E00155044,159,45,18,27,114,89,25,28.30188679245283,11.320754716981133,16.9811320754717,71.69811320754717,55.9748427672956,15.723270440251572
E00155045,157,41,18,23,116,98,18,26.11464968152866,11.464968152866243,14.64968152866242,73.88535031847134,62.42038216560509,11.464968152866243
E00155046,169,63,27,36,106,82,24,37.278106508875744,15.976331360946746,21.301775147928996,62.721893491124256,48.5207100591716,14.201183431952662
E00155047,173,54,21,33,119,99,20,31.213872832369944,12.138728323699421,19.07514450867052,68.78612716763006,57.22543352601156,11.560693641618498
E00155049,204,65,28,37,139,104,35,31.862745098039213,13.725490196078432,18.137254901960784,68.13725490196079,50.98039215686274,17.15686274509804
E00155050,171,60,26,34,111,90,21,35.08771929824561,15.204678362573098,19.883040935672515,64.91228070175438,52.63157894736842,12.280701754385964
E00155052,191,57,24,33,134,106,28,29.84293193717277,12.56544502617801,17.277486910994764,70.15706806282722,55.497382198952884,14.659685863874344
E00155053,179,48,23,25,131,87,44,26.81564245810056,12.849162011173185,13.966480446927374,73.18435754189943,48.60335195530726,24.581005586592177
E00155054,168,48,24,24,120,75,45,28.57142857142857,14.285714285714285,14.285714285714285,71.42857142857143,44.642857142857146,26.785714285714285
E00155055,180,46,24,22,134,103,31,25.555555555555554,13.333333333333334,12.222222222222221,74.44444444444444,57.22222222222222,17.22222222222222
E00155056,181,53,15,38,128,113,15,29.2817679558011,8.287292817679557,20.994475138121548,70.71823204419888,62.430939226519335,8.287292817679557
E00155057,160,47,16,31,113,94,19,29.375,10,19.375,70.625,58.75,11.875
E00155058,197,63,26,37,134,118,16,31.979695431472084,13.19796954314721,18.781725888324875,68.02030456852792,59.89847715736041,8.121827411167512
E00155059,264,73,24,49,191,164,27,27.65151515151515,9.090909090909092,18.560606060606062,72.34848484848484,62.121212121212125,10.227272727272728
E00155060,129,44,14,30,85,76,9,34.10852713178294,10.852713178294573,23.25581395348837,65.89147286821705,58.91472868217055,6.976744186046512
E00155061,191,55,19,36,136,108,28,28.79581151832461,9.947643979057592,18.848167539267017,71.20418848167539,56.54450261780105,14.659685863874344
E00155062,160,44,23,21,116,99,17,27.500000000000004,14.374999999999998,13.125,72.5,61.875,10.625
E00155063,174,52,21,31,122,100,22,29.88505747126437,12.068965517241379,17.81609195402299,70.11494252873564,57.47126436781609,12.643678160919542
E00155064,170,56,18,38,114,91,23,32.94117647058823,10.588235294117647,22.35294117647059,67.05882352941175,53.529411764705884,13.529411764705882
E00155066,160,44,11,33,116,104,12,27.500000000000004,6.875000000000001,20.625,72.5,65,7.5
E00155067,139,54,26,28,85,72,13,38.84892086330935,18.705035971223023,20.14388489208633,61.15107913669065,51.798561151079134,9.352517985611511
E00155068,137,48,16,32,89,77,12,35.03649635036496,11.678832116788321,23.357664233576642,64.96350364963503,56.20437956204379,8.75912408759124
E00155069,169,52,19,33,117,103,14,30.76923076923077,11.242603550295858,19.526627218934912,69.23076923076923,60.946745562130175,8.284023668639055
E00155070,131,38,15,23,93,84,9,29.00763358778626,11.450381679389313,17.557251908396946,70.99236641221374,64.12213740458014,6.870229007633588
E00155071,198,63,27,36,135,120,15,31.818181818181817,13.636363636363635,18.181818181818183,68.18181818181817,60.60606060606061,7.575757575757576
E00155072,152,37,7,30,115,104,11,24.342105263157894,4.605263157894736,19.736842105263158,75.6578947368421,68.42105263157895,7.236842105263158
E00155073,157,41,10,31,116,108,8,26.11464968152866,6.369426751592357,19.745222929936308,73.88535031847134,68.78980891719745,5.095541401273886
E00155074,163,46,11,35,117,104,13,28.22085889570552,6.748466257668712,21.472392638036812,71.77914110429448,63.80368098159509,7.975460122699387
E00155075,175,50,16,34,125,92,33,28.57142857142857,9.142857142857142,19.428571428571427,71.42857142857143,52.57142857142857,18.857142857142858
E00155076,264,71,24,47,193,152,41,26.89393939393939,9.090909090909092,17.803030303030305,73.10606060606061,57.57575757575758,15.530303030303031
E00155077,135,42,20,22,93,77,16,31.11111111111111,14.814814814814813,16.296296296296298,68.88888888888889,57.03703703703704,11.851851851851853
E00155078,170,56,29,27,114,91,23,32.94117647058823,17.058823529411764,15.88235294117647,67.05882352941175,53.529411764705884,13.529411764705882
E00155079,168,49,21,28,119,103,16,29.166666666666668,12.5,16.666666666666664,70.83333333333334,61.30952380952381,9.523809523809524
E00155080,162,55,30,25,107,80,27,33.95061728395062,18.51851851851852,15.432098765432098,66.0493827160494,49.382716049382715,16.666666666666664
E00155081,134,48,26,22,86,78,8,35.82089552238806,19.402985074626866,16.417910447761194,64.17910447761194,58.2089552238806,5.970149253731343
E00155082,170,43,16,27,127,102,25,25.294117647058822,9.411764705882353,15.88235294117647,74.70588235294117,60,14.705882352941178
E00155083,138,40,13,27,98,77,21,28.985507246376812,9.420289855072465,19.565217391304348,71.01449275362319,55.79710144927537,15.217391304347828
E00155084,154,37,16,21,117,100,17,24.025974025974026,10.38961038961039,13.636363636363635,75.97402597402598,64.93506493506493,11.03896103896104
E00155085,138,45,17,28,93,80,13,32.608695652173914,12.318840579710146,20.28985507246377,67.3913043478261,57.971014492753625,9.420289855072465
E00155086,168,37,14,23,131,112,19,22.023809523809522,8.333333333333332,13.690476190476192,77.97619047619048,66.66666666666666,11.30952380952381
E00155087,188,51,14,37,137,119,18,27.127659574468083,7.446808510638298,19.680851063829788,72.87234042553192,63.297872340425535,9.574468085106384
E00155088,268,75,27,48,193,155,38,27.985074626865668,10.074626865671641,17.91044776119403,72.01492537313433,57.83582089552238,14.17910447761194
E00155090,142,47,20,27,95,71,24,33.098591549295776,14.084507042253522,19.014084507042252,66.90140845070422,50,16.901408450704224
E00155091,152,42,13,29,110,94,16,27.631578947368425,8.552631578947368,19.078947368421055,72.36842105263158,61.8421052631579,10.526315789473683
E00155092,142,43,14,29,99,81,18,30.28169014084507,9.859154929577464,20.422535211267608,69.71830985915493,57.04225352112676,12.676056338028168
E00155093,183,42,14,28,141,117,24,22.950819672131146,7.650273224043716,15.300546448087433,77.04918032786885,63.934426229508205,13.114754098360656
E00155094,200,62,23,39,138,127,11,31,11.5,19.5,69,63.5,5.5
E00155095,144,44,14,30,100,88,12,30.555555555555557,9.722222222222223,20.833333333333336,69.44444444444444,61.111111111111114,8.333333333333332
E00155096,99,27,16,11,72,53,19,27.27272727272727,16.161616161616163,11.11111111111111,72.72727272727273,53.535353535353536,19.19191919191919
E00155097,155,44,10,34,111,94,17,28.387096774193548,6.451612903225806,21.935483870967744,71.61290322580646,60.64516129032258,10.967741935483872
E00155098,187,63,27,36,124,105,19,33.68983957219251,14.43850267379679,19.25133689839572,66.31016042780749,56.14973262032086,10.16042780748663
E00155099,179,49,14,35,130,102,28,27.37430167597765,7.82122905027933,19.553072625698324,72.62569832402235,56.98324022346368,15.64245810055866
E00155100,174,55,22,33,119,96,23,31.60919540229885,12.643678160919542,18.96551724137931,68.39080459770115,55.172413793103445,13.218390804597702
E00155101,183,58,21,37,125,106,19,31.693989071038253,11.475409836065573,20.21857923497268,68.30601092896174,57.92349726775956,10.382513661202186
E00155102,160,46,18,28,114,93,21,28.749999999999996,11.25,17.5,71.25,58.12500000000001,13.125
E00155103,162,39,9,30,123,107,16,24.074074074074073,5.555555555555555,18.51851851851852,75.92592592592592,66.0493827160494,9.876543209876543
E00155104,170,45,19,26,125,98,27,26.47058823529412,11.176470588235295,15.294117647058824,73.52941176470588,57.647058823529406,15.88235294117647
E00155105,147,54,29,25,93,71,22,36.734693877551024,19.727891156462583,17.006802721088434,63.26530612244898,48.29931972789115,14.965986394557824
E00155106,199,54,17,37,145,118,27,27.1356783919598,8.542713567839195,18.592964824120603,72.8643216080402,59.2964824120603,13.5678391959799
E00155107,192,55,26,29,137,106,31,28.645833333333332,13.541666666666666,15.104166666666666,71.35416666666666,55.208333333333336,16.145833333333336
E00155108,122,34,14,20,88,68,20,27.86885245901639,11.475409836065573,16.39344262295082,72.1311475409836,55.73770491803278,16.39344262295082
E00155109,161,43,18,25,118,96,22,26.70807453416149,11.180124223602485,15.527950310559005,73.29192546583852,59.62732919254658,13.664596273291925
E00155110,120,30,19,11,90,76,14,25,15.833333333333332,9.166666666666666,75,63.33333333333333,11.666666666666666
E00155111,160,31,15,16,129,115,14,19.375,9.375,10,80.625,71.875,8.75
E00155112,179,53,22,31,126,99,27,29.608938547486037,12.290502793296088,17.318435754189945,70.39106145251397,55.3072625698324,15.083798882681565
E00155113,116,31,9,22,85,74,11,26.72413793103448,7.758620689655173,18.96551724137931,73.27586206896551,63.793103448275865,9.482758620689655
E00155114,241,58,18,40,183,161,22,24.066390041493776,7.468879668049793,16.59751037344398,75.93360995850622,66.80497925311202,9.12863070539419
E00155115,324,86,30,56,238,211,27,26.543209876543212,9.25925925925926,17.28395061728395,73.4567901234568,65.12345679012346,8.333333333333332
E00155116,209,74,25,49,135,113,22,35.406698564593306,11.961722488038278,23.444976076555022,64.5933014354067,54.066985645933016,10.526315789473683
E00155117,160,44,12,32,116,102,14,27.500000000000004,7.5,20,72.5,63.74999999999999,8.75
E00155118,226,78,36,42,148,129,19,34.51327433628318,15.929203539823009,18.58407079646018,65.48672566371681,57.07964601769911,8.4070796460177
E00155119,182,46,23,23,136,115,21,25.274725274725274,12.637362637362637,12.637362637362637,74.72527472527473,63.18681318681318,11.538461538461538
E00155120,139,33,9,24,106,89,17,23.741007194244602,6.474820143884892,17.26618705035971,76.2589928057554,64.02877697841727,12.23021582733813
E00155122,166,51,20,31,115,95,20,30.72289156626506,12.048192771084338,18.67469879518072,69.27710843373494,57.22891566265061,12.048192771084338
E00155125,170,48,15,33,122,97,25,28.235294117647058,8.823529411764707,19.411764705882355,71.76470588235294,57.05882352941176,14.705882352941178
E00155126,268,61,23,38,207,177,30,22.761194029850746,8.582089552238806,14.17910447761194,77.23880597014924,66.04477611940298,11.194029850746269
E00155127,102,24,9,15,78,72,6,23.52941176470588,8.823529411764707,14.705882352941178,76.47058823529412,70.58823529411765,5.88235294117647
E00155128,187,45,13,32,142,130,12,24.06417112299465,6.951871657754011,17.11229946524064,75.93582887700535,69.5187165775401,6.417112299465241
E00155129,220,63,26,37,157,141,16,28.636363636363637,11.818181818181818,16.818181818181817,71.36363636363636,64.0909090909091,7.2727272727272725
E00155130,140,38,11,27,102,90,12,27.142857142857142,7.857142857142857,19.28571428571429,72.85714285714285,64.28571428571429,8.571428571428571
E00155131,180,56,18,38,124,110,14,31.11111111111111,10,21.11111111111111,68.88888888888889,61.111111111111114,7.777777777777778
E00155132,186,48,16,32,138,120,18,25.806451612903224,8.60215053763441,17.20430107526882,74.19354838709677,64.51612903225806,9.67741935483871
E00155133,169,42,17,25,127,102,25,24.85207100591716,10.059171597633137,14.792899408284024,75.14792899408283,60.35502958579882,14.792899408284024
E00155134,147,41,8,33,106,89,17,27.89115646258503,5.442176870748299,22.448979591836736,72.10884353741497,60.544217687074834,11.564625850340136
E00155135,165,47,22,25,118,105,13,28.484848484848484,13.333333333333334,15.151515151515152,71.51515151515152,63.63636363636363,7.878787878787878
E00155136,161,45,20,25,116,95,21,27.95031055900621,12.422360248447205,15.527950310559005,72.04968944099379,59.006211180124225,13.043478260869565
E00155137,195,59,18,41,136,110,26,30.256410256410255,9.230769230769232,21.025641025641026,69.74358974358974,56.41025641025641,13.333333333333334
E00155138,167,39,14,25,128,113,15,23.353293413173652,8.383233532934131,14.97005988023952,76.64670658682635,67.66467065868264,8.982035928143713
E00155139,181,62,25,37,119,103,16,34.25414364640884,13.812154696132598,20.441988950276244,65.74585635359117,56.9060773480663,8.83977900552486
E00155140,221,75,34,41,146,120,26,33.93665158371041,15.384615384615385,18.552036199095024,66.06334841628959,54.29864253393665,11.76470588235294
E00155141,172,46,13,33,126,107,19,26.744186046511626,7.55813953488372,19.186046511627907,73.25581395348837,62.2093023255814,11.046511627906977
E00155142,191,58,25,33,133,115,18,30.36649214659686,13.089005235602095,17.277486910994764,69.63350785340315,60.20942408376963,9.424083769633508
E00155143,172,49,22,27,123,104,19,28.488372093023255,12.790697674418606,15.69767441860465,71.51162790697676,60.46511627906976,11.046511627906977
E00155145,150,46,27,19,104,82,22,30.666666666666664,18,12.666666666666668,69.33333333333334,54.666666666666664,14.666666666666666
E00155146,142,28,17,11,114,87,27,19.718309859154928,11.971830985915492,7.746478873239436,80.28169014084507,61.267605633802816,19.014084507042252
E00155147,143,38,13,25,105,78,27,26.573426573426573,9.090909090909092,17.482517482517483,73.42657342657343,54.54545454545454,18.88111888111888
E00155148,213,56,19,37,157,123,34,26.291079812206576,8.92018779342723,17.370892018779344,73.70892018779342,57.74647887323944,15.96244131455399
E00155149,149,43,20,23,106,85,21,28.859060402684566,13.422818791946309,15.436241610738255,71.14093959731544,57.04697986577181,14.093959731543624
E00155150,99,24,8,16,75,68,7,24.242424242424242,8.080808080808081,16.161616161616163,75.75757575757575,68.68686868686868,7.07070707070707
E00155151,164,54,25,29,110,72,38,32.926829268292686,15.24390243902439,17.682926829268293,67.07317073170732,43.90243902439025,23.170731707317074
E00155152,156,33,14,19,123,84,39,21.153846153846153,8.974358974358974,12.179487179487179,78.84615384615384,53.84615384615385,25
E00155153,180,62,24,38,118,93,25,34.44444444444444,13.333333333333334,21.11111111111111,65.55555555555556,51.66666666666667,13.88888888888889
E00155154,184,47,21,26,137,114,23,25.543478260869566,11.41304347826087,14.130434782608695,74.45652173913044,61.95652173913043,12.5
E00155155,229,82,34,48,147,104,43,35.80786026200873,14.847161572052403,20.96069868995633,64.19213973799127,45.414847161572055,18.777292576419214
E00155156,204,55,25,30,149,129,20,26.96078431372549,12.254901960784313,14.705882352941178,73.0392156862745,63.23529411764706,9.803921568627452
E00155157,135,34,10,24,101,71,30,25.185185185185183,7.4074074074074066,17.77777777777778,74.81481481481481,52.59259259259259,22.22222222222222
E00155158,165,50,18,32,115,102,13,30.303030303030305,10.909090909090908,19.393939393939394,69.6969696969697,61.81818181818181,7.878787878787878
E00155159,263,58,24,34,205,172,33,22.0532319391635,9.125475285171103,12.927756653992395,77.9467680608365,65.39923954372624,12.547528517110266
E00155160,147,36,15,21,111,87,24,24.489795918367346,10.204081632653061,14.285714285714285,75.51020408163265,59.183673469387756,16.3265306122449
E00155161,187,61,15,46,126,110,16,32.62032085561498,8.0213903743315509,24.598930481283425,67.37967914438502,58.82352941176471,8.55614973262032
E00165853,206,70,21,49,136,107,29,33.980582524271846,10.194174757281553,23.78640776699029,66.01941747572816,51.94174757281553,14.077669902912621
E00166052,208,54,20,34,154,122,32,25.961538461538463,9.615384615384617,16.346153846153847,74.03846153846155,58.65384615384615,15.384615384615385
E00166055,203,50,22,28,153,129,24,24.63054187192118,10.83743842364532,13.793103448275861,75.36945812807882,63.54679802955665,11.822660098522167
E00166057,145,52,18,34,93,81,12,35.86206896551724,12.413793103448276,23.448275862068964,64.13793103448275,55.86206896551724,8.275862068965518
E00166058,127,40,23,17,87,73,14,31.496062992125985,18.11023622047244,13.385826771653544,68.50393700787401,57.48031496062992,11.023622047244094
E00166060,201,58,22,36,143,118,25,28.855721393034827,10.945273631840797,17.91044776119403,71.14427860696517,58.70646766169154,12.437810945273633
E00166062,81,18,8,10,63,49,14,22.22222222222222,9.876543209876543,12.345679012345679,77.77777777777779,60.49382716049383,17.28395061728395
E00166063,150,44,28,16,106,88,18,29.333333333333332,18.666666666666668,10.666666666666668,70.66666666666667,58.666666666666664,12
E00166065,195,40,16,24,155,124,31,20.51282051282051,8.205128205128204,12.307692307692308,79.48717948717949,63.589743589743584,15.897435897435896
E00166066,98,19,10,9,79,73,6,19.387755102040817,10.204081632653061,9.183673469387756,80.61224489795919,74.48979591836735,6.122448979591836
E00166068,169,27,12,15,142,123,19,15.976331360946746,7.100591715976331,8.875739644970414,84.02366863905326,72.7810650887574,11.242603550295858
E00166070,179,45,20,25,134,87,47,25.139664804469277,11.1731843575419,13.966480446927374,74.86033519553072,48.60335195530726,26.256983240223462
E00166071,138,45,17,28,93,76,17,32.608695652173914,12.318840579710146,20.28985507246377,67.3913043478261,55.072463768115945,12.318840579710146
E00166073,72,20,9,11,52,43,9,27.77777777777778,12.5,15.277777777777779,72.22222222222221,59.72222222222222,12.5
E00166075,197,53,19,34,144,128,16,26.903553299492383,9.644670050761421,17.258883248730964,73.09644670050761,64.9746192893401,8.121827411167512
E00166102,102,20,9,11,82,64,18,19.607843137254903,8.823529411764707,10.784313725490197,80.3921568627451,62.745098039215684,17.647058823529413
E00166104,202,60,12,48,142,119,23,29.7029702970297,5.9405940594059405,23.762376237623762,70.29702970297029,58.91089108910891,11.386138613861387
E00180563,259,56,22,34,203,168,35,21.62162162162162,8.494208494208493,13.127413127413126,78.37837837837837,64.86486486486487,13.513513513513514
E00180573,213,50,17,33,163,130,33,23.474178403755868,7.981220657276995,15.492957746478872,76.52582159624414,61.03286384976526,15.492957746478872
E00180577,217,52,19,33,165,138,27,23.963133640552993,8.755760368663594,15.207373271889402,76.036866359447,63.594470046082954,12.442396313364055
E00180579,151,36,14,22,115,95,20,23.841059602649008,9.271523178807946,14.56953642384106,76.15894039735099,62.913907284768214,13.245033112582782
E00180581,107,20,9,11,87,74,13,18.69158878504673,8.411214953271028,10.2803738317757,81.30841121495327,69.1588785046729,12.149532710280374
E00180582,108,30,7,23,78,64,14,27.77777777777778,6.481481481481481,21.296296296296298,72.22222222222221,59.25925925925925,12.962962962962962
E00180591,271,57,24,33,214,179,35,21.033210332103323,8.856088560885608,12.177121771217712,78.96678966789668,66.05166051660517,12.915129151291513
E00180592,203,60,25,35,143,114,29,29.55665024630542,12.31527093596059,17.24137931034483,70.44334975369459,56.15763546798029,14.285714285714285
E00180599,145,42,8,34,103,89,14,28.965517241379313,5.517241379310345,23.448275862068964,71.03448275862068,61.37931034482759,9.655172413793103
E00180611,65,12,4,8,53,45,8,18.461538461538463,6.153846153846154,12.307692307692308,81.53846153846153,69.23076923076923,12.307692307692308
E00180617,112,20,5,15,92,79,13,17.857142857142858,4.464285714285714,13.392857142857142,82.14285714285714,70.53571428571429,11.607142857142858
E00180623,108,21,6,15,87,77,10,19.444444444444446,5.555555555555555,13.88888888888889,80.55555555555556,71.29629629629629,9.25925925925926
E00180638,181,52,21,31,129,107,22,28.7292817679558,11.602209944751381,17.12707182320442,71.27071823204419,59.11602209944752,12.154696132596685
