OA,ts0590001,ts0590002,ts0590003,ts0590004,ts0590005,ts0590006,ts0590007,ts0590002_PCT,ts0590003_PCT,ts0590004_PCT,ts0590005_PCT,ts0590006_PCT,ts0590007_PCT
E00108432,167,55,15,40,112,90,22,32.93413173652694,8.982035928143713,23.952095808383234,67.06586826347305,53.89221556886228,13.17365269461078
E00108433,149,47,23,24,102,86,16,31.543624161073826,15.436241610738255,16.10738255033557,68.45637583892618,57.71812080536913,10.738255033557047
E00108434,144,41,12,29,103,85,18,28.47222222222222,8.333333333333332,20.13888888888889,71.52777777777779,59.02777777777778,12.5
E00108435,201,62,27,35,139,111,28,30.845771144278604,13.432835820895523,17.412935323383085,69.15422885572139,55.223880597014926,13.930348258706468
E00108436,158,45,17,28,113,81,32,28.48101265822785,10.759493670886076,17.72151898734177,71.51898734177216,51.26582278481012,20.253164556962027
E00108437,147,42,16,26,105,83,22,28.57142857142857,10.884353741496598,17.687074829931973,71.42857142857143,56.4625850340136,14.965986394557824
E00108438,67,21,6,15,46,36,10,31.343283582089555,8.955223880597014,22.388059701492537,68.65671641791045,53.73134328358209,14.925373134328357
E00108439,145,34,14,20,111,74,37,23.448275862068964,9.655172413793103,13.793103448275861,76.55172413793103,51.03448275862069,25.517241379310345
E00108440,139,53,20,33,86,55,31,38.1294964028777,14.388489208633093,23.741007194244602,61.87050359712231,39.568345323741006,22.302158273381295
E00108441,124,49,16,33,75,65,10,39.516129032258064,12.903225806451612,26.61290322580645,60.483870967741936,52.41935483870967,8.064516129032258
E00108442,132,44,17,27,88,70,18,33.33333333333333,12.878787878787879,20.454545454545457,66.66666666666666,53.03030303030303,13.636363636363635
E00108443,189,51,18,33,138,114,24,26.984126984126984,9.523809523809524,17.46031746031746,73.01587301587301,60.317460317460316,12.698412698412698
E00108444,197,54,15,39,143,116,27,27.411167512690355,7.614213197969544,19.796954314720814,72.58883248730965,58.88324873096447,13.705583756345177
E00108445,182,48,22,26,134,117,17,26.373626373626376,12.087912087912088,14.285714285714285,73.62637362637363,64.28571428571429,9.340659340659341
E00108446,218,68,20,48,150,128,22,31.19266055045872,9.174311926605505,22.018348623853214,68.80733944954129,58.71559633027523,10.091743119266056
E00108447,233,57,20,37,176,138,38,24.463519313304722,8.583690987124463,15.879828326180256,75.53648068669528,59.227467811158796,16.30901287553648
E00108449,174,65,28,37,109,100,9,37.35632183908046,16.091954022988507,21.26436781609195,62.643678160919535,57.47126436781609,5.172413793103448
E00108450,218,64,23,41,154,126,28,29.357798165137616,10.550458715596331,18.807339449541285,70.64220183486239,57.798165137614674,12.844036697247708
E00108451,113,37,10,27,76,67,9,32.743362831858406,8.849557522123893,23.893805309734514,67.2566371681416,59.29203539823009,7.964601769911504
E00108452,208,62,20,42,146,125,21,29.807692307692307,9.615384615384617,20.192307692307693,70.1923076923077,60.09615384615385,10.096153846153847
E00108453,182,65,20,45,117,100,17,35.714285714285715,10.989010989010989,24.725274725274726,64.28571428571429,54.94505494505495,9.340659340659341
E00108454,124,39,11,28,85,69,16,31.451612903225808,8.870967741935484,22.58064516129032,68.54838709677419,55.64516129032258,12.903225806451612
E00108455,31,6,1,5,25,19,6,19.35483870967742,3.225806451612903,16.129032258064516,80.64516129032258,61.29032258064516,19.35483870967742
E00108456,150,44,15,29,106,87,19,29.333333333333332,10,19.333333333333332,70.66666666666667,57.99999999999999,12.666666666666668
E00108457,170,57,17,40,113,97,16,33.52941176470588,10,23.52941176470588,66.47058823529412,57.05882352941176,9.411764705882353
E00108458,231,64,19,45,167,135,32,27.705627705627705,8.225108225108226,19.480519480519483,72.2943722943723,58.44155844155844,13.852813852813853
E00108459,219,66,22,44,153,125,28,30.136986301369863,10.045662100456621,20.091324200913242,69.86301369863014,57.077625570776256,12.785388127853881
E00108460,117,39,16,23,78,63,15,33.33333333333333,13.675213675213676,19.65811965811966,66.66666666666666,53.84615384615385,12.82051282051282
E00108461,176,50,14,36,126,104,22,28.40909090909091,7.954545454545454,20.454545454545457,71.5909090909091,59.09090909090909,12.5
E00108462,168,55,12,43,113,92,21,32.73809523809524,7.142857142857142,25.595238095238095,67.26190476190477,54.761904761904766,12.5
E00108463,222,66,22,44,156,131,25,29.72972972972973,9.90990990990991,19.81981981981982,70.27027027027027,59.009009009009006,11.26126126126126
E00108464,80,24,8,16,56,50,6,30,10,20,70,62.5,7.5
E00108465,89,22,11,11,67,57,10,24.719101123595504,12.359550561797752,12.359550561797752,75.28089887640449,64.04494382022472,11.235955056179774
E00108466,137,47,15,32,90,80,10,34.306569343065696,10.948905109489052,23.357664233576642,65.69343065693431,58.3941605839416,7.2992700729927
E00108467,198,64,33,31,134,108,26,32.323232323232325,16.666666666666664,15.656565656565657,67.67676767676768,54.54545454545454,13.131313131313133
E00108468,178,47,13,34,131,116,15,26.40449438202247,7.303370786516854,19.101123595505616,73.59550561797754,65.1685393258427,8.426966292134832
E00108469,133,36,15,21,97,88,9,27.06766917293233,11.278195488721805,15.789473684210526,72.93233082706767,66.16541353383458,6.7669172932330826
E00108470,135,46,18,28,89,75,14,34.074074074074076,13.333333333333334,20.74074074074074,65.92592592592592,55.55555555555556,10.37037037037037
E00108471,150,45,23,22,105,85,20,30,15.333333333333332,14.666666666666666,70,56.666666666666664,13.333333333333334
E00108472,173,60,18,42,113,90,23,34.68208092485549,10.404624277456648,24.277456647398843,65.3179190751445,52.02312138728323,13.294797687861271
E00108474,113,33,13,20,80,68,12,29.20353982300885,11.504424778761061,17.699115044247787,70.79646017699115,60.17699115044248,10.619469026548673
E00108475,156,47,7,40,109,94,15,30.128205128205128,4.487179487179487,25.64102564102564,69.87179487179486,60.256410256410255,9.615384615384617
E00108476,154,53,17,36,101,81,20,34.41558441558442,11.03896103896104,23.376623376623375,65.5844155844156,52.5974025974026,12.987012987012985
E00108477,136,34,7,27,102,90,12,25,5.147058823529411,19.852941176470587,75,66.17647058823529,8.823529411764707
E00108478,126,47,11,36,79,59,20,37.301587301587304,8.73015873015873,28.57142857142857,62.698412698412696,46.82539682539682,15.873015873015872
E00108479,137,41,16,25,96,81,15,29.927007299270077,11.678832116788321,18.248175182481752,70.07299270072993,59.12408759124088,10.948905109489052
E00108480,114,41,10,31,73,64,9,35.96491228070175,8.771929824561402,27.192982456140353,64.03508771929825,56.14035087719298,7.894736842105263
E00108481,145,42,17,25,103,84,19,28.965517241379313,11.724137931034482,17.24137931034483,71.03448275862068,57.931034482758626,13.10344827586207
E00108482,197,59,21,38,138,122,16,29.949238578680205,10.65989847715736,19.289340101522843,70.05076142131979,61.92893401015228,8.121827411167512
E00108484,93,25,10,15,68,56,12,26.881720430107524,10.75268817204301,16.129032258064516,73.11827956989248,60.215053763440864,12.903225806451612
E00108485,127,44,22,22,83,69,14,34.645669291338585,17.322834645669293,17.322834645669293,65.35433070866141,54.330708661417326,11.023622047244094
E00108486,160,44,11,33,116,106,10,27.500000000000004,6.875000000000001,20.625,72.5,66.25,6.25
E00108488,134,47,13,34,87,75,12,35.07462686567165,9.701492537313433,25.37313432835821,64.92537313432835,55.970149253731336,8.955223880597014
E00108489,151,43,12,31,108,88,20,28.47682119205298,7.9470198675496695,20.52980132450331,71.52317880794702,58.27814569536424,13.245033112582782
E00108490,62,24,12,12,38,31,7,38.70967741935484,19.35483870967742,19.35483870967742,61.29032258064516,50,11.29032258064516
E00108491,129,42,9,33,87,77,10,32.55813953488372,6.976744186046512,25.581395348837212,67.44186046511628,59.68992248062015,7.751937984496124
E00108492,150,50,17,33,100,85,15,33.33333333333333,11.333333333333332,22,66.66666666666666,56.666666666666664,10
E00108493,162,39,13,26,123,112,11,24.074074074074073,8.024691358024691,16.049382716049383,75.92592592592592,69.1358024691358,6.790123456790123
E00108494,136,44,12,32,92,76,16,32.35294117647059,8.823529411764707,23.52941176470588,67.64705882352942,55.88235294117647,11.76470588235294
E00108495,134,49,17,32,85,76,9,36.56716417910448,12.686567164179104,23.88059701492537,63.43283582089553,56.71641791044776,6.7164179104477615
E00108496,191,51,25,26,140,107,33,26.701570680628272,13.089005235602095,13.612565445026178,73.29842931937172,56.02094240837696,17.277486910994764
E00108497,103,35,15,20,68,48,20,33.980582524271846,14.563106796116504,19.41747572815534,66.01941747572816,46.601941747572816,19.41747572815534
E00108498,141,39,13,26,102,77,25,27.659574468085108,9.219858156028367,18.439716312056735,72.3404255319149,54.60992907801418,17.73049645390071
E00108499,269,59,28,31,210,174,36,21.933085501858738,10.408921933085502,11.524163568773234,78.06691449814126,64.68401486988847,13.382899628252787
E00108501,178,61,16,45,117,99,18,34.26966292134831,8.98876404494382,25.280898876404496,65.73033707865169,55.61797752808989,10.112359550561797
E00108502,161,53,18,35,108,90,18,32.91925465838509,11.180124223602485,21.73913043478261,67.08074534161491,55.90062111801242,11.180124223602485
E00108503,185,61,18,43,124,108,16,32.972972972972975,9.72972972972973,23.243243243243246,67.02702702702703,58.37837837837838,8.64864864864865
E00108504,143,37,11,26,106,89,17,25.874125874125873,7.6923076923076925,18.181818181818183,74.12587412587412,62.23776223776224,11.888111888111888
E00108505,112,25,10,15,87,74,13,22.321428571428573,8.928571428571429,13.392857142857142,77.67857142857143,66.07142857142857,11.607142857142858
E00108506,242,58,23,35,184,147,37,23.96694214876033,9.50413223140496,14.46280991735537,76.03305785123968,60.74380165289256,15.289256198347106
E00108508,179,57,19,38,122,100,22,31.843575418994412,10.614525139664805,21.22905027932961,68.15642458100558,55.865921787709496,12.290502793296088
E00108509,135,42,10,32,93,72,21,31.11111111111111,7.4074074074074066,23.703703703703706,68.88888888888889,53.333333333333336,15.555555555555555
E00108510,154,53,14,39,101,88,13,34.41558441558442,9.090909090909092,25.324675324675322,65.5844155844156,57.14285714285714,8.441558441558442
E00108511,105,34,14,20,71,55,16,32.38095238095238,13.333333333333334,19.047619047619047,67.61904761904762,52.38095238095239,15.238095238095239
E00108512,173,59,23,36,114,89,25,34.104046242774565,13.294797687861271,20.809248554913296,65.89595375722543,51.445086705202314,14.450867052023122
E00108513,119,43,20,23,76,62,14,36.134453781512605,16.80672268907563,19.327731092436977,63.86554621848739,52.10084033613446,11.76470588235294
E00108514,180,48,21,27,132,114,18,26.666666666666668,11.666666666666666,15,73.33333333333333,63.33333333333333,10
E00108515,175,54,21,33,121,93,28,30.857142857142854,12,18.857142857142858,69.14285714285714,53.142857142857146,16
E00108516,193,64,17,47,129,111,18,33.160621761658035,8.808290155440414,24.352331606217618,66.83937823834198,57.51295336787565,9.32642487046632
E00108517,235,59,19,40,176,148,28,25.106382978723403,8.085106382978724,17.02127659574468,74.8936170212766,62.97872340425532,11.914893617021278
E00108518,160,53,20,33,107,92,15,33.125,12.5,20.625,66.875,57.49999999999999,9.375
E00108520,195,58,27,31,137,114,23,29.743589743589745,13.846153846153847,15.897435897435896,70.25641025641025,58.46153846153847,11.794871794871794
E00108521,184,61,20,41,123,98,25,33.15217391304348,10.869565217391305,22.282608695652172,66.84782608695652,53.2608695652174,13.586956521739129
E00108522,167,61,25,36,106,94,12,36.52694610778443,14.97005988023952,21.55688622754491,63.47305389221557,56.287425149700596,7.18562874251497
E00108523,142,40,12,28,102,85,17,28.169014084507044,8.450704225352112,19.718309859154928,71.83098591549296,59.859154929577464,11.971830985915492
E00108524,171,61,25,36,110,96,14,35.67251461988304,14.619883040935672,21.052631578947366,64.32748538011695,56.14035087719298,8.187134502923977
E00108525,96,28,9,19,68,56,12,29.166666666666668,9.375,19.791666666666664,70.83333333333334,58.333333333333336,12.5
E00108526,192,59,18,41,133,118,15,30.729166666666668,9.375,21.354166666666664,69.27083333333334,61.458333333333336,7.8125
E00108527,133,35,8,27,98,88,10,26.31578947368421,6.015037593984962,20.30075187969925,73.68421052631578,66.16541353383458,7.518796992481203
E00108528,202,64,19,45,138,114,24,31.683168316831683,9.405940594059405,22.277227722772277,68.31683168316832,56.43564356435643,11.881188118811881
E00108529,139,41,10,31,98,84,14,29.496402877697843,7.1942446043165464,22.302158273381295,70.50359712230215,60.431654676258994,10.071942446043165
E00108530,233,72,27,45,161,136,25,30.90128755364807,11.587982832618025,19.313304721030043,69.09871244635193,58.36909871244635,10.72961373390558
E00108532,179,45,12,33,134,103,31,25.139664804469277,6.70391061452514,18.435754189944134,74.86033519553072,57.54189944134078,17.318435754189945
E00108533,218,43,19,24,175,149,26,19.724770642201836,8.715596330275229,11.009174311926607,80.27522935779817,68.34862385321101,11.926605504587156
E00108536,203,65,26,39,138,113,25,32.01970443349754,12.807881773399016,19.21182266009852,67.98029556650246,55.66502463054187,12.31527093596059
E00108537,228,65,17,48,163,143,20,28.50877192982456,7.456140350877193,21.052631578947366,71.49122807017544,62.71929824561403,8.771929824561402
E00108538,228,57,22,35,171,149,22,25,9.649122807017543,15.350877192982457,75,65.35087719298247,9.649122807017543
E00108539,138,43,18,25,95,73,22,31.15942028985507,13.043478260869565,18.115942028985508,68.84057971014492,52.89855072463768,15.942028985507244
E00108540,96,41,14,27,55,48,7,42.70833333333333,14.583333333333334,28.125,57.291666666666664,50,7.291666666666667
E00108542,125,20,8,12,105,92,13,16,6.4,9.6,84,73.6,10.4
E00108543,132,44,20,24,88,66,22,33.33333333333333,15.151515151515152,18.181818181818183,66.66666666666666,50,16.666666666666664
E00108544,347,104,39,65,243,203,40,29.971181556195965,11.239193083573488,18.73198847262248,70.02881844380403,58.501440922190206,11.527377521613833
E00108545,91,21,11,10,70,63,7,23.076923076923077,12.087912087912088,10.989010989010989,76.92307692307693,69.23076923076923,7.6923076923076925
E00108546,176,52,17,35,124,101,23,29.545454545454547,9.659090909090908,19.886363636363637,70.45454545454545,57.38636363636363,13.068181818181818
E00108547,132,37,16,21,95,74,21,28.030303030303028,12.121212121212121,15.909090909090908,71.96969696969697,56.060606060606055,15.909090909090908
E00108548,139,47,13,34,92,81,11,33.81294964028777,9.352517985611511,24.46043165467626,66.18705035971223,58.27338129496403,7.913669064748201
E00108549,162,44,16,28,118,95,23,27.160493827160494,9.876543209876543,17.28395061728395,72.8395061728395,58.64197530864198,14.19753086419753
E00108550,79,24,5,19,55,48,7,30.37974683544304,6.329113924050633,24.050632911392405,69.62025316455697,60.75949367088608,8.860759493670885
E00108551,122,48,12,36,74,66,8,39.34426229508197,9.836065573770492,29.508196721311474,60.65573770491803,54.09836065573771,6.557377049180328
E00108552,175,54,13,41,121,105,16,30.857142857142854,7.428571428571429,23.42857142857143,69.14285714285714,60,9.142857142857142
E00108553,217,58,20,38,159,136,23,26.72811059907834,9.216589861751153,17.51152073732719,73.27188940092167,62.67281105990783,10.599078341013826
E00108554,167,57,17,40,110,95,15,34.13173652694611,10.179640718562874,23.952095808383234,65.86826347305389,56.886227544910184,8.982035928143713
E00108555,160,54,17,37,106,93,13,33.75,10.625,23.125,66.25,58.12500000000001,8.125
E00108556,104,25,7,18,79,64,15,24.03846153846154,6.730769230769231,17.307692307692307,75.96153846153845,61.53846153846154,14.423076923076922
E00108557,148,35,15,20,113,94,19,23.64864864864865,10.135135135135135,13.513513513513514,76.35135135135135,63.51351351351351,12.837837837837837
E00108559,111,31,18,13,80,71,9,27.927927927927925,16.216216216216218,11.711711711711711,72.07207207207207,63.96396396396396,8.108108108108109
E00108560,254,75,30,45,179,152,27,29.527559055118108,11.811023622047244,17.716535433070867,70.47244094488188,59.84251968503938,10.62992125984252
E00108561,157,52,19,33,105,84,21,33.12101910828025,12.101910828025478,21.019108280254777,66.87898089171973,53.503184713375795,13.375796178343949
E00108562,123,36,9,27,87,80,7,29.268292682926827,7.317073170731707,21.951219512195124,70.73170731707317,65.04065040650406,5.691056910569105
E00108563,144,51,22,29,93,82,11,35.41666666666667,15.277777777777779,20.13888888888889,64.58333333333334,56.94444444444444,7.638888888888889
E00108564,137,45,14,31,92,85,7,32.846715328467155,10.218978102189782,22.62773722627737,67.15328467153284,62.04379562043796,5.109489051094891
E00108566,163,53,16,37,110,91,19,32.515337423312886,9.815950920245399,22.699386503067483,67.48466257668711,55.828220858895705,11.65644171779141
E00108567,173,52,18,34,121,108,13,30.057803468208093,10.404624277456648,19.653179190751445,69.94219653179191,62.42774566473989,7.514450867052023
E00108568,135,42,13,29,93,82,11,31.11111111111111,9.62962962962963,21.48148148148148,68.88888888888889,60.74074074074074,8.148148148148149
E00108569,148,45,15,30,103,91,12,30.405405405405407,10.135135135135135,20.27027027027027,69.5945945945946,61.48648648648649,8.108108108108109
E00108571,181,50,16,34,131,108,23,27.624309392265197,8.83977900552486,18.784530386740332,72.37569060773481,59.66850828729282,12.70718232044199
E00108572,164,51,11,40,113,88,25,31.097560975609756,6.707317073170732,24.390243902439025,68.90243902439023,53.65853658536586,15.24390243902439
E00108573,154,44,16,28,110,93,17,28.57142857142857,10.38961038961039,18.181818181818183,71.42857142857143,60.3896103896104,11.03896103896104
E00108574,158,59,25,34,99,81,18,37.34177215189873,15.822784810126583,21.518987341772153,62.65822784810127,51.26582278481012,11.39240506329114
E00108575,116,40,19,21,76,59,17,34.48275862068966,16.379310344827587,18.103448275862068,65.51724137931035,50.86206896551724,14.655172413793101
E00108576,156,54,13,41,102,85,17,34.61538461538461,8.333333333333332,26.282051282051285,65.38461538461539,54.48717948717948,10.897435897435898
E00108577,124,40,13,27,84,72,12,32.25806451612903,10.483870967741936,21.774193548387096,67.74193548387096,58.06451612903226,9.67741935483871
E00108578,179,56,23,33,123,99,24,31.28491620111732,12.849162011173185,18.435754189944134,68.71508379888269,55.3072625698324,13.40782122905028
E00108579,178,65,24,41,113,96,17,36.51685393258427,13.48314606741573,23.03370786516854,63.48314606741573,53.93258426966292,9.550561797752808
E00108580,161,44,13,31,117,102,15,27.32919254658385,8.074534161490684,19.25465838509317,72.67080745341616,63.35403726708074,9.316770186335404
E00108581,187,55,24,31,132,102,30,29.411764705882355,12.834224598930483,16.577540106951872,70.58823529411765,54.54545454545454,16.042780748663102
E00108582,108,34,17,17,74,52,22,31.48148148148148,15.74074074074074,15.74074074074074,68.51851851851852,48.148148148148145,20.37037037037037
E00108583,145,44,16,28,101,82,19,30.344827586206897,11.03448275862069,19.310344827586206,69.6551724137931,56.55172413793104,13.10344827586207
E00108584,273,89,45,44,184,142,42,32.6007326007326,16.483516483516482,16.117216117216117,67.3992673992674,52.01465201465202,15.384615384615385
E00108585,95,36,13,23,59,50,9,37.89473684210527,13.684210526315791,24.210526315789473,62.10526315789474,52.63157894736842,9.473684210526317
E00108586,127,34,15,19,93,71,22,26.77165354330709,11.811023622047244,14.960629921259844,73.22834645669292,55.90551181102362,17.322834645669293
E00108587,275,78,37,41,197,138,59,28.363636363636363,13.454545454545455,14.909090909090908,71.63636363636363,50.18181818181818,21.454545454545453
E00108588,120,31,11,20,89,65,24,25.833333333333336,9.166666666666666,16.666666666666664,74.16666666666667,54.166666666666664,20
E00108589,150,46,19,27,104,79,25,30.666666666666664,12.666666666666668,18,69.33333333333334,52.666666666666664,16.666666666666664
E00108590,198,68,22,46,130,111,19,34.34343434343434,11.11111111111111,23.232323232323232,65.65656565656566,56.060606060606055,9.595959595959595
E00108591,167,58,18,40,109,92,17,34.73053892215569,10.778443113772456,23.952095808383234,65.26946107784431,55.08982035928144,10.179640718562874
E00108592,173,63,22,41,110,92,18,36.41618497109826,12.716763005780345,23.699421965317917,63.58381502890174,53.179190751445084,10.404624277456648
E00108593,133,43,23,20,90,66,24,32.33082706766917,17.293233082706767,15.037593984962406,67.66917293233082,49.62406015037594,18.045112781954884
E00108594,90,40,16,24,50,37,13,44.44444444444444,17.77777777777778,26.666666666666668,55.55555555555556,41.11111111111111,14.444444444444443
E00108595,70,18,5,13,52,41,11,25.71428571428571,7.142857142857142,18.571428571428573,74.28571428571429,58.57142857142858,15.714285714285714
E00108596,118,47,25,22,71,49,22,39.83050847457627,21.1864406779661,18.64406779661017,60.16949152542372,41.52542372881356,18.64406779661017
E00108597,119,35,15,20,84,72,12,29.411764705882355,12.605042016806722,16.80672268907563,70.58823529411765,60.50420168067227,10.084033613445378
E00108598,127,34,15,19,93,76,17,26.77165354330709,11.811023622047244,14.960629921259844,73.22834645669292,59.84251968503938,13.385826771653544
E00108599,167,42,21,21,125,90,35,25.149700598802394,12.574850299401197,12.574850299401197,74.8502994011976,53.89221556886228,20.958083832335326
E00108600,233,71,33,38,162,126,36,30.472103004291846,14.163090128755366,16.30901287553648,69.52789699570815,54.077253218884124,15.450643776824036
E00108601,122,42,10,32,80,69,11,34.42622950819672,8.19672131147541,26.229508196721312,65.57377049180327,56.557377049180324,9.01639344262295
E00108602,137,36,11,25,101,89,12,26.277372262773724,8.02919708029197,18.248175182481752,73.72262773722628,64.96350364963503,8.75912408759124
E00108603,304,79,27,52,225,191,34,25.986842105263158,8.881578947368421,17.105263157894736,74.01315789473685,62.82894736842105,11.18421052631579
E00108604,125,39,15,24,86,70,16,31.2,12,19.2,68.8,56.00000000000001,12.8
E00108605,306,80,28,52,226,181,45,26.143790849673206,9.15032679738562,16.99346405228758,73.8562091503268,59.150326797385624,14.705882352941178
E00108606,146,59,28,31,87,73,14,40.41095890410959,19.17808219178082,21.232876712328768,59.589041095890416,50,9.58904109589041
E00108607,148,47,20,27,101,70,31,31.756756756756754,13.513513513513514,18.243243243243242,68.24324324324324,47.2972972972973,20.945945945945947
E00108608,207,61,33,28,146,114,32,29.468599033816425,15.942028985507244,13.526570048309178,70.53140096618358,55.072463768115945,15.458937198067632
E00108609,110,37,18,19,73,62,11,33.63636363636363,16.363636363636363,17.272727272727273,66.36363636363637,56.36363636363636,10
E00108610,115,42,18,24,73,59,14,36.52173913043478,15.65217391304348,20.869565217391305,63.47826086956522,51.30434782608696,12.173913043478262
E00108611,128,34,16,18,94,77,17,26.5625,12.5,14.0625,73.4375,60.15625,13.28125
E00108612,102,35,16,19,67,52,15,34.31372549019608,15.686274509803921,18.627450980392158,65.68627450980392,50.98039215686274,14.705882352941178
E00108613,171,64,24,40,107,87,20,37.42690058479532,14.035087719298245,23.391812865497073,62.57309941520468,50.877192982456144,11.695906432748536
E00108614,145,50,24,26,95,77,18,34.48275862068966,16.551724137931036,17.93103448275862,65.51724137931035,53.103448275862064,12.413793103448276
E00108616,271,95,43,52,176,133,43,35.05535055350554,15.867158671586715,19.18819188191882,64.94464944649447,49.07749077490775,15.867158671586715
E00108617,302,83,40,43,219,174,45,27.483443708609272,13.245033112582782,14.23841059602649,72.51655629139073,57.615894039735096,14.90066225165563
E00108618,217,65,21,44,152,117,35,29.953917050691242,9.67741935483871,20.276497695852534,70.04608294930875,53.91705069124424,16.129032258064516
E00108619,264,79,34,45,185,140,45,29.924242424242426,12.878787878787879,17.045454545454543,70.07575757575758,53.03030303030303,17.045454545454543
E00108620,139,45,14,31,94,79,15,32.37410071942446,10.071942446043165,22.302158273381295,67.62589928057554,56.83453237410072,10.79136690647482
E00108621,187,66,20,46,121,100,21,35.294117647058826,10.695187165775401,24.598930481283425,64.70588235294117,53.475935828877006,11.229946524064172
E00108622,231,69,26,43,162,133,29,29.87012987012987,11.255411255411255,18.614718614718615,70.12987012987013,57.57575757575758,12.554112554112553
E00108623,254,80,30,50,174,138,36,31.496062992125985,11.811023622047244,19.68503937007874,68.50393700787401,54.330708661417326,14.173228346456693
E00108624,191,55,19,36,136,112,24,28.79581151832461,9.947643979057592,18.848167539267017,71.20418848167539,58.63874345549738,12.56544502617801
E00108625,206,55,20,35,151,130,21,26.699029126213592,9.70873786407767,16.990291262135923,73.30097087378641,63.10679611650486,10.194174757281553
E00108627,184,65,24,41,119,98,21,35.32608695652174,13.043478260869565,22.282608695652172,64.67391304347827,53.2608695652174,11.41304347826087
E00108628,208,72,31,41,136,103,33,34.61538461538461,14.903846153846153,19.71153846153846,65.38461538461539,49.519230769230774,15.865384615384615
E00108629,198,55,18,37,143,114,29,27.77777777777778,9.090909090909092,18.68686868686869,72.22222222222221,57.57575757575758,14.646464646464647
E00108631,125,35,12,23,90,80,10,28.000000000000004,9.6,18.4,72,64,8
E00108632,230,56,22,34,174,148,26,24.347826086956523,9.565217391304348,14.782608695652174,75.65217391304347,64.34782608695652,11.304347826086957
E00108634,206,67,21,46,139,106,33,32.5242718446602,10.194174757281553,22.330097087378643,67.47572815533981,51.45631067961165,16.019417475728158
E00108635,226,68,25,43,158,130,28,30.08849557522124,11.061946902654867,19.02654867256637,69.91150442477876,57.52212389380531,12.389380530973451
E00108636,198,60,21,39,138,110,28,30.303030303030305,10.606060606060606,19.696969696969695,69.6969696969697,55.55555555555556,14.14141414141414
E00108637,194,67,29,38,127,106,21,34.5360824742268,14.948453608247423,19.587628865979383,65.4639175257732,54.63917525773196,10.824742268041238
E00108638,181,61,17,44,120,108,12,33.70165745856354,9.392265193370166,24.30939226519337,66.29834254143645,59.66850828729282,6.629834254143646
E00108639,110,34,21,13,76,56,20,30.909090909090907,19.090909090909093,11.818181818181818,69.0909090909091,50.90909090909091,18.181818181818183
E00108640,100,34,14,20,66,53,13,34,14.000000000000002,20,66,53,13
E00108641,116,37,13,24,79,66,13,31.896551724137932,11.206896551724139,20.689655172413794,68.10344827586206,56.896551724137936,11.206896551724139
E00108642,145,41,20,21,104,90,14,28.27586206896552,13.793103448275861,14.482758620689657,71.72413793103448,62.06896551724138,9.655172413793103
E00108643,176,53,18,35,123,99,24,30.113636363636363,10.227272727272728,19.886363636363637,69.88636363636364,56.25,13.636363636363635
E00108644,107,31,13,18,76,67,9,28.971962616822427,12.149532710280374,16.822429906542055,71.02803738317756,62.616822429906534,8.411214953271028
E00108645,168,52,24,28,116,94,22,30.952380952380953,14.285714285714285,16.666666666666664,69.04761904761905,55.952380952380956,13.095238095238097
E00108646,188,66,28,38,122,104,18,35.1063829787234,14.893617021276595,20.212765957446805,64.8936170212766,55.319148936170215,9.574468085106384
E00108647,143,39,20,19,104,83,21,27.27272727272727,13.986013986013987,13.286713286713287,72.72727272727273,58.04195804195804,14.685314685314685
E00108649,150,62,23,39,88,70,18,41.333333333333336,15.333333333333332,26,58.666666666666664,46.666666666666664,12
E00108650,125,42,18,24,83,70,13,33.6,14.399999999999999,19.2,66.4,56.00000000000001,10.4
E00108651,124,34,16,18,90,71,19,27.419354838709676,12.903225806451612,14.516129032258066,72.58064516129032,57.25806451612904,15.32258064516129
E00108652,212,72,15,57,140,114,26,33.9622641509434,7.0754716981132075,26.88679245283019,66.0377358490566,53.77358490566038,12.264150943396226
E00108653,121,42,16,26,79,62,17,34.710743801652896,13.223140495867769,21.487603305785125,65.28925619834712,51.2396694214876,14.049586776859504
E00108654,165,47,16,31,118,98,20,28.484848484848484,9.696969696969697,18.787878787878785,71.51515151515152,59.3939393939394,12.121212121212121
E00108655,149,46,21,25,103,87,16,30.87248322147651,14.093959731543624,16.778523489932887,69.12751677852349,58.38926174496645,10.738255033557047
E00108656,171,61,21,40,110,94,16,35.67251461988304,12.280701754385964,23.391812865497073,64.32748538011695,54.97076023391813,9.35672514619883
E00108657,164,40,9,31,124,110,14,24.390243902439025,5.487804878048781,18.902439024390244,75.60975609756098,67.07317073170732,8.536585365853659
E00108658,130,38,12,26,92,67,25,29.230769230769234,9.230769230769232,20,70.76923076923077,51.53846153846153,19.230769230769234
E00108659,148,50,15,35,98,82,16,33.78378378378378,10.135135135135135,23.64864864864865,66.21621621621621,55.4054054054054,10.81081081081081
E00108660,154,38,19,19,116,101,15,24.675324675324674,12.337662337662337,12.337662337662337,75.32467532467533,65.5844155844156,9.740259740259742
E00108661,161,58,21,37,103,93,10,36.024844720496894,13.043478260869565,22.981366459627328,63.975155279503106,57.7639751552795,6.211180124223603
E00108662,148,45,13,32,103,93,10,30.405405405405407,8.783783783783784,21.62162162162162,69.5945945945946,62.83783783783784,6.756756756756757
E00108663,138,45,19,26,93,73,20,32.608695652173914,13.768115942028986,18.84057971014493,67.3913043478261,52.89855072463768,14.492753623188406
E00108664,141,35,6,29,106,89,17,24.822695035460992,4.25531914893617,20.56737588652482,75.177304964539,63.12056737588653,12.056737588652481
E00108665,114,34,12,22,80,72,8,29.82456140350877,10.526315789473683,19.298245614035086,70.17543859649122,63.1578947368421,7.017543859649122
E00108666,162,56,14,42,106,86,20,34.5679012345679,8.641975308641975,25.925925925925924,65.4320987654321,53.086419753086425,12.345679012345679
E00108667,100,25,12,13,75,64,11,25,12,13,75,64,11
E00108668,149,47,20,27,102,85,17,31.543624161073826,13.422818791946309,18.120805369127517,68.45637583892618,57.04697986577181,11.409395973154362
E00108669,138,46,21,25,92,77,15,33.33333333333333,15.217391304347828,18.115942028985508,66.66666666666666,55.79710144927537,10.869565217391305
E00108670,131,43,17,26,88,71,17,32.82442748091603,12.977099236641221,19.84732824427481,67.17557251908397,54.19847328244275,12.977099236641221
E00108671,112,25,11,14,87,71,16,22.321428571428573,9.821428571428571,12.5,77.67857142857143,63.39285714285714,14.285714285714285
E00108672,137,39,21,18,98,78,20,28.467153284671532,15.328467153284672,13.138686131386862,71.53284671532847,56.934306569343065,14.5985401459854
E00108673,152,36,10,26,116,95,21,23.684210526315788,6.578947368421052,17.105263157894736,76.31578947368422,62.5,13.815789473684212
E00108674,150,44,12,32,106,92,14,29.333333333333332,8,21.333333333333336,70.66666666666667,61.33333333333333,9.333333333333334
E00108675,134,44,26,18,90,72,18,32.83582089552239,19.402985074626866,13.432835820895523,67.16417910447761,53.73134328358209,13.432835820895523
E00108676,146,36,11,25,110,86,24,24.65753424657534,7.534246575342466,17.123287671232877,75.34246575342466,58.9041095890411,16.43835616438356
E00108677,148,50,19,31,98,76,22,33.78378378378378,12.837837837837837,20.945945945945947,66.21621621621621,51.35135135135135,14.864864864864865
E00108678,123,35,11,24,88,76,12,28.455284552845526,8.94308943089431,19.51219512195122,71.54471544715447,61.78861788617886,9.75609756097561
E00108679,195,63,29,34,132,97,35,32.30769230769231,14.871794871794872,17.435897435897434,67.6923076923077,49.743589743589745,17.94871794871795
E00108680,167,42,14,28,125,104,21,25.149700598802394,8.383233532934131,16.766467065868262,74.8502994011976,62.27544910179641,12.574850299401197
E00108681,136,43,12,31,93,81,12,31.61764705882353,8.823529411764707,22.794117647058822,68.38235294117648,59.55882352941176,8.823529411764707
E00108682,147,51,16,35,96,84,12,34.69387755102041,10.884353741496598,23.809523809523807,65.3061224489796,57.14285714285714,8.16326530612245
E00108683,128,39,17,22,89,75,14,30.46875,13.28125,17.1875,69.53125,58.59375,10.9375
E00108684,104,39,14,25,65,54,11,37.5,13.461538461538462,24.03846153846154,62.5,51.92307692307693,10.576923076923077
E00108685,123,34,17,17,89,69,20,27.64227642276423,13.821138211382115,13.821138211382115,72.35772357723577,56.09756097560976,16.260162601626014
E00108686,127,36,10,26,91,67,24,28.346456692913385,7.874015748031496,20.47244094488189,71.65354330708661,52.75590551181102,18.89763779527559
E00108687,109,45,18,27,64,54,10,41.284403669724774,16.51376146788991,24.770642201834864,58.71559633027523,49.54128440366973,9.174311926605505
E00108688,79,29,11,18,50,39,11,36.708860759493675,13.924050632911392,22.78481012658228,63.29113924050633,49.36708860759494,13.924050632911392
E00108689,182,71,26,45,111,95,16,39.010989010989015,14.285714285714285,24.725274725274726,60.98901098901099,52.197802197802204,8.791208791208792
E00108690,186,80,34,46,106,80,26,43.01075268817204,18.27956989247312,24.731182795698924,56.98924731182796,43.01075268817204,13.978494623655912
E00108691,124,44,23,21,80,56,24,35.483870967741936,18.548387096774192,16.93548387096774,64.51612903225806,45.16129032258064,19.35483870967742
E00108692,124,44,23,21,80,66,14,35.483870967741936,18.548387096774192,16.93548387096774,64.51612903225806,53.2258064516129,11.29032258064516
E00108693,199,50,20,30,149,117,32,25.125628140703515,10.050251256281408,15.07537688442211,74.87437185929649,58.79396984924623,16.08040201005025
E00108695,141,56,22,34,85,67,18,39.71631205673759,15.602836879432624,24.113475177304963,60.28368794326241,47.5177304964539,12.76595744680851
E00108696,137,43,25,18,94,70,24,31.386861313868614,18.248175182481752,13.138686131386862,68.61313868613139,51.09489051094891,17.51824817518248
E00108697,209,64,23,41,145,119,26,30.62200956937799,11.004784688995215,19.617224880382775,69.377990430622,56.9377990430622,12.440191387559809
E00108698,175,62,26,36,113,85,28,35.42857142857142,14.857142857142858,20.57142857142857,64.57142857142857,48.57142857142857,16
E00108699,159,64,19,45,95,83,12,40.25157232704403,11.949685534591195,28.30188679245283,59.74842767295597,52.20125786163522,7.547169811320755
E00108700,219,62,26,36,157,129,28,28.31050228310502,11.87214611872146,16.43835616438356,71.68949771689498,58.9041095890411,12.785388127853881
E00108701,182,55,18,37,127,108,19,30.21978021978022,9.89010989010989,20.32967032967033,69.78021978021978,59.34065934065934,10.43956043956044
E00108702,125,38,15,23,87,69,18,30.4,12,18.4,69.6,55.2,14.399999999999999
E00108703,196,64,22,42,132,108,24,32.6530612244898,11.224489795918368,21.428571428571427,67.3469387755102,55.10204081632652,12.244897959183673
E00108704,155,52,23,29,103,82,21,33.5483870967742,14.838709677419354,18.70967741935484,66.45161290322581,52.903225806451616,13.548387096774196
E00108705,143,42,17,25,101,86,15,29.37062937062937,11.888111888111888,17.482517482517483,70.62937062937063,60.13986013986013,10.48951048951049
E00108706,163,57,23,34,106,85,21,34.96932515337423,14.11042944785276,20.858895705521473,65.03067484662577,52.14723926380368,12.883435582822086
E00108707,129,45,17,28,84,73,11,34.883720930232556,13.178294573643413,21.705426356589147,65.11627906976744,56.58914728682171,8.527131782945736
E00108708,171,53,21,32,118,95,23,30.994152046783626,12.280701754385964,18.71345029239766,69.00584795321637,55.55555555555556,13.450292397660817
E00108709,72,24,11,13,48,34,14,33.33333333333333,15.277777777777779,18.055555555555554,66.66666666666666,47.22222222222222,19.444444444444446
E00108710,120,37,15,22,83,73,10,30.833333333333336,12.5,18.333333333333332,69.16666666666667,60.83333333333333,8.333333333333332
E00108711,188,66,29,37,122,104,18,35.1063829787234,15.425531914893616,19.680851063829788,64.8936170212766,55.319148936170215,9.574468085106384
E00108712,184,48,21,27,136,113,23,26.08695652173913,11.41304347826087,14.673913043478262,73.91304347826086,61.41304347826087,12.5
E00108713,123,48,26,22,75,66,9,39.02439024390244,21.138211382113823,17.88617886178862,60.97560975609756,53.65853658536586,7.317073170731707
E00108714,171,50,20,30,121,83,38,29.239766081871345,11.695906432748536,17.543859649122805,70.76023391812866,48.53801169590643,22.22222222222222
E00108715,155,42,17,25,113,90,23,27.09677419354839,10.967741935483872,16.129032258064516,72.90322580645162,58.06451612903226,14.838709677419354
E00108716,109,42,14,28,67,58,9,38.53211009174312,12.844036697247708,25.688073394495415,61.46788990825688,53.21100917431193,8.256880733944955
E00108717,172,53,18,35,119,98,21,30.813953488372093,10.465116279069768,20.348837209302324,69.18604651162791,56.97674418604651,12.209302325581394
E00108718,162,46,17,29,116,98,18,28.39506172839506,10.493827160493826,17.901234567901234,71.60493827160494,60.49382716049383,11.11111111111111
E00108719,146,49,26,23,97,89,8,33.56164383561644,17.80821917808219,15.753424657534246,66.43835616438356,60.95890410958904,5.47945205479452
E00108720,177,45,16,29,132,115,17,25.423728813559322,9.03954802259887,16.38418079096045,74.57627118644068,64.97175141242938,9.6045197740113
E00108721,142,49,17,32,93,65,28,34.50704225352113,11.971830985915492,22.535211267605636,65.49295774647888,45.774647887323944,19.718309859154928
E00108722,83,27,13,14,56,36,20,32.53012048192771,15.66265060240964,16.867469879518072,67.46987951807229,43.373493975903614,24.096385542168676
E00108723,193,53,17,36,140,105,35,27.461139896373055,8.808290155440414,18.65284974093264,72.53886010362694,54.40414507772021,18.134715025906736
E00108724,145,53,21,32,92,75,17,36.55172413793103,14.482758620689657,22.06896551724138,63.44827586206897,51.724137931034484,11.724137931034482
E00108725,139,51,27,24,88,74,14,36.69064748201439,19.424460431654676,17.26618705035971,63.30935251798561,53.23741007194245,10.071942446043165
E00108726,123,32,14,18,91,72,19,26.01626016260163,11.38211382113821,14.634146341463413,73.98373983739837,58.536585365853654,15.447154471544716
E00108727,171,56,22,34,115,97,18,32.748538011695906,12.865497076023392,19.883040935672515,67.2514619883041,56.72514619883041,10.526315789473683
E00108728,209,64,29,35,145,96,49,30.62200956937799,13.875598086124402,16.74641148325359,69.377990430622,45.933014354066984,23.444976076555022
E00108729,197,59,19,40,138,109,29,29.949238578680205,9.644670050761421,20.304568527918782,70.05076142131979,55.32994923857868,14.720812182741117
E00108730,112,41,18,23,71,56,15,36.607142857142854,16.071428571428573,20.535714285714285,63.39285714285714,50,13.392857142857142
E00108731,159,57,20,37,102,83,19,35.84905660377358,12.578616352201259,23.270440251572328,64.15094339622641,52.20125786163522,11.949685534591195
E00108732,230,67,25,42,163,137,26,29.130434782608695,10.869565217391305,18.26086956521739,70.86956521739131,59.56521739130435,11.304347826086957
E00108733,150,51,23,28,99,79,20,34,15.333333333333332,18.666666666666668,66,52.666666666666664,13.333333333333334
E00108734,190,58,22,36,132,107,25,30.526315789473685,11.578947368421053,18.947368421052634,69.47368421052632,56.315789473684205,13.157894736842104
E00108735,175,62,26,36,113,96,17,35.42857142857142,14.857142857142858,20.57142857142857,64.57142857142857,54.85714285714286,9.714285714285714
E00108736,104,35,14,21,69,53,16,33.65384615384615,13.461538461538462,20.192307692307693,66.34615384615384,50.96153846153846,15.384615384615385
E00108737,174,50,19,31,124,95,29,28.735632183908045,10.919540229885058,17.81609195402299,71.26436781609196,54.59770114942529,16.666666666666664
E00108738,162,46,19,27,116,91,25,28.39506172839506,11.728395061728394,16.666666666666664,71.60493827160494,56.17283950617284,15.432098765432098
E00108739,179,48,19,29,131,109,22,26.81564245810056,10.614525139664805,16.201117318435752,73.18435754189943,60.893854748603346,12.290502793296088
E00108740,176,62,25,37,114,88,26,35.22727272727273,14.204545454545455,21.022727272727273,64.77272727272727,50,14.772727272727273
E00108741,149,55,25,30,94,64,30,36.91275167785235,16.778523489932887,20.13422818791946,63.08724832214765,42.95302013422819,20.13422818791946
E00108742,114,43,17,26,71,50,21,37.719298245614034,14.912280701754385,22.807017543859647,62.28070175438597,43.859649122807014,18.421052631578945
E00108743,85,29,15,14,56,47,9,34.11764705882353,17.647058823529413,16.470588235294116,65.88235294117646,55.294117647058826,10.588235294117647
E00108744,91,31,19,12,60,46,14,34.065934065934066,20.87912087912088,13.186813186813188,65.93406593406593,50.54945054945055,15.384615384615385
E00108746,103,32,15,17,71,58,13,31.06796116504854,14.563106796116504,16.50485436893204,68.93203883495146,56.310679611650485,12.62135922330097
E00108748,95,29,9,20,66,53,13,30.526315789473685,9.473684210526317,21.052631578947366,69.47368421052632,55.78947368421052,13.684210526315791
E00108749,99,28,13,15,71,52,19,28.28282828282828,13.131313131313133,15.151515151515152,71.71717171717171,52.52525252525253,19.19191919191919
E00108750,92,36,12,24,56,44,12,39.130434782608695,13.043478260869565,26.08695652173913,60.86956521739131,47.82608695652174,13.043478260869565
E00108751,53,21,11,10,32,24,8,39.62264150943396,20.754716981132077,18.867924528301888,60.37735849056604,45.28301886792453,15.09433962264151
E00108752,175,62,18,44,113,80,33,35.42857142857142,10.285714285714285,25.142857142857146,64.57142857142857,45.714285714285715,18.857142857142858
E00108753,95,36,15,21,59,43,16,37.89473684210527,15.789473684210526,22.105263157894736,62.10526315789474,45.26315789473684,16.842105263157894
E00108754,78,21,12,9,57,38,19,26.923076923076923,15.384615384615385,11.538461538461538,73.07692307692307,48.717948717948715,24.358974358974358
E00108755,183,66,30,36,117,90,27,36.0655737704918,16.39344262295082,19.672131147540984,63.934426229508205,49.18032786885246,14.754098360655737
E00108756,141,57,21,36,84,64,20,40.42553191489361,14.893617021276595,25.53191489361702,59.57446808510638,45.39007092198582,14.184397163120568
E00108757,177,55,17,38,122,81,41,31.07344632768362,9.6045197740113,21.468926553672315,68.92655367231639,45.76271186440678,23.163841807909606
E00108758,174,62,23,39,112,92,20,35.63218390804598,13.218390804597702,22.413793103448278,64.36781609195403,52.87356321839081,11.494252873563218
E00108759,136,46,21,25,90,62,28,33.82352941176471,15.441176470588236,18.38235294117647,66.17647058823529,45.588235294117645,20.588235294117645
E00108760,190,62,24,38,128,103,25,32.631578947368425,12.631578947368421,20,67.36842105263158,54.21052631578947,13.157894736842104
E00108761,128,35,16,19,93,75,18,27.34375,12.5,14.84375,72.65625,58.59375,14.0625
E00108762,234,74,32,42,160,138,22,31.62393162393162,13.675213675213676,17.94871794871795,68.37606837606837,58.97435897435898,9.401709401709402
E00108763,102,36,13,23,66,59,7,35.294117647058826,12.745098039215685,22.54901960784314,64.70588235294117,57.84313725490197,6.862745098039216
E00108764,149,58,21,37,91,73,18,38.92617449664429,14.093959731543624,24.832214765100673,61.07382550335571,48.99328859060403,12.080536912751679
E00108765,158,53,20,33,105,76,29,33.54430379746836,12.658227848101266,20.88607594936709,66.45569620253164,48.10126582278481,18.354430379746837
E00108766,159,53,22,31,106,88,18,33.33333333333333,13.836477987421384,19.49685534591195,66.66666666666666,55.34591194968554,11.320754716981133
E00108767,190,58,19,39,132,101,31,30.526315789473685,10,20.526315789473685,69.47368421052632,53.1578947368421,16.315789473684212
E00108768,230,76,35,41,154,125,29,33.04347826086956,15.217391304347828,17.82608695652174,66.95652173913044,54.347826086956516,12.608695652173912
E00108769,75,24,10,14,51,37,14,32,13.333333333333334,18.666666666666668,68,49.333333333333336,18.666666666666668
E00108770,201,76,24,52,125,90,35,37.81094527363184,11.940298507462686,25.870646766169152,62.189054726368155,44.776119402985074,17.412935323383085
E00108771,234,65,29,36,169,128,41,27.77777777777778,12.393162393162394,15.384615384615385,72.22222222222221,54.700854700854705,17.52136752136752
E00108772,180,64,22,42,116,90,26,35.55555555555556,12.222222222222221,23.333333333333332,64.44444444444444,50,14.444444444444443
E00108773,163,51,21,30,112,96,16,31.28834355828221,12.883435582822086,18.404907975460123,68.71165644171779,58.895705521472394,9.815950920245399
E00108774,167,47,18,29,120,85,35,28.143712574850298,10.778443113772456,17.365269461077844,71.8562874251497,50.898203592814376,20.958083832335326
E00108775,128,53,18,35,75,55,20,41.40625,14.0625,27.34375,58.59375,42.96875,15.625
E00108776,134,48,17,31,86,67,19,35.82089552238806,12.686567164179104,23.134328358208954,64.17910447761194,50,14.17910447761194
E00108777,178,55,21,34,123,90,33,30.89887640449438,11.797752808988763,19.101123595505616,69.10112359550563,50.56179775280899,18.53932584269663
E00108778,100,40,16,24,60,53,7,40,16,24,60,53,7.000000000000001
E00108779,136,43,19,24,93,70,23,31.61764705882353,13.970588235294118,17.647058823529413,68.38235294117648,51.470588235294116,16.911764705882355
E00108780,156,55,23,32,101,74,27,35.256410256410255,14.743589743589745,20.51282051282051,64.74358974358975,47.43589743589743,17.307692307692307
E00108781,144,47,18,29,97,79,18,32.63888888888889,12.5,20.13888888888889,67.36111111111111,54.861111111111114,12.5
E00108782,177,65,27,38,112,79,33,36.72316384180791,15.254237288135593,21.468926553672315,63.2768361581921,44.632768361581924,18.64406779661017
E00108783,157,53,23,30,104,88,16,33.75796178343949,14.64968152866242,19.10828025477707,66.2420382165605,56.05095541401274,10.191082802547772
E00108784,155,53,21,32,102,84,18,34.193548387096776,13.548387096774196,20.64516129032258,65.80645161290323,54.19354838709678,11.612903225806452
E00108785,200,70,27,43,130,107,23,35,13.5,21.5,65,53.5,11.5
E00108786,153,60,25,35,93,70,23,39.21568627450981,16.33986928104575,22.875816993464053,60.78431372549019,45.751633986928105,15.032679738562091
E00108787,131,44,17,27,87,70,17,33.587786259541986,12.977099236641221,20.610687022900763,66.41221374045801,53.43511450381679,12.977099236641221
E00108788,187,62,25,37,125,92,33,33.155080213903744,13.368983957219251,19.786096256684495,66.84491978609626,49.19786096256685,17.647058823529413
E00108789,147,50,17,33,97,68,29,34.01360544217687,11.564625850340136,22.448979591836736,65.98639455782312,46.25850340136054,19.727891156462583
E00108790,102,34,13,21,68,50,18,33.33333333333333,12.745098039215685,20.588235294117645,66.66666666666666,49.01960784313725,17.647058823529413
E00108791,75,28,9,19,47,36,11,37.333333333333336,12,25.333333333333336,62.66666666666667,48,14.666666666666666
E00108792,193,44,20,24,149,121,28,22.797927461139896,10.362694300518134,12.435233160621761,77.2020725388601,62.69430051813472,14.507772020725387
E00108793,115,34,11,23,81,70,11,29.565217391304348,9.565217391304348,20,70.43478260869566,60.86956521739131,9.565217391304348
E00108794,65,18,10,8,47,37,10,27.692307692307693,15.384615384615385,12.307692307692308,72.3076923076923,56.92307692307692,15.384615384615385
E00108795,210,34,14,20,176,152,24,16.19047619047619,6.666666666666667,9.523809523809524,83.80952380952381,72.38095238095238,11.428571428571429
E00108796,173,48,17,31,125,111,14,27.74566473988439,9.826589595375722,17.91907514450867,72.25433526011561,64.16184971098265,8.092485549132949
E00108797,39,14,3,11,25,22,3,35.8974358974359,7.6923076923076925,28.205128205128204,64.1025641025641,56.41025641025641,7.6923076923076925
E00108798,47,11,7,4,36,26,10,23.404255319148938,14.893617021276595,8.51063829787234,76.59574468085107,55.319148936170215,21.27659574468085
E00108799,156,37,15,22,119,104,15,23.717948717948715,9.615384615384617,14.102564102564102,76.28205128205127,66.66666666666666,9.615384615384617
E00108800,188,49,10,39,139,115,24,26.063829787234045,5.319148936170213,20.74468085106383,73.93617021276596,61.170212765957444,12.76595744680851
E00108801,137,37,17,20,100,76,24,27.00729927007299,12.408759124087592,14.5985401459854,72.99270072992701,55.47445255474452,17.51824817518248
E00108802,224,51,20,31,173,147,26,22.767857142857142,8.928571428571429,13.839285714285715,77.23214285714286,65.625,11.607142857142858
E00108803,83,22,9,13,61,47,14,26.506024096385545,10.843373493975903,15.66265060240964,73.49397590361446,56.62650602409639,16.867469879518072
E00108804,259,61,17,44,198,168,30,23.552123552123554,6.563706563706563,16.988416988416986,76.44787644787645,64.86486486486487,11.583011583011583
E00108805,168,37,14,23,131,99,32,22.023809523809522,8.333333333333332,13.690476190476192,77.97619047619048,58.92857142857143,19.047619047619047
E00108806,170,40,15,25,130,107,23,23.52941176470588,8.823529411764707,14.705882352941178,76.47058823529412,62.94117647058823,13.529411764705882
E00108807,124,19,5,14,105,84,21,15.32258064516129,4.032258064516129,11.29032258064516,84.67741935483872,67.74193548387096,16.93548387096774
E00108808,214,60,15,45,154,132,22,28.037383177570092,7.009345794392523,21.02803738317757,71.96261682242991,61.6822429906542,10.2803738317757
E00108809,182,49,23,26,133,118,15,26.923076923076923,12.637362637362637,14.285714285714285,73.07692307692307,64.83516483516483,8.241758241758241
E00108810,155,44,16,28,111,93,18,28.387096774193548,10.32258064516129,18.064516129032256,71.61290322580646,60,11.612903225806452
E00108811,132,40,17,23,92,84,8,30.303030303030305,12.878787878787879,17.424242424242426,69.6969696969697,63.63636363636363,6.0606060606060606
E00108812,94,27,7,20,67,59,8,28.723404255319153,7.446808510638298,21.27659574468085,71.27659574468085,62.76595744680851,8.51063829787234
E00108813,148,49,18,31,99,81,18,33.108108108108105,12.162162162162163,20.945945945945947,66.8918918918919,54.729729729729726,12.162162162162163
E00108814,110,33,15,18,77,64,13,30,13.636363636363635,16.363636363636363,70,58.18181818181818,11.818181818181818
E00108815,146,36,9,27,110,89,21,24.65753424657534,6.164383561643835,18.493150684931507,75.34246575342466,60.95890410958904,14.383561643835616
E00108816,140,37,18,19,103,86,17,26.42857142857143,12.857142857142856,13.571428571428571,73.57142857142858,61.42857142857143,12.142857142857142
E00108817,138,36,11,25,102,84,18,26.08695652173913,7.971014492753622,18.115942028985508,73.91304347826086,60.86956521739131,13.043478260869565
E00108818,146,44,14,30,102,91,11,30.136986301369863,9.58904109589041,20.54794520547945,69.86301369863014,62.328767123287676,7.534246575342466
E00108819,153,38,14,24,115,94,21,24.836601307189543,9.15032679738562,15.686274509803921,75.16339869281046,61.43790849673203,13.725490196078432
E00108820,214,46,14,32,168,150,18,21.49532710280374,6.5420560747663545,14.953271028037381,78.50467289719626,70.09345794392523,8.411214953271028
E00108821,171,57,23,34,114,98,16,33.33333333333333,13.450292397660817,19.883040935672515,66.66666666666666,57.30994152046783,9.35672514619883
E00108822,159,37,9,28,122,97,25,23.270440251572328,5.660377358490567,17.61006289308176,76.72955974842768,61.0062893081761,15.723270440251572
E00108823,143,38,16,22,105,92,13,26.573426573426573,11.188811188811188,15.384615384615385,73.42657342657343,64.33566433566433,9.090909090909092
E00108824,269,60,26,34,209,180,29,22.304832713754646,9.66542750929368,12.639405204460965,77.69516728624535,66.91449814126395,10.780669144981413
E00108825,144,50,16,34,94,85,9,34.72222222222222,11.11111111111111,23.61111111111111,65.27777777777779,59.02777777777778,6.25
E00108826,168,52,16,36,116,101,15,30.952380952380953,9.523809523809524,21.428571428571427,69.04761904761905,60.11904761904761,8.928571428571429
E00108827,134,42,8,34,92,74,18,31.343283582089555,5.970149253731343,25.37313432835821,68.65671641791045,55.223880597014926,13.432835820895523
E00108828,146,31,10,21,115,99,16,21.232876712328768,6.8493150684931505,14.383561643835616,78.76712328767124,67.8082191780822,10.95890410958904
E00108829,131,39,9,30,92,82,10,29.770992366412212,6.870229007633588,22.900763358778626,70.22900763358778,62.59541984732825,7.633587786259542
E00108831,178,56,20,36,122,109,13,31.46067415730337,11.235955056179774,20.224719101123593,68.53932584269663,61.23595505617978,7.303370786516854
E00108832,166,46,20,26,120,102,18,27.710843373493976,12.048192771084338,15.66265060240964,72.28915662650603,61.44578313253012,10.843373493975903
E00108834,149,44,18,26,105,92,13,29.53020134228188,12.080536912751679,17.449664429530202,70.46979865771812,61.74496644295302,8.724832214765101
E00108836,220,49,20,29,171,148,23,22.272727272727273,9.090909090909092,13.18181818181818,77.72727272727272,67.27272727272727,10.454545454545453
E00108837,157,60,19,41,97,88,9,38.21656050955414,12.101910828025478,26.11464968152866,61.78343949044586,56.05095541401274,5.7324840764331215
E00108838,115,29,7,22,86,72,14,25.217391304347824,6.086956521739131,19.130434782608695,74.78260869565217,62.60869565217392,12.173913043478262
E00108839,166,50,14,36,116,101,15,30.120481927710845,8.433734939759036,21.686746987951807,69.87951807228916,60.8433734939759,9.036144578313253
E00108840,119,33,7,26,86,75,11,27.73109243697479,5.88235294117647,21.84873949579832,72.26890756302521,63.02521008403361,9.243697478991598
E00108841,142,42,14,28,100,84,16,29.577464788732392,9.859154929577464,19.718309859154928,70.4225352112676,59.154929577464785,11.267605633802818
E00108842,143,39,14,25,104,89,15,27.27272727272727,9.79020979020979,17.482517482517483,72.72727272727273,62.23776223776224,10.48951048951049
E00108843,132,34,16,18,98,88,10,25.757575757575758,12.121212121212121,13.636363636363635,74.24242424242425,66.66666666666666,7.575757575757576
E00108845,155,49,20,29,106,83,23,31.61290322580645,12.903225806451612,18.70967741935484,68.38709677419355,53.5483870967742,14.838709677419354
E00108846,196,63,32,31,133,119,14,32.142857142857146,16.3265306122449,15.816326530612246,67.85714285714286,60.71428571428571,7.142857142857142
E00108847,123,33,12,21,90,74,16,26.82926829268293,9.75609756097561,17.073170731707318,73.17073170731707,60.16260162601627,13.008130081300814
E00108848,181,65,30,35,116,93,23,35.91160220994475,16.574585635359114,19.337016574585636,64.08839779005525,51.38121546961326,12.70718232044199
E00108849,203,50,14,36,153,130,23,24.63054187192118,6.896551724137931,17.733990147783253,75.36945812807882,64.03940886699507,11.330049261083744
E00108850,108,36,15,21,72,55,17,33.33333333333333,13.88888888888889,19.444444444444446,66.66666666666666,50.92592592592593,15.74074074074074
E00108851,109,36,12,24,73,63,10,33.02752293577982,11.009174311926607,22.018348623853214,66.97247706422019,57.798165137614674,9.174311926605505
E00108852,132,45,15,30,87,69,18,34.090909090909086,11.363636363636363,22.727272727272727,65.9090909090909,52.27272727272727,13.636363636363635
E00108853,119,36,13,23,83,71,12,30.252100840336134,10.92436974789916,19.327731092436977,69.74789915966386,59.66386554621849,10.084033613445378
E00108854,150,50,15,35,100,80,20,33.33333333333333,10,23.333333333333332,66.66666666666666,53.333333333333336,13.333333333333334
E00108855,192,54,17,37,138,116,22,28.125,8.854166666666668,19.270833333333336,71.875,60.416666666666664,11.458333333333332
E00108856,127,35,11,24,92,76,16,27.559055118110237,8.661417322834646,18.89763779527559,72.44094488188976,59.84251968503938,12.598425196850393
E00108857,125,32,9,23,93,82,11,25.6,7.199999999999999,18.4,74.4,65.60000000000001,8.799999999999999
E00108858,148,39,15,24,109,101,8,26.351351351351347,10.135135135135135,16.216216216216218,73.64864864864865,68.24324324324324,5.405405405405405
E00108859,147,48,20,28,99,86,13,32.6530612244898,13.60544217687075,19.047619047619047,67.3469387755102,58.50340136054422,8.843537414965986
E00108860,126,29,6,23,97,78,19,23.015873015873016,4.761904761904762,18.253968253968253,76.98412698412699,61.904761904761905,15.079365079365079
E00108861,173,50,25,25,123,105,18,28.901734104046245,14.450867052023122,14.450867052023122,71.09826589595376,60.69364161849711,10.404624277456648
E00108862,163,47,20,27,116,94,22,28.834355828220858,12.269938650306749,16.56441717791411,71.16564417177914,57.668711656441715,13.496932515337424
E00108863,160,45,15,30,115,95,20,28.125,9.375,18.75,71.875,59.375,12.5
E00108864,155,46,22,24,109,91,18,29.677419354838708,14.193548387096774,15.483870967741936,70.3225806451613,58.70967741935483,11.612903225806452
E00108865,119,23,8,15,96,76,20,19.327731092436977,6.722689075630252,12.605042016806722,80.67226890756302,63.86554621848739,16.80672268907563
E00108866,144,46,17,29,98,81,17,31.944444444444443,11.805555555555555,20.13888888888889,68.05555555555556,56.25,11.805555555555555
E00108867,122,38,17,21,84,66,18,31.147540983606557,13.934426229508196,17.21311475409836,68.85245901639344,54.09836065573771,14.754098360655737
E00108868,101,46,13,33,55,51,4,45.54455445544555,12.871287128712872,32.67326732673268,54.45544554455446,50.495049504950494,3.9603960396039604
E00108869,145,53,28,25,92,77,15,36.55172413793103,19.310344827586206,17.24137931034483,63.44827586206897,53.103448275862064,10.344827586206897
E00108870,131,36,10,26,95,80,15,27.480916030534353,7.633587786259542,19.84732824427481,72.51908396946564,61.06870229007634,11.450381679389313
E00108871,159,54,21,33,105,85,20,33.9622641509434,13.20754716981132,20.754716981132077,66.0377358490566,53.459119496855344,12.578616352201259
E00108872,266,55,15,40,211,165,46,20.676691729323306,5.639097744360902,15.037593984962406,79.32330827067669,62.03007518796993,17.293233082706767
E00108873,64,17,7,10,47,38,9,26.5625,10.9375,15.625,73.4375,59.375,14.0625
E00108874,162,46,21,25,116,86,30,28.39506172839506,12.962962962962962,15.432098765432098,71.60493827160494,53.086419753086425,18.51851851851852
E00173953,162,39,18,21,123,105,18,24.074074074074073,11.11111111111111,12.962962962962962,75.92592592592592,64.81481481481481,11.11111111111111
E00173954,168,31,8,23,137,118,19,18.452380952380953,4.761904761904762,13.690476190476192,81.54761904761905,70.23809523809523,11.30952380952381
E00173955,158,25,8,17,133,116,17,15.822784810126583,5.063291139240507,10.759493670886076,84.17721518987342,73.41772151898735,10.759493670886076
E00173956,122,27,7,20,95,83,12,22.131147540983605,5.737704918032787,16.39344262295082,77.8688524590164,68.0327868852459,9.836065573770492
E00173957,182,52,20,32,130,115,15,28.57142857142857,10.989010989010989,17.582417582417584,71.42857142857143,63.18681318681318,8.241758241758241
E00173959,146,40,11,29,106,83,23,27.397260273972602,7.534246575342466,19.863013698630137,72.6027397260274,56.849315068493155,15.753424657534246
E00173960,159,41,10,31,118,93,25,25.78616352201258,6.289308176100629,19.49685534591195,74.21383647798741,58.490566037735846,15.723270440251572
E00173961,152,53,18,35,99,90,9,34.868421052631575,11.842105263157894,23.026315789473685,65.13157894736842,59.210526315789465,5.921052631578947
E00173962,204,59,16,43,145,110,35,28.921568627450984,7.8431372549019605,21.07843137254902,71.07843137254902,53.92156862745098,17.15686274509804
E00173963,194,41,19,22,153,128,25,21.1340206185567,9.793814432989691,11.34020618556701,78.8659793814433,65.97938144329896,12.886597938144329
E00173966,148,46,14,32,102,84,18,31.08108108108108,9.45945945945946,21.62162162162162,68.91891891891892,56.75675675675676,12.162162162162163
E00173967,108,41,16,25,67,60,7,37.96296296296296,14.814814814814813,23.14814814814815,62.03703703703704,55.55555555555556,6.481481481481481
E00173968,222,50,17,33,172,149,23,22.52252252252252,7.657657657657657,14.864864864864865,77.47747747747748,67.11711711711712,10.36036036036036
E00173969,125,35,15,20,90,72,18,28.000000000000004,12,16,72,57.599999999999994,14.399999999999999
E00173970,177,46,21,25,131,100,31,25.98870056497175,11.864406779661017,14.124293785310735,74.01129943502825,56.49717514124294,17.51412429378531
E00173971,224,77,34,43,147,129,18,34.375,15.178571428571427,19.196428571428573,65.625,57.58928571428571,8.035714285714286
E00173972,163,37,10,27,126,106,20,22.699386503067483,6.134969325153374,16.56441717791411,77.30061349693251,65.03067484662577,12.269938650306749
E00173973,166,42,21,21,124,104,20,25.301204819277107,12.650602409638553,12.650602409638553,74.69879518072288,62.65060240963856,12.048192771084338
E00173974,85,32,12,20,53,40,13,37.64705882352941,14.117647058823529,23.52941176470588,62.35294117647059,47.05882352941176,15.294117647058824
E00173975,152,44,16,28,108,93,15,28.947368421052634,10.526315789473683,18.421052631578945,71.05263157894737,61.18421052631579,9.868421052631579
E00173976,114,31,16,15,83,70,13,27.192982456140353,14.035087719298245,13.157894736842104,72.80701754385966,61.40350877192983,11.403508771929824
E00173977,183,50,20,30,133,109,24,27.322404371584703,10.92896174863388,16.39344262295082,72.6775956284153,59.56284153005464,13.114754098360656
E00173978,180,60,21,39,120,103,17,33.33333333333333,11.666666666666666,21.666666666666668,66.66666666666666,57.22222222222222,9.444444444444445
E00173979,172,58,23,35,114,93,21,33.72093023255814,13.372093023255813,20.348837209302324,66.27906976744185,54.06976744186046,12.209302325581394
E00173980,146,33,15,18,113,94,19,22.602739726027394,10.273972602739725,12.32876712328767,77.3972602739726,64.38356164383562,13.013698630136986
E00173981,146,40,10,30,106,81,25,27.397260273972602,6.8493150684931505,20.54794520547945,72.6027397260274,55.47945205479452,17.123287671232877
E00173982,167,44,15,29,123,106,17,26.34730538922156,8.982035928143713,17.365269461077844,73.65269461077844,63.47305389221557,10.179640718562874
E00173983,154,39,18,21,115,94,21,25.324675324675322,11.688311688311687,13.636363636363635,74.67532467532467,61.038961038961034,13.636363636363635
E00173984,191,55,27,28,136,106,30,28.79581151832461,14.136125654450263,14.659685863874344,71.20418848167539,55.497382198952884,15.706806282722512
E00173985,178,56,18,38,122,100,22,31.46067415730337,10.112359550561797,21.34831460674157,68.53932584269663,56.17977528089888,12.359550561797752
E00173986,145,51,23,28,94,71,23,35.172413793103445,15.862068965517242,19.310344827586206,64.82758620689654,48.96551724137931,15.862068965517242
E00173987,276,88,30,58,188,153,35,31.88405797101449,10.869565217391305,21.014492753623188,68.11594202898551,55.434782608695656,12.681159420289855
E00173988,211,51,16,35,160,124,36,24.170616113744074,7.5829383886255926,16.587677725118482,75.82938388625593,58.767772511848335,17.061611374407583
E00173989,187,49,14,35,138,121,17,26.203208556149733,7.4866310160427805,18.71657754010695,73.79679144385027,64.70588235294117,9.090909090909092
E00173990,162,52,17,35,110,87,23,32.098765432098766,10.493827160493826,21.604938271604937,67.90123456790124,53.70370370370371,14.19753086419753
E00173991,66,18,6,12,48,38,10,27.27272727272727,9.090909090909092,18.181818181818183,72.72727272727273,57.57575757575758,15.151515151515152
E00173992,208,60,23,37,148,120,28,28.846153846153843,11.057692307692307,17.78846153846154,71.15384615384616,57.692307692307686,13.461538461538462
E00173993,136,35,16,19,101,85,16,25.735294117647058,11.76470588235294,13.970588235294118,74.26470588235294,62.5,11.76470588235294
E00173994,155,56,20,36,99,84,15,36.12903225806451,12.903225806451612,23.225806451612904,63.87096774193548,54.19354838709678,9.67741935483871
E00173995,174,44,20,24,130,107,23,25.287356321839084,11.494252873563218,13.793103448275861,74.71264367816092,61.49425287356321,13.218390804597702
E00173996,156,55,26,29,101,82,19,35.256410256410255,16.666666666666664,18.58974358974359,64.74358974358975,52.56410256410257,12.179487179487179
E00173997,75,25,7,18,50,40,10,33.33333333333333,9.333333333333334,24,66.66666666666666,53.333333333333336,13.333333333333334
E00173998,157,48,19,29,109,85,24,30.573248407643312,12.101910828025478,18.471337579617835,69.42675159235668,54.14012738853503,15.286624203821656
E00188019,202,55,16,39,147,126,21,27.22772277227723,7.920792079207921,19.306930693069308,72.77227722772277,62.37623762376238,10.396039603960396
E00188029,183,46,14,32,137,105,32,25.136612021857925,7.650273224043716,17.48633879781421,74.86338797814209,57.377049180327866,17.48633879781421
E00188032,147,37,13,24,110,91,19,25.170068027210885,8.843537414965986,16.3265306122449,74.82993197278913,61.904761904761905,12.925170068027212
E00188033,198,52,19,33,146,130,16,26.262626262626267,9.595959595959595,16.666666666666664,73.73737373737373,65.65656565656566,8.080808080808081
E00188036,158,36,11,25,122,102,20,22.78481012658228,6.962025316455696,15.822784810126583,77.21518987341773,64.55696202531645,12.658227848101266
E00188038,165,51,23,28,114,81,33,30.909090909090907,13.939393939393941,16.969696969696972,69.0909090909091,49.09090909090909,20
E00188041,186,46,16,30,140,114,26,24.731182795698924,8.60215053763441,16.129032258064516,75.26881720430107,61.29032258064516,13.978494623655912
E00188045,132,33,10,23,99,76,23,25,7.575757575757576,17.424242424242426,75,57.57575757575758,17.424242424242426
E00188061,180,46,17,29,134,105,29,25.555555555555554,9.444444444444445,16.11111111111111,74.44444444444444,58.333333333333336,16.11111111111111
E00188068,206,66,31,35,140,114,26,32.038834951456316,15.048543689320388,16.990291262135923,67.96116504854369,55.33980582524271,12.62135922330097
E00188070,151,40,15,25,111,88,23,26.490066225165563,9.933774834437086,16.55629139072848,73.50993377483444,58.27814569536424,15.2317880794702
E00188080,63,14,8,6,49,38,11,22.22222222222222,12.698412698412698,9.523809523809524,77.77777777777779,60.317460317460316,17.46031746031746
E00188081,186,41,16,25,145,112,33,22.043010752688172,8.60215053763441,13.440860215053762,77.95698924731182,60.215053763440864,17.741935483870968
E00188088,146,44,20,24,102,87,15,30.136986301369863,13.698630136986301,16.43835616438356,69.86301369863014,59.589041095890416,10.273972602739725
E00188096,164,40,13,27,124,98,26,24.390243902439025,7.926829268292683,16.463414634146343,75.60975609756098,59.756097560975604,15.853658536585366
E00188097,207,46,21,25,161,132,29,22.22222222222222,10.144927536231885,12.077294685990339,77.77777777777779,63.76811594202898,14.009661835748794
E00188106,127,21,6,15,106,90,16,16.535433070866144,4.724409448818897,11.811023622047244,83.46456692913385,70.86614173228347,12.598425196850393
E00188109,132,37,10,27,95,78,17,28.030303030303028,7.575757575757576,20.454545454545457,71.96969696969697,59.09090909090909,12.878787878787879
E00188112,225,46,6,40,179,155,24,20.444444444444446,2.666666666666667,17.77777777777778,79.55555555555556,68.88888888888889,10.666666666666668
E00188116,133,33,13,20,100,84,16,24.81203007518797,9.774436090225564,15.037593984962406,75.18796992481202,63.1578947368421,12.030075187969924
E00188118,75,24,10,14,51,44,7,32,13.333333333333334,18.666666666666668,68,58.666666666666664,9.333333333333334
E00188119,216,36,15,21,180,138,42,16.666666666666664,6.944444444444445,9.722222222222223,83.33333333333334,63.888888888888886,19.444444444444446
E00188125,118,29,12,17,89,76,13,24.576271186440678,10.16949152542373,14.40677966101695,75.42372881355932,64.40677966101694,11.016949152542372
E00188130,126,42,18,24,84,66,18,33.33333333333333,14.285714285714285,19.047619047619047,66.66666666666666,52.38095238095239,14.285714285714285
E00188146,133,32,12,20,101,86,15,24.06015037593985,9.022556390977442,15.037593984962406,75.93984962406014,64.66165413533834,11.278195488721805
E00188151,126,33,15,18,93,82,11,26.190476190476193,11.904761904761903,14.285714285714285,73.80952380952381,65.07936507936508,8.73015873015873
E00188157,139,46,16,30,93,69,24,33.093525179856115,11.510791366906476,21.58273381294964,66.90647482014388,49.64028776978417,17.26618705035971
E00188166,80,29,13,16,51,42,9,36.25,16.25,20,63.74999999999999,52.5,11.25
E00188167,216,51,15,36,165,140,25,23.61111111111111,6.944444444444445,16.666666666666664,76.38888888888889,64.81481481481481,11.574074074074074
