OA,ts0590001,ts0590002,ts0590003,ts0590004,ts0590005,ts0590006,ts0590007,ts0590002_PCT,ts0590003_PCT,ts0590004_PCT,ts0590005_PCT,ts0590006_PCT,ts0590007_PCT
E00161607,141,53,19,34,88,63,25,37.5886524822695,13.47517730496454,24.113475177304963,62.4113475177305,44.680851063829785,17.73049645390071
E00161608,125,32,11,21,93,72,21,25.6,8.799999999999999,16.8,74.4,57.599999999999994,16.8
E00161609,140,55,19,36,85,68,17,39.285714285714285,13.571428571428571,25.71428571428571,60.71428571428571,48.57142857142857,12.142857142857142
E00161611,166,53,31,22,113,86,27,31.92771084337349,18.67469879518072,13.253012048192772,68.07228915662651,51.80722891566265,16.265060240963855
E00161612,202,70,27,43,132,114,18,34.65346534653465,13.366336633663368,21.287128712871286,65.34653465346535,56.43564356435643,8.91089108910891
E00161613,167,51,30,21,116,90,26,30.538922155688624,17.964071856287426,12.574850299401197,69.46107784431138,53.89221556886228,15.568862275449103
E00161614,258,73,36,37,185,135,50,28.294573643410853,13.953488372093023,14.34108527131783,71.70542635658916,52.32558139534884,19.379844961240313
E00161615,155,56,26,30,99,73,26,36.12903225806451,16.7741935483871,19.35483870967742,63.87096774193548,47.096774193548384,16.7741935483871
E00161616,145,50,13,37,95,77,18,34.48275862068966,8.96551724137931,25.517241379310345,65.51724137931035,53.103448275862064,12.413793103448276
E00161617,157,52,22,30,105,89,16,33.12101910828025,14.012738853503185,19.10828025477707,66.87898089171973,56.68789808917197,10.191082802547772
E00161618,176,52,25,27,124,97,27,29.545454545454547,14.204545454545455,15.340909090909092,70.45454545454545,55.11363636363637,15.340909090909092
E00161619,136,40,17,23,96,76,20,29.411764705882355,12.5,16.911764705882355,70.58823529411765,55.88235294117647,14.705882352941178
E00161620,360,82,28,54,278,237,41,22.77777777777778,7.777777777777778,15,77.22222222222223,65.83333333333333,11.38888888888889
E00161622,267,64,27,37,203,159,44,23.970037453183522,10.112359550561797,13.857677902621724,76.02996254681648,59.55056179775281,16.479400749063668
E00161623,203,67,22,45,136,123,13,33.004926108374384,10.83743842364532,22.167487684729064,66.99507389162561,60.591133004926114,6.403940886699508
E00161624,178,61,24,37,117,107,10,34.26966292134831,13.48314606741573,20.786516853932586,65.73033707865169,60.1123595505618,5.617977528089887
E00161625,153,48,14,34,105,79,26,31.372549019607842,9.15032679738562,22.22222222222222,68.62745098039215,51.633986928104584,16.99346405228758
E00161626,191,60,25,35,131,90,41,31.413612565445025,13.089005235602095,18.32460732984293,68.58638743455498,47.12041884816754,21.465968586387437
E00161627,146,51,20,31,95,73,22,34.93150684931507,13.698630136986301,21.232876712328768,65.06849315068493,50,15.068493150684931
E00161628,202,63,21,42,139,120,19,31.18811881188119,10.396039603960396,20.792079207920793,68.8118811881188,59.4059405940594,9.405940594059405
E00161629,196,73,31,42,123,100,23,37.244897959183675,15.816326530612246,21.428571428571427,62.755102040816325,51.02040816326531,11.73469387755102
E00161630,127,40,6,34,87,72,15,31.496062992125985,4.724409448818897,26.77165354330709,68.50393700787401,56.69291338582677,11.811023622047244
E00161631,192,63,27,36,129,109,20,32.8125,14.0625,18.75,67.1875,56.770833333333336,10.416666666666668
E00161632,176,72,37,35,104,66,38,40.909090909090914,21.022727272727273,19.886363636363637,59.09090909090909,37.5,21.59090909090909
E00161633,142,50,16,34,92,68,24,35.2112676056338,11.267605633802818,23.943661971830984,64.7887323943662,47.88732394366197,16.901408450704224
E00161634,164,61,34,27,103,70,33,37.19512195121951,20.73170731707317,16.463414634146343,62.80487804878049,42.68292682926829,20.121951219512198
E00161635,173,65,24,41,108,80,28,37.57225433526011,13.872832369942195,23.699421965317917,62.42774566473989,46.24277456647399,16.184971098265898
E00161636,179,61,20,41,118,77,41,34.07821229050279,11.1731843575419,22.905027932960895,65.92178770949721,43.01675977653631,22.905027932960895
E00161637,140,36,16,20,104,71,33,25.71428571428571,11.428571428571429,14.285714285714285,74.28571428571429,50.71428571428571,23.57142857142857
E00161638,110,42,21,21,68,52,16,38.18181818181819,19.090909090909093,19.090909090909093,61.81818181818181,47.27272727272727,14.545454545454545
E00161639,164,42,17,25,122,77,45,25.609756097560975,10.365853658536585,15.24390243902439,74.39024390243902,46.95121951219512,27.439024390243905
E00161640,192,67,21,46,125,106,19,34.89583333333333,10.9375,23.958333333333336,65.10416666666666,55.208333333333336,9.895833333333332
E00161641,177,57,18,39,120,102,18,32.20338983050847,10.16949152542373,22.033898305084744,67.79661016949152,57.6271186440678,10.16949152542373
E00161642,215,57,18,39,158,139,19,26.51162790697674,8.372093023255815,18.13953488372093,73.48837209302326,64.65116279069767,8.837209302325581
E00161643,205,57,23,34,148,124,24,27.80487804878049,11.219512195121952,16.585365853658537,72.1951219512195,60.48780487804878,11.707317073170733
E00161644,210,54,17,37,156,130,26,25.71428571428571,8.095238095238095,17.61904761904762,74.28571428571429,61.904761904761905,12.380952380952381
E00161645,199,56,15,41,143,126,17,28.14070351758794,7.537688442211055,20.603015075376884,71.85929648241206,63.31658291457286,8.542713567839195
E00161646,118,31,12,19,87,70,17,26.27118644067797,10.16949152542373,16.101694915254235,73.72881355932203,59.32203389830508,14.40677966101695
E00161647,172,55,22,33,117,101,16,31.976744186046513,12.790697674418606,19.186046511627907,68.02325581395348,58.720930232558146,9.30232558139535
E00161648,184,45,13,32,139,116,23,24.456521739130434,7.065217391304348,17.391304347826086,75.54347826086956,63.04347826086957,12.5
E00161649,181,56,22,34,125,107,18,30.939226519337016,12.154696132596685,18.784530386740332,69.06077348066299,59.11602209944752,9.94475138121547
E00161650,182,49,16,33,133,120,13,26.923076923076923,8.791208791208792,18.13186813186813,73.07692307692307,65.93406593406593,7.142857142857142
E00161651,181,52,21,31,129,113,16,28.7292817679558,11.602209944751381,17.12707182320442,71.27071823204419,62.430939226519335,8.83977900552486
E00161652,204,40,16,24,164,134,30,19.607843137254903,7.8431372549019605,11.76470588235294,80.3921568627451,65.68627450980392,14.705882352941178
E00161653,156,58,23,35,98,87,11,37.17948717948718,14.743589743589745,22.435897435897438,62.82051282051282,55.769230769230774,7.051282051282051
E00161654,173,52,14,38,121,106,15,30.057803468208093,8.092485549132949,21.965317919075144,69.94219653179191,61.27167630057804,8.670520231213873
E00161655,187,52,14,38,135,119,16,27.807486631016044,7.4866310160427805,20.32085561497326,72.19251336898395,63.63636363636363,8.55614973262032
E00161656,112,36,21,15,76,66,10,32.142857142857146,18.75,13.392857142857142,67.85714285714286,58.92857142857143,8.928571428571429
E00161657,246,61,29,32,185,159,26,24.796747967479675,11.788617886178862,13.008130081300814,75.20325203252033,64.63414634146342,10.569105691056912
E00161658,127,49,21,28,78,60,18,38.582677165354326,16.535433070866144,22.04724409448819,61.417322834645674,47.24409448818898,14.173228346456693
E00161659,291,102,44,58,189,159,30,35.051546391752574,15.120274914089347,19.93127147766323,64.94845360824742,54.63917525773196,10.309278350515463
E00161660,203,55,14,41,148,125,23,27.093596059113302,6.896551724137931,20.19704433497537,72.9064039408867,61.57635467980296,11.330049261083744
E00161661,155,41,12,29,114,98,16,26.451612903225808,7.741935483870968,18.70967741935484,73.54838709677419,63.2258064516129,10.32258064516129
E00161662,140,51,25,26,89,79,10,36.42857142857142,17.857142857142858,18.571428571428573,63.57142857142857,56.42857142857143,7.142857142857142
E00161663,135,41,18,23,94,82,12,30.37037037037037,13.333333333333334,17.037037037037038,69.62962962962963,60.74074074074074,8.88888888888889
E00161664,161,59,29,30,102,74,28,36.64596273291926,18.012422360248447,18.633540372670808,63.35403726708074,45.962732919254655,17.391304347826086
E00161665,182,51,15,36,131,110,21,28.021978021978022,8.241758241758241,19.78021978021978,71.97802197802197,60.43956043956044,11.538461538461538
E00161666,111,42,16,26,69,56,13,37.83783783783784,14.414414414414415,23.423423423423422,62.16216216216216,50.45045045045045,11.711711711711711
E00161667,153,49,16,33,104,82,22,32.02614379084967,10.457516339869281,21.568627450980394,67.97385620915033,53.59477124183007,14.37908496732026
E00161668,156,47,23,24,109,88,21,30.128205128205128,14.743589743589745,15.384615384615385,69.87179487179486,56.41025641025641,13.461538461538462
E00161669,193,54,21,33,139,113,26,27.979274611398964,10.880829015544041,17.098445595854923,72.02072538860104,58.549222797927456,13.471502590673575
E00161670,131,40,11,29,91,79,12,30.53435114503817,8.396946564885496,22.137404580152673,69.46564885496184,60.30534351145038,9.16030534351145
E00161671,188,55,22,33,133,115,18,29.25531914893617,11.702127659574469,17.5531914893617,70.74468085106383,61.170212765957444,9.574468085106384
E00161672,121,43,19,24,78,68,10,35.53719008264463,15.702479338842975,19.834710743801654,64.46280991735537,56.19834710743802,8.264462809917356
E00161673,87,26,8,18,61,58,3,29.88505747126437,9.195402298850574,20.689655172413794,70.11494252873564,66.66666666666666,3.4482758620689653
E00161674,198,57,24,33,141,127,14,28.78787878787879,12.121212121212121,16.666666666666664,71.21212121212122,64.14141414141415,7.07070707070707
E00161675,167,58,22,36,109,87,22,34.73053892215569,13.17365269461078,21.55688622754491,65.26946107784431,52.09580838323353,13.17365269461078
E00161676,167,48,17,31,119,101,18,28.74251497005988,10.179640718562874,18.562874251497004,71.25748502994011,60.47904191616767,10.778443113772456
E00161677,170,65,16,49,105,92,13,38.23529411764706,9.411764705882353,28.823529411764703,61.76470588235294,54.11764705882353,7.647058823529412
E00161678,155,50,20,30,105,98,7,32.25806451612903,12.903225806451612,19.35483870967742,67.74193548387096,63.2258064516129,4.516129032258064
E00161679,159,58,15,43,101,88,13,36.477987421383645,9.433962264150944,27.044025157232703,63.52201257861635,55.34591194968554,8.176100628930817
E00161680,164,54,21,33,110,98,12,32.926829268292686,12.804878048780488,20.121951219512198,67.07317073170732,59.756097560975604,7.317073170731707
E00161681,150,51,16,35,99,87,12,34,10.666666666666668,23.333333333333332,66,57.99999999999999,8
E00161682,112,42,18,24,70,57,13,37.5,16.071428571428573,21.428571428571427,62.5,50.89285714285714,11.607142857142858
E00161683,156,42,14,28,114,103,11,26.923076923076923,8.974358974358974,17.94871794871795,73.07692307692307,66.02564102564102,7.051282051282051
E00161684,156,55,17,38,101,91,10,35.256410256410255,10.897435897435898,24.358974358974358,64.74358974358975,58.333333333333336,6.41025641025641
E00161685,204,73,18,55,131,112,19,35.78431372549019,8.823529411764707,26.96078431372549,64.2156862745098,54.90196078431373,9.313725490196079
E00161686,134,45,17,28,89,81,8,33.582089552238806,12.686567164179104,20.8955223880597,66.4179104477612,60.447761194029844,5.970149253731343
E00161687,126,46,14,32,80,71,9,36.507936507936506,11.11111111111111,25.396825396825395,63.49206349206349,56.34920634920635,7.142857142857142
E00161688,171,58,27,31,113,101,12,33.91812865497076,15.789473684210526,18.128654970760234,66.08187134502924,59.06432748538012,7.017543859649122
E00161689,125,42,21,21,83,66,17,33.6,16.8,16.8,66.4,52.800000000000004,13.600000000000001
E00161690,159,55,22,33,104,81,23,34.59119496855346,13.836477987421384,20.754716981132077,65.40880503144653,50.943396226415096,14.465408805031446
E00161691,158,47,17,30,111,92,19,29.746835443037973,10.759493670886076,18.9873417721519,70.25316455696202,58.22784810126582,12.025316455696203
E00161692,165,42,19,23,123,101,22,25.454545454545453,11.515151515151516,13.939393939393941,74.54545454545455,61.212121212121204,13.333333333333334
E00161693,102,34,7,27,68,62,6,33.33333333333333,6.862745098039216,26.47058823529412,66.66666666666666,60.78431372549019,5.88235294117647
E00161694,163,42,14,28,121,110,11,25.766871165644172,8.588957055214724,17.177914110429448,74.23312883435584,67.48466257668711,6.748466257668712
E00161695,194,50,19,31,144,116,28,25.773195876288657,9.793814432989691,15.979381443298967,74.22680412371135,59.79381443298969,14.432989690721648
E00161696,191,38,14,24,153,142,11,19.895287958115183,7.329842931937172,12.56544502617801,80.10471204188482,74.3455497382199,5.7591623036649215
E00161697,238,47,21,26,191,168,23,19.747899159663866,8.823529411764707,10.92436974789916,80.25210084033614,70.58823529411765,9.663865546218489
E00161698,152,45,10,35,107,93,14,29.605263157894733,6.578947368421052,23.026315789473685,70.39473684210526,61.18421052631579,9.210526315789473
E00161699,95,22,9,13,73,64,9,23.157894736842106,9.473684210526317,13.684210526315791,76.84210526315789,67.36842105263158,9.473684210526317
E00161700,141,51,14,37,90,75,15,36.17021276595745,9.929078014184398,26.24113475177305,63.829787234042556,53.191489361702125,10.638297872340425
E00161701,235,58,24,34,177,158,19,24.680851063829788,10.212765957446807,14.468085106382977,75.31914893617021,67.23404255319149,8.085106382978724
E00161702,138,49,15,34,89,76,13,35.507246376811594,10.869565217391305,24.637681159420293,64.4927536231884,55.072463768115945,9.420289855072465
E00161703,176,53,18,35,123,102,21,30.113636363636363,10.227272727272728,19.886363636363637,69.88636363636364,57.95454545454546,11.931818181818182
E00161704,152,46,20,26,106,90,16,30.263157894736842,13.157894736842104,17.105263157894736,69.73684210526315,59.210526315789465,10.526315789473683
E00161705,153,52,16,36,101,85,16,33.98692810457516,10.457516339869281,23.52941176470588,66.01307189542483,55.55555555555556,10.457516339869281
E00161706,125,52,13,39,73,65,8,41.6,10.4,31.2,58.4,52,6.4
E00161707,173,54,14,40,119,101,18,31.213872832369944,8.092485549132949,23.121387283236995,68.78612716763006,58.38150289017341,10.404624277456648
E00161708,141,47,17,30,94,77,17,33.33333333333333,12.056737588652481,21.27659574468085,66.66666666666666,54.60992907801418,12.056737588652481
E00161709,178,47,11,36,131,105,26,26.40449438202247,6.179775280898876,20.224719101123593,73.59550561797754,58.98876404494382,14.606741573033707
E00161710,160,48,17,31,112,93,19,30,10.625,19.375,70,58.12500000000001,11.875
E00161714,185,42,13,29,143,115,28,22.702702702702705,7.027027027027027,15.675675675675677,77.29729729729729,62.16216216216216,15.135135135135137
E00161715,215,80,33,47,135,113,22,37.2093023255814,15.348837209302326,21.86046511627907,62.7906976744186,52.55813953488372,10.232558139534884
E00161716,131,45,17,28,86,75,11,34.35114503816794,12.977099236641221,21.374045801526716,65.64885496183206,57.25190839694656,8.396946564885496
E00161717,158,55,19,36,103,90,13,34.810126582278485,12.025316455696203,22.78481012658228,65.18987341772153,56.9620253164557,8.227848101265822
E00161719,168,49,21,28,119,93,26,29.166666666666668,12.5,16.666666666666664,70.83333333333334,55.35714285714286,15.476190476190476
E00161720,141,40,13,27,101,89,12,28.368794326241137,9.219858156028367,19.148936170212767,71.63120567375887,63.12056737588653,8.51063829787234
E00161721,159,56,24,32,103,92,11,35.22012578616352,15.09433962264151,20.125786163522015,64.77987421383648,57.861635220125784,6.918238993710692
E00161722,123,42,13,29,81,69,12,34.146341463414636,10.569105691056912,23.577235772357724,65.85365853658537,56.09756097560976,9.75609756097561
E00161723,147,41,15,26,106,84,22,27.89115646258503,10.204081632653061,17.687074829931973,72.10884353741497,57.14285714285714,14.965986394557824
E00161724,209,50,17,33,159,144,15,23.923444976076556,8.133971291866029,15.789473684210526,76.07655502392345,68.89952153110048,7.177033492822966
E00161725,120,40,12,28,80,69,11,33.33333333333333,10,23.333333333333332,66.66666666666666,57.49999999999999,9.166666666666666
E00161726,140,44,22,22,96,79,17,31.428571428571427,15.714285714285714,15.714285714285714,68.57142857142857,56.42857142857143,12.142857142857142
E00161727,194,57,19,38,137,126,11,29.381443298969074,9.793814432989691,19.587628865979383,70.61855670103093,64.94845360824742,5.670103092783505
E00161728,214,53,20,33,161,141,20,24.766355140186917,9.345794392523365,15.42056074766355,75.23364485981308,65.88785046728972,9.345794392523365
E00161729,180,70,27,43,110,99,11,38.88888888888889,15,23.88888888888889,61.111111111111114,55.00000000000001,6.111111111111111
E00161730,206,55,10,45,151,133,18,26.699029126213592,4.854368932038835,21.844660194174757,73.30097087378641,64.56310679611651,8.737864077669903
E00161731,165,44,9,35,121,102,19,26.666666666666668,5.454545454545454,21.21212121212121,73.33333333333333,61.81818181818181,11.515151515151516
E00161732,204,77,29,48,127,99,28,37.745098039215684,14.215686274509803,23.52941176470588,62.254901960784316,48.529411764705884,13.725490196078432
E00161733,219,77,28,49,142,121,21,35.15981735159817,12.785388127853881,22.37442922374429,64.84018264840182,55.25114155251142,9.58904109589041
E00161734,176,60,18,42,116,95,21,34.090909090909086,10.227272727272728,23.863636363636363,65.9090909090909,53.97727272727273,11.931818181818182
E00161735,123,35,11,24,88,74,14,28.455284552845526,8.94308943089431,19.51219512195122,71.54471544715447,60.16260162601627,11.38211382113821
E00161736,163,55,22,33,108,84,24,33.74233128834356,13.496932515337424,20.245398773006134,66.25766871165644,51.533742331288344,14.723926380368098
E00161737,149,46,18,28,103,82,21,30.87248322147651,12.080536912751679,18.79194630872483,69.12751677852349,55.033557046979865,14.093959731543624
E00161738,189,66,32,34,123,97,26,34.92063492063492,16.93121693121693,17.989417989417987,65.07936507936508,51.32275132275132,13.756613756613756
E00161739,152,43,18,25,109,84,25,28.289473684210524,11.842105263157894,16.447368421052634,71.71052631578947,55.26315789473685,16.447368421052634
E00161740,189,53,23,30,136,109,27,28.04232804232804,12.16931216931217,15.873015873015872,71.95767195767195,57.67195767195767,14.285714285714285
E00161741,241,62,19,43,179,144,35,25.72614107883817,7.883817427385892,17.842323651452283,74.27385892116183,59.75103734439834,14.522821576763487
E00161742,214,54,18,36,160,128,32,25.233644859813083,8.411214953271028,16.822429906542055,74.76635514018692,59.813084112149525,14.953271028037381
E00161743,146,41,14,27,105,93,12,28.08219178082192,9.58904109589041,18.493150684931507,71.91780821917808,63.6986301369863,8.21917808219178
E00161744,208,65,28,37,143,111,32,31.25,13.461538461538462,17.78846153846154,68.75,53.36538461538461,15.384615384615385
E00161745,198,61,24,37,137,116,21,30.808080808080806,12.121212121212121,18.68686868686869,69.1919191919192,58.58585858585859,10.606060606060606
E00161746,34,14,4,10,20,17,3,41.17647058823529,11.76470588235294,29.411764705882355,58.82352941176471,50,8.823529411764707
E00161747,183,57,24,33,126,109,17,31.147540983606557,13.114754098360656,18.0327868852459,68.85245901639344,59.56284153005464,9.289617486338798
E00161748,107,49,24,25,58,49,9,45.794392523364486,22.429906542056074,23.364485981308412,54.20560747663551,45.794392523364486,8.411214953271028
E00161749,170,55,17,38,115,85,30,32.35294117647059,10,22.35294117647059,67.64705882352942,50,17.647058823529413
E00161750,142,44,20,24,98,83,15,30.985915492957744,14.084507042253522,16.901408450704224,69.01408450704226,58.45070422535211,10.56338028169014
E00161751,164,40,21,19,124,83,41,24.390243902439025,12.804878048780488,11.585365853658537,75.60975609756098,50.609756097560975,25
E00161752,134,39,18,21,95,82,13,29.1044776119403,13.432835820895523,15.671641791044777,70.8955223880597,61.19402985074627,9.701492537313433
E00161753,215,76,23,53,139,115,24,35.348837209302324,10.69767441860465,24.651162790697676,64.65116279069767,53.48837209302325,11.162790697674419
E00161754,139,48,15,33,91,70,21,34.53237410071942,10.79136690647482,23.741007194244602,65.46762589928058,50.35971223021583,15.107913669064748
E00161755,180,62,25,37,118,94,24,34.44444444444444,13.88888888888889,20.555555555555554,65.55555555555556,52.22222222222223,13.333333333333334
E00161756,158,50,25,25,108,73,35,31.645569620253166,15.822784810126583,15.822784810126583,68.35443037974683,46.20253164556962,22.151898734177212
E00161757,173,54,19,35,119,104,15,31.213872832369944,10.982658959537572,20.23121387283237,68.78612716763006,60.115606936416185,8.670520231213873
E00161758,135,48,19,29,87,72,15,35.55555555555556,14.074074074074074,21.48148148148148,64.44444444444444,53.333333333333336,11.11111111111111
E00161759,160,58,26,32,102,90,12,36.25,16.25,20,63.74999999999999,56.25,7.5
E00161760,138,52,23,29,86,67,19,37.68115942028986,16.666666666666664,21.014492753623188,62.31884057971014,48.55072463768116,13.768115942028986
E00161761,177,45,22,23,132,115,17,25.423728813559322,12.429378531073446,12.994350282485875,74.57627118644068,64.97175141242938,9.6045197740113
E00161762,179,66,25,41,113,93,20,36.87150837988827,13.966480446927374,22.905027932960895,63.128491620111724,51.955307262569825,11.1731843575419
E00161763,127,33,14,19,94,81,13,25.984251968503933,11.023622047244094,14.960629921259844,74.01574803149606,63.77952755905512,10.236220472440944
E00161764,112,35,14,21,77,55,22,31.25,12.5,18.75,68.75,49.107142857142854,19.642857142857142
E00161765,146,48,21,27,98,73,25,32.87671232876712,14.383561643835616,18.493150684931507,67.12328767123287,50,17.123287671232877
E00161766,154,52,29,23,102,87,15,33.76623376623377,18.83116883116883,14.935064935064934,66.23376623376623,56.493506493506494,9.740259740259742
E00161767,220,80,26,54,140,109,31,36.36363636363637,11.818181818181818,24.545454545454547,63.63636363636363,49.54545454545455,14.09090909090909
E00161768,155,54,18,36,101,78,23,34.83870967741935,11.612903225806452,23.225806451612904,65.16129032258064,50.32258064516129,14.838709677419354
E00161769,213,67,25,42,146,108,38,31.455399061032864,11.737089201877934,19.718309859154928,68.54460093896714,50.70422535211267,17.84037558685446
E00161770,140,59,26,33,81,65,16,42.142857142857146,18.571428571428573,23.57142857142857,57.85714285714286,46.42857142857143,11.428571428571429
E00161771,207,67,28,39,140,114,26,32.367149758454104,13.526570048309178,18.84057971014493,67.6328502415459,55.072463768115945,12.560386473429952
E00161772,198,60,27,33,138,102,36,30.303030303030305,13.636363636363635,16.666666666666664,69.6969696969697,51.515151515151516,18.181818181818183
E00161773,132,32,18,14,100,84,16,24.242424242424242,13.636363636363635,10.606060606060606,75.75757575757575,63.63636363636363,12.121212121212121
E00161774,155,42,10,32,113,98,15,27.09677419354839,6.451612903225806,20.64516129032258,72.90322580645162,63.2258064516129,9.67741935483871
E00161775,163,66,33,33,97,68,29,40.49079754601227,20.245398773006134,20.245398773006134,59.50920245398773,41.717791411042946,17.791411042944784
E00161776,149,53,25,28,96,72,24,35.57046979865772,16.778523489932887,18.79194630872483,64.42953020134227,48.322147651006716,16.10738255033557
E00161777,143,53,27,26,90,65,25,37.06293706293706,18.88111888111888,18.181818181818183,62.93706293706294,45.45454545454545,17.482517482517483
E00161778,131,52,23,29,79,67,12,39.69465648854962,17.557251908396946,22.137404580152673,60.30534351145038,51.14503816793893,9.16030534351145
E00161779,115,46,18,28,69,51,18,40,15.65217391304348,24.347826086956523,60,44.34782608695652,15.65217391304348
E00161780,195,60,15,45,135,104,31,30.76923076923077,7.6923076923076925,23.076923076923077,69.23076923076923,53.333333333333336,15.897435897435896
E00161781,172,59,26,33,113,77,36,34.30232558139535,15.11627906976744,19.186046511627907,65.69767441860465,44.76744186046512,20.930232558139537
E00161782,216,72,31,41,144,104,40,33.33333333333333,14.351851851851851,18.98148148148148,66.66666666666666,48.148148148148145,18.51851851851852
E00161784,139,40,16,24,99,61,38,28.776978417266186,11.510791366906476,17.26618705035971,71.22302158273382,43.884892086330936,27.33812949640288
E00161785,193,70,30,40,123,85,38,36.26943005181347,15.544041450777202,20.72538860103627,63.730569948186535,44.04145077720207,19.689119170984455
E00161787,157,48,19,29,109,93,16,30.573248407643312,12.101910828025478,18.471337579617835,69.42675159235668,59.23566878980891,10.191082802547772
E00161788,183,67,20,47,116,97,19,36.6120218579235,10.92896174863388,25.683060109289617,63.387978142076506,53.00546448087432,10.382513661202186
E00161789,229,77,33,44,152,125,27,33.624454148471614,14.41048034934498,19.213973799126638,66.37554585152839,54.58515283842795,11.790393013100436
E00161790,153,53,17,36,100,88,12,34.64052287581699,11.11111111111111,23.52941176470588,65.359477124183,57.51633986928104,7.8431372549019605
E00161791,171,47,13,34,124,108,16,27.485380116959064,7.602339181286549,19.883040935672515,72.51461988304094,63.1578947368421,9.35672514619883
E00161792,151,46,19,27,105,90,15,30.4635761589404,12.582781456953644,17.880794701986755,69.5364238410596,59.60264900662252,9.933774834437086
E00161793,128,45,20,25,83,66,17,35.15625,15.625,19.53125,64.84375,51.5625,13.28125
E00161794,148,53,18,35,95,81,14,35.810810810810814,12.162162162162163,23.64864864864865,64.1891891891892,54.729729729729726,9.45945945945946
E00161795,170,49,19,30,121,103,18,28.823529411764703,11.176470588235295,17.647058823529413,71.17647058823529,60.588235294117645,10.588235294117647
E00161796,201,52,13,39,149,136,13,25.870646766169152,6.467661691542288,19.402985074626866,74.12935323383084,67.66169154228857,6.467661691542288
E00161797,202,52,20,32,150,126,24,25.742574257425744,9.900990099009901,15.841584158415841,74.25742574257426,62.37623762376238,11.881188118811881
E00161798,164,56,22,34,108,96,12,34.146341463414636,13.414634146341465,20.73170731707317,65.85365853658537,58.536585365853654,7.317073170731707
E00161799,160,43,13,30,117,92,25,26.875,8.125,18.75,73.125,57.49999999999999,15.625
E00161800,133,54,18,36,79,76,3,40.6015037593985,13.533834586466165,27.06766917293233,59.3984962406015,57.14285714285714,2.2556390977443606
E00161801,188,64,20,44,124,103,21,34.04255319148936,10.638297872340425,23.404255319148938,65.95744680851064,54.78723404255319,11.170212765957446
E00161802,175,54,19,35,121,102,19,30.857142857142854,10.857142857142858,20,69.14285714285714,58.285714285714285,10.857142857142858
E00161803,163,53,19,34,110,97,13,32.515337423312886,11.65644171779141,20.858895705521473,67.48466257668711,59.50920245398773,7.975460122699387
E00161804,178,59,25,34,119,100,19,33.146067415730336,14.04494382022472,19.101123595505616,66.85393258426966,56.17977528089888,10.674157303370785
E00161805,164,43,17,26,121,88,33,26.21951219512195,10.365853658536585,15.853658536585366,73.78048780487805,53.65853658536586,20.121951219512198
E00161806,162,45,11,34,117,93,24,27.77777777777778,6.790123456790123,20.98765432098765,72.22222222222221,57.407407407407405,14.814814814814813
E00161807,135,44,15,29,91,82,9,32.592592592592595,11.11111111111111,21.48148148148148,67.4074074074074,60.74074074074074,6.666666666666667
E00161808,166,58,20,38,108,90,18,34.93975903614458,12.048192771084338,22.89156626506024,65.06024096385542,54.21686746987952,10.843373493975903
E00161809,167,40,16,24,127,112,15,23.952095808383234,9.580838323353294,14.37125748502994,76.04790419161677,67.06586826347305,8.982035928143713
E00161810,155,50,19,31,105,82,23,32.25806451612903,12.258064516129032,20,67.74193548387096,52.903225806451616,14.838709677419354
E00161811,146,53,25,28,93,81,12,36.3013698630137,17.123287671232877,19.17808219178082,63.6986301369863,55.47945205479452,8.21917808219178
E00161812,146,46,15,31,100,84,16,31.506849315068493,10.273972602739725,21.232876712328768,68.4931506849315,57.534246575342465,10.95890410958904
E00161813,145,41,9,32,104,89,15,28.27586206896552,6.206896551724138,22.06896551724138,71.72413793103448,61.37931034482759,10.344827586206897
E00161814,152,48,18,30,104,92,12,31.57894736842105,11.842105263157894,19.736842105263158,68.42105263157895,60.526315789473685,7.894736842105263
E00161815,142,46,18,28,96,80,16,32.3943661971831,12.676056338028168,19.718309859154928,67.6056338028169,56.33802816901409,11.267605633802818
E00161816,235,64,25,39,171,147,24,27.23404255319149,10.638297872340425,16.595744680851062,72.76595744680851,62.5531914893617,10.212765957446807
E00161817,146,37,18,19,109,95,14,25.34246575342466,12.32876712328767,13.013698630136986,74.65753424657534,65.06849315068493,9.58904109589041
E00161818,170,65,27,38,105,89,16,38.23529411764706,15.88235294117647,22.35294117647059,61.76470588235294,52.352941176470594,9.411764705882353
E00161819,149,51,22,29,98,81,17,34.22818791946309,14.76510067114094,19.463087248322147,65.77181208053692,54.36241610738255,11.409395973154362
E00161820,139,49,25,24,90,74,16,35.25179856115108,17.985611510791365,17.26618705035971,64.74820143884892,53.23741007194245,11.510791366906476
E00161821,190,68,31,37,122,97,25,35.78947368421053,16.315789473684212,19.473684210526315,64.21052631578948,51.05263157894737,13.157894736842104
E00161822,158,47,19,28,111,97,14,29.746835443037973,12.025316455696203,17.72151898734177,70.25316455696202,61.39240506329114,8.860759493670885
E00161823,143,50,15,35,93,73,20,34.96503496503497,10.48951048951049,24.475524475524477,65.03496503496503,51.048951048951054,13.986013986013987
E00161824,228,86,39,47,142,120,22,37.719298245614034,17.105263157894736,20.614035087719298,62.28070175438597,52.63157894736842,9.649122807017543
E00161825,141,40,11,29,101,88,13,28.368794326241137,7.801418439716312,20.56737588652482,71.63120567375887,62.4113475177305,9.219858156028367
E00161826,161,54,26,28,107,84,23,33.54037267080746,16.149068322981368,17.391304347826086,66.45962732919256,52.17391304347826,14.285714285714285
E00161827,171,57,18,39,114,100,14,33.33333333333333,10.526315789473683,22.807017543859647,66.66666666666666,58.47953216374269,8.187134502923977
E00161828,168,69,32,37,99,66,33,41.07142857142857,19.047619047619047,22.023809523809522,58.92857142857143,39.285714285714285,19.642857142857142
E00161829,136,43,20,23,93,71,22,31.61764705882353,14.705882352941178,16.911764705882355,68.38235294117648,52.20588235294118,16.176470588235293
E00161830,206,69,30,39,137,115,22,33.49514563106796,14.563106796116504,18.932038834951456,66.50485436893204,55.8252427184466,10.679611650485436
E00161831,99,31,13,18,68,49,19,31.313131313131315,13.131313131313133,18.181818181818183,68.68686868686868,49.494949494949495,19.19191919191919
E00161832,252,62,22,40,190,165,25,24.6031746031746,8.73015873015873,15.873015873015872,75.39682539682539,65.47619047619048,9.920634920634921
E00161834,150,49,16,33,101,87,14,32.666666666666664,10.666666666666668,22,67.33333333333333,57.99999999999999,9.333333333333334
E00161835,142,50,20,30,92,79,13,35.2112676056338,14.084507042253522,21.12676056338028,64.7887323943662,55.633802816901415,9.15492957746479
E00161836,174,59,27,32,115,86,29,33.90804597701149,15.517241379310345,18.39080459770115,66.0919540229885,49.42528735632184,16.666666666666664
E00161837,157,55,29,26,102,82,20,35.03184713375796,18.471337579617835,16.560509554140125,64.96815286624204,52.22929936305732,12.738853503184714
E00161838,147,50,15,35,97,85,12,34.01360544217687,10.204081632653061,23.809523809523807,65.98639455782312,57.82312925170068,8.16326530612245
E00161839,136,38,14,24,98,81,17,27.941176470588236,10.294117647058822,17.647058823529413,72.05882352941177,59.55882352941176,12.5
E00161840,282,87,24,63,195,163,32,30.851063829787233,8.51063829787234,22.340425531914892,69.14893617021278,57.801418439716315,11.347517730496454
E00161841,159,57,18,39,102,82,20,35.84905660377358,11.320754716981133,24.528301886792452,64.15094339622641,51.57232704402516,12.578616352201259
E00161842,140,48,16,32,92,80,12,34.285714285714285,11.428571428571429,22.857142857142858,65.71428571428571,57.14285714285714,8.571428571428571
E00161843,150,42,15,27,108,88,20,28.000000000000004,10,18,72,58.666666666666664,13.333333333333334
E00161844,129,38,9,29,91,78,13,29.457364341085274,6.976744186046512,22.48062015503876,70.54263565891473,60.46511627906976,10.077519379844961
E00161845,141,36,11,25,105,94,11,25.53191489361702,7.801418439716312,17.73049645390071,74.46808510638297,66.66666666666666,7.801418439716312
E00161846,95,32,15,17,63,48,15,33.68421052631579,15.789473684210526,17.894736842105264,66.3157894736842,50.526315789473685,15.789473684210526
E00161847,212,54,17,37,158,141,17,25.471698113207548,8.018867924528301,17.452830188679243,74.52830188679245,66.50943396226415,8.018867924528301
E00161848,158,54,21,33,104,86,18,34.177215189873415,13.291139240506327,20.88607594936709,65.82278481012658,54.43037974683544,11.39240506329114
E00161849,229,70,32,38,159,135,24,30.567685589519648,13.973799126637553,16.593886462882097,69.43231441048034,58.951965065502186,10.480349344978166
E00161851,235,74,37,37,161,133,28,31.48936170212766,15.74468085106383,15.74468085106383,68.51063829787233,56.59574468085107,11.914893617021278
E00161852,229,65,31,34,164,140,24,28.38427947598253,13.537117903930133,14.847161572052403,71.61572052401746,61.135371179039296,10.480349344978166
E00161853,170,51,14,37,119,98,21,30,8.235294117647058,21.764705882352942,70,57.647058823529406,12.352941176470589
E00161856,71,29,12,17,42,31,11,40.845070422535215,16.901408450704224,23.943661971830984,59.154929577464785,43.66197183098591,15.492957746478872
E00161857,88,33,11,22,55,49,6,37.5,12.5,25,62.5,55.68181818181818,6.8181818181818175
E00161858,152,54,29,25,98,82,16,35.526315789473685,19.078947368421055,16.447368421052634,64.47368421052632,53.94736842105263,10.526315789473683
E00161859,163,63,18,45,100,82,18,38.65030674846626,11.042944785276074,27.607361963190186,61.34969325153374,50.306748466257666,11.042944785276074
E00161861,149,43,10,33,106,90,16,28.859060402684566,6.7114093959731544,22.14765100671141,71.14093959731544,60.40268456375839,10.738255033557047
E00161862,149,54,22,32,95,82,13,36.241610738255034,14.76510067114094,21.476510067114095,63.758389261744966,55.033557046979865,8.724832214765101
E00161863,111,46,14,32,65,59,6,41.44144144144144,12.612612612612612,28.82882882882883,58.55855855855856,53.153153153153156,5.405405405405405
E00161864,125,49,24,25,76,58,18,39.2,19.2,20,60.8,46.400000000000006,14.399999999999999
E00161865,106,34,13,21,72,62,10,32.075471698113205,12.264150943396226,19.81132075471698,67.9245283018868,58.490566037735846,9.433962264150944
E00161866,133,60,25,35,73,56,17,45.11278195488722,18.796992481203006,26.31578947368421,54.88721804511278,42.10526315789473,12.781954887218044
E00161867,142,54,23,31,88,70,18,38.028169014084504,16.19718309859155,21.830985915492956,61.97183098591549,49.29577464788733,12.676056338028168
E00161868,84,34,14,20,50,27,23,40.476190476190474,16.666666666666664,23.809523809523807,59.523809523809526,32.142857142857146,27.380952380952383
E00161869,88,27,7,20,61,42,19,30.681818181818183,7.954545454545454,22.727272727272727,69.31818181818183,47.72727272727273,21.59090909090909
E00161870,144,48,20,28,96,80,16,33.33333333333333,13.88888888888889,19.444444444444446,66.66666666666666,55.55555555555556,11.11111111111111
E00161871,268,99,45,54,169,138,31,36.940298507462686,16.791044776119403,20.149253731343283,63.059701492537314,51.49253731343284,11.567164179104477
E00161872,327,86,32,54,241,193,48,26.299694189602445,9.785932721712538,16.51376146788991,73.70030581039755,59.021406727828754,14.678899082568808
E00161873,133,42,16,26,91,77,14,31.57894736842105,12.030075187969924,19.548872180451127,68.42105263157895,57.89473684210527,10.526315789473683
E00161874,288,95,38,57,193,161,32,32.98611111111111,13.194444444444445,19.791666666666664,67.01388888888889,55.90277777777778,11.11111111111111
E00161875,170,62,20,42,108,98,10,36.470588235294116,11.76470588235294,24.705882352941178,63.52941176470588,57.647058823529406,5.88235294117647
E00161876,133,47,16,31,86,79,7,35.338345864661655,12.030075187969924,23.308270676691727,64.66165413533834,59.3984962406015,5.263157894736842
E00161877,167,55,28,27,112,92,20,32.93413173652694,16.766467065868262,16.16766467065868,67.06586826347305,55.08982035928144,11.976047904191617
E00161878,155,64,24,40,91,75,16,41.29032258064516,15.483870967741936,25.806451612903224,58.70967741935483,48.38709677419355,10.32258064516129
E00161879,143,54,17,37,89,72,17,37.76223776223776,11.888111888111888,25.874125874125873,62.23776223776224,50.349650349650354,11.888111888111888
E00161880,122,41,17,24,81,72,9,33.60655737704918,13.934426229508196,19.672131147540984,66.39344262295081,59.01639344262295,7.377049180327869
E00161881,127,46,19,27,81,66,15,36.22047244094488,14.960629921259844,21.25984251968504,63.77952755905512,51.96850393700787,11.811023622047244
E00161882,166,46,14,32,120,95,25,27.710843373493976,8.433734939759036,19.27710843373494,72.28915662650603,57.22891566265061,15.060240963855422
E00161883,85,33,15,18,52,45,7,38.82352941176471,17.647058823529413,21.176470588235293,61.1764705882353,52.94117647058824,8.235294117647058
E00161884,166,50,21,29,116,93,23,30.120481927710845,12.650602409638553,17.46987951807229,69.87951807228916,56.024096385542165,13.855421686746988
E00161885,109,41,16,25,68,54,14,37.61467889908257,14.678899082568808,22.93577981651376,62.38532110091744,49.54128440366973,12.844036697247708
E00161886,146,36,12,24,110,91,19,24.65753424657534,8.21917808219178,16.43835616438356,75.34246575342466,62.328767123287676,13.013698630136986
E00161887,182,45,15,30,137,114,23,24.725274725274726,8.241758241758241,16.483516483516482,75.27472527472527,62.637362637362635,12.637362637362637
E00161888,163,46,18,28,117,103,14,28.22085889570552,11.042944785276074,17.177914110429448,71.77914110429448,63.190184049079754,8.588957055214724
E00161889,179,50,23,27,129,108,21,27.932960893854748,12.849162011173185,15.083798882681565,72.06703910614524,60.33519553072626,11.731843575418994
E00161890,142,41,15,26,101,90,11,28.87323943661972,10.56338028169014,18.30985915492958,71.12676056338029,63.38028169014085,7.746478873239436
E00161891,199,46,15,31,153,127,26,23.115577889447238,7.537688442211055,15.577889447236181,76.88442211055276,63.81909547738693,13.06532663316583
E00161892,178,44,14,30,134,116,18,24.719101123595504,7.865168539325842,16.853932584269664,75.28089887640449,65.1685393258427,10.112359550561797
E00161893,131,37,20,17,94,83,11,28.24427480916031,15.267175572519085,12.977099236641221,71.7557251908397,63.358778625954194,8.396946564885496
E00161894,151,42,11,31,109,100,9,27.81456953642384,7.28476821192053,20.52980132450331,72.18543046357617,66.22516556291392,5.960264900662252
E00161895,146,43,12,31,103,94,9,29.45205479452055,8.21917808219178,21.232876712328768,70.54794520547945,64.38356164383562,6.164383561643835
E00161896,204,56,24,32,148,121,27,27.450980392156865,11.76470588235294,15.686274509803921,72.54901960784314,59.31372549019608,13.23529411764706
E00161897,166,48,19,29,118,101,17,28.915662650602407,11.44578313253012,17.46987951807229,71.08433734939759,60.8433734939759,10.240963855421686
E00161898,157,49,15,34,108,87,21,31.210191082802545,9.554140127388536,21.656050955414013,68.78980891719745,55.4140127388535,13.375796178343949
E00161899,152,45,11,34,107,94,13,29.605263157894733,7.236842105263158,22.36842105263158,70.39473684210526,61.8421052631579,8.552631578947368
E00161900,214,46,17,29,168,144,24,21.49532710280374,7.943925233644859,13.551401869158877,78.50467289719626,67.28971962616822,11.214953271028037
E00161901,165,53,18,35,112,98,14,32.121212121212125,10.909090909090908,21.21212121212121,67.87878787878789,59.3939393939394,8.484848484848486
E00161902,166,41,10,31,125,106,19,24.69879518072289,6.024096385542169,18.67469879518072,75.30120481927712,63.85542168674698,11.44578313253012
E00161903,185,58,21,37,127,116,11,31.351351351351354,11.351351351351353,20,68.64864864864865,62.70270270270271,5.9459459459459465
E00161904,139,43,15,28,96,82,14,30.935251798561154,10.79136690647482,20.14388489208633,69.06474820143885,58.992805755395686,10.071942446043165
E00161905,232,62,14,48,170,144,26,26.72413793103448,6.0344827586206895,20.689655172413794,73.27586206896551,62.06896551724138,11.206896551724139
E00161906,152,64,24,40,88,76,12,42.10526315789473,15.789473684210526,26.31578947368421,57.89473684210527,50,7.894736842105263
E00161907,166,60,18,42,106,98,8,36.144578313253014,10.843373493975903,25.301204819277107,63.85542168674698,59.036144578313255,4.819277108433735
E00161908,207,63,19,44,144,127,17,30.434782608695656,9.178743961352657,21.256038647342994,69.56521739130434,61.35265700483091,8.212560386473431
E00161909,174,54,19,35,120,112,8,31.03448275862069,10.919540229885058,20.114942528735632,68.96551724137932,64.36781609195403,4.597701149425287
E00161910,177,59,25,34,118,100,18,33.33333333333333,14.124293785310735,19.2090395480226,66.66666666666666,56.49717514124294,10.16949152542373
E00161913,180,57,23,34,123,104,19,31.666666666666664,12.777777777777777,18.88888888888889,68.33333333333333,57.77777777777777,10.555555555555555
E00161914,186,57,20,37,129,109,20,30.64516129032258,10.75268817204301,19.892473118279568,69.35483870967742,58.602150537634415,10.75268817204301
E00161915,156,43,21,22,113,89,24,27.564102564102566,13.461538461538462,14.102564102564102,72.43589743589743,57.05128205128205,15.384615384615385
E00161916,173,51,10,41,122,106,16,29.47976878612717,5.780346820809249,23.699421965317917,70.52023121387283,61.27167630057804,9.248554913294797
E00161917,182,41,10,31,141,122,19,22.52747252747253,5.4945054945054945,17.032967032967033,77.47252747252747,67.03296703296702,10.43956043956044
E00161918,165,25,11,14,140,119,21,15.151515151515152,6.666666666666667,8.484848484848486,84.84848484848484,72.12121212121212,12.727272727272727
E00161919,205,54,19,35,151,127,24,26.34146341463415,9.268292682926829,17.073170731707318,73.65853658536585,61.951219512195124,11.707317073170733
E00161920,123,45,21,24,78,73,5,36.58536585365854,17.073170731707318,19.51219512195122,63.41463414634146,59.34959349593496,4.0650406504065035
E00161921,188,56,23,33,132,111,21,29.78723404255319,12.23404255319149,17.5531914893617,70.2127659574468,59.04255319148937,11.170212765957446
E00161922,205,71,23,48,134,118,16,34.63414634146341,11.219512195121952,23.414634146341466,65.3658536585366,57.56097560975609,7.804878048780488
E00161923,146,57,25,32,89,74,15,39.04109589041096,17.123287671232877,21.91780821917808,60.95890410958904,50.68493150684932,10.273972602739725
E00161924,205,50,24,26,155,136,19,24.390243902439025,11.707317073170733,12.682926829268293,75.60975609756098,66.34146341463415,9.268292682926829
E00161925,169,61,29,32,108,82,26,36.09467455621302,17.159763313609467,18.93491124260355,63.905325443786985,48.5207100591716,15.384615384615385
E00161926,107,39,11,28,68,62,6,36.44859813084112,10.2803738317757,26.168224299065418,63.55140186915887,57.943925233644855,5.607476635514018
E00161927,152,54,23,31,98,77,21,35.526315789473685,15.131578947368421,20.394736842105264,64.47368421052632,50.6578947368421,13.815789473684212
E00161928,166,59,28,31,107,87,20,35.54216867469879,16.867469879518072,18.67469879518072,64.45783132530121,52.40963855421686,12.048192771084338
E00161930,332,79,28,51,253,198,55,23.795180722891565,8.433734939759036,15.36144578313253,76.20481927710844,59.63855421686747,16.566265060240966
E00161932,166,58,22,36,108,92,16,34.93975903614458,13.253012048192772,21.686746987951807,65.06024096385542,55.42168674698795,9.63855421686747
E00161933,142,31,7,24,111,98,13,21.830985915492956,4.929577464788732,16.901408450704224,78.16901408450704,69.01408450704226,9.15492957746479
E00161934,148,44,17,27,104,97,7,29.72972972972973,11.486486486486488,18.243243243243242,70.27027027027027,65.54054054054053,4.72972972972973
E00161935,186,65,25,40,121,90,31,34.946236559139784,13.440860215053762,21.50537634408602,65.05376344086021,48.38709677419355,16.666666666666664
E00161936,143,50,13,37,93,82,11,34.96503496503497,9.090909090909092,25.874125874125873,65.03496503496503,57.34265734265735,7.6923076923076925
E00161937,161,52,22,30,109,87,22,32.298136645962735,13.664596273291925,18.633540372670808,67.70186335403726,54.037267080745345,13.664596273291925
E00161938,301,81,26,55,220,188,32,26.910299003322258,8.637873754152823,18.272425249169437,73.08970099667775,62.45847176079734,10.631229235880399
E00161939,138,37,13,24,101,85,16,26.811594202898554,9.420289855072465,17.391304347826086,73.18840579710145,61.59420289855072,11.594202898550725
E00161940,171,54,21,33,117,85,32,31.57894736842105,12.280701754385964,19.298245614035086,68.42105263157895,49.707602339181285,18.71345029239766
E00161941,166,48,10,38,118,107,11,28.915662650602407,6.024096385542169,22.89156626506024,71.08433734939759,64.45783132530121,6.626506024096386
E00161942,130,46,22,24,84,72,12,35.38461538461539,16.923076923076923,18.461538461538463,64.61538461538461,55.38461538461539,9.230769230769232
E00161943,237,53,24,29,184,156,28,22.362869198312236,10.126582278481013,12.236286919831224,77.63713080168776,65.82278481012658,11.814345991561181
E00161944,232,46,15,31,186,151,35,19.82758620689655,6.4655172413793105,13.36206896551724,80.17241379310344,65.08620689655173,15.086206896551724
E00161945,145,31,17,14,114,98,16,21.379310344827587,11.724137931034482,9.655172413793103,78.62068965517241,67.58620689655173,11.03448275862069
E00161946,177,39,16,23,138,120,18,22.033898305084744,9.03954802259887,12.994350282485875,77.96610169491525,67.79661016949152,10.16949152542373
E00161947,156,23,8,15,133,121,12,14.743589743589745,5.128205128205128,9.615384615384617,85.25641025641025,77.56410256410257,7.6923076923076925
E00161949,78,19,7,12,59,54,5,24.358974358974358,8.974358974358974,15.384615384615385,75.64102564102564,69.23076923076923,6.41025641025641
E00161950,139,21,7,14,118,100,18,15.107913669064748,5.0359712230215825,10.071942446043165,84.89208633093526,71.94244604316546,12.949640287769784
E00161951,166,36,12,24,130,116,14,21.686746987951807,7.228915662650602,14.457831325301203,78.3132530120482,69.87951807228916,8.433734939759036
E00161952,136,43,21,22,93,69,24,31.61764705882353,15.441176470588236,16.176470588235293,68.38235294117648,50.73529411764706,17.647058823529413
E00161953,152,51,14,37,101,81,20,33.55263157894737,9.210526315789473,24.342105263157894,66.44736842105263,53.289473684210535,13.157894736842104
E00161954,111,25,9,16,86,73,13,22.52252252252252,8.108108108108109,14.414414414414415,77.47747747747748,65.76576576576578,11.711711711711711
E00161955,145,49,22,27,96,79,17,33.793103448275865,15.172413793103448,18.620689655172416,66.20689655172414,54.48275862068965,11.724137931034482
E00161957,227,61,23,38,166,125,41,26.87224669603524,10.13215859030837,16.740088105726873,73.12775330396477,55.06607929515418,18.06167400881057
E00161958,83,16,5,11,67,60,7,19.27710843373494,6.024096385542169,13.253012048192772,80.72289156626506,72.28915662650603,8.433734939759036
E00161960,128,30,14,16,98,83,15,23.4375,10.9375,12.5,76.5625,64.84375,11.71875
E00161961,241,63,23,40,178,146,32,26.141078838174277,9.54356846473029,16.59751037344398,73.85892116182573,60.58091286307054,13.278008298755188
E00161962,153,51,22,29,102,66,36,33.33333333333333,14.37908496732026,18.954248366013072,66.66666666666666,43.13725490196079,23.52941176470588
E00161963,157,53,24,29,104,83,21,33.75796178343949,15.286624203821656,18.471337579617835,66.2420382165605,52.86624203821656,13.375796178343949
E00161964,167,40,22,18,127,112,15,23.952095808383234,13.17365269461078,10.778443113772456,76.04790419161677,67.06586826347305,8.982035928143713
E00161965,165,40,18,22,125,100,25,24.242424242424242,10.909090909090908,13.333333333333334,75.75757575757575,60.60606060606061,15.151515151515152
E00161966,103,30,8,22,73,61,12,29.126213592233007,7.766990291262135,21.35922330097087,70.87378640776699,59.22330097087378,11.650485436893204
E00161967,157,58,38,20,99,73,26,36.94267515923567,24.203821656050955,12.738853503184714,63.05732484076433,46.496815286624205,16.560509554140125
E00161968,137,48,19,29,89,67,22,35.03649635036496,13.86861313868613,21.16788321167883,64.96350364963503,48.9051094890511,16.05839416058394
E00161969,137,47,20,27,90,69,21,34.306569343065696,14.5985401459854,19.708029197080293,65.69343065693431,50.36496350364964,15.328467153284672
E00161970,125,35,14,21,90,58,32,28.000000000000004,11.200000000000001,16.8,72,46.400000000000006,25.6
E00161971,68,18,6,12,50,37,13,26.47058823529412,8.823529411764707,17.647058823529413,73.52941176470588,54.41176470588235,19.11764705882353
E00161972,158,49,13,36,109,93,16,31.0126582278481,8.227848101265822,22.78481012658228,68.9873417721519,58.86075949367089,10.126582278481013
E00161973,134,43,21,22,91,64,27,32.08955223880597,15.671641791044777,16.417910447761194,67.91044776119402,47.76119402985074,20.149253731343283
E00161974,92,36,15,21,56,37,19,39.130434782608695,16.304347826086957,22.82608695652174,60.86956521739131,40.21739130434783,20.652173913043477
E00161975,195,55,26,29,140,110,30,28.205128205128204,13.333333333333334,14.871794871794872,71.7948717948718,56.41025641025641,15.384615384615385
E00161976,105,36,13,23,69,43,26,34.285714285714285,12.380952380952381,21.904761904761905,65.71428571428571,40.95238095238095,24.761904761904763
E00161977,195,76,30,46,119,94,25,38.97435897435898,15.384615384615385,23.589743589743588,61.02564102564103,48.205128205128204,12.82051282051282
E00161978,184,56,23,33,128,103,25,30.434782608695656,12.5,17.934782608695652,69.56521739130434,55.97826086956522,13.586956521739129
E00161979,174,69,31,38,105,77,28,39.6551724137931,17.81609195402299,21.839080459770116,60.3448275862069,44.252873563218394,16.091954022988507
E00161980,163,53,22,31,110,87,23,32.515337423312886,13.496932515337424,19.018404907975462,67.48466257668711,53.37423312883436,14.11042944785276
E00161981,167,60,24,36,107,83,24,35.92814371257485,14.37125748502994,21.55688622754491,64.07185628742515,49.700598802395206,14.37125748502994
E00161982,161,44,16,28,117,82,35,27.32919254658385,9.937888198757763,17.391304347826086,72.67080745341616,50.931677018633536,21.73913043478261
E00161983,137,50,23,27,87,63,24,36.496350364963504,16.78832116788321,19.708029197080293,63.503649635036496,45.98540145985402,17.51824817518248
E00161984,201,70,27,43,131,109,22,34.82587064676617,13.432835820895523,21.393034825870647,65.17412935323384,54.22885572139303,10.945273631840797
E00161985,147,48,16,32,99,80,19,32.6530612244898,10.884353741496598,21.768707482993197,67.3469387755102,54.421768707483,12.925170068027212
E00161986,133,53,19,34,80,61,19,39.849624060150376,14.285714285714285,25.563909774436087,60.150375939849624,45.86466165413533,14.285714285714285
E00161987,165,55,24,31,110,85,25,33.33333333333333,14.545454545454545,18.787878787878785,66.66666666666666,51.515151515151516,15.151515151515152
E00161988,139,57,19,38,82,62,20,41.007194244604314,13.66906474820144,27.33812949640288,58.992805755395686,44.60431654676259,14.388489208633093
E00161989,168,62,30,32,106,77,29,36.904761904761905,17.857142857142858,19.047619047619047,63.095238095238095,45.83333333333333,17.261904761904763
E00161990,257,89,37,52,168,136,32,34.63035019455253,14.396887159533073,20.233463035019454,65.36964980544747,52.918287937743195,12.45136186770428
E00161992,127,40,17,23,87,74,13,31.496062992125985,13.385826771653544,18.11023622047244,68.50393700787401,58.26771653543307,10.236220472440944
E00161993,151,60,25,35,91,70,21,39.735099337748345,16.55629139072848,23.178807947019866,60.264900662251655,46.35761589403973,13.90728476821192
E00161995,148,52,12,40,96,75,21,35.13513513513514,8.108108108108109,27.027027027027028,64.86486486486487,50.67567567567568,14.18918918918919
E00161996,137,61,25,36,76,58,18,44.52554744525548,18.248175182481752,26.277372262773724,55.47445255474452,42.33576642335766,13.138686131386862
E00161997,251,85,24,61,166,135,31,33.86454183266932,9.56175298804781,24.302788844621514,66.13545816733067,53.78486055776892,12.350597609561753
E00161998,168,57,23,34,111,94,17,33.92857142857143,13.690476190476192,20.238095238095237,66.07142857142857,55.952380952380956,10.119047619047619
E00161999,164,64,18,46,100,82,18,39.02439024390244,10.975609756097562,28.04878048780488,60.97560975609756,50,10.975609756097562
E00162000,201,70,34,36,131,108,23,34.82587064676617,16.91542288557214,17.91044776119403,65.17412935323384,53.73134328358209,11.442786069651742
E00162001,153,46,14,32,107,89,18,30.065359477124183,9.15032679738562,20.915032679738562,69.93464052287581,58.16993464052288,11.76470588235294
E00162002,130,45,16,29,85,61,24,34.61538461538461,12.307692307692308,22.30769230769231,65.38461538461539,46.92307692307692,18.461538461538463
E00162003,91,32,11,21,59,49,10,35.16483516483517,12.087912087912088,23.076923076923077,64.83516483516483,53.84615384615385,10.989010989010989
E00162004,235,78,37,41,157,114,43,33.191489361702125,15.74468085106383,17.4468085106383,66.80851063829788,48.51063829787234,18.29787234042553
E00162005,155,54,17,37,101,73,28,34.83870967741935,10.967741935483872,23.870967741935484,65.16129032258064,47.096774193548384,18.064516129032256
E00162006,125,39,19,20,86,77,9,31.2,15.2,16,68.8,61.6,7.199999999999999
E00162007,135,45,15,30,90,73,17,33.33333333333333,11.11111111111111,22.22222222222222,66.66666666666666,54.074074074074076,12.592592592592592
E00162008,157,56,27,29,101,70,31,35.6687898089172,17.197452229299362,18.471337579617835,64.3312101910828,44.5859872611465,19.745222929936308
E00162009,119,35,6,29,84,68,16,29.411764705882355,5.042016806722689,24.369747899159663,70.58823529411765,57.14285714285714,13.445378151260504
E00162010,132,50,21,29,82,59,23,37.878787878787875,15.909090909090908,21.96969696969697,62.121212121212125,44.696969696969695,17.424242424242426
E00162011,126,33,13,20,93,80,13,26.190476190476193,10.317460317460316,15.873015873015872,73.80952380952381,63.49206349206349,10.317460317460316
E00162012,154,54,24,30,100,85,15,35.064935064935064,15.584415584415584,19.480519480519483,64.93506493506493,55.1948051948052,9.740259740259742
E00162013,167,43,19,24,124,106,18,25.748502994011975,11.377245508982035,14.37125748502994,74.25149700598801,63.47305389221557,10.778443113772456
E00162014,148,58,16,42,90,74,16,39.189189189189186,10.81081081081081,28.37837837837838,60.810810810810814,50,10.81081081081081
E00162015,149,54,29,25,95,73,22,36.241610738255034,19.463087248322147,16.778523489932887,63.758389261744966,48.99328859060403,14.76510067114094
E00162016,95,33,14,19,62,50,12,34.73684210526316,14.736842105263156,20,65.26315789473685,52.63157894736842,12.631578947368421
E00162017,133,47,13,34,86,67,19,35.338345864661655,9.774436090225564,25.563909774436087,64.66165413533834,50.37593984962406,14.285714285714285
E00162018,106,48,12,36,58,43,15,45.28301886792453,11.320754716981133,33.9622641509434,54.71698113207547,40.56603773584906,14.150943396226415
E00162019,140,47,18,29,93,80,13,33.57142857142857,12.857142857142856,20.714285714285715,66.42857142857143,57.14285714285714,9.285714285714286
E00162020,106,37,14,23,69,57,12,34.90566037735849,13.20754716981132,21.69811320754717,65.09433962264151,53.77358490566038,11.320754716981133
E00162021,110,33,8,25,77,59,18,30,7.2727272727272725,22.727272727272727,70,53.63636363636364,16.363636363636363
E00162022,239,81,30,51,158,135,23,33.89121338912134,12.552301255230125,21.338912133891213,66.10878661087865,56.48535564853556,9.623430962343097
E00162023,144,45,18,27,99,81,18,31.25,12.5,18.75,68.75,56.25,12.5
E00162024,107,40,12,28,67,58,9,37.38317757009346,11.214953271028037,26.168224299065418,62.616822429906534,54.20560747663551,8.411214953271028
E00162025,191,60,21,39,131,104,27,31.413612565445025,10.99476439790576,20.418848167539267,68.58638743455498,54.45026178010471,14.136125654450263
E00162027,134,41,13,28,93,79,14,30.597014925373134,9.701492537313433,20.8955223880597,69.40298507462687,58.95522388059702,10.44776119402985
E00162028,211,56,21,35,155,126,29,26.540284360189574,9.95260663507109,16.587677725118482,73.45971563981043,59.71563981042654,13.744075829383887
E00167728,211,65,25,40,146,111,35,30.80568720379147,11.848341232227488,18.95734597156398,69.19431279620854,52.60663507109005,16.587677725118482
E00167730,202,45,11,34,157,140,17,22.277227722772277,5.445544554455446,16.831683168316832,77.72277227722772,69.3069306930693,8.415841584158416
E00167731,214,61,24,37,153,131,22,28.504672897196258,11.214953271028037,17.289719626168225,71.49532710280374,61.21495327102804,10.2803738317757
E00167732,217,52,18,34,165,143,22,23.963133640552993,8.294930875576037,15.668202764976957,76.036866359447,65.89861751152074,10.138248847926267
E00167733,197,53,18,35,144,130,14,26.903553299492383,9.137055837563452,17.766497461928935,73.09644670050761,65.98984771573603,7.1065989847715745
E00167734,239,59,20,39,180,148,32,24.686192468619247,8.368200836820083,16.317991631799163,75.31380753138075,61.92468619246861,13.389121338912133
E00167735,256,65,27,38,191,159,32,25.390625,10.546875,14.84375,74.609375,62.109375,12.5
E00167736,187,41,22,19,146,112,34,21.92513368983957,11.76470588235294,10.16042780748663,78.07486631016043,59.893048128342244,18.181818181818183
E00167737,182,40,17,23,142,120,22,21.978021978021978,9.340659340659341,12.637362637362637,78.02197802197803,65.93406593406593,12.087912087912088
E00167738,113,33,17,16,80,58,22,29.20353982300885,15.04424778761062,14.15929203539823,70.79646017699115,51.32743362831859,19.469026548672566
E00167739,152,44,22,22,108,72,36,28.947368421052634,14.473684210526317,14.473684210526317,71.05263157894737,47.368421052631575,23.684210526315788
E00167740,122,33,13,20,89,75,14,27.049180327868854,10.655737704918032,16.39344262295082,72.95081967213115,61.47540983606557,11.475409836065573
E00167741,199,49,18,31,150,131,19,24.623115577889447,9.045226130653267,15.577889447236181,75.37688442211056,65.82914572864321,9.547738693467336
E00167742,111,31,7,24,80,73,7,27.927927927927925,6.306306306306306,21.62162162162162,72.07207207207207,65.76576576576578,6.306306306306306
E00188562,138,52,27,25,86,70,16,37.68115942028986,19.565217391304348,18.115942028985508,62.31884057971014,50.72463768115942,11.594202898550725
E00188565,164,32,12,20,132,119,13,19.51219512195122,7.317073170731707,12.195121951219512,80.48780487804879,72.5609756097561,7.926829268292683
E00188576,138,35,19,16,103,87,16,25.36231884057971,13.768115942028986,11.594202898550725,74.63768115942028,63.04347826086957,11.594202898550725
E00188579,191,57,16,41,134,112,22,29.84293193717277,8.37696335078534,21.465968586387437,70.15706806282722,58.63874345549738,11.518324607329843
E00188581,172,55,19,36,117,99,18,31.976744186046513,11.046511627906977,20.930232558139537,68.02325581395348,57.55813953488372,10.465116279069768
E00188586,124,30,12,18,94,75,19,24.193548387096776,9.67741935483871,14.516129032258066,75.80645161290323,60.483870967741936,15.32258064516129
E00188589,218,52,16,36,166,148,18,23.853211009174313,7.339449541284404,16.51376146788991,76.14678899082568,67.88990825688074,8.256880733944955
E00188590,132,46,28,18,86,65,21,34.84848484848485,21.21212121212121,13.636363636363635,65.15151515151516,49.24242424242424,15.909090909090908
E00188598,264,84,31,53,180,134,46,31.818181818181817,11.742424242424242,20.075757575757574,68.18181818181817,50.75757575757576,17.424242424242426
E00188605,200,34,10,24,166,155,11,17,5,12,83,77.5,5.5
E00188608,171,50,23,27,121,102,19,29.239766081871345,13.450292397660817,15.789473684210526,70.76023391812866,59.64912280701754,11.11111111111111
E00188616,127,42,22,20,85,60,25,33.07086614173229,17.322834645669293,15.748031496062993,66.92913385826772,47.24409448818898,19.68503937007874
E00188621,158,33,15,18,125,100,25,20.88607594936709,9.49367088607595,11.39240506329114,79.11392405063292,63.29113924050633,15.822784810126583
E00188626,180,63,32,31,117,100,17,35,17.77777777777778,17.22222222222222,65,55.55555555555556,9.444444444444445
E00188628,101,25,7,18,76,63,13,24.752475247524753,6.9306930693069315,17.82178217821782,75.24752475247524,62.37623762376238,12.871287128712872
E00188634,194,42,18,24,152,131,21,21.649484536082475,9.278350515463918,12.371134020618557,78.35051546391753,67.5257731958763,10.824742268041238
E00188635,181,56,15,41,125,114,11,30.939226519337016,8.287292817679557,22.65193370165746,69.06077348066299,62.98342541436463,6.077348066298343
E00188636,132,27,11,16,105,88,17,20.454545454545457,8.333333333333332,12.121212121212121,79.54545454545455,66.66666666666666,12.878787878787879
E00188642,119,36,17,19,83,75,8,30.252100840336134,14.285714285714285,15.966386554621847,69.74789915966386,63.02521008403361,6.722689075630252
E00188645,188,47,13,34,141,125,16,25,6.914893617021277,18.085106382978726,75,66.48936170212765,8.51063829787234
E00188646,212,55,19,36,157,136,21,25.943396226415093,8.962264150943396,16.9811320754717,74.05660377358491,64.15094339622641,9.90566037735849
E00188647,166,50,19,31,116,99,17,30.120481927710845,11.44578313253012,18.67469879518072,69.87951807228916,59.63855421686747,10.240963855421686
E00188650,186,44,16,28,142,125,17,23.655913978494624,8.60215053763441,15.053763440860216,76.34408602150538,67.20430107526882,9.13978494623656
E00188653,184,59,21,38,125,98,27,32.065217391304344,11.41304347826087,20.652173913043477,67.93478260869566,53.2608695652174,14.673913043478262
E00188663,146,55,25,30,91,73,18,37.67123287671233,17.123287671232877,20.54794520547945,62.328767123287676,50,12.32876712328767
E00188665,187,42,19,23,145,124,21,22.459893048128343,10.16042780748663,12.299465240641712,77.54010695187165,66.31016042780749,11.229946524064172
E00188666,213,44,12,32,169,146,23,20.657276995305164,5.633802816901409,15.023474178403756,79.34272300469483,68.54460093896714,10.7981220657277
E00188667,203,53,22,31,150,76,74,26.108374384236456,10.83743842364532,15.270935960591133,73.89162561576354,37.4384236453202,36.45320197044335
E00188669,184,48,19,29,136,108,28,26.08695652173913,10.326086956521738,15.760869565217392,73.91304347826086,58.69565217391305,15.217391304347828
E00188672,93,23,8,15,70,60,10,24.731182795698924,8.60215053763441,16.129032258064516,75.26881720430107,64.51612903225806,10.75268817204301
E00188673,183,51,19,32,132,119,13,27.86885245901639,10.382513661202186,17.48633879781421,72.1311475409836,65.02732240437157,7.103825136612022
E00188677,191,68,26,42,123,106,17,35.602094240837694,13.612565445026178,21.98952879581152,64.3979057591623,55.497382198952884,8.900523560209423
E00188682,152,60,24,36,92,78,14,39.473684210526315,15.789473684210526,23.684210526315788,60.526315789473685,51.31578947368421,9.210526315789473
E00188688,173,32,8,24,141,129,12,18.497109826589593,4.624277456647398,13.872832369942195,81.5028901734104,74.56647398843931,6.9364161849710975
E00188689,166,41,18,23,125,102,23,24.69879518072289,10.843373493975903,13.855421686746988,75.30120481927712,61.44578313253012,13.855421686746988
E00188690,189,49,16,33,140,121,19,25.925925925925924,8.465608465608465,17.46031746031746,74.07407407407408,64.02116402116403,10.052910052910052
E00188691,146,36,12,24,110,97,13,24.65753424657534,8.21917808219178,16.43835616438356,75.34246575342466,66.43835616438356,8.904109589041095
E00188697,167,57,28,29,110,79,31,34.13173652694611,16.766467065868262,17.365269461077844,65.86826347305389,47.30538922155689,18.562874251497004
E00188700,167,37,13,24,130,110,20,22.15568862275449,7.784431137724551,14.37125748502994,77.84431137724552,65.86826347305389,11.976047904191617
E00188703,93,32,13,19,61,49,12,34.40860215053764,13.978494623655912,20.43010752688172,65.59139784946237,52.68817204301075,12.903225806451612
E00188704,123,29,14,15,94,77,17,23.577235772357724,11.38211382113821,12.195121951219512,76.42276422764228,62.601626016260155,13.821138211382115
E00188706,138,32,16,16,106,88,18,23.18840579710145,11.594202898550725,11.594202898550725,76.81159420289855,63.76811594202898,13.043478260869565
E00188712,141,46,19,27,95,72,23,32.62411347517731,13.47517730496454,19.148936170212767,67.37588652482269,51.06382978723404,16.312056737588655
E00188715,210,67,24,43,143,118,25,31.9047619047619,11.428571428571429,20.476190476190474,68.0952380952381,56.19047619047619,11.904761904761903
E00188716,188,41,12,29,147,125,22,21.808510638297875,6.382978723404255,15.425531914893616,78.19148936170212,66.48936170212765,11.702127659574469
E00188723,178,33,10,23,145,128,17,18.53932584269663,5.617977528089887,12.921348314606742,81.46067415730337,71.91011235955057,9.550561797752808
E00188727,165,39,14,25,126,111,15,23.636363636363637,8.484848484848486,15.151515151515152,76.36363636363637,67.27272727272727,9.090909090909092
E00188728,163,39,14,25,124,109,15,23.92638036809816,8.588957055214724,15.337423312883436,76.07361963190185,66.87116564417178,9.202453987730062
E00188734,195,50,20,30,145,128,17,25.64102564102564,10.256410256410255,15.384615384615385,74.35897435897436,65.64102564102564,8.717948717948717
E00188738,144,27,11,16,117,98,19,18.75,7.638888888888889,11.11111111111111,81.25,68.05555555555556,13.194444444444445
E00188744,162,47,12,35,115,102,13,29.01234567901235,7.4074074074074066,21.604938271604937,70.98765432098766,62.96296296296296,8.024691358024691
E00188747,171,42,16,26,129,110,19,24.561403508771928,9.35672514619883,15.204678362573098,75.43859649122807,64.32748538011695,11.11111111111111
