OA,ts0380001,ts0380002,ts0380003,ts0380004,ts0380005,ts0380006,ts0380007,ts0380002_PCT,ts0380003_PCT,ts0380004_PCT,ts0380005_PCT,ts0380006_PCT,ts0380007_PCT
E00148132,276,59,31,28,217,15,202,21.3768115942029,11.231884057971014,10.144927536231885,78.62318840579711,5.434782608695652,73.18840579710145
E00148133,183,43,17,26,140,9,131,23.497267759562842,9.289617486338798,14.207650273224044,76.50273224043715,4.918032786885246,71.58469945355192
E00148134,297,45,16,29,252,33,219,15.151515151515152,5.387205387205387,9.764309764309765,84.84848484848484,11.11111111111111,73.73737373737373
E00148135,382,103,59,44,279,37,242,26.96335078534031,15.44502617801047,11.518324607329843,73.03664921465969,9.68586387434555,63.35078534031413
E00148136,279,41,16,25,238,31,207,14.695340501792115,5.734767025089606,8.960573476702509,85.30465949820788,11.11111111111111,74.19354838709677
E00148137,287,66,34,32,221,33,188,22.99651567944251,11.846689895470384,11.149825783972126,77.00348432055749,11.498257839721255,65.50522648083623
E00148138,285,47,20,27,238,29,209,16.49122807017544,7.017543859649122,9.473684210526317,83.50877192982456,10.175438596491228,73.33333333333333
E00148139,554,81,29,52,473,44,429,14.620938628158845,5.234657039711191,9.386281588447654,85.37906137184116,7.9422382671480145,77.43682310469315
E00148140,390,66,23,43,324,37,287,16.923076923076923,5.897435897435897,11.025641025641026,83.07692307692308,9.487179487179487,73.58974358974359
E00148141,333,54,12,42,279,24,255,16.216216216216218,3.6036036036036037,12.612612612612612,83.78378378378379,7.207207207207207,76.57657657657657
E00148142,290,55,18,37,235,19,216,18.96551724137931,6.206896551724138,12.758620689655173,81.03448275862068,6.551724137931035,74.48275862068967
E00148143,324,57,22,35,267,33,234,17.59259259259259,6.790123456790123,10.802469135802468,82.4074074074074,10.185185185185185,72.22222222222221
E00148144,333,42,21,21,291,41,250,12.612612612612612,6.306306306306306,6.306306306306306,87.38738738738738,12.312312312312311,75.07507507507508
E00148145,361,96,47,49,265,29,236,26.59279778393352,13.019390581717452,13.573407202216067,73.40720221606648,8.033240997229916,65.37396121883657
E00148146,352,88,38,50,264,23,241,25,10.795454545454545,14.204545454545455,75,6.534090909090909,68.4659090909091
E00148147,290,71,28,43,219,29,190,24.482758620689655,9.655172413793103,14.827586206896552,75.51724137931033,10,65.51724137931035
E00148148,359,95,44,51,264,20,244,26.46239554317549,12.256267409470752,14.206128133704734,73.53760445682451,5.571030640668524,67.96657381615599
E00148149,218,55,17,38,163,20,143,25.229357798165136,7.79816513761468,17.431192660550458,74.77064220183486,9.174311926605505,65.59633027522935
E00148150,350,105,44,61,245,17,228,30,12.571428571428573,17.42857142857143,70,4.857142857142857,65.14285714285715
E00148151,321,70,32,38,251,27,224,21.806853582554517,9.968847352024921,11.838006230529595,78.19314641744548,8.411214953271028,69.78193146417445
E00148152,338,70,27,43,268,17,251,20.710059171597635,7.988165680473373,12.721893491124261,79.28994082840237,5.029585798816568,74.2603550295858
E00148153,334,68,25,43,266,30,236,20.359281437125748,7.48502994011976,12.874251497005988,79.64071856287424,8.982035928143713,70.65868263473054
E00148154,394,53,21,32,341,33,308,13.451776649746192,5.32994923857868,8.121827411167512,86.5482233502538,8.375634517766498,78.1725888324873
E00148155,339,60,20,40,279,43,236,17.699115044247787,5.899705014749262,11.799410029498524,82.30088495575221,12.684365781710916,69.6165191740413
E00148156,333,40,12,28,293,33,260,12.012012012012011,3.6036036036036037,8.408408408408409,87.98798798798799,9.90990990990991,78.07807807807808
E00148157,323,48,20,28,275,39,236,14.860681114551083,6.191950464396285,8.6687306501548,85.13931888544892,12.074303405572756,73.06501547987617
E00148158,272,42,14,28,230,21,209,15.441176470588236,5.147058823529411,10.294117647058822,84.55882352941177,7.720588235294118,76.83823529411765
E00148159,289,56,17,39,233,22,211,19.377162629757784,5.88235294117647,13.494809688581316,80.62283737024222,7.612456747404845,73.01038062283737
E00148160,276,33,15,18,243,25,218,11.956521739130435,5.434782608695652,6.521739130434782,88.04347826086956,9.057971014492754,78.98550724637681
E00148161,233,44,20,24,189,22,167,18.88412017167382,8.583690987124463,10.300429184549357,81.11587982832617,9.44206008583691,71.67381974248927
E00148162,281,38,15,23,243,20,223,13.523131672597867,5.338078291814947,8.185053380782918,86.47686832740213,7.11743772241993,79.35943060498221
E00148163,252,47,11,36,205,11,194,18.650793650793652,4.365079365079365,14.285714285714285,81.34920634920636,4.365079365079365,76.98412698412699
E00148164,292,39,16,23,253,14,239,13.356164383561644,5.47945205479452,7.876712328767123,86.64383561643835,4.794520547945205,81.84931506849315
E00148165,298,45,17,28,253,28,225,15.100671140939598,5.704697986577181,9.395973154362416,84.8993288590604,9.395973154362416,75.50335570469798
E00148166,239,31,15,16,208,24,184,12.97071129707113,6.2761506276150625,6.694560669456067,87.02928870292888,10.0418410041841,76.98744769874477
E00148167,251,45,17,28,206,21,185,17.928286852589643,6.772908366533864,11.155378486055776,82.07171314741036,8.366533864541832,73.70517928286853
E00148168,237,41,15,26,196,13,183,17.29957805907173,6.329113924050633,10.970464135021098,82.70042194092827,5.485232067510549,77.21518987341773
E00148169,315,43,13,30,272,25,247,13.65079365079365,4.1269841269841265,9.523809523809524,86.34920634920636,7.936507936507936,78.41269841269842
E00148170,352,88,37,51,264,21,243,25,10.511363636363637,14.488636363636365,75,5.965909090909091,69.0340909090909
E00148171,321,38,11,27,283,22,261,11.838006230529595,3.4267912772585665,8.411214953271028,88.1619937694704,6.853582554517133,81.30841121495327
E00148172,290,33,11,22,257,20,237,11.379310344827587,3.793103448275862,7.586206896551724,88.62068965517241,6.896551724137931,81.72413793103448
E00148173,179,61,37,24,118,9,109,34.07821229050279,20.670391061452513,13.40782122905028,65.92178770949721,5.027932960893855,60.893854748603346
E00148174,221,46,14,32,175,17,158,20.81447963800905,6.334841628959276,14.479638009049776,79.18552036199095,7.6923076923076925,71.49321266968326
E00148175,206,37,17,20,169,17,152,17.96116504854369,8.25242718446602,9.70873786407767,82.03883495145631,8.25242718446602,73.7864077669903
E00148176,226,41,14,27,185,17,168,18.141592920353983,6.1946902654867255,11.946902654867257,81.85840707964603,7.52212389380531,74.33628318584071
E00148177,249,49,22,27,200,17,183,19.67871485943775,8.835341365461847,10.843373493975903,80.32128514056225,6.827309236947792,73.49397590361446
E00148178,251,46,12,34,205,29,176,18.326693227091635,4.780876494023905,13.545816733067728,81.67330677290838,11.553784860557768,70.1195219123506
E00148179,234,38,13,25,196,26,170,16.23931623931624,5.555555555555555,10.683760683760683,83.76068376068376,11.11111111111111,72.64957264957265
E00148180,119,23,12,11,96,8,88,19.327731092436977,10.084033613445378,9.243697478991598,80.67226890756302,6.722689075630252,73.94957983193278
E00148182,398,64,21,43,334,17,317,16.08040201005025,5.276381909547738,10.804020100502512,83.91959798994975,4.271356783919598,79.64824120603015
E00148183,413,64,22,42,349,21,328,15.49636803874092,5.326876513317192,10.16949152542373,84.50363196125909,5.084745762711865,79.41888619854721
E00148184,335,45,21,24,290,19,271,13.432835820895523,6.26865671641791,7.164179104477612,86.56716417910447,5.6716417910447765,80.8955223880597
E00148185,308,35,13,22,273,23,250,11.363636363636363,4.220779220779221,7.142857142857142,88.63636363636364,7.467532467532467,81.16883116883116
E00148186,343,80,33,47,263,17,246,23.323615160349853,9.620991253644315,13.702623906705538,76.67638483965014,4.956268221574344,71.7201166180758
E00148187,362,86,32,54,276,21,255,23.756906077348066,8.83977900552486,14.917127071823206,76.24309392265194,5.801104972375691,70.44198895027624
E00148188,417,61,17,44,356,31,325,14.628297362110313,4.07673860911271,10.551558752997602,85.37170263788968,7.434052757793765,77.93764988009593
E00148189,216,19,5,14,197,15,182,8.796296296296296,2.314814814814815,6.481481481481481,91.20370370370371,6.944444444444445,84.25925925925925
E00148190,289,48,18,30,241,12,229,16.608996539792386,6.228373702422145,10.380622837370241,83.39100346020761,4.1522491349480966,79.23875432525952
E00148192,328,53,26,27,275,17,258,16.158536585365855,7.926829268292683,8.231707317073171,83.84146341463415,5.182926829268292,78.65853658536585
E00148193,337,55,18,37,282,19,263,16.320474777448073,5.341246290801187,10.979228486646884,83.67952522255193,5.637982195845697,78.04154302670622
E00148194,469,79,33,46,390,31,359,16.844349680170577,7.036247334754798,9.808102345415778,83.15565031982942,6.609808102345416,76.54584221748401
E00148195,299,54,19,35,245,23,222,18.06020066889632,6.354515050167224,11.705685618729097,81.93979933110369,7.6923076923076925,74.24749163879598
E00148196,288,64,30,34,224,17,207,22.22222222222222,10.416666666666668,11.805555555555555,77.77777777777779,5.902777777777778,71.875
E00148197,339,70,34,36,269,21,248,20.64896755162242,10.029498525073747,10.619469026548673,79.35103244837758,6.1946902654867255,73.15634218289085
E00148198,322,67,27,40,255,12,243,20.80745341614907,8.385093167701864,12.422360248447205,79.19254658385093,3.7267080745341614,75.46583850931677
E00148199,264,41,10,31,223,23,200,15.530303030303031,3.787878787878788,11.742424242424242,84.46969696969697,8.712121212121213,75.75757575757575
E00148200,263,33,14,19,230,15,215,12.547528517110266,5.323193916349809,7.224334600760455,87.45247148288973,5.7034220532319395,81.74904942965779
E00148201,291,56,16,40,235,26,209,19.243986254295535,5.498281786941581,13.745704467353953,80.75601374570446,8.934707903780069,71.8213058419244
E00148202,256,59,20,39,197,17,180,23.046875,7.8125,15.234375,76.953125,6.640625,70.3125
E00148203,317,72,20,52,245,31,214,22.71293375394322,6.309148264984227,16.40378548895899,77.28706624605678,9.779179810725552,67.50788643533123
E00148204,216,77,36,41,139,17,122,35.648148148148145,16.666666666666664,18.98148148148148,64.35185185185185,7.87037037037037,56.481481481481474
E00148205,321,87,29,58,234,21,213,27.102803738317753,9.034267912772584,18.06853582554517,72.89719626168224,6.5420560747663545,66.35514018691589
E00148207,360,66,21,45,294,25,269,18.333333333333332,5.833333333333333,12.5,81.66666666666667,6.944444444444445,74.72222222222223
E00148208,289,65,21,44,224,26,198,22.491349480968857,7.26643598615917,15.22491349480969,77.50865051903114,8.996539792387544,68.5121107266436
E00148209,327,56,20,36,271,27,244,17.12538226299694,6.116207951070336,11.009174311926607,82.87461773700305,8.256880733944955,74.61773700305811
E00148210,280,35,18,17,245,16,229,12.5,6.428571428571428,6.071428571428571,87.5,5.714285714285714,81.78571428571428
E00148211,378,71,34,37,307,20,287,18.78306878306878,8.994708994708994,9.788359788359788,81.21693121693121,5.291005291005291,75.92592592592592
E00148212,333,98,51,47,235,12,223,29.429429429429426,15.315315315315313,14.114114114114114,70.57057057057057,3.6036036036036037,66.96696696696696
E00148213,388,71,35,36,317,23,294,18.298969072164947,9.02061855670103,9.278350515463918,81.70103092783505,5.927835051546391,75.77319587628865
E00148214,378,86,31,55,292,20,272,22.75132275132275,8.201058201058201,14.550264550264549,77.24867724867724,5.291005291005291,71.95767195767195
E00148215,297,53,22,31,244,26,218,17.845117845117844,7.4074074074074066,10.437710437710438,82.15488215488216,8.754208754208754,73.4006734006734
E00148216,373,67,34,33,306,24,282,17.962466487935657,9.115281501340483,8.847184986595174,82.03753351206434,6.434316353887399,75.60321715817693
E00148217,409,94,46,48,315,29,286,22.982885085574573,11.246943765281173,11.7359413202934,77.01711491442543,7.090464547677261,69.92665036674816
E00148218,284,62,31,31,222,12,210,21.830985915492956,10.915492957746478,10.915492957746478,78.16901408450704,4.225352112676056,73.94366197183099
E00148219,302,32,11,21,270,18,252,10.596026490066226,3.642384105960265,6.95364238410596,89.40397350993378,5.960264900662252,83.44370860927152
E00148220,589,101,47,54,488,41,447,17.147707979626485,7.979626485568761,9.168081494057725,82.85229202037353,6.960950764006792,75.89134125636672
E00148221,513,72,22,50,441,28,413,14.035087719298245,4.28849902534113,9.746588693957115,85.96491228070175,5.458089668615984,80.50682261208577
E00148222,399,76,25,51,323,40,283,19.047619047619047,6.265664160401002,12.781954887218044,80.95238095238095,10.025062656641603,70.92731829573935
E00148223,295,32,15,17,263,35,228,10.847457627118644,5.084745762711865,5.762711864406779,89.15254237288136,11.864406779661017,77.28813559322035
E00148224,253,38,9,29,215,22,193,15.019762845849801,3.557312252964427,11.462450592885375,84.98023715415019,8.695652173913043,76.28458498023716
E00148225,191,72,43,29,119,8,111,37.696335078534034,22.5130890052356,15.18324607329843,62.30366492146597,4.18848167539267,58.1151832460733
E00148226,291,47,24,23,244,17,227,16.151202749140893,8.24742268041237,7.903780068728522,83.8487972508591,5.841924398625429,78.00687285223368
E00148227,246,73,32,41,173,10,163,29.67479674796748,13.008130081300814,16.666666666666664,70.32520325203252,4.0650406504065035,66.26016260162602
E00148228,279,59,32,27,220,19,201,21.14695340501792,11.469534050179211,9.67741935483871,78.85304659498208,6.810035842293908,72.04301075268818
E00148229,390,57,25,32,333,30,303,14.615384615384617,6.41025641025641,8.205128205128204,85.38461538461539,7.6923076923076925,77.6923076923077
E00148230,198,31,10,21,167,17,150,15.656565656565657,5.05050505050505,10.606060606060606,84.34343434343434,8.585858585858585,75.75757575757575
E00148231,376,99,76,23,277,43,234,26.329787234042552,20.212765957446805,6.117021276595745,73.67021276595744,11.436170212765957,62.23404255319149
E00148232,320,65,30,35,255,13,242,20.3125,9.375,10.9375,79.6875,4.0625,75.625
E00148233,258,90,55,35,168,11,157,34.883720930232556,21.31782945736434,13.565891472868216,65.11627906976744,4.263565891472868,60.85271317829457
E00148234,270,45,24,21,225,28,197,16.666666666666664,8.88888888888889,7.777777777777778,83.33333333333334,10.37037037037037,72.96296296296296
E00148235,283,38,14,24,245,18,227,13.427561837455832,4.946996466431095,8.480565371024735,86.57243816254417,6.36042402826855,80.21201413427562
E00148236,392,60,24,36,332,24,308,15.306122448979592,6.122448979591836,9.183673469387756,84.6938775510204,6.122448979591836,78.57142857142857
E00148238,263,44,20,24,219,20,199,16.730038022813687,7.604562737642586,9.125475285171103,83.26996197718631,7.604562737642586,75.66539923954373
E00148239,275,46,19,27,229,23,206,16.727272727272727,6.909090909090909,9.818181818181818,83.27272727272728,8.363636363636363,74.90909090909092
E00148240,358,120,78,42,238,13,225,33.5195530726257,21.787709497206702,11.731843575418994,66.4804469273743,3.6312849162011176,62.849162011173185
E00148241,244,59,30,29,185,13,172,24.18032786885246,12.295081967213115,11.885245901639344,75.81967213114754,5.327868852459016,70.49180327868852
E00148242,332,94,53,41,238,22,216,28.313253012048197,15.963855421686745,12.349397590361445,71.6867469879518,6.626506024096386,65.06024096385542
E00148243,356,63,26,37,293,23,270,17.696629213483146,7.303370786516854,10.393258426966293,82.30337078651685,6.460674157303371,75.84269662921348
E00148244,308,57,15,42,251,23,228,18.506493506493506,4.870129870129871,13.636363636363635,81.4935064935065,7.467532467532467,74.02597402597402
E00148245,413,106,59,47,307,16,291,25.66585956416465,14.285714285714285,11.380145278450362,74.33414043583535,3.87409200968523,70.46004842615012
E00148246,300,57,24,33,243,15,228,19,8,11,81,5,76
E00148247,315,95,42,53,220,13,207,30.158730158730158,13.333333333333334,16.825396825396826,69.84126984126983,4.1269841269841265,65.71428571428571
E00148248,395,81,35,46,314,19,295,20.506329113924053,8.860759493670885,11.645569620253164,79.49367088607595,4.810126582278481,74.68354430379746
E00148249,285,72,27,45,213,17,196,25.263157894736842,9.473684210526317,15.789473684210526,74.73684210526315,5.964912280701754,68.77192982456141
E00148250,278,60,33,27,218,17,201,21.58273381294964,11.870503597122301,9.712230215827338,78.41726618705036,6.115107913669065,72.3021582733813
E00148251,379,88,40,48,291,17,274,23.218997361477573,10.554089709762533,12.66490765171504,76.78100263852242,4.485488126649076,72.29551451187335
E00148252,281,73,33,40,208,15,193,25.97864768683274,11.743772241992882,14.23487544483986,74.02135231316726,5.338078291814947,68.68327402135232
E00148253,301,55,22,33,246,21,225,18.272425249169437,7.308970099667775,10.96345514950166,81.72757475083057,6.976744186046512,74.75083056478405
E00148254,325,73,31,42,252,18,234,22.46153846153846,9.538461538461538,12.923076923076923,77.53846153846153,5.538461538461538,72
E00148255,292,43,20,23,249,19,230,14.726027397260275,6.8493150684931505,7.876712328767123,85.27397260273972,6.506849315068493,78.76712328767124
E00148256,297,56,29,27,241,14,227,18.855218855218855,9.764309764309765,9.090909090909092,81.14478114478115,4.713804713804714,76.43097643097643
E00148257,376,74,26,48,302,20,282,19.680851063829788,6.914893617021277,12.76595744680851,80.31914893617021,5.319148936170213,75
E00148258,281,44,17,27,237,16,221,15.658362989323843,6.049822064056939,9.608540925266903,84.34163701067615,5.6939501779359425,78.64768683274022
E00148259,291,62,26,36,229,21,208,21.305841924398624,8.934707903780069,12.371134020618557,78.69415807560138,7.216494845360824,71.47766323024055
E00148260,263,63,26,37,200,16,184,23.954372623574145,9.885931558935361,14.068441064638785,76.04562737642586,6.083650190114068,69.96197718631178
E00148262,266,55,29,26,211,29,182,20.676691729323306,10.902255639097744,9.774436090225564,79.32330827067669,10.902255639097744,68.42105263157895
E00148263,299,69,23,46,230,16,214,23.076923076923077,7.6923076923076925,15.384615384615385,76.92307692307693,5.351170568561873,71.57190635451505
E00148265,272,47,14,33,225,24,201,17.27941176470588,5.147058823529411,12.132352941176471,82.72058823529412,8.823529411764707,73.89705882352942
E00148266,273,62,26,36,211,21,190,22.71062271062271,9.523809523809524,13.186813186813188,77.2893772893773,7.6923076923076925,69.59706959706959
E00148267,288,44,18,26,244,20,224,15.277777777777779,6.25,9.027777777777777,84.72222222222221,6.944444444444445,77.77777777777779
E00148269,359,67,28,39,292,26,266,18.662952646239557,7.7994428969359335,10.86350974930362,81.33704735376045,7.242339832869081,74.09470752089136
E00148270,350,94,32,62,256,35,221,26.857142857142858,9.142857142857142,17.71428571428571,73.14285714285714,10,63.142857142857146
E00148272,408,89,34,55,319,34,285,21.813725490196077,8.333333333333332,13.480392156862745,78.18627450980392,8.333333333333332,69.85294117647058
E00148273,269,75,34,41,194,18,176,27.881040892193308,12.639405204460965,15.241635687732341,72.11895910780669,6.691449814126393,65.4275092936803
E00148274,216,82,45,37,134,6,128,37.96296296296296,20.833333333333336,17.12962962962963,62.03703703703704,2.7777777777777777,59.25925925925925
E00148275,513,91,42,49,422,30,392,17.73879142300195,8.187134502923977,9.551656920077972,82.26120857699804,5.847953216374268,76.41325536062378
E00148276,173,44,23,21,129,23,106,25.43352601156069,13.294797687861271,12.138728323699421,74.56647398843931,13.294797687861271,61.27167630057804
E00148277,358,69,29,40,289,28,261,19.273743016759777,8.100558659217876,11.1731843575419,80.72625698324022,7.82122905027933,72.90502793296089
E00148278,350,121,76,45,229,25,204,34.57142857142857,21.714285714285715,12.857142857142856,65.42857142857143,7.142857142857142,58.285714285714285
E00148279,263,54,16,38,209,19,190,20.53231939163498,6.083650190114068,14.44866920152091,79.46768060836501,7.224334600760455,72.24334600760456
E00148280,207,92,40,52,115,19,96,44.44444444444444,19.32367149758454,25.120772946859905,55.55555555555556,9.178743961352657,46.3768115942029
E00148281,270,60,24,36,210,26,184,22.22222222222222,8.88888888888889,13.333333333333334,77.77777777777779,9.62962962962963,68.14814814814815
E00148282,338,76,27,49,262,19,243,22.485207100591715,7.988165680473373,14.497041420118343,77.51479289940828,5.621301775147929,71.89349112426035
E00148283,325,57,21,36,268,24,244,17.53846153846154,6.461538461538462,11.076923076923077,82.46153846153847,7.384615384615385,75.07692307692308
E00148284,319,92,45,47,227,24,203,28.84012539184953,14.106583072100312,14.733542319749215,71.15987460815047,7.523510971786834,63.63636363636363
E00148285,324,91,39,52,233,17,216,28.08641975308642,12.037037037037036,16.049382716049383,71.91358024691358,5.246913580246913,66.66666666666666
E00148286,232,69,27,42,163,17,146,29.74137931034483,11.637931034482758,18.103448275862068,70.25862068965517,7.327586206896551,62.93103448275862
E00148287,411,89,45,44,322,35,287,21.654501216545015,10.948905109489052,10.70559610705596,78.34549878345499,8.51581508515815,69.82968369829685
E00148288,294,65,28,37,229,30,199,22.108843537414966,9.523809523809524,12.585034013605442,77.89115646258503,10.204081632653061,67.68707482993197
E00148289,248,60,23,37,188,15,173,24.193548387096776,9.274193548387096,14.919354838709678,75.80645161290323,6.048387096774194,69.75806451612904
E00148290,284,81,28,53,203,24,179,28.52112676056338,9.859154929577464,18.661971830985916,71.47887323943662,8.450704225352112,63.02816901408451
E00148291,274,63,31,32,211,18,193,22.99270072992701,11.313868613138686,11.678832116788321,77.00729927007299,6.569343065693431,70.43795620437956
E00148292,266,81,41,40,185,22,163,30.451127819548873,15.413533834586465,15.037593984962406,69.54887218045113,8.270676691729323,61.278195488721806
E00148293,294,64,24,40,230,17,213,21.768707482993197,8.16326530612245,13.60544217687075,78.2312925170068,5.782312925170068,72.44897959183673
E00148294,277,38,12,26,239,31,208,13.718411552346572,4.332129963898916,9.386281588447654,86.28158844765343,11.191335740072201,75.09025270758123
E00148295,244,65,28,37,179,26,153,26.639344262295083,11.475409836065573,15.163934426229508,73.36065573770492,10.655737704918032,62.704918032786885
E00148296,255,33,10,23,222,14,208,12.941176470588237,3.9215686274509802,9.019607843137255,87.05882352941177,5.490196078431373,81.56862745098039
E00148297,252,69,29,40,183,22,161,27.380952380952383,11.507936507936508,15.873015873015872,72.61904761904762,8.73015873015873,63.888888888888886
E00148298,260,62,29,33,198,20,178,23.846153846153847,11.153846153846155,12.692307692307692,76.15384615384615,7.6923076923076925,68.46153846153847
E00148299,233,93,61,32,140,19,121,39.91416309012876,26.180257510729614,13.733905579399142,60.08583690987125,8.15450643776824,51.931330472103
E00148300,266,67,25,42,199,15,184,25.18796992481203,9.398496240601503,15.789473684210526,74.81203007518798,5.639097744360902,69.17293233082707
E00148301,312,77,27,50,235,20,215,24.679487179487182,8.653846153846153,16.025641025641026,75.32051282051282,6.41025641025641,68.91025641025641
E00148302,242,69,32,37,173,26,147,28.512396694214875,13.223140495867769,15.289256198347106,71.48760330578511,10.743801652892563,60.74380165289256
E00148303,436,51,18,33,385,32,353,11.697247706422019,4.128440366972478,7.568807339449542,88.30275229357798,7.339449541284404,80.96330275229357
E00148304,262,41,11,30,221,17,204,15.648854961832063,4.198473282442748,11.450381679389313,84.35114503816794,6.488549618320611,77.86259541984732
E00148305,304,60,25,35,244,26,218,19.736842105263158,8.223684210526317,11.513157894736842,80.26315789473685,8.552631578947368,71.71052631578947
E00148306,378,53,26,27,325,31,294,14.02116402116402,6.878306878306878,7.142857142857142,85.97883597883597,8.201058201058201,77.77777777777779
E00148307,234,68,27,41,166,17,149,29.059829059829063,11.538461538461538,17.52136752136752,70.94017094017094,7.264957264957266,63.67521367521367
E00148308,261,68,30,38,193,23,170,26.053639846743295,11.494252873563218,14.559386973180077,73.9463601532567,8.812260536398467,65.13409961685824
E00148309,281,51,16,35,230,20,210,18.14946619217082,5.6939501779359425,12.455516014234876,81.85053380782918,7.11743772241993,74.73309608540926
E00148310,279,67,26,41,212,16,196,24.014336917562723,9.31899641577061,14.695340501792115,75.98566308243727,5.734767025089606,70.25089605734766
E00148311,253,64,34,30,189,20,169,25.296442687747035,13.438735177865613,11.857707509881422,74.70355731225297,7.905138339920949,66.79841897233202
E00148312,174,68,39,29,106,10,96,39.08045977011494,22.413793103448278,16.666666666666664,60.91954022988506,5.747126436781609,55.172413793103445
E00148313,315,54,14,40,261,32,229,17.142857142857142,4.444444444444445,12.698412698412698,82.85714285714286,10.158730158730158,72.6984126984127
E00148314,385,62,20,42,323,30,293,16.103896103896105,5.194805194805195,10.909090909090908,83.8961038961039,7.792207792207792,76.1038961038961
E00148315,250,65,30,35,185,19,166,26,12,14.000000000000002,74,7.6,66.4
E00148316,328,68,25,43,260,13,247,20.73170731707317,7.621951219512195,13.109756097560975,79.26829268292683,3.9634146341463414,75.3048780487805
E00148317,276,62,30,32,214,27,187,22.463768115942027,10.869565217391305,11.594202898550725,77.53623188405797,9.782608695652174,67.7536231884058
E00148318,238,64,25,39,174,16,158,26.89075630252101,10.504201680672269,16.386554621848738,73.10924369747899,6.722689075630252,66.38655462184873
E00148319,312,72,24,48,240,24,216,23.076923076923077,7.6923076923076925,15.384615384615385,76.92307692307693,7.6923076923076925,69.23076923076923
E00148320,281,131,68,63,150,20,130,46.619217081850536,24.199288256227756,22.419928825622776,53.380782918149464,7.11743772241993,46.263345195729535
E00148321,408,141,77,64,267,26,241,34.55882352941176,18.872549019607842,15.686274509803921,65.44117647058823,6.372549019607843,59.068627450980394
E00148322,234,38,16,22,196,10,186,16.23931623931624,6.837606837606838,9.401709401709402,83.76068376068376,4.273504273504273,79.48717948717949
E00148323,271,87,44,43,184,16,168,32.10332103321033,16.236162361623617,15.867158671586715,67.89667896678966,5.904059040590406,61.99261992619927
E00148324,307,45,22,23,262,26,236,14.65798045602606,7.166123778501629,7.491856677524431,85.34201954397395,8.469055374592834,76.8729641693811
E00148325,289,43,10,33,246,21,225,14.878892733564014,3.4602076124567476,11.418685121107266,85.12110726643598,7.26643598615917,77.85467128027682
E00148326,273,50,20,30,223,21,202,18.315018315018314,7.326007326007327,10.989010989010989,81.68498168498168,7.6923076923076925,73.992673992674
E00148327,270,41,14,27,229,30,199,15.185185185185185,5.185185185185185,10,84.81481481481481,11.11111111111111,73.70370370370371
E00148328,323,65,25,40,258,15,243,20.123839009287924,7.739938080495357,12.38390092879257,79.87616099071208,4.643962848297214,75.23219814241486
E00148329,255,66,34,32,189,18,171,25.882352941176475,13.333333333333334,12.549019607843137,74.11764705882354,7.0588235294117645,67.05882352941175
E00148330,330,68,28,40,262,28,234,20.606060606060606,8.484848484848486,12.121212121212121,79.39393939393939,8.484848484848486,70.9090909090909
E00148331,260,34,6,28,226,24,202,13.076923076923078,2.307692307692308,10.76923076923077,86.92307692307692,9.230769230769232,77.6923076923077
E00148332,271,36,10,26,235,29,206,13.284132841328415,3.6900369003690034,9.59409594095941,86.71586715867159,10.70110701107011,76.01476014760148
E00148333,202,30,3,27,172,22,150,14.85148514851485,1.4851485148514851,13.366336633663368,85.14851485148515,10.891089108910892,74.25742574257426
E00148334,267,50,20,30,217,30,187,18.726591760299627,7.490636704119851,11.235955056179774,81.27340823970037,11.235955056179774,70.0374531835206
E00148335,237,50,18,32,187,18,169,21.09704641350211,7.59493670886076,13.502109704641349,78.90295358649789,7.59493670886076,71.30801687763713
E00148336,470,70,24,46,400,51,349,14.893617021276595,5.106382978723404,9.787234042553191,85.1063829787234,10.851063829787234,74.25531914893617
E00148337,253,46,15,31,207,16,191,18.181818181818183,5.928853754940711,12.25296442687747,81.81818181818183,6.324110671936759,75.49407114624506
E00148338,254,47,18,29,207,20,187,18.503937007874015,7.086614173228346,11.41732283464567,81.49606299212599,7.874015748031496,73.62204724409449
E00148339,257,52,19,33,205,27,178,20.233463035019454,7.392996108949417,12.840466926070038,79.76653696498055,10.505836575875486,69.26070038910505
E00148340,220,44,12,32,176,24,152,20,5.454545454545454,14.545454545454545,80,10.909090909090908,69.0909090909091
E00148341,139,23,7,16,116,13,103,16.546762589928058,5.0359712230215825,11.510791366906476,83.45323741007195,9.352517985611511,74.10071942446042
E00148342,184,40,19,21,144,16,128,21.73913043478261,10.326086956521738,11.41304347826087,78.26086956521739,8.695652173913043,69.56521739130434
E00148343,343,58,17,41,285,29,256,16.909620991253643,4.956268221574344,11.9533527696793,83.09037900874635,8.454810495626822,74.63556851311954
E00148344,331,74,30,44,257,27,230,22.356495468277945,9.06344410876133,13.293051359516618,77.64350453172206,8.157099697885197,69.48640483383686
E00148345,359,49,16,33,310,23,287,13.649025069637883,4.456824512534819,9.192200557103064,86.35097493036211,6.406685236768802,79.94428969359332
E00148346,360,35,12,23,325,30,295,9.722222222222223,3.3333333333333335,6.388888888888888,90.27777777777779,8.333333333333332,81.94444444444444
E00148347,174,44,23,21,130,14,116,25.287356321839084,13.218390804597702,12.068965517241379,74.71264367816092,8.045977011494253,66.66666666666666
E00148348,242,64,29,35,178,24,154,26.446280991735538,11.983471074380166,14.46280991735537,73.55371900826447,9.917355371900827,63.63636363636363
E00148349,536,54,19,35,482,49,433,10.074626865671641,3.544776119402985,6.529850746268656,89.92537313432835,9.14179104477612,80.78358208955224
E00148350,425,59,18,41,366,40,326,13.882352941176471,4.235294117647059,9.647058823529411,86.11764705882354,9.411764705882353,76.70588235294117
E00148351,318,60,21,39,258,24,234,18.867924528301888,6.60377358490566,12.264150943396226,81.13207547169812,7.547169811320755,73.58490566037736
E00148352,291,43,14,29,248,27,221,14.776632302405499,4.810996563573884,9.965635738831615,85.2233676975945,9.278350515463918,75.94501718213058
E00148354,353,41,13,28,312,27,285,11.614730878186968,3.6827195467422094,7.932011331444759,88.38526912181302,7.64872521246459,80.73654390934844
E00148355,450,92,41,51,358,35,323,20.444444444444446,9.11111111111111,11.333333333333332,79.55555555555556,7.777777777777778,71.77777777777777
E00148356,288,43,12,31,245,29,216,14.930555555555555,4.166666666666666,10.76388888888889,85.06944444444444,10.069444444444445,75
E00148357,325,51,13,38,274,26,248,15.692307692307692,4,11.692307692307692,84.3076923076923,8,76.3076923076923
E00148358,308,42,26,16,266,28,238,13.636363636363635,8.441558441558442,5.194805194805195,86.36363636363636,9.090909090909092,77.27272727272727
E00148359,308,57,21,36,251,26,225,18.506493506493506,6.8181818181818175,11.688311688311687,81.4935064935065,8.441558441558442,73.05194805194806
E00148360,294,48,16,32,246,26,220,16.3265306122449,5.442176870748299,10.884353741496598,83.6734693877551,8.843537414965986,74.82993197278913
E00148361,364,43,21,22,321,25,296,11.813186813186812,5.769230769230769,6.043956043956044,88.18681318681318,6.868131868131869,81.31868131868131
E00148362,226,48,19,29,178,20,158,21.238938053097346,8.4070796460177,12.831858407079647,78.76106194690266,8.849557522123893,69.91150442477876
E00148363,297,67,29,38,230,17,213,22.55892255892256,9.764309764309765,12.794612794612794,77.44107744107744,5.723905723905724,71.71717171717171
E00148364,219,47,27,20,172,13,159,21.461187214611872,12.32876712328767,9.1324200913242,78.53881278538812,5.93607305936073,72.6027397260274
E00148365,245,87,56,31,158,19,139,35.51020408163265,22.857142857142858,12.653061224489795,64.48979591836735,7.755102040816326,56.734693877551024
E00148366,342,62,25,37,280,35,245,18.128654970760234,7.309941520467836,10.818713450292398,81.87134502923976,10.23391812865497,71.6374269005848
E00148367,350,55,17,38,295,38,257,15.714285714285714,4.857142857142857,10.857142857142858,84.28571428571429,10.857142857142858,73.42857142857143
E00148368,408,56,15,41,352,34,318,13.725490196078432,3.6764705882352944,10.049019607843137,86.27450980392157,8.333333333333332,77.94117647058823
E00148369,276,42,16,26,234,27,207,15.217391304347828,5.797101449275362,9.420289855072465,84.78260869565217,9.782608695652174,75
E00148370,289,61,22,39,228,25,203,21.10726643598616,7.612456747404845,13.494809688581316,78.89273356401384,8.650519031141869,70.24221453287197
E00148371,328,58,32,26,270,26,244,17.682926829268293,9.75609756097561,7.926829268292683,82.3170731707317,7.926829268292683,74.39024390243902
E00148372,274,74,28,46,200,14,186,27.00729927007299,10.218978102189782,16.78832116788321,72.99270072992701,5.109489051094891,67.88321167883211
E00148373,419,62,17,45,357,38,319,14.797136038186157,4.05727923627685,10.739856801909307,85.20286396181385,9.069212410501192,76.13365155131265
E00148374,443,77,29,48,366,29,337,17.381489841986454,6.5462753950338595,10.835214446952596,82.61851015801355,6.5462753950338595,76.07223476297969
E00148375,487,112,47,65,375,33,342,22.99794661190965,9.650924024640657,13.347022587268995,77.00205338809035,6.7761806981519515,70.2258726899384
E00148376,226,75,34,41,151,13,138,33.1858407079646,15.04424778761062,18.141592920353983,66.8141592920354,5.752212389380531,61.06194690265486
E00148377,204,55,25,30,149,10,139,26.96078431372549,12.254901960784313,14.705882352941178,73.0392156862745,4.901960784313726,68.13725490196079
E00148378,356,96,51,45,260,20,240,26.96629213483146,14.325842696629213,12.640449438202248,73.03370786516854,5.617977528089887,67.41573033707866
E00148379,328,98,41,57,230,20,210,29.878048780487802,12.5,17.378048780487802,70.1219512195122,6.097560975609756,64.02439024390245
E00148380,412,115,57,58,297,25,272,27.9126213592233,13.834951456310678,14.077669902912621,72.0873786407767,6.067961165048544,66.01941747572816
E00148381,465,107,33,74,358,32,326,23.010752688172044,7.096774193548387,15.913978494623656,76.98924731182795,6.881720430107527,70.10752688172043
E00148382,257,55,18,37,202,20,182,21.40077821011673,7.003891050583658,14.396887159533073,78.59922178988327,7.782101167315175,70.8171206225681
E00148383,210,57,28,29,153,17,136,27.142857142857142,13.333333333333334,13.80952380952381,72.85714285714285,8.095238095238095,64.76190476190476
E00148384,584,123,51,72,461,46,415,21.06164383561644,8.732876712328768,12.32876712328767,78.93835616438356,7.876712328767123,71.06164383561644
E00148385,335,80,27,53,255,17,238,23.88059701492537,8.059701492537313,15.82089552238806,76.11940298507463,5.074626865671641,71.04477611940298
E00148386,246,76,32,44,170,20,150,30.89430894308943,13.008130081300814,17.88617886178862,69.10569105691057,8.130081300813007,60.97560975609756
E00148387,226,45,20,25,181,7,174,19.911504424778762,8.849557522123893,11.061946902654867,80.08849557522124,3.0973451327433628,76.99115044247787
E00148388,249,83,42,41,166,20,146,33.33333333333333,16.867469879518072,16.46586345381526,66.66666666666666,8.032128514056225,58.63453815261044
E00148389,330,102,45,57,228,19,209,30.909090909090907,13.636363636363635,17.272727272727273,69.0909090909091,5.757575757575758,63.33333333333333
E00148390,278,77,35,42,201,28,173,27.697841726618705,12.589928057553957,15.107913669064748,72.3021582733813,10.071942446043165,62.23021582733813
E00148391,329,72,29,43,257,16,241,21.88449848024316,8.814589665653495,13.069908814589665,78.11550151975683,4.86322188449848,73.25227963525836
E00148392,503,129,73,56,374,31,343,25.646123260437374,14.512922465208748,11.133200795228628,74.35387673956262,6.163021868787276,68.19085487077535
E00148394,288,69,33,36,219,14,205,23.958333333333336,11.458333333333332,12.5,76.04166666666666,4.861111111111112,71.18055555555556
E00148395,252,74,39,35,178,15,163,29.365079365079367,15.476190476190476,13.88888888888889,70.63492063492063,5.952380952380952,64.68253968253968
E00148396,401,69,22,47,332,27,305,17.206982543640898,5.486284289276807,11.72069825436409,82.7930174563591,6.733167082294264,76.05985037406484
E00148397,238,47,20,27,191,18,173,19.747899159663866,8.403361344537815,11.344537815126051,80.25210084033614,7.563025210084033,72.68907563025209
E00148398,477,89,33,56,388,31,357,18.658280922431867,6.918238993710692,11.740041928721174,81.34171907756813,6.498951781970649,74.84276729559748
E00148399,245,39,14,25,206,19,187,15.918367346938775,5.714285714285714,10.204081632653061,84.08163265306122,7.755102040816326,76.32653061224491
E00148400,224,51,24,27,173,19,154,22.767857142857142,10.714285714285714,12.053571428571429,77.23214285714286,8.482142857142858,68.75
E00148401,264,60,21,39,204,20,184,22.727272727272727,7.954545454545454,14.772727272727273,77.27272727272727,7.575757575757576,69.6969696969697
E00148402,148,27,8,19,121,12,109,18.243243243243242,5.405405405405405,12.837837837837837,81.75675675675676,8.108108108108109,73.64864864864865
E00148403,305,46,18,28,259,23,236,15.081967213114755,5.901639344262295,9.180327868852459,84.91803278688525,7.540983606557377,77.37704918032787
E00148404,192,45,17,28,147,16,131,23.4375,8.854166666666668,14.583333333333334,76.5625,8.333333333333332,68.22916666666666
E00148405,234,60,27,33,174,12,162,25.64102564102564,11.538461538461538,14.102564102564102,74.35897435897436,5.128205128205128,69.23076923076923
E00148406,277,47,15,32,230,28,202,16.967509025270758,5.415162454873646,11.552346570397113,83.03249097472924,10.108303249097473,72.92418772563177
E00148407,333,86,43,43,247,24,223,25.825825825825827,12.912912912912914,12.912912912912914,74.17417417417418,7.207207207207207,66.96696696696696
E00148408,315,69,32,37,246,25,221,21.904761904761905,10.158730158730158,11.746031746031745,78.0952380952381,7.936507936507936,70.15873015873015
E00148409,269,50,18,32,219,24,195,18.587360594795538,6.691449814126393,11.895910780669144,81.41263940520446,8.921933085501859,72.4907063197026
E00148411,449,74,24,50,375,39,336,16.481069042316257,5.3452115812917596,11.1358574610245,83.51893095768375,8.68596881959911,74.83296213808464
E00148412,343,67,25,42,276,35,241,19.533527696793,7.288629737609329,12.244897959183673,80.466472303207,10.204081632653061,70.26239067055393
E00148413,381,63,26,37,318,35,283,16.535433070866144,6.824146981627297,9.711286089238845,83.46456692913385,9.186351706036746,74.2782152230971
E00148414,326,58,19,39,268,27,241,17.791411042944784,5.828220858895705,11.96319018404908,82.20858895705521,8.282208588957054,73.92638036809815
E00148415,361,54,23,31,307,19,288,14.958448753462603,6.3711911357340725,8.587257617728532,85.0415512465374,5.263157894736842,79.77839335180056
E00148416,394,67,23,44,327,28,299,17.00507614213198,5.83756345177665,11.16751269035533,82.99492385786802,7.1065989847715745,75.88832487309645
E00148417,262,47,22,25,215,26,189,17.938931297709924,8.396946564885496,9.541984732824428,82.06106870229007,9.923664122137405,72.13740458015268
E00148418,142,21,10,11,121,18,103,14.788732394366196,7.042253521126761,7.746478873239436,85.2112676056338,12.676056338028168,72.53521126760563
E00148419,353,46,14,32,307,32,275,13.031161473087819,3.9660056657223794,9.06515580736544,86.96883852691218,9.06515580736544,77.90368271954674
E00148420,314,49,16,33,265,27,238,15.605095541401273,5.095541401273886,10.509554140127388,84.39490445859873,8.598726114649681,75.79617834394905
E00148421,211,45,21,24,166,15,151,21.32701421800948,9.95260663507109,11.374407582938389,78.67298578199052,7.109004739336493,71.56398104265402
E00148422,359,51,17,34,308,31,277,14.206128133704734,4.735376044568245,9.47075208913649,85.79387186629526,8.635097493036211,77.15877437325905
E00148423,230,44,16,28,186,12,174,19.130434782608695,6.956521739130435,12.173913043478262,80.8695652173913,5.217391304347826,75.65217391304347
E00148424,280,38,13,25,242,19,223,13.571428571428571,4.642857142857143,8.928571428571429,86.42857142857143,6.785714285714286,79.64285714285714
E00148425,333,89,52,37,244,23,221,26.726726726726728,15.615615615615615,11.11111111111111,73.27327327327328,6.906906906906906,66.36636636636636
E00148426,321,78,37,41,243,25,218,24.299065420560748,11.526479750778815,12.77258566978193,75.70093457943925,7.78816199376947,67.91277258566979
E00148427,318,43,16,27,275,30,245,13.522012578616351,5.031446540880504,8.49056603773585,86.47798742138365,9.433962264150944,77.04402515723271
E00148428,205,38,14,24,167,18,149,18.536585365853657,6.829268292682928,11.707317073170733,81.46341463414633,8.780487804878048,72.6829268292683
E00148429,515,143,66,77,372,37,335,27.766990291262132,12.815533980582524,14.951456310679612,72.23300970873787,7.184466019417475,65.0485436893204
E00148431,322,53,19,34,269,29,240,16.459627329192546,5.900621118012422,10.559006211180124,83.54037267080744,9.006211180124224,74.53416149068323
E00148432,302,33,10,23,269,16,253,10.927152317880795,3.3112582781456954,7.6158940397351,89.0728476821192,5.298013245033113,83.77483443708608
E00148433,292,60,30,30,232,19,213,20.54794520547945,10.273972602739725,10.273972602739725,79.45205479452055,6.506849315068493,72.94520547945206
E00148434,328,58,16,42,270,28,242,17.682926829268293,4.878048780487805,12.804878048780488,82.3170731707317,8.536585365853659,73.78048780487805
E00148435,286,48,16,32,238,28,210,16.783216783216783,5.594405594405594,11.188811188811188,83.21678321678321,9.79020979020979,73.42657342657343
E00148436,358,57,27,30,301,26,275,15.921787709497206,7.5418994413407825,8.379888268156424,84.07821229050279,7.262569832402235,76.81564245810057
E00148437,273,49,15,34,224,18,206,17.94871794871795,5.4945054945054945,12.454212454212454,82.05128205128204,6.593406593406594,75.45787545787546
E00148438,254,56,23,33,198,17,181,22.04724409448819,9.05511811023622,12.992125984251967,77.95275590551181,6.692913385826772,71.25984251968504
E00148439,289,64,23,41,225,24,201,22.145328719723185,7.958477508650519,14.186851211072666,77.85467128027682,8.304498269896193,69.55017301038062
E00148440,247,56,22,34,191,23,168,22.672064777327936,8.906882591093117,13.765182186234817,77.32793522267207,9.31174089068826,68.0161943319838
E00148441,281,66,31,35,215,9,206,23.487544483985765,11.032028469750891,12.455516014234876,76.51245551601423,3.202846975088968,73.30960854092527
E00148442,300,57,18,39,243,31,212,19,6,13,81,10.333333333333334,70.66666666666667
E00148443,294,48,16,32,246,22,224,16.3265306122449,5.442176870748299,10.884353741496598,83.6734693877551,7.482993197278912,76.19047619047619
E00148444,252,57,24,33,195,19,176,22.61904761904762,9.523809523809524,13.095238095238097,77.38095238095238,7.5396825396825395,69.84126984126983
E00148446,367,70,23,47,297,24,273,19.07356948228883,6.267029972752043,12.806539509536785,80.92643051771117,6.539509536784741,74.38692098092643
E00148447,299,47,24,23,252,23,229,15.719063545150503,8.02675585284281,7.6923076923076925,84.2809364548495,7.6923076923076925,76.58862876254182
E00148449,163,19,6,13,144,15,129,11.65644171779141,3.6809815950920246,7.975460122699387,88.34355828220859,9.202453987730062,79.14110429447852
E00148450,579,80,37,43,499,47,452,13.81692573402418,6.390328151986183,7.4265975820379975,86.18307426597582,8.117443868739207,78.06563039723662
E00148451,264,43,16,27,221,22,199,16.28787878787879,6.0606060606060606,10.227272727272728,83.71212121212122,8.333333333333332,75.37878787878788
E00148452,327,65,25,40,262,21,241,19.877675840978593,7.64525993883792,12.232415902140673,80.1223241590214,6.422018348623854,73.70030581039755
E00148453,285,34,12,22,251,27,224,11.929824561403509,4.2105263157894735,7.719298245614035,88.0701754385965,9.473684210526317,78.59649122807018
E00148454,285,53,24,29,232,27,205,18.596491228070175,8.421052631578947,10.175438596491228,81.40350877192982,9.473684210526317,71.9298245614035
E00148455,266,42,19,23,224,18,206,15.789473684210526,7.142857142857142,8.646616541353383,84.21052631578947,6.7669172932330826,77.44360902255639
E00148456,261,44,19,25,217,20,197,16.85823754789272,7.2796934865900385,9.578544061302683,83.14176245210729,7.662835249042145,75.47892720306514
E00148457,497,79,23,56,418,34,384,15.895372233400401,4.627766599597585,11.267605633802818,84.10462776659959,6.841046277665996,77.2635814889336
E00148458,197,33,12,21,164,21,143,16.751269035532996,6.091370558375635,10.65989847715736,83.24873096446701,10.65989847715736,72.58883248730965
E00148459,332,63,24,39,269,27,242,18.97590361445783,7.228915662650602,11.74698795180723,81.02409638554217,8.132530120481928,72.89156626506023
E00148461,263,47,8,39,216,24,192,17.870722433460077,3.041825095057034,14.82889733840304,82.12927756653993,9.125475285171103,73.00380228136882
E00148462,430,57,23,34,373,30,343,13.25581395348837,5.348837209302325,7.906976744186046,86.74418604651163,6.976744186046512,79.76744186046511
E00148463,164,30,9,21,134,7,127,18.29268292682927,5.487804878048781,12.804878048780488,81.70731707317073,4.2682926829268295,77.4390243902439
E00148464,220,35,7,28,185,25,160,15.909090909090908,3.1818181818181817,12.727272727272727,84.0909090909091,11.363636363636363,72.72727272727273
E00148465,370,68,27,41,302,42,260,18.37837837837838,7.297297297297297,11.081081081081082,81.62162162162161,11.351351351351353,70.27027027027027
E00148466,360,66,16,50,294,24,270,18.333333333333332,4.444444444444445,13.88888888888889,81.66666666666667,6.666666666666667,75
E00148467,344,64,19,45,280,28,252,18.6046511627907,5.523255813953488,13.08139534883721,81.3953488372093,8.13953488372093,73.25581395348837
E00148468,324,68,27,41,256,39,217,20.98765432098765,8.333333333333332,12.654320987654321,79.01234567901234,12.037037037037036,66.9753086419753
E00148469,373,58,21,37,315,25,290,15.549597855227882,5.630026809651475,9.919571045576408,84.45040214477211,6.702412868632708,77.7479892761394
E00148470,440,47,17,30,393,32,361,10.681818181818182,3.8636363636363633,6.8181818181818175,89.31818181818181,7.2727272727272725,82.04545454545455
E00148471,338,38,10,28,300,29,271,11.242603550295858,2.9585798816568047,8.284023668639055,88.75739644970415,8.579881656804734,80.1775147928994
E00148472,240,45,10,35,195,31,164,18.75,4.166666666666666,14.583333333333334,81.25,12.916666666666668,68.33333333333333
E00148473,276,48,24,24,228,21,207,17.391304347826086,8.695652173913043,8.695652173913043,82.6086956521739,7.608695652173914,75
E00148474,342,47,15,32,295,33,262,13.742690058479532,4.385964912280701,9.35672514619883,86.25730994152046,9.649122807017543,76.60818713450293
E00148475,364,52,16,36,312,32,280,14.285714285714285,4.395604395604396,9.89010989010989,85.71428571428571,8.791208791208792,76.92307692307693
E00148476,275,42,9,33,233,23,210,15.272727272727273,3.272727272727273,12,84.72727272727273,8.363636363636363,76.36363636363637
E00148477,290,46,20,26,244,24,220,15.862068965517242,6.896551724137931,8.96551724137931,84.13793103448276,8.275862068965518,75.86206896551724
E00148478,349,51,14,37,298,25,273,14.613180515759314,4.011461318051576,10.601719197707736,85.38681948424069,7.163323782234957,78.22349570200574
E00148479,400,59,19,40,341,35,306,14.75,4.75,10,85.25,8.75,76.5
E00148480,263,53,24,29,210,21,189,20.15209125475285,9.125475285171103,11.02661596958175,79.84790874524715,7.984790874524715,71.86311787072243
E00148481,282,55,24,31,227,28,199,19.50354609929078,8.51063829787234,10.99290780141844,80.49645390070921,9.929078014184398,70.56737588652481
E00148482,345,63,27,36,282,23,259,18.26086956521739,7.82608695652174,10.434782608695652,81.73913043478261,6.666666666666667,75.07246376811594
E00148483,330,63,25,38,267,30,237,19.090909090909093,7.575757575757576,11.515151515151516,80.9090909090909,9.090909090909092,71.81818181818181
E00148484,250,38,13,25,212,24,188,15.2,5.2,10,84.8,9.6,75.2
E00148485,387,61,16,45,326,37,289,15.762273901808785,4.1343669250646,11.627906976744185,84.23772609819122,9.560723514211885,74.67700258397933
E00148486,368,59,21,38,309,41,268,16.032608695652172,5.706521739130435,10.326086956521738,83.96739130434783,11.141304347826086,72.82608695652173
E00148487,272,58,22,36,214,21,193,21.323529411764707,8.088235294117647,13.23529411764706,78.67647058823529,7.720588235294118,70.95588235294117
E00148488,305,55,21,34,250,28,222,18.0327868852459,6.885245901639345,11.147540983606557,81.9672131147541,9.180327868852459,72.78688524590164
E00148489,313,59,17,42,254,30,224,18.849840255591054,5.431309904153355,13.418530351437699,81.15015974440894,9.584664536741213,71.56549520766772
E00148490,308,77,40,37,231,24,207,25,12.987012987012985,12.012987012987013,75,7.792207792207792,67.20779220779221
E00148491,343,99,52,47,244,19,225,28.86297376093295,15.160349854227405,13.702623906705538,71.13702623906705,5.539358600583091,65.59766763848397
E00148492,491,86,37,49,405,33,372,17.515274949083505,7.535641547861507,9.979633401221996,82.4847250509165,6.720977596741344,75.76374745417516
E00148493,293,66,29,37,227,25,202,22.525597269624573,9.897610921501707,12.627986348122866,77.47440273037543,8.532423208191126,68.94197952218431
E00165959,331,74,26,48,257,17,240,22.356495468277945,7.854984894259818,14.501510574018129,77.64350453172206,5.13595166163142,72.50755287009063
E00165964,300,41,14,27,259,26,233,13.666666666666666,4.666666666666667,9,86.33333333333333,8.666666666666668,77.66666666666666
E00165969,196,21,5,16,175,13,162,10.714285714285714,2.5510204081632653,8.16326530612245,89.28571428571429,6.63265306122449,82.6530612244898
E00165971,273,52,15,37,221,15,206,19.047619047619047,5.4945054945054945,13.553113553113553,80.95238095238095,5.4945054945054945,75.45787545787546
E00165972,304,47,15,32,257,16,241,15.460526315789474,4.934210526315789,10.526315789473683,84.53947368421053,5.263157894736842,79.27631578947368
E00165974,363,40,15,25,323,18,305,11.019283746556475,4.132231404958678,6.887052341597796,88.98071625344353,4.958677685950414,84.02203856749311
E00165975,479,103,65,38,376,27,349,21.50313152400835,13.569937369519833,7.933194154488518,78.49686847599166,5.6367432150313155,72.86012526096033
E00165977,427,60,15,45,367,24,343,14.05152224824356,3.51288056206089,10.53864168618267,85.94847775175644,5.620608899297424,80.32786885245902
E00165979,292,48,17,31,244,14,230,16.43835616438356,5.821917808219178,10.616438356164384,83.56164383561644,4.794520547945205,78.76712328767124
E00165980,250,20,4,16,230,20,210,8,1.6,6.4,92,8,84
E00165982,434,60,18,42,374,38,336,13.82488479262673,4.147465437788019,9.67741935483871,86.17511520737328,8.755760368663594,77.41935483870968
E00165984,274,26,8,18,248,19,229,9.48905109489051,2.9197080291970803,6.569343065693431,90.51094890510949,6.934306569343065,83.57664233576642
E00165986,333,40,13,27,293,22,271,12.012012012012011,3.903903903903904,8.108108108108109,87.98798798798799,6.606606606606606,81.38138138138137
E00165987,321,62,31,31,259,17,242,19.314641744548286,9.657320872274143,9.657320872274143,80.68535825545172,5.29595015576324,75.38940809968847
E00165988,279,55,19,36,224,12,212,19.71326164874552,6.810035842293908,12.903225806451612,80.28673835125448,4.301075268817205,75.98566308243727
E00165991,314,55,13,42,259,23,236,17.51592356687898,4.140127388535031,13.375796178343949,82.48407643312102,7.32484076433121,75.15923566878982
E00165992,295,31,13,18,264,24,240,10.508474576271185,4.406779661016949,6.101694915254238,89.49152542372882,8.135593220338983,81.35593220338984
E00165993,554,69,20,49,485,45,440,12.454873646209386,3.6101083032490973,8.844765342960288,87.54512635379061,8.12274368231047,79.42238267148014
E00165995,270,30,11,19,240,19,221,11.11111111111111,4.074074074074074,7.037037037037037,88.88888888888889,7.037037037037037,81.85185185185185
E00186528,467,67,34,33,400,35,365,14.346895074946467,7.28051391862955,7.066381156316917,85.65310492505354,7.494646680942184,78.15845824411134
E00186534,617,75,19,56,542,35,507,12.155591572123177,3.079416531604538,9.076175040518638,87.84440842787681,5.6726094003241485,82.17179902755267
E00186538,158,16,8,8,142,9,133,10.126582278481013,5.063291139240507,5.063291139240507,89.87341772151899,5.69620253164557,84.17721518987342
E00186543,551,71,24,47,480,41,439,12.885662431941924,4.3557168784029034,8.52994555353902,87.11433756805808,7.441016333938294,79.67332123411978
E00186544,415,86,37,49,329,25,304,20.722891566265062,8.91566265060241,11.80722891566265,79.27710843373494,6.024096385542169,73.25301204819277
E00186545,128,33,15,18,95,7,88,25.78125,11.71875,14.0625,74.21875,5.46875,68.75
E00186547,138,14,6,8,124,11,113,10.144927536231885,4.3478260869565215,5.797101449275362,89.85507246376811,7.971014492753622,81.88405797101449
E00186548,493,48,14,34,445,42,403,9.73630831643002,2.839756592292089,6.896551724137931,90.26369168356997,8.519269776876268,81.7444219066937
E00186549,417,22,6,16,395,25,370,5.275779376498801,1.4388489208633095,3.8369304556354913,94.7242206235012,5.995203836930456,88.72901678657075
E00186550,486,43,10,33,443,28,415,8.847736625514404,2.05761316872428,6.790123456790123,91.1522633744856,5.761316872427984,85.39094650205762
E00186551,198,20,10,10,178,13,165,10.1010101010101,5.05050505050505,5.05050505050505,89.8989898989899,6.565656565656567,83.33333333333334
E00186556,459,91,39,52,368,38,330,19.825708061002178,8.49673202614379,11.328976034858387,80.17429193899783,8.278867102396514,71.89542483660131
E00186557,183,45,20,25,138,12,126,24.59016393442623,10.92896174863388,13.661202185792352,75.40983606557377,6.557377049180328,68.85245901639344
E00186558,387,55,21,34,332,20,312,14.21188630490956,5.426356589147287,8.785529715762273,85.78811369509044,5.167958656330749,80.62015503875969
E00186562,168,44,17,27,124,10,114,26.190476190476193,10.119047619047619,16.071428571428573,73.80952380952381,5.952380952380952,67.85714285714286
E00186565,551,74,22,52,477,36,441,13.430127041742287,3.9927404718693285,9.43738656987296,86.5698729582577,6.533575317604355,80.03629764065336
E00186566,203,72,20,52,131,8,123,35.467980295566505,9.852216748768473,25.615763546798032,64.5320197044335,3.9408866995073892,60.591133004926114
E00186567,269,39,14,25,230,13,217,14.49814126394052,5.204460966542751,9.293680297397769,85.50185873605948,4.83271375464684,80.66914498141264
E00186569,270,40,13,27,230,23,207,14.814814814814813,4.814814814814815,10,85.18518518518519,8.518518518518519,76.66666666666667
E00186572,119,16,7,9,103,10,93,13.445378151260504,5.88235294117647,7.563025210084033,86.5546218487395,8.403361344537815,78.15126050420169
E00186578,376,55,27,28,321,11,310,14.627659574468085,7.180851063829788,7.446808510638298,85.37234042553192,2.925531914893617,82.4468085106383
E00186580,118,20,10,10,98,7,91,16.94915254237288,8.47457627118644,8.47457627118644,83.05084745762711,5.932203389830509,77.11864406779661
E00186583,347,59,23,36,288,34,254,17.002881844380404,6.628242074927954,10.37463976945245,82.9971181556196,9.798270893371757,73.19884726224784
E00186588,230,33,6,27,197,12,185,14.347826086956522,2.608695652173913,11.73913043478261,85.65217391304348,5.217391304347826,80.43478260869566
E00186589,224,43,16,27,181,13,168,19.196428571428573,7.142857142857142,12.053571428571429,80.80357142857143,5.803571428571429,75
E00186598,273,35,13,22,238,18,220,12.82051282051282,4.761904761904762,8.058608058608058,87.17948717948718,6.593406593406594,80.58608058608058
E00186601,125,18,4,14,107,10,97,14.399999999999999,3.2,11.200000000000001,85.6,8,77.60000000000001
E00186610,506,50,20,30,456,42,414,9.881422924901186,3.9525691699604746,5.928853754940711,90.11857707509881,8.300395256916996,81.81818181818183
E00186612,144,34,11,23,110,6,104,23.61111111111111,7.638888888888889,15.972222222222221,76.38888888888889,4.166666666666666,72.22222222222221
E00186613,350,88,63,25,262,27,235,25.142857142857146,18,7.142857142857142,74.85714285714286,7.7142857142857135,67.14285714285714
E00186614,117,27,15,12,90,8,82,23.076923076923077,12.82051282051282,10.256410256410255,76.92307692307693,6.837606837606838,70.08547008547008
E00186616,189,40,14,26,149,14,135,21.164021164021165,7.4074074074074066,13.756613756613756,78.83597883597884,7.4074074074074066,71.42857142857143
E00186627,521,35,7,28,486,33,453,6.71785028790787,1.3435700575815739,5.3742802303262955,93.28214971209214,6.333973128598848,86.9481765834933
E00186634,191,95,81,14,96,6,90,49.73821989528796,42.40837696335078,7.329842931937172,50.26178010471204,3.1413612565445024,47.12041884816754
E00186637,182,24,5,19,158,12,146,13.186813186813188,2.7472527472527473,10.43956043956044,86.81318681318682,6.593406593406594,80.21978021978022
E00186639,266,39,12,27,227,18,209,14.661654135338345,4.511278195488721,10.150375939849624,85.33834586466166,6.7669172932330826,78.57142857142857
E00186645,195,55,31,24,140,9,131,28.205128205128204,15.897435897435896,12.307692307692308,71.7948717948718,4.615384615384616,67.17948717948717
E00186646,505,52,14,38,453,36,417,10.297029702970297,2.7722772277227725,7.524752475247524,89.70297029702971,7.128712871287128,82.57425742574257
E00186654,600,90,46,44,510,48,462,15,7.666666666666666,7.333333333333333,85,8,77
