OA,ts0590001,ts0590002,ts0590003,ts0590004,ts0590005,ts0590006,ts0590007,ts0590002_PCT,ts0590003_PCT,ts0590004_PCT,ts0590005_PCT,ts0590006_PCT,ts0590007_PCT
E00094642,142,49,13,36,93,80,13,34.50704225352113,9.15492957746479,25.352112676056336,65.49295774647888,56.33802816901409,9.15492957746479
E00094643,126,41,11,30,85,70,15,32.53968253968254,8.73015873015873,23.809523809523807,67.46031746031747,55.55555555555556,11.904761904761903
E00094644,79,32,10,22,47,40,7,40.50632911392405,12.658227848101266,27.848101265822784,59.49367088607595,50.63291139240506,8.860759493670885
E00094645,105,38,9,29,67,55,12,36.19047619047619,8.571428571428571,27.61904761904762,63.8095238095238,52.38095238095239,11.428571428571429
E00094646,194,51,11,40,143,128,15,26.288659793814436,5.670103092783505,20.618556701030926,73.71134020618557,65.97938144329896,7.731958762886598
E00094647,124,39,14,25,85,70,15,31.451612903225808,11.29032258064516,20.161290322580644,68.54838709677419,56.451612903225815,12.096774193548388
E00094648,142,39,9,30,103,83,20,27.464788732394368,6.338028169014084,21.12676056338028,72.53521126760563,58.45070422535211,14.084507042253522
E00094650,93,30,9,21,63,49,14,32.25806451612903,9.67741935483871,22.58064516129032,67.74193548387096,52.68817204301075,15.053763440860216
E00094651,127,51,20,31,76,63,13,40.15748031496063,15.748031496062993,24.409448818897637,59.84251968503938,49.60629921259843,10.236220472440944
E00094652,86,31,12,19,55,37,18,36.04651162790697,13.953488372093023,22.093023255813954,63.95348837209303,43.02325581395349,20.930232558139537
E00094653,128,39,11,28,89,76,13,30.46875,8.59375,21.875,69.53125,59.375,10.15625
E00094655,221,70,23,47,151,115,36,31.674208144796378,10.407239819004525,21.266968325791854,68.32579185520362,52.03619909502263,16.289592760180994
E00094656,213,81,27,54,132,114,18,38.028169014084504,12.676056338028168,25.352112676056336,61.97183098591549,53.52112676056338,8.450704225352112
E00094657,139,44,14,30,95,80,15,31.654676258992804,10.071942446043165,21.58273381294964,68.34532374100719,57.55395683453237,10.79136690647482
E00094658,120,39,12,27,81,68,13,32.5,10,22.5,67.5,56.666666666666664,10.833333333333334
E00094659,119,49,13,36,70,59,11,41.17647058823529,10.92436974789916,30.252100840336134,58.82352941176471,49.57983193277311,9.243697478991598
E00094660,165,56,23,33,109,90,19,33.939393939393945,13.939393939393941,20,66.06060606060606,54.54545454545454,11.515151515151516
E00094661,152,38,11,27,114,91,23,25,7.236842105263158,17.763157894736842,75,59.86842105263158,15.131578947368421
E00094662,153,58,24,34,95,75,20,37.908496732026144,15.686274509803921,22.22222222222222,62.091503267973856,49.01960784313725,13.071895424836603
E00094663,157,61,26,35,96,77,19,38.853503184713375,16.560509554140125,22.29299363057325,61.146496815286625,49.044585987261144,12.101910828025478
E00094664,119,54,15,39,65,50,15,45.378151260504204,12.605042016806722,32.773109243697476,54.621848739495796,42.016806722689076,12.605042016806722
E00094665,49,24,3,21,25,21,4,48.97959183673469,6.122448979591836,42.857142857142854,51.02040816326531,42.857142857142854,8.16326530612245
E00094666,106,35,16,19,71,56,15,33.0188679245283,15.09433962264151,17.92452830188679,66.98113207547169,52.83018867924528,14.150943396226415
E00094667,159,58,18,40,101,80,21,36.477987421383645,11.320754716981133,25.157232704402517,63.52201257861635,50.314465408805034,13.20754716981132
E00094668,91,39,14,25,52,43,9,42.857142857142854,15.384615384615385,27.472527472527474,57.14285714285714,47.25274725274725,9.89010989010989
E00094669,132,55,25,30,77,68,9,41.66666666666667,18.939393939393938,22.727272727272727,58.333333333333336,51.515151515151516,6.8181818181818175
E00094670,136,45,18,27,91,65,26,33.088235294117645,13.23529411764706,19.852941176470587,66.91176470588235,47.794117647058826,19.11764705882353
E00094671,76,29,8,21,47,39,8,38.15789473684211,10.526315789473683,27.631578947368425,61.8421052631579,51.31578947368421,10.526315789473683
E00094672,103,41,14,27,62,51,11,39.80582524271845,13.592233009708737,26.21359223300971,60.19417475728155,49.51456310679612,10.679611650485436
E00094673,135,57,25,32,78,61,17,42.22222222222222,18.51851851851852,23.703703703703706,57.77777777777777,45.18518518518518,12.592592592592592
E00094674,121,34,10,24,87,68,19,28.09917355371901,8.264462809917356,19.834710743801654,71.900826446281,56.19834710743802,15.702479338842975
E00094675,84,37,10,27,47,38,9,44.047619047619044,11.904761904761903,32.142857142857146,55.952380952380956,45.23809523809524,10.714285714285714
E00094676,242,77,25,52,165,128,37,31.818181818181817,10.330578512396695,21.487603305785125,68.18181818181817,52.892561983471076,15.289256198347106
E00094677,159,55,22,33,104,84,20,34.59119496855346,13.836477987421384,20.754716981132077,65.40880503144653,52.83018867924528,12.578616352201259
E00094679,145,48,16,32,97,73,24,33.10344827586207,11.03448275862069,22.06896551724138,66.89655172413794,50.3448275862069,16.551724137931036
E00094680,123,39,13,26,84,65,19,31.70731707317073,10.569105691056912,21.138211382113823,68.29268292682927,52.84552845528455,15.447154471544716
E00094681,152,56,22,34,96,82,14,36.84210526315789,14.473684210526317,22.36842105263158,63.1578947368421,53.94736842105263,9.210526315789473
E00094682,191,74,33,41,117,95,22,38.7434554973822,17.277486910994764,21.465968586387437,61.25654450261781,49.73821989528796,11.518324607329843
E00094683,147,51,26,25,96,77,19,34.69387755102041,17.687074829931973,17.006802721088434,65.3061224489796,52.38095238095239,12.925170068027212
E00094684,192,75,36,39,117,79,38,39.0625,18.75,20.3125,60.9375,41.14583333333333,19.791666666666664
E00094685,129,45,10,35,84,66,18,34.883720930232556,7.751937984496124,27.131782945736433,65.11627906976744,51.162790697674424,13.953488372093023
E00094686,148,55,21,34,93,80,13,37.16216216216216,14.18918918918919,22.972972972972975,62.83783783783784,54.054054054054056,8.783783783783784
E00094687,207,73,23,50,134,119,15,35.26570048309179,11.11111111111111,24.154589371980677,64.73429951690821,57.48792270531401,7.246376811594203
E00094688,172,61,22,39,111,92,19,35.46511627906977,12.790697674418606,22.674418604651162,64.53488372093024,53.48837209302325,11.046511627906977
E00094689,172,48,17,31,124,79,45,27.906976744186046,9.883720930232558,18.023255813953487,72.09302325581395,45.93023255813954,26.16279069767442
E00094690,147,55,18,37,92,71,21,37.41496598639456,12.244897959183673,25.170068027210885,62.585034013605444,48.29931972789115,14.285714285714285
E00094691,239,88,29,59,151,123,28,36.82008368200837,12.133891213389122,24.686192468619247,63.17991631799163,51.46443514644351,11.715481171548117
E00094692,117,38,13,25,79,61,18,32.47863247863248,11.11111111111111,21.367521367521366,67.52136752136752,52.13675213675214,15.384615384615385
E00094693,189,72,21,51,117,79,38,38.095238095238095,11.11111111111111,26.984126984126984,61.904761904761905,41.7989417989418,20.105820105820104
E00094694,114,31,15,16,83,68,15,27.192982456140353,13.157894736842104,14.035087719298245,72.80701754385966,59.64912280701754,13.157894736842104
E00094695,90,36,17,19,54,45,9,40,18.88888888888889,21.11111111111111,60,50,10
E00094696,191,69,27,42,122,90,32,36.12565445026178,14.136125654450263,21.98952879581152,63.87434554973822,47.12041884816754,16.75392670157068
E00094697,132,47,18,29,85,65,20,35.60606060606061,13.636363636363635,21.96969696969697,64.39393939393939,49.24242424242424,15.151515151515152
E00094698,156,59,24,35,97,82,15,37.82051282051282,15.384615384615385,22.435897435897438,62.17948717948718,52.56410256410257,9.615384615384617
E00094699,169,61,28,33,108,83,25,36.09467455621302,16.56804733727811,19.526627218934912,63.905325443786985,49.112426035502956,14.792899408284024
E00094700,150,60,21,39,90,59,31,40,14.000000000000002,26,60,39.33333333333333,20.666666666666668
E00094701,113,38,10,28,75,55,20,33.6283185840708,8.849557522123893,24.778761061946902,66.3716814159292,48.67256637168141,17.699115044247787
E00094702,80,46,27,19,34,27,7,57.49999999999999,33.75,23.75,42.5,33.75,8.75
E00094703,76,38,18,20,38,26,12,50,23.684210526315788,26.31578947368421,50,34.21052631578947,15.789473684210526
E00094704,85,30,15,15,55,43,12,35.294117647058826,17.647058823529413,17.647058823529413,64.70588235294117,50.588235294117645,14.117647058823529
E00094705,83,29,12,17,54,35,19,34.93975903614458,14.457831325301203,20.481927710843372,65.06024096385542,42.168674698795186,22.89156626506024
E00094706,143,51,17,34,92,73,19,35.66433566433567,11.888111888111888,23.776223776223777,64.33566433566433,51.048951048951054,13.286713286713287
E00094707,146,58,24,34,88,77,11,39.726027397260275,16.43835616438356,23.28767123287671,60.273972602739725,52.73972602739726,7.534246575342466
E00094708,77,28,15,13,49,41,8,36.36363636363637,19.480519480519483,16.883116883116884,63.63636363636363,53.246753246753244,10.38961038961039
E00094709,130,46,16,30,84,63,21,35.38461538461539,12.307692307692308,23.076923076923077,64.61538461538461,48.46153846153846,16.153846153846153
E00094711,107,39,13,26,68,58,10,36.44859813084112,12.149532710280374,24.299065420560748,63.55140186915887,54.20560747663551,9.345794392523365
E00094712,81,26,11,15,55,41,14,32.098765432098766,13.580246913580247,18.51851851851852,67.90123456790124,50.617283950617285,17.28395061728395
E00094713,117,39,22,17,78,63,15,33.33333333333333,18.803418803418804,14.529914529914532,66.66666666666666,53.84615384615385,12.82051282051282
E00094714,256,94,32,62,162,129,33,36.71875,12.5,24.21875,63.28125,50.390625,12.890625
E00094715,198,63,24,39,135,96,39,31.818181818181817,12.121212121212121,19.696969696969695,68.18181818181817,48.484848484848484,19.696969696969695
E00094716,157,49,22,27,108,94,14,31.210191082802545,14.012738853503185,17.197452229299362,68.78980891719745,59.87261146496815,8.9171974522293
E00094717,215,58,14,44,157,131,26,26.976744186046513,6.511627906976744,20.46511627906977,73.0232558139535,60.93023255813953,12.093023255813954
E00094718,103,50,16,34,53,38,15,48.54368932038835,15.53398058252427,33.00970873786408,51.45631067961165,36.89320388349515,14.563106796116504
E00094719,136,56,18,38,80,48,32,41.17647058823529,13.23529411764706,27.941176470588236,58.82352941176471,35.294117647058826,23.52941176470588
E00094720,89,33,13,20,56,43,13,37.07865168539326,14.606741573033707,22.47191011235955,62.92134831460674,48.31460674157304,14.606741573033707
E00094721,93,27,12,15,66,44,22,29.03225806451613,12.903225806451612,16.129032258064516,70.96774193548387,47.31182795698925,23.655913978494624
E00094722,43,16,10,6,27,22,5,37.2093023255814,23.25581395348837,13.953488372093023,62.7906976744186,51.162790697674424,11.627906976744185
E00094723,108,42,17,25,66,52,14,38.88888888888889,15.74074074074074,23.14814814814815,61.111111111111114,48.148148148148145,12.962962962962962
E00094724,103,40,19,21,63,47,16,38.83495145631068,18.446601941747574,20.388349514563107,61.165048543689316,45.63106796116505,15.53398058252427
E00094725,118,36,17,19,82,55,27,30.508474576271187,14.40677966101695,16.101694915254235,69.49152542372882,46.61016949152542,22.88135593220339
E00094726,164,59,20,39,105,79,26,35.97560975609756,12.195121951219512,23.78048780487805,64.02439024390245,48.170731707317074,15.853658536585366
E00094727,39,10,3,7,29,20,9,25.64102564102564,7.6923076923076925,17.94871794871795,74.35897435897436,51.28205128205128,23.076923076923077
E00094728,62,25,7,18,37,24,13,40.32258064516129,11.29032258064516,29.03225806451613,59.67741935483871,38.70967741935484,20.967741935483872
E00094729,67,29,15,14,38,35,3,43.28358208955223,22.388059701492537,20.8955223880597,56.71641791044776,52.23880597014925,4.477611940298507
E00094730,65,22,7,15,43,31,12,33.84615384615385,10.76923076923077,23.076923076923077,66.15384615384615,47.69230769230769,18.461538461538463
E00094731,70,30,13,17,40,28,12,42.857142857142854,18.571428571428573,24.285714285714285,57.14285714285714,40,17.142857142857142
E00094732,145,57,21,36,88,54,34,39.310344827586206,14.482758620689657,24.82758620689655,60.689655172413794,37.24137931034483,23.448275862068964
E00094733,123,52,26,26,71,47,24,42.27642276422765,21.138211382113823,21.138211382113823,57.72357723577236,38.21138211382114,19.51219512195122
E00094734,137,53,29,24,84,63,21,38.68613138686132,21.16788321167883,17.51824817518248,61.31386861313869,45.98540145985402,15.328467153284672
E00094735,150,53,16,37,97,86,11,35.333333333333336,10.666666666666668,24.666666666666668,64.66666666666666,57.333333333333336,7.333333333333333
E00094736,164,43,13,30,121,104,17,26.21951219512195,7.926829268292683,18.29268292682927,73.78048780487805,63.41463414634146,10.365853658536585
E00094737,234,73,26,47,161,135,26,31.196581196581196,11.11111111111111,20.085470085470085,68.80341880341881,57.692307692307686,11.11111111111111
E00094738,154,37,10,27,117,95,22,24.025974025974026,6.493506493506493,17.532467532467532,75.97402597402598,61.68831168831169,14.285714285714285
E00094739,108,47,12,35,61,51,10,43.51851851851852,11.11111111111111,32.407407407407405,56.481481481481474,47.22222222222222,9.25925925925926
E00094740,255,83,22,61,172,145,27,32.549019607843135,8.627450980392156,23.92156862745098,67.45098039215686,56.86274509803921,10.588235294117647
E00094741,137,44,13,31,93,83,10,32.11678832116788,9.48905109489051,22.62773722627737,67.88321167883211,60.58394160583942,7.2992700729927
E00094742,181,47,10,37,134,120,14,25.96685082872928,5.524861878453039,20.441988950276244,74.03314917127072,66.29834254143645,7.734806629834254
E00094743,127,44,16,28,83,63,20,34.645669291338585,12.598425196850393,22.04724409448819,65.35433070866141,49.60629921259843,15.748031496062993
E00094744,90,32,10,22,58,52,6,35.55555555555556,11.11111111111111,24.444444444444443,64.44444444444444,57.77777777777777,6.666666666666667
E00094745,59,24,5,19,35,25,10,40.67796610169492,8.47457627118644,32.20338983050847,59.32203389830508,42.3728813559322,16.94915254237288
E00094746,277,92,29,63,185,158,27,33.2129963898917,10.469314079422382,22.743682310469314,66.78700361010831,57.03971119133574,9.747292418772563
E00094748,138,43,10,33,95,83,12,31.15942028985507,7.246376811594203,23.91304347826087,68.84057971014492,60.14492753623188,8.695652173913043
E00094749,109,40,10,30,69,58,11,36.69724770642202,9.174311926605505,27.522935779816514,63.30275229357798,53.21100917431193,10.091743119266056
E00094750,146,50,11,39,96,80,16,34.24657534246575,7.534246575342466,26.71232876712329,65.75342465753424,54.794520547945204,10.95890410958904
E00094751,146,43,14,29,103,85,18,29.45205479452055,9.58904109589041,19.863013698630137,70.54794520547945,58.21917808219178,12.32876712328767
E00094752,114,38,21,17,76,60,16,33.33333333333333,18.421052631578945,14.912280701754385,66.66666666666666,52.63157894736842,14.035087719298245
E00094753,132,36,15,21,96,77,19,27.27272727272727,11.363636363636363,15.909090909090908,72.72727272727273,58.333333333333336,14.393939393939394
E00094754,150,53,22,31,97,75,22,35.333333333333336,14.666666666666666,20.666666666666668,64.66666666666666,50,14.666666666666666
E00094755,139,56,16,40,83,66,17,40.28776978417266,11.510791366906476,28.776978417266186,59.71223021582733,47.482014388489205,12.23021582733813
E00094756,122,49,19,30,73,61,12,40.16393442622951,15.573770491803279,24.59016393442623,59.83606557377049,50,9.836065573770492
E00094757,107,41,14,27,66,47,19,38.31775700934579,13.084112149532709,25.233644859813083,61.6822429906542,43.925233644859816,17.75700934579439
E00094758,169,47,25,22,122,91,31,27.810650887573964,14.792899408284024,13.017751479289942,72.18934911242604,53.84615384615385,18.34319526627219
E00094759,159,55,13,42,104,84,20,34.59119496855346,8.176100628930817,26.41509433962264,65.40880503144653,52.83018867924528,12.578616352201259
E00094760,188,67,13,54,121,100,21,35.638297872340424,6.914893617021277,28.723404255319153,64.36170212765957,53.191489361702125,11.170212765957446
E00094761,146,48,13,35,98,88,10,32.87671232876712,8.904109589041095,23.972602739726025,67.12328767123287,60.273972602739725,6.8493150684931505
E00094762,89,28,8,20,61,54,7,31.46067415730337,8.98876404494382,22.47191011235955,68.53932584269663,60.67415730337079,7.865168539325842
E00094763,72,20,6,14,52,48,4,27.77777777777778,8.333333333333332,19.444444444444446,72.22222222222221,66.66666666666666,5.555555555555555
E00094764,135,55,21,34,80,66,14,40.74074074074074,15.555555555555555,25.185185185185183,59.25925925925925,48.888888888888886,10.37037037037037
E00094765,65,27,9,18,38,24,14,41.53846153846154,13.846153846153847,27.692307692307693,58.46153846153847,36.92307692307693,21.53846153846154
E00094766,108,41,14,27,67,49,18,37.96296296296296,12.962962962962962,25,62.03703703703704,45.370370370370374,16.666666666666664
E00094767,79,31,14,17,48,32,16,39.24050632911392,17.72151898734177,21.518987341772153,60.75949367088608,40.50632911392405,20.253164556962027
E00094768,112,45,14,31,67,56,11,40.17857142857143,12.5,27.67857142857143,59.82142857142857,50,9.821428571428571
E00094769,108,49,14,35,59,51,8,45.370370370370374,12.962962962962962,32.407407407407405,54.629629629629626,47.22222222222222,7.4074074074074066
E00094770,90,36,12,24,54,41,13,40,13.333333333333334,26.666666666666668,60,45.55555555555556,14.444444444444443
E00094771,74,33,12,21,41,36,5,44.5945945945946,16.216216216216218,28.37837837837838,55.4054054054054,48.64864864864865,6.756756756756757
E00094772,76,31,15,16,45,33,12,40.78947368421053,19.736842105263158,21.052631578947366,59.210526315789465,43.42105263157895,15.789473684210526
E00094773,79,33,14,19,46,37,9,41.77215189873418,17.72151898734177,24.050632911392405,58.22784810126582,46.835443037974684,11.39240506329114
E00094774,69,31,16,15,38,24,14,44.927536231884055,23.18840579710145,21.73913043478261,55.072463768115945,34.78260869565217,20.28985507246377
E00094775,143,55,18,37,88,69,19,38.46153846153847,12.587412587412588,25.874125874125873,61.53846153846154,48.25174825174825,13.286713286713287
E00094777,74,24,4,20,50,44,6,32.432432432432435,5.405405405405405,27.027027027027028,67.56756756756756,59.45945945945946,8.108108108108109
E00094778,161,63,25,38,98,76,22,39.130434782608695,15.527950310559005,23.60248447204969,60.86956521739131,47.20496894409938,13.664596273291925
E00094779,114,52,18,34,62,51,11,45.614035087719294,15.789473684210526,29.82456140350877,54.385964912280706,44.73684210526316,9.649122807017543
E00094780,80,34,16,18,46,35,11,42.5,20,22.5,57.49999999999999,43.75,13.750000000000002
E00094781,110,33,12,21,77,59,18,30,10.909090909090908,19.090909090909093,70,53.63636363636364,16.363636363636363
E00094782,115,38,8,30,77,63,14,33.04347826086956,6.956521739130435,26.08695652173913,66.95652173913044,54.78260869565217,12.173913043478262
E00094783,71,28,13,15,43,37,6,39.436619718309856,18.30985915492958,21.12676056338028,60.56338028169014,52.112676056338024,8.450704225352112
E00094784,145,52,19,33,93,79,14,35.86206896551724,13.10344827586207,22.758620689655174,64.13793103448275,54.48275862068965,9.655172413793103
E00094785,193,90,50,40,103,80,23,46.63212435233161,25.906735751295333,20.72538860103627,53.36787564766839,41.45077720207254,11.917098445595855
E00094786,143,55,22,33,88,64,24,38.46153846153847,15.384615384615385,23.076923076923077,61.53846153846154,44.75524475524475,16.783216783216783
E00094787,142,51,23,28,91,70,21,35.91549295774648,16.19718309859155,19.718309859154928,64.08450704225352,49.29577464788733,14.788732394366196
E00094788,150,55,21,34,95,73,22,36.666666666666664,14.000000000000002,22.666666666666664,63.33333333333333,48.66666666666667,14.666666666666666
E00094789,155,54,27,27,101,74,27,34.83870967741935,17.419354838709676,17.419354838709676,65.16129032258064,47.74193548387097,17.419354838709676
E00094790,107,37,12,25,70,48,22,34.57943925233645,11.214953271028037,23.364485981308412,65.42056074766354,44.85981308411215,20.5607476635514
E00094791,218,80,37,43,138,102,36,36.69724770642202,16.972477064220186,19.724770642201836,63.30275229357798,46.788990825688074,16.51376146788991
E00094792,114,37,19,18,77,59,18,32.45614035087719,16.666666666666664,15.789473684210526,67.54385964912281,51.75438596491229,15.789473684210526
E00094793,213,76,25,51,137,96,41,35.68075117370892,11.737089201877934,23.943661971830984,64.31924882629107,45.07042253521127,19.248826291079812
E00094794,92,40,22,18,52,42,10,43.47826086956522,23.91304347826087,19.565217391304348,56.52173913043478,45.65217391304348,10.869565217391305
E00094795,96,34,11,23,62,50,12,35.41666666666667,11.458333333333332,23.958333333333336,64.58333333333334,52.083333333333336,12.5
E00094796,281,86,28,58,195,139,56,30.604982206405694,9.9644128113879,20.640569395017792,69.3950177935943,49.46619217081851,19.9288256227758
E00094797,151,43,11,32,108,87,21,28.47682119205298,7.28476821192053,21.192052980132452,71.52317880794702,57.615894039735096,13.90728476821192
E00094798,163,52,18,34,111,88,23,31.901840490797547,11.042944785276074,20.858895705521473,68.09815950920245,53.987730061349694,14.11042944785276
E00094799,149,50,16,34,99,75,24,33.557046979865774,10.738255033557047,22.818791946308725,66.44295302013423,50.33557046979866,16.10738255033557
E00094800,100,24,8,16,76,59,17,24,8,16,76,59,17
E00094801,185,64,23,41,121,90,31,34.5945945945946,12.432432432432433,22.162162162162165,65.4054054054054,48.64864864864865,16.756756756756758
E00094802,133,52,14,38,81,55,26,39.097744360902254,10.526315789473683,28.57142857142857,60.902255639097746,41.35338345864661,19.548872180451127
E00094803,133,45,17,28,88,64,24,33.83458646616541,12.781954887218044,21.052631578947366,66.16541353383458,48.1203007518797,18.045112781954884
E00094804,130,59,17,42,71,58,13,45.38461538461539,13.076923076923078,32.30769230769231,54.61538461538461,44.61538461538462,10
E00094805,156,49,14,35,107,85,22,31.41025641025641,8.974358974358974,22.435897435897438,68.58974358974359,54.48717948717948,14.102564102564102
E00094806,106,40,6,34,66,47,19,37.735849056603776,5.660377358490567,32.075471698113205,62.264150943396224,44.339622641509436,17.92452830188679
E00094807,224,99,33,66,125,104,21,44.19642857142857,14.732142857142858,29.464285714285715,55.80357142857143,46.42857142857143,9.375
E00094808,126,55,20,35,71,62,9,43.65079365079365,15.873015873015872,27.77777777777778,56.34920634920635,49.2063492063492,7.142857142857142
E00094809,117,50,15,35,67,52,15,42.73504273504273,12.82051282051282,29.914529914529915,57.26495726495726,44.44444444444444,12.82051282051282
E00094810,91,37,12,25,54,42,12,40.65934065934066,13.186813186813188,27.472527472527474,59.34065934065934,46.15384615384615,13.186813186813188
E00094811,112,41,15,26,71,55,16,36.607142857142854,13.392857142857142,23.214285714285715,63.39285714285714,49.107142857142854,14.285714285714285
E00094812,74,25,8,17,49,38,11,33.78378378378378,10.81081081081081,22.972972972972975,66.21621621621621,51.35135135135135,14.864864864864865
E00094813,71,26,14,12,45,38,7,36.61971830985916,19.718309859154928,16.901408450704224,63.38028169014085,53.52112676056338,9.859154929577464
E00094814,149,73,35,38,76,60,16,48.99328859060403,23.48993288590604,25.503355704697988,51.006711409395976,40.26845637583892,10.738255033557047
E00094815,75,31,13,18,44,39,5,41.333333333333336,17.333333333333336,24,58.666666666666664,52,6.666666666666667
E00094816,78,37,15,22,41,28,13,47.43589743589743,19.230769230769234,28.205128205128204,52.56410256410257,35.8974358974359,16.666666666666664
E00094817,174,87,33,54,87,76,11,50,18.96551724137931,31.03448275862069,50,43.67816091954023,6.321839080459771
E00094818,162,58,17,41,104,80,24,35.80246913580247,10.493827160493826,25.308641975308642,64.19753086419753,49.382716049382715,14.814814814814813
E00094819,134,47,15,32,87,69,18,35.07462686567165,11.194029850746269,23.88059701492537,64.92537313432835,51.49253731343284,13.432835820895523
E00094820,149,57,22,35,92,73,19,38.25503355704698,14.76510067114094,23.48993288590604,61.74496644295302,48.99328859060403,12.751677852348994
E00094821,103,31,9,22,72,63,9,30.097087378640776,8.737864077669903,21.35922330097087,69.90291262135922,61.165048543689316,8.737864077669903
E00094822,143,56,29,27,87,62,25,39.16083916083916,20.27972027972028,18.88111888111888,60.83916083916085,43.35664335664335,17.482517482517483
E00094823,125,45,14,31,80,59,21,36,11.200000000000001,24.8,64,47.199999999999996,16.8
E00094824,124,43,18,25,81,67,14,34.67741935483871,14.516129032258066,20.161290322580644,65.32258064516128,54.03225806451613,11.29032258064516
E00094825,148,44,20,24,104,66,38,29.72972972972973,13.513513513513514,16.216216216216218,70.27027027027027,44.5945945945946,25.675675675675674
E00094826,162,58,15,43,104,93,11,35.80246913580247,9.25925925925926,26.543209876543212,64.19753086419753,57.407407407407405,6.790123456790123
E00094827,94,39,19,20,55,43,12,41.48936170212766,20.212765957446805,21.27659574468085,58.51063829787234,45.744680851063826,12.76595744680851
E00094828,134,44,15,29,90,72,18,32.83582089552239,11.194029850746269,21.641791044776117,67.16417910447761,53.73134328358209,13.432835820895523
E00094829,142,51,16,35,91,71,20,35.91549295774648,11.267605633802818,24.647887323943664,64.08450704225352,50,14.084507042253522
E00094830,143,41,6,35,102,63,39,28.671328671328673,4.195804195804196,24.475524475524477,71.32867132867133,44.05594405594406,27.27272727272727
E00094831,171,68,22,46,103,74,29,39.76608187134503,12.865497076023392,26.900584795321635,60.23391812865497,43.27485380116959,16.95906432748538
E00094832,123,43,17,26,80,54,26,34.959349593495936,13.821138211382115,21.138211382113823,65.04065040650406,43.90243902439025,21.138211382113823
E00094833,215,80,27,53,135,92,43,37.2093023255814,12.558139534883722,24.651162790697676,62.7906976744186,42.7906976744186,20
E00094834,116,42,19,23,74,60,14,36.206896551724135,16.379310344827587,19.82758620689655,63.793103448275865,51.724137931034484,12.068965517241379
E00094835,66,22,9,13,44,38,6,33.33333333333333,13.636363636363635,19.696969696969695,66.66666666666666,57.57575757575758,9.090909090909092
E00094836,167,61,30,31,106,75,31,36.52694610778443,17.964071856287426,18.562874251497004,63.47305389221557,44.91017964071856,18.562874251497004
E00094837,122,41,16,25,81,56,25,33.60655737704918,13.114754098360656,20.491803278688526,66.39344262295081,45.90163934426229,20.491803278688526
E00094838,105,41,19,22,64,50,14,39.04761904761905,18.095238095238095,20.952380952380953,60.952380952380956,47.61904761904761,13.333333333333334
E00094839,85,26,8,18,59,49,10,30.58823529411765,9.411764705882353,21.176470588235293,69.41176470588235,57.647058823529406,11.76470588235294
E00094840,147,42,11,31,105,94,11,28.57142857142857,7.482993197278912,21.08843537414966,71.42857142857143,63.94557823129252,7.482993197278912
E00094841,149,51,20,31,98,88,10,34.22818791946309,13.422818791946309,20.80536912751678,65.77181208053692,59.06040268456376,6.7114093959731544
E00094843,168,55,14,41,113,83,30,32.73809523809524,8.333333333333332,24.404761904761905,67.26190476190477,49.404761904761905,17.857142857142858
E00094844,203,70,23,47,133,108,25,34.48275862068966,11.330049261083744,23.15270935960591,65.51724137931035,53.20197044334976,12.31527093596059
E00094845,82,23,5,18,59,53,6,28.04878048780488,6.097560975609756,21.951219512195124,71.95121951219512,64.63414634146342,7.317073170731707
E00094846,68,26,8,18,42,29,13,38.23529411764706,11.76470588235294,26.47058823529412,61.76470588235294,42.64705882352941,19.11764705882353
E00094847,109,36,10,26,73,61,12,33.02752293577982,9.174311926605505,23.853211009174313,66.97247706422019,55.96330275229357,11.009174311926607
E00094848,128,48,10,38,80,69,11,37.5,7.8125,29.6875,62.5,53.90625,8.59375
E00094849,66,29,9,20,37,34,3,43.93939393939394,13.636363636363635,30.303030303030305,56.060606060606055,51.515151515151516,4.545454545454546
E00094850,119,35,8,27,84,71,13,29.411764705882355,6.722689075630252,22.689075630252102,70.58823529411765,59.66386554621849,10.92436974789916
E00094851,130,42,18,24,88,65,23,32.30769230769231,13.846153846153847,18.461538461538463,67.6923076923077,50,17.692307692307693
E00094852,143,41,14,27,102,85,17,28.671328671328673,9.79020979020979,18.88111888111888,71.32867132867133,59.44055944055944,11.888111888111888
E00094853,127,47,16,31,80,67,13,37.00787401574803,12.598425196850393,24.409448818897637,62.99212598425197,52.75590551181102,10.236220472440944
E00094854,110,37,4,33,73,70,3,33.63636363636363,3.6363636363636362,30,66.36363636363637,63.63636363636363,2.727272727272727
E00094855,99,32,9,23,67,59,8,32.323232323232325,9.090909090909092,23.232323232323232,67.67676767676768,59.59595959595959,8.080808080808081
E00094856,88,32,9,23,56,54,2,36.36363636363637,10.227272727272728,26.136363636363637,63.63636363636363,61.36363636363637,2.272727272727273
E00094857,94,38,12,26,56,48,8,40.42553191489361,12.76595744680851,27.659574468085108,59.57446808510638,51.06382978723404,8.51063829787234
E00094858,97,31,5,26,66,56,10,31.958762886597935,5.154639175257731,26.804123711340207,68.04123711340206,57.73195876288659,10.309278350515463
E00094859,154,56,18,38,98,83,15,36.36363636363637,11.688311688311687,24.675324675324674,63.63636363636363,53.896103896103895,9.740259740259742
E00094860,175,53,19,34,122,96,26,30.28571428571429,10.857142857142858,19.428571428571427,69.71428571428572,54.85714285714286,14.857142857142858
E00094861,122,39,14,25,83,69,14,31.967213114754102,11.475409836065573,20.491803278688526,68.0327868852459,56.557377049180324,11.475409836065573
E00094862,110,44,19,25,66,59,7,40,17.272727272727273,22.727272727272727,60,53.63636363636364,6.363636363636363
E00094863,148,44,16,28,104,97,7,29.72972972972973,10.81081081081081,18.91891891891892,70.27027027027027,65.54054054054053,4.72972972972973
E00094864,133,53,22,31,80,73,7,39.849624060150376,16.541353383458645,23.308270676691727,60.150375939849624,54.88721804511278,5.263157894736842
E00094865,128,49,12,37,79,71,8,38.28125,9.375,28.90625,61.71875,55.46875,6.25
E00094867,100,45,19,26,55,48,7,45,19,26,55.00000000000001,48,7.000000000000001
E00094868,164,49,16,33,115,98,17,29.878048780487802,9.75609756097561,20.121951219512198,70.1219512195122,59.756097560975604,10.365853658536585
E00094869,111,44,16,28,67,57,10,39.63963963963964,14.414414414414415,25.225225225225223,60.36036036036037,51.35135135135135,9.00900900900901
E00094870,144,56,14,42,88,70,18,38.88888888888889,9.722222222222223,29.166666666666668,61.111111111111114,48.61111111111111,12.5
E00094871,161,50,25,25,111,94,17,31.05590062111801,15.527950310559005,15.527950310559005,68.94409937888199,58.38509316770186,10.559006211180124
E00094872,102,39,14,25,63,51,12,38.23529411764706,13.725490196078432,24.509803921568626,61.76470588235294,50,11.76470588235294
E00094873,111,33,9,24,78,64,14,29.72972972972973,8.108108108108109,21.62162162162162,70.27027027027027,57.65765765765766,12.612612612612612
E00094874,162,49,17,32,113,97,16,30.246913580246915,10.493827160493826,19.753086419753085,69.75308641975309,59.876543209876544,9.876543209876543
E00094875,75,24,11,13,51,42,9,32,14.666666666666666,17.333333333333336,68,56.00000000000001,12
E00094876,165,53,22,31,112,97,15,32.121212121212125,13.333333333333334,18.787878787878785,67.87878787878789,58.78787878787879,9.090909090909092
E00094877,122,52,20,32,70,59,11,42.62295081967213,16.39344262295082,26.229508196721312,57.377049180327866,48.36065573770492,9.01639344262295
E00094878,132,37,10,27,95,79,16,28.030303030303028,7.575757575757576,20.454545454545457,71.96969696969697,59.84848484848485,12.121212121212121
E00094879,143,46,18,28,97,91,6,32.16783216783217,12.587412587412588,19.58041958041958,67.83216783216784,63.63636363636363,4.195804195804196
E00094880,150,55,15,40,95,71,24,36.666666666666664,10,26.666666666666668,63.33333333333333,47.333333333333336,16
E00094881,94,30,11,19,64,54,10,31.914893617021278,11.702127659574469,20.212765957446805,68.08510638297872,57.446808510638306,10.638297872340425
E00094882,157,50,8,42,107,93,14,31.84713375796178,5.095541401273886,26.751592356687897,68.15286624203821,59.23566878980891,8.9171974522293
E00094883,159,62,12,50,97,80,17,38.9937106918239,7.547169811320755,31.446540880503143,61.0062893081761,50.314465408805034,10.69182389937107
E00094884,143,43,16,27,100,81,19,30.069930069930066,11.188811188811188,18.88111888111888,69.93006993006993,56.64335664335665,13.286713286713287
E00094885,122,42,15,27,80,68,12,34.42622950819672,12.295081967213115,22.131147540983605,65.57377049180327,55.73770491803278,9.836065573770492
E00094886,128,44,12,32,84,73,11,34.375,9.375,25,65.625,57.03125,8.59375
E00094887,155,43,22,21,112,92,20,27.741935483870968,14.193548387096774,13.548387096774196,72.25806451612902,59.354838709677416,12.903225806451612
E00094888,132,52,18,34,80,68,12,39.39393939393939,13.636363636363635,25.757575757575758,60.60606060606061,51.515151515151516,9.090909090909092
E00094889,110,35,10,25,75,64,11,31.818181818181817,9.090909090909092,22.727272727272727,68.18181818181817,58.18181818181818,10
E00094890,176,51,17,34,125,100,25,28.97727272727273,9.659090909090908,19.318181818181817,71.02272727272727,56.81818181818182,14.204545454545455
E00094891,141,51,13,38,90,72,18,36.17021276595745,9.219858156028367,26.95035460992908,63.829787234042556,51.06382978723404,12.76595744680851
E00094892,103,32,8,24,71,62,9,31.06796116504854,7.766990291262135,23.300970873786408,68.93203883495146,60.19417475728155,8.737864077669903
E00094893,111,33,9,24,78,67,11,29.72972972972973,8.108108108108109,21.62162162162162,70.27027027027027,60.36036036036037,9.90990990990991
E00094894,110,29,6,23,81,64,17,26.36363636363636,5.454545454545454,20.909090909090907,73.63636363636363,58.18181818181818,15.454545454545453
E00094895,125,37,9,28,88,70,18,29.599999999999998,7.199999999999999,22.400000000000002,70.39999999999999,56.00000000000001,14.399999999999999
E00094896,138,37,10,27,101,89,12,26.811594202898554,7.246376811594203,19.565217391304348,73.18840579710145,64.4927536231884,8.695652173913043
E00094897,74,26,11,15,48,36,12,35.13513513513514,14.864864864864865,20.27027027027027,64.86486486486487,48.64864864864865,16.216216216216218
E00094898,137,45,15,30,92,84,8,32.846715328467155,10.948905109489052,21.897810218978105,67.15328467153284,61.31386861313869,5.839416058394161
E00094899,147,37,10,27,110,94,16,25.170068027210885,6.802721088435375,18.367346938775512,74.82993197278913,63.94557823129252,10.884353741496598
E00094900,122,45,7,38,77,63,14,36.885245901639344,5.737704918032787,31.147540983606557,63.114754098360656,51.63934426229508,11.475409836065573
E00094901,125,39,12,27,86,73,13,31.2,9.6,21.6,68.8,58.4,10.4
E00094902,127,36,10,26,91,76,15,28.346456692913385,7.874015748031496,20.47244094488189,71.65354330708661,59.84251968503938,11.811023622047244
E00094903,131,43,14,29,88,75,13,32.82442748091603,10.687022900763358,22.137404580152673,67.17557251908397,57.25190839694656,9.923664122137405
E00094904,161,38,13,25,123,98,25,23.60248447204969,8.074534161490684,15.527950310559005,76.3975155279503,60.86956521739131,15.527950310559005
E00094905,126,34,11,23,92,72,20,26.984126984126984,8.73015873015873,18.253968253968253,73.01587301587301,57.14285714285714,15.873015873015872
E00094906,89,30,13,17,59,53,6,33.70786516853933,14.606741573033707,19.101123595505616,66.29213483146067,59.55056179775281,6.741573033707865
E00094907,207,65,16,49,142,124,18,31.40096618357488,7.729468599033816,23.67149758454106,68.59903381642512,59.90338164251207,8.695652173913043
E00094908,153,48,21,27,105,89,16,31.372549019607842,13.725490196078432,17.647058823529413,68.62745098039215,58.16993464052288,10.457516339869281
E00094909,120,40,10,30,80,68,12,33.33333333333333,8.333333333333332,25,66.66666666666666,56.666666666666664,10
E00094910,135,48,13,35,87,71,16,35.55555555555556,9.62962962962963,25.925925925925924,64.44444444444444,52.59259259259259,11.851851851851853
E00094911,133,41,13,28,92,75,17,30.82706766917293,9.774436090225564,21.052631578947366,69.17293233082707,56.390977443609025,12.781954887218044
E00094912,104,34,12,22,70,57,13,32.69230769230769,11.538461538461538,21.153846153846153,67.3076923076923,54.807692307692314,12.5
E00094913,105,37,8,29,68,61,7,35.23809523809524,7.6190476190476195,27.61904761904762,64.76190476190476,58.0952380952381,6.666666666666667
E00094914,151,46,7,39,105,94,11,30.4635761589404,4.635761589403973,25.82781456953642,69.5364238410596,62.251655629139066,7.28476821192053
E00094915,137,33,8,25,104,104,0,24.087591240875913,5.839416058394161,18.248175182481752,75.91240875912408,75.91240875912408,0
E00094916,84,28,14,14,56,44,12,33.33333333333333,16.666666666666664,16.666666666666664,66.66666666666666,52.38095238095239,14.285714285714285
E00094917,138,48,20,28,90,72,18,34.78260869565217,14.492753623188406,20.28985507246377,65.21739130434783,52.17391304347826,13.043478260869565
E00094918,134,69,32,37,65,50,15,51.49253731343284,23.88059701492537,27.611940298507463,48.507462686567166,37.3134328358209,11.194029850746269
E00094919,53,22,10,12,31,23,8,41.509433962264154,18.867924528301888,22.641509433962266,58.490566037735846,43.39622641509434,15.09433962264151
E00094920,112,43,25,18,69,57,12,38.392857142857146,22.321428571428573,16.071428571428573,61.60714285714286,50.89285714285714,10.714285714285714
E00094921,64,28,17,11,36,29,7,43.75,26.5625,17.1875,56.25,45.3125,10.9375
E00094922,177,79,36,43,98,77,21,44.632768361581924,20.33898305084746,24.293785310734464,55.367231638418076,43.50282485875706,11.864406779661017
E00094923,140,51,27,24,89,74,15,36.42857142857142,19.28571428571429,17.142857142857142,63.57142857142857,52.85714285714286,10.714285714285714
E00094924,138,61,29,32,77,67,10,44.20289855072464,21.014492753623188,23.18840579710145,55.79710144927537,48.55072463768116,7.246376811594203
E00094925,156,95,51,44,61,53,8,60.89743589743589,32.69230769230769,28.205128205128204,39.1025641025641,33.97435897435898,5.128205128205128
E00094926,138,61,32,29,77,68,9,44.20289855072464,23.18840579710145,21.014492753623188,55.79710144927537,49.275362318840585,6.521739130434782
E00094927,114,64,32,32,50,39,11,56.14035087719298,28.07017543859649,28.07017543859649,43.859649122807014,34.21052631578947,9.649122807017543
E00094928,108,39,17,22,69,54,15,36.11111111111111,15.74074074074074,20.37037037037037,63.888888888888886,50,13.88888888888889
E00094929,149,88,54,34,61,49,12,59.06040268456376,36.241610738255034,22.818791946308725,40.939597315436245,32.88590604026846,8.053691275167784
E00094930,136,63,32,31,73,54,19,46.32352941176471,23.52941176470588,22.794117647058822,53.67647058823529,39.705882352941174,13.970588235294118
E00094932,166,74,32,42,92,78,14,44.57831325301205,19.27710843373494,25.301204819277107,55.42168674698795,46.98795180722892,8.433734939759036
E00094933,109,50,18,32,59,50,9,45.87155963302752,16.51376146788991,29.357798165137616,54.12844036697248,45.87155963302752,8.256880733944955
E00094934,154,74,31,43,80,65,15,48.05194805194805,20.12987012987013,27.92207792207792,51.94805194805194,42.2077922077922,9.740259740259742
E00094935,188,74,23,51,114,103,11,39.361702127659576,12.23404255319149,27.127659574468083,60.63829787234043,54.78723404255319,5.851063829787234
E00094936,135,52,26,26,83,70,13,38.51851851851852,19.25925925925926,19.25925925925926,61.48148148148148,51.85185185185185,9.62962962962963
E00094937,117,43,23,20,74,62,12,36.75213675213676,19.65811965811966,17.094017094017094,63.24786324786324,52.991452991452995,10.256410256410255
E00094938,149,48,24,24,101,80,21,32.21476510067114,16.10738255033557,16.10738255033557,67.78523489932886,53.691275167785236,14.093959731543624
E00094939,121,49,19,30,72,67,5,40.49586776859504,15.702479338842975,24.793388429752067,59.50413223140496,55.371900826446286,4.132231404958678
E00094940,169,72,30,42,97,78,19,42.60355029585799,17.75147928994083,24.85207100591716,57.396449704142015,46.15384615384615,11.242603550295858
E00094941,131,43,16,27,88,73,15,32.82442748091603,12.213740458015266,20.610687022900763,67.17557251908397,55.72519083969466,11.450381679389313
E00094942,101,32,17,15,69,59,10,31.683168316831683,16.831683168316832,14.85148514851485,68.31683168316832,58.415841584158414,9.900990099009901
E00094943,146,42,9,33,104,86,18,28.767123287671232,6.164383561643835,22.602739726027394,71.23287671232876,58.9041095890411,12.32876712328767
E00094944,171,55,12,43,116,99,17,32.16374269005848,7.017543859649122,25.146198830409354,67.83625730994152,57.89473684210527,9.941520467836257
E00094945,109,50,20,30,59,53,6,45.87155963302752,18.34862385321101,27.522935779816514,54.12844036697248,48.62385321100918,5.5045871559633035
E00094946,117,44,16,28,73,55,18,37.60683760683761,13.675213675213676,23.931623931623932,62.39316239316239,47.008547008547005,15.384615384615385
E00094947,150,57,18,39,93,72,21,38,12,26,62,48,14.000000000000002
E00094948,113,37,14,23,76,60,16,32.743362831858406,12.389380530973451,20.353982300884958,67.2566371681416,53.09734513274337,14.15929203539823
E00094950,125,44,19,25,81,72,9,35.199999999999996,15.2,20,64.8,57.599999999999994,7.199999999999999
E00094951,145,47,14,33,98,78,20,32.41379310344827,9.655172413793103,22.758620689655174,67.58620689655173,53.79310344827586,13.793103448275861
E00094952,167,37,10,27,130,106,24,22.15568862275449,5.9880239520958085,16.16766467065868,77.84431137724552,63.47305389221557,14.37125748502994
E00094953,93,26,10,16,67,53,14,27.956989247311824,10.75268817204301,17.20430107526882,72.04301075268818,56.98924731182796,15.053763440860216
E00094954,64,14,6,8,50,45,5,21.875,9.375,12.5,78.125,70.3125,7.8125
E00094955,147,38,15,23,109,89,20,25.850340136054424,10.204081632653061,15.646258503401361,74.14965986394559,60.544217687074834,13.60544217687075
E00094956,146,37,14,23,109,90,19,25.34246575342466,9.58904109589041,15.753424657534246,74.65753424657534,61.64383561643836,13.013698630136986
E00094958,165,53,21,32,112,94,18,32.121212121212125,12.727272727272727,19.393939393939394,67.87878787878789,56.96969696969697,10.909090909090908
E00094959,116,43,20,23,73,60,13,37.06896551724138,17.24137931034483,19.82758620689655,62.93103448275862,51.724137931034484,11.206896551724139
E00094960,282,80,26,54,202,177,25,28.368794326241137,9.219858156028367,19.148936170212767,71.63120567375887,62.76595744680851,8.865248226950355
E00094961,161,56,16,40,105,95,10,34.78260869565217,9.937888198757763,24.84472049689441,65.21739130434783,59.006211180124225,6.211180124223603
E00094962,140,59,23,36,81,66,15,42.142857142857146,16.428571428571427,25.71428571428571,57.85714285714286,47.14285714285714,10.714285714285714
E00094963,150,52,14,38,98,85,13,34.66666666666667,9.333333333333334,25.333333333333336,65.33333333333333,56.666666666666664,8.666666666666668
E00094964,114,38,13,25,76,71,5,33.33333333333333,11.403508771929824,21.929824561403507,66.66666666666666,62.28070175438597,4.385964912280701
E00094966,178,62,13,49,116,94,22,34.831460674157306,7.303370786516854,27.52808988764045,65.1685393258427,52.80898876404494,12.359550561797752
E00094967,145,48,12,36,97,84,13,33.10344827586207,8.275862068965518,24.82758620689655,66.89655172413794,57.931034482758626,8.96551724137931
E00094968,182,68,23,45,114,100,14,37.362637362637365,12.637362637362637,24.725274725274726,62.637362637362635,54.94505494505495,7.6923076923076925
E00094969,109,38,13,25,71,59,12,34.862385321100916,11.926605504587156,22.93577981651376,65.13761467889908,54.12844036697248,11.009174311926607
E00094970,145,55,23,32,90,82,8,37.93103448275862,15.862068965517242,22.06896551724138,62.06896551724138,56.55172413793104,5.517241379310345
E00094971,130,51,17,34,79,66,13,39.23076923076923,13.076923076923078,26.153846153846157,60.76923076923077,50.76923076923077,10
E00094972,167,66,16,50,101,80,21,39.52095808383233,9.580838323353294,29.94011976047904,60.47904191616767,47.90419161676647,12.574850299401197
E00094973,131,39,11,28,92,78,14,29.770992366412212,8.396946564885496,21.374045801526716,70.22900763358778,59.541984732824424,10.687022900763358
E00094974,145,58,25,33,87,71,16,40,17.24137931034483,22.758620689655174,60,48.96551724137931,11.03448275862069
E00094975,141,52,19,33,89,77,12,36.87943262411347,13.47517730496454,23.404255319148938,63.12056737588653,54.60992907801418,8.51063829787234
E00094977,113,47,18,29,66,57,9,41.5929203539823,15.929203539823009,25.663716814159294,58.4070796460177,50.442477876106196,7.964601769911504
E00094978,229,83,28,55,146,113,33,36.24454148471616,12.22707423580786,24.017467248908297,63.75545851528385,49.34497816593886,14.41048034934498
E00094979,157,57,13,44,100,83,17,36.30573248407643,8.280254777070063,28.02547770700637,63.69426751592356,52.86624203821656,10.828025477707007
E00094980,259,91,29,62,168,130,38,35.13513513513514,11.196911196911197,23.93822393822394,64.86486486486487,50.19305019305019,14.671814671814673
E00094981,279,90,34,56,189,163,26,32.25806451612903,12.186379928315413,20.07168458781362,67.74193548387096,58.422939068100355,9.31899641577061
E00094982,136,41,7,34,95,82,13,30.14705882352941,5.147058823529411,25,69.85294117647058,60.29411764705882,9.558823529411764
E00094983,207,67,22,45,140,107,33,32.367149758454104,10.628019323671497,21.73913043478261,67.6328502415459,51.690821256038646,15.942028985507244
E00094984,72,23,10,13,49,41,8,31.944444444444443,13.88888888888889,18.055555555555554,68.05555555555556,56.94444444444444,11.11111111111111
E00094985,94,40,11,29,54,36,18,42.5531914893617,11.702127659574469,30.851063829787233,57.446808510638306,38.297872340425535,19.148936170212767
E00094986,96,30,14,16,66,56,10,31.25,14.583333333333334,16.666666666666664,68.75,58.333333333333336,10.416666666666668
E00094987,128,53,22,31,75,58,17,41.40625,17.1875,24.21875,58.59375,45.3125,13.28125
E00094988,63,32,12,20,31,25,6,50.79365079365079,19.047619047619047,31.746031746031743,49.2063492063492,39.682539682539684,9.523809523809524
E00094989,161,65,26,39,96,81,15,40.37267080745342,16.149068322981368,24.22360248447205,59.62732919254658,50.31055900621118,9.316770186335404
E00094990,95,41,18,23,54,51,3,43.15789473684211,18.947368421052634,24.210526315789473,56.84210526315789,53.68421052631579,3.1578947368421053
E00094991,126,53,24,29,73,55,18,42.06349206349206,19.047619047619047,23.015873015873016,57.936507936507944,43.65079365079365,14.285714285714285
E00094992,82,30,14,16,52,41,11,36.58536585365854,17.073170731707318,19.51219512195122,63.41463414634146,50,13.414634146341465
E00094993,121,43,20,23,78,56,22,35.53719008264463,16.528925619834713,19.00826446280992,64.46280991735537,46.28099173553719,18.181818181818183
E00094994,83,30,12,18,53,39,14,36.144578313253014,14.457831325301203,21.686746987951807,63.85542168674698,46.98795180722892,16.867469879518072
E00094995,153,55,25,30,98,78,20,35.947712418300654,16.33986928104575,19.607843137254903,64.05228758169935,50.98039215686274,13.071895424836603
E00094996,148,44,20,24,104,83,21,29.72972972972973,13.513513513513514,16.216216216216218,70.27027027027027,56.08108108108109,14.18918918918919
E00094997,91,42,14,28,49,40,9,46.15384615384615,15.384615384615385,30.76923076923077,53.84615384615385,43.956043956043956,9.89010989010989
E00094998,169,61,20,41,108,81,27,36.09467455621302,11.834319526627219,24.2603550295858,63.905325443786985,47.928994082840234,15.976331360946746
E00094999,195,69,24,45,126,101,25,35.38461538461539,12.307692307692308,23.076923076923077,64.61538461538461,51.7948717948718,12.82051282051282
E00095000,106,31,6,25,75,60,15,29.245283018867923,5.660377358490567,23.58490566037736,70.75471698113208,56.60377358490566,14.150943396226415
E00095001,96,38,15,23,58,45,13,39.58333333333333,15.625,23.958333333333336,60.416666666666664,46.875,13.541666666666666
E00095002,125,46,12,34,79,65,14,36.8,9.6,27.200000000000003,63.2,52,11.200000000000001
E00095003,135,38,14,24,97,82,15,28.14814814814815,10.37037037037037,17.77777777777778,71.85185185185186,60.74074074074074,11.11111111111111
E00095004,140,49,21,28,91,66,25,35,15,20,65,47.14285714285714,17.857142857142858
E00095005,135,49,20,29,86,73,13,36.2962962962963,14.814814814814813,21.48148148148148,63.70370370370371,54.074074074074076,9.62962962962963
E00095006,169,51,12,39,118,107,11,30.17751479289941,7.100591715976331,23.076923076923077,69.8224852071006,63.31360946745562,6.508875739644971
E00095007,173,57,16,41,116,92,24,32.947976878612714,9.248554913294797,23.699421965317917,67.05202312138728,53.179190751445084,13.872832369942195
E00095008,118,33,12,21,85,79,6,27.966101694915253,10.16949152542373,17.796610169491526,72.03389830508475,66.94915254237289,5.084745762711865
E00095009,187,67,20,47,120,104,16,35.82887700534759,10.695187165775401,25.13368983957219,64.171122994652407,55.61497326203209,8.55614973262032
E00095010,197,57,16,41,140,123,17,28.934010152284262,8.121827411167512,20.812182741116754,71.06598984771574,62.43654822335025,8.629441624365482
E00095011,180,61,17,44,119,92,27,33.88888888888889,9.444444444444445,24.444444444444443,66.11111111111111,51.11111111111111,15
E00095013,153,43,13,30,110,92,18,28.104575163398692,8.49673202614379,19.607843137254903,71.89542483660131,60.130718954248366,11.76470588235294
E00095014,150,60,21,39,90,70,20,40,14.000000000000002,26,60,46.666666666666664,13.333333333333334
E00095015,144,49,9,40,95,80,15,34.02777777777778,6.25,27.77777777777778,65.97222222222221,55.55555555555556,10.416666666666668
E00095016,196,69,22,47,127,113,14,35.204081632653065,11.224489795918368,23.97959183673469,64.79591836734694,57.6530612244898,7.142857142857142
E00095017,174,63,19,44,111,94,17,36.206896551724135,10.919540229885058,25.287356321839084,63.793103448275865,54.02298850574713,9.770114942528735
E00095018,189,64,22,42,125,111,14,33.86243386243386,11.64021164021164,22.22222222222222,66.13756613756614,58.730158730158735,7.4074074074074066
E00095019,122,45,13,32,77,66,11,36.885245901639344,10.655737704918032,26.229508196721312,63.114754098360656,54.09836065573771,9.01639344262295
E00095020,185,55,14,41,130,115,15,29.72972972972973,7.567567567567568,22.162162162162165,70.27027027027027,62.16216216216216,8.108108108108109
E00095021,142,42,13,29,100,93,7,29.577464788732392,9.15492957746479,20.422535211267608,70.4225352112676,65.49295774647888,4.929577464788732
E00095022,123,39,15,24,84,76,8,31.70731707317073,12.195121951219512,19.51219512195122,68.29268292682927,61.78861788617886,6.504065040650407
E00095024,221,85,21,64,136,119,17,38.46153846153847,9.502262443438914,28.95927601809955,61.53846153846154,53.84615384615385,7.6923076923076925
E00095025,137,45,13,32,92,83,9,32.846715328467155,9.48905109489051,23.357664233576642,67.15328467153284,60.58394160583942,6.569343065693431
E00095026,139,51,16,35,88,78,10,36.69064748201439,11.510791366906476,25.179856115107913,63.30935251798561,56.11510791366906,7.1942446043165464
E00095027,157,46,13,33,111,91,20,29.29936305732484,8.280254777070063,21.019108280254777,70.70063694267516,57.961783439490446,12.738853503184714
E00095028,94,29,9,20,65,52,13,30.851063829787233,9.574468085106384,21.27659574468085,69.14893617021278,55.319148936170215,13.829787234042554
E00095029,181,73,28,45,108,90,18,40.331491712707184,15.469613259668508,24.861878453038674,59.66850828729282,49.72375690607735,9.94475138121547
E00095030,83,30,7,23,53,48,5,36.144578313253014,8.433734939759036,27.710843373493976,63.85542168674698,57.831325301204814,6.024096385542169
E00095031,127,51,15,36,76,60,16,40.15748031496063,11.811023622047244,28.346456692913385,59.84251968503938,47.24409448818898,12.598425196850393
E00095032,88,24,6,18,64,56,8,27.27272727272727,6.8181818181818175,20.454545454545457,72.72727272727273,63.63636363636363,9.090909090909092
E00095033,87,32,9,23,55,48,7,36.7816091954023,10.344827586206897,26.436781609195403,63.2183908045977,55.172413793103445,8.045977011494253
E00095034,236,67,12,55,169,141,28,28.389830508474578,5.084745762711865,23.30508474576271,71.61016949152543,59.7457627118644,11.864406779661017
E00095035,194,79,27,52,115,100,15,40.72164948453608,13.917525773195877,26.804123711340207,59.27835051546392,51.546391752577314,7.731958762886598
E00095036,184,70,29,41,114,91,23,38.04347826086957,15.760869565217392,22.282608695652172,61.95652173913043,49.45652173913043,12.5
E00095037,177,53,12,41,124,97,27,29.943502824858758,6.779661016949152,23.163841807909606,70.05649717514125,54.80225988700565,15.254237288135593
E00095038,180,59,20,39,121,102,19,32.77777777777778,11.11111111111111,21.666666666666668,67.22222222222223,56.666666666666664,10.555555555555555
E00095039,55,21,10,11,34,26,8,38.18181818181819,18.181818181818183,20,61.81818181818181,47.27272727272727,14.545454545454545
E00095040,77,26,10,16,51,44,7,33.76623376623377,12.987012987012985,20.77922077922078,66.23376623376623,57.14285714285714,9.090909090909092
E00095041,183,70,19,51,113,93,20,38.25136612021858,10.382513661202186,27.86885245901639,61.74863387978142,50.81967213114754,10.92896174863388
E00095042,117,35,14,21,82,58,24,29.914529914529915,11.965811965811966,17.94871794871795,70.08547008547008,49.572649572649574,20.51282051282051
E00095043,174,55,11,44,119,98,21,31.60919540229885,6.321839080459771,25.287356321839084,68.39080459770115,56.32183908045977,12.068965517241379
E00095044,140,36,6,30,104,87,17,25.71428571428571,4.285714285714286,21.428571428571427,74.28571428571429,62.142857142857146,12.142857142857142
E00095045,141,46,9,37,95,78,17,32.62411347517731,6.382978723404255,26.24113475177305,67.37588652482269,55.319148936170215,12.056737588652481
E00095046,100,28,5,23,72,62,10,28.000000000000004,5,23,72,62,10
E00095047,110,43,16,27,67,58,9,39.09090909090909,14.545454545454545,24.545454545454547,60.909090909090914,52.72727272727272,8.181818181818182
E00095048,124,42,11,31,82,67,15,33.87096774193548,8.870967741935484,25,66.12903225806451,54.03225806451613,12.096774193548388
E00095049,169,67,20,47,102,74,28,39.64497041420118,11.834319526627219,27.810650887573964,60.35502958579882,43.786982248520715,16.56804733727811
E00095050,160,55,22,33,105,93,12,34.375,13.750000000000002,20.625,65.625,58.12500000000001,7.5
E00095051,89,32,10,22,57,47,10,35.95505617977528,11.235955056179774,24.719101123595504,64.04494382022472,52.80898876404494,11.235955056179774
E00095052,71,23,7,16,48,42,6,32.3943661971831,9.859154929577464,22.535211267605636,67.6056338028169,59.154929577464785,8.450704225352112
E00095053,79,34,18,16,45,34,11,43.037974683544306,22.78481012658228,20.253164556962027,56.9620253164557,43.037974683544306,13.924050632911392
E00095054,112,44,23,21,68,56,12,39.285714285714285,20.535714285714285,18.75,60.71428571428571,50,10.714285714285714
E00095055,73,31,12,19,42,34,8,42.465753424657535,16.43835616438356,26.027397260273972,57.534246575342465,46.57534246575342,10.95890410958904
E00095056,193,67,25,42,126,89,37,34.715025906735754,12.953367875647666,21.761658031088082,65.28497409326425,46.1139896373057,19.170984455958546
E00095057,120,49,15,34,71,58,13,40.833333333333336,12.5,28.333333333333332,59.166666666666664,48.333333333333336,10.833333333333334
E00095058,86,38,15,23,48,34,14,44.18604651162791,17.441860465116278,26.744186046511626,55.81395348837209,39.53488372093023,16.27906976744186
E00095059,82,22,9,13,60,50,10,26.82926829268293,10.975609756097562,15.853658536585366,73.17073170731707,60.97560975609756,12.195121951219512
E00095060,105,45,9,36,60,48,12,42.857142857142854,8.571428571428571,34.285714285714285,57.14285714285714,45.714285714285715,11.428571428571429
E00095061,111,51,18,33,60,51,9,45.94594594594595,16.216216216216218,29.72972972972973,54.054054054054056,45.94594594594595,8.108108108108109
E00095062,102,40,12,28,62,47,15,39.21568627450981,11.76470588235294,27.450980392156865,60.78431372549019,46.07843137254902,14.705882352941178
E00095063,124,51,22,29,73,58,15,41.12903225806452,17.741935483870968,23.387096774193548,58.87096774193549,46.774193548387096,12.096774193548388
E00095064,106,39,18,21,67,47,20,36.79245283018868,16.9811320754717,19.81132075471698,63.20754716981132,44.339622641509436,18.867924528301888
E00095065,121,43,19,24,78,64,14,35.53719008264463,15.702479338842975,19.834710743801654,64.46280991735537,52.892561983471076,11.570247933884298
E00095066,140,51,19,32,89,72,17,36.42857142857142,13.571428571428571,22.857142857142858,63.57142857142857,51.42857142857142,12.142857142857142
E00095067,143,56,19,37,87,62,25,39.16083916083916,13.286713286713287,25.874125874125873,60.83916083916085,43.35664335664335,17.482517482517483
E00095068,167,57,15,42,110,96,14,34.13173652694611,8.982035928143713,25.149700598802394,65.86826347305389,57.48502994011976,8.383233532934131
E00095069,115,37,10,27,78,63,15,32.17391304347826,8.695652173913043,23.47826086956522,67.82608695652173,54.78260869565217,13.043478260869565
E00095070,123,48,20,28,75,50,25,39.02439024390244,16.260162601626014,22.76422764227642,60.97560975609756,40.65040650406504,20.32520325203252
E00095071,200,76,33,43,124,102,22,38,16.5,21.5,62,51,11
E00095072,227,85,22,63,142,110,32,37.44493392070485,9.691629955947137,27.75330396475771,62.55506607929515,48.458149779735685,14.096916299559473
E00095073,274,87,35,52,187,136,51,31.751824817518248,12.773722627737227,18.97810218978102,68.24817518248175,49.63503649635037,18.613138686131386
E00095074,196,73,26,47,123,91,32,37.244897959183675,13.26530612244898,23.97959183673469,62.755102040816325,46.42857142857143,16.3265306122449
E00095075,198,68,21,47,130,101,29,34.34343434343434,10.606060606060606,23.737373737373737,65.65656565656566,51.010101010101,14.646464646464647
E00095076,137,49,16,33,88,67,21,35.76642335766424,11.678832116788321,24.087591240875913,64.23357664233576,48.9051094890511,15.328467153284672
E00095077,124,42,9,33,82,69,13,33.87096774193548,7.258064516129033,26.61290322580645,66.12903225806451,55.64516129032258,10.483870967741936
E00095078,247,86,27,59,161,124,37,34.81781376518219,10.931174089068826,23.88663967611336,65.18218623481782,50.20242914979757,14.979757085020243
E00095079,213,67,19,48,146,129,17,31.455399061032864,8.92018779342723,22.535211267605636,68.54460093896714,60.56338028169014,7.981220657276995
E00095080,127,53,20,33,74,60,14,41.732283464566926,15.748031496062993,25.984251968503933,58.26771653543307,47.24409448818898,11.023622047244094
E00095081,156,48,13,35,108,97,11,30.76923076923077,8.333333333333332,22.435897435897438,69.23076923076923,62.17948717948718,7.051282051282051
E00095082,144,64,31,33,80,70,10,44.44444444444444,21.52777777777778,22.916666666666664,55.55555555555556,48.61111111111111,6.944444444444445
E00095084,182,64,26,38,118,110,8,35.16483516483517,14.285714285714285,20.87912087912088,64.83516483516483,60.43956043956044,4.395604395604396
E00095085,160,52,17,35,108,97,11,32.5,10.625,21.875,67.5,60.62499999999999,6.875000000000001
E00095086,123,67,27,40,56,51,5,54.47154471544715,21.951219512195124,32.52032520325203,45.52845528455284,41.46341463414634,4.0650406504065035
E00095087,204,87,50,37,117,97,20,42.64705882352941,24.509803921568626,18.137254901960784,57.35294117647059,47.549019607843135,9.803921568627452
E00095088,229,90,31,59,139,119,20,39.30131004366812,13.537117903930133,25.76419213973799,60.698689956331876,51.96506550218341,8.73362445414847
E00095089,158,51,24,27,107,93,14,32.278481012658226,15.18987341772152,17.088607594936708,67.72151898734177,58.86075949367089,8.860759493670885
E00095090,124,49,15,34,75,66,9,39.516129032258064,12.096774193548388,27.419354838709676,60.483870967741936,53.2258064516129,7.258064516129033
E00095091,138,60,18,42,78,67,11,43.47826086956522,13.043478260869565,30.434782608695656,56.52173913043478,48.55072463768116,7.971014492753622
E00095092,134,52,16,36,82,70,12,38.80597014925373,11.940298507462686,26.865671641791046,61.19402985074627,52.23880597014925,8.955223880597014
E00095093,158,59,26,33,99,87,12,37.34177215189873,16.455696202531644,20.88607594936709,62.65822784810127,55.06329113924051,7.59493670886076
E00095094,103,40,18,22,63,58,5,38.83495145631068,17.475728155339805,21.35922330097087,61.165048543689316,56.310679611650485,4.854368932038835
E00095095,107,35,15,20,72,68,4,32.71028037383177,14.018691588785046,18.69158878504673,67.28971962616822,63.55140186915887,3.7383177570093453
E00095096,130,43,19,24,87,73,14,33.07692307692307,14.615384615384617,18.461538461538463,66.92307692307692,56.15384615384615,10.76923076923077
E00095097,267,102,37,65,165,145,20,38.20224719101123,13.857677902621724,24.344569288389515,61.79775280898876,54.30711610486891,7.490636704119851
E00095098,176,60,19,41,116,96,20,34.090909090909086,10.795454545454545,23.295454545454543,65.9090909090909,54.54545454545454,11.363636363636363
E00095099,130,47,22,25,83,76,7,36.15384615384615,16.923076923076923,19.230769230769234,63.84615384615384,58.46153846153847,5.384615384615385
E00095100,190,57,28,29,133,118,15,30,14.736842105263156,15.263157894736842,70,62.10526315789474,7.894736842105263
E00095101,249,80,21,59,169,143,26,32.1285140562249,8.433734939759036,23.694779116465863,67.8714859437751,57.42971887550201,10.441767068273093
E00095102,112,50,23,27,62,54,8,44.642857142857146,20.535714285714285,24.107142857142858,55.35714285714286,48.214285714285715,7.142857142857142
E00095103,100,46,19,27,54,44,10,46,19,27,54,44,10
E00095104,138,57,20,37,81,68,13,41.30434782608695,14.492753623188406,26.811594202898554,58.69565217391305,49.275362318840585,9.420289855072465
E00095105,67,29,9,20,38,33,5,43.28358208955223,13.432835820895523,29.850746268656714,56.71641791044776,49.25373134328358,7.462686567164178
E00095106,138,63,23,40,75,62,13,45.65217391304348,16.666666666666664,28.985507246376812,54.347826086956516,44.927536231884055,9.420289855072465
E00095107,115,48,15,33,67,59,8,41.73913043478261,13.043478260869565,28.695652173913043,58.26086956521739,51.30434782608696,6.956521739130435
E00095108,100,39,18,21,61,55,6,39,18,21,61,55.00000000000001,6
E00095109,148,60,28,32,88,78,10,40.54054054054054,18.91891891891892,21.62162162162162,59.45945945945946,52.702702702702695,6.756756756756757
E00095110,143,64,29,35,79,65,14,44.75524475524475,20.27972027972028,24.475524475524477,55.24475524475524,45.45454545454545,9.79020979020979
E00095111,227,135,78,57,92,77,15,59.471365638766514,34.36123348017621,25.11013215859031,40.52863436123348,33.92070484581498,6.607929515418502
E00095112,162,66,36,30,96,79,17,40.74074074074074,22.22222222222222,18.51851851851852,59.25925925925925,48.76543209876543,10.493827160493826
E00095113,133,62,20,42,71,62,9,46.616541353383454,15.037593984962406,31.57894736842105,53.383458646616546,46.616541353383454,6.7669172932330826
E00095114,138,65,35,30,73,65,8,47.10144927536232,25.36231884057971,21.73913043478261,52.89855072463768,47.10144927536232,5.797101449275362
E00095115,114,55,20,35,59,51,8,48.24561403508772,17.543859649122805,30.701754385964914,51.75438596491229,44.73684210526316,7.017543859649122
E00095116,146,48,16,32,98,91,7,32.87671232876712,10.95890410958904,21.91780821917808,67.12328767123287,62.328767123287676,4.794520547945205
E00095117,123,45,16,29,78,70,8,36.58536585365854,13.008130081300814,23.577235772357724,63.41463414634146,56.91056910569105,6.504065040650407
E00095118,122,64,33,31,58,57,1,52.459016393442624,27.049180327868854,25.40983606557377,47.540983606557376,46.72131147540984,0.819672131147541
E00095119,147,65,30,35,82,75,7,44.21768707482993,20.408163265306122,23.809523809523807,55.78231292517006,51.02040816326531,4.761904761904762
E00095120,109,39,20,19,70,54,16,35.77981651376147,18.34862385321101,17.431192660550458,64.22018348623854,49.54128440366973,14.678899082568808
E00095121,114,44,15,29,70,58,12,38.59649122807017,13.157894736842104,25.438596491228072,61.40350877192983,50.877192982456144,10.526315789473683
E00095122,143,62,24,38,81,74,7,43.35664335664335,16.783216783216783,26.573426573426573,56.64335664335665,51.74825174825175,4.895104895104895
E00095123,53,20,5,15,33,28,5,37.735849056603776,9.433962264150944,28.30188679245283,62.264150943396224,52.83018867924528,9.433962264150944
E00095124,95,31,11,20,64,54,10,32.631578947368425,11.578947368421053,21.052631578947366,67.36842105263158,56.84210526315789,10.526315789473683
E00095125,113,46,21,25,67,59,8,40.707964601769916,18.58407079646018,22.123893805309734,59.29203539823009,52.21238938053098,7.079646017699115
E00095126,238,71,24,47,167,149,18,29.831932773109244,10.084033613445378,19.747899159663866,70.16806722689076,62.60504201680672,7.563025210084033
E00095127,154,72,31,41,82,65,17,46.75324675324675,20.12987012987013,26.623376623376622,53.246753246753244,42.2077922077922,11.03896103896104
E00095128,124,46,15,31,78,62,16,37.096774193548384,12.096774193548388,25,62.903225806451616,50,12.903225806451612
E00095129,168,60,23,37,108,87,21,35.714285714285715,13.690476190476192,22.023809523809522,64.28571428571429,51.78571428571429,12.5
E00095130,157,60,26,34,97,77,20,38.21656050955414,16.560509554140125,21.656050955414013,61.78343949044586,49.044585987261144,12.738853503184714
E00095131,206,85,42,43,121,85,36,41.262135922330096,20.388349514563107,20.87378640776699,58.7378640776699,41.262135922330096,17.475728155339805
E00095132,143,65,25,40,78,66,12,45.45454545454545,17.482517482517483,27.972027972027973,54.54545454545454,46.15384615384615,8.391608391608392
E00095133,120,45,11,34,75,61,14,37.5,9.166666666666666,28.333333333333332,62.5,50.83333333333333,11.666666666666666
E00095134,100,42,15,27,58,42,16,42,15,27,57.99999999999999,42,16
E00095135,194,65,27,38,129,112,17,33.50515463917525,13.917525773195877,19.587628865979383,66.49484536082474,57.73195876288659,8.762886597938143
E00095136,109,36,14,22,73,53,20,33.02752293577982,12.844036697247708,20.18348623853211,66.97247706422019,48.62385321100918,18.34862385321101
E00095137,157,57,20,37,100,65,35,36.30573248407643,12.738853503184714,23.56687898089172,63.69426751592356,41.40127388535032,22.29299363057325
E00095138,165,49,18,31,116,92,24,29.6969696969697,10.909090909090908,18.787878787878785,70.3030303030303,55.757575757575765,14.545454545454545
E00095139,205,62,13,49,143,121,22,30.24390243902439,6.341463414634147,23.902439024390244,69.7560975609756,59.02439024390244,10.731707317073171
E00095140,180,51,14,37,129,113,16,28.333333333333332,7.777777777777778,20.555555555555554,71.66666666666667,62.77777777777778,8.88888888888889
E00095141,199,68,25,43,131,108,23,34.17085427135678,12.562814070351758,21.608040201005025,65.82914572864321,54.2713567839196,11.557788944723619
E00095142,226,66,18,48,160,136,24,29.20353982300885,7.964601769911504,21.238938053097346,70.79646017699115,60.17699115044248,10.619469026548673
E00095143,145,54,14,40,91,81,10,37.24137931034483,9.655172413793103,27.586206896551722,62.758620689655174,55.86206896551724,6.896551724137931
E00095144,142,39,11,28,103,87,16,27.464788732394368,7.746478873239436,19.718309859154928,72.53521126760563,61.267605633802816,11.267605633802818
E00095145,302,80,31,49,222,161,61,26.490066225165563,10.264900662251655,16.225165562913908,73.50993377483444,53.31125827814569,20.198675496688743
E00095146,124,43,15,28,81,71,10,34.67741935483871,12.096774193548388,22.58064516129032,65.32258064516128,57.25806451612904,8.064516129032258
E00095147,176,63,24,39,113,86,27,35.79545454545455,13.636363636363635,22.15909090909091,64.20454545454545,48.86363636363637,15.340909090909092
E00095148,180,67,26,41,113,97,16,37.22222222222222,14.444444444444443,22.77777777777778,62.77777777777778,53.888888888888886,8.88888888888889
E00095149,113,24,11,13,89,59,30,21.238938053097346,9.734513274336283,11.504424778761061,78.76106194690266,52.21238938053098,26.548672566371685
E00095150,144,55,12,43,89,77,12,38.19444444444444,8.333333333333332,29.86111111111111,61.80555555555556,53.47222222222222,8.333333333333332
E00095151,138,49,15,34,89,71,18,35.507246376811594,10.869565217391305,24.637681159420293,64.4927536231884,51.449275362318836,13.043478260869565
E00095152,97,29,13,16,68,51,17,29.896907216494846,13.402061855670103,16.49484536082474,70.10309278350515,52.57731958762887,17.525773195876287
E00095154,128,44,18,26,84,68,16,34.375,14.0625,20.3125,65.625,53.125,12.5
E00095155,96,40,13,27,56,44,12,41.66666666666667,13.541666666666666,28.125,58.333333333333336,45.83333333333333,12.5
E00095157,95,32,12,20,63,50,13,33.68421052631579,12.631578947368421,21.052631578947366,66.3157894736842,52.63157894736842,13.684210526315791
E00095158,55,16,7,9,39,29,10,29.09090909090909,12.727272727272727,16.363636363636363,70.9090909090909,52.72727272727272,18.181818181818183
E00095159,43,15,10,5,28,21,7,34.883720930232556,23.25581395348837,11.627906976744185,65.11627906976744,48.837209302325576,16.27906976744186
E00095160,125,45,18,27,80,63,17,36,14.399999999999999,21.6,64,50.4,13.600000000000001
E00095161,123,53,24,29,70,46,24,43.08943089430895,19.51219512195122,23.577235772357724,56.91056910569105,37.39837398373984,19.51219512195122
E00095162,77,25,9,16,52,39,13,32.467532467532465,11.688311688311687,20.77922077922078,67.53246753246754,50.649350649350644,16.883116883116884
E00095163,116,42,17,25,74,56,18,36.206896551724135,14.655172413793101,21.551724137931032,63.793103448275865,48.275862068965516,15.517241379310345
E00095164,174,73,40,33,101,83,18,41.95402298850575,22.988505747126435,18.96551724137931,58.04597701149425,47.701149425287355,10.344827586206897
E00095165,123,47,21,26,76,65,11,38.21138211382114,17.073170731707318,21.138211382113823,61.78861788617886,52.84552845528455,8.94308943089431
E00095166,48,24,15,9,24,18,6,50,31.25,18.75,50,37.5,12.5
E00095167,50,23,10,13,27,19,8,46,20,26,54,38,16
E00095168,59,18,9,9,41,33,8,30.508474576271187,15.254237288135593,15.254237288135593,69.49152542372882,55.932203389830505,13.559322033898304
E00095169,134,40,21,19,94,65,29,29.850746268656714,15.671641791044777,14.17910447761194,70.1492537313433,48.507462686567166,21.641791044776117
E00095170,145,49,17,32,96,82,14,33.793103448275865,11.724137931034482,22.06896551724138,66.20689655172414,56.55172413793104,9.655172413793103
E00095171,157,69,30,39,88,65,23,43.94904458598726,19.10828025477707,24.840764331210192,56.05095541401274,41.40127388535032,14.64968152866242
E00095172,93,29,11,18,64,49,15,31.182795698924732,11.827956989247312,19.35483870967742,68.81720430107528,52.68817204301075,16.129032258064516
E00095173,188,72,30,42,116,103,13,38.297872340425535,15.957446808510639,22.340425531914892,61.702127659574465,54.78723404255319,6.914893617021277
E00095174,154,58,20,38,96,77,19,37.66233766233766,12.987012987012985,24.675324675324674,62.33766233766234,50,12.337662337662337
E00095175,112,42,18,24,70,55,15,37.5,16.071428571428573,21.428571428571427,62.5,49.107142857142854,13.392857142857142
E00095176,165,61,28,33,104,79,25,36.96969696969697,16.969696969696972,20,63.030303030303024,47.878787878787875,15.151515151515152
E00095177,153,55,23,32,98,70,28,35.947712418300654,15.032679738562091,20.915032679738562,64.05228758169935,45.751633986928105,18.30065359477124
E00095178,161,63,19,44,98,74,24,39.130434782608695,11.801242236024844,27.32919254658385,60.86956521739131,45.962732919254655,14.906832298136646
E00095179,127,50,13,37,77,57,20,39.37007874015748,10.236220472440944,29.133858267716533,60.629921259842526,44.881889763779526,15.748031496062993
E00095180,129,46,19,27,83,65,18,35.65891472868217,14.728682170542637,20.930232558139537,64.34108527131784,50.3875968992248,13.953488372093023
E00095181,72,18,3,15,54,46,8,25,4.166666666666666,20.833333333333336,75,63.888888888888886,11.11111111111111
E00095182,88,39,11,28,49,44,5,44.31818181818182,12.5,31.818181818181817,55.68181818181818,50,5.681818181818182
E00095183,124,49,22,27,75,55,20,39.516129032258064,17.741935483870968,21.774193548387096,60.483870967741936,44.354838709677416,16.129032258064516
E00095185,83,37,10,27,46,36,10,44.57831325301205,12.048192771084338,32.53012048192771,55.42168674698795,43.373493975903614,12.048192771084338
E00095186,99,33,12,21,66,54,12,33.33333333333333,12.121212121212121,21.21212121212121,66.66666666666666,54.54545454545454,12.121212121212121
E00095187,131,47,12,35,84,70,14,35.87786259541985,9.16030534351145,26.717557251908396,64.12213740458014,53.43511450381679,10.687022900763358
E00095188,108,36,15,21,72,59,13,33.33333333333333,13.88888888888889,19.444444444444446,66.66666666666666,54.629629629629626,12.037037037037036
E00095189,164,50,12,38,114,97,17,30.48780487804878,7.317073170731707,23.170731707317074,69.51219512195121,59.14634146341463,10.365853658536585
E00095190,170,42,18,24,128,109,19,24.705882352941178,10.588235294117647,14.117647058823529,75.29411764705883,64.11764705882354,11.176470588235295
E00095192,143,54,15,39,89,76,13,37.76223776223776,10.48951048951049,27.27272727272727,62.23776223776224,53.14685314685315,9.090909090909092
E00095193,98,38,17,21,60,50,10,38.775510204081634,17.346938775510203,21.428571428571427,61.224489795918366,51.02040816326531,10.204081632653061
E00095194,123,44,19,25,79,56,23,35.77235772357724,15.447154471544716,20.32520325203252,64.22764227642277,45.52845528455284,18.69918699186992
E00095195,107,37,16,21,70,55,15,34.57943925233645,14.953271028037381,19.626168224299064,65.42056074766354,51.4018691588785,14.018691588785046
E00095196,111,41,15,26,70,63,7,36.93693693693694,13.513513513513514,23.423423423423422,63.06306306306306,56.75675675675676,6.306306306306306
E00095197,136,41,13,28,95,68,27,30.14705882352941,9.558823529411764,20.588235294117645,69.85294117647058,50,19.852941176470587
E00095198,309,78,24,54,231,204,27,25.24271844660194,7.766990291262135,17.475728155339805,74.75728155339806,66.01941747572816,8.737864077669903
E00095200,118,41,11,30,77,65,12,34.74576271186441,9.322033898305085,25.423728813559322,65.2542372881356,55.08474576271186,10.16949152542373
E00095201,123,42,12,30,81,70,11,34.146341463414636,9.75609756097561,24.390243902439025,65.85365853658537,56.91056910569105,8.94308943089431
E00095202,116,41,8,33,75,62,13,35.3448275862069,6.896551724137931,28.448275862068968,64.65517241379311,53.44827586206896,11.206896551724139
E00095203,63,37,13,24,26,21,5,58.730158730158735,20.634920634920633,38.095238095238095,41.269841269841265,33.33333333333333,7.936507936507936
E00095204,179,55,29,26,124,99,25,30.726256983240223,16.201117318435752,14.52513966480447,69.27374301675978,55.3072625698324,13.966480446927374
E00095205,99,33,10,23,66,61,5,33.33333333333333,10.1010101010101,23.232323232323232,66.66666666666666,61.61616161616161,5.05050505050505
E00095206,100,38,7,31,62,54,8,38,7.000000000000001,31,62,54,8
E00095207,93,30,10,20,63,50,13,32.25806451612903,10.75268817204301,21.50537634408602,67.74193548387096,53.76344086021505,13.978494623655912
E00095208,112,39,10,29,73,68,5,34.82142857142857,8.928571428571429,25.892857142857146,65.17857142857143,60.71428571428571,4.464285714285714
E00095209,135,48,17,31,87,70,17,35.55555555555556,12.592592592592592,22.962962962962962,64.44444444444444,51.85185185185185,12.592592592592592
E00095210,118,46,10,36,72,67,5,38.983050847457626,8.47457627118644,30.508474576271187,61.016949152542374,56.779661016949156,4.23728813559322
E00095211,104,30,7,23,74,62,12,28.846153846153843,6.730769230769231,22.115384615384613,71.15384615384616,59.61538461538461,11.538461538461538
E00095212,158,56,11,45,102,92,10,35.44303797468354,6.962025316455696,28.48101265822785,64.55696202531645,58.22784810126582,6.329113924050633
E00095213,112,43,10,33,69,56,13,38.392857142857146,8.928571428571429,29.464285714285715,61.60714285714286,50,11.607142857142858
E00095214,153,40,13,27,113,100,13,26.143790849673206,8.49673202614379,17.647058823529413,73.8562091503268,65.359477124183,8.49673202614379
E00095215,140,41,15,26,99,79,20,29.28571428571429,10.714285714285714,18.571428571428573,70.71428571428572,56.42857142857143,14.285714285714285
E00095216,96,31,9,22,65,55,10,32.29166666666667,9.375,22.916666666666664,67.70833333333334,57.291666666666664,10.416666666666668
E00095218,133,53,16,37,80,68,12,39.849624060150376,12.030075187969924,27.819548872180448,60.150375939849624,51.127819548872175,9.022556390977442
E00095219,89,37,15,22,52,38,14,41.57303370786517,16.853932584269664,24.719101123595504,58.42696629213483,42.69662921348314,15.730337078651685
E00095220,117,35,11,24,82,69,13,29.914529914529915,9.401709401709402,20.51282051282051,70.08547008547008,58.97435897435898,11.11111111111111
E00095221,159,66,31,35,93,78,15,41.509433962264154,19.49685534591195,22.0125786163522,58.490566037735846,49.056603773584904,9.433962264150944
E00095222,167,74,35,39,93,85,8,44.31137724550898,20.958083832335326,23.353293413173652,55.688622754491014,50.898203592814376,4.790419161676647
E00095223,94,40,22,18,54,38,16,42.5531914893617,23.404255319148938,19.148936170212767,57.446808510638306,40.42553191489361,17.02127659574468
E00095224,137,44,12,32,93,80,13,32.11678832116788,8.75912408759124,23.357664233576642,67.88321167883211,58.3941605839416,9.48905109489051
E00095225,132,42,14,28,90,77,13,31.818181818181817,10.606060606060606,21.21212121212121,68.18181818181817,58.333333333333336,9.848484848484848
E00095226,63,23,6,17,40,35,5,36.507936507936506,9.523809523809524,26.984126984126984,63.49206349206349,55.55555555555556,7.936507936507936
E00095227,130,50,12,38,80,71,9,38.46153846153847,9.230769230769232,29.230769230769234,61.53846153846154,54.61538461538461,6.923076923076923
E00095228,96,42,17,25,54,51,3,43.75,17.708333333333336,26.041666666666668,56.25,53.125,3.125
E00095229,109,38,12,26,71,60,11,34.862385321100916,11.009174311926607,23.853211009174313,65.13761467889908,55.04587155963303,10.091743119266056
E00095230,115,40,18,22,75,61,14,34.78260869565217,15.65217391304348,19.130434782608695,65.21739130434783,53.04347826086957,12.173913043478262
E00095232,162,77,33,44,85,63,22,47.53086419753087,20.37037037037037,27.160493827160494,52.46913580246913,38.88888888888889,13.580246913580247
E00095234,118,35,13,22,83,63,20,29.66101694915254,11.016949152542372,18.64406779661017,70.33898305084746,53.38983050847458,16.94915254237288
E00095235,89,46,16,30,43,32,11,51.68539325842697,17.97752808988764,33.70786516853933,48.31460674157304,35.95505617977528,12.359550561797752
E00095236,61,16,6,10,45,37,8,26.229508196721312,9.836065573770492,16.39344262295082,73.77049180327869,60.65573770491803,13.114754098360656
E00095237,184,59,24,35,125,92,33,32.065217391304344,13.043478260869565,19.021739130434785,67.93478260869566,50,17.934782608695652
E00095238,101,31,9,22,70,60,10,30.693069306930692,8.91089108910891,21.782178217821784,69.3069306930693,59.4059405940594,9.900990099009901
E00095239,101,34,11,23,67,51,16,33.663366336633665,10.891089108910892,22.772277227722775,66.33663366336634,50.495049504950494,15.841584158415841
E00095240,83,30,9,21,53,35,18,36.144578313253014,10.843373493975903,25.301204819277107,63.85542168674698,42.168674698795186,21.686746987951807
E00095241,98,36,14,22,62,52,10,36.734693877551024,14.285714285714285,22.448979591836736,63.26530612244898,53.06122448979592,10.204081632653061
E00095242,175,60,24,36,115,87,28,34.285714285714285,13.714285714285715,20.57142857142857,65.71428571428571,49.714285714285715,16
E00095243,190,73,36,37,117,94,23,38.421052631578945,18.947368421052634,19.473684210526315,61.578947368421055,49.473684210526315,12.105263157894736
E00095244,184,68,22,46,116,97,19,36.95652173913043,11.956521739130435,25,63.04347826086957,52.71739130434783,10.326086956521738
E00095245,149,58,7,51,91,81,10,38.92617449664429,4.697986577181208,34.22818791946309,61.07382550335571,54.36241610738255,6.7114093959731544
E00095246,180,71,22,49,109,86,23,39.44444444444444,12.222222222222221,27.22222222222222,60.55555555555555,47.77777777777778,12.777777777777777
E00095247,194,61,16,45,133,111,22,31.443298969072163,8.24742268041237,23.195876288659793,68.55670103092784,57.21649484536082,11.34020618556701
E00095248,133,45,17,28,88,70,18,33.83458646616541,12.781954887218044,21.052631578947366,66.16541353383458,52.63157894736842,13.533834586466165
E00095249,156,51,17,34,105,83,22,32.69230769230769,10.897435897435898,21.794871794871796,67.3076923076923,53.205128205128204,14.102564102564102
E00095250,156,54,23,31,102,81,21,34.61538461538461,14.743589743589745,19.871794871794872,65.38461538461539,51.92307692307693,13.461538461538462
E00095251,132,55,27,28,77,48,29,41.66666666666667,20.454545454545457,21.21212121212121,58.333333333333336,36.36363636363637,21.96969696969697
E00095252,113,44,15,29,69,49,20,38.93805309734513,13.274336283185843,25.663716814159294,61.06194690265486,43.36283185840708,17.699115044247787
E00095253,131,41,12,29,90,78,12,31.297709923664126,9.16030534351145,22.137404580152673,68.70229007633588,59.541984732824424,9.16030534351145
E00095254,85,29,10,19,56,51,5,34.11764705882353,11.76470588235294,22.35294117647059,65.88235294117646,60,5.88235294117647
E00095255,130,42,16,26,88,81,7,32.30769230769231,12.307692307692308,20,67.6923076923077,62.30769230769231,5.384615384615385
E00095256,278,81,20,61,197,174,23,29.136690647482016,7.1942446043165464,21.942446043165468,70.86330935251799,62.589928057553955,8.273381294964029
E00095257,157,40,18,22,117,102,15,25.477707006369428,11.464968152866243,14.012738853503185,74.52229299363057,64.96815286624204,9.554140127388536
E00095259,158,46,14,32,112,94,18,29.11392405063291,8.860759493670885,20.253164556962027,70.88607594936708,59.49367088607595,11.39240506329114
E00095260,140,34,11,23,106,88,18,24.285714285714285,7.857142857142857,16.428571428571427,75.71428571428571,62.857142857142854,12.857142857142856
E00095261,135,39,11,28,96,90,6,28.888888888888886,8.148148148148149,20.74074074074074,71.11111111111111,66.66666666666666,4.444444444444445
E00095262,183,66,16,50,117,104,13,36.0655737704918,8.743169398907105,27.322404371584703,63.934426229508205,56.830601092896174,7.103825136612022
E00095263,57,24,9,15,33,29,4,42.10526315789473,15.789473684210526,26.31578947368421,57.89473684210527,50.877192982456144,7.017543859649122
E00095264,134,42,8,34,92,77,15,31.343283582089555,5.970149253731343,25.37313432835821,68.65671641791045,57.46268656716418,11.194029850746269
E00095265,173,63,14,49,110,92,18,36.41618497109826,8.092485549132949,28.32369942196532,63.58381502890174,53.179190751445084,10.404624277456648
E00095266,136,42,8,34,94,84,10,30.88235294117647,5.88235294117647,25,69.11764705882352,61.76470588235294,7.352941176470589
E00095267,192,64,12,52,128,118,10,33.33333333333333,6.25,27.083333333333332,66.66666666666666,61.458333333333336,5.208333333333334
E00095269,116,32,10,22,84,79,5,27.586206896551722,8.620689655172415,18.96551724137931,72.41379310344827,68.10344827586206,4.310344827586207
E00095270,71,31,9,22,40,32,8,43.66197183098591,12.676056338028168,30.985915492957744,56.33802816901409,45.07042253521127,11.267605633802818
E00095271,136,48,20,28,88,77,11,35.294117647058826,14.705882352941178,20.588235294117645,64.70588235294117,56.61764705882353,8.088235294117647
E00095272,109,30,4,26,79,67,12,27.522935779816514,3.669724770642202,23.853211009174313,72.47706422018348,61.46788990825688,11.009174311926607
E00095273,140,39,10,29,101,91,10,27.857142857142858,7.142857142857142,20.714285714285715,72.14285714285714,65,7.142857142857142
E00095274,144,58,11,47,86,72,14,40.27777777777778,7.638888888888889,32.63888888888889,59.72222222222222,50,9.722222222222223
E00095275,173,68,15,53,105,91,14,39.30635838150289,8.670520231213873,30.63583815028902,60.69364161849711,52.601156069364166,8.092485549132949
E00095276,112,36,8,28,76,72,4,32.142857142857146,7.142857142857142,25,67.85714285714286,64.28571428571429,3.571428571428571
E00095277,186,51,16,35,135,117,18,27.419354838709676,8.60215053763441,18.817204301075268,72.58064516129032,62.903225806451616,9.67741935483871
E00095278,240,90,26,64,150,121,29,37.5,10.833333333333334,26.666666666666668,62.5,50.416666666666664,12.083333333333334
E00095279,150,51,19,32,99,92,7,34,12.666666666666668,21.333333333333336,66,61.33333333333333,4.666666666666667
E00095280,153,62,17,45,91,78,13,40.52287581699346,11.11111111111111,29.411764705882355,59.47712418300654,50.98039215686274,8.49673202614379
E00095281,159,42,8,34,117,99,18,26.41509433962264,5.031446540880504,21.38364779874214,73.58490566037736,62.264150943396224,11.320754716981133
E00095282,133,42,10,32,91,77,14,31.57894736842105,7.518796992481203,24.06015037593985,68.42105263157895,57.89473684210527,10.526315789473683
E00095283,76,31,7,24,45,36,9,40.78947368421053,9.210526315789473,31.57894736842105,59.210526315789465,47.368421052631575,11.842105263157894
E00095284,161,49,8,41,112,104,8,30.434782608695656,4.968944099378882,25.465838509316768,69.56521739130434,64.59627329192547,4.968944099378882
E00095285,153,54,15,39,99,87,12,35.294117647058826,9.803921568627452,25.49019607843137,64.70588235294117,56.86274509803921,7.8431372549019605
E00095286,121,37,13,24,84,76,8,30.57851239669421,10.743801652892563,19.834710743801654,69.42148760330579,62.8099173553719,6.6115702479338845
E00095287,116,39,9,30,77,71,6,33.62068965517241,7.758620689655173,25.862068965517242,66.37931034482759,61.206896551724135,5.172413793103448
E00095288,146,60,12,48,86,69,17,41.0958904109589,8.21917808219178,32.87671232876712,58.9041095890411,47.26027397260274,11.643835616438356
E00095289,136,49,9,40,87,72,15,36.029411764705884,6.61764705882353,29.411764705882355,63.970588235294116,52.94117647058824,11.029411764705882
E00095290,93,28,10,18,65,56,9,30.107526881720432,10.75268817204301,19.35483870967742,69.89247311827957,60.215053763440864,9.67741935483871
E00095291,148,59,21,38,89,73,16,39.86486486486486,14.18918918918919,25.675675675675674,60.13513513513513,49.32432432432432,10.81081081081081
E00095292,172,63,24,39,109,91,18,36.627906976744185,13.953488372093023,22.674418604651162,63.372093023255815,52.90697674418605,10.465116279069768
E00095293,152,47,16,31,105,91,14,30.92105263157895,10.526315789473683,20.394736842105264,69.07894736842105,59.86842105263158,9.210526315789473
E00095294,98,38,4,34,60,57,3,38.775510204081634,4.081632653061225,34.69387755102041,61.224489795918366,58.16326530612245,3.061224489795918
E00095295,200,77,29,48,123,93,30,38.5,14.499999999999998,24,61.5,46.5,15
E00095296,118,35,17,18,83,76,7,29.66101694915254,14.40677966101695,15.254237288135593,70.33898305084746,64.40677966101694,5.932203389830509
E00095297,113,36,9,27,77,68,9,31.858407079646017,7.964601769911504,23.893805309734514,68.14159292035397,60.17699115044248,7.964601769911504
E00095298,129,41,13,28,88,75,13,31.782945736434108,10.077519379844961,21.705426356589147,68.21705426356588,58.139534883720934,10.077519379844961
E00095299,128,45,13,32,83,70,13,35.15625,10.15625,25,64.84375,54.6875,10.15625
E00095300,166,57,12,45,109,92,17,34.33734939759036,7.228915662650602,27.10843373493976,65.66265060240963,55.42168674698795,10.240963855421686
E00095301,146,56,15,41,90,83,7,38.35616438356164,10.273972602739725,28.08219178082192,61.64383561643836,56.849315068493155,4.794520547945205
E00095302,91,32,11,21,59,49,10,35.16483516483517,12.087912087912088,23.076923076923077,64.83516483516483,53.84615384615385,10.989010989010989
E00095303,155,66,24,42,89,78,11,42.58064516129032,15.483870967741936,27.09677419354839,57.41935483870968,50.32258064516129,7.096774193548387
E00095304,141,48,23,25,93,80,13,34.04255319148936,16.312056737588655,17.73049645390071,65.95744680851064,56.73758865248227,9.219858156028367
E00095305,148,53,15,38,95,70,25,35.810810810810814,10.135135135135135,25.675675675675674,64.1891891891892,47.2972972972973,16.89189189189189
E00095306,84,29,8,21,55,47,8,34.523809523809526,9.523809523809524,25,65.47619047619048,55.952380952380956,9.523809523809524
E00095307,98,26,12,14,72,59,13,26.53061224489796,12.244897959183673,14.285714285714285,73.46938775510205,60.204081632653065,13.26530612244898
E00095308,135,48,15,33,87,69,18,35.55555555555556,11.11111111111111,24.444444444444443,64.44444444444444,51.11111111111111,13.333333333333334
E00095309,144,43,10,33,101,84,17,29.86111111111111,6.944444444444445,22.916666666666664,70.13888888888889,58.333333333333336,11.805555555555555
E00095310,158,66,25,41,92,84,8,41.77215189873418,15.822784810126583,25.949367088607595,58.22784810126582,53.16455696202531,5.063291139240507
E00095311,90,34,13,21,56,53,3,37.77777777777778,14.444444444444443,23.333333333333332,62.22222222222222,58.88888888888889,3.3333333333333335
E00095312,73,31,9,22,42,34,8,42.465753424657535,12.32876712328767,30.136986301369863,57.534246575342465,46.57534246575342,10.95890410958904
E00095313,72,25,6,19,47,38,9,34.72222222222222,8.333333333333332,26.38888888888889,65.27777777777779,52.77777777777778,12.5
E00095314,133,52,16,36,81,66,15,39.097744360902254,12.030075187969924,27.06766917293233,60.902255639097746,49.62406015037594,11.278195488721805
E00095315,133,44,8,36,89,73,16,33.08270676691729,6.015037593984962,27.06766917293233,66.9172932330827,54.88721804511278,12.030075187969924
E00095316,55,27,14,13,28,24,4,49.09090909090909,25.454545454545453,23.636363636363637,50.90909090909091,43.63636363636363,7.2727272727272725
E00095317,86,27,7,20,59,46,13,31.3953488372093,8.13953488372093,23.25581395348837,68.6046511627907,53.48837209302325,15.11627906976744
E00095318,127,42,11,31,85,77,8,33.07086614173229,8.661417322834646,24.409448818897637,66.92913385826772,60.629921259842526,6.299212598425196
E00095319,144,54,16,38,90,80,10,37.5,11.11111111111111,26.38888888888889,62.5,55.55555555555556,6.944444444444445
E00095320,98,34,9,25,64,55,9,34.69387755102041,9.183673469387756,25.510204081632654,65.3061224489796,56.12244897959183,9.183673469387756
E00095321,214,69,18,51,145,134,11,32.242990654205606,8.411214953271028,23.83177570093458,67.7570093457944,62.616822429906534,5.14018691588785
E00095322,204,75,24,51,129,107,22,36.76470588235294,11.76470588235294,25,63.23529411764706,52.450980392156865,10.784313725490197
E00095323,121,39,15,24,82,70,12,32.231404958677686,12.396694214876034,19.834710743801654,67.76859504132231,57.85123966942148,9.917355371900827
E00095324,128,44,17,27,84,67,17,34.375,13.28125,21.09375,65.625,52.34375,13.28125
E00095325,119,53,22,31,66,53,13,44.537815126050425,18.487394957983195,26.05042016806723,55.46218487394958,44.537815126050425,10.92436974789916
E00095326,173,62,25,37,111,77,34,35.83815028901734,14.450867052023122,21.38728323699422,64.16184971098265,44.50867052023121,19.653179190751445
E00095327,153,59,22,37,94,69,25,38.56209150326798,14.37908496732026,24.183006535947712,61.43790849673203,45.09803921568628,16.33986928104575
E00095328,117,32,11,21,85,76,9,27.350427350427353,9.401709401709402,17.94871794871795,72.64957264957265,64.95726495726495,7.6923076923076925
E00095329,123,50,13,37,73,52,21,40.65040650406504,10.569105691056912,30.081300813008134,59.34959349593496,42.27642276422765,17.073170731707318
E00095330,124,51,17,34,73,63,10,41.12903225806452,13.709677419354838,27.419354838709676,58.87096774193549,50.806451612903224,8.064516129032258
E00095331,126,43,21,22,83,70,13,34.12698412698413,16.666666666666664,17.46031746031746,65.87301587301587,55.55555555555556,10.317460317460316
E00095332,154,70,26,44,84,68,16,45.45454545454545,16.883116883116884,28.57142857142857,54.54545454545454,44.15584415584416,10.38961038961039
E00095333,97,39,14,25,58,38,20,40.20618556701031,14.432989690721648,25.773195876288657,59.79381443298969,39.175257731958766,20.618556701030926
E00095334,199,81,29,52,118,84,34,40.7035175879397,14.572864321608039,26.13065326633166,59.2964824120603,42.211055276381906,17.08542713567839
E00095335,62,24,10,14,38,29,9,38.70967741935484,16.129032258064516,22.58064516129032,61.29032258064516,46.774193548387096,14.516129032258066
E00095336,94,45,21,24,49,41,8,47.87234042553192,22.340425531914892,25.53191489361702,52.12765957446809,43.61702127659575,8.51063829787234
E00095337,139,49,14,35,90,73,17,35.25179856115108,10.071942446043165,25.179856115107913,64.74820143884892,52.51798561151079,12.23021582733813
E00095338,78,40,14,26,38,26,12,51.28205128205128,17.94871794871795,33.33333333333333,48.717948717948715,33.33333333333333,15.384615384615385
E00095339,113,38,10,28,75,54,21,33.6283185840708,8.849557522123893,24.778761061946902,66.3716814159292,47.78761061946903,18.58407079646018
E00095340,140,64,24,40,76,49,27,45.714285714285715,17.142857142857142,28.57142857142857,54.285714285714285,35,19.28571428571429
E00095341,153,57,24,33,96,72,24,37.254901960784316,15.686274509803921,21.568627450980394,62.745098039215684,47.05882352941176,15.686274509803921
E00095342,106,39,15,24,67,46,21,36.79245283018868,14.150943396226415,22.641509433962266,63.20754716981132,43.39622641509434,19.81132075471698
E00095343,176,69,26,43,107,87,20,39.20454545454545,14.772727272727273,24.431818181818183,60.79545454545454,49.43181818181818,11.363636363636363
E00095344,134,59,15,44,75,67,8,44.02985074626866,11.194029850746269,32.83582089552239,55.970149253731336,50,5.970149253731343
E00095345,117,48,12,36,69,62,7,41.02564102564102,10.256410256410255,30.76923076923077,58.97435897435898,52.991452991452995,5.982905982905983
E00095346,107,41,15,26,66,60,6,38.31775700934579,14.018691588785046,24.299065420560748,61.6822429906542,56.074766355140184,5.607476635514018
E00095347,130,36,9,27,94,78,16,27.692307692307693,6.923076923076923,20.76923076923077,72.3076923076923,60,12.307692307692308
E00095348,142,47,19,28,95,79,16,33.098591549295776,13.380281690140844,19.718309859154928,66.90140845070422,55.633802816901415,11.267605633802818
E00095349,200,74,29,45,126,118,8,37,14.499999999999998,22.5,63,59,4
E00095350,138,63,17,46,75,65,10,45.65217391304348,12.318840579710146,33.33333333333333,54.347826086956516,47.10144927536232,7.246376811594203
E00095351,175,50,15,35,125,104,21,28.57142857142857,8.571428571428571,20,71.42857142857143,59.42857142857143,12
E00095352,201,78,27,51,123,108,15,38.80597014925373,13.432835820895523,25.37313432835821,61.19402985074627,53.73134328358209,7.462686567164178
E00095353,193,73,25,48,120,101,19,37.82383419689119,12.953367875647666,24.870466321243523,62.17616580310881,52.331606217616574,9.844559585492227
E00095354,134,46,14,32,88,74,14,34.32835820895522,10.44776119402985,23.88059701492537,65.67164179104478,55.223880597014926,10.44776119402985
E00095355,212,67,12,55,145,128,17,31.60377358490566,5.660377358490567,25.943396226415093,68.39622641509435,60.37735849056604,8.018867924528301
E00095356,132,43,10,33,89,81,8,32.57575757575758,7.575757575757576,25,67.42424242424242,61.36363636363637,6.0606060606060606
E00095357,163,56,19,37,107,92,15,34.355828220858896,11.65644171779141,22.699386503067483,65.6441717791411,56.44171779141104,9.202453987730062
E00095358,162,52,16,36,110,91,19,32.098765432098766,9.876543209876543,22.22222222222222,67.90123456790124,56.17283950617284,11.728395061728394
E00095359,108,38,12,26,70,58,12,35.18518518518518,11.11111111111111,24.074074074074073,64.81481481481481,53.70370370370371,11.11111111111111
E00095360,146,54,16,38,92,80,12,36.986301369863014,10.95890410958904,26.027397260273972,63.013698630136986,54.794520547945204,8.21917808219178
E00095361,128,47,17,30,81,71,10,36.71875,13.28125,23.4375,63.28125,55.46875,7.8125
E00095362,62,28,11,17,34,28,6,45.16129032258064,17.741935483870968,27.419354838709676,54.83870967741935,45.16129032258064,9.67741935483871
E00095363,227,88,28,60,139,119,20,38.76651982378855,12.334801762114537,26.431718061674008,61.23348017621145,52.42290748898678,8.81057268722467
E00095364,183,55,23,32,128,104,24,30.05464480874317,12.568306010928962,17.48633879781421,69.94535519125684,56.830601092896174,13.114754098360656
E00095365,101,43,13,30,58,50,8,42.57425742574257,12.871287128712872,29.7029702970297,57.42574257425742,49.504950495049506,7.920792079207921
E00095366,146,43,13,30,103,84,19,29.45205479452055,8.904109589041095,20.54794520547945,70.54794520547945,57.534246575342465,13.013698630136986
E00095368,229,74,29,45,155,132,23,32.314410480349345,12.663755458515283,19.65065502183406,67.68558951965066,57.64192139737992,10.043668122270741
E00095370,47,13,6,7,34,32,2,27.659574468085108,12.76595744680851,14.893617021276595,72.3404255319149,68.08510638297872,4.25531914893617
E00095371,133,53,18,35,80,75,5,39.849624060150376,13.533834586466165,26.31578947368421,60.150375939849624,56.390977443609025,3.7593984962406015
E00095372,143,52,20,32,91,80,11,36.36363636363637,13.986013986013987,22.377622377622377,63.63636363636363,55.94405594405595,7.6923076923076925
E00095373,134,33,9,24,101,91,10,24.62686567164179,6.7164179104477615,17.91044776119403,75.3731343283582,67.91044776119402,7.462686567164178
E00095374,145,57,15,42,88,79,9,39.310344827586206,10.344827586206897,28.965517241379313,60.689655172413794,54.48275862068965,6.206896551724138
E00095375,262,103,24,79,159,142,17,39.31297709923664,9.16030534351145,30.15267175572519,60.68702290076335,54.19847328244275,6.488549618320611
E00095378,147,57,21,36,90,75,15,38.775510204081634,14.285714285714285,24.489795918367346,61.224489795918366,51.02040816326531,10.204081632653061
E00095379,92,35,10,25,57,50,7,38.04347826086957,10.869565217391305,27.173913043478258,61.95652173913043,54.347826086956516,7.608695652173914
E00095380,207,71,15,56,136,115,21,34.29951690821256,7.246376811594203,27.053140096618357,65.70048309178745,55.55555555555556,10.144927536231885
E00095381,155,50,13,37,105,97,8,32.25806451612903,8.38709677419355,23.870967741935484,67.74193548387096,62.58064516129033,5.161290322580645
E00095382,137,44,9,35,93,80,13,32.11678832116788,6.569343065693431,25.547445255474454,67.88321167883211,58.3941605839416,9.48905109489051
E00095383,105,45,16,29,60,43,17,42.857142857142854,15.238095238095239,27.61904761904762,57.14285714285714,40.95238095238095,16.19047619047619
E00095384,97,30,10,20,67,60,7,30.927835051546392,10.309278350515463,20.618556701030926,69.0721649484536,61.855670103092784,7.216494845360824
E00095385,154,57,22,35,97,87,10,37.01298701298701,14.285714285714285,22.727272727272727,62.98701298701299,56.493506493506494,6.493506493506493
E00095386,123,42,5,37,81,72,9,34.146341463414636,4.0650406504065035,30.081300813008134,65.85365853658537,58.536585365853654,7.317073170731707
E00095387,70,32,15,17,38,30,8,45.714285714285715,21.428571428571427,24.285714285714285,54.285714285714285,42.857142857142854,11.428571428571429
E00095388,122,48,18,30,74,63,11,39.34426229508197,14.754098360655737,24.59016393442623,60.65573770491803,51.63934426229508,9.01639344262295
E00095389,164,39,6,33,125,106,19,23.78048780487805,3.6585365853658534,20.121951219512198,76.21951219512195,64.63414634146342,11.585365853658537
E00095390,94,35,10,25,59,50,9,37.234042553191486,10.638297872340425,26.595744680851062,62.76595744680851,53.191489361702125,9.574468085106384
E00095391,118,46,10,36,72,61,11,38.983050847457626,8.47457627118644,30.508474576271187,61.016949152542374,51.69491525423729,9.322033898305085
E00095392,118,39,12,27,79,73,6,33.05084745762712,10.16949152542373,22.88135593220339,66.94915254237289,61.86440677966102,5.084745762711865
E00095393,155,47,12,35,108,93,15,30.32258064516129,7.741935483870968,22.58064516129032,69.6774193548387,60,9.67741935483871
E00095394,141,48,16,32,93,83,10,34.04255319148936,11.347517730496454,22.69503546099291,65.95744680851064,58.86524822695035,7.092198581560284
E00095395,103,45,17,28,58,48,10,43.689320388349515,16.50485436893204,27.184466019417474,56.310679611650485,46.601941747572816,9.70873786407767
E00095396,133,46,17,29,87,78,9,34.58646616541353,12.781954887218044,21.804511278195488,65.41353383458647,58.64661654135338,6.7669172932330826
E00095397,206,65,21,44,141,128,13,31.55339805825243,10.194174757281553,21.35922330097087,68.44660194174757,62.13592233009708,6.310679611650485
E00095398,124,46,19,27,78,69,9,37.096774193548384,15.32258064516129,21.774193548387096,62.903225806451616,55.64516129032258,7.258064516129033
E00095399,146,55,25,30,91,67,24,37.67123287671233,17.123287671232877,20.54794520547945,62.328767123287676,45.89041095890411,16.43835616438356
E00095400,213,82,29,53,131,106,25,38.497652582159624,13.615023474178404,24.88262910798122,61.502347417840376,49.76525821596244,11.737089201877934
E00095401,117,39,13,26,78,65,13,33.33333333333333,11.11111111111111,22.22222222222222,66.66666666666666,55.55555555555556,11.11111111111111
E00095402,192,59,19,40,133,118,15,30.729166666666668,9.895833333333332,20.833333333333336,69.27083333333334,61.458333333333336,7.8125
E00095403,105,47,21,26,58,49,9,44.761904761904766,20,24.761904761904763,55.23809523809524,46.666666666666664,8.571428571428571
E00095404,247,84,36,48,163,134,29,34.0080971659919,14.5748987854251,19.4331983805668,65.9919028340081,54.25101214574899,11.740890688259109
E00095405,171,51,14,37,120,100,20,29.82456140350877,8.187134502923977,21.637426900584796,70.17543859649122,58.47953216374269,11.695906432748536
E00095406,143,51,15,36,92,85,7,35.66433566433567,10.48951048951049,25.174825174825177,64.33566433566433,59.44055944055944,4.895104895104895
E00095407,119,44,15,29,75,67,8,36.97478991596639,12.605042016806722,24.369747899159663,63.02521008403361,56.30252100840336,6.722689075630252
E00095408,127,42,22,20,85,73,12,33.07086614173229,17.322834645669293,15.748031496062993,66.92913385826772,57.48031496062992,9.448818897637794
E00095409,208,67,18,49,141,122,19,32.21153846153847,8.653846153846153,23.557692307692307,67.78846153846155,58.65384615384615,9.134615384615383
E00095410,191,57,14,43,134,119,15,29.84293193717277,7.329842931937172,22.5130890052356,70.15706806282722,62.30366492146597,7.853403141361256
E00095411,130,42,17,25,88,76,12,32.30769230769231,13.076923076923078,19.230769230769234,67.6923076923077,58.46153846153847,9.230769230769232
E00095412,107,46,16,30,61,52,9,42.99065420560748,14.953271028037381,28.037383177570092,57.009345794392516,48.598130841121495,8.411214953271028
E00095413,100,36,14,22,64,58,6,36,14.000000000000002,22,64,57.99999999999999,6
E00095414,84,28,6,22,56,52,4,33.33333333333333,7.142857142857142,26.190476190476193,66.66666666666666,61.904761904761905,4.761904761904762
E00095415,152,42,12,30,110,98,12,27.631578947368425,7.894736842105263,19.736842105263158,72.36842105263158,64.47368421052632,7.894736842105263
E00095416,96,48,9,39,48,45,3,50,9.375,40.625,50,46.875,3.125
E00095417,199,62,12,50,137,120,17,31.155778894472363,6.030150753768844,25.125628140703515,68.84422110552764,60.30150753768844,8.542713567839195
E00095418,253,100,27,73,153,129,24,39.52569169960474,10.67193675889328,28.85375494071146,60.47430830039525,50.988142292490124,9.486166007905137
E00095419,173,52,12,40,121,104,17,30.057803468208093,6.9364161849710975,23.121387283236995,69.94219653179191,60.115606936416185,9.826589595375722
E00095420,123,42,14,28,81,76,5,34.146341463414636,11.38211382113821,22.76422764227642,65.85365853658537,61.78861788617886,4.0650406504065035
E00095421,153,51,14,37,102,97,5,33.33333333333333,9.15032679738562,24.183006535947712,66.66666666666666,63.39869281045751,3.2679738562091507
E00095422,209,75,28,47,134,121,13,35.88516746411483,13.397129186602871,22.48803827751196,64.11483253588517,57.89473684210527,6.220095693779904
E00095423,182,48,11,37,134,109,25,26.373626373626376,6.043956043956044,20.32967032967033,73.62637362637363,59.89010989010989,13.736263736263737
E00095425,176,65,28,37,111,98,13,36.93181818181818,15.909090909090908,21.022727272727273,63.06818181818182,55.68181818181818,7.386363636363637
E00095426,139,45,20,25,94,76,18,32.37410071942446,14.388489208633093,17.985611510791365,67.62589928057554,54.67625899280576,12.949640287769784
E00095427,259,87,36,51,172,149,23,33.59073359073359,13.8996138996139,19.69111969111969,66.40926640926641,57.52895752895753,8.880308880308881
E00095428,122,39,11,28,83,71,12,31.967213114754102,9.01639344262295,22.950819672131146,68.0327868852459,58.19672131147541,9.836065573770492
E00095430,94,39,14,25,55,45,10,41.48936170212766,14.893617021276595,26.595744680851062,58.51063829787234,47.87234042553192,10.638297872340425
E00095431,158,71,25,46,87,69,18,44.936708860759495,15.822784810126583,29.11392405063291,55.06329113924051,43.67088607594937,11.39240506329114
E00095436,76,36,17,19,40,32,8,47.368421052631575,22.36842105263158,25,52.63157894736842,42.10526315789473,10.526315789473683
E00095437,149,56,23,33,93,83,10,37.58389261744966,15.436241610738255,22.14765100671141,62.41610738255034,55.70469798657718,6.7114093959731544
E00095438,59,25,11,14,34,32,2,42.3728813559322,18.64406779661017,23.728813559322035,57.6271186440678,54.23728813559322,3.389830508474576
E00095439,170,67,22,45,103,77,26,39.411764705882355,12.941176470588237,26.47058823529412,60.588235294117645,45.294117647058826,15.294117647058824
E00095440,150,51,24,27,99,83,16,34,16,18,66,55.333333333333336,10.666666666666668
E00095441,159,58,17,41,101,90,11,36.477987421383645,10.69182389937107,25.78616352201258,63.52201257861635,56.60377358490566,6.918238993710692
E00095442,194,82,31,51,112,92,20,42.2680412371134,15.979381443298967,26.288659793814436,57.73195876288659,47.42268041237113,10.309278350515463
E00095443,97,38,19,19,59,32,27,39.175257731958766,19.587628865979383,19.587628865979383,60.824742268041234,32.98969072164948,27.835051546391753
E00095444,174,67,20,47,107,78,29,38.50574712643678,11.494252873563218,27.011494252873565,61.49425287356321,44.827586206896555,16.666666666666664
E00095445,147,56,18,38,91,68,23,38.095238095238095,12.244897959183673,25.850340136054424,61.904761904761905,46.25850340136054,15.646258503401361
E00095447,67,25,10,15,42,31,11,37.3134328358209,14.925373134328357,22.388059701492537,62.68656716417911,46.26865671641791,16.417910447761194
E00095448,182,71,26,45,111,85,26,39.010989010989015,14.285714285714285,24.725274725274726,60.98901098901099,46.7032967032967,14.285714285714285
E00095449,106,42,7,35,64,51,13,39.62264150943396,6.60377358490566,33.0188679245283,60.37735849056604,48.113207547169814,12.264150943396226
E00095450,89,37,13,24,52,47,5,41.57303370786517,14.606741573033707,26.96629213483146,58.42696629213483,52.80898876404494,5.617977528089887
E00095451,108,43,18,25,65,53,12,39.81481481481482,16.666666666666664,23.14814814814815,60.18518518518518,49.074074074074076,11.11111111111111
E00095452,75,27,12,15,48,39,9,36,16,20,64,52,12
E00095453,146,63,22,41,83,74,9,43.15068493150685,15.068493150684931,28.08219178082192,56.849315068493155,50.68493150684932,6.164383561643835
E00095454,72,30,14,16,42,34,8,41.66666666666667,19.444444444444446,22.22222222222222,58.333333333333336,47.22222222222222,11.11111111111111
E00095455,104,43,16,27,61,50,11,41.34615384615385,15.384615384615385,25.961538461538463,58.65384615384615,48.07692307692308,10.576923076923077
E00095456,161,65,27,38,96,89,7,40.37267080745342,16.77018633540373,23.60248447204969,59.62732919254658,55.27950310559007,4.3478260869565215
E00095457,61,22,4,18,39,33,6,36.0655737704918,6.557377049180328,29.508196721311474,63.934426229508205,54.09836065573771,9.836065573770492
E00095458,76,25,11,14,51,41,10,32.89473684210527,14.473684210526317,18.421052631578945,67.10526315789474,53.94736842105263,13.157894736842104
E00095459,177,74,23,51,103,84,19,41.80790960451977,12.994350282485875,28.8135593220339,58.19209039548022,47.45762711864407,10.734463276836157
E00095460,122,48,13,35,74,65,9,39.34426229508197,10.655737704918032,28.688524590163933,60.65573770491803,53.278688524590166,7.377049180327869
E00095461,80,33,8,25,47,39,8,41.25,10,31.25,58.75,48.75,10
E00095462,159,53,20,33,106,97,9,33.33333333333333,12.578616352201259,20.754716981132077,66.66666666666666,61.0062893081761,5.660377358490567
E00095463,124,57,23,34,67,55,12,45.96774193548387,18.548387096774192,27.419354838709676,54.03225806451613,44.354838709677416,9.67741935483871
E00095464,209,77,28,49,132,119,13,36.84210526315789,13.397129186602871,23.444976076555022,63.1578947368421,56.9377990430622,6.220095693779904
E00095465,95,35,16,19,60,45,15,36.84210526315789,16.842105263157894,20,63.1578947368421,47.368421052631575,15.789473684210526
E00095466,93,40,20,20,53,46,7,43.01075268817204,21.50537634408602,21.50537634408602,56.98924731182796,49.46236559139785,7.526881720430108
E00095467,98,39,17,22,59,51,8,39.795918367346935,17.346938775510203,22.448979591836736,60.204081632653065,52.04081632653062,8.16326530612245
E00095468,71,27,9,18,44,41,3,38.028169014084504,12.676056338028168,25.352112676056336,61.97183098591549,57.74647887323944,4.225352112676056
E00095469,166,70,32,38,96,74,22,42.168674698795186,19.27710843373494,22.89156626506024,57.831325301204814,44.57831325301205,13.253012048192772
E00095470,216,83,34,49,133,98,35,38.425925925925924,15.74074074074074,22.685185185185187,61.57407407407407,45.370370370370374,16.203703703703702
E00095471,211,82,25,57,129,115,14,38.862559241706165,11.848341232227488,27.014218009478675,61.137440758293835,54.502369668246445,6.6350710900473935
E00095472,170,57,18,39,113,96,17,33.52941176470588,10.588235294117647,22.941176470588236,66.47058823529412,56.470588235294116,10
E00095473,129,41,6,35,88,77,11,31.782945736434108,4.651162790697675,27.131782945736433,68.21705426356588,59.68992248062015,8.527131782945736
E00095474,107,36,9,27,71,56,15,33.64485981308411,8.411214953271028,25.233644859813083,66.35514018691589,52.336448598130836,14.018691588785046
E00095475,173,47,9,38,126,116,10,27.167630057803464,5.202312138728324,21.965317919075144,72.83236994219652,67.05202312138728,5.780346820809249
E00095476,138,47,14,33,91,81,10,34.05797101449276,10.144927536231885,23.91304347826087,65.94202898550725,58.69565217391305,7.246376811594203
E00095477,106,33,10,23,73,63,10,31.132075471698112,9.433962264150944,21.69811320754717,68.86792452830188,59.43396226415094,9.433962264150944
E00095478,164,49,10,39,115,92,23,29.878048780487802,6.097560975609756,23.78048780487805,70.1219512195122,56.09756097560976,14.02439024390244
E00095479,102,32,6,26,70,58,12,31.372549019607842,5.88235294117647,25.49019607843137,68.62745098039215,56.86274509803921,11.76470588235294
E00095480,150,40,15,25,110,100,10,26.666666666666668,10,16.666666666666664,73.33333333333333,66.66666666666666,6.666666666666667
E00095481,123,59,19,40,64,56,8,47.96747967479675,15.447154471544716,32.52032520325203,52.03252032520326,45.52845528455284,6.504065040650407
E00095482,189,64,23,41,125,110,15,33.86243386243386,12.16931216931217,21.693121693121693,66.13756613756614,58.201058201058196,7.936507936507936
E00095483,246,84,29,55,162,142,20,34.146341463414636,11.788617886178862,22.35772357723577,65.85365853658537,57.72357723577236,8.130081300813007
E00095484,112,41,14,27,71,55,16,36.607142857142854,12.5,24.107142857142858,63.39285714285714,49.107142857142854,14.285714285714285
E00095485,134,44,18,26,90,80,10,32.83582089552239,13.432835820895523,19.402985074626866,67.16417910447761,59.70149253731343,7.462686567164178
E00095486,182,61,9,52,121,105,16,33.51648351648351,4.945054945054945,28.57142857142857,66.48351648351648,57.692307692307686,8.791208791208792
E00095487,195,63,13,50,132,119,13,32.30769230769231,6.666666666666667,25.64102564102564,67.6923076923077,61.02564102564103,6.666666666666667
E00095488,131,40,9,31,91,85,6,30.53435114503817,6.870229007633588,23.66412213740458,69.46564885496184,64.8854961832061,4.580152671755725
E00095489,112,37,11,26,75,62,13,33.035714285714285,9.821428571428571,23.214285714285715,66.96428571428571,55.35714285714286,11.607142857142858
E00095490,84,24,6,18,60,53,7,28.57142857142857,7.142857142857142,21.428571428571427,71.42857142857143,63.095238095238095,8.333333333333332
E00095491,110,44,6,38,66,61,5,40,5.454545454545454,34.54545454545455,60,55.45454545454545,4.545454545454546
E00095492,168,53,16,37,115,99,16,31.547619047619047,9.523809523809524,22.023809523809522,68.45238095238095,58.92857142857143,9.523809523809524
E00095493,154,45,14,31,109,102,7,29.22077922077922,9.090909090909092,20.12987012987013,70.77922077922078,66.23376623376623,4.545454545454546
E00095494,155,47,16,31,108,97,11,30.32258064516129,10.32258064516129,20,69.6774193548387,62.58064516129033,7.096774193548387
E00095495,217,68,17,51,149,131,18,31.336405529953915,7.834101382488479,23.502304147465438,68.66359447004609,60.36866359447005,8.294930875576037
E00095496,204,60,11,49,144,126,18,29.411764705882355,5.392156862745098,24.019607843137255,70.58823529411765,61.76470588235294,8.823529411764707
E00095497,175,63,15,48,112,93,19,36,8.571428571428571,27.42857142857143,64,53.142857142857146,10.857142857142858
E00095498,295,100,18,82,195,178,17,33.89830508474576,6.101694915254238,27.796610169491526,66.10169491525424,60.33898305084746,5.762711864406779
E00095499,151,56,15,41,95,91,4,37.086092715231786,9.933774834437086,27.1523178807947,62.913907284768214,60.264900662251655,2.6490066225165565
E00095500,257,62,20,42,195,159,36,24.124513618677042,7.782101167315175,16.342412451361866,75.87548638132296,61.86770428015564,14.007782101167315
E00095501,224,63,22,41,161,140,21,28.125,9.821428571428571,18.303571428571427,71.875,62.5,9.375
E00095502,176,62,18,44,114,102,12,35.22727272727273,10.227272727272728,25,64.77272727272727,57.95454545454546,6.8181818181818175
E00095503,191,66,18,48,125,109,16,34.55497382198953,9.424083769633508,25.13089005235602,65.44502617801047,57.06806282722513,8.37696335078534
E00095504,138,46,12,34,92,76,16,33.33333333333333,8.695652173913043,24.637681159420293,66.66666666666666,55.072463768115945,11.594202898550725
E00095506,153,43,8,35,110,95,15,28.104575163398692,5.228758169934641,22.875816993464053,71.89542483660131,62.091503267973856,9.803921568627452
E00095507,150,52,13,39,98,81,17,34.66666666666667,8.666666666666668,26,65.33333333333333,54,11.333333333333332
E00095508,189,68,18,50,121,101,20,35.978835978835974,9.523809523809524,26.455026455026452,64.02116402116403,53.43915343915344,10.582010582010582
E00095510,219,70,18,52,149,128,21,31.963470319634702,8.21917808219178,23.74429223744292,68.0365296803653,58.44748858447488,9.58904109589041
E00095511,248,67,14,53,181,154,27,27.016129032258064,5.64516129032258,21.370967741935484,72.98387096774194,62.096774193548384,10.887096774193548
E00095512,198,59,15,44,139,116,23,29.797979797979796,7.575757575757576,22.22222222222222,70.2020202020202,58.58585858585859,11.616161616161616
E00095513,151,58,16,42,93,84,9,38.41059602649007,10.596026490066226,27.81456953642384,61.58940397350994,55.62913907284768,5.960264900662252
E00095514,164,61,21,40,103,88,15,37.19512195121951,12.804878048780488,24.390243902439025,62.80487804878049,53.65853658536586,9.146341463414634
E00095515,152,65,20,45,87,75,12,42.76315789473684,13.157894736842104,29.605263157894733,57.23684210526315,49.34210526315789,7.894736842105263
E00095516,175,60,20,40,115,95,20,34.285714285714285,11.428571428571429,22.857142857142858,65.71428571428571,54.285714285714285,11.428571428571429
E00095517,120,40,18,22,80,63,17,33.33333333333333,15,18.333333333333332,66.66666666666666,52.5,14.166666666666666
E00095518,114,26,9,17,88,81,7,22.807017543859647,7.894736842105263,14.912280701754385,77.19298245614034,71.05263157894737,6.140350877192982
E00095519,151,49,9,40,102,85,17,32.450331125827816,5.960264900662252,26.490066225165563,67.54966887417218,56.29139072847682,11.258278145695364
E00095520,214,65,21,44,149,124,25,30.373831775700932,9.813084112149532,20.5607476635514,69.62616822429906,57.943925233644855,11.682242990654206
E00095521,163,48,15,33,115,100,15,29.447852760736197,9.202453987730062,20.245398773006134,70.5521472392638,61.34969325153374,9.202453987730062
E00095522,219,76,29,47,143,124,19,34.70319634703196,13.24200913242009,21.461187214611872,65.29680365296804,56.62100456621004,8.67579908675799
E00095523,138,57,22,35,81,74,7,41.30434782608695,15.942028985507244,25.36231884057971,58.69565217391305,53.62318840579711,5.072463768115942
E00095524,149,58,18,40,91,80,11,38.92617449664429,12.080536912751679,26.845637583892618,61.07382550335571,53.691275167785236,7.38255033557047
E00095525,148,57,30,27,91,68,23,38.513513513513516,20.27027027027027,18.243243243243242,61.48648648648649,45.94594594594595,15.54054054054054
E00095526,165,50,16,34,115,99,16,30.303030303030305,9.696969696969697,20.606060606060606,69.6969696969697,60,9.696969696969697
E00095527,140,42,14,28,98,83,15,30,10,20,70,59.285714285714285,10.714285714285714
E00095528,147,55,19,36,92,81,11,37.41496598639456,12.925170068027212,24.489795918367346,62.585034013605444,55.10204081632652,7.482993197278912
E00095529,83,36,9,27,47,42,5,43.373493975903614,10.843373493975903,32.53012048192771,56.62650602409639,50.602409638554214,6.024096385542169
E00095530,117,37,18,19,80,73,7,31.62393162393162,15.384615384615385,16.23931623931624,68.37606837606837,62.39316239316239,5.982905982905983
E00095533,158,69,17,52,89,67,22,43.67088607594937,10.759493670886076,32.91139240506329,56.32911392405063,42.405063291139236,13.924050632911392
E00095534,114,57,24,33,57,43,14,50,21.052631578947366,28.947368421052634,50,37.719298245614034,12.280701754385964
E00095535,144,52,11,41,92,73,19,36.11111111111111,7.638888888888889,28.47222222222222,63.888888888888886,50.69444444444444,13.194444444444445
E00095536,109,40,20,20,69,49,20,36.69724770642202,18.34862385321101,18.34862385321101,63.30275229357798,44.95412844036697,18.34862385321101
E00095537,170,67,22,45,103,70,33,39.411764705882355,12.941176470588237,26.47058823529412,60.588235294117645,41.17647058823529,19.411764705882355
E00095538,68,32,11,21,36,30,6,47.05882352941176,16.176470588235293,30.88235294117647,52.94117647058824,44.11764705882353,8.823529411764707
E00095539,104,43,20,23,61,38,23,41.34615384615385,19.230769230769234,22.115384615384613,58.65384615384615,36.53846153846153,22.115384615384613
E00095540,144,65,20,45,79,57,22,45.13888888888889,13.88888888888889,31.25,54.861111111111114,39.58333333333333,15.277777777777779
E00095541,167,57,18,39,110,93,17,34.13173652694611,10.778443113772456,23.353293413173652,65.86826347305389,55.688622754491014,10.179640718562874
E00095542,175,55,19,36,120,104,16,31.428571428571427,10.857142857142858,20.57142857142857,68.57142857142857,59.42857142857143,9.142857142857142
E00095543,162,60,27,33,102,73,29,37.03703703703704,16.666666666666664,20.37037037037037,62.96296296296296,45.06172839506173,17.901234567901234
E00095544,192,64,17,47,128,106,22,33.33333333333333,8.854166666666668,24.479166666666664,66.66666666666666,55.208333333333336,11.458333333333332
E00095545,171,72,29,43,99,81,18,42.10526315789473,16.95906432748538,25.146198830409354,57.89473684210527,47.368421052631575,10.526315789473683
E00095546,151,49,13,36,102,88,14,32.450331125827816,8.609271523178808,23.841059602649008,67.54966887417218,58.27814569536424,9.271523178807946
E00095547,88,37,15,22,51,46,5,42.04545454545455,17.045454545454543,25,57.95454545454546,52.27272727272727,5.681818181818182
E00095548,237,81,26,55,156,117,39,34.177215189873415,10.970464135021098,23.20675105485232,65.82278481012658,49.36708860759494,16.455696202531644
E00095549,204,72,26,46,132,96,36,35.294117647058826,12.745098039215685,22.54901960784314,64.70588235294117,47.05882352941176,17.647058823529413
E00095550,191,62,31,31,129,103,26,32.460732984293195,16.230366492146597,16.230366492146597,67.5392670157068,53.92670157068062,13.612565445026178
E00095551,151,57,19,38,94,74,20,37.74834437086093,12.582781456953644,25.165562913907287,62.251655629139066,49.00662251655629,13.245033112582782
E00095552,170,72,22,50,98,77,21,42.35294117647059,12.941176470588237,29.411764705882355,57.647058823529406,45.294117647058826,12.352941176470589
E00095553,179,53,23,30,126,103,23,29.608938547486037,12.849162011173185,16.75977653631285,70.39106145251397,57.54189944134078,12.849162011173185
E00095554,184,70,24,46,114,84,30,38.04347826086957,13.043478260869565,25,61.95652173913043,45.65217391304348,16.304347826086957
E00095555,220,82,28,54,138,108,30,37.27272727272727,12.727272727272727,24.545454545454547,62.727272727272734,49.09090909090909,13.636363636363635
E00095556,221,88,35,53,133,102,31,39.81900452488688,15.837104072398189,23.981900452488688,60.18099547511312,46.15384615384615,14.027149321266968
E00095557,193,80,35,45,113,86,27,41.45077720207254,18.134715025906736,23.316062176165804,58.549222797927456,44.559585492227974,13.989637305699482
E00095558,135,55,20,35,80,59,21,40.74074074074074,14.814814814814813,25.925925925925924,59.25925925925925,43.7037037037037,15.555555555555555
E00095559,226,88,37,51,138,104,34,38.93805309734513,16.371681415929203,22.566371681415927,61.06194690265486,46.017699115044245,15.04424778761062
E00095560,104,36,12,24,68,56,12,34.61538461538461,11.538461538461538,23.076923076923077,65.38461538461539,53.84615384615385,11.538461538461538
E00095561,170,66,28,38,104,73,31,38.82352941176471,16.470588235294116,22.35294117647059,61.1764705882353,42.94117647058823,18.235294117647058
E00095562,117,31,10,21,86,72,14,26.495726495726498,8.547008547008547,17.94871794871795,73.50427350427351,61.53846153846154,11.965811965811966
E00095563,172,60,20,40,112,74,38,34.883720930232556,11.627906976744185,23.25581395348837,65.11627906976744,43.02325581395349,22.093023255813954
E00095564,205,59,23,36,146,92,54,28.780487804878046,11.219512195121952,17.560975609756095,71.21951219512195,44.87804878048781,26.34146341463415
E00095565,155,53,18,35,102,76,26,34.193548387096776,11.612903225806452,22.58064516129032,65.80645161290323,49.03225806451613,16.7741935483871
E00095566,152,50,19,31,102,73,29,32.89473684210527,12.5,20.394736842105264,67.10526315789474,48.026315789473685,19.078947368421055
E00095567,147,50,17,33,97,67,30,34.01360544217687,11.564625850340136,22.448979591836736,65.98639455782312,45.57823129251701,20.408163265306122
E00095568,81,29,11,18,52,37,15,35.80246913580247,13.580246913580247,22.22222222222222,64.19753086419753,45.67901234567901,18.51851851851852
E00095569,145,54,19,35,91,66,25,37.24137931034483,13.10344827586207,24.137931034482758,62.758620689655174,45.51724137931035,17.24137931034483
E00095570,164,75,26,49,89,71,18,45.73170731707317,15.853658536585366,29.878048780487802,54.268292682926834,43.292682926829265,10.975609756097562
E00095571,166,51,18,33,115,85,30,30.72289156626506,10.843373493975903,19.879518072289155,69.27710843373494,51.204819277108435,18.072289156626507
E00095572,126,50,17,33,76,52,24,39.682539682539684,13.492063492063492,26.190476190476193,60.317460317460316,41.269841269841265,19.047619047619047
E00095573,113,33,11,22,80,57,23,29.20353982300885,9.734513274336283,19.469026548672566,70.79646017699115,50.442477876106196,20.353982300884958
E00095574,131,48,16,32,83,73,10,36.6412213740458,12.213740458015266,24.427480916030532,63.358778625954194,55.72519083969466,7.633587786259542
E00095575,152,59,19,40,93,71,22,38.81578947368421,12.5,26.31578947368421,61.18421052631579,46.71052631578947,14.473684210526317
E00095576,167,63,18,45,104,76,28,37.72455089820359,10.778443113772456,26.94610778443114,62.27544910179641,45.50898203592814,16.766467065868262
E00095577,124,39,10,29,85,69,16,31.451612903225808,8.064516129032258,23.387096774193548,68.54838709677419,55.64516129032258,12.903225806451612
E00095578,125,42,4,38,83,74,9,33.6,3.2,30.4,66.4,59.199999999999996,7.199999999999999
E00095579,194,69,17,52,125,108,17,35.56701030927835,8.762886597938143,26.804123711340207,64.43298969072166,55.670103092783506,8.762886597938143
E00095580,99,31,6,25,68,56,12,31.313131313131315,6.0606060606060606,25.252525252525253,68.68686868686868,56.56565656565656,12.121212121212121
E00095581,134,45,12,33,89,79,10,33.582089552238806,8.955223880597014,24.62686567164179,66.4179104477612,58.95522388059702,7.462686567164178
E00095582,158,58,14,44,100,82,18,36.708860759493675,8.860759493670885,27.848101265822784,63.29113924050633,51.89873417721519,11.39240506329114
E00095583,79,31,8,23,48,43,5,39.24050632911392,10.126582278481013,29.11392405063291,60.75949367088608,54.43037974683544,6.329113924050633
E00095584,153,48,17,31,105,94,11,31.372549019607842,11.11111111111111,20.26143790849673,68.62745098039215,61.43790849673203,7.18954248366013
E00095585,122,35,12,23,87,74,13,28.688524590163933,9.836065573770492,18.852459016393443,71.31147540983606,60.65573770491803,10.655737704918032
E00095586,161,41,17,24,120,98,22,25.465838509316768,10.559006211180124,14.906832298136646,74.53416149068323,60.86956521739131,13.664596273291925
E00095588,238,66,20,46,172,149,23,27.73109243697479,8.403361344537815,19.327731092436977,72.26890756302521,62.60504201680672,9.663865546218489
E00095589,102,24,9,15,78,68,10,23.52941176470588,8.823529411764707,14.705882352941178,76.47058823529412,66.66666666666666,9.803921568627452
E00095590,132,54,13,41,78,65,13,40.909090909090914,9.848484848484848,31.060606060606062,59.09090909090909,49.24242424242424,9.848484848484848
E00095591,128,43,18,25,85,71,14,33.59375,14.0625,19.53125,66.40625,55.46875,10.9375
E00095592,124,33,9,24,91,76,15,26.61290322580645,7.258064516129033,19.35483870967742,73.38709677419355,61.29032258064516,12.096774193548388
E00095593,168,48,13,35,120,106,14,28.57142857142857,7.738095238095238,20.833333333333336,71.42857142857143,63.095238095238095,8.333333333333332
E00095594,132,45,16,29,87,77,10,34.090909090909086,12.121212121212121,21.96969696969697,65.9090909090909,58.333333333333336,7.575757575757576
E00095595,97,34,15,19,63,57,6,35.051546391752574,15.463917525773196,19.587628865979383,64.94845360824742,58.76288659793815,6.185567010309279
E00095596,139,55,12,43,84,74,10,39.568345323741006,8.633093525179856,30.935251798561154,60.431654676258994,53.23741007194245,7.1942446043165464
E00095597,140,53,15,38,87,70,17,37.857142857142854,10.714285714285714,27.142857142857142,62.142857142857146,50,12.142857142857142
E00095598,145,54,13,41,91,81,10,37.24137931034483,8.96551724137931,28.27586206896552,62.758620689655174,55.86206896551724,6.896551724137931
E00095599,94,41,12,29,53,47,6,43.61702127659575,12.76595744680851,30.851063829787233,56.38297872340425,50,6.382978723404255
E00095600,104,32,12,20,72,67,5,30.76923076923077,11.538461538461538,19.230769230769234,69.23076923076923,64.42307692307693,4.807692307692308
E00095601,204,65,19,46,139,119,20,31.862745098039213,9.313725490196079,22.54901960784314,68.13725490196079,58.333333333333336,9.803921568627452
E00095602,143,72,17,55,71,56,15,50.349650349650354,11.888111888111888,38.46153846153847,49.65034965034965,39.16083916083916,10.48951048951049
E00095604,268,80,31,49,188,152,36,29.850746268656714,11.567164179104477,18.28358208955224,70.1492537313433,56.71641791044776,13.432835820895523
E00095605,152,39,13,26,113,93,20,25.657894736842106,8.552631578947368,17.105263157894736,74.3421052631579,61.18421052631579,13.157894736842104
E00095606,132,33,11,22,99,88,11,25,8.333333333333332,16.666666666666664,75,66.66666666666666,8.333333333333332
E00095607,156,60,25,35,96,79,17,38.46153846153847,16.025641025641026,22.435897435897438,61.53846153846154,50.641025641025635,10.897435897435898
E00095608,116,38,12,26,78,67,11,32.758620689655174,10.344827586206897,22.413793103448278,67.24137931034483,57.758620689655174,9.482758620689655
E00095609,166,41,13,28,125,96,29,24.69879518072289,7.83132530120482,16.867469879518072,75.30120481927712,57.831325301204814,17.46987951807229
E00095611,129,34,12,22,95,80,15,26.356589147286826,9.30232558139535,17.05426356589147,73.64341085271317,62.01550387596899,11.627906976744185
E00095612,124,46,16,30,78,64,14,37.096774193548384,12.903225806451612,24.193548387096776,62.903225806451616,51.61290322580645,11.29032258064516
E00095613,147,47,9,38,100,85,15,31.97278911564626,6.122448979591836,25.850340136054424,68.02721088435374,57.82312925170068,10.204081632653061
E00095614,115,49,23,26,66,55,11,42.608695652173914,20,22.608695652173914,57.391304347826086,47.82608695652174,9.565217391304348
E00095615,140,43,12,31,97,79,18,30.714285714285715,8.571428571428571,22.142857142857142,69.28571428571428,56.42857142857143,12.857142857142856
E00095616,196,63,19,44,133,110,23,32.142857142857146,9.693877551020408,22.448979591836736,67.85714285714286,56.12244897959183,11.73469387755102
E00095617,307,92,33,59,215,182,33,29.967426710097723,10.749185667752444,19.218241042345277,70.03257328990227,59.28338762214984,10.749185667752444
E00095618,228,60,18,42,168,148,20,26.31578947368421,7.894736842105263,18.421052631578945,73.68421052631578,64.91228070175438,8.771929824561402
E00095619,119,55,13,42,64,56,8,46.21848739495798,10.92436974789916,35.294117647058826,53.78151260504202,47.05882352941176,6.722689075630252
E00095620,179,65,20,45,114,94,20,36.312849162011176,11.1731843575419,25.139664804469277,63.687150837988824,52.513966480446925,11.1731843575419
E00095622,110,45,21,24,65,47,18,40.909090909090914,19.090909090909093,21.818181818181817,59.09090909090909,42.72727272727273,16.363636363636363
E00095623,101,42,12,30,59,53,6,41.584158415841586,11.881188118811881,29.7029702970297,58.415841584158414,52.475247524752476,5.9405940594059405
E00095624,61,25,9,16,36,29,7,40.98360655737705,14.754098360655737,26.229508196721312,59.01639344262295,47.540983606557376,11.475409836065573
E00095625,130,59,18,41,71,54,17,45.38461538461539,13.846153846153847,31.538461538461537,54.61538461538461,41.53846153846154,13.076923076923078
E00095626,171,70,25,45,101,82,19,40.93567251461988,14.619883040935672,26.31578947368421,59.06432748538012,47.953216374269005,11.11111111111111
E00095627,56,21,7,14,35,25,10,37.5,12.5,25,62.5,44.642857142857146,17.857142857142858
E00095628,118,54,23,31,64,57,7,45.76271186440678,19.491525423728813,26.27118644067797,54.23728813559322,48.30508474576271,5.932203389830509
E00095629,138,59,20,39,79,70,9,42.7536231884058,14.492753623188406,28.26086956521739,57.2463768115942,50.72463768115942,6.521739130434782
E00095630,109,37,14,23,72,63,9,33.94495412844037,12.844036697247708,21.100917431192663,66.05504587155964,57.798165137614674,8.256880733944955
E00095631,122,38,13,25,84,70,14,31.147540983606557,10.655737704918032,20.491803278688526,68.85245901639344,57.377049180327866,11.475409836065573
E00095632,109,41,13,28,68,59,9,37.61467889908257,11.926605504587156,25.688073394495415,62.38532110091744,54.12844036697248,8.256880733944955
E00095633,96,32,10,22,64,61,3,33.33333333333333,10.416666666666668,22.916666666666664,66.66666666666666,63.541666666666664,3.125
E00095634,158,65,23,42,93,77,16,41.139240506329116,14.556962025316455,26.582278481012654,58.86075949367089,48.734177215189874,10.126582278481013
E00095635,144,69,23,46,75,67,8,47.91666666666667,15.972222222222221,31.944444444444443,52.083333333333336,46.52777777777778,5.555555555555555
E00095636,114,36,11,25,78,70,8,31.57894736842105,9.649122807017543,21.929824561403507,68.42105263157895,61.40350877192983,7.017543859649122
E00095637,94,37,14,23,57,31,26,39.361702127659576,14.893617021276595,24.46808510638298,60.63829787234043,32.97872340425532,27.659574468085108
E00095638,146,48,21,27,98,75,23,32.87671232876712,14.383561643835616,18.493150684931507,67.12328767123287,51.369863013698634,15.753424657534246
E00095640,157,60,26,34,97,87,10,38.21656050955414,16.560509554140125,21.656050955414013,61.78343949044586,55.4140127388535,6.369426751592357
E00095641,108,41,10,31,67,64,3,37.96296296296296,9.25925925925926,28.703703703703702,62.03703703703704,59.25925925925925,2.7777777777777777
E00095643,115,46,15,31,69,55,14,40,13.043478260869565,26.956521739130434,60,47.82608695652174,12.173913043478262
E00095644,166,64,21,43,102,74,28,38.55421686746988,12.650602409638553,25.903614457831324,61.44578313253012,44.57831325301205,16.867469879518072
E00095645,121,44,16,28,77,56,21,36.36363636363637,13.223140495867769,23.140495867768596,63.63636363636363,46.28099173553719,17.355371900826448
E00095646,112,48,12,36,64,56,8,42.857142857142854,10.714285714285714,32.142857142857146,57.14285714285714,50,7.142857142857142
E00095647,210,91,34,57,119,96,23,43.333333333333336,16.19047619047619,27.142857142857142,56.666666666666664,45.714285714285715,10.952380952380953
E00095648,197,73,23,50,124,95,29,37.055837563451774,11.6751269035533,25.380710659898476,62.944162436548226,48.223350253807105,14.720812182741117
E00095649,186,80,26,54,106,97,9,43.01075268817204,13.978494623655912,29.03225806451613,56.98924731182796,52.1505376344086,4.838709677419355
E00095650,149,60,26,34,89,80,9,40.26845637583892,17.449664429530202,22.818791946308725,59.73154362416108,53.691275167785236,6.0402684563758395
E00095651,149,46,16,30,103,76,27,30.87248322147651,10.738255033557047,20.13422818791946,69.12751677852349,51.006711409395976,18.120805369127517
E00095652,131,50,22,28,81,68,13,38.16793893129771,16.793893129770993,21.374045801526716,61.832061068702295,51.908396946564885,9.923664122137405
E00095653,104,46,12,34,58,46,12,44.230769230769226,11.538461538461538,32.69230769230769,55.769230769230774,44.230769230769226,11.538461538461538
E00095654,124,53,16,37,71,51,20,42.74193548387097,12.903225806451612,29.838709677419356,57.25806451612904,41.12903225806452,16.129032258064516
E00095655,99,31,9,22,68,59,9,31.313131313131315,9.090909090909092,22.22222222222222,68.68686868686868,59.59595959595959,9.090909090909092
E00095656,120,55,30,25,65,39,26,45.83333333333333,25,20.833333333333336,54.166666666666664,32.5,21.666666666666668
E00095657,110,54,23,31,56,42,14,49.09090909090909,20.909090909090907,28.18181818181818,50.90909090909091,38.18181818181819,12.727272727272727
E00095658,109,42,18,24,67,54,13,38.53211009174312,16.51376146788991,22.018348623853214,61.46788990825688,49.54128440366973,11.926605504587156
E00095659,99,44,16,28,55,46,9,44.44444444444444,16.161616161616163,28.28282828282828,55.55555555555556,46.464646464646464,9.090909090909092
E00095660,85,41,20,21,44,37,7,48.23529411764706,23.52941176470588,24.705882352941178,51.76470588235295,43.529411764705884,8.235294117647058
E00095661,228,88,32,56,140,94,46,38.59649122807017,14.035087719298245,24.561403508771928,61.40350877192983,41.228070175438596,20.175438596491226
E00095662,113,50,17,33,63,47,16,44.24778761061947,15.04424778761062,29.20353982300885,55.75221238938053,41.5929203539823,14.15929203539823
E00095663,161,61,23,38,100,85,15,37.88819875776397,14.285714285714285,23.60248447204969,62.11180124223602,52.79503105590062,9.316770186335404
E00095664,135,40,14,26,95,72,23,29.629629629629626,10.37037037037037,19.25925925925926,70.37037037037037,53.333333333333336,17.037037037037038
E00095665,163,50,22,28,113,88,25,30.67484662576687,13.496932515337424,17.177914110429448,69.32515337423312,53.987730061349694,15.337423312883436
E00095666,124,48,26,22,76,58,18,38.70967741935484,20.967741935483872,17.741935483870968,61.29032258064516,46.774193548387096,14.516129032258066
E00095667,119,50,27,23,69,51,18,42.016806722689076,22.689075630252102,19.327731092436977,57.98319327731093,42.857142857142854,15.126050420168067
E00095668,83,34,10,24,49,35,14,40.963855421686745,12.048192771084338,28.915662650602407,59.036144578313255,42.168674698795186,16.867469879518072
E00095669,154,57,21,36,97,76,21,37.01298701298701,13.636363636363635,23.376623376623375,62.98701298701299,49.35064935064935,13.636363636363635
E00095670,177,69,28,41,108,83,25,38.983050847457626,15.819209039548024,23.163841807909606,61.016949152542374,46.89265536723164,14.124293785310735
E00095671,120,49,17,32,71,56,15,40.833333333333336,14.166666666666666,26.666666666666668,59.166666666666664,46.666666666666664,12.5
E00095672,158,59,29,30,99,75,24,37.34177215189873,18.354430379746837,18.9873417721519,62.65822784810127,47.46835443037975,15.18987341772152
E00095673,129,51,17,34,78,65,13,39.53488372093023,13.178294573643413,26.356589147286826,60.46511627906976,50.3875968992248,10.077519379844961
E00095674,139,55,21,34,84,68,16,39.568345323741006,15.107913669064748,24.46043165467626,60.431654676258994,48.92086330935252,11.510791366906476
E00095675,179,63,30,33,116,76,40,35.19553072625698,16.75977653631285,18.435754189944134,64.80446927374301,42.45810055865922,22.3463687150838
E00095676,120,47,16,31,73,57,16,39.166666666666664,13.333333333333334,25.833333333333336,60.83333333333333,47.5,13.333333333333334
E00095678,155,65,25,40,90,60,30,41.935483870967744,16.129032258064516,25.806451612903224,58.06451612903226,38.70967741935484,19.35483870967742
E00095679,129,45,11,34,84,67,17,34.883720930232556,8.527131782945736,26.356589147286826,65.11627906976744,51.93798449612403,13.178294573643413
E00095680,141,49,18,31,92,83,9,34.751773049645394,12.76595744680851,21.98581560283688,65.24822695035462,58.86524822695035,6.382978723404255
E00095681,172,56,18,38,116,97,19,32.55813953488372,10.465116279069768,22.093023255813954,67.44186046511628,56.395348837209305,11.046511627906977
E00095682,175,57,22,35,118,95,23,32.57142857142858,12.571428571428573,20,67.42857142857143,54.285714285714285,13.142857142857142
E00095683,179,59,20,39,120,96,24,32.960893854748605,11.1731843575419,21.787709497206702,67.0391061452514,53.63128491620112,13.40782122905028
E00095684,171,42,10,32,129,113,16,24.561403508771928,5.847953216374268,18.71345029239766,75.43859649122807,66.08187134502924,9.35672514619883
E00095685,85,40,20,20,45,38,7,47.05882352941176,23.52941176470588,23.52941176470588,52.94117647058824,44.70588235294118,8.235294117647058
E00095686,85,21,5,16,64,55,9,24.705882352941178,5.88235294117647,18.823529411764707,75.29411764705883,64.70588235294117,10.588235294117647
E00095687,89,18,0,18,71,52,19,20.224719101123593,0,20.224719101123593,79.7752808988764,58.42696629213483,21.34831460674157
E00095688,141,42,9,33,99,81,18,29.78723404255319,6.382978723404255,23.404255319148938,70.2127659574468,57.446808510638306,12.76595744680851
E00095689,105,34,7,27,71,60,11,32.38095238095238,6.666666666666667,25.71428571428571,67.61904761904762,57.14285714285714,10.476190476190476
E00095690,212,75,27,48,137,112,25,35.37735849056604,12.735849056603774,22.641509433962266,64.62264150943396,52.83018867924528,11.79245283018868
E00095692,131,50,19,31,81,69,12,38.16793893129771,14.50381679389313,23.66412213740458,61.832061068702295,52.67175572519084,9.16030534351145
E00095693,118,45,9,36,73,57,16,38.13559322033898,7.627118644067797,30.508474576271187,61.86440677966102,48.30508474576271,13.559322033898304
E00095694,152,54,9,45,98,82,16,35.526315789473685,5.921052631578947,29.605263157894733,64.47368421052632,53.94736842105263,10.526315789473683
E00095695,129,40,16,24,89,68,21,31.007751937984494,12.4031007751938,18.6046511627907,68.9922480620155,52.71317829457365,16.27906976744186
E00095696,142,44,13,31,98,82,16,30.985915492957744,9.15492957746479,21.830985915492956,69.01408450704226,57.74647887323944,11.267605633802818
E00095697,160,47,16,31,113,98,15,29.375,10,19.375,70.625,61.25000000000001,9.375
E00095698,118,43,12,31,75,66,9,36.440677966101696,10.16949152542373,26.27118644067797,63.559322033898304,55.932203389830505,7.627118644067797
E00095699,118,45,13,32,73,63,10,38.13559322033898,11.016949152542372,27.11864406779661,61.86440677966102,53.38983050847458,8.47457627118644
E00095700,141,51,19,32,90,54,36,36.17021276595745,13.47517730496454,22.69503546099291,63.829787234042556,38.297872340425535,25.53191489361702
E00095701,124,54,12,42,70,56,14,43.54838709677419,9.67741935483871,33.87096774193548,56.451612903225815,45.16129032258064,11.29032258064516
E00095702,133,46,15,31,87,70,17,34.58646616541353,11.278195488721805,23.308270676691727,65.41353383458647,52.63157894736842,12.781954887218044
E00095703,150,82,31,51,68,60,8,54.666666666666664,20.666666666666668,34,45.33333333333333,40,5.333333333333334
E00095704,86,34,14,20,52,34,18,39.53488372093023,16.27906976744186,23.25581395348837,60.46511627906976,39.53488372093023,20.930232558139537
E00095705,133,64,34,30,69,51,18,48.1203007518797,25.563909774436087,22.55639097744361,51.8796992481203,38.34586466165413,13.533834586466165
E00095706,125,53,22,31,72,42,30,42.4,17.599999999999998,24.8,57.599999999999994,33.6,24
E00095707,143,49,21,28,94,70,24,34.26573426573427,14.685314685314685,19.58041958041958,65.73426573426573,48.95104895104895,16.783216783216783
E00095708,208,77,31,46,131,84,47,37.019230769230774,14.903846153846153,22.115384615384613,62.980769230769226,40.38461538461539,22.596153846153847
E00095709,161,59,19,40,102,77,25,36.64596273291926,11.801242236024844,24.84472049689441,63.35403726708074,47.82608695652174,15.527950310559005
E00095710,158,56,21,35,102,63,39,35.44303797468354,13.291139240506327,22.151898734177212,64.55696202531645,39.87341772151899,24.68354430379747
E00095711,150,48,12,36,102,81,21,32,8,24,68,54,14.000000000000002
E00095712,187,63,19,44,124,98,26,33.68983957219251,10.16042780748663,23.52941176470588,66.31016042780749,52.406417112299465,13.903743315508022
E00095713,95,33,13,20,62,43,19,34.73684210526316,13.684210526315791,21.052631578947366,65.26315789473685,45.26315789473684,20
E00095714,105,39,18,21,66,44,22,37.142857142857146,17.142857142857142,20,62.857142857142854,41.904761904761905,20.952380952380953
E00095715,95,23,7,16,72,60,12,24.210526315789473,7.368421052631578,16.842105263157894,75.78947368421053,63.1578947368421,12.631578947368421
E00095716,53,22,13,9,31,20,11,41.509433962264154,24.528301886792452,16.9811320754717,58.490566037735846,37.735849056603776,20.754716981132077
E00095717,72,32,20,12,40,30,10,44.44444444444444,27.77777777777778,16.666666666666664,55.55555555555556,41.66666666666667,13.88888888888889
E00095718,106,21,8,13,85,67,18,19.81132075471698,7.547169811320755,12.264150943396226,80.18867924528303,63.20754716981132,16.9811320754717
E00095721,42,15,6,9,27,24,3,35.714285714285715,14.285714285714285,21.428571428571427,64.28571428571429,57.14285714285714,7.142857142857142
E00095722,211,88,23,65,123,86,37,41.70616113744076,10.90047393364929,30.80568720379147,58.29383886255924,40.758293838862556,17.535545023696685
E00095723,59,24,12,12,35,25,10,40.67796610169492,20.33898305084746,20.33898305084746,59.32203389830508,42.3728813559322,16.94915254237288
E00095724,289,95,32,63,194,156,38,32.8719723183391,11.072664359861593,21.79930795847751,67.1280276816609,53.979238754325266,13.148788927335639
E00095725,46,20,10,10,26,18,8,43.47826086956522,21.73913043478261,21.73913043478261,56.52173913043478,39.130434782608695,17.391304347826086
E00095726,120,51,27,24,69,55,14,42.5,22.5,20,57.49999999999999,45.83333333333333,11.666666666666666
E00095727,87,37,13,24,50,45,5,42.5287356321839,14.942528735632186,27.586206896551722,57.47126436781609,51.724137931034484,5.747126436781609
E00095728,219,66,21,45,153,124,29,30.136986301369863,9.58904109589041,20.54794520547945,69.86301369863014,56.62100456621004,13.24200913242009
E00095729,121,35,12,23,86,69,17,28.92561983471074,9.917355371900827,19.00826446280992,71.07438016528926,57.02479338842975,14.049586776859504
E00095730,214,69,27,42,145,121,24,32.242990654205606,12.616822429906541,19.626168224299064,67.7570093457944,56.54205607476636,11.214953271028037
E00095731,224,68,21,47,156,132,24,30.357142857142854,9.375,20.982142857142858,69.64285714285714,58.92857142857143,10.714285714285714
E00095732,112,40,17,23,72,49,23,35.714285714285715,15.178571428571427,20.535714285714285,64.28571428571429,43.75,20.535714285714285
E00095733,178,68,30,38,110,85,25,38.20224719101123,16.853932584269664,21.34831460674157,61.79775280898876,47.752808988764045,14.04494382022472
E00095734,154,52,19,33,102,74,28,33.76623376623377,12.337662337662337,21.428571428571427,66.23376623376623,48.05194805194805,18.181818181818183
E00095735,127,48,15,33,79,61,18,37.79527559055118,11.811023622047244,25.984251968503933,62.20472440944882,48.031496062992126,14.173228346456693
E00095736,184,59,21,38,125,96,29,32.065217391304344,11.41304347826087,20.652173913043477,67.93478260869566,52.17391304347826,15.760869565217392
E00095737,36,10,3,7,26,22,4,27.77777777777778,8.333333333333332,19.444444444444446,72.22222222222221,61.111111111111114,11.11111111111111
E00095738,64,25,14,11,39,30,9,39.0625,21.875,17.1875,60.9375,46.875,14.0625
E00095739,127,59,21,38,68,56,12,46.45669291338583,16.535433070866144,29.92125984251969,53.54330708661418,44.09448818897638,9.448818897637794
E00095740,152,67,34,33,85,64,21,44.07894736842105,22.36842105263158,21.710526315789476,55.92105263157895,42.10526315789473,13.815789473684212
E00095741,110,46,15,31,64,54,10,41.81818181818181,13.636363636363635,28.18181818181818,58.18181818181818,49.09090909090909,9.090909090909092
E00095742,109,51,15,36,58,50,8,46.788990825688074,13.761467889908257,33.02752293577982,53.21100917431193,45.87155963302752,7.339449541284404
E00095743,153,50,21,29,103,83,20,32.6797385620915,13.725490196078432,18.954248366013072,67.3202614379085,54.248366013071895,13.071895424836603
E00095745,135,40,12,28,95,82,13,29.629629629629626,8.88888888888889,20.74074074074074,70.37037037037037,60.74074074074074,9.62962962962963
E00095746,118,43,21,22,75,68,7,36.440677966101696,17.796610169491526,18.64406779661017,63.559322033898304,57.6271186440678,5.932203389830509
E00095747,143,47,23,24,96,80,16,32.86713286713287,16.083916083916083,16.783216783216783,67.13286713286713,55.94405594405595,11.188811188811188
E00095748,157,72,36,36,85,68,17,45.85987261146497,22.929936305732486,22.929936305732486,54.14012738853503,43.31210191082803,10.828025477707007
E00095749,89,43,14,29,46,35,11,48.31460674157304,15.730337078651685,32.58426966292135,51.68539325842697,39.325842696629216,12.359550561797752
E00095750,66,32,19,13,34,24,10,48.484848484848484,28.78787878787879,19.696969696969695,51.515151515151516,36.36363636363637,15.151515151515152
E00095751,77,28,13,15,49,43,6,36.36363636363637,16.883116883116884,19.480519480519483,63.63636363636363,55.84415584415584,7.792207792207792
E00095752,100,36,13,23,64,52,12,36,13,23,64,52,12
E00095753,108,47,27,20,61,42,19,43.51851851851852,25,18.51851851851852,56.481481481481474,38.88888888888889,17.59259259259259
E00095754,67,27,13,14,40,30,10,40.298507462686565,19.402985074626866,20.8955223880597,59.70149253731343,44.776119402985074,14.925373134328357
E00095755,111,56,19,37,55,46,9,50.45045045045045,17.117117117117118,33.33333333333333,49.549549549549546,41.44144144144144,8.108108108108109
E00095756,103,39,17,22,64,59,5,37.86407766990291,16.50485436893204,21.35922330097087,62.13592233009708,57.28155339805825,4.854368932038835
E00095757,89,30,14,16,59,44,15,33.70786516853933,15.730337078651685,17.97752808988764,66.29213483146067,49.43820224719101,16.853932584269664
E00095760,114,52,15,37,62,49,13,45.614035087719294,13.157894736842104,32.45614035087719,54.385964912280706,42.98245614035088,11.403508771929824
E00095761,186,83,33,50,103,69,34,44.623655913978496,17.741935483870968,26.881720430107524,55.376344086021504,37.096774193548384,18.27956989247312
E00095762,136,58,18,40,78,66,12,42.64705882352941,13.23529411764706,29.411764705882355,57.35294117647059,48.529411764705884,8.823529411764707
E00095763,153,72,31,41,81,57,24,47.05882352941176,20.26143790849673,26.797385620915033,52.94117647058824,37.254901960784316,15.686274509803921
E00095764,203,76,40,36,127,87,40,37.4384236453202,19.704433497536947,17.733990147783253,62.5615763546798,42.857142857142854,19.704433497536947
E00095767,124,44,24,20,80,45,35,35.483870967741936,19.35483870967742,16.129032258064516,64.51612903225806,36.29032258064516,28.225806451612907
E00095768,84,35,13,22,49,44,5,41.66666666666667,15.476190476190476,26.190476190476193,58.333333333333336,52.38095238095239,5.952380952380952
E00095769,101,39,18,21,62,39,23,38.613861386138616,17.82178217821782,20.792079207920793,61.386138613861384,38.613861386138616,22.772277227722775
E00095770,43,14,5,9,29,21,8,32.55813953488372,11.627906976744185,20.930232558139537,67.44186046511628,48.837209302325576,18.6046511627907
E00095773,179,80,34,46,99,71,28,44.6927374301676,18.994413407821227,25.69832402234637,55.3072625698324,39.66480446927375,15.64245810055866
E00095774,101,41,20,21,60,43,17,40.5940594059406,19.801980198019802,20.792079207920793,59.4059405940594,42.57425742574257,16.831683168316832
E00095775,44,15,4,11,29,20,9,34.090909090909086,9.090909090909092,25,65.9090909090909,45.45454545454545,20.454545454545457
E00095776,136,47,17,30,89,56,33,34.55882352941176,12.5,22.058823529411764,65.44117647058823,41.17647058823529,24.264705882352942
E00095777,182,61,21,40,121,84,37,33.51648351648351,11.538461538461538,21.978021978021978,66.48351648351648,46.15384615384615,20.32967032967033
E00095778,78,25,10,15,53,41,12,32.05128205128205,12.82051282051282,19.230769230769234,67.94871794871796,52.56410256410257,15.384615384615385
E00095779,118,37,18,19,81,59,22,31.35593220338983,15.254237288135593,16.101694915254235,68.64406779661016,50,18.64406779661017
E00095780,162,49,14,35,113,95,18,30.246913580246915,8.641975308641975,21.604938271604937,69.75308641975309,58.64197530864198,11.11111111111111
E00095781,131,42,12,30,89,61,28,32.06106870229007,9.16030534351145,22.900763358778626,67.93893129770993,46.56488549618321,21.374045801526716
E00095782,196,56,18,38,140,94,46,28.57142857142857,9.183673469387756,19.387755102040817,71.42857142857143,47.95918367346938,23.46938775510204
E00095783,66,25,10,15,41,36,5,37.878787878787875,15.151515151515152,22.727272727272727,62.121212121212125,54.54545454545454,7.575757575757576
E00095784,103,39,13,26,64,49,15,37.86407766990291,12.62135922330097,25.24271844660194,62.13592233009708,47.57281553398058,14.563106796116504
E00095785,103,33,13,20,70,49,21,32.038834951456316,12.62135922330097,19.41747572815534,67.96116504854369,47.57281553398058,20.388349514563107
E00095786,107,36,13,23,71,56,15,33.64485981308411,12.149532710280374,21.49532710280374,66.35514018691589,52.336448598130836,14.018691588785046
E00095787,133,51,17,34,82,55,27,38.34586466165413,12.781954887218044,25.563909774436087,61.65413533834586,41.35338345864661,20.30075187969925
E00095788,174,57,22,35,117,87,30,32.758620689655174,12.643678160919542,20.114942528735632,67.24137931034483,50,17.24137931034483
E00095789,126,50,27,23,76,57,19,39.682539682539684,21.428571428571427,18.253968253968253,60.317460317460316,45.23809523809524,15.079365079365079
E00095790,144,46,15,31,98,86,12,31.944444444444443,10.416666666666668,21.52777777777778,68.05555555555556,59.72222222222222,8.333333333333332
E00095791,163,64,30,34,99,76,23,39.263803680981596,18.404907975460123,20.858895705521473,60.73619631901841,46.62576687116564,14.11042944785276
E00095792,91,37,18,19,54,38,16,40.65934065934066,19.78021978021978,20.87912087912088,59.34065934065934,41.75824175824176,17.582417582417584
E00095793,85,43,15,28,42,32,10,50.588235294117645,17.647058823529413,32.94117647058823,49.411764705882355,37.64705882352941,11.76470588235294
E00095794,96,40,14,26,56,40,16,41.66666666666667,14.583333333333334,27.083333333333332,58.333333333333336,41.66666666666667,16.666666666666664
E00095795,185,70,30,40,115,79,36,37.83783783783784,16.216216216216218,21.62162162162162,62.16216216216216,42.7027027027027,19.45945945945946
E00095796,122,49,23,26,73,47,26,40.16393442622951,18.852459016393443,21.311475409836063,59.83606557377049,38.52459016393443,21.311475409836063
E00095797,129,41,19,22,88,55,33,31.782945736434108,14.728682170542637,17.05426356589147,68.21705426356588,42.63565891472868,25.581395348837212
E00095798,113,41,18,23,72,44,28,36.283185840707965,15.929203539823009,20.353982300884958,63.716814159292035,38.93805309734513,24.778761061946902
E00095799,108,47,20,27,61,50,11,43.51851851851852,18.51851851851852,25,56.481481481481474,46.2962962962963,10.185185185185185
E00095800,241,94,34,60,147,98,49,39.004149377593365,14.107883817427386,24.896265560165975,60.99585062240664,40.66390041493776,20.33195020746888
E00095801,96,37,13,24,59,50,9,38.54166666666667,13.541666666666666,25,61.458333333333336,52.083333333333336,9.375
E00095802,106,47,19,28,59,44,15,44.339622641509436,17.92452830188679,26.41509433962264,55.660377358490564,41.509433962264154,14.150943396226415
E00095803,166,57,23,34,109,77,32,34.33734939759036,13.855421686746988,20.481927710843372,65.66265060240963,46.3855421686747,19.27710843373494
E00095804,95,34,11,23,61,44,17,35.78947368421053,11.578947368421053,24.210526315789473,64.21052631578948,46.31578947368421,17.894736842105264
E00095805,138,49,18,31,89,69,20,35.507246376811594,13.043478260869565,22.463768115942027,64.4927536231884,50,14.492753623188406
E00095806,153,61,28,33,92,60,32,39.869281045751634,18.30065359477124,21.568627450980394,60.130718954248366,39.21568627450981,20.915032679738562
E00095807,70,26,11,15,44,34,10,37.142857142857146,15.714285714285714,21.428571428571427,62.857142857142854,48.57142857142857,14.285714285714285
E00095808,179,77,37,40,102,67,35,43.01675977653631,20.670391061452513,22.3463687150838,56.98324022346368,37.43016759776536,19.553072625698324
E00095809,171,50,24,26,121,103,18,29.239766081871345,14.035087719298245,15.204678362573098,70.76023391812866,60.23391812865497,10.526315789473683
E00095810,218,72,23,49,146,120,26,33.02752293577982,10.550458715596331,22.477064220183486,66.97247706422019,55.04587155963303,11.926605504587156
E00095811,181,58,22,36,123,101,22,32.04419889502763,12.154696132596685,19.88950276243094,67.95580110497238,55.80110497237569,12.154696132596685
E00095812,142,43,4,39,99,78,21,30.28169014084507,2.8169014084507045,27.464788732394368,69.71830985915493,54.929577464788736,14.788732394366196
E00095813,86,23,6,17,63,53,10,26.744186046511626,6.976744186046512,19.767441860465116,73.25581395348837,61.627906976744185,11.627906976744185
E00095814,99,42,12,30,57,48,9,42.42424242424242,12.121212121212121,30.303030303030305,57.57575757575758,48.484848484848484,9.090909090909092
E00095815,41,17,7,10,24,19,5,41.46341463414634,17.073170731707318,24.390243902439025,58.536585365853654,46.34146341463415,12.195121951219512
E00095816,134,49,12,37,85,67,18,36.56716417910448,8.955223880597014,27.611940298507463,63.43283582089553,50,13.432835820895523
E00095817,117,39,11,28,78,60,18,33.33333333333333,9.401709401709402,23.931623931623932,66.66666666666666,51.28205128205128,15.384615384615385
E00095818,139,44,15,29,95,75,20,31.654676258992804,10.79136690647482,20.863309352517987,68.34532374100719,53.956834532374096,14.388489208633093
E00095819,124,46,19,27,78,62,16,37.096774193548384,15.32258064516129,21.774193548387096,62.903225806451616,50,12.903225806451612
E00095820,193,68,17,51,125,108,17,35.233160621761655,8.808290155440414,26.42487046632124,64.76683937823834,55.95854922279793,8.808290155440414
E00095821,202,84,30,54,118,99,19,41.584158415841586,14.85148514851485,26.732673267326735,58.415841584158414,49.00990099009901,9.405940594059405
E00095822,38,13,4,9,25,18,7,34.21052631578947,10.526315789473683,23.684210526315788,65.78947368421053,47.368421052631575,18.421052631578945
E00095823,167,43,14,29,124,99,25,25.748502994011975,8.383233532934131,17.365269461077844,74.25149700598801,59.281437125748504,14.97005988023952
E00095824,97,43,12,31,54,48,6,44.329896907216494,12.371134020618557,31.958762886597935,55.670103092783506,49.48453608247423,6.185567010309279
E00095825,59,17,7,10,42,31,11,28.8135593220339,11.864406779661017,16.94915254237288,71.1864406779661,52.54237288135594,18.64406779661017
E00095826,106,32,15,17,74,63,11,30.18867924528302,14.150943396226415,16.037735849056602,69.81132075471697,59.43396226415094,10.377358490566039
E00095827,137,47,16,31,90,72,18,34.306569343065696,11.678832116788321,22.62773722627737,65.69343065693431,52.55474452554745,13.138686131386862
E00095828,105,33,13,20,72,54,18,31.428571428571427,12.380952380952381,19.047619047619047,68.57142857142857,51.42857142857142,17.142857142857142
E00095829,117,38,13,25,79,72,7,32.47863247863248,11.11111111111111,21.367521367521366,67.52136752136752,61.53846153846154,5.982905982905983
E00095830,119,42,10,32,77,67,10,35.294117647058826,8.403361344537815,26.89075630252101,64.70588235294117,56.30252100840336,8.403361344537815
E00095831,147,48,19,29,99,80,19,32.6530612244898,12.925170068027212,19.727891156462583,67.3469387755102,54.421768707483,12.925170068027212
E00095832,88,29,13,16,59,48,11,32.95454545454545,14.772727272727273,18.181818181818183,67.04545454545455,54.54545454545454,12.5
E00095833,233,77,36,41,156,108,48,33.047210300429185,15.450643776824036,17.59656652360515,66.95278969957081,46.3519313304721,20.600858369098713
E00095834,134,47,16,31,87,51,36,35.07462686567165,11.940298507462686,23.134328358208954,64.92537313432835,38.059701492537314,26.865671641791046
E00095835,80,29,17,12,51,40,11,36.25,21.25,15,63.74999999999999,50,13.750000000000002
E00095836,162,61,24,37,101,64,37,37.65432098765432,14.814814814814813,22.839506172839506,62.34567901234568,39.50617283950617,22.839506172839506
E00095837,200,68,26,42,132,82,50,34,13,21,66,41,25
E00095838,142,53,28,25,89,72,17,37.32394366197183,19.718309859154928,17.6056338028169,62.676056338028175,50.70422535211267,11.971830985915492
E00095839,123,39,15,24,84,51,33,31.70731707317073,12.195121951219512,19.51219512195122,68.29268292682927,41.46341463414634,26.82926829268293
E00095840,135,49,15,34,86,60,26,36.2962962962963,11.11111111111111,25.185185185185183,63.70370370370371,44.44444444444444,19.25925925925926
E00095841,116,52,21,31,64,52,12,44.827586206896555,18.103448275862068,26.72413793103448,55.172413793103445,44.827586206896555,10.344827586206897
E00095842,74,33,12,21,41,30,11,44.5945945945946,16.216216216216218,28.37837837837838,55.4054054054054,40.54054054054054,14.864864864864865
E00095843,118,54,22,32,64,52,12,45.76271186440678,18.64406779661017,27.11864406779661,54.23728813559322,44.06779661016949,10.16949152542373
E00095844,155,57,15,42,98,90,8,36.774193548387096,9.67741935483871,27.09677419354839,63.2258064516129,58.06451612903226,5.161290322580645
E00095845,74,34,11,23,40,35,5,45.94594594594595,14.864864864864865,31.08108108108108,54.054054054054056,47.2972972972973,6.756756756756757
E00095846,125,54,24,30,71,58,13,43.2,19.2,24,56.8,46.400000000000006,10.4
E00095847,118,48,16,32,70,52,18,40.67796610169492,13.559322033898304,27.11864406779661,59.32203389830508,44.06779661016949,15.254237288135593
E00095848,128,51,13,38,77,72,5,39.84375,10.15625,29.6875,60.15625,56.25,3.90625
E00095849,111,43,10,33,68,59,9,38.73873873873874,9.00900900900901,29.72972972972973,61.261261261261254,53.153153153153156,8.108108108108109
E00095850,81,27,6,21,54,44,10,33.33333333333333,7.4074074074074066,25.925925925925924,66.66666666666666,54.32098765432099,12.345679012345679
E00095851,100,54,14,40,46,39,7,54,14.000000000000002,40,46,39,7.000000000000001
E00095852,97,37,11,26,60,51,9,38.144329896907216,11.34020618556701,26.804123711340207,61.855670103092784,52.57731958762887,9.278350515463918
E00095853,97,42,22,20,55,43,12,43.29896907216495,22.68041237113402,20.618556701030926,56.70103092783505,44.329896907216494,12.371134020618557
E00095854,100,39,11,28,61,51,10,39,11,28.000000000000004,61,51,10
E00095855,96,41,14,27,55,45,10,42.70833333333333,14.583333333333334,28.125,57.291666666666664,46.875,10.416666666666668
E00095856,132,50,15,35,82,66,16,37.878787878787875,11.363636363636363,26.515151515151516,62.121212121212125,50,12.121212121212121
E00095857,135,41,11,30,94,80,14,30.37037037037037,8.148148148148149,22.22222222222222,69.62962962962963,59.25925925925925,10.37037037037037
E00095858,138,50,16,34,88,61,27,36.231884057971016,11.594202898550725,24.637681159420293,63.76811594202898,44.20289855072464,19.565217391304348
E00095859,83,30,3,27,53,45,8,36.144578313253014,3.614457831325301,32.53012048192771,63.85542168674698,54.21686746987952,9.63855421686747
E00095860,132,46,10,36,86,75,11,34.84848484848485,7.575757575757576,27.27272727272727,65.15151515151516,56.81818181818182,8.333333333333332
E00095861,145,49,9,40,96,81,15,33.793103448275865,6.206896551724138,27.586206896551722,66.20689655172414,55.86206896551724,10.344827586206897
E00095862,78,31,6,25,47,37,10,39.743589743589745,7.6923076923076925,32.05128205128205,60.256410256410255,47.43589743589743,12.82051282051282
E00095863,144,55,14,41,89,78,11,38.19444444444444,9.722222222222223,28.47222222222222,61.80555555555556,54.166666666666664,7.638888888888889
E00095864,246,99,35,64,147,122,25,40.243902439024396,14.227642276422763,26.01626016260163,59.756097560975604,49.59349593495935,10.16260162601626
E00095865,140,55,11,44,85,72,13,39.285714285714285,7.857142857142857,31.428571428571427,60.71428571428571,51.42857142857142,9.285714285714286
E00095866,68,24,5,19,44,36,8,35.294117647058826,7.352941176470589,27.941176470588236,64.70588235294117,52.94117647058824,11.76470588235294
E00095867,172,61,15,46,111,82,29,35.46511627906977,8.720930232558139,26.744186046511626,64.53488372093024,47.674418604651166,16.86046511627907
E00095868,140,45,16,29,95,77,18,32.142857142857146,11.428571428571429,20.714285714285715,67.85714285714286,55.00000000000001,12.857142857142856
E00095869,236,77,20,57,159,131,28,32.6271186440678,8.47457627118644,24.152542372881356,67.37288135593221,55.50847457627118,11.864406779661017
E00095870,147,62,22,40,85,70,15,42.17687074829932,14.965986394557824,27.2108843537415,57.82312925170068,47.61904761904761,10.204081632653061
E00095871,189,58,17,41,131,93,38,30.687830687830687,8.994708994708994,21.693121693121693,69.31216931216932,49.2063492063492,20.105820105820104
E00095872,91,36,16,20,55,44,11,39.56043956043956,17.582417582417584,21.978021978021978,60.43956043956044,48.35164835164835,12.087912087912088
E00095873,111,37,20,17,74,61,13,33.33333333333333,18.01801801801802,15.315315315315313,66.66666666666666,54.95495495495496,11.711711711711711
E00095874,129,45,12,33,84,65,19,34.883720930232556,9.30232558139535,25.581395348837212,65.11627906976744,50.3875968992248,14.728682170542637
E00095875,214,80,18,62,134,123,11,37.38317757009346,8.411214953271028,28.971962616822427,62.616822429906534,57.476635514018696,5.14018691588785
E00095876,141,39,14,25,102,88,14,27.659574468085108,9.929078014184398,17.73049645390071,72.3404255319149,62.4113475177305,9.929078014184398
E00095877,103,37,15,22,66,58,8,35.92233009708738,14.563106796116504,21.35922330097087,64.07766990291263,56.310679611650485,7.766990291262135
E00095878,114,48,19,29,66,48,18,42.10526315789473,16.666666666666664,25.438596491228072,57.89473684210527,42.10526315789473,15.789473684210526
E00095879,128,48,13,35,80,68,12,37.5,10.15625,27.34375,62.5,53.125,9.375
E00095880,149,42,8,34,107,95,12,28.187919463087248,5.369127516778524,22.818791946308725,71.81208053691275,63.758389261744966,8.053691275167784
E00095881,176,63,19,44,113,92,21,35.79545454545455,10.795454545454545,25,64.20454545454545,52.27272727272727,11.931818181818182
E00095882,183,73,21,52,110,90,20,39.89071038251366,11.475409836065573,28.415300546448087,60.10928961748634,49.18032786885246,10.92896174863388
E00095883,127,46,17,29,81,69,12,36.22047244094488,13.385826771653544,22.83464566929134,63.77952755905512,54.330708661417326,9.448818897637794
E00095884,151,57,14,43,94,77,17,37.74834437086093,9.271523178807946,28.47682119205298,62.251655629139066,50.993377483443716,11.258278145695364
E00095885,162,63,16,47,99,87,12,38.88888888888889,9.876543209876543,29.01234567901235,61.111111111111114,53.70370370370371,7.4074074074074066
E00095886,132,55,19,36,77,67,10,41.66666666666667,14.393939393939394,27.27272727272727,58.333333333333336,50.75757575757576,7.575757575757576
E00095887,122,38,10,28,84,66,18,31.147540983606557,8.19672131147541,22.950819672131146,68.85245901639344,54.09836065573771,14.754098360655737
E00095888,133,53,17,36,80,69,11,39.849624060150376,12.781954887218044,27.06766917293233,60.150375939849624,51.8796992481203,8.270676691729323
E00095889,87,33,15,18,54,42,12,37.93103448275862,17.24137931034483,20.689655172413794,62.06896551724138,48.275862068965516,13.793103448275861
E00095890,176,54,13,41,122,107,15,30.681818181818183,7.386363636363637,23.295454545454543,69.31818181818183,60.79545454545454,8.522727272727272
E00095891,142,47,11,36,95,75,20,33.098591549295776,7.746478873239436,25.352112676056336,66.90140845070422,52.816901408450704,14.084507042253522
E00095893,157,55,18,37,102,81,21,35.03184713375796,11.464968152866243,23.56687898089172,64.96815286624204,51.59235668789809,13.375796178343949
E00095894,173,60,14,46,113,101,12,34.68208092485549,8.092485549132949,26.589595375722542,65.3179190751445,58.38150289017341,6.9364161849710975
E00095895,171,65,14,51,106,85,21,38.01169590643275,8.187134502923977,29.82456140350877,61.98830409356725,49.707602339181285,12.280701754385964
E00095896,103,60,9,51,43,37,6,58.252427184466015,8.737864077669903,49.51456310679612,41.74757281553398,35.92233009708738,5.825242718446602
E00095897,162,68,23,45,94,82,12,41.9753086419753,14.19753086419753,27.77777777777778,58.0246913580247,50.617283950617285,7.4074074074074066
E00095898,112,53,16,37,59,53,6,47.32142857142857,14.285714285714285,33.035714285714285,52.67857142857143,47.32142857142857,5.357142857142857
E00095899,71,24,7,17,47,40,7,33.80281690140845,9.859154929577464,23.943661971830984,66.19718309859155,56.33802816901409,9.859154929577464
E00095900,73,28,10,18,45,38,7,38.35616438356164,13.698630136986301,24.65753424657534,61.64383561643836,52.054794520547944,9.58904109589041
E00095901,124,58,24,34,66,57,9,46.774193548387096,19.35483870967742,27.419354838709676,53.2258064516129,45.96774193548387,7.258064516129033
E00095902,86,38,14,24,48,35,13,44.18604651162791,16.27906976744186,27.906976744186046,55.81395348837209,40.69767441860465,15.11627906976744
E00095903,96,33,12,21,63,49,14,34.375,12.5,21.875,65.625,51.041666666666664,14.583333333333334
E00095904,132,45,17,28,87,72,15,34.090909090909086,12.878787878787879,21.21212121212121,65.9090909090909,54.54545454545454,11.363636363636363
E00095905,68,29,11,18,39,33,6,42.64705882352941,16.176470588235293,26.47058823529412,57.35294117647059,48.529411764705884,8.823529411764707
E00095907,131,54,20,34,77,54,23,41.221374045801525,15.267175572519085,25.954198473282442,58.778625954198475,41.221374045801525,17.557251908396946
E00095908,80,24,11,13,56,40,16,30,13.750000000000002,16.25,70,50,20
E00095909,95,49,26,23,46,33,13,51.578947368421055,27.368421052631582,24.210526315789473,48.421052631578945,34.73684210526316,13.684210526315791
E00095910,59,26,13,13,33,23,10,44.06779661016949,22.033898305084744,22.033898305084744,55.932203389830505,38.983050847457626,16.94915254237288
E00095911,98,45,21,24,53,44,9,45.91836734693878,21.428571428571427,24.489795918367346,54.08163265306123,44.89795918367347,9.183673469387756
E00095912,152,49,18,31,103,86,17,32.23684210526316,11.842105263157894,20.394736842105264,67.76315789473685,56.57894736842105,11.18421052631579
E00095913,141,57,26,31,84,68,16,40.42553191489361,18.439716312056735,21.98581560283688,59.57446808510638,48.226950354609926,11.347517730496454
E00095914,115,54,13,41,61,54,7,46.95652173913044,11.304347826086957,35.65217391304348,53.04347826086957,46.95652173913044,6.086956521739131
E00095915,122,53,19,34,69,49,20,43.44262295081967,15.573770491803279,27.86885245901639,56.557377049180324,40.16393442622951,16.39344262295082
E00095916,131,42,11,31,89,72,17,32.06106870229007,8.396946564885496,23.66412213740458,67.93893129770993,54.961832061068705,12.977099236641221
E00095917,144,59,17,42,85,68,17,40.97222222222222,11.805555555555555,29.166666666666668,59.02777777777778,47.22222222222222,11.805555555555555
E00095918,212,83,34,49,129,108,21,39.15094339622642,16.037735849056602,23.11320754716981,60.84905660377359,50.943396226415096,9.90566037735849
E00095919,144,60,21,39,84,61,23,41.66666666666667,14.583333333333334,27.083333333333332,58.333333333333336,42.36111111111111,15.972222222222221
E00095920,120,57,25,32,63,49,14,47.5,20.833333333333336,26.666666666666668,52.5,40.833333333333336,11.666666666666666
E00095921,139,59,21,38,80,69,11,42.44604316546763,15.107913669064748,27.33812949640288,57.55395683453237,49.64028776978417,7.913669064748201
E00095922,140,55,27,28,85,63,22,39.285714285714285,19.28571428571429,20,60.71428571428571,45,15.714285714285714
E00095923,136,52,19,33,84,66,18,38.23529411764706,13.970588235294118,24.264705882352942,61.76470588235294,48.529411764705884,13.23529411764706
E00095924,97,50,16,34,47,30,17,51.546391752577314,16.49484536082474,35.051546391752574,48.45360824742268,30.927835051546392,17.525773195876287
E00095925,155,66,26,40,89,75,14,42.58064516129032,16.7741935483871,25.806451612903224,57.41935483870968,48.38709677419355,9.032258064516128
E00095926,151,60,23,37,91,67,24,39.735099337748345,15.2317880794702,24.503311258278146,60.264900662251655,44.370860927152314,15.894039735099339
E00095927,192,88,37,51,104,79,25,45.83333333333333,19.270833333333336,26.5625,54.166666666666664,41.14583333333333,13.020833333333334
E00095928,123,49,23,26,74,56,18,39.83739837398374,18.69918699186992,21.138211382113823,60.16260162601627,45.52845528455284,14.634146341463413
E00095929,116,57,21,36,59,50,9,49.137931034482754,18.103448275862068,31.03448275862069,50.86206896551724,43.103448275862064,7.758620689655173
E00095930,171,72,18,54,99,88,11,42.10526315789473,10.526315789473683,31.57894736842105,57.89473684210527,51.461988304093566,6.432748538011696
E00095931,91,36,10,26,55,33,22,39.56043956043956,10.989010989010989,28.57142857142857,60.43956043956044,36.26373626373626,24.175824175824175
E00095932,175,78,20,58,97,76,21,44.57142857142857,11.428571428571429,33.14285714285714,55.42857142857143,43.42857142857143,12
E00095933,84,29,4,25,55,44,11,34.523809523809526,4.761904761904762,29.761904761904763,65.47619047619048,52.38095238095239,13.095238095238097
E00095934,74,33,8,25,41,30,11,44.5945945945946,10.81081081081081,33.78378378378378,55.4054054054054,40.54054054054054,14.864864864864865
E00095935,95,45,24,21,50,39,11,47.368421052631575,25.263157894736842,22.105263157894736,52.63157894736842,41.05263157894737,11.578947368421053
E00095936,95,38,11,27,57,54,3,40,11.578947368421053,28.421052631578945,60,56.84210526315789,3.1578947368421053
E00095937,71,33,14,19,38,23,15,46.478873239436616,19.718309859154928,26.76056338028169,53.52112676056338,32.3943661971831,21.12676056338028
E00095938,152,55,18,37,97,79,18,36.18421052631579,11.842105263157894,24.342105263157894,63.81578947368421,51.973684210526315,11.842105263157894
E00095939,135,61,14,47,74,52,22,45.18518518518518,10.37037037037037,34.81481481481482,54.81481481481482,38.51851851851852,16.296296296296298
E00095940,120,48,15,33,72,60,12,40,12.5,27.500000000000004,60,50,10
E00095941,124,47,13,34,77,67,10,37.903225806451616,10.483870967741936,27.419354838709676,62.096774193548384,54.03225806451613,8.064516129032258
E00095942,93,36,7,29,57,50,7,38.70967741935484,7.526881720430108,31.182795698924732,61.29032258064516,53.76344086021505,7.526881720430108
E00095943,132,62,29,33,70,61,9,46.96969696969697,21.96969696969697,25,53.03030303030303,46.21212121212121,6.8181818181818175
E00095944,124,50,12,38,74,63,11,40.32258064516129,9.67741935483871,30.64516129032258,59.67741935483871,50.806451612903224,8.870967741935484
E00095945,111,37,7,30,74,63,11,33.33333333333333,6.306306306306306,27.027027027027028,66.66666666666666,56.75675675675676,9.90990990990991
E00095946,147,59,16,43,88,66,22,40.136054421768705,10.884353741496598,29.25170068027211,59.863945578231295,44.89795918367347,14.965986394557824
E00095947,76,29,9,20,47,44,3,38.15789473684211,11.842105263157894,26.31578947368421,61.8421052631579,57.89473684210527,3.9473684210526314
E00095948,126,47,14,33,79,59,20,37.301587301587304,11.11111111111111,26.190476190476193,62.698412698412696,46.82539682539682,15.873015873015872
E00095949,128,57,18,39,71,58,13,44.53125,14.0625,30.46875,55.46875,45.3125,10.15625
E00095950,131,58,20,38,73,55,18,44.274809160305345,15.267175572519085,29.00763358778626,55.72519083969466,41.98473282442748,13.740458015267176
E00095951,118,48,22,26,70,54,16,40.67796610169492,18.64406779661017,22.033898305084744,59.32203389830508,45.76271186440678,13.559322033898304
E00095952,173,65,19,46,108,93,15,37.57225433526011,10.982658959537572,26.589595375722542,62.42774566473989,53.75722543352601,8.670520231213873
E00095953,115,45,19,26,70,56,14,39.130434782608695,16.52173913043478,22.608695652173914,60.86956521739131,48.69565217391305,12.173913043478262
E00095954,96,42,13,29,54,49,5,43.75,13.541666666666666,30.208333333333332,56.25,51.041666666666664,5.208333333333334
E00095955,141,66,18,48,75,61,14,46.808510638297875,12.76595744680851,34.04255319148936,53.191489361702125,43.262411347517734,9.929078014184398
E00095956,74,28,11,17,46,37,9,37.83783783783784,14.864864864864865,22.972972972972975,62.16216216216216,50,12.162162162162163
E00095957,86,37,16,21,49,45,4,43.02325581395349,18.6046511627907,24.418604651162788,56.97674418604651,52.32558139534884,4.651162790697675
E00095958,68,32,13,19,36,28,8,47.05882352941176,19.11764705882353,27.941176470588236,52.94117647058824,41.17647058823529,11.76470588235294
E00095959,103,42,14,28,61,53,8,40.77669902912621,13.592233009708737,27.184466019417474,59.22330097087378,51.45631067961165,7.766990291262135
E00095960,120,47,13,34,73,60,13,39.166666666666664,10.833333333333334,28.333333333333332,60.83333333333333,50,10.833333333333334
E00095961,116,38,13,25,78,68,10,32.758620689655174,11.206896551724139,21.551724137931032,67.24137931034483,58.620689655172406,8.620689655172415
E00095962,113,39,18,21,74,57,17,34.51327433628318,15.929203539823009,18.58407079646018,65.48672566371681,50.442477876106196,15.04424778761062
E00095963,88,33,13,20,55,43,12,37.5,14.772727272727273,22.727272727272727,62.5,48.86363636363637,13.636363636363635
E00095964,88,37,14,23,51,46,5,42.04545454545455,15.909090909090908,26.136363636363637,57.95454545454546,52.27272727272727,5.681818181818182
E00095965,65,31,12,19,34,33,1,47.69230769230769,18.461538461538463,29.230769230769234,52.307692307692314,50.76923076923077,1.5384615384615385
E00095966,86,34,11,23,52,47,5,39.53488372093023,12.790697674418606,26.744186046511626,60.46511627906976,54.65116279069767,5.813953488372093
E00095967,140,70,17,53,70,55,15,50,12.142857142857142,37.857142857142854,50,39.285714285714285,10.714285714285714
E00095968,120,57,17,40,63,51,12,47.5,14.166666666666666,33.33333333333333,52.5,42.5,10
E00095969,209,82,25,57,127,109,18,39.23444976076555,11.961722488038278,27.27272727272727,60.76555023923444,52.15311004784689,8.61244019138756
E00095970,133,55,17,38,78,70,8,41.35338345864661,12.781954887218044,28.57142857142857,58.64661654135338,52.63157894736842,6.015037593984962
E00095971,131,54,13,41,77,64,13,41.221374045801525,9.923664122137405,31.297709923664126,58.778625954198475,48.854961832061065,9.923664122137405
E00095972,126,48,11,37,78,65,13,38.095238095238095,8.73015873015873,29.365079365079367,61.904761904761905,51.587301587301596,10.317460317460316
E00095973,129,58,19,39,71,52,19,44.96124031007752,14.728682170542637,30.23255813953488,55.03875968992248,40.310077519379846,14.728682170542637
E00095974,81,35,15,20,46,37,9,43.20987654320987,18.51851851851852,24.691358024691358,56.79012345679012,45.67901234567901,11.11111111111111
E00095975,153,46,14,32,107,87,20,30.065359477124183,9.15032679738562,20.915032679738562,69.93464052287581,56.86274509803921,13.071895424836603
E00095976,107,33,13,20,74,62,12,30.8411214953271,12.149532710280374,18.69158878504673,69.1588785046729,57.943925233644855,11.214953271028037
E00095977,125,48,11,37,77,68,9,38.4,8.799999999999999,29.599999999999998,61.6,54.400000000000006,7.199999999999999
E00095978,122,49,15,34,73,63,10,40.16393442622951,12.295081967213115,27.86885245901639,59.83606557377049,51.63934426229508,8.19672131147541
E00095979,127,54,19,35,73,55,18,42.51968503937008,14.960629921259844,27.559055118110237,57.48031496062992,43.30708661417323,14.173228346456693
E00095980,76,39,23,16,37,32,5,51.31578947368421,30.263157894736842,21.052631578947366,48.68421052631579,42.10526315789473,6.578947368421052
E00095981,111,37,10,27,74,66,8,33.33333333333333,9.00900900900901,24.324324324324326,66.66666666666666,59.45945945945946,7.207207207207207
E00095982,83,36,11,25,47,39,8,43.373493975903614,13.253012048192772,30.120481927710845,56.62650602409639,46.98795180722892,9.63855421686747
E00095983,80,24,8,16,56,47,9,30,10,20,70,58.75,11.25
E00095984,139,53,13,40,86,69,17,38.1294964028777,9.352517985611511,28.776978417266186,61.87050359712231,49.64028776978417,12.23021582733813
E00095985,115,37,12,25,78,67,11,32.17391304347826,10.434782608695652,21.73913043478261,67.82608695652173,58.26086956521739,9.565217391304348
E00095986,124,57,20,37,67,54,13,45.96774193548387,16.129032258064516,29.838709677419356,54.03225806451613,43.54838709677419,10.483870967741936
E00095987,91,33,12,21,58,53,5,36.26373626373626,13.186813186813188,23.076923076923077,63.73626373626373,58.24175824175825,5.4945054945054945
E00095988,112,52,10,42,60,55,5,46.42857142857143,8.928571428571429,37.5,53.57142857142857,49.107142857142854,4.464285714285714
E00095989,95,41,13,28,54,46,8,43.15789473684211,13.684210526315791,29.47368421052631,56.84210526315789,48.421052631578945,8.421052631578947
E00095990,122,51,23,28,71,66,5,41.80327868852459,18.852459016393443,22.950819672131146,58.19672131147541,54.09836065573771,4.098360655737705
E00095991,84,23,10,13,61,53,8,27.380952380952383,11.904761904761903,15.476190476190476,72.61904761904762,63.095238095238095,9.523809523809524
E00095992,83,33,9,24,50,39,11,39.75903614457831,10.843373493975903,28.915662650602407,60.24096385542169,46.98795180722892,13.253012048192772
E00095993,72,28,15,13,44,39,5,38.88888888888889,20.833333333333336,18.055555555555554,61.111111111111114,54.166666666666664,6.944444444444445
E00095994,85,30,9,21,55,41,14,35.294117647058826,10.588235294117647,24.705882352941178,64.70588235294117,48.23529411764706,16.470588235294116
E00095995,134,49,17,32,85,68,17,36.56716417910448,12.686567164179104,23.88059701492537,63.43283582089553,50.74626865671642,12.686567164179104
E00095996,99,39,18,21,60,48,12,39.39393939393939,18.181818181818183,21.21212121212121,60.60606060606061,48.484848484848484,12.121212121212121
E00095997,114,50,18,32,64,53,11,43.859649122807014,15.789473684210526,28.07017543859649,56.14035087719298,46.49122807017544,9.649122807017543
E00095998,116,51,14,37,65,53,12,43.96551724137931,12.068965517241379,31.896551724137932,56.03448275862068,45.689655172413794,10.344827586206897
E00095999,106,39,14,25,67,50,17,36.79245283018868,13.20754716981132,23.58490566037736,63.20754716981132,47.16981132075472,16.037735849056602
E00096000,80,35,7,28,45,38,7,43.75,8.75,35,56.25,47.5,8.75
E00096001,73,26,9,17,47,39,8,35.61643835616438,12.32876712328767,23.28767123287671,64.38356164383562,53.42465753424658,10.95890410958904
E00096002,62,31,11,20,31,26,5,50,17.741935483870968,32.25806451612903,50,41.935483870967744,8.064516129032258
E00096003,67,32,9,23,35,25,10,47.76119402985074,13.432835820895523,34.32835820895522,52.23880597014925,37.3134328358209,14.925373134328357
E00096004,112,33,11,22,79,58,21,29.464285714285715,9.821428571428571,19.642857142857142,70.53571428571429,51.78571428571429,18.75
E00096005,87,37,14,23,50,42,8,42.5287356321839,16.091954022988507,26.436781609195403,57.47126436781609,48.275862068965516,9.195402298850574
E00096006,119,52,23,29,67,50,17,43.69747899159664,19.327731092436977,24.369747899159663,56.30252100840336,42.016806722689076,14.285714285714285
E00096007,113,38,18,20,75,53,22,33.6283185840708,15.929203539823009,17.699115044247787,66.3716814159292,46.902654867256636,19.469026548672566
E00096008,125,51,17,34,74,53,21,40.8,13.600000000000001,27.200000000000003,59.199999999999996,42.4,16.8
E00096009,82,35,13,22,47,36,11,42.68292682926829,15.853658536585366,26.82926829268293,57.3170731707317,43.90243902439025,13.414634146341465
E00096010,55,30,14,16,25,21,4,54.54545454545454,25.454545454545453,29.09090909090909,45.45454545454545,38.18181818181819,7.2727272727272725
E00096011,65,24,14,10,41,30,11,36.92307692307693,21.53846153846154,15.384615384615385,63.07692307692307,46.15384615384615,16.923076923076923
E00096012,71,35,19,16,36,23,13,49.29577464788733,26.76056338028169,22.535211267605636,50.70422535211267,32.3943661971831,18.30985915492958
E00096013,112,47,20,27,65,52,13,41.964285714285715,17.857142857142858,24.107142857142858,58.03571428571429,46.42857142857143,11.607142857142858
E00096014,122,47,16,31,75,56,19,38.52459016393443,13.114754098360656,25.40983606557377,61.47540983606557,45.90163934426229,15.573770491803279
E00096015,142,66,25,41,76,53,23,46.478873239436616,17.6056338028169,28.87323943661972,53.52112676056338,37.32394366197183,16.19718309859155
E00096016,110,48,16,32,62,48,14,43.63636363636363,14.545454545454545,29.09090909090909,56.36363636363636,43.63636363636363,12.727272727272727
E00096017,106,39,8,31,67,48,19,36.79245283018868,7.547169811320755,29.245283018867923,63.20754716981132,45.28301886792453,17.92452830188679
E00096018,82,39,15,24,43,37,6,47.5609756097561,18.29268292682927,29.268292682926827,52.4390243902439,45.1219512195122,7.317073170731707
E00096019,116,47,19,28,69,61,8,40.51724137931034,16.379310344827587,24.137931034482758,59.48275862068966,52.58620689655172,6.896551724137931
E00096020,150,53,17,36,97,81,16,35.333333333333336,11.333333333333332,24,64.66666666666666,54,10.666666666666668
E00096021,72,26,7,19,46,38,8,36.11111111111111,9.722222222222223,26.38888888888889,63.888888888888886,52.77777777777778,11.11111111111111
E00096022,108,50,12,38,58,48,10,46.2962962962963,11.11111111111111,35.18518518518518,53.70370370370371,44.44444444444444,9.25925925925926
E00096023,109,45,23,22,64,48,16,41.284403669724774,21.100917431192663,20.18348623853211,58.71559633027523,44.03669724770643,14.678899082568808
E00096024,121,44,19,25,77,52,25,36.36363636363637,15.702479338842975,20.66115702479339,63.63636363636363,42.97520661157025,20.66115702479339
E00096025,107,44,18,26,63,55,8,41.1214953271028,16.822429906542055,24.299065420560748,58.87850467289719,51.4018691588785,7.476635514018691
E00096026,199,78,28,50,121,73,48,39.19597989949749,14.07035175879397,25.125628140703515,60.80402010050251,36.68341708542713,24.120603015075375
E00096027,165,65,21,44,100,78,22,39.39393939393939,12.727272727272727,26.666666666666668,60.60606060606061,47.27272727272727,13.333333333333334
E00096028,100,49,15,34,51,34,17,49,15,34,51,34,17
E00096029,104,50,22,28,54,40,14,48.07692307692308,21.153846153846153,26.923076923076923,51.92307692307693,38.46153846153847,13.461538461538462
E00096030,142,57,14,43,85,57,28,40.140845070422536,9.859154929577464,30.28169014084507,59.859154929577464,40.140845070422536,19.718309859154928
E00096031,150,71,32,39,79,54,25,47.333333333333336,21.333333333333336,26,52.666666666666664,36,16.666666666666664
E00096032,109,46,21,25,63,51,12,42.201834862385326,19.26605504587156,22.93577981651376,57.798165137614674,46.788990825688074,11.009174311926607
E00096033,198,80,31,49,118,91,27,40.4040404040404,15.656565656565657,24.747474747474747,59.59595959595959,45.95959595959596,13.636363636363635
E00096034,79,34,16,18,45,35,10,43.037974683544306,20.253164556962027,22.78481012658228,56.9620253164557,44.303797468354425,12.658227848101266
E00096035,149,52,14,38,97,81,16,34.899328859060404,9.395973154362416,25.503355704697988,65.1006711409396,54.36241610738255,10.738255033557047
E00096036,102,34,9,25,68,56,12,33.33333333333333,8.823529411764707,24.509803921568626,66.66666666666666,54.90196078431373,11.76470588235294
E00096037,201,74,24,50,127,101,26,36.81592039800995,11.940298507462686,24.875621890547265,63.18407960199005,50.24875621890548,12.935323383084576
E00096038,129,38,11,27,91,74,17,29.457364341085274,8.527131782945736,20.930232558139537,70.54263565891473,57.36434108527132,13.178294573643413
E00096039,143,59,26,33,84,67,17,41.25874125874126,18.181818181818183,23.076923076923077,58.74125874125874,46.85314685314685,11.888111888111888
E00096040,131,58,28,30,73,50,23,44.274809160305345,21.374045801526716,22.900763358778626,55.72519083969466,38.16793893129771,17.557251908396946
E00096041,137,50,20,30,87,68,19,36.496350364963504,14.5985401459854,21.897810218978105,63.503649635036496,49.63503649635037,13.86861313868613
E00096042,105,43,18,25,62,47,15,40.95238095238095,17.142857142857142,23.809523809523807,59.04761904761905,44.761904761904766,14.285714285714285
E00096043,130,57,26,31,73,61,12,43.84615384615385,20,23.846153846153847,56.15384615384615,46.92307692307692,9.230769230769232
E00096044,212,108,48,60,104,84,20,50.943396226415096,22.641509433962266,28.30188679245283,49.056603773584904,39.62264150943396,9.433962264150944
E00096045,164,65,17,48,99,82,17,39.63414634146341,10.365853658536585,29.268292682926827,60.36585365853659,50,10.365853658536585
E00096046,76,29,15,14,47,41,6,38.15789473684211,19.736842105263158,18.421052631578945,61.8421052631579,53.94736842105263,7.894736842105263
E00096047,144,62,29,33,82,56,26,43.05555555555556,20.13888888888889,22.916666666666664,56.94444444444444,38.88888888888889,18.055555555555554
E00096048,96,43,21,22,53,43,10,44.79166666666667,21.875,22.916666666666664,55.208333333333336,44.79166666666667,10.416666666666668
E00096049,121,56,25,31,65,50,15,46.28099173553719,20.66115702479339,25.6198347107438,53.71900826446281,41.32231404958678,12.396694214876034
E00096050,99,38,16,22,61,50,11,38.38383838383838,16.161616161616163,22.22222222222222,61.61616161616161,50.505050505050505,11.11111111111111
E00096051,161,69,30,39,92,82,10,42.857142857142854,18.633540372670808,24.22360248447205,57.14285714285714,50.931677018633536,6.211180124223603
E00096052,100,43,13,30,57,47,10,43,13,30,56.99999999999999,47,10
E00096053,224,100,40,60,124,93,31,44.642857142857146,17.857142857142858,26.785714285714285,55.35714285714286,41.517857142857146,13.839285714285715
E00096054,141,57,27,30,84,67,17,40.42553191489361,19.148936170212767,21.27659574468085,59.57446808510638,47.5177304964539,12.056737588652481
E00096055,128,50,15,35,78,61,17,39.0625,11.71875,27.34375,60.9375,47.65625,13.28125
E00096056,92,35,17,18,57,41,16,38.04347826086957,18.478260869565215,19.565217391304348,61.95652173913043,44.565217391304344,17.391304347826086
E00096057,68,20,6,14,48,37,11,29.411764705882355,8.823529411764707,20.588235294117645,70.58823529411765,54.41176470588235,16.176470588235293
E00096058,58,17,6,11,41,36,5,29.310344827586203,10.344827586206897,18.96551724137931,70.6896551724138,62.06896551724138,8.620689655172415
E00096059,51,23,13,10,28,25,3,45.09803921568628,25.49019607843137,19.607843137254903,54.90196078431373,49.01960784313725,5.88235294117647
E00096060,76,30,10,20,46,34,12,39.473684210526315,13.157894736842104,26.31578947368421,60.526315789473685,44.73684210526316,15.789473684210526
E00096061,135,61,30,31,74,56,18,45.18518518518518,22.22222222222222,22.962962962962962,54.81481481481482,41.48148148148148,13.333333333333334
E00096062,102,39,19,20,63,50,13,38.23529411764706,18.627450980392158,19.607843137254903,61.76470588235294,49.01960784313725,12.745098039215685
E00096063,199,83,31,52,116,81,35,41.70854271356784,15.577889447236181,26.13065326633166,58.291457286432156,40.7035175879397,17.587939698492463
E00096064,71,24,4,20,47,33,14,33.80281690140845,5.633802816901409,28.169014084507044,66.19718309859155,46.478873239436616,19.718309859154928
E00096065,111,45,20,25,66,55,11,40.54054054054054,18.01801801801802,22.52252252252252,59.45945945945946,49.549549549549546,9.90990990990991
E00096068,76,32,17,15,44,36,8,42.10526315789473,22.36842105263158,19.736842105263158,57.89473684210527,47.368421052631575,10.526315789473683
E00096071,110,40,5,35,70,61,9,36.36363636363637,4.545454545454546,31.818181818181817,63.63636363636363,55.45454545454545,8.181818181818182
E00096072,157,56,15,41,101,82,19,35.6687898089172,9.554140127388536,26.11464968152866,64.3312101910828,52.22929936305732,12.101910828025478
E00096073,118,38,21,17,80,66,14,32.20338983050847,17.796610169491526,14.40677966101695,67.79661016949152,55.932203389830505,11.864406779661017
E00096075,130,60,12,48,70,54,16,46.15384615384615,9.230769230769232,36.92307692307693,53.84615384615385,41.53846153846154,12.307692307692308
E00096076,85,33,6,27,52,42,10,38.82352941176471,7.0588235294117645,31.76470588235294,61.1764705882353,49.411764705882355,11.76470588235294
E00096077,130,45,13,32,85,69,16,34.61538461538461,10,24.615384615384617,65.38461538461539,53.07692307692308,12.307692307692308
E00096078,47,12,8,4,35,29,6,25.53191489361702,17.02127659574468,8.51063829787234,74.46808510638297,61.702127659574465,12.76595744680851
E00096079,133,46,15,31,87,79,8,34.58646616541353,11.278195488721805,23.308270676691727,65.41353383458647,59.3984962406015,6.015037593984962
E00096080,101,43,15,28,58,49,9,42.57425742574257,14.85148514851485,27.722772277227726,57.42574257425742,48.51485148514851,8.91089108910891
E00096081,187,64,20,44,123,113,10,34.22459893048128,10.695187165775401,23.52941176470588,65.77540106951871,60.42780748663101,5.347593582887701
E00096082,226,91,40,51,135,121,14,40.26548672566372,17.699115044247787,22.566371681415927,59.73451327433629,53.53982300884957,6.1946902654867255
E00096083,144,50,11,39,94,78,16,34.72222222222222,7.638888888888889,27.083333333333332,65.27777777777779,54.166666666666664,11.11111111111111
E00096084,118,31,8,23,87,78,9,26.27118644067797,6.779661016949152,19.491525423728813,73.72881355932203,66.10169491525424,7.627118644067797
E00096085,169,56,14,42,113,100,13,33.13609467455622,8.284023668639055,24.85207100591716,66.86390532544378,59.171597633136095,7.6923076923076925
E00096087,182,64,17,47,118,102,16,35.16483516483517,9.340659340659341,25.82417582417583,64.83516483516483,56.043956043956044,8.791208791208792
E00096089,197,63,26,37,134,106,28,31.979695431472084,13.19796954314721,18.781725888324875,68.02030456852792,53.80710659898477,14.213197969543149
E00096090,124,44,20,24,80,60,20,35.483870967741936,16.129032258064516,19.35483870967742,64.51612903225806,48.38709677419355,16.129032258064516
E00096091,102,44,19,25,58,51,7,43.13725490196079,18.627450980392158,24.509803921568626,56.86274509803921,50,6.862745098039216
E00096092,110,41,20,21,69,43,26,37.27272727272727,18.181818181818183,19.090909090909093,62.727272727272734,39.09090909090909,23.636363636363637
E00096093,88,30,16,14,58,45,13,34.090909090909086,18.181818181818183,15.909090909090908,65.9090909090909,51.13636363636363,14.772727272727273
E00096095,77,24,11,13,53,46,7,31.16883116883117,14.285714285714285,16.883116883116884,68.83116883116884,59.74025974025974,9.090909090909092
E00096096,75,30,13,17,45,36,9,40,17.333333333333336,22.666666666666664,60,48,12
E00096098,226,95,28,67,131,116,15,42.0353982300885,12.389380530973451,29.646017699115045,57.9646017699115,51.32743362831859,6.637168141592921
E00096099,229,82,33,49,147,123,24,35.80786026200873,14.41048034934498,21.397379912663755,64.19213973799127,53.711790393013104,10.480349344978166
E00096100,106,41,13,28,65,51,14,38.67924528301887,12.264150943396226,26.41509433962264,61.32075471698113,48.113207547169814,13.20754716981132
E00096101,125,55,18,37,70,67,3,44,14.399999999999999,29.599999999999998,56.00000000000001,53.6,2.4
E00096102,208,68,28,40,140,117,23,32.69230769230769,13.461538461538462,19.230769230769234,67.3076923076923,56.25,11.057692307692307
E00096103,128,45,24,21,83,65,18,35.15625,18.75,16.40625,64.84375,50.78125,14.0625
E00096104,73,28,9,19,45,40,5,38.35616438356164,12.32876712328767,26.027397260273972,61.64383561643836,54.794520547945204,6.8493150684931505
E00096105,128,45,14,31,83,71,12,35.15625,10.9375,24.21875,64.84375,55.46875,9.375
E00096106,138,56,24,32,82,71,11,40.57971014492754,17.391304347826086,23.18840579710145,59.42028985507246,51.449275362318836,7.971014492753622
E00096107,99,48,28,20,51,51,0,48.484848484848484,28.28282828282828,20.2020202020202,51.515151515151516,51.515151515151516,0
E00096108,192,65,16,49,127,106,21,33.85416666666667,8.333333333333332,25.520833333333332,66.14583333333334,55.208333333333336,10.9375
E00096109,217,69,19,50,148,119,29,31.797235023041477,8.755760368663594,23.04147465437788,68.20276497695853,54.83870967741935,13.36405529953917
E00096110,174,58,21,37,116,102,14,33.33333333333333,12.068965517241379,21.26436781609195,66.66666666666666,58.620689655172406,8.045977011494253
E00096111,153,51,13,38,102,90,12,33.33333333333333,8.49673202614379,24.836601307189543,66.66666666666666,58.82352941176471,7.8431372549019605
E00096112,170,64,21,43,106,96,10,37.64705882352941,12.352941176470589,25.294117647058822,62.35294117647059,56.470588235294116,5.88235294117647
E00096113,158,42,10,32,116,97,19,26.582278481012654,6.329113924050633,20.253164556962027,73.41772151898735,61.39240506329114,12.025316455696203
E00096114,176,62,17,45,114,98,16,35.22727272727273,9.659090909090908,25.568181818181817,64.77272727272727,55.68181818181818,9.090909090909092
E00096115,174,73,20,53,101,87,14,41.95402298850575,11.494252873563218,30.45977011494253,58.04597701149425,50,8.045977011494253
E00096116,164,64,16,48,100,91,9,39.02439024390244,9.75609756097561,29.268292682926827,60.97560975609756,55.487804878048784,5.487804878048781
E00096117,181,72,34,38,109,91,18,39.77900552486188,18.784530386740332,20.994475138121548,60.22099447513812,50.27624309392266,9.94475138121547
E00096118,157,55,18,37,102,86,16,35.03184713375796,11.464968152866243,23.56687898089172,64.96815286624204,54.77707006369427,10.191082802547772
E00096119,118,38,13,25,80,67,13,32.20338983050847,11.016949152542372,21.1864406779661,67.79661016949152,56.779661016949156,11.016949152542372
E00096120,180,62,24,38,118,97,21,34.44444444444444,13.333333333333334,21.11111111111111,65.55555555555556,53.888888888888886,11.666666666666666
E00096121,97,31,18,13,66,57,9,31.958762886597935,18.556701030927837,13.402061855670103,68.04123711340206,58.76288659793815,9.278350515463918
E00096122,95,33,10,23,62,55,7,34.73684210526316,10.526315789473683,24.210526315789473,65.26315789473685,57.89473684210527,7.368421052631578
E00096123,126,44,10,34,82,68,14,34.92063492063492,7.936507936507936,26.984126984126984,65.07936507936508,53.96825396825397,11.11111111111111
E00096124,108,44,9,35,64,53,11,40.74074074074074,8.333333333333332,32.407407407407405,59.25925925925925,49.074074074074076,10.185185185185185
E00096125,155,56,15,41,99,80,19,36.12903225806451,9.67741935483871,26.451612903225808,63.87096774193548,51.61290322580645,12.258064516129032
E00096129,61,21,12,9,40,29,11,34.42622950819672,19.672131147540984,14.754098360655737,65.57377049180327,47.540983606557376,18.0327868852459
E00096130,112,36,13,23,76,57,19,32.142857142857146,11.607142857142858,20.535714285714285,67.85714285714286,50.89285714285714,16.964285714285715
E00096131,187,68,28,40,119,96,23,36.36363636363637,14.973262032085561,21.390374331550802,63.63636363636363,51.33689839572193,12.299465240641712
E00096132,88,44,18,26,44,34,10,50,20.454545454545457,29.545454545454547,50,38.63636363636363,11.363636363636363
E00096133,96,52,21,31,44,38,6,54.166666666666664,21.875,32.29166666666667,45.83333333333333,39.58333333333333,6.25
E00096134,66,27,7,20,39,31,8,40.909090909090914,10.606060606060606,30.303030303030305,59.09090909090909,46.96969696969697,12.121212121212121
E00096135,61,30,18,12,31,24,7,49.18032786885246,29.508196721311474,19.672131147540984,50.81967213114754,39.34426229508197,11.475409836065573
E00096136,133,48,15,33,85,74,11,36.09022556390977,11.278195488721805,24.81203007518797,63.90977443609023,55.639097744360896,8.270676691729323
E00096137,116,42,14,28,74,60,14,36.206896551724135,12.068965517241379,24.137931034482758,63.793103448275865,51.724137931034484,12.068965517241379
E00096138,120,48,12,36,72,60,12,40,10,30,60,50,10
E00096139,124,48,11,37,76,60,16,38.70967741935484,8.870967741935484,29.838709677419356,61.29032258064516,48.38709677419355,12.903225806451612
E00096140,126,52,24,28,74,66,8,41.269841269841265,19.047619047619047,22.22222222222222,58.730158730158735,52.38095238095239,6.349206349206349
E00096141,102,36,15,21,66,49,17,35.294117647058826,14.705882352941178,20.588235294117645,64.70588235294117,48.03921568627451,16.666666666666664
E00096142,99,41,23,18,58,48,10,41.41414141414141,23.232323232323232,18.181818181818183,58.58585858585859,48.484848484848484,10.1010101010101
E00096143,132,49,24,25,83,63,20,37.121212121212125,18.181818181818183,18.939393939393938,62.878787878787875,47.72727272727273,15.151515151515152
E00096144,87,38,8,30,49,43,6,43.67816091954023,9.195402298850574,34.48275862068966,56.32183908045977,49.42528735632184,6.896551724137931
E00096145,114,52,12,40,62,51,11,45.614035087719294,10.526315789473683,35.08771929824561,54.385964912280706,44.73684210526316,9.649122807017543
E00096146,204,75,33,42,129,103,26,36.76470588235294,16.176470588235293,20.588235294117645,63.23529411764706,50.49019607843137,12.745098039215685
E00096147,93,41,18,23,52,39,13,44.086021505376344,19.35483870967742,24.731182795698924,55.91397849462365,41.935483870967744,13.978494623655912
E00096148,108,36,13,23,72,61,11,33.33333333333333,12.037037037037036,21.296296296296298,66.66666666666666,56.481481481481474,10.185185185185185
E00096149,202,66,24,42,136,108,28,32.67326732673268,11.881188118811881,20.792079207920793,67.32673267326733,53.46534653465347,13.861386138613863
E00096150,173,53,17,36,120,95,25,30.63583815028902,9.826589595375722,20.809248554913296,69.36416184971098,54.91329479768786,14.450867052023122
E00096151,190,55,26,29,135,111,24,28.947368421052634,13.684210526315791,15.263157894736842,71.05263157894737,58.42105263157895,12.631578947368421
E00096152,225,69,22,47,156,132,24,30.666666666666664,9.777777777777779,20.88888888888889,69.33333333333334,58.666666666666664,10.666666666666668
E00096153,123,31,12,19,92,67,25,25.203252032520325,9.75609756097561,15.447154471544716,74.79674796747967,54.47154471544715,20.32520325203252
E00096154,196,75,31,44,121,103,18,38.265306122448976,15.816326530612246,22.448979591836736,61.73469387755102,52.55102040816326,9.183673469387756
E00096155,207,78,34,44,129,114,15,37.68115942028986,16.425120772946862,21.256038647342994,62.31884057971014,55.072463768115945,7.246376811594203
E00096156,78,30,12,18,48,42,6,38.46153846153847,15.384615384615385,23.076923076923077,61.53846153846154,53.84615384615385,7.6923076923076925
E00096157,231,84,29,55,147,118,29,36.36363636363637,12.554112554112553,23.809523809523807,63.63636363636363,51.082251082251084,12.554112554112553
E00096158,204,67,25,42,137,121,16,32.84313725490196,12.254901960784313,20.588235294117645,67.15686274509804,59.31372549019608,7.8431372549019605
E00096159,160,62,24,38,98,79,19,38.75,15,23.75,61.25000000000001,49.375,11.875
E00096161,169,63,20,43,106,90,16,37.278106508875744,11.834319526627219,25.443786982248522,62.721893491124256,53.25443786982249,9.467455621301776
E00096162,229,69,29,40,160,131,29,30.131004366812224,12.663755458515283,17.46724890829694,69.86899563318777,57.20524017467249,12.663755458515283
E00096163,284,104,37,67,180,148,32,36.61971830985916,13.028169014084506,23.591549295774648,63.38028169014085,52.112676056338024,11.267605633802818
E00096164,66,25,9,16,41,33,8,37.878787878787875,13.636363636363635,24.242424242424242,62.121212121212125,50,12.121212121212121
E00096165,210,64,21,43,146,122,24,30.476190476190478,10,20.476190476190474,69.52380952380952,58.0952380952381,11.428571428571429
E00096166,172,68,28,40,104,87,17,39.53488372093023,16.27906976744186,23.25581395348837,60.46511627906976,50.58139534883721,9.883720930232558
E00096167,80,26,10,16,54,48,6,32.5,12.5,20,67.5,60,7.5
E00096168,100,30,5,25,70,56,14,30,5,25,70,56.00000000000001,14.000000000000002
E00096169,114,36,10,26,78,71,7,31.57894736842105,8.771929824561402,22.807017543859647,68.42105263157895,62.28070175438597,6.140350877192982
E00096170,128,40,11,29,88,71,17,31.25,8.59375,22.65625,68.75,55.46875,13.28125
E00096171,142,60,20,40,82,70,12,42.25352112676056,14.084507042253522,28.169014084507044,57.74647887323944,49.29577464788733,8.450704225352112
E00096172,161,46,15,31,115,96,19,28.57142857142857,9.316770186335404,19.25465838509317,71.42857142857143,59.62732919254658,11.801242236024844
E00096173,134,41,14,27,93,83,10,30.597014925373134,10.44776119402985,20.149253731343283,69.40298507462687,61.940298507462686,7.462686567164178
E00096174,100,34,10,24,66,52,14,34,10,24,66,52,14.000000000000002
E00096175,130,38,13,25,92,80,12,29.230769230769234,10,19.230769230769234,70.76923076923077,61.53846153846154,9.230769230769232
E00096176,174,47,12,35,127,111,16,27.011494252873565,6.896551724137931,20.114942528735632,72.98850574712644,63.793103448275865,9.195402298850574
E00096178,72,33,10,23,39,36,3,45.83333333333333,13.88888888888889,31.944444444444443,54.166666666666664,50,4.166666666666666
E00096179,84,37,10,27,47,37,10,44.047619047619044,11.904761904761903,32.142857142857146,55.952380952380956,44.047619047619044,11.904761904761903
E00096180,112,31,10,21,81,73,8,27.67857142857143,8.928571428571429,18.75,72.32142857142857,65.17857142857143,7.142857142857142
E00096181,81,34,15,19,47,41,6,41.9753086419753,18.51851851851852,23.456790123456788,58.0246913580247,50.617283950617285,7.4074074074074066
E00096182,137,51,16,35,86,72,14,37.22627737226277,11.678832116788321,25.547445255474454,62.77372262773723,52.55474452554745,10.218978102189782
E00096183,108,37,15,22,71,57,14,34.25925925925926,13.88888888888889,20.37037037037037,65.74074074074075,52.77777777777778,12.962962962962962
E00096184,157,55,17,38,102,66,36,35.03184713375796,10.828025477707007,24.203821656050955,64.96815286624204,42.038216560509554,22.929936305732486
E00096185,107,42,13,29,65,49,16,39.25233644859813,12.149532710280374,27.102803738317753,60.747663551401864,45.794392523364486,14.953271028037381
E00096186,97,40,16,24,57,47,10,41.23711340206185,16.49484536082474,24.742268041237114,58.76288659793815,48.45360824742268,10.309278350515463
E00096187,124,46,19,27,78,65,13,37.096774193548384,15.32258064516129,21.774193548387096,62.903225806451616,52.41935483870967,10.483870967741936
E00096188,122,44,20,24,78,66,12,36.0655737704918,16.39344262295082,19.672131147540984,63.934426229508205,54.09836065573771,9.836065573770492
E00096189,221,72,31,41,149,126,23,32.57918552036199,14.027149321266968,18.552036199095024,67.42081447963801,57.01357466063348,10.407239819004525
E00096190,90,32,12,20,58,43,15,35.55555555555556,13.333333333333334,22.22222222222222,64.44444444444444,47.77777777777778,16.666666666666664
E00096191,178,56,24,32,122,97,25,31.46067415730337,13.48314606741573,17.97752808988764,68.53932584269663,54.49438202247191,14.04494382022472
E00096192,123,42,15,27,81,67,14,34.146341463414636,12.195121951219512,21.951219512195124,65.85365853658537,54.47154471544715,11.38211382113821
E00096193,105,31,11,20,74,59,15,29.523809523809526,10.476190476190476,19.047619047619047,70.47619047619048,56.19047619047619,14.285714285714285
E00096194,123,44,18,26,79,66,13,35.77235772357724,14.634146341463413,21.138211382113823,64.22764227642277,53.65853658536586,10.569105691056912
E00096195,104,35,12,23,69,44,25,33.65384615384615,11.538461538461538,22.115384615384613,66.34615384615384,42.30769230769231,24.03846153846154
E00096196,155,58,25,33,97,75,22,37.41935483870968,16.129032258064516,21.29032258064516,62.58064516129033,48.38709677419355,14.193548387096774
E00096197,159,54,20,34,105,85,20,33.9622641509434,12.578616352201259,21.38364779874214,66.0377358490566,53.459119496855344,12.578616352201259
E00096198,176,64,24,40,112,90,22,36.36363636363637,13.636363636363635,22.727272727272727,63.63636363636363,51.13636363636363,12.5
E00096199,135,49,15,34,86,77,9,36.2962962962963,11.11111111111111,25.185185185185183,63.70370370370371,57.03703703703704,6.666666666666667
E00096200,94,40,18,22,54,39,15,42.5531914893617,19.148936170212767,23.404255319148938,57.446808510638306,41.48936170212766,15.957446808510639
E00096201,120,53,21,32,67,51,16,44.166666666666664,17.5,26.666666666666668,55.833333333333336,42.5,13.333333333333334
E00096202,150,60,20,40,90,78,12,40,13.333333333333334,26.666666666666668,60,52,8
E00096203,66,27,13,14,39,30,9,40.909090909090914,19.696969696969695,21.21212121212121,59.09090909090909,45.45454545454545,13.636363636363635
E00096204,109,47,22,25,62,41,21,43.11926605504588,20.18348623853211,22.93577981651376,56.88073394495413,37.61467889908257,19.26605504587156
E00096205,91,29,12,17,62,43,19,31.868131868131865,13.186813186813188,18.681318681318682,68.13186813186813,47.25274725274725,20.87912087912088
E00096206,191,78,29,49,113,94,19,40.83769633507853,15.18324607329843,25.654450261780106,59.16230366492147,49.21465968586388,9.947643979057592
E00096207,93,45,15,30,48,33,15,48.38709677419355,16.129032258064516,32.25806451612903,51.61290322580645,35.483870967741936,16.129032258064516
E00096208,79,27,12,15,52,46,6,34.177215189873415,15.18987341772152,18.9873417721519,65.82278481012658,58.22784810126582,7.59493670886076
E00096209,120,42,17,25,78,55,23,35,14.166666666666666,20.833333333333336,65,45.83333333333333,19.166666666666668
E00096210,94,33,17,16,61,52,9,35.1063829787234,18.085106382978726,17.02127659574468,64.8936170212766,55.319148936170215,9.574468085106384
E00096211,83,32,16,16,51,37,14,38.55421686746988,19.27710843373494,19.27710843373494,61.44578313253012,44.57831325301205,16.867469879518072
E00096212,132,47,19,28,85,50,35,35.60606060606061,14.393939393939394,21.21212121212121,64.39393939393939,37.878787878787875,26.515151515151516
E00096213,102,44,23,21,58,46,12,43.13725490196079,22.54901960784314,20.588235294117645,56.86274509803921,45.09803921568628,11.76470588235294
E00096214,143,49,15,34,94,80,14,34.26573426573427,10.48951048951049,23.776223776223777,65.73426573426573,55.94405594405595,9.79020979020979
E00096215,170,44,11,33,126,107,19,25.882352941176475,6.470588235294119,19.411764705882355,74.11764705882354,62.94117647058823,11.176470588235295
E00096216,110,36,21,15,74,66,8,32.72727272727273,19.090909090909093,13.636363636363635,67.27272727272727,60,7.2727272727272725
E00096217,138,44,7,37,94,86,8,31.88405797101449,5.072463768115942,26.811594202898554,68.11594202898551,62.31884057971014,5.797101449275362
E00096218,118,42,13,29,76,68,8,35.59322033898305,11.016949152542372,24.576271186440678,64.40677966101694,57.6271186440678,6.779661016949152
E00096219,58,16,7,9,42,30,12,27.586206896551722,12.068965517241379,15.517241379310345,72.41379310344827,51.724137931034484,20.689655172413794
E00096220,93,34,10,24,59,49,10,36.55913978494624,10.75268817204301,25.806451612903224,63.44086021505376,52.68817204301075,10.75268817204301
E00096221,134,44,9,35,90,80,10,32.83582089552239,6.7164179104477615,26.119402985074625,67.16417910447761,59.70149253731343,7.462686567164178
E00096222,90,31,12,19,59,48,11,34.44444444444444,13.333333333333334,21.11111111111111,65.55555555555556,53.333333333333336,12.222222222222221
E00096224,101,35,7,28,66,58,8,34.65346534653465,6.9306930693069315,27.722772277227726,65.34653465346535,57.42574257425742,7.920792079207921
E00096225,107,34,7,27,73,66,7,31.775700934579437,6.5420560747663545,25.233644859813083,68.22429906542055,61.6822429906542,6.5420560747663545
E00096226,247,86,28,58,161,138,23,34.81781376518219,11.336032388663968,23.481781376518217,65.18218623481782,55.87044534412956,9.31174089068826
E00096227,121,49,12,37,72,60,12,40.49586776859504,9.917355371900827,30.57851239669421,59.50413223140496,49.586776859504134,9.917355371900827
E00096228,177,62,23,39,115,96,19,35.02824858757062,12.994350282485875,22.033898305084744,64.97175141242938,54.23728813559322,10.734463276836157
E00096230,130,50,21,29,80,73,7,38.46153846153847,16.153846153846153,22.30769230769231,61.53846153846154,56.15384615384615,5.384615384615385
E00096231,125,41,12,29,84,71,13,32.800000000000004,9.6,23.200000000000003,67.2,56.8,10.4
E00096232,104,42,17,25,62,53,9,40.38461538461539,16.346153846153847,24.03846153846154,59.61538461538461,50.96153846153846,8.653846153846153
E00096233,35,17,6,11,18,12,6,48.57142857142857,17.142857142857142,31.428571428571427,51.42857142857142,34.285714285714285,17.142857142857142
E00096234,110,47,12,35,63,54,9,42.72727272727273,10.909090909090908,31.818181818181817,57.27272727272727,49.09090909090909,8.181818181818182
E00096235,137,52,13,39,85,70,15,37.95620437956204,9.48905109489051,28.467153284671532,62.04379562043796,51.09489051094891,10.948905109489052
E00096236,156,56,15,41,100,85,15,35.8974358974359,9.615384615384617,26.282051282051285,64.1025641025641,54.48717948717948,9.615384615384617
E00096237,126,40,13,27,86,76,10,31.746031746031743,10.317460317460316,21.428571428571427,68.25396825396825,60.317460317460316,7.936507936507936
E00096238,153,49,16,33,104,89,15,32.02614379084967,10.457516339869281,21.568627450980394,67.97385620915033,58.16993464052288,9.803921568627452
E00096239,110,34,14,20,76,59,17,30.909090909090907,12.727272727272727,18.181818181818183,69.0909090909091,53.63636363636364,15.454545454545453
E00096240,122,47,9,38,75,64,11,38.52459016393443,7.377049180327869,31.147540983606557,61.47540983606557,52.459016393442624,9.01639344262295
E00096241,65,26,5,21,39,33,6,40,7.6923076923076925,32.30769230769231,60,50.76923076923077,9.230769230769232
E00096242,271,91,24,67,180,155,25,33.579335793357934,8.856088560885608,24.723247232472325,66.42066420664207,57.19557195571956,9.22509225092251
E00096243,93,30,7,23,63,50,13,32.25806451612903,7.526881720430108,24.731182795698924,67.74193548387096,53.76344086021505,13.978494623655912
E00096244,163,53,23,30,110,91,19,32.515337423312886,14.11042944785276,18.404907975460123,67.48466257668711,55.828220858895705,11.65644171779141
E00096245,106,37,8,29,69,61,8,34.90566037735849,7.547169811320755,27.358490566037734,65.09433962264151,57.54716981132076,7.547169811320755
E00096246,73,35,13,22,38,33,5,47.94520547945205,17.80821917808219,30.136986301369863,52.054794520547944,45.20547945205479,6.8493150684931505
E00096247,145,42,15,27,103,95,8,28.965517241379313,10.344827586206897,18.620689655172416,71.03448275862068,65.51724137931035,5.517241379310345
E00096248,96,27,7,20,69,55,14,28.125,7.291666666666667,20.833333333333336,71.875,57.291666666666664,14.583333333333334
E00096250,175,58,17,41,117,105,12,33.14285714285714,9.714285714285714,23.42857142857143,66.85714285714286,60,6.857142857142858
E00096252,124,46,15,31,78,65,13,37.096774193548384,12.096774193548388,25,62.903225806451616,52.41935483870967,10.483870967741936
E00096254,253,74,29,45,179,140,39,29.249011857707508,11.462450592885375,17.786561264822133,70.7509881422925,55.33596837944664,15.41501976284585
E00096255,105,38,7,31,67,51,16,36.19047619047619,6.666666666666667,29.523809523809526,63.8095238095238,48.57142857142857,15.238095238095239
E00096256,198,73,36,37,125,98,27,36.868686868686865,18.181818181818183,18.68686868686869,63.13131313131313,49.494949494949495,13.636363636363635
E00096257,75,27,15,12,48,37,11,36,20,16,64,49.333333333333336,14.666666666666666
E00096258,108,36,18,18,72,61,11,33.33333333333333,16.666666666666664,16.666666666666664,66.66666666666666,56.481481481481474,10.185185185185185
E00096259,126,44,13,31,82,69,13,34.92063492063492,10.317460317460316,24.6031746031746,65.07936507936508,54.761904761904766,10.317460317460316
E00096260,131,32,6,26,99,84,15,24.427480916030532,4.580152671755725,19.84732824427481,75.57251908396947,64.12213740458014,11.450381679389313
E00096261,117,39,11,28,78,67,11,33.33333333333333,9.401709401709402,23.931623931623932,66.66666666666666,57.26495726495726,9.401709401709402
E00096262,106,42,13,29,64,57,7,39.62264150943396,12.264150943396226,27.358490566037734,60.37735849056604,53.77358490566038,6.60377358490566
E00096263,151,50,20,30,101,85,16,33.11258278145696,13.245033112582782,19.867549668874172,66.88741721854305,56.29139072847682,10.596026490066226
E00096265,156,54,23,31,102,85,17,34.61538461538461,14.743589743589745,19.871794871794872,65.38461538461539,54.48717948717948,10.897435897435898
E00096266,184,47,11,36,137,112,25,25.543478260869566,5.978260869565218,19.565217391304348,74.45652173913044,60.86956521739131,13.586956521739129
E00096267,108,33,10,23,75,65,10,30.555555555555557,9.25925925925926,21.296296296296298,69.44444444444444,60.18518518518518,9.25925925925926
E00096268,127,57,15,42,70,59,11,44.881889763779526,11.811023622047244,33.07086614173229,55.118110236220474,46.45669291338583,8.661417322834646
E00096269,88,31,10,21,57,48,9,35.22727272727273,11.363636363636363,23.863636363636363,64.77272727272727,54.54545454545454,10.227272727272728
E00096270,160,48,11,37,112,87,25,30,6.875000000000001,23.125,70,54.37499999999999,15.625
E00096271,112,41,13,28,71,63,8,36.607142857142854,11.607142857142858,25,63.39285714285714,56.25,7.142857142857142
E00096273,202,59,19,40,143,125,18,29.207920792079207,9.405940594059405,19.801980198019802,70.79207920792079,61.88118811881188,8.91089108910891
E00096274,156,47,13,34,109,91,18,30.128205128205128,8.333333333333332,21.794871794871796,69.87179487179486,58.333333333333336,11.538461538461538
E00096275,143,49,9,40,94,85,9,34.26573426573427,6.293706293706294,27.972027972027973,65.73426573426573,59.44055944055944,6.293706293706294
E00096276,111,34,15,19,77,65,12,30.630630630630627,13.513513513513514,17.117117117117118,69.36936936936937,58.55855855855856,10.81081081081081
E00096278,110,39,12,27,71,61,10,35.45454545454545,10.909090909090908,24.545454545454547,64.54545454545455,55.45454545454545,9.090909090909092
E00096279,231,88,31,57,143,116,27,38.095238095238095,13.41991341991342,24.675324675324674,61.904761904761905,50.21645021645021,11.688311688311687
E00096280,100,39,8,31,61,50,11,39,8,31,61,50,11
E00096281,173,58,17,41,115,99,16,33.52601156069364,9.826589595375722,23.699421965317917,66.47398843930635,57.22543352601156,9.248554913294797
E00096282,140,42,16,26,98,78,20,30,11.428571428571429,18.571428571428573,70,55.714285714285715,14.285714285714285
E00096283,105,28,7,21,77,63,14,26.666666666666668,6.666666666666667,20,73.33333333333333,60,13.333333333333334
E00096284,91,24,9,15,67,61,6,26.373626373626376,9.89010989010989,16.483516483516482,73.62637362637363,67.03296703296702,6.593406593406594
E00096285,130,39,12,27,91,76,15,30,9.230769230769232,20.76923076923077,70,58.46153846153847,11.538461538461538
E00096286,167,45,20,25,122,106,16,26.94610778443114,11.976047904191617,14.97005988023952,73.05389221556887,63.47305389221557,9.580838323353294
E00096287,210,58,17,41,152,129,23,27.61904761904762,8.095238095238095,19.523809523809526,72.38095238095238,61.42857142857143,10.952380952380953
E00096288,167,53,13,40,114,96,18,31.736526946107784,7.784431137724551,23.952095808383234,68.26347305389223,57.48502994011976,10.778443113772456
E00096289,121,40,11,29,81,70,11,33.057851239669425,9.090909090909092,23.96694214876033,66.94214876033058,57.85123966942148,9.090909090909092
E00096290,181,53,9,44,128,104,24,29.2817679558011,4.972375690607735,24.30939226519337,70.71823204419888,57.4585635359116,13.259668508287293
E00096291,187,59,14,45,128,112,16,31.550802139037433,7.4866310160427805,24.06417112299465,68.44919786096256,59.893048128342244,8.55614973262032
E00096292,144,48,12,36,96,69,27,33.33333333333333,8.333333333333332,25,66.66666666666666,47.91666666666667,18.75
E00096293,300,93,25,68,207,180,27,31,8.333333333333332,22.666666666666664,69,60,9
E00096294,190,65,20,45,125,84,41,34.21052631578947,10.526315789473683,23.684210526315788,65.78947368421053,44.21052631578947,21.578947368421055
E00096296,214,79,29,50,135,105,30,36.915887850467286,13.551401869158877,23.364485981308412,63.084112149532714,49.06542056074766,14.018691588785046
E00096297,62,19,8,11,43,39,4,30.64516129032258,12.903225806451612,17.741935483870968,69.35483870967742,62.903225806451616,6.451612903225806
E00096300,71,30,10,20,41,35,6,42.25352112676056,14.084507042253522,28.169014084507044,57.74647887323944,49.29577464788733,8.450704225352112
E00096301,98,32,11,21,66,57,9,32.6530612244898,11.224489795918368,21.428571428571427,67.3469387755102,58.16326530612245,9.183673469387756
E00096303,87,25,7,18,62,47,15,28.735632183908045,8.045977011494253,20.689655172413794,71.26436781609196,54.02298850574713,17.24137931034483
E00096304,119,43,17,26,76,66,10,36.134453781512605,14.285714285714285,21.84873949579832,63.86554621848739,55.46218487394958,8.403361344537815
E00096305,155,74,29,45,81,65,16,47.74193548387097,18.70967741935484,29.03225806451613,52.25806451612903,41.935483870967744,10.32258064516129
E00096306,175,58,19,39,117,103,14,33.14285714285714,10.857142857142858,22.285714285714285,66.85714285714286,58.857142857142854,8
E00096307,124,49,12,37,75,62,13,39.516129032258064,9.67741935483871,29.838709677419356,60.483870967741936,50,10.483870967741936
E00096308,117,43,11,32,74,56,18,36.75213675213676,9.401709401709402,27.350427350427353,63.24786324786324,47.863247863247864,15.384615384615385
E00096309,118,45,9,36,73,66,7,38.13559322033898,7.627118644067797,30.508474576271187,61.86440677966102,55.932203389830505,5.932203389830509
E00096310,91,40,11,29,51,47,4,43.956043956043956,12.087912087912088,31.868131868131865,56.043956043956044,51.64835164835166,4.395604395604396
E00096311,206,71,20,51,135,120,15,34.46601941747573,9.70873786407767,24.75728155339806,65.53398058252428,58.252427184466015,7.281553398058252
E00096312,116,47,23,24,69,52,17,40.51724137931034,19.82758620689655,20.689655172413794,59.48275862068966,44.827586206896555,14.655172413793101
E00096313,174,63,27,36,111,102,9,36.206896551724135,15.517241379310345,20.689655172413794,63.793103448275865,58.620689655172406,5.172413793103448
E00096314,116,32,9,23,84,69,15,27.586206896551722,7.758620689655173,19.82758620689655,72.41379310344827,59.48275862068966,12.931034482758621
E00096315,140,65,26,39,75,65,10,46.42857142857143,18.571428571428573,27.857142857142858,53.57142857142857,46.42857142857143,7.142857142857142
E00096316,96,39,14,25,57,46,11,40.625,14.583333333333334,26.041666666666668,59.375,47.91666666666667,11.458333333333332
E00096317,89,31,9,22,58,51,7,34.831460674157306,10.112359550561797,24.719101123595504,65.1685393258427,57.30337078651685,7.865168539325842
E00096318,83,25,12,13,58,47,11,30.120481927710845,14.457831325301203,15.66265060240964,69.87951807228916,56.62650602409639,13.253012048192772
E00096319,132,50,16,34,82,67,15,37.878787878787875,12.121212121212121,25.757575757575758,62.121212121212125,50.75757575757576,11.363636363636363
E00096320,120,42,17,25,78,61,17,35,14.166666666666666,20.833333333333336,65,50.83333333333333,14.166666666666666
E00096321,164,63,27,36,101,70,31,38.41463414634146,16.463414634146343,21.951219512195124,61.58536585365854,42.68292682926829,18.902439024390244
E00096322,158,48,13,35,110,98,12,30.37974683544304,8.227848101265822,22.151898734177212,69.62025316455697,62.0253164556962,7.59493670886076
E00096323,209,69,19,50,140,117,23,33.014354066985646,9.090909090909092,23.923444976076556,66.98564593301435,55.980861244019145,11.004784688995215
E00096324,135,44,16,28,91,72,19,32.592592592592595,11.851851851851853,20.74074074074074,67.4074074074074,53.333333333333336,14.074074074074074
E00096325,145,50,13,37,95,79,16,34.48275862068966,8.96551724137931,25.517241379310345,65.51724137931035,54.48275862068965,11.03448275862069
E00096326,132,45,16,29,87,77,10,34.090909090909086,12.121212121212121,21.96969696969697,65.9090909090909,58.333333333333336,7.575757575757576
E00096327,121,39,14,25,82,75,7,32.231404958677686,11.570247933884298,20.66115702479339,67.76859504132231,61.98347107438017,5.785123966942149
E00096328,138,47,8,39,91,76,15,34.05797101449276,5.797101449275362,28.26086956521739,65.94202898550725,55.072463768115945,10.869565217391305
E00096329,206,67,16,51,139,118,21,32.5242718446602,7.766990291262135,24.75728155339806,67.47572815533981,57.28155339805825,10.194174757281553
E00096330,210,73,20,53,137,116,21,34.76190476190476,9.523809523809524,25.238095238095237,65.23809523809524,55.23809523809524,10
E00096331,121,44,14,30,77,69,8,36.36363636363637,11.570247933884298,24.793388429752067,63.63636363636363,57.02479338842975,6.6115702479338845
E00096332,164,60,29,31,104,68,36,36.58536585365854,17.682926829268293,18.902439024390244,63.41463414634146,41.46341463414634,21.951219512195124
E00096333,115,46,13,33,69,55,14,40,11.304347826086957,28.695652173913043,60,47.82608695652174,12.173913043478262
E00096334,223,88,35,53,135,101,34,39.46188340807175,15.695067264573993,23.766816143497756,60.53811659192825,45.2914798206278,15.246636771300448
E00096335,288,101,22,79,187,152,35,35.06944444444444,7.638888888888889,27.430555555555557,64.93055555555556,52.77777777777778,12.152777777777777
E00096336,227,77,15,62,150,139,11,33.92070484581498,6.607929515418502,27.312775330396477,66.07929515418502,61.23348017621145,4.845814977973569
E00096337,254,90,31,59,164,123,41,35.43307086614173,12.204724409448819,23.228346456692915,64.56692913385827,48.4251968503937,16.141732283464567
E00096338,187,83,29,54,104,81,23,44.38502673796791,15.508021390374333,28.87700534759358,55.61497326203209,43.31550802139038,12.299465240641712
E00096339,192,61,14,47,131,103,28,31.770833333333332,7.291666666666667,24.479166666666664,68.22916666666666,53.645833333333336,14.583333333333334
E00096340,163,52,21,31,111,97,14,31.901840490797547,12.883435582822086,19.018404907975462,68.09815950920245,59.50920245398773,8.588957055214724
E00096341,188,63,19,44,125,113,12,33.51063829787234,10.106382978723403,23.404255319148938,66.48936170212765,60.1063829787234,6.382978723404255
E00096342,123,41,10,31,82,73,9,33.33333333333333,8.130081300813007,25.203252032520325,66.66666666666666,59.34959349593496,7.317073170731707
E00096344,170,48,15,33,122,112,10,28.235294117647058,8.823529411764707,19.411764705882355,71.76470588235294,65.88235294117646,5.88235294117647
E00096345,149,48,10,38,101,87,14,32.21476510067114,6.7114093959731544,25.503355704697988,67.78523489932886,58.38926174496645,9.395973154362416
E00096346,218,75,26,49,143,124,19,34.403669724770644,11.926605504587156,22.477064220183486,65.59633027522935,56.88073394495413,8.715596330275229
E00096347,228,76,19,57,152,117,35,33.33333333333333,8.333333333333332,25,66.66666666666666,51.31578947368421,15.350877192982457
E00096348,131,46,19,27,85,66,19,35.11450381679389,14.50381679389313,20.610687022900763,64.8854961832061,50.38167938931297,14.50381679389313
E00096349,84,26,11,15,58,38,20,30.952380952380953,13.095238095238097,17.857142857142858,69.04761904761905,45.23809523809524,23.809523809523807
E00096350,149,63,18,45,86,68,18,42.281879194630875,12.080536912751679,30.201342281879196,57.71812080536913,45.63758389261745,12.080536912751679
E00096351,163,48,20,28,115,94,21,29.447852760736197,12.269938650306749,17.177914110429448,70.5521472392638,57.668711656441715,12.883435582822086
E00096352,159,60,27,33,99,62,37,37.735849056603776,16.9811320754717,20.754716981132077,62.264150943396224,38.9937106918239,23.270440251572328
E00096353,119,31,17,14,88,64,24,26.05042016806723,14.285714285714285,11.76470588235294,73.94957983193278,53.78151260504202,20.168067226890756
E00096354,108,35,10,25,73,57,16,32.407407407407405,9.25925925925926,23.14814814814815,67.5925925925926,52.77777777777778,14.814814814814813
E00096355,120,46,13,33,74,63,11,38.333333333333336,10.833333333333334,27.500000000000004,61.66666666666667,52.5,9.166666666666666
E00096356,164,58,20,38,106,93,13,35.36585365853659,12.195121951219512,23.170731707317074,64.63414634146342,56.70731707317073,7.926829268292683
E00096357,54,15,3,12,39,33,6,27.77777777777778,5.555555555555555,22.22222222222222,72.22222222222221,61.111111111111114,11.11111111111111
E00096358,72,25,13,12,47,35,12,34.72222222222222,18.055555555555554,16.666666666666664,65.27777777777779,48.61111111111111,16.666666666666664
E00096359,88,34,14,20,54,47,7,38.63636363636363,15.909090909090908,22.727272727272727,61.36363636363637,53.40909090909091,7.954545454545454
E00096360,135,45,14,31,90,69,21,33.33333333333333,10.37037037037037,22.962962962962962,66.66666666666666,51.11111111111111,15.555555555555555
E00096361,104,37,16,21,67,55,12,35.57692307692308,15.384615384615385,20.192307692307693,64.42307692307693,52.88461538461539,11.538461538461538
E00096362,144,48,19,29,96,82,14,33.33333333333333,13.194444444444445,20.13888888888889,66.66666666666666,56.94444444444444,9.722222222222223
E00096363,154,46,17,29,108,92,16,29.87012987012987,11.03896103896104,18.83116883116883,70.12987012987013,59.74025974025974,10.38961038961039
E00096364,247,73,24,49,174,134,40,29.554655870445345,9.7165991902834,19.838056680161944,70.44534412955466,54.25101214574899,16.194331983805668
E00096365,148,45,13,32,103,92,11,30.405405405405407,8.783783783783784,21.62162162162162,69.5945945945946,62.16216216216216,7.4324324324324325
E00096366,128,48,15,33,80,68,12,37.5,11.71875,25.78125,62.5,53.125,9.375
E00096367,278,89,28,61,189,157,32,32.014388489208635,10.071942446043165,21.942446043165468,67.98561151079137,56.4748201438849,11.510791366906476
E00096368,242,86,24,62,156,128,28,35.53719008264463,9.917355371900827,25.6198347107438,64.46280991735537,52.892561983471076,11.570247933884298
E00096370,134,44,11,33,90,76,14,32.83582089552239,8.208955223880597,24.62686567164179,67.16417910447761,56.71641791044776,10.44776119402985
E00096371,167,61,26,35,106,74,32,36.52694610778443,15.568862275449103,20.958083832335326,63.47305389221557,44.31137724550898,19.16167664670659
E00096372,179,49,15,34,130,102,28,27.37430167597765,8.379888268156424,18.994413407821227,72.62569832402235,56.98324022346368,15.64245810055866
E00096373,152,49,15,34,103,81,22,32.23684210526316,9.868421052631579,22.36842105263158,67.76315789473685,53.289473684210535,14.473684210526317
E00096374,89,22,8,14,67,54,13,24.719101123595504,8.98876404494382,15.730337078651685,75.28089887640449,60.67415730337079,14.606741573033707
E00096375,97,37,10,27,60,53,7,38.144329896907216,10.309278350515463,27.835051546391753,61.855670103092784,54.63917525773196,7.216494845360824
E00096376,159,49,22,27,110,92,18,30.81761006289308,13.836477987421384,16.9811320754717,69.18238993710692,57.861635220125784,11.320754716981133
E00096377,178,60,13,47,118,103,15,33.70786516853933,7.303370786516854,26.40449438202247,66.29213483146067,57.865168539325836,8.426966292134832
E00096378,144,40,11,29,104,93,11,27.77777777777778,7.638888888888889,20.13888888888889,72.22222222222221,64.58333333333334,7.638888888888889
E00096379,127,57,30,27,70,51,19,44.881889763779526,23.62204724409449,21.25984251968504,55.118110236220474,40.15748031496063,14.960629921259844
E00096380,167,66,15,51,101,77,24,39.52095808383233,8.982035928143713,30.538922155688624,60.47904191616767,46.10778443113773,14.37125748502994
E00096381,155,36,9,27,119,98,21,23.225806451612904,5.806451612903226,17.419354838709676,76.77419354838709,63.2258064516129,13.548387096774196
E00096382,214,81,26,55,133,113,20,37.850467289719624,12.149532710280374,25.70093457943925,62.149532710280376,52.80373831775701,9.345794392523365
E00096383,80,38,10,28,42,35,7,47.5,12.5,35,52.5,43.75,8.75
E00096384,33,14,6,8,19,14,5,42.42424242424242,18.181818181818183,24.242424242424242,57.57575757575758,42.42424242424242,15.151515151515152
E00096385,136,49,16,33,87,75,12,36.029411764705884,11.76470588235294,24.264705882352942,63.970588235294116,55.14705882352941,8.823529411764707
E00096386,94,39,8,31,55,45,10,41.48936170212766,8.51063829787234,32.97872340425532,58.51063829787234,47.87234042553192,10.638297872340425
E00096387,195,64,15,49,131,110,21,32.82051282051282,7.6923076923076925,25.128205128205128,67.17948717948717,56.41025641025641,10.76923076923077
E00096388,116,42,4,38,74,70,4,36.206896551724135,3.4482758620689653,32.758620689655174,63.793103448275865,60.3448275862069,3.4482758620689653
E00096390,177,61,18,43,116,102,14,34.463276836158194,10.16949152542373,24.293785310734464,65.5367231638418,57.6271186440678,7.909604519774012
E00096391,133,45,18,27,88,69,19,33.83458646616541,13.533834586466165,20.30075187969925,66.16541353383458,51.8796992481203,14.285714285714285
E00096392,232,78,22,56,154,123,31,33.62068965517241,9.482758620689655,24.137931034482758,66.37931034482759,53.01724137931034,13.36206896551724
E00096393,170,69,25,44,101,85,16,40.588235294117645,14.705882352941178,25.882352941176475,59.411764705882355,50,9.411764705882353
E00096394,168,50,14,36,118,99,19,29.761904761904763,8.333333333333332,21.428571428571427,70.23809523809523,58.92857142857143,11.30952380952381
E00096395,212,67,18,49,145,127,18,31.60377358490566,8.49056603773585,23.11320754716981,68.39622641509435,59.905660377358494,8.49056603773585
E00096396,190,64,14,50,126,115,11,33.68421052631579,7.368421052631578,26.31578947368421,66.3157894736842,60.526315789473685,5.7894736842105265
E00096397,151,53,19,34,98,87,11,35.099337748344375,12.582781456953644,22.516556291390728,64.90066225165563,57.615894039735096,7.28476821192053
E00096398,195,61,17,44,134,111,23,31.28205128205128,8.717948717948717,22.564102564102566,68.71794871794872,56.92307692307692,11.794871794871794
E00096399,166,56,19,37,110,89,21,33.734939759036145,11.44578313253012,22.289156626506024,66.26506024096386,53.6144578313253,12.650602409638553
E00172765,221,73,33,40,148,125,23,33.03167420814479,14.93212669683258,18.099547511312217,66.9683257918552,56.56108597285068,10.407239819004525
E00172766,147,55,20,35,92,78,14,37.41496598639456,13.60544217687075,23.809523809523807,62.585034013605444,53.06122448979592,9.523809523809524
E00172767,68,31,8,23,37,32,5,45.588235294117645,11.76470588235294,33.82352941176471,54.41176470588235,47.05882352941176,7.352941176470589
E00172768,76,32,13,19,44,41,3,42.10526315789473,17.105263157894736,25,57.89473684210527,53.94736842105263,3.9473684210526314
E00172769,174,63,25,38,111,85,26,36.206896551724135,14.367816091954023,21.839080459770116,63.793103448275865,48.85057471264368,14.942528735632186
E00172770,164,58,17,41,106,86,20,35.36585365853659,10.365853658536585,25,64.63414634146342,52.4390243902439,12.195121951219512
E00172772,135,39,9,30,96,72,24,28.888888888888886,6.666666666666667,22.22222222222222,71.11111111111111,53.333333333333336,17.77777777777778
E00172773,157,38,10,28,119,93,26,24.203821656050955,6.369426751592357,17.8343949044586,75.79617834394905,59.23566878980891,16.560509554140125
E00172774,96,31,10,21,65,50,15,32.29166666666667,10.416666666666668,21.875,67.70833333333334,52.083333333333336,15.625
E00172775,73,22,9,13,51,34,17,30.136986301369863,12.32876712328767,17.80821917808219,69.86301369863014,46.57534246575342,23.28767123287671
E00172776,172,38,8,30,134,108,26,22.093023255813954,4.651162790697675,17.441860465116278,77.90697674418605,62.7906976744186,15.11627906976744
E00172777,140,36,11,25,104,84,20,25.71428571428571,7.857142857142857,17.857142857142858,74.28571428571429,60,14.285714285714285
E00172778,117,33,12,21,84,66,18,28.205128205128204,10.256410256410255,17.94871794871795,71.7948717948718,56.41025641025641,15.384615384615385
E00172779,171,80,34,46,91,68,23,46.783625730994146,19.883040935672515,26.900584795321635,53.216374269005854,39.76608187134503,13.450292397660817
E00172780,174,52,16,36,122,104,18,29.88505747126437,9.195402298850574,20.689655172413794,70.11494252873564,59.77011494252874,10.344827586206897
E00172781,167,53,16,37,114,100,14,31.736526946107784,9.580838323353294,22.15568862275449,68.26347305389223,59.88023952095808,8.383233532934131
E00172782,199,62,23,39,137,116,21,31.155778894472363,11.557788944723619,19.597989949748744,68.84422110552764,58.291457286432156,10.552763819095476
E00172783,149,46,11,35,103,84,19,30.87248322147651,7.38255033557047,23.48993288590604,69.12751677852349,56.375838926174495,12.751677852348994
E00172785,113,50,18,32,63,48,15,44.24778761061947,15.929203539823009,28.31858407079646,55.75221238938053,42.47787610619469,13.274336283185843
E00172786,264,81,16,65,183,154,29,30.681818181818183,6.0606060606060606,24.62121212121212,69.31818181818183,58.333333333333336,10.984848484848484
E00172787,62,30,11,19,32,26,6,48.38709677419355,17.741935483870968,30.64516129032258,51.61290322580645,41.935483870967744,9.67741935483871
E00172788,151,62,21,41,89,67,22,41.05960264900662,13.90728476821192,27.1523178807947,58.94039735099338,44.370860927152314,14.56953642384106
E00172789,152,48,19,29,104,88,16,31.57894736842105,12.5,19.078947368421055,68.42105263157895,57.89473684210527,10.526315789473683
E00172790,246,72,20,52,174,145,29,29.268292682926827,8.130081300813007,21.138211382113823,70.73170731707317,58.94308943089431,11.788617886178862
E00172791,172,52,23,29,120,84,36,30.23255813953488,13.372093023255813,16.86046511627907,69.76744186046511,48.837209302325576,20.930232558139537
E00172792,149,48,11,37,101,83,18,32.21476510067114,7.38255033557047,24.832214765100673,67.78523489932886,55.70469798657718,12.080536912751679
E00172793,173,55,16,39,118,87,31,31.79190751445087,9.248554913294797,22.54335260115607,68.20809248554913,50.28901734104046,17.91907514450867
E00172794,154,54,20,34,100,81,19,35.064935064935064,12.987012987012985,22.07792207792208,64.93506493506493,52.5974025974026,12.337662337662337
E00172795,198,67,17,50,131,109,22,33.83838383838384,8.585858585858585,25.252525252525253,66.16161616161617,55.05050505050505,11.11111111111111
E00172796,114,36,9,27,78,72,6,31.57894736842105,7.894736842105263,23.684210526315788,68.42105263157895,63.1578947368421,5.263157894736842
E00172797,227,75,22,53,152,137,15,33.03964757709251,9.691629955947137,23.348017621145374,66.96035242290749,60.352422907488986,6.607929515418502
E00172799,200,47,14,33,153,136,17,23.5,7.000000000000001,16.5,76.5,68,8.5
E00172800,97,41,14,27,56,47,9,42.2680412371134,14.432989690721648,27.835051546391753,57.73195876288659,48.45360824742268,9.278350515463918
E00172801,109,39,14,25,70,57,13,35.77981651376147,12.844036697247708,22.93577981651376,64.22018348623854,52.293577981651374,11.926605504587156
E00172802,113,29,9,20,84,71,13,25.663716814159294,7.964601769911504,17.699115044247787,74.33628318584071,62.83185840707964,11.504424778761061
E00172803,143,54,13,41,89,72,17,37.76223776223776,9.090909090909092,28.671328671328673,62.23776223776224,50.349650349650354,11.888111888111888
E00172804,240,73,28,45,167,135,32,30.416666666666664,11.666666666666666,18.75,69.58333333333333,56.25,13.333333333333334
E00172805,113,40,12,28,73,61,12,35.39823008849557,10.619469026548673,24.778761061946902,64.60176991150442,53.98230088495575,10.619469026548673
E00172806,222,76,16,60,146,131,15,34.234234234234236,7.207207207207207,27.027027027027028,65.76576576576578,59.009009009009006,6.756756756756757
E00172807,209,65,16,49,144,125,19,31.100478468899524,7.655502392344498,23.444976076555022,68.89952153110048,59.80861244019139,9.090909090909092
E00172808,100,29,9,20,71,62,9,28.999999999999996,9,20,71,62,9
E00172809,72,26,2,24,46,39,7,36.11111111111111,2.7777777777777777,33.33333333333333,63.888888888888886,54.166666666666664,9.722222222222223
E00172810,130,46,14,32,84,71,13,35.38461538461539,10.76923076923077,24.615384615384617,64.61538461538461,54.61538461538461,10
E00172811,136,37,12,25,99,78,21,27.205882352941174,8.823529411764707,18.38235294117647,72.79411764705883,57.35294117647059,15.441176470588236
E00172812,118,53,16,37,65,57,8,44.91525423728814,13.559322033898304,31.35593220338983,55.08474576271186,48.30508474576271,6.779661016949152
E00172813,165,43,10,33,122,86,36,26.060606060606062,6.0606060606060606,20,73.93939393939394,52.121212121212125,21.818181818181817
E00172814,187,55,14,41,132,111,21,29.411764705882355,7.4866310160427805,21.92513368983957,70.58823529411765,59.35828877005348,11.229946524064172
E00172817,186,53,8,45,133,119,14,28.49462365591398,4.301075268817205,24.193548387096776,71.50537634408603,63.97849462365591,7.526881720430108
E00172818,154,58,19,39,96,77,19,37.66233766233766,12.337662337662337,25.324675324675322,62.33766233766234,50,12.337662337662337
E00172819,161,40,13,27,121,95,26,24.84472049689441,8.074534161490684,16.77018633540373,75.15527950310559,59.006211180124225,16.149068322981368
E00172820,138,37,13,24,101,85,16,26.811594202898554,9.420289855072465,17.391304347826086,73.18840579710145,61.59420289855072,11.594202898550725
E00172821,178,55,16,39,123,100,23,30.89887640449438,8.98876404494382,21.910112359550563,69.10112359550563,56.17977528089888,12.921348314606742
E00172822,157,58,22,36,99,86,13,36.94267515923567,14.012738853503185,22.929936305732486,63.05732484076433,54.77707006369427,8.280254777070063
E00172823,174,48,18,30,126,104,22,27.586206896551722,10.344827586206897,17.24137931034483,72.41379310344827,59.77011494252874,12.643678160919542
E00172824,136,45,20,25,91,81,10,33.088235294117645,14.705882352941178,18.38235294117647,66.91176470588235,59.55882352941176,7.352941176470589
E00172825,142,54,13,41,88,73,15,38.028169014084504,9.15492957746479,28.87323943661972,61.97183098591549,51.40845070422535,10.56338028169014
E00172826,118,46,10,36,72,59,13,38.983050847457626,8.47457627118644,30.508474576271187,61.016949152542374,50,11.016949152542372
E00172828,176,54,17,37,122,98,24,30.681818181818183,9.659090909090908,21.022727272727273,69.31818181818183,55.68181818181818,13.636363636363635
E00172830,108,36,8,28,72,64,8,33.33333333333333,7.4074074074074066,25.925925925925924,66.66666666666666,59.25925925925925,7.4074074074074066
E00172831,188,36,10,26,152,132,20,19.148936170212767,5.319148936170213,13.829787234042554,80.85106382978722,70.2127659574468,10.638297872340425
E00172833,175,50,16,34,125,113,12,28.57142857142857,9.142857142857142,19.428571428571427,71.42857142857143,64.57142857142857,6.857142857142858
E00172834,217,67,19,48,150,126,24,30.87557603686636,8.755760368663594,22.119815668202765,69.12442396313364,58.06451612903226,11.059907834101383
E00182746,174,89,58,31,85,66,19,51.14942528735632,33.33333333333333,17.81609195402299,48.85057471264368,37.93103448275862,10.919540229885058
E00182747,158,55,25,30,103,80,23,34.810126582278485,15.822784810126583,18.9873417721519,65.18987341772153,50.63291139240506,14.556962025316455
E00182748,808,347,187,160,461,379,82,42.945544554455445,23.143564356435643,19.801980198019802,57.05445544554455,46.9059405940594,10.14851485148515
E00182749,104,34,17,17,70,51,19,32.69230769230769,16.346153846153847,16.346153846153847,67.3076923076923,49.03846153846153,18.269230769230766
E00182750,104,46,16,30,58,46,12,44.230769230769226,15.384615384615385,28.846153846153843,55.769230769230774,44.230769230769226,11.538461538461538
E00182751,82,38,18,20,44,38,6,46.34146341463415,21.951219512195124,24.390243902439025,53.65853658536586,46.34146341463415,7.317073170731707
E00182752,81,40,24,16,41,30,11,49.382716049382715,29.629629629629626,19.753086419753085,50.617283950617285,37.03703703703704,13.580246913580247
E00182753,43,17,7,10,26,20,6,39.53488372093023,16.27906976744186,23.25581395348837,60.46511627906976,46.51162790697674,13.953488372093023
E00182754,313,121,33,88,192,163,29,38.65814696485623,10.543130990415335,28.115015974440894,61.34185303514377,52.07667731629393,9.26517571884984
E00182755,217,81,20,61,136,124,12,37.327188940092164,9.216589861751153,28.110599078341014,62.67281105990783,57.14285714285714,5.529953917050691
E00182756,169,54,15,39,115,99,16,31.952662721893493,8.875739644970414,23.076923076923077,68.04733727810651,58.57988165680473,9.467455621301776
E00182757,162,50,20,30,112,88,24,30.864197530864196,12.345679012345679,18.51851851851852,69.1358024691358,54.32098765432099,14.814814814814813
E00182758,181,56,13,43,125,105,20,30.939226519337016,7.18232044198895,23.756906077348066,69.06077348066299,58.011049723756905,11.049723756906078
E00182759,265,67,21,46,198,171,27,25.28301886792453,7.9245283018867925,17.358490566037734,74.71698113207546,64.52830188679245,10.18867924528302
E00182760,61,14,4,10,47,42,5,22.950819672131146,6.557377049180328,16.39344262295082,77.04918032786885,68.85245901639344,8.19672131147541
E00182761,147,35,7,28,112,99,13,23.809523809523807,4.761904761904762,19.047619047619047,76.19047619047619,67.3469387755102,8.843537414965986
E00182762,66,22,6,16,44,38,6,33.33333333333333,9.090909090909092,24.242424242424242,66.66666666666666,57.57575757575758,9.090909090909092
E00182763,181,59,20,39,122,106,16,32.59668508287293,11.049723756906078,21.54696132596685,67.40331491712708,58.5635359116022,8.83977900552486
E00182764,66,20,7,13,46,38,8,30.303030303030305,10.606060606060606,19.696969696969695,69.6969696969697,57.57575757575758,12.121212121212121
E00182765,223,69,18,51,154,126,28,30.94170403587444,8.071748878923767,22.869955156950674,69.05829596412556,56.502242152466366,12.556053811659194
E00182766,171,62,27,35,109,89,20,36.25730994152047,15.789473684210526,20.46783625730994,63.74269005847953,52.046783625730995,11.695906432748536
E00182767,192,47,8,39,145,120,25,24.479166666666664,4.166666666666666,20.3125,75.52083333333334,62.5,13.020833333333334
E00182768,273,94,28,66,179,156,23,34.43223443223443,10.256410256410255,24.175824175824175,65.56776556776556,57.14285714285714,8.424908424908425
E00182769,213,80,32,48,133,121,12,37.558685446009385,15.023474178403756,22.535211267605636,62.441314553990615,56.8075117370892,5.633802816901409
E00182770,243,91,26,65,152,130,22,37.4485596707819,10.699588477366255,26.748971193415638,62.55144032921811,53.497942386831276,9.053497942386832
E00182771,147,50,19,31,97,79,18,34.01360544217687,12.925170068027212,21.08843537414966,65.98639455782312,53.74149659863946,12.244897959183673
E00182772,72,17,1,16,55,49,6,23.61111111111111,1.3888888888888888,22.22222222222222,76.38888888888889,68.05555555555556,8.333333333333332
E00182773,111,47,13,34,64,53,11,42.34234234234234,11.711711711711711,30.630630630630627,57.65765765765766,47.74774774774775,9.90990990990991
E00182774,43,13,6,7,30,23,7,30.23255813953488,13.953488372093023,16.27906976744186,69.76744186046511,53.48837209302325,16.27906976744186
E00182775,126,37,14,23,89,66,23,29.365079365079367,11.11111111111111,18.253968253968253,70.63492063492063,52.38095238095239,18.253968253968253
E00182776,211,57,14,43,154,126,28,27.014218009478675,6.6350710900473935,20.379146919431278,72.98578199052133,59.71563981042654,13.270142180094787
E00182777,280,64,17,47,216,176,40,22.857142857142858,6.071428571428571,16.785714285714285,77.14285714285715,62.857142857142854,14.285714285714285
E00182778,81,24,7,17,57,43,14,29.629629629629626,8.641975308641975,20.98765432098765,70.37037037037037,53.086419753086425,17.28395061728395
E00182779,206,57,14,43,149,129,20,27.669902912621357,6.796116504854369,20.87378640776699,72.33009708737865,62.62135922330098,9.70873786407767
E00182780,184,40,13,27,144,131,13,21.73913043478261,7.065217391304348,14.673913043478262,78.26086956521739,71.19565217391305,7.065217391304348
E00182781,144,60,21,39,84,60,24,41.66666666666667,14.583333333333334,27.083333333333332,58.333333333333336,41.66666666666667,16.666666666666664
E00182782,310,92,22,70,218,192,26,29.677419354838708,7.096774193548387,22.58064516129032,70.3225806451613,61.935483870967744,8.38709677419355
E00182783,71,33,7,26,38,34,4,46.478873239436616,9.859154929577464,36.61971830985916,53.52112676056338,47.88732394366197,5.633802816901409
E00182784,279,92,24,68,187,161,26,32.97491039426524,8.60215053763441,24.372759856630825,67.02508960573476,57.70609318996416,9.31899641577061
E00182785,215,67,20,47,148,125,23,31.16279069767442,9.30232558139535,21.86046511627907,68.83720930232559,58.139534883720934,10.69767441860465
E00182786,89,30,3,27,59,47,12,33.70786516853933,3.3707865168539324,30.337078651685395,66.29213483146067,52.80898876404494,13.48314606741573
E00182787,106,30,4,26,76,66,10,28.30188679245283,3.7735849056603774,24.528301886792452,71.69811320754717,62.264150943396224,9.433962264150944
E00182788,307,103,38,65,204,161,43,33.55048859934853,12.37785016286645,21.172638436482085,66.44951140065146,52.44299674267101,14.006514657980457
E00182789,137,48,13,35,89,79,10,35.03649635036496,9.48905109489051,25.547445255474454,64.96350364963503,57.66423357664233,7.2992700729927
E00182790,227,78,26,52,149,114,35,34.36123348017621,11.45374449339207,22.90748898678414,65.63876651982379,50.22026431718062,15.418502202643172
E00182791,163,59,12,47,104,91,13,36.19631901840491,7.361963190184049,28.834355828220858,63.80368098159509,55.828220858895705,7.975460122699387
E00182792,103,30,9,21,73,59,14,29.126213592233007,8.737864077669903,20.388349514563107,70.87378640776699,57.28155339805825,13.592233009708737
E00182793,228,81,25,56,147,124,23,35.526315789473685,10.964912280701753,24.561403508771928,64.47368421052632,54.385964912280706,10.087719298245613
E00182794,128,51,16,35,77,73,4,39.84375,12.5,27.34375,60.15625,57.03125,3.125
E00182795,65,27,9,18,38,32,6,41.53846153846154,13.846153846153847,27.692307692307693,58.46153846153847,49.23076923076923,9.230769230769232
E00182796,70,30,13,17,40,30,10,42.857142857142854,18.571428571428573,24.285714285714285,57.14285714285714,42.857142857142854,14.285714285714285
E00182797,168,42,6,36,126,103,23,25,3.571428571428571,21.428571428571427,75,61.30952380952381,13.690476190476192
E00182798,377,91,27,64,286,242,44,24.137931034482758,7.161803713527852,16.976127320954905,75.86206896551724,64.19098143236074,11.671087533156498
E00182799,88,33,9,24,55,42,13,37.5,10.227272727272728,27.27272727272727,62.5,47.72727272727273,14.772727272727273
E00182800,74,25,9,16,49,40,9,33.78378378378378,12.162162162162163,21.62162162162162,66.21621621621621,54.054054054054056,12.162162162162163
E00182801,92,28,10,18,64,53,11,30.434782608695656,10.869565217391305,19.565217391304348,69.56521739130434,57.608695652173914,11.956521739130435
E00182802,131,43,13,30,88,80,8,32.82442748091603,9.923664122137405,22.900763358778626,67.17557251908397,61.06870229007634,6.106870229007633
E00182803,119,45,13,32,74,58,16,37.81512605042017,10.92436974789916,26.89075630252101,62.18487394957983,48.739495798319325,13.445378151260504
E00182804,191,61,27,34,130,116,14,31.93717277486911,14.136125654450263,17.801047120418847,68.06282722513089,60.73298429319372,7.329842931937172
E00182805,233,77,24,53,156,127,29,33.047210300429185,10.300429184549357,22.746781115879827,66.95278969957081,54.506437768240346,12.446351931330472
E00182806,152,58,24,34,94,71,23,38.15789473684211,15.789473684210526,22.36842105263158,61.8421052631579,46.71052631578947,15.131578947368421
E00182807,57,12,2,10,45,36,9,21.052631578947366,3.508771929824561,17.543859649122805,78.94736842105263,63.1578947368421,15.789473684210526
E00182808,134,47,17,30,87,72,15,35.07462686567165,12.686567164179104,22.388059701492537,64.92537313432835,53.73134328358209,11.194029850746269
E00182809,90,30,8,22,60,50,10,33.33333333333333,8.88888888888889,24.444444444444443,66.66666666666666,55.55555555555556,11.11111111111111
E00182810,166,59,13,46,107,95,12,35.54216867469879,7.83132530120482,27.710843373493976,64.45783132530121,57.22891566265061,7.228915662650602
E00182811,66,31,10,21,35,30,5,46.96969696969697,15.151515151515152,31.818181818181817,53.03030303030303,45.45454545454545,7.575757575757576
E00182812,77,28,14,14,49,39,10,36.36363636363637,18.181818181818183,18.181818181818183,63.63636363636363,50.649350649350644,12.987012987012985
E00182813,216,53,11,42,163,130,33,24.537037037037038,5.092592592592593,19.444444444444446,75.46296296296296,60.18518518518518,15.277777777777779
E00182814,137,35,7,28,102,89,13,25.547445255474454,5.109489051094891,20.437956204379564,74.45255474452554,64.96350364963503,9.48905109489051
E00182815,90,25,11,14,65,56,9,27.77777777777778,12.222222222222221,15.555555555555555,72.22222222222221,62.22222222222222,10
E00182816,191,72,17,55,119,101,18,37.696335078534034,8.900523560209423,28.79581151832461,62.30366492146597,52.879581151832454,9.424083769633508
E00182817,265,100,31,69,165,140,25,37.735849056603776,11.69811320754717,26.037735849056602,62.264150943396224,52.83018867924528,9.433962264150944
E00182818,99,33,12,21,66,58,8,33.33333333333333,12.121212121212121,21.21212121212121,66.66666666666666,58.58585858585859,8.080808080808081
E00182819,100,31,10,21,69,55,14,31,10,21,69,55.00000000000001,14.000000000000002
E00182820,87,31,12,19,56,48,8,35.63218390804598,13.793103448275861,21.839080459770116,64.36781609195403,55.172413793103445,9.195402298850574
E00182821,171,64,16,48,107,96,11,37.42690058479532,9.35672514619883,28.07017543859649,62.57309941520468,56.14035087719298,6.432748538011696
E00182822,54,22,11,11,32,28,4,40.74074074074074,20.37037037037037,20.37037037037037,59.25925925925925,51.85185185185185,7.4074074074074066
E00182823,239,74,20,54,165,145,20,30.962343096234306,8.368200836820083,22.594142259414227,69.0376569037657,60.66945606694561,8.368200836820083
E00182824,66,32,15,17,34,31,3,48.484848484848484,22.727272727272727,25.757575757575758,51.515151515151516,46.96969696969697,4.545454545454546
E00182825,97,42,9,33,55,37,18,43.29896907216495,9.278350515463918,34.02061855670103,56.70103092783505,38.144329896907216,18.556701030927837
E00182826,217,98,29,69,119,99,20,45.16129032258064,13.36405529953917,31.797235023041477,54.83870967741935,45.622119815668206,9.216589861751153
E00182827,243,59,14,45,184,163,21,24.279835390946502,5.761316872427984,18.51851851851852,75.7201646090535,67.07818930041152,8.641975308641975
E00182828,94,45,17,28,49,37,12,47.87234042553192,18.085106382978726,29.78723404255319,52.12765957446809,39.361702127659576,12.76595744680851
E00182829,216,60,20,40,156,126,30,27.77777777777778,9.25925925925926,18.51851851851852,72.22222222222221,58.333333333333336,13.88888888888889
E00182830,314,85,25,60,229,198,31,27.070063694267514,7.961783439490445,19.10828025477707,72.92993630573248,63.05732484076433,9.872611464968154
E00182831,56,22,5,17,34,27,7,39.285714285714285,8.928571428571429,30.357142857142854,60.71428571428571,48.214285714285715,12.5
E00182832,92,37,12,25,55,51,4,40.21739130434783,13.043478260869565,27.173913043478258,59.78260869565217,55.434782608695656,4.3478260869565215
E00182833,134,56,16,40,78,70,8,41.7910447761194,11.940298507462686,29.850746268656714,58.2089552238806,52.23880597014925,5.970149253731343
E00182834,45,26,12,14,19,16,3,57.77777777777777,26.666666666666668,31.11111111111111,42.22222222222222,35.55555555555556,6.666666666666667
E00182835,77,22,9,13,55,45,10,28.57142857142857,11.688311688311687,16.883116883116884,71.42857142857143,58.44155844155844,12.987012987012985
E00182836,73,16,6,10,57,48,9,21.91780821917808,8.21917808219178,13.698630136986301,78.08219178082192,65.75342465753424,12.32876712328767
E00182837,321,81,19,62,240,201,39,25.233644859813083,5.919003115264798,19.314641744548286,74.76635514018692,62.616822429906534,12.149532710280374
E00182838,100,29,7,22,71,60,11,28.999999999999996,7.000000000000001,22,71,60,11
E00182839,300,83,16,67,217,191,26,27.666666666666668,5.333333333333334,22.333333333333332,72.33333333333334,63.66666666666667,8.666666666666668
E00182840,122,47,21,26,75,48,27,38.52459016393443,17.21311475409836,21.311475409836063,61.47540983606557,39.34426229508197,22.131147540983605
E00182841,60,19,6,13,41,37,4,31.666666666666664,10,21.666666666666668,68.33333333333333,61.66666666666667,6.666666666666667
E00182842,232,70,18,52,162,145,17,30.17241379310345,7.758620689655173,22.413793103448278,69.82758620689656,62.5,7.327586206896551
E00182843,158,56,21,35,102,86,16,35.44303797468354,13.291139240506327,22.151898734177212,64.55696202531645,54.43037974683544,10.126582278481013
E00182844,230,62,19,43,168,147,21,26.956521739130434,8.26086956521739,18.695652173913043,73.04347826086956,63.91304347826087,9.130434782608695
E00182845,147,50,14,36,97,78,19,34.01360544217687,9.523809523809524,24.489795918367346,65.98639455782312,53.06122448979592,12.925170068027212
E00182846,155,33,7,26,122,100,22,21.29032258064516,4.516129032258064,16.7741935483871,78.70967741935485,64.51612903225806,14.193548387096774
E00182847,69,38,18,20,31,27,4,55.072463768115945,26.08695652173913,28.985507246376812,44.927536231884055,39.130434782608695,5.797101449275362
E00182848,61,13,5,8,48,40,8,21.311475409836063,8.19672131147541,13.114754098360656,78.68852459016394,65.57377049180327,13.114754098360656
E00182849,327,86,18,68,241,205,36,26.299694189602445,5.5045871559633035,20.795107033639145,73.70030581039755,62.69113149847095,11.009174311926607
E00182850,214,68,14,54,146,124,22,31.775700934579437,6.5420560747663545,25.233644859813083,68.22429906542055,57.943925233644855,10.2803738317757
E00182851,184,63,27,36,121,103,18,34.23913043478261,14.673913043478262,19.565217391304348,65.76086956521739,55.97826086956522,9.782608695652174
E00182852,175,54,14,40,121,104,17,30.857142857142854,8,22.857142857142858,69.14285714285714,59.42857142857143,9.714285714285714
E00182853,211,60,32,28,151,119,32,28.436018957345972,15.165876777251185,13.270142180094787,71.56398104265402,56.39810426540285,15.165876777251185
E00182854,75,25,7,18,50,37,13,33.33333333333333,9.333333333333334,24,66.66666666666666,49.333333333333336,17.333333333333336
E00182855,40,14,6,8,26,21,5,35,15,20,65,52.5,12.5
E00182856,75,33,10,23,42,37,5,44,13.333333333333334,30.666666666666664,56.00000000000001,49.333333333333336,6.666666666666667
E00182857,52,16,9,7,36,29,7,30.76923076923077,17.307692307692307,13.461538461538462,69.23076923076923,55.769230769230774,13.461538461538462
E00182858,247,65,35,30,182,154,28,26.31578947368421,14.17004048582996,12.145748987854251,73.68421052631578,62.34817813765182,11.336032388663968
E00182859,66,14,1,13,52,41,11,21.21212121212121,1.5151515151515151,19.696969696969695,78.78787878787878,62.121212121212125,16.666666666666664
E00182860,125,45,12,33,80,67,13,36,9.6,26.400000000000002,64,53.6,10.4
E00182861,142,59,22,37,83,73,10,41.54929577464789,15.492957746478872,26.056338028169012,58.45070422535211,51.40845070422535,7.042253521126761
