OA,ts0380001,ts0380002,ts0380003,ts0380004,ts0380005,ts0380006,ts0380007,ts0380002_PCT,ts0380003_PCT,ts0380004_PCT,ts0380005_PCT,ts0380006_PCT,ts0380007_PCT
E00019685,434,68,21,47,366,24,342,15.668202764976957,4.838709677419355,10.829493087557603,84.33179723502305,5.529953917050691,78.80184331797236
E00019686,395,65,38,27,330,23,307,16.455696202531644,9.620253164556962,6.8354430379746836,83.54430379746836,5.822784810126582,77.72151898734178
E00019687,329,88,34,54,241,16,225,26.74772036474164,10.33434650455927,16.41337386018237,73.25227963525836,4.86322188449848,68.38905775075987
E00019688,307,44,23,21,263,18,245,14.332247557003258,7.491856677524431,6.840390879478828,85.66775244299674,5.863192182410423,79.80456026058633
E00019689,387,52,13,39,335,27,308,13.436692506459949,3.359173126614987,10.077519379844961,86.56330749354005,6.976744186046512,79.58656330749353
E00019690,337,39,14,25,298,21,277,11.572700296735905,4.154302670623145,7.418397626112759,88.4272997032641,6.231454005934718,82.19584569732937
E00019691,461,54,21,33,407,26,381,11.713665943600867,4.55531453362256,7.158351409978309,88.28633405639913,5.639913232104121,82.646420824295
E00019692,355,50,25,25,305,27,278,14.084507042253522,7.042253521126761,7.042253521126761,85.91549295774648,7.605633802816901,78.30985915492957
E00019694,518,48,10,38,470,32,438,9.266409266409266,1.9305019305019304,7.335907335907336,90.73359073359073,6.177606177606178,84.55598455598455
E00019695,488,30,4,26,458,34,424,6.147540983606557,0.819672131147541,5.327868852459016,93.85245901639344,6.967213114754098,86.88524590163934
E00019696,270,46,17,29,224,24,200,17.037037037037038,6.296296296296296,10.74074074074074,82.96296296296296,8.88888888888889,74.07407407407408
E00019697,311,28,11,17,283,22,261,9.003215434083602,3.536977491961415,5.466237942122187,90.9967845659164,7.07395498392283,83.92282958199357
E00019698,355,32,8,24,323,30,293,9.014084507042254,2.2535211267605635,6.760563380281689,90.98591549295774,8.450704225352112,82.53521126760563
E00019699,232,41,18,23,191,17,174,17.67241379310345,7.758620689655173,9.913793103448276,82.32758620689656,7.327586206896551,75
E00019700,359,54,23,31,305,27,278,15.041782729805014,6.406685236768802,8.635097493036211,84.958217270195,7.520891364902507,77.43732590529248
E00019701,281,53,23,30,228,13,215,18.86120996441281,8.185053380782918,10.676156583629894,81.13879003558719,4.6263345195729535,76.51245551601423
E00019702,363,50,22,28,313,23,290,13.774104683195592,6.0606060606060606,7.7134986225895315,86.22589531680441,6.336088154269973,79.88980716253444
E00019703,351,42,16,26,309,29,280,11.965811965811966,4.5584045584045585,7.4074074074074066,88.03418803418803,8.262108262108262,79.77207977207978
E00019704,368,49,16,33,319,26,293,13.31521739130435,4.3478260869565215,8.967391304347826,86.68478260869566,7.065217391304348,79.61956521739131
E00019705,458,46,19,27,412,23,389,10.043668122270741,4.148471615720524,5.895196506550218,89.95633187772926,5.021834061135371,84.93449781659389
E00019706,525,68,22,46,457,27,430,12.95238095238095,4.190476190476191,8.761904761904763,87.04761904761905,5.142857142857142,81.9047619047619
E00019707,308,44,19,25,264,23,241,14.285714285714285,6.1688311688311686,8.116883116883116,85.71428571428571,7.467532467532467,78.24675324675324
E00019709,325,42,17,25,283,17,266,12.923076923076923,5.230769230769231,7.6923076923076925,87.07692307692308,5.230769230769231,81.84615384615384
E00019710,435,55,23,32,380,12,368,12.643678160919542,5.287356321839081,7.35632183908046,87.356321839080465,2.7586206896551726,84.59770114942529
E00019711,245,39,18,21,206,14,192,15.918367346938775,7.346938775510205,8.571428571428571,84.08163265306122,5.714285714285714,78.36734693877551
E00019712,249,35,12,23,214,11,203,14.056224899598394,4.819277108433735,9.236947791164658,85.94377510040161,4.417670682730924,81.52610441767068
E00019713,575,117,55,62,458,33,425,20.347826086956523,9.565217391304348,10.782608695652174,79.65217391304348,5.739130434782608,73.91304347826086
E00019714,258,29,9,20,229,11,218,11.24031007751938,3.488372093023256,7.751937984496124,88.75968992248062,4.263565891472868,84.49612403100775
E00019716,477,53,27,26,424,39,385,11.11111111111111,5.660377358490567,5.450733752620545,88.88888888888889,8.176100628930817,80.71278825995807
E00019717,531,68,31,37,463,30,433,12.8060263653484,5.83804143126177,6.96798493408663,87.1939736346516,5.649717514124294,81.54425612052731
E00019718,270,56,28,28,214,11,203,20.74074074074074,10.37037037037037,10.37037037037037,79.25925925925927,4.074074074074074,75.18518518518519
E00019719,447,61,28,33,386,21,365,13.646532438478747,6.263982102908278,7.38255033557047,86.35346756152126,4.697986577181208,81.65548098434004
E00019720,309,36,19,17,273,21,252,11.650485436893204,6.148867313915858,5.501618122977346,88.3495145631068,6.796116504854369,81.55339805825243
E00019721,328,32,8,24,296,27,269,9.75609756097561,2.4390243902439024,7.317073170731707,90.2439024390244,8.231707317073171,82.01219512195121
E00019722,268,41,14,27,227,26,201,15.298507462686567,5.223880597014925,10.074626865671641,84.70149253731343,9.701492537313433,75
E00019723,282,54,27,27,228,14,214,19.148936170212767,9.574468085106384,9.574468085106384,80.85106382978722,4.964539007092199,75.88652482269504
E00019724,206,25,11,14,181,20,161,12.135922330097088,5.339805825242718,6.796116504854369,87.86407766990291,9.70873786407767,78.15533980582524
E00019725,456,67,32,35,389,19,370,14.692982456140353,7.017543859649122,7.675438596491229,85.30701754385966,4.166666666666666,81.14035087719299
E00019726,273,42,16,26,231,10,221,15.384615384615385,5.86080586080586,9.523809523809524,84.61538461538461,3.6630036630036633,80.95238095238095
E00019727,433,61,27,34,372,27,345,14.087759815242496,6.235565819861432,7.852193995381063,85.91224018475751,6.235565819861432,79.67667436489607
E00019728,335,53,26,27,282,9,273,15.82089552238806,7.761194029850746,8.059701492537313,84.17910447761194,2.6865671641791042,81.49253731343283
E00019729,346,52,21,31,294,13,281,15.028901734104046,6.069364161849711,8.959537572254336,84.97109826589595,3.7572254335260116,81.21387283236994
E00019730,199,35,18,17,164,9,155,17.587939698492463,9.045226130653267,8.542713567839195,82.41206030150754,4.522613065326634,77.88944723618091
E00019731,330,49,25,24,281,13,268,14.84848484848485,7.575757575757576,7.2727272727272725,85.15151515151516,3.939393939393939,81.21212121212122
E00019732,399,53,25,28,346,21,325,13.283208020050125,6.265664160401002,7.017543859649122,86.71679197994987,5.263157894736842,81.45363408521304
E00019733,240,70,37,33,170,13,157,29.166666666666668,15.416666666666668,13.750000000000002,70.83333333333334,5.416666666666667,65.41666666666667
E00019734,542,80,42,38,462,24,438,14.760147601476014,7.7490774907749085,7.011070110701106,85.23985239852398,4.428044280442804,80.81180811808119
E00019735,489,60,28,32,429,10,419,12.269938650306749,5.725971370143149,6.5439672801636,87.73006134969326,2.044989775051125,85.68507157464212
E00019736,372,44,11,33,328,27,301,11.827956989247312,2.956989247311828,8.870967741935484,88.17204301075269,7.258064516129033,80.91397849462365
E00019737,257,57,30,27,200,17,183,22.17898832684825,11.673151750972762,10.505836575875486,77.82101167315176,6.614785992217899,71.20622568093385
E00019739,371,72,27,45,299,23,276,19.40700808625337,7.277628032345014,12.129380053908356,80.59299191374663,6.199460916442049,74.39353099730458
E00019741,320,41,17,24,279,14,265,12.812499999999998,5.3125,7.5,87.1875,4.375,82.8125
E00019742,200,33,13,20,167,13,154,16.5,6.5,10,83.5,6.5,77
E00019743,385,62,23,39,323,20,303,16.103896103896105,5.974025974025974,10.129870129870131,83.8961038961039,5.194805194805195,78.70129870129871
E00019744,364,35,8,27,329,33,296,9.615384615384617,2.197802197802198,7.417582417582418,90.38461538461539,9.065934065934066,81.31868131868131
E00019745,373,51,28,23,322,22,300,13.672922252010725,7.506702412868632,6.166219839142091,86.32707774798928,5.898123324396782,80.42895442359249
E00019746,187,31,16,15,156,8,148,16.577540106951872,8.55614973262032,8.0213903743315509,83.42245989304813,4.27807486631016,79.14438502673798
E00019747,297,52,18,34,245,18,227,17.50841750841751,6.0606060606060606,11.447811447811448,82.49158249158249,6.0606060606060606,76.43097643097643
E00019748,375,46,15,31,329,19,310,12.266666666666666,4,8.266666666666666,87.73333333333333,5.066666666666666,82.66666666666667
E00019749,339,36,17,19,303,19,284,10.619469026548673,5.014749262536873,5.604719764011799,89.38053097345133,5.604719764011799,83.77581120943954
E00019750,561,85,35,50,476,24,452,15.151515151515152,6.23885918003565,8.9126559714795,84.84848484848484,4.27807486631016,80.57040998217468
E00019751,300,58,24,34,242,5,237,19.333333333333332,8,11.333333333333332,80.66666666666666,1.6666666666666667,79
E00019752,424,80,32,48,344,24,320,18.867924528301888,7.547169811320755,11.320754716981133,81.13207547169812,5.660377358490567,75.47169811320755
E00019753,216,27,14,13,189,20,169,12.5,6.481481481481481,6.018518518518518,87.5,9.25925925925926,78.24074074074075
E00019754,492,57,17,40,435,34,401,11.585365853658537,3.4552845528455287,8.130081300813007,88.41463414634147,6.910569105691057,81.5040650406504
E00019755,233,50,24,26,183,17,166,21.45922746781116,10.300429184549357,11.158798283261802,78.54077253218884,7.296137339055794,71.24463519313305
E00019756,482,58,18,40,424,33,391,12.033195020746888,3.7344398340248963,8.29875518672199,87.96680497925311,6.846473029045644,81.12033195020747
E00019757,341,52,23,29,289,16,273,15.249266862170089,6.744868035190615,8.504398826979472,84.75073313782991,4.69208211143695,80.05865102639295
E00019758,365,50,25,25,315,20,295,13.698630136986301,6.8493150684931505,6.8493150684931505,86.3013698630137,5.47945205479452,80.82191780821918
E00019759,442,56,17,39,386,21,365,12.669683257918551,3.8461538461538463,8.823529411764707,87.33031674208145,4.751131221719457,82.57918552036199
E00019760,502,58,30,28,444,15,429,11.553784860557768,5.9760956175298805,5.577689243027888,88.44621513944223,2.9880478087649402,85.4581673306773
E00019761,370,65,27,38,305,9,296,17.56756756756757,7.297297297297297,10.27027027027027,82.43243243243244,2.4324324324324325,80
E00019762,302,35,13,22,267,18,249,11.589403973509933,4.304635761589404,7.28476821192053,88.41059602649007,5.960264900662252,82.45033112582782
E00019763,455,57,31,26,398,32,366,12.527472527472527,6.813186813186813,5.714285714285714,87.47252747252747,7.032967032967033,80.43956043956044
E00019764,539,60,17,43,479,30,449,11.131725417439704,3.153988868274583,7.977736549165121,88.86827458256029,5.565862708719852,83.30241187384044
E00019765,337,41,17,24,296,13,283,12.166172106824925,5.044510385756676,7.121661721068249,87.83382789317507,3.857566765578635,83.97626112759644
E00019766,286,61,24,37,225,12,213,21.328671328671327,8.391608391608392,12.937062937062937,78.67132867132867,4.195804195804196,74.47552447552448
E00019767,308,61,26,35,247,16,231,19.805194805194805,8.441558441558442,11.363636363636363,80.1948051948052,5.194805194805195,75
E00019768,239,13,4,9,226,24,202,5.439330543933055,1.6736401673640167,3.765690376569038,94.56066945606695,10.0418410041841,84.51882845188284
E00019769,307,52,26,26,255,10,245,16.938110749185668,8.469055374592834,8.469055374592834,83.06188925081433,3.257328990228013,79.80456026058633
E00019770,231,34,17,17,197,17,180,14.71861471861472,7.35930735930736,7.35930735930736,85.28138528138528,7.35930735930736,77.92207792207793
E00019772,324,61,29,32,263,14,249,18.82716049382716,8.950617283950617,9.876543209876543,81.17283950617285,4.320987654320987,76.85185185185185
E00019773,394,47,20,27,347,33,314,11.928934010152284,5.0761421319796955,6.852791878172589,88.07106598984772,8.375634517766498,79.69543147208121
E00019774,407,62,28,34,345,29,316,15.233415233415235,6.87960687960688,8.353808353808354,84.76658476658476,7.125307125307126,77.64127764127764
E00019778,126,8,7,1,118,7,111,6.349206349206349,5.555555555555555,0.7936507936507936,93.65079365079364,5.555555555555555,88.09523809523809
E00019779,339,21,8,13,318,31,287,6.1946902654867255,2.359882005899705,3.8348082595870205,93.80530973451327,9.144542772861357,84.66076696165192
E00019780,331,72,29,43,259,16,243,21.75226586102719,8.761329305135952,12.990936555891238,78.24773413897282,4.833836858006042,73.41389728096676
E00019781,379,51,17,34,328,20,308,13.456464379947231,4.485488126649076,8.970976253298153,86.54353562005277,5.277044854881266,81.26649076517151
E00019782,230,45,19,26,185,14,171,19.565217391304348,8.26086956521739,11.304347826086957,80.43478260869566,6.086956521739131,74.34782608695653
E00019783,265,62,32,30,203,23,180,23.39622641509434,12.075471698113208,11.320754716981133,76.60377358490567,8.679245283018867,67.9245283018868
E00019784,468,48,9,39,420,37,383,10.256410256410255,1.9230769230769231,8.333333333333332,89.74358974358975,7.905982905982905,81.83760683760684
E00019785,222,40,16,24,182,14,168,18.01801801801802,7.207207207207207,10.81081081081081,81.98198198198197,6.306306306306306,75.67567567567568
E00019787,386,54,25,29,332,21,311,13.989637305699482,6.476683937823833,7.512953367875648,86.01036269430051,5.4404145077720205,80.56994818652849
E00019788,322,49,21,28,273,22,251,15.217391304347828,6.521739130434782,8.695652173913043,84.78260869565217,6.832298136645963,77.95031055900621
E00019789,291,58,18,40,233,17,216,19.93127147766323,6.185567010309279,13.745704467353953,80.06872852233677,5.841924398625429,74.22680412371135
E00019791,391,48,18,30,343,29,314,12.27621483375959,4.603580562659847,7.672634271099745,87.7237851662404,7.41687979539642,80.30690537084399
E00019793,232,37,13,24,195,20,175,15.948275862068966,5.603448275862069,10.344827586206897,84.05172413793103,8.620689655172415,75.43103448275862
E00019794,246,49,18,31,197,17,180,19.91869918699187,7.317073170731707,12.601626016260163,80.08130081300813,6.910569105691057,73.17073170731707
E00019796,218,31,16,15,187,14,173,14.220183486238533,7.339449541284404,6.8807339449541285,85.77981651376146,6.422018348623854,79.35779816513761
E00019797,399,95,32,63,304,44,260,23.809523809523807,8.020050125313283,15.789473684210526,76.19047619047619,11.027568922305765,65.16290726817043
E00019800,258,30,13,17,228,11,217,11.627906976744185,5.038759689922481,6.5891472868217065,88.37209302325581,4.263565891472868,84.10852713178295
E00019801,396,62,23,39,334,28,306,15.656565656565657,5.808080808080808,9.848484848484848,84.34343434343434,7.07070707070707,77.27272727272727
E00019802,261,42,13,29,219,14,205,16.091954022988507,4.980842911877394,11.11111111111111,83.9080459770115,5.363984674329502,78.544061302682
E00019804,263,35,14,21,228,14,214,13.307984790874524,5.323193916349809,7.984790874524715,86.69201520912547,5.323193916349809,81.36882129277566
E00019805,273,44,16,28,229,21,208,16.117216117216117,5.86080586080586,10.256410256410255,83.88278388278388,7.6923076923076925,76.19047619047619
E00019806,293,33,15,18,260,24,236,11.262798634812286,5.1194539249146755,6.143344709897611,88.73720136518772,8.19112627986348,80.54607508532423
E00019807,266,22,11,11,244,16,228,8.270676691729323,4.135338345864661,4.135338345864661,91.72932330827066,6.015037593984962,85.71428571428571
E00019810,245,17,7,10,228,16,212,6.938775510204081,2.857142857142857,4.081632653061225,93.06122448979592,6.530612244897959,86.53061224489797
E00019811,262,40,16,24,222,13,209,15.267175572519085,6.106870229007633,9.16030534351145,84.7328244274809,4.961832061068702,79.77099236641222
E00019812,266,26,9,17,240,22,218,9.774436090225564,3.3834586466165413,6.390977443609022,90.22556390977444,8.270676691729323,81.95488721804512
E00019813,394,50,17,33,344,16,328,12.690355329949238,4.314720812182741,8.375634517766498,87.30964467005076,4.060913705583756,83.24873096446701
E00019814,301,47,23,24,254,4,250,15.614617940199334,7.641196013289036,7.973421926910299,84.38538205980066,1.3289036544850499,83.05647840531562
E00019815,226,41,25,16,185,7,178,18.141592920353983,11.061946902654867,7.079646017699115,81.85840707964603,3.0973451327433628,78.76106194690266
E00019816,259,37,14,23,222,17,205,14.285714285714285,5.405405405405405,8.880308880308881,85.71428571428571,6.563706563706563,79.15057915057915
E00019817,442,62,25,37,380,23,357,14.027149321266968,5.656108597285068,8.3710407239819,85.97285067873304,5.203619909502263,80.76923076923077
E00019818,289,24,5,19,265,12,253,8.304498269896193,1.7301038062283738,6.5743944636678195,91.6955017301038,4.1522491349480966,87.5432525951557
E00019819,274,40,18,22,234,18,216,14.5985401459854,6.569343065693431,8.02919708029197,85.40145985401459,6.569343065693431,78.83211678832117
E00019820,322,52,20,32,270,16,254,16.149068322981368,6.211180124223603,9.937888198757763,83.85093167701864,4.968944099378882,78.88198757763976
E00019822,446,34,14,20,412,19,393,7.623318385650224,3.1390134529147984,4.484304932735426,92.37668161434978,4.260089686098654,88.11659192825113
E00019823,279,25,7,18,254,20,234,8.960573476702509,2.5089605734767026,6.451612903225806,91.0394265232975,7.168458781362006,83.87096774193549
E00019824,483,77,31,46,406,26,380,15.942028985507244,6.418219461697723,9.523809523809524,84.05797101449275,5.383022774327122,78.67494824016563
E00019825,399,46,14,32,353,31,322,11.528822055137844,3.508771929824561,8.020050125313283,88.47117794486216,7.769423558897243,80.7017543859649
E00019826,340,39,17,22,301,18,283,11.470588235294118,5,6.470588235294119,88.52941176470588,5.294117647058823,83.23529411764706
E00019827,273,26,12,14,247,16,231,9.523809523809524,4.395604395604396,5.128205128205128,90.47619047619048,5.86080586080586,84.61538461538461
E00019828,574,66,36,30,508,31,477,11.498257839721255,6.2717770034843205,5.2264808362369335,88.50174216027874,5.400696864111499,83.10104529616724
E00019829,285,48,19,29,237,13,224,16.842105263157894,6.666666666666667,10.175438596491228,83.15789473684211,4.56140350877193,78.59649122807018
E00019830,319,53,27,26,266,18,248,16.614420062695924,8.463949843260188,8.150470219435736,83.38557993730407,5.6426332288401255,77.74294670846395
E00019831,155,17,4,13,138,11,127,10.967741935483872,2.5806451612903225,8.38709677419355,89.03225806451613,7.096774193548387,81.93548387096774
E00019833,295,63,30,33,232,21,211,21.35593220338983,10.16949152542373,11.186440677966102,78.64406779661017,7.118644067796611,71.52542372881356
E00019834,299,31,10,21,268,18,250,10.367892976588628,3.3444816053511706,7.023411371237458,89.63210702341136,6.0200668896321075,83.61204013377926
E00019836,457,55,28,27,402,21,381,12.035010940919037,6.12691466083151,5.908096280087528,87.96498905908096,4.595185995623632,83.36980306345733
E00019838,298,43,18,25,255,18,237,14.429530201342283,6.0402684563758395,8.389261744966444,85.57046979865773,6.0402684563758395,79.53020134228188
E00019841,560,69,15,54,491,25,466,12.321428571428573,2.6785714285714284,9.642857142857144,87.67857142857143,4.464285714285714,83.21428571428572
E00019842,228,18,2,16,210,18,192,7.894736842105263,0.8771929824561403,7.017543859649122,92.10526315789474,7.894736842105263,84.21052631578947
E00019843,425,49,18,31,376,27,349,11.529411764705882,4.235294117647059,7.294117647058823,88.47058823529412,6.352941176470588,82.11764705882352
E00019844,204,33,17,16,171,6,165,16.176470588235293,8.333333333333332,7.8431372549019605,83.82352941176471,2.941176470588235,80.88235294117648
E00019845,227,40,13,27,187,10,177,17.62114537444934,5.726872246696035,11.894273127753303,82.37885462555066,4.405286343612335,77.97356828193833
E00019847,353,41,14,27,312,20,292,11.614730878186968,3.9660056657223794,7.64872521246459,88.38526912181302,5.6657223796034,82.71954674220963
E00019848,153,19,10,9,134,9,125,12.418300653594772,6.535947712418301,5.88235294117647,87.58169934640523,5.88235294117647,81.69934640522875
E00019849,326,50,24,26,276,22,254,15.337423312883436,7.361963190184049,7.975460122699387,84.66257668711657,6.748466257668712,77.91411042944786
E00019850,355,39,11,28,316,26,290,10.985915492957748,3.0985915492957745,7.887323943661972,89.01408450704226,7.323943661971831,81.69014084507043
E00019851,324,43,16,27,281,13,268,13.271604938271606,4.938271604938271,8.333333333333332,86.72839506172839,4.012345679012346,82.71604938271605
E00019852,305,52,24,28,253,16,237,17.04918032786885,7.868852459016394,9.180327868852459,82.95081967213115,5.245901639344262,77.70491803278688
E00019853,278,36,9,27,242,18,224,12.949640287769784,3.237410071942446,9.712230215827338,87.05035971223022,6.474820143884892,80.57553956834532
E00019854,329,27,9,18,302,32,270,8.206686930091186,2.735562310030395,5.47112462006079,91.7933130699088,9.72644376899696,82.06686930091185
E00019855,352,53,20,33,299,17,282,15.056818181818182,5.681818181818182,9.375,84.94318181818183,4.829545454545454,80.11363636363636
E00019856,273,29,10,19,244,18,226,10.622710622710622,3.6630036630036633,6.95970695970696,89.37728937728939,6.593406593406594,82.78388278388277
E00019857,264,38,17,21,226,9,217,14.393939393939394,6.4393939393939394,7.954545454545454,85.60606060606061,3.4090909090909087,82.1969696969697
E00019858,328,42,14,28,286,19,267,12.804878048780488,4.2682926829268295,8.536585365853659,87.1951219512195,5.7926829268292686,81.40243902439023
E00019859,265,45,18,27,220,13,207,16.9811320754717,6.7924528301886795,10.18867924528302,83.01886792452831,4.905660377358491,78.11320754716982
E00019860,268,32,12,20,236,14,222,11.940298507462686,4.477611940298507,7.462686567164178,88.05970149253731,5.223880597014925,82.83582089552239
E00019861,201,11,1,10,190,18,172,5.472636815920398,0.4975124378109453,4.975124378109453,94.5273631840796,8.955223880597014,85.57213930348259
E00019862,401,58,18,40,343,18,325,14.463840399002494,4.488778054862843,9.975062344139651,85.53615960099751,4.488778054862843,81.04738154613467
E00019863,284,36,17,19,248,20,228,12.676056338028168,5.985915492957746,6.690140845070422,87.32394366197182,7.042253521126761,80.28169014084507
E00019864,305,56,19,37,249,23,226,18.360655737704917,6.229508196721312,12.131147540983607,81.63934426229508,7.540983606557377,74.09836065573771
E00019865,445,62,33,29,383,31,352,13.93258426966292,7.415730337078652,6.51685393258427,86.06741573033709,6.96629213483146,79.10112359550561
E00019866,335,36,10,26,299,26,273,10.746268656716417,2.9850746268656714,7.761194029850746,89.25373134328358,7.761194029850746,81.49253731343283
E00019867,498,67,26,41,431,20,411,13.453815261044177,5.220883534136546,8.23293172690763,86.54618473895582,4.016064257028113,82.53012048192771
E00019869,254,38,23,15,216,16,200,14.960629921259844,9.05511811023622,5.905511811023622,85.03937007874016,6.299212598425196,78.74015748031496
E00019870,488,89,43,46,399,19,380,18.237704918032787,8.811475409836065,9.426229508196721,81.76229508196722,3.8934426229508197,77.8688524590164
E00019871,293,37,19,18,256,21,235,12.627986348122866,6.484641638225256,6.143344709897611,87.37201365187714,7.167235494880546,80.2047781569966
E00019872,438,58,25,33,380,22,358,13.24200913242009,5.707762557077626,7.534246575342466,86.7579908675799,5.0228310502283104,81.7351598173516
E00019873,363,23,9,14,340,13,327,6.336088154269973,2.479338842975207,3.8567493112947657,93.66391184573003,3.581267217630854,90.08264462809917
E00019874,240,34,18,16,206,12,194,14.166666666666666,7.5,6.666666666666667,85.83333333333333,5,80.83333333333333
E00019875,251,32,12,20,219,19,200,12.749003984063744,4.780876494023905,7.968127490039841,87.25099601593625,7.569721115537849,79.6812749003984
E00019876,410,47,16,31,363,18,345,11.463414634146343,3.902439024390244,7.560975609756097,88.53658536585365,4.390243902439024,84.14634146341463
E00019877,339,41,15,26,298,30,268,12.094395280235988,4.424778761061947,7.669616519174041,87.90560471976401,8.849557522123893,79.05604719764013
E00019878,384,39,12,27,345,33,312,10.15625,3.125,7.03125,89.84375,8.59375,81.25
E00019879,352,38,11,27,314,22,292,10.795454545454545,3.125,7.670454545454546,89.20454545454545,6.25,82.95454545454545
E00019880,322,47,16,31,275,14,261,14.596273291925465,4.968944099378882,9.627329192546584,85.40372670807453,4.3478260869565215,81.05590062111801
E00019881,214,25,13,12,189,6,183,11.682242990654206,6.074766355140187,5.607476635514018,88.3177570093458,2.803738317757009,85.51401869158879
E00019882,481,67,28,39,414,30,384,13.92931392931393,5.8212058212058215,8.108108108108109,86.07068607068608,6.237006237006238,79.83367983367984
E00019883,273,33,16,17,240,15,225,12.087912087912088,5.86080586080586,6.227106227106227,87.91208791208791,5.4945054945054945,82.41758241758241
E00019884,316,60,25,35,256,7,249,18.9873417721519,7.9113924050632916,11.075949367088606,81.0126582278481,2.2151898734177213,78.79746835443038
E00019885,252,36,14,22,216,16,200,14.285714285714285,5.555555555555555,8.73015873015873,85.71428571428571,6.349206349206349,79.36507936507937
E00019886,500,109,39,70,391,22,369,21.8,7.8,14.000000000000002,78.2,4.3999999999999995,73.8
E00019887,327,24,0,24,303,24,279,7.339449541284404,0,7.339449541284404,92.66055045871559,7.339449541284404,85.3211009174312
E00019888,253,33,8,25,220,17,203,13.043478260869565,3.1620553359683794,9.881422924901186,86.95652173913044,6.719367588932807,80.23715415019763
E00019889,352,32,12,20,320,21,299,9.090909090909092,3.4090909090909087,5.681818181818182,90.9090909090909,5.965909090909091,84.94318181818183
E00019890,343,30,11,19,313,22,291,8.746355685131196,3.206997084548105,5.539358600583091,91.25364431486881,6.41399416909621,84.8396501457726
E00019891,325,38,11,27,287,28,259,11.692307692307692,3.3846153846153846,8.307692307692308,88.3076923076923,8.615384615384615,79.6923076923077
E00019892,379,40,13,27,339,20,319,10.554089709762533,3.430079155672823,7.12401055408971,89.44591029023746,5.277044854881266,84.1688654353562
E00019893,415,51,19,32,364,23,341,12.289156626506024,4.578313253012048,7.710843373493977,87.71084337349397,5.542168674698795,82.16867469879519
E00019894,412,48,15,33,364,35,329,11.650485436893204,3.640776699029126,8.009708737864079,88.3495145631068,8.495145631067961,79.85436893203884
E00019895,387,93,31,62,294,22,272,24.031007751937985,8.010335917312661,16.020671834625322,75.96899224806202,5.684754521963824,70.28423772609818
E00019896,354,50,16,34,304,26,278,14.124293785310735,4.519774011299435,9.6045197740113,85.87570621468926,7.344632768361582,78.53107344632768
E00019897,403,21,3,18,382,20,362,5.2109181141439205,0.7444168734491315,4.466501240694789,94.78908188585608,4.962779156327544,89.82630272952854
E00019898,348,48,23,25,300,20,280,13.793103448275861,6.609195402298851,7.183908045977011,86.20689655172413,5.747126436781609,80.45977011494253
E00019900,308,50,17,33,258,24,234,16.233766233766232,5.51948051948052,10.714285714285714,83.76623376623377,7.792207792207792,75.97402597402598
E00019901,362,48,19,29,314,25,289,13.259668508287293,5.248618784530387,8.011049723756907,86.74033149171271,6.906077348066299,79.8342541436464
E00019902,399,52,17,35,347,30,317,13.032581453634084,4.260651629072681,8.771929824561402,86.96741854636592,7.518796992481203,79.4486215538847
E00019903,395,39,13,26,356,17,339,9.873417721518987,3.2911392405063293,6.582278481012659,90.12658227848101,4.30379746835443,85.82278481012658
E00019904,294,35,10,25,259,16,243,11.904761904761903,3.4013605442176873,8.503401360544217,88.09523809523809,5.442176870748299,82.6530612244898
E00019905,257,26,11,15,231,20,211,10.116731517509727,4.280155642023346,5.836575875486381,89.88326848249028,7.782101167315175,82.10116731517509
E00019906,273,38,13,25,235,15,220,13.91941391941392,4.761904761904762,9.157509157509157,86.08058608058609,5.4945054945054945,80.58608058608058
E00019907,315,33,8,25,282,24,258,10.476190476190476,2.5396825396825395,7.936507936507936,89.52380952380953,7.6190476190476195,81.9047619047619
E00019908,325,42,20,22,283,24,259,12.923076923076923,6.153846153846154,6.769230769230769,87.07692307692308,7.384615384615385,79.6923076923077
E00019909,348,35,14,21,313,31,282,10.057471264367816,4.022988505747127,6.0344827586206895,89.9425287356322,8.908045977011495,81.03448275862068
E00019910,306,32,11,21,274,28,246,10.457516339869281,3.594771241830065,6.862745098039216,89.54248366013073,9.15032679738562,80.3921568627451
E00019911,289,40,23,17,249,13,236,13.84083044982699,7.958477508650519,5.88235294117647,86.159169550173,4.498269896193772,81.66089965397923
E00019912,440,58,19,39,382,36,346,13.18181818181818,4.318181818181818,8.863636363636363,86.81818181818181,8.181818181818182,78.63636363636364
E00019913,352,37,13,24,315,33,282,10.511363636363637,3.6931818181818183,6.8181818181818175,89.48863636363636,9.375,80.11363636363636
E00019914,300,22,8,14,278,29,249,7.333333333333333,2.666666666666667,4.666666666666667,92.66666666666666,9.666666666666666,83
E00019915,158,45,29,16,113,9,104,28.48101265822785,18.354430379746837,10.126582278481013,71.51898734177216,5.69620253164557,65.82278481012658
E00019916,305,39,12,27,266,22,244,12.786885245901638,3.934426229508197,8.852459016393443,87.21311475409837,7.213114754098362,80
E00019917,382,40,14,26,342,31,311,10.471204188481675,3.664921465968586,6.806282722513089,89.52879581151832,8.115183246073299,81.41361256544502
E00019918,329,41,11,30,288,25,263,12.462006079027356,3.343465045592705,9.118541033434651,87.53799392097264,7.598784194528875,79.93920972644378
E00019919,320,35,9,26,285,18,267,10.9375,2.8125,8.125,89.0625,5.625,83.4375
E00019920,317,21,5,16,296,21,275,6.624605678233439,1.5772870662460567,5.047318611987381,93.37539432176656,6.624605678233439,86.75078864353313
E00019921,288,48,26,22,240,16,224,16.666666666666664,9.027777777777777,7.638888888888889,83.33333333333334,5.555555555555555,77.77777777777779
E00019922,441,63,19,44,378,25,353,14.285714285714285,4.308390022675737,9.977324263038549,85.71428571428571,5.6689342403628125,80.04535147392289
E00019924,220,42,28,14,178,13,165,19.090909090909093,12.727272727272727,6.363636363636363,80.9090909090909,5.909090909090909,75
E00019926,317,37,21,16,280,27,253,11.67192429022082,6.624605678233439,5.047318611987381,88.32807570977917,8.517350157728707,79.81072555205047
E00019927,366,53,28,25,313,15,298,14.48087431693989,7.650273224043716,6.830601092896176,85.51912568306011,4.098360655737705,81.4207650273224
E00019928,316,37,10,27,279,16,263,11.708860759493671,3.1645569620253164,8.544303797468354,88.29113924050634,5.063291139240507,83.22784810126582
E00019929,277,48,21,27,229,17,212,17.328519855595665,7.581227436823104,9.747292418772563,82.67148014440433,6.137184115523466,76.53429602888086
E00019930,401,57,24,33,344,19,325,14.214463840399002,5.985037406483791,8.229426433915211,85.785536159601,4.738154613466334,81.04738154613467
E00019931,424,52,23,29,372,17,355,12.264150943396226,5.4245283018867925,6.8396226415094334,87.73584905660378,4.009433962264151,83.72641509433963
E00019933,389,61,22,39,328,29,299,15.681233933161954,5.655526992287918,10.025706940874036,84.31876606683805,7.455012853470437,76.86375321336762
E00019934,332,35,8,27,297,20,277,10.542168674698797,2.4096385542168677,8.132530120481928,89.45783132530121,6.024096385542169,83.43373493975903
E00019935,519,68,26,42,451,30,421,13.102119460500964,5.009633911368015,8.092485549132949,86.89788053949904,5.780346820809249,81.11753371868978
E00019937,250,38,11,27,212,13,199,15.2,4.3999999999999995,10.8,84.8,5.2,79.60000000000001
E00019938,422,53,18,35,369,33,336,12.559241706161137,4.265402843601896,8.293838862559241,87.44075829383885,7.819905213270142,79.62085308056872
E00019942,213,31,5,26,182,26,156,14.553990610328638,2.3474178403755865,12.206572769953052,85.44600938967136,12.206572769953052,73.23943661971832
E00019943,221,29,12,17,192,19,173,13.122171945701359,5.429864253393665,7.6923076923076925,86.87782805429865,8.597285067873303,78.28054298642535
E00019944,304,42,17,25,262,14,248,13.815789473684212,5.592105263157895,8.223684210526317,86.18421052631578,4.605263157894736,81.57894736842105
E00019945,309,49,23,26,260,16,244,15.857605177993527,7.443365695792881,8.414239482200648,84.14239482200647,5.177993527508091,78.96440129449837
E00019947,321,53,22,31,268,21,247,16.510903426791277,6.853582554517133,9.657320872274143,83.48909657320873,6.5420560747663545,76.94704049844236
E00019948,281,44,15,29,237,24,213,15.658362989323843,5.338078291814947,10.320284697508896,84.34163701067615,8.540925266903916,75.80071174377224
E00019949,289,79,43,36,210,16,194,27.33564013840831,14.878892733564014,12.45674740484429,72.66435986159169,5.536332179930796,67.1280276816609
E00019950,431,60,32,28,371,13,358,13.921113689095128,7.424593967517401,6.496519721577726,86.07888631090486,3.0162412993039442,83.06264501160094
E00019953,347,71,25,46,276,11,265,20.461095100864554,7.204610951008646,13.256484149855908,79.53890489913545,3.170028818443804,76.36887608069163
E00019955,225,34,14,20,191,10,181,15.11111111111111,6.222222222222222,8.88888888888889,84.88888888888889,4.444444444444445,80.44444444444444
E00019956,416,58,29,29,358,17,341,13.942307692307693,6.971153846153847,6.971153846153847,86.0576923076923,4.086538461538462,81.97115384615384
E00019957,464,70,41,29,394,24,370,15.086206896551724,8.836206896551724,6.25,84.91379310344827,5.172413793103448,79.74137931034483
E00019958,473,61,25,36,412,24,388,12.896405919661733,5.2854122621564485,7.6109936575052854,87.10359408033827,5.07399577167019,82.02959830866807
E00019959,306,47,13,34,259,25,234,15.359477124183007,4.248366013071895,11.11111111111111,84.640522875817,8.169934640522875,76.47058823529412
E00019960,506,92,40,52,414,23,391,18.181818181818183,7.905138339920949,10.276679841897234,81.81818181818183,4.545454545454546,77.27272727272727
E00019961,362,50,16,34,312,13,299,13.812154696132598,4.41988950276243,9.392265193370166,86.1878453038674,3.591160220994475,82.59668508287292
E00019962,240,38,19,19,202,12,190,15.833333333333332,7.916666666666666,7.916666666666666,84.16666666666667,5,79.16666666666666
E00019963,392,39,15,24,353,13,340,9.948979591836734,3.826530612244898,6.122448979591836,90.05102040816327,3.316326530612245,86.73469387755102
E00019965,282,45,25,20,237,13,224,15.957446808510639,8.865248226950355,7.092198581560284,84.04255319148936,4.609929078014184,79.43262411347519
E00019968,251,51,22,29,200,8,192,20.318725099601593,8.764940239043826,11.553784860557768,79.6812749003984,3.187250996015936,76.49402390438247
E00019971,216,33,15,18,183,22,161,15.277777777777779,6.944444444444445,8.333333333333332,84.72222222222221,10.185185185185185,74.53703703703704
E00019972,140,16,7,9,124,11,113,11.428571428571429,5,6.428571428571428,88.57142857142857,7.857142857142857,80.71428571428572
E00019973,269,34,14,20,235,10,225,12.639405204460965,5.204460966542751,7.434944237918216,87.36059479553904,3.717472118959108,83.64312267657994
E00019974,247,26,10,16,221,14,207,10.526315789473683,4.048582995951417,6.477732793522267,89.47368421052632,5.668016194331984,83.80566801619433
E00019975,147,23,7,16,124,11,113,15.646258503401361,4.761904761904762,10.884353741496598,84.35374149659864,7.482993197278912,76.87074829931973
E00019976,368,23,12,11,345,8,337,6.25,3.260869565217391,2.989130434782609,93.75,2.1739130434782608,91.57608695652173
E00019977,131,18,7,11,113,5,108,13.740458015267176,5.343511450381679,8.396946564885496,86.25954198473282,3.816793893129771,82.44274809160305
E00019978,308,27,13,14,281,21,260,8.766233766233766,4.220779220779221,4.545454545454546,91.23376623376623,6.8181818181818175,84.4155844155844
E00019979,199,22,8,14,177,13,164,11.055276381909549,4.0201005025125625,7.035175879396985,88.94472361809045,6.532663316582915,82.41206030150754
E00019980,269,43,23,20,226,11,215,15.985130111524162,8.550185873605948,7.434944237918216,84.01486988847584,4.089219330855019,79.92565055762083
E00019981,313,51,23,28,262,13,249,16.293929712460063,7.348242811501597,8.945686900958465,83.70607028753993,4.15335463258786,79.55271565495208
E00019982,369,44,15,29,325,12,313,11.924119241192411,4.0650406504065035,7.8590785907859075,88.07588075880759,3.2520325203252036,84.82384823848238
E00019983,297,31,8,23,266,17,249,10.437710437710438,2.6936026936026933,7.744107744107744,89.56228956228956,5.723905723905724,83.83838383838383
E00019984,373,43,20,23,330,14,316,11.528150134048257,5.361930294906166,6.166219839142091,88.47184986595174,3.753351206434316,84.71849865951742
E00019985,382,49,19,30,333,15,318,12.827225130890053,4.973821989528796,7.853403141361256,87.17277486910994,3.926701570680628,83.24607329842932
E00019987,279,42,20,22,237,16,221,15.053763440860216,7.168458781362006,7.885304659498208,84.94623655913979,5.734767025089606,79.21146953405018
E00019988,333,47,22,25,286,13,273,14.114114114114114,6.606606606606606,7.5075075075075075,85.88588588588588,3.903903903903904,81.98198198198197
E00019989,155,23,10,13,132,5,127,14.838709677419354,6.451612903225806,8.38709677419355,85.16129032258064,3.225806451612903,81.93548387096774
E00019990,312,45,29,16,267,19,248,14.423076923076922,9.294871794871796,5.128205128205128,85.57692307692307,6.089743589743589,79.48717948717949
E00019992,423,40,13,27,383,12,371,9.456264775413711,3.0732860520094563,6.382978723404255,90.54373522458629,2.8368794326241136,87.70685579196218
E00019995,167,17,4,13,150,17,133,10.179640718562874,2.3952095808383236,7.784431137724551,89.82035928143712,10.179640718562874,79.64071856287424
E00019997,334,40,12,28,294,19,275,11.976047904191617,3.592814371257485,8.383233532934131,88.02395209580838,5.688622754491018,82.33532934131736
E00019998,328,43,11,32,285,18,267,13.109756097560975,3.353658536585366,9.75609756097561,86.89024390243902,5.487804878048781,81.40243902439023
E00019999,240,32,8,24,208,4,204,13.333333333333334,3.3333333333333335,10,86.66666666666667,1.6666666666666667,85
E00020000,333,43,21,22,290,12,278,12.912912912912914,6.306306306306306,6.606606606606606,87.08708708708708,3.6036036036036037,83.48348348348348
E00020001,311,37,10,27,274,25,249,11.89710610932476,3.215434083601286,8.681672025723474,88.10289389067523,8.038585209003216,80.06430868167203
E00020002,492,47,16,31,445,29,416,9.552845528455284,3.2520325203252036,6.300813008130081,90.4471544715447,5.894308943089431,84.5528455284553
E00020003,299,43,18,25,256,13,243,14.381270903010032,6.0200668896321075,8.361204013377927,85.61872909698997,4.3478260869565215,81.27090301003345
E00020004,293,37,17,20,256,10,246,12.627986348122866,5.802047781569966,6.825938566552901,87.37201365187714,3.4129692832764507,83.95904436860067
E00020005,364,45,16,29,319,18,301,12.362637362637363,4.395604395604396,7.967032967032966,87.63736263736264,4.945054945054945,82.6923076923077
E00020006,278,45,10,35,233,22,211,16.18705035971223,3.5971223021582732,12.589928057553957,83.81294964028777,7.913669064748201,75.89928057553958
E00020007,181,25,14,11,156,7,149,13.812154696132598,7.734806629834254,6.077348066298343,86.1878453038674,3.867403314917127,82.32044198895028
E00020008,405,56,21,35,349,29,320,13.82716049382716,5.185185185185185,8.641975308641975,86.17283950617283,7.160493827160494,79.01234567901234
E00020009,338,62,31,31,276,14,262,18.34319526627219,9.171597633136095,9.171597633136095,81.65680473372781,4.142011834319527,77.51479289940828
E00020010,303,16,3,13,287,25,262,5.2805280528052805,0.9900990099009901,4.29042904290429,94.71947194719472,8.25082508250825,86.46864686468648
E00020011,319,53,22,31,266,23,243,16.614420062695924,6.896551724137931,9.717868338557993,83.38557993730407,7.210031347962382,76.17554858934169
E00020013,410,57,26,31,353,19,334,13.902439024390246,6.341463414634147,7.560975609756097,86.09756097560975,4.634146341463414,81.46341463414633
E00020014,511,73,25,48,438,31,407,14.285714285714285,4.892367906066536,9.393346379647749,85.71428571428571,6.066536203522505,79.6477495107632
E00020015,316,61,21,40,255,15,240,19.303797468354432,6.6455696202531636,12.658227848101266,80.69620253164557,4.746835443037975,75.9493670886076
E00020016,373,55,28,27,318,20,298,14.745308310991955,7.506702412868632,7.238605898123325,85.25469168900804,5.361930294906166,79.89276139410187
E00020017,536,74,39,35,462,29,433,13.805970149253731,7.276119402985075,6.529850746268656,86.19402985074626,5.410447761194029,80.78358208955224
E00020018,237,27,5,22,210,15,195,11.39240506329114,2.109704641350211,9.282700421940929,88.60759493670885,6.329113924050633,82.27848101265823
E00020019,284,68,24,44,216,12,204,23.943661971830984,8.450704225352112,15.492957746478872,76.05633802816901,4.225352112676056,71.83098591549296
E00020020,417,44,18,26,373,23,350,10.551558752997602,4.316546762589928,6.235011990407674,89.44844124700239,5.515587529976019,83.93285371702638
E00020021,382,50,25,25,332,12,320,13.089005235602095,6.544502617801047,6.544502617801047,86.91099476439791,3.1413612565445024,83.7696335078534
E00020022,202,48,25,23,154,7,147,23.762376237623762,12.376237623762377,11.386138613861387,76.23762376237624,3.4653465346534658,72.77227722772277
E00020023,261,72,29,43,189,10,179,27.586206896551722,11.11111111111111,16.47509578544061,72.41379310344827,3.8314176245210727,68.5823754789272
E00020024,326,81,42,39,245,8,237,24.846625766871167,12.883435582822086,11.96319018404908,75.15337423312883,2.4539877300613497,72.69938650306749
E00020025,252,52,18,34,200,17,183,20.634920634920633,7.142857142857142,13.492063492063492,79.36507936507937,6.746031746031746,72.61904761904762
E00020026,344,59,27,32,285,20,265,17.151162790697676,7.848837209302325,9.30232558139535,82.84883720930233,5.813953488372093,77.03488372093024
E00020027,212,12,2,10,200,17,183,5.660377358490567,0.9433962264150944,4.716981132075472,94.33962264150944,8.018867924528301,86.32075471698113
E00020028,356,36,13,23,320,40,280,10.112359550561797,3.651685393258427,6.460674157303371,89.8876404494382,11.235955056179774,78.65168539325843
E00020029,269,51,26,25,218,25,193,18.95910780669145,9.66542750929368,9.293680297397769,81.04089219330855,9.293680297397769,71.74721189591078
E00020030,285,71,41,30,214,16,198,24.912280701754387,14.385964912280702,10.526315789473683,75.08771929824562,5.614035087719298,69.47368421052632
E00020031,329,43,26,17,286,21,265,13.069908814589665,7.90273556231003,5.167173252279635,86.93009118541033,6.382978723404255,80.54711246200608
E00020032,216,30,14,16,186,9,177,13.88888888888889,6.481481481481481,7.4074074074074066,86.11111111111111,4.166666666666666,81.94444444444444
E00020034,247,45,24,21,202,18,184,18.218623481781375,9.7165991902834,8.502024291497975,81.78137651821862,7.28744939271255,74.49392712550608
E00020035,282,27,8,19,255,22,233,9.574468085106384,2.8368794326241136,6.73758865248227,90.42553191489363,7.801418439716312,82.62411347517731
E00020036,230,40,20,20,190,13,177,17.391304347826086,8.695652173913043,8.695652173913043,82.6086956521739,5.6521739130434785,76.95652173913044
E00020037,403,44,12,32,359,24,335,10.918114143920596,2.977667493796526,7.94044665012407,89.0818858560794,5.955334987593052,83.12655086848635
E00020039,194,50,22,28,144,6,138,25.773195876288657,11.34020618556701,14.432989690721648,74.22680412371135,3.0927835051546393,71.1340206185567
E00020040,342,41,23,18,301,22,279,11.988304093567251,6.725146198830409,5.263157894736842,88.01169590643275,6.432748538011696,81.57894736842105
E00020041,279,45,30,15,234,16,218,16.129032258064516,10.75268817204301,5.376344086021505,83.87096774193549,5.734767025089606,78.13620071684588
E00020043,262,36,16,20,226,17,209,13.740458015267176,6.106870229007633,7.633587786259542,86.25954198473282,6.488549618320611,79.77099236641222
E00020045,326,37,14,23,289,22,267,11.349693251533742,4.294478527607362,7.05521472392638,88.65030674846625,6.748466257668712,81.90184049079755
E00020046,350,46,27,19,304,14,290,13.142857142857142,7.7142857142857135,5.428571428571429,86.85714285714286,4,82.85714285714286
E00020047,296,52,25,27,244,14,230,17.56756756756757,8.445945945945946,9.121621621621621,82.43243243243244,4.72972972972973,77.7027027027027
E00020048,302,58,33,25,244,21,223,19.205298013245034,10.927152317880795,8.27814569536424,80.79470198675497,6.95364238410596,73.84105960264901
E00020049,333,48,25,23,285,15,270,14.414414414414415,7.5075075075075075,6.906906906906906,85.58558558558559,4.504504504504505,81.08108108108108
E00020050,285,51,24,27,234,19,215,17.894736842105264,8.421052631578947,9.473684210526317,82.10526315789474,6.666666666666667,75.43859649122807
E00020052,535,69,24,45,466,27,439,12.897196261682243,4.485981308411215,8.411214953271028,87.10280373831776,5.046728971962617,82.05607476635514
E00020053,286,43,26,17,243,8,235,15.034965034965033,9.090909090909092,5.944055944055944,84.96503496503497,2.797202797202797,82.16783216783216
E00020054,478,65,27,38,413,18,395,13.598326359832635,5.648535564853557,7.949790794979079,86.40167364016736,3.765690376569038,82.63598326359832
E00020055,349,50,22,28,299,22,277,14.326647564469914,6.303724928366762,8.022922636103152,85.67335243553008,6.303724928366762,79.36962750716332
E00020056,283,49,23,26,234,10,224,17.314487632508836,8.12720848056537,9.187279151943462,82.68551236749117,3.53356890459364,79.15194346289752
E00020057,312,76,42,34,236,14,222,24.358974358974358,13.461538461538462,10.897435897435898,75.64102564102564,4.487179487179487,71.15384615384616
E00020059,451,102,50,52,349,26,323,22.61640798226164,11.086474501108649,11.529933481152993,77.38359201773835,5.764966740576496,71.61862527716187
E00020060,582,65,33,32,517,30,487,11.168384879725087,5.670103092783505,5.498281786941581,88.8316151202749,5.154639175257731,83.67697594501719
E00020061,451,40,10,30,411,13,398,8.869179600886918,2.2172949002217295,6.651884700665188,91.13082039911308,2.882483370288248,88.24833702882484
E00020062,454,82,36,46,372,31,341,18.06167400881057,7.929515418502203,10.13215859030837,81.93832599118943,6.828193832599119,75.1101321585903
E00020063,496,46,21,25,450,29,421,9.274193548387096,4.233870967741935,5.040322580645161,90.7258064516129,5.846774193548387,84.87903225806451
E00020064,393,48,17,31,345,12,333,12.213740458015266,4.325699745547073,7.888040712468193,87.78625954198473,3.0534351145038165,84.7328244274809
E00020065,423,47,25,22,376,13,363,11.11111111111111,5.91016548463357,5.200945626477541,88.88888888888889,3.0732860520094563,85.81560283687944
E00020066,343,50,28,22,293,28,265,14.577259475218659,8.16326530612245,6.41399416909621,85.42274052478133,8.16326530612245,77.25947521865889
E00020067,339,45,16,29,294,12,282,13.274336283185843,4.71976401179941,8.55457227138643,86.72566371681415,3.5398230088495577,83.1858407079646
E00020068,353,43,19,24,310,21,289,12.181303116147308,5.382436260623229,6.79886685552408,87.81869688385268,5.94900849858357,81.86968838526913
E00020069,295,41,19,22,254,18,236,13.898305084745763,6.440677966101695,7.457627118644068,86.10169491525423,6.101694915254238,80
E00020070,382,38,17,21,344,26,318,9.947643979057592,4.450261780104712,5.49738219895288,90.0523560209424,6.806282722513089,83.24607329842932
E00020071,529,59,33,26,470,35,435,11.153119092627598,6.238185255198488,4.914933837429111,88.84688090737241,6.61625708884688,82.23062381852552
E00020072,255,60,26,34,195,16,179,23.52941176470588,10.196078431372548,13.333333333333334,76.47058823529412,6.2745098039215685,70.19607843137254
E00020073,376,57,16,41,319,16,303,15.159574468085108,4.25531914893617,10.904255319148938,84.8404255319149,4.25531914893617,80.58510638297872
E00020074,375,62,33,29,313,13,300,16.53333333333333,8.799999999999999,7.733333333333333,83.46666666666667,3.4666666666666663,80
E00020075,235,53,19,34,182,10,172,22.5531914893617,8.085106382978724,14.468085106382977,77.4468085106383,4.25531914893617,73.19148936170212
E00020076,425,53,25,28,372,16,356,12.470588235294118,5.88235294117647,6.588235294117648,87.52941176470588,3.7647058823529407,83.76470588235294
E00020077,422,74,32,42,348,12,336,17.535545023696685,7.5829383886255926,9.95260663507109,82.46445497630332,2.843601895734597,79.62085308056872
E00020078,422,90,37,53,332,22,310,21.32701421800948,8.767772511848342,12.559241706161137,78.67298578199052,5.213270142180095,73.45971563981043
E00020079,234,56,27,29,178,13,165,23.931623931623932,11.538461538461538,12.393162393162394,76.06837606837607,5.555555555555555,70.51282051282051
E00020080,347,49,28,21,298,17,281,14.121037463976945,8.069164265129682,6.051873198847262,85.87896253602305,4.899135446685879,80.97982708933718
E00020081,407,43,15,28,364,13,351,10.565110565110565,3.6855036855036856,6.87960687960688,89.43488943488943,3.194103194103194,86.24078624078624
E00020082,516,74,30,44,442,43,399,14.34108527131783,5.813953488372093,8.527131782945736,85.65891472868216,8.333333333333332,77.32558139534885
E00020083,279,47,23,24,232,12,220,16.845878136200717,8.24372759856631,8.60215053763441,83.15412186379928,4.301075268817205,78.85304659498208
E00020084,579,62,28,34,517,31,486,10.708117443868739,4.8359240069084635,5.872193436960276,89.29188255613127,5.354058721934369,83.93782383419689
E00020087,305,44,22,22,261,17,244,14.426229508196723,7.213114754098362,7.213114754098362,85.57377049180329,5.573770491803279,80
E00020088,304,59,27,32,245,13,232,19.407894736842106,8.881578947368421,10.526315789473683,80.5921052631579,4.276315789473684,76.31578947368422
E00020089,262,57,35,22,205,12,193,21.755725190839694,13.358778625954198,8.396946564885496,78.2442748091603,4.580152671755725,73.66412213740458
E00020090,261,35,17,18,226,18,208,13.409961685823754,6.513409961685824,6.896551724137931,86.59003831417624,6.896551724137931,79.6934865900383
E00020091,198,51,26,25,147,10,137,25.757575757575758,13.131313131313133,12.626262626262626,74.24242424242425,5.05050505050505,69.1919191919192
E00020092,250,40,18,22,210,15,195,16,7.199999999999999,8.799999999999999,84,6,78
E00020093,210,51,27,24,159,7,152,24.285714285714285,12.857142857142856,11.428571428571429,75.71428571428571,3.3333333333333335,72.38095238095238
E00020094,267,63,31,32,204,12,192,23.595505617977526,11.610486891385769,11.985018726591761,76.40449438202246,4.49438202247191,71.91011235955057
E00020095,352,49,18,31,303,20,283,13.920454545454545,5.113636363636364,8.806818181818182,86.07954545454545,5.681818181818182,80.39772727272727
E00020096,207,51,31,20,156,10,146,24.637681159420293,14.975845410628018,9.66183574879227,75.36231884057972,4.830917874396135,70.53140096618358
E00020097,319,62,26,36,257,20,237,19.435736677115987,8.150470219435736,11.285266457680251,80.56426332288402,6.269592476489027,74.29467084639498
E00020098,424,44,17,27,380,27,353,10.377358490566039,4.009433962264151,6.367924528301887,89.62264150943396,6.367924528301887,83.25471698113208
E00020099,274,67,30,37,207,13,194,24.45255474452555,10.948905109489052,13.503649635036496,75.54744525547446,4.744525547445255,70.8029197080292
E00020100,357,69,32,37,288,15,273,19.327731092436977,8.96358543417367,10.364145658263306,80.67226890756302,4.201680672268908,76.47058823529412
E00020102,202,49,26,23,153,15,138,24.257425742574256,12.871287128712872,11.386138613861387,75.74257425742574,7.425742574257425,68.31683168316832
E00020103,113,23,10,13,90,6,84,20.353982300884958,8.849557522123893,11.504424778761061,79.64601769911505,5.3097345132743365,74.33628318584071
E00020104,157,31,11,20,126,10,116,19.745222929936308,7.006369426751593,12.738853503184714,80.2547770700637,6.369426751592357,73.88535031847134
E00020105,199,43,16,27,156,11,145,21.608040201005025,8.040201005025125,13.5678391959799,78.39195979899498,5.527638190954774,72.8643216080402
E00020107,284,46,17,29,238,18,220,16.19718309859155,5.985915492957746,10.211267605633804,83.80281690140845,6.338028169014084,77.46478873239437
E00020108,199,37,16,21,162,18,144,18.592964824120603,8.040201005025125,10.552763819095476,81.4070351758794,9.045226130653267,72.36180904522614
E00020109,268,41,15,26,227,20,207,15.298507462686567,5.597014925373134,9.701492537313433,84.70149253731343,7.462686567164178,77.23880597014924
E00020110,260,44,24,20,216,9,207,16.923076923076923,9.230769230769232,7.6923076923076925,83.07692307692308,3.4615384615384617,79.61538461538461
E00020111,282,44,15,29,238,17,221,15.602836879432624,5.319148936170213,10.28368794326241,84.39716312056737,6.028368794326241,78.36879432624113
E00020112,207,26,9,17,181,24,157,12.560386473429952,4.3478260869565215,8.212560386473431,87.43961352657004,11.594202898550725,75.84541062801932
E00020113,399,40,15,25,359,29,330,10.025062656641603,3.7593984962406015,6.265664160401002,89.97493734335839,7.268170426065162,82.70676691729322
E00020114,343,80,39,41,263,29,234,23.323615160349853,11.370262390670554,11.9533527696793,76.67638483965014,8.454810495626822,68.22157434402332
E00020115,318,46,25,21,272,12,260,14.465408805031446,7.861635220125786,6.60377358490566,85.53459119496856,3.7735849056603774,81.76100628930818
E00020116,255,36,20,16,219,16,203,14.117647058823529,7.8431372549019605,6.2745098039215685,85.88235294117646,6.2745098039215685,79.6078431372549
E00020117,309,55,25,30,254,26,228,17.79935275080906,8.090614886731391,9.70873786407767,82.20064724919094,8.414239482200648,73.7864077669903
E00020118,230,29,10,19,201,17,184,12.608695652173912,4.3478260869565215,8.26086956521739,87.39130434782608,7.391304347826087,80
E00020119,229,26,4,22,203,23,180,11.353711790393014,1.7467248908296942,9.606986899563319,88.64628820960698,10.043668122270741,78.60262008733623
E00020120,318,39,11,28,279,23,256,12.264150943396226,3.459119496855346,8.80503144654088,87.73584905660378,7.232704402515723,80.50314465408806
E00020121,313,38,17,21,275,16,259,12.140575079872203,5.431309904153355,6.7092651757188495,87.8594249201278,5.111821086261981,82.74760383386581
E00020122,261,43,20,23,218,16,202,16.47509578544061,7.662835249042145,8.812260536398467,83.5249042145594,6.130268199233716,77.39463601532567
E00020123,383,55,23,32,328,21,307,14.360313315926893,6.005221932114883,8.355091383812011,85.6396866840731,5.483028720626632,80.15665796344648
E00020124,493,79,39,40,414,18,396,16.024340770791078,7.910750507099391,8.113590263691684,83.97565922920892,3.6511156186612577,80.32454361054768
E00020125,253,54,27,27,199,6,193,21.34387351778656,10.67193675889328,10.67193675889328,78.65612648221344,2.371541501976284,76.28458498023716
E00020126,367,64,25,39,303,39,264,17.43869209809264,6.811989100817439,10.626702997275205,82.56130790190736,10.626702997275205,71.93460490463215
E00020127,442,81,37,44,361,25,336,18.32579185520362,8.3710407239819,9.95475113122172,81.67420814479638,5.656108597285068,76.01809954751131
E00020128,249,48,23,25,201,24,177,19.27710843373494,9.236947791164658,10.040160642570282,80.72289156626506,9.63855421686747,71.08433734939759
E00020129,242,40,17,23,202,11,191,16.528925619834713,7.024793388429752,9.50413223140496,83.47107438016529,4.545454545454546,78.92561983471074
E00020130,252,45,20,25,207,11,196,17.857142857142858,7.936507936507936,9.920634920634921,82.14285714285714,4.365079365079365,77.77777777777779
E00020131,268,56,32,24,212,16,196,20.8955223880597,11.940298507462686,8.955223880597014,79.1044776119403,5.970149253731343,73.13432835820896
E00020132,329,41,17,24,288,12,276,12.462006079027356,5.167173252279635,7.29483282674772,87.53799392097264,3.64741641337386,83.89057750759878
E00020133,344,37,14,23,307,23,284,10.755813953488373,4.069767441860465,6.686046511627906,89.24418604651163,6.686046511627906,82.55813953488372
E00020134,604,92,53,39,512,23,489,15.2317880794702,8.774834437086094,6.456953642384105,84.76821192052981,3.80794701986755,80.96026490066225
E00020137,244,51,28,23,193,11,182,20.901639344262296,11.475409836065573,9.426229508196721,79.09836065573771,4.508196721311475,74.59016393442623
E00020138,279,49,18,31,230,14,216,17.562724014336915,6.451612903225806,11.11111111111111,82.43727598566308,5.017921146953405,77.41935483870968
E00020139,156,38,18,20,118,16,102,24.358974358974358,11.538461538461538,12.82051282051282,75.64102564102564,10.256410256410255,65.38461538461539
E00020140,344,58,30,28,286,19,267,16.86046511627907,8.720930232558139,8.13953488372093,83.13953488372093,5.523255813953488,77.61627906976744
E00020141,321,67,33,34,254,11,243,20.87227414330218,10.2803738317757,10.59190031152648,79.12772585669782,3.4267912772585665,75.70093457943925
E00020142,326,59,16,43,267,19,248,18.098159509202453,4.9079754601226995,13.190184049079754,81.90184049079755,5.828220858895705,76.07361963190185
E00020144,348,47,20,27,301,17,284,13.505747126436782,5.747126436781609,7.758620689655173,86.49425287356321,4.885057471264368,81.60919540229885
E00020145,401,74,38,36,327,26,301,18.453865336658353,9.476309226932669,8.977556109725686,81.54613466334165,6.483790523690773,75.06234413965088
E00020146,314,62,47,15,252,21,231,19.745222929936308,14.968152866242038,4.777070063694268,80.2547770700637,6.687898089171974,73.56687898089172
E00020147,347,43,21,22,304,21,283,12.39193083573487,6.051873198847262,6.340057636887608,87.60806916426513,6.051873198847262,81.55619596541787
E00020148,573,108,53,55,465,35,430,18.848167539267017,9.24956369982548,9.598603839441536,81.15183246073299,6.108202443280978,75.04363001745202
E00020149,423,59,18,41,364,33,331,13.947990543735225,4.25531914893617,9.692671394799055,86.05200945626478,7.801418439716312,78.25059101654847
E00020150,313,35,15,20,278,28,250,11.182108626198083,4.792332268370607,6.3897763578274756,88.81789137380191,8.945686900958465,79.87220447284345
E00020151,219,35,16,19,184,17,167,15.981735159817351,7.30593607305936,8.67579908675799,84.01826484018264,7.76255707762557,76.25570776255708
E00020152,399,48,16,32,351,30,321,12.030075187969924,4.010025062656641,8.020050125313283,87.96992481203007,7.518796992481203,80.45112781954887
E00020153,346,67,30,37,279,18,261,19.36416184971098,8.670520231213873,10.69364161849711,80.63583815028902,5.202312138728324,75.43352601156069
E00020154,465,71,40,31,394,25,369,15.268817204301074,8.60215053763441,6.666666666666667,84.73118279569893,5.376344086021505,79.35483870967742
E00020155,327,60,33,27,267,11,256,18.34862385321101,10.091743119266056,8.256880733944955,81.65137614678899,3.3639143730886847,78.2874617737003
E00020156,365,73,32,41,292,29,263,20,8.767123287671232,11.232876712328768,80,7.9452054794520555,72.05479452054794
E00020157,352,66,33,33,286,14,272,18.75,9.375,9.375,81.25,3.977272727272727,77.27272727272727
E00020158,431,95,57,38,336,16,320,22.041763341067284,13.225058004640372,8.816705336426914,77.9582366589327,3.7122969837587005,74.24593967517401
E00020161,261,40,24,16,221,9,212,15.32567049808429,9.195402298850574,6.130268199233716,84.67432950191571,3.4482758620689653,81.22605363984674
E00020164,352,66,34,32,286,25,261,18.75,9.659090909090908,9.090909090909092,81.25,7.1022727272727275,74.14772727272727
E00020165,383,59,25,34,324,26,298,15.404699738903393,6.527415143603134,8.87728459530026,84.59530026109661,6.7885117493472595,77.80678851174935
E00020166,271,46,17,29,225,25,200,16.974169741697416,6.273062730627306,10.70110701107011,83.02583025830258,9.22509225092251,73.80073800738008
E00020167,346,64,31,33,282,19,263,18.497109826589593,8.959537572254336,9.53757225433526,81.5028901734104,5.491329479768786,76.01156069364163
E00020168,454,79,30,49,375,31,344,17.400881057268723,6.607929515418502,10.79295154185022,82.59911894273128,6.828193832599119,75.77092511013215
E00020169,255,44,19,25,211,13,198,17.254901960784313,7.450980392156863,9.803921568627452,82.74509803921568,5.098039215686274,77.64705882352942
E00020170,360,55,10,45,305,18,287,15.277777777777779,2.7777777777777777,12.5,84.72222222222221,5,79.72222222222223
E00020171,375,59,20,39,316,23,293,15.733333333333333,5.333333333333334,10.4,84.26666666666667,6.133333333333333,78.13333333333333
E00020172,310,73,39,34,237,14,223,23.548387096774192,12.580645161290322,10.967741935483872,76.45161290322581,4.516129032258064,71.93548387096774
E00020173,291,77,46,31,214,8,206,26.46048109965636,15.807560137457044,10.652920962199312,73.53951890034365,2.7491408934707904,70.79037800687286
E00020174,318,43,20,23,275,20,255,13.522012578616351,6.289308176100629,7.232704402515723,86.47798742138365,6.289308176100629,80.18867924528303
E00020175,230,74,40,34,156,14,142,32.17391304347826,17.391304347826086,14.782608695652174,67.82608695652173,6.086956521739131,61.73913043478261
E00020176,311,49,16,33,262,21,241,15.755627009646304,5.144694533762058,10.610932475884244,84.2443729903537,6.752411575562702,77.491961414791
E00020177,312,52,32,20,260,14,246,16.666666666666664,10.256410256410255,6.41025641025641,83.33333333333334,4.487179487179487,78.84615384615384
E00020179,282,49,12,37,233,22,211,17.375886524822697,4.25531914893617,13.120567375886525,82.62411347517731,7.801418439716312,74.822695035461
E00020180,355,60,22,38,295,20,275,16.901408450704224,6.197183098591549,10.704225352112676,83.09859154929578,5.633802816901409,77.46478873239437
E00020181,367,52,30,22,315,14,301,14.168937329700274,8.174386920980927,5.994550408719346,85.83106267029973,3.8147138964577656,82.01634877384197
E00020182,337,51,29,22,286,8,278,15.133531157270031,8.605341246290802,6.528189910979229,84.86646884272997,2.3738872403560833,82.49258160237389
E00020183,331,64,25,39,267,10,257,19.335347432024168,7.552870090634441,11.782477341389729,80.66465256797582,3.0211480362537766,77.64350453172206
E00020184,479,68,32,36,411,12,399,14.19624217118998,6.6805845511482245,7.515657620041753,85.80375782881002,2.5052192066805845,83.29853862212944
E00020185,443,62,26,36,381,27,354,13.99548532731377,5.8690744920993225,8.126410835214447,86.00451467268623,6.094808126410835,79.90970654627539
E00020186,372,64,25,39,308,11,297,17.20430107526882,6.720430107526881,10.483870967741936,82.79569892473118,2.956989247311828,79.83870967741935
E00020188,271,40,16,24,231,17,214,14.760147601476014,5.904059040590406,8.856088560885608,85.23985239852398,6.273062730627306,78.96678966789668
E00020190,267,52,24,28,215,8,207,19.475655430711612,8.98876404494382,10.486891385767791,80.52434456928839,2.9962546816479403,77.52808988764045
E00020192,328,33,14,19,295,14,281,10.060975609756099,4.2682926829268295,5.7926829268292686,89.9390243902439,4.2682926829268295,85.67073170731707
E00020193,325,58,23,35,267,21,246,17.846153846153847,7.076923076923077,10.76923076923077,82.15384615384616,6.461538461538462,75.6923076923077
E00020194,580,87,45,42,493,18,475,15,7.758620689655173,7.241379310344828,85,3.103448275862069,81.89655172413794
E00020195,276,51,26,25,225,13,212,18.478260869565215,9.420289855072465,9.057971014492754,81.52173913043478,4.710144927536232,76.81159420289855
E00020196,271,57,25,32,214,8,206,21.033210332103323,9.22509225092251,11.808118081180812,78.96678966789668,2.952029520295203,76.01476014760148
E00020197,315,37,15,22,278,10,268,11.746031746031745,4.761904761904762,6.984126984126984,88.25396825396825,3.1746031746031744,85.07936507936508
E00020199,572,74,47,27,498,19,479,12.937062937062937,8.216783216783217,4.72027972027972,87.06293706293707,3.3216783216783217,83.74125874125873
E00020200,323,51,17,34,272,17,255,15.789473684210526,5.263157894736842,10.526315789473683,84.21052631578947,5.263157894736842,78.94736842105263
E00020201,507,55,19,36,452,20,432,10.848126232741617,3.7475345167652856,7.100591715976331,89.15187376725838,3.9447731755424065,85.20710059171599
E00020202,511,67,28,39,444,38,406,13.111545988258316,5.47945205479452,7.632093933463796,86.88845401174167,7.436399217221135,79.45205479452055
E00020203,467,62,24,38,405,38,367,13.276231263383298,5.139186295503212,8.137044967880087,86.7237687366167,8.137044967880087,78.58672376873662
E00020204,453,71,33,38,382,18,364,15.673289183222957,7.28476821192053,8.388520971302428,84.32671081677704,3.9735099337748347,80.3532008830022
E00020206,201,21,10,11,180,12,168,10.44776119402985,4.975124378109453,5.472636815920398,89.55223880597015,5.970149253731343,83.5820895522388
E00020207,473,62,34,28,411,19,392,13.107822410147993,7.188160676532769,5.9196617336152215,86.89217758985201,4.0169133192389,82.8752642706131
E00020208,288,38,16,22,250,8,242,13.194444444444445,5.555555555555555,7.638888888888889,86.80555555555556,2.7777777777777777,84.02777777777779
E00020209,355,75,39,36,280,13,267,21.12676056338028,10.985915492957748,10.140845070422536,78.87323943661971,3.6619718309859155,75.21126760563381
E00020210,498,57,28,29,441,32,409,11.44578313253012,5.622489959839357,5.8232931726907635,88.55421686746988,6.425702811244979,82.1285140562249
E00020211,345,55,23,32,290,24,266,15.942028985507244,6.666666666666667,9.27536231884058,84.05797101449275,6.956521739130435,77.10144927536233
E00020212,246,35,13,22,211,29,182,14.227642276422763,5.284552845528456,8.94308943089431,85.77235772357723,11.788617886178862,73.98373983739837
E00020213,347,42,15,27,305,17,288,12.103746397694524,4.322766570605188,7.780979827089338,87.89625360230548,4.899135446685879,82.9971181556196
E00020214,322,33,15,18,289,21,268,10.248447204968944,4.658385093167702,5.590062111801243,89.75155279503106,6.521739130434782,83.22981366459628
E00020215,327,44,14,30,283,29,254,13.455657492354739,4.281345565749235,9.174311926605505,86.54434250764525,8.868501529051988,77.67584097859327
E00020216,334,37,7,30,297,19,278,11.077844311377245,2.095808383233533,8.982035928143713,88.92215568862275,5.688622754491018,83.23353293413174
E00020217,368,34,8,26,334,23,311,9.239130434782608,2.1739130434782608,7.065217391304348,90.76086956521739,6.25,84.51086956521739
E00020218,355,58,25,33,297,28,269,16.338028169014084,7.042253521126761,9.295774647887324,83.66197183098592,7.887323943661972,75.77464788732394
E00020219,386,62,33,29,324,25,299,16.06217616580311,8.549222797927461,7.512953367875648,83.93782383419689,6.476683937823833,77.46113989637306
E00020220,587,66,15,51,521,43,478,11.243611584327088,2.555366269165247,8.68824531516184,88.75638841567292,7.325383304940375,81.43100511073254
E00020221,289,45,18,27,244,28,216,15.570934256055363,6.228373702422145,9.342560553633218,84.42906574394463,9.688581314878892,74.74048442906575
E00020222,284,34,11,23,250,26,224,11.971830985915492,3.873239436619718,8.098591549295776,88.02816901408451,9.15492957746479,78.87323943661971
E00020223,353,35,12,23,318,31,287,9.91501416430595,3.39943342776204,6.515580736543909,90.08498583569406,8.78186968838527,81.30311614730878
E00020224,386,40,16,24,346,22,324,10.362694300518134,4.145077720207254,6.217616580310881,89.63730569948186,5.699481865284974,83.93782383419689
E00020225,298,45,14,31,253,24,229,15.100671140939598,4.697986577181208,10.40268456375839,84.8993288590604,8.053691275167784,76.84563758389261
E00020226,317,44,19,25,273,21,252,13.880126182965299,5.993690851735016,7.886435331230284,86.1198738170347,6.624605678233439,79.49526813880126
E00020227,257,22,7,15,235,21,214,8.560311284046692,2.7237354085603114,5.836575875486381,91.43968871595331,8.171206225680933,83.26848249027238
E00020228,348,43,10,33,305,28,277,12.35632183908046,2.8735632183908044,9.482758620689655,87.643678160919535,8.045977011494253,79.59770114942529
E00020229,424,47,9,38,377,30,347,11.084905660377359,2.1226415094339623,8.962264150943396,88.91509433962264,7.0754716981132075,81.83962264150944
E00020230,266,27,12,15,239,22,217,10.150375939849624,4.511278195488721,5.639097744360902,89.84962406015038,8.270676691729323,81.57894736842105
E00020231,289,23,10,13,266,29,237,7.958477508650519,3.4602076124567476,4.498269896193772,92.04152249134948,10.034602076124568,82.00692041522491
E00020232,346,37,12,25,309,26,283,10.69364161849711,3.4682080924855487,7.225433526011561,89.30635838150289,7.514450867052023,81.79190751445087
E00020233,294,40,14,26,254,21,233,13.60544217687075,4.761904761904762,8.843537414965986,86.39455782312925,7.142857142857142,79.25170068027211
E00020234,342,58,26,32,284,22,262,16.95906432748538,7.602339181286549,9.35672514619883,83.04093567251462,6.432748538011696,76.60818713450293
E00020235,315,33,12,21,282,23,259,10.476190476190476,3.8095238095238098,6.666666666666667,89.52380952380953,7.301587301587302,82.22222222222221
E00020236,366,55,27,28,311,22,289,15.027322404371585,7.377049180327869,7.650273224043716,84.97267759562843,6.0109289617486334,78.96174863387978
E00020238,422,65,28,37,357,28,329,15.402843601895736,6.6350710900473935,8.767772511848342,84.59715639810426,6.6350710900473935,77.96208530805687
E00020239,297,42,12,30,255,18,237,14.14141414141414,4.040404040404041,10.1010101010101,85.85858585858585,6.0606060606060606,79.7979797979798
E00020240,284,23,8,15,261,29,232,8.098591549295776,2.8169014084507045,5.28169014084507,91.90140845070422,10.211267605633804,81.69014084507043
E00020241,577,53,19,34,524,43,481,9.185441941074524,3.2928942807625647,5.892547660311958,90.81455805892547,7.452339688041594,83.36221837088388
E00020242,359,66,26,40,293,24,269,18.384401114206128,7.242339832869081,11.142061281337048,81.61559888579387,6.685236768802229,74.93036211699165
E00020243,372,52,22,30,320,29,291,13.978494623655912,5.913978494623656,8.064516129032258,86.02150537634408,7.795698924731183,78.2258064516129
E00020244,380,85,41,44,295,17,278,22.36842105263158,10.789473684210527,11.578947368421053,77.63157894736842,4.473684210526316,73.15789473684211
E00020245,395,34,19,15,361,15,346,8.60759493670886,4.810126582278481,3.79746835443038,91.39240506329114,3.79746835443038,87.59493670886076
E00020246,507,54,13,41,453,55,398,10.650887573964498,2.564102564102564,8.086785009861932,89.3491124260355,10.848126232741617,78.50098619329388
E00020247,250,29,5,24,221,24,197,11.600000000000001,2,9.6,88.4,9.6,78.8
E00020248,297,43,17,26,254,18,236,14.47811447811448,5.723905723905724,8.754208754208754,85.52188552188552,6.0606060606060606,79.46127946127946
E00020249,361,51,23,28,310,23,287,14.127423822714682,6.3711911357340725,7.756232686980609,85.87257617728532,6.3711911357340725,79.50138504155125
E00020250,416,77,42,35,339,21,318,18.509615384615387,10.096153846153847,8.413461538461538,81.49038461538461,5.048076923076923,76.4423076923077
E00020251,406,64,28,36,342,28,314,15.763546798029557,6.896551724137931,8.866995073891626,84.23645320197043,6.896551724137931,77.33990147783251
E00020252,383,63,29,34,320,14,306,16.449086161879894,7.5718015665796345,8.87728459530026,83.5509138381201,3.6553524804177546,79.89556135770235
E00020253,393,66,31,35,327,23,304,16.793893129770993,7.888040712468193,8.9058524173028,83.20610687022901,5.852417302798982,77.35368956743002
E00020254,284,81,47,34,203,15,188,28.52112676056338,16.549295774647888,11.971830985915492,71.47887323943662,5.28169014084507,66.19718309859155
E00020257,334,50,27,23,284,26,258,14.97005988023952,8.08383233532934,6.88622754491018,85.02994011976048,7.784431137724551,77.24550898203593
E00020259,248,17,1,16,231,19,212,6.854838709677419,0.4032258064516129,6.451612903225806,93.14516129032258,7.661290322580645,85.48387096774194
E00020260,212,22,2,20,190,16,174,10.377358490566039,0.9433962264150944,9.433962264150944,89.62264150943396,7.547169811320755,82.0754716981132
E00020261,267,18,2,16,249,24,225,6.741573033707865,0.7490636704119851,5.992509363295881,93.25842696629213,8.98876404494382,84.26966292134831
E00020262,178,14,1,13,164,16,148,7.865168539325842,0.5617977528089888,7.303370786516854,92.13483146067416,8.98876404494382,83.14606741573034
E00020263,232,33,12,21,199,10,189,14.224137931034484,5.172413793103448,9.051724137931034,85.77586206896551,4.310344827586207,81.46551724137932
E00020264,353,64,25,39,289,18,271,18.13031161473088,7.0821529745042495,11.048158640226628,81.86968838526913,5.099150141643059,76.77053824362606
E00020266,343,46,18,28,297,16,281,13.411078717201166,5.247813411078718,8.16326530612245,86.58892128279884,4.664723032069971,81.92419825072886
E00020267,173,11,8,3,162,19,143,6.358381502890173,4.624277456647398,1.7341040462427744,93.64161849710982,10.982658959537572,82.65895953757226
E00020268,154,7,1,6,147,16,131,4.545454545454546,0.6493506493506493,3.896103896103896,95.45454545454545,10.38961038961039,85.06493506493507
E00020269,404,34,3,31,370,37,333,8.415841584158416,0.7425742574257426,7.673267326732673,91.58415841584159,9.158415841584159,82.42574257425743
E00020270,329,24,6,18,305,24,281,7.29483282674772,1.82370820668693,5.47112462006079,92.70516717325228,7.29483282674772,85.41033434650456
E00020271,181,11,1,10,170,22,148,6.077348066298343,0.5524861878453038,5.524861878453039,93.92265193370166,12.154696132596685,81.76795580110497
E00020273,272,41,17,24,231,17,214,15.073529411764705,6.25,8.823529411764707,84.92647058823529,6.25,78.67647058823529
E00020274,368,54,18,36,314,33,281,14.673913043478262,4.891304347826087,9.782608695652174,85.32608695652173,8.967391304347826,76.3586956521739
E00020275,339,50,20,30,289,24,265,14.749262536873156,5.899705014749262,8.849557522123893,85.25073746312685,7.079646017699115,78.17109144542773
E00020276,300,40,23,17,260,12,248,13.333333333333334,7.666666666666666,5.666666666666666,86.66666666666667,4,82.66666666666667
E00020277,251,29,14,15,222,21,201,11.553784860557768,5.577689243027888,5.9760956175298805,88.44621513944223,8.366533864541832,80.0796812749004
E00020278,299,37,23,14,262,17,245,12.37458193979933,7.6923076923076925,4.682274247491638,87.62541806020067,5.68561872909699,81.93979933110369
E00020280,300,58,28,30,242,18,224,19.333333333333332,9.333333333333334,10,80.66666666666666,6,74.66666666666667
E00020281,319,60,19,41,259,13,246,18.808777429467085,5.956112852664576,12.852664576802509,81.19122257053291,4.075235109717868,77.11598746081505
E00020282,266,39,20,19,227,10,217,14.661654135338345,7.518796992481203,7.142857142857142,85.33834586466166,3.7593984962406015,81.57894736842105
E00020286,323,48,28,20,275,15,260,14.860681114551083,8.6687306501548,6.191950464396285,85.13931888544892,4.643962848297214,80.4953560371517
E00020287,216,44,20,24,172,9,163,20.37037037037037,9.25925925925926,11.11111111111111,79.62962962962963,4.166666666666666,75.46296296296296
E00020289,279,45,21,24,234,11,223,16.129032258064516,7.526881720430108,8.60215053763441,83.87096774193549,3.942652329749104,79.92831541218638
E00020290,290,44,18,26,246,14,232,15.172413793103448,6.206896551724138,8.96551724137931,84.82758620689656,4.827586206896552,80
E00020291,141,28,13,15,113,7,106,19.858156028368796,9.219858156028367,10.638297872340425,80.1418439716312,4.964539007092199,75.177304964539
E00020292,303,50,14,36,253,26,227,16.5016501650165,4.62046204620462,11.881188118811881,83.4983498349835,8.58085808580858,74.91749174917491
E00020293,337,34,11,23,303,21,282,10.089020771513352,3.2640949554896146,6.824925816023739,89.91097922848664,6.231454005934718,83.67952522255193
E00020294,358,40,17,23,318,8,310,11.1731843575419,4.748603351955307,6.424581005586592,88.8268156424581,2.2346368715083798,86.59217877094973
E00020295,363,77,35,42,286,26,260,21.21212121212121,9.641873278236915,11.570247933884298,78.78787878787878,7.162534435261708,71.62534435261708
E00020296,297,41,14,27,256,16,240,13.804713804713806,4.713804713804714,9.090909090909092,86.19528619528619,5.387205387205387,80.8080808080808
E00020298,291,27,6,21,264,24,240,9.278350515463918,2.0618556701030926,7.216494845360824,90.72164948453609,8.24742268041237,82.4742268041237
E00020299,223,23,0,23,200,21,179,10.31390134529148,0,10.31390134529148,89.68609865470853,9.417040358744394,80.26905829596413
E00020300,269,51,26,25,218,20,198,18.95910780669145,9.66542750929368,9.293680297397769,81.04089219330855,7.434944237918216,73.60594795539033
E00020301,287,44,25,19,243,15,228,15.33101045296167,8.710801393728223,6.620209059233449,84.66898954703834,5.2264808362369335,79.44250871080139
E00020302,258,30,14,16,228,16,212,11.627906976744185,5.426356589147287,6.2015503875969,88.37209302325581,6.2015503875969,82.17054263565892
E00020303,296,27,11,16,269,21,248,9.121621621621621,3.7162162162162162,5.405405405405405,90.87837837837837,7.094594594594595,83.78378378378379
E00020304,307,44,22,22,263,16,247,14.332247557003258,7.166123778501629,7.166123778501629,85.66775244299674,5.211726384364821,80.45602605863192
E00020305,264,34,19,15,230,19,211,12.878787878787879,7.196969696969697,5.681818181818182,87.12121212121212,7.196969696969697,79.92424242424242
E00020307,515,38,8,30,477,37,440,7.3786407766990285,1.5533980582524272,5.825242718446602,92.62135922330097,7.184466019417475,85.43689320388349
E00020309,336,34,14,20,302,19,283,10.119047619047619,4.166666666666666,5.952380952380952,89.88095238095238,5.654761904761905,84.22619047619048
E00020310,173,12,3,9,161,23,138,6.9364161849710975,1.7341040462427744,5.202312138728324,93.0635838150289,13.294797687861271,79.76878612716763
E00020311,304,49,19,30,255,16,239,16.11842105263158,6.25,9.868421052631579,83.88157894736842,5.263157894736842,78.61842105263158
E00020312,262,46,19,27,216,18,198,17.557251908396946,7.251908396946565,10.305343511450381,82.44274809160305,6.870229007633588,75.57251908396947
E00020313,289,56,18,38,233,13,220,19.377162629757784,6.228373702422145,13.148788927335639,80.62283737024222,4.498269896193772,76.12456747404845
E00020314,279,30,15,15,249,13,236,10.75268817204301,5.376344086021505,5.376344086021505,89.24731182795699,4.659498207885305,84.58781362007169
E00020315,341,75,36,39,266,20,246,21.994134897360702,10.557184750733137,11.436950146627565,78.00586510263929,5.865102639296188,72.14076246334311
E00020317,315,48,23,25,267,10,257,15.238095238095239,7.301587301587302,7.936507936507936,84.76190476190476,3.1746031746031744,81.58730158730158
E00020318,444,43,19,24,401,21,380,9.684684684684685,4.2792792792792795,5.405405405405405,90.31531531531532,4.72972972972973,85.58558558558559
E00020319,287,45,27,18,242,12,230,15.6794425087108,9.40766550522648,6.2717770034843205,84.3205574912892,4.181184668989547,80.13937282229965
E00020320,380,88,40,48,292,27,265,23.157894736842106,10.526315789473683,12.631578947368421,76.84210526315789,7.105263157894736,69.73684210526315
E00020321,319,56,20,36,263,14,249,17.55485893416928,6.269592476489027,11.285266457680251,82.44514106583071,4.38871473354232,78.0564263322884
E00020323,518,41,15,26,477,24,453,7.915057915057915,2.8957528957528957,5.019305019305019,92.08494208494209,4.633204633204633,87.45173745173746
E00020324,343,59,30,29,284,24,260,17.20116618075802,8.746355685131196,8.454810495626822,82.79883381924198,6.997084548104956,75.80174927113703
E00020325,385,49,24,25,336,12,324,12.727272727272727,6.233766233766234,6.493506493506493,87.27272727272727,3.116883116883117,84.15584415584415
E00020326,358,55,23,32,303,13,290,15.363128491620111,6.424581005586592,8.938547486033519,84.63687150837988,3.6312849162011176,81.00558659217877
E00020327,303,57,26,31,246,11,235,18.81188118811881,8.58085808580858,10.231023102310232,81.1881188118812,3.6303630363036308,77.55775577557755
E00020328,287,48,14,34,239,12,227,16.72473867595819,4.878048780487805,11.846689895470384,83.27526132404182,4.181184668989547,79.09407665505228
E00020329,302,60,26,34,242,9,233,19.867549668874172,8.609271523178808,11.258278145695364,80.13245033112582,2.980132450331126,77.15231788079471
E00020330,368,20,1,19,348,31,317,5.434782608695652,0.2717391304347826,5.163043478260869,94.56521739130434,8.423913043478262,86.1413043478261
E00020331,338,32,5,27,306,15,291,9.467455621301776,1.4792899408284024,7.988165680473373,90.53254437869822,4.437869822485207,86.09467455621301
E00020332,272,42,11,31,230,9,221,15.441176470588236,4.044117647058823,11.397058823529411,84.55882352941177,3.308823529411765,81.25
E00020333,370,83,30,53,287,8,279,22.432432432432435,8.108108108108109,14.324324324324325,77.56756756756756,2.1621621621621623,75.4054054054054
E00020334,319,62,31,31,257,20,237,19.435736677115987,9.717868338557993,9.717868338557993,80.56426332288402,6.269592476489027,74.29467084639498
E00020335,450,64,31,33,386,29,357,14.222222222222221,6.888888888888889,7.333333333333333,85.77777777777777,6.444444444444445,79.33333333333333
E00020336,358,59,29,30,299,20,279,16.480446927374302,8.100558659217876,8.379888268156424,83.5195530726257,5.58659217877095,77.93296089385476
E00020337,276,34,11,23,242,14,228,12.318840579710146,3.985507246376811,8.333333333333332,87.68115942028986,5.072463768115942,82.6086956521739
E00020338,399,39,15,24,360,19,341,9.774436090225564,3.7593984962406015,6.015037593984962,90.22556390977444,4.761904761904762,85.46365914786968
E00020339,471,42,15,27,429,23,406,8.9171974522293,3.1847133757961785,5.7324840764331215,91.0828025477707,4.8832271762208075,86.1995753715499
E00020340,353,83,55,28,270,19,251,23.512747875354105,15.58073654390935,7.932011331444759,76.48725212464589,5.382436260623229,71.10481586402267
E00020341,215,38,26,12,177,11,166,17.674418604651162,12.093023255813954,5.5813953488372094,82.32558139534883,5.116279069767442,77.20930232558139
E00020342,248,12,3,9,236,16,220,4.838709677419355,1.2096774193548387,3.6290322580645165,95.16129032258065,6.451612903225806,88.70967741935483
E00020344,365,74,38,36,291,26,265,20.273972602739725,10.41095890410959,9.863013698630137,79.72602739726027,7.123287671232877,72.6027397260274
E00020345,287,21,7,14,266,25,241,7.317073170731707,2.4390243902439024,4.878048780487805,92.6829268292683,8.710801393728223,83.97212543554006
E00020346,289,24,8,16,265,7,258,8.304498269896193,2.768166089965398,5.536332179930796,91.6955017301038,2.422145328719723,89.27335640138409
E00020347,310,30,11,19,280,19,261,9.67741935483871,3.5483870967741935,6.129032258064516,90.32258064516128,6.129032258064516,84.19354838709677
E00020348,237,23,9,14,214,10,204,9.70464135021097,3.79746835443038,5.9071729957805905,90.29535864978902,4.219409282700422,86.07594936708861
E00020349,225,40,19,21,185,5,180,17.77777777777778,8.444444444444445,9.333333333333334,82.22222222222221,2.2222222222222223,80
E00020350,257,27,14,13,230,17,213,10.505836575875486,5.447470817120623,5.058365758754864,89.49416342412452,6.614785992217899,82.87937743190662
E00020351,306,46,21,25,260,5,255,15.032679738562091,6.862745098039216,8.169934640522875,84.9673202614379,1.6339869281045754,83.33333333333334
E00020352,402,50,24,26,352,20,332,12.437810945273633,5.970149253731343,6.467661691542288,87.56218905472637,4.975124378109453,82.58706467661692
E00020353,564,103,46,57,461,17,444,18.26241134751773,8.156028368794328,10.106382978723403,81.73758865248227,3.0141843971631204,78.72340425531915
E00020354,312,66,38,28,246,18,228,21.153846153846153,12.179487179487179,8.974358974358974,78.84615384615384,5.769230769230769,73.07692307692307
E00020355,279,26,9,17,253,19,234,9.31899641577061,3.225806451612903,6.093189964157706,90.68100358422939,6.810035842293908,83.87096774193549
E00020357,347,69,34,35,278,14,264,19.88472622478386,9.798270893371757,10.086455331412104,80.11527377521614,4.034582132564841,76.0806916426513
E00020358,262,30,20,10,232,11,221,11.450381679389313,7.633587786259542,3.816793893129771,88.54961832061069,4.198473282442748,84.35114503816794
E00020359,299,30,18,12,269,11,258,10.033444816053512,6.0200668896321075,4.013377926421405,89.96655518394648,3.678929765886288,86.2876254180602
E00020360,344,51,18,33,293,20,273,14.825581395348838,5.232558139534884,9.593023255813954,85.17441860465115,5.813953488372093,79.36046511627907
E00020361,299,63,34,29,236,11,225,21.070234113712374,11.37123745819398,9.698996655518394,78.92976588628763,3.678929765886288,75.25083612040135
E00020362,253,33,18,15,220,14,206,13.043478260869565,7.114624505928854,5.928853754940711,86.95652173913044,5.533596837944664,81.42292490118577
E00020363,210,42,22,20,168,23,145,20,10.476190476190476,9.523809523809524,80,10.952380952380953,69.04761904761905
E00020364,258,51,22,29,207,23,184,19.767441860465116,8.527131782945736,11.24031007751938,80.23255813953489,8.914728682170542,71.31782945736434
E00020365,575,62,32,30,513,28,485,10.782608695652174,5.565217391304348,5.217391304347826,89.21739130434783,4.869565217391305,84.34782608695653
E00020366,319,58,24,34,261,22,239,18.181818181818183,7.523510971786834,10.658307210031348,81.81818181818183,6.896551724137931,74.92163009404389
E00020367,250,44,11,33,206,16,190,17.599999999999998,4.3999999999999995,13.200000000000001,82.39999999999999,6.4,76
E00020368,396,73,39,34,323,18,305,18.434343434343432,9.848484848484848,8.585858585858585,81.56565656565657,4.545454545454546,77.02020202020202
E00020369,294,27,5,22,267,14,253,9.183673469387756,1.7006802721088436,7.482993197278912,90.81632653061224,4.761904761904762,86.05442176870748
E00020370,360,69,35,34,291,18,273,19.166666666666668,9.722222222222223,9.444444444444445,80.83333333333333,5,75.83333333333333
E00020371,194,33,14,19,161,8,153,17.010309278350515,7.216494845360824,9.793814432989691,82.9896907216495,4.123711340206185,78.8659793814433
E00020372,293,46,18,28,247,16,231,15.699658703071673,6.143344709897611,9.556313993174061,84.30034129692832,5.460750853242321,78.839590443686
E00020373,307,60,23,37,247,21,226,19.54397394136808,7.491856677524431,12.052117263843648,80.45602605863192,6.840390879478828,73.61563517915309
E00020374,331,66,37,29,265,10,255,19.939577039274926,11.178247734138973,8.761329305135952,80.06042296072508,3.0211480362537766,77.0392749244713
E00020375,325,55,37,18,270,26,244,16.923076923076923,11.384615384615385,5.538461538461538,83.07692307692308,8,75.07692307692308
E00020376,389,54,13,41,335,23,312,13.881748071979436,3.3419023136246784,10.539845758354756,86.11825192802056,5.912596401028278,80.20565552699229
E00020377,308,33,11,22,275,23,252,10.714285714285714,3.571428571428571,7.142857142857142,89.28571428571429,7.467532467532467,81.81818181818183
E00020379,235,32,12,20,203,15,188,13.617021276595745,5.106382978723404,8.51063829787234,86.38297872340426,6.382978723404255,80
E00020380,217,26,4,22,191,23,168,11.981566820276496,1.8433179723502304,10.138248847926267,88.0184331797235,10.599078341013826,77.41935483870968
E00020381,352,44,18,26,308,32,276,12.5,5.113636363636364,7.386363636363637,87.5,9.090909090909092,78.4090909090909
E00020382,321,44,10,34,277,26,251,13.707165109034266,3.115264797507788,10.59190031152648,86.29283489096574,8.09968847352025,78.19314641744548
E00020383,219,34,18,16,185,4,181,15.52511415525114,8.21917808219178,7.30593607305936,84.47488584474885,1.82648401826484,82.64840182648402
E00020384,352,38,11,27,314,22,292,10.795454545454545,3.125,7.670454545454546,89.20454545454545,6.25,82.95454545454545
E00020385,262,14,1,13,248,18,230,5.343511450381679,0.38167938931297707,4.961832061068702,94.65648854961832,6.870229007633588,87.78625954198473
E00020386,286,44,19,25,242,23,219,15.384615384615385,6.643356643356643,8.741258741258742,84.61538461538461,8.041958041958042,76.57342657342657
E00020387,199,27,6,21,172,17,155,13.5678391959799,3.015075376884422,10.552763819095476,86.4321608040201,8.542713567839195,77.88944723618091
E00020388,225,45,24,21,180,20,160,20,10.666666666666668,9.333333333333334,80,8.88888888888889,71.11111111111111
E00020389,319,29,9,20,290,35,255,9.090909090909092,2.8213166144200628,6.269592476489027,90.9090909090909,10.9717868338558,79.9373040752351
E00020390,331,41,12,29,290,31,259,12.386706948640484,3.625377643504532,8.761329305135952,87.61329305135952,9.365558912386707,78.24773413897282
E00020391,344,26,7,19,318,19,299,7.55813953488372,2.0348837209302326,5.523255813953488,92.44186046511628,5.523255813953488,86.9186046511628
E00020392,301,45,20,25,256,20,236,14.950166112956811,6.64451827242525,8.305647840531561,85.04983388704319,6.64451827242525,78.40531561461795
E00020393,278,36,16,20,242,17,225,12.949640287769784,5.755395683453238,7.1942446043165464,87.05035971223022,6.115107913669065,80.93525179856115
E00020394,408,53,18,35,355,16,339,12.990196078431374,4.411764705882353,8.57843137254902,87.00980392156863,3.9215686274509802,83.08823529411765
E00020395,256,42,18,24,214,13,201,16.40625,7.03125,9.375,83.59375,5.078125,78.515625
E00020396,263,34,9,25,229,27,202,12.927756653992395,3.4220532319391634,9.505703422053232,87.07224334600761,10.26615969581749,76.80608365019012
E00020397,365,32,12,20,333,26,307,8.767123287671232,3.287671232876712,5.47945205479452,91.23287671232877,7.123287671232877,84.10958904109589
E00020398,338,53,24,29,285,12,273,15.680473372781064,7.100591715976331,8.579881656804734,84.31952662721893,3.5502958579881656,80.76923076923077
E00020399,268,50,22,28,218,20,198,18.65671641791045,8.208955223880597,10.44776119402985,81.34328358208955,7.462686567164178,73.88059701492537
E00020400,328,42,19,23,286,15,271,12.804878048780488,5.7926829268292686,7.01219512195122,87.1951219512195,4.573170731707317,82.6219512195122
E00020401,345,58,33,25,287,23,264,16.81159420289855,9.565217391304348,7.246376811594203,83.18840579710145,6.666666666666667,76.52173913043478
E00020402,279,45,17,28,234,18,216,16.129032258064516,6.093189964157706,10.03584229390681,83.87096774193549,6.451612903225806,77.41935483870968
E00020403,373,41,20,21,332,24,308,10.991957104557642,5.361930294906166,5.630026809651475,89.00804289544236,6.434316353887399,82.57372654155496
E00020404,323,55,24,31,268,11,257,17.027863777089784,7.430340557275541,9.597523219814242,82.97213622291022,3.4055727554179565,79.56656346749226
E00020405,287,44,19,25,243,12,231,15.33101045296167,6.620209059233449,8.710801393728223,84.66898954703834,4.181184668989547,80.48780487804879
E00020406,289,26,7,19,263,16,247,8.996539792387544,2.422145328719723,6.5743944636678195,91.00346020761245,5.536332179930796,85.46712802768167
E00020407,337,43,17,26,294,30,264,12.759643916913946,5.044510385756676,7.71513353115727,87.24035608308606,8.902077151335313,78.33827893175074
E00020408,530,52,15,37,478,38,440,9.811320754716983,2.8301886792452833,6.981132075471698,90.18867924528303,7.169811320754717,83.01886792452831
E00020409,311,50,24,26,261,13,248,16.077170418006432,7.717041800643088,8.360128617363344,83.92282958199357,4.180064308681672,79.7427652733119
E00020410,440,39,21,18,401,21,380,8.863636363636363,4.772727272727273,4.090909090909091,91.13636363636364,4.772727272727273,86.36363636363636
E00020411,240,30,12,18,210,8,202,12.5,5,7.5,87.5,3.3333333333333335,84.16666666666667
E00020412,329,32,14,18,297,14,283,9.72644376899696,4.25531914893617,5.47112462006079,90.27355623100304,4.25531914893617,86.01823708206688
E00020413,316,56,24,32,260,18,242,17.72151898734177,7.59493670886076,10.126582278481013,82.27848101265823,5.69620253164557,76.58227848101265
E00020415,329,17,1,16,312,11,301,5.167173252279635,0.303951367781155,4.86322188449848,94.83282674772036,3.343465045592705,91.48936170212765
E00020416,282,21,3,18,261,13,248,7.446808510638298,1.0638297872340425,6.382978723404255,92.5531914893617,4.609929078014184,87.94326241134752
E00020417,286,33,13,20,253,25,228,11.538461538461538,4.545454545454546,6.993006993006993,88.46153846153845,8.741258741258742,79.72027972027972
E00020418,271,63,31,32,208,15,193,23.247232472324722,11.439114391143912,11.808118081180812,76.75276752767527,5.535055350553505,71.21771217712177
E00020419,478,45,14,31,433,24,409,9.414225941422593,2.928870292887029,6.485355648535565,90.5857740585774,5.02092050209205,85.56485355648536
E00020420,311,34,13,21,277,20,257,10.932475884244374,4.180064308681672,6.752411575562702,89.06752411575563,6.430868167202572,82.63665594855306
E00020421,361,78,42,36,283,19,264,21.60664819944598,11.634349030470915,9.97229916897507,78.39335180055402,5.263157894736842,73.13019390581718
E00020422,257,27,9,18,230,22,208,10.505836575875486,3.501945525291829,7.003891050583658,89.49416342412452,8.560311284046692,80.93385214007782
E00020423,274,49,20,29,225,18,207,17.88321167883212,7.2992700729927,10.583941605839415,82.11678832116789,6.569343065693431,75.54744525547446
E00020424,219,17,3,14,202,22,180,7.76255707762557,1.36986301369863,6.392694063926941,92.23744292237443,10.045662100456621,82.1917808219178
E00020425,357,34,5,29,323,23,300,9.523809523809524,1.400560224089636,8.123249299719888,90.47619047619048,6.442577030812324,84.03361344537815
E00020426,252,15,0,15,237,28,209,5.952380952380952,0,5.952380952380952,94.04761904761905,11.11111111111111,82.93650793650794
E00020427,388,43,10,33,345,30,315,11.082474226804123,2.5773195876288657,8.505154639175258,88.91752577319588,7.731958762886598,81.18556701030928
E00020428,249,20,3,17,229,23,206,8.032128514056225,1.2048192771084338,6.827309236947792,91.96787148594377,9.236947791164658,82.73092369477911
E00020429,292,30,8,22,262,21,241,10.273972602739725,2.73972602739726,7.534246575342466,89.72602739726028,7.191780821917808,82.53424657534246
E00020430,348,66,35,31,282,17,265,18.96551724137931,10.057471264367816,8.908045977011495,81.03448275862068,4.885057471264368,76.14942528735632
E00020431,260,58,35,23,202,10,192,22.30769230769231,13.461538461538462,8.846153846153847,77.6923076923077,3.8461538461538463,73.84615384615385
E00020432,315,47,21,26,268,17,251,14.920634920634921,6.666666666666667,8.253968253968253,85.07936507936508,5.396825396825397,79.68253968253968
E00020433,302,89,44,45,213,16,197,29.47019867549669,14.56953642384106,14.90066225165563,70.52980132450331,5.298013245033113,65.23178807947019
E00020434,215,20,3,17,195,13,182,9.30232558139535,1.3953488372093024,7.906976744186046,90.69767441860465,6.046511627906977,84.65116279069768
E00020435,338,34,9,25,304,14,290,10.059171597633137,2.6627218934911245,7.396449704142012,89.94082840236686,4.142011834319527,85.79881656804734
E00020436,178,7,0,7,171,11,160,3.932584269662921,0,3.932584269662921,96.06741573033707,6.179775280898876,89.8876404494382
E00020437,294,22,4,18,272,24,248,7.482993197278912,1.3605442176870748,6.122448979591836,92.51700680272108,8.16326530612245,84.35374149659864
E00020438,224,22,1,21,202,16,186,9.821428571428571,0.4464285714285714,9.375,90.17857142857143,7.142857142857142,83.03571428571429
E00020439,383,78,37,41,305,16,289,20.365535248041773,9.660574412532636,10.704960835509137,79.63446475195822,4.177545691906006,75.45691906005221
E00020440,331,43,11,32,288,22,266,12.990936555891238,3.3232628398791544,9.667673716012084,87.00906344410876,6.646525679758309,80.36253776435045
E00020441,463,31,8,23,432,22,410,6.695464362850973,1.7278617710583155,4.967602591792657,93.30453563714903,4.751619870410368,88.55291576673866
E00020442,312,41,17,24,271,19,252,13.141025641025642,5.448717948717949,7.6923076923076925,86.85897435897436,6.089743589743589,80.76923076923077
E00020443,455,32,8,24,423,33,390,7.032967032967033,1.7582417582417582,5.274725274725275,92.96703296703296,7.252747252747254,85.71428571428571
E00020444,490,52,22,30,438,26,412,10.612244897959183,4.489795918367347,6.122448979591836,89.38775510204081,5.3061224489795915,84.08163265306122
E00020445,364,81,41,40,283,18,265,22.252747252747252,11.263736263736265,10.989010989010989,77.74725274725274,4.945054945054945,72.8021978021978
E00020447,388,78,32,46,310,19,291,20.103092783505154,8.24742268041237,11.855670103092782,79.89690721649485,4.896907216494846,75
E00020448,351,73,32,41,278,13,265,20.7977207977208,9.116809116809117,11.68091168091168,79.2022792022792,3.7037037037037033,75.49857549857549
E00020449,268,25,9,16,243,15,228,9.328358208955224,3.3582089552238807,5.970149253731343,90.67164179104478,5.597014925373134,85.07462686567165
E00020451,327,26,7,19,301,20,281,7.951070336391437,2.1406727828746175,5.81039755351682,92.04892966360856,6.116207951070336,85.93272171253822
E00020452,197,16,2,14,181,17,164,8.121827411167512,1.015228426395939,7.1065989847715745,91.87817258883248,8.629441624365482,83.24873096446701
E00020453,288,18,2,16,270,23,247,6.25,0.6944444444444444,5.555555555555555,93.75,7.986111111111111,85.76388888888889
E00020454,223,15,2,13,208,13,195,6.726457399103139,0.8968609865470852,5.829596412556054,93.27354260089686,5.829596412556054,87.4439461883408
E00020455,312,53,36,17,259,15,244,16.98717948717949,11.538461538461538,5.448717948717949,83.01282051282051,4.807692307692308,78.2051282051282
E00020457,337,43,16,27,294,31,263,12.759643916913946,4.747774480712167,8.011869436201781,87.24035608308606,9.198813056379821,78.04154302670622
E00020458,377,57,20,37,320,33,287,15.119363395225463,5.305039787798409,9.814323607427056,84.88063660477454,8.753315649867375,76.12732095490716
E00020459,430,89,39,50,341,19,322,20.69767441860465,9.069767441860465,11.627906976744185,79.30232558139535,4.4186046511627906,74.88372093023256
E00020460,315,64,31,33,251,12,239,20.317460317460316,9.841269841269842,10.476190476190476,79.68253968253968,3.8095238095238098,75.87301587301587
E00020461,355,44,22,22,311,23,288,12.394366197183098,6.197183098591549,6.197183098591549,87.60563380281691,6.478873239436619,81.12676056338029
E00020462,291,40,22,18,251,30,221,13.745704467353953,7.560137457044673,6.185567010309279,86.25429553264605,10.309278350515463,75.94501718213058
E00020463,425,82,39,43,343,25,318,19.294117647058822,9.176470588235293,10.117647058823529,80.70588235294117,5.88235294117647,74.82352941176471
E00020464,308,27,9,18,281,21,260,8.766233766233766,2.922077922077922,5.844155844155844,91.23376623376623,6.8181818181818175,84.4155844155844
E00020465,296,52,26,26,244,12,232,17.56756756756757,8.783783783783784,8.783783783783784,82.43243243243244,4.054054054054054,78.37837837837837
E00020466,310,42,16,26,268,21,247,13.548387096774196,5.161290322580645,8.38709677419355,86.45161290322581,6.774193548387098,79.6774193548387
E00020468,297,43,19,24,254,15,239,14.47811447811448,6.397306397306397,8.080808080808081,85.52188552188552,5.05050505050505,80.47138047138047
E00020469,291,33,12,21,258,27,231,11.34020618556701,4.123711340206185,7.216494845360824,88.65979381443299,9.278350515463918,79.38144329896907
E00020470,259,22,9,13,237,20,217,8.494208494208493,3.474903474903475,5.019305019305019,91.5057915057915,7.722007722007722,83.78378378378379
E00020471,295,40,22,18,255,28,227,13.559322033898304,7.457627118644068,6.101694915254238,86.4406779661017,9.491525423728813,76.94915254237287
E00020472,341,52,20,32,289,21,268,15.249266862170089,5.865102639296188,9.3841642228739,84.75073313782991,6.158357771260997,78.59237536656892
E00020473,565,90,44,46,475,28,447,15.929203539823009,7.787610619469026,8.141592920353983,84.070796460177,4.95575221238938,79.11504424778761
E00020474,448,76,30,46,372,16,356,16.964285714285715,6.696428571428571,10.267857142857142,83.03571428571429,3.571428571428571,79.46428571428571
E00020475,285,33,9,24,252,23,229,11.578947368421053,3.1578947368421053,8.421052631578947,88.42105263157895,8.070175438596491,80.35087719298247
E00020476,342,46,17,29,296,18,278,13.450292397660817,4.970760233918129,8.47953216374269,86.54970760233918,5.263157894736842,81.28654970760235
E00020478,425,67,28,39,358,21,337,15.764705882352942,6.588235294117648,9.176470588235293,84.23529411764706,4.941176470588235,79.29411764705883
E00020479,411,67,17,50,344,16,328,16.30170316301703,4.13625304136253,12.165450121654501,83.69829683698296,3.8929440389294405,79.80535279805353
E00020480,308,46,13,33,262,9,253,14.935064935064934,4.220779220779221,10.714285714285714,85.06493506493507,2.922077922077922,82.14285714285714
E00020481,403,60,19,41,343,26,317,14.888337468982629,4.714640198511166,10.173697270471465,85.11166253101737,6.451612903225806,78.66004962779157
E00020482,455,71,38,33,384,28,356,15.604395604395604,8.35164835164835,7.252747252747254,84.3956043956044,6.153846153846154,78.24175824175825
E00020483,300,27,7,20,273,27,246,9,2.3333333333333335,6.666666666666667,91,9,82
E00020484,344,46,13,33,298,26,272,13.372093023255813,3.77906976744186,9.593023255813954,86.62790697674419,7.55813953488372,79.06976744186046
E00020485,379,51,20,31,328,33,295,13.456464379947231,5.277044854881266,8.179419525065963,86.54353562005277,8.70712401055409,77.83641160949868
E00020487,402,83,31,52,319,31,288,20.64676616915423,7.711442786069651,12.935323383084576,79.35323383084577,7.711442786069651,71.64179104477611
E00020488,270,52,20,32,218,15,203,19.25925925925926,7.4074074074074066,11.851851851851853,80.74074074074075,5.555555555555555,75.18518518518519
E00020489,354,65,32,33,289,24,265,18.361581920903955,9.03954802259887,9.322033898305085,81.63841807909604,6.779661016949152,74.85875706214689
E00020490,331,44,16,28,287,16,271,13.293051359516618,4.833836858006042,8.459214501510575,86.70694864048339,4.833836858006042,81.87311178247734
E00020491,269,43,16,27,226,21,205,15.985130111524162,5.947955390334572,10.037174721189592,84.01486988847584,7.806691449814126,76.2081784386617
E00020492,267,51,26,25,216,9,207,19.101123595505616,9.737827715355806,9.363295880149813,80.89887640449437,3.3707865168539324,77.52808988764045
E00020493,385,62,23,39,323,23,300,16.103896103896105,5.974025974025974,10.129870129870131,83.8961038961039,5.974025974025974,77.92207792207793
E00020494,267,52,21,31,215,15,200,19.475655430711612,7.865168539325842,11.610486891385769,80.52434456928839,5.617977528089887,74.90636704119851
E00020495,258,42,21,21,216,17,199,16.27906976744186,8.13953488372093,8.13953488372093,83.72093023255815,6.5891472868217065,77.13178294573643
E00020496,287,43,19,24,244,19,225,14.982578397212542,6.620209059233449,8.362369337979095,85.01742160278745,6.620209059233449,78.397212543554
E00020497,240,55,28,27,185,7,178,22.916666666666664,11.666666666666666,11.25,77.08333333333334,2.9166666666666665,74.16666666666667
E00020498,298,24,10,14,274,22,252,8.053691275167784,3.3557046979865772,4.697986577181208,91.94630872483222,7.38255033557047,84.56375838926175
E00020499,295,28,10,18,267,17,250,9.491525423728813,3.389830508474576,6.101694915254238,90.5084745762712,5.762711864406779,84.7457627118644
E00020500,299,27,5,22,272,32,240,9.03010033444816,1.6722408026755853,7.357859531772576,90.96989966555184,10.702341137123746,80.2675585284281
E00020501,367,26,10,16,341,32,309,7.084468664850137,2.7247956403269753,4.35967302452316,92.91553133514986,8.71934604904632,84.19618528610354
E00020502,342,32,14,18,310,25,285,9.35672514619883,4.093567251461988,5.263157894736842,90.64327485380117,7.309941520467836,83.33333333333334
E00020503,336,44,14,30,292,32,260,13.095238095238097,4.166666666666666,8.928571428571429,86.90476190476191,9.523809523809524,77.38095238095238
E00020504,306,46,11,35,260,23,237,15.032679738562091,3.594771241830065,11.437908496732026,84.9673202614379,7.516339869281046,77.45098039215686
E00020505,482,102,50,52,380,32,348,21.16182572614108,10.37344398340249,10.78838174273859,78.83817427385893,6.639004149377594,72.19917012448133
E00020506,422,45,12,33,377,26,351,10.66350710900474,2.843601895734597,7.819905213270142,89.33649289099526,6.161137440758294,83.17535545023696
E00020507,408,44,16,28,364,34,330,10.784313725490197,3.9215686274509802,6.862745098039216,89.2156862745098,8.333333333333332,80.88235294117648
E00020508,258,40,20,20,218,19,199,15.503875968992247,7.751937984496124,7.751937984496124,84.49612403100775,7.3643410852713185,77.13178294573643
E00020509,269,35,23,12,234,23,211,13.011152416356877,8.550185873605948,4.4609665427509295,86.98884758364312,8.550185873605948,78.43866171003717
E00020510,328,38,13,25,290,23,267,11.585365853658537,3.9634146341463414,7.621951219512195,88.41463414634147,7.01219512195122,81.40243902439023
E00020511,270,59,27,32,211,21,190,21.85185185185185,10,11.851851851851853,78.14814814814814,7.777777777777778,70.37037037037037
E00020512,297,43,15,28,254,25,229,14.47811447811448,5.05050505050505,9.427609427609427,85.52188552188552,8.417508417508419,77.10437710437711
E00020513,392,37,9,28,355,30,325,9.438775510204081,2.295918367346939,7.142857142857142,90.56122448979592,7.653061224489796,82.90816326530613
E00020514,396,28,6,22,368,32,336,7.07070707070707,1.5151515151515151,5.555555555555555,92.92929292929293,8.080808080808081,84.84848484848484
E00020515,362,27,4,23,335,25,310,7.458563535911603,1.1049723756906076,6.353591160220995,92.5414364640884,6.906077348066299,85.6353591160221
E00020516,330,25,9,16,305,21,284,7.575757575757576,2.727272727272727,4.848484848484849,92.42424242424242,6.363636363636363,86.06060606060606
E00020517,412,38,11,27,374,30,344,9.223300970873787,2.669902912621359,6.553398058252427,90.77669902912622,7.281553398058252,83.49514563106796
E00020518,459,53,14,39,406,46,360,11.546840958605664,3.0501089324618738,8.49673202614379,88.45315904139433,10.021786492374728,78.43137254901961
E00020519,317,48,18,30,269,21,248,15.141955835962145,5.678233438485805,9.46372239747634,84.85804416403786,6.624605678233439,78.23343848580441
E00020520,418,60,27,33,358,25,333,14.354066985645932,6.4593301435406705,7.894736842105263,85.64593301435407,5.980861244019139,79.66507177033493
E00020521,325,32,9,23,293,33,260,9.846153846153847,2.769230769230769,7.076923076923077,90.15384615384615,10.153846153846153,80
E00020522,345,37,12,25,308,20,288,10.72463768115942,3.4782608695652173,7.246376811594203,89.27536231884058,5.797101449275362,83.47826086956522
E00020523,341,61,25,36,280,26,254,17.888563049853374,7.331378299120235,10.557184750733137,82.11143695014663,7.624633431085044,74.48680351906158
E00020524,518,43,10,33,475,30,445,8.301158301158301,1.9305019305019304,6.370656370656371,91.6988416988417,5.7915057915057915,85.9073359073359
E00020525,316,22,5,17,294,28,266,6.962025316455696,1.5822784810126582,5.379746835443038,93.0379746835443,8.860759493670885,84.17721518987342
E00020526,362,38,8,30,324,23,301,10.497237569060774,2.209944751381215,8.287292817679557,89.50276243093923,6.353591160220995,83.14917127071824
E00020527,350,41,12,29,309,29,280,11.714285714285715,3.428571428571429,8.285714285714285,88.28571428571429,8.285714285714285,80
E00020528,392,36,6,30,356,33,323,9.183673469387756,1.530612244897959,7.653061224489796,90.81632653061224,8.418367346938775,82.39795918367348
E00020529,386,47,15,32,339,28,311,12.176165803108809,3.8860103626943006,8.290155440414509,87.8238341968912,7.253886010362693,80.56994818652849
E00020530,366,38,10,28,328,35,293,10.382513661202186,2.73224043715847,7.650273224043716,89.61748633879782,9.562841530054644,80.05464480874316
E00165808,293,53,23,30,240,17,223,18.088737201365188,7.849829351535837,10.238907849829351,81.91126279863481,5.802047781569966,76.10921501706484
E00165809,381,54,23,31,327,19,308,14.173228346456693,6.036745406824147,8.136482939632545,85.8267716535433,4.986876640419948,80.83989501312337
E00166629,287,16,1,15,271,28,243,5.574912891986063,0.34843205574912894,5.2264808362369335,94.42508710801394,9.75609756097561,84.66898954703834
E00166630,527,44,8,36,483,37,446,8.349146110056926,1.5180265654648957,6.83111954459203,91.65085388994308,7.020872865275142,84.62998102466793
E00166632,503,41,7,34,462,26,436,8.151093439363818,1.3916500994035785,6.759443339960239,91.84890656063618,5.168986083499006,86.67992047713717
E00166633,474,53,10,43,421,49,372,11.181434599156118,2.109704641350211,9.071729957805907,88.81856540084388,10.337552742616033,78.48101265822784
E00166635,157,8,2,6,149,10,139,5.095541401273886,1.2738853503184715,3.821656050955414,94.90445859872611,6.369426751592357,88.53503184713377
E00166638,267,35,10,25,232,16,216,13.108614232209737,3.7453183520599254,9.363295880149813,86.89138576779027,5.992509363295881,80.89887640449437
E00166640,169,22,15,7,147,13,134,13.017751479289942,8.875739644970414,4.142011834319527,86.98224852071006,7.6923076923076925,79.28994082840237
E00166641,203,19,2,17,184,15,169,9.35960591133005,0.9852216748768473,8.374384236453201,90.64039408866995,7.389162561576355,83.2512315270936
E00167477,190,13,1,12,177,14,163,6.842105263157896,0.5263157894736842,6.315789473684211,93.15789473684211,7.368421052631578,85.78947368421052
E00167478,499,80,19,61,419,30,389,16.03206412825651,3.807615230460922,12.224448897795591,83.96793587174348,6.012024048096192,77.9559118236473
E00167479,182,7,0,7,175,16,159,3.8461538461538463,0,3.8461538461538463,96.15384615384616,8.791208791208792,87.36263736263736
E00167480,311,30,7,23,281,28,253,9.646302250803858,2.2508038585209005,7.395498392282958,90.35369774919614,9.003215434083602,81.35048231511254
E00167481,220,25,11,14,195,15,180,11.363636363636363,5,6.363636363636363,88.63636363636364,6.8181818181818175,81.81818181818183
E00167482,551,92,21,71,459,31,428,16.696914700544465,3.8112522686025407,12.885662431941924,83.30308529945553,5.626134301270418,77.6769509981851
E00167483,275,17,1,16,258,30,228,6.181818181818182,0.36363636363636365,5.818181818181818,93.81818181818183,10.909090909090908,82.9090909090909
E00167485,170,11,2,9,159,13,146,6.470588235294119,1.1764705882352942,5.294117647058823,93.52941176470588,7.647058823529412,85.88235294117646
E00167487,287,20,10,10,267,11,256,6.968641114982578,3.484320557491289,3.484320557491289,93.03135888501743,3.8327526132404177,89.19860627177701
E00167488,477,38,10,28,439,25,414,7.966457023060797,2.0964360587002098,5.870020964360587,92.0335429769392,5.2410901467505235,86.79245283018868
E00167489,264,17,1,16,247,22,225,6.4393939393939394,0.3787878787878788,6.0606060606060606,93.56060606060606,8.333333333333332,85.22727272727273
E00167490,341,32,12,20,309,30,279,9.3841642228739,3.519061583577713,5.865102639296188,90.6158357771261,8.797653958944283,81.81818181818183
E00167491,407,40,12,28,367,26,341,9.828009828009828,2.9484029484029484,6.87960687960688,90.17199017199017,6.388206388206388,83.78378378378379
E00167492,162,19,1,18,143,14,129,11.728395061728394,0.6172839506172839,11.11111111111111,88.27160493827161,8.641975308641975,79.62962962962963
E00167494,277,35,16,19,242,24,218,12.63537906137184,5.776173285198556,6.859205776173286,87.36462093862815,8.664259927797833,78.70036101083032
E00167496,110,9,3,6,101,15,86,8.181818181818182,2.727272727272727,5.454545454545454,91.81818181818183,13.636363636363635,78.18181818181819
E00167497,329,31,8,23,298,23,275,9.422492401215806,2.43161094224924,6.990881458966565,90.5775075987842,6.990881458966565,83.58662613981764
E00167502,164,23,13,10,141,12,129,14.02439024390244,7.926829268292683,6.097560975609756,85.97560975609755,7.317073170731707,78.65853658536585
E00167503,140,37,17,20,103,6,97,26.42857142857143,12.142857142857142,14.285714285714285,73.57142857142858,4.285714285714286,69.28571428571428
E00167505,263,21,7,14,242,15,227,7.984790874524715,2.6615969581749046,5.323193916349809,92.01520912547528,5.7034220532319395,86.31178707224335
E00167506,217,14,6,8,203,9,194,6.451612903225806,2.7649769585253456,3.686635944700461,93.54838709677419,4.147465437788019,89.40092165898618
E00167508,229,15,1,14,214,19,195,6.550218340611353,0.43668122270742354,6.11353711790393,93.44978165938865,8.296943231441048,85.1528384279476
E00167510,193,20,7,13,173,11,162,10.362694300518134,3.6269430051813467,6.7357512953367875,89.63730569948186,5.699481865284974,83.93782383419689
E00167511,305,44,27,17,261,13,248,14.426229508196723,8.852459016393443,5.573770491803279,85.57377049180329,4.2622950819672125,81.31147540983606
E00167513,253,22,8,14,231,21,210,8.695652173913043,3.1620553359683794,5.533596837944664,91.30434782608695,8.300395256916996,83.00395256916995
E00167514,186,24,7,17,162,15,147,12.903225806451612,3.763440860215054,9.13978494623656,87.09677419354838,8.064516129032258,79.03225806451613
E00167516,244,37,20,17,207,19,188,15.163934426229508,8.19672131147541,6.967213114754098,84.8360655737705,7.786885245901639,77.04918032786885
E00167517,244,30,16,14,214,11,203,12.295081967213115,6.557377049180328,5.737704918032787,87.70491803278688,4.508196721311475,83.19672131147541
E00167519,185,24,5,19,161,20,141,12.972972972972974,2.7027027027027026,10.27027027027027,87.02702702702703,10.81081081081081,76.21621621621621
E00167678,152,7,2,5,145,7,138,4.605263157894736,1.3157894736842104,3.289473684210526,95.39473684210526,4.605263157894736,90.78947368421053
E00167679,188,17,3,14,171,15,156,9.042553191489363,1.5957446808510638,7.446808510638298,90.95744680851064,7.9787234042553195,82.97872340425532
E00167681,126,9,0,9,117,15,102,7.142857142857142,0,7.142857142857142,92.85714285714286,11.904761904761903,80.95238095238095
E00167682,284,26,8,18,258,14,244,9.15492957746479,2.8169014084507045,6.338028169014084,90.84507042253522,4.929577464788732,85.91549295774648
E00167684,290,46,22,24,244,11,233,15.862068965517242,7.586206896551724,8.275862068965518,84.13793103448276,3.793103448275862,80.3448275862069
E00167685,271,18,10,8,253,8,245,6.642066420664207,3.6900369003690034,2.952029520295203,93.35793357933579,2.952029520295203,90.40590405904058
E00167687,329,29,9,20,300,22,278,8.814589665653495,2.735562310030395,6.079027355623101,91.1854103343465,6.68693009118541,84.49848024316108
E00167688,123,7,1,6,116,12,104,5.691056910569105,0.8130081300813009,4.878048780487805,94.3089430894309,9.75609756097561,84.5528455284553
E00167751,162,11,2,9,151,12,139,6.790123456790123,1.2345679012345678,5.555555555555555,93.20987654320987,7.4074074074074066,85.80246913580247
E00167752,237,49,27,22,188,10,178,20.675105485232066,11.39240506329114,9.282700421940929,79.32489451476793,4.219409282700422,75.10548523206751
E00167754,197,22,10,12,175,18,157,11.16751269035533,5.0761421319796955,6.091370558375635,88.83248730964468,9.137055837563452,79.69543147208121
E00167755,238,61,29,32,177,15,162,25.630252100840334,12.184873949579831,13.445378151260504,74.36974789915966,6.302521008403361,68.0672268907563
E00167758,237,23,10,13,214,11,203,9.70464135021097,4.219409282700422,5.485232067510549,90.29535864978902,4.641350210970464,85.65400843881856
E00167762,289,49,22,27,240,17,223,16.955017301038062,7.612456747404845,9.342560553633218,83.04498269896193,5.88235294117647,77.16262975778547
E00167765,298,43,21,22,255,9,246,14.429530201342283,7.046979865771812,7.38255033557047,85.57046979865773,3.0201342281879198,82.5503355704698
E00167766,293,54,29,25,239,14,225,18.43003412969283,9.897610921501707,8.532423208191126,81.56996587030717,4.778156996587031,76.79180887372013
E00167975,505,57,21,36,448,29,419,11.287128712871288,4.1584158415841586,7.128712871287128,88.71287128712872,5.742574257425743,82.97029702970296
E00167976,353,34,10,24,319,29,290,9.631728045325778,2.8328611898017,6.79886685552408,90.36827195467421,8.21529745042493,82.15297450424929
E00167978,147,11,1,10,136,11,125,7.482993197278912,0.6802721088435374,6.802721088435375,92.51700680272108,7.482993197278912,85.03401360544217
E00167982,181,4,0,4,177,12,165,2.209944751381215,0,2.209944751381215,97.79005524861878,6.629834254143646,91.16022099447514
E00167984,404,57,27,30,347,33,314,14.108910891089108,6.683168316831684,7.425742574257425,85.89108910891089,8.16831683168317,77.72277227722772
E00167987,452,39,13,26,413,32,381,8.628318584070795,2.8761061946902653,5.752212389380531,91.3716814159292,7.079646017699115,84.2920353982301
E00167989,284,23,7,16,261,16,245,8.098591549295776,2.464788732394366,5.633802816901409,91.90140845070422,5.633802816901409,86.26760563380282
E00167990,315,44,19,25,271,19,252,13.968253968253968,6.031746031746032,7.936507936507936,86.03174603174604,6.031746031746032,80
E00167993,196,14,1,13,182,15,167,7.142857142857142,0.5102040816326531,6.63265306122449,92.85714285714286,7.653061224489796,85.20408163265306
E00167995,442,24,4,20,418,38,380,5.429864253393665,0.904977375565611,4.524886877828054,94.57013574660633,8.597285067873303,85.97285067873304
E00167996,252,60,38,22,192,15,177,23.809523809523807,15.079365079365079,8.73015873015873,76.19047619047619,5.952380952380952,70.23809523809523
E00167998,1025,143,48,95,882,78,804,13.951219512195124,4.682926829268292,9.268292682926829,86.04878048780488,7.609756097560975,78.4390243902439
E00167999,193,35,16,19,158,13,145,18.134715025906736,8.290155440414509,9.844559585492227,81.86528497409327,6.7357512953367875,75.12953367875647
E00168003,219,54,20,34,165,12,153,24.65753424657534,9.1324200913242,15.52511415525114,75.34246575342466,5.47945205479452,69.86301369863014
E00168004,253,47,18,29,206,9,197,18.57707509881423,7.114624505928854,11.462450592885375,81.42292490118577,3.557312252964427,77.86561264822134
E00168006,292,49,19,30,243,21,222,16.78082191780822,6.506849315068493,10.273972602739725,83.21917808219177,7.191780821917808,76.02739726027397
E00168007,485,73,37,36,412,34,378,15.051546391752577,7.628865979381444,7.422680412371134,84.94845360824742,7.010309278350515,77.93814432989691
E00168009,353,57,25,32,296,16,280,16.147308781869686,7.0821529745042495,9.06515580736544,83.85269121813032,4.53257790368272,79.3201133144476
E00168013,262,12,2,10,250,5,245,4.580152671755725,0.7633587786259541,3.816793893129771,95.41984732824427,1.9083969465648856,93.51145038167938
E00168017,266,46,28,18,220,10,210,17.293233082706767,10.526315789473683,6.7669172932330826,82.70676691729322,3.7593984962406015,78.94736842105263
E00168018,269,39,21,18,230,9,221,14.49814126394052,7.806691449814126,6.691449814126393,85.50185873605948,3.3457249070631967,82.15613382899627
E00168020,110,15,6,9,95,9,86,13.636363636363635,5.454545454545454,8.181818181818182,86.36363636363636,8.181818181818182,78.18181818181819
E00168021,106,12,5,7,94,11,83,11.320754716981133,4.716981132075472,6.60377358490566,88.67924528301887,10.377358490566039,78.30188679245283
E00168023,263,19,8,11,244,12,232,7.224334600760455,3.041825095057034,4.182509505703422,92.77566539923954,4.562737642585551,88.212927756654
E00168024,298,91,73,18,207,15,192,30.536912751677853,24.496644295302016,6.0402684563758395,69.46308724832215,5.033557046979865,64.42953020134227
E00168026,176,11,2,9,165,23,142,6.25,1.1363636363636365,5.113636363636364,93.75,13.068181818181818,80.68181818181817
E00168027,208,11,1,10,197,16,181,5.288461538461538,0.4807692307692308,4.807692307692308,94.71153846153845,7.6923076923076925,87.01923076923077
E00168029,282,13,1,12,269,26,243,4.609929078014184,0.3546099290780142,4.25531914893617,95.39007092198581,9.219858156028367,86.17021276595744
E00168080,166,27,0,27,139,13,126,16.265060240963855,0,16.265060240963855,83.73493975903614,7.83132530120482,75.90361445783132
E00168082,135,15,2,13,120,9,111,11.11111111111111,1.4814814814814816,9.62962962962963,88.88888888888889,6.666666666666667,82.22222222222221
E00177481,620,58,7,51,562,46,516,9.35483870967742,1.129032258064516,8.225806451612904,90.64516129032259,7.419354838709677,83.22580645161291
E00177487,327,42,21,21,285,16,269,12.844036697247708,6.422018348623854,6.422018348623854,87.1559633027523,4.892966360856269,82.26299694189603
E00177488,450,56,18,38,394,34,360,12.444444444444445,4,8.444444444444445,87.55555555555556,7.555555555555555,80
E00177490,128,20,10,10,108,3,105,15.625,7.8125,7.8125,84.375,2.34375,82.03125
E00177491,359,58,26,32,301,13,288,16.15598885793872,7.242339832869081,8.913649025069638,83.84401114206128,3.6211699164345403,80.22284122562674
E00177492,623,69,31,38,554,17,537,11.075441412520064,4.975922953451043,6.099518459069021,88.92455858747994,2.7287319422150884,86.19582664526484
E00177493,319,37,12,25,282,17,265,11.598746081504702,3.761755485893417,7.836990595611286,88.40125391849529,5.329153605015674,83.07210031347962
E00177497,336,57,34,23,279,26,253,16.964285714285715,10.119047619047619,6.845238095238096,83.03571428571429,7.738095238095238,75.29761904761905
E00177498,291,42,27,15,249,17,232,14.432989690721648,9.278350515463918,5.154639175257731,85.56701030927834,5.841924398625429,79.72508591065292
E00177499,346,84,49,35,262,13,249,24.277456647398843,14.16184971098266,10.115606936416185,75.72254335260115,3.7572254335260116,71.96531791907515
E00177500,373,54,31,23,319,17,302,14.47721179624665,8.310991957104557,6.166219839142091,85.52278820375335,4.557640750670242,80.9651474530831
E00177506,247,27,7,20,220,20,200,10.931174089068826,2.834008097165992,8.097165991902834,89.06882591093117,8.097165991902834,80.97165991902834
E00177507,171,19,8,11,152,12,140,11.11111111111111,4.678362573099415,6.432748538011696,88.88888888888889,7.017543859649122,81.87134502923976
E00177508,120,10,1,9,110,8,102,8.333333333333332,0.8333333333333334,7.5,91.66666666666666,6.666666666666667,85
E00177510,577,40,12,28,537,34,503,6.932409012131716,2.079722703639515,4.852686308492201,93.06759098786829,5.892547660311958,87.17504332755632
E00177512,177,21,2,19,156,4,152,11.864406779661017,1.1299435028248588,10.734463276836157,88.13559322033898,2.2598870056497176,85.87570621468926
E00177513,157,18,6,12,139,10,129,11.464968152866243,3.821656050955414,7.643312101910828,88.53503184713377,6.369426751592357,82.16560509554141
E00177517,492,50,22,28,442,23,419,10.16260162601626,4.471544715447155,5.691056910569105,89.83739837398373,4.67479674796748,85.16260162601627
E00177519,370,34,11,23,336,15,321,9.18918918918919,2.9729729729729732,6.216216216216217,90.81081081081082,4.054054054054054,86.75675675675676
E00177520,108,11,1,10,97,8,89,10.185185185185185,0.9259259259259258,9.25925925925926,89.81481481481481,7.4074074074074066,82.4074074074074
E00177521,545,40,7,33,505,33,472,7.339449541284404,1.2844036697247707,6.055045871559633,92.66055045871559,6.055045871559633,86.60550458715596
E00177523,370,76,44,32,294,5,289,20.54054054054054,11.891891891891893,8.64864864864865,79.45945945945945,1.3513513513513513,78.10810810810811
E00177524,390,78,36,42,312,18,294,20,9.230769230769232,10.76923076923077,80,4.615384615384616,75.38461538461539
E00177526,279,17,2,15,262,15,247,6.093189964157706,0.7168458781362007,5.376344086021505,93.9068100358423,5.376344086021505,88.5304659498208
E00177527,268,27,3,24,241,29,212,10.074626865671641,1.1194029850746268,8.955223880597014,89.92537313432835,10.820895522388058,79.1044776119403
E00177528,563,36,21,15,527,13,514,6.394316163410302,3.7300177619893424,2.664298401420959,93.60568383658969,2.3090586145648313,91.29662522202486
E00177531,241,23,5,18,218,6,212,9.54356846473029,2.0746887966804977,7.468879668049793,90.45643153526972,2.4896265560165975,87.96680497925311
E00177532,477,53,26,27,424,22,402,11.11111111111111,5.450733752620545,5.660377358490567,88.88888888888889,4.612159329140461,84.27672955974843
E00177535,260,10,2,8,250,12,238,3.8461538461538463,0.7692307692307693,3.076923076923077,96.15384615384616,4.615384615384616,91.53846153846153
E00177537,135,18,9,9,117,7,110,13.333333333333334,6.666666666666667,6.666666666666667,86.66666666666667,5.185185185185185,81.48148148148148
E00177538,207,41,16,25,166,17,149,19.806763285024154,7.729468599033816,12.077294685990339,80.19323671497585,8.212560386473431,71.98067632850241
E00177539,404,32,12,20,372,21,351,7.920792079207921,2.9702970297029703,4.9504950495049505,92.07920792079209,5.198019801980198,86.88118811881188
E00177540,183,20,6,14,163,6,157,10.92896174863388,3.278688524590164,7.650273224043716,89.07103825136612,3.278688524590164,85.79234972677595
E00177542,226,22,10,12,204,9,195,9.734513274336283,4.424778761061947,5.3097345132743365,90.2654867256637,3.982300884955752,86.28318584070797
E00177543,490,62,28,34,428,34,394,12.653061224489795,5.714285714285714,6.938775510204081,87.34693877551021,6.938775510204081,80.40816326530611
E00177544,187,22,8,14,165,5,160,11.76470588235294,4.27807486631016,7.4866310160427805,88.23529411764706,2.6737967914438503,85.56149732620321
E00177545,401,34,15,19,367,10,357,8.478802992518704,3.7406483790523692,4.738154613466334,91.52119700748129,2.493765586034913,89.02743142144638
E00177546,257,14,1,13,243,17,226,5.447470817120623,0.38910505836575876,5.058365758754864,94.55252918287937,6.614785992217899,87.93774319066148
E00177548,130,9,4,5,121,12,109,6.923076923076923,3.076923076923077,3.8461538461538463,93.07692307692308,9.230769230769232,83.84615384615385
E00177549,147,16,5,11,131,9,122,10.884353741496598,3.4013605442176873,7.482993197278912,89.1156462585034,6.122448979591836,82.99319727891157
E00177550,539,86,27,59,453,16,437,15.955473098330241,5.009276437847866,10.946196660482375,84.04452690166976,2.9684601113172544,81.07606679035251
E00177551,392,66,24,42,326,23,303,16.83673469387755,6.122448979591836,10.714285714285714,83.16326530612244,5.86734693877551,77.29591836734694
E00177553,453,31,14,17,422,10,412,6.843267108167771,3.090507726269316,3.7527593818984544,93.15673289183223,2.207505518763797,90.94922737306842
E00177554,172,6,0,6,166,10,156,3.488372093023256,0,3.488372093023256,96.51162790697676,5.813953488372093,90.69767441860465
E00177558,168,11,3,8,157,11,146,6.547619047619048,1.7857142857142856,4.761904761904762,93.45238095238095,6.547619047619048,86.90476190476191
E00177559,249,10,0,10,239,23,216,4.016064257028113,0,4.016064257028113,95.98393574297188,9.236947791164658,86.74698795180723
E00177560,443,51,22,29,392,18,374,11.512415349887133,4.966139954853273,6.5462753950338595,88.48758465011286,4.063205417607223,84.42437923250564
E00177561,233,38,17,21,195,12,183,16.30901287553648,7.296137339055794,9.012875536480687,83.69098712446352,5.150214592274678,78.54077253218884
E00177566,132,9,1,8,123,4,119,6.8181818181818175,0.7575757575757576,6.0606060606060606,93.18181818181817,3.0303030303030303,90.15151515151516
E00177567,226,21,11,10,205,12,193,9.29203539823009,4.867256637168142,4.424778761061947,90.7079646017699,5.3097345132743365,85.39823008849558
E00177568,278,25,4,21,253,22,231,8.992805755395683,1.4388489208633095,7.553956834532374,91.00719424460432,7.913669064748201,83.09352517985612
E00177570,162,11,1,10,151,8,143,6.790123456790123,0.6172839506172839,6.172839506172839,93.20987654320987,4.938271604938271,88.27160493827161
E00177571,222,17,7,10,205,20,185,7.657657657657657,3.153153153153153,4.504504504504505,92.34234234234235,9.00900900900901,83.33333333333334
E00177574,294,24,7,17,270,14,256,8.16326530612245,2.380952380952381,5.782312925170068,91.83673469387756,4.761904761904762,87.07482993197279
E00177575,391,60,21,39,331,14,317,15.34526854219949,5.3708439897698215,9.974424552429667,84.65473145780051,3.580562659846547,81.07416879795396
E00177576,106,12,8,4,94,3,91,11.320754716981133,7.547169811320755,3.7735849056603774,88.67924528301887,2.8301886792452833,85.84905660377359
E00177578,196,38,16,22,158,8,150,19.387755102040817,8.16326530612245,11.224489795918368,80.61224489795919,4.081632653061225,76.53061224489795
E00177579,120,31,13,18,89,9,80,25.833333333333336,10.833333333333334,15,74.16666666666667,7.5,66.66666666666666
E00177580,610,58,26,32,552,35,517,9.508196721311474,4.2622950819672125,5.245901639344262,90.49180327868852,5.737704918032787,84.75409836065573
E00177581,329,31,10,21,298,23,275,9.422492401215806,3.0395136778115504,6.382978723404255,90.5775075987842,6.990881458966565,83.58662613981764
E00177583,197,12,6,6,185,15,170,6.091370558375635,3.0456852791878175,3.0456852791878175,93.90862944162437,7.614213197969544,86.29441624365482
E00177584,256,38,7,31,218,23,195,14.84375,2.734375,12.109375,85.15625,8.984375,76.171875
E00177586,472,67,34,33,405,11,394,14.194915254237289,7.203389830508475,6.991525423728813,85.80508474576271,2.330508474576271,83.47457627118644
E00177588,405,14,1,13,391,19,372,3.45679012345679,0.24691358024691357,3.2098765432098766,96.54320987654322,4.691358024691358,91.85185185185185
E00177589,257,52,28,24,205,12,193,20.233463035019454,10.894941634241246,9.33852140077821,79.76653696498055,4.669260700389105,75.09727626459144
E00177590,268,53,34,19,215,7,208,19.776119402985074,12.686567164179104,7.08955223880597,80.22388059701493,2.6119402985074625,77.61194029850746
E00177593,144,17,5,12,127,14,113,11.805555555555555,3.4722222222222223,8.333333333333332,88.19444444444444,9.722222222222223,78.47222222222221
E00177594,392,51,15,36,341,24,317,13.010204081632654,3.826530612244898,9.183673469387756,86.98979591836735,6.122448979591836,80.86734693877551
E00177595,309,28,17,11,281,15,266,9.06148867313916,5.501618122977346,3.559870550161812,90.93851132686083,4.854368932038835,86.08414239482201
E00177597,304,25,9,16,279,20,259,8.223684210526317,2.9605263157894735,5.263157894736842,91.77631578947368,6.578947368421052,85.19736842105263
E00177598,390,47,20,27,343,16,327,12.051282051282051,5.128205128205128,6.923076923076923,87.94871794871794,4.102564102564102,83.84615384615385
E00177600,266,7,1,6,259,9,250,2.631578947368421,0.37593984962406013,2.2556390977443606,97.36842105263158,3.3834586466165413,93.98496240601504
E00177602,153,13,3,10,140,7,133,8.49673202614379,1.9607843137254901,6.535947712418301,91.50326797385621,4.57516339869281,86.9281045751634
E00177603,215,16,9,7,199,10,189,7.441860465116279,4.186046511627907,3.255813953488372,92.55813953488372,4.651162790697675,87.90697674418605
E00177604,235,14,2,12,221,11,210,5.957446808510639,0.851063829787234,5.106382978723404,94.04255319148936,4.680851063829787,89.36170212765957
E00177605,210,11,3,8,199,12,187,5.238095238095238,1.4285714285714286,3.8095238095238098,94.76190476190476,5.714285714285714,89.04761904761904
E00177606,243,19,6,13,224,17,207,7.818930041152264,2.4691358024691357,5.349794238683128,92.18106995884774,6.995884773662551,85.18518518518519
E00177607,216,21,5,16,195,15,180,9.722222222222223,2.314814814814815,7.4074074074074066,90.27777777777779,6.944444444444445,83.33333333333334
E00177610,208,27,8,19,181,7,174,12.980769230769232,3.8461538461538463,9.134615384615383,87.01923076923077,3.3653846153846154,83.65384615384616
E00177613,145,16,6,10,129,7,122,11.03448275862069,4.137931034482759,6.896551724137931,88.96551724137932,4.827586206896552,84.13793103448276
E00177614,138,27,11,16,111,5,106,19.565217391304348,7.971014492753622,11.594202898550725,80.43478260869566,3.6231884057971016,76.81159420289855
E00177616,212,9,0,9,203,9,194,4.245283018867925,0,4.245283018867925,95.75471698113208,4.245283018867925,91.50943396226415
E00177617,162,24,12,12,138,3,135,14.814814814814813,7.4074074074074066,7.4074074074074066,85.18518518518519,1.8518518518518516,83.33333333333334
E00177618,152,6,0,6,146,8,138,3.9473684210526314,0,3.9473684210526314,96.05263157894737,5.263157894736842,90.78947368421053
E00177622,405,17,1,16,388,34,354,4.197530864197531,0.24691358024691357,3.950617283950617,95.80246913580247,8.395061728395062,87.4074074074074
E00177623,332,60,18,42,272,14,258,18.072289156626507,5.421686746987952,12.650602409638553,81.92771084337349,4.216867469879518,77.71084337349397
E00177624,117,8,0,8,109,8,101,6.837606837606838,0,6.837606837606838,93.16239316239316,6.837606837606838,86.32478632478633
E00177625,248,33,10,23,215,14,201,13.306451612903224,4.032258064516129,9.274193548387096,86.69354838709677,5.64516129032258,81.04838709677419
E00177630,117,21,8,13,96,4,92,17.94871794871795,6.837606837606838,11.11111111111111,82.05128205128204,3.418803418803419,78.63247863247864
E00177632,333,38,16,22,295,16,279,11.411411411411411,4.804804804804805,6.606606606606606,88.58858858858859,4.804804804804805,83.78378378378379
E00177633,155,27,9,18,128,13,115,17.419354838709676,5.806451612903226,11.612903225806452,82.58064516129032,8.38709677419355,74.19354838709677
E00177635,421,51,21,30,370,22,348,12.114014251781473,4.98812351543943,7.1258907363420425,87.88598574821853,5.225653206650831,82.6603325415677
E00177636,307,54,24,30,253,8,245,17.58957654723127,7.81758957654723,9.77198697068404,82.41042345276874,2.6058631921824107,79.80456026058633
E00177637,105,7,3,4,98,7,91,6.666666666666667,2.857142857142857,3.8095238095238098,93.33333333333333,6.666666666666667,86.66666666666667
E00177639,304,19,6,13,285,14,271,6.25,1.9736842105263157,4.276315789473684,93.75,4.605263157894736,89.14473684210526
E00177640,100,12,3,9,88,6,82,12,3,9,88,6,82
E00177642,303,20,6,14,283,30,253,6.6006600660066,1.9801980198019802,4.62046204620462,93.3993399339934,9.900990099009901,83.4983498349835
E00177643,459,41,16,25,418,40,378,8.932461873638346,3.485838779956427,5.446623093681917,91.06753812636165,8.714596949891067,82.35294117647058
E00177644,433,46,23,23,387,15,372,10.623556581986143,5.311778290993072,5.311778290993072,89.37644341801386,3.4642032332563506,85.91224018475751
E00177645,284,37,16,21,247,16,231,13.028169014084506,5.633802816901409,7.394366197183098,86.97183098591549,5.633802816901409,81.33802816901408
E00177647,189,32,14,18,157,14,143,16.93121693121693,7.4074074074074066,9.523809523809524,83.06878306878306,7.4074074074074066,75.66137566137566
E00177651,198,18,5,13,180,13,167,9.090909090909092,2.525252525252525,6.565656565656567,90.9090909090909,6.565656565656567,84.34343434343434
E00177652,289,40,16,24,249,21,228,13.84083044982699,5.536332179930796,8.304498269896193,86.159169550173,7.26643598615917,78.89273356401384
E00177653,374,26,8,18,348,22,326,6.951871657754011,2.13903743315508,4.81283422459893,93.04812834224599,5.88235294117647,87.16577540106952
E00177656,126,19,8,11,107,7,100,15.079365079365079,6.349206349206349,8.73015873015873,84.92063492063492,5.555555555555555,79.36507936507937
E00177658,469,51,15,36,418,32,386,10.874200426439232,3.1982942430703627,7.675906183368871,89.12579957356077,6.823027718550106,82.30277185501066
E00177659,353,18,1,17,335,25,310,5.099150141643059,0.28328611898017,4.815864022662889,94.90084985835693,7.0821529745042495,87.81869688385268
E00177661,102,5,1,4,97,6,91,4.901960784313726,0.9803921568627451,3.9215686274509802,95.09803921568627,5.88235294117647,89.2156862745098
E00177662,490,69,29,40,421,37,384,14.081632653061224,5.918367346938775,8.16326530612245,85.91836734693878,7.551020408163265,78.36734693877551
E00177664,412,107,51,56,305,22,283,25.970873786407765,12.37864077669903,13.592233009708737,74.02912621359224,5.339805825242718,68.68932038834951
E00177665,439,48,17,31,391,39,352,10.933940774487471,3.8724373576309796,7.061503416856492,89.06605922551253,8.88382687927107,80.18223234624145
E00177666,334,32,12,20,302,9,293,9.580838323353294,3.592814371257485,5.9880239520958085,90.41916167664671,2.694610778443114,87.72455089820359
E00177669,116,5,0,5,111,2,109,4.310344827586207,0,4.310344827586207,95.6896551724138,1.7241379310344827,93.96551724137932
E00177670,363,64,37,27,299,25,274,17.63085399449036,10.192837465564738,7.43801652892562,82.36914600550963,6.887052341597796,75.48209366391184
E00177672,303,47,21,26,256,15,241,15.51155115511551,6.9306930693069315,8.58085808580858,84.48844884488449,4.9504950495049505,79.53795379537954
E00177674,312,34,9,25,278,22,256,10.897435897435898,2.8846153846153846,8.012820512820513,89.1025641025641,7.051282051282051,82.05128205128204
E00177677,266,19,5,14,247,11,236,7.142857142857142,1.8796992481203008,5.263157894736842,92.85714285714286,4.135338345864661,88.7218045112782
E00177678,285,21,8,13,264,15,249,7.368421052631578,2.807017543859649,4.56140350877193,92.63157894736842,5.263157894736842,87.36842105263159
E00177679,239,28,10,18,211,18,193,11.715481171548117,4.184100418410042,7.531380753138076,88.28451882845188,7.531380753138076,80.75313807531381
E00177680,257,37,9,28,220,9,211,14.396887159533073,3.501945525291829,10.894941634241246,85.60311284046692,3.501945525291829,82.10116731517509
E00177681,189,12,4,8,177,10,167,6.349206349206349,2.1164021164021163,4.232804232804233,93.65079365079364,5.291005291005291,88.35978835978835
E00177683,457,67,26,41,390,30,360,14.660831509846828,5.689277899343545,8.971553610503284,85.33916849015317,6.564551422319474,78.7746170678337
E00177685,179,21,5,16,158,14,144,11.731843575418994,2.793296089385475,8.938547486033519,88.26815642458101,7.82122905027933,80.44692737430168
E00177686,258,31,12,19,227,17,210,12.015503875968992,4.651162790697675,7.3643410852713185,87.98449612403101,6.5891472868217065,81.3953488372093
E00177687,265,15,7,8,250,4,246,5.660377358490567,2.6415094339622645,3.018867924528302,94.33962264150944,1.509433962264151,92.83018867924528
E00177693,429,39,23,16,390,13,377,9.090909090909092,5.361305361305361,3.7296037296037294,90.9090909090909,3.0303030303030303,87.87878787878788
