OA,ts0380001,ts0380002,ts0380003,ts0380004,ts0380005,ts0380006,ts0380007,ts0380002_PCT,ts0380003_PCT,ts0380004_PCT,ts0380005_PCT,ts0380006_PCT,ts0380007_PCT
E00087735,264,41,14,27,223,26,197,15.530303030303031,5.303030303030303,10.227272727272728,84.46969696969697,9.848484848484848,74.62121212121212
E00087736,326,28,4,24,298,35,263,8.588957055214724,1.2269938650306749,7.361963190184049,91.41104294478528,10.736196319018406,80.67484662576688
E00087737,556,48,5,43,508,39,469,8.633093525179856,0.8992805755395683,7.7338129496402885,91.36690647482014,7.014388489208632,84.35251798561151
E00087738,427,65,18,47,362,33,329,15.22248243559719,4.215456674473068,11.00702576112412,84.77751756440281,7.728337236533958,77.04918032786885
E00087739,238,29,16,13,209,17,192,12.184873949579831,6.722689075630252,5.46218487394958,87.81512605042016,7.142857142857142,80.67226890756302
E00087740,345,49,18,31,296,37,259,14.202898550724639,5.217391304347826,8.985507246376812,85.79710144927536,10.72463768115942,75.07246376811594
E00087741,331,44,19,25,287,32,255,13.293051359516618,5.740181268882175,7.552870090634441,86.70694864048339,9.667673716012084,77.0392749244713
E00087742,343,49,13,36,294,25,269,14.285714285714285,3.7900874635568513,10.495626822157435,85.71428571428571,7.288629737609329,78.4256559766764
E00087745,296,51,13,38,245,22,223,17.22972972972973,4.391891891891892,12.837837837837837,82.77027027027027,7.4324324324324325,75.33783783783784
E00087746,300,50,9,41,250,28,222,16.666666666666664,3,13.666666666666666,83.33333333333334,9.333333333333334,74
E00087748,518,58,16,42,460,38,422,11.196911196911197,3.088803088803089,8.108108108108109,88.8030888030888,7.335907335907336,81.46718146718148
E00087749,326,38,11,27,288,34,254,11.65644171779141,3.374233128834356,8.282208588957054,88.34355828220859,10.429447852760736,77.91411042944786
E00087750,337,49,19,30,288,31,257,14.540059347181009,5.637982195845697,8.902077151335313,85.45994065281899,9.198813056379821,76.26112759643917
E00087751,283,57,23,34,226,19,207,20.141342756183743,8.12720848056537,12.014134275618375,79.85865724381625,6.713780918727916,73.14487632508833
E00087752,312,58,18,40,254,26,228,18.58974358974359,5.769230769230769,12.82051282051282,81.41025641025641,8.333333333333332,73.07692307692307
E00087753,366,54,20,34,312,25,287,14.754098360655737,5.46448087431694,9.289617486338798,85.24590163934425,6.830601092896176,78.41530054644808
E00087754,335,35,5,30,300,35,265,10.44776119402985,1.4925373134328357,8.955223880597014,89.55223880597015,10.44776119402985,79.1044776119403
E00087755,281,50,24,26,231,20,211,17.793594306049823,8.540925266903916,9.252669039145907,82.20640569395017,7.11743772241993,75.08896797153025
E00087756,184,37,15,22,147,19,128,20.108695652173914,8.152173913043478,11.956521739130435,79.8913043478261,10.326086956521738,69.56521739130434
E00087757,145,25,12,13,120,18,102,17.24137931034483,8.275862068965518,8.96551724137931,82.75862068965517,12.413793103448276,70.34482758620689
E00087758,355,59,20,39,296,31,265,16.619718309859156,5.633802816901409,10.985915492957748,83.38028169014085,8.732394366197182,74.64788732394366
E00087759,419,53,20,33,366,45,321,12.649164677804295,4.77326968973747,7.875894988066825,87.3508353221957,10.739856801909307,76.6109785202864
E00087760,325,36,14,22,289,32,257,11.076923076923077,4.3076923076923075,6.769230769230769,88.92307692307693,9.846153846153847,79.07692307692308
E00087761,500,73,23,50,427,53,374,14.6,4.6,10,85.39999999999999,10.6,74.8
E00087762,370,38,17,21,332,35,297,10.27027027027027,4.594594594594595,5.675675675675676,89.72972972972974,9.45945945945946,80.27027027027027
E00087763,270,46,12,34,224,35,189,17.037037037037038,4.444444444444445,12.592592592592592,82.96296296296296,12.962962962962962,70
E00087764,318,94,48,46,224,24,200,29.559748427672954,15.09433962264151,14.465408805031446,70.44025157232704,7.547169811320755,62.893081761006286
E00087765,225,43,12,31,182,16,166,19.11111111111111,5.333333333333334,13.777777777777779,80.88888888888889,7.111111111111111,73.77777777777777
E00087767,317,41,13,28,276,32,244,12.933753943217665,4.100946372239748,8.832807570977918,87.06624605678233,10.094637223974763,76.97160883280758
E00087768,360,54,17,37,306,26,280,15,4.722222222222222,10.277777777777777,85,7.222222222222221,77.77777777777779
E00087769,342,57,26,31,285,34,251,16.666666666666664,7.602339181286549,9.064327485380117,83.33333333333334,9.941520467836257,73.39181286549707
E00087770,335,51,18,33,284,28,256,15.223880597014924,5.3731343283582085,9.850746268656717,84.77611940298507,8.358208955223882,76.4179104477612
E00087771,247,58,26,32,189,14,175,23.481781376518217,10.526315789473683,12.955465587044534,76.51821862348179,5.668016194331984,70.8502024291498
E00087772,539,80,26,54,459,39,420,14.842300556586272,4.823747680890538,10.018552875695732,85.15769944341372,7.235621521335807,77.92207792207793
E00087773,345,45,14,31,300,25,275,13.043478260869565,4.057971014492753,8.985507246376812,86.95652173913044,7.246376811594203,79.71014492753623
E00087774,304,30,7,23,274,23,251,9.868421052631579,2.302631578947368,7.565789473684211,90.13157894736842,7.565789473684211,82.56578947368422
E00087775,338,36,14,22,302,43,259,10.650887573964498,4.142011834319527,6.508875739644971,89.3491124260355,12.721893491124261,76.62721893491124
E00087776,334,43,9,34,291,24,267,12.874251497005988,2.694610778443114,10.179640718562874,87.12574850299401,7.18562874251497,79.94011976047905
E00087777,327,30,8,22,297,29,268,9.174311926605505,2.4464831804281344,6.727828746177369,90.82568807339449,8.868501529051988,81.9571865443425
E00087778,281,68,38,30,213,21,192,24.199288256227756,13.523131672597867,10.676156583629894,75.80071174377224,7.473309608540925,68.32740213523132
E00087779,366,77,25,52,289,38,251,21.03825136612022,6.830601092896176,14.207650273224044,78.96174863387978,10.382513661202186,68.5792349726776
E00087780,268,32,11,21,236,17,219,11.940298507462686,4.104477611940299,7.835820895522389,88.05970149253731,6.343283582089552,81.71641791044776
E00087781,241,40,13,27,201,25,176,16.59751037344398,5.394190871369295,11.20331950207469,83.40248962655602,10.37344398340249,73.02904564315352
E00087782,299,45,11,34,254,32,222,15.050167224080269,3.678929765886288,11.37123745819398,84.94983277591973,10.702341137123746,74.24749163879598
E00087783,269,39,15,24,230,22,208,14.49814126394052,5.5762081784386615,8.921933085501859,85.50185873605948,8.178438661710038,77.32342007434944
E00087784,349,57,18,39,292,32,260,16.332378223495702,5.157593123209169,11.174785100286533,83.66762177650429,9.169054441260744,74.49856733524355
E00087785,302,33,6,27,269,26,243,10.927152317880795,1.9867549668874174,8.940397350993377,89.0728476821192,8.609271523178808,80.4635761589404
E00087786,285,35,12,23,250,21,229,12.280701754385964,4.2105263157894735,8.070175438596491,87.71929824561403,7.368421052631578,80.35087719298247
E00087787,329,51,26,25,278,20,258,15.501519756838904,7.90273556231003,7.598784194528875,84.49848024316108,6.079027355623101,78.419452887538
E00087788,293,37,11,26,256,31,225,12.627986348122866,3.754266211604096,8.873720136518772,87.37201365187714,10.580204778156997,76.79180887372013
E00087789,279,53,25,28,226,22,204,18.996415770609318,8.960573476702509,10.03584229390681,81.00358422939068,7.885304659498208,73.11827956989248
E00087790,239,59,24,35,180,17,163,24.686192468619247,10.0418410041841,14.644351464435147,75.31380753138075,7.112970711297072,68.20083682008368
E00087791,447,84,31,53,363,42,321,18.79194630872483,6.935123042505594,11.856823266219239,81.20805369127517,9.395973154362416,71.81208053691275
E00087792,366,45,10,35,321,41,280,12.295081967213115,2.73224043715847,9.562841530054644,87.70491803278688,11.202185792349727,76.50273224043715
E00087793,236,31,10,21,205,19,186,13.135593220338984,4.23728813559322,8.898305084745763,86.86440677966102,8.050847457627118,78.8135593220339
E00087794,311,39,19,20,272,24,248,12.540192926045016,6.109324758842444,6.430868167202572,87.45980707395499,7.717041800643088,79.7427652733119
E00087795,294,60,26,34,234,15,219,20.408163265306122,8.843537414965986,11.564625850340136,79.59183673469387,5.1020408163265305,74.48979591836735
E00087796,271,69,42,27,202,26,176,25.461254612546124,15.498154981549817,9.96309963099631,74.53874538745387,9.59409594095941,64.94464944649447
E00087797,307,61,29,32,246,22,224,19.86970684039088,9.446254071661238,10.423452768729643,80.13029315960912,7.166123778501629,72.9641693811075
E00087799,288,82,31,51,206,23,183,28.47222222222222,10.76388888888889,17.708333333333336,71.52777777777779,7.986111111111111,63.541666666666664
E00087800,245,49,11,38,196,22,174,20,4.489795918367347,15.510204081632653,80,8.979591836734693,71.0204081632653
E00087801,305,55,27,28,250,20,230,18.0327868852459,8.852459016393443,9.180327868852459,81.9672131147541,6.557377049180328,75.40983606557377
E00087802,281,31,8,23,250,29,221,11.032028469750891,2.8469750889679712,8.185053380782918,88.96797153024912,10.320284697508896,78.64768683274022
E00087803,361,68,26,42,293,25,268,18.83656509695291,7.202216066481995,11.634349030470915,81.16343490304709,6.9252077562326875,74.23822714681441
E00087804,256,63,16,47,193,25,168,24.609375,6.25,18.359375,75.390625,9.765625,65.625
E00087805,290,45,14,31,245,26,219,15.517241379310345,4.827586206896552,10.689655172413794,84.48275862068965,8.96551724137931,75.51724137931033
E00087806,301,39,16,23,262,34,228,12.956810631229235,5.3156146179401995,7.641196013289036,87.04318936877077,11.295681063122924,75.74750830564784
E00087807,249,68,34,34,181,12,169,27.309236947791167,13.654618473895583,13.654618473895583,72.69076305220884,4.819277108433735,67.8714859437751
E00087808,388,43,8,35,345,37,308,11.082474226804123,2.0618556701030926,9.02061855670103,88.91752577319588,9.536082474226804,79.38144329896907
E00087809,578,65,21,44,513,48,465,11.245674740484429,3.633217993079585,7.612456747404845,88.75432525951558,8.304498269896193,80.44982698961938
E00087810,310,54,17,37,256,33,223,17.419354838709676,5.483870967741936,11.935483870967742,82.58064516129032,10.64516129032258,71.93548387096774
E00087811,325,40,13,27,285,23,262,12.307692307692308,4,8.307692307692308,87.6923076923077,7.076923076923077,80.61538461538461
E00087813,286,49,23,26,237,19,218,17.132867132867133,8.041958041958042,9.090909090909092,82.86713286713287,6.643356643356643,76.22377622377621
E00087814,343,38,12,26,305,32,273,11.078717201166182,3.498542274052478,7.580174927113703,88.92128279883383,9.329446064139942,79.59183673469387
E00087815,359,71,23,48,288,35,253,19.77715877437326,6.406685236768802,13.370473537604457,80.22284122562674,9.749303621169917,70.47353760445682
E00087816,307,62,21,41,245,25,220,20.195439739413683,6.840390879478828,13.355048859934854,79.80456026058633,8.143322475570033,71.66123778501628
E00087817,305,71,26,45,234,27,207,23.278688524590162,8.524590163934425,14.754098360655737,76.72131147540983,8.852459016393443,67.8688524590164
E00087818,229,35,15,20,194,19,175,15.283842794759824,6.550218340611353,8.73362445414847,84.71615720524017,8.296943231441048,76.41921397379913
E00087819,296,46,18,28,250,33,217,15.54054054054054,6.081081081081082,9.45945945945946,84.45945945945947,11.14864864864865,73.3108108108108
E00087820,302,78,36,42,224,19,205,25.82781456953642,11.920529801324504,13.90728476821192,74.17218543046357,6.291390728476822,67.88079470198676
E00087821,364,64,19,45,300,29,271,17.582417582417584,5.21978021978022,12.362637362637363,82.41758241758241,7.967032967032966,74.45054945054946
E00087822,353,48,14,34,305,33,272,13.59773371104816,3.9660056657223794,9.631728045325778,86.40226628895185,9.34844192634561,77.05382436260622
E00087823,388,52,17,35,336,37,299,13.402061855670103,4.381443298969072,9.02061855670103,86.5979381443299,9.536082474226804,77.0618556701031
E00087824,373,74,26,48,299,18,281,19.839142091152816,6.970509383378016,12.868632707774799,80.16085790884718,4.825737265415549,75.33512064343164
E00087825,292,85,49,36,207,26,181,29.10958904109589,16.78082191780822,12.32876712328767,70.8904109589041,8.904109589041095,61.986301369863014
E00087826,270,55,27,28,215,15,200,20.37037037037037,10,10.37037037037037,79.62962962962963,5.555555555555555,74.07407407407408
E00087827,296,44,18,26,252,26,226,14.864864864864865,6.081081081081082,8.783783783783784,85.13513513513513,8.783783783783784,76.35135135135135
E00087829,275,63,26,37,212,21,191,22.90909090909091,9.454545454545455,13.454545454545455,77.0909090909091,7.636363636363637,69.45454545454545
E00087830,342,73,35,38,269,19,250,21.34502923976608,10.23391812865497,11.11111111111111,78.65497076023392,5.555555555555555,73.09941520467837
E00087831,338,42,11,31,296,25,271,12.42603550295858,3.2544378698224854,9.171597633136095,87.57396449704143,7.396449704142012,80.1775147928994
E00087833,164,57,34,23,107,11,96,34.756097560975604,20.73170731707317,14.02439024390244,65.2439024390244,6.707317073170732,58.536585365853654
E00087834,413,53,23,30,360,42,318,12.832929782082324,5.569007263922518,7.263922518159806,87.16707021791767,10.16949152542373,76.99757869249395
E00087835,328,50,18,32,278,31,247,15.24390243902439,5.487804878048781,9.75609756097561,84.7560975609756,9.451219512195122,75.3048780487805
E00087836,579,43,15,28,536,45,491,7.4265975820379975,2.5906735751295336,4.8359240069084635,92.573402417962,7.772020725388601,84.80138169257341
E00087837,463,62,24,38,401,44,357,13.390928725701945,5.183585313174946,8.207343412526997,86.60907127429806,9.503239740820735,77.10583153347731
E00087838,448,72,38,34,376,33,343,16.071428571428573,8.482142857142858,7.5892857142857135,83.92857142857143,7.366071428571429,76.5625
E00087839,306,76,29,47,230,19,211,24.836601307189543,9.477124183006536,15.359477124183007,75.16339869281046,6.209150326797386,68.95424836601308
E00087840,255,29,12,17,226,33,193,11.372549019607844,4.705882352941177,6.666666666666667,88.62745098039215,12.941176470588237,75.68627450980392
E00087841,443,83,25,58,360,42,318,18.735891647855528,5.643340857787811,13.092550790067719,81.26410835214448,9.480812641083523,71.78329571106094
E00087842,591,76,23,53,515,53,462,12.859560067681894,3.8917089678511,8.967851099830796,87.1404399323181,8.967851099830796,78.1725888324873
E00087843,517,142,75,67,375,35,340,27.466150870406192,14.506769825918761,12.959381044487428,72.5338491295938,6.769825918762089,65.76402321083172
E00087844,344,46,12,34,298,27,271,13.372093023255813,3.488372093023256,9.883720930232558,86.62790697674419,7.848837209302325,78.77906976744185
E00087845,297,50,19,31,247,26,221,16.835016835016837,6.397306397306397,10.437710437710438,83.16498316498317,8.754208754208754,74.41077441077442
E00087846,292,47,9,38,245,24,221,16.095890410958905,3.0821917808219177,13.013698630136986,83.9041095890411,8.21917808219178,75.68493150684932
E00087847,350,58,15,43,292,26,266,16.57142857142857,4.285714285714286,12.285714285714286,83.42857142857143,7.428571428571429,76
E00087848,363,46,16,30,317,24,293,12.672176308539946,4.40771349862259,8.264462809917356,87.32782369146005,6.6115702479338845,80.71625344352617
E00087849,280,33,7,26,247,27,220,11.785714285714285,2.5,9.285714285714286,88.21428571428571,9.642857142857144,78.57142857142857
E00087850,324,48,12,36,276,33,243,14.814814814814813,3.7037037037037033,11.11111111111111,85.18518518518519,10.185185185185185,75
E00087851,518,72,22,50,446,35,411,13.8996138996139,4.247104247104247,9.652509652509652,86.10038610038609,6.756756756756757,79.34362934362935
E00087853,279,60,24,36,219,32,187,21.50537634408602,8.60215053763441,12.903225806451612,78.49462365591397,11.469534050179211,67.02508960573476
E00087854,293,44,13,31,249,21,228,15.017064846416384,4.436860068259386,10.580204778156997,84.98293515358361,7.167235494880546,77.81569965870307
E00087855,296,48,18,30,248,24,224,16.216216216216218,6.081081081081082,10.135135135135135,83.78378378378379,8.108108108108109,75.67567567567568
E00087856,395,50,13,37,345,29,316,12.658227848101266,3.2911392405063293,9.367088607594937,87.34177215189874,7.341772151898734,80
E00087859,790,14,1,13,776,26,750,1.7721518987341773,0.12658227848101267,1.6455696202531647,98.22784810126582,3.2911392405063293,94.9367088607595
E00087860,216,48,21,27,168,15,153,22.22222222222222,9.722222222222223,12.5,77.77777777777779,6.944444444444445,70.83333333333334
E00087862,279,8,2,6,271,11,260,2.867383512544803,0.7168458781362007,2.1505376344086025,97.1326164874552,3.942652329749104,93.1899641577061
E00087863,291,36,13,23,255,20,235,12.371134020618557,4.4673539518900345,7.903780068728522,87.62886597938144,6.872852233676976,80.75601374570446
E00087864,206,29,14,15,177,10,167,14.077669902912621,6.796116504854369,7.281553398058252,85.92233009708737,4.854368932038835,81.06796116504854
E00087865,331,43,16,27,288,36,252,12.990936555891238,4.833836858006042,8.157099697885197,87.00906344410876,10.876132930513595,76.13293051359517
E00087866,454,43,14,29,411,35,376,9.47136563876652,3.0837004405286343,6.387665198237885,90.52863436123349,7.709251101321586,82.81938325991189
E00087867,297,40,18,22,257,9,248,13.468013468013467,6.0606060606060606,7.4074074074074066,86.53198653198653,3.0303030303030303,83.5016835016835
E00087868,415,51,20,31,364,32,332,12.289156626506024,4.819277108433735,7.46987951807229,87.71084337349397,7.710843373493977,80
E00087869,311,51,20,31,260,26,234,16.39871382636656,6.430868167202572,9.967845659163988,83.60128617363344,8.360128617363344,75.2411575562701
E00087870,443,40,5,35,403,38,365,9.029345372460497,1.1286681715575622,7.900677200902935,90.9706546275395,8.577878103837472,82.39277652370203
E00087871,286,45,17,28,241,34,207,15.734265734265735,5.944055944055944,9.79020979020979,84.26573426573427,11.888111888111888,72.37762237762237
E00087872,241,54,32,22,187,17,170,22.40663900414938,13.278008298755188,9.12863070539419,77.59336099585063,7.053941908713693,70.53941908713693
E00087873,483,64,17,47,419,46,373,13.250517598343686,3.5196687370600417,9.730848861283643,86.74948240165632,9.523809523809524,77.22567287784679
E00087874,363,78,34,44,285,29,256,21.487603305785125,9.366391184573002,12.121212121212121,78.51239669421489,7.988980716253444,70.52341597796143
E00087875,238,43,15,28,195,14,181,18.067226890756302,6.302521008403361,11.76470588235294,81.9327731092437,5.88235294117647,76.05042016806722
E00087876,426,72,27,45,354,22,332,16.901408450704224,6.338028169014084,10.56338028169014,83.09859154929578,5.164319248826291,77.93427230046949
E00087877,347,67,35,32,280,26,254,19.30835734870317,10.086455331412104,9.221902017291066,80.69164265129683,7.492795389048991,73.19884726224784
E00087878,302,83,46,37,219,16,203,27.483443708609272,15.2317880794702,12.251655629139073,72.51655629139073,5.298013245033113,67.21854304635761
E00087879,295,76,35,41,219,27,192,25.76271186440678,11.864406779661017,13.898305084745763,74.23728813559322,9.152542372881356,65.08474576271186
E00087880,314,62,27,35,252,28,224,19.745222929936308,8.598726114649681,11.146496815286625,80.2547770700637,8.9171974522293,71.3375796178344
E00087881,408,92,44,48,316,32,284,22.54901960784314,10.784313725490197,11.76470588235294,77.45098039215686,7.8431372549019605,69.6078431372549
E00087882,260,64,26,38,196,14,182,24.615384615384617,10,14.615384615384617,75.38461538461539,5.384615384615385,70
E00087883,304,53,21,32,251,21,230,17.434210526315788,6.907894736842106,10.526315789473683,82.56578947368422,6.907894736842106,75.6578947368421
E00087884,384,23,8,15,361,23,338,5.989583333333334,2.083333333333333,3.90625,94.01041666666666,5.989583333333334,88.02083333333334
E00087885,332,36,8,28,296,29,267,10.843373493975903,2.4096385542168677,8.433734939759036,89.1566265060241,8.734939759036145,80.42168674698796
E00087886,344,49,14,35,295,19,276,14.244186046511627,4.069767441860465,10.174418604651162,85.75581395348837,5.523255813953488,80.23255813953489
E00087887,234,65,30,35,169,18,151,27.77777777777778,12.82051282051282,14.957264957264957,72.22222222222221,7.6923076923076925,64.52991452991454
E00087888,442,67,25,42,375,30,345,15.158371040723981,5.656108597285068,9.502262443438914,84.84162895927602,6.787330316742081,78.05429864253394
E00087889,277,43,13,30,234,22,212,15.523465703971121,4.693140794223827,10.830324909747292,84.47653429602889,7.9422382671480145,76.53429602888086
E00087890,308,35,11,24,273,44,229,11.363636363636363,3.571428571428571,7.792207792207792,88.63636363636364,14.285714285714285,74.35064935064936
E00087891,231,33,15,18,198,28,170,14.285714285714285,6.493506493506493,7.792207792207792,85.71428571428571,12.121212121212121,73.59307359307358
E00087892,285,40,14,26,245,23,222,14.035087719298245,4.912280701754386,9.12280701754386,85.96491228070175,8.070175438596491,77.89473684210526
E00087893,257,34,13,21,223,27,196,13.229571984435799,5.058365758754864,8.171206225680933,86.7704280155642,10.505836575875486,76.26459143968872
E00087894,289,42,7,35,247,20,227,14.53287197231834,2.422145328719723,12.110726643598616,85.46712802768167,6.920415224913495,78.54671280276817
E00087895,287,45,17,28,242,29,213,15.6794425087108,5.923344947735192,9.75609756097561,84.3205574912892,10.104529616724738,74.21602787456446
E00087896,306,44,16,28,262,22,240,14.37908496732026,5.228758169934641,9.15032679738562,85.62091503267973,7.18954248366013,78.43137254901961
E00087897,291,30,6,24,261,23,238,10.309278350515463,2.0618556701030926,8.24742268041237,89.69072164948454,7.903780068728522,81.78694158075601
E00087898,315,32,11,21,283,21,262,10.158730158730158,3.492063492063492,6.666666666666667,89.84126984126985,6.666666666666667,83.17460317460318
E00087899,311,47,15,32,264,32,232,15.112540192926044,4.823151125401929,10.289389067524116,84.88745980707395,10.289389067524116,74.59807073954984
E00087900,306,44,10,34,262,24,238,14.37908496732026,3.2679738562091507,11.11111111111111,85.62091503267973,7.8431372549019605,77.77777777777779
E00087901,283,51,16,35,232,21,211,18.021201413427562,5.6537102473498235,12.36749116607774,81.97879858657244,7.420494699646643,74.55830388692578
E00087902,347,41,6,35,306,27,279,11.815561959654179,1.729106628242075,10.086455331412104,88.18443804034582,7.780979827089338,80.403458213256485
E00087903,193,40,18,22,153,24,129,20.72538860103627,9.32642487046632,11.398963730569948,79.27461139896373,12.435233160621761,66.83937823834198
E00087904,338,57,19,38,281,24,257,16.86390532544379,5.621301775147929,11.242603550295858,83.13609467455622,7.100591715976331,76.03550295857988
E00087905,534,79,35,44,455,45,410,14.794007490636703,6.5543071161048685,8.239700374531834,85.2059925093633,8.426966292134832,76.77902621722846
E00087906,264,27,2,25,237,30,207,10.227272727272728,0.7575757575757576,9.469696969696969,89.77272727272727,11.363636363636363,78.4090909090909
E00087908,404,54,17,37,350,29,321,13.366336633663368,4.207920792079208,9.158415841584159,86.63366336633663,7.1782178217821775,79.45544554455446
E00087909,321,37,14,23,284,36,248,11.526479750778815,4.361370716510903,7.165109034267912,88.47352024922118,11.214953271028037,77.25856697819314
E00087910,237,45,15,30,192,21,171,18.9873417721519,6.329113924050633,12.658227848101266,81.0126582278481,8.860759493670885,72.15189873417721
E00087911,297,39,8,31,258,20,238,13.131313131313133,2.6936026936026933,10.437710437710438,86.86868686868688,6.7340067340067336,80.13468013468014
E00087912,194,27,8,19,167,13,154,13.917525773195877,4.123711340206185,9.793814432989691,86.08247422680412,6.701030927835052,79.38144329896907
E00087913,394,44,20,24,350,32,318,11.16751269035533,5.0761421319796955,6.091370558375635,88.83248730964468,8.121827411167512,80.71065989847716
E00087914,333,37,11,26,296,36,260,11.11111111111111,3.303303303303303,7.807807807807808,88.88888888888889,10.81081081081081,78.07807807807808
E00087915,339,51,21,30,288,38,250,15.04424778761062,6.1946902654867255,8.849557522123893,84.95575221238938,11.209439528023598,73.74631268436578
E00087916,270,43,21,22,227,26,201,15.925925925925927,7.777777777777778,8.148148148148149,84.07407407407408,9.62962962962963,74.44444444444444
E00087917,366,57,17,40,309,23,286,15.573770491803279,4.644808743169399,10.92896174863388,84.42622950819673,6.284153005464481,78.14207650273224
E00087918,305,48,12,36,257,28,229,15.737704918032788,3.934426229508197,11.80327868852459,84.26229508196721,9.180327868852459,75.08196721311475
E00087919,281,41,14,27,240,32,208,14.590747330960854,4.98220640569395,9.608540925266903,85.40925266903915,11.387900355871885,74.02135231316726
E00087920,258,38,16,22,220,9,211,14.728682170542637,6.2015503875969,8.527131782945736,85.27131782945736,3.488372093023256,81.78294573643412
E00087921,280,59,24,35,221,27,194,21.071428571428573,8.571428571428571,12.5,78.92857142857143,9.642857142857144,69.28571428571428
E00087922,278,46,22,24,232,21,211,16.546762589928058,7.913669064748201,8.633093525179856,83.45323741007195,7.553956834532374,75.89928057553958
E00087923,357,59,20,39,298,28,270,16.5266106442577,5.602240896358544,10.92436974789916,83.4733893557423,7.8431372549019605,75.63025210084034
E00087924,289,53,21,32,236,24,212,18.33910034602076,7.26643598615917,11.072664359861593,81.66089965397923,8.304498269896193,73.35640138408304
E00087925,547,99,36,63,448,45,403,18.09872029250457,6.581352833638025,11.517367458866545,81.90127970749543,8.226691042047532,73.6745886654479
E00087926,300,60,29,31,240,33,207,20,9.666666666666666,10.333333333333334,80,11,69
E00087927,372,57,20,37,315,41,274,15.32258064516129,5.376344086021505,9.946236559139784,84.67741935483872,11.021505376344086,73.65591397849462
E00087929,323,46,13,33,277,29,248,14.241486068111456,4.024767801857585,10.21671826625387,85.75851393188854,8.978328173374612,76.78018575851394
E00087930,272,41,13,28,231,28,203,15.073529411764705,4.779411764705882,10.294117647058822,84.92647058823529,10.294117647058822,74.63235294117648
E00087931,320,51,22,29,269,31,238,15.937499999999998,6.875000000000001,9.0625,84.0625,9.6875,74.375
E00087932,277,56,27,29,221,22,199,20.216606498194945,9.747292418772563,10.469314079422382,79.78339350180505,7.9422382671480145,71.84115523465704
E00087933,315,54,21,33,261,26,235,17.142857142857142,6.666666666666667,10.476190476190476,82.85714285714286,8.253968253968253,74.60317460317461
E00087934,462,76,30,46,386,38,348,16.450216450216452,6.493506493506493,9.956709956709958,83.54978354978356,8.225108225108226,75.32467532467533
E00087935,336,53,14,39,283,28,255,15.773809523809524,4.166666666666666,11.607142857142858,84.22619047619048,8.333333333333332,75.89285714285714
E00087936,392,65,24,41,327,24,303,16.581632653061224,6.122448979591836,10.459183673469388,83.41836734693877,6.122448979591836,77.29591836734694
E00087937,401,47,9,38,354,48,306,11.72069825436409,2.2443890274314215,9.476309226932669,88.2793017456359,11.970074812967582,76.30922693266832
E00087938,434,72,23,49,362,46,316,16.589861751152075,5.299539170506913,11.29032258064516,83.41013824884793,10.599078341013826,72.81105990783409
E00087939,423,50,14,36,373,37,336,11.82033096926714,3.309692671394799,8.51063829787234,88.17966903073287,8.747044917257684,79.43262411347519
E00087940,333,36,12,24,297,40,257,10.81081081081081,3.6036036036036037,7.207207207207207,89.1891891891892,12.012012012012011,77.17717717717719
E00087942,275,38,7,31,237,22,215,13.818181818181818,2.5454545454545454,11.272727272727273,86.18181818181819,8,78.18181818181819
E00087943,439,62,20,42,377,30,347,14.123006833712983,4.555808656036446,9.567198177676538,85.87699316628702,6.83371298405467,79.04328018223235
E00087944,331,68,22,46,263,19,244,20.54380664652568,6.646525679758309,13.897280966767372,79.45619335347432,5.740181268882175,73.71601208459214
E00087945,338,61,20,41,277,24,253,18.04733727810651,5.9171597633136095,12.1301775147929,81.95266272189349,7.100591715976331,74.85207100591717
E00087946,451,65,26,39,386,27,359,14.412416851441243,5.764966740576496,8.647450110864744,85.58758314855875,5.986696230598669,79.6008869179601
E00087947,318,43,13,30,275,41,234,13.522012578616351,4.088050314465408,9.433962264150944,86.47798742138365,12.89308176100629,73.58490566037736
E00087948,477,66,24,42,411,34,377,13.836477987421384,5.031446540880504,8.80503144654088,86.16352201257862,7.127882599580712,79.03563941299791
E00087949,346,49,15,34,297,34,263,14.16184971098266,4.335260115606936,9.826589595375722,85.83815028901735,9.826589595375722,76.01156069364163
E00087950,590,76,32,44,514,43,471,12.88135593220339,5.423728813559322,7.457627118644068,87.11864406779661,7.288135593220339,79.83050847457626
E00087951,177,30,12,18,147,10,137,16.94915254237288,6.779661016949152,10.16949152542373,83.05084745762711,5.649717514124294,77.40112994350282
E00087952,366,70,23,47,296,22,274,19.12568306010929,6.284153005464481,12.841530054644808,80.87431693989072,6.0109289617486334,74.86338797814209
E00087953,362,34,8,26,328,33,295,9.392265193370166,2.209944751381215,7.18232044198895,90.60773480662984,9.116022099447514,81.49171270718232
E00087955,426,42,14,28,384,30,354,9.859154929577464,3.286384976525822,6.572769953051644,90.14084507042254,7.042253521126761,83.09859154929578
E00087956,318,34,9,25,284,35,249,10.69182389937107,2.8301886792452833,7.861635220125786,89.30817610062893,11.0062893081761,78.30188679245283
E00087959,356,68,26,42,288,20,268,19.101123595505616,7.303370786516854,11.797752808988763,80.89887640449437,5.617977528089887,75.28089887640449
E00087960,281,52,24,28,229,25,204,18.505338078291814,8.540925266903916,9.9644128113879,81.49466192170819,8.896797153024911,72.59786476868328
E00087962,269,59,26,33,210,17,193,21.933085501858738,9.66542750929368,12.267657992565056,78.06691449814126,6.319702602230483,71.74721189591078
E00087963,301,89,47,42,212,15,197,29.568106312292358,15.614617940199334,13.953488372093023,70.43189368770764,4.983388704318937,65.4485049833887
E00087964,274,53,22,31,221,21,200,19.34306569343066,8.02919708029197,11.313868613138686,80.65693430656934,7.664233576642336,72.99270072992701
E00087965,187,24,10,14,163,22,141,12.834224598930483,5.347593582887701,7.4866310160427805,87.16577540106952,11.76470588235294,75.40106951871658
E00087966,345,36,14,22,309,32,277,10.434782608695652,4.057971014492753,6.3768115942028984,89.56521739130436,9.27536231884058,80.28985507246377
E00087967,491,68,19,49,423,36,387,13.849287169042771,3.8696537678207736,9.979633401221996,86.15071283095723,7.3319755600814664,78.81873727087576
E00087968,322,36,9,27,286,37,249,11.180124223602485,2.7950310559006213,8.385093167701864,88.81987577639751,11.490683229813664,77.32919254658384
E00087969,303,59,24,35,244,20,224,19.471947194719473,7.920792079207921,11.55115511551155,80.52805280528052,6.6006600660066,73.92739273927393
E00087970,360,32,9,23,328,29,299,8.88888888888889,2.5,6.388888888888888,91.11111111111111,8.055555555555555,83.05555555555556
E00087971,349,49,18,31,300,24,276,14.040114613180515,5.157593123209169,8.882521489971348,85.95988538681948,6.876790830945559,79.08309455587393
E00087972,138,19,7,12,119,19,100,13.768115942028986,5.072463768115942,8.695652173913043,86.23188405797102,13.768115942028986,72.46376811594203
E00087973,329,85,30,55,244,24,220,25.835866261398177,9.118541033434651,16.717325227963524,74.16413373860182,7.29483282674772,66.8693009118541
E00087974,431,50,13,37,381,29,352,11.600928074245939,3.0162412993039442,8.584686774941995,88.39907192575406,6.728538283062645,81.67053364269141
E00087975,306,65,29,36,241,25,216,21.241830065359476,9.477124183006536,11.76470588235294,78.75816993464052,8.169934640522875,70.58823529411765
E00087976,296,29,8,21,267,28,239,9.797297297297296,2.7027027027027026,7.094594594594595,90.2027027027027,9.45945945945946,80.74324324324324
E00087977,398,39,21,18,359,47,312,9.798994974874372,5.276381909547738,4.522613065326634,90.20100502512562,11.809045226130653,78.39195979899498
E00087978,345,52,20,32,293,33,260,15.072463768115943,5.797101449275362,9.27536231884058,84.92753623188406,9.565217391304348,75.36231884057972
E00087979,465,64,19,45,401,37,364,13.763440860215054,4.086021505376344,9.67741935483871,86.23655913978494,7.956989247311828,78.27956989247312
E00087980,261,44,19,25,217,19,198,16.85823754789272,7.2796934865900385,9.578544061302683,83.14176245210729,7.2796934865900385,75.86206896551724
E00087981,507,104,50,54,403,33,370,20.51282051282051,9.861932938856016,10.650887573964498,79.48717948717949,6.508875739644971,72.97830374753451
E00087982,326,50,9,41,276,26,250,15.337423312883436,2.7607361963190185,12.576687116564417,84.66257668711657,7.975460122699387,76.68711656441718
E00087983,560,79,21,58,481,45,436,14.107142857142858,3.75,10.357142857142858,85.89285714285714,8.035714285714286,77.85714285714286
E00087984,346,65,23,42,281,36,245,18.786127167630056,6.6473988439306355,12.138728323699421,81.21387283236994,10.404624277456648,70.8092485549133
E00087985,327,48,18,30,279,38,241,14.678899082568808,5.5045871559633035,9.174311926605505,85.3211009174312,11.62079510703364,73.70030581039755
E00087986,307,46,14,32,261,27,234,14.983713355048861,4.5602605863192185,10.423452768729643,85.01628664495115,8.794788273615636,76.2214983713355
E00087987,380,59,12,47,321,24,297,15.526315789473685,3.1578947368421053,12.368421052631579,84.47368421052632,6.315789473684211,78.15789473684211
E00087988,319,37,11,26,282,31,251,11.598746081504702,3.4482758620689653,8.150470219435736,88.40125391849529,9.717868338557993,78.68338557993731
E00087989,313,48,12,36,265,26,239,15.335463258785943,3.8338658146964857,11.501597444089457,84.66453674121406,8.30670926517572,76.35782747603834
E00087990,357,57,19,38,300,29,271,15.966386554621847,5.322128851540616,10.644257703081232,84.03361344537815,8.123249299719888,75.91036414565826
E00087991,398,75,23,52,323,21,302,18.84422110552764,5.778894472361809,13.06532663316583,81.15577889447236,5.276381909547738,75.87939698492463
E00087992,311,40,16,24,271,33,238,12.861736334405144,5.144694533762058,7.717041800643088,87.13826366559485,10.610932475884244,76.52733118971061
E00087993,282,63,26,37,219,21,198,22.340425531914892,9.219858156028367,13.120567375886525,77.6595744680851,7.446808510638298,70.2127659574468
E00087994,320,36,10,26,284,20,264,11.25,3.125,8.125,88.75,6.25,82.5
E00087995,400,69,26,43,331,32,299,17.25,6.5,10.75,82.75,8,74.75
E00087996,367,56,19,37,311,18,293,15.258855585831062,5.177111716621254,10.08174386920981,84.74114441416893,4.904632152588556,79.83651226158038
E00087997,259,45,17,28,214,20,194,17.374517374517374,6.563706563706563,10.81081081081081,82.62548262548263,7.722007722007722,74.9034749034749
E00087998,241,42,9,33,199,25,174,17.42738589211618,3.7344398340248963,13.692946058091287,82.57261410788381,10.37344398340249,72.19917012448133
E00087999,294,59,22,37,235,36,199,20.068027210884352,7.482993197278912,12.585034013605442,79.93197278911565,12.244897959183673,67.68707482993197
E00088001,455,69,24,45,386,31,355,15.164835164835164,5.274725274725275,9.89010989010989,84.83516483516483,6.813186813186813,78.02197802197803
E00088002,499,62,21,41,437,39,398,12.424849699398797,4.208416833667335,8.216432865731463,87.5751503006012,7.8156312625250495,79.75951903807615
E00088003,376,58,24,34,318,45,273,15.425531914893616,6.382978723404255,9.042553191489363,84.57446808510637,11.96808510638298,72.6063829787234
E00088004,465,40,10,30,425,46,379,8.60215053763441,2.1505376344086025,6.451612903225806,91.39784946236558,9.89247311827957,81.50537634408602
E00088005,320,35,13,22,285,24,261,10.9375,4.0625,6.875000000000001,89.0625,7.5,81.5625
E00088006,318,48,14,34,270,30,240,15.09433962264151,4.40251572327044,10.69182389937107,84.90566037735849,9.433962264150944,75.47169811320755
E00088007,264,45,12,33,219,30,189,17.045454545454543,4.545454545454546,12.5,82.95454545454545,11.363636363636363,71.5909090909091
E00088008,263,40,9,31,223,16,207,15.209125475285171,3.4220532319391634,11.787072243346007,84.79087452471484,6.083650190114068,78.70722433460075
E00088009,259,39,13,26,220,23,197,15.057915057915059,5.019305019305019,10.038610038610038,84.94208494208493,8.880308880308881,76.06177606177607
E00088010,353,77,29,48,276,25,251,21.813031161473088,8.21529745042493,13.59773371104816,78.18696883852692,7.0821529745042495,71.10481586402267
E00088011,331,52,13,39,279,29,250,15.709969788519636,3.927492447129909,11.782477341389729,84.29003021148036,8.761329305135952,75.52870090634441
E00088012,353,68,23,45,285,20,265,19.263456090651555,6.515580736543909,12.747875354107649,80.73654390934844,5.6657223796034,75.07082152974505
E00088013,375,58,20,38,317,32,285,15.466666666666667,5.333333333333334,10.133333333333333,84.53333333333333,8.533333333333333,76
E00088014,394,55,21,34,339,31,308,13.959390862944163,5.32994923857868,8.629441624365482,86.04060913705584,7.868020304568528,78.1725888324873
E00088015,345,66,25,41,279,39,240,19.130434782608695,7.246376811594203,11.884057971014492,80.8695652173913,11.304347826086957,69.56521739130434
E00088016,248,34,7,27,214,25,189,13.709677419354838,2.82258064516129,10.887096774193548,86.29032258064517,10.080645161290322,76.20967741935483
E00088017,167,20,3,17,147,11,136,11.976047904191617,1.7964071856287425,10.179640718562874,88.02395209580838,6.58682634730539,81.437125748502993
E00088018,339,65,16,49,274,29,245,19.174041297935105,4.71976401179941,14.454277286135694,80.8259587020649,8.55457227138643,72.27138643067846
E00088019,387,88,46,42,299,35,264,22.739018087855296,11.886304909560723,10.852713178294573,77.2609819121447,9.043927648578812,68.21705426356588
E00088020,360,56,18,38,304,37,267,15.555555555555555,5,10.555555555555555,84.44444444444444,10.277777777777777,74.16666666666667
E00088021,298,59,43,16,239,21,218,19.798657718120804,14.429530201342283,5.369127516778524,80.20134228187919,7.046979865771812,73.15436241610739
E00088022,497,63,24,39,434,41,393,12.676056338028168,4.82897384305835,7.847082494969819,87.32394366197182,8.249496981891348,79.07444668008048
E00088023,350,59,18,41,291,29,262,16.857142857142858,5.142857142857142,11.714285714285715,83.14285714285714,8.285714285714285,74.85714285714286
E00088024,306,55,24,31,251,19,232,17.973856209150327,7.8431372549019605,10.130718954248366,82.02614379084967,6.209150326797386,75.81699346405229
E00088025,374,54,20,34,320,28,292,14.43850267379679,5.347593582887701,9.090909090909092,85.56149732620321,7.4866310160427805,78.07486631016043
E00088026,304,47,21,26,257,34,223,15.460526315789474,6.907894736842106,8.552631578947368,84.53947368421053,11.18421052631579,73.35526315789474
E00088027,282,64,24,40,218,23,195,22.69503546099291,8.51063829787234,14.184397163120568,77.30496453900709,8.156028368794328,69.14893617021278
E00088028,299,80,29,51,219,21,198,26.755852842809364,9.698996655518394,17.05685618729097,73.24414715719062,7.023411371237458,66.22073578595318
E00088029,231,46,18,28,185,19,166,19.913419913419915,7.792207792207792,12.121212121212121,80.08658008658008,8.225108225108226,71.86147186147186
E00088030,282,61,29,32,221,30,191,21.631205673758867,10.28368794326241,11.347517730496454,78.36879432624113,10.638297872340425,67.73049645390071
E00088031,300,69,21,48,231,34,197,23,7.000000000000001,16,77,11.333333333333332,65.66666666666666
E00088032,351,49,13,36,302,20,282,13.96011396011396,3.7037037037037033,10.256410256410255,86.03988603988604,5.698005698005698,80.34188034188034
E00088033,269,72,35,37,197,21,176,26.765799256505574,13.011152416356877,13.754646840148698,73.23420074349443,7.806691449814126,65.4275092936803
E00088034,301,34,14,20,267,18,249,11.295681063122924,4.651162790697675,6.64451827242525,88.70431893687709,5.980066445182724,82.72425249169434
E00088035,316,59,26,33,257,18,239,18.670886075949365,8.227848101265822,10.443037974683545,81.32911392405063,5.69620253164557,75.63291139240506
E00088036,250,53,24,29,197,28,169,21.2,9.6,11.600000000000001,78.8,11.200000000000001,67.60000000000001
E00088037,365,48,16,32,317,47,270,13.150684931506849,4.383561643835616,8.767123287671232,86.84931506849315,12.876712328767123,73.97260273972603
E00088038,359,83,28,55,276,26,250,23.119777158774372,7.7994428969359335,15.32033426183844,76.88022284122563,7.242339832869081,69.63788300835655
E00088039,354,59,23,36,295,32,263,16.666666666666664,6.497175141242938,10.16949152542373,83.33333333333334,9.03954802259887,74.29378531073446
E00088040,221,68,38,30,153,22,131,30.76923076923077,17.194570135746606,13.574660633484163,69.23076923076923,9.95475113122172,59.276018099547514
E00088041,563,79,33,46,484,47,437,14.031971580817052,5.86145648312611,8.170515097690942,85.96802841918296,8.348134991119005,77.61989342806395
E00088042,339,56,18,38,283,37,246,16.519174041297934,5.3097345132743365,11.209439528023598,83.48082595870207,10.914454277286136,72.56637168141593
E00088043,284,58,19,39,226,27,199,20.422535211267608,6.690140845070422,13.732394366197184,79.5774647887324,9.507042253521126,70.07042253521126
E00088044,287,49,14,35,238,27,211,17.073170731707318,4.878048780487805,12.195121951219512,82.92682926829268,9.40766550522648,73.5191637630662
E00088045,479,71,26,45,408,38,370,14.822546972860126,5.427974947807933,9.394572025052192,85.17745302713988,7.933194154488518,77.24425887265136
E00088046,370,70,28,42,300,30,270,18.91891891891892,7.567567567567568,11.351351351351353,81.08108108108108,8.108108108108109,72.97297297297297
E00088047,303,56,18,38,247,29,218,18.48184818481848,5.9405940594059405,12.541254125412541,81.51815181518151,9.570957095709572,71.94719471947195
E00088048,459,52,18,34,407,43,364,11.328976034858387,3.9215686274509802,7.4074074074074066,88.67102396514161,9.368191721132897,79.30283224400871
E00088049,578,56,11,45,522,47,475,9.688581314878892,1.9031141868512111,7.7854671280276815,90.3114186851211,8.131487889273355,82.17993079584775
E00088050,411,65,22,43,346,27,319,15.815085158150852,5.35279805352798,10.46228710462287,84.18491484184915,6.569343065693431,77.61557177615572
E00088051,310,58,23,35,252,30,222,18.70967741935484,7.419354838709677,11.29032258064516,81.29032258064515,9.67741935483871,71.61290322580646
E00088052,406,100,33,67,306,32,274,24.63054187192118,8.12807881773399,16.502463054187192,75.36945812807882,7.8817733990147785,67.48768472906403
E00088055,339,33,18,15,306,18,288,9.734513274336283,5.3097345132743365,4.424778761061947,90.2654867256637,5.3097345132743365,84.95575221238938
E00088056,249,36,17,19,213,28,185,14.457831325301203,6.827309236947792,7.630522088353414,85.54216867469879,11.244979919678714,74.29718875502009
E00088057,315,63,25,38,252,18,234,20,7.936507936507936,12.063492063492063,80,5.714285714285714,74.28571428571429
E00088059,360,62,14,48,298,23,275,17.22222222222222,3.888888888888889,13.333333333333334,82.77777777777777,6.388888888888888,76.38888888888889
E00088060,271,73,39,34,198,14,184,26.937269372693727,14.391143911439114,12.546125461254611,73.06273062730627,5.166051660516605,67.89667896678966
E00088063,304,27,9,18,277,25,252,8.881578947368421,2.9605263157894735,5.921052631578947,91.11842105263158,8.223684210526317,82.89473684210526
E00088065,369,66,24,42,303,33,270,17.88617886178862,6.504065040650407,11.38211382113821,82.11382113821138,8.94308943089431,73.17073170731707
E00088066,335,42,13,29,293,33,260,12.53731343283582,3.880597014925373,8.656716417910449,87.46268656716418,9.850746268656717,77.61194029850746
E00088067,244,43,19,24,201,19,182,17.62295081967213,7.786885245901639,9.836065573770492,82.37704918032787,7.786885245901639,74.59016393442623
E00088068,252,53,13,40,199,21,178,21.03174603174603,5.158730158730158,15.873015873015872,78.96825396825396,8.333333333333332,70.63492063492063
E00088069,325,20,3,17,305,19,286,6.153846153846154,0.9230769230769231,5.230769230769231,93.84615384615384,5.846153846153846,88
E00088070,482,82,34,48,400,30,370,17.012448132780083,7.053941908713693,9.95850622406639,82.98755186721992,6.224066390041494,76.76348547717843
E00088071,198,74,37,37,124,21,103,37.37373737373738,18.68686868686869,18.68686868686869,62.62626262626263,10.606060606060606,52.02020202020202
E00088072,262,24,9,15,238,23,215,9.16030534351145,3.435114503816794,5.7251908396946565,90.83969465648855,8.778625954198473,82.06106870229007
E00088074,286,34,9,25,252,27,225,11.888111888111888,3.146853146853147,8.741258741258742,88.11188811188812,9.44055944055944,78.67132867132867
E00088076,301,44,11,33,257,25,232,14.61794019933555,3.6544850498338874,10.96345514950166,85.38205980066445,8.305647840531561,77.0764119601329
E00088077,306,28,8,20,278,19,259,9.15032679738562,2.6143790849673203,6.535947712418301,90.84967320261438,6.209150326797386,84.640522875817
E00088078,448,45,15,30,403,32,371,10.044642857142858,3.3482142857142856,6.696428571428571,89.95535714285714,7.142857142857142,82.8125
E00088079,283,35,8,27,248,22,226,12.36749116607774,2.8268551236749118,9.540636042402827,87.63250883392226,7.773851590106007,79.85865724381625
E00088080,273,24,5,19,249,12,237,8.791208791208792,1.8315018315018317,6.95970695970696,91.20879120879121,4.395604395604396,86.81318681318682
E00088081,307,57,25,32,250,33,217,18.566775244299674,8.143322475570033,10.423452768729643,81.43322475570032,10.749185667752444,70.68403908794788
E00088082,333,53,18,35,280,34,246,15.915915915915916,5.405405405405405,10.51051051051051,84.08408408408408,10.21021021021021,73.87387387387388
E00088083,435,92,39,53,343,32,311,21.149425287356323,8.96551724137931,12.183908045977011,78.85057471264368,7.35632183908046,71.49425287356321
E00088084,324,48,18,30,276,26,250,14.814814814814813,5.555555555555555,9.25925925925926,85.18518518518519,8.024691358024691,77.1604938271605
E00088086,293,39,16,23,254,26,228,13.310580204778159,5.460750853242321,7.849829351535837,86.68941979522185,8.873720136518772,77.81569965870307
E00088087,353,57,19,38,296,25,271,16.147308781869686,5.382436260623229,10.764872521246458,83.85269121813032,7.0821529745042495,76.77053824362606
E00088088,485,64,16,48,421,46,375,13.195876288659795,3.2989690721649487,9.896907216494846,86.80412371134021,9.484536082474227,77.31958762886599
E00088089,296,77,32,45,219,32,187,26.013513513513516,10.81081081081081,15.202702702702704,73.98648648648648,10.81081081081081,63.17567567567568
E00088090,406,81,34,47,325,24,301,19.950738916256157,8.374384236453201,11.576354679802956,80.04926108374384,5.911330049261084,74.13793103448276
E00088091,355,37,9,28,318,24,294,10.422535211267606,2.535211267605634,7.887323943661972,89.5774647887324,6.760563380281689,82.8169014084507
E00088092,295,39,15,24,256,25,231,13.220338983050848,5.084745762711865,8.135593220338983,86.77966101694915,8.47457627118644,78.30508474576271
E00088095,233,47,16,31,186,18,168,20.171673819742487,6.866952789699571,13.304721030042918,79.82832618025752,7.725321888412018,72.1030042918455
E00088096,303,52,27,25,251,13,238,17.16171617161716,8.91089108910891,8.25082508250825,82.83828382838284,4.29042904290429,78.54785478547855
E00088097,488,62,24,38,426,40,386,12.704918032786885,4.918032786885246,7.786885245901639,87.29508196721312,8.19672131147541,79.09836065573771
E00088099,420,69,18,51,351,31,320,16.428571428571427,4.285714285714286,12.142857142857142,83.57142857142857,7.380952380952381,76.19047619047619
E00088100,297,49,11,38,248,30,218,16.4983164983165,3.7037037037037033,12.794612794612794,83.5016835016835,10.1010101010101,73.4006734006734
E00088101,373,66,25,41,307,30,277,17.694369973190348,6.702412868632708,10.991957104557642,82.30563002680965,8.04289544235925,74.26273458445041
E00088102,311,39,18,21,272,30,242,12.540192926045016,5.787781350482315,6.752411575562702,87.45980707395499,9.646302250803858,77.81350482315112
E00088103,268,39,8,31,229,19,210,14.55223880597015,2.9850746268656714,11.567164179104477,85.44776119402985,7.08955223880597,78.35820895522389
E00088104,338,57,21,36,281,27,254,16.86390532544379,6.21301775147929,10.650887573964498,83.13609467455622,7.988165680473373,75.14792899408283
E00088105,298,38,11,27,260,27,233,12.751677852348994,3.691275167785235,9.060402684563758,87.24832214765101,9.060402684563758,78.18791946308725
E00088107,318,57,17,40,261,30,231,17.92452830188679,5.345911949685535,12.578616352201259,82.0754716981132,9.433962264150944,72.64150943396226
E00088108,273,51,20,31,222,21,201,18.681318681318682,7.326007326007327,11.355311355311356,81.31868131868131,7.6923076923076925,73.62637362637363
E00088109,450,61,18,43,389,42,347,13.555555555555557,4,9.555555555555555,86.44444444444444,9.333333333333334,77.11111111111111
E00088110,309,39,11,28,270,31,239,12.62135922330097,3.559870550161812,9.06148867313916,87.37864077669903,10.032362459546926,77.34627831715211
E00088111,313,57,17,40,256,18,238,18.210862619808307,5.431309904153355,12.779552715654951,81.78913738019169,5.7507987220447285,76.03833865814697
E00088115,111,21,9,12,90,8,82,18.91891891891892,8.108108108108109,10.81081081081081,81.08108108108108,7.207207207207207,73.87387387387388
E00088116,386,66,21,45,320,32,288,17.098445595854923,5.4404145077720205,11.658031088082902,82.90155440414507,8.290155440414509,74.61139896373057
E00088117,160,19,7,12,141,9,132,11.875,4.375,7.5,88.125,5.625,82.5
E00088118,372,74,44,30,298,26,272,19.892473118279568,11.827956989247312,8.064516129032258,80.10752688172043,6.989247311827956,73.11827956989248
E00088119,306,27,10,17,279,34,245,8.823529411764707,3.2679738562091507,5.555555555555555,91.17647058823529,11.11111111111111,80.06535947712419
E00088120,332,70,29,41,262,27,235,21.084337349397593,8.734939759036145,12.349397590361445,78.91566265060241,8.132530120481928,70.78313253012048
E00088121,427,54,18,36,373,45,328,12.646370023419204,4.215456674473068,8.430913348946136,87.35362997658079,10.53864168618267,76.81498829039812
E00088122,324,53,19,34,271,15,256,16.358024691358025,5.864197530864197,10.493827160493826,83.64197530864197,4.62962962962963,79.01234567901234
E00088123,333,44,16,28,289,28,261,13.213213213213212,4.804804804804805,8.408408408408409,86.78678678678679,8.408408408408409,78.37837837837837
E00088124,272,52,22,30,220,30,190,19.11764705882353,8.088235294117647,11.029411764705882,80.88235294117648,11.029411764705882,69.85294117647058
E00088125,329,40,11,29,289,19,270,12.158054711246201,3.343465045592705,8.814589665653495,87.84194528875379,5.775075987841945,82.06686930091185
E00088126,437,52,11,41,385,34,351,11.899313501144166,2.517162471395881,9.382151029748284,88.10068649885584,7.780320366132723,80.32036613272311
E00088127,220,17,5,12,203,12,191,7.727272727272727,2.272727272727273,5.454545454545454,92.27272727272727,5.454545454545454,86.81818181818181
E00088128,444,85,24,61,359,33,326,19.144144144144143,5.405405405405405,13.73873873873874,80.85585585585585,7.4324324324324325,73.42342342342343
E00088129,263,67,34,33,196,23,173,25.475285171102662,12.927756653992395,12.547528517110266,74.52471482889734,8.745247148288973,65.77946768060836
E00088130,377,47,14,33,330,26,304,12.46684350132626,3.7135278514588856,8.753315649867375,87.53315649867373,6.896551724137931,80.63660477453581
E00088131,319,40,15,25,279,17,262,12.539184952978054,4.702194357366771,7.836990595611286,87.46081504702194,5.329153605015674,82.13166144200626
E00088611,246,53,21,32,193,20,173,21.544715447154474,8.536585365853659,13.008130081300814,78.45528455284553,8.130081300813007,70.32520325203252
E00088612,343,45,14,31,298,22,276,13.119533527696792,4.081632653061225,9.037900874635568,86.88046647230321,6.41399416909621,80.466472303207
E00088613,521,79,27,52,442,52,390,15.163147792706333,5.182341650671785,9.980806142034549,84.83685220729367,9.980806142034549,74.85604606525912
E00088615,311,76,34,42,235,20,215,24.437299035369776,10.932475884244374,13.504823151125404,75.56270096463022,6.430868167202572,69.13183279742765
E00088616,470,93,48,45,377,42,335,19.78723404255319,10.212765957446807,9.574468085106384,80.2127659574468,8.936170212765958,71.27659574468085
E00088617,272,36,15,21,236,24,212,13.23529411764706,5.514705882352941,7.720588235294118,86.76470588235294,8.823529411764707,77.94117647058823
E00088618,460,51,17,34,409,42,367,11.08695652173913,3.6956521739130435,7.391304347826087,88.91304347826086,9.130434782608695,79.78260869565217
E00088619,263,58,20,38,205,21,184,22.0532319391635,7.604562737642586,14.44866920152091,77.9467680608365,7.984790874524715,69.96197718631178
E00088620,289,38,12,26,251,16,235,13.148788927335639,4.1522491349480966,8.996539792387544,86.85121107266436,5.536332179930796,81.31487889273356
E00088621,260,67,25,42,193,12,181,25.769230769230766,9.615384615384617,16.153846153846153,74.23076923076923,4.615384615384616,69.61538461538461
E00088622,217,61,19,42,156,20,136,28.110599078341014,8.755760368663594,19.35483870967742,71.88940092165899,9.216589861751153,62.67281105990783
E00088623,324,39,11,28,285,40,245,12.037037037037036,3.3950617283950617,8.641975308641975,87.96296296296296,12.345679012345679,75.61728395061729
E00088624,270,33,10,23,237,25,212,12.222222222222221,3.7037037037037033,8.518518518518519,87.77777777777777,9.25925925925926,78.51851851851852
E00088625,274,68,23,45,206,19,187,24.817518248175183,8.394160583941606,16.423357664233578,75.18248175182481,6.934306569343065,68.24817518248175
E00088626,434,49,15,34,385,53,332,11.29032258064516,3.4562211981566824,7.834101382488479,88.70967741935483,12.211981566820276,76.49769585253456
E00088627,339,44,15,29,295,31,264,12.979351032448378,4.424778761061947,8.55457227138643,87.02064896755162,9.144542772861357,77.87610619469027
E00088628,336,27,4,23,309,24,285,8.035714285714286,1.1904761904761905,6.845238095238096,91.96428571428571,7.142857142857142,84.82142857142857
E00088629,372,62,20,42,310,28,282,16.666666666666664,5.376344086021505,11.29032258064516,83.33333333333334,7.526881720430108,75.80645161290323
E00088630,358,57,31,26,301,21,280,15.921787709497206,8.659217877094973,7.262569832402235,84.07821229050279,5.865921787709497,78.2122905027933
E00088631,326,57,20,37,269,31,238,17.484662576687114,6.134969325153374,11.349693251533742,82.51533742331289,9.509202453987731,73.00613496932516
E00088632,294,48,6,42,246,26,220,16.3265306122449,2.0408163265306123,14.285714285714285,83.6734693877551,8.843537414965986,74.82993197278913
E00088633,239,57,21,36,182,25,157,23.84937238493724,8.786610878661087,15.062761506276152,76.15062761506276,10.460251046025103,65.69037656903765
E00088634,303,35,11,24,268,29,239,11.55115511551155,3.6303630363036308,7.920792079207921,88.44884488448845,9.570957095709572,78.87788778877888
E00088635,354,53,19,34,301,16,285,14.971751412429379,5.367231638418079,9.6045197740113,85.02824858757062,4.519774011299435,80.50847457627118
E00088636,356,59,25,34,297,27,270,16.573033707865168,7.02247191011236,9.550561797752808,83.42696629213484,7.584269662921349,75.84269662921348
E00088637,407,62,24,38,345,26,319,15.233415233415235,5.896805896805897,9.336609336609335,84.76658476658476,6.388206388206388,78.37837837837837
E00088638,311,64,20,44,247,24,223,20.578778135048232,6.430868167202572,14.14790996784566,79.42122186495176,7.717041800643088,71.70418006430869
E00088639,346,71,24,47,275,25,250,20.520231213872833,6.9364161849710975,13.583815028901732,79.47976878612717,7.225433526011561,72.25433526011561
E00088640,287,48,16,32,239,30,209,16.72473867595819,5.574912891986063,11.149825783972126,83.27526132404182,10.452961672473867,72.82229965156795
E00088641,343,48,16,32,295,33,262,13.994169096209912,4.664723032069971,9.329446064139942,86.0058309037901,9.620991253644315,76.38483965014578
E00088642,316,45,14,31,271,24,247,14.240506329113925,4.430379746835443,9.81012658227848,85.75949367088607,7.59493670886076,78.16455696202532
E00088643,317,27,5,22,290,31,259,8.517350157728707,1.5772870662460567,6.940063091482649,91.48264984227129,9.779179810725552,81.70347003154575
E00088644,321,58,21,37,263,24,239,18.06853582554517,6.5420560747663545,11.526479750778815,81.93146417445483,7.476635514018691,74.45482866043614
E00088645,370,50,11,39,320,27,293,13.513513513513514,2.9729729729729732,10.54054054054054,86.48648648648648,7.297297297297297,79.1891891891892
E00088646,315,36,20,16,279,28,251,11.428571428571429,6.349206349206349,5.079365079365079,88.57142857142857,8.88888888888889,79.68253968253968
E00088647,259,52,19,33,207,21,186,20.077220077220076,7.335907335907336,12.741312741312742,79.92277992277992,8.108108108108109,71.81467181467181
E00088648,304,38,7,31,266,33,233,12.5,2.302631578947368,10.197368421052632,87.5,10.855263157894738,76.64473684210526
E00088649,329,50,18,32,279,30,249,15.19756838905775,5.47112462006079,9.72644376899696,84.80243161094225,9.118541033434651,75.6838905775076
E00088650,332,44,18,26,288,30,258,13.253012048192772,5.421686746987952,7.83132530120482,86.74698795180723,9.036144578313253,77.71084337349397
E00088651,276,46,12,34,230,18,212,16.666666666666664,4.3478260869565215,12.318840579710146,83.33333333333334,6.521739130434782,76.81159420289855
E00088653,235,58,22,36,177,18,159,24.680851063829788,9.361702127659575,15.319148936170212,75.31914893617021,7.659574468085106,67.65957446808511
E00088654,385,60,24,36,325,24,301,15.584415584415584,6.233766233766234,9.35064935064935,84.4155844155844,6.233766233766234,78.18181818181819
E00088655,413,51,22,29,362,19,343,12.34866828087167,5.326876513317192,7.021791767554479,87.65133171912834,4.600484261501211,83.05084745762711
E00088656,239,72,33,39,167,24,143,30.125523012552303,13.807531380753138,16.317991631799163,69.8744769874477,10.0418410041841,59.83263598326359
E00088657,263,26,5,21,237,21,216,9.885931558935361,1.9011406844106464,7.984790874524715,90.11406844106465,7.984790874524715,82.12927756653993
E00088658,374,41,12,29,333,33,300,10.962566844919785,3.2085561497326207,7.754010695187167,89.03743315508021,8.823529411764707,80.21390374331551
E00088659,312,49,14,35,263,22,241,15.705128205128204,4.487179487179487,11.217948717948719,84.2948717948718,7.051282051282051,77.24358974358975
E00088660,197,36,15,21,161,23,138,18.274111675126903,7.614213197969544,10.65989847715736,81.7258883248731,11.6751269035533,70.05076142131979
E00088661,148,38,23,15,110,13,97,25.675675675675674,15.54054054054054,10.135135135135135,74.32432432432432,8.783783783783784,65.54054054054053
E00088662,313,62,36,26,251,21,230,19.808306709265175,11.501597444089457,8.30670926517572,80.19169329073482,6.7092651757188495,73.48242811501598
E00088663,310,49,20,29,261,19,242,15.806451612903224,6.451612903225806,9.35483870967742,84.19354838709677,6.129032258064516,78.06451612903226
E00088664,381,53,18,35,328,34,294,13.910761154855644,4.724409448818897,9.186351706036746,86.08923884514435,8.923884514435695,77.16535433070865
E00088665,309,46,17,29,263,32,231,14.886731391585762,5.501618122977346,9.385113268608414,85.11326860841424,10.355987055016183,74.75728155339806
E00088666,498,73,26,47,425,38,387,14.65863453815261,5.220883534136546,9.437751004016064,85.34136546184739,7.630522088353414,77.71084337349397
E00088667,320,61,28,33,259,22,237,19.0625,8.75,10.3125,80.9375,6.875000000000001,74.0625
E00088668,291,48,13,35,243,25,218,16.49484536082474,4.4673539518900345,12.027491408934708,83.50515463917526,8.59106529209622,74.91408934707904
E00088669,344,38,14,24,306,25,281,11.046511627906977,4.069767441860465,6.976744186046512,88.95348837209302,7.267441860465117,81.68604651162791
E00088670,313,45,21,24,268,27,241,14.376996805111823,6.7092651757188495,7.667731629392971,85.62300319488818,8.626198083067091,76.99680511182109
E00088671,305,40,10,30,265,29,236,13.114754098360656,3.278688524590164,9.836065573770492,86.88524590163934,9.508196721311474,77.37704918032787
E00088672,280,36,14,22,244,21,223,12.857142857142856,5,7.857142857142857,87.14285714285714,7.5,79.64285714285714
E00088673,265,33,12,21,232,22,210,12.452830188679245,4.528301886792453,7.9245283018867925,87.54716981132076,8.30188679245283,79.24528301886792
E00088674,345,71,35,36,274,18,256,20.579710144927535,10.144927536231885,10.434782608695652,79.42028985507247,5.217391304347826,74.20289855072464
E00088675,334,59,20,39,275,20,255,17.664670658682635,5.9880239520958085,11.676646706586826,82.33532934131736,5.9880239520958085,76.34730538922156
E00088676,325,55,22,33,270,26,244,16.923076923076923,6.769230769230769,10.153846153846153,83.07692307692308,8,75.07692307692308
E00088677,298,53,16,37,245,29,216,17.78523489932886,5.369127516778524,12.416107382550337,82.21476510067114,9.731543624161073,72.48322147651007
E00088678,378,52,14,38,326,25,301,13.756613756613756,3.7037037037037033,10.052910052910052,86.24338624338624,6.613756613756613,79.62962962962963
E00088679,354,54,15,39,300,20,280,15.254237288135593,4.23728813559322,11.016949152542372,84.7457627118644,5.649717514124294,79.09604519774011
E00088680,239,89,53,36,150,11,139,37.238493723849366,22.17573221757322,15.062761506276152,62.76150627615063,4.602510460251046,58.15899581589959
E00088681,394,50,20,30,344,24,320,12.690355329949238,5.0761421319796955,7.614213197969544,87.30964467005076,6.091370558375635,81.21827411167513
E00088682,296,54,20,34,242,24,218,18.243243243243242,6.756756756756757,11.486486486486488,81.75675675675676,8.108108108108109,73.64864864864865
E00088684,273,29,13,16,244,17,227,10.622710622710622,4.761904761904762,5.86080586080586,89.37728937728939,6.227106227106227,83.15018315018315
E00088686,345,44,20,24,301,12,289,12.753623188405797,5.797101449275362,6.956521739130435,87.2463768115942,3.4782608695652173,83.76811594202898
E00088687,335,62,31,31,273,27,246,18.507462686567163,9.253731343283581,9.253731343283581,81.49253731343283,8.059701492537313,73.43283582089552
E00088688,337,53,28,25,284,17,267,15.727002967359049,8.30860534124629,7.418397626112759,84.27299703264094,5.044510385756676,79.22848664688428
E00088690,469,68,31,37,401,25,376,14.498933901918976,6.609808102345416,7.889125799573561,85.50106609808103,5.330490405117271,80.17057569296375
E00088692,282,59,17,42,223,19,204,20.921985815602838,6.028368794326241,14.893617021276595,79.07801418439716,6.73758865248227,72.3404255319149
E00088693,339,61,38,23,278,21,257,17.99410029498525,11.209439528023598,6.784660766961652,82.00589970501476,6.1946902654867255,75.81120943952803
E00088694,315,60,15,45,255,27,228,19.047619047619047,4.761904761904762,14.285714285714285,80.95238095238095,8.571428571428571,72.38095238095238
E00088695,298,55,21,34,243,22,221,18.456375838926174,7.046979865771812,11.409395973154362,81.54362416107382,7.38255033557047,74.16107382550335
E00088696,412,51,20,31,361,39,322,12.37864077669903,4.854368932038835,7.524271844660194,87.62135922330097,9.466019417475728,78.15533980582524
E00088697,260,36,12,24,224,12,212,13.846153846153847,4.615384615384616,9.230769230769232,86.15384615384616,4.615384615384616,81.53846153846153
E00088698,337,73,33,40,264,23,241,21.66172106824926,9.792284866468842,11.869436201780417,78.33827893175074,6.824925816023739,71.51335311572701
E00088699,184,35,15,20,149,15,134,19.021739130434785,8.152173913043478,10.869565217391305,80.97826086956522,8.152173913043478,72.82608695652173
E00088700,248,28,4,24,220,33,187,11.29032258064516,1.6129032258064515,9.67741935483871,88.70967741935483,13.306451612903224,75.40322580645162
E00088701,301,57,28,29,244,16,228,18.93687707641196,9.30232558139535,9.634551495016613,81.06312292358804,5.3156146179401995,75.74750830564784
E00088702,286,37,8,29,249,25,224,12.937062937062937,2.797202797202797,10.13986013986014,87.06293706293707,8.741258741258742,78.32167832167832
E00088704,312,49,16,33,263,26,237,15.705128205128204,5.128205128205128,10.576923076923077,84.2948717948718,8.333333333333332,75.96153846153845
E00088705,306,44,14,30,262,20,242,14.37908496732026,4.57516339869281,9.803921568627452,85.62091503267973,6.535947712418301,79.08496732026144
E00088706,332,47,23,24,285,28,257,14.156626506024098,6.927710843373494,7.228915662650602,85.8433734939759,8.433734939759036,77.40963855421687
E00088707,429,76,23,53,353,25,328,17.715617715617714,5.361305361305361,12.354312354312354,82.28438228438229,5.827505827505827,76.45687645687646
E00088708,392,40,11,29,352,25,327,10.204081632653061,2.806122448979592,7.3979591836734695,89.79591836734694,6.377551020408164,83.41836734693877
E00088709,316,43,10,33,273,25,248,13.60759493670886,3.1645569620253164,10.443037974683545,86.39240506329115,7.9113924050632916,78.48101265822784
E00088710,313,40,17,23,273,22,251,12.779552715654951,5.431309904153355,7.348242811501597,87.22044728434504,7.0287539936102235,80.19169329073482
E00088711,272,57,22,35,215,19,196,20.955882352941178,8.088235294117647,12.867647058823529,79.04411764705883,6.985294117647059,72.05882352941177
E00088712,258,46,17,29,212,15,197,17.829457364341085,6.5891472868217065,11.24031007751938,82.17054263565892,5.813953488372093,76.35658914728683
E00088713,278,42,16,26,236,28,208,15.107913669064748,5.755395683453238,9.352517985611511,84.89208633093526,10.071942446043165,74.82014388489209
E00088714,271,44,15,29,227,22,205,16.236162361623617,5.535055350553505,10.70110701107011,83.76383763837639,8.118081180811808,75.64575645756457
E00088715,307,47,16,31,260,25,235,15.309446254071663,5.211726384364821,10.097719869706841,84.69055374592834,8.143322475570033,76.54723127035831
E00088717,396,37,3,34,359,42,317,9.343434343434344,0.7575757575757576,8.585858585858585,90.65656565656566,10.606060606060606,80.05050505050505
E00088718,351,51,17,34,300,21,279,14.529914529914532,4.843304843304843,9.686609686609685,85.47008547008546,5.982905982905983,79.48717948717949
E00088719,296,96,43,53,200,20,180,32.432432432432435,14.527027027027026,17.905405405405407,67.56756756756756,6.756756756756757,60.810810810810814
E00088720,304,43,17,26,261,21,240,14.144736842105262,5.592105263157895,8.552631578947368,85.85526315789474,6.907894736842106,78.94736842105263
E00088721,464,62,22,40,402,41,361,13.36206896551724,4.741379310344827,8.620689655172415,86.63793103448276,8.836206896551724,77.80172413793103
E00088722,294,68,34,34,226,23,203,23.12925170068027,11.564625850340136,11.564625850340136,76.87074829931973,7.8231292517006805,69.04761904761905
E00088723,321,41,20,21,280,33,247,12.77258566978193,6.230529595015576,6.5420560747663545,87.22741433021807,10.2803738317757,76.94704049844236
E00088724,372,53,17,36,319,30,289,14.24731182795699,4.56989247311828,9.67741935483871,85.75268817204301,8.064516129032258,77.68817204301075
E00088725,544,79,26,53,465,38,427,14.522058823529413,4.779411764705882,9.742647058823529,85.47794117647058,6.985294117647059,78.49264705882352
E00088726,520,91,43,48,429,53,376,17.5,8.269230769230768,9.230769230769232,82.5,10.192307692307692,72.3076923076923
E00088727,272,29,7,22,243,20,223,10.661764705882353,2.5735294117647056,8.088235294117647,89.33823529411765,7.352941176470589,81.98529411764706
E00088729,318,68,33,35,250,16,234,21.38364779874214,10.377358490566039,11.0062893081761,78.61635220125787,5.031446540880504,73.58490566037736
E00088730,436,93,34,59,343,25,318,21.3302752293578,7.79816513761468,13.53211009174312,78.6697247706422,5.73394495412844,72.93577981651376
E00088731,266,52,26,26,214,14,200,19.548872180451127,9.774436090225564,9.774436090225564,80.45112781954887,5.263157894736842,75.18796992481202
E00088732,355,72,33,39,283,28,255,20.281690140845072,9.295774647887324,10.985915492957748,79.71830985915493,7.887323943661972,71.83098591549296
E00088733,306,81,53,28,225,21,204,26.47058823529412,17.320261437908496,9.15032679738562,73.52941176470588,6.862745098039216,66.66666666666666
E00088734,348,39,14,25,309,23,286,11.206896551724139,4.022988505747127,7.183908045977011,88.79310344827587,6.609195402298851,82.18390804597702
E00088735,290,24,9,15,266,14,252,8.275862068965518,3.103448275862069,5.172413793103448,91.72413793103448,4.827586206896552,86.89655172413792
E00088736,357,44,17,27,313,25,288,12.324929971988796,4.761904761904762,7.563025210084033,87.6750700280112,7.002801120448179,80.67226890756302
E00088737,292,44,8,36,248,13,235,15.068493150684931,2.73972602739726,12.32876712328767,84.93150684931507,4.4520547945205475,80.47945205479452
E00088738,486,58,13,45,428,34,394,11.934156378600823,2.674897119341564,9.25925925925926,88.06584362139918,6.995884773662551,81.06995884773663
E00088740,289,33,15,18,256,19,237,11.418685121107266,5.190311418685121,6.228373702422145,88.58131487889274,6.5743944636678195,82.00692041522491
E00088742,290,52,20,32,238,14,224,17.93103448275862,6.896551724137931,11.03448275862069,82.06896551724138,4.827586206896552,77.24137931034483
E00088743,335,75,52,23,260,25,235,22.388059701492537,15.522388059701491,6.865671641791045,77.61194029850746,7.462686567164178,70.1492537313433
E00088744,345,28,8,20,317,14,303,8.115942028985506,2.318840579710145,5.797101449275362,91.88405797101449,4.057971014492753,87.82608695652175
E00088745,440,68,16,52,372,29,343,15.454545454545453,3.6363636363636362,11.818181818181818,84.54545454545455,6.59090909090909,77.95454545454545
E00088746,312,37,15,22,275,19,256,11.858974358974358,4.807692307692308,7.051282051282051,88.14102564102564,6.089743589743589,82.05128205128204
E00088747,283,93,52,41,190,26,164,32.86219081272085,18.374558303886925,14.487632508833922,67.13780918727915,9.187279151943462,57.95053003533569
E00088748,237,35,10,25,202,16,186,14.767932489451477,4.219409282700422,10.548523206751055,85.23206751054853,6.751054852320674,78.48101265822784
E00088749,603,74,30,44,529,33,496,12.271973466003317,4.975124378109453,7.2968490878938645,87.72802653399668,5.472636815920398,82.25538971807629
E00088750,430,112,76,36,318,25,293,26.046511627906977,17.674418604651162,8.372093023255815,73.95348837209302,5.813953488372093,68.13953488372093
E00088751,356,40,14,26,316,21,295,11.235955056179774,3.932584269662921,7.303370786516854,88.76404494382022,5.8988764044943816,82.86516853932584
E00088752,387,54,23,31,333,33,300,13.953488372093023,5.943152454780361,8.010335917312661,86.04651162790698,8.527131782945736,77.51937984496125
E00088753,326,48,14,34,278,32,246,14.723926380368098,4.294478527607362,10.429447852760736,85.2760736196319,9.815950920245399,75.4601226993865
E00088754,393,40,9,31,353,24,329,10.178117048346055,2.2900763358778624,7.888040712468193,89.82188295165395,6.106870229007633,83.7150127226463
E00088755,316,45,17,28,271,17,254,14.240506329113925,5.379746835443038,8.860759493670885,85.75949367088607,5.379746835443038,80.37974683544303
E00088756,334,43,16,27,291,23,268,12.874251497005988,4.790419161676647,8.08383233532934,87.12574850299401,6.88622754491018,80.23952095808383
E00088757,357,45,15,30,312,28,284,12.605042016806722,4.201680672268908,8.403361344537815,87.39495798319328,7.8431372549019605,79.55182072829132
E00088758,306,37,12,25,269,20,249,12.091503267973856,3.9215686274509802,8.169934640522875,87.90849673202614,6.535947712418301,81.37254901960785
E00088759,286,54,14,40,232,15,217,18.88111888111888,4.895104895104895,13.986013986013987,81.11888111888112,5.244755244755245,75.87412587412588
E00088760,398,48,15,33,350,22,328,12.060301507537687,3.7688442211055273,8.291457286432161,87.93969849246231,5.527638190954774,82.41206030150754
E00088761,576,76,29,47,500,39,461,13.194444444444445,5.034722222222222,8.159722222222223,86.80555555555556,6.770833333333333,80.03472222222221
E00088762,369,46,18,28,323,24,299,12.466124661246612,4.878048780487805,7.588075880758807,87.53387533875339,6.504065040650407,81.02981029810297
E00088763,350,57,23,34,293,27,266,16.28571428571429,6.571428571428571,9.714285714285714,83.71428571428572,7.7142857142857135,76
E00088764,307,42,16,26,265,18,247,13.680781758957655,5.211726384364821,8.469055374592834,86.31921824104235,5.863192182410423,80.45602605863192
E00088765,190,24,8,16,166,10,156,12.631578947368421,4.2105263157894735,8.421052631578947,87.36842105263159,5.263157894736842,82.10526315789474
E00088766,329,44,14,30,285,33,252,13.37386018237082,4.25531914893617,9.118541033434651,86.62613981762918,10.030395136778116,76.59574468085107
E00088767,370,51,18,33,319,19,300,13.783783783783784,4.864864864864865,8.91891891891892,86.21621621621621,5.135135135135135,81.08108108108108
E00088768,314,51,21,30,263,25,238,16.24203821656051,6.687898089171974,9.554140127388536,83.7579617834395,7.961783439490445,75.79617834394905
E00088769,337,56,17,39,281,18,263,16.61721068249258,5.044510385756676,11.572700296735905,83.38278931750742,5.341246290801187,78.04154302670622
E00088770,313,46,21,25,267,15,252,14.696485623003195,6.7092651757188495,7.987220447284344,85.3035143769968,4.792332268370607,80.5111821086262
E00088771,272,29,13,16,243,25,218,10.661764705882353,4.779411764705882,5.88235294117647,89.33823529411765,9.191176470588236,80.14705882352942
E00088772,281,65,32,33,216,22,194,23.131672597864767,11.387900355871885,11.743772241992882,76.86832740213522,7.829181494661921,69.03914590747331
E00088773,316,65,19,46,251,23,228,20.569620253164558,6.012658227848101,14.556962025316455,79.43037974683544,7.2784810126582276,72.15189873417721
E00088774,300,58,27,31,242,32,210,19.333333333333332,9,10.333333333333334,80.66666666666666,10.666666666666668,70
E00088775,267,30,10,20,237,22,215,11.235955056179774,3.7453183520599254,7.490636704119851,88.76404494382022,8.239700374531834,80.52434456928839
E00088776,300,34,11,23,266,24,242,11.333333333333332,3.6666666666666665,7.666666666666666,88.66666666666667,8,80.66666666666666
E00088777,286,53,18,35,233,31,202,18.53146853146853,6.293706293706294,12.237762237762238,81.46853146853147,10.839160839160838,70.62937062937063
E00088778,353,52,24,28,301,42,259,14.730878186968837,6.79886685552408,7.932011331444759,85.26912181303116,11.89801699716714,73.37110481586402
E00088779,180,37,12,25,143,12,131,20.555555555555554,6.666666666666667,13.88888888888889,79.44444444444444,6.666666666666667,72.77777777777777
E00088780,376,73,29,44,303,26,277,19.414893617021274,7.712765957446808,11.702127659574469,80.58510638297872,6.914893617021277,73.67021276595744
E00088781,156,22,7,15,134,9,125,14.102564102564102,4.487179487179487,9.615384615384617,85.8974358974359,5.769230769230769,80.12820512820514
E00088782,149,21,7,14,128,8,120,14.093959731543624,4.697986577181208,9.395973154362416,85.90604026845638,5.369127516778524,80.53691275167785
E00088783,148,46,25,21,102,10,92,31.08108108108108,16.89189189189189,14.18918918918919,68.91891891891892,6.756756756756757,62.16216216216216
E00088785,339,33,11,22,306,23,283,9.734513274336283,3.2448377581120944,6.489675516224189,90.2654867256637,6.784660766961652,83.48082595870207
E00088786,294,55,17,38,239,38,201,18.70748299319728,5.782312925170068,12.925170068027212,81.29251700680273,12.925170068027212,68.36734693877551
E00088787,387,93,61,32,294,22,272,24.031007751937985,15.762273901808785,8.2687338501292,75.96899224806202,5.684754521963824,70.28423772609818
E00088788,316,53,24,29,263,36,227,16.77215189873418,7.59493670886076,9.177215189873419,83.22784810126582,11.39240506329114,71.83544303797468
E00088789,259,61,25,36,198,17,181,23.552123552123554,9.652509652509652,13.8996138996139,76.44787644787645,6.563706563706563,69.88416988416989
E00088790,295,33,13,20,262,31,231,11.186440677966102,4.406779661016949,6.779661016949152,88.8135593220339,10.508474576271185,78.30508474576271
E00088791,271,54,25,29,217,23,194,19.92619926199262,9.22509225092251,10.70110701107011,80.07380073800738,8.487084870848708,71.58671586715867
E00088792,309,50,14,36,259,21,238,16.181229773462782,4.53074433656958,11.650485436893204,83.81877022653723,6.796116504854369,77.02265372168284
E00088793,370,52,13,39,318,28,290,14.054054054054054,3.5135135135135136,10.54054054054054,85.94594594594595,7.567567567567568,78.37837837837837
E00088794,382,56,16,40,326,29,297,14.659685863874344,4.18848167539267,10.471204188481675,85.34031413612566,7.591623036649215,77.74869109947645
E00088795,322,34,10,24,288,31,257,10.559006211180124,3.1055900621118013,7.453416149068323,89.44099378881988,9.627329192546584,79.8136645962733
E00088796,315,58,17,41,257,16,241,18.412698412698415,5.396825396825397,13.015873015873018,81.58730158730158,5.079365079365079,76.5079365079365
E00088797,270,35,7,28,235,26,209,12.962962962962962,2.5925925925925926,10.37037037037037,87.03703703703704,9.62962962962963,77.4074074074074
E00088798,294,66,25,41,228,25,203,22.448979591836736,8.503401360544217,13.945578231292515,77.55102040816327,8.503401360544217,69.04761904761905
E00088799,325,57,23,34,268,29,239,17.53846153846154,7.076923076923077,10.461538461538462,82.46153846153847,8.923076923076923,73.53846153846155
E00088800,412,64,26,38,348,18,330,15.53398058252427,6.310679611650485,9.223300970873787,84.46601941747572,4.368932038834951,80.09708737864078
E00088801,466,83,36,47,383,33,350,17.811158798283262,7.725321888412018,10.085836909871244,82.18884120171673,7.081545064377683,75.10729613733905
E00088802,277,54,20,34,223,21,202,19.494584837545126,7.2202166064981945,12.274368231046932,80.50541516245488,7.581227436823104,72.92418772563177
E00088803,317,48,21,27,269,17,252,15.141955835962145,6.624605678233439,8.517350157728707,84.85804416403786,5.3627760252365935,79.49526813880126
E00088804,303,43,15,28,260,26,234,14.19141914191419,4.9504950495049505,9.24092409240924,85.8085808580858,8.58085808580858,77.22772277227723
E00088805,265,49,21,28,216,20,196,18.49056603773585,7.9245283018867925,10.566037735849058,81.50943396226415,7.547169811320755,73.9622641509434
E00088806,308,45,17,28,263,32,231,14.61038961038961,5.51948051948052,9.090909090909092,85.3896103896104,10.38961038961039,75
E00088807,346,46,8,38,300,20,280,13.294797687861271,2.312138728323699,10.982658959537572,86.70520231213872,5.780346820809249,80.92485549132948
E00088808,308,49,15,34,259,23,236,15.909090909090908,4.870129870129871,11.03896103896104,84.0909090909091,7.467532467532467,76.62337662337663
E00088809,295,51,27,24,244,18,226,17.28813559322034,9.152542372881356,8.135593220338983,82.71186440677965,6.101694915254238,76.61016949152543
E00088810,337,73,26,47,264,14,250,21.66172106824926,7.71513353115727,13.94658753709199,78.33827893175074,4.154302670623145,74.1839762611276
E00088811,245,51,21,30,194,13,181,20.816326530612244,8.571428571428571,12.244897959183673,79.18367346938776,5.3061224489795915,73.87755102040816
E00088812,329,63,22,41,266,13,253,19.148936170212767,6.68693009118541,12.462006079027356,80.85106382978722,3.951367781155015,76.89969604863222
E00088813,316,73,38,35,243,14,229,23.10126582278481,12.025316455696203,11.075949367088606,76.89873417721519,4.430379746835443,72.46835443037975
E00088814,324,40,13,27,284,19,265,12.345679012345679,4.012345679012346,8.333333333333332,87.65432098765432,5.864197530864197,81.79012345679013
E00088815,353,55,26,29,298,23,275,15.58073654390935,7.365439093484419,8.21529745042493,84.41926345609065,6.515580736543909,77.90368271954674
E00088816,325,52,17,35,273,27,246,16,5.230769230769231,10.76923076923077,84,8.307692307692308,75.6923076923077
E00088817,327,44,14,30,283,31,252,13.455657492354739,4.281345565749235,9.174311926605505,86.54434250764525,9.480122324159021,77.06422018348624
E00088818,360,78,34,44,282,22,260,21.666666666666668,9.444444444444445,12.222222222222221,78.33333333333333,6.111111111111111,72.22222222222221
E00088819,308,42,13,29,266,30,236,13.636363636363635,4.220779220779221,9.415584415584416,86.36363636363636,9.740259740259742,76.62337662337663
E00088820,270,38,21,17,232,26,206,14.074074074074074,7.777777777777778,6.296296296296296,85.92592592592592,9.62962962962963,76.29629629629629
E00088821,297,53,19,34,244,21,223,17.845117845117844,6.397306397306397,11.447811447811448,82.15488215488216,7.07070707070707,75.08417508417509
E00088822,297,60,25,35,237,17,220,20.2020202020202,8.417508417508419,11.784511784511785,79.7979797979798,5.723905723905724,74.07407407407408
E00088823,349,55,21,34,294,34,260,15.759312320916905,6.017191977077363,9.742120343839542,84.2406876790831,9.742120343839542,74.49856733524355
E00088824,332,53,22,31,279,18,261,15.963855421686745,6.626506024096386,9.33734939759036,84.03614457831326,5.421686746987952,78.6144578313253
E00088825,339,51,21,30,288,36,252,15.04424778761062,6.1946902654867255,8.849557522123893,84.95575221238938,10.619469026548673,74.33628318584071
E00088828,441,65,29,36,376,22,354,14.73922902494331,6.575963718820861,8.16326530612245,85.26077097505669,4.988662131519274,80.27210884353741
E00088829,278,63,28,35,215,16,199,22.66187050359712,10.071942446043165,12.589928057553957,77.33812949640287,5.755395683453238,71.58273381294964
E00088830,306,74,34,40,232,24,208,24.183006535947712,11.11111111111111,13.071895424836603,75.81699346405229,7.8431372549019605,67.97385620915033
E00088831,340,59,23,36,281,15,266,17.352941176470587,6.764705882352941,10.588235294117647,82.6470588235294,4.411764705882353,78.23529411764706
E00088832,337,53,24,29,284,19,265,15.727002967359049,7.121661721068249,8.605341246290802,84.27299703264094,5.637982195845697,78.63501483679525
E00088833,251,43,21,22,208,11,197,17.131474103585656,8.366533864541832,8.764940239043826,82.86852589641434,4.382470119521913,78.48605577689243
E00088834,294,52,16,36,242,21,221,17.687074829931973,5.442176870748299,12.244897959183673,82.31292517006803,7.142857142857142,75.17006802721087
E00088835,257,49,13,36,208,16,192,19.06614785992218,5.058365758754864,14.007782101167315,80.93385214007782,6.22568093385214,74.70817120622569
E00088836,409,72,20,52,337,26,311,17.6039119804401,4.88997555012225,12.71393643031785,82.3960880195599,6.356968215158925,76.03911980440098
E00088837,385,70,34,36,315,18,297,18.181818181818183,8.831168831168831,9.35064935064935,81.81818181818183,4.675324675324675,77.14285714285715
E00088838,277,38,10,28,239,15,224,13.718411552346572,3.6101083032490973,10.108303249097473,86.28158844765343,5.415162454873646,80.86642599277978
E00088839,342,44,17,27,298,19,279,12.865497076023392,4.970760233918129,7.894736842105263,87.13450292397661,5.555555555555555,81.57894736842105
E00088840,331,64,27,37,267,18,249,19.335347432024168,8.157099697885197,11.178247734138973,80.66465256797582,5.438066465256798,75.22658610271903
E00088841,317,37,13,24,280,18,262,11.67192429022082,4.100946372239748,7.570977917981073,88.32807570977917,5.678233438485805,82.64984227129337
E00088842,389,72,28,44,317,27,290,18.50899742930591,7.197943444730077,11.311053984575835,81.49100257069408,6.940874035989718,74.55012853470437
E00088843,217,78,35,43,139,13,126,35.944700460829495,16.129032258064516,19.81566820276498,64.0552995391705,5.990783410138248,58.06451612903226
E00088844,237,30,10,20,207,15,192,12.658227848101266,4.219409282700422,8.438818565400844,87.34177215189874,6.329113924050633,81.0126582278481
E00088845,305,49,24,25,256,17,239,16.065573770491802,7.868852459016394,8.19672131147541,83.93442622950819,5.573770491803279,78.36065573770492
E00088846,404,65,26,39,339,23,316,16.08910891089109,6.435643564356436,9.653465346534654,83.9108910891089,5.693069306930694,78.21782178217822
E00088847,310,41,17,24,269,17,252,13.225806451612904,5.483870967741936,7.741935483870968,86.7741935483871,5.483870967741936,81.29032258064515
E00088848,307,35,9,26,272,19,253,11.400651465798045,2.9315960912052117,8.469055374592834,88.59934853420195,6.188925081433225,82.41042345276874
E00088849,263,42,14,28,221,22,199,15.96958174904943,5.323193916349809,10.646387832699618,84.03041825095056,8.365019011406844,75.66539923954373
E00088850,392,70,31,39,322,16,306,17.857142857142858,7.908163265306123,9.948979591836734,82.14285714285714,4.081632653061225,78.06122448979592
E00088851,389,72,30,42,317,17,300,18.50899742930591,7.712082262210797,10.796915167095115,81.49100257069408,4.370179948586118,77.12082262210797
E00088852,286,66,31,35,220,11,209,23.076923076923077,10.839160839160838,12.237762237762238,76.92307692307693,3.8461538461538463,73.07692307692307
E00088853,343,61,25,36,282,14,268,17.784256559766764,7.288629737609329,10.495626822157435,82.21574344023324,4.081632653061225,78.134110787172
E00088854,266,34,13,21,232,25,207,12.781954887218044,4.887218045112782,7.894736842105263,87.21804511278195,9.398496240601503,77.81954887218046
E00088855,325,50,12,38,275,38,237,15.384615384615385,3.6923076923076925,11.692307692307692,84.61538461538461,11.692307692307692,72.92307692307692
E00088856,339,48,18,30,291,22,269,14.15929203539823,5.3097345132743365,8.849557522123893,85.84070796460178,6.489675516224189,79.35103244837758
E00088857,315,37,8,29,278,25,253,11.746031746031745,2.5396825396825395,9.206349206349207,88.25396825396825,7.936507936507936,80.31746031746032
E00088858,337,48,14,34,289,26,263,14.243323442136498,4.154302670623145,10.089020771513352,85.7566765578635,7.71513353115727,78.04154302670622
E00088859,340,60,19,41,280,22,258,17.647058823529413,5.588235294117648,12.058823529411764,82.35294117647058,6.470588235294119,75.88235294117646
E00088860,301,48,12,36,253,23,230,15.946843853820598,3.9867109634551494,11.960132890365449,84.0531561461794,7.641196013289036,76.41196013289037
E00088861,306,38,11,27,268,27,241,12.418300653594772,3.594771241830065,8.823529411764707,87.58169934640523,8.823529411764707,78.75816993464052
E00088862,273,37,17,20,236,23,213,13.553113553113553,6.227106227106227,7.326007326007327,86.44688644688645,8.424908424908425,78.02197802197803
E00088863,283,47,17,30,236,20,216,16.607773851590103,6.007067137809187,10.60070671378092,83.3922261484099,7.06713780918728,76.32508833922262
E00088864,356,81,38,43,275,23,252,22.752808988764045,10.674157303370785,12.07865168539326,77.24719101123596,6.460674157303371,70.78651685393258
E00088865,333,45,16,29,288,24,264,13.513513513513514,4.804804804804805,8.708708708708707,86.48648648648648,7.207207207207207,79.27927927927928
E00088866,429,86,32,54,343,37,306,20.04662004662005,7.459207459207459,12.587412587412588,79.95337995337995,8.624708624708624,71.32867132867133
E00088867,269,36,13,23,233,18,215,13.382899628252787,4.83271375464684,8.550185873605948,86.61710037174721,6.691449814126393,79.92565055762083
E00088868,416,49,22,27,367,38,329,11.778846153846153,5.288461538461538,6.490384615384616,88.22115384615384,9.134615384615383,79.08653846153845
E00088869,288,41,13,28,247,34,213,14.23611111111111,4.513888888888888,9.722222222222223,85.76388888888889,11.805555555555555,73.95833333333334
E00088870,428,81,27,54,347,32,315,18.925233644859812,6.308411214953271,12.616822429906541,81.07476635514018,7.476635514018691,73.5981308411215
E00088871,411,118,63,55,293,18,275,28.710462287104622,15.328467153284672,13.381995133819952,71.28953771289538,4.37956204379562,66.90997566909975
E00088872,301,39,10,29,262,23,239,12.956810631229235,3.322259136212625,9.634551495016613,87.04318936877077,7.641196013289036,79.40199335548172
E00088873,293,49,19,30,244,16,228,16.723549488054605,6.484641638225256,10.238907849829351,83.27645051194538,5.460750853242321,77.81569965870307
E00088874,354,44,18,26,310,22,288,12.429378531073446,5.084745762711865,7.344632768361582,87.57062146892656,6.214689265536723,81.35593220338984
E00088876,428,78,35,43,350,29,321,18.22429906542056,8.177570093457943,10.046728971962617,81.77570093457945,6.775700934579438,75
E00088877,336,46,18,28,290,23,267,13.690476190476192,5.357142857142857,8.333333333333332,86.30952380952381,6.845238095238096,79.46428571428571
E00088878,245,52,21,31,193,17,176,21.224489795918366,8.571428571428571,12.653061224489795,78.77551020408163,6.938775510204081,71.83673469387755
E00088879,280,64,29,35,216,12,204,22.857142857142858,10.357142857142858,12.5,77.14285714285715,4.285714285714286,72.85714285714285
E00088880,333,51,15,36,282,22,260,15.315315315315313,4.504504504504505,10.81081081081081,84.68468468468468,6.606606606606606,78.07807807807808
E00088881,346,57,20,37,289,26,263,16.473988439306357,5.780346820809249,10.69364161849711,83.52601156069365,7.514450867052023,76.01156069364163
E00088882,408,130,79,51,278,22,256,31.862745098039213,19.362745098039216,12.5,68.13725490196079,5.392156862745098,62.745098039215684
E00088883,293,51,17,34,242,21,221,17.4061433447099,5.802047781569966,11.604095563139932,82.5938566552901,7.167235494880546,75.42662116040955
E00088884,271,38,17,21,233,22,211,14.022140221402212,6.273062730627306,7.7490774907749085,85.97785977859779,8.118081180811808,77.85977859778598
E00088885,325,44,15,29,281,27,254,13.538461538461538,4.615384615384616,8.923076923076923,86.46153846153845,8.307692307692308,78.15384615384615
E00088886,556,60,17,43,496,38,458,10.79136690647482,3.0575539568345325,7.7338129496402885,89.20863309352518,6.83453237410072,82.37410071942446
E00088887,321,39,6,33,282,28,254,12.149532710280374,1.8691588785046727,10.2803738317757,87.85046728971963,8.722741433021806,79.12772585669782
E00088888,348,37,11,26,311,42,269,10.632183908045976,3.1609195402298855,7.471264367816093,89.36781609195403,12.068965517241379,77.29885057471265
E00088889,416,56,24,32,360,33,327,13.461538461538462,5.769230769230769,7.6923076923076925,86.53846153846155,7.9326923076923075,78.60576923076923
E00088890,296,45,14,31,251,33,218,15.202702702702704,4.72972972972973,10.472972972972974,84.7972972972973,11.14864864864865,73.64864864864865
E00088891,294,28,8,20,266,26,240,9.523809523809524,2.7210884353741496,6.802721088435375,90.47619047619048,8.843537414965986,81.63265306122449
E00088892,288,26,8,18,262,35,227,9.027777777777777,2.7777777777777777,6.25,90.97222222222221,12.152777777777777,78.81944444444444
E00088893,273,28,8,20,245,32,213,10.256410256410255,2.93040293040293,7.326007326007327,89.74358974358975,11.72161172161172,78.02197802197803
E00088894,278,39,8,31,239,24,215,14.028776978417264,2.877697841726619,11.151079136690647,85.97122302158273,8.633093525179856,77.33812949640287
E00088895,360,47,17,30,313,32,281,13.055555555555557,4.722222222222222,8.333333333333332,86.94444444444444,8.88888888888889,78.05555555555556
E00088896,315,36,13,23,279,29,250,11.428571428571429,4.1269841269841265,7.301587301587302,88.57142857142857,9.206349206349207,79.36507936507937
E00088897,171,35,16,19,136,14,122,20.46783625730994,9.35672514619883,11.11111111111111,79.53216374269006,8.187134502923977,71.34502923976608
E00088898,264,41,20,21,223,23,200,15.530303030303031,7.575757575757576,7.954545454545454,84.46969696969697,8.712121212121213,75.75757575757575
E00088899,312,46,16,30,266,32,234,14.743589743589745,5.128205128205128,9.615384615384617,85.25641025641025,10.256410256410255,75
E00088900,366,42,16,26,324,41,283,11.475409836065573,4.371584699453552,7.103825136612022,88.52459016393442,11.202185792349727,77.3224043715847
E00088901,364,54,15,39,310,32,278,14.835164835164836,4.1208791208791204,10.714285714285714,85.16483516483517,8.791208791208792,76.37362637362637
E00088902,361,42,22,20,319,25,294,11.634349030470915,6.094182825484765,5.540166204986149,88.36565096952909,6.9252077562326875,81.4404432132964
E00088903,302,49,12,37,253,30,223,16.225165562913908,3.9735099337748347,12.251655629139073,83.77483443708608,9.933774834437086,73.84105960264901
E00088904,244,40,14,26,204,24,180,16.39344262295082,5.737704918032787,10.655737704918032,83.60655737704919,9.836065573770492,73.77049180327869
E00088905,259,28,9,19,231,26,205,10.81081081081081,3.474903474903475,7.335907335907336,89.1891891891892,10.038610038610038,79.15057915057915
E00088906,314,53,18,35,261,28,233,16.878980891719745,5.7324840764331215,11.146496815286625,83.12101910828027,8.9171974522293,74.20382165605095
E00088907,310,48,18,30,262,25,237,15.483870967741936,5.806451612903226,9.67741935483871,84.51612903225806,8.064516129032258,76.45161290322581
E00088908,361,55,23,32,306,35,271,15.23545706371191,6.3711911357340725,8.86426592797784,84.7645429362881,9.695290858725762,75.06925207756233
E00088909,237,39,18,21,198,16,182,16.455696202531644,7.59493670886076,8.860759493670885,83.54430379746836,6.751054852320674,76.79324894514767
E00088910,258,41,13,28,217,22,195,15.891472868217054,5.038759689922481,10.852713178294573,84.10852713178295,8.527131782945736,75.5813953488372
E00088912,304,54,21,33,250,28,222,17.763157894736842,6.907894736842106,10.855263157894738,82.23684210526315,9.210526315789473,73.02631578947368
E00088913,445,69,24,45,376,32,344,15.505617977528091,5.393258426966292,10.112359550561797,84.49438202247191,7.191011235955057,77.30337078651685
E00088914,371,68,23,45,303,32,271,18.328840970350406,6.199460916442049,12.129380053908356,81.6711590296496,8.62533692722372,73.04582210242587
E00088915,338,35,11,24,303,27,276,10.355029585798817,3.2544378698224854,7.100591715976331,89.64497041420118,7.988165680473373,81.65680473372781
E00088916,333,37,11,26,296,15,281,11.11111111111111,3.303303303303303,7.807807807807808,88.88888888888889,4.504504504504505,84.38438438438438
E00088917,316,36,13,23,280,17,263,11.39240506329114,4.113924050632911,7.2784810126582276,88.60759493670885,5.379746835443038,83.22784810126582
E00088918,294,27,5,22,267,22,245,9.183673469387756,1.7006802721088436,7.482993197278912,90.81632653061224,7.482993197278912,83.33333333333334
E00088919,288,54,15,39,234,22,212,18.75,5.208333333333334,13.541666666666666,81.25,7.638888888888889,73.61111111111111
E00088920,300,40,16,24,260,14,246,13.333333333333334,5.333333333333334,8,86.66666666666667,4.666666666666667,82
E00088921,298,54,21,33,244,24,220,18.120805369127517,7.046979865771812,11.073825503355705,81.87919463087249,8.053691275167784,73.8255033557047
E00088922,182,43,13,30,139,16,123,23.626373626373624,7.142857142857142,16.483516483516482,76.37362637362637,8.791208791208792,67.58241758241759
E00088923,359,63,26,37,296,16,280,17.548746518105848,7.242339832869081,10.30640668523677,82.45125348189416,4.456824512534819,77.99442896935933
E00088924,430,68,33,35,362,24,338,15.813953488372093,7.674418604651163,8.13953488372093,84.18604651162791,5.5813953488372094,78.6046511627907
E00088925,306,58,24,34,248,15,233,18.954248366013072,7.8431372549019605,11.11111111111111,81.04575163398692,4.901960784313726,76.1437908496732
E00088926,360,63,25,38,297,14,283,17.5,6.944444444444445,10.555555555555555,82.5,3.888888888888889,78.61111111111111
E00088927,359,74,31,43,285,17,268,20.61281337047354,8.635097493036211,11.977715877437326,79.38718662952647,4.735376044568245,74.65181058495823
E00088928,325,71,28,43,254,14,240,21.846153846153847,8.615384615384615,13.230769230769232,78.15384615384615,4.3076923076923075,73.84615384615385
E00088929,384,69,21,48,315,24,291,17.96875,5.46875,12.5,82.03125,6.25,75.78125
E00088930,349,29,10,19,320,26,294,8.30945558739255,2.865329512893983,5.444126074498568,91.69054441260745,7.4498567335243555,84.2406876790831
E00088931,345,56,31,25,289,19,270,16.231884057971012,8.985507246376812,7.246376811594203,83.76811594202898,5.507246376811594,78.26086956521739
E00088932,360,58,26,32,302,28,274,16.11111111111111,7.222222222222221,8.88888888888889,83.88888888888889,7.777777777777778,76.11111111111111
E00088933,370,53,26,27,317,30,287,14.324324324324325,7.027027027027027,7.297297297297297,85.67567567567568,8.108108108108109,77.56756756756756
E00088934,377,69,29,40,308,16,292,18.30238726790451,7.6923076923076925,10.610079575596817,81.6976127320955,4.244031830238726,77.45358090185677
E00088936,253,37,13,24,216,21,195,14.624505928853754,5.138339920948617,9.486166007905137,85.37549407114624,8.300395256916996,77.07509881422925
E00088937,351,56,23,33,295,28,267,15.954415954415953,6.552706552706552,9.401709401709402,84.04558404558404,7.977207977207977,76.06837606837607
E00088938,383,70,24,46,313,31,282,18.27676240208877,6.266318537859007,12.010443864229766,81.72323759791122,8.093994778067886,73.62924281984334
E00088939,385,71,24,47,314,25,289,18.441558441558442,6.233766233766234,12.207792207792208,81.55844155844156,6.493506493506493,75.06493506493507
E00088940,295,36,13,23,259,18,241,12.203389830508476,4.406779661016949,7.796610169491526,87.79661016949153,6.101694915254238,81.69491525423729
E00088941,368,57,25,32,311,51,260,15.489130434782608,6.7934782608695645,8.695652173913043,84.51086956521739,13.858695652173914,70.65217391304348
E00088942,336,45,10,35,291,28,263,13.392857142857142,2.976190476190476,10.416666666666668,86.60714285714286,8.333333333333332,78.27380952380952
E00088943,296,49,13,36,247,29,218,16.554054054054053,4.391891891891892,12.162162162162163,83.44594594594594,9.797297297297296,73.64864864864865
E00088944,286,25,10,15,261,36,225,8.741258741258742,3.4965034965034967,5.244755244755245,91.25874125874127,12.587412587412588,78.67132867132867
E00088945,372,47,17,30,325,37,288,12.634408602150538,4.56989247311828,8.064516129032258,87.36559139784946,9.946236559139784,77.41935483870968
E00088946,248,52,25,27,196,24,172,20.967741935483872,10.080645161290322,10.887096774193548,79.03225806451613,9.67741935483871,69.35483870967742
E00088947,287,50,23,27,237,22,215,17.421602787456447,8.013937282229964,9.40766550522648,82.57839721254355,7.665505226480835,74.91289198606272
E00088948,339,41,13,28,298,32,266,12.094395280235988,3.8348082595870205,8.259587020648967,87.90560471976401,9.43952802359882,78.46607669616519
E00088949,254,54,22,32,200,22,178,21.25984251968504,8.661417322834646,12.598425196850393,78.74015748031496,8.661417322834646,70.07874015748031
E00088950,272,30,6,24,242,16,226,11.029411764705882,2.2058823529411766,8.823529411764707,88.97058823529412,5.88235294117647,83.08823529411765
E00088951,382,66,19,47,316,22,294,17.277486910994764,4.973821989528796,12.30366492146597,82.72251308900523,5.7591623036649215,76.96335078534031
E00088952,261,23,5,18,238,27,211,8.812260536398467,1.9157088122605364,6.896551724137931,91.18773946360153,10.344827586206897,80.84291187739464
E00088953,294,41,18,23,253,28,225,13.945578231292515,6.122448979591836,7.8231292517006805,86.05442176870748,9.523809523809524,76.53061224489795
E00088954,302,46,14,32,256,18,238,15.2317880794702,4.635761589403973,10.596026490066226,84.76821192052981,5.960264900662252,78.80794701986756
E00088955,361,48,13,35,313,33,280,13.29639889196676,3.6011080332409975,9.695290858725762,86.70360110803324,9.141274238227147,77.5623268698061
E00088956,300,36,14,22,264,22,242,12,4.666666666666667,7.333333333333333,88,7.333333333333333,80.66666666666666
E00088957,348,52,17,35,296,33,263,14.942528735632186,4.885057471264368,10.057471264367816,85.0574712643678,9.482758620689655,75.57471264367817
E00088958,382,61,13,48,321,32,289,15.968586387434556,3.4031413612565444,12.56544502617801,84.03141361256544,8.37696335078534,75.6544502617801
E00088960,318,53,14,39,265,26,239,16.666666666666664,4.40251572327044,12.264150943396226,83.33333333333334,8.176100628930817,75.15723270440252
E00088961,350,49,21,28,301,32,269,14.000000000000002,6,8,86,9.142857142857142,76.85714285714286
E00088962,175,27,10,17,148,8,140,15.428571428571427,5.714285714285714,9.714285714285714,84.57142857142857,4.571428571428571,80
E00088963,311,47,12,35,264,26,238,15.112540192926044,3.858520900321544,11.254019292604502,84.88745980707395,8.360128617363344,76.52733118971061
E00088964,275,50,20,30,225,22,203,18.181818181818183,7.2727272727272725,10.909090909090908,81.81818181818183,8,73.81818181818181
E00088965,254,38,13,25,216,23,193,14.960629921259844,5.118110236220472,9.84251968503937,85.03937007874016,9.05511811023622,75.98425196850394
E00088966,305,53,17,36,252,30,222,17.37704918032787,5.573770491803279,11.80327868852459,82.62295081967214,9.836065573770492,72.78688524590164
E00088967,266,38,16,22,228,27,201,14.285714285714285,6.015037593984962,8.270676691729323,85.71428571428571,10.150375939849624,75.56390977443608
E00088968,346,42,14,28,304,22,282,12.138728323699421,4.046242774566474,8.092485549132949,87.861271676300575,6.358381502890173,81.5028901734104
E00088969,346,63,34,29,283,17,266,18.20809248554913,9.826589595375722,8.38150289017341,81.79190751445087,4.913294797687861,76.878612716763
E00088970,284,34,13,21,250,16,234,11.971830985915492,4.577464788732395,7.394366197183098,88.02816901408451,5.633802816901409,82.3943661971831
E00088971,341,44,12,32,297,20,277,12.903225806451612,3.519061583577713,9.3841642228739,87.09677419354838,5.865102639296188,81.23167155425219
E00088972,102,29,18,11,73,4,69,28.431372549019606,17.647058823529413,10.784313725490197,71.56862745098039,3.9215686274509802,67.64705882352942
E00088973,274,31,11,20,243,23,220,11.313868613138686,4.014598540145985,7.2992700729927,88.6861313868613,8.394160583941606,80.2919708029197
E00088974,332,38,15,23,294,19,275,11.44578313253012,4.518072289156627,6.927710843373494,88.55421686746988,5.72289156626506,82.83132530120481
E00171372,451,83,39,44,368,33,335,18.403547671840354,8.647450110864744,9.75609756097561,81.59645232815964,7.317073170731707,74.27937915742794
E00171373,172,29,7,22,143,6,137,16.86046511627907,4.069767441860465,12.790697674418606,83.13953488372093,3.488372093023256,79.65116279069767
E00171374,137,16,6,10,121,10,111,11.678832116788321,4.37956204379562,7.2992700729927,88.32116788321169,7.2992700729927,81.02189781021897
E00171375,315,39,16,23,276,31,245,12.380952380952381,5.079365079365079,7.301587301587302,87.61904761904762,9.841269841269842,77.77777777777779
E00171376,510,88,26,62,422,40,382,17.254901960784313,5.098039215686274,12.156862745098039,82.74509803921568,7.8431372549019605,74.90196078431373
E00171377,347,51,18,33,296,39,257,14.697406340057636,5.187319884726225,9.510086455331413,85.30259365994236,11.239193083573488,74.06340057636888
E00171379,256,37,10,27,219,15,204,14.453125,3.90625,10.546875,85.546875,5.859375,79.6875
E00171380,600,51,9,42,549,32,517,8.5,1.5,7.000000000000001,91.5,5.333333333333334,86.16666666666667
E00171381,362,52,9,43,310,25,285,14.3646408839779,2.4861878453038675,11.878453038674033,85.6353591160221,6.906077348066299,78.72928176795581
E00171382,316,28,13,15,288,22,266,8.860759493670885,4.113924050632911,4.746835443037975,91.13924050632912,6.962025316455696,84.17721518987342
E00171383,368,31,11,20,337,20,317,8.423913043478262,2.989130434782609,5.434782608695652,91.57608695652173,5.434782608695652,86.1413043478261
E00171384,367,27,7,20,340,29,311,7.3569482288828345,1.9073569482288828,5.449591280653951,92.64305177111717,7.901907356948229,84.74114441416893
E00171385,365,50,22,28,315,26,289,13.698630136986301,6.027397260273973,7.671232876712329,86.3013698630137,7.123287671232877,79.17808219178082
E00171386,384,49,8,41,335,43,292,12.760416666666666,2.083333333333333,10.677083333333332,87.23958333333334,11.197916666666668,76.04166666666666
E00171387,291,38,11,27,253,19,234,13.058419243986256,3.7800687285223367,9.278350515463918,86.94158075601375,6.529209621993128,80.41237113402062
E00171388,327,35,9,26,292,18,274,10.703363914373089,2.7522935779816518,7.951070336391437,89.29663608562691,5.5045871559633035,83.79204892966361
E00171389,208,24,7,17,184,19,165,11.538461538461538,3.3653846153846154,8.173076923076923,88.46153846153845,9.134615384615383,79.32692307692307
E00171390,222,17,4,13,205,18,187,7.657657657657657,1.8018018018018018,5.8558558558558556,92.34234234234235,8.108108108108109,84.23423423423422
E00171392,378,33,7,26,345,32,313,8.73015873015873,1.8518518518518516,6.878306878306878,91.26984126984127,8.465608465608465,82.8042328042328
E00171393,266,41,14,27,225,19,206,15.413533834586465,5.263157894736842,10.150375939849624,84.58646616541353,7.142857142857142,77.44360902255639
E00171394,191,13,6,7,178,19,159,6.806282722513089,3.1413612565445024,3.664921465968586,93.19371727748691,9.947643979057592,83.24607329842932
E00171395,285,37,15,22,248,22,226,12.982456140350877,5.263157894736842,7.719298245614035,87.01754385964912,7.719298245614035,79.2982456140351
E00171396,274,37,11,26,237,26,211,13.503649635036496,4.014598540145985,9.48905109489051,86.4963503649635,9.48905109489051,77.00729927007299
E00171398,326,54,25,29,272,21,251,16.56441717791411,7.668711656441718,8.895705521472392,83.43558282208589,6.441717791411043,76.99386503067484
E00171399,347,46,15,31,301,27,274,13.256484149855908,4.322766570605188,8.93371757925072,86.74351585014409,7.780979827089338,78.96253602305475
E00171400,296,32,8,24,264,21,243,10.81081081081081,2.7027027027027026,8.108108108108109,89.1891891891892,7.094594594594595,82.0945945945946
E00171401,297,31,10,21,266,24,242,10.437710437710438,3.3670033670033668,7.07070707070707,89.56228956228956,8.080808080808081,81.48148148148148
E00171402,289,25,12,13,264,27,237,8.650519031141869,4.1522491349480966,4.498269896193772,91.34948096885813,9.342560553633218,82.00692041522491
E00171403,265,70,30,40,195,21,174,26.41509433962264,11.320754716981133,15.09433962264151,73.58490566037736,7.9245283018867925,65.66037735849056
E00171404,373,47,8,39,326,28,298,12.600536193029491,2.1447721179624666,10.455764075067025,87.39946380697052,7.506702412868632,79.89276139410187
E00171406,378,32,9,23,346,30,316,8.465608465608465,2.380952380952381,6.084656084656085,91.53439153439153,7.936507936507936,83.5978835978836
E00171407,228,20,1,19,208,22,186,8.771929824561402,0.43859649122807015,8.333333333333332,91.22807017543859,9.649122807017543,81.57894736842105
E00171408,262,32,12,20,230,23,207,12.213740458015266,4.580152671755725,7.633587786259542,87.78625954198473,8.778625954198473,79.00763358778626
E00171410,419,45,17,28,374,29,345,10.739856801909307,4.05727923627685,6.682577565632458,89.26014319809069,6.921241050119331,82.33890214797135
E00171411,318,43,15,28,275,19,256,13.522012578616351,4.716981132075472,8.80503144654088,86.47798742138365,5.9748427672955975,80.50314465408806
E00171412,176,21,6,15,155,10,145,11.931818181818182,3.4090909090909087,8.522727272727272,88.06818181818183,5.681818181818182,82.38636363636364
E00171414,378,47,13,34,331,18,313,12.433862433862434,3.439153439153439,8.994708994708994,87.56613756613757,4.761904761904762,82.8042328042328
E00171415,534,83,31,52,451,45,406,15.543071161048688,5.805243445692884,9.737827715355806,84.45692883895131,8.426966292134832,76.02996254681648
E00171417,309,39,9,30,270,21,249,12.62135922330097,2.912621359223301,9.70873786407767,87.37864077669903,6.796116504854369,80.58252427184466
E00171418,327,34,11,23,293,21,272,10.397553516819572,3.3639143730886847,7.033639143730887,89.60244648318043,6.422018348623854,83.18042813455658
E00177031,265,28,9,19,237,20,217,10.566037735849058,3.3962264150943398,7.169811320754717,89.43396226415095,7.547169811320755,81.88679245283019
E00177032,428,41,10,31,387,29,358,9.579439252336448,2.336448598130841,7.242990654205607,90.42056074766354,6.775700934579438,83.64485981308411
E00177034,269,34,12,22,235,18,217,12.639405204460965,4.4609665427509295,8.178438661710038,87.36059479553904,6.691449814126393,80.66914498141264
E00177035,273,68,34,34,205,23,182,24.90842490842491,12.454212454212454,12.454212454212454,75.0915750915751,8.424908424908425,66.66666666666666
E00177037,302,26,7,19,276,19,257,8.609271523178808,2.3178807947019866,6.291390728476822,91.3907284768212,6.291390728476822,85.09933774834437
E00177038,143,30,11,19,113,10,103,20.97902097902098,7.6923076923076925,13.286713286713287,79.02097902097903,6.993006993006993,72.02797202797203
E00177039,354,66,16,50,288,37,251,18.64406779661017,4.519774011299435,14.124293785310735,81.35593220338984,10.451977401129943,70.90395480225989
E00177041,241,35,11,24,206,17,189,14.522821576763487,4.564315352697095,9.95850622406639,85.47717842323651,7.053941908713693,78.42323651452283
E00177042,402,44,14,30,358,31,327,10.945273631840797,3.482587064676617,7.462686567164178,89.05472636815921,7.711442786069651,81.34328358208955
E00177045,172,37,18,19,135,18,117,21.511627906976745,10.465116279069768,11.046511627906977,78.48837209302324,10.465116279069768,68.02325581395348
E00177047,305,34,10,24,271,25,246,11.147540983606557,3.278688524590164,7.868852459016394,88.85245901639345,8.19672131147541,80.65573770491802
E00177048,344,34,11,23,310,17,293,9.883720930232558,3.1976744186046515,6.686046511627906,90.11627906976744,4.941860465116279,85.17441860465115
E00177049,381,20,4,16,361,35,326,5.2493438320209975,1.0498687664041995,4.199475065616798,94.750656167979,9.186351706036746,85.56430446194226
E00177050,101,19,6,13,82,6,76,18.81188118811881,5.9405940594059405,12.871287128712872,81.1881188118812,5.9405940594059405,75.24752475247524
E00177051,309,38,8,30,271,29,242,12.297734627831716,2.5889967637540456,9.70873786407767,87.70226537216828,9.385113268608414,78.31715210355988
E00177052,388,40,14,26,348,29,319,10.309278350515463,3.608247422680412,6.701030927835052,89.69072164948454,7.474226804123711,82.21649484536083
E00177053,218,37,14,23,181,14,167,16.972477064220186,6.422018348623854,10.550458715596331,83.02752293577981,6.422018348623854,76.60550458715596
E00177054,586,66,24,42,520,47,473,11.262798634812286,4.09556313993174,7.167235494880546,88.73720136518772,8.020477815699659,80.71672354948805
E00177055,278,14,0,14,264,22,242,5.0359712230215825,0,5.0359712230215825,94.96402877697841,7.913669064748201,87.05035971223022
E00177056,324,13,2,11,311,24,287,4.012345679012346,0.6172839506172839,3.3950617283950617,95.98765432098766,7.4074074074074066,88.58024691358025
E00177057,470,39,18,21,431,35,396,8.297872340425531,3.829787234042553,4.468085106382979,91.70212765957447,7.446808510638298,84.25531914893617
E00177058,542,68,26,42,474,36,438,12.546125461254611,4.797047970479705,7.7490774907749085,87.4538745387454,6.642066420664207,80.81180811808119
E00177059,233,30,7,23,203,17,186,12.875536480686694,3.004291845493562,9.871244635193133,87.1244635193133,7.296137339055794,79.82832618025752
E00177060,287,25,7,18,262,16,246,8.710801393728223,2.4390243902439024,6.2717770034843205,91.28919860627178,5.574912891986063,85.71428571428571
E00177062,354,28,6,22,326,17,309,7.909604519774012,1.694915254237288,6.214689265536723,92.09039548022598,4.80225988700565,87.28813559322035
E00177063,142,61,36,25,81,4,77,42.95774647887324,25.352112676056336,17.6056338028169,57.04225352112676,2.8169014084507045,54.22535211267606
E00177064,228,29,9,20,199,14,185,12.719298245614036,3.9473684210526314,8.771929824561402,87.28070175438597,6.140350877192982,81.14035087719299
E00177065,304,50,18,32,254,35,219,16.447368421052634,5.921052631578947,10.526315789473683,83.55263157894737,11.513157894736842,72.03947368421053
E00177066,325,23,3,20,302,22,280,7.076923076923077,0.9230769230769231,6.153846153846154,92.92307692307692,6.769230769230769,86.15384615384616
E00177067,523,36,8,28,487,17,470,6.8833652007648185,1.5296367112810707,5.353728489483748,93.11663479923517,3.2504780114722758,89.8661567877629
E00177069,608,78,30,48,530,38,492,12.828947368421053,4.934210526315789,7.894736842105263,87.17105263157895,6.25,80.92105263157895
E00177071,498,68,21,47,430,23,407,13.654618473895583,4.216867469879518,9.437751004016064,86.34538152610442,4.618473895582329,81.72690763052208
E00177072,374,16,4,12,358,21,337,4.27807486631016,1.06951871657754,3.2085561497326207,95.72192513368985,5.614973262032086,90.10695187165776
E00177073,569,54,23,31,515,38,477,9.490333919156415,4.042179261862917,5.448154657293498,90.50966608084359,6.6783831282952555,83.83128295254832
E00177076,468,33,8,25,435,23,412,7.051282051282051,1.7094017094017095,5.3418803418803416,92.94871794871796,4.914529914529915,88.03418803418803
E00177080,313,56,25,31,257,12,245,17.89137380191693,7.987220447284344,9.904153354632587,82.10862619808307,3.8338658146964857,78.27476038338658
E00177081,115,60,30,30,55,3,52,52.17391304347826,26.08695652173913,26.08695652173913,47.82608695652174,2.608695652173913,45.21739130434783
E00177082,259,39,15,24,220,14,206,15.057915057915059,5.7915057915057915,9.266409266409266,84.94208494208493,5.405405405405405,79.53667953667953
E00177083,518,52,20,32,466,35,431,10.038610038610038,3.861003861003861,6.177606177606178,89.96138996138995,6.756756756756757,83.20463320463321
E00177084,205,55,26,29,150,9,141,26.82926829268293,12.682926829268293,14.146341463414632,73.17073170731707,4.390243902439024,68.78048780487805
E00177086,568,43,8,35,525,34,491,7.570422535211267,1.4084507042253522,6.161971830985916,92.42957746478874,5.985915492957746,86.44366197183099
E00177087,176,25,11,14,151,16,135,14.204545454545455,6.25,7.954545454545454,85.79545454545455,9.090909090909092,76.70454545454545
E00177088,410,29,4,25,381,22,359,7.073170731707316,0.975609756097561,6.097560975609756,92.92682926829269,5.365853658536586,87.5609756097561
E00177090,235,28,6,22,207,15,192,11.914893617021278,2.553191489361702,9.361702127659575,88.08510638297872,6.382978723404255,81.70212765957446
E00177091,313,33,8,25,280,34,246,10.543130990415335,2.5559105431309903,7.987220447284344,89.45686900958466,10.86261980830671,78.59424920127796
E00177092,260,12,1,11,248,15,233,4.615384615384616,0.38461538461538464,4.230769230769231,95.38461538461539,5.769230769230769,89.61538461538461
E00177094,138,11,1,10,127,10,117,7.971014492753622,0.7246376811594203,7.246376811594203,92.02898550724638,7.246376811594203,84.78260869565217
E00177095,157,21,6,15,136,16,120,13.375796178343949,3.821656050955414,9.554140127388536,86.62420382165605,10.191082802547772,76.43312101910828
E00177096,308,22,4,18,286,19,267,7.142857142857142,1.2987012987012987,5.844155844155844,92.85714285714286,6.1688311688311686,86.68831168831169
E00177098,598,41,5,36,557,37,520,6.856187290969899,0.8361204013377926,6.0200668896321075,93.1438127090301,6.187290969899665,86.95652173913044
E00177101,387,58,19,39,329,31,298,14.987080103359174,4.909560723514212,10.077519379844961,85.01291989664082,8.010335917312661,77.00258397932816
E00177103,122,39,18,21,83,12,71,31.967213114754102,14.754098360655737,17.21311475409836,68.0327868852459,9.836065573770492,58.19672131147541
E00177104,139,24,11,13,115,10,105,17.26618705035971,7.913669064748201,9.352517985611511,82.73381294964028,7.1942446043165464,75.53956834532374
E00177105,614,37,8,29,577,39,538,6.026058631921824,1.3029315960912053,4.723127035830619,93.97394136807817,6.351791530944626,87.62214983713355
E00177106,359,19,8,11,340,8,332,5.2924791086350975,2.2284122562674096,3.064066852367688,94.70752089136491,2.2284122562674096,92.47910863509749
E00177107,270,48,21,27,222,17,205,17.77777777777778,7.777777777777778,10,82.22222222222221,6.296296296296296,75.92592592592592
E00177108,451,39,16,23,412,24,388,8.647450110864744,3.5476718403547673,5.099778270509978,91.35254988913526,5.321507760532151,86.0310421286031
E00177110,311,59,18,41,252,25,227,18.971061093247588,5.787781350482315,13.183279742765272,81.02893890675242,8.038585209003216,72.9903536977492
E00177111,110,40,23,17,70,7,63,36.36363636363637,20.909090909090907,15.454545454545453,63.63636363636363,6.363636363636363,57.27272727272727
E00177113,122,8,6,2,114,9,105,6.557377049180328,4.918032786885246,1.639344262295082,93.44262295081968,7.377049180327869,86.0655737704918
E00177115,395,55,20,35,340,22,318,13.924050632911392,5.063291139240507,8.860759493670885,86.07594936708861,5.5696202531645564,80.50632911392405
E00177116,126,42,19,23,84,5,79,33.33333333333333,15.079365079365079,18.253968253968253,66.66666666666666,3.968253968253968,62.698412698412696
E00177117,622,44,11,33,578,51,527,7.07395498392283,1.7684887459807075,5.305466237942122,92.92604501607717,8.19935691318328,84.72668810289389
E00177118,153,29,9,20,124,21,103,18.954248366013072,5.88235294117647,13.071895424836603,81.04575163398692,13.725490196078432,67.3202614379085
E00177119,122,12,6,6,110,9,101,9.836065573770492,4.918032786885246,4.918032786885246,90.1639344262295,7.377049180327869,82.78688524590164
E00177120,351,41,29,12,310,18,292,11.68091168091168,8.262108262108262,3.418803418803419,88.31908831908832,5.128205128205128,83.1908831908832
E00177121,322,44,20,24,278,27,251,13.664596273291925,6.211180124223603,7.453416149068323,86.33540372670807,8.385093167701864,77.95031055900621
E00177123,131,2,0,2,129,7,122,1.5267175572519083,0,1.5267175572519083,98.47328244274809,5.343511450381679,93.12977099236642
E00177124,341,19,6,13,322,12,310,5.571847507331378,1.7595307917888565,3.812316715542522,94.42815249266863,3.519061583577713,90.9090909090909
E00177125,241,25,10,15,216,9,207,10.37344398340249,4.149377593360995,6.224066390041494,89.62655601659752,3.7344398340248963,85.89211618257261
E00177126,263,30,8,22,233,23,210,11.406844106463879,3.041825095057034,8.365019011406844,88.59315589353612,8.745247148288973,79.84790874524715
E00177129,427,42,9,33,385,33,352,9.836065573770492,2.107728337236534,7.728337236533958,90.1639344262295,7.728337236533958,82.43559718969556
E00177130,479,52,15,37,427,32,395,10.855949895615867,3.1315240083507305,7.724425887265135,89.14405010438414,6.6805845511482245,82.4634655532359
E00177131,372,37,11,26,335,30,305,9.946236559139784,2.956989247311828,6.989247311827956,90.05376344086021,8.064516129032258,81.98924731182797
E00177132,539,58,16,42,481,35,446,10.760667903525047,2.9684601113172544,7.792207792207792,89.23933209647495,6.493506493506493,82.74582560296847
E00177134,534,33,6,27,501,26,475,6.179775280898876,1.1235955056179776,5.056179775280898,93.82022471910112,4.868913857677903,88.95131086142321
E00177135,266,41,11,30,225,22,203,15.413533834586465,4.135338345864661,11.278195488721805,84.58646616541353,8.270676691729323,76.31578947368422
E00177137,305,73,38,35,232,20,212,23.934426229508198,12.459016393442624,11.475409836065573,76.0655737704918,6.557377049180328,69.50819672131148
E00177138,565,71,21,50,494,47,447,12.56637168141593,3.7168141592920354,8.849557522123893,87.43362831858407,8.31858407079646,79.11504424778761
E00177141,350,33,13,20,317,26,291,9.428571428571429,3.7142857142857144,5.714285714285714,90.57142857142857,7.428571428571429,83.14285714285714
E00177142,523,27,2,25,496,35,461,5.162523900573614,0.3824091778202677,4.780114722753346,94.83747609942638,6.692160611854685,88.14531548757171
E00177143,333,24,9,15,309,14,295,7.207207207207207,2.7027027027027026,4.504504504504505,92.7927927927928,4.2042042042042045,88.58858858858859
E00177144,492,41,13,28,451,24,427,8.333333333333332,2.642276422764228,5.691056910569105,91.66666666666666,4.878048780487805,86.78861788617887
E00177145,210,28,8,20,182,13,169,13.333333333333334,3.8095238095238098,9.523809523809524,86.66666666666667,6.190476190476191,80.47619047619048
E00177147,293,47,19,28,246,14,232,16.040955631399317,6.484641638225256,9.556313993174061,83.95904436860067,4.778156996587031,79.18088737201366
E00177150,157,22,5,17,135,11,124,14.012738853503185,3.1847133757961785,10.828025477707007,85.98726114649682,7.006369426751593,78.98089171974523
E00177152,550,66,30,36,484,36,448,12,5.454545454545454,6.545454545454546,88,6.545454545454546,81.45454545454545
E00177154,209,35,10,25,174,22,152,16.74641148325359,4.784688995215311,11.961722488038278,83.25358851674642,10.526315789473683,72.72727272727273
E00177158,544,66,23,43,478,55,423,12.132352941176471,4.227941176470589,7.904411764705882,87.86764705882352,10.11029411764706,77.75735294117648
E00177160,342,49,20,29,293,36,257,14.327485380116958,5.847953216374268,8.47953216374269,85.67251461988305,10.526315789473683,75.14619883040936
E00177161,210,31,14,17,179,16,163,14.761904761904763,6.666666666666667,8.095238095238095,85.23809523809524,7.6190476190476195,77.61904761904762
E00177162,417,35,13,22,382,19,363,8.393285371702639,3.117505995203837,5.275779376498801,91.60671462829735,4.556354916067146,87.05035971223022
E00177163,159,29,6,23,130,8,122,18.238993710691823,3.7735849056603774,14.465408805031446,81.76100628930818,5.031446540880504,76.72955974842768
E00177164,426,37,13,24,389,38,351,8.685446009389672,3.051643192488263,5.633802816901409,91.31455399061032,8.92018779342723,82.3943661971831
E00177165,613,61,19,42,552,56,496,9.9510603588907,3.0995106035889073,6.851549755301795,90.0489396411093,9.135399673735726,80.91353996737357
E00177166,563,32,3,29,531,39,492,5.683836589698046,0.5328596802841918,5.1509769094138544,94.31616341030195,6.927175843694494,87.38898756660745
E00177167,206,28,8,20,178,18,160,13.592233009708737,3.8834951456310676,9.70873786407767,86.40776699029125,8.737864077669903,77.66990291262135
E00177168,268,77,45,32,191,28,163,28.73134328358209,16.791044776119403,11.940298507462686,71.26865671641791,10.44776119402985,60.820895522388064
E00177170,185,12,4,8,173,16,157,6.486486486486487,2.1621621621621623,4.324324324324325,93.51351351351352,8.64864864864865,84.86486486486487
E00177171,531,45,16,29,486,36,450,8.47457627118644,3.0131826741996233,5.4613935969868175,91.52542372881356,6.779661016949152,84.7457627118644
E00177172,454,34,13,21,420,28,392,7.488986784140969,2.8634361233480177,4.6255506607929515,92.51101321585902,6.167400881057269,86.34361233480176
E00177173,458,44,14,30,414,30,384,9.606986899563319,3.056768558951965,6.550218340611353,90.39301310043668,6.550218340611353,83.84279475982532
E00177174,142,30,17,13,112,8,104,21.12676056338028,11.971830985915492,9.15492957746479,78.87323943661971,5.633802816901409,73.23943661971832
E00177175,176,32,11,21,144,16,128,18.181818181818183,6.25,11.931818181818182,81.81818181818183,9.090909090909092,72.72727272727273
E00177176,111,26,8,18,85,1,84,23.423423423423422,7.207207207207207,16.216216216216218,76.57657657657657,0.9009009009009009,75.67567567567568
E00177177,195,96,62,34,99,10,89,49.23076923076923,31.794871794871792,17.435897435897434,50.76923076923077,5.128205128205128,45.64102564102564
E00177178,150,12,4,8,138,8,130,8,2.666666666666667,5.333333333333334,92,5.333333333333334,86.66666666666667
E00177179,291,27,7,20,264,18,246,9.278350515463918,2.405498281786942,6.872852233676976,90.72164948453609,6.185567010309279,84.5360824742268
E00177180,293,26,10,16,267,16,251,8.873720136518772,3.4129692832764507,5.460750853242321,91.12627986348123,5.460750853242321,85.6655290102389
E00177181,228,31,13,18,197,10,187,13.596491228070176,5.701754385964912,7.894736842105263,86.40350877192982,4.385964912280701,82.01754385964912
E00177182,611,47,10,37,564,59,505,7.6923076923076925,1.6366612111292964,6.055646481178396,92.3076923076923,9.656301145662848,82.65139116202947
E00177183,184,16,7,9,168,10,158,8.695652173913043,3.804347826086957,4.891304347826087,91.30434782608695,5.434782608695652,85.86956521739131
E00177184,203,27,9,18,176,16,160,13.30049261083744,4.433497536945813,8.866995073891626,86.69950738916256,7.8817733990147785,78.81773399014779
E00177186,577,80,24,56,497,41,456,13.864818024263432,4.15944540727903,9.705372616984402,86.13518197573656,7.105719237435008,79.02946273830156
E00177187,227,20,3,17,207,14,193,8.81057268722467,1.3215859030837005,7.488986784140969,91.18942731277532,6.167400881057269,85.02202643171806
E00177188,235,47,21,26,188,11,177,20,8.936170212765958,11.063829787234042,80,4.680851063829787,75.31914893617021
E00177189,302,35,14,21,267,23,244,11.589403973509933,4.635761589403973,6.95364238410596,88.41059602649007,7.6158940397351,80.79470198675497
E00177190,364,27,9,18,337,18,319,7.417582417582418,2.4725274725274726,4.945054945054945,92.58241758241759,4.945054945054945,87.63736263736264
E00177192,218,48,14,34,170,7,163,22.018348623853214,6.422018348623854,15.59633027522936,77.98165137614679,3.211009174311927,74.77064220183486
E00177193,229,16,4,12,213,14,199,6.986899563318777,1.7467248908296942,5.240174672489083,93.01310043668121,6.11353711790393,86.8995633187773
E00177194,154,27,9,18,127,7,120,17.532467532467532,5.844155844155844,11.688311688311687,82.46753246753246,4.545454545454546,77.92207792207793
E00177195,539,61,15,46,478,42,436,11.317254174397032,2.782931354359926,8.534322820037106,88.68274582560296,7.792207792207792,80.89053803339517
E00177196,408,48,15,33,360,28,332,11.76470588235294,3.6764705882352944,8.088235294117647,88.23529411764706,6.862745098039216,81.37254901960785
E00177199,399,32,9,23,367,23,344,8.020050125313283,2.2556390977443606,5.764411027568922,91.97994987468672,5.764411027568922,86.21553884711778
E00177200,261,26,8,18,235,16,219,9.961685823754788,3.065134099616858,6.896551724137931,90.03831417624522,6.130268199233716,83.9080459770115
E00177201,260,49,28,21,211,24,187,18.846153846153847,10.76923076923077,8.076923076923077,81.15384615384616,9.230769230769232,71.92307692307692
E00177202,297,20,6,14,277,26,251,6.7340067340067336,2.0202020202020203,4.713804713804714,93.26599326599326,8.754208754208754,84.51178451178451
E00177204,362,36,11,25,326,28,298,9.94475138121547,3.0386740331491713,6.906077348066299,90.05524861878453,7.734806629834254,82.32044198895028
E00177206,526,93,35,58,433,39,394,17.680608365019012,6.653992395437262,11.02661596958175,82.31939163498099,7.41444866920152,74.90494296577947
E00177207,212,17,2,15,195,13,182,8.018867924528301,0.9433962264150944,7.0754716981132075,91.98113207547169,6.132075471698113,85.84905660377359
E00177208,243,44,17,27,199,13,186,18.106995884773664,6.995884773662551,11.11111111111111,81.89300411522635,5.349794238683128,76.5432098765432
E00177209,360,39,10,29,321,30,291,10.833333333333334,2.7777777777777777,8.055555555555555,89.16666666666667,8.333333333333332,80.83333333333333
E00177210,348,55,10,45,293,20,273,15.804597701149426,2.8735632183908044,12.931034482758621,84.19540229885058,5.747126436781609,78.44827586206897
E00177212,199,23,11,12,176,7,169,11.557788944723619,5.527638190954774,6.030150753768844,88.44221105527639,3.5175879396984926,84.92462311557789
E00177213,128,15,4,11,113,8,105,11.71875,3.125,8.59375,88.28125,6.25,82.03125
E00177214,422,56,35,21,366,31,335,13.270142180094787,8.293838862559241,4.976303317535545,86.7298578199052,7.345971563981042,79.38388625592417
E00177215,196,22,11,11,174,23,151,11.224489795918368,5.612244897959184,5.612244897959184,88.77551020408163,11.73469387755102,77.04081632653062
E00177216,413,34,2,32,379,47,332,8.232445520581114,0.48426150121065376,7.74818401937046,91.76755447941889,11.380145278450362,80.38740920096852
E00177217,359,54,26,28,305,26,279,15.041782729805014,7.242339832869081,7.7994428969359335,84.958217270195,7.242339832869081,77.71587743732591
E00177223,599,45,14,31,554,38,516,7.512520868113523,2.337228714524207,5.175292153589315,92.48747913188647,6.3439065108514185,86.14357262103506
E00177226,117,25,15,10,92,14,78,21.367521367521366,12.82051282051282,8.547008547008547,78.63247863247864,11.965811965811966,66.66666666666666
E00177227,487,72,20,52,415,41,374,14.784394250513348,4.1067761806981515,10.677618069815194,85.21560574948666,8.41889117043121,76.79671457905543
E00177228,524,59,16,43,465,38,427,11.259541984732824,3.0534351145038165,8.206106870229007,88.74045801526718,7.251908396946565,81.48854961832062
E00177229,120,27,11,16,93,8,85,22.5,9.166666666666666,13.333333333333334,77.5,6.666666666666667,70.83333333333334
E00177230,585,66,19,47,519,30,489,11.282051282051283,3.2478632478632483,8.034188034188034,88.71794871794872,5.128205128205128,83.58974358974359
E00177231,207,10,1,9,197,19,178,4.830917874396135,0.4830917874396135,4.3478260869565215,95.16908212560386,9.178743961352657,85.99033816425121
E00177232,266,26,7,19,240,22,218,9.774436090225564,2.631578947368421,7.142857142857142,90.22556390977444,8.270676691729323,81.95488721804512
E00177233,447,22,4,18,425,15,410,4.921700223713646,0.8948545861297539,4.026845637583892,95.07829977628636,3.3557046979865772,91.72259507829978
