OA,ts0380001,ts0380002,ts0380003,ts0380004,ts0380005,ts0380006,ts0380007,ts0380002_PCT,ts0380003_PCT,ts0380004_PCT,ts0380005_PCT,ts0380006_PCT,ts0380007_PCT
E00115107,295,33,9,24,262,25,237,11.186440677966102,3.050847457627119,8.135593220338983,88.8135593220339,8.47457627118644,80.33898305084746
E00115108,297,35,7,28,262,25,237,11.784511784511785,2.356902356902357,9.427609427609427,88.21548821548821,8.417508417508419,79.7979797979798
E00115109,325,44,17,27,281,43,238,13.538461538461538,5.230769230769231,8.307692307692308,86.46153846153845,13.230769230769232,73.23076923076923
E00115110,323,51,18,33,272,28,244,15.789473684210526,5.572755417956656,10.21671826625387,84.21052631578947,8.6687306501548,75.54179566563467
E00115111,304,51,13,38,253,22,231,16.776315789473685,4.276315789473684,12.5,83.22368421052632,7.236842105263158,75.98684210526315
E00115112,246,33,6,27,213,22,191,13.414634146341465,2.4390243902439024,10.975609756097562,86.58536585365853,8.94308943089431,77.64227642276423
E00115113,270,40,6,34,230,31,199,14.814814814814813,2.2222222222222223,12.592592592592592,85.18518518518519,11.481481481481481,73.70370370370371
E00115114,340,46,10,36,294,24,270,13.529411764705882,2.941176470588235,10.588235294117647,86.47058823529412,7.0588235294117645,79.41176470588235
E00115115,310,41,18,23,269,33,236,13.225806451612904,5.806451612903226,7.419354838709677,86.7741935483871,10.64516129032258,76.12903225806451
E00115116,389,54,21,33,335,26,309,13.881748071979436,5.3984575835475574,8.483290488431876,86.11825192802056,6.683804627249357,79.43444730077121
E00115117,281,58,24,34,223,17,206,20.640569395017792,8.540925266903916,12.099644128113878,79.35943060498221,6.049822064056939,73.30960854092527
E00115118,290,54,24,30,236,26,210,18.620689655172416,8.275862068965518,10.344827586206897,81.37931034482759,8.96551724137931,72.41379310344827
E00115119,247,40,14,26,207,26,181,16.194331983805668,5.668016194331984,10.526315789473683,83.80566801619433,10.526315789473683,73.27935222672065
E00115120,323,54,20,34,269,25,244,16.718266253869967,6.191950464396285,10.526315789473683,83.28173374613003,7.739938080495357,75.54179566563467
E00115121,272,49,17,32,223,24,199,18.014705882352942,6.25,11.76470588235294,81.98529411764706,8.823529411764707,73.16176470588235
E00115122,221,50,28,22,171,24,147,22.624434389140273,12.669683257918551,9.95475113122172,77.37556561085974,10.85972850678733,66.51583710407239
E00115123,308,42,14,28,266,37,229,13.636363636363635,4.545454545454546,9.090909090909092,86.36363636363636,12.012987012987013,74.35064935064936
E00115124,305,38,7,31,267,16,251,12.459016393442624,2.2950819672131146,10.163934426229508,87.54098360655738,5.245901639344262,82.29508196721311
E00115125,319,62,24,38,257,24,233,19.435736677115987,7.523510971786834,11.912225705329153,80.56426332288402,7.523510971786834,73.04075235109718
E00115127,307,78,36,42,229,17,212,25.407166123778502,11.726384364820847,13.680781758957655,74.5928338762215,5.537459283387622,69.05537459283387
E00115128,353,77,30,47,276,22,254,21.813031161473088,8.498583569405099,13.314447592067987,78.18696883852692,6.232294617563739,71.95467422096317
E00115129,313,37,11,26,276,42,234,11.821086261980831,3.5143769968051117,8.30670926517572,88.17891373801918,13.418530351437699,74.76038338658148
E00115131,262,38,17,21,224,19,205,14.50381679389313,6.488549618320611,8.015267175572518,85.49618320610686,7.251908396946565,78.2442748091603
E00115132,253,55,23,32,198,21,177,21.73913043478261,9.090909090909092,12.648221343873518,78.26086956521739,8.300395256916996,69.96047430830039
E00115133,238,44,12,32,194,21,173,18.487394957983195,5.042016806722689,13.445378151260504,81.5126050420168,8.823529411764707,72.68907563025209
E00115134,295,57,26,31,238,22,216,19.322033898305087,8.813559322033898,10.508474576271185,80.67796610169492,7.457627118644068,73.22033898305085
E00115135,283,66,36,30,217,17,200,23.32155477031802,12.7208480565371,10.60070671378092,76.67844522968198,6.007067137809187,70.6713780918728
E00115136,160,48,24,24,112,20,92,30,15,15,70,12.5,57.49999999999999
E00115137,315,44,21,23,271,28,243,13.968253968253968,6.666666666666667,7.301587301587302,86.03174603174604,8.88888888888889,77.14285714285715
E00115138,307,49,12,37,258,23,235,15.960912052117262,3.908794788273615,12.052117263843648,84.03908794788273,7.491856677524431,76.54723127035831
E00115139,226,38,13,25,188,12,176,16.8141592920354,5.752212389380531,11.061946902654867,83.1858407079646,5.3097345132743365,77.87610619469027
E00115140,611,86,38,48,525,33,492,14.075286415711949,6.219312602291326,7.855973813420622,85.92471358428804,5.400981996726677,80.52373158756137
E00115141,320,55,19,36,265,31,234,17.1875,5.9375,11.25,82.8125,9.6875,73.125
E00115142,274,54,17,37,220,19,201,19.708029197080293,6.204379562043796,13.503649635036496,80.2919708029197,6.934306569343065,73.35766423357664
E00115143,308,59,31,28,249,19,230,19.155844155844157,10.064935064935066,9.090909090909092,80.84415584415584,6.1688311688311686,74.67532467532467
E00115144,301,59,23,36,242,18,224,19.601328903654487,7.641196013289036,11.960132890365449,80.39867109634552,5.980066445182724,74.4186046511628
E00115145,276,53,18,35,223,28,195,19.202898550724637,6.521739130434782,12.681159420289855,80.79710144927536,10.144927536231885,70.65217391304348
E00115147,339,55,20,35,284,32,252,16.224188790560472,5.899705014749262,10.32448377581121,83.77581120943954,9.43952802359882,74.33628318584071
E00115148,257,80,42,38,177,18,159,31.1284046692607,16.342412451361866,14.785992217898833,68.8715953307393,7.003891050583658,61.86770428015564
E00115149,337,42,12,30,295,27,268,12.462908011869436,3.5608308605341246,8.902077151335313,87.53709198813057,8.011869436201781,79.52522255192879
E00115150,257,37,9,28,220,25,195,14.396887159533073,3.501945525291829,10.894941634241246,85.60311284046692,9.72762645914397,75.87548638132296
E00115151,299,35,8,27,264,28,236,11.705685618729097,2.6755852842809364,9.03010033444816,88.2943143812709,9.364548494983277,78.92976588628763
E00115152,251,62,25,37,189,23,166,24.701195219123505,9.9601593625498,14.741035856573706,75.2988047808765,9.163346613545817,66.13545816733067
E00115153,308,42,9,33,266,22,244,13.636363636363635,2.922077922077922,10.714285714285714,86.36363636363636,7.142857142857142,79.22077922077922
E00115154,292,45,17,28,247,39,208,15.41095890410959,5.821917808219178,9.58904109589041,84.58904109589042,13.356164383561644,71.23287671232876
E00115155,287,43,12,31,244,38,206,14.982578397212542,4.181184668989547,10.801393728222997,85.01742160278745,13.240418118466899,71.77700348432056
E00115156,306,39,11,28,267,37,230,12.745098039215685,3.594771241830065,9.15032679738562,87.25490196078431,12.091503267973856,75.16339869281046
E00115157,295,47,23,24,248,30,218,15.932203389830507,7.796610169491526,8.135593220338983,84.06779661016948,10.16949152542373,73.89830508474576
E00115158,290,41,11,30,249,31,218,14.13793103448276,3.793103448275862,10.344827586206897,85.86206896551725,10.689655172413794,75.17241379310344
E00115159,275,45,16,29,230,17,213,16.363636363636363,5.818181818181818,10.545454545454545,83.63636363636363,6.181818181818182,77.45454545454545
E00115160,337,46,16,30,291,25,266,13.649851632047477,4.747774480712167,8.902077151335313,86.35014836795251,7.418397626112759,78.93175074183976
E00115162,227,31,5,26,196,19,177,13.656387665198238,2.2026431718061676,11.45374449339207,86.34361233480176,8.370044052863436,77.97356828193833
E00115163,439,80,38,42,359,32,327,18.223234624145785,8.656036446469248,9.567198177676538,81.77676537585421,7.289293849658314,74.4874715261959
E00115164,301,35,9,26,266,24,242,11.627906976744185,2.990033222591362,8.637873754152823,88.37209302325581,7.973421926910299,80.39867109634552
E00115166,274,78,34,44,196,15,181,28.467153284671532,12.408759124087592,16.05839416058394,71.53284671532847,5.474452554744526,66.05839416058394
E00115167,309,85,43,42,224,25,199,27.508090614886733,13.915857605177994,13.592233009708737,72.49190938511327,8.090614886731391,64.40129449838187
E00115168,247,52,24,28,195,22,173,21.052631578947366,9.7165991902834,11.336032388663968,78.94736842105263,8.906882591093117,70.04048582995951
E00115169,340,81,47,34,259,21,238,23.823529411764703,13.823529411764707,10,76.17647058823529,6.176470588235294,70
E00115170,277,55,18,37,222,20,202,19.855595667870034,6.4981949458483745,13.357400722021662,80.14440433212997,7.2202166064981945,72.92418772563177
E00115171,222,48,19,29,174,19,155,21.62162162162162,8.558558558558559,13.063063063063062,78.37837837837837,8.558558558558559,69.81981981981981
E00115172,260,31,6,25,229,20,209,11.923076923076923,2.307692307692308,9.615384615384617,88.07692307692308,7.6923076923076925,80.38461538461539
E00115173,218,24,8,16,194,22,172,11.009174311926607,3.669724770642202,7.339449541284404,88.9908256880734,10.091743119266056,78.89908256880734
E00115174,257,47,12,35,210,23,187,18.28793774319066,4.669260700389105,13.618677042801556,81.71206225680933,8.949416342412452,72.76264591439688
E00115175,295,35,10,25,260,28,232,11.864406779661017,3.389830508474576,8.47457627118644,88.13559322033898,9.491525423728813,78.64406779661017
E00115176,273,37,6,31,236,29,207,13.553113553113553,2.197802197802198,11.355311355311356,86.44688644688645,10.622710622710622,75.82417582417582
E00115177,264,41,11,30,223,26,197,15.530303030303031,4.166666666666666,11.363636363636363,84.46969696969697,9.848484848484848,74.62121212121212
E00115178,302,59,24,35,243,24,219,19.5364238410596,7.9470198675496695,11.589403973509933,80.4635761589404,7.9470198675496695,72.51655629139073
E00115179,373,57,19,38,316,37,279,15.281501340482572,5.093833780160858,10.187667560321715,84.71849865951742,9.919571045576408,74.79892761394102
E00115181,383,83,42,41,300,28,272,21.671018276762403,10.966057441253264,10.704960835509137,78.3289817232376,7.310704960835509,71.01827676240208
E00115182,392,66,24,42,326,33,293,16.83673469387755,6.122448979591836,10.714285714285714,83.16326530612244,8.418367346938775,74.74489795918367
E00115183,308,49,15,34,259,25,234,15.909090909090908,4.870129870129871,11.03896103896104,84.0909090909091,8.116883116883116,75.97402597402598
E00115184,263,42,11,31,221,23,198,15.96958174904943,4.182509505703422,11.787072243346007,84.03041825095056,8.745247148288973,75.2851711026616
E00115185,354,41,9,32,313,29,284,11.581920903954803,2.5423728813559325,9.03954802259887,88.4180790960452,8.192090395480225,80.22598870056498
E00115186,216,52,17,35,164,27,137,24.074074074074073,7.87037037037037,16.203703703703702,75.92592592592592,12.5,63.42592592592593
E00115187,353,56,20,36,297,30,267,15.864022662889518,5.6657223796034,10.198300283286118,84.13597733711048,8.498583569405099,75.63739376770539
E00115188,308,68,27,41,240,22,218,22.07792207792208,8.766233766233766,13.311688311688311,77.92207792207793,7.142857142857142,70.77922077922078
E00115189,301,36,11,25,265,33,232,11.960132890365449,3.6544850498338874,8.305647840531561,88.03986710963456,10.96345514950166,77.0764119601329
E00115190,170,56,33,23,114,8,106,32.94117647058823,19.411764705882355,13.529411764705882,67.05882352941175,4.705882352941177,62.35294117647059
E00115191,339,51,17,34,288,26,262,15.04424778761062,5.014749262536873,10.029498525073747,84.95575221238938,7.669616519174041,77.28613569321534
E00115192,340,41,13,28,299,25,274,12.058823529411764,3.823529411764706,8.235294117647058,87.94117647058823,7.352941176470589,80.58823529411765
E00115193,316,47,20,27,269,26,243,14.873417721518987,6.329113924050633,8.544303797468354,85.12658227848101,8.227848101265822,76.89873417721519
E00115194,268,43,9,34,225,18,207,16.044776119402986,3.3582089552238807,12.686567164179104,83.95522388059702,6.7164179104477615,77.23880597014924
E00115195,341,45,9,36,296,32,264,13.196480938416421,2.6392961876832843,10.557184750733137,86.80351906158357,9.3841642228739,77.41935483870968
E00115196,273,40,10,30,233,27,206,14.652014652014653,3.6630036630036633,10.989010989010989,85.34798534798534,9.89010989010989,75.45787545787546
E00115197,253,56,29,27,197,20,177,22.134387351778656,11.462450592885375,10.67193675889328,77.86561264822134,7.905138339920949,69.96047430830039
E00115198,307,35,11,24,272,39,233,11.400651465798045,3.5830618892508146,7.81758957654723,88.59934853420195,12.703583061889251,75.8957654723127
E00115199,276,65,25,40,211,20,191,23.55072463768116,9.057971014492754,14.492753623188406,76.44927536231883,7.246376811594203,69.20289855072464
E00115200,334,45,14,31,289,28,261,13.47305389221557,4.191616766467066,9.281437125748502,86.52694610778443,8.383233532934131,78.1437125748503
E00115201,335,32,9,23,303,26,277,9.55223880597015,2.6865671641791042,6.865671641791045,90.44776119402985,7.761194029850746,82.68656716417911
E00115202,357,37,10,27,320,25,295,10.364145658263306,2.801120448179272,7.563025210084033,89.6358543417367,7.002801120448179,82.6330532212885
E00115203,342,37,6,31,305,30,275,10.818713450292398,1.7543859649122806,9.064327485380117,89.18128654970761,8.771929824561402,80.4093567251462
E00115204,340,41,16,25,299,30,269,12.058823529411764,4.705882352941177,7.352941176470589,87.94117647058823,8.823529411764707,79.11764705882352
E00115205,251,24,7,17,227,20,207,9.56175298804781,2.788844621513944,6.772908366533864,90.43824701195219,7.968127490039841,82.47011952191235
E00115206,225,30,7,23,195,30,165,13.333333333333334,3.111111111111111,10.222222222222223,86.66666666666667,13.333333333333334,73.33333333333333
E00115207,287,35,16,19,252,26,226,12.195121951219512,5.574912891986063,6.620209059233449,87.8048780487805,9.059233449477352,78.74564459930313
E00115208,332,77,49,28,255,23,232,23.19277108433735,14.759036144578314,8.433734939759036,76.80722891566265,6.927710843373494,69.87951807228916
E00115209,141,37,15,22,104,18,86,26.24113475177305,10.638297872340425,15.602836879432624,73.75886524822694,12.76595744680851,60.99290780141844
E00115210,328,67,28,39,261,24,237,20.426829268292682,8.536585365853659,11.890243902439025,79.57317073170732,7.317073170731707,72.2560975609756
E00115211,383,66,24,42,317,29,288,17.232375979112273,6.266318537859007,10.966057441253264,82.76762402088774,7.5718015665796345,75.19582245430809
E00115212,260,21,4,17,239,22,217,8.076923076923077,1.5384615384615385,6.538461538461539,91.92307692307692,8.461538461538462,83.46153846153847
E00115213,289,50,22,28,239,27,212,17.301038062283737,7.612456747404845,9.688581314878892,82.69896193771626,9.342560553633218,73.35640138408304
E00115214,529,92,32,60,437,38,399,17.391304347826086,6.049149338374291,11.342155009451796,82.6086956521739,7.183364839319471,75.42533081285444
E00115215,326,58,20,38,268,23,245,17.791411042944784,6.134969325153374,11.65644171779141,82.20858895705521,7.05521472392638,75.15337423312883
E00115216,365,35,10,25,330,42,288,9.58904109589041,2.73972602739726,6.8493150684931505,90.41095890410958,11.506849315068493,78.9041095890411
E00115217,407,63,21,42,344,33,311,15.47911547911548,5.159705159705159,10.319410319410318,84.52088452088452,8.108108108108109,76.41277641277642
E00115218,262,70,33,37,192,22,170,26.717557251908396,12.595419847328243,14.122137404580155,73.2824427480916,8.396946564885496,64.8854961832061
E00115219,298,63,24,39,235,34,201,21.140939597315437,8.053691275167784,13.087248322147651,78.85906040268456,11.409395973154362,67.4496644295302
E00115221,287,56,26,30,231,28,203,19.51219512195122,9.059233449477352,10.452961672473867,80.48780487804879,9.75609756097561,70.73170731707317
E00115223,252,54,22,32,198,24,174,21.428571428571427,8.73015873015873,12.698412698412698,78.57142857142857,9.523809523809524,69.04761904761905
E00115224,348,67,25,42,281,25,256,19.25287356321839,7.183908045977011,12.068965517241379,80.74712643678161,7.183908045977011,73.5632183908046
E00115225,266,45,16,29,221,28,193,16.917293233082706,6.015037593984962,10.902255639097744,83.0827067669173,10.526315789473683,72.55639097744361
E00115226,330,52,21,31,278,29,249,15.757575757575756,6.363636363636363,9.393939393939393,84.24242424242424,8.787878787878787,75.45454545454545
E00115227,331,52,20,32,279,33,246,15.709969788519636,6.042296072507553,9.667673716012084,84.29003021148036,9.969788519637463,74.32024169184291
E00115229,314,92,40,52,222,23,199,29.29936305732484,12.738853503184714,16.560509554140125,70.70063694267516,7.32484076433121,63.37579617834395
E00115230,285,56,23,33,229,24,205,19.649122807017545,8.070175438596491,11.578947368421053,80.35087719298247,8.421052631578947,71.9298245614035
E00115231,378,70,24,46,308,36,272,18.51851851851852,6.349206349206349,12.16931216931217,81.48148148148148,9.523809523809524,71.95767195767195
E00115232,352,69,34,35,283,24,259,19.602272727272727,9.659090909090908,9.943181818181818,80.39772727272727,6.8181818181818175,73.57954545454545
E00115233,274,56,18,38,218,25,193,20.437956204379564,6.569343065693431,13.86861313868613,79.56204379562044,9.124087591240876,70.43795620437956
E00115234,434,99,45,54,335,29,306,22.811059907834103,10.368663594470046,12.442396313364055,77.18894009216591,6.682027649769585,70.50691244239631
E00115235,575,96,30,66,479,43,436,16.695652173913047,5.217391304347826,11.478260869565217,83.30434782608695,7.478260869565218,75.82608695652175
E00115236,317,57,16,41,260,26,234,17.981072555205046,5.047318611987381,12.933753943217665,82.01892744479495,8.201892744479496,73.81703470031546
E00115237,422,62,21,41,360,40,320,14.691943127962084,4.976303317535545,9.715639810426541,85.30805687203792,9.47867298578199,75.82938388625593
E00115238,292,57,25,32,235,35,200,19.52054794520548,8.561643835616438,10.95890410958904,80.47945205479452,11.986301369863012,68.4931506849315
E00115239,144,25,2,23,119,16,103,17.36111111111111,1.3888888888888888,15.972222222222221,82.63888888888889,11.11111111111111,71.52777777777779
E00115241,317,64,20,44,253,18,235,20.189274447949526,6.309148264984227,13.880126182965299,79.81072555205047,5.678233438485805,74.13249211356468
E00115242,388,95,36,59,293,49,244,24.484536082474225,9.278350515463918,15.206185567010309,75.51546391752578,12.628865979381443,62.88659793814433
E00115243,410,53,17,36,357,19,338,12.926829268292684,4.146341463414634,8.780487804878048,87.07317073170732,4.634146341463414,82.4390243902439
E00115244,439,66,24,42,373,31,342,15.034168564920272,5.466970387243736,9.567198177676538,84.96583143507974,7.061503416856492,77.90432801822324
E00115245,260,34,8,26,226,19,207,13.076923076923078,3.076923076923077,10,86.92307692307692,7.307692307692308,79.61538461538461
E00115246,286,48,13,35,238,24,214,16.783216783216783,4.545454545454546,12.237762237762238,83.21678321678321,8.391608391608392,74.82517482517483
E00115247,304,47,15,32,257,33,224,15.460526315789474,4.934210526315789,10.526315789473683,84.53947368421053,10.855263157894738,73.68421052631578
E00115248,556,103,41,62,453,55,398,18.525179856115106,7.374100719424461,11.151079136690647,81.4748201438849,9.892086330935252,71.58273381294964
E00115249,342,54,10,44,288,26,262,15.789473684210526,2.923976608187134,12.865497076023392,84.21052631578947,7.602339181286549,76.60818713450293
E00115250,558,77,32,45,481,48,433,13.799283154121863,5.734767025089606,8.064516129032258,86.20071684587813,8.60215053763441,77.59856630824373
E00115251,506,65,18,47,441,40,401,12.845849802371543,3.557312252964427,9.288537549407115,87.15415019762845,7.905138339920949,79.2490118577075
E00115252,276,100,63,37,176,20,156,36.231884057971016,22.82608695652174,13.405797101449277,63.76811594202898,7.246376811594203,56.52173913043478
E00115253,297,39,19,20,258,25,233,13.131313131313133,6.397306397306397,6.7340067340067336,86.86868686868688,8.417508417508419,78.45117845117845
E00115254,374,60,15,45,314,30,284,16.042780748663102,4.0106951871657754,12.032085561497325,83.9572192513369,8.0213903743315509,75.93582887700535
E00115255,236,55,17,38,181,27,154,23.30508474576271,7.203389830508475,16.101694915254235,76.69491525423729,11.440677966101696,65.2542372881356
E00115256,401,65,22,43,336,30,306,16.209476309226932,5.486284289276807,10.723192019950124,83.79052369077307,7.4812967581047385,76.30922693266832
E00115257,268,51,18,33,217,24,193,19.029850746268657,6.7164179104477615,12.313432835820896,80.97014925373134,8.955223880597014,72.01492537313433
E00115258,374,84,44,40,290,18,272,22.459893048128343,11.76470588235294,10.695187165775401,77.54010695187165,4.81283422459893,72.72727272727273
E00115259,416,72,24,48,344,41,303,17.307692307692307,5.769230769230769,11.538461538461538,82.6923076923077,9.85576923076923,72.83653846153845
E00115260,298,46,16,30,252,27,225,15.436241610738255,5.369127516778524,10.06711409395973,84.56375838926175,9.060402684563758,75.50335570469798
E00115261,444,76,29,47,368,37,331,17.117117117117118,6.531531531531531,10.585585585585585,82.88288288288288,8.333333333333332,74.54954954954955
E00115262,235,26,10,16,209,23,186,11.063829787234042,4.25531914893617,6.808510638297872,88.93617021276596,9.787234042553191,79.14893617021276
E00115263,265,57,22,35,208,19,189,21.50943396226415,8.30188679245283,13.20754716981132,78.49056603773586,7.169811320754717,71.32075471698113
E00115264,259,53,23,30,206,22,184,20.463320463320464,8.880308880308881,11.583011583011583,79.53667953667953,8.494208494208493,71.04247104247105
E00115265,192,35,12,23,157,18,139,18.229166666666664,6.25,11.979166666666668,81.77083333333334,9.375,72.39583333333334
E00115266,381,82,31,51,299,37,262,21.522309711286088,8.136482939632545,13.385826771653544,78.4776902887139,9.711286089238845,68.76640419947506
E00115267,315,47,14,33,268,33,235,14.920634920634921,4.444444444444445,10.476190476190476,85.07936507936508,10.476190476190476,74.60317460317461
E00115269,337,45,19,26,292,21,271,13.353115727002967,5.637982195845697,7.71513353115727,86.64688427299704,6.231454005934718,80.41543026706232
E00115270,306,48,21,27,258,26,232,15.686274509803921,6.862745098039216,8.823529411764707,84.31372549019608,8.49673202614379,75.81699346405229
E00115271,537,146,86,60,391,37,354,27.188081936685286,16.01489757914339,11.1731843575419,72.8119180633147,6.890130353817504,65.92178770949721
E00115272,384,83,39,44,301,33,268,21.614583333333336,10.15625,11.458333333333332,78.38541666666666,8.59375,69.79166666666666
E00115273,358,70,28,42,288,23,265,19.553072625698324,7.82122905027933,11.731843575418994,80.44692737430168,6.424581005586592,74.02234636871509
E00115274,370,63,29,34,307,26,281,17.027027027027028,7.837837837837839,9.18918918918919,82.97297297297297,7.027027027027027,75.94594594594595
E00115275,269,37,11,26,232,26,206,13.754646840148698,4.089219330855019,9.66542750929368,86.2453531598513,9.66542750929368,76.57992565055763
E00115276,199,85,52,33,114,11,103,42.71356783919598,26.13065326633166,16.582914572864322,57.286432160804026,5.527638190954774,51.75879396984925
E00115277,352,82,31,51,270,25,245,23.295454545454543,8.806818181818182,14.488636363636365,76.70454545454545,7.1022727272727275,69.60227272727273
E00115278,331,60,19,41,271,32,239,18.12688821752266,5.740181268882175,12.386706948640484,81.87311178247734,9.667673716012084,72.20543806646525
E00115279,470,81,47,34,389,36,353,17.23404255319149,10,7.234042553191489,82.76595744680851,7.659574468085106,75.1063829787234
E00115280,285,50,19,31,235,22,213,17.543859649122805,6.666666666666667,10.87719298245614,82.45614035087719,7.719298245614035,74.73684210526315
E00115281,357,57,17,40,300,30,270,15.966386554621847,4.761904761904762,11.204481792717088,84.03361344537815,8.403361344537815,75.63025210084034
E00115282,280,59,27,32,221,14,207,21.071428571428573,9.642857142857144,11.428571428571429,78.92857142857143,5,73.92857142857143
E00115283,346,62,23,39,284,30,254,17.91907514450867,6.6473988439306355,11.271676300578035,82.08092485549133,8.670520231213873,73.41040462427746
E00115284,370,60,15,45,310,40,270,16.216216216216218,4.054054054054054,12.162162162162163,83.78378378378379,10.81081081081081,72.97297297297297
E00115286,354,66,15,51,288,34,254,18.64406779661017,4.23728813559322,14.40677966101695,81.35593220338984,9.6045197740113,71.75141242937853
E00115287,577,93,32,61,484,58,426,16.11785095320624,5.545927209705372,10.571923743500866,83.88214904679376,10.051993067590988,73.83015597920277
E00115288,300,42,25,17,258,24,234,14.000000000000002,8.333333333333332,5.666666666666666,86,8,78
E00115289,340,58,23,35,282,27,255,17.058823529411764,6.764705882352941,10.294117647058822,82.94117647058825,7.941176470588235,75
E00115290,249,82,47,35,167,11,156,32.93172690763052,18.87550200803213,14.056224899598394,67.06827309236948,4.417670682730924,62.65060240963856
E00115291,352,82,35,47,270,21,249,23.295454545454543,9.943181818181818,13.352272727272727,76.70454545454545,5.965909090909091,70.73863636363636
E00115292,213,76,50,26,137,13,124,35.68075117370892,23.474178403755868,12.206572769953052,64.31924882629107,6.103286384976526,58.21596244131455
E00115293,426,106,45,61,320,25,295,24.88262910798122,10.56338028169014,14.319248826291082,75.11737089201877,5.868544600938967,69.24882629107981
E00115294,267,51,21,30,216,25,191,19.101123595505616,7.865168539325842,11.235955056179774,80.89887640449437,9.363295880149813,71.53558052434457
E00115295,394,36,8,28,358,34,324,9.137055837563452,2.030456852791878,7.1065989847715745,90.86294416243655,8.629441624365482,82.23350253807106
E00115296,584,90,40,50,494,44,450,15.41095890410959,6.8493150684931505,8.561643835616438,84.58904109589042,7.534246575342466,77.05479452054794
E00115298,309,41,9,32,268,31,237,13.268608414239482,2.912621359223301,10.355987055016183,86.73139158576052,10.032362459546926,76.69902912621359
E00115299,369,78,44,34,291,30,261,21.138211382113823,11.924119241192411,9.214092140921409,78.86178861788618,8.130081300813007,70.73170731707317
E00115300,308,29,6,23,279,25,254,9.415584415584416,1.948051948051948,7.467532467532467,90.5844155844156,8.116883116883116,82.46753246753246
E00115301,358,46,14,32,312,29,283,12.849162011173185,3.910614525139665,8.938547486033519,87.15083798882681,8.100558659217876,79.05027932960894
E00115302,274,21,2,19,253,18,235,7.664233576642336,0.7299270072992701,6.934306569343065,92.33576642335767,6.569343065693431,85.76642335766424
E00115303,228,25,6,19,203,28,175,10.964912280701753,2.631578947368421,8.333333333333332,89.03508771929825,12.280701754385964,76.75438596491229
E00115304,498,51,18,33,447,45,402,10.240963855421686,3.614457831325301,6.626506024096386,89.7590361445783,9.036144578313253,80.72289156626506
E00115305,366,68,18,50,298,23,275,18.579234972677597,4.918032786885246,13.661202185792352,81.4207650273224,6.284153005464481,75.13661202185791
E00115306,325,26,1,25,299,25,274,8,0.3076923076923077,7.6923076923076925,92,7.6923076923076925,84.3076923076923
E00115307,326,44,14,30,282,24,258,13.496932515337424,4.294478527607362,9.202453987730062,86.50306748466258,7.361963190184049,79.14110429447852
E00115308,280,38,12,26,242,24,218,13.571428571428571,4.285714285714286,9.285714285714286,86.42857142857143,8.571428571428571,77.85714285714286
E00115309,268,49,12,37,219,24,195,18.28358208955224,4.477611940298507,13.805970149253731,81.71641791044776,8.955223880597014,72.76119402985076
E00115310,442,58,22,36,384,34,350,13.122171945701359,4.97737556561086,8.144796380090497,86.87782805429865,7.6923076923076925,79.18552036199095
E00115311,222,34,12,22,188,10,178,15.315315315315313,5.405405405405405,9.90990990990991,84.68468468468468,4.504504504504505,80.18018018018019
E00115312,507,86,42,44,421,43,378,16.962524654832347,8.284023668639055,8.678500986193294,83.03747534516765,8.481262327416173,74.55621301775149
E00115313,266,63,18,45,203,15,188,23.684210526315788,6.7669172932330826,16.917293233082706,76.31578947368422,5.639097744360902,70.67669172932331
E00115314,189,34,7,27,155,19,136,17.989417989417987,3.7037037037037033,14.285714285714285,82.01058201058201,10.052910052910052,71.95767195767195
E00115315,131,33,19,14,98,11,87,25.190839694656486,14.50381679389313,10.687022900763358,74.80916030534351,8.396946564885496,66.41221374045801
E00115316,381,46,15,31,335,27,308,12.073490813648293,3.937007874015748,8.136482939632545,87.92650918635171,7.086614173228346,80.83989501312337
E00115317,209,44,13,31,165,8,157,21.052631578947366,6.220095693779904,14.832535885167463,78.94736842105263,3.827751196172249,75.11961722488039
E00115319,355,37,10,27,318,37,281,10.422535211267606,2.8169014084507045,7.605633802816901,89.5774647887324,10.422535211267606,79.15492957746478
E00115321,268,56,29,27,212,18,194,20.8955223880597,10.820895522388058,10.074626865671641,79.1044776119403,6.7164179104477615,72.38805970149254
E00115322,228,50,20,30,178,24,154,21.929824561403507,8.771929824561402,13.157894736842104,78.0701754385965,10.526315789473683,67.54385964912281
E00115323,306,36,10,26,270,25,245,11.76470588235294,3.2679738562091507,8.49673202614379,88.23529411764706,8.169934640522875,80.06535947712419
E00115325,322,50,18,32,272,22,250,15.527950310559005,5.590062111801243,9.937888198757763,84.472049689441,6.832298136645963,77.63975155279503
E00115326,262,33,15,18,229,22,207,12.595419847328243,5.7251908396946565,6.870229007633588,87.40458015267176,8.396946564885496,79.00763358778626
E00115327,317,64,32,32,253,24,229,20.189274447949526,10.094637223974763,10.094637223974763,79.81072555205047,7.570977917981073,72.2397476340694
E00115328,252,35,7,28,217,25,192,13.88888888888889,2.7777777777777777,11.11111111111111,86.11111111111111,9.920634920634921,76.19047619047619
E00115329,251,35,12,23,216,22,194,13.94422310756972,4.780876494023905,9.163346613545817,86.05577689243027,8.764940239043826,77.29083665338645
E00115330,420,90,39,51,330,32,298,21.428571428571427,9.285714285714286,12.142857142857142,78.57142857142857,7.6190476190476195,70.95238095238095
E00115331,273,33,10,23,240,23,217,12.087912087912088,3.6630036630036633,8.424908424908425,87.91208791208791,8.424908424908425,79.48717948717949
E00115332,291,67,29,38,224,23,201,23.02405498281787,9.965635738831615,13.058419243986256,76.97594501718214,7.903780068728522,69.0721649484536
E00115333,276,27,5,22,249,30,219,9.782608695652174,1.8115942028985508,7.971014492753622,90.21739130434783,10.869565217391305,79.34782608695652
E00115334,257,55,20,35,202,21,181,21.40077821011673,7.782101167315175,13.618677042801556,78.59922178988327,8.171206225680933,70.42801556420234
E00115335,258,34,12,22,224,24,200,13.178294573643413,4.651162790697675,8.527131782945736,86.82170542635659,9.30232558139535,77.51937984496125
E00115336,267,31,10,21,236,18,218,11.610486891385769,3.7453183520599254,7.865168539325842,88.38951310861424,6.741573033707865,81.64794007490637
E00115337,283,27,8,19,256,25,231,9.540636042402827,2.8268551236749118,6.713780918727916,90.45936395759718,8.8339222614841,81.62544169611307
E00115338,348,47,14,33,301,27,274,13.505747126436782,4.022988505747127,9.482758620689655,86.49425287356321,7.758620689655173,78.73563218390804
E00115340,296,37,14,23,259,23,236,12.5,4.72972972972973,7.77027027027027,87.5,7.77027027027027,79.72972972972973
E00115341,377,53,14,39,324,33,291,14.058355437665782,3.7135278514588856,10.344827586206897,85.94164456233422,8.753315649867375,77.18832891246684
E00115342,507,57,17,40,450,41,409,11.242603550295858,3.353057199211045,7.889546351084813,88.75739644970415,8.086785009861932,80.6706114398422
E00115343,300,38,14,24,262,27,235,12.666666666666668,4.666666666666667,8,87.33333333333333,9,78.33333333333333
E00115344,317,23,6,17,294,26,268,7.255520504731862,1.8927444794952681,5.3627760252365935,92.74447949526814,8.201892744479496,84.54258675078864
E00115346,255,25,5,20,230,21,209,9.803921568627452,1.9607843137254901,7.8431372549019605,90.19607843137256,8.235294117647058,81.96078431372548
E00115347,272,35,12,23,237,26,211,12.867647058823529,4.411764705882353,8.455882352941178,87.13235294117648,9.558823529411764,77.57352941176471
E00115348,259,23,7,16,236,18,218,8.880308880308881,2.7027027027027026,6.177606177606178,91.11969111969111,6.94980694980695,84.16988416988417
E00115349,364,30,11,19,334,34,300,8.241758241758241,3.021978021978022,5.21978021978022,91.75824175824175,9.340659340659341,82.41758241758241
E00115351,176,27,11,16,149,6,143,15.340909090909092,6.25,9.090909090909092,84.6590909090909,3.4090909090909087,81.25
E00115352,343,24,2,22,319,21,298,6.997084548104956,0.5830903790087464,6.41399416909621,93.00291545189503,6.122448979591836,86.88046647230321
E00115353,229,35,10,25,194,16,178,15.283842794759824,4.366812227074235,10.91703056768559,84.71615720524017,6.986899563318777,77.72925764192141
E00115354,326,28,7,21,298,32,266,8.588957055214724,2.147239263803681,6.441717791411043,91.41104294478528,9.815950920245399,81.59509202453987
E00115355,337,35,7,28,302,31,271,10.385756676557865,2.0771513353115725,8.30860534124629,89.61424332344214,9.198813056379821,80.41543026706232
E00115356,232,24,2,22,208,16,192,10.344827586206897,0.8620689655172413,9.482758620689655,89.65517241379311,6.896551724137931,82.75862068965517
E00115357,326,25,8,17,301,31,270,7.668711656441718,2.4539877300613497,5.214723926380368,92.33128834355828,9.509202453987731,82.82208588957054
E00115358,322,31,6,25,291,23,268,9.627329192546584,1.8633540372670807,7.763975155279502,90.37267080745342,7.142857142857142,83.22981366459628
E00115359,267,32,4,28,235,24,211,11.985018726591761,1.4981273408239701,10.486891385767791,88.01498127340824,8.98876404494382,79.02621722846442
E00115360,332,35,14,21,297,19,278,10.542168674698797,4.216867469879518,6.325301204819277,89.45783132530121,5.72289156626506,83.73493975903614
E00115361,260,45,13,32,215,21,194,17.307692307692307,5,12.307692307692308,82.6923076923077,8.076923076923077,74.61538461538461
E00115362,283,52,21,31,231,30,201,18.374558303886925,7.420494699646643,10.954063604240282,81.62544169611307,10.60070671378092,71.02473498233216
E00115363,318,35,8,27,283,26,257,11.0062893081761,2.515723270440252,8.49056603773585,88.9937106918239,8.176100628930817,80.81761006289308
E00115364,314,42,14,28,272,25,247,13.375796178343949,4.45859872611465,8.9171974522293,86.62420382165605,7.961783439490445,78.6624203821656
E00115365,310,58,24,34,252,35,217,18.70967741935484,7.741935483870968,10.967741935483872,81.29032258064515,11.29032258064516,70
E00115366,288,35,10,25,253,19,234,12.152777777777777,3.4722222222222223,8.680555555555555,87.84722222222221,6.597222222222222,81.25
E00115368,175,26,10,16,149,13,136,14.857142857142858,5.714285714285714,9.142857142857142,85.14285714285714,7.428571428571429,77.71428571428571
E00115369,162,37,13,24,125,15,110,22.839506172839506,8.024691358024691,14.814814814814813,77.1604938271605,9.25925925925926,67.90123456790124
E00115370,332,56,22,34,276,32,244,16.867469879518072,6.626506024096386,10.240963855421686,83.13253012048193,9.63855421686747,73.49397590361446
E00115371,304,52,23,29,252,28,224,17.105263157894736,7.565789473684211,9.539473684210527,82.89473684210526,9.210526315789473,73.68421052631578
E00115372,123,44,29,15,79,9,70,35.77235772357724,23.577235772357724,12.195121951219512,64.22764227642277,7.317073170731707,56.91056910569105
E00115373,361,97,57,40,264,33,231,26.869806094182824,15.789473684210526,11.080332409972298,73.13019390581718,9.141274238227147,63.988919667590025
E00115374,366,64,21,43,302,30,272,17.48633879781421,5.737704918032787,11.748633879781421,82.5136612021858,8.19672131147541,74.31693989071039
E00115375,307,51,21,30,256,21,235,16.612377850162865,6.840390879478828,9.77198697068404,83.38762214983714,6.840390879478828,76.54723127035831
E00115376,291,69,28,41,222,19,203,23.711340206185564,9.621993127147768,14.0893470790378,76.28865979381443,6.529209621993128,69.7594501718213
E00115377,295,42,17,25,253,30,223,14.237288135593221,5.762711864406779,8.47457627118644,85.76271186440678,10.16949152542373,75.59322033898304
E00115378,532,87,35,52,445,38,407,16.35338345864662,6.578947368421052,9.774436090225564,83.64661654135338,7.142857142857142,76.50375939849624
E00115379,351,55,21,34,296,20,276,15.669515669515668,5.982905982905983,9.686609686609685,84.33048433048434,5.698005698005698,78.63247863247864
E00115380,267,41,13,28,226,25,201,15.355805243445692,4.868913857677903,10.486891385767791,84.6441947565543,9.363295880149813,75.28089887640449
E00115381,324,70,25,45,254,22,232,21.604938271604937,7.716049382716049,13.88888888888889,78.39506172839506,6.790123456790123,71.60493827160494
E00115382,353,57,22,35,296,31,265,16.147308781869686,6.232294617563739,9.91501416430595,83.85269121813032,8.78186968838527,75.07082152974505
E00115383,390,54,27,27,336,35,301,13.846153846153847,6.923076923076923,6.923076923076923,86.15384615384616,8.974358974358974,77.17948717948718
E00115384,230,61,25,36,169,15,154,26.521739130434785,10.869565217391305,15.65217391304348,73.47826086956522,6.521739130434782,66.95652173913044
E00115385,301,45,22,23,256,28,228,14.950166112956811,7.308970099667775,7.641196013289036,85.04983388704319,9.30232558139535,75.74750830564784
E00115386,378,121,76,45,257,24,233,32.01058201058201,20.105820105820104,11.904761904761903,67.98941798941799,6.349206349206349,61.64021164021164
E00115387,278,60,28,32,218,29,189,21.58273381294964,10.071942446043165,11.510791366906476,78.41726618705036,10.431654676258994,67.98561151079137
E00115388,341,52,18,34,289,35,254,15.249266862170089,5.278592375366569,9.970674486803519,84.75073313782991,10.263929618768328,74.48680351906158
E00115389,352,40,15,25,312,24,288,11.363636363636363,4.261363636363636,7.1022727272727275,88.63636363636364,6.8181818181818175,81.81818181818183
E00115390,298,54,24,30,244,21,223,18.120805369127517,8.053691275167784,10.06711409395973,81.87919463087249,7.046979865771812,74.83221476510067
E00115391,357,31,6,25,326,43,283,8.683473389355742,1.680672268907563,7.002801120448179,91.31652661064426,12.044817927170868,79.27170868347339
E00115392,424,39,11,28,385,28,357,9.19811320754717,2.5943396226415096,6.60377358490566,90.80188679245283,6.60377358490566,84.19811320754717
E00115393,348,60,29,31,288,25,263,17.24137931034483,8.333333333333332,8.908045977011495,82.75862068965517,7.183908045977011,75.57471264367817
E00115394,325,34,15,19,291,23,268,10.461538461538462,4.615384615384616,5.846153846153846,89.53846153846153,7.076923076923077,82.46153846153847
E00115395,331,63,41,22,268,22,246,19.033232628398792,12.386706948640484,6.646525679758309,80.96676737160121,6.646525679758309,74.32024169184291
E00115396,204,27,13,14,177,22,155,13.23529411764706,6.372549019607843,6.862745098039216,86.76470588235294,10.784313725490197,75.98039215686273
E00115397,349,69,29,40,280,27,253,19.770773638968482,8.30945558739255,11.461318051575931,80.22922636103151,7.736389684813753,72.49283667621776
E00115398,334,42,8,34,292,23,269,12.574850299401197,2.3952095808383236,10.179640718562874,87.42514970059881,6.88622754491018,80.53892215568862
E00115399,214,81,42,39,133,17,116,37.850467289719624,19.626168224299064,18.22429906542056,62.149532710280376,7.943925233644859,54.20560747663551
E00115400,228,26,5,21,202,25,177,11.403508771929824,2.1929824561403506,9.210526315789473,88.59649122807018,10.964912280701753,77.63157894736842
E00115401,356,69,37,32,287,25,262,19.382022471910112,10.393258426966293,8.98876404494382,80.6179775280899,7.02247191011236,73.59550561797754
E00115402,362,38,14,24,324,34,290,10.497237569060774,3.867403314917127,6.629834254143646,89.50276243093923,9.392265193370166,80.11049723756905
E00115403,365,54,20,34,311,35,276,14.794520547945206,5.47945205479452,9.315068493150685,85.2054794520548,9.58904109589041,75.61643835616438
E00115404,272,30,9,21,242,28,214,11.029411764705882,3.308823529411765,7.720588235294118,88.97058823529412,10.294117647058822,78.67647058823529
E00115405,294,45,18,27,249,31,218,15.306122448979592,6.122448979591836,9.183673469387756,84.6938775510204,10.54421768707483,74.14965986394559
E00115406,297,40,11,29,257,24,233,13.468013468013467,3.7037037037037033,9.764309764309765,86.53198653198653,8.080808080808081,78.45117845117845
E00115407,365,37,12,25,328,29,299,10.136986301369863,3.287671232876712,6.8493150684931505,89.86301369863014,7.9452054794520555,81.91780821917808
E00115408,378,42,11,31,336,35,301,11.11111111111111,2.91005291005291,8.201058201058201,88.88888888888889,9.25925925925926,79.62962962962963
E00115409,318,39,12,27,279,24,255,12.264150943396226,3.7735849056603774,8.49056603773585,87.73584905660378,7.547169811320755,80.18867924528303
E00115410,305,32,10,22,273,29,244,10.491803278688524,3.278688524590164,7.213114754098362,89.50819672131148,9.508196721311474,80
E00115411,339,33,10,23,306,31,275,9.734513274336283,2.949852507374631,6.784660766961652,90.2654867256637,9.144542772861357,81.12094395280236
E00115412,254,50,20,30,204,25,179,19.68503937007874,7.874015748031496,11.811023622047244,80.31496062992126,9.84251968503937,70.47244094488188
E00115413,346,33,12,21,313,38,275,9.53757225433526,3.4682080924855487,6.069364161849711,90.46242774566474,10.982658959537572,79.47976878612717
E00115414,275,58,24,34,217,24,193,21.09090909090909,8.727272727272728,12.363636363636363,78.9090909090909,8.727272727272728,70.18181818181817
E00115415,319,46,16,30,273,25,248,14.420062695924765,5.015673981191222,9.404388714733543,85.57993730407524,7.836990595611286,77.74294670846395
E00115416,323,42,16,26,281,36,245,13.003095975232199,4.953560371517028,8.04953560371517,86.9969040247678,11.145510835913312,75.85139318885449
E00115417,322,43,14,29,279,30,249,13.354037267080745,4.3478260869565215,9.006211180124224,86.64596273291926,9.316770186335404,77.32919254658384
E00115419,312,51,14,37,261,23,238,16.346153846153847,4.487179487179487,11.858974358974358,83.65384615384616,7.371794871794872,76.28205128205127
E00115420,350,42,11,31,308,31,277,12,3.1428571428571432,8.857142857142856,88,8.857142857142856,79.14285714285715
E00115421,353,40,6,34,313,33,280,11.3314447592068,1.69971671388102,9.631728045325778,88.6685552407932,9.34844192634561,79.3201133144476
E00115422,330,38,14,24,292,37,255,11.515151515151516,4.242424242424243,7.2727272727272725,88.48484848484848,11.212121212121213,77.27272727272727
E00115423,383,80,38,42,303,31,272,20.887728459530024,9.921671018276761,10.966057441253264,79.11227154046998,8.093994778067886,71.01827676240208
E00115424,311,42,11,31,269,33,236,13.504823151125404,3.536977491961415,9.967845659163988,86.49517684887459,10.610932475884244,75.88424437299035
E00115425,408,57,24,33,351,30,321,13.970588235294118,5.88235294117647,8.088235294117647,86.02941176470588,7.352941176470589,78.67647058823529
E00115426,346,41,12,29,305,29,276,11.849710982658959,3.4682080924855487,8.38150289017341,88.15028901734104,8.38150289017341,79.76878612716763
E00115427,274,46,17,29,228,26,202,16.78832116788321,6.204379562043796,10.583941605839415,83.21167883211679,9.48905109489051,73.72262773722628
E00115428,303,36,10,26,267,34,233,11.881188118811881,3.3003300330033,8.58085808580858,88.11881188118812,11.221122112211221,76.89768976897689
E00115429,215,31,6,25,184,17,167,14.418604651162791,2.7906976744186047,11.627906976744185,85.5813953488372,7.906976744186046,77.67441860465117
E00115430,334,38,12,26,296,34,262,11.377245508982035,3.592814371257485,7.784431137724551,88.62275449101796,10.179640718562874,78.44311377245509
E00115431,311,45,19,26,266,30,236,14.469453376205788,6.109324758842444,8.360128617363344,85.53054662379421,9.646302250803858,75.88424437299035
E00115432,298,34,11,23,264,20,244,11.409395973154362,3.691275167785235,7.718120805369128,88.59060402684564,6.7114093959731544,81.87919463087249
E00115433,250,42,23,19,208,28,180,16.8,9.2,7.6,83.2,11.200000000000001,72
E00115434,301,34,13,21,267,23,244,11.295681063122924,4.318936877076411,6.976744186046512,88.70431893687709,7.641196013289036,81.06312292358804
E00115435,261,45,19,26,216,19,197,17.24137931034483,7.2796934865900385,9.961685823754788,82.75862068965517,7.2796934865900385,75.47892720306514
E00115436,261,64,30,34,197,26,171,24.521072796934863,11.494252873563218,13.026819923371647,75.47892720306514,9.961685823754788,65.51724137931035
E00115437,309,53,16,37,256,24,232,17.15210355987055,5.177993527508091,11.974110032362459,82.84789644012946,7.766990291262135,75.08090614886731
E00115438,261,108,63,45,153,18,135,41.37931034482759,24.137931034482758,17.24137931034483,58.620689655172406,6.896551724137931,51.724137931034484
E00115439,304,48,13,35,256,23,233,15.789473684210526,4.276315789473684,11.513157894736842,84.21052631578947,7.565789473684211,76.64473684210526
E00115440,241,63,23,40,178,27,151,26.141078838174277,9.54356846473029,16.59751037344398,73.85892116182573,11.20331950207469,62.655601659751035
E00115441,284,30,8,22,254,28,226,10.56338028169014,2.8169014084507045,7.746478873239436,89.43661971830986,9.859154929577464,79.5774647887324
E00115442,290,67,19,48,223,31,192,23.103448275862068,6.551724137931035,16.551724137931036,76.89655172413794,10.689655172413794,66.20689655172414
E00115443,302,49,26,23,253,25,228,16.225165562913908,8.609271523178808,7.6158940397351,83.77483443708608,8.27814569536424,75.49668874172185
E00115444,322,86,44,42,236,29,207,26.70807453416149,13.664596273291925,13.043478260869565,73.29192546583852,9.006211180124224,64.28571428571429
E00115445,320,82,43,39,238,23,215,25.624999999999996,13.4375,12.1875,74.375,7.187499999999999,67.1875
E00115446,384,95,58,37,289,26,263,24.739583333333336,15.104166666666666,9.635416666666668,75.26041666666666,6.770833333333333,68.48958333333334
E00115447,301,66,19,47,235,24,211,21.92691029900332,6.312292358803987,15.614617940199334,78.07308970099668,7.973421926910299,70.09966777408638
E00115448,281,46,21,25,235,24,211,16.370106761565836,7.473309608540925,8.896797153024911,83.62989323843416,8.540925266903916,75.08896797153025
E00115449,325,63,31,32,262,34,228,19.384615384615383,9.538461538461538,9.846153846153847,80.61538461538461,10.461538461538462,70.15384615384616
E00115450,445,79,26,53,366,38,328,17.752808988764045,5.842696629213483,11.910112359550562,82.24719101123596,8.539325842696629,73.70786516853933
E00115451,242,39,16,23,203,27,176,16.115702479338843,6.6115702479338845,9.50413223140496,83.88429752066115,11.15702479338843,72.72727272727273
E00115452,289,48,19,29,241,20,221,16.608996539792386,6.5743944636678195,10.034602076124568,83.39100346020761,6.920415224913495,76.47058823529412
E00115453,263,29,10,19,234,25,209,11.02661596958175,3.802281368821293,7.224334600760455,88.97338403041825,9.505703422053232,79.46768060836501
E00115454,488,94,44,50,394,38,356,19.262295081967213,9.01639344262295,10.245901639344263,80.73770491803278,7.786885245901639,72.95081967213115
E00115455,218,21,5,16,197,18,179,9.63302752293578,2.293577981651376,7.339449541284404,90.36697247706422,8.256880733944955,82.11009174311926
E00115456,312,71,27,44,241,30,211,22.756410256410255,8.653846153846153,14.102564102564102,77.24358974358975,9.615384615384617,67.62820512820514
E00115457,196,51,15,36,145,15,130,26.02040816326531,7.653061224489796,18.367346938775512,73.9795918367347,7.653061224489796,66.3265306122449
E00115458,270,50,12,38,220,22,198,18.51851851851852,4.444444444444445,14.074074074074074,81.48148148148148,8.148148148148149,73.33333333333333
E00115459,265,55,17,38,210,24,186,20.754716981132077,6.415094339622642,14.339622641509434,79.24528301886792,9.056603773584905,70.18867924528301
E00115460,526,74,25,49,452,56,396,14.068441064638785,4.752851711026616,9.315589353612168,85.93155893536122,10.646387832699618,75.2851711026616
E00115461,553,68,28,40,485,30,455,12.296564195298371,5.063291139240507,7.233273056057866,87.70343580470163,5.424954792043399,82.27848101265823
E00115462,202,53,18,35,149,10,139,26.237623762376238,8.91089108910891,17.326732673267326,73.76237623762376,4.9504950495049505,68.8118811881188
E00115463,496,118,62,56,378,30,348,23.790322580645164,12.5,11.29032258064516,76.20967741935483,6.048387096774194,70.16129032258065
E00115464,280,49,16,33,231,23,208,17.5,5.714285714285714,11.785714285714285,82.5,8.214285714285714,74.28571428571429
E00115465,453,146,90,56,307,21,286,32.22958057395143,19.867549668874172,12.362030905077264,67.77041942604856,4.635761589403973,63.13465783664459
E00115466,205,23,7,16,182,21,161,11.219512195121952,3.414634146341464,7.804878048780488,88.78048780487805,10.24390243902439,78.53658536585367
E00115467,347,27,7,20,320,38,282,7.780979827089338,2.0172910662824206,5.763688760806916,92.21902017291066,10.951008645533141,81.26801152737752
E00115468,288,30,11,19,258,25,233,10.416666666666668,3.8194444444444446,6.597222222222222,89.58333333333334,8.680555555555555,80.90277777777779
E00115469,210,40,16,24,170,16,154,19.047619047619047,7.6190476190476195,11.428571428571429,80.95238095238095,7.6190476190476195,73.33333333333333
E00115470,367,64,32,32,303,35,268,17.43869209809264,8.71934604904632,8.71934604904632,82.56130790190736,9.536784741144414,73.02452316076294
E00115471,347,46,15,31,301,24,277,13.256484149855908,4.322766570605188,8.93371757925072,86.74351585014409,6.9164265129683,79.82708933717579
E00115472,287,38,9,29,249,30,219,13.240418118466899,3.1358885017421603,10.104529616724738,86.7595818815331,10.452961672473867,76.30662020905923
E00115473,280,49,24,25,231,20,211,17.5,8.571428571428571,8.928571428571429,82.5,7.142857142857142,75.35714285714286
E00115474,257,59,27,32,198,17,181,22.957198443579767,10.505836575875486,12.45136186770428,77.04280155642024,6.614785992217899,70.42801556420234
E00115475,167,33,6,27,134,12,122,19.760479041916167,3.592814371257485,16.16766467065868,80.23952095808383,7.18562874251497,73.05389221556887
E00115476,249,40,15,25,209,18,191,16.06425702811245,6.024096385542169,10.040160642570282,83.93574297188755,7.228915662650602,76.70682730923694
E00115477,267,27,5,22,240,24,216,10.112359550561797,1.8726591760299627,8.239700374531834,89.8876404494382,8.98876404494382,80.89887640449437
E00115478,321,40,13,27,281,25,256,12.461059190031152,4.049844236760125,8.411214953271028,87.53894080996885,7.78816199376947,79.75077881619937
E00115479,342,55,19,36,287,32,255,16.08187134502924,5.555555555555555,10.526315789473683,83.91812865497076,9.35672514619883,74.56140350877193
E00115480,247,44,8,36,203,16,187,17.813765182186234,3.2388663967611335,14.5748987854251,82.18623481781377,6.477732793522267,75.7085020242915
E00115481,240,53,23,30,187,18,169,22.083333333333332,9.583333333333334,12.5,77.91666666666667,7.5,70.41666666666667
E00115482,468,80,45,35,388,38,350,17.094017094017094,9.615384615384617,7.478632478632479,82.90598290598291,8.11965811965812,74.78632478632478
E00115483,196,48,18,30,148,17,131,24.489795918367346,9.183673469387756,15.306122448979592,75.51020408163265,8.673469387755102,66.83673469387756
E00115484,213,28,8,20,185,19,166,13.145539906103288,3.755868544600939,9.389671361502346,86.85446009389672,8.92018779342723,77.93427230046949
E00115485,334,36,13,23,298,17,281,10.778443113772456,3.8922155688622757,6.88622754491018,89.22155688622755,5.089820359281437,84.13173652694611
E00115486,329,52,19,33,277,28,249,15.80547112462006,5.775075987841945,10.030395136778116,84.19452887537993,8.51063829787234,75.6838905775076
E00115487,301,48,11,37,253,27,226,15.946843853820598,3.6544850498338874,12.29235880398671,84.0531561461794,8.970099667774086,75.08305647840533
E00168030,361,64,34,30,297,23,274,17.72853185595568,9.418282548476455,8.310249307479225,82.27146814404432,6.3711911357340725,75.90027700831024
E00168031,247,50,19,31,197,21,176,20.242914979757085,7.6923076923076925,12.550607287449392,79.75708502024291,8.502024291497975,71.25506072874494
E00168032,122,19,11,8,103,18,85,15.573770491803279,9.01639344262295,6.557377049180328,84.42622950819673,14.754098360655737,69.67213114754098
E00168033,315,47,19,28,268,31,237,14.920634920634921,6.031746031746032,8.88888888888889,85.07936507936508,9.841269841269842,75.23809523809524
E00168034,168,29,13,16,139,18,121,17.261904761904763,7.738095238095238,9.523809523809524,82.73809523809523,10.714285714285714,72.02380952380952
E00168035,287,74,33,41,213,18,195,25.78397212543554,11.498257839721255,14.285714285714285,74.21602787456446,6.2717770034843205,67.94425087108013
E00168036,225,51,18,33,174,28,146,22.666666666666664,8,14.666666666666666,77.33333333333333,12.444444444444445,64.88888888888889
E00168037,359,66,15,51,293,25,268,18.384401114206128,4.178272980501393,14.206128133704734,81.61559888579387,6.963788300835655,74.65181058495823
E00168038,239,37,17,20,202,12,190,15.481171548117153,7.112970711297072,8.368200836820083,84.51882845188284,5.02092050209205,79.49790794979079
E00168039,318,63,27,36,255,24,231,19.81132075471698,8.49056603773585,11.320754716981133,80.18867924528303,7.547169811320755,72.64150943396226
E00168040,278,41,15,26,237,19,218,14.748201438848922,5.39568345323741,9.352517985611511,85.25179856115108,6.83453237410072,78.41726618705036
E00168041,240,42,14,28,198,18,180,17.5,5.833333333333333,11.666666666666666,82.5,7.5,75
E00168042,258,47,13,34,211,13,198,18.217054263565892,5.038759689922481,13.178294573643413,81.78294573643412,5.038759689922481,76.74418604651163
E00168044,292,25,7,18,267,25,242,8.561643835616438,2.3972602739726026,6.164383561643835,91.43835616438356,8.561643835616438,82.87671232876713
E00168045,171,23,9,14,148,16,132,13.450292397660817,5.263157894736842,8.187134502923977,86.54970760233918,9.35672514619883,77.19298245614034
E00168046,197,26,8,18,171,14,157,13.19796954314721,4.060913705583756,9.137055837563452,86.80203045685279,7.1065989847715745,79.69543147208121
E00168047,217,34,11,23,183,16,167,15.668202764976957,5.0691244239631335,10.599078341013826,84.33179723502305,7.373271889400922,76.95852534562212
E00168048,249,36,15,21,213,21,192,14.457831325301203,6.024096385542169,8.433734939759036,85.54216867469879,8.433734939759036,77.10843373493977
E00168049,242,42,6,36,200,18,182,17.355371900826448,2.479338842975207,14.87603305785124,82.64462809917356,7.43801652892562,75.20661157024794
E00168050,302,54,11,43,248,23,225,17.880794701986755,3.642384105960265,14.23841059602649,82.11920529801324,7.6158940397351,74.50331125827815
E00168051,281,26,8,18,255,21,234,9.252669039145907,2.8469750889679712,6.405693950177936,90.74733096085409,7.473309608540925,83.27402135231317
E00168053,375,39,3,36,336,29,307,10.4,0.8,9.6,89.60000000000001,7.733333333333333,81.86666666666666
E00168055,583,76,19,57,507,46,461,13.036020583190394,3.2590051457975986,9.777015437392796,86.9639794168096,7.890222984562607,79.073756432247
E00168056,357,63,29,34,294,26,268,17.647058823529413,8.123249299719888,9.523809523809524,82.35294117647058,7.282913165266107,75.07002801120449
E00168058,340,49,9,40,291,28,263,14.411764705882351,2.6470588235294117,11.76470588235294,85.58823529411764,8.235294117647058,77.3529411764706
E00168059,216,23,6,17,193,16,177,10.648148148148149,2.7777777777777777,7.87037037037037,89.35185185185185,7.4074074074074066,81.94444444444444
E00168060,354,33,6,27,321,31,290,9.322033898305085,1.694915254237288,7.627118644067797,90.67796610169492,8.757062146892656,81.92090395480226
E00168061,277,22,6,16,255,11,244,7.9422382671480145,2.166064981949458,5.776173285198556,92.05776173285199,3.9711191335740073,88.08664259927798
E00177483,366,46,19,27,320,19,301,12.568306010928962,5.191256830601093,7.377049180327869,87.43169398907104,5.191256830601093,82.24043715846994
E00177759,299,36,14,22,263,26,237,12.040133779264215,4.682274247491638,7.357859531772576,87.95986622073578,8.695652173913043,79.26421404682274
E00177763,370,39,9,30,331,24,307,10.54054054054054,2.4324324324324325,8.108108108108109,89.45945945945945,6.486486486486487,82.97297297297297
E00178642,224,13,0,13,211,15,196,5.803571428571429,0,5.803571428571429,94.19642857142857,6.696428571428571,87.5
E00178652,279,48,16,32,231,29,202,17.20430107526882,5.734767025089606,11.469534050179211,82.79569892473118,10.39426523297491,72.40143369175627
E00179076,401,98,65,33,303,28,275,24.438902743142144,16.209476309226932,8.229426433915211,75.56109725685786,6.982543640897755,68.5785536159601
E00179077,342,48,16,32,294,22,272,14.035087719298245,4.678362573099415,9.35672514619883,85.96491228070175,6.432748538011696,79.53216374269006
E00179285,516,46,13,33,470,29,441,8.914728682170542,2.5193798449612403,6.395348837209303,91.08527131782945,5.62015503875969,85.46511627906976
E00181573,281,39,15,24,242,16,226,13.87900355871886,5.338078291814947,8.540925266903916,86.12099644128114,5.6939501779359425,80.42704626334519
E00181846,378,32,6,26,346,18,328,8.465608465608465,1.5873015873015872,6.878306878306878,91.53439153439153,4.761904761904762,86.77248677248677
E00181847,294,51,17,34,243,22,221,17.346938775510203,5.782312925170068,11.564625850340136,82.6530612244898,7.482993197278912,75.17006802721087
E00181940,381,46,17,29,335,26,309,12.073490813648293,4.4619422572178475,7.611548556430446,87.92650918635171,6.824146981627297,81.10236220472441
E00182064,339,44,14,30,295,20,275,12.979351032448378,4.129793510324483,8.849557522123893,87.02064896755162,5.899705014749262,81.12094395280236
E00182072,169,80,37,43,89,16,73,47.337278106508876,21.893491124260358,25.443786982248522,52.662721893491124,9.467455621301776,43.19526627218935
E00182543,379,28,9,19,351,19,332,7.387862796833773,2.3746701846965697,5.013192612137203,92.61213720316623,5.013192612137203,87.59894459102902
E00183108,357,35,4,31,322,16,306,9.803921568627452,1.1204481792717087,8.683473389355742,90.19607843137256,4.481792717086835,85.71428571428571
E00183428,334,43,20,23,291,35,256,12.874251497005988,5.9880239520958085,6.88622754491018,87.12574850299401,10.479041916167663,76.64670658682635
E00184548,323,43,22,21,280,24,256,13.312693498452013,6.811145510835913,6.5015479876160995,86.687306501548,7.430340557275541,79.25696594427245
E00186086,344,23,8,15,321,22,299,6.686046511627906,2.3255813953488373,4.3604651162790695,93.31395348837209,6.395348837209303,86.9186046511628
E00186092,364,45,14,31,319,18,301,12.362637362637363,3.8461538461538463,8.516483516483516,87.63736263736264,4.945054945054945,82.6923076923077
E00186325,345,40,16,24,305,22,283,11.594202898550725,4.63768115942029,6.956521739130435,88.40579710144928,6.3768115942028984,82.02898550724638
E00186326,293,30,0,30,263,26,237,10.238907849829351,0,10.238907849829351,89.76109215017065,8.873720136518772,80.88737201365188
E00186519,143,14,6,8,129,10,119,9.79020979020979,4.195804195804196,5.594405594405594,90.20979020979021,6.993006993006993,83.21678321678321
E00186662,216,35,11,24,181,23,158,16.203703703703702,5.092592592592593,11.11111111111111,83.79629629629629,10.648148148148149,73.14814814814815
E00186667,110,12,4,8,98,10,88,10.909090909090908,3.6363636363636362,7.2727272727272725,89.0909090909091,9.090909090909092,80
E00187861,429,56,19,37,373,22,351,13.053613053613052,4.428904428904429,8.624708624708624,86.94638694638695,5.128205128205128,81.81818181818183
E00187870,257,26,9,17,231,27,204,10.116731517509727,3.501945525291829,6.614785992217899,89.88326848249028,10.505836575875486,79.37743190661479
E00187871,336,31,7,24,305,30,275,9.226190476190476,2.083333333333333,7.142857142857142,90.77380952380952,8.928571428571429,81.84523809523809
E00188550,278,20,7,13,258,19,239,7.1942446043165464,2.5179856115107913,4.676258992805756,92.80575539568345,6.83453237410072,85.97122302158273
E00188551,331,42,17,25,289,22,267,12.688821752265861,5.13595166163142,7.552870090634441,87.31117824773413,6.646525679758309,80.66465256797582
E00189203,302,37,10,27,265,20,245,12.251655629139073,3.3112582781456954,8.940397350993377,87.74834437086093,6.622516556291391,81.12582781456953
E00189210,383,64,18,46,319,33,286,16.710182767624023,4.699738903394255,12.010443864229766,83.28981723237598,8.616187989556137,74.67362924281984
E00189448,342,23,6,17,319,31,288,6.725146198830409,1.7543859649122806,4.970760233918129,93.27485380116958,9.064327485380117,84.21052631578947
E00190535,332,44,18,26,288,15,273,13.253012048192772,5.421686746987952,7.83132530120482,86.74698795180723,4.518072289156627,82.2289156626506
E00190536,289,26,7,19,263,27,236,8.996539792387544,2.422145328719723,6.5743944636678195,91.00346020761245,9.342560553633218,81.66089965397923
E00190540,234,32,10,22,202,20,182,13.675213675213676,4.273504273504273,9.401709401709402,86.32478632478633,8.547008547008547,77.77777777777779
E00190542,293,28,12,16,265,26,239,9.556313993174061,4.09556313993174,5.460750853242321,90.44368600682594,8.873720136518772,81.56996587030717
E00190550,323,46,18,28,277,26,251,14.241486068111456,5.572755417956656,8.6687306501548,85.75851393188854,8.04953560371517,77.70897832817337
E00190553,444,52,17,35,392,34,358,11.711711711711711,3.8288288288288284,7.882882882882883,88.28828828828829,7.657657657657657,80.63063063063063
E00190558,358,42,18,24,316,18,298,11.731843575418994,5.027932960893855,6.70391061452514,88.26815642458101,5.027932960893855,83.24022346368714
E00190563,111,23,5,18,88,6,82,20.72072072072072,4.504504504504505,16.216216216216218,79.27927927927928,5.405405405405405,73.87387387387388
E00190567,294,38,12,26,256,27,229,12.925170068027212,4.081632653061225,8.843537414965986,87.07482993197279,9.183673469387756,77.89115646258503
E00190568,317,36,8,28,281,15,266,11.35646687697161,2.5236593059936907,8.832807570977918,88.64353312302839,4.73186119873817,83.91167192429022
E00190569,369,44,15,29,325,23,302,11.924119241192411,4.0650406504065035,7.8590785907859075,88.07588075880759,6.233062330623306,81.84281842818429
E00190574,348,42,11,31,306,25,281,12.068965517241379,3.1609195402298855,8.908045977011495,87.93103448275862,7.183908045977011,80.74712643678161
E00190577,347,37,13,24,310,25,285,10.662824207492795,3.7463976945244957,6.9164265129683,89.33717579250721,7.204610951008646,82.13256484149855
E00190580,205,17,2,15,188,15,173,8.292682926829269,0.975609756097561,7.317073170731707,91.70731707317074,7.317073170731707,84.39024390243902
E00190583,283,20,4,16,263,16,247,7.06713780918728,1.4134275618374559,5.6537102473498235,92.93286219081273,5.6537102473498235,87.27915194346289
E00190584,253,33,14,19,220,21,199,13.043478260869565,5.533596837944664,7.5098814229249005,86.95652173913044,8.300395256916996,78.65612648221344
E00190591,305,24,7,17,281,24,257,7.868852459016394,2.2950819672131146,5.573770491803279,92.1311475409836,7.868852459016394,84.26229508196721
