OA,ts0590001,ts0590002,ts0590003,ts0590004,ts0590005,ts0590006,ts0590007,ts0590002_PCT,ts0590003_PCT,ts0590004_PCT,ts0590005_PCT,ts0590006_PCT,ts0590007_PCT
E00143774,140,41,15,26,99,83,16,29.28571428571429,10.714285714285714,18.571428571428573,70.71428571428572,59.285714285714285,11.428571428571429
E00143775,167,52,17,35,115,101,14,31.137724550898206,10.179640718562874,20.958083832335326,68.8622754491018,60.47904191616767,8.383233532934131
E00143776,220,48,13,35,172,145,27,21.818181818181817,5.909090909090909,15.909090909090908,78.18181818181819,65.9090909090909,12.272727272727273
E00143778,102,27,5,22,75,60,15,26.47058823529412,4.901960784313726,21.568627450980394,73.52941176470588,58.82352941176471,14.705882352941178
E00143779,118,31,8,23,87,71,16,26.27118644067797,6.779661016949152,19.491525423728813,73.72881355932203,60.16949152542372,13.559322033898304
E00143780,115,38,9,29,77,66,11,33.04347826086956,7.82608695652174,25.217391304347824,66.95652173913044,57.391304347826086,9.565217391304348
E00143781,200,42,12,30,158,139,19,21,6,15,79,69.5,9.5
E00143782,238,65,20,45,173,140,33,27.310924369747898,8.403361344537815,18.907563025210084,72.68907563025209,58.82352941176471,13.865546218487395
E00143783,84,25,11,14,59,50,9,29.761904761904763,13.095238095238097,16.666666666666664,70.23809523809523,59.523809523809526,10.714285714285714
E00143785,253,74,30,44,179,138,41,29.249011857707508,11.857707509881422,17.391304347826086,70.7509881422925,54.54545454545454,16.205533596837945
E00143786,188,60,16,44,128,112,16,31.914893617021278,8.51063829787234,23.404255319148938,68.08510638297872,59.57446808510638,8.51063829787234
E00143787,83,28,12,16,55,46,9,33.734939759036145,14.457831325301203,19.27710843373494,66.26506024096386,55.42168674698795,10.843373493975903
E00143788,128,45,16,29,83,59,24,35.15625,12.5,22.65625,64.84375,46.09375,18.75
E00143789,215,54,14,40,161,140,21,25.116279069767444,6.511627906976744,18.6046511627907,74.88372093023256,65.11627906976744,9.767441860465116
E00143790,92,31,10,21,61,52,9,33.69565217391305,10.869565217391305,22.82608695652174,66.30434782608695,56.52173913043478,9.782608695652174
E00143791,93,34,11,23,59,46,13,36.55913978494624,11.827956989247312,24.731182795698924,63.44086021505376,49.46236559139785,13.978494623655912
E00143793,204,41,7,34,163,137,26,20.098039215686274,3.431372549019608,16.666666666666664,79.90196078431373,67.15686274509804,12.745098039215685
E00143794,121,34,8,26,87,79,8,28.09917355371901,6.6115702479338845,21.487603305785125,71.900826446281,65.28925619834712,6.6115702479338845
E00143795,109,38,16,22,71,64,7,34.862385321100916,14.678899082568808,20.18348623853211,65.13761467889908,58.71559633027523,6.422018348623854
E00143796,135,38,10,28,97,79,18,28.14814814814815,7.4074074074074066,20.74074074074074,71.85185185185186,58.51851851851851,13.333333333333334
E00143797,125,35,14,21,90,78,12,28.000000000000004,11.200000000000001,16.8,72,62.4,9.6
E00143798,175,47,13,34,128,114,14,26.857142857142858,7.428571428571429,19.428571428571427,73.14285714285714,65.14285714285715,8
E00143799,156,52,19,33,104,88,16,33.33333333333333,12.179487179487179,21.153846153846153,66.66666666666666,56.41025641025641,10.256410256410255
E00143800,136,49,14,35,87,72,15,36.029411764705884,10.294117647058822,25.735294117647058,63.970588235294116,52.94117647058824,11.029411764705882
E00143801,126,36,11,25,90,70,20,28.57142857142857,8.73015873015873,19.841269841269842,71.42857142857143,55.55555555555556,15.873015873015872
E00143802,35,9,1,8,26,21,5,25.71428571428571,2.857142857142857,22.857142857142858,74.28571428571429,60,14.285714285714285
E00143803,103,34,8,26,69,54,15,33.00970873786408,7.766990291262135,25.24271844660194,66.99029126213593,52.42718446601942,14.563106796116504
E00143805,111,34,10,24,77,65,12,30.630630630630627,9.00900900900901,21.62162162162162,69.36936936936937,58.55855855855856,10.81081081081081
E00143806,128,44,10,34,84,67,17,34.375,7.8125,26.5625,65.625,52.34375,13.28125
E00143808,103,33,9,24,70,58,12,32.038834951456316,8.737864077669903,23.300970873786408,67.96116504854369,56.310679611650485,11.650485436893204
E00143809,145,50,13,37,95,72,23,34.48275862068966,8.96551724137931,25.517241379310345,65.51724137931035,49.6551724137931,15.862068965517242
E00143810,155,47,18,29,108,90,18,30.32258064516129,11.612903225806452,18.70967741935484,69.6774193548387,58.06451612903226,11.612903225806452
E00143811,164,52,16,36,112,100,12,31.70731707317073,9.75609756097561,21.951219512195124,68.29268292682927,60.97560975609756,7.317073170731707
E00143812,114,41,17,24,73,64,9,35.96491228070175,14.912280701754385,21.052631578947366,64.03508771929825,56.14035087719298,7.894736842105263
E00143813,105,30,9,21,75,63,12,28.57142857142857,8.571428571428571,20,71.42857142857143,60,11.428571428571429
E00143814,163,61,12,49,102,85,17,37.423312883435585,7.361963190184049,30.061349693251532,62.57668711656442,52.14723926380368,10.429447852760736
E00143815,212,43,13,30,169,153,16,20.28301886792453,6.132075471698113,14.150943396226415,79.71698113207547,72.16981132075472,7.547169811320755
E00143816,129,38,13,25,91,81,10,29.457364341085274,10.077519379844961,19.379844961240313,70.54263565891473,62.7906976744186,7.751937984496124
E00143817,21,10,4,6,11,9,2,47.61904761904761,19.047619047619047,28.57142857142857,52.38095238095239,42.857142857142854,9.523809523809524
E00143818,138,43,15,28,95,77,18,31.15942028985507,10.869565217391305,20.28985507246377,68.84057971014492,55.79710144927537,13.043478260869565
E00143819,86,26,6,20,60,51,9,30.23255813953488,6.976744186046512,23.25581395348837,69.76744186046511,59.30232558139535,10.465116279069768
E00143820,28,9,4,5,19,18,1,32.142857142857146,14.285714285714285,17.857142857142858,67.85714285714286,64.28571428571429,3.571428571428571
E00143822,95,29,9,20,66,57,9,30.526315789473685,9.473684210526317,21.052631578947366,69.47368421052632,60,9.473684210526317
E00143824,98,24,4,20,74,66,8,24.489795918367346,4.081632653061225,20.408163265306122,75.51020408163265,67.3469387755102,8.16326530612245
E00143825,146,36,4,32,110,90,20,24.65753424657534,2.73972602739726,21.91780821917808,75.34246575342466,61.64383561643836,13.698630136986301
E00143826,122,23,5,18,99,84,15,18.852459016393443,4.098360655737705,14.754098360655737,81.14754098360656,68.85245901639344,12.295081967213115
E00143827,148,36,10,26,112,100,12,24.324324324324326,6.756756756756757,17.56756756756757,75.67567567567568,67.56756756756756,8.108108108108109
E00143828,133,46,11,35,87,72,15,34.58646616541353,8.270676691729323,26.31578947368421,65.41353383458647,54.13533834586466,11.278195488721805
E00143829,113,34,3,31,79,66,13,30.08849557522124,2.6548672566371683,27.43362831858407,69.91150442477876,58.4070796460177,11.504424778761061
E00143830,157,35,10,25,122,109,13,22.29299363057325,6.369426751592357,15.92356687898089,77.70700636942675,69.42675159235668,8.280254777070063
E00143831,167,59,14,45,108,91,17,35.32934131736527,8.383233532934131,26.94610778443114,64.67065868263472,54.49101796407185,10.179640718562874
E00143832,131,43,6,37,88,74,14,32.82442748091603,4.580152671755725,28.24427480916031,67.17557251908397,56.48854961832062,10.687022900763358
E00143833,71,25,4,21,46,38,8,35.2112676056338,5.633802816901409,29.577464788732392,64.7887323943662,53.52112676056338,11.267605633802818
E00143834,145,41,9,32,104,90,14,28.27586206896552,6.206896551724138,22.06896551724138,71.72413793103448,62.06896551724138,9.655172413793103
E00143835,141,43,17,26,98,91,7,30.49645390070922,12.056737588652481,18.439716312056735,69.50354609929079,64.53900709219859,4.964539007092199
E00143836,109,32,7,25,77,70,7,29.357798165137616,6.422018348623854,22.93577981651376,70.64220183486239,64.22018348623854,6.422018348623854
E00143837,73,22,7,15,51,46,5,30.136986301369863,9.58904109589041,20.54794520547945,69.86301369863014,63.013698630136986,6.8493150684931505
E00143838,118,30,6,24,88,78,10,25.423728813559322,5.084745762711865,20.33898305084746,74.57627118644068,66.10169491525424,8.47457627118644
E00143839,132,45,10,35,87,76,11,34.090909090909086,7.575757575757576,26.515151515151516,65.9090909090909,57.57575757575758,8.333333333333332
E00143840,160,51,20,31,109,87,22,31.874999999999996,12.5,19.375,68.125,54.37499999999999,13.750000000000002
E00143841,109,31,10,21,78,68,10,28.440366972477065,9.174311926605505,19.26605504587156,71.55963302752293,62.38532110091744,9.174311926605505
E00143842,126,34,8,26,92,84,8,26.984126984126984,6.349206349206349,20.634920634920633,73.01587301587301,66.66666666666666,6.349206349206349
E00143843,117,34,10,24,83,75,8,29.059829059829063,8.547008547008547,20.51282051282051,70.94017094017094,64.1025641025641,6.837606837606838
E00143844,111,37,16,21,74,63,11,33.33333333333333,14.414414414414415,18.91891891891892,66.66666666666666,56.75675675675676,9.90990990990991
E00143845,207,58,18,40,149,128,21,28.019323671497588,8.695652173913043,19.32367149758454,71.98067632850241,61.83574879227053,10.144927536231885
E00143846,149,44,12,32,105,93,12,29.53020134228188,8.053691275167784,21.476510067114095,70.46979865771812,62.41610738255034,8.053691275167784
E00143847,173,45,10,35,128,112,16,26.011560693641616,5.780346820809249,20.23121387283237,73.98843930635837,64.73988439306359,9.248554913294797
E00143848,221,58,12,46,163,144,19,26.244343891402718,5.429864253393665,20.81447963800905,73.7556561085973,65.15837104072398,8.597285067873303
E00143849,187,56,17,39,131,105,26,29.946524064171122,9.090909090909092,20.855614973262032,70.05347593582889,56.14973262032086,13.903743315508022
E00143850,195,44,12,32,151,133,18,22.564102564102566,6.153846153846154,16.41025641025641,77.435897435897445,68.2051282051282,9.230769230769232
E00143851,158,43,11,32,115,102,13,27.21518987341772,6.962025316455696,20.253164556962027,72.78481012658227,64.55696202531645,8.227848101265822
E00143852,108,31,7,24,77,69,8,28.703703703703702,6.481481481481481,22.22222222222222,71.29629629629629,63.888888888888886,7.4074074074074066
E00143853,163,48,10,38,115,97,18,29.447852760736197,6.134969325153374,23.31288343558282,70.5521472392638,59.50920245398773,11.042944785276074
E00143854,175,56,16,40,119,102,17,32,9.142857142857142,22.857142857142858,68,58.285714285714285,9.714285714285714
E00143855,161,49,8,41,112,95,17,30.434782608695656,4.968944099378882,25.465838509316768,69.56521739130434,59.006211180124225,10.559006211180124
E00143856,128,39,17,22,89,77,12,30.46875,13.28125,17.1875,69.53125,60.15625,9.375
E00143857,150,45,9,36,105,90,15,30,6,24,70,60,10
E00143858,148,34,13,21,114,107,7,22.972972972972975,8.783783783783784,14.18918918918919,77.02702702702703,72.2972972972973,4.72972972972973
E00143859,201,72,24,48,129,110,19,35.82089552238806,11.940298507462686,23.88059701492537,64.17910447761194,54.72636815920397,9.45273631840796
E00143860,155,41,8,33,114,98,16,26.451612903225808,5.161290322580645,21.29032258064516,73.54838709677419,63.2258064516129,10.32258064516129
E00143861,149,44,13,31,105,88,17,29.53020134228188,8.724832214765101,20.80536912751678,70.46979865771812,59.06040268456376,11.409395973154362
E00143862,16,6,1,5,10,10,0,37.5,6.25,31.25,62.5,62.5,0
E00143863,155,44,12,32,111,101,10,28.387096774193548,7.741935483870968,20.64516129032258,71.61290322580646,65.16129032258064,6.451612903225806
E00143864,135,34,10,24,101,92,9,25.185185185185183,7.4074074074074066,17.77777777777778,74.81481481481481,68.14814814814815,6.666666666666667
E00143865,184,37,10,27,147,136,11,20.108695652173914,5.434782608695652,14.673913043478262,79.8913043478261,73.91304347826086,5.978260869565218
E00143866,169,30,3,27,139,119,20,17.75147928994083,1.7751479289940828,15.976331360946746,82.24852071005917,70.41420118343196,11.834319526627219
E00143867,163,48,12,36,115,99,16,29.447852760736197,7.361963190184049,22.085889570552148,70.5521472392638,60.73619631901841,9.815950920245399
E00143868,91,32,10,22,59,53,6,35.16483516483517,10.989010989010989,24.175824175824175,64.83516483516483,58.24175824175825,6.593406593406594
E00143869,64,22,10,12,42,34,8,34.375,15.625,18.75,65.625,53.125,12.5
E00143870,137,47,12,35,90,82,8,34.306569343065696,8.75912408759124,25.547445255474454,65.69343065693431,59.854014598540154,5.839416058394161
E00143872,120,34,8,26,86,72,14,28.333333333333332,6.666666666666667,21.666666666666668,71.66666666666667,60,11.666666666666666
E00143873,231,65,19,46,166,149,17,28.13852813852814,8.225108225108226,19.913419913419915,71.86147186147186,64.5021645021645,7.35930735930736
E00143874,130,37,6,31,93,80,13,28.46153846153846,4.615384615384616,23.846153846153847,71.53846153846153,61.53846153846154,10
E00143875,112,36,8,28,76,68,8,32.142857142857146,7.142857142857142,25,67.85714285714286,60.71428571428571,7.142857142857142
E00143876,139,50,18,32,89,78,11,35.97122302158273,12.949640287769784,23.021582733812952,64.02877697841727,56.11510791366906,7.913669064748201
E00143877,131,40,12,28,91,81,10,30.53435114503817,9.16030534351145,21.374045801526716,69.46564885496184,61.832061068702295,7.633587786259542
E00143878,130,44,18,26,86,77,9,33.84615384615385,13.846153846153847,20,66.15384615384615,59.23076923076923,6.923076923076923
E00143879,88,24,5,19,64,54,10,27.27272727272727,5.681818181818182,21.59090909090909,72.72727272727273,61.36363636363637,11.363636363636363
E00143880,156,46,19,27,110,98,12,29.48717948717949,12.179487179487179,17.307692307692307,70.51282051282051,62.82051282051282,7.6923076923076925
E00143881,209,65,9,56,144,128,16,31.100478468899524,4.30622009569378,26.794258373205743,68.89952153110048,61.24401913875598,7.655502392344498
E00143882,160,45,12,33,115,99,16,28.125,7.5,20.625,71.875,61.875,10
E00143883,174,51,17,34,123,101,22,29.310344827586203,9.770114942528735,19.54022988505747,70.6896551724138,58.04597701149425,12.643678160919542
E00143884,83,28,3,25,55,47,8,33.734939759036145,3.614457831325301,30.120481927710845,66.26506024096386,56.62650602409639,9.63855421686747
E00143885,136,50,15,35,86,81,5,36.76470588235294,11.029411764705882,25.735294117647058,63.23529411764706,59.55882352941176,3.6764705882352944
E00143887,204,54,13,41,150,135,15,26.47058823529412,6.372549019607843,20.098039215686274,73.52941176470588,66.17647058823529,7.352941176470589
E00143890,181,49,18,31,132,115,17,27.071823204419886,9.94475138121547,17.12707182320442,72.92817679558011,63.53591160220995,9.392265193370166
E00143891,110,33,14,19,77,66,11,30,12.727272727272727,17.272727272727273,70,60,10
E00143892,45,26,3,23,19,14,5,57.77777777777777,6.666666666666667,51.11111111111111,42.22222222222222,31.11111111111111,11.11111111111111
E00143893,118,43,16,27,75,61,14,36.440677966101696,13.559322033898304,22.88135593220339,63.559322033898304,51.69491525423729,11.864406779661017
E00143894,140,39,14,25,101,87,14,27.857142857142858,10,17.857142857142858,72.14285714285714,62.142857142857146,10
E00143895,114,35,8,27,79,69,10,30.701754385964914,7.017543859649122,23.684210526315788,69.2982456140351,60.526315789473685,8.771929824561402
E00143896,140,38,11,27,102,93,9,27.142857142857142,7.857142857142857,19.28571428571429,72.85714285714285,66.42857142857143,6.428571428571428
E00143897,179,45,8,37,134,116,18,25.139664804469277,4.4692737430167595,20.670391061452513,74.86033519553072,64.80446927374301,10.05586592178771
E00143898,217,70,24,46,147,134,13,32.25806451612903,11.059907834101383,21.19815668202765,67.74193548387096,61.75115207373272,5.990783410138248
E00143899,158,54,12,42,104,97,7,34.177215189873415,7.59493670886076,26.582278481012654,65.82278481012658,61.39240506329114,4.430379746835443
E00143900,124,34,10,24,90,84,6,27.419354838709676,8.064516129032258,19.35483870967742,72.58064516129032,67.74193548387096,4.838709677419355
E00143901,157,48,10,38,109,93,16,30.573248407643312,6.369426751592357,24.203821656050955,69.42675159235668,59.23566878980891,10.191082802547772
E00143902,126,40,16,24,86,73,13,31.746031746031743,12.698412698412698,19.047619047619047,68.25396825396825,57.936507936507944,10.317460317460316
E00143903,128,28,11,17,100,75,25,21.875,8.59375,13.28125,78.125,58.59375,19.53125
E00143904,115,34,11,23,81,74,7,29.565217391304348,9.565217391304348,20,70.43478260869566,64.34782608695652,6.086956521739131
E00143905,96,29,9,20,67,56,11,30.208333333333332,9.375,20.833333333333336,69.79166666666666,58.333333333333336,11.458333333333332
E00143906,157,37,9,28,120,103,17,23.56687898089172,5.7324840764331215,17.8343949044586,76.43312101910828,65.60509554140127,10.828025477707007
E00143907,169,49,19,30,120,102,18,28.994082840236686,11.242603550295858,17.75147928994083,71.00591715976331,60.35502958579882,10.650887573964498
E00143908,117,37,9,28,80,71,9,31.62393162393162,7.6923076923076925,23.931623931623932,68.37606837606837,60.68376068376068,7.6923076923076925
E00143909,204,62,15,47,142,123,19,30.392156862745097,7.352941176470589,23.03921568627451,69.6078431372549,60.29411764705882,9.313725490196079
E00143910,234,52,18,34,182,159,23,22.22222222222222,7.6923076923076925,14.529914529914532,77.77777777777779,67.94871794871796,9.82905982905983
E00143911,161,29,6,23,132,118,14,18.012422360248447,3.7267080745341614,14.285714285714285,81.98757763975155,73.29192546583852,8.695652173913043
E00143912,190,48,14,34,142,121,21,25.263157894736842,7.368421052631578,17.894736842105264,74.73684210526315,63.68421052631579,11.052631578947368
E00143913,121,38,13,25,83,71,12,31.40495867768595,10.743801652892563,20.66115702479339,68.59504132231406,58.67768595041323,9.917355371900827
E00143914,107,39,15,24,68,62,6,36.44859813084112,14.018691588785046,22.429906542056074,63.55140186915887,57.943925233644855,5.607476635514018
E00143915,104,30,15,15,74,56,18,28.846153846153843,14.423076923076922,14.423076923076922,71.15384615384616,53.84615384615385,17.307692307692307
E00143916,108,32,9,23,76,65,11,29.629629629629626,8.333333333333332,21.296296296296298,70.37037037037037,60.18518518518518,10.185185185185185
E00143917,132,40,12,28,92,82,10,30.303030303030305,9.090909090909092,21.21212121212121,69.6969696969697,62.121212121212125,7.575757575757576
E00143918,102,27,6,21,75,65,10,26.47058823529412,5.88235294117647,20.588235294117645,73.52941176470588,63.725490196078425,9.803921568627452
E00143919,163,56,19,37,107,98,9,34.355828220858896,11.65644171779141,22.699386503067483,65.6441717791411,60.122699386503065,5.521472392638037
E00143920,223,68,30,38,155,134,21,30.493273542600896,13.452914798206278,17.040358744394617,69.50672645739911,60.0896860986547,9.417040358744394
E00143921,124,31,12,19,93,84,9,25,9.67741935483871,15.32258064516129,75,67.74193548387096,7.258064516129033
E00143922,109,31,8,23,78,58,20,28.440366972477065,7.339449541284404,21.100917431192663,71.55963302752293,53.21100917431193,18.34862385321101
E00143923,122,31,8,23,91,76,15,25.40983606557377,6.557377049180328,18.852459016393443,74.59016393442623,62.295081967213115,12.295081967213115
E00143924,101,34,12,22,67,53,14,33.663366336633665,11.881188118811881,21.782178217821784,66.33663366336634,52.475247524752476,13.861386138613863
E00143925,157,45,14,31,112,99,13,28.662420382165603,8.9171974522293,19.745222929936308,71.3375796178344,63.05732484076433,8.280254777070063
E00143926,267,53,15,38,214,190,24,19.850187265917604,5.617977528089887,14.232209737827715,80.14981273408239,71.16104868913857,8.98876404494382
E00143927,116,21,2,19,95,80,15,18.103448275862068,1.7241379310344827,16.379310344827587,81.89655172413794,68.96551724137932,12.931034482758621
E00143928,126,40,11,29,86,79,7,31.746031746031743,8.73015873015873,23.015873015873016,68.25396825396825,62.698412698412696,5.555555555555555
E00143929,93,29,10,19,64,58,6,31.182795698924732,10.75268817204301,20.43010752688172,68.81720430107528,62.365591397849464,6.451612903225806
E00143930,111,29,9,20,82,75,7,26.126126126126124,8.108108108108109,18.01801801801802,73.87387387387388,67.56756756756756,6.306306306306306
E00143931,182,63,11,52,119,109,10,34.61538461538461,6.043956043956044,28.57142857142857,65.38461538461539,59.89010989010989,5.4945054945054945
E00143932,127,44,11,33,83,70,13,34.645669291338585,8.661417322834646,25.984251968503933,65.35433070866141,55.118110236220474,10.236220472440944
E00143933,155,48,21,27,107,90,17,30.967741935483872,13.548387096774196,17.419354838709676,69.03225806451613,58.06451612903226,10.967741935483872
E00143934,83,24,9,15,59,47,12,28.915662650602407,10.843373493975903,18.072289156626507,71.08433734939759,56.62650602409639,14.457831325301203
E00143935,116,39,16,23,77,59,18,33.62068965517241,13.793103448275861,19.82758620689655,66.37931034482759,50.86206896551724,15.517241379310345
E00143936,124,37,6,31,87,77,10,29.838709677419356,4.838709677419355,25,70.16129032258065,62.096774193548384,8.064516129032258
E00143937,84,34,11,23,50,40,10,40.476190476190474,13.095238095238097,27.380952380952383,59.523809523809526,47.61904761904761,11.904761904761903
E00143938,155,47,15,32,108,99,9,30.32258064516129,9.67741935483871,20.64516129032258,69.6774193548387,63.87096774193548,5.806451612903226
E00143939,123,38,10,28,85,70,15,30.89430894308943,8.130081300813007,22.76422764227642,69.10569105691057,56.91056910569105,12.195121951219512
E00143940,194,57,25,32,137,111,26,29.381443298969074,12.886597938144329,16.49484536082474,70.61855670103093,57.21649484536082,13.402061855670103
E00143941,138,50,16,34,88,67,21,36.231884057971016,11.594202898550725,24.637681159420293,63.76811594202898,48.55072463768116,15.217391304347828
E00143942,98,39,9,30,59,49,10,39.795918367346935,9.183673469387756,30.612244897959183,60.204081632653065,50,10.204081632653061
E00143943,109,37,12,25,72,60,12,33.94495412844037,11.009174311926607,22.93577981651376,66.05504587155964,55.04587155963303,11.009174311926607
E00143944,114,30,8,22,84,69,15,26.31578947368421,7.017543859649122,19.298245614035086,73.68421052631578,60.526315789473685,13.157894736842104
E00143946,145,43,17,26,102,79,23,29.655172413793103,11.724137931034482,17.93103448275862,70.34482758620689,54.48275862068965,15.862068965517242
E00143947,172,66,18,48,106,88,18,38.372093023255815,10.465116279069768,27.906976744186046,61.627906976744185,51.162790697674424,10.465116279069768
E00143948,134,39,12,27,95,84,11,29.1044776119403,8.955223880597014,20.149253731343283,70.8955223880597,62.68656716417911,8.208955223880597
E00143949,136,40,16,24,96,78,18,29.411764705882355,11.76470588235294,17.647058823529413,70.58823529411765,57.35294117647059,13.23529411764706
E00143950,150,46,12,34,104,82,22,30.666666666666664,8,22.666666666666664,69.33333333333334,54.666666666666664,14.666666666666666
E00143951,109,31,8,23,78,66,12,28.440366972477065,7.339449541284404,21.100917431192663,71.55963302752293,60.550458715596335,11.009174311926607
E00143952,113,37,12,25,76,61,15,32.743362831858406,10.619469026548673,22.123893805309734,67.2566371681416,53.98230088495575,13.274336283185843
E00143953,75,27,7,20,48,42,6,36,9.333333333333334,26.666666666666668,64,56.00000000000001,8
E00143954,130,35,13,22,95,85,10,26.923076923076923,10,16.923076923076923,73.07692307692307,65.38461538461539,7.6923076923076925
E00143955,125,35,13,22,90,74,16,28.000000000000004,10.4,17.599999999999998,72,59.199999999999996,12.8
E00143956,155,40,15,25,115,92,23,25.806451612903224,9.67741935483871,16.129032258064516,74.19354838709677,59.354838709677416,14.838709677419354
E00143957,154,41,9,32,113,99,14,26.623376623376622,5.844155844155844,20.77922077922078,73.37662337662337,64.28571428571429,9.090909090909092
E00143958,157,57,14,43,100,87,13,36.30573248407643,8.9171974522293,27.388535031847134,63.69426751592356,55.4140127388535,8.280254777070063
E00143959,128,40,10,30,88,73,15,31.25,7.8125,23.4375,68.75,57.03125,11.71875
E00143960,190,54,11,43,136,120,16,28.421052631578945,5.7894736842105265,22.63157894736842,71.57894736842105,63.1578947368421,8.421052631578947
E00143961,104,34,14,20,70,63,7,32.69230769230769,13.461538461538462,19.230769230769234,67.3076923076923,60.57692307692307,6.730769230769231
E00143962,126,42,15,27,84,67,17,33.33333333333333,11.904761904761903,21.428571428571427,66.66666666666666,53.17460317460318,13.492063492063492
E00143963,124,37,15,22,87,67,20,29.838709677419356,12.096774193548388,17.741935483870968,70.16129032258065,54.03225806451613,16.129032258064516
E00143964,95,30,15,15,65,50,15,31.57894736842105,15.789473684210526,15.789473684210526,68.42105263157895,52.63157894736842,15.789473684210526
E00143965,122,31,7,24,91,80,11,25.40983606557377,5.737704918032787,19.672131147540984,74.59016393442623,65.57377049180327,9.01639344262295
E00143966,101,34,17,17,67,48,19,33.663366336633665,16.831683168316832,16.831683168316832,66.33663366336634,47.524752475247524,18.81188118811881
E00143967,61,19,7,12,42,39,3,31.147540983606557,11.475409836065573,19.672131147540984,68.85245901639344,63.934426229508205,4.918032786885246
E00143968,111,32,13,19,79,70,9,28.82882882882883,11.711711711711711,17.117117117117118,71.17117117117117,63.06306306306306,8.108108108108109
E00143969,104,24,8,16,80,63,17,23.076923076923077,7.6923076923076925,15.384615384615385,76.92307692307693,60.57692307692307,16.346153846153847
E00143970,93,26,8,18,67,56,11,27.956989247311824,8.60215053763441,19.35483870967742,72.04301075268818,60.215053763440864,11.827956989247312
E00143971,89,34,9,25,55,47,8,38.20224719101123,10.112359550561797,28.08988764044944,61.79775280898876,52.80898876404494,8.98876404494382
E00143972,136,45,17,28,91,73,18,33.088235294117645,12.5,20.588235294117645,66.91176470588235,53.67647058823529,13.23529411764706
E00143973,201,60,15,45,141,121,20,29.850746268656714,7.462686567164178,22.388059701492537,70.1492537313433,60.19900497512438,9.950248756218906
E00143974,143,56,22,34,87,73,14,39.16083916083916,15.384615384615385,23.776223776223777,60.83916083916085,51.048951048951054,9.79020979020979
E00143975,190,65,21,44,125,92,33,34.21052631578947,11.052631578947368,23.157894736842106,65.78947368421053,48.421052631578945,17.36842105263158
E00143976,115,37,17,20,78,69,9,32.17391304347826,14.782608695652174,17.391304347826086,67.82608695652173,60,7.82608695652174
E00143977,121,37,16,21,84,74,10,30.57851239669421,13.223140495867769,17.355371900826448,69.42148760330579,61.15702479338842,8.264462809917356
E00143978,129,42,13,29,87,69,18,32.55813953488372,10.077519379844961,22.48062015503876,67.44186046511628,53.48837209302325,13.953488372093023
E00143979,121,41,14,27,80,69,11,33.88429752066116,11.570247933884298,22.31404958677686,66.11570247933885,57.02479338842975,9.090909090909092
E00143980,132,36,9,27,96,79,17,27.27272727272727,6.8181818181818175,20.454545454545457,72.72727272727273,59.84848484848485,12.878787878787879
E00143981,152,40,10,30,112,100,12,26.31578947368421,6.578947368421052,19.736842105263158,73.68421052631578,65.78947368421053,7.894736842105263
E00143982,141,47,12,35,94,82,12,33.33333333333333,8.51063829787234,24.822695035460992,66.66666666666666,58.156028368794324,8.51063829787234
E00143983,192,59,19,40,133,107,26,30.729166666666668,9.895833333333332,20.833333333333336,69.27083333333334,55.729166666666664,13.541666666666666
E00143984,11,4,3,1,7,6,1,36.36363636363637,27.27272727272727,9.090909090909092,63.63636363636363,54.54545454545454,9.090909090909092
E00143985,109,42,13,29,67,58,9,38.53211009174312,11.926605504587156,26.605504587155966,61.46788990825688,53.21100917431193,8.256880733944955
E00143986,132,37,8,29,95,82,13,28.030303030303028,6.0606060606060606,21.96969696969697,71.96969696969697,62.121212121212125,9.848484848484848
E00143987,145,44,16,28,101,83,18,30.344827586206897,11.03448275862069,19.310344827586206,69.6551724137931,57.24137931034483,12.413793103448276
E00143988,174,48,16,32,126,105,21,27.586206896551722,9.195402298850574,18.39080459770115,72.41379310344827,60.3448275862069,12.068965517241379
E00143989,118,42,14,28,76,62,14,35.59322033898305,11.864406779661017,23.728813559322035,64.40677966101694,52.54237288135594,11.864406779661017
E00143991,137,52,14,38,85,68,17,37.95620437956204,10.218978102189782,27.73722627737226,62.04379562043796,49.63503649635037,12.408759124087592
E00143992,57,17,3,14,40,35,5,29.82456140350877,5.263157894736842,24.561403508771928,70.17543859649122,61.40350877192983,8.771929824561402
E00143993,180,50,17,33,130,114,16,27.77777777777778,9.444444444444445,18.333333333333332,72.22222222222221,63.33333333333333,8.88888888888889
E00143994,194,56,21,35,138,117,21,28.865979381443296,10.824742268041238,18.04123711340206,71.1340206185567,60.30927835051546,10.824742268041238
E00143995,147,48,15,33,99,90,9,32.6530612244898,10.204081632653061,22.448979591836736,67.3469387755102,61.224489795918366,6.122448979591836
E00143996,144,54,15,39,90,79,11,37.5,10.416666666666668,27.083333333333332,62.5,54.861111111111114,7.638888888888889
E00143997,143,39,16,23,104,95,9,27.27272727272727,11.188811188811188,16.083916083916083,72.72727272727273,66.43356643356644,6.293706293706294
E00143998,132,39,14,25,93,76,17,29.545454545454547,10.606060606060606,18.939393939393938,70.45454545454545,57.57575757575758,12.878787878787879
E00143999,142,43,8,35,99,87,12,30.28169014084507,5.633802816901409,24.647887323943664,69.71830985915493,61.267605633802816,8.450704225352112
E00144000,215,66,21,45,149,132,17,30.697674418604652,9.767441860465116,20.930232558139537,69.30232558139535,61.395348837209305,7.906976744186046
E00144001,127,35,9,26,92,81,11,27.559055118110237,7.086614173228346,20.47244094488189,72.44094488188976,63.77952755905512,8.661417322834646
E00144002,150,57,21,36,93,70,23,38,14.000000000000002,24,62,46.666666666666664,15.333333333333332
E00144003,109,38,16,22,71,64,7,34.862385321100916,14.678899082568808,20.18348623853211,65.13761467889908,58.71559633027523,6.422018348623854
E00144004,64,14,2,12,50,42,8,21.875,3.125,18.75,78.125,65.625,12.5
E00144005,156,35,14,21,121,99,22,22.435897435897438,8.974358974358974,13.461538461538462,77.56410256410257,63.46153846153846,14.102564102564102
E00144006,95,33,8,25,62,58,4,34.73684210526316,8.421052631578947,26.31578947368421,65.26315789473685,61.05263157894737,4.2105263157894735
E00144007,96,32,7,25,64,60,4,33.33333333333333,7.291666666666667,26.041666666666668,66.66666666666666,62.5,4.166666666666666
E00144008,108,29,5,24,79,60,19,26.851851851851855,4.62962962962963,22.22222222222222,73.14814814814815,55.55555555555556,17.59259259259259
E00144009,114,35,10,25,79,69,10,30.701754385964914,8.771929824561402,21.929824561403507,69.2982456140351,60.526315789473685,8.771929824561402
E00144010,105,36,8,28,69,57,12,34.285714285714285,7.6190476190476195,26.666666666666668,65.71428571428571,54.285714285714285,11.428571428571429
E00144011,70,27,8,19,43,43,0,38.57142857142858,11.428571428571429,27.142857142857142,61.42857142857143,61.42857142857143,0
E00144012,100,38,10,28,62,52,10,38,10,28.000000000000004,62,52,10
E00144013,234,69,26,43,165,149,16,29.48717948717949,11.11111111111111,18.37606837606838,70.51282051282051,63.67521367521367,6.837606837606838
E00144014,134,49,17,32,85,73,12,36.56716417910448,12.686567164179104,23.88059701492537,63.43283582089553,54.47761194029851,8.955223880597014
E00144016,147,49,14,35,98,87,11,33.33333333333333,9.523809523809524,23.809523809523807,66.66666666666666,59.183673469387756,7.482993197278912
E00144017,139,35,10,25,104,93,11,25.179856115107913,7.1942446043165464,17.985611510791365,74.82014388489209,66.90647482014388,7.913669064748201
E00144018,280,55,19,36,225,195,30,19.642857142857142,6.785714285714286,12.857142857142856,80.35714285714286,69.64285714285714,10.714285714285714
E00144019,129,47,13,34,82,70,12,36.434108527131784,10.077519379844961,26.356589147286826,63.565891472868216,54.263565891472865,9.30232558139535
E00144020,158,51,16,35,107,98,9,32.278481012658226,10.126582278481013,22.151898734177212,67.72151898734177,62.0253164556962,5.69620253164557
E00144021,91,26,10,16,65,52,13,28.57142857142857,10.989010989010989,17.582417582417584,71.42857142857143,57.14285714285714,14.285714285714285
E00144022,167,50,17,33,117,100,17,29.94011976047904,10.179640718562874,19.760479041916167,70.05988023952095,59.88023952095808,10.179640718562874
E00144023,151,45,17,28,106,91,15,29.80132450331126,11.258278145695364,18.543046357615893,70.19867549668875,60.264900662251655,9.933774834437086
E00144024,129,30,13,17,99,88,11,23.25581395348837,10.077519379844961,13.178294573643413,76.74418604651163,68.21705426356588,8.527131782945736
E00144025,178,48,12,36,130,110,20,26.96629213483146,6.741573033707865,20.224719101123593,73.03370786516854,61.79775280898876,11.235955056179774
E00144026,141,40,13,27,101,92,9,28.368794326241137,9.219858156028367,19.148936170212767,71.63120567375887,65.24822695035462,6.382978723404255
E00144028,128,27,6,21,101,90,11,21.09375,4.6875,16.40625,78.90625,70.3125,8.59375
E00144029,302,62,22,40,240,210,30,20.52980132450331,7.28476821192053,13.245033112582782,79.47019867549669,69.5364238410596,9.933774834437086
E00144031,160,49,13,36,111,98,13,30.625000000000004,8.125,22.5,69.375,61.25000000000001,8.125
E00144032,130,23,8,15,107,91,16,17.692307692307693,6.153846153846154,11.538461538461538,82.3076923076923,70,12.307692307692308
E00144033,307,63,21,42,244,224,20,20.521172638436482,6.840390879478828,13.680781758957655,79.47882736156352,72.9641693811075,6.514657980456026
E00144034,165,33,9,24,132,116,16,20,5.454545454545454,14.545454545454545,80,70.3030303030303,9.696969696969697
E00144035,181,64,22,42,117,103,14,35.35911602209944,12.154696132596685,23.204419889502763,64.64088397790056,56.9060773480663,7.734806629834254
E00144036,179,58,12,46,121,112,9,32.402234636871505,6.70391061452514,25.69832402234637,67.59776536312849,62.56983240223464,5.027932960893855
E00144037,146,33,12,21,113,113,0,22.602739726027394,8.21917808219178,14.383561643835616,77.3972602739726,77.3972602739726,0
E00144038,176,69,23,46,107,87,20,39.20454545454545,13.068181818181818,26.136363636363637,60.79545454545454,49.43181818181818,11.363636363636363
E00144039,157,49,9,40,108,85,23,31.210191082802545,5.7324840764331215,25.477707006369428,68.78980891719745,54.14012738853503,14.64968152866242
E00144040,170,51,22,29,119,95,24,30,12.941176470588237,17.058823529411764,70,55.88235294117647,14.117647058823529
E00144041,137,49,16,33,88,74,14,35.76642335766424,11.678832116788321,24.087591240875913,64.23357664233576,54.01459854014598,10.218978102189782
E00144042,182,47,14,33,135,114,21,25.82417582417583,7.6923076923076925,18.13186813186813,74.17582417582418,62.637362637362635,11.538461538461538
E00144043,165,45,10,35,120,101,19,27.27272727272727,6.0606060606060606,21.21212121212121,72.72727272727273,61.212121212121204,11.515151515151516
E00144044,142,43,16,27,99,79,20,30.28169014084507,11.267605633802818,19.014084507042252,69.71830985915493,55.633802816901415,14.084507042253522
E00144045,175,54,16,38,121,112,9,30.857142857142854,9.142857142857142,21.714285714285715,69.14285714285714,64,5.142857142857142
E00144046,137,42,12,30,95,87,8,30.656934306569344,8.75912408759124,21.897810218978105,69.34306569343066,63.503649635036496,5.839416058394161
E00144047,174,66,24,42,108,90,18,37.93103448275862,13.793103448275861,24.137931034482758,62.06896551724138,51.724137931034484,10.344827586206897
E00144048,157,37,13,24,120,108,12,23.56687898089172,8.280254777070063,15.286624203821656,76.43312101910828,68.78980891719745,7.643312101910828
E00144049,144,49,14,35,95,86,9,34.02777777777778,9.722222222222223,24.305555555555554,65.97222222222221,59.72222222222222,6.25
E00144050,194,57,19,38,137,124,13,29.381443298969074,9.793814432989691,19.587628865979383,70.61855670103093,63.91752577319587,6.701030927835052
E00144051,220,50,11,39,170,153,17,22.727272727272727,5,17.727272727272727,77.27272727272727,69.54545454545455,7.727272727272727
E00144052,86,23,7,16,63,55,8,26.744186046511626,8.13953488372093,18.6046511627907,73.25581395348837,63.95348837209303,9.30232558139535
E00144053,226,63,21,42,163,147,16,27.876106194690266,9.29203539823009,18.58407079646018,72.12389380530973,65.04424778761062,7.079646017699115
E00144054,136,42,19,23,94,78,16,30.88235294117647,13.970588235294118,16.911764705882355,69.11764705882352,57.35294117647059,11.76470588235294
E00144055,91,24,14,10,67,62,5,26.373626373626376,15.384615384615385,10.989010989010989,73.62637362637363,68.13186813186813,5.4945054945054945
E00144056,61,21,5,16,40,37,3,34.42622950819672,8.19672131147541,26.229508196721312,65.57377049180327,60.65573770491803,4.918032786885246
E00144057,146,49,14,35,97,88,9,33.56164383561644,9.58904109589041,23.972602739726025,66.43835616438356,60.273972602739725,6.164383561643835
E00144058,170,48,9,39,122,111,11,28.235294117647058,5.294117647058823,22.941176470588236,71.76470588235294,65.29411764705883,6.470588235294119
E00144059,78,22,3,19,56,53,3,28.205128205128204,3.8461538461538463,24.358974358974358,71.7948717948718,67.94871794871796,3.8461538461538463
E00144060,103,27,10,17,76,64,12,26.21359223300971,9.70873786407767,16.50485436893204,73.7864077669903,62.13592233009708,11.650485436893204
E00144061,84,33,9,24,51,45,6,39.285714285714285,10.714285714285714,28.57142857142857,60.71428571428571,53.57142857142857,7.142857142857142
E00144062,37,9,5,4,28,25,3,24.324324324324326,13.513513513513514,10.81081081081081,75.67567567567568,67.56756756756756,8.108108108108109
E00144063,219,45,12,33,174,145,29,20.54794520547945,5.47945205479452,15.068493150684931,79.45205479452055,66.21004566210046,13.24200913242009
E00144064,136,36,14,22,100,85,15,26.47058823529412,10.294117647058822,16.176470588235293,73.52941176470588,62.5,11.029411764705882
E00144065,167,57,20,37,110,95,15,34.13173652694611,11.976047904191617,22.15568862275449,65.86826347305389,56.886227544910184,8.982035928143713
E00144066,165,45,13,32,120,108,12,27.27272727272727,7.878787878787878,19.393939393939394,72.72727272727273,65.45454545454545,7.2727272727272725
E00144067,102,32,4,28,70,58,12,31.372549019607842,3.9215686274509802,27.450980392156865,68.62745098039215,56.86274509803921,11.76470588235294
E00144068,101,24,8,16,77,60,17,23.762376237623762,7.920792079207921,15.841584158415841,76.23762376237624,59.4059405940594,16.831683168316832
E00144069,211,50,18,32,161,135,26,23.696682464454977,8.530805687203792,15.165876777251185,76.30331753554502,63.98104265402843,12.322274881516588
E00144070,130,34,9,25,96,80,16,26.153846153846157,6.923076923076923,19.230769230769234,73.84615384615385,61.53846153846154,12.307692307692308
E00144071,124,48,11,37,76,72,4,38.70967741935484,8.870967741935484,29.838709677419356,61.29032258064516,58.06451612903226,3.225806451612903
E00144072,107,33,7,26,74,63,11,30.8411214953271,6.5420560747663545,24.299065420560748,69.1588785046729,58.87850467289719,10.2803738317757
E00144073,113,32,12,20,81,73,8,28.31858407079646,10.619469026548673,17.699115044247787,71.68141592920354,64.60176991150442,7.079646017699115
E00144074,200,51,11,40,149,130,19,25.5,5.5,20,74.5,65,9.5
E00144075,94,44,14,30,50,44,6,46.808510638297875,14.893617021276595,31.914893617021278,53.191489361702125,46.808510638297875,6.382978723404255
E00144076,98,36,15,21,62,48,14,36.734693877551024,15.306122448979592,21.428571428571427,63.26530612244898,48.97959183673469,14.285714285714285
E00144077,164,39,7,32,125,102,23,23.78048780487805,4.2682926829268295,19.51219512195122,76.21951219512195,62.19512195121951,14.02439024390244
E00144078,100,28,8,20,72,62,10,28.000000000000004,8,20,72,62,10
E00144079,148,66,23,43,82,75,7,44.5945945945946,15.54054054054054,29.054054054054053,55.4054054054054,50.67567567567568,4.72972972972973
E00144080,190,48,11,37,142,122,20,25.263157894736842,5.7894736842105265,19.473684210526315,74.73684210526315,64.21052631578948,10.526315789473683
E00144081,161,57,10,47,104,91,13,35.40372670807454,6.211180124223603,29.19254658385093,64.59627329192547,56.52173913043478,8.074534161490684
E00144082,88,36,7,29,52,42,10,40.909090909090914,7.954545454545454,32.95454545454545,59.09090909090909,47.72727272727273,11.363636363636363
E00144083,98,30,8,22,68,61,7,30.612244897959183,8.16326530612245,22.448979591836736,69.38775510204081,62.244897959183675,7.142857142857142
E00144084,332,98,42,56,234,199,35,29.518072289156628,12.650602409638553,16.867469879518072,70.48192771084338,59.93975903614458,10.542168674698797
E00144085,237,52,7,45,185,156,29,21.940928270042196,2.9535864978902953,18.9873417721519,78.05907172995781,65.82278481012658,12.236286919831224
E00144086,71,20,8,12,51,45,6,28.169014084507044,11.267605633802818,16.901408450704224,71.83098591549296,63.38028169014085,8.450704225352112
E00144087,116,38,15,23,78,63,15,32.758620689655174,12.931034482758621,19.82758620689655,67.24137931034483,54.310344827586206,12.931034482758621
E00144088,94,29,3,26,65,51,14,30.851063829787233,3.1914893617021276,27.659574468085108,69.14893617021278,54.25531914893617,14.893617021276595
E00144089,72,28,12,16,44,40,4,38.88888888888889,16.666666666666664,22.22222222222222,61.111111111111114,55.55555555555556,5.555555555555555
E00144090,157,46,11,35,111,97,14,29.29936305732484,7.006369426751593,22.29299363057325,70.70063694267516,61.78343949044586,8.9171974522293
E00144091,108,32,11,21,76,60,16,29.629629629629626,10.185185185185185,19.444444444444446,70.37037037037037,55.55555555555556,14.814814814814813
E00144092,101,33,9,24,68,58,10,32.67326732673268,8.91089108910891,23.762376237623762,67.32673267326733,57.42574257425742,9.900990099009901
E00144093,88,27,13,14,61,50,11,30.681818181818183,14.772727272727273,15.909090909090908,69.31818181818183,56.81818181818182,12.5
E00144094,154,53,10,43,101,87,14,34.41558441558442,6.493506493506493,27.92207792207792,65.5844155844156,56.493506493506494,9.090909090909092
E00144095,152,42,6,36,110,100,10,27.631578947368425,3.9473684210526314,23.684210526315788,72.36842105263158,65.78947368421053,6.578947368421052
E00144096,133,36,13,23,97,73,24,27.06766917293233,9.774436090225564,17.293233082706767,72.93233082706767,54.88721804511278,18.045112781954884
E00144097,206,56,14,42,150,124,26,27.184466019417474,6.796116504854369,20.388349514563107,72.81553398058253,60.19417475728155,12.62135922330097
E00144098,75,25,9,16,50,39,11,33.33333333333333,12,21.333333333333336,66.66666666666666,52,14.666666666666666
E00144099,218,50,8,42,168,152,16,22.93577981651376,3.669724770642202,19.26605504587156,77.06422018348624,69.72477064220183,7.339449541284404
E00144100,166,38,9,29,128,118,10,22.89156626506024,5.421686746987952,17.46987951807229,77.10843373493977,71.08433734939759,6.024096385542169
E00144101,198,45,15,30,153,127,26,22.727272727272727,7.575757575757576,15.151515151515152,77.27272727272727,64.14141414141415,13.131313131313133
E00144102,48,20,6,14,28,23,5,41.66666666666667,12.5,29.166666666666668,58.333333333333336,47.91666666666667,10.416666666666668
E00144103,122,33,4,29,89,76,13,27.049180327868854,3.278688524590164,23.770491803278688,72.95081967213115,62.295081967213115,10.655737704918032
E00144104,165,45,12,33,120,100,20,27.27272727272727,7.2727272727272725,20,72.72727272727273,60.60606060606061,12.121212121212121
E00144106,174,49,16,33,125,114,11,28.160919540229884,9.195402298850574,18.96551724137931,71.83908045977012,65.51724137931035,6.321839080459771
E00144107,107,36,6,30,71,62,9,33.64485981308411,5.607476635514018,28.037383177570092,66.35514018691589,57.943925233644855,8.411214953271028
E00173398,151,45,12,33,106,93,13,29.80132450331126,7.9470198675496695,21.85430463576159,70.19867549668875,61.58940397350994,8.609271523178808
E00173399,210,55,10,45,155,122,33,26.190476190476193,4.761904761904762,21.428571428571427,73.80952380952381,58.0952380952381,15.714285714285714
E00173400,227,65,12,53,162,137,25,28.634361233480178,5.286343612334802,23.348017621145374,71.36563876651982,60.352422907488986,11.013215859030836
E00173401,169,37,11,26,132,116,16,21.893491124260358,6.508875739644971,15.384615384615385,78.10650887573965,68.63905325443787,9.467455621301776
E00173402,173,46,19,27,127,109,18,26.589595375722542,10.982658959537572,15.606936416184972,73.41040462427746,63.005780346820806,10.404624277456648
E00173403,157,32,5,27,125,103,22,20.382165605095544,3.1847133757961785,17.197452229299362,79.61783439490446,65.60509554140127,14.012738853503185
E00173404,234,57,21,36,177,149,28,24.358974358974358,8.974358974358974,15.384615384615385,75.64102564102564,63.67521367521367,11.965811965811966
E00173405,188,44,14,30,144,121,23,23.404255319148938,7.446808510638298,15.957446808510639,76.59574468085107,64.36170212765957,12.23404255319149
E00173406,189,49,14,35,140,117,23,25.925925925925924,7.4074074074074066,18.51851851851852,74.07407407407408,61.904761904761905,12.16931216931217
E00173407,191,55,14,41,136,113,23,28.79581151832461,7.329842931937172,21.465968586387437,71.20418848167539,59.16230366492147,12.041884816753926
E00173408,205,55,13,42,150,130,20,26.82926829268293,6.341463414634147,20.48780487804878,73.17073170731707,63.41463414634146,9.75609756097561
E00173409,71,27,13,14,44,39,5,38.028169014084504,18.30985915492958,19.718309859154928,61.97183098591549,54.929577464788736,7.042253521126761
E00173410,139,40,12,28,99,86,13,28.776978417266186,8.633093525179856,20.14388489208633,71.22302158273382,61.87050359712231,9.352517985611511
E00173411,175,40,9,31,135,117,18,22.857142857142858,5.142857142857142,17.71428571428571,77.14285714285715,66.85714285714286,10.285714285714285
E00173412,97,23,5,18,74,62,12,23.711340206185564,5.154639175257731,18.556701030927837,76.28865979381443,63.91752577319587,12.371134020618557
E00173413,230,73,20,53,157,129,28,31.73913043478261,8.695652173913043,23.043478260869566,68.26086956521739,56.086956521739125,12.173913043478262
E00173414,134,36,7,29,98,88,10,26.865671641791046,5.223880597014925,21.641791044776117,73.13432835820896,65.67164179104478,7.462686567164178
E00173415,145,40,13,27,105,87,18,27.586206896551722,8.96551724137931,18.620689655172416,72.41379310344827,60,12.413793103448276
E00173416,340,90,28,62,250,216,34,26.47058823529412,8.235294117647058,18.235294117647058,73.52941176470588,63.52941176470588,10
E00173417,146,45,16,29,101,88,13,30.82191780821918,10.95890410958904,19.863013698630137,69.17808219178082,60.273972602739725,8.904109589041095
E00173418,195,61,18,43,134,110,24,31.28205128205128,9.230769230769232,22.05128205128205,68.71794871794872,56.41025641025641,12.307692307692308
E00173419,199,45,17,28,154,128,26,22.613065326633166,8.542713567839195,14.07035175879397,77.38693467336684,64.321608040201,13.06532663316583
E00173420,110,32,11,21,78,64,14,29.09090909090909,10,19.090909090909093,70.9090909090909,58.18181818181818,12.727272727272727
E00176782,165,40,12,28,125,102,23,24.242424242424242,7.2727272727272725,16.969696969696972,75.75757575757575,61.81818181818181,13.939393939393941
E00176783,125,34,8,26,91,81,10,27.200000000000003,6.4,20.8,72.8,64.8,8
E00176795,103,18,3,15,85,76,9,17.475728155339805,2.912621359223301,14.563106796116504,82.52427184466019,73.7864077669903,8.737864077669903
E00176797,103,24,7,17,79,71,8,23.300970873786408,6.796116504854369,16.50485436893204,76.69902912621359,68.93203883495146,7.766990291262135
E00176800,107,15,3,12,92,86,6,14.018691588785046,2.803738317757009,11.214953271028037,85.98130841121495,80.37383177570094,5.607476635514018
E00176813,159,24,9,15,135,115,20,15.09433962264151,5.660377358490567,9.433962264150944,84.90566037735849,72.32704402515722,12.578616352201259
E00176820,203,55,15,40,148,128,20,27.093596059113302,7.389162561576355,19.704433497536947,72.9064039408867,63.05418719211823,9.852216748768473
E00176831,250,65,13,52,185,158,27,26,5.2,20.8,74,63.2,10.8
E00176839,205,45,17,28,160,134,26,21.951219512195124,8.292682926829269,13.658536585365855,78.04878048780488,65.3658536585366,12.682926829268293
E00176851,237,73,27,46,164,129,35,30.801687763713083,11.39240506329114,19.40928270042194,69.19831223628692,54.43037974683544,14.767932489451477
E00176856,180,45,13,32,135,115,20,25,7.222222222222221,17.77777777777778,75,63.888888888888886,11.11111111111111
E00176859,98,30,5,25,68,63,5,30.612244897959183,5.1020408163265305,25.510204081632654,69.38775510204081,64.28571428571429,5.1020408163265305
E00176864,86,12,2,10,74,62,12,13.953488372093023,2.3255813953488373,11.627906976744185,86.04651162790698,72.09302325581395,13.953488372093023
E00176869,38,11,3,8,27,24,3,28.947368421052634,7.894736842105263,21.052631578947366,71.05263157894737,63.1578947368421,7.894736842105263
E00176879,295,40,12,28,255,214,41,13.559322033898304,4.067796610169491,9.491525423728813,86.4406779661017,72.54237288135593,13.898305084745763
E00176886,215,34,7,27,181,156,25,15.813953488372093,3.255813953488372,12.558139534883722,84.18604651162791,72.55813953488372,11.627906976744185
E00176897,140,45,14,31,95,81,14,32.142857142857146,10,22.142857142857142,67.85714285714286,57.85714285714286,10
E00176898,122,28,10,18,94,87,7,22.950819672131146,8.19672131147541,14.754098360655737,77.04918032786885,71.31147540983606,5.737704918032787
E00176905,85,23,5,18,62,51,11,27.058823529411764,5.88235294117647,21.176470588235293,72.94117647058823,60,12.941176470588237
E00176910,99,29,6,23,70,63,7,29.292929292929294,6.0606060606060606,23.232323232323232,70.70707070707071,63.63636363636363,7.07070707070707
E00176911,247,57,15,42,190,163,27,23.076923076923077,6.0728744939271255,17.00404858299595,76.92307692307693,65.9919028340081,10.931174089068826
