OA,ts0380001,ts0380002,ts0380003,ts0380004,ts0380005,ts0380006,ts0380007,ts0380002_PCT,ts0380003_PCT,ts0380004_PCT,ts0380005_PCT,ts0380006_PCT,ts0380007_PCT
E00039619,346,52,15,37,294,31,263,15.028901734104046,4.335260115606936,10.69364161849711,84.97109826589595,8.959537572254336,76.01156069364163
E00039620,277,51,20,31,226,35,191,18.4115523465704,7.2202166064981945,11.191335740072201,81.58844765342961,12.63537906137184,68.95306859205776
E00039621,318,50,20,30,268,36,232,15.723270440251572,6.289308176100629,9.433962264150944,84.27672955974843,11.320754716981133,72.95597484276729
E00039622,246,44,21,23,202,12,190,17.88617886178862,8.536585365853659,9.34959349593496,82.11382113821138,4.878048780487805,77.23577235772358
E00039623,293,37,6,31,256,40,216,12.627986348122866,2.04778156996587,10.580204778156997,87.37201365187714,13.651877133105803,73.72013651877133
E00039624,288,46,13,33,242,33,209,15.972222222222221,4.513888888888888,11.458333333333332,84.02777777777779,11.458333333333332,72.56944444444444
E00039625,348,115,67,48,233,28,205,33.04597701149425,19.25287356321839,13.793103448275861,66.95402298850574,8.045977011494253,58.90804597701149
E00039626,318,51,12,39,267,30,237,16.037735849056602,3.7735849056603774,12.264150943396226,83.9622641509434,9.433962264150944,74.52830188679245
E00039627,257,50,22,28,207,16,191,19.45525291828794,8.560311284046692,10.894941634241246,80.54474708171206,6.22568093385214,74.31906614785993
E00039628,179,29,10,19,150,18,132,16.201117318435752,5.58659217877095,10.614525139664805,83.79888268156425,10.05586592178771,73.74301675977654
E00039629,311,63,23,40,248,24,224,20.257234726688104,7.395498392282958,12.861736334405144,79.7427652733119,7.717041800643088,72.02572347266882
E00039630,324,48,15,33,276,36,240,14.814814814814813,4.62962962962963,10.185185185185185,85.18518518518519,11.11111111111111,74.07407407407408
E00039631,250,45,18,27,205,33,172,18,7.199999999999999,10.8,82,13.200000000000001,68.8
E00039632,291,44,7,37,247,24,223,15.120274914089347,2.405498281786942,12.714776632302405,84.87972508591065,8.24742268041237,76.6323024054983
E00039633,304,42,14,28,262,26,236,13.815789473684212,4.605263157894736,9.210526315789473,86.18421052631578,8.552631578947368,77.63157894736842
E00039634,370,71,26,45,299,34,265,19.18918918918919,7.027027027027027,12.162162162162163,80.8108108108108,9.18918918918919,71.62162162162163
E00039635,360,62,27,35,298,37,261,17.22222222222222,7.5,9.722222222222223,82.77777777777777,10.277777777777777,72.5
E00039636,325,96,63,33,229,27,202,29.53846153846154,19.384615384615383,10.153846153846153,70.46153846153847,8.307692307692308,62.153846153846146
E00039637,313,60,26,34,253,28,225,19.169329073482427,8.30670926517572,10.86261980830671,80.83067092651757,8.945686900958465,71.8849840255591
E00039638,378,50,15,35,328,44,284,13.227513227513226,3.968253968253968,9.25925925925926,86.77248677248677,11.64021164021164,75.13227513227513
E00039639,307,51,17,34,256,34,222,16.612377850162865,5.537459283387622,11.074918566775244,83.38762214983714,11.074918566775244,72.31270358306189
E00039640,266,53,27,26,213,26,187,19.924812030075188,10.150375939849624,9.774436090225564,80.07518796992481,9.774436090225564,70.30075187969925
E00039641,269,59,33,26,210,34,176,21.933085501858738,12.267657992565056,9.66542750929368,78.06691449814126,12.639405204460965,65.4275092936803
E00039642,261,48,14,34,213,17,196,18.39080459770115,5.363984674329502,13.026819923371647,81.60919540229885,6.513409961685824,75.09578544061303
E00039643,362,105,52,53,257,28,229,29.005524861878452,14.3646408839779,14.64088397790055,70.99447513812154,7.734806629834254,63.25966850828729
E00039644,226,38,13,25,188,17,171,16.8141592920354,5.752212389380531,11.061946902654867,83.1858407079646,7.52212389380531,75.66371681415929
E00039645,249,85,48,37,164,17,147,34.13654618473896,19.27710843373494,14.859437751004014,65.86345381526104,6.827309236947792,59.036144578313255
E00039646,299,48,22,26,251,26,225,16.05351170568562,7.357859531772576,8.695652173913043,83.94648829431438,8.695652173913043,75.25083612040135
E00039647,248,47,20,27,201,25,176,18.951612903225808,8.064516129032258,10.887096774193548,81.04838709677419,10.080645161290322,70.96774193548387
E00039648,274,61,27,34,213,20,193,22.26277372262774,9.854014598540147,12.408759124087592,77.73722627737226,7.2992700729927,70.43795620437956
E00039649,235,58,23,35,177,22,155,24.680851063829788,9.787234042553191,14.893617021276595,75.31914893617021,9.361702127659575,65.95744680851064
E00039650,339,48,20,28,291,23,268,14.15929203539823,5.899705014749262,8.259587020648967,85.84070796460178,6.784660766961652,79.05604719764013
E00039651,383,46,16,30,337,41,296,12.010443864229766,4.177545691906006,7.83289817232376,87.98955613577023,10.704960835509137,77.28459530026109
E00039652,257,47,17,30,210,26,184,18.28793774319066,6.614785992217899,11.673151750972762,81.71206225680933,10.116731517509727,71.59533073929961
E00039653,294,62,26,36,232,28,204,21.08843537414966,8.843537414965986,12.244897959183673,78.91156462585033,9.523809523809524,69.38775510204081
E00039654,336,52,19,33,284,35,249,15.476190476190476,5.654761904761905,9.821428571428571,84.52380952380952,10.416666666666668,74.10714285714286
E00039655,310,56,23,33,254,27,227,18.064516129032256,7.419354838709677,10.64516129032258,81.93548387096774,8.709677419354838,73.22580645161291
E00039656,296,47,14,33,249,24,225,15.878378378378377,4.72972972972973,11.14864864864865,84.12162162162163,8.108108108108109,76.01351351351352
E00039657,185,89,51,38,96,10,86,48.10810810810811,27.56756756756757,20.54054054054054,51.891891891891895,5.405405405405405,46.48648648648649
E00039658,305,38,16,22,267,39,228,12.459016393442624,5.245901639344262,7.213114754098362,87.54098360655738,12.786885245901638,74.75409836065575
E00039659,315,46,16,30,269,39,230,14.603174603174605,5.079365079365079,9.523809523809524,85.39682539682539,12.380952380952381,73.01587301587301
E00039660,353,60,20,40,293,33,260,16.997167138810198,5.6657223796034,11.3314447592068,83.0028328611898,9.34844192634561,73.65439093484419
E00039661,267,49,19,30,218,35,183,18.352059925093634,7.116104868913857,11.235955056179774,81.64794007490637,13.108614232209737,68.53932584269663
E00039662,285,44,14,30,241,25,216,15.43859649122807,4.912280701754386,10.526315789473683,84.56140350877193,8.771929824561402,75.78947368421053
E00039663,277,58,27,31,219,11,208,20.938628158844764,9.747292418772563,11.191335740072201,79.06137184115524,3.9711191335740073,75.09025270758123
E00039664,257,24,9,15,233,26,207,9.33852140077821,3.501945525291829,5.836575875486381,90.6614785992218,10.116731517509727,80.54474708171206
E00039665,207,79,47,32,128,13,115,38.164251207729464,22.705314009661837,15.458937198067632,61.83574879227053,6.280193236714976,55.55555555555556
E00039666,290,67,27,40,223,25,198,23.103448275862068,9.310344827586208,13.793103448275861,76.89655172413794,8.620689655172415,68.27586206896552
E00039667,337,92,44,48,245,27,218,27.299703264094955,13.056379821958458,14.243323442136498,72.70029673590504,8.011869436201781,64.68842729970326
E00039668,188,19,5,14,169,23,146,10.106382978723403,2.6595744680851063,7.446808510638298,89.8936170212766,12.23404255319149,77.6595744680851
E00039669,317,48,17,31,269,33,236,15.141955835962145,5.3627760252365935,9.779179810725552,84.85804416403786,10.410094637223976,74.44794952681389
E00039670,396,87,47,40,309,32,277,21.96969696969697,11.868686868686869,10.1010101010101,78.03030303030303,8.080808080808081,69.94949494949495
E00039671,281,52,25,27,229,25,204,18.505338078291814,8.896797153024911,9.608540925266903,81.49466192170819,8.896797153024911,72.59786476868328
E00039672,338,53,22,31,285,29,256,15.680473372781064,6.508875739644971,9.171597633136095,84.31952662721893,8.579881656804734,75.7396449704142
E00039673,372,67,25,42,305,32,273,18.010752688172044,6.720430107526881,11.29032258064516,81.98924731182797,8.60215053763441,73.38709677419355
E00039674,269,60,23,37,209,18,191,22.304832713754646,8.550185873605948,13.754646840148698,77.69516728624535,6.691449814126393,71.00371747211895
E00039675,518,68,26,42,450,41,409,13.127413127413126,5.019305019305019,8.108108108108109,86.87258687258688,7.915057915057915,78.95752895752895
E00039676,269,56,25,31,213,27,186,20.817843866171003,9.293680297397769,11.524163568773234,79.182156133829,10.037174721189592,69.14498141263941
E00039677,299,53,20,33,246,23,223,17.725752508361204,6.688963210702341,11.036789297658862,82.2742474916388,7.6923076923076925,74.5819397993311
E00039678,308,63,24,39,245,30,215,20.454545454545457,7.792207792207792,12.662337662337661,79.54545454545455,9.740259740259742,69.8051948051948
E00039679,224,46,16,30,178,24,154,20.535714285714285,7.142857142857142,13.392857142857142,79.46428571428571,10.714285714285714,68.75
E00039680,262,42,12,30,220,23,197,16.030534351145036,4.580152671755725,11.450381679389313,83.96946564885496,8.778625954198473,75.19083969465649
E00039681,287,56,20,36,231,32,199,19.51219512195122,6.968641114982578,12.543554006968641,80.48780487804879,11.149825783972126,69.33797909407666
E00039682,243,36,17,19,207,25,182,14.814814814814813,6.995884773662551,7.818930041152264,85.18518518518519,10.2880658436214,74.8971193415638
E00039683,428,92,47,45,336,29,307,21.49532710280374,10.981308411214954,10.514018691588785,78.50467289719626,6.775700934579438,71.72897196261682
E00039684,305,94,47,47,211,24,187,30.81967213114754,15.40983606557377,15.40983606557377,69.18032786885246,7.868852459016394,61.31147540983607
E00039685,283,70,28,42,213,21,192,24.73498233215548,9.89399293286219,14.840989399293287,75.26501766784452,7.420494699646643,67.84452296819788
E00039686,231,61,33,28,170,15,155,26.406926406926406,14.285714285714285,12.121212121212121,73.59307359307358,6.493506493506493,67.09956709956711
E00039687,236,54,26,28,182,19,163,22.88135593220339,11.016949152542372,11.864406779661017,77.11864406779661,8.050847457627118,69.0677966101695
E00039688,264,54,36,18,210,22,188,20.454545454545457,13.636363636363635,6.8181818181818175,79.54545454545455,8.333333333333332,71.21212121212122
E00039690,199,49,23,26,150,12,138,24.623115577889447,11.557788944723619,13.06532663316583,75.37688442211056,6.030150753768844,69.34673366834171
E00039691,245,57,28,29,188,20,168,23.26530612244898,11.428571428571429,11.83673469387755,76.73469387755102,8.16326530612245,68.57142857142857
E00039692,391,60,29,31,331,30,301,15.34526854219949,7.41687979539642,7.928388746803069,84.65473145780051,7.672634271099745,76.98209718670077
E00039695,279,48,14,34,231,17,214,17.20430107526882,5.017921146953405,12.186379928315413,82.79569892473118,6.093189964157706,76.70250896057348
E00039696,307,59,20,39,248,36,212,19.218241042345277,6.514657980456026,12.703583061889251,80.78175895765473,11.726384364820847,69.05537459283387
E00039697,317,55,19,36,262,31,231,17.350157728706623,5.993690851735016,11.35646687697161,82.64984227129337,9.779179810725552,72.87066246056783
E00039698,275,73,32,41,202,9,193,26.545454545454543,11.636363636363637,14.909090909090908,73.45454545454545,3.272727272727273,70.18181818181817
E00039699,265,71,29,42,194,18,176,26.79245283018868,10.943396226415095,15.849056603773585,73.20754716981132,6.7924528301886795,66.41509433962264
E00039700,303,47,17,30,256,26,230,15.51155115511551,5.6105610561056105,9.900990099009901,84.48844884488449,8.58085808580858,75.9075907590759
E00039701,262,56,22,34,206,19,187,21.374045801526716,8.396946564885496,12.977099236641221,78.62595419847328,7.251908396946565,71.37404580152672
E00039702,162,85,37,48,77,8,69,52.46913580246913,22.839506172839506,29.629629629629626,47.53086419753087,4.938271604938271,42.592592592592595
E00039703,225,48,22,26,177,21,156,21.333333333333336,9.777777777777779,11.555555555555555,78.66666666666666,9.333333333333334,69.33333333333334
E00039704,357,108,56,52,249,19,230,30.252100840336134,15.686274509803921,14.565826330532214,69.74789915966386,5.322128851540616,64.42577030812325
E00039705,318,93,49,44,225,25,200,29.245283018867923,15.40880503144654,13.836477987421384,70.75471698113208,7.861635220125786,62.893081761006286
E00039706,269,84,43,41,185,28,157,31.226765799256505,15.985130111524162,15.241635687732341,68.77323420074349,10.408921933085502,58.36431226765799
E00039707,238,51,21,30,187,21,166,21.428571428571427,8.823529411764707,12.605042016806722,78.57142857142857,8.823529411764707,69.74789915966386
E00039708,235,38,18,20,197,18,179,16.170212765957448,7.659574468085106,8.51063829787234,83.82978723404256,7.659574468085106,76.17021276595744
E00039709,211,67,31,36,144,20,124,31.753554502369667,14.691943127962084,17.061611374407583,68.24644549763033,9.47867298578199,58.767772511848335
E00039710,291,52,16,36,239,29,210,17.869415807560138,5.498281786941581,12.371134020618557,82.13058419243985,9.965635738831615,72.16494845360825
E00039712,265,71,38,33,194,20,174,26.79245283018868,14.339622641509434,12.452830188679245,73.20754716981132,7.547169811320755,65.66037735849056
E00039713,294,70,40,30,224,15,209,23.809523809523807,13.60544217687075,10.204081632653061,76.19047619047619,5.1020408163265305,71.08843537414967
E00039714,326,37,12,25,289,27,262,11.349693251533742,3.6809815950920246,7.668711656441718,88.65030674846625,8.282208588957054,80.3680981595092
E00039715,228,53,24,29,175,18,157,23.24561403508772,10.526315789473683,12.719298245614036,76.75438596491229,7.894736842105263,68.85964912280701
E00039716,322,54,16,38,268,24,244,16.77018633540373,4.968944099378882,11.801242236024844,83.22981366459628,7.453416149068323,75.77639751552795
E00039717,300,80,52,28,220,17,203,26.666666666666668,17.333333333333336,9.333333333333334,73.33333333333333,5.666666666666666,67.66666666666666
E00039718,265,69,36,33,196,16,180,26.037735849056602,13.584905660377359,12.452830188679245,73.9622641509434,6.037735849056604,67.9245283018868
E00039719,307,57,26,31,250,23,227,18.566775244299674,8.469055374592834,10.097719869706841,81.43322475570032,7.491856677524431,73.9413680781759
E00039720,289,42,9,33,247,26,221,14.53287197231834,3.1141868512110724,11.418685121107266,85.46712802768167,8.996539792387544,76.47058823529412
E00039721,335,66,31,35,269,25,244,19.701492537313435,9.253731343283581,10.44776119402985,80.29850746268656,7.462686567164178,72.83582089552239
E00039722,297,47,17,30,250,21,229,15.824915824915825,5.723905723905724,10.1010101010101,84.17508417508418,7.07070707070707,77.10437710437711
E00039724,241,41,16,25,200,21,179,17.012448132780083,6.639004149377594,10.37344398340249,82.98755186721992,8.71369294605809,74.27385892116183
E00039726,269,67,24,43,202,26,176,24.907063197026023,8.921933085501859,15.985130111524162,75.09293680297398,9.66542750929368,65.4275092936803
E00039727,282,37,12,25,245,20,225,13.120567375886525,4.25531914893617,8.865248226950355,86.87943262411348,7.092198581560284,79.7872340425532
E00039728,295,48,15,33,247,24,223,16.271186440677965,5.084745762711865,11.186440677966102,83.72881355932203,8.135593220338983,75.59322033898304
E00039729,299,62,31,31,237,25,212,20.735785953177256,10.367892976588628,10.367892976588628,79.26421404682274,8.361204013377927,70.903010033444815
E00039730,356,110,59,51,246,28,218,30.89887640449438,16.573033707865168,14.325842696629213,69.10112359550563,7.865168539325842,61.23595505617978
E00039731,264,71,47,24,193,14,179,26.89393939393939,17.803030303030305,9.090909090909092,73.10606060606061,5.303030303030303,67.8030303030303
E00039732,300,46,11,35,254,29,225,15.333333333333332,3.6666666666666665,11.666666666666666,84.66666666666667,9.666666666666666,75
E00039733,332,55,25,30,277,29,248,16.566265060240966,7.530120481927711,9.036144578313253,83.43373493975903,8.734939759036145,74.69879518072288
E00039734,307,75,35,40,232,17,215,24.429967426710096,11.400651465798045,13.029315960912053,75.57003257328991,5.537459283387622,70.03257328990227
E00039735,319,77,37,40,242,17,225,24.137931034482758,11.598746081504702,12.539184952978054,75.86206896551724,5.329153605015674,70.53291536050156
E00039736,259,38,19,19,221,18,203,14.671814671814673,7.335907335907336,7.335907335907336,85.32818532818533,6.94980694980695,78.37837837837837
E00039737,298,73,34,39,225,16,209,24.496644295302016,11.409395973154362,13.087248322147651,75.50335570469798,5.369127516778524,70.13422818791946
E00039738,243,48,19,29,195,17,178,19.753086419753085,7.818930041152264,11.934156378600823,80.24691358024691,6.995884773662551,73.25102880658436
E00039739,324,52,17,35,272,22,250,16.049382716049383,5.246913580246913,10.802469135802468,83.9506172839506,6.790123456790123,77.1604938271605
E00039740,304,56,17,39,248,16,232,18.421052631578945,5.592105263157895,12.828947368421053,81.57894736842105,5.263157894736842,76.31578947368422
E00039741,186,65,34,31,121,10,111,34.946236559139784,18.27956989247312,16.666666666666664,65.05376344086021,5.376344086021505,59.67741935483871
E00039742,240,66,34,32,174,21,153,27.500000000000004,14.166666666666666,13.333333333333334,72.5,8.75,63.74999999999999
E00039743,305,40,9,31,265,30,235,13.114754098360656,2.9508196721311477,10.163934426229508,86.88524590163934,9.836065573770492,77.04918032786885
E00039744,303,79,36,43,224,15,209,26.072607260726073,11.881188118811881,14.19141914191419,73.92739273927393,4.9504950495049505,68.97689768976898
E00039745,227,75,37,38,152,18,134,33.03964757709251,16.299559471365637,16.740088105726873,66.96035242290749,7.929515418502203,59.03083700440529
E00039746,314,66,29,37,248,24,224,21.019108280254777,9.235668789808917,11.78343949044586,78.98089171974523,7.643312101910828,71.3375796178344
E00039747,331,95,43,52,236,15,221,28.700906344410875,12.990936555891238,15.709969788519636,71.29909365558912,4.531722054380665,66.76737160120845
E00039748,343,56,21,35,287,26,261,16.3265306122449,6.122448979591836,10.204081632653061,83.6734693877551,7.580174927113703,76.0932944606414
E00039750,372,60,34,26,312,19,293,16.129032258064516,9.13978494623656,6.989247311827956,83.87096774193549,5.10752688172043,78.76344086021506
E00039751,301,51,16,35,250,26,224,16.943521594684384,5.3156146179401995,11.627906976744185,83.05647840531562,8.637873754152823,74.4186046511628
E00039752,310,60,30,30,250,20,230,19.35483870967742,9.67741935483871,9.67741935483871,80.64516129032258,6.451612903225806,74.19354838709677
E00039753,236,49,20,29,187,16,171,20.76271186440678,8.47457627118644,12.288135593220339,79.23728813559322,6.779661016949152,72.45762711864407
E00039754,278,55,14,41,223,12,211,19.784172661870503,5.0359712230215825,14.748201438848922,80.2158273381295,4.316546762589928,75.89928057553958
E00039755,361,47,23,24,314,9,305,13.019390581717452,6.3711911357340725,6.64819944598338,86.98060941828255,2.4930747922437675,84.48753462603878
E00039756,334,62,36,26,272,19,253,18.562874251497004,10.778443113772456,7.784431137724551,81.437125748502993,5.688622754491018,75.74850299401199
E00039757,345,91,51,40,254,15,239,26.3768115942029,14.782608695652174,11.594202898550725,73.62318840579711,4.3478260869565215,69.27536231884058
E00039758,281,147,111,36,134,10,124,52.313167259786475,39.50177935943061,12.811387900355871,47.686832740213525,3.558718861209965,44.128113879003564
E00039759,305,56,23,33,249,29,220,18.360655737704917,7.540983606557377,10.819672131147541,81.63934426229508,9.508196721311474,72.1311475409836
E00039760,298,64,25,39,234,21,213,21.476510067114095,8.389261744966444,13.087248322147651,78.52348993288591,7.046979865771812,71.47651006711409
E00039761,221,42,14,28,179,28,151,19.004524886877828,6.334841628959276,12.669683257918551,80.99547511312217,12.669683257918551,68.32579185520362
E00039762,474,119,69,50,355,15,340,25.105485232067508,14.556962025316455,10.548523206751055,74.89451476793249,3.1645569620253164,71.72995780590718
E00039763,287,59,20,39,228,16,212,20.557491289198605,6.968641114982578,13.588850174216027,79.44250871080139,5.574912891986063,73.86759581881533
E00039764,413,77,36,41,336,17,319,18.64406779661017,8.716707021791766,9.927360774818402,81.35593220338984,4.116222760290557,77.23970944309927
E00039765,374,87,35,52,287,10,277,23.262032085561497,9.358288770053475,13.903743315508022,76.7379679144385,2.6737967914438503,74.06417112299465
E00039766,414,75,46,29,339,22,317,18.115942028985508,11.11111111111111,7.004830917874397,81.88405797101449,5.314009661835748,76.57004830917874
E00039767,338,71,37,34,267,14,253,21.005917159763314,10.946745562130179,10.059171597633137,78.99408284023669,4.142011834319527,74.85207100591717
E00039768,289,71,25,46,218,21,197,24.567474048442904,8.650519031141869,15.916955017301039,75.4325259515571,7.26643598615917,68.16608996539793
E00039769,367,67,34,33,300,12,288,18.256130790190735,9.264305177111716,8.991825613079019,81.74386920980926,3.2697547683923704,78.4741144414169
E00039770,346,78,39,39,268,11,257,22.54335260115607,11.271676300578035,11.271676300578035,77.45664739884393,3.1791907514450863,74.27745664739885
E00039771,236,36,17,19,200,21,179,15.254237288135593,7.203389830508475,8.050847457627118,84.7457627118644,8.898305084745763,75.84745762711864
E00039772,259,40,17,23,219,20,199,15.444015444015443,6.563706563706563,8.880308880308881,84.55598455598455,7.722007722007722,76.83397683397683
E00039773,405,71,29,42,334,24,310,17.530864197530864,7.160493827160494,10.37037037037037,82.46913580246914,5.9259259259259265,76.5432098765432
E00039774,476,130,83,47,346,12,334,27.310924369747898,17.436974789915965,9.873949579831933,72.68907563025209,2.5210084033613445,70.16806722689076
E00039775,364,53,21,32,311,19,292,14.560439560439562,5.769230769230769,8.791208791208792,85.43956043956044,5.21978021978022,80.21978021978022
E00039776,277,59,26,33,218,18,200,21.299638989169676,9.386281588447654,11.913357400722022,78.70036101083032,6.4981949458483745,72.20216606498195
E00039777,356,83,31,52,273,16,257,23.314606741573034,8.707865168539326,14.606741573033707,76.68539325842697,4.49438202247191,72.19101123595506
E00039778,264,86,42,44,178,18,160,32.57575757575758,15.909090909090908,16.666666666666664,67.42424242424242,6.8181818181818175,60.60606060606061
E00039779,306,57,30,27,249,16,233,18.627450980392158,9.803921568627452,8.823529411764707,81.37254901960785,5.228758169934641,76.1437908496732
E00039780,314,79,34,45,235,18,217,25.159235668789808,10.828025477707007,14.331210191082802,74.84076433121018,5.7324840764331215,69.10828025477707
E00039781,266,83,40,43,183,16,167,31.203007518796994,15.037593984962406,16.165413533834585,68.796992481203,6.015037593984962,62.78195488721805
E00039782,381,80,35,45,301,23,278,20.99737532808399,9.186351706036746,11.811023622047244,79.00262467191601,6.036745406824147,72.96587926509186
E00039783,403,113,56,57,290,32,258,28.03970223325062,13.895781637717123,14.1439205955335,71.96029776674938,7.94044665012407,64.01985111662532
E00039784,287,76,36,40,211,16,195,26.480836236933797,12.543554006968641,13.937282229965156,73.5191637630662,5.574912891986063,67.94425087108013
E00039785,314,65,29,36,249,20,229,20.70063694267516,9.235668789808917,11.464968152866243,79.29936305732484,6.369426751592357,72.92993630573248
E00039786,302,53,19,34,249,23,226,17.549668874172188,6.291390728476822,11.258278145695364,82.45033112582782,7.6158940397351,74.83443708609272
E00039787,184,67,37,30,117,9,108,36.41304347826087,20.108695652173914,16.304347826086957,63.58695652173913,4.891304347826087,58.69565217391305
E00039788,410,71,37,34,339,19,320,17.317073170731707,9.024390243902438,8.292682926829269,82.68292682926828,4.634146341463414,78.04878048780488
E00039789,301,56,30,26,245,22,223,18.6046511627907,9.966777408637874,8.637873754152823,81.3953488372093,7.308970099667775,74.08637873754152
E00039791,183,64,38,26,119,8,111,34.97267759562842,20.76502732240437,14.207650273224044,65.02732240437157,4.371584699453552,60.65573770491803
E00039792,320,85,41,44,235,17,218,26.5625,12.812499999999998,13.750000000000002,73.4375,5.3125,68.125
E00039793,438,97,45,52,341,24,317,22.146118721461185,10.273972602739725,11.87214611872146,77.85388127853882,5.47945205479452,72.3744292237443
E00039794,352,61,32,29,291,27,264,17.329545454545457,9.090909090909092,8.238636363636363,82.67045454545455,7.670454545454546,75
E00039795,298,66,31,35,232,18,214,22.14765100671141,10.40268456375839,11.74496644295302,77.85234899328859,6.0402684563758395,71.81208053691275
E00039796,402,84,47,37,318,19,299,20.8955223880597,11.691542288557214,9.203980099502488,79.1044776119403,4.72636815920398,74.37810945273633
E00039797,162,38,15,23,124,9,115,23.456790123456788,9.25925925925926,14.19753086419753,76.5432098765432,5.555555555555555,70.98765432098766
E00039798,333,53,19,34,280,18,262,15.915915915915916,5.7057057057057055,10.21021021021021,84.08408408408408,5.405405405405405,78.67867867867868
E00039799,236,45,18,27,191,8,183,19.06779661016949,7.627118644067797,11.440677966101696,80.9322033898305,3.389830508474576,77.54237288135593
E00039800,322,43,14,29,279,25,254,13.354037267080745,4.3478260869565215,9.006211180124224,86.64596273291926,7.763975155279502,78.88198757763976
E00039801,186,33,9,24,153,15,138,17.741935483870968,4.838709677419355,12.903225806451612,82.25806451612904,8.064516129032258,74.19354838709677
E00039802,408,70,23,47,338,41,297,17.15686274509804,5.637254901960785,11.519607843137255,82.84313725490196,10.049019607843137,72.79411764705883
E00039804,431,58,14,44,373,48,325,13.45707656612529,3.248259860788863,10.208816705336426,86.5429234338747,11.1368909512761,75.4060324825986
E00039806,217,34,10,24,183,26,157,15.668202764976957,4.6082949308755765,11.059907834101383,84.33179723502305,11.981566820276496,72.35023041474655
E00039807,321,36,9,27,285,24,261,11.214953271028037,2.803738317757009,8.411214953271028,88.78504672897196,7.476635514018691,81.30841121495327
E00039808,278,28,4,24,250,29,221,10.071942446043165,1.4388489208633095,8.633093525179856,89.92805755395683,10.431654676258994,79.49640287769785
E00039810,207,22,1,21,185,28,157,10.628019323671497,0.4830917874396135,10.144927536231885,89.3719806763285,13.526570048309178,75.84541062801932
E00039811,489,57,10,47,432,41,391,11.65644171779141,2.044989775051125,9.611451942740286,88.34355828220859,8.384458077709612,79.95910020449898
E00039812,313,59,13,46,254,29,225,18.849840255591054,4.15335463258786,14.696485623003195,81.15015974440894,9.26517571884984,71.8849840255591
E00039813,324,55,22,33,269,29,240,16.97530864197531,6.790123456790123,10.185185185185185,83.0246913580247,8.950617283950617,74.07407407407408
E00039814,280,59,20,39,221,28,193,21.071428571428573,7.142857142857142,13.928571428571429,78.92857142857143,10,68.92857142857143
E00039815,274,58,14,44,216,27,189,21.16788321167883,5.109489051094891,16.05839416058394,78.83211678832117,9.854014598540147,68.97810218978103
E00039816,378,63,13,50,315,32,283,16.666666666666664,3.439153439153439,13.227513227513226,83.33333333333334,8.465608465608465,74.86772486772487
E00039817,409,79,41,38,330,40,290,19.315403422982886,10.024449877750612,9.290953545232274,80.68459657701712,9.7799511002445,70.90464547677261
E00039818,356,42,7,35,314,32,282,11.797752808988763,1.9662921348314606,9.831460674157304,88.20224719101124,8.98876404494382,79.21348314606742
E00039819,223,47,22,25,176,13,163,21.076233183856502,9.865470852017937,11.210762331838566,78.9237668161435,5.829596412556054,73.09417040358744
E00039820,246,35,11,24,211,32,179,14.227642276422763,4.471544715447155,9.75609756097561,85.77235772357723,13.008130081300814,72.76422764227642
E00039821,255,27,8,19,228,26,202,10.588235294117647,3.1372549019607843,7.450980392156863,89.41176470588236,10.196078431372548,79.2156862745098
E00039822,247,28,11,17,219,29,190,11.336032388663968,4.4534412955465585,6.882591093117409,88.66396761133603,11.740890688259109,76.92307692307693
E00039823,424,30,3,27,394,36,358,7.0754716981132075,0.7075471698113208,6.367924528301887,92.9245283018868,8.49056603773585,84.43396226415094
E00039824,215,59,19,40,156,27,129,27.44186046511628,8.837209302325581,18.6046511627907,72.55813953488372,12.558139534883722,60
E00039825,303,49,5,44,254,32,222,16.17161716171617,1.65016501650165,14.521452145214523,83.82838283828383,10.561056105610561,73.26732673267327
E00039826,310,52,6,46,258,25,233,16.7741935483871,1.935483870967742,14.838709677419354,83.22580645161291,8.064516129032258,75.16129032258064
E00039827,326,42,13,29,284,35,249,12.883435582822086,3.9877300613496933,8.895705521472392,87.11656441717791,10.736196319018406,76.38036809815951
E00039828,349,40,12,28,309,38,271,11.461318051575931,3.4383954154727796,8.022922636103152,88.53868194842407,10.888252148997136,77.65042979942693
E00039829,216,37,11,26,179,19,160,17.12962962962963,5.092592592592593,12.037037037037036,82.87037037037037,8.796296296296296,74.07407407407408
E00039830,286,43,18,25,243,25,218,15.034965034965033,6.293706293706294,8.741258741258742,84.96503496503497,8.741258741258742,76.22377622377621
E00039831,289,29,8,21,260,34,226,10.034602076124568,2.768166089965398,7.26643598615917,89.96539792387543,11.76470588235294,78.20069204152249
E00039832,264,43,14,29,221,33,188,16.28787878787879,5.303030303030303,10.984848484848484,83.71212121212122,12.5,71.21212121212122
E00039833,371,53,17,36,318,35,283,14.285714285714285,4.5822102425876015,9.703504043126685,85.71428571428571,9.433962264150944,76.28032345013477
E00039834,252,41,7,34,211,23,188,16.26984126984127,2.7777777777777777,13.492063492063492,83.73015873015873,9.126984126984127,74.60317460317461
E00039835,333,46,7,39,287,28,259,13.813813813813812,2.1021021021021022,11.711711711711711,86.18618618618619,8.408408408408409,77.77777777777779
E00039836,314,28,6,22,286,42,244,8.9171974522293,1.910828025477707,7.006369426751593,91.0828025477707,13.375796178343949,77.70700636942675
E00039837,401,61,10,51,340,40,300,15.211970074812967,2.493765586034913,12.718204488778055,84.78802992518703,9.975062344139651,74.81296758104739
E00039838,434,66,13,53,368,35,333,15.207373271889402,2.995391705069124,12.211981566820276,84.7926267281106,8.064516129032258,76.72811059907833
E00039839,360,42,7,35,318,41,277,11.666666666666666,1.9444444444444444,9.722222222222223,88.33333333333333,11.38888888888889,76.94444444444444
E00039840,442,75,32,43,367,39,328,16.968325791855204,7.239819004524888,9.728506787330318,83.0316742081448,8.823529411764707,74.2081447963801
E00039841,352,53,14,39,299,33,266,15.056818181818182,3.977272727272727,11.079545454545455,84.94318181818183,9.375,75.56818181818183
E00039842,468,80,11,69,388,36,352,17.094017094017094,2.3504273504273505,14.743589743589745,82.90598290598291,7.6923076923076925,75.21367521367522
E00039843,384,53,9,44,331,37,294,13.802083333333334,2.34375,11.458333333333332,86.19791666666666,9.635416666666668,76.5625
E00039844,404,138,97,41,266,30,236,34.15841584158416,24.00990099009901,10.14851485148515,65.84158415841584,7.425742574257425,58.415841584158414
E00039845,270,43,12,31,227,19,208,15.925925925925927,4.444444444444445,11.481481481481481,84.07407407407408,7.037037037037037,77.03703703703704
E00039846,186,80,54,26,106,10,96,43.01075268817204,29.03225806451613,13.978494623655912,56.98924731182796,5.376344086021505,51.61290322580645
E00039847,317,53,12,41,264,40,224,16.7192429022082,3.7854889589905363,12.933753943217665,83.2807570977918,12.618296529968454,70.66246056782335
E00039849,235,41,16,25,194,26,168,17.4468085106383,6.808510638297872,10.638297872340425,82.5531914893617,11.063829787234042,71.48936170212767
E00039850,387,45,12,33,342,37,305,11.627906976744185,3.10077519379845,8.527131782945736,88.37209302325581,9.560723514211885,78.81136950904393
E00039851,393,90,36,54,303,29,274,22.900763358778626,9.16030534351145,13.740458015267176,77.09923664122137,7.37913486005089,69.72010178117048
E00039852,449,67,31,36,382,24,358,14.92204899777283,6.904231625835189,8.017817371937639,85.07795100222717,5.3452115812917596,79.73273942093542
E00039853,329,69,31,38,260,13,247,20.972644376899694,9.422492401215806,11.55015197568389,79.0273556231003,3.951367781155015,75.07598784194529
E00039854,428,63,26,37,365,16,349,14.719626168224298,6.074766355140187,8.644859813084112,85.2803738317757,3.7383177570093453,81.54205607476635
E00039856,265,67,29,38,198,11,187,25.28301886792453,10.943396226415095,14.339622641509434,74.71698113207546,4.150943396226415,70.56603773584905
E00039858,431,58,31,27,373,14,359,13.45707656612529,7.192575406032482,6.2645011600928076,86.5429234338747,3.248259860788863,83.29466357308584
E00039859,464,75,39,36,389,14,375,16.163793103448278,8.405172413793103,7.758620689655173,83.83620689655173,3.0172413793103448,80.81896551724138
E00039860,428,64,31,33,364,23,341,14.953271028037381,7.242990654205607,7.710280373831775,85.04672897196261,5.373831775700935,79.67289719626169
E00039861,340,62,31,31,278,20,258,18.235294117647058,9.117647058823529,9.117647058823529,81.76470588235294,5.88235294117647,75.88235294117646
E00039862,329,95,52,43,234,16,218,28.87537993920973,15.80547112462006,13.069908814589665,71.12462006079028,4.86322188449848,66.26139817629179
E00039863,228,49,29,20,179,4,175,21.49122807017544,12.719298245614036,8.771929824561402,78.50877192982456,1.7543859649122806,76.75438596491229
E00039864,324,34,17,17,290,12,278,10.493827160493826,5.246913580246913,5.246913580246913,89.50617283950618,3.7037037037037033,85.80246913580247
E00039865,476,78,40,38,398,23,375,16.386554621848738,8.403361344537815,7.9831932773109235,83.61344537815127,4.831932773109244,78.78151260504201
E00039866,440,98,59,39,342,15,327,22.272727272727273,13.40909090909091,8.863636363636363,77.72727272727272,3.4090909090909087,74.31818181818181
E00039867,352,53,29,24,299,10,289,15.056818181818182,8.238636363636363,6.8181818181818175,84.94318181818183,2.840909090909091,82.10227272727273
E00039868,252,43,26,17,209,9,200,17.063492063492063,10.317460317460316,6.746031746031746,82.93650793650794,3.571428571428571,79.36507936507937
E00039869,425,70,35,35,355,17,338,16.470588235294116,8.235294117647058,8.235294117647058,83.52941176470588,4,79.52941176470588
E00039870,381,61,39,22,320,8,312,16.010498687664043,10.236220472440944,5.774278215223097,83.98950131233596,2.099737532808399,81.88976377952756
E00039871,352,58,30,28,294,18,276,16.477272727272727,8.522727272727272,7.954545454545454,83.52272727272727,5.113636363636364,78.4090909090909
E00039876,616,87,47,40,529,42,487,14.123376623376624,7.629870129870129,6.493506493506493,85.87662337662337,6.8181818181818175,79.05844155844156
E00039877,367,107,70,37,260,15,245,29.155313351498634,19.07356948228883,10.08174386920981,70.84468664850137,4.087193460490464,66.7574931880109
E00039878,267,60,29,31,207,24,183,22.47191011235955,10.861423220973784,11.610486891385769,77.52808988764045,8.98876404494382,68.53932584269663
E00039879,195,63,41,22,132,6,126,32.30769230769231,21.025641025641026,11.282051282051283,67.6923076923077,3.076923076923077,64.61538461538461
E00039880,520,155,110,45,365,11,354,29.807692307692307,21.153846153846153,8.653846153846153,70.1923076923077,2.1153846153846154,68.07692307692308
E00039881,228,69,37,32,159,16,143,30.263157894736842,16.228070175438596,14.035087719298245,69.73684210526315,7.017543859649122,62.71929824561403
E00039882,462,87,61,26,375,17,358,18.83116883116883,13.203463203463203,5.627705627705628,81.16883116883116,3.67965367965368,77.48917748917748
E00039883,356,47,19,28,309,16,293,13.202247191011235,5.337078651685393,7.865168539325842,86.79775280898876,4.49438202247191,82.30337078651685
E00039884,412,98,54,44,314,15,299,23.78640776699029,13.106796116504855,10.679611650485436,76.2135922330097,3.640776699029126,72.57281553398059
E00039885,211,50,23,27,161,15,146,23.696682464454977,10.90047393364929,12.796208530805686,76.30331753554502,7.109004739336493,69.19431279620854
E00039886,322,63,21,42,259,16,243,19.565217391304348,6.521739130434782,13.043478260869565,80.43478260869566,4.968944099378882,75.46583850931677
E00039887,427,93,45,48,334,20,314,21.779859484777518,10.53864168618267,11.241217798594848,78.22014051522248,4.683840749414521,73.53629976580797
E00039888,274,52,24,28,222,14,208,18.97810218978102,8.75912408759124,10.218978102189782,81.02189781021897,5.109489051094891,75.91240875912408
E00039889,330,81,48,33,249,18,231,24.545454545454547,14.545454545454545,10,75.45454545454545,5.454545454545454,70
E00039890,308,41,19,22,267,9,258,13.311688311688311,6.1688311688311686,7.142857142857142,86.68831168831169,2.922077922077922,83.76623376623377
E00039891,359,76,38,38,283,7,276,21.16991643454039,10.584958217270195,10.584958217270195,78.8300835654596,1.9498607242339834,76.88022284122563
E00039892,383,58,24,34,325,18,307,15.143603133159269,6.266318537859007,8.87728459530026,84.85639686684074,4.699738903394255,80.15665796344648
E00039893,397,85,49,36,312,16,296,21.41057934508816,12.34256926952141,9.06801007556675,78.58942065491183,4.030226700251889,74.55919395465995
E00039894,289,66,37,29,223,11,212,22.837370242214533,12.802768166089965,10.034602076124568,77.16262975778547,3.8062283737024223,73.35640138408304
E00039895,425,121,75,46,304,18,286,28.47058823529412,17.647058823529413,10.823529411764705,71.52941176470588,4.235294117647059,67.29411764705883
E00039896,263,58,34,24,205,13,192,22.0532319391635,12.927756653992395,9.125475285171103,77.9467680608365,4.942965779467681,73.00380228136882
E00039897,259,33,11,22,226,12,214,12.741312741312742,4.247104247104247,8.494208494208493,87.25868725868726,4.633204633204633,82.62548262548263
E00039898,488,90,51,39,398,6,392,18.442622950819672,10.450819672131148,7.991803278688526,81.55737704918032,1.2295081967213115,80.32786885245902
E00039899,215,42,14,28,173,18,155,19.53488372093023,6.511627906976744,13.023255813953488,80.46511627906978,8.372093023255815,72.09302325581395
E00039900,311,97,51,46,214,19,195,31.189710610932476,16.39871382636656,14.790996784565916,68.81028938906752,6.109324758842444,62.70096463022507
E00039902,408,67,25,42,341,31,310,16.42156862745098,6.127450980392156,10.294117647058822,83.57843137254902,7.598039215686274,75.98039215686273
E00039906,208,66,41,25,142,8,134,31.73076923076923,19.71153846153846,12.01923076923077,68.26923076923077,3.8461538461538463,64.42307692307693
E00039907,430,78,33,45,352,19,333,18.13953488372093,7.674418604651163,10.465116279069768,81.86046511627907,4.4186046511627906,77.44186046511628
E00039908,497,125,67,58,372,21,351,25.15090543259557,13.480885311871226,11.670020120724347,74.84909456740442,4.225352112676056,70.62374245472837
E00039910,332,98,50,48,234,13,221,29.518072289156628,15.060240963855422,14.457831325301203,70.48192771084338,3.91566265060241,66.56626506024097
E00039911,243,40,22,18,203,11,192,16.46090534979424,9.053497942386832,7.4074074074074066,83.53909465020575,4.526748971193416,79.01234567901234
E00039912,447,89,49,40,358,16,342,19.910514541387027,10.961968680089486,8.94854586129754,80.08948545861297,3.5794183445190155,76.51006711409396
E00039913,286,68,31,37,218,9,209,23.776223776223777,10.839160839160838,12.937062937062937,76.22377622377621,3.146853146853147,73.07692307692307
E00039914,248,59,25,34,189,14,175,23.790322580645164,10.080645161290322,13.709677419354838,76.20967741935483,5.64516129032258,70.56451612903226
E00039917,229,59,24,35,170,13,157,25.76419213973799,10.480349344978166,15.283842794759824,74.235807860262,5.676855895196507,68.5589519650655
E00039918,309,70,29,41,239,6,233,22.653721682847898,9.385113268608414,13.268608414239482,77.34627831715211,1.9417475728155338,75.40453074433657
E00039919,274,67,27,40,207,11,196,24.45255474452555,9.854014598540147,14.5985401459854,75.54744525547446,4.014598540145985,71.53284671532847
E00039920,273,76,34,42,197,11,186,27.83882783882784,12.454212454212454,15.384615384615385,72.16117216117216,4.029304029304029,68.13186813186813
E00039921,252,40,15,25,212,21,191,15.873015873015872,5.952380952380952,9.920634920634921,84.12698412698413,8.333333333333332,75.79365079365078
E00039922,212,36,21,15,176,11,165,16.9811320754717,9.90566037735849,7.0754716981132075,83.01886792452831,5.188679245283019,77.83018867924528
E00039923,328,84,37,47,244,16,228,25.609756097560975,11.28048780487805,14.329268292682926,74.39024390243902,4.878048780487805,69.51219512195121
E00039924,290,58,35,23,232,5,227,20,12.068965517241379,7.931034482758621,80,1.7241379310344827,78.27586206896552
E00039925,170,58,32,26,112,13,99,34.11764705882353,18.823529411764707,15.294117647058824,65.88235294117646,7.647058823529412,58.235294117647065
E00039926,266,76,41,35,190,12,178,28.57142857142857,15.413533834586465,13.157894736842104,71.42857142857143,4.511278195488721,66.9172932330827
E00039929,232,59,29,30,173,13,160,25.43103448275862,12.5,12.931034482758621,74.56896551724138,5.603448275862069,68.96551724137932
E00039931,208,37,12,25,171,8,163,17.78846153846154,5.769230769230769,12.01923076923077,82.21153846153845,3.8461538461538463,78.36538461538461
E00039932,269,62,28,34,207,15,192,23.04832713754647,10.408921933085502,12.639405204460965,76.95167286245353,5.5762081784386615,71.37546468401487
E00039933,290,70,35,35,220,15,205,24.137931034482758,12.068965517241379,12.068965517241379,75.86206896551724,5.172413793103448,70.6896551724138
E00039934,295,62,24,38,233,24,209,21.01694915254237,8.135593220338983,12.88135593220339,78.98305084745762,8.135593220338983,70.84745762711864
E00039935,199,38,14,24,161,18,143,19.09547738693467,7.035175879396985,12.060301507537687,80.90452261306532,9.045226130653267,71.85929648241206
E00039936,362,70,28,42,292,19,273,19.337016574585636,7.734806629834254,11.602209944751381,80.66298342541437,5.248618784530387,75.41436464088397
E00039937,228,82,44,38,146,13,133,35.96491228070175,19.298245614035086,16.666666666666664,64.03508771929825,5.701754385964912,58.333333333333336
E00039938,276,52,26,26,224,28,196,18.84057971014493,9.420289855072465,9.420289855072465,81.15942028985508,10.144927536231885,71.01449275362319
E00039939,221,33,8,25,188,26,162,14.93212669683258,3.619909502262444,11.312217194570136,85.06787330316742,11.76470588235294,73.303167420814475
E00039940,197,34,13,21,163,18,145,17.258883248730964,6.598984771573605,10.65989847715736,82.74111675126903,9.137055837563452,73.60406091370558
E00039941,329,80,38,42,249,21,228,24.316109422492403,11.55015197568389,12.76595744680851,75.6838905775076,6.382978723404255,69.30091185410335
E00039942,483,92,53,39,391,20,371,19.047619047619047,10.973084886128365,8.074534161490684,80.95238095238095,4.140786749482402,76.81159420289855
E00039943,275,52,27,25,223,9,214,18.90909090909091,9.818181818181818,9.090909090909092,81.0909090909091,3.272727272727273,77.81818181818181
E00039944,406,45,22,23,361,13,348,11.083743842364532,5.41871921182266,5.665024630541872,88.91625615763546,3.201970443349754,85.71428571428571
E00039945,272,52,33,19,220,9,211,19.11764705882353,12.132352941176471,6.985294117647059,80.88235294117648,3.308823529411765,77.57352941176471
E00039946,148,31,17,14,117,9,108,20.945945945945947,11.486486486486488,9.45945945945946,79.05405405405406,6.081081081081082,72.97297297297297
E00039947,309,63,16,47,246,31,215,20.388349514563107,5.177993527508091,15.210355987055015,79.6116504854369,10.032362459546926,69.57928802588997
E00039948,348,72,26,46,276,29,247,20.689655172413794,7.471264367816093,13.218390804597702,79.3103448275862,8.333333333333332,70.97701149425288
E00039949,249,63,21,42,186,28,158,25.301204819277107,8.433734939759036,16.867469879518072,74.69879518072288,11.244979919678714,63.45381526104418
E00039950,293,52,18,34,241,32,209,17.747440273037544,6.143344709897611,11.604095563139932,82.25255972696246,10.921501706484642,71.33105802047781
E00039951,265,65,24,41,200,23,177,24.528301886792452,9.056603773584905,15.471698113207546,75.47169811320755,8.679245283018867,66.79245283018868
E00039952,416,85,30,55,331,33,298,20.432692307692307,7.211538461538461,13.221153846153847,79.5673076923077,7.9326923076923075,71.63461538461539
E00039953,352,44,21,23,308,35,273,12.5,5.965909090909091,6.534090909090909,87.5,9.943181818181818,77.55681818181817
E00039954,348,129,81,48,219,19,200,37.06896551724138,23.275862068965516,13.793103448275861,62.93103448275862,5.459770114942529,57.47126436781609
E00039955,325,69,29,40,256,21,235,21.23076923076923,8.923076923076923,12.307692307692308,78.76923076923077,6.461538461538462,72.3076923076923
E00039956,234,61,31,30,173,12,161,26.06837606837607,13.247863247863249,12.82051282051282,73.93162393162393,5.128205128205128,68.80341880341881
E00039957,398,72,29,43,326,36,290,18.090452261306535,7.2864321608040195,10.804020100502512,81.90954773869346,9.045226130653267,72.8643216080402
E00039958,302,86,40,46,216,12,204,28.47682119205298,13.245033112582782,15.2317880794702,71.52317880794702,3.9735099337748347,67.54966887417218
E00039961,308,90,37,53,218,16,202,29.22077922077922,12.012987012987013,17.20779220779221,70.77922077922078,5.194805194805195,65.5844155844156
E00039962,375,49,12,37,326,29,297,13.066666666666665,3.2,9.866666666666667,86.93333333333332,7.733333333333333,79.2
E00039963,379,64,17,47,315,20,295,16.886543535620053,4.485488126649076,12.401055408970976,83.11345646437994,5.277044854881266,77.83641160949868
E00039964,289,54,16,38,235,22,213,18.685121107266436,5.536332179930796,13.148788927335639,81.31487889273356,7.612456747404845,73.70242214532871
E00039965,245,34,12,22,211,21,190,13.877551020408163,4.8979591836734695,8.979591836734693,86.12244897959184,8.571428571428571,77.55102040816327
E00039966,216,26,5,21,190,18,172,12.037037037037036,2.314814814814815,9.722222222222223,87.96296296296296,8.333333333333332,79.62962962962963
E00039967,245,39,13,26,206,33,173,15.918367346938775,5.3061224489795915,10.612244897959183,84.08163265306122,13.46938775510204,70.61224489795919
E00039968,340,66,29,37,274,27,247,19.411764705882355,8.529411764705882,10.882352941176471,80.58823529411765,7.941176470588235,72.6470588235294
E00039969,304,53,17,36,251,29,222,17.434210526315788,5.592105263157895,11.842105263157894,82.56578947368422,9.539473684210527,73.02631578947368
E00039970,344,80,47,33,264,28,236,23.25581395348837,13.662790697674417,9.593023255813954,76.74418604651163,8.13953488372093,68.6046511627907
E00039971,267,65,27,38,202,27,175,24.344569288389515,10.112359550561797,14.232209737827715,75.65543071161048,10.112359550561797,65.54307116104869
E00039972,247,71,39,32,176,19,157,28.74493927125506,15.789473684210526,12.955465587044534,71.25506072874494,7.6923076923076925,63.56275303643725
E00039973,262,57,22,35,205,17,188,21.755725190839694,8.396946564885496,13.358778625954198,78.2442748091603,6.488549618320611,71.7557251908397
E00039974,296,101,61,40,195,16,179,34.12162162162162,20.60810810810811,13.513513513513514,65.87837837837837,5.405405405405405,60.47297297297297
E00039975,284,48,22,26,236,19,217,16.901408450704224,7.746478873239436,9.15492957746479,83.09859154929578,6.690140845070422,76.40845070422534
E00039976,274,47,11,36,227,24,203,17.153284671532848,4.014598540145985,13.138686131386862,82.84671532846716,8.75912408759124,74.08759124087592
E00039977,252,52,20,32,200,18,182,20.634920634920633,7.936507936507936,12.698412698412698,79.36507936507937,7.142857142857142,72.22222222222221
E00039978,266,67,28,39,199,13,186,25.18796992481203,10.526315789473683,14.661654135338345,74.81203007518798,4.887218045112782,69.92481203007519
E00039979,247,73,31,42,174,14,160,29.554655870445345,12.550607287449392,17.00404858299595,70.44534412955466,5.668016194331984,64.77732793522267
E00039980,225,53,23,30,172,13,159,23.555555555555554,10.222222222222223,13.333333333333334,76.44444444444444,5.777777777777778,70.66666666666667
E00039981,266,59,25,34,207,21,186,22.18045112781955,9.398496240601503,12.781954887218044,77.81954887218046,7.894736842105263,69.92481203007519
E00039982,312,63,23,40,249,15,234,20.192307692307693,7.371794871794872,12.82051282051282,79.8076923076923,4.807692307692308,75
E00039983,288,62,28,34,226,22,204,21.52777777777778,9.722222222222223,11.805555555555555,78.47222222222221,7.638888888888889,70.83333333333334
E00039984,276,46,22,24,230,28,202,16.666666666666664,7.971014492753622,8.695652173913043,83.33333333333334,10.144927536231885,73.18840579710145
E00039985,228,70,38,32,158,11,147,30.701754385964914,16.666666666666664,14.035087719298245,69.2982456140351,4.824561403508771,64.47368421052632
E00039986,215,60,27,33,155,19,136,27.906976744186046,12.558139534883722,15.348837209302326,72.09302325581395,8.837209302325581,63.25581395348837
E00039987,277,53,24,29,224,23,201,19.133574007220215,8.664259927797833,10.469314079422382,80.86642599277978,8.303249097472925,72.56317689530685
E00039988,296,62,21,41,234,32,202,20.945945945945947,7.094594594594595,13.85135135135135,79.05405405405406,10.81081081081081,68.24324324324324
E00039989,293,55,24,31,238,27,211,18.771331058020476,8.19112627986348,10.580204778156997,81.22866894197952,9.215017064846416,72.01365187713311
E00039990,380,45,9,36,335,31,304,11.842105263157894,2.368421052631579,9.473684210526317,88.1578947368421,8.157894736842106,80
E00039991,154,36,15,21,118,17,101,23.376623376623375,9.740259740259742,13.636363636363635,76.62337662337663,11.03896103896104,65.5844155844156
E00039992,244,29,12,17,215,22,193,11.885245901639344,4.918032786885246,6.967213114754098,88.11475409836066,9.01639344262295,79.09836065573771
E00039993,291,39,13,26,252,23,229,13.402061855670103,4.4673539518900345,8.934707903780069,86.5979381443299,7.903780068728522,78.69415807560138
E00039994,372,36,8,28,336,25,311,9.67741935483871,2.1505376344086025,7.526881720430108,90.32258064516128,6.720430107526881,83.60215053763442
E00039995,342,83,36,47,259,27,232,24.269005847953213,10.526315789473683,13.742690058479532,75.73099415204678,7.894736842105263,67.83625730994152
E00039996,316,66,32,34,250,36,214,20.88607594936709,10.126582278481013,10.759493670886076,79.11392405063292,11.39240506329114,67.72151898734177
E00039997,268,61,31,30,207,21,186,22.761194029850746,11.567164179104477,11.194029850746269,77.23880597014924,7.835820895522389,69.40298507462687
E00039998,442,91,39,52,351,30,321,20.588235294117645,8.823529411764707,11.76470588235294,79.41176470588235,6.787330316742081,72.62443438914026
E00039999,359,106,47,59,253,25,228,29.526462395543174,13.09192200557103,16.434540389972145,70.47353760445682,6.963788300835655,63.50974930362116
E00040000,317,84,48,36,233,16,217,26.498422712933756,15.141955835962145,11.35646687697161,73.50157728706624,5.047318611987381,68.45425867507886
E00040001,249,53,21,32,196,19,177,21.285140562248998,8.433734939759036,12.851405622489958,78.714859437751,7.630522088353414,71.08433734939759
E00040002,302,55,27,28,247,28,219,18.211920529801322,8.940397350993377,9.271523178807946,81.78807947019867,9.271523178807946,72.51655629139073
E00040003,190,68,44,24,122,7,115,35.78947368421053,23.157894736842106,12.631578947368421,64.21052631578948,3.684210526315789,60.526315789473685
E00040004,299,80,42,38,219,13,206,26.755852842809364,14.046822742474916,12.709030100334449,73.24414715719062,4.3478260869565215,68.89632107023411
E00040005,288,76,37,39,212,21,191,26.38888888888889,12.847222222222221,13.541666666666666,73.61111111111111,7.291666666666667,66.31944444444444
E00040006,211,71,41,30,140,15,125,33.649289099526065,19.431279620853083,14.218009478672986,66.35071090047393,7.109004739336493,59.241706161137444
E00040007,300,85,36,49,215,22,193,28.333333333333332,12,16.333333333333332,71.66666666666667,7.333333333333333,64.33333333333333
E00040008,226,68,30,38,158,10,148,30.08849557522124,13.274336283185843,16.8141592920354,69.91150442477876,4.424778761061947,65.48672566371681
E00040009,286,81,40,41,205,17,188,28.321678321678323,13.986013986013987,14.335664335664337,71.67832167832168,5.944055944055944,65.73426573426573
E00040010,138,57,26,31,81,4,77,41.30434782608695,18.84057971014493,22.463768115942027,58.69565217391305,2.898550724637681,55.79710144927537
E00040011,295,59,23,36,236,19,217,20,7.796610169491526,12.203389830508476,80,6.440677966101695,73.5593220338983
E00040012,286,61,22,39,225,17,208,21.328671328671327,7.6923076923076925,13.636363636363635,78.67132867132867,5.944055944055944,72.72727272727273
E00040013,269,49,27,22,220,18,202,18.21561338289963,10.037174721189592,8.178438661710038,81.78438661710037,6.691449814126393,75.09293680297398
E00040014,249,41,10,31,208,12,196,16.46586345381526,4.016064257028113,12.449799196787147,83.53413654618474,4.819277108433735,78.714859437751
E00040015,324,70,22,48,254,30,224,21.604938271604937,6.790123456790123,14.814814814814813,78.39506172839506,9.25925925925926,69.1358024691358
E00040016,219,33,9,24,186,23,163,15.068493150684931,4.10958904109589,10.95890410958904,84.93150684931507,10.50228310502283,74.42922374429224
E00040017,187,22,4,18,165,15,150,11.76470588235294,2.13903743315508,9.62566844919786,88.23529411764706,8.0213903743315509,80.21390374331551
E00040018,233,44,21,23,189,21,168,18.88412017167382,9.012875536480687,9.871244635193133,81.11587982832617,9.012875536480687,72.1030042918455
E00040019,266,36,10,26,230,20,210,13.533834586466165,3.7593984962406015,9.774436090225564,86.46616541353383,7.518796992481203,78.94736842105263
E00040020,256,50,17,33,206,29,177,19.53125,6.640625,12.890625,80.46875,11.328125,69.140625
E00040021,300,37,12,25,263,27,236,12.333333333333334,4,8.333333333333332,87.66666666666667,9,78.66666666666666
E00040022,269,51,23,28,218,21,197,18.95910780669145,8.550185873605948,10.408921933085502,81.04089219330855,7.806691449814126,73.23420074349443
E00040023,258,58,24,34,200,21,179,22.48062015503876,9.30232558139535,13.178294573643413,77.51937984496125,8.13953488372093,69.37984496124031
E00040024,267,70,23,47,197,18,179,26.217228464419474,8.614232209737828,17.60299625468165,73.78277153558052,6.741573033707865,67.04119850187266
E00040025,273,63,34,29,210,19,191,23.076923076923077,12.454212454212454,10.622710622710622,76.92307692307693,6.95970695970696,69.96336996336996
E00040026,284,71,29,42,213,16,197,25,10.211267605633804,14.788732394366196,75,5.633802816901409,69.36619718309859
E00040027,432,50,28,22,382,16,366,11.574074074074074,6.481481481481481,5.092592592592593,88.42592592592592,3.7037037037037033,84.72222222222221
E00040028,420,47,24,23,373,6,367,11.190476190476192,5.714285714285714,5.476190476190476,88.80952380952381,1.4285714285714286,87.38095238095238
E00040029,257,56,29,27,201,13,188,21.78988326848249,11.284046692607005,10.505836575875486,78.21011673151752,5.058365758754864,73.15175097276264
E00040030,364,58,32,26,306,19,287,15.934065934065933,8.791208791208792,7.142857142857142,84.06593406593407,5.21978021978022,78.84615384615384
E00040031,428,95,57,38,333,10,323,22.19626168224299,13.317757009345794,8.878504672897195,77.80373831775701,2.336448598130841,75.46728971962617
E00040033,390,67,38,29,323,8,315,17.17948717948718,9.7435897435897445,7.435897435897436,82.82051282051283,2.051282051282051,80.76923076923077
E00040034,252,41,22,19,211,16,195,16.26984126984127,8.73015873015873,7.5396825396825395,83.73015873015873,6.349206349206349,77.38095238095238
E00040035,248,36,16,20,212,26,186,14.516129032258066,6.451612903225806,8.064516129032258,85.48387096774194,10.483870967741936,75
E00040037,367,57,30,27,310,9,301,15.531335149863759,8.174386920980927,7.3569482288828345,84.46866485013625,2.452316076294278,82.01634877384197
E00040038,438,59,30,29,379,11,368,13.470319634703195,6.8493150684931505,6.621004566210045,86.5296803652968,2.5114155251141552,84.01826484018264
E00040039,378,43,19,24,335,10,325,11.375661375661375,5.026455026455026,6.349206349206349,88.62433862433863,2.6455026455026456,85.97883597883597
E00040040,340,53,22,31,287,18,269,15.588235294117647,6.470588235294119,9.117647058823529,84.41176470588235,5.294117647058823,79.11764705882352
E00040041,418,60,23,37,358,14,344,14.354066985645932,5.502392344497608,8.851674641148326,85.64593301435407,3.349282296650718,82.29665071770334
E00040042,264,46,20,26,218,8,210,17.424242424242426,7.575757575757576,9.848484848484848,82.57575757575758,3.0303030303030303,79.54545454545455
E00040043,239,49,22,27,190,7,183,20.502092050209207,9.205020920502092,11.297071129707113,79.49790794979079,2.928870292887029,76.56903765690377
E00040044,363,71,34,37,292,13,279,19.55922865013774,9.366391184573002,10.192837465564738,80.44077134986226,3.581267217630854,76.85950413223141
E00040045,306,100,59,41,206,7,199,32.6797385620915,19.28104575163399,13.398692810457517,67.3202614379085,2.287581699346405,65.0326797385621
E00040046,298,67,39,28,231,8,223,22.483221476510067,13.087248322147651,9.395973154362416,77.51677852348993,2.684563758389262,74.83221476510067
E00040047,231,49,32,17,182,3,179,21.21212121212121,13.852813852813853,7.35930735930736,78.78787878787878,1.2987012987012987,77.48917748917748
E00040048,236,94,56,38,142,6,136,39.83050847457627,23.728813559322035,16.101694915254235,60.16949152542372,2.5423728813559325,57.6271186440678
E00040049,369,93,49,44,276,12,264,25.203252032520325,13.279132791327914,11.924119241192411,74.79674796747967,3.2520325203252036,71.54471544715447
E00040050,440,89,52,37,351,11,340,20.227272727272727,11.818181818181818,8.409090909090908,79.77272727272727,2.5,77.27272727272727
E00040051,310,58,40,18,252,6,246,18.70967741935484,12.903225806451612,5.806451612903226,81.29032258064515,1.935483870967742,79.35483870967742
E00040052,286,74,38,36,212,4,208,25.874125874125873,13.286713286713287,12.587412587412588,74.12587412587412,1.3986013986013985,72.72727272727273
E00040053,513,116,42,74,397,18,379,22.612085769980506,8.187134502923977,14.42495126705653,77.38791423001949,3.508771929824561,73.87914230019493
E00040054,239,69,48,21,170,10,160,28.870292887029287,20.0836820083682,8.786610878661087,71.1297071129707,4.184100418410042,66.94560669456067
E00040056,442,53,21,32,389,13,376,11.990950226244344,4.751131221719457,7.239819004524888,88.00904977375565,2.941176470588235,85.06787330316742
E00040057,347,54,31,23,293,4,289,15.561959654178676,8.93371757925072,6.628242074927954,84.43804034582134,1.1527377521613833,83.28530259365994
E00040058,372,78,38,40,294,21,273,20.967741935483872,10.21505376344086,10.75268817204301,79.03225806451613,5.64516129032258,73.38709677419355
E00040059,495,51,25,26,444,12,432,10.303030303030303,5.05050505050505,5.252525252525253,89.6969696969697,2.4242424242424243,87.27272727272727
E00040060,331,43,23,20,288,19,269,12.990936555891238,6.948640483383686,6.042296072507553,87.00906344410876,5.740181268882175,81.2688821752266
E00040061,438,48,26,22,390,17,373,10.95890410958904,5.93607305936073,5.0228310502283104,89.04109589041096,3.881278538812785,85.15981735159818
E00040062,301,42,17,25,259,25,234,13.953488372093023,5.647840531561462,8.305647840531561,86.04651162790698,8.305647840531561,77.74086378737542
E00040063,305,47,17,30,258,22,236,15.40983606557377,5.573770491803279,9.836065573770492,84.59016393442623,7.213114754098362,77.37704918032787
E00040064,242,46,20,26,196,10,186,19.00826446280992,8.264462809917356,10.743801652892563,80.99173553719008,4.132231404958678,76.85950413223141
E00040065,204,29,12,17,175,16,159,14.215686274509803,5.88235294117647,8.333333333333332,85.7843137254902,7.8431372549019605,77.94117647058823
E00040066,309,46,13,33,263,19,244,14.886731391585762,4.207119741100324,10.679611650485436,85.11326860841424,6.148867313915858,78.96440129449837
E00040067,184,34,13,21,150,12,138,18.478260869565215,7.065217391304348,11.41304347826087,81.52173913043478,6.521739130434782,75
E00040068,347,75,41,34,272,20,252,21.613832853025936,11.815561959654179,9.798270893371757,78.38616714697406,5.763688760806916,72.62247838616715
E00040069,285,52,19,33,233,19,214,18.24561403508772,6.666666666666667,11.578947368421053,81.75438596491227,6.666666666666667,75.08771929824562
E00040070,284,57,25,32,227,22,205,20.070422535211268,8.80281690140845,11.267605633802818,79.92957746478874,7.746478873239436,72.1830985915493
E00040071,384,63,17,46,321,22,299,16.40625,4.427083333333334,11.979166666666668,83.59375,5.729166666666666,77.86458333333334
E00040072,336,63,30,33,273,26,247,18.75,8.928571428571429,9.821428571428571,81.25,7.738095238095238,73.51190476190477
E00040073,272,72,46,26,200,19,181,26.47058823529412,16.911764705882355,9.558823529411764,73.52941176470588,6.985294117647059,66.54411764705883
E00040074,297,70,41,29,227,15,212,23.56902356902357,13.804713804713806,9.764309764309765,76.43097643097643,5.05050505050505,71.38047138047138
E00040075,161,50,27,23,111,14,97,31.05590062111801,16.77018633540373,14.285714285714285,68.94409937888199,8.695652173913043,60.24844720496895
E00040076,294,127,83,44,167,18,149,43.197278911564624,28.2312925170068,14.965986394557824,56.80272108843537,6.122448979591836,50.68027210884354
E00040077,265,52,22,30,213,22,191,19.622641509433965,8.30188679245283,11.320754716981133,80.37735849056604,8.30188679245283,72.0754716981132
E00040078,308,53,23,30,255,15,240,17.20779220779221,7.467532467532467,9.740259740259742,82.79220779220779,4.870129870129871,77.92207792207793
E00040079,349,71,30,41,278,26,252,20.34383954154728,8.595988538681947,11.74785100286533,79.65616045845272,7.4498567335243555,72.20630372492836
E00040080,245,39,19,20,206,23,183,15.918367346938775,7.755102040816326,8.16326530612245,84.08163265306122,9.387755102040817,74.6938775510204
E00040081,199,31,14,17,168,16,152,15.577889447236181,7.035175879396985,8.542713567839195,84.42211055276381,8.040201005025125,76.38190954773869
E00040082,545,71,24,47,474,37,437,13.027522935779817,4.4036697247706424,8.623853211009175,86.97247706422019,6.7889908256880735,80.18348623853211
E00040083,402,45,25,20,357,11,346,11.194029850746269,6.218905472636816,4.975124378109453,88.80597014925374,2.736318407960199,86.06965174129353
E00040084,396,56,27,29,340,11,329,14.14141414141414,6.8181818181818175,7.3232323232323235,85.85858585858585,2.7777777777777777,83.08080808080808
E00040085,319,48,19,29,271,8,263,15.047021943573668,5.956112852664576,9.090909090909092,84.95297805642633,2.507836990595611,82.44514106583071
E00040086,241,52,26,26,189,23,166,21.57676348547718,10.78838174273859,10.78838174273859,78.42323651452283,9.54356846473029,68.87966804979253
E00040087,276,48,10,38,228,24,204,17.391304347826086,3.6231884057971016,13.768115942028986,82.6086956521739,8.695652173913043,73.91304347826086
E00040088,309,62,36,26,247,15,232,20.06472491909385,11.650485436893204,8.414239482200648,79.93527508090615,4.854368932038835,75.08090614886731
E00040089,275,78,41,37,197,31,166,28.363636363636363,14.909090909090908,13.454545454545455,71.63636363636363,11.272727272727273,60.36363636363637
E00040090,264,43,12,31,221,40,181,16.28787878787879,4.545454545454546,11.742424242424242,83.71212121212122,15.151515151515152,68.56060606060606
E00040091,296,39,13,26,257,32,225,13.175675675675674,4.391891891891892,8.783783783783784,86.82432432432432,10.81081081081081,76.01351351351352
E00040092,440,58,15,43,382,41,341,13.18181818181818,3.4090909090909087,9.772727272727273,86.81818181818181,9.318181818181818,77.5
E00040093,446,52,13,39,394,35,359,11.659192825112108,2.914798206278027,8.74439461883408,88.34080717488789,7.847533632286996,80.49327354260089
E00040094,359,53,14,39,306,31,275,14.763231197771587,3.8997214484679668,10.86350974930362,85.23676880222841,8.635097493036211,76.6016713091922
E00040095,462,62,21,41,400,37,363,13.41991341991342,4.545454545454546,8.874458874458876,86.58008658008657,8.008658008658008,78.57142857142857
E00040096,375,58,12,46,317,41,276,15.466666666666667,3.2,12.266666666666666,84.53333333333333,10.933333333333334,73.6
E00040097,358,46,14,32,312,31,281,12.849162011173185,3.910614525139665,8.938547486033519,87.15083798882681,8.659217877094973,78.49162011173185
E00040098,277,60,27,33,217,25,192,21.660649819494584,9.747292418772563,11.913357400722022,78.33935018050542,9.025270758122744,69.31407942238266
E00040099,292,41,9,32,251,25,226,14.04109589041096,3.0821917808219177,10.95890410958904,85.95890410958904,8.561643835616438,77.3972602739726
E00040100,274,43,9,34,231,29,202,15.693430656934307,3.2846715328467155,12.408759124087592,84.30656934306569,10.583941605839415,73.72262773722628
E00040101,241,77,40,37,164,17,147,31.950207468879665,16.59751037344398,15.352697095435685,68.04979253112033,7.053941908713693,60.99585062240664
E00040102,241,74,29,45,167,18,149,30.70539419087137,12.033195020746888,18.672199170124482,69.29460580912863,7.468879668049793,61.82572614107884
E00040103,298,42,16,26,256,40,216,14.093959731543624,5.369127516778524,8.724832214765101,85.90604026845638,13.422818791946309,72.48322147651007
E00040104,416,67,20,47,349,38,311,16.105769230769234,4.807692307692308,11.298076923076923,83.89423076923077,9.134615384615383,74.75961538461539
E00040105,198,38,11,27,160,15,145,19.19191919191919,5.555555555555555,13.636363636363635,80.8080808080808,7.575757575757576,73.23232323232324
E00040106,291,37,13,24,254,20,234,12.714776632302405,4.4673539518900345,8.24742268041237,87.2852233676976,6.872852233676976,80.41237113402062
E00040107,289,51,21,30,238,28,210,17.647058823529413,7.26643598615917,10.380622837370241,82.35294117647058,9.688581314878892,72.66435986159169
E00040108,223,69,30,39,154,6,148,30.94170403587444,13.452914798206278,17.48878923766816,69.05829596412556,2.690582959641256,66.3677130044843
E00040109,244,46,19,27,198,20,178,18.852459016393443,7.786885245901639,11.065573770491802,81.14754098360656,8.19672131147541,72.95081967213115
E00040110,312,38,7,31,274,34,240,12.179487179487179,2.2435897435897436,9.935897435897436,87.82051282051282,10.897435897435898,76.92307692307693
E00040111,371,46,7,39,325,35,290,12.398921832884097,1.8867924528301887,10.512129380053908,87.6010781671159,9.433962264150944,78.16711590296495
E00040112,310,39,15,24,271,27,244,12.580645161290322,4.838709677419355,7.741935483870968,87.41935483870968,8.709677419354838,78.70967741935485
E00040113,404,65,15,50,339,44,295,16.08910891089109,3.7128712871287126,12.376237623762377,83.9108910891089,10.891089108910892,73.01980198019803
E00040114,315,57,19,38,258,31,227,18.095238095238095,6.031746031746032,12.063492063492063,81.9047619047619,9.841269841269842,72.06349206349206
E00040115,286,79,37,42,207,16,191,27.62237762237762,12.937062937062937,14.685314685314685,72.37762237762237,5.594405594405594,66.78321678321679
E00040116,244,63,37,26,181,12,169,25.81967213114754,15.163934426229508,10.655737704918032,74.18032786885246,4.918032786885246,69.26229508196722
E00040117,143,42,29,13,101,3,98,29.37062937062937,20.27972027972028,9.090909090909092,70.62937062937063,2.097902097902098,68.53146853146853
E00040118,300,36,15,21,264,35,229,12,5,7.000000000000001,88,11.666666666666666,76.33333333333333
E00040119,327,80,37,43,247,15,232,24.464831804281346,11.314984709480122,13.149847094801222,75.53516819571865,4.587155963302752,70.9480122324159
E00040120,245,37,7,30,208,26,182,15.10204081632653,2.857142857142857,12.244897959183673,84.89795918367346,10.612244897959183,74.28571428571429
E00040121,292,32,11,21,260,25,235,10.95890410958904,3.767123287671233,7.191780821917808,89.04109589041096,8.561643835616438,80.47945205479452
E00040122,257,72,35,37,185,12,173,28.01556420233463,13.618677042801556,14.396887159533073,71.98443579766537,4.669260700389105,67.31517509727627
E00040123,223,38,16,22,185,30,155,17.040358744394617,7.174887892376682,9.865470852017937,82.95964125560538,13.452914798206278,69.50672645739911
E00040124,298,37,9,28,261,26,235,12.416107382550337,3.0201342281879198,9.395973154362416,87.58389261744966,8.724832214765101,78.85906040268456
E00040125,282,36,10,26,246,32,214,12.76595744680851,3.546099290780142,9.219858156028367,87.2340425531915,11.347517730496454,75.88652482269504
E00040126,216,38,16,22,178,20,158,17.59259259259259,7.4074074074074066,10.185185185185185,82.4074074074074,9.25925925925926,73.14814814814815
E00040127,195,61,30,31,134,16,118,31.28205128205128,15.384615384615385,15.897435897435896,68.71794871794872,8.205128205128204,60.51282051282051
E00040128,256,67,30,37,189,8,181,26.171875,11.71875,14.453125,73.828125,3.125,70.703125
E00040129,225,53,23,30,172,11,161,23.555555555555554,10.222222222222223,13.333333333333334,76.44444444444444,4.888888888888889,71.55555555555554
E00040130,276,73,38,35,203,21,182,26.44927536231884,13.768115942028986,12.681159420289855,73.55072463768117,7.608695652173914,65.94202898550725
E00040131,261,74,33,41,187,19,168,28.35249042145594,12.643678160919542,15.708812260536398,71.64750957854406,7.2796934865900385,64.36781609195403
E00040132,321,60,23,37,261,32,229,18.69158878504673,7.165109034267912,11.526479750778815,81.30841121495327,9.968847352024921,71.33956386292834
E00040133,260,30,11,19,230,21,209,11.538461538461538,4.230769230769231,7.307692307692308,88.46153846153845,8.076923076923077,80.38461538461539
E00040134,247,64,33,31,183,17,166,25.910931174089068,13.360323886639677,12.550607287449392,74.08906882591093,6.882591093117409,67.20647773279353
E00040135,357,35,17,18,322,38,284,9.803921568627452,4.761904761904762,5.042016806722689,90.19607843137256,10.644257703081232,79.55182072829132
E00040136,346,48,20,28,298,25,273,13.872832369942195,5.780346820809249,8.092485549132949,86.1271676300578,7.225433526011561,78.90173410404624
E00040137,334,43,13,30,291,33,258,12.874251497005988,3.8922155688622757,8.982035928143713,87.12574850299401,9.880239520958083,77.24550898203593
E00040138,296,29,8,21,267,32,235,9.797297297297296,2.7027027027027026,7.094594594594595,90.2027027027027,10.81081081081081,79.3918918918919
E00040139,179,38,18,20,141,24,117,21.22905027932961,10.05586592178771,11.1731843575419,78.77094972067039,13.40782122905028,65.36312849162012
E00040140,312,36,9,27,276,31,245,11.538461538461538,2.8846153846153846,8.653846153846153,88.46153846153845,9.935897435897436,78.52564102564102
E00040141,304,38,15,23,266,31,235,12.5,4.934210526315789,7.565789473684211,87.5,10.197368421052632,77.30263157894737
E00040142,283,47,18,29,236,17,219,16.607773851590103,6.36042402826855,10.247349823321555,83.3922261484099,6.007067137809187,77.3851590106007
E00040143,328,47,15,32,281,25,256,14.329268292682926,4.573170731707317,9.75609756097561,85.67073170731707,7.621951219512195,78.04878048780488
E00040144,397,101,58,43,296,31,265,25.440806045340054,14.609571788413097,10.831234256926953,74.55919395465995,7.8085642317380355,66.75062972292191
E00040145,185,61,28,33,124,11,113,32.972972972972975,15.135135135135137,17.83783783783784,67.02702702702703,5.9459459459459465,61.08108108108108
E00040146,289,89,41,48,200,24,176,30.79584775086505,14.186851211072666,16.608996539792386,69.20415224913495,8.304498269896193,60.89965397923876
E00040147,351,44,17,27,307,36,271,12.535612535612536,4.843304843304843,7.6923076923076925,87.46438746438746,10.256410256410255,77.20797720797721
E00040148,259,49,10,39,210,22,188,18.91891891891892,3.861003861003861,15.057915057915059,81.08108108108108,8.494208494208493,72.58687258687259
E00040149,317,62,29,33,255,31,224,19.558359621451103,9.14826498422713,10.410094637223976,80.4416403785489,9.779179810725552,70.66246056782335
E00040150,290,52,23,29,238,31,207,17.93103448275862,7.931034482758621,10,82.06896551724138,10.689655172413794,71.37931034482759
E00040151,324,58,22,36,266,26,240,17.901234567901234,6.790123456790123,11.11111111111111,82.09876543209876,8.024691358024691,74.07407407407408
E00040152,267,52,15,37,215,26,189,19.475655430711612,5.617977528089887,13.857677902621724,80.52434456928839,9.737827715355806,70.78651685393258
E00040153,374,40,8,32,334,37,297,10.695187165775401,2.13903743315508,8.55614973262032,89.3048128342246,9.893048128342247,79.41176470588235
E00040154,270,48,19,29,222,26,196,17.77777777777778,7.037037037037037,10.74074074074074,82.22222222222221,9.62962962962963,72.5925925925926
E00040155,264,33,11,22,231,26,205,12.5,4.166666666666666,8.333333333333332,87.5,9.848484848484848,77.65151515151516
E00040156,269,33,8,25,236,27,209,12.267657992565056,2.973977695167286,9.293680297397769,87.73234200743495,10.037174721189592,77.69516728624535
E00040157,283,28,6,22,255,24,231,9.89399293286219,2.1201413427561837,7.773851590106007,90.10600706713781,8.480565371024735,81.62544169611307
E00040158,304,29,11,18,275,33,242,9.539473684210527,3.618421052631579,5.921052631578947,90.46052631578947,10.855263157894738,79.60526315789474
E00040159,363,57,19,38,306,37,269,15.702479338842975,5.234159779614325,10.46831955922865,84.29752066115702,10.192837465564738,74.10468319559229
E00040160,346,58,19,39,288,35,253,16.76300578034682,5.491329479768786,11.271676300578035,83.23699421965318,10.115606936416185,73.121387283237
E00040161,345,72,29,43,273,25,248,20.869565217391305,8.405797101449275,12.46376811594203,79.13043478260869,7.246376811594203,71.8840579710145
E00040162,376,51,20,31,325,42,283,13.563829787234042,5.319148936170213,8.24468085106383,86.43617021276596,11.170212765957446,75.2659574468085
E00040163,523,98,48,50,425,43,382,18.738049713193117,9.177820267686425,9.560229445506693,81.26195028680688,8.221797323135755,73.04015296367112
E00040164,289,54,17,37,235,33,202,18.685121107266436,5.88235294117647,12.802768166089965,81.31487889273356,11.418685121107266,69.8961937716263
E00040165,387,38,10,28,349,30,319,9.819121447028424,2.5839793281653747,7.235142118863049,90.18087855297158,7.751937984496124,82.42894056847545
E00040166,280,53,24,29,227,27,200,18.928571428571427,8.571428571428571,10.357142857142858,81.07142857142857,9.642857142857144,71.42857142857143
E00040167,349,54,14,40,295,43,252,15.472779369627506,4.011461318051576,11.461318051575931,84.5272206303725,12.320916905444127,72.20630372492836
E00040168,297,37,13,24,260,35,225,12.457912457912458,4.377104377104377,8.080808080808081,87.54208754208754,11.784511784511785,75.75757575757575
E00040169,353,42,6,36,311,34,277,11.89801699716714,1.69971671388102,10.198300283286118,88.10198300283287,9.631728045325778,78.47025495750708
E00040170,372,60,27,33,312,36,276,16.129032258064516,7.258064516129033,8.870967741935484,83.87096774193549,9.67741935483871,74.19354838709677
E00040171,423,88,43,45,335,33,302,20.803782505910164,10.16548463356974,10.638297872340425,79.19621749408984,7.801418439716312,71.39479905437352
E00040172,277,30,7,23,247,34,213,10.830324909747292,2.527075812274368,8.303249097472925,89.16967509025271,12.274368231046932,76.89530685920577
E00040173,476,82,31,51,394,31,363,17.22689075630252,6.512605042016808,10.714285714285714,82.77310924369748,6.512605042016808,76.26050420168067
E00040174,314,45,16,29,269,28,241,14.331210191082802,5.095541401273886,9.235668789808917,85.6687898089172,8.9171974522293,76.75159235668791
E00040175,359,48,18,30,311,37,274,13.370473537604457,5.013927576601671,8.356545961002785,86.62952646239555,10.30640668523677,76.32311977715878
E00040176,361,52,6,46,309,40,269,14.40443213296399,1.662049861495845,12.742382271468145,85.59556786703601,11.080332409972298,74.51523545706371
E00040177,410,46,13,33,364,54,310,11.219512195121952,3.1707317073170733,8.048780487804878,88.78048780487805,13.170731707317074,75.60975609756098
E00040178,314,35,8,27,279,38,241,11.146496815286625,2.547770700636943,8.598726114649681,88.85350318471338,12.101910828025478,76.75159235668791
E00040179,186,46,19,27,140,8,132,24.731182795698924,10.21505376344086,14.516129032258066,75.26881720430107,4.301075268817205,70.96774193548387
E00040180,303,39,8,31,264,34,230,12.871287128712872,2.6402640264026402,10.231023102310232,87.12871287128714,11.221122112211221,75.9075907590759
E00040181,289,43,16,27,246,33,213,14.878892733564014,5.536332179930796,9.342560553633218,85.12110726643598,11.418685121107266,73.70242214532871
E00040182,303,34,10,24,269,24,245,11.221122112211221,3.3003300330033,7.920792079207921,88.77887788778878,7.920792079207921,80.85808580858085
E00040183,297,34,11,23,263,26,237,11.447811447811448,3.7037037037037033,7.744107744107744,88.55218855218855,8.754208754208754,79.7979797979798
E00040184,320,47,17,30,273,40,233,14.6875,5.3125,9.375,85.3125,12.5,72.8125
E00040185,315,38,11,27,277,27,250,12.063492063492063,3.492063492063492,8.571428571428571,87.93650793650794,8.571428571428571,79.36507936507937
E00040186,244,39,13,26,205,18,187,15.983606557377051,5.327868852459016,10.655737704918032,84.01639344262296,7.377049180327869,76.63934426229508
E00040187,330,61,9,52,269,29,240,18.484848484848484,2.727272727272727,15.757575757575756,81.51515151515152,8.787878787878787,72.72727272727273
E00040188,321,31,5,26,290,29,261,9.657320872274143,1.557632398753894,8.09968847352025,90.34267912772586,9.034267912772584,81.30841121495327
E00040189,241,27,7,20,214,24,190,11.20331950207469,2.904564315352697,8.29875518672199,88.79668049792531,9.95850622406639,78.83817427385893
E00040190,234,45,18,27,189,20,169,19.230769230769234,7.6923076923076925,11.538461538461538,80.76923076923077,8.547008547008547,72.22222222222221
E00040191,279,42,11,31,237,28,209,15.053763440860216,3.942652329749104,11.11111111111111,84.94623655913979,10.03584229390681,74.91039426523297
E00040192,260,28,10,18,232,33,199,10.76923076923077,3.8461538461538463,6.923076923076923,89.23076923076924,12.692307692307692,76.53846153846153
E00040193,327,26,7,19,301,43,258,7.951070336391437,2.1406727828746175,5.81039755351682,92.04892966360856,13.149847094801222,78.89908256880734
E00040194,299,64,19,45,235,29,206,21.40468227424749,6.354515050167224,15.050167224080269,78.59531772575251,9.698996655518394,68.89632107023411
E00040195,334,43,7,36,291,42,249,12.874251497005988,2.095808383233533,10.778443113772456,87.12574850299401,12.574850299401197,74.55089820359282
E00040196,365,76,25,51,289,40,249,20.82191780821918,6.8493150684931505,13.972602739726028,79.17808219178082,10.95890410958904,68.21917808219177
E00040197,218,51,23,28,167,21,146,23.394495412844037,10.550458715596331,12.844036697247708,76.60550458715596,9.63302752293578,66.97247706422019
E00040198,367,54,18,36,313,43,270,14.713896457765669,4.904632152588556,9.809264305177113,85.28610354223434,11.716621253405995,73.56948228882834
E00040199,320,41,17,24,279,25,254,12.812499999999998,5.3125,7.5,87.1875,7.8125,79.375
E00040200,490,58,11,47,432,60,372,11.83673469387755,2.2448979591836733,9.591836734693878,88.16326530612245,12.244897959183673,75.91836734693878
E00040201,266,32,10,22,234,30,204,12.030075187969924,3.7593984962406015,8.270676691729323,87.96992481203007,11.278195488721805,76.69172932330827
E00040202,367,40,11,29,327,38,289,10.899182561307901,2.997275204359673,7.901907356948229,89.10081743869209,10.354223433242508,78.7465940054496
E00040203,409,54,17,37,355,32,323,13.202933985330073,4.156479217603912,9.04645476772616,86.79706601466992,7.823960880195599,78.97310513447434
E00040204,273,41,16,25,232,31,201,15.018315018315018,5.86080586080586,9.157509157509157,84.98168498168498,11.355311355311356,73.62637362637363
E00040205,323,50,15,35,273,26,247,15.479876160990713,4.643962848297214,10.8359133126935,84.52012383900929,8.04953560371517,76.47058823529412
E00040206,320,38,7,31,282,36,246,11.875,2.1875,9.6875,88.125,11.25,76.875
E00040207,288,41,15,26,247,32,215,14.23611111111111,5.208333333333334,9.027777777777777,85.76388888888889,11.11111111111111,74.65277777777779
E00040208,373,63,17,46,310,36,274,16.890080428954423,4.557640750670242,12.332439678284182,83.10991957104558,9.651474530831099,73.45844504021449
E00040209,431,45,15,30,386,36,350,10.440835266821345,3.480278422273782,6.960556844547564,89.55916473317865,8.352668213457076,81.20649651972158
E00040210,333,38,12,26,295,40,255,11.411411411411411,3.6036036036036037,7.807807807807808,88.58858858858859,12.012012012012011,76.57657657657657
E00040211,197,52,17,35,145,25,120,26.39593908629442,8.629441624365482,17.766497461928935,73.60406091370558,12.690355329949238,60.913705583756354
E00040212,389,64,21,43,325,35,290,16.452442159383033,5.3984575835475574,11.053984575835475,83.54755784061697,8.997429305912597,74.55012853470437
E00040213,363,45,14,31,318,40,278,12.396694214876034,3.8567493112947657,8.539944903581267,87.60330578512396,11.019283746556475,76.5840220385675
E00040214,310,47,16,31,263,39,224,15.161290322580644,5.161290322580645,10,84.83870967741936,12.580645161290322,72.25806451612902
E00040215,332,40,11,29,292,43,249,12.048192771084338,3.313253012048193,8.734939759036145,87.95180722891565,12.951807228915662,75
E00040216,402,53,30,23,349,8,341,13.184079601990051,7.462686567164178,5.721393034825871,86.81592039800995,1.9900497512437811,84.82587064676616
E00040217,252,45,19,26,207,18,189,17.857142857142858,7.5396825396825395,10.317460317460316,82.14285714285714,7.142857142857142,75
E00040218,490,66,43,23,424,13,411,13.46938775510204,8.775510204081632,4.6938775510204085,86.53061224489797,2.6530612244897958,83.87755102040816
E00040219,313,86,40,46,227,15,212,27.47603833865815,12.779552715654951,14.696485623003195,72.52396166134186,4.792332268370607,67.73162939297124
E00040221,317,114,54,60,203,18,185,35.96214511041009,17.034700315457414,18.92744479495268,64.03785488958991,5.678233438485805,58.359621451104104
E00040222,299,74,33,41,225,14,211,24.74916387959866,11.036789297658862,13.712374581939798,75.25083612040135,4.682274247491638,70.5685618729097
E00040223,399,140,96,44,259,19,240,35.08771929824561,24.06015037593985,11.027568922305765,64.91228070175438,4.761904761904762,60.150375939849624
E00040224,253,76,39,37,177,16,161,30.039525691699602,15.41501976284585,14.624505928853754,69.96047430830039,6.324110671936759,63.63636363636363
E00040225,185,64,33,31,121,10,111,34.5945945945946,17.83783783783784,16.756756756756758,65.4054054054054,5.405405405405405,60
E00040226,178,80,46,34,98,11,87,44.9438202247191,25.842696629213485,19.101123595505616,55.0561797752809,6.179775280898876,48.87640449438202
E00040227,281,80,37,43,201,19,182,28.46975088967972,13.167259786476867,15.302491103202847,71.53024911032028,6.761565836298933,64.76868327402136
E00040228,288,63,25,38,225,23,202,21.875,8.680555555555555,13.194444444444445,78.125,7.986111111111111,70.13888888888889
E00040229,481,58,34,24,423,15,408,12.058212058212058,7.0686070686070686,4.98960498960499,87.94178794178794,3.118503118503119,84.82328482328482
E00040230,270,87,43,44,183,6,177,32.22222222222222,15.925925925925927,16.296296296296298,67.77777777777779,2.2222222222222223,65.55555555555556
E00040231,349,78,43,35,271,20,251,22.349570200573066,12.320916905444127,10.028653295128938,77.65042979942693,5.730659025787966,71.91977077363897
E00040232,327,69,41,28,258,13,245,21.100917431192663,12.538226299694188,8.56269113149847,78.89908256880734,3.9755351681957185,74.92354740061162
E00040233,333,73,40,33,260,16,244,21.92192192192192,12.012012012012011,9.90990990990991,78.07807807807808,4.804804804804805,73.27327327327328
E00040234,231,98,47,51,133,19,114,42.42424242424242,20.346320346320347,22.07792207792208,57.57575757575758,8.225108225108226,49.35064935064935
E00040235,310,98,50,48,212,14,198,31.61290322580645,16.129032258064516,15.483870967741936,68.38709677419355,4.516129032258064,63.87096774193548
E00040236,420,64,28,36,356,21,335,15.238095238095239,6.666666666666667,8.571428571428571,84.76190476190476,5,79.76190476190477
E00040237,430,46,21,25,384,15,369,10.69767441860465,4.883720930232558,5.813953488372093,89.30232558139535,3.488372093023256,85.81395348837209
E00040238,418,51,28,23,367,17,350,12.200956937799043,6.698564593301436,5.502392344497608,87.79904306220095,4.0669856459330145,83.73205741626795
E00040239,344,119,79,40,225,13,212,34.593023255813954,22.96511627906977,11.627906976744185,65.40697674418605,3.77906976744186,61.627906976744185
E00040240,425,117,84,33,308,11,297,27.52941176470588,19.76470588235294,7.764705882352942,72.47058823529412,2.588235294117647,69.88235294117648
E00040241,329,61,34,27,268,9,259,18.541033434650455,10.33434650455927,8.206686930091186,81.45896656534954,2.735562310030395,78.72340425531915
E00040242,368,44,25,19,324,6,318,11.956521739130435,6.7934782608695645,5.163043478260869,88.04347826086956,1.6304347826086956,86.41304347826086
E00040243,291,86,46,40,205,14,191,29.553264604810998,15.807560137457044,13.745704467353953,70.44673539518901,4.810996563573884,65.63573883161511
E00040244,261,81,49,32,180,10,170,31.03448275862069,18.773946360153257,12.260536398467432,68.96551724137932,3.8314176245210727,65.13409961685824
E00040245,375,56,27,29,319,10,309,14.933333333333335,7.199999999999999,7.733333333333333,85.06666666666666,2.666666666666667,82.39999999999999
E00040246,379,98,34,64,281,22,259,25.857519788918204,8.970976253298153,16.886543535620053,74.14248021108179,5.804749340369393,68.33773087071239
E00040247,452,71,40,31,381,11,370,15.70796460176991,8.849557522123893,6.8584070796460175,84.2920353982301,2.433628318584071,81.85840707964603
E00040248,384,57,30,27,327,15,312,14.84375,7.8125,7.03125,85.15625,3.90625,81.25
E00040249,449,59,38,21,390,0,390,13.140311804008908,8.463251670378618,4.67706013363029,86.8596881959911,0,86.8596881959911
E00040250,359,32,17,15,327,9,318,8.913649025069638,4.735376044568245,4.178272980501393,91.08635097493037,2.5069637883008355,88.57938718662952
E00040251,317,32,15,17,285,10,275,10.094637223974763,4.73186119873817,5.3627760252365935,89.90536277602523,3.1545741324921135,86.75078864353313
E00040252,353,45,26,19,308,9,299,12.747875354107649,7.365439093484419,5.382436260623229,87.25212464589235,2.5495750708215295,84.70254957507082
E00040253,320,23,13,10,297,9,288,7.187499999999999,4.0625,3.125,92.8125,2.8125,90
E00040254,276,62,29,33,214,22,192,22.463768115942027,10.507246376811594,11.956521739130435,77.53623188405797,7.971014492753622,69.56521739130434
E00040255,447,94,52,42,353,21,332,21.02908277404922,11.6331096196868,9.395973154362416,78.97091722595079,4.697986577181208,74.27293064876957
E00040256,317,70,38,32,247,17,230,22.082018927444793,11.987381703470032,10.094637223974763,77.91798107255521,5.3627760252365935,72.55520504731862
E00040257,297,68,39,29,229,11,218,22.895622895622896,13.131313131313133,9.764309764309765,77.10437710437711,3.7037037037037033,73.4006734006734
E00040258,303,55,34,21,248,14,234,18.151815181518153,11.221122112211221,6.9306930693069315,81.84818481848185,4.62046204620462,77.22772277227723
E00040259,254,61,33,28,193,12,181,24.015748031496063,12.992125984251967,11.023622047244094,75.98425196850394,4.724409448818897,71.25984251968504
E00040260,170,63,27,36,107,13,94,37.05882352941177,15.88235294117647,21.176470588235293,62.94117647058823,7.647058823529412,55.294117647058826
E00040261,398,73,39,34,325,12,313,18.341708542713565,9.798994974874372,8.542713567839195,81.65829145728644,3.015075376884422,78.64321608040201
E00040262,280,52,29,23,228,16,212,18.571428571428573,10.357142857142858,8.214285714285714,81.42857142857143,5.714285714285714,75.71428571428571
E00040263,332,93,42,51,239,16,223,28.012048192771083,12.650602409638553,15.36144578313253,71.98795180722891,4.819277108433735,67.16867469879519
E00040264,288,83,32,51,205,20,185,28.819444444444443,11.11111111111111,17.708333333333336,71.18055555555556,6.944444444444445,64.23611111111111
E00040265,262,77,39,38,185,19,166,29.389312977099237,14.885496183206106,14.50381679389313,70.61068702290076,7.251908396946565,63.358778625954194
E00040266,330,61,34,27,269,14,255,18.484848484848484,10.303030303030303,8.181818181818182,81.51515151515152,4.242424242424243,77.27272727272727
E00040267,281,83,46,37,198,16,182,29.537366548042705,16.370106761565836,13.167259786476867,70.46263345195729,5.6939501779359425,64.76868327402136
E00040268,346,73,42,31,273,17,256,21.09826589595376,12.138728323699421,8.959537572254336,78.90173410404624,4.913294797687861,73.98843930635837
E00040269,278,79,39,40,199,21,178,28.41726618705036,14.028776978417264,14.388489208633093,71.58273381294964,7.553956834532374,64.02877697841727
E00040270,449,70,42,28,379,20,359,15.590200445434299,9.35412026726058,6.23608017817372,84.4097995545657,4.4543429844097995,79.9554565701559
E00040271,325,87,53,34,238,26,212,26.769230769230766,16.307692307692307,10.461538461538462,73.23076923076923,8,65.23076923076923
E00040272,393,64,20,44,329,40,289,16.28498727735369,5.089058524173027,11.195928753180661,83.7150127226463,10.178117048346055,73.53689567430025
E00040273,365,40,12,28,325,23,302,10.95890410958904,3.287671232876712,7.671232876712329,89.04109589041096,6.301369863013699,82.73972602739727
E00040274,274,42,15,27,232,34,198,15.328467153284672,5.474452554744526,9.854014598540147,84.67153284671532,12.408759124087592,72.26277372262774
E00040275,176,58,31,27,118,14,104,32.95454545454545,17.613636363636363,15.340909090909092,67.04545454545455,7.954545454545454,59.09090909090909
E00040276,233,36,14,22,197,28,169,15.450643776824036,6.008583690987124,9.44206008583691,84.54935622317596,12.017167381974248,72.53218884120172
E00040277,363,54,16,38,309,28,281,14.87603305785124,4.40771349862259,10.46831955922865,85.12396694214877,7.7134986225895315,77.41046831955923
E00040278,343,43,14,29,300,36,264,12.536443148688047,4.081632653061225,8.454810495626822,87.46355685131195,10.495626822157435,76.96793002915452
E00040279,298,50,13,37,248,30,218,16.778523489932887,4.3624161073825505,12.416107382550337,83.22147651006712,10.06711409395973,73.15436241610739
E00040280,411,63,13,50,348,45,303,15.328467153284672,3.1630170316301705,12.165450121654501,84.67153284671532,10.948905109489052,73.72262773722628
E00040281,302,46,19,27,256,21,235,15.2317880794702,6.291390728476822,8.940397350993377,84.76821192052981,6.95364238410596,77.81456953642383
E00040282,276,36,12,24,240,33,207,13.043478260869565,4.3478260869565215,8.695652173913043,86.95652173913044,11.956521739130435,75
E00040283,247,40,15,25,207,23,184,16.194331983805668,6.0728744939271255,10.121457489878543,83.80566801619433,9.31174089068826,74.49392712550608
E00040284,339,65,26,39,274,24,250,19.174041297935105,7.669616519174041,11.504424778761061,80.8259587020649,7.079646017699115,73.74631268436578
E00040285,381,43,12,31,338,31,307,11.286089238845145,3.149606299212598,8.136482939632545,88.71391076115486,8.136482939632545,80.5774278215223
E00040286,252,56,19,37,196,32,164,22.22222222222222,7.5396825396825395,14.682539682539684,77.77777777777779,12.698412698412698,65.07936507936508
E00040287,166,67,33,34,99,16,83,40.36144578313253,19.879518072289155,20.481927710843372,59.63855421686747,9.63855421686747,50
E00040289,366,42,14,28,324,29,295,11.475409836065573,3.825136612021858,7.650273224043716,88.52459016393442,7.923497267759563,80.60109289617486
E00040290,277,60,16,44,217,27,190,21.660649819494584,5.776173285198556,15.884476534296029,78.33935018050542,9.747292418772563,68.59205776173285
E00040291,276,47,13,34,229,22,207,17.02898550724638,4.710144927536232,12.318840579710146,82.97101449275362,7.971014492753622,75
E00040292,341,39,8,31,302,39,263,11.436950146627565,2.346041055718475,9.090909090909092,88.56304985337243,11.436950146627565,77.12609970674487
E00040293,311,58,21,37,253,36,217,18.64951768488746,6.752411575562702,11.89710610932476,81.35048231511254,11.57556270096463,69.77491961414792
E00040294,375,54,20,34,321,37,284,14.399999999999999,5.333333333333334,9.066666666666666,85.6,9.866666666666667,75.73333333333333
E00040295,280,32,6,26,248,29,219,11.428571428571429,2.142857142857143,9.285714285714286,88.57142857142857,10.357142857142858,78.21428571428571
E00040296,352,56,17,39,296,35,261,15.909090909090908,4.829545454545454,11.079545454545455,84.0909090909091,9.943181818181818,74.14772727272727
E00040297,299,47,12,35,252,31,221,15.719063545150503,4.013377926421405,11.705685618729097,84.2809364548495,10.367892976588628,73.91304347826086
E00040298,354,49,12,37,305,47,258,13.841807909604519,3.389830508474576,10.451977401129943,86.15819209039547,13.27683615819209,72.88135593220339
E00040299,299,42,16,26,257,35,222,14.046822742474916,5.351170568561873,8.695652173913043,85.95317725752508,11.705685618729097,74.24749163879598
E00040300,245,27,5,22,218,18,200,11.020408163265307,2.0408163265306123,8.979591836734693,88.9795918367347,7.346938775510205,81.63265306122449
E00040301,303,53,15,38,250,34,216,17.491749174917494,4.9504950495049505,12.541254125412541,82.50825082508251,11.221122112211221,71.28712871287128
E00040302,298,43,14,29,255,26,229,14.429530201342283,4.697986577181208,9.731543624161073,85.57046979865773,8.724832214765101,76.84563758389261
E00040303,343,54,12,42,289,45,244,15.743440233236154,3.498542274052478,12.244897959183673,84.25655976676384,13.119533527696792,71.13702623906705
E00040304,260,28,3,25,232,23,209,10.76923076923077,1.153846153846154,9.615384615384617,89.23076923076924,8.846153846153847,80.38461538461539
E00040305,199,31,7,24,168,22,146,15.577889447236181,3.5175879396984926,12.060301507537687,84.42211055276381,11.055276381909549,73.36683417085426
E00040306,297,44,13,31,253,40,213,14.814814814814813,4.377104377104377,10.437710437710438,85.18518518518519,13.468013468013467,71.71717171717171
E00040307,215,50,17,33,165,20,145,23.25581395348837,7.906976744186046,15.348837209302326,76.74418604651163,9.30232558139535,67.44186046511628
E00040308,304,46,17,29,258,30,228,15.131578947368421,5.592105263157895,9.539473684210527,84.86842105263158,9.868421052631579,75
E00040309,218,34,13,21,184,23,161,15.59633027522936,5.963302752293578,9.63302752293578,84.40366972477065,10.550458715596331,73.85321100917432
E00040310,183,30,8,22,153,19,134,16.39344262295082,4.371584699453552,12.021857923497267,83.60655737704919,10.382513661202186,73.224043715847
E00040311,285,41,8,33,244,31,213,14.385964912280702,2.807017543859649,11.578947368421053,85.6140350877193,10.87719298245614,74.73684210526315
E00040312,333,38,13,25,295,37,258,11.411411411411411,3.903903903903904,7.5075075075075075,88.58858858858859,11.11111111111111,77.47747747747748
E00040313,324,54,16,38,270,31,239,16.666666666666664,4.938271604938271,11.728395061728394,83.33333333333334,9.5679012345679,73.76543209876543
E00040314,178,71,38,33,107,7,100,39.8876404494382,21.34831460674157,18.53932584269663,60.1123595505618,3.932584269662921,56.17977528089888
E00040315,278,38,14,24,240,28,212,13.66906474820144,5.0359712230215825,8.633093525179856,86.33093525179856,10.071942446043165,76.2589928057554
E00040316,323,47,14,33,276,34,242,14.551083591331269,4.3343653250774,10.21671826625387,85.44891640866872,10.526315789473683,74.92260061919505
E00040317,255,50,16,34,205,20,185,19.607843137254903,6.2745098039215685,13.333333333333334,80.3921568627451,7.8431372549019605,72.54901960784314
E00040318,297,39,13,26,258,26,232,13.131313131313133,4.377104377104377,8.754208754208754,86.86868686868688,8.754208754208754,78.11447811447812
E00040319,248,36,10,26,212,34,178,14.516129032258066,4.032258064516129,10.483870967741936,85.48387096774194,13.709677419354838,71.7741935483871
E00040320,303,43,14,29,260,23,237,14.19141914191419,4.62046204620462,9.570957095709572,85.8085808580858,7.590759075907591,78.21782178217822
E00040321,296,34,9,25,262,32,230,11.486486486486488,3.040540540540541,8.445945945945946,88.51351351351352,10.81081081081081,77.7027027027027
E00040322,323,71,34,37,252,25,227,21.981424148606813,10.526315789473683,11.455108359133128,78.0185758513932,7.739938080495357,70.27863777089783
E00040323,308,33,6,27,275,26,249,10.714285714285714,1.948051948051948,8.766233766233766,89.28571428571429,8.441558441558442,80.84415584415584
E00040325,358,44,10,34,314,29,285,12.290502793296088,2.793296089385475,9.497206703910614,87.70949720670392,8.100558659217876,79.60893854748603
E00040326,316,39,16,23,277,28,249,12.341772151898734,5.063291139240507,7.2784810126582276,87.65822784810126,8.860759493670885,78.79746835443038
E00040327,246,32,9,23,214,21,193,13.008130081300814,3.6585365853658534,9.34959349593496,86.99186991869918,8.536585365853659,78.45528455284553
E00040328,318,75,26,49,243,27,216,23.58490566037736,8.176100628930817,15.40880503144654,76.41509433962264,8.49056603773585,67.9245283018868
E00040329,293,36,8,28,257,24,233,12.286689419795222,2.7303754266211606,9.556313993174061,87.71331058020478,8.19112627986348,79.5221843003413
E00040331,348,33,15,18,315,45,270,9.482758620689655,4.310344827586207,5.172413793103448,90.51724137931035,12.931034482758621,77.58620689655173
E00040332,278,60,23,37,218,24,194,21.58273381294964,8.273381294964029,13.309352517985612,78.41726618705036,8.633093525179856,69.7841726618705
E00040333,309,38,12,26,271,33,238,12.297734627831716,3.8834951456310676,8.414239482200648,87.70226537216828,10.679611650485436,77.02265372168284
E00040334,295,51,12,39,244,13,231,17.28813559322034,4.067796610169491,13.220338983050848,82.71186440677965,4.406779661016949,78.30508474576271
E00040335,332,52,20,32,280,15,265,15.66265060240964,6.024096385542169,9.63855421686747,84.33734939759037,4.518072289156627,79.81927710843374
E00040336,310,57,18,39,253,25,228,18.387096774193548,5.806451612903226,12.580645161290322,81.61290322580645,8.064516129032258,73.54838709677419
E00040337,268,53,19,34,215,24,191,19.776119402985074,7.08955223880597,12.686567164179104,80.22388059701493,8.955223880597014,71.26865671641791
E00040338,228,43,23,20,185,17,168,18.859649122807017,10.087719298245613,8.771929824561402,81.14035087719299,7.456140350877193,73.68421052631578
E00040339,285,36,12,24,249,28,221,12.631578947368421,4.2105263157894735,8.421052631578947,87.36842105263159,9.824561403508772,77.54385964912281
E00040340,344,45,11,34,299,20,279,13.08139534883721,3.1976744186046515,9.883720930232558,86.9186046511628,5.813953488372093,81.1046511627907
E00040341,263,88,49,39,175,12,163,33.460076045627375,18.631178707224336,14.82889733840304,66.53992395437263,4.562737642585551,61.97718631178707
E00040342,301,66,27,39,235,24,211,21.92691029900332,8.970099667774086,12.956810631229235,78.07308970099668,7.973421926910299,70.09966777408638
E00040343,334,96,45,51,238,22,216,28.74251497005988,13.47305389221557,15.269461077844312,71.25748502994011,6.58682634730539,64.67065868263472
E00040344,248,53,17,36,195,15,180,21.370967741935484,6.854838709677419,14.516129032258066,78.62903225806451,6.048387096774194,72.58064516129032
E00040345,307,77,37,40,230,15,215,25.0814332247557,12.052117263843648,13.029315960912053,74.9185667752443,4.88599348534202,70.03257328990227
E00040346,207,72,39,33,135,17,118,34.78260869565217,18.84057971014493,15.942028985507244,65.21739130434783,8.212560386473431,57.00483091787439
E00040347,251,86,47,39,165,12,153,34.26294820717131,18.725099601593627,15.53784860557769,65.73705179282868,4.780876494023905,60.95617529880478
E00040348,132,52,27,25,80,11,69,39.39393939393939,20.454545454545457,18.939393939393938,60.60606060606061,8.333333333333332,52.27272727272727
E00040349,325,58,27,31,267,19,248,17.846153846153847,8.307692307692308,9.538461538461538,82.15384615384616,5.846153846153846,76.3076923076923
E00040350,296,64,26,38,232,18,214,21.62162162162162,8.783783783783784,12.837837837837837,78.37837837837837,6.081081081081082,72.2972972972973
E00040351,237,45,18,27,192,20,172,18.9873417721519,7.59493670886076,11.39240506329114,81.0126582278481,8.438818565400844,72.57383966244726
E00040352,336,101,39,62,235,18,217,30.059523809523807,11.607142857142858,18.452380952380953,69.94047619047619,5.357142857142857,64.58333333333334
E00040353,186,50,29,21,136,17,119,26.881720430107524,15.591397849462366,11.29032258064516,73.11827956989248,9.13978494623656,63.97849462365591
E00040354,333,86,38,48,247,23,224,25.825825825825827,11.411411411411411,14.414414414414415,74.17417417417418,6.906906906906906,67.26726726726727
E00040355,334,90,30,60,244,14,230,26.94610778443114,8.982035928143713,17.964071856287426,73.05389221556887,4.191616766467066,68.8622754491018
E00040356,360,87,46,41,273,19,254,24.166666666666668,12.777777777777777,11.38888888888889,75.83333333333333,5.277777777777778,70.55555555555556
E00040357,277,56,25,31,221,20,201,20.216606498194945,9.025270758122744,11.191335740072201,79.78339350180505,7.2202166064981945,72.56317689530685
E00040358,336,79,39,40,257,23,234,23.511904761904763,11.607142857142858,11.904761904761903,76.48809523809523,6.845238095238096,69.64285714285714
E00040359,274,58,25,33,216,25,191,21.16788321167883,9.124087591240876,12.043795620437956,78.83211678832117,9.124087591240876,69.7080291970803
E00040360,291,72,30,42,219,16,203,24.742268041237114,10.309278350515463,14.432989690721648,75.25773195876289,5.498281786941581,69.7594501718213
E00040361,289,43,13,30,246,26,220,14.878892733564014,4.498269896193772,10.380622837370241,85.12110726643598,8.996539792387544,76.12456747404845
E00040362,274,62,27,35,212,22,190,22.62773722627737,9.854014598540147,12.773722627737227,77.37226277372264,8.02919708029197,69.34306569343066
E00040363,344,57,21,36,287,18,269,16.569767441860463,6.104651162790697,10.465116279069768,83.43023255813954,5.232558139534884,78.19767441860465
E00040364,241,61,43,18,180,16,164,25.311203319502074,17.842323651452283,7.468879668049793,74.68879668049793,6.639004149377594,68.04979253112033
E00040365,291,58,28,30,233,30,203,19.93127147766323,9.621993127147768,10.309278350515463,80.06872852233677,10.309278350515463,69.7594501718213
E00040366,345,87,38,49,258,20,238,25.217391304347824,11.014492753623188,14.202898550724639,74.78260869565217,5.797101449275362,68.98550724637681
E00040368,282,76,32,44,206,10,196,26.95035460992908,11.347517730496454,15.602836879432624,73.04964539007092,3.546099290780142,69.50354609929079
E00040369,345,93,53,40,252,24,228,26.956521739130434,15.36231884057971,11.594202898550725,73.04347826086956,6.956521739130435,66.08695652173913
E00040370,284,41,16,25,243,29,214,14.43661971830986,5.633802816901409,8.80281690140845,85.56338028169014,10.211267605633804,75.35211267605634
E00040371,264,50,20,30,214,22,192,18.939393939393938,7.575757575757576,11.363636363636363,81.06060606060606,8.333333333333332,72.72727272727273
E00040372,181,36,16,20,145,9,136,19.88950276243094,8.83977900552486,11.049723756906078,80.11049723756905,4.972375690607735,75.13812154696133
E00040373,211,55,19,36,156,13,143,26.066350710900476,9.004739336492891,17.061611374407583,73.93364928909952,6.161137440758294,67.77251184834124
E00040374,228,65,33,32,163,19,144,28.50877192982456,14.473684210526317,14.035087719298245,71.49122807017544,8.333333333333332,63.1578947368421
E00040375,199,54,28,26,145,13,132,27.1356783919598,14.07035175879397,13.06532663316583,72.8643216080402,6.532663316582915,66.33165829145729
E00040376,225,53,23,30,172,14,158,23.555555555555554,10.222222222222223,13.333333333333334,76.44444444444444,6.222222222222222,70.22222222222221
E00040377,208,51,23,28,157,13,144,24.519230769230766,11.057692307692307,13.461538461538462,75.48076923076923,6.25,69.23076923076923
E00040378,191,73,46,27,118,6,112,38.21989528795812,24.083769633507853,14.136125654450263,61.78010471204188,3.1413612565445024,58.63874345549738
E00040379,244,64,22,42,180,16,164,26.229508196721312,9.01639344262295,17.21311475409836,73.77049180327869,6.557377049180328,67.21311475409836
E00040380,176,41,20,21,135,9,126,23.295454545454543,11.363636363636363,11.931818181818182,76.70454545454545,5.113636363636364,71.5909090909091
E00040381,298,68,34,34,230,31,199,22.818791946308725,11.409395973154362,11.409395973154362,77.18120805369128,10.40268456375839,66.77852348993288
E00040382,208,62,33,29,146,19,127,29.807692307692307,15.865384615384615,13.942307692307693,70.1923076923077,9.134615384615383,61.057692307692314
E00040384,214,45,18,27,169,17,152,21.02803738317757,8.411214953271028,12.616822429906541,78.97196261682244,7.943925233644859,71.02803738317756
E00040385,234,78,37,41,156,15,141,33.33333333333333,15.81196581196581,17.52136752136752,66.66666666666666,6.41025641025641,60.256410256410255
E00040386,233,86,51,35,147,12,135,36.9098712446352,21.888412017167383,15.021459227467812,63.0901287553648,5.150214592274678,57.93991416309014
E00040387,338,84,31,53,254,25,229,24.85207100591716,9.171597633136095,15.680473372781064,75.14792899408283,7.396449704142012,67.75147928994083
E00040388,238,116,76,40,122,9,113,48.739495798319325,31.932773109243694,16.80672268907563,51.26050420168067,3.7815126050420167,47.47899159663865
E00040389,296,39,17,22,257,15,242,13.175675675675674,5.743243243243244,7.4324324324324325,86.82432432432432,5.0675675675675675,81.75675675675676
E00040390,362,55,22,33,307,28,279,15.193370165745856,6.077348066298343,9.116022099447514,84.80662983425414,7.734806629834254,77.07182320441989
E00040391,382,91,52,39,291,14,277,23.82198952879581,13.612565445026178,10.209424083769633,76.17801047120419,3.664921465968586,72.5130890052356
E00040392,304,57,25,32,247,14,233,18.75,8.223684210526317,10.526315789473683,81.25,4.605263157894736,76.64473684210526
E00040393,244,52,29,23,192,14,178,21.311475409836063,11.885245901639344,9.426229508196721,78.68852459016394,5.737704918032787,72.95081967213115
E00040394,261,67,27,40,194,16,178,25.67049808429119,10.344827586206897,15.32567049808429,74.32950191570882,6.130268199233716,68.19923371647509
E00040395,346,60,14,46,286,32,254,17.341040462427745,4.046242774566474,13.294797687861271,82.65895953757226,9.248554913294797,73.41040462427746
E00040396,269,53,23,30,216,19,197,19.702602230483272,8.550185873605948,11.152416356877323,80.29739776951673,7.063197026022305,73.23420074349443
E00040397,241,44,10,34,197,17,180,18.25726141078838,4.149377593360995,14.107883817427386,81.74273858921161,7.053941908713693,74.68879668049793
E00040398,231,29,11,18,202,24,178,12.554112554112553,4.761904761904762,7.792207792207792,87.44588744588745,10.38961038961039,77.05627705627705
E00040399,319,66,20,46,253,27,226,20.689655172413794,6.269592476489027,14.420062695924765,79.3103448275862,8.463949843260188,70.84639498432603
E00040400,500,94,37,57,406,20,386,18.8,7.3999999999999995,11.4,81.2,4,77.2
E00040401,365,67,16,51,298,34,264,18.356164383561644,4.383561643835616,13.972602739726028,81.64383561643835,9.315068493150685,72.32876712328768
E00040402,258,47,20,27,211,25,186,18.217054263565892,7.751937984496124,10.465116279069768,81.78294573643412,9.689922480620156,72.09302325581395
E00040403,244,52,22,30,192,28,164,21.311475409836063,9.01639344262295,12.295081967213115,78.68852459016394,11.475409836065573,67.21311475409836
E00040404,234,75,41,34,159,10,149,32.05128205128205,17.52136752136752,14.529914529914532,67.94871794871796,4.273504273504273,63.67521367521367
E00040405,252,66,33,33,186,9,177,26.190476190476193,13.095238095238097,13.095238095238097,73.80952380952381,3.571428571428571,70.23809523809523
E00040406,329,53,15,38,276,38,238,16.109422492401215,4.5592705167173255,11.55015197568389,83.89057750759878,11.55015197568389,72.3404255319149
E00040407,334,98,46,52,236,14,222,29.34131736526946,13.77245508982036,15.568862275449103,70.65868263473054,4.191616766467066,66.46706586826348
E00040408,327,67,26,41,260,22,238,20.489296636085626,7.951070336391437,12.538226299694188,79.51070336391437,6.727828746177369,72.78287461773701
E00040409,193,30,11,19,163,20,143,15.544041450777202,5.699481865284974,9.844559585492227,84.4559585492228,10.362694300518134,74.09326424870466
E00040410,272,42,13,29,230,32,198,15.441176470588236,4.779411764705882,10.661764705882353,84.55882352941177,11.76470588235294,72.79411764705883
E00040411,505,88,35,53,417,42,375,17.425742574257423,6.9306930693069315,10.495049504950495,82.57425742574257,8.316831683168317,74.25742574257426
E00040412,310,53,16,37,257,35,222,17.096774193548388,5.161290322580645,11.935483870967742,82.9032258064516,11.29032258064516,71.61290322580646
E00040413,225,63,32,31,162,25,137,28.000000000000004,14.222222222222221,13.777777777777779,72,11.11111111111111,60.88888888888889
E00040414,274,72,44,28,202,15,187,26.277372262773724,16.05839416058394,10.218978102189782,73.72262773722628,5.474452554744526,68.24817518248175
E00040415,292,51,18,33,241,34,207,17.465753424657535,6.164383561643835,11.301369863013697,82.53424657534246,11.643835616438356,70.8904109589041
E00040416,288,84,40,44,204,12,192,29.166666666666668,13.88888888888889,15.277777777777779,70.83333333333334,4.166666666666666,66.66666666666666
E00040417,204,83,47,36,121,13,108,40.68627450980392,23.03921568627451,17.647058823529413,59.31372549019608,6.372549019607843,52.94117647058824
E00040418,263,53,30,23,210,30,180,20.15209125475285,11.406844106463879,8.745247148288973,79.84790874524715,11.406844106463879,68.44106463878326
E00040419,212,51,24,27,161,18,143,24.056603773584907,11.320754716981133,12.735849056603774,75.94339622641509,8.49056603773585,67.45283018867924
E00040420,318,61,17,44,257,31,226,19.18238993710692,5.345911949685535,13.836477987421384,80.81761006289308,9.748427672955975,71.0691823899371
E00040421,276,97,37,60,179,19,160,35.14492753623188,13.405797101449277,21.73913043478261,64.85507246376811,6.884057971014493,57.971014492753625
E00040422,210,43,17,26,167,16,151,20.476190476190474,8.095238095238095,12.380952380952381,79.52380952380952,7.6190476190476195,71.9047619047619
E00040423,358,78,19,59,280,43,237,21.787709497206702,5.307262569832402,16.480446927374302,78.2122905027933,12.011173184357542,66.20111731843575
E00040424,380,95,40,55,285,23,262,25,10.526315789473683,14.473684210526317,75,6.052631578947368,68.94736842105263
E00040425,231,42,16,26,189,18,171,18.181818181818183,6.926406926406926,11.255411255411255,81.81818181818183,7.792207792207792,74.02597402597402
E00040426,198,76,32,44,122,9,113,38.38383838383838,16.161616161616163,22.22222222222222,61.61616161616161,4.545454545454546,57.07070707070707
E00040427,344,89,42,47,255,40,215,25.872093023255815,12.209302325581394,13.662790697674417,74.12790697674419,11.627906976744185,62.5
E00040428,296,58,24,34,238,16,222,19.594594594594593,8.108108108108109,11.486486486486488,80.4054054054054,5.405405405405405,75
E00040429,241,32,12,20,209,21,188,13.278008298755188,4.979253112033195,8.29875518672199,86.72199170124482,8.71369294605809,78.00829875518673
E00040430,257,53,19,34,204,31,173,20.622568093385212,7.392996108949417,13.229571984435799,79.37743190661479,12.062256809338521,67.31517509727627
E00040431,220,75,31,44,145,16,129,34.090909090909086,14.09090909090909,20,65.9090909090909,7.2727272727272725,58.63636363636363
E00040432,328,79,32,47,249,18,231,24.085365853658537,9.75609756097561,14.329268292682926,75.91463414634147,5.487804878048781,70.42682926829268
E00040433,306,50,17,33,256,25,231,16.33986928104575,5.555555555555555,10.784313725490197,83.66013071895425,8.169934640522875,75.49019607843137
E00040434,292,47,14,33,245,28,217,16.095890410958905,4.794520547945205,11.301369863013697,83.9041095890411,9.58904109589041,74.31506849315068
E00040435,284,43,14,29,241,24,217,15.140845070422534,4.929577464788732,10.211267605633804,84.85915492957746,8.450704225352112,76.40845070422534
E00040436,335,54,21,33,281,30,251,16.119402985074625,6.26865671641791,9.850746268656717,83.88059701492537,8.955223880597014,74.92537313432835
E00040437,198,37,18,19,161,20,141,18.68686868686869,9.090909090909092,9.595959595959595,81.31313131313132,10.1010101010101,71.21212121212122
E00040438,285,47,10,37,238,38,200,16.49122807017544,3.508771929824561,12.982456140350877,83.50877192982456,13.333333333333334,70.17543859649122
E00040439,297,50,16,34,247,23,224,16.835016835016837,5.387205387205387,11.447811447811448,83.16498316498317,7.744107744107744,75.42087542087542
E00040440,259,42,19,23,217,25,192,16.216216216216218,7.335907335907336,8.880308880308881,83.78378378378379,9.652509652509652,74.13127413127413
E00040441,284,57,13,44,227,22,205,20.070422535211268,4.577464788732395,15.492957746478872,79.92957746478874,7.746478873239436,72.1830985915493
E00040442,322,61,20,41,261,17,244,18.944099378881987,6.211180124223603,12.732919254658384,81.05590062111801,5.279503105590062,75.77639751552795
E00040443,348,65,37,28,283,12,271,18.67816091954023,10.632183908045976,8.045977011494253,81.32183908045977,3.4482758620689653,77.87356321839081
E00040444,299,64,26,38,235,24,211,21.40468227424749,8.695652173913043,12.709030100334449,78.59531772575251,8.02675585284281,70.5685618729097
E00040445,200,29,9,20,171,31,140,14.499999999999998,4.5,10,85.5,15.5,70
E00040446,275,39,16,23,236,17,219,14.181818181818182,5.818181818181818,8.363636363636363,85.81818181818181,6.181818181818182,79.63636363636364
E00040447,402,86,30,56,316,25,291,21.393034825870647,7.462686567164178,13.930348258706468,78.60696517412936,6.218905472636816,72.38805970149254
E00040448,376,104,50,54,272,11,261,27.659574468085108,13.297872340425531,14.361702127659576,72.3404255319149,2.925531914893617,69.41489361702128
E00040449,305,79,40,39,226,36,190,25.901639344262296,13.114754098360656,12.786885245901638,74.09836065573771,11.80327868852459,62.295081967213115
E00040450,306,101,50,51,205,8,197,33.006535947712415,16.33986928104575,16.666666666666664,66.99346405228758,2.6143790849673203,64.37908496732027
E00040451,264,31,9,22,233,22,211,11.742424242424242,3.4090909090909087,8.333333333333332,88.25757575757575,8.333333333333332,79.92424242424242
E00040452,253,45,13,32,208,27,181,17.786561264822133,5.138339920948617,12.648221343873518,82.21343873517787,10.67193675889328,71.54150197628458
E00040453,278,51,10,41,227,27,200,18.345323741007196,3.5971223021582732,14.748201438848922,81.65467625899281,9.712230215827338,71.94244604316546
E00040454,280,39,24,15,241,29,212,13.928571428571429,8.571428571428571,5.357142857142857,86.07142857142858,10.357142857142858,75.71428571428571
E00040455,290,54,23,31,236,19,217,18.620689655172416,7.931034482758621,10.689655172413794,81.37931034482759,6.551724137931035,74.82758620689656
E00040456,303,54,25,29,249,17,232,17.82178217821782,8.25082508250825,9.570957095709572,82.17821782178217,5.6105610561056105,76.56765676567657
E00040457,230,32,4,28,198,20,178,13.91304347826087,1.7391304347826086,12.173913043478262,86.08695652173914,8.695652173913043,77.39130434782608
E00040458,297,73,43,30,224,29,195,24.579124579124578,14.47811447811448,10.1010101010101,75.42087542087542,9.764309764309765,65.65656565656566
E00040459,304,47,21,26,257,25,232,15.460526315789474,6.907894736842106,8.552631578947368,84.53947368421053,8.223684210526317,76.31578947368422
E00040460,351,58,12,46,293,43,250,16.524216524216524,3.418803418803419,13.105413105413104,83.47578347578347,12.250712250712251,71.22507122507122
E00040461,209,41,14,27,168,18,150,19.617224880382775,6.698564593301436,12.918660287081341,80.38277511961722,8.61244019138756,71.77033492822966
E00040462,351,83,34,49,268,23,245,23.646723646723647,9.686609686609685,13.96011396011396,76.35327635327636,6.552706552706552,69.8005698005698
E00040463,220,30,6,24,190,19,171,13.636363636363635,2.727272727272727,10.909090909090908,86.36363636363636,8.636363636363637,77.72727272727272
E00040464,299,84,39,45,215,18,197,28.093645484949832,13.043478260869565,15.050167224080269,71.90635451505017,6.0200668896321075,65.88628762541806
E00040465,299,71,38,33,228,35,193,23.745819397993312,12.709030100334449,11.036789297658862,76.2541806020067,11.705685618729097,64.54849498327759
E00040466,315,54,29,25,261,25,236,17.142857142857142,9.206349206349207,7.936507936507936,82.85714285714286,7.936507936507936,74.92063492063492
E00040467,196,57,32,25,139,18,121,29.081632653061224,16.3265306122449,12.755102040816327,70.91836734693877,9.183673469387756,61.73469387755102
E00040468,245,71,34,37,174,15,159,28.97959183673469,13.877551020408163,15.10204081632653,71.0204081632653,6.122448979591836,64.89795918367346
E00040469,240,40,7,33,200,19,181,16.666666666666664,2.9166666666666665,13.750000000000002,83.33333333333334,7.916666666666666,75.41666666666667
E00040470,335,66,27,39,269,27,242,19.701492537313435,8.059701492537313,11.641791044776118,80.29850746268656,8.059701492537313,72.23880597014926
E00040471,293,45,7,38,248,30,218,15.358361774744028,2.3890784982935154,12.969283276450511,84.64163822525597,10.238907849829351,74.40273037542661
E00040472,369,103,57,46,266,23,243,27.91327913279133,15.447154471544716,12.466124661246612,72.08672086720867,6.233062330623306,65.85365853658537
E00040473,289,52,20,32,237,31,206,17.99307958477509,6.920415224913495,11.072664359861593,82.00692041522491,10.726643598615917,71.280276816609
E00040474,236,31,16,15,205,29,176,13.135593220338984,6.779661016949152,6.3559322033898304,86.86440677966102,12.288135593220339,74.57627118644068
E00040475,404,56,22,34,348,40,308,13.861386138613863,5.445544554455446,8.415841584158416,86.13861386138613,9.900990099009901,76.23762376237624
E00040476,285,56,22,34,229,22,207,19.649122807017545,7.719298245614035,11.929824561403509,80.35087719298247,7.719298245614035,72.63157894736842
E00040477,417,65,17,48,352,33,319,15.587529976019185,4.07673860911271,11.510791366906476,84.41247002398082,7.913669064748201,76.49880095923261
E00040478,371,78,43,35,293,25,268,21.024258760107816,11.590296495956872,9.433962264150944,78.97574123989219,6.738544474393531,72.23719676549865
E00040479,240,58,28,30,182,14,168,24.166666666666668,11.666666666666666,12.5,75.83333333333333,5.833333333333333,70
E00040480,339,49,15,34,290,42,248,14.454277286135694,4.424778761061947,10.029498525073747,85.54572271386431,12.389380530973451,73.15634218289085
E00040481,259,59,25,34,200,16,184,22.779922779922778,9.652509652509652,13.127413127413126,77.22007722007721,6.177606177606178,71.04247104247105
E00040482,283,81,43,38,202,20,182,28.621908127208478,15.19434628975265,13.427561837455832,71.37809187279152,7.06713780918728,64.31095406360424
E00040483,257,49,12,37,208,22,186,19.06614785992218,4.669260700389105,14.396887159533073,80.93385214007782,8.560311284046692,72.37354085603113
E00040484,299,55,22,33,244,32,212,18.394648829431436,7.357859531772576,11.036789297658862,81.60535117056857,10.702341137123746,70.903010033444815
E00040485,275,55,24,31,220,24,196,20,8.727272727272728,11.272727272727273,80,8.727272727272728,71.27272727272728
E00040486,300,44,13,31,256,12,244,14.666666666666666,4.333333333333334,10.333333333333334,85.33333333333334,4,81.33333333333333
E00040487,280,81,27,54,199,9,190,28.92857142857143,9.642857142857144,19.28571428571429,71.07142857142857,3.214285714285714,67.85714285714286
E00040488,254,49,30,19,205,17,188,19.291338582677163,11.811023622047244,7.480314960629922,80.70866141732283,6.692913385826772,74.01574803149606
E00040489,278,59,14,45,219,35,184,21.223021582733814,5.0359712230215825,16.18705035971223,78.77697841726618,12.589928057553957,66.18705035971223
E00040490,261,47,12,35,214,23,191,18.007662835249043,4.597701149425287,13.409961685823754,81.99233716475096,8.812260536398467,73.18007662835248
E00040491,264,61,21,40,203,19,184,23.106060606060606,7.954545454545454,15.151515151515152,76.89393939393939,7.196969696969697,69.6969696969697
E00040492,270,48,18,30,222,28,194,17.77777777777778,6.666666666666667,11.11111111111111,82.22222222222221,10.37037037037037,71.85185185185186
E00040493,348,77,27,50,271,31,240,22.126436781609197,7.758620689655173,14.367816091954023,77.87356321839081,8.908045977011495,68.96551724137932
E00040494,310,53,17,36,257,24,233,17.096774193548388,5.483870967741936,11.612903225806452,82.9032258064516,7.741935483870968,75.16129032258064
E00040495,254,26,1,25,228,26,202,10.236220472440944,0.39370078740157477,9.84251968503937,89.76377952755905,10.236220472440944,79.52755905511812
E00040496,254,37,12,25,217,27,190,14.566929133858267,4.724409448818897,9.84251968503937,85.43307086614173,10.62992125984252,74.80314960629921
E00040497,300,42,16,26,258,25,233,14.000000000000002,5.333333333333334,8.666666666666668,86,8.333333333333332,77.66666666666666
E00040498,259,45,8,37,214,26,188,17.374517374517374,3.088803088803089,14.285714285714285,82.62548262548263,10.038610038610038,72.58687258687259
E00040499,303,50,15,35,253,22,231,16.5016501650165,4.9504950495049505,11.55115511551155,83.4983498349835,7.2607260726072615,76.23762376237624
E00040500,278,52,28,24,226,23,203,18.705035971223023,10.071942446043165,8.633093525179856,81.29496402877699,8.273381294964029,73.02158273381295
E00040501,279,46,16,30,233,27,206,16.48745519713262,5.734767025089606,10.75268817204301,83.51254480286738,9.67741935483871,73.83512544802868
E00040502,322,51,19,32,271,30,241,15.838509316770185,5.900621118012422,9.937888198757763,84.16149068322981,9.316770186335404,74.84472049689441
E00040503,244,65,34,31,179,10,169,26.639344262295083,13.934426229508196,12.704918032786885,73.36065573770492,4.098360655737705,69.26229508196722
E00040504,119,63,32,31,56,9,47,52.94117647058824,26.89075630252101,26.05042016806723,47.05882352941176,7.563025210084033,39.49579831932773
E00040505,358,78,38,40,280,34,246,21.787709497206702,10.614525139664805,11.1731843575419,78.2122905027933,9.497206703910614,68.71508379888269
E00040506,170,68,34,34,102,5,97,40,20,20,60,2.941176470588235,57.05882352941176
E00040507,223,35,8,27,188,19,169,15.695067264573993,3.587443946188341,12.10762331838565,84.30493273542601,8.520179372197308,75.7847533632287
E00040508,282,47,19,28,235,30,205,16.666666666666664,6.73758865248227,9.929078014184398,83.33333333333334,10.638297872340425,72.69503546099291
E00040509,300,37,17,20,263,26,237,12.333333333333334,5.666666666666666,6.666666666666667,87.66666666666667,8.666666666666668,79
E00040510,346,63,24,39,283,32,251,18.20809248554913,6.9364161849710975,11.271676300578035,81.79190751445087,9.248554913294797,72.54335260115607
E00040511,253,36,16,20,217,32,185,14.229249011857709,6.324110671936759,7.905138339920949,85.7707509881423,12.648221343873518,73.12252964426878
E00040512,296,40,8,32,256,36,220,13.513513513513514,2.7027027027027026,10.81081081081081,86.48648648648648,12.162162162162163,74.32432432432432
E00040513,316,54,21,33,262,32,230,17.088607594936708,6.6455696202531636,10.443037974683545,82.91139240506328,10.126582278481013,72.78481012658227
E00040514,243,55,25,30,188,17,171,22.633744855967077,10.2880658436214,12.345679012345679,77.36625514403292,6.995884773662551,70.37037037037037
E00040515,346,70,24,46,276,26,250,20.23121387283237,6.9364161849710975,13.294797687861271,79.76878612716763,7.514450867052023,72.25433526011561
E00040516,312,53,14,39,259,36,223,16.98717948717949,4.487179487179487,12.5,83.01282051282051,11.538461538461538,71.47435897435898
E00040517,302,63,29,34,239,30,209,20.86092715231788,9.602649006622517,11.258278145695364,79.13907284768213,9.933774834437086,69.20529801324503
E00040518,267,36,13,23,231,29,202,13.48314606741573,4.868913857677903,8.614232209737828,86.51685393258427,10.861423220973784,75.65543071161048
E00040519,303,68,33,35,235,17,218,22.442244224422442,10.891089108910892,11.55115511551155,77.55775577557755,5.6105610561056105,71.94719471947195
E00040520,313,67,33,34,246,23,223,21.405750798722046,10.543130990415335,10.86261980830671,78.59424920127796,7.348242811501597,71.24600638977637
E00040521,260,61,31,30,199,14,185,23.46153846153846,11.923076923076923,11.538461538461538,76.53846153846153,5.384615384615385,71.15384615384616
E00040522,290,69,31,38,221,20,201,23.79310344827586,10.689655172413794,13.10344827586207,76.20689655172413,6.896551724137931,69.3103448275862
E00040523,235,38,12,26,197,28,169,16.170212765957448,5.106382978723404,11.063829787234042,83.82978723404256,11.914893617021278,71.91489361702128
E00040524,259,45,16,29,214,22,192,17.374517374517374,6.177606177606178,11.196911196911197,82.62548262548263,8.494208494208493,74.13127413127413
E00040525,237,69,34,35,168,16,152,29.11392405063291,14.345991561181433,14.767932489451477,70.88607594936708,6.751054852320674,64.13502109704642
E00040526,344,65,32,33,279,25,254,18.8953488372093,9.30232558139535,9.593023255813954,81.1046511627907,7.267441860465117,73.83720930232558
E00040527,259,58,27,31,201,20,181,22.393822393822393,10.424710424710424,11.96911196911197,77.60617760617761,7.722007722007722,69.88416988416989
E00040528,290,57,24,33,233,21,212,19.655172413793103,8.275862068965518,11.379310344827587,80.3448275862069,7.241379310344828,73.10344827586206
E00040529,289,51,17,34,238,32,206,17.647058823529413,5.88235294117647,11.76470588235294,82.35294117647058,11.072664359861593,71.280276816609
E00040530,287,65,31,34,222,8,214,22.64808362369338,10.801393728222997,11.846689895470384,77.35191637630662,2.7874564459930316,74.56445993031359
E00040531,268,65,36,29,203,15,188,24.253731343283583,13.432835820895523,10.820895522388058,75.74626865671642,5.597014925373134,70.1492537313433
E00040532,341,77,35,42,264,18,246,22.58064516129032,10.263929618768328,12.316715542521994,77.41935483870968,5.278592375366569,72.14076246334311
E00040533,274,68,39,29,206,16,190,24.817518248175183,14.233576642335766,10.583941605839415,75.18248175182481,5.839416058394161,69.34306569343066
E00040534,257,100,72,28,157,20,137,38.91050583657588,28.01556420233463,10.894941634241246,61.08949416342413,7.782101167315175,53.30739299610895
E00040535,299,52,15,37,247,22,225,17.391304347826086,5.016722408026756,12.37458193979933,82.6086956521739,7.357859531772576,75.25083612040135
E00040536,290,48,17,31,242,31,211,16.551724137931036,5.862068965517241,10.689655172413794,83.44827586206897,10.689655172413794,72.75862068965517
E00040537,219,39,18,21,180,20,160,17.80821917808219,8.21917808219178,9.58904109589041,82.1917808219178,9.1324200913242,73.0593607305936
E00040538,276,72,35,37,204,12,192,26.08695652173913,12.681159420289855,13.405797101449277,73.91304347826086,4.3478260869565215,69.56521739130434
E00040539,493,100,48,52,393,44,349,20.28397565922921,9.73630831643002,10.547667342799189,79.71602434077079,8.924949290060852,70.79107505070994
E00040540,348,59,19,40,289,25,264,16.954022988505745,5.459770114942529,11.494252873563218,83.04597701149426,7.183908045977011,75.86206896551724
E00040541,278,54,21,33,224,24,200,19.424460431654676,7.553956834532374,11.870503597122301,80.57553956834532,8.633093525179856,71.94244604316546
E00040542,338,61,28,33,277,23,254,18.04733727810651,8.284023668639055,9.763313609467456,81.95266272189349,6.8047337278106506,75.14792899408283
E00040543,377,117,87,30,260,28,232,31.03448275862069,23.076923076923077,7.957559681697612,68.96551724137932,7.427055702917771,61.53846153846154
E00040544,300,52,26,26,248,27,221,17.333333333333336,8.666666666666668,8.666666666666668,82.66666666666667,9,73.66666666666667
E00040545,298,47,19,28,251,14,237,15.771812080536913,6.375838926174497,9.395973154362416,84.22818791946308,4.697986577181208,79.53020134228188
E00040546,275,62,27,35,213,29,184,22.545454545454547,9.818181818181818,12.727272727272727,77.45454545454545,10.545454545454545,66.9090909090909
E00040547,243,50,22,28,193,16,177,20.5761316872428,9.053497942386832,11.522633744855968,79.42386831275721,6.584362139917696,72.8395061728395
E00040548,238,77,39,38,161,11,150,32.35294117647059,16.386554621848738,15.966386554621847,67.64705882352942,4.621848739495799,63.02521008403361
E00040549,226,64,22,42,162,25,137,28.31858407079646,9.734513274336283,18.58407079646018,71.68141592920354,11.061946902654867,60.61946902654868
E00040550,248,55,20,35,193,16,177,22.177419354838708,8.064516129032258,14.112903225806454,77.82258064516128,6.451612903225806,71.37096774193549
E00040551,218,52,19,33,166,16,150,23.853211009174313,8.715596330275229,15.137614678899084,76.14678899082568,7.339449541284404,68.80733944954129
E00040552,285,70,30,40,215,26,189,24.561403508771928,10.526315789473683,14.035087719298245,75.43859649122807,9.12280701754386,66.3157894736842
E00040553,291,60,19,41,231,25,206,20.618556701030926,6.529209621993128,14.0893470790378,79.38144329896907,8.59106529209622,70.79037800687286
E00040554,274,66,30,36,208,25,183,24.087591240875913,10.948905109489052,13.138686131386862,75.91240875912408,9.124087591240876,66.78832116788321
E00040555,307,68,25,43,239,22,217,22.149837133550488,8.143322475570033,14.006514657980457,77.85016286644951,7.166123778501629,70.68403908794788
E00040556,273,52,20,32,221,22,199,19.047619047619047,7.326007326007327,11.72161172161172,80.95238095238095,8.058608058608058,72.89377289377289
E00040557,315,62,27,35,253,17,236,19.682539682539684,8.571428571428571,11.11111111111111,80.31746031746032,5.396825396825397,74.92063492063492
E00040558,287,66,30,36,221,21,200,22.99651567944251,10.452961672473867,12.543554006968641,77.00348432055749,7.317073170731707,69.68641114982579
E00040559,309,79,37,42,230,9,221,25.5663430420712,11.974110032362459,13.592233009708737,74.4336569579288,2.912621359223301,71.52103559870551
E00040560,239,48,18,30,191,17,174,20.0836820083682,7.531380753138076,12.552301255230125,79.9163179916318,7.112970711297072,72.80334728033473
E00040561,252,74,32,42,178,20,158,29.365079365079367,12.698412698412698,16.666666666666664,70.63492063492063,7.936507936507936,62.698412698412696
E00040562,337,110,55,55,227,17,210,32.640949554896146,16.320474777448073,16.320474777448073,67.35905044510386,5.044510385756676,62.31454005934718
E00040563,200,65,31,34,135,18,117,32.5,15.5,17,67.5,9,58.5
E00040564,358,99,45,54,259,24,235,27.6536312849162,12.569832402234638,15.083798882681565,72.3463687150838,6.70391061452514,65.64245810055866
E00040565,190,77,38,39,113,14,99,40.526315789473685,20,20.526315789473685,59.473684210526315,7.368421052631578,52.10526315789473
E00040566,303,68,32,36,235,20,215,22.442244224422442,10.561056105610561,11.881188118811881,77.55775577557755,6.6006600660066,70.95709570957096
E00040567,233,74,39,35,159,6,153,31.759656652360512,16.738197424892704,15.021459227467812,68.24034334763948,2.575107296137339,65.66523605150213
E00040568,356,72,36,36,284,24,260,20.224719101123593,10.112359550561797,10.112359550561797,79.7752808988764,6.741573033707865,73.03370786516854
E00040569,333,51,22,29,282,16,266,15.315315315315313,6.606606606606606,8.708708708708707,84.68468468468468,4.804804804804805,79.87987987987988
E00040570,231,63,17,46,168,10,158,27.27272727272727,7.35930735930736,19.913419913419915,72.72727272727273,4.329004329004329,68.3982683982684
E00040571,310,66,28,38,244,16,228,21.29032258064516,9.032258064516128,12.258064516129032,78.70967741935485,5.161290322580645,73.54838709677419
E00040572,347,84,51,33,263,21,242,24.207492795389047,14.697406340057636,9.510086455331413,75.79250720461094,6.051873198847262,69.7406340057637
E00040573,250,45,23,22,205,11,194,18,9.2,8.799999999999999,82,4.3999999999999995,77.60000000000001
E00040574,251,70,40,30,181,15,166,27.88844621513944,15.936254980079681,11.952191235059761,72.11155378486056,5.9760956175298805,66.13545816733067
E00040575,273,68,33,35,205,21,184,24.90842490842491,12.087912087912088,12.82051282051282,75.0915750915751,7.6923076923076925,67.3992673992674
E00040576,277,58,23,35,219,18,201,20.938628158844764,8.303249097472925,12.63537906137184,79.06137184115524,6.4981949458483745,72.56317689530685
E00040577,210,71,39,32,139,8,131,33.80952380952381,18.571428571428573,15.238095238095239,66.19047619047619,3.8095238095238098,62.38095238095238
E00040578,291,52,30,22,239,20,219,17.869415807560138,10.309278350515463,7.560137457044673,82.13058419243985,6.872852233676976,75.25773195876289
E00040579,255,57,21,36,198,17,181,22.35294117647059,8.235294117647058,14.117647058823529,77.64705882352942,6.666666666666667,70.98039215686275
E00040580,262,55,16,39,207,18,189,20.99236641221374,6.106870229007633,14.885496183206106,79.00763358778626,6.870229007633588,72.13740458015268
E00040581,318,81,35,46,237,22,215,25.471698113207548,11.0062893081761,14.465408805031446,74.52830188679245,6.918238993710692,67.61006289308176
E00040582,198,87,45,42,111,12,99,43.93939393939394,22.727272727272727,21.21212121212121,56.060606060606055,6.0606060606060606,50
E00040583,332,118,92,26,214,20,194,35.54216867469879,27.710843373493976,7.83132530120482,64.45783132530121,6.024096385542169,58.43373493975904
E00040584,281,53,23,30,228,19,209,18.86120996441281,8.185053380782918,10.676156583629894,81.13879003558719,6.761565836298933,74.37722419928826
E00040585,262,55,14,41,207,17,190,20.99236641221374,5.343511450381679,15.648854961832063,79.00763358778626,6.488549618320611,72.51908396946564
E00040586,308,65,31,34,243,21,222,21.1038961038961,10.064935064935066,11.03896103896104,78.8961038961039,6.8181818181818175,72.07792207792207
E00040587,281,48,15,33,233,24,209,17.08185053380783,5.338078291814947,11.743772241992882,82.91814946619218,8.540925266903916,74.37722419928826
E00040588,284,67,36,31,217,18,199,23.591549295774648,12.676056338028168,10.915492957746478,76.40845070422534,6.338028169014084,70.07042253521126
E00040589,533,108,67,41,425,22,403,20.26266416510319,12.570356472795496,7.6923076923076925,79.73733583489681,4.127579737335835,75.60975609756098
E00040590,304,60,26,34,244,16,228,19.736842105263158,8.552631578947368,11.18421052631579,80.26315789473685,5.263157894736842,75
E00040591,269,54,23,31,215,15,200,20.074349442379184,8.550185873605948,11.524163568773234,79.92565055762083,5.5762081784386615,74.34944237918215
E00040592,266,83,40,43,183,9,174,31.203007518796994,15.037593984962406,16.165413533834585,68.796992481203,3.3834586466165413,65.41353383458647
E00040595,358,100,46,54,258,17,241,27.932960893854748,12.849162011173185,15.083798882681565,72.06703910614524,4.748603351955307,67.31843575418995
E00040596,346,61,29,32,285,15,270,17.63005780346821,8.38150289017341,9.248554913294797,82.36994219653178,4.335260115606936,78.03468208092485
E00040597,286,96,54,42,190,12,178,33.56643356643357,18.88111888111888,14.685314685314685,66.43356643356644,4.195804195804196,62.23776223776224
E00040598,336,61,25,36,275,16,259,18.154761904761905,7.440476190476191,10.714285714285714,81.84523809523809,4.761904761904762,77.08333333333334
E00040599,258,54,25,29,204,5,199,20.930232558139537,9.689922480620156,11.24031007751938,79.06976744186046,1.937984496124031,77.13178294573643
E00040600,284,80,30,50,204,15,189,28.169014084507044,10.56338028169014,17.6056338028169,71.83098591549296,5.28169014084507,66.54929577464789
E00040601,348,80,45,35,268,19,249,22.988505747126435,12.931034482758621,10.057471264367816,77.01149425287356,5.459770114942529,71.55172413793103
E00040602,349,72,32,40,277,32,245,20.630372492836678,9.169054441260744,11.461318051575931,79.36962750716332,9.169054441260744,70.20057306590259
E00040604,340,84,32,52,256,14,242,24.705882352941178,9.411764705882353,15.294117647058824,75.29411764705883,4.117647058823529,71.17647058823529
E00040605,326,70,33,37,256,14,242,21.472392638036812,10.122699386503067,11.349693251533742,78.52760736196319,4.294478527607362,74.23312883435584
E00040606,291,65,38,27,226,13,213,22.336769759450174,13.058419243986256,9.278350515463918,77.66323024054984,4.4673539518900345,73.19587628865979
E00040607,213,56,26,30,157,10,147,26.291079812206576,12.206572769953052,14.084507042253522,73.70892018779342,4.694835680751173,69.01408450704226
E00040609,289,80,41,39,209,11,198,27.68166089965398,14.186851211072666,13.494809688581316,72.31833910034602,3.8062283737024223,68.5121107266436
E00040610,136,58,40,18,78,9,69,42.64705882352941,29.411764705882355,13.23529411764706,57.35294117647059,6.61764705882353,50.73529411764706
E00040611,238,57,27,30,181,15,166,23.949579831932773,11.344537815126051,12.605042016806722,76.05042016806722,6.302521008403361,69.74789915966386
E00040612,191,47,27,20,144,8,136,24.60732984293194,14.136125654450263,10.471204188481675,75.39267015706807,4.18848167539267,71.20418848167539
E00040613,350,67,32,35,283,27,256,19.142857142857142,9.142857142857142,10,80.85714285714286,7.7142857142857135,73.14285714285714
E00040614,251,74,40,34,177,10,167,29.482071713147413,15.936254980079681,13.545816733067728,70.5179282868526,3.9840637450199203,66.53386454183267
E00040615,258,66,39,27,192,5,187,25.581395348837212,15.11627906976744,10.465116279069768,74.4186046511628,1.937984496124031,72.48062015503875
E00040616,374,77,34,43,297,17,280,20.588235294117645,9.090909090909092,11.497326203208557,79.41176470588235,4.545454545454546,74.8663101604278
E00040617,232,76,49,27,156,14,142,32.758620689655174,21.120689655172413,11.637931034482758,67.24137931034483,6.0344827586206895,61.206896551724135
E00040618,604,155,74,81,449,28,421,25.662251655629138,12.251655629139073,13.410596026490065,74.33774834437085,4.635761589403973,69.70198675496688
E00040619,284,92,44,48,192,8,184,32.3943661971831,15.492957746478872,16.901408450704224,67.6056338028169,2.8169014084507045,64.7887323943662
E00040620,250,65,32,33,185,8,177,26,12.8,13.200000000000001,74,3.2,70.8
E00040621,250,76,37,39,174,8,166,30.4,14.799999999999999,15.6,69.6,3.2,66.4
E00040622,335,92,48,44,243,16,227,27.46268656716418,14.328358208955224,13.134328358208954,72.53731343283583,4.776119402985075,67.76119402985074
E00040623,336,78,40,38,258,18,240,23.214285714285715,11.904761904761903,11.30952380952381,76.78571428571429,5.357142857142857,71.42857142857143
E00040624,346,66,33,33,280,21,259,19.07514450867052,9.53757225433526,9.53757225433526,80.92485549132948,6.069364161849711,74.85549132947978
E00040628,290,85,46,39,205,11,194,29.310344827586203,15.862068965517242,13.448275862068964,70.6896551724138,3.793103448275862,66.89655172413794
E00040629,269,51,21,30,218,12,206,18.95910780669145,7.806691449814126,11.152416356877323,81.04089219330855,4.4609665427509295,76.57992565055763
E00040631,205,80,41,39,125,12,113,39.02439024390244,20,19.024390243902438,60.97560975609756,5.853658536585367,55.1219512195122
E00040632,393,64,15,49,329,32,297,16.28498727735369,3.816793893129771,12.46819338422392,83.7150127226463,8.142493638676845,75.57251908396947
E00040633,279,82,31,51,197,30,167,29.39068100358423,11.11111111111111,18.27956989247312,70.60931899641577,10.75268817204301,59.85663082437276
E00040634,261,80,43,37,181,16,165,30.65134099616858,16.47509578544061,14.17624521072797,69.34865900383141,6.130268199233716,63.2183908045977
E00040637,247,65,28,37,182,15,167,26.31578947368421,11.336032388663968,14.979757085020243,73.68421052631578,6.0728744939271255,67.61133603238866
E00040638,331,59,22,37,272,24,248,17.82477341389728,6.646525679758309,11.178247734138973,82.17522658610272,7.250755287009064,74.92447129909365
E00040639,372,64,31,33,308,29,279,17.20430107526882,8.333333333333332,8.870967741935484,82.79569892473118,7.795698924731183,75
E00040640,290,66,19,47,224,30,194,22.758620689655174,6.551724137931035,16.206896551724135,77.24137931034483,10.344827586206897,66.89655172413794
E00040641,282,41,15,26,241,22,219,14.539007092198581,5.319148936170213,9.219858156028367,85.46099290780141,7.801418439716312,77.6595744680851
E00040642,235,45,21,24,190,21,169,19.148936170212767,8.936170212765958,10.212765957446807,80.85106382978722,8.936170212765958,71.91489361702128
E00040643,253,62,31,31,191,29,162,24.50592885375494,12.25296442687747,12.25296442687747,75.49407114624506,11.462450592885375,64.03162055335969
E00040644,251,35,16,19,216,19,197,13.94422310756972,6.374501992031872,7.569721115537849,86.05577689243027,7.569721115537849,78.48605577689243
E00040645,299,81,46,35,218,22,196,27.09030100334448,15.384615384615385,11.705685618729097,72.90969899665552,7.357859531772576,65.55183946488295
E00040646,226,63,30,33,163,21,142,27.876106194690266,13.274336283185843,14.601769911504425,72.12389380530973,9.29203539823009,62.83185840707964
E00040647,340,76,35,41,264,28,236,22.35294117647059,10.294117647058822,12.058823529411764,77.64705882352942,8.235294117647058,69.41176470588235
E00040648,306,72,36,36,234,18,216,23.52941176470588,11.76470588235294,11.76470588235294,76.47058823529412,5.88235294117647,70.58823529411765
E00040649,285,93,60,33,192,19,173,32.631578947368425,21.052631578947366,11.578947368421053,67.36842105263158,6.666666666666667,60.70175438596491
E00040650,268,40,12,28,228,23,205,14.925373134328357,4.477611940298507,10.44776119402985,85.07462686567165,8.582089552238806,76.49253731343283
E00040651,268,49,23,26,219,26,193,18.28358208955224,8.582089552238806,9.701492537313433,81.71641791044776,9.701492537313433,72.01492537313433
E00040652,420,64,24,40,356,38,318,15.238095238095239,5.714285714285714,9.523809523809524,84.76190476190476,9.047619047619047,75.71428571428571
E00040653,291,33,16,17,258,32,226,11.34020618556701,5.498281786941581,5.841924398625429,88.65979381443299,10.996563573883162,77.66323024054984
E00040654,366,60,17,43,306,28,278,16.39344262295082,4.644808743169399,11.748633879781421,83.60655737704919,7.650273224043716,75.95628415300546
E00040655,292,63,26,37,229,41,188,21.575342465753426,8.904109589041095,12.67123287671233,78.42465753424658,14.04109589041096,64.38356164383562
E00040656,280,39,20,19,241,29,212,13.928571428571429,7.142857142857142,6.785714285714286,86.07142857142858,10.357142857142858,75.71428571428571
E00040657,206,101,54,47,105,11,94,49.029126213592235,26.21359223300971,22.815533980582526,50.970873786407765,5.339805825242718,45.63106796116505
E00040658,266,51,27,24,215,31,184,19.172932330827066,10.150375939849624,9.022556390977442,80.82706766917293,11.654135338345863,69.17293233082707
E00040659,352,35,11,24,317,36,281,9.943181818181818,3.125,6.8181818181818175,90.05681818181817,10.227272727272728,79.82954545454545
E00040660,354,55,15,40,299,30,269,15.53672316384181,4.23728813559322,11.299435028248588,84.4632768361582,8.47457627118644,75.98870056497175
E00040661,262,50,14,36,212,18,194,19.083969465648856,5.343511450381679,13.740458015267176,80.91603053435115,6.870229007633588,74.04580152671755
E00040663,254,35,8,27,219,18,201,13.779527559055119,3.149606299212598,10.62992125984252,86.22047244094489,7.086614173228346,79.13385826771653
E00040664,264,98,47,51,166,18,148,37.121212121212125,17.803030303030305,19.318181818181817,62.878787878787875,6.8181818181818175,56.060606060606055
E00040665,279,56,18,38,223,33,190,20.07168458781362,6.451612903225806,13.620071684587815,79.92831541218638,11.827956989247312,68.10035842293907
E00040666,236,58,18,40,178,16,162,24.576271186440678,7.627118644067797,16.94915254237288,75.42372881355932,6.779661016949152,68.64406779661016
E00040667,239,64,30,34,175,18,157,26.778242677824267,12.552301255230125,14.225941422594143,73.22175732217573,7.531380753138076,65.69037656903765
E00040668,331,46,15,31,285,29,256,13.897280966767372,4.531722054380665,9.365558912386707,86.10271903323263,8.761329305135952,77.34138972809667
E00040669,326,55,23,32,271,22,249,16.87116564417178,7.05521472392638,9.815950920245399,83.12883435582822,6.748466257668712,76.38036809815951
E00040670,335,44,16,28,291,29,262,13.134328358208954,4.776119402985075,8.358208955223882,86.86567164179104,8.656716417910449,78.2089552238806
E00040671,239,28,4,24,211,25,186,11.715481171548117,1.6736401673640167,10.0418410041841,88.28451882845188,10.460251046025103,77.82426778242679
E00040672,256,70,37,33,186,13,173,27.34375,14.453125,12.890625,72.65625,5.078125,67.578125
E00040673,304,30,15,15,274,24,250,9.868421052631579,4.934210526315789,4.934210526315789,90.13157894736842,7.894736842105263,82.23684210526315
E00040674,248,81,35,46,167,20,147,32.66129032258064,14.112903225806454,18.548387096774192,67.33870967741935,8.064516129032258,59.2741935483871
E00040675,221,60,29,31,161,16,145,27.149321266968325,13.122171945701359,14.027149321266968,72.85067873303167,7.239819004524888,65.61085972850678
E00040676,272,76,32,44,196,18,178,27.941176470588236,11.76470588235294,16.176470588235293,72.05882352941177,6.61764705882353,65.44117647058823
E00040677,239,49,20,29,190,23,167,20.502092050209207,8.368200836820083,12.133891213389122,79.49790794979079,9.623430962343097,69.8744769874477
E00040678,272,37,14,23,235,16,219,13.602941176470587,5.147058823529411,8.455882352941178,86.39705882352942,5.88235294117647,80.51470588235294
E00040679,305,75,28,47,230,26,204,24.59016393442623,9.180327868852459,15.40983606557377,75.40983606557377,8.524590163934425,66.88524590163935
E00040681,290,72,35,37,218,19,199,24.82758620689655,12.068965517241379,12.758620689655173,75.17241379310344,6.551724137931035,68.62068965517241
E00040683,250,49,23,26,201,19,182,19.6,9.2,10.4,80.4,7.6,72.8
E00040684,233,63,33,30,170,23,147,27.038626609442062,14.163090128755366,12.875536480686694,72.96137339055794,9.871244635193133,63.0901287553648
E00040685,309,48,19,29,261,31,230,15.53398058252427,6.148867313915858,9.385113268608414,84.46601941747572,10.032362459546926,74.4336569579288
E00040686,309,58,18,40,251,13,238,18.77022653721683,5.825242718446602,12.944983818770226,81.22977346278317,4.207119741100324,77.02265372168284
E00040687,236,62,31,31,174,11,163,26.27118644067797,13.135593220338984,13.135593220338984,73.72881355932203,4.661016949152542,69.0677966101695
E00040688,271,43,30,13,228,26,202,15.867158671586715,11.07011070110701,4.797047970479705,84.13284132841329,9.59409594095941,74.53874538745387
E00040689,231,41,11,30,190,12,178,17.74891774891775,4.761904761904762,12.987012987012985,82.25108225108225,5.194805194805195,77.05627705627705
E00040690,221,39,17,22,182,27,155,17.647058823529413,7.6923076923076925,9.95475113122172,82.35294117647058,12.217194570135746,70.13574660633483
E00040691,268,58,21,37,210,25,185,21.641791044776117,7.835820895522389,13.805970149253731,78.35820895522389,9.328358208955224,69.02985074626866
E00040693,268,42,13,29,226,25,201,15.671641791044777,4.850746268656716,10.820895522388058,84.32835820895522,9.328358208955224,75
E00040695,351,36,10,26,315,40,275,10.256410256410255,2.849002849002849,7.4074074074074066,89.74358974358975,11.396011396011396,78.34757834757835
E00040696,311,48,24,24,263,20,243,15.434083601286176,7.717041800643088,7.717041800643088,84.56591639871382,6.430868167202572,78.13504823151125
E00040697,326,79,37,42,247,24,223,24.233128834355828,11.349693251533742,12.883435582822086,75.76687116564416,7.361963190184049,68.40490797546013
E00040698,297,40,14,26,257,33,224,13.468013468013467,4.713804713804714,8.754208754208754,86.53198653198653,11.11111111111111,75.42087542087542
E00040699,239,53,21,32,186,24,162,22.17573221757322,8.786610878661087,13.389121338912133,77.82426778242679,10.0418410041841,67.78242677824268
E00040700,239,37,17,20,202,14,188,15.481171548117153,7.112970711297072,8.368200836820083,84.51882845188284,5.857740585774058,78.66108786610879
E00040701,295,85,42,43,210,23,187,28.8135593220339,14.237288135593221,14.576271186440678,71.1864406779661,7.796610169491526,63.389830508474574
E00040702,304,57,21,36,247,28,219,18.75,6.907894736842106,11.842105263157894,81.25,9.210526315789473,72.03947368421053
E00040703,286,42,12,30,244,17,227,14.685314685314685,4.195804195804196,10.48951048951049,85.3146853146853,5.944055944055944,79.37062937062937
E00040704,168,67,35,32,101,8,93,39.88095238095239,20.833333333333336,19.047619047619047,60.11904761904761,4.761904761904762,55.35714285714286
E00040705,281,65,21,44,216,17,199,23.131672597864767,7.473309608540925,15.658362989323843,76.86832740213522,6.049822064056939,70.8185053380783
E00040706,285,78,45,33,207,29,178,27.368421052631582,15.789473684210526,11.578947368421053,72.63157894736842,10.175438596491228,62.4561403508772
E00040707,302,58,32,26,244,39,205,19.205298013245034,10.596026490066226,8.609271523178808,80.79470198675497,12.91390728476821,67.88079470198676
E00040708,296,58,27,31,238,28,210,19.594594594594593,9.121621621621621,10.472972972972974,80.4054054054054,9.45945945945946,70.94594594594594
E00040709,328,76,32,44,252,24,228,23.170731707317074,9.75609756097561,13.414634146341465,76.82926829268293,7.317073170731707,69.51219512195121
E00040710,331,36,11,25,295,26,269,10.876132930513595,3.3232628398791544,7.552870090634441,89.12386706948641,7.854984894259818,81.2688821752266
E00040711,277,59,25,34,218,18,200,21.299638989169676,9.025270758122744,12.274368231046932,78.70036101083032,6.4981949458483745,72.20216606498195
E00040712,237,72,32,40,165,13,152,30.37974683544304,13.502109704641349,16.877637130801688,69.62025316455697,5.485232067510549,64.13502109704642
E00040713,255,78,41,37,177,20,157,30.58823529411765,16.07843137254902,14.50980392156863,69.41176470588235,7.8431372549019605,61.568627450980394
E00040714,234,72,38,34,162,14,148,30.76923076923077,16.23931623931624,14.529914529914532,69.23076923076923,5.982905982905983,63.24786324786324
E00040715,338,104,48,56,234,17,217,30.76923076923077,14.201183431952662,16.56804733727811,69.23076923076923,5.029585798816568,64.20118343195266
E00040716,308,51,13,38,257,34,223,16.558441558441558,4.220779220779221,12.337662337662337,83.44155844155844,11.03896103896104,72.40259740259741
E00040717,205,63,34,29,142,23,119,30.73170731707317,16.585365853658537,14.146341463414632,69.26829268292683,11.219512195121952,58.048780487804876
E00040718,203,55,19,36,148,12,136,27.093596059113302,9.35960591133005,17.733990147783253,72.9064039408867,5.911330049261084,66.99507389162561
E00040719,267,28,16,12,239,24,215,10.486891385767791,5.992509363295881,4.49438202247191,89.51310861423221,8.98876404494382,80.52434456928839
E00040720,304,35,13,22,269,17,252,11.513157894736842,4.276315789473684,7.236842105263158,88.48684210526315,5.592105263157895,82.89473684210526
E00040721,265,60,21,39,205,30,175,22.641509433962266,7.9245283018867925,14.716981132075471,77.35849056603774,11.320754716981133,66.0377358490566
E00040722,321,66,31,35,255,21,234,20.5607476635514,9.657320872274143,10.903426791277258,79.43925233644859,6.5420560747663545,72.89719626168224
E00040723,251,78,33,45,173,28,145,31.07569721115538,13.147410358565736,17.928286852589643,68.92430278884463,11.155378486055776,57.76892430278885
E00040724,240,54,22,32,186,25,161,22.5,9.166666666666666,13.333333333333334,77.5,10.416666666666668,67.08333333333333
E00040725,221,68,26,42,153,17,136,30.76923076923077,11.76470588235294,19.004524886877828,69.23076923076923,7.6923076923076925,61.53846153846154
E00040726,208,23,8,15,185,26,159,11.057692307692307,3.8461538461538463,7.211538461538461,88.9423076923077,12.5,76.4423076923077
E00040727,216,64,25,39,152,20,132,29.629629629629626,11.574074074074074,18.055555555555554,70.37037037037037,9.25925925925926,61.111111111111114
E00040728,282,57,25,32,225,28,197,20.212765957446805,8.865248226950355,11.347517730496454,79.7872340425532,9.929078014184398,69.8581560283688
E00040729,281,66,23,43,215,16,199,23.487544483985765,8.185053380782918,15.302491103202847,76.51245551601423,5.6939501779359425,70.8185053380783
E00040730,268,40,15,25,228,33,195,14.925373134328357,5.597014925373134,9.328358208955224,85.07462686567165,12.313432835820896,72.76119402985076
E00040731,312,44,15,29,268,36,232,14.102564102564102,4.807692307692308,9.294871794871796,85.8974358974359,11.538461538461538,74.35897435897436
E00040732,291,47,12,35,244,27,217,16.151202749140893,4.123711340206185,12.027491408934708,83.8487972508591,9.278350515463918,74.5704467353952
E00040733,293,65,32,33,228,30,198,22.18430034129693,10.921501706484642,11.262798634812286,77.81569965870307,10.238907849829351,67.57679180887372
E00040734,228,82,42,40,146,18,128,35.96491228070175,18.421052631578945,17.543859649122805,64.03508771929825,7.894736842105263,56.14035087719298
E00040735,297,58,31,27,239,28,211,19.52861952861953,10.437710437710438,9.090909090909092,80.47138047138047,9.427609427609427,71.04377104377105
E00040736,202,63,31,32,139,15,124,31.18811881188119,15.346534653465346,15.841584158415841,68.8118811881188,7.425742574257425,61.386138613861384
E00040737,267,84,45,39,183,13,170,31.46067415730337,16.853932584269664,14.606741573033707,68.53932584269663,4.868913857677903,63.670411985018724
E00040738,263,49,18,31,214,18,196,18.631178707224336,6.844106463878327,11.787072243346007,81.36882129277566,6.844106463878327,74.52471482889734
E00040739,337,83,30,53,254,37,217,24.629080118694365,8.902077151335313,15.727002967359049,75.37091988130564,10.979228486646884,64.39169139465875
E00040740,350,45,20,25,305,30,275,12.857142857142856,5.714285714285714,7.142857142857142,87.14285714285714,8.571428571428571,78.57142857142857
E00040741,280,51,24,27,229,26,203,18.21428571428571,8.571428571428571,9.642857142857144,81.78571428571428,9.285714285714286,72.5
E00040742,287,53,19,34,234,23,211,18.466898954703833,6.620209059233449,11.846689895470384,81.53310104529616,8.013937282229964,73.5191637630662
E00040743,224,53,26,27,171,28,143,23.660714285714285,11.607142857142858,12.053571428571429,76.33928571428571,12.5,63.83928571428571
E00040744,201,38,12,26,163,21,142,18.90547263681592,5.970149253731343,12.935323383084576,81.09452736318407,10.44776119402985,70.64676616915423
E00040745,232,71,31,40,161,21,140,30.603448275862068,13.36206896551724,17.24137931034483,69.39655172413794,9.051724137931034,60.3448275862069
E00040746,339,50,14,36,289,41,248,14.749262536873156,4.129793510324483,10.619469026548673,85.25073746312685,12.094395280235988,73.15634218289085
E00040747,291,81,32,49,210,26,184,27.835051546391753,10.996563573883162,16.83848797250859,72.16494845360825,8.934707903780069,63.230240549828174
E00040748,517,71,24,47,446,50,396,13.733075435203096,4.642166344294004,9.090909090909092,86.26692456479691,9.671179883945841,76.59574468085107
E00040749,329,46,22,24,283,25,258,13.98176291793313,6.68693009118541,7.29483282674772,86.01823708206688,7.598784194528875,78.419452887538
E00040750,474,50,16,34,424,43,381,10.548523206751055,3.375527426160337,7.172995780590717,89.45147679324894,9.071729957805907,80.37974683544303
E00040751,267,40,12,28,227,29,198,14.981273408239701,4.49438202247191,10.486891385767791,85.0187265917603,10.861423220973784,74.15730337078652
E00040752,341,53,19,34,288,16,272,15.542521994134898,5.571847507331378,9.970674486803519,84.4574780058651,4.69208211143695,79.76539589442815
E00040753,368,57,25,32,311,30,281,15.489130434782608,6.7934782608695645,8.695652173913043,84.51086956521739,8.152173913043478,76.3586956521739
E00040754,387,48,14,34,339,44,295,12.4031007751938,3.6175710594315245,8.785529715762273,87.59689922480621,11.369509043927648,76.22739018087856
E00040755,351,54,18,36,297,30,267,15.384615384615385,5.128205128205128,10.256410256410255,84.61538461538461,8.547008547008547,76.06837606837607
E00040756,403,74,21,53,329,34,295,18.36228287841191,5.2109181141439205,13.151364764267989,81.6377171215881,8.436724565756824,73.20099255583126
E00040757,338,62,21,41,276,23,253,18.34319526627219,6.21301775147929,12.1301775147929,81.65680473372781,6.8047337278106506,74.85207100591717
E00040758,312,37,17,20,275,31,244,11.858974358974358,5.448717948717949,6.41025641025641,88.14102564102564,9.935897435897436,78.2051282051282
E00040759,402,63,26,37,339,35,304,15.671641791044777,6.467661691542288,9.203980099502488,84.32835820895522,8.706467661691542,75.62189054726367
E00040760,226,49,14,35,177,24,153,21.68141592920354,6.1946902654867255,15.486725663716813,78.31858407079646,10.619469026548673,67.69911504424779
E00040761,365,54,11,43,311,27,284,14.794520547945206,3.0136986301369864,11.78082191780822,85.2054794520548,7.397260273972603,77.8082191780822
E00040762,327,61,29,32,266,23,243,18.654434250764528,8.868501529051988,9.785932721712538,81.34556574923548,7.033639143730887,74.31192660550458
E00040763,303,46,20,26,257,25,232,15.181518151815181,6.6006600660066,8.58085808580858,84.81848184818482,8.25082508250825,76.56765676567657
E00040764,350,43,20,23,307,23,284,12.285714285714286,5.714285714285714,6.571428571428571,87.71428571428571,6.571428571428571,81.14285714285714
E00040765,261,44,9,35,217,18,199,16.85823754789272,3.4482758620689653,13.409961685823754,83.14176245210729,6.896551724137931,76.24521072796935
E00040766,349,38,14,24,311,36,275,10.888252148997136,4.011461318051576,6.876790830945559,89.11174785100286,10.315186246418339,78.79656160458453
E00040767,330,49,19,30,281,33,248,14.84848484848485,5.757575757575758,9.090909090909092,85.15151515151516,10,75.15151515151514
E00040768,395,59,25,34,336,32,304,14.936708860759493,6.329113924050633,8.60759493670886,85.0632911392405,8.10126582278481,76.9620253164557
E00040769,366,53,18,35,313,24,289,14.48087431693989,4.918032786885246,9.562841530054644,85.51912568306011,6.557377049180328,78.96174863387978
E00040770,258,47,18,29,211,15,196,18.217054263565892,6.976744186046512,11.24031007751938,81.78294573643412,5.813953488372093,75.96899224806202
E00040771,146,56,27,29,90,13,77,38.35616438356164,18.493150684931507,19.863013698630137,61.64383561643836,8.904109589041095,52.73972602739726
E00040772,203,50,10,40,153,11,142,24.63054187192118,4.926108374384237,19.704433497536947,75.36945812807882,5.41871921182266,69.95073891625616
E00040773,249,38,11,27,211,26,185,15.261044176706829,4.417670682730924,10.843373493975903,84.73895582329317,10.441767068273093,74.29718875502009
E00040774,273,45,8,37,228,31,197,16.483516483516482,2.93040293040293,13.553113553113553,83.51648351648352,11.355311355311356,72.16117216117216
E00040775,358,48,13,35,310,28,282,13.40782122905028,3.6312849162011176,9.776536312849162,86.59217877094973,7.82122905027933,78.77094972067039
E00040776,325,60,7,53,265,26,239,18.461538461538463,2.1538461538461537,16.307692307692307,81.53846153846153,8,73.53846153846155
E00040777,306,33,11,22,273,24,249,10.784313725490197,3.594771241830065,7.18954248366013,89.2156862745098,7.8431372549019605,81.37254901960785
E00040778,250,38,10,28,212,27,185,15.2,4,11.200000000000001,84.8,10.8,74
E00040779,234,25,4,21,209,23,186,10.683760683760683,1.7094017094017095,8.974358974358974,89.31623931623932,9.82905982905983,79.48717948717949
E00040780,278,43,14,29,235,24,211,15.467625899280577,5.0359712230215825,10.431654676258994,84.53237410071942,8.633093525179856,75.89928057553958
E00040781,256,48,20,28,208,22,186,18.75,7.8125,10.9375,81.25,8.59375,72.65625
E00040782,263,34,6,28,229,32,197,12.927756653992395,2.2813688212927756,10.646387832699618,87.07224334600761,12.167300380228136,74.90494296577947
E00040783,299,54,20,34,245,35,210,18.06020066889632,6.688963210702341,11.37123745819398,81.93979933110369,11.705685618729097,70.23411371237458
E00040784,292,41,11,30,251,24,227,14.04109589041096,3.767123287671233,10.273972602739725,85.95890410958904,8.21917808219178,77.73972602739725
E00040785,316,59,28,31,257,32,225,18.670886075949365,8.860759493670885,9.81012658227848,81.32911392405063,10.126582278481013,71.20253164556962
E00040786,379,87,47,40,292,43,249,22.95514511873351,12.401055408970976,10.554089709762533,77.04485488126649,11.345646437994723,65.69920844327177
E00040787,303,38,9,29,265,29,236,12.541254125412541,2.9702970297029703,9.570957095709572,87.45874587458746,9.570957095709572,77.88778877887789
E00040788,402,53,16,37,349,43,306,13.184079601990051,3.9800995024875623,9.203980099502488,86.81592039800995,10.696517412935323,76.11940298507463
E00040789,283,65,25,40,218,29,189,22.968197879858657,8.8339222614841,14.13427561837456,77.03180212014135,10.247349823321555,66.78445229681978
E00040790,465,84,34,50,381,43,338,18.064516129032256,7.311827956989248,10.75268817204301,81.93548387096774,9.247311827956988,72.68817204301075
E00040791,428,55,28,27,373,25,348,12.850467289719624,6.5420560747663545,6.308411214953271,87.14953271028037,5.841121495327103,81.30841121495327
E00040792,264,44,19,25,220,26,194,16.666666666666664,7.196969696969697,9.469696969696969,83.33333333333334,9.848484848484848,73.48484848484848
E00040793,385,57,27,30,328,35,293,14.805194805194805,7.012987012987012,7.792207792207792,85.19480519480518,9.090909090909092,76.1038961038961
E00040794,305,62,25,37,243,29,214,20.327868852459016,8.19672131147541,12.131147540983607,79.67213114754098,9.508196721311474,70.16393442622952
E00040795,380,87,31,56,293,16,277,22.894736842105264,8.157894736842106,14.736842105263156,77.10526315789473,4.2105263157894735,72.89473684210527
E00040796,243,43,11,32,200,13,187,17.695473251028808,4.526748971193416,13.168724279835391,82.3045267489712,5.349794238683128,76.95473251028807
E00040797,319,46,14,32,273,35,238,14.420062695924765,4.38871473354232,10.031347962382444,85.57993730407524,10.9717868338558,74.60815047021944
E00040798,491,65,24,41,426,41,385,13.238289205702646,4.887983706720977,8.350305498981669,86.76171079429736,8.350305498981669,78.41140529531569
E00040799,296,34,10,24,262,31,231,11.486486486486488,3.3783783783783785,8.108108108108109,88.51351351351352,10.472972972972974,78.04054054054053
E00040800,271,52,30,22,219,22,197,19.18819188191882,11.07011070110701,8.118081180811808,80.81180811808119,8.118081180811808,72.69372693726937
E00040801,330,86,43,43,244,11,233,26.060606060606062,13.030303030303031,13.030303030303031,73.93939393939394,3.3333333333333335,70.60606060606061
E00040802,234,54,26,28,180,25,155,23.076923076923077,11.11111111111111,11.965811965811966,76.92307692307693,10.683760683760683,66.23931623931624
E00040803,282,79,43,36,203,10,193,28.01418439716312,15.24822695035461,12.76595744680851,71.98581560283688,3.546099290780142,68.43971631205675
E00040804,402,75,30,45,327,25,302,18.65671641791045,7.462686567164178,11.194029850746269,81.34328358208955,6.218905472636816,75.12437810945273
E00040805,258,48,21,27,210,13,197,18.6046511627907,8.13953488372093,10.465116279069768,81.3953488372093,5.038759689922481,76.35658914728683
E00040806,193,92,41,51,101,14,87,47.66839378238342,21.243523316062177,26.42487046632124,52.331606217616574,7.253886010362693,45.07772020725388
E00040807,289,77,41,36,212,20,192,26.643598615916954,14.186851211072666,12.45674740484429,73.35640138408304,6.920415224913495,66.43598615916954
E00040808,369,94,44,50,275,22,253,25.474254742547426,11.924119241192411,13.550135501355012,74.52574525745257,5.9620596205962055,68.56368563685636
E00040809,315,38,16,22,277,18,259,12.063492063492063,5.079365079365079,6.984126984126984,87.93650793650794,5.714285714285714,82.22222222222221
E00040810,341,96,40,56,245,8,237,28.152492668621704,11.730205278592376,16.422287390029325,71.8475073313783,2.346041055718475,69.50146627565982
E00040811,361,60,33,27,301,5,296,16.62049861495845,9.141274238227147,7.479224376731302,83.37950138504155,1.3850415512465373,81.99445983379502
E00040812,351,96,50,46,255,18,237,27.350427350427353,14.245014245014245,13.105413105413104,72.64957264957265,5.128205128205128,67.52136752136752
E00040813,279,57,20,37,222,15,207,20.43010752688172,7.168458781362006,13.261648745519713,79.56989247311827,5.376344086021505,74.19354838709677
E00040814,291,44,15,29,247,15,232,15.120274914089347,5.154639175257731,9.965635738831615,84.87972508591065,5.154639175257731,79.72508591065292
E00040815,601,97,39,58,504,35,469,16.139767054908486,6.4891846921797,9.650582362728786,83.86023294509151,5.823627287853577,78.03660565723793
E00040816,292,69,35,34,223,20,203,23.63013698630137,11.986301369863012,11.643835616438356,76.36986301369863,6.8493150684931505,69.52054794520548
E00040817,300,58,26,32,242,16,226,19.333333333333332,8.666666666666668,10.666666666666668,80.66666666666666,5.333333333333334,75.33333333333333
E00040818,230,73,51,22,157,21,136,31.73913043478261,22.17391304347826,9.565217391304348,68.26086956521739,9.130434782608695,59.130434782608695
E00040819,347,73,38,35,274,14,260,21.037463976945244,10.951008645533141,10.086455331412104,78.96253602305475,4.034582132564841,74.92795389048992
E00040820,320,66,36,30,254,17,237,20.625,11.25,9.375,79.375,5.3125,74.0625
E00040821,260,59,35,24,201,14,187,22.692307692307693,13.461538461538462,9.230769230769232,77.3076923076923,5.384615384615385,71.92307692307692
E00040822,373,74,40,34,299,25,274,19.839142091152816,10.723860589812332,9.115281501340483,80.16085790884718,6.702412868632708,73.45844504021449
E00040823,243,68,31,37,175,19,156,27.983539094650205,12.757201646090536,15.22633744855967,72.0164609053498,7.818930041152264,64.19753086419753
E00040824,357,86,47,39,271,13,258,24.089635854341736,13.165266106442578,10.92436974789916,75.91036414565826,3.6414565826330536,72.26890756302521
E00040825,365,75,36,39,290,23,267,20.54794520547945,9.863013698630137,10.684931506849315,79.45205479452055,6.301369863013699,73.15068493150685
E00040826,273,56,27,29,217,23,194,20.51282051282051,9.89010989010989,10.622710622710622,79.48717948717949,8.424908424908425,71.06227106227107
E00040827,260,49,24,25,211,24,187,18.846153846153847,9.230769230769232,9.615384615384617,81.15384615384616,9.230769230769232,71.92307692307692
E00040828,340,71,35,36,269,20,249,20.88235294117647,10.294117647058822,10.588235294117647,79.11764705882352,5.88235294117647,73.23529411764706
E00040829,318,57,26,31,261,31,230,17.92452830188679,8.176100628930817,9.748427672955975,82.0754716981132,9.748427672955975,72.32704402515722
E00040830,289,58,29,29,231,13,218,20.069204152249135,10.034602076124568,10.034602076124568,79.93079584775087,4.498269896193772,75.4325259515571
E00040831,330,76,36,40,254,19,235,23.03030303030303,10.909090909090908,12.121212121212121,76.96969696969697,5.757575757575758,71.21212121212122
E00040832,365,76,39,37,289,27,262,20.82191780821918,10.684931506849315,10.136986301369863,79.17808219178082,7.397260273972603,71.78082191780823
E00040833,351,108,51,57,243,13,230,30.76923076923077,14.529914529914532,16.23931623931624,69.23076923076923,3.7037037037037033,65.52706552706553
E00040834,309,63,30,33,246,16,230,20.388349514563107,9.70873786407767,10.679611650485436,79.6116504854369,5.177993527508091,74.4336569579288
E00040835,317,70,39,31,247,22,225,22.082018927444793,12.302839116719243,9.779179810725552,77.91798107255521,6.940063091482649,70.97791798107255
E00040836,286,69,33,36,217,23,194,24.125874125874127,11.538461538461538,12.587412587412588,75.87412587412588,8.041958041958042,67.83216783216784
E00040837,239,67,39,28,172,19,153,28.03347280334728,16.317991631799163,11.715481171548117,71.96652719665272,7.949790794979079,64.01673640167364
E00040838,335,95,51,44,240,28,212,28.35820895522388,15.223880597014924,13.134328358208954,71.64179104477611,8.358208955223882,63.28358208955224
E00040839,322,77,35,42,245,21,224,23.91304347826087,10.869565217391305,13.043478260869565,76.08695652173914,6.521739130434782,69.56521739130434
E00040840,328,81,36,45,247,21,226,24.695121951219512,10.975609756097562,13.719512195121952,75.3048780487805,6.402439024390244,68.90243902439023
E00040841,353,95,39,56,258,18,240,26.912181303116146,11.048158640226628,15.864022662889518,73.08781869688386,5.099150141643059,67.98866855524079
E00040842,308,84,41,43,224,16,208,27.27272727272727,13.311688311688311,13.96103896103896,72.72727272727273,5.194805194805195,67.53246753246754
E00040843,275,51,26,25,224,16,208,18.545454545454547,9.454545454545455,9.090909090909092,81.45454545454545,5.818181818181818,75.63636363636364
E00040844,305,79,44,35,226,15,211,25.901639344262296,14.426229508196723,11.475409836065573,74.09836065573771,4.918032786885246,69.18032786885246
E00040845,317,71,30,41,246,18,228,22.397476340694006,9.46372239747634,12.933753943217665,77.60252365930599,5.678233438485805,71.92429022082018
E00040846,273,75,37,38,198,26,172,27.472527472527474,13.553113553113553,13.91941391941392,72.52747252747253,9.523809523809524,63.003663003663
E00040847,295,74,37,37,221,19,202,25.08474576271186,12.54237288135593,12.54237288135593,74.91525423728814,6.440677966101695,68.47457627118644
E00040848,383,78,31,47,305,17,288,20.365535248041773,8.093994778067886,12.27154046997389,79.63446475195822,4.43864229765013,75.19582245430809
E00040849,310,67,24,43,243,16,227,21.612903225806452,7.741935483870968,13.870967741935484,78.38709677419354,5.161290322580645,73.22580645161291
E00040850,369,81,37,44,288,14,274,21.951219512195124,10.02710027100271,11.924119241192411,78.04878048780488,3.7940379403794036,74.25474254742548
E00040851,144,76,33,43,68,4,64,52.77777777777778,22.916666666666664,29.86111111111111,47.22222222222222,2.7777777777777777,44.44444444444444
E00040852,388,94,54,40,294,27,267,24.22680412371134,13.917525773195877,10.309278350515463,75.77319587628865,6.958762886597938,68.81443298969072
E00040853,263,46,17,29,217,17,200,17.490494296577946,6.4638783269961975,11.02661596958175,82.50950570342205,6.4638783269961975,76.04562737642586
E00040854,173,57,23,34,116,7,109,32.947976878612714,13.294797687861271,19.653179190751445,67.05202312138728,4.046242774566474,63.005780346820806
E00040855,390,60,16,44,330,40,290,15.384615384615385,4.102564102564102,11.282051282051283,84.61538461538461,10.256410256410255,74.35897435897436
E00040856,313,83,31,52,230,14,216,26.517571884984026,9.904153354632587,16.61341853035144,73.48242811501598,4.472843450479233,69.00958466453673
E00040857,312,44,10,34,268,44,224,14.102564102564102,3.205128205128205,10.897435897435898,85.8974358974359,14.102564102564102,71.7948717948718
E00040858,285,39,9,30,246,38,208,13.684210526315791,3.1578947368421053,10.526315789473683,86.31578947368422,13.333333333333334,72.98245614035088
E00040859,304,48,17,31,256,25,231,15.789473684210526,5.592105263157895,10.197368421052632,84.21052631578947,8.223684210526317,75.98684210526315
E00040860,361,52,14,38,309,26,283,14.40443213296399,3.8781163434903045,10.526315789473683,85.59556786703601,7.202216066481995,78.39335180055402
E00040861,341,50,7,43,291,37,254,14.66275659824047,2.0527859237536656,12.609970674486803,85.33724340175954,10.850439882697946,74.48680351906158
E00040862,266,49,18,31,217,21,196,18.421052631578945,6.7669172932330826,11.654135338345863,81.57894736842105,7.894736842105263,73.68421052631578
E00040863,237,33,13,20,204,42,162,13.924050632911392,5.485232067510549,8.438818565400844,86.07594936708861,17.72151898734177,68.35443037974683
E00040864,372,38,7,31,334,35,299,10.21505376344086,1.881720430107527,8.333333333333332,89.78494623655914,9.408602150537634,80.3763440860215
E00040865,507,75,15,60,432,41,391,14.792899408284024,2.9585798816568047,11.834319526627219,85.20710059171599,8.086785009861932,77.12031558185404
E00040866,365,62,25,37,303,14,289,16.986301369863014,6.8493150684931505,10.136986301369863,83.01369863013699,3.8356164383561646,79.17808219178082
E00040867,343,63,21,42,280,32,248,18.367346938775512,6.122448979591836,12.244897959183673,81.63265306122449,9.329446064139942,72.30320699708454
E00040875,439,82,38,44,357,19,338,18.678815489749432,8.656036446469248,10.022779043280181,81.32118451025056,4.328018223234624,76.99316628701595
E00040877,387,63,18,45,324,40,284,16.27906976744186,4.651162790697675,11.627906976744185,83.72093023255815,10.335917312661499,73.38501291989664
E00040878,266,89,66,23,177,13,164,33.45864661654135,24.81203007518797,8.646616541353383,66.54135338345864,4.887218045112782,61.65413533834586
E00040879,272,37,12,25,235,30,205,13.602941176470587,4.411764705882353,9.191176470588236,86.39705882352942,11.029411764705882,75.36764705882352
E00040880,384,72,36,36,312,13,299,18.75,9.375,9.375,81.25,3.3854166666666665,77.86458333333334
E00040882,233,53,35,18,180,18,162,22.746781115879827,15.021459227467812,7.725321888412018,77.25321888412017,7.725321888412018,69.52789699570815
E00040883,339,97,52,45,242,15,227,28.613569321533923,15.339233038348082,13.274336283185843,71.38643067846607,4.424778761061947,66.96165191740413
E00040884,214,33,7,26,181,26,155,15.42056074766355,3.2710280373831773,12.149532710280374,84.57943925233646,12.149532710280374,72.42990654205607
E00040885,211,32,7,25,179,27,152,15.165876777251185,3.3175355450236967,11.848341232227488,84.83412322274881,12.796208530805686,72.03791469194313
E00040886,277,59,37,22,218,24,194,21.299638989169676,13.357400722021662,7.9422382671480145,78.70036101083032,8.664259927797833,70.03610108303249
E00040887,207,65,41,24,142,12,130,31.40096618357488,19.806763285024154,11.594202898550725,68.59903381642512,5.797101449275362,62.80193236714976
E00040888,283,79,47,32,204,12,192,27.915194346289752,16.607773851590103,11.307420494699647,72.08480565371025,4.240282685512367,67.84452296819788
E00040889,219,76,39,37,143,11,132,34.70319634703196,17.80821917808219,16.894977168949772,65.29680365296804,5.0228310502283104,60.273972602739725
E00040890,214,25,9,16,189,23,166,11.682242990654206,4.205607476635514,7.476635514018691,88.3177570093458,10.74766355140187,77.57009345794393
E00040891,353,91,55,36,262,18,244,25.77903682719547,15.58073654390935,10.198300283286118,74.22096317280453,5.099150141643059,69.12181303116147
E00040892,254,40,12,28,214,28,186,15.748031496062993,4.724409448818897,11.023622047244094,84.25196850393701,11.023622047244094,73.22834645669292
E00040893,426,101,56,45,325,33,292,23.708920187793428,13.145539906103288,10.56338028169014,76.29107981220658,7.746478873239436,68.54460093896714
E00040894,456,122,43,79,334,30,304,26.75438596491228,9.429824561403509,17.324561403508774,73.24561403508771,6.578947368421052,66.66666666666666
E00040895,374,76,16,60,298,28,270,20.32085561497326,4.27807486631016,16.042780748663102,79.67914438502673,7.4866310160427805,72.19251336898395
E00040896,295,39,13,26,256,39,217,13.220338983050848,4.406779661016949,8.813559322033898,86.77966101694915,13.220338983050848,73.5593220338983
E00040897,269,61,33,28,208,9,199,22.676579925650557,12.267657992565056,10.408921933085502,77.32342007434944,3.3457249070631967,73.97769516728626
E00040898,279,37,12,25,242,22,220,13.261648745519713,4.301075268817205,8.960573476702509,86.73835125448028,7.885304659498208,78.85304659498208
E00040899,319,58,21,37,261,32,229,18.181818181818183,6.583072100313479,11.598746081504702,81.81818181818183,10.031347962382444,71.78683385579937
E00040900,342,75,44,31,267,13,254,21.929824561403507,12.865497076023392,9.064327485380117,78.0701754385965,3.8011695906432745,74.26900584795322
E00040901,335,51,6,45,284,27,257,15.223880597014924,1.791044776119403,13.432835820895523,84.77611940298507,8.059701492537313,76.71641791044776
E00040902,355,43,9,34,312,24,288,12.112676056338028,2.535211267605634,9.577464788732394,87.88732394366198,6.760563380281689,81.12676056338029
E00040903,481,58,12,46,423,43,380,12.058212058212058,2.494802494802495,9.563409563409564,87.94178794178794,8.93970893970894,79.002079002079
E00040904,329,86,45,41,243,10,233,26.13981762917933,13.677811550151976,12.462006079027356,73.86018237082067,3.0395136778115504,70.82066869300911
E00040905,328,50,13,37,278,34,244,15.24390243902439,3.9634146341463414,11.28048780487805,84.7560975609756,10.365853658536585,74.39024390243902
E00040908,333,64,31,33,269,7,262,19.21921921921922,9.30930930930931,9.90990990990991,80.78078078078079,2.1021021021021022,78.67867867867868
E00040909,244,58,31,27,186,12,174,23.770491803278688,12.704918032786885,11.065573770491802,76.22950819672131,4.918032786885246,71.31147540983606
E00040911,263,52,22,30,211,17,194,19.771863117870723,8.365019011406844,11.406844106463879,80.22813688212928,6.4638783269961975,73.76425855513308
E00040912,263,35,15,20,228,28,200,13.307984790874524,5.7034220532319395,7.604562737642586,86.69201520912547,10.646387832699618,76.04562737642586
E00040913,306,62,25,37,244,32,212,20.26143790849673,8.169934640522875,12.091503267973856,79.73856209150327,10.457516339869281,69.28104575163398
E00040914,311,72,39,33,239,20,219,23.15112540192926,12.540192926045016,10.610932475884244,76.84887459807074,6.430868167202572,70.41800643086816
E00040915,376,98,43,55,278,24,254,26.063829787234045,11.436170212765957,14.627659574468085,73.93617021276596,6.382978723404255,67.5531914893617
E00040916,343,96,49,47,247,19,228,27.988338192419825,14.285714285714285,13.702623906705538,72.01166180758017,5.539358600583091,66.47230320699708
E00040917,284,98,50,48,186,16,170,34.50704225352113,17.6056338028169,16.901408450704224,65.49295774647888,5.633802816901409,59.859154929577464
E00040918,325,91,38,53,234,15,219,28.000000000000004,11.692307692307692,16.307692307692307,72,4.615384615384616,67.38461538461539
E00040919,246,107,64,43,139,17,122,43.49593495934959,26.01626016260163,17.479674796747968,56.50406504065041,6.910569105691057,49.59349593495935
E00040920,333,80,38,42,253,24,229,24.024024024024023,11.411411411411411,12.612612612612612,75.97597597597597,7.207207207207207,68.76876876876878
E00040921,371,112,55,57,259,24,235,30.18867924528302,14.824797843665769,15.363881401617252,69.81132075471697,6.46900269541779,63.342318059299195
E00040922,384,94,52,42,290,33,257,24.479166666666664,13.541666666666666,10.9375,75.52083333333334,8.59375,66.92708333333334
E00040923,286,70,32,38,216,11,205,24.475524475524477,11.188811188811188,13.286713286713287,75.52447552447552,3.8461538461538463,71.67832167832168
E00040924,388,111,47,64,277,18,259,28.60824742268041,12.11340206185567,16.49484536082474,71.3917525773196,4.639175257731959,66.75257731958763
E00040925,254,57,26,31,197,25,172,22.440944881889763,10.236220472440944,12.204724409448819,77.55905511811024,9.84251968503937,67.71653543307087
E00040926,335,77,43,34,258,15,243,22.98507462686567,12.835820895522387,10.149253731343283,77.01492537313432,4.477611940298507,72.53731343283583
E00040927,401,77,31,46,324,38,286,19.201995012468828,7.73067331670823,11.471321695760599,80.79800498753117,9.476309226932669,71.3216957605985
E00040928,281,96,61,35,185,15,170,34.16370106761566,21.70818505338078,12.455516014234876,65.83629893238434,5.338078291814947,60.4982206405694
E00040929,144,53,24,29,91,5,86,36.80555555555556,16.666666666666664,20.13888888888889,63.19444444444444,3.4722222222222223,59.72222222222222
E00040930,250,75,29,46,175,14,161,30,11.600000000000001,18.4,70,5.6000000000000005,64.4
E00040931,216,73,29,44,143,8,135,33.7962962962963,13.425925925925927,20.37037037037037,66.20370370370371,3.7037037037037033,62.5
E00040932,292,77,37,40,215,20,195,26.36986301369863,12.67123287671233,13.698630136986301,73.63013698630137,6.8493150684931505,66.78082191780823
E00040933,259,73,33,40,186,10,176,28.185328185328185,12.741312741312742,15.444015444015443,71.81467181467181,3.861003861003861,67.95366795366795
E00040934,291,53,27,26,238,19,219,18.213058419243985,9.278350515463918,8.934707903780069,81.78694158075601,6.529209621993128,75.25773195876289
E00040935,320,82,42,40,238,22,216,25.624999999999996,13.125,12.5,74.375,6.875000000000001,67.5
E00040936,211,52,22,30,159,9,150,24.644549763033176,10.42654028436019,14.218009478672986,75.35545023696683,4.265402843601896,71.09004739336493
E00040938,241,34,14,20,207,17,190,14.107883817427386,5.809128630705394,8.29875518672199,85.89211618257261,7.053941908713693,78.83817427385893
E00040939,164,44,19,25,120,6,114,26.82926829268293,11.585365853658537,15.24390243902439,73.17073170731707,3.6585365853658534,69.51219512195121
E00040940,269,60,25,35,209,20,189,22.304832713754646,9.293680297397769,13.011152416356877,77.69516728624535,7.434944237918216,70.26022304832715
E00040941,339,78,31,47,261,24,237,23.008849557522122,9.144542772861357,13.864306784660767,76.99115044247787,7.079646017699115,69.91150442477876
E00040942,205,55,32,23,150,12,138,26.82926829268293,15.609756097560975,11.219512195121952,73.17073170731707,5.853658536585367,67.31707317073172
E00040944,193,41,21,20,152,12,140,21.243523316062177,10.880829015544041,10.362694300518134,78.75647668393782,6.217616580310881,72.53886010362694
E00040945,230,40,18,22,190,27,163,17.391304347826086,7.82608695652174,9.565217391304348,82.6086956521739,11.73913043478261,70.86956521739131
E00040946,234,66,34,32,168,13,155,28.205128205128204,14.529914529914532,13.675213675213676,71.7948717948718,5.555555555555555,66.23931623931624
E00040947,231,65,26,39,166,10,156,28.13852813852814,11.255411255411255,16.883116883116884,71.86147186147186,4.329004329004329,67.53246753246754
E00040948,235,85,47,38,150,9,141,36.17021276595745,20,16.170212765957448,63.829787234042556,3.829787234042553,60
E00040949,318,73,31,42,245,23,222,22.955974842767297,9.748427672955975,13.20754716981132,77.04402515723271,7.232704402515723,69.81132075471697
E00040950,245,53,23,30,192,29,163,21.63265306122449,9.387755102040817,12.244897959183673,78.36734693877551,11.83673469387755,66.53061224489795
E00040951,342,81,35,46,261,36,225,23.684210526315788,10.23391812865497,13.450292397660817,76.31578947368422,10.526315789473683,65.78947368421053
E00040952,415,50,17,33,365,30,335,12.048192771084338,4.096385542168675,7.951807228915662,87.95180722891565,7.228915662650602,80.72289156626506
E00040953,143,41,20,21,102,15,87,28.671328671328673,13.986013986013987,14.685314685314685,71.32867132867133,10.48951048951049,60.83916083916085
E00040954,208,30,9,21,178,16,162,14.423076923076922,4.326923076923077,10.096153846153847,85.57692307692307,7.6923076923076925,77.88461538461539
E00040955,200,46,13,33,154,14,140,23,6.5,16.5,77,7.000000000000001,70
E00040956,178,54,23,31,124,16,108,30.337078651685395,12.921348314606742,17.415730337078653,69.66292134831461,8.98876404494382,60.67415730337079
E00040957,284,42,8,34,242,30,212,14.788732394366196,2.8169014084507045,11.971830985915492,85.2112676056338,10.56338028169014,74.64788732394366
E00040958,248,44,20,24,204,20,184,17.741935483870968,8.064516129032258,9.67741935483871,82.25806451612904,8.064516129032258,74.19354838709677
E00040959,182,36,13,23,146,14,132,19.78021978021978,7.142857142857142,12.637362637362637,80.21978021978022,7.6923076923076925,72.52747252747253
E00040960,235,67,31,36,168,16,152,28.510638297872344,13.191489361702127,15.319148936170212,71.48936170212767,6.808510638297872,64.68085106382979
E00040961,268,58,26,32,210,21,189,21.641791044776117,9.701492537313433,11.940298507462686,78.35820895522389,7.835820895522389,70.52238805970148
E00040962,200,53,22,31,147,15,132,26.5,11,15.5,73.5,7.5,66
E00040963,242,59,31,28,183,16,167,24.380165289256198,12.8099173553719,11.570247933884298,75.6198347107438,6.6115702479338845,69.00826446280992
E00040964,239,55,27,28,184,20,164,23.01255230125523,11.297071129707113,11.715481171548117,76.98744769874477,8.368200836820083,68.6192468619247
E00040965,279,63,37,26,216,15,201,22.58064516129032,13.261648745519713,9.31899641577061,77.41935483870968,5.376344086021505,72.04301075268818
E00040966,205,64,30,34,141,16,125,31.21951219512195,14.634146341463413,16.585365853658537,68.78048780487805,7.804878048780488,60.97560975609756
E00040967,269,67,33,34,202,11,191,24.907063197026023,12.267657992565056,12.639405204460965,75.09293680297398,4.089219330855019,71.00371747211895
E00040968,346,75,34,41,271,20,251,21.67630057803468,9.826589595375722,11.849710982658959,78.32369942196532,5.780346820809249,72.54335260115607
E00040969,272,34,15,19,238,12,226,12.5,5.514705882352941,6.985294117647059,87.5,4.411764705882353,83.08823529411765
E00040970,257,68,32,36,189,18,171,26.459143968871597,12.45136186770428,14.007782101167315,73.54085603112841,7.003891050583658,66.53696498054474
E00040971,464,67,25,42,397,23,374,14.439655172413794,5.387931034482758,9.051724137931034,85.5603448275862,4.956896551724138,80.60344827586206
E00040972,160,56,31,25,104,14,90,35,19.375,15.625,65,8.75,56.25
E00040973,314,52,18,34,262,27,235,16.560509554140125,5.7324840764331215,10.828025477707007,83.43949044585987,8.598726114649681,74.84076433121018
E00040974,289,51,13,38,238,27,211,17.647058823529413,4.498269896193772,13.148788927335639,82.35294117647058,9.342560553633218,73.01038062283737
E00040975,228,56,18,38,172,29,143,24.561403508771928,7.894736842105263,16.666666666666664,75.43859649122807,12.719298245614036,62.71929824561403
E00040976,231,57,30,27,174,18,156,24.675324675324674,12.987012987012985,11.688311688311687,75.32467532467533,7.792207792207792,67.53246753246754
E00040977,249,47,18,29,202,21,181,18.87550200803213,7.228915662650602,11.646586345381527,81.12449799196787,8.433734939759036,72.69076305220884
E00040978,283,48,12,36,235,15,220,16.96113074204947,4.240282685512367,12.7208480565371,83.03886925795054,5.30035335689046,77.73851590106007
E00040979,305,74,29,45,231,12,219,24.262295081967213,9.508196721311474,14.754098360655737,75.73770491803279,3.934426229508197,71.80327868852459
E00040980,268,68,36,32,200,21,179,25.37313432835821,13.432835820895523,11.940298507462686,74.6268656716418,7.835820895522389,66.7910447761194
E00040981,271,73,33,40,198,16,182,26.937269372693727,12.177121771217712,14.760147601476014,73.06273062730627,5.904059040590406,67.15867158671587
E00040982,246,66,38,28,180,13,167,26.82926829268293,15.447154471544716,11.38211382113821,73.17073170731707,5.284552845528456,67.88617886178862
E00040983,238,63,31,32,175,17,158,26.47058823529412,13.025210084033615,13.445378151260504,73.52941176470588,7.142857142857142,66.38655462184873
E00040984,192,45,24,21,147,5,142,23.4375,12.5,10.9375,76.5625,2.604166666666667,73.95833333333334
E00040985,313,91,37,54,222,22,200,29.073482428115017,11.821086261980831,17.252396166134183,70.92651757188499,7.0287539936102235,63.897763578274756
E00040986,304,62,28,34,242,16,226,20.394736842105264,9.210526315789473,11.18421052631579,79.60526315789474,5.263157894736842,74.3421052631579
E00040987,235,38,15,23,197,17,180,16.170212765957448,6.382978723404255,9.787234042553191,83.82978723404256,7.234042553191489,76.59574468085107
E00040988,341,85,43,42,256,20,236,24.926686217008797,12.609970674486803,12.316715542521994,75.0733137829912,5.865102639296188,69.20821114369502
E00040989,299,47,22,25,252,17,235,15.719063545150503,7.357859531772576,8.361204013377927,84.2809364548495,5.68561872909699,78.59531772575251
E00040990,240,51,22,29,189,16,173,21.25,9.166666666666666,12.083333333333334,78.75,6.666666666666667,72.08333333333333
E00040991,244,58,31,27,186,14,172,23.770491803278688,12.704918032786885,11.065573770491802,76.22950819672131,5.737704918032787,70.49180327868852
E00040992,195,46,23,23,149,22,127,23.589743589743588,11.794871794871794,11.794871794871794,76.41025641025641,11.282051282051283,65.12820512820512
E00040993,274,53,20,33,221,22,199,19.34306569343066,7.2992700729927,12.043795620437956,80.65693430656934,8.02919708029197,72.62773722627736
E00040994,306,83,42,41,223,17,206,27.124183006535947,13.725490196078432,13.398692810457517,72.87581699346404,5.555555555555555,67.3202614379085
E00040995,223,41,19,22,182,19,163,18.385650224215247,8.520179372197308,9.865470852017937,81.61434977578476,8.520179372197308,73.09417040358744
E00040996,278,41,18,23,237,21,216,14.748201438848922,6.474820143884892,8.273381294964029,85.25179856115108,7.553956834532374,77.6978417266187
E00040997,269,71,32,39,198,29,169,26.394052044609666,11.895910780669144,14.49814126394052,73.60594795539033,10.780669144981413,62.825278810408925
E00040998,393,76,29,47,317,27,290,19.338422391857506,7.37913486005089,11.959287531806616,80.6615776081425,6.870229007633588,73.79134860050891
E00040999,280,96,55,41,184,18,166,34.285714285714285,19.642857142857142,14.642857142857144,65.71428571428571,6.428571428571428,59.285714285714285
E00041000,296,76,33,43,220,20,200,25.675675675675674,11.14864864864865,14.527027027027026,74.32432432432432,6.756756756756757,67.56756756756756
E00041001,308,79,33,46,229,17,212,25.649350649350648,10.714285714285714,14.935064935064934,74.35064935064936,5.51948051948052,68.83116883116884
E00041002,295,66,29,37,229,21,208,22.372881355932204,9.830508474576272,12.54237288135593,77.62711864406779,7.118644067796611,70.50847457627118
E00041003,296,70,30,40,226,20,206,23.64864864864865,10.135135135135135,13.513513513513514,76.35135135135135,6.756756756756757,69.5945945945946
E00041004,161,63,26,37,98,6,92,39.130434782608695,16.149068322981368,22.981366459627328,60.86956521739131,3.7267080745341614,57.14285714285714
E00041005,253,58,20,38,195,19,176,22.92490118577075,7.905138339920949,15.019762845849801,77.07509881422925,7.5098814229249005,69.56521739130434
E00041006,272,133,70,63,139,15,124,48.89705882352941,25.735294117647058,23.161764705882355,51.10294117647059,5.514705882352941,45.588235294117645
E00041007,248,56,15,41,192,21,171,22.58064516129032,6.048387096774194,16.532258064516128,77.41935483870968,8.46774193548387,68.95161290322581
E00041008,237,53,32,21,184,14,170,22.362869198312236,13.502109704641349,8.860759493670885,77.63713080168776,5.9071729957805905,71.72995780590718
E00041009,297,59,23,36,238,29,209,19.865319865319865,7.744107744107744,12.121212121212121,80.13468013468014,9.764309764309765,70.37037037037037
E00041010,244,40,15,25,204,21,183,16.39344262295082,6.147540983606557,10.245901639344263,83.60655737704919,8.60655737704918,75
E00041011,254,63,26,37,191,11,180,24.803149606299215,10.236220472440944,14.566929133858267,75.19685039370079,4.330708661417323,70.86614173228347
E00041012,261,61,42,19,200,10,190,23.371647509578544,16.091954022988507,7.2796934865900385,76.62835249042146,3.8314176245210727,72.79693486590038
E00041013,253,75,36,39,178,11,167,29.64426877470356,14.229249011857709,15.41501976284585,70.35573122529645,4.3478260869565215,66.00790513833992
E00041014,283,59,25,34,224,20,204,20.848056537102476,8.8339222614841,12.014134275618375,79.15194346289752,7.06713780918728,72.08480565371025
E00041015,167,31,15,16,136,9,127,18.562874251497004,8.982035928143713,9.580838323353294,81.437125748502993,5.389221556886228,76.04790419161677
E00041016,228,47,19,28,181,22,159,20.614035087719298,8.333333333333332,12.280701754385964,79.3859649122807,9.649122807017543,69.73684210526315
E00041017,269,79,35,44,190,18,172,29.36802973977695,13.011152416356877,16.356877323420075,70.63197026022306,6.691449814126393,63.94052044609665
E00041018,296,58,28,30,238,28,210,19.594594594594593,9.45945945945946,10.135135135135135,80.4054054054054,9.45945945945946,70.94594594594594
E00041019,402,74,18,56,328,38,290,18.407960199004975,4.477611940298507,13.930348258706468,81.59203980099502,9.45273631840796,72.13930348258707
E00041020,355,63,33,30,292,18,274,17.74647887323944,9.295774647887324,8.450704225352112,82.25352112676056,5.070422535211268,77.1830985915493
E00041021,206,52,23,29,154,13,141,25.24271844660194,11.165048543689322,14.077669902912621,74.75728155339806,6.310679611650485,68.44660194174757
E00041022,265,65,28,37,200,15,185,24.528301886792452,10.566037735849058,13.962264150943396,75.47169811320755,5.660377358490567,69.81132075471697
E00041024,344,113,59,54,231,22,209,32.848837209302324,17.151162790697676,15.69767441860465,67.15116279069767,6.395348837209303,60.75581395348837
E00041026,242,56,22,34,186,12,174,23.140495867768596,9.090909090909092,14.049586776859504,76.85950413223141,4.958677685950414,71.900826446281
E00041027,308,67,35,32,241,8,233,21.753246753246753,11.363636363636363,10.38961038961039,78.24675324675324,2.5974025974025974,75.64935064935064
E00041029,183,49,25,24,134,14,120,26.775956284153008,13.661202185792352,13.114754098360656,73.224043715847,7.650273224043716,65.57377049180327
E00041030,252,68,37,31,184,17,167,26.984126984126984,14.682539682539684,12.3015873015873,73.01587301587301,6.746031746031746,66.26984126984127
E00041031,232,69,26,43,163,10,153,29.74137931034483,11.206896551724139,18.53448275862069,70.25862068965517,4.310344827586207,65.94827586206897
E00041032,272,74,39,35,198,16,182,27.205882352941174,14.338235294117647,12.867647058823529,72.79411764705883,5.88235294117647,66.91176470588235
E00041034,277,44,17,27,233,24,209,15.884476534296029,6.137184115523466,9.747292418772563,84.11552346570397,8.664259927797833,75.45126353790613
E00041035,258,80,38,42,178,16,162,31.007751937984494,14.728682170542637,16.27906976744186,68.9922480620155,6.2015503875969,62.7906976744186
E00041036,273,68,31,37,205,9,196,24.90842490842491,11.355311355311356,13.553113553113553,75.0915750915751,3.296703296703297,71.7948717948718
E00041037,333,105,67,38,228,14,214,31.53153153153153,20.12012012012012,11.411411411411411,68.46846846846847,4.2042042042042045,64.26426426426426
E00041038,285,79,45,34,206,20,186,27.719298245614034,15.789473684210526,11.929824561403509,72.28070175438597,7.017543859649122,65.26315789473685
E00041039,138,32,15,17,106,8,98,23.18840579710145,10.869565217391305,12.318840579710146,76.81159420289855,5.797101449275362,71.01449275362319
E00041040,332,58,31,27,274,20,254,17.46987951807229,9.33734939759036,8.132530120481928,82.53012048192771,6.024096385542169,76.50602409638554
E00041041,178,34,18,16,144,11,133,19.101123595505616,10.112359550561797,8.98876404494382,80.89887640449437,6.179775280898876,74.71910112359551
E00041043,216,53,21,32,163,14,149,24.537037037037038,9.722222222222223,14.814814814814813,75.46296296296296,6.481481481481481,68.98148148148148
E00041044,343,89,41,48,254,16,238,25.94752186588921,11.9533527696793,13.994169096209912,74.05247813411079,4.664723032069971,69.38775510204081
E00041045,281,69,34,35,212,13,199,24.555160142348754,12.099644128113878,12.455516014234876,75.44483985765125,4.6263345195729535,70.8185053380783
E00041046,266,66,26,40,200,12,188,24.81203007518797,9.774436090225564,15.037593984962406,75.18796992481202,4.511278195488721,70.67669172932331
E00041048,296,61,23,38,235,19,216,20.60810810810811,7.77027027027027,12.837837837837837,79.3918918918919,6.418918918918918,72.97297297297297
E00041049,108,34,20,14,74,10,64,31.48148148148148,18.51851851851852,12.962962962962962,68.51851851851852,9.25925925925926,59.25925925925925
E00041050,190,66,30,36,124,8,116,34.73684210526316,15.789473684210526,18.947368421052634,65.26315789473685,4.2105263157894735,61.05263157894737
E00041051,272,68,38,30,204,10,194,25,13.970588235294118,11.029411764705882,75,3.6764705882352944,71.32352941176471
E00041054,401,52,16,36,349,33,316,12.967581047381547,3.99002493765586,8.977556109725686,87.03241895261846,8.229426433915211,78.80299251870323
E00041055,327,77,37,40,250,17,233,23.547400611620795,11.314984709480122,12.232415902140673,76.45259938837921,5.198776758409786,71.25382262996942
E00041057,251,88,46,42,163,14,149,35.0597609561753,18.326693227091635,16.733067729083665,64.9402390438247,5.577689243027888,59.36254980079681
E00041060,587,134,55,79,453,30,423,22.82793867120954,9.369676320272573,13.458262350936966,77.17206132879046,5.110732538330494,72.06132879045997
E00041061,264,41,12,29,223,29,194,15.530303030303031,4.545454545454546,10.984848484848484,84.46969696969697,10.984848484848484,73.48484848484848
E00041062,274,78,48,30,196,19,177,28.467153284671532,17.51824817518248,10.948905109489052,71.53284671532847,6.934306569343065,64.59854014598541
E00041063,270,67,29,38,203,12,191,24.814814814814813,10.74074074074074,14.074074074074074,75.18518518518519,4.444444444444445,70.74074074074073
E00041064,211,62,43,19,149,18,131,29.383886255924168,20.379146919431278,9.004739336492891,70.61611374407583,8.530805687203792,62.08530805687204
E00041065,257,90,49,41,167,14,153,35.019455252918284,19.06614785992218,15.953307392996107,64.98054474708171,5.447470817120623,59.53307392996109
E00041066,357,87,46,41,270,32,238,24.369747899159663,12.885154061624648,11.484593837535014,75.63025210084034,8.96358543417367,66.66666666666666
E00041070,446,97,42,55,349,47,302,21.748878923766814,9.417040358744394,12.331838565022421,78.25112107623319,10.538116591928251,67.71300448430493
E00041071,343,56,19,37,287,22,265,16.3265306122449,5.539358600583091,10.787172011661808,83.6734693877551,6.41399416909621,77.25947521865889
E00041072,265,44,18,26,221,22,199,16.60377358490566,6.7924528301886795,9.811320754716983,83.39622641509435,8.30188679245283,75.09433962264151
E00041073,344,55,15,40,289,22,267,15.988372093023257,4.3604651162790695,11.627906976744185,84.01162790697676,6.395348837209303,77.61627906976744
E00041074,201,72,37,35,129,10,119,35.82089552238806,18.407960199004975,17.412935323383085,64.17910447761194,4.975124378109453,59.20398009950249
E00041075,306,47,18,29,259,37,222,15.359477124183007,5.88235294117647,9.477124183006536,84.640522875817,12.091503267973856,72.54901960784314
E00041076,219,32,8,24,187,14,173,14.61187214611872,3.65296803652968,10.95890410958904,85.38812785388129,6.392694063926941,78.99543378995433
E00041077,372,34,9,25,338,28,310,9.13978494623656,2.4193548387096775,6.720430107526881,90.86021505376344,7.526881720430108,83.33333333333334
E00041078,496,70,23,47,426,26,400,14.112903225806454,4.637096774193548,9.475806451612904,85.88709677419355,5.241935483870968,80.64516129032258
E00041079,409,61,20,41,348,25,323,14.91442542787286,4.88997555012225,10.024449877750612,85.08557457212714,6.112469437652812,78.97310513447434
E00041080,369,65,27,38,304,17,287,17.615176151761517,7.317073170731707,10.29810298102981,82.38482384823848,4.607046070460704,77.77777777777779
E00041081,362,57,22,35,305,20,285,15.745856353591158,6.077348066298343,9.668508287292818,84.25414364640883,5.524861878453039,78.72928176795581
E00041082,310,55,19,36,255,14,241,17.741935483870968,6.129032258064516,11.612903225806452,82.25806451612904,4.516129032258064,77.74193548387098
E00041083,184,38,10,28,146,12,134,20.652173913043477,5.434782608695652,15.217391304347828,79.34782608695652,6.521739130434782,72.82608695652173
E00041084,310,33,11,22,277,15,262,10.64516129032258,3.5483870967741935,7.096774193548387,89.35483870967742,4.838709677419355,84.51612903225806
E00041085,279,54,20,34,225,27,198,19.35483870967742,7.168458781362006,12.186379928315413,80.64516129032258,9.67741935483871,70.96774193548387
E00041086,509,57,18,39,452,14,438,11.19842829076621,3.536345776031434,7.662082514734774,88.8015717092338,2.75049115913556,86.05108055009823
E00041087,265,58,25,33,207,13,194,21.88679245283019,9.433962264150944,12.452830188679245,78.11320754716982,4.905660377358491,73.20754716981132
E00041088,364,46,19,27,318,30,288,12.637362637362637,5.21978021978022,7.417582417582418,87.36263736263736,8.241758241758241,79.12087912087912
E00041089,359,64,28,36,295,22,273,17.827298050139277,7.7994428969359335,10.027855153203342,82.17270194986072,6.128133704735376,76.04456824512535
E00041090,385,77,31,46,308,15,293,20,8.051948051948052,11.948051948051948,80,3.896103896103896,76.1038961038961
E00041091,283,36,8,28,247,16,231,12.7208480565371,2.8268551236749118,9.89399293286219,87.27915194346289,5.6537102473498235,81.62544169611307
E00041092,308,75,25,50,233,18,215,24.350649350649352,8.116883116883116,16.233766233766232,75.64935064935064,5.844155844155844,69.8051948051948
E00041093,388,64,20,44,324,35,289,16.49484536082474,5.154639175257731,11.34020618556701,83.50515463917526,9.02061855670103,74.48453608247422
E00041094,353,65,18,47,288,27,261,18.413597733711047,5.099150141643059,13.314447592067987,81.58640226628894,7.64872521246459,73.93767705382436
E00041095,167,50,24,26,117,5,112,29.94011976047904,14.37125748502994,15.568862275449103,70.05988023952095,2.9940119760479043,67.06586826347305
E00041098,311,57,22,35,254,16,238,18.327974276527332,7.07395498392283,11.254019292604502,81.67202572347267,5.144694533762058,76.52733118971061
E00041099,456,59,17,42,397,22,375,12.938596491228072,3.7280701754385963,9.210526315789473,87.06140350877193,4.824561403508771,82.23684210526315
E00041100,345,48,23,25,297,19,278,13.91304347826087,6.666666666666667,7.246376811594203,86.08695652173914,5.507246376811594,80.57971014492755
E00041101,321,43,16,27,278,14,264,13.395638629283487,4.984423676012461,8.411214953271028,86.6043613707165,4.361370716510903,82.2429906542056
E00041102,454,88,37,51,366,22,344,19.383259911894275,8.149779735682818,11.233480176211454,80.61674008810573,4.845814977973569,75.77092511013215
E00041103,423,103,60,43,320,35,285,24.349881796690305,14.184397163120568,10.16548463356974,75.65011820330969,8.274231678486997,67.37588652482269
E00041105,263,53,31,22,210,13,197,20.15209125475285,11.787072243346007,8.365019011406844,79.84790874524715,4.942965779467681,74.90494296577947
E00041106,260,41,23,18,219,7,212,15.769230769230768,8.846153846153847,6.923076923076923,84.23076923076923,2.6923076923076925,81.53846153846153
E00041107,218,31,11,20,187,31,156,14.220183486238533,5.045871559633028,9.174311926605505,85.77981651376146,14.220183486238533,71.55963302752293
E00041109,328,54,33,21,274,6,268,16.463414634146343,10.060975609756099,6.402439024390244,83.53658536585365,1.8292682926829267,81.70731707317073
E00041110,502,67,7,60,435,39,396,13.346613545816732,1.394422310756972,11.952191235059761,86.65338645418326,7.768924302788845,78.88446215139442
E00041111,242,52,25,27,190,6,184,21.487603305785125,10.330578512396695,11.15702479338843,78.51239669421489,2.479338842975207,76.03305785123968
E00041112,610,105,32,73,505,36,469,17.21311475409836,5.245901639344262,11.967213114754099,82.78688524590164,5.901639344262295,76.88524590163934
E00041113,283,65,33,32,218,8,210,22.968197879858657,11.66077738515901,11.307420494699647,77.03180212014135,2.8268551236749118,74.20494699646643
E00041114,292,72,37,35,220,13,207,24.65753424657534,12.67123287671233,11.986301369863012,75.34246575342466,4.4520547945205475,70.8904109589041
E00041116,348,51,20,31,297,20,277,14.655172413793101,5.747126436781609,8.908045977011495,85.34482758620689,5.747126436781609,79.59770114942529
E00041117,211,50,24,26,161,10,151,23.696682464454977,11.374407582938389,12.322274881516588,76.30331753554502,4.739336492890995,71.56398104265402
E00041118,255,66,40,26,189,11,178,25.882352941176475,15.686274509803921,10.196078431372548,74.11764705882354,4.313725490196078,69.80392156862744
E00041119,351,51,23,28,300,32,268,14.529914529914532,6.552706552706552,7.977207977207977,85.47008547008546,9.116809116809117,76.35327635327636
E00041120,316,83,46,37,233,19,214,26.265822784810126,14.556962025316455,11.708860759493671,73.73417721518987,6.012658227848101,67.72151898734177
E00041121,470,87,33,54,383,26,357,18.51063829787234,7.021276595744681,11.48936170212766,81.48936170212767,5.531914893617021,75.95744680851064
E00041123,337,58,30,28,279,25,254,17.210682492581604,8.902077151335313,8.30860534124629,82.7893175074184,7.418397626112759,75.37091988130564
E00041124,409,92,41,51,317,24,293,22.493887530562347,10.024449877750612,12.469437652811736,77.50611246943765,5.8679706601467,71.63814180929096
E00041125,274,71,36,35,203,18,185,25.91240875912409,13.138686131386862,12.773722627737227,74.08759124087592,6.569343065693431,67.51824817518248
E00041126,228,85,39,46,143,14,129,37.280701754385966,17.105263157894736,20.175438596491226,62.71929824561403,6.140350877192982,56.57894736842105
E00041128,281,89,47,42,192,25,167,31.672597864768683,16.72597864768683,14.94661921708185,68.32740213523132,8.896797153024911,59.430604982206404
E00041129,282,74,31,43,208,18,190,26.24113475177305,10.99290780141844,15.24822695035461,73.75886524822694,6.382978723404255,67.37588652482269
E00041130,230,75,36,39,155,10,145,32.608695652173914,15.65217391304348,16.956521739130434,67.3913043478261,4.3478260869565215,63.04347826086957
E00041131,326,94,34,60,232,19,213,28.834355828220858,10.429447852760736,18.404907975460123,71.16564417177914,5.828220858895705,65.33742331288343
E00041132,266,75,36,39,191,13,178,28.195488721804512,13.533834586466165,14.661654135338345,71.80451127819549,4.887218045112782,66.9172932330827
E00041133,332,77,40,37,255,13,242,23.19277108433735,12.048192771084338,11.144578313253012,76.80722891566265,3.91566265060241,72.89156626506023
E00041134,311,81,28,53,230,19,211,26.04501607717042,9.003215434083602,17.041800643086816,73.95498392282958,6.109324758842444,67.84565916398714
E00041135,317,76,31,45,241,13,228,23.974763406940063,9.779179810725552,14.195583596214512,76.02523659305994,4.100946372239748,71.92429022082018
E00041136,279,58,24,34,221,21,200,20.78853046594982,8.60215053763441,12.186379928315413,79.21146953405018,7.526881720430108,71.68458781362007
E00041137,300,63,27,36,237,16,221,21,9,12,79,5.333333333333334,73.66666666666667
E00041138,280,71,29,42,209,9,200,25.357142857142854,10.357142857142858,15,74.64285714285714,3.214285714285714,71.42857142857143
E00041139,231,66,28,38,165,12,153,28.57142857142857,12.121212121212121,16.450216450216452,71.42857142857143,5.194805194805195,66.23376623376623
E00041140,317,64,30,34,253,29,224,20.189274447949526,9.46372239747634,10.725552050473187,79.81072555205047,9.14826498422713,70.66246056782335
E00041142,226,70,38,32,156,15,141,30.973451327433626,16.8141592920354,14.15929203539823,69.02654867256636,6.637168141592921,62.38938053097345
E00041143,243,55,30,25,188,16,172,22.633744855967077,12.345679012345679,10.2880658436214,77.36625514403292,6.584362139917696,70.78189300411523
E00041145,453,128,85,43,325,29,296,28.2560706401766,18.76379690949227,9.492273730684326,71.7439293598234,6.401766004415011,65.34216335540839
E00041146,390,76,40,36,314,26,288,19.48717948717949,10.256410256410255,9.230769230769232,80.51282051282051,6.666666666666667,73.84615384615385
E00041147,292,71,44,27,221,23,198,24.315068493150687,15.068493150684931,9.246575342465754,75.68493150684932,7.876712328767123,67.8082191780822
E00041148,373,90,50,40,283,19,264,24.128686327077748,13.404825737265416,10.723860589812332,75.87131367292224,5.093833780160858,70.77747989276139
E00041149,358,98,39,59,260,18,242,27.37430167597765,10.893854748603351,16.480446927374302,72.62569832402235,5.027932960893855,67.59776536312849
E00041150,224,72,38,34,152,8,144,32.142857142857146,16.964285714285715,15.178571428571427,67.85714285714286,3.571428571428571,64.28571428571429
E00041151,302,88,46,42,214,21,193,29.13907284768212,15.2317880794702,13.90728476821192,70.86092715231787,6.95364238410596,63.90728476821192
E00041152,254,57,23,34,197,19,178,22.440944881889763,9.05511811023622,13.385826771653544,77.55905511811024,7.480314960629922,70.07874015748031
E00041153,229,61,39,22,168,15,153,26.637554585152838,17.03056768558952,9.606986899563319,73.36244541484717,6.550218340611353,66.8122270742358
E00041154,318,80,32,48,238,14,224,25.157232704402517,10.062893081761008,15.09433962264151,74.84276729559748,4.40251572327044,70.44025157232704
E00041155,285,107,60,47,178,10,168,37.54385964912281,21.052631578947366,16.49122807017544,62.4561403508772,3.508771929824561,58.94736842105262
E00041157,347,87,42,45,260,18,242,25.072046109510087,12.103746397694524,12.968299711815561,74.92795389048992,5.187319884726225,69.7406340057637
E00041158,139,39,21,18,100,6,94,28.05755395683453,15.107913669064748,12.949640287769784,71.94244604316546,4.316546762589928,67.62589928057554
E00041159,305,72,38,34,233,14,219,23.60655737704918,12.459016393442624,11.147540983606557,76.39344262295083,4.590163934426229,71.80327868852459
E00041160,247,78,39,39,169,10,159,31.57894736842105,15.789473684210526,15.789473684210526,68.42105263157895,4.048582995951417,64.37246963562752
E00041161,378,76,31,45,302,24,278,20.105820105820104,8.201058201058201,11.904761904761903,79.8941798941799,6.349206349206349,73.54497354497354
E00041162,198,49,19,30,149,12,137,24.747474747474747,9.595959595959595,15.151515151515152,75.25252525252525,6.0606060606060606,69.1919191919192
E00041163,326,74,39,35,252,27,225,22.699386503067483,11.96319018404908,10.736196319018406,77.30061349693251,8.282208588957054,69.01840490797547
E00041164,284,64,30,34,220,19,201,22.535211267605636,10.56338028169014,11.971830985915492,77.46478873239437,6.690140845070422,70.77464788732394
E00041165,245,53,17,36,192,18,174,21.63265306122449,6.938775510204081,14.69387755102041,78.36734693877551,7.346938775510205,71.0204081632653
E00041166,426,90,45,45,336,32,304,21.12676056338028,10.56338028169014,10.56338028169014,78.87323943661971,7.511737089201878,71.36150234741784
E00041167,237,51,20,31,186,22,164,21.518987341772153,8.438818565400844,13.080168776371309,78.48101265822784,9.282700421940929,69.19831223628692
E00041168,369,77,34,43,292,28,264,20.867208672086722,9.214092140921409,11.653116531165312,79.13279132791328,7.588075880758807,71.54471544715447
E00041169,286,54,28,26,232,27,205,18.88111888111888,9.79020979020979,9.090909090909092,81.11888111888112,9.44055944055944,71.67832167832168
E00041171,308,85,41,44,223,14,209,27.5974025974026,13.311688311688311,14.285714285714285,72.40259740259741,4.545454545454546,67.85714285714286
E00041172,366,53,19,34,313,35,278,14.48087431693989,5.191256830601093,9.289617486338798,85.51912568306011,9.562841530054644,75.95628415300546
E00041173,399,58,19,39,341,32,309,14.536340852130325,4.761904761904762,9.774436090225564,85.46365914786968,8.020050125313283,77.44360902255639
E00041174,273,64,27,37,209,26,183,23.44322344322344,9.89010989010989,13.553113553113553,76.55677655677655,9.523809523809524,67.03296703296702
E00041175,461,72,33,39,389,38,351,15.61822125813449,7.158351409978309,8.459869848156181,84.3817787418655,8.24295010845987,76.13882863340564
E00041176,514,69,27,42,445,38,407,13.424124513618677,5.252918287937743,8.171206225680933,86.57587548638132,7.392996108949417,79.1828793774319
E00041177,302,39,13,26,263,35,228,12.91390728476821,4.304635761589404,8.609271523178808,87.08609271523179,11.589403973509933,75.49668874172185
E00041179,352,68,31,37,284,25,259,19.318181818181817,8.806818181818182,10.511363636363637,80.68181818181817,7.1022727272727275,73.57954545454545
E00041180,264,74,37,37,190,22,168,28.030303030303028,14.015151515151514,14.015151515151514,71.96969696969697,8.333333333333332,63.63636363636363
E00041181,380,40,6,34,340,44,296,10.526315789473683,1.5789473684210527,8.947368421052632,89.47368421052632,11.578947368421053,77.89473684210526
E00041182,321,44,9,35,277,29,248,13.707165109034266,2.803738317757009,10.903426791277258,86.29283489096574,9.034267912772584,77.25856697819314
E00041183,381,74,31,43,307,37,270,19.42257217847769,8.136482939632545,11.286089238845145,80.5774278215223,9.711286089238845,70.86614173228347
E00041184,255,49,16,33,206,14,192,19.215686274509807,6.2745098039215685,12.941176470588237,80.7843137254902,5.490196078431373,75.29411764705883
E00041185,322,33,9,24,289,25,264,10.248447204968944,2.7950310559006213,7.453416149068323,89.75155279503106,7.763975155279502,81.98757763975155
E00041186,267,52,25,27,215,23,192,19.475655430711612,9.363295880149813,10.112359550561797,80.52434456928839,8.614232209737828,71.91011235955057
E00041187,308,63,19,44,245,43,202,20.454545454545457,6.1688311688311686,14.285714285714285,79.54545454545455,13.96103896103896,65.5844155844156
E00041188,215,56,27,29,159,10,149,26.046511627906977,12.558139534883722,13.488372093023257,73.95348837209302,4.651162790697675,69.30232558139535
E00041189,289,49,20,29,240,27,213,16.955017301038062,6.920415224913495,10.034602076124568,83.04498269896193,9.342560553633218,73.70242214532871
E00041190,324,39,15,24,285,19,266,12.037037037037036,4.62962962962963,7.4074074074074066,87.96296296296296,5.864197530864197,82.09876543209876
E00041192,300,44,18,26,256,16,240,14.666666666666666,6,8.666666666666668,85.33333333333334,5.333333333333334,80
E00041193,299,46,8,38,253,22,231,15.384615384615385,2.6755852842809364,12.709030100334449,84.61538461538461,7.357859531772576,77.25752508361204
E00041195,383,52,26,26,331,27,304,13.577023498694519,6.7885117493472595,6.7885117493472595,86.42297650130548,7.049608355091384,79.37336814621409
E00041196,254,55,27,28,199,19,180,21.653543307086615,10.62992125984252,11.023622047244094,78.34645669291339,7.480314960629922,70.86614173228347
E00041197,434,76,40,36,358,37,321,17.51152073732719,9.216589861751153,8.294930875576037,82.48847926267281,8.525345622119817,73.963133640553
E00041198,495,75,25,50,420,33,387,15.151515151515152,5.05050505050505,10.1010101010101,84.84848484848484,6.666666666666667,78.18181818181819
E00041199,138,21,8,13,117,8,109,15.217391304347828,5.797101449275362,9.420289855072465,84.78260869565217,5.797101449275362,78.98550724637681
E00041200,287,57,26,31,230,29,201,19.860627177700348,9.059233449477352,10.801393728222997,80.13937282229965,10.104529616724738,70.03484320557492
E00041201,360,43,18,25,317,38,279,11.944444444444445,5,6.944444444444445,88.05555555555556,10.555555555555555,77.5
E00041202,298,44,17,27,254,33,221,14.76510067114094,5.704697986577181,9.060402684563758,85.23489932885906,11.073825503355705,74.16107382550335
E00041203,276,30,8,22,246,24,222,10.869565217391305,2.898550724637681,7.971014492753622,89.13043478260869,8.695652173913043,80.43478260869566
E00041204,312,42,10,32,270,23,247,13.461538461538462,3.205128205128205,10.256410256410255,86.53846153846155,7.371794871794872,79.16666666666666
E00041205,312,62,20,42,250,19,231,19.871794871794872,6.41025641025641,13.461538461538462,80.12820512820514,6.089743589743589,74.03846153846155
E00041206,281,45,16,29,236,24,212,16.014234875444842,5.6939501779359425,10.320284697508896,83.98576512455516,8.540925266903916,75.44483985765125
E00041207,370,46,21,25,324,28,296,12.432432432432433,5.675675675675676,6.756756756756757,87.56756756756758,7.567567567567568,80
E00041208,308,82,38,44,226,18,208,26.623376623376622,12.337662337662337,14.285714285714285,73.37662337662337,5.844155844155844,67.53246753246754
E00041209,316,64,24,40,252,31,221,20.253164556962027,7.59493670886076,12.658227848101266,79.74683544303798,9.81012658227848,69.9367088607595
E00041210,264,55,22,33,209,30,179,20.833333333333336,8.333333333333332,12.5,79.16666666666666,11.363636363636363,67.8030303030303
E00041211,296,68,23,45,228,31,197,22.972972972972975,7.77027027027027,15.202702702702704,77.02702702702703,10.472972972972974,66.55405405405406
E00041212,253,109,70,39,144,10,134,43.08300395256917,27.66798418972332,15.41501976284585,56.916996047430835,3.9525691699604746,52.96442687747036
E00041213,391,94,45,49,297,37,260,24.04092071611253,11.508951406649617,12.531969309462914,75.95907928388746,9.462915601023019,66.49616368286445
E00041214,382,48,15,33,334,28,306,12.56544502617801,3.926701570680628,8.638743455497382,87.43455497382199,7.329842931937172,80.10471204188482
E00041215,279,63,32,31,216,19,197,22.58064516129032,11.469534050179211,11.11111111111111,77.41935483870968,6.810035842293908,70.60931899641577
E00041216,191,41,15,26,150,15,135,21.465968586387437,7.853403141361256,13.612565445026178,78.53403141361257,7.853403141361256,70.68062827225131
E00041217,300,71,33,38,229,25,204,23.666666666666668,11,12.666666666666668,76.33333333333333,8.333333333333332,68
E00041218,345,39,18,21,306,40,266,11.304347826086957,5.217391304347826,6.086956521739131,88.69565217391305,11.594202898550725,77.10144927536233
E00041219,225,22,7,15,203,23,180,9.777777777777779,3.111111111111111,6.666666666666667,90.22222222222223,10.222222222222223,80
E00041220,235,69,41,28,166,15,151,29.361702127659573,17.4468085106383,11.914893617021278,70.63829787234043,6.382978723404255,64.25531914893618
E00041221,327,48,13,35,279,21,258,14.678899082568808,3.9755351681957185,10.703363914373089,85.3211009174312,6.422018348623854,78.89908256880734
E00041222,282,44,17,27,238,25,213,15.602836879432624,6.028368794326241,9.574468085106384,84.39716312056737,8.865248226950355,75.53191489361703
E00041223,369,74,32,42,295,24,271,20.05420054200542,8.672086720867208,11.38211382113821,79.94579945799458,6.504065040650407,73.44173441734418
E00041224,235,78,49,29,157,12,145,33.191489361702125,20.851063829787233,12.340425531914894,66.80851063829788,5.106382978723404,61.702127659574465
E00041225,156,63,35,28,93,3,90,40.38461538461539,22.435897435897438,17.94871794871795,59.61538461538461,1.9230769230769231,57.692307692307686
E00041226,231,56,20,36,175,12,163,24.242424242424242,8.658008658008658,15.584415584415584,75.75757575757575,5.194805194805195,70.56277056277057
E00041227,318,49,17,32,269,31,238,15.40880503144654,5.345911949685535,10.062893081761008,84.59119496855347,9.748427672955975,74.84276729559748
E00041228,295,57,19,38,238,23,215,19.322033898305087,6.440677966101695,12.88135593220339,80.67796610169492,7.796610169491526,72.88135593220339
E00041229,278,44,19,25,234,29,205,15.827338129496402,6.83453237410072,8.992805755395683,84.17266187050359,10.431654676258994,73.7410071942446
E00041230,288,71,51,20,217,12,205,24.65277777777778,17.708333333333336,6.944444444444445,75.34722222222221,4.166666666666666,71.18055555555556
E00041231,263,59,31,28,204,20,184,22.433460076045627,11.787072243346007,10.646387832699618,77.56653992395437,7.604562737642586,69.96197718631178
E00041233,174,39,9,30,135,19,116,22.413793103448278,5.172413793103448,17.24137931034483,77.58620689655173,10.919540229885058,66.66666666666666
E00041234,211,51,16,35,160,20,140,24.170616113744074,7.5829383886255926,16.587677725118482,75.82938388625593,9.47867298578199,66.35071090047393
E00041235,197,42,24,18,155,21,134,21.31979695431472,12.18274111675127,9.137055837563452,78.68020304568529,10.65989847715736,68.02030456852792
E00041236,204,68,39,29,136,16,120,33.33333333333333,19.11764705882353,14.215686274509803,66.66666666666666,7.8431372549019605,58.82352941176471
E00041237,263,43,19,24,220,25,195,16.34980988593156,7.224334600760455,9.125475285171103,83.65019011406845,9.505703422053232,74.1444866920152
E00041238,243,51,18,33,192,20,172,20.98765432098765,7.4074074074074066,13.580246913580247,79.01234567901234,8.23045267489712,70.78189300411523
E00041239,324,62,19,43,262,32,230,19.1358024691358,5.864197530864197,13.271604938271606,80.8641975308642,9.876543209876543,70.98765432098766
E00041240,250,40,14,26,210,20,190,16,5.6000000000000005,10.4,84,8,76
E00041241,264,45,18,27,219,23,196,17.045454545454543,6.8181818181818175,10.227272727272728,82.95454545454545,8.712121212121213,74.24242424242425
E00041242,277,50,15,35,227,20,207,18.050541516245488,5.415162454873646,12.63537906137184,81.94945848375451,7.2202166064981945,74.72924187725631
E00041243,333,49,19,30,284,20,264,14.714714714714713,5.7057057057057055,9.00900900900901,85.28528528528528,6.006006006006006,79.27927927927928
E00041244,279,66,30,36,213,14,199,23.655913978494624,10.75268817204301,12.903225806451612,76.34408602150538,5.017921146953405,71.32616487455196
E00041245,262,84,48,36,178,18,160,32.06106870229007,18.3206106870229,13.740458015267176,67.93893129770993,6.870229007633588,61.06870229007634
E00041246,406,66,33,33,340,33,307,16.25615763546798,8.12807881773399,8.12807881773399,83.74384236453201,8.12807881773399,75.61576354679804
E00041247,317,52,20,32,265,33,232,16.40378548895899,6.309148264984227,10.094637223974763,83.59621451104101,10.410094637223976,73.18611987381703
E00041248,307,80,45,35,227,20,207,26.058631921824105,14.65798045602606,11.400651465798045,73.9413680781759,6.514657980456026,67.42671009771986
E00041249,284,66,31,35,218,29,189,23.239436619718308,10.915492957746478,12.323943661971832,76.76056338028168,10.211267605633804,66.54929577464789
E00041250,255,56,25,31,199,16,183,21.96078431372549,9.803921568627452,12.156862745098039,78.03921568627452,6.2745098039215685,71.76470588235294
E00041251,125,9,7,2,116,8,108,7.199999999999999,5.6000000000000005,1.6,92.80000000000001,6.4,86.4
E00041252,279,63,22,41,216,16,200,22.58064516129032,7.885304659498208,14.695340501792115,77.41935483870968,5.734767025089606,71.68458781362007
E00041253,354,39,10,29,315,34,281,11.016949152542372,2.824858757062147,8.192090395480225,88.98305084745762,9.6045197740113,79.37853107344633
E00041254,309,68,30,38,241,22,219,22.006472491909385,9.70873786407767,12.297734627831716,77.99352750809061,7.119741100323624,70.87378640776699
E00041255,310,45,11,34,265,31,234,14.516129032258066,3.5483870967741935,10.967741935483872,85.48387096774194,10,75.48387096774194
E00041256,332,81,33,48,251,28,223,24.397590361445783,9.939759036144578,14.457831325301203,75.6024096385542,8.433734939759036,67.16867469879519
E00041257,440,102,43,59,338,47,291,23.18181818181818,9.772727272727273,13.40909090909091,76.81818181818181,10.681818181818182,66.13636363636364
E00041258,229,40,19,21,189,24,165,17.46724890829694,8.296943231441048,9.170305676855897,82.53275109170306,10.480349344978166,72.0524017467249
E00041260,379,155,95,60,224,25,199,40.89709762532981,25.065963060686013,15.8311345646438,59.10290237467019,6.596306068601583,52.5065963060686
E00041261,216,51,25,26,165,14,151,23.61111111111111,11.574074074074074,12.037037037037036,76.38888888888889,6.481481481481481,69.9074074074074
E00041262,299,86,40,46,213,23,190,28.762541806020064,13.377926421404682,15.384615384615385,71.23745819397993,7.6923076923076925,63.54515050167224
E00041263,305,59,29,30,246,28,218,19.34426229508197,9.508196721311474,9.836065573770492,80.65573770491802,9.180327868852459,71.47540983606558
E00041264,208,83,48,35,125,15,110,39.90384615384615,23.076923076923077,16.826923076923077,60.09615384615385,7.211538461538461,52.88461538461539
E00041265,227,55,28,27,172,20,152,24.229074889867842,12.334801762114537,11.894273127753303,75.77092511013215,8.81057268722467,66.96035242290749
E00041266,285,55,18,37,230,22,208,19.298245614035086,6.315789473684211,12.982456140350877,80.7017543859649,7.719298245614035,72.98245614035088
E00041267,320,83,50,33,237,21,216,25.937500000000004,15.625,10.3125,74.0625,6.5625,67.5
E00041268,254,52,18,34,202,19,183,20.47244094488189,7.086614173228346,13.385826771653544,79.52755905511812,7.480314960629922,72.04724409448819
E00041269,256,59,32,27,197,10,187,23.046875,12.5,10.546875,76.953125,3.90625,73.046875
E00041270,140,37,15,22,103,13,90,26.42857142857143,10.714285714285714,15.714285714285714,73.57142857142858,9.285714285714286,64.28571428571429
E00041271,272,79,38,41,193,14,179,29.044117647058826,13.970588235294118,15.073529411764705,70.95588235294117,5.147058823529411,65.80882352941177
E00041272,347,70,21,49,277,22,255,20.172910662824208,6.051873198847262,14.121037463976945,79.82708933717579,6.340057636887608,73.48703170028818
E00041273,396,65,29,36,331,35,296,16.414141414141415,7.3232323232323235,9.090909090909092,83.58585858585859,8.83838383838384,74.74747474747475
E00041274,298,56,31,25,242,17,225,18.79194630872483,10.40268456375839,8.389261744966444,81.20805369127517,5.704697986577181,75.50335570469798
E00041275,275,73,32,41,202,23,179,26.545454545454543,11.636363636363637,14.909090909090908,73.45454545454545,8.363636363636363,65.0909090909091
E00041276,290,54,23,31,236,28,208,18.620689655172416,7.931034482758621,10.689655172413794,81.37931034482759,9.655172413793103,71.72413793103448
E00041277,258,48,11,37,210,22,188,18.6046511627907,4.263565891472868,14.34108527131783,81.3953488372093,8.527131782945736,72.86821705426357
E00041278,252,65,23,42,187,17,170,25.793650793650798,9.126984126984127,16.666666666666664,74.20634920634922,6.746031746031746,67.46031746031747
E00041279,305,83,47,36,222,18,204,27.21311475409836,15.40983606557377,11.80327868852459,72.78688524590164,5.901639344262295,66.88524590163935
E00041280,295,50,19,31,245,24,221,16.94915254237288,6.440677966101695,10.508474576271185,83.05084745762711,8.135593220338983,74.91525423728814
E00041281,255,43,15,28,212,24,188,16.862745098039216,5.88235294117647,10.980392156862745,83.13725490196079,9.411764705882353,73.72549019607844
E00041282,278,58,21,37,220,30,190,20.863309352517987,7.553956834532374,13.309352517985612,79.13669064748201,10.79136690647482,68.34532374100719
E00041283,261,63,26,37,198,18,180,24.137931034482758,9.961685823754788,14.17624521072797,75.86206896551724,6.896551724137931,68.96551724137932
E00041284,186,36,11,25,150,8,142,19.35483870967742,5.913978494623656,13.440860215053762,80.64516129032258,4.301075268817205,76.34408602150538
E00041285,263,47,19,28,216,27,189,17.870722433460077,7.224334600760455,10.646387832699618,82.12927756653993,10.26615969581749,71.86311787072243
E00041286,247,36,12,24,211,24,187,14.5748987854251,4.8582995951417,9.7165991902834,85.4251012145749,9.7165991902834,75.7085020242915
E00041287,221,33,13,20,188,13,175,14.93212669683258,5.88235294117647,9.049773755656108,85.06787330316742,5.88235294117647,79.18552036199095
E00041290,284,47,20,27,237,26,211,16.549295774647888,7.042253521126761,9.507042253521126,83.45070422535211,9.15492957746479,74.29577464788733
E00041291,268,42,19,23,226,20,206,15.671641791044777,7.08955223880597,8.582089552238806,84.32835820895522,7.462686567164178,76.86567164179104
E00041292,363,58,20,38,305,43,262,15.977961432506888,5.5096418732782375,10.46831955922865,84.02203856749311,11.84573002754821,72.1763085399449
E00041293,248,62,29,33,186,27,159,25,11.693548387096774,13.306451612903224,75,10.887096774193548,64.11290322580645
E00041294,273,51,22,29,222,20,202,18.681318681318682,8.058608058608058,10.622710622710622,81.31868131868131,7.326007326007327,73.992673992674
E00041295,418,67,30,37,351,43,308,16.028708133971293,7.177033492822966,8.851674641148326,83.97129186602871,10.287081339712918,73.68421052631578
E00041296,379,109,76,33,270,32,238,28.759894459102902,20.052770448548813,8.70712401055409,71.2401055408971,8.443271767810026,62.796833773087066
E00041297,234,28,8,20,206,20,186,11.965811965811966,3.418803418803419,8.547008547008547,88.03418803418803,8.547008547008547,79.48717948717949
E00041298,235,70,41,29,165,11,154,29.78723404255319,17.4468085106383,12.340425531914894,70.2127659574468,4.680851063829787,65.53191489361701
E00041299,318,49,17,32,269,27,242,15.40880503144654,5.345911949685535,10.062893081761008,84.59119496855347,8.49056603773585,76.10062893081762
E00041300,287,37,10,27,250,38,212,12.89198606271777,3.484320557491289,9.40766550522648,87.10801393728222,13.240418118466899,73.86759581881533
E00041301,296,57,24,33,239,36,203,19.256756756756758,8.108108108108109,11.14864864864865,80.74324324324324,12.162162162162163,68.58108108108108
E00041302,309,64,29,35,245,24,221,20.711974110032365,9.385113268608414,11.326860841423949,79.28802588996764,7.766990291262135,71.52103559870551
E00041303,240,49,14,35,191,28,163,20.416666666666668,5.833333333333333,14.583333333333334,79.58333333333333,11.666666666666666,67.91666666666667
E00041304,251,34,7,27,217,25,192,13.545816733067728,2.788844621513944,10.756972111553784,86.45418326693228,9.9601593625498,76.49402390438247
E00041305,246,50,20,30,196,31,165,20.32520325203252,8.130081300813007,12.195121951219512,79.67479674796748,12.601626016260163,67.07317073170732
E00041306,267,35,12,23,232,26,206,13.108614232209737,4.49438202247191,8.614232209737828,86.89138576779027,9.737827715355806,77.15355805243446
E00041307,301,58,26,32,243,28,215,19.269102990033225,8.637873754152823,10.631229235880399,80.73089700996677,9.30232558139535,71.42857142857143
E00041308,278,44,14,30,234,35,199,15.827338129496402,5.0359712230215825,10.79136690647482,84.17266187050359,12.589928057553957,71.58273381294964
E00041309,222,36,17,19,186,28,158,16.216216216216218,7.657657657657657,8.558558558558559,83.78378378378379,12.612612612612612,71.17117117117117
E00041310,304,74,36,38,230,30,200,24.342105263157894,11.842105263157894,12.5,75.6578947368421,9.868421052631579,65.78947368421053
E00041311,477,81,24,57,396,58,338,16.9811320754717,5.031446540880504,11.949685534591195,83.01886792452831,12.159329140461216,70.85953878406708
E00041312,311,52,17,35,259,30,229,16.720257234726688,5.466237942122187,11.254019292604502,83.27974276527331,9.646302250803858,73.63344051446946
E00041313,205,68,32,36,137,15,122,33.170731707317074,15.609756097560975,17.560975609756095,66.82926829268293,7.317073170731707,59.512195121951216
E00041314,252,35,12,23,217,28,189,13.88888888888889,4.761904761904762,9.126984126984127,86.11111111111111,11.11111111111111,75
E00041315,296,47,17,30,249,24,225,15.878378378378377,5.743243243243244,10.135135135135135,84.12162162162163,8.108108108108109,76.01351351351352
E00041316,245,79,42,37,166,12,154,32.244897959183675,17.142857142857142,15.10204081632653,67.75510204081633,4.8979591836734695,62.857142857142854
E00041317,340,58,21,37,282,30,252,17.058823529411764,6.176470588235294,10.882352941176471,82.94117647058825,8.823529411764707,74.11764705882354
E00041318,254,49,18,31,205,24,181,19.291338582677163,7.086614173228346,12.204724409448819,80.70866141732283,9.448818897637794,71.25984251968504
E00041319,287,55,18,37,232,18,214,19.16376306620209,6.2717770034843205,12.89198606271777,80.8362369337979,6.2717770034843205,74.56445993031359
E00041320,393,84,34,50,309,43,266,21.374045801526716,8.651399491094146,12.72264631043257,78.62595419847328,10.941475826972011,67.68447837150127
E00041321,185,33,17,16,152,16,136,17.83783783783784,9.18918918918919,8.64864864864865,82.16216216216216,8.64864864864865,73.51351351351352
E00041322,184,64,32,32,120,15,105,34.78260869565217,17.391304347826086,17.391304347826086,65.21739130434783,8.152173913043478,57.065217391304344
E00041323,206,49,24,25,157,17,140,23.78640776699029,11.650485436893204,12.135922330097088,76.2135922330097,8.25242718446602,67.96116504854369
E00041324,253,70,26,44,183,15,168,27.66798418972332,10.276679841897234,17.391304347826086,72.33201581027669,5.928853754940711,66.40316205533597
E00041325,198,29,9,20,169,27,142,14.646464646464647,4.545454545454546,10.1010101010101,85.35353535353535,13.636363636363635,71.71717171717171
E00041326,162,38,13,25,124,11,113,23.456790123456788,8.024691358024691,15.432098765432098,76.5432098765432,6.790123456790123,69.75308641975309
E00041327,242,38,14,24,204,26,178,15.702479338842975,5.785123966942149,9.917355371900827,84.29752066115702,10.743801652892563,73.55371900826447
E00041328,309,42,8,34,267,36,231,13.592233009708737,2.5889967637540456,11.003236245954692,86.40776699029125,11.650485436893204,74.75728155339806
E00041329,190,43,14,29,147,17,130,22.63157894736842,7.368421052631578,15.263157894736842,77.36842105263158,8.947368421052632,68.42105263157895
E00041330,273,51,19,32,222,29,193,18.681318681318682,6.95970695970696,11.72161172161172,81.31868131868131,10.622710622710622,70.6959706959707
E00041331,175,52,24,28,123,17,106,29.714285714285715,13.714285714285715,16,70.28571428571428,9.714285714285714,60.57142857142858
E00041332,347,62,27,35,285,28,257,17.86743515850144,7.780979827089338,10.086455331412104,82.13256484149855,8.069164265129682,74.06340057636888
E00041333,270,48,17,31,222,20,202,17.77777777777778,6.296296296296296,11.481481481481481,82.22222222222221,7.4074074074074066,74.81481481481481
E00041334,167,42,23,19,125,19,106,25.149700598802394,13.77245508982036,11.377245508982035,74.8502994011976,11.377245508982035,63.47305389221557
E00041335,249,57,18,39,192,32,160,22.89156626506024,7.228915662650602,15.66265060240964,77.10843373493977,12.851405622489958,64.2570281124498
E00041336,173,20,6,14,153,17,136,11.560693641618498,3.4682080924855487,8.092485549132949,88.4393063583815,9.826589595375722,78.61271676300578
E00041337,245,51,15,36,194,20,174,20.816326530612244,6.122448979591836,14.69387755102041,79.18367346938776,8.16326530612245,71.0204081632653
E00041338,249,29,6,23,220,24,196,11.646586345381527,2.4096385542168677,9.236947791164658,88.35341365461848,9.63855421686747,78.714859437751
E00041339,307,38,10,28,269,38,231,12.37785016286645,3.257328990228013,9.120521172638437,87.62214983713355,12.37785016286645,75.2442996742671
E00041340,350,70,18,52,280,24,256,20,5.142857142857142,14.857142857142858,80,6.857142857142858,73.14285714285714
E00041341,216,45,14,31,171,22,149,20.833333333333336,6.481481481481481,14.351851851851851,79.16666666666666,10.185185185185185,68.98148148148148
E00041342,204,30,12,18,174,29,145,14.705882352941178,5.88235294117647,8.823529411764707,85.29411764705883,14.215686274509803,71.07843137254902
E00041343,280,59,29,30,221,21,200,21.071428571428573,10.357142857142858,10.714285714285714,78.92857142857143,7.5,71.42857142857143
E00041344,183,79,41,38,104,12,92,43.169398907103826,22.404371584699454,20.76502732240437,56.830601092896174,6.557377049180328,50.27322404371585
E00041345,247,41,13,28,206,21,185,16.599190283400812,5.263157894736842,11.336032388663968,83.40080971659918,8.502024291497975,74.89878542510121
E00041346,200,45,15,30,155,18,137,22.5,7.5,15,77.5,9,68.5
E00041347,294,58,25,33,236,30,206,19.727891156462583,8.503401360544217,11.224489795918368,80.27210884353741,10.204081632653061,70.06802721088435
E00041348,216,49,20,29,167,13,154,22.685185185185187,9.25925925925926,13.425925925925927,77.31481481481481,6.018518518518518,71.29629629629629
E00041349,325,87,40,47,238,27,211,26.769230769230766,12.307692307692308,14.461538461538462,73.23076923076923,8.307692307692308,64.92307692307693
E00041350,316,86,36,50,230,18,212,27.21518987341772,11.39240506329114,15.822784810126583,72.78481012658227,5.69620253164557,67.08860759493672
E00041351,192,43,13,30,149,22,127,22.395833333333336,6.770833333333333,15.625,77.60416666666666,11.458333333333332,66.14583333333334
E00041352,325,56,18,38,269,31,238,17.23076923076923,5.538461538461538,11.692307692307692,82.76923076923077,9.538461538461538,73.23076923076923
E00041353,249,57,17,40,192,11,181,22.89156626506024,6.827309236947792,16.06425702811245,77.10843373493977,4.417670682730924,72.69076305220884
E00041354,222,69,40,29,153,19,134,31.08108108108108,18.01801801801802,13.063063063063062,68.91891891891892,8.558558558558559,60.36036036036037
E00041355,279,56,26,30,223,22,201,20.07168458781362,9.31899641577061,10.75268817204301,79.92831541218638,7.885304659498208,72.04301075268818
E00041356,249,46,17,29,203,27,176,18.473895582329316,6.827309236947792,11.646586345381527,81.52610441767068,10.843373493975903,70.68273092369478
E00041357,215,43,14,29,172,25,147,20,6.511627906976744,13.488372093023257,80,11.627906976744185,68.37209302325581
E00041358,240,27,11,16,213,20,193,11.25,4.583333333333333,6.666666666666667,88.75,8.333333333333332,80.41666666666667
E00041359,312,103,51,52,209,20,189,33.01282051282051,16.346153846153847,16.666666666666664,66.98717948717949,6.41025641025641,60.57692307692307
E00041360,222,32,8,24,190,25,165,14.414414414414415,3.6036036036036037,10.81081081081081,85.58558558558559,11.26126126126126,74.32432432432432
E00041361,239,46,14,32,193,23,170,19.246861924686193,5.857740585774058,13.389121338912133,80.75313807531381,9.623430962343097,71.1297071129707
E00041362,236,63,25,38,173,19,154,26.69491525423729,10.59322033898305,16.101694915254235,73.30508474576271,8.050847457627118,65.2542372881356
E00165810,264,42,17,25,222,25,197,15.909090909090908,6.4393939393939394,9.469696969696969,84.0909090909091,9.469696969696969,74.62121212121212
E00172402,268,28,9,19,240,17,223,10.44776119402985,3.3582089552238807,7.08955223880597,89.55223880597015,6.343283582089552,83.2089552238806
E00172403,309,79,35,44,230,25,205,25.5663430420712,11.326860841423949,14.239482200647249,74.4336569579288,8.090614886731391,66.34304207119742
E00172405,142,20,5,15,122,11,111,14.084507042253522,3.5211267605633805,10.56338028169014,85.91549295774648,7.746478873239436,78.16901408450704
E00172407,245,47,8,39,198,26,172,19.183673469387756,3.2653061224489797,15.918367346938775,80.81632653061224,10.612244897959183,70.20408163265306
E00172409,403,41,6,35,362,44,318,10.173697270471465,1.488833746898263,8.6848635235732,89.82630272952854,10.918114143920596,78.90818858560795
E00172411,323,74,23,51,249,19,230,22.910216718266255,7.120743034055728,15.789473684210526,77.08978328173374,5.88235294117647,71.20743034055728
E00172412,423,45,9,36,378,27,351,10.638297872340425,2.127659574468085,8.51063829787234,89.36170212765957,6.382978723404255,82.97872340425532
E00172413,182,17,8,9,165,9,156,9.340659340659341,4.395604395604396,4.945054945054945,90.65934065934066,4.945054945054945,85.71428571428571
E00172415,257,57,25,32,200,14,186,22.17898832684825,9.72762645914397,12.45136186770428,77.82101167315176,5.447470817120623,72.37354085603113
E00172416,160,14,3,11,146,22,124,8.75,1.875,6.875000000000001,91.25,13.750000000000002,77.5
E00172417,290,45,6,39,245,35,210,15.517241379310345,2.0689655172413794,13.448275862068964,84.48275862068965,12.068965517241379,72.41379310344827
E00172418,288,35,17,18,253,25,228,12.152777777777777,5.902777777777778,6.25,87.84722222222221,8.680555555555555,79.16666666666666
E00172422,274,71,32,39,203,17,186,25.91240875912409,11.678832116788321,14.233576642335766,74.08759124087592,6.204379562043796,67.88321167883211
E00172424,315,52,35,17,263,9,254,16.507936507936506,11.11111111111111,5.396825396825397,83.4920634920635,2.857142857142857,80.63492063492063
E00172425,352,46,24,22,306,15,291,13.068181818181818,6.8181818181818175,6.25,86.93181818181817,4.261363636363636,82.67045454545455
E00172426,494,60,38,22,434,11,423,12.145748987854251,7.6923076923076925,4.4534412955465585,87.85425101214574,2.2267206477732793,85.62753036437248
E00172428,395,61,37,24,334,21,313,15.443037974683543,9.367088607594937,6.075949367088607,84.55696202531645,5.3164556962025316,79.24050632911393
E00172429,314,46,3,43,268,24,244,14.64968152866242,0.9554140127388535,13.694267515923567,85.35031847133759,7.643312101910828,77.70700636942675
E00172431,358,49,35,14,309,13,296,13.687150837988826,9.776536312849162,3.910614525139665,86.31284916201118,3.6312849162011176,82.68156424581005
E00172432,523,96,53,43,427,23,404,18.35564053537285,10.133843212237094,8.221797323135755,81.64435946462714,4.397705544933078,77.24665391969407
E00172433,198,16,1,15,182,17,165,8.080808080808081,0.5050505050505051,7.575757575757576,91.91919191919192,8.585858585858585,83.33333333333334
E00172434,164,20,5,15,144,17,127,12.195121951219512,3.048780487804878,9.146341463414634,87.8048780487805,10.365853658536585,77.4390243902439
E00172435,317,80,46,34,237,15,222,25.236593059936908,14.511041009463725,10.725552050473187,74.76340694006309,4.73186119873817,70.03154574132492
E00172436,331,41,11,30,290,30,260,12.386706948640484,3.3232628398791544,9.06344410876133,87.61329305135952,9.06344410876133,78.54984894259819
E00172437,221,28,11,17,193,22,171,12.669683257918551,4.97737556561086,7.6923076923076925,87.33031674208145,9.95475113122172,77.37556561085974
E00172438,267,22,7,15,245,19,226,8.239700374531834,2.6217228464419478,5.617977528089887,91.76029962546816,7.116104868913857,84.6441947565543
E00172440,539,116,65,51,423,36,387,21.521335807050093,12.059369202226346,9.461966604823747,78.4786641929499,6.679035250463822,71.79962894248608
E00172442,186,25,7,18,161,24,137,13.440860215053762,3.763440860215054,9.67741935483871,86.55913978494624,12.903225806451612,73.65591397849462
E00172443,267,36,2,34,231,24,207,13.48314606741573,0.7490636704119851,12.734082397003746,86.51685393258427,8.98876404494382,77.52808988764045
E00172445,140,49,26,23,91,3,88,35,18.571428571428573,16.428571428571427,65,2.142857142857143,62.857142857142854
E00172446,269,40,12,28,229,23,206,14.869888475836431,4.4609665427509295,10.408921933085502,85.13011152416357,8.550185873605948,76.57992565055763
E00172447,203,13,4,9,190,18,172,6.403940886699508,1.9704433497536946,4.433497536945813,93.59605911330048,8.866995073891626,84.72906403940887
E00172448,297,50,13,37,247,19,228,16.835016835016837,4.377104377104377,12.457912457912458,83.16498316498317,6.397306397306397,76.76767676767676
E00172450,187,26,7,19,161,17,144,13.903743315508022,3.7433155080213902,10.16042780748663,86.09625668449198,9.090909090909092,77.00534759358288
E00172452,244,52,21,31,192,7,185,21.311475409836063,8.60655737704918,12.704918032786885,78.68852459016394,2.8688524590163933,75.81967213114754
E00172453,522,36,19,17,486,20,466,6.896551724137931,3.6398467432950192,3.256704980842912,93.10344827586206,3.8314176245210727,89.272030651341
E00172454,486,62,14,48,424,40,384,12.757201646090536,2.880658436213992,9.876543209876543,87.24279835390946,8.23045267489712,79.01234567901234
E00172455,366,51,17,34,315,31,284,13.934426229508196,4.644808743169399,9.289617486338798,86.0655737704918,8.469945355191257,77.59562841530054
E00172456,312,52,22,30,260,30,230,16.666666666666664,7.051282051282051,9.615384615384617,83.33333333333334,9.615384615384617,73.71794871794873
E00172457,354,54,12,42,300,37,263,15.254237288135593,3.389830508474576,11.864406779661017,84.7457627118644,10.451977401129943,74.29378531073446
E00172460,163,16,8,8,147,5,142,9.815950920245399,4.9079754601226995,4.9079754601226995,90.1840490797546,3.067484662576687,87.11656441717791
E00172461,228,27,7,20,201,18,183,11.842105263157894,3.070175438596491,8.771929824561402,88.1578947368421,7.894736842105263,80.26315789473685
E00172462,218,50,28,22,168,14,154,22.93577981651376,12.844036697247708,10.091743119266056,77.06422018348624,6.422018348623854,70.64220183486239
E00172463,280,38,12,26,242,21,221,13.571428571428571,4.285714285714286,9.285714285714286,86.42857142857143,7.5,78.92857142857143
E00172464,467,152,74,78,315,24,291,32.54817987152035,15.845824411134904,16.70235546038544,67.45182012847965,5.139186295503212,62.31263383297645
E00172465,212,61,36,25,151,12,139,28.77358490566038,16.9811320754717,11.79245283018868,71.22641509433963,5.660377358490567,65.56603773584906
E00172466,257,58,26,32,199,10,189,22.56809338521401,10.116731517509727,12.45136186770428,77.431906614786,3.8910505836575875,73.54085603112841
E00172467,206,23,9,14,183,13,170,11.165048543689322,4.368932038834951,6.796116504854369,88.83495145631069,6.310679611650485,82.52427184466019
E00172468,608,132,55,77,476,38,438,21.710526315789476,9.046052631578947,12.664473684210526,78.28947368421053,6.25,72.03947368421053
E00172469,174,38,17,21,136,11,125,21.839080459770116,9.770114942528735,12.068965517241379,78.16091954022988,6.321839080459771,71.83908045977012
E00172470,449,120,57,63,329,20,309,26.7260579064588,12.694877505567929,14.03118040089087,73.2739420935412,4.4543429844097995,68.8195991091314
E00172471,449,76,31,45,373,46,327,16.926503340757236,6.904231625835189,10.022271714922049,83.07349665924276,10.244988864142538,72.82850779510022
E00172472,355,51,15,36,304,26,278,14.366197183098592,4.225352112676056,10.140845070422536,85.63380281690141,7.323943661971831,78.30985915492957
E00172474,125,34,18,16,91,5,86,27.200000000000003,14.399999999999999,12.8,72.8,4,68.8
E00172475,308,34,13,21,274,12,262,11.03896103896104,4.220779220779221,6.8181818181818175,88.96103896103897,3.896103896103896,85.06493506493507
E00172476,372,77,37,40,295,19,276,20.698924731182796,9.946236559139784,10.75268817204301,79.3010752688172,5.10752688172043,74.19354838709677
E00172477,200,26,11,15,174,11,163,13,5.5,7.5,87,5.5,81.5
E00172478,380,62,16,46,318,21,297,16.315789473684212,4.2105263157894735,12.105263157894736,83.6842105263158,5.526315789473684,78.15789473684211
E00172487,298,67,31,36,231,24,207,22.483221476510067,10.40268456375839,12.080536912751679,77.51677852348993,8.053691275167784,69.46308724832215
E00172488,425,134,62,72,291,23,268,31.529411764705884,14.588235294117647,16.941176470588236,68.47058823529412,5.411764705882352,63.05882352941177
E00172491,469,61,28,33,408,21,387,13.00639658848614,5.970149253731343,7.036247334754798,86.99360341151386,4.477611940298507,82.51599147121536
E00172495,538,94,43,51,444,39,405,17.472118959107807,7.992565055762081,9.479553903345725,82.5278810408922,7.24907063197026,75.27881040892194
E00172496,312,35,13,22,277,33,244,11.217948717948719,4.166666666666666,7.051282051282051,88.78205128205127,10.576923076923077,78.2051282051282
E00172497,156,19,6,13,137,15,122,12.179487179487179,3.8461538461538463,8.333333333333332,87.82051282051282,9.615384615384617,78.2051282051282
E00172499,609,74,28,46,535,42,493,12.151067323481117,4.597701149425287,7.55336617405583,87.84893267651888,6.896551724137931,80.95238095238095
E00172500,158,22,0,22,136,15,121,13.924050632911392,0,13.924050632911392,86.07594936708861,9.49367088607595,76.58227848101265
E00172501,343,58,7,51,285,23,262,16.909620991253643,2.0408163265306123,14.868804664723031,83.09037900874635,6.705539358600583,76.38483965014578
E00172504,614,100,23,77,514,41,473,16.286644951140065,3.7459283387622153,12.54071661237785,83.71335504885994,6.677524429967427,77.0358306188925
E00172507,185,27,1,26,158,10,148,14.594594594594595,0.5405405405405406,14.054054054054054,85.4054054054054,5.405405405405405,80
E00172508,713,112,25,87,601,30,571,15.708274894810659,3.506311360448808,12.201963534361852,84.29172510518934,4.207573632538569,80.08415147265076
E00172509,195,47,19,28,148,18,130,24.102564102564102,9.7435897435897445,14.358974358974358,75.8974358974359,9.230769230769232,66.66666666666666
E00172510,665,97,23,74,568,51,517,14.586466165413533,3.4586466165413534,11.12781954887218,85.41353383458646,7.669172932330827,77.74436090225564
E00172511,392,44,19,25,348,27,321,11.224489795918368,4.846938775510204,6.377551020408164,88.77551020408163,6.887755102040815,81.88775510204081
E00172513,206,19,0,19,187,15,172,9.223300970873787,0,9.223300970873787,90.77669902912622,7.281553398058252,83.49514563106796
E00172514,165,18,0,18,147,8,139,10.909090909090908,0,10.909090909090908,89.0909090909091,4.848484848484849,84.24242424242424
E00172515,204,34,11,23,170,8,162,16.666666666666664,5.392156862745098,11.27450980392157,83.33333333333334,3.9215686274509802,79.41176470588235
E00172516,251,83,38,45,168,23,145,33.067729083665334,15.139442231075698,17.928286852589643,66.93227091633466,9.163346613545817,57.76892430278885
E00172517,284,37,14,23,247,23,224,13.028169014084506,4.929577464788732,8.098591549295776,86.97183098591549,8.098591549295776,78.87323943661971
E00172518,233,23,3,20,210,35,175,9.871244635193133,1.2875536480686696,8.583690987124463,90.12875536480686,15.021459227467812,75.10729613733905
E00172519,358,42,12,30,316,23,293,11.731843575418994,3.35195530726257,8.379888268156424,88.26815642458101,6.424581005586592,81.84357541899442
E00172520,331,69,16,53,262,28,234,20.84592145015106,4.833836858006042,16.012084592145015,79.15407854984893,8.459214501510575,70.69486404833837
E00172521,274,43,15,28,231,21,210,15.693430656934307,5.474452554744526,10.218978102189782,84.30656934306569,7.664233576642336,76.64233576642336
E00172522,289,50,15,35,239,18,221,17.301038062283737,5.190311418685121,12.110726643598616,82.69896193771626,6.228373702422145,76.47058823529412
E00172523,300,58,22,36,242,32,210,19.333333333333332,7.333333333333333,12,80.66666666666666,10.666666666666668,70
E00172524,220,59,26,33,161,10,151,26.81818181818182,11.818181818181818,15,73.18181818181819,4.545454545454546,68.63636363636364
E00172526,141,22,13,9,119,13,106,15.602836879432624,9.219858156028367,6.382978723404255,84.39716312056737,9.219858156028367,75.177304964539
E00172527,298,68,27,41,230,16,214,22.818791946308725,9.060402684563758,13.758389261744966,77.18120805369128,5.369127516778524,71.81208053691275
E00172530,256,59,27,32,197,20,177,23.046875,10.546875,12.5,76.953125,7.8125,69.140625
E00172533,500,79,30,49,421,19,402,15.8,6,9.8,84.2,3.8,80.4
E00172535,358,44,10,34,314,32,282,12.290502793296088,2.793296089385475,9.497206703910614,87.70949720670392,8.938547486033519,78.77094972067039
E00172536,309,47,20,27,262,26,236,15.210355987055015,6.472491909385113,8.737864077669903,84.78964401294499,8.414239482200648,76.37540453074433
E00172538,295,27,9,18,268,24,244,9.152542372881356,3.050847457627119,6.101694915254238,90.84745762711864,8.135593220338983,82.71186440677965
E00172543,193,30,9,21,163,17,146,15.544041450777202,4.66321243523316,10.880829015544041,84.4559585492228,8.808290155440414,75.64766839378238
E00172544,396,36,9,27,360,27,333,9.090909090909092,2.272727272727273,6.8181818181818175,90.9090909090909,6.8181818181818175,84.0909090909091
E00172545,334,48,24,24,286,18,268,14.37125748502994,7.18562874251497,7.18562874251497,85.62874251497006,5.389221556886228,80.23952095808383
E00172546,293,80,54,26,213,26,187,27.303754266211605,18.43003412969283,8.873720136518772,72.6962457337884,8.873720136518772,63.82252559726962
E00172548,308,56,19,37,252,40,212,18.181818181818183,6.1688311688311686,12.012987012987013,81.81818181818183,12.987012987012985,68.83116883116884
E00172549,332,36,7,29,296,36,260,10.843373493975903,2.108433734939759,8.734939759036145,89.1566265060241,10.843373493975903,78.3132530120482
E00172550,303,36,9,27,267,32,235,11.881188118811881,2.9702970297029703,8.91089108910891,88.11881188118812,10.561056105610561,77.55775577557755
E00185178,910,125,23,102,785,77,708,13.736263736263737,2.5274725274725274,11.20879120879121,86.26373626373626,8.461538461538462,77.80219780219781
E00185179,467,69,18,51,398,64,334,14.775160599571734,3.854389721627409,10.920770877944326,85.22483940042827,13.704496788008566,71.5203426124197
E00185180,537,82,48,34,455,12,443,15.27001862197393,8.938547486033519,6.33147113594041,84.72998137802608,2.2346368715083798,82.49534450651768
E00185181,401,101,43,58,300,45,255,25.187032418952622,10.723192019950124,14.463840399002494,74.81296758104739,11.221945137157107,63.591022443890274
E00185182,367,86,42,44,281,22,259,23.43324250681199,11.444141689373296,11.989100817438691,76.566757493188,5.994550408719346,70.57220708446866
E00185183,1352,177,35,142,1175,85,1090,13.091715976331361,2.5887573964497044,10.502958579881657,86.90828402366864,6.28698224852071,80.62130177514793
E00185184,882,94,9,85,788,41,747,10.657596371882086,1.0204081632653061,9.63718820861678,89.34240362811792,4.648526077097506,84.6938775510204
E00185185,436,94,38,56,342,32,310,21.55963302752294,8.715596330275229,12.844036697247708,78.44036697247707,7.339449541284404,71.10091743119266
E00185186,301,31,4,27,270,29,241,10.299003322259136,1.3289036544850499,8.970099667774086,89.70099667774086,9.634551495016613,80.06644518272425
E00185187,440,60,14,46,380,38,342,13.636363636363635,3.1818181818181817,10.454545454545453,86.36363636363636,8.636363636363637,77.72727272727272
E00185188,268,43,19,24,225,20,205,16.044776119402986,7.08955223880597,8.955223880597014,83.95522388059702,7.462686567164178,76.49253731343283
E00185189,845,103,34,69,742,58,684,12.189349112426036,4.023668639053255,8.165680473372781,87.81065088757396,6.8639053254437865,80.94674556213018
E00185190,437,64,21,43,373,29,344,14.645308924485127,4.805491990846682,9.839816933638444,85.35469107551488,6.636155606407322,78.71853546910755
E00185191,758,91,16,75,667,37,630,12.005277044854882,2.1108179419525066,9.894459102902374,87.99472295514512,4.881266490765172,83.11345646437994
E00185192,1737,247,31,216,1490,145,1345,14.219919401266552,1.7846862406447899,12.435233160621761,85.78008059873345,8.347725964306276,77.43235463442717
E00185193,796,136,24,112,660,45,615,17.08542713567839,3.015075376884422,14.07035175879397,82.91457286432161,5.653266331658291,77.26130653266333
E00185194,1014,130,39,91,884,57,827,12.82051282051282,3.8461538461538463,8.974358974358974,87.17948717948718,5.621301775147929,81.55818540433924
E00185195,1319,96,18,78,1223,54,1169,7.278241091736164,1.3646702047005308,5.913570887035633,92.72175890826384,4.094010614101592,88.62774829416225
E00185196,150,20,7,13,130,11,119,13.333333333333334,4.666666666666667,8.666666666666668,86.66666666666667,7.333333333333333,79.33333333333333
E00185197,381,19,1,18,362,30,332,4.986876640419948,0.26246719160104987,4.724409448818897,95.01312335958005,7.874015748031496,87.13910761154857
E00185198,293,14,0,14,279,18,261,4.778156996587031,0,4.778156996587031,95.22184300341297,6.143344709897611,89.07849829351537
E00185199,592,100,18,82,492,47,445,16.89189189189189,3.040540540540541,13.85135135135135,83.1081081081081,7.939189189189189,75.16891891891892
E00185200,420,52,28,24,368,20,348,12.380952380952381,6.666666666666667,5.714285714285714,87.61904761904762,4.761904761904762,82.85714285714286
E00185201,394,32,3,29,362,27,335,8.121827411167512,0.7614213197969544,7.3604060913705585,91.87817258883248,6.852791878172589,85.0253807106599
E00185202,283,65,30,35,218,23,195,22.968197879858657,10.60070671378092,12.36749116607774,77.03180212014135,8.12720848056537,68.90459363957598
E00185203,138,25,9,16,113,6,107,18.115942028985508,6.521739130434782,11.594202898550725,81.88405797101449,4.3478260869565215,77.53623188405797
E00185204,598,65,36,29,533,11,522,10.869565217391305,6.0200668896321075,4.849498327759197,89.13043478260869,1.839464882943144,87.29096989966555
E00185205,213,47,6,41,166,25,141,22.065727699530516,2.8169014084507045,19.248826291079812,77.93427230046949,11.737089201877934,66.19718309859155
E00185206,340,36,10,26,304,20,284,10.588235294117647,2.941176470588235,7.647058823529412,89.41176470588236,5.88235294117647,83.52941176470588
E00185207,226,48,14,34,178,20,158,21.238938053097346,6.1946902654867255,15.04424778761062,78.76106194690266,8.849557522123893,69.91150442477876
E00185208,346,76,39,37,270,23,247,21.965317919075144,11.271676300578035,10.69364161849711,78.03468208092485,6.6473988439306355,71.38728323699422
E00185209,416,61,20,41,355,27,328,14.663461538461538,4.807692307692308,9.85576923076923,85.33653846153845,6.490384615384616,78.84615384615384
E00185210,288,48,18,30,240,15,225,16.666666666666664,6.25,10.416666666666668,83.33333333333334,5.208333333333334,78.125
E00185211,435,73,32,41,362,25,337,16.7816091954023,7.35632183908046,9.425287356321839,83.2183908045977,5.747126436781609,77.47126436781609
E00185212,171,32,13,19,139,8,131,18.71345029239766,7.602339181286549,11.11111111111111,81.28654970760235,4.678362573099415,76.60818713450293
E00185213,118,68,44,24,50,1,49,57.6271186440678,37.28813559322034,20.33898305084746,42.3728813559322,0.847457627118644,41.52542372881356
E00185214,438,29,9,20,409,17,392,6.621004566210045,2.054794520547945,4.5662100456621,93.37899543378995,3.881278538812785,89.49771689497716
E00185215,899,96,21,75,803,38,765,10.678531701890991,2.3359288097886544,8.342602892102335,89.32146829810901,4.226918798665183,85.09454949944383
E00185216,396,36,13,23,360,27,333,9.090909090909092,3.2828282828282833,5.808080808080808,90.9090909090909,6.8181818181818175,84.0909090909091
E00185217,433,55,7,48,378,26,352,12.702078521939955,1.6166281755196306,11.085450346420323,87.29792147806005,6.0046189376443415,81.2933025404157
E00185218,322,82,33,49,240,18,222,25.465838509316768,10.248447204968944,15.217391304347828,74.53416149068323,5.590062111801243,68.94409937888199
E00185219,242,22,7,15,220,33,187,9.090909090909092,2.8925619834710745,6.198347107438017,90.9090909090909,13.636363636363635,77.27272727272727
E00185220,476,67,36,31,409,10,399,14.07563025210084,7.563025210084033,6.512605042016808,85.92436974789915,2.100840336134454,83.82352941176471
E00185221,563,79,23,56,484,52,432,14.031971580817052,4.085257548845471,9.946714031971581,85.96802841918296,9.236234458259325,76.73179396092362
E00185222,316,41,12,29,275,28,247,12.974683544303797,3.79746835443038,9.177215189873419,87.0253164556962,8.860759493670885,78.16455696202532
E00185223,166,27,6,21,139,15,124,16.265060240963855,3.614457831325301,12.650602409638553,83.73493975903614,9.036144578313253,74.69879518072288
E00185224,216,27,14,13,189,14,175,12.5,6.481481481481481,6.018518518518518,87.5,6.481481481481481,81.01851851851852
E00185225,409,43,10,33,366,28,338,10.513447432762836,2.444987775061125,8.06845965770171,89.48655256723717,6.845965770171149,82.64058679706602
E00185226,143,23,9,14,120,16,104,16.083916083916083,6.293706293706294,9.79020979020979,83.91608391608392,11.188811188811188,72.72727272727273
E00185227,503,43,14,29,460,43,417,8.548707753479125,2.783300198807157,5.7654075546719685,91.45129224652088,8.548707753479125,82.90258449304176
E00185228,148,12,2,10,136,12,124,8.108108108108109,1.3513513513513513,6.756756756756757,91.8918918918919,8.108108108108109,83.78378378378379
E00185229,525,79,12,67,446,34,412,15.04761904761905,2.2857142857142856,12.761904761904763,84.95238095238096,6.476190476190475,78.47619047619048
E00185230,194,29,10,19,165,13,152,14.948453608247423,5.154639175257731,9.793814432989691,85.05154639175258,6.701030927835052,78.35051546391753
E00185231,243,24,15,9,219,13,206,9.876543209876543,6.172839506172839,3.7037037037037033,90.12345679012346,5.349794238683128,84.77366255144034
E00185232,467,71,38,33,396,15,381,15.203426124197003,8.137044967880087,7.066381156316917,84.79657387580299,3.2119914346895073,81.5845824411135
E00185233,308,91,38,53,217,13,204,29.545454545454547,12.337662337662337,17.20779220779221,70.45454545454545,4.220779220779221,66.23376623376623
E00185234,233,72,38,34,161,10,151,30.90128755364807,16.30901287553648,14.592274678111588,69.09871244635193,4.291845493562231,64.8068669527897
E00185235,348,21,9,12,327,16,311,6.0344827586206895,2.586206896551724,3.4482758620689653,93.96551724137932,4.597701149425287,89.36781609195403
E00185236,192,23,10,13,169,15,154,11.979166666666668,5.208333333333334,6.770833333333333,88.02083333333334,7.8125,80.20833333333334
E00185237,307,43,9,34,264,28,236,14.006514657980457,2.9315960912052117,11.074918566775244,85.99348534201955,9.120521172638437,76.8729641693811
E00185238,152,9,2,7,143,10,133,5.921052631578947,1.3157894736842104,4.605263157894736,94.07894736842105,6.578947368421052,87.5
E00185239,114,12,6,6,102,10,92,10.526315789473683,5.263157894736842,5.263157894736842,89.47368421052632,8.771929824561402,80.7017543859649
E00185240,268,71,37,34,197,15,182,26.492537313432834,13.805970149253731,12.686567164179104,73.50746268656717,5.597014925373134,67.91044776119402
E00185241,414,72,33,39,342,23,319,17.391304347826086,7.971014492753622,9.420289855072465,82.6086956521739,5.555555555555555,77.05314009661835
E00185242,186,31,7,24,155,18,137,16.666666666666664,3.763440860215054,12.903225806451612,83.33333333333334,9.67741935483871,73.65591397849462
E00185243,435,59,27,32,376,23,353,13.563218390804598,6.206896551724138,7.35632183908046,86.4367816091954,5.287356321839081,81.14942528735632
E00185244,488,57,13,44,431,47,384,11.68032786885246,2.663934426229508,9.01639344262295,88.31967213114754,9.631147540983607,78.68852459016394
E00185245,500,79,18,61,421,43,378,15.8,3.5999999999999996,12.2,84.2,8.6,75.6
E00185246,142,12,4,8,130,8,122,8.450704225352112,2.8169014084507045,5.633802816901409,91.54929577464789,5.633802816901409,85.91549295774648
E00185247,356,48,5,43,308,26,282,13.48314606741573,1.4044943820224718,12.07865168539326,86.51685393258427,7.303370786516854,79.21348314606742
E00185248,150,43,17,26,107,8,99,28.666666666666668,11.333333333333332,17.333333333333336,71.33333333333334,5.333333333333334,66
E00185249,392,82,27,55,310,30,280,20.918367346938776,6.887755102040815,14.030612244897958,79.08163265306123,7.653061224489796,71.42857142857143
E00185250,327,88,48,40,239,26,213,26.911314984709477,14.678899082568808,12.232415902140673,73.08868501529052,7.951070336391437,65.13761467889908
E00185251,276,31,0,31,245,27,218,11.231884057971014,0,11.231884057971014,88.76811594202898,9.782608695652174,78.98550724637681
E00185252,251,70,29,41,181,13,168,27.88844621513944,11.553784860557768,16.334661354581673,72.11155378486056,5.179282868525896,66.93227091633466
E00185253,120,28,9,19,92,8,84,23.333333333333332,7.5,15.833333333333332,76.66666666666667,6.666666666666667,70
E00185254,513,212,134,78,301,38,263,41.32553606237816,26.120857699805068,15.204678362573098,58.67446393762184,7.4074074074074066,51.267056530214425
E00185255,190,62,27,35,128,10,118,32.631578947368425,14.210526315789473,18.421052631578945,67.36842105263158,5.263157894736842,62.10526315789474
E00185256,259,21,1,20,238,22,216,8.108108108108109,0.3861003861003861,7.722007722007722,91.8918918918919,8.494208494208493,83.3976833976834
E00185257,270,24,5,19,246,15,231,8.88888888888889,1.8518518518518516,7.037037037037037,91.11111111111111,5.555555555555555,85.55555555555556
E00185258,284,42,13,29,242,45,197,14.788732394366196,4.577464788732395,10.211267605633804,85.2112676056338,15.845070422535212,69.36619718309859
E00185259,550,58,19,39,492,17,475,10.545454545454545,3.4545454545454546,7.090909090909091,89.45454545454545,3.090909090909091,86.36363636363636
E00185260,457,58,10,48,399,49,350,12.691466083150985,2.1881838074398248,10.50328227571116,87.30853391684902,10.722100656455142,76.58643326039387
E00185261,368,73,26,47,295,32,263,19.83695652173913,7.065217391304348,12.771739130434783,80.16304347826086,8.695652173913043,71.46739130434783
E00185262,341,160,84,76,181,16,165,46.9208211143695,24.633431085043988,22.28739002932551,53.0791788856305,4.69208211143695,48.38709677419355
