OA,ts0590001,ts0590002,ts0590003,ts0590004,ts0590005,ts0590006,ts0590007,ts0590002_PCT,ts0590003_PCT,ts0590004_PCT,ts0590005_PCT,ts0590006_PCT,ts0590007_PCT
E00039619,175,47,18,29,128,107,21,26.857142857142858,10.285714285714285,16.57142857142857,73.14285714285714,61.142857142857146,12
E00039620,162,33,13,20,129,117,12,20.37037037037037,8.024691358024691,12.345679012345679,79.62962962962963,72.22222222222221,7.4074074074074066
E00039621,161,47,16,31,114,101,13,29.19254658385093,9.937888198757763,19.25465838509317,70.80745341614907,62.732919254658384,8.074534161490684
E00039622,127,30,3,27,97,82,15,23.62204724409449,2.3622047244094486,21.25984251968504,76.37795275590551,64.56692913385827,11.811023622047244
E00039623,147,47,7,40,100,82,18,31.97278911564626,4.761904761904762,27.2108843537415,68.02721088435374,55.78231292517006,12.244897959183673
E00039624,185,51,18,33,134,123,11,27.56756756756757,9.72972972972973,17.83783783783784,72.43243243243244,66.48648648648648,5.9459459459459465
E00039625,126,34,10,24,92,81,11,26.984126984126984,7.936507936507936,19.047619047619047,73.01587301587301,64.28571428571429,8.73015873015873
E00039626,183,46,11,35,137,126,11,25.136612021857925,6.0109289617486334,19.12568306010929,74.86338797814209,68.85245901639344,6.0109289617486334
E00039627,125,47,17,30,78,69,9,37.6,13.600000000000001,24,62.4,55.2,7.199999999999999
E00039628,88,31,11,20,57,49,8,35.22727272727273,12.5,22.727272727272727,64.77272727272727,55.68181818181818,9.090909090909092
E00039629,164,45,14,31,119,110,9,27.439024390243905,8.536585365853659,18.902439024390244,72.5609756097561,67.07317073170732,5.487804878048781
E00039630,165,63,10,53,102,88,14,38.18181818181819,6.0606060606060606,32.121212121212125,61.81818181818181,53.333333333333336,8.484848484848486
E00039631,150,51,13,38,99,88,11,34,8.666666666666668,25.333333333333336,66,58.666666666666664,7.333333333333333
E00039632,181,54,19,35,127,110,17,29.83425414364641,10.497237569060774,19.337016574585636,70.1657458563536,60.773480662983424,9.392265193370166
E00039633,177,54,15,39,123,106,17,30.508474576271187,8.47457627118644,22.033898305084744,69.49152542372882,59.887005649717516,9.6045197740113
E00039634,169,60,18,42,109,93,16,35.50295857988166,10.650887573964498,24.85207100591716,64.49704142011834,55.02958579881657,9.467455621301776
E00039635,175,59,19,40,116,105,11,33.714285714285715,10.857142857142858,22.857142857142858,66.28571428571428,60,6.2857142857142865
E00039636,143,32,9,23,111,98,13,22.377622377622377,6.293706293706294,16.083916083916083,77.62237762237763,68.53146853146853,9.090909090909092
E00039637,143,47,10,37,96,85,11,32.86713286713287,6.993006993006993,25.874125874125873,67.13286713286713,59.44055944055944,7.6923076923076925
E00039638,165,49,13,36,116,101,15,29.6969696969697,7.878787878787878,21.818181818181817,70.3030303030303,61.212121212121204,9.090909090909092
E00039639,159,45,15,30,114,102,12,28.30188679245283,9.433962264150944,18.867924528301888,71.69811320754717,64.15094339622641,7.547169811320755
E00039640,116,50,15,35,66,58,8,43.103448275862064,12.931034482758621,30.17241379310345,56.896551724137936,50,6.896551724137931
E00039641,96,29,9,20,67,57,10,30.208333333333332,9.375,20.833333333333336,69.79166666666666,59.375,10.416666666666668
E00039642,136,41,14,27,95,83,12,30.14705882352941,10.294117647058822,19.852941176470587,69.85294117647058,61.029411764705884,8.823529411764707
E00039643,129,53,16,37,76,65,11,41.08527131782946,12.4031007751938,28.68217054263566,58.91472868217055,50.3875968992248,8.527131782945736
E00039644,90,30,8,22,60,47,13,33.33333333333333,8.88888888888889,24.444444444444443,66.66666666666666,52.22222222222223,14.444444444444443
E00039645,97,34,10,24,63,59,4,35.051546391752574,10.309278350515463,24.742268041237114,64.94845360824742,60.824742268041234,4.123711340206185
E00039646,148,49,13,36,99,86,13,33.108108108108105,8.783783783783784,24.324324324324326,66.8918918918919,58.108108108108105,8.783783783783784
E00039647,94,28,12,16,66,56,10,29.78723404255319,12.76595744680851,17.02127659574468,70.2127659574468,59.57446808510638,10.638297872340425
E00039648,123,45,16,29,78,67,11,36.58536585365854,13.008130081300814,23.577235772357724,63.41463414634146,54.47154471544715,8.94308943089431
E00039649,96,31,5,26,65,62,3,32.29166666666667,5.208333333333334,27.083333333333332,67.70833333333334,64.58333333333334,3.125
E00039650,156,42,11,31,114,96,18,26.923076923076923,7.051282051282051,19.871794871794872,73.07692307692307,61.53846153846154,11.538461538461538
E00039651,214,65,16,49,149,134,15,30.373831775700932,7.476635514018691,22.897196261682243,69.62616822429906,62.616822429906534,7.009345794392523
E00039652,124,42,15,27,82,77,5,33.87096774193548,12.096774193548388,21.774193548387096,66.12903225806451,62.096774193548384,4.032258064516129
E00039653,119,33,9,24,86,76,10,27.73109243697479,7.563025210084033,20.168067226890756,72.26890756302521,63.86554621848739,8.403361344537815
E00039654,183,58,14,44,125,113,12,31.693989071038253,7.650273224043716,24.043715846994534,68.30601092896174,61.74863387978142,6.557377049180328
E00039655,162,42,7,35,120,103,17,25.925925925925924,4.320987654320987,21.604938271604937,74.07407407407408,63.580246913580254,10.493827160493826
E00039656,137,44,12,32,93,77,16,32.11678832116788,8.75912408759124,23.357664233576642,67.88321167883211,56.20437956204379,11.678832116788321
E00039657,37,14,7,7,23,23,0,37.83783783783784,18.91891891891892,18.91891891891892,62.16216216216216,62.16216216216216,0
E00039658,158,53,18,35,105,94,11,33.54430379746836,11.39240506329114,22.151898734177212,66.45569620253164,59.49367088607595,6.962025316455696
E00039659,154,45,13,32,109,96,13,29.22077922077922,8.441558441558442,20.77922077922078,70.77922077922078,62.33766233766234,8.441558441558442
E00039660,181,54,14,40,127,111,16,29.83425414364641,7.734806629834254,22.099447513812155,70.1657458563536,61.32596685082873,8.83977900552486
E00039661,115,34,5,29,81,66,15,29.565217391304348,4.3478260869565215,25.217391304347824,70.43478260869566,57.391304347826086,13.043478260869565
E00039662,160,50,20,30,110,85,25,31.25,12.5,18.75,68.75,53.125,15.625
E00039663,124,45,13,32,79,73,6,36.29032258064516,10.483870967741936,25.806451612903224,63.70967741935484,58.87096774193549,4.838709677419355
E00039664,141,47,13,34,94,82,12,33.33333333333333,9.219858156028367,24.113475177304963,66.66666666666666,58.156028368794324,8.51063829787234
E00039665,66,26,5,21,40,31,9,39.39393939393939,7.575757575757576,31.818181818181817,60.60606060606061,46.96969696969697,13.636363636363635
E00039666,179,51,11,40,128,118,10,28.49162011173184,6.145251396648044,22.3463687150838,71.50837988826815,65.92178770949721,5.58659217877095
E00039667,146,41,13,28,105,98,7,28.08219178082192,8.904109589041095,19.17808219178082,71.91780821917808,67.12328767123287,4.794520547945205
E00039668,104,42,13,29,62,52,10,40.38461538461539,12.5,27.884615384615387,59.61538461538461,50,9.615384615384617
E00039669,163,53,11,42,110,98,12,32.515337423312886,6.748466257668712,25.766871165644172,67.48466257668711,60.122699386503065,7.361963190184049
E00039670,203,67,23,44,136,124,12,33.004926108374384,11.330049261083744,21.67487684729064,66.99507389162561,61.083743842364534,5.911330049261084
E00039671,147,42,14,28,105,93,12,28.57142857142857,9.523809523809524,19.047619047619047,71.42857142857143,63.26530612244898,8.16326530612245
E00039672,156,52,19,33,104,91,13,33.33333333333333,12.179487179487179,21.153846153846153,66.66666666666666,58.333333333333336,8.333333333333332
E00039673,189,62,18,44,127,112,15,32.804232804232804,9.523809523809524,23.28042328042328,67.1957671957672,59.25925925925925,7.936507936507936
E00039674,130,51,25,26,79,73,6,39.23076923076923,19.230769230769234,20,60.76923076923077,56.15384615384615,4.615384615384616
E00039675,252,71,27,44,181,158,23,28.174603174603174,10.714285714285714,17.46031746031746,71.82539682539682,62.698412698412696,9.126984126984127
E00039676,126,34,5,29,92,81,11,26.984126984126984,3.968253968253968,23.015873015873016,73.01587301587301,64.28571428571429,8.73015873015873
E00039677,138,41,8,33,97,85,12,29.71014492753623,5.797101449275362,23.91304347826087,70.28985507246377,61.59420289855072,8.695652173913043
E00039678,174,58,20,38,116,104,12,33.33333333333333,11.494252873563218,21.839080459770116,66.66666666666666,59.77011494252874,6.896551724137931
E00039679,125,30,8,22,95,85,10,24,6.4,17.599999999999998,76,68,8
E00039680,145,46,15,31,99,92,7,31.724137931034484,10.344827586206897,21.379310344827587,68.27586206896552,63.44827586206897,4.827586206896552
E00039681,146,47,14,33,99,93,6,32.19178082191781,9.58904109589041,22.602739726027394,67.8082191780822,63.6986301369863,4.10958904109589
E00039682,131,44,15,29,87,76,11,33.587786259541986,11.450381679389313,22.137404580152673,66.41221374045801,58.01526717557252,8.396946564885496
E00039683,190,59,13,46,131,117,14,31.05263157894737,6.842105263157896,24.210526315789473,68.94736842105263,61.578947368421055,7.368421052631578
E00039684,122,29,7,22,93,82,11,23.770491803278688,5.737704918032787,18.0327868852459,76.22950819672131,67.21311475409836,9.01639344262295
E00039685,142,46,10,36,96,84,12,32.3943661971831,7.042253521126761,25.352112676056336,67.6056338028169,59.154929577464785,8.450704225352112
E00039686,111,45,10,35,66,51,15,40.54054054054054,9.00900900900901,31.53153153153153,59.45945945945946,45.94594594594595,13.513513513513514
E00039687,100,26,4,22,74,69,5,26,4,22,74,69,5
E00039688,122,38,7,31,84,76,8,31.147540983606557,5.737704918032787,25.40983606557377,68.85245901639344,62.295081967213115,6.557377049180328
E00039690,97,36,10,26,61,56,5,37.11340206185567,10.309278350515463,26.804123711340207,62.88659793814433,57.73195876288659,5.154639175257731
E00039691,116,36,13,23,80,73,7,31.03448275862069,11.206896551724139,19.82758620689655,68.96551724137932,62.93103448275862,6.0344827586206895
E00039692,230,65,13,52,165,149,16,28.26086956521739,5.6521739130434785,22.608695652173914,71.73913043478261,64.78260869565217,6.956521739130435
E00039695,149,50,16,34,99,88,11,33.557046979865774,10.738255033557047,22.818791946308725,66.44295302013423,59.06040268456376,7.38255033557047
E00039696,140,39,5,34,101,89,12,27.857142857142858,3.571428571428571,24.285714285714285,72.14285714285714,63.57142857142857,8.571428571428571
E00039697,174,41,8,33,133,121,12,23.563218390804597,4.597701149425287,18.96551724137931,76.4367816091954,69.54022988505747,6.896551724137931
E00039698,114,37,13,24,77,68,9,32.45614035087719,11.403508771929824,21.052631578947366,67.54385964912281,59.64912280701754,7.894736842105263
E00039699,117,39,13,26,78,68,10,33.33333333333333,11.11111111111111,22.22222222222222,66.66666666666666,58.119658119658126,8.547008547008547
E00039700,149,38,12,26,111,103,8,25.503355704697988,8.053691275167784,17.449664429530202,74.49664429530202,69.12751677852349,5.369127516778524
E00039701,110,32,9,23,78,71,7,29.09090909090909,8.181818181818182,20.909090909090907,70.9090909090909,64.54545454545455,6.363636363636363
E00039702,49,15,5,10,34,27,7,30.612244897959183,10.204081632653061,20.408163265306122,69.38775510204081,55.10204081632652,14.285714285714285
E00039703,118,29,8,21,89,81,8,24.576271186440678,6.779661016949152,17.796610169491526,75.42372881355932,68.64406779661016,6.779661016949152
E00039704,124,36,10,26,88,78,10,29.03225806451613,8.064516129032258,20.967741935483872,70.96774193548387,62.903225806451616,8.064516129032258
E00039705,135,41,12,29,94,84,10,30.37037037037037,8.88888888888889,21.48148148148148,69.62962962962963,62.22222222222222,7.4074074074074066
E00039706,105,28,11,17,77,69,8,26.666666666666668,10.476190476190476,16.19047619047619,73.33333333333333,65.71428571428571,7.6190476190476195
E00039707,121,32,13,19,89,78,11,26.446280991735538,10.743801652892563,15.702479338842975,73.55371900826447,64.46280991735537,9.090909090909092
E00039708,132,39,13,26,93,89,4,29.545454545454547,9.848484848484848,19.696969696969695,70.45454545454545,67.42424242424242,3.0303030303030303
E00039709,96,24,6,18,72,58,14,25,6.25,18.75,75,60.416666666666664,14.583333333333334
E00039710,149,38,8,30,111,105,6,25.503355704697988,5.369127516778524,20.13422818791946,74.49664429530202,70.46979865771812,4.026845637583892
E00039712,110,40,16,24,70,57,13,36.36363636363637,14.545454545454545,21.818181818181817,63.63636363636363,51.81818181818182,11.818181818181818
E00039713,143,40,10,30,103,96,7,27.972027972027973,6.993006993006993,20.97902097902098,72.02797202797203,67.13286713286713,4.895104895104895
E00039714,190,50,12,38,140,130,10,26.31578947368421,6.315789473684211,20,73.68421052631578,68.42105263157895,5.263157894736842
E00039715,106,30,9,21,76,65,11,28.30188679245283,8.49056603773585,19.81132075471698,71.69811320754717,61.32075471698113,10.377358490566039
E00039716,166,57,20,37,109,98,11,34.33734939759036,12.048192771084338,22.289156626506024,65.66265060240963,59.036144578313255,6.626506024096386
E00039717,133,44,15,29,89,83,6,33.08270676691729,11.278195488721805,21.804511278195488,66.9172932330827,62.40601503759399,4.511278195488721
E00039718,115,36,12,24,79,69,10,31.30434782608696,10.434782608695652,20.869565217391305,68.69565217391305,60,8.695652173913043
E00039719,134,48,15,33,86,80,6,35.82089552238806,11.194029850746269,24.62686567164179,64.17910447761194,59.70149253731343,4.477611940298507
E00039720,146,48,16,32,98,89,9,32.87671232876712,10.95890410958904,21.91780821917808,67.12328767123287,60.95890410958904,6.164383561643835
E00039721,164,52,11,41,112,91,21,31.70731707317073,6.707317073170732,25,68.29268292682927,55.487804878048784,12.804878048780488
E00039722,143,44,11,33,99,82,17,30.76923076923077,7.6923076923076925,23.076923076923077,69.23076923076923,57.34265734265735,11.888111888111888
E00039724,143,33,11,22,110,102,8,23.076923076923077,7.6923076923076925,15.384615384615385,76.92307692307693,71.32867132867133,5.594405594405594
E00039726,141,52,10,42,89,73,16,36.87943262411347,7.092198581560284,29.78723404255319,63.12056737588653,51.77304964539007,11.347517730496454
E00039727,170,54,12,42,116,103,13,31.76470588235294,7.0588235294117645,24.705882352941178,68.23529411764706,60.588235294117645,7.647058823529412
E00039728,161,36,11,25,125,110,15,22.36024844720497,6.832298136645963,15.527950310559005,77.63975155279503,68.32298136645963,9.316770186335404
E00039729,151,51,10,41,100,89,11,33.77483443708609,6.622516556291391,27.1523178807947,66.22516556291392,58.94039735099338,7.28476821192053
E00039730,151,53,12,41,98,85,13,35.099337748344375,7.9470198675496695,27.1523178807947,64.90066225165563,56.29139072847682,8.609271523178808
E00039731,94,27,8,19,67,61,6,28.723404255319153,8.51063829787234,20.212765957446805,71.27659574468085,64.8936170212766,6.382978723404255
E00039732,178,58,17,41,120,111,9,32.58426966292135,9.550561797752808,23.03370786516854,67.41573033707866,62.35955056179775,5.056179775280898
E00039733,195,65,11,54,130,115,15,33.33333333333333,5.641025641025641,27.692307692307693,66.66666666666666,58.97435897435898,7.6923076923076925
E00039734,110,40,7,33,70,59,11,36.36363636363637,6.363636363636363,30,63.63636363636363,53.63636363636364,10
E00039735,143,47,4,43,96,88,8,32.86713286713287,2.797202797202797,30.069930069930066,67.13286713286713,61.53846153846154,5.594405594405594
E00039736,145,41,11,30,104,93,11,28.27586206896552,7.586206896551724,20.689655172413794,71.72413793103448,64.13793103448275,7.586206896551724
E00039737,136,32,6,26,104,90,14,23.52941176470588,4.411764705882353,19.11764705882353,76.47058823529412,66.17647058823529,10.294117647058822
E00039738,110,39,13,26,71,64,7,35.45454545454545,11.818181818181818,23.636363636363637,64.54545454545455,58.18181818181818,6.363636363636363
E00039739,175,56,13,43,119,108,11,32,7.428571428571429,24.571428571428573,68,61.71428571428571,6.2857142857142865
E00039740,162,53,13,40,109,92,17,32.71604938271605,8.024691358024691,24.691358024691358,67.28395061728395,56.79012345679012,10.493827160493826
E00039741,72,21,1,20,51,47,4,29.166666666666668,1.3888888888888888,27.77777777777778,70.83333333333334,65.27777777777779,5.555555555555555
E00039742,116,34,9,25,82,70,12,29.310344827586203,7.758620689655173,21.551724137931032,70.6896551724138,60.3448275862069,10.344827586206897
E00039743,189,65,14,51,124,104,20,34.39153439153439,7.4074074074074066,26.984126984126984,65.60846560846561,55.026455026455025,10.582010582010582
E00039744,145,48,13,35,97,87,10,33.10344827586207,8.96551724137931,24.137931034482758,66.89655172413794,60,6.896551724137931
E00039745,96,37,9,28,59,50,9,38.54166666666667,9.375,29.166666666666668,61.458333333333336,52.083333333333336,9.375
E00039746,155,53,12,41,102,83,19,34.193548387096776,7.741935483870968,26.451612903225808,65.80645161290323,53.5483870967742,12.258064516129032
E00039747,127,48,15,33,79,71,8,37.79527559055118,11.811023622047244,25.984251968503933,62.20472440944882,55.90551181102362,6.299212598425196
E00039748,171,55,15,40,116,102,14,32.16374269005848,8.771929824561402,23.391812865497073,67.83625730994152,59.64912280701754,8.187134502923977
E00039750,144,52,8,44,92,86,6,36.11111111111111,5.555555555555555,30.555555555555557,63.888888888888886,59.72222222222222,4.166666666666666
E00039751,152,44,10,34,108,97,11,28.947368421052634,6.578947368421052,22.36842105263158,71.05263157894737,63.81578947368421,7.236842105263158
E00039752,126,43,13,30,83,79,4,34.12698412698413,10.317460317460316,23.809523809523807,65.87301587301587,62.698412698412696,3.1746031746031744
E00039753,125,33,8,25,92,82,10,26.400000000000002,6.4,20,73.6,65.60000000000001,8
E00039754,139,50,17,33,89,80,9,35.97122302158273,12.23021582733813,23.741007194244602,64.02877697841727,57.55395683453237,6.474820143884892
E00039755,85,31,9,22,54,53,1,36.470588235294116,10.588235294117647,25.882352941176475,63.52941176470588,62.35294117647059,1.1764705882352942
E00039756,147,55,8,47,92,76,16,37.41496598639456,5.442176870748299,31.97278911564626,62.585034013605444,51.70068027210885,10.884353741496598
E00039757,109,41,5,36,68,63,5,37.61467889908257,4.587155963302752,33.02752293577982,62.38532110091744,57.798165137614674,4.587155963302752
E00039758,61,28,9,19,33,31,2,45.90163934426229,14.754098360655737,31.147540983606557,54.09836065573771,50.81967213114754,3.278688524590164
E00039759,162,48,9,39,114,96,18,29.629629629629626,5.555555555555555,24.074074074074073,70.37037037037037,59.25925925925925,11.11111111111111
E00039760,146,54,15,39,92,77,15,36.986301369863014,10.273972602739725,26.71232876712329,63.013698630136986,52.73972602739726,10.273972602739725
E00039761,117,32,8,24,85,75,10,27.350427350427353,6.837606837606838,20.51282051282051,72.64957264957265,64.1025641025641,8.547008547008547
E00039762,193,65,14,51,128,120,8,33.67875647668394,7.253886010362693,26.42487046632124,66.32124352331607,62.17616580310881,4.145077720207254
E00039763,132,42,8,34,90,75,15,31.818181818181817,6.0606060606060606,25.757575757575758,68.18181818181817,56.81818181818182,11.363636363636363
E00039764,149,59,20,39,90,78,12,39.59731543624161,13.422818791946309,26.174496644295303,60.40268456375839,52.348993288590606,8.053691275167784
E00039765,130,47,16,31,83,77,6,36.15384615384615,12.307692307692308,23.846153846153847,63.84615384615384,59.23076923076923,4.615384615384616
E00039766,132,60,20,40,72,64,8,45.45454545454545,15.151515151515152,30.303030303030305,54.54545454545454,48.484848484848484,6.0606060606060606
E00039767,121,55,20,35,66,54,12,45.45454545454545,16.528925619834713,28.92561983471074,54.54545454545454,44.62809917355372,9.917355371900827
E00039768,128,41,13,28,87,83,4,32.03125,10.15625,21.875,67.96875,64.84375,3.125
E00039769,139,52,15,37,87,82,5,37.410071942446045,10.79136690647482,26.618705035971225,62.589928057553955,58.992805755395686,3.5971223021582732
E00039770,123,48,23,25,75,70,5,39.02439024390244,18.69918699186992,20.32520325203252,60.97560975609756,56.91056910569105,4.0650406504065035
E00039771,124,41,13,28,83,78,5,33.064516129032256,10.483870967741936,22.58064516129032,66.93548387096774,62.903225806451616,4.032258064516129
E00039772,141,37,7,30,104,91,13,26.24113475177305,4.964539007092199,21.27659574468085,73.75886524822694,64.53900709219859,9.219858156028367
E00039773,222,68,13,55,154,138,16,30.630630630630627,5.8558558558558556,24.774774774774773,69.36936936936937,62.16216216216216,7.207207207207207
E00039774,195,57,13,44,138,125,13,29.230769230769234,6.666666666666667,22.564102564102566,70.76923076923077,64.1025641025641,6.666666666666667
E00039775,109,40,9,31,69,62,7,36.69724770642202,8.256880733944955,28.440366972477065,63.30275229357798,56.88073394495413,6.422018348623854
E00039776,109,40,15,25,69,62,7,36.69724770642202,13.761467889908257,22.93577981651376,63.30275229357798,56.88073394495413,6.422018348623854
E00039777,173,56,10,46,117,101,16,32.369942196531795,5.780346820809249,26.589595375722542,67.63005780346822,58.38150289017341,9.248554913294797
E00039778,133,46,10,36,87,76,11,34.58646616541353,7.518796992481203,27.06766917293233,65.41353383458647,57.14285714285714,8.270676691729323
E00039779,131,40,14,26,91,86,5,30.53435114503817,10.687022900763358,19.84732824427481,69.46564885496184,65.64885496183206,3.816793893129771
E00039780,142,56,18,38,86,77,9,39.436619718309856,12.676056338028168,26.76056338028169,60.56338028169014,54.22535211267606,6.338028169014084
E00039781,107,44,13,31,63,56,7,41.1214953271028,12.149532710280374,28.971962616822427,58.87850467289719,52.336448598130836,6.5420560747663545
E00039782,142,53,10,43,89,80,9,37.32394366197183,7.042253521126761,30.28169014084507,62.676056338028175,56.33802816901409,6.338028169014084
E00039783,153,63,14,49,90,76,14,41.17647058823529,9.15032679738562,32.02614379084967,58.82352941176471,49.673202614379086,9.15032679738562
E00039784,107,29,6,23,78,73,5,27.102803738317753,5.607476635514018,21.49532710280374,72.89719626168224,68.22429906542055,4.672897196261682
E00039785,130,40,10,30,90,81,9,30.76923076923077,7.6923076923076925,23.076923076923077,69.23076923076923,62.30769230769231,6.923076923076923
E00039786,154,41,12,29,113,99,14,26.623376623376622,7.792207792207792,18.83116883116883,73.37662337662337,64.28571428571429,9.090909090909092
E00039787,44,22,6,16,22,18,4,50,13.636363636363635,36.36363636363637,50,40.909090909090914,9.090909090909092
E00039788,159,64,21,43,95,87,8,40.25157232704403,13.20754716981132,27.044025157232703,59.74842767295597,54.71698113207547,5.031446540880504
E00039789,142,33,6,27,109,102,7,23.239436619718308,4.225352112676056,19.014084507042252,76.76056338028168,71.83098591549296,4.929577464788732
E00039791,58,15,6,9,43,43,0,25.862068965517242,10.344827586206897,15.517241379310345,74.13793103448276,74.13793103448276,0
E00039792,102,44,10,34,58,53,5,43.13725490196079,9.803921568627452,33.33333333333333,56.86274509803921,51.9607843137255,4.901960784313726
E00039793,203,59,18,41,144,132,12,29.064039408866993,8.866995073891626,20.19704433497537,70.93596059113301,65.02463054187191,5.911330049261084
E00039794,170,50,15,35,120,104,16,29.411764705882355,8.823529411764707,20.588235294117645,70.58823529411765,61.1764705882353,9.411764705882353
E00039795,134,45,16,29,89,78,11,33.582089552238806,11.940298507462686,21.641791044776117,66.4179104477612,58.2089552238806,8.208955223880597
E00039796,117,46,14,32,71,65,6,39.31623931623932,11.965811965811966,27.350427350427353,60.68376068376068,55.55555555555556,5.128205128205128
E00039797,80,22,4,18,58,49,9,27.500000000000004,5,22.5,72.5,61.25000000000001,11.25
E00039798,184,61,19,42,123,110,13,33.15217391304348,10.326086956521738,22.82608695652174,66.84782608695652,59.78260869565217,7.065217391304348
E00039799,125,30,8,22,95,89,6,24,6.4,17.599999999999998,76,71.2,4.8
E00039800,133,51,32,19,82,72,10,38.34586466165413,24.06015037593985,14.285714285714285,61.65413533834586,54.13533834586466,7.518796992481203
E00039801,83,32,17,15,51,46,5,38.55421686746988,20.481927710843372,18.072289156626507,61.44578313253012,55.42168674698795,6.024096385542169
E00039802,167,56,38,18,111,102,9,33.532934131736525,22.75449101796407,10.778443113772456,66.46706586826348,61.07784431137725,5.389221556886228
E00039804,142,50,26,24,92,69,23,35.2112676056338,18.30985915492958,16.901408450704224,64.7887323943662,48.59154929577465,16.19718309859155
E00039806,120,39,25,14,81,70,11,32.5,20.833333333333336,11.666666666666666,67.5,58.333333333333336,9.166666666666666
E00039807,173,59,25,34,114,103,11,34.104046242774565,14.450867052023122,19.653179190751445,65.89595375722543,59.53757225433526,6.358381502890173
E00039808,147,50,22,28,97,73,24,34.01360544217687,14.965986394557824,19.047619047619047,65.98639455782312,49.65986394557823,16.3265306122449
E00039810,105,38,13,25,67,55,12,36.19047619047619,12.380952380952381,23.809523809523807,63.8095238095238,52.38095238095239,11.428571428571429
E00039811,194,136,92,44,58,56,2,70.10309278350515,47.42268041237113,22.68041237113402,29.896907216494846,28.865979381443296,1.0309278350515463
E00039812,154,51,22,29,103,84,19,33.116883116883116,14.285714285714285,18.83116883116883,66.88311688311688,54.54545454545454,12.337662337662337
E00039813,151,47,21,26,104,82,22,31.125827814569533,13.90728476821192,17.218543046357617,68.87417218543047,54.3046357615894,14.56953642384106
E00039814,118,40,13,27,78,57,21,33.89830508474576,11.016949152542372,22.88135593220339,66.10169491525424,48.30508474576271,17.796610169491526
E00039815,127,51,20,31,76,57,19,40.15748031496063,15.748031496062993,24.409448818897637,59.84251968503938,44.881889763779526,14.960629921259844
E00039816,158,73,40,33,85,79,6,46.20253164556962,25.31645569620253,20.88607594936709,53.79746835443038,50,3.79746835443038
E00039817,195,55,16,39,140,110,30,28.205128205128204,8.205128205128204,20,71.7948717948718,56.41025641025641,15.384615384615385
E00039818,170,71,42,29,99,86,13,41.76470588235294,24.705882352941178,17.058823529411764,58.235294117647065,50.588235294117645,7.647058823529412
E00039819,98,35,9,26,63,54,9,35.714285714285715,9.183673469387756,26.53061224489796,64.28571428571429,55.10204081632652,9.183673469387756
E00039820,112,37,19,18,75,59,16,33.035714285714285,16.964285714285715,16.071428571428573,66.96428571428571,52.67857142857143,14.285714285714285
E00039821,120,38,13,25,82,62,20,31.666666666666664,10.833333333333334,20.833333333333336,68.33333333333333,51.66666666666667,16.666666666666664
E00039822,150,39,12,27,111,93,18,26,8,18,74,62,12
E00039823,169,100,52,48,69,62,7,59.171597633136095,30.76923076923077,28.402366863905325,40.828402366863905,36.68639053254438,4.142011834319527
E00039824,99,35,13,22,64,55,9,35.35353535353536,13.131313131313133,22.22222222222222,64.64646464646465,55.55555555555556,9.090909090909092
E00039825,156,44,17,27,112,99,13,28.205128205128204,10.897435897435898,17.307692307692307,71.7948717948718,63.46153846153846,8.333333333333332
E00039826,150,75,36,39,75,70,5,50,24,26,50,46.666666666666664,3.3333333333333335
E00039827,153,42,18,24,111,95,16,27.450980392156865,11.76470588235294,15.686274509803921,72.54901960784314,62.091503267973856,10.457516339869281
E00039828,151,51,19,32,100,72,28,33.77483443708609,12.582781456953644,21.192052980132452,66.22516556291392,47.682119205298015,18.543046357615893
E00039829,103,29,6,23,74,65,9,28.155339805825243,5.825242718446602,22.330097087378643,71.84466019417476,63.10679611650486,8.737864077669903
E00039830,144,42,10,32,102,90,12,29.166666666666668,6.944444444444445,22.22222222222222,70.83333333333334,62.5,8.333333333333332
E00039831,175,55,22,33,120,99,21,31.428571428571427,12.571428571428573,18.857142857142858,68.57142857142857,56.57142857142857,12
E00039832,110,38,14,24,72,54,18,34.54545454545455,12.727272727272727,21.818181818181817,65.45454545454545,49.09090909090909,16.363636363636363
E00039833,184,68,26,42,116,86,30,36.95652173913043,14.130434782608695,22.82608695652174,63.04347826086957,46.73913043478261,16.304347826086957
E00039834,139,45,14,31,94,70,24,32.37410071942446,10.071942446043165,22.302158273381295,67.62589928057554,50.35971223021583,17.26618705035971
E00039835,121,52,31,21,69,54,15,42.97520661157025,25.6198347107438,17.355371900826448,57.02479338842975,44.62809917355372,12.396694214876034
E00039836,130,46,15,31,84,73,11,35.38461538461539,11.538461538461538,23.846153846153847,64.61538461538461,56.15384615384615,8.461538461538462
E00039837,143,50,33,17,93,84,9,34.96503496503497,23.076923076923077,11.888111888111888,65.03496503496503,58.74125874125874,6.293706293706294
E00039838,175,78,46,32,97,95,2,44.57142857142857,26.285714285714285,18.285714285714285,55.42857142857143,54.285714285714285,1.1428571428571428
E00039839,115,57,36,21,58,51,7,49.56521739130435,31.30434782608696,18.26086956521739,50.43478260869565,44.34782608695652,6.086956521739131
E00039840,209,66,30,36,143,111,32,31.57894736842105,14.354066985645932,17.22488038277512,68.42105263157895,53.110047846889955,15.311004784688995
E00039841,106,62,47,15,44,41,3,58.490566037735846,44.339622641509436,14.150943396226415,41.509433962264154,38.67924528301887,2.8301886792452833
E00039842,159,90,62,28,69,66,3,56.60377358490566,38.9937106918239,17.61006289308176,43.39622641509434,41.509433962264154,1.8867924528301887
E00039843,140,59,38,21,81,73,8,42.142857142857146,27.142857142857142,15,57.85714285714286,52.142857142857146,5.714285714285714
E00039844,172,57,28,29,115,97,18,33.13953488372093,16.27906976744186,16.86046511627907,66.86046511627907,56.395348837209305,10.465116279069768
E00039845,126,38,17,21,88,78,10,30.158730158730158,13.492063492063492,16.666666666666664,69.84126984126983,61.904761904761905,7.936507936507936
E00039846,49,14,2,12,35,29,6,28.57142857142857,4.081632653061225,24.489795918367346,71.42857142857143,59.183673469387756,12.244897959183673
E00039847,161,49,26,23,112,95,17,30.434782608695656,16.149068322981368,14.285714285714285,69.56521739130434,59.006211180124225,10.559006211180124
E00039849,109,38,16,22,71,64,7,34.862385321100916,14.678899082568808,20.18348623853211,65.13761467889908,58.71559633027523,6.422018348623854
E00039850,183,58,28,30,125,94,31,31.693989071038253,15.300546448087433,16.39344262295082,68.30601092896174,51.36612021857923,16.939890710382514
E00039851,149,66,18,48,83,78,5,44.29530201342282,12.080536912751679,32.21476510067114,55.70469798657718,52.348993288590606,3.3557046979865772
E00039852,136,64,20,44,72,66,6,47.05882352941176,14.705882352941178,32.35294117647059,52.94117647058824,48.529411764705884,4.411764705882353
E00039853,123,49,14,35,74,65,9,39.83739837398374,11.38211382113821,28.455284552845526,60.16260162601627,52.84552845528455,7.317073170731707
E00039854,137,65,17,48,72,66,6,47.44525547445255,12.408759124087592,35.03649635036496,52.55474452554745,48.175182481751825,4.37956204379562
E00039856,102,46,10,36,56,51,5,45.09803921568628,9.803921568627452,35.294117647058826,54.90196078431373,50,4.901960784313726
E00039858,121,46,15,31,75,75,0,38.01652892561984,12.396694214876034,25.6198347107438,61.98347107438017,61.98347107438017,0
E00039859,118,60,18,42,58,50,8,50.847457627118644,15.254237288135593,35.59322033898305,49.152542372881356,42.3728813559322,6.779661016949152
E00039860,122,47,24,23,75,69,6,38.52459016393443,19.672131147540984,18.852459016393443,61.47540983606557,56.557377049180324,4.918032786885246
E00039861,127,37,5,32,90,83,7,29.133858267716533,3.937007874015748,25.196850393700785,70.86614173228347,65.35433070866141,5.511811023622047
E00039862,105,44,13,31,61,53,8,41.904761904761905,12.380952380952381,29.523809523809526,58.0952380952381,50.476190476190474,7.6190476190476195
E00039863,39,25,6,19,14,12,2,64.1025641025641,15.384615384615385,48.717948717948715,35.8974358974359,30.76923076923077,5.128205128205128
E00039864,92,31,10,21,61,60,1,33.69565217391305,10.869565217391305,22.82608695652174,66.30434782608695,65.21739130434783,1.0869565217391304
E00039865,148,66,12,54,82,72,10,44.5945945945946,8.108108108108109,36.486486486486484,55.4054054054054,48.64864864864865,6.756756756756757
E00039866,114,56,21,35,58,52,6,49.122807017543856,18.421052631578945,30.701754385964914,50.877192982456144,45.614035087719294,5.263157894736842
E00039867,82,42,10,32,40,36,4,51.21951219512195,12.195121951219512,39.02439024390244,48.78048780487805,43.90243902439025,4.878048780487805
E00039868,68,33,11,22,35,31,4,48.529411764705884,16.176470588235293,32.35294117647059,51.470588235294116,45.588235294117645,5.88235294117647
E00039869,121,56,15,41,65,65,0,46.28099173553719,12.396694214876034,33.88429752066116,53.71900826446281,53.71900826446281,0
E00039870,107,54,17,37,53,52,1,50.467289719626166,15.887850467289718,34.57943925233645,49.532710280373834,48.598130841121495,0.9345794392523363
E00039871,136,50,22,28,86,73,13,36.76470588235294,16.176470588235293,20.588235294117645,63.23529411764706,53.67647058823529,9.558823529411764
E00039876,272,111,31,80,161,145,16,40.80882352941176,11.397058823529411,29.411764705882355,59.19117647058824,53.30882352941176,5.88235294117647
E00039877,104,42,11,31,62,55,7,40.38461538461539,10.576923076923077,29.807692307692307,59.61538461538461,52.88461538461539,6.730769230769231
E00039878,88,28,7,21,60,48,12,31.818181818181817,7.954545454545454,23.863636363636363,68.18181818181817,54.54545454545454,13.636363636363635
E00039879,56,15,7,8,41,40,1,26.785714285714285,12.5,14.285714285714285,73.21428571428571,71.42857142857143,1.7857142857142856
E00039880,113,54,9,45,59,53,6,47.78761061946903,7.964601769911504,39.823008849557525,52.21238938053098,46.902654867256636,5.3097345132743365
E00039881,94,38,11,27,56,56,0,40.42553191489361,11.702127659574469,28.723404255319153,59.57446808510638,59.57446808510638,0
E00039882,169,73,27,46,96,83,13,43.19526627218935,15.976331360946746,27.218934911242602,56.80473372781065,49.112426035502956,7.6923076923076925
E00039883,129,52,16,36,77,73,4,40.310077519379846,12.4031007751938,27.906976744186046,59.68992248062015,56.58914728682171,3.10077519379845
E00039884,141,64,19,45,77,71,6,45.39007092198582,13.47517730496454,31.914893617021278,54.60992907801418,50.35460992907801,4.25531914893617
E00039885,81,31,8,23,50,45,5,38.2716049382716,9.876543209876543,28.39506172839506,61.72839506172839,55.55555555555556,6.172839506172839
E00039886,130,57,20,37,73,63,10,43.84615384615385,15.384615384615385,28.46153846153846,56.15384615384615,48.46153846153846,7.6923076923076925
E00039887,136,53,20,33,83,78,5,38.970588235294116,14.705882352941178,24.264705882352942,61.029411764705884,57.35294117647059,3.6764705882352944
E00039888,116,56,15,41,60,57,3,48.275862068965516,12.931034482758621,35.3448275862069,51.724137931034484,49.137931034482754,2.586206896551724
E00039889,99,47,10,37,52,47,5,47.474747474747474,10.1010101010101,37.37373737373738,52.52525252525253,47.474747474747474,5.05050505050505
E00039890,112,49,15,34,63,58,5,43.75,13.392857142857142,30.357142857142854,56.25,51.78571428571429,4.464285714285714
E00039891,117,51,8,43,66,63,3,43.58974358974359,6.837606837606838,36.75213675213676,56.41025641025641,53.84615384615385,2.564102564102564
E00039892,161,59,16,43,102,89,13,36.64596273291926,9.937888198757763,26.70807453416149,63.35403726708074,55.27950310559007,8.074534161490684
E00039893,138,48,18,30,90,81,9,34.78260869565217,13.043478260869565,21.73913043478261,65.21739130434783,58.69565217391305,6.521739130434782
E00039894,66,26,5,21,40,36,4,39.39393939393939,7.575757575757576,31.818181818181817,60.60606060606061,54.54545454545454,6.0606060606060606
E00039895,122,41,16,25,81,64,17,33.60655737704918,13.114754098360656,20.491803278688526,66.39344262295081,52.459016393442624,13.934426229508196
E00039896,91,36,17,19,55,50,5,39.56043956043956,18.681318681318682,20.87912087912088,60.43956043956044,54.94505494505495,5.4945054945054945
E00039897,152,48,13,35,104,93,11,31.57894736842105,8.552631578947368,23.026315789473685,68.42105263157895,61.18421052631579,7.236842105263158
E00039898,145,72,21,51,73,64,9,49.6551724137931,14.482758620689657,35.172413793103445,50.3448275862069,44.13793103448276,6.206896551724138
E00039899,108,31,15,16,77,73,4,28.703703703703702,13.88888888888889,14.814814814814813,71.29629629629629,67.5925925925926,3.7037037037037033
E00039900,134,41,17,24,93,81,12,30.597014925373134,12.686567164179104,17.91044776119403,69.40298507462687,60.447761194029844,8.955223880597014
E00039902,228,71,16,55,157,146,11,31.140350877192986,7.017543859649122,24.12280701754386,68.85964912280701,64.03508771929825,4.824561403508771
E00039906,70,21,7,14,49,42,7,30,10,20,70,60,10
E00039907,137,60,14,46,77,71,6,43.79562043795621,10.218978102189782,33.57664233576642,56.20437956204379,51.82481751824818,4.37956204379562
E00039908,149,57,17,40,92,78,14,38.25503355704698,11.409395973154362,26.845637583892618,61.74496644295302,52.348993288590606,9.395973154362416
E00039910,122,53,10,43,69,60,9,43.44262295081967,8.19672131147541,35.24590163934426,56.557377049180324,49.18032786885246,7.377049180327869
E00039911,81,31,8,23,50,48,2,38.2716049382716,9.876543209876543,28.39506172839506,61.72839506172839,59.25925925925925,2.4691358024691357
E00039912,150,62,17,45,88,80,8,41.333333333333336,11.333333333333332,30,58.666666666666664,53.333333333333336,5.333333333333334
E00039913,117,47,8,39,70,64,6,40.17094017094017,6.837606837606838,33.33333333333333,59.82905982905983,54.700854700854705,5.128205128205128
E00039914,81,38,16,22,43,38,5,46.913580246913575,19.753086419753085,27.160493827160494,53.086419753086425,46.913580246913575,6.172839506172839
E00039917,86,37,7,30,49,46,3,43.02325581395349,8.13953488372093,34.883720930232556,56.97674418604651,53.48837209302325,3.488372093023256
E00039918,93,33,8,25,60,57,3,35.483870967741936,8.60215053763441,26.881720430107524,64.51612903225806,61.29032258064516,3.225806451612903
E00039919,86,45,9,36,41,37,4,52.32558139534884,10.465116279069768,41.86046511627907,47.674418604651166,43.02325581395349,4.651162790697675
E00039920,89,41,14,27,48,48,0,46.06741573033708,15.730337078651685,30.337078651685395,53.93258426966292,53.93258426966292,0
E00039921,128,49,12,37,79,79,0,38.28125,9.375,28.90625,61.71875,61.71875,0
E00039922,99,38,8,30,61,51,10,38.38383838383838,8.080808080808081,30.303030303030305,61.61616161616161,51.515151515151516,10.1010101010101
E00039923,108,42,8,34,66,56,10,38.88888888888889,7.4074074074074066,31.48148148148148,61.111111111111114,51.85185185185185,9.25925925925926
E00039924,100,44,14,30,56,52,4,44,14.000000000000002,30,56.00000000000001,52,4
E00039925,62,22,11,11,40,36,4,35.483870967741936,17.741935483870968,17.741935483870968,64.51612903225806,58.06451612903226,6.451612903225806
E00039926,82,32,1,31,50,47,3,39.02439024390244,1.2195121951219512,37.80487804878049,60.97560975609756,57.3170731707317,3.6585365853658534
E00039929,86,32,10,22,54,47,7,37.2093023255814,11.627906976744185,25.581395348837212,62.7906976744186,54.65116279069767,8.13953488372093
E00039931,101,22,10,12,79,76,3,21.782178217821784,9.900990099009901,11.881188118811881,78.21782178217822,75.24752475247524,2.9702970297029703
E00039932,136,38,13,25,98,86,12,27.941176470588236,9.558823529411764,18.38235294117647,72.05882352941177,63.23529411764706,8.823529411764707
E00039933,111,32,8,24,79,69,10,28.82882882882883,7.207207207207207,21.62162162162162,71.17117117117117,62.16216216216216,9.00900900900901
E00039934,153,58,16,42,95,89,6,37.908496732026144,10.457516339869281,27.450980392156865,62.091503267973856,58.16993464052288,3.9215686274509802
E00039935,117,38,14,24,79,73,6,32.47863247863248,11.965811965811966,20.51282051282051,67.52136752136752,62.39316239316239,5.128205128205128
E00039936,188,69,16,53,119,105,14,36.702127659574465,8.51063829787234,28.191489361702125,63.297872340425535,55.85106382978723,7.446808510638298
E00039937,95,24,12,12,71,67,4,25.263157894736842,12.631578947368421,12.631578947368421,74.73684210526315,70.52631578947368,4.2105263157894735
E00039938,130,42,14,28,88,76,12,32.30769230769231,10.76923076923077,21.53846153846154,67.6923076923077,58.46153846153847,9.230769230769232
E00039939,124,36,7,29,88,80,8,29.03225806451613,5.64516129032258,23.387096774193548,70.96774193548387,64.51612903225806,6.451612903225806
E00039940,97,33,5,28,64,57,7,34.02061855670103,5.154639175257731,28.865979381443296,65.97938144329896,58.76288659793815,7.216494845360824
E00039941,153,58,17,41,95,85,10,37.908496732026144,11.11111111111111,26.797385620915033,62.091503267973856,55.55555555555556,6.535947712418301
E00039942,167,72,15,57,95,88,7,43.11377245508982,8.982035928143713,34.13173652694611,56.886227544910184,52.69461077844312,4.191616766467066
E00039943,83,40,14,26,43,41,2,48.19277108433735,16.867469879518072,31.32530120481928,51.80722891566265,49.39759036144578,2.4096385542168677
E00039944,105,60,16,44,45,40,5,57.14285714285714,15.238095238095239,41.904761904761905,42.857142857142854,38.095238095238095,4.761904761904762
E00039945,88,45,23,22,43,40,3,51.13636363636363,26.136363636363637,25,48.86363636363637,45.45454545454545,3.4090909090909087
E00039946,66,19,5,14,47,37,10,28.78787878787879,7.575757575757576,21.21212121212121,71.21212121212122,56.060606060606055,15.151515151515152
E00039947,157,50,17,33,107,100,7,31.84713375796178,10.828025477707007,21.019108280254777,68.15286624203821,63.69426751592356,4.45859872611465
E00039948,169,48,11,37,121,105,16,28.402366863905325,6.508875739644971,21.893491124260358,71.59763313609467,62.1301775147929,9.467455621301776
E00039949,86,28,8,20,58,53,5,32.55813953488372,9.30232558139535,23.25581395348837,67.44186046511628,61.627906976744185,5.813953488372093
E00039950,137,46,13,33,91,82,9,33.57664233576642,9.48905109489051,24.087591240875913,66.42335766423358,59.854014598540154,6.569343065693431
E00039951,132,34,11,23,98,86,12,25.757575757575758,8.333333333333332,17.424242424242426,74.24242424242425,65.15151515151516,9.090909090909092
E00039952,200,52,18,34,148,128,20,26,9,17,74,64,10
E00039953,202,56,15,41,146,131,15,27.722772277227726,7.425742574257425,20.2970297029703,72.27722772277228,64.85148514851485,7.425742574257425
E00039954,122,39,12,27,83,72,11,31.967213114754102,9.836065573770492,22.131147540983605,68.0327868852459,59.01639344262295,9.01639344262295
E00039955,147,40,6,34,107,98,9,27.2108843537415,4.081632653061225,23.12925170068027,72.78911564625851,66.66666666666666,6.122448979591836
E00039956,89,37,12,25,52,49,3,41.57303370786517,13.48314606741573,28.08988764044944,58.42696629213483,55.0561797752809,3.3707865168539324
E00039957,155,54,23,31,101,92,9,34.83870967741935,14.838709677419354,20,65.16129032258064,59.354838709677416,5.806451612903226
E00039958,122,31,6,25,91,82,9,25.40983606557377,4.918032786885246,20.491803278688526,74.59016393442623,67.21311475409836,7.377049180327869
E00039961,131,34,13,21,97,80,17,25.954198473282442,9.923664122137405,16.030534351145036,74.04580152671755,61.06870229007634,12.977099236641221
E00039962,200,65,20,45,135,121,14,32.5,10,22.5,67.5,60.5,7.000000000000001
E00039963,204,64,15,49,140,124,16,31.372549019607842,7.352941176470589,24.019607843137255,68.62745098039215,60.78431372549019,7.8431372549019605
E00039964,146,52,15,37,94,77,17,35.61643835616438,10.273972602739725,25.34246575342466,64.38356164383562,52.73972602739726,11.643835616438356
E00039965,121,40,13,27,81,66,15,33.057851239669425,10.743801652892563,22.31404958677686,66.94214876033058,54.54545454545454,12.396694214876034
E00039966,121,43,12,31,78,62,16,35.53719008264463,9.917355371900827,25.6198347107438,64.46280991735537,51.2396694214876,13.223140495867769
E00039967,143,36,12,24,107,91,16,25.174825174825177,8.391608391608392,16.783216783216783,74.82517482517483,63.63636363636363,11.188811188811188
E00039968,192,55,17,38,137,119,18,28.645833333333332,8.854166666666668,19.791666666666664,71.35416666666666,61.979166666666664,9.375
E00039969,152,33,6,27,119,107,12,21.710526315789476,3.9473684210526314,17.763157894736842,78.28947368421053,70.39473684210526,7.894736842105263
E00039970,190,53,19,34,137,118,19,27.89473684210526,10,17.894736842105264,72.10526315789474,62.10526315789474,10
E00039971,125,38,7,31,87,74,13,30.4,5.6000000000000005,24.8,69.6,59.199999999999996,10.4
E00039972,119,30,7,23,89,84,5,25.210084033613445,5.88235294117647,19.327731092436977,74.78991596638656,70.58823529411765,4.201680672268908
E00039973,115,30,5,25,85,78,7,26.08695652173913,4.3478260869565215,21.73913043478261,73.91304347826086,67.82608695652173,6.086956521739131
E00039974,108,29,9,20,79,70,9,26.851851851851855,8.333333333333332,18.51851851851852,73.14814814814815,64.81481481481481,8.333333333333332
E00039975,109,35,11,24,74,66,8,32.11009174311927,10.091743119266056,22.018348623853214,67.88990825688074,60.550458715596335,7.339449541284404
E00039976,126,41,6,35,85,74,11,32.53968253968254,4.761904761904762,27.77777777777778,67.46031746031747,58.730158730158735,8.73015873015873
E00039977,108,31,12,19,77,72,5,28.703703703703702,11.11111111111111,17.59259259259259,71.29629629629629,66.66666666666666,4.62962962962963
E00039978,113,29,7,22,84,73,11,25.663716814159294,6.1946902654867255,19.469026548672566,74.33628318584071,64.60176991150442,9.734513274336283
E00039979,90,25,6,19,65,54,11,27.77777777777778,6.666666666666667,21.11111111111111,72.22222222222221,60,12.222222222222221
E00039980,92,23,8,15,69,63,6,25,8.695652173913043,16.304347826086957,75,68.47826086956522,6.521739130434782
E00039981,127,42,9,33,85,80,5,33.07086614173229,7.086614173228346,25.984251968503933,66.92913385826772,62.99212598425197,3.937007874015748
E00039982,126,34,7,27,92,79,13,26.984126984126984,5.555555555555555,21.428571428571427,73.01587301587301,62.698412698412696,10.317460317460316
E00039983,110,34,13,21,76,64,12,30.909090909090907,11.818181818181818,19.090909090909093,69.0909090909091,58.18181818181818,10.909090909090908
E00039984,135,34,11,23,101,92,9,25.185185185185183,8.148148148148149,17.037037037037038,74.81481481481481,68.14814814814815,6.666666666666667
E00039985,103,26,5,21,77,69,8,25.24271844660194,4.854368932038835,20.388349514563107,74.75728155339806,66.99029126213593,7.766990291262135
E00039986,67,34,8,26,33,31,2,50.74626865671642,11.940298507462686,38.80597014925373,49.25373134328358,46.26865671641791,2.9850746268656714
E00039987,119,37,12,25,82,73,9,31.092436974789916,10.084033613445378,21.008403361344538,68.90756302521008,61.34453781512605,7.563025210084033
E00039988,139,40,9,31,99,83,16,28.776978417266186,6.474820143884892,22.302158273381295,71.22302158273382,59.71223021582733,11.510791366906476
E00039989,134,47,13,34,87,75,12,35.07462686567165,9.701492537313433,25.37313432835821,64.92537313432835,55.970149253731336,8.955223880597014
E00039990,191,61,18,43,130,122,8,31.93717277486911,9.424083769633508,22.5130890052356,68.06282722513089,63.87434554973822,4.18848167539267
E00039991,70,21,7,14,49,42,7,30,10,20,70,60,10
E00039992,130,35,12,23,95,80,15,26.923076923076923,9.230769230769232,17.692307692307693,73.07692307692307,61.53846153846154,11.538461538461538
E00039993,165,40,4,36,125,117,8,24.242424242424242,2.4242424242424243,21.818181818181817,75.75757575757575,70.9090909090909,4.848484848484849
E00039994,226,62,17,45,164,149,15,27.43362831858407,7.52212389380531,19.911504424778762,72.56637168141593,65.929203539823,6.637168141592921
E00039995,134,36,11,25,98,84,14,26.865671641791046,8.208955223880597,18.65671641791045,73.13432835820896,62.68656716417911,10.44776119402985
E00039996,161,42,13,29,119,108,11,26.08695652173913,8.074534161490684,18.012422360248447,73.91304347826086,67.08074534161491,6.832298136645963
E00039997,131,35,8,27,96,87,9,26.717557251908396,6.106870229007633,20.610687022900763,73.2824427480916,66.41221374045801,6.870229007633588
E00039998,212,70,20,50,142,124,18,33.0188679245283,9.433962264150944,23.58490566037736,66.98113207547169,58.490566037735846,8.49056603773585
E00039999,171,47,11,36,124,106,18,27.485380116959064,6.432748538011696,21.052631578947366,72.51461988304094,61.98830409356725,10.526315789473683
E00040000,110,37,9,28,73,66,7,33.63636363636363,8.181818181818182,25.454545454545453,66.36363636363637,60,6.363636363636363
E00040001,106,35,9,26,71,63,8,33.0188679245283,8.49056603773585,24.528301886792452,66.98113207547169,59.43396226415094,7.547169811320755
E00040002,118,33,5,28,85,70,15,27.966101694915253,4.23728813559322,23.728813559322035,72.03389830508475,59.32203389830508,12.711864406779661
E00040003,51,21,5,16,30,30,0,41.17647058823529,9.803921568627452,31.372549019607842,58.82352941176471,58.82352941176471,0
E00040004,116,36,7,29,80,72,8,31.03448275862069,6.0344827586206895,25,68.96551724137932,62.06896551724138,6.896551724137931
E00040005,104,32,9,23,72,65,7,30.76923076923077,8.653846153846153,22.115384615384613,69.23076923076923,62.5,6.730769230769231
E00040006,48,19,4,15,29,29,0,39.58333333333333,8.333333333333332,31.25,60.416666666666664,60.416666666666664,0
E00040007,110,34,6,28,76,74,2,30.909090909090907,5.454545454545454,25.454545454545453,69.0909090909091,67.27272727272727,1.8181818181818181
E00040008,80,35,7,28,45,38,7,43.75,8.75,35,56.25,47.5,8.75
E00040009,112,39,11,28,73,60,13,34.82142857142857,9.821428571428571,25,65.17857142857143,53.57142857142857,11.607142857142858
E00040010,41,16,7,9,25,23,2,39.02439024390244,17.073170731707318,21.951219512195124,60.97560975609756,56.09756097560976,4.878048780487805
E00040011,127,38,12,26,89,78,11,29.92125984251969,9.448818897637794,20.47244094488189,70.07874015748031,61.417322834645674,8.661417322834646
E00040012,151,45,13,32,106,97,9,29.80132450331126,8.609271523178808,21.192052980132452,70.19867549668875,64.23841059602648,5.960264900662252
E00040013,120,44,9,35,76,67,9,36.666666666666664,7.5,29.166666666666668,63.33333333333333,55.833333333333336,7.5
E00040014,137,46,15,31,91,80,11,33.57664233576642,10.948905109489052,22.62773722627737,66.42335766423358,58.3941605839416,8.02919708029197
E00040015,156,52,17,35,104,86,18,33.33333333333333,10.897435897435898,22.435897435897438,66.66666666666666,55.12820512820513,11.538461538461538
E00040016,118,36,9,27,82,75,7,30.508474576271187,7.627118644067797,22.88135593220339,69.49152542372882,63.559322033898304,5.932203389830509
E00040017,116,41,8,33,75,62,13,35.3448275862069,6.896551724137931,28.448275862068968,64.65517241379311,53.44827586206896,11.206896551724139
E00040018,128,46,15,31,82,76,6,35.9375,11.71875,24.21875,64.0625,59.375,4.6875
E00040019,141,43,15,28,98,91,7,30.49645390070922,10.638297872340425,19.858156028368796,69.50354609929079,64.53900709219859,4.964539007092199
E00040020,129,35,13,22,94,83,11,27.131782945736433,10.077519379844961,17.05426356589147,72.86821705426357,64.34108527131784,8.527131782945736
E00040021,155,37,3,34,118,100,18,23.870967741935484,1.935483870967742,21.935483870967744,76.12903225806451,64.51612903225806,11.612903225806452
E00040022,118,37,12,25,81,66,15,31.35593220338983,10.16949152542373,21.1864406779661,68.64406779661016,55.932203389830505,12.711864406779661
E00040023,129,49,11,38,80,72,8,37.98449612403101,8.527131782945736,29.457364341085274,62.01550387596899,55.81395348837209,6.2015503875969
E00040024,126,42,10,32,84,75,9,33.33333333333333,7.936507936507936,25.396825396825395,66.66666666666666,59.523809523809526,7.142857142857142
E00040025,136,41,5,36,95,88,7,30.14705882352941,3.6764705882352944,26.47058823529412,69.85294117647058,64.70588235294117,5.147058823529411
E00040026,132,45,15,30,87,83,4,34.090909090909086,11.363636363636363,22.727272727272727,65.9090909090909,62.878787878787875,3.0303030303030303
E00040027,116,42,12,30,74,67,7,36.206896551724135,10.344827586206897,25.862068965517242,63.793103448275865,57.758620689655174,6.0344827586206895
E00040028,129,53,26,27,76,73,3,41.08527131782946,20.155038759689923,20.930232558139537,58.91472868217055,56.58914728682171,2.3255813953488373
E00040029,77,27,6,21,50,46,4,35.064935064935064,7.792207792207792,27.27272727272727,64.93506493506493,59.74025974025974,5.194805194805195
E00040030,141,52,20,32,89,82,7,36.87943262411347,14.184397163120568,22.69503546099291,63.12056737588653,58.156028368794324,4.964539007092199
E00040031,108,44,13,31,64,61,3,40.74074074074074,12.037037037037036,28.703703703703702,59.25925925925925,56.481481481481474,2.7777777777777777
E00040033,116,43,9,34,73,68,5,37.06896551724138,7.758620689655173,29.310344827586203,62.93103448275862,58.620689655172406,4.310344827586207
E00040034,134,42,14,28,92,82,10,31.343283582089555,10.44776119402985,20.8955223880597,68.65671641791045,61.19402985074627,7.462686567164178
E00040035,117,40,7,33,77,67,10,34.18803418803419,5.982905982905983,28.205128205128204,65.8119658119658,57.26495726495726,8.547008547008547
E00040037,130,42,12,30,88,83,5,32.30769230769231,9.230769230769232,23.076923076923077,67.6923076923077,63.84615384615384,3.8461538461538463
E00040038,137,42,12,30,95,88,7,30.656934306569344,8.75912408759124,21.897810218978105,69.34306569343066,64.23357664233576,5.109489051094891
E00040039,125,39,14,25,86,81,5,31.2,11.200000000000001,20,68.8,64.8,4
E00040040,129,52,17,35,77,73,4,40.310077519379846,13.178294573643413,27.131782945736433,59.68992248062015,56.58914728682171,3.10077519379845
E00040041,142,54,17,37,88,74,14,38.028169014084504,11.971830985915492,26.056338028169012,61.97183098591549,52.112676056338024,9.859154929577464
E00040042,103,40,12,28,63,57,6,38.83495145631068,11.650485436893204,27.184466019417474,61.165048543689316,55.33980582524271,5.825242718446602
E00040043,93,28,6,22,65,60,5,30.107526881720432,6.451612903225806,23.655913978494624,69.89247311827957,64.51612903225806,5.376344086021505
E00040044,102,43,13,30,59,54,5,42.15686274509804,12.745098039215685,29.411764705882355,57.84313725490197,52.94117647058824,4.901960784313726
E00040045,87,38,19,19,49,43,6,43.67816091954023,21.839080459770116,21.839080459770116,56.32183908045977,49.42528735632184,6.896551724137931
E00040046,82,33,12,21,49,42,7,40.243902439024396,14.634146341463413,25.609756097560975,59.756097560975604,51.21951219512195,8.536585365853659
E00040047,62,26,10,16,36,32,4,41.935483870967744,16.129032258064516,25.806451612903224,58.06451612903226,51.61290322580645,6.451612903225806
E00040048,41,19,0,19,22,21,1,46.34146341463415,0,46.34146341463415,53.65853658536586,51.21951219512195,2.4390243902439024
E00040049,100,50,9,41,50,49,1,50,9,41,50,49,1
E00040050,119,56,16,40,63,61,2,47.05882352941176,13.445378151260504,33.61344537815126,52.94117647058824,51.26050420168067,1.680672268907563
E00040051,98,44,12,32,54,50,4,44.89795918367347,12.244897959183673,32.6530612244898,55.10204081632652,51.02040816326531,4.081632653061225
E00040052,66,35,17,18,31,31,0,53.03030303030303,25.757575757575758,27.27272727272727,46.96969696969697,46.96969696969697,0
E00040053,146,68,23,45,78,64,14,46.57534246575342,15.753424657534246,30.82191780821918,53.42465753424658,43.83561643835616,9.58904109589041
E00040054,62,34,11,23,28,26,2,54.83870967741935,17.741935483870968,37.096774193548384,45.16129032258064,41.935483870967744,3.225806451612903
E00040056,126,61,15,46,65,58,7,48.41269841269841,11.904761904761903,36.507936507936506,51.587301587301596,46.03174603174603,5.555555555555555
E00040057,88,39,9,30,49,48,1,44.31818181818182,10.227272727272728,34.090909090909086,55.68181818181818,54.54545454545454,1.1363636363636365
E00040058,101,48,11,37,53,46,7,47.524752475247524,10.891089108910892,36.633663366336634,52.475247524752476,45.54455445544555,6.9306930693069315
E00040059,174,68,29,39,106,99,7,39.08045977011494,16.666666666666664,22.413793103448278,60.91954022988506,56.896551724137936,4.022988505747127
E00040060,136,47,13,34,89,80,9,34.55882352941176,9.558823529411764,25,65.44117647058823,58.82352941176471,6.61764705882353
E00040061,164,82,28,54,82,79,3,50,17.073170731707318,32.926829268292686,50,48.170731707317074,1.8292682926829267
E00040062,157,47,15,32,110,91,19,29.936305732484076,9.554140127388536,20.382165605095544,70.06369426751591,57.961783439490446,12.101910828025478
E00040063,158,57,15,42,101,90,11,36.075949367088604,9.49367088607595,26.582278481012654,63.92405063291139,56.9620253164557,6.962025316455696
E00040064,150,49,8,41,101,94,7,32.666666666666664,5.333333333333334,27.333333333333332,67.33333333333333,62.66666666666667,4.666666666666667
E00040065,129,25,5,20,104,91,13,19.379844961240313,3.875968992248062,15.503875968992247,80.62015503875969,70.54263565891473,10.077519379844961
E00040066,174,48,12,36,126,124,2,27.586206896551722,6.896551724137931,20.689655172413794,72.41379310344827,71.26436781609196,1.1494252873563218
E00040067,96,24,4,20,72,65,7,25,4.166666666666666,20.833333333333336,75,67.70833333333334,7.291666666666667
E00040068,149,44,9,35,105,91,14,29.53020134228188,6.0402684563758395,23.48993288590604,70.46979865771812,61.07382550335571,9.395973154362416
E00040069,151,44,19,25,107,95,12,29.13907284768212,12.582781456953644,16.55629139072848,70.86092715231787,62.913907284768214,7.9470198675496695
E00040070,136,40,13,27,96,83,13,29.411764705882355,9.558823529411764,19.852941176470587,70.58823529411765,61.029411764705884,9.558823529411764
E00040071,203,56,16,40,147,137,10,27.586206896551722,7.8817733990147785,19.704433497536947,72.41379310344827,67.48768472906403,4.926108374384237
E00040072,116,55,15,40,61,57,4,47.41379310344828,12.931034482758621,34.48275862068966,52.58620689655172,49.137931034482754,3.4482758620689653
E00040073,139,33,7,26,106,99,7,23.741007194244602,5.0359712230215825,18.705035971223023,76.2589928057554,71.22302158273382,5.0359712230215825
E00040074,115,46,11,35,69,59,10,40,9.565217391304348,30.434782608695656,60,51.30434782608696,8.695652173913043
E00040075,56,18,3,15,38,38,0,32.142857142857146,5.357142857142857,26.785714285714285,67.85714285714286,67.85714285714286,0
E00040076,82,38,10,28,44,39,5,46.34146341463415,12.195121951219512,34.146341463414636,53.65853658536586,47.5609756097561,6.097560975609756
E00040077,114,36,10,26,78,69,9,31.57894736842105,8.771929824561402,22.807017543859647,68.42105263157895,60.526315789473685,7.894736842105263
E00040078,168,56,13,43,112,103,9,33.33333333333333,7.738095238095238,25.595238095238095,66.66666666666666,61.30952380952381,5.357142857142857
E00040079,194,52,6,46,142,133,9,26.804123711340207,3.0927835051546393,23.711340206185564,73.19587628865979,68.55670103092784,4.639175257731959
E00040080,144,50,14,36,94,86,8,34.72222222222222,9.722222222222223,25,65.27777777777779,59.72222222222222,5.555555555555555
E00040081,102,29,7,22,73,63,10,28.431372549019606,6.862745098039216,21.568627450980394,71.56862745098039,61.76470588235294,9.803921568627452
E00040082,284,79,24,55,205,175,30,27.816901408450708,8.450704225352112,19.366197183098592,72.1830985915493,61.61971830985915,10.56338028169014
E00040083,162,74,17,57,88,80,8,45.67901234567901,10.493827160493826,35.18518518518518,54.32098765432099,49.382716049382715,4.938271604938271
E00040084,112,30,10,20,82,77,5,26.785714285714285,8.928571428571429,17.857142857142858,73.21428571428571,68.75,4.464285714285714
E00040085,115,42,14,28,73,64,9,36.52173913043478,12.173913043478262,24.347826086956523,63.47826086956522,55.65217391304348,7.82608695652174
E00040086,95,30,5,25,65,61,4,31.57894736842105,5.263157894736842,26.31578947368421,68.42105263157895,64.21052631578948,4.2105263157894735
E00040087,140,51,16,35,89,75,14,36.42857142857142,11.428571428571429,25,63.57142857142857,53.57142857142857,10
E00040088,117,49,16,33,68,64,4,41.88034188034188,13.675213675213676,28.205128205128204,58.119658119658126,54.700854700854705,3.418803418803419
E00040089,111,45,12,33,66,58,8,40.54054054054054,10.81081081081081,29.72972972972973,59.45945945945946,52.25225225225225,7.207207207207207
E00040090,121,42,13,29,79,70,9,34.710743801652896,10.743801652892563,23.96694214876033,65.28925619834712,57.85123966942148,7.43801652892562
E00040091,127,41,10,31,86,75,11,32.28346456692913,7.874015748031496,24.409448818897637,67.71653543307087,59.055118110236215,8.661417322834646
E00040092,202,63,19,44,139,120,19,31.18811881188119,9.405940594059405,21.782178217821784,68.8118811881188,59.4059405940594,9.405940594059405
E00040093,224,79,26,53,145,112,33,35.267857142857146,11.607142857142858,23.660714285714285,64.73214285714286,50,14.732142857142858
E00040094,157,50,14,36,107,97,10,31.84713375796178,8.9171974522293,22.929936305732486,68.15286624203821,61.78343949044586,6.369426751592357
E00040095,206,71,28,43,135,94,41,34.46601941747573,13.592233009708737,20.87378640776699,65.53398058252428,45.63106796116505,19.902912621359224
E00040096,153,48,18,30,105,76,29,31.372549019607842,11.76470588235294,19.607843137254903,68.62745098039215,49.673202614379086,18.954248366013072
E00040097,164,67,19,48,97,79,18,40.853658536585364,11.585365853658537,29.268292682926827,59.14634146341463,48.170731707317074,10.975609756097562
E00040098,88,35,17,18,53,40,13,39.77272727272727,19.318181818181817,20.454545454545457,60.22727272727273,45.45454545454545,14.772727272727273
E00040099,132,41,18,23,91,74,17,31.060606060606062,13.636363636363635,17.424242424242426,68.93939393939394,56.060606060606055,12.878787878787879
E00040100,117,35,6,29,82,74,8,29.914529914529915,5.128205128205128,24.786324786324787,70.08547008547008,63.24786324786324,6.837606837606838
E00040101,104,32,5,27,72,67,5,30.76923076923077,4.807692307692308,25.961538461538463,69.23076923076923,64.42307692307693,4.807692307692308
E00040102,81,30,5,25,51,45,6,37.03703703703704,6.172839506172839,30.864197530864196,62.96296296296296,55.55555555555556,7.4074074074074066
E00040103,120,36,8,28,84,61,23,30,6.666666666666667,23.333333333333332,70,50.83333333333333,19.166666666666668
E00040104,185,68,33,35,117,95,22,36.75675675675676,17.83783783783784,18.91891891891892,63.24324324324324,51.35135135135135,11.891891891891893
E00040105,85,30,11,19,55,43,12,35.294117647058826,12.941176470588237,22.35294117647059,64.70588235294117,50.588235294117645,14.117647058823529
E00040106,149,46,19,27,103,78,25,30.87248322147651,12.751677852348994,18.120805369127517,69.12751677852349,52.348993288590606,16.778523489932887
E00040107,133,40,15,25,93,73,20,30.075187969924812,11.278195488721805,18.796992481203006,69.92481203007519,54.88721804511278,15.037593984962406
E00040108,68,26,6,20,42,38,4,38.23529411764706,8.823529411764707,29.411764705882355,61.76470588235294,55.88235294117647,5.88235294117647
E00040109,91,42,14,28,49,44,5,46.15384615384615,15.384615384615385,30.76923076923077,53.84615384615385,48.35164835164835,5.4945054945054945
E00040110,141,51,18,33,90,69,21,36.17021276595745,12.76595744680851,23.404255319148938,63.829787234042556,48.93617021276596,14.893617021276595
E00040111,174,60,21,39,114,89,25,34.48275862068966,12.068965517241379,22.413793103448278,65.51724137931035,51.14942528735632,14.367816091954023
E00040112,135,47,22,25,88,67,21,34.81481481481482,16.296296296296298,18.51851851851852,65.18518518518519,49.629629629629626,15.555555555555555
E00040113,172,61,24,37,111,84,27,35.46511627906977,13.953488372093023,21.511627906976745,64.53488372093024,48.837209302325576,15.69767441860465
E00040114,141,38,11,27,103,90,13,26.95035460992908,7.801418439716312,19.148936170212767,73.04964539007092,63.829787234042556,9.219858156028367
E00040115,97,32,10,22,65,60,5,32.98969072164948,10.309278350515463,22.68041237113402,67.0103092783505,61.855670103092784,5.154639175257731
E00040116,82,26,5,21,56,51,5,31.70731707317073,6.097560975609756,25.609756097560975,68.29268292682927,62.19512195121951,6.097560975609756
E00040117,46,11,1,10,35,21,14,23.91304347826087,2.1739130434782608,21.73913043478261,76.08695652173914,45.65217391304348,30.434782608695656
E00040118,156,52,13,39,104,88,16,33.33333333333333,8.333333333333332,25,66.66666666666666,56.41025641025641,10.256410256410255
E00040119,132,52,12,40,80,76,4,39.39393939393939,9.090909090909092,30.303030303030305,60.60606060606061,57.57575757575758,3.0303030303030303
E00040120,105,25,9,16,80,68,12,23.809523809523807,8.571428571428571,15.238095238095239,76.19047619047619,64.76190476190476,11.428571428571429
E00040121,149,59,22,37,90,79,11,39.59731543624161,14.76510067114094,24.832214765100673,60.40268456375839,53.02013422818792,7.38255033557047
E00040122,96,40,12,28,56,52,4,41.66666666666667,12.5,29.166666666666668,58.333333333333336,54.166666666666664,4.166666666666666
E00040123,69,24,9,15,45,40,5,34.78260869565217,13.043478260869565,21.73913043478261,65.21739130434783,57.971014492753625,7.246376811594203
E00040124,151,54,16,38,97,77,20,35.76158940397351,10.596026490066226,25.165562913907287,64.23841059602648,50.993377483443716,13.245033112582782
E00040125,109,37,11,26,72,56,16,33.94495412844037,10.091743119266056,23.853211009174313,66.05504587155964,51.37614678899083,14.678899082568808
E00040126,89,23,9,14,66,55,11,25.842696629213485,10.112359550561797,15.730337078651685,74.15730337078652,61.79775280898876,12.359550561797752
E00040127,73,33,9,24,40,37,3,45.20547945205479,12.32876712328767,32.87671232876712,54.794520547945204,50.68493150684932,4.10958904109589
E00040128,106,40,14,26,66,62,4,37.735849056603776,13.20754716981132,24.528301886792452,62.264150943396224,58.490566037735846,3.7735849056603774
E00040129,73,41,10,31,32,32,0,56.16438356164384,13.698630136986301,42.465753424657535,43.83561643835616,43.83561643835616,0
E00040130,115,36,11,25,79,70,9,31.30434782608696,9.565217391304348,21.73913043478261,68.69565217391305,60.86956521739131,7.82608695652174
E00040131,96,32,10,22,64,52,12,33.33333333333333,10.416666666666668,22.916666666666664,66.66666666666666,54.166666666666664,12.5
E00040132,127,39,9,30,88,69,19,30.708661417322837,7.086614173228346,23.62204724409449,69.29133858267717,54.330708661417326,14.960629921259844
E00040133,129,39,8,31,90,82,8,30.23255813953488,6.2015503875969,24.031007751937985,69.76744186046511,63.565891472868216,6.2015503875969
E00040134,81,35,7,28,46,40,6,43.20987654320987,8.641975308641975,34.5679012345679,56.79012345679012,49.382716049382715,7.4074074074074066
E00040135,155,48,23,25,107,88,19,30.967741935483872,14.838709677419354,16.129032258064516,69.03225806451613,56.774193548387096,12.258064516129032
E00040136,152,45,8,37,107,84,23,29.605263157894733,5.263157894736842,24.342105263157894,70.39473684210526,55.26315789473685,15.131578947368421
E00040137,168,49,17,32,119,95,24,29.166666666666668,10.119047619047619,19.047619047619047,70.83333333333334,56.547619047619044,14.285714285714285
E00040138,160,41,16,25,119,106,13,25.624999999999996,10,15.625,74.375,66.25,8.125
E00040139,73,22,7,15,51,40,11,30.136986301369863,9.58904109589041,20.54794520547945,69.86301369863014,54.794520547945204,15.068493150684931
E00040140,152,55,22,33,97,81,16,36.18421052631579,14.473684210526317,21.710526315789476,63.81578947368421,53.289473684210535,10.526315789473683
E00040141,166,59,14,45,107,99,8,35.54216867469879,8.433734939759036,27.10843373493976,64.45783132530121,59.63855421686747,4.819277108433735
E00040142,130,45,19,26,85,78,7,34.61538461538461,14.615384615384617,20,65.38461538461539,60,5.384615384615385
E00040143,166,48,14,34,118,98,20,28.915662650602407,8.433734939759036,20.481927710843372,71.08433734939759,59.036144578313255,12.048192771084338
E00040144,156,44,17,27,112,102,10,28.205128205128204,10.897435897435898,17.307692307692307,71.7948717948718,65.38461538461539,6.41025641025641
E00040145,62,22,7,15,40,35,5,35.483870967741936,11.29032258064516,24.193548387096776,64.51612903225806,56.451612903225815,8.064516129032258
E00040146,102,34,11,23,68,62,6,33.33333333333333,10.784313725490197,22.54901960784314,66.66666666666666,60.78431372549019,5.88235294117647
E00040147,167,61,19,42,106,93,13,36.52694610778443,11.377245508982035,25.149700598802394,63.47305389221557,55.688622754491014,7.784431137724551
E00040148,106,45,16,29,61,48,13,42.45283018867924,15.09433962264151,27.358490566037734,57.54716981132076,45.28301886792453,12.264150943396226
E00040149,127,38,18,20,89,68,21,29.92125984251969,14.173228346456693,15.748031496062993,70.07874015748031,53.54330708661418,16.535433070866144
E00040150,115,45,16,29,70,61,9,39.130434782608695,13.91304347826087,25.217391304347824,60.86956521739131,53.04347826086957,7.82608695652174
E00040151,109,42,21,21,67,51,16,38.53211009174312,19.26605504587156,19.26605504587156,61.46788990825688,46.788990825688074,14.678899082568808
E00040152,120,45,11,34,75,62,13,37.5,9.166666666666666,28.333333333333332,62.5,51.66666666666667,10.833333333333334
E00040153,197,54,13,41,143,131,12,27.411167512690355,6.598984771573605,20.812182741116754,72.58883248730965,66.49746192893402,6.091370558375635
E00040154,123,47,16,31,76,65,11,38.21138211382114,13.008130081300814,25.203252032520325,61.78861788617886,52.84552845528455,8.94308943089431
E00040155,145,46,12,34,99,87,12,31.724137931034484,8.275862068965518,23.448275862068964,68.27586206896552,60,8.275862068965518
E00040156,162,49,20,29,113,92,21,30.246913580246915,12.345679012345679,17.901234567901234,69.75308641975309,56.79012345679012,12.962962962962962
E00040157,178,47,17,30,131,111,20,26.40449438202247,9.550561797752808,16.853932584269664,73.59550561797754,62.35955056179775,11.235955056179774
E00040158,169,63,21,42,106,90,16,37.278106508875744,12.42603550295858,24.85207100591716,62.721893491124256,53.25443786982249,9.467455621301776
E00040159,173,63,17,46,110,96,14,36.41618497109826,9.826589595375722,26.589595375722542,63.58381502890174,55.49132947976878,8.092485549132949
E00040160,147,49,17,32,98,73,25,33.33333333333333,11.564625850340136,21.768707482993197,66.66666666666666,49.65986394557823,17.006802721088434
E00040161,142,44,21,23,98,80,18,30.985915492957744,14.788732394366196,16.19718309859155,69.01408450704226,56.33802816901409,12.676056338028168
E00040162,170,44,19,25,126,107,19,25.882352941176475,11.176470588235295,14.705882352941178,74.11764705882354,62.94117647058823,11.176470588235295
E00040163,256,72,30,42,184,153,31,28.125,11.71875,16.40625,71.875,59.765625,12.109375
E00040164,99,39,24,15,60,45,15,39.39393939393939,24.242424242424242,15.151515151515152,60.60606060606061,45.45454545454545,15.151515151515152
E00040165,193,50,18,32,143,113,30,25.906735751295333,9.32642487046632,16.580310880829018,74.09326424870466,58.549222797927456,15.544041450777202
E00040166,111,27,10,17,84,66,18,24.324324324324326,9.00900900900901,15.315315315315313,75.67567567567568,59.45945945945946,16.216216216216218
E00040167,144,47,14,33,97,80,17,32.63888888888889,9.722222222222223,22.916666666666664,67.36111111111111,55.55555555555556,11.805555555555555
E00040168,150,55,22,33,95,60,35,36.666666666666664,14.666666666666666,22,63.33333333333333,40,23.333333333333332
E00040169,172,53,16,37,119,99,20,30.813953488372093,9.30232558139535,21.511627906976745,69.18604651162791,57.55813953488372,11.627906976744185
E00040170,163,43,10,33,120,110,10,26.380368098159508,6.134969325153374,20.245398773006134,73.61963190184049,67.48466257668711,6.134969325153374
E00040171,170,55,30,25,115,83,32,32.35294117647059,17.647058823529413,14.705882352941178,67.64705882352942,48.8235294117647,18.823529411764707
E00040172,115,39,17,22,76,61,15,33.91304347826087,14.782608695652174,19.130434782608695,66.08695652173913,53.04347826086957,13.043478260869565
E00040173,217,58,23,35,159,123,36,26.72811059907834,10.599078341013826,16.129032258064516,73.27188940092167,56.68202764976959,16.589861751152075
E00040174,158,60,19,41,98,79,19,37.9746835443038,12.025316455696203,25.949367088607595,62.0253164556962,50,12.025316455696203
E00040175,191,52,18,34,139,117,22,27.225130890052355,9.424083769633508,17.801047120418847,72.77486910994764,61.25654450261781,11.518324607329843
E00040176,207,55,19,36,152,140,12,26.570048309178745,9.178743961352657,17.391304347826086,73.42995169082126,67.6328502415459,5.797101449275362
E00040177,199,58,16,42,141,125,16,29.145728643216078,8.040201005025125,21.105527638190953,70.85427135678391,62.8140703517588,8.040201005025125
E00040178,200,49,14,35,151,135,16,24.5,7.000000000000001,17.5,75.5,67.5,8
E00040179,82,37,7,30,45,38,7,45.1219512195122,8.536585365853659,36.58536585365854,54.87804878048781,46.34146341463415,8.536585365853659
E00040180,169,49,13,36,120,105,15,28.994082840236686,7.6923076923076925,21.301775147928996,71.00591715976331,62.1301775147929,8.875739644970414
E00040181,133,46,11,35,87,79,8,34.58646616541353,8.270676691729323,26.31578947368421,65.41353383458647,59.3984962406015,6.015037593984962
E00040182,179,52,14,38,127,111,16,29.05027932960894,7.82122905027933,21.22905027932961,70.94972067039106,62.01117318435754,8.938547486033519
E00040183,154,59,21,38,95,76,19,38.311688311688314,13.636363636363635,24.675324675324674,61.68831168831169,49.35064935064935,12.337662337662337
E00040184,153,52,11,41,101,88,13,33.98692810457516,7.18954248366013,26.797385620915033,66.01307189542483,57.51633986928104,8.49673202614379
E00040185,150,37,11,26,113,103,10,24.666666666666668,7.333333333333333,17.333333333333336,75.33333333333333,68.66666666666667,6.666666666666667
E00040186,143,35,7,28,108,98,10,24.475524475524477,4.895104895104895,19.58041958041958,75.52447552447552,68.53146853146853,6.993006993006993
E00040187,138,40,11,29,98,80,18,28.985507246376812,7.971014492753622,21.014492753623188,71.01449275362319,57.971014492753625,13.043478260869565
E00040188,175,53,14,39,122,101,21,30.28571428571429,8,22.285714285714285,69.71428571428572,57.714285714285715,12
E00040189,150,43,12,31,107,91,16,28.666666666666668,8,20.666666666666668,71.33333333333334,60.66666666666667,10.666666666666668
E00040190,106,41,14,27,65,51,14,38.67924528301887,13.20754716981132,25.471698113207548,61.32075471698113,48.113207547169814,13.20754716981132
E00040191,131,40,10,30,91,75,16,30.53435114503817,7.633587786259542,22.900763358778626,69.46564885496184,57.25190839694656,12.213740458015266
E00040192,137,39,11,28,98,81,17,28.467153284671532,8.02919708029197,20.437956204379564,71.53284671532847,59.12408759124088,12.408759124087592
E00040193,156,51,17,34,105,83,22,32.69230769230769,10.897435897435898,21.794871794871796,67.3076923076923,53.205128205128204,14.102564102564102
E00040194,122,43,13,30,79,66,13,35.24590163934426,10.655737704918032,24.59016393442623,64.75409836065575,54.09836065573771,10.655737704918032
E00040195,154,52,22,30,102,90,12,33.76623376623377,14.285714285714285,19.480519480519483,66.23376623376623,58.44155844155844,7.792207792207792
E00040196,127,42,17,25,85,69,16,33.07086614173229,13.385826771653544,19.68503937007874,66.92913385826772,54.330708661417326,12.598425196850393
E00040197,83,27,7,20,56,48,8,32.53012048192771,8.433734939759036,24.096385542168676,67.46987951807229,57.831325301204814,9.63855421686747
E00040198,157,52,13,39,105,94,11,33.12101910828025,8.280254777070063,24.840764331210192,66.87898089171973,59.87261146496815,7.006369426751593
E00040199,148,51,23,28,97,82,15,34.45945945945946,15.54054054054054,18.91891891891892,65.54054054054053,55.4054054054054,10.135135135135135
E00040200,229,80,27,53,149,119,30,34.93449781659388,11.790393013100436,23.144104803493452,65.06550218340611,51.96506550218341,13.100436681222707
E00040201,116,43,14,29,73,60,13,37.06896551724138,12.068965517241379,25,62.93103448275862,51.724137931034484,11.206896551724139
E00040202,154,55,21,34,99,71,28,35.714285714285715,13.636363636363635,22.07792207792208,64.28571428571429,46.103896103896105,18.181818181818183
E00040203,167,55,24,31,112,90,22,32.93413173652694,14.37125748502994,18.562874251497004,67.06586826347305,53.89221556886228,13.17365269461078
E00040204,117,39,13,26,78,57,21,33.33333333333333,11.11111111111111,22.22222222222222,66.66666666666666,48.717948717948715,17.94871794871795
E00040205,130,42,12,30,88,68,20,32.30769230769231,9.230769230769232,23.076923076923077,67.6923076923077,52.307692307692314,15.384615384615385
E00040206,163,51,17,34,112,91,21,31.28834355828221,10.429447852760736,20.858895705521473,68.71165644171779,55.828220858895705,12.883435582822086
E00040207,119,46,11,35,73,57,16,38.655462184873954,9.243697478991598,29.411764705882355,61.34453781512605,47.89915966386555,13.445378151260504
E00040208,167,66,28,38,101,84,17,39.52095808383233,16.766467065868262,22.75449101796407,60.47904191616767,50.29940119760479,10.179640718562874
E00040209,237,69,22,47,168,147,21,29.11392405063291,9.282700421940929,19.831223628691983,70.88607594936708,62.0253164556962,8.860759493670885
E00040210,149,64,24,40,85,65,20,42.95302013422819,16.10738255033557,26.845637583892618,57.04697986577181,43.624161073825505,13.422818791946309
E00040211,65,20,10,10,45,42,3,30.76923076923077,15.384615384615385,15.384615384615385,69.23076923076923,64.61538461538461,4.615384615384616
E00040212,179,72,18,54,107,81,26,40.22346368715084,10.05586592178771,30.16759776536313,59.77653631284916,45.2513966480447,14.52513966480447
E00040213,188,49,7,42,139,101,38,26.063829787234045,3.723404255319149,22.340425531914892,73.93617021276596,53.72340425531915,20.212765957446805
E00040214,122,37,11,26,85,67,18,30.327868852459016,9.01639344262295,21.311475409836063,69.67213114754098,54.91803278688525,14.754098360655737
E00040215,153,48,17,31,105,82,23,31.372549019607842,11.11111111111111,20.26143790849673,68.62745098039215,53.59477124183007,15.032679738562091
E00040216,77,37,15,22,40,36,4,48.05194805194805,19.480519480519483,28.57142857142857,51.94805194805194,46.75324675324675,5.194805194805195
E00040217,103,47,15,32,56,52,4,45.63106796116505,14.563106796116504,31.06796116504854,54.36893203883495,50.48543689320388,3.8834951456310676
E00040218,130,68,21,47,62,59,3,52.307692307692314,16.153846153846153,36.15384615384615,47.69230769230769,45.38461538461539,2.307692307692308
E00040219,115,40,8,32,75,71,4,34.78260869565217,6.956521739130435,27.82608695652174,65.21739130434783,61.73913043478261,3.4782608695652173
E00040221,98,35,8,27,63,56,7,35.714285714285715,8.16326530612245,27.55102040816326,64.28571428571429,57.14285714285714,7.142857142857142
E00040222,108,44,15,29,64,59,5,40.74074074074074,13.88888888888889,26.851851851851855,59.25925925925925,54.629629629629626,4.62962962962963
E00040223,135,50,10,40,85,77,8,37.03703703703704,7.4074074074074066,29.629629629629626,62.96296296296296,57.03703703703704,5.9259259259259265
E00040224,90,33,7,26,57,49,8,36.666666666666664,7.777777777777778,28.888888888888886,63.33333333333333,54.44444444444444,8.88888888888889
E00040225,57,16,3,13,41,40,1,28.07017543859649,5.263157894736842,22.807017543859647,71.9298245614035,70.17543859649122,1.7543859649122806
E00040226,54,16,7,9,38,34,4,29.629629629629626,12.962962962962962,16.666666666666664,70.37037037037037,62.96296296296296,7.4074074074074066
E00040227,104,33,8,25,71,65,6,31.73076923076923,7.6923076923076925,24.03846153846154,68.26923076923077,62.5,5.769230769230769
E00040228,147,47,17,30,100,92,8,31.97278911564626,11.564625850340136,20.408163265306122,68.02721088435374,62.585034013605444,5.442176870748299
E00040229,130,53,20,33,77,73,4,40.76923076923077,15.384615384615385,25.384615384615383,59.23076923076923,56.15384615384615,3.076923076923077
E00040230,92,28,7,21,64,54,10,30.434782608695656,7.608695652173914,22.82608695652174,69.56521739130434,58.69565217391305,10.869565217391305
E00040231,124,42,14,28,82,77,5,33.87096774193548,11.29032258064516,22.58064516129032,66.12903225806451,62.096774193548384,4.032258064516129
E00040232,112,43,12,31,69,62,7,38.392857142857146,10.714285714285714,27.67857142857143,61.60714285714286,55.35714285714286,6.25
E00040233,142,60,15,45,82,78,4,42.25352112676056,10.56338028169014,31.690140845070424,57.74647887323944,54.929577464788736,2.8169014084507045
E00040234,66,20,9,11,46,42,4,30.303030303030305,13.636363636363635,16.666666666666664,69.6969696969697,63.63636363636363,6.0606060606060606
E00040235,100,43,11,32,57,53,4,43,11,32,56.99999999999999,53,4
E00040236,131,49,16,33,82,70,12,37.404580152671755,12.213740458015266,25.190839694656486,62.59541984732825,53.43511450381679,9.16030534351145
E00040237,117,47,16,31,70,65,5,40.17094017094017,13.675213675213676,26.495726495726498,59.82905982905983,55.55555555555556,4.273504273504273
E00040238,103,34,12,22,69,62,7,33.00970873786408,11.650485436893204,21.35922330097087,66.99029126213593,60.19417475728155,6.796116504854369
E00040239,89,42,17,25,47,46,1,47.19101123595505,19.101123595505616,28.08988764044944,52.80898876404494,51.68539325842697,1.1235955056179776
E00040240,111,43,18,25,68,63,5,38.73873873873874,16.216216216216218,22.52252252252252,61.261261261261254,56.75675675675676,4.504504504504505
E00040241,98,40,11,29,58,53,5,40.816326530612244,11.224489795918368,29.591836734693878,59.183673469387756,54.08163265306123,5.1020408163265305
E00040242,85,31,6,25,54,43,11,36.470588235294116,7.0588235294117645,29.411764705882355,63.52941176470588,50.588235294117645,12.941176470588237
E00040243,81,26,3,23,55,50,5,32.098765432098766,3.7037037037037033,28.39506172839506,67.90123456790124,61.72839506172839,6.172839506172839
E00040244,82,34,7,27,48,47,1,41.46341463414634,8.536585365853659,32.926829268292686,58.536585365853654,57.3170731707317,1.2195121951219512
E00040245,106,46,13,33,60,57,3,43.39622641509434,12.264150943396226,31.132075471698112,56.60377358490566,53.77358490566038,2.8301886792452833
E00040246,145,65,15,50,80,77,3,44.827586206896555,10.344827586206897,34.48275862068966,55.172413793103445,53.103448275862064,2.0689655172413794
E00040247,138,35,10,25,103,93,10,25.36231884057971,7.246376811594203,18.115942028985508,74.63768115942028,67.3913043478261,7.246376811594203
E00040248,121,45,15,30,76,75,1,37.1900826446281,12.396694214876034,24.793388429752067,62.8099173553719,61.98347107438017,0.8264462809917356
E00040249,127,58,20,38,69,61,8,45.66929133858268,15.748031496062993,29.92125984251969,54.330708661417326,48.031496062992126,6.299212598425196
E00040250,75,35,7,28,40,40,0,46.666666666666664,9.333333333333334,37.333333333333336,53.333333333333336,53.333333333333336,0
E00040251,135,49,8,41,86,83,3,36.2962962962963,5.9259259259259265,30.37037037037037,63.70370370370371,61.48148148148148,2.2222222222222223
E00040252,91,33,9,24,58,51,7,36.26373626373626,9.89010989010989,26.373626373626376,63.73626373626373,56.043956043956044,7.6923076923076925
E00040253,72,30,6,24,42,35,7,41.66666666666667,8.333333333333332,33.33333333333333,58.333333333333336,48.61111111111111,9.722222222222223
E00040254,112,31,5,26,81,78,3,27.67857142857143,4.464285714285714,23.214285714285715,72.32142857142857,69.64285714285714,2.6785714285714284
E00040255,144,61,16,45,83,77,6,42.36111111111111,11.11111111111111,31.25,57.638888888888886,53.47222222222222,4.166666666666666
E00040256,122,50,8,42,72,68,4,40.98360655737705,6.557377049180328,34.42622950819672,59.01639344262295,55.73770491803278,3.278688524590164
E00040257,86,37,12,25,49,45,4,43.02325581395349,13.953488372093023,29.069767441860467,56.97674418604651,52.32558139534884,4.651162790697675
E00040258,92,42,12,30,50,48,2,45.65217391304348,13.043478260869565,32.608695652173914,54.347826086956516,52.17391304347826,2.1739130434782608
E00040259,96,40,12,28,56,51,5,41.66666666666667,12.5,29.166666666666668,58.333333333333336,53.125,5.208333333333334
E00040260,55,10,0,10,45,44,1,18.181818181818183,0,18.181818181818183,81.81818181818183,80,1.8181818181818181
E00040261,132,47,14,33,85,71,14,35.60606060606061,10.606060606060606,25,64.39393939393939,53.78787878787878,10.606060606060606
E00040262,107,38,3,35,69,61,8,35.51401869158878,2.803738317757009,32.71028037383177,64.48598130841121,57.009345794392516,7.476635514018691
E00040263,118,48,10,38,70,63,7,40.67796610169492,8.47457627118644,32.20338983050847,59.32203389830508,53.38983050847458,5.932203389830509
E00040264,126,57,15,42,69,61,8,45.23809523809524,11.904761904761903,33.33333333333333,54.761904761904766,48.41269841269841,6.349206349206349
E00040265,106,37,7,30,69,66,3,34.90566037735849,6.60377358490566,28.30188679245283,65.09433962264151,62.264150943396224,2.8301886792452833
E00040266,100,45,11,34,55,48,7,45,11,34,55.00000000000001,48,7.000000000000001
E00040267,93,33,13,20,60,55,5,35.483870967741936,13.978494623655912,21.50537634408602,64.51612903225806,59.13978494623656,5.376344086021505
E00040268,117,53,10,43,64,59,5,45.2991452991453,8.547008547008547,36.75213675213676,54.700854700854705,50.427350427350426,4.273504273504273
E00040269,102,34,6,28,68,61,7,33.33333333333333,5.88235294117647,27.450980392156865,66.66666666666666,59.80392156862745,6.862745098039216
E00040270,115,50,14,36,65,56,9,43.47826086956522,12.173913043478262,31.30434782608696,56.52173913043478,48.69565217391305,7.82608695652174
E00040271,113,40,12,28,73,67,6,35.39823008849557,10.619469026548673,24.778761061946902,64.60176991150442,59.29203539823009,5.3097345132743365
E00040272,176,51,17,34,125,109,16,28.97727272727273,9.659090909090908,19.318181818181817,71.02272727272727,61.93181818181818,9.090909090909092
E00040273,190,62,20,42,128,112,16,32.631578947368425,10.526315789473683,22.105263157894736,67.36842105263158,58.94736842105262,8.421052631578947
E00040274,121,36,10,26,85,67,18,29.75206611570248,8.264462809917356,21.487603305785125,70.24793388429752,55.371900826446286,14.87603305785124
E00040275,62,27,9,18,35,35,0,43.54838709677419,14.516129032258066,29.03225806451613,56.451612903225815,56.451612903225815,0
E00040276,90,34,12,22,56,51,5,37.77777777777778,13.333333333333334,24.444444444444443,62.22222222222222,56.666666666666664,5.555555555555555
E00040277,172,60,21,39,112,98,14,34.883720930232556,12.209302325581394,22.674418604651162,65.11627906976744,56.97674418604651,8.13953488372093
E00040278,141,46,17,29,95,83,12,32.62411347517731,12.056737588652481,20.56737588652482,67.37588652482269,58.86524822695035,8.51063829787234
E00040279,151,39,13,26,112,100,12,25.82781456953642,8.609271523178808,17.218543046357617,74.17218543046357,66.22516556291392,7.9470198675496695
E00040280,203,56,14,42,147,124,23,27.586206896551722,6.896551724137931,20.689655172413794,72.41379310344827,61.083743842364534,11.330049261083744
E00040281,144,47,19,28,97,87,10,32.63888888888889,13.194444444444445,19.444444444444446,67.36111111111111,60.416666666666664,6.944444444444445
E00040282,117,35,15,20,82,66,16,29.914529914529915,12.82051282051282,17.094017094017094,70.08547008547008,56.41025641025641,13.675213675213676
E00040283,115,27,11,16,88,73,15,23.47826086956522,9.565217391304348,13.91304347826087,76.52173913043478,63.47826086956522,13.043478260869565
E00040284,127,44,15,29,83,67,16,34.645669291338585,11.811023622047244,22.83464566929134,65.35433070866141,52.75590551181102,12.598425196850393
E00040285,171,49,17,32,122,102,20,28.654970760233915,9.941520467836257,18.71345029239766,71.34502923976608,59.64912280701754,11.695906432748536
E00040286,82,18,5,13,64,56,8,21.951219512195124,6.097560975609756,15.853658536585366,78.04878048780488,68.29268292682927,9.75609756097561
E00040287,44,16,5,11,28,24,4,36.36363636363637,11.363636363636363,25,63.63636363636363,54.54545454545454,9.090909090909092
E00040289,157,51,20,31,106,77,29,32.48407643312102,12.738853503184714,19.745222929936308,67.51592356687898,49.044585987261144,18.471337579617835
E00040290,102,33,14,19,69,62,7,32.35294117647059,13.725490196078432,18.627450980392158,67.64705882352942,60.78431372549019,6.862745098039216
E00040291,121,38,13,25,83,76,7,31.40495867768595,10.743801652892563,20.66115702479339,68.59504132231406,62.8099173553719,5.785123966942149
E00040292,147,60,18,42,87,63,24,40.816326530612244,12.244897959183673,28.57142857142857,59.183673469387756,42.857142857142854,16.3265306122449
E00040293,131,46,13,33,85,66,19,35.11450381679389,9.923664122137405,25.190839694656486,64.8854961832061,50.38167938931297,14.50381679389313
E00040294,176,63,15,48,113,96,17,35.79545454545455,8.522727272727272,27.27272727272727,64.20454545454545,54.54545454545454,9.659090909090908
E00040295,143,46,13,33,97,75,22,32.16783216783217,9.090909090909092,23.076923076923077,67.83216783216784,52.44755244755245,15.384615384615385
E00040296,177,54,20,34,123,84,39,30.508474576271187,11.299435028248588,19.2090395480226,69.49152542372882,47.45762711864407,22.033898305084744
E00040297,118,39,14,25,79,57,22,33.05084745762712,11.864406779661017,21.1864406779661,66.94915254237289,48.30508474576271,18.64406779661017
E00040298,146,49,15,34,97,82,15,33.56164383561644,10.273972602739725,23.28767123287671,66.43835616438356,56.16438356164384,10.273972602739725
E00040299,118,40,15,25,78,63,15,33.89830508474576,12.711864406779661,21.1864406779661,66.10169491525424,53.38983050847458,12.711864406779661
E00040300,123,43,6,37,80,69,11,34.959349593495936,4.878048780487805,30.081300813008134,65.04065040650406,56.09756097560976,8.94308943089431
E00040301,125,40,17,23,85,57,28,32,13.600000000000001,18.4,68,45.6,22.400000000000002
E00040302,149,57,17,40,92,75,17,38.25503355704698,11.409395973154362,26.845637583892618,61.74496644295302,50.33557046979866,11.409395973154362
E00040303,123,42,14,28,81,73,8,34.146341463414636,11.38211382113821,22.76422764227642,65.85365853658537,59.34959349593496,6.504065040650407
E00040304,106,37,12,25,69,54,15,34.90566037735849,11.320754716981133,23.58490566037736,65.09433962264151,50.943396226415096,14.150943396226415
E00040305,93,38,9,29,55,47,8,40.86021505376344,9.67741935483871,31.182795698924732,59.13978494623656,50.53763440860215,8.60215053763441
E00040306,142,50,12,38,92,77,15,35.2112676056338,8.450704225352112,26.76056338028169,64.7887323943662,54.22535211267606,10.56338028169014
E00040307,99,37,10,27,62,53,9,37.37373737373738,10.1010101010101,27.27272727272727,62.62626262626263,53.535353535353536,9.090909090909092
E00040308,146,61,16,45,85,68,17,41.78082191780822,10.95890410958904,30.82191780821918,58.21917808219178,46.57534246575342,11.643835616438356
E00040309,115,37,16,21,78,71,7,32.17391304347826,13.91304347826087,18.26086956521739,67.82608695652173,61.73913043478261,6.086956521739131
E00040310,96,31,14,17,65,58,7,32.29166666666667,14.583333333333334,17.708333333333336,67.70833333333334,60.416666666666664,7.291666666666667
E00040311,169,41,18,23,128,116,12,24.2603550295858,10.650887573964498,13.609467455621301,75.7396449704142,68.63905325443787,7.100591715976331
E00040312,177,50,17,33,127,106,21,28.24858757062147,9.6045197740113,18.64406779661017,71.75141242937853,59.887005649717516,11.864406779661017
E00040313,166,51,15,36,115,98,17,30.72289156626506,9.036144578313253,21.686746987951807,69.27710843373494,59.036144578313255,10.240963855421686
E00040314,53,11,2,9,42,42,0,20.754716981132077,3.7735849056603774,16.9811320754717,79.24528301886792,79.24528301886792,0
E00040315,135,42,14,28,93,85,8,31.11111111111111,10.37037037037037,20.74074074074074,68.88888888888889,62.96296296296296,5.9259259259259265
E00040316,163,50,17,33,113,105,8,30.67484662576687,10.429447852760736,20.245398773006134,69.32515337423312,64.41717791411043,4.9079754601226995
E00040317,122,33,17,16,89,77,12,27.049180327868854,13.934426229508196,13.114754098360656,72.95081967213115,63.114754098360656,9.836065573770492
E00040318,130,40,8,32,90,77,13,30.76923076923077,6.153846153846154,24.615384615384617,69.23076923076923,59.23076923076923,10
E00040319,147,44,16,28,103,96,7,29.931972789115648,10.884353741496598,19.047619047619047,70.06802721088435,65.3061224489796,4.761904761904762
E00040320,134,46,14,32,88,75,13,34.32835820895522,10.44776119402985,23.88059701492537,65.67164179104478,55.970149253731336,9.701492537313433
E00040321,166,43,10,33,123,110,13,25.903614457831324,6.024096385542169,19.879518072289155,74.09638554216868,66.26506024096386,7.83132530120482
E00040322,149,41,19,22,108,95,13,27.516778523489933,12.751677852348994,14.76510067114094,72.48322147651007,63.758389261744966,8.724832214765101
E00040323,146,46,15,31,100,94,6,31.506849315068493,10.273972602739725,21.232876712328768,68.4931506849315,64.38356164383562,4.10958904109589
E00040325,185,78,27,51,107,100,7,42.16216216216216,14.594594594594595,27.56756756756757,57.83783783783784,54.054054054054056,3.783783783783784
E00040326,164,54,18,36,110,100,10,32.926829268292686,10.975609756097562,21.951219512195124,67.07317073170732,60.97560975609756,6.097560975609756
E00040327,109,34,10,24,75,68,7,31.19266055045872,9.174311926605505,22.018348623853214,68.80733944954129,62.38532110091744,6.422018348623854
E00040328,151,50,12,38,101,86,15,33.11258278145696,7.9470198675496695,25.165562913907287,66.88741721854305,56.95364238410596,9.933774834437086
E00040329,129,38,13,25,91,75,16,29.457364341085274,10.077519379844961,19.379844961240313,70.54263565891473,58.139534883720934,12.4031007751938
E00040331,175,51,18,33,124,103,21,29.142857142857142,10.285714285714285,18.857142857142858,70.85714285714285,58.857142857142854,12
E00040332,117,37,14,23,80,73,7,31.62393162393162,11.965811965811966,19.65811965811966,68.37606837606837,62.39316239316239,5.982905982905983
E00040333,150,43,17,26,107,85,22,28.666666666666668,11.333333333333332,17.333333333333336,71.33333333333334,56.666666666666664,14.666666666666666
E00040334,143,32,6,26,111,99,12,22.377622377622377,4.195804195804196,18.181818181818183,77.62237762237763,69.23076923076923,8.391608391608392
E00040335,176,44,9,35,132,119,13,25,5.113636363636364,19.886363636363637,75,67.61363636363636,7.386363636363637
E00040336,149,46,12,34,103,91,12,30.87248322147651,8.053691275167784,22.818791946308725,69.12751677852349,61.07382550335571,8.053691275167784
E00040337,118,40,10,30,78,69,9,33.89830508474576,8.47457627118644,25.423728813559322,66.10169491525424,58.47457627118644,7.627118644067797
E00040338,126,37,8,29,89,85,4,29.365079365079367,6.349206349206349,23.015873015873016,70.63492063492063,67.46031746031747,3.1746031746031744
E00040339,169,53,14,39,116,106,10,31.360946745562128,8.284023668639055,23.076923076923077,68.63905325443787,62.721893491124256,5.9171597633136095
E00040340,197,60,20,40,137,112,25,30.456852791878177,10.152284263959391,20.304568527918782,69.54314720812182,56.852791878172596,12.690355329949238
E00040341,93,36,12,24,57,44,13,38.70967741935484,12.903225806451612,25.806451612903224,61.29032258064516,47.31182795698925,13.978494623655912
E00040342,126,49,5,44,77,71,6,38.88888888888889,3.968253968253968,34.92063492063492,61.111111111111114,56.34920634920635,4.761904761904762
E00040343,134,36,13,23,98,86,12,26.865671641791046,9.701492537313433,17.16417910447761,73.13432835820896,64.17910447761194,8.955223880597014
E00040344,102,29,6,23,73,68,5,28.431372549019606,5.88235294117647,22.54901960784314,71.56862745098039,66.66666666666666,4.901960784313726
E00040345,138,47,15,32,91,82,9,34.05797101449276,10.869565217391305,23.18840579710145,65.94202898550725,59.42028985507246,6.521739130434782
E00040346,97,22,7,15,75,70,5,22.68041237113402,7.216494845360824,15.463917525773196,77.31958762886599,72.16494845360825,5.154639175257731
E00040347,94,23,5,18,71,58,13,24.46808510638298,5.319148936170213,19.148936170212767,75.53191489361703,61.702127659574465,13.829787234042554
E00040348,38,11,1,10,27,24,3,28.947368421052634,2.631578947368421,26.31578947368421,71.05263157894737,63.1578947368421,7.894736842105263
E00040349,151,52,12,40,99,88,11,34.437086092715234,7.9470198675496695,26.490066225165563,65.56291390728477,58.27814569536424,7.28476821192053
E00040350,143,54,15,39,89,86,3,37.76223776223776,10.48951048951049,27.27272727272727,62.23776223776224,60.13986013986013,2.097902097902098
E00040351,119,38,9,29,81,69,12,31.932773109243694,7.563025210084033,24.369747899159663,68.0672268907563,57.98319327731093,10.084033613445378
E00040352,109,46,9,37,63,57,6,42.201834862385326,8.256880733944955,33.94495412844037,57.798165137614674,52.293577981651374,5.5045871559633035
E00040353,66,22,6,16,44,41,3,33.33333333333333,9.090909090909092,24.242424242424242,66.66666666666666,62.121212121212125,4.545454545454546
E00040354,140,42,12,30,98,87,11,30,8.571428571428571,21.428571428571427,70,62.142857142857146,7.857142857142857
E00040355,118,45,13,32,73,62,11,38.13559322033898,11.016949152542372,27.11864406779661,61.86440677966102,52.54237288135594,9.322033898305085
E00040356,128,37,12,25,91,85,6,28.90625,9.375,19.53125,71.09375,66.40625,4.6875
E00040357,135,35,13,22,100,88,12,25.925925925925924,9.62962962962963,16.296296296296298,74.07407407407408,65.18518518518519,8.88888888888889
E00040358,117,38,11,27,79,72,7,32.47863247863248,9.401709401709402,23.076923076923077,67.52136752136752,61.53846153846154,5.982905982905983
E00040359,138,39,11,28,99,95,4,28.26086956521739,7.971014492753622,20.28985507246377,71.73913043478261,68.84057971014492,2.898550724637681
E00040360,133,47,15,32,86,79,7,35.338345864661655,11.278195488721805,24.06015037593985,64.66165413533834,59.3984962406015,5.263157894736842
E00040361,141,43,11,32,98,92,6,30.49645390070922,7.801418439716312,22.69503546099291,69.50354609929079,65.24822695035462,4.25531914893617
E00040362,105,29,6,23,76,71,5,27.61904761904762,5.714285714285714,21.904761904761905,72.38095238095238,67.61904761904762,4.761904761904762
E00040363,196,43,9,34,153,138,15,21.93877551020408,4.591836734693878,17.346938775510203,78.06122448979592,70.40816326530613,7.653061224489796
E00040364,89,29,8,21,60,53,7,32.58426966292135,8.98876404494382,23.595505617977526,67.41573033707866,59.55056179775281,7.865168539325842
E00040365,140,38,8,30,102,90,12,27.142857142857142,5.714285714285714,21.428571428571427,72.85714285714285,64.28571428571429,8.571428571428571
E00040366,131,53,16,37,78,75,3,40.458015267175576,12.213740458015266,28.24427480916031,59.541984732824424,57.25190839694656,2.2900763358778624
E00040368,123,39,13,26,84,75,9,31.70731707317073,10.569105691056912,21.138211382113823,68.29268292682927,60.97560975609756,7.317073170731707
E00040369,105,48,13,35,57,53,4,45.714285714285715,12.380952380952381,33.33333333333333,54.285714285714285,50.476190476190474,3.8095238095238098
E00040370,165,53,17,36,112,98,14,32.121212121212125,10.303030303030303,21.818181818181817,67.87878787878789,59.3939393939394,8.484848484848486
E00040371,136,46,10,36,90,76,14,33.82352941176471,7.352941176470589,26.47058823529412,66.17647058823529,55.88235294117647,10.294117647058822
E00040372,79,28,9,19,51,43,8,35.44303797468354,11.39240506329114,24.050632911392405,64.55696202531645,54.43037974683544,10.126582278481013
E00040373,122,28,8,20,94,86,8,22.950819672131146,6.557377049180328,16.39344262295082,77.04918032786885,70.49180327868852,6.557377049180328
E00040374,104,40,6,34,64,54,10,38.46153846153847,5.769230769230769,32.69230769230769,61.53846153846154,51.92307692307693,9.615384615384617
E00040375,87,29,15,14,58,50,8,33.33333333333333,17.24137931034483,16.091954022988507,66.66666666666666,57.47126436781609,9.195402298850574
E00040376,109,23,4,19,86,80,6,21.100917431192663,3.669724770642202,17.431192660550458,78.89908256880734,73.39449541284404,5.5045871559633035
E00040377,109,31,5,26,78,66,12,28.440366972477065,4.587155963302752,23.853211009174313,71.55963302752293,60.550458715596335,11.009174311926607
E00040378,50,22,5,17,28,21,7,44,10,34,56.00000000000001,42,14.000000000000002
E00040379,135,39,12,27,96,85,11,28.888888888888886,8.88888888888889,20,71.11111111111111,62.96296296296296,8.148148148148149
E00040380,82,27,2,25,55,49,6,32.926829268292686,2.4390243902439024,30.48780487804878,67.07317073170732,59.756097560975604,7.317073170731707
E00040381,150,40,15,25,110,102,8,26.666666666666668,10,16.666666666666664,73.33333333333333,68,5.333333333333334
E00040382,69,15,6,9,54,46,8,21.73913043478261,8.695652173913043,13.043478260869565,78.26086956521739,66.66666666666666,11.594202898550725
E00040384,102,25,5,20,77,69,8,24.509803921568626,4.901960784313726,19.607843137254903,75.49019607843137,67.64705882352942,7.8431372549019605
E00040385,68,18,0,18,50,47,3,26.47058823529412,0,26.47058823529412,73.52941176470588,69.11764705882352,4.411764705882353
E00040386,68,28,6,22,40,36,4,41.17647058823529,8.823529411764707,32.35294117647059,58.82352941176471,52.94117647058824,5.88235294117647
E00040387,163,50,15,35,113,103,10,30.67484662576687,9.202453987730062,21.472392638036812,69.32515337423312,63.190184049079754,6.134969325153374
E00040388,62,18,2,16,44,40,4,29.03225806451613,3.225806451612903,25.806451612903224,70.96774193548387,64.51612903225806,6.451612903225806
E00040389,143,43,12,31,100,85,15,30.069930069930066,8.391608391608392,21.678321678321677,69.93006993006993,59.44055944055944,10.48951048951049
E00040390,185,60,16,44,125,108,17,32.432432432432435,8.64864864864865,23.783783783783786,67.56756756756756,58.37837837837838,9.18918918918919
E00040391,149,38,9,29,111,96,15,25.503355704697988,6.0402684563758395,19.463087248322147,74.49664429530202,64.42953020134227,10.06711409395973
E00040392,139,53,11,42,86,78,8,38.1294964028777,7.913669064748201,30.215827338129497,61.87050359712231,56.11510791366906,5.755395683453238
E00040393,106,35,9,26,71,65,6,33.0188679245283,8.49056603773585,24.528301886792452,66.98113207547169,61.32075471698113,5.660377358490567
E00040394,129,36,8,28,93,80,13,27.906976744186046,6.2015503875969,21.705426356589147,72.09302325581395,62.01550387596899,10.077519379844961
E00040395,184,54,8,46,130,115,15,29.347826086956523,4.3478260869565215,25,70.65217391304348,62.5,8.152173913043478
E00040396,137,41,9,32,96,82,14,29.927007299270077,6.569343065693431,23.357664233576642,70.07299270072993,59.854014598540154,10.218978102189782
E00040397,126,32,6,26,94,84,10,25.396825396825395,4.761904761904762,20.634920634920633,74.60317460317461,66.66666666666666,7.936507936507936
E00040398,123,32,7,25,91,81,10,26.01626016260163,5.691056910569105,20.32520325203252,73.98373983739837,65.85365853658537,8.130081300813007
E00040399,196,66,26,40,130,116,14,33.6734693877551,13.26530612244898,20.408163265306122,66.3265306122449,59.183673469387756,7.142857142857142
E00040400,165,65,22,43,100,85,15,39.39393939393939,13.333333333333334,26.060606060606062,60.60606060606061,51.515151515151516,9.090909090909092
E00040401,216,60,18,42,156,142,14,27.77777777777778,8.333333333333332,19.444444444444446,72.22222222222221,65.74074074074075,6.481481481481481
E00040402,143,43,11,32,100,92,8,30.069930069930066,7.6923076923076925,22.377622377622377,69.93006993006993,64.33566433566433,5.594405594405594
E00040403,137,48,9,39,89,76,13,35.03649635036496,6.569343065693431,28.467153284671532,64.96350364963503,55.47445255474452,9.48905109489051
E00040404,84,25,9,16,59,52,7,29.761904761904763,10.714285714285714,19.047619047619047,70.23809523809523,61.904761904761905,8.333333333333332
E00040405,77,30,7,23,47,42,5,38.961038961038966,9.090909090909092,29.87012987012987,61.038961038961034,54.54545454545454,6.493506493506493
E00040406,191,65,19,46,126,113,13,34.031413612565444,9.947643979057592,24.083769633507853,65.96858638743456,59.16230366492147,6.806282722513089
E00040407,69,36,5,31,33,30,3,52.17391304347826,7.246376811594203,44.927536231884055,47.82608695652174,43.47826086956522,4.3478260869565215
E00040408,123,42,11,31,81,70,11,34.146341463414636,8.94308943089431,25.203252032520325,65.85365853658537,56.91056910569105,8.94308943089431
E00040409,125,36,10,26,89,80,9,28.799999999999997,8,20.8,71.2,64,7.199999999999999
E00040410,157,48,10,38,109,93,16,30.573248407643312,6.369426751592357,24.203821656050955,69.42675159235668,59.23566878980891,10.191082802547772
E00040411,257,78,22,56,179,156,23,30.35019455252918,8.560311284046692,21.78988326848249,69.64980544747081,60.70038910505836,8.949416342412452
E00040412,195,57,19,38,138,117,21,29.230769230769234,9.7435897435897445,19.48717948717949,70.76923076923077,60,10.76923076923077
E00040413,112,35,7,28,77,71,6,31.25,6.25,25,68.75,63.39285714285714,5.357142857142857
E00040414,85,35,8,27,50,46,4,41.17647058823529,9.411764705882353,31.76470588235294,58.82352941176471,54.11764705882353,4.705882352941177
E00040415,173,51,10,41,122,110,12,29.47976878612717,5.780346820809249,23.699421965317917,70.52023121387283,63.58381502890174,6.9364161849710975
E00040416,130,40,13,27,90,81,9,30.76923076923077,10,20.76923076923077,69.23076923076923,62.30769230769231,6.923076923076923
E00040417,58,18,4,14,40,37,3,31.03448275862069,6.896551724137931,24.137931034482758,68.96551724137932,63.793103448275865,5.172413793103448
E00040418,140,52,14,38,88,79,9,37.142857142857146,10,27.142857142857142,62.857142857142854,56.42857142857143,6.428571428571428
E00040419,49,24,5,19,25,25,0,48.97959183673469,10.204081632653061,38.775510204081634,51.02040816326531,51.02040816326531,0
E00040420,188,74,15,59,114,108,6,39.361702127659576,7.9787234042553195,31.382978723404253,60.63829787234043,57.446808510638306,3.1914893617021276
E00040421,96,30,7,23,66,61,5,31.25,7.291666666666667,23.958333333333336,68.75,63.541666666666664,5.208333333333334
E00040422,117,36,8,28,81,74,7,30.76923076923077,6.837606837606838,23.931623931623932,69.23076923076923,63.24786324786324,5.982905982905983
E00040423,244,89,27,62,155,134,21,36.47540983606557,11.065573770491802,25.40983606557377,63.52459016393443,54.91803278688525,8.60655737704918
E00040424,148,63,12,51,85,73,12,42.567567567567565,8.108108108108109,34.45945945945946,57.432432432432435,49.32432432432432,8.108108108108109
E00040425,112,43,10,33,69,65,4,38.392857142857146,8.928571428571429,29.464285714285715,61.60714285714286,58.03571428571429,3.571428571428571
E00040426,74,26,3,23,48,38,10,35.13513513513514,4.054054054054054,31.08108108108108,64.86486486486487,51.35135135135135,13.513513513513514
E00040427,164,43,11,32,121,113,8,26.21951219512195,6.707317073170732,19.51219512195122,73.78048780487805,68.90243902439023,4.878048780487805
E00040428,157,50,12,38,107,101,6,31.84713375796178,7.643312101910828,24.203821656050955,68.15286624203821,64.3312101910828,3.821656050955414
E00040429,122,38,8,30,84,70,14,31.147540983606557,6.557377049180328,24.59016393442623,68.85245901639344,57.377049180327866,11.475409836065573
E00040430,136,38,10,28,98,91,7,27.941176470588236,7.352941176470589,20.588235294117645,72.05882352941177,66.91176470588235,5.147058823529411
E00040431,70,19,6,13,51,34,17,27.142857142857142,8.571428571428571,18.571428571428573,72.85714285714285,48.57142857142857,24.285714285714285
E00040432,92,40,15,25,52,47,5,43.47826086956522,16.304347826086957,27.173913043478258,56.52173913043478,51.08695652173913,5.434782608695652
E00040433,165,61,16,45,104,94,10,36.96969696969697,9.696969696969697,27.27272727272727,63.030303030303024,56.96969696969697,6.0606060606060606
E00040434,148,52,23,29,96,87,9,35.13513513513514,15.54054054054054,19.594594594594593,64.86486486486487,58.78378378378378,6.081081081081082
E00040435,148,46,10,36,102,91,11,31.08108108108108,6.756756756756757,24.324324324324326,68.91891891891892,61.48648648648649,7.4324324324324325
E00040436,186,64,16,48,122,113,9,34.40860215053764,8.60215053763441,25.806451612903224,65.59139784946237,60.752688172043015,4.838709677419355
E00040437,119,35,11,24,84,78,6,29.411764705882355,9.243697478991598,20.168067226890756,70.58823529411765,65.54621848739495,5.042016806722689
E00040438,154,56,15,41,98,89,9,36.36363636363637,9.740259740259742,26.623376623376622,63.63636363636363,57.7922077922078,5.844155844155844
E00040439,144,49,10,39,95,83,12,34.02777777777778,6.944444444444445,27.083333333333332,65.97222222222221,57.638888888888886,8.333333333333332
E00040440,147,56,15,41,91,84,7,38.095238095238095,10.204081632653061,27.89115646258503,61.904761904761905,57.14285714285714,4.761904761904762
E00040441,174,51,12,39,123,110,13,29.310344827586203,6.896551724137931,22.413793103448278,70.6896551724138,63.2183908045977,7.471264367816093
E00040442,104,33,7,26,71,65,6,31.73076923076923,6.730769230769231,25,68.26923076923077,62.5,5.769230769230769
E00040443,94,35,8,27,59,52,7,37.234042553191486,8.51063829787234,28.723404255319153,62.76595744680851,55.319148936170215,7.446808510638298
E00040444,151,40,13,27,111,93,18,26.490066225165563,8.609271523178808,17.880794701986755,73.50993377483444,61.58940397350994,11.920529801324504
E00040445,125,36,11,25,89,81,8,28.799999999999997,8.799999999999999,20,71.2,64.8,6.4
E00040446,150,41,12,29,109,96,13,27.333333333333332,8,19.333333333333332,72.66666666666667,64,8.666666666666668
E00040447,121,40,11,29,81,72,9,33.057851239669425,9.090909090909092,23.96694214876033,66.94214876033058,59.50413223140496,7.43801652892562
E00040448,96,31,6,25,65,62,3,32.29166666666667,6.25,26.041666666666668,67.70833333333334,64.58333333333334,3.125
E00040449,149,44,17,27,105,95,10,29.53020134228188,11.409395973154362,18.120805369127517,70.46979865771812,63.758389261744966,6.7114093959731544
E00040450,79,34,9,25,45,39,6,43.037974683544306,11.39240506329114,31.645569620253166,56.9620253164557,49.36708860759494,7.59493670886076
E00040451,131,46,13,33,85,71,14,35.11450381679389,9.923664122137405,25.190839694656486,64.8854961832061,54.19847328244275,10.687022900763358
E00040452,173,46,9,37,127,114,13,26.589595375722542,5.202312138728324,21.38728323699422,73.41040462427746,65.89595375722543,7.514450867052023
E00040453,163,55,20,35,108,95,13,33.74233128834356,12.269938650306749,21.472392638036812,66.25766871165644,58.282208588957054,7.975460122699387
E00040454,144,43,13,30,101,92,9,29.86111111111111,9.027777777777777,20.833333333333336,70.13888888888889,63.888888888888886,6.25
E00040455,131,48,12,36,83,74,9,36.6412213740458,9.16030534351145,27.480916030534353,63.358778625954194,56.48854961832062,6.870229007633588
E00040456,111,43,10,33,68,63,5,38.73873873873874,9.00900900900901,29.72972972972973,61.261261261261254,56.75675675675676,4.504504504504505
E00040457,142,44,11,33,98,89,9,30.985915492957744,7.746478873239436,23.239436619718308,69.01408450704226,62.676056338028175,6.338028169014084
E00040458,156,46,19,27,110,102,8,29.48717948717949,12.179487179487179,17.307692307692307,70.51282051282051,65.38461538461539,5.128205128205128
E00040459,148,47,15,32,101,89,12,31.756756756756754,10.135135135135135,21.62162162162162,68.24324324324324,60.13513513513513,8.108108108108109
E00040460,202,61,24,37,141,120,21,30.198019801980198,11.881188118811881,18.316831683168317,69.80198019801979,59.4059405940594,10.396039603960396
E00040461,135,25,6,19,110,99,11,18.51851851851852,4.444444444444445,14.074074074074074,81.48148148148148,73.33333333333333,8.148148148148149
E00040462,163,58,15,43,105,95,10,35.58282208588957,9.202453987730062,26.380368098159508,64.41717791411043,58.282208588957054,6.134969325153374
E00040463,129,38,11,27,91,81,10,29.457364341085274,8.527131782945736,20.930232558139537,70.54263565891473,62.7906976744186,7.751937984496124
E00040464,117,44,11,33,73,68,5,37.60683760683761,9.401709401709402,28.205128205128204,62.39316239316239,58.119658119658126,4.273504273504273
E00040465,127,38,15,23,89,77,12,29.92125984251969,11.811023622047244,18.11023622047244,70.07874015748031,60.629921259842526,9.448818897637794
E00040466,140,46,5,41,94,89,5,32.857142857142854,3.571428571428571,29.28571428571429,67.14285714285714,63.57142857142857,3.571428571428571
E00040467,84,28,10,18,56,51,5,33.33333333333333,11.904761904761903,21.428571428571427,66.66666666666666,60.71428571428571,5.952380952380952
E00040468,100,34,9,25,66,63,3,34,9,25,66,63,3
E00040469,143,43,11,32,100,93,7,30.069930069930066,7.6923076923076925,22.377622377622377,69.93006993006993,65.03496503496503,4.895104895104895
E00040470,173,52,13,39,121,109,12,30.057803468208093,7.514450867052023,22.54335260115607,69.94219653179191,63.005780346820806,6.9364161849710975
E00040471,180,52,17,35,128,111,17,28.888888888888886,9.444444444444445,19.444444444444446,71.11111111111111,61.66666666666667,9.444444444444445
E00040472,159,55,18,37,104,88,16,34.59119496855346,11.320754716981133,23.270440251572328,65.40880503144653,55.34591194968554,10.062893081761008
E00040473,184,49,16,33,135,126,9,26.6304347826087,8.695652173913043,17.934782608695652,73.36956521739131,68.47826086956522,4.891304347826087
E00040474,147,42,10,32,105,92,13,28.57142857142857,6.802721088435375,21.768707482993197,71.42857142857143,62.585034013605444,8.843537414965986
E00040475,208,60,18,42,148,130,18,28.846153846153843,8.653846153846153,20.192307692307693,71.15384615384616,62.5,8.653846153846153
E00040476,119,39,5,34,80,74,6,32.773109243697476,4.201680672268908,28.57142857142857,67.22689075630252,62.18487394957983,5.042016806722689
E00040477,226,69,14,55,157,138,19,30.53097345132743,6.1946902654867255,24.336283185840706,69.46902654867256,61.06194690265486,8.4070796460177
E00040478,154,47,8,39,107,94,13,30.519480519480517,5.194805194805195,25.324675324675322,69.48051948051948,61.038961038961034,8.441558441558442
E00040479,106,24,7,17,82,78,4,22.641509433962266,6.60377358490566,16.037735849056602,77.35849056603774,73.58490566037736,3.7735849056603774
E00040480,215,69,16,53,146,134,12,32.093023255813954,7.441860465116279,24.651162790697676,67.90697674418604,62.32558139534884,5.5813953488372094
E00040481,112,32,8,24,80,76,4,28.57142857142857,7.142857142857142,21.428571428571427,71.42857142857143,67.85714285714286,3.571428571428571
E00040482,131,46,14,32,85,79,6,35.11450381679389,10.687022900763358,24.427480916030532,64.8854961832061,60.30534351145038,4.580152671755725
E00040483,149,38,14,24,111,105,6,25.503355704697988,9.395973154362416,16.10738255033557,74.49664429530202,70.46979865771812,4.026845637583892
E00040484,151,48,11,37,103,94,9,31.788079470198678,7.28476821192053,24.503311258278146,68.21192052980133,62.251655629139066,5.960264900662252
E00040485,184,43,13,30,141,128,13,23.369565217391305,7.065217391304348,16.304347826086957,76.63043478260869,69.56521739130434,7.065217391304348
E00040486,176,52,9,43,124,111,13,29.545454545454547,5.113636363636364,24.431818181818183,70.45454545454545,63.06818181818182,7.386363636363637
E00040487,103,29,4,25,74,69,5,28.155339805825243,3.8834951456310676,24.271844660194176,71.84466019417476,66.99029126213593,4.854368932038835
E00040488,115,39,10,29,76,69,7,33.91304347826087,8.695652173913043,25.217391304347824,66.08695652173913,60,6.086956521739131
E00040489,164,51,10,41,113,103,10,31.097560975609756,6.097560975609756,25,68.90243902439023,62.80487804878049,6.097560975609756
E00040490,146,45,8,37,101,90,11,30.82191780821918,5.47945205479452,25.34246575342466,69.17808219178082,61.64383561643836,7.534246575342466
E00040491,146,46,12,34,100,90,10,31.506849315068493,8.21917808219178,23.28767123287671,68.4931506849315,61.64383561643836,6.8493150684931505
E00040492,161,38,7,31,123,115,8,23.60248447204969,4.3478260869565215,19.25465838509317,76.3975155279503,71.42857142857143,4.968944099378882
E00040493,164,58,18,40,106,96,10,35.36585365853659,10.975609756097562,24.390243902439025,64.63414634146342,58.536585365853654,6.097560975609756
E00040494,198,49,16,33,149,140,9,24.747474747474747,8.080808080808081,16.666666666666664,75.25252525252525,70.70707070707071,4.545454545454546
E00040495,157,48,16,32,109,95,14,30.573248407643312,10.191082802547772,20.382165605095544,69.42675159235668,60.509554140127385,8.9171974522293
E00040496,142,48,11,37,94,86,8,33.80281690140845,7.746478873239436,26.056338028169012,66.19718309859155,60.56338028169014,5.633802816901409
E00040497,201,57,18,39,144,136,8,28.35820895522388,8.955223880597014,19.402985074626866,71.64179104477611,67.66169154228857,3.9800995024875623
E00040498,157,49,13,36,108,102,6,31.210191082802545,8.280254777070063,22.929936305732486,68.78980891719745,64.96815286624204,3.821656050955414
E00040499,193,30,7,23,163,150,13,15.544041450777202,3.6269430051813467,11.917098445595855,84.4559585492228,77.720207253886,6.7357512953367875
E00040500,100,33,12,21,67,64,3,33,12,21,67,64,3
E00040501,140,45,14,31,95,83,12,32.142857142857146,10,22.142857142857142,67.85714285714286,59.285714285714285,8.571428571428571
E00040502,179,63,18,45,116,105,11,35.19553072625698,10.05586592178771,25.139664804469277,64.80446927374301,58.659217877094974,6.145251396648044
E00040503,104,30,5,25,74,68,6,28.846153846153843,4.807692307692308,24.03846153846154,71.15384615384616,65.38461538461539,5.769230769230769
E00040504,10,5,1,4,5,5,0,50,10,40,50,50,0
E00040505,173,53,14,39,120,107,13,30.63583815028902,8.092485549132949,22.54335260115607,69.36416184971098,61.849710982658955,7.514450867052023
E00040506,69,26,9,17,43,40,3,37.68115942028986,13.043478260869565,24.637681159420293,62.31884057971014,57.971014492753625,4.3478260869565215
E00040507,127,35,12,23,92,83,9,27.559055118110237,9.448818897637794,18.11023622047244,72.44094488188976,65.35433070866141,7.086614173228346
E00040508,143,40,5,35,103,93,10,27.972027972027973,3.4965034965034967,24.475524475524477,72.02797202797203,65.03496503496503,6.993006993006993
E00040509,169,51,17,34,118,105,13,30.17751479289941,10.059171597633137,20.118343195266274,69.8224852071006,62.1301775147929,7.6923076923076925
E00040510,161,51,14,37,110,94,16,31.67701863354037,8.695652173913043,22.981366459627328,68.32298136645963,58.38509316770186,9.937888198757763
E00040511,132,39,15,24,93,77,16,29.545454545454547,11.363636363636363,18.181818181818183,70.45454545454545,58.333333333333336,12.121212121212121
E00040512,136,47,16,31,89,77,12,34.55882352941176,11.76470588235294,22.794117647058822,65.44117647058823,56.61764705882353,8.823529411764707
E00040513,169,44,14,30,125,100,25,26.035502958579883,8.284023668639055,17.75147928994083,73.96449704142012,59.171597633136095,14.792899408284024
E00040514,120,44,7,37,76,68,8,36.666666666666664,5.833333333333333,30.833333333333336,63.33333333333333,56.666666666666664,6.666666666666667
E00040515,171,50,14,36,121,107,14,29.239766081871345,8.187134502923977,21.052631578947366,70.76023391812866,62.57309941520468,8.187134502923977
E00040516,187,48,10,38,139,121,18,25.668449197860966,5.347593582887701,20.32085561497326,74.33155080213903,64.70588235294117,9.62566844919786
E00040517,137,41,12,29,96,88,8,29.927007299270077,8.75912408759124,21.16788321167883,70.07299270072993,64.23357664233576,5.839416058394161
E00040518,141,40,7,33,101,93,8,28.368794326241137,4.964539007092199,23.404255319148938,71.63120567375887,65.95744680851064,5.673758865248227
E00040519,104,44,17,27,60,49,11,42.30769230769231,16.346153846153847,25.961538461538463,57.692307692307686,47.11538461538461,10.576923076923077
E00040520,142,46,14,32,96,87,9,32.3943661971831,9.859154929577464,22.535211267605636,67.6056338028169,61.267605633802816,6.338028169014084
E00040521,121,32,7,25,89,79,10,26.446280991735538,5.785123966942149,20.66115702479339,73.55371900826447,65.28925619834712,8.264462809917356
E00040522,118,40,12,28,78,72,6,33.89830508474576,10.16949152542373,23.728813559322035,66.10169491525424,61.016949152542374,5.084745762711865
E00040523,138,49,7,42,89,79,10,35.507246376811594,5.072463768115942,30.434782608695656,64.4927536231884,57.2463768115942,7.246376811594203
E00040524,138,42,17,25,96,84,12,30.434782608695656,12.318840579710146,18.115942028985508,69.56521739130434,60.86956521739131,8.695652173913043
E00040525,99,23,7,16,76,71,5,23.232323232323232,7.07070707070707,16.161616161616163,76.76767676767676,71.71717171717171,5.05050505050505
E00040526,187,51,13,38,136,124,12,27.27272727272727,6.951871657754011,20.32085561497326,72.72727272727273,66.31016042780749,6.417112299465241
E00040527,117,37,16,21,80,72,8,31.62393162393162,13.675213675213676,17.94871794871795,68.37606837606837,61.53846153846154,6.837606837606838
E00040528,151,40,8,32,111,102,9,26.490066225165563,5.298013245033113,21.192052980132452,73.50993377483444,67.54966887417218,5.960264900662252
E00040529,136,41,10,31,95,89,6,30.14705882352941,7.352941176470589,22.794117647058822,69.85294117647058,65.44117647058823,4.411764705882353
E00040530,90,40,10,30,50,50,0,44.44444444444444,11.11111111111111,33.33333333333333,55.55555555555556,55.55555555555556,0
E00040531,123,37,8,29,86,75,11,30.081300813008134,6.504065040650407,23.577235772357724,69.91869918699187,60.97560975609756,8.94308943089431
E00040532,110,44,9,35,66,61,5,40,8.181818181818182,31.818181818181817,60,55.45454545454545,4.545454545454546
E00040533,96,37,10,27,59,50,9,38.54166666666667,10.416666666666668,28.125,61.458333333333336,52.083333333333336,9.375
E00040534,82,26,10,16,56,44,12,31.70731707317073,12.195121951219512,19.51219512195122,68.29268292682927,53.65853658536586,14.634146341463413
E00040535,163,45,14,31,118,107,11,27.607361963190186,8.588957055214724,19.018404907975462,72.39263803680981,65.6441717791411,6.748466257668712
E00040536,140,45,11,34,95,84,11,32.142857142857146,7.857142857142857,24.285714285714285,67.85714285714286,60,7.857142857142857
E00040537,109,24,0,24,85,73,12,22.018348623853214,0,22.018348623853214,77.98165137614679,66.97247706422019,11.009174311926607
E00040538,113,35,9,26,78,66,12,30.973451327433626,7.964601769911504,23.008849557522122,69.02654867256636,58.4070796460177,10.619469026548673
E00040539,227,72,12,60,155,139,16,31.718061674008812,5.286343612334802,26.431718061674008,68.28193832599119,61.23348017621145,7.048458149779736
E00040540,196,53,10,43,143,126,17,27.040816326530614,5.1020408163265305,21.93877551020408,72.95918367346938,64.28571428571429,8.673469387755102
E00040541,161,58,17,41,103,94,9,36.024844720496894,10.559006211180124,25.465838509316768,63.975155279503106,58.38509316770186,5.590062111801243
E00040542,186,51,10,41,135,118,17,27.419354838709676,5.376344086021505,22.043010752688172,72.58064516129032,63.44086021505376,9.13978494623656
E00040543,172,60,18,42,112,100,12,34.883720930232556,10.465116279069768,24.418604651162788,65.11627906976744,58.139534883720934,6.976744186046512
E00040544,169,45,17,28,124,106,18,26.627218934911244,10.059171597633137,16.56804733727811,73.37278106508876,62.721893491124256,10.650887573964498
E00040545,180,46,12,34,134,118,16,25.555555555555554,6.666666666666667,18.88888888888889,74.44444444444444,65.55555555555556,8.88888888888889
E00040546,114,33,8,25,81,74,7,28.947368421052634,7.017543859649122,21.929824561403507,71.05263157894737,64.91228070175438,6.140350877192982
E00040547,112,38,10,28,74,67,7,33.92857142857143,8.928571428571429,25,66.07142857142857,59.82142857142857,6.25
E00040548,78,28,9,19,50,47,3,35.8974358974359,11.538461538461538,24.358974358974358,64.1025641025641,60.256410256410255,3.8461538461538463
E00040549,90,30,4,26,60,52,8,33.33333333333333,4.444444444444445,28.888888888888886,66.66666666666666,57.77777777777777,8.88888888888889
E00040550,122,45,14,31,77,71,6,36.885245901639344,11.475409836065573,25.40983606557377,63.114754098360656,58.19672131147541,4.918032786885246
E00040551,94,25,6,19,69,63,6,26.595744680851062,6.382978723404255,20.212765957446805,73.40425531914893,67.02127659574468,6.382978723404255
E00040552,130,42,11,31,88,75,13,32.30769230769231,8.461538461538462,23.846153846153847,67.6923076923077,57.692307692307686,10
E00040553,154,55,20,35,99,92,7,35.714285714285715,12.987012987012985,22.727272727272727,64.28571428571429,59.74025974025974,4.545454545454546
E00040554,132,40,14,26,92,85,7,30.303030303030305,10.606060606060606,19.696969696969695,69.6969696969697,64.39393939393939,5.303030303030303
E00040555,129,53,14,39,76,67,9,41.08527131782946,10.852713178294573,30.23255813953488,58.91472868217055,51.93798449612403,6.976744186046512
E00040556,145,46,13,33,99,91,8,31.724137931034484,8.96551724137931,22.758620689655174,68.27586206896552,62.758620689655174,5.517241379310345
E00040557,148,52,13,39,96,86,10,35.13513513513514,8.783783783783784,26.351351351351347,64.86486486486487,58.108108108108105,6.756756756756757
E00040558,115,31,10,21,84,74,10,26.956521739130434,8.695652173913043,18.26086956521739,73.04347826086956,64.34782608695652,8.695652173913043
E00040559,126,49,17,32,77,74,3,38.88888888888889,13.492063492063492,25.396825396825395,61.111111111111114,58.730158730158735,2.380952380952381
E00040560,131,43,14,29,88,79,9,32.82442748091603,10.687022900763358,22.137404580152673,67.17557251908397,60.30534351145038,6.870229007633588
E00040561,116,38,10,28,78,75,3,32.758620689655174,8.620689655172415,24.137931034482758,67.24137931034483,64.65517241379311,2.586206896551724
E00040562,145,52,14,38,93,83,10,35.86206896551724,9.655172413793103,26.20689655172414,64.13793103448275,57.24137931034483,6.896551724137931
E00040563,63,19,7,12,44,40,4,30.158730158730158,11.11111111111111,19.047619047619047,69.84126984126983,63.49206349206349,6.349206349206349
E00040564,142,44,12,32,98,81,17,30.985915492957744,8.450704225352112,22.535211267605636,69.01408450704226,57.04225352112676,11.971830985915492
E00040565,75,29,9,20,46,37,9,38.666666666666664,12,26.666666666666668,61.33333333333333,49.333333333333336,12
E00040566,128,29,0,29,99,90,9,22.65625,0,22.65625,77.34375,70.3125,7.03125
E00040567,93,29,10,19,64,56,8,31.182795698924732,10.75268817204301,20.43010752688172,68.81720430107528,60.215053763440864,8.60215053763441
E00040568,123,43,10,33,80,69,11,34.959349593495936,8.130081300813007,26.82926829268293,65.04065040650406,56.09756097560976,8.94308943089431
E00040569,123,40,8,32,83,76,7,32.52032520325203,6.504065040650407,26.01626016260163,67.47967479674797,61.78861788617886,5.691056910569105
E00040570,95,30,8,22,65,62,3,31.57894736842105,8.421052631578947,23.157894736842106,68.42105263157895,65.26315789473685,3.1578947368421053
E00040571,114,28,8,20,86,73,13,24.561403508771928,7.017543859649122,17.543859649122805,75.43859649122807,64.03508771929825,11.403508771929824
E00040572,144,47,8,39,97,84,13,32.63888888888889,5.555555555555555,27.083333333333332,67.36111111111111,58.333333333333336,9.027777777777777
E00040573,111,37,8,29,74,70,4,33.33333333333333,7.207207207207207,26.126126126126124,66.66666666666666,63.06306306306306,3.6036036036036037
E00040574,103,39,16,23,64,59,5,37.86407766990291,15.53398058252427,22.330097087378643,62.13592233009708,57.28155339805825,4.854368932038835
E00040575,122,43,9,34,79,75,4,35.24590163934426,7.377049180327869,27.86885245901639,64.75409836065575,61.47540983606557,3.278688524590164
E00040576,145,37,10,27,108,93,15,25.517241379310345,6.896551724137931,18.620689655172416,74.48275862068967,64.13793103448275,10.344827586206897
E00040577,71,23,8,15,48,44,4,32.3943661971831,11.267605633802818,21.12676056338028,67.6056338028169,61.97183098591549,5.633802816901409
E00040578,147,44,17,27,103,89,14,29.931972789115648,11.564625850340136,18.367346938775512,70.06802721088435,60.544217687074834,9.523809523809524
E00040579,117,38,14,24,79,63,16,32.47863247863248,11.965811965811966,20.51282051282051,67.52136752136752,53.84615384615385,13.675213675213676
E00040580,147,38,7,31,109,101,8,25.850340136054424,4.761904761904762,21.08843537414966,74.14965986394559,68.70748299319727,5.442176870748299
E00040581,140,42,11,31,98,90,8,30,7.857142857142857,22.142857142857142,70,64.28571428571429,5.714285714285714
E00040582,52,20,5,15,32,32,0,38.46153846153847,9.615384615384617,28.846153846153843,61.53846153846154,61.53846153846154,0
E00040583,151,41,13,28,110,103,7,27.1523178807947,8.609271523178808,18.543046357615893,72.84768211920529,68.21192052980133,4.635761589403973
E00040584,108,34,9,25,74,66,8,31.48148148148148,8.333333333333332,23.14814814814815,68.51851851851852,61.111111111111114,7.4074074074074066
E00040585,151,45,12,33,106,87,19,29.80132450331126,7.9470198675496695,21.85430463576159,70.19867549668875,57.615894039735096,12.582781456953644
E00040586,138,44,8,36,94,88,6,31.88405797101449,5.797101449275362,26.08695652173913,68.11594202898551,63.76811594202898,4.3478260869565215
E00040587,143,41,8,33,102,97,5,28.671328671328673,5.594405594405594,23.076923076923077,71.32867132867133,67.83216783216784,3.4965034965034967
E00040588,81,28,6,22,53,49,4,34.5679012345679,7.4074074074074066,27.160493827160494,65.4320987654321,60.49382716049383,4.938271604938271
E00040589,189,65,16,49,124,113,11,34.39153439153439,8.465608465608465,25.925925925925924,65.60846560846561,59.78835978835979,5.82010582010582
E00040590,120,38,7,31,82,71,11,31.666666666666664,5.833333333333333,25.833333333333336,68.33333333333333,59.166666666666664,9.166666666666666
E00040591,111,36,11,25,75,71,4,32.432432432432435,9.90990990990991,22.52252252252252,67.56756756756756,63.96396396396396,3.6036036036036037
E00040592,62,26,10,16,36,36,0,41.935483870967744,16.129032258064516,25.806451612903224,58.06451612903226,58.06451612903226,0
E00040595,150,48,9,39,102,87,15,32,6,26,68,57.99999999999999,10
E00040596,123,34,6,28,89,78,11,27.64227642276423,4.878048780487805,22.76422764227642,72.35772357723577,63.41463414634146,8.94308943089431
E00040597,70,28,10,18,42,42,0,40,14.285714285714285,25.71428571428571,60,60,0
E00040598,131,40,11,29,91,80,11,30.53435114503817,8.396946564885496,22.137404580152673,69.46564885496184,61.06870229007634,8.396946564885496
E00040599,108,33,11,22,75,71,4,30.555555555555557,10.185185185185185,20.37037037037037,69.44444444444444,65.74074074074075,3.7037037037037033
E00040600,111,38,9,29,73,64,9,34.234234234234236,8.108108108108109,26.126126126126124,65.76576576576578,57.65765765765766,8.108108108108109
E00040601,114,37,7,30,77,70,7,32.45614035087719,6.140350877192982,26.31578947368421,67.54385964912281,61.40350877192983,6.140350877192982
E00040602,152,44,12,32,108,99,9,28.947368421052634,7.894736842105263,21.052631578947366,71.05263157894737,65.13157894736842,5.921052631578947
E00040604,130,40,8,32,90,81,9,30.76923076923077,6.153846153846154,24.615384615384617,69.23076923076923,62.30769230769231,6.923076923076923
E00040605,136,58,19,39,78,69,9,42.64705882352941,13.970588235294118,28.676470588235293,57.35294117647059,50.73529411764706,6.61764705882353
E00040606,121,48,18,30,73,67,6,39.66942148760331,14.87603305785124,24.793388429752067,60.33057851239669,55.371900826446286,4.958677685950414
E00040607,90,33,16,17,57,48,9,36.666666666666664,17.77777777777778,18.88888888888889,63.33333333333333,53.333333333333336,10
E00040609,129,49,17,32,80,72,8,37.98449612403101,13.178294573643413,24.8062015503876,62.01550387596899,55.81395348837209,6.2015503875969
E00040610,39,11,6,5,28,22,6,28.205128205128204,15.384615384615385,12.82051282051282,71.7948717948718,56.41025641025641,15.384615384615385
E00040611,119,33,16,17,86,78,8,27.73109243697479,13.445378151260504,14.285714285714285,72.26890756302521,65.54621848739495,6.722689075630252
E00040612,67,24,3,21,43,42,1,35.82089552238806,4.477611940298507,31.343283582089555,64.17910447761194,62.68656716417911,1.4925373134328357
E00040613,118,46,7,39,72,62,10,38.983050847457626,5.932203389830509,33.05084745762712,61.016949152542374,52.54237288135594,8.47457627118644
E00040614,101,32,18,14,69,54,15,31.683168316831683,17.82178217821782,13.861386138613863,68.31683168316832,53.46534653465347,14.85148514851485
E00040615,83,34,14,20,49,42,7,40.963855421686745,16.867469879518072,24.096385542168676,59.036144578313255,50.602409638554214,8.433734939759036
E00040616,170,54,24,30,116,108,8,31.76470588235294,14.117647058823529,17.647058823529413,68.23529411764706,63.52941176470588,4.705882352941177
E00040617,62,21,6,15,41,38,3,33.87096774193548,9.67741935483871,24.193548387096776,66.12903225806451,61.29032258064516,4.838709677419355
E00040618,265,82,25,57,183,160,23,30.943396226415093,9.433962264150944,21.50943396226415,69.0566037735849,60.37735849056604,8.679245283018867
E00040619,78,32,8,24,46,40,6,41.02564102564102,10.256410256410255,30.76923076923077,58.97435897435898,51.28205128205128,7.6923076923076925
E00040620,88,32,10,22,56,50,6,36.36363636363637,11.363636363636363,25,63.63636363636363,56.81818181818182,6.8181818181818175
E00040621,88,23,6,17,65,59,6,26.136363636363637,6.8181818181818175,19.318181818181817,73.86363636363636,67.04545454545455,6.8181818181818175
E00040622,78,32,12,20,46,43,3,41.02564102564102,15.384615384615385,25.64102564102564,58.97435897435898,55.12820512820513,3.8461538461538463
E00040623,112,44,10,34,68,68,0,39.285714285714285,8.928571428571429,30.357142857142854,60.71428571428571,60.71428571428571,0
E00040624,145,49,13,36,96,83,13,33.793103448275865,8.96551724137931,24.82758620689655,66.20689655172414,57.24137931034483,8.96551724137931
E00040628,73,33,5,28,40,34,6,45.20547945205479,6.8493150684931505,38.35616438356164,54.794520547945204,46.57534246575342,8.21917808219178
E00040629,83,33,11,22,50,42,8,39.75903614457831,13.253012048192772,26.506024096385545,60.24096385542169,50.602409638554214,9.63855421686747
E00040631,55,21,9,12,34,31,3,38.18181818181819,16.363636363636363,21.818181818181817,61.81818181818181,56.36363636363636,5.454545454545454
E00040632,214,70,19,51,144,118,26,32.71028037383177,8.878504672897195,23.83177570093458,67.28971962616822,55.140186915887845,12.149532710280374
E00040633,125,38,13,25,87,79,8,30.4,10.4,20,69.6,63.2,6.4
E00040634,87,35,10,25,52,46,6,40.229885057471265,11.494252873563218,28.735632183908045,59.77011494252874,52.87356321839081,6.896551724137931
E00040637,112,37,6,31,75,69,6,33.035714285714285,5.357142857142857,27.67857142857143,66.96428571428571,61.60714285714286,5.357142857142857
E00040638,163,43,11,32,120,107,13,26.380368098159508,6.748466257668712,19.631901840490798,73.61963190184049,65.6441717791411,7.975460122699387
E00040639,157,48,15,33,109,98,11,30.573248407643312,9.554140127388536,21.019108280254777,69.42675159235668,62.42038216560509,7.006369426751593
E00040640,93,35,17,18,58,52,6,37.634408602150536,18.27956989247312,19.35483870967742,62.365591397849464,55.91397849462365,6.451612903225806
E00040641,186,46,15,31,140,123,17,24.731182795698924,8.064516129032258,16.666666666666664,75.26881720430107,66.12903225806451,9.13978494623656
E00040642,119,33,6,27,86,70,16,27.73109243697479,5.042016806722689,22.689075630252102,72.26890756302521,58.82352941176471,13.445378151260504
E00040643,122,46,14,32,76,70,6,37.704918032786885,11.475409836065573,26.229508196721312,62.295081967213115,57.377049180327866,4.918032786885246
E00040644,121,36,11,25,85,78,7,29.75206611570248,9.090909090909092,20.66115702479339,70.24793388429752,64.46280991735537,5.785123966942149
E00040645,118,39,13,26,79,71,8,33.05084745762712,11.016949152542372,22.033898305084744,66.94915254237289,60.16949152542372,6.779661016949152
E00040646,101,30,3,27,71,68,3,29.7029702970297,2.9702970297029703,26.732673267326735,70.29702970297029,67.32673267326733,2.9702970297029703
E00040647,187,51,16,35,136,117,19,27.27272727272727,8.55614973262032,18.71657754010695,72.72727272727273,62.56684491978609,10.16042780748663
E00040648,153,48,11,37,105,94,11,31.372549019607842,7.18954248366013,24.183006535947712,68.62745098039215,61.43790849673203,7.18954248366013
E00040649,114,34,11,23,80,73,7,29.82456140350877,9.649122807017543,20.175438596491226,70.17543859649122,64.03508771929825,6.140350877192982
E00040650,157,46,12,34,111,102,9,29.29936305732484,7.643312101910828,21.656050955414013,70.70063694267516,64.96815286624204,5.7324840764331215
E00040651,150,43,7,36,107,98,9,28.666666666666668,4.666666666666667,24,71.33333333333334,65.33333333333333,6
E00040652,215,59,18,41,156,136,20,27.44186046511628,8.372093023255815,19.069767441860467,72.55813953488372,63.25581395348837,9.30232558139535
E00040653,180,50,17,33,130,120,10,27.77777777777778,9.444444444444445,18.333333333333332,72.22222222222221,66.66666666666666,5.555555555555555
E00040654,190,53,13,40,137,127,10,27.89473684210526,6.842105263157896,21.052631578947366,72.10526315789474,66.84210526315789,5.263157894736842
E00040655,115,23,9,14,92,79,13,20,7.82608695652174,12.173913043478262,80,68.69565217391305,11.304347826086957
E00040656,145,35,8,27,110,99,11,24.137931034482758,5.517241379310345,18.620689655172416,75.86206896551724,68.27586206896552,7.586206896551724
E00040657,27,10,3,7,17,14,3,37.03703703703704,11.11111111111111,25.925925925925924,62.96296296296296,51.85185185185185,11.11111111111111
E00040658,126,28,14,14,98,87,11,22.22222222222222,11.11111111111111,11.11111111111111,77.77777777777779,69.04761904761905,8.73015873015873
E00040659,218,68,20,48,150,134,16,31.19266055045872,9.174311926605505,22.018348623853214,68.80733944954129,61.46788990825688,7.339449541284404
E00040660,202,50,15,35,152,137,15,24.752475247524753,7.425742574257425,17.326732673267326,75.24752475247524,67.82178217821783,7.425742574257425
E00040661,123,41,11,30,82,76,6,33.33333333333333,8.94308943089431,24.390243902439025,66.66666666666666,61.78861788617886,4.878048780487805
E00040663,137,41,9,32,96,90,6,29.927007299270077,6.569343065693431,23.357664233576642,70.07299270072993,65.69343065693431,4.37956204379562
E00040664,85,21,8,13,64,58,6,24.705882352941178,9.411764705882353,15.294117647058824,75.29411764705883,68.23529411764706,7.0588235294117645
E00040665,144,47,4,43,97,86,11,32.63888888888889,2.7777777777777777,29.86111111111111,67.36111111111111,59.72222222222222,7.638888888888889
E00040666,116,30,7,23,86,74,12,25.862068965517242,6.0344827586206895,19.82758620689655,74.13793103448276,63.793103448275865,10.344827586206897
E00040667,88,23,5,18,65,60,5,26.136363636363637,5.681818181818182,20.454545454545457,73.86363636363636,68.18181818181817,5.681818181818182
E00040668,194,61,19,42,133,111,22,31.443298969072163,9.793814432989691,21.649484536082475,68.55670103092784,57.21649484536082,11.34020618556701
E00040669,155,49,13,36,106,87,19,31.61290322580645,8.38709677419355,23.225806451612904,68.38709677419355,56.12903225806451,12.258064516129032
E00040670,154,53,19,34,101,89,12,34.41558441558442,12.337662337662337,22.07792207792208,65.5844155844156,57.7922077922078,7.792207792207792
E00040671,128,41,11,30,87,80,7,32.03125,8.59375,23.4375,67.96875,62.5,5.46875
E00040672,85,29,9,20,56,46,10,34.11764705882353,10.588235294117647,23.52941176470588,65.88235294117646,54.11764705882353,11.76470588235294
E00040673,164,41,12,29,123,106,17,25,7.317073170731707,17.682926829268293,75,64.63414634146342,10.365853658536585
E00040674,80,29,7,22,51,51,0,36.25,8.75,27.500000000000004,63.74999999999999,63.74999999999999,0
E00040675,103,35,9,26,68,65,3,33.980582524271846,8.737864077669903,25.24271844660194,66.01941747572816,63.10679611650486,2.912621359223301
E00040676,105,24,11,13,81,74,7,22.857142857142858,10.476190476190476,12.380952380952381,77.14285714285715,70.47619047619048,6.666666666666667
E00040677,136,32,12,20,104,97,7,23.52941176470588,8.823529411764707,14.705882352941178,76.47058823529412,71.32352941176471,5.147058823529411
E00040678,148,52,19,33,96,81,15,35.13513513513514,12.837837837837837,22.2972972972973,64.86486486486487,54.729729729729726,10.135135135135135
E00040679,106,50,14,36,56,49,7,47.16981132075472,13.20754716981132,33.9622641509434,52.83018867924528,46.22641509433962,6.60377358490566
E00040681,116,31,11,20,85,77,8,26.72413793103448,9.482758620689655,17.24137931034483,73.27586206896551,66.37931034482759,6.896551724137931
E00040683,106,37,13,24,69,59,10,34.90566037735849,12.264150943396226,22.641509433962266,65.09433962264151,55.660377358490564,9.433962264150944
E00040684,87,19,5,14,68,64,4,21.839080459770116,5.747126436781609,16.091954022988507,78.16091954022988,73.5632183908046,4.597701149425287
E00040685,183,36,17,19,147,131,16,19.672131147540984,9.289617486338798,10.382513661202186,80.32786885245902,71.58469945355192,8.743169398907105
E00040686,174,45,14,31,129,110,19,25.862068965517242,8.045977011494253,17.81609195402299,74.13793103448276,63.2183908045977,10.919540229885058
E00040687,96,42,11,31,54,46,8,43.75,11.458333333333332,32.29166666666667,56.25,47.91666666666667,8.333333333333332
E00040688,134,44,10,34,90,76,14,32.83582089552239,7.462686567164178,25.37313432835821,67.16417910447761,56.71641791044776,10.44776119402985
E00040689,110,30,10,20,80,69,11,27.27272727272727,9.090909090909092,18.181818181818183,72.72727272727273,62.727272727272734,10
E00040690,91,24,8,16,67,50,17,26.373626373626376,8.791208791208792,17.582417582417584,73.62637362637363,54.94505494505495,18.681318681318682
E00040691,115,43,13,30,72,66,6,37.391304347826086,11.304347826086957,26.08695652173913,62.60869565217392,57.391304347826086,5.217391304347826
E00040693,104,33,11,22,71,61,10,31.73076923076923,10.576923076923077,21.153846153846153,68.26923076923077,58.65384615384615,9.615384615384617
E00040695,211,48,7,41,163,149,14,22.748815165876778,3.3175355450236967,19.431279620853083,77.25118483412322,70.61611374407583,6.6350710900473935
E00040696,156,49,16,33,107,96,11,31.41025641025641,10.256410256410255,21.153846153846153,68.58974358974359,61.53846153846154,7.051282051282051
E00040697,169,51,8,43,118,99,19,30.17751479289941,4.733727810650888,25.443786982248522,69.8224852071006,58.57988165680473,11.242603550295858
E00040698,152,52,16,36,100,93,7,34.21052631578947,10.526315789473683,23.684210526315788,65.78947368421053,61.18421052631579,4.605263157894736
E00040699,126,42,15,27,84,74,10,33.33333333333333,11.904761904761903,21.428571428571427,66.66666666666666,58.730158730158735,7.936507936507936
E00040700,128,37,3,34,91,81,10,28.90625,2.34375,26.5625,71.09375,63.28125,7.8125
E00040701,112,43,13,30,69,63,6,38.392857142857146,11.607142857142858,26.785714285714285,61.60714285714286,56.25,5.357142857142857
E00040702,173,56,20,36,117,107,10,32.369942196531795,11.560693641618498,20.809248554913296,67.63005780346822,61.849710982658955,5.780346820809249
E00040703,173,50,12,38,123,115,8,28.901734104046245,6.9364161849710975,21.965317919075144,71.09826589595376,66.47398843930635,4.624277456647398
E00040704,67,20,3,17,47,42,5,29.850746268656714,4.477611940298507,25.37313432835821,70.1492537313433,62.68656716417911,7.462686567164178
E00040705,138,47,8,39,91,79,12,34.05797101449276,5.797101449275362,28.26086956521739,65.94202898550725,57.2463768115942,8.695652173913043
E00040706,123,42,16,26,81,74,7,34.146341463414636,13.008130081300814,21.138211382113823,65.85365853658537,60.16260162601627,5.691056910569105
E00040707,135,45,12,33,90,80,10,33.33333333333333,8.88888888888889,24.444444444444443,66.66666666666666,59.25925925925925,7.4074074074074066
E00040708,158,39,11,28,119,105,14,24.68354430379747,6.962025316455696,17.72151898734177,75.31645569620254,66.45569620253164,8.860759493670885
E00040709,155,47,12,35,108,93,15,30.32258064516129,7.741935483870968,22.58064516129032,69.6774193548387,60,9.67741935483871
E00040710,209,68,17,51,141,114,27,32.535885167464116,8.133971291866029,24.401913875598087,67.46411483253588,54.54545454545454,12.918660287081341
E00040711,146,47,12,35,99,88,11,32.19178082191781,8.21917808219178,23.972602739726025,67.8082191780822,60.273972602739725,7.534246575342466
E00040712,87,30,7,23,57,55,2,34.48275862068966,8.045977011494253,26.436781609195403,65.51724137931035,63.2183908045977,2.2988505747126435
E00040713,118,37,7,30,81,69,12,31.35593220338983,5.932203389830509,25.423728813559322,68.64406779661016,58.47457627118644,10.16949152542373
E00040714,101,30,8,22,71,61,10,29.7029702970297,7.920792079207921,21.782178217821784,70.29702970297029,60.396039603960396,9.900990099009901
E00040715,138,45,14,31,93,80,13,32.608695652173914,10.144927536231885,22.463768115942027,67.3913043478261,57.971014492753625,9.420289855072465
E00040716,162,46,11,35,116,103,13,28.39506172839506,6.790123456790123,21.604938271604937,71.60493827160494,63.580246913580254,8.024691358024691
E00040717,71,14,8,6,57,49,8,19.718309859154928,11.267605633802818,8.450704225352112,80.28169014084507,69.01408450704226,11.267605633802818
E00040718,82,28,9,19,54,44,10,34.146341463414636,10.975609756097562,23.170731707317074,65.85365853658537,53.65853658536586,12.195121951219512
E00040719,144,59,13,46,85,79,6,40.97222222222222,9.027777777777777,31.944444444444443,59.02777777777778,54.861111111111114,4.166666666666666
E00040720,170,47,7,40,123,115,8,27.647058823529413,4.117647058823529,23.52941176470588,72.35294117647058,67.64705882352942,4.705882352941177
E00040721,111,34,10,24,77,72,5,30.630630630630627,9.00900900900901,21.62162162162162,69.36936936936937,64.86486486486487,4.504504504504505
E00040722,122,49,16,33,73,64,9,40.16393442622951,13.114754098360656,27.049180327868854,59.83606557377049,52.459016393442624,7.377049180327869
E00040723,57,20,4,16,37,34,3,35.08771929824561,7.017543859649122,28.07017543859649,64.91228070175438,59.64912280701754,5.263157894736842
E00040724,97,30,13,17,67,57,10,30.927835051546392,13.402061855670103,17.525773195876287,69.0721649484536,58.76288659793815,10.309278350515463
E00040725,88,28,11,17,60,59,1,31.818181818181817,12.5,19.318181818181817,68.18181818181817,67.04545454545455,1.1363636363636365
E00040726,138,39,11,28,99,86,13,28.26086956521739,7.971014492753622,20.28985507246377,71.73913043478261,62.31884057971014,9.420289855072465
E00040727,87,27,8,19,60,57,3,31.03448275862069,9.195402298850574,21.839080459770116,68.96551724137932,65.51724137931035,3.4482758620689653
E00040728,159,42,13,29,117,104,13,26.41509433962264,8.176100628930817,18.238993710691823,73.58490566037736,65.40880503144653,8.176100628930817
E00040729,97,33,7,26,64,55,9,34.02061855670103,7.216494845360824,26.804123711340207,65.97938144329896,56.70103092783505,9.278350515463918
E00040730,147,35,11,24,112,100,12,23.809523809523807,7.482993197278912,16.3265306122449,76.19047619047619,68.02721088435374,8.16326530612245
E00040731,172,58,20,38,114,93,21,33.72093023255814,11.627906976744185,22.093023255813954,66.27906976744185,54.06976744186046,12.209302325581394
E00040732,173,49,14,35,124,109,15,28.32369942196532,8.092485549132949,20.23121387283237,71.67630057803468,63.005780346820806,8.670520231213873
E00040733,127,40,14,26,87,80,7,31.496062992125985,11.023622047244094,20.47244094488189,68.50393700787401,62.99212598425197,5.511811023622047
E00040734,82,26,6,20,56,51,5,31.70731707317073,7.317073170731707,24.390243902439025,68.29268292682927,62.19512195121951,6.097560975609756
E00040735,132,38,11,27,94,84,10,28.78787878787879,8.333333333333332,20.454545454545457,71.21212121212122,63.63636363636363,7.575757575757576
E00040736,77,19,5,14,58,50,8,24.675324675324674,6.493506493506493,18.181818181818183,75.32467532467533,64.93506493506493,10.38961038961039
E00040737,109,40,16,24,69,64,5,36.69724770642202,14.678899082568808,22.018348623853214,63.30275229357798,58.71559633027523,4.587155963302752
E00040738,131,49,16,33,82,75,7,37.404580152671755,12.213740458015266,25.190839694656486,62.59541984732825,57.25190839694656,5.343511450381679
E00040739,154,38,12,26,116,96,20,24.675324675324674,7.792207792207792,16.883116883116884,75.32467532467533,62.33766233766234,12.987012987012985
E00040740,193,59,19,40,134,124,10,30.569948186528496,9.844559585492227,20.72538860103627,69.43005181347151,64.24870466321244,5.181347150259067
E00040741,128,44,16,28,84,78,6,34.375,12.5,21.875,65.625,60.9375,4.6875
E00040742,141,54,9,45,87,79,8,38.297872340425535,6.382978723404255,31.914893617021278,61.702127659574465,56.02836879432624,5.673758865248227
E00040743,94,24,5,19,70,60,10,25.53191489361702,5.319148936170213,20.212765957446805,74.46808510638297,63.829787234042556,10.638297872340425
E00040744,84,31,9,22,53,49,4,36.904761904761905,10.714285714285714,26.190476190476193,63.095238095238095,58.333333333333336,4.761904761904762
E00040745,98,34,15,19,64,58,6,34.69387755102041,15.306122448979592,19.387755102040817,65.3061224489796,59.183673469387756,6.122448979591836
E00040746,209,71,28,43,138,120,18,33.97129186602871,13.397129186602871,20.574162679425836,66.02870813397129,57.41626794258373,8.61244019138756
E00040747,123,39,14,25,84,68,16,31.70731707317073,11.38211382113821,20.32520325203252,68.29268292682927,55.28455284552846,13.008130081300814
E00040748,241,68,28,40,173,133,40,28.21576763485477,11.618257261410788,16.59751037344398,71.78423236514523,55.18672199170125,16.59751037344398
E00040749,142,67,18,49,75,71,4,47.183098591549296,12.676056338028168,34.50704225352113,52.816901408450704,50,2.8169014084507045
E00040750,299,73,20,53,226,195,31,24.414715719063544,6.688963210702341,17.725752508361204,75.58528428093646,65.21739130434783,10.367892976588628
E00040751,128,50,17,33,78,69,9,39.0625,13.28125,25.78125,60.9375,53.90625,7.03125
E00040752,178,56,15,41,122,112,10,31.46067415730337,8.426966292134832,23.03370786516854,68.53932584269663,62.92134831460674,5.617977528089887
E00040753,164,62,25,37,102,90,12,37.80487804878049,15.24390243902439,22.5609756097561,62.19512195121951,54.87804878048781,7.317073170731707
E00040754,172,62,18,44,110,92,18,36.04651162790697,10.465116279069768,25.581395348837212,63.95348837209303,53.48837209302325,10.465116279069768
E00040755,176,59,19,40,117,100,17,33.52272727272727,10.795454545454545,22.727272727272727,66.47727272727273,56.81818181818182,9.659090909090908
E00040756,220,73,32,41,147,130,17,33.18181818181819,14.545454545454545,18.636363636363637,66.81818181818183,59.09090909090909,7.727272727272727
E00040757,155,61,24,37,94,85,9,39.35483870967742,15.483870967741936,23.870967741935484,60.64516129032258,54.83870967741935,5.806451612903226
E00040758,147,49,13,36,98,83,15,33.33333333333333,8.843537414965986,24.489795918367346,66.66666666666666,56.4625850340136,10.204081632653061
E00040759,174,70,23,47,104,91,13,40.229885057471265,13.218390804597702,27.011494252873565,59.77011494252874,52.29885057471264,7.471264367816093
E00040760,103,33,18,15,70,57,13,32.038834951456316,17.475728155339805,14.563106796116504,67.96116504854369,55.33980582524271,12.62135922330097
E00040761,161,64,16,48,97,93,4,39.75155279503105,9.937888198757763,29.81366459627329,60.24844720496895,57.7639751552795,2.484472049689441
E00040762,137,44,10,34,93,80,13,32.11678832116788,7.2992700729927,24.817518248175183,67.88321167883211,58.3941605839416,9.48905109489051
E00040763,148,43,16,27,105,80,25,29.054054054054053,10.81081081081081,18.243243243243242,70.94594594594594,54.054054054054056,16.89189189189189
E00040764,191,65,27,38,126,117,9,34.031413612565444,14.136125654450263,19.895287958115183,65.96858638743456,61.25654450261781,4.712041884816754
E00040765,173,34,9,25,139,129,10,19.653179190751445,5.202312138728324,14.450867052023122,80.34682080924856,74.56647398843931,5.780346820809249
E00040766,164,73,20,53,91,76,15,44.51219512195122,12.195121951219512,32.31707317073171,55.487804878048784,46.34146341463415,9.146341463414634
E00040767,207,63,20,43,144,131,13,30.434782608695656,9.66183574879227,20.77294685990338,69.56521739130434,63.28502415458937,6.280193236714976
E00040768,211,68,21,47,143,127,16,32.22748815165877,9.95260663507109,22.274881516587676,67.77251184834124,60.18957345971564,7.5829383886255926
E00040769,157,67,22,45,90,77,13,42.675159235668794,14.012738853503185,28.662420382165603,57.324840764331206,49.044585987261144,8.280254777070063
E00040770,140,39,8,31,101,96,5,27.857142857142858,5.714285714285714,22.142857142857142,72.14285714285714,68.57142857142857,3.571428571428571
E00040771,52,22,7,15,30,27,3,42.30769230769231,13.461538461538462,28.846153846153843,57.692307692307686,51.92307692307693,5.769230769230769
E00040772,135,43,18,25,92,80,12,31.851851851851855,13.333333333333334,18.51851851851852,68.14814814814815,59.25925925925925,8.88888888888889
E00040773,149,48,18,30,101,93,8,32.21476510067114,12.080536912751679,20.13422818791946,67.78523489932886,62.41610738255034,5.369127516778524
E00040774,136,41,15,26,95,82,13,30.14705882352941,11.029411764705882,19.11764705882353,69.85294117647058,60.29411764705882,9.558823529411764
E00040775,219,48,17,31,171,152,19,21.91780821917808,7.76255707762557,14.15525114155251,78.08219178082192,69.40639269406392,8.67579908675799
E00040776,199,73,34,39,126,113,13,36.68341708542713,17.08542713567839,19.597989949748744,63.31658291457286,56.78391959798995,6.532663316582915
E00040777,145,48,22,26,97,83,14,33.10344827586207,15.172413793103448,17.93103448275862,66.89655172413794,57.24137931034483,9.655172413793103
E00040778,150,54,22,32,96,85,11,36,14.666666666666666,21.333333333333336,64,56.666666666666664,7.333333333333333
E00040779,154,43,12,31,111,93,18,27.92207792207792,7.792207792207792,20.12987012987013,72.07792207792207,60.3896103896104,11.688311688311687
E00040780,149,45,11,34,104,97,7,30.201342281879196,7.38255033557047,22.818791946308725,69.79865771812081,65.1006711409396,4.697986577181208
E00040781,98,34,7,27,64,45,19,34.69387755102041,7.142857142857142,27.55102040816326,65.3061224489796,45.91836734693878,19.387755102040817
E00040782,183,33,12,21,150,136,14,18.0327868852459,6.557377049180328,11.475409836065573,81.9672131147541,74.31693989071039,7.650273224043716
E00040783,126,36,15,21,90,79,11,28.57142857142857,11.904761904761903,16.666666666666664,71.42857142857143,62.698412698412696,8.73015873015873
E00040784,167,44,14,30,123,109,14,26.34730538922156,8.383233532934131,17.964071856287426,73.65269461077844,65.26946107784431,8.383233532934131
E00040785,159,44,13,31,115,96,19,27.67295597484277,8.176100628930817,19.49685534591195,72.32704402515722,60.37735849056604,11.949685534591195
E00040786,186,47,19,28,139,116,23,25.268817204301076,10.21505376344086,15.053763440860216,74.73118279569893,62.365591397849464,12.365591397849462
E00040787,163,44,29,15,119,102,17,26.993865030674847,17.791411042944784,9.202453987730062,73.00613496932516,62.57668711656442,10.429447852760736
E00040788,249,55,23,32,194,159,35,22.08835341365462,9.236947791164658,12.851405622489958,77.91164658634538,63.85542168674698,14.056224899598394
E00040789,143,49,23,26,94,78,16,34.26573426573427,16.083916083916083,18.181818181818183,65.73426573426573,54.54545454545454,11.188811188811188
E00040790,210,66,27,39,144,108,36,31.428571428571427,12.857142857142856,18.571428571428573,68.57142857142857,51.42857142857142,17.142857142857142
E00040791,213,72,19,53,141,132,9,33.80281690140845,8.92018779342723,24.88262910798122,66.19718309859155,61.97183098591549,4.225352112676056
E00040792,122,38,8,30,84,72,12,31.147540983606557,6.557377049180328,24.59016393442623,68.85245901639344,59.01639344262295,9.836065573770492
E00040793,188,56,12,44,132,124,8,29.78723404255319,6.382978723404255,23.404255319148938,70.2127659574468,65.95744680851064,4.25531914893617
E00040794,170,39,20,19,131,115,16,22.941176470588236,11.76470588235294,11.176470588235295,77.05882352941177,67.64705882352942,9.411764705882353
E00040795,150,66,22,44,84,79,5,44,14.666666666666666,29.333333333333332,56.00000000000001,52.666666666666664,3.3333333333333335
E00040796,101,31,5,26,70,62,8,30.693069306930692,4.9504950495049505,25.742574257425744,69.3069306930693,61.386138613861384,7.920792079207921
E00040797,160,52,23,29,108,95,13,32.5,14.374999999999998,18.125,67.5,59.375,8.125
E00040798,289,75,37,38,214,185,29,25.951557093425603,12.802768166089965,13.148788927335639,74.0484429065744,64.01384083044984,10.034602076124568
E00040799,151,44,13,31,107,91,16,29.13907284768212,8.609271523178808,20.52980132450331,70.86092715231787,60.264900662251655,10.596026490066226
E00040800,123,36,10,26,87,80,7,29.268292682926827,8.130081300813007,21.138211382113823,70.73170731707317,65.04065040650406,5.691056910569105
E00040801,88,38,7,31,50,45,5,43.18181818181818,7.954545454545454,35.22727272727273,56.81818181818182,51.13636363636363,5.681818181818182
E00040802,94,33,5,28,61,55,6,35.1063829787234,5.319148936170213,29.78723404255319,64.8936170212766,58.51063829787234,6.382978723404255
E00040803,85,33,5,28,52,51,1,38.82352941176471,5.88235294117647,32.94117647058823,61.1764705882353,60,1.1764705882352942
E00040804,173,61,13,48,112,102,10,35.26011560693642,7.514450867052023,27.74566473988439,64.73988439306359,58.95953757225434,5.780346820809249
E00040805,134,39,8,31,95,79,16,29.1044776119403,5.970149253731343,23.134328358208954,70.8955223880597,58.95522388059702,11.940298507462686
E00040806,63,23,5,18,40,35,5,36.507936507936506,7.936507936507936,28.57142857142857,63.49206349206349,55.55555555555556,7.936507936507936
E00040807,110,25,2,23,85,80,5,22.727272727272727,1.8181818181818181,20.909090909090907,77.27272727272727,72.72727272727273,4.545454545454546
E00040808,129,49,15,34,80,70,10,37.98449612403101,11.627906976744185,26.356589147286826,62.01550387596899,54.263565891472865,7.751937984496124
E00040809,144,52,11,41,92,86,6,36.11111111111111,7.638888888888889,28.47222222222222,63.888888888888886,59.72222222222222,4.166666666666666
E00040810,112,45,12,33,67,61,6,40.17857142857143,10.714285714285714,29.464285714285715,59.82142857142857,54.46428571428571,5.357142857142857
E00040811,101,50,15,35,51,46,5,49.504950495049506,14.85148514851485,34.65346534653465,50.495049504950494,45.54455445544555,4.9504950495049505
E00040812,133,51,6,45,82,75,7,38.34586466165413,4.511278195488721,33.83458646616541,61.65413533834586,56.390977443609025,5.263157894736842
E00040813,116,40,11,29,76,71,5,34.48275862068966,9.482758620689655,25,65.51724137931035,61.206896551724135,4.310344827586207
E00040814,121,45,8,37,76,71,5,37.1900826446281,6.6115702479338845,30.57851239669421,62.8099173553719,58.67768595041323,4.132231404958678
E00040815,335,96,25,71,239,221,18,28.65671641791045,7.462686567164178,21.19402985074627,71.34328358208955,65.97014925373135,5.3731343283582085
E00040816,115,28,7,21,87,80,7,24.347826086956523,6.086956521739131,18.26086956521739,75.65217391304347,69.56521739130434,6.086956521739131
E00040817,105,44,12,32,61,57,4,41.904761904761905,11.428571428571429,30.476190476190478,58.0952380952381,54.285714285714285,3.8095238095238098
E00040818,87,33,11,22,54,52,2,37.93103448275862,12.643678160919542,25.287356321839084,62.06896551724138,59.77011494252874,2.2988505747126435
E00040819,150,51,7,44,99,87,12,34,4.666666666666667,29.333333333333332,66,57.99999999999999,8
E00040820,130,56,21,35,74,63,11,43.07692307692308,16.153846153846153,26.923076923076923,56.92307692307692,48.46153846153846,8.461538461538462
E00040821,100,40,8,32,60,55,5,40,8,32,60,55.00000000000001,5
E00040822,166,45,9,36,121,101,20,27.10843373493976,5.421686746987952,21.686746987951807,72.89156626506023,60.8433734939759,12.048192771084338
E00040823,77,29,8,21,48,43,5,37.66233766233766,10.38961038961039,27.27272727272727,62.33766233766234,55.84415584415584,6.493506493506493
E00040824,150,51,13,38,99,84,15,34,8.666666666666668,25.333333333333336,66,56.00000000000001,10
E00040825,138,49,9,40,89,81,8,35.507246376811594,6.521739130434782,28.985507246376812,64.4927536231884,58.69565217391305,5.797101449275362
E00040826,141,52,13,39,89,74,15,36.87943262411347,9.219858156028367,27.659574468085108,63.12056737588653,52.4822695035461,10.638297872340425
E00040827,109,36,6,30,73,66,7,33.02752293577982,5.5045871559633035,27.522935779816514,66.97247706422019,60.550458715596335,6.422018348623854
E00040828,135,47,13,34,88,79,9,34.81481481481482,9.62962962962963,25.185185185185183,65.18518518518519,58.51851851851851,6.666666666666667
E00040829,124,39,10,29,85,73,12,31.451612903225808,8.064516129032258,23.387096774193548,68.54838709677419,58.87096774193549,9.67741935483871
E00040830,137,46,9,37,91,79,12,33.57664233576642,6.569343065693431,27.00729927007299,66.42335766423358,57.66423357664233,8.75912408759124
E00040831,166,56,20,36,110,101,9,33.734939759036145,12.048192771084338,21.686746987951807,66.26506024096386,60.8433734939759,5.421686746987952
E00040832,147,59,23,36,88,74,14,40.136054421768705,15.646258503401361,24.489795918367346,59.863945578231295,50.34013605442177,9.523809523809524
E00040833,143,45,13,32,98,88,10,31.46853146853147,9.090909090909092,22.377622377622377,68.53146853146853,61.53846153846154,6.993006993006993
E00040834,85,29,6,23,56,53,3,34.11764705882353,7.0588235294117645,27.058823529411764,65.88235294117646,62.35294117647059,3.5294117647058822
E00040835,113,38,10,28,75,65,10,33.6283185840708,8.849557522123893,24.778761061946902,66.3716814159292,57.52212389380531,8.849557522123893
E00040836,142,40,11,29,102,97,5,28.169014084507044,7.746478873239436,20.422535211267608,71.83098591549296,68.30985915492957,3.5211267605633805
E00040837,102,37,8,29,65,56,9,36.27450980392157,7.8431372549019605,28.431372549019606,63.725490196078425,54.90196078431373,8.823529411764707
E00040838,145,50,7,43,95,80,15,34.48275862068966,4.827586206896552,29.655172413793103,65.51724137931035,55.172413793103445,10.344827586206897
E00040839,129,47,11,36,82,72,10,36.434108527131784,8.527131782945736,27.906976744186046,63.565891472868216,55.81395348837209,7.751937984496124
E00040840,120,41,12,29,79,73,6,34.166666666666664,10,24.166666666666668,65.83333333333333,60.83333333333333,5
E00040841,132,58,19,39,74,67,7,43.93939393939394,14.393939393939394,29.545454545454547,56.060606060606055,50.75757575757576,5.303030303030303
E00040842,111,33,4,29,78,76,2,29.72972972972973,3.6036036036036037,26.126126126126124,70.27027027027027,68.46846846846847,1.8018018018018018
E00040843,117,36,7,29,81,76,5,30.76923076923077,5.982905982905983,24.786324786324787,69.23076923076923,64.95726495726495,4.273504273504273
E00040844,123,45,12,33,78,73,5,36.58536585365854,9.75609756097561,26.82926829268293,63.41463414634146,59.34959349593496,4.0650406504065035
E00040845,111,32,6,26,79,71,8,28.82882882882883,5.405405405405405,23.423423423423422,71.17117117117117,63.96396396396396,7.207207207207207
E00040846,121,36,5,31,85,80,5,29.75206611570248,4.132231404958678,25.6198347107438,70.24793388429752,66.11570247933885,4.132231404958678
E00040847,119,40,7,33,79,68,11,33.61344537815126,5.88235294117647,27.73109243697479,66.38655462184873,57.14285714285714,9.243697478991598
E00040848,169,61,18,43,108,98,10,36.09467455621302,10.650887573964498,25.443786982248522,63.905325443786985,57.98816568047337,5.9171597633136095
E00040849,133,55,12,43,78,71,7,41.35338345864661,9.022556390977442,32.33082706766917,58.64661654135338,53.383458646616546,5.263157894736842
E00040850,109,49,16,33,60,53,7,44.95412844036697,14.678899082568808,30.275229357798167,55.04587155963303,48.62385321100918,6.422018348623854
E00040851,43,16,1,15,27,23,4,37.2093023255814,2.3255813953488373,34.883720930232556,62.7906976744186,53.48837209302325,9.30232558139535
E00040852,116,49,17,32,67,63,4,42.241379310344826,14.655172413793101,27.586206896551722,57.758620689655174,54.310344827586206,3.4482758620689653
E00040853,121,38,9,29,83,73,10,31.40495867768595,7.43801652892562,23.96694214876033,68.59504132231406,60.33057851239669,8.264462809917356
E00040854,58,28,9,19,30,30,0,48.275862068965516,15.517241379310345,32.758620689655174,51.724137931034484,51.724137931034484,0
E00040855,203,65,15,50,138,125,13,32.01970443349754,7.389162561576355,24.63054187192118,67.98029556650246,61.57635467980296,6.403940886699508
E00040856,116,49,20,29,67,58,9,42.241379310344826,17.24137931034483,25,57.758620689655174,50,7.758620689655173
E00040857,172,56,28,28,116,102,14,32.55813953488372,16.27906976744186,16.27906976744186,67.44186046511628,59.30232558139535,8.13953488372093
E00040858,154,45,9,36,109,97,12,29.22077922077922,5.844155844155844,23.376623376623375,70.77922077922078,62.98701298701299,7.792207792207792
E00040859,145,52,22,30,93,86,7,35.86206896551724,15.172413793103448,20.689655172413794,64.13793103448275,59.310344827586206,4.827586206896552
E00040860,116,47,30,17,69,62,7,40.51724137931034,25.862068965517242,14.655172413793101,59.48275862068966,53.44827586206896,6.0344827586206895
E00040861,160,66,27,39,94,86,8,41.25,16.875,24.375,58.75,53.75,5
E00040862,106,41,27,14,65,59,6,38.67924528301887,25.471698113207548,13.20754716981132,61.32075471698113,55.660377358490564,5.660377358490567
E00040863,106,34,17,17,72,70,2,32.075471698113205,16.037735849056602,16.037735849056602,67.9245283018868,66.0377358490566,1.8867924528301887
E00040864,99,64,40,24,35,28,7,64.64646464646465,40.4040404040404,24.242424242424242,35.35353535353536,28.28282828282828,7.07070707070707
E00040865,127,76,52,24,51,46,5,59.84251968503938,40.94488188976378,18.89763779527559,40.15748031496063,36.22047244094488,3.937007874015748
E00040866,120,45,21,24,75,67,8,37.5,17.5,20,62.5,55.833333333333336,6.666666666666667
E00040867,159,44,26,18,115,105,10,27.67295597484277,16.352201257861633,11.320754716981133,72.32704402515722,66.0377358490566,6.289308176100629
E00040875,172,56,28,28,116,104,12,32.55813953488372,16.27906976744186,16.27906976744186,67.44186046511628,60.46511627906976,6.976744186046512
E00040877,211,55,15,40,156,140,16,26.066350710900476,7.109004739336493,18.95734597156398,73.93364928909952,66.35071090047393,7.5829383886255926
E00040878,93,34,12,22,59,54,5,36.55913978494624,12.903225806451612,23.655913978494624,63.44086021505376,58.06451612903226,5.376344086021505
E00040879,154,47,18,29,107,96,11,30.519480519480517,11.688311688311687,18.83116883116883,69.48051948051948,62.33766233766234,7.142857142857142
E00040880,108,46,16,30,62,58,4,42.592592592592595,14.814814814814813,27.77777777777778,57.407407407407405,53.70370370370371,3.7037037037037033
E00040882,65,35,8,27,30,26,4,53.84615384615385,12.307692307692308,41.53846153846154,46.15384615384615,40,6.153846153846154
E00040883,82,48,13,35,34,30,4,58.536585365853654,15.853658536585366,42.68292682926829,41.46341463414634,36.58536585365854,4.878048780487805
E00040884,145,43,12,31,102,94,8,29.655172413793103,8.275862068965518,21.379310344827587,70.34482758620689,64.82758620689654,5.517241379310345
E00040885,104,32,10,22,72,64,8,30.76923076923077,9.615384615384617,21.153846153846153,69.23076923076923,61.53846153846154,7.6923076923076925
E00040886,72,24,9,15,48,42,6,33.33333333333333,12.5,20.833333333333336,66.66666666666666,58.333333333333336,8.333333333333332
E00040887,47,21,9,12,26,23,3,44.680851063829785,19.148936170212767,25.53191489361702,55.319148936170215,48.93617021276596,6.382978723404255
E00040888,70,29,8,21,41,41,0,41.42857142857143,11.428571428571429,30,58.57142857142858,58.57142857142858,0
E00040889,53,26,8,18,27,23,4,49.056603773584904,15.09433962264151,33.9622641509434,50.943396226415096,43.39622641509434,7.547169811320755
E00040890,113,35,13,22,78,68,10,30.973451327433626,11.504424778761061,19.469026548672566,69.02654867256636,60.17699115044248,8.849557522123893
E00040891,151,38,14,24,113,92,21,25.165562913907287,9.271523178807946,15.894039735099339,74.83443708609272,60.9271523178808,13.90728476821192
E00040892,133,39,14,25,94,85,9,29.32330827067669,10.526315789473683,18.796992481203006,70.67669172932331,63.90977443609023,6.7669172932330826
E00040893,117,69,45,24,48,45,3,58.97435897435898,38.46153846153847,20.51282051282051,41.02564102564102,38.46153846153847,2.564102564102564
E00040894,152,76,50,26,76,69,7,50,32.89473684210527,17.105263157894736,50,45.39473684210527,4.605263157894736
E00040895,138,71,55,16,67,58,9,51.449275362318836,39.85507246376812,11.594202898550725,48.55072463768116,42.028985507246375,6.521739130434782
E00040896,175,47,19,28,128,116,12,26.857142857142858,10.857142857142858,16,73.14285714285714,66.28571428571428,6.857142857142858
E00040897,56,19,2,17,37,35,2,33.92857142857143,3.571428571428571,30.357142857142854,66.07142857142857,62.5,3.571428571428571
E00040898,147,45,23,22,102,91,11,30.612244897959183,15.646258503401361,14.965986394557824,69.38775510204081,61.904761904761905,7.482993197278912
E00040899,170,51,22,29,119,109,10,30,12.941176470588237,17.058823529411764,70,64.11764705882354,5.88235294117647
E00040900,90,40,10,30,50,46,4,44.44444444444444,11.11111111111111,33.33333333333333,55.55555555555556,51.11111111111111,4.444444444444445
E00040901,104,69,53,16,35,33,2,66.34615384615384,50.96153846153846,15.384615384615385,33.65384615384615,31.73076923076923,1.9230769230769231
E00040902,117,44,25,19,73,63,10,37.60683760683761,21.367521367521366,16.23931623931624,62.39316239316239,53.84615384615385,8.547008547008547
E00040903,141,96,59,37,45,34,11,68.08510638297872,41.843971631205676,26.24113475177305,31.914893617021278,24.113475177304963,7.801418439716312
E00040904,95,40,17,23,55,51,4,42.10526315789473,17.894736842105264,24.210526315789473,57.89473684210527,53.68421052631579,4.2105263157894735
E00040905,144,51,31,20,93,90,3,35.41666666666667,21.52777777777778,13.88888888888889,64.58333333333334,62.5,2.083333333333333
E00040908,100,50,16,34,50,47,3,50,16,34,50,47,3
E00040909,60,24,5,19,36,31,5,40,8.333333333333332,31.666666666666664,60,51.66666666666667,8.333333333333332
E00040911,115,32,5,27,83,79,4,27.82608695652174,4.3478260869565215,23.47826086956522,72.17391304347827,68.69565217391305,3.4782608695652173
E00040912,115,42,21,21,73,60,13,36.52173913043478,18.26086956521739,18.26086956521739,63.47826086956522,52.17391304347826,11.304347826086957
E00040913,159,49,9,40,110,96,14,30.81761006289308,5.660377358490567,25.157232704402517,69.18238993710692,60.37735849056604,8.80503144654088
E00040914,118,41,12,29,77,68,9,34.74576271186441,10.16949152542373,24.576271186440678,65.2542372881356,57.6271186440678,7.627118644067797
E00040915,158,58,18,40,100,91,9,36.708860759493675,11.39240506329114,25.31645569620253,63.29113924050633,57.59493670886076,5.69620253164557
E00040916,149,49,9,40,100,87,13,32.88590604026846,6.0402684563758395,26.845637583892618,67.11409395973155,58.38926174496645,8.724832214765101
E00040917,116,40,11,29,76,70,6,34.48275862068966,9.482758620689655,25,65.51724137931035,60.3448275862069,5.172413793103448
E00040918,110,42,12,30,68,60,8,38.18181818181819,10.909090909090908,27.27272727272727,61.81818181818181,54.54545454545454,7.2727272727272725
E00040919,75,25,4,21,50,45,5,33.33333333333333,5.333333333333334,28.000000000000004,66.66666666666666,60,6.666666666666667
E00040920,133,55,15,40,78,71,7,41.35338345864661,11.278195488721805,30.075187969924812,58.64661654135338,53.383458646616546,5.263157894736842
E00040921,159,61,17,44,98,84,14,38.36477987421384,10.69182389937107,27.67295597484277,61.63522012578616,52.83018867924528,8.80503144654088
E00040922,146,52,11,41,94,80,14,35.61643835616438,7.534246575342466,28.08219178082192,64.38356164383562,54.794520547945204,9.58904109589041
E00040923,109,52,11,41,57,54,3,47.706422018348626,10.091743119266056,37.61467889908257,52.293577981651374,49.54128440366973,2.7522935779816518
E00040924,123,52,17,35,71,63,8,42.27642276422765,13.821138211382115,28.455284552845526,57.72357723577236,51.21951219512195,6.504065040650407
E00040925,102,31,7,24,71,64,7,30.392156862745097,6.862745098039216,23.52941176470588,69.6078431372549,62.745098039215684,6.862745098039216
E00040926,136,45,14,31,91,84,7,33.088235294117645,10.294117647058822,22.794117647058822,66.91176470588235,61.76470588235294,5.147058823529411
E00040927,174,60,13,47,114,104,10,34.48275862068966,7.471264367816093,27.011494252873565,65.51724137931035,59.77011494252874,5.747126436781609
E00040928,85,24,4,20,61,55,6,28.235294117647058,4.705882352941177,23.52941176470588,71.76470588235294,64.70588235294117,7.0588235294117645
E00040929,61,23,4,19,38,34,4,37.704918032786885,6.557377049180328,31.147540983606557,62.295081967213115,55.73770491803278,6.557377049180328
E00040930,88,34,12,22,54,47,7,38.63636363636363,13.636363636363635,25,61.36363636363637,53.40909090909091,7.954545454545454
E00040931,58,27,9,18,31,26,5,46.55172413793103,15.517241379310345,31.03448275862069,53.44827586206896,44.827586206896555,8.620689655172415
E00040932,66,27,7,20,39,39,0,40.909090909090914,10.606060606060606,30.303030303030305,59.09090909090909,59.09090909090909,0
E00040933,86,34,10,24,52,48,4,39.53488372093023,11.627906976744185,27.906976744186046,60.46511627906976,55.81395348837209,4.651162790697675
E00040934,82,31,5,26,51,47,4,37.80487804878049,6.097560975609756,31.70731707317073,62.19512195121951,57.3170731707317,4.878048780487805
E00040935,98,32,7,25,66,61,5,32.6530612244898,7.142857142857142,25.510204081632654,67.3469387755102,62.244897959183675,5.1020408163265305
E00040936,64,19,11,8,45,43,2,29.6875,17.1875,12.5,70.3125,67.1875,3.125
E00040938,88,33,11,22,55,51,4,37.5,12.5,25,62.5,57.95454545454546,4.545454545454546
E00040939,58,18,5,13,40,36,4,31.03448275862069,8.620689655172415,22.413793103448278,68.96551724137932,62.06896551724138,6.896551724137931
E00040940,77,29,9,20,48,48,0,37.66233766233766,11.688311688311687,25.97402597402597,62.33766233766234,62.33766233766234,0
E00040941,115,34,14,20,81,72,9,29.565217391304348,12.173913043478262,17.391304347826086,70.43478260869566,62.60869565217392,7.82608695652174
E00040942,76,22,11,11,54,49,5,28.947368421052634,14.473684210526317,14.473684210526317,71.05263157894737,64.47368421052632,6.578947368421052
E00040944,67,29,8,21,38,34,4,43.28358208955223,11.940298507462686,31.343283582089555,56.71641791044776,50.74626865671642,5.970149253731343
E00040945,115,25,5,20,90,80,10,21.73913043478261,4.3478260869565215,17.391304347826086,78.26086956521739,69.56521739130434,8.695652173913043
E00040946,78,20,5,15,58,52,6,25.64102564102564,6.41025641025641,19.230769230769234,74.35897435897436,66.66666666666666,7.6923076923076925
E00040947,94,40,10,30,54,39,15,42.5531914893617,10.638297872340425,31.914893617021278,57.446808510638306,41.48936170212766,15.957446808510639
E00040948,85,29,5,24,56,45,11,34.11764705882353,5.88235294117647,28.235294117647058,65.88235294117646,52.94117647058824,12.941176470588237
E00040949,140,55,12,43,85,76,9,39.285714285714285,8.571428571428571,30.714285714285715,60.71428571428571,54.285714285714285,6.428571428571428
E00040950,114,30,8,22,84,73,11,26.31578947368421,7.017543859649122,19.298245614035086,73.68421052631578,64.03508771929825,9.649122807017543
E00040951,135,47,14,33,88,78,10,34.81481481481482,10.37037037037037,24.444444444444443,65.18518518518519,57.77777777777777,7.4074074074074066
E00040952,212,76,30,46,136,111,25,35.84905660377358,14.150943396226415,21.69811320754717,64.15094339622641,52.358490566037744,11.79245283018868
E00040953,61,15,6,9,46,37,9,24.59016393442623,9.836065573770492,14.754098360655737,75.40983606557377,60.65573770491803,14.754098360655737
E00040954,105,34,7,27,71,61,10,32.38095238095238,6.666666666666667,25.71428571428571,67.61904761904762,58.0952380952381,9.523809523809524
E00040955,87,29,6,23,58,49,9,33.33333333333333,6.896551724137931,26.436781609195403,66.66666666666666,56.32183908045977,10.344827586206897
E00040956,70,26,11,15,44,37,7,37.142857142857146,15.714285714285714,21.428571428571427,62.857142857142854,52.85714285714286,10
E00040957,135,45,11,34,90,84,6,33.33333333333333,8.148148148148149,25.185185185185183,66.66666666666666,62.22222222222222,4.444444444444445
E00040958,109,40,15,25,69,60,9,36.69724770642202,13.761467889908257,22.93577981651376,63.30275229357798,55.04587155963303,8.256880733944955
E00040959,82,25,8,17,57,47,10,30.48780487804878,9.75609756097561,20.73170731707317,69.51219512195121,57.3170731707317,12.195121951219512
E00040960,104,32,12,20,72,62,10,30.76923076923077,11.538461538461538,19.230769230769234,69.23076923076923,59.61538461538461,9.615384615384617
E00040961,113,33,10,23,80,62,18,29.20353982300885,8.849557522123893,20.353982300884958,70.79646017699115,54.86725663716814,15.929203539823009
E00040962,96,23,6,17,73,65,8,23.958333333333336,6.25,17.708333333333336,76.04166666666666,67.70833333333334,8.333333333333332
E00040963,106,31,10,21,75,67,8,29.245283018867923,9.433962264150944,19.81132075471698,70.75471698113208,63.20754716981132,7.547169811320755
E00040964,81,27,6,21,54,49,5,33.33333333333333,7.4074074074074066,25.925925925925924,66.66666666666666,60.49382716049383,6.172839506172839
E00040965,120,54,17,37,66,60,6,45,14.166666666666666,30.833333333333336,55.00000000000001,50,5
E00040966,95,30,10,20,65,57,8,31.57894736842105,10.526315789473683,21.052631578947366,68.42105263157895,60,8.421052631578947
E00040967,103,42,10,32,61,55,6,40.77669902912621,9.70873786407767,31.06796116504854,59.22330097087378,53.398058252427184,5.825242718446602
E00040968,167,39,14,25,128,117,11,23.353293413173652,8.383233532934131,14.97005988023952,76.64670658682635,70.05988023952095,6.58682634730539
E00040969,142,53,8,45,89,79,10,37.32394366197183,5.633802816901409,31.690140845070424,62.676056338028175,55.633802816901415,7.042253521126761
E00040970,106,33,4,29,73,63,10,31.132075471698112,3.7735849056603774,27.358490566037734,68.86792452830188,59.43396226415094,9.433962264150944
E00040971,176,57,21,36,119,109,10,32.38636363636363,11.931818181818182,20.454545454545457,67.61363636363636,61.93181818181818,5.681818181818182
E00040972,35,11,3,8,24,22,2,31.428571428571427,8.571428571428571,22.857142857142858,68.57142857142857,62.857142857142854,5.714285714285714
E00040973,186,53,13,40,133,125,8,28.49462365591398,6.989247311827956,21.50537634408602,71.50537634408603,67.20430107526882,4.301075268817205
E00040974,180,55,12,43,125,117,8,30.555555555555557,6.666666666666667,23.88888888888889,69.44444444444444,65,4.444444444444445
E00040975,139,41,12,29,98,93,5,29.496402877697843,8.633093525179856,20.863309352517987,70.50359712230215,66.90647482014388,3.5971223021582732
E00040976,88,35,5,30,53,47,6,39.77272727272727,5.681818181818182,34.090909090909086,60.22727272727273,53.40909090909091,6.8181818181818175
E00040977,140,35,11,24,105,93,12,25,7.857142857142857,17.142857142857142,75,66.42857142857143,8.571428571428571
E00040978,156,52,11,41,104,96,8,33.33333333333333,7.051282051282051,26.282051282051285,66.66666666666666,61.53846153846154,5.128205128205128
E00040979,127,45,5,40,82,72,10,35.43307086614173,3.937007874015748,31.496062992125985,64.56692913385827,56.69291338582677,7.874015748031496
E00040980,105,36,6,30,69,61,8,34.285714285714285,5.714285714285714,28.57142857142857,65.71428571428571,58.0952380952381,7.6190476190476195
E00040981,126,41,8,33,85,79,6,32.53968253968254,6.349206349206349,26.190476190476193,67.46031746031747,62.698412698412696,4.761904761904762
E00040982,90,35,8,27,55,52,3,38.88888888888889,8.88888888888889,30,61.111111111111114,57.77777777777777,3.3333333333333335
E00040983,96,32,15,17,64,59,5,33.33333333333333,15.625,17.708333333333336,66.66666666666666,61.458333333333336,5.208333333333334
E00040984,48,16,1,15,32,27,5,33.33333333333333,2.083333333333333,31.25,66.66666666666666,56.25,10.416666666666668
E00040985,129,47,14,33,82,72,10,36.434108527131784,10.852713178294573,25.581395348837212,63.565891472868216,55.81395348837209,7.751937984496124
E00040986,140,41,13,28,99,89,10,29.28571428571429,9.285714285714286,20,70.71428571428572,63.57142857142857,7.142857142857142
E00040987,114,31,10,21,83,71,12,27.192982456140353,8.771929824561402,18.421052631578945,72.80701754385966,62.28070175438597,10.526315789473683
E00040988,142,58,20,38,84,71,13,40.845070422535215,14.084507042253522,26.76056338028169,59.154929577464785,50,9.15492957746479
E00040989,129,38,4,34,91,79,12,29.457364341085274,3.10077519379845,26.356589147286826,70.54263565891473,61.240310077519375,9.30232558139535
E00040990,102,29,7,22,73,65,8,28.431372549019606,6.862745098039216,21.568627450980394,71.56862745098039,63.725490196078425,7.8431372549019605
E00040991,102,31,7,24,71,65,6,30.392156862745097,6.862745098039216,23.52941176470588,69.6078431372549,63.725490196078425,5.88235294117647
E00040992,92,30,12,18,62,59,3,32.608695652173914,13.043478260869565,19.565217391304348,67.3913043478261,64.13043478260869,3.260869565217391
E00040993,149,42,11,31,107,98,9,28.187919463087248,7.38255033557047,20.80536912751678,71.81208053691275,65.77181208053692,6.0402684563758395
E00040994,105,51,12,39,54,50,4,48.57142857142857,11.428571428571429,37.142857142857146,51.42857142857142,47.61904761904761,3.8095238095238098
E00040995,123,36,8,28,87,83,4,29.268292682926827,6.504065040650407,22.76422764227642,70.73170731707317,67.47967479674797,3.2520325203252036
E00040996,162,53,17,36,109,98,11,32.71604938271605,10.493827160493826,22.22222222222222,67.28395061728395,60.49382716049383,6.790123456790123
E00040997,150,41,20,21,109,99,10,27.333333333333332,13.333333333333334,14.000000000000002,72.66666666666667,66,6.666666666666667
E00040998,145,52,9,43,93,79,14,35.86206896551724,6.206896551724138,29.655172413793103,64.13793103448275,54.48275862068965,9.655172413793103
E00040999,98,41,17,24,57,52,5,41.83673469387755,17.346938775510203,24.489795918367346,58.16326530612245,53.06122448979592,5.1020408163265305
E00041000,100,52,14,38,48,47,1,52,14.000000000000002,38,48,47,1
E00041001,112,42,11,31,70,67,3,37.5,9.821428571428571,27.67857142857143,62.5,59.82142857142857,2.6785714285714284
E00041002,118,43,7,36,75,71,4,36.440677966101696,5.932203389830509,30.508474576271187,63.559322033898304,60.16949152542372,3.389830508474576
E00041003,128,40,9,31,88,80,8,31.25,7.03125,24.21875,68.75,62.5,6.25
E00041004,69,19,5,14,50,45,5,27.536231884057973,7.246376811594203,20.28985507246377,72.46376811594203,65.21739130434783,7.246376811594203
E00041005,138,47,12,35,91,81,10,34.05797101449276,8.695652173913043,25.36231884057971,65.94202898550725,58.69565217391305,7.246376811594203
E00041006,58,20,10,10,38,35,3,34.48275862068966,17.24137931034483,17.24137931034483,65.51724137931035,60.3448275862069,5.172413793103448
E00041007,152,47,10,37,105,95,10,30.92105263157895,6.578947368421052,24.342105263157894,69.07894736842105,62.5,6.578947368421052
E00041008,80,33,9,24,47,40,7,41.25,11.25,30,58.75,50,8.75
E00041009,180,48,15,33,132,117,15,26.666666666666668,8.333333333333332,18.333333333333332,73.33333333333333,65,8.333333333333332
E00041010,157,41,10,31,116,110,6,26.11464968152866,6.369426751592357,19.745222929936308,73.88535031847134,70.06369426751591,3.821656050955414
E00041011,111,34,9,25,77,64,13,30.630630630630627,8.108108108108109,22.52252252252252,69.36936936936937,57.65765765765766,11.711711711711711
E00041012,94,28,8,20,66,58,8,29.78723404255319,8.51063829787234,21.27659574468085,70.2127659574468,61.702127659574465,8.51063829787234
E00041013,99,35,8,27,64,60,4,35.35353535353536,8.080808080808081,27.27272727272727,64.64646464646465,60.60606060606061,4.040404040404041
E00041014,112,45,8,37,67,61,6,40.17857142857143,7.142857142857142,33.035714285714285,59.82142857142857,54.46428571428571,5.357142857142857
E00041015,51,16,4,12,35,31,4,31.372549019607842,7.8431372549019605,23.52941176470588,68.62745098039215,60.78431372549019,7.8431372549019605
E00041016,137,42,18,24,95,90,5,30.656934306569344,13.138686131386862,17.51824817518248,69.34306569343066,65.69343065693431,3.64963503649635
E00041017,119,30,7,23,89,81,8,25.210084033613445,5.88235294117647,19.327731092436977,74.78991596638656,68.0672268907563,6.722689075630252
E00041018,169,54,17,37,115,111,4,31.952662721893493,10.059171597633137,21.893491124260358,68.04733727810651,65.68047337278107,2.366863905325444
E00041019,232,52,7,45,180,165,15,22.413793103448278,3.0172413793103448,19.396551724137932,77.58620689655173,71.12068965517241,6.4655172413793105
E00041020,171,61,15,46,110,98,12,35.67251461988304,8.771929824561402,26.900584795321635,64.32748538011695,57.30994152046783,7.017543859649122
E00041021,82,25,9,16,57,51,6,30.48780487804878,10.975609756097562,19.51219512195122,69.51219512195121,62.19512195121951,7.317073170731707
E00041022,102,37,6,31,65,58,7,36.27450980392157,5.88235294117647,30.392156862745097,63.725490196078425,56.86274509803921,6.862745098039216
E00041024,131,49,13,36,82,79,3,37.404580152671755,9.923664122137405,27.480916030534353,62.59541984732825,60.30534351145038,2.2900763358778624
E00041026,99,32,5,27,67,61,6,32.323232323232325,5.05050505050505,27.27272727272727,67.67676767676768,61.61616161616161,6.0606060606060606
E00041027,139,47,10,37,92,88,4,33.81294964028777,7.1942446043165464,26.618705035971225,66.18705035971223,63.30935251798561,2.877697841726619
E00041029,66,15,0,15,51,44,7,22.727272727272727,0,22.727272727272727,77.27272727272727,66.66666666666666,10.606060606060606
E00041030,90,29,7,22,61,54,7,32.22222222222222,7.777777777777778,24.444444444444443,67.77777777777779,60,7.777777777777778
E00041031,84,37,8,29,47,40,7,44.047619047619044,9.523809523809524,34.523809523809526,55.952380952380956,47.61904761904761,8.333333333333332
E00041032,104,35,7,28,69,63,6,33.65384615384615,6.730769230769231,26.923076923076923,66.34615384615384,60.57692307692307,5.769230769230769
E00041034,168,46,19,27,122,114,8,27.380952380952383,11.30952380952381,16.071428571428573,72.61904761904762,67.85714285714286,4.761904761904762
E00041035,111,45,14,31,66,66,0,40.54054054054054,12.612612612612612,27.927927927927925,59.45945945945946,59.45945945945946,0
E00041036,102,36,10,26,66,55,11,35.294117647058826,9.803921568627452,25.49019607843137,64.70588235294117,53.92156862745098,10.784313725490197
E00041037,161,47,14,33,114,101,13,29.19254658385093,8.695652173913043,20.496894409937887,70.80745341614907,62.732919254658384,8.074534161490684
E00041038,108,37,16,21,71,66,5,34.25925925925926,14.814814814814813,19.444444444444446,65.74074074074075,61.111111111111114,4.62962962962963
E00041039,55,19,9,10,36,34,2,34.54545454545455,16.363636363636363,18.181818181818183,65.45454545454545,61.81818181818181,3.6363636363636362
E00041040,142,62,25,37,80,76,4,43.66197183098591,17.6056338028169,26.056338028169012,56.33802816901409,53.52112676056338,2.8169014084507045
E00041041,66,25,10,15,41,37,4,37.878787878787875,15.151515151515152,22.727272727272727,62.121212121212125,56.060606060606055,6.0606060606060606
E00041043,129,38,8,30,91,84,7,29.457364341085274,6.2015503875969,23.25581395348837,70.54263565891473,65.11627906976744,5.426356589147287
E00041044,133,57,19,38,76,62,14,42.857142857142854,14.285714285714285,28.57142857142857,57.14285714285714,46.616541353383454,10.526315789473683
E00041045,106,41,9,32,65,61,4,38.67924528301887,8.49056603773585,30.18867924528302,61.32075471698113,57.54716981132076,3.7735849056603774
E00041046,107,45,9,36,62,57,5,42.05607476635514,8.411214953271028,33.64485981308411,57.943925233644855,53.271028037383175,4.672897196261682
E00041048,118,50,12,38,68,61,7,42.3728813559322,10.16949152542373,32.20338983050847,57.6271186440678,51.69491525423729,5.932203389830509
E00041049,31,17,1,16,14,13,1,54.83870967741935,3.225806451612903,51.61290322580645,45.16129032258064,41.935483870967744,3.225806451612903
E00041050,69,18,6,12,51,46,5,26.08695652173913,8.695652173913043,17.391304347826086,73.91304347826086,66.66666666666666,7.246376811594203
E00041051,100,41,12,29,59,52,7,41,12,28.999999999999996,59,52,7.000000000000001
E00041054,238,73,22,51,165,143,22,30.672268907563026,9.243697478991598,21.428571428571427,69.32773109243698,60.08403361344538,9.243697478991598
E00041055,91,38,15,23,53,50,3,41.75824175824176,16.483516483516482,25.274725274725274,58.24175824175825,54.94505494505495,3.296703296703297
E00041057,81,32,11,21,49,45,4,39.50617283950617,13.580246913580247,25.925925925925924,60.49382716049383,55.55555555555556,4.938271604938271
E00041060,261,91,27,64,170,147,23,34.865900383141764,10.344827586206897,24.521072796934863,65.13409961685824,56.32183908045977,8.812260536398467
E00041061,168,38,8,30,130,113,17,22.61904761904762,4.761904761904762,17.857142857142858,77.38095238095238,67.26190476190477,10.119047619047619
E00041062,101,33,10,23,68,56,12,32.67326732673268,9.900990099009901,22.772277227722775,67.32673267326733,55.44554455445545,11.881188118811881
E00041063,94,31,12,19,63,57,6,32.97872340425532,12.76595744680851,20.212765957446805,67.02127659574468,60.63829787234043,6.382978723404255
E00041064,78,27,8,19,51,50,1,34.61538461538461,10.256410256410255,24.358974358974358,65.38461538461539,64.1025641025641,1.282051282051282
E00041065,95,38,12,26,57,54,3,40,12.631578947368421,27.368421052631582,60,56.84210526315789,3.1578947368421053
E00041066,131,43,18,25,88,67,21,32.82442748091603,13.740458015267176,19.083969465648856,67.17557251908397,51.14503816793893,16.030534351145036
E00041070,170,63,24,39,107,96,11,37.05882352941177,14.117647058823529,22.941176470588236,62.94117647058823,56.470588235294116,6.470588235294119
E00041071,151,63,30,33,88,82,6,41.72185430463576,19.867549668874172,21.85430463576159,58.27814569536424,54.3046357615894,3.9735099337748347
E00041072,117,46,20,26,71,67,4,39.31623931623932,17.094017094017094,22.22222222222222,60.68376068376068,57.26495726495726,3.418803418803419
E00041073,146,59,22,37,87,76,11,40.41095890410959,15.068493150684931,25.34246575342466,59.589041095890416,52.054794520547944,7.534246575342466
E00041074,87,31,15,16,56,46,10,35.63218390804598,17.24137931034483,18.39080459770115,64.36781609195403,52.87356321839081,11.494252873563218
E00041075,171,59,18,41,112,95,17,34.50292397660819,10.526315789473683,23.976608187134502,65.49707602339181,55.55555555555556,9.941520467836257
E00041076,134,48,19,29,86,76,10,35.82089552238806,14.17910447761194,21.641791044776117,64.17910447761194,56.71641791044776,7.462686567164178
E00041077,180,63,23,40,117,102,15,35,12.777777777777777,22.22222222222222,65,56.666666666666664,8.333333333333332
E00041078,204,83,32,51,121,114,7,40.68627450980392,15.686274509803921,25,59.31372549019608,55.88235294117647,3.431372549019608
E00041079,231,80,27,53,151,136,15,34.63203463203463,11.688311688311687,22.943722943722943,65.36796536796537,58.87445887445888,6.493506493506493
E00041080,178,84,40,44,94,83,11,47.19101123595505,22.47191011235955,24.719101123595504,52.80898876404494,46.62921348314607,6.179775280898876
E00041081,174,72,31,41,102,88,14,41.37931034482759,17.81609195402299,23.563218390804597,58.620689655172406,50.57471264367817,8.045977011494253
E00041082,142,53,24,29,89,85,4,37.32394366197183,16.901408450704224,20.422535211267608,62.676056338028175,59.859154929577464,2.8169014084507045
E00041083,117,29,9,20,88,79,9,24.786324786324787,7.6923076923076925,17.094017094017094,75.21367521367522,67.52136752136752,7.6923076923076925
E00041084,134,60,21,39,74,68,6,44.776119402985074,15.671641791044777,29.1044776119403,55.223880597014926,50.74626865671642,4.477611940298507
E00041085,140,34,5,29,106,77,29,24.285714285714285,3.571428571428571,20.714285714285715,75.71428571428571,55.00000000000001,20.714285714285715
E00041086,164,80,31,49,84,76,8,48.78048780487805,18.902439024390244,29.878048780487802,51.21951219512195,46.34146341463415,4.878048780487805
E00041087,110,48,17,31,62,54,8,43.63636363636363,15.454545454545453,28.18181818181818,56.36363636363636,49.09090909090909,7.2727272727272725
E00041088,192,65,32,33,127,115,12,33.85416666666667,16.666666666666664,17.1875,66.14583333333334,59.895833333333336,6.25
E00041089,170,76,29,47,94,94,0,44.70588235294118,17.058823529411764,27.647058823529413,55.294117647058826,55.294117647058826,0
E00041090,144,64,22,42,80,73,7,44.44444444444444,15.277777777777779,29.166666666666668,55.55555555555556,50.69444444444444,4.861111111111112
E00041091,132,50,13,37,82,74,8,37.878787878787875,9.848484848484848,28.030303030303028,62.121212121212125,56.060606060606055,6.0606060606060606
E00041092,133,44,15,29,89,83,6,33.08270676691729,11.278195488721805,21.804511278195488,66.9172932330827,62.40601503759399,4.511278195488721
E00041093,154,95,52,43,59,51,8,61.68831168831169,33.76623376623377,27.92207792207792,38.311688311688314,33.116883116883116,5.194805194805195
E00041094,146,61,29,32,85,76,9,41.78082191780822,19.863013698630137,21.91780821917808,58.21917808219178,52.054794520547944,6.164383561643835
E00041095,45,20,14,6,25,25,0,44.44444444444444,31.11111111111111,13.333333333333334,55.55555555555556,55.55555555555556,0
E00041098,102,52,21,31,50,46,4,50.98039215686274,20.588235294117645,30.392156862745097,49.01960784313725,45.09803921568628,3.9215686274509802
E00041099,212,80,36,44,132,123,9,37.735849056603776,16.9811320754717,20.754716981132077,62.264150943396224,58.01886792452831,4.245283018867925
E00041100,111,75,48,27,36,34,2,67.56756756756756,43.24324324324324,24.324324324324326,32.432432432432435,30.630630630630627,1.8018018018018018
E00041101,84,38,20,18,46,42,4,45.23809523809524,23.809523809523807,21.428571428571427,54.761904761904766,50,4.761904761904762
E00041102,159,100,51,49,59,52,7,62.893081761006286,32.075471698113205,30.81761006289308,37.10691823899371,32.70440251572327,4.40251572327044
E00041103,135,75,40,35,60,51,9,55.55555555555556,29.629629629629626,25.925925925925924,44.44444444444444,37.77777777777778,6.666666666666667
E00041105,118,51,12,39,67,62,5,43.22033898305085,10.16949152542373,33.05084745762712,56.779661016949156,52.54237288135594,4.23728813559322
E00041106,81,35,11,24,46,39,7,43.20987654320987,13.580246913580247,29.629629629629626,56.79012345679012,48.148148148148145,8.641975308641975
E00041107,98,31,16,15,67,56,11,31.63265306122449,16.3265306122449,15.306122448979592,68.36734693877551,57.14285714285714,11.224489795918368
E00041109,75,44,11,33,31,30,1,58.666666666666664,14.666666666666666,44,41.333333333333336,40,1.3333333333333335
E00041110,190,111,80,31,79,74,5,58.42105263157895,42.10526315789473,16.315789473684212,41.578947368421055,38.94736842105263,2.631578947368421
E00041111,72,38,14,24,34,33,1,52.77777777777778,19.444444444444446,33.33333333333333,47.22222222222222,45.83333333333333,1.3888888888888888
E00041112,196,127,75,52,69,61,8,64.79591836734694,38.265306122448976,26.53061224489796,35.204081632653065,31.122448979591837,4.081632653061225
E00041113,82,35,16,19,47,43,4,42.68292682926829,19.51219512195122,23.170731707317074,57.3170731707317,52.4390243902439,4.878048780487805
E00041114,97,41,11,30,56,53,3,42.2680412371134,11.34020618556701,30.927835051546392,57.73195876288659,54.63917525773196,3.0927835051546393
E00041116,138,68,33,35,70,66,4,49.275362318840585,23.91304347826087,25.36231884057971,50.72463768115942,47.82608695652174,2.898550724637681
E00041117,63,33,15,18,30,29,1,52.38095238095239,23.809523809523807,28.57142857142857,47.61904761904761,46.03174603174603,1.5873015873015872
E00041118,68,29,10,19,39,31,8,42.64705882352941,14.705882352941178,27.941176470588236,57.35294117647059,45.588235294117645,11.76470588235294
E00041119,164,58,22,36,106,99,7,35.36585365853659,13.414634146341465,21.951219512195124,64.63414634146342,60.36585365853659,4.2682926829268295
E00041120,113,60,19,41,53,47,6,53.09734513274337,16.8141592920354,36.283185840707965,46.902654867256636,41.5929203539823,5.3097345132743365
E00041121,192,96,38,58,96,91,5,50,19.791666666666664,30.208333333333332,50,47.39583333333333,2.604166666666667
E00041123,114,43,7,36,71,66,5,37.719298245614034,6.140350877192982,31.57894736842105,62.28070175438597,57.89473684210527,4.385964912280701
E00041124,161,58,20,38,103,96,7,36.024844720496894,12.422360248447205,23.60248447204969,63.975155279503106,59.62732919254658,4.3478260869565215
E00041125,94,29,4,25,65,61,4,30.851063829787233,4.25531914893617,26.595744680851062,69.14893617021278,64.8936170212766,4.25531914893617
E00041126,72,25,8,17,47,42,5,34.72222222222222,11.11111111111111,23.61111111111111,65.27777777777779,58.333333333333336,6.944444444444445
E00041128,98,48,5,43,50,47,3,48.97959183673469,5.1020408163265305,43.87755102040816,51.02040816326531,47.95918367346938,3.061224489795918
E00041129,109,45,18,27,64,58,6,41.284403669724774,16.51376146788991,24.770642201834864,58.71559633027523,53.21100917431193,5.5045871559633035
E00041130,75,20,4,16,55,49,6,26.666666666666668,5.333333333333334,21.333333333333336,73.33333333333333,65.33333333333333,8
E00041131,125,49,12,37,76,69,7,39.2,9.6,29.599999999999998,60.8,55.2,5.6000000000000005
E00041132,100,33,11,22,67,59,8,33,11,22,67,59,8
E00041133,109,50,16,34,59,56,3,45.87155963302752,14.678899082568808,31.19266055045872,54.12844036697248,51.37614678899083,2.7522935779816518
E00041134,112,36,10,26,76,68,8,32.142857142857146,8.928571428571429,23.214285714285715,67.85714285714286,60.71428571428571,7.142857142857142
E00041135,125,47,10,37,78,71,7,37.6,8,29.599999999999998,62.4,56.8,5.6000000000000005
E00041136,112,40,11,29,72,67,5,35.714285714285715,9.821428571428571,25.892857142857146,64.28571428571429,59.82142857142857,4.464285714285714
E00041137,143,42,6,36,101,88,13,29.37062937062937,4.195804195804196,25.174825174825177,70.62937062937063,61.53846153846154,9.090909090909092
E00041138,112,42,10,32,70,59,11,37.5,8.928571428571429,28.57142857142857,62.5,52.67857142857143,9.821428571428571
E00041139,92,26,11,15,66,66,0,28.26086956521739,11.956521739130435,16.304347826086957,71.73913043478261,71.73913043478261,0
E00041140,164,48,16,32,116,92,24,29.268292682926827,9.75609756097561,19.51219512195122,70.73170731707317,56.09756097560976,14.634146341463413
E00041142,94,28,4,24,66,55,11,29.78723404255319,4.25531914893617,25.53191489361702,70.2127659574468,58.51063829787234,11.702127659574469
E00041143,87,30,11,19,57,53,4,34.48275862068966,12.643678160919542,21.839080459770116,65.51724137931035,60.91954022988506,4.597701149425287
E00041145,196,54,10,44,142,122,20,27.55102040816326,5.1020408163265305,22.448979591836736,72.44897959183673,62.244897959183675,10.204081632653061
E00041146,153,56,13,43,97,84,13,36.60130718954248,8.49673202614379,28.104575163398692,63.39869281045751,54.90196078431373,8.49673202614379
E00041147,117,45,12,33,72,66,6,38.46153846153847,10.256410256410255,28.205128205128204,61.53846153846154,56.41025641025641,5.128205128205128
E00041148,129,40,12,28,89,82,7,31.007751937984494,9.30232558139535,21.705426356589147,68.9922480620155,63.565891472868216,5.426356589147287
E00041149,106,42,10,32,64,51,13,39.62264150943396,9.433962264150944,30.18867924528302,60.37735849056604,48.113207547169814,12.264150943396226
E00041150,83,34,11,23,49,42,7,40.963855421686745,13.253012048192772,27.710843373493976,59.036144578313255,50.602409638554214,8.433734939759036
E00041151,126,53,16,37,73,64,9,42.06349206349206,12.698412698412698,29.365079365079367,57.936507936507944,50.79365079365079,7.142857142857142
E00041152,89,33,11,22,56,48,8,37.07865168539326,12.359550561797752,24.719101123595504,62.92134831460674,53.93258426966292,8.98876404494382
E00041153,96,32,7,25,64,57,7,33.33333333333333,7.291666666666667,26.041666666666668,66.66666666666666,59.375,7.291666666666667
E00041154,95,46,12,34,49,45,4,48.421052631578945,12.631578947368421,35.78947368421053,51.578947368421055,47.368421052631575,4.2105263157894735
E00041155,84,35,7,28,49,44,5,41.66666666666667,8.333333333333332,33.33333333333333,58.333333333333336,52.38095238095239,5.952380952380952
E00041157,119,32,6,26,87,83,4,26.89075630252101,5.042016806722689,21.84873949579832,73.10924369747899,69.74789915966386,3.361344537815126
E00041158,41,14,1,13,27,19,8,34.146341463414636,2.4390243902439024,31.70731707317073,65.85365853658537,46.34146341463415,19.51219512195122
E00041159,106,50,17,33,56,47,9,47.16981132075472,16.037735849056602,31.132075471698112,52.83018867924528,44.339622641509436,8.49056603773585
E00041160,96,21,7,14,75,63,12,21.875,7.291666666666667,14.583333333333334,78.125,65.625,12.5
E00041161,169,68,19,49,101,94,7,40.23668639053255,11.242603550295858,28.994082840236686,59.76331360946746,55.62130177514793,4.142011834319527
E00041162,74,31,11,20,43,39,4,41.891891891891895,14.864864864864865,27.027027027027028,58.108108108108105,52.702702702702695,5.405405405405405
E00041163,116,44,8,36,72,66,6,37.93103448275862,6.896551724137931,31.03448275862069,62.06896551724138,56.896551724137936,5.172413793103448
E00041164,129,42,9,33,87,81,6,32.55813953488372,6.976744186046512,25.581395348837212,67.44186046511628,62.7906976744186,4.651162790697675
E00041165,104,31,6,25,73,67,6,29.807692307692307,5.769230769230769,24.03846153846154,70.1923076923077,64.42307692307693,5.769230769230769
E00041166,186,55,14,41,131,119,12,29.56989247311828,7.526881720430108,22.043010752688172,70.43010752688173,63.97849462365591,6.451612903225806
E00041167,87,35,10,25,52,50,2,40.229885057471265,11.494252873563218,28.735632183908045,59.77011494252874,57.47126436781609,2.2988505747126435
E00041168,118,33,8,25,85,74,11,27.966101694915253,6.779661016949152,21.1864406779661,72.03389830508475,62.71186440677966,9.322033898305085
E00041169,106,37,5,32,69,65,4,34.90566037735849,4.716981132075472,30.18867924528302,65.09433962264151,61.32075471698113,3.7735849056603774
E00041171,122,51,12,39,71,67,4,41.80327868852459,9.836065573770492,31.967213114754102,58.19672131147541,54.91803278688525,3.278688524590164
E00041172,181,71,28,43,110,98,12,39.226519337016576,15.469613259668508,23.756906077348066,60.773480662983424,54.14364640883977,6.629834254143646
E00041173,204,62,18,44,142,123,19,30.392156862745097,8.823529411764707,21.568627450980394,69.6078431372549,60.29411764705882,9.313725490196079
E00041174,107,30,10,20,77,67,10,28.037383177570092,9.345794392523365,18.69158878504673,71.96261682242991,62.616822429906534,9.345794392523365
E00041175,233,80,32,48,153,112,41,34.33476394849785,13.733905579399142,20.600858369098713,65.66523605150213,48.068669527896994,17.59656652360515
E00041176,289,81,20,61,208,182,26,28.027681660899656,6.920415224913495,21.10726643598616,71.97231833910035,62.9757785467128,8.996539792387544
E00041177,153,55,18,37,98,83,15,35.947712418300654,11.76470588235294,24.183006535947712,64.05228758169935,54.248366013071895,9.803921568627452
E00041179,168,60,18,42,108,90,18,35.714285714285715,10.714285714285714,25,64.28571428571429,53.57142857142857,10.714285714285714
E00041180,104,33,11,22,71,68,3,31.73076923076923,10.576923076923077,21.153846153846153,68.26923076923077,65.38461538461539,2.8846153846153846
E00041181,193,59,21,38,134,109,25,30.569948186528496,10.880829015544041,19.689119170984455,69.43005181347151,56.476683937823836,12.953367875647666
E00041182,178,59,17,42,119,103,16,33.146067415730336,9.550561797752808,23.595505617977526,66.85393258426966,57.865168539325836,8.98876404494382
E00041183,204,56,15,41,148,125,23,27.450980392156865,7.352941176470589,20.098039215686274,72.54901960784314,61.274509803921575,11.27450980392157
E00041184,133,43,14,29,90,71,19,32.33082706766917,10.526315789473683,21.804511278195488,67.66917293233082,53.383458646616546,14.285714285714285
E00041185,172,59,19,40,113,89,24,34.30232558139535,11.046511627906977,23.25581395348837,65.69767441860465,51.74418604651163,13.953488372093023
E00041186,127,34,8,26,93,77,16,26.77165354330709,6.299212598425196,20.47244094488189,73.22834645669292,60.629921259842526,12.598425196850393
E00041187,136,38,10,28,98,89,9,27.941176470588236,7.352941176470589,20.588235294117645,72.05882352941177,65.44117647058823,6.61764705882353
E00041188,80,33,7,26,47,43,4,41.25,8.75,32.5,58.75,53.75,5
E00041189,136,50,11,39,86,67,19,36.76470588235294,8.088235294117647,28.676470588235293,63.23529411764706,49.26470588235294,13.970588235294118
E00041190,174,51,19,32,123,96,27,29.310344827586203,10.919540229885058,18.39080459770115,70.6896551724138,55.172413793103445,15.517241379310345
E00041192,151,45,13,32,106,90,16,29.80132450331126,8.609271523178808,21.192052980132452,70.19867549668875,59.60264900662252,10.596026490066226
E00041193,143,47,18,29,96,82,14,32.86713286713287,12.587412587412588,20.27972027972028,67.13286713286713,57.34265734265735,9.79020979020979
E00041195,214,64,18,46,150,98,52,29.906542056074763,8.411214953271028,21.49532710280374,70.09345794392523,45.794392523364486,24.299065420560748
E00041196,124,35,7,28,89,77,12,28.225806451612907,5.64516129032258,22.58064516129032,71.7741935483871,62.096774193548384,9.67741935483871
E00041197,206,62,25,37,144,110,34,30.097087378640776,12.135922330097088,17.96116504854369,69.90291262135922,53.398058252427184,16.50485436893204
E00041198,266,82,32,50,184,137,47,30.82706766917293,12.030075187969924,18.796992481203006,69.17293233082707,51.50375939849624,17.669172932330827
E00041199,78,24,5,19,54,32,22,30.76923076923077,6.41025641025641,24.358974358974358,69.23076923076923,41.02564102564102,28.205128205128204
E00041200,129,45,11,34,84,73,11,34.883720930232556,8.527131782945736,26.356589147286826,65.11627906976744,56.58914728682171,8.527131782945736
E00041201,155,52,17,35,103,80,23,33.5483870967742,10.967741935483872,22.58064516129032,66.45161290322581,51.61290322580645,14.838709677419354
E00041202,125,37,12,25,88,68,20,29.599999999999998,9.6,20,70.39999999999999,54.400000000000006,16
E00041203,137,44,10,34,93,85,8,32.11678832116788,7.2992700729927,24.817518248175183,67.88321167883211,62.04379562043796,5.839416058394161
E00041204,166,50,17,33,116,96,20,30.120481927710845,10.240963855421686,19.879518072289155,69.87951807228916,57.831325301204814,12.048192771084338
E00041205,120,33,12,21,87,76,11,27.500000000000004,10,17.5,72.5,63.33333333333333,9.166666666666666
E00041206,143,49,18,31,94,86,8,34.26573426573427,12.587412587412588,21.678321678321677,65.73426573426573,60.13986013986013,5.594405594405594
E00041207,193,60,14,46,133,119,14,31.088082901554404,7.253886010362693,23.83419689119171,68.9119170984456,61.6580310880829,7.253886010362693
E00041208,145,46,14,32,99,91,8,31.724137931034484,9.655172413793103,22.06896551724138,68.27586206896552,62.758620689655174,5.517241379310345
E00041209,139,48,12,36,91,81,10,34.53237410071942,8.633093525179856,25.899280575539567,65.46762589928058,58.27338129496403,7.1942446043165464
E00041210,134,47,17,30,87,80,7,35.07462686567165,12.686567164179104,22.388059701492537,64.92537313432835,59.70149253731343,5.223880597014925
E00041211,133,48,10,38,85,79,6,36.09022556390977,7.518796992481203,28.57142857142857,63.90977443609023,59.3984962406015,4.511278195488721
E00041212,53,13,5,8,40,31,9,24.528301886792452,9.433962264150944,15.09433962264151,75.47169811320755,58.490566037735846,16.9811320754717
E00041213,167,65,21,44,102,93,9,38.92215568862276,12.574850299401197,26.34730538922156,61.07784431137725,55.688622754491014,5.389221556886228
E00041214,193,67,19,48,126,103,23,34.715025906735754,9.844559585492227,24.870466321243523,65.28497409326425,53.36787564766839,11.917098445595855
E00041215,110,43,18,25,67,55,12,39.09090909090909,16.363636363636363,22.727272727272727,60.909090909090914,50,10.909090909090908
E00041216,79,28,8,20,51,49,2,35.44303797468354,10.126582278481013,25.31645569620253,64.55696202531645,62.0253164556962,2.5316455696202533
E00041217,128,39,15,24,89,74,15,30.46875,11.71875,18.75,69.53125,57.8125,11.71875
E00041218,161,49,14,35,112,95,17,30.434782608695656,8.695652173913043,21.73913043478261,69.56521739130434,59.006211180124225,10.559006211180124
E00041219,118,47,12,35,71,59,12,39.83050847457627,10.16949152542373,29.66101694915254,60.16949152542372,50,10.16949152542373
E00041220,92,33,7,26,59,53,6,35.869565217391305,7.608695652173914,28.26086956521739,64.13043478260869,57.608695652173914,6.521739130434782
E00041221,151,41,16,25,110,91,19,27.1523178807947,10.596026490066226,16.55629139072848,72.84768211920529,60.264900662251655,12.582781456953644
E00041222,131,30,12,18,101,84,17,22.900763358778626,9.16030534351145,13.740458015267176,77.09923664122137,64.12213740458014,12.977099236641221
E00041223,171,52,9,43,119,98,21,30.409356725146196,5.263157894736842,25.146198830409354,69.5906432748538,57.30994152046783,12.280701754385964
E00041224,84,23,5,18,61,57,4,27.380952380952383,5.952380952380952,21.428571428571427,72.61904761904762,67.85714285714286,4.761904761904762
E00041225,38,15,1,14,23,22,1,39.473684210526315,2.631578947368421,36.84210526315789,60.526315789473685,57.89473684210527,2.631578947368421
E00041226,118,39,11,28,79,64,15,33.05084745762712,9.322033898305085,23.728813559322035,66.94915254237289,54.23728813559322,12.711864406779661
E00041227,171,51,14,37,120,105,15,29.82456140350877,8.187134502923977,21.637426900584796,70.17543859649122,61.40350877192983,8.771929824561402
E00041228,144,47,17,30,97,82,15,32.63888888888889,11.805555555555555,20.833333333333336,67.36111111111111,56.94444444444444,10.416666666666668
E00041229,140,43,15,28,97,86,11,30.714285714285715,10.714285714285714,20,69.28571428571428,61.42857142857143,7.857142857142857
E00041230,155,44,15,29,111,94,17,28.387096774193548,9.67741935483871,18.70967741935484,71.61290322580646,60.64516129032258,10.967741935483872
E00041231,148,45,14,31,103,83,20,30.405405405405407,9.45945945945946,20.945945945945947,69.5945945945946,56.08108108108109,13.513513513513514
E00041233,62,21,6,15,41,33,8,33.87096774193548,9.67741935483871,24.193548387096776,66.12903225806451,53.2258064516129,12.903225806451612
E00041234,111,31,7,24,80,70,10,27.927927927927925,6.306306306306306,21.62162162162162,72.07207207207207,63.06306306306306,9.00900900900901
E00041235,90,34,11,23,56,48,8,37.77777777777778,12.222222222222221,25.555555555555554,62.22222222222222,53.333333333333336,8.88888888888889
E00041236,73,24,4,20,49,44,5,32.87671232876712,5.47945205479452,27.397260273972602,67.12328767123287,60.273972602739725,6.8493150684931505
E00041237,130,31,5,26,99,81,18,23.846153846153847,3.8461538461538463,20,76.15384615384615,62.30769230769231,13.846153846153847
E00041238,109,37,10,27,72,60,12,33.94495412844037,9.174311926605505,24.770642201834864,66.05504587155964,55.04587155963303,11.009174311926607
E00041239,151,47,16,31,104,93,11,31.125827814569533,10.596026490066226,20.52980132450331,68.87417218543047,61.58940397350994,7.28476821192053
E00041240,121,42,13,29,79,64,15,34.710743801652896,10.743801652892563,23.96694214876033,65.28925619834712,52.892561983471076,12.396694214876034
E00041241,117,32,8,24,85,72,13,27.350427350427353,6.837606837606838,20.51282051282051,72.64957264957265,61.53846153846154,11.11111111111111
E00041242,131,40,10,30,91,78,13,30.53435114503817,7.633587786259542,22.900763358778626,69.46564885496184,59.541984732824424,9.923664122137405
E00041243,153,43,13,30,110,102,8,28.104575163398692,8.49673202614379,19.607843137254903,71.89542483660131,66.66666666666666,5.228758169934641
E00041244,113,34,8,26,79,67,12,30.08849557522124,7.079646017699115,23.008849557522122,69.91150442477876,59.29203539823009,10.619469026548673
E00041245,89,33,11,22,56,53,3,37.07865168539326,12.359550561797752,24.719101123595504,62.92134831460674,59.55056179775281,3.3707865168539324
E00041246,202,54,18,36,148,132,16,26.732673267326735,8.91089108910891,17.82178217821782,73.26732673267327,65.34653465346535,7.920792079207921
E00041247,173,50,8,42,123,109,14,28.901734104046245,4.624277456647398,24.277456647398843,71.09826589595376,63.005780346820806,8.092485549132949
E00041248,134,42,8,34,92,83,9,31.343283582089555,5.970149253731343,25.37313432835821,68.65671641791045,61.940298507462686,6.7164179104477615
E00041249,136,39,8,31,97,90,7,28.676470588235293,5.88235294117647,22.794117647058822,71.32352941176471,66.17647058823529,5.147058823529411
E00041250,106,26,8,18,80,73,7,24.528301886792452,7.547169811320755,16.9811320754717,75.47169811320755,68.86792452830188,6.60377358490566
E00041251,69,22,8,14,47,38,9,31.88405797101449,11.594202898550725,20.28985507246377,68.11594202898551,55.072463768115945,13.043478260869565
E00041252,129,45,15,30,84,70,14,34.883720930232556,11.627906976744185,23.25581395348837,65.11627906976744,54.263565891472865,10.852713178294573
E00041253,206,63,19,44,143,126,17,30.582524271844658,9.223300970873787,21.35922330097087,69.41747572815534,61.165048543689316,8.25242718446602
E00041254,121,34,5,29,87,77,10,28.09917355371901,4.132231404958678,23.96694214876033,71.900826446281,63.63636363636363,8.264462809917356
E00041255,137,37,6,31,100,87,13,27.00729927007299,4.37956204379562,22.62773722627737,72.99270072992701,63.503649635036496,9.48905109489051
E00041256,128,39,12,27,89,71,18,30.46875,9.375,21.09375,69.53125,55.46875,14.0625
E00041257,158,44,16,28,114,106,8,27.848101265822784,10.126582278481013,17.72151898734177,72.15189873417721,67.08860759493672,5.063291139240507
E00041258,89,30,10,20,59,47,12,33.70786516853933,11.235955056179774,22.47191011235955,66.29213483146067,52.80898876404494,13.48314606741573
E00041260,132,54,17,37,78,75,3,40.909090909090914,12.878787878787879,28.030303030303028,59.09090909090909,56.81818181818182,2.272727272727273
E00041261,90,23,6,17,67,63,4,25.555555555555554,6.666666666666667,18.88888888888889,74.44444444444444,70,4.444444444444445
E00041262,119,37,9,28,82,65,17,31.092436974789916,7.563025210084033,23.52941176470588,68.90756302521008,54.621848739495796,14.285714285714285
E00041263,139,42,10,32,97,84,13,30.215827338129497,7.1942446043165464,23.021582733812952,69.7841726618705,60.431654676258994,9.352517985611511
E00041264,69,21,3,18,48,42,6,30.434782608695656,4.3478260869565215,26.08695652173913,69.56521739130434,60.86956521739131,8.695652173913043
E00041265,108,36,18,18,72,59,13,33.33333333333333,16.666666666666664,16.666666666666664,66.66666666666666,54.629629629629626,12.037037037037036
E00041266,155,54,17,37,101,87,14,34.83870967741935,10.967741935483872,23.870967741935484,65.16129032258064,56.12903225806451,9.032258064516128
E00041267,150,40,13,27,110,102,8,26.666666666666668,8.666666666666668,18,73.33333333333333,68,5.333333333333334
E00041268,143,43,13,30,100,89,11,30.069930069930066,9.090909090909092,20.97902097902098,69.93006993006993,62.23776223776224,7.6923076923076925
E00041269,107,35,9,26,72,63,9,32.71028037383177,8.411214953271028,24.299065420560748,67.28971962616822,58.87850467289719,8.411214953271028
E00041270,46,17,5,12,29,27,2,36.95652173913043,10.869565217391305,26.08695652173913,63.04347826086957,58.69565217391305,4.3478260869565215
E00041271,109,36,13,23,73,60,13,33.02752293577982,11.926605504587156,21.100917431192663,66.97247706422019,55.04587155963303,11.926605504587156
E00041272,156,44,12,32,112,101,11,28.205128205128204,7.6923076923076925,20.51282051282051,71.7948717948718,64.74358974358975,7.051282051282051
E00041273,183,58,21,37,125,89,36,31.693989071038253,11.475409836065573,20.21857923497268,68.30601092896174,48.63387978142077,19.672131147540984
E00041274,132,42,13,29,90,81,9,31.818181818181817,9.848484848484848,21.96969696969697,68.18181818181817,61.36363636363637,6.8181818181818175
E00041275,103,30,7,23,73,64,9,29.126213592233007,6.796116504854369,22.330097087378643,70.87378640776699,62.13592233009708,8.737864077669903
E00041276,127,44,14,30,83,71,12,34.645669291338585,11.023622047244094,23.62204724409449,65.35433070866141,55.90551181102362,9.448818897637794
E00041277,132,47,11,36,85,75,10,35.60606060606061,8.333333333333332,27.27272727272727,64.39393939393939,56.81818181818182,7.575757575757576
E00041278,123,31,8,23,92,88,4,25.203252032520325,6.504065040650407,18.69918699186992,74.79674796747967,71.54471544715447,3.2520325203252036
E00041279,110,52,15,37,58,50,8,47.27272727272727,13.636363636363635,33.63636363636363,52.72727272727272,45.45454545454545,7.2727272727272725
E00041280,122,30,7,23,92,74,18,24.59016393442623,5.737704918032787,18.852459016393443,75.40983606557377,60.65573770491803,14.754098360655737
E00041281,121,37,13,24,84,72,12,30.57851239669421,10.743801652892563,19.834710743801654,69.42148760330579,59.50413223140496,9.917355371900827
E00041282,134,37,16,21,97,83,14,27.611940298507463,11.940298507462686,15.671641791044777,72.38805970149254,61.940298507462686,10.44776119402985
E00041283,115,50,13,37,65,57,8,43.47826086956522,11.304347826086957,32.17391304347826,56.52173913043478,49.56521739130435,6.956521739130435
E00041284,96,37,10,27,59,57,2,38.54166666666667,10.416666666666668,28.125,61.458333333333336,59.375,2.083333333333333
E00041285,135,42,9,33,93,83,10,31.11111111111111,6.666666666666667,24.444444444444443,68.88888888888889,61.48148148148148,7.4074074074074066
E00041286,138,46,13,33,92,82,10,33.33333333333333,9.420289855072465,23.91304347826087,66.66666666666666,59.42028985507246,7.246376811594203
E00041287,116,37,15,22,79,70,9,31.896551724137932,12.931034482758621,18.96551724137931,68.10344827586206,60.3448275862069,7.758620689655173
E00041290,154,46,14,32,108,94,14,29.87012987012987,9.090909090909092,20.77922077922078,70.12987012987013,61.038961038961034,9.090909090909092
E00041291,143,50,17,33,93,89,4,34.96503496503497,11.888111888111888,23.076923076923077,65.03496503496503,62.23776223776224,2.797202797202797
E00041292,183,64,22,42,119,103,16,34.97267759562842,12.021857923497267,22.950819672131146,65.02732240437157,56.284153005464475,8.743169398907105
E00041293,102,32,7,25,70,60,10,31.372549019607842,6.862745098039216,24.509803921568626,68.62745098039215,58.82352941176471,9.803921568627452
E00041294,144,40,11,29,104,87,17,27.77777777777778,7.638888888888889,20.13888888888889,72.22222222222221,60.416666666666664,11.805555555555555
E00041295,238,61,16,45,177,145,32,25.630252100840334,6.722689075630252,18.907563025210084,74.36974789915966,60.924369747899156,13.445378151260504
E00041296,140,34,9,25,106,92,14,24.285714285714285,6.428571428571428,17.857142857142858,75.71428571428571,65.71428571428571,10
E00041297,133,41,13,28,92,78,14,30.82706766917293,9.774436090225564,21.052631578947366,69.17293233082707,58.64661654135338,10.526315789473683
E00041298,98,29,9,20,69,62,7,29.591836734693878,9.183673469387756,20.408163265306122,70.40816326530613,63.26530612244898,7.142857142857142
E00041299,174,53,17,36,121,109,12,30.45977011494253,9.770114942528735,20.689655172413794,69.54022988505747,62.643678160919535,6.896551724137931
E00041300,179,44,17,27,135,112,23,24.581005586592177,9.497206703910614,15.083798882681565,75.41899441340783,62.56983240223464,12.849162011173185
E00041301,177,38,21,17,139,121,18,21.468926553672315,11.864406779661017,9.6045197740113,78.53107344632768,68.36158192090396,10.16949152542373
E00041302,150,46,10,36,104,93,11,30.666666666666664,6.666666666666667,24,69.33333333333334,62,7.333333333333333
E00041303,140,27,10,17,113,98,15,19.28571428571429,7.142857142857142,12.142857142857142,80.71428571428572,70,10.714285714285714
E00041304,152,40,13,27,112,98,14,26.31578947368421,8.552631578947368,17.763157894736842,73.68421052631578,64.47368421052632,9.210526315789473
E00041305,129,33,10,23,96,86,10,25.581395348837212,7.751937984496124,17.829457364341085,74.4186046511628,66.66666666666666,7.751937984496124
E00041306,143,48,17,31,95,82,13,33.56643356643357,11.888111888111888,21.678321678321677,66.43356643356644,57.34265734265735,9.090909090909092
E00041307,165,41,13,28,124,111,13,24.848484848484848,7.878787878787878,16.969696969696972,75.15151515151514,67.27272727272727,7.878787878787878
E00041308,172,50,15,35,122,111,11,29.069767441860467,8.720930232558139,20.348837209302324,70.93023255813954,64.53488372093024,6.395348837209303
E00041309,121,36,12,24,85,77,8,29.75206611570248,9.917355371900827,19.834710743801654,70.24793388429752,63.63636363636363,6.6115702479338845
E00041310,136,47,11,36,89,82,7,34.55882352941176,8.088235294117647,26.47058823529412,65.44117647058823,60.29411764705882,5.147058823529411
E00041311,243,72,25,47,171,151,20,29.629629629629626,10.2880658436214,19.34156378600823,70.37037037037037,62.139917695473244,8.23045267489712
E00041312,158,56,17,39,102,91,11,35.44303797468354,10.759493670886076,24.68354430379747,64.55696202531645,57.59493670886076,6.962025316455696
E00041313,80,23,7,16,57,49,8,28.749999999999996,8.75,20,71.25,61.25000000000001,10
E00041314,146,40,18,22,106,98,8,27.397260273972602,12.32876712328767,15.068493150684931,72.6027397260274,67.12328767123287,5.47945205479452
E00041315,159,54,12,42,105,101,4,33.9622641509434,7.547169811320755,26.41509433962264,66.0377358490566,63.52201257861635,2.515723270440252
E00041316,87,36,12,24,51,48,3,41.37931034482759,13.793103448275861,27.586206896551722,58.620689655172406,55.172413793103445,3.4482758620689653
E00041317,156,44,7,37,112,97,15,28.205128205128204,4.487179487179487,23.717948717948715,71.7948717948718,62.17948717948718,9.615384615384617
E00041318,151,34,12,22,117,110,7,22.516556291390728,7.9470198675496695,14.56953642384106,77.48344370860927,72.84768211920529,4.635761589403973
E00041319,131,49,14,35,82,73,9,37.404580152671755,10.687022900763358,26.717557251908396,62.59541984732825,55.72519083969466,6.870229007633588
E00041320,199,62,19,43,137,115,22,31.155778894472363,9.547738693467336,21.608040201005025,68.84422110552764,57.78894472361809,11.055276381909549
E00041321,84,31,10,21,53,48,5,36.904761904761905,11.904761904761903,25,63.095238095238095,57.14285714285714,5.952380952380952
E00041322,46,21,7,14,25,23,2,45.65217391304348,15.217391304347828,30.434782608695656,54.347826086956516,50,4.3478260869565215
E00041323,76,21,7,14,55,49,6,27.631578947368425,9.210526315789473,18.421052631578945,72.36842105263158,64.47368421052632,7.894736842105263
E00041324,111,33,10,23,78,72,6,29.72972972972973,9.00900900900901,20.72072072072072,70.27027027027027,64.86486486486487,5.405405405405405
E00041325,102,37,9,28,65,59,6,36.27450980392157,8.823529411764707,27.450980392156865,63.725490196078425,57.84313725490197,5.88235294117647
E00041326,80,28,9,19,52,44,8,35,11.25,23.75,65,55.00000000000001,10
E00041327,132,29,10,19,103,94,9,21.96969696969697,7.575757575757576,14.393939393939394,78.03030303030303,71.21212121212122,6.8181818181818175
E00041328,215,48,12,36,167,151,16,22.325581395348838,5.5813953488372094,16.74418604651163,77.67441860465117,70.23255813953489,7.441860465116279
E00041329,91,36,13,23,55,49,6,39.56043956043956,14.285714285714285,25.274725274725274,60.43956043956044,53.84615384615385,6.593406593406594
E00041330,156,37,10,27,119,114,5,23.717948717948715,6.41025641025641,17.307692307692307,76.28205128205127,73.07692307692307,3.205128205128205
E00041331,50,16,2,14,34,34,0,32,4,28.000000000000004,68,68,0
E00041332,204,40,18,22,164,144,20,19.607843137254903,8.823529411764707,10.784313725490197,80.3921568627451,70.58823529411765,9.803921568627452
E00041333,155,31,6,25,124,114,10,20,3.870967741935484,16.129032258064516,80,73.54838709677419,6.451612903225806
E00041334,76,25,5,20,51,41,10,32.89473684210527,6.578947368421052,26.31578947368421,67.10526315789474,53.94736842105263,13.157894736842104
E00041335,162,28,10,18,134,127,7,17.28395061728395,6.172839506172839,11.11111111111111,82.71604938271605,78.39506172839506,4.320987654320987
E00041336,92,24,7,17,68,68,0,26.08695652173913,7.608695652173914,18.478260869565215,73.91304347826086,73.91304347826086,0
E00041337,113,38,8,30,75,67,8,33.6283185840708,7.079646017699115,26.548672566371685,66.3716814159292,59.29203539823009,7.079646017699115
E00041338,168,42,11,31,126,111,15,25,6.547619047619048,18.452380952380953,75,66.07142857142857,8.928571428571429
E00041339,206,47,14,33,159,142,17,22.815533980582526,6.796116504854369,16.019417475728158,77.18446601941747,68.93203883495146,8.25242718446602
E00041340,219,55,15,40,164,151,13,25.11415525114155,6.8493150684931505,18.2648401826484,74.88584474885845,68.94977168949772,5.93607305936073
E00041341,126,36,8,28,90,84,6,28.57142857142857,6.349206349206349,22.22222222222222,71.42857142857143,66.66666666666666,4.761904761904762
E00041342,112,29,6,23,83,73,10,25.892857142857146,5.357142857142857,20.535714285714285,74.10714285714286,65.17857142857143,8.928571428571429
E00041343,143,35,14,21,108,96,12,24.475524475524477,9.79020979020979,14.685314685314685,75.52447552447552,67.13286713286713,8.391608391608392
E00041344,36,13,5,8,23,23,0,36.11111111111111,13.88888888888889,22.22222222222222,63.888888888888886,63.888888888888886,0
E00041345,164,41,11,30,123,107,16,25,6.707317073170732,18.29268292682927,75,65.2439024390244,9.75609756097561
E00041346,119,19,5,14,100,91,9,15.966386554621847,4.201680672268908,11.76470588235294,84.03361344537815,76.47058823529412,7.563025210084033
E00041347,190,53,17,36,137,121,16,27.89473684210526,8.947368421052632,18.947368421052634,72.10526315789474,63.68421052631579,8.421052631578947
E00041348,128,31,5,26,97,87,10,24.21875,3.90625,20.3125,75.78125,67.96875,7.8125
E00041349,147,46,13,33,101,91,10,31.292517006802722,8.843537414965986,22.448979591836736,68.70748299319727,61.904761904761905,6.802721088435375
E00041350,140,49,13,36,91,80,11,35,9.285714285714286,25.71428571428571,65,57.14285714285714,7.857142857142857
E00041351,113,28,3,25,85,79,6,24.778761061946902,2.6548672566371683,22.123893805309734,75.22123893805309,69.91150442477876,5.3097345132743365
E00041352,192,61,16,45,131,107,24,31.770833333333332,8.333333333333332,23.4375,68.22916666666666,55.729166666666664,12.5
E00041353,134,44,13,31,90,84,6,32.83582089552239,9.701492537313433,23.134328358208954,67.16417910447761,62.68656716417911,4.477611940298507
E00041354,63,20,7,13,43,41,2,31.746031746031743,11.11111111111111,20.634920634920633,68.25396825396825,65.07936507936508,3.1746031746031744
E00041355,172,48,11,37,124,113,11,27.906976744186046,6.395348837209303,21.511627906976745,72.09302325581395,65.69767441860465,6.395348837209303
E00041356,136,45,18,27,91,83,8,33.088235294117645,13.23529411764706,19.852941176470587,66.91176470588235,61.029411764705884,5.88235294117647
E00041357,119,34,8,26,85,70,15,28.57142857142857,6.722689075630252,21.84873949579832,71.42857142857143,58.82352941176471,12.605042016806722
E00041358,133,32,14,18,101,93,8,24.06015037593985,10.526315789473683,13.533834586466165,75.93984962406014,69.92481203007519,6.015037593984962
E00041359,137,45,13,32,92,83,9,32.846715328467155,9.48905109489051,23.357664233576642,67.15328467153284,60.58394160583942,6.569343065693431
E00041360,142,47,13,34,95,91,4,33.098591549295776,9.15492957746479,23.943661971830984,66.90140845070422,64.08450704225352,2.8169014084507045
E00041361,124,48,15,33,76,68,8,38.70967741935484,12.096774193548388,26.61290322580645,61.29032258064516,54.83870967741935,6.451612903225806
E00041362,86,34,8,26,52,47,5,39.53488372093023,9.30232558139535,30.23255813953488,60.46511627906976,54.65116279069767,5.813953488372093
E00165810,127,33,13,20,94,76,18,25.984251968503933,10.236220472440944,15.748031496062993,74.01574803149606,59.84251968503938,14.173228346456693
E00172402,163,54,12,42,109,91,18,33.12883435582822,7.361963190184049,25.766871165644172,66.87116564417178,55.828220858895705,11.042944785276074
E00172403,133,47,14,33,86,72,14,35.338345864661655,10.526315789473683,24.81203007518797,64.66165413533834,54.13533834586466,10.526315789473683
E00172405,99,21,9,12,78,72,6,21.21212121212121,9.090909090909092,12.121212121212121,78.78787878787878,72.72727272727273,6.0606060606060606
E00172407,134,31,17,14,103,90,13,23.134328358208954,12.686567164179104,10.44776119402985,76.86567164179104,67.16417910447761,9.701492537313433
E00172409,335,44,22,22,291,241,50,13.134328358208954,6.567164179104477,6.567164179104477,86.86567164179104,71.94029850746269,14.925373134328357
E00172411,143,52,33,19,91,75,16,36.36363636363637,23.076923076923077,13.286713286713287,63.63636363636363,52.44755244755245,11.188811188811188
E00172412,169,65,29,36,104,100,4,38.46153846153847,17.159763313609467,21.301775147928996,61.53846153846154,59.171597633136095,2.366863905325444
E00172413,99,17,5,12,82,73,9,17.17171717171717,5.05050505050505,12.121212121212121,82.82828282828282,73.73737373737373,9.090909090909092
E00172415,101,29,9,20,72,63,9,28.71287128712871,8.91089108910891,19.801980198019802,71.28712871287128,62.37623762376238,8.91089108910891
E00172416,121,11,4,7,110,97,13,9.090909090909092,3.3057851239669422,5.785123966942149,90.9090909090909,80.16528925619835,10.743801652892563
E00172417,231,33,13,20,198,181,17,14.285714285714285,5.627705627705628,8.658008658008658,85.71428571428571,78.35497835497836,7.35930735930736
E00172418,180,52,26,26,128,114,14,28.888888888888886,14.444444444444443,14.444444444444443,71.11111111111111,63.33333333333333,7.777777777777778
E00172422,95,32,14,18,63,60,3,33.68421052631579,14.736842105263156,18.947368421052634,66.3157894736842,63.1578947368421,3.1578947368421053
E00172424,123,38,23,15,85,81,4,30.89430894308943,18.69918699186992,12.195121951219512,69.10569105691057,65.85365853658537,3.2520325203252036
E00172425,133,49,17,32,84,75,9,36.84210526315789,12.781954887218044,24.06015037593985,63.1578947368421,56.390977443609025,6.7669172932330826
E00172426,120,55,17,38,65,58,7,45.83333333333333,14.166666666666666,31.666666666666664,54.166666666666664,48.333333333333336,5.833333333333333
E00172428,143,58,15,43,85,73,12,40.55944055944056,10.48951048951049,30.069930069930066,59.44055944055944,51.048951048951054,8.391608391608392
E00172429,230,40,14,26,190,176,14,17.391304347826086,6.086956521739131,11.304347826086957,82.6086956521739,76.52173913043478,6.086956521739131
E00172431,92,52,16,36,40,35,5,56.52173913043478,17.391304347826086,39.130434782608695,43.47826086956522,38.04347826086957,5.434782608695652
E00172432,242,62,17,45,180,161,19,25.6198347107438,7.024793388429752,18.59504132231405,74.3801652892562,66.52892561983471,7.851239669421488
E00172433,156,19,7,12,137,118,19,12.179487179487179,4.487179487179487,7.6923076923076925,87.82051282051282,75.64102564102564,12.179487179487179
E00172434,141,19,9,10,122,109,13,13.47517730496454,6.382978723404255,7.092198581560284,86.52482269503547,77.30496453900709,9.219858156028367
E00172435,142,56,17,39,86,78,8,39.436619718309856,11.971830985915492,27.464788732394368,60.56338028169014,54.929577464788736,5.633802816901409
E00172436,202,49,11,38,153,142,11,24.257425742574256,5.445544554455446,18.81188118811881,75.74257425742574,70.29702970297029,5.445544554455446
E00172437,121,28,5,23,93,83,10,23.140495867768596,4.132231404958678,19.00826446280992,76.85950413223141,68.59504132231406,8.264462809917356
E00172438,174,39,7,32,135,114,21,22.413793103448278,4.022988505747127,18.39080459770115,77.58620689655173,65.51724137931035,12.068965517241379
E00172440,216,59,18,41,157,134,23,27.314814814814813,8.333333333333332,18.98148148148148,72.68518518518519,62.03703703703704,10.648148148148149
E00172442,133,24,13,11,109,99,10,18.045112781954884,9.774436090225564,8.270676691729323,81.95488721804512,74.43609022556392,7.518796992481203
E00172443,187,51,27,24,136,121,15,27.27272727272727,14.43850267379679,12.834224598930483,72.72727272727273,64.70588235294117,8.0213903743315509
E00172445,43,13,5,8,30,26,4,30.23255813953488,11.627906976744185,18.6046511627907,69.76744186046511,60.46511627906976,9.30232558139535
E00172446,127,56,19,37,71,59,12,44.09448818897638,14.960629921259844,29.133858267716533,55.90551181102362,46.45669291338583,9.448818897637794
E00172447,108,26,10,16,82,74,8,24.074074074074073,9.25925925925926,14.814814814814813,75.92592592592592,68.51851851851852,7.4074074074074066
E00172448,153,64,29,35,89,80,9,41.830065359477125,18.954248366013072,22.875816993464053,58.16993464052288,52.28758169934641,5.88235294117647
E00172450,115,28,11,17,87,80,7,24.347826086956523,9.565217391304348,14.782608695652174,75.65217391304347,69.56521739130434,6.086956521739131
E00172452,43,23,17,6,20,13,7,53.48837209302325,39.53488372093023,13.953488372093023,46.51162790697674,30.23255813953488,16.27906976744186
E00172453,203,77,16,61,126,113,13,37.93103448275862,7.8817733990147785,30.049261083743843,62.06896551724138,55.66502463054187,6.403940886699508
E00172454,90,44,35,9,46,37,9,48.888888888888886,38.88888888888889,10,51.11111111111111,41.11111111111111,10
E00172455,174,65,24,41,109,94,15,37.35632183908046,13.793103448275861,23.563218390804597,62.643678160919535,54.02298850574713,8.620689655172415
E00172456,138,49,11,38,89,81,8,35.507246376811594,7.971014492753622,27.536231884057973,64.4927536231884,58.69565217391305,5.797101449275362
E00172457,197,55,20,35,142,117,25,27.918781725888326,10.152284263959391,17.766497461928935,72.08121827411168,59.390862944162436,12.690355329949238
E00172460,53,13,6,7,40,36,4,24.528301886792452,11.320754716981133,13.20754716981132,75.47169811320755,67.9245283018868,7.547169811320755
E00172461,119,26,7,19,93,84,9,21.84873949579832,5.88235294117647,15.966386554621847,78.15126050420169,70.58823529411765,7.563025210084033
E00172462,94,30,9,21,64,60,4,31.914893617021278,9.574468085106384,22.340425531914892,68.08510638297872,63.829787234042556,4.25531914893617
E00172463,143,39,16,23,104,93,11,27.27272727272727,11.188811188811188,16.083916083916083,72.72727272727273,65.03496503496503,7.6923076923076925
E00172464,123,56,14,42,67,62,5,45.52845528455284,11.38211382113821,34.146341463414636,54.47154471544715,50.40650406504065,4.0650406504065035
E00172465,67,27,7,20,40,39,1,40.298507462686565,10.44776119402985,29.850746268656714,59.70149253731343,58.2089552238806,1.4925373134328357
E00172466,100,33,12,21,67,59,8,33,12,21,67,59,8
E00172467,125,42,8,34,83,78,5,33.6,6.4,27.200000000000003,66.4,62.4,4
E00172468,209,89,39,50,120,110,10,42.58373205741627,18.660287081339714,23.923444976076556,57.41626794258373,52.63157894736842,4.784688995215311
E00172469,55,18,6,12,37,35,2,32.72727272727273,10.909090909090908,21.818181818181817,67.27272727272727,63.63636363636363,3.6363636363636362
E00172470,149,49,14,35,100,85,15,32.88590604026846,9.395973154362416,23.48993288590604,67.11409395973155,57.04697986577181,10.06711409395973
E00172471,311,50,16,34,261,234,27,16.077170418006432,5.144694533762058,10.932475884244374,83.92282958199357,75.2411575562701,8.681672025723474
E00172472,226,47,14,33,179,165,14,20.79646017699115,6.1946902654867255,14.601769911504425,79.20353982300885,73.00884955752213,6.1946902654867255
E00172474,44,21,8,13,23,23,0,47.72727272727273,18.181818181818183,29.545454545454547,52.27272727272727,52.27272727272727,0
E00172475,188,43,10,33,145,128,17,22.872340425531913,5.319148936170213,17.5531914893617,77.12765957446808,68.08510638297872,9.042553191489363
E00172476,150,56,19,37,94,83,11,37.333333333333336,12.666666666666668,24.666666666666668,62.66666666666667,55.333333333333336,7.333333333333333
E00172477,83,27,4,23,56,49,7,32.53012048192771,4.819277108433735,27.710843373493976,67.46987951807229,59.036144578313255,8.433734939759036
E00172478,181,78,33,45,103,88,15,43.0939226519337,18.23204419889503,24.861878453038674,56.9060773480663,48.61878453038674,8.287292817679557
E00172487,120,40,6,34,80,74,6,33.33333333333333,5,28.333333333333332,66.66666666666666,61.66666666666667,5
E00172488,173,60,23,37,113,101,12,34.68208092485549,13.294797687861271,21.38728323699422,65.3179190751445,58.38150289017341,6.9364161849710975
E00172491,127,53,15,38,74,69,5,41.732283464566926,11.811023622047244,29.92125984251969,58.26771653543307,54.330708661417326,3.937007874015748
E00172495,188,93,51,42,95,89,6,49.46808510638298,27.127659574468083,22.340425531914892,50.53191489361703,47.340425531914896,3.1914893617021276
E00172496,191,36,13,23,155,140,15,18.848167539267017,6.806282722513089,12.041884816753926,81.15183246073299,73.29842931937172,7.853403141361256
E00172497,97,15,6,9,82,74,8,15.463917525773196,6.185567010309279,9.278350515463918,84.5360824742268,76.28865979381443,8.24742268041237
E00172499,155,88,44,44,67,55,12,56.774193548387096,28.387096774193548,28.387096774193548,43.225806451612904,35.483870967741936,7.741935483870968
E00172500,117,11,5,6,106,98,8,9.401709401709402,4.273504273504273,5.128205128205128,90.5982905982906,83.76068376068376,6.837606837606838
E00172501,157,67,35,32,90,83,7,42.675159235668794,22.29299363057325,20.382165605095544,57.324840764331206,52.86624203821656,4.45859872611465
E00172504,215,106,47,59,109,106,3,49.30232558139535,21.86046511627907,27.44186046511628,50.697674418604656,49.30232558139535,1.3953488372093024
E00172507,68,29,16,13,39,36,3,42.64705882352941,23.52941176470588,19.11764705882353,57.35294117647059,52.94117647058824,4.411764705882353
E00172508,238,142,83,59,96,88,8,59.66386554621849,34.87394957983193,24.789915966386555,40.33613445378151,36.97478991596639,3.361344537815126
E00172509,110,19,7,12,91,81,10,17.272727272727273,6.363636363636363,10.909090909090908,82.72727272727273,73.63636363636363,9.090909090909092
E00172510,180,110,68,42,70,66,4,61.111111111111114,37.77777777777778,23.333333333333332,38.88888888888889,36.666666666666664,2.2222222222222223
E00172511,225,64,26,38,161,137,24,28.444444444444443,11.555555555555555,16.88888888888889,71.55555555555554,60.88888888888889,10.666666666666668
E00172513,142,39,16,23,103,95,8,27.464788732394368,11.267605633802818,16.19718309859155,72.53521126760563,66.90140845070422,5.633802816901409
E00172514,115,31,8,23,84,73,11,26.956521739130434,6.956521739130435,20,73.04347826086956,63.47826086956522,9.565217391304348
E00172515,70,35,13,22,35,31,4,50,18.571428571428573,31.428571428571427,50,44.285714285714285,5.714285714285714
E00172516,92,23,11,12,69,64,5,25,11.956521739130435,13.043478260869565,75,69.56521739130434,5.434782608695652
E00172517,181,48,21,27,133,117,16,26.519337016574585,11.602209944751381,14.917127071823206,73.48066298342542,64.64088397790056,8.83977900552486
E00172518,136,38,11,27,98,85,13,27.941176470588236,8.088235294117647,19.852941176470587,72.05882352941177,62.5,9.558823529411764
E00172519,208,53,12,41,155,133,22,25.48076923076923,5.769230769230769,19.71153846153846,74.51923076923077,63.942307692307686,10.576923076923077
E00172520,161,45,14,31,116,104,12,27.95031055900621,8.695652173913043,19.25465838509317,72.04968944099379,64.59627329192547,7.453416149068323
E00172521,164,39,8,31,125,110,15,23.78048780487805,4.878048780487805,18.902439024390244,76.21951219512195,67.07317073170732,9.146341463414634
E00172522,141,41,11,30,100,90,10,29.078014184397162,7.801418439716312,21.27659574468085,70.92198581560284,63.829787234042556,7.092198581560284
E00172523,156,42,11,31,114,101,13,26.923076923076923,7.051282051282051,19.871794871794872,73.07692307692307,64.74358974358975,8.333333333333332
E00172524,86,28,8,20,58,53,5,32.55813953488372,9.30232558139535,23.25581395348837,67.44186046511628,61.627906976744185,5.813953488372093
E00172526,80,26,7,19,54,48,6,32.5,8.75,23.75,67.5,60,7.5
E00172527,161,40,11,29,121,111,10,24.84472049689441,6.832298136645963,18.012422360248447,75.15527950310559,68.94409937888199,6.211180124223603
E00172530,116,25,6,19,91,78,13,21.551724137931032,5.172413793103448,16.379310344827587,78.44827586206897,67.24137931034483,11.206896551724139
E00172533,104,88,49,39,16,15,1,84.61538461538461,47.11538461538461,37.5,15.384615384615385,14.423076923076922,0.9615384615384616
E00172535,226,53,15,38,173,158,15,23.451327433628318,6.637168141592921,16.8141592920354,76.54867256637168,69.91150442477876,6.637168141592921
E00172536,172,44,6,38,128,116,12,25.581395348837212,3.488372093023256,22.093023255813954,74.4186046511628,67.44186046511628,6.976744186046512
E00172538,176,46,11,35,130,110,20,26.136363636363637,6.25,19.886363636363637,73.86363636363636,62.5,11.363636363636363
E00172543,117,35,12,23,82,76,6,29.914529914529915,10.256410256410255,19.65811965811966,70.08547008547008,64.95726495726495,5.128205128205128
E00172544,247,79,22,57,168,143,25,31.983805668016196,8.906882591093117,23.076923076923077,68.0161943319838,57.89473684210527,10.121457489878543
E00172545,137,49,17,32,88,78,10,35.76642335766424,12.408759124087592,23.357664233576642,64.23357664233576,56.934306569343065,7.2992700729927
E00172546,82,23,11,12,59,51,8,28.04878048780488,13.414634146341465,14.634146341463413,71.95121951219512,62.19512195121951,9.75609756097561
E00172548,121,46,14,32,75,54,21,38.01652892561984,11.570247933884298,26.446280991735538,61.98347107438017,44.62809917355372,17.355371900826448
E00172549,169,45,22,23,124,85,39,26.627218934911244,13.017751479289942,13.609467455621301,73.37278106508876,50.29585798816568,23.076923076923077
E00172550,157,43,20,23,114,84,30,27.388535031847134,12.738853503184714,14.64968152866242,72.61146496815286,53.503184713375795,19.10828025477707
E00185178,178,89,64,25,89,76,13,50,35.95505617977528,14.04494382022472,50,42.69662921348314,7.303370786516854
E00185179,130,52,20,32,78,66,12,40,15.384615384615385,24.615384615384617,60,50.76923076923077,9.230769230769232
E00185180,184,75,24,51,109,98,11,40.76086956521739,13.043478260869565,27.717391304347828,59.2391304347826,53.2608695652174,5.978260869565218
E00185181,143,53,20,33,90,69,21,37.06293706293706,13.986013986013987,23.076923076923077,62.93706293706294,48.25174825174825,14.685314685314685
E00185182,153,55,18,37,98,80,18,35.947712418300654,11.76470588235294,24.183006535947712,64.05228758169935,52.28758169934641,11.76470588235294
E00185183,226,190,134,56,36,36,0,84.070796460177,59.29203539823009,24.778761061946902,15.929203539823009,15.929203539823009,0
E00185184,130,88,55,33,42,36,6,67.6923076923077,42.30769230769231,25.384615384615383,32.30769230769231,27.692307692307693,4.615384615384616
E00185185,220,62,19,43,158,141,17,28.18181818181818,8.636363636363637,19.545454545454547,71.81818181818181,64.0909090909091,7.727272727272727
E00185186,159,56,34,22,103,98,5,35.22012578616352,21.38364779874214,13.836477987421384,64.77987421383648,61.63522012578616,3.1446540880503147
E00185187,219,58,26,32,161,147,14,26.48401826484018,11.87214611872146,14.61187214611872,73.51598173515981,67.12328767123287,6.392694063926941
E00185188,86,32,13,19,54,42,12,37.2093023255814,15.11627906976744,22.093023255813954,62.7906976744186,48.837209302325576,13.953488372093023
E00185189,215,83,56,27,132,114,18,38.604651162790695,26.046511627906977,12.558139534883722,61.395348837209305,53.02325581395348,8.372093023255815
E00185190,209,58,25,33,151,132,19,27.751196172248804,11.961722488038278,15.789473684210526,72.24880382775119,63.1578947368421,9.090909090909092
E00185191,196,66,36,30,130,123,7,33.6734693877551,18.367346938775512,15.306122448979592,66.3265306122449,62.755102040816325,3.571428571428571
E00185192,232,158,123,35,74,57,17,68.10344827586206,53.01724137931034,15.086206896551724,31.896551724137932,24.568965517241377,7.327586206896551
E00185193,123,72,53,19,51,39,12,58.536585365853654,43.08943089430895,15.447154471544716,41.46341463414634,31.70731707317073,9.75609756097561
E00185194,153,86,59,27,67,60,7,56.209150326797385,38.56209150326798,17.647058823529413,43.790849673202615,39.21568627450981,4.57516339869281
E00185195,151,114,87,27,37,28,9,75.49668874172185,57.615894039735096,17.880794701986755,24.503311258278146,18.543046357615893,5.960264900662252
E00185196,68,18,4,14,50,48,2,26.47058823529412,5.88235294117647,20.588235294117645,73.52941176470588,70.58823529411765,2.941176470588235
E00185197,173,39,15,24,134,114,20,22.54335260115607,8.670520231213873,13.872832369942195,77.45664739884393,65.89595375722543,11.560693641618498
E00185198,106,18,9,9,88,79,9,16.9811320754717,8.49056603773585,8.49056603773585,83.01886792452831,74.52830188679245,8.49056603773585
E00185199,151,106,72,34,45,40,5,70.19867549668875,47.682119205298015,22.516556291390728,29.80132450331126,26.490066225165563,3.3112582781456954
E00185200,228,54,18,36,174,149,25,23.684210526315788,7.894736842105263,15.789473684210526,76.31578947368422,65.35087719298247,10.964912280701753
E00185201,160,40,20,20,120,105,15,25,12.5,12.5,75,65.625,9.375
E00185202,134,52,11,41,82,79,3,38.80597014925373,8.208955223880597,30.597014925373134,61.19402985074627,58.95522388059702,2.2388059701492535
E00185203,83,25,7,18,58,48,10,30.120481927710845,8.433734939759036,21.686746987951807,69.87951807228916,57.831325301204814,12.048192771084338
E00185204,201,87,25,62,114,106,8,43.28358208955223,12.437810945273633,30.845771144278604,56.71641791044776,52.736318407960205,3.9800995024875623
E00185205,70,18,7,11,52,47,5,25.71428571428571,10,15.714285714285714,74.28571428571429,67.14285714285714,7.142857142857142
E00185206,198,45,11,34,153,129,24,22.727272727272727,5.555555555555555,17.17171717171717,77.27272727272727,65.15151515151516,12.121212121212121
E00185207,126,25,6,19,101,93,8,19.841269841269842,4.761904761904762,15.079365079365079,80.15873015873017,73.80952380952381,6.349206349206349
E00185208,159,57,25,32,102,86,16,35.84905660377358,15.723270440251572,20.125786163522015,64.15094339622641,54.088050314465406,10.062893081761008
E00185209,226,55,19,36,171,145,26,24.336283185840706,8.4070796460177,15.929203539823009,75.66371681415929,64.15929203539822,11.504424778761061
E00185210,155,40,9,31,115,105,10,25.806451612903224,5.806451612903226,20,74.19354838709677,67.74193548387096,6.451612903225806
E00185211,238,69,21,48,169,138,31,28.991596638655466,8.823529411764707,20.168067226890756,71.00840336134453,57.98319327731093,13.025210084033615
E00185212,75,34,19,15,41,41,0,45.33333333333333,25.333333333333336,20,54.666666666666664,54.666666666666664,0
E00185213,25,9,5,4,16,14,2,36,20,16,64,56.00000000000001,8
E00185214,130,29,18,11,101,93,8,22.30769230769231,13.846153846153847,8.461538461538462,77.6923076923077,71.53846153846153,6.153846153846154
E00185215,207,182,122,60,25,24,1,87.92270531400966,58.93719806763285,28.985507246376812,12.077294685990339,11.594202898550725,0.4830917874396135
E00185216,253,51,12,39,202,171,31,20.158102766798418,4.743083003952568,15.41501976284585,79.84189723320159,67.58893280632411,12.25296442687747
E00185217,234,106,56,50,128,112,16,45.2991452991453,23.931623931623932,21.367521367521366,54.700854700854705,47.863247863247864,6.837606837606838
E00185218,142,46,14,32,96,84,12,32.3943661971831,9.859154929577464,22.535211267605636,67.6056338028169,59.154929577464785,8.450704225352112
E00185219,196,27,12,15,169,141,28,13.77551020408163,6.122448979591836,7.653061224489796,86.22448979591837,71.93877551020408,14.285714285714285
E00185220,168,71,23,48,97,90,7,42.26190476190476,13.690476190476192,28.57142857142857,57.738095238095234,53.57142857142857,4.166666666666666
E00185221,206,68,34,34,138,128,10,33.00970873786408,16.50485436893204,16.50485436893204,66.99029126213593,62.13592233009708,4.854368932038835
E00185222,170,44,16,28,126,111,15,25.882352941176475,9.411764705882353,16.470588235294116,74.11764705882354,65.29411764705883,8.823529411764707
E00185223,76,28,17,11,48,41,7,36.84210526315789,22.36842105263158,14.473684210526317,63.1578947368421,53.94736842105263,9.210526315789473
E00185224,104,27,8,19,77,74,3,25.961538461538463,7.6923076923076925,18.269230769230766,74.03846153846155,71.15384615384616,2.8846153846153846
E00185225,249,62,17,45,187,164,23,24.899598393574294,6.827309236947792,18.072289156626507,75.1004016064257,65.86345381526104,9.236947791164658
E00185226,78,19,3,16,59,53,6,24.358974358974358,3.8461538461538463,20.51282051282051,75.64102564102564,67.94871794871796,7.6923076923076925
E00185227,315,75,13,62,240,215,25,23.809523809523807,4.1269841269841265,19.682539682539684,76.19047619047619,68.25396825396825,7.936507936507936
E00185228,91,10,6,4,81,80,1,10.989010989010989,6.593406593406594,4.395604395604396,89.01098901098901,87.91208791208791,1.098901098901099
E00185229,135,109,77,32,26,25,1,80.74074074074075,57.03703703703704,23.703703703703706,19.25925925925926,18.51851851851852,0.7407407407407408
E00185230,99,38,25,13,61,57,4,38.38383838383838,25.252525252525253,13.131313131313133,61.61616161616161,57.57575757575758,4.040404040404041
E00185231,94,17,8,9,77,63,14,18.085106382978726,8.51063829787234,9.574468085106384,81.91489361702128,67.02127659574468,14.893617021276595
E00185232,134,52,14,38,82,75,7,38.80597014925373,10.44776119402985,28.35820895522388,61.19402985074627,55.970149253731336,5.223880597014925
E00185233,121,45,14,31,76,67,9,37.1900826446281,11.570247933884298,25.6198347107438,62.8099173553719,55.371900826446286,7.43801652892562
E00185234,76,25,7,18,51,45,6,32.89473684210527,9.210526315789473,23.684210526315788,67.10526315789474,59.210526315789465,7.894736842105263
E00185235,119,15,9,6,104,90,14,12.605042016806722,7.563025210084033,5.042016806722689,87.39495798319328,75.63025210084034,11.76470588235294
E00185236,78,16,8,8,62,57,5,20.51282051282051,10.256410256410255,10.256410256410255,79.48717948717949,73.07692307692307,6.41025641025641
E00185237,170,42,21,21,128,112,16,24.705882352941178,12.352941176470589,12.352941176470589,75.29411764705883,65.88235294117646,9.411764705882353
E00185238,101,16,1,15,85,74,11,15.841584158415841,0.9900990099009901,14.85148514851485,84.15841584158416,73.26732673267327,10.891089108910892
E00185239,69,24,5,19,45,40,5,34.78260869565217,7.246376811594203,27.536231884057973,65.21739130434783,57.971014492753625,7.246376811594203
E00185240,93,23,10,13,70,64,6,24.731182795698924,10.75268817204301,13.978494623655912,75.26881720430107,68.81720430107528,6.451612903225806
E00185241,127,62,30,32,65,61,4,48.818897637795274,23.62204724409449,25.196850393700785,51.181102362204726,48.031496062992126,3.149606299212598
E00185242,78,40,18,22,38,35,3,51.28205128205128,23.076923076923077,28.205128205128204,48.717948717948715,44.871794871794876,3.8461538461538463
E00185243,240,55,18,37,185,163,22,22.916666666666664,7.5,15.416666666666668,77.08333333333334,67.91666666666667,9.166666666666666
E00185244,308,71,18,53,237,207,30,23.051948051948052,5.844155844155844,17.20779220779221,76.94805194805194,67.20779220779221,9.740259740259742
E00185245,91,54,37,17,37,34,3,59.34065934065934,40.65934065934066,18.681318681318682,40.65934065934066,37.362637362637365,3.296703296703297
E00185246,86,21,5,16,65,56,9,24.418604651162788,5.813953488372093,18.6046511627907,75.5813953488372,65.11627906976744,10.465116279069768
E00185247,160,82,51,31,78,60,18,51.24999999999999,31.874999999999996,19.375,48.75,37.5,11.25
E00185248,85,17,5,12,68,59,9,20,5.88235294117647,14.117647058823529,80,69.41176470588235,10.588235294117647
E00185249,277,60,21,39,217,201,16,21.660649819494584,7.581227436823104,14.079422382671481,78.33935018050542,72.56317689530685,5.776173285198556
E00185250,105,41,6,35,64,60,4,39.04761904761905,5.714285714285714,33.33333333333333,60.952380952380956,57.14285714285714,3.8095238095238098
E00185251,156,36,13,23,120,109,11,23.076923076923077,8.333333333333332,14.743589743589745,76.92307692307693,69.87179487179486,7.051282051282051
E00185252,113,40,13,27,73,67,6,35.39823008849557,11.504424778761061,23.893805309734514,64.60176991150442,59.29203539823009,5.3097345132743365
E00185253,58,15,4,11,43,42,1,25.862068965517242,6.896551724137931,18.96551724137931,74.13793103448276,72.41379310344827,1.7241379310344827
E00185254,183,55,12,43,128,117,11,30.05464480874317,6.557377049180328,23.497267759562842,69.94535519125684,63.934426229508205,6.0109289617486334
E00185255,52,20,4,16,32,29,3,38.46153846153847,7.6923076923076925,30.76923076923077,61.53846153846154,55.769230769230774,5.769230769230769
E00185256,198,25,13,12,173,149,24,12.626262626262626,6.565656565656567,6.0606060606060606,87.37373737373737,75.25252525252525,12.121212121212121
E00185257,139,20,8,12,119,97,22,14.388489208633093,5.755395683453238,8.633093525179856,85.61151079136691,69.7841726618705,15.827338129496402
E00185258,78,37,20,17,41,32,9,47.43589743589743,25.64102564102564,21.794871794871796,52.56410256410257,41.02564102564102,11.538461538461538
E00185259,125,65,36,29,60,59,1,52,28.799999999999997,23.200000000000003,48,47.199999999999996,0.8
E00185260,299,51,25,26,248,221,27,17.05685618729097,8.361204013377927,8.695652173913043,82.94314381270902,73.91304347826086,9.03010033444816
E00185261,149,70,47,23,79,74,5,46.97986577181208,31.543624161073826,15.436241610738255,53.02013422818792,49.664429530201346,3.3557046979865772
E00185262,80,26,8,18,54,46,8,32.5,10,22.5,67.5,57.49999999999999,10
