OA,ts0380001,ts0380002,ts0380003,ts0380004,ts0380005,ts0380006,ts0380007,ts0380002_PCT,ts0380003_PCT,ts0380004_PCT,ts0380005_PCT,ts0380006_PCT,ts0380007_PCT
W00006943,245,85,55,30,160,9,151,34.69387755102041,22.448979591836736,12.244897959183673,65.3061224489796,3.6734693877551026,61.63265306122449
W00006944,451,78,43,35,373,29,344,17.29490022172949,9.534368070953436,7.760532150776053,82.70509977827051,6.430155210643015,76.27494456762749
W00006945,277,71,36,35,206,14,192,25.63176895306859,12.996389891696749,12.63537906137184,74.36823104693141,5.054151624548736,69.31407942238266
W00006946,338,109,58,51,229,11,218,32.24852071005917,17.159763313609467,15.088757396449704,67.75147928994083,3.2544378698224854,64.49704142011834
W00006947,250,59,31,28,191,11,180,23.599999999999998,12.4,11.200000000000001,76.4,4.3999999999999995,72
W00006948,318,81,43,38,237,19,218,25.471698113207548,13.522012578616351,11.949685534591195,74.52830188679245,5.9748427672955975,68.55345911949685
W00006949,399,96,60,36,303,19,284,24.06015037593985,15.037593984962406,9.022556390977442,75.93984962406014,4.761904761904762,71.17794486215539
W00006950,291,85,55,30,206,8,198,29.20962199312715,18.900343642611684,10.309278350515463,70.79037800687286,2.7491408934707904,68.04123711340206
W00006951,362,88,50,38,274,18,256,24.30939226519337,13.812154696132598,10.497237569060774,75.69060773480662,4.972375690607735,70.71823204419888
W00006952,308,82,47,35,226,15,211,26.623376623376622,15.259740259740258,11.363636363636363,73.37662337662337,4.870129870129871,68.5064935064935
W00006953,266,72,38,34,194,16,178,27.06766917293233,14.285714285714285,12.781954887218044,72.93233082706767,6.015037593984962,66.9172932330827
W00006954,323,122,81,41,201,18,183,37.77089783281733,25.077399380804955,12.693498452012383,62.22910216718266,5.572755417956656,56.656346749226
W00006955,312,73,34,39,239,15,224,23.397435897435898,10.897435897435898,12.5,76.6025641025641,4.807692307692308,71.7948717948718
W00006956,241,70,42,28,171,13,158,29.045643153526974,17.42738589211618,11.618257261410788,70.95435684647303,5.394190871369295,65.56016597510373
W00006957,333,81,51,30,252,10,242,24.324324324324326,15.315315315315313,9.00900900900901,75.67567567567568,3.003003003003003,72.67267267267268
W00006958,290,62,33,29,228,14,214,21.379310344827587,11.379310344827587,10,78.62068965517241,4.827586206896552,73.79310344827587
W00006959,309,80,41,39,229,28,201,25.88996763754045,13.268608414239482,12.62135922330097,74.11003236245955,9.06148867313916,65.0485436893204
W00006960,308,67,29,38,241,15,226,21.753246753246753,9.415584415584416,12.337662337662337,78.24675324675324,4.870129870129871,73.37662337662337
W00006961,323,74,29,45,249,18,231,22.910216718266255,8.978328173374612,13.93188854489164,77.08978328173374,5.572755417956656,71.51702786377709
W00006962,257,67,30,37,190,23,167,26.07003891050584,11.673151750972762,14.396887159533073,73.92996108949417,8.949416342412452,64.98054474708171
W00006963,291,71,29,42,220,19,201,24.398625429553263,9.965635738831615,14.432989690721648,75.60137457044674,6.529209621993128,69.0721649484536
W00006964,275,60,30,30,215,22,193,21.818181818181817,10.909090909090908,10.909090909090908,78.18181818181819,8,70.18181818181817
W00006965,262,54,29,25,208,18,190,20.610687022900763,11.068702290076336,9.541984732824428,79.38931297709924,6.870229007633588,72.51908396946564
W00006966,293,64,34,30,229,14,215,21.843003412969285,11.604095563139932,10.238907849829351,78.15699658703072,4.778156996587031,73.37883959044369
W00006968,339,68,27,41,271,19,252,20.058997050147493,7.964601769911504,12.094395280235988,79.9410029498525,5.604719764011799,74.33628318584071
W00006969,278,74,37,37,204,18,186,26.618705035971225,13.309352517985612,13.309352517985612,73.38129496402878,6.474820143884892,66.90647482014388
W00006970,462,86,41,45,376,32,344,18.614718614718615,8.874458874458876,9.740259740259742,81.38528138528139,6.926406926406926,74.45887445887446
W00006971,229,41,16,25,188,12,176,17.903930131004365,6.986899563318777,10.91703056768559,82.09606986899564,5.240174672489083,76.85589519650655
W00006972,336,72,31,41,264,21,243,21.428571428571427,9.226190476190476,12.202380952380953,78.57142857142857,6.25,72.32142857142857
W00006973,348,72,40,32,276,14,262,20.689655172413794,11.494252873563218,9.195402298850574,79.3103448275862,4.022988505747127,75.28735632183908
W00006974,306,49,18,31,257,20,237,16.013071895424837,5.88235294117647,10.130718954248366,83.98692810457517,6.535947712418301,77.45098039215686
W00006975,373,72,39,33,301,20,281,19.302949061662197,10.455764075067025,8.847184986595174,80.6970509383378,5.361930294906166,75.33512064343164
W00006976,338,96,45,51,242,14,228,28.402366863905325,13.313609467455622,15.088757396449704,71.59763313609467,4.142011834319527,67.45562130177515
W00006977,372,64,29,35,308,20,288,17.20430107526882,7.795698924731183,9.408602150537634,82.79569892473118,5.376344086021505,77.41935483870968
W00006978,313,60,29,31,253,22,231,19.169329073482427,9.26517571884984,9.904153354632587,80.83067092651757,7.0287539936102235,73.80191693290735
W00006979,251,81,52,29,170,15,155,32.27091633466135,20.717131474103585,11.553784860557768,67.729083665338635,5.9760956175298805,61.75298804780876
W00006980,273,70,36,34,203,15,188,25.64102564102564,13.186813186813188,12.454212454212454,74.35897435897436,5.4945054945054945,68.86446886446886
W00006981,275,65,32,33,210,12,198,23.636363636363637,11.636363636363637,12,76.36363636363637,4.363636363636364,72
W00006982,293,68,33,35,225,9,216,23.208191126279864,11.262798634812286,11.945392491467576,76.79180887372013,3.0716723549488054,73.72013651877133
W00006983,363,83,41,42,280,18,262,22.865013774104685,11.294765840220386,11.570247933884298,77.13498622589532,4.958677685950414,72.1763085399449
W00006984,334,79,39,40,255,20,235,23.652694610778443,11.676646706586826,11.976047904191617,76.34730538922156,5.9880239520958085,70.35928143712576
W00006985,237,67,45,22,170,15,155,28.270042194092827,18.9873417721519,9.282700421940929,71.72995780590718,6.329113924050633,65.40084388185655
W00006986,266,67,35,32,199,15,184,25.18796992481203,13.157894736842104,12.030075187969924,74.81203007518798,5.639097744360902,69.17293233082707
W00006987,265,59,32,27,206,19,187,22.264150943396228,12.075471698113208,10.18867924528302,77.73584905660378,7.169811320754717,70.56603773584905
W00006988,391,112,64,48,279,17,262,28.644501278772378,16.36828644501279,12.27621483375959,71.35549872122762,4.3478260869565215,67.0076726342711
W00006989,294,78,41,37,216,17,199,26.53061224489796,13.945578231292515,12.585034013605442,73.46938775510205,5.782312925170068,67.68707482993197
W00006990,297,48,25,23,249,25,224,16.161616161616163,8.417508417508419,7.744107744107744,83.83838383838383,8.417508417508419,75.42087542087542
W00006991,348,89,49,40,259,21,238,25.57471264367816,14.080459770114942,11.494252873563218,74.42528735632183,6.0344827586206895,68.39080459770115
W00006992,306,70,44,26,236,14,222,22.875816993464053,14.37908496732026,8.49673202614379,77.12418300653596,4.57516339869281,72.54901960784314
W00006993,473,97,47,50,376,36,340,20.507399577167018,9.936575052854122,10.570824524312897,79.49260042283298,7.6109936575052854,71.8816067653277
W00006994,389,100,45,55,289,35,254,25.70694087403599,11.568123393316196,14.138817480719796,74.293059125964,8.997429305912597,65.29562982005142
W00006995,400,94,46,48,306,19,287,23.5,11.5,12,76.5,4.75,71.75
W00006996,249,60,31,29,189,6,183,24.096385542168676,12.449799196787147,11.646586345381527,75.90361445783132,2.4096385542168677,73.49397590361446
W00006997,327,73,39,34,254,19,235,22.32415902140673,11.926605504587156,10.397553516819572,77.67584097859327,5.81039755351682,71.86544342507645
W00006998,266,94,63,31,172,5,167,35.338345864661655,23.684210526315788,11.654135338345863,64.66165413533834,1.8796992481203008,62.78195488721805
W00006999,300,88,57,31,212,14,198,29.333333333333332,19,10.333333333333334,70.66666666666667,4.666666666666667,66
W00007000,294,96,60,36,198,16,182,32.6530612244898,20.408163265306122,12.244897959183673,67.3469387755102,5.442176870748299,61.904761904761905
W00007001,258,66,33,33,192,16,176,25.581395348837212,12.790697674418606,12.790697674418606,74.4186046511628,6.2015503875969,68.21705426356588
W00007002,297,66,32,34,231,22,209,22.22222222222222,10.774410774410773,11.447811447811448,77.77777777777779,7.4074074074074066,70.37037037037037
W00007003,318,80,43,37,238,24,214,25.157232704402517,13.522012578616351,11.635220125786164,74.84276729559748,7.547169811320755,67.29559748427673
W00007004,255,71,36,35,184,12,172,27.84313725490196,14.117647058823529,13.725490196078432,72.15686274509804,4.705882352941177,67.45098039215686
W00007005,310,85,38,47,225,11,214,27.419354838709676,12.258064516129032,15.161290322580644,72.58064516129032,3.5483870967741935,69.03225806451613
W00007006,272,68,35,33,204,10,194,25,12.867647058823529,12.132352941176471,75,3.6764705882352944,71.32352941176471
W00007007,296,55,21,34,241,20,221,18.58108108108108,7.094594594594595,11.486486486486488,81.41891891891892,6.756756756756757,74.66216216216216
W00007008,300,81,48,33,219,5,214,27,16,11,73,1.6666666666666667,71.33333333333334
W00007009,294,63,30,33,231,25,206,21.428571428571427,10.204081632653061,11.224489795918368,78.57142857142857,8.503401360544217,70.06802721088435
W00007010,257,88,56,32,169,10,159,34.24124513618677,21.78988326848249,12.45136186770428,65.75875486381322,3.8910505836575875,61.86770428015564
W00007011,288,68,40,28,220,21,199,23.61111111111111,13.88888888888889,9.722222222222223,76.38888888888889,7.291666666666667,69.09722222222221
W00007012,242,79,43,36,163,10,153,32.64462809917356,17.768595041322314,14.87603305785124,67.35537190082644,4.132231404958678,63.22314049586777
W00007013,299,78,36,42,221,16,205,26.08695652173913,12.040133779264215,14.046822742474916,73.91304347826086,5.351170568561873,68.56187290969899
W00007014,272,85,54,31,187,16,171,31.25,19.852941176470587,11.397058823529411,68.75,5.88235294117647,62.86764705882353
W00007015,361,86,43,43,275,18,257,23.822714681440445,11.911357340720222,11.911357340720222,76.17728531855957,4.986149584487535,71.19113573407202
W00007016,253,75,38,37,178,14,164,29.64426877470356,15.019762845849801,14.624505928853754,70.35573122529645,5.533596837944664,64.82213438735178
W00007017,266,95,54,41,171,16,155,35.714285714285715,20.30075187969925,15.413533834586465,64.28571428571429,6.015037593984962,58.27067669172933
W00007018,262,95,71,24,167,14,153,36.25954198473282,27.099236641221374,9.16030534351145,63.74045801526718,5.343511450381679,58.396946564885496
W00007019,344,87,52,35,257,7,250,25.290697674418606,15.11627906976744,10.174418604651162,74.70930232558139,2.0348837209302326,72.67441860465115
W00007020,301,61,34,27,240,23,217,20.26578073089701,11.295681063122924,8.970099667774086,79.734219269103,7.641196013289036,72.09302325581395
W00007021,328,69,26,43,259,28,231,21.036585365853657,7.926829268292683,13.109756097560975,78.96341463414635,8.536585365853659,70.42682926829268
W00007022,301,74,32,42,227,8,219,24.58471760797342,10.631229235880399,13.953488372093023,75.41528239202658,2.6578073089700998,72.75747508305648
W00007023,313,53,23,30,260,18,242,16.93290734824281,7.348242811501597,9.584664536741213,83.06709265175719,5.7507987220447285,77.31629392971246
W00007024,393,97,40,57,296,27,269,24.681933842239186,10.178117048346055,14.50381679389313,75.31806615776081,6.870229007633588,68.44783715012723
W00007025,315,60,18,42,255,25,230,19.047619047619047,5.714285714285714,13.333333333333334,80.95238095238095,7.936507936507936,73.01587301587301
W00007026,418,55,21,34,363,27,336,13.157894736842104,5.023923444976076,8.133971291866029,86.8421052631579,6.4593301435406705,80.38277511961722
W00007027,272,51,24,27,221,19,202,18.75,8.823529411764707,9.926470588235293,81.25,6.985294117647059,74.26470588235294
W00007028,355,75,36,39,280,28,252,21.12676056338028,10.140845070422536,10.985915492957748,78.87323943661971,7.887323943661972,70.98591549295776
W00007029,252,47,22,25,205,27,178,18.650793650793652,8.73015873015873,9.920634920634921,81.34920634920636,10.714285714285714,70.63492063492063
W00007030,289,71,42,29,218,19,199,24.567474048442904,14.53287197231834,10.034602076124568,75.4325259515571,6.5743944636678195,68.85813148788927
W00007031,321,89,42,47,232,24,208,27.725856697819314,13.084112149532709,14.641744548286603,72.27414330218068,7.476635514018691,64.797507788162
W00007032,355,105,57,48,250,16,234,29.577464788732392,16.056338028169016,13.521126760563378,70.4225352112676,4.507042253521127,65.91549295774648
W00007033,287,57,32,25,230,20,210,19.860627177700348,11.149825783972126,8.710801393728223,80.13937282229965,6.968641114982578,73.17073170731707
W00007034,299,98,56,42,201,18,183,32.77591973244147,18.729096989966553,14.046822742474916,67.22408026755853,6.0200668896321075,61.20401337792642
W00007035,483,79,40,39,404,22,382,16.35610766045549,8.281573498964804,8.074534161490684,83.64389233954451,4.554865424430641,79.08902691511386
W00007036,308,62,22,40,246,19,227,20.12987012987013,7.142857142857142,12.987012987012985,79.87012987012987,6.1688311688311686,73.7012987012987
W00007037,333,87,53,34,246,16,230,26.126126126126124,15.915915915915916,10.21021021021021,73.87387387387388,4.804804804804805,69.06906906906907
W00007038,284,52,24,28,232,23,209,18.30985915492958,8.450704225352112,9.859154929577464,81.69014084507043,8.098591549295776,73.59154929577466
W00007039,288,65,35,30,223,24,199,22.569444444444446,12.152777777777777,10.416666666666668,77.43055555555556,8.333333333333332,69.09722222222221
W00007040,272,76,42,34,196,15,181,27.941176470588236,15.441176470588236,12.5,72.05882352941177,5.514705882352941,66.54411764705883
W00007041,315,88,55,33,227,8,219,27.936507936507937,17.46031746031746,10.476190476190476,72.06349206349206,2.5396825396825395,69.52380952380952
W00007042,311,49,26,23,262,30,232,15.755627009646304,8.360128617363344,7.395498392282958,84.2443729903537,9.646302250803858,74.59807073954984
W00007043,225,47,23,24,178,5,173,20.88888888888889,10.222222222222223,10.666666666666668,79.11111111111111,2.2222222222222223,76.88888888888889
W00007044,269,71,35,36,198,12,186,26.394052044609666,13.011152416356877,13.382899628252787,73.60594795539033,4.4609665427509295,69.14498141263941
W00007045,292,58,32,26,234,14,220,19.863013698630137,10.95890410958904,8.904109589041095,80.13698630136986,4.794520547945205,75.34246575342466
W00007046,307,46,14,32,261,22,239,14.983713355048861,4.5602605863192185,10.423452768729643,85.01628664495115,7.166123778501629,77.85016286644951
W00007047,309,73,35,38,236,16,220,23.624595469255663,11.326860841423949,12.297734627831716,76.37540453074433,5.177993527508091,71.19741100323624
W00007048,302,67,30,37,235,21,214,22.185430463576157,9.933774834437086,12.251655629139073,77.81456953642383,6.95364238410596,70.86092715231787
W00007049,322,66,33,33,256,10,246,20.496894409937887,10.248447204968944,10.248447204968944,79.5031055900621,3.1055900621118013,76.3975155279503
W00007050,267,81,45,36,186,14,172,30.337078651685395,16.853932584269664,13.48314606741573,69.66292134831461,5.2434456928838955,64.41947565543072
W00007051,260,80,47,33,180,16,164,30.76923076923077,18.076923076923077,12.692307692307692,69.23076923076923,6.153846153846154,63.07692307692307
W00007052,227,69,40,29,158,9,149,30.396475770925107,17.62114537444934,12.77533039647577,69.60352422907489,3.9647577092511015,65.63876651982379
W00007053,328,60,20,40,268,20,248,18.29268292682927,6.097560975609756,12.195121951219512,81.70731707317073,6.097560975609756,75.60975609756098
W00007054,262,106,66,40,156,10,146,40.458015267175576,25.190839694656486,15.267175572519085,59.541984732824424,3.816793893129771,55.72519083969466
W00007055,359,71,36,35,288,24,264,19.77715877437326,10.027855153203342,9.749303621169917,80.22284122562674,6.685236768802229,73.53760445682451
W00007056,338,89,44,45,249,22,227,26.331360946745562,13.017751479289942,13.313609467455622,73.66863905325444,6.508875739644971,67.15976331360946
W00007057,315,54,26,28,261,14,247,17.142857142857142,8.253968253968253,8.88888888888889,82.85714285714286,4.444444444444445,78.41269841269842
W00007058,298,59,21,38,239,33,206,19.798657718120804,7.046979865771812,12.751677852348994,80.20134228187919,11.073825503355705,69.12751677852349
W00007059,283,93,56,37,190,22,168,32.86219081272085,19.78798586572438,13.074204946996467,67.13780918727915,7.773851590106007,59.36395759717315
W00007060,495,134,75,59,361,19,342,27.070707070707073,15.151515151515152,11.91919191919192,72.92929292929293,3.8383838383838382,69.0909090909091
W00007061,261,55,25,30,206,14,192,21.0727969348659,9.578544061302683,11.494252873563218,78.9272030651341,5.363984674329502,73.5632183908046
W00007062,310,50,24,26,260,28,232,16.129032258064516,7.741935483870968,8.38709677419355,83.87096774193549,9.032258064516128,74.83870967741936
W00007063,303,59,30,29,244,23,221,19.471947194719473,9.900990099009901,9.570957095709572,80.52805280528052,7.590759075907591,72.93729372937293
W00007064,326,69,27,42,257,29,228,21.165644171779142,8.282208588957054,12.883435582822086,78.83435582822086,8.895705521472392,69.93865030674846
W00007065,243,61,23,38,182,19,163,25.102880658436217,9.465020576131687,15.637860082304528,74.8971193415638,7.818930041152264,67.07818930041152
W00007066,306,76,38,38,230,25,205,24.836601307189543,12.418300653594772,12.418300653594772,75.16339869281046,8.169934640522875,66.99346405228758
W00007067,495,84,47,37,411,34,377,16.969696969696972,9.494949494949495,7.474747474747474,83.03030303030303,6.8686868686868685,76.16161616161617
W00007068,314,54,24,30,260,18,242,17.197452229299362,7.643312101910828,9.554140127388536,82.80254777070064,5.7324840764331215,77.07006369426752
W00007069,288,67,29,38,221,22,199,23.26388888888889,10.069444444444445,13.194444444444445,76.73611111111111,7.638888888888889,69.09722222222221
W00007070,299,57,24,33,242,21,221,19.063545150501675,8.02675585284281,11.036789297658862,80.93645484949833,7.023411371237458,73.91304347826086
W00007071,220,64,30,34,156,17,139,29.09090909090909,13.636363636363635,15.454545454545453,70.9090909090909,7.727272727272727,63.18181818181819
W00007072,239,56,30,26,183,19,164,23.430962343096233,12.552301255230125,10.87866108786611,76.56903765690377,7.949790794979079,68.6192468619247
W00007073,325,94,52,42,231,26,205,28.923076923076923,16,12.923076923076923,71.07692307692308,8,63.07692307692307
W00007074,250,45,28,17,205,15,190,18,11.200000000000001,6.800000000000001,82,6,76
W00007075,314,82,38,44,232,15,217,26.11464968152866,12.101910828025478,14.012738853503185,73.88535031847134,4.777070063694268,69.10828025477707
W00007076,300,82,45,37,218,18,200,27.333333333333332,15,12.333333333333334,72.66666666666667,6,66.66666666666666
W00007077,269,65,30,35,204,18,186,24.1635687732342,11.152416356877323,13.011152416356877,75.8364312267658,6.691449814126393,69.14498141263941
W00007078,269,73,37,36,196,18,178,27.137546468401485,13.754646840148698,13.382899628252787,72.86245353159852,6.691449814126393,66.17100371747212
W00007079,364,112,64,48,252,17,235,30.76923076923077,17.582417582417584,13.186813186813188,69.23076923076923,4.670329670329671,64.56043956043956
W00007080,326,66,39,27,260,26,234,20.245398773006134,11.96319018404908,8.282208588957054,79.75460122699386,7.975460122699387,71.77914110429448
W00007081,244,84,32,52,160,14,146,34.42622950819672,13.114754098360656,21.311475409836063,65.57377049180327,5.737704918032787,59.83606557377049
W00007082,275,53,27,26,222,22,200,19.272727272727273,9.818181818181818,9.454545454545455,80.72727272727272,8,72.72727272727273
W00007083,353,112,55,57,241,26,215,31.728045325779036,15.58073654390935,16.147308781869686,68.27195467422096,7.365439093484419,60.90651558073654
W00007084,257,78,37,41,179,9,170,30.35019455252918,14.396887159533073,15.953307392996107,69.64980544747081,3.501945525291829,66.14785992217898
W00007085,259,63,33,30,196,17,179,24.324324324324326,12.741312741312742,11.583011583011583,75.67567567567568,6.563706563706563,69.1119691119691
W00007086,245,84,38,46,161,15,146,34.285714285714285,15.510204081632653,18.775510204081634,65.71428571428571,6.122448979591836,59.591836734693885
W00007087,255,87,49,38,168,10,158,34.11764705882353,19.215686274509807,14.901960784313726,65.88235294117646,3.9215686274509802,61.96078431372549
W00007088,331,94,61,33,237,22,215,28.3987915407855,18.429003021148034,9.969788519637463,71.6012084592145,6.646525679758309,64.95468277945619
W00007089,304,76,51,25,228,10,218,25,16.776315789473685,8.223684210526317,75,3.289473684210526,71.71052631578947
W00007090,293,90,53,37,203,13,190,30.716723549488055,18.088737201365188,12.627986348122866,69.28327645051195,4.436860068259386,64.84641638225256
W00007091,284,100,60,40,184,13,171,35.2112676056338,21.12676056338028,14.084507042253522,64.7887323943662,4.577464788732395,60.2112676056338
W00007092,177,79,49,30,98,11,87,44.632768361581924,27.683615819209038,16.94915254237288,55.367231638418076,6.214689265536723,49.152542372881356
W00007093,311,67,28,39,244,16,228,21.54340836012862,9.003215434083602,12.540192926045016,78.45659163987139,5.144694533762058,73.31189710610933
W00007094,286,71,39,32,215,23,192,24.825174825174827,13.636363636363635,11.188811188811188,75.17482517482517,8.041958041958042,67.13286713286713
W00007095,323,68,32,36,255,24,231,21.052631578947366,9.907120743034056,11.145510835913312,78.94736842105263,7.430340557275541,71.51702786377709
W00007096,269,95,37,58,174,16,158,35.31598513011153,13.754646840148698,21.561338289962826,64.68401486988847,5.947955390334572,58.7360594795539
W00007097,292,62,32,30,230,19,211,21.232876712328768,10.95890410958904,10.273972602739725,78.76712328767124,6.506849315068493,72.26027397260275
W00007098,315,72,32,40,243,25,218,22.857142857142858,10.158730158730158,12.698412698412698,77.14285714285715,7.936507936507936,69.2063492063492
W00007099,134,59,35,24,75,12,63,44.02985074626866,26.119402985074625,17.91044776119403,55.970149253731336,8.955223880597014,47.01492537313433
W00007100,338,82,46,36,256,17,239,24.2603550295858,13.609467455621301,10.650887573964498,75.7396449704142,5.029585798816568,70.71005917159763
W00007101,426,71,31,40,355,29,326,16.666666666666664,7.276995305164319,9.389671361502346,83.33333333333334,6.807511737089202,76.52582159624414
W00007102,319,64,31,33,255,27,228,20.06269592476489,9.717868338557993,10.344827586206897,79.9373040752351,8.463949843260188,71.47335423197492
W00007103,189,54,18,36,135,19,116,28.57142857142857,9.523809523809524,19.047619047619047,71.42857142857143,10.052910052910052,61.37566137566137
W00007104,302,65,37,28,237,14,223,21.52317880794702,12.251655629139073,9.271523178807946,78.47682119205298,4.635761589403973,73.84105960264901
W00007105,268,81,38,43,187,16,171,30.223880597014922,14.17910447761194,16.044776119402986,69.77611940298507,5.970149253731343,63.80597014925373
W00007106,284,62,28,34,222,22,200,21.830985915492956,9.859154929577464,11.971830985915492,78.16901408450704,7.746478873239436,70.4225352112676
W00007108,201,38,20,18,163,16,147,18.90547263681592,9.950248756218906,8.955223880597014,81.09452736318407,7.960199004975125,73.13432835820896
W00007109,374,69,23,46,305,21,284,18.449197860962567,6.149732620320856,12.299465240641712,81.55080213903744,5.614973262032086,75.93582887700535
W00007110,248,40,21,19,208,14,194,16.129032258064516,8.46774193548387,7.661290322580645,83.87096774193549,5.64516129032258,78.2258064516129
W00007111,273,52,21,31,221,21,200,19.047619047619047,7.6923076923076925,11.355311355311356,80.95238095238095,7.6923076923076925,73.26007326007326
W00007112,334,49,21,28,285,23,262,14.67065868263473,6.287425149700598,8.383233532934131,85.32934131736528,6.88622754491018,78.44311377245509
W00007113,305,90,39,51,215,17,198,29.508196721311474,12.786885245901638,16.721311475409838,70.49180327868852,5.573770491803279,64.91803278688525
W00007114,328,61,25,36,267,27,240,18.597560975609756,7.621951219512195,10.975609756097562,81.40243902439023,8.231707317073171,73.17073170731707
W00007115,338,66,35,31,272,25,247,19.526627218934912,10.355029585798817,9.171597633136095,80.4733727810651,7.396449704142012,73.07692307692307
W00007116,250,51,22,29,199,18,181,20.4,8.799999999999999,11.600000000000001,79.60000000000001,7.199999999999999,72.39999999999999
W00007117,280,65,32,33,215,18,197,23.214285714285715,11.428571428571429,11.785714285714285,76.78571428571429,6.428571428571428,70.35714285714286
W00007118,303,79,40,39,224,23,201,26.072607260726073,13.2013201320132,12.871287128712872,73.92739273927393,7.590759075907591,66.33663366336634
W00007119,174,43,23,20,131,9,122,24.71264367816092,13.218390804597702,11.494252873563218,75.28735632183908,5.172413793103448,70.11494252873564
W00007120,335,74,42,32,261,11,250,22.08955223880597,12.53731343283582,9.55223880597015,77.91044776119404,3.2835820895522385,74.6268656716418
W00007121,247,67,39,28,180,10,170,27.125506072874494,15.789473684210526,11.336032388663968,72.8744939271255,4.048582995951417,68.82591093117408
W00007122,321,84,47,37,237,7,230,26.168224299065418,14.641744548286603,11.526479750778815,73.83177570093457,2.1806853582554515,71.65109034267913
W00007123,259,72,32,40,187,15,172,27.7992277992278,12.355212355212355,15.444015444015443,72.2007722007722,5.7915057915057915,66.40926640926641
W00007124,244,79,49,30,165,12,153,32.37704918032787,20.081967213114755,12.295081967213115,67.62295081967213,4.918032786885246,62.704918032786885
W00007125,293,94,60,34,199,12,187,32.081911262798634,20.477815699658702,11.604095563139932,67.91808873720136,4.09556313993174,63.82252559726962
W00007126,293,73,36,37,220,14,206,24.914675767918087,12.286689419795222,12.627986348122866,75.0853242320819,4.778156996587031,70.30716723549489
W00007127,313,89,53,36,224,15,209,28.434504792332266,16.93290734824281,11.501597444089457,71.56549520766772,4.792332268370607,66.77316293929712
W00007128,327,78,43,35,249,26,223,23.853211009174313,13.149847094801222,10.703363914373089,76.14678899082568,7.951070336391437,68.19571865443424
W00007129,390,89,47,42,301,17,284,22.82051282051282,12.051282051282051,10.76923076923077,77.17948717948718,4.358974358974359,72.82051282051282
W00007130,315,56,28,28,259,25,234,17.77777777777778,8.88888888888889,8.88888888888889,82.22222222222221,7.936507936507936,74.28571428571429
W00007131,277,104,52,52,173,12,161,37.545126353790614,18.772563176895307,18.772563176895307,62.454873646209386,4.332129963898916,58.12274368231047
W00007132,305,87,45,42,218,10,208,28.524590163934427,14.754098360655737,13.77049180327869,71.47540983606558,3.278688524590164,68.1967213114754
W00007133,305,81,40,41,224,23,201,26.557377049180324,13.114754098360656,13.442622950819672,73.44262295081967,7.540983606557377,65.90163934426229
W00007134,272,70,36,34,202,13,189,25.735294117647058,13.23529411764706,12.5,74.26470588235294,4.779411764705882,69.48529411764706
W00007135,294,65,40,25,229,14,215,22.108843537414966,13.60544217687075,8.503401360544217,77.89115646258503,4.761904761904762,73.12925170068027
W00007136,260,82,41,41,178,10,168,31.538461538461537,15.769230769230768,15.769230769230768,68.46153846153847,3.8461538461538463,64.61538461538461
W00007137,279,61,31,30,218,22,196,21.863799283154123,11.11111111111111,10.75268817204301,78.13620071684588,7.885304659498208,70.25089605734766
W00007138,329,75,44,31,254,19,235,22.796352583586625,13.37386018237082,9.422492401215806,77.20364741641338,5.775075987841945,71.42857142857143
W00007139,327,78,47,31,249,9,240,23.853211009174313,14.37308868501529,9.480122324159021,76.14678899082568,2.7522935779816518,73.39449541284404
W00007140,413,128,74,54,285,21,264,30.99273607748184,17.91767554479419,13.075060532687651,69.00726392251816,5.084745762711865,63.922518159806295
W00007141,303,77,43,34,226,18,208,25.412541254125415,14.19141914191419,11.221122112211221,74.58745874587459,5.9405940594059405,68.64686468646865
W00007142,254,83,44,39,171,16,155,32.677165354330704,17.322834645669293,15.354330708661418,67.32283464566929,6.299212598425196,61.023622047244096
W00007143,320,51,24,27,269,24,245,15.937499999999998,7.5,8.4375,84.0625,7.5,76.5625
W00007144,269,72,42,30,197,17,180,26.765799256505574,15.613382899628252,11.152416356877323,73.23420074349443,6.319702602230483,66.91449814126395
W00007145,339,78,34,44,261,22,239,23.008849557522122,10.029498525073747,12.979351032448378,76.99115044247787,6.489675516224189,70.50147492625368
W00007147,458,86,41,45,372,38,334,18.777292576419214,8.951965065502183,9.82532751091703,81.22270742358079,8.296943231441048,72.92576419213974
W00007148,315,89,48,41,226,11,215,28.253968253968253,15.238095238095239,13.015873015873018,71.74603174603175,3.492063492063492,68.25396825396825
W00007149,290,81,47,34,209,16,193,27.93103448275862,16.206896551724135,11.724137931034482,72.06896551724138,5.517241379310345,66.55172413793103
W00007150,343,104,56,48,239,22,217,30.32069970845481,16.3265306122449,13.994169096209912,69.67930029154519,6.41399416909621,63.26530612244898
W00007151,405,89,40,49,316,27,289,21.975308641975307,9.876543209876543,12.098765432098766,78.02469135802468,6.666666666666667,71.35802469135803
W00007152,454,82,34,48,372,27,345,18.06167400881057,7.488986784140969,10.572687224669604,81.93832599118943,5.947136563876652,75.99118942731278
W00007153,263,60,31,29,203,15,188,22.813688212927758,11.787072243346007,11.02661596958175,77.18631178707224,5.7034220532319395,71.48288973384031
W00007154,246,69,40,29,177,22,155,28.04878048780488,16.260162601626014,11.788617886178862,71.95121951219512,8.94308943089431,63.00813008130082
W00007155,304,61,28,33,243,18,225,20.065789473684212,9.210526315789473,10.855263157894738,79.93421052631578,5.921052631578947,74.01315789473685
W00007156,237,77,39,38,160,14,146,32.48945147679325,16.455696202531644,16.033755274261605,67.51054852320675,5.9071729957805905,61.60337552742617
W00007157,458,107,60,47,351,39,312,23.362445414847162,13.100436681222707,10.262008733624455,76.63755458515283,8.51528384279476,68.12227074235808
W00007158,324,81,48,33,243,26,217,25,14.814814814814813,10.185185185185185,75,8.024691358024691,66.9753086419753
W00007159,346,66,31,35,280,29,251,19.07514450867052,8.959537572254336,10.115606936416185,80.92485549132948,8.38150289017341,72.54335260115607
W00007160,273,49,24,25,224,20,204,17.94871794871795,8.791208791208792,9.157509157509157,82.05128205128204,7.326007326007327,74.72527472527473
W00007161,328,71,31,40,257,21,236,21.646341463414632,9.451219512195122,12.195121951219512,78.35365853658537,6.402439024390244,71.95121951219512
W00007162,237,57,26,31,180,15,165,24.050632911392405,10.970464135021098,13.080168776371309,75.9493670886076,6.329113924050633,69.62025316455697
W00007163,253,83,42,41,170,28,142,32.80632411067194,16.600790513833992,16.205533596837945,67.19367588932806,11.067193675889328,56.126482213438734
W00007164,331,73,39,34,258,36,222,22.054380664652566,11.782477341389729,10.27190332326284,77.94561933534743,10.876132930513595,67.06948640483384
W00007165,318,73,34,39,245,21,224,22.955974842767297,10.69182389937107,12.264150943396226,77.04402515723271,6.60377358490566,70.44025157232704
W00007166,302,79,36,43,223,19,204,26.158940397350992,11.920529801324504,14.23841059602649,73.84105960264901,6.291390728476822,67.54966887417218
W00007167,216,86,48,38,130,9,121,39.81481481481482,22.22222222222222,17.59259259259259,60.18518518518518,4.166666666666666,56.018518518518526
W00007168,402,93,39,54,309,43,266,23.134328358208954,9.701492537313433,13.432835820895523,76.86567164179104,10.696517412935323,66.16915422885572
W00007169,284,50,20,30,234,23,211,17.6056338028169,7.042253521126761,10.56338028169014,82.3943661971831,8.098591549295776,74.29577464788733
W00007171,244,62,27,35,182,18,164,25.40983606557377,11.065573770491802,14.344262295081966,74.59016393442623,7.377049180327869,67.21311475409836
W00007172,336,72,32,40,264,27,237,21.428571428571427,9.523809523809524,11.904761904761903,78.57142857142857,8.035714285714286,70.53571428571429
W00007173,223,79,35,44,144,9,135,35.42600896860987,15.695067264573993,19.730941704035875,64.57399103139014,4.0358744394618835,60.53811659192825
W00007174,326,70,41,29,256,22,234,21.472392638036812,12.576687116564417,8.895705521472392,78.52760736196319,6.748466257668712,71.77914110429448
W00007175,244,80,51,29,164,18,146,32.78688524590164,20.901639344262296,11.885245901639344,67.21311475409836,7.377049180327869,59.83606557377049
W00007176,253,71,37,34,182,9,173,28.063241106719367,14.624505928853754,13.438735177865613,71.93675889328063,3.557312252964427,68.37944664031622
W00007177,298,74,36,38,224,22,202,24.832214765100673,12.080536912751679,12.751677852348994,75.16778523489933,7.38255033557047,67.78523489932886
W00007178,256,80,44,36,176,18,158,31.25,17.1875,14.0625,68.75,7.03125,61.71875
W00007179,286,64,36,28,222,19,203,22.377622377622377,12.587412587412588,9.79020979020979,77.62237762237763,6.643356643356643,70.97902097902097
W00007181,288,70,39,31,218,15,203,24.305555555555554,13.541666666666666,10.76388888888889,75.69444444444444,5.208333333333334,70.48611111111111
W00007182,232,37,16,21,195,28,167,15.948275862068966,6.896551724137931,9.051724137931034,84.05172413793103,12.068965517241379,71.98275862068965
W00007183,259,58,21,37,201,16,185,22.393822393822393,8.108108108108109,14.285714285714285,77.60617760617761,6.177606177606178,71.42857142857143
W00007184,267,104,61,43,163,11,152,38.951310861423224,22.846441947565545,16.10486891385768,61.04868913857678,4.119850187265917,56.92883895131086
W00007185,267,66,33,33,201,25,176,24.719101123595504,12.359550561797752,12.359550561797752,75.28089887640449,9.363295880149813,65.91760299625467
W00007186,257,54,24,30,203,28,175,21.011673151750973,9.33852140077821,11.673151750972762,78.98832684824903,10.894941634241246,68.09338521400778
W00007187,548,104,48,56,444,41,403,18.97810218978102,8.75912408759124,10.218978102189782,81.02189781021897,7.481751824817519,73.54014598540147
W00007188,284,85,43,42,199,18,181,29.929577464788732,15.140845070422534,14.788732394366196,70.07042253521126,6.338028169014084,63.732394366197184
W00007190,329,64,35,29,265,28,237,19.45288753799392,10.638297872340425,8.814589665653495,80.54711246200608,8.51063829787234,72.03647416413374
W00007191,300,77,37,40,223,17,206,25.666666666666664,12.333333333333334,13.333333333333334,74.33333333333333,5.666666666666666,68.66666666666667
W00007192,480,116,52,64,364,42,322,24.166666666666668,10.833333333333334,13.333333333333334,75.83333333333333,8.75,67.08333333333333
W00007193,301,73,34,39,228,25,203,24.25249169435216,11.295681063122924,12.956810631229235,75.74750830564784,8.305647840531561,67.44186046511628
W00007194,247,75,31,44,172,6,166,30.364372469635626,12.550607287449392,17.813765182186234,69.63562753036437,2.42914979757085,67.20647773279353
W00007195,381,79,37,42,302,28,274,20.73490813648294,9.711286089238845,11.023622047244094,79.26509186351706,7.349081364829396,71.91601049868767
W00007196,258,46,26,20,212,17,195,17.829457364341085,10.077519379844961,7.751937984496124,82.17054263565892,6.5891472868217065,75.5813953488372
W00007197,332,107,59,48,225,15,210,32.22891566265061,17.771084337349397,14.457831325301203,67.7710843373494,4.518072289156627,63.25301204819277
W00007198,227,66,38,28,161,14,147,29.074889867841406,16.740088105726873,12.334801762114537,70.92511013215858,6.167400881057269,64.75770925110133
W00007199,314,75,34,41,239,26,213,23.88535031847134,10.828025477707007,13.05732484076433,76.11464968152866,8.280254777070063,67.83439490445859
W00007200,242,95,64,31,147,10,137,39.25619834710744,26.446280991735538,12.8099173553719,60.74380165289256,4.132231404958678,56.611570247933884
W00007201,208,68,42,26,140,12,128,32.69230769230769,20.192307692307693,12.5,67.3076923076923,5.769230769230769,61.53846153846154
W00007202,264,81,50,31,183,13,170,30.681818181818183,18.939393939393938,11.742424242424242,69.31818181818183,4.924242424242424,64.39393939393939
W00007203,260,60,33,27,200,7,193,23.076923076923077,12.692307692307692,10.384615384615385,76.92307692307693,2.6923076923076925,74.23076923076923
W00007204,260,102,71,31,158,15,143,39.23076923076923,27.307692307692307,11.923076923076923,60.76923076923077,5.769230769230769,55.00000000000001
W00007205,243,85,45,40,158,14,144,34.97942386831276,18.51851851851852,16.46090534979424,65.02057613168725,5.761316872427984,59.25925925925925
W00007206,294,67,35,32,227,16,211,22.789115646258505,11.904761904761903,10.884353741496598,77.21088435374149,5.442176870748299,71.7687074829932
W00007207,297,82,42,40,215,8,207,27.609427609427613,14.14141414141414,13.468013468013467,72.39057239057239,2.6936026936026933,69.6969696969697
W00007208,333,89,52,37,244,18,226,26.726726726726728,15.615615615615615,11.11111111111111,73.27327327327328,5.405405405405405,67.86786786786787
W00007209,255,57,28,29,198,14,184,22.35294117647059,10.980392156862745,11.372549019607844,77.64705882352942,5.490196078431373,72.15686274509804
W00007210,290,61,27,34,229,16,213,21.03448275862069,9.310344827586208,11.724137931034482,78.96551724137932,5.517241379310345,73.44827586206897
W00007211,331,57,33,24,274,17,257,17.220543806646525,9.969788519637463,7.250755287009064,82.77945619335347,5.13595166163142,77.64350453172206
W00007212,170,66,43,23,104,15,89,38.82352941176471,25.294117647058822,13.529411764705882,61.1764705882353,8.823529411764707,52.352941176470594
W00007213,358,52,23,29,306,33,273,14.52513966480447,6.424581005586592,8.100558659217876,85.47486033519553,9.217877094972067,76.25698324022346
W00007214,422,148,95,53,274,19,255,35.07109004739337,22.511848341232227,12.559241706161137,64.92890995260665,4.502369668246446,60.426540284360186
W00007215,270,71,27,44,199,21,178,26.296296296296294,10,16.296296296296298,73.70370370370371,7.777777777777778,65.92592592592592
W00007216,377,90,40,50,287,23,264,23.872679045092838,10.610079575596817,13.262599469496022,76.12732095490716,6.10079575596817,70.026525198939
W00007217,220,64,34,30,156,15,141,29.09090909090909,15.454545454545453,13.636363636363635,70.9090909090909,6.8181818181818175,64.0909090909091
W00007218,233,57,23,34,176,24,152,24.463519313304722,9.871244635193133,14.592274678111588,75.53648068669528,10.300429184549357,65.23605150214593
W00007219,264,57,26,31,207,14,193,21.59090909090909,9.848484848484848,11.742424242424242,78.4090909090909,5.303030303030303,73.10606060606061
W00007220,220,35,15,20,185,14,171,15.909090909090908,6.8181818181818175,9.090909090909092,84.0909090909091,6.363636363636363,77.72727272727272
W00007221,232,65,30,35,167,14,153,28.01724137931034,12.931034482758621,15.086206896551724,71.98275862068965,6.0344827586206895,65.94827586206897
W00007222,229,64,36,28,165,11,154,27.947598253275107,15.72052401746725,12.22707423580786,72.0524017467249,4.8034934497816595,67.24890829694323
W00007223,272,91,52,39,181,13,168,33.455882352941174,19.11764705882353,14.338235294117647,66.54411764705883,4.779411764705882,61.76470588235294
W00007224,301,56,24,32,245,17,228,18.6046511627907,7.973421926910299,10.631229235880399,81.3953488372093,5.647840531561462,75.74750830564784
W00007225,286,65,21,44,221,23,198,22.727272727272727,7.3426573426573425,15.384615384615385,77.27272727272727,8.041958041958042,69.23076923076923
W00007226,252,59,27,32,193,18,175,23.41269841269841,10.714285714285714,12.698412698412698,76.5873015873016,7.142857142857142,69.44444444444444
W00007227,209,66,39,27,143,9,134,31.57894736842105,18.660287081339714,12.918660287081341,68.42105263157895,4.30622009569378,64.11483253588517
W00007228,324,69,39,30,255,26,229,21.296296296296298,12.037037037037036,9.25925925925926,78.70370370370371,8.024691358024691,70.67901234567901
W00007229,259,78,43,35,181,12,169,30.115830115830118,16.602316602316602,13.513513513513514,69.88416988416989,4.633204633204633,65.25096525096525
W00007230,268,75,40,35,193,15,178,27.985074626865668,14.925373134328357,13.059701492537313,72.01492537313433,5.597014925373134,66.4179104477612
W00007231,579,129,46,83,450,40,410,22.279792746113987,7.9447322970639025,14.335060449050086,77.720207253886,6.90846286701209,70.81174438687393
W00007232,307,71,43,28,236,20,216,23.12703583061889,14.006514657980457,9.120521172638437,76.8729641693811,6.514657980456026,70.35830618892508
W00007233,311,62,30,32,249,17,232,19.935691318327976,9.646302250803858,10.289389067524116,80.06430868167203,5.466237942122187,74.59807073954984
W00007234,284,78,49,29,206,10,196,27.464788732394368,17.253521126760564,10.211267605633804,72.53521126760563,3.5211267605633805,69.01408450704226
W00007235,310,97,64,33,213,17,196,31.290322580645164,20.64516129032258,10.64516129032258,68.70967741935485,5.483870967741936,63.2258064516129
W00007236,287,57,28,29,230,23,207,19.860627177700348,9.75609756097561,10.104529616724738,80.13937282229965,8.013937282229964,72.12543554006969
W00007237,311,102,64,38,209,18,191,32.79742765273312,20.578778135048232,12.218649517684888,67.20257234726688,5.787781350482315,61.41479099678456
W00007238,284,68,41,27,216,24,192,23.943661971830984,14.43661971830986,9.507042253521126,76.05633802816901,8.450704225352112,67.6056338028169
W00007239,259,79,51,28,180,13,167,30.501930501930502,19.69111969111969,10.81081081081081,69.4980694980695,5.019305019305019,64.47876447876449
W00007240,329,64,31,33,265,26,239,19.45288753799392,9.422492401215806,10.030395136778116,80.54711246200608,7.90273556231003,72.64437689969606
W00007241,306,72,31,41,234,21,213,23.52941176470588,10.130718954248366,13.398692810457517,76.47058823529412,6.862745098039216,69.6078431372549
W00007242,346,86,36,50,260,32,228,24.85549132947977,10.404624277456648,14.450867052023122,75.14450867052022,9.248554913294797,65.89595375722543
W00007243,286,70,28,42,216,13,203,24.475524475524477,9.79020979020979,14.685314685314685,75.52447552447552,4.545454545454546,70.97902097902097
W00007244,362,93,53,40,269,17,252,25.69060773480663,14.64088397790055,11.049723756906078,74.30939226519338,4.696132596685083,69.61325966850829
W00007245,240,53,29,24,187,14,173,22.083333333333332,12.083333333333334,10,77.91666666666667,5.833333333333333,72.08333333333333
W00007246,254,60,21,39,194,13,181,23.62204724409449,8.267716535433072,15.354330708661418,76.37795275590551,5.118110236220472,71.25984251968504
W00007247,338,62,36,26,276,21,255,18.34319526627219,10.650887573964498,7.6923076923076925,81.65680473372781,6.21301775147929,75.44378698224851
W00007248,314,74,39,35,240,13,227,23.56687898089172,12.420382165605096,11.146496815286625,76.43312101910828,4.140127388535031,72.29299363057325
W00007249,342,65,36,29,277,16,261,19.005847953216374,10.526315789473683,8.47953216374269,80.99415204678363,4.678362573099415,76.31578947368422
W00007250,310,87,43,44,223,23,200,28.064516129032256,13.870967741935484,14.193548387096774,71.93548387096774,7.419354838709677,64.51612903225806
W00007251,295,56,36,20,239,17,222,18.983050847457626,12.203389830508476,6.779661016949152,81.01694915254237,5.762711864406779,75.2542372881356
W00007252,340,88,49,39,252,21,231,25.882352941176475,14.411764705882351,11.470588235294118,74.11764705882354,6.176470588235294,67.94117647058823
W00007253,184,64,34,30,120,8,112,34.78260869565217,18.478260869565215,16.304347826086957,65.21739130434783,4.3478260869565215,60.86956521739131
W00007254,285,103,60,43,182,13,169,36.140350877192986,21.052631578947366,15.087719298245613,63.859649122807014,4.56140350877193,59.29824561403508
W00007256,267,56,33,23,211,25,186,20.973782771535582,12.359550561797752,8.614232209737828,79.02621722846442,9.363295880149813,69.66292134831461
W00007257,142,92,63,29,50,7,43,64.7887323943662,44.36619718309859,20.422535211267608,35.2112676056338,4.929577464788732,30.28169014084507
W00007258,300,73,32,41,227,17,210,24.333333333333336,10.666666666666668,13.666666666666666,75.66666666666667,5.666666666666666,70
W00007259,363,87,44,43,276,16,260,23.96694214876033,12.121212121212121,11.84573002754821,76.03305785123968,4.40771349862259,71.62534435261708
W00007261,270,89,50,39,181,10,171,32.96296296296296,18.51851851851852,14.444444444444443,67.03703703703704,3.7037037037037033,63.33333333333333
W00007262,288,49,29,20,239,23,216,17.01388888888889,10.069444444444445,6.944444444444445,82.98611111111111,7.986111111111111,75
W00007263,234,84,52,32,150,12,138,35.8974358974359,22.22222222222222,13.675213675213676,64.1025641025641,5.128205128205128,58.97435897435898
W00007264,322,53,30,23,269,30,239,16.459627329192546,9.316770186335404,7.142857142857142,83.54037267080744,9.316770186335404,74.22360248447205
W00007265,275,75,45,30,200,11,189,27.27272727272727,16.363636363636363,10.909090909090908,72.72727272727273,4,68.72727272727272
W00007266,363,111,74,37,252,27,225,30.57851239669421,20.385674931129476,10.192837465564738,69.42148760330579,7.43801652892562,61.98347107438017
W00007267,259,69,33,36,190,17,173,26.640926640926644,12.741312741312742,13.8996138996139,73.35907335907336,6.563706563706563,66.79536679536679
W00007268,331,100,58,42,231,14,217,30.211480362537763,17.522658610271904,12.688821752265861,69.78851963746223,4.229607250755287,65.55891238670695
W00007269,351,68,29,39,283,21,262,19.37321937321937,8.262108262108262,11.11111111111111,80.62678062678063,5.982905982905983,74.64387464387464
W00007270,430,101,45,56,329,33,296,23.488372093023255,10.465116279069768,13.023255813953488,76.51162790697674,7.674418604651163,68.83720930232559
W00007271,319,73,33,40,246,26,220,22.884012539184955,10.344827586206897,12.539184952978054,77.11598746081505,8.150470219435736,68.96551724137932
W00007272,381,102,46,56,279,21,258,26.77165354330709,12.073490813648293,14.698162729658792,73.22834645669292,5.511811023622047,67.71653543307087
W00007273,288,72,46,26,216,17,199,25,15.972222222222221,9.027777777777777,75,5.902777777777778,69.09722222222221
W00007274,296,57,35,22,239,18,221,19.256756756756758,11.824324324324325,7.4324324324324325,80.74324324324324,6.081081081081082,74.66216216216216
W00007275,347,81,54,27,266,15,251,23.34293948126801,15.561959654178676,7.780979827089338,76.657060518732,4.322766570605188,72.3342939481268
W00007276,290,85,44,41,205,8,197,29.310344827586203,15.172413793103448,14.13793103448276,70.6896551724138,2.7586206896551726,67.93103448275862
W00007277,456,68,32,36,388,38,350,14.912280701754385,7.017543859649122,7.894736842105263,85.08771929824562,8.333333333333332,76.75438596491229
W00007278,278,72,30,42,206,19,187,25.899280575539567,10.79136690647482,15.107913669064748,74.10071942446042,6.83453237410072,67.26618705035972
W00007279,377,76,30,46,301,19,282,20.159151193633953,7.957559681697612,12.20159151193634,79.84084880636605,5.039787798408488,74.80106100795756
W00007280,445,96,54,42,349,30,319,21.573033707865168,12.134831460674157,9.438202247191011,78.42696629213484,6.741573033707865,71.68539325842697
W00007281,466,90,45,45,376,26,350,19.313304721030043,9.656652360515022,9.656652360515022,80.68669527896995,5.579399141630901,75.10729613733905
W00007282,323,70,42,28,253,15,238,21.671826625387,13.003095975232199,8.6687306501548,78.328173374613,4.643962848297214,73.68421052631578
W00007284,322,74,36,38,248,12,236,22.981366459627328,11.180124223602485,11.801242236024844,77.01863354037268,3.7267080745341614,73.29192546583852
W00007285,275,57,27,30,218,18,200,20.727272727272727,9.818181818181818,10.909090909090908,79.27272727272727,6.545454545454546,72.72727272727273
W00007286,376,54,25,29,322,31,291,14.361702127659576,6.648936170212766,7.712765957446808,85.63829787234043,8.24468085106383,77.3936170212766
W00007287,286,76,37,39,210,16,194,26.573426573426573,12.937062937062937,13.636363636363635,73.42657342657343,5.594405594405594,67.83216783216784
W00007288,376,81,37,44,295,21,274,21.54255319148936,9.840425531914894,11.702127659574469,78.45744680851064,5.585106382978723,72.87234042553192
W00007289,309,104,60,44,205,22,183,33.65695792880259,19.41747572815534,14.239482200647249,66.34304207119742,7.119741100323624,59.22330097087378
W00007290,611,108,56,52,503,32,471,17.6759410801964,9.165302782324058,8.51063829787234,82.3240589198036,5.237315875613748,77.08674304418986
W00007291,390,84,34,50,306,23,283,21.53846153846154,8.717948717948717,12.82051282051282,78.46153846153847,5.897435897435897,72.564102564102555
W00007292,258,56,24,32,202,29,173,21.705426356589147,9.30232558139535,12.4031007751938,78.29457364341084,11.24031007751938,67.05426356589147
W00007293,490,105,55,50,385,30,355,21.428571428571427,11.224489795918368,10.204081632653061,78.57142857142857,6.122448979591836,72.44897959183673
W00007294,259,65,32,33,194,15,179,25.096525096525095,12.355212355212355,12.741312741312742,74.9034749034749,5.7915057915057915,69.1119691119691
W00007295,402,66,22,44,336,44,292,16.417910447761194,5.472636815920398,10.945273631840797,83.5820895522388,10.945273631840797,72.636815920398
W00007296,277,54,25,29,223,22,201,19.494584837545126,9.025270758122744,10.469314079422382,80.50541516245488,7.9422382671480145,72.56317689530685
W00007297,352,95,55,40,257,19,238,26.988636363636363,15.625,11.363636363636363,73.01136363636364,5.3977272727272725,67.61363636363636
W00007298,289,74,40,34,215,21,194,25.60553633217993,13.84083044982699,11.76470588235294,74.39446366782006,7.26643598615917,67.1280276816609
W00007299,310,56,25,31,254,11,243,18.064516129032256,8.064516129032258,10,81.93548387096774,3.5483870967741935,78.38709677419354
W00007300,399,118,77,41,281,20,261,29.57393483709273,19.298245614035086,10.275689223057643,70.42606516290726,5.012531328320802,65.41353383458647
W00007301,285,72,48,24,213,15,198,25.263157894736842,16.842105263157894,8.421052631578947,74.73684210526315,5.263157894736842,69.47368421052632
W00007302,239,78,50,28,161,12,149,32.63598326359833,20.920502092050206,11.715481171548117,67.36401673640168,5.02092050209205,62.34309623430963
W00007303,308,70,36,34,238,24,214,22.727272727272727,11.688311688311687,11.03896103896104,77.27272727272727,7.792207792207792,69.48051948051948
W00007304,255,43,18,25,212,20,192,16.862745098039216,7.0588235294117645,9.803921568627452,83.13725490196079,7.8431372549019605,75.29411764705883
W00007305,244,88,48,40,156,9,147,36.0655737704918,19.672131147540984,16.39344262295082,63.934426229508205,3.6885245901639343,60.245901639344254
W00007306,283,54,21,33,229,15,214,19.081272084805654,7.420494699646643,11.66077738515901,80.91872791519434,5.30035335689046,75.61837455830388
W00007307,488,133,75,58,355,24,331,27.25409836065574,15.368852459016393,11.885245901639344,72.74590163934425,4.918032786885246,67.82786885245902
W00007308,286,40,12,28,246,23,223,13.986013986013987,4.195804195804196,9.79020979020979,86.01398601398601,8.041958041958042,77.97202797202797
W00007309,350,37,17,20,313,36,277,10.571428571428571,4.857142857142857,5.714285714285714,89.42857142857143,10.285714285714285,79.14285714285715
W00007310,264,72,49,23,192,9,183,27.27272727272727,18.560606060606062,8.712121212121213,72.72727272727273,3.4090909090909087,69.31818181818183
W00007311,222,80,50,30,142,11,131,36.03603603603604,22.52252252252252,13.513513513513514,63.96396396396396,4.954954954954955,59.009009009009006
W00007312,187,62,34,28,125,13,112,33.155080213903744,18.181818181818183,14.973262032085561,66.84491978609626,6.951871657754011,59.893048128342244
W00007313,265,93,62,31,172,10,162,35.094339622641506,23.39622641509434,11.69811320754717,64.90566037735849,3.7735849056603774,61.13207547169811
W00007314,284,86,41,45,198,10,188,30.28169014084507,14.43661971830986,15.845070422535212,69.71830985915493,3.5211267605633805,66.19718309859155
W00007315,281,32,10,22,249,25,224,11.387900355871885,3.558718861209965,7.829181494661921,88.61209964412812,8.896797153024911,79.7153024911032
W00007316,275,63,34,29,212,10,202,22.90909090909091,12.363636363636363,10.545454545454545,77.0909090909091,3.6363636363636362,73.45454545454545
W00007318,283,33,15,18,250,19,231,11.66077738515901,5.30035335689046,6.36042402826855,88.33922261484098,6.713780918727916,81.62544169611307
W00007319,250,50,32,18,200,18,182,20,12.8,7.199999999999999,80,7.199999999999999,72.8
W00007320,380,46,13,33,334,22,312,12.105263157894736,3.421052631578948,8.68421052631579,87.89473684210526,5.7894736842105265,82.10526315789474
W00007322,501,74,28,46,427,31,396,14.770459081836327,5.588822355289421,9.181636726546905,85.22954091816366,6.187624750499002,79.04191616766467
W00007323,237,55,19,36,182,20,162,23.20675105485232,8.016877637130802,15.18987341772152,76.79324894514767,8.438818565400844,68.35443037974683
W00007324,284,80,53,27,204,14,190,28.169014084507044,18.661971830985916,9.507042253521126,71.83098591549296,4.929577464788732,66.90140845070422
W00007325,272,44,17,27,228,28,200,16.176470588235293,6.25,9.926470588235293,83.82352941176471,10.294117647058822,73.52941176470588
W00007326,319,105,52,53,214,20,194,32.9153605015674,16.30094043887147,16.614420062695924,67.0846394984326,6.269592476489027,60.81504702194357
W00007327,325,99,63,36,226,16,210,30.461538461538463,19.384615384615383,11.076923076923077,69.53846153846153,4.923076923076923,64.61538461538461
W00007328,337,55,26,29,282,20,262,16.320474777448073,7.71513353115727,8.605341246290802,83.67952522255193,5.934718100890208,77.74480712166172
W00007329,317,65,29,36,252,19,233,20.50473186119874,9.14826498422713,11.35646687697161,79.49526813880126,5.993690851735016,73.50157728706624
W00007330,301,62,31,31,239,28,211,20.59800664451827,10.299003322259136,10.299003322259136,79.40199335548172,9.30232558139535,70.09966777408638
W00007331,279,64,35,29,215,14,201,22.939068100358423,12.544802867383511,10.39426523297491,77.06093189964157,5.017921146953405,72.04301075268818
W00007332,273,59,25,34,214,19,195,21.611721611721613,9.157509157509157,12.454212454212454,78.3882783882784,6.95970695970696,71.42857142857143
W00007333,251,56,27,29,195,25,170,22.31075697211155,10.756972111553784,11.553784860557768,77.68924302788844,9.9601593625498,67.729083665338635
W00007334,303,42,22,20,261,27,234,13.861386138613863,7.2607260726072615,6.6006600660066,86.13861386138613,8.91089108910891,77.22772277227723
W00007335,441,97,41,56,344,26,318,21.99546485260771,9.297052154195011,12.698412698412698,78.00453514739229,5.895691609977324,72.10884353741497
W00007336,512,116,46,70,396,32,364,22.65625,8.984375,13.671875,77.34375,6.25,71.09375
W00007337,330,67,42,25,263,25,238,20.303030303030305,12.727272727272727,7.575757575757576,79.6969696969697,7.575757575757576,72.12121212121212
W00007338,310,54,27,27,256,25,231,17.419354838709676,8.709677419354838,8.709677419354838,82.58064516129032,8.064516129032258,74.51612903225806
W00007339,266,79,44,35,187,22,165,29.69924812030075,16.541353383458645,13.157894736842104,70.30075187969925,8.270676691729323,62.03007518796993
W00007340,311,60,25,35,251,23,228,19.292604501607716,8.038585209003216,11.254019292604502,80.70739549839229,7.395498392282958,73.31189710610933
W00007341,270,67,38,29,203,10,193,24.814814814814813,14.074074074074074,10.74074074074074,75.18518518518519,3.7037037037037033,71.48148148148148
W00007342,353,82,45,37,271,15,256,23.229461756373937,12.747875354107649,10.48158640226629,76.77053824362606,4.2492917847025495,72.52124645892351
W00007343,279,68,40,28,211,17,194,24.372759856630825,14.336917562724013,10.03584229390681,75.62724014336918,6.093189964157706,69.53405017921148
W00007344,329,100,56,44,229,19,210,30.3951367781155,17.02127659574468,13.37386018237082,69.6048632218845,5.775075987841945,63.829787234042556
W00007345,280,61,30,31,219,11,208,21.785714285714285,10.714285714285714,11.071428571428571,78.21428571428571,3.9285714285714284,74.28571428571429
W00007346,280,55,25,30,225,19,206,19.642857142857142,8.928571428571429,10.714285714285714,80.35714285714286,6.785714285714286,73.57142857142858
W00007347,416,88,47,41,328,19,309,21.153846153846153,11.298076923076923,9.85576923076923,78.84615384615384,4.567307692307692,74.27884615384616
W00007348,315,88,47,41,227,21,206,27.936507936507937,14.920634920634921,13.015873015873018,72.06349206349206,6.666666666666667,65.39682539682539
W00007349,267,58,29,29,209,15,194,21.722846441947567,10.861423220973784,10.861423220973784,78.27715355805243,5.617977528089887,72.65917602996255
W00007350,257,98,63,35,159,13,146,38.13229571984436,24.5136186770428,13.618677042801556,61.86770428015564,5.058365758754864,56.809338521400775
W00007351,347,77,42,35,270,35,235,22.19020172910663,12.103746397694524,10.086455331412104,77.80979827089337,10.086455331412104,67.72334293948127
W00007352,291,71,34,37,220,17,203,24.398625429553263,11.683848797250858,12.714776632302405,75.60137457044674,5.841924398625429,69.7594501718213
W00007353,184,73,35,38,111,9,102,39.67391304347826,19.021739130434785,20.652173913043477,60.32608695652174,4.891304347826087,55.434782608695656
W00007354,281,73,43,30,208,16,192,25.97864768683274,15.302491103202847,10.676156583629894,74.02135231316726,5.6939501779359425,68.32740213523132
W00007355,260,70,40,30,190,12,178,26.923076923076923,15.384615384615385,11.538461538461538,73.07692307692307,4.615384615384616,68.46153846153847
W00007356,329,92,55,37,237,15,222,27.96352583586626,16.717325227963524,11.246200607902736,72.03647416413374,4.5592705167173255,67.47720364741642
W00007357,280,61,28,33,219,16,203,21.785714285714285,10,11.785714285714285,78.21428571428571,5.714285714285714,72.5
W00007358,281,74,37,37,207,9,198,26.334519572953734,13.167259786476867,13.167259786476867,73.66548042704626,3.202846975088968,70.46263345195729
W00007359,388,97,50,47,291,22,269,25,12.886597938144329,12.11340206185567,75,5.670103092783505,69.3298969072165
W00007360,294,82,35,47,212,14,198,27.89115646258503,11.904761904761903,15.98639455782313,72.10884353741497,4.761904761904762,67.3469387755102
W00007361,214,48,23,25,166,9,157,22.429906542056074,10.74766355140187,11.682242990654206,77.57009345794393,4.205607476635514,73.36448598130842
W00007362,347,77,32,45,270,7,263,22.19020172910663,9.221902017291066,12.968299711815561,77.80979827089337,2.0172910662824206,75.79250720461094
W00007363,284,66,29,37,218,18,200,23.239436619718308,10.211267605633804,13.028169014084506,76.76056338028168,6.338028169014084,70.4225352112676
W00007364,310,49,16,33,261,28,233,15.806451612903224,5.161290322580645,10.64516129032258,84.19354838709677,9.032258064516128,75.16129032258064
W00007365,286,62,24,38,224,18,206,21.678321678321677,8.391608391608392,13.286713286713287,78.32167832167832,6.293706293706294,72.02797202797203
W00007366,334,73,29,44,261,22,239,21.856287425149702,8.682634730538922,13.17365269461078,78.1437125748503,6.58682634730539,71.55688622754491
W00007367,264,84,36,48,180,15,165,31.818181818181817,13.636363636363635,18.181818181818183,68.18181818181817,5.681818181818182,62.5
W00007368,303,84,35,49,219,25,194,27.722772277227726,11.55115511551155,16.17161716171617,72.27722772277228,8.25082508250825,64.02640264026402
W00007369,279,61,25,36,218,18,200,21.863799283154123,8.960573476702509,12.903225806451612,78.13620071684588,6.451612903225806,71.68458781362007
W00007370,452,121,62,59,331,21,310,26.769911504424783,13.716814159292035,13.053097345132745,73.23008849557522,4.646017699115045,68.58407079646017
W00007371,331,78,34,44,253,11,242,23.564954682779458,10.27190332326284,13.293051359516618,76.43504531722054,3.3232628398791544,73.111782477341393
W00007372,304,70,40,30,234,19,215,23.026315789473685,13.157894736842104,9.868421052631579,76.97368421052632,6.25,70.72368421052632
W00007373,244,51,22,29,193,26,167,20.901639344262296,9.01639344262295,11.885245901639344,79.09836065573771,10.655737704918032,68.44262295081968
W00007374,238,57,27,30,181,16,165,23.949579831932773,11.344537815126051,12.605042016806722,76.05042016806722,6.722689075630252,69.32773109243698
W00007375,321,65,28,37,256,20,236,20.24922118380062,8.722741433021806,11.526479750778815,79.75077881619937,6.230529595015576,73.5202492211838
W00007376,252,61,25,36,191,21,170,24.206349206349206,9.920634920634921,14.285714285714285,75.79365079365078,8.333333333333332,67.46031746031747
W00007377,222,61,29,32,161,15,146,27.47747747747748,13.063063063063062,14.414414414414415,72.52252252252252,6.756756756756757,65.76576576576578
W00007378,260,58,31,27,202,21,181,22.30769230769231,11.923076923076923,10.384615384615385,77.6923076923077,8.076923076923077,69.61538461538461
W00007379,318,64,19,45,254,24,230,20.125786163522015,5.9748427672955975,14.150943396226415,79.87421383647799,7.547169811320755,72.32704402515722
W00007380,277,67,33,34,210,28,182,24.187725631768952,11.913357400722022,12.274368231046932,75.81227436823104,10.108303249097473,65.70397111913357
W00007381,303,100,49,51,203,15,188,33.003300330033,16.17161716171617,16.831683168316832,66.996699669967,4.9504950495049505,62.04620462046204
W00007382,311,59,22,37,252,30,222,18.971061093247588,7.07395498392283,11.89710610932476,81.02893890675242,9.646302250803858,71.38263665594855
W00007383,262,65,27,38,197,18,179,24.80916030534351,10.305343511450381,14.50381679389313,75.19083969465649,6.870229007633588,68.32061068702289
W00007384,278,54,24,30,224,21,203,19.424460431654676,8.633093525179856,10.79136690647482,80.57553956834532,7.553956834532374,73.02158273381295
W00007385,276,73,39,34,203,23,180,26.44927536231884,14.130434782608695,12.318840579710146,73.55072463768117,8.333333333333332,65.21739130434783
W00007386,236,76,39,37,160,15,145,32.20338983050847,16.52542372881356,15.677966101694915,67.79661016949152,6.3559322033898304,61.440677966101696
W00007387,321,72,39,33,249,13,236,22.429906542056074,12.149532710280374,10.2803738317757,77.57009345794393,4.049844236760125,73.5202492211838
W00007388,246,66,37,29,180,20,160,26.82926829268293,15.040650406504067,11.788617886178862,73.17073170731707,8.130081300813007,65.04065040650406
W00007389,250,58,30,28,192,18,174,23.200000000000003,12,11.200000000000001,76.8,7.199999999999999,69.6
W00007390,308,77,39,38,231,13,218,25,12.662337662337661,12.337662337662337,75,4.220779220779221,70.77922077922078
W00007391,289,75,38,37,214,15,199,25.951557093425603,13.148788927335639,12.802768166089965,74.0484429065744,5.190311418685121,68.85813148788927
W00007392,285,75,38,37,210,20,190,26.31578947368421,13.333333333333334,12.982456140350877,73.68421052631578,7.017543859649122,66.66666666666666
W00007393,371,80,41,39,291,19,272,21.563342318059302,11.05121293800539,10.512129380053908,78.4366576819407,5.121293800539084,73.31536388140162
W00007394,290,54,26,28,236,23,213,18.620689655172416,8.96551724137931,9.655172413793103,81.37931034482759,7.931034482758621,73.44827586206897
W00007395,322,98,50,48,224,13,211,30.434782608695656,15.527950310559005,14.906832298136646,69.56521739130434,4.037267080745342,65.527950310559
W00007396,289,77,38,39,212,15,197,26.643598615916954,13.148788927335639,13.494809688581316,73.35640138408304,5.190311418685121,68.16608996539793
W00007397,178,65,43,22,113,9,104,36.51685393258427,24.15730337078652,12.359550561797752,63.48314606741573,5.056179775280898,58.42696629213483
W00007398,269,46,17,29,223,22,201,17.100371747211895,6.319702602230483,10.780669144981413,82.8996282527881,8.178438661710038,74.72118959107806
W00007399,309,70,31,39,239,20,219,22.653721682847898,10.032362459546926,12.62135922330097,77.34627831715211,6.472491909385113,70.87378640776699
W00007400,323,66,35,31,257,18,239,20.43343653250774,10.8359133126935,9.597523219814242,79.56656346749226,5.572755417956656,73.9938080495356
W00007401,390,92,50,42,298,20,278,23.589743589743588,12.82051282051282,10.76923076923077,76.41025641025641,5.128205128205128,71.28205128205128
W00007402,363,75,39,36,288,22,266,20.66115702479339,10.743801652892563,9.917355371900827,79.33884297520662,6.0606060606060606,73.27823691460054
W00007403,273,85,49,36,188,13,175,31.135531135531135,17.94871794871795,13.186813186813188,68.86446886446886,4.761904761904762,64.1025641025641
W00007404,302,70,32,38,232,22,210,23.178807947019866,10.596026490066226,12.582781456953644,76.82119205298014,7.28476821192053,69.5364238410596
W00007405,291,58,25,33,233,20,213,19.93127147766323,8.59106529209622,11.34020618556701,80.06872852233677,6.872852233676976,73.19587628865979
W00007406,301,64,30,34,237,19,218,21.262458471760798,9.966777408637874,11.295681063122924,78.7375415282392,6.312292358803987,72.42524916943522
W00007407,251,54,24,30,197,24,173,21.51394422310757,9.56175298804781,11.952191235059761,78.48605577689243,9.56175298804781,68.92430278884463
W00007408,320,80,40,40,240,29,211,25,12.5,12.5,75,9.0625,65.9375
W00007409,402,119,68,51,283,25,258,29.601990049751244,16.91542288557214,12.686567164179104,70.39800995024875,6.218905472636816,64.17910447761194
W00007410,282,85,42,43,197,19,178,30.141843971631204,14.893617021276595,15.24822695035461,69.8581560283688,6.73758865248227,63.12056737588653
W00007411,267,94,52,42,173,17,156,35.2059925093633,19.475655430711612,15.730337078651685,64.7940074906367,6.367041198501873,58.42696629213483
W00007412,295,100,67,33,195,15,180,33.89830508474576,22.71186440677966,11.186440677966102,66.10169491525424,5.084745762711865,61.016949152542374
W00007413,414,64,25,39,350,31,319,15.458937198067632,6.038647342995169,9.420289855072465,84.54106280193237,7.487922705314009,77.05314009661835
W00007414,280,98,53,45,182,18,164,35,18.928571428571427,16.071428571428573,65,6.428571428571428,58.57142857142858
W00007415,321,105,56,49,216,15,201,32.71028037383177,17.445482866043612,15.264797507788161,67.28971962616822,4.672897196261682,62.616822429906534
W00007416,258,63,34,29,195,24,171,24.418604651162788,13.178294573643413,11.24031007751938,75.5813953488372,9.30232558139535,66.27906976744185
W00007417,337,75,39,36,262,13,249,22.255192878338278,11.572700296735905,10.682492581602373,77.74480712166172,3.857566765578635,73.88724035608308
W00007418,298,66,33,33,232,15,217,22.14765100671141,11.073825503355705,11.073825503355705,77.85234899328859,5.033557046979865,72.81879194630872
W00007419,281,74,45,29,207,12,195,26.334519572953734,16.014234875444842,10.320284697508896,73.66548042704626,4.270462633451958,69.3950177935943
W00007420,412,71,37,34,341,22,319,17.233009708737864,8.980582524271846,8.25242718446602,82.76699029126213,5.339805825242718,77.42718446601941
W00007421,257,77,43,34,180,21,159,29.961089494163424,16.731517509727624,13.229571984435799,70.03891050583657,8.171206225680933,61.86770428015564
W00007422,299,110,66,44,189,17,172,36.78929765886287,22.073578595317723,14.715719063545151,63.21070234113713,5.68561872909699,57.52508361204013
W00007423,275,50,29,21,225,18,207,18.181818181818183,10.545454545454545,7.636363636363637,81.81818181818183,6.545454545454546,75.27272727272727
W00007424,279,59,23,36,220,12,208,21.14695340501792,8.24372759856631,12.903225806451612,78.85304659498208,4.301075268817205,74.55197132616487
W00007425,462,66,26,40,396,44,352,14.285714285714285,5.627705627705628,8.658008658008658,85.71428571428571,9.523809523809524,76.19047619047619
W00007426,389,39,14,25,350,22,328,10.025706940874036,3.5989717223650386,6.426735218508997,89.97429305912597,5.655526992287918,84.31876606683805
W00007427,356,68,30,38,288,21,267,19.101123595505616,8.426966292134832,10.674157303370785,80.89887640449437,5.8988764044943816,75
W00007428,337,68,35,33,269,26,243,20.178041543026705,10.385756676557865,9.792284866468842,79.82195845697329,7.71513353115727,72.10682492581603
W00007429,427,134,67,67,293,20,273,31.381733021077284,15.690866510538642,15.690866510538642,68.61826697892272,4.683840749414521,63.934426229508205
W00007430,273,53,24,29,220,26,194,19.413919413919416,8.791208791208792,10.622710622710622,80.58608058608058,9.523809523809524,71.06227106227107
W00007431,246,59,18,41,187,17,170,23.983739837398375,7.317073170731707,16.666666666666664,76.01626016260163,6.910569105691057,69.10569105691057
W00007432,216,88,55,33,128,10,118,40.74074074074074,25.462962962962965,15.277777777777779,59.25925925925925,4.62962962962963,54.629629629629626
W00007433,279,80,47,33,199,21,178,28.673835125448026,16.845878136200717,11.827956989247312,71.32616487455196,7.526881720430108,63.799283154121866
W00007434,277,108,66,42,169,14,155,38.98916967509025,23.826714801444044,15.162454873646208,61.01083032490975,5.054151624548736,55.95667870036101
W00007435,273,75,48,27,198,15,183,27.472527472527474,17.582417582417584,9.89010989010989,72.52747252747253,5.4945054945054945,67.03296703296702
W00007436,295,76,42,34,219,13,206,25.76271186440678,14.237288135593221,11.525423728813559,74.23728813559322,4.406779661016949,69.83050847457626
W00007437,248,85,44,41,163,9,154,34.274193548387096,17.741935483870968,16.532258064516128,65.7258064516129,3.6290322580645165,62.096774193548384
W00007438,260,83,36,47,177,11,166,31.92307692307692,13.846153846153847,18.076923076923077,68.07692307692308,4.230769230769231,63.84615384615384
W00007439,245,93,47,46,152,7,145,37.95918367346939,19.183673469387756,18.775510204081634,62.04081632653061,2.857142857142857,59.183673469387756
W00007440,209,58,31,27,151,17,134,27.751196172248804,14.832535885167463,12.918660287081341,72.24880382775119,8.133971291866029,64.11483253588517
W00007441,216,43,27,16,173,11,162,19.90740740740741,12.5,7.4074074074074066,80.0925925925926,5.092592592592593,75
W00007442,247,62,24,38,185,19,166,25.101214574898783,9.7165991902834,15.384615384615385,74.89878542510121,7.6923076923076925,67.20647773279353
W00007443,197,44,22,22,153,16,137,22.33502538071066,11.16751269035533,11.16751269035533,77.66497461928934,8.121827411167512,69.54314720812182
W00007444,247,60,28,32,187,19,168,24.291497975708502,11.336032388663968,12.955465587044534,75.7085020242915,7.6923076923076925,68.0161943319838
W00007445,292,43,15,28,249,24,225,14.726027397260275,5.136986301369863,9.58904109589041,85.27397260273972,8.21917808219178,77.05479452054794
W00007446,313,88,39,49,225,29,196,28.115015974440894,12.460063897763577,15.654952076677317,71.8849840255591,9.26517571884984,62.61980830670927
W00007447,273,63,28,35,210,20,190,23.076923076923077,10.256410256410255,12.82051282051282,76.92307692307693,7.326007326007327,69.59706959706959
W00007448,380,52,22,30,328,45,283,13.684210526315791,5.7894736842105265,7.894736842105263,86.31578947368422,11.842105263157894,74.47368421052632
W00007450,359,95,47,48,264,34,230,26.46239554317549,13.09192200557103,13.370473537604457,73.53760445682451,9.47075208913649,64.06685236768801
W00007451,280,64,25,39,216,25,191,22.857142857142858,8.928571428571429,13.928571428571429,77.14285714285715,8.928571428571429,68.21428571428572
W00007452,285,34,8,26,251,26,225,11.929824561403509,2.807017543859649,9.12280701754386,88.0701754385965,9.12280701754386,78.94736842105263
W00007453,359,44,19,25,315,40,275,12.256267409470752,5.2924791086350975,6.963788300835655,87.74373259052925,11.142061281337048,76.6016713091922
W00007454,429,79,31,48,350,34,316,18.414918414918414,7.226107226107226,11.188811188811188,81.58508158508158,7.925407925407925,73.65967365967366
W00007455,329,34,14,20,295,34,261,10.33434650455927,4.25531914893617,6.079027355623101,89.66565349544074,10.33434650455927,79.33130699088146
W00007456,283,53,22,31,230,27,203,18.727915194346288,7.773851590106007,10.954063604240282,81.2720848056537,9.540636042402827,71.73144876325088
W00007457,368,45,12,33,323,24,299,12.228260869565217,3.260869565217391,8.967391304347826,87.77173913043478,6.521739130434782,81.25
W00007458,288,35,7,28,253,30,223,12.152777777777777,2.430555555555556,9.722222222222223,87.84722222222221,10.416666666666668,77.43055555555556
W00007459,293,38,15,23,255,29,226,12.969283276450511,5.1194539249146755,7.849829351535837,87.03071672354949,9.897610921501707,77.13310580204778
W00007460,350,89,43,46,261,27,234,25.428571428571427,12.285714285714286,13.142857142857142,74.57142857142857,7.7142857142857135,66.85714285714286
W00007461,257,87,41,46,170,23,147,33.85214007782101,15.953307392996107,17.898832684824903,66.14785992217898,8.949416342412452,57.19844357976653
W00007462,321,60,26,34,261,24,237,18.69158878504673,8.09968847352025,10.59190031152648,81.30841121495327,7.476635514018691,73.83177570093457
W00007463,320,77,28,49,243,19,224,24.0625,8.75,15.312500000000002,75.9375,5.9375,70
W00007464,339,70,34,36,269,23,246,20.64896755162242,10.029498525073747,10.619469026548673,79.35103244837758,6.784660766961652,72.56637168141593
W00007465,346,71,39,32,275,23,252,20.520231213872833,11.271676300578035,9.248554913294797,79.47976878612717,6.6473988439306355,72.83236994219652
W00007466,309,78,29,49,231,22,209,25.24271844660194,9.385113268608414,15.857605177993527,74.75728155339806,7.119741100323624,67.63754045307444
W00007467,163,64,42,22,99,8,91,39.263803680981596,25.766871165644172,13.496932515337424,60.73619631901841,4.9079754601226995,55.828220858895705
W00007468,317,97,63,34,220,14,206,30.5993690851735,19.873817034700316,10.725552050473187,69.4006309148265,4.416403785488959,64.98422712933754
W00007469,279,93,49,44,186,13,173,33.33333333333333,17.562724014336915,15.770609318996415,66.66666666666666,4.659498207885305,62.00716845878136
W00007470,276,97,70,27,179,11,168,35.14492753623188,25.36231884057971,9.782608695652174,64.85507246376811,3.985507246376811,60.86956521739131
W00007471,282,68,37,31,214,17,197,24.113475177304963,13.120567375886525,10.99290780141844,75.88652482269504,6.028368794326241,69.8581560283688
W00007472,301,74,37,37,227,27,200,24.58471760797342,12.29235880398671,12.29235880398671,75.41528239202658,8.970099667774086,66.44518272425249
W00007473,296,63,32,31,233,23,210,21.283783783783782,10.81081081081081,10.472972972972974,78.71621621621621,7.77027027027027,70.94594594594594
W00007474,379,103,66,37,276,12,264,27.176781002638524,17.41424802110818,9.762532981530343,72.82321899736148,3.16622691292876,69.65699208443272
W00007475,259,81,50,31,178,20,158,31.27413127413127,19.305019305019304,11.96911196911197,68.72586872586872,7.722007722007722,61.003861003861005
W00007476,294,60,28,32,234,17,217,20.408163265306122,9.523809523809524,10.884353741496598,79.59183673469387,5.782312925170068,73.80952380952381
W00007477,282,68,36,32,214,19,195,24.113475177304963,12.76595744680851,11.347517730496454,75.88652482269504,6.73758865248227,69.14893617021278
W00007478,449,82,39,43,367,30,337,18.262806236080177,8.68596881959911,9.57683741648107,81.73719376391982,6.6815144766147,75.05567928730513
W00007479,381,63,34,29,318,19,299,16.535433070866144,8.923884514435695,7.611548556430446,83.46456692913385,4.986876640419948,78.4776902887139
W00007480,258,76,29,47,182,20,162,29.457364341085274,11.24031007751938,18.217054263565892,70.54263565891473,7.751937984496124,62.7906976744186
W00007481,440,101,40,61,339,39,300,22.954545454545457,9.090909090909092,13.863636363636363,77.04545454545455,8.863636363636363,68.18181818181817
W00007482,251,67,34,33,184,15,169,26.693227091633464,13.545816733067728,13.147410358565736,73.30677290836654,5.9760956175298805,67.33067729083665
W00007483,414,98,63,35,316,31,285,23.67149758454106,15.217391304347828,8.454106280193237,76.32850241545893,7.487922705314009,68.84057971014492
W00007484,290,66,32,34,224,17,207,22.758620689655174,11.03448275862069,11.724137931034482,77.24137931034483,5.862068965517241,71.37931034482759
W00007485,272,64,27,37,208,13,195,23.52941176470588,9.926470588235293,13.602941176470587,76.47058823529412,4.779411764705882,71.69117647058823
W00007486,314,61,31,30,253,32,221,19.426751592356688,9.872611464968154,9.554140127388536,80.57324840764332,10.191082802547772,70.38216560509554
W00007487,311,58,27,31,253,22,231,18.64951768488746,8.681672025723474,9.967845659163988,81.35048231511254,7.07395498392283,74.27652733118971
W00007488,516,39,21,18,477,43,434,7.55813953488372,4.069767441860465,3.488372093023256,92.44186046511628,8.333333333333332,84.10852713178295
W00007489,251,55,25,30,196,33,163,21.91235059760956,9.9601593625498,11.952191235059761,78.08764940239044,13.147410358565736,64.9402390438247
W00007490,257,63,31,32,194,12,182,24.5136186770428,12.062256809338521,12.45136186770428,75.4863813229572,4.669260700389105,70.8171206225681
W00007491,326,65,38,27,261,21,240,19.938650306748464,11.65644171779141,8.282208588957054,80.06134969325154,6.441717791411043,73.61963190184049
W00007492,169,61,39,22,108,3,105,36.09467455621302,23.076923076923077,13.017751479289942,63.905325443786985,1.7751479289940828,62.1301775147929
W00007493,286,66,25,41,220,22,198,23.076923076923077,8.741258741258742,14.335664335664337,76.92307692307693,7.6923076923076925,69.23076923076923
W00007494,256,54,19,35,202,15,187,21.09375,7.421875,13.671875,78.90625,5.859375,73.046875
W00007495,259,51,26,25,208,19,189,19.69111969111969,10.038610038610038,9.652509652509652,80.3088803088803,7.335907335907336,72.97297297297297
W00007496,342,63,23,40,279,29,250,18.421052631578945,6.725146198830409,11.695906432748536,81.57894736842105,8.47953216374269,73.09941520467837
W00007498,320,67,39,28,253,19,234,20.9375,12.1875,8.75,79.0625,5.9375,73.125
W00007499,350,80,37,43,270,25,245,22.857142857142858,10.571428571428571,12.285714285714286,77.14285714285715,7.142857142857142,70
W00007500,233,60,22,38,173,19,154,25.75107296137339,9.44206008583691,16.30901287553648,74.2489270386266,8.15450643776824,66.09442060085837
W00007501,267,63,32,31,204,23,181,23.595505617977526,11.985018726591761,11.610486891385769,76.40449438202246,8.614232209737828,67.79026217228464
W00009919,363,50,17,33,313,29,284,13.774104683195592,4.683195592286501,9.090909090909092,86.22589531680441,7.988980716253444,78.23691460055096
W00009920,511,87,39,48,424,17,407,17.025440313111545,7.632093933463796,9.393346379647749,82.97455968688845,3.326810176125244,79.6477495107632
W00009921,364,139,101,38,225,11,214,38.18681318681318,27.747252747252748,10.43956043956044,61.81318681318682,3.021978021978022,58.791208791208796
W00009922,259,45,19,26,214,19,195,17.374517374517374,7.335907335907336,10.038610038610038,82.62548262548263,7.335907335907336,75.2895752895753
W00009923,297,43,14,29,254,18,236,14.47811447811448,4.713804713804714,9.764309764309765,85.52188552188552,6.0606060606060606,79.46127946127946
W00009924,277,52,16,36,225,22,203,18.772563176895307,5.776173285198556,12.996389891696749,81.2274368231047,7.9422382671480145,73.28519855595668
W00009925,313,53,24,29,260,23,237,16.93290734824281,7.667731629392971,9.26517571884984,83.06709265175719,7.348242811501597,75.71884984025559
W00009926,231,55,24,31,176,15,161,23.809523809523807,10.38961038961039,13.41991341991342,76.19047619047619,6.493506493506493,69.6969696969697
W00009927,365,49,22,27,316,15,301,13.424657534246576,6.027397260273973,7.397260273972603,86.57534246575342,4.10958904109589,82.46575342465754
W00009928,462,83,25,58,379,29,350,17.965367965367964,5.411255411255411,12.554112554112553,82.03463203463204,6.2770562770562766,75.75757575757575
W00009929,337,49,17,32,288,22,266,14.540059347181009,5.044510385756676,9.495548961424333,85.45994065281899,6.528189910979229,78.93175074183976
W00009930,284,26,9,17,258,32,226,9.15492957746479,3.169014084507042,5.985915492957746,90.84507042253522,11.267605633802818,79.5774647887324
W00009931,303,46,15,31,257,13,244,15.181518151815181,4.9504950495049505,10.231023102310232,84.81848184818482,4.29042904290429,80.52805280528052
W00009932,357,33,16,17,324,26,298,9.243697478991598,4.481792717086835,4.761904761904762,90.75630252100841,7.282913165266107,83.4733893557423
W00009933,432,112,59,53,320,21,299,25.925925925925924,13.657407407407407,12.268518518518519,74.07407407407408,4.861111111111112,69.21296296296296
W00010266,614,62,19,43,552,42,510,10.097719869706841,3.0944625407166124,7.0032573289902285,89.90228013029315,6.840390879478828,83.06188925081433
W00010273,258,37,11,26,221,21,200,14.34108527131783,4.263565891472868,10.077519379844961,85.65891472868216,8.13953488372093,77.51937984496125
W00010277,169,37,26,11,132,8,124,21.893491124260358,15.384615384615385,6.508875739644971,78.10650887573965,4.733727810650888,73.37278106508876
W00010278,316,74,38,36,242,17,225,23.417721518987342,12.025316455696203,11.39240506329114,76.58227848101265,5.379746835443038,71.20253164556962
W00010280,515,59,20,39,456,35,421,11.45631067961165,3.8834951456310676,7.572815533980583,88.54368932038835,6.796116504854369,81.74757281553397
W00010283,285,50,24,26,235,31,204,17.543859649122805,8.421052631578947,9.12280701754386,82.45614035087719,10.87719298245614,71.57894736842105
W00010285,326,37,10,27,289,20,269,11.349693251533742,3.067484662576687,8.282208588957054,88.65030674846625,6.134969325153374,82.51533742331289
W00010288,391,48,14,34,343,24,319,12.27621483375959,3.580562659846547,8.695652173913043,87.7237851662404,6.138107416879795,81.58567774936061
W00010290,502,72,23,49,430,36,394,14.342629482071715,4.581673306772909,9.760956175298805,85.65737051792829,7.171314741035857,78.48605577689243
W00010292,150,37,24,13,113,6,107,24.666666666666668,16,8.666666666666668,75.33333333333333,4,71.33333333333334
W00010296,449,41,16,25,408,28,380,9.131403118040089,3.5634743875278394,5.56792873051225,90.8685968819599,6.23608017817372,84.63251670378618
W00010297,514,74,37,37,440,36,404,14.396887159533073,7.198443579766536,7.198443579766536,85.60311284046692,7.003891050583658,78.59922178988327
W00010298,166,28,12,16,138,14,124,16.867469879518072,7.228915662650602,9.63855421686747,83.13253012048193,8.433734939759036,74.69879518072288
W00010309,129,32,20,12,97,5,92,24.8062015503876,15.503875968992247,9.30232558139535,75.1937984496124,3.875968992248062,71.31782945736434
