OA,ts0590001,ts0590002,ts0590003,ts0590004,ts0590005,ts0590006,ts0590007,ts0590002_PCT,ts0590003_PCT,ts0590004_PCT,ts0590005_PCT,ts0590006_PCT,ts0590007_PCT
E00000037,136,59,25,34,77,67,10,43.38235294117647,18.38235294117647,25,56.61764705882353,49.26470588235294,7.352941176470589
E00000038,166,71,27,44,95,83,12,42.77108433734939,16.265060240963855,26.506024096385545,57.22891566265061,50,7.228915662650602
E00000039,143,59,19,40,84,71,13,41.25874125874126,13.286713286713287,27.972027972027973,58.74125874125874,49.65034965034965,9.090909090909092
E00000040,165,58,19,39,107,93,14,35.15151515151515,11.515151515151516,23.636363636363637,64.84848484848484,56.36363636363636,8.484848484848486
E00000041,129,49,17,32,80,71,9,37.98449612403101,13.178294573643413,24.8062015503876,62.01550387596899,55.03875968992248,6.976744186046512
E00000042,90,27,12,15,63,51,12,30,13.333333333333334,16.666666666666664,70,56.666666666666664,13.333333333333334
E00000043,120,48,25,23,72,66,6,40,20.833333333333336,19.166666666666668,60,55.00000000000001,5
E00000045,121,48,15,33,73,65,8,39.66942148760331,12.396694214876034,27.27272727272727,60.33057851239669,53.71900826446281,6.6115702479338845
E00000046,161,52,25,27,109,100,9,32.298136645962735,15.527950310559005,16.77018633540373,67.70186335403726,62.11180124223602,5.590062111801243
E00000048,167,73,18,55,94,87,7,43.712574850299404,10.778443113772456,32.93413173652694,56.287425149700596,52.09580838323353,4.191616766467066
E00000049,195,77,29,48,118,104,14,39.48717948717949,14.871794871794872,24.615384615384617,60.51282051282051,53.333333333333336,7.179487179487179
E00000050,194,71,29,42,123,100,23,36.597938144329895,14.948453608247423,21.649484536082475,63.4020618556701,51.546391752577314,11.855670103092782
E00000051,240,59,22,37,181,153,28,24.583333333333332,9.166666666666666,15.416666666666668,75.41666666666667,63.74999999999999,11.666666666666666
E00000052,164,48,16,32,116,96,20,29.268292682926827,9.75609756097561,19.51219512195122,70.73170731707317,58.536585365853654,12.195121951219512
E00000053,227,100,41,59,127,106,21,44.052863436123346,18.06167400881057,25.991189427312776,55.947136563876654,46.69603524229075,9.251101321585903
E00000054,188,56,22,34,132,118,14,29.78723404255319,11.702127659574469,18.085106382978726,70.2127659574468,62.76595744680851,7.446808510638298
E00000055,231,73,25,48,158,138,20,31.601731601731604,10.822510822510822,20.77922077922078,68.3982683982684,59.74025974025974,8.658008658008658
E00000056,164,73,38,35,91,86,5,44.51219512195122,23.170731707317074,21.341463414634145,55.487804878048784,52.4390243902439,3.048780487804878
E00000057,164,74,24,50,90,73,17,45.1219512195122,14.634146341463413,30.48780487804878,54.87804878048781,44.51219512195122,10.365853658536585
E00000059,109,31,4,27,78,66,12,28.440366972477065,3.669724770642202,24.770642201834864,71.55963302752293,60.550458715596335,11.009174311926607
E00000060,123,41,18,23,82,69,13,33.33333333333333,14.634146341463413,18.69918699186992,66.66666666666666,56.09756097560976,10.569105691056912
E00000061,109,44,19,25,65,57,8,40.36697247706422,17.431192660550458,22.93577981651376,59.63302752293578,52.293577981651374,7.339449541284404
E00000063,106,36,11,25,70,64,6,33.9622641509434,10.377358490566039,23.58490566037736,66.0377358490566,60.37735849056604,5.660377358490567
E00000064,146,52,16,36,94,83,11,35.61643835616438,10.95890410958904,24.65753424657534,64.38356164383562,56.849315068493155,7.534246575342466
E00000066,264,118,48,70,146,102,44,44.696969696969695,18.181818181818183,26.515151515151516,55.3030303030303,38.63636363636363,16.666666666666664
E00000067,147,62,24,38,85,74,11,42.17687074829932,16.3265306122449,25.850340136054424,57.82312925170068,50.34013605442177,7.482993197278912
E00000068,160,50,13,37,110,89,21,31.25,8.125,23.125,68.75,55.625,13.125
E00000069,169,65,17,48,104,91,13,38.46153846153847,10.059171597633137,28.402366863905325,61.53846153846154,53.84615384615385,7.6923076923076925
E00000070,194,63,22,41,131,118,13,32.47422680412371,11.34020618556701,21.1340206185567,67.5257731958763,60.824742268041234,6.701030927835052
E00000071,154,48,11,37,106,98,8,31.16883116883117,7.142857142857142,24.025974025974026,68.83116883116884,63.63636363636363,5.194805194805195
E00000072,154,43,12,31,111,92,19,27.92207792207792,7.792207792207792,20.12987012987013,72.07792207792207,59.74025974025974,12.337662337662337
E00000073,156,48,16,32,108,98,10,30.76923076923077,10.256410256410255,20.51282051282051,69.23076923076923,62.82051282051282,6.41025641025641
E00000074,147,35,14,21,112,99,13,23.809523809523807,9.523809523809524,14.285714285714285,76.19047619047619,67.3469387755102,8.843537414965986
E00000075,149,41,13,28,108,94,14,27.516778523489933,8.724832214765101,18.79194630872483,72.48322147651007,63.08724832214765,9.395973154362416
E00000076,171,53,16,37,118,100,18,30.994152046783626,9.35672514619883,21.637426900584796,69.00584795321637,58.47953216374269,10.526315789473683
E00000077,152,55,26,29,97,86,11,36.18421052631579,17.105263157894736,19.078947368421055,63.81578947368421,56.57894736842105,7.236842105263158
E00000078,142,37,13,24,105,87,18,26.056338028169012,9.15492957746479,16.901408450704224,73.94366197183099,61.267605633802816,12.676056338028168
E00000079,178,54,11,43,124,96,28,30.337078651685395,6.179775280898876,24.15730337078652,69.66292134831461,53.93258426966292,15.730337078651685
E00000080,265,87,22,65,178,157,21,32.83018867924528,8.30188679245283,24.528301886792452,67.16981132075472,59.24528301886792,7.9245283018867925
E00000081,157,44,20,24,113,96,17,28.02547770700637,12.738853503184714,15.286624203821656,71.97452229299363,61.146496815286625,10.828025477707007
E00000082,174,61,19,42,113,100,13,35.05747126436782,10.919540229885058,24.137931034482758,64.9425287356322,57.47126436781609,7.471264367816093
E00000083,157,46,13,33,111,96,15,29.29936305732484,8.280254777070063,21.019108280254777,70.70063694267516,61.146496815286625,9.554140127388536
E00000084,150,57,20,37,93,79,14,38,13.333333333333334,24.666666666666668,62,52.666666666666664,9.333333333333334
E00000085,141,47,15,32,94,82,12,33.33333333333333,10.638297872340425,22.69503546099291,66.66666666666666,58.156028368794324,8.51063829787234
E00000086,159,59,23,36,100,88,12,37.10691823899371,14.465408805031446,22.641509433962266,62.893081761006286,55.34591194968554,7.547169811320755
E00000087,114,31,11,20,83,73,10,27.192982456140353,9.649122807017543,17.543859649122805,72.80701754385966,64.03508771929825,8.771929824561402
E00000088,173,56,19,37,117,103,14,32.369942196531795,10.982658959537572,21.38728323699422,67.63005780346822,59.53757225433526,8.092485549132949
E00000089,152,48,15,33,104,91,13,31.57894736842105,9.868421052631579,21.710526315789476,68.42105263157895,59.86842105263158,8.552631578947368
E00000090,170,50,11,39,120,105,15,29.411764705882355,6.470588235294119,22.941176470588236,70.58823529411765,61.76470588235294,8.823529411764707
E00000091,244,96,34,62,148,129,19,39.34426229508197,13.934426229508196,25.40983606557377,60.65573770491803,52.86885245901639,7.786885245901639
E00000092,184,57,17,40,127,110,17,30.978260869565215,9.239130434782608,21.73913043478261,69.02173913043478,59.78260869565217,9.239130434782608
E00000093,146,51,16,35,95,84,11,34.93150684931507,10.95890410958904,23.972602739726025,65.06849315068493,57.534246575342465,7.534246575342466
E00000094,185,69,22,47,116,100,16,37.2972972972973,11.891891891891893,25.405405405405407,62.70270270270271,54.054054054054056,8.64864864864865
E00000095,250,63,18,45,187,161,26,25.2,7.199999999999999,18,74.8,64.4,10.4
E00000096,146,32,13,19,114,101,13,21.91780821917808,8.904109589041095,13.013698630136986,78.08219178082192,69.17808219178082,8.904109589041095
E00000097,157,53,18,35,104,92,12,33.75796178343949,11.464968152866243,22.29299363057325,66.2420382165605,58.59872611464968,7.643312101910828
E00000098,144,51,17,34,93,78,15,35.41666666666667,11.805555555555555,23.61111111111111,64.58333333333334,54.166666666666664,10.416666666666668
E00000099,51,11,2,9,40,35,5,21.568627450980394,3.9215686274509802,17.647058823529413,78.43137254901961,68.62745098039215,9.803921568627452
E00000100,197,57,16,41,140,125,15,28.934010152284262,8.121827411167512,20.812182741116754,71.06598984771574,63.45177664974619,7.614213197969544
E00000101,151,50,27,23,101,93,8,33.11258278145696,17.880794701986755,15.2317880794702,66.88741721854305,61.58940397350994,5.298013245033113
E00000102,185,64,24,40,121,109,12,34.5945945945946,12.972972972972974,21.62162162162162,65.4054054054054,58.91891891891892,6.486486486486487
E00000103,204,66,18,48,138,133,5,32.35294117647059,8.823529411764707,23.52941176470588,67.64705882352942,65.19607843137256,2.450980392156863
E00000104,196,65,22,43,131,108,23,33.16326530612245,11.224489795918368,21.93877551020408,66.83673469387756,55.10204081632652,11.73469387755102
E00000106,165,55,29,26,110,95,15,33.33333333333333,17.575757575757574,15.757575757575756,66.66666666666666,57.57575757575758,9.090909090909092
E00000107,163,56,13,43,107,92,15,34.355828220858896,7.975460122699387,26.380368098159508,65.6441717791411,56.44171779141104,9.202453987730062
E00000108,136,52,11,41,84,76,8,38.23529411764706,8.088235294117647,30.14705882352941,61.76470588235294,55.88235294117647,5.88235294117647
E00000109,194,79,29,50,115,97,18,40.72164948453608,14.948453608247423,25.773195876288657,59.27835051546392,50,9.278350515463918
E00000110,120,41,19,22,79,64,15,34.166666666666664,15.833333333333332,18.333333333333332,65.83333333333333,53.333333333333336,12.5
E00000111,207,63,23,40,144,129,15,30.434782608695656,11.11111111111111,19.32367149758454,69.56521739130434,62.31884057971014,7.246376811594203
E00000112,164,55,18,37,109,101,8,33.53658536585366,10.975609756097562,22.5609756097561,66.46341463414635,61.58536585365854,4.878048780487805
E00000113,227,89,35,54,138,124,14,39.20704845814978,15.418502202643172,23.788546255506606,60.792951541850215,54.62555066079295,6.167400881057269
E00000114,173,58,19,39,115,97,18,33.52601156069364,10.982658959537572,22.54335260115607,66.47398843930635,56.06936416184971,10.404624277456648
E00000115,162,67,18,49,95,80,15,41.358024691358025,11.11111111111111,30.246913580246915,58.64197530864198,49.382716049382715,9.25925925925926
E00000116,189,62,20,42,127,106,21,32.804232804232804,10.582010582010582,22.22222222222222,67.1957671957672,56.08465608465608,11.11111111111111
E00000117,88,25,11,14,63,59,4,28.40909090909091,12.5,15.909090909090908,71.5909090909091,67.04545454545455,4.545454545454546
E00000118,158,56,19,37,102,86,16,35.44303797468354,12.025316455696203,23.417721518987342,64.55696202531645,54.43037974683544,10.126582278481013
E00000119,126,52,22,30,74,61,13,41.269841269841265,17.46031746031746,23.809523809523807,58.730158730158735,48.41269841269841,10.317460317460316
E00000120,164,72,19,53,92,83,9,43.90243902439025,11.585365853658537,32.31707317073171,56.09756097560976,50.609756097560975,5.487804878048781
E00000121,148,63,22,41,85,75,10,42.567567567567565,14.864864864864865,27.7027027027027,57.432432432432435,50.67567567567568,6.756756756756757
E00000122,142,50,19,31,92,77,15,35.2112676056338,13.380281690140844,21.830985915492956,64.7887323943662,54.22535211267606,10.56338028169014
E00000123,166,58,26,32,108,100,8,34.93975903614458,15.66265060240964,19.27710843373494,65.06024096385542,60.24096385542169,4.819277108433735
E00000124,148,59,23,36,89,75,14,39.86486486486486,15.54054054054054,24.324324324324326,60.13513513513513,50.67567567567568,9.45945945945946
E00000125,192,67,19,48,125,107,18,34.89583333333333,9.895833333333332,25,65.10416666666666,55.729166666666664,9.375
E00000128,120,35,10,25,85,71,14,29.166666666666668,8.333333333333332,20.833333333333336,70.83333333333334,59.166666666666664,11.666666666666666
E00000129,159,55,20,35,104,91,13,34.59119496855346,12.578616352201259,22.0125786163522,65.40880503144653,57.23270440251572,8.176100628930817
E00000130,170,55,20,35,115,102,13,32.35294117647059,11.76470588235294,20.588235294117645,67.64705882352942,60,7.647058823529412
E00000131,167,56,19,37,111,88,23,33.532934131736525,11.377245508982035,22.15568862275449,66.46706586826348,52.69461077844312,13.77245508982036
E00000132,161,52,22,30,109,101,8,32.298136645962735,13.664596273291925,18.633540372670808,67.70186335403726,62.732919254658384,4.968944099378882
E00000133,147,44,18,26,103,94,9,29.931972789115648,12.244897959183673,17.687074829931973,70.06802721088435,63.94557823129252,6.122448979591836
E00000134,204,67,25,42,137,125,12,32.84313725490196,12.254901960784313,20.588235294117645,67.15686274509804,61.274509803921575,5.88235294117647
E00000135,142,50,13,37,92,86,6,35.2112676056338,9.15492957746479,26.056338028169012,64.7887323943662,60.56338028169014,4.225352112676056
E00000136,179,55,21,34,124,104,20,30.726256983240223,11.731843575418994,18.994413407821227,69.27374301675978,58.10055865921788,11.1731843575419
E00000137,182,67,33,34,115,104,11,36.81318681318682,18.13186813186813,18.681318681318682,63.18681318681318,57.14285714285714,6.043956043956044
E00000138,167,46,18,28,121,109,12,27.54491017964072,10.778443113772456,16.766467065868262,72.45508982035929,65.26946107784431,7.18562874251497
E00000139,157,52,22,30,105,93,12,33.12101910828025,14.012738853503185,19.10828025477707,66.87898089171973,59.23566878980891,7.643312101910828
E00000140,191,50,21,29,141,123,18,26.17801047120419,10.99476439790576,15.18324607329843,73.82198952879581,64.3979057591623,9.424083769633508
E00000141,122,50,17,33,72,60,12,40.98360655737705,13.934426229508196,27.049180327868854,59.01639344262295,49.18032786885246,9.836065573770492
E00000142,120,44,13,31,76,62,14,36.666666666666664,10.833333333333334,25.833333333333336,63.33333333333333,51.66666666666667,11.666666666666666
E00000143,156,52,18,34,104,93,11,33.33333333333333,11.538461538461538,21.794871794871796,66.66666666666666,59.61538461538461,7.051282051282051
E00000144,139,51,17,34,88,82,6,36.69064748201439,12.23021582733813,24.46043165467626,63.30935251798561,58.992805755395686,4.316546762589928
E00000145,87,30,11,19,57,57,0,34.48275862068966,12.643678160919542,21.839080459770116,65.51724137931035,65.51724137931035,0
E00000146,135,43,14,29,92,85,7,31.851851851851855,10.37037037037037,21.48148148148148,68.14814814814815,62.96296296296296,5.185185185185185
E00000147,154,47,21,26,107,94,13,30.519480519480517,13.636363636363635,16.883116883116884,69.48051948051948,61.038961038961034,8.441558441558442
E00000148,46,14,7,7,32,26,6,30.434782608695656,15.217391304347828,15.217391304347828,69.56521739130434,56.52173913043478,13.043478260869565
E00000149,157,66,21,45,91,82,9,42.038216560509554,13.375796178343949,28.662420382165603,57.961783439490446,52.22929936305732,5.7324840764331215
E00000150,194,58,24,34,136,121,15,29.896907216494846,12.371134020618557,17.525773195876287,70.10309278350515,62.371134020618555,7.731958762886598
E00000151,195,63,24,39,132,114,18,32.30769230769231,12.307692307692308,20,67.6923076923077,58.46153846153847,9.230769230769232
E00000152,126,40,19,21,86,73,13,31.746031746031743,15.079365079365079,16.666666666666664,68.25396825396825,57.936507936507944,10.317460317460316
E00000153,142,40,16,24,102,90,12,28.169014084507044,11.267605633802818,16.901408450704224,71.83098591549296,63.38028169014085,8.450704225352112
E00000154,151,55,16,39,96,77,19,36.423841059602644,10.596026490066226,25.82781456953642,63.576158940397356,50.993377483443716,12.582781456953644
E00000155,256,84,30,54,172,147,25,32.8125,11.71875,21.09375,67.1875,57.421875,9.765625
E00000156,167,53,24,29,114,101,13,31.736526946107784,14.37125748502994,17.365269461077844,68.26347305389223,60.47904191616767,7.784431137724551
E00000157,153,49,18,31,104,94,10,32.02614379084967,11.76470588235294,20.26143790849673,67.97385620915033,61.43790849673203,6.535947712418301
E00000158,168,58,22,36,110,89,21,34.523809523809526,13.095238095238097,21.428571428571427,65.47619047619048,52.976190476190474,12.5
E00000159,226,77,23,54,149,123,26,34.070796460176986,10.176991150442479,23.893805309734514,65.929203539823,54.424778761061944,11.504424778761061
E00000160,149,62,24,38,87,73,14,41.61073825503356,16.10738255033557,25.503355704697988,58.38926174496645,48.99328859060403,9.395973154362416
E00000161,159,59,17,42,100,91,9,37.10691823899371,10.69182389937107,26.41509433962264,62.893081761006286,57.23270440251572,5.660377358490567
E00000162,129,33,11,22,96,86,10,25.581395348837212,8.527131782945736,17.05426356589147,74.4186046511628,66.66666666666666,7.751937984496124
E00000163,218,65,34,31,153,138,15,29.81651376146789,15.59633027522936,14.220183486238533,70.18348623853211,63.30275229357798,6.8807339449541285
E00000164,145,63,17,46,82,72,10,43.44827586206896,11.724137931034482,31.724137931034484,56.55172413793104,49.6551724137931,6.896551724137931
E00000165,132,48,17,31,84,76,8,36.36363636363637,12.878787878787879,23.484848484848484,63.63636363636363,57.57575757575758,6.0606060606060606
E00000166,71,22,7,15,49,44,5,30.985915492957744,9.859154929577464,21.12676056338028,69.01408450704226,61.97183098591549,7.042253521126761
E00000167,158,46,16,30,112,105,7,29.11392405063291,10.126582278481013,18.9873417721519,70.88607594936708,66.45569620253164,4.430379746835443
E00000168,210,66,20,46,144,117,27,31.428571428571427,9.523809523809524,21.904761904761905,68.57142857142857,55.714285714285715,12.857142857142856
E00000169,129,43,13,30,86,77,9,33.33333333333333,10.077519379844961,23.25581395348837,66.66666666666666,59.68992248062015,6.976744186046512
E00000170,169,41,14,27,128,109,19,24.2603550295858,8.284023668639055,15.976331360946746,75.7396449704142,64.49704142011834,11.242603550295858
E00000171,152,47,17,30,105,93,12,30.92105263157895,11.18421052631579,19.736842105263158,69.07894736842105,61.18421052631579,7.894736842105263
E00000172,183,59,22,37,124,109,15,32.240437158469945,12.021857923497267,20.21857923497268,67.75956284153006,59.56284153005464,8.19672131147541
E00000173,223,63,26,37,160,141,19,28.251121076233183,11.659192825112108,16.591928251121075,71.74887892376681,63.22869955156951,8.520179372197308
E00000174,174,46,24,22,128,119,9,26.436781609195403,13.793103448275861,12.643678160919542,73.5632183908046,68.39080459770115,5.172413793103448
E00000175,164,61,19,42,103,94,9,37.19512195121951,11.585365853658537,25.609756097560975,62.80487804878049,57.3170731707317,5.487804878048781
E00000176,176,51,16,35,125,107,18,28.97727272727273,9.090909090909092,19.886363636363637,71.02272727272727,60.79545454545454,10.227272727272728
E00000177,100,30,15,15,70,55,15,30,15,15,70,55.00000000000001,15
E00000178,208,48,20,28,160,138,22,23.076923076923077,9.615384615384617,13.461538461538462,76.92307692307693,66.34615384615384,10.576923076923077
E00000179,160,57,27,30,103,89,14,35.625,16.875,18.75,64.375,55.625,8.75
E00000180,153,44,18,26,109,93,16,28.75816993464052,11.76470588235294,16.99346405228758,71.24183006535948,60.78431372549019,10.457516339869281
E00000181,187,54,17,37,133,114,19,28.87700534759358,9.090909090909092,19.786096256684495,71.12299465240642,60.962566844919785,10.16042780748663
E00000182,179,41,16,25,138,121,17,22.905027932960895,8.938547486033519,13.966480446927374,77.09497206703911,67.59776536312849,9.497206703910614
E00000183,137,34,11,23,103,78,25,24.817518248175183,8.02919708029197,16.78832116788321,75.18248175182481,56.934306569343065,18.248175182481752
E00000184,192,52,13,39,140,116,24,27.083333333333332,6.770833333333333,20.3125,72.91666666666666,60.416666666666664,12.5
E00000185,180,43,19,24,137,116,21,23.88888888888889,10.555555555555555,13.333333333333334,76.11111111111111,64.44444444444444,11.666666666666666
E00000186,177,55,14,41,122,114,8,31.07344632768362,7.909604519774012,23.163841807909606,68.92655367231639,64.40677966101694,4.519774011299435
E00000187,146,47,15,32,99,87,12,32.19178082191781,10.273972602739725,21.91780821917808,67.8082191780822,59.589041095890416,8.21917808219178
E00000188,155,49,14,35,106,92,14,31.61290322580645,9.032258064516128,22.58064516129032,68.38709677419355,59.354838709677416,9.032258064516128
E00000189,145,44,13,31,101,85,16,30.344827586206897,8.96551724137931,21.379310344827587,69.6551724137931,58.620689655172406,11.03448275862069
E00000190,133,32,13,19,101,87,14,24.06015037593985,9.774436090225564,14.285714285714285,75.93984962406014,65.41353383458647,10.526315789473683
E00000191,157,43,13,30,114,103,11,27.388535031847134,8.280254777070063,19.10828025477707,72.61146496815286,65.60509554140127,7.006369426751593
E00000192,190,55,18,37,135,108,27,28.947368421052634,9.473684210526317,19.473684210526315,71.05263157894737,56.84210526315789,14.210526315789473
E00000193,172,48,16,32,124,109,15,27.906976744186046,9.30232558139535,18.6046511627907,72.09302325581395,63.372093023255815,8.720930232558139
E00000194,163,45,17,28,118,101,17,27.607361963190186,10.429447852760736,17.177914110429448,72.39263803680981,61.963190184049076,10.429447852760736
E00000195,186,48,15,33,138,123,15,25.806451612903224,8.064516129032258,17.741935483870968,74.19354838709677,66.12903225806451,8.064516129032258
E00000196,124,25,4,21,99,89,10,20.161290322580644,3.225806451612903,16.93548387096774,79.83870967741935,71.7741935483871,8.064516129032258
E00000197,170,41,14,27,129,108,21,24.11764705882353,8.235294117647058,15.88235294117647,75.88235294117646,63.52941176470588,12.352941176470589
E00000198,66,33,15,18,33,33,0,50,22.727272727272727,27.27272727272727,50,50,0
E00000199,165,58,21,37,107,88,19,35.15151515151515,12.727272727272727,22.424242424242426,64.84848484848484,53.333333333333336,11.515151515151516
E00000200,180,49,11,38,131,109,22,27.22222222222222,6.111111111111111,21.11111111111111,72.77777777777777,60.55555555555555,12.222222222222221
E00000201,188,60,26,34,128,113,15,31.914893617021278,13.829787234042554,18.085106382978726,68.08510638297872,60.1063829787234,7.9787234042553195
E00000202,167,66,24,42,101,83,18,39.52095808383233,14.37125748502994,25.149700598802394,60.47904191616767,49.700598802395206,10.778443113772456
E00000203,187,51,16,35,136,122,14,27.27272727272727,8.55614973262032,18.71657754010695,72.72727272727273,65.24064171122996,7.4866310160427805
E00000204,175,52,20,32,123,102,21,29.714285714285715,11.428571428571429,18.285714285714285,70.28571428571428,58.285714285714285,12
E00000205,199,77,30,47,122,113,9,38.69346733668342,15.07537688442211,23.618090452261306,61.30653266331658,56.78391959798995,4.522613065326634
E00000206,113,35,14,21,78,74,4,30.973451327433626,12.389380530973451,18.58407079646018,69.02654867256636,65.48672566371681,3.5398230088495577
E00000207,133,40,17,23,93,81,12,30.075187969924812,12.781954887218044,17.293233082706767,69.92481203007519,60.902255639097746,9.022556390977442
E00000208,173,46,13,33,127,115,12,26.589595375722542,7.514450867052023,19.07514450867052,73.41040462427746,66.47398843930635,6.9364161849710975
E00000209,158,41,17,24,117,107,10,25.949367088607595,10.759493670886076,15.18987341772152,74.0506329113924,67.72151898734177,6.329113924050633
E00000210,181,48,18,30,133,113,20,26.519337016574585,9.94475138121547,16.574585635359114,73.48066298342542,62.430939226519335,11.049723756906078
E00000211,149,53,15,38,96,87,9,35.57046979865772,10.06711409395973,25.503355704697988,64.42953020134227,58.38926174496645,6.0402684563758395
E00000212,68,23,7,16,45,40,5,33.82352941176471,10.294117647058822,23.52941176470588,66.17647058823529,58.82352941176471,7.352941176470589
E00000213,135,43,12,31,92,84,8,31.851851851851855,8.88888888888889,22.962962962962962,68.14814814814815,62.22222222222222,5.9259259259259265
E00000214,173,52,13,39,121,100,21,30.057803468208093,7.514450867052023,22.54335260115607,69.94219653179191,57.80346820809249,12.138728323699421
E00000215,150,46,19,27,104,76,28,30.666666666666664,12.666666666666668,18,69.33333333333334,50.66666666666667,18.666666666666668
E00000216,156,54,20,34,102,87,15,34.61538461538461,12.82051282051282,21.794871794871796,65.38461538461539,55.769230769230774,9.615384615384617
E00000217,118,40,14,26,78,66,12,33.89830508474576,11.864406779661017,22.033898305084744,66.10169491525424,55.932203389830505,10.16949152542373
E00000218,149,43,14,29,106,88,18,28.859060402684566,9.395973154362416,19.463087248322147,71.14093959731544,59.06040268456376,12.080536912751679
E00000219,155,45,14,31,110,90,20,29.03225806451613,9.032258064516128,20,70.96774193548387,58.06451612903226,12.903225806451612
E00000220,158,46,18,28,112,91,21,29.11392405063291,11.39240506329114,17.72151898734177,70.88607594936708,57.59493670886076,13.291139240506327
E00000221,183,54,25,29,129,118,11,29.508196721311474,13.661202185792352,15.846994535519126,70.49180327868852,64.48087431693989,6.0109289617486334
E00000222,203,65,22,43,138,112,26,32.01970443349754,10.83743842364532,21.182266009852217,67.98029556650246,55.172413793103445,12.807881773399016
E00000223,140,63,26,37,77,70,7,45,18.571428571428573,26.42857142857143,55.00000000000001,50,5
E00000224,153,42,14,28,111,96,15,27.450980392156865,9.15032679738562,18.30065359477124,72.54901960784314,62.745098039215684,9.803921568627452
E00000225,157,63,24,39,94,81,13,40.12738853503185,15.286624203821656,24.840764331210192,59.87261146496815,51.59235668789809,8.280254777070063
E00000226,142,61,15,46,81,68,13,42.95774647887324,10.56338028169014,32.3943661971831,57.04225352112676,47.88732394366197,9.15492957746479
E00000227,163,61,22,39,102,87,15,37.423312883435585,13.496932515337424,23.92638036809816,62.57668711656442,53.37423312883436,9.202453987730062
E00000228,194,78,29,49,116,104,12,40.20618556701031,14.948453608247423,25.257731958762886,59.79381443298969,53.608247422680414,6.185567010309279
E00000229,156,50,15,35,106,94,12,32.05128205128205,9.615384615384617,22.435897435897438,67.94871794871796,60.256410256410255,7.6923076923076925
E00000230,186,68,24,44,118,103,15,36.55913978494624,12.903225806451612,23.655913978494624,63.44086021505376,55.376344086021504,8.064516129032258
E00000231,166,54,28,26,112,94,18,32.53012048192771,16.867469879518072,15.66265060240964,67.46987951807229,56.62650602409639,10.843373493975903
E00000232,188,63,25,38,125,107,18,33.51063829787234,13.297872340425531,20.212765957446805,66.48936170212765,56.91489361702128,9.574468085106384
E00000234,196,79,25,54,117,101,16,40.30612244897959,12.755102040816327,27.55102040816326,59.693877551020414,51.53061224489795,8.16326530612245
E00000236,160,55,27,28,105,89,16,34.375,16.875,17.5,65.625,55.625,10
E00000237,177,67,19,48,110,98,12,37.85310734463277,10.734463276836157,27.11864406779661,62.14689265536724,55.367231638418076,6.779661016949152
E00000238,134,56,16,40,78,62,16,41.7910447761194,11.940298507462686,29.850746268656714,58.2089552238806,46.26865671641791,11.940298507462686
E00000240,168,59,17,42,109,97,12,35.11904761904761,10.119047619047619,25,64.88095238095238,57.738095238095234,7.142857142857142
E00000243,134,45,13,32,89,81,8,33.582089552238806,9.701492537313433,23.88059701492537,66.4179104477612,60.447761194029844,5.970149253731343
E00000244,133,54,22,32,79,68,11,40.6015037593985,16.541353383458645,24.06015037593985,59.3984962406015,51.127819548872175,8.270676691729323
E00000245,116,46,17,29,70,56,14,39.6551724137931,14.655172413793101,25,60.3448275862069,48.275862068965516,12.068965517241379
E00000246,137,36,14,22,101,88,13,26.277372262773724,10.218978102189782,16.05839416058394,73.72262773722628,64.23357664233576,9.48905109489051
E00000247,211,73,31,42,138,110,28,34.59715639810427,14.691943127962084,19.90521327014218,65.40284360189574,52.13270142180095,13.270142180094787
E00000249,137,46,17,29,91,78,13,33.57664233576642,12.408759124087592,21.16788321167883,66.42335766423358,56.934306569343065,9.48905109489051
E00000251,292,68,20,48,224,203,21,23.28767123287671,6.8493150684931505,16.43835616438356,76.71232876712328,69.52054794520548,7.191780821917808
E00000252,160,42,22,20,118,90,28,26.25,13.750000000000002,12.5,73.75,56.25,17.5
E00000253,65,16,7,9,49,42,7,24.615384615384617,10.76923076923077,13.846153846153847,75.38461538461539,64.61538461538461,10.76923076923077
E00000255,172,71,25,46,101,78,23,41.27906976744186,14.534883720930234,26.744186046511626,58.720930232558146,45.348837209302324,13.372093023255813
E00000256,83,32,14,18,51,46,5,38.55421686746988,16.867469879518072,21.686746987951807,61.44578313253012,55.42168674698795,6.024096385542169
E00000257,167,62,18,44,105,96,9,37.12574850299401,10.778443113772456,26.34730538922156,62.874251497005986,57.48502994011976,5.389221556886228
E00000258,147,31,6,25,116,104,12,21.08843537414966,4.081632653061225,17.006802721088434,78.91156462585033,70.74829931972789,8.16326530612245
E00000259,138,53,22,31,85,74,11,38.405797101449274,15.942028985507244,22.463768115942027,61.59420289855072,53.62318840579711,7.971014492753622
E00000260,161,34,11,23,127,107,20,21.11801242236025,6.832298136645963,14.285714285714285,78.88198757763976,66.45962732919256,12.422360248447205
E00000261,125,48,7,41,77,67,10,38.4,5.6000000000000005,32.800000000000004,61.6,53.6,8
E00000263,246,93,37,56,153,135,18,37.80487804878049,15.040650406504067,22.76422764227642,62.19512195121951,54.87804878048781,7.317073170731707
E00000265,112,37,12,25,75,66,9,33.035714285714285,10.714285714285714,22.321428571428573,66.96428571428571,58.92857142857143,8.035714285714286
E00000266,170,53,10,43,117,104,13,31.176470588235293,5.88235294117647,25.294117647058822,68.82352941176471,61.1764705882353,7.647058823529412
E00000267,161,60,24,36,101,85,16,37.267080745341616,14.906832298136646,22.36024844720497,62.732919254658384,52.79503105590062,9.937888198757763
E00000268,177,66,21,45,111,98,13,37.28813559322034,11.864406779661017,25.423728813559322,62.71186440677966,55.367231638418076,7.344632768361582
E00000269,193,65,23,42,128,115,13,33.67875647668394,11.917098445595855,21.761658031088082,66.32124352331607,59.58549222797927,6.7357512953367875
E00000270,162,54,9,45,108,100,8,33.33333333333333,5.555555555555555,27.77777777777778,66.66666666666666,61.72839506172839,4.938271604938271
E00000271,133,36,11,25,97,83,14,27.06766917293233,8.270676691729323,18.796992481203006,72.93233082706767,62.40601503759399,10.526315789473683
E00000272,169,40,13,27,129,109,20,23.668639053254438,7.6923076923076925,15.976331360946746,76.33136094674556,64.49704142011834,11.834319526627219
E00000273,137,55,16,39,82,70,12,40.14598540145985,11.678832116788321,28.467153284671532,59.854014598540154,51.09489051094891,8.75912408759124
E00000274,154,56,19,37,98,87,11,36.36363636363637,12.337662337662337,24.025974025974026,63.63636363636363,56.493506493506494,7.142857142857142
E00000275,150,53,15,38,97,87,10,35.333333333333336,10,25.333333333333336,64.66666666666666,57.99999999999999,6.666666666666667
E00000276,198,64,24,40,134,116,18,32.323232323232325,12.121212121212121,20.2020202020202,67.67676767676768,58.58585858585859,9.090909090909092
E00000277,178,54,16,38,124,102,22,30.337078651685395,8.98876404494382,21.34831460674157,69.66292134831461,57.30337078651685,12.359550561797752
E00000278,139,41,18,23,98,81,17,29.496402877697843,12.949640287769784,16.546762589928058,70.50359712230215,58.27338129496403,12.23021582733813
E00000279,113,40,8,32,73,61,12,35.39823008849557,7.079646017699115,28.31858407079646,64.60176991150442,53.98230088495575,10.619469026548673
E00000280,162,74,31,43,88,80,8,45.67901234567901,19.1358024691358,26.543209876543212,54.32098765432099,49.382716049382715,4.938271604938271
E00000282,149,47,22,25,102,91,11,31.543624161073826,14.76510067114094,16.778523489932887,68.45637583892618,61.07382550335571,7.38255033557047
E00000283,158,63,23,40,95,81,14,39.87341772151899,14.556962025316455,25.31645569620253,60.12658227848101,51.26582278481012,8.860759493670885
E00000284,152,51,17,34,101,89,12,33.55263157894737,11.18421052631579,22.36842105263158,66.44736842105263,58.55263157894737,7.894736842105263
E00000285,146,40,8,32,106,95,11,27.397260273972602,5.47945205479452,21.91780821917808,72.6027397260274,65.06849315068493,7.534246575342466
E00000286,168,46,15,31,122,111,11,27.380952380952383,8.928571428571429,18.452380952380953,72.61904761904762,66.07142857142857,6.547619047619048
E00000287,149,46,13,33,103,86,17,30.87248322147651,8.724832214765101,22.14765100671141,69.12751677852349,57.71812080536913,11.409395973154362
E00000288,208,71,26,45,137,114,23,34.13461538461539,12.5,21.634615384615387,65.86538461538461,54.807692307692314,11.057692307692307
E00000289,156,48,14,34,108,89,19,30.76923076923077,8.974358974358974,21.794871794871796,69.23076923076923,57.05128205128205,12.179487179487179
E00000290,141,47,19,28,94,87,7,33.33333333333333,13.47517730496454,19.858156028368796,66.66666666666666,61.702127659574465,4.964539007092199
E00000291,148,56,20,36,92,86,6,37.83783783783784,13.513513513513514,24.324324324324326,62.16216216216216,58.108108108108105,4.054054054054054
E00000292,144,47,17,30,97,84,13,32.63888888888889,11.805555555555555,20.833333333333336,67.36111111111111,58.333333333333336,9.027777777777777
E00000293,138,30,12,18,108,96,12,21.73913043478261,8.695652173913043,13.043478260869565,78.26086956521739,69.56521739130434,8.695652173913043
E00000294,177,54,14,40,123,107,16,30.508474576271187,7.909604519774012,22.598870056497177,69.49152542372882,60.451977401129945,9.03954802259887
E00000295,152,50,18,32,102,83,19,32.89473684210527,11.842105263157894,21.052631578947366,67.10526315789474,54.60526315789473,12.5
E00000296,176,54,17,37,122,100,22,30.681818181818183,9.659090909090908,21.022727272727273,69.31818181818183,56.81818181818182,12.5
E00000297,163,47,15,32,116,101,15,28.834355828220858,9.202453987730062,19.631901840490798,71.16564417177914,61.963190184049076,9.202453987730062
E00000298,178,53,17,36,125,101,24,29.775280898876407,9.550561797752808,20.224719101123593,70.2247191011236,56.74157303370787,13.48314606741573
E00000299,133,48,16,32,85,72,13,36.09022556390977,12.030075187969924,24.06015037593985,63.90977443609023,54.13533834586466,9.774436090225564
E00000300,203,81,29,52,122,105,17,39.90147783251231,14.285714285714285,25.615763546798032,60.09852216748769,51.724137931034484,8.374384236453201
E00000301,173,62,24,38,111,100,11,35.83815028901734,13.872832369942195,21.965317919075144,64.16184971098265,57.80346820809249,6.358381502890173
E00000302,160,56,21,35,104,92,12,35,13.125,21.875,65,57.49999999999999,7.5
E00000303,168,50,14,36,118,103,15,29.761904761904763,8.333333333333332,21.428571428571427,70.23809523809523,61.30952380952381,8.928571428571429
E00000304,93,40,16,24,53,51,2,43.01075268817204,17.20430107526882,25.806451612903224,56.98924731182796,54.83870967741935,2.1505376344086025
E00000305,182,68,27,41,114,98,16,37.362637362637365,14.835164835164836,22.52747252747253,62.637362637362635,53.84615384615385,8.791208791208792
E00000306,146,46,16,30,100,84,16,31.506849315068493,10.95890410958904,20.54794520547945,68.4931506849315,57.534246575342465,10.95890410958904
E00000307,185,50,20,30,135,118,17,27.027027027027028,10.81081081081081,16.216216216216218,72.97297297297297,63.78378378378379,9.18918918918919
E00000308,156,51,17,34,105,89,16,32.69230769230769,10.897435897435898,21.794871794871796,67.3076923076923,57.05128205128205,10.256410256410255
E00000309,111,50,14,36,61,51,10,45.04504504504504,12.612612612612612,32.432432432432435,54.95495495495496,45.94594594594595,9.00900900900901
E00000310,224,61,24,37,163,141,22,27.232142857142854,10.714285714285714,16.517857142857142,72.76785714285714,62.94642857142857,9.821428571428571
E00000311,230,69,22,47,161,143,18,30,9.565217391304348,20.434782608695652,70,62.17391304347826,7.82608695652174
E00000312,179,57,24,33,122,114,8,31.843575418994412,13.40782122905028,18.435754189944134,68.15642458100558,63.687150837988824,4.4692737430167595
E00000313,252,83,32,51,169,149,20,32.93650793650794,12.698412698412698,20.238095238095237,67.06349206349206,59.12698412698413,7.936507936507936
E00000314,178,67,19,48,111,95,16,37.640449438202246,10.674157303370785,26.96629213483146,62.35955056179775,53.37078651685393,8.98876404494382
E00000315,149,50,16,34,99,89,10,33.557046979865774,10.738255033557047,22.818791946308725,66.44295302013423,59.73154362416108,6.7114093959731544
E00000316,212,70,30,40,142,124,18,33.0188679245283,14.150943396226415,18.867924528301888,66.98113207547169,58.490566037735846,8.49056603773585
E00000317,70,22,6,16,48,42,6,31.428571428571427,8.571428571428571,22.857142857142858,68.57142857142857,60,8.571428571428571
E00000318,99,32,10,22,67,57,10,32.323232323232325,10.1010101010101,22.22222222222222,67.67676767676768,57.57575757575758,10.1010101010101
E00000319,144,53,22,31,91,78,13,36.80555555555556,15.277777777777779,21.52777777777778,63.19444444444444,54.166666666666664,9.027777777777777
E00000320,211,67,25,42,144,130,14,31.753554502369667,11.848341232227488,19.90521327014218,68.24644549763033,61.61137440758294,6.6350710900473935
E00000321,136,37,15,22,99,89,10,27.205882352941174,11.029411764705882,16.176470588235293,72.79411764705883,65.44117647058823,7.352941176470589
E00000322,166,61,29,32,105,86,19,36.74698795180723,17.46987951807229,19.27710843373494,63.25301204819277,51.80722891566265,11.44578313253012
E00000323,96,33,13,20,63,54,9,34.375,13.541666666666666,20.833333333333336,65.625,56.25,9.375
E00000324,121,51,21,30,70,64,6,42.14876033057851,17.355371900826448,24.793388429752067,57.85123966942148,52.892561983471076,4.958677685950414
E00000325,148,63,21,42,85,79,6,42.567567567567565,14.18918918918919,28.37837837837838,57.432432432432435,53.37837837837838,4.054054054054054
E00000326,207,67,20,47,140,117,23,32.367149758454104,9.66183574879227,22.705314009661837,67.6328502415459,56.52173913043478,11.11111111111111
E00000327,128,42,13,29,86,72,14,32.8125,10.15625,22.65625,67.1875,56.25,10.9375
E00000328,212,69,29,40,143,122,21,32.54716981132076,13.679245283018867,18.867924528301888,67.45283018867924,57.54716981132076,9.90566037735849
E00000329,144,36,15,21,108,96,12,25,10.416666666666668,14.583333333333334,75,66.66666666666666,8.333333333333332
E00000330,94,28,7,21,66,60,6,29.78723404255319,7.446808510638298,22.340425531914892,70.2127659574468,63.829787234042556,6.382978723404255
E00000331,154,56,20,36,98,86,12,36.36363636363637,12.987012987012985,23.376623376623375,63.63636363636363,55.84415584415584,7.792207792207792
E00000332,226,88,36,52,138,121,17,38.93805309734513,15.929203539823009,23.008849557522122,61.06194690265486,53.53982300884957,7.52212389380531
E00000333,201,77,34,43,124,111,13,38.308457711442784,16.91542288557214,21.393034825870647,61.69154228855721,55.223880597014926,6.467661691542288
E00000334,208,62,18,44,146,133,13,29.807692307692307,8.653846153846153,21.153846153846153,70.1923076923077,63.942307692307686,6.25
E00000335,195,60,17,43,135,125,10,30.76923076923077,8.717948717948717,22.05128205128205,69.23076923076923,64.1025641025641,5.128205128205128
E00000336,235,87,32,55,148,134,14,37.02127659574468,13.617021276595745,23.404255319148938,62.97872340425532,57.02127659574469,5.957446808510639
E00000337,146,40,15,25,106,91,15,27.397260273972602,10.273972602739725,17.123287671232877,72.6027397260274,62.328767123287676,10.273972602739725
E00000338,193,58,20,38,135,120,15,30.05181347150259,10.362694300518134,19.689119170984455,69.94818652849742,62.17616580310881,7.772020725388601
E00000340,170,52,25,27,118,103,15,30.58823529411765,14.705882352941178,15.88235294117647,69.41176470588235,60.588235294117645,8.823529411764707
E00000341,193,73,30,43,120,108,12,37.82383419689119,15.544041450777202,22.279792746113987,62.17616580310881,55.95854922279793,6.217616580310881
E00000342,173,55,15,40,118,100,18,31.79190751445087,8.670520231213873,23.121387283236995,68.20809248554913,57.80346820809249,10.404624277456648
E00000343,235,81,36,45,154,132,22,34.46808510638298,15.319148936170212,19.148936170212767,65.53191489361701,56.17021276595745,9.361702127659575
E00000344,201,70,27,43,131,110,21,34.82587064676617,13.432835820895523,21.393034825870647,65.17412935323384,54.72636815920397,10.44776119402985
E00000345,206,61,24,37,145,130,15,29.61165048543689,11.650485436893204,17.96116504854369,70.3883495145631,63.10679611650486,7.281553398058252
E00000346,242,99,51,48,143,122,21,40.909090909090914,21.074380165289256,19.834710743801654,59.09090909090909,50.413223140495866,8.677685950413224
E00000347,189,70,26,44,119,100,19,37.03703703703704,13.756613756613756,23.28042328042328,62.96296296296296,52.910052910052904,10.052910052910052
E00000348,257,91,35,56,166,154,12,35.40856031128405,13.618677042801556,21.78988326848249,64.59143968871595,59.92217898832685,4.669260700389105
E00000349,225,66,27,39,159,141,18,29.333333333333332,12,17.333333333333336,70.66666666666667,62.66666666666667,8
E00000350,174,53,24,29,121,107,14,30.45977011494253,13.793103448275861,16.666666666666664,69.54022988505747,61.49425287356321,8.045977011494253
E00000351,233,78,26,52,155,130,25,33.47639484978541,11.158798283261802,22.317596566523605,66.52360515021459,55.793991416309005,10.72961373390558
E00000353,233,77,28,49,156,142,14,33.047210300429185,12.017167381974248,21.030042918454935,66.95278969957081,60.94420600858369,6.008583690987124
E00000354,217,79,33,46,138,126,12,36.405529953917046,15.207373271889402,21.19815668202765,63.594470046082954,58.06451612903226,5.529953917050691
E00000355,183,65,26,39,118,108,10,35.51912568306011,14.207650273224044,21.311475409836063,64.48087431693989,59.01639344262295,5.46448087431694
E00000356,205,66,27,39,139,120,19,32.19512195121951,13.170731707317074,19.024390243902438,67.8048780487805,58.536585365853654,9.268292682926829
E00000357,204,76,32,44,128,113,15,37.254901960784316,15.686274509803921,21.568627450980394,62.745098039215684,55.392156862745104,7.352941176470589
E00000358,125,53,19,34,72,61,11,42.4,15.2,27.200000000000003,57.599999999999994,48.8,8.799999999999999
E00000360,163,53,23,30,110,99,11,32.515337423312886,14.11042944785276,18.404907975460123,67.48466257668711,60.73619631901841,6.748466257668712
E00000361,141,41,16,25,100,81,19,29.078014184397162,11.347517730496454,17.73049645390071,70.92198581560284,57.446808510638306,13.47517730496454
E00000362,167,48,13,35,119,105,14,28.74251497005988,7.784431137724551,20.958083832335326,71.25748502994011,62.874251497005986,8.383233532934131
E00000363,123,48,13,35,75,64,11,39.02439024390244,10.569105691056912,28.455284552845526,60.97560975609756,52.03252032520326,8.94308943089431
E00000364,134,43,18,25,91,77,14,32.08955223880597,13.432835820895523,18.65671641791045,67.91044776119402,57.46268656716418,10.44776119402985
E00000365,113,38,15,23,75,63,12,33.6283185840708,13.274336283185843,20.353982300884958,66.3716814159292,55.75221238938053,10.619469026548673
E00000366,127,46,22,24,81,72,9,36.22047244094488,17.322834645669293,18.89763779527559,63.77952755905512,56.69291338582677,7.086614173228346
E00000367,196,62,22,40,134,117,17,31.63265306122449,11.224489795918368,20.408163265306122,68.36734693877551,59.693877551020414,8.673469387755102
E00000368,138,45,14,31,93,83,10,32.608695652173914,10.144927536231885,22.463768115942027,67.3913043478261,60.14492753623188,7.246376811594203
E00000369,142,51,15,36,91,78,13,35.91549295774648,10.56338028169014,25.352112676056336,64.08450704225352,54.929577464788736,9.15492957746479
E00000370,170,60,17,43,110,96,14,35.294117647058826,10,25.294117647058822,64.70588235294117,56.470588235294116,8.235294117647058
E00000371,136,37,15,22,99,85,14,27.205882352941174,11.029411764705882,16.176470588235293,72.79411764705883,62.5,10.294117647058822
E00000372,161,48,11,37,113,102,11,29.81366459627329,6.832298136645963,22.981366459627328,70.1863354037267,63.35403726708074,6.832298136645963
E00000373,170,54,20,34,116,101,15,31.76470588235294,11.76470588235294,20,68.23529411764706,59.411764705882355,8.823529411764707
E00000374,152,52,23,29,100,85,15,34.21052631578947,15.131578947368421,19.078947368421055,65.78947368421053,55.92105263157895,9.868421052631579
E00000375,134,44,17,27,90,74,16,32.83582089552239,12.686567164179104,20.149253731343283,67.16417910447761,55.223880597014926,11.940298507462686
E00000376,184,59,29,30,125,108,17,32.065217391304344,15.760869565217392,16.304347826086957,67.93478260869566,58.69565217391305,9.239130434782608
E00000377,153,59,20,39,94,80,14,38.56209150326798,13.071895424836603,25.49019607843137,61.43790849673203,52.28758169934641,9.15032679738562
E00000378,108,31,14,17,77,58,19,28.703703703703702,12.962962962962962,15.74074074074074,71.29629629629629,53.70370370370371,17.59259259259259
E00000379,185,76,28,48,109,93,16,41.08108108108108,15.135135135135137,25.945945945945947,58.91891891891892,50.27027027027027,8.64864864864865
E00000380,169,67,27,40,102,94,8,39.64497041420118,15.976331360946746,23.668639053254438,60.35502958579882,55.62130177514793,4.733727810650888
E00000381,165,55,14,41,110,91,19,33.33333333333333,8.484848484848486,24.848484848484848,66.66666666666666,55.15151515151515,11.515151515151516
E00000382,166,49,21,28,117,100,17,29.518072289156628,12.650602409638553,16.867469879518072,70.48192771084338,60.24096385542169,10.240963855421686
E00000383,121,46,12,34,75,64,11,38.01652892561984,9.917355371900827,28.09917355371901,61.98347107438017,52.892561983471076,9.090909090909092
E00000384,161,53,24,29,108,96,12,32.91925465838509,14.906832298136646,18.012422360248447,67.08074534161491,59.62732919254658,7.453416149068323
E00000385,141,56,24,32,85,75,10,39.71631205673759,17.02127659574468,22.69503546099291,60.28368794326241,53.191489361702125,7.092198581560284
E00000386,219,67,20,47,152,129,23,30.59360730593607,9.1324200913242,21.461187214611872,69.40639269406392,58.9041095890411,10.50228310502283
E00000387,200,80,22,58,120,105,15,40,11,28.999999999999996,60,52.5,7.5
E00000388,162,41,11,30,121,108,13,25.308641975308642,6.790123456790123,18.51851851851852,74.69135802469135,66.66666666666666,8.024691358024691
E00000389,143,43,14,29,100,84,16,30.069930069930066,9.79020979020979,20.27972027972028,69.93006993006993,58.74125874125874,11.188811188811188
E00000390,180,49,15,34,131,114,17,27.22222222222222,8.333333333333332,18.88888888888889,72.77777777777777,63.33333333333333,9.444444444444445
E00000391,137,46,18,28,91,84,7,33.57664233576642,13.138686131386862,20.437956204379564,66.42335766423358,61.31386861313869,5.109489051094891
E00000392,144,64,25,39,80,72,8,44.44444444444444,17.36111111111111,27.083333333333332,55.55555555555556,50,5.555555555555555
E00000393,217,75,24,51,142,119,23,34.56221198156682,11.059907834101383,23.502304147465438,65.43778801843318,54.83870967741935,10.599078341013826
E00000394,155,55,20,35,100,90,10,35.483870967741936,12.903225806451612,22.58064516129032,64.51612903225806,58.06451612903226,6.451612903225806
E00000395,184,61,24,37,123,111,12,33.15217391304348,13.043478260869565,20.108695652173914,66.84782608695652,60.32608695652174,6.521739130434782
E00000396,145,56,24,32,89,78,11,38.62068965517241,16.551724137931036,22.06896551724138,61.37931034482759,53.79310344827586,7.586206896551724
E00000397,153,53,19,34,100,92,8,34.64052287581699,12.418300653594772,22.22222222222222,65.359477124183,60.130718954248366,5.228758169934641
E00000398,157,56,19,37,101,82,19,35.6687898089172,12.101910828025478,23.56687898089172,64.3312101910828,52.22929936305732,12.101910828025478
E00000399,152,56,14,42,96,85,11,36.84210526315789,9.210526315789473,27.631578947368425,63.1578947368421,55.92105263157895,7.236842105263158
E00000400,185,63,20,43,122,110,12,34.054054054054056,10.81081081081081,23.243243243243246,65.94594594594595,59.45945945945946,6.486486486486487
E00000401,164,47,18,29,117,104,13,28.65853658536585,10.975609756097562,17.682926829268293,71.34146341463415,63.41463414634146,7.926829268292683
E00000402,166,42,20,22,124,111,13,25.301204819277107,12.048192771084338,13.253012048192772,74.69879518072288,66.86746987951807,7.83132530120482
E00000403,199,55,20,35,144,124,20,27.63819095477387,10.050251256281408,17.587939698492463,72.36180904522614,62.311557788944725,10.050251256281408
E00000404,192,69,22,47,123,114,9,35.9375,11.458333333333332,24.479166666666664,64.0625,59.375,4.6875
E00000405,203,75,19,56,128,117,11,36.94581280788177,9.35960591133005,27.586206896551722,63.05418719211823,57.635467980295566,5.41871921182266
E00000406,163,57,17,40,106,95,11,34.96932515337423,10.429447852760736,24.539877300613497,65.03067484662577,58.282208588957054,6.748466257668712
E00000407,163,52,17,35,111,92,19,31.901840490797547,10.429447852760736,21.472392638036812,68.09815950920245,56.44171779141104,11.65644171779141
E00000408,153,43,16,27,110,94,16,28.104575163398692,10.457516339869281,17.647058823529413,71.89542483660131,61.43790849673203,10.457516339869281
E00000409,150,43,15,28,107,93,14,28.666666666666668,10,18.666666666666668,71.33333333333334,62,9.333333333333334
E00000410,133,38,8,30,95,79,16,28.57142857142857,6.015037593984962,22.55639097744361,71.42857142857143,59.3984962406015,12.030075187969924
E00000411,146,42,13,29,104,89,15,28.767123287671232,8.904109589041095,19.863013698630137,71.23287671232876,60.95890410958904,10.273972602739725
E00000412,125,43,13,30,82,73,9,34.4,10.4,24,65.60000000000001,58.4,7.199999999999999
E00000413,148,50,11,39,98,86,12,33.78378378378378,7.4324324324324325,26.351351351351347,66.21621621621621,58.108108108108105,8.108108108108109
E00000414,152,51,22,29,101,87,14,33.55263157894737,14.473684210526317,19.078947368421055,66.44736842105263,57.23684210526315,9.210526315789473
E00000415,136,48,19,29,88,78,10,35.294117647058826,13.970588235294118,21.323529411764707,64.70588235294117,57.35294117647059,7.352941176470589
E00000416,205,47,16,31,158,127,31,22.926829268292686,7.804878048780488,15.121951219512194,77.07317073170732,61.951219512195124,15.121951219512194
E00000417,135,43,20,23,92,76,16,31.851851851851855,14.814814814814813,17.037037037037038,68.14814814814815,56.2962962962963,11.851851851851853
E00000418,164,63,24,39,101,85,16,38.41463414634146,14.634146341463413,23.78048780487805,61.58536585365854,51.829268292682926,9.75609756097561
E00000419,137,44,14,30,93,75,18,32.11678832116788,10.218978102189782,21.897810218978105,67.88321167883211,54.74452554744526,13.138686131386862
E00000420,144,51,22,29,93,78,15,35.41666666666667,15.277777777777779,20.13888888888889,64.58333333333334,54.166666666666664,10.416666666666668
E00000421,200,63,19,44,137,123,14,31.5,9.5,22,68.5,61.5,7.000000000000001
E00000422,187,41,15,26,146,122,24,21.92513368983957,8.0213903743315509,13.903743315508022,78.07486631016043,65.24064171122996,12.834224598930483
E00000423,143,48,15,33,95,78,17,33.56643356643357,10.48951048951049,23.076923076923077,66.43356643356644,54.54545454545454,11.888111888111888
E00000424,197,72,30,42,125,104,21,36.54822335025381,15.228426395939088,21.31979695431472,63.45177664974619,52.79187817258884,10.65989847715736
E00000425,179,69,22,47,110,102,8,38.547486033519554,12.290502793296088,26.256983240223462,61.452513966480446,56.98324022346368,4.4692737430167595
E00000426,170,46,12,34,124,106,18,27.058823529411764,7.0588235294117645,20,72.94117647058823,62.35294117647059,10.588235294117647
E00000427,156,44,10,34,112,91,21,28.205128205128204,6.41025641025641,21.794871794871796,71.7948717948718,58.333333333333336,13.461538461538462
E00000428,183,71,27,44,112,98,14,38.79781420765027,14.754098360655737,24.043715846994534,61.20218579234973,53.551912568306015,7.650273224043716
E00000429,152,59,16,43,93,79,14,38.81578947368421,10.526315789473683,28.289473684210524,61.18421052631579,51.973684210526315,9.210526315789473
E00000430,138,45,15,30,93,87,6,32.608695652173914,10.869565217391305,21.73913043478261,67.3913043478261,63.04347826086957,4.3478260869565215
E00000431,207,71,24,47,136,124,12,34.29951690821256,11.594202898550725,22.705314009661837,65.70048309178745,59.90338164251207,5.797101449275362
E00000432,164,68,23,45,96,83,13,41.46341463414634,14.02439024390244,27.439024390243905,58.536585365853654,50.609756097560975,7.926829268292683
E00000433,129,44,13,31,85,79,6,34.10852713178294,10.077519379844961,24.031007751937985,65.89147286821705,61.240310077519375,4.651162790697675
E00000434,178,75,25,50,103,95,8,42.13483146067416,14.04494382022472,28.08988764044944,57.865168539325836,53.37078651685393,4.49438202247191
E00000435,174,64,25,39,110,96,14,36.7816091954023,14.367816091954023,22.413793103448278,63.2183908045977,55.172413793103445,8.045977011494253
E00000436,159,58,20,38,101,92,9,36.477987421383645,12.578616352201259,23.89937106918239,63.52201257861635,57.861635220125784,5.660377358490567
E00000437,187,74,23,51,113,96,17,39.57219251336899,12.299465240641712,27.27272727272727,60.42780748663101,51.33689839572193,9.090909090909092
E00000438,168,59,27,32,109,100,9,35.11904761904761,16.071428571428573,19.047619047619047,64.88095238095238,59.523809523809526,5.357142857142857
E00000439,137,46,15,31,91,71,20,33.57664233576642,10.948905109489052,22.62773722627737,66.42335766423358,51.82481751824818,14.5985401459854
E00000440,149,45,20,25,104,87,17,30.201342281879196,13.422818791946309,16.778523489932887,69.79865771812081,58.38926174496645,11.409395973154362
E00000441,184,55,17,38,129,113,16,29.891304347826086,9.239130434782608,20.652173913043477,70.1086956521739,61.41304347826087,8.695652173913043
E00000442,128,32,14,18,96,84,12,25,10.9375,14.0625,75,65.625,9.375
E00000443,141,47,22,25,94,84,10,33.33333333333333,15.602836879432624,17.73049645390071,66.66666666666666,59.57446808510638,7.092198581560284
E00000444,147,51,14,37,96,88,8,34.69387755102041,9.523809523809524,25.170068027210885,65.3061224489796,59.863945578231295,5.442176870748299
E00000445,183,56,18,38,127,112,15,30.601092896174865,9.836065573770492,20.76502732240437,69.39890710382514,61.20218579234973,8.19672131147541
E00000446,164,52,17,35,112,96,16,31.70731707317073,10.365853658536585,21.341463414634145,68.29268292682927,58.536585365853654,9.75609756097561
E00000447,108,36,11,25,72,60,12,33.33333333333333,10.185185185185185,23.14814814814815,66.66666666666666,55.55555555555556,11.11111111111111
E00000448,164,41,16,25,123,104,19,25,9.75609756097561,15.24390243902439,75,63.41463414634146,11.585365853658537
E00000449,171,55,19,36,116,102,14,32.16374269005848,11.11111111111111,21.052631578947366,67.83625730994152,59.64912280701754,8.187134502923977
E00000450,131,45,18,27,86,76,10,34.35114503816794,13.740458015267176,20.610687022900763,65.64885496183206,58.01526717557252,7.633587786259542
E00000451,165,59,20,39,106,91,15,35.75757575757576,12.121212121212121,23.636363636363637,64.24242424242425,55.15151515151515,9.090909090909092
E00000453,170,60,20,40,110,88,22,35.294117647058826,11.76470588235294,23.52941176470588,64.70588235294117,51.76470588235295,12.941176470588237
E00000454,108,42,10,32,66,53,13,38.88888888888889,9.25925925925926,29.629629629629626,61.111111111111114,49.074074074074076,12.037037037037036
E00000455,287,79,30,49,208,187,21,27.526132404181187,10.452961672473867,17.073170731707318,72.47386759581882,65.1567944250871,7.317073170731707
E00000456,178,74,35,39,104,94,10,41.57303370786517,19.662921348314608,21.910112359550563,58.42696629213483,52.80898876404494,5.617977528089887
E00000457,255,69,15,54,186,166,20,27.058823529411764,5.88235294117647,21.176470588235293,72.94117647058823,65.09803921568627,7.8431372549019605
E00000461,143,54,18,36,89,74,15,37.76223776223776,12.587412587412588,25.174825174825177,62.23776223776224,51.74825174825175,10.48951048951049
E00000462,130,48,14,34,82,73,9,36.92307692307693,10.76923076923077,26.153846153846157,63.07692307692307,56.15384615384615,6.923076923076923
E00000463,186,61,23,38,125,110,15,32.795698924731184,12.365591397849462,20.43010752688172,67.20430107526882,59.13978494623656,8.064516129032258
E00000464,212,71,23,48,141,119,22,33.490566037735846,10.849056603773585,22.641509433962266,66.50943396226415,56.132075471698116,10.377358490566039
E00000465,154,55,16,39,99,92,7,35.714285714285715,10.38961038961039,25.324675324675322,64.28571428571429,59.74025974025974,4.545454545454546
E00000466,142,45,12,33,97,89,8,31.690140845070424,8.450704225352112,23.239436619718308,68.30985915492957,62.676056338028175,5.633802816901409
E00000467,147,54,11,43,93,80,13,36.734693877551024,7.482993197278912,29.25170068027211,63.26530612244898,54.421768707483,8.843537414965986
E00000468,160,54,13,41,106,90,16,33.75,8.125,25.624999999999996,66.25,56.25,10
E00000469,270,79,25,54,191,171,20,29.259259259259256,9.25925925925926,20,70.74074074074073,63.33333333333333,7.4074074074074066
E00000470,201,60,24,36,141,130,11,29.850746268656714,11.940298507462686,17.91044776119403,70.1492537313433,64.6766169154229,5.472636815920398
E00000471,178,58,21,37,120,108,12,32.58426966292135,11.797752808988763,20.786516853932586,67.41573033707866,60.67415730337079,6.741573033707865
E00000472,160,50,19,31,110,99,11,31.25,11.875,19.375,68.75,61.875,6.875000000000001
E00000475,136,52,17,35,84,73,11,38.23529411764706,12.5,25.735294117647058,61.76470588235294,53.67647058823529,8.088235294117647
E00000476,105,45,7,38,60,52,8,42.857142857142854,6.666666666666667,36.19047619047619,57.14285714285714,49.523809523809526,7.6190476190476195
E00000477,196,54,13,41,142,131,11,27.55102040816326,6.63265306122449,20.918367346938776,72.44897959183673,66.83673469387756,5.612244897959184
E00000478,180,56,20,36,124,99,25,31.11111111111111,11.11111111111111,20,68.88888888888889,55.00000000000001,13.88888888888889
E00000479,193,57,22,35,136,126,10,29.533678756476682,11.398963730569948,18.134715025906736,70.46632124352331,65.28497409326425,5.181347150259067
E00000480,139,46,16,30,93,82,11,33.093525179856115,11.510791366906476,21.58273381294964,66.90647482014388,58.992805755395686,7.913669064748201
E00000481,143,47,21,26,96,89,7,32.86713286713287,14.685314685314685,18.181818181818183,67.13286713286713,62.23776223776224,4.895104895104895
E00000482,177,53,18,35,124,107,17,29.943502824858758,10.16949152542373,19.774011299435028,70.05649717514125,60.451977401129945,9.6045197740113
E00000483,184,62,24,38,122,106,16,33.69565217391305,13.043478260869565,20.652173913043477,66.30434782608695,57.608695652173914,8.695652173913043
E00000484,190,58,24,34,132,118,14,30.526315789473685,12.631578947368421,17.894736842105264,69.47368421052632,62.10526315789474,7.368421052631578
E00000485,179,61,18,43,118,105,13,34.07821229050279,10.05586592178771,24.022346368715084,65.92178770949721,58.659217877094974,7.262569832402235
E00000487,107,36,10,26,71,62,9,33.64485981308411,9.345794392523365,24.299065420560748,66.35514018691589,57.943925233644855,8.411214953271028
E00000488,165,59,30,29,106,94,12,35.75757575757576,18.181818181818183,17.575757575757574,64.24242424242425,56.96969696969697,7.2727272727272725
E00000489,186,66,19,47,120,108,12,35.483870967741936,10.21505376344086,25.268817204301076,64.51612903225806,58.06451612903226,6.451612903225806
E00000490,187,63,22,41,124,107,17,33.68983957219251,11.76470588235294,21.92513368983957,66.31016042780749,57.21925133689839,9.090909090909092
E00000491,150,49,15,34,101,87,14,32.666666666666664,10,22.666666666666664,67.33333333333333,57.99999999999999,9.333333333333334
E00000492,157,53,22,31,104,95,9,33.75796178343949,14.012738853503185,19.745222929936308,66.2420382165605,60.509554140127385,5.7324840764331215
E00000493,161,61,24,37,100,92,8,37.88819875776397,14.906832298136646,22.981366459627328,62.11180124223602,57.14285714285714,4.968944099378882
E00000494,208,77,27,50,131,109,22,37.019230769230774,12.980769230769232,24.03846153846154,62.980769230769226,52.40384615384615,10.576923076923077
E00000495,152,48,14,34,104,88,16,31.57894736842105,9.210526315789473,22.36842105263158,68.42105263157895,57.89473684210527,10.526315789473683
E00000496,153,49,14,35,104,84,20,32.02614379084967,9.15032679738562,22.875816993464053,67.97385620915033,54.90196078431373,13.071895424836603
E00000497,152,57,20,37,95,84,11,37.5,13.157894736842104,24.342105263157894,62.5,55.26315789473685,7.236842105263158
E00000498,122,41,16,25,81,71,10,33.60655737704918,13.114754098360656,20.491803278688526,66.39344262295081,58.19672131147541,8.19672131147541
E00000499,179,55,17,38,124,104,20,30.726256983240223,9.497206703910614,21.22905027932961,69.27374301675978,58.10055865921788,11.1731843575419
E00000500,150,42,16,26,108,92,16,28.000000000000004,10.666666666666668,17.333333333333336,72,61.33333333333333,10.666666666666668
E00000501,98,37,15,22,61,50,11,37.755102040816325,15.306122448979592,22.448979591836736,62.244897959183675,51.02040816326531,11.224489795918368
E00000502,138,70,24,46,68,60,8,50.72463768115942,17.391304347826086,33.33333333333333,49.275362318840585,43.47826086956522,5.797101449275362
E00000503,156,48,17,31,108,93,15,30.76923076923077,10.897435897435898,19.871794871794872,69.23076923076923,59.61538461538461,9.615384615384617
E00000504,127,51,17,34,76,63,13,40.15748031496063,13.385826771653544,26.77165354330709,59.84251968503938,49.60629921259843,10.236220472440944
E00000505,170,64,18,46,106,97,9,37.64705882352941,10.588235294117647,27.058823529411764,62.35294117647059,57.05882352941176,5.294117647058823
E00000506,198,57,20,37,141,131,10,28.78787878787879,10.1010101010101,18.68686868686869,71.21212121212122,66.16161616161617,5.05050505050505
E00000507,175,50,16,34,125,113,12,28.57142857142857,9.142857142857142,19.428571428571427,71.42857142857143,64.57142857142857,6.857142857142858
E00000508,154,53,21,32,101,94,7,34.41558441558442,13.636363636363635,20.77922077922078,65.5844155844156,61.038961038961034,4.545454545454546
E00000509,113,50,13,37,63,51,12,44.24778761061947,11.504424778761061,32.743362831858406,55.75221238938053,45.13274336283185,10.619469026548673
E00000510,142,46,15,31,96,77,19,32.3943661971831,10.56338028169014,21.830985915492956,67.6056338028169,54.22535211267606,13.380281690140844
E00000511,218,66,21,45,152,130,22,30.275229357798167,9.63302752293578,20.642201834862387,69.72477064220183,59.63302752293578,10.091743119266056
E00000512,135,34,16,18,101,85,16,25.185185185185183,11.851851851851853,13.333333333333334,74.81481481481481,62.96296296296296,11.851851851851853
E00000513,159,46,16,30,113,93,20,28.930817610062892,10.062893081761008,18.867924528301888,71.0691823899371,58.490566037735846,12.578616352201259
E00000514,130,45,20,25,85,69,16,34.61538461538461,15.384615384615385,19.230769230769234,65.38461538461539,53.07692307692308,12.307692307692308
E00000515,122,41,12,29,81,68,13,33.60655737704918,9.836065573770492,23.770491803278688,66.39344262295081,55.73770491803278,10.655737704918032
E00000516,102,37,14,23,65,56,9,36.27450980392157,13.725490196078432,22.54901960784314,63.725490196078425,54.90196078431373,8.823529411764707
E00000517,143,44,13,31,99,87,12,30.76923076923077,9.090909090909092,21.678321678321677,69.23076923076923,60.83916083916085,8.391608391608392
E00000518,130,31,15,16,99,88,11,23.846153846153847,11.538461538461538,12.307692307692308,76.15384615384615,67.6923076923077,8.461538461538462
E00000519,133,42,16,26,91,80,11,31.57894736842105,12.030075187969924,19.548872180451127,68.42105263157895,60.150375939849624,8.270676691729323
E00000520,232,69,23,46,163,139,24,29.74137931034483,9.913793103448276,19.82758620689655,70.25862068965517,59.91379310344828,10.344827586206897
E00000521,178,59,14,45,119,101,18,33.146067415730336,7.865168539325842,25.280898876404496,66.85393258426966,56.74157303370787,10.112359550561797
E00000522,115,46,19,27,69,66,3,40,16.52173913043478,23.47826086956522,60,57.391304347826086,2.608695652173913
E00000523,169,45,18,27,124,109,15,26.627218934911244,10.650887573964498,15.976331360946746,73.37278106508876,64.49704142011834,8.875739644970414
E00000524,141,44,14,30,97,83,14,31.20567375886525,9.929078014184398,21.27659574468085,68.79432624113475,58.86524822695035,9.929078014184398
E00000525,180,67,13,54,113,100,13,37.22222222222222,7.222222222222221,30,62.77777777777778,55.55555555555556,7.222222222222221
E00000526,170,53,14,39,117,104,13,31.176470588235293,8.235294117647058,22.941176470588236,68.82352941176471,61.1764705882353,7.647058823529412
E00000527,163,53,19,34,110,96,14,32.515337423312886,11.65644171779141,20.858895705521473,67.48466257668711,58.895705521472394,8.588957055214724
E00000528,129,49,16,33,80,62,18,37.98449612403101,12.4031007751938,25.581395348837212,62.01550387596899,48.06201550387597,13.953488372093023
E00000529,90,24,6,18,66,50,16,26.666666666666668,6.666666666666667,20,73.33333333333333,55.55555555555556,17.77777777777778
E00000530,123,32,6,26,91,80,11,26.01626016260163,4.878048780487805,21.138211382113823,73.98373983739837,65.04065040650406,8.94308943089431
E00000531,140,44,18,26,96,83,13,31.428571428571427,12.857142857142856,18.571428571428573,68.57142857142857,59.285714285714285,9.285714285714286
E00000532,188,60,16,44,128,114,14,31.914893617021278,8.51063829787234,23.404255319148938,68.08510638297872,60.63829787234043,7.446808510638298
E00000533,118,28,11,17,90,81,9,23.728813559322035,9.322033898305085,14.40677966101695,76.27118644067797,68.64406779661016,7.627118644067797
E00000534,169,47,8,39,122,114,8,27.810650887573964,4.733727810650888,23.076923076923077,72.18934911242604,67.45562130177515,4.733727810650888
E00000535,154,47,21,26,107,98,9,30.519480519480517,13.636363636363635,16.883116883116884,69.48051948051948,63.63636363636363,5.844155844155844
E00000536,102,30,9,21,72,62,10,29.411764705882355,8.823529411764707,20.588235294117645,70.58823529411765,60.78431372549019,9.803921568627452
E00000537,195,58,23,35,137,121,16,29.743589743589745,11.794871794871794,17.94871794871795,70.25641025641025,62.05128205128205,8.205128205128204
E00000538,156,47,13,34,109,92,17,30.128205128205128,8.333333333333332,21.794871794871796,69.87179487179486,58.97435897435898,10.897435897435898
E00000539,161,53,22,31,108,94,14,32.91925465838509,13.664596273291925,19.25465838509317,67.08074534161491,58.38509316770186,8.695652173913043
E00000540,160,47,11,36,113,97,16,29.375,6.875000000000001,22.5,70.625,60.62499999999999,10
E00000541,135,35,9,26,100,76,24,25.925925925925924,6.666666666666667,19.25925925925926,74.07407407407408,56.2962962962963,17.77777777777778
E00000542,63,24,3,21,39,34,5,38.095238095238095,4.761904761904762,33.33333333333333,61.904761904761905,53.96825396825397,7.936507936507936
E00000543,180,55,20,35,125,105,20,30.555555555555557,11.11111111111111,19.444444444444446,69.44444444444444,58.333333333333336,11.11111111111111
E00000544,218,70,26,44,148,125,23,32.11009174311927,11.926605504587156,20.18348623853211,67.88990825688074,57.3394495412844,10.550458715596331
E00000545,164,46,12,34,118,104,14,28.04878048780488,7.317073170731707,20.73170731707317,71.95121951219512,63.41463414634146,8.536585365853659
E00000547,201,59,19,40,142,123,19,29.35323383084577,9.45273631840796,19.900497512437813,70.64676616915423,61.19402985074627,9.45273631840796
E00000548,220,61,21,40,159,151,8,27.727272727272727,9.545454545454547,18.181818181818183,72.27272727272728,68.63636363636364,3.6363636363636362
E00000549,146,43,18,25,103,84,19,29.45205479452055,12.32876712328767,17.123287671232877,70.54794520547945,57.534246575342465,13.013698630136986
E00000550,169,51,19,32,118,103,15,30.17751479289941,11.242603550295858,18.93491124260355,69.8224852071006,60.946745562130175,8.875739644970414
E00000551,126,39,13,26,87,76,11,30.952380952380953,10.317460317460316,20.634920634920633,69.04761904761905,60.317460317460316,8.73015873015873
E00000552,183,67,21,46,116,112,4,36.6120218579235,11.475409836065573,25.136612021857925,63.387978142076506,61.20218579234973,2.185792349726776
E00000553,199,69,18,51,130,111,19,34.67336683417086,9.045226130653267,25.628140703517587,65.32663316582915,55.778894472361806,9.547738693467336
E00000554,201,64,20,44,137,121,16,31.8407960199005,9.950248756218906,21.890547263681594,68.1592039800995,60.19900497512438,7.960199004975125
E00000555,206,60,17,43,146,126,20,29.126213592233007,8.25242718446602,20.87378640776699,70.87378640776699,61.165048543689316,9.70873786407767
E00000556,191,55,28,27,136,116,20,28.79581151832461,14.659685863874344,14.136125654450263,71.20418848167539,60.73298429319372,10.471204188481675
E00000557,132,45,12,33,87,78,9,34.090909090909086,9.090909090909092,25,65.9090909090909,59.09090909090909,6.8181818181818175
E00000558,155,48,12,36,107,87,20,30.967741935483872,7.741935483870968,23.225806451612904,69.03225806451613,56.12903225806451,12.903225806451612
E00000559,163,56,21,35,107,91,16,34.355828220858896,12.883435582822086,21.472392638036812,65.6441717791411,55.828220858895705,9.815950920245399
E00000560,174,61,30,31,113,102,11,35.05747126436782,17.24137931034483,17.81609195402299,64.9425287356322,58.620689655172406,6.321839080459771
E00000561,186,76,31,45,110,95,15,40.86021505376344,16.666666666666664,24.193548387096776,59.13978494623656,51.075268817204304,8.064516129032258
E00000562,228,70,23,47,158,138,20,30.701754385964914,10.087719298245613,20.614035087719298,69.2982456140351,60.526315789473685,8.771929824561402
E00000563,84,22,7,15,62,58,4,26.190476190476193,8.333333333333332,17.857142857142858,73.80952380952381,69.04761904761905,4.761904761904762
E00000564,154,47,19,28,107,96,11,30.519480519480517,12.337662337662337,18.181818181818183,69.48051948051948,62.33766233766234,7.142857142857142
E00000565,171,52,15,37,119,109,10,30.409356725146196,8.771929824561402,21.637426900584796,69.5906432748538,63.74269005847953,5.847953216374268
E00000566,179,55,26,29,124,106,18,30.726256983240223,14.52513966480447,16.201117318435752,69.27374301675978,59.217877094972074,10.05586592178771
E00000567,196,80,37,43,116,99,17,40.816326530612244,18.877551020408163,21.93877551020408,59.183673469387756,50.51020408163265,8.673469387755102
E00000568,190,73,23,50,117,101,16,38.421052631578945,12.105263157894736,26.31578947368421,61.578947368421055,53.1578947368421,8.421052631578947
E00000569,190,61,30,31,129,102,27,32.10526315789474,15.789473684210526,16.315789473684212,67.89473684210526,53.68421052631579,14.210526315789473
E00000570,134,54,20,34,80,68,12,40.298507462686565,14.925373134328357,25.37313432835821,59.70149253731343,50.74626865671642,8.955223880597014
E00000571,213,66,18,48,147,116,31,30.985915492957744,8.450704225352112,22.535211267605636,69.01408450704226,54.460093896713616,14.553990610328638
E00000572,208,66,22,44,142,122,20,31.73076923076923,10.576923076923077,21.153846153846153,68.26923076923077,58.65384615384615,9.615384615384617
E00000573,272,76,29,47,196,170,26,27.941176470588236,10.661764705882353,17.27941176470588,72.05882352941177,62.5,9.558823529411764
E00000574,143,40,17,23,103,86,17,27.972027972027973,11.888111888111888,16.083916083916083,72.02797202797203,60.13986013986013,11.888111888111888
E00000575,192,66,24,42,126,113,13,34.375,12.5,21.875,65.625,58.854166666666664,6.770833333333333
E00165805,100,53,15,38,47,42,5,53,15,38,47,42,5
E00175102,94,33,16,17,61,51,10,35.1063829787234,17.02127659574468,18.085106382978726,64.8936170212766,54.25531914893617,10.638297872340425
E00175103,220,56,22,34,164,147,17,25.454545454545453,10,15.454545454545453,74.54545454545455,66.81818181818183,7.727272727272727
E00175104,142,49,16,33,93,84,9,34.50704225352113,11.267605633802818,23.239436619718308,65.49295774647888,59.154929577464785,6.338028169014084
E00175105,285,36,18,18,249,232,17,12.631578947368421,6.315789473684211,6.315789473684211,87.36842105263159,81.40350877192982,5.964912280701754
E00175108,106,39,8,31,67,64,3,36.79245283018868,7.547169811320755,29.245283018867923,63.20754716981132,60.37735849056604,2.8301886792452833
E00175110,148,55,21,34,93,87,6,37.16216216216216,14.18918918918919,22.972972972972975,62.83783783783784,58.78378378378378,4.054054054054054
E00175113,139,43,15,28,96,86,10,30.935251798561154,10.79136690647482,20.14388489208633,69.06474820143885,61.87050359712231,7.1942446043165464
E00175114,166,65,20,45,101,93,8,39.1566265060241,12.048192771084338,27.10843373493976,60.8433734939759,56.024096385542165,4.819277108433735
E00175115,148,48,14,34,100,92,8,32.432432432432435,9.45945945945946,22.972972972972975,67.56756756756756,62.16216216216216,5.405405405405405
E00175118,109,34,11,23,75,61,14,31.19266055045872,10.091743119266056,21.100917431192663,68.80733944954129,55.96330275229357,12.844036697247708
E00175119,98,24,6,18,74,65,9,24.489795918367346,6.122448979591836,18.367346938775512,75.51020408163265,66.3265306122449,9.183673469387756
E00175120,82,37,8,29,45,37,8,45.1219512195122,9.75609756097561,35.36585365853659,54.87804878048781,45.1219512195122,9.75609756097561
E00175121,57,20,5,15,37,33,4,35.08771929824561,8.771929824561402,26.31578947368421,64.91228070175438,57.89473684210527,7.017543859649122
E00175122,55,25,10,15,30,26,4,45.45454545454545,18.181818181818183,27.27272727272727,54.54545454545454,47.27272727272727,7.2727272727272725
E00175123,67,19,10,9,48,44,4,28.35820895522388,14.925373134328357,13.432835820895523,71.64179104477611,65.67164179104478,5.970149253731343
E00185665,118,54,16,38,64,57,7,45.76271186440678,13.559322033898304,32.20338983050847,54.23728813559322,48.30508474576271,5.932203389830509
E00185666,104,47,20,27,57,46,11,45.19230769230769,19.230769230769234,25.961538461538463,54.807692307692314,44.230769230769226,10.576923076923077
E00185667,47,15,1,14,32,28,4,31.914893617021278,2.127659574468085,29.78723404255319,68.08510638297872,59.57446808510638,8.51063829787234
E00185668,212,63,25,38,149,132,17,29.71698113207547,11.79245283018868,17.92452830188679,70.28301886792453,62.264150943396224,8.018867924528301
E00185669,145,42,18,24,103,100,3,28.965517241379313,12.413793103448276,16.551724137931036,71.03448275862068,68.96551724137932,2.0689655172413794
E00185671,133,39,10,29,94,74,20,29.32330827067669,7.518796992481203,21.804511278195488,70.67669172932331,55.639097744360896,15.037593984962406
E00185673,137,56,14,42,81,72,9,40.87591240875913,10.218978102189782,30.656934306569344,59.12408759124088,52.55474452554745,6.569343065693431
E00185681,123,42,17,25,81,68,13,34.146341463414636,13.821138211382115,20.32520325203252,65.85365853658537,55.28455284552846,10.569105691056912
E00185682,229,75,19,56,154,137,17,32.751091703056765,8.296943231441048,24.45414847161572,67.24890829694323,59.82532751091703,7.423580786026202
E00185683,152,47,14,33,105,92,13,30.92105263157895,9.210526315789473,21.710526315789476,69.07894736842105,60.526315789473685,8.552631578947368
E00185686,111,50,10,40,61,60,1,45.04504504504504,9.00900900900901,36.03603603603604,54.95495495495496,54.054054054054056,0.9009009009009009
E00185690,241,48,17,31,193,161,32,19.91701244813278,7.053941908713693,12.863070539419086,80.08298755186722,66.80497925311202,13.278008298755188
E00185694,199,63,16,47,136,122,14,31.65829145728643,8.040201005025125,23.618090452261306,68.34170854271356,61.30653266331658,7.035175879396985
E00185698,143,57,23,34,86,79,7,39.86013986013986,16.083916083916083,23.776223776223777,60.13986013986013,55.24475524475524,4.895104895104895
E00185700,266,72,25,47,194,158,36,27.06766917293233,9.398496240601503,17.669172932330827,72.93233082706767,59.3984962406015,13.533834586466165
E00185702,225,77,21,56,148,121,27,34.22222222222222,9.333333333333334,24.88888888888889,65.77777777777779,53.77777777777778,12
E00185706,162,53,22,31,109,99,10,32.71604938271605,13.580246913580247,19.1358024691358,67.28395061728395,61.111111111111114,6.172839506172839
E00185716,121,39,14,25,82,66,16,32.231404958677686,11.570247933884298,20.66115702479339,67.76859504132231,54.54545454545454,13.223140495867769
E00185718,238,83,24,59,155,142,13,34.87394957983193,10.084033613445378,24.789915966386555,65.12605042016807,59.66386554621849,5.46218487394958
E00185721,156,58,19,39,98,79,19,37.17948717948718,12.179487179487179,25,62.82051282051282,50.641025641025635,12.179487179487179
E00185726,193,37,11,26,156,138,18,19.170984455958546,5.699481865284974,13.471502590673575,80.82901554404145,71.50259067357513,9.32642487046632
E00185729,360,63,27,36,297,259,38,17.5,7.5,10,82.5,71.94444444444444,10.555555555555555
E00185732,255,88,15,73,167,156,11,34.509803921568626,5.88235294117647,28.627450980392155,65.49019607843137,61.1764705882353,4.313725490196078
E00185734,99,35,10,25,64,60,4,35.35353535353536,10.1010101010101,25.252525252525253,64.64646464646465,60.60606060606061,4.040404040404041
E00185745,63,28,5,23,35,33,2,44.44444444444444,7.936507936507936,36.507936507936506,55.55555555555556,52.38095238095239,3.1746031746031744
E00185746,152,35,17,18,117,109,8,23.026315789473685,11.18421052631579,11.842105263157894,76.97368421052632,71.71052631578947,5.263157894736842
E00185748,212,64,19,45,148,132,16,30.18867924528302,8.962264150943396,21.22641509433962,69.81132075471697,62.264150943396224,7.547169811320755
E00185749,251,69,24,45,182,167,15,27.490039840637447,9.56175298804781,17.928286852589643,72.50996015936255,66.53386454183267,5.9760956175298805
E00185750,194,67,11,56,127,107,20,34.5360824742268,5.670103092783505,28.865979381443296,65.4639175257732,55.154639175257735,10.309278350515463
E00185752,158,51,17,34,107,89,18,32.278481012658226,10.759493670886076,21.518987341772153,67.72151898734177,56.32911392405063,11.39240506329114
E00185755,102,36,7,29,66,60,6,35.294117647058826,6.862745098039216,28.431372549019606,64.70588235294117,58.82352941176471,5.88235294117647
E00185765,128,49,20,29,79,73,6,38.28125,15.625,22.65625,61.71875,57.03125,4.6875
E00185770,338,42,20,22,296,252,44,12.42603550295858,5.9171597633136095,6.508875739644971,87.57396449704143,74.55621301775149,13.017751479289942
E00185773,248,74,27,47,174,153,21,29.838709677419356,10.887096774193548,18.951612903225808,70.16129032258065,61.693548387096776,8.46774193548387
E00185778,116,42,11,31,74,65,9,36.206896551724135,9.482758620689655,26.72413793103448,63.793103448275865,56.03448275862068,7.758620689655173
E00185779,78,29,2,27,49,42,7,37.17948717948718,2.564102564102564,34.61538461538461,62.82051282051282,53.84615384615385,8.974358974358974
E00185785,167,48,15,33,119,109,10,28.74251497005988,8.982035928143713,19.760479041916167,71.25748502994011,65.26946107784431,5.9880239520958085
E00185789,228,58,17,41,170,157,13,25.438596491228072,7.456140350877193,17.982456140350877,74.56140350877193,68.85964912280701,5.701754385964912
E00185790,224,46,19,27,178,164,14,20.535714285714285,8.482142857142858,12.053571428571429,79.46428571428571,73.21428571428571,6.25
E00185791,219,43,20,23,176,151,25,19.63470319634703,9.1324200913242,10.50228310502283,80.36529680365297,68.94977168949772,11.415525114155251
E00185796,205,70,21,49,135,113,22,34.146341463414636,10.24390243902439,23.902439024390244,65.85365853658537,55.1219512195122,10.731707317073171
E00185797,87,30,15,15,57,51,6,34.48275862068966,17.24137931034483,17.24137931034483,65.51724137931035,58.620689655172406,6.896551724137931
E00185806,140,36,15,21,104,86,18,25.71428571428571,10.714285714285714,15,74.28571428571429,61.42857142857143,12.857142857142856
E00185808,244,81,34,47,163,137,26,33.19672131147541,13.934426229508196,19.262295081967213,66.80327868852459,56.14754098360656,10.655737704918032
E00185812,145,30,14,16,115,100,15,20.689655172413794,9.655172413793103,11.03448275862069,79.3103448275862,68.96551724137932,10.344827586206897
E00185813,182,36,11,25,146,116,30,19.78021978021978,6.043956043956044,13.736263736263737,80.21978021978022,63.73626373626373,16.483516483516482
E00185814,104,34,14,20,70,63,7,32.69230769230769,13.461538461538462,19.230769230769234,67.3076923076923,60.57692307692307,6.730769230769231
E00185816,137,16,4,12,121,107,14,11.678832116788321,2.9197080291970803,8.75912408759124,88.32116788321169,78.1021897810219,10.218978102189782
E00185821,124,45,15,30,79,62,17,36.29032258064516,12.096774193548388,24.193548387096776,63.70967741935484,50,13.709677419354838
E00185822,240,75,23,52,165,150,15,31.25,9.583333333333334,21.666666666666668,68.75,62.5,6.25
E00185825,116,61,11,50,55,49,6,52.58620689655172,9.482758620689655,43.103448275862064,47.41379310344828,42.241379310344826,5.172413793103448
E00185832,239,61,26,35,178,158,20,25.523012552301257,10.87866108786611,14.644351464435147,74.47698744769873,66.10878661087865,8.368200836820083
E00185834,205,50,17,33,155,138,17,24.390243902439025,8.292682926829269,16.097560975609756,75.60975609756098,67.31707317073172,8.292682926829269
E00185837,111,50,15,35,61,53,8,45.04504504504504,13.513513513513514,31.53153153153153,54.95495495495496,47.74774774774775,7.207207207207207
E00185838,139,32,10,22,107,97,10,23.021582733812952,7.1942446043165464,15.827338129496402,76.97841726618705,69.7841726618705,7.1942446043165464
E00185842,52,18,8,10,34,26,8,34.61538461538461,15.384615384615385,19.230769230769234,65.38461538461539,50,15.384615384615385
