OA,ts0380001,ts0380002,ts0380003,ts0380004,ts0380005,ts0380006,ts0380007,ts0380002_PCT,ts0380003_PCT,ts0380004_PCT,ts0380005_PCT,ts0380006_PCT,ts0380007_PCT
E00000037,312,43,23,20,269,10,259,13.782051282051283,7.371794871794872,6.41025641025641,86.21794871794873,3.205128205128205,83.01282051282051
E00000038,417,43,24,19,374,21,353,10.311750599520384,5.755395683453238,4.556354916067146,89.68824940047962,5.0359712230215825,84.65227817745803
E00000039,374,38,15,23,336,10,326,10.16042780748663,4.0106951871657754,6.149732620320856,89.83957219251337,2.6737967914438503,87.16577540106952
E00000040,374,41,20,21,333,8,325,10.962566844919785,5.347593582887701,5.614973262032086,89.03743315508021,2.13903743315508,86.89839572192514
E00000041,314,51,25,26,263,5,258,16.24203821656051,7.961783439490445,8.280254777070063,83.7579617834395,1.5923566878980893,82.16560509554141
E00000042,214,44,21,23,170,10,160,20.5607476635514,9.813084112149532,10.74766355140187,79.43925233644859,4.672897196261682,74.76635514018692
E00000043,332,34,12,22,298,12,286,10.240963855421686,3.614457831325301,6.626506024096386,89.7590361445783,3.614457831325301,86.14457831325302
E00000045,316,36,13,23,280,6,274,11.39240506329114,4.113924050632911,7.2784810126582276,88.60759493670885,1.89873417721519,86.70886075949366
E00000046,351,35,17,18,316,8,308,9.971509971509972,4.843304843304843,5.128205128205128,90.02849002849003,2.2792022792022792,87.74928774928775
E00000048,497,67,27,40,430,26,404,13.480885311871226,5.432595573440644,8.048289738430583,86.51911468812877,5.23138832997988,81.28772635814889
E00000049,402,61,26,35,341,12,329,15.17412935323383,6.467661691542288,8.706467661691542,84.82587064676616,2.9850746268656714,81.8407960199005
E00000050,510,62,22,40,448,20,428,12.156862745098039,4.313725490196078,7.8431372549019605,87.84313725490196,3.9215686274509802,83.92156862745098
E00000051,539,50,25,25,489,10,479,9.276437847866418,4.638218923933209,4.638218923933209,90.72356215213358,1.855287569573284,88.86827458256029
E00000052,439,51,23,28,388,11,377,11.617312072892938,5.239179954441914,6.378132118451026,88.38268792710706,2.5056947608200453,85.87699316628702
E00000053,456,33,16,17,423,8,415,7.236842105263158,3.508771929824561,3.7280701754385963,92.76315789473685,1.7543859649122806,91.00877192982456
E00000054,426,41,17,24,385,8,377,9.624413145539906,3.9906103286384975,5.633802816901409,90.3755868544601,1.8779342723004695,88.49765258215963
E00000055,466,57,29,28,409,13,396,12.231759656652361,6.223175965665236,6.008583690987124,87.76824034334764,2.7896995708154506,84.97854077253218
E00000056,458,49,18,31,409,6,403,10.698689956331878,3.9301310043668125,6.768558951965066,89.30131004366812,1.3100436681222707,87.99126637554585
E00000057,401,31,14,17,370,16,354,7.73067331670823,3.4912718204488775,4.239401496259352,92.26932668329178,3.99002493765586,88.2793017456359
E00000059,253,25,11,14,228,12,216,9.881422924901186,4.3478260869565215,5.533596837944664,90.11857707509881,4.743083003952568,85.37549407114624
E00000060,268,30,8,22,238,6,232,11.194029850746269,2.9850746268656714,8.208955223880597,88.80597014925374,2.2388059701492535,86.56716417910447
E00000061,277,38,21,17,239,9,230,13.718411552346572,7.581227436823104,6.137184115523466,86.28158844765343,3.2490974729241873,83.03249097472924
E00000063,304,39,19,20,265,12,253,12.828947368421053,6.25,6.578947368421052,87.17105263157895,3.9473684210526314,83.22368421052632
E00000064,338,42,26,16,296,11,285,12.42603550295858,7.6923076923076925,4.733727810650888,87.57396449704143,3.2544378698224854,84.31952662721893
E00000066,586,52,30,22,534,13,521,8.873720136518772,5.1194539249146755,3.754266211604096,91.12627986348123,2.218430034129693,88.90784982935153
E00000067,353,32,16,16,321,9,312,9.06515580736544,4.53257790368272,4.53257790368272,90.93484419263456,2.5495750708215295,88.38526912181302
E00000068,364,36,14,22,328,13,315,9.89010989010989,3.8461538461538463,6.043956043956044,90.10989010989012,3.571428571428571,86.53846153846155
E00000069,481,63,30,33,418,12,406,13.097713097713099,6.237006237006238,6.860706860706861,86.9022869022869,2.494802494802495,84.40748440748442
E00000070,393,54,27,27,339,10,329,13.740458015267176,6.870229007633588,6.870229007633588,86.25954198473282,2.5445292620865136,83.7150127226463
E00000071,320,45,24,21,275,11,264,14.0625,7.5,6.5625,85.9375,3.4375000000000004,82.5
E00000072,345,61,25,36,284,17,267,17.681159420289855,7.246376811594203,10.434782608695652,82.31884057971014,4.9275362318840585,77.39130434782608
E00000073,329,45,25,20,284,12,272,13.677811550151976,7.598784194528875,6.079027355623101,86.32218844984803,3.64741641337386,82.67477203647417
E00000074,313,31,15,16,282,9,273,9.904153354632587,4.792332268370607,5.111821086261981,90.09584664536742,2.8753993610223643,87.22044728434504
E00000075,344,57,27,30,287,19,268,16.569767441860463,7.848837209302325,8.720930232558139,83.43023255813954,5.523255813953488,77.90697674418605
E00000076,364,45,17,28,319,8,311,12.362637362637363,4.670329670329671,7.6923076923076925,87.63736263736264,2.197802197802198,85.43956043956044
E00000077,371,62,35,27,309,14,295,16.711590296495956,9.433962264150944,7.277628032345014,83.28840970350404,3.7735849056603774,79.51482479784366
E00000078,334,55,26,29,279,20,259,16.46706586826347,7.784431137724551,8.682634730538922,83.53293413173652,5.9880239520958085,77.54491017964071
E00000079,381,57,23,34,324,19,305,14.960629921259844,6.036745406824147,8.923884514435695,85.03937007874016,4.986876640419948,80.0524934383202
E00000080,584,56,18,38,528,28,500,9.58904109589041,3.0821917808219177,6.506849315068493,90.41095890410958,4.794520547945205,85.61643835616438
E00000081,355,50,25,25,305,14,291,14.084507042253522,7.042253521126761,7.042253521126761,85.91549295774648,3.943661971830986,81.97183098591549
E00000082,361,39,21,18,322,12,310,10.80332409972299,5.8171745152354575,4.986149584487535,89.19667590027701,3.32409972299169,85.87257617728532
E00000083,338,58,32,26,280,17,263,17.159763313609467,9.467455621301776,7.6923076923076925,82.84023668639054,5.029585798816568,77.81065088757396
E00000084,357,42,22,20,315,18,297,11.76470588235294,6.162464985994398,5.602240896358544,88.23529411764706,5.042016806722689,83.19327731092437
E00000085,310,43,23,20,267,11,256,13.870967741935484,7.419354838709677,6.451612903225806,86.12903225806451,3.5483870967741935,82.58064516129032
E00000086,356,45,23,22,311,10,301,12.640449438202248,6.460674157303371,6.179775280898876,87.35955056179775,2.8089887640449436,84.5505617977528
E00000087,271,27,13,14,244,12,232,9.96309963099631,4.797047970479705,5.166051660516605,90.03690036900369,4.428044280442804,85.60885608856088
E00000088,360,50,28,22,310,16,294,13.88888888888889,7.777777777777778,6.111111111111111,86.11111111111111,4.444444444444445,81.66666666666667
E00000089,334,44,26,18,290,14,276,13.17365269461078,7.784431137724551,5.389221556886228,86.82634730538922,4.191616766467066,82.63473053892216
E00000090,371,46,26,20,325,12,313,12.398921832884097,7.008086253369273,5.3908355795148255,87.6010781671159,3.234501347708895,84.36657681940702
E00000091,617,81,36,45,536,19,517,13.12803889789303,5.834683954619125,7.293354943273905,86.87196110210697,3.079416531604538,83.79254457050244
E00000092,385,58,26,32,327,18,309,15.064935064935064,6.753246753246753,8.311688311688311,84.93506493506493,4.675324675324675,80.25974025974027
E00000093,365,45,19,26,320,7,313,12.32876712328767,5.205479452054795,7.123287671232877,87.67123287671232,1.9178082191780823,85.75342465753425
E00000094,430,58,22,36,372,16,356,13.488372093023257,5.116279069767442,8.372093023255815,86.51162790697674,3.7209302325581395,82.7906976744186
E00000095,543,66,23,43,477,26,451,12.154696132596685,4.23572744014733,7.918968692449356,87.84530386740332,4.788213627992634,83.05709023941068
E00000096,342,62,30,32,280,21,259,18.128654970760234,8.771929824561402,9.35672514619883,81.87134502923976,6.140350877192982,75.73099415204678
E00000097,367,67,32,35,300,11,289,18.256130790190735,8.71934604904632,9.536784741144414,81.74386920980926,2.997275204359673,78.7465940054496
E00000098,316,63,32,31,253,14,239,19.936708860759495,10.126582278481013,9.81012658227848,80.0632911392405,4.430379746835443,75.63291139240506
E00000099,114,23,6,17,91,5,86,20.175438596491226,5.263157894736842,14.912280701754385,79.82456140350878,4.385964912280701,75.43859649122807
E00000100,425,47,27,20,378,9,369,11.058823529411764,6.352941176470588,4.705882352941177,88.94117647058823,2.1176470588235294,86.82352941176471
E00000101,381,67,31,36,314,22,292,17.585301837270343,8.136482939632545,9.448818897637794,82.41469816272966,5.774278215223097,76.64041994750657
E00000102,396,52,27,25,344,17,327,13.131313131313133,6.8181818181818175,6.313131313131313,86.86868686868688,4.292929292929292,82.57575757575758
E00000103,477,82,40,42,395,21,374,17.19077568134172,8.385744234800839,8.80503144654088,82.80922431865828,4.40251572327044,78.40670859538784
E00000104,471,54,23,31,417,22,395,11.464968152866243,4.8832271762208075,6.581740976645436,88.53503184713377,4.670912951167728,83.86411889596603
E00000106,386,49,21,28,337,12,325,12.694300518134716,5.4404145077720205,7.253886010362693,87.30569948186529,3.1088082901554404,84.19689119170984
E00000107,397,77,41,36,320,15,305,19.395465994962215,10.327455919395465,9.06801007556675,80.60453400503779,3.7783375314861463,76.82619647355163
E00000108,352,46,24,22,306,14,292,13.068181818181818,6.8181818181818175,6.25,86.93181818181817,3.977272727272727,82.95454545454545
E00000109,474,67,37,30,407,13,394,14.135021097046414,7.805907172995781,6.329113924050633,85.86497890295358,2.7426160337552745,83.12236286919831
E00000110,341,65,31,34,276,11,265,19.06158357771261,9.090909090909092,9.970674486803519,80.93841642228739,3.225806451612903,77.71260997067448
E00000111,434,63,24,39,371,21,350,14.516129032258066,5.529953917050691,8.986175115207374,85.48387096774194,4.838709677419355,80.64516129032258
E00000112,355,39,19,20,316,22,294,10.985915492957748,5.352112676056338,5.633802816901409,89.01408450704226,6.197183098591549,82.8169014084507
E00000113,549,55,15,40,494,16,478,10.018214936247723,2.73224043715847,7.285974499089254,89.98178506375227,2.914389799635701,87.06739526411657
E00000114,409,58,26,32,351,15,336,14.180929095354522,6.356968215158925,7.823960880195599,85.81907090464547,3.6674816625916873,82.15158924205379
E00000115,362,56,28,28,306,11,295,15.469613259668508,7.734806629834254,7.734806629834254,84.5303867403315,3.0386740331491713,81.49171270718232
E00000116,375,32,18,14,343,12,331,8.533333333333333,4.8,3.733333333333334,91.46666666666667,3.2,88.26666666666667
E00000117,239,42,23,19,197,9,188,17.573221757322173,9.623430962343097,7.949790794979079,82.42677824267783,3.765690376569038,78.66108786610879
E00000118,372,52,21,31,320,9,311,13.978494623655912,5.64516129032258,8.333333333333332,86.02150537634408,2.4193548387096775,83.60215053763442
E00000119,357,52,27,25,305,16,289,14.565826330532214,7.563025210084033,7.002801120448179,85.43417366946778,4.481792717086835,80.95238095238095
E00000120,395,42,21,21,353,18,335,10.632911392405063,5.3164556962025316,5.3164556962025316,89.36708860759494,4.556962025316456,84.81012658227847
E00000121,371,57,43,14,314,15,299,15.363881401617252,11.590296495956872,3.7735849056603774,84.63611859838275,4.0431266846361185,80.59299191374663
E00000122,348,54,24,30,294,19,275,15.517241379310345,6.896551724137931,8.620689655172415,84.48275862068965,5.459770114942529,79.02298850574712
E00000123,460,129,86,43,331,11,320,28.043478260869563,18.695652173913043,9.347826086956522,71.95652173913044,2.391304347826087,69.56521739130434
E00000124,357,48,27,21,309,13,296,13.445378151260504,7.563025210084033,5.88235294117647,86.5546218487395,3.6414565826330536,82.91316526610645
E00000125,457,59,26,33,398,25,373,12.910284463894966,5.689277899343545,7.2210065645514225,87.08971553610503,5.470459518599562,81.61925601750546
E00000128,304,42,25,17,262,7,255,13.815789473684212,8.223684210526317,5.592105263157895,86.18421052631578,2.302631578947368,83.88157894736842
E00000129,393,60,32,28,333,14,319,15.267175572519085,8.142493638676845,7.124681933842239,84.7328244274809,3.5623409669211195,81.1704834605598
E00000130,401,55,28,27,346,11,335,13.715710723192021,6.982543640897755,6.733167082294264,86.28428927680798,2.7431421446384037,83.54114713216958
E00000131,342,44,15,29,298,10,288,12.865497076023392,4.385964912280701,8.47953216374269,87.13450292397661,2.923976608187134,84.21052631578947
E00000132,393,60,30,30,333,19,314,15.267175572519085,7.633587786259542,7.633587786259542,84.7328244274809,4.8346055979643765,79.89821882951654
E00000133,341,48,22,26,293,13,280,14.076246334310852,6.451612903225806,7.624633431085044,85.92375366568915,3.812316715542522,82.11143695014663
E00000134,448,53,15,38,395,17,378,11.830357142857142,3.3482142857142856,8.482142857142858,88.16964285714286,3.7946428571428568,84.375
E00000135,358,42,17,25,316,14,302,11.731843575418994,4.748603351955307,6.983240223463687,88.26815642458101,3.910614525139665,84.35754189944134
E00000136,370,40,18,22,330,13,317,10.81081081081081,4.864864864864865,5.9459459459459465,89.1891891891892,3.5135135135135136,85.67567567567568
E00000137,428,64,35,29,364,14,350,14.953271028037381,8.177570093457943,6.775700934579438,85.04672897196261,3.2710280373831773,81.77570093457945
E00000138,423,52,22,30,371,21,350,12.293144208037825,5.200945626477541,7.092198581560284,87.70685579196218,4.964539007092199,82.74231678486997
E00000139,433,70,40,30,363,16,347,16.166281755196305,9.237875288683602,6.928406466512701,83.83371824480369,3.695150115473441,80.13856812933025
E00000140,406,41,16,25,365,6,359,10.098522167487685,3.9408866995073892,6.157635467980295,89.90147783251231,1.477832512315271,88.42364532019704
E00000141,372,56,25,31,316,23,293,15.053763440860216,6.720430107526881,8.333333333333332,84.94623655913979,6.182795698924731,78.76344086021506
E00000142,374,90,49,41,284,22,262,24.06417112299465,13.101604278074866,10.962566844919785,75.93582887700535,5.88235294117647,70.05347593582889
E00000143,353,46,21,25,307,6,301,13.031161473087819,5.94900849858357,7.0821529745042495,86.96883852691218,1.69971671388102,85.26912181303116
E00000144,313,43,18,25,270,20,250,13.738019169329075,5.7507987220447285,7.987220447284344,86.26198083067092,6.3897763578274756,79.87220447284345
E00000145,229,40,24,16,189,10,179,17.46724890829694,10.480349344978166,6.986899563318777,82.53275109170306,4.366812227074235,78.16593886462883
E00000146,292,31,13,18,261,18,243,10.616438356164384,4.4520547945205475,6.164383561643835,89.38356164383562,6.164383561643835,83.21917808219177
E00000147,351,55,26,29,296,11,285,15.669515669515668,7.4074074074074066,8.262108262108262,84.33048433048434,3.133903133903134,81.19658119658119
E00000148,167,42,21,21,125,11,114,25.149700598802394,12.574850299401197,12.574850299401197,74.8502994011976,6.58682634730539,68.26347305389223
E00000149,335,48,23,25,287,13,274,14.328358208955224,6.865671641791045,7.462686567164178,85.67164179104478,3.880597014925373,81.7910447761194
E00000150,427,68,31,37,359,20,339,15.92505854800937,7.259953161592506,8.665105386416862,84.07494145199064,4.683840749414521,79.39110070257611
E00000151,466,62,25,37,404,17,387,13.304721030042918,5.36480686695279,7.939914163090128,86.69527896995707,3.648068669527897,83.04721030042919
E00000152,309,46,18,28,263,18,245,14.886731391585762,5.825242718446602,9.06148867313916,85.11326860841424,5.825242718446602,79.28802588996764
E00000153,348,76,32,44,272,16,256,21.839080459770116,9.195402298850574,12.643678160919542,78.16091954022988,4.597701149425287,73.5632183908046
E00000154,359,50,29,21,309,17,292,13.92757660167131,8.07799442896936,5.8495821727019495,86.0724233983287,4.735376044568245,81.33704735376045
E00000155,587,67,32,35,520,17,503,11.41396933560477,5.45144804088586,5.9625212947189095,88.58603066439524,2.8960817717206133,85.68994889267462
E00000156,402,84,49,35,318,11,307,20.8955223880597,12.189054726368159,8.706467661691542,79.1044776119403,2.736318407960199,76.3681592039801
E00000157,367,43,20,23,324,16,308,11.716621253405995,5.449591280653951,6.267029972752043,88.28337874659401,4.35967302452316,83.92370572207084
E00000158,466,101,66,35,365,16,349,21.67381974248927,14.163090128755366,7.510729613733906,78.32618025751073,3.4334763948497855,74.89270386266095
E00000159,497,55,17,38,442,17,425,11.066398390342053,3.420523138832998,7.645875251509055,88.93360160965796,3.420523138832998,85.51307847082495
E00000160,423,81,46,35,342,25,317,19.148936170212767,10.874704491725769,8.274231678486997,80.85106382978722,5.91016548463357,74.94089834515366
E00000161,404,41,21,20,363,10,353,10.14851485148515,5.198019801980198,4.9504950495049505,89.85148514851485,2.4752475247524752,87.37623762376238
E00000162,331,79,48,31,252,10,242,23.867069486404834,14.501510574018129,9.365558912386707,76.13293051359517,3.0211480362537766,73.111782477341393
E00000163,553,63,29,34,490,24,466,11.39240506329114,5.244122965641953,6.148282097649186,88.60759493670885,4.3399638336347195,84.26763110307414
E00000164,469,47,24,23,422,14,408,10.021321961620469,5.11727078891258,4.904051172707889,89.97867803837953,2.9850746268656714,86.99360341151386
E00000165,337,51,23,28,286,7,279,15.133531157270031,6.824925816023739,8.30860534124629,84.86646884272997,2.0771513353115725,82.7893175074184
E00000166,184,45,27,18,139,5,134,24.456521739130434,14.673913043478262,9.782608695652174,75.54347826086956,2.717391304347826,72.82608695652173
E00000167,352,34,15,19,318,10,308,9.659090909090908,4.261363636363636,5.3977272727272725,90.3409090909091,2.840909090909091,87.5
E00000168,513,92,36,56,421,25,396,17.93372319688109,7.017543859649122,10.916179337231968,82.06627680311891,4.8732943469785575,77.19298245614034
E00000169,354,59,33,26,295,17,278,16.666666666666664,9.322033898305085,7.344632768361582,83.33333333333334,4.80225988700565,78.53107344632768
E00000170,398,72,36,36,326,12,314,18.090452261306535,9.045226130653267,9.045226130653267,81.90954773869346,3.015075376884422,78.89447236180904
E00000171,389,78,39,39,311,18,293,20.051413881748072,10.025706940874036,10.025706940874036,79.94858611825192,4.627249357326478,75.32133676092545
E00000172,434,79,42,37,355,24,331,18.202764976958523,9.67741935483871,8.525345622119817,81.79723502304147,5.529953917050691,76.26728110599078
E00000173,466,60,26,34,406,23,383,12.875536480686694,5.579399141630901,7.296137339055794,87.1244635193133,4.935622317596566,82.18884120171673
E00000174,362,47,22,25,315,14,301,12.98342541436464,6.077348066298343,6.906077348066299,87.01657458563537,3.867403314917127,83.14917127071824
E00000175,437,115,81,34,322,16,306,26.31578947368421,18.53546910755149,7.780320366132723,73.68421052631578,3.6613272311212817,70.0228832951945
E00000176,371,38,16,22,333,9,324,10.242587601078167,4.31266846361186,5.929919137466308,89.75741239892183,2.4258760107816713,87.33153638814017
E00000177,232,33,12,21,199,5,194,14.224137931034484,5.172413793103448,9.051724137931034,85.77586206896551,2.1551724137931036,83.62068965517241
E00000178,407,64,26,38,343,17,326,15.724815724815725,6.388206388206388,9.336609336609335,84.27518427518427,4.176904176904177,80.0982800982801
E00000179,376,49,18,31,327,9,318,13.031914893617023,4.787234042553192,8.24468085106383,86.96808510638297,2.393617021276596,84.57446808510637
E00000180,326,31,10,21,295,9,286,9.509202453987731,3.067484662576687,6.441717791411043,90.49079754601227,2.7607361963190185,87.73006134969326
E00000181,429,68,25,43,361,15,346,15.85081585081585,5.827505827505827,10.023310023310025,84.14918414918415,3.4965034965034967,80.65268065268066
E00000182,331,42,12,30,289,10,279,12.688821752265861,3.625377643504532,9.06344410876133,87.31117824773413,3.0211480362537766,84.29003021148036
E00000183,308,44,25,19,264,16,248,14.285714285714285,8.116883116883116,6.1688311688311686,85.71428571428571,5.194805194805195,80.51948051948052
E00000184,353,41,16,25,312,11,301,11.614730878186968,4.53257790368272,7.0821529745042495,88.38526912181302,3.1161473087818696,85.26912181303116
E00000185,317,25,13,12,292,26,266,7.886435331230284,4.100946372239748,3.7854889589905363,92.11356466876973,8.201892744479496,83.91167192429022
E00000186,366,43,19,24,323,24,299,11.748633879781421,5.191256830601093,6.557377049180328,88.25136612021858,6.557377049180328,81.69398907103826
E00000187,333,63,34,29,270,20,250,18.91891891891892,10.21021021021021,8.708708708708707,81.08108108108108,6.006006006006006,75.07507507507508
E00000188,328,50,23,27,278,11,267,15.24390243902439,7.01219512195122,8.231707317073171,84.7560975609756,3.353658536585366,81.40243902439023
E00000189,286,46,21,25,240,18,222,16.083916083916083,7.3426573426573425,8.741258741258742,83.91608391608392,6.293706293706294,77.62237762237763
E00000190,281,46,22,24,235,16,219,16.370106761565836,7.829181494661921,8.540925266903916,83.62989323843416,5.6939501779359425,77.93594306049823
E00000191,311,29,8,21,282,6,276,9.32475884244373,2.572347266881029,6.752411575562702,90.67524115755627,1.929260450160772,88.7459807073955
E00000192,350,31,14,17,319,14,305,8.857142857142856,4,4.857142857142857,91.14285714285715,4,87.14285714285714
E00000193,346,36,13,23,310,17,293,10.404624277456648,3.7572254335260116,6.6473988439306355,89.59537572254335,4.913294797687861,84.6820809248555
E00000194,363,72,40,32,291,21,270,19.834710743801654,11.019283746556475,8.81542699724518,80.16528925619835,5.785123966942149,74.3801652892562
E00000195,456,106,52,54,350,22,328,23.24561403508772,11.403508771929824,11.842105263157894,76.75438596491229,4.824561403508771,71.9298245614035
E00000196,327,62,36,26,265,12,253,18.960244648318042,11.009174311926607,7.951070336391437,81.03975535168195,3.669724770642202,77.37003058103976
E00000197,364,42,19,23,322,16,306,11.538461538461538,5.21978021978022,6.318681318681318,88.46153846153845,4.395604395604396,84.06593406593407
E00000198,242,35,14,21,207,7,200,14.46280991735537,5.785123966942149,8.677685950413224,85.53719008264463,2.8925619834710745,82.64462809917356
E00000199,442,57,30,27,385,20,365,12.895927601809957,6.787330316742081,6.108597285067873,87.10407239819004,4.524886877828054,82.57918552036199
E00000200,372,43,19,24,329,13,316,11.559139784946236,5.10752688172043,6.451612903225806,88.44086021505376,3.494623655913978,84.94623655913979
E00000201,379,39,11,28,340,5,335,10.29023746701847,2.9023746701846966,7.387862796833773,89.70976253298153,1.3192612137203166,88.39050131926122
E00000202,398,59,26,33,339,12,327,14.824120603015075,6.532663316582915,8.291457286432161,85.17587939698493,3.015075376884422,82.1608040201005
E00000203,415,46,14,32,369,10,359,11.08433734939759,3.3734939759036147,7.710843373493977,88.91566265060241,2.4096385542168677,86.50602409638554
E00000204,411,80,49,31,331,11,320,19.464720194647203,11.922141119221411,7.542579075425791,80.5352798053528,2.67639902676399,77.85888077858881
E00000205,545,53,17,36,492,17,475,9.724770642201836,3.1192660550458715,6.605504587155964,90.27522935779817,3.1192660550458715,87.1559633027523
E00000206,310,61,27,34,249,11,238,19.67741935483871,8.709677419354838,10.967741935483872,80.3225806451613,3.5483870967741935,76.77419354838709
E00000207,330,52,26,26,278,14,264,15.757575757575756,7.878787878787878,7.878787878787878,84.24242424242424,4.242424242424243,80
E00000208,390,57,24,33,333,13,320,14.615384615384617,6.153846153846154,8.461538461538462,85.38461538461539,3.3333333333333335,82.05128205128204
E00000209,327,32,10,22,295,14,281,9.785932721712538,3.058103975535168,6.727828746177369,90.21406727828746,4.281345565749235,85.93272171253822
E00000210,448,60,29,31,388,5,383,13.392857142857142,6.4732142857142865,6.919642857142858,86.60714285714286,1.1160714285714286,85.49107142857143
E00000211,399,61,29,32,338,10,328,15.288220551378446,7.268170426065162,8.020050125313283,84.71177944862156,2.506265664160401,82.20551378446115
E00000212,179,47,20,27,132,8,124,26.256983240223462,11.1731843575419,15.083798882681565,73.74301675977654,4.4692737430167595,69.27374301675978
E00000213,369,58,36,22,311,10,301,15.718157181571815,9.75609756097561,5.9620596205962055,84.28184281842819,2.710027100271003,81.57181571815718
E00000214,369,31,15,16,338,6,332,8.401084010840108,4.0650406504065035,4.336043360433604,91.59891598915989,1.6260162601626018,89.97289972899729
E00000215,337,53,26,27,284,17,267,15.727002967359049,7.71513353115727,8.011869436201781,84.27299703264094,5.044510385756676,79.22848664688428
E00000216,376,56,30,26,320,10,310,14.893617021276595,7.9787234042553195,6.914893617021277,85.1063829787234,2.6595744680851063,82.4468085106383
E00000217,270,45,24,21,225,16,209,16.666666666666664,8.88888888888889,7.777777777777778,83.33333333333334,5.9259259259259265,77.4074074074074
E00000218,340,40,20,20,300,11,289,11.76470588235294,5.88235294117647,5.88235294117647,88.23529411764706,3.2352941176470593,85
E00000219,383,47,23,24,336,15,321,12.27154046997389,6.005221932114883,6.266318537859007,87.72845953002611,3.91644908616188,83.81201044386422
E00000220,359,83,55,28,276,10,266,23.119777158774372,15.32033426183844,7.7994428969359335,76.88022284122563,2.785515320334262,74.09470752089136
E00000221,401,69,34,35,332,17,315,17.206982543640898,8.478802992518704,8.728179551122196,82.7930174563591,4.239401496259352,78.55361596009975
E00000222,437,35,15,20,402,15,387,8.009153318077804,3.4324942791762014,4.576659038901601,91.9908466819222,3.4324942791762014,88.558352402746
E00000223,375,40,19,21,335,9,326,10.666666666666668,5.066666666666666,5.6000000000000005,89.33333333333333,2.4,86.93333333333332
E00000224,348,37,20,17,311,19,292,10.632183908045976,5.747126436781609,4.885057471264368,89.36781609195403,5.459770114942529,83.9080459770115
E00000225,420,42,15,27,378,11,367,10,3.571428571428571,6.428571428571428,90,2.619047619047619,87.38095238095238
E00000226,329,49,23,26,280,11,269,14.893617021276595,6.990881458966565,7.90273556231003,85.1063829787234,3.343465045592705,81.7629179331307
E00000227,361,46,18,28,315,14,301,12.742382271468145,4.986149584487535,7.756232686980609,87.25761772853186,3.8781163434903045,83.37950138504155
E00000228,432,42,15,27,390,12,378,9.722222222222223,3.4722222222222223,6.25,90.27777777777779,2.7777777777777777,87.5
E00000229,379,48,27,21,331,14,317,12.66490765171504,7.12401055408971,5.540897097625329,87.33509234828496,3.6939313984168867,83.64116094986808
E00000230,405,52,26,26,353,14,339,12.839506172839506,6.419753086419753,6.419753086419753,87.1604938271605,3.45679012345679,83.7037037037037
E00000231,367,40,20,20,327,17,310,10.899182561307901,5.449591280653951,5.449591280653951,89.10081743869209,4.632152588555858,84.46866485013625
E00000232,406,69,36,33,337,11,326,16.995073891625616,8.866995073891626,8.12807881773399,83.00492610837439,2.70935960591133,80.29556650246306
E00000234,448,51,22,29,397,14,383,11.383928571428571,4.910714285714286,6.4732142857142865,88.61607142857143,3.125,85.49107142857143
E00000236,373,52,13,39,321,10,311,13.941018766756033,3.485254691689008,10.455764075067025,86.05898123324397,2.680965147453083,83.37801608579089
E00000237,494,69,38,31,425,22,403,13.96761133603239,7.6923076923076925,6.275303643724696,86.03238866396761,4.4534412955465585,81.57894736842105
E00000238,417,42,14,28,375,12,363,10.071942446043165,3.357314148681055,6.71462829736211,89.92805755395683,2.877697841726619,87.05035971223022
E00000240,425,59,27,32,366,13,353,13.882352941176471,6.352941176470588,7.529411764705881,86.11764705882354,3.058823529411765,83.05882352941177
E00000243,416,32,13,19,384,7,377,7.6923076923076925,3.125,4.567307692307692,92.3076923076923,1.6826923076923077,90.625
E00000244,375,54,27,27,321,9,312,14.399999999999999,7.199999999999999,7.199999999999999,85.6,2.4,83.2
E00000245,387,55,18,37,332,5,327,14.21188630490956,4.651162790697675,9.560723514211885,85.78811369509044,1.2919896640826873,84.49612403100775
E00000246,336,40,22,18,296,14,282,11.904761904761903,6.547619047619048,5.357142857142857,88.09523809523809,4.166666666666666,83.92857142857143
E00000247,444,35,12,23,409,15,394,7.882882882882883,2.7027027027027026,5.18018018018018,92.11711711711712,3.3783783783783785,88.73873873873875
E00000249,336,61,36,25,275,14,261,18.154761904761905,10.714285714285714,7.440476190476191,81.84523809523809,4.166666666666666,77.67857142857143
E00000251,566,32,9,23,534,18,516,5.6537102473498235,1.5901060070671376,4.063604240282685,94.34628975265018,3.180212014134275,91.16607773851591
E00000252,406,50,19,31,356,12,344,12.31527093596059,4.679802955665025,7.635467980295567,87.68472906403942,2.955665024630542,84.72906403940887
E00000253,120,7,3,4,113,0,113,5.833333333333333,2.5,3.3333333333333335,94.16666666666667,0,94.16666666666667
E00000255,396,34,11,23,362,13,349,8.585858585858585,2.7777777777777777,5.808080808080808,91.41414141414141,3.2828282828282833,88.13131313131312
E00000256,167,20,8,12,147,0,147,11.976047904191617,4.790419161676647,7.18562874251497,88.02395209580838,0,88.02395209580838
E00000257,409,53,24,29,356,18,338,12.95843520782396,5.8679706601467,7.090464547677261,87.04156479217605,4.400977995110025,82.64058679706602
E00000258,263,12,0,12,251,7,244,4.562737642585551,0,4.562737642585551,95.43726235741445,2.6615969581749046,92.77566539923954
E00000259,329,28,10,18,301,10,291,8.51063829787234,3.0395136778115504,5.47112462006079,91.48936170212765,3.0395136778115504,88.44984802431611
E00000260,310,30,11,19,280,12,268,9.67741935483871,3.5483870967741935,6.129032258064516,90.32258064516128,3.870967741935484,86.45161290322581
E00000261,292,47,22,25,245,5,240,16.095890410958905,7.534246575342466,8.561643835616438,83.9041095890411,1.7123287671232876,82.1917808219178
E00000263,592,81,51,30,511,10,501,13.682432432432432,8.614864864864865,5.0675675675675675,86.31756756756756,1.6891891891891893,84.62837837837837
E00000265,293,56,27,29,237,10,227,19.112627986348123,9.215017064846416,9.897610921501707,80.88737201365188,3.4129692832764507,77.47440273037543
E00000266,383,50,26,24,333,15,318,13.054830287206268,6.7885117493472595,6.266318537859007,86.94516971279373,3.91644908616188,83.02872062663185
E00000267,327,45,21,24,282,15,267,13.761467889908257,6.422018348623854,7.339449541284404,86.23853211009175,4.587155963302752,81.65137614678899
E00000268,372,64,27,37,308,12,296,17.20430107526882,7.258064516129033,9.946236559139784,82.79569892473118,3.225806451612903,79.56989247311827
E00000269,445,64,25,39,381,14,367,14.382022471910114,5.617977528089887,8.764044943820224,85.61797752808988,3.146067415730337,82.47191011235955
E00000270,388,49,20,29,339,18,321,12.628865979381443,5.154639175257731,7.474226804123711,87.37113402061856,4.639175257731959,82.73195876288659
E00000271,310,27,12,15,283,18,265,8.709677419354838,3.870967741935484,4.838709677419355,91.29032258064517,5.806451612903226,85.48387096774194
E00000272,371,55,21,34,316,19,297,14.824797843665769,5.660377358490567,9.164420485175203,85.17520215633422,5.121293800539084,80.05390835579514
E00000273,342,63,24,39,279,6,273,18.421052631578945,7.017543859649122,11.403508771929824,81.57894736842105,1.7543859649122806,79.82456140350878
E00000274,320,43,16,27,277,14,263,13.4375,5,8.4375,86.5625,4.375,82.1875
E00000275,378,80,44,36,298,21,277,21.164021164021165,11.64021164021164,9.523809523809524,78.83597883597884,5.555555555555555,73.28042328042328
E00000276,543,139,86,53,404,10,394,25.59852670349908,15.837937384898712,9.760589318600369,74.40147329650092,1.841620626151013,72.55985267034991
E00000277,367,52,24,28,315,15,300,14.168937329700274,6.539509536784741,7.629427792915531,85.83106267029973,4.087193460490464,81.74386920980926
E00000278,312,31,16,15,281,11,270,9.935897435897436,5.128205128205128,4.807692307692308,90.06410256410257,3.5256410256410255,86.53846153846155
E00000279,264,23,11,12,241,12,229,8.712121212121213,4.166666666666666,4.545454545454546,91.28787878787878,4.545454545454546,86.74242424242425
E00000280,386,37,20,17,349,24,325,9.585492227979273,5.181347150259067,4.404145077720207,90.41450777202073,6.217616580310881,84.19689119170984
E00000282,330,53,29,24,277,22,255,16.060606060606062,8.787878787878787,7.2727272727272725,83.93939393939394,6.666666666666667,77.27272727272727
E00000283,356,49,27,22,307,11,296,13.764044943820226,7.584269662921349,6.179775280898876,86.23595505617978,3.089887640449438,83.14606741573034
E00000284,365,65,28,37,300,13,287,17.80821917808219,7.671232876712329,10.136986301369863,82.1917808219178,3.5616438356164384,78.63013698630137
E00000285,301,37,12,25,264,18,246,12.29235880398671,3.9867109634551494,8.305647840531561,87.70764119601328,5.980066445182724,81.72757475083057
E00000286,353,36,20,16,317,24,293,10.198300283286118,5.6657223796034,4.53257790368272,89.80169971671388,6.79886685552408,83.0028328611898
E00000287,379,67,34,33,312,14,298,17.678100263852244,8.970976253298153,8.70712401055409,82.32189973614776,3.6939313984168867,78.62796833773086
E00000288,513,58,21,37,455,18,437,11.306042884990253,4.093567251461988,7.212475633528265,88.69395711500975,3.508771929824561,85.18518518518519
E00000289,319,49,22,27,270,12,258,15.360501567398119,6.896551724137931,8.463949843260188,84.63949843260188,3.761755485893417,80.87774294670847
E00000290,337,46,19,27,291,13,278,13.649851632047477,5.637982195845697,8.011869436201781,86.35014836795251,3.857566765578635,82.49258160237389
E00000291,322,55,26,29,267,13,254,17.080745341614907,8.074534161490684,9.006211180124224,82.91925465838509,4.037267080745342,78.88198757763976
E00000292,342,53,22,31,289,13,276,15.497076023391813,6.432748538011696,9.064327485380117,84.50292397660819,3.8011695906432745,80.7017543859649
E00000293,336,90,57,33,246,7,239,26.785714285714285,16.964285714285715,9.821428571428571,73.21428571428571,2.083333333333333,71.13095238095238
E00000294,431,53,30,23,378,15,363,12.296983758700696,6.960556844547564,5.336426914153132,87.70301624129931,3.480278422273782,84.22273781902551
E00000295,327,60,33,27,267,11,256,18.34862385321101,10.091743119266056,8.256880733944955,81.65137614678899,3.3639143730886847,78.2874617737003
E00000296,405,56,29,27,349,29,320,13.82716049382716,7.160493827160494,6.666666666666667,86.17283950617283,7.160493827160494,79.01234567901234
E00000297,373,55,29,26,318,14,304,14.745308310991955,7.774798927613941,6.970509383378016,85.25469168900804,3.753351206434316,81.50134048257372
E00000298,375,51,22,29,324,17,307,13.600000000000001,5.866666666666666,7.733333333333333,86.4,4.533333333333333,81.86666666666666
E00000299,353,59,30,29,294,16,278,16.71388101983003,8.498583569405099,8.21529745042493,83.28611898016997,4.53257790368272,78.75354107648725
E00000300,496,64,33,31,432,12,420,12.903225806451612,6.653225806451612,6.25,87.09677419354838,2.4193548387096775,84.67741935483872
E00000301,437,57,34,23,380,15,365,13.043478260869565,7.780320366132723,5.263157894736842,86.95652173913044,3.4324942791762014,83.52402745995423
E00000302,348,64,32,32,284,20,264,18.39080459770115,9.195402298850574,9.195402298850574,81.60919540229885,5.747126436781609,75.86206896551724
E00000303,405,66,22,44,339,19,320,16.296296296296298,5.432098765432099,10.864197530864198,83.7037037037037,4.691358024691358,79.01234567901234
E00000304,217,38,18,20,179,13,166,17.51152073732719,8.294930875576037,9.216589861751153,82.48847926267281,5.990783410138248,76.49769585253456
E00000305,485,102,54,48,383,18,365,21.030927835051546,11.134020618556702,9.896907216494846,78.96907216494846,3.711340206185567,75.25773195876289
E00000306,334,44,19,25,290,15,275,13.17365269461078,5.688622754491018,7.48502994011976,86.82634730538922,4.491017964071856,82.33532934131736
E00000307,395,59,26,33,336,19,317,14.936708860759493,6.582278481012659,8.354430379746836,85.0632911392405,4.810126582278481,80.25316455696202
E00000308,347,45,21,24,302,12,290,12.968299711815561,6.051873198847262,6.9164265129683,87.03170028818444,3.45821325648415,83.5734870317003
E00000309,331,57,25,32,274,11,263,17.220543806646525,7.552870090634441,9.667673716012084,82.77945619335347,3.3232628398791544,79.45619335347432
E00000310,496,98,46,52,398,11,387,19.758064516129032,9.274193548387096,10.483870967741936,80.24193548387096,2.217741935483871,78.0241935483871
E00000311,480,59,27,32,421,17,404,12.291666666666666,5.625,6.666666666666667,87.70833333333333,3.5416666666666665,84.16666666666667
E00000312,361,44,19,25,317,13,304,12.18836565096953,5.263157894736842,6.9252077562326875,87.81163434903047,3.6011080332409975,84.21052631578947
E00000313,483,42,21,21,441,18,423,8.695652173913043,4.3478260869565215,4.3478260869565215,91.30434782608695,3.7267080745341614,87.5776397515528
E00000314,475,121,80,41,354,11,343,25.473684210526315,16.842105263157894,8.631578947368421,74.52631578947368,2.3157894736842106,72.21052631578947
E00000315,318,37,20,17,281,12,269,11.635220125786164,6.289308176100629,5.345911949685535,88.36477987421384,3.7735849056603774,84.59119496855347
E00000316,411,43,23,20,368,15,353,10.46228710462287,5.59610705596107,4.866180048661801,89.53771289537713,3.64963503649635,85.88807785888078
E00000317,250,56,23,33,194,4,190,22.400000000000002,9.2,13.200000000000001,77.60000000000001,1.6,76
E00000318,223,43,27,16,180,13,167,19.282511210762333,12.10762331838565,7.174887892376682,80.71748878923766,5.829596412556054,74.88789237668162
E00000319,307,54,28,26,253,7,246,17.58957654723127,9.120521172638437,8.469055374592834,82.41042345276874,2.2801302931596092,80.13029315960912
E00000320,452,47,20,27,405,17,388,10.398230088495575,4.424778761061947,5.9734513274336285,89.60176991150442,3.761061946902655,85.84070796460178
E00000321,331,54,28,26,277,13,264,16.314199395770395,8.459214501510575,7.854984894259818,83.68580060422961,3.927492447129909,79.7583081570997
E00000322,361,56,25,31,305,25,280,15.512465373961218,6.9252077562326875,8.587257617728532,84.48753462603878,6.9252077562326875,77.5623268698061
E00000323,251,60,35,25,191,10,181,23.904382470119522,13.94422310756972,9.9601593625498,76.09561752988047,3.9840637450199203,72.11155378486056
E00000324,394,92,48,44,302,16,286,23.3502538071066,12.18274111675127,11.16751269035533,76.6497461928934,4.060913705583756,72.58883248730965
E00000325,372,71,34,37,301,23,278,19.086021505376344,9.13978494623656,9.946236559139784,80.91397849462365,6.182795698924731,74.73118279569893
E00000326,449,37,15,22,412,12,400,8.240534521158128,3.34075723830735,4.8997772828507795,91.75946547884188,2.6726057906458798,89.086859688196
E00000327,329,53,28,25,276,16,260,16.109422492401215,8.51063829787234,7.598784194528875,83.89057750759878,4.86322188449848,79.0273556231003
E00000328,496,57,20,37,439,22,417,11.491935483870968,4.032258064516129,7.459677419354839,88.50806451612904,4.435483870967742,84.07258064516128
E00000329,335,64,26,38,271,11,260,19.1044776119403,7.761194029850746,11.343283582089553,80.8955223880597,3.2835820895522385,77.61194029850746
E00000330,279,68,29,39,211,11,200,24.372759856630825,10.39426523297491,13.978494623655912,75.62724014336918,3.942652329749104,71.68458781362007
E00000331,421,47,19,28,374,10,364,11.163895486935866,4.513064133016627,6.65083135391924,88.83610451306413,2.375296912114014,86.46080760095012
E00000332,523,55,23,32,468,20,448,10.51625239005736,4.397705544933078,6.118546845124283,89.48374760994264,3.824091778202677,85.65965583173997
E00000333,459,51,16,35,408,23,385,11.11111111111111,3.485838779956427,7.625272331154684,88.88888888888889,5.010893246187364,83.87799564270153
E00000334,439,61,35,26,378,22,356,13.895216400911162,7.972665148063782,5.922551252847381,86.10478359908885,5.0113895216400905,81.09339407744875
E00000335,443,49,20,29,394,13,381,11.060948081264108,4.514672686230249,6.5462753950338595,88.93905191873588,2.9345372460496613,86.00451467268623
E00000336,529,55,23,32,474,18,456,10.396975425330812,4.3478260869565215,6.049149338374291,89.60302457466919,3.402646502835539,86.20037807183365
E00000337,351,37,16,21,314,12,302,10.541310541310542,4.5584045584045585,5.982905982905983,89.45868945868945,3.418803418803419,86.03988603988604
E00000338,430,54,25,29,376,20,356,12.558139534883722,5.813953488372093,6.744186046511628,87.44186046511628,4.651162790697675,82.7906976744186
E00000340,367,59,31,28,308,11,297,16.076294277929154,8.446866485013624,7.629427792915531,83.92370572207084,2.997275204359673,80.92643051771117
E00000341,519,69,29,40,450,11,439,13.294797687861271,5.5876685934489405,7.7071290944123305,86.70520231213872,2.119460500963391,84.58574181117534
E00000342,431,59,17,42,372,16,356,13.68909512761021,3.944315545243619,9.744779582366588,86.3109048723898,3.7122969837587005,82.5986078886311
E00000343,478,43,19,24,435,18,417,8.99581589958159,3.9748953974895396,5.02092050209205,91.0041841004184,3.765690376569038,87.23849372384937
E00000344,469,60,26,34,409,10,399,12.79317697228145,5.543710021321962,7.249466950959488,87.20682302771856,2.1321961620469083,85.07462686567165
E00000345,495,62,26,36,433,18,415,12.525252525252526,5.252525252525253,7.2727272727272725,87.47474747474747,3.6363636363636362,83.83838383838383
E00000346,501,79,31,48,422,11,411,15.768463073852296,6.187624750499002,9.580838323353294,84.23153692614771,2.19560878243513,82.03592814371258
E00000347,435,38,23,15,397,16,381,8.735632183908045,5.287356321839081,3.4482758620689653,91.26436781609195,3.67816091954023,87.58620689655172
E00000348,525,41,15,26,484,20,464,7.809523809523809,2.857142857142857,4.9523809523809526,92.19047619047619,3.8095238095238098,88.38095238095238
E00000349,477,50,21,29,427,19,408,10.482180293501047,4.40251572327044,6.079664570230608,89.51781970649894,3.9832285115303985,85.53459119496856
E00000350,374,42,15,27,332,13,319,11.229946524064172,4.0106951871657754,7.219251336898395,88.77005347593582,3.4759358288770055,85.29411764705883
E00000351,502,47,22,25,455,24,431,9.362549800796813,4.382470119521913,4.9800796812749,90.63745019920319,4.780876494023905,85.85657370517929
E00000353,452,56,23,33,396,14,382,12.389380530973451,5.0884955752212395,7.300884955752212,87.61061946902655,3.0973451327433628,84.51327433628319
E00000354,626,72,35,37,554,10,544,11.501597444089457,5.5910543130990416,5.9105431309904155,88.49840255591054,1.5974440894568689,86.90095846645367
E00000355,469,76,31,45,393,12,381,16.204690831556505,6.609808102345416,9.594882729211088,83.7953091684435,2.55863539445629,81.2366737739872
E00000356,433,49,22,27,384,13,371,11.316397228637413,5.080831408775981,6.235565819861432,88.68360277136259,3.0023094688221708,85.68129330254041
E00000357,499,55,14,41,444,9,435,11.022044088176353,2.80561122244489,8.216432865731463,88.97795591182364,1.8036072144288577,87.17434869739479
E00000358,344,50,24,26,294,15,279,14.534883720930234,6.976744186046512,7.55813953488372,85.46511627906976,4.3604651162790695,81.1046511627907
E00000360,350,47,20,27,303,8,295,13.428571428571429,5.714285714285714,7.7142857142857135,86.57142857142858,2.2857142857142856,84.28571428571429
E00000361,342,46,27,19,296,13,283,13.450292397660817,7.894736842105263,5.555555555555555,86.54970760233918,3.8011695906432745,82.7485380116959
E00000362,372,53,29,24,319,15,304,14.24731182795699,7.795698924731183,6.451612903225806,85.75268817204301,4.032258064516129,81.72043010752688
E00000363,377,74,35,39,303,14,289,19.628647214854112,9.283819628647215,10.344827586206897,80.37135278514589,3.7135278514588856,76.657824933687
E00000364,342,66,39,27,276,13,263,19.298245614035086,11.403508771929824,7.894736842105263,80.7017543859649,3.8011695906432745,76.90058479532163
E00000365,278,29,13,16,249,8,241,10.431654676258994,4.676258992805756,5.755395683453238,89.568345323741,2.877697841726619,86.6906474820144
E00000366,326,43,24,19,283,12,271,13.190184049079754,7.361963190184049,5.828220858895705,86.80981595092024,3.6809815950920246,83.12883435582822
E00000367,442,65,24,41,377,19,358,14.705882352941178,5.429864253393665,9.276018099547512,85.29411764705883,4.298642533936651,80.99547511312217
E00000368,344,55,30,25,289,11,278,15.988372093023257,8.720930232558139,7.267441860465117,84.01162790697676,3.1976744186046515,80.81395348837209
E00000369,333,46,20,26,287,9,278,13.813813813813812,6.006006006006006,7.807807807807808,86.18618618618619,2.7027027027027026,83.48348348348348
E00000370,399,45,19,26,354,12,342,11.278195488721805,4.761904761904762,6.516290726817042,88.7218045112782,3.007518796992481,85.71428571428571
E00000371,307,47,28,19,260,17,243,15.309446254071663,9.120521172638437,6.188925081433225,84.69055374592834,5.537459283387622,79.15309446254072
E00000372,370,50,23,27,320,16,304,13.513513513513514,6.216216216216217,7.297297297297297,86.48648648648648,4.324324324324325,82.16216216216216
E00000373,365,53,20,33,312,10,302,14.520547945205479,5.47945205479452,9.04109589041096,85.47945205479452,2.73972602739726,82.73972602739727
E00000374,382,58,32,26,324,15,309,15.18324607329843,8.37696335078534,6.806282722513089,84.81675392670157,3.926701570680628,80.89005235602095
E00000375,324,39,19,20,285,8,277,12.037037037037036,5.864197530864197,6.172839506172839,87.96296296296296,2.4691358024691357,85.49382716049382
E00000376,405,67,33,34,338,15,323,16.543209876543212,8.148148148148149,8.395061728395062,83.4567901234568,3.7037037037037033,79.75308641975309
E00000377,309,43,22,21,266,18,248,13.915857605177994,7.119741100323624,6.796116504854369,86.08414239482201,5.825242718446602,80.2588996763754
E00000378,295,72,36,36,223,8,215,24.40677966101695,12.203389830508476,12.203389830508476,75.59322033898304,2.711864406779661,72.88135593220339
E00000379,435,69,38,31,366,23,343,15.862068965517242,8.735632183908045,7.126436781609195,84.13793103448276,5.287356321839081,78.85057471264368
E00000380,447,71,30,41,376,17,359,15.883668903803134,6.7114093959731544,9.172259507829978,84.11633109619687,3.803131991051454,80.31319910514542
E00000381,393,63,29,34,330,14,316,16.030534351145036,7.37913486005089,8.651399491094146,83.96946564885496,3.5623409669211195,80.40712468193384
E00000382,365,46,22,24,319,11,308,12.602739726027398,6.027397260273973,6.575342465753424,87.3972602739726,3.0136986301369864,84.38356164383562
E00000383,309,47,19,28,262,10,252,15.210355987055015,6.148867313915858,9.06148867313916,84.78964401294499,3.2362459546925564,81.55339805825243
E00000384,359,50,27,23,309,21,288,13.92757660167131,7.520891364902507,6.406685236768802,86.0724233983287,5.8495821727019495,80.22284122562674
E00000385,330,36,19,17,294,10,284,10.909090909090908,5.757575757575758,5.151515151515151,89.0909090909091,3.0303030303030303,86.06060606060606
E00000386,415,54,26,28,361,10,351,13.012048192771083,6.265060240963856,6.746987951807229,86.98795180722891,2.4096385542168677,84.57831325301206
E00000387,449,44,17,27,405,12,393,9.799554565701559,3.78619153674833,6.013363028953229,90.20044543429844,2.6726057906458798,87.52783964365256
E00000388,388,63,27,36,325,20,305,16.237113402061855,6.958762886597938,9.278350515463918,83.76288659793815,5.154639175257731,78.6082474226804
E00000389,392,80,48,32,312,19,293,20.408163265306122,12.244897959183673,8.16326530612245,79.59183673469387,4.846938775510204,74.74489795918367
E00000390,430,58,33,25,372,12,360,13.488372093023257,7.674418604651163,5.813953488372093,86.51162790697674,2.7906976744186047,83.72093023255815
E00000391,349,59,27,32,290,13,277,16.9054441260745,7.736389684813753,9.169054441260744,83.0945558739255,3.7249283667621778,79.36962750716332
E00000392,358,59,27,32,299,13,286,16.480446927374302,7.5418994413407825,8.938547486033519,83.5195530726257,3.6312849162011176,79.88826815642457
E00000393,459,55,28,27,404,15,389,11.982570806100219,6.1002178649237475,5.88235294117647,88.01742919389977,3.2679738562091507,84.74945533769062
E00000394,399,79,33,46,320,13,307,19.799498746867165,8.270676691729323,11.528822055137844,80.20050125313283,3.258145363408521,76.94235588972431
E00000395,414,66,32,34,348,19,329,15.942028985507244,7.729468599033816,8.212560386473431,84.05797101449275,4.5893719806763285,79.46859903381642
E00000396,331,51,21,30,280,10,270,15.407854984894259,6.3444108761329305,9.06344410876133,84.59214501510573,3.0211480362537766,81.57099697885197
E00000397,378,67,34,33,311,18,293,17.724867724867725,8.994708994708994,8.73015873015873,82.27513227513228,4.761904761904762,77.5132275132275
E00000398,368,63,22,41,305,17,288,17.119565217391305,5.978260869565218,11.141304347826086,82.88043478260869,4.619565217391304,78.26086956521739
E00000399,367,40,17,23,327,15,312,10.899182561307901,4.632152588555858,6.267029972752043,89.10081743869209,4.087193460490464,85.01362397820164
E00000400,397,60,20,40,337,15,322,15.113350125944585,5.037783375314862,10.075566750629724,84.88664987405542,3.7783375314861463,81.10831234256926
E00000401,359,54,31,23,305,10,295,15.041782729805014,8.635097493036211,6.406685236768802,84.958217270195,2.785515320334262,82.17270194986072
E00000402,386,59,32,27,327,19,308,15.284974093264248,8.290155440414509,6.994818652849741,84.71502590673575,4.922279792746114,79.79274611398964
E00000403,423,38,18,20,385,22,363,8.983451536643026,4.25531914893617,4.7281323877068555,91.01654846335697,5.200945626477541,85.81560283687944
E00000404,420,53,24,29,367,7,360,12.619047619047619,5.714285714285714,6.904761904761905,87.38095238095238,1.6666666666666667,85.71428571428571
E00000405,450,82,45,37,368,11,357,18.22222222222222,10,8.222222222222223,81.77777777777779,2.4444444444444446,79.33333333333333
E00000406,385,52,26,26,333,13,320,13.506493506493506,6.753246753246753,6.753246753246753,86.49350649350649,3.3766233766233764,83.11688311688312
E00000407,356,62,30,32,294,12,282,17.415730337078653,8.426966292134832,8.98876404494382,82.58426966292134,3.3707865168539324,79.21348314606742
E00000408,313,36,23,13,277,13,264,11.501597444089457,7.348242811501597,4.15335463258786,88.49840255591054,4.15335463258786,84.34504792332268
E00000409,349,58,33,25,291,19,272,16.6189111747851,9.455587392550143,7.163323782234957,83.3810888252149,5.444126074498568,77.93696275071633
E00000410,316,37,20,17,279,17,262,11.708860759493671,6.329113924050633,5.379746835443038,88.29113924050634,5.379746835443038,82.91139240506328
E00000411,302,51,20,31,251,21,230,16.887417218543046,6.622516556291391,10.264900662251655,83.11258278145695,6.95364238410596,76.15894039735099
E00000412,327,57,32,25,270,11,259,17.431192660550458,9.785932721712538,7.64525993883792,82.56880733944955,3.3639143730886847,79.20489296636084
E00000413,338,46,17,29,292,9,283,13.609467455621301,5.029585798816568,8.579881656804734,86.3905325443787,2.6627218934911245,83.72781065088756
E00000414,348,54,23,31,294,16,278,15.517241379310345,6.609195402298851,8.908045977011495,84.48275862068965,4.597701149425287,79.88505747126436
E00000415,344,54,25,29,290,17,273,15.69767441860465,7.267441860465117,8.430232558139535,84.30232558139535,4.941860465116279,79.36046511627907
E00000416,430,69,35,34,361,12,349,16.046511627906977,8.13953488372093,7.906976744186046,83.95348837209302,2.7906976744186047,81.16279069767441
E00000417,361,71,30,41,290,21,269,19.667590027700832,8.310249307479225,11.357340720221606,80.33240997229917,5.8171745152354575,74.51523545706371
E00000418,398,71,27,44,327,8,319,17.839195979899497,6.78391959798995,11.055276381909549,82.1608040201005,2.0100502512562812,80.15075376884423
E00000419,348,49,24,25,299,9,290,14.080459770114942,6.896551724137931,7.183908045977011,85.91954022988506,2.586206896551724,83.33333333333334
E00000420,329,46,24,22,283,15,268,13.98176291793313,7.29483282674772,6.68693009118541,86.01823708206688,4.5592705167173255,81.45896656534954
E00000421,412,40,17,23,372,10,362,9.70873786407767,4.12621359223301,5.582524271844661,90.29126213592234,2.4271844660194173,87.86407766990291
E00000422,431,58,25,33,373,18,355,13.45707656612529,5.800464037122969,7.65661252900232,86.5429234338747,4.176334106728538,82.36658932714617
E00000423,337,53,24,29,284,14,270,15.727002967359049,7.121661721068249,8.605341246290802,84.27299703264094,4.154302670623145,80.1186943620178
E00000424,519,138,97,41,381,8,373,26.589595375722542,18.689788053949904,7.89980732177264,73.41040462427746,1.5414258188824663,71.86897880539499
E00000425,419,58,36,22,361,19,342,13.842482100238662,8.591885441527445,5.250596658711217,86.15751789976133,4.534606205250596,81.62291169451073
E00000426,375,34,16,18,341,27,314,9.066666666666666,4.266666666666667,4.8,90.93333333333334,7.199999999999999,83.73333333333333
E00000427,350,26,15,11,324,14,310,7.428571428571429,4.285714285714286,3.1428571428571432,92.57142857142857,4,88.57142857142857
E00000428,439,45,21,24,394,9,385,10.250569476082005,4.783599088838269,5.466970387243736,89.749430523918,2.050113895216401,87.6993166287016
E00000429,352,41,21,20,311,13,298,11.647727272727272,5.965909090909091,5.681818181818182,88.35227272727273,3.6931818181818183,84.6590909090909
E00000430,334,42,15,27,292,10,282,12.574850299401197,4.491017964071856,8.08383233532934,87.42514970059881,2.9940119760479043,84.4311377245509
E00000431,513,63,31,32,450,20,430,12.280701754385964,6.042884990253411,6.237816764132553,87.71929824561403,3.898635477582846,83.82066276803118
E00000432,375,30,12,18,345,17,328,8,3.2,4.8,92,4.533333333333333,87.46666666666667
E00000433,331,22,11,11,309,12,297,6.646525679758309,3.3232628398791544,3.3232628398791544,93.35347432024169,3.625377643504532,89.72809667673715
E00000434,413,53,27,26,360,9,351,12.832929782082324,6.5375302663438255,6.2953995157385,87.16707021791767,2.1791767554479415,84.98789346246973
E00000435,390,46,25,21,344,24,320,11.794871794871794,6.41025641025641,5.384615384615385,88.2051282051282,6.153846153846154,82.05128205128204
E00000436,376,29,16,13,347,11,336,7.712765957446808,4.25531914893617,3.4574468085106385,92.2872340425532,2.925531914893617,89.36170212765957
E00000437,421,42,22,20,379,6,373,9.97624703087886,5.225653206650831,4.750593824228028,90.02375296912113,1.4251781472684086,88.59857482185272
E00000438,460,51,13,38,409,16,393,11.08695652173913,2.8260869565217392,8.26086956521739,88.91304347826086,3.4782608695652173,85.43478260869564
E00000439,301,45,22,23,256,12,244,14.950166112956811,7.308970099667775,7.641196013289036,85.04983388704319,3.9867109634551494,81.06312292358804
E00000440,368,59,30,29,309,19,290,16.032608695652172,8.152173913043478,7.880434782608696,83.96739130434783,5.163043478260869,78.80434782608695
E00000441,392,65,40,25,327,20,307,16.581632653061224,10.204081632653061,6.377551020408164,83.41836734693877,5.1020408163265305,78.31632653061224
E00000442,299,46,26,20,253,11,242,15.384615384615385,8.695652173913043,6.688963210702341,84.61538461538461,3.678929765886288,80.93645484949833
E00000443,314,39,16,23,275,11,264,12.420382165605096,5.095541401273886,7.32484076433121,87.57961783439491,3.5031847133757963,84.07643312101911
E00000444,362,62,23,39,300,14,286,17.12707182320442,6.353591160220995,10.773480662983426,82.87292817679558,3.867403314917127,79.00552486187846
E00000445,409,70,32,38,339,13,326,17.114914425427873,7.823960880195599,9.290953545232274,82.88508557457213,3.1784841075794623,79.70660146699267
E00000446,375,44,20,24,331,5,326,11.733333333333333,5.333333333333334,6.4,88.26666666666667,1.3333333333333335,86.93333333333332
E00000447,239,37,14,23,202,4,198,15.481171548117153,5.857740585774058,9.623430962343097,84.51882845188284,1.6736401673640167,82.84518828451883
E00000448,315,49,24,25,266,15,251,15.555555555555555,7.6190476190476195,7.936507936507936,84.44444444444444,4.761904761904762,79.68253968253968
E00000449,386,44,20,24,342,8,334,11.398963730569948,5.181347150259067,6.217616580310881,88.60103626943005,2.072538860103627,86.52849740932642
E00000450,333,41,19,22,292,6,286,12.312312312312311,5.7057057057057055,6.606606606606606,87.68768768768768,1.8018018018018018,85.88588588588588
E00000451,448,57,28,29,391,7,384,12.723214285714285,6.25,6.4732142857142865,87.27678571428571,1.5625,85.71428571428571
E00000453,458,53,22,31,405,24,381,11.572052401746726,4.8034934497816595,6.768558951965066,88.42794759825327,5.240174672489083,83.1877729257642
E00000454,305,47,25,22,258,11,247,15.40983606557377,8.19672131147541,7.213114754098362,84.59016393442623,3.606557377049181,80.98360655737706
E00000455,573,36,12,24,537,19,518,6.282722513089005,2.094240837696335,4.18848167539267,93.717277486911,3.315881326352531,90.40139616055846
E00000456,424,70,44,26,354,8,346,16.50943396226415,10.377358490566039,6.132075471698113,83.49056603773585,1.8867924528301887,81.60377358490565
E00000457,499,33,17,16,466,21,445,6.613226452905812,3.406813627254509,3.2064128256513023,93.3867735470942,4.208416833667335,89.17835671342685
E00000461,356,55,27,28,301,14,287,15.44943820224719,7.584269662921349,7.865168539325842,84.5505617977528,3.932584269662921,80.6179775280899
E00000462,371,55,33,22,316,9,307,14.824797843665769,8.89487870619946,5.929919137466308,85.17520215633422,2.4258760107816713,82.74932614555256
E00000463,560,107,44,63,453,11,442,19.107142857142854,7.857142857142857,11.25,80.89285714285714,1.9642857142857142,78.92857142857143
E00000464,570,96,41,55,474,20,454,16.842105263157894,7.192982456140351,9.649122807017543,83.15789473684211,3.508771929824561,79.64912280701755
E00000465,424,83,44,39,341,10,331,19.57547169811321,10.377358490566039,9.19811320754717,80.4245283018868,2.358490566037736,78.06603773584906
E00000466,333,47,29,18,286,13,273,14.114114114114114,8.708708708708707,5.405405405405405,85.88588588588588,3.903903903903904,81.98198198198197
E00000467,384,71,38,33,313,27,286,18.489583333333336,9.895833333333332,8.59375,81.51041666666666,7.03125,74.47916666666666
E00000468,386,42,20,22,344,14,330,10.880829015544041,5.181347150259067,5.699481865284974,89.11917098445595,3.6269430051813467,85.49222797927462
E00000469,545,32,12,20,513,11,502,5.871559633027523,2.2018348623853212,3.669724770642202,94.12844036697248,2.0183486238532113,92.11009174311927
E00000470,458,59,33,26,399,22,377,12.882096069868995,7.20524017467249,5.676855895196507,87.117903930131,4.8034934497816595,82.31441048034934
E00000471,474,68,32,36,406,14,392,14.345991561181433,6.751054852320674,7.59493670886076,85.65400843881856,2.9535864978902953,82.70042194092827
E00000472,352,38,15,23,314,13,301,10.795454545454545,4.261363636363636,6.534090909090909,89.20454545454545,3.6931818181818183,85.51136363636364
E00000475,360,58,27,31,302,14,288,16.11111111111111,7.5,8.61111111111111,83.88888888888889,3.888888888888889,80
E00000476,367,40,23,17,327,9,318,10.899182561307901,6.267029972752043,4.632152588555858,89.10081743869209,2.452316076294278,86.64850136239782
E00000477,489,35,15,20,454,16,438,7.157464212678937,3.067484662576687,4.08997955010225,92.84253578732107,3.2719836400818,89.57055214723927
E00000478,408,47,24,23,361,13,348,11.519607843137255,5.88235294117647,5.637254901960785,88.48039215686273,3.1862745098039214,85.29411764705883
E00000479,425,37,17,20,388,20,368,8.705882352941176,4,4.705882352941177,91.29411764705883,4.705882352941177,86.58823529411764
E00000480,359,55,32,23,304,7,297,15.32033426183844,8.913649025069638,6.406685236768802,84.67966573816156,1.9498607242339834,82.72980501392759
E00000481,366,65,32,33,301,13,288,17.759562841530055,8.743169398907105,9.01639344262295,82.24043715846994,3.551912568306011,78.68852459016394
E00000482,397,43,16,27,354,18,336,10.831234256926953,4.030226700251889,6.801007556675064,89.16876574307305,4.534005037783375,84.63476070528966
E00000483,405,76,34,42,329,18,311,18.765432098765434,8.395061728395062,10.37037037037037,81.23456790123457,4.444444444444445,76.79012345679013
E00000484,427,54,26,28,373,16,357,12.646370023419204,6.0889929742388755,6.557377049180328,87.35362997658079,3.747072599531616,83.60655737704919
E00000485,440,53,29,24,387,20,367,12.045454545454545,6.59090909090909,5.454545454545454,87.95454545454545,4.545454545454546,83.4090909090909
E00000487,292,63,31,32,229,19,210,21.575342465753426,10.616438356164384,10.95890410958904,78.42465753424658,6.506849315068493,71.91780821917808
E00000488,406,59,26,33,347,17,330,14.532019704433496,6.403940886699508,8.12807881773399,85.4679802955665,4.1871921182266005,81.2807881773399
E00000489,498,68,34,34,430,18,412,13.654618473895583,6.827309236947792,6.827309236947792,86.34538152610442,3.614457831325301,82.73092369477911
E00000490,419,57,24,33,362,11,351,13.60381861575179,5.727923627684964,7.875894988066825,86.39618138424821,2.6252983293556085,83.7708830548926
E00000491,376,74,35,39,302,13,289,19.680851063829788,9.308510638297872,10.372340425531915,80.31914893617021,3.4574468085106385,76.86170212765957
E00000492,363,47,16,31,316,15,301,12.947658402203857,4.40771349862259,8.539944903581267,87.05234159779614,4.132231404958678,82.92011019283747
E00000493,393,53,24,29,340,7,333,13.486005089058525,6.106870229007633,7.37913486005089,86.51399491094148,1.7811704834605597,84.7328244274809
E00000494,455,66,34,32,389,18,371,14.505494505494507,7.472527472527473,7.032967032967033,85.49450549450549,3.9560439560439558,81.53846153846153
E00000495,364,54,24,30,310,11,299,14.835164835164836,6.593406593406594,8.241758241758241,85.16483516483517,3.021978021978022,82.14285714285714
E00000496,341,59,27,32,282,15,267,17.302052785923756,7.9178885630498534,9.3841642228739,82.69794721407625,4.398826979472141,78.2991202346041
E00000497,360,65,24,41,295,14,281,18.055555555555554,6.666666666666667,11.38888888888889,81.94444444444444,3.888888888888889,78.05555555555556
E00000498,319,49,20,29,270,21,249,15.360501567398119,6.269592476489027,9.090909090909092,84.63949843260188,6.583072100313479,78.0564263322884
E00000499,376,51,21,30,325,17,308,13.563829787234042,5.585106382978723,7.9787234042553195,86.43617021276596,4.521276595744681,81.91489361702128
E00000500,355,48,27,21,307,14,293,13.521126760563378,7.605633802816901,5.915492957746479,86.47887323943661,3.943661971830986,82.53521126760563
E00000501,256,50,25,25,206,14,192,19.53125,9.765625,9.765625,80.46875,5.46875,75
E00000502,345,55,27,28,290,17,273,15.942028985507244,7.82608695652174,8.115942028985506,84.05797101449275,4.9275362318840585,79.13043478260869
E00000503,329,41,19,22,288,14,274,12.462006079027356,5.775075987841945,6.68693009118541,87.53799392097264,4.25531914893617,83.28267477203647
E00000504,291,34,16,18,257,16,241,11.683848797250858,5.498281786941581,6.185567010309279,88.31615120274914,5.498281786941581,82.81786941580756
E00000505,402,43,22,21,359,7,352,10.696517412935323,5.472636815920398,5.223880597014925,89.30348258706468,1.7412935323383085,87.56218905472637
E00000506,470,88,60,28,382,16,366,18.72340425531915,12.76595744680851,5.957446808510639,81.27659574468085,3.404255319148936,77.87234042553192
E00000507,400,61,35,26,339,21,318,15.25,8.75,6.5,84.75,5.25,79.5
E00000508,331,46,22,24,285,18,267,13.897280966767372,6.646525679758309,7.250755287009064,86.10271903323263,5.438066465256798,80.66465256797582
E00000509,305,58,26,32,247,14,233,19.01639344262295,8.524590163934425,10.491803278688524,80.98360655737706,4.590163934426229,76.39344262295083
E00000510,377,74,43,31,303,17,286,19.628647214854112,11.405835543766578,8.222811671087534,80.37135278514589,4.509283819628647,75.86206896551724
E00000511,476,63,26,37,413,12,401,13.23529411764706,5.46218487394958,7.773109243697479,86.76470588235294,2.5210084033613445,84.24369747899159
E00000512,327,40,17,23,287,16,271,12.232415902140673,5.198776758409786,7.033639143730887,87.76758409785933,4.892966360856269,82.87461773700305
E00000513,381,51,20,31,330,17,313,13.385826771653544,5.2493438320209975,8.136482939632545,86.61417322834646,4.4619422572178475,82.1522309711286
E00000514,334,54,23,31,280,10,270,16.16766467065868,6.88622754491018,9.281437125748502,83.8323353293413,2.9940119760479043,80.83832335329342
E00000515,272,18,4,14,254,6,248,6.61764705882353,1.4705882352941175,5.147058823529411,93.38235294117648,2.2058823529411766,91.17647058823529
E00000516,294,54,20,34,240,8,232,18.367346938775512,6.802721088435375,11.564625850340136,81.63265306122449,2.7210884353741496,78.91156462585033
E00000517,337,47,27,20,290,13,277,13.94658753709199,8.011869436201781,5.934718100890208,86.05341246290801,3.857566765578635,82.19584569732937
E00000518,293,47,21,26,246,6,240,16.040955631399317,7.167235494880546,8.873720136518772,83.95904436860067,2.04778156996587,81.91126279863481
E00000519,338,70,23,47,268,11,257,20.710059171597635,6.8047337278106506,13.905325443786982,79.28994082840237,3.2544378698224854,76.03550295857988
E00000520,498,69,34,35,429,22,407,13.855421686746988,6.827309236947792,7.028112449799197,86.14457831325302,4.417670682730924,81.72690763052208
E00000521,388,55,32,23,333,12,321,14.175257731958762,8.24742268041237,5.927835051546391,85.82474226804123,3.0927835051546393,82.73195876288659
E00000522,251,29,14,15,222,6,216,11.553784860557768,5.577689243027888,5.9760956175298805,88.44621513944223,2.3904382470119523,86.05577689243027
E00000523,398,47,19,28,351,12,339,11.809045226130653,4.773869346733668,7.035175879396985,88.19095477386935,3.015075376884422,85.17587939698493
E00000524,364,59,29,30,305,16,289,16.208791208791208,7.967032967032966,8.241758241758241,83.79120879120879,4.395604395604396,79.3956043956044
E00000525,483,66,32,34,417,10,407,13.664596273291925,6.625258799171843,7.039337474120083,86.33540372670807,2.070393374741201,84.26501035196688
E00000526,424,57,22,35,367,15,352,13.443396226415095,5.188679245283019,8.254716981132075,86.55660377358491,3.5377358490566038,83.01886792452831
E00000527,414,79,52,27,335,12,323,19.082125603864732,12.560386473429952,6.521739130434782,80.91787439613528,2.898550724637681,78.01932367149759
E00000528,316,51,21,30,265,7,258,16.139240506329113,6.6455696202531636,9.49367088607595,83.86075949367088,2.2151898734177213,81.64556962025317
E00000529,206,29,19,10,177,0,177,14.077669902912621,9.223300970873787,4.854368932038835,85.92233009708737,0,85.92233009708737
E00000530,298,31,12,19,267,9,258,10.40268456375839,4.026845637583892,6.375838926174497,89.59731543624162,3.0201342281879198,86.57718120805369
E00000531,308,51,22,29,257,12,245,16.558441558441558,7.142857142857142,9.415584415584416,83.44155844155844,3.896103896103896,79.54545454545455
E00000532,404,60,24,36,344,10,334,14.85148514851485,5.9405940594059405,8.91089108910891,85.14851485148515,2.4752475247524752,82.67326732673267
E00000533,317,90,44,46,227,11,216,28.391167192429023,13.880126182965299,14.511041009463725,71.60883280757098,3.4700315457413247,68.13880126182966
E00000534,364,56,24,32,308,8,300,15.384615384615385,6.593406593406594,8.791208791208792,84.61538461538461,2.197802197802198,82.41758241758241
E00000535,342,45,24,21,297,12,285,13.157894736842104,7.017543859649122,6.140350877192982,86.8421052631579,3.508771929824561,83.33333333333334
E00000536,247,19,10,9,228,6,222,7.6923076923076925,4.048582995951417,3.643724696356275,92.3076923076923,2.42914979757085,89.87854251012146
E00000537,412,32,10,22,380,17,363,7.766990291262135,2.4271844660194173,5.339805825242718,92.23300970873787,4.12621359223301,88.10679611650485
E00000538,321,31,15,16,290,7,283,9.657320872274143,4.672897196261682,4.984423676012461,90.34267912772586,2.1806853582554515,88.1619937694704
E00000539,343,52,25,27,291,21,270,15.160349854227405,7.288629737609329,7.871720116618077,84.8396501457726,6.122448979591836,78.71720116618076
E00000540,313,37,13,24,276,18,258,11.821086261980831,4.15335463258786,7.667731629392971,88.17891373801918,5.7507987220447285,82.42811501597444
E00000541,356,32,13,19,324,8,316,8.98876404494382,3.651685393258427,5.337078651685393,91.01123595505618,2.247191011235955,88.76404494382022
E00000542,198,34,12,22,164,5,159,17.17171717171717,6.0606060606060606,11.11111111111111,82.82828282828282,2.525252525252525,80.3030303030303
E00000543,415,42,19,23,373,13,360,10.120481927710843,4.578313253012048,5.542168674698795,89.87951807228916,3.132530120481928,86.74698795180723
E00000544,488,58,29,29,430,14,416,11.885245901639344,5.942622950819672,5.942622950819672,88.11475409836066,2.8688524590163933,85.24590163934425
E00000545,343,42,26,16,301,11,290,12.244897959183673,7.580174927113703,4.664723032069971,87.75510204081633,3.206997084548105,84.54810495626822
E00000547,429,54,25,29,375,10,365,12.587412587412588,5.827505827505827,6.75990675990676,87.41258741258741,2.331002331002331,85.08158508158508
E00000548,488,49,20,29,439,9,430,10.040983606557377,4.098360655737705,5.942622950819672,89.95901639344262,1.8442622950819672,88.11475409836066
E00000549,285,28,10,18,257,16,241,9.824561403508772,3.508771929824561,6.315789473684211,90.17543859649123,5.614035087719298,84.56140350877193
E00000550,396,34,17,17,362,11,351,8.585858585858585,4.292929292929292,4.292929292929292,91.41414141414141,2.7777777777777777,88.63636363636364
E00000551,323,48,22,26,275,18,257,14.860681114551083,6.811145510835913,8.04953560371517,85.13931888544892,5.572755417956656,79.56656346749226
E00000552,414,25,5,20,389,26,363,6.038647342995169,1.2077294685990339,4.830917874396135,93.96135265700482,6.280193236714976,87.68115942028986
E00000553,497,37,15,22,460,11,449,7.44466800804829,3.0181086519114686,4.426559356136821,92.5553319919517,2.2132796780684103,90.3420523138833
E00000554,395,46,18,28,349,13,336,11.645569620253164,4.556962025316456,7.088607594936709,88.35443037974684,3.2911392405063293,85.0632911392405
E00000555,455,51,26,25,404,18,386,11.20879120879121,5.714285714285714,5.4945054945054945,88.79120879120879,3.9560439560439558,84.83516483516483
E00000556,436,40,18,22,396,14,382,9.174311926605505,4.128440366972478,5.045871559633028,90.82568807339449,3.211009174311927,87.61467889908256
E00000557,330,40,23,17,290,11,279,12.121212121212121,6.969696969696971,5.151515151515151,87.87878787878788,3.3333333333333335,84.54545454545455
E00000558,353,44,24,20,309,11,298,12.464589235127479,6.79886685552408,5.6657223796034,87.53541076487252,3.1161473087818696,84.41926345609065
E00000559,389,52,15,37,337,21,316,13.367609254498714,3.8560411311053984,9.511568123393316,86.63239074550128,5.3984575835475574,81.23393316195373
E00000560,370,44,19,25,326,13,313,11.891891891891893,5.135135135135135,6.756756756756757,88.10810810810811,3.5135135135135136,84.5945945945946
E00000561,374,51,18,33,323,24,299,13.636363636363635,4.81283422459893,8.823529411764707,86.36363636363636,6.417112299465241,79.94652406417111
E00000562,491,43,18,25,448,23,425,8.757637474541752,3.6659877800407332,5.091649694501019,91.24236252545825,4.684317718940937,86.55804480651732
E00000563,274,71,43,28,203,10,193,25.91240875912409,15.693430656934307,10.218978102189782,74.08759124087592,3.64963503649635,70.43795620437956
E00000564,338,30,13,17,308,12,296,8.875739644970414,3.8461538461538463,5.029585798816568,91.12426035502959,3.5502958579881656,87.57396449704143
E00000565,341,44,15,29,297,5,292,12.903225806451612,4.398826979472141,8.504398826979472,87.09677419354838,1.466275659824047,85.63049853372434
E00000566,451,36,20,16,415,18,397,7.982261640798225,4.434589800443459,3.5476718403547673,92.01773835920177,3.9911308203991127,88.02660753880266
E00000567,386,35,15,20,351,6,345,9.067357512953368,3.8860103626943006,5.181347150259067,90.93264248704664,1.5544041450777202,89.37823834196891
E00000568,436,40,17,23,396,16,380,9.174311926605505,3.89908256880734,5.275229357798166,90.82568807339449,3.669724770642202,87.1559633027523
E00000569,393,44,20,24,349,14,335,11.195928753180661,5.089058524173027,6.106870229007633,88.80407124681933,3.5623409669211195,85.24173027989822
E00000570,325,54,21,33,271,19,252,16.615384615384617,6.461538461538462,10.153846153846153,83.38461538461537,5.846153846153846,77.53846153846153
E00000571,438,44,14,30,394,16,378,10.045662100456621,3.1963470319634704,6.8493150684931505,89.95433789954338,3.65296803652968,86.3013698630137
E00000572,412,51,22,29,361,17,344,12.37864077669903,5.339805825242718,7.038834951456311,87.62135922330097,4.12621359223301,83.49514563106796
E00000573,520,53,20,33,467,21,446,10.192307692307692,3.8461538461538463,6.346153846153846,89.8076923076923,4.038461538461538,85.76923076923076
E00000574,310,42,20,22,268,13,255,13.548387096774196,6.451612903225806,7.096774193548387,86.45161290322581,4.193548387096775,82.25806451612904
E00000575,399,37,16,21,362,11,351,9.273182957393484,4.010025062656641,5.263157894736842,90.72681704260651,2.756892230576441,87.96992481203007
E00165805,285,17,5,12,268,8,260,5.964912280701754,1.7543859649122806,4.2105263157894735,94.03508771929825,2.807017543859649,91.22807017543859
E00175102,215,26,10,16,189,6,183,12.093023255813954,4.651162790697675,7.441860465116279,87.90697674418605,2.7906976744186047,85.11627906976744
E00175103,473,33,8,25,440,12,428,6.976744186046512,1.6913319238900635,5.2854122621564485,93.02325581395348,2.536997885835095,90.48625792811839
E00175104,365,42,20,22,323,11,312,11.506849315068493,5.47945205479452,6.027397260273973,88.4931506849315,3.0136986301369864,85.47945205479452
E00175105,558,22,13,9,536,31,505,3.942652329749104,2.3297491039426523,1.6129032258064515,96.05734767025089,5.555555555555555,90.50179211469535
E00175108,249,13,5,8,236,7,229,5.220883534136546,2.0080321285140563,3.2128514056224895,94.77911646586345,2.8112449799196786,91.96787148594377
E00175110,314,18,7,11,296,13,283,5.7324840764331215,2.229299363057325,3.5031847133757963,94.26751592356688,4.140127388535031,90.12738853503186
E00175113,269,17,7,10,252,7,245,6.319702602230483,2.6022304832713754,3.717472118959108,93.68029739776952,2.6022304832713754,91.07806691449815
E00175114,429,83,28,55,346,15,331,19.34731934731935,6.526806526806526,12.82051282051282,80.65268065268066,3.4965034965034967,77.15617715617715
E00175115,311,24,12,12,287,9,278,7.717041800643088,3.858520900321544,3.858520900321544,92.28295819935691,2.8938906752411575,89.38906752411575
E00175118,301,53,30,23,248,12,236,17.60797342192691,9.966777408637874,7.641196013289036,82.39202657807309,3.9867109634551494,78.40531561461795
E00175119,259,36,15,21,223,6,217,13.8996138996139,5.7915057915057915,8.108108108108109,86.10038610038609,2.3166023166023164,83.78378378378379
E00175120,205,3,0,3,202,11,191,1.4634146341463417,0,1.4634146341463417,98.53658536585365,5.365853658536586,93.17073170731707
E00175121,124,16,4,12,108,2,106,12.903225806451612,3.225806451612903,9.67741935483871,87.09677419354838,1.6129032258064515,85.48387096774194
E00175122,160,28,16,12,132,5,127,17.5,10,7.5,82.5,3.125,79.375
E00175123,171,39,19,20,132,8,124,22.807017543859647,11.11111111111111,11.695906432748536,77.19298245614034,4.678362573099415,72.51461988304094
E00185665,303,31,8,23,272,10,262,10.231023102310232,2.6402640264026402,7.590759075907591,89.76897689768977,3.3003300330033,86.46864686468648
E00185666,339,28,15,13,311,8,303,8.259587020648967,4.424778761061947,3.8348082595870205,91.74041297935102,2.359882005899705,89.38053097345133
E00185667,109,11,6,5,98,2,96,10.091743119266056,5.5045871559633035,4.587155963302752,89.90825688073394,1.834862385321101,88.07339449541286
E00185668,552,78,41,37,474,20,454,14.130434782608695,7.427536231884058,6.702898550724639,85.86956521739131,3.6231884057971016,82.2463768115942
E00185669,386,56,29,27,330,12,318,14.507772020725387,7.512953367875648,6.994818652849741,85.49222797927462,3.1088082901554404,82.38341968911918
E00185671,374,41,22,19,333,12,321,10.962566844919785,5.88235294117647,5.080213903743315,89.03743315508021,3.2085561497326207,85.828877005347593
E00185673,354,22,7,15,332,5,327,6.214689265536723,1.977401129943503,4.23728813559322,93.78531073446328,1.4124293785310735,92.37288135593221
E00185681,309,38,12,26,271,10,261,12.297734627831716,3.8834951456310676,8.414239482200648,87.70226537216828,3.2362459546925564,84.46601941747572
E00185682,543,50,28,22,493,18,475,9.208103130755065,5.156537753222836,4.051565377532229,90.79189686924494,3.314917127071823,87.47697974217311
E00185683,314,30,10,20,284,5,279,9.554140127388536,3.1847133757961785,6.369426751592357,90.44585987261146,1.5923566878980893,88.85350318471338
E00185686,200,15,6,9,185,0,185,7.5,3,4.5,92.5,0,92.5
E00185690,359,17,4,13,342,18,324,4.735376044568245,1.1142061281337048,3.6211699164345403,95.26462395543176,5.013927576601671,90.25069637883009
E00185694,517,47,20,27,470,13,457,9.090909090909092,3.8684719535783367,5.222437137330754,90.9090909090909,2.5145067698259185,88.39458413926499
E00185698,349,30,15,15,319,7,312,8.595988538681947,4.297994269340974,4.297994269340974,91.40401146131805,2.005730659025788,89.39828080229226
E00185700,616,50,29,21,566,13,553,8.116883116883116,4.707792207792208,3.4090909090909087,91.88311688311688,2.1103896103896105,89.77272727272727
E00185702,518,39,21,18,479,8,471,7.5289575289575295,4.054054054054054,3.474903474903475,92.47104247104248,1.5444015444015444,90.92664092664093
E00185706,346,40,20,20,306,9,297,11.560693641618498,5.780346820809249,5.780346820809249,88.4393063583815,2.601156069364162,85.83815028901735
E00185716,296,33,17,16,263,6,257,11.14864864864865,5.743243243243244,5.405405405405405,88.85135135135135,2.027027027027027,86.82432432432432
E00185718,444,40,22,18,404,15,389,9.00900900900901,4.954954954954955,4.054054054054054,90.990990990991,3.3783783783783785,87.61261261261262
E00185721,406,56,20,36,350,1,349,13.793103448275861,4.926108374384237,8.866995073891626,86.20689655172413,0.24630541871921183,85.96059113300493
E00185726,297,13,3,10,284,11,273,4.377104377104377,1.0101010101010102,3.3670033670033668,95.62289562289563,3.7037037037037033,91.91919191919192
E00185729,538,15,6,9,523,18,505,2.7881040892193307,1.1152416356877324,1.6728624535315983,97.21189591078067,3.3457249070631967,93.86617100371747
E00185732,545,24,7,17,521,11,510,4.4036697247706424,1.2844036697247707,3.1192660550458715,95.59633027522936,2.0183486238532113,93.57798165137615
E00185734,206,15,5,10,191,3,188,7.281553398058252,2.4271844660194173,4.854368932038835,92.71844660194175,1.4563106796116505,91.2621359223301
E00185745,182,16,9,7,166,1,165,8.791208791208792,4.945054945054945,3.8461538461538463,91.20879120879121,0.5494505494505495,90.65934065934066
E00185746,282,13,3,10,269,15,254,4.609929078014184,1.0638297872340425,3.546099290780142,95.39007092198581,5.319148936170213,90.0709219858156
E00185748,453,42,19,23,411,15,396,9.271523178807946,4.194260485651214,5.077262693156733,90.72847682119205,3.3112582781456954,87.41721854304636
E00185749,493,28,9,19,465,22,443,5.679513184584178,1.8255578093306288,3.8539553752535496,94.32048681541582,4.462474645030426,89.8580121703854
E00185750,462,37,22,15,425,7,418,8.008658008658008,4.761904761904762,3.2467532467532463,91.991341991342,1.5151515151515151,90.47619047619048
E00185752,359,34,14,20,325,12,313,9.47075208913649,3.8997214484679668,5.571030640668524,90.5292479108635,3.3426183844011144,87.1866295264624
E00185755,190,21,7,14,169,5,164,11.052631578947368,3.684210526315789,7.368421052631578,88.94736842105263,2.631578947368421,86.31578947368422
E00185765,313,23,7,16,290,14,276,7.348242811501597,2.2364217252396164,5.111821086261981,92.65175718849841,4.472843450479233,88.17891373801918
E00185770,424,10,1,9,414,24,390,2.358490566037736,0.2358490566037736,2.1226415094339623,97.64150943396226,5.660377358490567,91.98113207547169
E00185773,526,48,23,25,478,16,462,9.125475285171103,4.3726235741444865,4.752851711026616,90.8745247148289,3.041825095057034,87.83269961977186
E00185778,293,28,14,14,265,12,253,9.556313993174061,4.778156996587031,4.778156996587031,90.44368600682594,4.09556313993174,86.3481228668942
E00185779,149,2,1,1,147,2,145,1.342281879194631,0.6711409395973155,0.6711409395973155,98.65771812080537,1.342281879194631,97.31543624161074
E00185785,348,36,13,23,312,7,305,10.344827586206897,3.7356321839080464,6.609195402298851,89.65517241379311,2.0114942528735633,87.643678160919535
E00185789,478,50,26,24,428,22,406,10.460251046025103,5.439330543933055,5.02092050209205,89.5397489539749,4.602510460251046,84.93723849372385
E00185790,469,24,13,11,445,8,437,5.11727078891258,2.771855010660981,2.345415778251599,94.88272921108742,1.7057569296375266,93.17697228144989
E00185791,369,22,6,16,347,6,341,5.9620596205962055,1.6260162601626018,4.336043360433604,94.03794037940379,1.6260162601626018,92.41192411924119
E00185796,534,65,32,33,469,18,451,12.172284644194757,5.992509363295881,6.179775280898876,87.82771535580525,3.3707865168539324,84.45692883895131
E00185797,331,50,23,27,281,10,271,15.105740181268882,6.948640483383686,8.157099697885197,84.89425981873111,3.0211480362537766,81.87311178247734
E00185806,317,77,41,36,240,10,230,24.290220820189273,12.933753943217665,11.35646687697161,75.70977917981072,3.1545741324921135,72.55520504731862
E00185808,558,54,31,23,504,17,487,9.67741935483871,5.555555555555555,4.121863799283155,90.32258064516128,3.046594982078853,87.27598566308244
E00185812,271,21,9,12,250,8,242,7.7490774907749085,3.3210332103321036,4.428044280442804,92.25092250922509,2.952029520295203,89.2988929889299
E00185813,283,10,0,10,273,16,257,3.53356890459364,0,3.53356890459364,96.46643109540636,5.6537102473498235,90.81272084805654
E00185814,183,9,0,9,174,6,168,4.918032786885246,0,4.918032786885246,95.08196721311475,3.278688524590164,91.80327868852459
E00185816,207,6,0,6,201,12,189,2.898550724637681,0,2.898550724637681,97.10144927536231,5.797101449275362,91.30434782608695
E00185821,273,20,7,13,253,6,247,7.326007326007327,2.564102564102564,4.761904761904762,92.67399267399267,2.197802197802198,90.47619047619048
E00185822,499,45,20,25,454,19,435,9.01803607214429,4.008016032064128,5.01002004008016,90.98196392785572,3.807615230460922,87.17434869739479
E00185825,305,32,16,16,273,6,267,10.491803278688524,5.245901639344262,5.245901639344262,89.50819672131148,1.9672131147540985,87.54098360655738
E00185832,464,45,25,20,419,26,393,9.698275862068966,5.387931034482758,4.310344827586207,90.30172413793103,5.603448275862069,84.69827586206897
E00185834,415,36,19,17,379,9,370,8.674698795180722,4.578313253012048,4.096385542168675,91.32530120481928,2.1686746987951806,89.1566265060241
E00185837,261,25,14,11,236,9,227,9.578544061302683,5.363984674329502,4.21455938697318,90.42145593869732,3.4482758620689653,86.97318007662835
E00185838,341,41,15,26,300,7,293,12.023460410557185,4.398826979472141,7.624633431085044,87.97653958944281,2.0527859237536656,85.92375366568915
E00185842,126,20,9,11,106,6,100,15.873015873015872,7.142857142857142,8.73015873015873,84.12698412698413,4.761904761904762,79.36507936507937
