OA,ts0380001,ts0380002,ts0380003,ts0380004,ts0380005,ts0380006,ts0380007,ts0380002_PCT,ts0380003_PCT,ts0380004_PCT,ts0380005_PCT,ts0380006_PCT,ts0380007_PCT
E00051759,205,65,33,32,140,16,124,31.70731707317073,16.097560975609756,15.609756097560975,68.29268292682927,7.804878048780488,60.48780487804878
E00051760,254,49,18,31,205,23,182,19.291338582677163,7.086614173228346,12.204724409448819,80.70866141732283,9.05511811023622,71.65354330708661
E00051761,250,66,27,39,184,18,166,26.400000000000002,10.8,15.6,73.6,7.199999999999999,66.4
E00051762,323,44,11,33,279,27,252,13.622291021671826,3.4055727554179565,10.21671826625387,86.37770897832817,8.359133126934983,78.0185758513932
E00051763,311,50,32,18,261,20,241,16.077170418006432,10.289389067524116,5.787781350482315,83.92282958199357,6.430868167202572,77.491961414791
E00051764,328,55,18,37,273,25,248,16.76829268292683,5.487804878048781,11.28048780487805,83.23170731707317,7.621951219512195,75.60975609756098
E00051765,260,42,11,31,218,26,192,16.153846153846153,4.230769230769231,11.923076923076923,83.84615384615385,10,73.84615384615385
E00051766,353,45,15,30,308,34,274,12.747875354107649,4.2492917847025495,8.498583569405099,87.25212464589235,9.631728045325778,77.62039660056658
E00051767,284,53,16,37,231,25,206,18.661971830985916,5.633802816901409,13.028169014084506,81.33802816901408,8.80281690140845,72.53521126760563
E00051768,325,60,20,40,265,22,243,18.461538461538463,6.153846153846154,12.307692307692308,81.53846153846153,6.769230769230769,74.76923076923076
E00051769,260,78,42,36,182,18,164,30,16.153846153846153,13.846153846153847,70,6.923076923076923,63.07692307692307
E00051770,299,45,26,19,254,20,234,15.050167224080269,8.695652173913043,6.354515050167224,84.94983277591973,6.688963210702341,78.26086956521739
E00051771,437,57,22,35,380,17,363,13.043478260869565,5.034324942791762,8.009153318077804,86.95652173913044,3.8901601830663615,83.06636155606407
E00051772,432,72,28,44,360,26,334,16.666666666666664,6.481481481481481,10.185185185185185,83.33333333333334,6.018518518518518,77.31481481481481
E00051773,336,53,19,34,283,26,257,15.773809523809524,5.654761904761905,10.119047619047619,84.22619047619048,7.738095238095238,76.48809523809523
E00051774,307,68,29,39,239,13,226,22.149837133550488,9.446254071661238,12.703583061889251,77.85016286644951,4.234527687296417,73.61563517915309
E00051775,281,60,26,34,221,22,199,21.352313167259787,9.252669039145907,12.099644128113878,78.64768683274022,7.829181494661921,70.8185053380783
E00051776,270,49,24,25,221,17,204,18.14814814814815,8.88888888888889,9.25925925925926,81.85185185185185,6.296296296296296,75.55555555555556
E00051777,268,40,14,26,228,20,208,14.925373134328357,5.223880597014925,9.701492537313433,85.07462686567165,7.462686567164178,77.61194029850746
E00051778,315,54,17,37,261,31,230,17.142857142857142,5.396825396825397,11.746031746031745,82.85714285714286,9.841269841269842,73.01587301587301
E00051779,380,49,21,28,331,35,296,12.894736842105264,5.526315789473684,7.368421052631578,87.10526315789474,9.210526315789473,77.89473684210526
E00051780,316,51,26,25,265,31,234,16.139240506329113,8.227848101265822,7.9113924050632916,83.86075949367088,9.81012658227848,74.0506329113924
E00051781,367,91,46,45,276,23,253,24.795640326975477,12.534059945504087,12.26158038147139,75.20435967302453,6.267029972752043,68.93732970027247
E00051782,345,102,58,44,243,25,218,29.565217391304348,16.81159420289855,12.753623188405797,70.43478260869566,7.246376811594203,63.18840579710145
E00051783,236,46,13,33,190,12,178,19.491525423728813,5.508474576271186,13.983050847457626,80.50847457627118,5.084745762711865,75.42372881355932
E00051784,235,78,42,36,157,7,150,33.191489361702125,17.872340425531917,15.319148936170212,66.80851063829788,2.9787234042553195,63.829787234042556
E00051785,506,122,77,45,384,27,357,24.110671936758894,15.217391304347828,8.893280632411066,75.8893280632411,5.33596837944664,70.55335968379447
E00051786,290,64,23,41,226,19,207,22.06896551724138,7.931034482758621,14.13793103448276,77.93103448275862,6.551724137931035,71.37931034482759
E00051787,249,58,19,39,191,26,165,23.293172690763054,7.630522088353414,15.66265060240964,76.70682730923694,10.441767068273093,66.26506024096386
E00051788,241,52,23,29,189,17,172,21.57676348547718,9.54356846473029,12.033195020746888,78.42323651452283,7.053941908713693,71.36929460580913
E00051789,317,73,28,45,244,24,220,23.02839116719243,8.832807570977918,14.195583596214512,76.97160883280758,7.570977917981073,69.4006309148265
E00051791,274,48,21,27,226,17,209,17.51824817518248,7.664233576642336,9.854014598540147,82.48175182481752,6.204379562043796,76.27737226277372
E00051793,246,75,31,44,171,19,152,30.48780487804878,12.601626016260163,17.88617886178862,69.51219512195121,7.723577235772358,61.78861788617886
E00051794,114,39,21,18,75,10,65,34.21052631578947,18.421052631578945,15.789473684210526,65.78947368421053,8.771929824561402,57.01754385964912
E00051795,300,100,50,50,200,19,181,33.33333333333333,16.666666666666664,16.666666666666664,66.66666666666666,6.333333333333334,60.333333333333336
E00051796,310,60,25,35,250,14,236,19.35483870967742,8.064516129032258,11.29032258064516,80.64516129032258,4.516129032258064,76.12903225806451
E00051797,301,59,21,38,242,17,225,19.601328903654487,6.976744186046512,12.624584717607974,80.39867109634552,5.647840531561462,74.75083056478405
E00051798,286,51,19,32,235,28,207,17.832167832167833,6.643356643356643,11.188811188811188,82.16783216783216,9.79020979020979,72.37762237762237
E00051799,276,72,36,36,204,14,190,26.08695652173913,13.043478260869565,13.043478260869565,73.91304347826086,5.072463768115942,68.84057971014492
E00051800,290,52,25,27,238,14,224,17.93103448275862,8.620689655172415,9.310344827586208,82.06896551724138,4.827586206896552,77.24137931034483
E00051801,281,62,27,35,219,23,196,22.064056939501782,9.608540925266903,12.455516014234876,77.93594306049823,8.185053380782918,69.7508896797153
E00051802,511,107,30,77,404,31,373,20.939334637964773,5.870841487279844,15.068493150684931,79.06066536203522,6.066536203522505,72.99412915851272
E00051803,371,68,40,28,303,24,279,18.328840970350406,10.781671159029651,7.547169811320755,81.6711590296496,6.46900269541779,75.2021563342318
E00051804,272,51,19,32,221,17,204,18.75,6.985294117647059,11.76470588235294,81.25,6.25,75
E00051805,316,41,14,27,275,18,257,12.974683544303797,4.430379746835443,8.544303797468354,87.0253164556962,5.69620253164557,81.32911392405063
E00051806,248,64,34,30,184,14,170,25.806451612903224,13.709677419354838,12.096774193548388,74.19354838709677,5.64516129032258,68.54838709677419
E00051807,403,65,19,46,338,31,307,16.129032258064516,4.714640198511166,11.41439205955335,83.87096774193549,7.6923076923076925,76.1786600496278
E00051808,301,70,32,38,231,20,211,23.25581395348837,10.631229235880399,12.624584717607974,76.74418604651163,6.64451827242525,70.09966777408638
E00051809,255,64,25,39,191,20,171,25.098039215686274,9.803921568627452,15.294117647058824,74.90196078431373,7.8431372549019605,67.05882352941175
E00051810,276,50,22,28,226,19,207,18.115942028985508,7.971014492753622,10.144927536231885,81.88405797101449,6.884057971014493,75
E00051811,444,82,34,48,362,19,343,18.46846846846847,7.657657657657657,10.81081081081081,81.53153153153153,4.2792792792792795,77.25225225225225
E00051812,335,83,40,43,252,20,232,24.776119402985074,11.940298507462686,12.835820895522387,75.22388059701493,5.970149253731343,69.25373134328359
E00051813,288,64,29,35,224,13,211,22.22222222222222,10.069444444444445,12.152777777777777,77.77777777777779,4.513888888888888,73.26388888888889
E00051814,379,53,19,34,326,18,308,13.984168865435356,5.013192612137203,8.970976253298153,86.01583113456465,4.749340369393139,81.26649076517151
E00051815,432,71,34,37,361,25,336,16.435185185185187,7.87037037037037,8.564814814814815,83.56481481481481,5.787037037037037,77.77777777777779
E00051816,389,55,23,32,334,36,298,14.138817480719796,5.912596401028278,8.226221079691516,85.8611825192802,9.254498714652955,76.60668380462725
E00051817,301,64,28,36,237,15,222,21.262458471760798,9.30232558139535,11.960132890365449,78.7375415282392,4.983388704318937,73.75415282392026
E00051818,312,55,22,33,257,18,239,17.628205128205128,7.051282051282051,10.576923076923077,82.37179487179486,5.769230769230769,76.6025641025641
E00051819,324,74,24,50,250,20,230,22.839506172839506,7.4074074074074066,15.432098765432098,77.1604938271605,6.172839506172839,70.98765432098766
E00051820,321,72,37,35,249,21,228,22.429906542056074,11.526479750778815,10.903426791277258,77.57009345794393,6.5420560747663545,71.02803738317756
E00051821,352,69,19,50,283,23,260,19.602272727272727,5.3977272727272725,14.204545454545455,80.39772727272727,6.534090909090909,73.86363636363636
E00051822,322,57,20,37,265,23,242,17.70186335403727,6.211180124223603,11.490683229813664,82.29813664596274,7.142857142857142,75.15527950310559
E00051823,282,70,31,39,212,10,202,24.822695035460992,10.99290780141844,13.829787234042554,75.177304964539,3.546099290780142,71.63120567375887
E00051824,287,57,23,34,230,18,212,19.860627177700348,8.013937282229964,11.846689895470384,80.13937282229965,6.2717770034843205,73.86759581881533
E00051825,276,75,43,32,201,9,192,27.173913043478258,15.579710144927535,11.594202898550725,72.82608695652173,3.260869565217391,69.56521739130434
E00051826,288,57,16,41,231,16,215,19.791666666666664,5.555555555555555,14.23611111111111,80.20833333333334,5.555555555555555,74.65277777777779
E00051827,267,57,29,28,210,23,187,21.34831460674157,10.861423220973784,10.486891385767791,78.65168539325843,8.614232209737828,70.0374531835206
E00051828,323,76,33,43,247,26,221,23.52941176470588,10.21671826625387,13.312693498452013,76.47058823529412,8.04953560371517,68.42105263157895
E00051829,259,73,33,40,186,23,163,28.185328185328185,12.741312741312742,15.444015444015443,71.81467181467181,8.880308880308881,62.93436293436293
E00051830,314,64,25,39,250,21,229,20.382165605095544,7.961783439490445,12.420382165605096,79.61783439490446,6.687898089171974,72.92993630573248
E00051831,330,58,23,35,272,17,255,17.575757575757574,6.969696969696971,10.606060606060606,82.42424242424242,5.151515151515151,77.27272727272727
E00051832,288,52,19,33,236,31,205,18.055555555555554,6.597222222222222,11.458333333333332,81.94444444444444,10.76388888888889,71.18055555555556
E00051833,324,68,31,37,256,19,237,20.98765432098765,9.5679012345679,11.419753086419753,79.01234567901234,5.864197530864197,73.14814814814815
E00051834,272,56,22,34,216,19,197,20.588235294117645,8.088235294117647,12.5,79.41176470588235,6.985294117647059,72.42647058823529
E00051835,260,54,17,37,206,21,185,20.76923076923077,6.538461538461539,14.23076923076923,79.23076923076923,8.076923076923077,71.15384615384616
E00051836,274,56,26,30,218,17,201,20.437956204379564,9.48905109489051,10.948905109489052,79.56204379562044,6.204379562043796,73.35766423357664
E00051837,258,62,30,32,196,31,165,24.031007751937985,11.627906976744185,12.4031007751938,75.96899224806202,12.015503875968992,63.95348837209303
E00051838,277,41,16,25,236,21,215,14.801444043321299,5.776173285198556,9.025270758122744,85.1985559566787,7.581227436823104,77.6173285198556
E00051839,259,62,28,34,197,21,176,23.93822393822394,10.81081081081081,13.127413127413126,76.06177606177607,8.108108108108109,67.95366795366795
E00051840,277,48,20,28,229,19,210,17.328519855595665,7.2202166064981945,10.108303249097473,82.67148014440433,6.859205776173286,75.81227436823104
E00051841,319,63,24,39,256,21,235,19.74921630094044,7.523510971786834,12.225705329153605,80.25078369905955,6.583072100313479,73.66771159874608
E00051842,291,61,33,28,230,18,212,20.962199312714777,11.34020618556701,9.621993127147768,79.03780068728523,6.185567010309279,72.85223367697594
E00051843,313,58,27,31,255,12,243,18.53035143769968,8.626198083067091,9.904153354632587,81.46964856230032,3.8338658146964857,77.63578274760383
E00051844,359,56,34,22,303,13,290,15.598885793871867,9.47075208913649,6.128133704735376,84.40111420612814,3.6211699164345403,80.77994428969359
E00051845,404,54,25,29,350,14,336,13.366336633663368,6.188118811881188,7.1782178217821775,86.63366336633663,3.4653465346534658,83.16831683168317
E00051846,366,68,39,29,298,17,281,18.579234972677597,10.655737704918032,7.923497267759563,81.4207650273224,4.644808743169399,76.775956284153
E00051847,313,60,32,28,253,17,236,19.169329073482427,10.223642172523961,8.945686900958465,80.83067092651757,5.431309904153355,75.39936102236422
E00051848,338,61,21,40,277,18,259,18.04733727810651,6.21301775147929,11.834319526627219,81.95266272189349,5.325443786982249,76.62721893491124
E00051849,363,63,25,38,300,13,287,17.355371900826448,6.887052341597796,10.46831955922865,82.64462809917356,3.581267217630854,79.06336088154269
E00051850,496,80,37,43,416,26,390,16.129032258064516,7.459677419354839,8.669354838709678,83.87096774193549,5.241935483870968,78.62903225806451
E00051851,328,68,28,40,260,14,246,20.73170731707317,8.536585365853659,12.195121951219512,79.26829268292683,4.2682926829268295,75
E00051852,485,74,28,46,411,18,393,15.257731958762887,5.77319587628866,9.484536082474227,84.74226804123711,3.711340206185567,81.03092783505154
E00051853,485,70,33,37,415,17,398,14.432989690721648,6.804123711340206,7.628865979381444,85.56701030927834,3.5051546391752577,82.06185567010309
E00051854,576,68,30,38,508,22,486,11.805555555555555,5.208333333333334,6.597222222222222,88.19444444444444,3.8194444444444446,84.375
E00051855,252,49,22,27,203,9,194,19.444444444444446,8.73015873015873,10.714285714285714,80.55555555555556,3.571428571428571,76.98412698412699
E00051856,277,70,28,42,207,18,189,25.27075812274368,10.108303249097473,15.162454873646208,74.72924187725631,6.4981949458483745,68.23104693140795
E00051857,406,80,38,42,326,30,296,19.704433497536947,9.35960591133005,10.344827586206897,80.29556650246306,7.389162561576355,72.9064039408867
E00051858,277,57,29,28,220,13,207,20.577617328519857,10.469314079422382,10.108303249097473,79.42238267148014,4.693140794223827,74.72924187725631
E00051859,316,60,30,30,256,15,241,18.9873417721519,9.49367088607595,9.49367088607595,81.0126582278481,4.746835443037975,76.26582278481013
E00051860,318,60,24,36,258,23,235,18.867924528301888,7.547169811320755,11.320754716981133,81.13207547169812,7.232704402515723,73.89937106918238
E00051861,289,59,22,37,230,14,216,20.415224913494807,7.612456747404845,12.802768166089965,79.58477508650519,4.844290657439446,74.74048442906575
E00051862,364,79,33,46,285,16,269,21.703296703296704,9.065934065934066,12.637362637362637,78.2967032967033,4.395604395604396,73.9010989010989
E00051863,313,78,51,27,235,16,219,24.920127795527154,16.293929712460063,8.626198083067091,75.07987220447284,5.111821086261981,69.96805111821087
E00051864,289,73,38,35,216,15,201,25.259515570934255,13.148788927335639,12.110726643598616,74.74048442906575,5.190311418685121,69.55017301038062
E00051865,351,68,39,29,283,17,266,19.37321937321937,11.11111111111111,8.262108262108262,80.62678062678063,4.843304843304843,75.78347578347578
E00051866,517,89,51,38,428,15,413,17.2147001934236,9.864603481624759,7.35009671179884,82.7852998065764,2.9013539651837523,79.88394584139265
E00051867,415,123,67,56,292,22,270,29.63855421686747,16.14457831325301,13.493975903614459,70.36144578313252,5.301204819277109,65.06024096385542
E00051868,401,102,57,45,299,15,284,25.43640897755611,14.214463840399002,11.221945137157107,74.56359102244389,3.7406483790523692,70.82294264339151
E00051869,310,64,32,32,246,7,239,20.64516129032258,10.32258064516129,10.32258064516129,79.35483870967742,2.258064516129032,77.09677419354838
E00051870,333,58,27,31,275,16,259,17.417417417417415,8.108108108108109,9.30930930930931,82.58258258258259,4.804804804804805,77.77777777777779
E00051871,291,69,37,32,222,11,211,23.711340206185564,12.714776632302405,10.996563573883162,76.28865979381443,3.7800687285223367,72.5085910652921
E00051872,349,59,26,33,290,13,277,16.9054441260745,7.4498567335243555,9.455587392550143,83.0945558739255,3.7249283667621778,79.36962750716332
E00051873,392,83,33,50,309,14,295,21.1734693877551,8.418367346938775,12.755102040816327,78.8265306122449,3.571428571428571,75.25510204081633
E00051874,332,72,37,35,260,14,246,21.686746987951807,11.144578313253012,10.542168674698797,78.3132530120482,4.216867469879518,74.09638554216868
E00051875,339,47,14,33,292,33,259,13.864306784660767,4.129793510324483,9.734513274336283,86.13569321533923,9.734513274336283,76.40117994100295
E00051876,342,66,31,35,276,17,259,19.298245614035086,9.064327485380117,10.23391812865497,80.7017543859649,4.970760233918129,75.73099415204678
E00051877,346,67,34,33,279,23,256,19.36416184971098,9.826589595375722,9.53757225433526,80.63583815028902,6.6473988439306355,73.98843930635837
E00051878,383,53,30,23,330,17,313,13.838120104438643,7.83289817232376,6.005221932114883,86.16187989556136,4.43864229765013,81.72323759791122
E00051879,382,82,42,40,300,19,281,21.465968586387437,10.99476439790576,10.471204188481675,78.53403141361257,4.973821989528796,73.56020942408377
E00051880,330,93,35,58,237,12,225,28.18181818181818,10.606060606060606,17.575757575757574,71.81818181818181,3.6363636363636362,68.18181818181817
E00051881,285,77,40,37,208,14,194,27.017543859649123,14.035087719298245,12.982456140350877,72.98245614035088,4.912280701754386,68.0701754385965
E00051882,334,74,36,38,260,22,238,22.15568862275449,10.778443113772456,11.377245508982035,77.84431137724552,6.58682634730539,71.25748502994011
E00051883,349,78,41,37,271,15,256,22.349570200573066,11.74785100286533,10.601719197707736,77.65042979942693,4.297994269340974,73.35243553008596
E00051885,329,71,38,33,258,10,248,21.580547112462007,11.55015197568389,10.030395136778116,78.419452887538,3.0395136778115504,75.37993920972644
E00051886,274,69,30,39,205,15,190,25.18248175182482,10.948905109489052,14.233576642335766,74.81751824817519,5.474452554744526,69.34306569343066
E00051887,382,50,28,22,332,18,314,13.089005235602095,7.329842931937172,5.7591623036649215,86.91099476439791,4.712041884816754,82.19895287958116
E00051888,374,53,25,28,321,10,311,14.171122994652407,6.684491978609626,7.4866310160427805,85.828877005347593,2.6737967914438503,83.15508021390374
E00051889,295,75,36,39,220,20,200,25.423728813559322,12.203389830508476,13.220338983050848,74.57627118644068,6.779661016949152,67.79661016949152
E00051890,284,77,41,36,207,19,188,27.11267605633803,14.43661971830986,12.676056338028168,72.88732394366197,6.690140845070422,66.19718309859155
E00051891,312,72,40,32,240,16,224,23.076923076923077,12.82051282051282,10.256410256410255,76.92307692307693,5.128205128205128,71.7948717948718
E00051892,347,73,41,32,274,19,255,21.037463976945244,11.815561959654179,9.221902017291066,78.96253602305475,5.475504322766571,73.48703170028818
E00051893,351,62,25,37,289,26,263,17.663817663817664,7.122507122507122,10.541310541310542,82.33618233618233,7.4074074074074066,74.92877492877493
E00051894,391,75,34,41,316,23,293,19.18158567774936,8.695652173913043,10.485933503836318,80.81841432225065,5.88235294117647,74.93606138107417
E00051895,149,69,40,29,80,4,76,46.308724832214764,26.845637583892618,19.463087248322147,53.691275167785236,2.684563758389262,51.006711409395976
E00051896,316,70,38,32,246,27,219,22.151898734177212,12.025316455696203,10.126582278481013,77.84810126582279,8.544303797468354,69.30379746835443
E00051897,300,70,41,29,230,23,207,23.333333333333332,13.666666666666666,9.666666666666666,76.66666666666667,7.666666666666666,69
E00051898,373,109,57,52,264,15,249,29.2225201072386,15.281501340482572,13.941018766756033,70.77747989276139,4.021447721179625,66.75603217158177
E00051899,390,81,38,43,309,18,291,20.76923076923077,9.7435897435897445,11.025641025641026,79.23076923076923,4.615384615384616,74.61538461538461
E00051900,362,79,25,54,283,13,270,21.823204419889503,6.906077348066299,14.917127071823206,78.1767955801105,3.591160220994475,74.58563535911603
E00051902,336,66,34,32,270,17,253,19.642857142857142,10.119047619047619,9.523809523809524,80.35714285714286,5.059523809523809,75.29761904761905
E00051903,209,86,54,32,123,7,116,41.14832535885167,25.837320574162682,15.311004784688995,58.85167464114832,3.349282296650718,55.50239234449761
E00051904,166,49,25,24,117,12,105,29.518072289156628,15.060240963855422,14.457831325301203,70.48192771084338,7.228915662650602,63.25301204819277
E00051905,342,76,37,39,266,30,236,22.22222222222222,10.818713450292398,11.403508771929824,77.77777777777779,8.771929824561402,69.00584795321637
E00051906,399,83,47,36,316,15,301,20.80200501253133,11.779448621553884,9.022556390977442,79.19799498746866,3.7593984962406015,75.43859649122807
E00051908,319,72,41,31,247,8,239,22.570532915360502,12.852664576802509,9.717868338557993,77.4294670846395,2.507836990595611,74.92163009404389
E00051909,303,92,47,45,211,14,197,30.363036303630363,15.51155115511551,14.85148514851485,69.63696369636963,4.62046204620462,65.01650165016501
E00051910,284,78,36,42,206,16,190,27.464788732394368,12.676056338028168,14.788732394366196,72.53521126760563,5.633802816901409,66.90140845070422
E00051911,351,72,37,35,279,16,263,20.51282051282051,10.541310541310542,9.971509971509972,79.48717948717949,4.5584045584045585,74.92877492877493
E00051912,251,41,16,25,210,9,201,16.334661354581673,6.374501992031872,9.9601593625498,83.66533864541833,3.5856573705179287,80.0796812749004
E00051913,228,84,47,37,144,14,130,36.84210526315789,20.614035087719298,16.228070175438596,63.1578947368421,6.140350877192982,57.01754385964912
E00051914,419,60,33,27,359,14,345,14.319809069212411,7.875894988066825,6.443914081145586,85.68019093078759,3.341288782816229,82.33890214797135
E00051915,305,58,19,39,247,18,229,19.01639344262295,6.229508196721312,12.786885245901638,80.98360655737706,5.901639344262295,75.08196721311475
E00051916,370,51,22,29,319,20,299,13.783783783783784,5.9459459459459465,7.837837837837839,86.21621621621621,5.405405405405405,80.8108108108108
E00051917,367,57,31,26,310,9,301,15.531335149863759,8.446866485013624,7.084468664850137,84.46866485013625,2.452316076294278,82.01634877384197
E00051918,282,51,25,26,231,10,221,18.085106382978726,8.865248226950355,9.219858156028367,81.91489361702128,3.546099290780142,78.36879432624113
E00051919,440,67,26,41,373,24,349,15.227272727272728,5.909090909090909,9.318181818181818,84.77272727272728,5.454545454545454,79.31818181818183
E00051920,319,51,21,30,268,13,255,15.987460815047022,6.583072100313479,9.404388714733543,84.01253918495298,4.075235109717868,79.9373040752351
E00051921,299,58,24,34,241,11,230,19.39799331103679,8.02675585284281,11.37123745819398,80.60200668896321,3.678929765886288,76.92307692307693
E00051922,354,75,41,34,279,18,261,21.1864406779661,11.581920903954803,9.6045197740113,78.8135593220339,5.084745762711865,73.72881355932203
E00051923,345,37,17,20,308,11,297,10.72463768115942,4.9275362318840585,5.797101449275362,89.27536231884058,3.1884057971014492,86.08695652173914
E00051924,429,78,41,37,351,14,337,18.181818181818183,9.557109557109557,8.624708624708624,81.81818181818183,3.263403263403263,78.55477855477857
E00051925,388,67,32,35,321,9,312,17.2680412371134,8.24742268041237,9.02061855670103,82.73195876288659,2.3195876288659796,80.41237113402062
E00051926,365,48,22,26,317,9,308,13.150684931506849,6.027397260273973,7.123287671232877,86.84931506849315,2.4657534246575343,84.38356164383562
E00051927,536,93,46,47,443,19,424,17.350746268656717,8.582089552238806,8.768656716417912,82.6492537313433,3.544776119402985,79.1044776119403
E00051928,328,64,37,27,264,19,245,19.51219512195122,11.28048780487805,8.231707317073171,80.48780487804879,5.7926829268292686,74.6951219512195
E00051929,411,85,42,43,326,23,303,20.68126520681265,10.218978102189782,10.46228710462287,79.31873479318735,5.59610705596107,73.72262773722628
E00051930,344,64,26,38,280,32,248,18.6046511627907,7.55813953488372,11.046511627906977,81.3953488372093,9.30232558139535,72.09302325581395
E00051932,349,59,29,30,290,14,276,16.9054441260745,8.30945558739255,8.595988538681947,83.0945558739255,4.011461318051576,79.08309455587393
E00051933,234,84,49,35,150,12,138,35.8974358974359,20.94017094017094,14.957264957264957,64.1025641025641,5.128205128205128,58.97435897435898
E00051934,443,53,30,23,390,23,367,11.963882618510159,6.772009029345373,5.191873589164786,88.036117381489845,5.191873589164786,82.84424379232506
E00051935,344,57,22,35,287,17,270,16.569767441860463,6.395348837209303,10.174418604651162,83.43023255813954,4.941860465116279,78.48837209302324
E00051936,505,104,52,52,401,15,386,20.594059405940595,10.297029702970297,10.297029702970297,79.40594059405942,2.9702970297029703,76.43564356435644
E00051937,393,68,32,36,325,15,310,17.302798982188293,8.142493638676845,9.16030534351145,82.69720101781171,3.816793893129771,78.88040712468194
E00051938,401,64,38,26,337,21,316,15.96009975062344,9.476309226932669,6.483790523690773,84.03990024937656,5.236907730673317,78.80299251870323
E00051939,363,91,46,45,272,19,253,25.068870523415974,12.672176308539946,12.396694214876034,74.93112947658402,5.234159779614325,69.6969696969697
E00051940,393,59,32,27,334,17,317,15.012722646310433,8.142493638676845,6.870229007633588,84.98727735368958,4.325699745547073,80.6615776081425
E00051941,523,84,43,41,439,23,416,16.061185468451242,8.221797323135755,7.839388145315487,83.93881453154876,4.397705544933078,79.54110898661568
E00051942,441,84,39,45,357,13,344,19.047619047619047,8.843537414965986,10.204081632653061,80.95238095238095,2.947845804988662,78.00453514739229
E00051943,469,78,41,37,391,18,373,16.631130063965884,8.742004264392325,7.889125799573561,83.36886993603412,3.8379530916844353,79.53091684434968
E00051944,352,80,39,41,272,14,258,22.727272727272727,11.079545454545455,11.647727272727272,77.27272727272727,3.977272727272727,73.29545454545455
E00051947,357,66,36,30,291,16,275,18.487394957983195,10.084033613445378,8.403361344537815,81.5126050420168,4.481792717086835,77.03081232492998
E00051948,409,81,48,33,328,10,318,19.80440097799511,11.7359413202934,8.06845965770171,80.1955990220049,2.444987775061125,77.75061124694376
E00051949,333,67,31,36,266,11,255,20.12012012012012,9.30930930930931,10.81081081081081,79.87987987987988,3.303303303303303,76.57657657657657
E00051950,345,65,30,35,280,25,255,18.84057971014493,8.695652173913043,10.144927536231885,81.15942028985508,7.246376811594203,73.91304347826086
E00051951,308,71,36,35,237,17,220,23.051948051948052,11.688311688311687,11.363636363636363,76.94805194805194,5.51948051948052,71.42857142857143
E00051952,324,65,37,28,259,19,240,20.061728395061728,11.419753086419753,8.641975308641975,79.93827160493827,5.864197530864197,74.07407407407408
E00051954,283,55,28,27,228,21,207,19.434628975265017,9.89399293286219,9.540636042402827,80.56537102473497,7.420494699646643,73.14487632508833
E00051955,296,43,13,30,253,14,239,14.527027027027026,4.391891891891892,10.135135135135135,85.47297297297297,4.72972972972973,80.74324324324324
E00051956,333,59,28,31,274,15,259,17.71771771771772,8.408408408408409,9.30930930930931,82.28228228228228,4.504504504504505,77.77777777777779
E00051958,378,83,42,41,295,17,278,21.957671957671955,11.11111111111111,10.846560846560847,78.04232804232805,4.497354497354497,73.54497354497354
E00051959,344,81,40,41,263,22,241,23.546511627906977,11.627906976744185,11.918604651162791,76.45348837209302,6.395348837209303,70.05813953488372
E00051960,500,83,42,41,417,22,395,16.6,8.4,8.200000000000001,83.39999999999999,4.3999999999999995,79
E00051961,353,89,42,47,264,19,245,25.21246458923513,11.89801699716714,13.314447592067987,74.78753541076487,5.382436260623229,69.40509915014165
E00051962,322,86,44,42,236,14,222,26.70807453416149,13.664596273291925,13.043478260869565,73.29192546583852,4.3478260869565215,68.94409937888199
E00051963,338,76,33,43,262,15,247,22.485207100591715,9.763313609467456,12.721893491124261,77.51479289940828,4.437869822485207,73.07692307692307
E00051964,287,70,40,30,217,9,208,24.390243902439025,13.937282229965156,10.452961672473867,75.60975609756098,3.1358885017421603,72.47386759581882
E00051965,388,128,91,37,260,16,244,32.98969072164948,23.45360824742268,9.536082474226804,67.0103092783505,4.123711340206185,62.88659793814433
E00051966,338,68,39,29,270,13,257,20.118343195266274,11.538461538461538,8.579881656804734,79.88165680473372,3.8461538461538463,76.03550295857988
E00051967,302,78,24,54,224,14,210,25.82781456953642,7.9470198675496695,17.880794701986755,74.17218543046357,4.635761589403973,69.5364238410596
E00051968,350,68,30,38,282,20,262,19.428571428571427,8.571428571428571,10.857142857142858,80.57142857142857,5.714285714285714,74.85714285714286
E00051969,321,66,32,34,255,25,230,20.5607476635514,9.968847352024921,10.59190031152648,79.43925233644859,7.78816199376947,71.65109034267913
E00051970,278,104,49,55,174,12,162,37.410071942446045,17.62589928057554,19.784172661870503,62.589928057553955,4.316546762589928,58.27338129496403
E00051971,295,55,25,30,240,19,221,18.64406779661017,8.47457627118644,10.16949152542373,81.35593220338984,6.440677966101695,74.91525423728814
E00051972,293,68,36,32,225,13,212,23.208191126279864,12.286689419795222,10.921501706484642,76.79180887372013,4.436860068259386,72.35494880546075
E00051973,384,115,57,58,269,23,246,29.947916666666668,14.84375,15.104166666666666,70.05208333333334,5.989583333333334,64.0625
E00051974,385,76,40,36,309,22,287,19.74025974025974,10.38961038961039,9.35064935064935,80.25974025974027,5.714285714285714,74.54545454545455
E00051975,484,102,53,49,382,17,365,21.074380165289256,10.950413223140496,10.12396694214876,78.92561983471074,3.512396694214876,75.41322314049587
E00051976,294,71,38,33,223,17,206,24.149659863945576,12.925170068027212,11.224489795918368,75.85034013605441,5.782312925170068,70.06802721088435
E00051977,275,60,31,29,215,11,204,21.818181818181817,11.272727272727273,10.545454545454545,78.18181818181819,4,74.18181818181819
E00051978,309,77,37,40,232,18,214,24.919093851132686,11.974110032362459,12.944983818770226,75.08090614886731,5.825242718446602,69.25566343042071
E00051979,374,82,45,37,292,21,271,21.92513368983957,12.032085561497325,9.893048128342247,78.07486631016043,5.614973262032086,72.45989304812835
E00051980,239,54,23,31,185,25,160,22.594142259414227,9.623430962343097,12.97071129707113,77.40585774058577,10.460251046025103,66.94560669456067
E00051981,196,80,45,35,116,8,108,40.816326530612244,22.95918367346939,17.857142857142858,59.183673469387756,4.081632653061225,55.10204081632652
E00051982,328,67,23,44,261,23,238,20.426829268292682,7.01219512195122,13.414634146341465,79.57317073170732,7.01219512195122,72.5609756097561
E00051983,341,86,40,46,255,25,230,25.219941348973606,11.730205278592376,13.48973607038123,74.7800586510264,7.331378299120235,67.44868035190615
E00051984,273,63,25,38,210,20,190,23.076923076923077,9.157509157509157,13.91941391941392,76.92307692307693,7.326007326007327,69.59706959706959
E00051985,241,60,28,32,181,8,173,24.896265560165975,11.618257261410788,13.278008298755188,75.10373443983403,3.319502074688797,71.78423236514523
E00051986,290,76,40,36,214,10,204,26.20689655172414,13.793103448275861,12.413793103448276,73.79310344827587,3.4482758620689653,70.34482758620689
E00051987,337,72,37,35,265,18,247,21.364985163204746,10.979228486646884,10.385756676557865,78.63501483679525,5.341246290801187,73.29376854599407
E00051988,302,63,26,37,239,13,226,20.86092715231788,8.609271523178808,12.251655629139073,79.13907284768213,4.304635761589404,74.83443708609272
E00051989,372,69,38,31,303,21,282,18.548387096774192,10.21505376344086,8.333333333333332,81.45161290322581,5.64516129032258,75.80645161290323
E00051990,343,56,27,29,287,20,267,16.3265306122449,7.871720116618077,8.454810495626822,83.6734693877551,5.830903790087463,77.84256559766763
E00051991,315,56,33,23,259,22,237,17.77777777777778,10.476190476190476,7.301587301587302,82.22222222222221,6.984126984126984,75.23809523809524
E00051992,286,60,27,33,226,20,206,20.97902097902098,9.44055944055944,11.538461538461538,79.02097902097903,6.993006993006993,72.02797202797203
E00051993,271,83,46,37,188,16,172,30.627306273062732,16.974169741697416,13.653136531365314,69.37269372693727,5.904059040590406,63.46863468634686
E00051994,497,161,100,61,336,24,312,32.3943661971831,20.12072434607646,12.273641851106639,67.6056338028169,4.82897384305835,62.776659959758554
E00051995,290,72,37,35,218,11,207,24.82758620689655,12.758620689655173,12.068965517241379,75.17241379310344,3.793103448275862,71.37931034482759
E00051996,348,80,48,32,268,7,261,22.988505747126435,13.793103448275861,9.195402298850574,77.01149425287356,2.0114942528735633,75
E00051997,368,95,49,46,273,22,251,25.815217391304344,13.31521739130435,12.5,74.18478260869566,5.978260869565218,68.20652173913044
E00051998,357,77,45,32,280,20,260,21.568627450980394,12.605042016806722,8.96358543417367,78.43137254901961,5.602240896358544,72.82913165266106
E00051999,426,98,59,39,328,18,310,23.004694835680752,13.849765258215962,9.15492957746479,76.99530516431925,4.225352112676056,72.76995305164318
E00052000,303,68,43,25,235,13,222,22.442244224422442,14.19141914191419,8.25082508250825,77.55775577557755,4.29042904290429,73.26732673267327
E00052001,360,87,45,42,273,17,256,24.166666666666668,12.5,11.666666666666666,75.83333333333333,4.722222222222222,71.11111111111111
E00052002,374,79,51,28,295,23,272,21.12299465240642,13.636363636363635,7.4866310160427805,78.87700534759358,6.149732620320856,72.72727272727273
E00052003,326,52,20,32,274,20,254,15.950920245398773,6.134969325153374,9.815950920245399,84.04907975460122,6.134969325153374,77.91411042944786
E00052004,297,37,13,24,260,22,238,12.457912457912458,4.377104377104377,8.080808080808081,87.54208754208754,7.4074074074074066,80.13468013468014
E00052005,334,76,42,34,258,22,236,22.75449101796407,12.574850299401197,10.179640718562874,77.24550898203593,6.58682634730539,70.65868263473054
E00052006,407,152,86,66,255,15,240,37.34643734643734,21.13022113022113,16.216216216216218,62.65356265356266,3.6855036855036856,58.96805896805897
E00052008,390,92,46,46,298,20,278,23.589743589743588,11.794871794871794,11.794871794871794,76.41025641025641,5.128205128205128,71.28205128205128
E00052009,328,72,36,36,256,16,240,21.951219512195124,10.975609756097562,10.975609756097562,78.04878048780488,4.878048780487805,73.17073170731707
E00052010,192,41,19,22,151,8,143,21.354166666666664,9.895833333333332,11.458333333333332,78.64583333333334,4.166666666666666,74.47916666666666
E00052011,314,55,29,26,259,18,241,17.51592356687898,9.235668789808917,8.280254777070063,82.48407643312102,5.7324840764331215,76.75159235668791
E00052012,349,93,59,34,256,19,237,26.64756446991404,16.9054441260745,9.742120343839542,73.35243553008596,5.444126074498568,67.90830945558739
E00052013,277,58,27,31,219,12,207,20.938628158844764,9.747292418772563,11.191335740072201,79.06137184115524,4.332129963898916,74.72924187725631
E00052016,341,73,40,33,268,21,247,21.407624633431084,11.730205278592376,9.67741935483871,78.59237536656892,6.158357771260997,72.43401759530792
E00052017,228,53,35,18,175,12,163,23.24561403508772,15.350877192982457,7.894736842105263,76.75438596491229,5.263157894736842,71.49122807017544
E00052018,328,36,11,25,292,26,266,10.975609756097562,3.353658536585366,7.621951219512195,89.02439024390245,7.926829268292683,81.09756097560977
E00052019,296,39,13,26,257,28,229,13.175675675675674,4.391891891891892,8.783783783783784,86.82432432432432,9.45945945945946,77.36486486486487
E00052020,261,37,16,21,224,21,203,14.17624521072797,6.130268199233716,8.045977011494253,85.82375478927203,8.045977011494253,77.77777777777779
E00052021,279,37,9,28,242,21,221,13.261648745519713,3.225806451612903,10.03584229390681,86.73835125448028,7.526881720430108,79.21146953405018
E00052022,299,44,19,25,255,21,234,14.715719063545151,6.354515050167224,8.361204013377927,85.28428093645485,7.023411371237458,78.26086956521739
E00052023,221,45,18,27,176,14,162,20.361990950226243,8.144796380090497,12.217194570135746,79.63800904977376,6.334841628959276,73.303167420814475
E00052024,270,29,9,20,241,23,218,10.74074074074074,3.3333333333333335,7.4074074074074066,89.25925925925927,8.518518518518519,80.74074074074075
E00052025,210,43,12,31,167,9,158,20.476190476190474,5.714285714285714,14.761904761904763,79.52380952380952,4.285714285714286,75.23809523809524
E00052026,270,56,30,26,214,18,196,20.74074074074074,11.11111111111111,9.62962962962963,79.25925925925927,6.666666666666667,72.5925925925926
E00052027,309,67,31,36,242,21,221,21.68284789644013,10.032362459546926,11.650485436893204,78.31715210355988,6.796116504854369,71.52103559870551
E00052028,284,66,35,31,218,13,205,23.239436619718308,12.323943661971832,10.915492957746478,76.76056338028168,4.577464788732395,72.1830985915493
E00052029,306,77,39,38,229,12,217,25.163398692810457,12.745098039215685,12.418300653594772,74.83660130718954,3.9215686274509802,70.91503267973856
E00052030,311,71,40,31,240,25,215,22.829581993569132,12.861736334405144,9.967845659163988,77.17041800643086,8.038585209003216,69.13183279742765
E00052031,340,64,36,28,276,23,253,18.823529411764707,10.588235294117647,8.235294117647058,81.17647058823529,6.764705882352941,74.41176470588235
E00052032,352,62,30,32,290,11,279,17.613636363636363,8.522727272727272,9.090909090909092,82.38636363636364,3.125,79.26136363636364
E00052033,287,48,27,21,239,14,225,16.72473867595819,9.40766550522648,7.317073170731707,83.27526132404182,4.878048780487805,78.397212543554
E00052034,330,61,23,38,269,17,252,18.484848484848484,6.969696969696971,11.515151515151516,81.51515151515152,5.151515151515151,76.36363636363637
E00052035,324,76,39,37,248,16,232,23.456790123456788,12.037037037037036,11.419753086419753,76.5432098765432,4.938271604938271,71.60493827160494
E00052036,256,71,41,30,185,14,171,27.734375,16.015625,11.71875,72.265625,5.46875,66.796875
E00052037,324,78,38,40,246,10,236,24.074074074074073,11.728395061728394,12.345679012345679,75.92592592592592,3.0864197530864197,72.8395061728395
E00052038,288,69,30,39,219,20,199,23.958333333333336,10.416666666666668,13.541666666666666,76.04166666666666,6.944444444444445,69.09722222222221
E00052039,228,67,30,37,161,13,148,29.385964912280706,13.157894736842104,16.228070175438596,70.6140350877193,5.701754385964912,64.91228070175438
E00052040,301,77,38,39,224,18,206,25.581395348837212,12.624584717607974,12.956810631229235,74.4186046511628,5.980066445182724,68.43853820598007
E00052041,318,79,31,48,239,17,222,24.842767295597483,9.748427672955975,15.09433962264151,75.15723270440252,5.345911949685535,69.81132075471697
E00052042,182,63,26,37,119,10,109,34.61538461538461,14.285714285714285,20.32967032967033,65.38461538461539,5.4945054945054945,59.89010989010989
E00052043,378,85,46,39,293,22,271,22.486772486772484,12.16931216931217,10.317460317460316,77.5132275132275,5.82010582010582,71.6931216931217
E00052044,165,70,32,38,95,5,90,42.42424242424242,19.393939393939394,23.03030303030303,57.57575757575758,3.0303030303030303,54.54545454545454
E00052045,363,90,49,41,273,21,252,24.793388429752067,13.498622589531681,11.294765840220386,75.20661157024794,5.785123966942149,69.42148760330579
E00052046,310,68,27,41,242,17,225,21.935483870967744,8.709677419354838,13.225806451612904,78.06451612903226,5.483870967741936,72.58064516129032
E00052047,378,88,29,59,290,21,269,23.28042328042328,7.671957671957672,15.608465608465607,76.71957671957672,5.555555555555555,71.16402116402116
E00052048,282,66,33,33,216,16,200,23.404255319148938,11.702127659574469,11.702127659574469,76.59574468085107,5.673758865248227,70.92198581560284
E00052049,390,88,36,52,302,22,280,22.564102564102566,9.230769230769232,13.333333333333334,77.435897435897445,5.641025641025641,71.7948717948718
E00052050,402,87,50,37,315,22,293,21.641791044776117,12.437810945273633,9.203980099502488,78.35820895522389,5.472636815920398,72.88557213930348
E00052051,211,74,31,43,137,10,127,35.07109004739337,14.691943127962084,20.379146919431278,64.92890995260665,4.739336492890995,60.18957345971564
E00052052,314,85,36,49,229,16,213,27.070063694267514,11.464968152866243,15.605095541401273,72.92993630573248,5.095541401273886,67.83439490445859
E00052053,293,60,26,34,233,7,226,20.477815699658702,8.873720136518772,11.604095563139932,79.5221843003413,2.3890784982935154,77.13310580204778
E00052054,254,65,34,31,189,7,182,25.590551181102363,13.385826771653544,12.204724409448819,74.40944881889764,2.7559055118110236,71.65354330708661
E00052056,296,47,18,29,249,23,226,15.878378378378377,6.081081081081082,9.797297297297296,84.12162162162163,7.77027027027027,76.35135135135135
E00052057,216,106,47,59,110,7,103,49.074074074074076,21.75925925925926,27.314814814814813,50.92592592592593,3.2407407407407405,47.68518518518518
E00052058,410,45,14,31,365,29,336,10.975609756097562,3.414634146341464,7.560975609756097,89.02439024390245,7.073170731707316,81.95121951219512
E00052059,332,42,12,30,290,22,268,12.650602409638553,3.614457831325301,9.036144578313253,87.34939759036145,6.626506024096386,80.72289156626506
E00052062,356,41,16,25,315,37,278,11.51685393258427,4.49438202247191,7.02247191011236,88.48314606741573,10.393258426966293,78.08988764044943
E00052063,330,55,22,33,275,19,256,16.666666666666664,6.666666666666667,10,83.33333333333334,5.757575757575758,77.57575757575758
E00052064,307,43,23,20,264,32,232,14.006514657980457,7.491856677524431,6.514657980456026,85.99348534201955,10.423452768729643,75.57003257328991
E00052065,269,58,28,30,211,20,191,21.561338289962826,10.408921933085502,11.152416356877323,78.43866171003717,7.434944237918216,71.00371747211895
E00052066,312,66,28,38,246,26,220,21.153846153846153,8.974358974358974,12.179487179487179,78.84615384615384,8.333333333333332,70.51282051282051
E00052067,293,69,30,39,224,22,202,23.549488054607508,10.238907849829351,13.310580204778159,76.45051194539249,7.508532423208192,68.94197952218431
E00052068,352,61,19,42,291,22,269,17.329545454545457,5.3977272727272725,11.931818181818182,82.67045454545455,6.25,76.42045454545455
E00052069,319,62,24,38,257,26,231,19.435736677115987,7.523510971786834,11.912225705329153,80.56426332288402,8.150470219435736,72.41379310344827
E00052070,218,73,39,34,145,18,127,33.48623853211009,17.889908256880734,15.59633027522936,66.5137614678899,8.256880733944955,58.256880733944946
E00052071,306,72,36,36,234,13,221,23.52941176470588,11.76470588235294,11.76470588235294,76.47058823529412,4.248366013071895,72.22222222222221
E00052072,322,86,51,35,236,18,218,26.70807453416149,15.838509316770185,10.869565217391305,73.29192546583852,5.590062111801243,67.70186335403726
E00052073,367,100,40,60,267,28,239,27.247956403269757,10.899182561307901,16.348773841961854,72.75204359673025,7.629427792915531,65.12261580381471
E00052074,273,75,31,44,198,11,187,27.472527472527474,11.355311355311356,16.117216117216117,72.52747252747253,4.029304029304029,68.4981684981685
E00052075,308,68,29,39,240,19,221,22.07792207792208,9.415584415584416,12.662337662337661,77.92207792207793,6.1688311688311686,71.75324675324676
E00052076,344,113,60,53,231,12,219,32.848837209302324,17.441860465116278,15.406976744186046,67.15116279069767,3.488372093023256,63.662790697674424
E00052077,106,33,15,18,73,9,64,31.132075471698112,14.150943396226415,16.9811320754717,68.86792452830188,8.49056603773585,60.37735849056604
E00052078,243,45,8,37,198,15,183,18.51851851851852,3.292181069958848,15.22633744855967,81.48148148148148,6.172839506172839,75.30864197530865
E00052079,246,48,14,34,198,14,184,19.51219512195122,5.691056910569105,13.821138211382115,80.48780487804879,5.691056910569105,74.79674796747967
E00052080,264,66,33,33,198,21,177,25,12.5,12.5,75,7.954545454545454,67.04545454545455
E00052081,292,68,31,37,224,9,215,23.28767123287671,10.616438356164384,12.67123287671233,76.71232876712328,3.0821917808219177,73.63013698630137
E00052082,300,75,32,43,225,22,203,25,10.666666666666668,14.333333333333334,75,7.333333333333333,67.66666666666666
E00052083,261,64,28,36,197,12,185,24.521072796934863,10.727969348659004,13.793103448275861,75.47892720306514,4.597701149425287,70.88122605363985
E00052084,223,40,16,24,183,14,169,17.937219730941703,7.174887892376682,10.762331838565023,82.0627802690583,6.278026905829597,75.7847533632287
E00052085,303,93,36,57,210,23,187,30.693069306930692,11.881188118811881,18.81188118811881,69.3069306930693,7.590759075907591,61.71617161716172
E00052086,302,63,26,37,239,23,216,20.86092715231788,8.609271523178808,12.251655629139073,79.13907284768213,7.6158940397351,71.52317880794702
E00052087,298,64,25,39,234,13,221,21.476510067114095,8.389261744966444,13.087248322147651,78.52348993288591,4.3624161073825505,74.16107382550335
E00052088,297,69,27,42,228,16,212,23.232323232323232,9.090909090909092,14.14141414141414,76.76767676767676,5.387205387205387,71.38047138047138
E00052089,320,53,27,26,267,24,243,16.5625,8.4375,8.125,83.4375,7.5,75.9375
E00052090,361,73,43,30,288,17,271,20.221606648199447,11.911357340720222,8.310249307479225,79.77839335180056,4.7091412742382275,75.06925207756233
E00052091,285,67,28,39,218,24,194,23.50877192982456,9.824561403508772,13.684210526315791,76.49122807017544,8.421052631578947,68.0701754385965
E00052092,346,61,30,31,285,16,269,17.63005780346821,8.670520231213873,8.959537572254336,82.36994219653178,4.624277456647398,77.74566473988439
E00052093,301,80,28,52,221,15,206,26.578073089701,9.30232558139535,17.275747508305646,73.421926910299,4.983388704318937,68.43853820598007
E00052094,293,63,32,31,230,20,210,21.501706484641637,10.921501706484642,10.580204778156997,78.49829351535837,6.825938566552901,71.67235494880546
E00052095,415,125,60,65,290,19,271,30.120481927710845,14.457831325301203,15.66265060240964,69.87951807228916,4.578313253012048,65.3012048192771
E00052097,327,63,26,37,264,30,234,19.26605504587156,7.951070336391437,11.314984709480122,80.73394495412845,9.174311926605505,71.55963302752293
E00052098,331,67,29,38,264,13,251,20.241691842900302,8.761329305135952,11.48036253776435,79.7583081570997,3.927492447129909,75.83081570996978
E00052099,324,70,32,38,254,20,234,21.604938271604937,9.876543209876543,11.728395061728394,78.39506172839506,6.172839506172839,72.22222222222221
E00052100,236,72,33,39,164,11,153,30.508474576271187,13.983050847457626,16.52542372881356,69.49152542372882,4.661016949152542,64.83050847457628
E00052101,356,86,56,30,270,14,256,24.15730337078652,15.730337078651685,8.426966292134832,75.84269662921348,3.932584269662921,71.91011235955057
E00052102,404,102,43,59,302,30,272,25.247524752475247,10.643564356435643,14.603960396039604,74.75247524752476,7.425742574257425,67.32673267326733
E00052103,352,74,37,37,278,12,266,21.022727272727273,10.511363636363637,10.511363636363637,78.97727272727273,3.4090909090909087,75.56818181818183
E00052104,379,93,39,54,286,17,269,24.538258575197887,10.29023746701847,14.24802110817942,75.46174142480211,4.485488126649076,70.97625329815304
E00052106,439,78,32,46,361,25,336,17.76765375854214,7.289293849658314,10.478359908883828,82.23234624145786,5.694760820045558,76.5375854214123
E00052107,342,79,35,44,263,13,250,23.099415204678362,10.23391812865497,12.865497076023392,76.90058479532163,3.8011695906432745,73.09941520467837
E00052108,324,80,36,44,244,16,228,24.691358024691358,11.11111111111111,13.580246913580247,75.30864197530865,4.938271604938271,70.37037037037037
E00052110,315,59,23,36,256,15,241,18.73015873015873,7.301587301587302,11.428571428571429,81.26984126984127,4.761904761904762,76.5079365079365
E00052111,328,76,35,41,252,10,242,23.170731707317074,10.670731707317072,12.5,76.82926829268293,3.048780487804878,73.78048780487805
E00052112,349,94,44,50,255,20,235,26.93409742120344,12.607449856733524,14.326647564469914,73.06590257879655,5.730659025787966,67.3352435530086
E00052113,373,82,41,41,291,16,275,21.983914209115284,10.991957104557642,10.991957104557642,78.01608579088472,4.289544235924933,73.7265415549598
E00052114,455,97,37,60,358,24,334,21.318681318681318,8.131868131868131,13.186813186813188,78.68131868131869,5.274725274725275,73.4065934065934
E00052115,343,84,41,43,259,23,236,24.489795918367346,11.9533527696793,12.536443148688047,75.51020408163265,6.705539358600583,68.80466472303208
E00052116,311,81,42,39,230,13,217,26.04501607717042,13.504823151125404,12.540192926045016,73.95498392282958,4.180064308681672,69.77491961414792
E00052117,536,91,40,51,445,33,412,16.977611940298505,7.462686567164178,9.514925373134329,83.02238805970148,6.156716417910448,76.86567164179104
E00052118,309,59,29,30,250,14,236,19.093851132686083,9.385113268608414,9.70873786407767,80.90614886731392,4.53074433656958,76.37540453074433
E00052121,371,64,29,35,307,9,298,17.25067385444744,7.816711590296496,9.433962264150944,82.74932614555256,2.4258760107816713,80.3234501347709
E00052122,335,82,38,44,253,12,241,24.47761194029851,11.343283582089553,13.134328358208954,75.5223880597015,3.582089552238806,71.94029850746269
E00052123,390,87,41,46,303,16,287,22.30769230769231,10.512820512820513,11.794871794871794,77.6923076923077,4.102564102564102,73.58974358974359
E00052124,385,74,38,36,311,12,299,19.22077922077922,9.87012987012987,9.35064935064935,80.77922077922078,3.116883116883117,77.66233766233766
E00052125,283,60,25,35,223,5,218,21.20141342756184,8.8339222614841,12.36749116607774,78.79858657243817,1.76678445229682,77.03180212014135
E00052127,283,82,36,46,201,14,187,28.975265017667844,12.7208480565371,16.25441696113074,71.02473498233216,4.946996466431095,66.07773851590106
E00052129,186,55,29,26,131,7,124,29.56989247311828,15.591397849462366,13.978494623655912,70.43010752688173,3.763440860215054,66.66666666666666
E00052131,288,57,23,34,231,20,211,19.791666666666664,7.986111111111111,11.805555555555555,80.20833333333334,6.944444444444445,73.26388888888889
E00052132,346,66,35,31,280,18,262,19.07514450867052,10.115606936416185,8.959537572254336,80.92485549132948,5.202312138728324,75.72254335260115
E00052134,431,115,67,48,316,21,295,26.68213457076566,15.54524361948956,11.1368909512761,73.31786542923435,4.872389791183294,68.44547563805105
E00052135,283,78,37,41,205,17,188,27.56183745583039,13.074204946996467,14.487632508833922,72.43816254416961,6.007067137809187,66.43109540636041
E00052136,366,69,37,32,297,23,274,18.852459016393443,10.10928961748634,8.743169398907105,81.14754098360656,6.284153005464481,74.86338797814209
E00052137,369,42,21,21,327,26,301,11.38211382113821,5.691056910569105,5.691056910569105,88.6178861788618,7.046070460704606,81.57181571815718
E00052138,316,61,23,38,255,29,226,19.303797468354432,7.2784810126582276,12.025316455696203,80.69620253164557,9.177215189873419,71.51898734177216
E00052139,343,46,14,32,297,30,267,13.411078717201166,4.081632653061225,9.329446064139942,86.58892128279884,8.746355685131196,77.84256559766763
E00052140,252,60,21,39,192,15,177,23.809523809523807,8.333333333333332,15.476190476190476,76.19047619047619,5.952380952380952,70.23809523809523
E00052141,347,69,27,42,278,30,248,19.88472622478386,7.780979827089338,12.103746397694524,80.11527377521614,8.645533141210375,71.46974063400576
E00052142,269,81,37,44,188,11,177,30.111524163568777,13.754646840148698,16.356877323420075,69.88847583643123,4.089219330855019,65.79925650557621
E00052143,408,81,36,45,327,29,298,19.852941176470587,8.823529411764707,11.029411764705882,80.14705882352942,7.107843137254902,73.0392156862745
E00052144,461,113,50,63,348,32,316,24.5119305856833,10.84598698481562,13.665943600867678,75.48806941431671,6.941431670281996,68.54663774403471
E00052145,383,96,66,30,287,20,267,25.06527415143603,17.232375979112273,7.83289817232376,74.93472584856397,5.221932114882506,69.71279373368147
E00052146,583,84,34,50,499,31,468,14.408233276157805,5.831903945111493,8.576329331046312,85.5917667238422,5.317324185248713,80.27444253859348
E00052147,302,58,19,39,244,14,230,19.205298013245034,6.291390728476822,12.91390728476821,80.79470198675497,4.635761589403973,76.15894039735099
E00052148,273,40,21,19,233,24,209,14.652014652014653,7.6923076923076925,6.95970695970696,85.34798534798534,8.791208791208792,76.55677655677655
E00052149,261,56,33,23,205,18,187,21.455938697318008,12.643678160919542,8.812260536398467,78.544061302682,6.896551724137931,71.64750957854406
E00052150,314,71,27,44,243,19,224,22.611464968152866,8.598726114649681,14.012738853503185,77.38853503184714,6.050955414012739,71.3375796178344
E00052151,400,65,27,38,335,40,295,16.25,6.75,9.5,83.75,10,73.75
E00052152,345,68,28,40,277,18,259,19.710144927536234,8.115942028985506,11.594202898550725,80.28985507246377,5.217391304347826,75.07246376811594
E00052153,356,84,44,40,272,21,251,23.595505617977526,12.359550561797752,11.235955056179774,76.40449438202246,5.8988764044943816,70.50561797752809
E00052154,311,77,42,35,234,13,221,24.758842443729904,13.504823151125404,11.254019292604502,75.2411575562701,4.180064308681672,71.06109324758843
E00052155,281,86,40,46,195,18,177,30.604982206405694,14.23487544483986,16.370106761565836,69.3950177935943,6.405693950177936,62.989323843416365
E00052156,317,54,18,36,263,30,233,17.034700315457414,5.678233438485805,11.35646687697161,82.96529968454259,9.46372239747634,73.50157728706624
E00052157,346,77,28,49,269,17,252,22.254335260115607,8.092485549132949,14.16184971098266,77.74566473988439,4.913294797687861,72.83236994219652
E00052159,270,43,25,18,227,11,216,15.925925925925927,9.25925925925926,6.666666666666667,84.07407407407408,4.074074074074074,80
E00052161,281,83,39,44,198,12,186,29.537366548042705,13.87900355871886,15.658362989323843,70.46263345195729,4.270462633451958,66.19217081850533
E00052162,246,71,42,29,175,16,159,28.86178861788618,17.073170731707318,11.788617886178862,71.13821138211382,6.504065040650407,64.63414634146342
E00052163,306,51,20,31,255,16,239,16.666666666666664,6.535947712418301,10.130718954248366,83.33333333333334,5.228758169934641,78.10457516339869
E00052164,256,63,35,28,193,11,182,24.609375,13.671875,10.9375,75.390625,4.296875,71.09375
E00052165,378,81,44,37,297,22,275,21.428571428571427,11.64021164021164,9.788359788359788,78.57142857142857,5.82010582010582,72.75132275132276
E00052166,298,50,22,28,248,21,227,16.778523489932887,7.38255033557047,9.395973154362416,83.22147651006712,7.046979865771812,76.1744966442953
E00052167,289,51,26,25,238,17,221,17.647058823529413,8.996539792387544,8.650519031141869,82.35294117647058,5.88235294117647,76.47058823529412
E00052168,463,73,29,44,390,37,353,15.766738660907128,6.263498920086392,9.503239740820735,84.23326133909286,7.991360691144708,76.24190064794817
E00052169,328,54,26,28,274,24,250,16.463414634146343,7.926829268292683,8.536585365853659,83.53658536585365,7.317073170731707,76.21951219512195
E00052170,286,76,28,48,210,27,183,26.573426573426573,9.79020979020979,16.783216783216783,73.42657342657343,9.44055944055944,63.98601398601399
E00052171,349,95,46,49,254,30,224,27.22063037249284,13.18051575931232,14.040114613180515,72.77936962750717,8.595988538681947,64.18338108882521
E00052172,284,78,35,43,206,25,181,27.464788732394368,12.323943661971832,15.140845070422534,72.53521126760563,8.80281690140845,63.732394366197184
E00052173,241,75,36,39,166,17,149,31.12033195020747,14.937759336099585,16.182572614107883,68.87966804979253,7.053941908713693,61.82572614107884
E00052174,482,65,26,39,417,32,385,13.485477178423237,5.394190871369295,8.091286307053942,86.51452282157676,6.639004149377594,79.87551867219918
E00052175,278,53,19,34,225,18,207,19.06474820143885,6.83453237410072,12.23021582733813,80.93525179856115,6.474820143884892,74.46043165467626
E00052176,273,69,28,41,204,11,193,25.274725274725274,10.256410256410255,15.018315018315018,74.72527472527473,4.029304029304029,70.6959706959707
E00052177,325,60,28,32,265,17,248,18.461538461538463,8.615384615384615,9.846153846153847,81.53846153846153,5.230769230769231,76.3076923076923
E00052178,274,42,16,26,232,18,214,15.328467153284672,5.839416058394161,9.48905109489051,84.67153284671532,6.569343065693431,78.1021897810219
E00052179,306,53,18,35,253,22,231,17.320261437908496,5.88235294117647,11.437908496732026,82.6797385620915,7.18954248366013,75.49019607843137
E00052180,407,51,32,19,356,13,343,12.530712530712531,7.862407862407863,4.668304668304668,87.46928746928747,3.194103194103194,84.27518427518427
E00052181,242,35,18,17,207,18,189,14.46280991735537,7.43801652892562,7.024793388429752,85.53719008264463,7.43801652892562,78.099173553719
E00052182,337,45,20,25,292,13,279,13.353115727002967,5.934718100890208,7.418397626112759,86.64688427299704,3.857566765578635,82.7893175074184
E00052183,315,65,36,29,250,11,239,20.634920634920633,11.428571428571429,9.206349206349207,79.36507936507937,3.492063492063492,75.87301587301587
E00052184,374,70,33,37,304,25,279,18.71657754010695,8.823529411764707,9.893048128342247,81.28342245989305,6.684491978609626,74.59893048128342
E00052185,306,45,19,26,261,14,247,14.705882352941178,6.209150326797386,8.49673202614379,85.29411764705883,4.57516339869281,80.71895424836602
E00052186,377,60,25,35,317,22,295,15.915119363395224,6.631299734748011,9.283819628647215,84.08488063660478,5.835543766578249,78.24933687002653
E00052187,313,49,27,22,264,22,242,15.654952076677317,8.626198083067091,7.0287539936102235,84.34504792332268,7.0287539936102235,77.31629392971246
E00052188,381,49,16,33,332,22,310,12.860892388451445,4.199475065616798,8.661417322834646,87.13910761154857,5.774278215223097,81.36482939632546
E00052189,167,37,13,24,130,12,118,22.15568862275449,7.784431137724551,14.37125748502994,77.84431137724552,7.18562874251497,70.65868263473054
E00052190,294,47,17,30,247,21,226,15.98639455782313,5.782312925170068,10.204081632653061,84.01360544217688,7.142857142857142,76.87074829931973
E00052191,314,54,23,31,260,11,249,17.197452229299362,7.32484076433121,9.872611464968154,82.80254777070064,3.5031847133757963,79.29936305732484
E00052192,379,59,25,34,320,24,296,15.567282321899736,6.596306068601583,8.970976253298153,84.43271767810026,6.33245382585752,78.10026385224275
E00052193,399,62,29,33,337,21,316,15.538847117794486,7.268170426065162,8.270676691729323,84.46115288220551,5.263157894736842,79.19799498746866
E00052194,435,53,21,32,382,23,359,12.183908045977011,4.827586206896552,7.35632183908046,87.816091954023,5.287356321839081,82.5287356321839
E00052195,303,49,20,29,254,20,234,16.17161716171617,6.6006600660066,9.570957095709572,83.82838283828383,6.6006600660066,77.22772277227723
E00052196,318,50,25,25,268,16,252,15.723270440251572,7.861635220125786,7.861635220125786,84.27672955974843,5.031446540880504,79.24528301886792
E00052197,300,44,20,24,256,19,237,14.666666666666666,6.666666666666667,8,85.33333333333334,6.333333333333334,79
E00052198,339,47,14,33,292,21,271,13.864306784660767,4.129793510324483,9.734513274336283,86.13569321533923,6.1946902654867255,79.9410029498525
E00052199,399,61,23,38,338,22,316,15.288220551378446,5.764411027568922,9.523809523809524,84.71177944862156,5.513784461152882,79.19799498746866
E00052200,388,37,20,17,351,17,334,9.536082474226804,5.154639175257731,4.381443298969072,90.4639175257732,4.381443298969072,86.08247422680412
E00052201,332,47,18,29,285,30,255,14.156626506024098,5.421686746987952,8.734939759036145,85.8433734939759,9.036144578313253,76.80722891566265
E00052202,335,57,24,33,278,11,267,17.01492537313433,7.164179104477612,9.850746268656717,82.98507462686567,3.2835820895522385,79.70149253731343
E00052203,360,59,25,34,301,25,276,16.38888888888889,6.944444444444445,9.444444444444445,83.61111111111111,6.944444444444445,76.66666666666667
E00052204,414,40,17,23,374,16,358,9.66183574879227,4.1062801932367154,5.555555555555555,90.33816425120773,3.864734299516908,86.47342995169082
E00052205,474,60,21,39,414,22,392,12.658227848101266,4.430379746835443,8.227848101265822,87.34177215189874,4.641350210970464,82.70042194092827
E00052206,342,63,29,34,279,25,254,18.421052631578945,8.47953216374269,9.941520467836257,81.57894736842105,7.309941520467836,74.26900584795322
E00052207,222,35,14,21,187,12,175,15.765765765765765,6.306306306306306,9.45945945945946,84.23423423423422,5.405405405405405,78.82882882882883
E00052208,376,40,21,19,336,20,316,10.638297872340425,5.585106382978723,5.053191489361701,89.36170212765957,5.319148936170213,84.04255319148936
E00052209,310,61,22,39,249,27,222,19.67741935483871,7.096774193548387,12.580645161290322,80.3225806451613,8.709677419354838,71.61290322580646
E00052210,341,48,22,26,293,22,271,14.076246334310852,6.451612903225806,7.624633431085044,85.92375366568915,6.451612903225806,79.47214076246334
E00052211,450,60,18,42,390,32,358,13.333333333333334,4,9.333333333333334,86.66666666666667,7.111111111111111,79.55555555555556
E00052212,351,46,16,30,305,23,282,13.105413105413104,4.5584045584045585,8.547008547008547,86.8945868945869,6.552706552706552,80.34188034188034
E00052213,407,66,32,34,341,22,319,16.216216216216218,7.862407862407863,8.353808353808354,83.78378378378379,5.405405405405405,78.37837837837837
E00052214,475,75,30,45,400,21,379,15.789473684210526,6.315789473684211,9.473684210526317,84.21052631578947,4.421052631578947,79.78947368421052
E00052215,339,61,31,30,278,10,268,17.99410029498525,9.144542772861357,8.849557522123893,82.00589970501476,2.949852507374631,79.05604719764013
E00052216,342,51,16,35,291,23,268,14.912280701754385,4.678362573099415,10.23391812865497,85.08771929824562,6.725146198830409,78.3625730994152
E00052217,322,46,18,28,276,18,258,14.285714285714285,5.590062111801243,8.695652173913043,85.71428571428571,5.590062111801243,80.12422360248446
E00052218,467,60,32,28,407,30,377,12.84796573875803,6.852248394004283,5.995717344753747,87.15203426124198,6.423982869379015,80.72805139186295
E00052219,453,62,31,31,391,26,365,13.686534216335541,6.843267108167771,6.843267108167771,86.313465783664455,5.739514348785872,80.5739514348786
E00052220,355,56,15,41,299,14,285,15.774647887323944,4.225352112676056,11.549295774647888,84.22535211267605,3.943661971830986,80.28169014084507
E00052221,310,52,19,33,258,13,245,16.7741935483871,6.129032258064516,10.64516129032258,83.22580645161291,4.193548387096775,79.03225806451613
E00052222,414,61,30,31,353,12,341,14.734299516908212,7.246376811594203,7.487922705314009,85.26570048309179,2.898550724637681,82.3671497584541
E00052223,499,65,32,33,434,6,428,13.026052104208416,6.4128256513026045,6.613226452905812,86.97394789579158,1.2024048096192386,85.77154308617234
E00052224,386,55,29,26,331,23,308,14.248704663212436,7.512953367875648,6.7357512953367875,85.75129533678756,5.958549222797927,79.79274611398964
E00052225,341,57,19,38,284,18,266,16.715542521994134,5.571847507331378,11.143695014662756,83.28445747800586,5.278592375366569,78.00586510263929
E00052226,391,78,39,39,313,15,298,19.948849104859335,9.974424552429667,9.974424552429667,80.05115089514067,3.8363171355498724,76.21483375959079
E00052227,254,61,26,35,193,5,188,24.015748031496063,10.236220472440944,13.779527559055119,75.98425196850394,1.968503937007874,74.01574803149606
E00052228,441,43,21,22,398,12,386,9.750566893424036,4.761904761904762,4.988662131519274,90.24943310657596,2.7210884353741496,87.52834467120182
E00052229,399,66,33,33,333,6,327,16.541353383458645,8.270676691729323,8.270676691729323,83.45864661654136,1.5037593984962405,81.95488721804512
E00052230,401,49,21,28,352,6,346,12.219451371571072,5.236907730673317,6.982543640897755,87.78054862842892,1.4962593516209477,86.28428927680798
E00052231,458,73,38,35,385,18,367,15.938864628820962,8.296943231441048,7.641921397379912,84.06113537117903,3.9301310043668125,80.13100436681223
E00052232,348,53,25,28,295,12,283,15.229885057471265,7.183908045977011,8.045977011494253,84.77011494252874,3.4482758620689653,81.32183908045977
E00052233,358,74,37,37,284,10,274,20.670391061452513,10.335195530726256,10.335195530726256,79.3296089385475,2.793296089385475,76.53631284916202
E00052234,449,46,16,30,403,10,393,10.244988864142538,3.5634743875278394,6.6815144766147,89.75501113585747,2.2271714922048997,87.52783964365256
E00052235,388,57,23,34,331,17,314,14.690721649484537,5.927835051546391,8.762886597938143,85.30927835051546,4.381443298969072,80.9278350515464
E00052236,388,76,46,30,312,16,296,19.587628865979383,11.855670103092782,7.731958762886598,80.41237113402062,4.123711340206185,76.28865979381443
E00052237,504,81,40,41,423,24,399,16.071428571428573,7.936507936507936,8.134920634920634,83.92857142857143,4.761904761904762,79.16666666666666
E00052238,348,58,18,40,290,24,266,16.666666666666664,5.172413793103448,11.494252873563218,83.33333333333334,6.896551724137931,76.4367816091954
E00052239,480,96,54,42,384,17,367,20,11.25,8.75,80,3.5416666666666665,76.45833333333333
E00052240,371,52,22,30,319,22,297,14.016172506738545,5.929919137466308,8.086253369272237,85.98382749326146,5.929919137466308,80.05390835579514
E00052241,459,86,55,31,373,25,348,18.736383442265794,11.982570806100219,6.753812636165578,81.26361655773421,5.446623093681917,75.81699346405229
E00052242,392,65,37,28,327,12,315,16.581632653061224,9.438775510204081,7.142857142857142,83.41836734693877,3.061224489795918,80.35714285714286
E00052243,421,72,33,39,349,16,333,17.102137767220903,7.8384798099762465,9.263657957244655,82.89786223277909,3.800475059382423,79.09738717339667
E00052244,277,40,18,22,237,10,227,14.440433212996389,6.4981949458483745,7.9422382671480145,85.5595667870036,3.6101083032490973,81.94945848375451
E00052245,343,60,34,26,283,21,262,17.49271137026239,9.912536443148689,7.580174927113703,82.5072886297376,6.122448979591836,76.38483965014578
E00052246,373,87,48,39,286,21,265,23.324396782841823,12.868632707774799,10.455764075067025,76.67560321715817,5.630026809651475,71.0455764075067
E00052247,438,82,42,40,356,16,340,18.72146118721461,9.58904109589041,9.1324200913242,81.27853881278538,3.65296803652968,77.6255707762557
E00052248,320,38,17,21,282,18,264,11.875,5.3125,6.5625,88.125,5.625,82.5
E00052249,499,92,47,45,407,11,396,18.43687374749499,9.418837675350701,9.01803607214429,81.56312625250501,2.2044088176352705,79.35871743486975
E00052250,413,91,51,40,322,15,307,22.033898305084744,12.34866828087167,9.685230024213075,77.96610169491525,3.631961259079903,74.33414043583535
E00052251,424,77,37,40,347,12,335,18.160377358490564,8.726415094339622,9.433962264150944,81.83962264150944,2.8301886792452833,79.00943396226415
E00052252,419,74,36,38,345,12,333,17.66109785202864,8.591885441527445,9.069212410501192,82.33890214797135,2.863961813842482,79.47494033412887
E00052253,351,50,25,25,301,10,291,14.245014245014245,7.122507122507122,7.122507122507122,85.75498575498575,2.849002849002849,82.90598290598291
E00052254,431,58,35,23,373,15,358,13.45707656612529,8.120649651972158,5.336426914153132,86.5429234338747,3.480278422273782,83.06264501160094
E00052255,553,58,38,20,495,12,483,10.488245931283906,6.871609403254973,3.616636528028933,89.5117540687161,2.1699819168173597,87.34177215189874
E00052256,409,57,29,28,352,13,339,13.93643031784841,7.090464547677261,6.845965770171149,86.06356968215158,3.1784841075794623,82.88508557457213
E00052257,386,59,32,27,327,8,319,15.284974093264248,8.290155440414509,6.994818652849741,84.71502590673575,2.072538860103627,82.64248704663213
E00052258,392,57,23,34,335,11,324,14.540816326530612,5.86734693877551,8.673469387755102,85.45918367346938,2.806122448979592,82.6530612244898
E00052259,436,48,24,24,388,9,379,11.009174311926607,5.5045871559633035,5.5045871559633035,88.9908256880734,2.064220183486239,86.92660550458714
E00052260,412,76,31,45,336,15,321,18.446601941747574,7.524271844660194,10.922330097087379,81.55339805825243,3.640776699029126,77.9126213592233
E00052261,456,73,36,37,383,14,369,16.00877192982456,7.894736842105263,8.114035087719298,83.99122807017544,3.070175438596491,80.92105263157895
E00052262,465,68,37,31,397,15,382,14.623655913978496,7.956989247311828,6.666666666666667,85.3763440860215,3.225806451612903,82.15053763440861
E00052263,262,30,8,22,232,23,209,11.450381679389313,3.0534351145038165,8.396946564885496,88.54961832061069,8.778625954198473,79.77099236641222
E00052264,326,78,38,40,248,16,232,23.92638036809816,11.65644171779141,12.269938650306749,76.07361963190185,4.9079754601226995,71.16564417177914
E00052265,320,66,24,42,254,24,230,20.625,7.5,13.125,79.375,7.5,71.875
E00052266,317,58,20,38,259,23,236,18.29652996845426,6.309148264984227,11.987381703470032,81.70347003154575,7.255520504731862,74.44794952681389
E00052267,291,86,45,41,205,24,181,29.553264604810998,15.463917525773196,14.0893470790378,70.44673539518901,8.24742268041237,62.19931271477663
E00052268,375,58,23,35,317,22,295,15.466666666666667,6.133333333333333,9.333333333333334,84.53333333333333,5.866666666666666,78.66666666666666
E00052269,351,41,17,24,310,28,282,11.68091168091168,4.843304843304843,6.837606837606838,88.31908831908832,7.977207977207977,80.34188034188034
E00052270,350,68,32,36,282,24,258,19.428571428571427,9.142857142857142,10.285714285714285,80.57142857142857,6.857142857142858,73.71428571428571
E00052271,316,65,35,30,251,30,221,20.569620253164558,11.075949367088606,9.49367088607595,79.43037974683544,9.49367088607595,69.9367088607595
E00052272,499,105,52,53,394,34,360,21.04208416833667,10.420841683366733,10.62124248496994,78.95791583166333,6.813627254509018,72.14428857715431
E00052273,282,72,37,35,210,16,194,25.53191489361702,13.120567375886525,12.411347517730496,74.46808510638297,5.673758865248227,68.79432624113475
E00052274,273,54,21,33,219,18,201,19.78021978021978,7.6923076923076925,12.087912087912088,80.21978021978022,6.593406593406594,73.62637362637363
E00052275,291,55,27,28,236,15,221,18.900343642611684,9.278350515463918,9.621993127147768,81.09965635738831,5.154639175257731,75.94501718213058
E00052276,289,61,18,43,228,14,214,21.10726643598616,6.228373702422145,14.878892733564014,78.89273356401384,4.844290657439446,74.0484429065744
E00052277,343,43,15,28,300,27,273,12.536443148688047,4.373177842565598,8.16326530612245,87.46355685131195,7.871720116618077,79.59183673469387
E00052278,271,61,22,39,210,22,188,22.509225092250922,8.118081180811808,14.391143911439114,77.49077490774908,8.118081180811808,69.37269372693727
E00052279,296,63,37,26,233,14,219,21.283783783783782,12.5,8.783783783783784,78.71621621621621,4.72972972972973,73.98648648648648
E00052280,278,63,24,39,215,26,189,22.66187050359712,8.633093525179856,14.028776978417264,77.33812949640287,9.352517985611511,67.98561151079137
E00052281,275,59,32,27,216,18,198,21.454545454545453,11.636363636363637,9.818181818181818,78.54545454545455,6.545454545454546,72
E00052282,281,42,22,20,239,26,213,14.94661921708185,7.829181494661921,7.11743772241993,85.05338078291815,9.252669039145907,75.80071174377224
E00052283,253,59,23,36,194,28,166,23.3201581027668,9.090909090909092,14.229249011857709,76.6798418972332,11.067193675889328,65.61264822134387
E00052284,290,63,32,31,227,17,210,21.72413793103448,11.03448275862069,10.689655172413794,78.27586206896552,5.862068965517241,72.41379310344827
E00052285,296,42,22,20,254,11,243,14.18918918918919,7.4324324324324325,6.756756756756757,85.8108108108108,3.7162162162162162,82.0945945945946
E00052286,318,71,28,43,247,18,229,22.32704402515723,8.80503144654088,13.522012578616351,77.67295597484278,5.660377358490567,72.0125786163522
E00052287,259,55,23,32,204,8,196,21.235521235521233,8.880308880308881,12.355212355212355,78.76447876447877,3.088803088803089,75.67567567567568
E00052288,299,62,32,30,237,20,217,20.735785953177256,10.702341137123746,10.033444816053512,79.26421404682274,6.688963210702341,72.5752508361204
E00052289,244,65,30,35,179,13,166,26.639344262295083,12.295081967213115,14.344262295081966,73.36065573770492,5.327868852459016,68.0327868852459
E00052290,250,72,44,28,178,15,163,28.799999999999997,17.599999999999998,11.200000000000001,71.2,6,65.2
E00052291,282,52,23,29,230,20,210,18.439716312056735,8.156028368794328,10.28368794326241,81.56028368794325,7.092198581560284,74.46808510638297
E00052292,358,88,51,37,270,14,256,24.581005586592177,14.24581005586592,10.335195530726256,75.41899441340783,3.910614525139665,71.50837988826815
E00052293,303,59,25,34,244,19,225,19.471947194719473,8.25082508250825,11.221122112211221,80.52805280528052,6.270627062706271,74.25742574257426
E00052294,252,57,26,31,195,16,179,22.61904761904762,10.317460317460316,12.3015873015873,77.38095238095238,6.349206349206349,71.03174603174604
E00052295,242,49,24,25,193,18,175,20.24793388429752,9.917355371900827,10.330578512396695,79.75206611570248,7.43801652892562,72.31404958677686
E00052296,359,63,24,39,296,21,275,17.548746518105848,6.685236768802229,10.86350974930362,82.45125348189416,5.8495821727019495,76.6016713091922
E00052297,276,55,30,25,221,18,203,19.92753623188406,10.869565217391305,9.057971014492754,80.07246376811594,6.521739130434782,73.55072463768117
E00052298,303,53,26,27,250,24,226,17.491749174917494,8.58085808580858,8.91089108910891,82.50825082508251,7.920792079207921,74.58745874587459
E00052299,261,51,22,29,210,15,195,19.54022988505747,8.42911877394636,11.11111111111111,80.45977011494253,5.747126436781609,74.71264367816092
E00052300,264,63,28,35,201,17,184,23.863636363636363,10.606060606060606,13.257575757575758,76.13636363636364,6.4393939393939394,69.6969696969697
E00052301,326,74,31,43,252,12,240,22.699386503067483,9.509202453987731,13.190184049079754,77.30061349693251,3.6809815950920246,73.61963190184049
E00052302,306,51,26,25,255,21,234,16.666666666666664,8.49673202614379,8.169934640522875,83.33333333333334,6.862745098039216,76.47058823529412
E00052303,284,58,36,22,226,21,205,20.422535211267608,12.676056338028168,7.746478873239436,79.5774647887324,7.394366197183098,72.1830985915493
E00052304,278,78,36,42,200,23,177,28.05755395683453,12.949640287769784,15.107913669064748,71.94244604316546,8.273381294964029,63.66906474820144
E00052305,300,68,25,43,232,18,214,22.666666666666664,8.333333333333332,14.333333333333334,77.33333333333333,6,71.33333333333334
E00052306,261,64,31,33,197,19,178,24.521072796934863,11.877394636015326,12.643678160919542,75.47892720306514,7.2796934865900385,68.19923371647509
E00052307,445,80,31,49,365,27,338,17.97752808988764,6.96629213483146,11.01123595505618,82.02247191011236,6.067415730337078,75.95505617977528
E00052308,194,69,38,31,125,11,114,35.56701030927835,19.587628865979383,15.979381443298967,64.43298969072166,5.670103092783505,58.76288659793815
E00052309,332,81,33,48,251,25,226,24.397590361445783,9.939759036144578,14.457831325301203,75.6024096385542,7.530120481927711,68.07228915662651
E00052310,299,64,32,32,235,21,214,21.40468227424749,10.702341137123746,10.702341137123746,78.59531772575251,7.023411371237458,71.57190635451505
E00052311,371,61,29,32,310,20,290,16.442048517520217,7.816711590296496,8.62533692722372,83.55795148247978,5.3908355795148255,78.16711590296495
E00052312,257,50,18,32,207,16,191,19.45525291828794,7.003891050583658,12.45136186770428,80.54474708171206,6.22568093385214,74.31906614785993
E00052313,264,41,17,24,223,20,203,15.530303030303031,6.4393939393939394,9.090909090909092,84.46969696969697,7.575757575757576,76.89393939393939
E00052314,297,51,21,30,246,28,218,17.17171717171717,7.07070707070707,10.1010101010101,82.82828282828282,9.427609427609427,73.4006734006734
E00052315,302,40,13,27,262,19,243,13.245033112582782,4.304635761589404,8.940397350993377,86.75496688741721,6.291390728476822,80.4635761589404
E00052316,306,46,21,25,260,31,229,15.032679738562091,6.862745098039216,8.169934640522875,84.9673202614379,10.130718954248366,74.83660130718954
E00052317,297,50,20,30,247,22,225,16.835016835016837,6.7340067340067336,10.1010101010101,83.16498316498317,7.4074074074074066,75.75757575757575
E00052318,276,57,22,35,219,16,203,20.652173913043477,7.971014492753622,12.681159420289855,79.34782608695652,5.797101449275362,73.55072463768117
E00052319,303,54,22,32,249,13,236,17.82178217821782,7.2607260726072615,10.561056105610561,82.17821782178217,4.29042904290429,77.88778877887789
E00052320,240,53,25,28,187,21,166,22.083333333333332,10.416666666666668,11.666666666666666,77.91666666666667,8.75,69.16666666666667
E00052321,316,40,13,27,276,33,243,12.658227848101266,4.113924050632911,8.544303797468354,87.34177215189874,10.443037974683545,76.89873417721519
E00052322,306,37,14,23,269,31,238,12.091503267973856,4.57516339869281,7.516339869281046,87.90849673202614,10.130718954248366,77.77777777777779
E00052323,268,56,22,34,212,22,190,20.8955223880597,8.208955223880597,12.686567164179104,79.1044776119403,8.208955223880597,70.8955223880597
E00052324,272,50,17,33,222,21,201,18.38235294117647,6.25,12.132352941176471,81.61764705882352,7.720588235294118,73.89705882352942
E00052325,300,52,28,24,248,29,219,17.333333333333336,9.333333333333334,8,82.66666666666667,9.666666666666666,73
E00052326,306,66,32,34,240,23,217,21.568627450980394,10.457516339869281,11.11111111111111,78.43137254901961,7.516339869281046,70.91503267973856
E00052327,303,48,19,29,255,17,238,15.841584158415841,6.270627062706271,9.570957095709572,84.15841584158416,5.6105610561056105,78.54785478547855
E00052328,300,47,17,30,253,17,236,15.666666666666668,5.666666666666666,10,84.33333333333334,5.666666666666666,78.66666666666666
E00052329,320,43,22,21,277,18,259,13.4375,6.875000000000001,6.5625,86.5625,5.625,80.9375
E00052330,285,40,14,26,245,23,222,14.035087719298245,4.912280701754386,9.12280701754386,85.96491228070175,8.070175438596491,77.89473684210526
E00052332,337,60,23,37,277,19,258,17.804154302670625,6.824925816023739,10.979228486646884,82.19584569732937,5.637982195845697,76.55786350148368
E00052333,270,40,16,24,230,21,209,14.814814814814813,5.9259259259259265,8.88888888888889,85.18518518518519,7.777777777777778,77.4074074074074
E00052334,282,43,16,27,239,20,219,15.24822695035461,5.673758865248227,9.574468085106384,84.75177304964538,7.092198581560284,77.6595744680851
E00052335,397,62,22,40,335,25,310,15.617128463476071,5.541561712846348,10.075566750629724,84.38287153652394,6.297229219143577,78.08564231738035
E00052336,322,52,23,29,270,29,241,16.149068322981368,7.142857142857142,9.006211180124224,83.85093167701864,9.006211180124224,74.84472049689441
E00052337,309,45,19,26,264,14,250,14.563106796116504,6.148867313915858,8.414239482200648,85.43689320388349,4.53074433656958,80.90614886731392
E00052338,365,43,16,27,322,22,300,11.78082191780822,4.383561643835616,7.397260273972603,88.21917808219179,6.027397260273973,82.1917808219178
E00052339,262,44,18,26,218,21,197,16.793893129770993,6.870229007633588,9.923664122137405,83.20610687022901,8.015267175572518,75.19083969465649
E00052340,455,61,26,35,394,12,382,13.406593406593407,5.714285714285714,7.6923076923076925,86.5934065934066,2.6373626373626373,83.95604395604396
E00052341,388,61,36,25,327,13,314,15.721649484536082,9.278350515463918,6.443298969072164,84.27835051546391,3.350515463917526,80.9278350515464
E00052342,434,64,29,35,370,17,353,14.746543778801843,6.682027649769585,8.064516129032258,85.25345622119815,3.9170506912442393,81.33640552995391
E00052343,504,80,43,37,424,17,407,15.873015873015872,8.531746031746032,7.341269841269842,84.12698412698413,3.373015873015873,80.75396825396825
E00052344,465,85,43,42,380,19,361,18.27956989247312,9.247311827956988,9.032258064516128,81.72043010752688,4.086021505376344,77.63440860215054
E00052345,376,62,32,30,314,10,304,16.48936170212766,8.51063829787234,7.9787234042553195,83.51063829787235,2.6595744680851063,80.85106382978722
E00052346,357,67,30,37,290,11,279,18.76750700280112,8.403361344537815,10.364145658263306,81.23249299719888,3.081232492997199,78.15126050420169
E00052347,326,93,54,39,233,11,222,28.52760736196319,16.56441717791411,11.96319018404908,71.47239263803681,3.374233128834356,68.09815950920245
E00052349,401,71,35,36,330,23,307,17.70573566084788,8.728179551122196,8.977556109725686,82.29426433915212,5.7356608478802995,76.55860349127181
E00052350,371,82,44,38,289,8,281,22.10242587601078,11.859838274932615,10.242587601078167,77.89757412398922,2.15633423180593,75.74123989218329
E00052351,465,78,39,39,387,16,371,16.7741935483871,8.38709677419355,8.38709677419355,83.22580645161291,3.4408602150537635,79.78494623655914
E00052352,371,62,30,32,309,9,300,16.711590296495956,8.086253369272237,8.62533692722372,83.28840970350404,2.4258760107816713,80.86253369272237
E00052353,318,51,30,21,267,11,256,16.037735849056602,9.433962264150944,6.60377358490566,83.9622641509434,3.459119496855346,80.50314465408806
E00052354,310,40,15,25,270,17,253,12.903225806451612,4.838709677419355,8.064516129032258,87.09677419354838,5.483870967741936,81.61290322580645
E00052355,394,46,21,25,348,11,337,11.6751269035533,5.32994923857868,6.345177664974619,88.3248730964467,2.7918781725888326,85.53299492385787
E00052356,369,64,36,28,305,10,295,17.344173441734416,9.75609756097561,7.588075880758807,82.65582655826557,2.710027100271003,79.94579945799458
E00052357,400,62,32,30,338,9,329,15.5,8,7.5,84.5,2.25,82.25
E00052358,206,24,7,17,182,5,177,11.650485436893204,3.3980582524271843,8.25242718446602,88.3495145631068,2.4271844660194173,85.92233009708737
E00052359,418,75,28,47,343,6,337,17.942583732057415,6.698564593301436,11.24401913875598,82.05741626794259,1.4354066985645932,80.622009569378
E00052360,418,50,25,25,368,12,356,11.961722488038278,5.980861244019139,5.980861244019139,88.03827751196172,2.8708133971291865,85.16746411483254
E00052361,250,48,22,26,202,6,196,19.2,8.799999999999999,10.4,80.80000000000001,2.4,78.4
E00052362,378,62,38,24,316,12,304,16.402116402116402,10.052910052910052,6.349206349206349,83.5978835978836,3.1746031746031744,80.42328042328042
E00052363,420,73,29,44,347,12,335,17.38095238095238,6.904761904761905,10.476190476190476,82.61904761904762,2.857142857142857,79.76190476190477
E00052364,439,69,36,33,370,15,355,15.717539863325742,8.200455580865604,7.517084282460136,84.28246013667426,3.416856492027335,80.86560364464692
E00052365,368,74,40,34,294,20,274,20.108695652173914,10.869565217391305,9.239130434782608,79.8913043478261,5.434782608695652,74.45652173913044
E00052366,379,65,35,30,314,13,301,17.150395778364118,9.234828496042216,7.9155672823219,82.84960422163589,3.430079155672823,79.41952506596306
E00052367,367,58,31,27,309,12,297,15.803814713896458,8.446866485013624,7.3569482288828345,84.19618528610354,3.2697547683923704,80.92643051771117
E00052368,326,60,40,20,266,14,252,18.404907975460123,12.269938650306749,6.134969325153374,81.59509202453987,4.294478527607362,77.30061349693251
E00052369,473,114,69,45,359,17,342,24.101479915433405,14.587737843551796,9.513742071881607,75.8985200845666,3.5940803382663846,72.3044397463002
E00052370,323,45,18,27,278,26,252,13.93188854489164,5.572755417956656,8.359133126934983,86.06811145510835,8.04953560371517,78.0185758513932
E00052371,323,50,18,32,273,14,259,15.479876160990713,5.572755417956656,9.907120743034056,84.52012383900929,4.3343653250774,80.18575851393189
E00052372,281,46,19,27,235,14,221,16.370106761565836,6.761565836298933,9.608540925266903,83.62989323843416,4.98220640569395,78.64768683274022
E00052373,271,71,35,36,200,9,191,26.199261992619927,12.915129151291513,13.284132841328415,73.80073800738008,3.3210332103321036,70.47970479704797
E00052374,296,85,40,45,211,11,200,28.716216216216218,13.513513513513514,15.202702702702704,71.28378378378379,3.7162162162162162,67.56756756756756
E00052375,378,87,49,38,291,20,271,23.015873015873016,12.962962962962962,10.052910052910052,76.98412698412699,5.291005291005291,71.6931216931217
E00052376,504,52,18,34,452,24,428,10.317460317460316,3.571428571428571,6.746031746031746,89.68253968253968,4.761904761904762,84.92063492063492
E00052377,286,52,24,28,234,21,213,18.181818181818183,8.391608391608392,9.79020979020979,81.81818181818183,7.3426573426573425,74.47552447552448
E00052378,222,35,17,18,187,17,170,15.765765765765765,7.657657657657657,8.108108108108109,84.23423423423422,7.657657657657657,76.57657657657657
E00052379,358,49,16,33,309,16,293,13.687150837988826,4.4692737430167595,9.217877094972067,86.31284916201118,4.4692737430167595,81.84357541899442
E00052381,420,93,60,33,327,7,320,22.142857142857142,14.285714285714285,7.857142857142857,77.85714285714286,1.6666666666666667,76.19047619047619
E00052384,378,72,30,42,306,11,295,19.047619047619047,7.936507936507936,11.11111111111111,80.95238095238095,2.91005291005291,78.04232804232805
E00052385,347,55,29,26,292,10,282,15.85014409221902,8.357348703170029,7.492795389048991,84.14985590778097,2.881844380403458,81.26801152737752
E00052386,555,65,31,34,490,17,473,11.711711711711711,5.585585585585585,6.126126126126126,88.28828828828829,3.063063063063063,85.22522522522522
E00052387,492,81,38,43,411,20,391,16.463414634146343,7.723577235772358,8.739837398373984,83.53658536585365,4.0650406504065035,79.47154471544715
E00052388,418,72,47,25,346,10,336,17.22488038277512,11.24401913875598,5.980861244019139,82.77511961722487,2.3923444976076556,80.38277511961722
E00052389,411,76,34,42,335,7,328,18.491484184914842,8.27250608272506,10.218978102189782,81.50851581508516,1.70316301703163,79.80535279805353
E00052391,225,95,41,54,130,16,114,42.22222222222222,18.22222222222222,24,57.77777777777777,7.111111111111111,50.66666666666667
E00052392,485,67,38,29,418,15,403,13.814432989690722,7.835051546391752,5.979381443298969,86.18556701030928,3.0927835051546393,83.09278350515464
E00052393,239,84,36,48,155,8,147,35.146443514644346,15.062761506276152,20.0836820083682,64.85355648535564,3.3472803347280333,61.50627615062761
E00052395,362,64,32,32,298,8,290,17.67955801104972,8.83977900552486,8.83977900552486,82.32044198895028,2.209944751381215,80.11049723756905
E00052396,432,99,44,55,333,12,321,22.916666666666664,10.185185185185185,12.731481481481483,77.08333333333334,2.7777777777777777,74.30555555555556
E00052397,224,61,35,26,163,12,151,27.232142857142854,15.625,11.607142857142858,72.76785714285714,5.357142857142857,67.41071428571429
E00052399,439,70,37,33,369,15,354,15.945330296127564,8.428246013667426,7.517084282460136,84.05466970387245,3.416856492027335,80.6378132118451
E00052400,435,83,30,53,352,17,335,19.080459770114942,6.896551724137931,12.183908045977011,80.91954022988506,3.9080459770114944,77.01149425287356
E00052401,356,61,32,29,295,8,287,17.134831460674157,8.98876404494382,8.146067415730338,82.86516853932584,2.247191011235955,80.6179775280899
E00052402,309,48,29,19,261,11,250,15.53398058252427,9.385113268608414,6.148867313915858,84.46601941747572,3.559870550161812,80.90614886731392
E00052404,416,64,33,31,352,25,327,15.384615384615385,7.9326923076923075,7.451923076923077,84.61538461538461,6.009615384615385,78.60576923076923
E00052406,419,76,29,47,343,20,323,18.138424821002385,6.921241050119331,11.217183770883054,81.86157517899761,4.77326968973747,77.08830548926015
E00052407,354,46,19,27,308,23,285,12.994350282485875,5.367231638418079,7.627118644067797,87.00564971751412,6.497175141242938,80.50847457627118
E00052408,407,79,54,25,328,21,307,19.41031941031941,13.267813267813267,6.142506142506143,80.5896805896806,5.159705159705159,75.42997542997543
E00052409,394,71,31,40,323,28,295,18.02030456852792,7.868020304568528,10.152284263959391,81.97969543147208,7.1065989847715745,74.8730964467005
E00052410,241,44,18,26,197,20,177,18.25726141078838,7.468879668049793,10.78838174273859,81.74273858921161,8.29875518672199,73.44398340248964
E00052411,356,72,23,49,284,23,261,20.224719101123593,6.460674157303371,13.764044943820226,79.7752808988764,6.460674157303371,73.31460674157303
E00052412,332,64,24,40,268,17,251,19.27710843373494,7.228915662650602,12.048192771084338,80.72289156626506,5.120481927710843,75.6024096385542
E00052413,312,50,20,30,262,29,233,16.025641025641026,6.41025641025641,9.615384615384617,83.97435897435898,9.294871794871796,74.67948717948718
E00052414,207,59,25,34,148,13,135,28.502415458937197,12.077294685990339,16.425120772946862,71.49758454106279,6.280193236714976,65.21739130434783
E00052415,282,47,19,28,235,30,205,16.666666666666664,6.73758865248227,9.929078014184398,83.33333333333334,10.638297872340425,72.69503546099291
E00052416,334,54,25,29,280,16,264,16.16766467065868,7.48502994011976,8.682634730538922,83.8323353293413,4.790419161676647,79.04191616766467
E00052417,327,58,28,30,269,21,248,17.737003058103976,8.56269113149847,9.174311926605505,82.26299694189603,6.422018348623854,75.84097859327217
E00052418,336,75,37,38,261,28,233,22.321428571428573,11.011904761904761,11.30952380952381,77.67857142857143,8.333333333333332,69.34523809523809
E00052419,377,91,51,40,286,22,264,24.137931034482758,13.527851458885943,10.610079575596817,75.86206896551724,5.835543766578249,70.026525198939
E00052420,346,81,37,44,265,9,256,23.410404624277454,10.69364161849711,12.716763005780345,76.58959537572254,2.601156069364162,73.98843930635837
E00052421,304,74,31,43,230,14,216,24.342105263157894,10.197368421052632,14.144736842105262,75.6578947368421,4.605263157894736,71.05263157894737
E00052422,295,62,29,33,233,19,214,21.01694915254237,9.830508474576272,11.186440677966102,78.98305084745762,6.440677966101695,72.54237288135593
E00052423,362,55,20,35,307,20,287,15.193370165745856,5.524861878453039,9.668508287292818,84.80662983425414,5.524861878453039,79.28176795580112
E00052424,318,63,27,36,255,20,235,19.81132075471698,8.49056603773585,11.320754716981133,80.18867924528303,6.289308176100629,73.89937106918238
E00052425,272,59,31,28,213,14,199,21.691176470588236,11.397058823529411,10.294117647058822,78.30882352941177,5.147058823529411,73.16176470588235
E00052426,302,79,44,35,223,15,208,26.158940397350992,14.56953642384106,11.589403973509933,73.84105960264901,4.966887417218543,68.87417218543047
E00052427,556,64,21,43,492,27,465,11.510791366906476,3.776978417266187,7.7338129496402885,88.48920863309353,4.856115107913669,83.63309352517986
E00052428,176,32,20,12,144,13,131,18.181818181818183,11.363636363636363,6.8181818181818175,81.81818181818183,7.386363636363637,74.43181818181817
E00052429,313,60,22,38,253,14,239,19.169329073482427,7.0287539936102235,12.140575079872203,80.83067092651757,4.472843450479233,76.35782747603834
E00052430,319,41,13,28,278,18,260,12.852664576802509,4.075235109717868,8.77742946708464,87.14733542319749,5.6426332288401255,81.50470219435736
E00052431,336,54,23,31,282,18,264,16.071428571428573,6.845238095238096,9.226190476190476,83.92857142857143,5.357142857142857,78.57142857142857
E00052432,300,51,16,35,249,17,232,17,5.333333333333334,11.666666666666666,83,5.666666666666666,77.33333333333333
E00052433,350,86,48,38,264,13,251,24.571428571428573,13.714285714285715,10.857142857142858,75.42857142857143,3.7142857142857144,71.71428571428572
E00052434,327,50,18,32,277,18,259,15.29051987767584,5.5045871559633035,9.785932721712538,84.70948012232415,5.5045871559633035,79.20489296636084
E00052435,276,43,16,27,233,16,217,15.579710144927535,5.797101449275362,9.782608695652174,84.42028985507247,5.797101449275362,78.62318840579711
E00052436,263,60,32,28,203,15,188,22.813688212927758,12.167300380228136,10.646387832699618,77.18631178707224,5.7034220532319395,71.48288973384031
E00052437,288,60,29,31,228,23,205,20.833333333333336,10.069444444444445,10.76388888888889,79.16666666666666,7.986111111111111,71.18055555555556
E00052438,400,69,23,46,331,25,306,17.25,5.75,11.5,82.75,6.25,76.5
E00052439,245,76,40,36,169,14,155,31.020408163265305,16.3265306122449,14.69387755102041,68.9795918367347,5.714285714285714,63.26530612244898
E00052440,324,81,36,45,243,25,218,25,11.11111111111111,13.88888888888889,75,7.716049382716049,67.28395061728395
E00052441,262,74,30,44,188,18,170,28.24427480916031,11.450381679389313,16.793893129770993,71.7557251908397,6.870229007633588,64.8854961832061
E00052442,302,74,41,33,228,22,206,24.503311258278146,13.57615894039735,10.927152317880795,75.49668874172185,7.28476821192053,68.21192052980133
E00052443,233,62,26,36,171,14,157,26.609442060085836,11.158798283261802,15.450643776824036,73.39055793991416,6.008583690987124,67.38197424892704
E00052444,274,70,28,42,204,17,187,25.547445255474454,10.218978102189782,15.328467153284672,74.45255474452554,6.204379562043796,68.24817518248175
E00052445,309,67,33,34,242,12,230,21.68284789644013,10.679611650485436,11.003236245954692,78.31715210355988,3.8834951456310676,74.4336569579288
E00052446,309,62,28,34,247,22,225,20.06472491909385,9.06148867313916,11.003236245954692,79.93527508090615,7.119741100323624,72.81553398058253
E00052447,370,101,52,49,269,21,248,27.297297297297295,14.054054054054054,13.243243243243244,72.70270270270271,5.675675675675676,67.02702702702703
E00052448,417,97,43,54,320,25,295,23.26139088729017,10.311750599520384,12.949640287769784,76.73860911270984,5.995203836930456,70.74340527577938
E00052449,342,42,25,17,300,25,275,12.280701754385964,7.309941520467836,4.970760233918129,87.71929824561403,7.309941520467836,80.4093567251462
E00052450,296,36,12,24,260,20,240,12.162162162162163,4.054054054054054,8.108108108108109,87.83783783783784,6.756756756756757,81.08108108108108
E00052451,276,44,16,28,232,21,211,15.942028985507244,5.797101449275362,10.144927536231885,84.05797101449275,7.608695652173914,76.44927536231883
E00052452,261,31,14,17,230,17,213,11.877394636015326,5.363984674329502,6.513409961685824,88.12260536398468,6.513409961685824,81.60919540229885
E00052453,263,38,22,16,225,34,191,14.44866920152091,8.365019011406844,6.083650190114068,85.55133079847909,12.927756653992395,72.6235741444867
E00052454,364,44,18,26,320,25,295,12.087912087912088,4.945054945054945,7.142857142857142,87.91208791208791,6.868131868131869,81.04395604395604
E00052455,324,40,14,26,284,23,261,12.345679012345679,4.320987654320987,8.024691358024691,87.65432098765432,7.098765432098765,80.55555555555556
E00052456,326,40,20,20,286,23,263,12.269938650306749,6.134969325153374,6.134969325153374,87.73006134969326,7.05521472392638,80.67484662576688
E00052457,268,25,8,17,243,21,222,9.328358208955224,2.9850746268656714,6.343283582089552,90.67164179104478,7.835820895522389,82.83582089552239
E00052458,347,54,25,29,293,13,280,15.561959654178676,7.204610951008646,8.357348703170029,84.43804034582134,3.7463976945244957,80.69164265129683
E00052459,266,55,25,30,211,22,189,20.676691729323306,9.398496240601503,11.278195488721805,79.32330827067669,8.270676691729323,71.05263157894737
E00052460,278,48,19,29,230,28,202,17.26618705035971,6.83453237410072,10.431654676258994,82.73381294964028,10.071942446043165,72.66187050359713
E00052461,350,77,31,46,273,21,252,22,8.857142857142856,13.142857142857142,78,6,72
E00052462,254,36,13,23,218,24,194,14.173228346456693,5.118110236220472,9.05511811023622,85.8267716535433,9.448818897637794,76.37795275590551
E00052463,275,56,21,35,219,23,196,20.363636363636363,7.636363636363637,12.727272727272727,79.63636363636364,8.363636363636363,71.27272727272728
E00052464,318,36,12,24,282,23,259,11.320754716981133,3.7735849056603774,7.547169811320755,88.67924528301887,7.232704402515723,81.44654088050315
E00052465,364,61,17,44,303,21,282,16.758241758241756,4.670329670329671,12.087912087912088,83.24175824175825,5.769230769230769,77.47252747252747
E00052466,324,45,15,30,279,30,249,13.88888888888889,4.62962962962963,9.25925925925926,86.11111111111111,9.25925925925926,76.85185185185185
E00052467,430,61,21,40,369,19,350,14.186046511627906,4.883720930232558,9.30232558139535,85.81395348837209,4.4186046511627906,81.3953488372093
E00052468,316,49,18,31,267,19,248,15.50632911392405,5.69620253164557,9.81012658227848,84.49367088607595,6.012658227848101,78.48101265822784
E00052469,287,40,15,25,247,23,224,13.937282229965156,5.2264808362369335,8.710801393728223,86.06271777003485,8.013937282229964,78.04878048780488
E00052470,272,49,18,31,223,21,202,18.014705882352942,6.61764705882353,11.397058823529411,81.98529411764706,7.720588235294118,74.26470588235294
E00052471,239,36,17,19,203,23,180,15.062761506276152,7.112970711297072,7.949790794979079,84.93723849372385,9.623430962343097,75.31380753138075
E00052472,299,53,17,36,246,19,227,17.725752508361204,5.68561872909699,12.040133779264215,82.2742474916388,6.354515050167224,75.91973244147158
E00052473,541,50,19,31,491,34,457,9.242144177449168,3.512014787430684,5.730129390018484,90.75785582255084,6.284658040665435,84.4731977818854
E00052474,269,60,28,32,209,20,189,22.304832713754646,10.408921933085502,11.895910780669144,77.69516728624535,7.434944237918216,70.26022304832715
E00052475,292,51,20,31,241,22,219,17.465753424657535,6.8493150684931505,10.616438356164384,82.53424657534246,7.534246575342466,75
E00052476,121,48,27,21,73,7,66,39.66942148760331,22.31404958677686,17.355371900826448,60.33057851239669,5.785123966942149,54.54545454545454
E00052478,332,45,12,33,287,23,264,13.55421686746988,3.614457831325301,9.939759036144578,86.44578313253012,6.927710843373494,79.51807228915662
E00052479,348,41,17,24,307,28,279,11.781609195402298,4.885057471264368,6.896551724137931,88.2183908045977,8.045977011494253,80.17241379310344
E00052481,293,45,19,26,248,31,217,15.358361774744028,6.484641638225256,8.873720136518772,84.64163822525597,10.580204778156997,74.06143344709898
E00052482,291,35,12,23,256,13,243,12.027491408934708,4.123711340206185,7.903780068728522,87.97250859106529,4.4673539518900345,83.50515463917526
E00052483,276,41,19,22,235,22,213,14.855072463768115,6.884057971014493,7.971014492753622,85.14492753623189,7.971014492753622,77.17391304347827
E00052484,341,39,14,25,302,28,274,11.436950146627565,4.105571847507331,7.331378299120235,88.56304985337243,8.211143695014663,80.35190615835776
E00052485,348,37,13,24,311,17,294,10.632183908045976,3.7356321839080464,6.896551724137931,89.36781609195403,4.885057471264368,84.48275862068965
E00052487,277,43,19,24,234,24,210,15.523465703971121,6.859205776173286,8.664259927797833,84.47653429602889,8.664259927797833,75.81227436823104
E00052488,184,37,12,25,147,14,133,20.108695652173914,6.521739130434782,13.586956521739129,79.8913043478261,7.608695652173914,72.28260869565217
E00052489,335,41,17,24,294,26,268,12.238805970149254,5.074626865671641,7.164179104477612,87.76119402985074,7.761194029850746,80
E00052490,320,46,19,27,274,10,264,14.374999999999998,5.9375,8.4375,85.625,3.125,82.5
E00052491,314,52,18,34,262,23,239,16.560509554140125,5.7324840764331215,10.828025477707007,83.43949044585987,7.32484076433121,76.11464968152866
E00052492,288,47,13,34,241,25,216,16.319444444444446,4.513888888888888,11.805555555555555,83.68055555555556,8.680555555555555,75
E00052493,367,50,26,24,317,21,296,13.623978201634879,7.084468664850137,6.539509536784741,86.37602179836512,5.722070844686648,80.65395095367847
E00052494,315,39,13,26,276,28,248,12.380952380952381,4.1269841269841265,8.253968253968253,87.61904761904762,8.88888888888889,78.73015873015873
E00052495,258,38,14,24,220,11,209,14.728682170542637,5.426356589147287,9.30232558139535,85.27131782945736,4.263565891472868,81.0077519379845
E00052496,281,62,22,40,219,25,194,22.064056939501782,7.829181494661921,14.23487544483986,77.93594306049823,8.896797153024911,69.03914590747331
E00052497,396,42,17,25,354,25,329,10.606060606060606,4.292929292929292,6.313131313131313,89.39393939393939,6.313131313131313,83.08080808080808
E00052498,510,80,32,48,430,26,404,15.686274509803921,6.2745098039215685,9.411764705882353,84.31372549019608,5.098039215686274,79.2156862745098
E00052499,335,66,36,30,269,24,245,19.701492537313435,10.746268656716417,8.955223880597014,80.29850746268656,7.164179104477612,73.13432835820896
E00052500,300,42,16,26,258,19,239,14.000000000000002,5.333333333333334,8.666666666666668,86,6.333333333333334,79.66666666666666
E00052501,305,35,16,19,270,18,252,11.475409836065573,5.245901639344262,6.229508196721312,88.52459016393442,5.901639344262295,82.62295081967214
E00052502,290,43,13,30,247,14,233,14.827586206896552,4.482758620689655,10.344827586206897,85.17241379310346,4.827586206896552,80.3448275862069
E00052503,371,93,45,48,278,20,258,25.067385444743934,12.129380053908356,12.93800539083558,74.93261455525607,5.3908355795148255,69.54177897574124
E00052504,291,70,24,46,221,13,208,24.054982817869416,8.24742268041237,15.807560137457044,75.94501718213058,4.4673539518900345,71.47766323024055
E00052505,370,54,25,29,316,21,295,14.594594594594595,6.756756756756757,7.837837837837839,85.4054054054054,5.675675675675676,79.72972972972973
E00052506,280,53,25,28,227,24,203,18.928571428571427,8.928571428571429,10,81.07142857142857,8.571428571428571,72.5
E00052507,312,49,25,24,263,21,242,15.705128205128204,8.012820512820513,7.6923076923076925,84.2948717948718,6.730769230769231,77.56410256410257
E00052508,354,49,28,21,305,16,289,13.841807909604519,7.909604519774012,5.932203389830509,86.15819209039547,4.519774011299435,81.63841807909604
E00052509,333,64,28,36,269,19,250,19.21921921921922,8.408408408408409,10.81081081081081,80.78078078078079,5.7057057057057055,75.07507507507508
E00052510,280,57,29,28,223,18,205,20.357142857142858,10.357142857142858,10,79.64285714285714,6.428571428571428,73.21428571428571
E00052511,371,59,27,32,312,15,297,15.902964959568733,7.277628032345014,8.62533692722372,84.09703504043127,4.0431266846361185,80.05390835579514
E00052512,376,48,23,25,328,19,309,12.76595744680851,6.117021276595745,6.648936170212766,87.2340425531915,5.053191489361701,82.18085106382979
E00052513,289,42,19,23,247,23,224,14.53287197231834,6.5743944636678195,7.958477508650519,85.46712802768167,7.958477508650519,77.50865051903114
E00052514,308,53,25,28,255,12,243,17.20779220779221,8.116883116883116,9.090909090909092,82.79220779220779,3.896103896103896,78.8961038961039
E00052515,269,59,31,28,210,17,193,21.933085501858738,11.524163568773234,10.408921933085502,78.06691449814126,6.319702602230483,71.74721189591078
E00052516,289,52,16,36,237,25,212,17.99307958477509,5.536332179930796,12.45674740484429,82.00692041522491,8.650519031141869,73.35640138408304
E00052517,354,45,16,29,309,15,294,12.711864406779661,4.519774011299435,8.192090395480225,87.28813559322035,4.23728813559322,83.05084745762711
E00052518,329,58,21,37,271,26,245,17.62917933130699,6.382978723404255,11.246200607902736,82.37082066869301,7.90273556231003,74.46808510638297
E00052519,297,33,13,20,264,30,234,11.11111111111111,4.377104377104377,6.7340067340067336,88.88888888888889,10.1010101010101,78.78787878787878
E00052520,362,78,28,50,284,24,260,21.54696132596685,7.734806629834254,13.812154696132598,78.45303867403315,6.629834254143646,71.8232044198895
E00052521,307,53,24,29,254,19,235,17.263843648208468,7.81758957654723,9.446254071661238,82.73615635179154,6.188925081433225,76.54723127035831
E00052522,319,88,41,47,231,16,215,27.586206896551722,12.852664576802509,14.733542319749215,72.41379310344827,5.015673981191222,67.39811912225704
E00052523,302,51,21,30,251,24,227,16.887417218543046,6.95364238410596,9.933774834437086,83.11258278145695,7.9470198675496695,75.16556291390728
E00052524,317,65,25,40,252,14,238,20.50473186119874,7.886435331230284,12.618296529968454,79.49526813880126,4.416403785488959,75.0788643533123
E00052525,328,82,47,35,246,21,225,25,14.329268292682926,10.670731707317072,75,6.402439024390244,68.59756097560977
E00052526,360,75,40,35,285,17,268,20.833333333333336,11.11111111111111,9.722222222222223,79.16666666666666,4.722222222222222,74.44444444444444
E00052527,328,80,39,41,248,17,231,24.390243902439025,11.890243902439025,12.5,75.60975609756098,5.182926829268292,70.42682926829268
E00052528,332,69,36,33,263,17,246,20.783132530120483,10.843373493975903,9.939759036144578,79.21686746987952,5.120481927710843,74.09638554216868
E00052529,368,92,52,40,276,12,264,25,14.130434782608695,10.869565217391305,75,3.260869565217391,71.73913043478261
E00052530,293,71,35,36,222,13,209,24.2320819112628,11.945392491467576,12.286689419795222,75.76791808873719,4.436860068259386,71.33105802047781
E00052531,325,47,23,24,278,10,268,14.461538461538462,7.076923076923077,7.384615384615385,85.53846153846155,3.076923076923077,82.46153846153847
E00052532,315,45,22,23,270,20,250,14.285714285714285,6.984126984126984,7.301587301587302,85.71428571428571,6.349206349206349,79.36507936507937
E00052533,390,61,25,36,329,24,305,15.64102564102564,6.41025641025641,9.230769230769232,84.35897435897436,6.153846153846154,78.2051282051282
E00052534,343,63,28,35,280,20,260,18.367346938775512,8.16326530612245,10.204081632653061,81.63265306122449,5.830903790087463,75.80174927113703
E00052535,289,59,22,37,230,15,215,20.415224913494807,7.612456747404845,12.802768166089965,79.58477508650519,5.190311418685121,74.39446366782006
E00052536,386,80,43,37,306,12,294,20.72538860103627,11.139896373056994,9.585492227979273,79.27461139896373,3.1088082901554404,76.16580310880829
E00052537,448,64,26,38,384,23,361,14.285714285714285,5.803571428571429,8.482142857142858,85.71428571428571,5.133928571428571,80.58035714285714
E00052538,276,62,25,37,214,16,198,22.463768115942027,9.057971014492754,13.405797101449277,77.53623188405797,5.797101449275362,71.73913043478261
E00052539,342,94,48,46,248,10,238,27.485380116959064,14.035087719298245,13.450292397660817,72.51461988304094,2.923976608187134,69.5906432748538
E00052540,435,66,25,41,369,14,355,15.172413793103448,5.747126436781609,9.425287356321839,84.82758620689656,3.218390804597701,81.60919540229885
E00052541,328,76,27,49,252,10,242,23.170731707317074,8.231707317073171,14.939024390243901,76.82926829268293,3.048780487804878,73.78048780487805
E00052542,616,137,68,69,479,24,455,22.24025974025974,11.03896103896104,11.2012987012987,77.75974025974025,3.896103896103896,73.86363636363636
E00052543,391,62,27,35,329,22,307,15.856777493606138,6.905370843989769,8.951406649616368,84.14322250639387,5.626598465473146,78.51662404092072
E00052544,414,72,33,39,342,31,311,17.391304347826086,7.971014492753622,9.420289855072465,82.6086956521739,7.487922705314009,75.1207729468599
E00052545,335,46,18,28,289,14,275,13.73134328358209,5.3731343283582085,8.358208955223882,86.26865671641791,4.179104477611941,82.08955223880598
E00052546,414,75,30,45,339,30,309,18.115942028985508,7.246376811594203,10.869565217391305,81.88405797101449,7.246376811594203,74.63768115942028
E00052547,337,51,19,32,286,24,262,15.133531157270031,5.637982195845697,9.495548961424333,84.86646884272997,7.121661721068249,77.74480712166172
E00052548,323,70,34,36,253,22,231,21.671826625387,10.526315789473683,11.145510835913312,78.328173374613,6.811145510835913,71.51702786377709
E00052549,211,52,26,26,159,8,151,24.644549763033176,12.322274881516588,12.322274881516588,75.35545023696683,3.7914691943127963,71.56398104265402
E00052550,332,31,13,18,301,16,285,9.33734939759036,3.91566265060241,5.421686746987952,90.66265060240963,4.819277108433735,85.8433734939759
E00052551,332,61,34,27,271,30,241,18.373493975903614,10.240963855421686,8.132530120481928,81.62650602409639,9.036144578313253,72.59036144578313
E00052552,435,82,39,43,353,15,338,18.850574712643677,8.96551724137931,9.885057471264368,81.14942528735632,3.4482758620689653,77.70114942528735
E00052553,330,87,49,38,243,22,221,26.36363636363636,14.84848484848485,11.515151515151516,73.63636363636363,6.666666666666667,66.96969696969697
E00052554,330,73,34,39,257,21,236,22.12121212121212,10.303030303030303,11.818181818181818,77.87878787878788,6.363636363636363,71.51515151515152
E00052555,441,108,51,57,333,22,311,24.489795918367346,11.564625850340136,12.925170068027212,75.51020408163265,4.988662131519274,70.52154195011337
E00052557,364,81,39,42,283,21,262,22.252747252747252,10.714285714285714,11.538461538461538,77.74725274725274,5.769230769230769,71.97802197802197
E00052558,378,66,36,30,312,23,289,17.46031746031746,9.523809523809524,7.936507936507936,82.53968253968253,6.084656084656085,76.45502645502646
E00052559,295,59,30,29,236,16,220,20,10.16949152542373,9.830508474576272,80,5.423728813559322,74.57627118644068
E00052560,346,59,26,33,287,22,265,17.052023121387283,7.514450867052023,9.53757225433526,82.94797687861272,6.358381502890173,76.58959537572254
E00052561,460,81,31,50,379,15,364,17.608695652173914,6.739130434782608,10.869565217391305,82.3913043478261,3.260869565217391,79.13043478260869
E00052562,460,86,42,44,374,20,354,18.695652173913043,9.130434782608695,9.565217391304348,81.30434782608695,4.3478260869565215,76.95652173913044
E00052563,274,69,28,41,205,26,179,25.18248175182482,10.218978102189782,14.963503649635038,74.81751824817519,9.48905109489051,65.32846715328468
E00052564,272,53,22,31,219,26,193,19.485294117647058,8.088235294117647,11.397058823529411,80.51470588235294,9.558823529411764,70.95588235294117
E00052565,268,59,28,31,209,13,196,22.01492537313433,10.44776119402985,11.567164179104477,77.98507462686567,4.850746268656716,73.13432835820896
E00052566,261,73,36,37,188,18,170,27.969348659003828,13.793103448275861,14.17624521072797,72.03065134099617,6.896551724137931,65.13409961685824
E00052567,327,73,39,34,254,14,240,22.32415902140673,11.926605504587156,10.397553516819572,77.67584097859327,4.281345565749235,73.39449541284404
E00052568,276,56,28,28,220,17,203,20.28985507246377,10.144927536231885,10.144927536231885,79.71014492753623,6.159420289855073,73.55072463768117
E00052569,379,82,37,45,297,17,280,21.63588390501319,9.762532981530343,11.87335092348285,78.3641160949868,4.485488126649076,73.87862796833772
E00052570,341,61,29,32,280,11,269,17.888563049853374,8.504398826979472,9.3841642228739,82.11143695014663,3.225806451612903,78.88563049853371
E00052571,398,74,30,44,324,23,301,18.592964824120603,7.537688442211055,11.055276381909549,81.4070351758794,5.778894472361809,75.62814070351759
E00052572,397,75,44,31,322,24,298,18.89168765743073,11.083123425692696,7.8085642317380355,81.10831234256926,6.045340050377834,75.06297229219143
E00052573,326,63,24,39,263,12,251,19.32515337423313,7.361963190184049,11.96319018404908,80.67484662576688,3.6809815950920246,76.99386503067484
E00052574,313,61,32,29,252,15,237,19.488817891373802,10.223642172523961,9.26517571884984,80.5111821086262,4.792332268370607,75.71884984025559
E00052575,287,73,33,40,214,15,199,25.435540069686414,11.498257839721255,13.937282229965156,74.56445993031359,5.2264808362369335,69.33797909407666
E00052576,445,90,49,41,355,23,332,20.224719101123593,11.01123595505618,9.213483146067416,79.7752808988764,5.168539325842696,74.6067415730337
E00052577,527,109,51,58,418,31,387,20.683111954459203,9.67741935483871,11.005692599620494,79.31688804554081,5.88235294117647,73.43453510436433
E00168239,460,71,10,61,389,28,361,15.434782608695652,2.1739130434782608,13.260869565217392,84.56521739130434,6.086956521739131,78.47826086956522
E00168240,160,56,24,32,104,6,98,35,15,20,65,3.75,61.25000000000001
E00168241,215,36,8,28,179,25,154,16.74418604651163,3.7209302325581395,13.023255813953488,83.25581395348837,11.627906976744185,71.62790697674419
E00168243,224,26,8,18,198,10,188,11.607142857142858,3.571428571428571,8.035714285714286,88.39285714285714,4.464285714285714,83.92857142857143
E00168244,351,40,21,19,311,11,300,11.396011396011396,5.982905982905983,5.413105413105413,88.6039886039886,3.133903133903134,85.47008547008546
E00168245,448,79,32,47,369,21,348,17.633928571428573,7.142857142857142,10.491071428571429,82.36607142857143,4.6875,77.67857142857143
E00168246,265,18,5,13,247,10,237,6.7924528301886795,1.8867924528301887,4.905660377358491,93.20754716981132,3.7735849056603774,89.43396226415095
E00168247,367,36,11,25,331,12,319,9.809264305177113,2.997275204359673,6.811989100817439,90.19073569482289,3.2697547683923704,86.92098092643052
E00168248,300,39,16,23,261,18,243,13,5.333333333333334,7.666666666666666,87,6,81
E00168249,296,31,10,21,265,18,247,10.472972972972974,3.3783783783783785,7.094594594594595,89.52702702702703,6.081081081081082,83.44594594594594
E00168250,174,32,12,20,142,15,127,18.39080459770115,6.896551724137931,11.494252873563218,81.60919540229885,8.620689655172415,72.98850574712644
E00168251,196,62,28,34,134,18,116,31.63265306122449,14.285714285714285,17.346938775510203,68.36734693877551,9.183673469387756,59.183673469387756
E00168252,443,61,35,26,382,18,364,13.769751693002258,7.900677200902935,5.8690744920993225,86.23024830699775,4.063205417607223,82.16704288939052
E00168253,314,37,17,20,277,11,266,11.78343949044586,5.414012738853503,6.369426751592357,88.21656050955414,3.5031847133757963,84.71337579617835
E00168254,410,94,48,46,316,10,306,22.926829268292686,11.707317073170733,11.219512195121952,77.07317073170732,2.4390243902439024,74.63414634146342
E00168255,469,70,39,31,399,16,383,14.925373134328357,8.315565031982942,6.609808102345416,85.07462686567165,3.411513859275053,81.6631130063966
E00168256,436,88,40,48,348,12,336,20.18348623853211,9.174311926605505,11.009174311926607,79.81651376146789,2.7522935779816518,77.06422018348624
E00168257,187,34,12,22,153,12,141,18.181818181818183,6.417112299465241,11.76470588235294,81.81818181818183,6.417112299465241,75.40106951871658
E00168258,196,30,16,14,166,12,154,15.306122448979592,8.16326530612245,7.142857142857142,84.6938775510204,6.122448979591836,78.57142857142857
E00168259,486,53,17,36,433,42,391,10.905349794238683,3.4979423868312756,7.4074074074074066,89.09465020576131,8.641975308641975,80.45267489711934
E00168260,507,35,20,15,472,29,443,6.903353057199212,3.9447731755424065,2.9585798816568047,93.09664694280079,5.719921104536489,87.3767258382643
E00168261,302,38,17,21,264,23,241,12.582781456953644,5.629139072847682,6.95364238410596,87.41721854304636,7.6158940397351,79.80132450331125
E00168262,351,35,11,24,316,19,297,9.971509971509972,3.133903133903134,6.837606837606838,90.02849002849003,5.413105413105413,84.61538461538461
E00168263,336,58,16,42,278,19,259,17.261904761904763,4.761904761904762,12.5,82.73809523809523,5.654761904761905,77.08333333333334
E00168264,459,49,12,37,410,16,394,10.675381263616558,2.6143790849673203,8.061002178649238,89.32461873638344,3.485838779956427,85.83877995642702
E00168265,488,37,18,19,451,23,428,7.581967213114754,3.6885245901639343,3.8934426229508197,92.41803278688525,4.713114754098361,87.70491803278688
E00168266,471,45,15,30,426,29,397,9.554140127388536,3.1847133757961785,6.369426751592357,90.44585987261146,6.1571125265392785,84.288747346072185
E00168267,358,75,32,43,283,32,251,20.949720670391063,8.938547486033519,12.011173184357542,79.05027932960894,8.938547486033519,70.11173184357543
E00168268,260,35,11,24,225,24,201,13.461538461538462,4.230769230769231,9.230769230769232,86.53846153846155,9.230769230769232,77.3076923076923
E00168269,273,70,34,36,203,17,186,25.64102564102564,12.454212454212454,13.186813186813188,74.35897435897436,6.227106227106227,68.13186813186813
E00168271,429,114,64,50,315,30,285,26.573426573426573,14.918414918414918,11.655011655011654,73.42657342657343,6.993006993006993,66.43356643356644
E00168272,410,104,45,59,306,10,296,25.365853658536587,10.975609756097562,14.390243902439023,74.63414634146342,2.4390243902439024,72.1951219512195
E00168273,416,93,41,52,323,25,298,22.355769230769234,9.85576923076923,12.5,77.64423076923077,6.009615384615385,71.63461538461539
E00168275,472,53,25,28,419,27,392,11.228813559322035,5.296610169491525,5.932203389830509,88.77118644067797,5.720338983050848,83.05084745762711
E00168276,473,130,76,54,343,23,320,27.48414376321353,16.0676532769556,11.416490486257928,72.51585623678648,4.862579281183932,67.65327695560254
E00177373,225,29,9,20,196,7,189,12.88888888888889,4,8.88888888888889,87.1111111111111,3.111111111111111,84
E00177375,561,93,41,52,468,19,449,16.577540106951872,7.308377896613191,9.269162210338681,83.42245989304813,3.3868092691622103,80.03565062388593
E00177378,194,37,21,16,157,9,148,19.072164948453608,10.824742268041238,8.24742268041237,80.9278350515464,4.639175257731959,76.28865979381443
E00177379,136,10,3,7,126,6,120,7.352941176470589,2.2058823529411766,5.147058823529411,92.64705882352942,4.411764705882353,88.23529411764706
E00177381,256,12,6,6,244,12,232,4.6875,2.34375,2.34375,95.3125,4.6875,90.625
E00177386,558,83,45,38,475,19,456,14.874551971326163,8.064516129032258,6.810035842293908,85.12544802867383,3.405017921146954,81.72043010752688
E00177390,386,78,43,35,308,11,297,20.207253886010363,11.139896373056994,9.067357512953368,79.79274611398964,2.849740932642487,76.94300518134715
E00177392,261,62,41,21,199,8,191,23.754789272030653,15.708812260536398,8.045977011494253,76.24521072796935,3.065134099616858,73.18007662835248
E00177393,339,78,31,47,261,21,240,23.008849557522122,9.144542772861357,13.864306784660767,76.99115044247787,6.1946902654867255,70.79646017699115
E00177394,514,54,28,26,460,24,436,10.505836575875486,5.447470817120623,5.058365758754864,89.49416342412452,4.669260700389105,84.8249027237354
E00177396,136,36,21,15,100,8,92,26.47058823529412,15.441176470588236,11.029411764705882,73.52941176470588,5.88235294117647,67.64705882352942
E00177397,370,61,29,32,309,14,295,16.486486486486488,7.837837837837839,8.64864864864865,83.51351351351352,3.783783783783784,79.72972972972973
E00177402,197,29,9,20,168,2,166,14.720812182741117,4.568527918781726,10.152284263959391,85.27918781725889,1.015228426395939,84.26395939086294
E00177403,336,82,41,41,254,17,237,24.404761904761905,12.202380952380953,12.202380952380953,75.59523809523809,5.059523809523809,70.53571428571429
E00177405,485,64,32,32,421,16,405,13.195876288659795,6.5979381443298974,6.5979381443298974,86.80412371134021,3.2989690721649487,83.50515463917526
E00177406,486,88,49,39,398,18,380,18.106995884773664,10.08230452674897,8.024691358024691,81.89300411522635,3.7037037037037033,78.18930041152264
E00177408,459,66,34,32,393,22,371,14.37908496732026,7.4074074074074066,6.971677559912854,85.62091503267973,4.793028322440087,80.82788671023965
E00177409,200,26,13,13,174,11,163,13,6.5,6.5,87,5.5,81.5
E00177411,413,118,64,54,295,16,279,28.57142857142857,15.49636803874092,13.075060532687651,71.42857142857143,3.87409200968523,67.55447941888619
E00177418,601,74,36,38,527,25,502,12.312811980033278,5.990016638935108,6.322795341098169,87.68718801996673,4.159733777038269,83.52745424292846
E00177419,150,34,10,24,116,7,109,22.666666666666664,6.666666666666667,16,77.33333333333333,4.666666666666667,72.66666666666667
E00177424,410,45,18,27,365,8,357,10.975609756097562,4.390243902439024,6.585365853658537,89.02439024390245,1.951219512195122,87.07317073170732
E00177426,350,59,30,29,291,12,279,16.857142857142858,8.571428571428571,8.285714285714285,83.14285714285714,3.428571428571429,79.71428571428572
E00177429,313,67,25,42,246,11,235,21.405750798722046,7.987220447284344,13.418530351437699,78.59424920127796,3.5143769968051117,75.07987220447284
E00177430,275,28,14,14,247,12,235,10.181818181818182,5.090909090909091,5.090909090909091,89.81818181818181,4.363636363636364,85.45454545454545
E00177432,102,51,27,24,51,2,49,50,26.47058823529412,23.52941176470588,50,1.9607843137254901,48.03921568627451
E00177434,225,35,16,19,190,12,178,15.555555555555555,7.111111111111111,8.444444444444445,84.44444444444444,5.333333333333334,79.11111111111111
E00177437,144,14,6,8,130,7,123,9.722222222222223,4.166666666666666,5.555555555555555,90.27777777777779,4.861111111111112,85.41666666666666
E00177439,455,43,20,23,412,22,390,9.45054945054945,4.395604395604396,5.054945054945055,90.54945054945055,4.835164835164836,85.71428571428571
E00177441,195,31,19,12,164,0,164,15.897435897435896,9.7435897435897445,6.153846153846154,84.1025641025641,0,84.1025641025641
E00177444,281,59,25,34,222,17,205,20.99644128113879,8.896797153024911,12.099644128113878,79.00355871886121,6.049822064056939,72.95373665480427
E00177454,407,33,12,21,374,14,360,8.108108108108109,2.9484029484029484,5.159705159705159,91.8918918918919,3.43980343980344,88.45208845208845
E00177455,315,28,9,19,287,10,277,8.88888888888889,2.857142857142857,6.031746031746032,91.11111111111111,3.1746031746031744,87.93650793650794
E00177456,195,74,44,30,121,11,110,37.94871794871795,22.564102564102566,15.384615384615385,62.05128205128205,5.641025641025641,56.41025641025641
E00177464,275,11,1,10,264,19,245,4,0.36363636363636365,3.6363636363636362,96,6.909090909090909,89.0909090909091
E00177465,365,48,16,32,317,11,306,13.150684931506849,4.383561643835616,8.767123287671232,86.84931506849315,3.0136986301369864,83.83561643835617
E00177467,320,74,40,34,246,6,240,23.125,12.5,10.625,76.875,1.875,75
E00177475,189,29,15,14,160,18,142,15.343915343915343,7.936507936507936,7.4074074074074066,84.65608465608466,9.523809523809524,75.13227513227513
E00177480,190,25,9,16,165,17,148,13.157894736842104,4.736842105263158,8.421052631578947,86.8421052631579,8.947368421052632,77.89473684210526
