OA,ts0590001,ts0590002,ts0590003,ts0590004,ts0590005,ts0590006,ts0590007,ts0590002_PCT,ts0590003_PCT,ts0590004_PCT,ts0590005_PCT,ts0590006_PCT,ts0590007_PCT
E00008537,101,50,28,22,51,43,8,49.504950495049506,27.722772277227726,21.782178217821784,50.495049504950494,42.57425742574257,7.920792079207921
E00008538,177,28,13,15,149,131,18,15.819209039548024,7.344632768361582,8.47457627118644,84.18079096045197,74.01129943502825,10.16949152542373
E00008539,152,24,10,14,128,99,29,15.789473684210526,6.578947368421052,9.210526315789473,84.21052631578947,65.13157894736842,19.078947368421055
E00008540,89,23,5,18,66,57,9,25.842696629213485,5.617977528089887,20.224719101123593,74.15730337078652,64.04494382022472,10.112359550561797
E00008542,272,54,10,44,218,175,43,19.852941176470587,3.6764705882352944,16.176470588235293,80.14705882352942,64.33823529411765,15.808823529411764
E00008543,244,63,26,37,181,149,32,25.81967213114754,10.655737704918032,15.163934426229508,74.18032786885246,61.065573770491795,13.114754098360656
E00008544,136,47,23,24,89,73,16,34.55882352941176,16.911764705882355,17.647058823529413,65.44117647058823,53.67647058823529,11.76470588235294
E00008545,193,35,16,19,158,130,28,18.134715025906736,8.290155440414509,9.844559585492227,81.86528497409327,67.35751295336787,14.507772020725387
E00008548,152,41,20,21,111,95,16,26.973684210526315,13.157894736842104,13.815789473684212,73.02631578947368,62.5,10.526315789473683
E00008549,231,43,14,29,188,157,31,18.614718614718615,6.0606060606060606,12.554112554112553,81.38528138528139,67.96536796536796,13.41991341991342
E00008550,134,32,14,18,102,84,18,23.88059701492537,10.44776119402985,13.432835820895523,76.11940298507463,62.68656716417911,13.432835820895523
E00008552,184,37,19,18,147,121,26,20.108695652173914,10.326086956521738,9.782608695652174,79.8913043478261,65.76086956521739,14.130434782608695
E00008554,197,47,16,31,150,133,17,23.85786802030457,8.121827411167512,15.736040609137056,76.14213197969542,67.51269035532995,8.629441624365482
E00008555,137,24,8,16,113,102,11,17.51824817518248,5.839416058394161,11.678832116788321,82.48175182481752,74.45255474452554,8.02919708029197
E00008557,118,39,17,22,79,70,9,33.05084745762712,14.40677966101695,18.64406779661017,66.94915254237289,59.32203389830508,7.627118644067797
E00008558,114,65,23,42,49,46,3,57.01754385964912,20.175438596491226,36.84210526315789,42.98245614035088,40.35087719298245,2.631578947368421
E00008559,158,42,17,25,116,90,26,26.582278481012654,10.759493670886076,15.822784810126583,73.41772151898735,56.9620253164557,16.455696202531644
E00008560,250,52,28,24,198,155,43,20.8,11.200000000000001,9.6,79.2,62,17.2
E00008561,99,33,14,19,66,61,5,33.33333333333333,14.14141414141414,19.19191919191919,66.66666666666666,61.61616161616161,5.05050505050505
E00008562,168,31,10,21,137,106,31,18.452380952380953,5.952380952380952,12.5,81.54761904761905,63.095238095238095,18.452380952380953
E00008563,153,31,12,19,122,99,23,20.26143790849673,7.8431372549019605,12.418300653594772,79.73856209150327,64.70588235294117,15.032679738562091
E00008564,207,42,13,29,165,131,34,20.28985507246377,6.280193236714976,14.009661835748794,79.71014492753623,63.28502415458937,16.425120772946862
E00008565,265,46,18,28,219,155,64,17.358490566037734,6.7924528301886795,10.566037735849058,82.64150943396227,58.490566037735846,24.150943396226417
E00008566,167,24,11,13,143,115,28,14.37125748502994,6.58682634730539,7.784431137724551,85.62874251497006,68.8622754491018,16.766467065868262
E00008568,111,27,11,16,84,64,20,24.324324324324326,9.90990990990991,14.414414414414415,75.67567567567568,57.65765765765766,18.01801801801802
E00008570,209,51,25,26,158,123,35,24.401913875598087,11.961722488038278,12.440191387559809,75.5980861244019,58.85167464114832,16.74641148325359
E00008571,200,45,15,30,155,128,27,22.5,7.5,15,77.5,64,13.5
E00008572,209,56,26,30,153,138,15,26.794258373205743,12.440191387559809,14.354066985645932,73.20574162679426,66.02870813397129,7.177033492822966
E00008573,213,39,17,22,174,131,43,18.30985915492958,7.981220657276995,10.328638497652582,81.69014084507043,61.502347417840376,20.187793427230048
E00008574,198,35,17,18,163,130,33,17.67676767676768,8.585858585858585,9.090909090909092,82.32323232323232,65.65656565656566,16.666666666666664
E00008575,118,41,14,27,77,61,16,34.74576271186441,11.864406779661017,22.88135593220339,65.2542372881356,51.69491525423729,13.559322033898304
E00008576,81,43,17,26,38,32,6,53.086419753086425,20.98765432098765,32.098765432098766,46.913580246913575,39.50617283950617,7.4074074074074066
E00008577,158,27,11,16,131,101,30,17.088607594936708,6.962025316455696,10.126582278481013,82.91139240506328,63.92405063291139,18.9873417721519
E00008578,246,59,22,37,187,144,43,23.983739837398375,8.94308943089431,15.040650406504067,76.01626016260163,58.536585365853654,17.479674796747968
E00008579,225,89,31,58,136,121,15,39.55555555555556,13.777777777777779,25.77777777777778,60.44444444444444,53.77777777777778,6.666666666666667
E00008580,238,102,27,75,136,116,20,42.857142857142854,11.344537815126051,31.512605042016805,57.14285714285714,48.739495798319325,8.403361344537815
E00008581,160,90,26,64,70,59,11,56.25,16.25,40,43.75,36.875,6.875000000000001
E00008583,175,58,16,42,117,105,12,33.14285714285714,9.142857142857142,24,66.85714285714286,60,6.857142857142858
E00008584,261,86,34,52,175,145,30,32.95019157088122,13.026819923371647,19.923371647509576,67.04980842911877,55.55555555555556,11.494252873563218
E00008585,128,56,15,41,72,65,7,43.75,11.71875,32.03125,56.25,50.78125,5.46875
E00008586,166,120,23,97,46,38,8,72.28915662650603,13.855421686746988,58.43373493975904,27.710843373493976,22.89156626506024,4.819277108433735
E00008587,190,114,37,77,76,58,18,60,19.473684210526315,40.526315789473685,40,30.526315789473685,9.473684210526317
E00008588,110,42,13,29,68,61,7,38.18181818181819,11.818181818181818,26.36363636363636,61.81818181818181,55.45454545454545,6.363636363636363
E00008589,198,95,34,61,103,85,18,47.97979797979798,17.17171717171717,30.808080808080806,52.02020202020202,42.92929292929293,9.090909090909092
E00008590,207,102,33,69,105,90,15,49.275362318840585,15.942028985507244,33.33333333333333,50.72463768115942,43.47826086956522,7.246376811594203
E00008591,141,54,23,31,87,72,15,38.297872340425535,16.312056737588655,21.98581560283688,61.702127659574465,51.06382978723404,10.638297872340425
E00008592,182,112,39,73,70,61,9,61.53846153846154,21.428571428571427,40.10989010989011,38.46153846153847,33.51648351648351,4.945054945054945
E00008593,84,48,15,33,36,26,10,57.14285714285714,17.857142857142858,39.285714285714285,42.857142857142854,30.952380952380953,11.904761904761903
E00008594,212,112,31,81,100,85,15,52.83018867924528,14.622641509433961,38.20754716981132,47.16981132075472,40.09433962264151,7.0754716981132075
E00008596,238,108,29,79,130,120,10,45.378151260504204,12.184873949579831,33.193277310924366,54.621848739495796,50.42016806722689,4.201680672268908
E00008597,202,153,37,116,49,35,14,75.74257425742574,18.316831683168317,57.42574257425742,24.257425742574256,17.326732673267326,6.9306930693069315
E00008598,211,75,26,49,136,117,19,35.54502369668246,12.322274881516588,23.22274881516588,64.45497630331754,55.45023696682464,9.004739336492891
E00008599,166,84,26,58,82,75,7,50.602409638554214,15.66265060240964,34.93975903614458,49.39759036144578,45.18072289156627,4.216867469879518
E00008600,263,102,29,73,161,132,29,38.78326996197718,11.02661596958175,27.756653992395435,61.21673003802282,50.19011406844106,11.02661596958175
E00008601,181,150,42,108,31,27,4,82.87292817679558,23.204419889502763,59.66850828729282,17.12707182320442,14.917127071823206,2.209944751381215
E00008602,134,45,20,25,89,80,9,33.582089552238806,14.925373134328357,18.65671641791045,66.4179104477612,59.70149253731343,6.7164179104477615
E00008603,163,84,24,60,79,75,4,51.533742331288344,14.723926380368098,36.809815950920246,48.466257668711656,46.012269938650306,2.4539877300613497
E00008604,239,63,25,38,176,145,31,26.359832635983267,10.460251046025103,15.899581589958158,73.64016736401673,60.66945606694561,12.97071129707113
E00008605,247,110,42,68,137,109,28,44.534412955465584,17.00404858299595,27.530364372469634,55.465587044534416,44.12955465587044,11.336032388663968
E00008606,131,53,22,31,78,60,18,40.458015267175576,16.793893129770993,23.66412213740458,59.541984732824424,45.80152671755725,13.740458015267176
E00008607,256,54,17,37,202,179,23,21.09375,6.640625,14.453125,78.90625,69.921875,8.984375
E00008609,149,35,11,24,114,99,15,23.48993288590604,7.38255033557047,16.10738255033557,76.51006711409396,66.44295302013423,10.06711409395973
E00008610,167,51,14,37,116,109,7,30.538922155688624,8.383233532934131,22.15568862275449,69.46107784431138,65.26946107784431,4.191616766467066
E00008611,291,70,25,45,221,181,40,24.054982817869416,8.59106529209622,15.463917525773196,75.94501718213058,62.19931271477663,13.745704467353953
E00008612,155,48,23,25,107,90,17,30.967741935483872,14.838709677419354,16.129032258064516,69.03225806451613,58.06451612903226,10.967741935483872
E00008613,159,51,15,36,108,88,20,32.075471698113205,9.433962264150944,22.641509433962266,67.9245283018868,55.34591194968554,12.578616352201259
E00008619,97,23,9,14,74,63,11,23.711340206185564,9.278350515463918,14.432989690721648,76.28865979381443,64.94845360824742,11.34020618556701
E00008620,111,15,6,9,96,76,20,13.513513513513514,5.405405405405405,8.108108108108109,86.48648648648648,68.46846846846847,18.01801801801802
E00008621,169,51,24,27,118,95,23,30.17751479289941,14.201183431952662,15.976331360946746,69.8224852071006,56.213017751479285,13.609467455621301
E00008622,184,68,25,43,116,100,16,36.95652173913043,13.586956521739129,23.369565217391305,63.04347826086957,54.347826086956516,8.695652173913043
E00008623,93,53,20,33,40,32,8,56.98924731182796,21.50537634408602,35.483870967741936,43.01075268817204,34.40860215053764,8.60215053763441
E00008624,114,35,11,24,79,68,11,30.701754385964914,9.649122807017543,21.052631578947366,69.2982456140351,59.64912280701754,9.649122807017543
E00008625,147,62,21,41,85,85,0,42.17687074829932,14.285714285714285,27.89115646258503,57.82312925170068,57.82312925170068,0
E00008626,127,63,33,30,64,55,9,49.60629921259843,25.984251968503933,23.62204724409449,50.39370078740157,43.30708661417323,7.086614173228346
E00008627,93,33,12,21,60,53,7,35.483870967741936,12.903225806451612,22.58064516129032,64.51612903225806,56.98924731182796,7.526881720430108
E00008628,130,46,11,35,84,68,16,35.38461538461539,8.461538461538462,26.923076923076923,64.61538461538461,52.307692307692314,12.307692307692308
E00008629,112,49,18,31,63,54,9,43.75,16.071428571428573,27.67857142857143,56.25,48.214285714285715,8.035714285714286
E00008630,319,61,23,38,258,214,44,19.122257053291534,7.210031347962382,11.912225705329153,80.87774294670847,67.0846394984326,13.793103448275861
E00008631,247,68,22,46,179,132,47,27.530364372469634,8.906882591093117,18.62348178137652,72.46963562753037,53.441295546558706,19.02834008097166
E00008632,191,71,27,44,120,105,15,37.17277486910995,14.136125654450263,23.036649214659686,62.82722513089005,54.973821989528794,7.853403141361256
E00008633,251,43,17,26,208,173,35,17.131474103585656,6.772908366533864,10.358565737051793,82.86852589641434,68.92430278884463,13.94422310756972
E00008634,212,67,25,42,145,125,20,31.60377358490566,11.79245283018868,19.81132075471698,68.39622641509435,58.9622641509434,9.433962264150944
E00008635,296,74,22,52,222,185,37,25,7.4324324324324325,17.56756756756757,75,62.5,12.5
E00008636,288,85,27,58,203,153,50,29.51388888888889,9.375,20.13888888888889,70.48611111111111,53.125,17.36111111111111
E00008637,187,52,18,34,135,110,25,27.807486631016044,9.62566844919786,18.181818181818183,72.19251336898395,58.82352941176471,13.368983957219251
E00008638,201,55,20,35,146,111,35,27.363184079601986,9.950248756218906,17.412935323383085,72.636815920398,55.223880597014926,17.412935323383085
E00008639,248,56,22,34,192,156,36,22.58064516129032,8.870967741935484,13.709677419354838,77.41935483870968,62.903225806451616,14.516129032258066
E00008640,178,67,21,46,111,97,14,37.640449438202246,11.797752808988763,25.842696629213485,62.35955056179775,54.49438202247191,7.865168539325842
E00008641,129,37,14,23,92,72,20,28.68217054263566,10.852713178294573,17.829457364341085,71.31782945736434,55.81395348837209,15.503875968992247
E00008642,167,41,16,25,126,102,24,24.550898203592812,9.580838323353294,14.97005988023952,75.44910179640718,61.07784431137725,14.37125748502994
E00008643,161,42,9,33,119,103,16,26.08695652173913,5.590062111801243,20.496894409937887,73.91304347826086,63.975155279503106,9.937888198757763
E00008644,201,36,17,19,165,128,37,17.91044776119403,8.45771144278607,9.45273631840796,82.08955223880598,63.681592039801,18.407960199004975
E00008646,120,36,18,18,84,75,9,30,15,15,70,62.5,7.5
E00008647,118,28,6,22,90,79,11,23.728813559322035,5.084745762711865,18.64406779661017,76.27118644067797,66.94915254237289,9.322033898305085
E00008648,194,49,17,32,145,104,41,25.257731958762886,8.762886597938143,16.49484536082474,74.74226804123711,53.608247422680414,21.1340206185567
E00008649,170,48,18,30,122,102,20,28.235294117647058,10.588235294117647,17.647058823529413,71.76470588235294,60,11.76470588235294
E00008650,191,41,16,25,150,121,29,21.465968586387437,8.37696335078534,13.089005235602095,78.53403141361257,63.35078534031413,15.18324607329843
E00008651,171,50,22,28,121,89,32,29.239766081871345,12.865497076023392,16.374269005847953,70.76023391812866,52.046783625730995,18.71345029239766
E00008652,138,32,11,21,106,90,16,23.18840579710145,7.971014492753622,15.217391304347828,76.81159420289855,65.21739130434783,11.594202898550725
E00008653,119,40,17,23,79,69,10,33.61344537815126,14.285714285714285,19.327731092436977,66.38655462184873,57.98319327731093,8.403361344537815
E00008654,173,40,11,29,133,102,31,23.121387283236995,6.358381502890173,16.76300578034682,76.878612716763,58.95953757225434,17.91907514450867
E00008655,155,40,11,29,115,101,14,25.806451612903224,7.096774193548387,18.70967741935484,74.19354838709677,65.16129032258064,9.032258064516128
E00008656,137,35,14,21,102,77,25,25.547445255474454,10.218978102189782,15.328467153284672,74.45255474452554,56.20437956204379,18.248175182481752
E00008657,75,22,11,11,53,46,7,29.333333333333332,14.666666666666666,14.666666666666666,70.66666666666667,61.33333333333333,9.333333333333334
E00008658,154,37,7,30,117,78,39,24.025974025974026,4.545454545454546,19.480519480519483,75.97402597402598,50.649350649350644,25.324675324675322
E00008659,304,67,21,46,237,203,34,22.039473684210524,6.907894736842106,15.131578947368421,77.96052631578947,66.77631578947368,11.18421052631579
E00008660,176,52,22,30,124,102,22,29.545454545454547,12.5,17.045454545454543,70.45454545454545,57.95454545454546,12.5
E00008661,306,59,21,38,247,188,59,19.28104575163399,6.862745098039216,12.418300653594772,80.71895424836602,61.43790849673203,19.28104575163399
E00008662,217,46,21,25,171,138,33,21.19815668202765,9.67741935483871,11.52073732718894,78.80184331797236,63.594470046082954,15.207373271889402
E00008663,158,36,15,21,122,104,18,22.78481012658228,9.49367088607595,13.291139240506327,77.21518987341773,65.82278481012658,11.39240506329114
E00008664,186,60,24,36,126,95,31,32.25806451612903,12.903225806451612,19.35483870967742,67.74193548387096,51.075268817204304,16.666666666666664
E00008665,146,51,22,29,95,82,13,34.93150684931507,15.068493150684931,19.863013698630137,65.06849315068493,56.16438356164384,8.904109589041095
E00008666,309,90,22,68,219,182,37,29.126213592233007,7.119741100323624,22.006472491909385,70.87378640776699,58.89967637540453,11.974110032362459
E00008667,173,34,10,24,139,114,25,19.653179190751445,5.780346820809249,13.872832369942195,80.34682080924856,65.89595375722543,14.450867052023122
E00008668,212,45,20,25,167,134,33,21.22641509433962,9.433962264150944,11.79245283018868,78.77358490566037,63.20754716981132,15.566037735849056
E00008669,143,50,22,28,93,80,13,34.96503496503497,15.384615384615385,19.58041958041958,65.03496503496503,55.94405594405595,9.090909090909092
E00008670,172,41,17,24,131,107,24,23.837209302325583,9.883720930232558,13.953488372093023,76.16279069767442,62.2093023255814,13.953488372093023
E00008671,186,45,17,28,141,106,35,24.193548387096776,9.13978494623656,15.053763440860216,75.80645161290323,56.98924731182796,18.817204301075268
E00008672,182,48,15,33,134,108,26,26.373626373626376,8.241758241758241,18.13186813186813,73.62637362637363,59.34065934065934,14.285714285714285
E00008673,170,42,18,24,128,93,35,24.705882352941178,10.588235294117647,14.117647058823529,75.29411764705883,54.70588235294118,20.588235294117645
E00008674,293,55,23,32,238,209,29,18.771331058020476,7.849829351535837,10.921501706484642,81.22866894197952,71.33105802047781,9.897610921501707
E00008675,189,48,20,28,141,114,27,25.396825396825395,10.582010582010582,14.814814814814813,74.60317460317461,60.317460317460316,14.285714285714285
E00008676,97,40,14,26,57,52,5,41.23711340206185,14.432989690721648,26.804123711340207,58.76288659793815,53.608247422680414,5.154639175257731
E00008677,204,29,12,17,175,141,34,14.215686274509803,5.88235294117647,8.333333333333332,85.7843137254902,69.11764705882352,16.666666666666664
E00008678,173,39,10,29,134,108,26,22.54335260115607,5.780346820809249,16.76300578034682,77.45664739884393,62.42774566473989,15.028901734104046
E00008679,159,48,19,29,111,98,13,30.18867924528302,11.949685534591195,18.238993710691823,69.81132075471697,61.63522012578616,8.176100628930817
E00008680,196,56,26,30,140,121,19,28.57142857142857,13.26530612244898,15.306122448979592,71.42857142857143,61.73469387755102,9.693877551020408
E00008681,116,27,8,19,89,76,13,23.275862068965516,6.896551724137931,16.379310344827587,76.72413793103449,65.51724137931035,11.206896551724139
E00008682,287,45,9,36,242,180,62,15.6794425087108,3.1358885017421603,12.543554006968641,84.3205574912892,62.7177700348432,21.602787456445995
E00008683,138,37,9,28,101,86,15,26.811594202898554,6.521739130434782,20.28985507246377,73.18840579710145,62.31884057971014,10.869565217391305
E00008684,147,57,22,35,90,76,14,38.775510204081634,14.965986394557824,23.809523809523807,61.224489795918366,51.70068027210885,9.523809523809524
E00008685,151,50,16,34,101,95,6,33.11258278145696,10.596026490066226,22.516556291390728,66.88741721854305,62.913907284768214,3.9735099337748347
E00008686,232,53,19,34,179,121,58,22.844827586206897,8.189655172413794,14.655172413793101,77.15517241379311,52.1551724137931,25
E00008687,114,32,16,16,82,62,20,28.07017543859649,14.035087719298245,14.035087719298245,71.9298245614035,54.385964912280706,17.543859649122805
E00008689,119,39,19,20,80,55,25,32.773109243697476,15.966386554621847,16.80672268907563,67.22689075630252,46.21848739495798,21.008403361344538
E00008691,199,30,8,22,169,138,31,15.07537688442211,4.0201005025125625,11.055276381909549,84.92462311557789,69.34673366834171,15.577889447236181
E00008692,249,68,19,49,181,161,20,27.309236947791167,7.630522088353414,19.67871485943775,72.69076305220884,64.65863453815261,8.032128514056225
E00008694,248,32,16,16,216,158,58,12.903225806451612,6.451612903225806,6.451612903225806,87.09677419354838,63.70967741935484,23.387096774193548
E00008695,294,57,21,36,237,186,51,19.387755102040817,7.142857142857142,12.244897959183673,80.61224489795919,63.26530612244898,17.346938775510203
E00008696,125,34,12,22,91,75,16,27.200000000000003,9.6,17.599999999999998,72.8,60,12.8
E00008698,167,48,14,34,119,99,20,28.74251497005988,8.383233532934131,20.359281437125748,71.25748502994011,59.281437125748504,11.976047904191617
E00008699,255,62,19,43,193,152,41,24.313725490196077,7.450980392156863,16.862745098039216,75.68627450980392,59.6078431372549,16.07843137254902
E00008700,150,42,16,26,108,86,22,28.000000000000004,10.666666666666668,17.333333333333336,72,57.333333333333336,14.666666666666666
E00008702,173,47,19,28,126,95,31,27.167630057803464,10.982658959537572,16.184971098265898,72.83236994219652,54.91329479768786,17.91907514450867
E00008704,110,21,11,10,89,67,22,19.090909090909093,10,9.090909090909092,80.9090909090909,60.909090909090914,20
E00008705,198,41,19,22,157,125,32,20.707070707070706,9.595959595959595,11.11111111111111,79.29292929292929,63.13131313131313,16.161616161616163
E00008706,111,31,18,13,80,69,11,27.927927927927925,16.216216216216218,11.711711711711711,72.07207207207207,62.16216216216216,9.90990990990991
E00008707,385,59,19,40,326,249,77,15.324675324675324,4.935064935064935,10.38961038961039,84.67532467532467,64.67532467532467,20
E00008708,145,33,9,24,112,95,17,22.758620689655174,6.206896551724138,16.551724137931036,77.24137931034483,65.51724137931035,11.724137931034482
E00008709,225,57,21,36,168,135,33,25.333333333333336,9.333333333333334,16,74.66666666666667,60,14.666666666666666
E00008710,168,40,15,25,128,96,32,23.809523809523807,8.928571428571429,14.880952380952381,76.19047619047619,57.14285714285714,19.047619047619047
E00008711,117,39,22,17,78,66,12,33.33333333333333,18.803418803418804,14.529914529914532,66.66666666666666,56.41025641025641,10.256410256410255
E00008712,167,50,15,35,117,101,16,29.94011976047904,8.982035928143713,20.958083832335326,70.05988023952095,60.47904191616767,9.580838323353294
E00008713,170,65,14,51,105,94,11,38.23529411764706,8.235294117647058,30,61.76470588235294,55.294117647058826,6.470588235294119
E00008714,165,48,17,31,117,96,21,29.09090909090909,10.303030303030303,18.787878787878785,70.9090909090909,58.18181818181818,12.727272727272727
E00008715,85,29,7,22,56,51,5,34.11764705882353,8.235294117647058,25.882352941176475,65.88235294117646,60,5.88235294117647
E00008716,106,37,15,22,69,59,10,34.90566037735849,14.150943396226415,20.754716981132077,65.09433962264151,55.660377358490564,9.433962264150944
E00008717,250,68,29,39,182,148,34,27.200000000000003,11.600000000000001,15.6,72.8,59.199999999999996,13.600000000000001
E00008718,194,57,22,35,137,106,31,29.381443298969074,11.34020618556701,18.04123711340206,70.61855670103093,54.63917525773196,15.979381443298967
E00008719,122,59,27,32,63,62,1,48.36065573770492,22.131147540983605,26.229508196721312,51.63934426229508,50.81967213114754,0.819672131147541
E00008720,191,60,23,37,131,112,19,31.413612565445025,12.041884816753926,19.3717277486911,68.58638743455498,58.63874345549738,9.947643979057592
E00008721,223,43,15,28,180,124,56,19.282511210762333,6.726457399103139,12.556053811659194,80.71748878923766,55.60538116591929,25.112107623318387
E00008722,219,29,9,20,190,141,49,13.24200913242009,4.10958904109589,9.1324200913242,86.7579908675799,64.38356164383562,22.37442922374429
E00008723,116,37,9,28,79,67,12,31.896551724137932,7.758620689655173,24.137931034482758,68.10344827586206,57.758620689655174,10.344827586206897
E00008725,149,41,21,20,108,80,28,27.516778523489933,14.093959731543624,13.422818791946309,72.48322147651007,53.691275167785236,18.79194630872483
E00008726,164,31,14,17,133,84,49,18.902439024390244,8.536585365853659,10.365853658536585,81.09756097560977,51.21951219512195,29.878048780487802
E00008727,174,24,10,14,150,111,39,13.793103448275861,5.747126436781609,8.045977011494253,86.20689655172413,63.793103448275865,22.413793103448278
E00008728,156,27,13,14,129,97,32,17.307692307692307,8.333333333333332,8.974358974358974,82.6923076923077,62.17948717948718,20.51282051282051
E00008729,116,49,18,31,67,51,16,42.241379310344826,15.517241379310345,26.72413793103448,57.758620689655174,43.96551724137931,13.793103448275861
E00008731,158,32,12,20,126,95,31,20.253164556962027,7.59493670886076,12.658227848101266,79.74683544303798,60.12658227848101,19.62025316455696
E00008732,110,34,8,26,76,65,11,30.909090909090907,7.2727272727272725,23.636363636363637,69.0909090909091,59.09090909090909,10
E00008734,135,48,19,29,87,75,12,35.55555555555556,14.074074074074074,21.48148148148148,64.44444444444444,55.55555555555556,8.88888888888889
E00008735,142,54,20,34,88,74,14,38.028169014084504,14.084507042253522,23.943661971830984,61.97183098591549,52.112676056338024,9.859154929577464
E00008737,154,56,26,30,98,76,22,36.36363636363637,16.883116883116884,19.480519480519483,63.63636363636363,49.35064935064935,14.285714285714285
E00008739,242,58,32,26,184,135,49,23.96694214876033,13.223140495867769,10.743801652892563,76.03305785123968,55.78512396694215,20.24793388429752
E00008740,85,23,10,13,62,50,12,27.058823529411764,11.76470588235294,15.294117647058824,72.94117647058823,58.82352941176471,14.117647058823529
E00008742,179,63,25,38,116,91,25,35.19553072625698,13.966480446927374,21.22905027932961,64.80446927374301,50.83798882681564,13.966480446927374
E00008743,161,75,31,44,86,63,23,46.58385093167702,19.25465838509317,27.32919254658385,53.41614906832298,39.130434782608695,14.285714285714285
E00008744,107,38,14,24,69,53,16,35.51401869158878,13.084112149532709,22.429906542056074,64.48598130841121,49.532710280373834,14.953271028037381
E00008745,278,51,23,28,227,189,38,18.345323741007196,8.273381294964029,10.071942446043165,81.65467625899281,67.98561151079137,13.66906474820144
E00008746,148,46,12,34,102,85,17,31.08108108108108,8.108108108108109,22.972972972972975,68.91891891891892,57.432432432432435,11.486486486486488
E00008747,142,56,20,36,86,76,10,39.436619718309856,14.084507042253522,25.352112676056336,60.56338028169014,53.52112676056338,7.042253521126761
E00008748,165,51,12,39,114,99,15,30.909090909090907,7.2727272727272725,23.636363636363637,69.0909090909091,60,9.090909090909092
E00008750,152,31,11,20,121,83,38,20.394736842105264,7.236842105263158,13.157894736842104,79.60526315789474,54.60526315789473,25
E00008752,124,40,17,23,84,69,15,32.25806451612903,13.709677419354838,18.548387096774192,67.74193548387096,55.64516129032258,12.096774193548388
E00008753,228,29,9,20,199,133,66,12.719298245614036,3.9473684210526314,8.771929824561402,87.28070175438597,58.333333333333336,28.947368421052634
E00008754,212,32,14,18,180,126,54,15.09433962264151,6.60377358490566,8.49056603773585,84.90566037735849,59.43396226415094,25.471698113207548
E00008756,335,56,13,43,279,226,53,16.716417910447763,3.880597014925373,12.835820895522387,83.28358208955224,67.46268656716417,15.82089552238806
E00008757,140,51,12,39,89,73,16,36.42857142857142,8.571428571428571,27.857142857142858,63.57142857142857,52.142857142857146,11.428571428571429
E00008758,125,34,14,20,91,80,11,27.200000000000003,11.200000000000001,16,72.8,64,8.799999999999999
E00008760,207,53,23,30,154,136,18,25.60386473429952,11.11111111111111,14.492753623188406,74.39613526570048,65.70048309178745,8.695652173913043
E00008762,223,70,23,47,153,124,29,31.390134529147986,10.31390134529148,21.076233183856502,68.60986547085201,55.60538116591929,13.004484304932735
E00008763,232,49,17,32,183,144,39,21.120689655172413,7.327586206896551,13.793103448275861,78.87931034482759,62.06896551724138,16.810344827586206
E00008764,96,40,14,26,56,52,4,41.66666666666667,14.583333333333334,27.083333333333332,58.333333333333336,54.166666666666664,4.166666666666666
E00008765,297,74,37,37,223,170,53,24.915824915824917,12.457912457912458,12.457912457912458,75.08417508417509,57.23905723905723,17.845117845117844
E00008766,94,30,4,26,64,56,8,31.914893617021278,4.25531914893617,27.659574468085108,68.08510638297872,59.57446808510638,8.51063829787234
E00008767,192,42,17,25,150,118,32,21.875,8.854166666666668,13.020833333333334,78.125,61.458333333333336,16.666666666666664
E00008768,284,69,24,45,215,167,48,24.295774647887324,8.450704225352112,15.845070422535212,75.70422535211267,58.80281690140845,16.901408450704224
E00008769,131,32,11,21,99,80,19,24.427480916030532,8.396946564885496,16.030534351145036,75.57251908396947,61.06870229007634,14.50381679389313
E00008770,252,49,14,35,203,152,51,19.444444444444446,5.555555555555555,13.88888888888889,80.55555555555556,60.317460317460316,20.238095238095237
E00008771,89,29,7,22,60,51,9,32.58426966292135,7.865168539325842,24.719101123595504,67.41573033707866,57.30337078651685,10.112359550561797
E00008772,153,42,15,27,111,87,24,27.450980392156865,9.803921568627452,17.647058823529413,72.54901960784314,56.86274509803921,15.686274509803921
E00008773,93,25,7,18,68,60,8,26.881720430107524,7.526881720430108,19.35483870967742,73.11827956989248,64.51612903225806,8.60215053763441
E00008774,85,29,11,18,56,53,3,34.11764705882353,12.941176470588237,21.176470588235293,65.88235294117646,62.35294117647059,3.5294117647058822
E00008775,136,48,23,25,88,78,10,35.294117647058826,16.911764705882355,18.38235294117647,64.70588235294117,57.35294117647059,7.352941176470589
E00008776,159,66,24,42,93,78,15,41.509433962264154,15.09433962264151,26.41509433962264,58.490566037735846,49.056603773584904,9.433962264150944
E00008777,141,62,17,45,79,70,9,43.97163120567376,12.056737588652481,31.914893617021278,56.02836879432624,49.645390070921984,6.382978723404255
E00008778,116,50,19,31,66,50,16,43.103448275862064,16.379310344827587,26.72413793103448,56.896551724137936,43.103448275862064,13.793103448275861
E00008779,208,57,25,32,151,135,16,27.403846153846157,12.01923076923077,15.384615384615385,72.59615384615384,64.90384615384616,7.6923076923076925
E00008780,101,50,17,33,51,48,3,49.504950495049506,16.831683168316832,32.67326732673268,50.495049504950494,47.524752475247524,2.9702970297029703
E00008781,146,51,22,29,95,86,9,34.93150684931507,15.068493150684931,19.863013698630137,65.06849315068493,58.9041095890411,6.164383561643835
E00008782,142,39,20,19,103,70,33,27.464788732394368,14.084507042253522,13.380281690140844,72.53521126760563,49.29577464788733,23.239436619718308
E00008783,170,86,26,60,84,78,6,50.588235294117645,15.294117647058824,35.294117647058826,49.411764705882355,45.88235294117647,3.5294117647058822
E00008785,104,22,6,16,82,74,8,21.153846153846153,5.769230769230769,15.384615384615385,78.84615384615384,71.15384615384616,7.6923076923076925
E00008786,66,21,8,13,45,34,11,31.818181818181817,12.121212121212121,19.696969696969695,68.18181818181817,51.515151515151516,16.666666666666664
E00008787,126,35,22,13,91,67,24,27.77777777777778,17.46031746031746,10.317460317460316,72.22222222222221,53.17460317460318,19.047619047619047
E00008788,186,55,24,31,131,114,17,29.56989247311828,12.903225806451612,16.666666666666664,70.43010752688173,61.29032258064516,9.13978494623656
E00008789,178,47,17,30,131,102,29,26.40449438202247,9.550561797752808,16.853932584269664,73.59550561797754,57.30337078651685,16.292134831460675
E00008790,108,42,17,25,66,56,10,38.88888888888889,15.74074074074074,23.14814814814815,61.111111111111114,51.85185185185185,9.25925925925926
E00008791,249,65,24,41,184,148,36,26.104417670682732,9.63855421686747,16.46586345381526,73.89558232931726,59.43775100401606,14.457831325301203
E00008792,236,64,28,36,172,146,26,27.11864406779661,11.864406779661017,15.254237288135593,72.88135593220339,61.86440677966102,11.016949152542372
E00008793,214,57,29,28,157,116,41,26.635514018691588,13.551401869158877,13.084112149532709,73.36448598130842,54.20560747663551,19.158878504672895
E00008794,201,51,18,33,150,121,29,25.37313432835821,8.955223880597014,16.417910447761194,74.6268656716418,60.19900497512438,14.427860696517413
E00008795,136,36,16,20,100,77,23,26.47058823529412,11.76470588235294,14.705882352941178,73.52941176470588,56.61764705882353,16.911764705882355
E00008796,328,101,45,56,227,178,49,30.79268292682927,13.719512195121952,17.073170731707318,69.20731707317073,54.268292682926834,14.939024390243901
E00008798,162,69,24,45,93,83,10,42.592592592592595,14.814814814814813,27.77777777777778,57.407407407407405,51.23456790123457,6.172839506172839
E00008799,264,78,31,47,186,164,22,29.545454545454547,11.742424242424242,17.803030303030305,70.45454545454545,62.121212121212125,8.333333333333332
E00008801,141,67,22,45,74,61,13,47.5177304964539,15.602836879432624,31.914893617021278,52.4822695035461,43.262411347517734,9.219858156028367
E00008802,93,41,13,28,52,41,11,44.086021505376344,13.978494623655912,30.107526881720432,55.91397849462365,44.086021505376344,11.827956989247312
E00008803,225,88,22,66,137,120,17,39.111111111111114,9.777777777777779,29.333333333333332,60.88888888888889,53.333333333333336,7.555555555555555
E00008804,187,45,23,22,142,119,23,24.06417112299465,12.299465240641712,11.76470588235294,75.93582887700535,63.63636363636363,12.299465240641712
E00008806,223,44,24,20,179,136,43,19.730941704035875,10.762331838565023,8.968609865470851,80.26905829596413,60.98654708520179,19.282511210762333
E00008807,169,44,10,34,125,99,26,26.035502958579883,5.9171597633136095,20.118343195266274,73.96449704142012,58.57988165680473,15.384615384615385
E00008808,173,54,13,41,119,98,21,31.213872832369944,7.514450867052023,23.699421965317917,68.78612716763006,56.64739884393064,12.138728323699421
E00008809,206,48,21,27,158,129,29,23.300970873786408,10.194174757281553,13.106796116504855,76.69902912621359,62.62135922330098,14.077669902912621
E00008810,255,68,21,47,187,158,29,26.666666666666668,8.235294117647058,18.43137254901961,73.33333333333333,61.96078431372549,11.372549019607844
E00008811,238,62,25,37,176,152,24,26.05042016806723,10.504201680672269,15.546218487394958,73.94957983193278,63.86554621848739,10.084033613445378
E00008812,199,61,27,34,138,117,21,30.65326633165829,13.5678391959799,17.08542713567839,69.34673366834171,58.79396984924623,10.552763819095476
E00008813,195,55,18,37,140,112,28,28.205128205128204,9.230769230769232,18.974358974358974,71.7948717948718,57.43589743589743,14.358974358974358
E00008814,153,42,17,25,111,94,17,27.450980392156865,11.11111111111111,16.33986928104575,72.54901960784314,61.43790849673203,11.11111111111111
E00008815,238,64,20,44,174,141,33,26.89075630252101,8.403361344537815,18.487394957983195,73.10924369747899,59.2436974789916,13.865546218487395
E00008816,182,42,17,25,140,115,25,23.076923076923077,9.340659340659341,13.736263736263737,76.92307692307693,63.18681318681318,13.736263736263737
E00008817,171,48,22,26,123,95,28,28.07017543859649,12.865497076023392,15.204678362573098,71.9298245614035,55.55555555555556,16.374269005847953
E00008818,228,80,28,52,148,114,34,35.08771929824561,12.280701754385964,22.807017543859647,64.91228070175438,50,14.912280701754385
E00008819,138,46,19,27,92,83,9,33.33333333333333,13.768115942028986,19.565217391304348,66.66666666666666,60.14492753623188,6.521739130434782
E00008820,206,50,17,33,156,123,33,24.271844660194176,8.25242718446602,16.019417475728158,75.72815533980582,59.70873786407766,16.019417475728158
E00008821,154,53,17,36,101,83,18,34.41558441558442,11.03896103896104,23.376623376623375,65.5844155844156,53.896103896103895,11.688311688311687
E00008822,163,33,16,17,130,98,32,20.245398773006134,9.815950920245399,10.429447852760736,79.75460122699386,60.122699386503065,19.631901840490798
E00008823,97,58,17,41,39,39,0,59.79381443298969,17.525773195876287,42.2680412371134,40.20618556701031,40.20618556701031,0
E00008824,215,79,31,48,136,122,14,36.74418604651163,14.418604651162791,22.325581395348838,63.25581395348837,56.74418604651162,6.511627906976744
E00008825,106,39,15,24,67,56,11,36.79245283018868,14.150943396226415,22.641509433962266,63.20754716981132,52.83018867924528,10.377358490566039
E00008827,96,31,8,23,65,57,8,32.29166666666667,8.333333333333332,23.958333333333336,67.70833333333334,59.375,8.333333333333332
E00008828,134,25,5,20,109,84,25,18.65671641791045,3.731343283582089,14.925373134328357,81.34328358208955,62.68656716417911,18.65671641791045
E00008829,180,43,16,27,137,126,11,23.88888888888889,8.88888888888889,15,76.11111111111111,70,6.111111111111111
E00008830,95,34,8,26,61,55,6,35.78947368421053,8.421052631578947,27.368421052631582,64.21052631578948,57.89473684210527,6.315789473684211
E00008831,205,59,14,45,146,121,25,28.780487804878046,6.829268292682928,21.951219512195124,71.21951219512195,59.02439024390244,12.195121951219512
E00008832,259,51,24,27,208,166,42,19.69111969111969,9.266409266409266,10.424710424710424,80.3088803088803,64.0926640926641,16.216216216216218
E00008833,189,44,15,29,145,114,31,23.28042328042328,7.936507936507936,15.343915343915343,76.71957671957672,60.317460317460316,16.402116402116402
E00008834,253,35,21,14,218,135,83,13.83399209486166,8.300395256916996,5.533596837944664,86.16600790513834,53.359683794466406,32.80632411067194
E00008838,162,53,19,34,109,95,14,32.71604938271605,11.728395061728394,20.98765432098765,67.28395061728395,58.64197530864198,8.641975308641975
E00008839,179,49,14,35,130,112,18,27.37430167597765,7.82122905027933,19.553072625698324,72.62569832402235,62.56983240223464,10.05586592178771
E00008840,212,52,23,29,160,133,27,24.528301886792452,10.849056603773585,13.679245283018867,75.47169811320755,62.735849056603776,12.735849056603774
E00008841,168,46,18,28,122,109,13,27.380952380952383,10.714285714285714,16.666666666666664,72.61904761904762,64.88095238095238,7.738095238095238
E00008842,253,44,12,32,209,171,38,17.391304347826086,4.743083003952568,12.648221343873518,82.6086956521739,67.58893280632411,15.019762845849801
E00008844,135,39,12,27,96,81,15,28.888888888888886,8.88888888888889,20,71.11111111111111,60,11.11111111111111
E00008846,303,56,20,36,247,193,54,18.48184818481848,6.6006600660066,11.881188118811881,81.51815181518151,63.6963696369637,17.82178217821782
E00008847,159,55,21,34,104,78,26,34.59119496855346,13.20754716981132,21.38364779874214,65.40880503144653,49.056603773584904,16.352201257861633
E00008848,134,56,28,28,78,67,11,41.7910447761194,20.8955223880597,20.8955223880597,58.2089552238806,50,8.208955223880597
E00008849,90,40,15,25,50,40,10,44.44444444444444,16.666666666666664,27.77777777777778,55.55555555555556,44.44444444444444,11.11111111111111
E00008850,158,60,21,39,98,83,15,37.9746835443038,13.291139240506327,24.68354430379747,62.0253164556962,52.53164556962025,9.49367088607595
E00008851,123,43,15,28,80,68,12,34.959349593495936,12.195121951219512,22.76422764227642,65.04065040650406,55.28455284552846,9.75609756097561
E00008852,260,34,15,19,226,163,63,13.076923076923078,5.769230769230769,7.307692307692308,86.92307692307692,62.69230769230769,24.23076923076923
E00008853,92,31,15,16,61,51,10,33.69565217391305,16.304347826086957,17.391304347826086,66.30434782608695,55.434782608695656,10.869565217391305
E00008854,145,43,18,25,102,95,7,29.655172413793103,12.413793103448276,17.24137931034483,70.34482758620689,65.51724137931035,4.827586206896552
E00008856,151,59,17,42,92,77,15,39.0728476821192,11.258278145695364,27.81456953642384,60.9271523178808,50.993377483443716,9.933774834437086
E00008857,214,51,20,31,163,134,29,23.83177570093458,9.345794392523365,14.485981308411214,76.16822429906543,62.616822429906534,13.551401869158877
E00008858,170,70,28,42,100,88,12,41.17647058823529,16.470588235294116,24.705882352941178,58.82352941176471,51.76470588235295,7.0588235294117645
E00008859,160,45,12,33,115,89,26,28.125,7.5,20.625,71.875,55.625,16.25
E00008860,225,47,25,22,178,155,23,20.88888888888889,11.11111111111111,9.777777777777779,79.11111111111111,68.88888888888889,10.222222222222223
E00008861,205,49,18,31,156,110,46,23.902439024390244,8.780487804878048,15.121951219512194,76.09756097560975,53.65853658536586,22.439024390243905
E00008864,125,34,16,18,91,76,15,27.200000000000003,12.8,14.399999999999999,72.8,60.8,12
E00008865,161,51,16,35,110,96,14,31.67701863354037,9.937888198757763,21.73913043478261,68.32298136645963,59.62732919254658,8.695652173913043
E00008866,140,41,16,25,99,81,18,29.28571428571429,11.428571428571429,17.857142857142858,70.71428571428572,57.85714285714286,12.857142857142856
E00008867,172,32,13,19,140,122,18,18.6046511627907,7.55813953488372,11.046511627906977,81.3953488372093,70.93023255813954,10.465116279069768
E00008868,134,18,7,11,116,81,35,13.432835820895523,5.223880597014925,8.208955223880597,86.56716417910447,60.447761194029844,26.119402985074625
E00008869,112,43,17,26,69,60,9,38.392857142857146,15.178571428571427,23.214285714285715,61.60714285714286,53.57142857142857,8.035714285714286
E00008870,179,45,17,28,134,101,33,25.139664804469277,9.497206703910614,15.64245810055866,74.86033519553072,56.424581005586596,18.435754189944134
E00008871,180,37,16,21,143,114,29,20.555555555555554,8.88888888888889,11.666666666666666,79.44444444444444,63.33333333333333,16.11111111111111
E00008872,218,32,12,20,186,126,60,14.678899082568808,5.5045871559633035,9.174311926605505,85.3211009174312,57.798165137614674,27.522935779816514
E00008874,322,65,30,35,257,180,77,20.18633540372671,9.316770186335404,10.869565217391305,79.8136645962733,55.90062111801242,23.91304347826087
E00008875,142,48,12,36,94,75,19,33.80281690140845,8.450704225352112,25.352112676056336,66.19718309859155,52.816901408450704,13.380281690140844
E00008877,157,34,10,24,123,98,25,21.656050955414013,6.369426751592357,15.286624203821656,78.343949044586,62.42038216560509,15.92356687898089
E00008878,219,42,12,30,177,131,46,19.17808219178082,5.47945205479452,13.698630136986301,80.82191780821918,59.817351598173516,21.00456621004566
E00008879,243,42,13,29,201,124,77,17.28395061728395,5.349794238683128,11.934156378600823,82.71604938271605,51.028806584362144,31.68724279835391
E00008880,128,38,11,27,90,73,17,29.6875,8.59375,21.09375,70.3125,57.03125,13.28125
E00008881,116,36,11,25,80,60,20,31.03448275862069,9.482758620689655,21.551724137931032,68.96551724137932,51.724137931034484,17.24137931034483
E00008882,228,60,22,38,168,126,42,26.31578947368421,9.649122807017543,16.666666666666664,73.68421052631578,55.26315789473685,18.421052631578945
E00008883,155,43,16,27,112,99,13,27.741935483870968,10.32258064516129,17.419354838709676,72.25806451612902,63.87096774193548,8.38709677419355
E00008884,125,39,10,29,86,78,8,31.2,8,23.200000000000003,68.8,62.4,6.4
E00008885,128,24,7,17,104,73,31,18.75,5.46875,13.28125,81.25,57.03125,24.21875
E00008886,175,30,10,20,145,107,38,17.142857142857142,5.714285714285714,11.428571428571429,82.85714285714286,61.142857142857146,21.714285714285715
E00008887,107,35,11,24,72,62,10,32.71028037383177,10.2803738317757,22.429906542056074,67.28971962616822,57.943925233644855,9.345794392523365
E00008889,340,57,20,37,283,201,82,16.76470588235294,5.88235294117647,10.882352941176471,83.23529411764706,59.11764705882353,24.11764705882353
E00008890,129,42,19,23,87,74,13,32.55813953488372,14.728682170542637,17.829457364341085,67.44186046511628,57.36434108527132,10.077519379844961
E00008891,152,52,15,37,100,84,16,34.21052631578947,9.868421052631579,24.342105263157894,65.78947368421053,55.26315789473685,10.526315789473683
E00008892,120,36,16,20,84,73,11,30,13.333333333333334,16.666666666666664,70,60.83333333333333,9.166666666666666
E00008893,100,35,11,24,65,58,7,35,11,24,65,57.99999999999999,7.000000000000001
E00008894,136,47,15,32,89,74,15,34.55882352941176,11.029411764705882,23.52941176470588,65.44117647058823,54.41176470588235,11.029411764705882
E00008895,152,50,24,26,102,87,15,32.89473684210527,15.789473684210526,17.105263157894736,67.10526315789474,57.23684210526315,9.868421052631579
E00008896,105,34,11,23,71,56,15,32.38095238095238,10.476190476190476,21.904761904761905,67.61904761904762,53.333333333333336,14.285714285714285
E00008897,133,39,19,20,94,77,17,29.32330827067669,14.285714285714285,15.037593984962406,70.67669172932331,57.89473684210527,12.781954887218044
E00008898,145,47,25,22,98,77,21,32.41379310344827,17.24137931034483,15.172413793103448,67.58620689655173,53.103448275862064,14.482758620689657
E00008899,106,38,13,25,68,56,12,35.84905660377358,12.264150943396226,23.58490566037736,64.15094339622641,52.83018867924528,11.320754716981133
E00008900,300,52,19,33,248,197,51,17.333333333333336,6.333333333333334,11,82.66666666666667,65.66666666666666,17
E00008901,145,53,17,36,92,81,11,36.55172413793103,11.724137931034482,24.82758620689655,63.44827586206897,55.86206896551724,7.586206896551724
E00008902,130,43,16,27,87,74,13,33.07692307692307,12.307692307692308,20.76923076923077,66.92307692307692,56.92307692307692,10
E00008906,135,37,14,23,98,87,11,27.40740740740741,10.37037037037037,17.037037037037038,72.5925925925926,64.44444444444444,8.148148148148149
E00008907,100,29,16,13,71,62,9,28.999999999999996,16,13,71,62,9
E00008908,175,58,17,41,117,103,14,33.14285714285714,9.714285714285714,23.42857142857143,66.85714285714286,58.857142857142854,8
E00008909,133,50,19,31,83,74,9,37.59398496240601,14.285714285714285,23.308270676691727,62.40601503759399,55.639097744360896,6.7669172932330826
E00008910,91,36,13,23,55,55,0,39.56043956043956,14.285714285714285,25.274725274725274,60.43956043956044,60.43956043956044,0
E00008911,184,66,28,38,118,104,14,35.869565217391305,15.217391304347828,20.652173913043477,64.13043478260869,56.52173913043478,7.608695652173914
E00008912,173,88,22,66,85,78,7,50.86705202312138,12.716763005780345,38.15028901734104,49.13294797687861,45.08670520231214,4.046242774566474
E00008913,85,38,20,18,47,37,10,44.70588235294118,23.52941176470588,21.176470588235293,55.294117647058826,43.529411764705884,11.76470588235294
E00008914,63,22,13,9,41,35,6,34.92063492063492,20.634920634920633,14.285714285714285,65.07936507936508,55.55555555555556,9.523809523809524
E00008915,168,52,18,34,116,90,26,30.952380952380953,10.714285714285714,20.238095238095237,69.04761904761905,53.57142857142857,15.476190476190476
E00008916,65,27,12,15,38,33,5,41.53846153846154,18.461538461538463,23.076923076923077,58.46153846153847,50.76923076923077,7.6923076923076925
E00008917,178,52,21,31,126,109,17,29.213483146067414,11.797752808988763,17.415730337078653,70.78651685393258,61.23595505617978,9.550561797752808
E00008918,132,51,17,34,81,73,8,38.63636363636363,12.878787878787879,25.757575757575758,61.36363636363637,55.3030303030303,6.0606060606060606
E00008919,165,45,21,24,120,87,33,27.27272727272727,12.727272727272727,14.545454545454545,72.72727272727273,52.72727272727272,20
E00008920,140,57,29,28,83,78,5,40.714285714285715,20.714285714285715,20,59.285714285714285,55.714285714285715,3.571428571428571
E00008921,188,59,19,40,129,94,35,31.382978723404253,10.106382978723403,21.27659574468085,68.61702127659575,50,18.617021276595743
E00008922,184,47,12,35,137,111,26,25.543478260869566,6.521739130434782,19.021739130434785,74.45652173913044,60.32608695652174,14.130434782608695
E00008923,156,74,18,56,82,78,4,47.43589743589743,11.538461538461538,35.8974358974359,52.56410256410257,50,2.564102564102564
E00008924,199,64,25,39,135,106,29,32.1608040201005,12.562814070351758,19.597989949748744,67.8391959798995,53.266331658291456,14.572864321608039
E00008926,174,44,18,26,130,99,31,25.287356321839084,10.344827586206897,14.942528735632186,74.71264367816092,56.896551724137936,17.81609195402299
E00008928,134,32,14,18,102,82,20,23.88059701492537,10.44776119402985,13.432835820895523,76.11940298507463,61.19402985074627,14.925373134328357
E00008930,129,33,13,20,96,81,15,25.581395348837212,10.077519379844961,15.503875968992247,74.4186046511628,62.7906976744186,11.627906976744185
E00008935,159,53,12,41,106,83,23,33.33333333333333,7.547169811320755,25.78616352201258,66.66666666666666,52.20125786163522,14.465408805031446
E00008936,95,36,14,22,59,51,8,37.89473684210527,14.736842105263156,23.157894736842106,62.10526315789474,53.68421052631579,8.421052631578947
E00008937,204,67,32,35,137,116,21,32.84313725490196,15.686274509803921,17.15686274509804,67.15686274509804,56.86274509803921,10.294117647058822
E00008938,84,35,11,24,49,39,10,41.66666666666667,13.095238095238097,28.57142857142857,58.333333333333336,46.42857142857143,11.904761904761903
E00008939,215,61,25,36,154,124,30,28.37209302325581,11.627906976744185,16.74418604651163,71.62790697674419,57.674418604651166,13.953488372093023
E00008940,92,41,14,27,51,44,7,44.565217391304344,15.217391304347828,29.347826086956523,55.434782608695656,47.82608695652174,7.608695652173914
E00008941,301,103,40,63,198,175,23,34.21926910299003,13.2890365448505,20.930232558139537,65.78073089700996,58.139534883720934,7.641196013289036
E00008942,306,85,34,51,221,189,32,27.77777777777778,11.11111111111111,16.666666666666664,72.22222222222221,61.76470588235294,10.457516339869281
E00008943,309,73,40,33,236,203,33,23.624595469255663,12.944983818770226,10.679611650485436,76.37540453074433,65.69579288025889,10.679611650485436
E00008944,311,76,32,44,235,182,53,24.437299035369776,10.289389067524116,14.14790996784566,75.56270096463022,58.520900321543415,17.041800643086816
E00008945,259,70,26,44,189,156,33,27.027027027027028,10.038610038610038,16.988416988416986,72.97297297297297,60.231660231660236,12.741312741312742
E00008946,283,62,27,35,221,171,50,21.908127208480565,9.540636042402827,12.36749116607774,78.09187279151944,60.42402826855123,17.6678445229682
E00008947,217,110,32,78,107,99,8,50.69124423963134,14.746543778801843,35.944700460829495,49.30875576036866,45.622119815668206,3.686635944700461
E00008948,146,64,25,39,82,73,9,43.83561643835616,17.123287671232877,26.71232876712329,56.16438356164384,50,6.164383561643835
E00008949,147,46,17,29,101,84,17,31.292517006802722,11.564625850340136,19.727891156462583,68.70748299319727,57.14285714285714,11.564625850340136
E00008950,303,73,26,47,230,190,40,24.09240924092409,8.58085808580858,15.51155115511551,75.9075907590759,62.70627062706271,13.2013201320132
E00008951,223,65,23,42,158,131,27,29.14798206278027,10.31390134529148,18.83408071748879,70.85201793721974,58.744394618834086,12.10762331838565
E00008952,210,73,28,45,137,120,17,34.76190476190476,13.333333333333334,21.428571428571427,65.23809523809524,57.14285714285714,8.095238095238095
E00008953,220,61,25,36,159,129,30,27.727272727272727,11.363636363636363,16.363636363636363,72.27272727272728,58.63636363636363,13.636363636363635
E00008954,207,45,17,28,162,143,19,21.73913043478261,8.212560386473431,13.526570048309178,78.26086956521739,69.08212560386472,9.178743961352657
E00008955,209,50,20,30,159,127,32,23.923444976076556,9.569377990430622,14.354066985645932,76.07655502392345,60.76555023923444,15.311004784688995
E00008956,176,54,21,33,122,102,20,30.681818181818183,11.931818181818182,18.75,69.31818181818183,57.95454545454546,11.363636363636363
E00008957,208,49,16,33,159,138,21,23.557692307692307,7.6923076923076925,15.865384615384615,76.4423076923077,66.34615384615384,10.096153846153847
E00008958,204,51,16,35,153,126,27,25,7.8431372549019605,17.15686274509804,75,61.76470588235294,13.23529411764706
E00008959,236,112,29,83,124,103,21,47.45762711864407,12.288135593220339,35.16949152542373,52.54237288135594,43.64406779661017,8.898305084745763
E00008960,136,57,20,37,79,72,7,41.911764705882355,14.705882352941178,27.205882352941174,58.08823529411765,52.94117647058824,5.147058823529411
E00008961,328,76,23,53,252,210,42,23.170731707317074,7.01219512195122,16.158536585365855,76.82926829268293,64.02439024390245,12.804878048780488
E00008962,230,56,20,36,174,148,26,24.347826086956523,8.695652173913043,15.65217391304348,75.65217391304347,64.34782608695652,11.304347826086957
E00008963,167,60,18,42,107,93,14,35.92814371257485,10.778443113772456,25.149700598802394,64.07185628742515,55.688622754491014,8.383233532934131
E00008965,155,56,12,44,99,83,16,36.12903225806451,7.741935483870968,28.387096774193548,63.87096774193548,53.5483870967742,10.32258064516129
E00008967,154,47,18,29,107,92,15,30.519480519480517,11.688311688311687,18.83116883116883,69.48051948051948,59.74025974025974,9.740259740259742
E00008968,161,55,22,33,106,94,12,34.161490683229815,13.664596273291925,20.496894409937887,65.83850931677019,58.38509316770186,7.453416149068323
E00008970,130,51,20,31,79,63,16,39.23076923076923,15.384615384615385,23.846153846153847,60.76923076923077,48.46153846153846,12.307692307692308
E00008971,202,53,27,26,149,120,29,26.237623762376238,13.366336633663368,12.871287128712872,73.76237623762376,59.4059405940594,14.356435643564355
E00008972,122,79,28,51,43,31,12,64.75409836065575,22.950819672131146,41.80327868852459,35.24590163934426,25.40983606557377,9.836065573770492
E00008973,150,92,28,64,58,56,2,61.33333333333333,18.666666666666668,42.66666666666667,38.666666666666664,37.333333333333336,1.3333333333333335
E00008974,226,102,38,64,124,102,22,45.13274336283185,16.8141592920354,28.31858407079646,54.86725663716814,45.13274336283185,9.734513274336283
E00008975,151,50,15,35,101,89,12,33.11258278145696,9.933774834437086,23.178807947019866,66.88741721854305,58.94039735099338,7.9470198675496695
E00008976,117,74,18,56,43,34,9,63.24786324786324,15.384615384615385,47.863247863247864,36.75213675213676,29.059829059829063,7.6923076923076925
E00008977,139,67,21,46,72,62,10,48.201438848920866,15.107913669064748,33.093525179856115,51.798561151079134,44.60431654676259,7.1942446043165464
E00008978,154,118,24,94,36,28,8,76.62337662337663,15.584415584415584,61.038961038961034,23.376623376623375,18.181818181818183,5.194805194805195
E00008979,58,41,11,30,17,14,3,70.6896551724138,18.96551724137931,51.724137931034484,29.310344827586203,24.137931034482758,5.172413793103448
E00008980,191,70,22,48,121,95,26,36.64921465968586,11.518324607329843,25.13089005235602,63.35078534031413,49.73821989528796,13.612565445026178
E00008981,116,37,17,20,79,70,9,31.896551724137932,14.655172413793101,17.24137931034483,68.10344827586206,60.3448275862069,7.758620689655173
E00008982,178,67,19,48,111,91,20,37.640449438202246,10.674157303370785,26.96629213483146,62.35955056179775,51.12359550561798,11.235955056179774
E00008983,132,45,15,30,87,71,16,34.090909090909086,11.363636363636363,22.727272727272727,65.9090909090909,53.78787878787878,12.121212121212121
E00008984,292,67,31,36,225,181,44,22.945205479452056,10.616438356164384,12.32876712328767,77.05479452054794,61.986301369863014,15.068493150684931
E00008985,149,38,13,25,111,81,30,25.503355704697988,8.724832214765101,16.778523489932887,74.49664429530202,54.36241610738255,20.13422818791946
E00008986,93,41,11,30,52,39,13,44.086021505376344,11.827956989247312,32.25806451612903,55.91397849462365,41.935483870967744,13.978494623655912
E00008987,111,50,18,32,61,47,14,45.04504504504504,16.216216216216218,28.82882882882883,54.95495495495496,42.34234234234234,12.612612612612612
E00008988,138,29,9,20,109,83,26,21.014492753623188,6.521739130434782,14.492753623188406,78.98550724637681,60.14492753623188,18.84057971014493
E00008989,192,56,23,33,136,109,27,29.166666666666668,11.979166666666668,17.1875,70.83333333333334,56.770833333333336,14.0625
E00008990,134,47,22,25,87,75,12,35.07462686567165,16.417910447761194,18.65671641791045,64.92537313432835,55.970149253731336,8.955223880597014
E00008991,169,46,17,29,123,102,21,27.218934911242602,10.059171597633137,17.159763313609467,72.7810650887574,60.35502958579882,12.42603550295858
E00008992,137,43,18,25,94,77,17,31.386861313868614,13.138686131386862,18.248175182481752,68.61313868613139,56.20437956204379,12.408759124087592
E00008993,141,40,15,25,101,79,22,28.368794326241137,10.638297872340425,17.73049645390071,71.63120567375887,56.02836879432624,15.602836879432624
E00008994,160,45,20,25,115,91,24,28.125,12.5,15.625,71.875,56.875,15
E00008995,171,47,16,31,124,102,22,27.485380116959064,9.35672514619883,18.128654970760234,72.51461988304094,59.64912280701754,12.865497076023392
E00008996,142,24,8,16,118,96,22,16.901408450704224,5.633802816901409,11.267605633802818,83.09859154929578,67.6056338028169,15.492957746478872
E00008997,197,53,19,34,144,125,19,26.903553299492383,9.644670050761421,17.258883248730964,73.09644670050761,63.45177664974619,9.644670050761421
E00008998,175,73,19,54,102,79,23,41.714285714285715,10.857142857142858,30.857142857142854,58.285714285714285,45.14285714285714,13.142857142857142
E00008999,138,51,16,35,87,75,12,36.95652173913043,11.594202898550725,25.36231884057971,63.04347826086957,54.347826086956516,8.695652173913043
E00009000,184,83,18,65,101,88,13,45.108695652173914,9.782608695652174,35.32608695652174,54.891304347826086,47.82608695652174,7.065217391304348
E00009001,146,116,24,92,30,29,1,79.45205479452055,16.43835616438356,63.013698630136986,20.54794520547945,19.863013698630137,0.684931506849315
E00009002,159,107,25,82,52,44,8,67.29559748427673,15.723270440251572,51.57232704402516,32.70440251572327,27.67295597484277,5.031446540880504
E00009003,110,76,21,55,34,32,2,69.0909090909091,19.090909090909093,50,30.909090909090907,29.09090909090909,1.8181818181818181
E00009005,171,103,20,83,68,57,11,60.23391812865497,11.695906432748536,48.53801169590643,39.76608187134503,33.33333333333333,6.432748538011696
E00009006,151,88,18,70,63,51,12,58.27814569536424,11.920529801324504,46.35761589403973,41.72185430463576,33.77483443708609,7.9470198675496695
E00009007,98,42,6,36,56,50,6,42.857142857142854,6.122448979591836,36.734693877551024,57.14285714285714,51.02040816326531,6.122448979591836
E00009008,99,43,14,29,56,49,7,43.43434343434344,14.14141414141414,29.292929292929294,56.56565656565656,49.494949494949495,7.07070707070707
E00009012,118,76,17,59,42,42,0,64.40677966101694,14.40677966101695,50,35.59322033898305,35.59322033898305,0
E00009014,109,43,17,26,66,61,5,39.44954128440367,15.59633027522936,23.853211009174313,60.550458715596335,55.96330275229357,4.587155963302752
E00009015,81,23,8,15,58,54,4,28.39506172839506,9.876543209876543,18.51851851851852,71.60493827160494,66.66666666666666,4.938271604938271
E00009016,161,61,30,31,100,81,19,37.88819875776397,18.633540372670808,19.25465838509317,62.11180124223602,50.31055900621118,11.801242236024844
E00009017,157,80,29,51,77,64,13,50.955414012738856,18.471337579617835,32.48407643312102,49.044585987261144,40.76433121019109,8.280254777070063
E00009018,58,23,6,17,35,33,2,39.6551724137931,10.344827586206897,29.310344827586203,60.3448275862069,56.896551724137936,3.4482758620689653
E00009019,148,77,21,56,71,58,13,52.02702702702703,14.18918918918919,37.83783783783784,47.97297297297297,39.189189189189186,8.783783783783784
E00009021,293,54,16,38,239,202,37,18.43003412969283,5.460750853242321,12.969283276450511,81.56996587030717,68.94197952218431,12.627986348122866
E00009022,220,121,23,98,99,80,19,55.00000000000001,10.454545454545453,44.54545454545455,45,36.36363636363637,8.636363636363637
E00009023,121,66,29,37,55,43,12,54.54545454545454,23.96694214876033,30.57851239669421,45.45454545454545,35.53719008264463,9.917355371900827
E00009024,129,96,17,79,33,30,3,74.4186046511628,13.178294573643413,61.240310077519375,25.581395348837212,23.25581395348837,2.3255813953488373
E00009025,103,62,19,43,41,36,5,60.19417475728155,18.446601941747574,41.74757281553398,39.80582524271845,34.95145631067961,4.854368932038835
E00009027,183,145,36,109,38,29,9,79.23497267759562,19.672131147540984,59.56284153005464,20.76502732240437,15.846994535519126,4.918032786885246
E00009029,165,77,29,48,88,81,7,46.666666666666664,17.575757575757574,29.09090909090909,53.333333333333336,49.09090909090909,4.242424242424243
E00009030,174,107,22,85,67,58,9,61.49425287356321,12.643678160919542,48.85057471264368,38.50574712643678,33.33333333333333,5.172413793103448
E00009031,133,60,18,42,73,61,12,45.11278195488722,13.533834586466165,31.57894736842105,54.88721804511278,45.86466165413533,9.022556390977442
E00009032,72,64,14,50,8,7,1,88.88888888888889,19.444444444444446,69.44444444444444,11.11111111111111,9.722222222222223,1.3888888888888888
E00009033,183,102,29,73,81,59,22,55.73770491803278,15.846994535519126,39.89071038251366,44.26229508196721,32.240437158469945,12.021857923497267
E00009034,144,97,18,79,47,39,8,67.36111111111111,12.5,54.861111111111114,32.63888888888889,27.083333333333332,5.555555555555555
E00009035,177,92,27,65,85,68,17,51.9774011299435,15.254237288135593,36.72316384180791,48.0225988700565,38.4180790960452,9.6045197740113
E00009036,190,144,29,115,46,39,7,75.78947368421053,15.263157894736842,60.526315789473685,24.210526315789473,20.526315789473685,3.684210526315789
E00009037,167,74,27,47,93,85,8,44.31137724550898,16.16766467065868,28.143712574850298,55.688622754491014,50.898203592814376,4.790419161676647
E00009038,115,47,17,30,68,57,11,40.869565217391305,14.782608695652174,26.08695652173913,59.130434782608695,49.56521739130435,9.565217391304348
E00009039,102,51,17,34,51,41,10,50,16.666666666666664,33.33333333333333,50,40.19607843137255,9.803921568627452
E00009040,161,83,16,67,78,65,13,51.5527950310559,9.937888198757763,41.61490683229814,48.4472049689441,40.37267080745342,8.074534161490684
E00009041,139,64,20,44,75,63,12,46.043165467625904,14.388489208633093,31.654676258992804,53.956834532374096,45.32374100719424,8.633093525179856
E00009042,155,126,28,98,29,19,10,81.29032258064515,18.064516129032256,63.2258064516129,18.70967741935484,12.258064516129032,6.451612903225806
E00009043,232,113,25,88,119,100,19,48.706896551724135,10.775862068965516,37.93103448275862,51.293103448275865,43.103448275862064,8.189655172413794
E00009044,147,81,30,51,66,56,10,55.10204081632652,20.408163265306122,34.69387755102041,44.89795918367347,38.095238095238095,6.802721088435375
E00009045,159,37,11,26,122,105,17,23.270440251572328,6.918238993710692,16.352201257861633,76.72955974842768,66.0377358490566,10.69182389937107
E00009046,119,41,14,27,78,66,12,34.45378151260504,11.76470588235294,22.689075630252102,65.54621848739495,55.46218487394958,10.084033613445378
E00009047,151,44,11,33,107,85,22,29.13907284768212,7.28476821192053,21.85430463576159,70.86092715231787,56.29139072847682,14.56953642384106
E00009048,194,51,18,33,143,112,31,26.288659793814436,9.278350515463918,17.010309278350515,73.71134020618557,57.73195876288659,15.979381443298967
E00009049,184,58,24,34,126,101,25,31.521739130434785,13.043478260869565,18.478260869565215,68.47826086956522,54.891304347826086,13.586956521739129
E00009050,124,40,22,18,84,74,10,32.25806451612903,17.741935483870968,14.516129032258066,67.74193548387096,59.67741935483871,8.064516129032258
E00009051,102,29,12,17,73,54,19,28.431372549019606,11.76470588235294,16.666666666666664,71.56862745098039,52.94117647058824,18.627450980392158
E00009052,164,47,11,36,117,102,15,28.65853658536585,6.707317073170732,21.951219512195124,71.34146341463415,62.19512195121951,9.146341463414634
E00009053,208,55,17,38,153,108,45,26.442307692307693,8.173076923076923,18.269230769230766,73.5576923076923,51.92307692307693,21.634615384615387
E00009054,124,42,18,24,82,66,16,33.87096774193548,14.516129032258066,19.35483870967742,66.12903225806451,53.2258064516129,12.903225806451612
E00009056,140,42,15,27,98,69,29,30,10.714285714285714,19.28571428571429,70,49.28571428571429,20.714285714285715
E00009057,135,38,8,30,97,70,27,28.14814814814815,5.9259259259259265,22.22222222222222,71.85185185185186,51.85185185185185,20
E00009058,134,45,17,28,89,72,17,33.582089552238806,12.686567164179104,20.8955223880597,66.4179104477612,53.73134328358209,12.686567164179104
E00009060,103,34,18,16,69,60,9,33.00970873786408,17.475728155339805,15.53398058252427,66.99029126213593,58.252427184466015,8.737864077669903
E00009062,104,18,7,11,86,77,9,17.307692307692307,6.730769230769231,10.576923076923077,82.6923076923077,74.03846153846155,8.653846153846153
E00009063,153,29,14,15,124,108,16,18.954248366013072,9.15032679738562,9.803921568627452,81.04575163398692,70.58823529411765,10.457516339869281
E00009064,189,51,25,26,138,94,44,26.984126984126984,13.227513227513226,13.756613756613756,73.01587301587301,49.735449735449734,23.28042328042328
E00009066,183,67,23,44,116,96,20,36.6120218579235,12.568306010928962,24.043715846994534,63.387978142076506,52.459016393442624,10.92896174863388
E00009067,226,52,15,37,174,134,40,23.008849557522122,6.637168141592921,16.371681415929203,76.99115044247787,59.29203539823009,17.699115044247787
E00009068,153,43,16,27,110,88,22,28.104575163398692,10.457516339869281,17.647058823529413,71.89542483660131,57.51633986928104,14.37908496732026
E00009069,130,49,22,27,81,70,11,37.69230769230769,16.923076923076923,20.76923076923077,62.30769230769231,53.84615384615385,8.461538461538462
E00009070,90,27,5,22,63,54,9,30,5.555555555555555,24.444444444444443,70,60,10
E00009071,143,41,20,21,102,81,21,28.671328671328673,13.986013986013987,14.685314685314685,71.32867132867133,56.64335664335665,14.685314685314685
E00009072,152,46,13,33,106,85,21,30.263157894736842,8.552631578947368,21.710526315789476,69.73684210526315,55.92105263157895,13.815789473684212
E00009073,219,63,21,42,156,121,35,28.767123287671232,9.58904109589041,19.17808219178082,71.23287671232876,55.25114155251142,15.981735159817351
E00009074,126,45,15,30,81,67,14,35.714285714285715,11.904761904761903,23.809523809523807,64.28571428571429,53.17460317460318,11.11111111111111
E00009075,141,38,13,25,103,91,12,26.95035460992908,9.219858156028367,17.73049645390071,73.04964539007092,64.53900709219859,8.51063829787234
E00009076,341,48,17,31,293,223,70,14.076246334310852,4.9853372434017595,9.090909090909092,85.92375366568915,65.39589442815249,20.527859237536656
E00009077,213,63,17,46,150,139,11,29.577464788732392,7.981220657276995,21.5962441314554,70.4225352112676,65.25821596244131,5.164319248826291
E00009078,166,54,17,37,112,93,19,32.53012048192771,10.240963855421686,22.289156626506024,67.46987951807229,56.024096385542165,11.44578313253012
E00009079,85,33,12,21,52,47,5,38.82352941176471,14.117647058823529,24.705882352941178,61.1764705882353,55.294117647058826,5.88235294117647
E00009082,135,52,13,39,83,76,7,38.51851851851852,9.62962962962963,28.888888888888886,61.48148148148148,56.2962962962963,5.185185185185185
E00009083,211,75,29,46,136,124,12,35.54502369668246,13.744075829383887,21.80094786729858,64.45497630331754,58.767772511848335,5.687203791469194
E00009084,165,58,23,35,107,93,14,35.15151515151515,13.939393939393941,21.21212121212121,64.84848484848484,56.36363636363636,8.484848484848486
E00009085,93,45,16,29,48,35,13,48.38709677419355,17.20430107526882,31.182795698924732,51.61290322580645,37.634408602150536,13.978494623655912
E00009086,108,84,15,69,24,22,2,77.77777777777779,13.88888888888889,63.888888888888886,22.22222222222222,20.37037037037037,1.8518518518518516
E00009087,89,49,13,36,40,34,6,55.0561797752809,14.606741573033707,40.44943820224719,44.9438202247191,38.20224719101123,6.741573033707865
E00009089,129,73,15,58,56,46,10,56.58914728682171,11.627906976744185,44.96124031007752,43.41085271317829,35.65891472868217,7.751937984496124
E00009090,162,109,25,84,53,46,7,67.28395061728395,15.432098765432098,51.85185185185185,32.71604938271605,28.39506172839506,4.320987654320987
E00009091,152,100,21,79,52,39,13,65.78947368421053,13.815789473684212,51.973684210526315,34.21052631578947,25.657894736842106,8.552631578947368
E00009092,98,63,18,45,35,23,12,64.28571428571429,18.367346938775512,45.91836734693878,35.714285714285715,23.46938775510204,12.244897959183673
E00009093,171,112,37,75,59,49,10,65.49707602339181,21.637426900584796,43.859649122807014,34.50292397660819,28.654970760233915,5.847953216374268
E00009094,55,30,8,22,25,20,5,54.54545454545454,14.545454545454545,40,45.45454545454545,36.36363636363637,9.090909090909092
E00009095,43,28,9,19,15,9,6,65.11627906976744,20.930232558139537,44.18604651162791,34.883720930232556,20.930232558139537,13.953488372093023
E00009096,170,117,26,91,53,43,10,68.82352941176471,15.294117647058824,53.529411764705884,31.176470588235293,25.294117647058822,5.88235294117647
E00009097,149,93,31,62,56,50,6,62.41610738255034,20.80536912751678,41.61073825503356,37.58389261744966,33.557046979865774,4.026845637583892
E00009098,119,66,15,51,53,40,13,55.46218487394958,12.605042016806722,42.857142857142854,44.537815126050425,33.61344537815126,10.92436974789916
E00009099,156,118,12,106,38,33,5,75.64102564102564,7.6923076923076925,67.94871794871796,24.358974358974358,21.153846153846153,3.205128205128205
E00009100,90,70,17,53,20,19,1,77.77777777777779,18.88888888888889,58.88888888888889,22.22222222222222,21.11111111111111,1.1111111111111112
E00009101,123,60,19,41,63,55,8,48.78048780487805,15.447154471544716,33.33333333333333,51.21951219512195,44.71544715447154,6.504065040650407
E00009102,119,52,15,37,67,63,4,43.69747899159664,12.605042016806722,31.092436974789916,56.30252100840336,52.94117647058824,3.361344537815126
E00009103,186,69,20,49,117,103,14,37.096774193548384,10.75268817204301,26.344086021505376,62.903225806451616,55.376344086021504,7.526881720430108
E00009104,126,57,13,44,69,65,4,45.23809523809524,10.317460317460316,34.92063492063492,54.761904761904766,51.587301587301596,3.1746031746031744
E00009105,81,33,11,22,48,39,9,40.74074074074074,13.580246913580247,27.160493827160494,59.25925925925925,48.148148148148145,11.11111111111111
E00009106,258,114,52,62,144,128,16,44.18604651162791,20.155038759689923,24.031007751937985,55.81395348837209,49.6124031007752,6.2015503875969
E00009107,154,54,21,33,100,88,12,35.064935064935064,13.636363636363635,21.428571428571427,64.93506493506493,57.14285714285714,7.792207792207792
E00009109,105,55,18,37,50,43,7,52.38095238095239,17.142857142857142,35.23809523809524,47.61904761904761,40.95238095238095,6.666666666666667
E00009110,100,44,5,39,56,52,4,44,5,39,56.00000000000001,52,4
E00009112,168,69,27,42,99,88,11,41.07142857142857,16.071428571428573,25,58.92857142857143,52.38095238095239,6.547619047619048
E00009113,167,53,19,34,114,84,30,31.736526946107784,11.377245508982035,20.359281437125748,68.26347305389223,50.29940119760479,17.964071856287426
E00009114,248,68,21,47,180,148,32,27.419354838709676,8.46774193548387,18.951612903225808,72.58064516129032,59.67741935483871,12.903225806451612
E00009115,255,52,20,32,203,158,45,20.392156862745097,7.8431372549019605,12.549019607843137,79.6078431372549,61.96078431372549,17.647058823529413
E00009116,172,46,20,26,126,98,28,26.744186046511626,11.627906976744185,15.11627906976744,73.25581395348837,56.97674418604651,16.27906976744186
E00009117,200,68,30,38,132,105,27,34,15,19,66,52.5,13.5
E00009118,205,45,29,16,160,127,33,21.951219512195124,14.146341463414632,7.804878048780488,78.04878048780488,61.951219512195124,16.097560975609756
E00009119,207,55,18,37,152,125,27,26.570048309178745,8.695652173913043,17.874396135265698,73.42995169082126,60.38647342995169,13.043478260869565
E00009120,302,76,28,48,226,197,29,25.165562913907287,9.271523178807946,15.894039735099339,74.83443708609272,65.23178807947019,9.602649006622517
E00009121,228,76,22,54,152,127,25,33.33333333333333,9.649122807017543,23.684210526315788,66.66666666666666,55.70175438596491,10.964912280701753
E00009122,162,49,15,34,113,100,13,30.246913580246915,9.25925925925926,20.98765432098765,69.75308641975309,61.72839506172839,8.024691358024691
E00009123,254,63,25,38,191,151,40,24.803149606299215,9.84251968503937,14.960629921259844,75.19685039370079,59.4488188976378,15.748031496062993
E00009124,230,72,17,55,158,130,28,31.30434782608696,7.391304347826087,23.91304347826087,68.69565217391305,56.52173913043478,12.173913043478262
E00009125,143,50,20,30,93,78,15,34.96503496503497,13.986013986013987,20.97902097902098,65.03496503496503,54.54545454545454,10.48951048951049
E00009126,120,31,12,19,89,79,10,25.833333333333336,10,15.833333333333332,74.16666666666667,65.83333333333333,8.333333333333332
E00009127,106,33,10,23,73,60,13,31.132075471698112,9.433962264150944,21.69811320754717,68.86792452830188,56.60377358490566,12.264150943396226
E00009128,189,35,9,26,154,125,29,18.51851851851852,4.761904761904762,13.756613756613756,81.48148148148148,66.13756613756614,15.343915343915343
E00009129,196,53,20,33,143,110,33,27.040816326530614,10.204081632653061,16.83673469387755,72.95918367346938,56.12244897959183,16.83673469387755
E00009130,192,56,30,26,136,113,23,29.166666666666668,15.625,13.541666666666666,70.83333333333334,58.854166666666664,11.979166666666668
E00009131,263,67,29,38,196,148,48,25.475285171102662,11.02661596958175,14.44866920152091,74.52471482889734,56.27376425855514,18.250950570342205
E00009132,196,69,23,46,127,106,21,35.204081632653065,11.73469387755102,23.46938775510204,64.79591836734694,54.08163265306123,10.714285714285714
E00009133,179,37,19,18,142,110,32,20.670391061452513,10.614525139664805,10.05586592178771,79.3296089385475,61.452513966480446,17.877094972067038
E00009134,218,64,27,37,154,127,27,29.357798165137616,12.385321100917432,16.972477064220186,70.64220183486239,58.256880733944946,12.385321100917432
E00009135,167,37,16,21,130,108,22,22.15568862275449,9.580838323353294,12.574850299401197,77.84431137724552,64.67065868263472,13.17365269461078
E00009136,191,61,27,34,130,111,19,31.93717277486911,14.136125654450263,17.801047120418847,68.06282722513089,58.1151832460733,9.947643979057592
E00009137,174,44,10,34,130,104,26,25.287356321839084,5.747126436781609,19.54022988505747,74.71264367816092,59.77011494252874,14.942528735632186
E00009138,221,58,28,30,163,128,35,26.244343891402718,12.669683257918551,13.574660633484163,73.7556561085973,57.9185520361991,15.837104072398189
E00009140,206,55,21,34,151,123,28,26.699029126213592,10.194174757281553,16.50485436893204,73.30097087378641,59.70873786407766,13.592233009708737
E00009141,151,34,18,16,117,97,20,22.516556291390728,11.920529801324504,10.596026490066226,77.48344370860927,64.23841059602648,13.245033112582782
E00009142,170,39,14,25,131,102,29,22.941176470588236,8.235294117647058,14.705882352941178,77.05882352941177,60,17.058823529411764
E00009143,337,68,25,43,269,213,56,20.178041543026705,7.418397626112759,12.759643916913946,79.82195845697329,63.20474777448071,16.61721068249258
E00009144,240,49,18,31,191,143,48,20.416666666666668,7.5,12.916666666666668,79.58333333333333,59.583333333333336,20
E00009145,128,40,12,28,88,67,21,31.25,9.375,21.875,68.75,52.34375,16.40625
E00009146,211,47,25,22,164,124,40,22.274881516587676,11.848341232227488,10.42654028436019,77.72511848341233,58.767772511848335,18.95734597156398
E00009147,176,38,17,21,138,96,42,21.59090909090909,9.659090909090908,11.931818181818182,78.4090909090909,54.54545454545454,23.863636363636363
E00009148,169,45,16,29,124,98,26,26.627218934911244,9.467455621301776,17.159763313609467,73.37278106508876,57.98816568047337,15.384615384615385
E00009149,128,44,20,24,84,65,19,34.375,15.625,18.75,65.625,50.78125,14.84375
E00009151,171,69,24,45,102,93,9,40.35087719298245,14.035087719298245,26.31578947368421,59.64912280701754,54.385964912280706,5.263157894736842
E00009152,219,50,24,26,169,130,39,22.831050228310502,10.95890410958904,11.87214611872146,77.1689497716895,59.3607305936073,17.80821917808219
E00009153,144,35,11,24,109,91,18,24.305555555555554,7.638888888888889,16.666666666666664,75.69444444444444,63.19444444444444,12.5
E00009154,138,56,27,29,82,73,9,40.57971014492754,19.565217391304348,21.014492753623188,59.42028985507246,52.89855072463768,6.521739130434782
E00009155,170,44,13,31,126,102,24,25.882352941176475,7.647058823529412,18.235294117647058,74.11764705882354,60,14.117647058823529
E00009156,284,68,26,42,216,177,39,23.943661971830984,9.15492957746479,14.788732394366196,76.05633802816901,62.323943661971825,13.732394366197184
E00009157,136,32,8,24,104,73,31,23.52941176470588,5.88235294117647,17.647058823529413,76.47058823529412,53.67647058823529,22.794117647058822
E00009158,162,45,19,26,117,97,20,27.77777777777778,11.728395061728394,16.049382716049383,72.22222222222221,59.876543209876544,12.345679012345679
E00009159,242,59,20,39,183,151,32,24.380165289256198,8.264462809917356,16.115702479338843,75.6198347107438,62.396694214876035,13.223140495867769
E00009160,146,46,17,29,100,80,20,31.506849315068493,11.643835616438356,19.863013698630137,68.4931506849315,54.794520547945204,13.698630136986301
E00009161,130,28,12,16,102,87,15,21.53846153846154,9.230769230769232,12.307692307692308,78.46153846153847,66.92307692307692,11.538461538461538
E00009162,136,35,16,19,101,85,16,25.735294117647058,11.76470588235294,13.970588235294118,74.26470588235294,62.5,11.76470588235294
E00009163,89,21,5,16,68,63,5,23.595505617977526,5.617977528089887,17.97752808988764,76.40449438202246,70.78651685393258,5.617977528089887
E00009164,286,38,8,30,248,205,43,13.286713286713287,2.797202797202797,10.48951048951049,86.7132867132867,71.67832167832168,15.034965034965033
E00009165,168,28,14,14,140,121,19,16.666666666666664,8.333333333333332,8.333333333333332,83.33333333333334,72.02380952380952,11.30952380952381
E00009167,146,51,14,37,95,90,5,34.93150684931507,9.58904109589041,25.34246575342466,65.06849315068493,61.64383561643836,3.4246575342465753
E00009168,61,29,13,16,32,29,3,47.540983606557376,21.311475409836063,26.229508196721312,52.459016393442624,47.540983606557376,4.918032786885246
E00009169,129,27,9,18,102,78,24,20.930232558139537,6.976744186046512,13.953488372093023,79.06976744186046,60.46511627906976,18.6046511627907
E00009170,133,44,18,26,89,78,11,33.08270676691729,13.533834586466165,19.548872180451127,66.9172932330827,58.64661654135338,8.270676691729323
E00009171,125,20,6,14,105,83,22,16,4.8,11.200000000000001,84,66.4,17.599999999999998
E00009172,126,20,8,12,106,90,16,15.873015873015872,6.349206349206349,9.523809523809524,84.12698412698413,71.42857142857143,12.698412698412698
E00009173,166,40,13,27,126,109,17,24.096385542168676,7.83132530120482,16.265060240963855,75.90361445783132,65.66265060240963,10.240963855421686
E00009174,127,41,10,31,86,74,12,32.28346456692913,7.874015748031496,24.409448818897637,67.71653543307087,58.26771653543307,9.448818897637794
E00009175,266,75,22,53,191,147,44,28.195488721804512,8.270676691729323,19.924812030075188,71.80451127819549,55.26315789473685,16.541353383458645
E00009176,166,34,8,26,132,104,28,20.481927710843372,4.819277108433735,15.66265060240964,79.51807228915662,62.65060240963856,16.867469879518072
E00009177,164,44,21,23,120,94,26,26.82926829268293,12.804878048780488,14.02439024390244,73.17073170731707,57.3170731707317,15.853658536585366
E00009178,158,30,9,21,128,109,19,18.9873417721519,5.69620253164557,13.291139240506327,81.0126582278481,68.9873417721519,12.025316455696203
E00009179,120,53,15,38,67,58,9,44.166666666666664,12.5,31.666666666666664,55.833333333333336,48.333333333333336,7.5
E00009180,118,39,15,24,79,66,13,33.05084745762712,12.711864406779661,20.33898305084746,66.94915254237289,55.932203389830505,11.016949152542372
E00009181,142,60,17,43,82,67,15,42.25352112676056,11.971830985915492,30.28169014084507,57.74647887323944,47.183098591549296,10.56338028169014
E00009182,144,57,12,45,87,83,4,39.58333333333333,8.333333333333332,31.25,60.416666666666664,57.638888888888886,2.7777777777777777
E00009183,148,56,20,36,92,82,10,37.83783783783784,13.513513513513514,24.324324324324326,62.16216216216216,55.4054054054054,6.756756756756757
E00009184,109,42,17,25,67,58,9,38.53211009174312,15.59633027522936,22.93577981651376,61.46788990825688,53.21100917431193,8.256880733944955
E00009185,134,38,15,23,96,80,16,28.35820895522388,11.194029850746269,17.16417910447761,71.64179104477611,59.70149253731343,11.940298507462686
E00009186,161,74,25,49,87,76,11,45.962732919254655,15.527950310559005,30.434782608695656,54.037267080745345,47.20496894409938,6.832298136645963
E00009187,56,16,9,7,40,33,7,28.57142857142857,16.071428571428573,12.5,71.42857142857143,58.92857142857143,12.5
E00009188,146,41,17,24,105,81,24,28.08219178082192,11.643835616438356,16.43835616438356,71.91780821917808,55.47945205479452,16.43835616438356
E00009190,144,50,20,30,94,82,12,34.72222222222222,13.88888888888889,20.833333333333336,65.27777777777779,56.94444444444444,8.333333333333332
E00009191,201,47,18,29,154,134,20,23.383084577114428,8.955223880597014,14.427860696517413,76.61691542288557,66.66666666666666,9.950248756218906
E00009192,177,52,18,34,125,112,13,29.37853107344633,10.16949152542373,19.2090395480226,70.62146892655367,63.2768361581921,7.344632768361582
E00009194,247,67,25,42,180,157,23,27.125506072874494,10.121457489878543,17.00404858299595,72.8744939271255,63.56275303643725,9.31174089068826
E00009195,164,39,15,24,125,104,21,23.78048780487805,9.146341463414634,14.634146341463413,76.21951219512195,63.41463414634146,12.804878048780488
E00009196,104,30,11,19,74,63,11,28.846153846153843,10.576923076923077,18.269230769230766,71.15384615384616,60.57692307692307,10.576923076923077
E00009197,265,49,16,33,216,178,38,18.49056603773585,6.037735849056604,12.452830188679245,81.50943396226415,67.16981132075472,14.339622641509434
E00009198,86,25,10,15,61,47,14,29.069767441860467,11.627906976744185,17.441860465116278,70.93023255813954,54.65116279069767,16.27906976744186
E00009199,143,49,16,33,94,80,14,34.26573426573427,11.188811188811188,23.076923076923077,65.73426573426573,55.94405594405595,9.79020979020979
E00009200,270,60,30,30,210,165,45,22.22222222222222,11.11111111111111,11.11111111111111,77.77777777777779,61.111111111111114,16.666666666666664
E00009201,107,28,12,16,79,65,14,26.168224299065418,11.214953271028037,14.953271028037381,73.83177570093457,60.747663551401864,13.084112149532709
E00009202,57,26,9,17,31,26,5,45.614035087719294,15.789473684210526,29.82456140350877,54.385964912280706,45.614035087719294,8.771929824561402
E00009203,126,36,18,18,90,77,13,28.57142857142857,14.285714285714285,14.285714285714285,71.42857142857143,61.111111111111114,10.317460317460316
E00009204,180,36,11,25,144,111,33,20,6.111111111111111,13.88888888888889,80,61.66666666666667,18.333333333333332
E00009205,114,51,34,17,63,51,12,44.73684210526316,29.82456140350877,14.912280701754385,55.26315789473685,44.73684210526316,10.526315789473683
E00009206,72,22,6,16,50,45,5,30.555555555555557,8.333333333333332,22.22222222222222,69.44444444444444,62.5,6.944444444444445
E00009207,204,67,26,41,137,111,26,32.84313725490196,12.745098039215685,20.098039215686274,67.15686274509804,54.41176470588235,12.745098039215685
E00009208,157,48,16,32,109,93,16,30.573248407643312,10.191082802547772,20.382165605095544,69.42675159235668,59.23566878980891,10.191082802547772
E00009209,129,55,17,38,74,67,7,42.63565891472868,13.178294573643413,29.457364341085274,57.36434108527132,51.93798449612403,5.426356589147287
E00009210,218,70,25,45,148,120,28,32.11009174311927,11.46788990825688,20.642201834862387,67.88990825688074,55.04587155963303,12.844036697247708
E00009212,123,52,16,36,71,65,6,42.27642276422765,13.008130081300814,29.268292682926827,57.72357723577236,52.84552845528455,4.878048780487805
E00009213,204,77,30,47,127,109,18,37.745098039215684,14.705882352941178,23.03921568627451,62.254901960784316,53.431372549019606,8.823529411764707
E00009214,111,41,19,22,70,69,1,36.93693693693694,17.117117117117118,19.81981981981982,63.06306306306306,62.16216216216216,0.9009009009009009
E00009215,50,19,8,11,31,26,5,38,16,22,62,52,10
E00009216,197,55,18,37,142,118,24,27.918781725888326,9.137055837563452,18.781725888324875,72.08121827411168,59.89847715736041,12.18274111675127
E00009217,112,33,16,17,79,56,23,29.464285714285715,14.285714285714285,15.178571428571427,70.53571428571429,50,20.535714285714285
E00009218,94,44,18,26,50,42,8,46.808510638297875,19.148936170212767,27.659574468085108,53.191489361702125,44.680851063829785,8.51063829787234
E00009219,91,41,13,28,50,39,11,45.05494505494506,14.285714285714285,30.76923076923077,54.94505494505495,42.857142857142854,12.087912087912088
E00009221,70,19,10,9,51,50,1,27.142857142857142,14.285714285714285,12.857142857142856,72.85714285714285,71.42857142857143,1.4285714285714286
E00009222,76,20,10,10,56,39,17,26.31578947368421,13.157894736842104,13.157894736842104,73.68421052631578,51.31578947368421,22.36842105263158
E00009223,121,36,13,23,85,58,27,29.75206611570248,10.743801652892563,19.00826446280992,70.24793388429752,47.93388429752066,22.31404958677686
E00176220,140,41,15,26,99,82,17,29.28571428571429,10.714285714285714,18.571428571428573,70.71428571428572,58.57142857142858,12.142857142857142
E00176221,287,40,17,23,247,198,49,13.937282229965156,5.923344947735192,8.013937282229964,86.06271777003485,68.98954703832753,17.073170731707318
E00176222,160,31,10,21,129,93,36,19.375,6.25,13.125,80.625,58.12500000000001,22.5
E00176223,328,48,15,33,280,199,81,14.634146341463413,4.573170731707317,10.060975609756099,85.36585365853658,60.670731707317074,24.695121951219512
E00176224,116,44,17,27,72,64,8,37.93103448275862,14.655172413793101,23.275862068965516,62.06896551724138,55.172413793103445,6.896551724137931
E00176225,135,52,10,42,83,74,9,38.51851851851852,7.4074074074074066,31.11111111111111,61.48148148148148,54.81481481481482,6.666666666666667
E00176228,158,65,26,39,93,85,8,41.139240506329116,16.455696202531644,24.68354430379747,58.86075949367089,53.79746835443038,5.063291139240507
E00176229,219,88,26,62,131,121,10,40.182648401826484,11.87214611872146,28.31050228310502,59.817351598173516,55.25114155251142,4.5662100456621
E00176234,362,48,12,36,314,213,101,13.259668508287293,3.314917127071823,9.94475138121547,86.74033149171271,58.83977900552486,27.900552486187845
E00176235,310,44,18,26,266,181,85,14.193548387096774,5.806451612903226,8.38709677419355,85.80645161290322,58.387096774193544,27.419354838709676
E00176236,163,33,15,18,130,115,15,20.245398773006134,9.202453987730062,11.042944785276074,79.75460122699386,70.5521472392638,9.202453987730062
E00176237,130,16,9,7,114,99,15,12.307692307692308,6.923076923076923,5.384615384615385,87.6923076923077,76.15384615384615,11.538461538461538
E00176238,142,35,18,17,107,80,27,24.647887323943664,12.676056338028168,11.971830985915492,75.35211267605634,56.33802816901409,19.014084507042252
E00176239,336,46,11,35,290,207,83,13.690476190476192,3.273809523809524,10.416666666666668,86.30952380952381,61.60714285714286,24.702380952380953
E00176240,323,61,25,36,262,193,69,18.885448916408667,7.739938080495357,11.145510835913312,81.11455108359134,59.75232198142415,21.36222910216718
E00176241,115,31,13,18,84,73,11,26.956521739130434,11.304347826086957,15.65217391304348,73.04347826086956,63.47826086956522,9.565217391304348
E00176242,268,35,12,23,233,189,44,13.059701492537313,4.477611940298507,8.582089552238806,86.94029850746269,70.52238805970148,16.417910447761194
E00176246,118,25,9,16,93,62,31,21.1864406779661,7.627118644067797,13.559322033898304,78.8135593220339,52.54237288135594,26.27118644067797
E00176248,154,39,17,22,115,100,15,25.324675324675322,11.03896103896104,14.285714285714285,74.67532467532467,64.93506493506493,9.740259740259742
E00176249,134,23,7,16,111,97,14,17.16417910447761,5.223880597014925,11.940298507462686,82.83582089552239,72.38805970149254,10.44776119402985
E00176250,194,43,21,22,151,124,27,22.164948453608247,10.824742268041238,11.34020618556701,77.83505154639175,63.91752577319587,13.917525773195877
E00176251,303,79,29,50,224,177,47,26.072607260726073,9.570957095709572,16.5016501650165,73.92739273927393,58.415841584158414,15.51155115511551
E00176252,119,51,15,36,68,55,13,42.857142857142854,12.605042016806722,30.252100840336134,57.14285714285714,46.21848739495798,10.92436974789916
E00176253,191,38,16,22,153,118,35,19.895287958115183,8.37696335078534,11.518324607329843,80.10471204188482,61.78010471204188,18.32460732984293
E00176254,149,41,14,27,108,86,22,27.516778523489933,9.395973154362416,18.120805369127517,72.48322147651007,57.71812080536913,14.76510067114094
E00176256,239,121,37,84,118,103,15,50.627615062761514,15.481171548117153,35.146443514644346,49.37238493723849,43.09623430962343,6.2761506276150625
E00176258,241,78,26,52,163,142,21,32.365145228215766,10.78838174273859,21.57676348547718,67.63485477178423,58.921161825726145,8.71369294605809
E00176259,106,18,7,11,88,68,20,16.9811320754717,6.60377358490566,10.377358490566039,83.01886792452831,64.15094339622641,18.867924528301888
E00176260,160,25,8,17,135,81,54,15.625,5,10.625,84.375,50.625,33.75
E00176261,163,19,14,5,144,102,42,11.65644171779141,8.588957055214724,3.067484662576687,88.34355828220859,62.57668711656442,25.766871165644172
E00176262,205,60,29,31,145,120,25,29.268292682926827,14.146341463414632,15.121951219512194,70.73170731707317,58.536585365853654,12.195121951219512
E00176263,171,15,12,3,156,104,52,8.771929824561402,7.017543859649122,1.7543859649122806,91.22807017543859,60.81871345029239,30.409356725146196
E00176265,101,25,11,14,76,61,15,24.752475247524753,10.891089108910892,13.861386138613863,75.24752475247524,60.396039603960396,14.85148514851485
E00176266,221,56,19,37,165,146,19,25.339366515837103,8.597285067873303,16.7420814479638,74.6606334841629,66.06334841628959,8.597285067873303
E00176268,57,19,7,12,38,33,5,33.33333333333333,12.280701754385964,21.052631578947366,66.66666666666666,57.89473684210527,8.771929824561402
E00176269,260,75,38,37,185,153,32,28.846153846153843,14.615384615384617,14.23076923076923,71.15384615384616,58.84615384615385,12.307692307692308
E00176270,169,69,17,52,100,75,25,40.828402366863905,10.059171597633137,30.76923076923077,59.171597633136095,44.37869822485207,14.792899408284024
E00176271,253,43,13,30,210,159,51,16.99604743083004,5.138339920948617,11.857707509881422,83.00395256916995,62.845849802371546,20.158102766798418
E00176272,122,25,9,16,97,69,28,20.491803278688526,7.377049180327869,13.114754098360656,79.50819672131148,56.557377049180324,22.950819672131146
E00176273,152,47,19,28,105,94,11,30.92105263157895,12.5,18.421052631578945,69.07894736842105,61.8421052631579,7.236842105263158
E00176274,144,57,19,38,87,72,15,39.58333333333333,13.194444444444445,26.38888888888889,60.416666666666664,50,10.416666666666668
E00176275,150,28,13,15,122,91,31,18.666666666666668,8.666666666666668,10,81.33333333333333,60.66666666666667,20.666666666666668
E00176276,89,15,3,12,74,49,25,16.853932584269664,3.3707865168539324,13.48314606741573,83.14606741573034,55.0561797752809,28.08988764044944
E00176277,55,22,10,12,33,30,3,40,18.181818181818183,21.818181818181817,60,54.54545454545454,5.454545454545454
E00176278,187,23,7,16,164,103,61,12.299465240641712,3.7433155080213902,8.55614973262032,87.70053475935828,55.080213903743314,32.62032085561498
E00176279,128,26,15,11,102,84,18,20.3125,11.71875,8.59375,79.6875,65.625,14.0625
E00176280,150,44,22,22,106,82,24,29.333333333333332,14.666666666666666,14.666666666666666,70.66666666666667,54.666666666666664,16
E00176281,97,29,11,18,68,60,8,29.896907216494846,11.34020618556701,18.556701030927837,70.10309278350515,61.855670103092784,8.24742268041237
E00176283,141,28,16,12,113,85,28,19.858156028368796,11.347517730496454,8.51063829787234,80.1418439716312,60.28368794326241,19.858156028368796
E00176284,92,54,19,35,38,32,6,58.69565217391305,20.652173913043477,38.04347826086957,41.30434782608695,34.78260869565217,6.521739130434782
E00176287,257,30,9,21,227,160,67,11.673151750972762,3.501945525291829,8.171206225680933,88.32684824902724,62.2568093385214,26.07003891050584
E00176290,224,56,24,32,168,134,34,25,10.714285714285714,14.285714285714285,75,59.82142857142857,15.178571428571427
E00176292,189,64,27,37,125,105,20,33.86243386243386,14.285714285714285,19.576719576719576,66.13756613756614,55.55555555555556,10.582010582010582
E00176293,85,44,19,25,41,36,5,51.76470588235295,22.35294117647059,29.411764705882355,48.23529411764706,42.35294117647059,5.88235294117647
E00176294,153,49,21,28,104,90,14,32.02614379084967,13.725490196078432,18.30065359477124,67.97385620915033,58.82352941176471,9.15032679738562
E00176295,117,27,12,15,90,76,14,23.076923076923077,10.256410256410255,12.82051282051282,76.92307692307693,64.95726495726495,11.965811965811966
E00176296,141,106,33,73,35,27,8,75.177304964539,23.404255319148938,51.77304964539007,24.822695035460992,19.148936170212767,5.673758865248227
E00176297,104,66,10,56,38,32,6,63.46153846153846,9.615384615384617,53.84615384615385,36.53846153846153,30.76923076923077,5.769230769230769
E00176298,145,56,25,31,89,73,16,38.62068965517241,17.24137931034483,21.379310344827587,61.37931034482759,50.3448275862069,11.03448275862069
E00176299,265,92,35,57,173,148,25,34.71698113207547,13.20754716981132,21.50943396226415,65.28301886792453,55.84905660377358,9.433962264150944
E00176300,130,42,12,30,88,58,30,32.30769230769231,9.230769230769232,23.076923076923077,67.6923076923077,44.61538461538462,23.076923076923077
E00176301,327,54,30,24,273,210,63,16.51376146788991,9.174311926605505,7.339449541284404,83.4862385321101,64.22018348623854,19.26605504587156
E00176302,124,31,13,18,93,72,21,25,10.483870967741936,14.516129032258066,75,58.06451612903226,16.93548387096774
E00176303,198,23,8,15,175,131,44,11.616161616161616,4.040404040404041,7.575757575757576,88.38383838383838,66.16161616161617,22.22222222222222
E00176304,173,34,12,22,139,104,35,19.653179190751445,6.9364161849710975,12.716763005780345,80.34682080924856,60.115606936416185,20.23121387283237
E00176305,199,30,13,17,169,111,58,15.07537688442211,6.532663316582915,8.542713567839195,84.92462311557789,55.778894472361806,29.145728643216078
E00176306,322,55,18,37,267,205,62,17.080745341614907,5.590062111801243,11.490683229813664,82.91925465838509,63.66459627329193,19.25465838509317
E00176309,187,19,6,13,168,111,57,10.16042780748663,3.2085561497326207,6.951871657754011,89.83957219251337,59.35828877005348,30.481283422459892
E00176310,158,38,17,21,120,83,37,24.050632911392405,10.759493670886076,13.291139240506327,75.9493670886076,52.53164556962025,23.417721518987342
E00176311,107,12,6,6,95,57,38,11.214953271028037,5.607476635514018,5.607476635514018,88.78504672897196,53.271028037383175,35.51401869158878
E00176312,124,24,10,14,100,67,33,19.35483870967742,8.064516129032258,11.29032258064516,80.64516129032258,54.03225806451613,26.61290322580645
E00176313,167,50,20,30,117,90,27,29.94011976047904,11.976047904191617,17.964071856287426,70.05988023952095,53.89221556886228,16.16766467065868
E00176314,191,49,17,32,142,126,16,25.654450261780106,8.900523560209423,16.75392670157068,74.3455497382199,65.96858638743456,8.37696335078534
E00176315,127,42,26,16,85,71,14,33.07086614173229,20.47244094488189,12.598425196850393,66.92913385826772,55.90551181102362,11.023622047244094
E00176316,85,26,8,18,59,50,9,30.58823529411765,9.411764705882353,21.176470588235293,69.41176470588235,58.82352941176471,10.588235294117647
E00176317,191,34,17,17,157,124,33,17.801047120418847,8.900523560209423,8.900523560209423,82.19895287958116,64.92146596858639,17.277486910994764
E00176318,136,38,14,24,98,82,16,27.941176470588236,10.294117647058822,17.647058823529413,72.05882352941177,60.29411764705882,11.76470588235294
E00176319,289,66,26,40,223,173,50,22.837370242214533,8.996539792387544,13.84083044982699,77.16262975778547,59.86159169550172,17.301038062283737
E00176320,139,18,9,9,121,84,37,12.949640287769784,6.474820143884892,6.474820143884892,87.05035971223022,60.431654676258994,26.618705035971225
E00176321,101,15,5,10,86,65,21,14.85148514851485,4.9504950495049505,9.900990099009901,85.14851485148515,64.35643564356435,20.792079207920793
E00176322,90,19,9,10,71,52,19,21.11111111111111,10,11.11111111111111,78.88888888888889,57.77777777777777,21.11111111111111
E00176323,90,21,10,11,69,56,13,23.333333333333332,11.11111111111111,12.222222222222221,76.66666666666667,62.22222222222222,14.444444444444443
E00176324,173,32,6,26,141,116,25,18.497109826589593,3.4682080924855487,15.028901734104046,81.5028901734104,67.05202312138728,14.450867052023122
E00176326,357,100,42,58,257,225,32,28.011204481792717,11.76470588235294,16.246498599439775,71.98879551820728,63.02521008403361,8.96358543417367
E00176328,119,31,13,18,88,75,13,26.05042016806723,10.92436974789916,15.126050420168067,73.94957983193278,63.02521008403361,10.92436974789916
E00176329,96,19,8,11,77,69,8,19.791666666666664,8.333333333333332,11.458333333333332,80.20833333333334,71.875,8.333333333333332
E00176330,107,21,6,15,86,72,14,19.626168224299064,5.607476635514018,14.018691588785046,80.37383177570094,67.28971962616822,13.084112149532709
E00176331,197,23,10,13,174,143,31,11.6751269035533,5.0761421319796955,6.598984771573605,88.3248730964467,72.58883248730965,15.736040609137056
E00176332,93,26,11,15,67,51,16,27.956989247311824,11.827956989247312,16.129032258064516,72.04301075268818,54.83870967741935,17.20430107526882
E00176333,219,56,19,37,163,118,45,25.570776255707763,8.67579908675799,16.894977168949772,74.42922374429224,53.88127853881278,20.54794520547945
E00176335,122,37,15,22,85,67,18,30.327868852459016,12.295081967213115,18.0327868852459,69.67213114754098,54.91803278688525,14.754098360655737
E00183715,411,142,45,97,269,240,29,34.54987834549878,10.948905109489052,23.600973236009732,65.45012165450122,58.3941605839416,7.0559610705596105
E00183716,314,44,21,23,270,156,114,14.012738853503185,6.687898089171974,7.32484076433121,85.98726114649682,49.681528662420384,36.30573248407643
E00183717,191,62,25,37,129,107,22,32.460732984293195,13.089005235602095,19.3717277486911,67.5392670157068,56.02094240837696,11.518324607329843
E00183718,177,58,22,36,119,109,10,32.7683615819209,12.429378531073446,20.33898305084746,67.2316384180791,61.5819209039548,5.649717514124294
E00183719,85,31,15,16,54,42,12,36.470588235294116,17.647058823529413,18.823529411764707,63.52941176470588,49.411764705882355,14.117647058823529
E00183720,210,67,33,34,143,104,39,31.9047619047619,15.714285714285714,16.19047619047619,68.0952380952381,49.523809523809526,18.571428571428573
E00183733,119,42,17,25,77,73,4,35.294117647058826,14.285714285714285,21.008403361344538,64.70588235294117,61.34453781512605,3.361344537815126
E00183734,286,24,12,12,262,160,102,8.391608391608392,4.195804195804196,4.195804195804196,91.6083916083916,55.94405594405595,35.66433566433567
E00183735,165,56,18,38,109,94,15,33.939393939393945,10.909090909090908,23.03030303030303,66.06060606060606,56.96969696969697,9.090909090909092
E00183736,247,30,8,22,217,171,46,12.145748987854251,3.2388663967611335,8.906882591093117,87.85425101214574,69.23076923076923,18.62348178137652
E00183749,180,54,23,31,126,107,19,30,12.777777777777777,17.22222222222222,70,59.44444444444444,10.555555555555555
E00183755,108,39,12,27,69,64,5,36.11111111111111,11.11111111111111,25,63.888888888888886,59.25925925925925,4.62962962962963
E00183756,160,19,4,15,141,76,65,11.875,2.5,9.375,88.125,47.5,40.625
E00183757,77,68,24,44,9,9,0,88.31168831168831,31.16883116883117,57.14285714285714,11.688311688311687,11.688311688311687,0
E00183758,179,23,11,12,156,115,41,12.849162011173185,6.145251396648044,6.70391061452514,87.15083798882681,64.24581005586593,22.905027932960895
E00183761,153,16,2,14,137,67,70,10.457516339869281,1.3071895424836601,9.15032679738562,89.54248366013073,43.790849673202615,45.751633986928105
E00183765,75,28,7,21,47,41,6,37.333333333333336,9.333333333333334,28.000000000000004,62.66666666666667,54.666666666666664,8
E00183768,137,43,13,30,94,83,11,31.386861313868614,9.48905109489051,21.897810218978105,68.61313868613139,60.58394160583942,8.02919708029197
E00183770,267,21,11,10,246,191,55,7.865168539325842,4.119850187265917,3.7453183520599254,92.13483146067416,71.53558052434457,20.59925093632959
E00183771,183,30,10,20,153,127,26,16.39344262295082,5.46448087431694,10.92896174863388,83.60655737704919,69.39890710382514,14.207650273224044
E00183774,261,18,10,8,243,153,90,6.896551724137931,3.8314176245210727,3.065134099616858,93.10344827586206,58.620689655172406,34.48275862068966
E00183781,138,7,3,4,131,89,42,5.072463768115942,2.1739130434782608,2.898550724637681,94.92753623188406,64.4927536231884,30.434782608695656
E00183786,132,35,16,19,97,81,16,26.515151515151516,12.121212121212121,14.393939393939394,73.48484848484848,61.36363636363637,12.121212121212121
E00183796,75,61,15,46,14,11,3,81.33333333333333,20,61.33333333333333,18.666666666666668,14.666666666666666,4
E00183809,175,29,11,18,146,116,30,16.57142857142857,6.2857142857142865,10.285714285714285,83.42857142857143,66.28571428571428,17.142857142857142
E00183813,145,27,11,16,118,94,24,18.620689655172416,7.586206896551724,11.03448275862069,81.37931034482759,64.82758620689654,16.551724137931036
E00183815,200,26,9,17,174,91,83,13,4.5,8.5,87,45.5,41.5
E00183816,274,37,14,23,237,179,58,13.503649635036496,5.109489051094891,8.394160583941606,86.4963503649635,65.32846715328468,21.16788321167883
E00183826,133,28,6,22,105,91,14,21.052631578947366,4.511278195488721,16.541353383458645,78.94736842105263,68.42105263157895,10.526315789473683
E00183831,170,40,12,28,130,109,21,23.52941176470588,7.0588235294117645,16.470588235294116,76.47058823529412,64.11764705882354,12.352941176470589
E00183845,128,45,22,23,83,70,13,35.15625,17.1875,17.96875,64.84375,54.6875,10.15625
E00183850,67,25,14,11,42,30,12,37.3134328358209,20.8955223880597,16.417910447761194,62.68656716417911,44.776119402985074,17.91044776119403
E00183853,226,30,13,17,196,150,46,13.274336283185843,5.752212389380531,7.52212389380531,86.72566371681415,66.3716814159292,20.353982300884958
E00183857,76,29,17,12,47,43,4,38.15789473684211,22.36842105263158,15.789473684210526,61.8421052631579,56.57894736842105,5.263157894736842
E00183858,95,44,17,27,51,47,4,46.31578947368421,17.894736842105264,28.421052631578945,53.68421052631579,49.473684210526315,4.2105263157894735
E00183859,122,90,30,60,32,23,9,73.77049180327869,24.59016393442623,49.18032786885246,26.229508196721312,18.852459016393443,7.377049180327869
E00183868,142,64,15,49,78,64,14,45.07042253521127,10.56338028169014,34.50704225352113,54.929577464788736,45.07042253521127,9.859154929577464
E00183872,235,54,15,39,181,143,38,22.97872340425532,6.382978723404255,16.595744680851062,77.02127659574468,60.851063829787236,16.170212765957448
E00183876,322,87,29,58,235,176,59,27.018633540372672,9.006211180124224,18.012422360248447,72.98136645962732,54.6583850931677,18.32298136645963
E00183879,103,21,3,18,82,68,14,20.388349514563107,2.912621359223301,17.475728155339805,79.6116504854369,66.01941747572816,13.592233009708737
E00183881,143,14,6,8,129,95,34,9.79020979020979,4.195804195804196,5.594405594405594,90.20979020979021,66.43356643356644,23.776223776223777
E00183891,122,54,24,30,68,55,13,44.26229508196721,19.672131147540984,24.59016393442623,55.73770491803278,45.08196721311475,10.655737704918032
E00183894,176,38,14,24,138,115,23,21.59090909090909,7.954545454545454,13.636363636363635,78.4090909090909,65.3409090909091,13.068181818181818
E00183903,149,29,10,19,120,105,15,19.463087248322147,6.7114093959731544,12.751677852348994,80.53691275167785,70.46979865771812,10.06711409395973
E00183904,190,29,10,19,161,121,40,15.263157894736842,5.263157894736842,10,84.73684210526315,63.68421052631579,21.052631578947366
E00183907,156,22,11,11,134,85,49,14.102564102564102,7.051282051282051,7.051282051282051,85.8974358974359,54.48717948717948,31.41025641025641
E00183912,178,33,17,16,145,100,45,18.53932584269663,9.550561797752808,8.98876404494382,81.46067415730337,56.17977528089888,25.280898876404496
E00183916,193,39,14,25,154,118,36,20.207253886010363,7.253886010362693,12.953367875647666,79.79274611398964,61.13989637305699,18.65284974093264
E00183917,134,32,17,15,102,83,19,23.88059701492537,12.686567164179104,11.194029850746269,76.11940298507463,61.940298507462686,14.17910447761194
E00183918,195,36,13,23,159,129,30,18.461538461538463,6.666666666666667,11.794871794871794,81.53846153846153,66.15384615384615,15.384615384615385
E00183921,128,33,12,21,95,84,11,25.78125,9.375,16.40625,74.21875,65.625,8.59375
E00183929,89,31,9,22,58,51,7,34.831460674157306,10.112359550561797,24.719101123595504,65.1685393258427,57.30337078651685,7.865168539325842
E00183940,186,51,22,29,135,105,30,27.419354838709676,11.827956989247312,15.591397849462366,72.58064516129032,56.451612903225815,16.129032258064516
E00183944,193,37,15,22,156,122,34,19.170984455958546,7.772020725388601,11.398963730569948,80.82901554404145,63.212435233160626,17.616580310880828
E00183945,199,62,23,39,137,114,23,31.155778894472363,11.557788944723619,19.597989949748744,68.84422110552764,57.286432160804026,11.557788944723619
E00183947,117,30,6,24,87,67,20,25.64102564102564,5.128205128205128,20.51282051282051,74.35897435897436,57.26495726495726,17.094017094017094
E00183952,220,23,9,14,197,147,50,10.454545454545453,4.090909090909091,6.363636363636363,89.54545454545455,66.81818181818183,22.727272727272727
E00183955,74,22,10,12,52,45,7,29.72972972972973,13.513513513513514,16.216216216216218,70.27027027027027,60.810810810810814,9.45945945945946
E00183956,223,16,5,11,207,153,54,7.174887892376682,2.242152466367713,4.932735426008969,92.82511210762333,68.60986547085201,24.2152466367713
E00183962,162,61,26,35,101,95,6,37.65432098765432,16.049382716049383,21.604938271604937,62.34567901234568,58.64197530864198,3.7037037037037033
E00183971,241,32,16,16,209,144,65,13.278008298755188,6.639004149377594,6.639004149377594,86.72199170124482,59.75103734439834,26.970954356846473
E00183974,167,36,13,23,131,104,27,21.55688622754491,7.784431137724551,13.77245508982036,78.44311377245509,62.27544910179641,16.16766467065868
E00183976,219,36,12,24,183,155,28,16.43835616438356,5.47945205479452,10.95890410958904,83.56164383561644,70.77625570776256,12.785388127853881
E00183981,167,16,3,13,151,125,26,9.580838323353294,1.7964071856287425,7.784431137724551,90.41916167664671,74.8502994011976,15.568862275449103
E00183993,110,40,10,30,70,60,10,36.36363636363637,9.090909090909092,27.27272727272727,63.63636363636363,54.54545454545454,9.090909090909092
E00183996,205,20,7,13,185,146,39,9.75609756097561,3.414634146341464,6.341463414634147,90.2439024390244,71.21951219512195,19.024390243902438
E00183997,182,53,19,34,129,121,8,29.120879120879124,10.43956043956044,18.681318681318682,70.87912087912088,66.48351648351648,4.395604395604396
E00183999,325,65,25,40,260,225,35,20,7.6923076923076925,12.307692307692308,80,69.23076923076923,10.76923076923077
E00184002,173,39,17,22,134,116,18,22.54335260115607,9.826589595375722,12.716763005780345,77.45664739884393,67.05202312138728,10.404624277456648
E00184010,98,28,12,16,70,60,10,28.57142857142857,12.244897959183673,16.3265306122449,71.42857142857143,61.224489795918366,10.204081632653061
E00184012,217,33,13,20,184,118,66,15.207373271889402,5.990783410138248,9.216589861751153,84.7926267281106,54.377880184331794,30.414746543778804
E00184018,214,46,9,37,168,142,26,21.49532710280374,4.205607476635514,17.289719626168225,78.50467289719626,66.35514018691589,12.149532710280374
E00184025,205,41,16,25,164,131,33,20,7.804878048780488,12.195121951219512,80,63.90243902439025,16.097560975609756
E00184026,117,39,10,29,78,63,15,33.33333333333333,8.547008547008547,24.786324786324787,66.66666666666666,53.84615384615385,12.82051282051282
E00184027,235,18,10,8,217,162,55,7.659574468085106,4.25531914893617,3.404255319148936,92.34042553191489,68.93617021276596,23.404255319148938
E00184030,104,36,17,19,68,54,14,34.61538461538461,16.346153846153847,18.269230769230766,65.38461538461539,51.92307692307693,13.461538461538462
E00184031,208,45,13,32,163,118,45,21.634615384615387,6.25,15.384615384615385,78.36538461538461,56.730769230769226,21.634615384615387
E00184032,123,20,11,9,103,88,15,16.260162601626014,8.94308943089431,7.317073170731707,83.73983739837398,71.54471544715447,12.195121951219512
E00184033,123,53,16,37,70,66,4,43.08943089430895,13.008130081300814,30.081300813008134,56.91056910569105,53.65853658536586,3.2520325203252036
E00184034,93,30,11,19,63,57,6,32.25806451612903,11.827956989247312,20.43010752688172,67.74193548387096,61.29032258064516,6.451612903225806
E00184035,125,62,16,46,63,56,7,49.6,12.8,36.8,50.4,44.800000000000004,5.6000000000000005
E00184037,70,17,5,12,53,45,8,24.285714285714285,7.142857142857142,17.142857142857142,75.71428571428571,64.28571428571429,11.428571428571429
E00184048,147,41,12,29,106,94,12,27.89115646258503,8.16326530612245,19.727891156462583,72.10884353741497,63.94557823129252,8.16326530612245
E00184052,204,12,4,8,192,124,68,5.88235294117647,1.9607843137254901,3.9215686274509802,94.11764705882352,60.78431372549019,33.33333333333333
E00184053,114,36,18,18,78,59,19,31.57894736842105,15.789473684210526,15.789473684210526,68.42105263157895,51.75438596491229,16.666666666666664
E00184058,79,27,4,23,52,43,9,34.177215189873415,5.063291139240507,29.11392405063291,65.82278481012658,54.43037974683544,11.39240506329114
E00184059,222,18,10,8,204,151,53,8.108108108108109,4.504504504504505,3.6036036036036037,91.8918918918919,68.01801801801803,23.873873873873876
E00184076,173,75,36,39,98,77,21,43.35260115606936,20.809248554913296,22.54335260115607,56.64739884393064,44.50867052023121,12.138728323699421
E00184080,218,34,24,10,184,115,69,15.59633027522936,11.009174311926607,4.587155963302752,84.40366972477065,52.752293577981646,31.65137614678899
E00184081,170,49,20,29,121,94,27,28.823529411764703,11.76470588235294,17.058823529411764,71.17647058823529,55.294117647058826,15.88235294117647
E00184084,191,23,11,12,168,106,62,12.041884816753926,5.7591623036649215,6.282722513089005,87.95811518324608,55.497382198952884,32.460732984293195
E00184087,63,34,15,19,29,26,3,53.96825396825397,23.809523809523807,30.158730158730158,46.03174603174603,41.269841269841265,4.761904761904762
E00184090,105,20,3,17,85,71,14,19.047619047619047,2.857142857142857,16.19047619047619,80.95238095238095,67.61904761904762,13.333333333333334
E00184097,244,22,11,11,222,174,48,9.01639344262295,4.508196721311475,4.508196721311475,90.98360655737704,71.31147540983606,19.672131147540984
E00184103,231,43,17,26,188,135,53,18.614718614718615,7.35930735930736,11.255411255411255,81.38528138528139,58.44155844155844,22.943722943722943
E00184115,124,99,28,71,25,21,4,79.83870967741935,22.58064516129032,57.25806451612904,20.161290322580644,16.93548387096774,3.225806451612903
E00184116,156,75,16,59,81,66,15,48.07692307692308,10.256410256410255,37.82051282051282,51.92307692307693,42.30769230769231,9.615384615384617
E00184118,349,31,13,18,318,248,70,8.882521489971348,3.7249283667621778,5.157593123209169,91.11747851002865,71.06017191977078,20.057306590257877
E00184120,170,58,19,39,112,94,18,34.11764705882353,11.176470588235295,22.941176470588236,65.88235294117646,55.294117647058826,10.588235294117647
E00184123,128,40,20,20,88,78,10,31.25,15.625,15.625,68.75,60.9375,7.8125
E00184131,194,31,9,22,163,120,43,15.979381443298967,4.639175257731959,11.34020618556701,84.02061855670104,61.855670103092784,22.164948453608247
E00184133,146,56,23,33,90,72,18,38.35616438356164,15.753424657534246,22.602739726027394,61.64383561643836,49.31506849315068,12.32876712328767
E00184138,209,43,17,26,166,140,26,20.574162679425836,8.133971291866029,12.440191387559809,79.42583732057416,66.98564593301435,12.440191387559809
E00184139,146,23,13,10,123,109,14,15.753424657534246,8.904109589041095,6.8493150684931505,84.24657534246576,74.65753424657534,9.58904109589041
