OA,ts0380001,ts0380002,ts0380003,ts0380004,ts0380005,ts0380006,ts0380007,ts0380002_PCT,ts0380003_PCT,ts0380004_PCT,ts0380005_PCT,ts0380006_PCT,ts0380007_PCT
E00008537,268,97,32,65,171,31,140,36.19402985074627,11.940298507462686,24.253731343283583,63.80597014925373,11.567164179104477,52.23880597014925
E00008538,273,42,15,27,231,18,213,15.384615384615385,5.4945054945054945,9.89010989010989,84.61538461538461,6.593406593406594,78.02197802197803
E00008539,217,28,8,20,189,27,162,12.903225806451612,3.686635944700461,9.216589861751153,87.09677419354838,12.442396313364055,74.65437788018433
E00008540,180,25,13,12,155,10,145,13.88888888888889,7.222222222222221,6.666666666666667,86.11111111111111,5.555555555555555,80.55555555555556
E00008542,406,32,13,19,374,24,350,7.8817733990147785,3.201970443349754,4.679802955665025,92.11822660098522,5.911330049261084,86.20689655172413
E00008543,467,49,19,30,418,21,397,10.492505353319057,4.068522483940043,6.423982869379015,89.50749464668094,4.496788008565311,85.01070663811564
E00008544,301,33,15,18,268,7,261,10.96345514950166,4.983388704318937,5.980066445182724,89.03654485049833,2.3255813953488373,86.71096345514951
E00008545,266,27,9,18,239,20,219,10.150375939849624,3.3834586466165413,6.7669172932330826,89.84962406015038,7.518796992481203,82.33082706766918
E00008548,225,40,15,25,185,18,167,17.77777777777778,6.666666666666667,11.11111111111111,82.22222222222221,8,74.22222222222223
E00008549,327,45,14,31,282,30,252,13.761467889908257,4.281345565749235,9.480122324159021,86.23853211009175,9.174311926605505,77.06422018348624
E00008550,195,23,10,13,172,22,150,11.794871794871794,5.128205128205128,6.666666666666667,88.2051282051282,11.282051282051283,76.92307692307693
E00008552,260,30,9,21,230,15,215,11.538461538461538,3.4615384615384617,8.076923076923077,88.46153846153845,5.769230769230769,82.6923076923077
E00008554,291,38,6,32,253,29,224,13.058419243986256,2.0618556701030926,10.996563573883162,86.94158075601375,9.965635738831615,76.97594501718214
E00008555,231,46,17,29,185,22,163,19.913419913419915,7.35930735930736,12.554112554112553,80.08658008658008,9.523809523809524,70.56277056277057
E00008557,282,54,35,19,228,16,212,19.148936170212767,12.411347517730496,6.73758865248227,80.85106382978722,5.673758865248227,75.177304964539
E00008558,293,52,33,19,241,13,228,17.747440273037544,11.262798634812286,6.484641638225256,82.25255972696246,4.436860068259386,77.81569965870307
E00008559,281,29,4,25,252,23,229,10.320284697508896,1.4234875444839856,8.896797153024911,89.6797153024911,8.185053380782918,81.49466192170819
E00008560,330,43,12,31,287,27,260,13.030303030303031,3.6363636363636362,9.393939393939393,86.96969696969697,8.181818181818182,78.78787878787878
E00008561,234,35,18,17,199,12,187,14.957264957264957,7.6923076923076925,7.264957264957266,85.04273504273505,5.128205128205128,79.91452991452992
E00008562,252,29,11,18,223,17,206,11.507936507936508,4.365079365079365,7.142857142857142,88.4920634920635,6.746031746031746,81.74603174603175
E00008563,251,26,11,15,225,14,211,10.358565737051793,4.382470119521913,5.9760956175298805,89.64143426294821,5.577689243027888,84.06374501992032
E00008564,350,40,15,25,310,22,288,11.428571428571429,4.285714285714286,7.142857142857142,88.57142857142857,6.2857142857142865,82.28571428571428
E00008565,378,33,8,25,345,28,317,8.73015873015873,2.1164021164021163,6.613756613756613,91.26984126984127,7.4074074074074066,83.86243386243386
E00008566,235,27,8,19,208,22,186,11.48936170212766,3.404255319148936,8.085106382978724,88.51063829787233,9.361702127659575,79.14893617021276
E00008568,159,21,5,16,138,8,130,13.20754716981132,3.1446540880503147,10.062893081761008,86.79245283018868,5.031446540880504,81.76100628930818
E00008570,310,45,12,33,265,16,249,14.516129032258066,3.870967741935484,10.64516129032258,85.48387096774194,5.161290322580645,80.3225806451613
E00008571,312,33,9,24,279,23,256,10.576923076923077,2.8846153846153846,7.6923076923076925,89.42307692307693,7.371794871794872,82.05128205128204
E00008572,444,81,41,40,363,16,347,18.243243243243242,9.234234234234235,9.00900900900901,81.75675675675676,3.6036036036036037,78.15315315315316
E00008573,310,44,19,25,266,30,236,14.193548387096774,6.129032258064516,8.064516129032258,85.80645161290322,9.67741935483871,76.12903225806451
E00008574,277,36,8,28,241,23,218,12.996389891696749,2.888086642599278,10.108303249097473,87.00361010830325,8.303249097472925,78.70036101083032
E00008575,251,53,22,31,198,12,186,21.115537848605577,8.764940239043826,12.350597609561753,78.88446215139442,4.780876494023905,74.10358565737052
E00008576,271,42,21,21,229,1,228,15.498154981549817,7.7490774907749085,7.7490774907749085,84.50184501845018,0.36900369003690037,84.13284132841329
E00008577,305,36,12,24,269,10,259,11.80327868852459,3.934426229508197,7.868852459016394,88.19672131147541,3.278688524590164,84.91803278688525
E00008578,465,84,46,38,381,35,346,18.064516129032256,9.89247311827957,8.172043010752688,81.93548387096774,7.526881720430108,74.40860215053763
E00008579,443,64,33,31,379,21,358,14.446952595936793,7.44920993227991,6.997742663656885,85.55304740406321,4.740406320541761,80.81264108352144
E00008580,527,53,20,33,474,15,459,10.056925996204933,3.795066413662239,6.261859582542694,89.94307400379506,2.846299810246679,87.09677419354838
E00008581,398,35,16,19,363,13,350,8.793969849246231,4.0201005025125625,4.773869346733668,91.20603015075378,3.2663316582914574,87.93969849246231
E00008583,420,65,34,31,355,19,336,15.476190476190476,8.095238095238095,7.380952380952381,84.52380952380952,4.523809523809524,80
E00008584,539,90,40,50,449,21,428,16.697588126159555,7.421150278293136,9.276437847866418,83.30241187384044,3.896103896103896,79.40630797773655
E00008585,281,39,22,17,242,10,232,13.87900355871886,7.829181494661921,6.049822064056939,86.12099644128114,3.558718861209965,82.56227758007117
E00008586,536,40,20,20,496,10,486,7.462686567164178,3.731343283582089,3.731343283582089,92.53731343283582,1.8656716417910446,90.67164179104478
E00008587,496,57,21,36,439,16,423,11.491935483870968,4.233870967741935,7.258064516129033,88.50806451612904,3.225806451612903,85.28225806451613
E00008588,246,42,26,16,204,14,190,17.073170731707318,10.569105691056912,6.504065040650407,82.92682926829268,5.691056910569105,77.23577235772358
E00008589,496,63,26,37,433,14,419,12.701612903225806,5.241935483870968,7.459677419354839,87.29838709677419,2.82258064516129,84.4758064516129
E00008590,537,46,22,24,491,16,475,8.56610800744879,4.0968342644320295,4.4692737430167595,91.43389199255121,2.97951582867784,88.45437616387338
E00008591,331,53,24,29,278,15,263,16.012084592145015,7.250755287009064,8.761329305135952,83.98791540785498,4.531722054380665,79.45619335347432
E00008592,457,38,19,19,419,13,406,8.315098468271334,4.157549234135667,4.157549234135667,91.68490153172867,2.8446389496717726,88.8402625820569
E00008593,252,28,18,10,224,8,216,11.11111111111111,7.142857142857142,3.968253968253968,88.88888888888889,3.1746031746031744,85.71428571428571
E00008594,521,56,26,30,465,12,453,10.748560460652591,4.990403071017274,5.758157389635317,89.25143953934742,2.3032629558541267,86.9481765834933
E00008596,596,76,31,45,520,20,500,12.751677852348994,5.201342281879195,7.550335570469799,87.24832214765101,3.3557046979865772,83.89261744966443
E00008597,552,23,13,10,529,5,524,4.166666666666666,2.355072463768116,1.8115942028985508,95.83333333333334,0.9057971014492754,94.92753623188406
E00008598,387,44,24,20,343,14,329,11.369509043927648,6.2015503875969,5.167958656330749,88.63049095607235,3.6175710594315245,85.01291989664082
E00008599,449,45,22,23,404,12,392,10.022271714922049,4.8997772828507795,5.122494432071269,89.97772828507794,2.6726057906458798,87.30512249443207
E00008600,483,54,20,34,429,38,391,11.180124223602485,4.140786749482402,7.039337474120083,88.81987577639751,7.867494824016563,80.95238095238095
E00008601,483,22,10,12,461,5,456,4.554865424430641,2.070393374741201,2.484472049689441,95.44513457556936,1.0351966873706004,94.40993788819875
E00008602,290,54,30,24,236,11,225,18.620689655172416,10.344827586206897,8.275862068965518,81.37931034482759,3.793103448275862,77.58620689655173
E00008603,491,58,24,34,433,18,415,11.812627291242363,4.887983706720977,6.924643584521386,88.18737270875764,3.6659877800407332,84.5213849287169
E00008604,393,55,20,35,338,22,316,13.994910941475828,5.089058524173027,8.9058524173028,86.00508905852418,5.597964376590331,80.40712468193384
E00008605,558,42,19,23,516,23,493,7.526881720430108,3.405017921146954,4.121863799283155,92.47311827956989,4.121863799283155,88.35125448028674
E00008606,327,61,33,28,266,21,245,18.654434250764528,10.091743119266056,8.56269113149847,81.34556574923548,6.422018348623854,74.92354740061162
E00008607,335,38,6,32,297,15,282,11.343283582089553,1.791044776119403,9.55223880597015,88.65671641791046,4.477611940298507,84.17910447761194
E00008609,261,47,16,31,214,9,205,18.007662835249043,6.130268199233716,11.877394636015326,81.99233716475096,3.4482758620689653,78.544061302682
E00008610,437,102,62,40,335,14,321,23.340961098398168,14.187643020594965,9.153318077803203,76.65903890160183,3.203661327231121,73.4553775743707
E00008611,481,52,21,31,429,26,403,10.81081081081081,4.365904365904366,6.4449064449064455,89.1891891891892,5.405405405405405,83.78378378378379
E00008612,330,53,28,25,277,13,264,16.060606060606062,8.484848484848486,7.575757575757576,83.93939393939394,3.939393939393939,80
E00008613,361,72,35,37,289,19,270,19.94459833795014,9.695290858725762,10.249307479224377,80.05540166204986,5.263157894736842,74.79224376731301
E00008619,165,26,13,13,139,6,133,15.757575757575756,7.878787878787878,7.878787878787878,84.24242424242424,3.6363636363636362,80.60606060606061
E00008620,177,24,12,12,153,14,139,13.559322033898304,6.779661016949152,6.779661016949152,86.4406779661017,7.909604519774012,78.53107344632768
E00008621,317,43,15,28,274,20,254,13.564668769716087,4.73186119873817,8.832807570977918,86.43533123028391,6.309148264984227,80.12618296529969
E00008622,429,60,27,33,369,18,351,13.986013986013987,6.293706293706294,7.6923076923076925,86.01398601398601,4.195804195804196,81.81818181818183
E00008623,320,39,20,19,281,8,273,12.1875,6.25,5.9375,87.8125,2.5,85.3125
E00008624,298,57,27,30,241,11,230,19.12751677852349,9.060402684563758,10.06711409395973,80.87248322147651,3.691275167785235,77.18120805369128
E00008625,369,40,26,14,329,16,313,10.840108401084011,7.046070460704606,3.7940379403794036,89.15989159891599,4.336043360433604,84.82384823848238
E00008626,317,43,16,27,274,17,257,13.564668769716087,5.047318611987381,8.517350157728707,86.43533123028391,5.3627760252365935,81.07255520504731
E00008627,287,38,20,18,249,15,234,13.240418118466899,6.968641114982578,6.2717770034843205,86.7595818815331,5.2264808362369335,81.53310104529616
E00008628,317,62,30,32,255,10,245,19.558359621451103,9.46372239747634,10.094637223974763,80.4416403785489,3.1545741324921135,77.28706624605678
E00008629,300,44,23,21,256,12,244,14.666666666666666,7.666666666666666,7.000000000000001,85.33333333333334,4,81.33333333333333
E00008630,467,66,29,37,401,21,380,14.132762312633835,6.209850107066381,7.922912205567452,85.86723768736617,4.496788008565311,81.37044967880087
E00008631,506,73,31,42,433,31,402,14.42687747035573,6.126482213438735,8.300395256916996,85.57312252964427,6.126482213438735,79.44664031620553
E00008632,405,48,18,30,357,15,342,11.851851851851853,4.444444444444445,7.4074074074074066,88.14814814814815,3.7037037037037033,84.44444444444444
E00008633,325,30,8,22,295,22,273,9.230769230769232,2.4615384615384617,6.769230769230769,90.76923076923077,6.769230769230769,84
E00008634,350,56,24,32,294,15,279,16,6.857142857142858,9.142857142857142,84,4.285714285714286,79.71428571428572
E00008635,438,64,23,41,374,38,336,14.61187214611872,5.251141552511415,9.360730593607306,85.38812785388129,8.67579908675799,76.71232876712328
E00008636,481,62,26,36,419,23,396,12.889812889812891,5.405405405405405,7.484407484407485,87.11018711018711,4.781704781704782,82.32848232848234
E00008637,307,38,15,23,269,17,252,12.37785016286645,4.88599348534202,7.491856677524431,87.62214983713355,5.537459283387622,82.08469055374593
E00008638,338,46,11,35,292,26,266,13.609467455621301,3.2544378698224854,10.355029585798817,86.3905325443787,7.6923076923076925,78.69822485207101
E00008639,387,46,15,31,341,28,313,11.886304909560723,3.875968992248062,8.010335917312661,88.11369509043928,7.235142118863049,80.87855297157623
E00008640,367,64,28,36,303,18,285,17.43869209809264,7.629427792915531,9.809264305177113,82.56130790190736,4.904632152588556,77.65667574931881
E00008641,262,34,18,16,228,23,205,12.977099236641221,6.870229007633588,6.106870229007633,87.02290076335878,8.778625954198473,78.2442748091603
E00008642,303,52,21,31,251,25,226,17.16171617161716,6.9306930693069315,10.231023102310232,82.83828382838284,8.25082508250825,74.58745874587459
E00008643,279,39,12,27,240,13,227,13.978494623655912,4.301075268817205,9.67741935483871,86.02150537634408,4.659498207885305,81.36200716845879
E00008644,319,45,12,33,274,31,243,14.106583072100312,3.761755485893417,10.344827586206897,85.8934169278997,9.717868338557993,76.17554858934169
E00008646,293,73,46,27,220,11,209,24.914675767918087,15.699658703071673,9.215017064846416,75.0853242320819,3.754266211604096,71.33105802047781
E00008647,186,37,16,21,149,16,133,19.892473118279568,8.60215053763441,11.29032258064516,80.10752688172043,8.60215053763441,71.50537634408603
E00008648,333,34,14,20,299,16,283,10.21021021021021,4.2042042042042045,6.006006006006006,89.7897897897898,4.804804804804805,84.98498498498499
E00008649,276,43,16,27,233,11,222,15.579710144927535,5.797101449275362,9.782608695652174,84.42028985507247,3.985507246376811,80.43478260869566
E00008650,333,37,18,19,296,23,273,11.11111111111111,5.405405405405405,5.7057057057057055,88.88888888888889,6.906906906906906,81.98198198198197
E00008651,280,37,15,22,243,24,219,13.214285714285715,5.357142857142857,7.857142857142857,86.78571428571429,8.571428571428571,78.21428571428571
E00008652,246,28,10,18,218,15,203,11.38211382113821,4.0650406504065035,7.317073170731707,88.6178861788618,6.097560975609756,82.52032520325203
E00008653,257,46,24,22,211,6,205,17.898832684824903,9.33852140077821,8.560311284046692,82.10116731517509,2.3346303501945527,79.76653696498055
E00008654,297,26,8,18,271,21,250,8.754208754208754,2.6936026936026933,6.0606060606060606,91.24579124579124,7.07070707070707,84.17508417508418
E00008655,278,41,16,25,237,21,216,14.748201438848922,5.755395683453238,8.992805755395683,85.25179856115108,7.553956834532374,77.6978417266187
E00008656,257,38,16,22,219,13,206,14.785992217898833,6.22568093385214,8.560311284046692,85.21400778210116,5.058365758754864,80.1556420233463
E00008657,173,40,19,21,133,10,123,23.121387283236995,10.982658959537572,12.138728323699421,76.878612716763,5.780346820809249,71.09826589595376
E00008658,305,42,19,23,263,22,241,13.77049180327869,6.229508196721312,7.540983606557377,86.22950819672131,7.213114754098362,79.01639344262294
E00008659,508,62,24,38,446,32,414,12.204724409448819,4.724409448818897,7.480314960629922,87.79527559055119,6.299212598425196,81.49606299212599
E00008660,315,52,20,32,263,24,239,16.507936507936506,6.349206349206349,10.158730158730158,83.4920634920635,7.6190476190476195,75.87301587301587
E00008661,490,57,18,39,433,39,394,11.63265306122449,3.6734693877551026,7.959183673469387,88.36734693877551,7.959183673469387,80.40816326530611
E00008662,383,52,18,34,331,27,304,13.577023498694519,4.699738903394255,8.87728459530026,86.42297650130548,7.049608355091384,79.37336814621409
E00008663,296,38,16,22,258,16,242,12.837837837837837,5.405405405405405,7.4324324324324325,87.16216216216216,5.405405405405405,81.75675675675676
E00008664,312,29,9,20,283,15,268,9.294871794871796,2.8846153846153846,6.41025641025641,90.7051282051282,4.807692307692308,85.8974358974359
E00008665,303,72,29,43,231,19,212,23.762376237623762,9.570957095709572,14.19141914191419,76.23762376237624,6.270627062706271,69.96699669966998
E00008666,466,49,13,36,417,30,387,10.515021459227468,2.7896995708154506,7.725321888412018,89.48497854077253,6.437768240343347,83.04721030042919
E00008667,287,52,21,31,235,20,215,18.118466898954704,7.317073170731707,10.801393728222997,81.8815331010453,6.968641114982578,74.91289198606272
E00008668,371,41,13,28,330,27,303,11.05121293800539,3.5040431266846364,7.547169811320755,88.94878706199461,7.277628032345014,81.6711590296496
E00008669,264,47,20,27,217,15,202,17.803030303030305,7.575757575757576,10.227272727272728,82.1969696969697,5.681818181818182,76.51515151515152
E00008670,281,39,12,27,242,14,228,13.87900355871886,4.270462633451958,9.608540925266903,86.12099644128114,4.98220640569395,81.13879003558719
E00008671,317,35,13,22,282,14,268,11.041009463722396,4.100946372239748,6.940063091482649,88.95899053627761,4.416403785488959,84.54258675078864
E00008672,312,40,12,28,272,18,254,12.82051282051282,3.8461538461538463,8.974358974358974,87.17948717948718,5.769230769230769,81.41025641025641
E00008673,316,35,9,26,281,22,259,11.075949367088606,2.848101265822785,8.227848101265822,88.92405063291139,6.962025316455696,81.9620253164557
E00008674,380,39,11,28,341,28,313,10.263157894736842,2.8947368421052633,7.368421052631578,89.73684210526316,7.368421052631578,82.36842105263158
E00008675,267,26,8,18,241,14,227,9.737827715355806,2.9962546816479403,6.741573033707865,90.2621722846442,5.2434456928838955,85.0187265917603
E00008676,254,54,24,30,200,15,185,21.25984251968504,9.448818897637794,11.811023622047244,78.74015748031496,5.905511811023622,72.83464566929135
E00008677,255,33,5,28,222,21,201,12.941176470588237,1.9607843137254901,10.980392156862745,87.05882352941177,8.235294117647058,78.82352941176471
E00008678,250,16,6,10,234,16,218,6.4,2.4,4,93.60000000000001,6.4,87.2
E00008679,328,46,26,20,282,18,264,14.02439024390244,7.926829268292683,6.097560975609756,85.97560975609755,5.487804878048781,80.48780487804879
E00008680,331,56,22,34,275,19,256,16.91842900302115,6.646525679758309,10.27190332326284,83.08157099697885,5.740181268882175,77.34138972809667
E00008681,247,61,29,32,186,31,155,24.696356275303643,11.740890688259109,12.955465587044534,75.30364372469636,12.550607287449392,62.75303643724697
E00008682,384,38,13,25,346,20,326,9.895833333333332,3.3854166666666665,6.510416666666667,90.10416666666666,5.208333333333334,84.89583333333334
E00008683,318,41,18,23,277,21,256,12.89308176100629,5.660377358490567,7.232704402515723,87.10691823899371,6.60377358490566,80.50314465408806
E00008684,316,57,28,29,259,10,249,18.037974683544302,8.860759493670885,9.177215189873419,81.9620253164557,3.1645569620253164,78.79746835443038
E00008685,331,60,20,40,271,19,252,18.12688821752266,6.042296072507553,12.084592145015106,81.87311178247734,5.740181268882175,76.13293051359517
E00008686,344,40,20,20,304,22,282,11.627906976744185,5.813953488372093,5.813953488372093,88.37209302325581,6.395348837209303,81.97674418604652
E00008687,218,31,15,16,187,14,173,14.220183486238533,6.8807339449541285,7.339449541284404,85.77981651376146,6.422018348623854,79.35779816513761
E00008689,272,49,25,24,223,17,206,18.014705882352942,9.191176470588236,8.823529411764707,81.98529411764706,6.25,75.73529411764706
E00008691,408,94,56,38,314,20,294,23.03921568627451,13.725490196078432,9.313725490196079,76.9607843137255,4.901960784313726,72.05882352941177
E00008692,444,93,46,47,351,26,325,20.945945945945947,10.36036036036036,10.585585585585585,79.05405405405406,5.8558558558558556,73.1981981981982
E00008694,332,30,5,25,302,28,274,9.036144578313253,1.5060240963855422,7.530120481927711,90.96385542168674,8.433734939759036,82.53012048192771
E00008695,444,65,26,39,379,26,353,14.63963963963964,5.8558558558558556,8.783783783783784,85.36036036036036,5.8558558558558556,79.5045045045045
E00008696,288,51,24,27,237,10,227,17.708333333333336,8.333333333333332,9.375,82.29166666666666,3.4722222222222223,78.81944444444444
E00008698,296,34,17,17,262,14,248,11.486486486486488,5.743243243243244,5.743243243243244,88.51351351351352,4.72972972972973,83.78378378378379
E00008699,371,42,13,29,329,19,310,11.320754716981133,3.5040431266846364,7.816711590296496,88.67924528301887,5.121293800539084,83.55795148247978
E00008700,241,39,17,22,202,10,192,16.182572614107883,7.053941908713693,9.12863070539419,83.81742738589212,4.149377593360995,79.66804979253112
E00008702,299,37,13,24,262,15,247,12.37458193979933,4.3478260869565215,8.02675585284281,87.62541806020067,5.016722408026756,82.6086956521739
E00008704,200,36,21,15,164,12,152,18,10.5,7.5,82,6,76
E00008705,329,48,18,30,281,28,253,14.58966565349544,5.47112462006079,9.118541033434651,85.41033434650456,8.51063829787234,76.89969604863222
E00008706,228,35,19,16,193,12,181,15.350877192982457,8.333333333333332,7.017543859649122,84.64912280701753,5.263157894736842,79.3859649122807
E00008707,623,82,33,49,541,31,510,13.162118780096307,5.296950240770466,7.865168539325842,86.8378812199037,4.975922953451043,81.86195826645265
E00008708,335,74,33,41,261,8,253,22.08955223880597,9.850746268656717,12.238805970149254,77.91044776119404,2.3880597014925375,75.5223880597015
E00008709,385,40,12,28,345,34,311,10.38961038961039,3.116883116883117,7.2727272727272725,89.6103896103896,8.831168831168831,80.77922077922078
E00008710,284,41,20,21,243,19,224,14.43661971830986,7.042253521126761,7.394366197183098,85.56338028169014,6.690140845070422,78.87323943661971
E00008711,277,43,17,26,234,22,212,15.523465703971121,6.137184115523466,9.386281588447654,84.47653429602889,7.9422382671480145,76.53429602888086
E00008712,303,45,16,29,258,22,236,14.85148514851485,5.2805280528052805,9.570957095709572,85.14851485148515,7.2607260726072615,77.88778877887789
E00008713,454,89,32,57,365,17,348,19.60352422907489,7.048458149779736,12.555066079295155,80.39647577092511,3.7444933920704844,76.65198237885463
E00008714,302,64,25,39,238,14,224,21.192052980132452,8.27814569536424,12.91390728476821,78.80794701986756,4.635761589403973,74.17218543046357
E00008715,232,30,17,13,202,12,190,12.931034482758621,7.327586206896551,5.603448275862069,87.06896551724138,5.172413793103448,81.89655172413794
E00008716,254,25,9,16,229,7,222,9.84251968503937,3.543307086614173,6.299212598425196,90.15748031496062,2.7559055118110236,87.4015748031496
E00008717,467,59,17,42,408,26,382,12.633832976445397,3.640256959314775,8.993576017130621,87.36616702355461,5.567451820128479,81.79871520342613
E00008718,411,75,30,45,336,17,319,18.248175182481752,7.2992700729927,10.948905109489052,81.75182481751825,4.13625304136253,77.61557177615572
E00008719,341,49,19,30,292,15,277,14.369501466275661,5.571847507331378,8.797653958944283,85.63049853372434,4.398826979472141,81.23167155425219
E00008720,404,33,14,19,371,28,343,8.16831683168317,3.4653465346534658,4.702970297029703,91.83168316831683,6.9306930693069315,84.9009900990099
E00008721,334,37,9,28,297,27,270,11.077844311377245,2.694610778443114,8.383233532934131,88.92215568862275,8.08383233532934,80.83832335329342
E00008722,332,32,10,22,300,27,273,9.63855421686747,3.0120481927710845,6.626506024096386,90.36144578313254,8.132530120481928,82.2289156626506
E00008723,264,49,26,23,215,14,201,18.560606060606062,9.848484848484848,8.712121212121213,81.43939393939394,5.303030303030303,76.13636363636364
E00008725,253,37,17,20,216,18,198,14.624505928853754,6.719367588932807,7.905138339920949,85.37549407114624,7.114624505928854,78.26086956521739
E00008726,284,31,11,20,253,26,227,10.915492957746478,3.873239436619718,7.042253521126761,89.08450704225352,9.15492957746479,79.92957746478874
E00008727,269,30,10,20,239,23,216,11.152416356877323,3.717472118959108,7.434944237918216,88.84758364312268,8.550185873605948,80.29739776951673
E00008728,238,29,12,17,209,12,197,12.184873949579831,5.042016806722689,7.142857142857142,87.81512605042016,5.042016806722689,82.77310924369748
E00008729,302,40,19,21,262,7,255,13.245033112582782,6.291390728476822,6.95364238410596,86.75496688741721,2.3178807947019866,84.43708609271523
E00008731,277,43,17,26,234,12,222,15.523465703971121,6.137184115523466,9.386281588447654,84.47653429602889,4.332129963898916,80.14440433212997
E00008732,304,47,26,21,257,6,251,15.460526315789474,8.552631578947368,6.907894736842106,84.53947368421053,1.9736842105263157,82.56578947368422
E00008734,266,42,17,25,224,10,214,15.789473684210526,6.390977443609022,9.398496240601503,84.21052631578947,3.7593984962406015,80.45112781954887
E00008735,326,41,18,23,285,10,275,12.576687116564417,5.521472392638037,7.05521472392638,87.42331288343557,3.067484662576687,84.3558282208589
E00008737,339,62,32,30,277,11,266,18.289085545722713,9.43952802359882,8.849557522123893,81.71091445427729,3.2448377581120944,78.46607669616519
E00008739,477,78,39,39,399,19,380,16.352201257861633,8.176100628930817,8.176100628930817,83.64779874213836,3.9832285115303985,79.66457023060796
E00008740,140,33,16,17,107,2,105,23.57142857142857,11.428571428571429,12.142857142857142,76.42857142857142,1.4285714285714286,75
E00008742,369,59,34,25,310,18,292,15.989159891598916,9.214092140921409,6.775067750677506,84.01084010840108,4.878048780487805,79.13279132791328
E00008743,390,41,21,20,349,11,338,10.512820512820513,5.384615384615385,5.128205128205128,89.48717948717949,2.8205128205128207,86.66666666666667
E00008744,261,40,18,22,221,8,213,15.32567049808429,6.896551724137931,8.42911877394636,84.67432950191571,3.065134099616858,81.60919540229885
E00008745,419,53,29,24,366,17,349,12.649164677804295,6.921241050119331,5.727923627684964,87.3508353221957,4.05727923627685,83.29355608591885
E00008746,373,106,68,38,267,20,247,28.418230563002684,18.230563002680967,10.187667560321715,71.58176943699732,5.361930294906166,66.21983914209115
E00008747,279,48,23,25,231,11,220,17.20430107526882,8.24372759856631,8.960573476702509,82.79569892473118,3.942652329749104,78.85304659498208
E00008748,344,37,19,18,307,13,294,10.755813953488373,5.523255813953488,5.232558139534884,89.24418604651163,3.77906976744186,85.46511627906976
E00008750,250,31,16,15,219,19,200,12.4,6.4,6,87.6,7.6,80
E00008752,260,44,21,23,216,16,200,16.923076923076923,8.076923076923077,8.846153846153847,83.07692307692308,6.153846153846154,76.92307692307693
E00008753,344,49,12,37,295,15,280,14.244186046511627,3.488372093023256,10.755813953488373,85.75581395348837,4.3604651162790695,81.3953488372093
E00008754,345,67,25,42,278,14,264,19.420289855072465,7.246376811594203,12.173913043478262,80.57971014492755,4.057971014492753,76.52173913043478
E00008756,517,54,14,40,463,28,435,10.444874274661508,2.7079303675048356,7.7369439071566735,89.55512572533848,5.415860735009671,84.13926499032883
E00008757,326,73,37,36,253,14,239,22.392638036809817,11.349693251533742,11.042944785276074,77.60736196319019,4.294478527607362,73.31288343558282
E00008758,233,42,19,23,191,12,179,18.025751072961373,8.15450643776824,9.871244635193133,81.97424892703863,5.150214592274678,76.82403433476395
E00008760,383,61,28,33,322,28,294,15.926892950391643,7.310704960835509,8.616187989556137,84.07310704960835,7.310704960835509,76.76240208877284
E00008762,341,51,13,38,290,17,273,14.95601173020528,3.812316715542522,11.143695014662756,85.04398826979472,4.9853372434017595,80.05865102639295
E00008763,340,52,19,33,288,25,263,15.294117647058824,5.588235294117648,9.705882352941178,84.70588235294117,7.352941176470589,77.3529411764706
E00008764,283,59,32,27,224,15,209,20.848056537102476,11.307420494699647,9.540636042402827,79.15194346289752,5.30035335689046,73.85159010600707
E00008765,469,60,29,31,409,38,371,12.79317697228145,6.183368869936034,6.609808102345416,87.20682302771856,8.102345415778252,79.1044776119403
E00008766,251,87,50,37,164,11,153,34.66135458167331,19.9203187250996,14.741035856573706,65.33864541832669,4.382470119521913,60.95617529880478
E00008767,312,43,17,26,269,18,251,13.782051282051283,5.448717948717949,8.333333333333332,86.21794871794873,5.769230769230769,80.44871794871796
E00008768,403,61,22,39,342,30,312,15.136476426799009,5.459057071960298,9.67741935483871,84.863523573201,7.444168734491314,77.41935483870968
E00008769,259,46,18,28,213,9,204,17.760617760617762,6.94980694980695,10.81081081081081,82.23938223938224,3.474903474903475,78.76447876447877
E00008770,359,39,24,15,320,25,295,10.86350974930362,6.685236768802229,4.178272980501393,89.13649025069638,6.963788300835655,82.17270194986072
E00008771,134,16,8,8,118,9,109,11.940298507462686,5.970149253731343,5.970149253731343,88.05970149253731,6.7164179104477615,81.34328358208955
E00008772,271,45,26,19,226,23,203,16.605166051660518,9.59409594095941,7.011070110701106,83.39483394833948,8.487084870848708,74.90774907749078
E00008773,239,35,19,16,204,6,198,14.644351464435147,7.949790794979079,6.694560669456067,85.35564853556485,2.510460251046025,82.84518828451883
E00008774,187,32,12,20,155,8,147,17.11229946524064,6.417112299465241,10.695187165775401,82.88770053475936,4.27807486631016,78.6096256684492
E00008775,336,46,22,24,290,12,278,13.690476190476192,6.547619047619048,7.142857142857142,86.30952380952381,3.571428571428571,82.73809523809523
E00008776,342,46,28,18,296,11,285,13.450292397660817,8.187134502923977,5.263157894736842,86.54970760233918,3.216374269005848,83.33333333333334
E00008777,309,39,17,22,270,11,259,12.62135922330097,5.501618122977346,7.119741100323624,87.37864077669903,3.559870550161812,83.81877022653723
E00008778,262,44,17,27,218,11,207,16.793893129770993,6.488549618320611,10.305343511450381,83.20610687022901,4.198473282442748,79.00763358778626
E00008779,395,66,30,36,329,23,306,16.70886075949367,7.59493670886076,9.113924050632912,83.29113924050633,5.822784810126582,77.46835443037975
E00008780,275,59,27,32,216,10,206,21.454545454545453,9.818181818181818,11.636363636363637,78.54545454545455,3.6363636363636362,74.90909090909092
E00008781,325,41,19,22,284,20,264,12.615384615384615,5.846153846153846,6.769230769230769,87.38461538461539,6.153846153846154,81.23076923076923
E00008782,214,24,11,13,190,12,178,11.214953271028037,5.14018691588785,6.074766355140187,88.78504672897196,5.607476635514018,83.17757009345794
E00008783,472,121,37,84,351,12,339,25.635593220338983,7.838983050847458,17.796610169491526,74.36440677966102,2.5423728813559325,71.82203389830508
E00008785,191,33,16,17,158,7,151,17.277486910994764,8.37696335078534,8.900523560209423,82.72251308900523,3.664921465968586,79.05759162303664
E00008786,168,32,12,20,136,12,124,19.047619047619047,7.142857142857142,11.904761904761903,80.95238095238095,7.142857142857142,73.80952380952381
E00008787,278,28,13,15,250,20,230,10.071942446043165,4.676258992805756,5.39568345323741,89.92805755395683,7.1942446043165464,82.73381294964028
E00008788,387,75,42,33,312,17,295,19.379844961240313,10.852713178294573,8.527131782945736,80.62015503875969,4.3927648578811365,76.22739018087856
E00008789,297,48,23,25,249,12,237,16.161616161616163,7.744107744107744,8.417508417508419,83.83838383838383,4.040404040404041,79.7979797979798
E00008790,230,51,20,31,179,13,166,22.17391304347826,8.695652173913043,13.478260869565217,77.82608695652173,5.6521739130434785,72.17391304347827
E00008791,489,84,33,51,405,25,380,17.177914110429448,6.748466257668712,10.429447852760736,82.82208588957054,5.112474437627812,77.70961145194273
E00008792,460,65,26,39,395,22,373,14.130434782608695,5.6521739130434785,8.478260869565217,85.86956521739131,4.782608695652174,81.08695652173913
E00008793,346,53,21,32,293,32,261,15.31791907514451,6.069364161849711,9.248554913294797,84.6820809248555,9.248554913294797,75.43352601156069
E00008794,390,58,19,39,332,11,321,14.871794871794872,4.871794871794872,10,85.12820512820512,2.8205128205128207,82.3076923076923
E00008795,328,69,40,29,259,22,237,21.036585365853657,12.195121951219512,8.841463414634147,78.96341463414635,6.707317073170732,72.2560975609756
E00008796,609,100,49,51,509,47,462,16.420361247947454,8.045977011494253,8.374384236453201,83.57963875205255,7.717569786535304,75.86206896551724
E00008798,405,86,44,42,319,19,300,21.23456790123457,10.864197530864198,10.37037037037037,78.76543209876543,4.691358024691358,74.07407407407408
E00008799,414,61,27,34,353,31,322,14.734299516908212,6.521739130434782,8.212560386473431,85.26570048309179,7.487922705314009,77.77777777777779
E00008801,372,72,36,36,300,15,285,19.35483870967742,9.67741935483871,9.67741935483871,80.64516129032258,4.032258064516129,76.61290322580645
E00008802,261,48,29,19,213,6,207,18.39080459770115,11.11111111111111,7.2796934865900385,81.60919540229885,2.2988505747126435,79.3103448275862
E00008803,505,83,42,41,422,14,408,16.435643564356436,8.316831683168317,8.118811881188119,83.56435643564356,2.7722772277227725,80.79207920792079
E00008804,286,29,14,15,257,21,236,10.13986013986014,4.895104895104895,5.244755244755245,89.86013986013987,7.3426573426573425,82.51748251748252
E00008806,371,64,19,45,307,21,286,17.25067385444744,5.121293800539084,12.129380053908356,82.74932614555256,5.660377358490567,77.088948787062
E00008807,316,48,24,24,268,24,244,15.18987341772152,7.59493670886076,7.59493670886076,84.81012658227847,7.59493670886076,77.21518987341773
E00008808,379,63,23,40,316,17,299,16.62269129287599,6.068601583113456,10.554089709762533,83.37730870712402,4.485488126649076,78.89182058047494
E00008809,363,46,18,28,317,23,294,12.672176308539946,4.958677685950414,7.7134986225895315,87.32782369146005,6.336088154269973,80.99173553719008
E00008810,468,65,27,38,403,28,375,13.88888888888889,5.769230769230769,8.11965811965812,86.11111111111111,5.982905982905983,80.12820512820514
E00008811,396,51,15,36,345,30,315,12.878787878787879,3.787878787878788,9.090909090909092,87.12121212121212,7.575757575757576,79.54545454545455
E00008812,323,58,34,24,265,23,242,17.956656346749224,10.526315789473683,7.430340557275541,82.04334365325077,7.120743034055728,74.92260061919505
E00008813,332,42,14,28,290,22,268,12.650602409638553,4.216867469879518,8.433734939759036,87.34939759036145,6.626506024096386,80.72289156626506
E00008814,288,27,11,16,261,26,235,9.375,3.8194444444444446,5.555555555555555,90.625,9.027777777777777,81.59722222222221
E00008815,383,43,16,27,340,29,311,11.22715404699739,4.177545691906006,7.049608355091384,88.77284595300262,7.5718015665796345,81.20104438642298
E00008816,307,37,14,23,270,19,251,12.052117263843648,4.5602605863192185,7.491856677524431,87.94788273615634,6.188925081433225,81.75895765472313
E00008817,312,53,17,36,259,21,238,16.98717948717949,5.448717948717949,11.538461538461538,83.01282051282051,6.730769230769231,76.28205128205127
E00008818,342,41,8,33,301,21,280,11.988304093567251,2.3391812865497075,9.649122807017543,88.01169590643275,6.140350877192982,81.87134502923976
E00008819,227,30,9,21,197,13,184,13.215859030837004,3.9647577092511015,9.251101321585903,86.78414096916299,5.726872246696035,81.05726872246696
E00008820,365,46,15,31,319,19,300,12.602739726027398,4.10958904109589,8.493150684931507,87.3972602739726,5.205479452054795,82.1917808219178
E00008821,314,63,24,39,251,25,226,20.063694267515924,7.643312101910828,12.420382165605096,79.93630573248409,7.961783439490445,71.97452229299363
E00008822,260,37,16,21,223,15,208,14.23076923076923,6.153846153846154,8.076923076923077,85.76923076923076,5.769230769230769,80
E00008823,353,50,27,23,303,10,293,14.164305949008499,7.64872521246459,6.515580736543909,85.8356940509915,2.8328611898017,83.0028328611898
E00008824,464,67,41,26,397,29,368,14.439655172413794,8.836206896551724,5.603448275862069,85.5603448275862,6.25,79.3103448275862
E00008825,277,55,27,28,222,15,207,19.855595667870034,9.747292418772563,10.108303249097473,80.14440433212997,5.415162454873646,74.72924187725631
E00008827,208,57,25,32,151,6,145,27.403846153846157,12.01923076923077,15.384615384615385,72.59615384615384,2.8846153846153846,69.71153846153845
E00008828,252,41,23,18,211,14,197,16.26984126984127,9.126984126984127,7.142857142857142,83.73015873015873,5.555555555555555,78.17460317460318
E00008829,320,50,31,19,270,21,249,15.625,9.6875,5.9375,84.375,6.5625,77.8125
E00008830,220,49,23,26,171,9,162,22.272727272727273,10.454545454545453,11.818181818181818,77.72727272727272,4.090909090909091,73.63636363636363
E00008831,465,73,43,30,392,16,376,15.698924731182796,9.247311827956988,6.451612903225806,84.3010752688172,3.4408602150537635,80.86021505376344
E00008832,395,61,27,34,334,32,302,15.443037974683543,6.8354430379746836,8.60759493670886,84.55696202531645,8.10126582278481,76.45569620253164
E00008833,338,64,35,29,274,22,252,18.93491124260355,10.355029585798817,8.579881656804734,81.06508875739645,6.508875739644971,74.55621301775149
E00008834,447,27,2,25,420,29,391,6.0402684563758395,0.44742729306487694,5.592841163310962,93.95973154362416,6.487695749440715,87.47203579418344
E00008838,411,75,38,37,336,19,317,18.248175182481752,9.245742092457421,9.002433090024331,81.75182481751825,4.622871046228711,77.12895377128953
E00008839,380,71,39,32,309,19,290,18.684210526315788,10.263157894736842,8.421052631578947,81.3157894736842,5,76.31578947368422
E00008840,361,57,28,29,304,17,287,15.789473684210526,7.756232686980609,8.033240997229916,84.21052631578947,4.7091412742382275,79.50138504155125
E00008841,340,41,15,26,299,16,283,12.058823529411764,4.411764705882353,7.647058823529412,87.94117647058823,4.705882352941177,83.23529411764706
E00008842,433,52,18,34,381,27,354,12.009237875288683,4.157043879907621,7.852193995381063,87.99076212471132,6.235565819861432,81.75519630484989
E00008844,346,51,27,24,295,11,284,14.739884393063585,7.803468208092486,6.9364161849710975,85.26011560693641,3.1791907514450863,82.08092485549133
E00008846,512,66,29,37,446,24,422,12.890625,5.6640625,7.2265625,87.109375,4.6875,82.421875
E00008847,313,42,19,23,271,19,252,13.418530351437699,6.070287539936102,7.348242811501597,86.5814696485623,6.070287539936102,80.5111821086262
E00008848,335,62,35,27,273,13,260,18.507462686567163,10.44776119402985,8.059701492537313,81.49253731343283,3.880597014925373,77.61194029850746
E00008849,237,43,21,22,194,6,188,18.143459915611814,8.860759493670885,9.282700421940929,81.85654008438819,2.5316455696202533,79.32489451476793
E00008850,347,51,21,30,296,14,282,14.697406340057636,6.051873198847262,8.645533141210375,85.30259365994236,4.034582132564841,81.26801152737752
E00008851,293,52,23,29,241,12,229,17.747440273037544,7.849829351535837,9.897610921501707,82.25255972696246,4.09556313993174,78.15699658703072
E00008852,364,42,15,27,322,28,294,11.538461538461538,4.1208791208791204,7.417582417582418,88.46153846153845,7.6923076923076925,80.76923076923077
E00008853,201,43,20,23,158,6,152,21.393034825870647,9.950248756218906,11.442786069651742,78.60696517412936,2.9850746268656714,75.62189054726367
E00008854,301,50,26,24,251,16,235,16.611295681063122,8.637873754152823,7.973421926910299,83.38870431893687,5.3156146179401995,78.07308970099668
E00008856,317,35,17,18,282,13,269,11.041009463722396,5.3627760252365935,5.678233438485805,88.95899053627761,4.100946372239748,84.85804416403786
E00008857,401,36,15,21,365,20,345,8.977556109725686,3.7406483790523692,5.236907730673317,91.02244389027432,4.987531172069826,86.0349127182045
E00008858,303,42,19,23,261,16,245,13.861386138613863,6.270627062706271,7.590759075907591,86.13861386138613,5.2805280528052805,80.85808580858085
E00008859,346,48,20,28,298,16,282,13.872832369942195,5.780346820809249,8.092485549132949,86.1271676300578,4.624277456647398,81.5028901734104
E00008860,402,52,21,31,350,21,329,12.935323383084576,5.223880597014925,7.711442786069651,87.06467661691542,5.223880597014925,81.8407960199005
E00008861,432,60,31,29,372,26,346,13.88888888888889,7.175925925925926,6.712962962962964,86.11111111111111,6.018518518518518,80.0925925925926
E00008864,276,32,15,17,244,15,229,11.594202898550725,5.434782608695652,6.159420289855073,88.40579710144928,5.434782608695652,82.97101449275362
E00008865,313,46,24,22,267,11,256,14.696485623003195,7.667731629392971,7.0287539936102235,85.3035143769968,3.5143769968051117,81.78913738019169
E00008866,281,46,27,19,235,14,221,16.370106761565836,9.608540925266903,6.761565836298933,83.62989323843416,4.98220640569395,78.64768683274022
E00008867,304,44,24,20,260,22,238,14.473684210526317,7.894736842105263,6.578947368421052,85.52631578947368,7.236842105263158,78.28947368421053
E00008868,184,9,4,5,175,8,167,4.891304347826087,2.1739130434782608,2.717391304347826,95.1086956521739,4.3478260869565215,90.76086956521739
E00008869,307,51,27,24,256,15,241,16.612377850162865,8.794788273615636,7.81758957654723,83.38762214983714,4.88599348534202,78.50162866449512
E00008870,332,45,17,28,287,14,273,13.55421686746988,5.120481927710843,8.433734939759036,86.44578313253012,4.216867469879518,82.2289156626506
E00008871,362,60,35,25,302,19,283,16.574585635359114,9.668508287292818,6.906077348066299,83.42541436464089,5.248618784530387,78.1767955801105
E00008872,290,37,12,25,253,23,230,12.758620689655173,4.137931034482759,8.620689655172415,87.24137931034483,7.931034482758621,79.3103448275862
E00008874,496,34,10,24,462,31,431,6.854838709677419,2.0161290322580645,4.838709677419355,93.14516129032258,6.25,86.89516129032258
E00008875,341,50,21,29,291,14,277,14.66275659824047,6.158357771260997,8.504398826979472,85.33724340175954,4.105571847507331,81.23167155425219
E00008877,273,45,21,24,228,8,220,16.483516483516482,7.6923076923076925,8.791208791208792,83.51648351648352,2.93040293040293,80.58608058608058
E00008878,368,53,24,29,315,28,287,14.402173913043478,6.521739130434782,7.880434782608696,85.59782608695652,7.608695652173914,77.98913043478261
E00008879,334,28,7,21,306,19,287,8.383233532934131,2.095808383233533,6.287425149700598,91.61676646706587,5.688622754491018,85.92814371257485
E00008880,304,50,28,22,254,7,247,16.447368421052634,9.210526315789473,7.236842105263158,83.55263157894737,2.302631578947368,81.25
E00008881,225,36,14,22,189,10,179,16,6.222222222222222,9.777777777777779,84,4.444444444444445,79.55555555555556
E00008882,355,60,20,40,295,17,278,16.901408450704224,5.633802816901409,11.267605633802818,83.09859154929578,4.788732394366197,78.30985915492957
E00008883,327,55,27,28,272,13,259,16.819571865443425,8.256880733944955,8.56269113149847,83.18042813455658,3.9755351681957185,79.20489296636084
E00008884,238,68,35,33,170,7,163,28.57142857142857,14.705882352941178,13.865546218487395,71.42857142857143,2.941176470588235,68.4873949579832
E00008885,229,35,19,16,194,15,179,15.283842794759824,8.296943231441048,6.986899563318777,84.71615720524017,6.550218340611353,78.16593886462883
E00008886,248,39,12,27,209,13,196,15.725806451612904,4.838709677419355,10.887096774193548,84.2741935483871,5.241935483870968,79.03225806451613
E00008887,271,56,24,32,215,13,202,20.66420664206642,8.856088560885608,11.808118081180812,79.33579335793358,4.797047970479705,74.53874538745387
E00008889,562,71,39,32,491,28,463,12.633451957295375,6.93950177935943,5.6939501779359425,87.36654804270462,4.98220640569395,82.38434163701068
E00008890,256,43,24,19,213,10,203,16.796875,9.375,7.421875,83.203125,3.90625,79.296875
E00008891,345,52,27,25,293,19,274,15.072463768115943,7.82608695652174,7.246376811594203,84.92753623188406,5.507246376811594,79.42028985507247
E00008892,246,33,14,19,213,9,204,13.414634146341465,5.691056910569105,7.723577235772358,86.58536585365853,3.6585365853658534,82.92682926829268
E00008893,205,36,22,14,169,10,159,17.560975609756095,10.731707317073171,6.829268292682928,82.4390243902439,4.878048780487805,77.5609756097561
E00008894,289,45,23,22,244,14,230,15.570934256055363,7.958477508650519,7.612456747404845,84.42906574394463,4.844290657439446,79.58477508650519
E00008895,289,34,19,15,255,20,235,11.76470588235294,6.5743944636678195,5.190311418685121,88.23529411764706,6.920415224913495,81.31487889273356
E00008896,252,59,27,32,193,10,183,23.41269841269841,10.714285714285714,12.698412698412698,76.5873015873016,3.968253968253968,72.61904761904762
E00008897,323,61,37,24,262,11,251,18.885448916408667,11.455108359133128,7.430340557275541,81.11455108359134,3.4055727554179565,77.70897832817337
E00008898,321,47,27,20,274,17,257,14.641744548286603,8.411214953271028,6.230529595015576,85.35825545171339,5.29595015576324,80.06230529595015
E00008899,245,45,28,17,200,13,187,18.367346938775512,11.428571428571429,6.938775510204081,81.63265306122449,5.3061224489795915,76.32653061224491
E00008900,543,48,26,22,495,24,471,8.83977900552486,4.788213627992634,4.051565377532229,91.16022099447514,4.41988950276243,86.74033149171271
E00008901,304,41,18,23,263,4,259,13.486842105263158,5.921052631578947,7.565789473684211,86.51315789473685,1.3157894736842104,85.19736842105263
E00008902,250,38,13,25,212,18,194,15.2,5.2,10,84.8,7.199999999999999,77.60000000000001
E00008906,300,35,14,21,265,21,244,11.666666666666666,4.666666666666667,7.000000000000001,88.33333333333333,7.000000000000001,81.33333333333333
E00008907,262,58,35,23,204,12,192,22.137404580152673,13.358778625954198,8.778625954198473,77.86259541984732,4.580152671755725,73.2824427480916
E00008908,414,87,41,46,327,16,311,21.014492753623188,9.903381642512077,11.11111111111111,78.98550724637681,3.864734299516908,75.1207729468599
E00008909,318,74,33,41,244,10,234,23.270440251572328,10.377358490566039,12.89308176100629,76.72955974842768,3.1446540880503147,73.58490566037736
E00008910,210,48,24,24,162,13,149,22.857142857142858,11.428571428571429,11.428571428571429,77.14285714285715,6.190476190476191,70.95238095238095
E00008911,429,65,24,41,364,11,353,15.151515151515152,5.594405594405594,9.557109557109557,84.84848484848484,2.564102564102564,82.28438228438229
E00008912,404,50,28,22,354,18,336,12.376237623762377,6.9306930693069315,5.445544554455446,87.62376237623762,4.455445544554455,83.16831683168317
E00008913,250,69,48,21,181,10,171,27.6,19.2,8.4,72.39999999999999,4,68.4
E00008914,155,47,27,20,108,14,94,30.32258064516129,17.419354838709676,12.903225806451612,69.6774193548387,9.032258064516128,60.64516129032258
E00008915,275,40,21,19,235,17,218,14.545454545454545,7.636363636363637,6.909090909090909,85.45454545454545,6.181818181818182,79.27272727272727
E00008916,259,65,34,31,194,11,183,25.096525096525095,13.127413127413126,11.96911196911197,74.9034749034749,4.247104247104247,70.65637065637065
E00008917,358,49,30,19,309,30,279,13.687150837988826,8.379888268156424,5.307262569832402,86.31284916201118,8.379888268156424,77.93296089385476
E00008918,344,93,49,44,251,16,235,27.03488372093023,14.244186046511627,12.790697674418606,72.96511627906976,4.651162790697675,68.31395348837209
E00008919,292,45,14,31,247,23,224,15.41095890410959,4.794520547945205,10.616438356164384,84.58904109589042,7.876712328767123,76.71232876712328
E00008920,352,47,21,26,305,9,296,13.352272727272727,5.965909090909091,7.386363636363637,86.64772727272727,2.556818181818182,84.0909090909091
E00008921,391,53,23,30,338,27,311,13.554987212276215,5.88235294117647,7.672634271099745,86.44501278772378,6.905370843989769,79.53964194373401
E00008922,320,51,21,30,269,17,252,15.937499999999998,6.5625,9.375,84.0625,5.3125,78.75
E00008923,441,74,37,37,367,21,346,16.780045351473923,8.390022675736962,8.390022675736962,83.21995464852607,4.761904761904762,78.45804988662131
E00008924,499,39,8,31,460,20,440,7.8156312625250495,1.6032064128256511,6.212424849699398,92.18436873747495,4.008016032064128,88.17635270541082
E00008926,349,58,32,26,291,21,270,16.6189111747851,9.169054441260744,7.4498567335243555,83.3810888252149,6.017191977077363,77.36389684813754
E00008928,280,61,33,28,219,16,203,21.785714285714285,11.785714285714285,10,78.21428571428571,5.714285714285714,72.5
E00008930,238,15,3,12,223,20,203,6.302521008403361,1.2605042016806722,5.042016806722689,93.69747899159664,8.403361344537815,85.29411764705883
E00008935,327,42,10,32,285,19,266,12.844036697247708,3.058103975535168,9.785932721712538,87.1559633027523,5.81039755351682,81.34556574923548
E00008936,222,20,8,12,202,4,198,9.00900900900901,3.6036036036036037,5.405405405405405,90.990990990991,1.8018018018018018,89.1891891891892
E00008937,405,58,28,30,347,19,328,14.320987654320987,6.91358024691358,7.4074074074074066,85.67901234567901,4.691358024691358,80.98765432098766
E00008938,214,32,14,18,182,19,163,14.953271028037381,6.5420560747663545,8.411214953271028,85.04672897196261,8.878504672897195,76.16822429906543
E00008939,388,57,22,35,331,26,305,14.690721649484537,5.670103092783505,9.02061855670103,85.30927835051546,6.701030927835052,78.6082474226804
E00008940,212,37,16,21,175,14,161,17.452830188679243,7.547169811320755,9.90566037735849,82.54716981132076,6.60377358490566,75.94339622641509
E00008941,612,83,39,44,529,10,519,13.562091503267974,6.372549019607843,7.18954248366013,86.43790849673204,1.6339869281045754,84.80392156862744
E00008942,488,66,19,47,422,38,384,13.524590163934427,3.8934426229508197,9.631147540983607,86.47540983606558,7.786885245901639,78.68852459016394
E00008943,561,82,32,50,479,24,455,14.616755793226382,5.704099821746881,8.9126559714795,85.38324420677363,4.27807486631016,81.10516934046346
E00008944,534,69,25,44,465,21,444,12.921348314606742,4.681647940074907,8.239700374531834,87.07865168539325,3.932584269662921,83.14606741573034
E00008945,438,53,16,37,385,35,350,12.100456621004566,3.65296803652968,8.447488584474886,87.89954337899543,7.9908675799086755,79.90867579908677
E00008946,482,66,23,43,416,35,381,13.692946058091287,4.771784232365145,8.921161825726141,86.30705394190872,7.261410788381744,79.04564315352697
E00008947,539,52,15,37,487,20,467,9.647495361781075,2.782931354359926,6.8645640074211505,90.35250463821892,3.710575139146568,86.64192949907236
E00008948,424,61,39,22,363,13,350,14.38679245283019,9.19811320754717,5.188679245283019,85.61320754716981,3.0660377358490565,82.54716981132076
E00008949,310,63,30,33,247,23,224,20.32258064516129,9.67741935483871,10.64516129032258,79.6774193548387,7.419354838709677,72.25806451612902
E00008950,480,64,21,43,416,23,393,13.333333333333334,4.375,8.958333333333334,86.66666666666667,4.791666666666667,81.875
E00008951,373,45,17,28,328,23,305,12.064343163538874,4.557640750670242,7.506702412868632,87.93565683646113,6.166219839142091,81.76943699731903
E00008952,417,56,22,34,361,27,334,13.42925659472422,5.275779376498801,8.15347721822542,86.57074340527578,6.474820143884892,80.0959232613909
E00008953,363,52,15,37,311,27,284,14.325068870523417,4.132231404958678,10.192837465564738,85.67493112947659,7.43801652892562,78.23691460055096
E00008954,480,131,106,25,349,20,329,27.291666666666664,22.083333333333332,5.208333333333334,72.70833333333333,4.166666666666666,68.54166666666667
E00008955,341,45,18,27,296,13,283,13.196480938416421,5.278592375366569,7.9178885630498534,86.80351906158357,3.812316715542522,82.99120234604106
E00008956,335,50,19,31,285,17,268,14.925373134328357,5.6716417910447765,9.253731343283581,85.07462686567165,5.074626865671641,80
E00008957,336,43,11,32,293,19,274,12.797619047619047,3.273809523809524,9.523809523809524,87.20238095238095,5.654761904761905,81.54761904761905
E00008958,317,62,29,33,255,22,233,19.558359621451103,9.14826498422713,10.410094637223976,80.4416403785489,6.940063091482649,73.50157728706624
E00008959,496,42,11,31,454,19,435,8.46774193548387,2.217741935483871,6.25,91.53225806451613,3.8306451612903225,87.70161290322581
E00008960,362,58,26,32,304,19,285,16.022099447513813,7.18232044198895,8.83977900552486,83.97790055248619,5.248618784530387,78.72928176795581
E00008961,509,54,9,45,455,23,432,10.609037328094303,1.768172888015717,8.840864440078585,89.3909626719057,4.518664047151278,84.87229862475442
E00008962,423,71,36,35,352,13,339,16.78486997635934,8.51063829787234,8.274231678486997,83.21513002364065,3.0732860520094563,80.1418439716312
E00008963,392,56,32,24,336,18,318,14.285714285714285,8.16326530612245,6.122448979591836,85.71428571428571,4.591836734693878,81.12244897959184
E00008965,421,67,35,32,354,13,341,15.914489311163896,8.31353919239905,7.600950118764846,84.08551068883611,3.0878859857482186,80.9976247030879
E00008967,283,35,18,17,248,21,227,12.36749116607774,6.36042402826855,6.007067137809187,87.63250883392226,7.420494699646643,80.21201413427562
E00008968,325,65,27,38,260,9,251,20,8.307692307692308,11.692307692307692,80,2.769230769230769,77.23076923076924
E00008970,287,54,26,28,233,17,216,18.81533101045296,9.059233449477352,9.75609756097561,81.18466898954703,5.923344947735192,75.26132404181185
E00008971,409,59,19,40,350,22,328,14.425427872860636,4.645476772616137,9.7799511002445,85.57457212713936,5.378973105134474,80.1955990220049
E00008972,320,29,12,17,291,11,280,9.0625,3.75,5.3125,90.9375,3.4375000000000004,87.5
E00008973,448,75,46,29,373,16,357,16.741071428571427,10.267857142857142,6.4732142857142865,83.25892857142857,3.571428571428571,79.6875
E00008974,500,82,59,23,418,20,398,16.400000000000002,11.799999999999999,4.6,83.6,4,79.60000000000001
E00008975,322,33,16,17,289,22,267,10.248447204968944,4.968944099378882,5.279503105590062,89.75155279503106,6.832298136645963,82.91925465838509
E00008976,316,36,18,18,280,8,272,11.39240506329114,5.69620253164557,5.69620253164557,88.60759493670885,2.5316455696202533,86.07594936708861
E00008977,297,38,21,17,259,12,247,12.794612794612794,7.07070707070707,5.723905723905724,87.20538720538721,4.040404040404041,83.16498316498317
E00008978,456,32,22,10,424,14,410,7.017543859649122,4.824561403508771,2.1929824561403506,92.98245614035088,3.070175438596491,89.91228070175438
E00008979,431,96,74,22,335,3,332,22.2737819025522,17.16937354988399,5.104408352668213,77.7262180974478,0.6960556844547563,77.03016241299304
E00008980,362,31,13,18,331,17,314,8.56353591160221,3.591160220994475,4.972375690607735,91.4364640883978,4.696132596685083,86.74033149171271
E00008981,260,46,17,29,214,12,202,17.692307692307693,6.538461538461539,11.153846153846155,82.3076923076923,4.615384615384616,77.6923076923077
E00008982,431,77,48,29,354,15,339,17.865429234338748,11.1368909512761,6.728538283062645,82.13457076566125,3.480278422273782,78.65429234338747
E00008983,276,48,25,23,228,22,206,17.391304347826086,9.057971014492754,8.333333333333332,82.6086956521739,7.971014492753622,74.63768115942028
E00008984,437,29,15,14,408,61,347,6.636155606407322,3.4324942791762014,3.203661327231121,93.36384439359267,13.958810068649885,79.40503432494279
E00008985,308,44,22,22,264,14,250,14.285714285714285,7.142857142857142,7.142857142857142,85.71428571428571,4.545454545454546,81.16883116883116
E00008986,236,48,20,28,188,8,180,20.33898305084746,8.47457627118644,11.864406779661017,79.66101694915254,3.389830508474576,76.27118644067797
E00008987,241,46,29,17,195,14,181,19.08713692946058,12.033195020746888,7.053941908713693,80.91286307053942,5.809128630705394,75.10373443983403
E00008988,214,15,7,8,199,19,180,7.009345794392523,3.2710280373831773,3.7383177570093453,92.99065420560748,8.878504672897195,84.11214953271028
E00008989,311,32,10,22,279,21,258,10.289389067524116,3.215434083601286,7.07395498392283,89.71061093247589,6.752411575562702,82.95819935691318
E00008990,288,47,22,25,241,13,228,16.319444444444446,7.638888888888889,8.680555555555555,83.68055555555556,4.513888888888888,79.16666666666666
E00008991,292,46,17,29,246,26,220,15.753424657534246,5.821917808219178,9.931506849315069,84.24657534246576,8.904109589041095,75.34246575342466
E00008992,258,44,22,22,214,14,200,17.05426356589147,8.527131782945736,8.527131782945736,82.94573643410853,5.426356589147287,77.51937984496125
E00008993,247,26,10,16,221,18,203,10.526315789473683,4.048582995951417,6.477732793522267,89.47368421052632,7.28744939271255,82.18623481781377
E00008994,285,39,9,30,246,17,229,13.684210526315791,3.1578947368421053,10.526315789473683,86.31578947368422,5.964912280701754,80.35087719298247
E00008995,291,43,20,23,248,18,230,14.776632302405499,6.872852233676976,7.903780068728522,85.2233676975945,6.185567010309279,79.03780068728523
E00008996,205,22,3,19,183,28,155,10.731707317073171,1.4634146341463417,9.268292682926829,89.26829268292683,13.658536585365855,75.60975609756098
E00008997,348,55,22,33,293,22,271,15.804597701149426,6.321839080459771,9.482758620689655,84.19540229885058,6.321839080459771,77.87356321839081
E00008998,379,45,14,31,334,18,316,11.87335092348285,3.6939313984168867,8.179419525065963,88.12664907651715,4.749340369393139,83.37730870712402
E00008999,305,65,33,32,240,18,222,21.311475409836063,10.819672131147541,10.491803278688524,78.68852459016394,5.901639344262295,72.78688524590164
E00009000,381,39,20,19,342,11,331,10.236220472440944,5.2493438320209975,4.986876640419948,89.76377952755905,2.8871391076115485,86.8766404199475
E00009001,443,44,26,18,399,10,389,9.932279909706546,5.8690744920993225,4.063205417607223,90.06772009029346,2.2573363431151243,87.81038374717834
E00009002,359,15,3,12,344,10,334,4.178272980501393,0.8356545961002786,3.3426183844011144,95.82172701949861,2.785515320334262,93.03621169916435
E00009003,321,34,15,19,287,14,273,10.59190031152648,4.672897196261682,5.919003115264798,89.40809968847351,4.361370716510903,85.04672897196261
E00009005,441,34,16,18,407,15,392,7.709750566893423,3.6281179138321997,4.081632653061225,92.29024943310658,3.4013605442176873,88.88888888888889
E00009006,362,23,7,16,339,5,334,6.353591160220995,1.9337016574585635,4.41988950276243,93.646408839779,1.3812154696132597,92.26519337016575
E00009007,269,45,26,19,224,11,213,16.728624535315987,9.66542750929368,7.063197026022305,83.27137546468401,4.089219330855019,79.182156133829
E00009008,232,52,26,26,180,9,171,22.413793103448278,11.206896551724139,11.206896551724139,77.58620689655173,3.8793103448275863,73.70689655172413
E00009012,326,42,20,22,284,11,273,12.883435582822086,6.134969325153374,6.748466257668712,87.11656441717791,3.374233128834356,83.74233128834356
E00009014,286,53,29,24,233,17,216,18.53146853146853,10.13986013986014,8.391608391608392,81.46853146853147,5.944055944055944,75.52447552447552
E00009015,268,29,11,18,239,8,231,10.820895522388058,4.104477611940299,6.7164179104477615,89.17910447761194,2.9850746268656714,86.19402985074626
E00009016,472,107,55,52,365,11,354,22.66949152542373,11.652542372881355,11.016949152542372,77.33050847457628,2.330508474576271,75
E00009017,348,39,17,22,309,9,300,11.206896551724139,4.885057471264368,6.321839080459771,88.79310344827587,2.586206896551724,86.20689655172413
E00009018,161,13,5,8,148,7,141,8.074534161490684,3.1055900621118013,4.968944099378882,91.92546583850931,4.3478260869565215,87.5776397515528
E00009019,349,41,19,22,308,14,294,11.74785100286533,5.444126074498568,6.303724928366762,88.25214899713467,4.011461318051576,84.2406876790831
E00009021,516,61,22,39,455,29,426,11.821705426356589,4.263565891472868,7.55813953488372,88.17829457364341,5.62015503875969,82.55813953488372
E00009022,547,56,20,36,491,18,473,10.23765996343693,3.656307129798903,6.581352833638025,89.76234003656307,3.2906764168190126,86.47166361974405
E00009023,241,30,18,12,211,10,201,12.448132780082988,7.468879668049793,4.979253112033195,87.55186721991701,4.149377593360995,83.40248962655602
E00009024,368,40,21,19,328,11,317,10.869565217391305,5.706521739130435,5.163043478260869,89.13043478260869,2.989130434782609,86.1413043478261
E00009025,354,42,19,23,312,7,305,11.864406779661017,5.367231638418079,6.497175141242938,88.13559322033898,1.977401129943503,86.15819209039547
E00009027,525,70,56,14,455,13,442,13.333333333333334,10.666666666666668,2.666666666666667,86.66666666666667,2.4761904761904763,84.19047619047619
E00009029,511,85,50,35,426,20,406,16.634050880626223,9.784735812133071,6.8493150684931505,83.36594911937377,3.9138943248532287,79.45205479452055
E00009030,477,46,13,33,431,26,405,9.643605870020965,2.7253668763102725,6.918238993710692,90.35639412997904,5.450733752620545,84.90566037735849
E00009031,334,56,30,26,278,11,267,16.766467065868262,8.982035928143713,7.784431137724551,83.23353293413174,3.293413173652695,79.94011976047905
E00009032,435,26,15,11,409,2,407,5.977011494252873,3.4482758620689653,2.528735632183908,94.02298850574712,0.45977011494252873,93.5632183908046
E00009033,463,42,24,18,421,15,406,9.071274298056156,5.183585313174946,3.8876889848812093,90.92872570194385,3.2397408207343417,87.6889848812095
E00009034,418,26,10,16,392,9,383,6.220095693779904,2.3923444976076556,3.827751196172249,93.77990430622009,2.15311004784689,91.6267942583732
E00009035,398,45,24,21,353,14,339,11.306532663316583,6.030150753768844,5.276381909547738,88.69346733668341,3.5175879396984926,85.17587939698493
E00009036,532,44,24,20,488,8,480,8.270676691729323,4.511278195488721,3.7593984962406015,91.72932330827066,1.5037593984962405,90.22556390977444
E00009037,464,69,34,35,395,12,383,14.870689655172415,7.327586206896551,7.543103448275862,85.12931034482759,2.586206896551724,82.54310344827587
E00009038,272,44,26,18,228,13,215,16.176470588235293,9.558823529411764,6.61764705882353,83.82352941176471,4.779411764705882,79.04411764705883
E00009039,238,32,13,19,206,11,195,13.445378151260504,5.46218487394958,7.9831932773109235,86.5546218487395,4.621848739495799,81.9327731092437
E00009040,478,53,28,25,425,9,416,11.08786610878661,5.857740585774058,5.230125523012552,88.91213389121339,1.882845188284519,87.02928870292888
E00009041,286,29,8,21,257,5,252,10.13986013986014,2.797202797202797,7.3426573426573425,89.86013986013987,1.7482517482517483,88.11188811188812
E00009042,406,13,6,7,393,10,383,3.201970443349754,1.477832512315271,1.7241379310344827,96.79802955665025,2.4630541871921183,94.33497536945814
E00009043,439,33,11,22,406,31,375,7.517084282460136,2.5056947608200453,5.0113895216400905,92.48291571753985,7.061503416856492,85.42141230068337
E00009044,385,68,44,24,317,19,298,17.662337662337663,11.428571428571429,6.233766233766234,82.33766233766234,4.935064935064935,77.40259740259741
E00009045,298,53,29,24,245,18,227,17.78523489932886,9.731543624161073,8.053691275167784,82.21476510067114,6.0402684563758395,76.1744966442953
E00009046,292,80,48,32,212,14,198,27.397260273972602,16.43835616438356,10.95890410958904,72.6027397260274,4.794520547945205,67.8082191780822
E00009047,301,55,24,31,246,21,225,18.272425249169437,7.973421926910299,10.299003322259136,81.72757475083057,6.976744186046512,74.75083056478405
E00009048,362,73,38,35,289,22,267,20.165745856353592,10.497237569060774,9.668508287292818,79.8342541436464,6.077348066298343,73.75690607734806
E00009049,341,48,24,24,293,24,269,14.076246334310852,7.038123167155426,7.038123167155426,85.92375366568915,7.038123167155426,78.88563049853371
E00009050,291,73,45,28,218,14,204,25.085910652920962,15.463917525773196,9.621993127147768,74.91408934707904,4.810996563573884,70.10309278350515
E00009051,197,30,12,18,167,20,147,15.228426395939088,6.091370558375635,9.137055837563452,84.77157360406092,10.152284263959391,74.61928934010153
E00009052,378,80,46,34,298,17,281,21.164021164021165,12.16931216931217,8.994708994708994,78.83597883597884,4.497354497354497,74.33862433862434
E00009053,395,68,29,39,327,18,309,17.21518987341772,7.341772151898734,9.873417721518987,82.78481012658227,4.556962025316456,78.22784810126582
E00009054,309,93,53,40,216,12,204,30.097087378640776,17.15210355987055,12.944983818770226,69.90291262135922,3.8834951456310676,66.01941747572816
E00009056,243,43,15,28,200,17,183,17.695473251028808,6.172839506172839,11.522633744855968,82.3045267489712,6.995884773662551,75.30864197530865
E00009057,282,44,14,30,238,19,219,15.602836879432624,4.964539007092199,10.638297872340425,84.39716312056737,6.73758865248227,77.6595744680851
E00009058,264,40,19,21,224,10,214,15.151515151515152,7.196969696969697,7.954545454545454,84.84848484848484,3.787878787878788,81.06060606060606
E00009060,278,88,48,40,190,14,176,31.654676258992804,17.26618705035971,14.388489208633093,68.34532374100719,5.0359712230215825,63.30935251798561
E00009062,234,60,18,42,174,11,163,25.64102564102564,7.6923076923076925,17.94871794871795,74.35897435897436,4.700854700854701,69.65811965811966
E00009063,275,34,15,19,241,13,228,12.363636363636363,5.454545454545454,6.909090909090909,87.63636363636364,4.7272727272727275,82.9090909090909
E00009064,363,61,27,34,302,22,280,16.804407713498623,7.43801652892562,9.366391184573002,83.19559228650138,6.0606060606060606,77.13498622589532
E00009066,414,65,31,34,349,20,329,15.70048309178744,7.487922705314009,8.212560386473431,84.29951690821255,4.830917874396135,79.46859903381642
E00009067,441,78,40,38,363,28,335,17.687074829931973,9.070294784580499,8.616780045351474,82.31292517006803,6.349206349206349,75.96371882086169
E00009068,309,48,17,31,261,10,251,15.53398058252427,5.501618122977346,10.032362459546926,84.46601941747572,3.2362459546925564,81.22977346278317
E00009069,270,49,24,25,221,17,204,18.14814814814815,8.88888888888889,9.25925925925926,81.85185185185185,6.296296296296296,75.55555555555556
E00009070,213,33,14,19,180,13,167,15.492957746478872,6.572769953051644,8.92018779342723,84.50704225352112,6.103286384976526,78.40375586854461
E00009071,389,98,60,38,291,11,280,25.19280205655527,15.424164524421593,9.768637532133676,74.80719794344472,2.827763496143959,71.97943444730078
E00009072,297,49,26,23,248,14,234,16.4983164983165,8.754208754208754,7.744107744107744,83.5016835016835,4.713804713804714,78.78787878787878
E00009073,419,55,25,30,364,25,339,13.126491646778044,5.966587112171838,7.159904534606206,86.87350835322196,5.966587112171838,80.90692124105013
E00009074,263,51,26,25,212,14,198,19.39163498098859,9.885931558935361,9.505703422053232,80.6083650190114,5.323193916349809,75.2851711026616
E00009075,329,69,37,32,260,14,246,20.972644376899694,11.246200607902736,9.72644376899696,79.0273556231003,4.25531914893617,74.77203647416414
E00009076,444,29,8,21,415,33,382,6.531531531531531,1.8018018018018018,4.72972972972973,93.46846846846847,7.4324324324324325,86.03603603603604
E00009077,481,69,29,40,412,23,389,14.345114345114347,6.029106029106029,8.316008316008316,85.65488565488566,4.781704781704782,80.87318087318087
E00009078,312,71,28,43,241,12,229,22.756410256410255,8.974358974358974,13.782051282051283,77.24358974358975,3.8461538461538463,73.3974358974359
E00009079,254,59,33,26,195,13,182,23.228346456692915,12.992125984251967,10.236220472440944,76.77165354330708,5.118110236220472,71.65354330708661
E00009082,314,34,19,15,280,9,271,10.828025477707007,6.050955414012739,4.777070063694268,89.171974522293,2.8662420382165608,86.30573248407643
E00009083,466,82,42,40,384,11,373,17.59656652360515,9.012875536480687,8.583690987124463,82.40343347639485,2.3605150214592276,80.04291845493562
E00009084,377,58,33,25,319,24,295,15.384615384615385,8.753315649867375,6.631299734748011,84.61538461538461,6.36604774535809,78.24933687002653
E00009085,213,23,10,13,190,10,180,10.7981220657277,4.694835680751173,6.103286384976526,89.2018779342723,4.694835680751173,84.50704225352112
E00009086,335,29,12,17,306,8,298,8.656716417910449,3.582089552238806,5.074626865671641,91.34328358208955,2.3880597014925375,88.95522388059702
E00009087,281,37,19,18,244,5,239,13.167259786476867,6.761565836298933,6.405693950177936,86.83274021352312,1.7793594306049825,85.05338078291815
E00009089,295,16,7,9,279,13,266,5.423728813559322,2.3728813559322033,3.050847457627119,94.57627118644068,4.406779661016949,90.16949152542372
E00009090,418,40,20,20,378,16,362,9.569377990430622,4.784688995215311,4.784688995215311,90.43062200956938,3.827751196172249,86.60287081339713
E00009091,362,29,7,22,333,7,326,8.011049723756907,1.9337016574585635,6.077348066298343,91.9889502762431,1.9337016574585635,90.05524861878453
E00009092,236,33,10,23,203,3,200,13.983050847457626,4.23728813559322,9.745762711864407,86.01694915254238,1.2711864406779663,84.7457627118644
E00009093,431,33,16,17,398,7,391,7.65661252900232,3.7122969837587005,3.944315545243619,92.34338747099768,1.6241299303944314,90.71925754060325
E00009094,220,39,19,20,181,10,171,17.727272727272727,8.636363636363637,9.090909090909092,82.27272727272728,4.545454545454546,77.72727272727272
E00009095,115,17,5,12,98,0,98,14.782608695652174,4.3478260869565215,10.434782608695652,85.21739130434783,0,85.21739130434783
E00009096,533,60,28,32,473,8,465,11.25703564727955,5.253283302063791,6.0037523452157595,88.74296435272045,1.5009380863039399,87.2420262664165
E00009097,421,49,29,20,372,7,365,11.63895486935867,6.88836104513064,4.750593824228028,88.36104513064133,1.66270783847981,86.69833729216153
E00009098,353,63,35,28,290,10,280,17.847025495750707,9.91501416430595,7.932011331444759,82.15297450424929,2.8328611898017,79.3201133144476
E00009099,468,48,34,14,420,19,401,10.256410256410255,7.264957264957266,2.9914529914529915,89.74358974358975,4.05982905982906,85.68376068376068
E00009100,297,38,12,26,259,4,255,12.794612794612794,4.040404040404041,8.754208754208754,87.20538720538721,1.3468013468013467,85.85858585858585
E00009101,293,60,37,23,233,11,222,20.477815699658702,12.627986348122866,7.849829351535837,79.5221843003413,3.754266211604096,75.76791808873719
E00009102,351,66,33,33,285,13,272,18.803418803418804,9.401709401709402,9.401709401709402,81.19658119658119,3.7037037037037033,77.49287749287748
E00009103,400,61,18,43,339,22,317,15.25,4.5,10.75,84.75,5.5,79.25
E00009104,348,60,24,36,288,12,276,17.24137931034483,6.896551724137931,10.344827586206897,82.75862068965517,3.4482758620689653,79.3103448275862
E00009105,216,45,23,22,171,5,166,20.833333333333336,10.648148148148149,10.185185185185185,79.16666666666666,2.314814814814815,76.85185185185185
E00009106,548,86,27,59,462,25,437,15.693430656934307,4.927007299270073,10.766423357664232,84.30656934306569,4.562043795620438,79.74452554744525
E00009107,326,39,15,24,287,12,275,11.96319018404908,4.601226993865031,7.361963190184049,88.03680981595092,3.6809815950920246,84.3558282208589
E00009109,306,38,17,21,268,7,261,12.418300653594772,5.555555555555555,6.862745098039216,87.58169934640523,2.287581699346405,85.29411764705883
E00009110,308,61,36,25,247,13,234,19.805194805194805,11.688311688311687,8.116883116883116,80.1948051948052,4.220779220779221,75.97402597402598
E00009112,320,61,28,33,259,16,243,19.0625,8.75,10.3125,80.9375,5,75.9375
E00009113,299,43,18,25,256,15,241,14.381270903010032,6.0200668896321075,8.361204013377927,85.61872909698997,5.016722408026756,80.60200668896321
E00009114,417,39,16,23,378,17,361,9.352517985611511,3.8369304556354913,5.515587529976019,90.64748201438849,4.07673860911271,86.57074340527578
E00009115,412,65,33,32,347,29,318,15.776699029126215,8.009708737864079,7.766990291262135,84.22330097087378,7.038834951456311,77.18446601941747
E00009116,285,45,17,28,240,12,228,15.789473684210526,5.964912280701754,9.824561403508772,84.21052631578947,4.2105263157894735,80
E00009117,367,30,8,22,337,29,308,8.174386920980927,2.17983651226158,5.994550408719346,91.82561307901908,7.901907356948229,83.92370572207084
E00009118,366,32,10,22,334,34,300,8.743169398907105,2.73224043715847,6.0109289617486334,91.2568306010929,9.289617486338798,81.9672131147541
E00009119,403,56,22,34,347,27,320,13.895781637717123,5.459057071960298,8.436724565756824,86.10421836228288,6.699751861042183,79.4044665012407
E00009120,482,53,20,33,429,20,409,10.995850622406639,4.149377593360995,6.846473029045644,89.00414937759335,4.149377593360995,84.85477178423237
E00009121,428,58,19,39,370,20,350,13.551401869158877,4.439252336448598,9.11214953271028,86.44859813084112,4.672897196261682,81.77570093457945
E00009122,314,68,29,39,246,16,230,21.656050955414013,9.235668789808917,12.420382165605096,78.343949044586,5.095541401273886,73.24840764331209
E00009123,380,52,19,33,328,31,297,13.684210526315791,5,8.68421052631579,86.31578947368422,8.157894736842106,78.15789473684211
E00009124,450,84,56,28,366,21,345,18.666666666666668,12.444444444444445,6.222222222222222,81.33333333333333,4.666666666666667,76.66666666666667
E00009125,269,46,19,27,223,13,210,17.100371747211895,7.063197026022305,10.037174721189592,82.8996282527881,4.83271375464684,78.06691449814126
E00009126,245,49,24,25,196,11,185,20,9.795918367346939,10.204081632653061,80,4.489795918367347,75.51020408163265
E00009127,242,65,21,44,177,13,164,26.859504132231404,8.677685950413224,18.181818181818183,73.14049586776859,5.371900826446281,67.76859504132231
E00009128,291,38,15,23,253,17,236,13.058419243986256,5.154639175257731,7.903780068728522,86.94158075601375,5.841924398625429,81.09965635738831
E00009129,341,51,27,24,290,17,273,14.95601173020528,7.9178885630498534,7.038123167155426,85.04398826979472,4.9853372434017595,80.05865102639295
E00009130,328,44,14,30,284,15,269,13.414634146341465,4.2682926829268295,9.146341463414634,86.58536585365853,4.573170731707317,82.01219512195121
E00009131,435,63,28,35,372,18,354,14.482758620689657,6.436781609195402,8.045977011494253,85.51724137931035,4.137931034482759,81.37931034482759
E00009132,401,56,18,38,345,18,327,13.96508728179551,4.488778054862843,9.476309226932669,86.0349127182045,4.488778054862843,81.54613466334165
E00009133,342,48,21,27,294,11,283,14.035087719298245,6.140350877192982,7.894736842105263,85.96491228070175,3.216374269005848,82.7485380116959
E00009134,382,39,11,28,343,28,315,10.209424083769633,2.8795811518324608,7.329842931937172,89.79057591623037,7.329842931937172,82.4607329842932
E00009135,265,58,20,38,207,12,195,21.88679245283019,7.547169811320755,14.339622641509434,78.11320754716982,4.528301886792453,73.58490566037736
E00009136,377,64,28,36,313,15,298,16.976127320954905,7.427055702917771,9.549071618037134,83.0238726790451,3.978779840848806,79.04509283819628
E00009137,316,51,26,25,265,14,251,16.139240506329113,8.227848101265822,7.9113924050632916,83.86075949367088,4.430379746835443,79.43037974683544
E00009138,339,56,14,42,283,24,259,16.519174041297934,4.129793510324483,12.389380530973451,83.48082595870207,7.079646017699115,76.40117994100295
E00009140,312,35,11,24,277,28,249,11.217948717948719,3.5256410256410255,7.6923076923076925,88.78205128205127,8.974358974358974,79.8076923076923
E00009141,201,28,10,18,173,12,161,13.930348258706468,4.975124378109453,8.955223880597014,86.06965174129353,5.970149253731343,80.09950248756219
E00009142,321,58,36,22,263,19,244,18.06853582554517,11.214953271028037,6.853582554517133,81.93146417445483,5.919003115264798,76.01246105919003
E00009143,436,41,7,34,395,15,380,9.403669724770642,1.6055045871559634,7.79816513761468,90.59633027522935,3.4403669724770642,87.1559633027523
E00009144,387,55,15,40,332,34,298,14.21188630490956,3.875968992248062,10.335917312661499,85.78811369509044,8.785529715762273,77.00258397932816
E00009145,226,47,28,19,179,13,166,20.79646017699115,12.389380530973451,8.4070796460177,79.20353982300885,5.752212389380531,73.45132743362832
E00009146,315,37,7,30,278,20,258,11.746031746031745,2.2222222222222223,9.523809523809524,88.25396825396825,6.349206349206349,81.9047619047619
E00009147,321,40,20,20,281,15,266,12.461059190031152,6.230529595015576,6.230529595015576,87.53894080996885,4.672897196261682,82.86604361370716
E00009148,323,66,34,32,257,16,241,20.43343653250774,10.526315789473683,9.907120743034056,79.56656346749226,4.953560371517028,74.61300309597523
E00009149,329,58,24,34,271,16,255,17.62917933130699,7.29483282674772,10.33434650455927,82.37082066869301,4.86322188449848,77.50759878419453
E00009151,426,96,56,40,330,7,323,22.535211267605636,13.145539906103288,9.389671361502346,77.46478873239437,1.643192488262911,75.82159624413146
E00009152,385,67,35,32,318,26,292,17.402597402597404,9.090909090909092,8.311688311688311,82.5974025974026,6.753246753246753,75.84415584415585
E00009153,281,46,21,25,235,11,224,16.370106761565836,7.473309608540925,8.896797153024911,83.62989323843416,3.9145907473309607,79.7153024911032
E00009154,322,46,25,21,276,14,262,14.285714285714285,7.763975155279502,6.521739130434782,85.71428571428571,4.3478260869565215,81.36645962732919
E00009155,302,63,27,36,239,22,217,20.86092715231788,8.940397350993377,11.920529801324504,79.13907284768213,7.28476821192053,71.8543046357616
E00009156,479,79,32,47,400,30,370,16.49269311064718,6.6805845511482245,9.812108559498958,83.50730688935282,6.263048016701461,77.24425887265136
E00009157,261,40,13,27,221,11,210,15.32567049808429,4.980842911877394,10.344827586206897,84.67432950191571,4.21455938697318,80.45977011494253
E00009158,270,44,19,25,226,23,203,16.296296296296298,7.037037037037037,9.25925925925926,83.7037037037037,8.518518518518519,75.18518518518519
E00009159,409,54,22,32,355,16,339,13.202933985330073,5.378973105134474,7.823960880195599,86.79706601466992,3.9119804400977993,82.88508557457213
E00009160,330,67,43,24,263,5,258,20.303030303030305,13.030303030303031,7.2727272727272725,79.6969696969697,1.5151515151515151,78.18181818181819
E00009161,228,36,20,16,192,6,186,15.789473684210526,8.771929824561402,7.017543859649122,84.21052631578947,2.631578947368421,81.57894736842105
E00009162,223,41,12,29,182,12,170,18.385650224215247,5.381165919282512,13.004484304932735,81.61434977578476,5.381165919282512,76.23318385650224
E00009163,229,69,35,34,160,12,148,30.131004366812224,15.283842794759824,14.847161572052403,69.86899563318777,5.240174672489083,64.62882096069869
E00009164,402,41,11,30,361,26,335,10.199004975124378,2.736318407960199,7.462686567164178,89.80099502487562,6.467661691542288,83.33333333333334
E00009165,286,53,28,25,233,13,220,18.53146853146853,9.79020979020979,8.741258741258742,81.46853146853147,4.545454545454546,76.92307692307693
E00009167,272,39,22,17,233,11,222,14.338235294117647,8.088235294117647,6.25,85.66176470588235,4.044117647058823,81.61764705882352
E00009168,171,46,18,28,125,12,113,26.900584795321635,10.526315789473683,16.374269005847953,73.09941520467837,7.017543859649122,66.08187134502924
E00009169,227,18,8,10,209,21,188,7.929515418502203,3.524229074889868,4.405286343612335,92.07048458149781,9.251101321585903,82.81938325991189
E00009170,314,47,19,28,267,12,255,14.968152866242038,6.050955414012739,8.9171974522293,85.03184713375796,3.821656050955414,81.21019108280255
E00009171,212,33,14,19,179,19,160,15.566037735849056,6.60377358490566,8.962264150943396,84.43396226415094,8.962264150943396,75.47169811320755
E00009172,225,24,11,13,201,26,175,10.666666666666668,4.888888888888889,5.777777777777778,89.33333333333333,11.555555555555555,77.77777777777779
E00009173,330,40,12,28,290,21,269,12.121212121212121,3.6363636363636362,8.484848484848486,87.87878787878788,6.363636363636363,81.51515151515152
E00009174,251,31,19,12,220,22,198,12.350597609561753,7.569721115537849,4.780876494023905,87.64940239043824,8.764940239043826,78.88446215139442
E00009175,416,67,15,52,349,26,323,16.105769230769234,3.6057692307692304,12.5,83.89423076923077,6.25,77.64423076923077
E00009176,281,38,10,28,243,16,227,13.523131672597867,3.558718861209965,9.9644128113879,86.47686832740213,5.6939501779359425,80.78291814946618
E00009177,292,40,12,28,252,22,230,13.698630136986301,4.10958904109589,9.58904109589041,86.3013698630137,7.534246575342466,78.76712328767124
E00009178,244,41,9,32,203,14,189,16.80327868852459,3.6885245901639343,13.114754098360656,83.19672131147541,5.737704918032787,77.45901639344262
E00009179,332,50,20,30,282,17,265,15.060240963855422,6.024096385542169,9.036144578313253,84.93975903614458,5.120481927710843,79.81927710843374
E00009180,358,66,33,33,292,17,275,18.435754189944134,9.217877094972067,9.217877094972067,81.56424581005587,4.748603351955307,76.81564245810057
E00009181,369,63,36,27,306,10,296,17.073170731707318,9.75609756097561,7.317073170731707,82.92682926829268,2.710027100271003,80.21680216802169
E00009182,385,35,17,18,350,13,337,9.090909090909092,4.415584415584416,4.675324675324675,90.9090909090909,3.3766233766233764,87.53246753246754
E00009183,370,61,31,30,309,12,297,16.486486486486488,8.378378378378379,8.108108108108109,83.51351351351352,3.2432432432432434,80.27027027027027
E00009184,258,43,23,20,215,13,202,16.666666666666664,8.914728682170542,7.751937984496124,83.33333333333334,5.038759689922481,78.29457364341084
E00009185,265,52,27,25,213,19,194,19.622641509433965,10.18867924528302,9.433962264150944,80.37735849056604,7.169811320754717,73.20754716981132
E00009186,427,59,38,21,368,17,351,13.817330210772832,8.899297423887589,4.918032786885246,86.18266978922716,3.9812646370023423,82.20140515222482
E00009187,205,65,44,21,140,9,131,31.70731707317073,21.463414634146343,10.24390243902439,68.29268292682927,4.390243902439024,63.90243902439025
E00009188,282,43,10,33,239,9,230,15.24822695035461,3.546099290780142,11.702127659574469,84.75177304964538,3.1914893617021276,81.56028368794325
E00009190,316,48,29,19,268,10,258,15.18987341772152,9.177215189873419,6.012658227848101,84.81012658227847,3.1645569620253164,81.64556962025317
E00009191,349,63,33,30,286,19,267,18.05157593123209,9.455587392550143,8.595988538681947,81.9484240687679,5.444126074498568,76.50429799426934
E00009192,377,73,34,39,304,15,289,19.363395225464192,9.018567639257293,10.344827586206897,80.63660477453581,3.978779840848806,76.657824933687
E00009194,495,81,42,39,414,24,390,16.363636363636363,8.484848484848486,7.878787878787878,83.63636363636363,4.848484848484849,78.78787878787878
E00009195,329,73,34,39,256,20,236,22.188449848024316,10.33434650455927,11.854103343465045,77.81155015197568,6.079027355623101,71.73252279635258
E00009196,239,20,10,10,219,13,206,8.368200836820083,4.184100418410042,4.184100418410042,91.63179916317992,5.439330543933055,86.19246861924687
E00009197,440,74,26,48,366,27,339,16.818181818181817,5.909090909090909,10.909090909090908,83.18181818181817,6.136363636363637,77.04545454545455
E00009198,218,37,21,16,181,7,174,16.972477064220186,9.63302752293578,7.339449541284404,83.02752293577981,3.211009174311927,79.81651376146789
E00009199,307,57,27,30,250,24,226,18.566775244299674,8.794788273615636,9.77198697068404,81.43322475570032,7.81758957654723,73.61563517915309
E00009200,420,56,17,39,364,29,335,13.333333333333334,4.0476190476190474,9.285714285714286,86.66666666666667,6.904761904761905,79.76190476190477
E00009201,222,44,18,26,178,18,160,19.81981981981982,8.108108108108109,11.711711711711711,80.18018018018019,8.108108108108109,72.07207207207207
E00009202,147,36,18,18,111,8,103,24.489795918367346,12.244897959183673,12.244897959183673,75.51020408163265,5.442176870748299,70.06802721088435
E00009203,230,35,15,20,195,12,183,15.217391304347828,6.521739130434782,8.695652173913043,84.78260869565217,5.217391304347826,79.56521739130434
E00009204,287,41,18,23,246,15,231,14.285714285714285,6.2717770034843205,8.013937282229964,85.71428571428571,5.2264808362369335,80.48780487804879
E00009205,386,159,115,44,227,15,212,41.19170984455959,29.792746113989637,11.398963730569948,58.80829015544041,3.8860103626943006,54.92227979274611
E00009206,200,61,33,28,139,6,133,30.5,16.5,14.000000000000002,69.5,3,66.5
E00009207,349,52,17,35,297,16,281,14.899713467048711,4.871060171919771,10.028653295128938,85.10028653295129,4.584527220630372,80.51575931232091
E00009208,323,44,15,29,279,13,266,13.622291021671826,4.643962848297214,8.978328173374612,86.37770897832817,4.024767801857585,82.35294117647058
E00009209,338,55,27,28,283,12,271,16.272189349112427,7.988165680473373,8.284023668639055,83.72781065088756,3.5502958579881656,80.1775147928994
E00009210,464,73,31,42,391,18,373,15.732758620689655,6.68103448275862,9.051724137931034,84.26724137931035,3.8793103448275863,80.38793103448276
E00009212,271,32,17,15,239,12,227,11.808118081180812,6.273062730627306,5.535055350553505,88.19188191881919,4.428044280442804,83.76383763837639
E00009213,537,84,41,43,453,21,432,15.64245810055866,7.635009310986965,8.007448789571695,84.35754189944134,3.910614525139665,80.44692737430168
E00009214,240,29,20,9,211,9,202,12.083333333333334,8.333333333333332,3.75,87.91666666666667,3.75,84.16666666666667
E00009215,169,41,20,21,128,11,117,24.2603550295858,11.834319526627219,12.42603550295858,75.7396449704142,6.508875739644971,69.23076923076923
E00009216,381,63,38,25,318,20,298,16.535433070866144,9.973753280839896,6.561679790026247,83.46456692913385,5.2493438320209975,78.21522309711287
E00009217,231,40,24,16,191,19,172,17.316017316017316,10.38961038961039,6.926406926406926,82.68398268398268,8.225108225108226,74.45887445887446
E00009218,310,60,36,24,250,8,242,19.35483870967742,11.612903225806452,7.741935483870968,80.64516129032258,2.5806451612903225,78.06451612903226
E00009219,247,40,16,24,207,6,201,16.194331983805668,6.477732793522267,9.7165991902834,83.80566801619433,2.42914979757085,81.37651821862349
E00009221,212,73,46,27,139,17,122,34.43396226415094,21.69811320754717,12.735849056603774,65.56603773584906,8.018867924528301,57.54716981132076
E00009222,140,24,14,10,116,12,104,17.142857142857142,10,7.142857142857142,82.85714285714286,8.571428571428571,74.28571428571429
E00009223,253,27,13,14,226,21,205,10.67193675889328,5.138339920948617,5.533596837944664,89.32806324110672,8.300395256916996,81.02766798418972
E00176220,201,26,8,18,175,8,167,12.935323383084576,3.9800995024875623,8.955223880597014,87.06467661691542,3.9800995024875623,83.08457711442786
E00176221,381,60,23,37,321,19,302,15.748031496062993,6.036745406824147,9.711286089238845,84.25196850393701,4.986876640419948,79.26509186351706
E00176222,198,13,3,10,185,15,170,6.565656565656567,1.5151515151515151,5.05050505050505,93.43434343434343,7.575757575757576,85.85858585858585
E00176223,409,46,19,27,363,23,340,11.246943765281173,4.645476772616137,6.601466992665037,88.75305623471883,5.623471882640587,83.12958435207824
E00176224,239,39,21,18,200,12,188,16.317991631799163,8.786610878661087,7.531380753138076,83.68200836820083,5.02092050209205,78.66108786610879
E00176225,280,32,17,15,248,12,236,11.428571428571429,6.071428571428571,5.357142857142857,88.57142857142857,4.285714285714286,84.28571428571429
E00176228,527,143,85,58,384,20,364,27.13472485768501,16.129032258064516,11.005692599620494,72.86527514231499,3.795066413662239,69.07020872865274
E00176229,539,101,49,52,438,26,412,18.738404452690165,9.090909090909092,9.647495361781075,81.26159554730982,4.823747680890538,76.43784786641929
E00176234,435,38,8,30,397,27,370,8.735632183908045,1.839080459770115,6.896551724137931,91.26436781609195,6.206896551724138,85.0574712643678
E00176235,457,33,12,21,424,23,401,7.2210065645514225,2.62582056892779,4.595185995623632,92.77899343544857,5.032822757111598,87.74617067833698
E00176236,273,33,15,18,240,13,227,12.087912087912088,5.4945054945054945,6.593406593406594,87.91208791208791,4.761904761904762,83.15018315018315
E00176237,222,29,10,19,193,16,177,13.063063063063062,4.504504504504505,8.558558558558559,86.93693693693693,7.207207207207207,79.72972972972973
E00176238,184,15,4,11,169,13,156,8.152173913043478,2.1739130434782608,5.978260869565218,91.84782608695652,7.065217391304348,84.78260869565217
E00176239,464,28,14,14,436,36,400,6.0344827586206895,3.0172413793103448,3.0172413793103448,93.96551724137932,7.758620689655173,86.20689655172413
E00176240,483,45,20,25,438,27,411,9.316770186335404,4.140786749482402,5.175983436853002,90.6832298136646,5.590062111801243,85.09316770186336
E00176241,223,31,13,18,192,10,182,13.901345291479823,5.829596412556054,8.071748878923767,86.09865470852019,4.484304932735426,81.61434977578476
E00176242,359,48,21,27,311,15,296,13.370473537604457,5.8495821727019495,7.520891364902507,86.62952646239555,4.178272980501393,82.45125348189416
E00176246,217,31,17,14,186,9,177,14.285714285714285,7.834101382488479,6.451612903225806,85.71428571428571,4.147465437788019,81.5668202764977
E00176248,277,57,33,24,220,12,208,20.577617328519857,11.913357400722022,8.664259927797833,79.42238267148014,4.332129963898916,75.09025270758123
E00176249,241,31,13,18,210,19,191,12.863070539419086,5.394190871369295,7.468879668049793,87.13692946058092,7.883817427385892,79.25311203319502
E00176250,301,34,17,17,267,14,253,11.295681063122924,5.647840531561462,5.647840531561462,88.70431893687709,4.651162790697675,84.0531561461794
E00176251,442,51,14,37,391,20,371,11.538461538461538,3.167420814479638,8.3710407239819,88.46153846153845,4.524886877828054,83.93665158371041
E00176252,244,22,10,12,222,10,212,9.01639344262295,4.098360655737705,4.918032786885246,90.98360655737704,4.098360655737705,86.88524590163934
E00176253,266,30,12,18,236,18,218,11.278195488721805,4.511278195488721,6.7669172932330826,88.7218045112782,6.7669172932330826,81.95488721804512
E00176254,302,44,20,24,258,25,233,14.56953642384106,6.622516556291391,7.9470198675496695,85.43046357615894,8.27814569536424,77.15231788079471
E00176256,513,41,20,21,472,11,461,7.992202729044834,3.898635477582846,4.093567251461988,92.00779727095517,2.144249512670565,89.8635477582846
E00176258,542,100,59,41,442,18,424,18.45018450184502,10.885608856088561,7.564575645756458,81.54981549815497,3.3210332103321036,78.22878228782287
E00176259,146,12,4,8,134,9,125,8.21917808219178,2.73972602739726,5.47945205479452,91.78082191780823,6.164383561643835,85.61643835616438
E00176260,204,17,3,14,187,9,178,8.333333333333332,1.4705882352941175,6.862745098039216,91.66666666666666,4.411764705882353,87.25490196078431
E00176261,206,14,4,10,192,15,177,6.796116504854369,1.9417475728155338,4.854368932038835,93.20388349514563,7.281553398058252,85.92233009708737
E00176262,229,33,7,26,196,12,184,14.41048034934498,3.056768558951965,11.353711790393014,85.58951965065502,5.240174672489083,80.34934497816593
E00176263,210,11,2,9,199,17,182,5.238095238095238,0.9523809523809524,4.285714285714286,94.76190476190476,8.095238095238095,86.66666666666667
E00176265,168,25,15,10,143,17,126,14.880952380952381,8.928571428571429,5.952380952380952,85.11904761904762,10.119047619047619,75
E00176266,381,53,26,27,328,19,309,13.910761154855644,6.824146981627297,7.086614173228346,86.08923884514435,4.986876640419948,81.10236220472441
E00176268,129,31,17,14,98,3,95,24.031007751937985,13.178294573643413,10.852713178294573,75.96899224806202,2.3255813953488373,73.64341085271317
E00176269,396,56,13,43,340,22,318,14.14141414141414,3.2828282828282833,10.85858585858586,85.85858585858585,5.555555555555555,80.3030303030303
E00176270,426,69,39,30,357,21,336,16.19718309859155,9.15492957746479,7.042253521126761,83.80281690140845,4.929577464788732,78.87323943661971
E00176271,288,25,0,25,263,16,247,8.680555555555555,0,8.680555555555555,91.31944444444444,5.555555555555555,85.76388888888889
E00176272,208,43,18,25,165,5,160,20.673076923076923,8.653846153846153,12.01923076923077,79.32692307692307,2.403846153846154,76.92307692307693
E00176273,309,50,22,28,259,15,244,16.181229773462782,7.119741100323624,9.06148867313916,83.81877022653723,4.854368932038835,78.96440129449837
E00176274,294,34,12,22,260,7,253,11.564625850340136,4.081632653061225,7.482993197278912,88.43537414965986,2.380952380952381,86.05442176870748
E00176275,264,41,15,26,223,15,208,15.530303030303031,5.681818181818182,9.848484848484848,84.46969696969697,5.681818181818182,78.78787878787878
E00176276,128,16,4,12,112,7,105,12.5,3.125,9.375,87.5,5.46875,82.03125
E00176277,137,32,20,12,105,7,98,23.357664233576642,14.5985401459854,8.75912408759124,76.64233576642336,5.109489051094891,71.53284671532847
E00176278,234,13,0,13,221,21,200,5.555555555555555,0,5.555555555555555,94.44444444444444,8.974358974358974,85.47008547008546
E00176279,160,7,2,5,153,13,140,4.375,1.25,3.125,95.625,8.125,87.5
E00176280,210,28,12,16,182,14,168,13.333333333333334,5.714285714285714,7.6190476190476195,86.66666666666667,6.666666666666667,80
E00176281,180,33,16,17,147,4,143,18.333333333333332,8.88888888888889,9.444444444444445,81.66666666666667,2.2222222222222223,79.44444444444444
E00176283,198,12,3,9,186,7,179,6.0606060606060606,1.5151515151515151,4.545454545454546,93.93939393939394,3.535353535353535,90.40404040404042
E00176284,214,16,8,8,198,4,194,7.476635514018691,3.7383177570093453,3.7383177570093453,92.5233644859813,1.8691588785046727,90.65420560747664
E00176287,365,33,13,20,332,22,310,9.04109589041096,3.5616438356164384,5.47945205479452,90.95890410958904,6.027397260273973,84.93150684931507
E00176290,506,90,62,28,416,28,388,17.786561264822133,12.25296442687747,5.533596837944664,82.21343873517787,5.533596837944664,76.6798418972332
E00176292,480,86,38,48,394,12,382,17.916666666666668,7.916666666666666,10,82.08333333333333,2.5,79.58333333333333
E00176293,224,20,7,13,204,8,196,8.928571428571429,3.125,5.803571428571429,91.07142857142857,3.571428571428571,87.5
E00176294,312,27,10,17,285,11,274,8.653846153846153,3.205128205128205,5.448717948717949,91.34615384615384,3.5256410256410255,87.82051282051282
E00176295,255,37,17,20,218,13,205,14.50980392156863,6.666666666666667,7.8431372549019605,85.49019607843137,5.098039215686274,80.3921568627451
E00176296,367,37,16,21,330,10,320,10.08174386920981,4.35967302452316,5.722070844686648,89.91825613079018,2.7247956403269753,87.19346049046321
E00176297,332,37,24,13,295,14,281,11.144578313253012,7.228915662650602,3.91566265060241,88.85542168674698,4.216867469879518,84.63855421686746
E00176298,332,48,21,27,284,8,276,14.457831325301203,6.325301204819277,8.132530120481928,85.54216867469879,2.4096385542168677,83.13253012048193
E00176299,476,63,25,38,413,23,390,13.23529411764706,5.2521008403361344,7.9831932773109235,86.76470588235294,4.831932773109244,81.9327731092437
E00176300,233,29,11,18,204,10,194,12.446351931330472,4.721030042918455,7.725321888412018,87.55364806866953,4.291845493562231,83.2618025751073
E00176301,493,67,21,46,426,21,405,13.590263691683571,4.259634888438134,9.330628803245435,86.40973630831643,4.259634888438134,82.1501014198783
E00176302,153,9,2,7,144,12,132,5.88235294117647,1.3071895424836601,4.57516339869281,94.11764705882352,7.8431372549019605,86.27450980392157
E00176303,293,34,12,22,259,24,235,11.604095563139932,4.09556313993174,7.508532423208192,88.39590443686008,8.19112627986348,80.2047781569966
E00176304,245,28,4,24,217,23,194,11.428571428571429,1.6326530612244898,9.795918367346939,88.57142857142857,9.387755102040817,79.18367346938776
E00176305,248,12,1,11,236,9,227,4.838709677419355,0.4032258064516129,4.435483870967742,95.16129032258065,3.6290322580645165,91.53225806451613
E00176306,445,34,10,24,411,26,385,7.640449438202247,2.247191011235955,5.393258426966292,92.35955056179776,5.842696629213483,86.51685393258427
E00176309,207,14,2,12,193,21,172,6.763285024154589,0.966183574879227,5.797101449275362,93.23671497584542,10.144927536231885,83.09178743961353
E00176310,209,26,9,17,183,14,169,12.440191387559809,4.30622009569378,8.133971291866029,87.5598086124402,6.698564593301436,80.86124401913875
E00176311,137,14,0,14,123,10,113,10.218978102189782,0,10.218978102189782,89.78102189781022,7.2992700729927,82.48175182481752
E00176312,166,12,2,10,154,7,147,7.228915662650602,1.2048192771084338,6.024096385542169,92.7710843373494,4.216867469879518,88.55421686746988
E00176313,223,23,5,18,200,6,194,10.31390134529148,2.242152466367713,8.071748878923767,89.68609865470853,2.690582959641256,86.99551569506725
E00176314,394,74,33,41,320,23,297,18.781725888324875,8.375634517766498,10.406091370558377,81.21827411167513,5.83756345177665,75.38071065989847
E00176315,249,35,12,23,214,9,205,14.056224899598394,4.819277108433735,9.236947791164658,85.94377510040161,3.614457831325301,82.32931726907631
E00176316,249,48,14,34,201,5,196,19.27710843373494,5.622489959839357,13.654618473895583,80.72289156626506,2.0080321285140563,78.714859437751
E00176317,253,21,5,16,232,17,215,8.300395256916996,1.9762845849802373,6.324110671936759,91.699604743083,6.719367588932807,84.98023715415019
E00176318,285,48,27,21,237,17,220,16.842105263157894,9.473684210526317,7.368421052631578,83.15789473684211,5.964912280701754,77.19298245614034
E00176319,474,67,27,40,407,25,382,14.135021097046414,5.69620253164557,8.438818565400844,85.86497890295358,5.274261603375527,80.59071729957806
E00176320,174,20,7,13,154,21,133,11.494252873563218,4.022988505747127,7.471264367816093,88.50574712643679,12.068965517241379,76.4367816091954
E00176321,162,26,9,17,136,11,125,16.049382716049383,5.555555555555555,10.493827160493826,83.9506172839506,6.790123456790123,77.1604938271605
E00176322,159,38,13,25,121,9,112,23.89937106918239,8.176100628930817,15.723270440251572,76.10062893081762,5.660377358490567,70.44025157232704
E00176323,148,23,9,14,125,12,113,15.54054054054054,6.081081081081082,9.45945945945946,84.45945945945947,8.108108108108109,76.35135135135135
E00176324,286,19,6,13,267,19,248,6.643356643356643,2.097902097902098,4.545454545454546,93.35664335664336,6.643356643356643,86.7132867132867
E00176326,609,87,46,41,522,34,488,14.285714285714285,7.55336617405583,6.732348111658457,85.71428571428571,5.582922824302135,80.13136288998358
E00176328,234,42,18,24,192,10,182,17.94871794871795,7.6923076923076925,10.256410256410255,82.05128205128204,4.273504273504273,77.77777777777779
E00176329,133,18,10,8,115,10,105,13.533834586466165,7.518796992481203,6.015037593984962,86.46616541353383,7.518796992481203,78.94736842105263
E00176330,153,16,4,12,137,17,120,10.457516339869281,2.6143790849673203,7.8431372549019605,89.54248366013073,11.11111111111111,78.43137254901961
E00176331,237,18,1,17,219,15,204,7.59493670886076,0.42194092827004215,7.172995780590717,92.40506329113924,6.329113924050633,86.07594936708861
E00176332,183,45,24,21,138,11,127,24.59016393442623,13.114754098360656,11.475409836065573,75.40983606557377,6.0109289617486334,69.39890710382514
E00176333,409,65,33,32,344,24,320,15.892420537897312,8.06845965770171,7.823960880195599,84.10757946210269,5.8679706601467,78.239608801956
E00176335,276,48,23,25,228,9,219,17.391304347826086,8.333333333333332,9.057971014492754,82.6086956521739,3.260869565217391,79.34782608695652
E00183715,965,139,57,82,826,38,788,14.404145077720207,5.9067357512953365,8.49740932642487,85.59585492227978,3.9378238341968914,81.65803108808291
E00183716,388,26,7,19,362,30,332,6.701030927835052,1.804123711340206,4.896907216494846,93.29896907216495,7.731958762886598,85.56701030927834
E00183717,393,43,13,30,350,19,331,10.941475826972011,3.307888040712468,7.633587786259542,89.05852417302799,4.8346055979643765,84.22391857506362
E00183718,446,62,29,33,384,21,363,13.901345291479823,6.502242152466367,7.399103139013453,86.09865470852019,4.708520179372197,81.39013452914799
E00183719,201,27,13,14,174,3,171,13.432835820895523,6.467661691542288,6.965174129353234,86.56716417910447,1.4925373134328357,85.07462686567165
E00183720,427,54,11,43,373,33,340,12.646370023419204,2.576112412177986,10.070257611241217,87.35362997658079,7.728337236533958,79.62529274004683
E00183733,373,100,73,27,273,16,257,26.80965147453083,19.571045576407506,7.238605898123325,73.19034852546918,4.289544235924933,68.90080428954424
E00183734,332,28,2,26,304,27,277,8.433734939759036,0.6024096385542169,7.83132530120482,91.56626506024097,8.132530120481928,83.43373493975903
E00183735,397,69,38,31,328,14,314,17.38035264483627,9.571788413098236,7.8085642317380355,82.61964735516372,3.5264483627204033,79.09319899244332
E00183736,318,13,3,10,305,19,286,4.088050314465408,0.9433962264150944,3.1446540880503147,95.9119496855346,5.9748427672955975,89.937106918239
E00183749,328,42,14,28,286,19,267,12.804878048780488,4.2682926829268295,8.536585365853659,87.1951219512195,5.7926829268292686,81.40243902439023
E00183755,350,91,56,35,259,20,239,26,16,10,74,5.714285714285714,68.28571428571428
E00183756,238,19,5,14,219,10,209,7.9831932773109235,2.100840336134454,5.88235294117647,92.01680672268907,4.201680672268908,87.81512605042016
E00183757,221,7,3,4,214,3,211,3.167420814479638,1.3574660633484164,1.809954751131222,96.83257918552036,1.3574660633484164,95.47511312217195
E00183758,236,16,6,10,220,12,208,6.779661016949152,2.5423728813559325,4.23728813559322,93.22033898305084,5.084745762711865,88.13559322033898
E00183761,234,8,1,7,226,10,216,3.418803418803419,0.4273504273504274,2.9914529914529915,96.58119658119658,4.273504273504273,92.3076923076923
E00183765,188,34,19,15,154,1,153,18.085106382978726,10.106382978723403,7.9787234042553195,81.91489361702128,0.5319148936170213,81.38297872340425
E00183768,314,80,35,45,234,11,223,25.477707006369428,11.146496815286625,14.331210191082802,74.52229299363057,3.5031847133757963,71.01910828025477
E00183770,371,25,7,18,346,16,330,6.738544474393531,1.8867924528301887,4.8517520215633425,93.26145552560648,4.31266846361186,88.94878706199461
E00183771,252,19,3,16,233,16,217,7.5396825396825395,1.1904761904761905,6.349206349206349,92.46031746031747,6.349206349206349,86.11111111111111
E00183774,325,18,2,16,307,19,288,5.538461538461538,0.6153846153846154,4.923076923076923,94.46153846153847,5.846153846153846,88.61538461538461
E00183781,162,6,3,3,156,10,146,3.7037037037037033,1.8518518518518516,1.8518518518518516,96.29629629629629,6.172839506172839,90.12345679012346
E00183786,264,48,25,23,216,23,193,18.181818181818183,9.469696969696969,8.712121212121213,81.81818181818183,8.712121212121213,73.10606060606061
E00183796,223,6,3,3,217,2,215,2.690582959641256,1.345291479820628,1.345291479820628,97.30941704035875,0.8968609865470852,96.41255605381166
E00183809,238,27,5,22,211,7,204,11.344537815126051,2.100840336134454,9.243697478991598,88.65546218487394,2.941176470588235,85.71428571428571
E00183813,257,47,19,28,210,16,194,18.28793774319066,7.392996108949417,10.894941634241246,81.71206225680933,6.22568093385214,75.4863813229572
E00183815,263,15,1,14,248,12,236,5.7034220532319395,0.38022813688212925,5.323193916349809,94.29657794676805,4.562737642585551,89.73384030418251
E00183816,368,34,12,22,334,30,304,9.239130434782608,3.260869565217391,5.978260869565218,90.76086956521739,8.152173913043478,82.6086956521739
E00183826,168,16,6,10,152,10,142,9.523809523809524,3.571428571428571,5.952380952380952,90.47619047619048,5.952380952380952,84.52380952380952
E00183831,304,38,19,19,266,9,257,12.5,6.25,6.25,87.5,2.9605263157894735,84.53947368421053
E00183845,327,54,35,19,273,19,254,16.51376146788991,10.703363914373089,5.81039755351682,83.4862385321101,5.81039755351682,77.67584097859327
E00183850,123,19,9,10,104,7,97,15.447154471544716,7.317073170731707,8.130081300813007,84.5528455284553,5.691056910569105,78.86178861788618
E00183853,290,22,5,17,268,20,248,7.586206896551724,1.7241379310344827,5.862068965517241,92.41379310344827,6.896551724137931,85.51724137931035
E00183857,252,35,20,15,217,10,207,13.88888888888889,7.936507936507936,5.952380952380952,86.11111111111111,3.968253968253968,82.14285714285714
E00183858,275,61,35,26,214,8,206,22.181818181818183,12.727272727272727,9.454545454545455,77.81818181818181,2.909090909090909,74.90909090909092
E00183859,315,29,3,26,286,13,273,9.206349206349207,0.9523809523809524,8.253968253968253,90.7936507936508,4.1269841269841265,86.66666666666667
E00183868,328,36,17,19,292,10,282,10.975609756097562,5.182926829268292,5.7926829268292686,89.02439024390245,3.048780487804878,85.97560975609755
E00183872,342,24,6,18,318,20,298,7.017543859649122,1.7543859649122806,5.263157894736842,92.98245614035088,5.847953216374268,87.13450292397661
E00183876,505,77,18,59,428,30,398,15.247524752475247,3.564356435643564,11.683168316831685,84.75247524752476,5.9405940594059405,78.81188118811882
E00183879,180,23,14,9,157,8,149,12.777777777777777,7.777777777777778,5,87.22222222222223,4.444444444444445,82.77777777777777
E00183881,186,14,2,12,172,16,156,7.526881720430108,1.0752688172043012,6.451612903225806,92.47311827956989,8.60215053763441,83.87096774193549
E00183891,265,46,21,25,219,8,211,17.358490566037734,7.9245283018867925,9.433962264150944,82.64150943396227,3.018867924528302,79.62264150943396
E00183894,256,36,8,28,220,27,193,14.0625,3.125,10.9375,85.9375,10.546875,75.390625
E00183903,187,25,9,16,162,12,150,13.368983957219251,4.81283422459893,8.55614973262032,86.63101604278076,6.417112299465241,80.21390374331551
E00183904,322,25,7,18,297,16,281,7.763975155279502,2.1739130434782608,5.590062111801243,92.2360248447205,4.968944099378882,87.26708074534162
E00183907,271,29,11,18,242,22,220,10.70110701107011,4.059040590405904,6.642066420664207,89.2988929889299,8.118081180811808,81.18081180811808
E00183912,217,10,4,6,207,11,196,4.6082949308755765,1.8433179723502304,2.7649769585253456,95.39170506912443,5.0691244239631335,90.32258064516128
E00183916,258,18,8,10,240,19,221,6.976744186046512,3.10077519379845,3.875968992248062,93.02325581395348,7.3643410852713185,85.65891472868216
E00183917,281,40,26,14,241,11,230,14.23487544483986,9.252669039145907,4.98220640569395,85.76512455516014,3.9145907473309607,81.85053380782918
E00183918,308,30,11,19,278,22,256,9.740259740259742,3.571428571428571,6.1688311688311686,90.25974025974025,7.142857142857142,83.11688311688312
E00183921,249,40,19,21,209,8,201,16.06425702811245,7.630522088353414,8.433734939759036,83.93574297188755,3.2128514056224895,80.72289156626506
E00183929,228,48,30,18,180,6,174,21.052631578947366,13.157894736842104,7.894736842105263,78.94736842105263,2.631578947368421,76.31578947368422
E00183940,354,66,38,28,288,15,273,18.64406779661017,10.734463276836157,7.909604519774012,81.35593220338984,4.23728813559322,77.11864406779661
E00183944,255,30,7,23,225,13,212,11.76470588235294,2.7450980392156863,9.019607843137255,88.23529411764706,5.098039215686274,83.13725490196079
E00183945,398,70,21,49,328,16,312,17.587939698492463,5.276381909547738,12.311557788944723,82.41206030150754,4.0201005025125625,78.39195979899498
E00183947,232,42,20,22,190,11,179,18.103448275862068,8.620689655172415,9.482758620689655,81.89655172413794,4.741379310344827,77.15517241379311
E00183952,274,16,4,12,258,15,243,5.839416058394161,1.4598540145985401,4.37956204379562,94.16058394160584,5.474452554744526,88.6861313868613
E00183955,229,36,17,19,193,12,181,15.72052401746725,7.423580786026202,8.296943231441048,84.27947598253274,5.240174672489083,79.03930131004367
E00183956,271,19,0,19,252,12,240,7.011070110701106,0,7.011070110701106,92.98892988929889,4.428044280442804,88.56088560885608
E00183962,393,59,33,26,334,16,318,15.012722646310433,8.396946564885496,6.615776081424936,84.98727735368958,4.071246819338422,80.91603053435115
E00183971,305,26,8,18,279,17,262,8.524590163934425,2.622950819672131,5.901639344262295,91.47540983606557,5.573770491803279,85.90163934426229
E00183974,253,26,8,18,227,25,202,10.276679841897234,3.1620553359683794,7.114624505928854,89.72332015810277,9.881422924901186,79.84189723320159
E00183976,317,31,9,22,286,20,266,9.779179810725552,2.8391167192429023,6.940063091482649,90.22082018927445,6.309148264984227,83.91167192429022
E00183981,225,12,2,10,213,10,203,5.333333333333334,0.8888888888888888,4.444444444444445,94.66666666666667,4.444444444444445,90.22222222222223
E00183993,230,26,8,18,204,16,188,11.304347826086957,3.4782608695652173,7.82608695652174,88.69565217391305,6.956521739130435,81.73913043478261
E00183996,234,18,3,15,216,11,205,7.6923076923076925,1.282051282051282,6.41025641025641,92.3076923076923,4.700854700854701,87.6068376068376
E00183997,382,83,40,43,299,23,276,21.727748691099478,10.471204188481675,11.2565445026178,78.27225130890052,6.020942408376963,72.25130890052355
E00183999,551,45,18,27,506,37,469,8.166969147005444,3.2667876588021776,4.900181488203267,91.83303085299455,6.715063520871143,85.11796733212341
E00184002,341,46,18,28,295,27,268,13.48973607038123,5.278592375366569,8.211143695014663,86.51026392961877,7.9178885630498534,78.59237536656892
E00184010,255,69,45,24,186,13,173,27.058823529411764,17.647058823529413,9.411764705882353,72.94117647058823,5.098039215686274,67.84313725490196
E00184012,362,26,8,18,336,14,322,7.18232044198895,2.209944751381215,4.972375690607735,92.81767955801105,3.867403314917127,88.95027624309392
E00184018,334,45,16,29,289,20,269,13.47305389221557,4.790419161676647,8.682634730538922,86.52694610778443,5.9880239520958085,80.53892215568862
E00184025,345,37,9,28,308,17,291,10.72463768115942,2.608695652173913,8.115942028985506,89.27536231884058,4.9275362318840585,84.34782608695653
E00184026,254,46,23,23,208,7,201,18.11023622047244,9.05511811023622,9.05511811023622,81.88976377952756,2.7559055118110236,79.13385826771653
E00184027,276,18,4,14,258,23,235,6.521739130434782,1.4492753623188406,5.072463768115942,93.47826086956522,8.333333333333332,85.14492753623189
E00184030,205,30,8,22,175,9,166,14.634146341463413,3.902439024390244,10.731707317073171,85.36585365853658,4.390243902439024,80.97560975609757
E00184031,290,18,1,17,272,17,255,6.206896551724138,0.3448275862068966,5.862068965517241,93.79310344827586,5.862068965517241,87.93103448275862
E00184032,151,12,5,7,139,8,131,7.9470198675496695,3.3112582781456954,4.635761589403973,92.05298013245033,5.298013245033113,86.75496688741721
E00184033,260,34,14,20,226,5,221,13.076923076923078,5.384615384615385,7.6923076923076925,86.92307692307692,1.9230769230769231,85
E00184034,211,33,21,12,178,14,164,15.639810426540285,9.95260663507109,5.687203791469194,84.36018957345972,6.6350710900473935,77.72511848341233
E00184035,297,36,21,15,261,10,251,12.121212121212121,7.07070707070707,5.05050505050505,87.87878787878788,3.3670033670033668,84.51178451178451
E00184037,124,26,12,14,98,10,88,20.967741935483872,9.67741935483871,11.29032258064516,79.03225806451613,8.064516129032258,70.96774193548387
E00184048,346,37,18,19,309,14,295,10.69364161849711,5.202312138728324,5.491329479768786,89.30635838150289,4.046242774566474,85.26011560693641
E00184052,243,5,0,5,238,18,220,2.05761316872428,0,2.05761316872428,97.94238683127571,7.4074074074074066,90.53497942386831
E00184053,190,30,11,19,160,11,149,15.789473684210526,5.7894736842105265,10,84.21052631578947,5.7894736842105265,78.42105263157895
E00184058,147,21,9,12,126,5,121,14.285714285714285,6.122448979591836,8.16326530612245,85.71428571428571,3.4013605442176873,82.31292517006803
E00184059,289,18,4,14,271,20,251,6.228373702422145,1.384083044982699,4.844290657439446,93.77162629757785,6.920415224913495,86.85121107266436
E00184076,444,71,40,31,373,22,351,15.99099099099099,9.00900900900901,6.981981981981981,84.009009009009,4.954954954954955,79.05405405405406
E00184080,527,28,5,23,499,18,481,5.313092979127135,0.9487666034155597,4.364326375711575,94.68690702087287,3.415559772296015,91.27134724857684
E00184081,337,42,21,21,295,16,279,12.462908011869436,6.231454005934718,6.231454005934718,87.53709198813057,4.747774480712167,82.7893175074184
E00184084,280,22,9,13,258,12,246,7.857142857142857,3.214285714285714,4.642857142857143,92.14285714285714,4.285714285714286,87.85714285714286
E00184087,208,53,22,31,155,9,146,25.48076923076923,10.576923076923077,14.903846153846153,74.51923076923077,4.326923076923077,70.1923076923077
E00184090,207,49,27,22,158,14,144,23.67149758454106,13.043478260869565,10.628019323671497,76.32850241545893,6.763285024154589,69.56521739130434
E00184097,308,14,0,14,294,21,273,4.545454545454546,0,4.545454545454546,95.45454545454545,6.8181818181818175,88.63636363636364
E00184103,340,44,17,27,296,13,283,12.941176470588237,5,7.941176470588235,87.05882352941177,3.823529411764706,83.23529411764706
E00184115,429,29,22,7,400,7,393,6.75990675990676,5.128205128205128,1.6317016317016315,93.24009324009323,1.6317016317016315,91.6083916083916
E00184116,464,39,23,16,425,14,411,8.405172413793103,4.956896551724138,3.4482758620689653,91.59482758620689,3.0172413793103448,88.57758620689656
E00184118,406,27,4,23,379,30,349,6.65024630541872,0.9852216748768473,5.665024630541872,93.34975369458128,7.389162561576355,85.96059113300493
E00184120,291,54,27,27,237,14,223,18.556701030927837,9.278350515463918,9.278350515463918,81.44329896907216,4.810996563573884,76.6323024054983
E00184123,274,45,17,28,229,13,216,16.423357664233578,6.204379562043796,10.218978102189782,83.57664233576642,4.744525547445255,78.83211678832117
E00184131,358,42,14,28,316,16,300,11.731843575418994,3.910614525139665,7.82122905027933,88.26815642458101,4.4692737430167595,83.79888268156425
E00184133,446,59,27,32,387,19,368,13.228699551569505,6.053811659192825,7.174887892376682,86.7713004484305,4.260089686098654,82.51121076233184
E00184138,293,31,10,21,262,21,241,10.580204778156997,3.4129692832764507,7.167235494880546,89.419795221843,7.167235494880546,82.25255972696246
E00184139,231,36,12,24,195,11,184,15.584415584415584,5.194805194805195,10.38961038961039,84.4155844155844,4.761904761904762,79.65367965367966
