OA,ts0590001,ts0590002,ts0590003,ts0590004,ts0590005,ts0590006,ts0590007,ts0590002_PCT,ts0590003_PCT,ts0590004_PCT,ts0590005_PCT,ts0590006_PCT,ts0590007_PCT
E00107084,100,39,18,21,61,57,4,39,18,21,61,56.99999999999999,4
E00107085,143,56,24,32,87,67,20,39.16083916083916,16.783216783216783,22.377622377622377,60.83916083916085,46.85314685314685,13.986013986013987
E00107086,177,55,21,34,122,92,30,31.07344632768362,11.864406779661017,19.2090395480226,68.92655367231639,51.9774011299435,16.94915254237288
E00107087,87,31,5,26,56,46,10,35.63218390804598,5.747126436781609,29.88505747126437,64.36781609195403,52.87356321839081,11.494252873563218
E00107088,220,78,24,54,142,126,16,35.45454545454545,10.909090909090908,24.545454545454547,64.54545454545455,57.27272727272727,7.2727272727272725
E00107089,149,58,21,37,91,71,20,38.92617449664429,14.093959731543624,24.832214765100673,61.07382550335571,47.651006711409394,13.422818791946309
E00107090,124,43,16,27,81,58,23,34.67741935483871,12.903225806451612,21.774193548387096,65.32258064516128,46.774193548387096,18.548387096774192
E00107091,124,46,21,25,78,61,17,37.096774193548384,16.93548387096774,20.161290322580644,62.903225806451616,49.193548387096776,13.709677419354838
E00107092,124,46,22,24,78,60,18,37.096774193548384,17.741935483870968,19.35483870967742,62.903225806451616,48.38709677419355,14.516129032258066
E00107093,90,40,10,30,50,31,19,44.44444444444444,11.11111111111111,33.33333333333333,55.55555555555556,34.44444444444444,21.11111111111111
E00107094,178,70,25,45,108,86,22,39.325842696629216,14.04494382022472,25.280898876404496,60.67415730337079,48.31460674157304,12.359550561797752
E00107095,68,23,9,14,45,38,7,33.82352941176471,13.23529411764706,20.588235294117645,66.17647058823529,55.88235294117647,10.294117647058822
E00107096,46,14,8,6,32,25,7,30.434782608695656,17.391304347826086,13.043478260869565,69.56521739130434,54.347826086956516,15.217391304347828
E00107097,182,65,31,34,117,92,25,35.714285714285715,17.032967032967033,18.681318681318682,64.28571428571429,50.54945054945055,13.736263736263737
E00107098,178,54,16,38,124,103,21,30.337078651685395,8.98876404494382,21.34831460674157,69.66292134831461,57.865168539325836,11.797752808988763
E00107099,174,61,27,34,113,98,15,35.05747126436782,15.517241379310345,19.54022988505747,64.9425287356322,56.32183908045977,8.620689655172415
E00107100,119,40,19,21,79,60,19,33.61344537815126,15.966386554621847,17.647058823529413,66.38655462184873,50.42016806722689,15.966386554621847
E00107101,149,58,20,38,91,73,18,38.92617449664429,13.422818791946309,25.503355704697988,61.07382550335571,48.99328859060403,12.080536912751679
E00107102,150,51,15,36,99,71,28,34,10,24,66,47.333333333333336,18.666666666666668
E00107103,65,16,4,12,49,42,7,24.615384615384617,6.153846153846154,18.461538461538463,75.38461538461539,64.61538461538461,10.76923076923077
E00107104,120,39,12,27,81,66,15,32.5,10,22.5,67.5,55.00000000000001,12.5
E00107105,158,62,22,40,96,74,22,39.24050632911392,13.924050632911392,25.31645569620253,60.75949367088608,46.835443037974684,13.924050632911392
E00107106,100,35,16,19,65,42,23,35,16,19,65,42,23
E00107107,159,53,17,36,106,71,35,33.33333333333333,10.69182389937107,22.641509433962266,66.66666666666666,44.65408805031446,22.0125786163522
E00107108,117,42,22,20,75,51,24,35.8974358974359,18.803418803418804,17.094017094017094,64.1025641025641,43.58974358974359,20.51282051282051
E00107109,170,57,26,31,113,83,30,33.52941176470588,15.294117647058824,18.235294117647058,66.47058823529412,48.8235294117647,17.647058823529413
E00107110,135,47,25,22,88,68,20,34.81481481481482,18.51851851851852,16.296296296296298,65.18518518518519,50.37037037037037,14.814814814814813
E00107111,105,50,12,38,55,46,9,47.61904761904761,11.428571428571429,36.19047619047619,52.38095238095239,43.80952380952381,8.571428571428571
E00107112,120,47,12,35,73,57,16,39.166666666666664,10,29.166666666666668,60.83333333333333,47.5,13.333333333333334
E00107113,171,57,20,37,114,93,21,33.33333333333333,11.695906432748536,21.637426900584796,66.66666666666666,54.385964912280706,12.280701754385964
E00107114,157,58,15,43,99,72,27,36.94267515923567,9.554140127388536,27.388535031847134,63.05732484076433,45.85987261146497,17.197452229299362
E00107115,148,52,17,35,96,80,16,35.13513513513514,11.486486486486488,23.64864864864865,64.86486486486487,54.054054054054056,10.81081081081081
E00107116,126,46,20,26,80,62,18,36.507936507936506,15.873015873015872,20.634920634920633,63.49206349206349,49.2063492063492,14.285714285714285
E00107117,108,47,16,31,61,49,12,43.51851851851852,14.814814814814813,28.703703703703702,56.481481481481474,45.370370370370374,11.11111111111111
E00107118,61,21,8,13,40,37,3,34.42622950819672,13.114754098360656,21.311475409836063,65.57377049180327,60.65573770491803,4.918032786885246
E00107119,145,44,16,28,101,88,13,30.344827586206897,11.03448275862069,19.310344827586206,69.6551724137931,60.689655172413794,8.96551724137931
E00107120,115,40,12,28,75,59,16,34.78260869565217,10.434782608695652,24.347826086956523,65.21739130434783,51.30434782608696,13.91304347826087
E00107121,81,28,4,24,53,46,7,34.5679012345679,4.938271604938271,29.629629629629626,65.4320987654321,56.79012345679012,8.641975308641975
E00107122,113,44,18,26,69,57,12,38.93805309734513,15.929203539823009,23.008849557522122,61.06194690265486,50.442477876106196,10.619469026548673
E00107123,149,50,17,33,99,76,23,33.557046979865774,11.409395973154362,22.14765100671141,66.44295302013423,51.006711409395976,15.436241610738255
E00107124,129,40,20,20,89,73,16,31.007751937984494,15.503875968992247,15.503875968992247,68.9922480620155,56.58914728682171,12.4031007751938
E00107125,50,16,10,6,34,30,4,32,20,12,68,60,8
E00107126,141,46,18,28,95,74,21,32.62411347517731,12.76595744680851,19.858156028368796,67.37588652482269,52.4822695035461,14.893617021276595
E00107127,6,2,1,1,4,4,0,33.33333333333333,16.666666666666664,16.666666666666664,66.66666666666666,66.66666666666666,0
E00107128,108,30,8,22,78,73,5,27.77777777777778,7.4074074074074066,20.37037037037037,72.22222222222221,67.5925925925926,4.62962962962963
E00107129,150,52,15,37,98,89,9,34.66666666666667,10,24.666666666666668,65.33333333333333,59.333333333333336,6
E00107130,119,45,18,27,74,61,13,37.81512605042017,15.126050420168067,22.689075630252102,62.18487394957983,51.26050420168067,10.92436974789916
E00107131,91,24,9,15,67,61,6,26.373626373626376,9.89010989010989,16.483516483516482,73.62637362637363,67.03296703296702,6.593406593406594
E00107132,126,43,11,32,83,77,6,34.12698412698413,8.73015873015873,25.396825396825395,65.87301587301587,61.111111111111114,4.761904761904762
E00107133,162,45,17,28,117,106,11,27.77777777777778,10.493827160493826,17.28395061728395,72.22222222222221,65.4320987654321,6.790123456790123
E00107134,102,34,9,25,68,56,12,33.33333333333333,8.823529411764707,24.509803921568626,66.66666666666666,54.90196078431373,11.76470588235294
E00107135,108,36,14,22,72,61,11,33.33333333333333,12.962962962962962,20.37037037037037,66.66666666666666,56.481481481481474,10.185185185185185
E00107136,120,42,17,25,78,67,11,35,14.166666666666666,20.833333333333336,65,55.833333333333336,9.166666666666666
E00107137,113,32,8,24,81,67,14,28.31858407079646,7.079646017699115,21.238938053097346,71.68141592920354,59.29203539823009,12.389380530973451
E00107138,81,37,10,27,44,39,5,45.67901234567901,12.345679012345679,33.33333333333333,54.32098765432099,48.148148148148145,6.172839506172839
E00107139,81,25,9,16,56,49,7,30.864197530864196,11.11111111111111,19.753086419753085,69.1358024691358,60.49382716049383,8.641975308641975
E00107140,65,26,11,15,39,31,8,40,16.923076923076923,23.076923076923077,60,47.69230769230769,12.307692307692308
E00107141,33,10,7,3,23,18,5,30.303030303030305,21.21212121212121,9.090909090909092,69.6969696969697,54.54545454545454,15.151515151515152
E00107142,104,39,17,22,65,55,10,37.5,16.346153846153847,21.153846153846153,62.5,52.88461538461539,9.615384615384617
E00107143,52,17,6,11,35,31,4,32.69230769230769,11.538461538461538,21.153846153846153,67.3076923076923,59.61538461538461,7.6923076923076925
E00107144,136,49,19,30,87,80,7,36.029411764705884,13.970588235294118,22.058823529411764,63.970588235294116,58.82352941176471,5.147058823529411
E00107145,108,49,24,25,59,47,12,45.370370370370374,22.22222222222222,23.14814814814815,54.629629629629626,43.51851851851852,11.11111111111111
E00107146,144,55,19,36,89,77,12,38.19444444444444,13.194444444444445,25,61.80555555555556,53.47222222222222,8.333333333333332
E00107147,70,26,14,12,44,40,4,37.142857142857146,20,17.142857142857142,62.857142857142854,57.14285714285714,5.714285714285714
E00107148,60,23,7,16,37,31,6,38.333333333333336,11.666666666666666,26.666666666666668,61.66666666666667,51.66666666666667,10
E00107149,81,34,17,17,47,38,9,41.9753086419753,20.98765432098765,20.98765432098765,58.0246913580247,46.913580246913575,11.11111111111111
E00107150,43,19,10,9,24,20,4,44.18604651162791,23.25581395348837,20.930232558139537,55.81395348837209,46.51162790697674,9.30232558139535
E00107151,74,29,11,18,45,29,16,39.189189189189186,14.864864864864865,24.324324324324326,60.810810810810814,39.189189189189186,21.62162162162162
E00107152,100,40,15,25,60,41,19,40,15,25,60,41,19
E00107153,86,34,12,22,52,37,15,39.53488372093023,13.953488372093023,25.581395348837212,60.46511627906976,43.02325581395349,17.441860465116278
E00107154,110,34,8,26,76,57,19,30.909090909090907,7.2727272727272725,23.636363636363637,69.0909090909091,51.81818181818182,17.272727272727273
E00107155,208,78,31,47,130,96,34,37.5,14.903846153846153,22.596153846153847,62.5,46.15384615384615,16.346153846153847
E00107156,123,44,14,30,79,62,17,35.77235772357724,11.38211382113821,24.390243902439025,64.22764227642277,50.40650406504065,13.821138211382115
E00107157,113,46,21,25,67,56,11,40.707964601769916,18.58407079646018,22.123893805309734,59.29203539823009,49.557522123893804,9.734513274336283
E00107158,95,36,22,14,59,48,11,37.89473684210527,23.157894736842106,14.736842105263156,62.10526315789474,50.526315789473685,11.578947368421053
E00107159,123,44,22,22,79,57,22,35.77235772357724,17.88617886178862,17.88617886178862,64.22764227642277,46.34146341463415,17.88617886178862
E00107160,145,54,20,34,91,72,19,37.24137931034483,13.793103448275861,23.448275862068964,62.758620689655174,49.6551724137931,13.10344827586207
E00107161,122,56,24,32,66,53,13,45.90163934426229,19.672131147540984,26.229508196721312,54.09836065573771,43.44262295081967,10.655737704918032
E00107162,84,32,19,13,52,38,14,38.095238095238095,22.61904761904762,15.476190476190476,61.904761904761905,45.23809523809524,16.666666666666664
E00107163,172,65,28,37,107,79,28,37.7906976744186,16.27906976744186,21.511627906976745,62.2093023255814,45.93023255813954,16.27906976744186
E00107164,147,63,38,25,84,66,18,42.857142857142854,25.850340136054424,17.006802721088434,57.14285714285714,44.89795918367347,12.244897959183673
E00107165,81,43,15,28,38,31,7,53.086419753086425,18.51851851851852,34.5679012345679,46.913580246913575,38.2716049382716,8.641975308641975
E00107166,123,52,18,34,71,61,10,42.27642276422765,14.634146341463413,27.64227642276423,57.72357723577236,49.59349593495935,8.130081300813007
E00107167,182,66,19,47,116,84,32,36.26373626373626,10.43956043956044,25.82417582417583,63.73626373626373,46.15384615384615,17.582417582417584
E00107168,196,75,35,40,121,90,31,38.265306122448976,17.857142857142858,20.408163265306122,61.73469387755102,45.91836734693878,15.816326530612246
E00107169,186,59,24,35,127,91,36,31.72043010752688,12.903225806451612,18.817204301075268,68.27956989247312,48.924731182795696,19.35483870967742
E00107170,114,46,16,30,68,52,16,40.35087719298245,14.035087719298245,26.31578947368421,59.64912280701754,45.614035087719294,14.035087719298245
E00107171,139,48,17,31,91,73,18,34.53237410071942,12.23021582733813,22.302158273381295,65.46762589928058,52.51798561151079,12.949640287769784
E00107172,178,68,33,35,110,84,26,38.20224719101123,18.53932584269663,19.662921348314608,61.79775280898876,47.19101123595505,14.606741573033707
E00107173,145,47,20,27,98,74,24,32.41379310344827,13.793103448275861,18.620689655172416,67.58620689655173,51.03448275862069,16.551724137931036
E00107174,177,57,24,33,120,90,30,32.20338983050847,13.559322033898304,18.64406779661017,67.79661016949152,50.847457627118644,16.94915254237288
E00107175,136,42,20,22,94,77,17,30.88235294117647,14.705882352941178,16.176470588235293,69.11764705882352,56.61764705882353,12.5
E00107176,135,42,24,18,93,64,29,31.11111111111111,17.77777777777778,13.333333333333334,68.88888888888889,47.40740740740741,21.48148148148148
E00107177,151,49,26,23,102,78,24,32.450331125827816,17.218543046357617,15.2317880794702,67.54966887417218,51.65562913907284,15.894039735099339
E00107178,147,47,27,20,100,77,23,31.97278911564626,18.367346938775512,13.60544217687075,68.02721088435374,52.38095238095239,15.646258503401361
E00107179,167,56,29,27,111,86,25,33.532934131736525,17.365269461077844,16.16766467065868,66.46706586826348,51.49700598802395,14.97005988023952
E00107180,83,23,11,12,60,53,7,27.710843373493976,13.253012048192772,14.457831325301203,72.28915662650603,63.85542168674698,8.433734939759036
E00107181,131,41,21,20,90,78,12,31.297709923664126,16.030534351145036,15.267175572519085,68.70229007633588,59.541984732824424,9.16030534351145
E00107182,80,20,10,10,60,50,10,25,12.5,12.5,75,62.5,12.5
E00107183,58,24,8,16,34,29,5,41.37931034482759,13.793103448275861,27.586206896551722,58.620689655172406,50,8.620689655172415
E00107184,132,45,26,19,87,65,22,34.090909090909086,19.696969696969695,14.393939393939394,65.9090909090909,49.24242424242424,16.666666666666664
E00107185,131,57,28,29,74,60,14,43.51145038167939,21.374045801526716,22.137404580152673,56.48854961832062,45.80152671755725,10.687022900763358
E00107186,100,47,22,25,53,37,16,47,22,25,53,37,16
E00107187,85,28,9,19,57,44,13,32.94117647058823,10.588235294117647,22.35294117647059,67.05882352941175,51.76470588235295,15.294117647058824
E00107188,126,55,22,33,71,56,15,43.65079365079365,17.46031746031746,26.190476190476193,56.34920634920635,44.44444444444444,11.904761904761903
E00107189,80,34,20,14,46,34,12,42.5,25,17.5,57.49999999999999,42.5,15
E00107190,90,27,11,16,63,42,21,30,12.222222222222221,17.77777777777778,70,46.666666666666664,23.333333333333332
E00107191,91,39,10,29,52,38,14,42.857142857142854,10.989010989010989,31.868131868131865,57.14285714285714,41.75824175824176,15.384615384615385
E00107192,143,56,20,36,87,65,22,39.16083916083916,13.986013986013987,25.174825174825177,60.83916083916085,45.45454545454545,15.384615384615385
E00107193,132,55,19,36,77,59,18,41.66666666666667,14.393939393939394,27.27272727272727,58.333333333333336,44.696969696969695,13.636363636363635
E00107194,97,37,20,17,60,47,13,38.144329896907216,20.618556701030926,17.525773195876287,61.855670103092784,48.45360824742268,13.402061855670103
E00107195,112,51,26,25,61,47,14,45.535714285714285,23.214285714285715,22.321428571428573,54.46428571428571,41.964285714285715,12.5
E00107196,69,27,12,15,42,33,9,39.130434782608695,17.391304347826086,21.73913043478261,60.86956521739131,47.82608695652174,13.043478260869565
E00107197,73,28,13,15,45,35,10,38.35616438356164,17.80821917808219,20.54794520547945,61.64383561643836,47.94520547945205,13.698630136986301
E00107198,63,25,8,17,38,28,10,39.682539682539684,12.698412698412698,26.984126984126984,60.317460317460316,44.44444444444444,15.873015873015872
E00107199,167,59,30,29,108,81,27,35.32934131736527,17.964071856287426,17.365269461077844,64.67065868263472,48.50299401197605,16.16766467065868
E00107200,193,70,23,47,123,97,26,36.26943005181347,11.917098445595855,24.352331606217618,63.730569948186535,50.259067357512954,13.471502590673575
E00107201,205,81,39,42,124,89,35,39.51219512195122,19.024390243902438,20.48780487804878,60.48780487804878,43.41463414634146,17.073170731707318
E00107202,163,53,14,39,110,80,30,32.515337423312886,8.588957055214724,23.92638036809816,67.48466257668711,49.079754601226995,18.404907975460123
E00107203,131,49,23,26,82,59,23,37.404580152671755,17.557251908396946,19.84732824427481,62.59541984732825,45.038167938931295,17.557251908396946
E00107204,99,37,12,25,62,51,11,37.37373737373738,12.121212121212121,25.252525252525253,62.62626262626263,51.515151515151516,11.11111111111111
E00107205,138,50,24,26,88,80,8,36.231884057971016,17.391304347826086,18.84057971014493,63.76811594202898,57.971014492753625,5.797101449275362
E00107206,133,36,12,24,97,79,18,27.06766917293233,9.022556390977442,18.045112781954884,72.93233082706767,59.3984962406015,13.533834586466165
E00107207,157,52,21,31,105,87,18,33.12101910828025,13.375796178343949,19.745222929936308,66.87898089171973,55.4140127388535,11.464968152866243
E00107208,103,36,20,16,67,56,11,34.95145631067961,19.41747572815534,15.53398058252427,65.0485436893204,54.36893203883495,10.679611650485436
E00107209,89,34,15,19,55,45,10,38.20224719101123,16.853932584269664,21.34831460674157,61.79775280898876,50.56179775280899,11.235955056179774
E00107210,101,37,9,28,64,53,11,36.633663366336634,8.91089108910891,27.722772277227726,63.366336633663366,52.475247524752476,10.891089108910892
E00107211,96,31,12,19,65,52,13,32.29166666666667,12.5,19.791666666666664,67.70833333333334,54.166666666666664,13.541666666666666
E00107212,39,13,4,9,26,19,7,33.33333333333333,10.256410256410255,23.076923076923077,66.66666666666666,48.717948717948715,17.94871794871795
E00107213,29,14,2,12,15,12,3,48.275862068965516,6.896551724137931,41.37931034482759,51.724137931034484,41.37931034482759,10.344827586206897
E00107214,96,34,7,27,62,53,9,35.41666666666667,7.291666666666667,28.125,64.58333333333334,55.208333333333336,9.375
E00107215,59,31,13,18,28,22,6,52.54237288135594,22.033898305084744,30.508474576271187,47.45762711864407,37.28813559322034,10.16949152542373
E00107216,93,35,10,25,58,47,11,37.634408602150536,10.75268817204301,26.881720430107524,62.365591397849464,50.53763440860215,11.827956989247312
E00107217,64,24,12,12,40,25,15,37.5,18.75,18.75,62.5,39.0625,23.4375
E00107218,162,55,18,37,107,96,11,33.95061728395062,11.11111111111111,22.839506172839506,66.0493827160494,59.25925925925925,6.790123456790123
E00107219,68,18,4,14,50,42,8,26.47058823529412,5.88235294117647,20.588235294117645,73.52941176470588,61.76470588235294,11.76470588235294
E00107220,53,26,11,15,27,27,0,49.056603773584904,20.754716981132077,28.30188679245283,50.943396226415096,50.943396226415096,0
E00107221,127,56,20,36,71,54,17,44.09448818897638,15.748031496062993,28.346456692913385,55.90551181102362,42.51968503937008,13.385826771653544
E00107222,92,29,8,21,63,56,7,31.521739130434785,8.695652173913043,22.82608695652174,68.47826086956522,60.86956521739131,7.608695652173914
E00107223,79,24,12,12,55,46,9,30.37974683544304,15.18987341772152,15.18987341772152,69.62025316455697,58.22784810126582,11.39240506329114
E00107224,187,58,18,40,129,108,21,31.016042780748666,9.62566844919786,21.390374331550802,68.98395721925134,57.75401069518716,11.229946524064172
E00107225,111,48,19,29,63,48,15,43.24324324324324,17.117117117117118,26.126126126126124,56.75675675675676,43.24324324324324,13.513513513513514
E00107226,113,45,12,33,68,49,19,39.823008849557525,10.619469026548673,29.20353982300885,60.17699115044248,43.36283185840708,16.8141592920354
E00107227,70,24,13,11,46,39,7,34.285714285714285,18.571428571428573,15.714285714285714,65.71428571428571,55.714285714285715,10
E00107228,114,46,20,26,68,55,13,40.35087719298245,17.543859649122805,22.807017543859647,59.64912280701754,48.24561403508772,11.403508771929824
E00107229,66,24,6,18,42,35,7,36.36363636363637,9.090909090909092,27.27272727272727,63.63636363636363,53.03030303030303,10.606060606060606
E00107230,51,16,8,8,35,24,11,31.372549019607842,15.686274509803921,15.686274509803921,68.62745098039215,47.05882352941176,21.568627450980394
E00107231,87,39,8,31,48,38,10,44.827586206896555,9.195402298850574,35.63218390804598,55.172413793103445,43.67816091954023,11.494252873563218
E00107232,125,51,22,29,74,57,17,40.8,17.599999999999998,23.200000000000003,59.199999999999996,45.6,13.600000000000001
E00107233,138,54,20,34,84,63,21,39.130434782608695,14.492753623188406,24.637681159420293,60.86956521739131,45.65217391304348,15.217391304347828
E00107234,164,59,22,37,105,94,11,35.97560975609756,13.414634146341465,22.5609756097561,64.02439024390245,57.3170731707317,6.707317073170732
E00107235,128,43,12,31,85,67,18,33.59375,9.375,24.21875,66.40625,52.34375,14.0625
E00107239,166,56,17,39,110,88,22,33.734939759036145,10.240963855421686,23.49397590361446,66.26506024096386,53.01204819277109,13.253012048192772
E00107240,148,61,18,43,87,76,11,41.21621621621622,12.162162162162163,29.054054054054053,58.78378378378378,51.35135135135135,7.4324324324324325
E00107241,114,41,17,24,73,69,4,35.96491228070175,14.912280701754385,21.052631578947366,64.03508771929825,60.526315789473685,3.508771929824561
E00107242,174,55,20,35,119,100,19,31.60919540229885,11.494252873563218,20.114942528735632,68.39080459770115,57.47126436781609,10.919540229885058
E00107243,131,44,14,30,87,76,11,33.587786259541986,10.687022900763358,22.900763358778626,66.41221374045801,58.01526717557252,8.396946564885496
E00107244,96,28,9,19,68,62,6,29.166666666666668,9.375,19.791666666666664,70.83333333333334,64.58333333333334,6.25
E00107245,115,39,14,25,76,64,12,33.91304347826087,12.173913043478262,21.73913043478261,66.08695652173913,55.65217391304348,10.434782608695652
E00107246,110,37,8,29,73,59,14,33.63636363636363,7.2727272727272725,26.36363636363636,66.36363636363637,53.63636363636364,12.727272727272727
E00107247,87,27,10,17,60,54,6,31.03448275862069,11.494252873563218,19.54022988505747,68.96551724137932,62.06896551724138,6.896551724137931
E00107248,60,14,7,7,46,37,9,23.333333333333332,11.666666666666666,11.666666666666666,76.66666666666667,61.66666666666667,15
E00107249,125,34,10,24,91,82,9,27.200000000000003,8,19.2,72.8,65.60000000000001,7.199999999999999
E00107250,128,41,12,29,87,75,12,32.03125,9.375,22.65625,67.96875,58.59375,9.375
E00107251,84,28,8,20,56,46,10,33.33333333333333,9.523809523809524,23.809523809523807,66.66666666666666,54.761904761904766,11.904761904761903
E00107252,287,69,18,51,218,190,28,24.041811846689896,6.2717770034843205,17.770034843205575,75.9581881533101,66.2020905923345,9.75609756097561
E00107253,142,54,28,26,88,70,18,38.028169014084504,19.718309859154928,18.30985915492958,61.97183098591549,49.29577464788733,12.676056338028168
E00107254,161,66,24,42,95,67,28,40.993788819875775,14.906832298136646,26.08695652173913,59.006211180124225,41.61490683229814,17.391304347826086
E00107255,167,66,35,31,101,76,25,39.52095808383233,20.958083832335326,18.562874251497004,60.47904191616767,45.50898203592814,14.97005988023952
E00107256,133,41,20,21,92,70,22,30.82706766917293,15.037593984962406,15.789473684210526,69.17293233082707,52.63157894736842,16.541353383458645
E00107257,118,43,12,31,75,58,17,36.440677966101696,10.16949152542373,26.27118644067797,63.559322033898304,49.152542372881356,14.40677966101695
E00107258,96,37,10,27,59,45,14,38.54166666666667,10.416666666666668,28.125,61.458333333333336,46.875,14.583333333333334
E00107259,88,34,16,18,54,47,7,38.63636363636363,18.181818181818183,20.454545454545457,61.36363636363637,53.40909090909091,7.954545454545454
E00107260,114,37,16,21,77,65,12,32.45614035087719,14.035087719298245,18.421052631578945,67.54385964912281,57.01754385964912,10.526315789473683
E00107261,111,39,17,22,72,54,18,35.13513513513514,15.315315315315313,19.81981981981982,64.86486486486487,48.64864864864865,16.216216216216218
E00107262,191,71,25,46,120,101,19,37.17277486910995,13.089005235602095,24.083769633507853,62.82722513089005,52.879581151832454,9.947643979057592
E00107263,195,87,39,48,108,91,17,44.61538461538462,20,24.615384615384617,55.38461538461539,46.666666666666664,8.717948717948717
E00107264,86,33,11,22,53,47,6,38.372093023255815,12.790697674418606,25.581395348837212,61.627906976744185,54.65116279069767,6.976744186046512
E00107265,92,38,12,26,54,47,7,41.30434782608695,13.043478260869565,28.26086956521739,58.69565217391305,51.08695652173913,7.608695652173914
E00107266,58,19,7,12,39,27,12,32.758620689655174,12.068965517241379,20.689655172413794,67.24137931034483,46.55172413793103,20.689655172413794
E00107267,101,34,13,21,67,49,18,33.663366336633665,12.871287128712872,20.792079207920793,66.33663366336634,48.51485148514851,17.82178217821782
E00107268,133,44,19,25,89,73,16,33.08270676691729,14.285714285714285,18.796992481203006,66.9172932330827,54.88721804511278,12.030075187969924
E00107269,143,64,24,40,79,67,12,44.75524475524475,16.783216783216783,27.972027972027973,55.24475524475524,46.85314685314685,8.391608391608392
E00107270,113,38,10,28,75,60,15,33.6283185840708,8.849557522123893,24.778761061946902,66.3716814159292,53.09734513274337,13.274336283185843
E00107271,130,49,17,32,81,58,23,37.69230769230769,13.076923076923078,24.615384615384617,62.30769230769231,44.61538461538462,17.692307692307693
E00107272,89,31,4,27,58,44,14,34.831460674157306,4.49438202247191,30.337078651685395,65.1685393258427,49.43820224719101,15.730337078651685
E00107273,121,37,19,18,84,63,21,30.57851239669421,15.702479338842975,14.87603305785124,69.42148760330579,52.066115702479344,17.355371900826448
E00107275,94,38,12,26,56,49,7,40.42553191489361,12.76595744680851,27.659574468085108,59.57446808510638,52.12765957446809,7.446808510638298
E00107276,79,36,10,26,43,36,7,45.56962025316456,12.658227848101266,32.91139240506329,54.43037974683544,45.56962025316456,8.860759493670885
E00107277,124,57,31,26,67,52,15,45.96774193548387,25,20.967741935483872,54.03225806451613,41.935483870967744,12.096774193548388
E00107278,83,29,14,15,54,43,11,34.93975903614458,16.867469879518072,18.072289156626507,65.06024096385542,51.80722891566265,13.253012048192772
E00107279,119,43,20,23,76,48,28,36.134453781512605,16.80672268907563,19.327731092436977,63.86554621848739,40.33613445378151,23.52941176470588
E00107280,78,23,10,13,55,48,7,29.48717948717949,12.82051282051282,16.666666666666664,70.51282051282051,61.53846153846154,8.974358974358974
E00107281,128,42,11,31,86,72,14,32.8125,8.59375,24.21875,67.1875,56.25,10.9375
E00107282,83,26,12,14,57,43,14,31.32530120481928,14.457831325301203,16.867469879518072,68.67469879518072,51.80722891566265,16.867469879518072
E00107283,106,39,18,21,67,55,12,36.79245283018868,16.9811320754717,19.81132075471698,63.20754716981132,51.886792452830186,11.320754716981133
E00107284,98,36,18,18,62,46,16,36.734693877551024,18.367346938775512,18.367346938775512,63.26530612244898,46.93877551020408,16.3265306122449
E00107285,68,22,7,15,46,36,10,32.35294117647059,10.294117647058822,22.058823529411764,67.64705882352942,52.94117647058824,14.705882352941178
E00107286,117,32,6,26,85,76,9,27.350427350427353,5.128205128205128,22.22222222222222,72.64957264957265,64.95726495726495,7.6923076923076925
E00107287,135,38,13,25,97,87,10,28.14814814814815,9.62962962962963,18.51851851851852,71.85185185185186,64.44444444444444,7.4074074074074066
E00107288,25,11,1,10,14,11,3,44,4,40,56.00000000000001,44,12
E00107289,126,43,14,29,83,68,15,34.12698412698413,11.11111111111111,23.015873015873016,65.87301587301587,53.96825396825397,11.904761904761903
E00107290,102,34,14,20,68,59,9,33.33333333333333,13.725490196078432,19.607843137254903,66.66666666666666,57.84313725490197,8.823529411764707
E00107291,40,17,6,11,23,18,5,42.5,15,27.500000000000004,57.49999999999999,45,12.5
E00107292,78,25,12,13,53,41,12,32.05128205128205,15.384615384615385,16.666666666666664,67.94871794871796,52.56410256410257,15.384615384615385
E00107293,83,28,11,17,55,47,8,33.734939759036145,13.253012048192772,20.481927710843372,66.26506024096386,56.62650602409639,9.63855421686747
E00107294,62,26,9,17,36,32,4,41.935483870967744,14.516129032258066,27.419354838709676,58.06451612903226,51.61290322580645,6.451612903225806
E00107295,81,31,12,19,50,41,9,38.2716049382716,14.814814814814813,23.456790123456788,61.72839506172839,50.617283950617285,11.11111111111111
E00107296,76,28,8,20,48,40,8,36.84210526315789,10.526315789473683,26.31578947368421,63.1578947368421,52.63157894736842,10.526315789473683
E00107297,109,44,23,21,65,55,10,40.36697247706422,21.100917431192663,19.26605504587156,59.63302752293578,50.45871559633027,9.174311926605505
E00107298,39,16,8,8,23,22,1,41.02564102564102,20.51282051282051,20.51282051282051,58.97435897435898,56.41025641025641,2.564102564102564
E00107299,183,61,16,45,122,111,11,33.33333333333333,8.743169398907105,24.59016393442623,66.66666666666666,60.65573770491803,6.0109289617486334
E00107300,126,56,20,36,70,65,5,44.44444444444444,15.873015873015872,28.57142857142857,55.55555555555556,51.587301587301596,3.968253968253968
E00107301,135,45,15,30,90,81,9,33.33333333333333,11.11111111111111,22.22222222222222,66.66666666666666,60,6.666666666666667
E00107302,77,22,5,17,55,47,8,28.57142857142857,6.493506493506493,22.07792207792208,71.42857142857143,61.038961038961034,10.38961038961039
E00107303,77,28,14,14,49,44,5,36.36363636363637,18.181818181818183,18.181818181818183,63.63636363636363,57.14285714285714,6.493506493506493
E00107304,116,41,21,20,75,62,13,35.3448275862069,18.103448275862068,17.24137931034483,64.65517241379311,53.44827586206896,11.206896551724139
E00107305,61,22,11,11,39,32,7,36.0655737704918,18.0327868852459,18.0327868852459,63.934426229508205,52.459016393442624,11.475409836065573
E00107306,101,45,23,22,56,44,12,44.554455445544555,22.772277227722775,21.782178217821784,55.44554455445545,43.56435643564357,11.881188118811881
E00107307,77,33,20,13,44,39,5,42.857142857142854,25.97402597402597,16.883116883116884,57.14285714285714,50.649350649350644,6.493506493506493
E00107308,66,23,7,16,43,30,13,34.84848484848485,10.606060606060606,24.242424242424242,65.15151515151516,45.45454545454545,19.696969696969695
E00107309,98,36,9,27,62,53,9,36.734693877551024,9.183673469387756,27.55102040816326,63.26530612244898,54.08163265306123,9.183673469387756
E00107311,105,38,11,27,67,59,8,36.19047619047619,10.476190476190476,25.71428571428571,63.8095238095238,56.19047619047619,7.6190476190476195
E00107312,116,38,11,27,78,61,17,32.758620689655174,9.482758620689655,23.275862068965516,67.24137931034483,52.58620689655172,14.655172413793101
E00107313,86,36,16,20,50,40,10,41.86046511627907,18.6046511627907,23.25581395348837,58.139534883720934,46.51162790697674,11.627906976744185
E00107314,89,28,10,18,61,52,9,31.46067415730337,11.235955056179774,20.224719101123593,68.53932584269663,58.42696629213483,10.112359550561797
E00107315,94,36,15,21,58,49,9,38.297872340425535,15.957446808510639,22.340425531914892,61.702127659574465,52.12765957446809,9.574468085106384
E00107316,82,26,12,14,56,48,8,31.70731707317073,14.634146341463413,17.073170731707318,68.29268292682927,58.536585365853654,9.75609756097561
E00107317,81,38,12,26,43,32,11,46.913580246913575,14.814814814814813,32.098765432098766,53.086419753086425,39.50617283950617,13.580246913580247
E00107318,98,34,15,19,64,48,16,34.69387755102041,15.306122448979592,19.387755102040817,65.3061224489796,48.97959183673469,16.3265306122449
E00107319,62,25,12,13,37,30,7,40.32258064516129,19.35483870967742,20.967741935483872,59.67741935483871,48.38709677419355,11.29032258064516
E00107320,109,53,22,31,56,49,7,48.62385321100918,20.18348623853211,28.440366972477065,51.37614678899083,44.95412844036697,6.422018348623854
E00107321,131,43,17,26,88,82,6,32.82442748091603,12.977099236641221,19.84732824427481,67.17557251908397,62.59541984732825,4.580152671755725
E00107322,168,70,24,46,98,86,12,41.66666666666667,14.285714285714285,27.380952380952383,58.333333333333336,51.19047619047619,7.142857142857142
E00107323,182,62,15,47,120,105,15,34.065934065934066,8.241758241758241,25.82417582417583,65.93406593406593,57.692307692307686,8.241758241758241
E00107324,123,49,15,34,74,67,7,39.83739837398374,12.195121951219512,27.64227642276423,60.16260162601627,54.47154471544715,5.691056910569105
E00107325,79,23,6,17,56,46,10,29.11392405063291,7.59493670886076,21.518987341772153,70.88607594936708,58.22784810126582,12.658227848101266
E00107326,87,23,9,14,64,64,0,26.436781609195403,10.344827586206897,16.091954022988507,73.5632183908046,73.5632183908046,0
E00107327,88,31,7,24,57,50,7,35.22727272727273,7.954545454545454,27.27272727272727,64.77272727272727,56.81818181818182,7.954545454545454
E00107328,165,51,20,31,114,97,17,30.909090909090907,12.121212121212121,18.787878787878785,69.0909090909091,58.78787878787879,10.303030303030303
E00107329,129,35,13,22,94,77,17,27.131782945736433,10.077519379844961,17.05426356589147,72.86821705426357,59.68992248062015,13.178294573643413
E00107330,169,58,18,40,111,101,10,34.319526627218934,10.650887573964498,23.668639053254438,65.68047337278107,59.76331360946746,5.9171597633136095
E00107331,124,43,16,27,81,68,13,34.67741935483871,12.903225806451612,21.774193548387096,65.32258064516128,54.83870967741935,10.483870967741936
E00107332,220,76,28,48,144,121,23,34.54545454545455,12.727272727272727,21.818181818181817,65.45454545454545,55.00000000000001,10.454545454545453
E00107333,94,44,12,32,50,43,7,46.808510638297875,12.76595744680851,34.04255319148936,53.191489361702125,45.744680851063826,7.446808510638298
E00107334,114,37,14,23,77,64,13,32.45614035087719,12.280701754385964,20.175438596491226,67.54385964912281,56.14035087719298,11.403508771929824
E00107335,134,50,15,35,84,74,10,37.3134328358209,11.194029850746269,26.119402985074625,62.68656716417911,55.223880597014926,7.462686567164178
E00107336,181,61,17,44,120,103,17,33.70165745856354,9.392265193370166,24.30939226519337,66.29834254143645,56.9060773480663,9.392265193370166
E00107337,113,50,19,31,63,50,13,44.24778761061947,16.8141592920354,27.43362831858407,55.75221238938053,44.24778761061947,11.504424778761061
E00107338,148,55,18,37,93,85,8,37.16216216216216,12.162162162162163,25,62.83783783783784,57.432432432432435,5.405405405405405
E00107339,90,35,14,21,55,47,8,38.88888888888889,15.555555555555555,23.333333333333332,61.111111111111114,52.22222222222223,8.88888888888889
E00107340,141,49,13,36,92,77,15,34.751773049645394,9.219858156028367,25.53191489361702,65.24822695035462,54.60992907801418,10.638297872340425
E00107341,139,41,9,32,98,83,15,29.496402877697843,6.474820143884892,23.021582733812952,70.50359712230215,59.71223021582733,10.79136690647482
E00107342,143,55,13,42,88,74,14,38.46153846153847,9.090909090909092,29.37062937062937,61.53846153846154,51.74825174825175,9.79020979020979
E00107343,132,47,24,23,85,69,16,35.60606060606061,18.181818181818183,17.424242424242426,64.39393939393939,52.27272727272727,12.121212121212121
E00107344,151,44,15,29,107,94,13,29.13907284768212,9.933774834437086,19.205298013245034,70.86092715231787,62.251655629139066,8.609271523178808
E00107346,84,28,10,18,56,47,9,33.33333333333333,11.904761904761903,21.428571428571427,66.66666666666666,55.952380952380956,10.714285714285714
E00107347,102,39,14,25,63,58,5,38.23529411764706,13.725490196078432,24.509803921568626,61.76470588235294,56.86274509803921,4.901960784313726
E00107348,66,26,9,17,40,34,6,39.39393939393939,13.636363636363635,25.757575757575758,60.60606060606061,51.515151515151516,9.090909090909092
E00107349,111,40,16,24,71,65,6,36.03603603603604,14.414414414414415,21.62162162162162,63.96396396396396,58.55855855855856,5.405405405405405
E00107350,135,48,16,32,87,73,14,35.55555555555556,11.851851851851853,23.703703703703706,64.44444444444444,54.074074074074076,10.37037037037037
E00107351,196,75,25,50,121,92,29,38.265306122448976,12.755102040816327,25.510204081632654,61.73469387755102,46.93877551020408,14.795918367346939
E00107352,131,42,15,27,89,76,13,32.06106870229007,11.450381679389313,20.610687022900763,67.93893129770993,58.01526717557252,9.923664122137405
E00107353,144,59,24,35,85,67,18,40.97222222222222,16.666666666666664,24.305555555555554,59.02777777777778,46.52777777777778,12.5
E00107354,202,76,41,35,126,100,26,37.62376237623762,20.2970297029703,17.326732673267326,62.37623762376238,49.504950495049506,12.871287128712872
E00107355,150,42,16,26,108,75,33,28.000000000000004,10.666666666666668,17.333333333333336,72,50,22
E00107356,104,43,17,26,61,44,17,41.34615384615385,16.346153846153847,25,58.65384615384615,42.30769230769231,16.346153846153847
E00107357,118,42,14,28,76,57,19,35.59322033898305,11.864406779661017,23.728813559322035,64.40677966101694,48.30508474576271,16.101694915254235
E00107358,133,43,17,26,90,67,23,32.33082706766917,12.781954887218044,19.548872180451127,67.66917293233082,50.37593984962406,17.293233082706767
E00107359,156,53,22,31,103,72,31,33.97435897435898,14.102564102564102,19.871794871794872,66.02564102564102,46.15384615384615,19.871794871794872
E00107360,181,66,33,33,115,79,36,36.46408839779006,18.23204419889503,18.23204419889503,63.53591160220995,43.646408839779006,19.88950276243094
E00107361,114,44,17,27,70,59,11,38.59649122807017,14.912280701754385,23.684210526315788,61.40350877192983,51.75438596491229,9.649122807017543
E00107362,137,51,21,30,86,75,11,37.22627737226277,15.328467153284672,21.897810218978105,62.77372262773723,54.74452554744526,8.02919708029197
E00107363,135,45,16,29,90,69,21,33.33333333333333,11.851851851851853,21.48148148148148,66.66666666666666,51.11111111111111,15.555555555555555
E00107364,140,55,18,37,85,73,12,39.285714285714285,12.857142857142856,26.42857142857143,60.71428571428571,52.142857142857146,8.571428571428571
E00107365,225,73,21,52,152,120,32,32.44444444444444,9.333333333333334,23.11111111111111,67.55555555555556,53.333333333333336,14.222222222222221
E00107366,144,43,14,29,101,87,14,29.86111111111111,9.722222222222223,20.13888888888889,70.13888888888889,60.416666666666664,9.722222222222223
E00107367,119,46,10,36,73,65,8,38.655462184873954,8.403361344537815,30.252100840336134,61.34453781512605,54.621848739495796,6.722689075630252
E00107368,140,51,15,36,89,74,15,36.42857142857142,10.714285714285714,25.71428571428571,63.57142857142857,52.85714285714286,10.714285714285714
E00107369,141,52,19,33,89,71,18,36.87943262411347,13.47517730496454,23.404255319148938,63.12056737588653,50.35460992907801,12.76595744680851
E00107370,139,59,26,33,80,62,18,42.44604316546763,18.705035971223023,23.741007194244602,57.55395683453237,44.60431654676259,12.949640287769784
E00107371,92,33,14,19,59,49,10,35.869565217391305,15.217391304347828,20.652173913043477,64.13043478260869,53.2608695652174,10.869565217391305
E00107372,138,56,20,36,82,68,14,40.57971014492754,14.492753623188406,26.08695652173913,59.42028985507246,49.275362318840585,10.144927536231885
E00107373,225,63,19,44,162,132,30,28.000000000000004,8.444444444444445,19.555555555555557,72,58.666666666666664,13.333333333333334
E00107374,128,47,12,35,81,70,11,36.71875,9.375,27.34375,63.28125,54.6875,8.59375
E00107375,115,45,17,28,70,59,11,39.130434782608695,14.782608695652174,24.347826086956523,60.86956521739131,51.30434782608696,9.565217391304348
E00107376,87,43,11,32,44,41,3,49.42528735632184,12.643678160919542,36.7816091954023,50.57471264367817,47.12643678160919,3.4482758620689653
E00107377,80,28,12,16,52,40,12,35,15,20,65,50,15
E00107378,148,53,15,38,95,77,18,35.810810810810814,10.135135135135135,25.675675675675674,64.1891891891892,52.02702702702703,12.162162162162163
E00107379,111,41,20,21,70,60,10,36.93693693693694,18.01801801801802,18.91891891891892,63.06306306306306,54.054054054054056,9.00900900900901
E00107380,95,38,14,24,57,47,10,40,14.736842105263156,25.263157894736842,60,49.473684210526315,10.526315789473683
E00107381,116,39,8,31,77,68,9,33.62068965517241,6.896551724137931,26.72413793103448,66.37931034482759,58.620689655172406,7.758620689655173
E00107382,139,50,7,43,89,78,11,35.97122302158273,5.0359712230215825,30.935251798561154,64.02877697841727,56.11510791366906,7.913669064748201
E00107383,215,69,25,44,146,124,22,32.093023255813954,11.627906976744185,20.46511627906977,67.90697674418604,57.674418604651166,10.232558139534884
E00107384,195,77,36,41,118,75,43,39.48717948717949,18.461538461538463,21.025641025641026,60.51282051282051,38.46153846153847,22.05128205128205
E00107385,135,43,17,26,92,67,25,31.851851851851855,12.592592592592592,19.25925925925926,68.14814814814815,49.629629629629626,18.51851851851852
E00107386,139,48,22,26,91,70,21,34.53237410071942,15.827338129496402,18.705035971223023,65.46762589928058,50.35971223021583,15.107913669064748
E00107387,140,44,18,26,96,77,19,31.428571428571427,12.857142857142856,18.571428571428573,68.57142857142857,55.00000000000001,13.571428571428571
E00107388,111,31,13,18,80,70,10,27.927927927927925,11.711711711711711,16.216216216216218,72.07207207207207,63.06306306306306,9.00900900900901
E00107389,191,73,28,45,118,102,16,38.21989528795812,14.659685863874344,23.56020942408377,61.78010471204188,53.403141361256544,8.37696335078534
E00107390,166,61,29,32,105,75,30,36.74698795180723,17.46987951807229,19.27710843373494,63.25301204819277,45.18072289156627,18.072289156626507
E00107391,101,37,15,22,64,51,13,36.633663366336634,14.85148514851485,21.782178217821784,63.366336633663366,50.495049504950494,12.871287128712872
E00107392,151,50,29,21,101,72,29,33.11258278145696,19.205298013245034,13.90728476821192,66.88741721854305,47.682119205298015,19.205298013245034
E00107393,177,71,27,44,106,84,22,40.11299435028249,15.254237288135593,24.858757062146893,59.887005649717516,47.45762711864407,12.429378531073446
E00107394,175,69,27,42,106,65,41,39.42857142857143,15.428571428571427,24,60.57142857142858,37.142857142857146,23.42857142857143
E00107395,225,83,39,44,142,101,41,36.888888888888886,17.333333333333336,19.555555555555557,63.11111111111111,44.888888888888886,18.22222222222222
E00171579,100,36,20,16,64,48,16,36,20,16,64,48,16
E00171580,137,52,25,27,85,71,14,37.95620437956204,18.248175182481752,19.708029197080293,62.04379562043796,51.82481751824818,10.218978102189782
E00171581,152,46,9,37,106,92,14,30.263157894736842,5.921052631578947,24.342105263157894,69.73684210526315,60.526315789473685,9.210526315789473
E00171582,76,27,11,16,49,46,3,35.526315789473685,14.473684210526317,21.052631578947366,64.47368421052632,60.526315789473685,3.9473684210526314
E00171583,110,39,17,22,71,57,14,35.45454545454545,15.454545454545453,20,64.54545454545455,51.81818181818182,12.727272727272727
E00181197,135,52,24,28,83,59,24,38.51851851851852,17.77777777777778,20.74074074074074,61.48148148148148,43.7037037037037,17.77777777777778
E00181215,64,13,8,5,51,42,9,20.3125,12.5,7.8125,79.6875,65.625,14.0625
E00181236,262,75,23,52,187,156,31,28.62595419847328,8.778625954198473,19.84732824427481,71.37404580152672,59.541984732824424,11.83206106870229
E00181256,139,49,16,33,90,72,18,35.25179856115108,11.510791366906476,23.741007194244602,64.74820143884892,51.798561151079134,12.949640287769784
E00181258,148,63,27,36,85,68,17,42.567567567567565,18.243243243243242,24.324324324324326,57.432432432432435,45.94594594594595,11.486486486486488
E00181262,34,13,3,10,21,18,3,38.23529411764706,8.823529411764707,29.411764705882355,61.76470588235294,52.94117647058824,8.823529411764707
