OA,ts0590001,ts0590002,ts0590003,ts0590004,ts0590005,ts0590006,ts0590007,ts0590002_PCT,ts0590003_PCT,ts0590004_PCT,ts0590005_PCT,ts0590006_PCT,ts0590007_PCT
E00144833,133,31,11,20,102,81,21,23.308270676691727,8.270676691729323,15.037593984962406,76.69172932330827,60.902255639097746,15.789473684210526
E00144834,118,31,17,14,87,70,17,26.27118644067797,14.40677966101695,11.864406779661017,73.72881355932203,59.32203389830508,14.40677966101695
E00144835,276,85,34,51,191,143,48,30.79710144927536,12.318840579710146,18.478260869565215,69.20289855072464,51.81159420289855,17.391304347826086
E00144836,187,69,26,43,118,82,36,36.898395721925134,13.903743315508022,22.994652406417114,63.101604278074866,43.85026737967914,19.25133689839572
E00144837,261,87,26,61,174,141,33,33.33333333333333,9.961685823754788,23.371647509578544,66.66666666666666,54.02298850574713,12.643678160919542
E00144838,276,89,30,59,187,142,45,32.2463768115942,10.869565217391305,21.3768115942029,67.7536231884058,51.449275362318836,16.304347826086957
E00144839,148,49,16,33,99,75,24,33.108108108108105,10.81081081081081,22.2972972972973,66.8918918918919,50.67567567567568,16.216216216216218
E00144840,177,48,14,34,129,110,19,27.11864406779661,7.909604519774012,19.2090395480226,72.88135593220339,62.14689265536724,10.734463276836157
E00144841,89,24,10,14,65,46,19,26.96629213483146,11.235955056179774,15.730337078651685,73.03370786516854,51.68539325842697,21.34831460674157
E00144843,251,48,14,34,203,169,34,19.12350597609562,5.577689243027888,13.545816733067728,80.87649402390437,67.33067729083665,13.545816733067728
E00144844,277,74,21,53,203,180,23,26.714801444043324,7.581227436823104,19.133574007220215,73.28519855595668,64.98194945848375,8.303249097472925
E00144845,193,44,12,32,149,133,16,22.797927461139896,6.217616580310881,16.580310880829018,77.2020725388601,68.9119170984456,8.290155440414509
E00144848,223,64,22,42,159,127,32,28.699551569506728,9.865470852017937,18.83408071748879,71.30044843049326,56.95067264573991,14.349775784753364
E00144849,153,44,17,27,109,78,31,28.75816993464052,11.11111111111111,17.647058823529413,71.24183006535948,50.98039215686274,20.26143790849673
E00144850,213,66,23,43,147,112,35,30.985915492957744,10.7981220657277,20.187793427230048,69.01408450704226,52.58215962441315,16.431924882629108
E00144851,168,34,12,22,134,115,19,20.238095238095237,7.142857142857142,13.095238095238097,79.76190476190477,68.45238095238095,11.30952380952381
E00144852,162,30,11,19,132,116,16,18.51851851851852,6.790123456790123,11.728395061728394,81.48148148148148,71.60493827160494,9.876543209876543
E00144853,207,39,12,27,168,151,17,18.84057971014493,5.797101449275362,13.043478260869565,81.15942028985508,72.94685990338165,8.212560386473431
E00144854,160,43,16,27,117,101,16,26.875,10,16.875,73.125,63.125,10
E00144855,161,43,14,29,118,105,13,26.70807453416149,8.695652173913043,18.012422360248447,73.29192546583852,65.21739130434783,8.074534161490684
E00144856,153,46,15,31,107,96,11,30.065359477124183,9.803921568627452,20.26143790849673,69.93464052287581,62.745098039215684,7.18954248366013
E00144857,102,22,6,16,80,69,11,21.568627450980394,5.88235294117647,15.686274509803921,78.43137254901961,67.64705882352942,10.784313725490197
E00144858,139,43,16,27,96,85,11,30.935251798561154,11.510791366906476,19.424460431654676,69.06474820143885,61.15107913669065,7.913669064748201
E00144859,175,37,13,24,138,128,10,21.142857142857142,7.428571428571429,13.714285714285715,78.85714285714286,73.14285714285714,5.714285714285714
E00144860,154,38,15,23,116,91,25,24.675324675324674,9.740259740259742,14.935064935064934,75.32467532467533,59.09090909090909,16.233766233766232
E00144861,142,41,21,20,101,92,9,28.87323943661972,14.788732394366196,14.084507042253522,71.12676056338029,64.7887323943662,6.338028169014084
E00144863,153,37,14,23,116,103,13,24.183006535947712,9.15032679738562,15.032679738562091,75.81699346405229,67.3202614379085,8.49673202614379
E00144864,116,35,12,23,81,71,10,30.17241379310345,10.344827586206897,19.82758620689655,69.82758620689656,61.206896551724135,8.620689655172415
E00144865,145,44,15,29,101,84,17,30.344827586206897,10.344827586206897,20,69.6551724137931,57.931034482758626,11.724137931034482
E00144866,183,55,21,34,128,110,18,30.05464480874317,11.475409836065573,18.579234972677597,69.94535519125684,60.10928961748634,9.836065573770492
E00144867,164,52,24,28,112,92,20,31.70731707317073,14.634146341463413,17.073170731707318,68.29268292682927,56.09756097560976,12.195121951219512
E00144868,213,35,8,27,178,150,28,16.431924882629108,3.755868544600939,12.676056338028168,83.56807511737088,70.4225352112676,13.145539906103288
E00144869,118,46,18,28,72,58,14,38.983050847457626,15.254237288135593,23.728813559322035,61.016949152542374,49.152542372881356,11.864406779661017
E00144870,181,57,21,36,124,107,17,31.491712707182316,11.602209944751381,19.88950276243094,68.50828729281768,59.11602209944752,9.392265193370166
E00144871,150,54,17,37,96,85,11,36,11.333333333333332,24.666666666666668,64,56.666666666666664,7.333333333333333
E00144872,94,28,14,14,66,52,14,29.78723404255319,14.893617021276595,14.893617021276595,70.2127659574468,55.319148936170215,14.893617021276595
E00144873,99,30,8,22,69,58,11,30.303030303030305,8.080808080808081,22.22222222222222,69.6969696969697,58.58585858585859,11.11111111111111
E00144874,93,24,9,15,69,62,7,25.806451612903224,9.67741935483871,16.129032258064516,74.19354838709677,66.66666666666666,7.526881720430108
E00144876,136,42,15,27,94,75,19,30.88235294117647,11.029411764705882,19.852941176470587,69.11764705882352,55.14705882352941,13.970588235294118
E00144877,199,42,26,16,157,131,26,21.105527638190953,13.06532663316583,8.040201005025125,78.89447236180904,65.82914572864321,13.06532663316583
E00144878,239,53,20,33,186,150,36,22.17573221757322,8.368200836820083,13.807531380753138,77.82426778242679,62.76150627615063,15.062761506276152
E00144879,146,31,11,20,115,94,21,21.232876712328768,7.534246575342466,13.698630136986301,78.76712328767124,64.38356164383562,14.383561643835616
E00144880,179,42,14,28,137,126,11,23.463687150837988,7.82122905027933,15.64245810055866,76.53631284916202,70.39106145251397,6.145251396648044
E00144881,169,59,28,31,110,98,12,34.9112426035503,16.56804733727811,18.34319526627219,65.08875739644971,57.98816568047337,7.100591715976331
E00144882,134,33,15,18,101,88,13,24.62686567164179,11.194029850746269,13.432835820895523,75.3731343283582,65.67164179104478,9.701492537313433
E00144883,89,29,10,19,60,50,10,32.58426966292135,11.235955056179774,21.34831460674157,67.41573033707866,56.17977528089888,11.235955056179774
E00144884,157,50,18,32,107,97,10,31.84713375796178,11.464968152866243,20.382165605095544,68.15286624203821,61.78343949044586,6.369426751592357
E00144885,110,31,13,18,79,67,12,28.18181818181818,11.818181818181818,16.363636363636363,71.81818181818181,60.909090909090914,10.909090909090908
E00144886,144,45,15,30,99,84,15,31.25,10.416666666666668,20.833333333333336,68.75,58.333333333333336,10.416666666666668
E00144887,202,60,16,44,142,112,30,29.7029702970297,7.920792079207921,21.782178217821784,70.29702970297029,55.44554455445545,14.85148514851485
E00144888,120,34,13,21,86,74,12,28.333333333333332,10.833333333333334,17.5,71.66666666666667,61.66666666666667,10
E00144889,174,45,9,36,129,114,15,25.862068965517242,5.172413793103448,20.689655172413794,74.13793103448276,65.51724137931035,8.620689655172415
E00144891,168,53,14,39,115,99,16,31.547619047619047,8.333333333333332,23.214285714285715,68.45238095238095,58.92857142857143,9.523809523809524
E00144892,289,74,28,46,215,173,42,25.60553633217993,9.688581314878892,15.916955017301039,74.39446366782006,59.86159169550172,14.53287197231834
E00144894,163,39,16,23,124,107,17,23.92638036809816,9.815950920245399,14.11042944785276,76.07361963190185,65.6441717791411,10.429447852760736
E00144895,118,25,5,20,93,84,9,21.1864406779661,4.23728813559322,16.94915254237288,78.8135593220339,71.1864406779661,7.627118644067797
E00144896,174,31,8,23,143,132,11,17.81609195402299,4.597701149425287,13.218390804597702,82.18390804597702,75.86206896551724,6.321839080459771
E00144897,183,45,14,31,138,122,16,24.59016393442623,7.650273224043716,16.939890710382514,75.40983606557377,66.66666666666666,8.743169398907105
E00144899,181,36,17,19,145,125,20,19.88950276243094,9.392265193370166,10.497237569060774,80.11049723756905,69.06077348066299,11.049723756906078
E00144901,194,53,13,40,141,122,19,27.31958762886598,6.701030927835052,20.618556701030926,72.68041237113401,62.88659793814433,9.793814432989691
E00144902,184,28,9,19,156,131,25,15.217391304347828,4.891304347826087,10.326086956521738,84.78260869565217,71.19565217391305,13.586956521739129
E00144903,158,30,11,19,128,115,13,18.9873417721519,6.962025316455696,12.025316455696203,81.0126582278481,72.78481012658227,8.227848101265822
E00144904,164,43,16,27,121,112,9,26.21951219512195,9.75609756097561,16.463414634146343,73.78048780487805,68.29268292682927,5.487804878048781
E00144905,183,55,22,33,128,111,17,30.05464480874317,12.021857923497267,18.0327868852459,69.94535519125684,60.65573770491803,9.289617486338798
E00144906,212,49,15,34,163,151,12,23.11320754716981,7.0754716981132075,16.037735849056602,76.88679245283019,71.22641509433963,5.660377358490567
E00144907,172,50,12,38,122,111,11,29.069767441860467,6.976744186046512,22.093023255813954,70.93023255813954,64.53488372093024,6.395348837209303
E00144908,166,37,12,25,129,118,11,22.289156626506024,7.228915662650602,15.060240963855422,77.71084337349397,71.08433734939759,6.626506024096386
E00144909,237,62,29,33,175,160,15,26.160337552742618,12.236286919831224,13.924050632911392,73.83966244725738,67.51054852320675,6.329113924050633
E00144910,161,29,11,18,132,122,10,18.012422360248447,6.832298136645963,11.180124223602485,81.98757763975155,75.77639751552795,6.211180124223603
E00144911,153,34,12,22,119,104,15,22.22222222222222,7.8431372549019605,14.37908496732026,77.77777777777779,67.97385620915033,9.803921568627452
E00144912,195,33,16,17,162,142,20,16.923076923076923,8.205128205128204,8.717948717948717,83.07692307692308,72.82051282051282,10.256410256410255
E00144913,156,48,5,43,108,94,14,30.76923076923077,3.205128205128205,27.564102564102566,69.23076923076923,60.256410256410255,8.974358974358974
E00144914,145,38,21,17,107,94,13,26.20689655172414,14.482758620689657,11.724137931034482,73.79310344827587,64.82758620689654,8.96551724137931
E00144915,150,29,13,16,121,114,7,19.333333333333332,8.666666666666668,10.666666666666668,80.66666666666666,76,4.666666666666667
E00144916,165,20,8,12,145,128,17,12.121212121212121,4.848484848484849,7.2727272727272725,87.87878787878788,77.57575757575758,10.303030303030303
E00144917,169,31,10,21,138,124,14,18.34319526627219,5.9171597633136095,12.42603550295858,81.65680473372781,73.37278106508876,8.284023668639055
E00144918,168,33,10,23,135,115,20,19.642857142857142,5.952380952380952,13.690476190476192,80.35714285714286,68.45238095238095,11.904761904761903
E00144920,211,38,17,21,173,149,24,18.009478672985782,8.056872037914692,9.95260663507109,81.99052132701422,70.61611374407583,11.374407582938389
E00144921,186,29,12,17,157,139,18,15.591397849462366,6.451612903225806,9.13978494623656,84.40860215053763,74.73118279569893,9.67741935483871
E00144922,182,44,12,32,138,124,14,24.175824175824175,6.593406593406594,17.582417582417584,75.82417582417582,68.13186813186813,7.6923076923076925
E00144923,47,11,6,5,36,36,0,23.404255319148938,12.76595744680851,10.638297872340425,76.59574468085107,76.59574468085107,0
E00144924,182,50,17,33,132,117,15,27.472527472527474,9.340659340659341,18.13186813186813,72.52747252747253,64.28571428571429,8.241758241758241
E00144925,194,36,11,25,158,139,19,18.556701030927837,5.670103092783505,12.886597938144329,81.44329896907216,71.64948453608247,9.793814432989691
E00144927,69,15,1,14,54,49,5,21.73913043478261,1.4492753623188406,20.28985507246377,78.26086956521739,71.01449275362319,7.246376811594203
E00144928,160,39,13,26,121,111,10,24.375,8.125,16.25,75.625,69.375,6.25
E00144929,153,39,7,32,114,97,17,25.49019607843137,4.57516339869281,20.915032679738562,74.50980392156863,63.39869281045751,11.11111111111111
E00144930,180,40,17,23,140,125,15,22.22222222222222,9.444444444444445,12.777777777777777,77.77777777777779,69.44444444444444,8.333333333333332
E00144931,144,40,8,32,104,92,12,27.77777777777778,5.555555555555555,22.22222222222222,72.22222222222221,63.888888888888886,8.333333333333332
E00144932,145,53,16,37,92,77,15,36.55172413793103,11.03448275862069,25.517241379310345,63.44827586206897,53.103448275862064,10.344827586206897
E00144933,154,42,12,30,112,95,17,27.27272727272727,7.792207792207792,19.480519480519483,72.72727272727273,61.68831168831169,11.03896103896104
E00144934,163,51,12,39,112,102,10,31.28834355828221,7.361963190184049,23.92638036809816,68.71165644171779,62.57668711656442,6.134969325153374
E00144936,134,29,8,21,105,91,14,21.641791044776117,5.970149253731343,15.671641791044777,78.35820895522389,67.91044776119402,10.44776119402985
E00144937,131,30,8,22,101,88,13,22.900763358778626,6.106870229007633,16.793893129770993,77.09923664122137,67.17557251908397,9.923664122137405
E00144938,159,43,13,30,116,105,11,27.044025157232703,8.176100628930817,18.867924528301888,72.95597484276729,66.0377358490566,6.918238993710692
E00144940,134,41,13,28,93,84,9,30.597014925373134,9.701492537313433,20.8955223880597,69.40298507462687,62.68656716417911,6.7164179104477615
E00144941,196,44,12,32,152,130,22,22.448979591836736,6.122448979591836,16.3265306122449,77.55102040816327,66.3265306122449,11.224489795918368
E00144942,134,25,7,18,109,98,11,18.65671641791045,5.223880597014925,13.432835820895523,81.34328358208955,73.13432835820896,8.208955223880597
E00144943,117,30,9,21,87,79,8,25.64102564102564,7.6923076923076925,17.94871794871795,74.35897435897436,67.52136752136752,6.837606837606838
E00144944,160,42,13,29,118,101,17,26.25,8.125,18.125,73.75,63.125,10.625
E00144945,182,50,19,31,132,115,17,27.472527472527474,10.43956043956044,17.032967032967033,72.52747252747253,63.18681318681318,9.340659340659341
E00144946,136,23,2,21,113,103,10,16.911764705882355,1.4705882352941175,15.441176470588236,83.08823529411765,75.73529411764706,7.352941176470589
E00144947,152,42,16,26,110,98,12,27.631578947368425,10.526315789473683,17.105263157894736,72.36842105263158,64.47368421052632,7.894736842105263
E00144948,195,67,28,39,128,115,13,34.35897435897436,14.358974358974358,20,65.64102564102564,58.97435897435898,6.666666666666667
E00144949,137,43,13,30,94,82,12,31.386861313868614,9.48905109489051,21.897810218978105,68.61313868613139,59.854014598540154,8.75912408759124
E00144950,169,55,9,46,114,102,12,32.544378698224854,5.325443786982249,27.218934911242602,67.45562130177515,60.35502958579882,7.100591715976331
E00144951,183,52,20,32,131,121,10,28.415300546448087,10.92896174863388,17.48633879781421,71.58469945355192,66.12021857923497,5.46448087431694
E00144952,142,48,20,28,94,87,7,33.80281690140845,14.084507042253522,19.718309859154928,66.19718309859155,61.267605633802816,4.929577464788732
E00144953,180,50,24,26,130,115,15,27.77777777777778,13.333333333333334,14.444444444444443,72.22222222222221,63.888888888888886,8.333333333333332
E00144954,192,67,19,48,125,107,18,34.89583333333333,9.895833333333332,25,65.10416666666666,55.729166666666664,9.375
E00144955,173,42,14,28,131,122,9,24.277456647398843,8.092485549132949,16.184971098265898,75.72254335260115,70.52023121387283,5.202312138728324
E00144956,120,35,11,24,85,76,9,29.166666666666668,9.166666666666666,20,70.83333333333334,63.33333333333333,7.5
E00144957,163,44,13,31,119,102,17,26.993865030674847,7.975460122699387,19.018404907975462,73.00613496932516,62.57668711656442,10.429447852760736
E00144958,185,44,14,30,141,126,15,23.783783783783786,7.567567567567568,16.216216216216218,76.21621621621621,68.10810810810811,8.108108108108109
E00144959,185,40,16,24,145,136,9,21.62162162162162,8.64864864864865,12.972972972972974,78.37837837837837,73.51351351351352,4.864864864864865
E00144960,192,58,20,38,134,120,14,30.208333333333332,10.416666666666668,19.791666666666664,69.79166666666666,62.5,7.291666666666667
E00144961,212,68,25,43,144,130,14,32.075471698113205,11.79245283018868,20.28301886792453,67.9245283018868,61.32075471698113,6.60377358490566
E00144962,124,35,14,21,89,74,15,28.225806451612907,11.29032258064516,16.93548387096774,71.7741935483871,59.67741935483871,12.096774193548388
E00144963,123,27,13,14,96,84,12,21.951219512195124,10.569105691056912,11.38211382113821,78.04878048780488,68.29268292682927,9.75609756097561
E00144964,155,34,16,18,121,97,24,21.935483870967744,10.32258064516129,11.612903225806452,78.06451612903226,62.58064516129033,15.483870967741936
E00144965,183,47,17,30,136,111,25,25.683060109289617,9.289617486338798,16.39344262295082,74.31693989071039,60.65573770491803,13.661202185792352
E00144966,152,48,13,35,104,95,9,31.57894736842105,8.552631578947368,23.026315789473685,68.42105263157895,62.5,5.921052631578947
E00144967,125,46,18,28,79,69,10,36.8,14.399999999999999,22.400000000000002,63.2,55.2,8
E00144968,164,44,15,29,120,102,18,26.82926829268293,9.146341463414634,17.682926829268293,73.17073170731707,62.19512195121951,10.975609756097562
E00144969,168,41,15,26,127,120,7,24.404761904761905,8.928571428571429,15.476190476190476,75.59523809523809,71.42857142857143,4.166666666666666
E00144970,217,53,22,31,164,147,17,24.42396313364055,10.138248847926267,14.285714285714285,75.57603686635944,67.74193548387096,7.834101382488479
E00144971,149,39,9,30,110,101,9,26.174496644295303,6.0402684563758395,20.13422818791946,73.8255033557047,67.78523489932886,6.0402684563758395
E00144972,187,61,26,35,126,115,11,32.62032085561498,13.903743315508022,18.71657754010695,67.37967914438502,61.49732620320856,5.88235294117647
E00144973,161,49,15,34,112,90,22,30.434782608695656,9.316770186335404,21.11801242236025,69.56521739130434,55.90062111801242,13.664596273291925
E00144974,156,39,9,30,117,102,15,25,5.769230769230769,19.230769230769234,75,65.38461538461539,9.615384615384617
E00144975,183,53,14,39,130,113,17,28.96174863387978,7.650273224043716,21.311475409836063,71.03825136612022,61.74863387978142,9.289617486338798
E00144976,145,44,14,30,101,86,15,30.344827586206897,9.655172413793103,20.689655172413794,69.6551724137931,59.310344827586206,10.344827586206897
E00144977,175,50,17,33,125,111,14,28.57142857142857,9.714285714285714,18.857142857142858,71.42857142857143,63.42857142857142,8
E00144978,154,41,13,28,113,98,15,26.623376623376622,8.441558441558442,18.181818181818183,73.37662337662337,63.63636363636363,9.740259740259742
E00144979,182,57,13,44,125,111,14,31.318681318681318,7.142857142857142,24.175824175824175,68.68131868131869,60.98901098901099,7.6923076923076925
E00144980,154,52,20,32,102,88,14,33.76623376623377,12.987012987012985,20.77922077922078,66.23376623376623,57.14285714285714,9.090909090909092
E00144981,161,38,6,32,123,101,22,23.60248447204969,3.7267080745341614,19.875776397515526,76.3975155279503,62.732919254658384,13.664596273291925
E00144982,163,55,17,38,108,97,11,33.74233128834356,10.429447852760736,23.31288343558282,66.25766871165644,59.50920245398773,6.748466257668712
E00144983,184,57,19,38,127,109,18,30.978260869565215,10.326086956521738,20.652173913043477,69.02173913043478,59.2391304347826,9.782608695652174
E00144984,159,52,18,34,107,95,12,32.70440251572327,11.320754716981133,21.38364779874214,67.29559748427673,59.74842767295597,7.547169811320755
E00144985,108,35,8,27,73,64,9,32.407407407407405,7.4074074074074066,25,67.5925925925926,59.25925925925925,8.333333333333332
E00144986,130,49,18,31,81,73,8,37.69230769230769,13.846153846153847,23.846153846153847,62.30769230769231,56.15384615384615,6.153846153846154
E00144987,163,50,11,39,113,96,17,30.67484662576687,6.748466257668712,23.92638036809816,69.32515337423312,58.895705521472394,10.429447852760736
E00144988,177,61,17,44,116,102,14,34.463276836158194,9.6045197740113,24.858757062146893,65.5367231638418,57.6271186440678,7.909604519774012
E00144989,172,53,21,32,119,106,13,30.813953488372093,12.209302325581394,18.6046511627907,69.18604651162791,61.627906976744185,7.55813953488372
E00144990,149,38,10,28,111,99,12,25.503355704697988,6.7114093959731544,18.79194630872483,74.49664429530202,66.44295302013423,8.053691275167784
E00144991,161,38,14,24,123,101,22,23.60248447204969,8.695652173913043,14.906832298136646,76.3975155279503,62.732919254658384,13.664596273291925
E00144992,165,34,7,27,131,115,16,20.606060606060606,4.242424242424243,16.363636363636363,79.39393939393939,69.6969696969697,9.696969696969697
E00144993,162,32,4,28,130,113,17,19.753086419753085,2.4691358024691357,17.28395061728395,80.24691358024691,69.75308641975309,10.493827160493826
E00144994,180,55,19,36,125,110,15,30.555555555555557,10.555555555555555,20,69.44444444444444,61.111111111111114,8.333333333333332
E00144995,199,50,16,34,149,128,21,25.125628140703515,8.040201005025125,17.08542713567839,74.87437185929649,64.321608040201,10.552763819095476
E00144996,202,57,19,38,145,133,12,28.217821782178216,9.405940594059405,18.81188118811881,71.78217821782178,65.84158415841584,5.9405940594059405
E00144997,104,37,11,26,67,60,7,35.57692307692308,10.576923076923077,25,64.42307692307693,57.692307692307686,6.730769230769231
E00144998,192,45,9,36,147,134,13,23.4375,4.6875,18.75,76.5625,69.79166666666666,6.770833333333333
E00144999,200,40,18,22,160,142,18,20,9,11,80,71,9
E00145000,194,46,9,37,148,137,11,23.711340206185564,4.639175257731959,19.072164948453608,76.28865979381443,70.61855670103093,5.670103092783505
E00145001,206,61,28,33,145,132,13,29.61165048543689,13.592233009708737,16.019417475728158,70.3883495145631,64.07766990291263,6.310679611650485
E00145002,188,52,20,32,136,116,20,27.659574468085108,10.638297872340425,17.02127659574468,72.3404255319149,61.702127659574465,10.638297872340425
E00145003,161,36,19,17,125,107,18,22.36024844720497,11.801242236024844,10.559006211180124,77.63975155279503,66.45962732919256,11.180124223602485
E00145004,100,29,6,23,71,61,10,28.999999999999996,6,23,71,61,10
E00145005,318,77,23,54,241,212,29,24.21383647798742,7.232704402515723,16.9811320754717,75.78616352201259,66.66666666666666,9.119496855345911
E00145006,163,45,13,32,118,104,14,27.607361963190186,7.975460122699387,19.631901840490798,72.39263803680981,63.80368098159509,8.588957055214724
E00145007,206,48,9,39,158,141,17,23.300970873786408,4.368932038834951,18.932038834951456,76.69902912621359,68.44660194174757,8.25242718446602
E00145008,144,47,15,32,97,87,10,32.63888888888889,10.416666666666668,22.22222222222222,67.36111111111111,60.416666666666664,6.944444444444445
E00145009,313,72,24,48,241,218,23,23.003194888178914,7.667731629392971,15.335463258785943,76.99680511182109,69.6485623003195,7.348242811501597
E00145010,227,65,23,42,162,142,20,28.634361233480178,10.13215859030837,18.502202643171806,71.36563876651982,62.55506607929515,8.81057268722467
E00145011,184,46,11,35,138,122,16,25,5.978260869565218,19.021739130434785,75,66.30434782608695,8.695652173913043
E00145012,201,47,19,28,154,137,17,23.383084577114428,9.45273631840796,13.930348258706468,76.61691542288557,68.1592039800995,8.45771144278607
E00145013,215,45,14,31,170,143,27,20.930232558139537,6.511627906976744,14.418604651162791,79.06976744186046,66.51162790697674,12.558139534883722
E00145014,173,38,12,26,135,125,10,21.965317919075144,6.9364161849710975,15.028901734104046,78.03468208092485,72.25433526011561,5.780346820809249
E00145015,200,41,10,31,159,137,22,20.5,5,15.5,79.5,68.5,11
E00145016,197,43,14,29,154,140,14,21.82741116751269,7.1065989847715745,14.720812182741117,78.1725888324873,71.06598984771574,7.1065989847715745
E00145017,176,30,11,19,146,130,16,17.045454545454543,6.25,10.795454545454545,82.95454545454545,73.86363636363636,9.090909090909092
E00145018,192,36,5,31,156,135,21,18.75,2.604166666666667,16.145833333333336,81.25,70.3125,10.9375
E00145019,209,62,24,38,147,116,31,29.665071770334926,11.483253588516746,18.181818181818183,70.33492822966507,55.50239234449761,14.832535885167463
E00145021,167,41,13,28,126,115,11,24.550898203592812,7.784431137724551,16.766467065868262,75.44910179640718,68.8622754491018,6.58682634730539
E00145022,300,82,28,54,218,189,29,27.333333333333332,9.333333333333334,18,72.66666666666667,63,9.666666666666666
E00145023,136,41,16,25,95,83,12,30.14705882352941,11.76470588235294,18.38235294117647,69.85294117647058,61.029411764705884,8.823529411764707
E00145024,121,28,12,16,93,83,10,23.140495867768596,9.917355371900827,13.223140495867769,76.85950413223141,68.59504132231406,8.264462809917356
E00145025,212,62,26,36,150,129,21,29.245283018867923,12.264150943396226,16.9811320754717,70.75471698113208,60.84905660377359,9.90566037735849
E00145026,342,81,25,56,261,226,35,23.684210526315788,7.309941520467836,16.374269005847953,76.31578947368422,66.08187134502924,10.23391812865497
E00145027,260,61,19,42,199,179,20,23.46153846153846,7.307692307692308,16.153846153846153,76.53846153846153,68.84615384615384,7.6923076923076925
E00145028,238,69,24,45,169,150,19,28.991596638655466,10.084033613445378,18.907563025210084,71.00840336134453,63.02521008403361,7.9831932773109235
E00145029,193,40,11,29,153,122,31,20.72538860103627,5.699481865284974,15.025906735751295,79.27461139896373,63.212435233160626,16.06217616580311
E00145030,194,54,15,39,140,120,20,27.835051546391753,7.731958762886598,20.103092783505154,72.16494845360825,61.855670103092784,10.309278350515463
E00145031,338,78,23,55,260,226,34,23.076923076923077,6.8047337278106506,16.272189349112427,76.92307692307693,66.86390532544378,10.059171597633137
E00145032,140,32,13,19,108,100,8,22.857142857142858,9.285714285714286,13.571428571428571,77.14285714285715,71.42857142857143,5.714285714285714
E00145033,196,42,12,30,154,136,18,21.428571428571427,6.122448979591836,15.306122448979592,78.57142857142857,69.38775510204081,9.183673469387756
E00145034,186,51,19,32,135,115,20,27.419354838709676,10.21505376344086,17.20430107526882,72.58064516129032,61.82795698924731,10.75268817204301
E00145035,175,49,13,36,126,116,10,28.000000000000004,7.428571428571429,20.57142857142857,72,66.28571428571428,5.714285714285714
E00145036,157,38,8,30,119,103,16,24.203821656050955,5.095541401273886,19.10828025477707,75.79617834394905,65.60509554140127,10.191082802547772
E00145037,253,60,19,41,193,173,20,23.715415019762844,7.5098814229249005,16.205533596837945,76.28458498023716,68.37944664031622,7.905138339920949
E00145039,135,25,12,13,110,90,20,18.51851851851852,8.88888888888889,9.62962962962963,81.48148148148148,66.66666666666666,14.814814814814813
E00145040,173,30,10,20,143,126,17,17.341040462427745,5.780346820809249,11.560693641618498,82.65895953757226,72.83236994219652,9.826589595375722
E00145041,181,22,6,16,159,137,22,12.154696132596685,3.314917127071823,8.83977900552486,87.84530386740332,75.69060773480662,12.154696132596685
E00145042,165,46,11,35,119,107,12,27.878787878787882,6.666666666666667,21.21212121212121,72.12121212121212,64.84848484848484,7.2727272727272725
E00145043,152,54,11,43,98,87,11,35.526315789473685,7.236842105263158,28.289473684210524,64.47368421052632,57.23684210526315,7.236842105263158
E00145044,249,41,12,29,208,182,26,16.46586345381526,4.819277108433735,11.646586345381527,83.53413654618474,73.09236947791165,10.441767068273093
E00145045,172,47,12,35,125,113,12,27.325581395348834,6.976744186046512,20.348837209302324,72.67441860465115,65.69767441860465,6.976744186046512
E00145046,161,47,16,31,114,92,22,29.19254658385093,9.937888198757763,19.25465838509317,70.80745341614907,57.14285714285714,13.664596273291925
E00145047,108,36,14,22,72,65,7,33.33333333333333,12.962962962962962,20.37037037037037,66.66666666666666,60.18518518518518,6.481481481481481
E00145048,169,48,19,29,121,113,8,28.402366863905325,11.242603550295858,17.159763313609467,71.59763313609467,66.86390532544378,4.733727810650888
E00145049,116,27,9,18,89,78,11,23.275862068965516,7.758620689655173,15.517241379310345,76.72413793103449,67.24137931034483,9.482758620689655
E00145050,143,45,13,32,98,80,18,31.46853146853147,9.090909090909092,22.377622377622377,68.53146853146853,55.94405594405595,12.587412587412588
E00145051,151,42,21,21,109,97,12,27.81456953642384,13.90728476821192,13.90728476821192,72.18543046357617,64.23841059602648,7.9470198675496695
E00145052,130,37,11,26,93,76,17,28.46153846153846,8.461538461538462,20,71.53846153846153,58.46153846153847,13.076923076923078
E00145053,133,31,7,24,102,92,10,23.308270676691727,5.263157894736842,18.045112781954884,76.69172932330827,69.17293233082707,7.518796992481203
E00145054,194,48,15,33,146,135,11,24.742268041237114,7.731958762886598,17.010309278350515,75.25773195876289,69.58762886597938,5.670103092783505
E00145055,48,14,6,8,34,28,6,29.166666666666668,12.5,16.666666666666664,70.83333333333334,58.333333333333336,12.5
E00145056,210,60,25,35,150,131,19,28.57142857142857,11.904761904761903,16.666666666666664,71.42857142857143,62.38095238095238,9.047619047619047
E00145057,136,29,7,22,107,95,12,21.323529411764707,5.147058823529411,16.176470588235293,78.67647058823529,69.85294117647058,8.823529411764707
E00145058,171,38,16,22,133,107,26,22.22222222222222,9.35672514619883,12.865497076023392,77.77777777777779,62.57309941520468,15.204678362573098
E00145060,135,29,8,21,106,93,13,21.48148148148148,5.9259259259259265,15.555555555555555,78.51851851851852,68.88888888888889,9.62962962962963
E00145061,124,33,13,20,91,84,7,26.61290322580645,10.483870967741936,16.129032258064516,73.38709677419355,67.74193548387096,5.64516129032258
E00145062,183,51,17,34,132,120,12,27.86885245901639,9.289617486338798,18.579234972677597,72.1311475409836,65.57377049180327,6.557377049180328
E00145063,117,28,12,16,89,77,12,23.931623931623932,10.256410256410255,13.675213675213676,76.06837606837607,65.8119658119658,10.256410256410255
E00145064,179,40,13,27,139,116,23,22.3463687150838,7.262569832402235,15.083798882681565,77.6536312849162,64.80446927374301,12.849162011173185
E00145065,195,49,13,36,146,129,17,25.128205128205128,6.666666666666667,18.461538461538463,74.87179487179488,66.15384615384615,8.717948717948717
E00145066,163,51,14,37,112,100,12,31.28834355828221,8.588957055214724,22.699386503067483,68.71165644171779,61.34969325153374,7.361963190184049
E00145067,186,37,8,29,149,127,22,19.892473118279568,4.301075268817205,15.591397849462366,80.10752688172043,68.27956989247312,11.827956989247312
E00145068,183,39,13,26,144,121,23,21.311475409836063,7.103825136612022,14.207650273224044,78.68852459016394,66.12021857923497,12.568306010928962
E00145069,168,46,8,38,122,106,16,27.380952380952383,4.761904761904762,22.61904761904762,72.61904761904762,63.095238095238095,9.523809523809524
E00145070,143,41,8,33,102,91,11,28.671328671328673,5.594405594405594,23.076923076923077,71.32867132867133,63.63636363636363,7.6923076923076925
E00145071,202,63,26,37,139,117,22,31.18811881188119,12.871287128712872,18.316831683168317,68.8118811881188,57.920792079207914,10.891089108910892
E00145072,155,44,14,30,111,101,10,28.387096774193548,9.032258064516128,19.35483870967742,71.61290322580646,65.16129032258064,6.451612903225806
E00145073,167,36,5,31,131,106,25,21.55688622754491,2.9940119760479043,18.562874251497004,78.44311377245509,63.47305389221557,14.97005988023952
E00145074,167,45,13,32,122,105,17,26.94610778443114,7.784431137724551,19.16167664670659,73.05389221556887,62.874251497005986,10.179640718562874
E00145075,202,59,17,42,143,131,12,29.207920792079207,8.415841584158416,20.792079207920793,70.79207920792079,64.85148514851485,5.9405940594059405
E00145076,164,50,13,37,114,101,13,30.48780487804878,7.926829268292683,22.5609756097561,69.51219512195121,61.58536585365854,7.926829268292683
E00145077,144,29,12,17,115,104,11,20.13888888888889,8.333333333333332,11.805555555555555,79.86111111111111,72.22222222222221,7.638888888888889
E00145078,161,46,16,30,115,107,8,28.57142857142857,9.937888198757763,18.633540372670808,71.42857142857143,66.45962732919256,4.968944099378882
E00145079,70,32,15,17,38,33,5,45.714285714285715,21.428571428571427,24.285714285714285,54.285714285714285,47.14285714285714,7.142857142857142
E00145080,91,25,8,17,66,60,6,27.472527472527474,8.791208791208792,18.681318681318682,72.52747252747253,65.93406593406593,6.593406593406594
E00145081,161,53,9,44,108,84,24,32.91925465838509,5.590062111801243,27.32919254658385,67.08074534161491,52.17391304347826,14.906832298136646
E00145082,177,60,24,36,117,98,19,33.89830508474576,13.559322033898304,20.33898305084746,66.10169491525424,55.367231638418076,10.734463276836157
E00145083,184,47,13,34,137,119,18,25.543478260869566,7.065217391304348,18.478260869565215,74.45652173913044,64.67391304347827,9.782608695652174
E00145084,157,49,13,36,108,94,14,31.210191082802545,8.280254777070063,22.929936305732486,68.78980891719745,59.87261146496815,8.9171974522293
E00145085,227,55,21,34,172,135,37,24.229074889867842,9.251101321585903,14.977973568281937,75.77092511013215,59.471365638766514,16.299559471365637
E00145087,191,84,29,55,107,93,14,43.97905759162304,15.18324607329843,28.79581151832461,56.02094240837696,48.69109947643979,7.329842931937172
E00145088,152,53,23,30,99,80,19,34.868421052631575,15.131578947368421,19.736842105263158,65.13157894736842,52.63157894736842,12.5
E00145089,180,63,29,34,117,89,28,35,16.11111111111111,18.88888888888889,65,49.44444444444444,15.555555555555555
E00145090,149,48,19,29,101,59,42,32.21476510067114,12.751677852348994,19.463087248322147,67.78523489932886,39.59731543624161,28.187919463087248
E00145091,182,53,14,39,129,114,15,29.120879120879124,7.6923076923076925,21.428571428571427,70.87912087912088,62.637362637362635,8.241758241758241
E00145092,167,52,16,36,115,93,22,31.137724550898206,9.580838323353294,21.55688622754491,68.8622754491018,55.688622754491014,13.17365269461078
E00145096,147,44,18,26,103,82,21,29.931972789115648,12.244897959183673,17.687074829931973,70.06802721088435,55.78231292517006,14.285714285714285
E00145097,122,44,16,28,78,66,12,36.0655737704918,13.114754098360656,22.950819672131146,63.934426229508205,54.09836065573771,9.836065573770492
E00145098,135,44,13,31,91,77,14,32.592592592592595,9.62962962962963,22.962962962962962,67.4074074074074,57.03703703703704,10.37037037037037
E00145099,143,41,18,23,102,93,9,28.671328671328673,12.587412587412588,16.083916083916083,71.32867132867133,65.03496503496503,6.293706293706294
E00145100,190,47,17,30,143,104,39,24.736842105263158,8.947368421052632,15.789473684210526,75.26315789473685,54.736842105263165,20.526315789473685
E00145101,156,57,22,35,99,81,18,36.53846153846153,14.102564102564102,22.435897435897438,63.46153846153846,51.92307692307693,11.538461538461538
E00145102,225,61,27,34,164,138,26,27.111111111111114,12,15.11111111111111,72.88888888888889,61.33333333333333,11.555555555555555
E00145103,176,56,17,39,120,98,22,31.818181818181817,9.659090909090908,22.15909090909091,68.18181818181817,55.68181818181818,12.5
E00145104,143,42,14,28,101,75,26,29.37062937062937,9.79020979020979,19.58041958041958,70.62937062937063,52.44755244755245,18.181818181818183
E00145105,244,63,17,46,181,164,17,25.81967213114754,6.967213114754098,18.852459016393443,74.18032786885246,67.21311475409836,6.967213114754098
E00145107,125,27,11,16,98,82,16,21.6,8.799999999999999,12.8,78.4,65.60000000000001,12.8
E00145108,203,49,18,31,154,139,15,24.137931034482758,8.866995073891626,15.270935960591133,75.86206896551724,68.4729064039409,7.389162561576355
E00145109,181,53,11,42,128,112,16,29.2817679558011,6.077348066298343,23.204419889502763,70.71823204419888,61.87845303867403,8.83977900552486
E00145110,125,31,10,21,94,61,33,24.8,8,16.8,75.2,48.8,26.400000000000002
E00145111,235,62,19,43,173,144,29,26.382978723404253,8.085106382978724,18.29787234042553,73.61702127659574,61.27659574468085,12.340425531914894
E00145112,166,53,19,34,113,92,21,31.92771084337349,11.44578313253012,20.481927710843372,68.07228915662651,55.42168674698795,12.650602409638553
E00145113,161,52,24,28,109,82,27,32.298136645962735,14.906832298136646,17.391304347826086,67.70186335403726,50.931677018633536,16.77018633540373
E00145114,139,49,16,33,90,77,13,35.25179856115108,11.510791366906476,23.741007194244602,64.74820143884892,55.39568345323741,9.352517985611511
E00145115,105,34,11,23,71,55,16,32.38095238095238,10.476190476190476,21.904761904761905,67.61904761904762,52.38095238095239,15.238095238095239
E00145116,129,39,16,23,90,70,20,30.23255813953488,12.4031007751938,17.829457364341085,69.76744186046511,54.263565891472865,15.503875968992247
E00145117,127,31,17,14,96,74,22,24.409448818897637,13.385826771653544,11.023622047244094,75.59055118110236,58.26771653543307,17.322834645669293
E00145118,131,39,13,26,92,75,17,29.770992366412212,9.923664122137405,19.84732824427481,70.22900763358778,57.25190839694656,12.977099236641221
E00145119,105,36,14,22,69,47,22,34.285714285714285,13.333333333333334,20.952380952380953,65.71428571428571,44.761904761904766,20.952380952380953
E00145120,165,43,19,24,122,83,39,26.060606060606062,11.515151515151516,14.545454545454545,73.93939393939394,50.303030303030305,23.636363636363637
E00145121,133,50,21,29,83,66,17,37.59398496240601,15.789473684210526,21.804511278195488,62.40601503759399,49.62406015037594,12.781954887218044
E00145122,160,48,10,38,112,92,20,30,6.25,23.75,70,57.49999999999999,12.5
E00145123,143,33,10,23,110,91,19,23.076923076923077,6.993006993006993,16.083916083916083,76.92307692307693,63.63636363636363,13.286713286713287
E00145124,125,28,14,14,97,67,30,22.400000000000002,11.200000000000001,11.200000000000001,77.60000000000001,53.6,24
E00145125,137,44,17,27,93,73,20,32.11678832116788,12.408759124087592,19.708029197080293,67.88321167883211,53.284671532846716,14.5985401459854
E00145126,143,54,19,35,89,65,24,37.76223776223776,13.286713286713287,24.475524475524477,62.23776223776224,45.45454545454545,16.783216783216783
E00145127,135,32,11,21,103,81,22,23.703703703703706,8.148148148148149,15.555555555555555,76.29629629629629,60,16.296296296296298
E00145128,251,71,23,48,180,147,33,28.286852589641438,9.163346613545817,19.12350597609562,71.71314741035857,58.56573705179283,13.147410358565736
E00145129,116,32,12,20,84,57,27,27.586206896551722,10.344827586206897,17.24137931034483,72.41379310344827,49.137931034482754,23.275862068965516
E00145130,111,24,10,14,87,63,24,21.62162162162162,9.00900900900901,12.612612612612612,78.37837837837837,56.75675675675676,21.62162162162162
E00145131,264,81,38,43,183,138,45,30.681818181818183,14.393939393939394,16.28787878787879,69.31818181818183,52.27272727272727,17.045454545454543
E00145132,165,55,26,29,110,81,29,33.33333333333333,15.757575757575756,17.575757575757574,66.66666666666666,49.09090909090909,17.575757575757574
E00145133,145,40,16,24,105,85,20,27.586206896551722,11.03448275862069,16.551724137931036,72.41379310344827,58.620689655172406,13.793103448275861
E00145134,159,48,24,24,111,83,28,30.18867924528302,15.09433962264151,15.09433962264151,69.81132075471697,52.20125786163522,17.61006289308176
E00145137,266,81,37,44,185,141,44,30.451127819548873,13.909774436090224,16.541353383458645,69.54887218045113,53.00751879699248,16.541353383458645
E00145138,149,36,21,15,113,88,25,24.161073825503358,14.093959731543624,10.06711409395973,75.83892617449665,59.06040268456376,16.778523489932887
E00145139,130,44,12,32,86,62,24,33.84615384615385,9.230769230769232,24.615384615384617,66.15384615384615,47.69230769230769,18.461538461538463
E00145140,137,49,16,33,88,69,19,35.76642335766424,11.678832116788321,24.087591240875913,64.23357664233576,50.36496350364964,13.86861313868613
E00145141,91,27,8,19,64,42,22,29.67032967032967,8.791208791208792,20.87912087912088,70.32967032967034,46.15384615384615,24.175824175824175
E00145142,281,88,32,56,193,152,41,31.316725978647685,11.387900355871885,19.9288256227758,68.68327402135232,54.092526690391466,14.590747330960854
E00145143,194,75,31,44,119,86,33,38.659793814432994,15.979381443298967,22.68041237113402,61.34020618556701,44.329896907216494,17.010309278350515
E00145144,165,56,21,35,109,85,24,33.939393939393945,12.727272727272727,21.21212121212121,66.06060606060606,51.515151515151516,14.545454545454545
E00145145,134,34,19,15,100,77,23,25.37313432835821,14.17910447761194,11.194029850746269,74.6268656716418,57.46268656716418,17.16417910447761
E00145146,97,34,13,21,63,46,17,35.051546391752574,13.402061855670103,21.649484536082475,64.94845360824742,47.42268041237113,17.525773195876287
E00145147,239,62,25,37,177,154,23,25.94142259414226,10.460251046025103,15.481171548117153,74.05857740585773,64.43514644351464,9.623430962343097
E00145148,107,36,15,21,71,56,15,33.64485981308411,14.018691588785046,19.626168224299064,66.35514018691589,52.336448598130836,14.018691588785046
E00145149,78,29,16,13,49,42,7,37.17948717948718,20.51282051282051,16.666666666666664,62.82051282051282,53.84615384615385,8.974358974358974
E00145150,142,34,13,21,108,91,17,23.943661971830984,9.15492957746479,14.788732394366196,76.05633802816901,64.08450704225352,11.971830985915492
E00145151,156,55,16,39,101,85,16,35.256410256410255,10.256410256410255,25,64.74358974358975,54.48717948717948,10.256410256410255
E00145152,138,36,10,26,102,92,10,26.08695652173913,7.246376811594203,18.84057971014493,73.91304347826086,66.66666666666666,7.246376811594203
E00145153,133,41,17,24,92,73,19,30.82706766917293,12.781954887218044,18.045112781954884,69.17293233082707,54.88721804511278,14.285714285714285
E00145154,195,48,21,27,147,130,17,24.615384615384617,10.76923076923077,13.846153846153847,75.38461538461539,66.66666666666666,8.717948717948717
E00145155,149,41,11,30,108,99,9,27.516778523489933,7.38255033557047,20.13422818791946,72.48322147651007,66.44295302013423,6.0402684563758395
E00145156,159,46,17,29,113,99,14,28.930817610062892,10.69182389937107,18.238993710691823,71.0691823899371,62.264150943396224,8.80503144654088
E00145157,205,66,24,42,139,127,12,32.19512195121951,11.707317073170733,20.48780487804878,67.8048780487805,61.951219512195124,5.853658536585367
E00145158,139,33,11,22,106,95,11,23.741007194244602,7.913669064748201,15.827338129496402,76.2589928057554,68.34532374100719,7.913669064748201
E00145159,132,45,17,28,87,68,19,34.090909090909086,12.878787878787879,21.21212121212121,65.9090909090909,51.515151515151516,14.393939393939394
E00145160,144,42,15,27,102,89,13,29.166666666666668,10.416666666666668,18.75,70.83333333333334,61.80555555555556,9.027777777777777
E00145161,130,30,13,17,100,89,11,23.076923076923077,10,13.076923076923078,76.92307692307693,68.46153846153847,8.461538461538462
E00145162,136,33,9,24,103,94,9,24.264705882352942,6.61764705882353,17.647058823529413,75.73529411764706,69.11764705882352,6.61764705882353
E00145163,197,53,16,37,144,134,10,26.903553299492383,8.121827411167512,18.781725888324875,73.09644670050761,68.02030456852792,5.0761421319796955
E00145164,111,32,8,24,79,67,12,28.82882882882883,7.207207207207207,21.62162162162162,71.17117117117117,60.36036036036037,10.81081081081081
E00145165,166,50,13,37,116,103,13,30.120481927710845,7.83132530120482,22.289156626506024,69.87951807228916,62.048192771084345,7.83132530120482
E00145166,180,45,18,27,135,121,14,25,10,15,75,67.22222222222223,7.777777777777778
E00145167,206,62,12,50,144,126,18,30.097087378640776,5.825242718446602,24.271844660194176,69.90291262135922,61.165048543689316,8.737864077669903
E00145168,179,60,23,37,119,104,15,33.5195530726257,12.849162011173185,20.670391061452513,66.4804469273743,58.10055865921788,8.379888268156424
E00145169,161,43,9,34,118,103,15,26.70807453416149,5.590062111801243,21.11801242236025,73.29192546583852,63.975155279503106,9.316770186335404
E00145170,227,59,20,39,168,150,18,25.991189427312776,8.81057268722467,17.180616740088105,74.00881057268722,66.07929515418502,7.929515418502203
E00145171,110,35,9,26,75,66,9,31.818181818181817,8.181818181818182,23.636363636363637,68.18181818181817,60,8.181818181818182
E00145172,222,51,15,36,171,135,36,22.972972972972975,6.756756756756757,16.216216216216218,77.02702702702703,60.810810810810814,16.216216216216218
E00145173,152,42,22,20,110,87,23,27.631578947368425,14.473684210526317,13.157894736842104,72.36842105263158,57.23684210526315,15.131578947368421
E00145174,192,55,15,40,137,124,13,28.645833333333332,7.8125,20.833333333333336,71.35416666666666,64.58333333333334,6.770833333333333
E00145175,110,34,16,18,76,67,9,30.909090909090907,14.545454545454545,16.363636363636363,69.0909090909091,60.909090909090914,8.181818181818182
E00145176,161,43,9,34,118,104,14,26.70807453416149,5.590062111801243,21.11801242236025,73.29192546583852,64.59627329192547,8.695652173913043
E00145177,93,37,12,25,56,48,8,39.784946236559136,12.903225806451612,26.881720430107524,60.215053763440864,51.61290322580645,8.60215053763441
E00145178,176,53,23,30,123,103,20,30.113636363636363,13.068181818181818,17.045454545454543,69.88636363636364,58.52272727272727,11.363636363636363
E00145179,178,45,14,31,133,121,12,25.280898876404496,7.865168539325842,17.415730337078653,74.71910112359551,67.97752808988764,6.741573033707865
E00145180,179,48,20,28,131,118,13,26.81564245810056,11.1731843575419,15.64245810055866,73.18435754189943,65.92178770949721,7.262569832402235
E00145181,142,40,13,27,102,83,19,28.169014084507044,9.15492957746479,19.014084507042252,71.83098591549296,58.45070422535211,13.380281690140844
E00145182,149,52,23,29,97,89,8,34.899328859060404,15.436241610738255,19.463087248322147,65.1006711409396,59.73154362416108,5.369127516778524
E00145183,182,60,22,38,122,110,12,32.967032967032964,12.087912087912088,20.87912087912088,67.03296703296702,60.43956043956044,6.593406593406594
E00145184,123,31,15,16,92,79,13,25.203252032520325,12.195121951219512,13.008130081300814,74.79674796747967,64.22764227642277,10.569105691056912
E00145185,186,54,22,32,132,122,10,29.03225806451613,11.827956989247312,17.20430107526882,70.96774193548387,65.59139784946237,5.376344086021505
E00145186,153,45,20,25,108,89,19,29.411764705882355,13.071895424836603,16.33986928104575,70.58823529411765,58.16993464052288,12.418300653594772
E00145187,159,41,12,29,118,106,12,25.78616352201258,7.547169811320755,18.238993710691823,74.21383647798741,66.66666666666666,7.547169811320755
E00145188,155,51,13,38,104,95,9,32.903225806451616,8.38709677419355,24.516129032258064,67.0967741935484,61.29032258064516,5.806451612903226
E00145189,228,64,14,50,164,149,15,28.07017543859649,6.140350877192982,21.929824561403507,71.9298245614035,65.35087719298247,6.578947368421052
E00145190,153,47,14,33,106,99,7,30.718954248366014,9.15032679738562,21.568627450980394,69.28104575163398,64.70588235294117,4.57516339869281
E00145191,143,49,16,33,94,81,13,34.26573426573427,11.188811188811188,23.076923076923077,65.73426573426573,56.64335664335665,9.090909090909092
E00145192,172,47,14,33,125,92,33,27.325581395348834,8.13953488372093,19.186046511627907,72.67441860465115,53.48837209302325,19.186046511627907
E00145193,274,73,26,47,201,168,33,26.642335766423358,9.48905109489051,17.153284671532848,73.35766423357664,61.31386861313869,12.043795620437956
E00145194,82,26,9,17,56,45,11,31.70731707317073,10.975609756097562,20.73170731707317,68.29268292682927,54.87804878048781,13.414634146341465
E00145195,156,42,19,23,114,75,39,26.923076923076923,12.179487179487179,14.743589743589745,73.07692307692307,48.07692307692308,25
E00145196,149,48,16,32,101,66,35,32.21476510067114,10.738255033557047,21.476510067114095,67.78523489932886,44.29530201342282,23.48993288590604
E00145197,185,46,15,31,139,116,23,24.864864864864867,8.108108108108109,16.756756756756758,75.13513513513513,62.70270270270271,12.432432432432433
E00145198,205,69,25,44,136,106,30,33.65853658536586,12.195121951219512,21.463414634146343,66.34146341463415,51.707317073170735,14.634146341463413
E00145199,142,41,15,26,101,78,23,28.87323943661972,10.56338028169014,18.30985915492958,71.12676056338029,54.929577464788736,16.19718309859155
E00145200,106,30,16,14,76,53,23,28.30188679245283,15.09433962264151,13.20754716981132,71.69811320754717,50,21.69811320754717
E00145203,344,83,34,49,261,209,52,24.12790697674419,9.883720930232558,14.244186046511627,75.87209302325581,60.75581395348837,15.11627906976744
E00145204,131,36,14,22,95,80,15,27.480916030534353,10.687022900763358,16.793893129770993,72.51908396946564,61.06870229007634,11.450381679389313
E00145205,199,58,20,38,141,110,31,29.145728643216078,10.050251256281408,19.09547738693467,70.85427135678391,55.27638190954774,15.577889447236181
E00145206,196,57,21,36,139,114,25,29.081632653061224,10.714285714285714,18.367346938775512,70.91836734693877,58.16326530612245,12.755102040816327
E00145207,180,60,27,33,120,100,20,33.33333333333333,15,18.333333333333332,66.66666666666666,55.55555555555556,11.11111111111111
E00145208,178,55,25,30,123,89,34,30.89887640449438,14.04494382022472,16.853932584269664,69.10112359550563,50,19.101123595505616
E00145209,231,59,25,34,172,134,38,25.541125541125542,10.822510822510822,14.71861471861472,74.45887445887446,58.00865800865801,16.450216450216452
E00145210,151,49,18,31,102,66,36,32.450331125827816,11.920529801324504,20.52980132450331,67.54966887417218,43.70860927152318,23.841059602649008
E00145211,244,73,35,38,171,124,47,29.918032786885245,14.344262295081966,15.573770491803279,70.08196721311475,50.81967213114754,19.262295081967213
E00145212,159,57,27,30,102,76,26,35.84905660377358,16.9811320754717,18.867924528301888,64.15094339622641,47.79874213836478,16.352201257861633
E00145213,176,45,19,26,131,100,31,25.568181818181817,10.795454545454545,14.772727272727273,74.43181818181817,56.81818181818182,17.613636363636363
E00145214,172,42,16,26,130,100,30,24.418604651162788,9.30232558139535,15.11627906976744,75.5813953488372,58.139534883720934,17.441860465116278
E00145215,66,22,9,13,44,29,15,33.33333333333333,13.636363636363635,19.696969696969695,66.66666666666666,43.93939393939394,22.727272727272727
E00145216,63,20,7,13,43,38,5,31.746031746031743,11.11111111111111,20.634920634920633,68.25396825396825,60.317460317460316,7.936507936507936
E00145217,140,51,18,33,89,71,18,36.42857142857142,12.857142857142856,23.57142857142857,63.57142857142857,50.71428571428571,12.857142857142856
E00145218,133,43,20,23,90,63,27,32.33082706766917,15.037593984962406,17.293233082706767,67.66917293233082,47.368421052631575,20.30075187969925
E00145219,177,54,21,33,123,101,22,30.508474576271187,11.864406779661017,18.64406779661017,69.49152542372882,57.06214689265536,12.429378531073446
E00145220,187,53,30,23,134,95,39,28.342245989304814,16.042780748663102,12.299465240641712,71.65775401069519,50.80213903743316,20.855614973262032
E00145221,128,45,20,25,83,57,26,35.15625,15.625,19.53125,64.84375,44.53125,20.3125
E00145222,123,39,17,22,84,58,26,31.70731707317073,13.821138211382115,17.88617886178862,68.29268292682927,47.15447154471545,21.138211382113823
E00145223,108,41,26,15,67,46,21,37.96296296296296,24.074074074074073,13.88888888888889,62.03703703703704,42.592592592592595,19.444444444444446
E00145224,238,82,32,50,156,115,41,34.45378151260504,13.445378151260504,21.008403361344538,65.54621848739495,48.319327731092436,17.22689075630252
E00145225,128,36,13,23,92,67,25,28.125,10.15625,17.96875,71.875,52.34375,19.53125
E00145226,121,43,18,25,78,54,24,35.53719008264463,14.87603305785124,20.66115702479339,64.46280991735537,44.62809917355372,19.834710743801654
E00145227,218,61,20,41,157,123,34,27.981651376146786,9.174311926605505,18.807339449541285,72.01834862385321,56.42201834862385,15.59633027522936
E00145228,150,42,18,24,108,89,19,28.000000000000004,12,16,72,59.333333333333336,12.666666666666668
E00145229,112,40,17,23,72,49,23,35.714285714285715,15.178571428571427,20.535714285714285,64.28571428571429,43.75,20.535714285714285
E00145230,118,26,13,13,92,77,15,22.033898305084744,11.016949152542372,11.016949152542372,77.96610169491525,65.2542372881356,12.711864406779661
E00145231,158,50,17,33,108,84,24,31.645569620253166,10.759493670886076,20.88607594936709,68.35443037974683,53.16455696202531,15.18987341772152
E00145232,170,47,14,33,123,88,35,27.647058823529413,8.235294117647058,19.411764705882355,72.35294117647058,51.76470588235295,20.588235294117645
E00145233,215,54,25,29,161,112,49,25.116279069767444,11.627906976744185,13.488372093023257,74.88372093023256,52.093023255813954,22.790697674418606
E00145234,159,60,21,39,99,83,16,37.735849056603776,13.20754716981132,24.528301886792452,62.264150943396224,52.20125786163522,10.062893081761008
E00145235,156,49,18,31,107,80,27,31.41025641025641,11.538461538461538,19.871794871794872,68.58974358974359,51.28205128205128,17.307692307692307
E00145236,143,52,25,27,91,74,17,36.36363636363637,17.482517482517483,18.88111888111888,63.63636363636363,51.74825174825175,11.888111888111888
E00145238,295,82,22,60,213,177,36,27.796610169491526,7.457627118644068,20.33898305084746,72.20338983050848,60,12.203389830508476
E00145240,155,37,13,24,118,97,21,23.870967741935484,8.38709677419355,15.483870967741936,76.12903225806451,62.58064516129033,13.548387096774196
E00145242,141,44,18,26,97,79,18,31.20567375886525,12.76595744680851,18.439716312056735,68.79432624113475,56.02836879432624,12.76595744680851
E00145243,158,58,20,38,100,75,25,36.708860759493675,12.658227848101266,24.050632911392405,63.29113924050633,47.46835443037975,15.822784810126583
E00145244,193,71,28,43,122,98,24,36.787564766839374,14.507772020725387,22.279792746113987,63.212435233160626,50.77720207253886,12.435233160621761
E00145245,210,71,31,40,139,87,52,33.80952380952381,14.761904761904763,19.047619047619047,66.19047619047619,41.42857142857143,24.761904761904763
E00145246,249,76,27,49,173,124,49,30.522088353413658,10.843373493975903,19.67871485943775,69.47791164658635,49.79919678714859,19.67871485943775
E00145247,145,38,16,22,107,85,22,26.20689655172414,11.03448275862069,15.172413793103448,73.79310344827587,58.620689655172406,15.172413793103448
E00145248,123,38,15,23,85,68,17,30.89430894308943,12.195121951219512,18.69918699186992,69.10569105691057,55.28455284552846,13.821138211382115
E00145249,166,44,19,25,122,103,19,26.506024096385545,11.44578313253012,15.060240963855422,73.49397590361446,62.048192771084345,11.44578313253012
E00145250,132,41,20,21,91,74,17,31.060606060606062,15.151515151515152,15.909090909090908,68.93939393939394,56.060606060606055,12.878787878787879
E00145251,125,41,18,23,84,76,8,32.800000000000004,14.399999999999999,18.4,67.2,60.8,6.4
E00145252,241,60,23,37,181,161,20,24.896265560165975,9.54356846473029,15.352697095435685,75.10373443983403,66.80497925311202,8.29875518672199
E00145253,164,50,26,24,114,103,11,30.48780487804878,15.853658536585366,14.634146341463413,69.51219512195121,62.80487804878049,6.707317073170732
E00145254,152,50,19,31,102,87,15,32.89473684210527,12.5,20.394736842105264,67.10526315789474,57.23684210526315,9.868421052631579
E00145255,124,38,15,23,86,76,10,30.64516129032258,12.096774193548388,18.548387096774192,69.35483870967742,61.29032258064516,8.064516129032258
E00145256,221,66,32,34,155,133,22,29.86425339366516,14.479638009049776,15.384615384615385,70.13574660633483,60.18099547511312,9.95475113122172
E00145257,276,86,35,51,190,156,34,31.15942028985507,12.681159420289855,18.478260869565215,68.84057971014492,56.52173913043478,12.318840579710146
E00145258,147,47,17,30,100,90,10,31.97278911564626,11.564625850340136,20.408163265306122,68.02721088435374,61.224489795918366,6.802721088435375
E00145259,145,44,10,34,101,88,13,30.344827586206897,6.896551724137931,23.448275862068964,69.6551724137931,60.689655172413794,8.96551724137931
E00145260,291,76,17,59,215,188,27,26.11683848797251,5.841924398625429,20.274914089347078,73.8831615120275,64.60481099656357,9.278350515463918
E00145261,127,32,11,21,95,82,13,25.196850393700785,8.661417322834646,16.535433070866144,74.80314960629921,64.56692913385827,10.236220472440944
E00145262,149,50,16,34,99,87,12,33.557046979865774,10.738255033557047,22.818791946308725,66.44295302013423,58.38926174496645,8.053691275167784
E00145263,247,65,26,39,182,163,19,26.31578947368421,10.526315789473683,15.789473684210526,73.68421052631578,65.9919028340081,7.6923076923076925
E00169007,123,43,19,24,80,76,4,34.959349593495936,15.447154471544716,19.51219512195122,65.04065040650406,61.78861788617886,3.2520325203252036
E00169008,171,42,18,24,129,119,10,24.561403508771928,10.526315789473683,14.035087719298245,75.43859649122807,69.5906432748538,5.847953216374268
E00169009,201,33,13,20,168,154,14,16.417910447761194,6.467661691542288,9.950248756218906,83.5820895522388,76.61691542288557,6.965174129353234
E00169010,174,31,9,22,143,120,23,17.81609195402299,5.172413793103448,12.643678160919542,82.18390804597702,68.96551724137932,13.218390804597702
E00169011,204,40,16,24,164,154,10,19.607843137254903,7.8431372549019605,11.76470588235294,80.3921568627451,75.49019607843137,4.901960784313726
E00169012,116,23,9,14,93,80,13,19.82758620689655,7.758620689655173,12.068965517241379,80.17241379310344,68.96551724137932,11.206896551724139
E00169013,174,45,13,32,129,103,26,25.862068965517242,7.471264367816093,18.39080459770115,74.13793103448276,59.195402298850574,14.942528735632186
E00169014,175,39,12,27,136,119,17,22.285714285714285,6.857142857142858,15.428571428571427,77.71428571428571,68,9.714285714285714
E00169015,170,44,8,36,126,112,14,25.882352941176475,4.705882352941177,21.176470588235293,74.11764705882354,65.88235294117646,8.235294117647058
E00169016,154,41,13,28,113,98,15,26.623376623376622,8.441558441558442,18.181818181818183,73.37662337662337,63.63636363636363,9.740259740259742
E00169017,183,55,16,39,128,101,27,30.05464480874317,8.743169398907105,21.311475409836063,69.94535519125684,55.19125683060109,14.754098360655737
E00169018,205,45,18,27,160,139,21,21.951219512195124,8.780487804878048,13.170731707317074,78.04878048780488,67.8048780487805,10.24390243902439
E00169020,211,52,26,26,159,140,19,24.644549763033176,12.322274881516588,12.322274881516588,75.35545023696683,66.35071090047393,9.004739336492891
E00169021,226,54,20,34,172,147,25,23.893805309734514,8.849557522123893,15.04424778761062,76.10619469026548,65.04424778761062,11.061946902654867
E00169022,221,52,10,42,169,151,18,23.52941176470588,4.524886877828054,19.004524886877828,76.47058823529412,68.32579185520362,8.144796380090497
E00169023,191,44,14,30,147,102,45,23.036649214659686,7.329842931937172,15.706806282722512,76.96335078534031,53.403141361256544,23.56020942408377
E00169024,145,38,15,23,107,90,17,26.20689655172414,10.344827586206897,15.862068965517242,73.79310344827587,62.06896551724138,11.724137931034482
E00169025,134,25,12,13,109,88,21,18.65671641791045,8.955223880597014,9.701492537313433,81.34328358208955,65.67164179104478,15.671641791044777
E00169026,150,37,13,24,113,89,24,24.666666666666668,8.666666666666668,16,75.33333333333333,59.333333333333336,16
E00169027,163,44,18,26,119,89,30,26.993865030674847,11.042944785276074,15.950920245398773,73.00613496932516,54.601226993865026,18.404907975460123
E00169029,283,71,25,46,212,172,40,25.08833922261484,8.8339222614841,16.25441696113074,74.91166077738515,60.7773851590106,14.13427561837456
E00169030,152,48,12,36,104,95,9,31.57894736842105,7.894736842105263,23.684210526315788,68.42105263157895,62.5,5.921052631578947
E00169031,131,44,26,18,87,70,17,33.587786259541986,19.84732824427481,13.740458015267176,66.41221374045801,53.43511450381679,12.977099236641221
E00169032,174,52,19,33,122,109,13,29.88505747126437,10.919540229885058,18.96551724137931,70.11494252873564,62.643678160919535,7.471264367816093
E00169033,233,50,21,29,183,157,26,21.45922746781116,9.012875536480687,12.446351931330472,78.54077253218884,67.38197424892704,11.158798283261802
E00169034,223,32,11,21,191,168,23,14.349775784753364,4.932735426008969,9.417040358744394,85.65022421524664,75.33632286995515,10.31390134529148
E00169035,189,61,26,35,128,91,37,32.27513227513227,13.756613756613756,18.51851851851852,67.72486772486772,48.148148148148145,19.576719576719576
E00185854,379,69,32,37,310,244,66,18.20580474934037,8.443271767810026,9.762532981530343,81.79419525065963,64.37994722955145,17.41424802110818
E00185855,159,35,14,21,124,112,12,22.0125786163522,8.80503144654088,13.20754716981132,77.9874213836478,70.44025157232704,7.547169811320755
E00185856,175,42,8,34,133,113,20,24,4.571428571428571,19.428571428571427,76,64.57142857142857,11.428571428571429
E00185858,269,43,19,24,226,202,24,15.985130111524162,7.063197026022305,8.921933085501859,84.01486988847584,75.09293680297398,8.921933085501859
E00185872,102,26,11,15,76,69,7,25.49019607843137,10.784313725490197,14.705882352941178,74.50980392156863,67.64705882352942,6.862745098039216
E00185874,240,43,10,33,197,169,28,17.916666666666668,4.166666666666666,13.750000000000002,82.08333333333333,70.41666666666667,11.666666666666666
E00185883,77,23,9,14,54,46,8,29.87012987012987,11.688311688311687,18.181818181818183,70.12987012987013,59.74025974025974,10.38961038961039
E00185885,165,41,16,25,124,113,11,24.848484848484848,9.696969696969697,15.151515151515152,75.15151515151514,68.48484848484848,6.666666666666667
E00185889,165,33,9,24,132,119,13,20,5.454545454545454,14.545454545454545,80,72.12121212121212,7.878787878787878
E00185890,96,27,8,19,69,59,10,28.125,8.333333333333332,19.791666666666664,71.875,61.458333333333336,10.416666666666668
E00185891,370,96,33,63,274,215,59,25.945945945945947,8.91891891891892,17.027027027027028,74.05405405405405,58.108108108108105,15.945945945945947
E00185895,274,70,17,53,204,176,28,25.547445255474454,6.204379562043796,19.34306569343066,74.45255474452554,64.23357664233576,10.218978102189782
E00185903,146,36,7,29,110,96,14,24.65753424657534,4.794520547945205,19.863013698630137,75.34246575342466,65.75342465753424,9.58904109589041
E00185904,132,24,11,13,108,86,22,18.181818181818183,8.333333333333332,9.848484848484848,81.81818181818183,65.15151515151516,16.666666666666664
E00185909,171,31,9,22,140,117,23,18.128654970760234,5.263157894736842,12.865497076023392,81.87134502923976,68.42105263157895,13.450292397660817
E00185917,161,30,13,17,131,118,13,18.633540372670808,8.074534161490684,10.559006211180124,81.36645962732919,73.29192546583852,8.074534161490684
E00185918,77,19,5,14,58,50,8,24.675324675324674,6.493506493506493,18.181818181818183,75.32467532467533,64.93506493506493,10.38961038961039
E00185921,123,29,4,25,94,84,10,23.577235772357724,3.2520325203252036,20.32520325203252,76.42276422764228,68.29268292682927,8.130081300813007
E00185922,248,41,11,30,207,182,25,16.532258064516128,4.435483870967742,12.096774193548388,83.46774193548387,73.38709677419355,10.080645161290322
E00185931,156,55,10,45,101,90,11,35.256410256410255,6.41025641025641,28.846153846153843,64.74358974358975,57.692307692307686,7.051282051282051
E00185945,140,28,4,24,112,90,22,20,2.857142857142857,17.142857142857142,80,64.28571428571429,15.714285714285714
E00185946,64,24,7,17,40,31,9,37.5,10.9375,26.5625,62.5,48.4375,14.0625
E00185954,91,22,7,15,69,65,4,24.175824175824175,7.6923076923076925,16.483516483516482,75.82417582417582,71.42857142857143,4.395604395604396
E00185960,182,46,11,35,136,107,29,25.274725274725274,6.043956043956044,19.230769230769234,74.72527472527473,58.791208791208796,15.934065934065933
E00185961,277,81,32,49,196,152,44,29.24187725631769,11.552346570397113,17.689530685920577,70.7581227436823,54.87364620938629,15.884476534296029
E00185966,86,25,7,18,61,51,10,29.069767441860467,8.13953488372093,20.930232558139537,70.93023255813954,59.30232558139535,11.627906976744185
E00185969,312,70,20,50,242,207,35,22.435897435897438,6.41025641025641,16.025641025641026,77.56410256410257,66.34615384615384,11.217948717948719
E00185972,127,27,6,21,100,80,20,21.25984251968504,4.724409448818897,16.535433070866144,78.74015748031496,62.99212598425197,15.748031496062993
E00185976,338,68,20,48,270,224,46,20.118343195266274,5.9171597633136095,14.201183431952662,79.88165680473372,66.27218934911244,13.609467455621301
E00185977,318,82,19,63,236,210,26,25.78616352201258,5.9748427672955975,19.81132075471698,74.21383647798741,66.0377358490566,8.176100628930817
E00185978,192,46,23,23,146,127,19,23.958333333333336,11.979166666666668,11.979166666666668,76.04166666666666,66.14583333333334,9.895833333333332
E00185979,176,41,12,29,135,122,13,23.295454545454543,6.8181818181818175,16.477272727272727,76.70454545454545,69.31818181818183,7.386363636363637
E00185980,158,37,15,22,121,101,20,23.417721518987342,9.49367088607595,13.924050632911392,76.58227848101265,63.92405063291139,12.658227848101266
E00185981,63,16,4,12,47,40,7,25.396825396825395,6.349206349206349,19.047619047619047,74.60317460317461,63.49206349206349,11.11111111111111
E00185983,243,50,12,38,193,171,22,20.5761316872428,4.938271604938271,15.637860082304528,79.42386831275721,70.37037037037037,9.053497942386832
E00185985,172,35,7,28,137,119,18,20.348837209302324,4.069767441860465,16.27906976744186,79.65116279069767,69.18604651162791,10.465116279069768
E00185999,125,36,11,25,89,83,6,28.799999999999997,8.799999999999999,20,71.2,66.4,4.8
E00186001,150,27,7,20,123,101,22,18,4.666666666666667,13.333333333333334,82,67.33333333333333,14.666666666666666
E00186003,299,72,21,51,227,175,52,24.08026755852843,7.023411371237458,17.05685618729097,75.91973244147158,58.52842809364549,17.391304347826086
E00186004,236,50,12,38,186,143,43,21.1864406779661,5.084745762711865,16.101694915254235,78.8135593220339,60.59322033898306,18.220338983050848
E00186005,119,41,19,22,78,65,13,34.45378151260504,15.966386554621847,18.487394957983195,65.54621848739495,54.621848739495796,10.92436974789916
E00186010,338,63,14,49,275,235,40,18.639053254437872,4.142011834319527,14.497041420118343,81.36094674556213,69.5266272189349,11.834319526627219
E00186011,227,49,14,35,178,140,38,21.58590308370044,6.167400881057269,15.418502202643172,78.41409691629956,61.67400881057269,16.740088105726873
E00186012,343,82,23,59,261,219,42,23.9067055393586,6.705539358600583,17.20116618075802,76.0932944606414,63.84839650145773,12.244897959183673
E00186014,257,48,13,35,209,180,29,18.67704280155642,5.058365758754864,13.618677042801556,81.32295719844358,70.03891050583657,11.284046692607005
E00186018,117,36,11,25,81,64,17,30.76923076923077,9.401709401709402,21.367521367521366,69.23076923076923,54.700854700854705,14.529914529914532
E00186019,212,29,11,18,183,163,20,13.679245283018867,5.188679245283019,8.49056603773585,86.32075471698113,76.88679245283019,9.433962264150944
E00186020,179,38,12,26,141,122,19,21.22905027932961,6.70391061452514,14.52513966480447,78.77094972067039,68.15642458100558,10.614525139664805
E00186026,70,23,6,17,47,41,6,32.857142857142854,8.571428571428571,24.285714285714285,67.14285714285714,58.57142857142858,8.571428571428571
E00186027,303,57,20,37,246,222,24,18.81188118811881,6.6006600660066,12.211221122112212,81.1881188118812,73.26732673267327,7.920792079207921
E00186028,116,19,4,15,97,79,18,16.379310344827587,3.4482758620689653,12.931034482758621,83.62068965517241,68.10344827586206,15.517241379310345
E00186031,107,27,8,19,80,72,8,25.233644859813083,7.476635514018691,17.75700934579439,74.76635514018692,67.28971962616822,7.476635514018691
E00186032,152,30,9,21,122,103,19,19.736842105263158,5.921052631578947,13.815789473684212,80.26315789473685,67.76315789473685,12.5
E00186033,287,68,21,47,219,177,42,23.693379790940767,7.317073170731707,16.376306620209057,76.30662020905923,61.672473867595826,14.634146341463413
E00186034,164,36,8,28,128,108,20,21.951219512195124,4.878048780487805,17.073170731707318,78.04878048780488,65.85365853658537,12.195121951219512
E00186038,50,15,4,11,35,34,1,30,8,22,70,68,2
E00186046,194,47,16,31,147,127,20,24.22680412371134,8.24742268041237,15.979381443298967,75.77319587628865,65.4639175257732,10.309278350515463
E00186048,55,20,6,14,35,24,11,36.36363636363637,10.909090909090908,25.454545454545453,63.63636363636363,43.63636363636363,20
E00186057,193,46,16,30,147,131,16,23.83419689119171,8.290155440414509,15.544041450777202,76.16580310880829,67.87564766839378,8.290155440414509
E00186061,150,37,12,25,113,103,10,24.666666666666668,8,16.666666666666664,75.33333333333333,68.66666666666667,6.666666666666667
E00186062,322,63,16,47,259,234,25,19.565217391304348,4.968944099378882,14.596273291925465,80.43478260869566,72.67080745341616,7.763975155279502
E00186063,265,46,11,35,219,168,51,17.358490566037734,4.150943396226415,13.20754716981132,82.64150943396227,63.39622641509434,19.245283018867926
E00186068,81,16,8,8,65,56,9,19.753086419753085,9.876543209876543,9.876543209876543,80.24691358024691,69.1358024691358,11.11111111111111
E00186077,221,50,15,35,171,161,10,22.624434389140273,6.787330316742081,15.837104072398189,77.37556561085974,72.85067873303167,4.524886877828054
E00186079,65,14,5,9,51,40,11,21.53846153846154,7.6923076923076925,13.846153846153847,78.46153846153847,61.53846153846154,16.923076923076923
E00186081,183,47,17,30,136,116,20,25.683060109289617,9.289617486338798,16.39344262295082,74.31693989071039,63.387978142076506,10.92896174863388
E00186082,144,46,17,29,98,67,31,31.944444444444443,11.805555555555555,20.13888888888889,68.05555555555556,46.52777777777778,21.52777777777778
E00186083,216,36,4,32,180,172,8,16.666666666666664,1.8518518518518516,14.814814814814813,83.33333333333334,79.62962962962963,3.7037037037037033
