OA,ts0380001,ts0380002,ts0380003,ts0380004,ts0380005,ts0380006,ts0380007,ts0380002_PCT,ts0380003_PCT,ts0380004_PCT,ts0380005_PCT,ts0380006_PCT,ts0380007_PCT
E00144833,277,35,11,24,242,29,213,12.63537906137184,3.9711191335740073,8.664259927797833,87.36462093862815,10.469314079422382,76.89530685920577
E00144834,280,59,17,42,221,18,203,21.071428571428573,6.071428571428571,15,78.92857142857143,6.428571428571428,72.5
E00144835,541,71,24,47,470,32,438,13.123844731977819,4.436229205175601,8.687615526802219,86.87615526802219,5.914972273567468,80.96118299445472
E00144836,353,49,14,35,304,26,278,13.881019830028329,3.9660056657223794,9.91501416430595,86.11898016997166,7.365439093484419,78.75354107648725
E00144837,577,121,70,51,456,47,409,20.97053726169844,12.131715771230503,8.838821490467938,79.02946273830156,8.145580589254767,70.8838821490468
E00144838,570,66,23,43,504,46,458,11.578947368421053,4.035087719298246,7.5438596491228065,88.42105263157895,8.070175438596491,80.35087719298247
E00144839,359,68,26,42,291,23,268,18.94150417827298,7.242339832869081,11.699164345403899,81.05849582172702,6.406685236768802,74.65181058495823
E00144840,357,62,27,35,295,25,270,17.366946778711483,7.563025210084033,9.803921568627452,82.6330532212885,7.002801120448179,75.63025210084034
E00144841,172,26,12,14,146,21,125,15.11627906976744,6.976744186046512,8.13953488372093,84.88372093023256,12.209302325581394,72.67441860465115
E00144843,467,56,19,37,411,39,372,11.991434689507495,4.068522483940043,7.922912205567452,88.0085653104925,8.35117773019272,79.65738758029978
E00144844,542,50,15,35,492,24,468,9.22509225092251,2.7675276752767526,6.4575645756457565,90.7749077490775,4.428044280442804,86.34686346863468
E00144845,315,38,12,26,277,21,256,12.063492063492063,3.8095238095238098,8.253968253968253,87.93650793650794,6.666666666666667,81.26984126984127
E00144848,530,70,23,47,460,41,419,13.20754716981132,4.3396226415094334,8.867924528301886,86.79245283018868,7.735849056603773,79.05660377358491
E00144849,303,30,12,18,273,21,252,9.900990099009901,3.9603960396039604,5.9405940594059405,90.0990099009901,6.9306930693069315,83.16831683168317
E00144850,401,47,16,31,354,33,321,11.72069825436409,3.99002493765586,7.73067331670823,88.2793017456359,8.229426433915211,80.0498753117207
E00144851,235,23,9,14,212,14,198,9.787234042553191,3.829787234042553,5.957446808510639,90.2127659574468,5.957446808510639,84.25531914893617
E00144852,275,29,11,18,246,24,222,10.545454545454545,4,6.545454545454546,89.45454545454545,8.727272727272728,80.72727272727272
E00144853,317,48,17,31,269,19,250,15.141955835962145,5.3627760252365935,9.779179810725552,84.85804416403786,5.993690851735016,78.86435331230284
E00144854,289,43,18,25,246,24,222,14.878892733564014,6.228373702422145,8.650519031141869,85.12110726643598,8.304498269896193,76.8166089965398
E00144855,287,30,11,19,257,28,229,10.452961672473867,3.8327526132404177,6.620209059233449,89.54703832752612,9.75609756097561,79.79094076655052
E00144856,272,38,15,23,234,21,213,13.970588235294118,5.514705882352941,8.455882352941178,86.02941176470588,7.720588235294118,78.30882352941177
E00144857,265,68,33,35,197,21,176,25.660377358490567,12.452830188679245,13.20754716981132,74.33962264150942,7.9245283018867925,66.41509433962264
E00144858,253,33,8,25,220,24,196,13.043478260869565,3.1620553359683794,9.881422924901186,86.95652173913044,9.486166007905137,77.4703557312253
E00144859,292,31,9,22,261,24,237,10.616438356164384,3.0821917808219177,7.534246575342466,89.38356164383562,8.21917808219178,81.16438356164383
E00144860,287,48,16,32,239,20,219,16.72473867595819,5.574912891986063,11.149825783972126,83.27526132404182,6.968641114982578,76.30662020905923
E00144861,271,36,8,28,235,16,219,13.284132841328415,2.952029520295203,10.33210332103321,86.71586715867159,5.904059040590406,80.81180811808119
E00144863,345,49,18,31,296,22,274,14.202898550724639,5.217391304347826,8.985507246376812,85.79710144927536,6.3768115942028984,79.42028985507247
E00144864,236,52,17,35,184,11,173,22.033898305084744,7.203389830508475,14.83050847457627,77.96610169491525,4.661016949152542,73.30508474576271
E00144865,337,51,16,35,286,24,262,15.133531157270031,4.747774480712167,10.385756676557865,84.86646884272997,7.121661721068249,77.74480712166172
E00144866,327,33,6,27,294,24,270,10.091743119266056,1.834862385321101,8.256880733944955,89.90825688073394,7.339449541284404,82.56880733944955
E00144867,337,57,22,35,280,26,254,16.913946587537094,6.528189910979229,10.385756676557865,83.08605341246292,7.71513353115727,75.37091988130564
E00144868,343,52,18,34,291,20,271,15.160349854227405,5.247813411078718,9.912536443148689,84.8396501457726,5.830903790087463,79.00874635568513
E00144869,278,65,32,33,213,26,187,23.381294964028775,11.510791366906476,11.870503597122301,76.61870503597122,9.352517985611511,67.26618705035972
E00144870,314,50,18,32,264,23,241,15.92356687898089,5.7324840764331215,10.191082802547772,84.07643312101911,7.32484076433121,76.75159235668791
E00144871,291,45,18,27,246,25,221,15.463917525773196,6.185567010309279,9.278350515463918,84.5360824742268,8.59106529209622,75.94501718213058
E00144872,255,63,28,35,192,20,172,24.705882352941178,10.980392156862745,13.725490196078432,75.29411764705883,7.8431372549019605,67.45098039215686
E00144873,234,34,14,20,200,21,179,14.529914529914532,5.982905982905983,8.547008547008547,85.47008547008546,8.974358974358974,76.49572649572649
E00144874,238,48,11,37,190,23,167,20.168067226890756,4.621848739495799,15.546218487394958,79.83193277310924,9.663865546218489,70.16806722689076
E00144876,274,80,56,24,194,20,174,29.1970802919708,20.437956204379564,8.75912408759124,70.8029197080292,7.2992700729927,63.503649635036496
E00144877,410,120,69,51,290,28,262,29.268292682926827,16.82926829268293,12.439024390243903,70.73170731707317,6.829268292682928,63.90243902439025
E00144878,388,36,14,22,352,21,331,9.278350515463918,3.608247422680412,5.670103092783505,90.72164948453609,5.412371134020619,85.30927835051546
E00144879,253,48,5,43,205,19,186,18.972332015810274,1.9762845849802373,16.99604743083004,81.02766798418972,7.5098814229249005,73.51778656126481
E00144880,321,44,12,32,277,21,256,13.707165109034266,3.7383177570093453,9.968847352024921,86.29283489096574,6.5420560747663545,79.75077881619937
E00144881,342,54,20,34,288,25,263,15.789473684210526,5.847953216374268,9.941520467836257,84.21052631578947,7.309941520467836,76.90058479532163
E00144882,315,56,24,32,259,32,227,17.77777777777778,7.6190476190476195,10.158730158730158,82.22222222222221,10.158730158730158,72.06349206349206
E00144883,250,54,23,31,196,25,171,21.6,9.2,12.4,78.4,10,68.4
E00144884,327,54,23,31,273,29,244,16.51376146788991,7.033639143730887,9.480122324159021,83.4862385321101,8.868501529051988,74.61773700305811
E00144885,270,58,23,35,212,21,191,21.48148148148148,8.518518518518519,12.962962962962962,78.51851851851852,7.777777777777778,70.74074074074073
E00144886,285,41,13,28,244,36,208,14.385964912280702,4.56140350877193,9.824561403508772,85.6140350877193,12.631578947368421,72.98245614035088
E00144887,375,53,12,41,322,20,302,14.133333333333335,3.2,10.933333333333334,85.86666666666667,5.333333333333334,80.53333333333333
E00144888,261,35,11,24,226,29,197,13.409961685823754,4.21455938697318,9.195402298850574,86.59003831417624,11.11111111111111,75.47892720306514
E00144889,421,129,60,69,292,25,267,30.641330166270787,14.251781472684085,16.389548693586697,69.35866983372921,5.938242280285035,63.42042755344418
E00144891,341,65,27,38,276,31,245,19.06158357771261,7.9178885630498534,11.143695014662756,80.93841642228739,9.090909090909092,71.8475073313783
E00144892,559,82,21,61,477,52,425,14.669051878354203,3.7567084078711988,10.912343470483005,85.3309481216458,9.30232558139535,76.02862254025044
E00144894,255,49,27,22,206,18,188,19.215686274509807,10.588235294117647,8.627450980392156,80.7843137254902,7.0588235294117645,73.72549019607844
E00144895,238,78,53,25,160,13,147,32.773109243697476,22.268907563025213,10.504201680672269,67.22689075630252,5.46218487394958,61.76470588235294
E00144896,282,34,13,21,248,19,229,12.056737588652481,4.609929078014184,7.446808510638298,87.94326241134752,6.73758865248227,81.20567375886525
E00144897,303,32,10,22,271,23,248,10.561056105610561,3.3003300330033,7.2607260726072615,89.43894389438944,7.590759075907591,81.84818481848185
E00144899,375,97,58,39,278,29,249,25.866666666666667,15.466666666666667,10.4,74.13333333333333,7.733333333333333,66.4
E00144901,365,35,15,20,330,18,312,9.58904109589041,4.10958904109589,5.47945205479452,90.41095890410958,4.931506849315069,85.47945205479452
E00144902,287,39,12,27,248,20,228,13.588850174216027,4.181184668989547,9.40766550522648,86.41114982578398,6.968641114982578,79.44250871080139
E00144903,228,32,4,28,196,16,180,14.035087719298245,1.7543859649122806,12.280701754385964,85.96491228070175,7.017543859649122,78.94736842105263
E00144904,319,59,34,25,260,17,243,18.495297805642632,10.658307210031348,7.836990595611286,81.50470219435736,5.329153605015674,76.17554858934169
E00144905,327,47,18,29,280,27,253,14.37308868501529,5.5045871559633035,8.868501529051988,85.62691131498471,8.256880733944955,77.37003058103976
E00144906,379,37,17,20,342,10,332,9.762532981530343,4.485488126649076,5.277044854881266,90.23746701846966,2.638522427440633,87.59894459102902
E00144907,279,28,7,21,251,23,228,10.03584229390681,2.5089605734767026,7.526881720430108,89.96415770609319,8.24372759856631,81.72043010752688
E00144908,284,33,11,22,251,25,226,11.619718309859154,3.873239436619718,7.746478873239436,88.38028169014085,8.80281690140845,79.5774647887324
E00144909,383,34,7,27,349,26,323,8.87728459530026,1.8276762402088773,7.049608355091384,91.12271540469973,6.7885117493472595,84.33420365535248
E00144910,236,20,8,12,216,11,205,8.47457627118644,3.389830508474576,5.084745762711865,91.52542372881356,4.661016949152542,86.86440677966102
E00144911,245,41,8,33,204,13,191,16.73469387755102,3.2653061224489797,13.46938775510204,83.26530612244898,5.3061224489795915,77.9591836734694
E00144912,282,37,7,30,245,19,226,13.120567375886525,2.4822695035460995,10.638297872340425,86.87943262411348,6.73758865248227,80.1418439716312
E00144913,268,34,11,23,234,16,218,12.686567164179104,4.104477611940299,8.582089552238806,87.31343283582089,5.970149253731343,81.34328358208955
E00144914,318,69,33,36,249,11,238,21.69811320754717,10.377358490566039,11.320754716981133,78.30188679245283,3.459119496855346,74.84276729559748
E00144915,217,15,3,12,202,10,192,6.912442396313365,1.3824884792626728,5.529953917050691,93.08755760368663,4.6082949308755765,88.47926267281106
E00144916,251,18,5,13,233,26,207,7.171314741035857,1.9920318725099602,5.179282868525896,92.82868525896414,10.358565737051793,82.47011952191235
E00144917,275,29,8,21,246,22,224,10.545454545454545,2.909090909090909,7.636363636363637,89.45454545454545,8,81.45454545454545
E00144918,314,42,16,26,272,12,260,13.375796178343949,5.095541401273886,8.280254777070063,86.62420382165605,3.821656050955414,82.80254777070064
E00144920,358,55,18,37,303,21,282,15.363128491620111,5.027932960893855,10.335195530726256,84.63687150837988,5.865921787709497,78.77094972067039
E00144921,368,87,33,54,281,24,257,23.641304347826086,8.967391304347826,14.673913043478262,76.3586956521739,6.521739130434782,69.83695652173914
E00144922,275,24,6,18,251,24,227,8.727272727272728,2.181818181818182,6.545454545454546,91.27272727272727,8.727272727272728,82.54545454545455
E00144923,215,79,39,40,136,18,118,36.74418604651163,18.13953488372093,18.6046511627907,63.25581395348837,8.372093023255815,54.88372093023256
E00144924,373,67,18,49,306,25,281,17.962466487935657,4.825737265415549,13.136729222520108,82.03753351206434,6.702412868632708,75.33512064343164
E00144925,322,47,13,34,275,19,256,14.596273291925465,4.037267080745342,10.559006211180124,85.40372670807453,5.900621118012422,79.5031055900621
E00144927,172,51,24,27,121,9,112,29.651162790697676,13.953488372093023,15.69767441860465,70.34883720930233,5.232558139534884,65.11627906976744
E00144928,301,36,14,22,265,40,225,11.960132890365449,4.651162790697675,7.308970099667775,88.03986710963456,13.2890365448505,74.75083056478405
E00144929,282,45,12,33,237,27,210,15.957446808510639,4.25531914893617,11.702127659574469,84.04255319148936,9.574468085106384,74.46808510638297
E00144930,278,38,13,25,240,21,219,13.66906474820144,4.676258992805756,8.992805755395683,86.33093525179856,7.553956834532374,78.77697841726618
E00144931,265,41,20,21,224,18,206,15.471698113207546,7.547169811320755,7.9245283018867925,84.52830188679246,6.7924528301886795,77.73584905660378
E00144932,258,28,8,20,230,25,205,10.852713178294573,3.10077519379845,7.751937984496124,89.14728682170544,9.689922480620156,79.45736434108527
E00144933,294,35,17,18,259,25,234,11.904761904761903,5.782312925170068,6.122448979591836,88.09523809523809,8.503401360544217,79.59183673469387
E00144934,273,45,16,29,228,17,211,16.483516483516482,5.86080586080586,10.622710622710622,83.51648351648352,6.227106227106227,77.2893772893773
E00144936,221,39,15,24,182,21,161,17.647058823529413,6.787330316742081,10.85972850678733,82.35294117647058,9.502262443438914,72.85067873303167
E00144937,235,48,19,29,187,24,163,20.425531914893615,8.085106382978724,12.340425531914894,79.57446808510639,10.212765957446807,69.36170212765957
E00144938,287,35,15,20,252,16,236,12.195121951219512,5.2264808362369335,6.968641114982578,87.8048780487805,5.574912891986063,82.22996515679442
E00144940,284,53,20,33,231,14,217,18.661971830985916,7.042253521126761,11.619718309859154,81.33802816901408,4.929577464788732,76.40845070422534
E00144941,335,39,8,31,296,23,273,11.641791044776118,2.3880597014925375,9.253731343283581,88.35820895522389,6.865671641791045,81.49253731343283
E00144942,273,41,19,22,232,19,213,15.018315018315018,6.95970695970696,8.058608058608058,84.98168498168498,6.95970695970696,78.02197802197803
E00144943,261,62,31,31,199,11,188,23.754789272030653,11.877394636015326,11.877394636015326,76.24521072796935,4.21455938697318,72.03065134099617
E00144944,283,33,15,18,250,27,223,11.66077738515901,5.30035335689046,6.36042402826855,88.33922261484098,9.540636042402827,78.79858657243817
E00144945,343,45,18,27,298,34,264,13.119533527696792,5.247813411078718,7.871720116618077,86.88046647230321,9.912536443148689,76.96793002915452
E00144946,237,32,11,21,205,28,177,13.502109704641349,4.641350210970464,8.860759493670885,86.49789029535864,11.814345991561181,74.68354430379746
E00144947,287,42,18,24,245,19,226,14.634146341463413,6.2717770034843205,8.362369337979095,85.36585365853658,6.620209059233449,78.74564459930313
E00144948,404,69,26,43,335,22,313,17.07920792079208,6.435643564356436,10.643564356435643,82.92079207920791,5.445544554455446,77.47524752475248
E00144949,297,70,33,37,227,17,210,23.56902356902357,11.11111111111111,12.457912457912458,76.43097643097643,5.723905723905724,70.70707070707071
E00144950,340,46,24,22,294,8,286,13.529411764705882,7.0588235294117645,6.470588235294119,86.47058823529412,2.3529411764705883,84.11764705882354
E00144951,397,45,23,22,352,17,335,11.335012594458437,5.793450881612091,5.541561712846348,88.66498740554157,4.282115869017632,84.38287153652394
E00144952,303,43,18,25,260,14,246,14.19141914191419,5.9405940594059405,8.25082508250825,85.8085808580858,4.62046204620462,81.1881188118812
E00144953,353,65,30,35,288,33,255,18.413597733711047,8.498583569405099,9.91501416430595,81.58640226628894,9.34844192634561,72.23796033994334
E00144954,388,59,31,28,329,23,306,15.206185567010309,7.989690721649484,7.216494845360824,84.79381443298969,5.927835051546391,78.8659793814433
E00144955,351,42,27,15,309,19,290,11.965811965811966,7.6923076923076925,4.273504273504273,88.03418803418803,5.413105413105413,82.62108262108262
E00144956,255,39,19,20,216,27,189,15.294117647058824,7.450980392156863,7.8431372549019605,84.70588235294117,10.588235294117647,74.11764705882354
E00144957,308,62,33,29,246,20,226,20.12987012987013,10.714285714285714,9.415584415584416,79.87012987012987,6.493506493506493,73.37662337662337
E00144958,367,54,19,35,313,28,285,14.713896457765669,5.177111716621254,9.536784741144414,85.28610354223434,7.629427792915531,77.65667574931881
E00144959,273,36,12,24,237,21,216,13.186813186813188,4.395604395604396,8.791208791208792,86.81318681318682,7.6923076923076925,79.12087912087912
E00144960,353,47,19,28,306,20,286,13.314447592067987,5.382436260623229,7.932011331444759,86.68555240793201,5.6657223796034,81.01983002832861
E00144961,395,58,28,30,337,22,315,14.683544303797468,7.088607594936709,7.59493670886076,85.31645569620252,5.5696202531645564,79.74683544303798
E00144962,333,65,28,37,268,21,247,19.51951951951952,8.408408408408409,11.11111111111111,80.48048048048048,6.306306306306306,74.17417417417418
E00144963,249,52,26,26,197,19,178,20.883534136546185,10.441767068273093,10.441767068273093,79.11646586345381,7.630522088353414,71.4859437751004
E00144964,319,45,19,26,274,24,250,14.106583072100312,5.956112852664576,8.150470219435736,85.8934169278997,7.523510971786834,78.36990595611285
E00144965,327,40,13,27,287,23,264,12.232415902140673,3.9755351681957185,8.256880733944955,87.76758409785933,7.033639143730887,80.73394495412845
E00144966,374,68,32,36,306,15,291,18.181818181818183,8.55614973262032,9.62566844919786,81.81818181818183,4.0106951871657754,77.80748663101605
E00144967,340,53,16,37,287,27,260,15.588235294117647,4.705882352941177,10.882352941176471,84.41176470588235,7.941176470588235,76.47058823529412
E00144968,389,67,21,46,322,20,302,17.223650385604113,5.3984575835475574,11.825192802056556,82.77634961439588,5.141388174807198,77.6349614395887
E00144969,360,46,19,27,314,23,291,12.777777777777777,5.277777777777778,7.5,87.22222222222223,6.388888888888888,80.83333333333333
E00144970,432,63,26,37,369,35,334,14.583333333333334,6.018518518518518,8.564814814814815,85.41666666666666,8.101851851851851,77.31481481481481
E00144971,321,63,31,32,258,12,246,19.626168224299064,9.657320872274143,9.968847352024921,80.37383177570094,3.7383177570093453,76.63551401869158
E00144972,339,45,14,31,294,20,274,13.274336283185843,4.129793510324483,9.144542772861357,86.72566371681415,5.899705014749262,80.8259587020649
E00144973,317,56,29,27,261,21,240,17.665615141955836,9.14826498422713,8.517350157728707,82.33438485804416,6.624605678233439,75.70977917981072
E00144974,327,62,30,32,265,23,242,18.960244648318042,9.174311926605505,9.785932721712538,81.03975535168195,7.033639143730887,74.00611620795107
E00144975,351,56,21,35,295,20,275,15.954415954415953,5.982905982905983,9.971509971509972,84.04558404558404,5.698005698005698,78.34757834757835
E00144976,310,50,20,30,260,10,250,16.129032258064516,6.451612903225806,9.67741935483871,83.87096774193549,3.225806451612903,80.64516129032258
E00144977,385,64,28,36,321,25,296,16.623376623376622,7.2727272727272725,9.35064935064935,83.37662337662337,6.493506493506493,76.88311688311688
E00144978,366,48,30,18,318,12,306,13.114754098360656,8.19672131147541,4.918032786885246,86.88524590163934,3.278688524590164,83.60655737704919
E00144979,372,62,28,34,310,21,289,16.666666666666664,7.526881720430108,9.13978494623656,83.33333333333334,5.64516129032258,77.68817204301075
E00144980,339,77,37,40,262,20,242,22.71386430678466,10.914454277286136,11.799410029498524,77.28613569321534,5.899705014749262,71.38643067846607
E00144981,359,69,35,34,290,18,272,19.220055710306408,9.749303621169917,9.47075208913649,80.77994428969359,5.013927576601671,75.76601671309191
E00144982,345,59,19,40,286,24,262,17.101449275362317,5.507246376811594,11.594202898550725,82.89855072463767,6.956521739130435,75.94202898550725
E00144983,449,136,67,69,313,24,289,30.28953229398664,14.92204899777283,15.367483296213807,69.71046770601336,5.3452115812917596,64.3652561247216
E00144984,368,64,21,43,304,23,281,17.391304347826086,5.706521739130435,11.684782608695652,82.6086956521739,6.25,76.3586956521739
E00144985,242,61,21,40,181,11,170,25.206611570247933,8.677685950413224,16.528925619834713,74.79338842975206,4.545454545454546,70.24793388429752
E00144986,323,75,34,41,248,14,234,23.219814241486066,10.526315789473683,12.693498452012383,76.78018575851394,4.3343653250774,72.44582043343654
E00144987,341,62,18,44,279,22,257,18.181818181818183,5.278592375366569,12.903225806451612,81.81818181818183,6.451612903225806,75.366568914956
E00144988,434,91,38,53,343,21,322,20.967741935483872,8.755760368663594,12.211981566820276,79.03225806451613,4.838709677419355,74.19354838709677
E00144989,359,79,34,45,280,15,265,22.00557103064067,9.47075208913649,12.534818941504177,77.99442896935933,4.178272980501393,73.81615598885793
E00144990,338,85,38,47,253,19,234,25.14792899408284,11.242603550295858,13.905325443786982,74.85207100591717,5.621301775147929,69.23076923076923
E00144991,317,74,30,44,243,29,214,23.34384858044164,9.46372239747634,13.880126182965299,76.65615141955836,9.14826498422713,67.50788643533123
E00144992,315,48,19,29,267,30,237,15.238095238095239,6.031746031746032,9.206349206349207,84.76190476190476,9.523809523809524,75.23809523809524
E00144993,294,61,23,38,233,14,219,20.74829931972789,7.8231292517006805,12.925170068027212,79.25170068027211,4.761904761904762,74.48979591836735
E00144994,337,50,17,33,287,19,268,14.836795252225517,5.044510385756676,9.792284866468842,85.16320474777447,5.637982195845697,79.52522255192879
E00144995,369,43,11,32,326,27,299,11.653116531165312,2.9810298102981028,8.672086720867208,88.34688346883469,7.317073170731707,81.02981029810297
E00144996,342,50,11,39,292,30,262,14.619883040935672,3.216374269005848,11.403508771929824,85.38011695906432,8.771929824561402,76.60818713450293
E00144997,244,64,34,30,180,18,162,26.229508196721312,13.934426229508196,12.295081967213115,73.77049180327869,7.377049180327869,66.39344262295081
E00144998,349,54,21,33,295,32,263,15.472779369627506,6.017191977077363,9.455587392550143,84.5272206303725,9.169054441260744,75.35816618911176
E00144999,301,18,3,15,283,27,256,5.980066445182724,0.9966777408637874,4.983388704318937,94.01993355481729,8.970099667774086,85.04983388704319
E00145000,407,54,18,36,353,22,331,13.267813267813267,4.422604422604422,8.845208845208845,86.73218673218673,5.405405405405405,81.32678132678133
E00145001,367,44,15,29,323,36,287,11.989100817438691,4.087193460490464,7.901907356948229,88.0108991825613,9.809264305177113,78.2016348773842
E00145002,293,43,13,30,250,25,225,14.675767918088736,4.436860068259386,10.238907849829351,85.32423208191126,8.532423208191126,76.79180887372013
E00145003,294,52,24,28,242,22,220,17.687074829931973,8.16326530612245,9.523809523809524,82.31292517006803,7.482993197278912,74.82993197278913
E00145004,218,55,19,36,163,21,142,25.229357798165136,8.715596330275229,16.51376146788991,74.77064220183486,9.63302752293578,65.13761467889908
E00145005,525,65,14,51,460,50,410,12.380952380952381,2.666666666666667,9.714285714285714,87.61904761904762,9.523809523809524,78.0952380952381
E00145006,288,41,19,22,247,24,223,14.23611111111111,6.597222222222222,7.638888888888889,85.76388888888889,8.333333333333332,77.43055555555556
E00145007,339,42,11,31,297,22,275,12.389380530973451,3.2448377581120944,9.144542772861357,87.61061946902655,6.489675516224189,81.12094395280236
E00145008,286,42,16,26,244,24,220,14.685314685314685,5.594405594405594,9.090909090909092,85.3146853146853,8.391608391608392,76.92307692307693
E00145009,460,54,12,42,406,42,364,11.73913043478261,2.608695652173913,9.130434782608695,88.26086956521739,9.130434782608695,79.13043478260869
E00145010,352,34,8,26,318,32,286,9.659090909090908,2.272727272727273,7.386363636363637,90.3409090909091,9.090909090909092,81.25
E00145011,356,60,28,32,296,30,266,16.853932584269664,7.865168539325842,8.98876404494382,83.14606741573034,8.426966292134832,74.71910112359551
E00145012,381,63,28,35,318,26,292,16.535433070866144,7.349081364829396,9.186351706036746,83.46456692913385,6.824146981627297,76.64041994750657
E00145013,310,19,4,15,291,32,259,6.129032258064516,1.2903225806451613,4.838709677419355,93.87096774193549,10.32258064516129,83.54838709677419
E00145014,282,29,11,18,253,16,237,10.28368794326241,3.900709219858156,6.382978723404255,89.71631205673759,5.673758865248227,84.04255319148936
E00145015,322,21,8,13,301,13,288,6.521739130434782,2.484472049689441,4.037267080745342,93.47826086956522,4.037267080745342,89.44099378881988
E00145016,314,31,8,23,283,23,260,9.872611464968154,2.547770700636943,7.32484076433121,90.12738853503186,7.32484076433121,82.80254777070064
E00145017,256,24,2,22,232,19,213,9.375,0.78125,8.59375,90.625,7.421875,83.203125
E00145018,304,24,5,19,280,24,256,7.894736842105263,1.644736842105263,6.25,92.10526315789474,7.894736842105263,84.21052631578947
E00145019,359,33,0,33,326,34,292,9.192200557103064,0,9.192200557103064,90.80779944289694,9.47075208913649,81.33704735376045
E00145021,244,18,4,14,226,20,206,7.377049180327869,1.639344262295082,5.737704918032787,92.62295081967213,8.19672131147541,84.42622950819673
E00145022,573,72,34,38,501,43,458,12.56544502617801,5.93368237347295,6.631762652705062,87.43455497382199,7.504363001745201,79.9301919720768
E00145023,233,32,9,23,201,23,178,13.733905579399142,3.862660944206009,9.871244635193133,86.26609442060087,9.871244635193133,76.39484978540773
E00145024,221,26,3,23,195,31,164,11.76470588235294,1.3574660633484164,10.407239819004525,88.23529411764706,14.027149321266968,74.2081447963801
E00145025,388,52,8,44,336,30,306,13.402061855670103,2.0618556701030926,11.34020618556701,86.5979381443299,7.731958762886598,78.8659793814433
E00145026,579,73,28,45,506,47,459,12.607944732297064,4.8359240069084635,7.772020725388601,87.39205526770294,8.117443868739207,79.27461139896373
E00145027,428,43,13,30,385,34,351,10.046728971962617,3.0373831775700935,7.009345794392523,89.95327102803739,7.943925233644859,82.00934579439252
E00145028,418,47,14,33,371,43,328,11.24401913875598,3.349282296650718,7.894736842105263,88.75598086124403,10.287081339712918,78.4688995215311
E00145029,331,33,13,20,298,37,261,9.969788519637463,3.927492447129909,6.042296072507553,90.03021148036254,11.178247734138973,78.85196374622356
E00145030,312,42,10,32,270,31,239,13.461538461538462,3.205128205128205,10.256410256410255,86.53846153846155,9.935897435897436,76.6025641025641
E00145031,549,58,19,39,491,28,463,10.564663023679417,3.4608378870673953,7.103825136612022,89.43533697632058,5.100182149362477,84.3351548269581
E00145032,212,19,6,13,193,19,174,8.962264150943396,2.8301886792452833,6.132075471698113,91.0377358490566,8.962264150943396,82.0754716981132
E00145033,334,29,6,23,305,24,281,8.682634730538922,1.7964071856287425,6.88622754491018,91.31736526946108,7.18562874251497,84.13173652694611
E00145034,314,23,3,20,291,35,256,7.32484076433121,0.9554140127388535,6.369426751592357,92.67515923566879,11.146496815286625,81.52866242038218
E00145035,300,32,12,20,268,18,250,10.666666666666668,4,6.666666666666667,89.33333333333333,6,83.33333333333334
E00145036,252,45,12,33,207,22,185,17.857142857142858,4.761904761904762,13.095238095238097,82.14285714285714,8.73015873015873,73.4126984126984
E00145037,364,42,7,35,322,37,285,11.538461538461538,1.9230769230769231,9.615384615384617,88.46153846153845,10.164835164835164,78.2967032967033
E00145039,214,23,3,20,191,13,178,10.74766355140187,1.4018691588785046,9.345794392523365,89.25233644859813,6.074766355140187,83.17757009345794
E00145040,270,29,4,25,241,26,215,10.74074074074074,1.4814814814814816,9.25925925925926,89.25925925925927,9.62962962962963,79.62962962962963
E00145041,251,30,7,23,221,17,204,11.952191235059761,2.788844621513944,9.163346613545817,88.04780876494024,6.772908366533864,81.27490039840637
E00145042,310,59,17,42,251,20,231,19.032258064516128,5.483870967741936,13.548387096774196,80.96774193548387,6.451612903225806,74.51612903225806
E00145043,298,47,16,31,251,21,230,15.771812080536913,5.369127516778524,10.40268456375839,84.22818791946308,7.046979865771812,77.18120805369128
E00145044,361,34,13,21,327,35,292,9.418282548476455,3.6011080332409975,5.8171745152354575,90.58171745152355,9.695290858725762,80.88642659279779
E00145045,353,58,17,41,295,24,271,16.43059490084986,4.815864022662889,11.614730878186968,83.56940509915015,6.79886685552408,76.77053824362606
E00145046,324,54,23,31,270,19,251,16.666666666666664,7.098765432098765,9.5679012345679,83.33333333333334,5.864197530864197,77.46913580246914
E00145047,238,44,17,27,194,13,181,18.487394957983195,7.142857142857142,11.344537815126051,81.5126050420168,5.46218487394958,76.05042016806722
E00145048,305,50,18,32,255,14,241,16.39344262295082,5.901639344262295,10.491803278688524,83.60655737704919,4.590163934426229,79.01639344262294
E00145049,240,45,14,31,195,22,173,18.75,5.833333333333333,12.916666666666668,81.25,9.166666666666666,72.08333333333333
E00145050,293,43,16,27,250,30,220,14.675767918088736,5.460750853242321,9.215017064846416,85.32423208191126,10.238907849829351,75.0853242320819
E00145051,298,50,25,25,248,26,222,16.778523489932887,8.389261744966444,8.389261744966444,83.22147651006712,8.724832214765101,74.49664429530202
E00145052,287,67,25,42,220,14,206,23.34494773519164,8.710801393728223,14.634146341463413,76.65505226480836,4.878048780487805,71.77700348432056
E00145053,270,60,24,36,210,18,192,22.22222222222222,8.88888888888889,13.333333333333334,77.77777777777779,6.666666666666667,71.11111111111111
E00145054,332,55,21,34,277,11,266,16.566265060240966,6.325301204819277,10.240963855421686,83.43373493975903,3.313253012048193,80.12048192771084
E00145055,173,60,30,30,113,15,98,34.68208092485549,17.341040462427745,17.341040462427745,65.3179190751445,8.670520231213873,56.64739884393064
E00145056,340,59,21,38,281,16,265,17.352941176470587,6.176470588235294,11.176470588235295,82.6470588235294,4.705882352941177,77.94117647058823
E00145057,353,116,62,54,237,23,214,32.86118980169972,17.56373937677054,15.29745042492918,67.13881019830028,6.515580736543909,60.62322946175638
E00145058,324,58,18,40,266,21,245,17.901234567901234,5.555555555555555,12.345679012345679,82.09876543209876,6.481481481481481,75.61728395061729
E00145060,219,19,11,8,200,22,178,8.67579908675799,5.0228310502283104,3.65296803652968,91.32420091324201,10.045662100456621,81.27853881278538
E00145061,297,55,19,36,242,23,219,18.51851851851852,6.397306397306397,12.121212121212121,81.48148148148148,7.744107744107744,73.73737373737373
E00145062,316,43,14,29,273,28,245,13.60759493670886,4.430379746835443,9.177215189873419,86.39240506329115,8.860759493670885,77.53164556962025
E00145063,272,52,21,31,220,23,197,19.11764705882353,7.720588235294118,11.397058823529411,80.88235294117648,8.455882352941178,72.42647058823529
E00145064,355,56,20,36,299,25,274,15.774647887323944,5.633802816901409,10.140845070422536,84.22535211267605,7.042253521126761,77.1830985915493
E00145065,384,83,33,50,301,32,269,21.614583333333336,8.59375,13.020833333333334,78.38541666666666,8.333333333333332,70.05208333333334
E00145066,390,61,25,36,329,27,302,15.64102564102564,6.41025641025641,9.230769230769232,84.35897435897436,6.923076923076923,77.435897435897445
E00145067,309,43,8,35,266,25,241,13.915857605177994,2.5889967637540456,11.326860841423949,86.08414239482201,8.090614886731391,77.99352750809061
E00145068,284,30,11,19,254,33,221,10.56338028169014,3.873239436619718,6.690140845070422,89.43661971830986,11.619718309859154,77.8169014084507
E00145069,301,47,17,30,254,29,225,15.614617940199334,5.647840531561462,9.966777408637874,84.38538205980066,9.634551495016613,74.75083056478405
E00145070,285,52,19,33,233,24,209,18.24561403508772,6.666666666666667,11.578947368421053,81.75438596491227,8.421052631578947,73.33333333333333
E00145071,346,37,11,26,309,28,281,10.69364161849711,3.1791907514450863,7.514450867052023,89.30635838150289,8.092485549132949,81.21387283236994
E00145072,310,60,21,39,250,18,232,19.35483870967742,6.774193548387098,12.580645161290322,80.64516129032258,5.806451612903226,74.83870967741936
E00145073,332,44,15,29,288,17,271,13.253012048192772,4.518072289156627,8.734939759036145,86.74698795180723,5.120481927710843,81.62650602409639
E00145074,272,36,18,18,236,22,214,13.23529411764706,6.61764705882353,6.61764705882353,86.76470588235294,8.088235294117647,78.67647058823529
E00145075,324,31,2,29,293,22,271,9.5679012345679,0.6172839506172839,8.950617283950617,90.4320987654321,6.790123456790123,83.64197530864197
E00145076,296,30,10,20,266,20,246,10.135135135135135,3.3783783783783785,6.756756756756757,89.86486486486487,6.756756756756757,83.1081081081081
E00145077,274,41,17,24,233,26,207,14.963503649635038,6.204379562043796,8.75912408759124,85.03649635036497,9.48905109489051,75.54744525547446
E00145078,288,29,12,17,259,19,240,10.069444444444445,4.166666666666666,5.902777777777778,89.93055555555556,6.597222222222222,83.33333333333334
E00145079,243,74,31,43,169,24,145,30.45267489711934,12.757201646090536,17.695473251028808,69.54732510288066,9.876543209876543,59.67078189300411
E00145080,252,52,21,31,200,22,178,20.634920634920633,8.333333333333332,12.3015873015873,79.36507936507937,8.73015873015873,70.63492063492063
E00145081,329,48,14,34,281,34,247,14.58966565349544,4.25531914893617,10.33434650455927,85.41033434650456,10.33434650455927,75.07598784194529
E00145082,298,28,8,20,270,30,240,9.395973154362416,2.684563758389262,6.7114093959731544,90.60402684563759,10.06711409395973,80.53691275167785
E00145083,337,57,20,37,280,25,255,16.913946587537094,5.934718100890208,10.979228486646884,83.08605341246292,7.418397626112759,75.66765578635015
E00145084,313,33,11,22,280,17,263,10.543130990415335,3.5143769968051117,7.0287539936102235,89.45686900958466,5.431309904153355,84.02555910543131
E00145085,490,63,18,45,427,33,394,12.857142857142856,3.6734693877551026,9.183673469387756,87.14285714285714,6.73469387755102,80.40816326530611
E00145087,364,33,9,24,331,30,301,9.065934065934066,2.4725274725274726,6.593406593406594,90.93406593406593,8.241758241758241,82.6923076923077
E00145088,312,52,14,38,260,22,238,16.666666666666664,4.487179487179487,12.179487179487179,83.33333333333334,7.051282051282051,76.28205128205127
E00145089,370,42,13,29,328,43,285,11.351351351351353,3.5135135135135136,7.837837837837839,88.64864864864866,11.621621621621623,77.02702702702703
E00145090,445,68,23,45,377,26,351,15.280898876404494,5.168539325842696,10.112359550561797,84.71910112359551,5.842696629213483,78.87640449438203
E00145091,370,62,30,32,308,37,271,16.756756756756758,8.108108108108109,8.64864864864865,83.24324324324324,10,73.24324324324324
E00145092,329,42,11,31,287,25,262,12.76595744680851,3.343465045592705,9.422492401215806,87.2340425531915,7.598784194528875,79.63525835866263
E00145096,284,43,12,31,241,38,203,15.140845070422534,4.225352112676056,10.915492957746478,84.85915492957746,13.380281690140844,71.47887323943662
E00145097,270,48,14,34,222,30,192,17.77777777777778,5.185185185185185,12.592592592592592,82.22222222222221,11.11111111111111,71.11111111111111
E00145098,271,36,17,19,235,33,202,13.284132841328415,6.273062730627306,7.011070110701106,86.71586715867159,12.177121771217712,74.53874538745387
E00145099,284,48,18,30,236,31,205,16.901408450704224,6.338028169014084,10.56338028169014,83.09859154929578,10.915492957746478,72.1830985915493
E00145100,408,49,16,33,359,33,326,12.009803921568627,3.9215686274509802,8.088235294117647,87.99019607843137,8.088235294117647,79.90196078431373
E00145101,324,60,23,37,264,16,248,18.51851851851852,7.098765432098765,11.419753086419753,81.48148148148148,4.938271604938271,76.5432098765432
E00145102,423,78,45,33,345,28,317,18.439716312056735,10.638297872340425,7.801418439716312,81.56028368794325,6.619385342789598,74.94089834515366
E00145103,317,43,18,25,274,30,244,13.564668769716087,5.678233438485805,7.886435331230284,86.43533123028391,9.46372239747634,76.97160883280758
E00145104,285,36,15,21,249,27,222,12.631578947368421,5.263157894736842,7.368421052631578,87.36842105263159,9.473684210526317,77.89473684210526
E00145105,389,43,15,28,346,39,307,11.053984575835475,3.8560411311053984,7.197943444730077,88.94601542416453,10.025706940874036,78.9203084832905
E00145107,294,15,7,8,279,13,266,5.1020408163265305,2.380952380952381,2.7210884353741496,94.89795918367348,4.421768707482993,90.47619047619048
E00145108,328,32,9,23,296,37,259,9.75609756097561,2.7439024390243905,7.01219512195122,90.2439024390244,11.28048780487805,78.96341463414635
E00145109,374,108,67,41,266,20,246,28.87700534759358,17.914438502673796,10.962566844919785,71.12299465240642,5.347593582887701,65.77540106951871
E00145110,238,20,6,14,218,21,197,8.403361344537815,2.5210084033613445,5.88235294117647,91.59663865546219,8.823529411764707,82.77310924369748
E00145111,417,68,19,49,349,42,307,16.30695443645084,4.556354916067146,11.750599520383693,83.69304556354916,10.071942446043165,73.621103117506
E00145112,325,47,12,35,278,48,230,14.461538461538462,3.6923076923076925,10.76923076923077,85.53846153846155,14.76923076923077,70.76923076923077
E00145113,324,55,22,33,269,22,247,16.97530864197531,6.790123456790123,10.185185185185185,83.0246913580247,6.790123456790123,76.23456790123457
E00145114,241,28,4,24,213,28,185,11.618257261410788,1.6597510373443984,9.95850622406639,88.38174273858921,11.618257261410788,76.76348547717843
E00145115,236,38,18,20,198,30,168,16.101694915254235,7.627118644067797,8.47457627118644,83.89830508474576,12.711864406779661,71.1864406779661
E00145116,259,35,6,29,224,18,206,13.513513513513514,2.3166023166023164,11.196911196911197,86.48648648648648,6.94980694980695,79.53667953667953
E00145117,249,51,13,38,198,17,181,20.481927710843372,5.220883534136546,15.261044176706829,79.51807228915662,6.827309236947792,72.69076305220884
E00145118,254,32,6,26,222,27,195,12.598425196850393,2.3622047244094486,10.236220472440944,87.4015748031496,10.62992125984252,76.77165354330708
E00145119,209,41,15,26,168,15,153,19.617224880382775,7.177033492822966,12.440191387559809,80.38277511961722,7.177033492822966,73.20574162679426
E00145120,358,72,50,22,286,38,248,20.11173184357542,13.966480446927374,6.145251396648044,79.88826815642457,10.614525139664805,69.27374301675978
E00145121,255,35,6,29,220,24,196,13.725490196078432,2.3529411764705883,11.372549019607844,86.27450980392157,9.411764705882353,76.86274509803923
E00145122,299,48,11,37,251,18,233,16.05351170568562,3.678929765886288,12.37458193979933,83.94648829431438,6.0200668896321075,77.92642140468227
E00145123,309,51,21,30,258,19,239,16.50485436893204,6.796116504854369,9.70873786407767,83.49514563106796,6.148867313915858,77.34627831715211
E00145124,281,45,12,33,236,22,214,16.014234875444842,4.270462633451958,11.743772241992882,83.98576512455516,7.829181494661921,76.15658362989323
E00145125,290,41,9,32,249,17,232,14.13793103448276,3.103448275862069,11.03448275862069,85.86206896551725,5.862068965517241,80
E00145126,340,62,31,31,278,21,257,18.235294117647058,9.117647058823529,9.117647058823529,81.76470588235294,6.176470588235294,75.58823529411765
E00145127,294,46,8,38,248,18,230,15.646258503401361,2.7210884353741496,12.925170068027212,84.35374149659864,6.122448979591836,78.2312925170068
E00145128,548,55,17,38,493,56,437,10.036496350364963,3.102189781021898,6.934306569343065,89.96350364963503,10.218978102189782,79.74452554744525
E00145129,242,39,23,16,203,16,187,16.115702479338843,9.50413223140496,6.6115702479338845,83.88429752066115,6.6115702479338845,77.27272727272727
E00145130,231,29,14,15,202,15,187,12.554112554112553,6.0606060606060606,6.493506493506493,87.44588744588745,6.493506493506493,80.95238095238095
E00145131,487,60,27,33,427,33,394,12.320328542094455,5.544147843942506,6.7761806981519515,87.67967145790554,6.7761806981519515,80.9034907597536
E00145132,279,34,8,26,245,35,210,12.186379928315413,2.867383512544803,9.31899641577061,87.81362007168458,12.544802867383511,75.26881720430107
E00145133,313,51,13,38,262,25,237,16.293929712460063,4.15335463258786,12.140575079872203,83.70607028753993,7.987220447284344,75.71884984025559
E00145134,277,48,18,30,229,19,210,17.328519855595665,6.4981949458483745,10.830324909747292,82.67148014440433,6.859205776173286,75.81227436823104
E00145137,461,52,18,34,409,45,364,11.279826464208242,3.9045553145336225,7.37527114967462,88.72017353579176,9.761388286334057,78.95878524945769
E00145138,299,33,10,23,266,28,238,11.036789297658862,3.3444816053511706,7.6923076923076925,88.96321070234113,9.364548494983277,79.59866220735786
E00145139,301,34,9,25,267,27,240,11.295681063122924,2.990033222591362,8.305647840531561,88.70431893687709,8.970099667774086,79.734219269103
E00145140,291,37,12,25,254,22,232,12.714776632302405,4.123711340206185,8.59106529209622,87.2852233676976,7.560137457044673,79.72508591065292
E00145141,169,20,10,10,149,5,144,11.834319526627219,5.9171597633136095,5.9171597633136095,88.16568047337277,2.9585798816568047,85.20710059171599
E00145142,623,91,33,58,532,57,475,14.606741573033707,5.296950240770466,9.309791332263243,85.39325842696628,9.149277688603531,76.24398073836277
E00145143,368,49,14,35,319,35,284,13.31521739130435,3.804347826086957,9.510869565217392,86.68478260869566,9.510869565217392,77.17391304347827
E00145144,309,34,7,27,275,25,250,11.003236245954692,2.26537216828479,8.737864077669903,88.9967637540453,8.090614886731391,80.90614886731392
E00145145,275,30,10,20,245,23,222,10.909090909090908,3.6363636363636362,7.2727272727272725,89.0909090909091,8.363636363636363,80.72727272727272
E00145146,200,20,8,12,180,13,167,10,4,6,90,6.5,83.5
E00145147,338,43,10,33,295,31,264,12.721893491124261,2.9585798816568047,9.763313609467456,87.27810650887574,9.171597633136095,78.10650887573965
E00145148,247,34,10,24,213,28,185,13.765182186234817,4.048582995951417,9.7165991902834,86.23481781376519,11.336032388663968,74.89878542510121
E00145149,260,70,27,43,190,32,158,26.923076923076923,10.384615384615385,16.538461538461537,73.07692307692307,12.307692307692308,60.76923076923077
E00145150,292,37,10,27,255,27,228,12.67123287671233,3.4246575342465753,9.246575342465754,87.32876712328768,9.246575342465754,78.08219178082192
E00145151,381,76,35,41,305,34,271,19.94750656167979,9.186351706036746,10.761154855643044,80.0524934383202,8.923884514435695,71.12860892388451
E00145152,233,41,16,25,192,18,174,17.59656652360515,6.866952789699571,10.72961373390558,82.40343347639485,7.725321888412018,74.67811158798283
E00145153,298,44,11,33,254,23,231,14.76510067114094,3.691275167785235,11.073825503355705,85.23489932885906,7.718120805369128,77.51677852348993
E00145154,314,47,9,38,267,19,248,14.968152866242038,2.8662420382165608,12.101910828025478,85.03184713375796,6.050955414012739,78.98089171974523
E00145155,220,28,8,20,192,23,169,12.727272727272727,3.6363636363636362,9.090909090909092,87.27272727272727,10.454545454545453,76.81818181818181
E00145156,287,30,10,20,257,19,238,10.452961672473867,3.484320557491289,6.968641114982578,89.54703832752612,6.620209059233449,82.92682926829268
E00145157,340,41,12,29,299,16,283,12.058823529411764,3.5294117647058822,8.529411764705882,87.94117647058823,4.705882352941177,83.23529411764706
E00145158,237,26,9,17,211,14,197,10.970464135021098,3.79746835443038,7.172995780590717,89.0295358649789,5.9071729957805905,83.12236286919831
E00145159,335,64,31,33,271,20,251,19.1044776119403,9.253731343283581,9.850746268656717,80.8955223880597,5.970149253731343,74.92537313432835
E00145160,303,53,23,30,250,14,236,17.491749174917494,7.590759075907591,9.900990099009901,82.50825082508251,4.62046204620462,77.88778877887789
E00145161,270,64,29,35,206,26,180,23.703703703703706,10.74074074074074,12.962962962962962,76.29629629629629,9.62962962962963,66.66666666666666
E00145162,242,28,10,18,214,21,193,11.570247933884298,4.132231404958678,7.43801652892562,88.42975206611571,8.677685950413224,79.75206611570248
E00145163,362,61,22,39,301,29,272,16.85082872928177,6.077348066298343,10.773480662983426,83.14917127071824,8.011049723756907,75.13812154696133
E00145164,270,47,16,31,223,27,196,17.40740740740741,5.9259259259259265,11.481481481481481,82.5925925925926,10,72.5925925925926
E00145165,324,32,8,24,292,29,263,9.876543209876543,2.4691358024691357,7.4074074074074066,90.12345679012346,8.950617283950617,81.17283950617285
E00145166,325,49,16,33,276,29,247,15.076923076923077,4.923076923076923,10.153846153846153,84.92307692307692,8.923076923076923,76
E00145167,333,36,4,32,297,23,274,10.81081081081081,1.2012012012012012,9.60960960960961,89.1891891891892,6.906906906906906,82.28228228228228
E00145168,337,82,40,42,255,20,235,24.33234421364985,11.869436201780417,12.462908011869436,75.66765578635015,5.934718100890208,69.73293768545994
E00145169,338,48,15,33,290,19,271,14.201183431952662,4.437869822485207,9.763313609467456,85.79881656804734,5.621301775147929,80.1775147928994
E00145170,394,51,13,38,343,19,324,12.944162436548224,3.2994923857868024,9.644670050761421,87.05583756345177,4.822335025380711,82.23350253807106
E00145171,243,58,22,36,185,17,168,23.868312757201647,9.053497942386832,14.814814814814813,76.13168724279835,6.995884773662551,69.1358024691358
E00145172,410,55,23,32,355,39,316,13.414634146341465,5.609756097560976,7.804878048780488,86.58536585365853,9.512195121951219,77.07317073170732
E00145173,323,64,28,36,259,23,236,19.814241486068113,8.6687306501548,11.145510835913312,80.18575851393189,7.120743034055728,73.06501547987617
E00145174,368,52,22,30,316,17,299,14.130434782608695,5.978260869565218,8.152173913043478,85.86956521739131,4.619565217391304,81.25
E00145175,254,52,24,28,202,27,175,20.47244094488189,9.448818897637794,11.023622047244094,79.52755905511812,10.62992125984252,68.89763779527559
E00145176,314,48,15,33,266,20,246,15.286624203821656,4.777070063694268,10.509554140127388,84.71337579617835,6.369426751592357,78.343949044586
E00145177,226,56,32,24,170,14,156,24.778761061946902,14.15929203539823,10.619469026548673,75.22123893805309,6.1946902654867255,69.02654867256636
E00145178,382,58,16,42,324,22,302,15.18324607329843,4.18848167539267,10.99476439790576,84.81675392670157,5.7591623036649215,79.05759162303664
E00145179,343,39,14,25,304,31,273,11.370262390670554,4.081632653061225,7.288629737609329,88.62973760932945,9.037900874635568,79.59183673469387
E00145180,329,37,14,23,292,22,270,11.246200607902736,4.25531914893617,6.990881458966565,88.75379939209726,6.68693009118541,82.06686930091185
E00145181,295,47,20,27,248,21,227,15.932203389830507,6.779661016949152,9.152542372881356,84.06779661016948,7.118644067796611,76.94915254237287
E00145182,305,57,31,26,248,28,220,18.688524590163937,10.163934426229508,8.524590163934425,81.31147540983606,9.180327868852459,72.1311475409836
E00145183,375,66,25,41,309,27,282,17.599999999999998,6.666666666666667,10.933333333333334,82.39999999999999,7.199999999999999,75.2
E00145184,265,44,21,23,221,32,189,16.60377358490566,7.9245283018867925,8.679245283018867,83.39622641509435,12.075471698113208,71.32075471698113
E00145185,358,56,20,36,302,20,282,15.64245810055866,5.58659217877095,10.05586592178771,84.35754189944134,5.58659217877095,78.77094972067039
E00145186,308,70,32,38,238,24,214,22.727272727272727,10.38961038961039,12.337662337662337,77.27272727272727,7.792207792207792,69.48051948051948
E00145187,260,29,9,20,231,19,212,11.153846153846155,3.4615384615384617,7.6923076923076925,88.84615384615384,7.307692307692308,81.53846153846153
E00145188,298,33,13,20,265,22,243,11.073825503355705,4.3624161073825505,6.7114093959731544,88.9261744966443,7.38255033557047,81.54362416107382
E00145189,382,40,9,31,342,24,318,10.471204188481675,2.356020942408377,8.115183246073299,89.52879581151832,6.282722513089005,83.24607329842932
E00145190,281,51,15,36,230,19,211,18.14946619217082,5.338078291814947,12.811387900355871,81.85053380782918,6.761565836298933,75.08896797153025
E00145191,279,64,26,38,215,20,195,22.939068100358423,9.31899641577061,13.620071684587815,77.06093189964157,7.168458781362006,69.89247311827957
E00145192,314,60,28,32,254,29,225,19.10828025477707,8.9171974522293,10.191082802547772,80.89171974522293,9.235668789808917,71.656050955414
E00145193,471,55,16,39,416,40,376,11.67728237791932,3.397027600849257,8.280254777070063,88.32271762208069,8.492569002123142,79.83014861995754
E00145194,163,15,3,12,148,6,142,9.202453987730062,1.8404907975460123,7.361963190184049,90.79754601226993,3.6809815950920246,87.11656441717791
E00145195,293,33,8,25,260,30,230,11.262798634812286,2.7303754266211606,8.532423208191126,88.73720136518772,10.238907849829351,78.49829351535837
E00145196,324,41,10,31,283,28,255,12.654320987654321,3.0864197530864197,9.5679012345679,87.34567901234568,8.641975308641975,78.70370370370371
E00145197,370,64,28,36,306,30,276,17.2972972972973,7.567567567567568,9.72972972972973,82.70270270270271,8.108108108108109,74.5945945945946
E00145198,379,62,19,43,317,26,291,16.358839050131927,5.013192612137203,11.345646437994723,83.64116094986808,6.860158311345646,76.78100263852242
E00145199,258,32,11,21,226,25,201,12.4031007751938,4.263565891472868,8.13953488372093,87.59689922480621,9.689922480620156,77.90697674418605
E00145200,247,42,21,21,205,29,176,17.00404858299595,8.502024291497975,8.502024291497975,82.99595141700405,11.740890688259109,71.25506072874494
E00145203,607,82,27,55,525,46,479,13.509060955518946,4.448105436573312,9.060955518945635,86.49093904448105,7.57825370675453,78.91268533772653
E00145204,267,39,14,25,228,22,206,14.606741573033707,5.2434456928838955,9.363295880149813,85.39325842696628,8.239700374531834,77.15355805243446
E00145205,356,37,8,29,319,28,291,10.393258426966293,2.247191011235955,8.146067415730338,89.60674157303372,7.865168539325842,81.74157303370787
E00145206,352,48,15,33,304,34,270,13.636363636363635,4.261363636363636,9.375,86.36363636363636,9.659090909090908,76.70454545454545
E00145207,400,99,72,27,301,30,271,24.75,18,6.75,75.25,7.5,67.75
E00145208,358,40,6,34,318,26,292,11.1731843575419,1.675977653631285,9.497206703910614,88.8268156424581,7.262569832402235,81.56424581005587
E00145209,435,53,20,33,382,34,348,12.183908045977011,4.597701149425287,7.586206896551724,87.816091954023,7.816091954022989,80
E00145210,251,31,9,22,220,14,206,12.350597609561753,3.5856573705179287,8.764940239043826,87.64940239043824,5.577689243027888,82.07171314741036
E00145211,494,72,22,50,422,53,369,14.5748987854251,4.4534412955465585,10.121457489878543,85.4251012145749,10.728744939271255,74.69635627530364
E00145212,298,26,11,15,272,39,233,8.724832214765101,3.691275167785235,5.033557046979865,91.2751677852349,13.087248322147651,78.18791946308725
E00145213,367,50,15,35,317,37,280,13.623978201634879,4.087193460490464,9.536784741144414,86.37602179836512,10.08174386920981,76.29427792915531
E00145214,344,47,15,32,297,26,271,13.662790697674417,4.3604651162790695,9.30232558139535,86.33720930232558,7.55813953488372,78.77906976744185
E00145215,134,23,10,13,111,8,103,17.16417910447761,7.462686567164178,9.701492537313433,82.83582089552239,5.970149253731343,76.86567164179104
E00145216,125,13,3,10,112,13,99,10.4,2.4,8,89.60000000000001,10.4,79.2
E00145217,282,43,9,34,239,28,211,15.24822695035461,3.1914893617021276,12.056737588652481,84.75177304964538,9.929078014184398,74.822695035461
E00145218,273,30,10,20,243,20,223,10.989010989010989,3.6630036630036633,7.326007326007327,89.01098901098901,7.326007326007327,81.68498168498168
E00145219,341,48,18,30,293,27,266,14.076246334310852,5.278592375366569,8.797653958944283,85.92375366568915,7.9178885630498534,78.00586510263929
E00145220,410,56,17,39,354,35,319,13.658536585365855,4.146341463414634,9.512195121951219,86.34146341463415,8.536585365853659,77.8048780487805
E00145221,270,29,8,21,241,23,218,10.74074074074074,2.9629629629629632,7.777777777777778,89.25925925925927,8.518518518518519,80.74074074074075
E00145222,251,31,6,25,220,24,196,12.350597609561753,2.3904382470119523,9.9601593625498,87.64940239043824,9.56175298804781,78.08764940239044
E00145223,239,38,9,29,201,22,179,15.899581589958158,3.765690376569038,12.133891213389122,84.10041841004184,9.205020920502092,74.89539748953975
E00145224,520,88,28,60,432,37,395,16.923076923076923,5.384615384615385,11.538461538461538,83.07692307692308,7.115384615384615,75.96153846153845
E00145225,260,40,14,26,220,18,202,15.384615384615385,5.384615384615385,10,84.61538461538461,6.923076923076923,77.6923076923077
E00145226,213,28,13,15,185,15,170,13.145539906103288,6.103286384976526,7.042253521126761,86.85446009389672,7.042253521126761,79.81220657276995
E00145227,370,50,6,44,320,37,283,13.513513513513514,1.6216216216216217,11.891891891891893,86.48648648648648,10,76.48648648648648
E00145228,342,61,20,41,281,31,250,17.83625730994152,5.847953216374268,11.988304093567251,82.16374269005848,9.064327485380117,73.09941520467837
E00145229,232,22,6,16,210,23,187,9.482758620689655,2.586206896551724,6.896551724137931,90.51724137931035,9.913793103448276,80.60344827586206
E00145230,220,37,17,20,183,19,164,16.818181818181817,7.727272727272727,9.090909090909092,83.18181818181817,8.636363636363637,74.54545454545455
E00145231,319,27,7,20,292,34,258,8.463949843260188,2.19435736677116,6.269592476489027,91.53605015673982,10.658307210031348,80.87774294670847
E00145232,306,32,12,20,274,20,254,10.457516339869281,3.9215686274509802,6.535947712418301,89.54248366013073,6.535947712418301,83.00653594771242
E00145233,398,48,16,32,350,25,325,12.060301507537687,4.0201005025125625,8.040201005025125,87.93969849246231,6.281407035175879,81.65829145728644
E00145234,311,44,9,35,267,21,246,14.14790996784566,2.8938906752411575,11.254019292604502,85.85209003215434,6.752411575562702,79.09967845659163
E00145235,319,40,15,25,279,26,253,12.539184952978054,4.702194357366771,7.836990595611286,87.46081504702194,8.150470219435736,79.3103448275862
E00145236,342,52,21,31,290,27,263,15.204678362573098,6.140350877192982,9.064327485380117,84.7953216374269,7.894736842105263,76.90058479532163
E00145238,497,62,22,40,435,37,398,12.474849094567404,4.426559356136821,8.048289738430583,87.5251509054326,7.44466800804829,80.08048289738431
E00145240,266,47,11,36,219,14,205,17.669172932330827,4.135338345864661,13.533834586466165,82.33082706766918,5.263157894736842,77.06766917293233
E00145242,266,46,19,27,220,18,202,17.293233082706767,7.142857142857142,10.150375939849624,82.70676691729322,6.7669172932330826,75.93984962406014
E00145243,326,46,9,37,280,27,253,14.11042944785276,2.7607361963190185,11.349693251533742,85.88957055214725,8.282208588957054,77.60736196319019
E00145244,335,37,14,23,298,33,265,11.044776119402986,4.179104477611941,6.865671641791045,88.95522388059702,9.850746268656717,79.1044776119403
E00145245,422,46,18,28,376,42,334,10.90047393364929,4.265402843601896,6.6350710900473935,89.0995260663507,9.95260663507109,79.14691943127961
E00145246,416,34,11,23,382,32,350,8.173076923076923,2.644230769230769,5.528846153846153,91.82692307692307,7.6923076923076925,84.13461538461539
E00145247,307,48,17,31,259,24,235,15.63517915309446,5.537459283387622,10.097719869706841,84.36482084690554,7.81758957654723,76.54723127035831
E00145248,233,34,8,26,199,18,181,14.592274678111588,3.4334763948497855,11.158798283261802,85.40772532188842,7.725321888412018,77.6824034334764
E00145249,301,37,9,28,264,23,241,12.29235880398671,2.990033222591362,9.30232558139535,87.70764119601328,7.641196013289036,80.06644518272425
E00145250,247,36,8,28,211,21,190,14.5748987854251,3.2388663967611335,11.336032388663968,85.4251012145749,8.502024291497975,76.92307692307693
E00145251,252,31,10,21,221,17,204,12.3015873015873,3.968253968253968,8.333333333333332,87.6984126984127,6.746031746031746,80.95238095238095
E00145252,439,68,25,43,371,39,332,15.489749430523919,5.694760820045558,9.79498861047836,84.51025056947609,8.88382687927107,75.62642369020502
E00145253,312,40,13,27,272,20,252,12.82051282051282,4.166666666666666,8.653846153846153,87.17948717948718,6.41025641025641,80.76923076923077
E00145254,341,60,19,41,281,32,249,17.595307917888565,5.571847507331378,12.023460410557185,82.40469208211144,9.3841642228739,73.02052785923753
E00145255,293,63,26,37,230,27,203,21.501706484641637,8.873720136518772,12.627986348122866,78.49829351535837,9.215017064846416,69.28327645051195
E00145256,502,119,57,62,383,35,348,23.705179282868528,11.354581673306772,12.350597609561753,76.29482071713147,6.97211155378486,69.32270916334662
E00145257,530,62,26,36,468,36,432,11.69811320754717,4.905660377358491,6.7924528301886795,88.30188679245283,6.7924528301886795,81.50943396226415
E00145258,275,41,20,21,234,31,203,14.909090909090908,7.2727272727272725,7.636363636363637,85.0909090909091,11.272727272727273,73.81818181818181
E00145259,298,39,16,23,259,15,244,13.087248322147651,5.369127516778524,7.718120805369128,86.91275167785236,5.033557046979865,81.87919463087249
E00145260,562,83,23,60,479,38,441,14.768683274021353,4.092526690391459,10.676156583629894,85.23131672597864,6.761565836298933,78.46975088967972
E00145261,280,40,17,23,240,19,221,14.285714285714285,6.071428571428571,8.214285714285714,85.71428571428571,6.785714285714286,78.92857142857143
E00145262,305,38,12,26,267,32,235,12.459016393442624,3.934426229508197,8.524590163934425,87.54098360655738,10.491803278688524,77.04918032786885
E00145263,479,82,35,47,397,27,370,17.118997912317326,7.306889352818372,9.812108559498958,82.88100208768267,5.6367432150313155,77.24425887265136
E00169007,294,84,43,41,210,19,191,28.57142857142857,14.625850340136054,13.945578231292515,71.42857142857143,6.462585034013606,64.96598639455783
E00169008,282,36,13,23,246,10,236,12.76595744680851,4.609929078014184,8.156028368794328,87.2340425531915,3.546099290780142,83.68794326241135
E00169009,384,60,23,37,324,23,301,15.625,5.989583333333334,9.635416666666668,84.375,5.989583333333334,78.38541666666666
E00169010,292,36,10,26,256,27,229,12.32876712328767,3.4246575342465753,8.904109589041095,87.67123287671232,9.246575342465754,78.42465753424658
E00169011,304,30,10,20,274,18,256,9.868421052631579,3.289473684210526,6.578947368421052,90.13157894736842,5.921052631578947,84.21052631578947
E00169012,209,36,17,19,173,13,160,17.22488038277512,8.133971291866029,9.090909090909092,82.77511961722487,6.220095693779904,76.55502392344498
E00169013,320,43,13,30,277,24,253,13.4375,4.0625,9.375,86.5625,7.5,79.0625
E00169014,316,35,14,21,281,25,256,11.075949367088606,4.430379746835443,6.6455696202531636,88.92405063291139,7.9113924050632916,81.0126582278481
E00169015,296,45,16,29,251,19,232,15.202702702702704,5.405405405405405,9.797297297297296,84.7972972972973,6.418918918918918,78.37837837837837
E00169016,286,45,12,33,241,15,226,15.734265734265735,4.195804195804196,11.538461538461538,84.26573426573427,5.244755244755245,79.02097902097903
E00169017,332,31,11,20,301,20,281,9.33734939759036,3.313253012048193,6.024096385542169,90.66265060240963,6.024096385542169,84.63855421686746
E00169018,320,36,12,24,284,16,268,11.25,3.75,7.5,88.75,5,83.75
E00169020,382,55,25,30,327,30,297,14.397905759162304,6.544502617801047,7.853403141361256,85.6020942408377,7.853403141361256,77.74869109947645
E00169021,370,37,12,25,333,36,297,10,3.2432432432432434,6.756756756756757,90,9.72972972972973,80.27027027027027
E00169022,368,38,17,21,330,27,303,10.326086956521738,4.619565217391304,5.706521739130435,89.67391304347827,7.336956521739131,82.33695652173914
E00169023,500,24,0,24,476,32,444,4.8,0,4.8,95.19999999999999,6.4,88.8
E00169024,291,53,22,31,238,23,215,18.213058419243985,7.560137457044673,10.652920962199312,81.78694158075601,7.903780068728522,73.8831615120275
E00169025,244,15,3,12,229,19,210,6.147540983606557,1.2295081967213115,4.918032786885246,93.85245901639344,7.786885245901639,86.0655737704918
E00169026,270,31,10,21,239,22,217,11.481481481481481,3.7037037037037033,7.777777777777778,88.51851851851852,8.148148148148149,80.37037037037037
E00169027,279,25,6,19,254,13,241,8.960573476702509,2.1505376344086025,6.810035842293908,91.0394265232975,4.659498207885305,86.37992831541219
E00169029,533,73,24,49,460,58,402,13.696060037523452,4.50281425891182,9.193245778611631,86.30393996247655,10.881801125703564,75.42213883677297
E00169030,275,38,9,29,237,23,214,13.818181818181818,3.272727272727273,10.545454545454545,86.18181818181819,8.363636363636363,77.81818181818181
E00169031,686,227,74,153,459,57,402,33.09037900874635,10.787172011661808,22.303206997084548,66.90962099125365,8.309037900874635,58.60058309037901
E00169032,324,52,20,32,272,24,248,16.049382716049383,6.172839506172839,9.876543209876543,83.9506172839506,7.4074074074074066,76.5432098765432
E00169033,359,15,1,14,344,31,313,4.178272980501393,0.2785515320334262,3.8997214484679668,95.82172701949861,8.635097493036211,87.1866295264624
E00169034,382,100,44,56,282,20,262,26.17801047120419,11.518324607329843,14.659685863874344,73.82198952879581,5.2356020942408374,68.58638743455498
E00169035,353,46,9,37,307,20,287,13.031161473087819,2.5495750708215295,10.48158640226629,86.96883852691218,5.6657223796034,81.30311614730878
E00185854,601,49,22,27,552,42,510,8.153078202995008,3.6605657237936775,4.492512479201332,91.84692179700498,6.988352745424292,84.8585690515807
E00185855,276,23,6,17,253,20,233,8.333333333333332,2.1739130434782608,6.159420289855073,91.66666666666666,7.246376811594203,84.42028985507247
E00185856,279,24,7,17,255,22,233,8.60215053763441,2.5089605734767026,6.093189964157706,91.39784946236558,7.885304659498208,83.51254480286738
E00185858,450,40,16,24,410,30,380,8.88888888888889,3.5555555555555554,5.333333333333334,91.11111111111111,6.666666666666667,84.44444444444444
E00185872,214,28,11,17,186,16,170,13.084112149532709,5.14018691588785,7.943925233644859,86.91588785046729,7.476635514018691,79.43925233644859
E00185874,437,28,5,23,409,29,380,6.407322654462242,1.1441647597254003,5.263157894736842,93.59267734553775,6.636155606407322,86.95652173913044
E00185883,159,22,11,11,137,13,124,13.836477987421384,6.918238993710692,6.918238993710692,86.16352201257862,8.176100628930817,77.9874213836478
E00185885,284,18,6,12,266,17,249,6.338028169014084,2.112676056338028,4.225352112676056,93.66197183098592,5.985915492957746,87.67605633802818
E00185889,284,33,9,24,251,15,236,11.619718309859154,3.169014084507042,8.450704225352112,88.38028169014085,5.28169014084507,83.09859154929578
E00185890,184,18,5,13,166,19,147,9.782608695652174,2.717391304347826,7.065217391304348,90.21739130434783,10.326086956521738,79.8913043478261
E00185891,584,51,13,38,533,40,493,8.732876712328768,2.2260273972602738,6.506849315068493,91.26712328767124,6.8493150684931505,84.41780821917808
E00185895,473,40,15,25,433,24,409,8.456659619450317,3.171247357293869,5.2854122621564485,91.5433403805497,5.07399577167019,86.4693446088795
E00185903,262,33,9,24,229,26,203,12.595419847328243,3.435114503816794,9.16030534351145,87.40458015267176,9.923664122137405,77.48091603053436
E00185904,168,17,1,16,151,17,134,10.119047619047619,0.5952380952380952,9.523809523809524,89.88095238095238,10.119047619047619,79.76190476190477
E00185909,292,31,11,20,261,18,243,10.616438356164384,3.767123287671233,6.8493150684931505,89.38356164383562,6.164383561643835,83.21917808219177
E00185917,315,80,42,38,235,27,208,25.396825396825395,13.333333333333334,12.063492063492063,74.60317460317461,8.571428571428571,66.03174603174602
E00185918,136,5,0,5,131,12,119,3.6764705882352944,0,3.6764705882352944,96.32352941176471,8.823529411764707,87.5
E00185921,206,14,6,8,192,13,179,6.796116504854369,2.912621359223301,3.8834951456310676,93.20388349514563,6.310679611650485,86.89320388349515
E00185922,439,40,15,25,399,26,373,9.111617312072893,3.416856492027335,5.694760820045558,90.8883826879271,5.922551252847381,84.96583143507974
E00185931,340,45,14,31,295,23,272,13.23529411764706,4.117647058823529,9.117647058823529,86.76470588235294,6.764705882352941,80
E00185945,256,18,4,14,238,21,217,7.03125,1.5625,5.46875,92.96875,8.203125,84.765625
E00185946,142,33,12,21,109,11,98,23.239436619718308,8.450704225352112,14.788732394366196,76.76056338028168,7.746478873239436,69.01408450704226
E00185954,165,25,12,13,140,13,127,15.151515151515152,7.2727272727272725,7.878787878787878,84.84848484848484,7.878787878787878,76.96969696969697
E00185960,347,39,14,25,308,23,285,11.239193083573488,4.034582132564841,7.204610951008646,88.76080691642652,6.628242074927954,82.13256484149855
E00185961,508,55,12,43,453,44,409,10.826771653543307,2.3622047244094486,8.46456692913386,89.1732283464567,8.661417322834646,80.51181102362204
E00185966,189,42,20,22,147,16,131,22.22222222222222,10.582010582010582,11.64021164021164,77.77777777777779,8.465608465608465,69.31216931216932
E00185969,562,58,22,36,504,39,465,10.320284697508896,3.9145907473309607,6.405693950177936,89.6797153024911,6.93950177935943,82.74021352313167
E00185972,233,32,13,19,201,16,185,13.733905579399142,5.579399141630901,8.15450643776824,86.26609442060087,6.866952789699571,79.39914163090128
E00185976,552,33,15,18,519,27,492,5.978260869565218,2.717391304347826,3.260869565217391,94.02173913043478,4.891304347826087,89.13043478260869
E00185977,545,54,12,42,491,30,461,9.908256880733946,2.2018348623853212,7.706422018348624,90.09174311926606,5.5045871559633035,84.58715596330275
E00185978,349,67,14,53,282,31,251,19.197707736389685,4.011461318051576,15.18624641833811,80.80229226361033,8.882521489971348,71.91977077363897
E00185979,339,60,23,37,279,21,258,17.699115044247787,6.784660766961652,10.914454277286136,82.30088495575221,6.1946902654867255,76.10619469026548
E00185980,234,30,12,18,204,14,190,12.82051282051282,5.128205128205128,7.6923076923076925,87.17948717948718,5.982905982905983,81.19658119658119
E00185981,102,17,3,14,85,9,76,16.666666666666664,2.941176470588235,13.725490196078432,83.33333333333334,8.823529411764707,74.50980392156863
E00185983,397,26,9,17,371,26,345,6.54911838790932,2.2670025188916876,4.282115869017632,93.45088161209067,6.54911838790932,86.90176322418137
E00185985,269,26,10,16,243,22,221,9.66542750929368,3.717472118959108,5.947955390334572,90.33457249070632,8.178438661710038,82.15613382899627
E00185999,198,27,9,18,171,24,147,13.636363636363635,4.545454545454546,9.090909090909092,86.36363636363636,12.121212121212121,74.24242424242425
E00186001,235,28,4,24,207,25,182,11.914893617021278,1.702127659574468,10.212765957446807,88.08510638297872,10.638297872340425,77.4468085106383
E00186003,583,64,15,49,519,46,473,10.977701543739279,2.5728987993138936,8.404802744425385,89.02229845626071,7.890222984562607,81.13207547169812
E00186004,433,49,12,37,384,32,352,11.316397228637413,2.771362586605081,8.545034642032332,88.68360277136259,7.390300230946882,81.2933025404157
E00186005,261,44,17,27,217,18,199,16.85823754789272,6.513409961685824,10.344827586206897,83.14176245210729,6.896551724137931,76.24521072796935
E00186010,559,66,20,46,493,44,449,11.806797853309481,3.5778175313059033,8.228980322003578,88.19320214669052,7.8711985688729875,80.32200357781754
E00186011,363,54,19,35,309,17,292,14.87603305785124,5.234159779614325,9.641873278236915,85.12396694214877,4.683195592286501,80.44077134986226
E00186012,585,70,18,52,515,39,476,11.965811965811966,3.076923076923077,8.88888888888889,88.03418803418803,6.666666666666667,81.36752136752136
E00186014,384,28,4,24,356,34,322,7.291666666666667,1.0416666666666665,6.25,92.70833333333334,8.854166666666668,83.85416666666666
E00186018,237,52,23,29,185,16,169,21.940928270042196,9.70464135021097,12.236286919831224,78.05907172995781,6.751054852320674,71.30801687763713
E00186019,363,17,6,11,346,24,322,4.683195592286501,1.6528925619834711,3.0303030303030303,95.31680440771349,6.6115702479338845,88.70523415977961
E00186020,325,24,7,17,301,19,282,7.384615384615385,2.1538461538461537,5.230769230769231,92.61538461538461,5.846153846153846,86.76923076923076
E00186026,145,21,10,11,124,8,116,14.482758620689657,6.896551724137931,7.586206896551724,85.51724137931035,5.517241379310345,80
E00186027,479,70,26,44,409,27,382,14.613778705636744,5.427974947807933,9.18580375782881,85.38622129436325,5.6367432150313155,79.74947807933194
E00186028,218,33,13,20,185,10,175,15.137614678899084,5.963302752293578,9.174311926605505,84.86238532110092,4.587155963302752,80.27522935779817
E00186031,204,26,10,16,178,12,166,12.745098039215685,4.901960784313726,7.8431372549019605,87.25490196078431,5.88235294117647,81.37254901960785
E00186032,240,25,10,15,215,13,202,10.416666666666668,4.166666666666666,6.25,89.58333333333334,5.416666666666667,84.16666666666667
E00186033,549,60,19,41,489,52,437,10.92896174863388,3.4608378870673953,7.468123861566485,89.07103825136612,9.47176684881603,79.59927140255009
E00186034,268,27,8,19,241,12,229,10.074626865671641,2.9850746268656714,7.08955223880597,89.92537313432835,4.477611940298507,85.44776119402985
E00186038,103,15,4,11,88,3,85,14.563106796116504,3.8834951456310676,10.679611650485436,85.43689320388349,2.912621359223301,82.52427184466019
E00186046,357,33,12,21,324,21,303,9.243697478991598,3.361344537815126,5.88235294117647,90.75630252100841,5.88235294117647,84.87394957983193
E00186048,116,13,3,10,103,9,94,11.206896551724139,2.586206896551724,8.620689655172415,88.79310344827587,7.758620689655173,81.03448275862068
E00186057,261,25,10,15,236,22,214,9.578544061302683,3.8314176245210727,5.747126436781609,90.42145593869732,8.42911877394636,81.99233716475096
E00186061,275,31,9,22,244,19,225,11.272727272727273,3.272727272727273,8,88.72727272727273,6.909090909090909,81.81818181818183
E00186062,563,52,13,39,511,46,465,9.236234458259325,2.3090586145648313,6.927175843694494,90.76376554174067,8.170515097690942,82.59325044404974
E00186063,362,24,4,20,338,28,310,6.629834254143646,1.1049723756906076,5.524861878453039,93.37016574585635,7.734806629834254,85.6353591160221
E00186068,143,10,4,6,133,8,125,6.993006993006993,2.797202797202797,4.195804195804196,93.00699300699301,5.594405594405594,87.41258741258741
E00186077,439,39,15,24,400,28,372,8.88382687927107,3.416856492027335,5.466970387243736,91.11617312072893,6.378132118451026,84.73804100227791
E00186079,140,25,10,15,115,20,95,17.857142857142858,7.142857142857142,10.714285714285714,82.14285714285714,14.285714285714285,67.85714285714286
E00186081,386,61,20,41,325,35,290,15.803108808290157,5.181347150259067,10.621761658031089,84.19689119170984,9.067357512953368,75.12953367875647
E00186082,312,43,14,29,269,33,236,13.782051282051283,4.487179487179487,9.294871794871796,86.21794871794873,10.576923076923077,75.64102564102564
E00186083,356,35,24,11,321,25,296,9.831460674157304,6.741573033707865,3.089887640449438,90.1685393258427,7.02247191011236,83.14606741573034
