OA,ts0380001,ts0380002,ts0380003,ts0380004,ts0380005,ts0380006,ts0380007,ts0380002_PCT,ts0380003_PCT,ts0380004_PCT,ts0380005_PCT,ts0380006_PCT,ts0380007_PCT
E00164947,567,77,24,53,490,38,452,13.580246913580247,4.232804232804233,9.347442680776014,86.41975308641975,6.701940035273369,79.71781305114638
E00164948,344,59,25,34,285,27,258,17.151162790697676,7.267441860465117,9.883720930232558,82.84883720930233,7.848837209302325,75
E00164949,235,42,14,28,193,17,176,17.872340425531917,5.957446808510639,11.914893617021278,82.12765957446808,7.234042553191489,74.8936170212766
E00164950,444,56,23,33,388,38,350,12.612612612612612,5.18018018018018,7.4324324324324325,87.38738738738738,8.558558558558559,78.82882882882883
E00164951,281,45,12,33,236,26,210,16.014234875444842,4.270462633451958,11.743772241992882,83.98576512455516,9.252669039145907,74.73309608540926
E00164952,255,50,22,28,205,24,181,19.607843137254903,8.627450980392156,10.980392156862745,80.3921568627451,9.411764705882353,70.98039215686275
E00164953,373,66,24,42,307,26,281,17.694369973190348,6.434316353887399,11.26005361930295,82.30563002680965,6.970509383378016,75.33512064343164
E00164954,382,100,44,56,282,25,257,26.17801047120419,11.518324607329843,14.659685863874344,73.82198952879581,6.544502617801047,67.27748691099477
E00164955,403,79,25,54,324,41,283,19.602977667493796,6.20347394540943,13.399503722084367,80.39702233250621,10.173697270471465,70.22332506203473
E00164956,297,34,14,20,263,32,231,11.447811447811448,4.713804713804714,6.7340067340067336,88.55218855218855,10.774410774410773,77.77777777777779
E00164957,453,41,18,23,412,29,383,9.050772626931568,3.9735099337748347,5.077262693156733,90.94922737306842,6.401766004415011,84.54746136865342
E00164958,264,29,12,17,235,24,211,10.984848484848484,4.545454545454546,6.4393939393939394,89.01515151515152,9.090909090909092,79.92424242424242
E00164959,265,51,20,31,214,21,193,19.245283018867926,7.547169811320755,11.69811320754717,80.75471698113208,7.9245283018867925,72.83018867924528
E00164960,330,48,16,32,282,21,261,14.545454545454545,4.848484848484849,9.696969696969697,85.45454545454545,6.363636363636363,79.0909090909091
E00164961,500,83,22,61,417,46,371,16.6,4.3999999999999995,12.2,83.39999999999999,9.2,74.2
E00164962,311,46,11,35,265,24,241,14.790996784565916,3.536977491961415,11.254019292604502,85.20900321543408,7.717041800643088,77.491961414791
E00164966,257,51,23,28,206,12,194,19.844357976653697,8.949416342412452,10.894941634241246,80.1556420233463,4.669260700389105,75.4863813229572
E00164967,333,58,25,33,275,19,256,17.417417417417415,7.5075075075075075,9.90990990990991,82.58258258258259,5.7057057057057055,76.87687687687688
E00164968,308,40,9,31,268,24,244,12.987012987012985,2.922077922077922,10.064935064935066,87.01298701298701,7.792207792207792,79.22077922077922
E00164969,262,45,11,34,217,15,202,17.17557251908397,4.198473282442748,12.977099236641221,82.82442748091603,5.7251908396946565,77.09923664122137
E00164970,369,63,25,38,306,21,285,17.073170731707318,6.775067750677506,10.29810298102981,82.92682926829268,5.691056910569105,77.23577235772358
E00164971,322,38,10,28,284,23,261,11.801242236024844,3.1055900621118013,8.695652173913043,88.19875776397515,7.142857142857142,81.05590062111801
E00164972,407,29,10,19,378,16,362,7.125307125307126,2.457002457002457,4.668304668304668,92.87469287469288,3.9312039312039313,88.94348894348894
E00164973,382,53,9,44,329,19,310,13.874345549738221,2.356020942408377,11.518324607329843,86.12565445026178,4.973821989528796,81.15183246073299
E00164974,394,48,13,35,346,30,316,12.18274111675127,3.2994923857868024,8.883248730964468,87.81725888324873,7.614213197969544,80.20304568527918
E00164975,359,52,20,32,307,28,279,14.484679665738161,5.571030640668524,8.913649025069638,85.51532033426183,7.7994428969359335,77.71587743732591
E00164976,383,61,18,43,322,33,289,15.926892950391643,4.699738903394255,11.22715404699739,84.07310704960835,8.616187989556137,75.45691906005221
E00164977,468,69,27,42,399,34,365,14.743589743589745,5.769230769230769,8.974358974358974,85.25641025641025,7.264957264957266,77.99145299145299
E00164978,298,48,20,28,250,15,235,16.10738255033557,6.7114093959731544,9.395973154362416,83.89261744966443,5.033557046979865,78.85906040268456
E00164979,376,43,9,34,333,27,306,11.436170212765957,2.393617021276596,9.042553191489363,88.56382978723404,7.180851063829788,81.38297872340425
E00164980,297,40,9,31,257,24,233,13.468013468013467,3.0303030303030303,10.437710437710438,86.53198653198653,8.080808080808081,78.45117845117845
E00164981,381,61,23,38,320,35,285,16.010498687664043,6.036745406824147,9.973753280839896,83.98950131233596,9.186351706036746,74.80314960629921
E00164982,334,52,17,35,282,31,251,15.568862275449103,5.089820359281437,10.479041916167663,84.4311377245509,9.281437125748502,75.1497005988024
E00164983,319,55,20,35,264,26,238,17.24137931034483,6.269592476489027,10.9717868338558,82.75862068965517,8.150470219435736,74.60815047021944
E00164984,400,53,15,38,347,47,300,13.25,3.75,9.5,86.75,11.75,75
E00164985,276,42,18,24,234,26,208,15.217391304347828,6.521739130434782,8.695652173913043,84.78260869565217,9.420289855072465,75.36231884057972
E00164986,276,46,16,30,230,35,195,16.666666666666664,5.797101449275362,10.869565217391305,83.33333333333334,12.681159420289855,70.65217391304348
E00164987,417,44,12,32,373,40,333,10.551558752997602,2.877697841726619,7.673860911270983,89.44844124700239,9.59232613908873,79.85611510791367
E00164988,254,38,14,24,216,22,194,14.960629921259844,5.511811023622047,9.448818897637794,85.03937007874016,8.661417322834646,76.37795275590551
E00164989,119,17,8,9,102,8,94,14.285714285714285,6.722689075630252,7.563025210084033,85.71428571428571,6.722689075630252,78.99159663865547
E00164990,474,74,33,41,400,40,360,15.611814345991561,6.962025316455696,8.649789029535865,84.38818565400844,8.438818565400844,75.9493670886076
E00164991,271,47,16,31,224,24,200,17.343173431734318,5.904059040590406,11.439114391143912,82.65682656826569,8.856088560885608,73.80073800738008
E00164992,448,91,35,56,357,35,322,20.3125,7.8125,12.5,79.6875,7.8125,71.875
E00164993,133,12,6,6,121,11,110,9.022556390977442,4.511278195488721,4.511278195488721,90.97744360902256,8.270676691729323,82.70676691729322
E00164994,351,89,45,44,262,33,229,25.356125356125357,12.82051282051282,12.535612535612536,74.64387464387464,9.401709401709402,65.24216524216524
E00164995,271,41,9,32,230,22,208,15.129151291512915,3.3210332103321036,11.808118081180812,84.87084870848709,8.118081180811808,76.75276752767527
E00164996,366,54,16,38,312,32,280,14.754098360655737,4.371584699453552,10.382513661202186,85.24590163934425,8.743169398907105,76.50273224043715
E00164997,526,79,27,52,447,41,406,15.019011406844108,5.133079847908745,9.885931558935361,84.9809885931559,7.79467680608365,77.18631178707224
E00164998,250,52,20,32,198,25,173,20.8,8,12.8,79.2,10,69.19999999999999
E00164999,200,29,7,22,171,13,158,14.499999999999998,3.5000000000000004,11,85.5,6.5,79
E00165000,242,32,12,20,210,28,182,13.223140495867769,4.958677685950414,8.264462809917356,86.77685950413223,11.570247933884298,75.20661157024794
E00165001,259,54,24,30,205,23,182,20.84942084942085,9.266409266409266,11.583011583011583,79.15057915057915,8.880308880308881,70.27027027027027
E00165002,163,24,9,15,139,12,127,14.723926380368098,5.521472392638037,9.202453987730062,85.2760736196319,7.361963190184049,77.91411042944786
E00165003,366,88,35,53,278,32,246,24.043715846994534,9.562841530054644,14.48087431693989,75.95628415300546,8.743169398907105,67.21311475409836
E00165004,323,63,25,38,260,29,231,19.5046439628483,7.739938080495357,11.76470588235294,80.4953560371517,8.978328173374612,71.51702786377709
E00165005,299,59,27,32,240,20,220,19.732441471571907,9.03010033444816,10.702341137123746,80.2675585284281,6.688963210702341,73.57859531772574
E00165006,235,25,11,14,210,30,180,10.638297872340425,4.680851063829787,5.957446808510639,89.36170212765957,12.76595744680851,76.59574468085107
E00165007,403,91,48,43,312,36,276,22.58064516129032,11.910669975186105,10.669975186104217,77.41935483870968,8.933002481389577,68.4863523573201
E00165008,223,76,46,30,147,20,127,34.08071748878923,20.62780269058296,13.452914798206278,65.91928251121077,8.968609865470851,56.95067264573991
E00165009,292,52,23,29,240,12,228,17.80821917808219,7.876712328767123,9.931506849315069,82.1917808219178,4.10958904109589,78.08219178082192
E00165010,229,41,13,28,188,17,171,17.903930131004365,5.676855895196507,12.22707423580786,82.09606986899564,7.423580786026202,74.67248908296943
E00165011,341,52,12,40,289,32,257,15.249266862170089,3.519061583577713,11.730205278592376,84.75073313782991,9.3841642228739,75.366568914956
E00165012,145,26,10,16,119,7,112,17.93103448275862,6.896551724137931,11.03448275862069,82.06896551724138,4.827586206896552,77.24137931034483
E00165013,259,58,30,28,201,19,182,22.393822393822393,11.583011583011583,10.81081081081081,77.60617760617761,7.335907335907336,70.27027027027027
E00165014,226,51,19,32,175,17,158,22.566371681415927,8.4070796460177,14.15929203539823,77.43362831858407,7.52212389380531,69.91150442477876
E00165015,300,51,14,37,249,25,224,17,4.666666666666667,12.333333333333334,83,8.333333333333332,74.66666666666667
E00165016,203,31,12,19,172,20,152,15.270935960591133,5.911330049261084,9.35960591133005,84.72906403940887,9.852216748768473,74.8768472906404
E00165017,555,104,42,62,451,30,421,18.73873873873874,7.567567567567568,11.17117117117117,81.26126126126127,5.405405405405405,75.85585585585586
E00165018,370,73,23,50,297,29,268,19.72972972972973,6.216216216216217,13.513513513513514,80.27027027027027,7.837837837837839,72.43243243243244
E00165019,494,69,39,30,425,43,382,13.96761133603239,7.894736842105263,6.0728744939271255,86.03238866396761,8.704453441295547,77.32793522267207
E00165020,298,49,20,29,249,21,228,16.44295302013423,6.7114093959731544,9.731543624161073,83.55704697986577,7.046979865771812,76.51006711409396
E00165022,213,31,10,21,182,15,167,14.553990610328638,4.694835680751173,9.859154929577464,85.44600938967136,7.042253521126761,78.40375586854461
E00165023,357,37,22,15,320,26,294,10.364145658263306,6.162464985994398,4.201680672268908,89.6358543417367,7.282913165266107,82.35294117647058
E00165025,253,38,12,26,215,26,189,15.019762845849801,4.743083003952568,10.276679841897234,84.98023715415019,10.276679841897234,74.70355731225297
E00165026,351,58,20,38,293,31,262,16.524216524216524,5.698005698005698,10.826210826210826,83.47578347578347,8.831908831908832,74.64387464387464
E00165027,319,42,15,27,277,28,249,13.166144200626958,4.702194357366771,8.463949843260188,86.83385579937304,8.77742946708464,78.0564263322884
E00165028,262,48,18,30,214,25,189,18.3206106870229,6.870229007633588,11.450381679389313,81.67938931297711,9.541984732824428,72.13740458015268
E00165029,295,59,25,34,236,26,210,20,8.47457627118644,11.525423728813559,80,8.813559322033898,71.1864406779661
E00165030,158,58,29,29,100,13,87,36.708860759493675,18.354430379746837,18.354430379746837,63.29113924050633,8.227848101265822,55.06329113924051
E00165031,445,87,32,55,358,26,332,19.550561797752806,7.191011235955057,12.359550561797752,80.4494382022472,5.842696629213483,74.6067415730337
E00165032,302,61,17,44,241,24,217,20.198675496688743,5.629139072847682,14.56953642384106,79.80132450331125,7.9470198675496695,71.8543046357616
E00165033,205,63,30,33,142,9,133,30.73170731707317,14.634146341463413,16.097560975609756,69.26829268292683,4.390243902439024,64.8780487804878
E00165034,283,75,39,36,208,18,190,26.501766784452297,13.780918727915195,12.7208480565371,73.4982332155477,6.36042402826855,67.13780918727915
E00165035,320,60,21,39,260,28,232,18.75,6.5625,12.1875,81.25,8.75,72.5
E00165036,267,57,20,37,210,19,191,21.34831460674157,7.490636704119851,13.857677902621724,78.65168539325843,7.116104868913857,71.53558052434457
E00165037,373,80,41,39,293,30,263,21.447721179624665,10.991957104557642,10.455764075067025,78.55227882037534,8.04289544235925,70.50938337801608
E00165038,261,67,22,45,194,17,177,25.67049808429119,8.42911877394636,17.24137931034483,74.32950191570882,6.513409961685824,67.81609195402298
E00165039,229,51,25,26,178,23,155,22.270742358078603,10.91703056768559,11.353711790393014,77.72925764192141,10.043668122270741,67.68558951965066
E00165040,263,50,20,30,213,23,190,19.011406844106464,7.604562737642586,11.406844106463879,80.98859315589354,8.745247148288973,72.24334600760456
E00165041,292,63,30,33,229,18,211,21.575342465753426,10.273972602739725,11.301369863013697,78.42465753424658,6.164383561643835,72.26027397260275
E00165042,295,48,15,33,247,29,218,16.271186440677965,5.084745762711865,11.186440677966102,83.72881355932203,9.830508474576272,73.89830508474576
E00165043,266,29,12,17,237,16,221,10.902255639097744,4.511278195488721,6.390977443609022,89.09774436090225,6.015037593984962,83.0827067669173
E00165044,298,52,19,33,246,23,223,17.449664429530202,6.375838926174497,11.073825503355705,82.5503355704698,7.718120805369128,74.83221476510067
E00165045,280,50,23,27,230,23,207,17.857142857142858,8.214285714285714,9.642857142857144,82.14285714285714,8.214285714285714,73.92857142857143
E00165046,236,75,42,33,161,10,151,31.779661016949152,17.796610169491526,13.983050847457626,68.22033898305084,4.23728813559322,63.983050847457626
E00165047,378,84,36,48,294,36,258,22.22222222222222,9.523809523809524,12.698412698412698,77.77777777777779,9.523809523809524,68.25396825396825
E00165048,253,40,17,23,213,20,193,15.810276679841898,6.719367588932807,9.090909090909092,84.18972332015811,7.905138339920949,76.28458498023716
E00165049,545,95,37,58,450,56,394,17.431192660550458,6.7889908256880735,10.642201834862385,82.56880733944955,10.275229357798166,72.29357798165138
E00165050,308,115,63,52,193,23,170,37.33766233766234,20.454545454545457,16.883116883116884,62.66233766233766,7.467532467532467,55.1948051948052
E00165051,257,45,12,33,212,25,187,17.509727626459142,4.669260700389105,12.840466926070038,82.49027237354085,9.72762645914397,72.76264591439688
E00165052,289,66,34,32,223,14,209,22.837370242214533,11.76470588235294,11.072664359861593,77.16262975778547,4.844290657439446,72.31833910034602
E00165053,165,53,30,23,112,6,106,32.121212121212125,18.181818181818183,13.939393939393941,67.87878787878789,3.6363636363636362,64.24242424242425
E00165054,202,82,54,28,120,17,103,40.5940594059406,26.732673267326735,13.861386138613863,59.4059405940594,8.415841584158416,50.99009900990099
E00165055,264,69,29,40,195,19,176,26.136363636363637,10.984848484848484,15.151515151515152,73.86363636363636,7.196969696969697,66.66666666666666
E00165056,307,27,9,18,280,29,251,8.794788273615636,2.9315960912052117,5.863192182410423,91.20521172638436,9.446254071661238,81.75895765472313
E00165057,279,53,20,33,226,15,211,18.996415770609318,7.168458781362006,11.827956989247312,81.00358422939068,5.376344086021505,75.62724014336918
E00165058,282,40,12,28,242,35,207,14.184397163120568,4.25531914893617,9.929078014184398,85.81560283687944,12.411347517730496,73.40425531914893
E00165059,229,37,14,23,192,22,170,16.157205240174672,6.11353711790393,10.043668122270741,83.84279475982532,9.606986899563319,74.235807860262
E00165060,462,70,22,48,392,34,358,15.151515151515152,4.761904761904762,10.38961038961039,84.84848484848484,7.35930735930736,77.48917748917748
E00165061,378,48,13,35,330,29,301,12.698412698412698,3.439153439153439,9.25925925925926,87.3015873015873,7.671957671957672,79.62962962962963
E00165062,314,41,14,27,273,20,253,13.05732484076433,4.45859872611465,8.598726114649681,86.94267515923568,6.369426751592357,80.57324840764332
E00165063,292,36,11,25,256,28,228,12.32876712328767,3.767123287671233,8.561643835616438,87.67123287671232,9.58904109589041,78.08219178082192
E00165064,278,38,17,21,240,15,225,13.66906474820144,6.115107913669065,7.553956834532374,86.33093525179856,5.39568345323741,80.93525179856115
E00165065,324,38,12,26,286,27,259,11.728395061728394,3.7037037037037033,8.024691358024691,88.27160493827161,8.333333333333332,79.93827160493827
E00165066,268,50,13,37,218,29,189,18.65671641791045,4.850746268656716,13.805970149253731,81.34328358208955,10.820895522388058,70.52238805970148
E00165069,338,33,10,23,305,32,273,9.763313609467456,2.9585798816568047,6.8047337278106506,90.23668639053254,9.467455621301776,80.76923076923077
E00165070,272,50,15,35,222,29,193,18.38235294117647,5.514705882352941,12.867647058823529,81.61764705882352,10.661764705882353,70.95588235294117
E00165071,325,56,26,30,269,23,246,17.23076923076923,8,9.230769230769232,82.76923076923077,7.076923076923077,75.6923076923077
E00165072,249,48,17,31,201,23,178,19.27710843373494,6.827309236947792,12.449799196787147,80.72289156626506,9.236947791164658,71.4859437751004
E00165073,323,41,11,30,282,31,251,12.693498452012383,3.4055727554179565,9.287925696594428,87.30650154798761,9.597523219814242,77.70897832817337
E00165074,311,48,14,34,263,35,228,15.434083601286176,4.501607717041801,10.932475884244374,84.56591639871382,11.254019292604502,73.31189710610933
E00165075,206,46,19,27,160,18,142,22.330097087378643,9.223300970873787,13.106796116504855,77.66990291262135,8.737864077669903,68.93203883495146
E00165076,250,73,42,31,177,11,166,29.2,16.8,12.4,70.8,4.3999999999999995,66.4
E00165077,268,65,27,38,203,23,180,24.253731343283583,10.074626865671641,14.17910447761194,75.74626865671642,8.582089552238806,67.16417910447761
E00165078,263,44,17,27,219,23,196,16.730038022813687,6.4638783269961975,10.26615969581749,83.26996197718631,8.745247148288973,74.52471482889734
E00165079,243,57,24,33,186,14,172,23.456790123456788,9.876543209876543,13.580246913580247,76.5432098765432,5.761316872427984,70.78189300411523
E00165080,276,101,52,49,175,22,153,36.594202898550726,18.84057971014493,17.753623188405797,63.40579710144928,7.971014492753622,55.434782608695656
E00165081,338,90,49,41,248,17,231,26.627218934911244,14.497041420118343,12.1301775147929,73.37278106508876,5.029585798816568,68.34319526627219
E00165082,321,61,27,34,260,31,229,19.003115264797508,8.411214953271028,10.59190031152648,80.99688473520249,9.657320872274143,71.33956386292834
E00165083,286,77,26,51,209,14,195,26.923076923076923,9.090909090909092,17.832167832167833,73.07692307692307,4.895104895104895,68.18181818181817
E00165084,341,62,20,42,279,31,248,18.181818181818183,5.865102639296188,12.316715542521994,81.81818181818183,9.090909090909092,72.72727272727273
E00165085,253,47,14,33,206,17,189,18.57707509881423,5.533596837944664,13.043478260869565,81.42292490118577,6.719367588932807,74.70355731225297
E00165086,337,52,17,35,285,34,251,15.43026706231454,5.044510385756676,10.385756676557865,84.56973293768546,10.089020771513352,74.4807121661721
E00165087,324,57,25,32,267,23,244,17.59259259259259,7.716049382716049,9.876543209876543,82.4074074074074,7.098765432098765,75.30864197530865
E00165088,324,46,15,31,278,28,250,14.19753086419753,4.62962962962963,9.5679012345679,85.80246913580247,8.641975308641975,77.1604938271605
E00165089,356,79,36,43,277,22,255,22.191011235955056,10.112359550561797,12.07865168539326,77.80898876404494,6.179775280898876,71.62921348314607
E00165090,281,36,10,26,245,18,227,12.811387900355871,3.558718861209965,9.252669039145907,87.18861209964413,6.405693950177936,80.78291814946618
E00165091,283,45,18,27,238,27,211,15.901060070671377,6.36042402826855,9.540636042402827,84.09893992932862,9.540636042402827,74.55830388692578
E00165092,340,64,25,39,276,25,251,18.823529411764707,7.352941176470589,11.470588235294118,81.17647058823529,7.352941176470589,73.82352941176471
E00165093,275,41,13,28,234,26,208,14.909090909090908,4.7272727272727275,10.181818181818182,85.0909090909091,9.454545454545455,75.63636363636364
E00165094,326,79,35,44,247,30,217,24.233128834355828,10.736196319018406,13.496932515337424,75.76687116564416,9.202453987730062,66.56441717791411
E00165095,345,94,50,44,251,26,225,27.246376811594203,14.492753623188406,12.753623188405797,72.7536231884058,7.536231884057972,65.21739130434783
E00165096,264,61,25,36,203,19,184,23.106060606060606,9.469696969696969,13.636363636363635,76.89393939393939,7.196969696969697,69.6969696969697
E00165097,349,82,29,53,267,19,248,23.49570200573066,8.30945558739255,15.18624641833811,76.50429799426934,5.444126074498568,71.06017191977078
E00165098,372,77,27,50,295,20,275,20.698924731182796,7.258064516129033,13.440860215053762,79.3010752688172,5.376344086021505,73.9247311827957
E00165099,345,99,54,45,246,20,226,28.695652173913043,15.65217391304348,13.043478260869565,71.30434782608695,5.797101449275362,65.5072463768116
E00165100,313,66,25,41,247,17,230,21.08626198083067,7.987220447284344,13.099041533546327,78.91373801916933,5.431309904153355,73.48242811501598
E00165101,350,74,39,35,276,21,255,21.142857142857142,11.142857142857142,10,78.85714285714286,6,72.85714285714285
E00165102,540,95,41,54,445,37,408,17.59259259259259,7.592592592592593,10,82.4074074074074,6.851851851851852,75.55555555555556
E00165103,305,56,14,42,249,23,226,18.360655737704917,4.590163934426229,13.77049180327869,81.63934426229508,7.540983606557377,74.09836065573771
E00165104,248,32,10,22,216,20,196,12.903225806451612,4.032258064516129,8.870967741935484,87.09677419354838,8.064516129032258,79.03225806451613
E00165105,293,76,32,44,217,20,197,25.938566552901023,10.921501706484642,15.017064846416384,74.06143344709898,6.825938566552901,67.23549488054607
E00165106,269,52,16,36,217,14,203,19.33085501858736,5.947955390334572,13.382899628252787,80.66914498141264,5.204460966542751,75.46468401486989
E00165107,188,45,20,25,143,15,128,23.93617021276596,10.638297872340425,13.297872340425531,76.06382978723404,7.9787234042553195,68.08510638297872
E00165108,289,78,42,36,211,24,187,26.989619377162633,14.53287197231834,12.45674740484429,73.01038062283737,8.304498269896193,64.70588235294117
E00165109,258,48,19,29,210,17,193,18.6046511627907,7.3643410852713185,11.24031007751938,81.3953488372093,6.5891472868217065,74.8062015503876
E00165110,316,49,12,37,267,35,232,15.50632911392405,3.79746835443038,11.708860759493671,84.49367088607595,11.075949367088606,73.41772151898735
E00165111,306,55,21,34,251,20,231,17.973856209150327,6.862745098039216,11.11111111111111,82.02614379084967,6.535947712418301,75.49019607843137
E00165112,301,54,16,38,247,45,202,17.940199335548172,5.3156146179401995,12.624584717607974,82.05980066445183,14.950166112956811,67.109634551495
E00165113,348,46,10,36,302,40,262,13.218390804597702,2.8735632183908044,10.344827586206897,86.7816091954023,11.494252873563218,75.28735632183908
E00165114,317,58,27,31,259,32,227,18.29652996845426,8.517350157728707,9.779179810725552,81.70347003154575,10.094637223974763,71.60883280757098
E00165115,314,50,13,37,264,24,240,15.92356687898089,4.140127388535031,11.78343949044586,84.07643312101911,7.643312101910828,76.43312101910828
E00165116,278,67,38,29,211,20,191,24.100719424460433,13.66906474820144,10.431654676258994,75.89928057553958,7.1942446043165464,68.70503597122301
E00165117,326,49,21,28,277,29,248,15.030674846625766,6.441717791411043,8.588957055214724,84.96932515337423,8.895705521472392,76.07361963190185
E00165118,246,32,14,18,214,16,198,13.008130081300814,5.691056910569105,7.317073170731707,86.99186991869918,6.504065040650407,80.48780487804879
E00165119,274,56,24,32,218,20,198,20.437956204379564,8.75912408759124,11.678832116788321,79.56204379562044,7.2992700729927,72.26277372262774
E00165120,306,44,16,28,262,35,227,14.37908496732026,5.228758169934641,9.15032679738562,85.62091503267973,11.437908496732026,74.18300653594771
E00165121,286,56,23,33,230,16,214,19.58041958041958,8.041958041958042,11.538461538461538,80.41958041958041,5.594405594405594,74.82517482517483
E00165122,226,46,15,31,180,18,162,20.353982300884958,6.637168141592921,13.716814159292035,79.64601769911505,7.964601769911504,71.68141592920354
E00165123,296,56,24,32,240,25,215,18.91891891891892,8.108108108108109,10.81081081081081,81.08108108108108,8.445945945945946,72.63513513513513
E00165124,281,43,12,31,238,16,222,15.302491103202847,4.270462633451958,11.032028469750891,84.69750889679716,5.6939501779359425,79.00355871886121
E00165125,337,45,20,25,292,24,268,13.353115727002967,5.934718100890208,7.418397626112759,86.64688427299704,7.121661721068249,79.52522255192879
E00165126,265,50,21,29,215,17,198,18.867924528301888,7.9245283018867925,10.943396226415095,81.13207547169812,6.415094339622642,74.71698113207546
E00165127,363,115,47,68,248,17,231,31.68044077134986,12.947658402203857,18.732782369146005,68.31955922865014,4.683195592286501,63.63636363636363
E00165128,363,63,27,36,300,22,278,17.355371900826448,7.43801652892562,9.917355371900827,82.64462809917356,6.0606060606060606,76.5840220385675
E00165129,297,52,24,28,245,17,228,17.50841750841751,8.080808080808081,9.427609427609427,82.49158249158249,5.723905723905724,76.76767676767676
E00165130,399,76,22,54,323,20,303,19.047619047619047,5.513784461152882,13.533834586466165,80.95238095238095,5.012531328320802,75.93984962406014
E00165131,207,63,30,33,144,10,134,30.434782608695656,14.492753623188406,15.942028985507244,69.56521739130434,4.830917874396135,64.73429951690821
E00165132,228,66,34,32,162,17,145,28.947368421052634,14.912280701754385,14.035087719298245,71.05263157894737,7.456140350877193,63.59649122807017
E00165133,203,45,24,21,158,16,142,22.167487684729064,11.822660098522167,10.344827586206897,77.83251231527095,7.8817733990147785,69.95073891625616
E00165134,303,53,19,34,250,44,206,17.491749174917494,6.270627062706271,11.221122112211221,82.50825082508251,14.521452145214523,67.98679867986799
E00165135,382,68,23,45,314,42,272,17.801047120418847,6.020942408376963,11.780104712041885,82.19895287958116,10.99476439790576,71.20418848167539
E00165136,229,46,22,24,183,24,159,20.087336244541483,9.606986899563319,10.480349344978166,79.91266375545851,10.480349344978166,69.43231441048034
E00165137,262,25,14,11,237,29,208,9.541984732824428,5.343511450381679,4.198473282442748,90.45801526717557,11.068702290076336,79.38931297709924
E00165138,342,55,16,39,287,32,255,16.08187134502924,4.678362573099415,11.403508771929824,83.91812865497076,9.35672514619883,74.56140350877193
E00165139,284,34,15,19,250,29,221,11.971830985915492,5.28169014084507,6.690140845070422,88.02816901408451,10.211267605633804,77.8169014084507
E00165140,431,74,36,38,357,31,326,17.16937354988399,8.352668213457076,8.816705336426914,82.830626450116,7.192575406032482,75.63805104408353
E00165141,216,59,25,34,157,10,147,27.314814814814813,11.574074074074074,15.74074074074074,72.68518518518519,4.62962962962963,68.05555555555556
E00165142,245,47,19,28,198,15,183,19.183673469387756,7.755102040816326,11.428571428571429,80.81632653061224,6.122448979591836,74.6938775510204
E00165143,275,54,16,38,221,28,193,19.636363636363637,5.818181818181818,13.818181818181818,80.36363636363636,10.181818181818182,70.18181818181817
E00165144,173,27,11,16,146,16,130,15.606936416184972,6.358381502890173,9.248554913294797,84.39306358381504,9.248554913294797,75.14450867052022
E00165146,313,55,19,36,258,27,231,17.57188498402556,6.070287539936102,11.501597444089457,82.42811501597444,8.626198083067091,73.80191693290735
E00165147,304,50,14,36,254,22,232,16.447368421052634,4.605263157894736,11.842105263157894,83.55263157894737,7.236842105263158,76.31578947368422
E00165148,268,57,19,38,211,23,188,21.26865671641791,7.08955223880597,14.17910447761194,78.73134328358209,8.582089552238806,70.1492537313433
E00165149,298,31,11,20,267,28,239,10.40268456375839,3.691275167785235,6.7114093959731544,89.59731543624162,9.395973154362416,80.20134228187919
E00165150,264,49,22,27,215,15,200,18.560606060606062,8.333333333333332,10.227272727272728,81.43939393939394,5.681818181818182,75.75757575757575
E00165151,304,19,7,12,285,22,263,6.25,2.302631578947368,3.9473684210526314,93.75,7.236842105263158,86.51315789473685
E00165152,278,55,15,40,223,12,211,19.784172661870503,5.39568345323741,14.388489208633093,80.2158273381295,4.316546762589928,75.89928057553958
E00165153,326,88,39,49,238,21,217,26.993865030674847,11.96319018404908,15.030674846625766,73.00613496932516,6.441717791411043,66.56441717791411
E00165154,407,55,21,34,352,17,335,13.513513513513514,5.159705159705159,8.353808353808354,86.48648648648648,4.176904176904177,82.30958230958231
E00165155,306,107,68,39,199,23,176,34.967320261437905,22.22222222222222,12.745098039215685,65.0326797385621,7.516339869281046,57.51633986928104
E00165156,256,52,18,34,204,10,194,20.3125,7.03125,13.28125,79.6875,3.90625,75.78125
E00165157,383,56,17,39,327,35,292,14.621409921671018,4.43864229765013,10.182767624020887,85.37859007832898,9.138381201044385,76.2402088772846
E00165158,265,52,22,30,213,23,190,19.622641509433965,8.30188679245283,11.320754716981133,80.37735849056604,8.679245283018867,71.69811320754717
E00165159,279,69,38,31,210,13,197,24.731182795698924,13.620071684587815,11.11111111111111,75.26881720430107,4.659498207885305,70.60931899641577
E00165160,281,48,16,32,233,24,209,17.08185053380783,5.6939501779359425,11.387900355871885,82.91814946619218,8.540925266903916,74.37722419928826
E00165161,236,74,47,27,162,15,147,31.35593220338983,19.915254237288135,11.440677966101696,68.64406779661016,6.3559322033898304,62.28813559322034
E00165162,265,56,12,44,209,18,191,21.132075471698116,4.528301886792453,16.60377358490566,78.8679245283019,6.7924528301886795,72.0754716981132
E00165163,287,42,11,31,245,27,218,14.634146341463413,3.8327526132404177,10.801393728222997,85.36585365853658,9.40766550522648,75.9581881533101
E00165164,345,56,18,38,289,31,258,16.231884057971012,5.217391304347826,11.014492753623188,83.76811594202898,8.985507246376812,74.78260869565217
E00165165,378,82,35,47,296,26,270,21.693121693121693,9.25925925925926,12.433862433862434,78.3068783068783,6.878306878306878,71.42857142857143
E00165166,343,58,15,43,285,28,257,16.909620991253643,4.373177842565598,12.536443148688047,83.09037900874635,8.16326530612245,74.9271137026239
E00165167,278,48,21,27,230,21,209,17.26618705035971,7.553956834532374,9.712230215827338,82.73381294964028,7.553956834532374,75.17985611510791
E00165168,98,29,13,16,69,14,55,29.591836734693878,13.26530612244898,16.3265306122449,70.40816326530613,14.285714285714285,56.12244897959183
E00165169,134,23,11,12,111,11,100,17.16417910447761,8.208955223880597,8.955223880597014,82.83582089552239,8.208955223880597,74.6268656716418
E00165170,174,40,13,27,134,12,122,22.988505747126435,7.471264367816093,15.517241379310345,77.01149425287356,6.896551724137931,70.11494252873564
E00165171,252,55,23,32,197,19,178,21.825396825396826,9.126984126984127,12.698412698412698,78.17460317460318,7.5396825396825395,70.63492063492063
E00165172,278,56,28,28,222,14,208,20.14388489208633,10.071942446043165,10.071942446043165,79.85611510791367,5.0359712230215825,74.82014388489209
E00165173,194,53,20,33,141,12,129,27.31958762886598,10.309278350515463,17.010309278350515,72.68041237113401,6.185567010309279,66.49484536082474
E00165176,305,40,7,33,265,23,242,13.114754098360656,2.2950819672131146,10.819672131147541,86.88524590163934,7.540983606557377,79.34426229508198
E00165177,246,43,24,19,203,18,185,17.479674796747968,9.75609756097561,7.723577235772358,82.52032520325203,7.317073170731707,75.20325203252033
E00165178,223,56,24,32,167,24,143,25.112107623318387,10.762331838565023,14.349775784753364,74.88789237668162,10.762331838565023,64.12556053811659
E00165179,311,58,29,29,253,17,236,18.64951768488746,9.32475884244373,9.32475884244373,81.35048231511254,5.466237942122187,75.88424437299035
E00165180,368,86,45,41,282,26,256,23.369565217391305,12.228260869565217,11.141304347826086,76.63043478260869,7.065217391304348,69.56521739130434
E00165181,432,71,25,46,361,28,333,16.435185185185187,5.787037037037037,10.648148148148149,83.56481481481481,6.481481481481481,77.08333333333334
E00165182,272,61,28,33,211,18,193,22.426470588235293,10.294117647058822,12.132352941176471,77.57352941176471,6.61764705882353,70.95588235294117
E00165183,262,51,15,36,211,16,195,19.46564885496183,5.7251908396946565,13.740458015267176,80.53435114503816,6.106870229007633,74.42748091603053
E00165184,317,42,21,21,275,27,248,13.249211356466878,6.624605678233439,6.624605678233439,86.75078864353313,8.517350157728707,78.23343848580441
E00165185,309,37,12,25,272,18,254,11.974110032362459,3.8834951456310676,8.090614886731391,88.02588996763754,5.825242718446602,82.20064724919094
E00165186,298,57,21,36,241,21,220,19.12751677852349,7.046979865771812,12.080536912751679,80.87248322147651,7.046979865771812,73.8255033557047
E00165187,366,59,28,31,307,39,268,16.120218579234972,7.650273224043716,8.469945355191257,83.87978142076503,10.655737704918032,73.224043715847
E00165188,165,26,10,16,139,10,129,15.757575757575756,6.0606060606060606,9.696969696969697,84.24242424242424,6.0606060606060606,78.18181818181819
E00165189,371,73,34,39,298,21,277,19.67654986522911,9.164420485175203,10.512129380053908,80.3234501347709,5.660377358490567,74.66307277628033
E00165190,292,38,10,28,254,21,233,13.013698630136986,3.4246575342465753,9.58904109589041,86.98630136986301,7.191780821917808,79.7945205479452
E00165191,296,64,24,40,232,28,204,21.62162162162162,8.108108108108109,13.513513513513514,78.37837837837837,9.45945945945946,68.91891891891892
E00165192,371,63,25,38,308,37,271,16.9811320754717,6.738544474393531,10.242587601078167,83.01886792452831,9.973045822102426,73.04582210242587
E00165193,336,76,43,33,260,22,238,22.61904761904762,12.797619047619047,9.821428571428571,77.38095238095238,6.547619047619048,70.83333333333334
E00165194,404,70,24,46,334,34,300,17.326732673267326,5.9405940594059405,11.386138613861387,82.67326732673267,8.415841584158416,74.25742574257426
E00165195,309,45,20,25,264,25,239,14.563106796116504,6.472491909385113,8.090614886731391,85.43689320388349,8.090614886731391,77.34627831715211
E00165196,300,81,25,56,219,31,188,27,8.333333333333332,18.666666666666668,73,10.333333333333334,62.66666666666667
E00165197,303,49,28,21,254,26,228,16.17161716171617,9.24092409240924,6.9306930693069315,83.82838283828383,8.58085808580858,75.24752475247524
E00165198,306,83,39,44,223,25,198,27.124183006535947,12.745098039215685,14.37908496732026,72.87581699346404,8.169934640522875,64.70588235294117
E00165199,147,31,12,19,116,15,101,21.08843537414966,8.16326530612245,12.925170068027212,78.91156462585033,10.204081632653061,68.70748299319727
E00165200,221,49,24,25,172,22,150,22.171945701357465,10.85972850678733,11.312217194570136,77.82805429864254,9.95475113122172,67.87330316742081
E00165201,262,34,15,19,228,16,212,12.977099236641221,5.7251908396946565,7.251908396946565,87.02290076335878,6.106870229007633,80.91603053435115
E00165202,474,73,27,46,401,35,366,15.400843881856542,5.69620253164557,9.70464135021097,84.59915611814345,7.383966244725738,77.21518987341773
E00165203,352,68,23,45,284,28,256,19.318181818181817,6.534090909090909,12.784090909090908,80.68181818181817,7.954545454545454,72.72727272727273
E00165204,498,72,23,49,426,35,391,14.457831325301203,4.618473895582329,9.839357429718875,85.54216867469879,7.028112449799197,78.5140562248996
E00165205,311,57,27,30,254,13,241,18.327974276527332,8.681672025723474,9.646302250803858,81.67202572347267,4.180064308681672,77.491961414791
E00165206,439,77,35,42,362,44,318,17.539863325740317,7.972665148063782,9.567198177676538,82.46013667425967,10.022779043280181,72.4373576309795
E00165207,494,69,18,51,425,39,386,13.96761133603239,3.643724696356275,10.323886639676113,86.03238866396761,7.894736842105263,78.13765182186235
E00165208,139,27,8,19,112,10,102,19.424460431654676,5.755395683453238,13.66906474820144,80.57553956834532,7.1942446043165464,73.38129496402878
E00165209,371,65,16,49,306,23,283,17.52021563342318,4.31266846361186,13.20754716981132,82.47978436657682,6.199460916442049,76.28032345013477
E00165210,339,52,16,36,287,32,255,15.339233038348082,4.71976401179941,10.619469026548673,84.66076696165192,9.43952802359882,75.22123893805309
E00165211,283,64,26,38,219,28,191,22.614840989399294,9.187279151943462,13.427561837455832,77.3851590106007,9.89399293286219,67.49116607773851
E00165212,312,49,18,31,263,28,235,15.705128205128204,5.769230769230769,9.935897435897436,84.2948717948718,8.974358974358974,75.32051282051282
E00165213,316,53,14,39,263,31,232,16.77215189873418,4.430379746835443,12.341772151898734,83.22784810126582,9.81012658227848,73.41772151898735
E00165214,264,43,18,25,221,22,199,16.28787878787879,6.8181818181818175,9.469696969696969,83.71212121212122,8.333333333333332,75.37878787878788
E00165215,361,44,20,24,317,31,286,12.18836565096953,5.540166204986149,6.64819944598338,87.81163434903047,8.587257617728532,79.22437673130193
E00165216,316,37,11,26,279,23,256,11.708860759493671,3.481012658227848,8.227848101265822,88.29113924050634,7.2784810126582276,81.0126582278481
E00165217,325,25,6,19,300,33,267,7.6923076923076925,1.8461538461538463,5.846153846153846,92.3076923076923,10.153846153846153,82.15384615384616
E00165218,595,92,31,61,503,44,459,15.46218487394958,5.2100840336134455,10.252100840336134,84.53781512605042,7.394957983193278,77.14285714285715
E00165219,307,53,15,38,254,23,231,17.263843648208468,4.88599348534202,12.37785016286645,82.73615635179154,7.491856677524431,75.2442996742671
E00165220,340,67,29,38,273,23,250,19.705882352941178,8.529411764705882,11.176470588235295,80.29411764705883,6.764705882352941,73.52941176470588
E00165221,307,37,13,24,270,24,246,12.052117263843648,4.234527687296417,7.81758957654723,87.94788273615634,7.81758957654723,80.13029315960912
E00165222,479,66,19,47,413,37,376,13.778705636743215,3.966597077244259,9.812108559498958,86.22129436325679,7.724425887265135,78.49686847599166
E00165223,269,41,12,29,228,17,211,15.241635687732341,4.4609665427509295,10.780669144981413,84.75836431226766,6.319702602230483,78.43866171003717
E00165224,366,42,12,30,324,24,300,11.475409836065573,3.278688524590164,8.19672131147541,88.52459016393442,6.557377049180328,81.9672131147541
E00165225,326,48,15,33,278,22,256,14.723926380368098,4.601226993865031,10.122699386503067,85.2760736196319,6.748466257668712,78.52760736196319
E00165226,319,31,10,21,288,22,266,9.717868338557993,3.1347962382445136,6.583072100313479,90.28213166144201,6.896551724137931,83.38557993730407
E00165227,339,38,13,25,301,24,277,11.209439528023598,3.8348082595870205,7.374631268436578,88.79056047197639,7.079646017699115,81.71091445427729
E00165228,251,29,5,24,222,23,199,11.553784860557768,1.9920318725099602,9.56175298804781,88.44621513944223,9.163346613545817,79.2828685258964
E00165229,265,44,17,27,221,16,205,16.60377358490566,6.415094339622642,10.18867924528302,83.39622641509435,6.037735849056604,77.35849056603774
E00165230,308,24,6,18,284,19,265,7.792207792207792,1.948051948051948,5.844155844155844,92.20779220779221,6.1688311688311686,86.03896103896103
E00165231,310,31,10,21,279,15,264,10,3.225806451612903,6.774193548387098,90,4.838709677419355,85.16129032258064
E00165232,197,33,10,23,164,13,151,16.751269035532996,5.0761421319796955,11.6751269035533,83.24873096446701,6.598984771573605,76.6497461928934
E00165233,281,28,4,24,253,19,234,9.9644128113879,1.4234875444839856,8.540925266903916,90.0355871886121,6.761565836298933,83.27402135231317
E00165234,340,43,16,27,297,23,274,12.647058823529411,4.705882352941177,7.941176470588235,87.3529411764706,6.764705882352941,80.58823529411765
E00165235,271,59,19,40,212,19,193,21.771217712177123,7.011070110701106,14.760147601476014,78.22878228782287,7.011070110701106,71.21771217712177
E00165236,335,54,17,37,281,19,262,16.119402985074625,5.074626865671641,11.044776119402986,83.88059701492537,5.6716417910447765,78.2089552238806
E00165237,316,68,27,41,248,18,230,21.518987341772153,8.544303797468354,12.974683544303797,78.48101265822784,5.69620253164557,72.78481012658227
E00165238,342,59,22,37,283,20,263,17.251461988304094,6.432748538011696,10.818713450292398,82.7485380116959,5.847953216374268,76.90058479532163
E00165240,508,63,25,38,445,36,409,12.401574803149607,4.921259842519685,7.480314960629922,87.5984251968504,7.086614173228346,80.51181102362204
E00165241,293,26,8,18,267,15,252,8.873720136518772,2.7303754266211606,6.143344709897611,91.12627986348123,5.1194539249146755,86.00682593856655
E00165242,226,62,30,32,164,10,154,27.43362831858407,13.274336283185843,14.15929203539823,72.56637168141593,4.424778761061947,68.14159292035397
E00165243,348,44,13,31,304,29,275,12.643678160919542,3.7356321839080464,8.908045977011495,87.356321839080465,8.333333333333332,79.02298850574712
E00165244,149,23,8,15,126,9,117,15.436241610738255,5.369127516778524,10.06711409395973,84.56375838926175,6.0402684563758395,78.52348993288591
E00165245,334,52,19,33,282,31,251,15.568862275449103,5.688622754491018,9.880239520958083,84.4311377245509,9.281437125748502,75.1497005988024
E00165246,331,74,31,43,257,26,231,22.356495468277945,9.365558912386707,12.990936555891238,77.64350453172206,7.854984894259818,69.78851963746223
E00165247,191,30,10,20,161,13,148,15.706806282722512,5.2356020942408374,10.471204188481675,84.29319371727748,6.806282722513089,77.4869109947644
E00165248,272,43,14,29,229,21,208,15.808823529411764,5.147058823529411,10.661764705882353,84.19117647058823,7.720588235294118,76.47058823529412
E00165249,317,46,18,28,271,30,241,14.511041009463725,5.678233438485805,8.832807570977918,85.48895899053628,9.46372239747634,76.02523659305994
E00165251,443,64,23,41,379,27,352,14.446952595936793,5.191873589164786,9.255079006772009,85.55304740406321,6.094808126410835,79.45823927765237
E00165252,190,38,15,23,152,15,137,20,7.894736842105263,12.105263157894736,80,7.894736842105263,72.10526315789474
E00165253,304,50,16,34,254,32,222,16.447368421052634,5.263157894736842,11.18421052631579,83.55263157894737,10.526315789473683,73.02631578947368
E00165254,246,41,15,26,205,13,192,16.666666666666664,6.097560975609756,10.569105691056912,83.33333333333334,5.284552845528456,78.04878048780488
E00165255,375,57,21,36,318,25,293,15.2,5.6000000000000005,9.6,84.8,6.666666666666667,78.13333333333333
E00165256,291,41,17,24,250,26,224,14.0893470790378,5.841924398625429,8.24742268041237,85.91065292096219,8.934707903780069,76.97594501718214
E00165257,116,18,10,8,98,14,84,15.517241379310345,8.620689655172415,6.896551724137931,84.48275862068965,12.068965517241379,72.41379310344827
E00165258,379,81,51,30,298,33,265,21.372031662269126,13.456464379947231,7.9155672823219,78.62796833773086,8.70712401055409,69.92084432717678
E00165259,387,59,27,32,328,24,304,15.245478036175712,6.976744186046512,8.2687338501292,84.75452196382429,6.2015503875969,78.55297157622739
E00165262,286,49,17,32,237,26,211,17.132867132867133,5.944055944055944,11.188811188811188,82.86713286713287,9.090909090909092,73.77622377622379
E00165263,602,55,16,39,547,55,492,9.136212624584719,2.6578073089700998,6.4784053156146175,90.86378737541528,9.136212624584719,81.72757475083057
E00165264,361,37,10,27,324,19,305,10.249307479224377,2.7700831024930745,7.479224376731302,89.75069252077562,5.263157894736842,84.48753462603878
E00165265,345,80,47,33,265,22,243,23.18840579710145,13.623188405797102,9.565217391304348,76.81159420289855,6.3768115942028984,70.43478260869566
E00165266,235,46,18,28,189,10,179,19.574468085106382,7.659574468085106,11.914893617021278,80.42553191489363,4.25531914893617,76.17021276595744
E00165267,324,25,9,16,299,28,271,7.716049382716049,2.7777777777777777,4.938271604938271,92.28395061728395,8.641975308641975,83.64197530864197
E00165268,305,22,7,15,283,28,255,7.213114754098362,2.2950819672131146,4.918032786885246,92.78688524590164,9.180327868852459,83.60655737704919
E00165270,227,24,6,18,203,22,181,10.572687224669604,2.643171806167401,7.929515418502203,89.42731277533039,9.691629955947137,79.73568281938326
E00165271,348,57,19,38,291,32,259,16.379310344827587,5.459770114942529,10.919540229885058,83.62068965517241,9.195402298850574,74.42528735632183
E00165272,416,57,24,33,359,27,332,13.701923076923078,5.769230769230769,7.9326923076923075,86.29807692307693,6.490384615384616,79.8076923076923
E00165273,374,75,37,38,299,27,272,20.053475935828878,9.893048128342247,10.16042780748663,79.94652406417111,7.219251336898395,72.72727272727273
E00165274,395,71,28,43,324,22,302,17.974683544303797,7.088607594936709,10.886075949367088,82.02531645569621,5.5696202531645564,76.45569620253164
E00165275,358,42,15,27,316,29,287,11.731843575418994,4.189944134078212,7.5418994413407825,88.26815642458101,8.100558659217876,80.16759776536313
E00165276,252,66,28,38,186,16,170,26.190476190476193,11.11111111111111,15.079365079365079,73.80952380952381,6.349206349206349,67.46031746031747
E00165277,324,55,14,41,269,28,241,16.97530864197531,4.320987654320987,12.654320987654321,83.0246913580247,8.641975308641975,74.38271604938271
E00165278,273,49,14,35,224,36,188,17.94871794871795,5.128205128205128,12.82051282051282,82.05128205128204,13.186813186813188,68.86446886446886
E00165279,216,49,24,25,167,23,144,22.685185185185187,11.11111111111111,11.574074074074074,77.31481481481481,10.648148148148149,66.66666666666666
E00165280,282,63,23,40,219,34,185,22.340425531914892,8.156028368794328,14.184397163120568,77.6595744680851,12.056737588652481,65.60283687943263
E00165283,232,63,22,41,169,15,154,27.155172413793103,9.482758620689655,17.67241379310345,72.84482758620689,6.4655172413793105,66.37931034482759
E00165284,171,43,27,16,128,17,111,25.146198830409354,15.789473684210526,9.35672514619883,74.85380116959064,9.941520467836257,64.91228070175438
E00165285,310,50,17,33,260,27,233,16.129032258064516,5.483870967741936,10.64516129032258,83.87096774193549,8.709677419354838,75.16129032258064
E00165286,231,60,23,37,171,21,150,25.97402597402597,9.956709956709958,16.017316017316016,74.02597402597402,9.090909090909092,64.93506493506493
E00165287,302,47,16,31,255,20,235,15.562913907284766,5.298013245033113,10.264900662251655,84.43708609271523,6.622516556291391,77.81456953642383
E00165288,331,52,23,29,279,29,250,15.709969788519636,6.948640483383686,8.761329305135952,84.29003021148036,8.761329305135952,75.52870090634441
E00165289,310,80,38,42,230,19,211,25.806451612903224,12.258064516129032,13.548387096774196,74.19354838709677,6.129032258064516,68.06451612903226
E00165290,305,63,27,36,242,30,212,20.655737704918035,8.852459016393443,11.80327868852459,79.34426229508198,9.836065573770492,69.50819672131148
E00165291,311,70,34,36,241,26,215,22.508038585209004,10.932475884244374,11.57556270096463,77.491961414791,8.360128617363344,69.13183279742765
E00165292,190,36,11,25,154,23,131,18.947368421052634,5.7894736842105265,13.157894736842104,81.05263157894737,12.105263157894736,68.94736842105263
E00165293,329,67,30,37,262,27,235,20.364741641337385,9.118541033434651,11.246200607902736,79.63525835866263,8.206686930091186,71.42857142857143
E00165294,239,79,42,37,160,25,135,33.054393305439326,17.573221757322173,15.481171548117153,66.94560669456067,10.460251046025103,56.48535564853556
E00165295,234,58,23,35,176,23,153,24.786324786324787,9.82905982905983,14.957264957264957,75.21367521367522,9.82905982905983,65.38461538461539
E00165296,389,69,23,46,320,39,281,17.737789203084834,5.912596401028278,11.825192802056556,82.26221079691517,10.025706940874036,72.23650385604114
E00165297,319,82,42,40,237,24,213,25.705329153605017,13.166144200626958,12.539184952978054,74.29467084639498,7.523510971786834,66.77115987460816
E00165298,236,52,17,35,184,23,161,22.033898305084744,7.203389830508475,14.83050847457627,77.96610169491525,9.745762711864407,68.22033898305084
E00165299,233,31,8,23,202,25,177,13.304721030042918,3.4334763948497855,9.871244635193133,86.69527896995707,10.72961373390558,75.9656652360515
E00165300,270,85,29,56,185,27,158,31.48148148148148,10.74074074074074,20.74074074074074,68.51851851851852,10,58.51851851851851
E00165301,244,47,19,28,197,17,180,19.262295081967213,7.786885245901639,11.475409836065573,80.73770491803278,6.967213114754098,73.77049180327869
E00165302,274,56,23,33,218,20,198,20.437956204379564,8.394160583941606,12.043795620437956,79.56204379562044,7.2992700729927,72.26277372262774
E00165303,242,72,37,35,170,12,158,29.75206611570248,15.289256198347106,14.46280991735537,70.24793388429752,4.958677685950414,65.28925619834712
E00165304,321,49,12,37,272,26,246,15.264797507788161,3.7383177570093453,11.526479750778815,84.73520249221184,8.09968847352025,76.63551401869158
E00165305,318,44,6,38,274,45,229,13.836477987421384,1.8867924528301887,11.949685534591195,86.16352201257862,14.150943396226415,72.0125786163522
E00165306,433,80,31,49,353,40,313,18.475750577367204,7.159353348729793,11.316397228637413,81.5242494226328,9.237875288683602,72.2863741339492
E00165307,330,55,19,36,275,21,254,16.666666666666664,5.757575757575758,10.909090909090908,83.33333333333334,6.363636363636363,76.96969696969697
E00165309,269,62,37,25,207,18,189,23.04832713754647,13.754646840148698,9.293680297397769,76.95167286245353,6.691449814126393,70.26022304832715
E00165310,266,90,71,19,176,11,165,33.83458646616541,26.691729323308273,7.142857142857142,66.16541353383458,4.135338345864661,62.03007518796993
E00165311,345,55,17,38,290,37,253,15.942028985507244,4.9275362318840585,11.014492753623188,84.05797101449275,10.72463768115942,73.33333333333333
E00165312,269,67,26,41,202,21,181,24.907063197026023,9.66542750929368,15.241635687732341,75.09293680297398,7.806691449814126,67.28624535315984
E00165313,506,93,44,49,413,45,368,18.379446640316203,8.695652173913043,9.683794466403162,81.62055335968378,8.893280632411066,72.72727272727273
E00165314,305,41,11,30,264,28,236,13.442622950819672,3.606557377049181,9.836065573770492,86.55737704918033,9.180327868852459,77.37704918032787
E00165315,338,41,16,25,297,31,266,12.1301775147929,4.733727810650888,7.396449704142012,87.86982248520711,9.171597633136095,78.69822485207101
E00165316,275,60,29,31,215,26,189,21.818181818181817,10.545454545454545,11.272727272727273,78.18181818181819,9.454545454545455,68.72727272727272
E00165317,304,64,21,43,240,17,223,21.052631578947366,6.907894736842106,14.144736842105262,78.94736842105263,5.592105263157895,73.35526315789474
E00165318,193,22,7,15,171,20,151,11.398963730569948,3.6269430051813467,7.772020725388601,88.60103626943005,10.362694300518134,78.23834196891191
E00165319,197,31,6,25,166,20,146,15.736040609137056,3.0456852791878175,12.690355329949238,84.26395939086294,10.152284263959391,74.11167512690355
E00165320,276,26,7,19,250,19,231,9.420289855072465,2.536231884057971,6.884057971014493,90.57971014492753,6.884057971014493,83.69565217391305
E00165321,394,66,14,52,328,30,298,16.751269035532996,3.5532994923857872,13.19796954314721,83.24873096446701,7.614213197969544,75.63451776649747
E00165322,161,28,14,14,133,6,127,17.391304347826086,8.695652173913043,8.695652173913043,82.6086956521739,3.7267080745341614,78.88198757763976
E00165323,341,61,25,36,280,28,252,17.888563049853374,7.331378299120235,10.557184750733137,82.11143695014663,8.211143695014663,73.90029325513197
E00165324,283,65,34,31,218,27,191,22.968197879858657,12.014134275618375,10.954063604240282,77.03180212014135,9.540636042402827,67.49116607773851
E00165325,300,43,14,29,257,30,227,14.333333333333334,4.666666666666667,9.666666666666666,85.66666666666667,10,75.66666666666667
E00165326,360,44,9,35,316,34,282,12.222222222222221,2.5,9.722222222222223,87.77777777777777,9.444444444444445,78.33333333333333
E00165327,365,70,28,42,295,28,267,19.17808219178082,7.671232876712329,11.506849315068493,80.82191780821918,7.671232876712329,73.15068493150685
E00165329,301,53,12,41,248,31,217,17.60797342192691,3.9867109634551494,13.621262458471762,82.39202657807309,10.299003322259136,72.09302325581395
E00165330,173,22,6,16,151,19,132,12.716763005780345,3.4682080924855487,9.248554913294797,87.28323699421965,10.982658959537572,76.30057803468208
E00165331,308,55,18,37,253,22,231,17.857142857142858,5.844155844155844,12.012987012987013,82.14285714285714,7.142857142857142,75
E00165332,128,22,10,12,106,12,94,17.1875,7.8125,9.375,82.8125,9.375,73.4375
E00165333,447,111,49,62,336,30,306,24.832214765100673,10.961968680089486,13.870246085011187,75.16778523489933,6.7114093959731544,68.45637583892618
E00165334,295,42,17,25,253,26,227,14.237288135593221,5.762711864406779,8.47457627118644,85.76271186440678,8.813559322033898,76.94915254237287
E00165335,313,63,26,37,250,17,233,20.12779552715655,8.30670926517572,11.821086261980831,79.87220447284345,5.431309904153355,74.4408945686901
E00165336,292,42,7,35,250,23,227,14.383561643835616,2.3972602739726026,11.986301369863012,85.61643835616438,7.876712328767123,77.73972602739725
E00165337,117,23,9,14,94,10,84,19.65811965811966,7.6923076923076925,11.965811965811966,80.34188034188034,8.547008547008547,71.7948717948718
E00165338,392,61,23,38,331,32,299,15.561224489795919,5.86734693877551,9.693877551020408,84.43877551020408,8.16326530612245,76.27551020408163
E00165339,238,35,10,25,203,24,179,14.705882352941178,4.201680672268908,10.504201680672269,85.29411764705883,10.084033613445378,75.21008403361344
E00171597,321,36,13,23,285,28,257,11.214953271028037,4.049844236760125,7.165109034267912,88.78504672897196,8.722741433021806,80.06230529595015
E00171599,256,38,13,25,218,25,193,14.84375,5.078125,9.765625,85.15625,9.765625,75.390625
E00171600,626,202,61,141,424,72,352,32.26837060702875,9.744408945686901,22.523961661341854,67.73162939297124,11.501597444089457,56.23003194888179
E00171601,291,42,12,30,249,18,231,14.432989690721648,4.123711340206185,10.309278350515463,85.56701030927834,6.185567010309279,79.38144329896907
E00171602,301,33,12,21,268,24,244,10.96345514950166,3.9867109634551494,6.976744186046512,89.03654485049833,7.973421926910299,81.06312292358804
E00171603,259,30,3,27,229,21,208,11.583011583011583,1.1583011583011582,10.424710424710424,88.41698841698842,8.108108108108109,80.3088803088803
E00171604,166,20,5,15,146,15,131,12.048192771084338,3.0120481927710845,9.036144578313253,87.95180722891565,9.036144578313253,78.91566265060241
E00171605,158,32,8,24,126,12,114,20.253164556962027,5.063291139240507,15.18987341772152,79.74683544303798,7.59493670886076,72.15189873417721
E00181273,522,90,29,61,432,39,393,17.24137931034483,5.555555555555555,11.685823754789272,82.75862068965517,7.471264367816093,75.28735632183908
E00181275,389,52,17,35,337,20,317,13.367609254498714,4.370179948586118,8.997429305912597,86.63239074550128,5.141388174807198,81.49100257069408
E00181278,243,15,5,10,228,17,211,6.172839506172839,2.05761316872428,4.11522633744856,93.82716049382715,6.995884773662551,86.83127572016461
E00181281,283,31,10,21,252,17,235,10.954063604240282,3.53356890459364,7.420494699646643,89.04593639575971,6.007067137809187,83.03886925795054
E00181282,320,61,25,36,259,22,237,19.0625,7.8125,11.25,80.9375,6.875000000000001,74.0625
E00181283,616,57,20,37,559,44,515,9.253246753246753,3.2467532467532463,6.0064935064935066,90.74675324675324,7.142857142857142,83.6038961038961
E00181284,353,51,12,39,302,27,275,14.44759206798867,3.39943342776204,11.048158640226628,85.55240793201133,7.64872521246459,77.90368271954674
E00181286,212,31,18,13,181,13,168,14.622641509433961,8.49056603773585,6.132075471698113,85.37735849056604,6.132075471698113,79.24528301886792
E00181290,228,29,11,18,199,21,178,12.719298245614036,4.824561403508771,7.894736842105263,87.28070175438597,9.210526315789473,78.0701754385965
E00181291,328,46,17,29,282,21,261,14.02439024390244,5.182926829268292,8.841463414634147,85.97560975609755,6.402439024390244,79.57317073170732
E00181292,405,39,16,23,366,26,340,9.62962962962963,3.950617283950617,5.679012345679013,90.37037037037037,6.419753086419753,83.9506172839506
E00181295,487,44,14,30,443,26,417,9.034907597535934,2.8747433264887063,6.160164271047227,90.96509240246407,5.338809034907597,85.62628336755647
E00181297,244,31,9,22,213,21,192,12.704918032786885,3.6885245901639343,9.01639344262295,87.29508196721312,8.60655737704918,78.68852459016394
E00181301,259,36,9,27,223,30,193,13.8996138996139,3.474903474903475,10.424710424710424,86.10038610038609,11.583011583011583,74.5173745173745
E00181302,383,49,15,34,334,30,304,12.793733681462141,3.91644908616188,8.87728459530026,87.20626631853786,7.83289817232376,79.37336814621409
E00181305,311,30,9,21,281,21,260,9.646302250803858,2.8938906752411575,6.752411575562702,90.35369774919614,6.752411575562702,83.60128617363344
E00181306,110,31,16,15,79,10,69,28.18181818181818,14.545454545454545,13.636363636363635,71.81818181818181,9.090909090909092,62.727272727272734
E00181307,128,14,7,7,114,6,108,10.9375,5.46875,5.46875,89.0625,4.6875,84.375
E00181309,411,45,18,27,366,31,335,10.948905109489052,4.37956204379562,6.569343065693431,89.05109489051095,7.542579075425791,81.50851581508516
E00181311,412,80,44,36,332,41,291,19.41747572815534,10.679611650485436,8.737864077669903,80.58252427184466,9.951456310679612,70.63106796116504
E00181314,179,13,6,7,166,12,154,7.262569832402235,3.35195530726257,3.910614525139665,92.73743016759776,6.70391061452514,86.03351955307262
E00181320,404,41,15,26,363,23,340,10.14851485148515,3.7128712871287126,6.435643564356436,89.85148514851485,5.693069306930694,84.15841584158416
E00181321,449,82,29,53,367,35,332,18.262806236080177,6.45879732739421,11.804008908685969,81.73719376391982,7.795100222717149,73.94209354120267
E00181322,213,27,8,19,186,20,166,12.676056338028168,3.755868544600939,8.92018779342723,87.32394366197182,9.389671361502346,77.93427230046949
E00181325,513,85,25,60,428,32,396,16.569200779727094,4.8732943469785575,11.695906432748536,83.4307992202729,6.237816764132553,77.19298245614034
E00181326,146,16,11,5,130,16,114,10.95890410958904,7.534246575342466,3.4246575342465753,89.04109589041096,10.95890410958904,78.08219178082192
E00181332,406,55,34,21,351,22,329,13.546798029556651,8.374384236453201,5.172413793103448,86.45320197044335,5.41871921182266,81.03448275862068
E00181335,133,13,7,6,120,15,105,9.774436090225564,5.263157894736842,4.511278195488721,90.22556390977444,11.278195488721805,78.94736842105263
E00181338,134,19,10,9,115,10,105,14.17910447761194,7.462686567164178,6.7164179104477615,85.82089552238806,7.462686567164178,78.35820895522389
E00181341,130,19,0,19,111,14,97,14.615384615384617,0,14.615384615384617,85.38461538461539,10.76923076923077,74.61538461538461
E00181342,383,47,14,33,336,25,311,12.27154046997389,3.6553524804177546,8.616187989556137,87.72845953002611,6.527415143603134,81.20104438642298
E00181349,496,51,11,40,445,45,400,10.28225806451613,2.217741935483871,8.064516129032258,89.71774193548387,9.07258064516129,80.64516129032258
E00181350,138,53,31,22,85,14,71,38.405797101449274,22.463768115942027,15.942028985507244,61.59420289855072,10.144927536231885,51.449275362318836
E00181351,320,41,11,30,279,22,257,12.812499999999998,3.4375000000000004,9.375,87.1875,6.875000000000001,80.3125
E00181353,348,58,18,40,290,25,265,16.666666666666664,5.172413793103448,11.494252873563218,83.33333333333334,7.183908045977011,76.14942528735632
E00181355,334,51,17,34,283,23,260,15.269461077844312,5.089820359281437,10.179640718562874,84.73053892215569,6.88622754491018,77.84431137724552
E00181356,130,33,14,19,97,22,75,25.384615384615383,10.76923076923077,14.615384615384617,74.61538461538461,16.923076923076923,57.692307692307686
E00181360,467,63,30,33,404,38,366,13.49036402569593,6.423982869379015,7.066381156316917,86.50963597430406,8.137044967880087,78.37259100642399
E00181362,118,3,2,1,115,11,104,2.5423728813559325,1.694915254237288,0.847457627118644,97.45762711864407,9.322033898305085,88.13559322033898
E00181381,236,17,9,8,219,25,194,7.203389830508475,3.8135593220338984,3.389830508474576,92.79661016949152,10.59322033898305,82.20338983050848
E00181386,332,47,19,28,285,32,253,14.156626506024098,5.72289156626506,8.433734939759036,85.8433734939759,9.63855421686747,76.20481927710844
E00181392,336,58,24,34,278,29,249,17.261904761904763,7.142857142857142,10.119047619047619,82.73809523809523,8.630952380952381,74.10714285714286
E00181394,218,43,16,27,175,12,163,19.724770642201836,7.339449541284404,12.385321100917432,80.27522935779817,5.5045871559633035,74.77064220183486
E00181397,626,84,33,51,542,42,500,13.418530351437699,5.271565495207668,8.146964856230031,86.5814696485623,6.7092651757188495,79.87220447284345
E00181400,526,103,44,59,423,42,381,19.581749049429657,8.365019011406844,11.216730038022813,80.41825095057035,7.984790874524715,72.43346007604563
E00181401,585,86,32,54,499,62,437,14.700854700854702,5.47008547008547,9.230769230769232,85.2991452991453,10.598290598290598,74.7008547008547
E00181404,202,32,15,17,170,13,157,15.841584158415841,7.425742574257425,8.415841584158416,84.15841584158416,6.435643564356436,77.72277227722772
E00181409,362,25,5,20,337,22,315,6.906077348066299,1.3812154696132597,5.524861878453039,93.0939226519337,6.077348066298343,87.01657458563537
E00181410,330,50,12,38,280,16,264,15.151515151515152,3.6363636363636362,11.515151515151516,84.84848484848484,4.848484848484849,80
