OA,ts0590001,ts0590002,ts0590003,ts0590004,ts0590005,ts0590006,ts0590007,ts0590002_PCT,ts0590003_PCT,ts0590004_PCT,ts0590005_PCT,ts0590006_PCT,ts0590007_PCT
E00150480,124,27,8,19,97,80,17,21.774193548387096,6.451612903225806,15.32258064516129,78.2258064516129,64.51612903225806,13.709677419354838
E00150481,158,44,11,33,114,103,11,27.848101265822784,6.962025316455696,20.88607594936709,72.15189873417721,65.18987341772153,6.962025316455696
E00150482,133,34,5,29,99,78,21,25.563909774436087,3.7593984962406015,21.804511278195488,74.43609022556392,58.64661654135338,15.789473684210526
E00150483,181,56,11,45,125,110,15,30.939226519337016,6.077348066298343,24.861878453038674,69.06077348066299,60.773480662983424,8.287292817679557
E00150484,143,35,14,21,108,90,18,24.475524475524477,9.79020979020979,14.685314685314685,75.52447552447552,62.93706293706294,12.587412587412588
E00150485,139,37,7,30,102,87,15,26.618705035971225,5.0359712230215825,21.58273381294964,73.38129496402878,62.589928057553955,10.79136690647482
E00150486,89,26,5,21,63,46,17,29.213483146067414,5.617977528089887,23.595505617977526,70.78651685393258,51.68539325842697,19.101123595505616
E00150487,180,49,20,29,131,105,26,27.22222222222222,11.11111111111111,16.11111111111111,72.77777777777777,58.333333333333336,14.444444444444443
E00150488,114,30,6,24,84,72,12,26.31578947368421,5.263157894736842,21.052631578947366,73.68421052631578,63.1578947368421,10.526315789473683
E00150489,79,27,8,19,52,47,5,34.177215189873415,10.126582278481013,24.050632911392405,65.82278481012658,59.49367088607595,6.329113924050633
E00150490,144,50,15,35,94,81,13,34.72222222222222,10.416666666666668,24.305555555555554,65.27777777777779,56.25,9.027777777777777
E00150491,165,50,17,33,115,96,19,30.303030303030305,10.303030303030303,20,69.6969696969697,58.18181818181818,11.515151515151516
E00150492,158,63,29,34,95,65,30,39.87341772151899,18.354430379746837,21.518987341772153,60.12658227848101,41.139240506329116,18.9873417721519
E00150493,124,39,9,30,85,79,6,31.451612903225808,7.258064516129033,24.193548387096776,68.54838709677419,63.70967741935484,4.838709677419355
E00150494,142,34,10,24,108,89,19,23.943661971830984,7.042253521126761,16.901408450704224,76.05633802816901,62.676056338028175,13.380281690140844
E00150495,171,65,28,37,106,90,16,38.01169590643275,16.374269005847953,21.637426900584796,61.98830409356725,52.63157894736842,9.35672514619883
E00150496,168,42,5,37,126,116,10,25,2.976190476190476,22.023809523809522,75,69.04761904761905,5.952380952380952
E00150497,164,38,13,25,126,105,21,23.170731707317074,7.926829268292683,15.24390243902439,76.82926829268293,64.02439024390245,12.804878048780488
E00150498,122,28,10,18,94,77,17,22.950819672131146,8.19672131147541,14.754098360655737,77.04918032786885,63.114754098360656,13.934426229508196
E00150499,136,49,23,26,87,80,7,36.029411764705884,16.911764705882355,19.11764705882353,63.970588235294116,58.82352941176471,5.147058823529411
E00150500,101,28,7,21,73,65,8,27.722772277227726,6.9306930693069315,20.792079207920793,72.27722772277228,64.35643564356435,7.920792079207921
E00150501,220,54,11,43,166,146,20,24.545454545454547,5,19.545454545454547,75.45454545454545,66.36363636363637,9.090909090909092
E00150502,122,30,2,28,92,82,10,24.59016393442623,1.639344262295082,22.950819672131146,75.40983606557377,67.21311475409836,8.19672131147541
E00150503,129,44,12,32,85,75,10,34.10852713178294,9.30232558139535,24.8062015503876,65.89147286821705,58.139534883720934,7.751937984496124
E00150504,145,34,12,22,111,95,16,23.448275862068964,8.275862068965518,15.172413793103448,76.55172413793103,65.51724137931035,11.03448275862069
E00150505,130,39,14,25,91,74,17,30,10.76923076923077,19.230769230769234,70,56.92307692307692,13.076923076923078
E00150506,169,45,11,34,124,105,19,26.627218934911244,6.508875739644971,20.118343195266274,73.37278106508876,62.1301775147929,11.242603550295858
E00150507,117,28,6,22,89,79,10,23.931623931623932,5.128205128205128,18.803418803418804,76.06837606837607,67.52136752136752,8.547008547008547
E00150508,166,44,13,31,122,111,11,26.506024096385545,7.83132530120482,18.67469879518072,73.49397590361446,66.86746987951807,6.626506024096386
E00150509,100,17,5,12,83,74,9,17,5,12,83,74,9
E00150510,137,36,8,28,101,87,14,26.277372262773724,5.839416058394161,20.437956204379564,73.72262773722628,63.503649635036496,10.218978102189782
E00150511,127,37,6,31,90,77,13,29.133858267716533,4.724409448818897,24.409448818897637,70.86614173228347,60.629921259842526,10.236220472440944
E00150512,160,44,18,26,116,95,21,27.500000000000004,11.25,16.25,72.5,59.375,13.125
E00150513,185,57,22,35,128,115,13,30.810810810810814,11.891891891891893,18.91891891891892,69.1891891891892,62.16216216216216,7.027027027027027
E00150514,106,22,9,13,84,75,9,20.754716981132077,8.49056603773585,12.264150943396226,79.24528301886792,70.75471698113208,8.49056603773585
E00150515,120,34,11,23,86,75,11,28.333333333333332,9.166666666666666,19.166666666666668,71.66666666666667,62.5,9.166666666666666
E00150516,76,21,10,11,55,48,7,27.631578947368425,13.157894736842104,14.473684210526317,72.36842105263158,63.1578947368421,9.210526315789473
E00150517,127,40,10,30,87,77,10,31.496062992125985,7.874015748031496,23.62204724409449,68.50393700787401,60.629921259842526,7.874015748031496
E00150518,78,21,8,13,57,53,4,26.923076923076923,10.256410256410255,16.666666666666664,73.07692307692307,67.94871794871796,5.128205128205128
E00150519,162,45,9,36,117,100,17,27.77777777777778,5.555555555555555,22.22222222222222,72.22222222222221,61.72839506172839,10.493827160493826
E00150520,159,43,7,36,116,101,15,27.044025157232703,4.40251572327044,22.641509433962266,72.95597484276729,63.52201257861635,9.433962264150944
E00150521,104,27,10,17,77,59,18,25.961538461538463,9.615384615384617,16.346153846153847,74.03846153846155,56.730769230769226,17.307692307692307
E00150522,108,33,10,23,75,68,7,30.555555555555557,9.25925925925926,21.296296296296298,69.44444444444444,62.96296296296296,6.481481481481481
E00150523,110,24,9,15,86,79,7,21.818181818181817,8.181818181818182,13.636363636363635,78.18181818181819,71.81818181818181,6.363636363636363
E00150524,118,38,8,30,80,75,5,32.20338983050847,6.779661016949152,25.423728813559322,67.79661016949152,63.559322033898304,4.23728813559322
E00150525,191,62,17,45,129,112,17,32.460732984293195,8.900523560209423,23.56020942408377,67.5392670157068,58.63874345549738,8.900523560209423
E00150526,162,53,10,43,109,94,15,32.71604938271605,6.172839506172839,26.543209876543212,67.28395061728395,58.0246913580247,9.25925925925926
E00150528,153,36,12,24,117,108,9,23.52941176470588,7.8431372549019605,15.686274509803921,76.47058823529412,70.58823529411765,5.88235294117647
E00150529,142,46,11,35,96,82,14,32.3943661971831,7.746478873239436,24.647887323943664,67.6056338028169,57.74647887323944,9.859154929577464
E00150530,109,36,6,30,73,63,10,33.02752293577982,5.5045871559633035,27.522935779816514,66.97247706422019,57.798165137614674,9.174311926605505
E00150531,115,27,7,20,88,74,14,23.47826086956522,6.086956521739131,17.391304347826086,76.52173913043478,64.34782608695652,12.173913043478262
E00150532,134,39,9,30,95,80,15,29.1044776119403,6.7164179104477615,22.388059701492537,70.8955223880597,59.70149253731343,11.194029850746269
E00150533,116,30,4,26,86,77,9,25.862068965517242,3.4482758620689653,22.413793103448278,74.13793103448276,66.37931034482759,7.758620689655173
E00150534,98,27,4,23,71,60,11,27.55102040816326,4.081632653061225,23.46938775510204,72.44897959183673,61.224489795918366,11.224489795918368
E00150535,100,22,5,17,78,64,14,22,5,17,78,64,14.000000000000002
E00150536,119,28,7,21,91,80,11,23.52941176470588,5.88235294117647,17.647058823529413,76.47058823529412,67.22689075630252,9.243697478991598
E00150537,154,38,11,27,116,97,19,24.675324675324674,7.142857142857142,17.532467532467532,75.32467532467533,62.98701298701299,12.337662337662337
E00150539,119,30,5,25,89,85,4,25.210084033613445,4.201680672268908,21.008403361344538,74.78991596638656,71.42857142857143,3.361344537815126
E00150540,134,37,7,30,97,88,9,27.611940298507463,5.223880597014925,22.388059701492537,72.38805970149254,65.67164179104478,6.7164179104477615
E00150541,167,50,16,34,117,99,18,29.94011976047904,9.580838323353294,20.359281437125748,70.05988023952095,59.281437125748504,10.778443113772456
E00150542,192,46,12,34,146,129,17,23.958333333333336,6.25,17.708333333333336,76.04166666666666,67.1875,8.854166666666668
E00150543,156,44,9,35,112,93,19,28.205128205128204,5.769230769230769,22.435897435897438,71.7948717948718,59.61538461538461,12.179487179487179
E00150544,123,40,12,28,83,75,8,32.52032520325203,9.75609756097561,22.76422764227642,67.47967479674797,60.97560975609756,6.504065040650407
E00150545,157,43,11,32,114,102,12,27.388535031847134,7.006369426751593,20.382165605095544,72.61146496815286,64.96815286624204,7.643312101910828
E00150546,118,39,6,33,79,65,14,33.05084745762712,5.084745762711865,27.966101694915253,66.94915254237289,55.08474576271186,11.864406779661017
E00150547,123,33,5,28,90,76,14,26.82926829268293,4.0650406504065035,22.76422764227642,73.17073170731707,61.78861788617886,11.38211382113821
E00150548,168,48,12,36,120,104,16,28.57142857142857,7.142857142857142,21.428571428571427,71.42857142857143,61.904761904761905,9.523809523809524
E00150549,207,51,16,35,156,134,22,24.637681159420293,7.729468599033816,16.908212560386474,75.36231884057972,64.73429951690821,10.628019323671497
E00150550,178,57,19,38,121,109,12,32.02247191011236,10.674157303370785,21.34831460674157,67.97752808988764,61.23595505617978,6.741573033707865
E00150551,218,65,17,48,153,129,24,29.81651376146789,7.79816513761468,22.018348623853214,70.18348623853211,59.174311926605505,11.009174311926607
E00150552,194,50,13,37,144,122,22,25.773195876288657,6.701030927835052,19.072164948453608,74.22680412371135,62.88659793814433,11.34020618556701
E00150553,79,26,8,18,53,47,6,32.91139240506329,10.126582278481013,22.78481012658228,67.08860759493672,59.49367088607595,7.59493670886076
E00150554,142,41,18,23,101,89,12,28.87323943661972,12.676056338028168,16.19718309859155,71.12676056338029,62.676056338028175,8.450704225352112
E00150555,135,20,5,15,115,101,14,14.814814814814813,3.7037037037037033,11.11111111111111,85.18518518518519,74.81481481481481,10.37037037037037
E00150556,276,76,24,52,200,160,40,27.536231884057973,8.695652173913043,18.84057971014493,72.46376811594203,57.971014492753625,14.492753623188406
E00150557,188,54,18,36,134,121,13,28.723404255319153,9.574468085106384,19.148936170212767,71.27659574468085,64.36170212765957,6.914893617021277
E00150558,118,32,10,22,86,74,12,27.11864406779661,8.47457627118644,18.64406779661017,72.88135593220339,62.71186440677966,10.16949152542373
E00150559,114,36,6,30,78,66,12,31.57894736842105,5.263157894736842,26.31578947368421,68.42105263157895,57.89473684210527,10.526315789473683
E00150560,117,31,9,22,86,75,11,26.495726495726498,7.6923076923076925,18.803418803418804,73.50427350427351,64.1025641025641,9.401709401709402
E00150561,71,27,9,18,44,39,5,38.028169014084504,12.676056338028168,25.352112676056336,61.97183098591549,54.929577464788736,7.042253521126761
E00150562,139,50,14,36,89,76,13,35.97122302158273,10.071942446043165,25.899280575539567,64.02877697841727,54.67625899280576,9.352517985611511
E00150563,134,37,14,23,97,76,21,27.611940298507463,10.44776119402985,17.16417910447761,72.38805970149254,56.71641791044776,15.671641791044777
E00150564,48,14,5,9,34,31,3,29.166666666666668,10.416666666666668,18.75,70.83333333333334,64.58333333333334,6.25
E00150565,147,50,13,37,97,83,14,34.01360544217687,8.843537414965986,25.170068027210885,65.98639455782312,56.4625850340136,9.523809523809524
E00150566,124,25,8,17,99,88,11,20.161290322580644,6.451612903225806,13.709677419354838,79.83870967741935,70.96774193548387,8.870967741935484
E00150567,85,30,7,23,55,44,11,35.294117647058826,8.235294117647058,27.058823529411764,64.70588235294117,51.76470588235295,12.941176470588237
E00150568,128,33,12,21,95,80,15,25.78125,9.375,16.40625,74.21875,62.5,11.71875
E00150569,79,23,9,14,56,51,5,29.11392405063291,11.39240506329114,17.72151898734177,70.88607594936708,64.55696202531645,6.329113924050633
E00150570,78,18,5,13,60,56,4,23.076923076923077,6.41025641025641,16.666666666666664,76.92307692307693,71.7948717948718,5.128205128205128
E00150572,154,46,21,25,108,92,16,29.87012987012987,13.636363636363635,16.233766233766232,70.12987012987013,59.74025974025974,10.38961038961039
E00150573,163,48,13,35,115,102,13,29.447852760736197,7.975460122699387,21.472392638036812,70.5521472392638,62.57668711656442,7.975460122699387
E00150574,133,35,11,24,98,86,12,26.31578947368421,8.270676691729323,18.045112781954884,73.68421052631578,64.66165413533834,9.022556390977442
E00150575,96,31,7,24,65,52,13,32.29166666666667,7.291666666666667,25,67.70833333333334,54.166666666666664,13.541666666666666
E00150576,140,44,17,27,96,91,5,31.428571428571427,12.142857142857142,19.28571428571429,68.57142857142857,65,3.571428571428571
E00150577,161,47,15,32,114,97,17,29.19254658385093,9.316770186335404,19.875776397515526,70.80745341614907,60.24844720496895,10.559006211180124
E00150578,125,48,9,39,77,70,7,38.4,7.199999999999999,31.2,61.6,56.00000000000001,5.6000000000000005
E00150579,248,69,20,49,179,166,13,27.82258064516129,8.064516129032258,19.758064516129032,72.17741935483872,66.93548387096774,5.241935483870968
E00150581,120,40,12,28,80,70,10,33.33333333333333,10,23.333333333333332,66.66666666666666,58.333333333333336,8.333333333333332
E00150582,102,36,7,29,66,62,4,35.294117647058826,6.862745098039216,28.431372549019606,64.70588235294117,60.78431372549019,3.9215686274509802
E00150583,113,40,14,26,73,62,11,35.39823008849557,12.389380530973451,23.008849557522122,64.60176991150442,54.86725663716814,9.734513274336283
E00150584,90,39,12,27,51,43,8,43.333333333333336,13.333333333333334,30,56.666666666666664,47.77777777777778,8.88888888888889
E00150585,103,34,9,25,69,65,4,33.00970873786408,8.737864077669903,24.271844660194176,66.99029126213593,63.10679611650486,3.8834951456310676
E00150586,110,46,20,26,64,61,3,41.81818181818181,18.181818181818183,23.636363636363637,58.18181818181818,55.45454545454545,2.727272727272727
E00150587,172,66,28,38,106,98,8,38.372093023255815,16.27906976744186,22.093023255813954,61.627906976744185,56.97674418604651,4.651162790697675
E00150588,149,33,10,23,116,104,12,22.14765100671141,6.7114093959731544,15.436241610738255,77.85234899328859,69.79865771812081,8.053691275167784
E00150589,101,28,6,22,73,67,6,27.722772277227726,5.9405940594059405,21.782178217821784,72.27722772277228,66.33663366336634,5.9405940594059405
E00150590,145,52,14,38,93,79,14,35.86206896551724,9.655172413793103,26.20689655172414,64.13793103448275,54.48275862068965,9.655172413793103
E00150591,146,31,8,23,115,102,13,21.232876712328768,5.47945205479452,15.753424657534246,78.76712328767124,69.86301369863014,8.904109589041095
E00150592,120,33,14,19,87,73,14,27.500000000000004,11.666666666666666,15.833333333333332,72.5,60.83333333333333,11.666666666666666
E00150596,119,28,13,15,91,80,11,23.52941176470588,10.92436974789916,12.605042016806722,76.47058823529412,67.22689075630252,9.243697478991598
E00150597,142,43,14,29,99,89,10,30.28169014084507,9.859154929577464,20.422535211267608,69.71830985915493,62.676056338028175,7.042253521126761
E00150598,114,40,8,32,74,60,14,35.08771929824561,7.017543859649122,28.07017543859649,64.91228070175438,52.63157894736842,12.280701754385964
E00150599,150,50,13,37,100,81,19,33.33333333333333,8.666666666666668,24.666666666666668,66.66666666666666,54,12.666666666666668
E00150600,139,45,13,32,94,74,20,32.37410071942446,9.352517985611511,23.021582733812952,67.62589928057554,53.23741007194245,14.388489208633093
E00150601,136,40,14,26,96,87,9,29.411764705882355,10.294117647058822,19.11764705882353,70.58823529411765,63.970588235294116,6.61764705882353
E00150602,146,37,13,24,109,95,14,25.34246575342466,8.904109589041095,16.43835616438356,74.65753424657534,65.06849315068493,9.58904109589041
E00150603,149,44,21,23,105,89,16,29.53020134228188,14.093959731543624,15.436241610738255,70.46979865771812,59.73154362416108,10.738255033557047
E00150604,166,40,13,27,126,99,27,24.096385542168676,7.83132530120482,16.265060240963855,75.90361445783132,59.63855421686747,16.265060240963855
E00150605,82,22,10,12,60,44,16,26.82926829268293,12.195121951219512,14.634146341463413,73.17073170731707,53.65853658536586,19.51219512195122
E00150606,166,42,9,33,124,106,18,25.301204819277107,5.421686746987952,19.879518072289155,74.69879518072288,63.85542168674698,10.843373493975903
E00150607,92,20,9,11,72,52,20,21.73913043478261,9.782608695652174,11.956521739130435,78.26086956521739,56.52173913043478,21.73913043478261
E00150608,129,38,15,23,91,73,18,29.457364341085274,11.627906976744185,17.829457364341085,70.54263565891473,56.58914728682171,13.953488372093023
E00150609,190,56,26,30,134,110,24,29.47368421052631,13.684210526315791,15.789473684210526,70.52631578947368,57.89473684210527,12.631578947368421
E00150610,149,49,14,35,100,71,29,32.88590604026846,9.395973154362416,23.48993288590604,67.11409395973155,47.651006711409394,19.463087248322147
E00150611,206,53,10,43,153,135,18,25.728155339805824,4.854368932038835,20.87378640776699,74.27184466019418,65.53398058252428,8.737864077669903
E00150612,132,40,12,28,92,81,11,30.303030303030305,9.090909090909092,21.21212121212121,69.6969696969697,61.36363636363637,8.333333333333332
E00150613,118,45,8,37,73,69,4,38.13559322033898,6.779661016949152,31.35593220338983,61.86440677966102,58.47457627118644,3.389830508474576
E00150614,146,43,14,29,103,89,14,29.45205479452055,9.58904109589041,19.863013698630137,70.54794520547945,60.95890410958904,9.58904109589041
E00150615,160,51,11,40,109,99,10,31.874999999999996,6.875000000000001,25,68.125,61.875,6.25
E00150616,144,43,9,34,101,88,13,29.86111111111111,6.25,23.61111111111111,70.13888888888889,61.111111111111114,9.027777777777777
E00150617,147,53,17,36,94,84,10,36.054421768707485,11.564625850340136,24.489795918367346,63.94557823129252,57.14285714285714,6.802721088435375
E00150618,162,52,13,39,110,96,14,32.098765432098766,8.024691358024691,24.074074074074073,67.90123456790124,59.25925925925925,8.641975308641975
E00150619,120,36,9,27,84,76,8,30,7.5,22.5,70,63.33333333333333,6.666666666666667
E00150620,144,46,15,31,98,88,10,31.944444444444443,10.416666666666668,21.52777777777778,68.05555555555556,61.111111111111114,6.944444444444445
E00150621,139,52,15,37,87,78,9,37.410071942446045,10.79136690647482,26.618705035971225,62.589928057553955,56.11510791366906,6.474820143884892
E00150622,107,43,12,31,64,58,6,40.18691588785047,11.214953271028037,28.971962616822427,59.813084112149525,54.20560747663551,5.607476635514018
E00150623,163,56,11,45,107,90,17,34.355828220858896,6.748466257668712,27.607361963190186,65.6441717791411,55.21472392638037,10.429447852760736
E00150624,123,31,7,24,92,85,7,25.203252032520325,5.691056910569105,19.51219512195122,74.79674796747967,69.10569105691057,5.691056910569105
E00150625,146,44,10,34,102,91,11,30.136986301369863,6.8493150684931505,23.28767123287671,69.86301369863014,62.328767123287676,7.534246575342466
E00150627,95,36,17,19,59,48,11,37.89473684210527,17.894736842105264,20,62.10526315789474,50.526315789473685,11.578947368421053
E00150629,144,34,13,21,110,97,13,23.61111111111111,9.027777777777777,14.583333333333334,76.38888888888889,67.36111111111111,9.027777777777777
E00150630,197,62,29,33,135,123,12,31.472081218274113,14.720812182741117,16.751269035532996,68.52791878172589,62.43654822335025,6.091370558375635
E00150631,136,35,7,28,101,86,15,25.735294117647058,5.147058823529411,20.588235294117645,74.26470588235294,63.23529411764706,11.029411764705882
E00150632,153,43,13,30,110,104,6,28.104575163398692,8.49673202614379,19.607843137254903,71.89542483660131,67.97385620915033,3.9215686274509802
E00150633,145,44,19,25,101,88,13,30.344827586206897,13.10344827586207,17.24137931034483,69.6551724137931,60.689655172413794,8.96551724137931
E00150634,185,46,12,34,139,116,23,24.864864864864867,6.486486486486487,18.37837837837838,75.13513513513513,62.70270270270271,12.432432432432433
E00150635,140,45,10,35,95,84,11,32.142857142857146,7.142857142857142,25,67.85714285714286,60,7.857142857142857
E00150636,128,46,12,34,82,74,8,35.9375,9.375,26.5625,64.0625,57.8125,6.25
E00150637,120,42,13,29,78,69,9,35,10.833333333333334,24.166666666666668,65,57.49999999999999,7.5
E00150638,131,45,15,30,86,74,12,34.35114503816794,11.450381679389313,22.900763358778626,65.64885496183206,56.48854961832062,9.16030534351145
E00150639,176,42,5,37,134,119,15,23.863636363636363,2.840909090909091,21.022727272727273,76.13636363636364,67.61363636363636,8.522727272727272
E00150640,128,35,12,23,93,82,11,27.34375,9.375,17.96875,72.65625,64.0625,8.59375
E00150641,94,26,9,17,68,58,10,27.659574468085108,9.574468085106384,18.085106382978726,72.3404255319149,61.702127659574465,10.638297872340425
E00150642,96,31,9,22,65,55,10,32.29166666666667,9.375,22.916666666666664,67.70833333333334,57.291666666666664,10.416666666666668
E00150643,92,25,5,20,67,59,8,27.173913043478258,5.434782608695652,21.73913043478261,72.82608695652173,64.13043478260869,8.695652173913043
E00150644,134,44,11,33,90,80,10,32.83582089552239,8.208955223880597,24.62686567164179,67.16417910447761,59.70149253731343,7.462686567164178
E00150645,208,58,18,40,150,137,13,27.884615384615387,8.653846153846153,19.230769230769234,72.11538461538461,65.86538461538461,6.25
E00150646,107,20,5,15,87,78,9,18.69158878504673,4.672897196261682,14.018691588785046,81.30841121495327,72.89719626168224,8.411214953271028
E00150647,141,50,20,30,91,81,10,35.46099290780142,14.184397163120568,21.27659574468085,64.53900709219859,57.446808510638306,7.092198581560284
E00150648,120,35,14,21,85,78,7,29.166666666666668,11.666666666666666,17.5,70.83333333333334,65,5.833333333333333
E00150649,118,42,11,31,76,65,11,35.59322033898305,9.322033898305085,26.27118644067797,64.40677966101694,55.08474576271186,9.322033898305085
E00150650,141,53,14,39,88,73,15,37.5886524822695,9.929078014184398,27.659574468085108,62.4113475177305,51.77304964539007,10.638297872340425
E00150651,168,49,10,39,119,109,10,29.166666666666668,5.952380952380952,23.214285714285715,70.83333333333334,64.88095238095238,5.952380952380952
E00150652,92,38,9,29,54,45,9,41.30434782608695,9.782608695652174,31.521739130434785,58.69565217391305,48.91304347826087,9.782608695652174
E00150653,178,61,14,47,117,105,12,34.26966292134831,7.865168539325842,26.40449438202247,65.73033707865169,58.98876404494382,6.741573033707865
E00150654,132,42,8,34,90,77,13,31.818181818181817,6.0606060606060606,25.757575757575758,68.18181818181817,58.333333333333336,9.848484848484848
E00150655,96,33,7,26,63,52,11,34.375,7.291666666666667,27.083333333333332,65.625,54.166666666666664,11.458333333333332
E00150656,98,23,6,17,75,68,7,23.46938775510204,6.122448979591836,17.346938775510203,76.53061224489795,69.38775510204081,7.142857142857142
E00150657,92,30,8,22,62,53,9,32.608695652173914,8.695652173913043,23.91304347826087,67.3913043478261,57.608695652173914,9.782608695652174
E00150658,101,31,11,20,70,64,6,30.693069306930692,10.891089108910892,19.801980198019802,69.3069306930693,63.366336633663366,5.9405940594059405
E00150659,157,44,12,32,113,98,15,28.02547770700637,7.643312101910828,20.382165605095544,71.97452229299363,62.42038216560509,9.554140127388536
E00150660,123,44,15,29,79,74,5,35.77235772357724,12.195121951219512,23.577235772357724,64.22764227642277,60.16260162601627,4.0650406504065035
E00150661,70,24,4,20,46,41,5,34.285714285714285,5.714285714285714,28.57142857142857,65.71428571428571,58.57142857142858,7.142857142857142
E00150662,86,32,10,22,54,49,5,37.2093023255814,11.627906976744185,25.581395348837212,62.7906976744186,56.97674418604651,5.813953488372093
E00150663,108,36,9,27,72,72,0,33.33333333333333,8.333333333333332,25,66.66666666666666,66.66666666666666,0
E00150664,167,46,19,27,121,102,19,27.54491017964072,11.377245508982035,16.16766467065868,72.45508982035929,61.07784431137725,11.377245508982035
E00150665,204,57,23,34,147,127,20,27.941176470588236,11.27450980392157,16.666666666666664,72.05882352941177,62.254901960784316,9.803921568627452
E00150666,193,70,30,40,123,90,33,36.26943005181347,15.544041450777202,20.72538860103627,63.730569948186535,46.63212435233161,17.098445595854923
E00150667,136,42,16,26,94,73,21,30.88235294117647,11.76470588235294,19.11764705882353,69.11764705882352,53.67647058823529,15.441176470588236
E00150668,138,40,21,19,98,76,22,28.985507246376812,15.217391304347828,13.768115942028986,71.01449275362319,55.072463768115945,15.942028985507244
E00150669,140,52,14,38,88,67,21,37.142857142857146,10,27.142857142857142,62.857142857142854,47.85714285714286,15
E00150671,178,58,32,26,120,96,24,32.58426966292135,17.97752808988764,14.606741573033707,67.41573033707866,53.93258426966292,13.48314606741573
E00150672,170,52,21,31,118,103,15,30.58823529411765,12.352941176470589,18.235294117647058,69.41176470588235,60.588235294117645,8.823529411764707
E00150673,145,38,12,26,107,91,16,26.20689655172414,8.275862068965518,17.93103448275862,73.79310344827587,62.758620689655174,11.03448275862069
E00150674,177,53,14,39,124,99,25,29.943502824858758,7.909604519774012,22.033898305084744,70.05649717514125,55.932203389830505,14.124293785310735
E00150675,131,41,23,18,90,59,31,31.297709923664126,17.557251908396946,13.740458015267176,68.70229007633588,45.038167938931295,23.66412213740458
E00150676,105,34,16,18,71,54,17,32.38095238095238,15.238095238095239,17.142857142857142,67.61904761904762,51.42857142857142,16.19047619047619
E00150677,138,43,15,28,95,67,28,31.15942028985507,10.869565217391305,20.28985507246377,68.84057971014492,48.55072463768116,20.28985507246377
E00150678,139,47,25,22,92,60,32,33.81294964028777,17.985611510791365,15.827338129496402,66.18705035971223,43.16546762589928,23.021582733812952
E00150679,119,38,12,26,81,65,16,31.932773109243694,10.084033613445378,21.84873949579832,68.0672268907563,54.621848739495796,13.445378151260504
E00150680,146,44,19,25,102,74,28,30.136986301369863,13.013698630136986,17.123287671232877,69.86301369863014,50.68493150684932,19.17808219178082
E00150681,123,48,22,26,75,55,20,39.02439024390244,17.88617886178862,21.138211382113823,60.97560975609756,44.71544715447154,16.260162601626014
E00150682,256,60,22,38,196,160,36,23.4375,8.59375,14.84375,76.5625,62.5,14.0625
E00150683,202,67,19,48,135,84,51,33.16831683168317,9.405940594059405,23.762376237623762,66.83168316831683,41.584158415841586,25.247524752475247
E00150684,137,45,20,25,92,75,17,32.846715328467155,14.5985401459854,18.248175182481752,67.15328467153284,54.74452554744526,12.408759124087592
E00150685,162,51,17,34,111,78,33,31.48148148148148,10.493827160493826,20.98765432098765,68.51851851851852,48.148148148148145,20.37037037037037
E00150686,132,44,11,33,88,69,19,33.33333333333333,8.333333333333332,25,66.66666666666666,52.27272727272727,14.393939393939394
E00150687,161,41,14,27,120,95,25,25.465838509316768,8.695652173913043,16.77018633540373,74.53416149068323,59.006211180124225,15.527950310559005
E00150688,101,40,12,28,61,48,13,39.603960396039604,11.881188118811881,27.722772277227726,60.396039603960396,47.524752475247524,12.871287128712872
E00150689,141,40,14,26,101,79,22,28.368794326241137,9.929078014184398,18.439716312056735,71.63120567375887,56.02836879432624,15.602836879432624
E00150690,142,45,14,31,97,86,11,31.690140845070424,9.859154929577464,21.830985915492956,68.30985915492957,60.56338028169014,7.746478873239436
E00150691,133,44,10,34,89,73,16,33.08270676691729,7.518796992481203,25.563909774436087,66.9172932330827,54.88721804511278,12.030075187969924
E00150692,102,29,7,22,73,67,6,28.431372549019606,6.862745098039216,21.568627450980394,71.56862745098039,65.68627450980392,5.88235294117647
E00150693,193,47,23,24,146,103,43,24.352331606217618,11.917098445595855,12.435233160621761,75.64766839378238,53.36787564766839,22.279792746113987
E00150694,126,40,13,27,86,77,9,31.746031746031743,10.317460317460316,21.428571428571427,68.25396825396825,61.111111111111114,7.142857142857142
E00150695,154,37,12,25,117,101,16,24.025974025974026,7.792207792207792,16.233766233766232,75.97402597402598,65.5844155844156,10.38961038961039
E00150696,101,34,9,25,67,57,10,33.663366336633665,8.91089108910891,24.752475247524753,66.33663366336634,56.43564356435643,9.900990099009901
E00150697,132,38,10,28,94,79,15,28.78787878787879,7.575757575757576,21.21212121212121,71.21212121212122,59.84848484848485,11.363636363636363
E00150698,115,42,13,29,73,61,12,36.52173913043478,11.304347826086957,25.217391304347824,63.47826086956522,53.04347826086957,10.434782608695652
E00150699,106,31,11,20,75,70,5,29.245283018867923,10.377358490566039,18.867924528301888,70.75471698113208,66.0377358490566,4.716981132075472
E00150700,111,30,14,16,81,72,9,27.027027027027028,12.612612612612612,14.414414414414415,72.97297297297297,64.86486486486487,8.108108108108109
E00150701,147,45,19,26,102,89,13,30.612244897959183,12.925170068027212,17.687074829931973,69.38775510204081,60.544217687074834,8.843537414965986
E00150702,130,45,14,31,85,68,17,34.61538461538461,10.76923076923077,23.846153846153847,65.38461538461539,52.307692307692314,13.076923076923078
E00150703,122,30,15,15,92,79,13,24.59016393442623,12.295081967213115,12.295081967213115,75.40983606557377,64.75409836065575,10.655737704918032
E00150704,150,35,11,24,115,102,13,23.333333333333332,7.333333333333333,16,76.66666666666667,68,8.666666666666668
E00150705,149,39,15,24,110,92,18,26.174496644295303,10.06711409395973,16.10738255033557,73.8255033557047,61.74496644295302,12.080536912751679
E00150706,142,38,10,28,104,94,10,26.76056338028169,7.042253521126761,19.718309859154928,73.23943661971832,66.19718309859155,7.042253521126761
E00150707,54,24,12,12,30,28,2,44.44444444444444,22.22222222222222,22.22222222222222,55.55555555555556,51.85185185185185,3.7037037037037033
E00150708,124,38,13,25,86,73,13,30.64516129032258,10.483870967741936,20.161290322580644,69.35483870967742,58.87096774193549,10.483870967741936
E00150709,147,43,14,29,104,93,11,29.25170068027211,9.523809523809524,19.727891156462583,70.74829931972789,63.26530612244898,7.482993197278912
E00150710,94,26,9,17,68,60,8,27.659574468085108,9.574468085106384,18.085106382978726,72.3404255319149,63.829787234042556,8.51063829787234
E00150711,91,29,13,16,62,51,11,31.868131868131865,14.285714285714285,17.582417582417584,68.13186813186813,56.043956043956044,12.087912087912088
E00150712,148,48,19,29,100,89,11,32.432432432432435,12.837837837837837,19.594594594594593,67.56756756756756,60.13513513513513,7.4324324324324325
E00150713,141,36,16,20,105,93,12,25.53191489361702,11.347517730496454,14.184397163120568,74.46808510638297,65.95744680851064,8.51063829787234
E00150714,163,50,19,31,113,101,12,30.67484662576687,11.65644171779141,19.018404907975462,69.32515337423312,61.963190184049076,7.361963190184049
E00150715,163,41,9,32,122,109,13,25.153374233128833,5.521472392638037,19.631901840490798,74.84662576687117,66.87116564417178,7.975460122699387
E00150716,159,50,18,32,109,98,11,31.446540880503143,11.320754716981133,20.125786163522015,68.55345911949685,61.63522012578616,6.918238993710692
E00150717,145,39,12,27,106,92,14,26.89655172413793,8.275862068965518,18.620689655172416,73.10344827586206,63.44827586206897,9.655172413793103
E00150718,73,17,3,14,56,42,14,23.28767123287671,4.10958904109589,19.17808219178082,76.71232876712328,57.534246575342465,19.17808219178082
E00150719,120,36,12,24,84,73,11,30,10,20,70,60.83333333333333,9.166666666666666
E00150720,164,51,16,35,113,100,13,31.097560975609756,9.75609756097561,21.341463414634145,68.90243902439023,60.97560975609756,7.926829268292683
E00150721,173,48,11,37,125,114,11,27.74566473988439,6.358381502890173,21.38728323699422,72.25433526011561,65.89595375722543,6.358381502890173
E00150722,109,31,5,26,78,66,12,28.440366972477065,4.587155963302752,23.853211009174313,71.55963302752293,60.550458715596335,11.009174311926607
E00150723,154,47,16,31,107,84,23,30.519480519480517,10.38961038961039,20.12987012987013,69.48051948051948,54.54545454545454,14.935064935064934
E00150724,150,36,10,26,114,98,16,24,6.666666666666667,17.333333333333336,76,65.33333333333333,10.666666666666668
E00150725,146,47,19,28,99,87,12,32.19178082191781,13.013698630136986,19.17808219178082,67.8082191780822,59.589041095890416,8.21917808219178
E00150726,138,47,10,37,91,79,12,34.05797101449276,7.246376811594203,26.811594202898554,65.94202898550725,57.2463768115942,8.695652173913043
E00150727,175,47,6,41,128,108,20,26.857142857142858,3.428571428571429,23.42857142857143,73.14285714285714,61.71428571428571,11.428571428571429
E00150728,154,31,12,19,123,109,14,20.12987012987013,7.792207792207792,12.337662337662337,79.87012987012987,70.77922077922078,9.090909090909092
E00150729,181,47,17,30,134,113,21,25.96685082872928,9.392265193370166,16.574585635359114,74.03314917127072,62.430939226519335,11.602209944751381
E00150730,156,41,10,31,115,95,20,26.282051282051285,6.41025641025641,19.871794871794872,73.71794871794873,60.89743589743589,12.82051282051282
E00150731,177,44,15,29,133,122,11,24.858757062146893,8.47457627118644,16.38418079096045,75.14124293785311,68.92655367231639,6.214689265536723
E00150732,144,42,17,25,102,84,18,29.166666666666668,11.805555555555555,17.36111111111111,70.83333333333334,58.333333333333336,12.5
E00150733,156,52,14,38,104,89,15,33.33333333333333,8.974358974358974,24.358974358974358,66.66666666666666,57.05128205128205,9.615384615384617
E00150734,169,57,18,39,112,91,21,33.72781065088758,10.650887573964498,23.076923076923077,66.27218934911244,53.84615384615385,12.42603550295858
E00150735,138,32,13,19,106,79,27,23.18840579710145,9.420289855072465,13.768115942028986,76.81159420289855,57.2463768115942,19.565217391304348
E00150736,172,46,19,27,126,110,16,26.744186046511626,11.046511627906977,15.69767441860465,73.25581395348837,63.95348837209303,9.30232558139535
E00150737,110,28,8,20,82,70,12,25.454545454545453,7.2727272727272725,18.181818181818183,74.54545454545455,63.63636363636363,10.909090909090908
E00150738,170,43,17,26,127,109,18,25.294117647058822,10,15.294117647058824,74.70588235294117,64.11764705882354,10.588235294117647
E00150739,127,38,13,25,89,74,15,29.92125984251969,10.236220472440944,19.68503937007874,70.07874015748031,58.26771653543307,11.811023622047244
E00150740,155,32,7,25,123,116,7,20.64516129032258,4.516129032258064,16.129032258064516,79.35483870967742,74.83870967741936,4.516129032258064
E00150741,138,31,11,20,107,97,10,22.463768115942027,7.971014492753622,14.492753623188406,77.53623188405797,70.28985507246377,7.246376811594203
E00150742,110,27,7,20,83,69,14,24.545454545454547,6.363636363636363,18.181818181818183,75.45454545454545,62.727272727272734,12.727272727272727
E00150743,169,42,10,32,127,117,10,24.85207100591716,5.9171597633136095,18.93491124260355,75.14792899408283,69.23076923076923,5.9171597633136095
E00150744,138,36,13,23,102,89,13,26.08695652173913,9.420289855072465,16.666666666666664,73.91304347826086,64.4927536231884,9.420289855072465
E00150745,120,34,8,26,86,74,12,28.333333333333332,6.666666666666667,21.666666666666668,71.66666666666667,61.66666666666667,10
E00150746,134,34,13,21,100,89,11,25.37313432835821,9.701492537313433,15.671641791044777,74.6268656716418,66.4179104477612,8.208955223880597
E00150747,163,39,13,26,124,113,11,23.92638036809816,7.975460122699387,15.950920245398773,76.07361963190185,69.32515337423312,6.748466257668712
E00150748,156,50,17,33,106,96,10,32.05128205128205,10.897435897435898,21.153846153846153,67.94871794871796,61.53846153846154,6.41025641025641
E00150749,140,37,11,26,103,91,12,26.42857142857143,7.857142857142857,18.571428571428573,73.57142857142858,65,8.571428571428571
E00150751,87,28,7,21,59,58,1,32.18390804597701,8.045977011494253,24.137931034482758,67.81609195402298,66.66666666666666,1.1494252873563218
E00150752,167,42,9,33,125,114,11,25.149700598802394,5.389221556886228,19.760479041916167,74.8502994011976,68.26347305389223,6.58682634730539
E00150753,270,56,20,36,214,186,28,20.74074074074074,7.4074074074074066,13.333333333333334,79.25925925925927,68.88888888888889,10.37037037037037
E00150754,69,18,2,16,51,44,7,26.08695652173913,2.898550724637681,23.18840579710145,73.91304347826086,63.76811594202898,10.144927536231885
E00150755,174,53,14,39,121,106,15,30.45977011494253,8.045977011494253,22.413793103448278,69.54022988505747,60.91954022988506,8.620689655172415
E00150756,78,20,10,10,58,55,3,25.64102564102564,12.82051282051282,12.82051282051282,74.35897435897436,70.51282051282051,3.8461538461538463
E00150757,135,31,9,22,104,88,16,22.962962962962962,6.666666666666667,16.296296296296298,77.03703703703704,65.18518518518519,11.851851851851853
E00150758,126,24,9,15,102,92,10,19.047619047619047,7.142857142857142,11.904761904761903,80.95238095238095,73.01587301587301,7.936507936507936
E00150759,104,33,11,22,71,66,5,31.73076923076923,10.576923076923077,21.153846153846153,68.26923076923077,63.46153846153846,4.807692307692308
E00150760,115,36,13,23,79,66,13,31.30434782608696,11.304347826086957,20,68.69565217391305,57.391304347826086,11.304347826086957
E00150761,47,16,5,11,31,26,5,34.04255319148936,10.638297872340425,23.404255319148938,65.95744680851064,55.319148936170215,10.638297872340425
E00150762,105,23,5,18,82,73,9,21.904761904761905,4.761904761904762,17.142857142857142,78.0952380952381,69.52380952380952,8.571428571428571
E00150763,139,34,6,28,105,88,17,24.46043165467626,4.316546762589928,20.14388489208633,75.53956834532374,63.30935251798561,12.23021582733813
E00150764,124,35,12,23,89,76,13,28.225806451612907,9.67741935483871,18.548387096774192,71.7741935483871,61.29032258064516,10.483870967741936
E00150765,187,53,12,41,134,114,20,28.342245989304814,6.417112299465241,21.92513368983957,71.65775401069519,60.962566844919785,10.695187165775401
E00150766,199,49,8,41,150,131,19,24.623115577889447,4.0201005025125625,20.603015075376884,75.37688442211056,65.82914572864321,9.547738693467336
E00150767,111,35,10,25,76,65,11,31.53153153153153,9.00900900900901,22.52252252252252,68.46846846846847,58.55855855855856,9.90990990990991
E00150768,73,17,5,12,56,49,7,23.28767123287671,6.8493150684931505,16.43835616438356,76.71232876712328,67.12328767123287,9.58904109589041
E00150769,112,33,9,24,79,69,10,29.464285714285715,8.035714285714286,21.428571428571427,70.53571428571429,61.60714285714286,8.928571428571429
E00150770,116,38,9,29,78,69,9,32.758620689655174,7.758620689655173,25,67.24137931034483,59.48275862068966,7.758620689655173
E00150771,112,26,12,14,86,77,9,23.214285714285715,10.714285714285714,12.5,76.78571428571429,68.75,8.035714285714286
E00150772,113,41,14,27,72,69,3,36.283185840707965,12.389380530973451,23.893805309734514,63.716814159292035,61.06194690265486,2.6548672566371683
E00150773,113,30,12,18,83,73,10,26.548672566371685,10.619469026548673,15.929203539823009,73.45132743362832,64.60176991150442,8.849557522123893
E00150774,121,37,11,26,84,65,19,30.57851239669421,9.090909090909092,21.487603305785125,69.42148760330579,53.71900826446281,15.702479338842975
E00150775,102,35,9,26,67,55,12,34.31372549019608,8.823529411764707,25.49019607843137,65.68627450980392,53.92156862745098,11.76470588235294
E00150776,153,33,15,18,120,108,12,21.568627450980394,9.803921568627452,11.76470588235294,78.43137254901961,70.58823529411765,7.8431372549019605
E00150777,137,41,14,27,96,80,16,29.927007299270077,10.218978102189782,19.708029197080293,70.07299270072993,58.3941605839416,11.678832116788321
E00150778,159,39,14,25,120,101,19,24.528301886792452,8.80503144654088,15.723270440251572,75.47169811320755,63.52201257861635,11.949685534591195
E00150779,174,40,11,29,134,115,19,22.988505747126435,6.321839080459771,16.666666666666664,77.01149425287356,66.0919540229885,10.919540229885058
E00150780,95,23,3,20,72,59,13,24.210526315789473,3.1578947368421053,21.052631578947366,75.78947368421053,62.10526315789474,13.684210526315791
E00150781,109,34,13,21,75,65,10,31.19266055045872,11.926605504587156,19.26605504587156,68.80733944954129,59.63302752293578,9.174311926605505
E00150782,117,31,10,21,86,73,13,26.495726495726498,8.547008547008547,17.94871794871795,73.50427350427351,62.39316239316239,11.11111111111111
E00150783,132,43,17,26,89,75,14,32.57575757575758,12.878787878787879,19.696969696969695,67.42424242424242,56.81818181818182,10.606060606060606
E00150784,107,31,9,22,76,65,11,28.971962616822427,8.411214953271028,20.5607476635514,71.02803738317756,60.747663551401864,10.2803738317757
E00150785,119,31,7,24,88,70,18,26.05042016806723,5.88235294117647,20.168067226890756,73.94957983193278,58.82352941176471,15.126050420168067
E00150786,159,43,11,32,116,98,18,27.044025157232703,6.918238993710692,20.125786163522015,72.95597484276729,61.63522012578616,11.320754716981133
E00150787,114,43,10,33,71,63,8,37.719298245614034,8.771929824561402,28.947368421052634,62.28070175438597,55.26315789473685,7.017543859649122
E00150788,100,35,8,27,65,56,9,35,8,27,65,56.00000000000001,9
E00150789,98,34,11,23,64,56,8,34.69387755102041,11.224489795918368,23.46938775510204,65.3061224489796,57.14285714285714,8.16326530612245
E00150790,141,42,12,30,99,83,16,29.78723404255319,8.51063829787234,21.27659574468085,70.2127659574468,58.86524822695035,11.347517730496454
E00150791,81,20,5,15,61,58,3,24.691358024691358,6.172839506172839,18.51851851851852,75.30864197530865,71.60493827160494,3.7037037037037033
E00150792,317,84,23,61,233,205,28,26.498422712933756,7.255520504731862,19.242902208201894,73.50157728706624,64.66876971608832,8.832807570977918
E00150793,111,40,9,31,71,60,11,36.03603603603604,8.108108108108109,27.927927927927925,63.96396396396396,54.054054054054056,9.90990990990991
E00150795,96,31,9,22,65,54,11,32.29166666666667,9.375,22.916666666666664,67.70833333333334,56.25,11.458333333333332
E00150796,83,26,5,21,57,50,7,31.32530120481928,6.024096385542169,25.301204819277107,68.67469879518072,60.24096385542169,8.433734939759036
E00150797,81,26,8,18,55,50,5,32.098765432098766,9.876543209876543,22.22222222222222,67.90123456790124,61.72839506172839,6.172839506172839
E00150798,130,43,12,31,87,74,13,33.07692307692307,9.230769230769232,23.846153846153847,66.92307692307692,56.92307692307692,10
E00150799,95,31,9,22,64,56,8,32.631578947368425,9.473684210526317,23.157894736842106,67.36842105263158,58.94736842105262,8.421052631578947
E00150800,143,42,13,29,101,89,12,29.37062937062937,9.090909090909092,20.27972027972028,70.62937062937063,62.23776223776224,8.391608391608392
E00150801,127,34,10,24,93,69,24,26.77165354330709,7.874015748031496,18.89763779527559,73.22834645669292,54.330708661417326,18.89763779527559
E00150802,117,26,9,17,91,70,21,22.22222222222222,7.6923076923076925,14.529914529914532,77.77777777777779,59.82905982905983,17.94871794871795
E00150803,109,34,9,25,75,68,7,31.19266055045872,8.256880733944955,22.93577981651376,68.80733944954129,62.38532110091744,6.422018348623854
E00150804,119,36,13,23,83,75,8,30.252100840336134,10.92436974789916,19.327731092436977,69.74789915966386,63.02521008403361,6.722689075630252
E00150805,102,29,7,22,73,66,7,28.431372549019606,6.862745098039216,21.568627450980394,71.56862745098039,64.70588235294117,6.862745098039216
E00150806,88,25,6,19,63,53,10,28.40909090909091,6.8181818181818175,21.59090909090909,71.5909090909091,60.22727272727273,11.363636363636363
E00150807,132,42,8,34,90,84,6,31.818181818181817,6.0606060606060606,25.757575757575758,68.18181818181817,63.63636363636363,4.545454545454546
E00150808,130,30,10,20,100,82,18,23.076923076923077,7.6923076923076925,15.384615384615385,76.92307692307693,63.07692307692307,13.846153846153847
E00150809,105,25,4,21,80,70,10,23.809523809523807,3.8095238095238098,20,76.19047619047619,66.66666666666666,9.523809523809524
E00150810,132,30,6,24,102,89,13,22.727272727272727,4.545454545454546,18.181818181818183,77.27272727272727,67.42424242424242,9.848484848484848
E00150811,80,19,10,9,61,51,10,23.75,12.5,11.25,76.25,63.74999999999999,12.5
E00150812,76,33,6,27,43,38,5,43.42105263157895,7.894736842105263,35.526315789473685,56.57894736842105,50,6.578947368421052
E00150813,227,70,25,45,157,135,22,30.837004405286343,11.013215859030836,19.823788546255507,69.16299559471366,59.471365638766514,9.691629955947137
E00150814,96,25,5,20,71,63,8,26.041666666666668,5.208333333333334,20.833333333333336,73.95833333333334,65.625,8.333333333333332
E00150815,97,35,15,20,62,51,11,36.08247422680412,15.463917525773196,20.618556701030926,63.91752577319587,52.57731958762887,11.34020618556701
E00150816,116,37,18,19,79,74,5,31.896551724137932,15.517241379310345,16.379310344827587,68.10344827586206,63.793103448275865,4.310344827586207
E00150817,108,33,11,22,75,66,9,30.555555555555557,10.185185185185185,20.37037037037037,69.44444444444444,61.111111111111114,8.333333333333332
E00150818,100,31,10,21,69,61,8,31,10,21,69,61,8
E00150819,103,25,8,17,78,67,11,24.271844660194176,7.766990291262135,16.50485436893204,75.72815533980582,65.0485436893204,10.679611650485436
E00150820,147,44,12,32,103,91,12,29.931972789115648,8.16326530612245,21.768707482993197,70.06802721088435,61.904761904761905,8.16326530612245
E00150821,154,53,10,43,101,85,16,34.41558441558442,6.493506493506493,27.92207792207792,65.5844155844156,55.1948051948052,10.38961038961039
E00150822,177,55,25,30,122,101,21,31.07344632768362,14.124293785310735,16.94915254237288,68.92655367231639,57.06214689265536,11.864406779661017
E00150823,93,30,10,20,63,52,11,32.25806451612903,10.75268817204301,21.50537634408602,67.74193548387096,55.91397849462365,11.827956989247312
E00150824,158,43,18,25,115,93,22,27.21518987341772,11.39240506329114,15.822784810126583,72.78481012658227,58.86075949367089,13.924050632911392
E00150825,107,25,8,17,82,73,9,23.364485981308412,7.476635514018691,15.887850467289718,76.63551401869158,68.22429906542055,8.411214953271028
E00150826,35,10,4,6,25,21,4,28.57142857142857,11.428571428571429,17.142857142857142,71.42857142857143,60,11.428571428571429
E00150827,104,28,9,19,76,63,13,26.923076923076923,8.653846153846153,18.269230769230766,73.07692307692307,60.57692307692307,12.5
E00150828,131,47,18,29,84,72,12,35.87786259541985,13.740458015267176,22.137404580152673,64.12213740458014,54.961832061068705,9.16030534351145
E00150829,174,57,20,37,117,101,16,32.758620689655174,11.494252873563218,21.26436781609195,67.24137931034483,58.04597701149425,9.195402298850574
E00150830,111,47,11,36,64,55,9,42.34234234234234,9.90990990990991,32.432432432432435,57.65765765765766,49.549549549549546,8.108108108108109
E00150832,81,25,11,14,56,52,4,30.864197530864196,13.580246913580247,17.28395061728395,69.1358024691358,64.19753086419753,4.938271604938271
E00150833,105,25,5,20,80,75,5,23.809523809523807,4.761904761904762,19.047619047619047,76.19047619047619,71.42857142857143,4.761904761904762
E00150834,66,14,5,9,52,49,3,21.21212121212121,7.575757575757576,13.636363636363635,78.78787878787878,74.24242424242425,4.545454545454546
E00150835,78,30,10,20,48,43,5,38.46153846153847,12.82051282051282,25.64102564102564,61.53846153846154,55.12820512820513,6.41025641025641
E00150836,137,70,39,31,67,52,15,51.09489051094891,28.467153284671532,22.62773722627737,48.9051094890511,37.95620437956204,10.948905109489052
E00150837,101,29,11,18,72,64,8,28.71287128712871,10.891089108910892,17.82178217821782,71.28712871287128,63.366336633663366,7.920792079207921
E00150838,139,51,16,35,88,75,13,36.69064748201439,11.510791366906476,25.179856115107913,63.30935251798561,53.956834532374096,9.352517985611511
E00150839,33,11,5,6,22,16,6,33.33333333333333,15.151515151515152,18.181818181818183,66.66666666666666,48.484848484848484,18.181818181818183
E00150840,109,33,13,20,76,61,15,30.275229357798167,11.926605504587156,18.34862385321101,69.72477064220183,55.96330275229357,13.761467889908257
E00150841,84,34,10,24,50,42,8,40.476190476190474,11.904761904761903,28.57142857142857,59.523809523809526,50,9.523809523809524
E00150842,212,45,19,26,167,147,20,21.22641509433962,8.962264150943396,12.264150943396226,78.77358490566037,69.33962264150944,9.433962264150944
E00150844,111,34,13,21,77,74,3,30.630630630630627,11.711711711711711,18.91891891891892,69.36936936936937,66.66666666666666,2.7027027027027026
E00150845,137,39,12,27,98,87,11,28.467153284671532,8.75912408759124,19.708029197080293,71.53284671532847,63.503649635036496,8.02919708029197
E00150846,58,24,10,14,34,32,2,41.37931034482759,17.24137931034483,24.137931034482758,58.620689655172406,55.172413793103445,3.4482758620689653
E00150847,73,23,9,14,50,46,4,31.506849315068493,12.32876712328767,19.17808219178082,68.4931506849315,63.013698630136986,5.47945205479452
E00150848,103,36,19,17,67,64,3,34.95145631067961,18.446601941747574,16.50485436893204,65.0485436893204,62.13592233009708,2.912621359223301
E00150849,123,47,25,22,76,62,14,38.21138211382114,20.32520325203252,17.88617886178862,61.78861788617886,50.40650406504065,11.38211382113821
E00150850,161,47,11,36,114,94,20,29.19254658385093,6.832298136645963,22.36024844720497,70.80745341614907,58.38509316770186,12.422360248447205
E00150851,164,44,12,32,120,107,13,26.82926829268293,7.317073170731707,19.51219512195122,73.17073170731707,65.2439024390244,7.926829268292683
E00150852,123,28,6,22,95,78,17,22.76422764227642,4.878048780487805,17.88617886178862,77.23577235772358,63.41463414634146,13.821138211382115
E00150853,115,43,14,29,72,64,8,37.391304347826086,12.173913043478262,25.217391304347824,62.60869565217392,55.65217391304348,6.956521739130435
E00150854,139,42,17,25,97,72,25,30.215827338129497,12.23021582733813,17.985611510791365,69.7841726618705,51.798561151079134,17.985611510791365
E00150855,150,48,22,26,102,90,12,32,14.666666666666666,17.333333333333336,68,60,8
E00150856,144,37,13,24,107,94,13,25.694444444444443,9.027777777777777,16.666666666666664,74.30555555555556,65.27777777777779,9.027777777777777
E00150857,147,41,13,28,106,83,23,27.89115646258503,8.843537414965986,19.047619047619047,72.10884353741497,56.4625850340136,15.646258503401361
E00150858,188,47,17,30,141,115,26,25,9.042553191489363,15.957446808510639,75,61.170212765957444,13.829787234042554
E00150859,142,43,8,35,99,91,8,30.28169014084507,5.633802816901409,24.647887323943664,69.71830985915493,64.08450704225352,5.633802816901409
E00150860,131,39,15,24,92,73,19,29.770992366412212,11.450381679389313,18.3206106870229,70.22900763358778,55.72519083969466,14.50381679389313
E00150861,137,28,6,22,109,97,12,20.437956204379564,4.37956204379562,16.05839416058394,79.56204379562044,70.8029197080292,8.75912408759124
E00150862,145,38,14,24,107,89,18,26.20689655172414,9.655172413793103,16.551724137931036,73.79310344827587,61.37931034482759,12.413793103448276
E00150863,139,41,11,30,98,83,15,29.496402877697843,7.913669064748201,21.58273381294964,70.50359712230215,59.71223021582733,10.79136690647482
E00150864,116,38,13,25,78,60,18,32.758620689655174,11.206896551724139,21.551724137931032,67.24137931034483,51.724137931034484,15.517241379310345
E00150865,116,22,8,14,94,75,19,18.96551724137931,6.896551724137931,12.068965517241379,81.03448275862068,64.65517241379311,16.379310344827587
E00150866,154,48,16,32,106,88,18,31.16883116883117,10.38961038961039,20.77922077922078,68.83116883116884,57.14285714285714,11.688311688311687
E00150867,88,29,8,21,59,54,5,32.95454545454545,9.090909090909092,23.863636363636363,67.04545454545455,61.36363636363637,5.681818181818182
E00150868,111,36,16,20,75,62,13,32.432432432432435,14.414414414414415,18.01801801801802,67.56756756756756,55.85585585585585,11.711711711711711
E00150869,131,47,14,33,84,72,12,35.87786259541985,10.687022900763358,25.190839694656486,64.12213740458014,54.961832061068705,9.16030534351145
E00150870,174,50,18,32,124,110,14,28.735632183908045,10.344827586206897,18.39080459770115,71.26436781609196,63.2183908045977,8.045977011494253
E00150871,125,38,7,31,87,72,15,30.4,5.6000000000000005,24.8,69.6,57.599999999999994,12
E00150872,155,37,15,22,118,102,16,23.870967741935484,9.67741935483871,14.193548387096774,76.12903225806451,65.80645161290323,10.32258064516129
E00150873,132,35,9,26,97,83,14,26.515151515151516,6.8181818181818175,19.696969696969695,73.48484848484848,62.878787878787875,10.606060606060606
E00150875,144,48,20,28,96,82,14,33.33333333333333,13.88888888888889,19.444444444444446,66.66666666666666,56.94444444444444,9.722222222222223
E00150876,131,42,15,27,89,82,7,32.06106870229007,11.450381679389313,20.610687022900763,67.93893129770993,62.59541984732825,5.343511450381679
E00150877,169,37,11,26,132,119,13,21.893491124260358,6.508875739644971,15.384615384615385,78.10650887573965,70.41420118343196,7.6923076923076925
E00150878,146,47,14,33,99,86,13,32.19178082191781,9.58904109589041,22.602739726027394,67.8082191780822,58.9041095890411,8.904109589041095
E00150879,131,40,14,26,91,83,8,30.53435114503817,10.687022900763358,19.84732824427481,69.46564885496184,63.358778625954194,6.106870229007633
E00150880,147,34,11,23,113,95,18,23.12925170068027,7.482993197278912,15.646258503401361,76.87074829931973,64.62585034013605,12.244897959183673
E00150881,145,47,20,27,98,88,10,32.41379310344827,13.793103448275861,18.620689655172416,67.58620689655173,60.689655172413794,6.896551724137931
E00150882,166,45,10,35,121,104,17,27.10843373493976,6.024096385542169,21.084337349397593,72.89156626506023,62.65060240963856,10.240963855421686
E00150883,132,38,14,24,94,83,11,28.78787878787879,10.606060606060606,18.181818181818183,71.21212121212122,62.878787878787875,8.333333333333332
E00150884,140,47,14,33,93,80,13,33.57142857142857,10,23.57142857142857,66.42857142857143,57.14285714285714,9.285714285714286
E00150885,105,23,7,16,82,71,11,21.904761904761905,6.666666666666667,15.238095238095239,78.0952380952381,67.61904761904762,10.476190476190476
E00150886,162,44,11,33,118,110,8,27.160493827160494,6.790123456790123,20.37037037037037,72.8395061728395,67.90123456790124,4.938271604938271
E00150887,134,42,12,30,92,88,4,31.343283582089555,8.955223880597014,22.388059701492537,68.65671641791045,65.67164179104478,2.9850746268656714
E00150888,116,27,9,18,89,76,13,23.275862068965516,7.758620689655173,15.517241379310345,76.72413793103449,65.51724137931035,11.206896551724139
E00172346,93,24,8,16,69,63,6,25.806451612903224,8.60215053763441,17.20430107526882,74.19354838709677,67.74193548387096,6.451612903225806
E00172347,73,20,9,11,53,48,5,27.397260273972602,12.32876712328767,15.068493150684931,72.6027397260274,65.75342465753424,6.8493150684931505
E00172349,123,29,9,20,94,87,7,23.577235772357724,7.317073170731707,16.260162601626014,76.42276422764228,70.73170731707317,5.691056910569105
E00172350,180,42,22,20,138,120,18,23.333333333333332,12.222222222222221,11.11111111111111,76.66666666666667,66.66666666666666,10
E00172352,137,35,15,20,102,82,20,25.547445255474454,10.948905109489052,14.5985401459854,74.45255474452554,59.854014598540154,14.5985401459854
E00172353,159,41,16,25,118,88,30,25.78616352201258,10.062893081761008,15.723270440251572,74.21383647798741,55.34591194968554,18.867924528301888
E00172354,274,204,156,48,70,52,18,74.45255474452554,56.934306569343065,17.51824817518248,25.547445255474454,18.97810218978102,6.569343065693431
E00172355,106,48,24,24,58,48,10,45.28301886792453,22.641509433962266,22.641509433962266,54.71698113207547,45.28301886792453,9.433962264150944
E00172356,176,45,16,29,131,105,26,25.568181818181817,9.090909090909092,16.477272727272727,74.43181818181817,59.65909090909091,14.772727272727273
E00172357,47,19,6,13,28,23,5,40.42553191489361,12.76595744680851,27.659574468085108,59.57446808510638,48.93617021276596,10.638297872340425
E00172358,218,58,15,43,160,142,18,26.605504587155966,6.8807339449541285,19.724770642201836,73.39449541284404,65.13761467889908,8.256880733944955
E00172360,93,24,2,22,69,59,10,25.806451612903224,2.1505376344086025,23.655913978494624,74.19354838709677,63.44086021505376,10.75268817204301
E00179351,154,39,21,18,115,105,10,25.324675324675322,13.636363636363635,11.688311688311687,74.67532467532467,68.18181818181817,6.493506493506493
E00179355,181,43,15,28,138,115,23,23.756906077348066,8.287292817679557,15.469613259668508,76.24309392265194,63.53591160220995,12.70718232044199
E00179356,176,45,13,32,131,108,23,25.568181818181817,7.386363636363637,18.181818181818183,74.43181818181817,61.36363636363637,13.068181818181818
E00179359,101,23,0,23,78,69,9,22.772277227722775,0,22.772277227722775,77.22772277227723,68.31683168316832,8.91089108910891
E00179360,59,18,3,15,41,39,2,30.508474576271187,5.084745762711865,25.423728813559322,69.49152542372882,66.10169491525424,3.389830508474576
E00179365,202,35,5,30,167,140,27,17.326732673267326,2.4752475247524752,14.85148514851485,82.67326732673267,69.3069306930693,13.366336633663368
E00179370,220,36,6,30,184,166,18,16.363636363636363,2.727272727272727,13.636363636363635,83.63636363636363,75.45454545454545,8.181818181818182
E00179380,124,31,6,25,93,82,11,25,4.838709677419355,20.161290322580644,75,66.12903225806451,8.870967741935484
E00179383,201,41,17,24,160,134,26,20.398009950248756,8.45771144278607,11.940298507462686,79.60199004975125,66.66666666666666,12.935323383084576
E00179390,161,43,12,31,118,105,13,26.70807453416149,7.453416149068323,19.25465838509317,73.29192546583852,65.21739130434783,8.074534161490684
E00179395,49,16,4,12,33,29,4,32.6530612244898,8.16326530612245,24.489795918367346,67.3469387755102,59.183673469387756,8.16326530612245
E00179396,53,9,2,7,44,43,1,16.9811320754717,3.7735849056603774,13.20754716981132,83.01886792452831,81.13207547169812,1.8867924528301887
E00179407,86,31,10,21,55,47,8,36.04651162790697,11.627906976744185,24.418604651162788,63.95348837209303,54.65116279069767,9.30232558139535
E00179408,141,50,16,34,91,78,13,35.46099290780142,11.347517730496454,24.113475177304963,64.53900709219859,55.319148936170215,9.219858156028367
E00179415,250,54,15,39,196,183,13,21.6,6,15.6,78.4,73.2,5.2
E00179423,195,41,13,28,154,133,21,21.025641025641026,6.666666666666667,14.358974358974358,78.97435897435898,68.2051282051282,10.76923076923077
