OA,ts0380001,ts0380002,ts0380003,ts0380004,ts0380005,ts0380006,ts0380007,ts0380002_PCT,ts0380003_PCT,ts0380004_PCT,ts0380005_PCT,ts0380006_PCT,ts0380007_PCT
E00150480,288,45,19,26,243,23,220,15.625,6.597222222222222,9.027777777777777,84.375,7.986111111111111,76.38888888888889
E00150481,259,36,12,24,223,23,200,13.8996138996139,4.633204633204633,9.266409266409266,86.10038610038609,8.880308880308881,77.22007722007721
E00150482,273,74,32,42,199,16,183,27.106227106227106,11.72161172161172,15.384615384615385,72.89377289377289,5.86080586080586,67.03296703296702
E00150483,336,61,22,39,275,26,249,18.154761904761905,6.547619047619048,11.607142857142858,81.84523809523809,7.738095238095238,74.10714285714286
E00150484,303,61,20,41,242,26,216,20.13201320132013,6.6006600660066,13.531353135313532,79.86798679867987,8.58085808580858,71.28712871287128
E00150485,294,61,28,33,233,30,203,20.74829931972789,9.523809523809524,11.224489795918368,79.25170068027211,10.204081632653061,69.04761904761905
E00150486,243,56,23,33,187,20,167,23.045267489711936,9.465020576131687,13.580246913580247,76.95473251028807,8.23045267489712,68.72427983539094
E00150487,334,50,22,28,284,24,260,14.97005988023952,6.58682634730539,8.383233532934131,85.02994011976048,7.18562874251497,77.84431137724552
E00150488,283,77,38,39,206,19,187,27.208480565371023,13.427561837455832,13.780918727915195,72.79151943462897,6.713780918727916,66.07773851590106
E00150489,223,79,43,36,144,7,137,35.42600896860987,19.282511210762333,16.143497757847534,64.57399103139014,3.1390134529147984,61.43497757847533
E00150490,281,60,26,34,221,16,205,21.352313167259787,9.252669039145907,12.099644128113878,78.64768683274022,5.6939501779359425,72.95373665480427
E00150491,322,60,28,32,262,26,236,18.633540372670808,8.695652173913043,9.937888198757763,81.36645962732919,8.074534161490684,73.29192546583852
E00150492,309,48,13,35,261,16,245,15.53398058252427,4.207119741100324,11.326860841423949,84.46601941747572,5.177993527508091,79.28802588996764
E00150493,260,67,35,32,193,10,183,25.769230769230766,13.461538461538462,12.307692307692308,74.23076923076923,3.8461538461538463,70.38461538461539
E00150494,289,70,30,40,219,16,203,24.22145328719723,10.380622837370241,13.84083044982699,75.77854671280276,5.536332179930796,70.24221453287197
E00150495,309,55,22,33,254,20,234,17.79935275080906,7.119741100323624,10.679611650485436,82.20064724919094,6.472491909385113,75.72815533980582
E00150496,333,60,26,34,273,33,240,18.01801801801802,7.807807807807808,10.21021021021021,81.98198198198197,9.90990990990991,72.07207207207207
E00150497,305,57,20,37,248,22,226,18.688524590163937,6.557377049180328,12.131147540983607,81.31147540983606,7.213114754098362,74.09836065573771
E00150498,283,67,30,37,216,23,193,23.674911660777383,10.60070671378092,13.074204946996467,76.32508833922262,8.12720848056537,68.19787985865725
E00150499,279,91,49,42,188,19,169,32.61648745519714,17.562724014336915,15.053763440860216,67.38351254480287,6.810035842293908,60.57347670250897
E00150500,262,71,32,39,191,21,170,27.099236641221374,12.213740458015266,14.885496183206106,72.90076335877863,8.015267175572518,64.8854961832061
E00150501,357,46,13,33,311,27,284,12.885154061624648,3.6414565826330536,9.243697478991598,87.11484593837535,7.563025210084033,79.55182072829132
E00150502,292,76,41,35,216,22,194,26.027397260273972,14.04109589041096,11.986301369863012,73.97260273972603,7.534246575342466,66.43835616438356
E00150503,288,51,21,30,237,26,211,17.708333333333336,7.291666666666667,10.416666666666668,82.29166666666666,9.027777777777777,73.26388888888889
E00150504,295,59,19,40,236,28,208,20,6.440677966101695,13.559322033898304,80,9.491525423728813,70.50847457627118
E00150505,294,59,21,38,235,21,214,20.068027210884352,7.142857142857142,12.925170068027212,79.93197278911565,7.142857142857142,72.78911564625851
E00150506,326,65,19,46,261,26,235,19.938650306748464,5.828220858895705,14.11042944785276,80.06134969325154,7.975460122699387,72.08588957055214
E00150507,288,64,24,40,224,15,209,22.22222222222222,8.333333333333332,13.88888888888889,77.77777777777779,5.208333333333334,72.56944444444444
E00150508,411,142,113,29,269,18,251,34.54987834549878,27.49391727493917,7.0559610705596105,65.45012165450122,4.37956204379562,61.0705596107056
E00150509,230,70,36,34,160,20,140,30.434782608695656,15.65217391304348,14.782608695652174,69.56521739130434,8.695652173913043,60.86956521739131
E00150510,297,64,31,33,233,21,212,21.548821548821547,10.437710437710438,11.11111111111111,78.45117845117845,7.07070707070707,71.38047138047138
E00150511,311,72,26,46,239,16,223,23.15112540192926,8.360128617363344,14.790996784565916,76.84887459807074,5.144694533762058,71.70418006430869
E00150512,324,74,24,50,250,18,232,22.839506172839506,7.4074074074074066,15.432098765432098,77.1604938271605,5.555555555555555,71.60493827160494
E00150513,323,48,17,31,275,28,247,14.860681114551083,5.263157894736842,9.597523219814242,85.13931888544892,8.6687306501548,76.47058823529412
E00150514,260,56,25,31,204,11,193,21.53846153846154,9.615384615384617,11.923076923076923,78.46153846153847,4.230769230769231,74.23076923076923
E00150515,253,59,23,36,194,17,177,23.3201581027668,9.090909090909092,14.229249011857709,76.6798418972332,6.719367588932807,69.96047430830039
E00150516,196,61,26,35,135,12,123,31.122448979591837,13.26530612244898,17.857142857142858,68.87755102040816,6.122448979591836,62.755102040816325
E00150517,269,77,27,50,192,12,180,28.624535315985128,10.037174721189592,18.587360594795538,71.37546468401487,4.4609665427509295,66.91449814126395
E00150518,203,64,37,27,139,9,130,31.527093596059114,18.226600985221676,13.30049261083744,68.4729064039409,4.433497536945813,64.03940886699507
E00150519,304,57,27,30,247,20,227,18.75,8.881578947368421,9.868421052631579,81.25,6.578947368421052,74.67105263157895
E00150520,321,61,29,32,260,22,238,19.003115264797508,9.034267912772584,9.968847352024921,80.99688473520249,6.853582554517133,74.14330218068535
E00150521,235,39,16,23,196,27,169,16.595744680851062,6.808510638297872,9.787234042553191,83.40425531914893,11.48936170212766,71.91489361702128
E00150522,252,68,23,45,184,6,178,26.984126984126984,9.126984126984127,17.857142857142858,73.01587301587301,2.380952380952381,70.63492063492063
E00150523,269,74,31,43,195,19,176,27.509293680297397,11.524163568773234,15.985130111524162,72.4907063197026,7.063197026022305,65.4275092936803
E00150524,262,57,25,32,205,17,188,21.755725190839694,9.541984732824428,12.213740458015266,78.2442748091603,6.488549618320611,71.7557251908397
E00150525,398,71,33,38,327,25,302,17.839195979899497,8.291457286432161,9.547738693467336,82.1608040201005,6.281407035175879,75.87939698492463
E00150526,335,61,19,42,274,15,259,18.208955223880597,5.6716417910447765,12.53731343283582,81.7910447761194,4.477611940298507,77.31343283582089
E00150528,357,78,37,41,279,29,250,21.84873949579832,10.364145658263306,11.484593837535014,78.15126050420169,8.123249299719888,70.02801120448179
E00150529,328,69,36,33,259,30,229,21.036585365853657,10.975609756097562,10.060975609756099,78.96341463414635,9.146341463414634,69.8170731707317
E00150530,285,70,38,32,215,19,196,24.561403508771928,13.333333333333334,11.228070175438596,75.43859649122807,6.666666666666667,68.77192982456141
E00150531,257,53,17,36,204,17,187,20.622568093385212,6.614785992217899,14.007782101167315,79.37743190661479,6.614785992217899,72.76264591439688
E00150532,322,69,30,39,253,21,232,21.428571428571427,9.316770186335404,12.111801242236025,78.57142857142857,6.521739130434782,72.04968944099379
E00150533,267,64,20,44,203,17,186,23.970037453183522,7.490636704119851,16.479400749063668,76.02996254681648,6.367041198501873,69.66292134831461
E00150534,259,65,26,39,194,9,185,25.096525096525095,10.038610038610038,15.057915057915059,74.9034749034749,3.474903474903475,71.42857142857143
E00150535,216,59,26,33,157,13,144,27.314814814814813,12.037037037037036,15.277777777777779,72.68518518518519,6.018518518518518,66.66666666666666
E00150536,264,57,20,37,207,18,189,21.59090909090909,7.575757575757576,14.015151515151514,78.4090909090909,6.8181818181818175,71.5909090909091
E00150537,308,60,33,27,248,21,227,19.480519480519483,10.714285714285714,8.766233766233766,80.51948051948052,6.8181818181818175,73.7012987012987
E00150539,235,46,20,26,189,17,172,19.574468085106382,8.51063829787234,11.063829787234042,80.42553191489363,7.234042553191489,73.19148936170212
E00150540,310,70,29,41,240,14,226,22.58064516129032,9.35483870967742,13.225806451612904,77.41935483870968,4.516129032258064,72.90322580645162
E00150541,299,41,18,23,258,22,236,13.712374581939798,6.0200668896321075,7.6923076923076925,86.2876254180602,7.357859531772576,78.92976588628763
E00150542,369,46,14,32,323,19,304,12.466124661246612,3.7940379403794036,8.672086720867208,87.53387533875339,5.149051490514905,82.38482384823848
E00150543,329,64,33,31,265,12,253,19.45288753799392,10.030395136778116,9.422492401215806,80.54711246200608,3.64741641337386,76.89969604863222
E00150544,277,71,26,45,206,17,189,25.63176895306859,9.386281588447654,16.24548736462094,74.36823104693141,6.137184115523466,68.23104693140795
E00150545,280,39,19,20,241,29,212,13.928571428571429,6.785714285714286,7.142857142857142,86.07142857142858,10.357142857142858,75.71428571428571
E00150546,271,64,30,34,207,17,190,23.616236162361623,11.07011070110701,12.546125461254611,76.38376383763837,6.273062730627306,70.11070110701108
E00150547,288,80,35,45,208,14,194,27.77777777777778,12.152777777777777,15.625,72.22222222222221,4.861111111111112,67.36111111111111
E00150548,336,64,31,33,272,30,242,19.047619047619047,9.226190476190476,9.821428571428571,80.95238095238095,8.928571428571429,72.02380952380952
E00150549,348,53,20,33,295,29,266,15.229885057471265,5.747126436781609,9.482758620689655,84.77011494252874,8.333333333333332,76.4367816091954
E00150550,312,55,20,35,257,20,237,17.628205128205128,6.41025641025641,11.217948717948719,82.37179487179486,6.41025641025641,75.96153846153845
E00150551,419,74,35,39,345,45,300,17.66109785202864,8.353221957040573,9.307875894988067,82.33890214797135,10.739856801909307,71.59904534606206
E00150552,328,40,17,23,288,26,262,12.195121951219512,5.182926829268292,7.01219512195122,87.8048780487805,7.926829268292683,79.8780487804878
E00150553,175,38,15,23,137,14,123,21.714285714285715,8.571428571428571,13.142857142857142,78.28571428571428,8,70.28571428571428
E00150554,319,75,33,42,244,18,226,23.510971786833856,10.344827586206897,13.166144200626958,76.48902821316614,5.6426332288401255,70.84639498432603
E00150555,227,33,12,21,194,22,172,14.537444933920703,5.286343612334802,9.251101321585903,85.46255506607929,9.691629955947137,75.77092511013215
E00150556,552,103,37,66,449,38,411,18.65942028985507,6.702898550724639,11.956521739130435,81.34057971014492,6.884057971014493,74.45652173913044
E00150557,292,58,11,47,234,22,212,19.863013698630137,3.767123287671233,16.095890410958905,80.13698630136986,7.534246575342466,72.6027397260274
E00150558,321,68,37,31,253,14,239,21.18380062305296,11.526479750778815,9.657320872274143,78.81619937694704,4.361370716510903,74.45482866043614
E00150559,318,88,46,42,230,18,212,27.67295597484277,14.465408805031446,13.20754716981132,72.32704402515722,5.660377358490567,66.66666666666666
E00150560,334,100,70,30,234,16,218,29.94011976047904,20.958083832335326,8.982035928143713,70.05988023952095,4.790419161676647,65.26946107784431
E00150561,213,63,35,28,150,12,138,29.577464788732392,16.431924882629108,13.145539906103288,70.4225352112676,5.633802816901409,64.7887323943662
E00150562,304,74,32,42,230,17,213,24.342105263157894,10.526315789473683,13.815789473684212,75.6578947368421,5.592105263157895,70.06578947368422
E00150563,245,51,21,30,194,17,177,20.816326530612244,8.571428571428571,12.244897959183673,79.18367346938776,6.938775510204081,72.24489795918367
E00150564,185,73,40,33,112,10,102,39.45945945945946,21.62162162162162,17.83783783783784,60.54054054054055,5.405405405405405,55.13513513513514
E00150565,346,62,32,30,284,14,270,17.91907514450867,9.248554913294797,8.670520231213873,82.08092485549133,4.046242774566474,78.03468208092485
E00150566,297,74,35,39,223,14,209,24.915824915824917,11.784511784511785,13.131313131313133,75.08417508417509,4.713804713804714,70.37037037037037
E00150567,257,78,36,42,179,21,158,30.35019455252918,14.007782101167315,16.342412451361866,69.64980544747081,8.171206225680933,61.478599221789885
E00150568,268,52,22,30,216,21,195,19.402985074626866,8.208955223880597,11.194029850746269,80.59701492537313,7.835820895522389,72.76119402985076
E00150569,233,62,33,29,171,21,150,26.609442060085836,14.163090128755366,12.446351931330472,73.39055793991416,9.012875536480687,64.37768240343348
E00150570,193,37,12,25,156,11,145,19.170984455958546,6.217616580310881,12.953367875647666,80.82901554404145,5.699481865284974,75.12953367875647
E00150572,318,59,26,33,259,28,231,18.553459119496853,8.176100628930817,10.377358490566039,81.44654088050315,8.80503144654088,72.64150943396226
E00150573,345,56,18,38,289,24,265,16.231884057971012,5.217391304347826,11.014492753623188,83.76811594202898,6.956521739130435,76.81159420289855
E00150574,298,61,21,40,237,31,206,20.469798657718123,7.046979865771812,13.422818791946309,79.53020134228188,10.40268456375839,69.12751677852349
E00150575,238,69,31,38,169,17,152,28.991596638655466,13.025210084033615,15.966386554621847,71.00840336134453,7.142857142857142,63.86554621848739
E00150576,286,62,28,34,224,19,205,21.678321678321677,9.79020979020979,11.888111888111888,78.32167832167832,6.643356643356643,71.67832167832168
E00150577,319,71,35,36,248,30,218,22.25705329153605,10.9717868338558,11.285266457680251,77.74294670846395,9.404388714733543,68.3385579937304
E00150578,334,100,56,44,234,22,212,29.94011976047904,16.766467065868262,13.17365269461078,70.05988023952095,6.58682634730539,63.47305389221557
E00150579,530,108,44,64,422,22,400,20.37735849056604,8.30188679245283,12.075471698113208,79.62264150943396,4.150943396226415,75.47169811320755
E00150581,290,85,46,39,205,12,193,29.310344827586203,15.862068965517242,13.448275862068964,70.6896551724138,4.137931034482759,66.55172413793103
E00150582,225,63,36,27,162,14,148,28.000000000000004,16,12,72,6.222222222222222,65.77777777777779
E00150583,261,54,26,28,207,16,191,20.689655172413794,9.961685823754788,10.727969348659004,79.3103448275862,6.130268199233716,73.18007662835248
E00150584,252,77,34,43,175,12,163,30.555555555555557,13.492063492063492,17.063492063492063,69.44444444444444,4.761904761904762,64.68253968253968
E00150585,251,64,31,33,187,22,165,25.49800796812749,12.350597609561753,13.147410358565736,74.5019920318725,8.764940239043826,65.73705179282868
E00150586,304,83,33,50,221,23,198,27.302631578947366,10.855263157894738,16.447368421052634,72.69736842105263,7.565789473684211,65.13157894736842
E00150587,444,86,27,59,358,41,317,19.36936936936937,6.081081081081082,13.288288288288289,80.63063063063063,9.234234234234235,71.3963963963964
E00150588,300,65,28,37,235,20,215,21.666666666666668,9.333333333333334,12.333333333333334,78.33333333333333,6.666666666666667,71.66666666666667
E00150589,235,58,31,27,177,12,165,24.680851063829788,13.191489361702127,11.48936170212766,75.31914893617021,5.106382978723404,70.2127659574468
E00150590,310,64,31,33,246,15,231,20.64516129032258,10,10.64516129032258,79.35483870967742,4.838709677419355,74.51612903225806
E00150591,288,56,15,41,232,26,206,19.444444444444446,5.208333333333334,14.23611111111111,80.55555555555556,9.027777777777777,71.52777777777779
E00150592,244,46,22,24,198,23,175,18.852459016393443,9.01639344262295,9.836065573770492,81.14754098360656,9.426229508196721,71.72131147540983
E00150596,248,74,34,40,174,11,163,29.838709677419356,13.709677419354838,16.129032258064516,70.16129032258065,4.435483870967742,65.7258064516129
E00150597,291,49,17,32,242,23,219,16.83848797250859,5.841924398625429,10.996563573883162,83.16151202749141,7.903780068728522,75.25773195876289
E00150598,234,49,22,27,185,10,175,20.94017094017094,9.401709401709402,11.538461538461538,79.05982905982906,4.273504273504273,74.78632478632478
E00150599,322,84,50,34,238,22,216,26.08695652173913,15.527950310559005,10.559006211180124,73.91304347826086,6.832298136645963,67.08074534161491
E00150600,261,61,26,35,200,18,182,23.371647509578544,9.961685823754788,13.409961685823754,76.62835249042146,6.896551724137931,69.73180076628353
E00150601,287,52,22,30,235,25,210,18.118466898954704,7.665505226480835,10.452961672473867,81.8815331010453,8.710801393728223,73.17073170731707
E00150602,288,66,31,35,222,26,196,22.916666666666664,10.76388888888889,12.152777777777777,77.08333333333334,9.027777777777777,68.05555555555556
E00150603,314,48,14,34,266,33,233,15.286624203821656,4.45859872611465,10.828025477707007,84.71337579617835,10.509554140127388,74.20382165605095
E00150604,285,59,25,34,226,23,203,20.701754385964914,8.771929824561402,11.929824561403509,79.2982456140351,8.070175438596491,71.2280701754386
E00150605,206,48,20,28,158,21,137,23.300970873786408,9.70873786407767,13.592233009708737,76.69902912621359,10.194174757281553,66.50485436893204
E00150606,319,64,19,45,255,28,227,20.06269592476489,5.956112852664576,14.106583072100312,79.9373040752351,8.77742946708464,71.15987460815047
E00150607,222,40,16,24,182,11,171,18.01801801801802,7.207207207207207,10.81081081081081,81.98198198198197,4.954954954954955,77.02702702702703
E00150608,304,53,14,39,251,17,234,17.434210526315788,4.605263157894736,12.828947368421053,82.56578947368422,5.592105263157895,76.97368421052632
E00150609,381,59,21,38,322,35,287,15.485564304461944,5.511811023622047,9.973753280839896,84.51443569553805,9.186351706036746,75.32808398950131
E00150610,336,69,27,42,267,31,236,20.535714285714285,8.035714285714286,12.5,79.46428571428571,9.226190476190476,70.23809523809523
E00150611,402,81,30,51,321,26,295,20.149253731343283,7.462686567164178,12.686567164179104,79.8507462686567,6.467661691542288,73.38308457711443
E00150612,285,60,26,34,225,22,203,21.052631578947366,9.12280701754386,11.929824561403509,78.94736842105263,7.719298245614035,71.2280701754386
E00150613,277,58,33,25,219,24,195,20.938628158844764,11.913357400722022,9.025270758122744,79.06137184115524,8.664259927797833,70.3971119133574
E00150614,402,99,46,53,303,29,274,24.62686567164179,11.442786069651742,13.184079601990051,75.3731343283582,7.213930348258707,68.1592039800995
E00150615,405,87,41,46,318,15,303,21.48148148148148,10.123456790123457,11.358024691358025,78.51851851851852,3.7037037037037033,74.81481481481481
E00150616,319,67,22,45,252,28,224,21.003134796238246,6.896551724137931,14.106583072100312,78.99686520376176,8.77742946708464,70.21943573667711
E00150617,391,111,51,60,280,13,267,28.388746803069054,13.043478260869565,15.34526854219949,71.61125319693095,3.324808184143223,68.28644501278772
E00150618,295,56,26,30,239,19,220,18.983050847457626,8.813559322033898,10.16949152542373,81.01694915254237,6.440677966101695,74.57627118644068
E00150619,219,51,15,36,168,13,155,23.28767123287671,6.8493150684931505,16.43835616438356,76.71232876712328,5.93607305936073,70.77625570776256
E00150620,285,65,34,31,220,20,200,22.807017543859647,11.929824561403509,10.87719298245614,77.19298245614034,7.017543859649122,70.17543859649122
E00150621,325,82,45,37,243,18,225,25.23076923076923,13.846153846153847,11.384615384615385,74.76923076923076,5.538461538461538,69.23076923076923
E00150622,312,108,56,52,204,18,186,34.61538461538461,17.94871794871795,16.666666666666664,65.38461538461539,5.769230769230769,59.61538461538461
E00150623,295,52,16,36,243,18,225,17.627118644067796,5.423728813559322,12.203389830508476,82.37288135593221,6.101694915254238,76.27118644067797
E00150624,295,105,60,45,190,13,177,35.59322033898305,20.33898305084746,15.254237288135593,64.40677966101694,4.406779661016949,60
E00150625,272,49,16,33,223,15,208,18.014705882352942,5.88235294117647,12.132352941176471,81.98529411764706,5.514705882352941,76.47058823529412
E00150627,158,25,5,20,133,11,122,15.822784810126583,3.1645569620253164,12.658227848101266,84.17721518987342,6.962025316455696,77.21518987341773
E00150629,295,71,38,33,224,22,202,24.06779661016949,12.88135593220339,11.186440677966102,75.9322033898305,7.457627118644068,68.47457627118644
E00150630,350,51,15,36,299,41,258,14.571428571428571,4.285714285714286,10.285714285714285,85.42857142857143,11.714285714285715,73.71428571428571
E00150631,285,47,20,27,238,25,213,16.49122807017544,7.017543859649122,9.473684210526317,83.50877192982456,8.771929824561402,74.73684210526315
E00150632,291,50,17,33,241,20,221,17.18213058419244,5.841924398625429,11.34020618556701,82.81786941580756,6.872852233676976,75.94501718213058
E00150633,288,37,13,24,251,24,227,12.847222222222221,4.513888888888888,8.333333333333332,87.15277777777779,8.333333333333332,78.81944444444444
E00150634,298,41,4,37,257,29,228,13.758389261744966,1.342281879194631,12.416107382550337,86.24161073825503,9.731543624161073,76.51006711409396
E00150635,347,68,33,35,279,15,264,19.596541786743515,9.510086455331413,10.086455331412104,80.403458213256485,4.322766570605188,76.0806916426513
E00150636,353,69,29,40,284,20,264,19.54674220963173,8.21529745042493,11.3314447592068,80.45325779036827,5.6657223796034,74.78753541076487
E00150637,274,60,28,32,214,31,183,21.897810218978105,10.218978102189782,11.678832116788321,78.1021897810219,11.313868613138686,66.78832116788321
E00150638,306,92,41,51,214,14,200,30.065359477124183,13.398692810457517,16.666666666666664,69.93464052287581,4.57516339869281,65.359477124183
E00150639,268,33,11,22,235,31,204,12.313432835820896,4.104477611940299,8.208955223880597,87.68656716417911,11.567164179104477,76.11940298507463
E00150640,291,74,36,38,217,14,203,25.42955326460481,12.371134020618557,13.058419243986256,74.5704467353952,4.810996563573884,69.7594501718213
E00150641,243,50,21,29,193,14,179,20.5761316872428,8.641975308641975,11.934156378600823,79.42386831275721,5.761316872427984,73.66255144032921
E00150642,245,60,31,29,185,12,173,24.489795918367346,12.653061224489795,11.83673469387755,75.51020408163265,4.8979591836734695,70.61224489795919
E00150643,242,57,25,32,185,18,167,23.553719008264462,10.330578512396695,13.223140495867769,76.44628099173553,7.43801652892562,69.00826446280992
E00150644,362,86,39,47,276,15,261,23.756906077348066,10.773480662983426,12.98342541436464,76.24309392265194,4.143646408839778,72.09944751381215
E00150645,328,34,5,29,294,28,266,10.365853658536585,1.524390243902439,8.841463414634147,89.63414634146342,8.536585365853659,81.09756097560977
E00150646,230,55,27,28,175,20,155,23.91304347826087,11.73913043478261,12.173913043478262,76.08695652173914,8.695652173913043,67.3913043478261
E00150647,289,61,21,40,228,25,203,21.10726643598616,7.26643598615917,13.84083044982699,78.89273356401384,8.650519031141869,70.24221453287197
E00150648,266,65,35,30,201,10,191,24.43609022556391,13.157894736842104,11.278195488721805,75.56390977443608,3.7593984962406015,71.80451127819549
E00150649,253,68,26,42,185,16,169,26.877470355731226,10.276679841897234,16.600790513833992,73.12252964426878,6.324110671936759,66.79841897233202
E00150650,335,59,33,26,276,14,262,17.611940298507463,9.850746268656717,7.761194029850746,82.38805970149254,4.179104477611941,78.2089552238806
E00150651,305,57,22,35,248,11,237,18.688524590163937,7.213114754098362,11.475409836065573,81.31147540983606,3.606557377049181,77.70491803278688
E00150652,240,49,28,21,191,11,180,20.416666666666668,11.666666666666666,8.75,79.58333333333333,4.583333333333333,75
E00150653,468,105,47,58,363,11,352,22.435897435897438,10.042735042735043,12.393162393162394,77.56410256410257,2.3504273504273505,75.21367521367522
E00150654,318,67,32,35,251,15,236,21.069182389937108,10.062893081761008,11.0062893081761,78.9308176100629,4.716981132075472,74.21383647798741
E00150655,225,72,24,48,153,10,143,32,10.666666666666668,21.333333333333336,68,4.444444444444445,63.55555555555556
E00150656,224,71,31,40,153,10,143,31.69642857142857,13.839285714285715,17.857142857142858,68.30357142857143,4.464285714285714,63.83928571428571
E00150657,258,62,24,38,196,6,190,24.031007751937985,9.30232558139535,14.728682170542637,75.96899224806202,2.3255813953488373,73.64341085271317
E00150658,283,51,25,26,232,13,219,18.021201413427562,8.8339222614841,9.187279151943462,81.97879858657244,4.593639575971731,77.3851590106007
E00150659,297,52,28,24,245,28,217,17.50841750841751,9.427609427609427,8.080808080808081,82.49158249158249,9.427609427609427,73.06397306397307
E00150660,306,72,36,36,234,23,211,23.52941176470588,11.76470588235294,11.76470588235294,76.47058823529412,7.516339869281046,68.95424836601308
E00150661,220,73,40,33,147,15,132,33.18181818181819,18.181818181818183,15,66.81818181818183,6.8181818181818175,60
E00150662,180,54,20,34,126,13,113,30,11.11111111111111,18.88888888888889,70,7.222222222222221,62.77777777777778
E00150663,246,58,26,32,188,19,169,23.577235772357724,10.569105691056912,13.008130081300814,76.42276422764228,7.723577235772358,68.69918699186992
E00150664,305,64,26,38,241,22,219,20.983606557377048,8.524590163934425,12.459016393442624,79.01639344262294,7.213114754098362,71.80327868852459
E00150665,397,68,22,46,329,33,296,17.12846347607053,5.541561712846348,11.586901763224182,82.87153652392946,8.312342569269521,74.55919395465995
E00150666,407,69,27,42,338,33,305,16.953316953316953,6.6339066339066335,10.319410319410318,83.04668304668304,8.108108108108109,74.93857493857494
E00150667,295,44,17,27,251,32,219,14.915254237288137,5.762711864406779,9.152542372881356,85.08474576271186,10.847457627118644,74.23728813559322
E00150668,298,41,14,27,257,34,223,13.758389261744966,4.697986577181208,9.060402684563758,86.24161073825503,11.409395973154362,74.83221476510067
E00150669,315,54,21,33,261,32,229,17.142857142857142,6.666666666666667,10.476190476190476,82.85714285714286,10.158730158730158,72.6984126984127
E00150671,346,74,22,52,272,28,244,21.38728323699422,6.358381502890173,15.028901734104046,78.61271676300578,8.092485549132949,70.52023121387283
E00150672,353,63,24,39,290,36,254,17.847025495750707,6.79886685552408,11.048158640226628,82.15297450424929,10.198300283286118,71.95467422096317
E00150673,275,49,14,35,226,17,209,17.81818181818182,5.090909090909091,12.727272727272727,82.18181818181817,6.181818181818182,76
E00150674,348,82,36,46,266,30,236,23.563218390804597,10.344827586206897,13.218390804597702,76.4367816091954,8.620689655172415,67.81609195402298
E00150675,266,42,18,24,224,19,205,15.789473684210526,6.7669172932330826,9.022556390977442,84.21052631578947,7.142857142857142,77.06766917293233
E00150676,325,67,25,42,258,23,235,20.615384615384617,7.6923076923076925,12.923076923076923,79.38461538461539,7.076923076923077,72.3076923076923
E00150677,264,44,15,29,220,31,189,16.666666666666664,5.681818181818182,10.984848484848484,83.33333333333334,11.742424242424242,71.5909090909091
E00150678,278,52,20,32,226,24,202,18.705035971223023,7.1942446043165464,11.510791366906476,81.29496402877699,8.633093525179856,72.66187050359713
E00150679,288,81,43,38,207,22,185,28.125,14.930555555555555,13.194444444444445,71.875,7.638888888888889,64.23611111111111
E00150680,301,41,16,25,260,25,235,13.621262458471762,5.3156146179401995,8.305647840531561,86.37873754152824,8.305647840531561,78.07308970099668
E00150681,209,31,4,27,178,20,158,14.832535885167463,1.9138755980861244,12.918660287081341,85.16746411483254,9.569377990430622,75.5980861244019
E00150682,465,69,33,36,396,40,356,14.838709677419354,7.096774193548387,7.741935483870968,85.16129032258064,8.60215053763441,76.55913978494624
E00150683,382,79,26,53,303,24,279,20.680628272251308,6.806282722513089,13.874345549738221,79.31937172774869,6.282722513089005,73.03664921465969
E00150684,258,36,9,27,222,24,198,13.953488372093023,3.488372093023256,10.465116279069768,86.04651162790698,9.30232558139535,76.74418604651163
E00150685,336,52,19,33,284,20,264,15.476190476190476,5.654761904761905,9.821428571428571,84.52380952380952,5.952380952380952,78.57142857142857
E00150686,320,61,22,39,259,27,232,19.0625,6.875000000000001,12.1875,80.9375,8.4375,72.5
E00150687,270,29,9,20,241,25,216,10.74074074074074,3.3333333333333335,7.4074074074074066,89.25925925925927,9.25925925925926,80
E00150688,339,132,68,64,207,33,174,38.93805309734513,20.058997050147493,18.87905604719764,61.06194690265486,9.734513274336283,51.32743362831859
E00150689,293,51,15,36,242,29,213,17.4061433447099,5.1194539249146755,12.286689419795222,82.5938566552901,9.897610921501707,72.6962457337884
E00150690,286,59,8,51,227,23,204,20.62937062937063,2.797202797202797,17.832167832167833,79.37062937062937,8.041958041958042,71.32867132867133
E00150691,317,47,15,32,270,25,245,14.826498422712934,4.73186119873817,10.094637223974763,85.17350157728707,7.886435331230284,77.28706624605678
E00150692,224,49,25,24,175,20,155,21.875,11.160714285714286,10.714285714285714,78.125,8.928571428571429,69.19642857142857
E00150693,358,45,13,32,313,34,279,12.569832402234638,3.6312849162011176,8.938547486033519,87.43016759776536,9.497206703910614,77.93296089385476
E00150694,270,39,14,25,231,21,210,14.444444444444443,5.185185185185185,9.25925925925926,85.55555555555556,7.777777777777778,77.77777777777779
E00150695,265,49,20,29,216,24,192,18.49056603773585,7.547169811320755,10.943396226415095,81.50943396226415,9.056603773584905,72.45283018867924
E00150696,223,62,18,44,161,8,153,27.802690582959645,8.071748878923767,19.730941704035875,72.19730941704036,3.587443946188341,68.60986547085201
E00150697,269,54,21,33,215,21,194,20.074349442379184,7.806691449814126,12.267657992565056,79.92565055762083,7.806691449814126,72.11895910780669
E00150698,261,79,38,41,182,28,154,30.268199233716476,14.559386973180077,15.708812260536398,69.73180076628353,10.727969348659004,59.00383141762452
E00150699,249,53,23,30,196,23,173,21.285140562248998,9.236947791164658,12.048192771084338,78.714859437751,9.236947791164658,69.47791164658635
E00150700,286,80,30,50,206,14,192,27.972027972027973,10.48951048951049,17.482517482517483,72.02797202797203,4.895104895104895,67.13286713286713
E00150701,299,50,15,35,249,19,230,16.722408026755854,5.016722408026756,11.705685618729097,83.27759197324414,6.354515050167224,76.92307692307693
E00150702,260,46,12,34,214,24,190,17.692307692307693,4.615384615384616,13.076923076923078,82.3076923076923,9.230769230769232,73.07692307692307
E00150703,239,36,14,22,203,22,181,15.062761506276152,5.857740585774058,9.205020920502092,84.93723849372385,9.205020920502092,75.73221757322176
E00150704,254,50,17,33,204,14,190,19.68503937007874,6.692913385826772,12.992125984251967,80.31496062992126,5.511811023622047,74.80314960629921
E00150705,313,54,20,34,259,26,233,17.252396166134183,6.3897763578274756,10.86261980830671,82.74760383386581,8.30670926517572,74.4408945686901
E00150706,255,35,14,21,220,22,198,13.725490196078432,5.490196078431373,8.235294117647058,86.27450980392157,8.627450980392156,77.64705882352942
E00150707,152,59,31,28,93,13,80,38.81578947368421,20.394736842105264,18.421052631578945,61.18421052631579,8.552631578947368,52.63157894736842
E00150708,255,68,29,39,187,21,166,26.666666666666668,11.372549019607844,15.294117647058824,73.33333333333333,8.235294117647058,65.09803921568627
E00150709,257,39,12,27,218,16,202,15.17509727626459,4.669260700389105,10.505836575875486,84.8249027237354,6.22568093385214,78.59922178988327
E00150710,229,58,26,32,171,22,149,25.327510917030565,11.353711790393014,13.973799126637553,74.67248908296943,9.606986899563319,65.06550218340611
E00150711,184,34,19,15,150,25,125,18.478260869565215,10.326086956521738,8.152173913043478,81.52173913043478,13.586956521739129,67.93478260869566
E00150712,261,53,11,42,208,35,173,20.306513409961685,4.21455938697318,16.091954022988507,79.6934865900383,13.409961685823754,66.28352490421456
E00150713,250,43,14,29,207,25,182,17.2,5.6000000000000005,11.600000000000001,82.8,10,72.8
E00150714,283,40,11,29,243,23,220,14.13427561837456,3.8869257950530036,10.247349823321555,85.86572438162544,8.12720848056537,77.73851590106007
E00150715,298,44,17,27,254,18,236,14.76510067114094,5.704697986577181,9.060402684563758,85.23489932885906,6.0402684563758395,79.19463087248322
E00150716,332,61,24,37,271,30,241,18.373493975903614,7.228915662650602,11.144578313253012,81.62650602409639,9.036144578313253,72.59036144578313
E00150717,268,45,22,23,223,27,196,16.791044776119403,8.208955223880597,8.582089552238806,83.2089552238806,10.074626865671641,73.13432835820896
E00150718,179,46,19,27,133,11,122,25.69832402234637,10.614525139664805,15.083798882681565,74.30167597765363,6.145251396648044,68.15642458100558
E00150719,265,47,24,23,218,23,195,17.735849056603772,9.056603773584905,8.679245283018867,82.26415094339623,8.679245283018867,73.58490566037736
E00150720,445,162,103,59,283,30,253,36.40449438202247,23.146067415730336,13.258426966292136,63.59550561797753,6.741573033707865,56.853932584269664
E00150721,303,30,12,18,273,22,251,9.900990099009901,3.9603960396039604,5.9405940594059405,90.0990099009901,7.2607260726072615,82.83828382838284
E00150722,234,49,15,34,185,17,168,20.94017094017094,6.41025641025641,14.529914529914532,79.05982905982906,7.264957264957266,71.7948717948718
E00150723,317,56,18,38,261,22,239,17.665615141955836,5.678233438485805,11.987381703470032,82.33438485804416,6.940063091482649,75.39432176656152
E00150724,309,59,22,37,250,32,218,19.093851132686083,7.119741100323624,11.974110032362459,80.90614886731392,10.355987055016183,70.55016181229773
E00150725,306,64,34,30,242,27,215,20.915032679738562,11.11111111111111,9.803921568627452,79.08496732026144,8.823529411764707,70.26143790849673
E00150726,300,43,18,25,257,26,231,14.333333333333334,6,8.333333333333332,85.66666666666667,8.666666666666668,77
E00150727,314,43,21,22,271,22,249,13.694267515923567,6.687898089171974,7.006369426751593,86.30573248407643,7.006369426751593,79.29936305732484
E00150728,289,43,18,25,246,30,216,14.878892733564014,6.228373702422145,8.650519031141869,85.12110726643598,10.380622837370241,74.74048442906575
E00150729,328,53,23,30,275,25,250,16.158536585365855,7.01219512195122,9.146341463414634,83.84146341463415,7.621951219512195,76.21951219512195
E00150730,315,54,18,36,261,15,246,17.142857142857142,5.714285714285714,11.428571428571429,82.85714285714286,4.761904761904762,78.0952380952381
E00150731,342,53,26,27,289,31,258,15.497076023391813,7.602339181286549,7.894736842105263,84.50292397660819,9.064327485380117,75.43859649122807
E00150732,295,68,31,37,227,20,207,23.050847457627118,10.508474576271185,12.54237288135593,76.94915254237287,6.779661016949152,70.16949152542374
E00150733,309,78,39,39,231,20,211,25.24271844660194,12.62135922330097,12.62135922330097,74.75728155339806,6.472491909385113,68.28478964401295
E00150734,310,46,14,32,264,36,228,14.838709677419354,4.516129032258064,10.32258064516129,85.16129032258064,11.612903225806452,73.54838709677419
E00150735,306,60,20,40,246,18,228,19.607843137254903,6.535947712418301,13.071895424836603,80.3921568627451,5.88235294117647,74.50980392156863
E00150736,307,47,11,36,260,27,233,15.309446254071663,3.5830618892508146,11.726384364820847,84.69055374592834,8.794788273615636,75.8957654723127
E00150737,220,42,13,29,178,30,148,19.090909090909093,5.909090909090909,13.18181818181818,80.9090909090909,13.636363636363635,67.27272727272727
E00150738,349,98,42,56,251,32,219,28.08022922636103,12.034383954154727,16.045845272206304,71.91977077363897,9.169054441260744,62.75071633237822
E00150739,281,58,16,42,223,25,198,20.640569395017792,5.6939501779359425,14.94661921708185,79.35943060498221,8.896797153024911,70.46263345195729
E00150740,280,50,14,36,230,18,212,17.857142857142858,5,12.857142857142856,82.14285714285714,6.428571428571428,75.71428571428571
E00150741,282,50,21,29,232,19,213,17.73049645390071,7.446808510638298,10.28368794326241,82.26950354609929,6.73758865248227,75.53191489361703
E00150742,253,67,26,41,186,19,167,26.48221343873518,10.276679841897234,16.205533596837945,73.51778656126481,7.5098814229249005,66.00790513833992
E00150743,337,88,44,44,249,21,228,26.112759643916917,13.056379821958458,13.056379821958458,73.88724035608308,6.231454005934718,67.65578635014838
E00150744,276,50,20,30,226,23,203,18.115942028985508,7.246376811594203,10.869565217391305,81.88405797101449,8.333333333333332,73.55072463768117
E00150745,249,57,23,34,192,17,175,22.89156626506024,9.236947791164658,13.654618473895583,77.10843373493977,6.827309236947792,70.28112449799197
E00150746,276,54,25,29,222,18,204,19.565217391304348,9.057971014492754,10.507246376811594,80.43478260869566,6.521739130434782,73.91304347826086
E00150747,309,42,18,24,267,31,236,13.592233009708737,5.825242718446602,7.766990291262135,86.40776699029125,10.032362459546926,76.37540453074433
E00150748,284,57,24,33,227,20,207,20.070422535211268,8.450704225352112,11.619718309859154,79.92957746478874,7.042253521126761,72.88732394366197
E00150749,253,47,19,28,206,24,182,18.57707509881423,7.5098814229249005,11.067193675889328,81.42292490118577,9.486166007905137,71.93675889328063
E00150751,149,19,5,14,130,12,118,12.751677852348994,3.3557046979865772,9.395973154362416,87.24832214765101,8.053691275167784,79.19463087248322
E00150752,329,54,23,31,275,34,241,16.41337386018237,6.990881458966565,9.422492401215806,83.58662613981764,10.33434650455927,73.25227963525836
E00150753,463,65,29,36,398,38,360,14.038876889848812,6.263498920086392,7.775377969762419,85.96112311015118,8.207343412526997,77.7537796976242
E00150754,199,57,24,33,142,16,126,28.643216080402013,12.060301507537687,16.582914572864322,71.35678391959799,8.040201005025125,63.31658291457286
E00150755,360,69,33,36,291,25,266,19.166666666666668,9.166666666666666,10,80.83333333333333,6.944444444444445,73.88888888888889
E00150756,202,83,43,40,119,16,103,41.089108910891085,21.287128712871286,19.801980198019802,58.91089108910891,7.920792079207921,50.99009900990099
E00150757,280,73,34,39,207,19,188,26.071428571428573,12.142857142857142,13.928571428571429,73.92857142857143,6.785714285714286,67.14285714285714
E00150758,243,45,11,34,198,19,179,18.51851851851852,4.526748971193416,13.991769547325102,81.48148148148148,7.818930041152264,73.66255144032921
E00150759,208,30,9,21,178,22,156,14.423076923076922,4.326923076923077,10.096153846153847,85.57692307692307,10.576923076923077,75
E00150760,251,49,19,30,202,18,184,19.52191235059761,7.569721115537849,11.952191235059761,80.47808764940238,7.171314741035857,73.30677290836654
E00150761,191,42,12,30,149,18,131,21.98952879581152,6.282722513089005,15.706806282722512,78.01047120418848,9.424083769633508,68.58638743455498
E00150762,243,58,16,42,185,15,170,23.868312757201647,6.584362139917696,17.28395061728395,76.13168724279835,6.172839506172839,69.95884773662551
E00150763,258,24,7,17,234,29,205,9.30232558139535,2.7131782945736433,6.5891472868217065,90.69767441860465,11.24031007751938,79.45736434108527
E00150764,305,58,25,33,247,27,220,19.01639344262295,8.19672131147541,10.819672131147541,80.98360655737706,8.852459016393443,72.1311475409836
E00150765,319,51,17,34,268,23,245,15.987460815047022,5.329153605015674,10.658307210031348,84.01253918495298,7.210031347962382,76.8025078369906
E00150766,348,54,16,38,294,25,269,15.517241379310345,4.597701149425287,10.919540229885058,84.48275862068965,7.183908045977011,77.29885057471265
E00150767,309,95,47,48,214,23,191,30.74433656957929,15.210355987055015,15.53398058252427,69.25566343042071,7.443365695792881,61.81229773462783
E00150768,219,71,36,35,148,27,121,32.42009132420091,16.43835616438356,15.981735159817351,67.57990867579909,12.32876712328767,55.25114155251142
E00150769,247,69,26,43,178,22,156,27.93522267206478,10.526315789473683,17.408906882591094,72.06477732793523,8.906882591093117,63.1578947368421
E00150770,247,59,22,37,188,27,161,23.88663967611336,8.906882591093117,14.979757085020243,76.11336032388664,10.931174089068826,65.18218623481782
E00150771,261,43,14,29,218,22,196,16.47509578544061,5.363984674329502,11.11111111111111,83.5249042145594,8.42911877394636,75.09578544061303
E00150772,270,68,31,37,202,14,188,25.185185185185183,11.481481481481481,13.703703703703704,74.81481481481481,5.185185185185185,69.62962962962963
E00150773,295,76,26,50,219,17,202,25.76271186440678,8.813559322033898,16.94915254237288,74.23728813559322,5.762711864406779,68.47457627118644
E00150774,274,39,11,28,235,24,211,14.233576642335766,4.014598540145985,10.218978102189782,85.76642335766424,8.75912408759124,77.00729927007299
E00150775,290,42,13,29,248,32,216,14.482758620689657,4.482758620689655,10,85.51724137931035,11.03448275862069,74.48275862068967
E00150776,290,54,15,39,236,24,212,18.620689655172416,5.172413793103448,13.448275862068964,81.37931034482759,8.275862068965518,73.10344827586206
E00150777,279,49,17,32,230,31,199,17.562724014336915,6.093189964157706,11.469534050179211,82.43727598566308,11.11111111111111,71.32616487455196
E00150778,268,33,8,25,235,22,213,12.313432835820896,2.9850746268656714,9.328358208955224,87.68656716417911,8.208955223880597,79.47761194029852
E00150779,299,30,8,22,269,29,240,10.033444816053512,2.6755852842809364,7.357859531772576,89.96655518394648,9.698996655518394,80.2675585284281
E00150780,209,63,24,39,146,12,134,30.14354066985646,11.483253588516746,18.660287081339714,69.85645933014354,5.741626794258373,64.11483253588517
E00150781,272,67,29,38,205,21,184,24.63235294117647,10.661764705882353,13.970588235294118,75.36764705882352,7.720588235294118,67.64705882352942
E00150782,262,65,35,30,197,13,184,24.80916030534351,13.358778625954198,11.450381679389313,75.19083969465649,4.961832061068702,70.22900763358778
E00150783,303,46,12,34,257,20,237,15.181518151815181,3.9603960396039604,11.221122112211221,84.81848184818482,6.6006600660066,78.21782178217822
E00150784,232,71,34,37,161,16,145,30.603448275862068,14.655172413793101,15.948275862068966,69.39655172413794,6.896551724137931,62.5
E00150785,272,80,29,51,192,17,175,29.411764705882355,10.661764705882353,18.75,70.58823529411765,6.25,64.33823529411765
E00150786,311,59,28,31,252,24,228,18.971061093247588,9.003215434083602,9.967845659163988,81.02893890675242,7.717041800643088,73.31189710610933
E00150787,277,69,30,39,208,26,182,24.90974729241877,10.830324909747292,14.079422382671481,75.09025270758123,9.386281588447654,65.70397111913357
E00150788,266,70,38,32,196,11,185,26.31578947368421,14.285714285714285,12.030075187969924,73.68421052631578,4.135338345864661,69.54887218045113
E00150789,259,73,39,34,186,17,169,28.185328185328185,15.057915057915059,13.127413127413126,71.81467181467181,6.563706563706563,65.25096525096525
E00150790,296,57,20,37,239,19,220,19.256756756756758,6.756756756756757,12.5,80.74324324324324,6.418918918918918,74.32432432432432
E00150791,208,51,19,32,157,17,140,24.519230769230766,9.134615384615383,15.384615384615385,75.48076923076923,8.173076923076923,67.3076923076923
E00150792,598,95,44,51,503,31,472,15.88628762541806,7.357859531772576,8.528428093645484,84.11371237458194,5.183946488294314,78.92976588628763
E00150793,288,56,24,32,232,17,215,19.444444444444446,8.333333333333332,11.11111111111111,80.55555555555556,5.902777777777778,74.65277777777779
E00150795,266,71,24,47,195,19,176,26.691729323308273,9.022556390977442,17.669172932330827,73.30827067669173,7.142857142857142,66.16541353383458
E00150796,191,58,34,24,133,14,119,30.36649214659686,17.801047120418847,12.56544502617801,69.63350785340315,7.329842931937172,62.30366492146597
E00150797,201,46,23,23,155,12,143,22.885572139303484,11.442786069651742,11.442786069651742,77.11442786069652,5.970149253731343,71.14427860696517
E00150798,341,82,34,48,259,23,236,24.04692082111437,9.970674486803519,14.076246334310852,75.95307917888563,6.744868035190615,69.20821114369502
E00150799,239,51,17,34,188,19,169,21.338912133891213,7.112970711297072,14.225941422594143,78.66108786610879,7.949790794979079,70.7112970711297
E00150800,302,71,33,38,231,24,207,23.509933774834437,10.927152317880795,12.582781456953644,76.49006622516556,7.9470198675496695,68.54304635761589
E00150801,272,56,26,30,216,30,186,20.588235294117645,9.558823529411764,11.029411764705882,79.41176470588235,11.029411764705882,68.38235294117648
E00150802,256,48,22,26,208,13,195,18.75,8.59375,10.15625,81.25,5.078125,76.171875
E00150803,245,66,30,36,179,23,156,26.93877551020408,12.244897959183673,14.69387755102041,73.06122448979592,9.387755102040817,63.6734693877551
E00150804,249,47,24,23,202,29,173,18.87550200803213,9.63855421686747,9.236947791164658,81.12449799196787,11.646586345381527,69.47791164658635
E00150805,242,59,27,32,183,21,162,24.380165289256198,11.15702479338843,13.223140495867769,75.6198347107438,8.677685950413224,66.94214876033058
E00150806,247,56,24,32,191,14,177,22.672064777327936,9.7165991902834,12.955465587044534,77.32793522267207,5.668016194331984,71.65991902834008
E00150807,297,71,25,46,226,23,203,23.905723905723907,8.417508417508419,15.488215488215488,76.0942760942761,7.744107744107744,68.35016835016835
E00150808,278,58,29,29,220,25,195,20.863309352517987,10.431654676258994,10.431654676258994,79.13669064748201,8.992805755395683,70.14388489208633
E00150809,240,57,19,38,183,20,163,23.75,7.916666666666666,15.833333333333332,76.25,8.333333333333332,67.91666666666667
E00150810,288,66,35,31,222,20,202,22.916666666666664,12.152777777777777,10.76388888888889,77.08333333333334,6.944444444444445,70.13888888888889
E00150811,190,61,29,32,129,18,111,32.10526315789474,15.263157894736842,16.842105263157894,67.89473684210526,9.473684210526317,58.42105263157895
E00150812,209,66,35,31,143,14,129,31.57894736842105,16.74641148325359,14.832535885167463,68.42105263157895,6.698564593301436,61.72248803827751
E00150813,554,106,45,61,448,35,413,19.133574007220215,8.12274368231047,11.010830324909747,80.86642599277978,6.31768953068592,74.54873646209387
E00150814,270,73,39,34,197,18,179,27.037037037037038,14.444444444444443,12.592592592592592,72.96296296296296,6.666666666666667,66.2962962962963
E00150815,340,88,32,56,252,17,235,25.882352941176475,9.411764705882353,16.470588235294116,74.11764705882354,5,69.11764705882352
E00150816,260,63,24,39,197,25,172,24.23076923076923,9.230769230769232,15,75.76923076923077,9.615384615384617,66.15384615384615
E00150817,276,61,36,25,215,23,192,22.10144927536232,13.043478260869565,9.057971014492754,77.89855072463769,8.333333333333332,69.56521739130434
E00150818,301,79,31,48,222,20,202,26.245847176079735,10.299003322259136,15.946843853820598,73.75415282392026,6.64451827242525,67.109634551495
E00150819,249,53,20,33,196,18,178,21.285140562248998,8.032128514056225,13.253012048192772,78.714859437751,7.228915662650602,71.4859437751004
E00150820,320,56,24,32,264,24,240,17.5,7.5,10,82.5,7.5,75
E00150821,294,42,15,27,252,24,228,14.285714285714285,5.1020408163265305,9.183673469387756,85.71428571428571,8.16326530612245,77.55102040816327
E00150822,363,72,23,49,291,30,261,19.834710743801654,6.336088154269973,13.498622589531681,80.16528925619835,8.264462809917356,71.900826446281
E00150823,215,43,18,25,172,20,152,20,8.372093023255815,11.627906976744185,80,9.30232558139535,70.69767441860465
E00150824,346,31,9,22,315,34,281,8.959537572254336,2.601156069364162,6.358381502890173,91.04046242774567,9.826589595375722,81.21387283236994
E00150825,273,51,28,23,222,17,205,18.681318681318682,10.256410256410255,8.424908424908425,81.31868131868131,6.227106227106227,75.0915750915751
E00150826,133,52,26,26,81,11,70,39.097744360902254,19.548872180451127,19.548872180451127,60.902255639097746,8.270676691729323,52.63157894736842
E00150827,287,54,15,39,233,21,212,18.81533101045296,5.2264808362369335,13.588850174216027,81.18466898954703,7.317073170731707,73.86759581881533
E00150828,314,65,19,46,249,24,225,20.70063694267516,6.050955414012739,14.64968152866242,79.29936305732484,7.643312101910828,71.656050955414
E00150829,409,74,28,46,335,44,291,18.09290953545232,6.845965770171149,11.246943765281173,81.90709046454768,10.757946210268948,71.14914425427872
E00150830,276,58,25,33,218,10,208,21.014492753623188,9.057971014492754,11.956521739130435,78.98550724637681,3.6231884057971016,75.36231884057972
E00150832,199,48,15,33,151,28,123,24.120603015075375,7.537688442211055,16.582914572864322,75.87939698492463,14.07035175879397,61.80904522613066
E00150833,202,33,12,21,169,18,151,16.33663366336634,5.9405940594059405,10.396039603960396,83.66336633663366,8.91089108910891,74.75247524752476
E00150834,255,113,57,56,142,13,129,44.31372549019608,22.35294117647059,21.96078431372549,55.68627450980392,5.098039215686274,50.588235294117645
E00150835,208,59,33,26,149,16,133,28.365384615384613,15.865384615384615,12.5,71.63461538461539,7.6923076923076925,63.942307692307686
E00150836,512,94,30,64,418,38,380,18.359375,5.859375,12.5,81.640625,7.421875,74.21875
E00150837,245,82,32,50,163,19,144,33.46938775510204,13.061224489795919,20.408163265306122,66.53061224489795,7.755102040816326,58.77551020408164
E00150838,407,159,87,72,248,28,220,39.06633906633907,21.375921375921376,17.69041769041769,60.93366093366094,6.87960687960688,54.054054054054056
E00150839,114,50,32,18,64,7,57,43.859649122807014,28.07017543859649,15.789473684210526,56.14035087719298,6.140350877192982,50
E00150840,266,72,32,40,194,19,175,27.06766917293233,12.030075187969924,15.037593984962406,72.93233082706767,7.142857142857142,65.78947368421053
E00150841,193,47,24,23,146,19,127,24.352331606217618,12.435233160621761,11.917098445595855,75.64766839378238,9.844559585492227,65.80310880829016
E00150842,403,61,20,41,342,37,305,15.136476426799009,4.962779156327544,10.173697270471465,84.863523573201,9.181141439205955,75.68238213399503
E00150844,245,54,26,28,191,19,172,22.040816326530614,10.612244897959183,11.428571428571429,77.9591836734694,7.755102040816326,70.20408163265306
E00150845,299,61,23,38,238,18,220,20.401337792642142,7.6923076923076925,12.709030100334449,79.59866220735786,6.0200668896321075,73.57859531772574
E00150846,205,74,40,34,131,12,119,36.09756097560975,19.51219512195122,16.585365853658537,63.90243902439025,5.853658536585367,58.048780487804876
E00150847,273,94,35,59,179,19,160,34.43223443223443,12.82051282051282,21.611721611721613,65.56776556776556,6.95970695970696,58.60805860805861
E00150848,254,44,20,24,210,15,195,17.322834645669293,7.874015748031496,9.448818897637794,82.67716535433071,5.905511811023622,76.77165354330708
E00150849,264,53,24,29,211,17,194,20.075757575757574,9.090909090909092,10.984848484848484,79.92424242424242,6.4393939393939394,73.48484848484848
E00150850,294,33,3,30,261,27,234,11.224489795918368,1.0204081632653061,10.204081632653061,88.77551020408163,9.183673469387756,79.59183673469387
E00150851,313,40,11,29,273,39,234,12.779552715654951,3.5143769968051117,9.26517571884984,87.22044728434504,12.460063897763577,74.76038338658148
E00150852,266,40,14,26,226,29,197,15.037593984962406,5.263157894736842,9.774436090225564,84.9624060150376,10.902255639097744,74.06015037593986
E00150853,253,60,24,36,193,21,172,23.715415019762844,9.486166007905137,14.229249011857709,76.28458498023716,8.300395256916996,67.98418972332016
E00150854,333,45,10,35,288,35,253,13.513513513513514,3.003003003003003,10.51051051051051,86.48648648648648,10.51051051051051,75.97597597597597
E00150855,358,71,22,49,287,39,248,19.832402234636874,6.145251396648044,13.687150837988826,80.16759776536313,10.893854748603351,69.27374301675978
E00150856,316,66,25,41,250,29,221,20.88607594936709,7.9113924050632916,12.974683544303797,79.11392405063292,9.177215189873419,69.9367088607595
E00150857,321,48,14,34,273,37,236,14.953271028037381,4.361370716510903,10.59190031152648,85.04672897196261,11.526479750778815,73.5202492211838
E00150858,355,38,12,26,317,39,278,10.704225352112676,3.3802816901408446,7.323943661971831,89.29577464788733,10.985915492957748,78.30985915492957
E00150859,302,67,26,41,235,26,209,22.185430463576157,8.609271523178808,13.57615894039735,77.81456953642383,8.609271523178808,69.20529801324503
E00150860,289,39,8,31,250,25,225,13.494809688581316,2.768166089965398,10.726643598615917,86.50519031141869,8.650519031141869,77.85467128027682
E00150861,281,42,12,30,239,28,211,14.94661921708185,4.270462633451958,10.676156583629894,85.05338078291815,9.9644128113879,75.08896797153025
E00150862,272,26,6,20,246,15,231,9.558823529411764,2.2058823529411766,7.352941176470589,90.44117647058823,5.514705882352941,84.92647058823529
E00150863,325,61,26,35,264,27,237,18.76923076923077,8,10.76923076923077,81.23076923076923,8.307692307692308,72.92307692307692
E00150864,299,65,20,45,234,21,213,21.73913043478261,6.688963210702341,15.050167224080269,78.26086956521739,7.023411371237458,71.23745819397993
E00150865,287,59,22,37,228,33,195,20.557491289198605,7.665505226480835,12.89198606271777,79.44250871080139,11.498257839721255,67.94425087108013
E00150866,346,65,30,35,281,21,260,18.786127167630056,8.670520231213873,10.115606936416185,81.21387283236994,6.069364161849711,75.14450867052022
E00150867,254,71,35,36,183,20,163,27.95275590551181,13.779527559055119,14.173228346456693,72.04724409448819,7.874015748031496,64.1732283464567
E00150868,262,48,22,26,214,24,190,18.3206106870229,8.396946564885496,9.923664122137405,81.67938931297711,9.16030534351145,72.51908396946564
E00150869,260,54,17,37,206,16,190,20.76923076923077,6.538461538461539,14.23076923076923,79.23076923076923,6.153846153846154,73.07692307692307
E00150870,303,55,23,32,248,25,223,18.151815181518153,7.590759075907591,10.561056105610561,81.84818481848185,8.25082508250825,73.5973597359736
E00150871,220,45,17,28,175,16,159,20.454545454545457,7.727272727272727,12.727272727272727,79.54545454545455,7.2727272727272725,72.27272727272728
E00150872,250,51,19,32,199,25,174,20.4,7.6,12.8,79.60000000000001,10,69.6
E00150873,265,41,14,27,224,19,205,15.471698113207546,5.283018867924529,10.18867924528302,84.52830188679246,7.169811320754717,77.35849056603774
E00150875,298,55,14,41,243,16,227,18.456375838926174,4.697986577181208,13.758389261744966,81.54362416107382,5.369127516778524,76.1744966442953
E00150876,288,89,50,39,199,16,183,30.90277777777778,17.36111111111111,13.541666666666666,69.09722222222221,5.555555555555555,63.541666666666664
E00150877,353,89,45,44,264,34,230,25.21246458923513,12.747875354107649,12.464589235127479,74.78753541076487,9.631728045325778,65.15580736543909
E00150878,250,40,13,27,210,21,189,16,5.2,10.8,84,8.4,75.6
E00150879,331,87,51,36,244,31,213,26.283987915407852,15.407854984894259,10.876132930513595,73.71601208459214,9.365558912386707,64.35045317220543
E00150880,274,63,27,36,211,22,189,22.99270072992701,9.854014598540147,13.138686131386862,77.00729927007299,8.02919708029197,68.97810218978103
E00150881,278,32,11,21,246,24,222,11.510791366906476,3.9568345323741005,7.553956834532374,88.48920863309353,8.633093525179856,79.85611510791367
E00150882,295,48,18,30,247,26,221,16.271186440677965,6.101694915254238,10.16949152542373,83.72881355932203,8.813559322033898,74.91525423728814
E00150883,253,48,15,33,205,24,181,18.972332015810274,5.928853754940711,13.043478260869565,81.02766798418972,9.486166007905137,71.54150197628458
E00150884,248,52,21,31,196,30,166,20.967741935483872,8.46774193548387,12.5,79.03225806451613,12.096774193548388,66.93548387096774
E00150885,227,55,26,29,172,14,158,24.229074889867842,11.45374449339207,12.77533039647577,75.77092511013215,6.167400881057269,69.60352422907489
E00150886,318,49,20,29,269,25,244,15.40880503144654,6.289308176100629,9.119496855345911,84.59119496855347,7.861635220125786,76.72955974842768
E00150887,246,45,20,25,201,19,182,18.29268292682927,8.130081300813007,10.16260162601626,81.70731707317073,7.723577235772358,73.98373983739837
E00150888,208,49,19,30,159,28,131,23.557692307692307,9.134615384615383,14.423076923076922,76.4423076923077,13.461538461538462,62.980769230769226
E00172346,161,17,4,13,144,13,131,10.559006211180124,2.484472049689441,8.074534161490684,89.44099378881988,8.074534161490684,81.36645962732919
E00172347,209,48,20,28,161,16,145,22.966507177033492,9.569377990430622,13.397129186602871,77.03349282296651,7.655502392344498,69.377990430622
E00172349,265,51,21,30,214,23,191,19.245283018867926,7.9245283018867925,11.320754716981133,80.75471698113208,8.679245283018867,72.0754716981132
E00172350,376,37,10,27,339,29,310,9.840425531914894,2.6595744680851063,7.180851063829788,90.1595744680851,7.712765957446808,82.4468085106383
E00172352,291,51,15,36,240,23,217,17.525773195876287,5.154639175257731,12.371134020618557,82.4742268041237,7.903780068728522,74.5704467353952
E00172353,314,41,19,22,273,25,248,13.05732484076433,6.050955414012739,7.006369426751593,86.94267515923568,7.961783439490445,78.98089171974523
E00172354,1815,321,59,262,1494,140,1354,17.68595041322314,3.2506887052341593,14.43526170798898,82.31404958677686,7.7134986225895315,74.60055096418733
E00172355,479,105,31,74,374,29,345,21.920668058455114,6.471816283924843,15.44885177453027,78.07933194154488,6.05427974947808,72.02505219206681
E00172356,314,42,10,32,272,23,249,13.375796178343949,3.1847133757961785,10.191082802547772,86.62420382165605,7.32484076433121,79.29936305732484
E00172357,123,46,22,24,77,9,68,37.39837398373984,17.88617886178862,19.51219512195122,62.601626016260155,7.317073170731707,55.28455284552846
E00172358,509,103,53,50,406,25,381,20.23575638506876,10.412573673870334,9.823182711198427,79.76424361493125,4.911591355599214,74.85265225933202
E00172360,208,42,10,32,166,17,149,20.192307692307693,4.807692307692308,15.384615384615385,79.8076923076923,8.173076923076923,71.63461538461539
E00179351,360,68,15,53,292,25,267,18.88888888888889,4.166666666666666,14.722222222222223,81.11111111111111,6.944444444444445,74.16666666666667
E00179355,375,32,10,22,343,34,309,8.533333333333333,2.666666666666667,5.866666666666666,91.46666666666667,9.066666666666666,82.39999999999999
E00179356,336,34,13,21,302,19,283,10.119047619047619,3.869047619047619,6.25,89.88095238095238,5.654761904761905,84.22619047619048
E00179359,254,66,30,36,188,13,175,25.984251968503933,11.811023622047244,14.173228346456693,74.01574803149606,5.118110236220472,68.89763779527559
E00179360,293,140,76,64,153,12,141,47.781569965870304,25.938566552901023,21.843003412969285,52.218430034129696,4.09556313993174,48.122866894197955
E00179365,317,29,6,23,288,25,263,9.14826498422713,1.8927444794952681,7.255520504731862,90.85173501577287,7.886435331230284,82.96529968454259
E00179370,351,36,8,28,315,28,287,10.256410256410255,2.2792022792022792,7.977207977207977,89.74358974358975,7.977207977207977,81.76638176638177
E00179380,226,41,17,24,185,14,171,18.141592920353983,7.52212389380531,10.619469026548673,81.85840707964603,6.1946902654867255,75.66371681415929
E00179383,374,33,11,22,341,24,317,8.823529411764707,2.941176470588235,5.88235294117647,91.17647058823529,6.417112299465241,84.75935828877004
E00179390,292,53,21,32,239,17,222,18.15068493150685,7.191780821917808,10.95890410958904,81.84931506849315,5.821917808219178,76.02739726027397
E00179395,113,27,16,11,86,9,77,23.893805309734514,14.15929203539823,9.734513274336283,76.10619469026548,7.964601769911504,68.14159292035397
E00179396,143,40,22,18,103,5,98,27.972027972027973,15.384615384615385,12.587412587412588,72.02797202797203,3.4965034965034967,68.53146853146853
E00179407,226,64,26,38,162,10,152,28.31858407079646,11.504424778761061,16.8141592920354,71.68141592920354,4.424778761061947,67.2566371681416
E00179408,321,67,25,42,254,25,229,20.87227414330218,7.78816199376947,13.084112149532709,79.12772585669782,7.78816199376947,71.33956386292834
E00179415,460,75,27,48,385,27,358,16.304347826086957,5.869565217391305,10.434782608695652,83.69565217391305,5.869565217391305,77.82608695652173
E00179423,324,35,15,20,289,13,276,10.802469135802468,4.62962962962963,6.172839506172839,89.19753086419753,4.012345679012346,85.18518518518519
