OA,ts0380001,ts0380002,ts0380003,ts0380004,ts0380005,ts0380006,ts0380007,ts0380002_PCT,ts0380003_PCT,ts0380004_PCT,ts0380005_PCT,ts0380006_PCT,ts0380007_PCT
E00006910,378,41,22,19,337,24,313,10.846560846560847,5.82010582010582,5.026455026455026,89.15343915343915,6.349206349206349,82.8042328042328
E00006911,223,43,23,20,180,14,166,19.282511210762333,10.31390134529148,8.968609865470851,80.71748878923766,6.278026905829597,74.43946188340807
E00006912,396,38,17,21,358,10,348,9.595959595959595,4.292929292929292,5.303030303030303,90.40404040404042,2.525252525252525,87.87878787878788
E00006913,384,54,25,29,330,15,315,14.0625,6.510416666666667,7.552083333333333,85.9375,3.90625,82.03125
E00006914,279,38,8,30,241,15,226,13.620071684587815,2.867383512544803,10.75268817204301,86.37992831541219,5.376344086021505,81.00358422939068
E00006915,302,52,24,28,250,18,232,17.218543046357617,7.9470198675496695,9.271523178807946,82.78145695364239,5.960264900662252,76.82119205298014
E00006916,302,33,12,21,269,13,256,10.927152317880795,3.9735099337748347,6.95364238410596,89.0728476821192,4.304635761589404,84.76821192052981
E00006917,338,37,8,29,301,17,284,10.946745562130179,2.366863905325444,8.579881656804734,89.05325443786982,5.029585798816568,84.02366863905326
E00006918,374,41,15,26,333,7,326,10.962566844919785,4.0106951871657754,6.951871657754011,89.03743315508021,1.8716577540106951,87.16577540106952
E00006920,439,29,12,17,410,14,396,6.605922551252847,2.733485193621868,3.8724373576309796,93.39407744874715,3.189066059225513,90.20501138952164
E00006921,354,62,32,30,292,17,275,17.51412429378531,9.03954802259887,8.47457627118644,82.485875706214685,4.80225988700565,77.68361581920904
E00006922,330,38,11,27,292,20,272,11.515151515151516,3.3333333333333335,8.181818181818182,88.48484848484848,6.0606060606060606,82.42424242424242
E00006923,396,46,18,28,350,25,325,11.616161616161616,4.545454545454546,7.07070707070707,88.38383838383838,6.313131313131313,82.07070707070707
E00006924,347,33,15,18,314,6,308,9.510086455331413,4.322766570605188,5.187319884726225,90.48991354466858,1.729106628242075,88.76080691642652
E00006925,297,33,17,16,264,15,249,11.11111111111111,5.723905723905724,5.387205387205387,88.88888888888889,5.05050505050505,83.83838383838383
E00006926,353,43,12,31,310,25,285,12.181303116147308,3.39943342776204,8.78186968838527,87.81869688385268,7.0821529745042495,80.73654390934844
E00006927,451,72,35,37,379,14,365,15.96452328159645,7.760532150776053,8.2039911308204,84.03547671840354,3.1042128603104215,80.93126385809313
E00006928,381,74,43,31,307,17,290,19.42257217847769,11.286089238845145,8.136482939632545,80.5774278215223,4.4619422572178475,76.11548556430446
E00006929,439,45,20,25,394,15,379,10.250569476082005,4.555808656036446,5.694760820045558,89.749430523918,3.416856492027335,86.33257403189066
E00006930,455,67,37,30,388,22,366,14.725274725274726,8.131868131868131,6.593406593406594,85.27472527472527,4.835164835164836,80.43956043956044
E00006931,334,48,24,24,286,8,278,14.37125748502994,7.18562874251497,7.18562874251497,85.62874251497006,2.3952095808383236,83.23353293413174
E00006932,327,39,17,22,288,18,270,11.926605504587156,5.198776758409786,6.727828746177369,88.07339449541286,5.5045871559633035,82.56880733944955
E00006933,375,43,18,25,332,17,315,11.466666666666667,4.8,6.666666666666667,88.53333333333333,4.533333333333333,84
E00006934,408,55,23,32,353,27,326,13.480392156862745,5.637254901960785,7.8431372549019605,86.51960784313727,6.61764705882353,79.90196078431373
E00006935,375,57,21,36,318,25,293,15.2,5.6000000000000005,9.6,84.8,6.666666666666667,78.13333333333333
E00006936,330,48,19,29,282,12,270,14.545454545454545,5.757575757575758,8.787878787878787,85.45454545454545,3.6363636363636362,81.81818181818183
E00006937,494,75,36,39,419,13,406,15.182186234817813,7.28744939271255,7.894736842105263,84.81781376518218,2.631578947368421,82.18623481781377
E00006938,372,47,20,27,325,17,308,12.634408602150538,5.376344086021505,7.258064516129033,87.36559139784946,4.56989247311828,82.79569892473118
E00006939,219,33,13,20,186,7,179,15.068493150684931,5.93607305936073,9.1324200913242,84.93150684931507,3.1963470319634704,81.7351598173516
E00006940,605,61,33,28,544,22,522,10.082644628099173,5.454545454545454,4.628099173553719,89.91735537190083,3.6363636363636362,86.2809917355372
E00006941,370,53,16,37,317,15,302,14.324324324324325,4.324324324324325,10,85.67567567567568,4.054054054054054,81.62162162162161
E00006942,415,42,16,26,373,29,344,10.120481927710843,3.8554216867469884,6.265060240963856,89.87951807228916,6.987951807228916,82.89156626506025
E00006943,394,52,18,34,342,24,318,13.19796954314721,4.568527918781726,8.629441624365482,86.80203045685279,6.091370558375635,80.71065989847716
E00006944,285,49,23,26,236,9,227,17.192982456140353,8.070175438596491,9.12280701754386,82.80701754385966,3.1578947368421053,79.64912280701755
E00006945,378,44,20,24,334,17,317,11.64021164021164,5.291005291005291,6.349206349206349,88.35978835978835,4.497354497354497,83.86243386243386
E00006946,390,53,25,28,337,21,316,13.58974358974359,6.41025641025641,7.179487179487179,86.41025641025641,5.384615384615385,81.02564102564102
E00006947,354,30,8,22,324,22,302,8.47457627118644,2.2598870056497176,6.214689265536723,91.52542372881356,6.214689265536723,85.31073446327684
E00006948,325,25,8,17,300,17,283,7.6923076923076925,2.4615384615384617,5.230769230769231,92.3076923076923,5.230769230769231,87.07692307692308
E00006949,363,52,27,25,311,30,281,14.325068870523417,7.43801652892562,6.887052341597796,85.67493112947659,8.264462809917356,77.41046831955923
E00006950,331,25,15,10,306,17,289,7.552870090634441,4.531722054380665,3.0211480362537766,92.44712990936556,5.13595166163142,87.31117824773413
E00006951,291,28,11,17,263,20,243,9.621993127147768,3.7800687285223367,5.841924398625429,90.37800687285224,6.872852233676976,83.50515463917526
E00006952,292,83,49,34,209,10,199,28.424657534246577,16.78082191780822,11.643835616438356,71.57534246575342,3.4246575342465753,68.15068493150685
E00006953,352,49,17,32,303,31,272,13.920454545454545,4.829545454545454,9.090909090909092,86.07954545454545,8.806818181818182,77.27272727272727
E00006954,333,39,13,26,294,23,271,11.711711711711711,3.903903903903904,7.807807807807808,88.28828828828829,6.906906906906906,81.38138138138137
E00006955,321,34,10,24,287,18,269,10.59190031152648,3.115264797507788,7.476635514018691,89.40809968847351,5.607476635514018,83.8006230529595
E00006956,335,38,12,26,297,24,273,11.343283582089553,3.582089552238806,7.761194029850746,88.65671641791046,7.164179104477612,81.49253731343283
E00006957,327,40,12,28,287,10,277,12.232415902140673,3.669724770642202,8.56269113149847,87.76758409785933,3.058103975535168,84.70948012232415
E00006958,355,39,22,17,316,22,294,10.985915492957748,6.197183098591549,4.788732394366197,89.01408450704226,6.197183098591549,82.8169014084507
E00006959,280,40,14,26,240,17,223,14.285714285714285,5,9.285714285714286,85.71428571428571,6.071428571428571,79.64285714285714
E00006960,294,65,23,42,229,20,209,22.108843537414966,7.8231292517006805,14.285714285714285,77.89115646258503,6.802721088435375,71.08843537414967
E00006961,370,69,26,43,301,16,285,18.64864864864865,7.027027027027027,11.621621621621623,81.35135135135135,4.324324324324325,77.02702702702703
E00006962,296,40,19,21,256,16,240,13.513513513513514,6.418918918918918,7.094594594594595,86.48648648648648,5.405405405405405,81.08108108108108
E00006963,514,65,27,38,449,13,436,12.645914396887159,5.252918287937743,7.392996108949417,87.35408560311284,2.529182879377432,84.8249027237354
E00006964,338,27,7,20,311,15,296,7.988165680473373,2.0710059171597637,5.9171597633136095,92.01183431952663,4.437869822485207,87.57396449704143
E00006965,330,53,22,31,277,15,262,16.060606060606062,6.666666666666667,9.393939393939393,83.93939393939394,4.545454545454546,79.39393939393939
E00006966,313,21,7,14,292,20,272,6.7092651757188495,2.2364217252396164,4.472843450479233,93.29073482428115,6.3897763578274756,86.90095846645367
E00006967,178,27,16,11,151,9,142,15.168539325842698,8.98876404494382,6.179775280898876,84.8314606741573,5.056179775280898,79.7752808988764
E00006968,497,74,28,46,423,31,392,14.88933601609658,5.633802816901409,9.25553319919517,85.11066398390342,6.237424547283702,78.87323943661971
E00006969,347,42,19,23,305,13,292,12.103746397694524,5.475504322766571,6.628242074927954,87.89625360230548,3.7463976945244957,84.14985590778097
E00006970,337,32,13,19,305,26,279,9.495548961424333,3.857566765578635,5.637982195845697,90.50445103857567,7.71513353115727,82.7893175074184
E00006971,306,41,19,22,265,13,252,13.398692810457517,6.209150326797386,7.18954248366013,86.60130718954248,4.248366013071895,82.35294117647058
E00006972,366,34,14,20,332,21,311,9.289617486338798,3.825136612021858,5.46448087431694,90.7103825136612,5.737704918032787,84.97267759562843
E00006973,491,56,30,26,435,24,411,11.405295315682281,6.109979633401222,5.295315682281059,88.59470468431772,4.887983706720977,83.70672097759673
E00006974,383,49,20,29,334,12,322,12.793733681462141,5.221932114882506,7.5718015665796345,87.20626631853786,3.1331592689295036,84.07310704960835
E00006975,345,49,25,24,296,14,282,14.202898550724639,7.246376811594203,6.956521739130435,85.79710144927536,4.057971014492753,81.73913043478261
E00006976,382,51,24,27,331,12,319,13.350785340314136,6.282722513089005,7.068062827225131,86.64921465968587,3.1413612565445024,83.50785340314137
E00006977,370,51,25,26,319,19,300,13.783783783783784,6.756756756756757,7.027027027027027,86.21621621621621,5.135135135135135,81.08108108108108
E00006978,350,70,30,40,280,17,263,20,8.571428571428571,11.428571428571429,80,4.857142857142857,75.14285714285714
E00006979,258,52,18,34,206,16,190,20.155038759689923,6.976744186046512,13.178294573643413,79.84496124031007,6.2015503875969,73.64341085271317
E00006980,329,40,20,20,289,12,277,12.158054711246201,6.079027355623101,6.079027355623101,87.84194528875379,3.64741641337386,84.19452887537993
E00006981,327,45,20,25,282,26,256,13.761467889908257,6.116207951070336,7.64525993883792,86.23853211009175,7.951070336391437,78.2874617737003
E00006982,282,28,14,14,254,21,233,9.929078014184398,4.964539007092199,4.964539007092199,90.0709219858156,7.446808510638298,82.62411347517731
E00006983,385,104,82,22,281,19,262,27.01298701298701,21.298701298701296,5.714285714285714,72.98701298701299,4.935064935064935,68.05194805194805
E00006984,325,36,12,24,289,24,265,11.076923076923077,3.6923076923076925,7.384615384615385,88.92307692307693,7.384615384615385,81.53846153846153
E00006985,326,43,20,23,283,15,268,13.190184049079754,6.134969325153374,7.05521472392638,86.80981595092024,4.601226993865031,82.20858895705521
E00006986,351,56,26,30,295,11,284,15.954415954415953,7.4074074074074066,8.547008547008547,84.04558404558404,3.133903133903134,80.91168091168092
E00006987,301,76,49,27,225,11,214,25.249169435215947,16.27906976744186,8.970099667774086,74.75083056478405,3.6544850498338874,71.09634551495017
E00006988,381,49,25,24,332,22,310,12.860892388451445,6.561679790026247,6.299212598425196,87.13910761154857,5.774278215223097,81.36482939632546
E00006989,387,37,15,22,350,14,336,9.560723514211885,3.875968992248062,5.684754521963824,90.43927648578811,3.6175710594315245,86.82170542635659
E00006990,222,26,10,16,196,16,180,11.711711711711711,4.504504504504505,7.207207207207207,88.28828828828829,7.207207207207207,81.08108108108108
E00006991,344,106,68,38,238,18,220,30.813953488372093,19.767441860465116,11.046511627906977,69.18604651162791,5.232558139534884,63.95348837209303
E00006992,327,39,18,21,288,21,267,11.926605504587156,5.5045871559633035,6.422018348623854,88.07339449541286,6.422018348623854,81.65137614678899
E00006993,304,53,25,28,251,15,236,17.434210526315788,8.223684210526317,9.210526315789473,82.56578947368422,4.934210526315789,77.63157894736842
E00006994,332,39,15,24,293,24,269,11.74698795180723,4.518072289156627,7.228915662650602,88.25301204819277,7.228915662650602,81.02409638554217
E00006995,308,37,13,24,271,9,262,12.012987012987013,4.220779220779221,7.792207792207792,87.98701298701299,2.922077922077922,85.06493506493507
E00006996,265,31,14,17,234,16,218,11.69811320754717,5.283018867924529,6.415094339622642,88.30188679245283,6.037735849056604,82.26415094339623
E00006997,352,53,22,31,299,16,283,15.056818181818182,6.25,8.806818181818182,84.94318181818183,4.545454545454546,80.39772727272727
E00006998,322,56,18,38,266,27,239,17.391304347826086,5.590062111801243,11.801242236024844,82.6086956521739,8.385093167701864,74.22360248447205
E00006999,360,55,29,26,305,17,288,15.277777777777779,8.055555555555555,7.222222222222221,84.72222222222221,4.722222222222222,80
E00007000,283,30,11,19,253,14,239,10.60070671378092,3.8869257950530036,6.713780918727916,89.39929328621908,4.946996466431095,84.45229681978799
E00007001,344,50,19,31,294,16,278,14.534883720930234,5.523255813953488,9.011627906976743,85.46511627906976,4.651162790697675,80.81395348837209
E00007002,317,36,19,17,281,14,267,11.35646687697161,5.993690851735016,5.3627760252365935,88.64353312302839,4.416403785488959,84.22712933753942
E00007003,445,80,37,43,365,20,345,17.97752808988764,8.314606741573034,9.662921348314606,82.02247191011236,4.49438202247191,77.52808988764045
E00007004,320,43,22,21,277,21,256,13.4375,6.875000000000001,6.5625,86.5625,6.5625,80
E00007005,333,40,13,27,293,21,272,12.012012012012011,3.903903903903904,8.108108108108109,87.98798798798799,6.306306306306306,81.68168168168168
E00007006,191,31,20,11,160,6,154,16.230366492146597,10.471204188481675,5.7591623036649215,83.7696335078534,3.1413612565445024,80.6282722513089
E00007007,322,43,19,24,279,20,259,13.354037267080745,5.900621118012422,7.453416149068323,86.64596273291926,6.211180124223603,80.43478260869566
E00007008,311,41,19,22,270,13,257,13.183279742765272,6.109324758842444,7.07395498392283,86.81672025723472,4.180064308681672,82.63665594855306
E00007009,276,54,26,28,222,11,211,19.565217391304348,9.420289855072465,10.144927536231885,80.43478260869566,3.985507246376811,76.44927536231883
E00007010,303,99,80,19,204,10,194,32.67326732673268,26.4026402640264,6.270627062706271,67.32673267326733,3.3003300330033,64.02640264026402
E00007011,201,57,28,29,144,6,138,28.35820895522388,13.930348258706468,14.427860696517413,71.64179104477611,2.9850746268656714,68.65671641791045
E00007012,355,45,18,27,310,16,294,12.676056338028168,5.070422535211268,7.605633802816901,87.32394366197182,4.507042253521127,82.8169014084507
E00007013,370,56,32,24,314,15,299,15.135135135135137,8.64864864864865,6.486486486486487,84.86486486486487,4.054054054054054,80.8108108108108
E00007014,388,62,22,40,326,21,305,15.979381443298967,5.670103092783505,10.309278350515463,84.02061855670104,5.412371134020619,78.6082474226804
E00007015,268,31,13,18,237,21,216,11.567164179104477,4.850746268656716,6.7164179104477615,88.43283582089553,7.835820895522389,80.59701492537313
E00007016,567,65,33,32,502,7,495,11.46384479717813,5.82010582010582,5.64373897707231,88.53615520282186,1.2345679012345678,87.3015873015873
E00007017,276,87,47,40,189,13,176,31.521739130434785,17.02898550724638,14.492753623188406,68.47826086956522,4.710144927536232,63.76811594202898
E00007019,334,33,11,22,301,21,280,9.880239520958083,3.293413173652695,6.58682634730539,90.11976047904191,6.287425149700598,83.8323353293413
E00007020,328,49,22,27,279,17,262,14.939024390243901,6.707317073170732,8.231707317073171,85.0609756097561,5.182926829268292,79.8780487804878
E00007021,224,41,25,16,183,17,166,18.303571428571427,11.160714285714286,7.142857142857142,81.69642857142857,7.5892857142857135,74.10714285714286
E00007022,354,37,10,27,317,26,291,10.451977401129943,2.824858757062147,7.627118644067797,89.54802259887006,7.344632768361582,82.20338983050848
E00007023,207,30,9,21,177,15,162,14.492753623188406,4.3478260869565215,10.144927536231885,85.5072463768116,7.246376811594203,78.26086956521739
E00007024,272,43,20,23,229,22,207,15.808823529411764,7.352941176470589,8.455882352941178,84.19117647058823,8.088235294117647,76.10294117647058
E00007025,248,33,15,18,215,29,186,13.306451612903224,6.048387096774194,7.258064516129033,86.69354838709677,11.693548387096774,75
E00007027,312,49,23,26,263,16,247,15.705128205128204,7.371794871794872,8.333333333333332,84.2948717948718,5.128205128205128,79.16666666666666
E00007028,292,54,27,27,238,11,227,18.493150684931507,9.246575342465754,9.246575342465754,81.5068493150685,3.767123287671233,77.73972602739725
E00007029,364,48,22,26,316,30,286,13.186813186813188,6.043956043956044,7.142857142857142,86.81318681318682,8.241758241758241,78.57142857142857
E00007030,296,40,15,25,256,20,236,13.513513513513514,5.0675675675675675,8.445945945945946,86.48648648648648,6.756756756756757,79.72972972972973
E00007031,396,68,33,35,328,14,314,17.17171717171717,8.333333333333332,8.83838383838384,82.82828282828282,3.535353535353535,79.29292929292929
E00007032,257,44,18,26,213,17,196,17.120622568093385,7.003891050583658,10.116731517509727,82.87937743190662,6.614785992217899,76.26459143968872
E00007033,440,91,37,54,349,23,326,20.681818181818183,8.409090909090908,12.272727272727273,79.31818181818183,5.227272727272727,74.0909090909091
E00007034,258,63,31,32,195,7,188,24.418604651162788,12.015503875968992,12.4031007751938,75.5813953488372,2.7131782945736433,72.86821705426357
E00007035,394,28,10,18,366,32,334,7.1065989847715745,2.5380710659898478,4.568527918781726,92.89340101522842,8.121827411167512,84.77157360406092
E00007036,334,32,9,23,302,14,288,9.580838323353294,2.694610778443114,6.88622754491018,90.41916167664671,4.191616766467066,86.22754491017965
E00007037,277,42,26,16,235,10,225,15.162454873646208,9.386281588447654,5.776173285198556,84.83754512635379,3.6101083032490973,81.2274368231047
E00007038,335,69,39,30,266,21,245,20.597014925373134,11.641791044776118,8.955223880597014,79.40298507462687,6.26865671641791,73.13432835820896
E00007039,314,30,8,22,284,22,262,9.554140127388536,2.547770700636943,7.006369426751593,90.44585987261146,7.006369426751593,83.43949044585987
E00007040,362,57,26,31,305,24,281,15.745856353591158,7.18232044198895,8.56353591160221,84.25414364640883,6.629834254143646,77.62430939226519
E00007041,350,51,24,27,299,7,292,14.571428571428571,6.857142857142858,7.7142857142857135,85.42857142857143,2,83.42857142857143
E00007042,347,46,20,26,301,20,281,13.256484149855908,5.763688760806916,7.492795389048991,86.74351585014409,5.763688760806916,80.97982708933718
E00007043,409,58,23,35,351,19,332,14.180929095354522,5.623471882640587,8.557457212713937,85.81907090464547,4.645476772616137,81.17359413202934
E00007044,329,44,17,27,285,17,268,13.37386018237082,5.167173252279635,8.206686930091186,86.62613981762918,5.167173252279635,81.45896656534954
E00007045,398,84,46,38,314,4,310,21.105527638190953,11.557788944723619,9.547738693467336,78.89447236180904,1.0050251256281406,77.88944723618091
E00007047,416,110,74,36,306,18,288,26.442307692307693,17.78846153846154,8.653846153846153,73.5576923076923,4.326923076923077,69.23076923076923
E00007049,442,48,25,23,394,14,380,10.85972850678733,5.656108597285068,5.203619909502263,89.14027149321268,3.167420814479638,85.97285067873304
E00007050,413,33,15,18,380,8,372,7.990314769975787,3.631961259079903,4.358353510895883,92.00968523002422,1.937046004842615,90.07263922518159
E00007052,422,50,17,33,372,31,341,11.848341232227488,4.028436018957346,7.819905213270142,88.15165876777252,7.345971563981042,80.80568720379146
E00007053,376,58,31,27,318,24,294,15.425531914893616,8.24468085106383,7.180851063829788,84.57446808510637,6.382978723404255,78.19148936170212
E00007054,416,37,10,27,379,19,360,8.89423076923077,2.403846153846154,6.490384615384616,91.10576923076923,4.567307692307692,86.53846153846155
E00007055,428,47,18,29,381,19,362,10.981308411214954,4.205607476635514,6.775700934579438,89.01869158878505,4.439252336448598,84.57943925233646
E00007056,498,81,55,26,417,26,391,16.265060240963855,11.04417670682731,5.220883534136546,83.73493975903614,5.220883534136546,78.5140562248996
E00007057,451,39,8,31,412,23,389,8.647450110864744,1.7738359201773837,6.873614190687362,91.35254988913526,5.099778270509978,86.25277161862527
E00007058,277,40,24,16,237,14,223,14.440433212996389,8.664259927797833,5.776173285198556,85.5595667870036,5.054151624548736,80.50541516245488
E00007059,297,59,24,35,238,14,224,19.865319865319865,8.080808080808081,11.784511784511785,80.13468013468014,4.713804713804714,75.42087542087542
E00007060,339,44,20,24,295,12,283,12.979351032448378,5.899705014749262,7.079646017699115,87.02064896755162,3.5398230088495577,83.48082595870207
E00007061,429,69,33,36,360,22,338,16.083916083916083,7.6923076923076925,8.391608391608392,83.91608391608392,5.128205128205128,78.78787878787878
E00007062,273,19,7,12,254,6,248,6.95970695970696,2.564102564102564,4.395604395604396,93.04029304029304,2.197802197802198,90.84249084249085
E00007063,351,47,20,27,304,21,283,13.390313390313391,5.698005698005698,7.6923076923076925,86.6096866096866,5.982905982905983,80.62678062678063
E00007064,196,62,38,24,134,7,127,31.63265306122449,19.387755102040817,12.244897959183673,68.36734693877551,3.571428571428571,64.79591836734694
E00007066,394,42,14,28,352,18,334,10.65989847715736,3.5532994923857872,7.1065989847715745,89.34010152284264,4.568527918781726,84.77157360406092
E00007067,343,63,29,34,280,10,270,18.367346938775512,8.454810495626822,9.912536443148689,81.63265306122449,2.9154518950437316,78.71720116618076
E00007068,293,51,26,25,242,20,222,17.4061433447099,8.873720136518772,8.532423208191126,82.5938566552901,6.825938566552901,75.76791808873719
E00007069,317,35,7,28,282,16,266,11.041009463722396,2.2082018927444795,8.832807570977918,88.95899053627761,5.047318611987381,83.91167192429022
E00007070,322,47,21,26,275,11,264,14.596273291925465,6.521739130434782,8.074534161490684,85.40372670807453,3.4161490683229814,81.98757763975155
E00007071,362,37,15,22,325,22,303,10.220994475138122,4.143646408839778,6.077348066298343,89.77900552486187,6.077348066298343,83.70165745856355
E00007072,345,39,11,28,306,17,289,11.304347826086957,3.1884057971014492,8.115942028985506,88.69565217391305,4.9275362318840585,83.76811594202898
E00007073,298,77,36,41,221,9,212,25.838926174496645,12.080536912751679,13.758389261744966,74.16107382550335,3.0201342281879198,71.14093959731544
E00007074,405,58,30,28,347,5,342,14.320987654320987,7.4074074074074066,6.91358024691358,85.67901234567901,1.2345679012345678,84.44444444444444
E00007075,378,55,32,23,323,14,309,14.550264550264549,8.465608465608465,6.084656084656085,85.44973544973546,3.7037037037037033,81.74603174603175
E00007076,533,67,32,35,466,11,455,12.570356472795496,6.0037523452157595,6.566604127579738,87.4296435272045,2.0637898686679175,85.36585365853658
E00007077,527,64,41,23,463,7,456,12.144212523719165,7.7798861480075905,4.364326375711575,87.85578747628084,1.3282732447817838,86.52751423149905
E00007078,544,63,28,35,481,14,467,11.580882352941178,5.147058823529411,6.4338235294117645,88.41911764705883,2.5735294117647056,85.84558823529412
E00007079,258,63,30,33,195,9,186,24.418604651162788,11.627906976744185,12.790697674418606,75.5813953488372,3.488372093023256,72.09302325581395
E00007080,302,45,22,23,257,6,251,14.90066225165563,7.28476821192053,7.6158940397351,85.09933774834437,1.9867549668874174,83.11258278145695
E00007081,429,61,31,30,368,15,353,14.219114219114218,7.226107226107226,6.993006993006993,85.78088578088578,3.4965034965034967,82.28438228438229
E00007082,229,31,15,16,198,4,194,13.537117903930133,6.550218340611353,6.986899563318777,86.46288209606988,1.7467248908296942,84.71615720524017
E00007083,409,66,31,35,343,18,325,16.13691931540342,7.579462102689487,8.557457212713937,83.86308068459658,4.400977995110025,79.46210268948656
E00007084,486,37,21,16,449,12,437,7.613168724279835,4.320987654320987,3.292181069958848,92.38683127572016,2.4691358024691357,89.91769547325103
E00007085,406,67,30,37,339,10,329,16.502463054187192,7.389162561576355,9.113300492610838,83.49753694581281,2.4630541871921183,81.03448275862068
E00007086,382,55,31,24,327,13,314,14.397905759162304,8.115183246073299,6.282722513089005,85.6020942408377,3.4031413612565444,82.19895287958116
E00007087,290,39,20,19,251,7,244,13.448275862068964,6.896551724137931,6.551724137931035,86.55172413793103,2.413793103448276,84.13793103448276
E00007088,398,69,34,35,329,13,316,17.33668341708543,8.542713567839195,8.793969849246231,82.66331658291458,3.2663316582914574,79.39698492462311
E00007089,356,67,35,32,289,10,279,18.820224719101123,9.831460674157304,8.98876404494382,81.17977528089888,2.8089887640449436,78.37078651685393
E00007090,329,40,16,24,289,13,276,12.158054711246201,4.86322188449848,7.29483282674772,87.84194528875379,3.951367781155015,83.89057750759878
E00007092,230,53,24,29,177,14,163,23.043478260869566,10.434782608695652,12.608695652173912,76.95652173913044,6.086956521739131,70.86956521739131
E00007093,166,35,14,21,131,4,127,21.084337349397593,8.433734939759036,12.650602409638553,78.91566265060241,2.4096385542168677,76.50602409638554
E00007094,372,59,35,24,313,9,304,15.86021505376344,9.408602150537634,6.451612903225806,84.13978494623656,2.4193548387096775,81.72043010752688
E00007096,252,52,31,21,200,9,191,20.634920634920633,12.3015873015873,8.333333333333332,79.36507936507937,3.571428571428571,75.79365079365078
E00007098,261,128,82,46,133,12,121,49.042145593869726,31.417624521072796,17.624521072796934,50.95785440613027,4.597701149425287,46.36015325670498
E00007099,425,40,21,19,385,20,365,9.411764705882353,4.941176470588235,4.470588235294118,90.58823529411765,4.705882352941177,85.88235294117646
E00007100,397,56,27,29,341,14,327,14.105793450881613,6.801007556675064,7.304785894206549,85.8942065491184,3.5264483627204033,82.36775818639799
E00007101,301,39,17,22,262,8,254,12.956810631229235,5.647840531561462,7.308970099667775,87.04318936877077,2.6578073089700998,84.38538205980066
E00007102,354,53,23,30,301,14,287,14.971751412429379,6.497175141242938,8.47457627118644,85.02824858757062,3.954802259887006,81.07344632768361
E00007103,288,47,20,27,241,3,238,16.319444444444446,6.944444444444445,9.375,83.68055555555556,1.0416666666666665,82.63888888888889
E00007105,329,49,29,20,280,6,274,14.893617021276595,8.814589665653495,6.079027355623101,85.1063829787234,1.82370820668693,83.28267477203647
E00007106,351,53,19,34,298,10,288,15.0997150997151,5.413105413105413,9.686609686609685,84.9002849002849,2.849002849002849,82.05128205128204
E00007107,297,51,26,25,246,12,234,17.17171717171717,8.754208754208754,8.417508417508419,82.82828282828282,4.040404040404041,78.78787878787878
E00007108,428,62,36,26,366,17,349,14.485981308411214,8.411214953271028,6.074766355140187,85.51401869158879,3.9719626168224296,81.54205607476635
E00007109,372,47,25,22,325,15,310,12.634408602150538,6.720430107526881,5.913978494623656,87.36559139784946,4.032258064516129,83.33333333333334
E00007110,403,64,29,35,339,13,326,15.88089330024814,7.196029776674938,8.6848635235732,84.11910669975185,3.225806451612903,80.89330024813896
E00007111,474,69,38,31,405,9,396,14.556962025316455,8.016877637130802,6.5400843881856545,85.44303797468355,1.89873417721519,83.54430379746836
E00007112,232,38,19,19,194,9,185,16.379310344827587,8.189655172413794,8.189655172413794,83.62068965517241,3.8793103448275863,79.74137931034483
E00007113,360,49,20,29,311,5,306,13.61111111111111,5.555555555555555,8.055555555555555,86.38888888888889,1.3888888888888888,85
E00007114,416,63,32,31,353,12,341,15.144230769230768,7.6923076923076925,7.451923076923077,84.85576923076923,2.8846153846153846,81.97115384615384
E00007115,368,41,19,22,327,13,314,11.141304347826086,5.163043478260869,5.978260869565218,88.8586956521739,3.532608695652174,85.32608695652173
E00007116,361,49,25,24,312,7,305,13.573407202216067,6.9252077562326875,6.64819944598338,86.42659279778393,1.9390581717451523,84.48753462603878
E00007117,347,55,35,20,292,20,272,15.85014409221902,10.086455331412104,5.763688760806916,84.14985590778097,5.763688760806916,78.38616714697406
E00007118,249,40,22,18,209,7,202,16.06425702811245,8.835341365461847,7.228915662650602,83.93574297188755,2.8112449799196786,81.12449799196787
E00007119,341,60,23,37,281,11,270,17.595307917888565,6.744868035190615,10.850439882697946,82.40469208211144,3.225806451612903,79.17888563049853
E00007120,345,52,29,23,293,8,285,15.072463768115943,8.405797101449275,6.666666666666667,84.92753623188406,2.318840579710145,82.6086956521739
E00007121,417,48,29,19,369,18,351,11.510791366906476,6.954436450839328,4.556354916067146,88.48920863309353,4.316546762589928,84.17266187050359
E00007122,278,47,20,27,231,10,221,16.906474820143885,7.1942446043165464,9.712230215827338,83.09352517985612,3.5971223021582732,79.49640287769785
E00007123,362,46,21,25,316,12,304,12.70718232044199,5.801104972375691,6.906077348066299,87.29281767955801,3.314917127071823,83.97790055248619
E00007124,444,76,37,39,368,18,350,17.117117117117118,8.333333333333332,8.783783783783784,82.88288288288288,4.054054054054054,78.82882882882883
E00007125,362,56,24,32,306,4,302,15.469613259668508,6.629834254143646,8.83977900552486,84.5303867403315,1.1049723756906076,83.42541436464089
E00007126,439,58,33,25,381,18,363,13.211845102505695,7.517084282460136,5.694760820045558,86.78815489749431,4.100227790432802,82.6879271070615
E00007127,476,54,29,25,422,21,401,11.344537815126051,6.092436974789916,5.2521008403361344,88.65546218487394,4.411764705882353,84.24369747899159
E00007128,428,51,26,25,377,20,357,11.91588785046729,6.074766355140187,5.841121495327103,88.08411214953271,4.672897196261682,83.41121495327103
E00007129,292,35,20,15,257,18,239,11.986301369863012,6.8493150684931505,5.136986301369863,88.01369863013699,6.164383561643835,81.84931506849315
E00007130,433,61,27,34,372,12,360,14.087759815242496,6.235565819861432,7.852193995381063,85.91224018475751,2.771362586605081,83.14087759815243
E00007131,416,76,29,47,340,8,332,18.269230769230766,6.971153846153847,11.298076923076923,81.73076923076923,1.9230769230769231,79.8076923076923
E00007132,334,49,26,23,285,12,273,14.67065868263473,7.784431137724551,6.88622754491018,85.32934131736528,3.592814371257485,81.73652694610777
E00007133,462,74,40,34,388,22,366,16.017316017316016,8.658008658008658,7.35930735930736,83.98268398268398,4.761904761904762,79.22077922077922
E00007134,398,65,37,28,333,10,323,16.331658291457288,9.296482412060302,7.035175879396985,83.66834170854271,2.512562814070352,81.15577889447236
E00007135,361,60,30,30,301,14,287,16.62049861495845,8.310249307479225,8.310249307479225,83.37950138504155,3.8781163434903045,79.50138504155125
E00007136,321,63,40,23,258,12,246,19.626168224299064,12.461059190031152,7.165109034267912,80.37383177570094,3.7383177570093453,76.63551401869158
E00007137,386,50,28,22,336,17,319,12.953367875647666,7.253886010362693,5.699481865284974,87.04663212435233,4.404145077720207,82.64248704663213
E00007138,352,52,23,29,300,20,280,14.772727272727273,6.534090909090909,8.238636363636363,85.22727272727273,5.681818181818182,79.54545454545455
E00007139,333,80,60,20,253,10,243,24.024024024024023,18.01801801801802,6.006006006006006,75.97597597597597,3.003003003003003,72.97297297297297
E00007140,400,62,29,33,338,20,318,15.5,7.249999999999999,8.25,84.5,5,79.5
E00007141,353,68,40,28,285,10,275,19.263456090651555,11.3314447592068,7.932011331444759,80.73654390934844,2.8328611898017,77.90368271954674
E00007142,294,75,48,27,219,7,212,25.510204081632654,16.3265306122449,9.183673469387756,74.48979591836735,2.380952380952381,72.10884353741497
E00007143,386,55,28,27,331,11,320,14.248704663212436,7.253886010362693,6.994818652849741,85.75129533678756,2.849740932642487,82.90155440414507
E00007144,385,55,29,26,330,14,316,14.285714285714285,7.532467532467532,6.753246753246753,85.71428571428571,3.6363636363636362,82.07792207792208
E00007146,264,24,14,10,240,9,231,9.090909090909092,5.303030303030303,3.787878787878788,90.9090909090909,3.4090909090909087,87.5
E00007147,355,43,16,27,312,13,299,12.112676056338028,4.507042253521127,7.605633802816901,87.88732394366198,3.6619718309859155,84.22535211267605
E00007148,329,63,29,34,266,9,257,19.148936170212767,8.814589665653495,10.33434650455927,80.85106382978722,2.735562310030395,78.11550151975683
E00007149,234,45,24,21,189,11,178,19.230769230769234,10.256410256410255,8.974358974358974,80.76923076923077,4.700854700854701,76.06837606837607
E00007150,240,33,16,17,207,9,198,13.750000000000002,6.666666666666667,7.083333333333333,86.25,3.75,82.5
E00007151,254,35,16,19,219,10,209,13.779527559055119,6.299212598425196,7.480314960629922,86.22047244094489,3.937007874015748,82.28346456692913
E00007152,198,41,23,18,157,1,156,20.707070707070706,11.616161616161616,9.090909090909092,79.29292929292929,0.5050505050505051,78.78787878787878
E00007153,422,45,23,22,377,11,366,10.66350710900474,5.450236966824645,5.213270142180095,89.33649289099526,2.6066350710900474,86.7298578199052
E00007154,321,64,35,29,257,13,244,19.937694704049843,10.903426791277258,9.034267912772584,80.06230529595015,4.049844236760125,76.01246105919003
E00007155,405,63,29,34,342,16,326,15.555555555555555,7.160493827160494,8.395061728395062,84.44444444444444,3.950617283950617,80.49382716049382
E00007156,589,80,29,51,509,35,474,13.582342954159593,4.923599320882852,8.65874363327674,86.41765704584041,5.942275042444821,80.4753820033956
E00007157,450,60,27,33,390,13,377,13.333333333333334,6,7.333333333333333,86.66666666666667,2.888888888888889,83.77777777777777
E00007158,391,53,30,23,338,12,326,13.554987212276215,7.672634271099745,5.88235294117647,86.44501278772378,3.0690537084398977,83.37595907928389
E00007159,393,63,36,27,330,16,314,16.030534351145036,9.16030534351145,6.870229007633588,83.96946564885496,4.071246819338422,79.89821882951654
E00007160,362,43,15,28,319,13,306,11.878453038674033,4.143646408839778,7.734806629834254,88.12154696132598,3.591160220994475,84.5303867403315
E00007161,397,64,33,31,333,25,308,16.120906801007557,8.312342569269521,7.8085642317380355,83.87909319899244,6.297229219143577,77.58186397984886
E00007162,349,52,19,33,297,6,291,14.899713467048711,5.444126074498568,9.455587392550143,85.10028653295129,1.7191977077363898,83.3810888252149
E00007163,412,34,13,21,378,14,364,8.25242718446602,3.1553398058252426,5.097087378640777,91.74757281553399,3.3980582524271843,88.3495145631068
E00007164,370,47,25,22,323,13,310,12.702702702702704,6.756756756756757,5.9459459459459465,87.29729729729729,3.5135135135135136,83.78378378378379
E00007165,423,37,14,23,386,16,370,8.747044917257684,3.309692671394799,5.4373522458628845,91.25295508274232,3.7825059101654848,87.47044917257683
E00007166,356,41,13,28,315,16,299,11.51685393258427,3.651685393258427,7.865168539325842,88.48314606741573,4.49438202247191,83.98876404494382
E00007167,330,69,32,37,261,5,256,20.909090909090907,9.696969696969697,11.212121212121213,79.0909090909091,1.5151515151515151,77.57575757575758
E00007168,337,56,27,29,281,15,266,16.61721068249258,8.011869436201781,8.605341246290802,83.38278931750742,4.451038575667656,78.93175074183976
E00007170,557,72,41,31,485,17,468,12.926391382405743,7.360861759425494,5.565529622980251,87.07360861759426,3.052064631956912,84.02154398563735
E00007171,280,79,39,40,201,7,194,28.214285714285715,13.928571428571429,14.285714285714285,71.78571428571429,2.5,69.28571428571428
E00007172,438,87,48,39,351,7,344,19.863013698630137,10.95890410958904,8.904109589041095,80.13698630136986,1.5981735159817352,78.53881278538812
E00007173,466,60,26,34,406,26,380,12.875536480686694,5.579399141630901,7.296137339055794,87.1244635193133,5.579399141630901,81.54506437768241
E00007174,385,52,23,29,333,16,317,13.506493506493506,5.974025974025974,7.532467532467532,86.49350649350649,4.1558441558441555,82.33766233766234
E00007175,286,46,19,27,240,13,227,16.083916083916083,6.643356643356643,9.44055944055944,83.91608391608392,4.545454545454546,79.37062937062937
E00007176,420,62,33,29,358,11,347,14.761904761904763,7.857142857142857,6.904761904761905,85.23809523809524,2.619047619047619,82.61904761904762
E00007177,468,54,17,37,414,12,402,11.538461538461538,3.632478632478633,7.905982905982905,88.46153846153845,2.564102564102564,85.8974358974359
E00007179,409,59,27,32,350,22,328,14.425427872860636,6.601466992665037,7.823960880195599,85.57457212713936,5.378973105134474,80.1955990220049
E00007180,321,57,31,26,264,10,254,17.75700934579439,9.657320872274143,8.09968847352025,82.2429906542056,3.115264797507788,79.12772585669782
E00007181,426,64,36,28,362,14,348,15.023474178403756,8.450704225352112,6.572769953051644,84.97652582159625,3.286384976525822,81.69014084507043
E00007182,307,34,13,21,273,12,261,11.074918566775244,4.234527687296417,6.840390879478828,88.92508143322475,3.908794788273615,85.01628664495115
E00007183,369,46,18,28,323,22,301,12.466124661246612,4.878048780487805,7.588075880758807,87.53387533875339,5.9620596205962055,81.57181571815718
E00007184,380,50,24,26,330,15,315,13.157894736842104,6.315789473684211,6.842105263157896,86.8421052631579,3.9473684210526314,82.89473684210526
E00007185,316,73,30,43,243,11,232,23.10126582278481,9.49367088607595,13.60759493670886,76.89873417721519,3.481012658227848,73.41772151898735
E00007186,364,57,23,34,307,12,295,15.659340659340659,6.318681318681318,9.340659340659341,84.34065934065934,3.296703296703297,81.04395604395604
E00007187,420,36,15,21,384,16,368,8.571428571428571,3.571428571428571,5,91.42857142857143,3.8095238095238098,87.61904761904762
E00007188,421,48,22,26,373,21,352,11.401425178147269,5.225653206650831,6.175771971496437,88.59857482185272,4.98812351543943,83.6104513064133
E00007189,355,45,16,29,310,12,298,12.676056338028168,4.507042253521127,8.169014084507042,87.32394366197182,3.3802816901408446,83.94366197183099
E00007191,493,73,29,44,420,14,406,14.807302231237324,5.88235294117647,8.924949290060852,85.19269776876268,2.839756592292089,82.35294117647058
E00007192,519,55,29,26,464,21,443,10.597302504816955,5.5876685934489405,5.009633911368015,89.40269749518305,4.046242774566474,85.35645472061657
E00007193,370,52,23,29,318,16,302,14.054054054054054,6.216216216216217,7.837837837837839,85.94594594594595,4.324324324324325,81.62162162162161
E00007194,410,49,17,32,361,14,347,11.951219512195122,4.146341463414634,7.804878048780488,88.04878048780488,3.414634146341464,84.6341463414634
E00007195,408,49,18,31,359,18,341,12.009803921568627,4.411764705882353,7.598039215686274,87.99019607843137,4.411764705882353,83.57843137254902
E00007196,338,55,27,28,283,9,274,16.272189349112427,7.988165680473373,8.284023668639055,83.72781065088756,2.6627218934911245,81.06508875739645
E00007197,337,62,23,39,275,13,262,18.397626112759642,6.824925816023739,11.572700296735905,81.60237388724035,3.857566765578635,77.74480712166172
E00007198,381,55,32,23,326,25,301,14.435695538057743,8.398950131233596,6.036745406824147,85.56430446194226,6.561679790026247,79.00262467191601
E00007199,347,56,29,27,291,13,278,16.138328530259365,8.357348703170029,7.780979827089338,83.86167146974063,3.7463976945244957,80.11527377521614
E00007200,373,62,33,29,311,13,298,16.621983914209114,8.847184986595174,7.774798927613941,83.37801608579089,3.485254691689008,79.89276139410187
E00007201,326,57,27,30,269,15,254,17.484662576687114,8.282208588957054,9.202453987730062,82.51533742331289,4.601226993865031,77.91411042944786
E00007202,312,52,25,27,260,5,255,16.666666666666664,8.012820512820513,8.653846153846153,83.33333333333334,1.6025641025641024,81.73076923076923
E00007203,355,54,23,31,301,16,285,15.211267605633802,6.478873239436619,8.732394366197182,84.78873239436619,4.507042253521127,80.28169014084507
E00007204,321,62,33,29,259,11,248,19.314641744548286,10.2803738317757,9.034267912772584,80.68535825545172,3.4267912772585665,77.25856697819314
E00007205,361,39,19,20,322,17,305,10.80332409972299,5.263157894736842,5.540166204986149,89.19667590027701,4.7091412742382275,84.48753462603878
E00007206,504,72,39,33,432,19,413,14.285714285714285,7.738095238095238,6.547619047619048,85.71428571428571,3.7698412698412698,81.94444444444444
E00007207,433,60,31,29,373,11,362,13.856812933025402,7.159353348729793,6.697459584295612,86.14318706697459,2.5404157043879905,83.60277136258661
E00007208,363,46,17,29,317,20,297,12.672176308539946,4.683195592286501,7.988980716253444,87.32782369146005,5.5096418732782375,81.81818181818183
E00007209,347,41,21,20,306,18,288,11.815561959654179,6.051873198847262,5.763688760806916,88.18443804034582,5.187319884726225,82.9971181556196
E00007210,297,32,12,20,265,27,238,10.774410774410773,4.040404040404041,6.7340067340067336,89.22558922558923,9.090909090909092,80.13468013468014
E00007211,450,41,12,29,409,27,382,9.11111111111111,2.666666666666667,6.444444444444445,90.88888888888889,6,84.88888888888889
E00007212,327,62,33,29,265,17,248,18.960244648318042,10.091743119266056,8.868501529051988,81.03975535168195,5.198776758409786,75.84097859327217
E00007213,290,47,18,29,243,18,225,16.206896551724135,6.206896551724138,10,83.79310344827586,6.206896551724138,77.58620689655173
E00007215,185,26,11,15,159,11,148,14.054054054054054,5.9459459459459465,8.108108108108109,85.94594594594595,5.9459459459459465,80
E00007216,276,35,16,19,241,18,223,12.681159420289855,5.797101449275362,6.884057971014493,87.31884057971014,6.521739130434782,80.79710144927536
E00007217,262,54,18,36,208,20,188,20.610687022900763,6.870229007633588,13.740458015267176,79.38931297709924,7.633587786259542,71.7557251908397
E00007218,261,36,15,21,225,11,214,13.793103448275861,5.747126436781609,8.045977011494253,86.20689655172413,4.21455938697318,81.99233716475096
E00007219,289,50,14,36,239,22,217,17.301038062283737,4.844290657439446,12.45674740484429,82.69896193771626,7.612456747404845,75.08650519031141
E00007220,324,53,26,27,271,9,262,16.358024691358025,8.024691358024691,8.333333333333332,83.64197530864197,2.7777777777777777,80.8641975308642
E00007221,443,67,27,40,376,30,346,15.124153498871332,6.094808126410835,9.029345372460497,84.87584650112868,6.772009029345373,78.1038374717833
E00007222,355,57,26,31,298,26,272,16.056338028169016,7.323943661971831,8.732394366197182,83.94366197183099,7.323943661971831,76.61971830985915
E00007223,272,28,12,16,244,17,227,10.294117647058822,4.411764705882353,5.88235294117647,89.70588235294117,6.25,83.45588235294117
E00007224,382,48,12,36,334,20,314,12.56544502617801,3.1413612565445024,9.424083769633508,87.43455497382199,5.2356020942408374,82.19895287958116
E00007225,423,38,16,22,385,31,354,8.983451536643026,3.7825059101654848,5.200945626477541,91.01654846335697,7.328605200945626,83.68794326241135
E00007226,311,23,8,15,288,17,271,7.395498392282958,2.572347266881029,4.823151125401929,92.60450160771704,5.466237942122187,87.13826366559485
E00007227,316,39,18,21,277,25,252,12.341772151898734,5.69620253164557,6.6455696202531636,87.65822784810126,7.9113924050632916,79.74683544303798
E00007228,379,48,18,30,331,24,307,12.66490765171504,4.749340369393139,7.9155672823219,87.33509234828496,6.33245382585752,81.00263852242745
E00007229,265,42,16,26,223,15,208,15.849056603773585,6.037735849056604,9.811320754716983,84.15094339622642,5.660377358490567,78.49056603773586
E00007230,353,37,14,23,316,20,296,10.48158640226629,3.9660056657223794,6.515580736543909,89.51841359773371,5.6657223796034,83.85269121813032
E00007231,347,34,10,24,313,20,293,9.798270893371757,2.881844380403458,6.9164265129683,90.20172910662824,5.763688760806916,84.43804034582134
E00007232,238,36,19,17,202,17,185,15.126050420168067,7.9831932773109235,7.142857142857142,84.87394957983193,7.142857142857142,77.73109243697479
E00007233,276,35,15,20,241,17,224,12.681159420289855,5.434782608695652,7.246376811594203,87.31884057971014,6.159420289855073,81.15942028985508
E00007234,387,46,15,31,341,26,315,11.886304909560723,3.875968992248062,8.010335917312661,88.11369509043928,6.718346253229974,81.3953488372093
E00007235,342,46,14,32,296,26,270,13.450292397660817,4.093567251461988,9.35672514619883,86.54970760233918,7.602339181286549,78.94736842105263
E00007236,349,41,17,24,308,21,287,11.74785100286533,4.871060171919771,6.876790830945559,88.25214899713467,6.017191977077363,82.23495702005731
E00007237,306,30,13,17,276,14,262,9.803921568627452,4.248366013071895,5.555555555555555,90.19607843137256,4.57516339869281,85.62091503267973
E00007238,246,31,13,18,215,11,204,12.601626016260163,5.284552845528456,7.317073170731707,87.39837398373984,4.471544715447155,82.92682926829268
E00007239,221,25,8,17,196,16,180,11.312217194570136,3.619909502262444,7.6923076923076925,88.68778280542986,7.239819004524888,81.44796380090497
E00007240,350,52,23,29,298,19,279,14.857142857142858,6.571428571428571,8.285714285714285,85.14285714285714,5.428571428571429,79.71428571428572
E00007241,366,34,10,24,332,31,301,9.289617486338798,2.73224043715847,6.557377049180328,90.7103825136612,8.469945355191257,82.24043715846994
E00007242,332,31,12,19,301,30,271,9.33734939759036,3.614457831325301,5.72289156626506,90.66265060240963,9.036144578313253,81.62650602409639
E00007243,311,27,11,16,284,12,272,8.681672025723474,3.536977491961415,5.144694533762058,91.31832797427653,3.858520900321544,87.45980707395499
E00007244,386,41,13,28,345,23,322,10.621761658031089,3.3678756476683938,7.253886010362693,89.37823834196891,5.958549222797927,83.41968911917098
E00007245,250,45,19,26,205,10,195,18,7.6,10.4,82,4,78
E00007246,296,31,10,21,265,13,252,10.472972972972974,3.3783783783783785,7.094594594594595,89.52702702702703,4.391891891891892,85.13513513513513
E00007247,297,28,15,13,269,12,257,9.427609427609427,5.05050505050505,4.377104377104377,90.57239057239057,4.040404040404041,86.53198653198653
E00007248,313,43,24,19,270,19,251,13.738019169329075,7.667731629392971,6.070287539936102,86.26198083067092,6.070287539936102,80.19169329073482
E00007249,408,50,31,19,358,9,349,12.254901960784313,7.598039215686274,4.6568627450980395,87.74509803921569,2.2058823529411766,85.5392156862745
E00007250,355,49,27,22,306,15,291,13.802816901408452,7.605633802816901,6.197183098591549,86.19718309859155,4.225352112676056,81.97183098591549
E00007251,315,33,19,14,282,11,271,10.476190476190476,6.031746031746032,4.444444444444445,89.52380952380953,3.492063492063492,86.03174603174604
E00007252,300,47,19,28,253,17,236,15.666666666666668,6.333333333333334,9.333333333333334,84.33333333333334,5.666666666666666,78.66666666666666
E00007253,440,52,28,24,388,21,367,11.818181818181818,6.363636363636363,5.454545454545454,88.18181818181819,4.772727272727273,83.4090909090909
E00007254,222,49,27,22,173,6,167,22.07207207207207,12.162162162162163,9.90990990990991,77.92792792792793,2.7027027027027026,75.22522522522522
E00007255,365,63,36,27,302,21,281,17.26027397260274,9.863013698630137,7.397260273972603,82.73972602739727,5.7534246575342465,76.98630136986301
E00007256,393,50,20,30,343,13,330,12.72264631043257,5.089058524173027,7.633587786259542,87.27735368956743,3.307888040712468,83.96946564885496
E00007257,436,68,34,34,368,10,358,15.59633027522936,7.79816513761468,7.79816513761468,84.40366972477065,2.293577981651376,82.11009174311926
E00007258,351,54,24,30,297,10,287,15.384615384615385,6.837606837606838,8.547008547008547,84.61538461538461,2.849002849002849,81.76638176638177
E00007259,430,91,53,38,339,13,326,21.16279069767442,12.325581395348838,8.837209302325581,78.83720930232559,3.0232558139534884,75.81395348837209
E00007260,471,66,45,21,405,21,384,14.012738853503185,9.554140127388536,4.45859872611465,85.98726114649682,4.45859872611465,81.52866242038218
E00007261,447,68,35,33,379,25,354,15.212527964205815,7.829977628635347,7.38255033557047,84.78747203579418,5.592841163310962,79.19463087248322
E00007262,386,34,18,16,352,14,338,8.808290155440414,4.66321243523316,4.145077720207254,91.19170984455958,3.6269430051813467,87.56476683937824
E00007263,377,47,19,28,330,14,316,12.46684350132626,5.039787798408488,7.427055702917771,87.53315649867373,3.7135278514588856,83.81962864721486
E00007264,367,39,15,24,328,9,319,10.626702997275205,4.087193460490464,6.539509536784741,89.3732970027248,2.452316076294278,86.92098092643052
E00007265,340,27,11,16,313,16,297,7.941176470588235,3.2352941176470593,4.705882352941177,92.05882352941175,4.705882352941177,87.3529411764706
E00007266,551,65,18,47,486,5,481,11.796733212341199,3.2667876588021776,8.52994555353902,88.2032667876588,0.9074410163339384,87.29582577132487
E00007267,415,28,13,15,387,17,370,6.746987951807229,3.132530120481928,3.614457831325301,93.25301204819277,4.096385542168675,89.1566265060241
E00007268,360,36,11,25,324,8,316,10,3.0555555555555554,6.944444444444445,90,2.2222222222222223,87.77777777777777
E00007269,329,45,23,22,284,14,270,13.677811550151976,6.990881458966565,6.68693009118541,86.32218844984803,4.25531914893617,82.06686930091185
E00007270,376,44,22,22,332,16,316,11.702127659574469,5.851063829787234,5.851063829787234,88.29787234042553,4.25531914893617,84.04255319148936
E00007271,376,50,31,19,326,15,311,13.297872340425531,8.24468085106383,5.053191489361701,86.70212765957447,3.9893617021276597,82.7127659574468
E00007272,472,48,13,35,424,24,400,10.16949152542373,2.754237288135593,7.415254237288135,89.83050847457628,5.084745762711865,84.7457627118644
E00007273,340,48,24,24,292,14,278,14.117647058823529,7.0588235294117645,7.0588235294117645,85.88235294117646,4.117647058823529,81.76470588235294
E00007274,337,48,19,29,289,10,279,14.243323442136498,5.637982195845697,8.605341246290802,85.7566765578635,2.967359050445104,82.7893175074184
E00007275,313,32,17,15,281,15,266,10.223642172523961,5.431309904153355,4.792332268370607,89.77635782747603,4.792332268370607,84.98402555910543
E00007276,462,46,16,30,416,23,393,9.956709956709958,3.463203463203463,6.493506493506493,90.04329004329004,4.978354978354979,85.06493506493507
E00007277,327,51,24,27,276,10,266,15.59633027522936,7.339449541284404,8.256880733944955,84.40366972477065,3.058103975535168,81.34556574923548
E00007278,379,40,21,19,339,14,325,10.554089709762533,5.540897097625329,5.013192612137203,89.44591029023746,3.6939313984168867,85.75197889182058
E00007279,388,48,34,14,340,15,325,12.371134020618557,8.762886597938143,3.608247422680412,87.62886597938144,3.865979381443299,83.76288659793815
E00007280,358,59,29,30,299,11,288,16.480446927374302,8.100558659217876,8.379888268156424,83.5195530726257,3.072625698324022,80.44692737430168
E00007281,327,50,29,21,277,10,267,15.29051987767584,8.868501529051988,6.422018348623854,84.70948012232415,3.058103975535168,81.65137614678899
E00007282,439,36,15,21,403,7,396,8.200455580865604,3.416856492027335,4.783599088838269,91.79954441913439,1.5945330296127564,90.20501138952164
E00007283,268,35,20,15,233,8,225,13.059701492537313,7.462686567164178,5.597014925373134,86.94029850746269,2.9850746268656714,83.95522388059702
E00007284,322,49,20,29,273,5,268,15.217391304347828,6.211180124223603,9.006211180124224,84.78260869565217,1.5527950310559007,83.22981366459628
E00007285,372,42,16,26,330,11,319,11.29032258064516,4.301075268817205,6.989247311827956,88.70967741935483,2.956989247311828,85.75268817204301
E00007286,331,56,24,32,275,17,258,16.91842900302115,7.250755287009064,9.667673716012084,83.08157099697885,5.13595166163142,77.94561933534743
E00007287,552,64,33,31,488,16,472,11.594202898550725,5.978260869565218,5.615942028985507,88.40579710144928,2.898550724637681,85.5072463768116
E00007288,589,60,23,37,529,3,526,10.186757215619695,3.904923599320883,6.281833616298811,89.81324278438031,0.5093378607809848,89.30390492359932
E00007289,379,53,35,18,326,13,313,13.984168865435356,9.234828496042216,4.749340369393139,86.01583113456465,3.430079155672823,82.58575197889182
E00007290,337,67,31,36,270,6,264,19.881305637982198,9.198813056379821,10.682492581602373,80.1186943620178,1.7804154302670623,78.33827893175074
E00007291,338,66,36,30,272,10,262,19.526627218934912,10.650887573964498,8.875739644970414,80.4733727810651,2.9585798816568047,77.51479289940828
E00007292,330,40,25,15,290,15,275,12.121212121212121,7.575757575757576,4.545454545454546,87.87878787878788,4.545454545454546,83.33333333333334
E00007293,371,53,22,31,318,20,298,14.285714285714285,5.929919137466308,8.355795148247978,85.71428571428571,5.3908355795148255,80.3234501347709
E00007294,349,50,20,30,299,25,274,14.326647564469914,5.730659025787966,8.595988538681947,85.67335243553008,7.163323782234957,78.51002865329512
E00007295,283,32,15,17,251,20,231,11.307420494699647,5.30035335689046,6.007067137809187,88.69257950530034,7.06713780918728,81.62544169611307
E00007296,223,44,20,24,179,15,164,19.730941704035875,8.968609865470851,10.762331838565023,80.26905829596413,6.726457399103139,73.54260089686099
E00007297,249,27,9,18,222,20,202,10.843373493975903,3.614457831325301,7.228915662650602,89.1566265060241,8.032128514056225,81.12449799196787
E00007298,321,54,28,26,267,26,241,16.822429906542055,8.722741433021806,8.09968847352025,83.17757009345794,8.09968847352025,75.0778816199377
E00007299,286,51,24,27,235,24,211,17.832167832167833,8.391608391608392,9.44055944055944,82.16783216783216,8.391608391608392,73.77622377622379
E00007300,278,43,19,24,235,22,213,15.467625899280577,6.83453237410072,8.633093525179856,84.53237410071942,7.913669064748201,76.61870503597122
E00007301,190,48,21,27,142,15,127,25.263157894736842,11.052631578947368,14.210526315789473,74.73684210526315,7.894736842105263,66.84210526315789
E00007302,310,36,5,31,274,24,250,11.612903225806452,1.6129032258064515,10,88.38709677419355,7.741935483870968,80.64516129032258
E00007303,323,51,16,35,272,16,256,15.789473684210526,4.953560371517028,10.8359133126935,84.21052631578947,4.953560371517028,79.25696594427245
E00007304,358,39,7,32,319,22,297,10.893854748603351,1.9553072625698324,8.938547486033519,89.10614525139665,6.145251396648044,82.9608938547486
E00007305,289,25,7,18,264,18,246,8.650519031141869,2.422145328719723,6.228373702422145,91.34948096885813,6.228373702422145,85.12110726643598
E00007306,252,32,11,21,220,16,204,12.698412698412698,4.365079365079365,8.333333333333332,87.3015873015873,6.349206349206349,80.95238095238095
E00007307,292,31,10,21,261,27,234,10.616438356164384,3.4246575342465753,7.191780821917808,89.38356164383562,9.246575342465754,80.13698630136986
E00007308,235,13,0,13,222,8,214,5.531914893617021,0,5.531914893617021,94.46808510638299,3.404255319148936,91.06382978723404
E00007309,411,40,17,23,371,35,336,9.732360097323602,4.13625304136253,5.59610705596107,90.2676399026764,8.51581508515815,81.75182481751825
E00007310,321,52,23,29,269,11,258,16.1993769470405,7.165109034267912,9.034267912772584,83.8006230529595,3.4267912772585665,80.37383177570094
E00007311,271,54,29,25,217,27,190,19.92619926199262,10.70110701107011,9.22509225092251,80.07380073800738,9.96309963099631,70.11070110701108
E00007312,518,73,38,35,445,38,407,14.092664092664092,7.335907335907336,6.756756756756757,85.9073359073359,7.335907335907336,78.57142857142857
E00007313,327,38,15,23,289,26,263,11.62079510703364,4.587155963302752,7.033639143730887,88.37920489296636,7.951070336391437,80.42813455657493
E00007314,337,30,9,21,307,29,278,8.902077151335313,2.6706231454005933,6.231454005934718,91.0979228486647,8.605341246290802,82.49258160237389
E00007315,335,33,11,22,302,16,286,9.850746268656717,3.2835820895522385,6.567164179104477,90.14925373134328,4.776119402985075,85.37313432835822
E00007316,377,51,23,28,326,17,309,13.527851458885943,6.10079575596817,7.427055702917771,86.47214854111405,4.509283819628647,81.9628647214854
E00007317,330,49,18,31,281,14,267,14.84848484848485,5.454545454545454,9.393939393939393,85.15151515151516,4.242424242424243,80.9090909090909
E00007318,363,41,12,29,322,19,303,11.294765840220386,3.3057851239669422,7.988980716253444,88.70523415977961,5.234159779614325,83.47107438016529
E00007319,342,29,8,21,313,22,291,8.47953216374269,2.3391812865497075,6.140350877192982,91.52046783625731,6.432748538011696,85.08771929824562
E00007320,348,57,26,31,291,18,273,16.379310344827587,7.471264367816093,8.908045977011495,83.62068965517241,5.172413793103448,78.44827586206897
E00007321,364,35,16,19,329,14,315,9.615384615384617,4.395604395604396,5.21978021978022,90.38461538461539,3.8461538461538463,86.53846153846155
E00007322,403,54,30,24,349,25,324,13.399503722084367,7.444168734491314,5.955334987593052,86.60049627791562,6.20347394540943,80.39702233250621
E00007323,406,46,19,27,360,22,338,11.330049261083744,4.679802955665025,6.65024630541872,88.66995073891626,5.41871921182266,83.2512315270936
E00007324,580,48,20,28,532,31,501,8.275862068965518,3.4482758620689653,4.827586206896552,91.72413793103448,5.344827586206897,86.37931034482759
E00007325,240,33,7,26,207,14,193,13.750000000000002,2.9166666666666665,10.833333333333334,86.25,5.833333333333333,80.41666666666667
E00007326,344,41,16,25,303,20,283,11.918604651162791,4.651162790697675,7.267441860465117,88.0813953488372,5.813953488372093,82.26744186046511
E00007327,251,49,22,27,202,8,194,19.52191235059761,8.764940239043826,10.756972111553784,80.47808764940238,3.187250996015936,77.29083665338645
E00007328,391,64,33,31,327,23,304,16.36828644501279,8.439897698209718,7.928388746803069,83.63171355498721,5.88235294117647,77.74936061381074
E00007329,247,39,18,21,208,10,198,15.789473684210526,7.28744939271255,8.502024291497975,84.21052631578947,4.048582995951417,80.16194331983806
E00007330,245,44,19,25,201,9,192,17.959183673469386,7.755102040816326,10.204081632653061,82.0408163265306,3.6734693877551026,78.36734693877551
E00007331,389,58,32,26,331,26,305,14.910025706940875,8.226221079691516,6.683804627249357,85.08997429305913,6.683804627249357,78.40616966580977
E00007332,347,44,21,23,303,18,285,12.680115273775217,6.051873198847262,6.628242074927954,87.31988472622479,5.187319884726225,82.13256484149855
E00007333,295,41,17,24,254,17,237,13.898305084745763,5.762711864406779,8.135593220338983,86.10169491525423,5.762711864406779,80.33898305084746
E00007334,300,42,13,29,258,20,238,14.000000000000002,4.333333333333334,9.666666666666666,86,6.666666666666667,79.33333333333333
E00007335,445,56,22,34,389,11,378,12.584269662921349,4.943820224719101,7.640449438202247,87.41573033707866,2.4719101123595504,84.9438202247191
E00007336,183,24,8,16,159,9,150,13.114754098360656,4.371584699453552,8.743169398907105,86.88524590163934,4.918032786885246,81.9672131147541
E00007337,377,48,25,23,329,15,314,12.73209549071618,6.631299734748011,6.10079575596817,87.26790450928382,3.978779840848806,83.28912466843501
E00007338,380,57,34,23,323,18,305,15,8.947368421052632,6.052631578947368,85,4.736842105263158,80.26315789473685
E00007339,432,54,34,20,378,14,364,12.5,7.87037037037037,4.62962962962963,87.5,3.2407407407407405,84.25925925925925
E00007340,341,38,20,18,303,13,290,11.143695014662756,5.865102639296188,5.278592375366569,88.85630498533725,3.812316715542522,85.04398826979472
E00007341,412,47,21,26,365,13,352,11.407766990291263,5.097087378640777,6.310679611650485,88.59223300970875,3.1553398058252426,85.43689320388349
E00007342,445,92,45,47,353,12,341,20.674157303370784,10.112359550561797,10.561797752808989,79.32584269662921,2.696629213483146,76.62921348314606
E00007343,377,39,18,21,338,10,328,10.344827586206897,4.774535809018567,5.570291777188329,89.65517241379311,2.6525198938992043,87.0026525198939
E00007344,324,59,28,31,265,10,255,18.209876543209877,8.641975308641975,9.5679012345679,81.79012345679013,3.0864197530864197,78.70370370370371
E00007345,340,63,35,28,277,7,270,18.529411764705884,10.294117647058822,8.235294117647058,81.47058823529412,2.0588235294117645,79.41176470588235
E00007346,446,54,29,25,392,20,372,12.10762331838565,6.502242152466367,5.605381165919283,87.89237668161435,4.484304932735426,83.40807174887892
E00007347,222,37,17,20,185,11,174,16.666666666666664,7.657657657657657,9.00900900900901,83.33333333333334,4.954954954954955,78.37837837837837
E00007348,395,58,29,29,337,10,327,14.683544303797468,7.341772151898734,7.341772151898734,85.31645569620252,2.5316455696202533,82.78481012658227
E00007349,293,30,17,13,263,13,250,10.238907849829351,5.802047781569966,4.436860068259386,89.76109215017065,4.436860068259386,85.32423208191126
E00007350,425,90,67,23,335,8,327,21.176470588235293,15.764705882352942,5.411764705882352,78.82352941176471,1.8823529411764703,76.94117647058823
E00007351,412,48,26,22,364,13,351,11.650485436893204,6.310679611650485,5.339805825242718,88.3495145631068,3.1553398058252426,85.19417475728154
E00007352,182,32,19,13,150,7,143,17.582417582417584,10.43956043956044,7.142857142857142,82.41758241758241,3.8461538461538463,78.57142857142857
E00007353,204,28,14,14,176,5,171,13.725490196078432,6.862745098039216,6.862745098039216,86.27450980392157,2.450980392156863,83.82352941176471
E00007354,402,39,15,24,363,20,343,9.701492537313433,3.731343283582089,5.970149253731343,90.29850746268657,4.975124378109453,85.3233830845771
E00007355,365,48,21,27,317,14,303,13.150684931506849,5.7534246575342465,7.397260273972603,86.84931506849315,3.8356164383561646,83.01369863013699
E00007356,388,61,31,30,327,12,315,15.721649484536082,7.989690721649484,7.731958762886598,84.27835051546391,3.0927835051546393,81.18556701030928
E00007357,421,49,20,29,372,11,361,11.63895486935867,4.750593824228028,6.88836104513064,88.36104513064133,2.6128266033254155,85.74821852731591
E00007358,396,53,25,28,343,13,330,13.383838383838384,6.313131313131313,7.07070707070707,86.61616161616162,3.2828282828282833,83.33333333333334
E00007359,313,26,11,15,287,8,279,8.30670926517572,3.5143769968051117,4.792332268370607,91.69329073482429,2.5559105431309903,89.1373801916933
E00007360,292,39,23,16,253,5,248,13.356164383561644,7.876712328767123,5.47945205479452,86.64383561643835,1.7123287671232876,84.93150684931507
E00007361,327,65,31,34,262,9,253,19.877675840978593,9.480122324159021,10.397553516819572,80.1223241590214,2.7522935779816518,77.37003058103976
E00007362,471,72,37,35,399,13,386,15.286624203821656,7.855626326963907,7.43099787685775,84.71337579617835,2.7600849256900215,81.95329087048833
E00007363,338,55,20,35,283,11,272,16.272189349112427,5.9171597633136095,10.355029585798817,83.72781065088756,3.2544378698224854,80.4733727810651
E00007364,350,56,30,26,294,16,278,16,8.571428571428571,7.428571428571429,84,4.571428571428571,79.42857142857143
E00007365,404,51,31,20,353,7,346,12.623762376237623,7.673267326732673,4.9504950495049505,87.37623762376238,1.7326732673267329,85.64356435643565
E00007366,388,48,24,24,340,13,327,12.371134020618557,6.185567010309279,6.185567010309279,87.62886597938144,3.350515463917526,84.27835051546391
E00007367,358,44,17,27,314,16,298,12.290502793296088,4.748603351955307,7.5418994413407825,87.70949720670392,4.4692737430167595,83.24022346368714
E00007368,327,43,21,22,284,14,270,13.149847094801222,6.422018348623854,6.727828746177369,86.85015290519877,4.281345565749235,82.56880733944955
E00007369,359,43,19,24,316,9,307,11.977715877437326,5.2924791086350975,6.685236768802229,88.02228412256268,2.5069637883008355,85.51532033426183
E00007370,494,54,28,26,440,10,430,10.931174089068826,5.668016194331984,5.263157894736842,89.06882591093117,2.0242914979757085,87.04453441295547
E00007371,340,57,33,24,283,16,267,16.76470588235294,9.705882352941178,7.0588235294117645,83.23529411764706,4.705882352941177,78.52941176470588
E00007372,423,85,35,50,338,12,326,20.094562647754138,8.274231678486997,11.82033096926714,79.90543735224587,2.8368794326241136,77.06855791962175
E00007373,358,43,19,24,315,20,295,12.011173184357542,5.307262569832402,6.70391061452514,87.98882681564247,5.58659217877095,82.40223463687151
E00007374,482,66,32,34,416,25,391,13.692946058091287,6.639004149377594,7.053941908713693,86.30705394190872,5.186721991701245,81.12033195020747
E00007375,460,62,29,33,398,14,384,13.478260869565217,6.304347826086956,7.173913043478261,86.52173913043478,3.0434782608695654,83.47826086956522
E00007376,309,39,20,19,270,6,264,12.62135922330097,6.472491909385113,6.148867313915858,87.37864077669903,1.9417475728155338,85.43689320388349
E00007378,407,48,26,22,359,12,347,11.793611793611793,6.388206388206388,5.405405405405405,88.20638820638821,2.9484029484029484,85.25798525798525
E00007379,362,47,26,21,315,5,310,12.98342541436464,7.18232044198895,5.801104972375691,87.01657458563537,1.3812154696132597,85.6353591160221
E00007381,351,53,28,25,298,15,283,15.0997150997151,7.977207977207977,7.122507122507122,84.9002849002849,4.273504273504273,80.62678062678063
E00007382,292,30,19,11,262,12,250,10.273972602739725,6.506849315068493,3.767123287671233,89.72602739726028,4.10958904109589,85.61643835616438
E00007383,444,59,32,27,385,8,377,13.288288288288289,7.207207207207207,6.081081081081082,86.71171171171171,1.8018018018018018,84.90990990990991
E00007384,394,67,40,27,327,11,316,17.00507614213198,10.152284263959391,6.852791878172589,82.99492385786802,2.7918781725888326,80.20304568527918
E00007385,345,41,19,22,304,13,291,11.884057971014492,5.507246376811594,6.3768115942028984,88.1159420289855,3.768115942028986,84.34782608695653
E00007386,438,53,28,25,385,8,377,12.100456621004566,6.392694063926941,5.707762557077626,87.89954337899543,1.82648401826484,86.0730593607306
E00007387,348,37,20,17,311,13,298,10.632183908045976,5.747126436781609,4.885057471264368,89.36781609195403,3.7356321839080464,85.63218390804597
E00007388,362,48,23,25,314,9,305,13.259668508287293,6.353591160220995,6.906077348066299,86.74033149171271,2.4861878453038675,84.25414364640883
E00007389,406,40,20,20,366,8,358,9.852216748768473,4.926108374384237,4.926108374384237,90.14778325123153,1.9704433497536946,88.17733990147784
E00007390,305,32,20,12,273,17,256,10.491803278688524,6.557377049180328,3.934426229508197,89.50819672131148,5.573770491803279,83.93442622950819
E00007391,384,43,23,20,341,19,322,11.197916666666668,5.989583333333334,5.208333333333334,88.80208333333334,4.947916666666666,83.85416666666666
E00007392,433,43,26,17,390,17,373,9.930715935334874,6.0046189376443415,3.9260969976905313,90.06928406466513,3.9260969976905313,86.14318706697459
E00007393,274,37,19,18,237,9,228,13.503649635036496,6.934306569343065,6.569343065693431,86.4963503649635,3.2846715328467155,83.21167883211679
E00007394,428,64,21,43,364,12,352,14.953271028037381,4.906542056074766,10.046728971962617,85.04672897196261,2.803738317757009,82.2429906542056
E00007395,348,37,20,17,311,12,299,10.632183908045976,5.747126436781609,4.885057471264368,89.36781609195403,3.4482758620689653,85.91954022988506
E00007396,365,41,21,20,324,11,313,11.232876712328768,5.7534246575342465,5.47945205479452,88.76712328767124,3.0136986301369864,85.75342465753425
E00007397,426,51,33,18,375,18,357,11.971830985915492,7.746478873239436,4.225352112676056,88.02816901408451,4.225352112676056,83.80281690140845
E00007398,407,54,32,22,353,20,333,13.267813267813267,7.862407862407863,5.405405405405405,86.73218673218673,4.914004914004914,81.81818181818183
E00007399,438,66,34,32,372,10,362,15.068493150684931,7.76255707762557,7.30593607305936,84.93150684931507,2.28310502283105,82.64840182648402
E00007400,391,52,30,22,339,16,323,13.299232736572892,7.672634271099745,5.626598465473146,86.70076726342711,4.092071611253197,82.6086956521739
E00007401,295,51,29,22,244,12,232,17.28813559322034,9.830508474576272,7.457627118644068,82.71186440677965,4.067796610169491,78.64406779661017
E00007402,324,50,25,25,274,8,266,15.432098765432098,7.716049382716049,7.716049382716049,84.5679012345679,2.4691358024691357,82.09876543209876
E00007403,389,70,36,34,319,15,304,17.994858611825194,9.254498714652955,8.740359897172237,82.0051413881748,3.8560411311053984,78.1491002570694
E00007404,397,57,24,33,340,12,328,14.357682619647354,6.045340050377834,8.312342569269521,85.64231738035264,3.022670025188917,82.61964735516372
E00007405,458,60,30,30,398,16,382,13.100436681222707,6.550218340611353,6.550218340611353,86.8995633187773,3.4934497816593884,83.4061135371179
E00007406,436,45,14,31,391,15,376,10.321100917431194,3.211009174311927,7.110091743119266,89.6788990825688,3.4403669724770642,86.23853211009175
E00007407,341,42,25,17,299,9,290,12.316715542521994,7.331378299120235,4.9853372434017595,87.68328445747801,2.6392961876832843,85.04398826979472
E00007408,531,79,34,45,452,26,426,14.87758945386064,6.4030131826742,8.47457627118644,85.12241054613936,4.8964218455743875,80.22598870056498
E00007409,425,53,26,27,372,19,353,12.470588235294118,6.11764705882353,6.352941176470588,87.52941176470588,4.470588235294118,83.05882352941177
E00007410,375,57,27,30,318,14,304,15.2,7.199999999999999,8,84.8,3.733333333333334,81.06666666666666
E00007411,375,47,22,25,328,12,316,12.533333333333333,5.866666666666666,6.666666666666667,87.46666666666667,3.2,84.26666666666667
E00007412,468,48,20,28,420,13,407,10.256410256410255,4.273504273504273,5.982905982905983,89.74358974358975,2.7777777777777777,86.96581196581197
E00007413,370,41,24,17,329,13,316,11.081081081081082,6.486486486486487,4.594594594594595,88.91891891891892,3.5135135135135136,85.4054054054054
E00007414,276,54,24,30,222,9,213,19.565217391304348,8.695652173913043,10.869565217391305,80.43478260869566,3.260869565217391,77.17391304347827
E00007415,302,50,25,25,252,15,237,16.55629139072848,8.27814569536424,8.27814569536424,83.44370860927152,4.966887417218543,78.47682119205298
E00007416,400,44,23,21,356,17,339,11,5.75,5.25,89,4.25,84.75
E00007417,347,27,10,17,320,21,299,7.780979827089338,2.881844380403458,4.899135446685879,92.21902017291066,6.051873198847262,86.1671469740634
E00007418,370,42,12,30,328,11,317,11.351351351351353,3.2432432432432434,8.108108108108109,88.64864864864866,2.9729729729729732,85.67567567567568
E00007419,309,37,13,24,272,9,263,11.974110032362459,4.207119741100324,7.766990291262135,88.02588996763754,2.912621359223301,85.11326860841424
E00007420,440,45,30,15,395,21,374,10.227272727272728,6.8181818181818175,3.4090909090909087,89.77272727272727,4.772727272727273,85
E00007421,462,39,16,23,423,14,409,8.441558441558442,3.463203463203463,4.978354978354979,91.55844155844156,3.0303030303030303,88.52813852813853
E00007422,389,58,33,25,331,15,316,14.910025706940875,8.483290488431876,6.426735218508997,85.08997429305913,3.8560411311053984,81.23393316195373
E00007423,337,33,13,20,304,36,268,9.792284866468842,3.857566765578635,5.934718100890208,90.20771513353115,10.682492581602373,79.52522255192879
E00007424,387,55,25,30,332,17,315,14.21188630490956,6.459948320413436,7.751937984496124,85.78811369509044,4.3927648578811365,81.3953488372093
E00007425,364,38,21,17,326,19,307,10.43956043956044,5.769230769230769,4.670329670329671,89.56043956043956,5.21978021978022,84.34065934065934
E00007426,317,44,21,23,273,10,263,13.880126182965299,6.624605678233439,7.255520504731862,86.1198738170347,3.1545741324921135,82.96529968454259
E00007427,385,52,22,30,333,13,320,13.506493506493506,5.714285714285714,7.792207792207792,86.49350649350649,3.3766233766233764,83.11688311688312
E00007428,417,45,12,33,372,21,351,10.79136690647482,2.877697841726619,7.913669064748201,89.20863309352518,5.0359712230215825,84.17266187050359
E00007429,323,29,15,14,294,11,283,8.978328173374612,4.643962848297214,4.3343653250774,91.02167182662538,3.4055727554179565,87.61609907120743
E00007430,327,45,17,28,282,23,259,13.761467889908257,5.198776758409786,8.56269113149847,86.23853211009175,7.033639143730887,79.20489296636084
E00007431,325,62,26,36,263,15,248,19.076923076923077,8,11.076923076923077,80.92307692307692,4.615384615384616,76.3076923076923
E00007432,498,41,13,28,457,14,443,8.23293172690763,2.610441767068273,5.622489959839357,91.76706827309236,2.8112449799196786,88.95582329317268
E00007433,329,30,13,17,299,23,276,9.118541033434651,3.951367781155015,5.167173252279635,90.88145896656535,6.990881458966565,83.89057750759878
E00007434,439,74,33,41,365,12,353,16.856492027334852,7.517084282460136,9.339407744874716,83.14350797266515,2.733485193621868,80.41002277904327
E00007435,323,42,13,29,281,5,276,13.003095975232199,4.024767801857585,8.978328173374612,86.9969040247678,1.5479876160990713,85.44891640866872
E00007436,318,33,15,18,285,21,264,10.377358490566039,4.716981132075472,5.660377358490567,89.62264150943396,6.60377358490566,83.01886792452831
E00007437,374,41,17,24,333,21,312,10.962566844919785,4.545454545454546,6.417112299465241,89.03743315508021,5.614973262032086,83.42245989304813
E00007438,414,69,47,22,345,14,331,16.666666666666664,11.352657004830919,5.314009661835748,83.33333333333334,3.3816425120772946,79.95169082125604
E00007439,315,38,13,25,277,18,259,12.063492063492063,4.1269841269841265,7.936507936507936,87.93650793650794,5.714285714285714,82.22222222222221
E00007440,316,42,22,20,274,18,256,13.291139240506327,6.962025316455696,6.329113924050633,86.70886075949366,5.69620253164557,81.0126582278481
E00007441,373,44,20,24,329,15,314,11.796246648793565,5.361930294906166,6.434316353887399,88.20375335120644,4.021447721179625,84.1823056300268
E00007442,452,59,32,27,393,16,377,13.053097345132745,7.079646017699115,5.9734513274336285,86.94690265486726,3.5398230088495577,83.4070796460177
E00007443,527,58,27,31,469,23,446,11.005692599620494,5.1233396584440225,5.88235294117647,88.9943074003795,4.364326375711575,84.62998102466793
E00007444,324,41,14,27,283,16,267,12.654320987654321,4.320987654320987,8.333333333333332,87.34567901234568,4.938271604938271,82.4074074074074
E00007445,313,45,21,24,268,12,256,14.376996805111823,6.7092651757188495,7.667731629392971,85.62300319488818,3.8338658146964857,81.78913738019169
E00007446,356,35,13,22,321,17,304,9.831460674157304,3.651685393258427,6.179775280898876,90.1685393258427,4.775280898876404,85.39325842696628
E00007447,375,45,15,30,330,20,310,12,4,8,88,5.333333333333334,82.66666666666667
E00007448,354,71,38,33,283,16,267,20.056497175141246,10.734463276836157,9.322033898305085,79.94350282485875,4.519774011299435,75.42372881355932
E00007449,226,20,7,13,206,10,196,8.849557522123893,3.0973451327433628,5.752212389380531,91.1504424778761,4.424778761061947,86.72566371681415
E00007450,551,65,26,39,486,17,469,11.796733212341199,4.71869328493648,7.078039927404718,88.2032667876588,3.0852994555353903,85.11796733212341
E00007451,456,84,36,48,372,9,363,18.421052631578945,7.894736842105263,10.526315789473683,81.57894736842105,1.9736842105263157,79.60526315789474
E00007452,218,28,15,13,190,10,180,12.844036697247708,6.8807339449541285,5.963302752293578,87.1559633027523,4.587155963302752,82.56880733944955
E00007453,340,59,26,33,281,22,259,17.352941176470587,7.647058823529412,9.705882352941178,82.6470588235294,6.470588235294119,76.17647058823529
E00007454,220,49,25,24,171,10,161,22.272727272727273,11.363636363636363,10.909090909090908,77.72727272727272,4.545454545454546,73.18181818181819
E00007455,382,52,22,30,330,20,310,13.612565445026178,5.7591623036649215,7.853403141361256,86.38743455497382,5.2356020942408374,81.15183246073299
E00007456,384,48,22,26,336,18,318,12.5,5.729166666666666,6.770833333333333,87.5,4.6875,82.8125
E00007457,303,58,32,26,245,14,231,19.141914191419144,10.561056105610561,8.58085808580858,80.85808580858085,4.62046204620462,76.23762376237624
E00007458,386,48,28,20,338,10,328,12.435233160621761,7.253886010362693,5.181347150259067,87.56476683937824,2.5906735751295336,84.97409326424871
E00007459,361,56,28,28,305,5,300,15.512465373961218,7.756232686980609,7.756232686980609,84.48753462603878,1.3850415512465373,83.10249307479224
E00007460,359,49,22,27,310,14,296,13.649025069637883,6.128133704735376,7.520891364902507,86.35097493036211,3.8997214484679668,82.45125348189416
E00007461,421,61,36,25,360,17,343,14.489311163895488,8.551068883610451,5.938242280285035,85.5106888361045,4.038004750593824,81.47268408551069
E00007462,439,64,33,31,375,11,364,14.578587699316628,7.517084282460136,7.061503416856492,85.42141230068337,2.5056947608200453,82.91571753986332
E00007463,429,53,28,25,376,7,369,12.354312354312354,6.526806526806526,5.827505827505827,87.64568764568764,1.6317016317016315,86.01398601398601
E00007464,395,49,21,28,346,14,332,12.405063291139239,5.3164556962025316,7.088607594936709,87.59493670886076,3.5443037974683547,84.05063291139241
E00007469,610,71,30,41,539,21,518,11.639344262295081,4.918032786885246,6.721311475409836,88.36065573770492,3.4426229508196724,84.91803278688525
E00007472,393,48,27,21,345,9,336,12.213740458015266,6.870229007633588,5.343511450381679,87.78625954198473,2.2900763358778624,85.49618320610686
E00007473,451,48,21,27,403,18,385,10.643015521064301,4.656319290465632,5.986696230598669,89.3569844789357,3.9911308203991127,85.36585365853658
E00007474,452,57,24,33,395,17,378,12.610619469026549,5.3097345132743365,7.300884955752212,87.38938053097345,3.761061946902655,83.6283185840708
E00007475,212,30,13,17,182,8,174,14.150943396226415,6.132075471698113,8.018867924528301,85.84905660377359,3.7735849056603774,82.0754716981132
E00007476,435,50,31,19,385,8,377,11.494252873563218,7.126436781609195,4.3678160919540225,88.50574712643679,1.839080459770115,86.66666666666667
E00007477,248,32,18,14,216,8,208,12.903225806451612,7.258064516129033,5.64516129032258,87.09677419354838,3.225806451612903,83.87096774193549
E00007478,369,48,23,25,321,20,301,13.008130081300814,6.233062330623306,6.775067750677506,86.99186991869918,5.420054200542006,81.57181571815718
E00007479,461,74,43,31,387,13,374,16.052060737527114,9.327548806941431,6.724511930585683,83.94793926247289,2.8199566160520604,81.12798264642083
E00007480,230,40,20,20,190,4,186,17.391304347826086,8.695652173913043,8.695652173913043,82.6086956521739,1.7391304347826086,80.8695652173913
E00007482,332,52,22,30,280,11,269,15.66265060240964,6.626506024096386,9.036144578313253,84.33734939759037,3.313253012048193,81.02409638554217
E00007484,343,47,20,27,296,10,286,13.702623906705538,5.830903790087463,7.871720116618077,86.29737609329446,2.9154518950437316,83.38192419825073
E00007486,404,47,30,17,357,6,351,11.633663366336634,7.425742574257425,4.207920792079208,88.36633663366337,1.4851485148514851,86.88118811881188
E00007487,586,62,32,30,524,18,506,10.580204778156997,5.460750853242321,5.1194539249146755,89.419795221843,3.0716723549488054,86.3481228668942
E00007488,426,44,23,21,382,22,360,10.328638497652582,5.39906103286385,4.929577464788732,89.67136150234741,5.164319248826291,84.50704225352112
E00007489,279,42,21,21,237,18,219,15.053763440860216,7.526881720430108,7.526881720430108,84.94623655913979,6.451612903225806,78.49462365591397
E00007492,408,73,39,34,335,12,323,17.892156862745097,9.558823529411764,8.333333333333332,82.1078431372549,2.941176470588235,79.16666666666666
E00007493,404,45,19,26,359,14,345,11.138613861386139,4.702970297029703,6.435643564356436,88.86138613861387,3.4653465346534658,85.39603960396039
E00007494,388,64,27,37,324,16,308,16.49484536082474,6.958762886597938,9.536082474226804,83.50515463917526,4.123711340206185,79.38144329896907
E00007495,394,53,26,27,341,9,332,13.451776649746192,6.598984771573605,6.852791878172589,86.5482233502538,2.284263959390863,84.26395939086294
E00007496,360,52,24,28,308,13,295,14.444444444444443,6.666666666666667,7.777777777777778,85.55555555555556,3.6111111111111107,81.94444444444444
E00007497,459,76,34,42,383,25,358,16.55773420479303,7.4074074074074066,9.15032679738562,83.44226579520696,5.446623093681917,77.99564270152506
E00007498,389,50,25,25,339,12,327,12.853470437017995,6.426735218508997,6.426735218508997,87.146529562982,3.0848329048843186,84.06169665809769
E00007499,557,81,45,36,476,17,459,14.542190305206462,8.07899461400359,6.463195691202872,85.45780969479354,3.052064631956912,82.40574506283662
E00007500,387,43,19,24,344,21,323,11.11111111111111,4.909560723514212,6.2015503875969,88.88888888888889,5.426356589147287,83.4625322997416
E00007501,375,56,25,31,319,25,294,14.933333333333335,6.666666666666667,8.266666666666666,85.06666666666666,6.666666666666667,78.4
E00007502,349,44,23,21,305,10,295,12.607449856733524,6.59025787965616,6.017191977077363,87.39255014326648,2.865329512893983,84.5272206303725
E00007503,352,58,35,23,294,13,281,16.477272727272727,9.943181818181818,6.534090909090909,83.52272727272727,3.6931818181818183,79.82954545454545
E00007504,323,50,20,30,273,21,252,15.479876160990713,6.191950464396285,9.287925696594428,84.52012383900929,6.5015479876160995,78.0185758513932
E00007505,328,50,22,28,278,16,262,15.24390243902439,6.707317073170732,8.536585365853659,84.7560975609756,4.878048780487805,79.8780487804878
E00007506,353,52,18,34,301,14,287,14.730878186968837,5.099150141643059,9.631728045325778,85.26912181303116,3.9660056657223794,81.30311614730878
E00007507,587,87,41,46,500,19,481,14.821124361158432,6.984667802385008,7.836456558773425,85.17887563884156,3.2367972742759794,81.94207836456559
E00007508,360,38,15,23,322,13,309,10.555555555555555,4.166666666666666,6.388888888888888,89.44444444444444,3.6111111111111107,85.83333333333333
E00007509,400,55,27,28,345,14,331,13.750000000000002,6.75,7.000000000000001,86.25,3.5000000000000004,82.75
E00007510,554,56,35,21,498,18,480,10.108303249097473,6.31768953068592,3.790613718411552,89.89169675090253,3.2490974729241873,86.64259927797833
E00007511,387,54,26,28,333,17,316,13.953488372093023,6.718346253229974,7.235142118863049,86.04651162790698,4.3927648578811365,81.65374677002583
E00007512,576,76,38,38,500,18,482,13.194444444444445,6.597222222222222,6.597222222222222,86.80555555555556,3.125,83.68055555555556
E00007513,439,115,91,24,324,10,314,26.195899772209568,20.72892938496583,5.466970387243736,73.80410022779044,2.277904328018223,71.5261958997722
E00007514,436,67,38,29,369,16,353,15.36697247706422,8.715596330275229,6.651376146788992,84.63302752293578,3.669724770642202,80.96330275229357
E00007515,382,76,38,38,306,13,293,19.895287958115183,9.947643979057592,9.947643979057592,80.10471204188482,3.4031413612565444,76.70157068062828
E00007516,265,45,14,31,220,14,206,16.9811320754717,5.283018867924529,11.69811320754717,83.01886792452831,5.283018867924529,77.73584905660378
E00007517,381,68,35,33,313,16,297,17.84776902887139,9.186351706036746,8.661417322834646,82.1522309711286,4.199475065616798,77.95275590551181
E00007518,368,62,30,32,306,16,290,16.847826086956523,8.152173913043478,8.695652173913043,83.15217391304348,4.3478260869565215,78.80434782608695
E00007519,398,71,34,37,327,3,324,17.839195979899497,8.542713567839195,9.296482412060302,82.1608040201005,0.7537688442211055,81.4070351758794
E00007520,381,47,29,18,334,13,321,12.335958005249344,7.611548556430446,4.724409448818897,87.66404199475065,3.4120734908136483,84.25196850393701
E00007521,389,55,31,24,334,12,322,14.138817480719796,7.969151670951156,6.169665809768637,85.8611825192802,3.0848329048843186,82.77634961439588
E00007522,325,57,21,36,268,12,256,17.53846153846154,6.461538461538462,11.076923076923077,82.46153846153847,3.6923076923076925,78.76923076923077
E00007523,316,26,9,17,290,13,277,8.227848101265822,2.848101265822785,5.379746835443038,91.77215189873418,4.113924050632911,87.65822784810126
E00007524,340,54,29,25,286,15,271,15.88235294117647,8.529411764705882,7.352941176470589,84.11764705882354,4.411764705882353,79.70588235294119
E00007525,383,53,17,36,330,24,306,13.838120104438643,4.43864229765013,9.39947780678851,86.16187989556136,6.266318537859007,79.89556135770235
E00007526,304,33,11,22,271,14,257,10.855263157894738,3.618421052631579,7.236842105263158,89.14473684210526,4.605263157894736,84.53947368421053
E00007527,257,67,32,35,190,14,176,26.07003891050584,12.45136186770428,13.618677042801556,73.92996108949417,5.447470817120623,68.48249027237354
E00007529,307,34,12,22,273,14,259,11.074918566775244,3.908794788273615,7.166123778501629,88.92508143322475,4.5602605863192185,84.36482084690554
E00007530,283,37,14,23,246,25,221,13.074204946996467,4.946996466431095,8.12720848056537,86.92579505300353,8.8339222614841,78.09187279151944
E00007531,355,48,13,35,307,25,282,13.521126760563378,3.6619718309859155,9.859154929577464,86.47887323943661,7.042253521126761,79.43661971830987
E00007532,358,47,20,27,311,24,287,13.128491620111731,5.58659217877095,7.5418994413407825,86.87150837988827,6.70391061452514,80.16759776536313
E00007533,364,40,20,20,324,23,301,10.989010989010989,5.4945054945054945,5.4945054945054945,89.01098901098901,6.318681318681318,82.6923076923077
E00007534,325,38,11,27,287,28,259,11.692307692307692,3.3846153846153846,8.307692307692308,88.3076923076923,8.615384615384615,79.6923076923077
E00007535,450,46,25,21,404,13,391,10.222222222222223,5.555555555555555,4.666666666666667,89.77777777777777,2.888888888888889,86.8888888888889
E00007536,436,54,22,32,382,19,363,12.385321100917432,5.045871559633028,7.339449541284404,87.61467889908256,4.3577981651376145,83.25688073394495
E00007537,214,19,6,13,195,14,181,8.878504672897195,2.803738317757009,6.074766355140187,91.1214953271028,6.5420560747663545,84.57943925233646
E00007538,377,52,24,28,325,23,302,13.793103448275861,6.36604774535809,7.427055702917771,86.20689655172413,6.10079575596817,80.10610079575596
E00007539,375,39,14,25,336,18,318,10.4,3.733333333333334,6.666666666666667,89.60000000000001,4.8,84.8
E00007540,331,21,8,13,310,18,292,6.3444108761329305,2.416918429003021,3.927492447129909,93.65558912386706,5.438066465256798,88.21752265861026
E00007541,300,35,12,23,265,21,244,11.666666666666666,4,7.666666666666666,88.33333333333333,7.000000000000001,81.33333333333333
E00007542,380,77,51,26,303,19,284,20.263157894736842,13.421052631578947,6.842105263157896,79.73684210526316,5,74.73684210526315
E00007543,435,36,19,17,399,18,381,8.275862068965518,4.3678160919540225,3.9080459770114944,91.72413793103448,4.137931034482759,87.58620689655172
E00007544,371,51,28,23,320,16,304,13.746630727762804,7.547169811320755,6.199460916442049,86.25336927223721,4.31266846361186,81.94070080862534
E00007545,371,39,14,25,332,17,315,10.512129380053908,3.7735849056603774,6.738544474393531,89.4878706199461,4.5822102425876015,84.90566037735849
E00007546,183,58,32,26,125,11,114,31.693989071038253,17.48633879781421,14.207650273224044,68.30601092896174,6.0109289617486334,62.295081967213115
E00007547,300,32,12,20,268,17,251,10.666666666666668,4,6.666666666666667,89.33333333333333,5.666666666666666,83.66666666666667
E00007548,391,63,41,22,328,29,299,16.11253196930946,10.485933503836318,5.626598465473146,83.88746803069054,7.41687979539642,76.47058823529412
E00007549,333,31,11,20,302,13,289,9.30930930930931,3.303303303303303,6.006006006006006,90.69069069069069,3.903903903903904,86.78678678678679
E00007550,420,37,12,25,383,17,366,8.80952380952381,2.857142857142857,5.952380952380952,91.19047619047619,4.0476190476190474,87.14285714285714
E00007551,315,43,8,35,272,16,256,13.65079365079365,2.5396825396825395,11.11111111111111,86.34920634920636,5.079365079365079,81.26984126984127
E00007552,235,43,15,28,192,8,184,18.29787234042553,6.382978723404255,11.914893617021278,81.70212765957446,3.404255319148936,78.29787234042553
E00007553,250,24,13,11,226,21,205,9.6,5.2,4.3999999999999995,90.4,8.4,82
E00007554,373,41,15,26,332,20,312,10.991957104557642,4.021447721179625,6.970509383378016,89.00804289544236,5.361930294906166,83.6461126005362
E00007555,348,36,19,17,312,18,294,10.344827586206897,5.459770114942529,4.885057471264368,89.65517241379311,5.172413793103448,84.48275862068965
E00007556,334,36,8,28,298,17,281,10.778443113772456,2.3952095808383236,8.383233532934131,89.22155688622755,5.089820359281437,84.13173652694611
E00007557,279,33,18,15,246,9,237,11.827956989247312,6.451612903225806,5.376344086021505,88.17204301075269,3.225806451612903,84.94623655913979
E00007558,505,65,20,45,440,28,412,12.871287128712872,3.9603960396039604,8.91089108910891,87.12871287128714,5.544554455445545,81.58415841584159
E00007559,254,29,11,18,225,12,213,11.41732283464567,4.330708661417323,7.086614173228346,88.58267716535433,4.724409448818897,83.85826771653542
E00007560,332,52,18,34,280,22,258,15.66265060240964,5.421686746987952,10.240963855421686,84.33734939759037,6.626506024096386,77.71084337349397
E00007561,324,41,16,25,283,17,266,12.654320987654321,4.938271604938271,7.716049382716049,87.34567901234568,5.246913580246913,82.09876543209876
E00007562,308,38,14,24,270,20,250,12.337662337662337,4.545454545454546,7.792207792207792,87.66233766233766,6.493506493506493,81.16883116883116
E00007563,329,47,22,25,282,20,262,14.285714285714285,6.68693009118541,7.598784194528875,85.71428571428571,6.079027355623101,79.63525835866263
E00007564,467,42,20,22,425,17,408,8.993576017130621,4.282655246252676,4.710920770877944,91.00642398286938,3.640256959314775,87.36616702355461
E00007565,271,60,30,30,211,7,204,22.14022140221402,11.07011070110701,11.07011070110701,77.85977859778598,2.5830258302583027,75.27675276752768
E00007566,380,30,15,15,350,30,320,7.894736842105263,3.9473684210526314,3.9473684210526314,92.10526315789474,7.894736842105263,84.21052631578947
E00007567,360,45,16,29,315,23,292,12.5,4.444444444444445,8.055555555555555,87.5,6.388888888888888,81.11111111111111
E00007568,349,41,17,24,308,19,289,11.74785100286533,4.871060171919771,6.876790830945559,88.25214899713467,5.444126074498568,82.8080229226361
E00007569,371,56,26,30,315,16,299,15.09433962264151,7.008086253369273,8.086253369272237,84.90566037735849,4.31266846361186,80.59299191374663
E00007570,419,111,83,28,308,30,278,26.49164677804296,19.809069212410503,6.682577565632458,73.50835322195705,7.159904534606206,66.34844868735084
E00007571,268,29,8,21,239,9,230,10.820895522388058,2.9850746268656714,7.835820895522389,89.17910447761194,3.3582089552238807,85.82089552238806
E00007572,369,47,20,27,322,23,299,12.737127371273713,5.420054200542006,7.317073170731707,87.26287262872629,6.233062330623306,81.02981029810297
E00007573,443,44,15,29,399,21,378,9.932279909706546,3.3860045146726865,6.5462753950338595,90.06772009029346,4.740406320541761,85.32731376975168
E00007575,389,33,12,21,356,16,340,8.483290488431876,3.0848329048843186,5.3984575835475574,91.51670951156812,4.113110539845758,87.40359897172236
E00007576,272,32,14,18,240,14,226,11.76470588235294,5.147058823529411,6.61764705882353,88.23529411764706,5.147058823529411,83.08823529411765
E00007577,189,18,6,12,171,2,169,9.523809523809524,3.1746031746031744,6.349206349206349,90.47619047619048,1.0582010582010581,89.41798941798942
E00007578,391,32,12,20,359,27,332,8.184143222506394,3.0690537084398977,5.115089514066496,91.81585677749361,6.905370843989769,84.91048593350384
E00007579,382,51,15,36,331,34,297,13.350785340314136,3.926701570680628,9.424083769633508,86.64921465968587,8.900523560209423,77.74869109947645
E00007580,357,32,14,18,325,11,314,8.96358543417367,3.9215686274509802,5.042016806722689,91.03641456582633,3.081232492997199,87.95518207282913
E00007581,388,72,33,39,316,20,296,18.556701030927837,8.505154639175258,10.051546391752577,81.44329896907216,5.154639175257731,76.28865979381443
E00007583,326,56,23,33,270,20,250,17.177914110429448,7.05521472392638,10.122699386503067,82.82208588957054,6.134969325153374,76.68711656441718
E00007584,337,40,14,26,297,18,279,11.869436201780417,4.154302670623145,7.71513353115727,88.13056379821958,5.341246290801187,82.7893175074184
E00007585,332,36,14,22,296,11,285,10.843373493975903,4.216867469879518,6.626506024096386,89.1566265060241,3.313253012048193,85.8433734939759
E00007586,395,57,24,33,338,17,321,14.430379746835442,6.075949367088607,8.354430379746836,85.56962025316456,4.30379746835443,81.26582278481013
E00007587,570,65,32,33,505,20,485,11.403508771929824,5.614035087719298,5.7894736842105265,88.59649122807018,3.508771929824561,85.08771929824562
E00007588,410,65,32,33,345,20,325,15.853658536585366,7.804878048780488,8.048780487804878,84.14634146341463,4.878048780487805,79.26829268292683
E00007589,314,46,24,22,268,22,246,14.64968152866242,7.643312101910828,7.006369426751593,85.35031847133759,7.006369426751593,78.343949044586
E00007590,626,106,51,55,520,18,502,16.93290734824281,8.146964856230031,8.78594249201278,83.06709265175719,2.8753993610223643,80.19169329073482
E00007591,317,30,9,21,287,15,272,9.46372239747634,2.8391167192429023,6.624605678233439,90.53627760252367,4.73186119873817,85.8044164037855
E00007594,267,43,23,20,224,10,214,16.10486891385768,8.614232209737828,7.490636704119851,83.89513108614233,3.7453183520599254,80.14981273408239
E00007595,389,51,22,29,338,10,328,13.110539845758353,5.655526992287918,7.455012853470437,86.88946015424165,2.570694087403599,84.31876606683805
E00007596,356,33,12,21,323,26,297,9.269662921348315,3.3707865168539324,5.8988764044943816,90.73033707865169,7.303370786516854,83.42696629213484
E00007597,370,53,27,26,317,16,301,14.324324324324325,7.297297297297297,7.027027027027027,85.67567567567568,4.324324324324325,81.35135135135135
E00007598,406,43,12,31,363,28,335,10.591133004926109,2.955665024630542,7.635467980295567,89.4088669950739,6.896551724137931,82.51231527093597
E00007599,316,34,13,21,282,32,250,10.759493670886076,4.113924050632911,6.6455696202531636,89.24050632911393,10.126582278481013,79.11392405063292
E00007600,309,44,18,26,265,21,244,14.239482200647249,5.825242718446602,8.414239482200648,85.76051779935275,6.796116504854369,78.96440129449837
E00007601,311,34,9,25,277,28,249,10.932475884244374,2.8938906752411575,8.038585209003216,89.06752411575563,9.003215434083602,80.06430868167203
E00007602,303,29,8,21,274,19,255,9.570957095709572,2.6402640264026402,6.9306930693069315,90.42904290429043,6.270627062706271,84.15841584158416
E00007603,535,59,22,37,476,25,451,11.02803738317757,4.112149532710281,6.915887850467289,88.97196261682242,4.672897196261682,84.29906542056075
E00007604,394,42,14,28,352,29,323,10.65989847715736,3.5532994923857872,7.1065989847715745,89.34010152284264,7.3604060913705585,81.97969543147208
E00007605,428,42,15,27,386,18,368,9.813084112149532,3.5046728971962615,6.308411214953271,90.18691588785047,4.205607476635514,85.98130841121495
E00007606,339,36,15,21,303,29,274,10.619469026548673,4.424778761061947,6.1946902654867255,89.38053097345133,8.55457227138643,80.8259587020649
E00007607,519,65,23,42,454,27,427,12.524084778420038,4.431599229287091,8.092485549132949,87.47591522157995,5.202312138728324,82.27360308285164
E00007608,393,46,21,25,347,27,320,11.704834605597965,5.343511450381679,6.361323155216285,88.29516539440203,6.870229007633588,81.42493638676844
E00007609,372,59,21,38,313,13,300,15.86021505376344,5.64516129032258,10.21505376344086,84.13978494623656,3.494623655913978,80.64516129032258
E00007610,365,93,46,47,272,14,258,25.47945205479452,12.602739726027398,12.876712328767123,74.52054794520548,3.8356164383561646,70.68493150684931
E00007611,303,48,20,28,255,18,237,15.841584158415841,6.6006600660066,9.24092409240924,84.15841584158416,5.9405940594059405,78.21782178217822
E00007612,369,35,16,19,334,26,308,9.48509485094851,4.336043360433604,5.149051490514905,90.5149051490515,7.046070460704606,83.46883468834689
E00007613,370,56,33,23,314,16,298,15.135135135135137,8.91891891891892,6.216216216216217,84.86486486486487,4.324324324324325,80.54054054054053
E00007614,354,40,10,30,314,18,296,11.299435028248588,2.824858757062147,8.47457627118644,88.70056497175142,5.084745762711865,83.61581920903954
E00007615,366,47,18,29,319,11,308,12.841530054644808,4.918032786885246,7.923497267759563,87.1584699453552,3.0054644808743167,84.15300546448088
E00007616,547,46,17,29,501,21,480,8.409506398537477,3.1078610603290677,5.301645338208409,91.59049360146253,3.8391224862888484,87.75137111517367
E00007617,317,39,9,30,278,27,251,12.302839116719243,2.8391167192429023,9.46372239747634,87.69716088328076,8.517350157728707,79.17981072555204
E00007618,340,50,34,16,290,15,275,14.705882352941178,10,4.705882352941177,85.29411764705883,4.411764705882353,80.88235294117648
E00007619,311,64,33,31,247,10,237,20.578778135048232,10.610932475884244,9.967845659163988,79.42122186495176,3.215434083601286,76.20578778135048
E00007620,344,30,16,14,314,21,293,8.720930232558139,4.651162790697675,4.069767441860465,91.27906976744185,6.104651162790697,85.17441860465115
E00007621,288,33,14,19,255,16,239,11.458333333333332,4.861111111111112,6.597222222222222,88.54166666666666,5.555555555555555,82.98611111111111
E00007622,297,40,15,25,257,16,241,13.468013468013467,5.05050505050505,8.417508417508419,86.53198653198653,5.387205387205387,81.14478114478115
E00007623,338,41,26,15,297,16,281,12.1301775147929,7.6923076923076925,4.437869822485207,87.86982248520711,4.733727810650888,83.13609467455622
E00007624,356,44,12,32,312,19,293,12.359550561797752,3.3707865168539324,8.98876404494382,87.64044943820225,5.337078651685393,82.30337078651685
E00007625,306,34,13,21,272,12,260,11.11111111111111,4.248366013071895,6.862745098039216,88.88888888888889,3.9215686274509802,84.9673202614379
E00007626,336,43,13,30,293,19,274,12.797619047619047,3.869047619047619,8.928571428571429,87.20238095238095,5.654761904761905,81.54761904761905
E00007627,352,27,9,18,325,16,309,7.670454545454546,2.556818181818182,5.113636363636364,92.32954545454545,4.545454545454546,87.7840909090909
E00007628,462,73,22,51,389,29,360,15.800865800865802,4.761904761904762,11.03896103896104,84.19913419913419,6.2770562770562766,77.92207792207793
E00007629,360,41,19,22,319,20,299,11.38888888888889,5.277777777777778,6.111111111111111,88.61111111111111,5.555555555555555,83.05555555555556
E00007630,303,23,12,11,280,20,260,7.590759075907591,3.9603960396039604,3.6303630363036308,92.4092409240924,6.6006600660066,85.8085808580858
E00007631,267,45,17,28,222,26,196,16.853932584269664,6.367041198501873,10.486891385767791,83.14606741573034,9.737827715355806,73.40823970037454
E00007632,261,63,19,44,198,16,182,24.137931034482758,7.2796934865900385,16.85823754789272,75.86206896551724,6.130268199233716,69.73180076628353
E00007633,340,52,16,36,288,15,273,15.294117647058824,4.705882352941177,10.588235294117647,84.70588235294117,4.411764705882353,80.29411764705883
E00007634,252,39,12,27,213,24,189,15.476190476190476,4.761904761904762,10.714285714285714,84.52380952380952,9.523809523809524,75
E00007635,505,68,24,44,437,41,396,13.465346534653467,4.752475247524752,8.712871287128712,86.53465346534654,8.118811881188119,78.41584158415841
E00007636,246,30,10,20,216,21,195,12.195121951219512,4.0650406504065035,8.130081300813007,87.8048780487805,8.536585365853659,79.26829268292683
E00007637,282,36,18,18,246,15,231,12.76595744680851,6.382978723404255,6.382978723404255,87.2340425531915,5.319148936170213,81.91489361702128
E00007638,344,32,12,20,312,17,295,9.30232558139535,3.488372093023256,5.813953488372093,90.69767441860465,4.941860465116279,85.75581395348837
E00007639,314,64,23,41,250,15,235,20.382165605095544,7.32484076433121,13.05732484076433,79.61783439490446,4.777070063694268,74.84076433121018
E00007640,394,49,15,34,345,27,318,12.436548223350254,3.807106598984772,8.629441624365482,87.56345177664974,6.852791878172589,80.71065989847716
E00007641,330,40,10,30,290,23,267,12.121212121212121,3.0303030303030303,9.090909090909092,87.87878787878788,6.969696969696971,80.9090909090909
E00007642,330,38,18,20,292,28,264,11.515151515151516,5.454545454545454,6.0606060606060606,88.48484848484848,8.484848484848486,80
E00007643,280,33,15,18,247,16,231,11.785714285714285,5.357142857142857,6.428571428571428,88.21428571428571,5.714285714285714,82.5
E00007644,353,40,16,24,313,22,291,11.3314447592068,4.53257790368272,6.79886685552408,88.6685552407932,6.232294617563739,82.43626062322946
E00007645,363,31,14,17,332,18,314,8.539944903581267,3.8567493112947657,4.683195592286501,91.46005509641874,4.958677685950414,86.50137741046832
E00007646,343,41,20,21,302,17,285,11.9533527696793,5.830903790087463,6.122448979591836,88.0466472303207,4.956268221574344,83.09037900874635
E00007647,344,48,21,27,296,20,276,13.953488372093023,6.104651162790697,7.848837209302325,86.04651162790698,5.813953488372093,80.23255813953489
E00007648,394,67,39,28,327,22,305,17.00507614213198,9.898477157360407,7.1065989847715745,82.99492385786802,5.583756345177665,77.41116751269035
E00007649,327,38,12,26,289,23,266,11.62079510703364,3.669724770642202,7.951070336391437,88.37920489296636,7.033639143730887,81.34556574923548
E00007650,317,35,12,23,282,11,271,11.041009463722396,3.7854889589905363,7.255520504731862,88.95899053627761,3.4700315457413247,85.48895899053628
E00007651,315,35,16,19,280,18,262,11.11111111111111,5.079365079365079,6.031746031746032,88.88888888888889,5.714285714285714,83.17460317460318
E00007652,373,45,12,33,328,27,301,12.064343163538874,3.2171581769436997,8.847184986595174,87.93565683646113,7.238605898123325,80.6970509383378
E00007653,338,43,17,26,295,19,276,12.721893491124261,5.029585798816568,7.6923076923076925,87.27810650887574,5.621301775147929,81.65680473372781
E00007654,222,52,26,26,170,15,155,23.423423423423422,11.711711711711711,11.711711711711711,76.57657657657657,6.756756756756757,69.81981981981981
E00007655,345,53,17,36,292,27,265,15.36231884057971,4.9275362318840585,10.434782608695652,84.63768115942028,7.82608695652174,76.81159420289855
E00007656,335,46,17,29,289,18,271,13.73134328358209,5.074626865671641,8.656716417910449,86.26865671641791,5.3731343283582085,80.8955223880597
E00007657,364,50,23,27,314,23,291,13.736263736263737,6.318681318681318,7.417582417582418,86.26373626373626,6.318681318681318,79.94505494505495
E00007658,342,27,13,14,315,12,303,7.894736842105263,3.8011695906432745,4.093567251461988,92.10526315789474,3.508771929824561,88.59649122807018
E00007659,250,33,9,24,217,9,208,13.200000000000001,3.5999999999999996,9.6,86.8,3.5999999999999996,83.2
E00007660,294,36,15,21,258,16,242,12.244897959183673,5.1020408163265305,7.142857142857142,87.75510204081633,5.442176870748299,82.31292517006803
E00007661,202,44,19,25,158,21,137,21.782178217821784,9.405940594059405,12.376237623762377,78.21782178217822,10.396039603960396,67.82178217821783
E00007662,312,47,22,25,265,27,238,15.064102564102564,7.051282051282051,8.012820512820513,84.93589743589743,8.653846153846153,76.28205128205127
E00007663,277,39,21,18,238,19,219,14.079422382671481,7.581227436823104,6.4981949458483745,85.92057761732852,6.859205776173286,79.06137184115524
E00007664,382,52,22,30,330,27,303,13.612565445026178,5.7591623036649215,7.853403141361256,86.38743455497382,7.068062827225131,79.31937172774869
E00007665,567,70,21,49,497,32,465,12.345679012345679,3.7037037037037033,8.641975308641975,87.65432098765432,5.64373897707231,82.01058201058201
E00007666,370,37,11,26,333,30,303,10,2.9729729729729732,7.027027027027027,90,8.108108108108109,81.89189189189189
E00007667,350,33,14,19,317,20,297,9.428571428571429,4,5.428571428571429,90.57142857142857,5.714285714285714,84.85714285714285
E00007668,406,101,47,54,305,13,292,24.876847290640395,11.576354679802956,13.30049261083744,75.1231527093596,3.201970443349754,71.92118226600985
E00007669,305,69,36,33,236,8,228,22.62295081967213,11.80327868852459,10.819672131147541,77.37704918032787,2.622950819672131,74.75409836065575
E00007670,431,59,26,33,372,18,354,13.68909512761021,6.0324825986078885,7.65661252900232,86.3109048723898,4.176334106728538,82.13457076566125
E00007671,254,37,17,20,217,7,210,14.566929133858267,6.692913385826772,7.874015748031496,85.43307086614173,2.7559055118110236,82.67716535433071
E00007672,231,47,23,24,184,10,174,20.346320346320347,9.956709956709958,10.38961038961039,79.65367965367966,4.329004329004329,75.32467532467533
E00007673,506,47,27,20,459,11,448,9.288537549407115,5.33596837944664,3.9525691699604746,90.71146245059289,2.1739130434782608,88.53754940711462
E00007674,378,52,23,29,326,11,315,13.756613756613756,6.084656084656085,7.671957671957672,86.24338624338624,2.91005291005291,83.33333333333334
E00007675,339,46,20,26,293,14,279,13.569321533923304,5.899705014749262,7.669616519174041,86.4306784660767,4.129793510324483,82.30088495575221
E00007676,398,72,30,42,326,14,312,18.090452261306535,7.537688442211055,10.552763819095476,81.90954773869346,3.5175879396984926,78.39195979899498
E00007677,395,65,36,29,330,8,322,16.455696202531644,9.113924050632912,7.341772151898734,83.54430379746836,2.0253164556962027,81.51898734177216
E00007678,386,75,49,26,311,16,295,19.4300518134715,12.694300518134716,6.7357512953367875,80.56994818652849,4.145077720207254,76.42487046632125
E00007679,431,49,25,24,382,21,361,11.36890951276102,5.800464037122969,5.56844547563805,88.63109048723898,4.872389791183294,83.75870069605568
E00007680,548,55,32,23,493,23,470,10.036496350364963,5.839416058394161,4.197080291970803,89.96350364963503,4.197080291970803,85.76642335766424
E00007681,506,49,27,22,457,16,441,9.683794466403162,5.33596837944664,4.3478260869565215,90.31620553359684,3.1620553359683794,87.15415019762845
E00007682,466,50,20,30,416,23,393,10.72961373390558,4.291845493562231,6.437768240343347,89.27038626609442,4.935622317596566,84.33476394849787
E00007683,443,62,24,38,381,17,364,13.99548532731377,5.417607223476298,8.577878103837472,86.00451467268623,3.837471783295711,82.16704288939052
E00007684,472,68,34,34,404,9,395,14.40677966101695,7.203389830508475,7.203389830508475,85.59322033898306,1.9067796610169492,83.6864406779661
E00007685,392,55,27,28,337,22,315,14.030612244897958,6.887755102040815,7.142857142857142,85.96938775510205,5.612244897959184,80.35714285714286
E00007686,354,49,24,25,305,19,286,13.841807909604519,6.779661016949152,7.062146892655368,86.15819209039547,5.367231638418079,80.7909604519774
E00007687,420,101,79,22,319,15,304,24.047619047619047,18.80952380952381,5.238095238095238,75.95238095238095,3.571428571428571,72.38095238095238
E00007688,337,50,23,27,287,14,273,14.836795252225517,6.824925816023739,8.011869436201781,85.16320474777447,4.154302670623145,81.00890207715133
E00007689,394,89,47,42,305,12,293,22.588832487309645,11.928934010152284,10.65989847715736,77.41116751269035,3.0456852791878175,74.36548223350253
E00007690,279,50,22,28,229,15,214,17.921146953405017,7.885304659498208,10.03584229390681,82.07885304659499,5.376344086021505,76.70250896057348
E00007691,377,111,74,37,266,9,257,29.44297082228117,19.628647214854112,9.814323607427056,70.55702917771883,2.3872679045092835,68.16976127320955
E00007692,343,44,18,26,299,19,280,12.82798833819242,5.247813411078718,7.580174927113703,87.17201166180757,5.539358600583091,81.63265306122449
E00007693,396,56,30,26,340,16,324,14.14141414141414,7.575757575757576,6.565656565656567,85.85858585858585,4.040404040404041,81.81818181818183
E00007694,381,55,26,29,326,21,305,14.435695538057743,6.824146981627297,7.611548556430446,85.56430446194226,5.511811023622047,80.0524934383202
E00007695,407,61,36,25,346,20,326,14.987714987714988,8.845208845208845,6.142506142506143,85.01228501228502,4.914004914004914,80.0982800982801
E00007696,463,71,34,37,392,30,362,15.334773218142548,7.343412526997841,7.991360691144708,84.66522678185746,6.479481641468683,78.18574514038878
E00007697,372,61,28,33,311,10,301,16.397849462365592,7.526881720430108,8.870967741935484,83.60215053763442,2.6881720430107525,80.91397849462365
E00007698,387,45,26,19,342,11,331,11.627906976744185,6.718346253229974,4.909560723514212,88.37209302325581,2.842377260981912,85.52971576227391
E00007699,391,54,25,29,337,11,326,13.810741687979538,6.3938618925831205,7.41687979539642,86.18925831202046,2.813299232736573,83.37595907928389
E00007700,476,78,34,44,398,19,379,16.386554621848738,7.142857142857142,9.243697478991598,83.61344537815127,3.9915966386554618,79.62184873949579
E00007701,327,65,31,34,262,5,257,19.877675840978593,9.480122324159021,10.397553516819572,80.1223241590214,1.529051987767584,78.59327217125383
E00007702,353,49,25,24,304,15,289,13.881019830028329,7.0821529745042495,6.79886685552408,86.11898016997166,4.2492917847025495,81.86968838526913
E00007703,364,61,33,28,303,14,289,16.758241758241756,9.065934065934066,7.6923076923076925,83.24175824175825,3.8461538461538463,79.3956043956044
E00007704,370,52,22,30,318,16,302,14.054054054054054,5.9459459459459465,8.108108108108109,85.94594594594595,4.324324324324325,81.62162162162161
E00007705,323,71,44,27,252,20,232,21.981424148606813,13.622291021671826,8.359133126934983,78.0185758513932,6.191950464396285,71.8266253869969
E00007706,414,62,29,33,352,12,340,14.975845410628018,7.004830917874397,7.971014492753622,85.02415458937197,2.898550724637681,82.1256038647343
E00007707,380,66,36,30,314,15,299,17.36842105263158,9.473684210526317,7.894736842105263,82.63157894736842,3.9473684210526314,78.6842105263158
E00007708,351,38,26,12,313,11,302,10.826210826210826,7.4074074074074066,3.418803418803419,89.17378917378917,3.133903133903134,86.03988603988604
E00007709,295,51,26,25,244,15,229,17.28813559322034,8.813559322033898,8.47457627118644,82.71186440677965,5.084745762711865,77.62711864406779
E00007710,349,44,23,21,305,15,290,12.607449856733524,6.59025787965616,6.017191977077363,87.39255014326648,4.297994269340974,83.0945558739255
E00007711,355,38,15,23,317,11,306,10.704225352112676,4.225352112676056,6.478873239436619,89.29577464788733,3.0985915492957745,86.19718309859155
E00007712,425,52,23,29,373,24,349,12.23529411764706,5.411764705882352,6.8235294117647065,87.76470588235294,5.647058823529412,82.11764705882352
E00007713,472,67,35,32,405,17,388,14.194915254237289,7.415254237288135,6.779661016949152,85.80508474576271,3.6016949152542375,82.20338983050848
E00007714,553,57,41,16,496,14,482,10.30741410488246,7.414104882459313,2.8933092224231465,89.69258589511753,2.5316455696202533,87.16094032549728
E00007715,379,56,27,29,323,13,310,14.775725593667547,7.12401055408971,7.651715039577836,85.22427440633246,3.430079155672823,81.79419525065963
E00007716,340,55,33,22,285,10,275,16.176470588235293,9.705882352941178,6.470588235294119,83.82352941176471,2.941176470588235,80.88235294117648
E00007717,335,41,25,16,294,11,283,12.238805970149254,7.462686567164178,4.776119402985075,87.76119402985074,3.2835820895522385,84.4776119402985
E00007718,370,53,26,27,317,13,304,14.324324324324325,7.027027027027027,7.297297297297297,85.67567567567568,3.5135135135135136,82.16216216216216
E00007719,410,40,14,26,370,13,357,9.75609756097561,3.414634146341464,6.341463414634147,90.2439024390244,3.1707317073170733,87.07317073170732
E00007720,415,39,17,22,376,11,365,9.397590361445783,4.096385542168675,5.301204819277109,90.60240963855422,2.6506024096385543,87.95180722891565
E00007721,362,67,40,27,295,5,290,18.50828729281768,11.049723756906078,7.458563535911603,81.49171270718232,1.3812154696132597,80.11049723756905
E00007722,400,42,17,25,358,20,338,10.5,4.25,6.25,89.5,5,84.5
E00007723,371,79,47,32,292,4,288,21.293800539083556,12.668463611859837,8.62533692722372,78.70619946091644,1.078167115902965,77.62803234501348
E00007724,395,46,23,23,349,15,334,11.645569620253164,5.822784810126582,5.822784810126582,88.35443037974684,3.79746835443038,84.55696202531645
E00007726,440,55,21,34,385,26,359,12.5,4.772727272727273,7.727272727272727,87.5,5.909090909090909,81.5909090909091
E00007727,504,64,37,27,440,12,428,12.698412698412698,7.341269841269842,5.357142857142857,87.3015873015873,2.380952380952381,84.92063492063492
E00007728,353,45,18,27,308,13,295,12.747875354107649,5.099150141643059,7.64872521246459,87.25212464589235,3.6827195467422094,83.56940509915015
E00007729,459,51,31,20,408,12,396,11.11111111111111,6.753812636165578,4.357298474945534,88.88888888888889,2.6143790849673203,86.27450980392157
E00007730,218,21,12,9,197,9,188,9.63302752293578,5.5045871559633035,4.128440366972478,90.36697247706422,4.128440366972478,86.23853211009175
E00007732,431,43,21,22,388,8,380,9.976798143851507,4.872389791183294,5.104408352668213,90.02320185614849,1.8561484918793503,88.16705336426914
E00007733,278,31,18,13,247,10,237,11.151079136690647,6.474820143884892,4.676258992805756,88.84892086330936,3.5971223021582732,85.25179856115108
E00007734,401,49,29,20,352,14,338,12.219451371571072,7.231920199501247,4.987531172069826,87.78054862842892,3.4912718204488775,84.28927680798004
E00007735,436,55,22,33,381,6,375,12.614678899082568,5.045871559633028,7.568807339449542,87.38532110091744,1.3761467889908259,86.0091743119266
E00007736,254,35,14,21,219,7,212,13.779527559055119,5.511811023622047,8.267716535433072,86.22047244094489,2.7559055118110236,83.46456692913385
E00007737,292,50,30,20,242,7,235,17.123287671232877,10.273972602739725,6.8493150684931505,82.87671232876713,2.3972602739726026,80.47945205479452
E00007738,241,50,27,23,191,4,187,20.74688796680498,11.20331950207469,9.54356846473029,79.25311203319502,1.6597510373443984,77.59336099585063
E00007739,446,48,21,27,398,17,381,10.762331838565023,4.708520179372197,6.053811659192825,89.23766816143498,3.811659192825112,85.42600896860986
E00007741,280,44,30,14,236,12,224,15.714285714285714,10.714285714285714,5,84.28571428571429,4.285714285714286,80
E00007742,486,64,32,32,422,10,412,13.168724279835391,6.584362139917696,6.584362139917696,86.83127572016461,2.05761316872428,84.77366255144034
E00007743,366,55,27,28,311,8,303,15.027322404371585,7.377049180327869,7.650273224043716,84.97267759562843,2.185792349726776,82.78688524590164
E00007745,470,50,21,29,420,16,404,10.638297872340425,4.468085106382979,6.170212765957447,89.36170212765957,3.404255319148936,85.95744680851064
E00007746,433,65,22,43,368,8,360,15.011547344110854,5.080831408775981,9.930715935334874,84.98845265588915,1.8475750577367205,83.14087759815243
E00007747,366,53,20,33,313,12,301,14.48087431693989,5.46448087431694,9.01639344262295,85.51912568306011,3.278688524590164,82.24043715846994
E00007750,452,76,48,28,376,18,358,16.8141592920354,10.619469026548673,6.1946902654867255,83.1858407079646,3.982300884955752,79.20353982300885
E00007751,397,44,22,22,353,20,333,11.083123425692696,5.541561712846348,5.541561712846348,88.9168765743073,5.037783375314862,83.87909319899244
E00007752,369,49,27,22,320,16,304,13.279132791327914,7.317073170731707,5.9620596205962055,86.72086720867209,4.336043360433604,82.38482384823848
E00007753,338,36,16,20,302,13,289,10.650887573964498,4.733727810650888,5.9171597633136095,89.3491124260355,3.8461538461538463,85.50295857988166
E00007754,380,32,13,19,348,24,324,8.421052631578947,3.421052631578948,5,91.57894736842105,6.315789473684211,85.26315789473684
E00007755,305,37,19,18,268,13,255,12.131147540983607,6.229508196721312,5.901639344262295,87.8688524590164,4.2622950819672125,83.60655737704919
E00007757,312,52,24,28,260,17,243,16.666666666666664,7.6923076923076925,8.974358974358974,83.33333333333334,5.448717948717949,77.88461538461539
E00007758,283,39,15,24,244,15,229,13.780918727915195,5.30035335689046,8.480565371024735,86.21908127208481,5.30035335689046,80.91872791519434
E00007759,274,44,28,16,230,12,218,16.05839416058394,10.218978102189782,5.839416058394161,83.94160583941606,4.37956204379562,79.56204379562044
E00007760,289,51,16,35,238,21,217,17.647058823529413,5.536332179930796,12.110726643598616,82.35294117647058,7.26643598615917,75.08650519031141
E00007761,387,24,8,16,363,25,338,6.2015503875969,2.0671834625323,4.1343669250646,93.7984496124031,6.459948320413436,87.33850129198967
E00007762,217,18,2,16,199,8,191,8.294930875576037,0.9216589861751152,7.373271889400922,91.70506912442397,3.686635944700461,88.0184331797235
E00007763,323,50,19,31,273,25,248,15.479876160990713,5.88235294117647,9.597523219814242,84.52012383900929,7.739938080495357,76.78018575851394
E00007764,404,38,14,24,366,23,343,9.405940594059405,3.4653465346534658,5.9405940594059405,90.5940594059406,5.693069306930694,84.9009900990099
E00007765,358,37,14,23,321,26,295,10.335195530726256,3.910614525139665,6.424581005586592,89.66480446927375,7.262569832402235,82.40223463687151
E00007766,378,60,41,19,318,21,297,15.873015873015872,10.846560846560847,5.026455026455026,84.12698412698413,5.555555555555555,78.57142857142857
E00007767,433,46,19,27,387,26,361,10.623556581986143,4.387990762124711,6.235565819861432,89.37644341801386,6.0046189376443415,83.37182448036951
E00007768,394,38,14,24,356,26,330,9.644670050761421,3.5532994923857872,6.091370558375635,90.35532994923858,6.598984771573605,83.75634517766497
E00007769,390,51,22,29,339,13,326,13.076923076923078,5.641025641025641,7.435897435897436,86.92307692307692,3.3333333333333335,83.58974358974359
E00007770,291,24,9,15,267,13,254,8.24742268041237,3.0927835051546393,5.154639175257731,91.75257731958763,4.4673539518900345,87.2852233676976
E00007771,372,39,21,18,333,17,316,10.483870967741936,5.64516129032258,4.838709677419355,89.51612903225806,4.56989247311828,84.94623655913979
E00007772,351,60,30,30,291,17,274,17.094017094017094,8.547008547008547,8.547008547008547,82.90598290598291,4.843304843304843,78.06267806267806
E00007773,366,42,15,27,324,22,302,11.475409836065573,4.098360655737705,7.377049180327869,88.52459016393442,6.0109289617486334,82.5136612021858
E00007774,353,38,18,20,315,15,300,10.764872521246458,5.099150141643059,5.6657223796034,89.23512747875354,4.2492917847025495,84.98583569405099
E00007775,312,36,14,22,276,17,259,11.538461538461538,4.487179487179487,7.051282051282051,88.46153846153845,5.448717948717949,83.01282051282051
E00007776,373,30,13,17,343,22,321,8.04289544235925,3.485254691689008,4.557640750670242,91.95710455764075,5.898123324396782,86.05898123324397
E00007777,304,43,20,23,261,16,245,14.144736842105262,6.578947368421052,7.565789473684211,85.85526315789474,5.263157894736842,80.5921052631579
E00007778,344,45,13,32,299,28,271,13.08139534883721,3.77906976744186,9.30232558139535,86.9186046511628,8.13953488372093,78.77906976744185
E00007779,331,36,13,23,295,31,264,10.876132930513595,3.927492447129909,6.948640483383686,89.12386706948641,9.365558912386707,79.7583081570997
E00007780,362,66,32,34,296,9,287,18.23204419889503,8.83977900552486,9.392265193370166,81.76795580110497,2.4861878453038675,79.28176795580112
E00007781,355,34,10,24,321,14,307,9.577464788732394,2.8169014084507045,6.760563380281689,90.4225352112676,3.943661971830986,86.47887323943661
E00007782,361,67,43,24,294,15,279,18.559556786703602,11.911357340720222,6.64819944598338,81.4404432132964,4.1551246537396125,77.28531855955679
E00007783,289,22,4,18,267,14,253,7.612456747404845,1.384083044982699,6.228373702422145,92.38754325259517,4.844290657439446,87.5432525951557
E00007784,408,68,31,37,340,27,313,16.666666666666664,7.598039215686274,9.068627450980392,83.33333333333334,6.61764705882353,76.7156862745098
E00007785,370,38,13,25,332,34,298,10.27027027027027,3.5135135135135136,6.756756756756757,89.72972972972974,9.18918918918919,80.54054054054053
E00007786,283,51,23,28,232,18,214,18.021201413427562,8.12720848056537,9.89399293286219,81.97879858657244,6.36042402826855,75.61837455830388
E00007787,435,95,47,48,340,13,327,21.839080459770116,10.804597701149426,11.03448275862069,78.16091954022988,2.9885057471264367,75.17241379310344
E00007788,278,36,11,25,242,17,225,12.949640287769784,3.9568345323741005,8.992805755395683,87.05035971223022,6.115107913669065,80.93525179856115
E00007789,337,29,10,19,308,14,294,8.605341246290802,2.967359050445104,5.637982195845697,91.3946587537092,4.154302670623145,87.24035608308606
E00007790,354,37,14,23,317,24,293,10.451977401129943,3.954802259887006,6.497175141242938,89.54802259887006,6.779661016949152,82.7683615819209
E00007791,294,29,10,19,265,22,243,9.863945578231291,3.4013605442176873,6.462585034013606,90.1360544217687,7.482993197278912,82.6530612244898
E00007792,276,27,4,23,249,24,225,9.782608695652174,1.4492753623188406,8.333333333333332,90.21739130434783,8.695652173913043,81.52173913043478
E00165799,401,30,17,13,371,14,357,7.4812967581047385,4.239401496259352,3.2418952618453867,92.51870324189527,3.4912718204488775,89.02743142144638
E00171128,297,19,11,8,278,6,272,6.397306397306397,3.7037037037037033,2.6936026936026933,93.60269360269359,2.0202020202020203,91.58249158249158
E00171130,299,35,17,18,264,10,254,11.705685618729097,5.68561872909699,6.0200668896321075,88.2943143812709,3.3444816053511706,84.94983277591973
E00171131,329,65,31,34,264,11,253,19.756838905775076,9.422492401215806,10.33434650455927,80.24316109422493,3.343465045592705,76.89969604863222
E00171133,284,43,20,23,241,10,231,15.140845070422534,7.042253521126761,8.098591549295776,84.85915492957746,3.5211267605633805,81.33802816901408
E00171135,255,40,25,15,215,6,209,15.686274509803921,9.803921568627452,5.88235294117647,84.31372549019608,2.3529411764705883,81.96078431372548
E00171136,336,45,27,18,291,11,280,13.392857142857142,8.035714285714286,5.357142857142857,86.60714285714286,3.273809523809524,83.33333333333334
E00171138,240,35,18,17,205,7,198,14.583333333333334,7.5,7.083333333333333,85.41666666666666,2.9166666666666665,82.5
E00171139,331,56,31,25,275,15,260,16.91842900302115,9.365558912386707,7.552870090634441,83.08157099697885,4.531722054380665,78.54984894259819
E00171142,256,44,21,23,212,6,206,17.1875,8.203125,8.984375,82.8125,2.34375,80.46875
E00171145,294,30,14,16,264,8,256,10.204081632653061,4.761904761904762,5.442176870748299,89.79591836734694,2.7210884353741496,87.07482993197279
E00171147,363,79,45,34,284,7,277,21.763085399449036,12.396694214876034,9.366391184573002,78.23691460055096,1.9283746556473829,76.30853994490359
E00171149,271,34,19,15,237,11,226,12.546125461254611,7.011070110701106,5.535055350553505,87.4538745387454,4.059040590405904,83.39483394833948
E00171152,500,90,34,56,410,19,391,18,6.800000000000001,11.200000000000001,82,3.8,78.2
E00171153,468,56,25,31,412,27,385,11.965811965811966,5.3418803418803416,6.623931623931624,88.03418803418803,5.769230769230769,82.26495726495726
E00171155,293,48,30,18,245,12,233,16.38225255972696,10.238907849829351,6.143344709897611,83.61774744027304,4.09556313993174,79.5221843003413
E00171156,302,29,16,13,273,14,259,9.602649006622517,5.298013245033113,4.304635761589404,90.39735099337747,4.635761589403973,85.76158940397352
E00171158,397,49,16,33,348,13,335,12.34256926952141,4.030226700251889,8.312342569269521,87.6574307304786,3.27455919395466,84.38287153652394
E00171159,134,21,11,10,113,2,111,15.671641791044777,8.208955223880597,7.462686567164178,84.32835820895522,1.4925373134328357,82.83582089552239
E00171161,273,29,12,17,244,11,233,10.622710622710622,4.395604395604396,6.227106227106227,89.37728937728939,4.029304029304029,85.34798534798534
E00171163,226,38,17,21,188,8,180,16.8141592920354,7.52212389380531,9.29203539823009,83.1858407079646,3.5398230088495577,79.64601769911505
E00171164,341,27,11,16,314,12,302,7.9178885630498534,3.225806451612903,4.69208211143695,92.08211143695014,3.519061583577713,88.56304985337243
E00171166,221,26,13,13,195,12,183,11.76470588235294,5.88235294117647,5.88235294117647,88.23529411764706,5.429864253393665,82.80542986425338
E00171167,340,18,6,12,322,17,305,5.294117647058823,1.7647058823529411,3.5294117647058822,94.70588235294117,5,89.70588235294117
E00171170,300,63,33,30,237,11,226,21,11,10,79,3.6666666666666665,75.33333333333333
E00171172,373,67,38,29,306,19,287,17.962466487935657,10.187667560321715,7.774798927613941,82.03753351206434,5.093833780160858,76.94369973190348
E00171175,370,45,28,17,325,20,305,12.162162162162163,7.567567567567568,4.594594594594595,87.83783783783784,5.405405405405405,82.43243243243244
E00171177,288,23,13,10,265,11,254,7.986111111111111,4.513888888888888,3.4722222222222223,92.01388888888889,3.8194444444444446,88.19444444444444
E00171178,315,37,18,19,278,15,263,11.746031746031745,5.714285714285714,6.031746031746032,88.25396825396825,4.761904761904762,83.4920634920635
E00171180,345,36,15,21,309,10,299,10.434782608695652,4.3478260869565215,6.086956521739131,89.56521739130436,2.898550724637681,86.66666666666667
E00171181,387,48,21,27,339,13,326,12.4031007751938,5.426356589147287,6.976744186046512,87.59689922480621,3.359173126614987,84.23772609819122
E00171183,367,27,10,17,340,5,335,7.3569482288828345,2.7247956403269753,4.632152588555858,92.64305177111717,1.3623978201634876,91.28065395095368
E00171184,255,28,15,13,227,5,222,10.980392156862745,5.88235294117647,5.098039215686274,89.01960784313725,1.9607843137254901,87.05882352941177
E00171480,392,39,20,19,353,16,337,9.948979591836734,5.1020408163265305,4.846938775510204,90.05102040816327,4.081632653061225,85.96938775510205
E00171481,376,37,19,18,339,11,328,9.840425531914894,5.053191489361701,4.787234042553192,90.1595744680851,2.925531914893617,87.2340425531915
E00178728,222,25,15,10,197,17,180,11.26126126126126,6.756756756756757,4.504504504504505,88.73873873873875,7.657657657657657,81.08108108108108
E00178729,337,63,36,27,274,10,264,18.694362017804153,10.682492581602373,8.011869436201781,81.30563798219585,2.967359050445104,78.33827893175074
E00178730,412,31,14,17,381,8,373,7.524271844660194,3.3980582524271843,4.12621359223301,92.47572815533981,1.9417475728155338,90.53398058252428
E00178731,437,79,34,45,358,17,341,18.07780320366133,7.780320366132723,10.297482837528605,81.92219679633868,3.8901601830663615,78.03203661327231
E00178732,301,16,4,12,285,9,276,5.3156146179401995,1.3289036544850499,3.9867109634551494,94.6843853820598,2.990033222591362,91.69435215946844
E00178737,190,33,14,19,157,6,151,17.36842105263158,7.368421052631578,10,82.63157894736842,3.1578947368421053,79.47368421052632
E00178738,268,32,21,11,236,8,228,11.940298507462686,7.835820895522389,4.104477611940299,88.05970149253731,2.9850746268656714,85.07462686567165
E00178739,254,15,9,6,239,11,228,5.905511811023622,3.543307086614173,2.3622047244094486,94.09448818897637,4.330708661417323,89.76377952755905
E00178742,452,60,27,33,392,8,384,13.274336283185843,5.9734513274336285,7.300884955752212,86.72566371681415,1.7699115044247788,84.95575221238938
E00178744,202,21,10,11,181,5,176,10.396039603960396,4.9504950495049505,5.445544554455446,89.60396039603961,2.4752475247524752,87.12871287128714
E00178746,339,56,22,34,283,20,263,16.519174041297934,6.489675516224189,10.029498525073747,83.48082595870207,5.899705014749262,77.5811209439528
E00178747,313,48,27,21,265,6,259,15.335463258785943,8.626198083067091,6.7092651757188495,84.66453674121406,1.9169329073482428,82.74760383386581
E00178748,311,28,9,19,283,9,274,9.003215434083602,2.8938906752411575,6.109324758842444,90.9967845659164,2.8938906752411575,88.10289389067523
E00178753,321,25,10,15,296,12,284,7.78816199376947,3.115264797507788,4.672897196261682,92.21183800623052,3.7383177570093453,88.47352024922118
E00178755,323,26,10,16,297,6,291,8.04953560371517,3.0959752321981426,4.953560371517028,91.95046439628483,1.8575851393188854,90.09287925696594
E00178759,133,15,9,6,118,7,111,11.278195488721805,6.7669172932330826,4.511278195488721,88.7218045112782,5.263157894736842,83.45864661654136
E00178763,353,36,15,21,317,7,310,10.198300283286118,4.2492917847025495,5.94900849858357,89.80169971671388,1.9830028328611897,87.81869688385268
E00178764,268,28,17,11,240,9,231,10.44776119402985,6.343283582089552,4.104477611940299,89.55223880597015,3.3582089552238807,86.19402985074626
E00178766,547,75,26,49,472,7,465,13.711151736745887,4.753199268738574,8.957952468007313,86.28884826325411,1.2797074954296161,85.0091407678245
E00178768,317,20,14,6,297,11,286,6.309148264984227,4.416403785488959,1.8927444794952681,93.69085173501577,3.4700315457413247,90.22082018927445
E00178771,405,93,53,40,312,9,303,22.962962962962962,13.086419753086421,9.876543209876543,77.03703703703704,2.2222222222222223,74.81481481481481
E00178776,141,2,1,1,139,4,135,1.4184397163120568,0.7092198581560284,0.7092198581560284,98.581560283687935,2.8368794326241136,95.74468085106383
E00178778,399,66,35,31,333,10,323,16.541353383458645,8.771929824561402,7.769423558897243,83.45864661654136,2.506265664160401,80.95238095238095
E00178779,489,52,34,18,437,7,430,10.633946830265849,6.952965235173824,3.6809815950920246,89.36605316973414,1.4314928425357873,87.93456032719837
E00178789,463,56,33,23,407,8,399,12.095032397408207,7.127429805615551,4.967602591792657,87.90496760259178,1.7278617710583155,86.17710583153347
E00178793,314,27,4,23,287,15,272,8.598726114649681,1.2738853503184715,7.32484076433121,91.40127388535032,4.777070063694268,86.62420382165605
E00178794,468,24,11,13,444,8,436,5.128205128205128,2.3504273504273505,2.7777777777777777,94.87179487179486,1.7094017094017095,93.16239316239316
E00178801,228,25,11,14,203,10,193,10.964912280701753,4.824561403508771,6.140350877192982,89.03508771929825,4.385964912280701,84.64912280701753
E00178802,188,19,9,10,169,13,156,10.106382978723403,4.787234042553192,5.319148936170213,89.8936170212766,6.914893617021277,82.97872340425532
E00178805,332,55,31,24,277,9,268,16.566265060240966,9.33734939759036,7.228915662650602,83.43373493975903,2.710843373493976,80.72289156626506
E00178807,174,28,9,19,146,4,142,16.091954022988507,5.172413793103448,10.919540229885058,83.9080459770115,2.2988505747126435,81.60919540229885
E00178813,372,59,35,24,313,11,302,15.86021505376344,9.408602150537634,6.451612903225806,84.13978494623656,2.956989247311828,81.18279569892472
E00178818,367,53,25,28,314,8,306,14.441416893732969,6.811989100817439,7.629427792915531,85.55858310626702,2.17983651226158,83.37874659400545
E00178819,476,47,24,23,429,23,406,9.873949579831933,5.042016806722689,4.831932773109244,90.12605042016807,4.831932773109244,85.29411764705883
E00178831,229,16,7,9,213,4,209,6.986899563318777,3.056768558951965,3.9301310043668125,93.01310043668121,1.7467248908296942,91.26637554585153
E00178848,515,43,16,27,472,19,453,8.349514563106796,3.1067961165048543,5.242718446601942,91.6504854368932,3.6893203883495143,87.96116504854369
E00178850,129,15,4,11,114,6,108,11.627906976744185,3.10077519379845,8.527131782945736,88.37209302325581,4.651162790697675,83.72093023255815
E00178851,212,32,19,13,180,3,177,15.09433962264151,8.962264150943396,6.132075471698113,84.90566037735849,1.4150943396226416,83.49056603773585
E00178855,486,37,18,19,449,18,431,7.613168724279835,3.7037037037037033,3.909465020576132,92.38683127572016,3.7037037037037033,88.68312757201646
E00178858,265,27,11,16,238,6,232,10.18867924528302,4.150943396226415,6.037735849056604,89.81132075471699,2.2641509433962264,87.54716981132076
E00178862,605,84,40,44,521,22,499,13.884297520661157,6.6115702479338845,7.2727272727272725,86.11570247933884,3.6363636363636362,82.47933884297521
E00178867,157,20,8,12,137,11,126,12.738853503184714,5.095541401273886,7.643312101910828,87.26114649681529,7.006369426751593,80.2547770700637
E00178872,542,58,31,27,484,23,461,10.70110701107011,5.719557195571956,4.981549815498155,89.2988929889299,4.243542435424354,85.05535055350553
E00178874,307,21,14,7,286,0,286,6.840390879478828,4.5602605863192185,2.2801302931596092,93.15960912052117,0,93.15960912052117
E00178877,298,92,78,14,206,5,201,30.87248322147651,26.174496644295303,4.697986577181208,69.12751677852349,1.6778523489932886,67.4496644295302
E00178879,476,68,34,34,408,21,387,14.285714285714285,7.142857142857142,7.142857142857142,85.71428571428571,4.411764705882353,81.30252100840336
E00178880,466,38,20,18,428,17,411,8.15450643776824,4.291845493562231,3.862660944206009,91.84549356223177,3.648068669527897,88.19742489270385
