OA,ts0590001,ts0590002,ts0590003,ts0590004,ts0590005,ts0590006,ts0590007,ts0590002_PCT,ts0590003_PCT,ts0590004_PCT,ts0590005_PCT,ts0590006_PCT,ts0590007_PCT
E00006910,209,72,24,48,137,118,19,34.44976076555024,11.483253588516746,22.966507177033492,65.55023923444976,56.45933014354066,9.090909090909092
E00006911,80,40,13,27,40,39,1,50,16.25,33.75,50,48.75,1.25
E00006912,243,88,19,69,155,144,11,36.21399176954733,7.818930041152264,28.39506172839506,63.78600823045267,59.25925925925925,4.526748971193416
E00006913,195,64,25,39,131,112,19,32.82051282051282,12.82051282051282,20,67.17948717948717,57.43589743589743,9.7435897435897445
E00006914,166,53,18,35,113,95,18,31.92771084337349,10.843373493975903,21.084337349397593,68.07228915662651,57.22891566265061,10.843373493975903
E00006915,127,43,12,31,84,72,12,33.85826771653544,9.448818897637794,24.409448818897637,66.14173228346458,56.69291338582677,9.448818897637794
E00006916,172,71,22,49,101,87,14,41.27906976744186,12.790697674418606,28.488372093023255,58.720930232558146,50.58139534883721,8.13953488372093
E00006917,203,75,28,47,128,111,17,36.94581280788177,13.793103448275861,23.15270935960591,63.05418719211823,54.679802955665025,8.374384236453201
E00006918,195,58,21,37,137,118,19,29.743589743589745,10.76923076923077,18.974358974358974,70.25641025641025,60.51282051282051,9.7435897435897445
E00006920,172,71,13,58,101,87,14,41.27906976744186,7.55813953488372,33.72093023255814,58.720930232558146,50.58139534883721,8.13953488372093
E00006921,169,58,20,38,111,92,19,34.319526627218934,11.834319526627219,22.485207100591715,65.68047337278107,54.437869822485204,11.242603550295858
E00006922,185,49,19,30,136,108,28,26.486486486486488,10.27027027027027,16.216216216216218,73.51351351351352,58.37837837837838,15.135135135135137
E00006923,209,73,33,40,136,113,23,34.92822966507177,15.789473684210526,19.138755980861244,65.07177033492823,54.066985645933016,11.004784688995215
E00006924,155,43,14,29,112,95,17,27.741935483870968,9.032258064516128,18.70967741935484,72.25806451612902,61.29032258064516,10.967741935483872
E00006925,148,53,28,25,95,86,9,35.810810810810814,18.91891891891892,16.89189189189189,64.1891891891892,58.108108108108105,6.081081081081082
E00006926,179,44,21,23,135,103,32,24.581005586592177,11.731843575418994,12.849162011173185,75.41899441340783,57.54189944134078,17.877094972067038
E00006927,168,85,29,56,83,71,12,50.595238095238095,17.261904761904763,33.33333333333333,49.404761904761905,42.26190476190476,7.142857142857142
E00006928,149,65,24,41,84,72,12,43.624161073825505,16.10738255033557,27.516778523489933,56.375838926174495,48.322147651006716,8.053691275167784
E00006929,231,89,30,59,142,114,28,38.52813852813853,12.987012987012985,25.541125541125542,61.471861471861466,49.35064935064935,12.121212121212121
E00006930,245,63,28,35,182,151,31,25.71428571428571,11.428571428571429,14.285714285714285,74.28571428571429,61.63265306122449,12.653061224489795
E00006931,145,52,19,33,93,81,12,35.86206896551724,13.10344827586207,22.758620689655174,64.13793103448275,55.86206896551724,8.275862068965518
E00006932,191,58,27,31,133,112,21,30.36649214659686,14.136125654450263,16.230366492146597,69.63350785340315,58.63874345549738,10.99476439790576
E00006933,173,55,23,32,118,100,18,31.79190751445087,13.294797687861271,18.497109826589593,68.20809248554913,57.80346820809249,10.404624277456648
E00006934,195,68,32,36,127,116,11,34.87179487179487,16.41025641025641,18.461538461538463,65.12820512820512,59.48717948717949,5.641025641025641
E00006935,201,66,24,42,135,114,21,32.83582089552239,11.940298507462686,20.8955223880597,67.16417910447761,56.71641791044776,10.44776119402985
E00006936,190,56,31,25,134,118,16,29.47368421052631,16.315789473684212,13.157894736842104,70.52631578947368,62.10526315789474,8.421052631578947
E00006937,234,77,29,48,157,137,20,32.9059829059829,12.393162393162394,20.51282051282051,67.09401709401709,58.54700854700855,8.547008547008547
E00006938,218,52,18,34,166,139,27,23.853211009174313,8.256880733944955,15.59633027522936,76.14678899082568,63.76146788990825,12.385321100917432
E00006939,97,35,6,29,62,52,10,36.08247422680412,6.185567010309279,29.896907216494846,63.91752577319587,53.608247422680414,10.309278350515463
E00006940,308,108,69,39,200,178,22,35.064935064935064,22.4025974025974,12.662337662337661,64.93506493506493,57.7922077922078,7.142857142857142
E00006941,216,63,23,40,153,120,33,29.166666666666668,10.648148148148149,18.51851851851852,70.83333333333334,55.55555555555556,15.277777777777779
E00006942,220,61,27,34,159,140,19,27.727272727272727,12.272727272727273,15.454545454545453,72.27272727272728,63.63636363636363,8.636363636363637
E00006943,225,66,28,38,159,136,23,29.333333333333332,12.444444444444445,16.88888888888889,70.66666666666667,60.44444444444444,10.222222222222223
E00006944,121,31,16,15,90,73,17,25.6198347107438,13.223140495867769,12.396694214876034,74.3801652892562,60.33057851239669,14.049586776859504
E00006945,184,67,26,41,117,103,14,36.41304347826087,14.130434782608695,22.282608695652172,63.58695652173913,55.97826086956522,7.608695652173914
E00006946,214,58,30,28,156,126,30,27.102803738317753,14.018691588785046,13.084112149532709,72.89719626168224,58.87850467289719,14.018691588785046
E00006947,227,60,25,35,167,135,32,26.431718061674008,11.013215859030836,15.418502202643172,73.568281938326,59.471365638766514,14.096916299559473
E00006948,172,75,31,44,97,73,24,43.604651162790695,18.023255813953487,25.581395348837212,56.395348837209305,42.44186046511628,13.953488372093023
E00006949,162,54,18,36,108,96,12,33.33333333333333,11.11111111111111,22.22222222222222,66.66666666666666,59.25925925925925,7.4074074074074066
E00006950,152,36,12,24,116,104,12,23.684210526315788,7.894736842105263,15.789473684210526,76.31578947368422,68.42105263157895,7.894736842105263
E00006951,156,37,15,22,119,96,23,23.717948717948715,9.615384615384617,14.102564102564102,76.28205128205127,61.53846153846154,14.743589743589745
E00006952,109,36,11,25,73,57,16,33.02752293577982,10.091743119266056,22.93577981651376,66.97247706422019,52.293577981651374,14.678899082568808
E00006953,168,56,15,41,112,91,21,33.33333333333333,8.928571428571429,24.404761904761905,66.66666666666666,54.166666666666664,12.5
E00006954,171,44,15,29,127,112,15,25.730994152046783,8.771929824561402,16.95906432748538,74.26900584795322,65.49707602339181,8.771929824561402
E00006955,146,44,15,29,102,92,10,30.136986301369863,10.273972602739725,19.863013698630137,69.86301369863014,63.013698630136986,6.8493150684931505
E00006956,171,47,23,24,124,110,14,27.485380116959064,13.450292397660817,14.035087719298245,72.51461988304094,64.32748538011695,8.187134502923977
E00006957,160,60,29,31,100,83,17,37.5,18.125,19.375,62.5,51.87500000000001,10.625
E00006958,189,53,20,33,136,119,17,28.04232804232804,10.582010582010582,17.46031746031746,71.95767195767195,62.96296296296296,8.994708994708994
E00006959,128,32,10,22,96,82,14,25,7.8125,17.1875,75,64.0625,10.9375
E00006960,121,37,12,25,84,59,25,30.57851239669421,9.917355371900827,20.66115702479339,69.42148760330579,48.760330578512395,20.66115702479339
E00006961,169,55,17,38,114,93,21,32.544378698224854,10.059171597633137,22.485207100591715,67.45562130177515,55.02958579881657,12.42603550295858
E00006962,150,41,16,25,109,89,20,27.333333333333332,10.666666666666668,16.666666666666664,72.66666666666667,59.333333333333336,13.333333333333334
E00006963,256,92,41,51,164,142,22,35.9375,16.015625,19.921875,64.0625,55.46875,8.59375
E00006964,177,43,17,26,134,112,22,24.293785310734464,9.6045197740113,14.689265536723164,75.70621468926554,63.2768361581921,12.429378531073446
E00006965,151,52,20,32,99,86,13,34.437086092715234,13.245033112582782,21.192052980132452,65.56291390728477,56.95364238410596,8.609271523178808
E00006966,151,51,18,33,100,88,12,33.77483443708609,11.920529801324504,21.85430463576159,66.22516556291392,58.27814569536424,7.9470198675496695
E00006967,72,25,5,20,47,37,10,34.72222222222222,6.944444444444445,27.77777777777778,65.27777777777779,51.388888888888886,13.88888888888889
E00006968,241,89,35,54,152,119,33,36.92946058091287,14.522821576763487,22.40663900414938,63.07053941908713,49.37759336099585,13.692946058091287
E00006969,160,47,11,36,113,97,16,29.375,6.875000000000001,22.5,70.625,60.62499999999999,10
E00006970,191,46,17,29,145,119,26,24.083769633507853,8.900523560209423,15.18324607329843,75.91623036649214,62.30366492146597,13.612565445026178
E00006971,145,58,23,35,87,79,8,40,15.862068965517242,24.137931034482758,60,54.48275862068965,5.517241379310345
E00006972,179,50,18,32,129,111,18,27.932960893854748,10.05586592178771,17.877094972067038,72.06703910614524,62.01117318435754,10.05586592178771
E00006973,228,86,44,42,142,123,19,37.719298245614034,19.298245614035086,18.421052631578945,62.28070175438597,53.94736842105263,8.333333333333332
E00006974,167,47,16,31,120,106,14,28.143712574850298,9.580838323353294,18.562874251497004,71.8562874251497,63.47305389221557,8.383233532934131
E00006975,163,56,21,35,107,95,12,34.355828220858896,12.883435582822086,21.472392638036812,65.6441717791411,58.282208588957054,7.361963190184049
E00006976,174,72,25,47,102,93,9,41.37931034482759,14.367816091954023,27.011494252873565,58.620689655172406,53.44827586206896,5.172413793103448
E00006977,159,59,16,43,100,80,20,37.10691823899371,10.062893081761008,27.044025157232703,62.893081761006286,50.314465408805034,12.578616352201259
E00006978,132,36,21,15,96,79,17,27.27272727272727,15.909090909090908,11.363636363636363,72.72727272727273,59.84848484848485,12.878787878787879
E00006979,90,31,14,17,59,53,6,34.44444444444444,15.555555555555555,18.88888888888889,65.55555555555556,58.88888888888889,6.666666666666667
E00006980,169,58,22,36,111,92,19,34.319526627218934,13.017751479289942,21.301775147928996,65.68047337278107,54.437869822485204,11.242603550295858
E00006981,160,45,12,33,115,103,12,28.125,7.5,20.625,71.875,64.375,7.5
E00006982,118,37,17,20,81,60,21,31.35593220338983,14.40677966101695,16.94915254237288,68.64406779661016,50.847457627118644,17.796610169491526
E00006983,148,45,19,26,103,72,31,30.405405405405407,12.837837837837837,17.56756756756757,69.5945945945946,48.64864864864865,20.945945945945947
E00006984,164,47,16,31,117,101,16,28.65853658536585,9.75609756097561,18.902439024390244,71.34146341463415,61.58536585365854,9.75609756097561
E00006985,134,44,21,23,90,71,19,32.83582089552239,15.671641791044777,17.16417910447761,67.16417910447761,52.98507462686567,14.17910447761194
E00006986,159,46,17,29,113,96,17,28.930817610062892,10.69182389937107,18.238993710691823,71.0691823899371,60.37735849056604,10.69182389937107
E00006987,127,32,14,18,95,76,19,25.196850393700785,11.023622047244094,14.173228346456693,74.80314960629921,59.84251968503938,14.960629921259844
E00006988,161,53,20,33,108,97,11,32.91925465838509,12.422360248447205,20.496894409937887,67.08074534161491,60.24844720496895,6.832298136645963
E00006989,171,55,18,37,116,100,16,32.16374269005848,10.526315789473683,21.637426900584796,67.83625730994152,58.47953216374269,9.35672514619883
E00006990,102,31,9,22,71,57,14,30.392156862745097,8.823529411764707,21.568627450980394,69.6078431372549,55.88235294117647,13.725490196078432
E00006991,134,40,13,27,94,78,16,29.850746268656714,9.701492537313433,20.149253731343283,70.1492537313433,58.2089552238806,11.940298507462686
E00006992,158,52,20,32,106,92,14,32.91139240506329,12.658227848101266,20.253164556962027,67.08860759493672,58.22784810126582,8.860759493670885
E00006993,144,48,17,31,96,87,9,33.33333333333333,11.805555555555555,21.52777777777778,66.66666666666666,60.416666666666664,6.25
E00006994,168,48,18,30,120,99,21,28.57142857142857,10.714285714285714,17.857142857142858,71.42857142857143,58.92857142857143,12.5
E00006995,164,58,30,28,106,78,28,35.36585365853659,18.29268292682927,17.073170731707318,64.63414634146342,47.5609756097561,17.073170731707318
E00006996,124,41,18,23,83,69,14,33.064516129032256,14.516129032258066,18.548387096774192,66.93548387096774,55.64516129032258,11.29032258064516
E00006997,150,48,17,31,102,98,4,32,11.333333333333332,20.666666666666668,68,65.33333333333333,2.666666666666667
E00006998,155,56,24,32,99,74,25,36.12903225806451,15.483870967741936,20.64516129032258,63.87096774193548,47.74193548387097,16.129032258064516
E00006999,168,55,9,46,113,99,14,32.73809523809524,5.357142857142857,27.380952380952383,67.26190476190477,58.92857142857143,8.333333333333332
E00007000,145,43,16,27,102,88,14,29.655172413793103,11.03448275862069,18.620689655172416,70.34482758620689,60.689655172413794,9.655172413793103
E00007001,151,48,17,31,103,92,11,31.788079470198678,11.258278145695364,20.52980132450331,68.21192052980133,60.9271523178808,7.28476821192053
E00007002,110,55,22,33,55,48,7,50,20,30,50,43.63636363636363,6.363636363636363
E00007003,137,68,21,47,69,60,9,49.63503649635037,15.328467153284672,34.306569343065696,50.36496350364964,43.79562043795621,6.569343065693431
E00007004,144,40,18,22,104,85,19,27.77777777777778,12.5,15.277777777777779,72.22222222222221,59.02777777777778,13.194444444444445
E00007005,175,53,12,41,122,104,18,30.28571428571429,6.857142857142858,23.42857142857143,69.71428571428572,59.42857142857143,10.285714285714285
E00007006,82,25,6,19,57,53,4,30.48780487804878,7.317073170731707,23.170731707317074,69.51219512195121,64.63414634146342,4.878048780487805
E00007007,176,46,12,34,130,110,20,26.136363636363637,6.8181818181818175,19.318181818181817,73.86363636363636,62.5,11.363636363636363
E00007008,141,55,18,37,86,78,8,39.00709219858156,12.76595744680851,26.24113475177305,60.99290780141844,55.319148936170215,5.673758865248227
E00007009,110,41,17,24,69,58,11,37.27272727272727,15.454545454545453,21.818181818181817,62.727272727272734,52.72727272727272,10
E00007010,65,23,5,18,42,36,6,35.38461538461539,7.6923076923076925,27.692307692307693,64.61538461538461,55.38461538461539,9.230769230769232
E00007011,75,27,9,18,48,45,3,36,12,24,64,60,4
E00007012,169,49,21,28,120,104,16,28.994082840236686,12.42603550295858,16.56804733727811,71.00591715976331,61.53846153846154,9.467455621301776
E00007013,166,54,22,32,112,99,13,32.53012048192771,13.253012048192772,19.27710843373494,67.46987951807229,59.63855421686747,7.83132530120482
E00007014,171,57,4,53,114,101,13,33.33333333333333,2.3391812865497075,30.994152046783626,66.66666666666666,59.06432748538012,7.602339181286549
E00007015,166,45,14,31,121,101,20,27.10843373493976,8.433734939759036,18.67469879518072,72.89156626506023,60.8433734939759,12.048192771084338
E00007016,283,96,22,74,187,167,20,33.92226148409894,7.773851590106007,26.148409893992934,66.07773851590106,59.01060070671378,7.06713780918728
E00007017,70,25,7,18,45,39,6,35.714285714285715,10,25.71428571428571,64.28571428571429,55.714285714285715,8.571428571428571
E00007019,164,40,11,29,124,106,18,24.390243902439025,6.707317073170732,17.682926829268293,75.60975609756098,64.63414634146342,10.975609756097562
E00007020,167,43,15,28,124,107,17,25.748502994011975,8.982035928143713,16.766467065868262,74.25149700598801,64.07185628742515,10.179640718562874
E00007021,95,28,8,20,67,57,10,29.47368421052631,8.421052631578947,21.052631578947366,70.52631578947368,60,10.526315789473683
E00007022,158,46,16,30,112,102,10,29.11392405063291,10.126582278481013,18.9873417721519,70.88607594936708,64.55696202531645,6.329113924050633
E00007023,112,30,15,15,82,74,8,26.785714285714285,13.392857142857142,13.392857142857142,73.21428571428571,66.07142857142857,7.142857142857142
E00007024,130,36,9,27,94,75,19,27.692307692307693,6.923076923076923,20.76923076923077,72.3076923076923,57.692307692307686,14.615384615384617
E00007025,112,31,11,20,81,66,15,27.67857142857143,9.821428571428571,17.857142857142858,72.32142857142857,58.92857142857143,13.392857142857142
E00007027,124,49,15,34,75,63,12,39.516129032258064,12.096774193548388,27.419354838709676,60.483870967741936,50.806451612903224,9.67741935483871
E00007028,117,45,15,30,72,64,8,38.46153846153847,12.82051282051282,25.64102564102564,61.53846153846154,54.700854700854705,6.837606837606838
E00007029,200,59,26,33,141,103,38,29.5,13,16.5,70.5,51.5,19
E00007030,162,51,23,28,111,93,18,31.48148148148148,14.19753086419753,17.28395061728395,68.51851851851852,57.407407407407405,11.11111111111111
E00007031,125,56,24,32,69,60,9,44.800000000000004,19.2,25.6,55.2,48,7.199999999999999
E00007032,136,46,22,24,90,74,16,33.82352941176471,16.176470588235293,17.647058823529413,66.17647058823529,54.41176470588235,11.76470588235294
E00007033,193,43,10,33,150,131,19,22.279792746113987,5.181347150259067,17.098445595854923,77.720207253886,67.87564766839378,9.844559585492227
E00007034,87,34,15,19,53,45,8,39.08045977011494,17.24137931034483,21.839080459770116,60.91954022988506,51.724137931034484,9.195402298850574
E00007035,200,70,29,41,130,104,26,35,14.499999999999998,20.5,65,52,13
E00007036,170,61,23,38,109,99,10,35.88235294117647,13.529411764705882,22.35294117647059,64.11764705882354,58.235294117647065,5.88235294117647
E00007037,129,40,16,24,89,80,9,31.007751937984494,12.4031007751938,18.6046511627907,68.9922480620155,62.01550387596899,6.976744186046512
E00007038,146,56,18,38,90,72,18,38.35616438356164,12.32876712328767,26.027397260273972,61.64383561643836,49.31506849315068,12.32876712328767
E00007039,158,45,21,24,113,97,16,28.48101265822785,13.291139240506327,15.18987341772152,71.51898734177216,61.39240506329114,10.126582278481013
E00007040,156,40,14,26,116,94,22,25.64102564102564,8.974358974358974,16.666666666666664,74.35897435897436,60.256410256410255,14.102564102564102
E00007041,142,52,17,35,90,77,13,36.61971830985916,11.971830985915492,24.647887323943664,63.38028169014085,54.22535211267606,9.15492957746479
E00007042,163,63,18,45,100,80,20,38.65030674846626,11.042944785276074,27.607361963190186,61.34969325153374,49.079754601226995,12.269938650306749
E00007043,195,67,20,47,128,117,11,34.35897435897436,10.256410256410255,24.102564102564102,65.64102564102564,60,5.641025641025641
E00007044,148,45,20,25,103,91,12,30.405405405405407,13.513513513513514,16.89189189189189,69.5945945945946,61.48648648648649,8.108108108108109
E00007045,155,53,20,33,102,86,16,34.193548387096776,12.903225806451612,21.29032258064516,65.80645161290323,55.483870967741936,10.32258064516129
E00007047,157,62,21,41,95,84,11,39.490445859872615,13.375796178343949,26.11464968152866,60.509554140127385,53.503184713375795,7.006369426751593
E00007049,212,70,27,43,142,120,22,33.0188679245283,12.735849056603774,20.28301886792453,66.98113207547169,56.60377358490566,10.377358490566039
E00007050,194,67,32,35,127,80,47,34.5360824742268,16.49484536082474,18.04123711340206,65.4639175257732,41.23711340206185,24.22680412371134
E00007052,183,52,27,25,131,78,53,28.415300546448087,14.754098360655737,13.661202185792352,71.58469945355192,42.62295081967213,28.96174863387978
E00007053,159,53,24,29,106,72,34,33.33333333333333,15.09433962264151,18.238993710691823,66.66666666666666,45.28301886792453,21.38364779874214
E00007054,225,68,31,37,157,104,53,30.22222222222222,13.777777777777779,16.444444444444446,69.77777777777779,46.22222222222222,23.555555555555554
E00007055,201,66,32,34,135,92,43,32.83582089552239,15.92039800995025,16.91542288557214,67.16417910447761,45.77114427860697,21.393034825870647
E00007056,196,61,32,29,135,95,40,31.122448979591837,16.3265306122449,14.795918367346939,68.87755102040816,48.46938775510204,20.408163265306122
E00007057,217,78,31,47,139,96,43,35.944700460829495,14.285714285714285,21.658986175115206,64.0552995391705,44.23963133640553,19.81566820276498
E00007058,128,37,17,20,91,73,18,28.90625,13.28125,15.625,71.09375,57.03125,14.0625
E00007059,142,43,13,30,99,80,19,30.28169014084507,9.15492957746479,21.12676056338028,69.71830985915493,56.33802816901409,13.380281690140844
E00007060,163,53,21,32,110,95,15,32.515337423312886,12.883435582822086,19.631901840490798,67.48466257668711,58.282208588957054,9.202453987730062
E00007061,182,64,22,42,118,100,18,35.16483516483517,12.087912087912088,23.076923076923077,64.83516483516483,54.94505494505495,9.89010989010989
E00007062,140,61,19,42,79,67,12,43.57142857142857,13.571428571428571,30,56.42857142857143,47.85714285714286,8.571428571428571
E00007063,178,51,17,34,127,107,20,28.651685393258425,9.550561797752808,19.101123595505616,71.34831460674157,60.1123595505618,11.235955056179774
E00007064,44,24,8,16,20,20,0,54.54545454545454,18.181818181818183,36.36363636363637,45.45454545454545,45.45454545454545,0
E00007066,176,61,27,34,115,96,19,34.659090909090914,15.340909090909092,19.318181818181817,65.3409090909091,54.54545454545454,10.795454545454545
E00007067,163,52,19,33,111,88,23,31.901840490797547,11.65644171779141,20.245398773006134,68.09815950920245,53.987730061349694,14.11042944785276
E00007068,112,32,9,23,80,63,17,28.57142857142857,8.035714285714286,20.535714285714285,71.42857142857143,56.25,15.178571428571427
E00007069,165,56,23,33,109,84,25,33.939393939393945,13.939393939393941,20,66.06060606060606,50.90909090909091,15.151515151515152
E00007070,130,48,17,31,82,67,15,36.92307692307693,13.076923076923078,23.846153846153847,63.07692307692307,51.53846153846153,11.538461538461538
E00007071,175,65,25,40,110,89,21,37.142857142857146,14.285714285714285,22.857142857142858,62.857142857142854,50.857142857142854,12
E00007072,154,57,21,36,97,79,18,37.01298701298701,13.636363636363635,23.376623376623375,62.98701298701299,51.298701298701296,11.688311688311687
E00007073,100,32,7,25,68,58,10,32,7.000000000000001,25,68,57.99999999999999,10
E00007074,158,61,22,39,97,89,8,38.607594936708864,13.924050632911392,24.68354430379747,61.39240506329114,56.32911392405063,5.063291139240507
E00007075,155,64,16,48,91,85,6,41.29032258064516,10.32258064516129,30.967741935483872,58.70967741935483,54.83870967741935,3.870967741935484
E00007076,194,80,24,56,114,101,13,41.23711340206185,12.371134020618557,28.865979381443296,58.76288659793815,52.0618556701031,6.701030927835052
E00007077,151,75,11,64,76,64,12,49.668874172185426,7.28476821192053,42.384105960264904,50.331125827814574,42.384105960264904,7.9470198675496695
E00007078,207,88,39,49,119,110,9,42.51207729468599,18.84057971014493,23.67149758454106,57.48792270531401,53.14009661835749,4.3478260869565215
E00007079,86,31,8,23,55,45,10,36.04651162790697,9.30232558139535,26.744186046511626,63.95348837209303,52.32558139534884,11.627906976744185
E00007080,101,53,13,40,48,44,4,52.475247524752476,12.871287128712872,39.603960396039604,47.524752475247524,43.56435643564357,3.9603960396039604
E00007081,193,79,20,59,114,103,11,40.932642487046635,10.362694300518134,30.569948186528496,59.067357512953365,53.36787564766839,5.699481865284974
E00007082,78,37,13,24,41,35,6,47.43589743589743,16.666666666666664,30.76923076923077,52.56410256410257,44.871794871794876,7.6923076923076925
E00007083,182,59,22,37,123,102,21,32.417582417582416,12.087912087912088,20.32967032967033,67.58241758241759,56.043956043956044,11.538461538461538
E00007084,200,85,29,56,115,106,9,42.5,14.499999999999998,28.000000000000004,57.49999999999999,53,4.5
E00007085,145,56,10,46,89,75,14,38.62068965517241,6.896551724137931,31.724137931034484,61.37931034482759,51.724137931034484,9.655172413793103
E00007086,141,65,26,39,76,65,11,46.09929078014184,18.439716312056735,27.659574468085108,53.90070921985816,46.09929078014184,7.801418439716312
E00007087,94,52,17,35,42,35,7,55.319148936170215,18.085106382978726,37.234042553191486,44.680851063829785,37.234042553191486,7.446808510638298
E00007088,141,55,20,35,86,66,20,39.00709219858156,14.184397163120568,24.822695035460992,60.99290780141844,46.808510638297875,14.184397163120568
E00007089,132,62,20,42,70,53,17,46.96969696969697,15.151515151515152,31.818181818181817,53.03030303030303,40.15151515151515,12.878787878787879
E00007090,162,77,30,47,85,80,5,47.53086419753087,18.51851851851852,29.01234567901235,52.46913580246913,49.382716049382715,3.0864197530864197
E00007092,78,39,11,28,39,36,3,50,14.102564102564102,35.8974358974359,50,46.15384615384615,3.8461538461538463
E00007093,56,23,7,16,33,30,3,41.07142857142857,12.5,28.57142857142857,58.92857142857143,53.57142857142857,5.357142857142857
E00007094,119,67,18,49,52,47,5,56.30252100840336,15.126050420168067,41.17647058823529,43.69747899159664,39.49579831932773,4.201680672268908
E00007096,74,31,12,19,43,36,7,41.891891891891895,16.216216216216218,25.675675675675674,58.108108108108105,48.64864864864865,9.45945945945946
E00007098,47,16,7,9,31,29,2,34.04255319148936,14.893617021276595,19.148936170212767,65.95744680851064,61.702127659574465,4.25531914893617
E00007099,164,71,24,47,93,84,9,43.292682926829265,14.634146341463413,28.65853658536585,56.70731707317073,51.21951219512195,5.487804878048781
E00007100,161,61,22,39,100,80,20,37.88819875776397,13.664596273291925,24.22360248447205,62.11180124223602,49.68944099378882,12.422360248447205
E00007101,108,47,15,32,61,57,4,43.51851851851852,13.88888888888889,29.629629629629626,56.481481481481474,52.77777777777778,3.7037037037037033
E00007102,147,55,14,41,92,81,11,37.41496598639456,9.523809523809524,27.89115646258503,62.585034013605444,55.10204081632652,7.482993197278912
E00007103,105,49,16,33,56,48,8,46.666666666666664,15.238095238095239,31.428571428571427,53.333333333333336,45.714285714285715,7.6190476190476195
E00007105,115,51,16,35,64,53,11,44.34782608695652,13.91304347826087,30.434782608695656,55.65217391304348,46.08695652173913,9.565217391304348
E00007106,126,66,26,40,60,49,11,52.38095238095239,20.634920634920633,31.746031746031743,47.61904761904761,38.88888888888889,8.73015873015873
E00007107,120,50,18,32,70,60,10,41.66666666666667,15,26.666666666666668,58.333333333333336,50,8.333333333333332
E00007108,162,69,20,49,93,79,14,42.592592592592595,12.345679012345679,30.246913580246915,57.407407407407405,48.76543209876543,8.641975308641975
E00007109,181,69,23,46,112,96,16,38.12154696132597,12.70718232044199,25.41436464088398,61.87845303867403,53.03867403314917,8.83977900552486
E00007110,156,58,21,37,98,87,11,37.17948717948718,13.461538461538462,23.717948717948715,62.82051282051282,55.769230769230774,7.051282051282051
E00007111,173,62,19,43,111,95,16,35.83815028901734,10.982658959537572,24.85549132947977,64.16184971098265,54.91329479768786,9.248554913294797
E00007112,92,41,12,29,51,50,1,44.565217391304344,13.043478260869565,31.521739130434785,55.434782608695656,54.347826086956516,1.0869565217391304
E00007113,151,48,14,34,103,86,17,31.788079470198678,9.271523178807946,22.516556291390728,68.21192052980133,56.95364238410596,11.258278145695364
E00007114,147,61,14,47,86,79,7,41.49659863945578,9.523809523809524,31.97278911564626,58.50340136054422,53.74149659863946,4.761904761904762
E00007115,131,63,20,43,68,58,10,48.091603053435115,15.267175572519085,32.82442748091603,51.908396946564885,44.274809160305345,7.633587786259542
E00007116,143,71,24,47,72,67,5,49.65034965034965,16.783216783216783,32.86713286713287,50.349650349650354,46.85314685314685,3.4965034965034967
E00007117,143,48,15,33,95,87,8,33.56643356643357,10.48951048951049,23.076923076923077,66.43356643356644,60.83916083916085,5.594405594405594
E00007118,104,50,18,32,54,48,6,48.07692307692308,17.307692307692307,30.76923076923077,51.92307692307693,46.15384615384615,5.769230769230769
E00007119,132,55,22,33,77,70,7,41.66666666666667,16.666666666666664,25,58.333333333333336,53.03030303030303,5.303030303030303
E00007120,124,58,16,42,66,58,8,46.774193548387096,12.903225806451612,33.87096774193548,53.2258064516129,46.774193548387096,6.451612903225806
E00007121,148,68,17,51,80,70,10,45.94594594594595,11.486486486486488,34.45945945945946,54.054054054054056,47.2972972972973,6.756756756756757
E00007122,103,39,11,28,64,58,6,37.86407766990291,10.679611650485436,27.184466019417474,62.13592233009708,56.310679611650485,5.825242718446602
E00007123,133,65,22,43,68,61,7,48.87218045112782,16.541353383458645,32.33082706766917,51.127819548872175,45.86466165413533,5.263157894736842
E00007124,165,60,19,41,105,90,15,36.36363636363637,11.515151515151516,24.848484848484848,63.63636363636363,54.54545454545454,9.090909090909092
E00007125,149,44,14,30,105,97,8,29.53020134228188,9.395973154362416,20.13422818791946,70.46979865771812,65.1006711409396,5.369127516778524
E00007126,180,75,28,47,105,94,11,41.66666666666667,15.555555555555555,26.111111111111114,58.333333333333336,52.22222222222223,6.111111111111111
E00007127,204,74,24,50,130,117,13,36.27450980392157,11.76470588235294,24.509803921568626,63.725490196078425,57.35294117647059,6.372549019607843
E00007128,156,55,20,35,101,92,9,35.256410256410255,12.82051282051282,22.435897435897438,64.74358974358975,58.97435897435898,5.769230769230769
E00007129,103,49,16,33,54,49,5,47.57281553398058,15.53398058252427,32.038834951456316,52.42718446601942,47.57281553398058,4.854368932038835
E00007130,170,64,32,32,106,96,10,37.64705882352941,18.823529411764707,18.823529411764707,62.35294117647059,56.470588235294116,5.88235294117647
E00007131,159,68,29,39,91,83,8,42.76729559748428,18.238993710691823,24.528301886792452,57.23270440251572,52.20125786163522,5.031446540880504
E00007132,126,44,13,31,82,66,16,34.92063492063492,10.317460317460316,24.6031746031746,65.07936507936508,52.38095238095239,12.698412698412698
E00007133,177,55,18,37,122,113,9,31.07344632768362,10.16949152542373,20.903954802259886,68.92655367231639,63.84180790960452,5.084745762711865
E00007134,150,69,25,44,81,76,5,46,16.666666666666664,29.333333333333332,54,50.66666666666667,3.3333333333333335
E00007135,137,68,25,43,69,62,7,49.63503649635037,18.248175182481752,31.386861313868614,50.36496350364964,45.25547445255474,5.109489051094891
E00007136,109,47,14,33,62,57,5,43.11926605504588,12.844036697247708,30.275229357798167,56.88073394495413,52.293577981651374,4.587155963302752
E00007137,175,53,16,37,122,107,15,30.28571428571429,9.142857142857142,21.142857142857142,69.71428571428572,61.142857142857146,8.571428571428571
E00007138,148,51,20,31,97,86,11,34.45945945945946,13.513513513513514,20.945945945945947,65.54054054054053,58.108108108108105,7.4324324324324325
E00007139,126,50,14,36,76,64,12,39.682539682539684,11.11111111111111,28.57142857142857,60.317460317460316,50.79365079365079,9.523809523809524
E00007140,158,40,7,33,118,110,8,25.31645569620253,4.430379746835443,20.88607594936709,74.68354430379746,69.62025316455697,5.063291139240507
E00007141,122,50,12,38,72,67,5,40.98360655737705,9.836065573770492,31.147540983606557,59.01639344262295,54.91803278688525,4.098360655737705
E00007142,91,37,12,25,54,49,5,40.65934065934066,13.186813186813188,27.472527472527474,59.34065934065934,53.84615384615385,5.4945054945054945
E00007143,163,62,27,35,101,84,17,38.036809815950924,16.56441717791411,21.472392638036812,61.963190184049076,51.533742331288344,10.429447852760736
E00007144,148,66,25,41,82,67,15,44.5945945945946,16.89189189189189,27.7027027027027,55.4054054054054,45.27027027027027,10.135135135135135
E00007146,107,37,17,20,70,63,7,34.57943925233645,15.887850467289718,18.69158878504673,65.42056074766354,58.87850467289719,6.5420560747663545
E00007147,164,59,21,38,105,87,18,35.97560975609756,12.804878048780488,23.170731707317074,64.02439024390245,53.04878048780488,10.975609756097562
E00007148,116,44,12,32,72,66,6,37.93103448275862,10.344827586206897,27.586206896551722,62.06896551724138,56.896551724137936,5.172413793103448
E00007149,84,48,12,36,36,32,4,57.14285714285714,14.285714285714285,42.857142857142854,42.857142857142854,38.095238095238095,4.761904761904762
E00007150,81,25,6,19,56,48,8,30.864197530864196,7.4074074074074066,23.456790123456788,69.1358024691358,59.25925925925925,9.876543209876543
E00007151,90,39,13,26,51,48,3,43.333333333333336,14.444444444444443,28.888888888888886,56.666666666666664,53.333333333333336,3.3333333333333335
E00007152,58,29,9,20,29,24,5,50,15.517241379310345,34.48275862068966,50,41.37931034482759,8.620689655172415
E00007153,158,64,28,36,94,85,9,40.50632911392405,17.72151898734177,22.78481012658228,59.49367088607595,53.79746835443038,5.69620253164557
E00007154,100,52,15,37,48,39,9,52,15,37,48,39,9
E00007155,169,69,23,46,100,90,10,40.828402366863905,13.609467455621301,27.218934911242602,59.171597633136095,53.25443786982249,5.9171597633136095
E00007156,236,106,40,66,130,116,14,44.91525423728814,16.94915254237288,27.966101694915253,55.08474576271186,49.152542372881356,5.932203389830509
E00007157,174,50,10,40,124,112,12,28.735632183908045,5.747126436781609,22.988505747126435,71.26436781609196,64.36781609195403,6.896551724137931
E00007158,163,57,22,35,106,98,8,34.96932515337423,13.496932515337424,21.472392638036812,65.03067484662577,60.122699386503065,4.9079754601226995
E00007159,121,69,21,48,52,38,14,57.02479338842975,17.355371900826448,39.66942148760331,42.97520661157025,31.40495867768595,11.570247933884298
E00007160,172,63,23,40,109,92,17,36.627906976744185,13.372093023255813,23.25581395348837,63.372093023255815,53.48837209302325,9.883720930232558
E00007161,146,66,21,45,80,68,12,45.20547945205479,14.383561643835616,30.82191780821918,54.794520547945204,46.57534246575342,8.21917808219178
E00007162,144,54,15,39,90,76,14,37.5,10.416666666666668,27.083333333333332,62.5,52.77777777777778,9.722222222222223
E00007163,167,60,16,44,107,96,11,35.92814371257485,9.580838323353294,26.34730538922156,64.07185628742515,57.48502994011976,6.58682634730539
E00007164,171,64,16,48,107,97,10,37.42690058479532,9.35672514619883,28.07017543859649,62.57309941520468,56.72514619883041,5.847953216374268
E00007165,190,89,25,64,101,84,17,46.8421052631579,13.157894736842104,33.68421052631579,53.1578947368421,44.21052631578947,8.947368421052632
E00007166,157,53,18,35,104,91,13,33.75796178343949,11.464968152866243,22.29299363057325,66.2420382165605,57.961783439490446,8.280254777070063
E00007167,79,44,14,30,35,26,9,55.69620253164557,17.72151898734177,37.9746835443038,44.303797468354425,32.91139240506329,11.39240506329114
E00007168,143,44,12,32,99,87,12,30.76923076923077,8.391608391608392,22.377622377622377,69.23076923076923,60.83916083916085,8.391608391608392
E00007170,211,78,18,60,133,119,14,36.96682464454976,8.530805687203792,28.436018957345972,63.03317535545023,56.39810426540285,6.6350710900473935
E00007171,87,26,14,12,61,56,5,29.88505747126437,16.091954022988507,13.793103448275861,70.11494252873564,64.36781609195403,5.747126436781609
E00007172,165,78,34,44,87,76,11,47.27272727272727,20.606060606060606,26.666666666666668,52.72727272727272,46.06060606060606,6.666666666666667
E00007173,203,84,29,55,119,109,10,41.37931034482759,14.285714285714285,27.093596059113302,58.620689655172406,53.69458128078818,4.926108374384237
E00007174,151,58,19,39,93,80,13,38.41059602649007,12.582781456953644,25.82781456953642,61.58940397350994,52.980132450331126,8.609271523178808
E00007175,88,40,10,30,48,39,9,45.45454545454545,11.363636363636363,34.090909090909086,54.54545454545454,44.31818181818182,10.227272727272728
E00007176,162,43,12,31,119,114,5,26.543209876543212,7.4074074074074066,19.1358024691358,73.4567901234568,70.37037037037037,3.0864197530864197
E00007177,223,69,20,49,154,132,22,30.94170403587444,8.968609865470851,21.973094170403588,69.05829596412556,59.19282511210763,9.865470852017937
E00007179,140,48,18,30,92,80,12,34.285714285714285,12.857142857142856,21.428571428571427,65.71428571428571,57.14285714285714,8.571428571428571
E00007180,109,45,11,34,64,55,9,41.284403669724774,10.091743119266056,31.19266055045872,58.71559633027523,50.45871559633027,8.256880733944955
E00007181,146,55,25,30,91,78,13,37.67123287671233,17.123287671232877,20.54794520547945,62.328767123287676,53.42465753424658,8.904109589041095
E00007182,139,49,13,36,90,81,9,35.25179856115108,9.352517985611511,25.899280575539567,64.74820143884892,58.27338129496403,6.474820143884892
E00007183,174,74,21,53,100,89,11,42.5287356321839,12.068965517241379,30.45977011494253,57.47126436781609,51.14942528735632,6.321839080459771
E00007184,157,65,19,46,92,80,12,41.40127388535032,12.101910828025478,29.29936305732484,58.59872611464968,50.955414012738856,7.643312101910828
E00007185,114,42,14,28,72,69,3,36.84210526315789,12.280701754385964,24.561403508771928,63.1578947368421,60.526315789473685,2.631578947368421
E00007186,159,49,22,27,110,98,12,30.81761006289308,13.836477987421384,16.9811320754717,69.18238993710692,61.63522012578616,7.547169811320755
E00007187,210,74,23,51,136,120,16,35.23809523809524,10.952380952380953,24.285714285714285,64.76190476190476,57.14285714285714,7.6190476190476195
E00007188,196,70,21,49,126,109,17,35.714285714285715,10.714285714285714,25,64.28571428571429,55.61224489795919,8.673469387755102
E00007189,144,51,15,36,93,74,19,35.41666666666667,10.416666666666668,25,64.58333333333334,51.388888888888886,13.194444444444445
E00007191,195,65,20,45,130,119,11,33.33333333333333,10.256410256410255,23.076923076923077,66.66666666666666,61.02564102564103,5.641025641025641
E00007192,222,76,25,51,146,129,17,34.234234234234236,11.26126126126126,22.972972972972975,65.76576576576578,58.108108108108105,7.657657657657657
E00007193,140,58,17,41,82,71,11,41.42857142857143,12.142857142857142,29.28571428571429,58.57142857142858,50.71428571428571,7.857142857142857
E00007194,142,42,13,29,100,87,13,29.577464788732392,9.15492957746479,20.422535211267608,70.4225352112676,61.267605633802816,9.15492957746479
E00007195,143,71,21,50,72,64,8,49.65034965034965,14.685314685314685,34.96503496503497,50.349650349650354,44.75524475524475,5.594405594405594
E00007196,132,51,9,42,81,72,9,38.63636363636363,6.8181818181818175,31.818181818181817,61.36363636363637,54.54545454545454,6.8181818181818175
E00007197,156,45,15,30,111,98,13,28.846153846153843,9.615384615384617,19.230769230769234,71.15384615384616,62.82051282051282,8.333333333333332
E00007198,172,50,16,34,122,104,18,29.069767441860467,9.30232558139535,19.767441860465116,70.93023255813954,60.46511627906976,10.465116279069768
E00007199,147,47,16,31,100,86,14,31.97278911564626,10.884353741496598,21.08843537414966,68.02721088435374,58.50340136054422,9.523809523809524
E00007200,142,54,15,39,88,75,13,38.028169014084504,10.56338028169014,27.464788732394368,61.97183098591549,52.816901408450704,9.15492957746479
E00007201,116,56,18,38,60,57,3,48.275862068965516,15.517241379310345,32.758620689655174,51.724137931034484,49.137931034482754,2.586206896551724
E00007202,121,42,12,30,79,75,4,34.710743801652896,9.917355371900827,24.793388429752067,65.28925619834712,61.98347107438017,3.3057851239669422
E00007203,137,57,19,38,80,68,12,41.605839416058394,13.86861313868613,27.73722627737226,58.3941605839416,49.63503649635037,8.75912408759124
E00007204,118,50,17,33,68,61,7,42.3728813559322,14.40677966101695,27.966101694915253,57.6271186440678,51.69491525423729,5.932203389830509
E00007205,159,61,14,47,98,85,13,38.36477987421384,8.80503144654088,29.559748427672954,61.63522012578616,53.459119496855344,8.176100628930817
E00007206,209,78,27,51,131,114,17,37.32057416267943,12.918660287081341,24.401913875598087,62.67942583732058,54.54545454545454,8.133971291866029
E00007207,172,55,21,34,117,102,15,31.976744186046513,12.209302325581394,19.767441860465116,68.02325581395348,59.30232558139535,8.720930232558139
E00007208,163,51,17,34,112,70,42,31.28834355828221,10.429447852760736,20.858895705521473,68.71165644171779,42.944785276073624,25.766871165644172
E00007209,144,50,21,29,94,82,12,34.72222222222222,14.583333333333334,20.13888888888889,65.27777777777779,56.94444444444444,8.333333333333332
E00007210,158,55,16,39,103,86,17,34.810126582278485,10.126582278481013,24.68354430379747,65.18987341772153,54.43037974683544,10.759493670886076
E00007211,244,77,29,48,167,143,24,31.557377049180328,11.885245901639344,19.672131147540984,68.44262295081968,58.606557377049185,9.836065573770492
E00007212,134,27,9,18,107,88,19,20.149253731343283,6.7164179104477615,13.432835820895523,79.8507462686567,65.67164179104478,14.17910447761194
E00007213,139,41,15,26,98,85,13,29.496402877697843,10.79136690647482,18.705035971223023,70.50359712230215,61.15107913669065,9.352517985611511
E00007215,90,29,12,17,61,58,3,32.22222222222222,13.333333333333334,18.88888888888889,67.77777777777779,64.44444444444444,3.3333333333333335
E00007216,148,42,18,24,106,86,20,28.37837837837838,12.162162162162163,16.216216216216218,71.62162162162163,58.108108108108105,13.513513513513514
E00007217,132,34,20,14,98,69,29,25.757575757575758,15.151515151515152,10.606060606060606,74.24242424242425,52.27272727272727,21.96969696969697
E00007218,133,40,11,29,93,84,9,30.075187969924812,8.270676691729323,21.804511278195488,69.92481203007519,63.1578947368421,6.7669172932330826
E00007219,132,49,22,27,83,69,14,37.121212121212125,16.666666666666664,20.454545454545457,62.878787878787875,52.27272727272727,10.606060606060606
E00007220,131,48,18,30,83,71,12,36.6412213740458,13.740458015267176,22.900763358778626,63.358778625954194,54.19847328244275,9.16030534351145
E00007221,214,57,17,40,157,123,34,26.635514018691588,7.943925233644859,18.69158878504673,73.36448598130842,57.476635514018696,15.887850467289718
E00007222,160,48,15,33,112,81,31,30,9.375,20.625,70,50.625,19.375
E00007223,121,39,16,23,82,75,7,32.231404958677686,13.223140495867769,19.00826446280992,67.76859504132231,61.98347107438017,5.785123966942149
E00007224,183,58,25,33,125,93,32,31.693989071038253,13.661202185792352,18.0327868852459,68.30601092896174,50.81967213114754,17.48633879781421
E00007225,196,57,30,27,139,95,44,29.081632653061224,15.306122448979592,13.77551020408163,70.91836734693877,48.46938775510204,22.448979591836736
E00007226,163,46,21,25,117,98,19,28.22085889570552,12.883435582822086,15.337423312883436,71.77914110429448,60.122699386503065,11.65644171779141
E00007227,138,51,22,29,87,75,12,36.95652173913043,15.942028985507244,21.014492753623188,63.04347826086957,54.347826086956516,8.695652173913043
E00007228,170,56,25,31,114,76,38,32.94117647058823,14.705882352941178,18.235294117647058,67.05882352941175,44.70588235294118,22.35294117647059
E00007229,110,36,9,27,74,54,20,32.72727272727273,8.181818181818182,24.545454545454547,67.27272727272727,49.09090909090909,18.181818181818183
E00007230,165,51,23,28,114,100,14,30.909090909090907,13.939393939393941,16.969696969696972,69.0909090909091,60.60606060606061,8.484848484848486
E00007231,169,56,20,36,113,75,38,33.13609467455622,11.834319526627219,21.301775147928996,66.86390532544378,44.37869822485207,22.485207100591715
E00007232,109,33,12,21,76,63,13,30.275229357798167,11.009174311926607,19.26605504587156,69.72477064220183,57.798165137614674,11.926605504587156
E00007233,137,48,22,26,89,68,21,35.03649635036496,16.05839416058394,18.97810218978102,64.96350364963503,49.63503649635037,15.328467153284672
E00007234,153,48,29,19,105,88,17,31.372549019607842,18.954248366013072,12.418300653594772,68.62745098039215,57.51633986928104,11.11111111111111
E00007235,187,66,13,53,121,99,22,35.294117647058826,6.951871657754011,28.342245989304814,64.70588235294117,52.94117647058824,11.76470588235294
E00007236,140,34,11,23,106,82,24,24.285714285714285,7.857142857142857,16.428571428571427,75.71428571428571,58.57142857142858,17.142857142857142
E00007237,136,43,15,28,93,73,20,31.61764705882353,11.029411764705882,20.588235294117645,68.38235294117648,53.67647058823529,14.705882352941178
E00007238,108,31,13,18,77,61,16,28.703703703703702,12.037037037037036,16.666666666666664,71.29629629629629,56.481481481481474,14.814814814814813
E00007239,127,34,16,18,93,74,19,26.77165354330709,12.598425196850393,14.173228346456693,73.22834645669292,58.26771653543307,14.960629921259844
E00007240,167,62,32,30,105,79,26,37.12574850299401,19.16167664670659,17.964071856287426,62.874251497005986,47.30538922155689,15.568862275449103
E00007241,195,57,17,40,138,113,25,29.230769230769234,8.717948717948717,20.51282051282051,70.76923076923077,57.948717948717956,12.82051282051282
E00007242,178,48,17,31,130,109,21,26.96629213483146,9.550561797752808,17.415730337078653,73.03370786516854,61.23595505617978,11.797752808988763
E00007243,148,40,20,20,108,77,31,27.027027027027028,13.513513513513514,13.513513513513514,72.97297297297297,52.02702702702703,20.945945945945947
E00007244,189,55,22,33,134,99,35,29.100529100529098,11.64021164021164,17.46031746031746,70.8994708994709,52.38095238095239,18.51851851851852
E00007245,125,49,17,32,76,63,13,39.2,13.600000000000001,25.6,60.8,50.4,10.4
E00007246,131,30,10,20,101,83,18,22.900763358778626,7.633587786259542,15.267175572519085,77.09923664122137,63.358778625954194,13.740458015267176
E00007247,135,38,13,25,97,77,20,28.14814814814815,9.62962962962963,18.51851851851852,71.85185185185186,57.03703703703704,14.814814814814813
E00007248,132,45,14,31,87,78,9,34.090909090909086,10.606060606060606,23.484848484848484,65.9090909090909,59.09090909090909,6.8181818181818175
E00007249,175,62,19,43,113,89,24,35.42857142857142,10.857142857142858,24.571428571428573,64.57142857142857,50.857142857142854,13.714285714285715
E00007250,138,65,22,43,73,57,16,47.10144927536232,15.942028985507244,31.15942028985507,52.89855072463768,41.30434782608695,11.594202898550725
E00007251,144,55,22,33,89,81,8,38.19444444444444,15.277777777777779,22.916666666666664,61.80555555555556,56.25,5.555555555555555
E00007252,108,46,19,27,62,59,3,42.592592592592595,17.59259259259259,25,57.407407407407405,54.629629629629626,2.7777777777777777
E00007253,219,62,27,35,157,139,18,28.31050228310502,12.32876712328767,15.981735159817351,71.68949771689498,63.4703196347032,8.21917808219178
E00007254,76,32,11,21,44,39,5,42.10526315789473,14.473684210526317,27.631578947368425,57.89473684210527,51.31578947368421,6.578947368421052
E00007255,139,55,13,42,84,73,11,39.568345323741006,9.352517985611511,30.215827338129497,60.431654676258994,52.51798561151079,7.913669064748201
E00007256,198,66,23,43,132,114,18,33.33333333333333,11.616161616161616,21.71717171717172,66.66666666666666,57.57575757575758,9.090909090909092
E00007257,177,64,27,37,113,95,18,36.15819209039548,15.254237288135593,20.903954802259886,63.84180790960452,53.672316384180796,10.16949152542373
E00007258,150,64,23,41,86,71,15,42.66666666666667,15.333333333333332,27.333333333333332,57.333333333333336,47.333333333333336,10
E00007259,158,58,18,40,100,88,12,36.708860759493675,11.39240506329114,25.31645569620253,63.29113924050633,55.69620253164557,7.59493670886076
E00007260,243,98,39,59,145,131,14,40.32921810699588,16.049382716049383,24.279835390946502,59.67078189300411,53.90946502057613,5.761316872427984
E00007261,205,84,30,54,121,104,17,40.97560975609756,14.634146341463413,26.34146341463415,59.02439024390244,50.73170731707317,8.292682926829269
E00007262,176,66,20,46,110,98,12,37.5,11.363636363636363,26.136363636363637,62.5,55.68181818181818,6.8181818181818175
E00007263,143,50,18,32,93,86,7,34.96503496503497,12.587412587412588,22.377622377622377,65.03496503496503,60.13986013986013,4.895104895104895
E00007264,167,55,14,41,112,95,17,32.93413173652694,8.383233532934131,24.550898203592812,67.06586826347305,56.886227544910184,10.179640718562874
E00007265,156,53,12,41,103,94,9,33.97435897435898,7.6923076923076925,26.282051282051285,66.02564102564102,60.256410256410255,5.769230769230769
E00007266,225,125,38,87,100,91,9,55.55555555555556,16.88888888888889,38.666666666666664,44.44444444444444,40.44444444444444,4
E00007267,177,84,31,53,93,85,8,47.45762711864407,17.51412429378531,29.943502824858758,52.54237288135594,48.0225988700565,4.519774011299435
E00007268,176,73,15,58,103,91,12,41.47727272727273,8.522727272727272,32.95454545454545,58.52272727272727,51.70454545454546,6.8181818181818175
E00007269,135,52,16,36,83,74,9,38.51851851851852,11.851851851851853,26.666666666666668,61.48148148148148,54.81481481481482,6.666666666666667
E00007270,164,60,21,39,104,89,15,36.58536585365854,12.804878048780488,23.78048780487805,63.41463414634146,54.268292682926834,9.146341463414634
E00007271,150,57,18,39,93,86,7,38,12,26,62,57.333333333333336,4.666666666666667
E00007272,197,88,23,65,109,94,15,44.67005076142132,11.6751269035533,32.99492385786802,55.32994923857868,47.71573604060914,7.614213197969544
E00007273,120,59,17,42,61,53,8,49.166666666666664,14.166666666666666,35,50.83333333333333,44.166666666666664,6.666666666666667
E00007274,129,67,16,51,62,51,11,51.93798449612403,12.4031007751938,39.53488372093023,48.06201550387597,39.53488372093023,8.527131782945736
E00007275,119,46,7,39,73,67,6,38.655462184873954,5.88235294117647,32.773109243697476,61.34453781512605,56.30252100840336,5.042016806722689
E00007276,221,87,24,63,134,128,6,39.366515837104075,10.85972850678733,28.50678733031674,60.633484162895925,57.9185520361991,2.7149321266968327
E00007277,108,44,13,31,64,54,10,40.74074074074074,12.037037037037036,28.703703703703702,59.25925925925925,50,9.25925925925926
E00007278,150,61,22,39,89,81,8,40.666666666666664,14.666666666666666,26,59.333333333333336,54,5.333333333333334
E00007279,125,66,17,49,59,51,8,52.800000000000004,13.600000000000001,39.2,47.199999999999996,40.8,6.4
E00007280,146,50,15,35,96,86,10,34.24657534246575,10.273972602739725,23.972602739726025,65.75342465753424,58.9041095890411,6.8493150684931505
E00007281,130,47,16,31,83,70,13,36.15384615384615,12.307692307692308,23.846153846153847,63.84615384615384,53.84615384615385,10
E00007282,204,54,18,36,150,92,58,26.47058823529412,8.823529411764707,17.647058823529413,73.52941176470588,45.09803921568628,28.431372549019606
E00007283,107,41,11,30,66,55,11,38.31775700934579,10.2803738317757,28.037383177570092,61.6822429906542,51.4018691588785,10.2803738317757
E00007284,117,44,11,33,73,66,7,37.60683760683761,9.401709401709402,28.205128205128204,62.39316239316239,56.41025641025641,5.982905982905983
E00007285,138,55,21,34,83,66,17,39.85507246376812,15.217391304347828,24.637681159420293,60.14492753623188,47.82608695652174,12.318840579710146
E00007286,146,55,15,40,91,83,8,37.67123287671233,10.273972602739725,27.397260273972602,62.328767123287676,56.849315068493155,5.47945205479452
E00007287,188,89,33,56,99,88,11,47.340425531914896,17.5531914893617,29.78723404255319,52.659574468085104,46.808510638297875,5.851063829787234
E00007288,274,85,32,53,189,168,21,31.02189781021898,11.678832116788321,19.34306569343066,68.97810218978103,61.31386861313869,7.664233576642336
E00007289,158,52,28,24,106,96,10,32.91139240506329,17.72151898734177,15.18987341772152,67.08860759493672,60.75949367088608,6.329113924050633
E00007290,108,43,14,29,65,53,12,39.81481481481482,12.962962962962962,26.851851851851855,60.18518518518518,49.074074074074076,11.11111111111111
E00007291,134,68,20,48,66,60,6,50.74626865671642,14.925373134328357,35.82089552238806,49.25373134328358,44.776119402985074,4.477611940298507
E00007292,115,40,10,30,75,66,9,34.78260869565217,8.695652173913043,26.08695652173913,65.21739130434783,57.391304347826086,7.82608695652174
E00007293,181,60,15,45,121,103,18,33.14917127071823,8.287292817679557,24.861878453038674,66.85082872928176,56.9060773480663,9.94475138121547
E00007294,182,48,13,35,134,114,20,26.373626373626376,7.142857142857142,19.230769230769234,73.62637362637363,62.637362637362635,10.989010989010989
E00007295,116,41,15,26,75,64,11,35.3448275862069,12.931034482758621,22.413793103448278,64.65517241379311,55.172413793103445,9.482758620689655
E00007296,113,31,11,20,82,75,7,27.43362831858407,9.734513274336283,17.699115044247787,72.56637168141593,66.3716814159292,6.1946902654867255
E00007297,132,33,16,17,99,83,16,25,12.121212121212121,12.878787878787879,75,62.878787878787875,12.121212121212121
E00007298,149,45,22,23,104,85,19,30.201342281879196,14.76510067114094,15.436241610738255,69.79865771812081,57.04697986577181,12.751677852348994
E00007299,141,47,16,31,94,67,27,33.33333333333333,11.347517730496454,21.98581560283688,66.66666666666666,47.5177304964539,19.148936170212767
E00007300,127,44,13,31,83,71,12,34.645669291338585,10.236220472440944,24.409448818897637,65.35433070866141,55.90551181102362,9.448818897637794
E00007301,53,11,7,4,42,35,7,20.754716981132077,13.20754716981132,7.547169811320755,79.24528301886792,66.0377358490566,13.20754716981132
E00007302,131,41,15,26,90,82,8,31.297709923664126,11.450381679389313,19.84732824427481,68.70229007633588,62.59541984732825,6.106870229007633
E00007303,147,49,17,32,98,83,15,33.33333333333333,11.564625850340136,21.768707482993197,66.66666666666666,56.4625850340136,10.204081632653061
E00007304,177,52,12,40,125,103,22,29.37853107344633,6.779661016949152,22.598870056497177,70.62146892655367,58.19209039548022,12.429378531073446
E00007305,141,42,12,30,99,75,24,29.78723404255319,8.51063829787234,21.27659574468085,70.2127659574468,53.191489361702125,17.02127659574468
E00007306,133,44,10,34,89,72,17,33.08270676691729,7.518796992481203,25.563909774436087,66.9172932330827,54.13533834586466,12.781954887218044
E00007307,138,48,11,37,90,80,10,34.78260869565217,7.971014492753622,26.811594202898554,65.21739130434783,57.971014492753625,7.246376811594203
E00007308,126,42,19,23,84,68,16,33.33333333333333,15.079365079365079,18.253968253968253,66.66666666666666,53.96825396825397,12.698412698412698
E00007309,190,65,29,36,125,98,27,34.21052631578947,15.263157894736842,18.947368421052634,65.78947368421053,51.578947368421055,14.210526315789473
E00007310,140,47,15,32,93,79,14,33.57142857142857,10.714285714285714,22.857142857142858,66.42857142857143,56.42857142857143,10
E00007311,115,34,18,16,81,74,7,29.565217391304348,15.65217391304348,13.91304347826087,70.43478260869566,64.34782608695652,6.086956521739131
E00007312,232,71,30,41,161,133,28,30.603448275862068,12.931034482758621,17.67241379310345,69.39655172413794,57.327586206896555,12.068965517241379
E00007313,159,60,26,34,99,84,15,37.735849056603776,16.352201257861633,21.38364779874214,62.264150943396224,52.83018867924528,9.433962264150944
E00007314,174,39,18,21,135,111,24,22.413793103448278,10.344827586206897,12.068965517241379,77.58620689655173,63.793103448275865,13.793103448275861
E00007315,171,62,31,31,109,94,15,36.25730994152047,18.128654970760234,18.128654970760234,63.74269005847953,54.97076023391813,8.771929824561402
E00007316,161,43,14,29,118,99,19,26.70807453416149,8.695652173913043,18.012422360248447,73.29192546583852,61.49068322981367,11.801242236024844
E00007317,163,39,13,26,124,95,29,23.92638036809816,7.975460122699387,15.950920245398773,76.07361963190185,58.282208588957054,17.791411042944784
E00007318,191,54,18,36,137,114,23,28.272251308900525,9.424083769633508,18.848167539267017,71.72774869109948,59.68586387434554,12.041884816753926
E00007319,171,57,23,34,114,94,20,33.33333333333333,13.450292397660817,19.883040935672515,66.66666666666666,54.97076023391813,11.695906432748536
E00007320,146,52,19,33,94,80,14,35.61643835616438,13.013698630136986,22.602739726027394,64.38356164383562,54.794520547945204,9.58904109589041
E00007321,167,50,23,27,117,100,17,29.94011976047904,13.77245508982036,16.16766467065868,70.05988023952095,59.88023952095808,10.179640718562874
E00007322,175,52,19,33,123,98,25,29.714285714285715,10.857142857142858,18.857142857142858,70.28571428571428,56.00000000000001,14.285714285714285
E00007323,185,55,24,31,130,111,19,29.72972972972973,12.972972972972974,16.756756756756758,70.27027027027027,60,10.27027027027027
E00007324,301,67,21,46,234,190,44,22.259136212624583,6.976744186046512,15.282392026578073,77.74086378737542,63.12292358803987,14.61794019933555
E00007325,119,25,12,13,94,82,12,21.008403361344538,10.084033613445378,10.92436974789916,78.99159663865547,68.90756302521008,10.084033613445378
E00007326,169,55,24,31,114,92,22,32.544378698224854,14.201183431952662,18.34319526627219,67.45562130177515,54.437869822485204,13.017751479289942
E00007327,95,22,6,16,73,63,10,23.157894736842106,6.315789473684211,16.842105263157894,76.84210526315789,66.3157894736842,10.526315789473683
E00007328,196,49,22,27,147,127,20,25,11.224489795918368,13.77551020408163,75,64.79591836734694,10.204081632653061
E00007329,117,34,15,19,83,69,14,29.059829059829063,12.82051282051282,16.23931623931624,70.94017094017094,58.97435897435898,11.965811965811966
E00007330,114,27,5,22,87,72,15,23.684210526315788,4.385964912280701,19.298245614035086,76.31578947368422,63.1578947368421,13.157894736842104
E00007331,179,56,26,30,123,105,18,31.28491620111732,14.52513966480447,16.75977653631285,68.71508379888269,58.659217877094974,10.05586592178771
E00007332,177,47,15,32,130,108,22,26.55367231638418,8.47457627118644,18.07909604519774,73.44632768361582,61.016949152542374,12.429378531073446
E00007333,147,31,11,20,116,104,12,21.08843537414966,7.482993197278912,13.60544217687075,78.91156462585033,70.74829931972789,8.16326530612245
E00007334,153,39,11,28,114,92,22,25.49019607843137,7.18954248366013,18.30065359477124,74.50980392156863,60.130718954248366,14.37908496732026
E00007335,177,83,27,56,94,87,7,46.89265536723164,15.254237288135593,31.63841807909605,53.10734463276836,49.152542372881356,3.954802259887006
E00007336,79,26,10,16,53,39,14,32.91139240506329,12.658227848101266,20.253164556962027,67.08860759493672,49.36708860759494,17.72151898734177
E00007337,119,48,13,35,71,61,10,40.33613445378151,10.92436974789916,29.411764705882355,59.66386554621849,51.26050420168067,8.403361344537815
E00007338,137,55,21,34,82,75,7,40.14598540145985,15.328467153284672,24.817518248175183,59.854014598540154,54.74452554744526,5.109489051094891
E00007339,141,61,23,38,80,67,13,43.262411347517734,16.312056737588655,26.95035460992908,56.73758865248227,47.5177304964539,9.219858156028367
E00007340,162,62,19,43,100,88,12,38.2716049382716,11.728395061728394,26.543209876543212,61.72839506172839,54.32098765432099,7.4074074074074066
E00007341,159,81,25,56,78,68,10,50.943396226415096,15.723270440251572,35.22012578616352,49.056603773584904,42.76729559748428,6.289308176100629
E00007342,143,54,12,42,89,85,4,37.76223776223776,8.391608391608392,29.37062937062937,62.23776223776224,59.44055944055944,2.797202797202797
E00007343,159,80,30,50,79,66,13,50.314465408805034,18.867924528301888,31.446540880503143,49.685534591194966,41.509433962264154,8.176100628930817
E00007344,116,64,17,47,52,48,4,55.172413793103445,14.655172413793101,40.51724137931034,44.827586206896555,41.37931034482759,3.4482758620689653
E00007345,120,55,23,32,65,60,5,45.83333333333333,19.166666666666668,26.666666666666668,54.166666666666664,50,4.166666666666666
E00007346,187,62,16,46,125,115,10,33.155080213903744,8.55614973262032,24.598930481283425,66.84491978609626,61.49732620320856,5.347593582887701
E00007347,102,43,15,28,59,48,11,42.15686274509804,14.705882352941178,27.450980392156865,57.84313725490197,47.05882352941176,10.784313725490197
E00007348,151,68,24,44,83,75,8,45.033112582781456,15.894039735099339,29.13907284768212,54.966887417218544,49.668874172185426,5.298013245033113
E00007349,108,50,20,30,58,50,8,46.2962962962963,18.51851851851852,27.77777777777778,53.70370370370371,46.2962962962963,7.4074074074074066
E00007350,146,61,23,38,85,78,7,41.78082191780822,15.753424657534246,26.027397260273972,58.21917808219178,53.42465753424658,4.794520547945205
E00007351,158,65,16,49,93,76,17,41.139240506329116,10.126582278481013,31.0126582278481,58.86075949367089,48.10126582278481,10.759493670886076
E00007352,65,36,18,18,29,25,4,55.38461538461539,27.692307692307693,27.692307692307693,44.61538461538462,38.46153846153847,6.153846153846154
E00007353,61,32,10,22,29,28,1,52.459016393442624,16.39344262295082,36.0655737704918,47.540983606557376,45.90163934426229,1.639344262295082
E00007354,184,50,17,33,134,112,22,27.173913043478258,9.239130434782608,17.934782608695652,72.82608695652173,60.86956521739131,11.956521739130435
E00007355,147,55,17,38,92,84,8,37.41496598639456,11.564625850340136,25.850340136054424,62.585034013605444,57.14285714285714,5.442176870748299
E00007356,164,73,29,44,91,81,10,44.51219512195122,17.682926829268293,26.82926829268293,55.487804878048784,49.390243902439025,6.097560975609756
E00007357,164,67,13,54,97,90,7,40.853658536585364,7.926829268292683,32.926829268292686,59.14634146341463,54.87804878048781,4.2682926829268295
E00007358,211,70,27,43,141,132,9,33.175355450236964,12.796208530805686,20.379146919431278,66.82464454976304,62.55924170616114,4.265402843601896
E00007359,117,37,15,22,80,71,9,31.62393162393162,12.82051282051282,18.803418803418804,68.37606837606837,60.68376068376068,7.6923076923076925
E00007360,92,65,18,47,27,27,0,70.65217391304348,19.565217391304348,51.08695652173913,29.347826086956523,29.347826086956523,0
E00007361,125,52,17,35,73,69,4,41.6,13.600000000000001,28.000000000000004,58.4,55.2,3.2
E00007362,220,74,23,51,146,133,13,33.63636363636363,10.454545454545453,23.18181818181818,66.36363636363637,60.45454545454545,5.909090909090909
E00007363,127,51,16,35,76,69,7,40.15748031496063,12.598425196850393,27.559055118110237,59.84251968503938,54.330708661417326,5.511811023622047
E00007364,151,53,18,35,98,91,7,35.099337748344375,11.920529801324504,23.178807947019866,64.90066225165563,60.264900662251655,4.635761589403973
E00007365,138,67,21,46,71,57,14,48.55072463768116,15.217391304347828,33.33333333333333,51.449275362318836,41.30434782608695,10.144927536231885
E00007366,147,45,17,28,102,92,10,30.612244897959183,11.564625850340136,19.047619047619047,69.38775510204081,62.585034013605444,6.802721088435375
E00007367,174,64,18,46,110,96,14,36.7816091954023,10.344827586206897,26.436781609195403,63.2183908045977,55.172413793103445,8.045977011494253
E00007368,122,51,15,36,71,60,11,41.80327868852459,12.295081967213115,29.508196721311474,58.19672131147541,49.18032786885246,9.01639344262295
E00007369,145,71,24,47,74,70,4,48.96551724137931,16.551724137931036,32.41379310344827,51.03448275862069,48.275862068965516,2.7586206896551726
E00007370,203,85,22,63,118,110,8,41.87192118226601,10.83743842364532,31.03448275862069,58.128078817733986,54.187192118226605,3.9408866995073892
E00007371,135,47,16,31,88,81,7,34.81481481481482,11.851851851851853,22.962962962962962,65.18518518518519,60,5.185185185185185
E00007372,170,71,26,45,99,83,16,41.76470588235294,15.294117647058824,26.47058823529412,58.235294117647065,48.8235294117647,9.411764705882353
E00007373,137,68,24,44,69,58,11,49.63503649635037,17.51824817518248,32.11678832116788,50.36496350364964,42.33576642335766,8.02919708029197
E00007374,203,78,20,58,125,118,7,38.42364532019704,9.852216748768473,28.57142857142857,61.57635467980296,58.128078817733986,3.4482758620689653
E00007375,186,66,14,52,120,109,11,35.483870967741936,7.526881720430108,27.956989247311824,64.51612903225806,58.602150537634415,5.913978494623656
E00007376,129,53,17,36,76,63,13,41.08527131782946,13.178294573643413,27.906976744186046,58.91472868217055,48.837209302325576,10.077519379844961
E00007378,165,66,22,44,99,84,15,40,13.333333333333334,26.666666666666668,60,50.90909090909091,9.090909090909092
E00007379,161,68,28,40,93,72,21,42.2360248447205,17.391304347826086,24.84472049689441,57.7639751552795,44.72049689440994,13.043478260869565
E00007381,158,57,24,33,101,91,10,36.075949367088604,15.18987341772152,20.88607594936709,63.92405063291139,57.59493670886076,6.329113924050633
E00007382,107,46,21,25,61,52,9,42.99065420560748,19.626168224299064,23.364485981308412,57.009345794392516,48.598130841121495,8.411214953271028
E00007383,169,91,25,66,78,64,14,53.84615384615385,14.792899408284024,39.053254437869825,46.15384615384615,37.8698224852071,8.284023668639055
E00007384,134,73,27,46,61,57,4,54.47761194029851,20.149253731343283,34.32835820895522,45.52238805970149,42.53731343283582,2.9850746268656714
E00007385,129,51,14,37,78,63,15,39.53488372093023,10.852713178294573,28.68217054263566,60.46511627906976,48.837209302325576,11.627906976744185
E00007386,168,73,21,52,95,86,9,43.452380952380956,12.5,30.952380952380953,56.547619047619044,51.19047619047619,5.357142857142857
E00007387,113,48,12,36,65,60,5,42.47787610619469,10.619469026548673,31.858407079646017,57.52212389380531,53.09734513274337,4.424778761061947
E00007388,160,48,15,33,112,106,6,30,9.375,20.625,70,66.25,3.75
E00007389,160,77,25,52,83,71,12,48.125,15.625,32.5,51.87500000000001,44.375,7.5
E00007390,121,47,15,32,74,62,12,38.84297520661157,12.396694214876034,26.446280991735538,61.15702479338842,51.2396694214876,9.917355371900827
E00007391,157,69,23,46,88,79,9,43.94904458598726,14.64968152866242,29.29936305732484,56.05095541401274,50.318471337579616,5.7324840764331215
E00007392,172,85,24,61,87,78,9,49.41860465116279,13.953488372093023,35.46511627906977,50.58139534883721,45.348837209302324,5.232558139534884
E00007393,123,55,22,33,68,55,13,44.71544715447154,17.88617886178862,26.82926829268293,55.28455284552846,44.71544715447154,10.569105691056912
E00007394,186,86,32,54,100,85,15,46.236559139784944,17.20430107526882,29.03225806451613,53.76344086021505,45.69892473118279,8.064516129032258
E00007395,129,46,13,33,83,69,14,35.65891472868217,10.077519379844961,25.581395348837212,64.34108527131784,53.48837209302325,10.852713178294573
E00007396,169,68,21,47,101,88,13,40.23668639053255,12.42603550295858,27.810650887573964,59.76331360946746,52.071005917159766,7.6923076923076925
E00007397,171,72,30,42,99,88,11,42.10526315789473,17.543859649122805,24.561403508771928,57.89473684210527,51.461988304093566,6.432748538011696
E00007398,162,70,21,49,92,80,12,43.20987654320987,12.962962962962962,30.246913580246915,56.79012345679012,49.382716049382715,7.4074074074074066
E00007399,151,76,24,52,75,62,13,50.331125827814574,15.894039735099339,34.437086092715234,49.668874172185426,41.05960264900662,8.609271523178808
E00007400,160,66,23,43,94,81,13,41.25,14.374999999999998,26.875,58.75,50.625,8.125
E00007401,108,46,16,30,62,54,8,42.592592592592595,14.814814814814813,27.77777777777778,57.407407407407405,50,7.4074074074074066
E00007402,86,45,12,33,41,39,2,52.32558139534884,13.953488372093023,38.372093023255815,47.674418604651166,45.348837209302324,2.3255813953488373
E00007403,159,59,15,44,100,87,13,37.10691823899371,9.433962264150944,27.67295597484277,62.893081761006286,54.71698113207547,8.176100628930817
E00007404,162,76,26,50,86,77,9,46.913580246913575,16.049382716049383,30.864197530864196,53.086419753086425,47.53086419753087,5.555555555555555
E00007405,152,65,19,46,87,72,15,42.76315789473684,12.5,30.263157894736842,57.23684210526315,47.368421052631575,9.868421052631579
E00007406,197,75,18,57,122,114,8,38.07106598984771,9.137055837563452,28.934010152284262,61.92893401015228,57.868020304568525,4.060913705583756
E00007407,131,65,19,46,66,55,11,49.61832061068702,14.50381679389313,35.11450381679389,50.38167938931297,41.98473282442748,8.396946564885496
E00007408,224,79,29,50,145,133,12,35.267857142857146,12.946428571428573,22.321428571428573,64.73214285714286,59.375,5.357142857142857
E00007409,168,72,24,48,96,94,2,42.857142857142854,14.285714285714285,28.57142857142857,57.14285714285714,55.952380952380956,1.1904761904761905
E00007410,141,59,24,35,82,80,2,41.843971631205676,17.02127659574468,24.822695035460992,58.156028368794324,56.73758865248227,1.4184397163120568
E00007411,162,74,23,51,88,80,8,45.67901234567901,14.19753086419753,31.48148148148148,54.32098765432099,49.382716049382715,4.938271604938271
E00007412,206,77,17,60,129,113,16,37.37864077669903,8.25242718446602,29.126213592233007,62.62135922330098,54.85436893203883,7.766990291262135
E00007413,132,56,21,35,76,69,7,42.42424242424242,15.909090909090908,26.515151515151516,57.57575757575758,52.27272727272727,5.303030303030303
E00007414,100,50,15,35,50,46,4,50,15,35,50,46,4
E00007415,130,51,12,39,79,65,14,39.23076923076923,9.230769230769232,30,60.76923076923077,50,10.76923076923077
E00007416,177,56,22,34,121,101,20,31.63841807909605,12.429378531073446,19.2090395480226,68.36158192090396,57.06214689265536,11.299435028248588
E00007417,197,62,19,43,135,101,34,31.472081218274113,9.644670050761421,21.82741116751269,68.52791878172589,51.26903553299492,17.258883248730964
E00007418,215,70,27,43,145,128,17,32.55813953488372,12.558139534883722,20,67.44186046511628,59.53488372093023,7.906976744186046
E00007419,145,52,16,36,93,80,13,35.86206896551724,11.03448275862069,24.82758620689655,64.13793103448275,55.172413793103445,8.96551724137931
E00007420,200,70,42,28,130,118,12,35,21,14.000000000000002,65,59,6
E00007421,261,63,25,38,198,180,18,24.137931034482758,9.578544061302683,14.559386973180077,75.86206896551724,68.96551724137932,6.896551724137931
E00007422,152,78,26,52,74,65,9,51.31578947368421,17.105263157894736,34.21052631578947,48.68421052631579,42.76315789473684,5.921052631578947
E00007423,184,52,21,31,132,100,32,28.26086956521739,11.41304347826087,16.847826086956523,71.73913043478261,54.347826086956516,17.391304347826086
E00007424,173,56,18,38,117,100,17,32.369942196531795,10.404624277456648,21.965317919075144,67.63005780346822,57.80346820809249,9.826589595375722
E00007425,153,71,20,51,82,76,6,46.40522875816993,13.071895424836603,33.33333333333333,53.59477124183007,49.673202614379086,3.9215686274509802
E00007426,148,53,22,31,95,79,16,35.810810810810814,14.864864864864865,20.945945945945947,64.1891891891892,53.37837837837838,10.81081081081081
E00007427,146,38,15,23,108,90,18,26.027397260273972,10.273972602739725,15.753424657534246,73.97260273972603,61.64383561643836,12.32876712328767
E00007428,197,54,20,34,143,125,18,27.411167512690355,10.152284263959391,17.258883248730964,72.58883248730965,63.45177664974619,9.137055837563452
E00007429,155,43,20,23,112,100,12,27.741935483870968,12.903225806451612,14.838709677419354,72.25806451612902,64.51612903225806,7.741935483870968
E00007430,179,46,22,24,133,109,24,25.69832402234637,12.290502793296088,13.40782122905028,74.30167597765363,60.893854748603346,13.40782122905028
E00007431,129,52,14,38,77,65,12,40.310077519379846,10.852713178294573,29.457364341085274,59.68992248062015,50.3875968992248,9.30232558139535
E00007432,248,94,32,62,154,129,25,37.903225806451616,12.903225806451612,25,62.096774193548384,52.016129032258064,10.080645161290322
E00007433,179,51,19,32,128,111,17,28.49162011173184,10.614525139664805,17.877094972067038,71.50837988826815,62.01117318435754,9.497206703910614
E00007434,210,77,24,53,133,113,20,36.666666666666664,11.428571428571429,25.238095238095237,63.33333333333333,53.80952380952381,9.523809523809524
E00007435,164,54,25,29,110,96,14,32.926829268292686,15.24390243902439,17.682926829268293,67.07317073170732,58.536585365853654,8.536585365853659
E00007436,178,50,18,32,128,106,22,28.08988764044944,10.112359550561797,17.97752808988764,71.91011235955057,59.55056179775281,12.359550561797752
E00007437,201,77,32,45,124,106,18,38.308457711442784,15.92039800995025,22.388059701492537,61.69154228855721,52.736318407960205,8.955223880597014
E00007438,183,62,19,43,121,105,16,33.87978142076503,10.382513661202186,23.497267759562842,66.12021857923497,57.377049180327866,8.743169398907105
E00007439,170,48,20,28,122,91,31,28.235294117647058,11.76470588235294,16.470588235294116,71.76470588235294,53.529411764705884,18.235294117647058
E00007440,147,46,7,39,101,85,16,31.292517006802722,4.761904761904762,26.53061224489796,68.70748299319727,57.82312925170068,10.884353741496598
E00007441,177,56,17,39,121,98,23,31.63841807909605,9.6045197740113,22.033898305084744,68.36158192090396,55.367231638418076,12.994350282485875
E00007442,212,73,27,46,139,126,13,34.43396226415094,12.735849056603774,21.69811320754717,65.56603773584906,59.43396226415094,6.132075471698113
E00007443,323,79,23,56,244,207,37,24.458204334365323,7.120743034055728,17.3374613003096,75.54179566563467,64.08668730650155,11.455108359133128
E00007444,158,51,16,35,107,97,10,32.278481012658226,10.126582278481013,22.151898734177212,67.72151898734177,61.39240506329114,6.329113924050633
E00007445,139,44,19,25,95,78,17,31.654676258992804,13.66906474820144,17.985611510791365,68.34532374100719,56.11510791366906,12.23021582733813
E00007446,177,48,16,32,129,112,17,27.11864406779661,9.03954802259887,18.07909604519774,72.88135593220339,63.2768361581921,9.6045197740113
E00007447,196,51,14,37,145,113,32,26.02040816326531,7.142857142857142,18.877551020408163,73.9795918367347,57.6530612244898,16.3265306122449
E00007448,157,47,18,29,110,101,9,29.936305732484076,11.464968152866243,18.471337579617835,70.06369426751591,64.3312101910828,5.7324840764331215
E00007449,118,34,12,22,84,66,18,28.8135593220339,10.16949152542373,18.64406779661017,71.1864406779661,55.932203389830505,15.254237288135593
E00007450,199,78,32,46,121,106,15,39.19597989949749,16.08040201005025,23.115577889447238,60.80402010050251,53.266331658291456,7.537688442211055
E00007451,193,75,33,42,118,103,15,38.860103626943,17.098445595854923,21.761658031088082,61.13989637305699,53.36787564766839,7.772020725388601
E00007452,79,27,11,16,52,44,8,34.177215189873415,13.924050632911392,20.253164556962027,65.82278481012658,55.69620253164557,10.126582278481013
E00007453,158,52,20,32,106,88,18,32.91139240506329,12.658227848101266,20.253164556962027,67.08860759493672,55.69620253164557,11.39240506329114
E00007454,102,32,16,16,70,61,9,31.372549019607842,15.686274509803921,15.686274509803921,68.62745098039215,59.80392156862745,8.823529411764707
E00007455,165,56,17,39,109,92,17,33.939393939393945,10.303030303030303,23.636363636363637,66.06060606060606,55.757575757575765,10.303030303030303
E00007456,178,65,27,38,113,93,20,36.51685393258427,15.168539325842698,21.34831460674157,63.48314606741573,52.24719101123596,11.235955056179774
E00007457,128,39,15,24,89,75,14,30.46875,11.71875,18.75,69.53125,58.59375,10.9375
E00007458,182,66,20,46,116,100,16,36.26373626373626,10.989010989010989,25.274725274725274,63.73626373626373,54.94505494505495,8.791208791208792
E00007459,167,73,35,38,94,77,17,43.712574850299404,20.958083832335326,22.75449101796407,56.287425149700596,46.10778443113773,10.179640718562874
E00007460,141,65,23,42,76,67,9,46.09929078014184,16.312056737588655,29.78723404255319,53.90070921985816,47.5177304964539,6.382978723404255
E00007461,186,92,31,61,94,79,15,49.46236559139785,16.666666666666664,32.795698924731184,50.53763440860215,42.473118279569896,8.064516129032258
E00007462,187,80,18,62,107,99,8,42.780748663101605,9.62566844919786,33.155080213903744,57.21925133689839,52.94117647058824,4.27807486631016
E00007463,169,80,29,51,89,77,12,47.337278106508876,17.159763313609467,30.17751479289941,52.662721893491124,45.562130177514796,7.100591715976331
E00007464,143,56,19,37,87,72,15,39.16083916083916,13.286713286713287,25.874125874125873,60.83916083916085,50.349650349650354,10.48951048951049
E00007469,237,118,48,70,119,97,22,49.789029535864984,20.253164556962027,29.535864978902953,50.210970464135016,40.92827004219409,9.282700421940929
E00007472,182,57,14,43,125,111,14,31.318681318681318,7.6923076923076925,23.626373626373624,68.68131868131869,60.98901098901099,7.6923076923076925
E00007473,167,77,26,51,90,80,10,46.10778443113773,15.568862275449103,30.538922155688624,53.89221556886228,47.90419161676647,5.9880239520958085
E00007474,161,81,26,55,80,68,12,50.31055900621118,16.149068322981368,34.161490683229815,49.68944099378882,42.2360248447205,7.453416149068323
E00007475,105,54,14,40,51,48,3,51.42857142857142,13.333333333333334,38.095238095238095,48.57142857142857,45.714285714285715,2.857142857142857
E00007476,160,71,12,59,89,75,14,44.375,7.5,36.875,55.625,46.875,8.75
E00007477,82,32,12,20,50,44,6,39.02439024390244,14.634146341463413,24.390243902439025,60.97560975609756,53.65853658536586,7.317073170731707
E00007478,145,51,18,33,94,82,12,35.172413793103445,12.413793103448276,22.758620689655174,64.82758620689654,56.55172413793104,8.275862068965518
E00007479,109,70,26,44,39,38,1,64.22018348623854,23.853211009174313,40.36697247706422,35.77981651376147,34.862385321100916,0.9174311926605505
E00007480,73,39,21,18,34,29,5,53.42465753424658,28.767123287671232,24.65753424657534,46.57534246575342,39.726027397260275,6.8493150684931505
E00007482,115,41,19,22,74,58,16,35.65217391304348,16.52173913043478,19.130434782608695,64.34782608695652,50.43478260869565,13.91304347826087
E00007484,141,62,32,30,79,62,17,43.97163120567376,22.69503546099291,21.27659574468085,56.02836879432624,43.97163120567376,12.056737588652481
E00007486,136,72,20,52,64,58,6,52.94117647058824,14.705882352941178,38.23529411764706,47.05882352941176,42.64705882352941,4.411764705882353
E00007487,205,96,34,62,109,101,8,46.82926829268293,16.585365853658537,30.24390243902439,53.170731707317074,49.26829268292683,3.902439024390244
E00007488,179,70,19,51,109,95,14,39.10614525139665,10.614525139664805,28.49162011173184,60.893854748603346,53.072625698324025,7.82122905027933
E00007489,102,42,11,31,60,53,7,41.17647058823529,10.784313725490197,30.392156862745097,58.82352941176471,51.9607843137255,6.862745098039216
E00007492,177,62,18,44,115,103,12,35.02824858757062,10.16949152542373,24.858757062146893,64.97175141242938,58.19209039548022,6.779661016949152
E00007493,157,50,14,36,107,94,13,31.84713375796178,8.9171974522293,22.929936305732486,68.15286624203821,59.87261146496815,8.280254777070063
E00007494,128,64,23,41,64,58,6,50,17.96875,32.03125,50,45.3125,4.6875
E00007495,161,87,29,58,74,67,7,54.037267080745345,18.012422360248447,36.024844720496894,45.962732919254655,41.61490683229814,4.3478260869565215
E00007496,154,58,27,31,96,87,9,37.66233766233766,17.532467532467532,20.12987012987013,62.33766233766234,56.493506493506494,5.844155844155844
E00007497,177,70,25,45,107,94,13,39.548022598870055,14.124293785310735,25.423728813559322,60.451977401129945,53.10734463276836,7.344632768361582
E00007498,153,68,19,49,85,68,17,44.44444444444444,12.418300653594772,32.02614379084967,55.55555555555556,44.44444444444444,11.11111111111111
E00007499,203,94,40,54,109,98,11,46.30541871921182,19.704433497536947,26.60098522167488,53.69458128078818,48.275862068965516,5.41871921182266
E00007500,202,63,28,35,139,114,25,31.18811881188119,13.861386138613863,17.326732673267326,68.8118811881188,56.43564356435643,12.376237623762377
E00007501,176,47,13,34,129,109,20,26.704545454545453,7.386363636363637,19.318181818181817,73.29545454545455,61.93181818181818,11.363636363636363
E00007502,125,53,9,44,72,71,1,42.4,7.199999999999999,35.199999999999996,57.599999999999994,56.8,0.8
E00007503,122,49,18,31,73,70,3,40.16393442622951,14.754098360655737,25.40983606557377,59.83606557377049,57.377049180327866,2.459016393442623
E00007504,124,54,15,39,70,60,10,43.54838709677419,12.096774193548388,31.451612903225808,56.451612903225815,48.38709677419355,8.064516129032258
E00007505,162,50,15,35,112,92,20,30.864197530864196,9.25925925925926,21.604938271604937,69.1358024691358,56.79012345679012,12.345679012345679
E00007506,174,63,25,38,111,99,12,36.206896551724135,14.367816091954023,21.839080459770116,63.793103448275865,56.896551724137936,6.896551724137931
E00007507,232,91,35,56,141,124,17,39.224137931034484,15.086206896551724,24.137931034482758,60.775862068965516,53.44827586206896,7.327586206896551
E00007508,174,59,21,38,115,100,15,33.90804597701149,12.068965517241379,21.839080459770116,66.0919540229885,57.47126436781609,8.620689655172415
E00007509,153,69,17,52,84,73,11,45.09803921568628,11.11111111111111,33.98692810457516,54.90196078431373,47.712418300653596,7.18954248366013
E00007510,293,78,31,47,215,170,45,26.621160409556317,10.580204778156997,16.040955631399317,73.37883959044369,58.02047781569966,15.358361774744028
E00007511,148,47,12,35,101,84,17,31.756756756756754,8.108108108108109,23.64864864864865,68.24324324324324,56.75675675675676,11.486486486486488
E00007512,166,87,29,58,79,71,8,52.40963855421686,17.46987951807229,34.93975903614458,47.59036144578313,42.77108433734939,4.819277108433735
E00007513,127,47,12,35,80,72,8,37.00787401574803,9.448818897637794,27.559055118110237,62.99212598425197,56.69291338582677,6.299212598425196
E00007514,168,71,27,44,97,89,8,42.26190476190476,16.071428571428573,26.190476190476193,57.738095238095234,52.976190476190474,4.761904761904762
E00007515,103,43,8,35,60,53,7,41.74757281553398,7.766990291262135,33.980582524271846,58.252427184466015,51.45631067961165,6.796116504854369
E00007516,98,38,18,20,60,54,6,38.775510204081634,18.367346938775512,20.408163265306122,61.224489795918366,55.10204081632652,6.122448979591836
E00007517,149,59,22,37,90,79,11,39.59731543624161,14.76510067114094,24.832214765100673,60.40268456375839,53.02013422818792,7.38255033557047
E00007518,141,46,15,31,95,83,12,32.62411347517731,10.638297872340425,21.98581560283688,67.37588652482269,58.86524822695035,8.51063829787234
E00007519,149,43,14,29,106,95,11,28.859060402684566,9.395973154362416,19.463087248322147,71.14093959731544,63.758389261744966,7.38255033557047
E00007520,153,66,31,35,87,79,8,43.13725490196079,20.26143790849673,22.875816993464053,56.86274509803921,51.633986928104584,5.228758169934641
E00007521,144,54,15,39,90,80,10,37.5,10.416666666666668,27.083333333333332,62.5,55.55555555555556,6.944444444444445
E00007522,155,59,22,37,96,84,12,38.064516129032256,14.193548387096774,23.870967741935484,61.935483870967744,54.19354838709678,7.741935483870968
E00007523,163,39,17,22,124,111,13,23.92638036809816,10.429447852760736,13.496932515337424,76.07361963190185,68.09815950920245,7.975460122699387
E00007524,160,53,18,35,107,96,11,33.125,11.25,21.875,66.875,60,6.875000000000001
E00007525,174,58,27,31,116,100,16,33.33333333333333,15.517241379310345,17.81609195402299,66.66666666666666,57.47126436781609,9.195402298850574
E00007526,153,41,13,28,112,90,22,26.797385620915033,8.49673202614379,18.30065359477124,73.20261437908496,58.82352941176471,14.37908496732026
E00007527,114,37,14,23,77,69,8,32.45614035087719,12.280701754385964,20.175438596491226,67.54385964912281,60.526315789473685,7.017543859649122
E00007529,165,42,13,29,123,105,18,25.454545454545453,7.878787878787878,17.575757575757574,74.54545454545455,63.63636363636363,10.909090909090908
E00007530,151,39,11,28,112,97,15,25.82781456953642,7.28476821192053,18.543046357615893,74.17218543046357,64.23841059602648,9.933774834437086
E00007531,167,48,15,33,119,104,15,28.74251497005988,8.982035928143713,19.760479041916167,71.25748502994011,62.27544910179641,8.982035928143713
E00007532,184,48,17,31,136,124,12,26.08695652173913,9.239130434782608,16.847826086956523,73.91304347826086,67.3913043478261,6.521739130434782
E00007533,182,57,24,33,125,113,12,31.318681318681318,13.186813186813188,18.13186813186813,68.68131868131869,62.08791208791209,6.593406593406594
E00007534,170,44,15,29,126,110,16,25.882352941176475,8.823529411764707,17.058823529411764,74.11764705882354,64.70588235294117,9.411764705882353
E00007535,182,61,30,31,121,103,18,33.51648351648351,16.483516483516482,17.032967032967033,66.48351648351648,56.59340659340659,9.89010989010989
E00007536,203,65,26,39,138,115,23,32.01970443349754,12.807881773399016,19.21182266009852,67.98029556650246,56.65024630541872,11.330049261083744
E00007537,113,35,10,25,78,70,8,30.973451327433626,8.849557522123893,22.123893805309734,69.02654867256636,61.94690265486725,7.079646017699115
E00007538,184,57,18,39,127,116,11,30.978260869565215,9.782608695652174,21.195652173913043,69.02173913043478,63.04347826086957,5.978260869565218
E00007539,168,51,19,32,117,97,20,30.357142857142854,11.30952380952381,19.047619047619047,69.64285714285714,57.738095238095234,11.904761904761903
E00007540,190,44,20,24,146,122,24,23.157894736842106,10.526315789473683,12.631578947368421,76.84210526315789,64.21052631578948,12.631578947368421
E00007541,137,45,17,28,92,70,22,32.846715328467155,12.408759124087592,20.437956204379564,67.15328467153284,51.09489051094891,16.05839416058394
E00007542,133,49,14,35,84,67,17,36.84210526315789,10.526315789473683,26.31578947368421,63.1578947368421,50.37593984962406,12.781954887218044
E00007543,205,58,21,37,147,121,26,28.292682926829265,10.24390243902439,18.048780487804876,71.70731707317073,59.02439024390244,12.682926829268293
E00007544,185,62,16,46,123,110,13,33.513513513513516,8.64864864864865,24.864864864864867,66.48648648648648,59.45945945945946,7.027027027027027
E00007545,167,55,30,25,112,77,35,32.93413173652694,17.964071856287426,14.97005988023952,67.06586826347305,46.10778443113773,20.958083832335326
E00007546,51,10,5,5,41,34,7,19.607843137254903,9.803921568627452,9.803921568627452,80.3921568627451,66.66666666666666,13.725490196078432
E00007547,138,41,13,28,97,79,18,29.71014492753623,9.420289855072465,20.28985507246377,70.28985507246377,57.2463768115942,13.043478260869565
E00007548,175,54,22,32,121,97,24,30.857142857142854,12.571428571428573,18.285714285714285,69.14285714285714,55.42857142857143,13.714285714285715
E00007549,180,64,30,34,116,102,14,35.55555555555556,16.666666666666664,18.88888888888889,64.44444444444444,56.666666666666664,7.777777777777778
E00007550,189,57,26,31,132,106,26,30.158730158730158,13.756613756613756,16.402116402116402,69.84126984126983,56.08465608465608,13.756613756613756
E00007551,160,57,21,36,103,82,21,35.625,13.125,22.5,64.375,51.24999999999999,13.125
E00007552,91,40,14,26,51,44,7,43.956043956043956,15.384615384615385,28.57142857142857,56.043956043956044,48.35164835164835,7.6923076923076925
E00007553,117,40,19,21,77,67,10,34.18803418803419,16.23931623931624,17.94871794871795,65.8119658119658,57.26495726495726,8.547008547008547
E00007554,179,57,25,32,122,91,31,31.843575418994412,13.966480446927374,17.877094972067038,68.15642458100558,50.83798882681564,17.318435754189945
E00007555,172,50,19,31,122,99,23,29.069767441860467,11.046511627906977,18.023255813953487,70.93023255813954,57.55813953488372,13.372093023255813
E00007556,161,53,23,30,108,87,21,32.91925465838509,14.285714285714285,18.633540372670808,67.08074534161491,54.037267080745345,13.043478260869565
E00007557,140,46,18,28,94,74,20,32.857142857142854,12.857142857142856,20,67.14285714285714,52.85714285714286,14.285714285714285
E00007558,239,69,32,37,170,138,32,28.870292887029287,13.389121338912133,15.481171548117153,71.1297071129707,57.74058577405857,13.389121338912133
E00007559,131,44,17,27,87,78,9,33.587786259541986,12.977099236641221,20.610687022900763,66.41221374045801,59.541984732824424,6.870229007633588
E00007560,158,62,24,38,96,73,23,39.24050632911392,15.18987341772152,24.050632911392405,60.75949367088608,46.20253164556962,14.556962025316455
E00007561,152,46,21,25,106,81,25,30.263157894736842,13.815789473684212,16.447368421052634,69.73684210526315,53.289473684210535,16.447368421052634
E00007562,124,36,18,18,88,65,23,29.03225806451613,14.516129032258066,14.516129032258066,70.96774193548387,52.41935483870967,18.548387096774192
E00007563,173,69,28,41,104,91,13,39.884393063583815,16.184971098265898,23.699421965317917,60.115606936416185,52.601156069364166,7.514450867052023
E00007564,181,54,23,31,127,115,12,29.83425414364641,12.70718232044199,17.12707182320442,70.1657458563536,63.53591160220995,6.629834254143646
E00007565,112,33,13,20,79,69,10,29.464285714285715,11.607142857142858,17.857142857142858,70.53571428571429,61.60714285714286,8.928571428571429
E00007566,177,44,23,21,133,111,22,24.858757062146893,12.994350282485875,11.864406779661017,75.14124293785311,62.71186440677966,12.429378531073446
E00007567,185,58,25,33,127,105,22,31.351351351351354,13.513513513513514,17.83783783783784,68.64864864864865,56.75675675675676,11.891891891891893
E00007568,163,51,24,27,112,96,16,31.28834355828221,14.723926380368098,16.56441717791411,68.71165644171779,58.895705521472394,9.815950920245399
E00007569,170,55,20,35,115,100,15,32.35294117647059,11.76470588235294,20.588235294117645,67.64705882352942,58.82352941176471,8.823529411764707
E00007570,154,40,15,25,114,101,13,25.97402597402597,9.740259740259742,16.233766233766232,74.02597402597402,65.5844155844156,8.441558441558442
E00007571,134,52,22,30,82,75,7,38.80597014925373,16.417910447761194,22.388059701492537,61.19402985074627,55.970149253731336,5.223880597014925
E00007572,160,45,18,27,115,92,23,28.125,11.25,16.875,71.875,57.49999999999999,14.374999999999998
E00007573,214,59,22,37,155,125,30,27.570093457943923,10.2803738317757,17.289719626168225,72.42990654205607,58.41121495327103,14.018691588785046
E00007575,206,59,22,37,147,128,19,28.640776699029125,10.679611650485436,17.96116504854369,71.35922330097088,62.13592233009708,9.223300970873787
E00007576,142,49,23,26,93,78,15,34.50704225352113,16.19718309859155,18.30985915492958,65.49295774647888,54.929577464788736,10.56338028169014
E00007577,123,31,14,17,92,80,12,25.203252032520325,11.38211382113821,13.821138211382115,74.79674796747967,65.04065040650406,9.75609756097561
E00007578,188,64,20,44,124,96,28,34.04255319148936,10.638297872340425,23.404255319148938,65.95744680851064,51.06382978723404,14.893617021276595
E00007579,183,61,30,31,122,103,19,33.33333333333333,16.39344262295082,16.939890710382514,66.66666666666666,56.284153005464475,10.382513661202186
E00007580,192,57,26,31,135,107,28,29.6875,13.541666666666666,16.145833333333336,70.3125,55.729166666666664,14.583333333333334
E00007581,158,38,11,27,120,98,22,24.050632911392405,6.962025316455696,17.088607594936708,75.9493670886076,62.0253164556962,13.924050632911392
E00007583,162,46,18,28,116,96,20,28.39506172839506,11.11111111111111,17.28395061728395,71.60493827160494,59.25925925925925,12.345679012345679
E00007584,150,45,19,26,105,90,15,30,12.666666666666668,17.333333333333336,70,60,10
E00007585,145,56,17,39,89,75,14,38.62068965517241,11.724137931034482,26.89655172413793,61.37931034482759,51.724137931034484,9.655172413793103
E00007586,195,84,27,57,111,100,11,43.07692307692308,13.846153846153847,29.230769230769234,56.92307692307692,51.28205128205128,5.641025641025641
E00007587,303,95,41,54,208,179,29,31.353135313531354,13.531353135313532,17.82178217821782,68.64686468646865,59.07590759075908,9.570957095709572
E00007588,206,51,19,32,155,130,25,24.75728155339806,9.223300970873787,15.53398058252427,75.24271844660194,63.10679611650486,12.135922330097088
E00007589,166,51,16,35,115,96,19,30.72289156626506,9.63855421686747,21.084337349397593,69.27710843373494,57.831325301204814,11.44578313253012
E00007590,237,95,30,65,142,120,22,40.08438818565401,12.658227848101266,27.42616033755274,59.91561181434599,50.63291139240506,9.282700421940929
E00007591,172,49,14,35,123,102,21,28.488372093023255,8.13953488372093,20.348837209302324,71.51162790697676,59.30232558139535,12.209302325581394
E00007594,119,47,14,33,72,60,12,39.49579831932773,11.76470588235294,27.73109243697479,60.50420168067227,50.42016806722689,10.084033613445378
E00007595,187,55,22,33,132,121,11,29.411764705882355,11.76470588235294,17.647058823529413,70.58823529411765,64.70588235294117,5.88235294117647
E00007596,166,53,24,29,113,84,29,31.92771084337349,14.457831325301203,17.46987951807229,68.07228915662651,50.602409638554214,17.46987951807229
E00007597,190,61,29,32,129,108,21,32.10526315789474,15.263157894736842,16.842105263157894,67.89473684210526,56.84210526315789,11.052631578947368
E00007598,215,64,25,39,151,121,30,29.767441860465116,11.627906976744185,18.13953488372093,70.23255813953489,56.27906976744186,13.953488372093023
E00007599,175,61,18,43,114,91,23,34.85714285714286,10.285714285714285,24.571428571428573,65.14285714285715,52,13.142857142857142
E00007600,164,52,25,27,112,85,27,31.70731707317073,15.24390243902439,16.463414634146343,68.29268292682927,51.829268292682926,16.463414634146343
E00007601,161,52,16,36,109,81,28,32.298136645962735,9.937888198757763,22.36024844720497,67.70186335403726,50.31055900621118,17.391304347826086
E00007602,174,55,17,38,119,95,24,31.60919540229885,9.770114942528735,21.839080459770116,68.39080459770115,54.59770114942529,13.793103448275861
E00007603,200,79,43,36,121,96,25,39.5,21.5,18,60.5,48,12.5
E00007604,190,62,25,37,128,106,22,32.631578947368425,13.157894736842104,19.473684210526315,67.36842105263158,55.78947368421052,11.578947368421053
E00007605,209,61,19,42,148,117,31,29.1866028708134,9.090909090909092,20.095693779904305,70.81339712918661,55.980861244019145,14.832535885167463
E00007606,167,52,23,29,115,91,24,31.137724550898206,13.77245508982036,17.365269461077844,68.8622754491018,54.49101796407185,14.37125748502994
E00007607,245,76,21,55,169,131,38,31.020408163265305,8.571428571428571,22.448979591836736,68.9795918367347,53.46938775510204,15.510204081632653
E00007608,199,68,25,43,131,101,30,34.17085427135678,12.562814070351758,21.608040201005025,65.82914572864321,50.753768844221106,15.07537688442211
E00007609,186,49,20,29,137,104,33,26.344086021505376,10.75268817204301,15.591397849462366,73.65591397849462,55.91397849462365,17.741935483870968
E00007610,137,51,25,26,86,70,16,37.22627737226277,18.248175182481752,18.97810218978102,62.77372262773723,51.09489051094891,11.678832116788321
E00007611,141,29,11,18,112,89,23,20.56737588652482,7.801418439716312,12.76595744680851,79.43262411347519,63.12056737588653,16.312056737588655
E00007612,177,48,19,29,129,101,28,27.11864406779661,10.734463276836157,16.38418079096045,72.88135593220339,57.06214689265536,15.819209039548024
E00007613,195,63,33,30,132,107,25,32.30769230769231,16.923076923076923,15.384615384615385,67.6923076923077,54.871794871794876,12.82051282051282
E00007614,179,52,27,25,127,97,30,29.05027932960894,15.083798882681565,13.966480446927374,70.94972067039106,54.18994413407822,16.75977653631285
E00007615,172,65,29,36,107,78,29,37.7906976744186,16.86046511627907,20.930232558139537,62.2093023255814,45.348837209302324,16.86046511627907
E00007616,339,113,42,71,226,201,25,33.33333333333333,12.389380530973451,20.943952802359885,66.66666666666666,59.29203539823009,7.374631268436578
E00007617,177,51,22,29,126,107,19,28.8135593220339,12.429378531073446,16.38418079096045,71.1864406779661,60.451977401129945,10.734463276836157
E00007618,149,46,20,26,103,84,19,30.87248322147651,13.422818791946309,17.449664429530202,69.12751677852349,56.375838926174495,12.751677852348994
E00007619,153,44,19,25,109,94,15,28.75816993464052,12.418300653594772,16.33986928104575,71.24183006535948,61.43790849673203,9.803921568627452
E00007620,152,46,23,23,106,85,21,30.263157894736842,15.131578947368421,15.131578947368421,69.73684210526315,55.92105263157895,13.815789473684212
E00007621,145,55,25,30,90,81,9,37.93103448275862,17.24137931034483,20.689655172413794,62.06896551724138,55.86206896551724,6.206896551724138
E00007622,133,49,16,33,84,67,17,36.84210526315789,12.030075187969924,24.81203007518797,63.1578947368421,50.37593984962406,12.781954887218044
E00007623,184,59,18,41,125,110,15,32.065217391304344,9.782608695652174,22.282608695652172,67.93478260869566,59.78260869565217,8.152173913043478
E00007624,157,45,18,27,112,91,21,28.662420382165603,11.464968152866243,17.197452229299362,71.3375796178344,57.961783439490446,13.375796178343949
E00007625,146,57,10,47,89,73,16,39.04109589041096,6.8493150684931505,32.19178082191781,60.95890410958904,50,10.95890410958904
E00007626,187,58,17,41,129,106,23,31.016042780748666,9.090909090909092,21.92513368983957,68.98395721925134,56.68449197860963,12.299465240641712
E00007627,169,42,19,23,127,107,20,24.85207100591716,11.242603550295858,13.609467455621301,75.14792899408283,63.31360946745562,11.834319526627219
E00007628,242,81,36,45,161,131,30,33.47107438016529,14.87603305785124,18.59504132231405,66.52892561983471,54.132231404958674,12.396694214876034
E00007629,187,58,17,41,129,116,13,31.016042780748666,9.090909090909092,21.92513368983957,68.98395721925134,62.03208556149733,6.951871657754011
E00007630,145,49,16,33,96,80,16,33.793103448275865,11.03448275862069,22.758620689655174,66.20689655172414,55.172413793103445,11.03448275862069
E00007631,110,29,10,19,81,69,12,26.36363636363636,9.090909090909092,17.272727272727273,73.63636363636363,62.727272727272734,10.909090909090908
E00007632,113,27,11,16,86,73,13,23.893805309734514,9.734513274336283,14.15929203539823,76.10619469026548,64.60176991150442,11.504424778761061
E00007633,176,49,16,33,127,113,14,27.84090909090909,9.090909090909092,18.75,72.1590909090909,64.20454545454545,7.954545454545454
E00007634,139,31,9,22,108,95,13,22.302158273381295,6.474820143884892,15.827338129496402,77.6978417266187,68.34532374100719,9.352517985611511
E00007635,235,55,16,39,180,132,48,23.404255319148938,6.808510638297872,16.595744680851062,76.59574468085107,56.17021276595745,20.425531914893615
E00007636,128,43,16,27,85,73,12,33.59375,12.5,21.09375,66.40625,57.03125,9.375
E00007637,119,27,7,20,92,78,14,22.689075630252102,5.88235294117647,16.80672268907563,77.31092436974791,65.54621848739495,11.76470588235294
E00007638,165,47,19,28,118,99,19,28.484848484848484,11.515151515151516,16.969696969696972,71.51515151515152,60,11.515151515151516
E00007639,142,52,24,28,90,78,12,36.61971830985916,16.901408450704224,19.718309859154928,63.38028169014085,54.929577464788736,8.450704225352112
E00007640,178,50,27,23,128,105,23,28.08988764044944,15.168539325842698,12.921348314606742,71.91011235955057,58.98876404494382,12.921348314606742
E00007641,170,45,14,31,125,113,12,26.47058823529412,8.235294117647058,18.235294117647058,73.52941176470588,66.47058823529412,7.0588235294117645
E00007642,156,47,16,31,109,83,26,30.128205128205128,10.256410256410255,19.871794871794872,69.87179487179486,53.205128205128204,16.666666666666664
E00007643,134,31,16,15,103,87,16,23.134328358208954,11.940298507462686,11.194029850746269,76.86567164179104,64.92537313432835,11.940298507462686
E00007644,190,55,25,30,135,115,20,28.947368421052634,13.157894736842104,15.789473684210526,71.05263157894737,60.526315789473685,10.526315789473683
E00007645,196,49,15,34,147,127,20,25,7.653061224489796,17.346938775510203,75,64.79591836734694,10.204081632653061
E00007646,159,56,20,36,103,85,18,35.22012578616352,12.578616352201259,22.641509433962266,64.77987421383648,53.459119496855344,11.320754716981133
E00007647,187,56,20,36,131,104,27,29.946524064171122,10.695187165775401,19.25133689839572,70.05347593582889,55.61497326203209,14.43850267379679
E00007648,198,69,29,40,129,109,20,34.84848484848485,14.646464646464647,20.2020202020202,65.15151515151516,55.05050505050505,10.1010101010101
E00007649,179,54,21,33,125,101,24,30.16759776536313,11.731843575418994,18.435754189944134,69.83240223463687,56.424581005586596,13.40782122905028
E00007650,157,47,17,30,110,101,9,29.936305732484076,10.828025477707007,19.10828025477707,70.06369426751591,64.3312101910828,5.7324840764331215
E00007651,143,45,13,32,98,84,14,31.46853146853147,9.090909090909092,22.377622377622377,68.53146853146853,58.74125874125874,9.79020979020979
E00007652,193,58,20,38,135,115,20,30.05181347150259,10.362694300518134,19.689119170984455,69.94818652849742,59.58549222797927,10.362694300518134
E00007653,155,45,17,28,110,87,23,29.03225806451613,10.967741935483872,18.064516129032256,70.96774193548387,56.12903225806451,14.838709677419354
E00007654,84,35,9,26,49,41,8,41.66666666666667,10.714285714285714,30.952380952380953,58.333333333333336,48.80952380952381,9.523809523809524
E00007655,167,46,20,26,121,101,20,27.54491017964072,11.976047904191617,15.568862275449103,72.45508982035929,60.47904191616767,11.976047904191617
E00007656,151,55,20,35,96,75,21,36.423841059602644,13.245033112582782,23.178807947019866,63.576158940397356,49.668874172185426,13.90728476821192
E00007657,171,58,21,37,113,99,14,33.91812865497076,12.280701754385964,21.637426900584796,66.08187134502924,57.89473684210527,8.187134502923977
E00007658,188,53,22,31,135,117,18,28.191489361702125,11.702127659574469,16.48936170212766,71.80851063829788,62.23404255319149,9.574468085106384
E00007659,133,28,8,20,105,79,26,21.052631578947366,6.015037593984962,15.037593984962406,78.94736842105263,59.3984962406015,19.548872180451127
E00007660,128,34,11,23,94,78,16,26.5625,8.59375,17.96875,73.4375,60.9375,12.5
E00007661,83,25,6,19,58,44,14,30.120481927710845,7.228915662650602,22.89156626506024,69.87951807228916,53.01204819277109,16.867469879518072
E00007662,150,41,11,30,109,90,19,27.333333333333332,7.333333333333333,20,72.66666666666667,60,12.666666666666668
E00007663,118,33,12,21,85,75,10,27.966101694915253,10.16949152542373,17.796610169491526,72.03389830508475,63.559322033898304,8.47457627118644
E00007664,173,52,16,36,121,103,18,30.057803468208093,9.248554913294797,20.809248554913296,69.94219653179191,59.53757225433526,10.404624277456648
E00007665,284,85,28,57,199,172,27,29.929577464788732,9.859154929577464,20.070422535211268,70.07042253521126,60.56338028169014,9.507042253521126
E00007666,187,52,24,28,135,111,24,27.807486631016044,12.834224598930483,14.973262032085561,72.19251336898395,59.35828877005348,12.834224598930483
E00007667,171,41,12,29,130,106,24,23.976608187134502,7.017543859649122,16.95906432748538,76.0233918128655,61.98830409356725,14.035087719298245
E00007668,152,75,30,45,77,71,6,49.34210526315789,19.736842105263158,29.605263157894733,50.6578947368421,46.71052631578947,3.9473684210526314
E00007669,94,50,21,29,44,40,4,53.191489361702125,22.340425531914892,30.851063829787233,46.808510638297875,42.5531914893617,4.25531914893617
E00007670,180,68,27,41,112,98,14,37.77777777777778,15,22.77777777777778,62.22222222222222,54.44444444444444,7.777777777777778
E00007671,75,36,14,22,39,34,5,48,18.666666666666668,29.333333333333332,52,45.33333333333333,6.666666666666667
E00007672,60,29,12,17,31,28,3,48.333333333333336,20,28.333333333333332,51.66666666666667,46.666666666666664,5
E00007673,198,89,31,58,109,100,9,44.94949494949495,15.656565656565657,29.292929292929294,55.05050505050505,50.505050505050505,4.545454545454546
E00007674,158,51,11,40,107,100,7,32.278481012658226,6.962025316455696,25.31645569620253,67.72151898734177,63.29113924050633,4.430379746835443
E00007675,144,48,11,37,96,84,12,33.33333333333333,7.638888888888889,25.694444444444443,66.66666666666666,58.333333333333336,8.333333333333332
E00007676,155,65,19,46,90,76,14,41.935483870967744,12.258064516129032,29.677419354838708,58.06451612903226,49.03225806451613,9.032258064516128
E00007677,140,45,18,27,95,84,11,32.142857142857146,12.857142857142856,19.28571428571429,67.85714285714286,60,7.857142857142857
E00007678,135,61,13,48,74,70,4,45.18518518518518,9.62962962962963,35.55555555555556,54.81481481481482,51.85185185185185,2.9629629629629632
E00007679,183,71,23,48,112,98,14,38.79781420765027,12.568306010928962,26.229508196721312,61.20218579234973,53.551912568306015,7.650273224043716
E00007680,136,70,17,53,66,60,6,51.470588235294116,12.5,38.970588235294116,48.529411764705884,44.11764705882353,4.411764705882353
E00007681,133,56,13,43,77,65,12,42.10526315789473,9.774436090225564,32.33082706766917,57.89473684210527,48.87218045112782,9.022556390977442
E00007682,200,77,18,59,123,107,16,38.5,9,29.5,61.5,53.5,8
E00007683,182,77,23,54,105,86,19,42.30769230769231,12.637362637362637,29.67032967032967,57.692307692307686,47.25274725274725,10.43956043956044
E00007684,182,68,21,47,114,103,11,37.362637362637365,11.538461538461538,25.82417582417583,62.637362637362635,56.59340659340659,6.043956043956044
E00007685,171,60,15,45,111,97,14,35.08771929824561,8.771929824561402,26.31578947368421,64.91228070175438,56.72514619883041,8.187134502923977
E00007686,168,45,10,35,123,108,15,26.785714285714285,5.952380952380952,20.833333333333336,73.21428571428571,64.28571428571429,8.928571428571429
E00007687,153,64,18,46,89,80,9,41.830065359477125,11.76470588235294,30.065359477124183,58.16993464052288,52.28758169934641,5.88235294117647
E00007688,161,53,25,28,108,91,17,32.91925465838509,15.527950310559005,17.391304347826086,67.08074534161491,56.52173913043478,10.559006211180124
E00007689,123,51,17,34,72,64,8,41.46341463414634,13.821138211382115,27.64227642276423,58.536585365853654,52.03252032520326,6.504065040650407
E00007690,119,53,16,37,66,54,12,44.537815126050425,13.445378151260504,31.092436974789916,55.46218487394958,45.378151260504204,10.084033613445378
E00007691,125,56,23,33,69,58,11,44.800000000000004,18.4,26.400000000000002,55.2,46.400000000000006,8.799999999999999
E00007692,160,65,21,44,95,89,6,40.625,13.125,27.500000000000004,59.375,55.625,3.75
E00007693,160,54,10,44,106,95,11,33.75,6.25,27.500000000000004,66.25,59.375,6.875000000000001
E00007694,164,49,22,27,115,99,16,29.878048780487802,13.414634146341465,16.463414634146343,70.1219512195122,60.36585365853659,9.75609756097561
E00007695,150,65,30,35,85,82,3,43.333333333333336,20,23.333333333333332,56.666666666666664,54.666666666666664,2
E00007696,190,72,18,54,118,105,13,37.89473684210527,9.473684210526317,28.421052631578945,62.10526315789474,55.26315789473685,6.842105263157896
E00007697,142,59,22,37,83,67,16,41.54929577464789,15.492957746478872,26.056338028169012,58.45070422535211,47.183098591549296,11.267605633802818
E00007698,144,60,18,42,84,68,16,41.66666666666667,12.5,29.166666666666668,58.333333333333336,47.22222222222222,11.11111111111111
E00007699,184,67,23,44,117,109,8,36.41304347826087,12.5,23.91304347826087,63.58695652173913,59.2391304347826,4.3478260869565215
E00007700,177,71,18,53,106,101,5,40.11299435028249,10.16949152542373,29.943502824858758,59.887005649717516,57.06214689265536,2.824858757062147
E00007701,119,40,15,25,79,69,10,33.61344537815126,12.605042016806722,21.008403361344538,66.38655462184873,57.98319327731093,8.403361344537815
E00007702,137,52,19,33,85,73,12,37.95620437956204,13.86861313868613,24.087591240875913,62.04379562043796,53.284671532846716,8.75912408759124
E00007703,112,49,13,36,63,56,7,43.75,11.607142857142858,32.142857142857146,56.25,50,6.25
E00007704,158,65,20,45,93,83,10,41.139240506329116,12.658227848101266,28.48101265822785,58.86075949367089,52.53164556962025,6.329113924050633
E00007705,131,35,16,19,96,84,12,26.717557251908396,12.213740458015266,14.50381679389313,73.2824427480916,64.12213740458014,9.16030534351145
E00007706,163,60,19,41,103,90,13,36.809815950920246,11.65644171779141,25.153374233128833,63.190184049079754,55.21472392638037,7.975460122699387
E00007707,150,53,16,37,97,83,14,35.333333333333336,10.666666666666668,24.666666666666668,64.66666666666666,55.333333333333336,9.333333333333334
E00007708,153,63,30,33,90,73,17,41.17647058823529,19.607843137254903,21.568627450980394,58.82352941176471,47.712418300653596,11.11111111111111
E00007709,111,40,10,30,71,61,10,36.03603603603604,9.00900900900901,27.027027027027028,63.96396396396396,54.95495495495496,9.00900900900901
E00007710,129,47,12,35,82,70,12,36.434108527131784,9.30232558139535,27.131782945736433,63.565891472868216,54.263565891472865,9.30232558139535
E00007711,150,64,19,45,86,72,14,42.66666666666667,12.666666666666668,30,57.333333333333336,48,9.333333333333334
E00007712,211,81,19,62,130,109,21,38.388625592417064,9.004739336492891,29.383886255924168,61.61137440758294,51.65876777251185,9.95260663507109
E00007713,204,66,18,48,138,121,17,32.35294117647059,8.823529411764707,23.52941176470588,67.64705882352942,59.31372549019608,8.333333333333332
E00007714,165,86,33,53,79,73,6,52.121212121212125,20,32.121212121212125,47.878787878787875,44.24242424242424,3.6363636363636362
E00007715,170,72,28,44,98,93,5,42.35294117647059,16.470588235294116,25.882352941176475,57.647058823529406,54.70588235294118,2.941176470588235
E00007716,122,53,7,46,69,57,12,43.44262295081967,5.737704918032787,37.704918032786885,56.557377049180324,46.72131147540984,9.836065573770492
E00007717,139,58,16,42,81,77,4,41.726618705035975,11.510791366906476,30.215827338129497,58.27338129496403,55.39568345323741,2.877697841726619
E00007718,152,55,19,36,97,92,5,36.18421052631579,12.5,23.684210526315788,63.81578947368421,60.526315789473685,3.289473684210526
E00007719,162,71,24,47,91,74,17,43.82716049382716,14.814814814814813,29.01234567901235,56.17283950617284,45.67901234567901,10.493827160493826
E00007720,175,55,12,43,120,102,18,31.428571428571427,6.857142857142858,24.571428571428573,68.57142857142857,58.285714285714285,10.285714285714285
E00007721,135,57,11,46,78,69,9,42.22222222222222,8.148148148148149,34.074074074074076,57.77777777777777,51.11111111111111,6.666666666666667
E00007722,208,73,29,44,135,122,13,35.09615384615385,13.942307692307693,21.153846153846153,64.90384615384616,58.65384615384615,6.25
E00007723,135,52,16,36,83,73,10,38.51851851851852,11.851851851851853,26.666666666666668,61.48148148148148,54.074074074074076,7.4074074074074066
E00007724,172,83,24,59,89,74,15,48.25581395348838,13.953488372093023,34.30232558139535,51.74418604651163,43.02325581395349,8.720930232558139
E00007726,193,53,22,31,140,119,21,27.461139896373055,11.398963730569948,16.06217616580311,72.53886010362694,61.6580310880829,10.880829015544041
E00007727,194,81,27,54,113,93,20,41.75257731958763,13.917525773195877,27.835051546391753,58.24742268041238,47.93814432989691,10.309278350515463
E00007728,123,46,17,29,77,68,9,37.39837398373984,13.821138211382115,23.577235772357724,62.601626016260155,55.28455284552846,7.317073170731707
E00007729,152,70,12,58,82,74,8,46.05263157894737,7.894736842105263,38.15789473684211,53.94736842105263,48.68421052631579,5.263157894736842
E00007730,78,36,8,28,42,35,7,46.15384615384615,10.256410256410255,35.8974358974359,53.84615384615385,44.871794871794876,8.974358974358974
E00007732,188,90,30,60,98,82,16,47.87234042553192,15.957446808510639,31.914893617021278,52.12765957446809,43.61702127659575,8.51063829787234
E00007733,85,37,15,22,48,40,8,43.529411764705884,17.647058823529413,25.882352941176475,56.470588235294116,47.05882352941176,9.411764705882353
E00007734,146,59,21,38,87,79,8,40.41095890410959,14.383561643835616,26.027397260273972,59.589041095890416,54.109589041095894,5.47945205479452
E00007735,162,82,23,59,80,73,7,50.617283950617285,14.19753086419753,36.41975308641975,49.382716049382715,45.06172839506173,4.320987654320987
E00007736,98,38,11,27,60,53,7,38.775510204081634,11.224489795918368,27.55102040816326,61.224489795918366,54.08163265306123,7.142857142857142
E00007737,119,62,25,37,57,52,5,52.10084033613446,21.008403361344538,31.092436974789916,47.89915966386555,43.69747899159664,4.201680672268908
E00007738,72,35,6,29,37,26,11,48.61111111111111,8.333333333333332,40.27777777777778,51.388888888888886,36.11111111111111,15.277777777777779
E00007739,223,73,36,37,150,126,24,32.73542600896861,16.143497757847534,16.591928251121075,67.2645739910314,56.502242152466366,10.762331838565023
E00007741,94,34,11,23,60,55,5,36.17021276595745,11.702127659574469,24.46808510638298,63.829787234042556,58.51063829787234,5.319148936170213
E00007742,211,77,24,53,134,116,18,36.492890995260666,11.374407582938389,25.118483412322274,63.507109004739334,54.976303317535546,8.530805687203792
E00007743,158,71,23,48,87,75,12,44.936708860759495,14.556962025316455,30.37974683544304,55.06329113924051,47.46835443037975,7.59493670886076
E00007745,189,82,33,49,107,86,21,43.386243386243386,17.46031746031746,25.925925925925924,56.613756613756614,45.5026455026455,11.11111111111111
E00007746,174,91,40,51,83,78,5,52.29885057471264,22.988505747126435,29.310344827586203,47.701149425287355,44.827586206896555,2.8735632183908044
E00007747,136,60,16,44,76,70,6,44.11764705882353,11.76470588235294,32.35294117647059,55.88235294117647,51.470588235294116,4.411764705882353
E00007750,160,66,14,52,94,81,13,41.25,8.75,32.5,58.75,50.625,8.125
E00007751,165,67,23,44,98,84,14,40.60606060606061,13.939393939393941,26.666666666666668,59.3939393939394,50.90909090909091,8.484848484848486
E00007752,143,55,12,43,88,72,16,38.46153846153847,8.391608391608392,30.069930069930066,61.53846153846154,50.349650349650354,11.188811188811188
E00007753,153,56,25,31,97,80,17,36.60130718954248,16.33986928104575,20.26143790849673,63.39869281045751,52.28758169934641,11.11111111111111
E00007754,186,53,20,33,133,111,22,28.49462365591398,10.75268817204301,17.741935483870968,71.50537634408603,59.67741935483871,11.827956989247312
E00007755,138,34,13,21,104,78,26,24.637681159420293,9.420289855072465,15.217391304347828,75.36231884057972,56.52173913043478,18.84057971014493
E00007757,137,37,17,20,100,75,25,27.00729927007299,12.408759124087592,14.5985401459854,72.99270072992701,54.74452554744526,18.248175182481752
E00007758,140,44,18,26,96,68,28,31.428571428571427,12.857142857142856,18.571428571428573,68.57142857142857,48.57142857142857,20
E00007759,136,36,11,25,100,76,24,26.47058823529412,8.088235294117647,18.38235294117647,73.52941176470588,55.88235294117647,17.647058823529413
E00007760,146,38,16,22,108,79,29,26.027397260273972,10.95890410958904,15.068493150684931,73.97260273972603,54.109589041095894,19.863013698630137
E00007761,179,51,16,35,128,103,25,28.49162011173184,8.938547486033519,19.553072625698324,71.50837988826815,57.54189944134078,13.966480446927374
E00007762,136,46,20,26,90,72,18,33.82352941176471,14.705882352941178,19.11764705882353,66.17647058823529,52.94117647058824,13.23529411764706
E00007763,169,51,25,26,118,94,24,30.17751479289941,14.792899408284024,15.384615384615385,69.8224852071006,55.62130177514793,14.201183431952662
E00007764,217,61,21,40,156,131,25,28.110599078341014,9.67741935483871,18.433179723502306,71.88940092165899,60.36866359447005,11.52073732718894
E00007765,167,48,20,28,119,90,29,28.74251497005988,11.976047904191617,16.766467065868262,71.25748502994011,53.89221556886228,17.365269461077844
E00007766,179,42,15,27,137,106,31,23.463687150837988,8.379888268156424,15.083798882681565,76.53631284916202,59.217877094972074,17.318435754189945
E00007767,214,61,23,38,153,123,30,28.504672897196258,10.74766355140187,17.75700934579439,71.49532710280374,57.476635514018696,14.018691588785046
E00007768,185,63,23,40,122,105,17,34.054054054054056,12.432432432432433,21.62162162162162,65.94594594594595,56.75675675675676,9.18918918918919
E00007769,186,60,28,32,126,91,35,32.25806451612903,15.053763440860216,17.20430107526882,67.74193548387096,48.924731182795696,18.817204301075268
E00007770,160,40,11,29,120,99,21,25,6.875000000000001,18.125,75,61.875,13.125
E00007771,192,59,31,28,133,98,35,30.729166666666668,16.145833333333336,14.583333333333334,69.27083333333334,51.041666666666664,18.229166666666664
E00007772,155,49,23,26,106,97,9,31.61290322580645,14.838709677419354,16.7741935483871,68.38709677419355,62.58064516129033,5.806451612903226
E00007773,176,55,21,34,121,94,27,31.25,11.931818181818182,19.318181818181817,68.75,53.40909090909091,15.340909090909092
E00007774,202,54,22,32,148,117,31,26.732673267326735,10.891089108910892,15.841584158415841,73.26732673267327,57.920792079207914,15.346534653465346
E00007775,158,40,12,28,118,97,21,25.31645569620253,7.59493670886076,17.72151898734177,74.68354430379746,61.39240506329114,13.291139240506327
E00007776,219,86,53,33,133,102,31,39.26940639269406,24.200913242009133,15.068493150684931,60.73059360730594,46.57534246575342,14.15525114155251
E00007777,170,54,22,32,116,97,19,31.76470588235294,12.941176470588237,18.823529411764707,68.23529411764706,57.05882352941176,11.176470588235295
E00007778,191,69,26,43,122,93,29,36.12565445026178,13.612565445026178,22.5130890052356,63.87434554973822,48.69109947643979,15.18324607329843
E00007779,180,58,22,36,122,105,17,32.22222222222222,12.222222222222221,20,67.77777777777779,58.333333333333336,9.444444444444445
E00007780,168,67,25,42,101,85,16,39.88095238095239,14.880952380952381,25,60.11904761904761,50.595238095238095,9.523809523809524
E00007781,192,56,28,28,136,111,25,29.166666666666668,14.583333333333334,14.583333333333334,70.83333333333334,57.8125,13.020833333333334
E00007782,154,60,19,41,94,77,17,38.961038961038966,12.337662337662337,26.623376623376622,61.038961038961034,50,11.03896103896104
E00007783,156,41,13,28,115,89,26,26.282051282051285,8.333333333333332,17.94871794871795,73.71794871794873,57.05128205128205,16.666666666666664
E00007784,214,43,19,24,171,147,24,20.093457943925234,8.878504672897195,11.214953271028037,79.90654205607477,68.69158878504673,11.214953271028037
E00007785,191,57,25,32,134,107,27,29.84293193717277,13.089005235602095,16.75392670157068,70.15706806282722,56.02094240837696,14.136125654450263
E00007786,133,38,23,15,95,78,17,28.57142857142857,17.293233082706767,11.278195488721805,71.42857142857143,58.64661654135338,12.781954887218044
E00007787,209,66,19,47,143,115,28,31.57894736842105,9.090909090909092,22.48803827751196,68.42105263157895,55.02392344497608,13.397129186602871
E00007788,140,47,25,22,93,86,7,33.57142857142857,17.857142857142858,15.714285714285714,66.42857142857143,61.42857142857143,5
E00007789,171,52,12,40,119,91,28,30.409356725146196,7.017543859649122,23.391812865497073,69.5906432748538,53.216374269005854,16.374269005847953
E00007790,172,48,21,27,124,91,33,27.906976744186046,12.209302325581394,15.69767441860465,72.09302325581395,52.90697674418605,19.186046511627907
E00007791,137,47,18,29,90,65,25,34.306569343065696,13.138686131386862,21.16788321167883,65.69343065693431,47.44525547445255,18.248175182481752
E00007792,139,41,22,19,98,70,28,29.496402877697843,15.827338129496402,13.66906474820144,70.50359712230215,50.35971223021583,20.14388489208633
E00165799,180,68,22,46,112,101,11,37.77777777777778,12.222222222222221,25.555555555555554,62.22222222222222,56.111111111111114,6.111111111111111
E00171128,119,48,10,38,71,55,16,40.33613445378151,8.403361344537815,31.932773109243694,59.66386554621849,46.21848739495798,13.445378151260504
E00171130,117,56,14,42,61,56,5,47.863247863247864,11.965811965811966,35.8974358974359,52.13675213675214,47.863247863247864,4.273504273504273
E00171131,135,50,16,34,85,71,14,37.03703703703704,11.851851851851853,25.185185185185183,62.96296296296296,52.59259259259259,10.37037037037037
E00171133,106,43,13,30,63,56,7,40.56603773584906,12.264150943396226,28.30188679245283,59.43396226415094,52.83018867924528,6.60377358490566
E00171135,81,33,10,23,48,34,14,40.74074074074074,12.345679012345679,28.39506172839506,59.25925925925925,41.9753086419753,17.28395061728395
E00171136,115,45,20,25,70,70,0,39.130434782608695,17.391304347826086,21.73913043478261,60.86956521739131,60.86956521739131,0
E00171138,98,50,23,27,48,44,4,51.02040816326531,23.46938775510204,27.55102040816326,48.97959183673469,44.89795918367347,4.081632653061225
E00171139,126,53,19,34,73,64,9,42.06349206349206,15.079365079365079,26.984126984126984,57.936507936507944,50.79365079365079,7.142857142857142
E00171142,105,33,10,23,72,67,5,31.428571428571427,9.523809523809524,21.904761904761905,68.57142857142857,63.8095238095238,4.761904761904762
E00171145,119,51,22,29,68,62,6,42.857142857142854,18.487394957983195,24.369747899159663,57.14285714285714,52.10084033613446,5.042016806722689
E00171147,116,58,15,43,58,51,7,50,12.931034482758621,37.06896551724138,50,43.96551724137931,6.0344827586206895
E00171149,140,44,10,34,96,86,10,31.428571428571427,7.142857142857142,24.285714285714285,68.57142857142857,61.42857142857143,7.142857142857142
E00171152,255,81,34,47,174,148,26,31.76470588235294,13.333333333333334,18.43137254901961,68.23529411764706,58.03921568627452,10.196078431372548
E00171153,232,65,25,40,167,149,18,28.01724137931034,10.775862068965516,17.24137931034483,71.98275862068965,64.22413793103449,7.758620689655173
E00171155,135,47,16,31,88,77,11,34.81481481481482,11.851851851851853,22.962962962962962,65.18518518518519,57.03703703703704,8.148148148148149
E00171156,120,47,9,38,73,67,6,39.166666666666664,7.5,31.666666666666664,60.83333333333333,55.833333333333336,5
E00171158,151,64,15,49,87,76,11,42.384105960264904,9.933774834437086,32.450331125827816,57.615894039735096,50.331125827814574,7.28476821192053
E00171159,66,19,5,14,47,42,5,28.78787878787879,7.575757575757576,21.21212121212121,71.21212121212122,63.63636363636363,7.575757575757576
E00171161,125,40,12,28,85,70,15,32,9.6,22.400000000000002,68,56.00000000000001,12
E00171163,80,31,8,23,49,42,7,38.75,10,28.749999999999996,61.25000000000001,52.5,8.75
E00171164,128,61,20,41,67,55,12,47.65625,15.625,32.03125,52.34375,42.96875,9.375
E00171166,109,33,22,11,76,64,12,30.275229357798167,20.18348623853211,10.091743119266056,69.72477064220183,58.71559633027523,11.009174311926607
E00171167,174,51,25,26,123,86,37,29.310344827586203,14.367816091954023,14.942528735632186,70.6896551724138,49.42528735632184,21.26436781609195
E00171170,111,46,13,33,65,56,9,41.44144144144144,11.711711711711711,29.72972972972973,58.55855855855856,50.45045045045045,8.108108108108109
E00171172,107,50,12,38,57,51,6,46.728971962616825,11.214953271028037,35.51401869158878,53.271028037383175,47.66355140186916,5.607476635514018
E00171175,117,60,13,47,57,56,1,51.28205128205128,11.11111111111111,40.17094017094017,48.717948717948715,47.863247863247864,0.8547008547008548
E00171177,113,43,14,29,70,64,6,38.05309734513274,12.389380530973451,25.663716814159294,61.94690265486725,56.63716814159292,5.3097345132743365
E00171178,163,63,19,44,100,82,18,38.65030674846626,11.65644171779141,26.993865030674847,61.34969325153374,50.306748466257666,11.042944785276074
E00171180,174,58,22,36,116,98,18,33.33333333333333,12.643678160919542,20.689655172413794,66.66666666666666,56.32183908045977,10.344827586206897
E00171181,146,60,18,42,86,75,11,41.0958904109589,12.32876712328767,28.767123287671232,58.9041095890411,51.369863013698634,7.534246575342466
E00171183,156,57,19,38,99,87,12,36.53846153846153,12.179487179487179,24.358974358974358,63.46153846153846,55.769230769230774,7.6923076923076925
E00171184,112,42,20,22,70,65,5,37.5,17.857142857142858,19.642857142857142,62.5,58.03571428571429,4.464285714285714
E00171480,171,57,15,42,114,99,15,33.33333333333333,8.771929824561402,24.561403508771928,66.66666666666666,57.89473684210527,8.771929824561402
E00171481,181,85,34,51,96,89,7,46.96132596685083,18.784530386740332,28.176795580110497,53.03867403314917,49.171270718232044,3.867403314917127
E00178728,122,34,9,25,88,80,8,27.86885245901639,7.377049180327869,20.491803278688526,72.1311475409836,65.57377049180327,6.557377049180328
E00178729,148,61,24,37,87,77,10,41.21621621621622,16.216216216216218,25,58.78378378378378,52.02702702702703,6.756756756756757
E00178730,242,59,16,43,183,164,19,24.380165289256198,6.6115702479338845,17.768595041322314,75.6198347107438,67.76859504132231,7.851239669421488
E00178731,148,66,18,48,82,74,8,44.5945945945946,12.162162162162163,32.432432432432435,55.4054054054054,50,5.405405405405405
E00178732,187,43,20,23,144,127,17,22.994652406417114,10.695187165775401,12.299465240641712,77.00534759358288,67.9144385026738,9.090909090909092
E00178737,74,25,6,19,49,42,7,33.78378378378378,8.108108108108109,25.675675675675674,66.21621621621621,56.75675675675676,9.45945945945946
E00178738,137,58,23,35,79,75,4,42.33576642335766,16.78832116788321,25.547445255474454,57.66423357664233,54.74452554744526,2.9197080291970803
E00178739,124,38,14,24,86,72,14,30.64516129032258,11.29032258064516,19.35483870967742,69.35483870967742,58.06451612903226,11.29032258064516
E00178742,210,93,35,58,117,108,9,44.285714285714285,16.666666666666664,27.61904761904762,55.714285714285715,51.42857142857142,4.285714285714286
E00178744,55,29,3,26,26,24,2,52.72727272727272,5.454545454545454,47.27272727272727,47.27272727272727,43.63636363636363,3.6363636363636362
E00178746,167,69,36,33,98,72,26,41.31736526946108,21.55688622754491,19.760479041916167,58.68263473053892,43.11377245508982,15.568862275449103
E00178747,93,36,22,14,57,45,12,38.70967741935484,23.655913978494624,15.053763440860216,61.29032258064516,48.38709677419355,12.903225806451612
E00178748,134,45,14,31,89,71,18,33.582089552238806,10.44776119402985,23.134328358208954,66.4179104477612,52.98507462686567,13.432835820895523
E00178753,220,32,9,23,188,157,31,14.545454545454545,4.090909090909091,10.454545454545453,85.45454545454545,71.36363636363636,14.09090909090909
E00178755,174,47,23,24,127,115,12,27.011494252873565,13.218390804597702,13.793103448275861,72.98850574712644,66.0919540229885,6.896551724137931
E00178759,66,13,4,9,53,51,2,19.696969696969695,6.0606060606060606,13.636363636363635,80.3030303030303,77.27272727272727,3.0303030303030303
E00178763,156,57,19,38,99,86,13,36.53846153846153,12.179487179487179,24.358974358974358,63.46153846153846,55.12820512820513,8.333333333333332
E00178764,111,32,9,23,79,76,3,28.82882882882883,8.108108108108109,20.72072072072072,71.17117117117117,68.46846846846847,2.7027027027027026
E00178766,216,81,37,44,135,127,8,37.5,17.12962962962963,20.37037037037037,62.5,58.79629629629629,3.7037037037037033
E00178768,160,47,12,35,113,107,6,29.375,7.5,21.875,70.625,66.875,3.75
E00178771,127,52,18,34,75,70,5,40.94488188976378,14.173228346456693,26.77165354330709,59.055118110236215,55.118110236220474,3.937007874015748
E00178776,64,22,6,16,42,38,4,34.375,9.375,25,65.625,59.375,6.25
E00178778,122,56,23,33,66,58,8,45.90163934426229,18.852459016393443,27.049180327868854,54.09836065573771,47.540983606557376,6.557377049180328
E00178779,153,70,6,64,83,83,0,45.751633986928105,3.9215686274509802,41.830065359477125,54.248366013071895,54.248366013071895,0
E00178789,143,63,32,31,80,67,13,44.05594405594406,22.377622377622377,21.678321678321677,55.94405594405595,46.85314685314685,9.090909090909092
E00178793,179,30,19,11,149,122,27,16.75977653631285,10.614525139664805,6.145251396648044,83.24022346368714,68.15642458100558,15.083798882681565
E00178794,168,78,34,44,90,77,13,46.42857142857143,20.238095238095237,26.190476190476193,53.57142857142857,45.83333333333333,7.738095238095238
E00178801,70,29,12,17,41,31,10,41.42857142857143,17.142857142857142,24.285714285714285,58.57142857142858,44.285714285714285,14.285714285714285
E00178802,97,33,10,23,64,56,8,34.02061855670103,10.309278350515463,23.711340206185564,65.97938144329896,57.73195876288659,8.24742268041237
E00178805,128,64,24,40,64,54,10,50,18.75,31.25,50,42.1875,7.8125
E00178807,107,37,22,15,70,59,11,34.57943925233645,20.5607476635514,14.018691588785046,65.42056074766354,55.140186915887845,10.2803738317757
E00178813,127,59,18,41,68,60,8,46.45669291338583,14.173228346456693,32.28346456692913,53.54330708661418,47.24409448818898,6.299212598425196
E00178818,143,57,27,30,86,77,9,39.86013986013986,18.88111888111888,20.97902097902098,60.13986013986013,53.84615384615385,6.293706293706294
E00178819,284,63,22,41,221,181,40,22.183098591549296,7.746478873239436,14.43661971830986,77.8169014084507,63.732394366197184,14.084507042253522
E00178831,73,31,8,23,42,41,1,42.465753424657535,10.95890410958904,31.506849315068493,57.534246575342465,56.16438356164384,1.36986301369863
E00178848,289,82,45,37,207,170,37,28.373702422145332,15.570934256055363,12.802768166089965,71.62629757785467,58.82352941176471,12.802768166089965
E00178850,42,24,8,16,18,18,0,57.14285714285714,19.047619047619047,38.095238095238095,42.857142857142854,42.857142857142854,0
E00178851,74,30,9,21,44,42,2,40.54054054054054,12.162162162162163,28.37837837837838,59.45945945945946,56.75675675675676,2.7027027027027026
E00178855,255,103,27,76,152,135,17,40.3921568627451,10.588235294117647,29.80392156862745,59.6078431372549,52.94117647058824,6.666666666666667
E00178858,105,38,18,20,67,55,12,36.19047619047619,17.142857142857142,19.047619047619047,63.8095238095238,52.38095238095239,11.428571428571429
E00178862,242,88,23,65,154,137,17,36.36363636363637,9.50413223140496,26.859504132231404,63.63636363636363,56.611570247933884,7.024793388429752
E00178867,54,20,5,15,34,31,3,37.03703703703704,9.25925925925926,27.77777777777778,62.96296296296296,57.407407407407405,5.555555555555555
E00178872,207,72,17,55,135,109,26,34.78260869565217,8.212560386473431,26.570048309178745,65.21739130434783,52.65700483091788,12.560386473429952
E00178874,119,73,29,44,46,42,4,61.34453781512605,24.369747899159663,36.97478991596639,38.655462184873954,35.294117647058826,3.361344537815126
E00178877,90,30,10,20,60,56,4,33.33333333333333,11.11111111111111,22.22222222222222,66.66666666666666,62.22222222222222,4.444444444444445
E00178879,182,72,24,48,110,102,8,39.56043956043956,13.186813186813188,26.373626373626376,60.43956043956044,56.043956043956044,4.395604395604396
E00178880,198,73,13,60,125,112,13,36.868686868686865,6.565656565656567,30.303030303030305,63.13131313131313,56.56565656565656,6.565656565656567
