OA,ts0590001,ts0590002,ts0590003,ts0590004,ts0590005,ts0590006,ts0590007,ts0590002_PCT,ts0590003_PCT,ts0590004_PCT,ts0590005_PCT,ts0590006_PCT,ts0590007_PCT
E00067299,155,73,30,43,82,74,8,47.096774193548384,19.35483870967742,27.741935483870968,52.903225806451616,47.74193548387097,5.161290322580645
E00067300,142,44,15,29,98,86,12,30.985915492957744,10.56338028169014,20.422535211267608,69.01408450704226,60.56338028169014,8.450704225352112
E00067301,187,61,17,44,126,103,23,32.62032085561498,9.090909090909092,23.52941176470588,67.37967914438502,55.080213903743314,12.299465240641712
E00067302,119,50,20,30,69,64,5,42.016806722689076,16.80672268907563,25.210084033613445,57.98319327731093,53.78151260504202,4.201680672268908
E00067303,164,57,23,34,107,97,10,34.756097560975604,14.02439024390244,20.73170731707317,65.2439024390244,59.14634146341463,6.097560975609756
E00067304,192,61,19,42,131,116,15,31.770833333333332,9.895833333333332,21.875,68.22916666666666,60.416666666666664,7.8125
E00067305,131,53,16,37,78,70,8,40.458015267175576,12.213740458015266,28.24427480916031,59.541984732824424,53.43511450381679,6.106870229007633
E00067306,146,46,13,33,100,89,11,31.506849315068493,8.904109589041095,22.602739726027394,68.4931506849315,60.95890410958904,7.534246575342466
E00067307,136,47,20,27,89,76,13,34.55882352941176,14.705882352941178,19.852941176470587,65.44117647058823,55.88235294117647,9.558823529411764
E00067308,119,47,11,36,72,63,9,39.49579831932773,9.243697478991598,30.252100840336134,60.50420168067227,52.94117647058824,7.563025210084033
E00067309,150,54,16,38,96,84,12,36,10.666666666666668,25.333333333333336,64,56.00000000000001,8
E00067310,142,44,14,30,98,92,6,30.985915492957744,9.859154929577464,21.12676056338028,69.01408450704226,64.7887323943662,4.225352112676056
E00067311,177,60,16,44,117,97,20,33.89830508474576,9.03954802259887,24.858757062146893,66.10169491525424,54.80225988700565,11.299435028248588
E00067312,140,55,19,36,85,75,10,39.285714285714285,13.571428571428571,25.71428571428571,60.71428571428571,53.57142857142857,7.142857142857142
E00067313,152,48,17,31,104,90,14,31.57894736842105,11.18421052631579,20.394736842105264,68.42105263157895,59.210526315789465,9.210526315789473
E00067314,175,53,16,37,122,110,12,30.28571428571429,9.142857142857142,21.142857142857142,69.71428571428572,62.857142857142854,6.857142857142858
E00067315,127,42,10,32,85,78,7,33.07086614173229,7.874015748031496,25.196850393700785,66.92913385826772,61.417322834645674,5.511811023622047
E00067316,180,49,14,35,131,118,13,27.22222222222222,7.777777777777778,19.444444444444446,72.77777777777777,65.55555555555556,7.222222222222221
E00067317,142,42,14,28,100,87,13,29.577464788732392,9.859154929577464,19.718309859154928,70.4225352112676,61.267605633802816,9.15492957746479
E00067319,175,65,27,38,110,97,13,37.142857142857146,15.428571428571427,21.714285714285715,62.857142857142854,55.42857142857143,7.428571428571429
E00067320,177,60,25,35,117,99,18,33.89830508474576,14.124293785310735,19.774011299435028,66.10169491525424,55.932203389830505,10.16949152542373
E00067321,167,55,21,34,112,101,11,32.93413173652694,12.574850299401197,20.359281437125748,67.06586826347305,60.47904191616767,6.58682634730539
E00067322,248,89,20,69,159,136,23,35.88709677419355,8.064516129032258,27.82258064516129,64.11290322580645,54.83870967741935,9.274193548387096
E00067323,177,57,17,40,120,105,15,32.20338983050847,9.6045197740113,22.598870056497177,67.79661016949152,59.32203389830508,8.47457627118644
E00067327,130,47,19,28,83,67,16,36.15384615384615,14.615384615384617,21.53846153846154,63.84615384615384,51.53846153846153,12.307692307692308
E00067328,58,30,16,14,28,22,6,51.724137931034484,27.586206896551722,24.137931034482758,48.275862068965516,37.93103448275862,10.344827586206897
E00067329,130,44,11,33,86,80,6,33.84615384615385,8.461538461538462,25.384615384615383,66.15384615384615,61.53846153846154,4.615384615384616
E00067330,182,50,18,32,132,108,24,27.472527472527474,9.89010989010989,17.582417582417584,72.52747252747253,59.34065934065934,13.186813186813188
E00067331,172,54,12,42,118,100,18,31.3953488372093,6.976744186046512,24.418604651162788,68.6046511627907,58.139534883720934,10.465116279069768
E00067332,119,40,12,28,79,66,13,33.61344537815126,10.084033613445378,23.52941176470588,66.38655462184873,55.46218487394958,10.92436974789916
E00067333,161,61,8,53,100,89,11,37.88819875776397,4.968944099378882,32.91925465838509,62.11180124223602,55.27950310559007,6.832298136645963
E00067334,160,51,15,36,109,82,27,31.874999999999996,9.375,22.5,68.125,51.24999999999999,16.875
E00067335,146,53,22,31,93,73,20,36.3013698630137,15.068493150684931,21.232876712328768,63.6986301369863,50,13.698630136986301
E00067336,96,21,5,16,75,65,10,21.875,5.208333333333334,16.666666666666664,78.125,67.70833333333334,10.416666666666668
E00067337,147,63,15,48,84,75,9,42.857142857142854,10.204081632653061,32.6530612244898,57.14285714285714,51.02040816326531,6.122448979591836
E00067338,160,47,21,26,113,104,9,29.375,13.125,16.25,70.625,65,5.625
E00067339,74,21,7,14,53,41,12,28.37837837837838,9.45945945945946,18.91891891891892,71.62162162162163,55.4054054054054,16.216216216216218
E00067341,215,55,22,33,160,136,24,25.581395348837212,10.232558139534884,15.348837209302326,74.4186046511628,63.25581395348837,11.162790697674419
E00067342,150,44,22,22,106,68,38,29.333333333333332,14.666666666666666,14.666666666666666,70.66666666666667,45.33333333333333,25.333333333333336
E00067343,231,97,34,63,134,116,18,41.99134199134199,14.71861471861472,27.27272727272727,58.00865800865801,50.21645021645021,7.792207792207792
E00067344,184,66,25,41,118,107,11,35.869565217391305,13.586956521739129,22.282608695652172,64.13043478260869,58.152173913043484,5.978260869565218
E00067345,127,38,11,27,89,77,12,29.92125984251969,8.661417322834646,21.25984251968504,70.07874015748031,60.629921259842526,9.448818897637794
E00067346,167,35,17,18,132,115,17,20.958083832335326,10.179640718562874,10.778443113772456,79.04191616766467,68.8622754491018,10.179640718562874
E00067347,157,72,12,60,85,75,10,45.85987261146497,7.643312101910828,38.21656050955414,54.14012738853503,47.77070063694268,6.369426751592357
E00067348,167,70,20,50,97,85,12,41.91616766467065,11.976047904191617,29.94011976047904,58.08383233532935,50.898203592814376,7.18562874251497
E00067349,111,44,21,23,67,56,11,39.63963963963964,18.91891891891892,20.72072072072072,60.36036036036037,50.45045045045045,9.90990990990991
E00067350,152,63,22,41,89,80,9,41.44736842105263,14.473684210526317,26.973684210526315,58.55263157894737,52.63157894736842,5.921052631578947
E00067351,160,65,27,38,95,86,9,40.625,16.875,23.75,59.375,53.75,5.625
E00067352,147,60,24,36,87,77,10,40.816326530612244,16.3265306122449,24.489795918367346,59.183673469387756,52.38095238095239,6.802721088435375
E00067353,173,74,31,43,99,91,8,42.77456647398844,17.91907514450867,24.85549132947977,57.22543352601156,52.601156069364166,4.624277456647398
E00067354,150,46,12,34,104,95,9,30.666666666666664,8,22.666666666666664,69.33333333333334,63.33333333333333,6
E00067355,163,54,16,38,109,99,10,33.12883435582822,9.815950920245399,23.31288343558282,66.87116564417178,60.73619631901841,6.134969325153374
E00067356,174,63,19,44,111,100,11,36.206896551724135,10.919540229885058,25.287356321839084,63.793103448275865,57.47126436781609,6.321839080459771
E00067357,148,56,28,28,92,77,15,37.83783783783784,18.91891891891892,18.91891891891892,62.16216216216216,52.02702702702703,10.135135135135135
E00067358,146,48,21,27,98,90,8,32.87671232876712,14.383561643835616,18.493150684931507,67.12328767123287,61.64383561643836,5.47945205479452
E00067359,142,37,15,22,105,93,12,26.056338028169012,10.56338028169014,15.492957746478872,73.94366197183099,65.49295774647888,8.450704225352112
E00067360,182,52,30,22,130,117,13,28.57142857142857,16.483516483516482,12.087912087912088,71.42857142857143,64.28571428571429,7.142857142857142
E00067361,191,56,27,29,135,124,11,29.31937172774869,14.136125654450263,15.18324607329843,70.68062827225131,64.92146596858639,5.7591623036649215
E00067362,143,64,25,39,79,65,14,44.75524475524475,17.482517482517483,27.27272727272727,55.24475524475524,45.45454545454545,9.79020979020979
E00067363,130,46,24,22,84,75,9,35.38461538461539,18.461538461538463,16.923076923076923,64.61538461538461,57.692307692307686,6.923076923076923
E00067364,170,48,22,26,122,98,24,28.235294117647058,12.941176470588237,15.294117647058824,71.76470588235294,57.647058823529406,14.117647058823529
E00067365,191,70,30,40,121,110,11,36.64921465968586,15.706806282722512,20.94240837696335,63.35078534031413,57.59162303664922,5.7591623036649215
E00067366,167,51,16,35,116,98,18,30.538922155688624,9.580838323353294,20.958083832335326,69.46107784431138,58.68263473053892,10.778443113772456
E00067367,79,33,16,17,46,43,3,41.77215189873418,20.253164556962027,21.518987341772153,58.22784810126582,54.43037974683544,3.79746835443038
E00067368,180,66,21,45,114,96,18,36.666666666666664,11.666666666666666,25,63.33333333333333,53.333333333333336,10
E00067370,94,27,4,23,67,56,11,28.723404255319153,4.25531914893617,24.46808510638298,71.27659574468085,59.57446808510638,11.702127659574469
E00067371,119,38,18,20,81,64,17,31.932773109243694,15.126050420168067,16.80672268907563,68.0672268907563,53.78151260504202,14.285714285714285
E00067372,141,40,14,26,101,83,18,28.368794326241137,9.929078014184398,18.439716312056735,71.63120567375887,58.86524822695035,12.76595744680851
E00067373,79,22,9,13,57,50,7,27.848101265822784,11.39240506329114,16.455696202531644,72.15189873417721,63.29113924050633,8.860759493670885
E00067374,163,49,17,32,114,91,23,30.061349693251532,10.429447852760736,19.631901840490798,69.93865030674846,55.828220858895705,14.11042944785276
E00067375,183,46,20,26,137,107,30,25.136612021857925,10.92896174863388,14.207650273224044,74.86338797814209,58.46994535519126,16.39344262295082
E00067376,141,38,14,24,103,93,10,26.95035460992908,9.929078014184398,17.02127659574468,73.04964539007092,65.95744680851064,7.092198581560284
E00067377,177,51,21,30,126,107,19,28.8135593220339,11.864406779661017,16.94915254237288,71.1864406779661,60.451977401129945,10.734463276836157
E00067378,107,36,11,25,71,67,4,33.64485981308411,10.2803738317757,23.364485981308412,66.35514018691589,62.616822429906534,3.7383177570093453
E00067379,172,70,20,50,102,86,16,40.69767441860465,11.627906976744185,29.069767441860467,59.30232558139535,50,9.30232558139535
E00067380,181,76,26,50,105,90,15,41.988950276243095,14.3646408839779,27.624309392265197,58.011049723756905,49.72375690607735,8.287292817679557
E00067381,119,41,11,30,78,65,13,34.45378151260504,9.243697478991598,25.210084033613445,65.54621848739495,54.621848739495796,10.92436974789916
E00067382,162,51,15,36,111,96,15,31.48148148148148,9.25925925925926,22.22222222222222,68.51851851851852,59.25925925925925,9.25925925925926
E00067383,118,42,19,23,76,58,18,35.59322033898305,16.101694915254235,19.491525423728813,64.40677966101694,49.152542372881356,15.254237288135593
E00067384,176,64,37,27,112,94,18,36.36363636363637,21.022727272727273,15.340909090909092,63.63636363636363,53.40909090909091,10.227272727272728
E00067385,107,40,10,30,67,57,10,37.38317757009346,9.345794392523365,28.037383177570092,62.616822429906534,53.271028037383175,9.345794392523365
E00067386,137,38,9,29,99,81,18,27.73722627737226,6.569343065693431,21.16788321167883,72.26277372262774,59.12408759124088,13.138686131386862
E00067387,106,28,12,16,78,62,16,26.41509433962264,11.320754716981133,15.09433962264151,73.58490566037736,58.490566037735846,15.09433962264151
E00067388,113,57,23,34,56,47,9,50.442477876106196,20.353982300884958,30.08849557522124,49.557522123893804,41.5929203539823,7.964601769911504
E00067389,140,47,13,34,93,80,13,33.57142857142857,9.285714285714286,24.285714285714285,66.42857142857143,57.14285714285714,9.285714285714286
E00067390,80,19,7,12,61,49,12,23.75,8.75,15,76.25,61.25000000000001,15
E00067391,69,23,6,17,46,39,7,33.33333333333333,8.695652173913043,24.637681159420293,66.66666666666666,56.52173913043478,10.144927536231885
E00067392,86,34,17,17,52,37,15,39.53488372093023,19.767441860465116,19.767441860465116,60.46511627906976,43.02325581395349,17.441860465116278
E00067393,106,29,13,16,77,49,28,27.358490566037734,12.264150943396226,15.09433962264151,72.64150943396226,46.22641509433962,26.41509433962264
E00067394,127,29,6,23,98,86,12,22.83464566929134,4.724409448818897,18.11023622047244,77.16535433070865,67.71653543307087,9.448818897637794
E00067395,115,29,5,24,86,71,15,25.217391304347824,4.3478260869565215,20.869565217391305,74.78260869565217,61.73913043478261,13.043478260869565
E00067397,92,28,8,20,64,53,11,30.434782608695656,8.695652173913043,21.73913043478261,69.56521739130434,57.608695652173914,11.956521739130435
E00067398,163,55,21,34,108,91,17,33.74233128834356,12.883435582822086,20.858895705521473,66.25766871165644,55.828220858895705,10.429447852760736
E00067399,164,42,12,30,122,100,22,25.609756097560975,7.317073170731707,18.29268292682927,74.39024390243902,60.97560975609756,13.414634146341465
E00067400,174,61,15,46,113,98,15,35.05747126436782,8.620689655172415,26.436781609195403,64.9425287356322,56.32183908045977,8.620689655172415
E00067401,155,54,16,38,101,87,14,34.83870967741935,10.32258064516129,24.516129032258064,65.16129032258064,56.12903225806451,9.032258064516128
E00067403,101,37,10,27,64,60,4,36.633663366336634,9.900990099009901,26.732673267326735,63.366336633663366,59.4059405940594,3.9603960396039604
E00067404,130,32,16,16,98,88,10,24.615384615384617,12.307692307692308,12.307692307692308,75.38461538461539,67.6923076923077,7.6923076923076925
E00067405,144,53,20,33,91,79,12,36.80555555555556,13.88888888888889,22.916666666666664,63.19444444444444,54.861111111111114,8.333333333333332
E00067406,140,41,14,27,99,82,17,29.28571428571429,10,19.28571428571429,70.71428571428572,58.57142857142858,12.142857142857142
E00067407,134,46,11,35,88,82,6,34.32835820895522,8.208955223880597,26.119402985074625,65.67164179104478,61.19402985074627,4.477611940298507
E00067408,128,32,12,20,96,79,17,25,9.375,15.625,75,61.71875,13.28125
E00067409,109,34,12,22,75,63,12,31.19266055045872,11.009174311926607,20.18348623853211,68.80733944954129,57.798165137614674,11.009174311926607
E00067410,148,40,12,28,108,88,20,27.027027027027028,8.108108108108109,18.91891891891892,72.97297297297297,59.45945945945946,13.513513513513514
E00067411,149,45,18,27,104,88,16,30.201342281879196,12.080536912751679,18.120805369127517,69.79865771812081,59.06040268456376,10.738255033557047
E00067412,154,37,8,29,117,103,14,24.025974025974026,5.194805194805195,18.83116883116883,75.97402597402598,66.88311688311688,9.090909090909092
E00067413,134,48,18,30,86,73,13,35.82089552238806,13.432835820895523,22.388059701492537,64.17910447761194,54.47761194029851,9.701492537313433
E00067414,148,45,13,32,103,92,11,30.405405405405407,8.783783783783784,21.62162162162162,69.5945945945946,62.16216216216216,7.4324324324324325
E00067415,168,55,22,33,113,108,5,32.73809523809524,13.095238095238097,19.642857142857142,67.26190476190477,64.28571428571429,2.976190476190476
E00067416,144,55,20,35,89,89,0,38.19444444444444,13.88888888888889,24.305555555555554,61.80555555555556,61.80555555555556,0
E00067417,75,26,5,21,49,45,4,34.66666666666667,6.666666666666667,28.000000000000004,65.33333333333333,60,5.333333333333334
E00067418,145,54,26,28,91,85,6,37.24137931034483,17.93103448275862,19.310344827586206,62.758620689655174,58.620689655172406,4.137931034482759
E00067419,167,48,18,30,119,110,9,28.74251497005988,10.778443113772456,17.964071856287426,71.25748502994011,65.86826347305389,5.389221556886228
E00067420,187,65,11,54,122,114,8,34.75935828877005,5.88235294117647,28.87700534759358,65.24064171122996,60.962566844919785,4.27807486631016
E00067421,135,42,19,23,93,77,16,31.11111111111111,14.074074074074074,17.037037037037038,68.88888888888889,57.03703703703704,11.851851851851853
E00067422,152,46,11,35,106,94,12,30.263157894736842,7.236842105263158,23.026315789473685,69.73684210526315,61.8421052631579,7.894736842105263
E00067423,118,38,15,23,80,73,7,32.20338983050847,12.711864406779661,19.491525423728813,67.79661016949152,61.86440677966102,5.932203389830509
E00067424,107,31,7,24,76,69,7,28.971962616822427,6.5420560747663545,22.429906542056074,71.02803738317756,64.48598130841121,6.5420560747663545
E00067425,127,41,8,33,86,78,8,32.28346456692913,6.299212598425196,25.984251968503933,67.71653543307087,61.417322834645674,6.299212598425196
E00067426,141,40,15,25,101,85,16,28.368794326241137,10.638297872340425,17.73049645390071,71.63120567375887,60.28368794326241,11.347517730496454
E00067427,132,46,15,31,86,80,6,34.84848484848485,11.363636363636363,23.484848484848484,65.15151515151516,60.60606060606061,4.545454545454546
E00067428,136,50,13,37,86,67,19,36.76470588235294,9.558823529411764,27.205882352941174,63.23529411764706,49.26470588235294,13.970588235294118
E00067429,141,52,16,36,89,79,10,36.87943262411347,11.347517730496454,25.53191489361702,63.12056737588653,56.02836879432624,7.092198581560284
E00067430,174,56,21,35,118,94,24,32.18390804597701,12.068965517241379,20.114942528735632,67.81609195402298,54.02298850574713,13.793103448275861
E00067431,160,65,28,37,95,79,16,40.625,17.5,23.125,59.375,49.375,10
E00067432,87,33,12,21,54,47,7,37.93103448275862,13.793103448275861,24.137931034482758,62.06896551724138,54.02298850574713,8.045977011494253
E00067433,161,45,14,31,116,98,18,27.95031055900621,8.695652173913043,19.25465838509317,72.04968944099379,60.86956521739131,11.180124223602485
E00067434,103,60,33,27,43,38,5,58.252427184466015,32.038834951456316,26.21359223300971,41.74757281553398,36.89320388349515,4.854368932038835
E00067435,153,43,20,23,110,95,15,28.104575163398692,13.071895424836603,15.032679738562091,71.89542483660131,62.091503267973856,9.803921568627452
E00067436,162,64,30,34,98,69,29,39.50617283950617,18.51851851851852,20.98765432098765,60.49382716049383,42.592592592592595,17.901234567901234
E00067437,154,66,30,36,88,76,12,42.857142857142854,19.480519480519483,23.376623376623375,57.14285714285714,49.35064935064935,7.792207792207792
E00067438,151,48,12,36,103,78,25,31.788079470198678,7.9470198675496695,23.841059602649008,68.21192052980133,51.65562913907284,16.55629139072848
E00067439,197,63,24,39,134,116,18,31.979695431472084,12.18274111675127,19.796954314720814,68.02030456852792,58.88324873096447,9.137055837563452
E00067440,164,71,37,34,93,81,12,43.292682926829265,22.5609756097561,20.73170731707317,56.70731707317073,49.390243902439025,7.317073170731707
E00067441,226,58,29,29,168,149,19,25.663716814159294,12.831858407079647,12.831858407079647,74.33628318584071,65.929203539823,8.4070796460177
E00067442,137,59,18,41,78,65,13,43.06569343065693,13.138686131386862,29.927007299270077,56.934306569343065,47.44525547445255,9.48905109489051
E00067443,166,34,14,20,132,122,10,20.481927710843372,8.433734939759036,12.048192771084338,79.51807228915662,73.49397590361446,6.024096385542169
E00067444,115,46,21,25,69,51,18,40,18.26086956521739,21.73913043478261,60,44.34782608695652,15.65217391304348
E00067445,330,55,28,27,275,228,47,16.666666666666664,8.484848484848486,8.181818181818182,83.33333333333334,69.0909090909091,14.242424242424242
E00067446,204,59,17,42,145,125,20,28.921568627450984,8.333333333333332,20.588235294117645,71.07843137254902,61.274509803921575,9.803921568627452
E00067447,167,55,15,40,112,98,14,32.93413173652694,8.982035928143713,23.952095808383234,67.06586826347305,58.68263473053892,8.383233532934131
E00067448,176,72,37,35,104,95,9,40.909090909090914,21.022727272727273,19.886363636363637,59.09090909090909,53.97727272727273,5.113636363636364
E00067449,161,63,22,41,98,90,8,39.130434782608695,13.664596273291925,25.465838509316768,60.86956521739131,55.90062111801242,4.968944099378882
E00067450,175,58,20,38,117,104,13,33.14285714285714,11.428571428571429,21.714285714285715,66.85714285714286,59.42857142857143,7.428571428571429
E00067452,137,49,24,25,88,74,14,35.76642335766424,17.51824817518248,18.248175182481752,64.23357664233576,54.01459854014598,10.218978102189782
E00067453,120,39,19,20,81,72,9,32.5,15.833333333333332,16.666666666666664,67.5,60,7.5
E00067454,154,76,43,33,78,69,9,49.35064935064935,27.92207792207792,21.428571428571427,50.649350649350644,44.8051948051948,5.844155844155844
E00067456,131,59,38,21,72,60,12,45.038167938931295,29.00763358778626,16.030534351145036,54.961832061068705,45.80152671755725,9.16030534351145
E00067457,85,34,14,20,51,40,11,40,16.470588235294116,23.52941176470588,60,47.05882352941176,12.941176470588237
E00067458,175,48,14,34,127,111,16,27.42857142857143,8,19.428571428571427,72.57142857142857,63.42857142857142,9.142857142857142
E00067459,142,44,12,32,98,75,23,30.985915492957744,8.450704225352112,22.535211267605636,69.01408450704226,52.816901408450704,16.19718309859155
E00067460,141,44,12,32,97,89,8,31.20567375886525,8.51063829787234,22.69503546099291,68.79432624113475,63.12056737588653,5.673758865248227
E00067461,139,44,22,22,95,82,13,31.654676258992804,15.827338129496402,15.827338129496402,68.34532374100719,58.992805755395686,9.352517985611511
E00067463,113,45,12,33,68,60,8,39.823008849557525,10.619469026548673,29.20353982300885,60.17699115044248,53.09734513274337,7.079646017699115
E00067464,133,41,14,27,92,74,18,30.82706766917293,10.526315789473683,20.30075187969925,69.17293233082707,55.639097744360896,13.533834586466165
E00067465,146,54,22,32,92,82,10,36.986301369863014,15.068493150684931,21.91780821917808,63.013698630136986,56.16438356164384,6.8493150684931505
E00067466,110,26,8,18,84,66,18,23.636363636363637,7.2727272727272725,16.363636363636363,76.36363636363637,60,16.363636363636363
E00067468,244,75,32,43,169,140,29,30.737704918032787,13.114754098360656,17.62295081967213,69.26229508196722,57.377049180327866,11.885245901639344
E00067469,202,67,30,37,135,108,27,33.16831683168317,14.85148514851485,18.316831683168317,66.83168316831683,53.46534653465347,13.366336633663368
E00067470,150,63,31,32,87,78,9,42,20.666666666666668,21.333333333333336,57.99999999999999,52,6
E00067471,141,67,36,31,74,64,10,47.5177304964539,25.53191489361702,21.98581560283688,52.4822695035461,45.39007092198582,7.092198581560284
E00067472,139,45,20,25,94,81,13,32.37410071942446,14.388489208633093,17.985611510791365,67.62589928057554,58.27338129496403,9.352517985611511
E00067473,136,55,32,23,81,68,13,40.44117647058824,23.52941176470588,16.911764705882355,59.55882352941176,50,9.558823529411764
E00067474,80,21,5,16,59,50,9,26.25,6.25,20,73.75,62.5,11.25
E00067476,185,76,36,40,109,89,20,41.08108108108108,19.45945945945946,21.62162162162162,58.91891891891892,48.10810810810811,10.81081081081081
E00067477,91,42,10,32,49,40,9,46.15384615384615,10.989010989010989,35.16483516483517,53.84615384615385,43.956043956043956,9.89010989010989
E00067478,116,49,16,33,67,61,6,42.241379310344826,13.793103448275861,28.448275862068968,57.758620689655174,52.58620689655172,5.172413793103448
E00067479,162,75,45,30,87,72,15,46.2962962962963,27.77777777777778,18.51851851851852,53.70370370370371,44.44444444444444,9.25925925925926
E00067480,176,77,36,41,99,85,14,43.75,20.454545454545457,23.295454545454543,56.25,48.29545454545455,7.954545454545454
E00067481,131,57,27,30,74,70,4,43.51145038167939,20.610687022900763,22.900763358778626,56.48854961832062,53.43511450381679,3.0534351145038165
E00067483,94,29,7,22,65,58,7,30.851063829787233,7.446808510638298,23.404255319148938,69.14893617021278,61.702127659574465,7.446808510638298
E00067484,79,40,16,24,39,36,3,50.63291139240506,20.253164556962027,30.37974683544304,49.36708860759494,45.56962025316456,3.79746835443038
E00067485,145,35,20,15,110,97,13,24.137931034482758,13.793103448275861,10.344827586206897,75.86206896551724,66.89655172413794,8.96551724137931
E00067486,132,50,23,27,82,77,5,37.878787878787875,17.424242424242426,20.454545454545457,62.121212121212125,58.333333333333336,3.787878787878788
E00067487,140,54,26,28,86,72,14,38.57142857142858,18.571428571428573,20,61.42857142857143,51.42857142857142,10
E00067488,170,58,29,29,112,81,31,34.11764705882353,17.058823529411764,17.058823529411764,65.88235294117646,47.647058823529406,18.235294117647058
E00067490,135,44,21,23,91,78,13,32.592592592592595,15.555555555555555,17.037037037037038,67.4074074074074,57.77777777777777,9.62962962962963
E00067491,139,40,16,24,99,86,13,28.776978417266186,11.510791366906476,17.26618705035971,71.22302158273382,61.87050359712231,9.352517985611511
E00067494,87,17,7,10,70,54,16,19.54022988505747,8.045977011494253,11.494252873563218,80.45977011494253,62.06896551724138,18.39080459770115
E00067495,175,51,15,36,124,110,14,29.142857142857142,8.571428571428571,20.57142857142857,70.85714285714285,62.857142857142854,8
E00067496,153,51,25,26,102,78,24,33.33333333333333,16.33986928104575,16.99346405228758,66.66666666666666,50.98039215686274,15.686274509803921
E00067497,160,61,14,47,99,89,10,38.125,8.75,29.375,61.875,55.625,6.25
E00067498,107,37,16,21,70,59,11,34.57943925233645,14.953271028037381,19.626168224299064,65.42056074766354,55.140186915887845,10.2803738317757
E00067499,123,43,14,29,80,70,10,34.959349593495936,11.38211382113821,23.577235772357724,65.04065040650406,56.91056910569105,8.130081300813007
E00067500,103,38,12,26,65,58,7,36.89320388349515,11.650485436893204,25.24271844660194,63.10679611650486,56.310679611650485,6.796116504854369
E00067501,153,50,12,38,103,93,10,32.6797385620915,7.8431372549019605,24.836601307189543,67.3202614379085,60.78431372549019,6.535947712418301
E00067502,134,35,5,30,99,88,11,26.119402985074625,3.731343283582089,22.388059701492537,73.88059701492537,65.67164179104478,8.208955223880597
E00067503,126,33,11,22,93,81,12,26.190476190476193,8.73015873015873,17.46031746031746,73.80952380952381,64.28571428571429,9.523809523809524
E00067504,125,40,9,31,85,73,12,32,7.199999999999999,24.8,68,58.4,9.6
E00067505,90,24,3,21,66,60,6,26.666666666666668,3.3333333333333335,23.333333333333332,73.33333333333333,66.66666666666666,6.666666666666667
E00067506,135,41,13,28,94,85,9,30.37037037037037,9.62962962962963,20.74074074074074,69.62962962962963,62.96296296296296,6.666666666666667
E00067507,84,25,10,15,59,52,7,29.761904761904763,11.904761904761903,17.857142857142858,70.23809523809523,61.904761904761905,8.333333333333332
E00067508,97,34,8,26,63,58,5,35.051546391752574,8.24742268041237,26.804123711340207,64.94845360824742,59.79381443298969,5.154639175257731
E00067509,88,37,10,27,51,41,10,42.04545454545455,11.363636363636363,30.681818181818183,57.95454545454546,46.590909090909086,11.363636363636363
E00067510,162,49,13,36,113,92,21,30.246913580246915,8.024691358024691,22.22222222222222,69.75308641975309,56.79012345679012,12.962962962962962
E00067511,124,45,12,33,79,68,11,36.29032258064516,9.67741935483871,26.61290322580645,63.70967741935484,54.83870967741935,8.870967741935484
E00067512,118,39,16,23,79,73,6,33.05084745762712,13.559322033898304,19.491525423728813,66.94915254237289,61.86440677966102,5.084745762711865
E00067513,155,55,14,41,100,78,22,35.483870967741936,9.032258064516128,26.451612903225808,64.51612903225806,50.32258064516129,14.193548387096774
E00067514,119,55,27,28,64,60,4,46.21848739495798,22.689075630252102,23.52941176470588,53.78151260504202,50.42016806722689,3.361344537815126
E00067515,154,65,22,43,89,70,19,42.2077922077922,14.285714285714285,27.92207792207792,57.7922077922078,45.45454545454545,12.337662337662337
E00067516,163,56,19,37,107,94,13,34.355828220858896,11.65644171779141,22.699386503067483,65.6441717791411,57.668711656441715,7.975460122699387
E00067517,110,36,8,28,74,67,7,32.72727272727273,7.2727272727272725,25.454545454545453,67.27272727272727,60.909090909090914,6.363636363636363
E00067518,167,60,22,38,107,87,20,35.92814371257485,13.17365269461078,22.75449101796407,64.07185628742515,52.09580838323353,11.976047904191617
E00067519,84,34,12,22,50,39,11,40.476190476190474,14.285714285714285,26.190476190476193,59.523809523809526,46.42857142857143,13.095238095238097
E00067520,157,48,13,35,109,94,15,30.573248407643312,8.280254777070063,22.29299363057325,69.42675159235668,59.87261146496815,9.554140127388536
E00067521,54,19,9,10,35,31,4,35.18518518518518,16.666666666666664,18.51851851851852,64.81481481481481,57.407407407407405,7.4074074074074066
E00067522,95,35,11,24,60,55,5,36.84210526315789,11.578947368421053,25.263157894736842,63.1578947368421,57.89473684210527,5.263157894736842
E00067523,74,29,13,16,45,35,10,39.189189189189186,17.56756756756757,21.62162162162162,60.810810810810814,47.2972972972973,13.513513513513514
E00067524,129,46,10,36,83,74,9,35.65891472868217,7.751937984496124,27.906976744186046,64.34108527131784,57.36434108527132,6.976744186046512
E00067525,109,37,15,22,72,59,13,33.94495412844037,13.761467889908257,20.18348623853211,66.05504587155964,54.12844036697248,11.926605504587156
E00067526,133,43,14,29,90,82,8,32.33082706766917,10.526315789473683,21.804511278195488,67.66917293233082,61.65413533834586,6.015037593984962
E00067527,72,24,9,15,48,44,4,33.33333333333333,12.5,20.833333333333336,66.66666666666666,61.111111111111114,5.555555555555555
E00067528,79,27,13,14,52,43,9,34.177215189873415,16.455696202531644,17.72151898734177,65.82278481012658,54.43037974683544,11.39240506329114
E00067529,40,11,5,6,29,27,2,27.500000000000004,12.5,15,72.5,67.5,5
E00067530,157,47,17,30,110,99,11,29.936305732484076,10.828025477707007,19.10828025477707,70.06369426751591,63.05732484076433,7.006369426751593
E00067531,98,32,12,20,66,49,17,32.6530612244898,12.244897959183673,20.408163265306122,67.3469387755102,50,17.346938775510203
E00067532,124,52,22,30,72,66,6,41.935483870967744,17.741935483870968,24.193548387096776,58.06451612903226,53.2258064516129,4.838709677419355
E00067533,118,35,11,24,83,75,8,29.66101694915254,9.322033898305085,20.33898305084746,70.33898305084746,63.559322033898304,6.779661016949152
E00067534,100,39,17,22,61,46,15,39,17,22,61,46,15
E00067535,152,38,15,23,114,105,9,25,9.868421052631579,15.131578947368421,75,69.07894736842105,5.921052631578947
E00067536,121,56,21,35,65,55,10,46.28099173553719,17.355371900826448,28.92561983471074,53.71900826446281,45.45454545454545,8.264462809917356
E00067537,119,38,7,31,81,71,10,31.932773109243694,5.88235294117647,26.05042016806723,68.0672268907563,59.66386554621849,8.403361344537815
E00067542,144,56,17,39,88,75,13,38.88888888888889,11.805555555555555,27.083333333333332,61.111111111111114,52.083333333333336,9.027777777777777
E00067543,104,45,14,31,59,55,4,43.269230769230774,13.461538461538462,29.807692307692307,56.730769230769226,52.88461538461539,3.8461538461538463
E00067544,152,48,14,34,104,86,18,31.57894736842105,9.210526315789473,22.36842105263158,68.42105263157895,56.57894736842105,11.842105263157894
E00067545,189,75,36,39,114,96,18,39.682539682539684,19.047619047619047,20.634920634920633,60.317460317460316,50.79365079365079,9.523809523809524
E00067546,107,40,12,28,67,62,5,37.38317757009346,11.214953271028037,26.168224299065418,62.616822429906534,57.943925233644855,4.672897196261682
E00067547,134,55,26,29,79,71,8,41.04477611940299,19.402985074626866,21.641791044776117,58.95522388059702,52.98507462686567,5.970149253731343
E00067548,153,58,25,33,95,82,13,37.908496732026144,16.33986928104575,21.568627450980394,62.091503267973856,53.59477124183007,8.49673202614379
E00067549,203,66,21,45,137,122,15,32.51231527093596,10.344827586206897,22.167487684729064,67.48768472906403,60.09852216748769,7.389162561576355
E00067550,154,58,14,44,96,83,13,37.66233766233766,9.090909090909092,28.57142857142857,62.33766233766234,53.896103896103895,8.441558441558442
E00067552,150,63,33,30,87,75,12,42,22,20,57.99999999999999,50,8
E00067553,191,74,26,48,117,106,11,38.7434554973822,13.612565445026178,25.13089005235602,61.25654450261781,55.497382198952884,5.7591623036649215
E00067554,147,61,32,29,86,76,10,41.49659863945578,21.768707482993197,19.727891156462583,58.50340136054422,51.70068027210885,6.802721088435375
E00067555,169,71,30,41,98,81,17,42.01183431952663,17.75147928994083,24.2603550295858,57.98816568047337,47.928994082840234,10.059171597633137
E00067556,173,60,29,31,113,102,11,34.68208092485549,16.76300578034682,17.91907514450867,65.3179190751445,58.95953757225434,6.358381502890173
E00067557,265,94,46,48,171,145,26,35.471698113207545,17.358490566037734,18.11320754716981,64.52830188679245,54.71698113207547,9.811320754716983
E00067558,164,51,16,35,113,106,7,31.097560975609756,9.75609756097561,21.341463414634145,68.90243902439023,64.63414634146342,4.2682926829268295
E00067559,139,59,22,37,80,76,4,42.44604316546763,15.827338129496402,26.618705035971225,57.55395683453237,54.67625899280576,2.877697841726619
E00067560,126,57,25,32,69,64,5,45.23809523809524,19.841269841269842,25.396825396825395,54.761904761904766,50.79365079365079,3.968253968253968
E00067561,198,88,37,51,110,99,11,44.44444444444444,18.68686868686869,25.757575757575758,55.55555555555556,50,5.555555555555555
E00067562,158,59,19,40,99,89,10,37.34177215189873,12.025316455696203,25.31645569620253,62.65822784810127,56.32911392405063,6.329113924050633
E00067563,187,81,42,39,106,87,19,43.31550802139038,22.459893048128343,20.855614973262032,56.68449197860963,46.524064171122994,10.16042780748663
E00067564,134,62,27,35,72,66,6,46.26865671641791,20.149253731343283,26.119402985074625,53.73134328358209,49.25373134328358,4.477611940298507
E00067565,125,50,19,31,75,68,7,40,15.2,24.8,60,54.400000000000006,5.6000000000000005
E00067566,165,60,16,44,105,95,10,36.36363636363637,9.696969696969697,26.666666666666668,63.63636363636363,57.57575757575758,6.0606060606060606
E00067567,101,41,15,26,60,55,5,40.5940594059406,14.85148514851485,25.742574257425744,59.4059405940594,54.45544554455446,4.9504950495049505
E00067568,131,41,15,26,90,77,13,31.297709923664126,11.450381679389313,19.84732824427481,68.70229007633588,58.778625954198475,9.923664122137405
E00067569,122,40,7,33,82,77,5,32.78688524590164,5.737704918032787,27.049180327868854,67.21311475409836,63.114754098360656,4.098360655737705
E00067570,303,109,33,76,194,171,23,35.973597359735976,10.891089108910892,25.082508250825082,64.02640264026402,56.43564356435643,7.590759075907591
E00067571,153,38,13,25,115,90,25,24.836601307189543,8.49673202614379,16.33986928104575,75.16339869281046,58.82352941176471,16.33986928104575
E00067572,205,59,21,38,146,128,18,28.780487804878046,10.24390243902439,18.536585365853657,71.21951219512195,62.4390243902439,8.780487804878048
E00067573,141,46,14,32,95,76,19,32.62411347517731,9.929078014184398,22.69503546099291,67.37588652482269,53.90070921985816,13.47517730496454
E00067574,129,52,17,35,77,73,4,40.310077519379846,13.178294573643413,27.131782945736433,59.68992248062015,56.58914728682171,3.10077519379845
E00067575,142,48,15,33,94,85,9,33.80281690140845,10.56338028169014,23.239436619718308,66.19718309859155,59.859154929577464,6.338028169014084
E00067576,142,45,16,29,97,81,16,31.690140845070424,11.267605633802818,20.422535211267608,68.30985915492957,57.04225352112676,11.267605633802818
E00067577,152,46,13,33,106,94,12,30.263157894736842,8.552631578947368,21.710526315789476,69.73684210526315,61.8421052631579,7.894736842105263
E00067578,119,38,11,27,81,70,11,31.932773109243694,9.243697478991598,22.689075630252102,68.0672268907563,58.82352941176471,9.243697478991598
E00067579,158,51,19,32,107,95,12,32.278481012658226,12.025316455696203,20.253164556962027,67.72151898734177,60.12658227848101,7.59493670886076
E00067580,145,48,17,31,97,81,16,33.10344827586207,11.724137931034482,21.379310344827587,66.89655172413794,55.86206896551724,11.03448275862069
E00067581,222,63,23,40,159,138,21,28.37837837837838,10.36036036036036,18.01801801801802,71.62162162162163,62.16216216216216,9.45945945945946
E00067582,164,58,15,43,106,90,16,35.36585365853659,9.146341463414634,26.21951219512195,64.63414634146342,54.87804878048781,9.75609756097561
E00067583,149,59,12,47,90,80,10,39.59731543624161,8.053691275167784,31.543624161073826,60.40268456375839,53.691275167785236,6.7114093959731544
E00067584,165,63,27,36,102,79,23,38.18181818181819,16.363636363636363,21.818181818181817,61.81818181818181,47.878787878787875,13.939393939393941
E00067585,97,35,8,27,62,56,6,36.08247422680412,8.24742268041237,27.835051546391753,63.91752577319587,57.73195876288659,6.185567010309279
E00067586,107,38,19,19,69,58,11,35.51401869158878,17.75700934579439,17.75700934579439,64.48598130841121,54.20560747663551,10.2803738317757
E00067587,160,55,13,42,105,92,13,34.375,8.125,26.25,65.625,57.49999999999999,8.125
E00067588,139,57,20,37,82,64,18,41.007194244604314,14.388489208633093,26.618705035971225,58.992805755395686,46.043165467625904,12.949640287769784
E00067589,144,54,18,36,90,74,16,37.5,12.5,25,62.5,51.388888888888886,11.11111111111111
E00067590,86,25,10,15,61,54,7,29.069767441860467,11.627906976744185,17.441860465116278,70.93023255813954,62.7906976744186,8.13953488372093
E00067591,137,39,15,24,98,78,20,28.467153284671532,10.948905109489052,17.51824817518248,71.53284671532847,56.934306569343065,14.5985401459854
E00067592,68,23,8,15,45,39,6,33.82352941176471,11.76470588235294,22.058823529411764,66.17647058823529,57.35294117647059,8.823529411764707
E00067593,114,43,21,22,71,61,10,37.719298245614034,18.421052631578945,19.298245614035086,62.28070175438597,53.50877192982456,8.771929824561402
E00067594,164,63,20,43,101,87,14,38.41463414634146,12.195121951219512,26.21951219512195,61.58536585365854,53.04878048780488,8.536585365853659
E00067595,226,71,18,53,155,136,19,31.41592920353982,7.964601769911504,23.451327433628318,68.58407079646017,60.17699115044248,8.4070796460177
E00067596,119,31,8,23,88,83,5,26.05042016806723,6.722689075630252,19.327731092436977,73.94957983193278,69.74789915966386,4.201680672268908
E00067598,155,50,23,27,105,88,17,32.25806451612903,14.838709677419354,17.419354838709676,67.74193548387096,56.774193548387096,10.967741935483872
E00067599,166,44,17,27,122,110,12,26.506024096385545,10.240963855421686,16.265060240963855,73.49397590361446,66.26506024096386,7.228915662650602
E00067600,139,24,12,12,115,101,14,17.26618705035971,8.633093525179856,8.633093525179856,82.73381294964028,72.66187050359713,10.071942446043165
E00067601,213,76,20,56,137,126,11,35.68075117370892,9.389671361502346,26.291079812206576,64.31924882629107,59.154929577464785,5.164319248826291
E00067602,176,68,22,46,108,97,11,38.63636363636363,12.5,26.136363636363637,61.36363636363637,55.11363636363637,6.25
E00067603,154,59,22,37,95,78,17,38.311688311688314,14.285714285714285,24.025974025974026,61.68831168831169,50.649350649350644,11.03896103896104
E00067604,135,41,19,22,94,84,10,30.37037037037037,14.074074074074074,16.296296296296298,69.62962962962963,62.22222222222222,7.4074074074074066
E00067605,159,45,13,32,114,104,10,28.30188679245283,8.176100628930817,20.125786163522015,71.69811320754717,65.40880503144653,6.289308176100629
E00067606,175,44,13,31,131,114,17,25.142857142857146,7.428571428571429,17.71428571428571,74.85714285714286,65.14285714285715,9.714285714285714
E00067607,157,41,17,24,116,112,4,26.11464968152866,10.828025477707007,15.286624203821656,73.88535031847134,71.3375796178344,2.547770700636943
E00067608,150,45,12,33,105,93,12,30,8,22,70,62,8
E00067609,160,61,15,46,99,90,9,38.125,9.375,28.749999999999996,61.875,56.25,5.625
E00067610,116,36,13,23,80,69,11,31.03448275862069,11.206896551724139,19.82758620689655,68.96551724137932,59.48275862068966,9.482758620689655
E00067611,141,33,9,24,108,96,12,23.404255319148938,6.382978723404255,17.02127659574468,76.59574468085107,68.08510638297872,8.51063829787234
E00067612,193,50,15,35,143,127,16,25.906735751295333,7.772020725388601,18.134715025906736,74.09326424870466,65.80310880829016,8.290155440414509
E00067613,115,48,21,27,67,61,6,41.73913043478261,18.26086956521739,23.47826086956522,58.26086956521739,53.04347826086957,5.217391304347826
E00067614,107,47,13,34,60,56,4,43.925233644859816,12.149532710280374,31.775700934579437,56.074766355140184,52.336448598130836,3.7383177570093453
E00067615,132,38,16,22,94,79,15,28.78787878787879,12.121212121212121,16.666666666666664,71.21212121212122,59.84848484848485,11.363636363636363
E00067616,160,50,18,32,110,93,17,31.25,11.25,20,68.75,58.12500000000001,10.625
E00067617,167,41,11,30,126,117,9,24.550898203592812,6.58682634730539,17.964071856287426,75.44910179640718,70.05988023952095,5.389221556886228
E00067618,178,51,19,32,127,110,17,28.651685393258425,10.674157303370785,17.97752808988764,71.34831460674157,61.79775280898876,9.550561797752808
E00067619,188,58,22,36,130,108,22,30.851063829787233,11.702127659574469,19.148936170212767,69.14893617021278,57.446808510638306,11.702127659574469
E00067620,150,52,23,29,98,76,22,34.66666666666667,15.333333333333332,19.333333333333332,65.33333333333333,50.66666666666667,14.666666666666666
E00067621,137,56,21,35,81,69,12,40.87591240875913,15.328467153284672,25.547445255474454,59.12408759124088,50.36496350364964,8.75912408759124
E00067622,143,42,14,28,101,86,15,29.37062937062937,9.79020979020979,19.58041958041958,70.62937062937063,60.13986013986013,10.48951048951049
E00067623,182,42,6,36,140,122,18,23.076923076923077,3.296703296703297,19.78021978021978,76.92307692307693,67.03296703296702,9.89010989010989
E00067624,127,31,10,21,96,86,10,24.409448818897637,7.874015748031496,16.535433070866144,75.59055118110236,67.71653543307087,7.874015748031496
E00067625,155,49,16,33,106,93,13,31.61290322580645,10.32258064516129,21.29032258064516,68.38709677419355,60,8.38709677419355
E00067626,154,48,15,33,106,98,8,31.16883116883117,9.740259740259742,21.428571428571427,68.83116883116884,63.63636363636363,5.194805194805195
E00067627,147,49,16,33,98,84,14,33.33333333333333,10.884353741496598,22.448979591836736,66.66666666666666,57.14285714285714,9.523809523809524
E00067628,136,40,13,27,96,85,11,29.411764705882355,9.558823529411764,19.852941176470587,70.58823529411765,62.5,8.088235294117647
E00067629,140,45,17,28,95,87,8,32.142857142857146,12.142857142857142,20,67.85714285714286,62.142857142857146,5.714285714285714
E00067630,172,56,15,41,116,103,13,32.55813953488372,8.720930232558139,23.837209302325583,67.44186046511628,59.883720930232556,7.55813953488372
E00067631,166,51,10,41,115,109,6,30.72289156626506,6.024096385542169,24.69879518072289,69.27710843373494,65.66265060240963,3.614457831325301
E00067632,151,58,23,35,93,81,12,38.41059602649007,15.2317880794702,23.178807947019866,61.58940397350994,53.64238410596026,7.9470198675496695
E00067633,171,57,16,41,114,105,9,33.33333333333333,9.35672514619883,23.976608187134502,66.66666666666666,61.40350877192983,5.263157894736842
E00067634,173,61,17,44,112,103,9,35.26011560693642,9.826589595375722,25.43352601156069,64.73988439306359,59.53757225433526,5.202312138728324
E00067635,193,61,23,38,132,117,15,31.606217616580313,11.917098445595855,19.689119170984455,68.39378238341969,60.62176165803109,7.772020725388601
E00067636,179,53,18,35,126,117,9,29.608938547486037,10.05586592178771,19.553072625698324,70.39106145251397,65.36312849162012,5.027932960893855
E00067637,196,87,37,50,109,99,10,44.38775510204081,18.877551020408163,25.510204081632654,55.61224489795919,50.51020408163265,5.1020408163265305
E00067638,87,39,17,22,48,40,8,44.827586206896555,19.54022988505747,25.287356321839084,55.172413793103445,45.97701149425287,9.195402298850574
E00067639,171,56,22,34,115,96,19,32.748538011695906,12.865497076023392,19.883040935672515,67.2514619883041,56.14035087719298,11.11111111111111
E00067640,170,74,37,37,96,89,7,43.529411764705884,21.764705882352942,21.764705882352942,56.470588235294116,52.352941176470594,4.117647058823529
E00067641,146,61,35,26,85,76,9,41.78082191780822,23.972602739726025,17.80821917808219,58.21917808219178,52.054794520547944,6.164383561643835
E00067642,156,67,37,30,89,85,4,42.94871794871795,23.717948717948715,19.230769230769234,57.05128205128205,54.48717948717948,2.564102564102564
E00067643,96,41,25,16,55,49,6,42.70833333333333,26.041666666666668,16.666666666666664,57.291666666666664,51.041666666666664,6.25
E00067644,169,92,48,44,77,74,3,54.437869822485204,28.402366863905325,26.035502958579883,45.562130177514796,43.786982248520715,1.7751479289940828
E00067645,158,79,45,34,79,67,12,50,28.48101265822785,21.518987341772153,50,42.405063291139236,7.59493670886076
E00067646,148,83,50,33,65,52,13,56.08108108108109,33.78378378378378,22.2972972972973,43.91891891891892,35.13513513513514,8.783783783783784
E00067647,136,52,25,27,84,73,11,38.23529411764706,18.38235294117647,19.852941176470587,61.76470588235294,53.67647058823529,8.088235294117647
E00067648,119,62,30,32,57,52,5,52.10084033613446,25.210084033613445,26.89075630252101,47.89915966386555,43.69747899159664,4.201680672268908
E00067649,153,53,19,34,100,84,16,34.64052287581699,12.418300653594772,22.22222222222222,65.359477124183,54.90196078431373,10.457516339869281
E00067650,136,77,51,26,59,47,12,56.61764705882353,37.5,19.11764705882353,43.38235294117647,34.55882352941176,8.823529411764707
E00067651,155,82,44,38,73,66,7,52.903225806451616,28.387096774193548,24.516129032258064,47.096774193548384,42.58064516129032,4.516129032258064
E00067652,124,46,24,22,78,66,12,37.096774193548384,19.35483870967742,17.741935483870968,62.903225806451616,53.2258064516129,9.67741935483871
E00067653,151,75,39,36,76,65,11,49.668874172185426,25.82781456953642,23.841059602649008,50.331125827814574,43.04635761589404,7.28476821192053
E00067654,136,48,16,32,88,74,14,35.294117647058826,11.76470588235294,23.52941176470588,64.70588235294117,54.41176470588235,10.294117647058822
E00067655,115,67,38,29,48,43,5,58.26086956521739,33.04347826086956,25.217391304347824,41.73913043478261,37.391304347826086,4.3478260869565215
E00067656,182,88,33,55,94,83,11,48.35164835164835,18.13186813186813,30.21978021978022,51.64835164835166,45.604395604395606,6.043956043956044
E00067657,142,57,16,41,85,76,9,40.140845070422536,11.267605633802818,28.87323943661972,59.859154929577464,53.52112676056338,6.338028169014084
E00067658,139,67,29,38,72,63,9,48.201438848920866,20.863309352517987,27.33812949640288,51.798561151079134,45.32374100719424,6.474820143884892
E00067659,180,90,42,48,90,77,13,50,23.333333333333332,26.666666666666668,50,42.77777777777778,7.222222222222221
E00067660,167,72,27,45,95,84,11,43.11377245508982,16.16766467065868,26.94610778443114,56.886227544910184,50.29940119760479,6.58682634730539
E00067661,170,56,28,28,114,102,12,32.94117647058823,16.470588235294116,16.470588235294116,67.05882352941175,60,7.0588235294117645
E00067662,201,74,30,44,127,116,11,36.81592039800995,14.925373134328357,21.890547263681594,63.18407960199005,57.711442786069654,5.472636815920398
E00067664,110,38,6,32,72,59,13,34.54545454545455,5.454545454545454,29.09090909090909,65.45454545454545,53.63636363636364,11.818181818181818
E00067665,136,50,22,28,86,71,15,36.76470588235294,16.176470588235293,20.588235294117645,63.23529411764706,52.20588235294118,11.029411764705882
E00067666,139,48,12,36,91,77,14,34.53237410071942,8.633093525179856,25.899280575539567,65.46762589928058,55.39568345323741,10.071942446043165
E00067667,120,43,11,32,77,65,12,35.833333333333336,9.166666666666666,26.666666666666668,64.16666666666667,54.166666666666664,10
E00067668,123,41,15,26,82,68,14,33.33333333333333,12.195121951219512,21.138211382113823,66.66666666666666,55.28455284552846,11.38211382113821
E00067669,138,45,13,32,93,84,9,32.608695652173914,9.420289855072465,23.18840579710145,67.3913043478261,60.86956521739131,6.521739130434782
E00067670,118,42,15,27,76,65,11,35.59322033898305,12.711864406779661,22.88135593220339,64.40677966101694,55.08474576271186,9.322033898305085
E00067671,241,77,24,53,164,143,21,31.950207468879665,9.95850622406639,21.991701244813278,68.04979253112033,59.33609958506224,8.71369294605809
E00067672,94,33,11,22,61,55,6,35.1063829787234,11.702127659574469,23.404255319148938,64.8936170212766,58.51063829787234,6.382978723404255
E00067673,111,32,12,20,79,69,10,28.82882882882883,10.81081081081081,18.01801801801802,71.17117117117117,62.16216216216216,9.00900900900901
E00067674,150,54,18,36,96,81,15,36,12,24,64,54,10
E00067675,86,27,9,18,59,51,8,31.3953488372093,10.465116279069768,20.930232558139537,68.6046511627907,59.30232558139535,9.30232558139535
E00067676,160,51,14,37,109,98,11,31.874999999999996,8.75,23.125,68.125,61.25000000000001,6.875000000000001
E00067677,148,51,18,33,97,89,8,34.45945945945946,12.162162162162163,22.2972972972973,65.54054054054053,60.13513513513513,5.405405405405405
E00067678,157,50,16,34,107,102,5,31.84713375796178,10.191082802547772,21.656050955414013,68.15286624203821,64.96815286624204,3.1847133757961785
E00067679,161,52,19,33,109,92,17,32.298136645962735,11.801242236024844,20.496894409937887,67.70186335403726,57.14285714285714,10.559006211180124
E00067680,247,77,13,64,170,146,24,31.17408906882591,5.263157894736842,25.910931174089068,68.82591093117408,59.10931174089069,9.7165991902834
E00067681,178,66,19,47,112,100,12,37.07865168539326,10.674157303370785,26.40449438202247,62.92134831460674,56.17977528089888,6.741573033707865
E00067682,159,52,11,41,107,97,10,32.70440251572327,6.918238993710692,25.78616352201258,67.29559748427673,61.0062893081761,6.289308176100629
E00067684,227,65,22,43,162,137,25,28.634361233480178,9.691629955947137,18.94273127753304,71.36563876651982,60.352422907488986,11.013215859030836
E00067685,96,44,17,27,52,41,11,45.83333333333333,17.708333333333336,28.125,54.166666666666664,42.70833333333333,11.458333333333332
E00067686,112,39,10,29,73,55,18,34.82142857142857,8.928571428571429,25.892857142857146,65.17857142857143,49.107142857142854,16.071428571428573
E00067687,68,22,7,15,46,36,10,32.35294117647059,10.294117647058822,22.058823529411764,67.64705882352942,52.94117647058824,14.705882352941178
E00067688,128,43,14,29,85,79,6,33.59375,10.9375,22.65625,66.40625,61.71875,4.6875
E00067689,102,27,9,18,75,74,1,26.47058823529412,8.823529411764707,17.647058823529413,73.52941176470588,72.54901960784314,0.9803921568627451
E00067690,121,42,15,27,79,72,7,34.710743801652896,12.396694214876034,22.31404958677686,65.28925619834712,59.50413223140496,5.785123966942149
E00067691,251,85,20,65,166,145,21,33.86454183266932,7.968127490039841,25.89641434262948,66.13545816733067,57.76892430278885,8.366533864541832
E00067692,120,37,6,31,83,78,5,30.833333333333336,5,25.833333333333336,69.16666666666667,65,4.166666666666666
E00067693,86,29,11,18,57,48,9,33.72093023255814,12.790697674418606,20.930232558139537,66.27906976744185,55.81395348837209,10.465116279069768
E00067694,113,32,12,20,81,69,12,28.31858407079646,10.619469026548673,17.699115044247787,71.68141592920354,61.06194690265486,10.619469026548673
E00067695,137,53,17,36,84,76,8,38.68613138686132,12.408759124087592,26.277372262773724,61.31386861313869,55.47445255474452,5.839416058394161
E00067696,180,63,18,45,117,104,13,35,10,25,65,57.77777777777777,7.222222222222221
E00067697,83,39,13,26,44,40,4,46.98795180722892,15.66265060240964,31.32530120481928,53.01204819277109,48.19277108433735,4.819277108433735
E00067698,120,45,13,32,75,65,10,37.5,10.833333333333334,26.666666666666668,62.5,54.166666666666664,8.333333333333332
E00067699,105,32,6,26,73,66,7,30.476190476190478,5.714285714285714,24.761904761904763,69.52380952380952,62.857142857142854,6.666666666666667
E00067700,122,53,11,42,69,60,9,43.44262295081967,9.01639344262295,34.42622950819672,56.557377049180324,49.18032786885246,7.377049180327869
E00067701,120,43,10,33,77,74,3,35.833333333333336,8.333333333333332,27.500000000000004,64.16666666666667,61.66666666666667,2.5
E00067702,86,31,7,24,55,49,6,36.04651162790697,8.13953488372093,27.906976744186046,63.95348837209303,56.97674418604651,6.976744186046512
E00067703,105,29,10,19,76,58,18,27.61904761904762,9.523809523809524,18.095238095238095,72.38095238095238,55.23809523809524,17.142857142857142
E00067704,32,14,9,5,18,12,6,43.75,28.125,15.625,56.25,37.5,18.75
E00067706,215,61,19,42,154,125,29,28.37209302325581,8.837209302325581,19.53488372093023,71.62790697674419,58.139534883720934,13.488372093023257
E00067707,118,40,13,27,78,68,10,33.89830508474576,11.016949152542372,22.88135593220339,66.10169491525424,57.6271186440678,8.47457627118644
E00067708,185,52,24,28,133,111,22,28.10810810810811,12.972972972972974,15.135135135135137,71.89189189189189,60,11.891891891891893
E00067709,140,48,16,32,92,83,9,34.285714285714285,11.428571428571429,22.857142857142858,65.71428571428571,59.285714285714285,6.428571428571428
E00067710,120,36,16,20,84,66,18,30,13.333333333333334,16.666666666666664,70,55.00000000000001,15
E00067711,167,47,25,22,120,107,13,28.143712574850298,14.97005988023952,13.17365269461078,71.8562874251497,64.07185628742515,7.784431137724551
E00067712,167,57,18,39,110,103,7,34.13173652694611,10.778443113772456,23.353293413173652,65.86826347305389,61.67664670658682,4.191616766467066
E00067713,174,51,11,40,123,108,15,29.310344827586203,6.321839080459771,22.988505747126435,70.6896551724138,62.06896551724138,8.620689655172415
E00067714,258,74,25,49,184,156,28,28.68217054263566,9.689922480620156,18.992248062015506,71.31782945736434,60.46511627906976,10.852713178294573
E00067715,158,44,11,33,114,98,16,27.848101265822784,6.962025316455696,20.88607594936709,72.15189873417721,62.0253164556962,10.126582278481013
E00067716,164,46,17,29,118,84,34,28.04878048780488,10.365853658536585,17.682926829268293,71.95121951219512,51.21951219512195,20.73170731707317
E00067717,96,36,10,26,60,53,7,37.5,10.416666666666668,27.083333333333332,62.5,55.208333333333336,7.291666666666667
E00067718,123,41,14,27,82,78,4,33.33333333333333,11.38211382113821,21.951219512195124,66.66666666666666,63.41463414634146,3.2520325203252036
E00067719,86,23,10,13,63,50,13,26.744186046511626,11.627906976744185,15.11627906976744,73.25581395348837,58.139534883720934,15.11627906976744
E00067720,142,33,10,23,109,92,17,23.239436619718308,7.042253521126761,16.19718309859155,76.76056338028168,64.7887323943662,11.971830985915492
E00067721,153,47,15,32,106,90,16,30.718954248366014,9.803921568627452,20.915032679738562,69.28104575163398,58.82352941176471,10.457516339869281
E00067722,130,22,6,16,108,94,14,16.923076923076923,4.615384615384616,12.307692307692308,83.07692307692308,72.3076923076923,10.76923076923077
E00067723,149,46,21,25,103,86,17,30.87248322147651,14.093959731543624,16.778523489932887,69.12751677852349,57.71812080536913,11.409395973154362
E00067724,139,51,17,34,88,70,18,36.69064748201439,12.23021582733813,24.46043165467626,63.30935251798561,50.35971223021583,12.949640287769784
E00067725,151,46,15,31,105,87,18,30.4635761589404,9.933774834437086,20.52980132450331,69.5364238410596,57.615894039735096,11.920529801324504
E00067726,128,39,14,25,89,74,15,30.46875,10.9375,19.53125,69.53125,57.8125,11.71875
E00067727,121,44,13,31,77,68,9,36.36363636363637,10.743801652892563,25.6198347107438,63.63636363636363,56.19834710743802,7.43801652892562
E00067728,146,48,22,26,98,81,17,32.87671232876712,15.068493150684931,17.80821917808219,67.12328767123287,55.47945205479452,11.643835616438356
E00067729,83,21,6,15,62,52,10,25.301204819277107,7.228915662650602,18.072289156626507,74.69879518072288,62.65060240963856,12.048192771084338
E00067730,124,40,19,21,84,72,12,32.25806451612903,15.32258064516129,16.93548387096774,67.74193548387096,58.06451612903226,9.67741935483871
E00067731,154,48,22,26,106,88,18,31.16883116883117,14.285714285714285,16.883116883116884,68.83116883116884,57.14285714285714,11.688311688311687
E00067732,125,53,22,31,72,62,10,42.4,17.599999999999998,24.8,57.599999999999994,49.6,8
E00067733,163,51,12,39,112,97,15,31.28834355828221,7.361963190184049,23.92638036809816,68.71165644171779,59.50920245398773,9.202453987730062
E00067734,119,34,13,21,85,70,15,28.57142857142857,10.92436974789916,17.647058823529413,71.42857142857143,58.82352941176471,12.605042016806722
E00067735,149,46,11,35,103,91,12,30.87248322147651,7.38255033557047,23.48993288590604,69.12751677852349,61.07382550335571,8.053691275167784
E00067736,132,32,14,18,100,91,9,24.242424242424242,10.606060606060606,13.636363636363635,75.75757575757575,68.93939393939394,6.8181818181818175
E00067737,165,45,20,25,120,110,10,27.27272727272727,12.121212121212121,15.151515151515152,72.72727272727273,66.66666666666666,6.0606060606060606
E00067738,129,25,11,14,104,96,8,19.379844961240313,8.527131782945736,10.852713178294573,80.62015503875969,74.4186046511628,6.2015503875969
E00067740,141,43,15,28,98,87,11,30.49645390070922,10.638297872340425,19.858156028368796,69.50354609929079,61.702127659574465,7.801418439716312
E00067742,167,48,18,30,119,93,26,28.74251497005988,10.778443113772456,17.964071856287426,71.25748502994011,55.688622754491014,15.568862275449103
E00067743,82,34,7,27,48,47,1,41.46341463414634,8.536585365853659,32.926829268292686,58.536585365853654,57.3170731707317,1.2195121951219512
E00067745,138,34,19,15,104,89,15,24.637681159420293,13.768115942028986,10.869565217391305,75.36231884057972,64.4927536231884,10.869565217391305
E00067746,184,42,17,25,142,127,15,22.82608695652174,9.239130434782608,13.586956521739129,77.17391304347827,69.02173913043478,8.152173913043478
E00067747,120,42,22,20,78,65,13,35,18.333333333333332,16.666666666666664,65,54.166666666666664,10.833333333333334
E00067748,154,47,17,30,107,83,24,30.519480519480517,11.03896103896104,19.480519480519483,69.48051948051948,53.896103896103895,15.584415584415584
E00067749,167,58,16,42,109,88,21,34.73053892215569,9.580838323353294,25.149700598802394,65.26946107784431,52.69461077844312,12.574850299401197
E00067750,169,71,39,32,98,83,15,42.01183431952663,23.076923076923077,18.93491124260355,57.98816568047337,49.112426035502956,8.875739644970414
E00067753,169,58,26,32,111,94,17,34.319526627218934,15.384615384615385,18.93491124260355,65.68047337278107,55.62130177514793,10.059171597633137
E00067754,218,91,38,53,127,111,16,41.74311926605505,17.431192660550458,24.31192660550459,58.256880733944946,50.917431192660544,7.339449541284404
E00067756,145,52,12,40,93,76,17,35.86206896551724,8.275862068965518,27.586206896551722,64.13793103448275,52.41379310344828,11.724137931034482
E00067757,169,54,15,39,115,109,6,31.952662721893493,8.875739644970414,23.076923076923077,68.04733727810651,64.49704142011834,3.5502958579881656
E00067758,133,50,13,37,83,78,5,37.59398496240601,9.774436090225564,27.819548872180448,62.40601503759399,58.64661654135338,3.7593984962406015
E00067759,114,38,13,25,76,69,7,33.33333333333333,11.403508771929824,21.929824561403507,66.66666666666666,60.526315789473685,6.140350877192982
E00067760,230,90,28,62,140,105,35,39.130434782608695,12.173913043478262,26.956521739130434,60.86956521739131,45.65217391304348,15.217391304347828
E00067761,134,38,12,26,96,73,23,28.35820895522388,8.955223880597014,19.402985074626866,71.64179104477611,54.47761194029851,17.16417910447761
E00067762,89,28,6,22,61,50,11,31.46067415730337,6.741573033707865,24.719101123595504,68.53932584269663,56.17977528089888,12.359550561797752
E00067763,139,57,18,39,82,73,9,41.007194244604314,12.949640287769784,28.05755395683453,58.992805755395686,52.51798561151079,6.474820143884892
E00067764,120,46,16,30,74,56,18,38.333333333333336,13.333333333333334,25,61.66666666666667,46.666666666666664,15
E00067765,136,46,10,36,90,80,10,33.82352941176471,7.352941176470589,26.47058823529412,66.17647058823529,58.82352941176471,7.352941176470589
E00067766,127,39,16,23,88,70,18,30.708661417322837,12.598425196850393,18.11023622047244,69.29133858267717,55.118110236220474,14.173228346456693
E00067767,154,58,15,43,96,74,22,37.66233766233766,9.740259740259742,27.92207792207792,62.33766233766234,48.05194805194805,14.285714285714285
E00067768,140,40,11,29,100,88,12,28.57142857142857,7.857142857142857,20.714285714285715,71.42857142857143,62.857142857142854,8.571428571428571
E00067769,164,50,21,29,114,102,12,30.48780487804878,12.804878048780488,17.682926829268293,69.51219512195121,62.19512195121951,7.317073170731707
E00067770,244,78,18,60,166,128,38,31.967213114754102,7.377049180327869,24.59016393442623,68.0327868852459,52.459016393442624,15.573770491803279
E00067771,177,61,24,37,116,99,17,34.463276836158194,13.559322033898304,20.903954802259886,65.5367231638418,55.932203389830505,9.6045197740113
E00067772,146,55,22,33,91,72,19,37.67123287671233,15.068493150684931,22.602739726027394,62.328767123287676,49.31506849315068,13.013698630136986
E00067773,174,58,21,37,116,103,13,33.33333333333333,12.068965517241379,21.26436781609195,66.66666666666666,59.195402298850574,7.471264367816093
E00067774,126,45,13,32,81,69,12,35.714285714285715,10.317460317460316,25.396825396825395,64.28571428571429,54.761904761904766,9.523809523809524
E00067775,134,44,24,20,90,63,27,32.83582089552239,17.91044776119403,14.925373134328357,67.16417910447761,47.01492537313433,20.149253731343283
E00067776,144,49,22,27,95,76,19,34.02777777777778,15.277777777777779,18.75,65.97222222222221,52.77777777777778,13.194444444444445
E00067777,111,48,15,33,63,55,8,43.24324324324324,13.513513513513514,29.72972972972973,56.75675675675676,49.549549549549546,7.207207207207207
E00067778,173,55,16,39,118,101,17,31.79190751445087,9.248554913294797,22.54335260115607,68.20809248554913,58.38150289017341,9.826589595375722
E00067779,216,64,16,48,152,133,19,29.629629629629626,7.4074074074074066,22.22222222222222,70.37037037037037,61.57407407407407,8.796296296296296
E00067780,114,34,15,19,80,66,14,29.82456140350877,13.157894736842104,16.666666666666664,70.17543859649122,57.89473684210527,12.280701754385964
E00067781,128,46,20,26,82,68,14,35.9375,15.625,20.3125,64.0625,53.125,10.9375
E00067782,85,35,14,21,50,38,12,41.17647058823529,16.470588235294116,24.705882352941178,58.82352941176471,44.70588235294118,14.117647058823529
E00067783,151,47,16,31,104,82,22,31.125827814569533,10.596026490066226,20.52980132450331,68.87417218543047,54.3046357615894,14.56953642384106
E00067784,166,48,22,26,118,100,18,28.915662650602407,13.253012048192772,15.66265060240964,71.08433734939759,60.24096385542169,10.843373493975903
E00067785,160,59,24,35,101,85,16,36.875,15,21.875,63.125,53.125,10
E00067786,91,29,9,20,62,50,12,31.868131868131865,9.89010989010989,21.978021978021978,68.13186813186813,54.94505494505495,13.186813186813188
E00067787,131,46,15,31,85,74,11,35.11450381679389,11.450381679389313,23.66412213740458,64.8854961832061,56.48854961832062,8.396946564885496
E00067788,96,29,10,19,67,60,7,30.208333333333332,10.416666666666668,19.791666666666664,69.79166666666666,62.5,7.291666666666667
E00067789,157,57,27,30,100,78,22,36.30573248407643,17.197452229299362,19.10828025477707,63.69426751592356,49.681528662420384,14.012738853503185
E00067790,135,44,17,27,91,67,24,32.592592592592595,12.592592592592592,20,67.4074074074074,49.629629629629626,17.77777777777778
E00067791,135,44,19,25,91,73,18,32.592592592592595,14.074074074074074,18.51851851851852,67.4074074074074,54.074074074074076,13.333333333333334
E00067792,76,27,16,11,49,38,11,35.526315789473685,21.052631578947366,14.473684210526317,64.47368421052632,50,14.473684210526317
E00067793,216,64,17,47,152,141,11,29.629629629629626,7.87037037037037,21.75925925925926,70.37037037037037,65.27777777777779,5.092592592592593
E00067794,109,33,7,26,76,64,12,30.275229357798167,6.422018348623854,23.853211009174313,69.72477064220183,58.71559633027523,11.009174311926607
E00067795,133,53,11,42,80,73,7,39.849624060150376,8.270676691729323,31.57894736842105,60.150375939849624,54.88721804511278,5.263157894736842
E00067796,178,50,17,33,128,116,12,28.08988764044944,9.550561797752808,18.53932584269663,71.91011235955057,65.1685393258427,6.741573033707865
E00067798,127,46,17,29,81,75,6,36.22047244094488,13.385826771653544,22.83464566929134,63.77952755905512,59.055118110236215,4.724409448818897
E00067799,111,52,17,35,59,48,11,46.846846846846844,15.315315315315313,31.53153153153153,53.153153153153156,43.24324324324324,9.90990990990991
E00067800,253,69,23,46,184,159,25,27.27272727272727,9.090909090909092,18.181818181818183,72.72727272727273,62.845849802371546,9.881422924901186
E00067801,172,40,12,28,132,115,17,23.25581395348837,6.976744186046512,16.27906976744186,76.74418604651163,66.86046511627907,9.883720930232558
E00067802,181,52,10,42,129,112,17,28.7292817679558,5.524861878453039,23.204419889502763,71.27071823204419,61.87845303867403,9.392265193370166
E00067803,167,48,12,36,119,102,17,28.74251497005988,7.18562874251497,21.55688622754491,71.25748502994011,61.07784431137725,10.179640718562874
E00067804,169,47,13,34,122,109,13,27.810650887573964,7.6923076923076925,20.118343195266274,72.18934911242604,64.49704142011834,7.6923076923076925
E00067805,148,42,10,32,106,94,12,28.37837837837838,6.756756756756757,21.62162162162162,71.62162162162163,63.51351351351351,8.108108108108109
E00067806,175,58,16,42,117,105,12,33.14285714285714,9.142857142857142,24,66.85714285714286,60,6.857142857142858
E00067807,158,57,24,33,101,91,10,36.075949367088604,15.18987341772152,20.88607594936709,63.92405063291139,57.59493670886076,6.329113924050633
E00067808,167,64,24,40,103,82,21,38.32335329341318,14.37125748502994,23.952095808383234,61.67664670658682,49.101796407185624,12.574850299401197
E00067810,117,42,14,28,75,65,10,35.8974358974359,11.965811965811966,23.931623931623932,64.1025641025641,55.55555555555556,8.547008547008547
E00067811,209,52,15,37,157,142,15,24.880382775119617,7.177033492822966,17.703349282296653,75.11961722488039,67.94258373205741,7.177033492822966
E00067812,205,72,25,47,133,109,24,35.12195121951219,12.195121951219512,22.926829268292686,64.8780487804878,53.170731707317074,11.707317073170733
E00067813,198,49,17,32,149,132,17,24.747474747474747,8.585858585858585,16.161616161616163,75.25252525252525,66.66666666666666,8.585858585858585
E00067814,157,59,14,45,98,85,13,37.57961783439491,8.9171974522293,28.662420382165603,62.42038216560509,54.14012738853503,8.280254777070063
E00067815,228,70,19,51,158,138,20,30.701754385964914,8.333333333333332,22.36842105263158,69.2982456140351,60.526315789473685,8.771929824561402
E00067816,172,56,21,35,116,99,17,32.55813953488372,12.209302325581394,20.348837209302324,67.44186046511628,57.55813953488372,9.883720930232558
E00067817,147,47,11,36,100,94,6,31.97278911564626,7.482993197278912,24.489795918367346,68.02721088435374,63.94557823129252,4.081632653061225
E00067818,134,47,12,35,87,77,10,35.07462686567165,8.955223880597014,26.119402985074625,64.92537313432835,57.46268656716418,7.462686567164178
E00067819,321,101,31,70,220,200,20,31.464174454828658,9.657320872274143,21.806853582554517,68.53582554517133,62.30529595015576,6.230529595015576
E00067820,132,36,9,27,96,85,11,27.27272727272727,6.8181818181818175,20.454545454545457,72.72727272727273,64.39393939393939,8.333333333333332
E00067821,120,42,15,27,78,71,7,35,12.5,22.5,65,59.166666666666664,5.833333333333333
E00067822,117,40,7,33,77,69,8,34.18803418803419,5.982905982905983,28.205128205128204,65.8119658119658,58.97435897435898,6.837606837606838
E00067823,153,47,8,39,106,95,11,30.718954248366014,5.228758169934641,25.49019607843137,69.28104575163398,62.091503267973856,7.18954248366013
E00067824,151,47,17,30,104,90,14,31.125827814569533,11.258278145695364,19.867549668874172,68.87417218543047,59.60264900662252,9.271523178807946
E00067825,159,43,9,34,116,96,20,27.044025157232703,5.660377358490567,21.38364779874214,72.95597484276729,60.37735849056604,12.578616352201259
E00067826,252,60,19,41,192,170,22,23.809523809523807,7.5396825396825395,16.26984126984127,76.19047619047619,67.46031746031747,8.73015873015873
E00067828,235,63,22,41,172,139,33,26.80851063829787,9.361702127659575,17.4468085106383,73.19148936170212,59.148936170212764,14.042553191489363
E00067829,156,46,13,33,110,94,16,29.48717948717949,8.333333333333332,21.153846153846153,70.51282051282051,60.256410256410255,10.256410256410255
E00067830,136,39,16,23,97,77,20,28.676470588235293,11.76470588235294,16.911764705882355,71.32352941176471,56.61764705882353,14.705882352941178
E00067831,181,55,11,44,126,108,18,30.386740331491712,6.077348066298343,24.30939226519337,69.61325966850829,59.66850828729282,9.94475138121547
E00067832,104,42,7,35,62,55,7,40.38461538461539,6.730769230769231,33.65384615384615,59.61538461538461,52.88461538461539,6.730769230769231
E00067833,251,91,41,50,160,129,31,36.254980079681275,16.334661354581673,19.9203187250996,63.745019920318725,51.39442231075697,12.350597609561753
E00067834,167,61,23,38,106,79,27,36.52694610778443,13.77245508982036,22.75449101796407,63.47305389221557,47.30538922155689,16.16766467065868
E00067835,150,52,18,34,98,80,18,34.66666666666667,12,22.666666666666664,65.33333333333333,53.333333333333336,12
E00067836,180,51,22,29,129,99,30,28.333333333333332,12.222222222222221,16.11111111111111,71.66666666666667,55.00000000000001,16.666666666666664
E00067837,144,49,14,35,95,81,14,34.02777777777778,9.722222222222223,24.305555555555554,65.97222222222221,56.25,9.722222222222223
E00067838,127,31,7,24,96,81,15,24.409448818897637,5.511811023622047,18.89763779527559,75.59055118110236,63.77952755905512,11.811023622047244
E00067839,150,53,16,37,97,83,14,35.333333333333336,10.666666666666668,24.666666666666668,64.66666666666666,55.333333333333336,9.333333333333334
E00067840,104,27,7,20,77,63,14,25.961538461538463,6.730769230769231,19.230769230769234,74.03846153846155,60.57692307692307,13.461538461538462
E00067841,194,65,22,43,129,110,19,33.50515463917525,11.34020618556701,22.164948453608247,66.49484536082474,56.70103092783505,9.793814432989691
E00067843,162,52,20,32,110,89,21,32.098765432098766,12.345679012345679,19.753086419753085,67.90123456790124,54.93827160493827,12.962962962962962
E00067844,154,49,20,29,105,85,20,31.818181818181817,12.987012987012985,18.83116883116883,68.18181818181817,55.1948051948052,12.987012987012985
E00067845,168,53,18,35,115,101,14,31.547619047619047,10.714285714285714,20.833333333333336,68.45238095238095,60.11904761904761,8.333333333333332
E00067846,165,60,10,50,105,84,21,36.36363636363637,6.0606060606060606,30.303030303030305,63.63636363636363,50.90909090909091,12.727272727272727
E00067847,183,63,20,43,120,98,22,34.42622950819672,10.92896174863388,23.497267759562842,65.57377049180327,53.551912568306015,12.021857923497267
E00067848,226,66,20,46,160,132,28,29.20353982300885,8.849557522123893,20.353982300884958,70.79646017699115,58.4070796460177,12.389380530973451
E00067849,138,48,16,32,90,69,21,34.78260869565217,11.594202898550725,23.18840579710145,65.21739130434783,50,15.217391304347828
E00067850,123,40,13,27,83,68,15,32.52032520325203,10.569105691056912,21.951219512195124,67.47967479674797,55.28455284552846,12.195121951219512
E00067851,146,44,8,36,102,93,9,30.136986301369863,5.47945205479452,24.65753424657534,69.86301369863014,63.6986301369863,6.164383561643835
E00067852,141,45,16,29,96,71,25,31.914893617021278,11.347517730496454,20.56737588652482,68.08510638297872,50.35460992907801,17.73049645390071
E00067853,297,61,20,41,236,176,60,20.53872053872054,6.7340067340067336,13.804713804713806,79.46127946127946,59.25925925925925,20.2020202020202
E00067854,144,38,5,33,106,94,12,26.38888888888889,3.4722222222222223,22.916666666666664,73.61111111111111,65.27777777777779,8.333333333333332
E00067855,119,33,14,19,86,70,16,27.73109243697479,11.76470588235294,15.966386554621847,72.26890756302521,58.82352941176471,13.445378151260504
E00067856,134,31,8,23,103,84,19,23.134328358208954,5.970149253731343,17.16417910447761,76.86567164179104,62.68656716417911,14.17910447761194
E00067857,132,26,13,13,106,96,10,19.696969696969695,9.848484848484848,9.848484848484848,80.3030303030303,72.72727272727273,7.575757575757576
E00067858,161,54,13,41,107,88,19,33.54037267080746,8.074534161490684,25.465838509316768,66.45962732919256,54.6583850931677,11.801242236024844
E00067859,153,50,15,35,103,96,7,32.6797385620915,9.803921568627452,22.875816993464053,67.3202614379085,62.745098039215684,4.57516339869281
E00067860,160,56,19,37,104,93,11,35,11.875,23.125,65,58.12500000000001,6.875000000000001
E00067861,186,94,23,71,92,84,8,50.53763440860215,12.365591397849462,38.17204301075269,49.46236559139785,45.16129032258064,4.301075268817205
E00067862,167,63,20,43,104,95,9,37.72455089820359,11.976047904191617,25.748502994011975,62.27544910179641,56.886227544910184,5.389221556886228
E00067863,137,52,16,36,85,77,8,37.95620437956204,11.678832116788321,26.277372262773724,62.04379562043796,56.20437956204379,5.839416058394161
E00067864,161,34,9,25,127,114,13,21.11801242236025,5.590062111801243,15.527950310559005,78.88198757763976,70.80745341614907,8.074534161490684
E00067865,120,29,11,18,91,79,12,24.166666666666668,9.166666666666666,15,75.83333333333333,65.83333333333333,10
E00067866,147,50,16,34,97,87,10,34.01360544217687,10.884353741496598,23.12925170068027,65.98639455782312,59.183673469387756,6.802721088435375
E00067867,174,54,19,35,120,100,20,31.03448275862069,10.919540229885058,20.114942528735632,68.96551724137932,57.47126436781609,11.494252873563218
E00067868,166,65,16,49,101,87,14,39.1566265060241,9.63855421686747,29.518072289156628,60.8433734939759,52.40963855421686,8.433734939759036
E00067869,145,41,21,20,104,96,8,28.27586206896552,14.482758620689657,13.793103448275861,71.72413793103448,66.20689655172414,5.517241379310345
E00067870,97,32,9,23,65,57,8,32.98969072164948,9.278350515463918,23.711340206185564,67.0103092783505,58.76288659793815,8.24742268041237
E00067871,123,47,12,35,76,64,12,38.21138211382114,9.75609756097561,28.455284552845526,61.78861788617886,52.03252032520326,9.75609756097561
E00067872,88,38,17,21,50,47,3,43.18181818181818,19.318181818181817,23.863636363636363,56.81818181818182,53.40909090909091,3.4090909090909087
E00067873,189,56,15,41,133,120,13,29.629629629629626,7.936507936507936,21.693121693121693,70.37037037037037,63.49206349206349,6.878306878306878
E00067874,139,49,16,33,90,72,18,35.25179856115108,11.510791366906476,23.741007194244602,64.74820143884892,51.798561151079134,12.949640287769784
E00067875,117,44,17,27,73,66,7,37.60683760683761,14.529914529914532,23.076923076923077,62.39316239316239,56.41025641025641,5.982905982905983
E00067876,117,40,9,31,77,73,4,34.18803418803419,7.6923076923076925,26.495726495726498,65.8119658119658,62.39316239316239,3.418803418803419
E00067877,159,65,21,44,94,84,10,40.88050314465409,13.20754716981132,27.67295597484277,59.11949685534591,52.83018867924528,6.289308176100629
E00067878,168,46,19,27,122,106,16,27.380952380952383,11.30952380952381,16.071428571428573,72.61904761904762,63.095238095238095,9.523809523809524
E00067879,253,72,23,49,181,163,18,28.458498023715418,9.090909090909092,19.367588932806324,71.54150197628458,64.42687747035573,7.114624505928854
E00067880,123,42,16,26,81,68,13,34.146341463414636,13.008130081300814,21.138211382113823,65.85365853658537,55.28455284552846,10.569105691056912
E00067881,163,46,11,35,117,109,8,28.22085889570552,6.748466257668712,21.472392638036812,71.77914110429448,66.87116564417178,4.9079754601226995
E00067882,145,44,10,34,101,92,9,30.344827586206897,6.896551724137931,23.448275862068964,69.6551724137931,63.44827586206897,6.206896551724138
E00067883,126,45,11,34,81,73,8,35.714285714285715,8.73015873015873,26.984126984126984,64.28571428571429,57.936507936507944,6.349206349206349
E00067884,98,39,15,24,59,51,8,39.795918367346935,15.306122448979592,24.489795918367346,60.204081632653065,52.04081632653062,8.16326530612245
E00067885,150,58,19,39,92,83,9,38.666666666666664,12.666666666666668,26,61.33333333333333,55.333333333333336,6
E00067886,133,41,13,28,92,78,14,30.82706766917293,9.774436090225564,21.052631578947366,69.17293233082707,58.64661654135338,10.526315789473683
E00067887,179,61,19,42,118,102,16,34.07821229050279,10.614525139664805,23.463687150837988,65.92178770949721,56.98324022346368,8.938547486033519
E00067888,205,58,19,39,147,125,22,28.292682926829265,9.268292682926829,19.024390243902438,71.70731707317073,60.97560975609756,10.731707317073171
E00067889,184,52,14,38,132,114,18,28.26086956521739,7.608695652173914,20.652173913043477,71.73913043478261,61.95652173913043,9.782608695652174
E00067890,136,50,14,36,86,76,10,36.76470588235294,10.294117647058822,26.47058823529412,63.23529411764706,55.88235294117647,7.352941176470589
E00067891,147,60,20,40,87,78,9,40.816326530612244,13.60544217687075,27.2108843537415,59.183673469387756,53.06122448979592,6.122448979591836
E00067892,124,47,16,31,77,68,9,37.903225806451616,12.903225806451612,25,62.096774193548384,54.83870967741935,7.258064516129033
E00067893,104,32,9,23,72,66,6,30.76923076923077,8.653846153846153,22.115384615384613,69.23076923076923,63.46153846153846,5.769230769230769
E00067894,134,42,8,34,92,82,10,31.343283582089555,5.970149253731343,25.37313432835821,68.65671641791045,61.19402985074627,7.462686567164178
E00067895,106,41,6,35,65,56,9,38.67924528301887,5.660377358490567,33.0188679245283,61.32075471698113,52.83018867924528,8.49056603773585
E00067896,156,52,16,36,104,92,12,33.33333333333333,10.256410256410255,23.076923076923077,66.66666666666666,58.97435897435898,7.6923076923076925
E00067897,150,52,19,33,98,82,16,34.66666666666667,12.666666666666668,22,65.33333333333333,54.666666666666664,10.666666666666668
E00067898,75,26,8,18,49,43,6,34.66666666666667,10.666666666666668,24,65.33333333333333,57.333333333333336,8
E00067899,155,42,5,37,113,102,11,27.09677419354839,3.225806451612903,23.870967741935484,72.90322580645162,65.80645161290323,7.096774193548387
E00067900,178,62,19,43,116,101,15,34.831460674157306,10.674157303370785,24.15730337078652,65.1685393258427,56.74157303370787,8.426966292134832
E00067901,108,35,10,25,73,63,10,32.407407407407405,9.25925925925926,23.14814814814815,67.5925925925926,58.333333333333336,9.25925925925926
E00067902,119,39,11,28,80,68,12,32.773109243697476,9.243697478991598,23.52941176470588,67.22689075630252,57.14285714285714,10.084033613445378
E00067903,170,65,19,46,105,91,14,38.23529411764706,11.176470588235295,27.058823529411764,61.76470588235294,53.529411764705884,8.235294117647058
E00067904,146,53,17,36,93,72,21,36.3013698630137,11.643835616438356,24.65753424657534,63.6986301369863,49.31506849315068,14.383561643835616
E00067905,170,52,13,39,118,106,12,30.58823529411765,7.647058823529412,22.941176470588236,69.41176470588235,62.35294117647059,7.0588235294117645
E00067906,198,63,20,43,135,110,25,31.818181818181817,10.1010101010101,21.71717171717172,68.18181818181817,55.55555555555556,12.626262626262626
E00067907,146,48,13,35,98,85,13,32.87671232876712,8.904109589041095,23.972602739726025,67.12328767123287,58.21917808219178,8.904109589041095
E00067908,188,59,23,36,129,104,25,31.382978723404253,12.23404255319149,19.148936170212767,68.61702127659575,55.319148936170215,13.297872340425531
E00067909,122,46,21,25,76,59,17,37.704918032786885,17.21311475409836,20.491803278688526,62.295081967213115,48.36065573770492,13.934426229508196
E00067910,138,55,18,37,83,67,16,39.85507246376812,13.043478260869565,26.811594202898554,60.14492753623188,48.55072463768116,11.594202898550725
E00067911,165,52,14,38,113,93,20,31.515151515151512,8.484848484848486,23.03030303030303,68.48484848484848,56.36363636363636,12.121212121212121
E00067912,179,65,22,43,114,95,19,36.312849162011176,12.290502793296088,24.022346368715084,63.687150837988824,53.072625698324025,10.614525139664805
E00067913,210,72,26,46,138,108,30,34.285714285714285,12.380952380952381,21.904761904761905,65.71428571428571,51.42857142857142,14.285714285714285
E00067914,93,32,10,22,61,53,8,34.40860215053764,10.75268817204301,23.655913978494624,65.59139784946237,56.98924731182796,8.60215053763441
E00067915,73,23,12,11,50,36,14,31.506849315068493,16.43835616438356,15.068493150684931,68.4931506849315,49.31506849315068,19.17808219178082
E00067916,137,53,17,36,84,68,16,38.68613138686132,12.408759124087592,26.277372262773724,61.31386861313869,49.63503649635037,11.678832116788321
E00067917,137,49,24,25,88,67,21,35.76642335766424,17.51824817518248,18.248175182481752,64.23357664233576,48.9051094890511,15.328467153284672
E00170122,47,14,8,6,33,26,7,29.78723404255319,17.02127659574468,12.76595744680851,70.2127659574468,55.319148936170215,14.893617021276595
E00170123,284,237,198,39,47,37,10,83.45070422535211,69.71830985915493,13.732394366197184,16.549295774647888,13.028169014084506,3.5211267605633805
E00170124,242,200,159,41,42,30,12,82.64462809917356,65.70247933884298,16.94214876033058,17.355371900826448,12.396694214876034,4.958677685950414
E00170126,187,53,20,33,134,120,14,28.342245989304814,10.695187165775401,17.647058823529413,71.65775401069519,64.171122994652407,7.4866310160427805
E00170127,147,61,26,35,86,71,15,41.49659863945578,17.687074829931973,23.809523809523807,58.50340136054422,48.29931972789115,10.204081632653061
E00170128,98,32,13,19,66,56,10,32.6530612244898,13.26530612244898,19.387755102040817,67.3469387755102,57.14285714285714,10.204081632653061
E00170129,148,35,13,22,113,93,20,23.64864864864865,8.783783783783784,14.864864864864865,76.35135135135135,62.83783783783784,13.513513513513514
E00170130,136,39,15,24,97,89,8,28.676470588235293,11.029411764705882,17.647058823529413,71.32352941176471,65.44117647058823,5.88235294117647
E00170132,111,34,12,22,77,64,13,30.630630630630627,10.81081081081081,19.81981981981982,69.36936936936937,57.65765765765766,11.711711711711711
E00170133,122,49,16,33,73,61,12,40.16393442622951,13.114754098360656,27.049180327868854,59.83606557377049,50,9.836065573770492
E00170134,155,45,24,21,110,95,15,29.03225806451613,15.483870967741936,13.548387096774196,70.96774193548387,61.29032258064516,9.67741935483871
E00170137,149,32,6,26,117,98,19,21.476510067114095,4.026845637583892,17.449664429530202,78.52348993288591,65.77181208053692,12.751677852348994
E00170138,146,50,16,34,96,90,6,34.24657534246575,10.95890410958904,23.28767123287671,65.75342465753424,61.64383561643836,4.10958904109589
E00170140,91,28,12,16,63,50,13,30.76923076923077,13.186813186813188,17.582417582417584,69.23076923076923,54.94505494505495,14.285714285714285
E00170141,107,26,17,9,81,74,7,24.299065420560748,15.887850467289718,8.411214953271028,75.70093457943925,69.1588785046729,6.5420560747663545
E00170142,127,32,5,27,95,87,8,25.196850393700785,3.937007874015748,21.25984251968504,74.80314960629921,68.50393700787401,6.299212598425196
E00170143,139,35,12,23,104,92,12,25.179856115107913,8.633093525179856,16.546762589928058,74.82014388489209,66.18705035971223,8.633093525179856
E00170144,160,47,16,31,113,98,15,29.375,10,19.375,70.625,61.25000000000001,9.375
E00170145,137,26,3,23,111,94,17,18.97810218978102,2.18978102189781,16.78832116788321,81.02189781021897,68.61313868613139,12.408759124087592
E00170146,118,29,9,20,89,80,9,24.576271186440678,7.627118644067797,16.94915254237288,75.42372881355932,67.79661016949152,7.627118644067797
E00170147,117,44,29,15,73,64,9,37.60683760683761,24.786324786324787,12.82051282051282,62.39316239316239,54.700854700854705,7.6923076923076925
E00170148,92,31,10,21,61,50,11,33.69565217391305,10.869565217391305,22.82608695652174,66.30434782608695,54.347826086956516,11.956521739130435
E00170149,102,22,8,14,80,72,8,21.568627450980394,7.8431372549019605,13.725490196078432,78.43137254901961,70.58823529411765,7.8431372549019605
E00170150,54,19,14,5,35,33,2,35.18518518518518,25.925925925925924,9.25925925925926,64.81481481481481,61.111111111111114,3.7037037037037033
E00170151,162,42,12,30,120,102,18,25.925925925925924,7.4074074074074066,18.51851851851852,74.07407407407408,62.96296296296296,11.11111111111111
E00170152,191,57,13,44,134,124,10,29.84293193717277,6.806282722513089,23.036649214659686,70.15706806282722,64.92146596858639,5.2356020942408374
E00170154,52,10,4,6,42,30,12,19.230769230769234,7.6923076923076925,11.538461538461538,80.76923076923077,57.692307692307686,23.076923076923077
E00170155,112,36,14,22,76,58,18,32.142857142857146,12.5,19.642857142857142,67.85714285714286,51.78571428571429,16.071428571428573
E00170157,191,67,21,46,124,88,36,35.07853403141361,10.99476439790576,24.083769633507853,64.92146596858639,46.07329842931937,18.848167539267017
E00185467,123,56,35,21,67,56,11,45.52845528455284,28.455284552845526,17.073170731707318,54.47154471544715,45.52845528455284,8.94308943089431
E00185468,171,53,26,27,118,96,22,30.994152046783626,15.204678362573098,15.789473684210526,69.00584795321637,56.14035087719298,12.865497076023392
E00185470,118,79,53,26,39,33,6,66.94915254237289,44.91525423728814,22.033898305084744,33.05084745762712,27.966101694915253,5.084745762711865
E00185471,184,57,19,38,127,103,24,30.978260869565215,10.326086956521738,20.652173913043477,69.02173913043478,55.97826086956522,13.043478260869565
E00185472,108,26,9,17,82,64,18,24.074074074074073,8.333333333333332,15.74074074074074,75.92592592592592,59.25925925925925,16.666666666666664
E00185477,104,22,10,12,82,76,6,21.153846153846153,9.615384615384617,11.538461538461538,78.84615384615384,73.07692307692307,5.769230769230769
E00185478,142,71,40,31,71,63,8,50,28.169014084507044,21.830985915492956,50,44.36619718309859,5.633802816901409
E00185479,194,36,14,22,158,129,29,18.556701030927837,7.216494845360824,11.34020618556701,81.44329896907216,66.49484536082474,14.948453608247423
E00185480,172,58,17,41,114,98,16,33.72093023255814,9.883720930232558,23.837209302325583,66.27906976744185,56.97674418604651,9.30232558139535
E00185482,194,46,10,36,148,136,12,23.711340206185564,5.154639175257731,18.556701030927837,76.28865979381443,70.10309278350515,6.185567010309279
E00185484,218,94,62,32,124,111,13,43.11926605504588,28.440366972477065,14.678899082568808,56.88073394495413,50.917431192660544,5.963302752293578
E00185485,146,31,8,23,115,96,19,21.232876712328768,5.47945205479452,15.753424657534246,78.76712328767124,65.75342465753424,13.013698630136986
E00185486,52,16,6,10,36,33,3,30.76923076923077,11.538461538461538,19.230769230769234,69.23076923076923,63.46153846153846,5.769230769230769
E00185488,12,5,1,4,7,7,0,41.66666666666667,8.333333333333332,33.33333333333333,58.333333333333336,58.333333333333336,0
E00185491,203,57,28,29,146,128,18,28.078817733990146,13.793103448275861,14.285714285714285,71.92118226600985,63.05418719211823,8.866995073891626
E00185493,55,32,8,24,23,23,0,58.18181818181818,14.545454545454545,43.63636363636363,41.81818181818181,41.81818181818181,0
E00185494,63,19,7,12,44,42,2,30.158730158730158,11.11111111111111,19.047619047619047,69.84126984126983,66.66666666666666,3.1746031746031744
E00185498,90,58,42,16,32,31,1,64.44444444444444,46.666666666666664,17.77777777777778,35.55555555555556,34.44444444444444,1.1111111111111112
E00185503,287,81,24,57,206,180,26,28.222996515679444,8.362369337979095,19.860627177700348,71.77700348432056,62.7177700348432,9.059233449477352
E00185504,72,21,10,11,51,40,11,29.166666666666668,13.88888888888889,15.277777777777779,70.83333333333334,55.55555555555556,15.277777777777779
E00185506,158,58,30,28,100,91,9,36.708860759493675,18.9873417721519,17.72151898734177,63.29113924050633,57.59493670886076,5.69620253164557
E00185509,187,49,14,35,138,117,21,26.203208556149733,7.4866310160427805,18.71657754010695,73.79679144385027,62.56684491978609,11.229946524064172
E00185510,70,38,26,12,32,29,3,54.285714285714285,37.142857142857146,17.142857142857142,45.714285714285715,41.42857142857143,4.285714285714286
E00185511,82,69,38,31,13,9,4,84.14634146341463,46.34146341463415,37.80487804878049,15.853658536585366,10.975609756097562,4.878048780487805
E00185512,183,58,14,44,125,94,31,31.693989071038253,7.650273224043716,24.043715846994534,68.30601092896174,51.36612021857923,16.939890710382514
E00185514,288,62,21,41,226,195,31,21.52777777777778,7.291666666666667,14.23611111111111,78.47222222222221,67.70833333333334,10.76388888888889
E00185515,162,91,55,36,71,60,11,56.17283950617284,33.95061728395062,22.22222222222222,43.82716049382716,37.03703703703704,6.790123456790123
E00185516,59,17,9,8,42,28,14,28.8135593220339,15.254237288135593,13.559322033898304,71.1864406779661,47.45762711864407,23.728813559322035
E00185520,125,109,91,18,16,16,0,87.2,72.8,14.399999999999999,12.8,12.8,0
E00185526,88,30,8,22,58,48,10,34.090909090909086,9.090909090909092,25,65.9090909090909,54.54545454545454,11.363636363636363
E00185530,73,43,28,15,30,28,2,58.9041095890411,38.35616438356164,20.54794520547945,41.0958904109589,38.35616438356164,2.73972602739726
E00185531,272,90,38,52,182,158,24,33.088235294117645,13.970588235294118,19.11764705882353,66.91176470588235,58.08823529411765,8.823529411764707
E00185533,133,54,23,31,79,71,8,40.6015037593985,17.293233082706767,23.308270676691727,59.3984962406015,53.383458646616546,6.015037593984962
E00185536,152,48,12,36,104,91,13,31.57894736842105,7.894736842105263,23.684210526315788,68.42105263157895,59.86842105263158,8.552631578947368
E00185539,128,60,35,25,68,56,12,46.875,27.34375,19.53125,53.125,43.75,9.375
E00185540,100,22,7,15,78,62,16,22,7.000000000000001,15,78,62,16
E00185541,230,64,25,39,166,128,38,27.82608695652174,10.869565217391305,16.956521739130434,72.17391304347827,55.65217391304348,16.52173913043478
E00185544,278,85,34,51,193,167,26,30.575539568345324,12.23021582733813,18.345323741007196,69.42446043165468,60.07194244604317,9.352517985611511
E00185545,69,40,22,18,29,26,3,57.971014492753625,31.88405797101449,26.08695652173913,42.028985507246375,37.68115942028986,4.3478260869565215
E00185546,177,71,22,49,106,96,10,40.11299435028249,12.429378531073446,27.683615819209038,59.887005649717516,54.23728813559322,5.649717514124294
E00185550,72,22,13,9,50,41,9,30.555555555555557,18.055555555555554,12.5,69.44444444444444,56.94444444444444,12.5
E00185552,89,24,7,17,65,49,16,26.96629213483146,7.865168539325842,19.101123595505616,73.03370786516854,55.0561797752809,17.97752808988764
E00185555,61,14,7,7,47,41,6,22.950819672131146,11.475409836065573,11.475409836065573,77.04918032786885,67.21311475409836,9.836065573770492
E00185558,211,42,14,28,169,155,14,19.90521327014218,6.6350710900473935,13.270142180094787,80.09478672985783,73.45971563981043,6.6350710900473935
E00185561,220,54,13,41,166,141,25,24.545454545454547,5.909090909090909,18.636363636363637,75.45454545454545,64.0909090909091,11.363636363636363
E00185562,212,65,25,40,147,131,16,30.660377358490564,11.79245283018868,18.867924528301888,69.33962264150944,61.79245283018868,7.547169811320755
E00185563,185,49,19,30,136,113,23,26.486486486486488,10.27027027027027,16.216216216216218,73.51351351351352,61.08108108108108,12.432432432432433
