OA,ts0590001,ts0590002,ts0590003,ts0590004,ts0590005,ts0590006,ts0590007,ts0590002_PCT,ts0590003_PCT,ts0590004_PCT,ts0590005_PCT,ts0590006_PCT,ts0590007_PCT
E00137070,162,47,13,34,115,103,12,29.01234567901235,8.024691358024691,20.98765432098765,70.98765432098766,63.580246913580254,7.4074074074074066
E00137071,68,27,10,17,41,39,2,39.705882352941174,14.705882352941178,25,60.29411764705882,57.35294117647059,2.941176470588235
E00137072,165,34,7,27,131,110,21,20.606060606060606,4.242424242424243,16.363636363636363,79.39393939393939,66.66666666666666,12.727272727272727
E00137073,125,22,11,11,103,91,12,17.599999999999998,8.799999999999999,8.799999999999999,82.39999999999999,72.8,9.6
E00137074,141,37,8,29,104,95,9,26.24113475177305,5.673758865248227,20.56737588652482,73.75886524822694,67.37588652482269,6.382978723404255
E00137075,160,41,18,23,119,105,14,25.624999999999996,11.25,14.374999999999998,74.375,65.625,8.75
E00137076,173,46,14,32,127,107,20,26.589595375722542,8.092485549132949,18.497109826589593,73.41040462427746,61.849710982658955,11.560693641618498
E00137077,129,33,8,25,96,90,6,25.581395348837212,6.2015503875969,19.379844961240313,74.4186046511628,69.76744186046511,4.651162790697675
E00137078,137,33,8,25,104,89,15,24.087591240875913,5.839416058394161,18.248175182481752,75.91240875912408,64.96350364963503,10.948905109489052
E00137079,198,45,14,31,153,130,23,22.727272727272727,7.07070707070707,15.656565656565657,77.27272727272727,65.65656565656566,11.616161616161616
E00137080,170,52,14,38,118,103,15,30.58823529411765,8.235294117647058,22.35294117647059,69.41176470588235,60.588235294117645,8.823529411764707
E00137081,169,44,13,31,125,105,20,26.035502958579883,7.6923076923076925,18.34319526627219,73.96449704142012,62.1301775147929,11.834319526627219
E00137082,177,44,7,37,133,118,15,24.858757062146893,3.954802259887006,20.903954802259886,75.14124293785311,66.66666666666666,8.47457627118644
E00137083,147,40,12,28,107,95,12,27.2108843537415,8.16326530612245,19.047619047619047,72.78911564625851,64.62585034013605,8.16326530612245
E00137084,299,69,17,52,230,207,23,23.076923076923077,5.68561872909699,17.391304347826086,76.92307692307693,69.23076923076923,7.6923076923076925
E00137085,155,38,7,31,117,106,11,24.516129032258064,4.516129032258064,20,75.48387096774194,68.38709677419355,7.096774193548387
E00137086,210,44,13,31,166,141,25,20.952380952380953,6.190476190476191,14.761904761904763,79.04761904761905,67.14285714285714,11.904761904761903
E00137087,109,26,7,19,83,75,8,23.853211009174313,6.422018348623854,17.431192660550458,76.14678899082568,68.80733944954129,7.339449541284404
E00137088,145,25,5,20,120,107,13,17.24137931034483,3.4482758620689653,13.793103448275861,82.75862068965517,73.79310344827587,8.96551724137931
E00137089,142,30,6,24,112,105,7,21.12676056338028,4.225352112676056,16.901408450704224,78.87323943661971,73.94366197183099,4.929577464788732
E00137090,170,40,14,26,130,111,19,23.52941176470588,8.235294117647058,15.294117647058824,76.47058823529412,65.29411764705883,11.176470588235295
E00137091,170,51,17,34,119,101,18,30,10,20,70,59.411764705882355,10.588235294117647
E00137092,166,54,17,37,112,100,12,32.53012048192771,10.240963855421686,22.289156626506024,67.46987951807229,60.24096385542169,7.228915662650602
E00137093,192,55,17,38,137,119,18,28.645833333333332,8.854166666666668,19.791666666666664,71.35416666666666,61.979166666666664,9.375
E00137094,191,46,20,26,145,111,34,24.083769633507853,10.471204188481675,13.612565445026178,75.91623036649214,58.1151832460733,17.801047120418847
E00137096,81,28,13,15,53,48,5,34.5679012345679,16.049382716049383,18.51851851851852,65.4320987654321,59.25925925925925,6.172839506172839
E00137097,133,25,0,25,108,90,18,18.796992481203006,0,18.796992481203006,81.203007518797,67.66917293233082,13.533834586466165
E00137098,165,37,14,23,128,109,19,22.424242424242426,8.484848484848486,13.939393939393941,77.57575757575758,66.06060606060606,11.515151515151516
E00137099,124,33,8,25,91,73,18,26.61290322580645,6.451612903225806,20.161290322580644,73.38709677419355,58.87096774193549,14.516129032258066
E00137100,170,49,11,38,121,108,13,28.823529411764703,6.470588235294119,22.35294117647059,71.17647058823529,63.52941176470588,7.647058823529412
E00137101,146,41,12,29,105,89,16,28.08219178082192,8.21917808219178,19.863013698630137,71.91780821917808,60.95890410958904,10.95890410958904
E00137102,130,42,10,32,88,73,15,32.30769230769231,7.6923076923076925,24.615384615384617,67.6923076923077,56.15384615384615,11.538461538461538
E00137103,154,43,11,32,111,95,16,27.92207792207792,7.142857142857142,20.77922077922078,72.07792207792207,61.68831168831169,10.38961038961039
E00137104,114,20,4,16,94,81,13,17.543859649122805,3.508771929824561,14.035087719298245,82.45614035087719,71.05263157894737,11.403508771929824
E00137105,159,39,10,29,120,104,16,24.528301886792452,6.289308176100629,18.238993710691823,75.47169811320755,65.40880503144653,10.062893081761008
E00137106,133,33,7,26,100,86,14,24.81203007518797,5.263157894736842,19.548872180451127,75.18796992481202,64.66165413533834,10.526315789473683
E00137107,208,54,12,42,154,132,22,25.961538461538463,5.769230769230769,20.192307692307693,74.03846153846155,63.46153846153846,10.576923076923077
E00137108,107,26,5,21,81,71,10,24.299065420560748,4.672897196261682,19.626168224299064,75.70093457943925,66.35514018691589,9.345794392523365
E00137109,165,34,17,17,131,119,12,20.606060606060606,10.303030303030303,10.303030303030303,79.39393939393939,72.12121212121212,7.2727272727272725
E00137110,122,34,11,23,88,77,11,27.86885245901639,9.01639344262295,18.852459016393443,72.1311475409836,63.114754098360656,9.01639344262295
E00137111,181,37,6,31,144,131,13,20.441988950276244,3.314917127071823,17.12707182320442,79.55801104972376,72.37569060773481,7.18232044198895
E00137112,144,39,13,26,105,96,9,27.083333333333332,9.027777777777777,18.055555555555554,72.91666666666666,66.66666666666666,6.25
E00137113,182,38,5,33,144,115,29,20.87912087912088,2.7472527472527473,18.13186813186813,79.12087912087912,63.18681318681318,15.934065934065933
E00137114,234,48,16,32,186,174,12,20.51282051282051,6.837606837606838,13.675213675213676,79.48717948717949,74.35897435897436,5.128205128205128
E00137115,162,40,10,30,122,106,16,24.691358024691358,6.172839506172839,18.51851851851852,75.30864197530865,65.4320987654321,9.876543209876543
E00137116,156,36,13,23,120,112,8,23.076923076923077,8.333333333333332,14.743589743589745,76.92307692307693,71.7948717948718,5.128205128205128
E00137117,158,36,9,27,122,107,15,22.78481012658228,5.69620253164557,17.088607594936708,77.21518987341773,67.72151898734177,9.49367088607595
E00137118,109,29,7,22,80,75,5,26.605504587155966,6.422018348623854,20.18348623853211,73.39449541284404,68.80733944954129,4.587155963302752
E00137119,190,46,13,33,144,132,12,24.210526315789473,6.842105263157896,17.36842105263158,75.78947368421053,69.47368421052632,6.315789473684211
E00137120,143,30,7,23,113,100,13,20.97902097902098,4.895104895104895,16.083916083916083,79.02097902097903,69.93006993006993,9.090909090909092
E00137121,164,37,9,28,127,118,9,22.5609756097561,5.487804878048781,17.073170731707318,77.4390243902439,71.95121951219512,5.487804878048781
E00137122,209,41,14,27,168,147,21,19.617224880382775,6.698564593301436,12.918660287081341,80.38277511961722,70.33492822966507,10.047846889952153
E00137123,194,46,12,34,148,137,11,23.711340206185564,6.185567010309279,17.525773195876287,76.28865979381443,70.61855670103093,5.670103092783505
E00137124,180,46,12,34,134,124,10,25.555555555555554,6.666666666666667,18.88888888888889,74.44444444444444,68.88888888888889,5.555555555555555
E00137125,93,22,7,15,71,66,5,23.655913978494624,7.526881720430108,16.129032258064516,76.34408602150538,70.96774193548387,5.376344086021505
E00137126,191,52,12,40,139,126,13,27.225130890052355,6.282722513089005,20.94240837696335,72.77486910994764,65.96858638743456,6.806282722513089
E00137127,122,38,10,28,84,79,5,31.147540983606557,8.19672131147541,22.950819672131146,68.85245901639344,64.75409836065575,4.098360655737705
E00137128,180,37,8,29,143,131,12,20.555555555555554,4.444444444444445,16.11111111111111,79.44444444444444,72.77777777777777,6.666666666666667
E00137129,133,31,9,22,102,92,10,23.308270676691727,6.7669172932330826,16.541353383458645,76.69172932330827,69.17293233082707,7.518796992481203
E00137130,137,41,13,28,96,83,13,29.927007299270077,9.48905109489051,20.437956204379564,70.07299270072993,60.58394160583942,9.48905109489051
E00137131,159,44,10,34,115,107,8,27.67295597484277,6.289308176100629,21.38364779874214,72.32704402515722,67.29559748427673,5.031446540880504
E00137132,149,34,10,24,115,105,10,22.818791946308725,6.7114093959731544,16.10738255033557,77.18120805369128,70.46979865771812,6.7114093959731544
E00137133,137,28,7,21,109,92,17,20.437956204379564,5.109489051094891,15.328467153284672,79.56204379562044,67.15328467153284,12.408759124087592
E00137134,146,37,9,28,109,103,6,25.34246575342466,6.164383561643835,19.17808219178082,74.65753424657534,70.54794520547945,4.10958904109589
E00137135,139,42,9,33,97,92,5,30.215827338129497,6.474820143884892,23.741007194244602,69.7841726618705,66.18705035971223,3.5971223021582732
E00137136,133,31,10,21,102,96,6,23.308270676691727,7.518796992481203,15.789473684210526,76.69172932330827,72.18045112781954,4.511278195488721
E00137137,155,31,10,21,124,105,19,20,6.451612903225806,13.548387096774196,80,67.74193548387096,12.258064516129032
E00137138,178,45,13,32,133,120,13,25.280898876404496,7.303370786516854,17.97752808988764,74.71910112359551,67.41573033707866,7.303370786516854
E00137139,192,37,11,26,155,137,18,19.270833333333336,5.729166666666666,13.541666666666666,80.72916666666666,71.35416666666666,9.375
E00137140,280,75,24,51,205,182,23,26.785714285714285,8.571428571428571,18.21428571428571,73.21428571428571,65,8.214285714285714
E00137142,83,24,4,20,59,54,5,28.915662650602407,4.819277108433735,24.096385542168676,71.08433734939759,65.06024096385542,6.024096385542169
E00137143,110,35,17,18,75,60,15,31.818181818181817,15.454545454545453,16.363636363636363,68.18181818181817,54.54545454545454,13.636363636363635
E00137144,182,46,17,29,136,126,10,25.274725274725274,9.340659340659341,15.934065934065933,74.72527472527473,69.23076923076923,5.4945054945054945
E00137145,201,49,17,32,152,135,17,24.378109452736318,8.45771144278607,15.92039800995025,75.62189054726367,67.16417910447761,8.45771144278607
E00137146,195,53,12,41,142,122,20,27.17948717948718,6.153846153846154,21.025641025641026,72.82051282051282,62.56410256410256,10.256410256410255
E00137149,167,56,15,41,111,99,12,33.532934131736525,8.982035928143713,24.550898203592812,66.46706586826348,59.281437125748504,7.18562874251497
E00137150,144,36,13,23,108,96,12,25,9.027777777777777,15.972222222222221,75,66.66666666666666,8.333333333333332
E00137151,134,37,8,29,97,78,19,27.611940298507463,5.970149253731343,21.641791044776117,72.38805970149254,58.2089552238806,14.17910447761194
E00137152,206,47,10,37,159,145,14,22.815533980582526,4.854368932038835,17.96116504854369,77.18446601941747,70.3883495145631,6.796116504854369
E00137153,139,40,8,32,99,92,7,28.776978417266186,5.755395683453238,23.021582733812952,71.22302158273382,66.18705035971223,5.0359712230215825
E00137155,89,25,12,13,64,52,12,28.08988764044944,13.48314606741573,14.606741573033707,71.91011235955057,58.42696629213483,13.48314606741573
E00137156,107,24,5,19,83,66,17,22.429906542056074,4.672897196261682,17.75700934579439,77.57009345794393,61.6822429906542,15.887850467289718
E00137157,166,34,11,23,132,120,12,20.481927710843372,6.626506024096386,13.855421686746988,79.51807228915662,72.28915662650603,7.228915662650602
E00137158,151,38,6,32,113,97,16,25.165562913907287,3.9735099337748347,21.192052980132452,74.83443708609272,64.23841059602648,10.596026490066226
E00137159,168,39,14,25,129,114,15,23.214285714285715,8.333333333333332,14.880952380952381,76.78571428571429,67.85714285714286,8.928571428571429
E00137160,137,32,9,23,105,91,14,23.357664233576642,6.569343065693431,16.78832116788321,76.64233576642336,66.42335766423358,10.218978102189782
E00137161,213,44,11,33,169,157,12,20.657276995305164,5.164319248826291,15.492957746478872,79.34272300469483,73.70892018779342,5.633802816901409
E00137162,203,43,13,30,160,142,18,21.182266009852217,6.403940886699508,14.77832512315271,78.81773399014779,69.95073891625616,8.866995073891626
E00137163,143,38,15,23,105,81,24,26.573426573426573,10.48951048951049,16.083916083916083,73.42657342657343,56.64335664335665,16.783216783216783
E00137164,135,40,18,22,95,87,8,29.629629629629626,13.333333333333334,16.296296296296298,70.37037037037037,64.44444444444444,5.9259259259259265
E00137165,158,35,8,27,123,101,22,22.151898734177212,5.063291139240507,17.088607594936708,77.84810126582279,63.92405063291139,13.924050632911392
E00137166,157,40,8,32,117,98,19,25.477707006369428,5.095541401273886,20.382165605095544,74.52229299363057,62.42038216560509,12.101910828025478
E00137167,155,32,10,22,123,109,14,20.64516129032258,6.451612903225806,14.193548387096774,79.35483870967742,70.3225806451613,9.032258064516128
E00137168,112,25,10,15,87,80,7,22.321428571428573,8.928571428571429,13.392857142857142,77.67857142857143,71.42857142857143,6.25
E00137169,236,63,15,48,173,156,17,26.69491525423729,6.3559322033898304,20.33898305084746,73.30508474576271,66.10169491525424,7.203389830508475
E00137170,149,33,9,24,116,104,12,22.14765100671141,6.0402684563758395,16.10738255033557,77.85234899328859,69.79865771812081,8.053691275167784
E00137171,194,46,14,32,148,128,20,23.711340206185564,7.216494845360824,16.49484536082474,76.28865979381443,65.97938144329896,10.309278350515463
E00137172,160,38,8,30,122,110,12,23.75,5,18.75,76.25,68.75,7.5
E00137173,176,41,13,28,135,121,14,23.295454545454543,7.386363636363637,15.909090909090908,76.70454545454545,68.75,7.954545454545454
E00137174,143,32,9,23,111,95,16,22.377622377622377,6.293706293706294,16.083916083916083,77.62237762237763,66.43356643356644,11.188811188811188
E00137175,172,45,10,35,127,110,17,26.16279069767442,5.813953488372093,20.348837209302324,73.83720930232558,63.95348837209303,9.883720930232558
E00137176,152,44,14,30,108,98,10,28.947368421052634,9.210526315789473,19.736842105263158,71.05263157894737,64.47368421052632,6.578947368421052
E00137177,117,29,11,18,88,74,14,24.786324786324787,9.401709401709402,15.384615384615385,75.21367521367522,63.24786324786324,11.965811965811966
E00137178,173,23,5,18,150,131,19,13.294797687861271,2.8901734104046244,10.404624277456648,86.70520231213872,75.72254335260115,10.982658959537572
E00137179,153,42,11,31,111,102,9,27.450980392156865,7.18954248366013,20.26143790849673,72.54901960784314,66.66666666666666,5.88235294117647
E00137180,154,42,17,25,112,101,11,27.27272727272727,11.03896103896104,16.233766233766232,72.72727272727273,65.5844155844156,7.142857142857142
E00137181,153,26,4,22,127,110,17,16.99346405228758,2.6143790849673203,14.37908496732026,83.00653594771242,71.89542483660131,11.11111111111111
E00137182,166,32,7,25,134,116,18,19.27710843373494,4.216867469879518,15.060240963855422,80.72289156626506,69.87951807228916,10.843373493975903
E00137183,246,59,19,40,187,164,23,23.983739837398375,7.723577235772358,16.260162601626014,76.01626016260163,66.66666666666666,9.34959349593496
E00137184,153,26,11,15,127,112,15,16.99346405228758,7.18954248366013,9.803921568627452,83.00653594771242,73.20261437908496,9.803921568627452
E00137185,177,43,13,30,134,119,15,24.293785310734464,7.344632768361582,16.94915254237288,75.70621468926554,67.2316384180791,8.47457627118644
E00137186,219,58,13,45,161,136,25,26.48401826484018,5.93607305936073,20.54794520547945,73.51598173515981,62.10045662100456,11.415525114155251
E00137187,139,35,12,23,104,93,11,25.179856115107913,8.633093525179856,16.546762589928058,74.82014388489209,66.90647482014388,7.913669064748201
E00137188,151,45,16,29,106,93,13,29.80132450331126,10.596026490066226,19.205298013245034,70.19867549668875,61.58940397350994,8.609271523178808
E00137189,150,34,6,28,116,107,9,22.666666666666664,4,18.666666666666668,77.33333333333333,71.33333333333334,6
E00137190,168,46,8,38,122,109,13,27.380952380952383,4.761904761904762,22.61904761904762,72.61904761904762,64.88095238095238,7.738095238095238
E00137191,133,26,5,21,107,97,10,19.548872180451127,3.7593984962406015,15.789473684210526,80.45112781954887,72.93233082706767,7.518796992481203
E00137192,216,52,17,35,164,150,14,24.074074074074073,7.87037037037037,16.203703703703702,75.92592592592592,69.44444444444444,6.481481481481481
E00137193,125,17,8,9,108,95,13,13.600000000000001,6.4,7.199999999999999,86.4,76,10.4
E00137194,104,13,4,9,91,79,12,12.5,3.8461538461538463,8.653846153846153,87.5,75.96153846153845,11.538461538461538
E00137195,144,35,7,28,109,95,14,24.305555555555554,4.861111111111112,19.444444444444446,75.69444444444444,65.97222222222221,9.722222222222223
E00137196,119,20,5,15,99,90,9,16.80672268907563,4.201680672268908,12.605042016806722,83.19327731092437,75.63025210084034,7.563025210084033
E00137197,141,41,14,27,100,86,14,29.078014184397162,9.929078014184398,19.148936170212767,70.92198581560284,60.99290780141844,9.929078014184398
E00137198,138,39,14,25,99,86,13,28.26086956521739,10.144927536231885,18.115942028985508,71.73913043478261,62.31884057971014,9.420289855072465
E00137199,126,34,13,21,92,79,13,26.984126984126984,10.317460317460316,16.666666666666664,73.01587301587301,62.698412698412696,10.317460317460316
E00137200,165,37,10,27,128,112,16,22.424242424242426,6.0606060606060606,16.363636363636363,77.57575757575758,67.87878787878789,9.696969696969697
E00137201,112,25,9,16,87,77,10,22.321428571428573,8.035714285714286,14.285714285714285,77.67857142857143,68.75,8.928571428571429
E00137202,149,36,9,27,113,102,11,24.161073825503358,6.0402684563758395,18.120805369127517,75.83892617449665,68.45637583892618,7.38255033557047
E00137203,172,50,20,30,122,106,16,29.069767441860467,11.627906976744185,17.441860465116278,70.93023255813954,61.627906976744185,9.30232558139535
E00137204,125,39,5,34,86,77,9,31.2,4,27.200000000000003,68.8,61.6,7.199999999999999
E00137206,169,44,18,26,125,103,22,26.035502958579883,10.650887573964498,15.384615384615385,73.96449704142012,60.946745562130175,13.017751479289942
E00137207,116,28,8,20,88,68,20,24.137931034482758,6.896551724137931,17.24137931034483,75.86206896551724,58.620689655172406,17.24137931034483
E00137208,203,58,19,39,145,119,26,28.57142857142857,9.35960591133005,19.21182266009852,71.42857142857143,58.620689655172406,12.807881773399016
E00137209,196,45,10,35,151,111,40,22.95918367346939,5.1020408163265305,17.857142857142858,77.04081632653062,56.63265306122449,20.408163265306122
E00137210,140,36,11,25,104,85,19,25.71428571428571,7.857142857142857,17.857142857142858,74.28571428571429,60.71428571428571,13.571428571428571
E00137211,107,32,7,25,75,63,12,29.906542056074763,6.5420560747663545,23.364485981308412,70.09345794392523,58.87850467289719,11.214953271028037
E00137213,168,39,14,25,129,112,17,23.214285714285715,8.333333333333332,14.880952380952381,76.78571428571429,66.66666666666666,10.119047619047619
E00137214,150,48,16,32,102,79,23,32,10.666666666666668,21.333333333333336,68,52.666666666666664,15.333333333333332
E00137215,170,69,30,39,101,86,15,40.588235294117645,17.647058823529413,22.941176470588236,59.411764705882355,50.588235294117645,8.823529411764707
E00137216,290,87,33,54,203,161,42,30,11.379310344827587,18.620689655172416,70,55.51724137931034,14.482758620689657
E00137217,154,44,18,26,110,90,20,28.57142857142857,11.688311688311687,16.883116883116884,71.42857142857143,58.44155844155844,12.987012987012985
E00137218,74,26,6,20,48,38,10,35.13513513513514,8.108108108108109,27.027027027027028,64.86486486486487,51.35135135135135,13.513513513513514
E00137219,166,51,16,35,115,97,18,30.72289156626506,9.63855421686747,21.084337349397593,69.27710843373494,58.43373493975904,10.843373493975903
E00137220,143,40,11,29,103,84,19,27.972027972027973,7.6923076923076925,20.27972027972028,72.02797202797203,58.74125874125874,13.286713286713287
E00137221,158,49,16,33,109,88,21,31.0126582278481,10.126582278481013,20.88607594936709,68.9873417721519,55.69620253164557,13.291139240506327
E00137222,127,32,12,20,95,69,26,25.196850393700785,9.448818897637794,15.748031496062993,74.80314960629921,54.330708661417326,20.47244094488189
E00137223,183,59,30,29,124,100,24,32.240437158469945,16.39344262295082,15.846994535519126,67.75956284153006,54.644808743169406,13.114754098360656
E00137224,188,56,13,43,132,119,13,29.78723404255319,6.914893617021277,22.872340425531913,70.2127659574468,63.297872340425535,6.914893617021277
E00137225,155,38,11,27,117,100,17,24.516129032258064,7.096774193548387,17.419354838709676,75.48387096774194,64.51612903225806,10.967741935483872
E00137226,139,31,10,21,108,101,7,22.302158273381295,7.1942446043165464,15.107913669064748,77.6978417266187,72.66187050359713,5.0359712230215825
E00137227,114,35,11,24,79,67,12,30.701754385964914,9.649122807017543,21.052631578947366,69.2982456140351,58.77192982456141,10.526315789473683
E00137228,144,35,13,22,109,96,13,24.305555555555554,9.027777777777777,15.277777777777779,75.69444444444444,66.66666666666666,9.027777777777777
E00137229,178,45,13,32,133,122,11,25.280898876404496,7.303370786516854,17.97752808988764,74.71910112359551,68.53932584269663,6.179775280898876
E00137230,120,28,6,22,92,79,13,23.333333333333332,5,18.333333333333332,76.66666666666667,65.83333333333333,10.833333333333334
E00137232,162,41,12,29,121,113,8,25.308641975308642,7.4074074074074066,17.901234567901234,74.69135802469135,69.75308641975309,4.938271604938271
E00137233,96,28,11,17,68,57,11,29.166666666666668,11.458333333333332,17.708333333333336,70.83333333333334,59.375,11.458333333333332
E00137234,174,36,12,24,138,120,18,20.689655172413794,6.896551724137931,13.793103448275861,79.3103448275862,68.96551724137932,10.344827586206897
E00137235,147,31,11,20,116,109,7,21.08843537414966,7.482993197278912,13.60544217687075,78.91156462585033,74.14965986394559,4.761904761904762
E00137236,131,30,8,22,101,95,6,22.900763358778626,6.106870229007633,16.793893129770993,77.09923664122137,72.51908396946564,4.580152671755725
E00137237,140,28,5,23,112,93,19,20,3.571428571428571,16.428571428571427,80,66.42857142857143,13.571428571428571
E00137238,131,23,4,19,108,99,9,17.557251908396946,3.0534351145038165,14.50381679389313,82.44274809160305,75.57251908396947,6.870229007633588
E00137240,128,33,9,24,95,84,11,25.78125,7.03125,18.75,74.21875,65.625,8.59375
E00137241,156,38,10,28,118,108,10,24.358974358974358,6.41025641025641,17.94871794871795,75.64102564102564,69.23076923076923,6.41025641025641
E00137242,136,30,9,21,106,102,4,22.058823529411764,6.61764705882353,15.441176470588236,77.94117647058823,75,2.941176470588235
E00137243,97,21,1,20,76,69,7,21.649484536082475,1.0309278350515463,20.618556701030926,78.35051546391753,71.1340206185567,7.216494845360824
E00137244,238,55,16,39,183,157,26,23.10924369747899,6.722689075630252,16.386554621848738,76.89075630252101,65.96638655462185,10.92436974789916
E00137245,130,31,8,23,99,86,13,23.846153846153847,6.153846153846154,17.692307692307693,76.15384615384615,66.15384615384615,10
E00137246,163,49,14,35,114,103,11,30.061349693251532,8.588957055214724,21.472392638036812,69.93865030674846,63.190184049079754,6.748466257668712
E00137247,135,30,11,19,105,95,10,22.22222222222222,8.148148148148149,14.074074074074074,77.77777777777779,70.37037037037037,7.4074074074074066
E00137486,214,49,21,28,165,120,45,22.897196261682243,9.813084112149532,13.084112149532709,77.10280373831776,56.074766355140184,21.02803738317757
E00137489,199,55,28,27,144,115,29,27.63819095477387,14.07035175879397,13.5678391959799,72.36180904522614,57.78894472361809,14.572864321608039
E00137491,150,49,20,29,101,72,29,32.666666666666664,13.333333333333334,19.333333333333332,67.33333333333333,48,19.333333333333332
E00137492,166,57,24,33,109,84,25,34.33734939759036,14.457831325301203,19.879518072289155,65.66265060240963,50.602409638554214,15.060240963855422
E00137493,122,30,10,20,92,77,15,24.59016393442623,8.19672131147541,16.39344262295082,75.40983606557377,63.114754098360656,12.295081967213115
E00137494,147,34,14,20,113,80,33,23.12925170068027,9.523809523809524,13.60544217687075,76.87074829931973,54.421768707483,22.448979591836736
E00137495,173,53,28,25,120,91,29,30.63583815028902,16.184971098265898,14.450867052023122,69.36416184971098,52.601156069364166,16.76300578034682
E00137496,92,25,7,18,67,49,18,27.173913043478258,7.608695652173914,19.565217391304348,72.82608695652173,53.2608695652174,19.565217391304348
E00137497,95,24,13,11,71,55,16,25.263157894736842,13.684210526315791,11.578947368421053,74.73684210526315,57.89473684210527,16.842105263157894
E00137498,157,46,22,24,111,80,31,29.29936305732484,14.012738853503185,15.286624203821656,70.70063694267516,50.955414012738856,19.745222929936308
E00137499,101,30,14,16,71,54,17,29.7029702970297,13.861386138613863,15.841584158415841,70.29702970297029,53.46534653465347,16.831683168316832
E00137500,125,30,15,15,95,66,29,24,12,12,76,52.800000000000004,23.200000000000003
E00137501,278,82,34,48,196,144,52,29.496402877697843,12.23021582733813,17.26618705035971,70.50359712230215,51.798561151079134,18.705035971223023
E00137502,129,42,21,21,87,64,23,32.55813953488372,16.27906976744186,16.27906976744186,67.44186046511628,49.6124031007752,17.829457364341085
E00137503,206,54,20,34,152,121,31,26.21359223300971,9.70873786407767,16.50485436893204,73.7864077669903,58.7378640776699,15.048543689320388
E00137504,177,47,21,26,130,114,16,26.55367231638418,11.864406779661017,14.689265536723164,73.44632768361582,64.40677966101694,9.03954802259887
E00137505,146,43,25,18,103,71,32,29.45205479452055,17.123287671232877,12.32876712328767,70.54794520547945,48.63013698630137,21.91780821917808
E00137506,193,51,20,31,142,115,27,26.42487046632124,10.362694300518134,16.06217616580311,73.57512953367875,59.58549222797927,13.989637305699482
E00137507,154,40,13,27,114,99,15,25.97402597402597,8.441558441558442,17.532467532467532,74.02597402597402,64.28571428571429,9.740259740259742
E00137508,166,45,13,32,121,103,18,27.10843373493976,7.83132530120482,19.27710843373494,72.89156626506023,62.048192771084345,10.843373493975903
E00137509,138,40,10,30,98,82,16,28.985507246376812,7.246376811594203,21.73913043478261,71.01449275362319,59.42028985507246,11.594202898550725
E00137510,160,43,11,32,117,104,13,26.875,6.875000000000001,20,73.125,65,8.125
E00137511,225,60,22,38,165,134,31,26.666666666666668,9.777777777777779,16.88888888888889,73.33333333333333,59.55555555555555,13.777777777777779
E00137512,251,70,25,45,181,145,36,27.88844621513944,9.9601593625498,17.928286852589643,72.11155378486056,57.76892430278885,14.342629482071715
E00137513,153,48,18,30,105,91,14,31.372549019607842,11.76470588235294,19.607843137254903,68.62745098039215,59.47712418300654,9.15032679738562
E00137514,168,41,14,27,127,114,13,24.404761904761905,8.333333333333332,16.071428571428573,75.59523809523809,67.85714285714286,7.738095238095238
E00137515,122,33,11,22,89,67,22,27.049180327868854,9.01639344262295,18.0327868852459,72.95081967213115,54.91803278688525,18.0327868852459
E00137517,127,45,20,25,82,72,10,35.43307086614173,15.748031496062993,19.68503937007874,64.56692913385827,56.69291338582677,7.874015748031496
E00137518,265,70,15,55,195,160,35,26.41509433962264,5.660377358490567,20.754716981132077,73.58490566037736,60.37735849056604,13.20754716981132
E00137519,113,34,8,26,79,66,13,30.08849557522124,7.079646017699115,23.008849557522122,69.91150442477876,58.4070796460177,11.504424778761061
E00137521,144,43,17,26,101,81,20,29.86111111111111,11.805555555555555,18.055555555555554,70.13888888888889,56.25,13.88888888888889
E00137522,199,56,21,35,143,118,25,28.14070351758794,10.552763819095476,17.587939698492463,71.85929648241206,59.2964824120603,12.562814070351758
E00137523,127,32,6,26,95,76,19,25.196850393700785,4.724409448818897,20.47244094488189,74.80314960629921,59.84251968503938,14.960629921259844
E00137524,329,80,31,49,249,206,43,24.316109422492403,9.422492401215806,14.893617021276595,75.6838905775076,62.61398176291794,13.069908814589665
E00137525,142,41,19,22,101,86,15,28.87323943661972,13.380281690140844,15.492957746478872,71.12676056338029,60.56338028169014,10.56338028169014
E00137526,200,46,11,35,154,132,22,23,5.5,17.5,77,66,11
E00137527,135,36,10,26,99,86,13,26.666666666666668,7.4074074074074066,19.25925925925926,73.33333333333333,63.70370370370371,9.62962962962963
E00137528,240,67,23,44,173,144,29,27.916666666666668,9.583333333333334,18.333333333333332,72.08333333333333,60,12.083333333333334
E00137529,293,72,20,52,221,183,38,24.573378839590443,6.825938566552901,17.747440273037544,75.42662116040955,62.45733788395904,12.969283276450511
E00137530,156,36,12,24,120,101,19,23.076923076923077,7.6923076923076925,15.384615384615385,76.92307692307693,64.74358974358975,12.179487179487179
E00137531,187,44,13,31,143,108,35,23.52941176470588,6.951871657754011,16.577540106951872,76.47058823529412,57.75401069518716,18.71657754010695
E00137533,218,63,20,43,155,131,24,28.899082568807337,9.174311926605505,19.724770642201836,71.10091743119266,60.09174311926605,11.009174311926607
E00137534,150,49,16,33,101,88,13,32.666666666666664,10.666666666666668,22,67.33333333333333,58.666666666666664,8.666666666666668
E00137535,203,53,11,42,150,127,23,26.108374384236456,5.41871921182266,20.689655172413794,73.89162561576354,62.5615763546798,11.330049261083744
E00137536,211,49,14,35,162,141,21,23.22274881516588,6.6350710900473935,16.587677725118482,76.77725118483413,66.82464454976304,9.95260663507109
E00137537,115,29,12,17,86,76,10,25.217391304347824,10.434782608695652,14.782608695652174,74.78260869565217,66.08695652173913,8.695652173913043
E00137538,171,46,24,22,125,106,19,26.900584795321635,14.035087719298245,12.865497076023392,73.09941520467837,61.98830409356725,11.11111111111111
E00137539,171,50,22,28,121,102,19,29.239766081871345,12.865497076023392,16.374269005847953,70.76023391812866,59.64912280701754,11.11111111111111
E00137540,182,38,12,26,144,118,26,20.87912087912088,6.593406593406594,14.285714285714285,79.12087912087912,64.83516483516483,14.285714285714285
E00137541,154,36,13,23,118,100,18,23.376623376623375,8.441558441558442,14.935064935064934,76.62337662337663,64.93506493506493,11.688311688311687
E00137542,148,39,11,28,109,93,16,26.351351351351347,7.4324324324324325,18.91891891891892,73.64864864864865,62.83783783783784,10.81081081081081
E00137543,107,21,5,16,86,77,9,19.626168224299064,4.672897196261682,14.953271028037381,80.37383177570094,71.96261682242991,8.411214953271028
E00137544,156,48,12,36,108,94,14,30.76923076923077,7.6923076923076925,23.076923076923077,69.23076923076923,60.256410256410255,8.974358974358974
E00137545,152,52,10,42,100,86,14,34.21052631578947,6.578947368421052,27.631578947368425,65.78947368421053,56.57894736842105,9.210526315789473
E00137546,140,38,15,23,102,81,21,27.142857142857142,10.714285714285714,16.428571428571427,72.85714285714285,57.85714285714286,15
E00137547,323,70,18,52,253,222,31,21.671826625387,5.572755417956656,16.09907120743034,78.328173374613,68.73065015479877,9.597523219814242
E00137548,315,76,28,48,239,204,35,24.126984126984127,8.88888888888889,15.238095238095239,75.87301587301587,64.76190476190476,11.11111111111111
E00137549,200,48,16,32,152,125,27,24,8,16,76,62.5,13.5
E00137550,213,52,11,41,161,133,28,24.413145539906104,5.164319248826291,19.248826291079812,75.5868544600939,62.441314553990615,13.145539906103288
E00137551,74,21,6,15,53,34,19,28.37837837837838,8.108108108108109,20.27027027027027,71.62162162162163,45.94594594594595,25.675675675675674
E00137552,105,17,5,12,88,74,14,16.19047619047619,4.761904761904762,11.428571428571429,83.80952380952381,70.47619047619048,13.333333333333334
E00137553,114,39,10,29,75,56,19,34.21052631578947,8.771929824561402,25.438596491228072,65.78947368421053,49.122807017543856,16.666666666666664
E00137554,127,35,7,28,92,70,22,27.559055118110237,5.511811023622047,22.04724409448819,72.44094488188976,55.118110236220474,17.322834645669293
E00137555,219,61,22,39,158,135,23,27.85388127853881,10.045662100456621,17.80821917808219,72.14611872146118,61.64383561643836,10.50228310502283
E00137556,264,63,14,49,201,163,38,23.863636363636363,5.303030303030303,18.560606060606062,76.13636363636364,61.74242424242424,14.393939393939394
E00137557,137,41,17,24,96,76,20,29.927007299270077,12.408759124087592,17.51824817518248,70.07299270072993,55.47445255474452,14.5985401459854
E00137558,85,21,7,14,64,48,16,24.705882352941178,8.235294117647058,16.470588235294116,75.29411764705883,56.470588235294116,18.823529411764707
E00137559,90,21,10,11,69,49,20,23.333333333333332,11.11111111111111,12.222222222222221,76.66666666666667,54.44444444444444,22.22222222222222
E00137560,72,19,11,8,53,40,13,26.38888888888889,15.277777777777779,11.11111111111111,73.61111111111111,55.55555555555556,18.055555555555554
E00137561,63,20,9,11,43,29,14,31.746031746031743,14.285714285714285,17.46031746031746,68.25396825396825,46.03174603174603,22.22222222222222
E00137562,136,43,21,22,93,69,24,31.61764705882353,15.441176470588236,16.176470588235293,68.38235294117648,50.73529411764706,17.647058823529413
E00137563,92,15,6,9,77,66,11,16.304347826086957,6.521739130434782,9.782608695652174,83.69565217391305,71.73913043478261,11.956521739130435
E00137564,79,25,12,13,54,34,20,31.645569620253166,15.18987341772152,16.455696202531644,68.35443037974683,43.037974683544306,25.31645569620253
E00137565,197,58,21,37,139,109,30,29.441624365482234,10.65989847715736,18.781725888324875,70.55837563451777,55.32994923857868,15.228426395939088
E00137566,136,37,22,15,99,73,26,27.205882352941174,16.176470588235293,11.029411764705882,72.79411764705883,53.67647058823529,19.11764705882353
E00137567,108,35,14,21,73,60,13,32.407407407407405,12.962962962962962,19.444444444444446,67.5925925925926,55.55555555555556,12.037037037037036
E00137568,67,19,8,11,48,36,12,28.35820895522388,11.940298507462686,16.417910447761194,71.64179104477611,53.73134328358209,17.91044776119403
E00137569,215,69,31,38,146,111,35,32.093023255813954,14.418604651162791,17.674418604651162,67.90697674418604,51.627906976744185,16.27906976744186
E00137570,98,29,8,21,69,54,15,29.591836734693878,8.16326530612245,21.428571428571427,70.40816326530613,55.10204081632652,15.306122448979592
E00137571,158,38,20,18,120,92,28,24.050632911392405,12.658227848101266,11.39240506329114,75.9493670886076,58.22784810126582,17.72151898734177
E00137572,139,40,12,28,99,67,32,28.776978417266186,8.633093525179856,20.14388489208633,71.22302158273382,48.201438848920866,23.021582733812952
E00137573,147,46,21,25,101,72,29,31.292517006802722,14.285714285714285,17.006802721088434,68.70748299319727,48.97959183673469,19.727891156462583
E00137574,116,42,19,23,74,60,14,36.206896551724135,16.379310344827587,19.82758620689655,63.793103448275865,51.724137931034484,12.068965517241379
E00137575,115,29,16,13,86,68,18,25.217391304347824,13.91304347826087,11.304347826086957,74.78260869565217,59.130434782608695,15.65217391304348
E00137576,210,62,26,36,148,126,22,29.523809523809526,12.380952380952381,17.142857142857142,70.47619047619048,60,10.476190476190476
E00137577,139,44,11,33,95,76,19,31.654676258992804,7.913669064748201,23.741007194244602,68.34532374100719,54.67625899280576,13.66906474820144
E00137578,97,30,12,18,67,56,11,30.927835051546392,12.371134020618557,18.556701030927837,69.0721649484536,57.73195876288659,11.34020618556701
E00137579,85,19,8,11,66,42,24,22.35294117647059,9.411764705882353,12.941176470588237,77.64705882352942,49.411764705882355,28.235294117647058
E00137583,161,53,23,30,108,90,18,32.91925465838509,14.285714285714285,18.633540372670808,67.08074534161491,55.90062111801242,11.180124223602485
E00137584,109,33,18,15,76,63,13,30.275229357798167,16.51376146788991,13.761467889908257,69.72477064220183,57.798165137614674,11.926605504587156
E00137585,145,42,15,27,103,82,21,28.965517241379313,10.344827586206897,18.620689655172416,71.03448275862068,56.55172413793104,14.482758620689657
E00137586,124,37,12,25,87,66,21,29.838709677419356,9.67741935483871,20.161290322580644,70.16129032258065,53.2258064516129,16.93548387096774
E00137587,198,67,26,41,131,112,19,33.83838383838384,13.131313131313133,20.707070707070706,66.16161616161617,56.56565656565656,9.595959595959595
E00137589,143,39,9,30,104,90,14,27.27272727272727,6.293706293706294,20.97902097902098,72.72727272727273,62.93706293706294,9.79020979020979
E00137590,106,37,14,23,69,57,12,34.90566037735849,13.20754716981132,21.69811320754717,65.09433962264151,53.77358490566038,11.320754716981133
E00137591,199,52,25,27,147,109,38,26.13065326633166,12.562814070351758,13.5678391959799,73.86934673366834,54.773869346733676,19.09547738693467
E00137592,79,23,10,13,56,42,14,29.11392405063291,12.658227848101266,16.455696202531644,70.88607594936708,53.16455696202531,17.72151898734177
E00137593,202,60,28,32,142,109,33,29.7029702970297,13.861386138613863,15.841584158415841,70.29702970297029,53.960396039603964,16.33663366336634
E00137594,184,67,31,36,117,95,22,36.41304347826087,16.847826086956523,19.565217391304348,63.58695652173913,51.63043478260869,11.956521739130435
E00137595,104,25,12,13,79,59,20,24.03846153846154,11.538461538461538,12.5,75.96153846153845,56.730769230769226,19.230769230769234
E00137596,189,76,34,42,113,87,26,40.21164021164021,17.989417989417987,22.22222222222222,59.78835978835979,46.03174603174603,13.756613756613756
E00137597,204,73,29,44,131,100,31,35.78431372549019,14.215686274509803,21.568627450980394,64.2156862745098,49.01960784313725,15.196078431372548
E00137598,161,43,15,28,118,99,19,26.70807453416149,9.316770186335404,17.391304347826086,73.29192546583852,61.49068322981367,11.801242236024844
E00137599,146,43,16,27,103,88,15,29.45205479452055,10.95890410958904,18.493150684931507,70.54794520547945,60.273972602739725,10.273972602739725
E00137600,177,55,16,39,122,103,19,31.07344632768362,9.03954802259887,22.033898305084744,68.92655367231639,58.19209039548022,10.734463276836157
E00137601,170,35,11,24,135,109,26,20.588235294117645,6.470588235294119,14.117647058823529,79.41176470588235,64.11764705882354,15.294117647058824
E00137602,254,62,27,35,192,161,31,24.409448818897637,10.62992125984252,13.779527559055119,75.59055118110236,63.38582677165354,12.204724409448819
E00137603,211,48,13,35,163,138,25,22.748815165876778,6.161137440758294,16.587677725118482,77.25118483412322,65.40284360189574,11.848341232227488
E00137606,144,41,13,28,103,81,22,28.47222222222222,9.027777777777777,19.444444444444446,71.52777777777779,56.25,15.277777777777779
E00137607,159,44,13,31,115,99,16,27.67295597484277,8.176100628930817,19.49685534591195,72.32704402515722,62.264150943396224,10.062893081761008
E00137608,156,41,13,28,115,98,17,26.282051282051285,8.333333333333332,17.94871794871795,73.71794871794873,62.82051282051282,10.897435897435898
E00137609,155,42,20,22,113,102,11,27.09677419354839,12.903225806451612,14.193548387096774,72.90322580645162,65.80645161290323,7.096774193548387
E00137610,102,23,5,18,79,67,12,22.54901960784314,4.901960784313726,17.647058823529413,77.45098039215686,65.68627450980392,11.76470588235294
E00137611,268,62,20,42,206,167,39,23.134328358208954,7.462686567164178,15.671641791044777,76.86567164179104,62.31343283582089,14.55223880597015
E00137612,189,61,23,38,128,106,22,32.27513227513227,12.16931216931217,20.105820105820104,67.72486772486772,56.08465608465608,11.64021164021164
E00137613,124,31,11,20,93,74,19,25,8.870967741935484,16.129032258064516,75,59.67741935483871,15.32258064516129
E00137614,155,48,14,34,107,95,12,30.967741935483872,9.032258064516128,21.935483870967744,69.03225806451613,61.29032258064516,7.741935483870968
E00137615,140,26,9,17,114,98,16,18.571428571428573,6.428571428571428,12.142857142857142,81.42857142857143,70,11.428571428571429
E00137616,105,30,7,23,75,67,8,28.57142857142857,6.666666666666667,21.904761904761905,71.42857142857143,63.8095238095238,7.6190476190476195
E00137617,159,38,11,27,121,102,19,23.89937106918239,6.918238993710692,16.9811320754717,76.10062893081762,64.15094339622641,11.949685534591195
E00137618,118,31,12,19,87,73,14,26.27118644067797,10.16949152542373,16.101694915254235,73.72881355932203,61.86440677966102,11.864406779661017
E00137619,132,53,22,31,79,70,9,40.15151515151515,16.666666666666664,23.484848484848484,59.84848484848485,53.03030303030303,6.8181818181818175
E00137620,177,45,10,35,132,118,14,25.423728813559322,5.649717514124294,19.774011299435028,74.57627118644068,66.66666666666666,7.909604519774012
E00137621,140,45,9,36,95,83,12,32.142857142857146,6.428571428571428,25.71428571428571,67.85714285714286,59.285714285714285,8.571428571428571
E00137622,167,46,10,36,121,94,27,27.54491017964072,5.9880239520958085,21.55688622754491,72.45508982035929,56.287425149700596,16.16766467065868
E00137623,174,49,20,29,125,107,18,28.160919540229884,11.494252873563218,16.666666666666664,71.83908045977012,61.49425287356321,10.344827586206897
E00137624,100,25,12,13,75,63,12,25,12,13,75,63,12
E00137625,142,47,24,23,95,74,21,33.098591549295776,16.901408450704224,16.19718309859155,66.90140845070422,52.112676056338024,14.788732394366196
E00137626,178,44,17,27,134,112,22,24.719101123595504,9.550561797752808,15.168539325842698,75.28089887640449,62.92134831460674,12.359550561797752
E00137627,136,37,14,23,99,78,21,27.205882352941174,10.294117647058822,16.911764705882355,72.79411764705883,57.35294117647059,15.441176470588236
E00137628,205,55,21,34,150,117,33,26.82926829268293,10.24390243902439,16.585365853658537,73.17073170731707,57.073170731707314,16.097560975609756
E00137630,113,37,13,24,76,63,13,32.743362831858406,11.504424778761061,21.238938053097346,67.2566371681416,55.75221238938053,11.504424778761061
E00137631,218,69,15,54,149,132,17,31.65137614678899,6.8807339449541285,24.770642201834864,68.34862385321101,60.550458715596335,7.79816513761468
E00137632,120,30,9,21,90,77,13,25,7.5,17.5,75,64.16666666666667,10.833333333333334
E00137634,107,36,14,22,71,59,12,33.64485981308411,13.084112149532709,20.5607476635514,66.35514018691589,55.140186915887845,11.214953271028037
E00137635,155,39,13,26,116,93,23,25.161290322580644,8.38709677419355,16.7741935483871,74.83870967741936,60,14.838709677419354
E00137636,249,64,24,40,185,158,27,25.702811244979916,9.63855421686747,16.06425702811245,74.29718875502009,63.45381526104418,10.843373493975903
E00137637,256,68,18,50,188,163,25,26.5625,7.03125,19.53125,73.4375,63.671875,9.765625
E00137638,171,44,9,35,127,107,20,25.730994152046783,5.263157894736842,20.46783625730994,74.26900584795322,62.57309941520468,11.695906432748536
E00137639,170,33,13,20,137,119,18,19.411764705882355,7.647058823529412,11.76470588235294,80.58823529411765,70,10.588235294117647
E00137640,148,44,9,35,104,83,21,29.72972972972973,6.081081081081082,23.64864864864865,70.27027027027027,56.08108108108109,14.18918918918919
E00137641,164,39,15,24,125,101,24,23.78048780487805,9.146341463414634,14.634146341463413,76.21951219512195,61.58536585365854,14.634146341463413
E00137642,166,43,9,34,123,105,18,25.903614457831324,5.421686746987952,20.481927710843372,74.09638554216868,63.25301204819277,10.843373493975903
E00137643,165,43,18,25,122,105,17,26.060606060606062,10.909090909090908,15.151515151515152,73.93939393939394,63.63636363636363,10.303030303030303
E00137644,152,47,19,28,105,88,17,30.92105263157895,12.5,18.421052631578945,69.07894736842105,57.89473684210527,11.18421052631579
E00137645,71,15,3,12,56,47,9,21.12676056338028,4.225352112676056,16.901408450704224,78.87323943661971,66.19718309859155,12.676056338028168
E00137646,163,30,13,17,133,115,18,18.404907975460123,7.975460122699387,10.429447852760736,81.59509202453987,70.5521472392638,11.042944785276074
E00137647,164,32,12,20,132,117,15,19.51219512195122,7.317073170731707,12.195121951219512,80.48780487804879,71.34146341463415,9.146341463414634
E00137648,128,37,14,23,91,74,17,28.90625,10.9375,17.96875,71.09375,57.8125,13.28125
E00137649,293,83,23,60,210,179,31,28.327645051194537,7.849829351535837,20.477815699658702,71.67235494880546,61.092150170648466,10.580204778156997
E00137650,128,29,13,16,99,86,13,22.65625,10.15625,12.5,77.34375,67.1875,10.15625
E00137651,161,42,8,34,119,101,18,26.08695652173913,4.968944099378882,21.11801242236025,73.91304347826086,62.732919254658384,11.180124223602485
E00137652,217,59,21,38,158,137,21,27.188940092165897,9.67741935483871,17.51152073732719,72.81105990783409,63.133640552995395,9.67741935483871
E00137653,233,77,32,45,156,132,24,33.047210300429185,13.733905579399142,19.313304721030043,66.95278969957081,56.65236051502146,10.300429184549357
E00137654,108,31,7,24,77,58,19,28.703703703703702,6.481481481481481,22.22222222222222,71.29629629629629,53.70370370370371,17.59259259259259
E00137657,92,23,7,16,69,51,18,25,7.608695652173914,17.391304347826086,75,55.434782608695656,19.565217391304348
E00137658,206,36,7,29,170,150,20,17.475728155339805,3.3980582524271843,14.077669902912621,82.52427184466019,72.81553398058253,9.70873786407767
E00137659,186,49,15,34,137,115,22,26.344086021505376,8.064516129032258,18.27956989247312,73.65591397849462,61.82795698924731,11.827956989247312
E00137660,189,42,11,31,147,128,19,22.22222222222222,5.82010582010582,16.402116402116402,77.77777777777779,67.72486772486772,10.052910052910052
E00137661,188,60,24,36,128,103,25,31.914893617021278,12.76595744680851,19.148936170212767,68.08510638297872,54.78723404255319,13.297872340425531
E00137662,145,47,24,23,98,85,13,32.41379310344827,16.551724137931036,15.862068965517242,67.58620689655173,58.620689655172406,8.96551724137931
E00137663,166,40,9,31,126,103,23,24.096385542168676,5.421686746987952,18.67469879518072,75.90361445783132,62.048192771084345,13.855421686746988
E00137664,203,52,16,36,151,131,20,25.615763546798032,7.8817733990147785,17.733990147783253,74.38423645320196,64.5320197044335,9.852216748768473
E00137665,171,47,14,33,124,107,17,27.485380116959064,8.187134502923977,19.298245614035086,72.51461988304094,62.57309941520468,9.941520467836257
E00137666,146,42,14,28,104,89,15,28.767123287671232,9.58904109589041,19.17808219178082,71.23287671232876,60.95890410958904,10.273972602739725
E00137667,175,65,27,38,110,88,22,37.142857142857146,15.428571428571427,21.714285714285715,62.857142857142854,50.28571428571429,12.571428571428573
E00137668,159,41,16,25,118,105,13,25.78616352201258,10.062893081761008,15.723270440251572,74.21383647798741,66.0377358490566,8.176100628930817
E00137669,174,54,15,39,120,95,25,31.03448275862069,8.620689655172415,22.413793103448278,68.96551724137932,54.59770114942529,14.367816091954023
E00137670,107,28,7,21,79,65,14,26.168224299065418,6.5420560747663545,19.626168224299064,73.83177570093457,60.747663551401864,13.084112149532709
E00137671,106,26,6,20,80,63,17,24.528301886792452,5.660377358490567,18.867924528301888,75.47169811320755,59.43396226415094,16.037735849056602
E00137672,177,39,13,26,138,123,15,22.033898305084744,7.344632768361582,14.689265536723164,77.96610169491525,69.49152542372882,8.47457627118644
E00137673,203,58,13,45,145,129,16,28.57142857142857,6.403940886699508,22.167487684729064,71.42857142857143,63.54679802955665,7.8817733990147785
E00137674,151,35,10,25,116,95,21,23.178807947019866,6.622516556291391,16.55629139072848,76.82119205298014,62.913907284768214,13.90728476821192
E00137675,206,50,19,31,156,137,19,24.271844660194176,9.223300970873787,15.048543689320388,75.72815533980582,66.50485436893204,9.223300970873787
E00137676,90,24,8,16,66,62,4,26.666666666666668,8.88888888888889,17.77777777777778,73.33333333333333,68.88888888888889,4.444444444444445
E00137677,185,34,5,29,151,129,22,18.37837837837838,2.7027027027027026,15.675675675675677,81.62162162162161,69.72972972972973,11.891891891891893
E00137678,95,20,5,15,75,64,11,21.052631578947366,5.263157894736842,15.789473684210526,78.94736842105263,67.36842105263158,11.578947368421053
E00137679,106,30,7,23,76,64,12,28.30188679245283,6.60377358490566,21.69811320754717,71.69811320754717,60.37735849056604,11.320754716981133
E00137680,205,55,12,43,150,119,31,26.82926829268293,5.853658536585367,20.975609756097562,73.17073170731707,58.048780487804876,15.121951219512194
E00137681,31,12,6,6,19,13,6,38.70967741935484,19.35483870967742,19.35483870967742,61.29032258064516,41.935483870967744,19.35483870967742
E00137682,143,30,10,20,113,98,15,20.97902097902098,6.993006993006993,13.986013986013987,79.02097902097903,68.53146853146853,10.48951048951049
E00137683,97,20,11,9,77,60,17,20.618556701030926,11.34020618556701,9.278350515463918,79.38144329896907,61.855670103092784,17.525773195876287
E00137684,225,64,25,39,161,131,30,28.444444444444443,11.11111111111111,17.333333333333336,71.55555555555554,58.22222222222222,13.333333333333334
E00137685,97,32,17,15,65,44,21,32.98969072164948,17.525773195876287,15.463917525773196,67.0103092783505,45.36082474226804,21.649484536082475
E00137686,169,43,14,29,126,106,20,25.443786982248522,8.284023668639055,17.159763313609467,74.55621301775149,62.721893491124256,11.834319526627219
E00137687,132,40,13,27,92,83,9,30.303030303030305,9.848484848484848,20.454545454545457,69.6969696969697,62.878787878787875,6.8181818181818175
E00137688,176,53,13,40,123,102,21,30.113636363636363,7.386363636363637,22.727272727272727,69.88636363636364,57.95454545454546,11.931818181818182
E00137689,82,24,6,18,58,52,6,29.268292682926827,7.317073170731707,21.951219512195124,70.73170731707317,63.41463414634146,7.317073170731707
E00137690,165,43,15,28,122,96,26,26.060606060606062,9.090909090909092,16.969696969696972,73.93939393939394,58.18181818181818,15.757575757575756
E00137692,210,56,16,40,154,132,22,26.666666666666668,7.6190476190476195,19.047619047619047,73.33333333333333,62.857142857142854,10.476190476190476
E00137693,264,71,22,49,193,166,27,26.89393939393939,8.333333333333332,18.560606060606062,73.10606060606061,62.878787878787875,10.227272727272728
E00137695,109,28,8,20,81,72,9,25.688073394495415,7.339449541284404,18.34862385321101,74.31192660550458,66.05504587155964,8.256880733944955
E00137696,167,49,16,33,118,98,20,29.34131736526946,9.580838323353294,19.760479041916167,70.65868263473054,58.68263473053892,11.976047904191617
E00137697,147,37,15,22,110,90,20,25.170068027210885,10.204081632653061,14.965986394557824,74.82993197278913,61.224489795918366,13.60544217687075
E00137698,174,43,15,28,131,121,10,24.71264367816092,8.620689655172415,16.091954022988507,75.28735632183908,69.54022988505747,5.747126436781609
E00137699,113,24,6,18,89,76,13,21.238938053097346,5.3097345132743365,15.929203539823009,78.76106194690266,67.2566371681416,11.504424778761061
E00137700,152,50,17,33,102,92,10,32.89473684210527,11.18421052631579,21.710526315789476,67.10526315789474,60.526315789473685,6.578947368421052
E00137701,114,29,14,15,85,75,10,25.438596491228072,12.280701754385964,13.157894736842104,74.56140350877193,65.78947368421053,8.771929824561402
E00137702,152,36,9,27,116,101,15,23.684210526315788,5.921052631578947,17.763157894736842,76.31578947368422,66.44736842105263,9.868421052631579
E00137703,181,51,16,35,130,111,19,28.176795580110497,8.83977900552486,19.337016574585636,71.8232044198895,61.32596685082873,10.497237569060774
E00137704,188,48,18,30,140,116,24,25.53191489361702,9.574468085106384,15.957446808510639,74.46808510638297,61.702127659574465,12.76595744680851
E00137705,172,53,10,43,119,101,18,30.813953488372093,5.813953488372093,25,69.18604651162791,58.720930232558146,10.465116279069768
E00137706,160,42,19,23,118,106,12,26.25,11.875,14.374999999999998,73.75,66.25,7.5
E00137707,100,30,7,23,70,62,8,30,7.000000000000001,23,70,62,8
E00137708,176,55,12,43,121,105,16,31.25,6.8181818181818175,24.431818181818183,68.75,59.65909090909091,9.090909090909092
E00137709,116,38,12,26,78,68,10,32.758620689655174,10.344827586206897,22.413793103448278,67.24137931034483,58.620689655172406,8.620689655172415
E00137710,141,37,13,24,104,90,14,26.24113475177305,9.219858156028367,17.02127659574468,73.75886524822694,63.829787234042556,9.929078014184398
E00137711,142,46,15,31,96,83,13,32.3943661971831,10.56338028169014,21.830985915492956,67.6056338028169,58.45070422535211,9.15492957746479
E00137712,104,31,11,20,73,64,9,29.807692307692307,10.576923076923077,19.230769230769234,70.1923076923077,61.53846153846154,8.653846153846153
E00137713,143,40,7,33,103,88,15,27.972027972027973,4.895104895104895,23.076923076923077,72.02797202797203,61.53846153846154,10.48951048951049
E00137714,79,20,4,16,59,48,11,25.31645569620253,5.063291139240507,20.253164556962027,74.68354430379746,60.75949367088608,13.924050632911392
E00137715,129,40,7,33,89,68,21,31.007751937984494,5.426356589147287,25.581395348837212,68.9922480620155,52.71317829457365,16.27906976744186
E00137716,160,41,12,29,119,103,16,25.624999999999996,7.5,18.125,74.375,64.375,10
E00137717,211,53,16,37,158,134,24,25.118483412322274,7.5829383886255926,17.535545023696685,74.88151658767772,63.507109004739334,11.374407582938389
E00137718,148,27,0,27,121,93,28,18.243243243243242,0,18.243243243243242,81.75675675675676,62.83783783783784,18.91891891891892
E00137719,88,34,16,18,54,42,12,38.63636363636363,18.181818181818183,20.454545454545457,61.36363636363637,47.72727272727273,13.636363636363635
E00137720,167,48,16,32,119,99,20,28.74251497005988,9.580838323353294,19.16167664670659,71.25748502994011,59.281437125748504,11.976047904191617
E00137721,155,47,20,27,108,81,27,30.32258064516129,12.903225806451612,17.419354838709676,69.6774193548387,52.25806451612903,17.419354838709676
E00137722,178,52,20,32,126,104,22,29.213483146067414,11.235955056179774,17.97752808988764,70.78651685393258,58.42696629213483,12.359550561797752
E00137723,121,42,14,28,79,62,17,34.710743801652896,11.570247933884298,23.140495867768596,65.28925619834712,51.2396694214876,14.049586776859504
E00137724,177,60,26,34,117,89,28,33.89830508474576,14.689265536723164,19.2090395480226,66.10169491525424,50.282485875706215,15.819209039548024
E00137725,107,30,5,25,77,70,7,28.037383177570092,4.672897196261682,23.364485981308412,71.96261682242991,65.42056074766354,6.5420560747663545
E00137726,160,47,17,30,113,89,24,29.375,10.625,18.75,70.625,55.625,15
E00137727,325,71,17,54,254,209,45,21.846153846153847,5.230769230769231,16.615384615384617,78.15384615384615,64.3076923076923,13.846153846153847
E00137729,164,47,15,32,117,94,23,28.65853658536585,9.146341463414634,19.51219512195122,71.34146341463415,57.3170731707317,14.02439024390244
E00137730,218,77,28,49,141,113,28,35.321100917431195,12.844036697247708,22.477064220183486,64.6788990825688,51.8348623853211,12.844036697247708
E00137731,194,47,13,34,147,126,21,24.22680412371134,6.701030927835052,17.525773195876287,75.77319587628865,64.94845360824742,10.824742268041238
E00137733,204,43,14,29,161,128,33,21.07843137254902,6.862745098039216,14.215686274509803,78.92156862745098,62.745098039215684,16.176470588235293
E00137734,126,26,9,17,100,87,13,20.634920634920633,7.142857142857142,13.492063492063492,79.36507936507937,69.04761904761905,10.317460317460316
E00137735,149,41,16,25,108,93,15,27.516778523489933,10.738255033557047,16.778523489932887,72.48322147651007,62.41610738255034,10.06711409395973
E00137736,208,62,17,45,146,120,26,29.807692307692307,8.173076923076923,21.634615384615387,70.1923076923077,57.692307692307686,12.5
E00137737,170,49,15,34,121,92,29,28.823529411764703,8.823529411764707,20,71.17647058823529,54.11764705882353,17.058823529411764
E00137738,285,66,17,49,219,179,40,23.157894736842106,5.964912280701754,17.192982456140353,76.84210526315789,62.807017543859644,14.035087719298245
E00137739,234,71,24,47,163,137,26,30.34188034188034,10.256410256410255,20.085470085470085,69.65811965811966,58.54700854700855,11.11111111111111
E00137741,156,30,10,20,126,104,22,19.230769230769234,6.41025641025641,12.82051282051282,80.76923076923077,66.66666666666666,14.102564102564102
E00137742,142,57,25,32,85,62,23,40.140845070422536,17.6056338028169,22.535211267605636,59.859154929577464,43.66197183098591,16.19718309859155
E00137743,145,46,20,26,99,75,24,31.724137931034484,13.793103448275861,17.93103448275862,68.27586206896552,51.724137931034484,16.551724137931036
E00137744,158,38,8,30,120,101,19,24.050632911392405,5.063291139240507,18.9873417721519,75.9493670886076,63.92405063291139,12.025316455696203
E00137745,195,59,16,43,136,113,23,30.256410256410255,8.205128205128204,22.05128205128205,69.74358974358974,57.948717948717956,11.794871794871794
E00137746,228,54,13,41,174,134,40,23.684210526315788,5.701754385964912,17.982456140350877,76.31578947368422,58.77192982456141,17.543859649122805
E00137747,106,33,13,20,73,57,16,31.132075471698112,12.264150943396226,18.867924528301888,68.86792452830188,53.77358490566038,15.09433962264151
E00137748,163,49,9,40,114,104,10,30.061349693251532,5.521472392638037,24.539877300613497,69.93865030674846,63.80368098159509,6.134969325153374
E00137749,191,52,12,40,139,118,21,27.225130890052355,6.282722513089005,20.94240837696335,72.77486910994764,61.78010471204188,10.99476439790576
E00137750,256,62,15,47,194,171,23,24.21875,5.859375,18.359375,75.78125,66.796875,8.984375
E00137751,173,41,17,24,132,117,15,23.699421965317917,9.826589595375722,13.872832369942195,76.30057803468208,67.63005780346822,8.670520231213873
E00137752,146,52,18,34,94,87,7,35.61643835616438,12.32876712328767,23.28767123287671,64.38356164383562,59.589041095890416,4.794520547945205
E00137753,126,38,8,30,88,76,12,30.158730158730158,6.349206349206349,23.809523809523807,69.84126984126983,60.317460317460316,9.523809523809524
E00137754,173,46,14,32,127,107,20,26.589595375722542,8.092485549132949,18.497109826589593,73.41040462427746,61.849710982658955,11.560693641618498
E00137755,163,53,20,33,110,92,18,32.515337423312886,12.269938650306749,20.245398773006134,67.48466257668711,56.44171779141104,11.042944785276074
E00137756,184,47,15,32,137,119,18,25.543478260869566,8.152173913043478,17.391304347826086,74.45652173913044,64.67391304347827,9.782608695652174
E00137757,148,36,12,24,112,98,14,24.324324324324326,8.108108108108109,16.216216216216218,75.67567567567568,66.21621621621621,9.45945945945946
E00137758,221,59,25,34,162,140,22,26.69683257918552,11.312217194570136,15.384615384615385,73.303167420814475,63.348416289592755,9.95475113122172
E00137759,158,47,14,33,111,89,22,29.746835443037973,8.860759493670885,20.88607594936709,70.25316455696202,56.32911392405063,13.924050632911392
E00137760,209,51,13,38,158,135,23,24.401913875598087,6.220095693779904,18.181818181818183,75.5980861244019,64.5933014354067,11.004784688995215
E00137761,137,35,6,29,102,90,12,25.547445255474454,4.37956204379562,21.16788321167883,74.45255474452554,65.69343065693431,8.75912408759124
E00137762,102,23,6,17,79,73,6,22.54901960784314,5.88235294117647,16.666666666666664,77.45098039215686,71.56862745098039,5.88235294117647
E00137763,142,43,11,32,99,87,12,30.28169014084507,7.746478873239436,22.535211267605636,69.71830985915493,61.267605633802816,8.450704225352112
E00137764,134,34,9,25,100,85,15,25.37313432835821,6.7164179104477615,18.65671641791045,74.6268656716418,63.43283582089553,11.194029850746269
E00137765,201,41,11,30,160,143,17,20.398009950248756,5.472636815920398,14.925373134328357,79.60199004975125,71.14427860696517,8.45771144278607
E00137766,138,46,15,31,92,80,12,33.33333333333333,10.869565217391305,22.463768115942027,66.66666666666666,57.971014492753625,8.695652173913043
E00137767,178,54,16,38,124,120,4,30.337078651685395,8.98876404494382,21.34831460674157,69.66292134831461,67.41573033707866,2.247191011235955
E00137768,127,31,9,22,96,85,11,24.409448818897637,7.086614173228346,17.322834645669293,75.59055118110236,66.92913385826772,8.661417322834646
E00137769,205,45,17,28,160,136,24,21.951219512195124,8.292682926829269,13.658536585365855,78.04878048780488,66.34146341463415,11.707317073170733
E00137770,168,48,11,37,120,100,20,28.57142857142857,6.547619047619048,22.023809523809522,71.42857142857143,59.523809523809526,11.904761904761903
E00137771,145,30,12,18,115,102,13,20.689655172413794,8.275862068965518,12.413793103448276,79.3103448275862,70.34482758620689,8.96551724137931
E00137772,117,33,12,21,84,78,6,28.205128205128204,10.256410256410255,17.94871794871795,71.7948717948718,66.66666666666666,5.128205128205128
E00137773,104,25,5,20,79,66,13,24.03846153846154,4.807692307692308,19.230769230769234,75.96153846153845,63.46153846153846,12.5
E00137774,105,26,7,19,79,66,13,24.761904761904763,6.666666666666667,18.095238095238095,75.23809523809524,62.857142857142854,12.380952380952381
E00137776,100,29,10,19,71,53,18,28.999999999999996,10,19,71,53,18
E00137777,85,20,3,17,65,56,9,23.52941176470588,3.5294117647058822,20,76.47058823529412,65.88235294117646,10.588235294117647
E00137778,123,37,11,26,86,78,8,30.081300813008134,8.94308943089431,21.138211382113823,69.91869918699187,63.41463414634146,6.504065040650407
E00137779,122,37,16,21,85,80,5,30.327868852459016,13.114754098360656,17.21311475409836,69.67213114754098,65.57377049180327,4.098360655737705
E00137780,196,37,11,26,159,135,24,18.877551020408163,5.612244897959184,13.26530612244898,81.12244897959184,68.87755102040816,12.244897959183673
E00137781,255,64,23,41,191,165,26,25.098039215686274,9.019607843137255,16.07843137254902,74.90196078431373,64.70588235294117,10.196078431372548
E00137782,165,43,17,26,122,101,21,26.060606060606062,10.303030303030303,15.757575757575756,73.93939393939394,61.212121212121204,12.727272727272727
E00137783,170,55,18,37,115,97,18,32.35294117647059,10.588235294117647,21.764705882352942,67.64705882352942,57.05882352941176,10.588235294117647
E00137784,201,56,17,39,145,118,27,27.860696517412936,8.45771144278607,19.402985074626866,72.13930348258707,58.70646766169154,13.432835820895523
E00137786,142,33,10,23,109,97,12,23.239436619718308,7.042253521126761,16.19718309859155,76.76056338028168,68.30985915492957,8.450704225352112
E00137787,313,90,23,67,223,192,31,28.753993610223645,7.348242811501597,21.405750798722046,71.24600638977637,61.34185303514377,9.904153354632587
E00137788,177,53,17,36,124,102,22,29.943502824858758,9.6045197740113,20.33898305084746,70.05649717514125,57.6271186440678,12.429378531073446
E00137789,189,47,18,29,142,112,30,24.867724867724867,9.523809523809524,15.343915343915343,75.13227513227513,59.25925925925925,15.873015873015872
E00137790,229,60,16,44,169,142,27,26.200873362445414,6.986899563318777,19.213973799126638,73.7991266375546,62.00873362445415,11.790393013100436
E00137791,216,62,16,46,154,130,24,28.703703703703702,7.4074074074074066,21.296296296296298,71.29629629629629,60.18518518518518,11.11111111111111
E00137792,134,36,14,22,98,87,11,26.865671641791046,10.44776119402985,16.417910447761194,73.13432835820896,64.92537313432835,8.208955223880597
E00137793,168,56,22,34,112,95,17,33.33333333333333,13.095238095238097,20.238095238095237,66.66666666666666,56.547619047619044,10.119047619047619
E00137794,214,56,18,38,158,129,29,26.168224299065418,8.411214953271028,17.75700934579439,73.83177570093457,60.280373831775705,13.551401869158877
E00137795,138,38,14,24,100,83,17,27.536231884057973,10.144927536231885,17.391304347826086,72.46376811594203,60.14492753623188,12.318840579710146
E00137796,198,48,20,28,150,124,26,24.242424242424242,10.1010101010101,14.14141414141414,75.75757575757575,62.62626262626263,13.131313131313133
E00137797,138,31,10,21,107,89,18,22.463768115942027,7.246376811594203,15.217391304347828,77.53623188405797,64.4927536231884,13.043478260869565
E00137798,102,28,5,23,74,64,10,27.450980392156865,4.901960784313726,22.54901960784314,72.54901960784314,62.745098039215684,9.803921568627452
E00137799,107,31,6,25,76,64,12,28.971962616822427,5.607476635514018,23.364485981308412,71.02803738317756,59.813084112149525,11.214953271028037
E00137802,74,21,10,11,53,40,13,28.37837837837838,13.513513513513514,14.864864864864865,71.62162162162163,54.054054054054056,17.56756756756757
E00137803,285,76,28,48,209,154,55,26.666666666666668,9.824561403508772,16.842105263157894,73.33333333333333,54.03508771929825,19.298245614035086
E00137804,85,26,12,14,59,44,15,30.58823529411765,14.117647058823529,16.470588235294116,69.41176470588235,51.76470588235295,17.647058823529413
E00137805,141,46,14,32,95,69,26,32.62411347517731,9.929078014184398,22.69503546099291,67.37588652482269,48.93617021276596,18.439716312056735
E00137806,146,41,16,25,105,92,13,28.08219178082192,10.95890410958904,17.123287671232877,71.91780821917808,63.013698630136986,8.904109589041095
E00137808,100,27,11,16,73,59,14,27,11,16,73,59,14.000000000000002
E00137809,172,46,16,30,126,101,25,26.744186046511626,9.30232558139535,17.441860465116278,73.25581395348837,58.720930232558146,14.534883720930234
E00137810,125,32,12,20,93,78,15,25.6,9.6,16,74.4,62.4,12
E00137811,136,41,15,26,95,81,14,30.14705882352941,11.029411764705882,19.11764705882353,69.85294117647058,59.55882352941176,10.294117647058822
E00137812,109,35,20,15,74,59,15,32.11009174311927,18.34862385321101,13.761467889908257,67.88990825688074,54.12844036697248,13.761467889908257
E00137813,162,55,19,36,107,93,14,33.95061728395062,11.728395061728394,22.22222222222222,66.0493827160494,57.407407407407405,8.641975308641975
E00137814,194,57,19,38,137,122,15,29.381443298969074,9.793814432989691,19.587628865979383,70.61855670103093,62.88659793814433,7.731958762886598
E00137815,138,36,11,25,102,84,18,26.08695652173913,7.971014492753622,18.115942028985508,73.91304347826086,60.86956521739131,13.043478260869565
E00137816,151,41,12,29,110,88,22,27.1523178807947,7.9470198675496695,19.205298013245034,72.84768211920529,58.27814569536424,14.56953642384106
E00137817,144,42,13,29,102,86,16,29.166666666666668,9.027777777777777,20.13888888888889,70.83333333333334,59.72222222222222,11.11111111111111
E00137818,175,45,14,31,130,114,16,25.71428571428571,8,17.71428571428571,74.28571428571429,65.14285714285715,9.142857142857142
E00137819,159,51,17,34,108,97,11,32.075471698113205,10.69182389937107,21.38364779874214,67.9245283018868,61.0062893081761,6.918238993710692
E00137820,158,41,16,25,117,106,11,25.949367088607595,10.126582278481013,15.822784810126583,74.0506329113924,67.08860759493672,6.962025316455696
E00137822,195,47,11,36,148,123,25,24.102564102564102,5.641025641025641,18.461538461538463,75.8974358974359,63.07692307692307,12.82051282051282
E00137823,196,60,17,43,136,113,23,30.612244897959183,8.673469387755102,21.93877551020408,69.38775510204081,57.6530612244898,11.73469387755102
E00137824,157,38,7,31,119,103,16,24.203821656050955,4.45859872611465,19.745222929936308,75.79617834394905,65.60509554140127,10.191082802547772
E00137825,167,59,17,42,108,102,6,35.32934131736527,10.179640718562874,25.149700598802394,64.67065868263472,61.07784431137725,3.592814371257485
E00137826,265,64,22,42,201,172,29,24.150943396226417,8.30188679245283,15.849056603773585,75.84905660377359,64.90566037735849,10.943396226415095
E00137827,152,37,8,29,115,92,23,24.342105263157894,5.263157894736842,19.078947368421055,75.6578947368421,60.526315789473685,15.131578947368421
E00137828,203,71,22,49,132,111,21,34.97536945812808,10.83743842364532,24.137931034482758,65.02463054187191,54.679802955665025,10.344827586206897
E00137829,168,49,14,35,119,103,16,29.166666666666668,8.333333333333332,20.833333333333336,70.83333333333334,61.30952380952381,9.523809523809524
E00137830,49,17,8,9,32,29,3,34.69387755102041,16.3265306122449,18.367346938775512,65.3061224489796,59.183673469387756,6.122448979591836
E00137831,169,51,16,35,118,94,24,30.17751479289941,9.467455621301776,20.710059171597635,69.8224852071006,55.62130177514793,14.201183431952662
E00137832,217,70,18,52,147,123,24,32.25806451612903,8.294930875576037,23.963133640552993,67.74193548387096,56.68202764976959,11.059907834101383
E00137834,134,40,14,26,94,81,13,29.850746268656714,10.44776119402985,19.402985074626866,70.1492537313433,60.447761194029844,9.701492537313433
E00137835,151,47,18,29,104,86,18,31.125827814569533,11.920529801324504,19.205298013245034,68.87417218543047,56.95364238410596,11.920529801324504
E00137836,123,32,12,20,91,76,15,26.01626016260163,9.75609756097561,16.260162601626014,73.98373983739837,61.78861788617886,12.195121951219512
E00137837,149,45,14,31,104,89,15,30.201342281879196,9.395973154362416,20.80536912751678,69.79865771812081,59.73154362416108,10.06711409395973
E00137838,87,24,5,19,63,57,6,27.586206896551722,5.747126436781609,21.839080459770116,72.41379310344827,65.51724137931035,6.896551724137931
E00137839,146,37,10,27,109,94,15,25.34246575342466,6.8493150684931505,18.493150684931507,74.65753424657534,64.38356164383562,10.273972602739725
E00137840,133,43,18,25,90,73,17,32.33082706766917,13.533834586466165,18.796992481203006,67.66917293233082,54.88721804511278,12.781954887218044
E00137841,132,40,15,25,92,76,16,30.303030303030305,11.363636363636363,18.939393939393938,69.6969696969697,57.57575757575758,12.121212121212121
E00137842,146,38,7,31,108,90,18,26.027397260273972,4.794520547945205,21.232876712328768,73.97260273972603,61.64383561643836,12.32876712328767
E00137843,131,43,10,33,88,75,13,32.82442748091603,7.633587786259542,25.190839694656486,67.17557251908397,57.25190839694656,9.923664122137405
E00137844,157,39,15,24,118,107,11,24.840764331210192,9.554140127388536,15.286624203821656,75.15923566878982,68.15286624203821,7.006369426751593
E00137845,138,46,16,30,92,79,13,33.33333333333333,11.594202898550725,21.73913043478261,66.66666666666666,57.2463768115942,9.420289855072465
E00137846,80,26,14,12,54,45,9,32.5,17.5,15,67.5,56.25,11.25
E00137847,152,44,14,30,108,98,10,28.947368421052634,9.210526315789473,19.736842105263158,71.05263157894737,64.47368421052632,6.578947368421052
E00137848,139,33,7,26,106,94,12,23.741007194244602,5.0359712230215825,18.705035971223023,76.2589928057554,67.62589928057554,8.633093525179856
E00137849,124,42,8,34,82,76,6,33.87096774193548,6.451612903225806,27.419354838709676,66.12903225806451,61.29032258064516,4.838709677419355
E00137850,121,32,6,26,89,78,11,26.446280991735538,4.958677685950414,21.487603305785125,73.55371900826447,64.46280991735537,9.090909090909092
E00137851,201,67,26,41,134,108,26,33.33333333333333,12.935323383084576,20.398009950248756,66.66666666666666,53.73134328358209,12.935323383084576
E00137853,115,31,13,18,84,67,17,26.956521739130434,11.304347826086957,15.65217391304348,73.04347826086956,58.26086956521739,14.782608695652174
E00137856,156,43,12,31,113,103,10,27.564102564102566,7.6923076923076925,19.871794871794872,72.43589743589743,66.02564102564102,6.41025641025641
E00137857,127,34,7,27,93,83,10,26.77165354330709,5.511811023622047,21.25984251968504,73.22834645669292,65.35433070866141,7.874015748031496
E00137860,201,40,11,29,161,139,22,19.900497512437813,5.472636815920398,14.427860696517413,80.09950248756219,69.15422885572139,10.945273631840797
E00137861,210,60,18,42,150,126,24,28.57142857142857,8.571428571428571,20,71.42857142857143,60,11.428571428571429
E00137862,233,51,12,39,182,155,27,21.888412017167383,5.150214592274678,16.738197424892704,78.11158798283262,66.52360515021459,11.587982832618025
E00137863,162,44,15,29,118,98,20,27.160493827160494,9.25925925925926,17.901234567901234,72.8395061728395,60.49382716049383,12.345679012345679
E00137864,113,31,14,17,82,62,20,27.43362831858407,12.389380530973451,15.04424778761062,72.56637168141593,54.86725663716814,17.699115044247787
E00137865,198,52,22,30,146,101,45,26.262626262626267,11.11111111111111,15.151515151515152,73.73737373737373,51.010101010101,22.727272727272727
E00137866,144,44,20,24,100,86,14,30.555555555555557,13.88888888888889,16.666666666666664,69.44444444444444,59.72222222222222,9.722222222222223
E00137867,138,33,8,25,105,82,23,23.91304347826087,5.797101449275362,18.115942028985508,76.08695652173914,59.42028985507246,16.666666666666664
E00137868,145,44,17,27,101,84,17,30.344827586206897,11.724137931034482,18.620689655172416,69.6551724137931,57.931034482758626,11.724137931034482
E00137869,60,14,6,8,46,30,16,23.333333333333332,10,13.333333333333334,76.66666666666667,50,26.666666666666668
E00137870,147,22,2,20,125,108,17,14.965986394557824,1.3605442176870748,13.60544217687075,85.03401360544217,73.46938775510205,11.564625850340136
E00137871,191,45,16,29,146,126,20,23.56020942408377,8.37696335078534,15.18324607329843,76.43979057591623,65.96858638743456,10.471204188481675
E00137872,188,47,17,30,141,118,23,25,9.042553191489363,15.957446808510639,75,62.76595744680851,12.23404255319149
E00137874,138,34,13,21,104,93,11,24.637681159420293,9.420289855072465,15.217391304347828,75.36231884057972,67.3913043478261,7.971014492753622
E00137875,201,46,13,33,155,135,20,22.885572139303484,6.467661691542288,16.417910447761194,77.11442786069652,67.16417910447761,9.950248756218906
E00137876,182,47,15,32,135,121,14,25.82417582417583,8.241758241758241,17.582417582417584,74.17582417582418,66.48351648351648,7.6923076923076925
E00137877,146,29,8,21,117,106,11,19.863013698630137,5.47945205479452,14.383561643835616,80.13698630136986,72.6027397260274,7.534246575342466
E00137878,174,34,12,22,140,130,10,19.54022988505747,6.896551724137931,12.643678160919542,80.45977011494253,74.71264367816092,5.747126436781609
E00137879,279,57,17,40,222,192,30,20.43010752688172,6.093189964157706,14.336917562724013,79.56989247311827,68.81720430107528,10.75268817204301
E00137880,210,45,14,31,165,143,22,21.428571428571427,6.666666666666667,14.761904761904763,78.57142857142857,68.0952380952381,10.476190476190476
E00137881,122,16,5,11,106,89,17,13.114754098360656,4.098360655737705,9.01639344262295,86.88524590163934,72.95081967213115,13.934426229508196
E00137882,196,46,12,34,150,133,17,23.46938775510204,6.122448979591836,17.346938775510203,76.53061224489795,67.85714285714286,8.673469387755102
E00137883,158,36,10,26,122,110,12,22.78481012658228,6.329113924050633,16.455696202531644,77.21518987341773,69.62025316455697,7.59493670886076
E00137884,202,40,9,31,162,143,19,19.801980198019802,4.455445544554455,15.346534653465346,80.19801980198021,70.79207920792079,9.405940594059405
E00137885,254,43,15,28,211,186,25,16.92913385826772,5.905511811023622,11.023622047244094,83.07086614173228,73.22834645669292,9.84251968503937
E00137886,129,50,14,36,79,65,14,38.759689922480625,10.852713178294573,27.906976744186046,61.240310077519375,50.3875968992248,10.852713178294573
E00137887,129,47,12,35,82,68,14,36.434108527131784,9.30232558139535,27.131782945736433,63.565891472868216,52.71317829457365,10.852713178294573
E00137888,238,50,10,40,188,165,23,21.008403361344538,4.201680672268908,16.80672268907563,78.99159663865547,69.32773109243698,9.663865546218489
E00137889,152,27,4,23,125,120,5,17.763157894736842,2.631578947368421,15.131578947368421,82.23684210526315,78.94736842105263,3.289473684210526
E00137890,145,42,19,23,103,92,11,28.965517241379313,13.10344827586207,15.862068965517242,71.03448275862068,63.44827586206897,7.586206896551724
E00137891,154,38,8,30,116,98,18,24.675324675324674,5.194805194805195,19.480519480519483,75.32467532467533,63.63636363636363,11.688311688311687
E00137892,162,47,18,29,115,101,14,29.01234567901235,11.11111111111111,17.901234567901234,70.98765432098766,62.34567901234568,8.641975308641975
E00137893,140,43,20,23,97,87,10,30.714285714285715,14.285714285714285,16.428571428571427,69.28571428571428,62.142857142857146,7.142857142857142
E00137894,122,29,11,18,93,82,11,23.770491803278688,9.01639344262295,14.754098360655737,76.22950819672131,67.21311475409836,9.01639344262295
E00137895,134,46,21,25,88,66,22,34.32835820895522,15.671641791044777,18.65671641791045,65.67164179104478,49.25373134328358,16.417910447761194
E00137896,161,40,17,23,121,102,19,24.84472049689441,10.559006211180124,14.285714285714285,75.15527950310559,63.35403726708074,11.801242236024844
E00137897,110,32,7,25,78,67,11,29.09090909090909,6.363636363636363,22.727272727272727,70.9090909090909,60.909090909090914,10
E00137898,135,43,13,30,92,81,11,31.851851851851855,9.62962962962963,22.22222222222222,68.14814814814815,60,8.148148148148149
E00137899,141,45,18,27,96,73,23,31.914893617021278,12.76595744680851,19.148936170212767,68.08510638297872,51.77304964539007,16.312056737588655
E00137900,168,51,20,31,117,99,18,30.357142857142854,11.904761904761903,18.452380952380953,69.64285714285714,58.92857142857143,10.714285714285714
E00137901,227,61,21,40,166,149,17,26.87224669603524,9.251101321585903,17.62114537444934,73.12775330396477,65.63876651982379,7.488986784140969
E00137902,150,39,15,24,111,100,11,26,10,16,74,66.66666666666666,7.333333333333333
E00137903,152,35,12,23,117,104,13,23.026315789473685,7.894736842105263,15.131578947368421,76.97368421052632,68.42105263157895,8.552631578947368
E00137904,82,22,8,14,60,55,5,26.82926829268293,9.75609756097561,17.073170731707318,73.17073170731707,67.07317073170732,6.097560975609756
E00137905,136,32,8,24,104,97,7,23.52941176470588,5.88235294117647,17.647058823529413,76.47058823529412,71.32352941176471,5.147058823529411
E00137906,182,52,16,36,130,119,11,28.57142857142857,8.791208791208792,19.78021978021978,71.42857142857143,65.38461538461539,6.043956043956044
E00137907,201,56,18,38,145,125,20,27.860696517412936,8.955223880597014,18.90547263681592,72.13930348258707,62.189054726368155,9.950248756218906
E00137908,35,7,3,4,28,21,7,20,8.571428571428571,11.428571428571429,80,60,20
E00137909,145,32,4,28,113,97,16,22.06896551724138,2.7586206896551726,19.310344827586206,77.93103448275862,66.89655172413794,11.03448275862069
E00137911,52,15,6,9,37,29,8,28.846153846153843,11.538461538461538,17.307692307692307,71.15384615384616,55.769230769230774,15.384615384615385
E00137913,199,40,17,23,159,144,15,20.100502512562816,8.542713567839195,11.557788944723619,79.89949748743719,72.36180904522614,7.537688442211055
E00137914,154,42,12,30,112,102,10,27.27272727272727,7.792207792207792,19.480519480519483,72.72727272727273,66.23376623376623,6.493506493506493
E00137915,214,53,12,41,161,149,12,24.766355140186917,5.607476635514018,19.158878504672895,75.23364485981308,69.62616822429906,5.607476635514018
E00137916,222,45,9,36,177,152,25,20.27027027027027,4.054054054054054,16.216216216216218,79.72972972972973,68.46846846846847,11.26126126126126
E00137917,166,49,17,32,117,109,8,29.518072289156628,10.240963855421686,19.27710843373494,70.48192771084338,65.66265060240963,4.819277108433735
E00137918,219,45,12,33,174,150,24,20.54794520547945,5.47945205479452,15.068493150684931,79.45205479452055,68.4931506849315,10.95890410958904
E00137919,195,42,15,27,153,135,18,21.53846153846154,7.6923076923076925,13.846153846153847,78.46153846153847,69.23076923076923,9.230769230769232
E00137920,181,47,11,36,134,116,18,25.96685082872928,6.077348066298343,19.88950276243094,74.03314917127072,64.08839779005525,9.94475138121547
E00137921,201,54,13,41,147,137,10,26.865671641791046,6.467661691542288,20.398009950248756,73.13432835820896,68.1592039800995,4.975124378109453
E00137922,190,53,15,38,137,115,22,27.89473684210526,7.894736842105263,20,72.10526315789474,60.526315789473685,11.578947368421053
E00137923,174,52,16,36,122,105,17,29.88505747126437,9.195402298850574,20.689655172413794,70.11494252873564,60.3448275862069,9.770114942528735
E00137924,173,30,11,19,143,121,22,17.341040462427745,6.358381502890173,10.982658959537572,82.65895953757226,69.94219653179191,12.716763005780345
E00137925,176,57,28,29,119,98,21,32.38636363636363,15.909090909090908,16.477272727272727,67.61363636363636,55.68181818181818,11.931818181818182
E00137926,294,82,26,56,212,179,33,27.89115646258503,8.843537414965986,19.047619047619047,72.10884353741497,60.8843537414966,11.224489795918368
E00137927,145,46,22,24,99,82,17,31.724137931034484,15.172413793103448,16.551724137931036,68.27586206896552,56.55172413793104,11.724137931034482
E00137928,175,57,16,41,118,99,19,32.57142857142858,9.142857142857142,23.42857142857143,67.42857142857143,56.57142857142857,10.857142857142858
E00137929,146,45,12,33,101,91,10,30.82191780821918,8.21917808219178,22.602739726027394,69.17808219178082,62.328767123287676,6.8493150684931505
E00137930,142,50,14,36,92,68,24,35.2112676056338,9.859154929577464,25.352112676056336,64.7887323943662,47.88732394366197,16.901408450704224
E00137931,192,55,17,38,137,123,14,28.645833333333332,8.854166666666668,19.791666666666664,71.35416666666666,64.0625,7.291666666666667
E00137932,169,46,19,27,123,114,9,27.218934911242602,11.242603550295858,15.976331360946746,72.7810650887574,67.45562130177515,5.325443786982249
E00137935,93,34,14,20,59,50,9,36.55913978494624,15.053763440860216,21.50537634408602,63.44086021505376,53.76344086021505,9.67741935483871
E00137936,116,36,16,20,80,69,11,31.03448275862069,13.793103448275861,17.24137931034483,68.96551724137932,59.48275862068966,9.482758620689655
E00137937,168,57,31,26,111,85,26,33.92857142857143,18.452380952380953,15.476190476190476,66.07142857142857,50.595238095238095,15.476190476190476
E00137938,123,34,9,25,89,73,16,27.64227642276423,7.317073170731707,20.32520325203252,72.35772357723577,59.34959349593496,13.008130081300814
E00137939,154,43,16,27,111,92,19,27.92207792207792,10.38961038961039,17.532467532467532,72.07792207792207,59.74025974025974,12.337662337662337
E00137940,207,55,24,31,152,123,29,26.570048309178745,11.594202898550725,14.975845410628018,73.42995169082126,59.42028985507246,14.009661835748794
E00137941,175,47,11,36,128,110,18,26.857142857142858,6.2857142857142865,20.57142857142857,73.14285714285714,62.857142857142854,10.285714285714285
E00137943,321,81,25,56,240,200,40,25.233644859813083,7.78816199376947,17.445482866043612,74.76635514018692,62.30529595015576,12.461059190031152
E00137944,196,62,22,40,134,105,29,31.63265306122449,11.224489795918368,20.408163265306122,68.36734693877551,53.57142857142857,14.795918367346939
E00137945,165,40,12,28,125,111,14,24.242424242424242,7.2727272727272725,16.969696969696972,75.75757575757575,67.27272727272727,8.484848484848486
E00137946,121,36,20,16,85,68,17,29.75206611570248,16.528925619834713,13.223140495867769,70.24793388429752,56.19834710743802,14.049586776859504
E00137947,109,23,8,15,86,76,10,21.100917431192663,7.339449541284404,13.761467889908257,78.89908256880734,69.72477064220183,9.174311926605505
E00137948,170,55,14,41,115,96,19,32.35294117647059,8.235294117647058,24.11764705882353,67.64705882352942,56.470588235294116,11.176470588235295
E00137949,208,45,21,24,163,136,27,21.634615384615387,10.096153846153847,11.538461538461538,78.36538461538461,65.38461538461539,12.980769230769232
E00137950,145,44,19,25,101,79,22,30.344827586206897,13.10344827586207,17.24137931034483,69.6551724137931,54.48275862068965,15.172413793103448
E00137951,210,61,27,34,149,129,20,29.04761904761905,12.857142857142856,16.19047619047619,70.95238095238095,61.42857142857143,9.523809523809524
E00137952,170,53,16,37,117,98,19,31.176470588235293,9.411764705882353,21.764705882352942,68.82352941176471,57.647058823529406,11.176470588235295
E00137954,76,19,5,14,57,42,15,25,6.578947368421052,18.421052631578945,75,55.26315789473685,19.736842105263158
E00137955,119,32,10,22,87,67,20,26.89075630252101,8.403361344537815,18.487394957983195,73.10924369747899,56.30252100840336,16.80672268907563
E00137956,147,55,28,27,92,66,26,37.41496598639456,19.047619047619047,18.367346938775512,62.585034013605444,44.89795918367347,17.687074829931973
E00137957,119,42,17,25,77,64,13,35.294117647058826,14.285714285714285,21.008403361344538,64.70588235294117,53.78151260504202,10.92436974789916
E00137958,117,40,10,30,77,61,16,34.18803418803419,8.547008547008547,25.64102564102564,65.8119658119658,52.13675213675214,13.675213675213676
E00137959,65,18,9,9,47,35,12,27.692307692307693,13.846153846153847,13.846153846153847,72.3076923076923,53.84615384615385,18.461538461538463
E00137960,239,73,31,42,166,140,26,30.543933054393307,12.97071129707113,17.573221757322173,69.4560669456067,58.57740585774059,10.87866108786611
E00137961,111,29,7,22,82,74,8,26.126126126126124,6.306306306306306,19.81981981981982,73.87387387387388,66.66666666666666,7.207207207207207
E00137962,164,37,7,30,127,110,17,22.5609756097561,4.2682926829268295,18.29268292682927,77.4390243902439,67.07317073170732,10.365853658536585
E00137963,169,56,19,37,113,84,29,33.13609467455622,11.242603550295858,21.893491124260358,66.86390532544378,49.70414201183432,17.159763313609467
E00137964,212,77,32,45,135,110,25,36.32075471698113,15.09433962264151,21.22641509433962,63.67924528301887,51.886792452830186,11.79245283018868
E00137965,178,42,12,30,136,118,18,23.595505617977526,6.741573033707865,16.853932584269664,76.40449438202246,66.29213483146067,10.112359550561797
E00137966,160,44,16,28,116,96,20,27.500000000000004,10,17.5,72.5,60,12.5
E00137968,152,51,11,40,101,86,15,33.55263157894737,7.236842105263158,26.31578947368421,66.44736842105263,56.57894736842105,9.868421052631579
E00137969,155,49,11,38,106,92,14,31.61290322580645,7.096774193548387,24.516129032258064,68.38709677419355,59.354838709677416,9.032258064516128
E00137970,118,34,13,21,84,68,16,28.8135593220339,11.016949152542372,17.796610169491526,71.1864406779661,57.6271186440678,13.559322033898304
E00137971,161,56,20,36,105,91,14,34.78260869565217,12.422360248447205,22.36024844720497,65.21739130434783,56.52173913043478,8.695652173913043
E00137972,153,56,19,37,97,83,14,36.60130718954248,12.418300653594772,24.183006535947712,63.39869281045751,54.248366013071895,9.15032679738562
E00137973,132,47,16,31,85,73,12,35.60606060606061,12.121212121212121,23.484848484848484,64.39393939393939,55.3030303030303,9.090909090909092
E00137974,106,31,6,25,75,63,12,29.245283018867923,5.660377358490567,23.58490566037736,70.75471698113208,59.43396226415094,11.320754716981133
E00137975,175,43,15,28,132,108,24,24.571428571428573,8.571428571428571,16,75.42857142857143,61.71428571428571,13.714285714285715
E00137976,140,43,14,29,97,85,12,30.714285714285715,10,20.714285714285715,69.28571428571428,60.71428571428571,8.571428571428571
E00137977,187,52,17,35,135,118,17,27.807486631016044,9.090909090909092,18.71657754010695,72.19251336898395,63.101604278074866,9.090909090909092
E00137978,285,72,24,48,213,185,28,25.263157894736842,8.421052631578947,16.842105263157894,74.73684210526315,64.91228070175438,9.824561403508772
E00137979,155,44,11,33,111,97,14,28.387096774193548,7.096774193548387,21.29032258064516,71.61290322580646,62.58064516129033,9.032258064516128
E00137980,200,50,14,36,150,134,16,25,7.000000000000001,18,75,67,8
E00137981,191,44,13,31,147,131,16,23.036649214659686,6.806282722513089,16.230366492146597,76.96335078534031,68.58638743455498,8.37696335078534
E00137982,150,58,21,37,92,78,14,38.666666666666664,14.000000000000002,24.666666666666668,61.33333333333333,52,9.333333333333334
E00137983,181,57,20,37,124,106,18,31.491712707182316,11.049723756906078,20.441988950276244,68.50828729281768,58.5635359116022,9.94475138121547
E00137984,199,65,18,47,134,120,14,32.663316582914575,9.045226130653267,23.618090452261306,67.33668341708542,60.30150753768844,7.035175879396985
E00137985,170,60,18,42,110,93,17,35.294117647058826,10.588235294117647,24.705882352941178,64.70588235294117,54.70588235294118,10
E00137986,148,32,10,22,116,104,12,21.62162162162162,6.756756756756757,14.864864864864865,78.37837837837837,70.27027027027027,8.108108108108109
E00137987,158,47,9,38,111,96,15,29.746835443037973,5.69620253164557,24.050632911392405,70.25316455696202,60.75949367088608,9.49367088607595
E00137988,151,38,15,23,113,98,15,25.165562913907287,9.933774834437086,15.2317880794702,74.83443708609272,64.90066225165563,9.933774834437086
E00137989,127,36,5,31,91,74,17,28.346456692913385,3.937007874015748,24.409448818897637,71.65354330708661,58.26771653543307,13.385826771653544
E00137991,234,68,27,41,166,132,34,29.059829059829063,11.538461538461538,17.52136752136752,70.94017094017094,56.41025641025641,14.529914529914532
E00137992,147,49,12,37,98,84,14,33.33333333333333,8.16326530612245,25.170068027210885,66.66666666666666,57.14285714285714,9.523809523809524
E00137993,162,45,13,32,117,96,21,27.77777777777778,8.024691358024691,19.753086419753085,72.22222222222221,59.25925925925925,12.962962962962962
E00137994,182,55,17,38,127,106,21,30.21978021978022,9.340659340659341,20.87912087912088,69.78021978021978,58.24175824175825,11.538461538461538
E00137995,127,38,13,25,89,74,15,29.92125984251969,10.236220472440944,19.68503937007874,70.07874015748031,58.26771653543307,11.811023622047244
E00137996,162,41,12,29,121,101,20,25.308641975308642,7.4074074074074066,17.901234567901234,74.69135802469135,62.34567901234568,12.345679012345679
E00137997,161,39,10,29,122,114,8,24.22360248447205,6.211180124223603,18.012422360248447,75.77639751552795,70.80745341614907,4.968944099378882
E00137998,152,52,11,41,100,84,16,34.21052631578947,7.236842105263158,26.973684210526315,65.78947368421053,55.26315789473685,10.526315789473683
E00137999,107,36,16,20,71,61,10,33.64485981308411,14.953271028037381,18.69158878504673,66.35514018691589,57.009345794392516,9.345794392523365
E00138000,112,38,12,26,74,69,5,33.92857142857143,10.714285714285714,23.214285714285715,66.07142857142857,61.60714285714286,4.464285714285714
E00138001,91,31,6,25,60,51,9,34.065934065934066,6.593406593406594,27.472527472527474,65.93406593406593,56.043956043956044,9.89010989010989
E00138002,132,47,13,34,85,77,8,35.60606060606061,9.848484848484848,25.757575757575758,64.39393939393939,58.333333333333336,6.0606060606060606
E00138003,162,52,19,33,110,95,15,32.098765432098766,11.728395061728394,20.37037037037037,67.90123456790124,58.64197530864198,9.25925925925926
E00138004,179,59,15,44,120,108,12,32.960893854748605,8.379888268156424,24.581005586592177,67.0391061452514,60.33519553072626,6.70391061452514
E00138005,171,52,18,34,119,103,16,30.409356725146196,10.526315789473683,19.883040935672515,69.5906432748538,60.23391812865497,9.35672514619883
E00138006,118,37,19,18,81,60,21,31.35593220338983,16.101694915254235,15.254237288135593,68.64406779661016,50.847457627118644,17.796610169491526
E00138007,199,71,32,39,128,93,35,35.678391959798994,16.08040201005025,19.597989949748744,64.321608040201,46.733668341708544,17.587939698492463
E00138008,98,40,9,31,58,39,19,40.816326530612244,9.183673469387756,31.63265306122449,59.183673469387756,39.795918367346935,19.387755102040817
E00138009,214,70,32,38,144,100,44,32.71028037383177,14.953271028037381,17.75700934579439,67.28971962616822,46.728971962616825,20.5607476635514
E00138010,132,59,25,34,73,51,22,44.696969696969695,18.939393939393938,25.757575757575758,55.3030303030303,38.63636363636363,16.666666666666664
E00138011,151,54,14,40,97,79,18,35.76158940397351,9.271523178807946,26.490066225165563,64.23841059602648,52.317880794701985,11.920529801324504
E00138012,179,53,19,34,126,103,23,29.608938547486037,10.614525139664805,18.994413407821227,70.39106145251397,57.54189944134078,12.849162011173185
E00138013,162,47,21,26,115,103,12,29.01234567901235,12.962962962962962,16.049382716049383,70.98765432098766,63.580246913580254,7.4074074074074066
E00138014,197,47,15,32,150,123,27,23.85786802030457,7.614213197969544,16.243654822335024,76.14213197969542,62.43654822335025,13.705583756345177
E00138015,126,30,8,22,96,87,9,23.809523809523807,6.349206349206349,17.46031746031746,76.19047619047619,69.04761904761905,7.142857142857142
E00138017,133,36,8,28,97,81,16,27.06766917293233,6.015037593984962,21.052631578947366,72.93233082706767,60.902255639097746,12.030075187969924
E00138018,115,39,17,22,76,60,16,33.91304347826087,14.782608695652174,19.130434782608695,66.08695652173913,52.17391304347826,13.91304347826087
E00138019,103,34,11,23,69,62,7,33.00970873786408,10.679611650485436,22.330097087378643,66.99029126213593,60.19417475728155,6.796116504854369
E00138020,137,27,7,20,110,99,11,19.708029197080293,5.109489051094891,14.5985401459854,80.2919708029197,72.26277372262774,8.02919708029197
E00138021,137,45,9,36,92,82,10,32.846715328467155,6.569343065693431,26.277372262773724,67.15328467153284,59.854014598540154,7.2992700729927
E00138022,231,59,20,39,172,149,23,25.541125541125542,8.658008658008658,16.883116883116884,74.45887445887446,64.5021645021645,9.956709956709958
E00138023,111,42,20,22,69,61,8,37.83783783783784,18.01801801801802,19.81981981981982,62.16216216216216,54.95495495495496,7.207207207207207
E00138024,174,43,15,28,131,104,27,24.71264367816092,8.620689655172415,16.091954022988507,75.28735632183908,59.77011494252874,15.517241379310345
E00138934,173,54,21,33,119,103,16,31.213872832369944,12.138728323699421,19.07514450867052,68.78612716763006,59.53757225433526,9.248554913294797
E00138935,155,45,20,25,110,103,7,29.03225806451613,12.903225806451612,16.129032258064516,70.96774193548387,66.45161290322581,4.516129032258064
E00138936,177,52,21,31,125,105,20,29.37853107344633,11.864406779661017,17.51412429378531,70.62146892655367,59.32203389830508,11.299435028248588
E00138937,145,37,9,28,108,91,17,25.517241379310345,6.206896551724138,19.310344827586206,74.48275862068967,62.758620689655174,11.724137931034482
E00138938,99,19,7,12,80,69,11,19.19191919191919,7.07070707070707,12.121212121212121,80.8080808080808,69.6969696969697,11.11111111111111
E00138939,183,60,23,37,123,109,14,32.78688524590164,12.568306010928962,20.21857923497268,67.21311475409836,59.56284153005464,7.650273224043716
E00138940,169,40,14,26,129,108,21,23.668639053254438,8.284023668639055,15.384615384615385,76.33136094674556,63.905325443786985,12.42603550295858
E00138941,136,47,12,35,89,76,13,34.55882352941176,8.823529411764707,25.735294117647058,65.44117647058823,55.88235294117647,9.558823529411764
E00138942,133,37,11,26,96,87,9,27.819548872180448,8.270676691729323,19.548872180451127,72.18045112781954,65.41353383458647,6.7669172932330826
E00138943,136,42,11,31,94,84,10,30.88235294117647,8.088235294117647,22.794117647058822,69.11764705882352,61.76470588235294,7.352941176470589
E00138944,173,49,12,37,124,117,7,28.32369942196532,6.9364161849710975,21.38728323699422,71.67630057803468,67.63005780346822,4.046242774566474
E00138945,127,31,13,18,96,87,9,24.409448818897637,10.236220472440944,14.173228346456693,75.59055118110236,68.50393700787401,7.086614173228346
E00138946,109,22,5,17,87,75,12,20.18348623853211,4.587155963302752,15.59633027522936,79.81651376146789,68.80733944954129,11.009174311926607
E00138947,107,20,3,17,87,73,14,18.69158878504673,2.803738317757009,15.887850467289718,81.30841121495327,68.22429906542055,13.084112149532709
E00138948,137,36,13,23,101,92,9,26.277372262773724,9.48905109489051,16.78832116788321,73.72262773722628,67.15328467153284,6.569343065693431
E00138949,159,39,13,26,120,94,26,24.528301886792452,8.176100628930817,16.352201257861633,75.47169811320755,59.11949685534591,16.352201257861633
E00138950,128,31,10,21,97,85,12,24.21875,7.8125,16.40625,75.78125,66.40625,9.375
E00138951,104,28,4,24,76,63,13,26.923076923076923,3.8461538461538463,23.076923076923077,73.07692307692307,60.57692307692307,12.5
E00138952,129,35,17,18,94,83,11,27.131782945736433,13.178294573643413,13.953488372093023,72.86821705426357,64.34108527131784,8.527131782945736
E00138953,256,51,20,31,205,182,23,19.921875,7.8125,12.109375,80.078125,71.09375,8.984375
E00138954,236,58,20,38,178,159,19,24.576271186440678,8.47457627118644,16.101694915254235,75.42372881355932,67.37288135593221,8.050847457627118
E00138955,186,41,13,28,145,130,15,22.043010752688172,6.989247311827956,15.053763440860216,77.95698924731182,69.89247311827957,8.064516129032258
E00138956,257,69,25,44,188,167,21,26.848249027237355,9.72762645914397,17.120622568093385,73.15175097276264,64.98054474708171,8.171206225680933
E00138957,151,39,14,25,112,98,14,25.82781456953642,9.271523178807946,16.55629139072848,74.17218543046357,64.90066225165563,9.271523178807946
E00138958,180,33,7,26,147,118,29,18.333333333333332,3.888888888888889,14.444444444444443,81.66666666666667,65.55555555555556,16.11111111111111
E00138959,194,40,12,28,154,136,18,20.618556701030926,6.185567010309279,14.432989690721648,79.38144329896907,70.10309278350515,9.278350515463918
E00138960,188,39,13,26,149,129,20,20.74468085106383,6.914893617021277,13.829787234042554,79.25531914893617,68.61702127659575,10.638297872340425
E00138961,193,39,8,31,154,125,29,20.207253886010363,4.145077720207254,16.06217616580311,79.79274611398964,64.76683937823834,15.025906735751295
E00138962,203,42,10,32,161,152,9,20.689655172413794,4.926108374384237,15.763546798029557,79.3103448275862,74.8768472906404,4.433497536945813
E00138963,141,36,14,22,105,95,10,25.53191489361702,9.929078014184398,15.602836879432624,74.46808510638297,67.37588652482269,7.092198581560284
E00138965,233,60,22,38,173,152,21,25.75107296137339,9.44206008583691,16.30901287553648,74.2489270386266,65.23605150214593,9.012875536480687
E00138966,253,62,21,41,191,167,24,24.50592885375494,8.300395256916996,16.205533596837945,75.49407114624506,66.00790513833992,9.486166007905137
E00138967,195,31,10,21,164,144,20,15.897435897435896,5.128205128205128,10.76923076923077,84.1025641025641,73.84615384615385,10.256410256410255
E00138971,140,23,4,19,117,104,13,16.428571428571427,2.857142857142857,13.571428571428571,83.57142857142857,74.28571428571429,9.285714285714286
E00138972,167,44,8,36,123,113,10,26.34730538922156,4.790419161676647,21.55688622754491,73.65269461077844,67.66467065868264,5.9880239520958085
E00138973,116,30,9,21,86,80,6,25.862068965517242,7.758620689655173,18.103448275862068,74.13793103448276,68.96551724137932,5.172413793103448
E00138974,230,44,14,30,186,164,22,19.130434782608695,6.086956521739131,13.043478260869565,80.8695652173913,71.30434782608695,9.565217391304348
E00138975,157,57,20,37,100,81,19,36.30573248407643,12.738853503184714,23.56687898089172,63.69426751592356,51.59235668789809,12.101910828025478
E00138976,247,55,18,37,192,159,33,22.267206477732792,7.28744939271255,14.979757085020243,77.7327935222672,64.37246963562752,13.360323886639677
E00138977,105,28,5,23,77,67,10,26.666666666666668,4.761904761904762,21.904761904761905,73.33333333333333,63.8095238095238,9.523809523809524
E00138978,147,34,8,26,113,100,13,23.12925170068027,5.442176870748299,17.687074829931973,76.87074829931973,68.02721088435374,8.843537414965986
E00138979,128,48,16,32,80,66,14,37.5,12.5,25,62.5,51.5625,10.9375
E00138980,154,50,20,30,104,93,11,32.467532467532465,12.987012987012985,19.480519480519483,67.53246753246754,60.3896103896104,7.142857142857142
E00138981,191,60,11,49,131,113,18,31.413612565445025,5.7591623036649215,25.654450261780106,68.58638743455498,59.16230366492147,9.424083769633508
E00138982,150,33,10,23,117,96,21,22,6.666666666666667,15.333333333333332,78,64,14.000000000000002
E00138983,130,32,5,27,98,83,15,24.615384615384617,3.8461538461538463,20.76923076923077,75.38461538461539,63.84615384615384,11.538461538461538
E00138984,209,55,18,37,154,131,23,26.31578947368421,8.61244019138756,17.703349282296653,73.68421052631578,62.67942583732058,11.004784688995215
E00138985,204,51,14,37,153,136,17,25,6.862745098039216,18.137254901960784,75,66.66666666666666,8.333333333333332
E00138986,172,42,13,29,130,113,17,24.418604651162788,7.55813953488372,16.86046511627907,75.5813953488372,65.69767441860465,9.883720930232558
E00138987,313,66,18,48,247,216,31,21.08626198083067,5.7507987220447285,15.335463258785943,78.91373801916933,69.00958466453673,9.904153354632587
E00138988,118,40,12,28,78,72,6,33.89830508474576,10.16949152542373,23.728813559322035,66.10169491525424,61.016949152542374,5.084745762711865
E00138990,154,37,15,22,117,94,23,24.025974025974026,9.740259740259742,14.285714285714285,75.97402597402598,61.038961038961034,14.935064935064934
E00138991,156,32,8,24,124,114,10,20.51282051282051,5.128205128205128,15.384615384615385,79.48717948717949,73.07692307692307,6.41025641025641
E00138992,220,61,18,43,159,129,30,27.727272727272727,8.181818181818182,19.545454545454547,72.27272727272728,58.63636363636363,13.636363636363635
E00138993,155,49,16,33,106,92,14,31.61290322580645,10.32258064516129,21.29032258064516,68.38709677419355,59.354838709677416,9.032258064516128
E00138994,173,46,16,30,127,107,20,26.589595375722542,9.248554913294797,17.341040462427745,73.41040462427746,61.849710982658955,11.560693641618498
E00138995,68,20,7,13,48,35,13,29.411764705882355,10.294117647058822,19.11764705882353,70.58823529411765,51.470588235294116,19.11764705882353
E00138996,98,24,6,18,74,69,5,24.489795918367346,6.122448979591836,18.367346938775512,75.51020408163265,70.40816326530613,5.1020408163265305
E00138997,138,45,11,34,93,86,7,32.608695652173914,7.971014492753622,24.637681159420293,67.3913043478261,62.31884057971014,5.072463768115942
E00138998,136,33,13,20,103,88,15,24.264705882352942,9.558823529411764,14.705882352941178,75.73529411764706,64.70588235294117,11.029411764705882
E00138999,134,40,18,22,94,85,9,29.850746268656714,13.432835820895523,16.417910447761194,70.1492537313433,63.43283582089553,6.7164179104477615
E00139000,222,58,25,33,164,138,26,26.126126126126124,11.26126126126126,14.864864864864865,73.87387387387388,62.16216216216216,11.711711711711711
E00139001,244,71,27,44,173,144,29,29.098360655737704,11.065573770491802,18.0327868852459,70.90163934426229,59.01639344262295,11.885245901639344
E00139003,235,54,16,38,181,154,27,22.97872340425532,6.808510638297872,16.170212765957448,77.02127659574468,65.53191489361701,11.48936170212766
E00139004,185,47,15,32,138,126,12,25.405405405405407,8.108108108108109,17.2972972972973,74.5945945945946,68.10810810810811,6.486486486486487
E00139005,136,44,11,33,92,80,12,32.35294117647059,8.088235294117647,24.264705882352942,67.64705882352942,58.82352941176471,8.823529411764707
E00139006,131,39,13,26,92,83,9,29.770992366412212,9.923664122137405,19.84732824427481,70.22900763358778,63.358778625954194,6.870229007633588
E00139007,185,60,21,39,125,103,22,32.432432432432435,11.351351351351353,21.08108108108108,67.56756756756756,55.67567567567567,11.891891891891893
E00139008,189,58,21,37,131,111,20,30.687830687830687,11.11111111111111,19.576719576719576,69.31216931216932,58.730158730158735,10.582010582010582
E00139009,79,27,13,14,52,44,8,34.177215189873415,16.455696202531644,17.72151898734177,65.82278481012658,55.69620253164557,10.126582278481013
E00139010,246,76,20,56,170,144,26,30.89430894308943,8.130081300813007,22.76422764227642,69.10569105691057,58.536585365853654,10.569105691056912
E00139011,115,25,8,17,90,77,13,21.73913043478261,6.956521739130435,14.782608695652174,78.26086956521739,66.95652173913044,11.304347826086957
E00139012,158,51,22,29,107,95,12,32.278481012658226,13.924050632911392,18.354430379746837,67.72151898734177,60.12658227848101,7.59493670886076
E00139013,139,44,17,27,95,83,12,31.654676258992804,12.23021582733813,19.424460431654676,68.34532374100719,59.71223021582733,8.633093525179856
E00139014,193,51,13,38,142,121,21,26.42487046632124,6.7357512953367875,19.689119170984455,73.57512953367875,62.69430051813472,10.880829015544041
E00139015,118,34,10,24,84,65,19,28.8135593220339,8.47457627118644,20.33898305084746,71.1864406779661,55.08474576271186,16.101694915254235
E00139016,162,44,18,26,118,99,19,27.160493827160494,11.11111111111111,16.049382716049383,72.8395061728395,61.111111111111114,11.728395061728394
E00139017,162,42,11,31,120,98,22,25.925925925925924,6.790123456790123,19.1358024691358,74.07407407407408,60.49382716049383,13.580246913580247
E00139018,136,36,17,19,100,90,10,26.47058823529412,12.5,13.970588235294118,73.52941176470588,66.17647058823529,7.352941176470589
E00139019,105,21,7,14,84,67,17,20,6.666666666666667,13.333333333333334,80,63.8095238095238,16.19047619047619
E00139020,144,45,14,31,99,80,19,31.25,9.722222222222223,21.52777777777778,68.75,55.55555555555556,13.194444444444445
E00139021,136,38,10,28,98,76,22,27.941176470588236,7.352941176470589,20.588235294117645,72.05882352941177,55.88235294117647,16.176470588235293
E00139022,186,71,23,48,115,101,14,38.17204301075269,12.365591397849462,25.806451612903224,61.82795698924731,54.3010752688172,7.526881720430108
E00139023,142,39,18,21,103,86,17,27.464788732394368,12.676056338028168,14.788732394366196,72.53521126760563,60.56338028169014,11.971830985915492
E00139024,163,55,20,35,108,84,24,33.74233128834356,12.269938650306749,21.472392638036812,66.25766871165644,51.533742331288344,14.723926380368098
E00139025,172,36,6,30,136,117,19,20.930232558139537,3.488372093023256,17.441860465116278,79.06976744186046,68.02325581395348,11.046511627906977
E00139026,186,45,16,29,141,112,29,24.193548387096776,8.60215053763441,15.591397849462366,75.80645161290323,60.215053763440864,15.591397849462366
E00139027,102,30,14,16,72,61,11,29.411764705882355,13.725490196078432,15.686274509803921,70.58823529411765,59.80392156862745,10.784313725490197
E00139028,123,34,17,17,89,72,17,27.64227642276423,13.821138211382115,13.821138211382115,72.35772357723577,58.536585365853654,13.821138211382115
E00139029,114,33,10,23,81,67,14,28.947368421052634,8.771929824561402,20.175438596491226,71.05263157894737,58.77192982456141,12.280701754385964
E00139030,190,41,13,28,149,132,17,21.578947368421055,6.842105263157896,14.736842105263156,78.42105263157895,69.47368421052632,8.947368421052632
E00139031,92,28,14,14,64,54,10,30.434782608695656,15.217391304347828,15.217391304347828,69.56521739130434,58.69565217391305,10.869565217391305
E00139032,153,52,22,30,101,74,27,33.98692810457516,14.37908496732026,19.607843137254903,66.01307189542483,48.366013071895424,17.647058823529413
E00139033,190,51,13,38,139,119,20,26.842105263157894,6.842105263157896,20,73.15789473684211,62.63157894736842,10.526315789473683
E00139034,93,31,13,18,62,48,14,33.33333333333333,13.978494623655912,19.35483870967742,66.66666666666666,51.61290322580645,15.053763440860216
E00139035,118,37,13,24,81,72,9,31.35593220338983,11.016949152542372,20.33898305084746,68.64406779661016,61.016949152542374,7.627118644067797
E00139036,156,53,28,25,103,86,17,33.97435897435898,17.94871794871795,16.025641025641026,66.02564102564102,55.12820512820513,10.897435897435898
E00139037,127,31,7,24,96,81,15,24.409448818897637,5.511811023622047,18.89763779527559,75.59055118110236,63.77952755905512,11.811023622047244
E00139038,247,70,16,54,177,153,24,28.34008097165992,6.477732793522267,21.86234817813765,71.65991902834008,61.943319838056674,9.7165991902834
E00139039,115,35,15,20,80,69,11,30.434782608695656,13.043478260869565,17.391304347826086,69.56521739130434,60,9.565217391304348
E00139040,151,42,19,23,109,96,13,27.81456953642384,12.582781456953644,15.2317880794702,72.18543046357617,63.576158940397356,8.609271523178808
E00139041,166,55,21,34,111,94,17,33.13253012048193,12.650602409638553,20.481927710843372,66.86746987951807,56.62650602409639,10.240963855421686
E00139042,172,63,23,40,109,93,16,36.627906976744185,13.372093023255813,23.25581395348837,63.372093023255815,54.06976744186046,9.30232558139535
E00139043,146,42,9,33,104,89,15,28.767123287671232,6.164383561643835,22.602739726027394,71.23287671232876,60.95890410958904,10.273972602739725
E00139045,215,70,20,50,145,131,14,32.55813953488372,9.30232558139535,23.25581395348837,67.44186046511628,60.93023255813953,6.511627906976744
E00139046,110,37,10,27,73,73,0,33.63636363636363,9.090909090909092,24.545454545454547,66.36363636363637,66.36363636363637,0
E00139047,112,33,9,24,79,74,5,29.464285714285715,8.035714285714286,21.428571428571427,70.53571428571429,66.07142857142857,4.464285714285714
E00139048,292,80,30,50,212,182,30,27.397260273972602,10.273972602739725,17.123287671232877,72.6027397260274,62.328767123287676,10.273972602739725
E00139049,125,32,8,24,93,77,16,25.6,6.4,19.2,74.4,61.6,12.8
E00139050,122,32,9,23,90,83,7,26.229508196721312,7.377049180327869,18.852459016393443,73.77049180327869,68.0327868852459,5.737704918032787
E00139051,154,37,16,21,117,102,15,24.025974025974026,10.38961038961039,13.636363636363635,75.97402597402598,66.23376623376623,9.740259740259742
E00139052,153,38,7,31,115,98,17,24.836601307189543,4.57516339869281,20.26143790849673,75.16339869281046,64.05228758169935,11.11111111111111
E00139053,168,37,11,26,131,108,23,22.023809523809522,6.547619047619048,15.476190476190476,77.97619047619048,64.28571428571429,13.690476190476192
E00139054,288,79,33,46,209,179,30,27.430555555555557,11.458333333333332,15.972222222222221,72.56944444444444,62.15277777777778,10.416666666666668
E00139055,137,48,19,29,89,75,14,35.03649635036496,13.86861313868613,21.16788321167883,64.96350364963503,54.74452554744526,10.218978102189782
E00139056,104,27,8,19,77,70,7,25.961538461538463,7.6923076923076925,18.269230769230766,74.03846153846155,67.3076923076923,6.730769230769231
E00139057,117,37,9,28,80,70,10,31.62393162393162,7.6923076923076925,23.931623931623932,68.37606837606837,59.82905982905983,8.547008547008547
E00139058,154,45,15,30,109,95,14,29.22077922077922,9.740259740259742,19.480519480519483,70.77922077922078,61.68831168831169,9.090909090909092
E00139059,168,42,20,22,126,97,29,25,11.904761904761903,13.095238095238097,75,57.738095238095234,17.261904761904763
E00139060,148,53,15,38,95,82,13,35.810810810810814,10.135135135135135,25.675675675675674,64.1891891891892,55.4054054054054,8.783783783783784
E00139061,147,39,15,24,108,92,16,26.53061224489796,10.204081632653061,16.3265306122449,73.46938775510205,62.585034013605444,10.884353741496598
E00139062,158,48,13,35,110,90,20,30.37974683544304,8.227848101265822,22.151898734177212,69.62025316455697,56.9620253164557,12.658227848101266
E00139063,121,32,8,24,89,75,14,26.446280991735538,6.6115702479338845,19.834710743801654,73.55371900826447,61.98347107438017,11.570247933884298
E00139064,89,29,8,21,60,53,7,32.58426966292135,8.98876404494382,23.595505617977526,67.41573033707866,59.55056179775281,7.865168539325842
E00139065,122,31,7,24,91,83,8,25.40983606557377,5.737704918032787,19.672131147540984,74.59016393442623,68.0327868852459,6.557377049180328
E00139066,156,48,19,29,108,89,19,30.76923076923077,12.179487179487179,18.58974358974359,69.23076923076923,57.05128205128205,12.179487179487179
E00139067,162,42,12,30,120,109,11,25.925925925925924,7.4074074074074066,18.51851851851852,74.07407407407408,67.28395061728395,6.790123456790123
E00139068,152,40,14,26,112,98,14,26.31578947368421,9.210526315789473,17.105263157894736,73.68421052631578,64.47368421052632,9.210526315789473
E00139069,122,31,10,21,91,73,18,25.40983606557377,8.19672131147541,17.21311475409836,74.59016393442623,59.83606557377049,14.754098360655737
E00139070,146,54,15,39,92,74,18,36.986301369863014,10.273972602739725,26.71232876712329,63.013698630136986,50.68493150684932,12.32876712328767
E00139071,179,59,23,36,120,88,32,32.960893854748605,12.849162011173185,20.11173184357542,67.0391061452514,49.162011173184354,17.877094972067038
E00139072,192,44,17,27,148,129,19,22.916666666666664,8.854166666666668,14.0625,77.08333333333334,67.1875,9.895833333333332
E00139073,145,45,16,29,100,89,11,31.03448275862069,11.03448275862069,20,68.96551724137932,61.37931034482759,7.586206896551724
E00139074,115,34,15,19,81,64,17,29.565217391304348,13.043478260869565,16.52173913043478,70.43478260869566,55.65217391304348,14.782608695652174
E00139075,98,32,17,15,66,47,19,32.6530612244898,17.346938775510203,15.306122448979592,67.3469387755102,47.95918367346938,19.387755102040817
E00139076,199,61,19,42,138,107,31,30.65326633165829,9.547738693467336,21.105527638190953,69.34673366834171,53.768844221105525,15.577889447236181
E00139077,217,77,30,47,140,115,25,35.483870967741936,13.82488479262673,21.658986175115206,64.51612903225806,52.995391705069125,11.52073732718894
E00139078,195,46,11,35,149,119,30,23.589743589743588,5.641025641025641,17.94871794871795,76.41025641025641,61.02564102564103,15.384615384615385
E00139079,135,46,17,29,89,75,14,34.074074074074076,12.592592592592592,21.48148148148148,65.92592592592592,55.55555555555556,10.37037037037037
E00139080,118,43,16,27,75,58,17,36.440677966101696,13.559322033898304,22.88135593220339,63.559322033898304,49.152542372881356,14.40677966101695
E00139081,232,81,40,41,151,115,36,34.91379310344828,17.24137931034483,17.67241379310345,65.08620689655173,49.56896551724138,15.517241379310345
E00139082,124,40,17,23,84,73,11,32.25806451612903,13.709677419354838,18.548387096774192,67.74193548387096,58.87096774193549,8.870967741935484
E00139083,216,57,26,31,159,127,32,26.38888888888889,12.037037037037036,14.351851851851851,73.61111111111111,58.79629629629629,14.814814814814813
E00139084,154,31,6,25,123,115,8,20.12987012987013,3.896103896103896,16.233766233766232,79.87012987012987,74.67532467532467,5.194805194805195
E00139085,107,43,6,37,64,58,6,40.18691588785047,5.607476635514018,34.57943925233645,59.813084112149525,54.20560747663551,5.607476635514018
E00139086,146,27,9,18,119,105,14,18.493150684931507,6.164383561643835,12.32876712328767,81.5068493150685,71.91780821917808,9.58904109589041
E00139087,150,44,13,31,106,93,13,29.333333333333332,8.666666666666668,20.666666666666668,70.66666666666667,62,8.666666666666668
E00139088,192,37,13,24,155,141,14,19.270833333333336,6.770833333333333,12.5,80.72916666666666,73.4375,7.291666666666667
E00139089,124,27,8,19,97,85,12,21.774193548387096,6.451612903225806,15.32258064516129,78.2258064516129,68.54838709677419,9.67741935483871
E00139090,127,40,10,30,87,77,10,31.496062992125985,7.874015748031496,23.62204724409449,68.50393700787401,60.629921259842526,7.874015748031496
E00139091,144,39,15,24,105,93,12,27.083333333333332,10.416666666666668,16.666666666666664,72.91666666666666,64.58333333333334,8.333333333333332
E00139092,141,34,8,26,107,101,6,24.113475177304963,5.673758865248227,18.439716312056735,75.88652482269504,71.63120567375887,4.25531914893617
E00139093,176,37,14,23,139,122,17,21.022727272727273,7.954545454545454,13.068181818181818,78.97727272727273,69.31818181818183,9.659090909090908
E00139094,110,23,3,20,87,77,10,20.909090909090907,2.727272727272727,18.181818181818183,79.0909090909091,70,9.090909090909092
E00139095,125,25,0,25,100,85,15,20,0,20,80,68,12
E00139096,204,48,16,32,156,141,15,23.52941176470588,7.8431372549019605,15.686274509803921,76.47058823529412,69.11764705882352,7.352941176470589
E00139097,127,32,8,24,95,82,13,25.196850393700785,6.299212598425196,18.89763779527559,74.80314960629921,64.56692913385827,10.236220472440944
E00139098,154,47,15,32,107,92,15,30.519480519480517,9.740259740259742,20.77922077922078,69.48051948051948,59.74025974025974,9.740259740259742
E00139099,134,36,13,23,98,86,12,26.865671641791046,9.701492537313433,17.16417910447761,73.13432835820896,64.17910447761194,8.955223880597014
E00139100,126,39,8,31,87,76,11,30.952380952380953,6.349206349206349,24.6031746031746,69.04761904761905,60.317460317460316,8.73015873015873
E00139101,114,45,16,29,69,60,9,39.473684210526315,14.035087719298245,25.438596491228072,60.526315789473685,52.63157894736842,7.894736842105263
E00139102,109,29,7,22,80,64,16,26.605504587155966,6.422018348623854,20.18348623853211,73.39449541284404,58.71559633027523,14.678899082568808
E00139103,134,42,17,25,92,79,13,31.343283582089555,12.686567164179104,18.65671641791045,68.65671641791045,58.95522388059702,9.701492537313433
E00139104,190,56,16,40,134,117,17,29.47368421052631,8.421052631578947,21.052631578947366,70.52631578947368,61.578947368421055,8.947368421052632
E00139105,175,40,15,25,135,107,28,22.857142857142858,8.571428571428571,14.285714285714285,77.14285714285715,61.142857142857146,16
E00139106,173,43,15,28,130,118,12,24.85549132947977,8.670520231213873,16.184971098265898,75.14450867052022,68.20809248554913,6.9364161849710975
E00139107,164,52,19,33,112,89,23,31.70731707317073,11.585365853658537,20.121951219512198,68.29268292682927,54.268292682926834,14.02439024390244
E00139108,161,52,15,37,109,97,12,32.298136645962735,9.316770186335404,22.981366459627328,67.70186335403726,60.24844720496895,7.453416149068323
E00139109,157,46,20,26,111,96,15,29.29936305732484,12.738853503184714,16.560509554140125,70.70063694267516,61.146496815286625,9.554140127388536
E00139110,158,40,14,26,118,101,17,25.31645569620253,8.860759493670885,16.455696202531644,74.68354430379746,63.92405063291139,10.759493670886076
E00139111,176,46,11,35,130,113,17,26.136363636363637,6.25,19.886363636363637,73.86363636363636,64.20454545454545,9.659090909090908
E00139112,106,39,15,24,67,60,7,36.79245283018868,14.150943396226415,22.641509433962266,63.20754716981132,56.60377358490566,6.60377358490566
E00139113,122,29,10,19,93,77,16,23.770491803278688,8.19672131147541,15.573770491803279,76.22950819672131,63.114754098360656,13.114754098360656
E00139114,137,35,11,24,102,75,27,25.547445255474454,8.02919708029197,17.51824817518248,74.45255474452554,54.74452554744526,19.708029197080293
E00139115,141,35,11,24,106,97,9,24.822695035460992,7.801418439716312,17.02127659574468,75.177304964539,68.79432624113475,6.382978723404255
E00139116,130,35,12,23,95,79,16,26.923076923076923,9.230769230769232,17.692307692307693,73.07692307692307,60.76923076923077,12.307692307692308
E00139117,213,49,12,37,164,135,29,23.004694835680752,5.633802816901409,17.370892018779344,76.99530516431925,63.38028169014085,13.615023474178404
E00139118,167,40,15,25,127,109,18,23.952095808383234,8.982035928143713,14.97005988023952,76.04790419161677,65.26946107784431,10.778443113772456
E00139119,158,42,13,29,116,101,15,26.582278481012654,8.227848101265822,18.354430379746837,73.41772151898735,63.92405063291139,9.49367088607595
E00139120,136,31,7,24,105,81,24,22.794117647058822,5.147058823529411,17.647058823529413,77.20588235294117,59.55882352941176,17.647058823529413
E00139121,140,33,8,25,107,94,13,23.57142857142857,5.714285714285714,17.857142857142858,76.42857142857142,67.14285714285714,9.285714285714286
E00139122,212,54,19,35,158,127,31,25.471698113207548,8.962264150943396,16.50943396226415,74.52830188679245,59.905660377358494,14.622641509433961
E00139123,149,30,11,19,119,102,17,20.13422818791946,7.38255033557047,12.751677852348994,79.86577181208054,68.45637583892618,11.409395973154362
E00139124,169,41,6,35,128,104,24,24.2603550295858,3.5502958579881656,20.710059171597635,75.7396449704142,61.53846153846154,14.201183431952662
E00139125,196,38,16,22,158,133,25,19.387755102040817,8.16326530612245,11.224489795918368,80.61224489795919,67.85714285714286,12.755102040816327
E00139126,147,38,14,24,109,94,15,25.850340136054424,9.523809523809524,16.3265306122449,74.14965986394559,63.94557823129252,10.204081632653061
E00139127,181,53,13,40,128,102,26,29.2817679558011,7.18232044198895,22.099447513812155,70.71823204419888,56.353591160220994,14.3646408839779
E00139128,98,31,9,22,67,58,9,31.63265306122449,9.183673469387756,22.448979591836736,68.36734693877551,59.183673469387756,9.183673469387756
E00139129,158,36,14,22,122,105,17,22.78481012658228,8.860759493670885,13.924050632911392,77.21518987341773,66.45569620253164,10.759493670886076
E00139130,151,48,14,34,103,83,20,31.788079470198678,9.271523178807946,22.516556291390728,68.21192052980133,54.966887417218544,13.245033112582782
E00139131,232,58,19,39,174,134,40,25,8.189655172413794,16.810344827586206,75,57.758620689655174,17.24137931034483
E00139132,144,29,11,18,115,90,25,20.13888888888889,7.638888888888889,12.5,79.86111111111111,62.5,17.36111111111111
E00139133,119,29,7,22,90,66,24,24.369747899159663,5.88235294117647,18.487394957983195,75.63025210084034,55.46218487394958,20.168067226890756
E00139134,172,52,16,36,120,105,15,30.23255813953488,9.30232558139535,20.930232558139537,69.76744186046511,61.04651162790697,8.720930232558139
E00139135,188,50,17,33,138,119,19,26.595744680851062,9.042553191489363,17.5531914893617,73.40425531914893,63.297872340425535,10.106382978723403
E00139136,100,32,12,20,68,58,10,32,12,20,68,57.99999999999999,10
E00139137,114,35,10,25,79,72,7,30.701754385964914,8.771929824561402,21.929824561403507,69.2982456140351,63.1578947368421,6.140350877192982
E00139138,78,13,5,8,65,61,4,16.666666666666664,6.41025641025641,10.256410256410255,83.33333333333334,78.2051282051282,5.128205128205128
E00139139,147,43,16,27,104,88,16,29.25170068027211,10.884353741496598,18.367346938775512,70.74829931972789,59.863945578231295,10.884353741496598
E00139140,167,53,19,34,114,99,15,31.736526946107784,11.377245508982035,20.359281437125748,68.26347305389223,59.281437125748504,8.982035928143713
E00139141,119,32,7,25,87,75,12,26.89075630252101,5.88235294117647,21.008403361344538,73.10924369747899,63.02521008403361,10.084033613445378
E00139142,92,24,8,16,68,62,6,26.08695652173913,8.695652173913043,17.391304347826086,73.91304347826086,67.3913043478261,6.521739130434782
E00139143,132,38,9,29,94,76,18,28.78787878787879,6.8181818181818175,21.96969696969697,71.21212121212122,57.57575757575758,13.636363636363635
E00139144,99,23,7,16,76,62,14,23.232323232323232,7.07070707070707,16.161616161616163,76.76767676767676,62.62626262626263,14.14141414141414
E00139145,83,23,8,15,60,51,9,27.710843373493976,9.63855421686747,18.072289156626507,72.28915662650603,61.44578313253012,10.843373493975903
E00139146,189,47,17,30,142,124,18,24.867724867724867,8.994708994708994,15.873015873015872,75.13227513227513,65.60846560846561,9.523809523809524
E00139147,186,39,7,32,147,138,9,20.967741935483872,3.763440860215054,17.20430107526882,79.03225806451613,74.19354838709677,4.838709677419355
E00139148,103,27,8,19,76,69,7,26.21359223300971,7.766990291262135,18.446601941747574,73.7864077669903,66.99029126213593,6.796116504854369
E00139149,109,32,13,19,77,66,11,29.357798165137616,11.926605504587156,17.431192660550458,70.64220183486239,60.550458715596335,10.091743119266056
E00139150,98,32,8,24,66,58,8,32.6530612244898,8.16326530612245,24.489795918367346,67.3469387755102,59.183673469387756,8.16326530612245
E00139151,107,23,9,14,84,71,13,21.49532710280374,8.411214953271028,13.084112149532709,78.50467289719626,66.35514018691589,12.149532710280374
E00139152,238,44,18,26,194,168,26,18.487394957983195,7.563025210084033,10.92436974789916,81.5126050420168,70.58823529411765,10.92436974789916
E00139153,240,57,10,47,183,153,30,23.75,4.166666666666666,19.583333333333332,76.25,63.74999999999999,12.5
E00139155,206,59,18,41,147,123,24,28.640776699029125,8.737864077669903,19.902912621359224,71.35922330097088,59.70873786407766,11.650485436893204
E00139156,129,32,11,21,97,74,23,24.8062015503876,8.527131782945736,16.27906976744186,75.1937984496124,57.36434108527132,17.829457364341085
E00139157,107,28,11,17,79,63,16,26.168224299065418,10.2803738317757,15.887850467289718,73.83177570093457,58.87850467289719,14.953271028037381
E00139158,135,38,19,19,97,75,22,28.14814814814815,14.074074074074074,14.074074074074074,71.85185185185186,55.55555555555556,16.296296296296298
E00139159,96,26,13,13,70,56,14,27.083333333333332,13.541666666666666,13.541666666666666,72.91666666666666,58.333333333333336,14.583333333333334
E00139160,173,50,21,29,123,94,29,28.901734104046245,12.138728323699421,16.76300578034682,71.09826589595376,54.33526011560693,16.76300578034682
E00139161,163,38,14,24,125,100,25,23.31288343558282,8.588957055214724,14.723926380368098,76.68711656441718,61.34969325153374,15.337423312883436
E00139163,197,54,24,30,143,117,26,27.411167512690355,12.18274111675127,15.228426395939088,72.58883248730965,59.390862944162436,13.19796954314721
E00139164,106,24,10,14,82,70,12,22.641509433962266,9.433962264150944,13.20754716981132,77.35849056603774,66.0377358490566,11.320754716981133
E00139165,128,33,10,23,95,83,12,25.78125,7.8125,17.96875,74.21875,64.84375,9.375
E00139166,92,27,7,20,65,51,14,29.347826086956523,7.608695652173914,21.73913043478261,70.65217391304348,55.434782608695656,15.217391304347828
E00139167,193,56,16,40,137,119,18,29.015544041450774,8.290155440414509,20.72538860103627,70.98445595854922,61.6580310880829,9.32642487046632
E00139168,163,47,12,35,116,97,19,28.834355828220858,7.361963190184049,21.472392638036812,71.16564417177914,59.50920245398773,11.65644171779141
E00139169,140,45,14,31,95,79,16,32.142857142857146,10,22.142857142857142,67.85714285714286,56.42857142857143,11.428571428571429
E00139171,212,52,20,32,160,136,24,24.528301886792452,9.433962264150944,15.09433962264151,75.47169811320755,64.15094339622641,11.320754716981133
E00139172,156,47,22,25,109,90,19,30.128205128205128,14.102564102564102,16.025641025641026,69.87179487179486,57.692307692307686,12.179487179487179
E00139173,189,35,10,25,154,138,16,18.51851851851852,5.291005291005291,13.227513227513226,81.48148148148148,73.01587301587301,8.465608465608465
E00139174,135,35,10,25,100,85,15,25.925925925925924,7.4074074074074066,18.51851851851852,74.07407407407408,62.96296296296296,11.11111111111111
E00169160,242,53,15,38,189,167,22,21.90082644628099,6.198347107438017,15.702479338842975,78.099173553719,69.00826446280992,9.090909090909092
E00169161,259,54,17,37,205,178,27,20.84942084942085,6.563706563706563,14.285714285714285,79.15057915057915,68.72586872586872,10.424710424710424
E00169162,188,51,19,32,137,114,23,27.127659574468083,10.106382978723403,17.02127659574468,72.87234042553192,60.63829787234043,12.23404255319149
E00169163,142,39,13,26,103,85,18,27.464788732394368,9.15492957746479,18.30985915492958,72.53521126760563,59.859154929577464,12.676056338028168
E00169164,164,47,18,29,117,99,18,28.65853658536585,10.975609756097562,17.682926829268293,71.34146341463415,60.36585365853659,10.975609756097562
E00169165,169,32,14,18,137,115,22,18.93491124260355,8.284023668639055,10.650887573964498,81.06508875739645,68.04733727810651,13.017751479289942
E00169166,191,45,10,35,146,126,20,23.56020942408377,5.2356020942408374,18.32460732984293,76.43979057591623,65.96858638743456,10.471204188481675
E00169167,205,44,12,32,161,141,20,21.463414634146343,5.853658536585367,15.609756097560975,78.53658536585367,68.78048780487805,9.75609756097561
E00169168,331,76,24,52,255,214,41,22.9607250755287,7.250755287009064,15.709969788519636,77.0392749244713,64.6525679758308,12.386706948640484
E00169169,234,42,15,27,192,165,27,17.94871794871795,6.41025641025641,11.538461538461538,82.05128205128204,70.51282051282051,11.538461538461538
E00169170,217,35,10,25,182,163,19,16.129032258064516,4.6082949308755765,11.52073732718894,83.87096774193549,75.11520737327189,8.755760368663594
E00169171,339,83,28,55,256,211,45,24.48377581120944,8.259587020648967,16.224188790560472,75.51622418879056,62.24188790560472,13.274336283185843
E00169172,306,71,24,47,235,205,30,23.202614379084967,7.8431372549019605,15.359477124183007,76.79738562091504,66.99346405228758,9.803921568627452
E00169173,203,47,13,34,156,141,15,23.15270935960591,6.403940886699508,16.748768472906402,76.84729064039408,69.45812807881774,7.389162561576355
E00169176,245,66,16,50,179,159,20,26.93877551020408,6.530612244897959,20.408163265306122,73.06122448979592,64.89795918367346,8.16326530612245
E00169177,214,41,11,30,173,153,20,19.158878504672895,5.14018691588785,14.018691588785046,80.8411214953271,71.49532710280374,9.345794392523365
E00169178,206,46,15,31,160,132,28,22.330097087378643,7.281553398058252,15.048543689320388,77.66990291262135,64.07766990291263,13.592233009708737
E00169179,248,58,20,38,190,167,23,23.387096774193548,8.064516129032258,15.32258064516129,76.61290322580645,67.33870967741935,9.274193548387096
E00169181,220,65,19,46,155,138,17,29.545454545454547,8.636363636363637,20.909090909090907,70.45454545454545,62.727272727272734,7.727272727272727
E00169182,213,46,16,30,167,150,17,21.5962441314554,7.511737089201878,14.084507042253522,78.40375586854461,70.4225352112676,7.981220657276995
E00169183,181,48,13,35,133,115,18,26.519337016574585,7.18232044198895,19.337016574585636,73.48066298342542,63.53591160220995,9.94475138121547
E00169184,216,54,15,39,162,133,29,25,6.944444444444445,18.055555555555554,75,61.57407407407407,13.425925925925927
E00169187,120,31,9,22,89,77,12,25.833333333333336,7.5,18.333333333333332,74.16666666666667,64.16666666666667,10
E00169188,110,38,11,27,72,68,4,34.54545454545455,10,24.545454545454547,65.45454545454545,61.81818181818181,3.6363636363636362
E00169189,258,44,16,28,214,198,16,17.05426356589147,6.2015503875969,10.852713178294573,82.94573643410853,76.74418604651163,6.2015503875969
E00169205,102,31,9,22,71,58,13,30.392156862745097,8.823529411764707,21.568627450980394,69.6078431372549,56.86274509803921,12.745098039215685
E00169206,208,53,13,40,155,129,26,25.48076923076923,6.25,19.230769230769234,74.51923076923077,62.019230769230774,12.5
E00169207,259,56,16,40,203,166,37,21.62162162162162,6.177606177606178,15.444015444015443,78.37837837837837,64.0926640926641,14.285714285714285
E00169208,211,50,17,33,161,139,22,23.696682464454977,8.056872037914692,15.639810426540285,76.30331753554502,65.87677725118483,10.42654028436019
E00169209,262,71,21,50,191,160,31,27.099236641221374,8.015267175572518,19.083969465648856,72.90076335877863,61.06870229007634,11.83206106870229
E00169211,145,32,12,20,113,88,25,22.06896551724138,8.275862068965518,13.793103448275861,77.93103448275862,60.689655172413794,17.24137931034483
E00169212,153,41,14,27,112,101,11,26.797385620915033,9.15032679738562,17.647058823529413,73.20261437908496,66.01307189542483,7.18954248366013
E00169213,219,58,18,40,161,132,29,26.48401826484018,8.21917808219178,18.2648401826484,73.51598173515981,60.273972602739725,13.24200913242009
E00169214,145,45,17,28,100,77,23,31.03448275862069,11.724137931034482,19.310344827586206,68.96551724137932,53.103448275862064,15.862068965517242
E00169215,178,44,15,29,134,105,29,24.719101123595504,8.426966292134832,16.292134831460675,75.28089887640449,58.98876404494382,16.292134831460675
E00169216,221,48,15,33,173,146,27,21.71945701357466,6.787330316742081,14.93212669683258,78.28054298642535,66.06334841628959,12.217194570135746
E00169217,202,46,12,34,156,129,27,22.772277227722775,5.9405940594059405,16.831683168316832,77.22772277227723,63.86138613861386,13.366336633663368
E00169218,151,36,11,25,115,97,18,23.841059602649008,7.28476821192053,16.55629139072848,76.15894039735099,64.23841059602648,11.920529801324504
E00169219,206,59,13,46,147,118,29,28.640776699029125,6.310679611650485,22.330097087378643,71.35922330097088,57.28155339805825,14.077669902912621
E00169220,190,37,13,24,153,120,33,19.473684210526315,6.842105263157896,12.631578947368421,80.52631578947368,63.1578947368421,17.36842105263158
E00169221,180,39,11,28,141,108,33,21.666666666666668,6.111111111111111,15.555555555555555,78.33333333333333,60,18.333333333333332
E00169222,68,18,7,11,50,39,11,26.47058823529412,10.294117647058822,16.176470588235293,73.52941176470588,57.35294117647059,16.176470588235293
E00169223,63,14,4,10,49,35,14,22.22222222222222,6.349206349206349,15.873015873015872,77.77777777777779,55.55555555555556,22.22222222222222
E00169224,306,66,24,42,240,201,39,21.568627450980394,7.8431372549019605,13.725490196078432,78.43137254901961,65.68627450980392,12.745098039215685
E00169225,270,75,23,52,195,158,37,27.77777777777778,8.518518518518519,19.25925925925926,72.22222222222221,58.51851851851851,13.703703703703704
E00169226,114,21,8,13,93,83,10,18.421052631578945,7.017543859649122,11.403508771929824,81.57894736842105,72.80701754385966,8.771929824561402
E00169227,155,36,10,26,119,100,19,23.225806451612904,6.451612903225806,16.7741935483871,76.77419354838709,64.51612903225806,12.258064516129032
E00169310,196,47,16,31,149,126,23,23.97959183673469,8.16326530612245,15.816326530612246,76.0204081632653,64.28571428571429,11.73469387755102
E00169311,201,55,17,38,146,127,19,27.363184079601986,8.45771144278607,18.90547263681592,72.636815920398,63.18407960199005,9.45273631840796
E00169312,162,32,11,21,130,102,28,19.753086419753085,6.790123456790123,12.962962962962962,80.24691358024691,62.96296296296296,17.28395061728395
E00169313,191,44,19,25,147,133,14,23.036649214659686,9.947643979057592,13.089005235602095,76.96335078534031,69.63350785340315,7.329842931937172
E00169314,185,42,15,27,143,120,23,22.702702702702705,8.108108108108109,14.594594594594595,77.29729729729729,64.86486486486487,12.432432432432433
E00169315,190,36,10,26,154,134,20,18.947368421052634,5.263157894736842,13.684210526315791,81.05263157894737,70.52631578947368,10.526315789473683
E00169317,164,35,13,22,129,110,19,21.341463414634145,7.926829268292683,13.414634146341465,78.65853658536585,67.07317073170732,11.585365853658537
E00169318,199,48,15,33,151,131,20,24.120603015075375,7.537688442211055,16.582914572864322,75.87939698492463,65.82914572864321,10.050251256281408
E00169319,164,38,14,24,126,101,25,23.170731707317074,8.536585365853659,14.634146341463413,76.82926829268293,61.58536585365854,15.24390243902439
E00169320,221,54,20,34,167,133,34,24.43438914027149,9.049773755656108,15.384615384615385,75.56561085972851,60.18099547511312,15.384615384615385
E00169321,143,40,12,28,103,86,17,27.972027972027973,8.391608391608392,19.58041958041958,72.02797202797203,60.13986013986013,11.888111888111888
E00172233,256,63,29,34,193,141,52,24.609375,11.328125,13.28125,75.390625,55.078125,20.3125
E00172234,238,58,20,38,180,142,38,24.369747899159663,8.403361344537815,15.966386554621847,75.63025210084034,59.66386554621849,15.966386554621847
E00172235,129,35,13,22,94,80,14,27.131782945736433,10.077519379844961,17.05426356589147,72.86821705426357,62.01550387596899,10.852713178294573
E00172236,145,41,10,31,104,87,17,28.27586206896552,6.896551724137931,21.379310344827587,71.72413793103448,60,11.724137931034482
E00172237,63,17,6,11,46,41,5,26.984126984126984,9.523809523809524,17.46031746031746,73.01587301587301,65.07936507936508,7.936507936507936
E00172238,277,67,23,44,210,161,49,24.187725631768952,8.303249097472925,15.884476534296029,75.81227436823104,58.12274368231047,17.689530685920577
E00172242,283,56,19,37,227,189,38,19.78798586572438,6.713780918727916,13.074204946996467,80.21201413427562,66.78445229681978,13.427561837455832
E00172243,281,74,20,54,207,167,40,26.334519572953734,7.11743772241993,19.217081850533805,73.66548042704626,59.430604982206404,14.23487544483986
E00172244,186,38,13,25,148,117,31,20.43010752688172,6.989247311827956,13.440860215053762,79.56989247311827,62.903225806451616,16.666666666666664
E00172245,297,86,25,61,211,181,30,28.95622895622896,8.417508417508419,20.53872053872054,71.04377104377105,60.94276094276094,10.1010101010101
E00172246,130,35,24,11,95,54,41,26.923076923076923,18.461538461538463,8.461538461538462,73.07692307692307,41.53846153846154,31.538461538461537
E00172247,116,24,9,15,92,70,22,20.689655172413794,7.758620689655173,12.931034482758621,79.3103448275862,60.3448275862069,18.96551724137931
E00172248,125,22,12,10,103,82,21,17.599999999999998,9.6,8,82.39999999999999,65.60000000000001,16.8
E00172249,184,51,22,29,133,106,27,27.717391304347828,11.956521739130435,15.760869565217392,72.28260869565217,57.608695652173914,14.673913043478262
E00172250,145,40,16,24,105,84,21,27.586206896551722,11.03448275862069,16.551724137931036,72.41379310344827,57.931034482758626,14.482758620689657
E00172251,115,31,14,17,84,73,11,26.956521739130434,12.173913043478262,14.782608695652174,73.04347826086956,63.47826086956522,9.565217391304348
E00172252,215,51,15,36,164,132,32,23.72093023255814,6.976744186046512,16.74418604651163,76.27906976744187,61.395348837209305,14.883720930232558
E00188946,208,55,21,34,153,116,37,26.442307692307693,10.096153846153847,16.346153846153847,73.5576923076923,55.769230769230774,17.78846153846154
E00188947,118,32,11,21,86,66,20,27.11864406779661,9.322033898305085,17.796610169491526,72.88135593220339,55.932203389830505,16.94915254237288
E00188948,167,39,12,27,128,111,17,23.353293413173652,7.18562874251497,16.16766467065868,76.64670658682635,66.46706586826348,10.179640718562874
E00188949,218,54,17,37,164,131,33,24.770642201834864,7.79816513761468,16.972477064220186,75.22935779816514,60.09174311926605,15.137614678899084
E00188950,172,28,7,21,144,126,18,16.27906976744186,4.069767441860465,12.209302325581394,83.72093023255815,73.25581395348837,10.465116279069768
E00188952,204,51,16,35,153,125,28,25,7.8431372549019605,17.15686274509804,75,61.274509803921575,13.725490196078432
E00188955,121,29,8,21,92,75,17,23.96694214876033,6.6115702479338845,17.355371900826448,76.03305785123968,61.98347107438017,14.049586776859504
E00188958,157,32,11,21,125,113,12,20.382165605095544,7.006369426751593,13.375796178343949,79.61783439490446,71.97452229299363,7.643312101910828
E00188959,138,30,10,20,108,92,16,21.73913043478261,7.246376811594203,14.492753623188406,78.26086956521739,66.66666666666666,11.594202898550725
E00188964,209,33,8,25,176,152,24,15.789473684210526,3.827751196172249,11.961722488038278,84.21052631578947,72.72727272727273,11.483253588516746
E00188965,158,20,3,17,138,122,16,12.658227848101266,1.89873417721519,10.759493670886076,87.34177215189874,77.21518987341773,10.126582278481013
E00188967,87,30,15,15,57,49,8,34.48275862068966,17.24137931034483,17.24137931034483,65.51724137931035,56.32183908045977,9.195402298850574
E00188969,156,44,10,34,112,88,24,28.205128205128204,6.41025641025641,21.794871794871796,71.7948717948718,56.41025641025641,15.384615384615385
E00188972,169,42,16,26,127,106,21,24.85207100591716,9.467455621301776,15.384615384615385,75.14792899408283,62.721893491124256,12.42603550295858
E00188973,166,51,17,34,115,93,22,30.72289156626506,10.240963855421686,20.481927710843372,69.27710843373494,56.024096385542165,13.253012048192772
E00188974,223,45,17,28,178,147,31,20.179372197309416,7.623318385650224,12.556053811659194,79.82062780269058,65.91928251121077,13.901345291479823
E00188976,229,58,18,40,171,142,29,25.327510917030565,7.860262008733625,17.46724890829694,74.67248908296943,62.00873362445415,12.663755458515283
E00188977,165,45,19,26,120,104,16,27.27272727272727,11.515151515151516,15.757575757575756,72.72727272727273,63.030303030303024,9.696969696969697
E00188978,181,44,18,26,137,116,21,24.30939226519337,9.94475138121547,14.3646408839779,75.69060773480662,64.08839779005525,11.602209944751381
E00188979,109,37,12,25,72,56,16,33.94495412844037,11.009174311926607,22.93577981651376,66.05504587155964,51.37614678899083,14.678899082568808
E00188980,182,45,15,30,137,121,16,24.725274725274726,8.241758241758241,16.483516483516482,75.27472527472527,66.48351648351648,8.791208791208792
E00188981,210,42,12,30,168,138,30,20,5.714285714285714,14.285714285714285,80,65.71428571428571,14.285714285714285
E00188984,177,45,15,30,132,122,10,25.423728813559322,8.47457627118644,16.94915254237288,74.57627118644068,68.92655367231639,5.649717514124294
E00188986,140,27,12,15,113,87,26,19.28571428571429,8.571428571428571,10.714285714285714,80.71428571428572,62.142857142857146,18.571428571428573
E00188987,51,20,6,14,31,25,6,39.21568627450981,11.76470588235294,27.450980392156865,60.78431372549019,49.01960784313725,11.76470588235294
E00188988,190,46,11,35,144,121,23,24.210526315789473,5.7894736842105265,18.421052631578945,75.78947368421053,63.68421052631579,12.105263157894736
E00188990,179,36,11,25,143,118,25,20.11173184357542,6.145251396648044,13.966480446927374,79.88826815642457,65.92178770949721,13.966480446927374
E00188993,253,55,12,43,198,167,31,21.73913043478261,4.743083003952568,16.99604743083004,78.26086956521739,66.00790513833992,12.25296442687747
E00188994,222,53,13,40,169,139,30,23.873873873873876,5.8558558558558556,18.01801801801802,76.12612612612612,62.612612612612615,13.513513513513514
E00188995,119,23,7,16,96,86,10,19.327731092436977,5.88235294117647,13.445378151260504,80.67226890756302,72.26890756302521,8.403361344537815
E00188998,181,59,23,36,122,104,18,32.59668508287293,12.70718232044199,19.88950276243094,67.40331491712708,57.4585635359116,9.94475138121547
E00188999,226,35,10,25,191,157,34,15.486725663716813,4.424778761061947,11.061946902654867,84.51327433628319,69.46902654867256,15.04424778761062
E00189001,198,35,8,27,163,132,31,17.67676767676768,4.040404040404041,13.636363636363635,82.32323232323232,66.66666666666666,15.656565656565657
E00189002,80,22,9,13,58,53,5,27.500000000000004,11.25,16.25,72.5,66.25,6.25
E00189003,211,52,16,36,159,132,27,24.644549763033176,7.5829383886255926,17.061611374407583,75.35545023696683,62.55924170616114,12.796208530805686
E00189004,229,28,6,22,201,174,27,12.22707423580786,2.6200873362445414,9.606986899563319,87.77292576419214,75.9825327510917,11.790393013100436
E00189005,102,21,5,16,81,76,5,20.588235294117645,4.901960784313726,15.686274509803921,79.41176470588235,74.50980392156863,4.901960784313726
E00189007,199,54,23,31,145,129,16,27.1356783919598,11.557788944723619,15.577889447236181,72.8643216080402,64.82412060301507,8.040201005025125
E00189008,161,36,11,25,125,100,25,22.36024844720497,6.832298136645963,15.527950310559005,77.63975155279503,62.11180124223602,15.527950310559005
E00189009,158,45,15,30,113,96,17,28.48101265822785,9.49367088607595,18.9873417721519,71.51898734177216,60.75949367088608,10.759493670886076
E00189010,207,32,10,22,175,146,29,15.458937198067632,4.830917874396135,10.628019323671497,84.54106280193237,70.53140096618358,14.009661835748794
E00189015,157,42,14,28,115,94,21,26.751592356687897,8.9171974522293,17.8343949044586,73.24840764331209,59.87261146496815,13.375796178343949
E00189018,223,43,13,30,180,149,31,19.282511210762333,5.829596412556054,13.452914798206278,80.71748878923766,66.81614349775785,13.901345291479823
E00189022,168,43,12,31,125,106,19,25.595238095238095,7.142857142857142,18.452380952380953,74.40476190476191,63.095238095238095,11.30952380952381
E00189024,134,39,7,32,95,80,15,29.1044776119403,5.223880597014925,23.88059701492537,70.8955223880597,59.70149253731343,11.194029850746269
E00189027,113,28,12,16,85,76,9,24.778761061946902,10.619469026548673,14.15929203539823,75.22123893805309,67.2566371681416,7.964601769911504
E00189028,207,30,10,20,177,166,11,14.492753623188406,4.830917874396135,9.66183574879227,85.5072463768116,80.19323671497585,5.314009661835748
E00189030,214,42,7,35,172,132,40,19.626168224299064,3.2710280373831773,16.355140186915886,80.37383177570094,61.6822429906542,18.69158878504673
E00189031,151,48,21,27,103,85,18,31.788079470198678,13.90728476821192,17.880794701986755,68.21192052980133,56.29139072847682,11.920529801324504
E00189040,160,42,9,33,118,90,28,26.25,5.625,20.625,73.75,56.25,17.5
E00189041,201,31,11,20,170,141,29,15.422885572139302,5.472636815920398,9.950248756218906,84.5771144278607,70.1492537313433,14.427860696517413
E00189042,196,48,20,28,148,123,25,24.489795918367346,10.204081632653061,14.285714285714285,75.51020408163265,62.755102040816325,12.755102040816327
E00189044,152,39,9,30,113,94,19,25.657894736842106,5.921052631578947,19.736842105263158,74.3421052631579,61.8421052631579,12.5
E00189046,164,32,9,23,132,114,18,19.51219512195122,5.487804878048781,14.02439024390244,80.48780487804879,69.51219512195121,10.975609756097562
E00189047,97,33,12,21,64,50,14,34.02061855670103,12.371134020618557,21.649484536082475,65.97938144329896,51.546391752577314,14.432989690721648
E00189051,210,40,12,28,170,137,33,19.047619047619047,5.714285714285714,13.333333333333334,80.95238095238095,65.23809523809524,15.714285714285714
E00189053,212,55,21,34,157,128,29,25.943396226415093,9.90566037735849,16.037735849056602,74.05660377358491,60.37735849056604,13.679245283018867
E00189054,173,35,9,26,138,115,23,20.23121387283237,5.202312138728324,15.028901734104046,79.76878612716763,66.47398843930635,13.294797687861271
E00189056,254,44,16,28,210,172,38,17.322834645669293,6.299212598425196,11.023622047244094,82.67716535433071,67.71653543307087,14.960629921259844
E00189057,191,39,17,22,152,122,30,20.418848167539267,8.900523560209423,11.518324607329843,79.58115183246073,63.87434554973822,15.706806282722512
E00189059,203,43,14,29,160,136,24,21.182266009852217,6.896551724137931,14.285714285714285,78.81773399014779,66.99507389162561,11.822660098522167
E00189061,156,36,15,21,120,101,19,23.076923076923077,9.615384615384617,13.461538461538462,76.92307692307693,64.74358974358975,12.179487179487179
E00189062,204,40,10,30,164,131,33,19.607843137254903,4.901960784313726,14.705882352941178,80.3921568627451,64.2156862745098,16.176470588235293
E00189063,189,33,11,22,156,136,20,17.46031746031746,5.82010582010582,11.64021164021164,82.53968253968253,71.95767195767195,10.582010582010582
E00189065,183,33,10,23,150,129,21,18.0327868852459,5.46448087431694,12.568306010928962,81.9672131147541,70.49180327868852,11.475409836065573
E00189067,206,31,8,23,175,150,25,15.048543689320388,3.8834951456310676,11.165048543689322,84.9514563106796,72.81553398058253,12.135922330097088
E00189070,175,64,21,43,111,97,14,36.57142857142857,12,24.571428571428573,63.42857142857142,55.42857142857143,8
E00189071,215,37,6,31,178,145,33,17.209302325581397,2.7906976744186047,14.418604651162791,82.7906976744186,67.44186046511628,15.348837209302326
E00189076,190,44,17,27,146,120,26,23.157894736842106,8.947368421052632,14.210526315789473,76.84210526315789,63.1578947368421,13.684210526315791
E00189077,170,50,15,35,120,104,16,29.411764705882355,8.823529411764707,20.588235294117645,70.58823529411765,61.1764705882353,9.411764705882353
E00189078,158,34,17,17,124,114,10,21.518987341772153,10.759493670886076,10.759493670886076,78.48101265822784,72.15189873417721,6.329113924050633
E00189079,148,35,11,24,113,100,13,23.64864864864865,7.4324324324324325,16.216216216216218,76.35135135135135,67.56756756756756,8.783783783783784
E00189080,116,27,8,19,89,75,14,23.275862068965516,6.896551724137931,16.379310344827587,76.72413793103449,64.65517241379311,12.068965517241379
E00189082,163,34,11,23,129,112,17,20.858895705521473,6.748466257668712,14.11042944785276,79.14110429447852,68.71165644171779,10.429447852760736
E00189083,149,35,11,24,114,96,18,23.48993288590604,7.38255033557047,16.10738255033557,76.51006711409396,64.42953020134227,12.080536912751679
E00189086,204,41,12,29,163,134,29,20.098039215686274,5.88235294117647,14.215686274509803,79.90196078431373,65.68627450980392,14.215686274509803
E00189087,206,54,16,38,152,131,21,26.21359223300971,7.766990291262135,18.446601941747574,73.7864077669903,63.59223300970874,10.194174757281553
E00189093,208,50,13,37,158,135,23,24.03846153846154,6.25,17.78846153846154,75.96153846153845,64.90384615384616,11.057692307692307
E00189099,116,44,10,34,72,57,15,37.93103448275862,8.620689655172415,29.310344827586203,62.06896551724138,49.137931034482754,12.931034482758621
E00189100,118,30,13,17,88,73,15,25.423728813559322,11.016949152542372,14.40677966101695,74.57627118644068,61.86440677966102,12.711864406779661
E00189101,55,14,5,9,41,41,0,25.454545454545453,9.090909090909092,16.363636363636363,74.54545454545455,74.54545454545455,0
E00189102,219,57,28,29,162,125,37,26.027397260273972,12.785388127853881,13.24200913242009,73.97260273972603,57.077625570776256,16.894977168949772
E00189103,180,37,8,29,143,119,24,20.555555555555554,4.444444444444445,16.11111111111111,79.44444444444444,66.11111111111111,13.333333333333334
E00189104,182,42,13,29,140,127,13,23.076923076923077,7.142857142857142,15.934065934065933,76.92307692307693,69.78021978021978,7.142857142857142
E00189106,131,24,6,18,107,86,21,18.3206106870229,4.580152671755725,13.740458015267176,81.67938931297711,65.64885496183206,16.030534351145036
E00189107,203,31,11,20,172,151,21,15.270935960591133,5.41871921182266,9.852216748768473,84.72906403940887,74.38423645320196,10.344827586206897
E00189108,194,61,20,41,133,109,24,31.443298969072163,10.309278350515463,21.1340206185567,68.55670103092784,56.18556701030928,12.371134020618557
E00189109,60,18,4,14,42,41,1,30,6.666666666666667,23.333333333333332,70,68.33333333333333,1.6666666666666667
E00189111,235,45,17,28,190,161,29,19.148936170212767,7.234042553191489,11.914893617021278,80.85106382978722,68.51063829787233,12.340425531914894
E00189113,182,59,25,34,123,110,13,32.417582417582416,13.736263736263737,18.681318681318682,67.58241758241759,60.43956043956044,7.142857142857142
E00189122,319,83,27,56,236,196,40,26.01880877742947,8.463949843260188,17.55485893416928,73.98119122257053,61.442006269592476,12.539184952978054
E00189123,173,45,10,35,128,103,25,26.011560693641616,5.780346820809249,20.23121387283237,73.98843930635837,59.53757225433526,14.450867052023122
E00189124,192,31,8,23,161,126,35,16.145833333333336,4.166666666666666,11.979166666666668,83.85416666666666,65.625,18.229166666666664
E00189125,210,38,12,26,172,140,32,18.095238095238095,5.714285714285714,12.380952380952381,81.9047619047619,66.66666666666666,15.238095238095239
E00189129,233,51,21,30,182,142,40,21.888412017167383,9.012875536480687,12.875536480686694,78.11158798283262,60.94420600858369,17.167381974248926
E00189130,185,45,17,28,140,116,24,24.324324324324326,9.18918918918919,15.135135135135137,75.67567567567568,62.70270270270271,12.972972972972974
E00189131,160,31,7,24,129,115,14,19.375,4.375,15,80.625,71.875,8.75
E00189135,236,39,13,26,197,176,21,16.52542372881356,5.508474576271186,11.016949152542372,83.47457627118644,74.57627118644068,8.898305084745763
E00189142,181,38,13,25,143,125,18,20.994475138121548,7.18232044198895,13.812154696132598,79.00552486187846,69.06077348066299,9.94475138121547
E00189143,232,52,15,37,180,147,33,22.413793103448278,6.4655172413793105,15.948275862068966,77.58620689655173,63.36206896551724,14.224137931034484
E00189146,202,57,16,41,145,122,23,28.217821782178216,7.920792079207921,20.2970297029703,71.78217821782178,60.396039603960396,11.386138613861387
E00189147,215,52,19,33,163,132,31,24.186046511627907,8.837209302325581,15.348837209302326,75.81395348837209,61.395348837209305,14.418604651162791
E00189149,197,28,8,20,169,142,27,14.213197969543149,4.060913705583756,10.152284263959391,85.78680203045685,72.08121827411168,13.705583756345177
E00189151,176,46,19,27,130,100,30,26.136363636363637,10.795454545454545,15.340909090909092,73.86363636363636,56.81818181818182,17.045454545454543
E00189152,150,25,6,19,125,102,23,16.666666666666664,4,12.666666666666668,83.33333333333334,68,15.333333333333332
E00189155,151,40,14,26,111,99,12,26.490066225165563,9.271523178807946,17.218543046357617,73.50993377483444,65.56291390728477,7.9470198675496695
E00189159,206,36,6,30,170,147,23,17.475728155339805,2.912621359223301,14.563106796116504,82.52427184466019,71.35922330097088,11.165048543689322
E00189164,194,38,7,31,156,137,19,19.587628865979383,3.608247422680412,15.979381443298967,80.41237113402062,70.61855670103093,9.793814432989691
E00189165,179,38,7,31,141,121,20,21.22905027932961,3.910614525139665,17.318435754189945,78.77094972067039,67.59776536312849,11.1731843575419
E00189167,175,45,19,26,130,109,21,25.71428571428571,10.857142857142858,14.857142857142858,74.28571428571429,62.28571428571429,12
E00189168,156,52,17,35,104,72,32,33.33333333333333,10.897435897435898,22.435897435897438,66.66666666666666,46.15384615384615,20.51282051282051
E00189173,200,37,13,24,163,138,25,18.5,6.5,12,81.5,69,12.5
E00189174,186,50,22,28,136,101,35,26.881720430107524,11.827956989247312,15.053763440860216,73.11827956989248,54.3010752688172,18.817204301075268
E00189175,209,42,10,32,167,128,39,20.095693779904305,4.784688995215311,15.311004784688995,79.90430622009569,61.24401913875598,18.660287081339714
E00189178,229,37,16,21,192,160,32,16.157205240174672,6.986899563318777,9.170305676855897,83.84279475982532,69.86899563318777,13.973799126637553
E00189179,151,20,4,16,131,114,17,13.245033112582782,2.6490066225165565,10.596026490066226,86.75496688741721,75.49668874172185,11.258278145695364
E00189182,123,39,12,27,84,68,16,31.70731707317073,9.75609756097561,21.951219512195124,68.29268292682927,55.28455284552846,13.008130081300814
E00189183,160,40,12,28,120,104,16,25,7.5,17.5,75,65,10
E00189184,161,20,4,16,141,122,19,12.422360248447205,2.484472049689441,9.937888198757763,87.5776397515528,75.77639751552795,11.801242236024844
E00189185,229,52,14,38,177,153,24,22.707423580786028,6.11353711790393,16.593886462882097,77.29257641921397,66.8122270742358,10.480349344978166
E00189186,229,38,19,19,191,153,38,16.593886462882097,8.296943231441048,8.296943231441048,83.4061135371179,66.8122270742358,16.593886462882097
E00189188,295,65,23,42,230,187,43,22.033898305084744,7.796610169491526,14.237288135593221,77.96610169491525,63.389830508474574,14.576271186440678
E00189189,130,28,13,15,102,89,13,21.53846153846154,10,11.538461538461538,78.46153846153847,68.46153846153847,10
E00189191,226,50,15,35,176,141,35,22.123893805309734,6.637168141592921,15.486725663716813,77.87610619469027,62.38938053097345,15.486725663716813
E00189192,172,45,15,30,127,118,9,26.16279069767442,8.720930232558139,17.441860465116278,73.83720930232558,68.6046511627907,5.232558139534884
E00189193,194,31,12,19,163,136,27,15.979381443298967,6.185567010309279,9.793814432989691,84.02061855670104,70.10309278350515,13.917525773195877
E00189194,198,60,22,38,138,117,21,30.303030303030305,11.11111111111111,19.19191919191919,69.6969696969697,59.09090909090909,10.606060606060606
