OA,ts0380001,ts0380002,ts0380003,ts0380004,ts0380005,ts0380006,ts0380007,ts0380002_PCT,ts0380003_PCT,ts0380004_PCT,ts0380005_PCT,ts0380006_PCT,ts0380007_PCT
E00137070,319,62,25,37,257,23,234,19.435736677115987,7.836990595611286,11.598746081504702,80.56426332288402,7.210031347962382,73.35423197492163
E00137071,241,68,33,35,173,13,160,28.21576763485477,13.692946058091287,14.522821576763487,71.78423236514523,5.394190871369295,66.39004149377593
E00137072,321,59,31,28,262,12,250,18.38006230529595,9.657320872274143,8.722741433021806,81.61993769470405,3.7383177570093453,77.88161993769471
E00137073,257,49,25,24,208,12,196,19.06614785992218,9.72762645914397,9.33852140077821,80.93385214007782,4.669260700389105,76.26459143968872
E00137074,282,52,23,29,230,11,219,18.439716312056735,8.156028368794328,10.28368794326241,81.56028368794325,3.900709219858156,77.6595744680851
E00137075,323,62,32,30,261,16,245,19.195046439628484,9.907120743034056,9.287925696594428,80.80495356037152,4.953560371517028,75.85139318885449
E00137076,323,46,26,20,277,17,260,14.241486068111456,8.04953560371517,6.191950464396285,85.75851393188854,5.263157894736842,80.4953560371517
E00137077,306,82,39,43,224,13,211,26.797385620915033,12.745098039215685,14.052287581699346,73.20261437908496,4.248366013071895,68.95424836601308
E00137078,313,68,33,35,245,16,229,21.72523961661342,10.543130990415335,11.182108626198083,78.27476038338658,5.111821086261981,73.1629392971246
E00137079,396,83,41,42,313,9,304,20.95959595959596,10.353535353535353,10.606060606060606,79.04040404040404,2.272727272727273,76.76767676767676
E00137080,366,63,29,34,303,15,288,17.21311475409836,7.923497267759563,9.289617486338798,82.78688524590164,4.098360655737705,78.68852459016394
E00137081,326,50,20,30,276,13,263,15.337423312883436,6.134969325153374,9.202453987730062,84.66257668711657,3.9877300613496933,80.67484662576688
E00137082,351,81,43,38,270,15,255,23.076923076923077,12.250712250712251,10.826210826210826,76.92307692307693,4.273504273504273,72.64957264957265
E00137083,264,45,19,26,219,19,200,17.045454545454543,7.196969696969697,9.848484848484848,82.95454545454545,7.196969696969697,75.75757575757575
E00137084,566,90,41,49,476,36,440,15.901060070671377,7.243816254416961,8.657243816254418,84.09893992932862,6.36042402826855,77.73851590106007
E00137085,291,57,24,33,234,16,218,19.587628865979383,8.24742268041237,11.34020618556701,80.41237113402062,5.498281786941581,74.91408934707904
E00137086,346,39,18,21,307,23,284,11.271676300578035,5.202312138728324,6.069364161849711,88.72832369942196,6.6473988439306355,82.08092485549133
E00137087,257,81,46,35,176,11,165,31.517509727626457,17.898832684824903,13.618677042801556,68.48249027237354,4.280155642023346,64.2023346303502
E00137088,279,56,24,32,223,21,202,20.07168458781362,8.60215053763441,11.469534050179211,79.92831541218638,7.526881720430108,72.40143369175627
E00137089,317,65,34,31,252,27,225,20.50473186119874,10.725552050473187,9.779179810725552,79.49526813880126,8.517350157728707,70.97791798107255
E00137090,352,56,25,31,296,43,253,15.909090909090908,7.1022727272727275,8.806818181818182,84.0909090909091,12.215909090909092,71.875
E00137091,346,75,40,35,271,28,243,21.67630057803468,11.560693641618498,10.115606936416185,78.32369942196532,8.092485549132949,70.23121387283237
E00137092,311,47,20,27,264,26,238,15.112540192926044,6.430868167202572,8.681672025723474,84.88745980707395,8.360128617363344,76.52733118971061
E00137093,349,40,11,29,309,25,284,11.461318051575931,3.151862464183381,8.30945558739255,88.53868194842407,7.163323782234957,81.37535816618912
E00137094,367,55,10,45,312,31,281,14.986376021798364,2.7247956403269753,12.26158038147139,85.01362397820164,8.446866485013624,76.566757493188
E00137096,218,65,35,30,153,10,143,29.81651376146789,16.055045871559635,13.761467889908257,70.18348623853211,4.587155963302752,65.59633027522935
E00137097,271,59,23,36,212,19,193,21.771217712177123,8.487084870848708,13.284132841328415,78.22878228782287,7.011070110701106,71.21771217712177
E00137098,308,64,24,40,244,19,225,20.77922077922078,7.792207792207792,12.987012987012985,79.22077922077922,6.1688311688311686,73.05194805194806
E00137099,281,55,21,34,226,14,212,19.572953736654807,7.473309608540925,12.099644128113878,80.42704626334519,4.98220640569395,75.44483985765125
E00137100,331,57,23,34,274,21,253,17.220543806646525,6.948640483383686,10.27190332326284,82.77945619335347,6.3444108761329305,76.43504531722054
E00137101,319,81,41,40,238,12,226,25.391849529780565,12.852664576802509,12.539184952978054,74.60815047021944,3.761755485893417,70.84639498432603
E00137102,299,75,36,39,224,13,211,25.08361204013378,12.040133779264215,13.043478260869565,74.91638795986621,4.3478260869565215,70.5685618729097
E00137103,356,78,36,42,278,18,260,21.910112359550563,10.112359550561797,11.797752808988763,78.08988764044943,5.056179775280898,73.03370786516854
E00137104,294,72,35,37,222,8,214,24.489795918367346,11.904761904761903,12.585034013605442,75.51020408163265,2.7210884353741496,72.78911564625851
E00137105,342,75,42,33,267,21,246,21.929824561403507,12.280701754385964,9.649122807017543,78.0701754385965,6.140350877192982,71.9298245614035
E00137106,275,56,28,28,219,21,198,20.363636363636363,10.181818181818182,10.181818181818182,79.63636363636364,7.636363636363637,72
E00137107,424,74,43,31,350,26,324,17.452830188679243,10.141509433962264,7.311320754716981,82.54716981132076,6.132075471698113,76.41509433962264
E00137108,229,67,41,26,162,10,152,29.257641921397383,17.903930131004365,11.353711790393014,70.74235807860262,4.366812227074235,66.37554585152839
E00137109,324,69,23,46,255,11,244,21.296296296296298,7.098765432098765,14.19753086419753,78.70370370370371,3.3950617283950617,75.30864197530865
E00137110,289,63,38,25,226,9,217,21.79930795847751,13.148788927335639,8.650519031141869,78.20069204152249,3.1141868512110724,75.08650519031141
E00137111,360,56,26,30,304,22,282,15.555555555555555,7.222222222222221,8.333333333333332,84.44444444444444,6.111111111111111,78.33333333333333
E00137112,274,56,25,31,218,18,200,20.437956204379564,9.124087591240876,11.313868613138686,79.56204379562044,6.569343065693431,72.99270072992701
E00137113,327,49,22,27,278,21,257,14.984709480122325,6.727828746177369,8.256880733944955,85.01529051987767,6.422018348623854,78.59327217125383
E00137114,390,62,21,41,328,14,314,15.897435897435896,5.384615384615385,10.512820512820513,84.1025641025641,3.5897435897435894,80.51282051282051
E00137115,303,51,21,30,252,14,238,16.831683168316832,6.9306930693069315,9.900990099009901,83.16831683168317,4.62046204620462,78.54785478547855
E00137116,310,68,25,43,242,9,233,21.935483870967744,8.064516129032258,13.870967741935484,78.06451612903226,2.903225806451613,75.16129032258064
E00137117,304,37,18,19,267,23,244,12.171052631578947,5.921052631578947,6.25,87.82894736842105,7.565789473684211,80.26315789473685
E00137118,305,107,74,33,198,18,180,35.08196721311476,24.262295081967213,10.819672131147541,64.91803278688525,5.901639344262295,59.01639344262295
E00137119,335,67,30,37,268,22,246,20,8.955223880597014,11.044776119402986,80,6.567164179104477,73.43283582089552
E00137120,288,54,20,34,234,26,208,18.75,6.944444444444445,11.805555555555555,81.25,9.027777777777777,72.22222222222221
E00137121,312,74,31,43,238,9,229,23.717948717948715,9.935897435897436,13.782051282051283,76.28205128205127,2.8846153846153846,73.3974358974359
E00137122,408,62,19,43,346,11,335,15.196078431372548,4.6568627450980395,10.53921568627451,84.80392156862744,2.696078431372549,82.1078431372549
E00137123,356,69,34,35,287,24,263,19.382022471910112,9.550561797752808,9.831460674157304,80.6179775280899,6.741573033707865,73.87640449438202
E00137124,345,59,29,30,286,8,278,17.101449275362317,8.405797101449275,8.695652173913043,82.89855072463767,2.318840579710145,80.57971014492755
E00137125,212,54,35,19,158,10,148,25.471698113207548,16.50943396226415,8.962264150943396,74.52830188679245,4.716981132075472,69.81132075471697
E00137126,380,70,37,33,310,22,288,18.421052631578945,9.736842105263158,8.68421052631579,81.57894736842105,5.7894736842105265,75.78947368421053
E00137127,270,75,33,42,195,19,176,27.77777777777778,12.222222222222221,15.555555555555555,72.22222222222221,7.037037037037037,65.18518518518519
E00137128,354,57,35,22,297,19,278,16.101694915254235,9.887005649717514,6.214689265536723,83.89830508474576,5.367231638418079,78.53107344632768
E00137129,278,59,35,24,219,16,203,21.223021582733814,12.589928057553957,8.633093525179856,78.77697841726618,5.755395683453238,73.02158273381295
E00137130,286,64,20,44,222,24,198,22.377622377622377,6.993006993006993,15.384615384615385,77.62237762237763,8.391608391608392,69.23076923076923
E00137131,281,41,14,27,240,21,219,14.590747330960854,4.98220640569395,9.608540925266903,85.40925266903915,7.473309608540925,77.93594306049823
E00137132,310,69,36,33,241,18,223,22.258064516129032,11.612903225806452,10.64516129032258,77.74193548387098,5.806451612903226,71.93548387096774
E00137133,285,45,23,22,240,15,225,15.789473684210526,8.070175438596491,7.719298245614035,84.21052631578947,5.263157894736842,78.94736842105263
E00137134,287,54,22,32,233,17,216,18.81533101045296,7.665505226480835,11.149825783972126,81.18466898954703,5.923344947735192,75.26132404181185
E00137135,314,67,28,39,247,14,233,21.337579617834397,8.9171974522293,12.420382165605096,78.6624203821656,4.45859872611465,74.20382165605095
E00137136,276,64,35,29,212,19,193,23.18840579710145,12.681159420289855,10.507246376811594,76.81159420289855,6.884057971014493,69.92753623188406
E00137137,308,57,31,26,251,20,231,18.506493506493506,10.064935064935066,8.441558441558442,81.4935064935065,6.493506493506493,75
E00137138,336,50,24,26,286,29,257,14.880952380952381,7.142857142857142,7.738095238095238,85.11904761904762,8.630952380952381,76.48809523809523
E00137139,299,40,8,32,259,9,250,13.377926421404682,2.6755852842809364,10.702341137123746,86.62207357859532,3.0100334448160537,83.61204013377926
E00137140,606,94,45,49,512,34,478,15.51155115511551,7.425742574257425,8.085808580858085,84.48844884488449,5.6105610561056105,78.87788778877888
E00137142,227,62,38,24,165,14,151,27.312775330396477,16.740088105726873,10.572687224669604,72.68722466960352,6.167400881057269,66.51982378854625
E00137143,249,56,23,33,193,15,178,22.48995983935743,9.236947791164658,13.253012048192772,77.51004016064257,6.024096385542169,71.4859437751004
E00137144,286,34,12,22,252,9,243,11.888111888111888,4.195804195804196,7.6923076923076925,88.11188811188812,3.146853146853147,84.96503496503497
E00137145,314,50,13,37,264,25,239,15.92356687898089,4.140127388535031,11.78343949044586,84.07643312101911,7.961783439490445,76.11464968152866
E00137146,396,84,45,39,312,16,296,21.21212121212121,11.363636363636363,9.848484848484848,78.78787878787878,4.040404040404041,74.74747474747475
E00137149,391,71,32,39,320,17,303,18.15856777493606,8.184143222506394,9.974424552429667,81.84143222506394,4.3478260869565215,77.49360613810742
E00137150,320,64,30,34,256,14,242,20,9.375,10.625,80,4.375,75.625
E00137151,384,87,36,51,297,21,276,22.65625,9.375,13.28125,77.34375,5.46875,71.875
E00137152,407,79,41,38,328,22,306,19.41031941031941,10.073710073710075,9.336609336609335,80.5896805896806,5.405405405405405,75.18427518427518
E00137153,313,66,34,32,247,23,224,21.08626198083067,10.86261980830671,10.223642172523961,78.91373801916933,7.348242811501597,71.56549520766772
E00137155,221,51,20,31,170,20,150,23.076923076923077,9.049773755656108,14.027149321266968,76.92307692307693,9.049773755656108,67.87330316742081
E00137156,245,54,19,35,191,12,179,22.040816326530614,7.755102040816326,14.285714285714285,77.9591836734694,4.8979591836734695,73.06122448979592
E00137157,393,97,47,50,296,25,271,24.681933842239186,11.959287531806616,12.72264631043257,75.31806615776081,6.361323155216285,68.95674300254453
E00137158,330,77,37,40,253,12,241,23.333333333333332,11.212121212121213,12.121212121212121,76.66666666666667,3.6363636363636362,73.03030303030303
E00137159,366,66,33,33,300,21,279,18.0327868852459,9.01639344262295,9.01639344262295,81.9672131147541,5.737704918032787,76.22950819672131
E00137160,318,69,44,25,249,18,231,21.69811320754717,13.836477987421384,7.861635220125786,78.30188679245283,5.660377358490567,72.64150943396226
E00137161,429,86,48,38,343,13,330,20.04662004662005,11.188811188811188,8.857808857808857,79.95337995337995,3.0303030303030303,76.92307692307693
E00137162,387,54,26,28,333,18,315,13.953488372093023,6.718346253229974,7.235142118863049,86.04651162790698,4.651162790697675,81.3953488372093
E00137163,355,89,46,43,266,14,252,25.070422535211268,12.957746478873238,12.112676056338028,74.92957746478874,3.943661971830986,70.98591549295776
E00137164,293,53,23,30,240,19,221,18.088737201365188,7.849829351535837,10.238907849829351,81.91126279863481,6.484641638225256,75.42662116040955
E00137165,415,181,133,48,234,10,224,43.6144578313253,32.04819277108434,11.566265060240964,56.3855421686747,2.4096385542168677,53.975903614457835
E00137166,312,58,30,28,254,13,241,18.58974358974359,9.615384615384617,8.974358974358974,81.41025641025641,4.166666666666666,77.24358974358975
E00137167,282,47,19,28,235,19,216,16.666666666666664,6.73758865248227,9.929078014184398,83.33333333333334,6.73758865248227,76.59574468085107
E00137168,245,65,35,30,180,14,166,26.53061224489796,14.285714285714285,12.244897959183673,73.46938775510205,5.714285714285714,67.75510204081633
E00137169,417,49,15,34,368,24,344,11.750599520383693,3.5971223021582732,8.15347721822542,88.2494004796163,5.755395683453238,82.49400479616307
E00137170,308,57,24,33,251,21,230,18.506493506493506,7.792207792207792,10.714285714285714,81.4935064935065,6.8181818181818175,74.67532467532467
E00137171,360,45,21,24,315,24,291,12.5,5.833333333333333,6.666666666666667,87.5,6.666666666666667,80.83333333333333
E00137172,295,40,17,23,255,16,239,13.559322033898304,5.762711864406779,7.796610169491526,86.4406779661017,5.423728813559322,81.01694915254237
E00137173,321,71,27,44,250,32,218,22.118380062305295,8.411214953271028,13.707165109034266,77.88161993769471,9.968847352024921,67.91277258566979
E00137174,330,95,49,46,235,17,218,28.78787878787879,14.84848484848485,13.939393939393941,71.21212121212122,5.151515151515151,66.06060606060606
E00137175,349,62,26,36,287,14,273,17.765042979942695,7.4498567335243555,10.315186246418339,82.23495702005731,4.011461318051576,78.22349570200574
E00137176,336,73,34,39,263,20,243,21.726190476190478,10.119047619047619,11.607142857142858,78.27380952380952,5.952380952380952,72.32142857142857
E00137177,271,64,32,32,207,21,186,23.616236162361623,11.808118081180812,11.808118081180812,76.38376383763837,7.7490774907749085,68.63468634686348
E00137178,317,59,28,31,258,16,242,18.61198738170347,8.832807570977918,9.779179810725552,81.38801261829653,5.047318611987381,76.34069400630915
E00137179,280,49,27,22,231,11,220,17.5,9.642857142857144,7.857142857142857,82.5,3.9285714285714284,78.57142857142857
E00137180,296,67,27,40,229,13,216,22.635135135135133,9.121621621621621,13.513513513513514,77.36486486486487,4.391891891891892,72.97297297297297
E00137181,288,42,21,21,246,11,235,14.583333333333334,7.291666666666667,7.291666666666667,85.41666666666666,3.8194444444444446,81.59722222222221
E00137182,303,50,23,27,253,22,231,16.5016501650165,7.590759075907591,8.91089108910891,83.4983498349835,7.2607260726072615,76.23762376237624
E00137183,454,79,35,44,375,33,342,17.400881057268723,7.709251101321586,9.691629955947137,82.59911894273128,7.268722466960352,75.33039647577093
E00137184,306,56,23,33,250,15,235,18.30065359477124,7.516339869281046,10.784313725490197,81.69934640522875,4.901960784313726,76.79738562091504
E00137185,331,64,27,37,267,14,253,19.335347432024168,8.157099697885197,11.178247734138973,80.66465256797582,4.229607250755287,76.43504531722054
E00137186,424,81,41,40,343,17,326,19.10377358490566,9.669811320754718,9.433962264150944,80.89622641509435,4.009433962264151,76.88679245283019
E00137187,274,51,14,37,223,18,205,18.613138686131386,5.109489051094891,13.503649635036496,81.38686131386861,6.569343065693431,74.81751824817519
E00137188,289,59,31,28,230,17,213,20.415224913494807,10.726643598615917,9.688581314878892,79.58477508650519,5.88235294117647,73.70242214532871
E00137189,293,53,21,32,240,15,225,18.088737201365188,7.167235494880546,10.921501706484642,81.91126279863481,5.1194539249146755,76.79180887372013
E00137190,322,44,20,24,278,17,261,13.664596273291925,6.211180124223603,7.453416149068323,86.33540372670807,5.279503105590062,81.05590062111801
E00137191,311,64,30,34,247,14,233,20.578778135048232,9.646302250803858,10.932475884244374,79.42122186495176,4.501607717041801,74.91961414790997
E00137192,376,59,19,40,317,25,292,15.691489361702127,5.053191489361701,10.638297872340425,84.30851063829788,6.648936170212766,77.6595744680851
E00137193,235,43,16,27,192,12,180,18.29787234042553,6.808510638297872,11.48936170212766,81.70212765957446,5.106382978723404,76.59574468085107
E00137194,236,70,39,31,166,7,159,29.66101694915254,16.52542372881356,13.135593220338984,70.33898305084746,2.9661016949152543,67.37288135593221
E00137195,292,48,24,24,244,15,229,16.43835616438356,8.21917808219178,8.21917808219178,83.56164383561644,5.136986301369863,78.42465753424658
E00137196,277,74,33,41,203,14,189,26.714801444043324,11.913357400722022,14.801444043321299,73.28519855595668,5.054151624548736,68.23104693140795
E00137197,290,64,23,41,226,19,207,22.06896551724138,7.931034482758621,14.13793103448276,77.93103448275862,6.551724137931035,71.37931034482759
E00137198,292,55,24,31,237,26,211,18.835616438356166,8.21917808219178,10.616438356164384,81.16438356164383,8.904109589041095,72.26027397260275
E00137199,258,53,18,35,205,15,190,20.54263565891473,6.976744186046512,13.565891472868216,79.45736434108527,5.813953488372093,73.64341085271317
E00137200,333,62,26,36,271,14,257,18.61861861861862,7.807807807807808,10.81081081081081,81.38138138138137,4.2042042042042045,77.17717717717719
E00137201,263,62,32,30,201,19,182,23.574144486692013,12.167300380228136,11.406844106463879,76.42585551330798,7.224334600760455,69.20152091254754
E00137202,308,61,25,36,247,22,225,19.805194805194805,8.116883116883116,11.688311688311687,80.1948051948052,7.142857142857142,73.05194805194806
E00137203,311,42,26,16,269,16,253,13.504823151125404,8.360128617363344,5.144694533762058,86.49517684887459,5.144694533762058,81.35048231511254
E00137204,267,66,34,32,201,16,185,24.719101123595504,12.734082397003746,11.985018726591761,75.28089887640449,5.992509363295881,69.28838951310861
E00137206,323,54,27,27,269,26,243,16.718266253869967,8.359133126934983,8.359133126934983,83.28173374613003,8.04953560371517,75.23219814241486
E00137207,268,63,22,41,205,20,185,23.507462686567166,8.208955223880597,15.298507462686567,76.49253731343283,7.462686567164178,69.02985074626866
E00137208,408,65,28,37,343,31,312,15.931372549019606,6.862745098039216,9.068627450980392,84.06862745098039,7.598039215686274,76.47058823529412
E00137209,375,63,23,40,312,35,277,16.8,6.133333333333333,10.666666666666668,83.2,9.333333333333334,73.86666666666667
E00137210,313,59,29,30,254,24,230,18.849840255591054,9.26517571884984,9.584664536741213,81.15015974440894,7.667731629392971,73.48242811501598
E00137211,268,74,39,35,194,28,166,27.611940298507463,14.55223880597015,13.059701492537313,72.38805970149254,10.44776119402985,61.940298507462686
E00137213,313,49,20,29,264,23,241,15.654952076677317,6.3897763578274756,9.26517571884984,84.34504792332268,7.348242811501597,76.99680511182109
E00137214,323,72,29,43,251,21,230,22.291021671826623,8.978328173374612,13.312693498452013,77.70897832817337,6.5015479876160995,71.20743034055728
E00137215,342,54,19,35,288,26,262,15.789473684210526,5.555555555555555,10.23391812865497,84.21052631578947,7.602339181286549,76.60818713450293
E00137216,563,58,21,37,505,40,465,10.301953818827709,3.7300177619893424,6.571936056838366,89.69804618117229,7.104795737122557,82.59325044404974
E00137217,294,39,14,25,255,24,231,13.26530612244898,4.761904761904762,8.503401360544217,86.73469387755102,8.16326530612245,78.57142857142857
E00137218,120,22,12,10,98,8,90,18.333333333333332,10,8.333333333333332,81.66666666666667,6.666666666666667,75
E00137219,329,54,22,32,275,14,261,16.41337386018237,6.68693009118541,9.72644376899696,83.58662613981764,4.25531914893617,79.33130699088146
E00137220,308,46,18,28,262,18,244,14.935064935064934,5.844155844155844,9.090909090909092,85.06493506493507,5.844155844155844,79.22077922077922
E00137221,316,58,16,42,258,18,240,18.354430379746837,5.063291139240507,13.291139240506327,81.64556962025317,5.69620253164557,75.9493670886076
E00137222,267,40,15,25,227,27,200,14.981273408239701,5.617977528089887,9.363295880149813,85.0187265917603,10.112359550561797,74.90636704119851
E00137223,410,69,25,44,341,37,304,16.82926829268293,6.097560975609756,10.731707317073171,83.17073170731707,9.024390243902438,74.14634146341463
E00137224,384,86,45,41,298,27,271,22.395833333333336,11.71875,10.677083333333332,77.60416666666666,7.03125,70.57291666666666
E00137225,294,74,37,37,220,20,200,25.170068027210885,12.585034013605442,12.585034013605442,74.82993197278913,6.802721088435375,68.02721088435374
E00137226,254,40,15,25,214,20,194,15.748031496062993,5.905511811023622,9.84251968503937,84.25196850393701,7.874015748031496,76.37795275590551
E00137227,252,53,31,22,199,13,186,21.03174603174603,12.3015873015873,8.73015873015873,78.96825396825396,5.158730158730158,73.80952380952381
E00137228,280,51,19,32,229,16,213,18.21428571428571,6.785714285714286,11.428571428571429,81.78571428571428,5.714285714285714,76.07142857142857
E00137229,320,40,15,25,280,17,263,12.5,4.6875,7.8125,87.5,5.3125,82.1875
E00137230,281,54,28,26,227,20,207,19.217081850533805,9.9644128113879,9.252669039145907,80.78291814946618,7.11743772241993,73.66548042704626
E00137232,301,53,25,28,248,11,237,17.60797342192691,8.305647840531561,9.30232558139535,82.39202657807309,3.6544850498338874,78.7375415282392
E00137233,232,70,43,27,162,13,149,30.17241379310345,18.53448275862069,11.637931034482758,69.82758620689656,5.603448275862069,64.22413793103449
E00137234,297,47,20,27,250,20,230,15.824915824915825,6.7340067340067336,9.090909090909092,84.17508417508418,6.7340067340067336,77.44107744107744
E00137235,277,48,28,20,229,12,217,17.328519855595665,10.108303249097473,7.2202166064981945,82.67148014440433,4.332129963898916,78.33935018050542
E00137236,270,55,26,29,215,12,203,20.37037037037037,9.62962962962963,10.74074074074074,79.62962962962963,4.444444444444445,75.18518518518519
E00137237,298,53,19,34,245,21,224,17.78523489932886,6.375838926174497,11.409395973154362,82.21476510067114,7.046979865771812,75.16778523489933
E00137238,256,52,30,22,204,17,187,20.3125,11.71875,8.59375,79.6875,6.640625,73.046875
E00137240,283,51,18,33,232,21,211,18.021201413427562,6.36042402826855,11.66077738515901,81.97879858657244,7.420494699646643,74.55830388692578
E00137241,323,63,31,32,260,20,240,19.5046439628483,9.597523219814242,9.907120743034056,80.4953560371517,6.191950464396285,74.30340557275542
E00137242,294,50,19,31,244,17,227,17.006802721088434,6.462585034013606,10.54421768707483,82.99319727891157,5.782312925170068,77.21088435374149
E00137243,233,67,36,31,166,12,154,28.75536480686695,15.450643776824036,13.304721030042918,71.24463519313305,5.150214592274678,66.09442060085837
E00137244,483,104,52,52,379,26,353,21.532091097308488,10.766045548654244,10.766045548654244,78.4679089026915,5.383022774327122,73.08488612836439
E00137245,292,68,33,35,224,21,203,23.28767123287671,11.301369863013697,11.986301369863012,76.71232876712328,7.191780821917808,69.52054794520548
E00137246,317,52,29,23,265,24,241,16.40378548895899,9.14826498422713,7.255520504731862,83.59621451104101,7.570977917981073,76.02523659305994
E00137247,293,51,18,33,242,23,219,17.4061433447099,6.143344709897611,11.262798634812286,82.5938566552901,7.849829351535837,74.74402730375427
E00137486,391,56,18,38,335,24,311,14.322250639386189,4.603580562659847,9.718670076726342,85.6777493606138,6.138107416879795,79.53964194373401
E00137489,443,101,59,42,342,31,311,22.799097065462753,13.31828442437923,9.480812641083523,77.20090293453724,6.997742663656885,70.20316027088036
E00137491,260,32,4,28,228,20,208,12.307692307692308,1.5384615384615385,10.76923076923077,87.6923076923077,7.6923076923076925,80
E00137492,318,32,12,20,286,33,253,10.062893081761008,3.7735849056603774,6.289308176100629,89.937106918239,10.377358490566039,79.55974842767296
E00137493,285,62,29,33,223,17,206,21.75438596491228,10.175438596491228,11.578947368421053,78.24561403508771,5.964912280701754,72.28070175438597
E00137494,333,50,11,39,283,25,258,15.015015015015015,3.303303303303303,11.711711711711711,84.98498498498499,7.5075075075075075,77.47747747747748
E00137495,348,56,27,29,292,23,269,16.091954022988507,7.758620689655173,8.333333333333332,83.9080459770115,6.609195402298851,77.29885057471265
E00137496,205,33,11,22,172,22,150,16.097560975609756,5.365853658536586,10.731707317073171,83.90243902439025,10.731707317073171,73.17073170731707
E00137497,240,57,30,27,183,10,173,23.75,12.5,11.25,76.25,4.166666666666666,72.08333333333333
E00137498,287,40,7,33,247,15,232,13.937282229965156,2.4390243902439024,11.498257839721255,86.06271777003485,5.2264808362369335,80.8362369337979
E00137499,182,21,5,16,161,10,151,11.538461538461538,2.7472527472527473,8.791208791208792,88.46153846153845,5.4945054945054945,82.96703296703298
E00137500,247,33,13,20,214,26,188,13.360323886639677,5.263157894736842,8.097165991902834,86.63967611336032,10.526315789473683,76.11336032388664
E00137501,566,98,36,62,468,36,432,17.314487632508836,6.36042402826855,10.954063604240282,82.68551236749117,6.36042402826855,76.32508833922262
E00137502,268,34,12,22,234,13,221,12.686567164179104,4.477611940298507,8.208955223880597,87.31343283582089,4.850746268656716,82.46268656716418
E00137503,414,49,19,30,365,30,335,11.83574879227053,4.5893719806763285,7.246376811594203,88.16425120772948,7.246376811594203,80.91787439613528
E00137504,378,81,30,51,297,19,278,21.428571428571427,7.936507936507936,13.492063492063492,78.57142857142857,5.026455026455026,73.54497354497354
E00137505,302,59,18,41,243,37,206,19.5364238410596,5.960264900662252,13.57615894039735,80.4635761589404,12.251655629139073,68.21192052980133
E00137506,327,52,17,35,275,21,254,15.902140672782874,5.198776758409786,10.703363914373089,84.09785932721712,6.422018348623854,77.67584097859327
E00137507,295,44,21,23,251,25,226,14.915254237288137,7.118644067796611,7.796610169491526,85.08474576271186,8.47457627118644,76.61016949152543
E00137508,309,54,26,28,255,23,232,17.475728155339805,8.414239482200648,9.06148867313916,82.52427184466019,7.443365695792881,75.08090614886731
E00137509,272,39,16,23,233,33,200,14.338235294117647,5.88235294117647,8.455882352941178,85.66176470588235,12.132352941176471,73.52941176470588
E00137510,303,53,14,39,250,27,223,17.491749174917494,4.62046204620462,12.871287128712872,82.50825082508251,8.91089108910891,73.5973597359736
E00137511,418,56,17,39,362,25,337,13.397129186602871,4.0669856459330145,9.330143540669857,86.60287081339713,5.980861244019139,80.622009569378
E00137512,536,77,20,57,459,46,413,14.365671641791044,3.731343283582089,10.634328358208956,85.63432835820896,8.582089552238806,77.05223880597015
E00137513,267,56,20,36,211,20,191,20.973782771535582,7.490636704119851,13.48314606741573,79.02621722846442,7.490636704119851,71.53558052434457
E00137514,341,77,36,41,264,30,234,22.58064516129032,10.557184750733137,12.023460410557185,77.41935483870968,8.797653958944283,68.62170087976538
E00137515,297,72,42,30,225,21,204,24.242424242424242,14.14141414141414,10.1010101010101,75.75757575757575,7.07070707070707,68.68686868686868
E00137517,299,71,32,39,228,14,214,23.745819397993312,10.702341137123746,13.043478260869565,76.2541806020067,4.682274247491638,71.57190635451505
E00137518,457,42,17,25,415,36,379,9.190371991247265,3.7199124726477026,5.470459518599562,90.80962800875274,7.87746170678337,82.93216630196937
E00137519,272,67,28,39,205,20,185,24.63235294117647,10.294117647058822,14.338235294117647,75.36764705882352,7.352941176470589,68.01470588235294
E00137521,339,80,39,41,259,31,228,23.59882005899705,11.504424778761061,12.094395280235988,76.40117994100295,9.144542772861357,67.2566371681416
E00137522,373,58,19,39,315,17,298,15.549597855227882,5.093833780160858,10.455764075067025,84.45040214477211,4.557640750670242,79.89276139410187
E00137523,303,67,39,28,236,36,200,22.112211221122113,12.871287128712872,9.24092409240924,77.88778877887789,11.881188118811881,66.006600660066
E00137524,601,64,20,44,537,46,491,10.64891846921797,3.3277870216306153,7.321131447587355,89.35108153078203,7.653910149750416,81.69717138103162
E00137525,386,117,66,51,269,22,247,30.310880829015545,17.098445595854923,13.21243523316062,69.68911917098445,5.699481865284974,63.98963730569949
E00137526,392,63,15,48,329,26,303,16.071428571428573,3.826530612244898,12.244897959183673,83.92857142857143,6.63265306122449,77.29591836734694
E00137527,282,38,16,22,244,26,218,13.47517730496454,5.673758865248227,7.801418439716312,86.52482269503547,9.219858156028367,77.30496453900709
E00137528,526,160,71,89,366,38,328,30.418250950570343,13.498098859315588,16.920152091254753,69.58174904942965,7.224334600760455,62.3574144486692
E00137529,491,68,25,43,423,42,381,13.849287169042771,5.091649694501019,8.757637474541752,86.15071283095723,8.55397148676171,77.59674134419552
E00137530,316,63,25,38,253,20,233,19.936708860759495,7.9113924050632916,12.025316455696203,80.0632911392405,6.329113924050633,73.73417721518987
E00137531,411,81,29,52,330,32,298,19.708029197080293,7.0559610705596105,12.652068126520682,80.2919708029197,7.785888077858881,72.50608272506082
E00137533,395,55,14,41,340,33,307,13.924050632911392,3.5443037974683547,10.379746835443038,86.07594936708861,8.354430379746836,77.72151898734178
E00137534,372,94,42,52,278,27,251,25.268817204301076,11.29032258064516,13.978494623655912,74.73118279569893,7.258064516129033,67.47311827956989
E00137535,390,81,36,45,309,29,280,20.76923076923077,9.230769230769232,11.538461538461538,79.23076923076923,7.435897435897436,71.7948717948718
E00137536,363,50,16,34,313,38,275,13.774104683195592,4.40771349862259,9.366391184573002,86.22589531680441,10.46831955922865,75.75757575757575
E00137537,302,62,24,38,240,26,214,20.52980132450331,7.9470198675496695,12.582781456953644,79.47019867549669,8.609271523178808,70.86092715231787
E00137538,277,46,16,30,231,16,215,16.60649819494585,5.776173285198556,10.830324909747292,83.39350180505414,5.776173285198556,77.6173285198556
E00137539,331,61,20,41,270,31,239,18.429003021148034,6.042296072507553,12.386706948640484,81.57099697885197,9.365558912386707,72.20543806646525
E00137540,349,65,26,39,284,37,247,18.624641833810887,7.4498567335243555,11.174785100286533,81.37535816618912,10.601719197707736,70.77363896848138
E00137541,288,47,23,24,241,23,218,16.319444444444446,7.986111111111111,8.333333333333332,83.68055555555556,7.986111111111111,75.69444444444444
E00137542,281,62,32,30,219,19,200,22.064056939501782,11.387900355871885,10.676156583629894,77.93594306049823,6.761565836298933,71.17437722419929
E00137543,279,88,41,47,191,32,159,31.54121863799283,14.695340501792115,16.845878136200717,68.45878136200717,11.469534050179211,56.98924731182796
E00137544,363,64,21,43,299,28,271,17.63085399449036,5.785123966942149,11.84573002754821,82.36914600550963,7.7134986225895315,74.65564738292011
E00137545,366,72,30,42,294,27,267,19.672131147540984,8.19672131147541,11.475409836065573,80.32786885245902,7.377049180327869,72.95081967213115
E00137546,266,36,12,24,230,27,203,13.533834586466165,4.511278195488721,9.022556390977442,86.46616541353383,10.150375939849624,76.31578947368422
E00137547,578,65,14,51,513,44,469,11.245674740484429,2.422145328719723,8.823529411764707,88.75432525951558,7.612456747404845,81.14186851211073
E00137548,579,88,29,59,491,43,448,15.198618307426598,5.008635578583765,10.189982728842832,84.80138169257341,7.4265975820379975,77.37478411053542
E00137549,452,96,44,52,356,45,311,21.238938053097346,9.734513274336283,11.504424778761061,78.76106194690266,9.955752212389381,68.80530973451327
E00137550,381,69,24,45,312,25,287,18.11023622047244,6.299212598425196,11.811023622047244,81.88976377952756,6.561679790026247,75.32808398950131
E00137551,153,30,8,22,123,15,108,19.607843137254903,5.228758169934641,14.37908496732026,80.3921568627451,9.803921568627452,70.58823529411765
E00137552,193,38,14,24,155,22,133,19.689119170984455,7.253886010362693,12.435233160621761,80.31088082901555,11.398963730569948,68.9119170984456
E00137553,245,40,8,32,205,13,192,16.3265306122449,3.2653061224489797,13.061224489795919,83.6734693877551,5.3061224489795915,78.36734693877551
E00137554,283,46,19,27,237,25,212,16.25441696113074,6.713780918727916,9.540636042402827,83.74558303886926,8.8339222614841,74.91166077738515
E00137555,469,82,40,42,387,42,345,17.48400852878465,8.528784648187633,8.955223880597014,82.51599147121536,8.955223880597014,73.56076759061834
E00137556,538,99,40,59,439,37,402,18.401486988847584,7.434944237918216,10.966542750929369,81.59851301115242,6.877323420074349,74.72118959107806
E00137557,294,45,16,29,249,22,227,15.306122448979592,5.442176870748299,9.863945578231291,84.6938775510204,7.482993197278912,77.21088435374149
E00137558,231,62,42,20,169,10,159,26.83982683982684,18.181818181818183,8.658008658008658,73.16017316017316,4.329004329004329,68.83116883116884
E00137559,195,26,11,15,169,21,148,13.333333333333334,5.641025641025641,7.6923076923076925,86.66666666666667,10.76923076923077,75.8974358974359
E00137560,155,21,6,15,134,9,125,13.548387096774196,3.870967741935484,9.67741935483871,86.45161290322581,5.806451612903226,80.64516129032258
E00137561,119,19,7,12,100,11,89,15.966386554621847,5.88235294117647,10.084033613445378,84.03361344537815,9.243697478991598,74.78991596638656
E00137562,308,36,13,23,272,16,256,11.688311688311687,4.220779220779221,7.467532467532467,88.31168831168831,5.194805194805195,83.11688311688312
E00137563,177,22,11,11,155,13,142,12.429378531073446,6.214689265536723,6.214689265536723,87.57062146892656,7.344632768361582,80.22598870056498
E00137564,195,31,13,18,164,10,154,15.897435897435896,6.666666666666667,9.230769230769232,84.1025641025641,5.128205128205128,78.97435897435898
E00137565,398,46,12,34,352,30,322,11.557788944723619,3.015075376884422,8.542713567839195,88.44221105527639,7.537688442211055,80.90452261306532
E00137566,272,41,16,25,231,18,213,15.073529411764705,5.88235294117647,9.191176470588236,84.92647058823529,6.61764705882353,78.30882352941177
E00137567,250,50,29,21,200,17,183,20,11.600000000000001,8.4,80,6.800000000000001,73.2
E00137568,124,14,8,6,110,11,99,11.29032258064516,6.451612903225806,4.838709677419355,88.70967741935483,8.870967741935484,79.83870967741935
E00137569,395,49,18,31,346,39,307,12.405063291139239,4.556962025316456,7.848101265822785,87.59493670886076,9.873417721518987,77.72151898734178
E00137570,226,54,23,31,172,21,151,23.893805309734514,10.176991150442479,13.716814159292035,76.10619469026548,9.29203539823009,66.8141592920354
E00137571,374,56,13,43,318,32,286,14.973262032085561,3.4759358288770055,11.497326203208557,85.02673796791443,8.55614973262032,76.47058823529412
E00137572,292,54,21,33,238,22,216,18.493150684931507,7.191780821917808,11.301369863013697,81.5068493150685,7.534246575342466,73.97260273972603
E00137573,275,42,14,28,233,18,215,15.272727272727273,5.090909090909091,10.181818181818182,84.72727272727273,6.545454545454546,78.18181818181819
E00137574,270,58,23,35,212,27,185,21.48148148148148,8.518518518518519,12.962962962962962,78.51851851851852,10,68.51851851851852
E00137575,196,28,13,15,168,27,141,14.285714285714285,6.63265306122449,7.653061224489796,85.71428571428571,13.77551020408163,71.93877551020408
E00137576,441,69,28,41,372,51,321,15.646258503401361,6.349206349206349,9.297052154195011,84.35374149659864,11.564625850340136,72.78911564625851
E00137577,346,57,21,36,289,34,255,16.473988439306357,6.069364161849711,10.404624277456648,83.52601156069365,9.826589595375722,73.69942196531792
E00137578,246,56,21,35,190,28,162,22.76422764227642,8.536585365853659,14.227642276422763,77.23577235772358,11.38211382113821,65.85365853658537
E00137579,240,76,47,29,164,15,149,31.666666666666664,19.583333333333332,12.083333333333334,68.33333333333333,6.25,62.083333333333336
E00137583,370,40,12,28,330,22,308,10.81081081081081,3.2432432432432434,7.567567567567568,89.1891891891892,5.9459459459459465,83.24324324324324
E00137584,263,58,26,32,205,24,181,22.0532319391635,9.885931558935361,12.167300380228136,77.9467680608365,9.125475285171103,68.8212927756654
E00137585,317,48,10,38,269,35,234,15.141955835962145,3.1545741324921135,11.987381703470032,84.85804416403786,11.041009463722396,73.81703470031546
E00137586,278,37,4,33,241,24,217,13.309352517985612,1.4388489208633095,11.870503597122301,86.6906474820144,8.633093525179856,78.05755395683454
E00137587,362,54,19,35,308,23,285,14.917127071823206,5.248618784530387,9.668508287292818,85.0828729281768,6.353591160220995,78.72928176795581
E00137589,331,59,27,32,272,37,235,17.82477341389728,8.157099697885197,9.667673716012084,82.17522658610272,11.178247734138973,70.99697885196375
E00137590,262,65,28,37,197,27,170,24.80916030534351,10.687022900763358,14.122137404580155,75.19083969465649,10.305343511450381,64.8854961832061
E00137591,471,76,31,45,395,64,331,16.13588110403397,6.581740976645436,9.554140127388536,83.86411889596603,13.588110403397028,70.27600849256899
E00137592,152,29,7,22,123,14,109,19.078947368421055,4.605263157894736,14.473684210526317,80.92105263157895,9.210526315789473,71.71052631578947
E00137593,428,64,21,43,364,25,339,14.953271028037381,4.906542056074766,10.046728971962617,85.04672897196261,5.841121495327103,79.2056074766355
E00137594,443,75,38,37,368,29,339,16.93002257336343,8.577878103837472,8.35214446952596,83.06997742663657,6.5462753950338595,76.52370203160271
E00137595,183,22,6,16,161,15,146,12.021857923497267,3.278688524590164,8.743169398907105,87.97814207650273,8.19672131147541,79.78142076502732
E00137596,436,59,17,42,377,31,346,13.53211009174312,3.89908256880734,9.63302752293578,86.46788990825688,7.110091743119266,79.35779816513761
E00137597,505,110,38,72,395,49,346,21.782178217821784,7.524752475247524,14.257425742574256,78.21782178217822,9.702970297029703,68.51485148514853
E00137598,304,57,22,35,247,18,229,18.75,7.236842105263158,11.513157894736842,81.25,5.921052631578947,75.32894736842105
E00137599,290,51,17,34,239,22,217,17.586206896551722,5.862068965517241,11.724137931034482,82.41379310344827,7.586206896551724,74.82758620689656
E00137600,360,76,30,46,284,24,260,21.11111111111111,8.333333333333332,12.777777777777777,78.88888888888889,6.666666666666667,72.22222222222221
E00137601,315,52,22,30,263,33,230,16.507936507936506,6.984126984126984,9.523809523809524,83.4920634920635,10.476190476190476,73.01587301587301
E00137602,431,60,12,48,371,39,332,13.921113689095128,2.784222737819025,11.1368909512761,86.07888631090486,9.048723897911833,77.03016241299304
E00137603,469,99,61,38,370,37,333,21.108742004264393,13.00639658848614,8.102345415778252,78.89125799573561,7.889125799573561,71.00213219616205
E00137606,293,46,15,31,247,33,214,15.699658703071673,5.1194539249146755,10.580204778156997,84.30034129692832,11.262798634812286,73.03754266211604
E00137607,336,45,18,27,291,29,262,13.392857142857142,5.357142857142857,8.035714285714286,86.60714285714286,8.630952380952381,77.97619047619048
E00137608,284,54,17,37,230,23,207,19.014084507042252,5.985915492957746,13.028169014084506,80.98591549295774,8.098591549295776,72.88732394366197
E00137609,307,62,34,28,245,29,216,20.195439739413683,11.074918566775244,9.120521172638437,79.80456026058633,9.446254071661238,70.35830618892508
E00137610,221,74,28,46,147,23,124,33.4841628959276,12.669683257918551,20.81447963800905,66.51583710407239,10.407239819004525,56.10859728506787
E00137611,491,74,24,50,417,34,383,15.071283095723015,4.887983706720977,10.183299389002038,84.928716904277,6.924643584521386,78.00407331975559
E00137612,350,45,20,25,305,22,283,12.857142857142856,5.714285714285714,7.142857142857142,87.14285714285714,6.2857142857142865,80.85714285714286
E00137613,276,51,25,26,225,16,209,18.478260869565215,9.057971014492754,9.420289855072465,81.52173913043478,5.797101449275362,75.72463768115942
E00137614,333,76,27,49,257,23,234,22.822822822822822,8.108108108108109,14.714714714714713,77.17717717717719,6.906906906906906,70.27027027027027
E00137615,287,42,20,22,245,27,218,14.634146341463413,6.968641114982578,7.665505226480835,85.36585365853658,9.40766550522648,75.9581881533101
E00137616,284,96,55,41,188,17,171,33.80281690140845,19.366197183098592,14.43661971830986,66.19718309859155,5.985915492957746,60.2112676056338
E00137617,314,54,19,35,260,26,234,17.197452229299362,6.050955414012739,11.146496815286625,82.80254777070064,8.280254777070063,74.52229299363057
E00137618,254,60,25,35,194,16,178,23.62204724409449,9.84251968503937,13.779527559055119,76.37795275590551,6.299212598425196,70.07874015748031
E00137619,327,71,35,36,256,27,229,21.712538226299692,10.703363914373089,11.009174311926607,78.2874617737003,8.256880733944955,70.03058103975535
E00137620,339,63,28,35,276,21,255,18.58407079646018,8.259587020648967,10.32448377581121,81.41592920353983,6.1946902654867255,75.22123893805309
E00137621,344,107,54,53,237,21,216,31.1046511627907,15.69767441860465,15.406976744186046,68.8953488372093,6.104651162790697,62.7906976744186
E00137622,328,49,14,35,279,26,253,14.939024390243901,4.2682926829268295,10.670731707317072,85.0609756097561,7.926829268292683,77.13414634146342
E00137623,365,72,26,46,293,22,271,19.726027397260275,7.123287671232877,12.602739726027398,80.27397260273973,6.027397260273973,74.24657534246575
E00137624,265,62,27,35,203,14,189,23.39622641509434,10.18867924528302,13.20754716981132,76.60377358490567,5.283018867924529,71.32075471698113
E00137625,285,54,17,37,231,24,207,18.947368421052634,5.964912280701754,12.982456140350877,81.05263157894737,8.421052631578947,72.63157894736842
E00137626,387,86,48,38,301,35,266,22.22222222222222,12.4031007751938,9.819121447028424,77.77777777777779,9.043927648578812,68.73385012919897
E00137627,331,76,40,36,255,18,237,22.9607250755287,12.084592145015106,10.876132930513595,77.0392749244713,5.438066465256798,71.6012084592145
E00137628,412,69,14,55,343,31,312,16.74757281553398,3.3980582524271843,13.349514563106796,83.25242718446601,7.524271844660194,75.72815533980582
E00137630,297,72,31,41,225,10,215,24.242424242424242,10.437710437710438,13.804713804713806,75.75757575757575,3.3670033670033668,72.39057239057239
E00137631,453,90,30,60,363,32,331,19.867549668874172,6.622516556291391,13.245033112582782,80.13245033112582,7.06401766004415,73.06843267108167
E00137632,283,69,30,39,214,27,187,24.381625441696116,10.60070671378092,13.780918727915195,75.61837455830388,9.540636042402827,66.07773851590106
E00137634,216,36,11,25,180,15,165,16.666666666666664,5.092592592592593,11.574074074074074,83.33333333333334,6.944444444444445,76.38888888888889
E00137635,344,62,25,37,282,26,256,18.023255813953487,7.267441860465117,10.755813953488373,81.97674418604652,7.55813953488372,74.4186046511628
E00137636,525,105,46,59,420,44,376,20,8.761904761904763,11.238095238095239,80,8.380952380952381,71.61904761904762
E00137637,508,109,47,62,399,31,368,21.456692913385826,9.251968503937007,12.204724409448819,78.54330708661418,6.102362204724409,72.44094488188976
E00137638,345,63,24,39,282,27,255,18.26086956521739,6.956521739130435,11.304347826086957,81.73913043478261,7.82608695652174,73.91304347826086
E00137639,309,52,26,26,257,29,228,16.828478964401295,8.414239482200648,8.414239482200648,83.1715210355987,9.385113268608414,73.7864077669903
E00137640,312,66,21,45,246,23,223,21.153846153846153,6.730769230769231,14.423076923076922,78.84615384615384,7.371794871794872,71.47435897435898
E00137641,360,74,31,43,286,24,262,20.555555555555554,8.61111111111111,11.944444444444445,79.44444444444444,6.666666666666667,72.77777777777777
E00137642,266,35,13,22,231,17,214,13.157894736842104,4.887218045112782,8.270676691729323,86.8421052631579,6.390977443609022,80.45112781954887
E00137643,330,72,26,46,258,28,230,21.818181818181817,7.878787878787878,13.939393939393941,78.18181818181819,8.484848484848486,69.6969696969697
E00137644,316,67,25,42,249,26,223,21.202531645569618,7.9113924050632916,13.291139240506327,78.79746835443038,8.227848101265822,70.56962025316456
E00137645,241,94,48,46,147,14,133,39.004149377593365,19.91701244813278,19.08713692946058,60.99585062240664,5.809128630705394,55.18672199170125
E00137646,265,38,17,21,227,24,203,14.339622641509434,6.415094339622642,7.9245283018867925,85.66037735849056,9.056603773584905,76.60377358490567
E00137647,288,61,22,39,227,18,209,21.180555555555554,7.638888888888889,13.541666666666666,78.81944444444444,6.25,72.56944444444444
E00137648,249,41,21,20,208,23,185,16.46586345381526,8.433734939759036,8.032128514056225,83.53413654618474,9.236947791164658,74.29718875502009
E00137649,583,77,28,49,506,42,464,13.20754716981132,4.802744425385934,8.404802744425385,86.79245283018868,7.204116638078903,79.58833619210978
E00137650,236,52,19,33,184,29,155,22.033898305084744,8.050847457627118,13.983050847457626,77.96610169491525,12.288135593220339,65.67796610169492
E00137651,341,57,23,34,284,28,256,16.715542521994134,6.744868035190615,9.970674486803519,83.28445747800586,8.211143695014663,75.0733137829912
E00137652,362,54,15,39,308,39,269,14.917127071823206,4.143646408839778,10.773480662983426,85.0828729281768,10.773480662983426,74.30939226519338
E00137653,454,78,34,44,376,36,340,17.180616740088105,7.488986784140969,9.691629955947137,82.81938325991189,7.929515418502203,74.8898678414097
E00137654,218,32,14,18,186,17,169,14.678899082568808,6.422018348623854,8.256880733944955,85.3211009174312,7.79816513761468,77.52293577981652
E00137657,234,38,16,22,196,23,173,16.23931623931624,6.837606837606838,9.401709401709402,83.76068376068376,9.82905982905983,73.93162393162393
E00137658,421,105,52,53,316,32,284,24.94061757719715,12.351543942992874,12.589073634204276,75.05938242280284,7.600950118764846,67.45843230403801
E00137659,414,100,49,51,314,38,276,24.154589371980677,11.83574879227053,12.318840579710146,75.84541062801932,9.178743961352657,66.66666666666666
E00137660,321,46,10,36,275,25,250,14.330218068535824,3.115264797507788,11.214953271028037,85.66978193146417,7.78816199376947,77.88161993769471
E00137661,396,56,17,39,340,29,311,14.14141414141414,4.292929292929292,9.848484848484848,85.85858585858585,7.3232323232323235,78.53535353535354
E00137662,323,63,18,45,260,21,239,19.5046439628483,5.572755417956656,13.93188854489164,80.4953560371517,6.5015479876160995,73.9938080495356
E00137663,296,54,21,33,242,26,216,18.243243243243242,7.094594594594595,11.14864864864865,81.75675675675676,8.783783783783784,72.97297297297297
E00137664,347,56,26,30,291,25,266,16.138328530259365,7.492795389048991,8.645533141210375,83.86167146974063,7.204610951008646,76.657060518732
E00137665,301,51,17,34,250,20,230,16.943521594684384,5.647840531561462,11.295681063122924,83.05647840531562,6.64451827242525,76.41196013289037
E00137666,282,51,16,35,231,21,210,18.085106382978726,5.673758865248227,12.411347517730496,81.91489361702128,7.446808510638298,74.46808510638297
E00137667,392,78,37,41,314,34,280,19.897959183673468,9.438775510204081,10.459183673469388,80.10204081632652,8.673469387755102,71.42857142857143
E00137668,317,76,20,56,241,21,220,23.974763406940063,6.309148264984227,17.665615141955836,76.02523659305994,6.624605678233439,69.4006309148265
E00137669,308,59,18,41,249,18,231,19.155844155844157,5.844155844155844,13.311688311688311,80.84415584415584,5.844155844155844,75
E00137670,317,108,63,45,209,26,183,34.06940063091483,19.873817034700316,14.195583596214512,65.93059936908517,8.201892744479496,57.72870662460568
E00137671,270,37,7,30,233,24,209,13.703703703703704,2.5925925925925926,11.11111111111111,86.29629629629629,8.88888888888889,77.4074074074074
E00137672,381,100,37,63,281,35,246,26.246719160104988,9.711286089238845,16.535433070866144,73.75328083989501,9.186351706036746,64.56692913385827
E00137673,390,45,18,27,345,33,312,11.538461538461538,4.615384615384616,6.923076923076923,88.46153846153845,8.461538461538462,80
E00137674,273,32,12,20,241,20,221,11.72161172161172,4.395604395604396,7.326007326007327,88.27838827838828,7.326007326007327,80.95238095238095
E00137675,367,30,9,21,337,37,300,8.174386920980927,2.452316076294278,5.722070844686648,91.82561307901908,10.08174386920981,81.74386920980926
E00137676,163,24,10,14,139,14,125,14.723926380368098,6.134969325153374,8.588957055214724,85.2760736196319,8.588957055214724,76.68711656441718
E00137677,352,62,21,41,290,28,262,17.613636363636363,5.965909090909091,11.647727272727272,82.38636363636364,7.954545454545454,74.43181818181817
E00137678,274,68,24,44,206,20,186,24.817518248175183,8.75912408759124,16.05839416058394,75.18248175182481,7.2992700729927,67.88321167883211
E00137679,276,56,29,27,220,24,196,20.28985507246377,10.507246376811594,9.782608695652174,79.71014492753623,8.695652173913043,71.01449275362319
E00137680,388,52,23,29,336,34,302,13.402061855670103,5.927835051546391,7.474226804123711,86.5979381443299,8.762886597938143,77.83505154639175
E00137681,104,33,18,15,71,7,64,31.73076923076923,17.307692307692307,14.423076923076922,68.26923076923077,6.730769230769231,61.53846153846154
E00137682,360,55,26,29,305,20,285,15.277777777777779,7.222222222222221,8.055555555555555,84.72222222222221,5.555555555555555,79.16666666666666
E00137683,215,61,34,27,154,12,142,28.37209302325581,15.813953488372093,12.558139534883722,71.62790697674419,5.5813953488372094,66.04651162790698
E00137684,405,47,16,31,358,26,332,11.604938271604938,3.950617283950617,7.654320987654321,88.39506172839506,6.419753086419753,81.9753086419753
E00137685,222,45,23,22,177,18,159,20.27027027027027,10.36036036036036,9.90990990990991,79.72972972972973,8.108108108108109,71.62162162162163
E00137686,372,108,56,52,264,33,231,29.03225806451613,15.053763440860216,13.978494623655912,70.96774193548387,8.870967741935484,62.096774193548384
E00137687,260,59,23,36,201,18,183,22.692307692307693,8.846153846153847,13.846153846153847,77.3076923076923,6.923076923076923,70.38461538461539
E00137688,365,53,17,36,312,27,285,14.520547945205479,4.657534246575342,9.863013698630137,85.47945205479452,7.397260273972603,78.08219178082192
E00137689,262,92,48,44,170,26,144,35.11450381679389,18.3206106870229,16.793893129770993,64.8854961832061,9.923664122137405,54.961832061068705
E00137690,298,52,19,33,246,25,221,17.449664429530202,6.375838926174497,11.073825503355705,82.5503355704698,8.389261744966444,74.16107382550335
E00137692,383,53,11,42,330,30,300,13.838120104438643,2.8720626631853787,10.966057441253264,86.16187989556136,7.83289817232376,78.3289817232376
E00137693,536,85,30,55,451,32,419,15.858208955223882,5.597014925373134,10.261194029850747,84.14179104477611,5.970149253731343,78.17164179104478
E00137695,280,53,20,33,227,21,206,18.928571428571427,7.142857142857142,11.785714285714285,81.07142857142857,7.5,73.57142857142858
E00137696,287,23,10,13,264,19,245,8.013937282229964,3.484320557491289,4.529616724738676,91.98606271777004,6.620209059233449,85.36585365853658
E00137697,315,46,16,30,269,34,235,14.603174603174605,5.079365079365079,9.523809523809524,85.39682539682539,10.793650793650794,74.60317460317461
E00137698,352,53,12,41,299,28,271,15.056818181818182,3.4090909090909087,11.647727272727272,84.94318181818183,7.954545454545454,76.98863636363636
E00137699,256,53,17,36,203,30,173,20.703125,6.640625,14.0625,79.296875,11.71875,67.578125
E00137700,307,51,12,39,256,23,233,16.612377850162865,3.908794788273615,12.703583061889251,83.38762214983714,7.491856677524431,75.8957654723127
E00137701,250,50,21,29,200,10,190,20,8.4,11.600000000000001,80,4,76
E00137702,264,47,20,27,217,26,191,17.803030303030305,7.575757575757576,10.227272727272728,82.1969696969697,9.848484848484848,72.34848484848484
E00137703,312,36,17,19,276,25,251,11.538461538461538,5.448717948717949,6.089743589743589,88.46153846153845,8.012820512820513,80.44871794871796
E00137704,339,45,12,33,294,31,263,13.274336283185843,3.5398230088495577,9.734513274336283,86.72566371681415,9.144542772861357,77.5811209439528
E00137705,406,98,35,63,308,27,281,24.137931034482758,8.620689655172415,15.517241379310345,75.86206896551724,6.65024630541872,69.21182266009852
E00137706,290,42,16,26,248,26,222,14.482758620689657,5.517241379310345,8.96551724137931,85.51724137931035,8.96551724137931,76.55172413793103
E00137707,234,27,14,13,207,22,185,11.538461538461538,5.982905982905983,5.555555555555555,88.46153846153845,9.401709401709402,79.05982905982906
E00137708,401,78,23,55,323,19,304,19.45137157107232,5.7356608478802995,13.715710723192021,80.54862842892769,4.738154613466334,75.81047381546135
E00137709,281,69,28,41,212,20,192,24.555160142348754,9.9644128113879,14.590747330960854,75.44483985765125,7.11743772241993,68.32740213523132
E00137710,340,63,29,34,277,26,251,18.529411764705884,8.529411764705882,10,81.47058823529412,7.647058823529412,73.82352941176471
E00137711,328,77,36,41,251,19,232,23.47560975609756,10.975609756097562,12.5,76.52439024390245,5.7926829268292686,70.73170731707317
E00137712,290,71,26,45,219,14,205,24.482758620689655,8.96551724137931,15.517241379310345,75.51724137931033,4.827586206896552,70.6896551724138
E00137713,343,78,40,38,265,20,245,22.740524781341108,11.661807580174926,11.078717201166182,77.25947521865889,5.830903790087463,71.42857142857143
E00137714,218,52,21,31,166,21,145,23.853211009174313,9.63302752293578,14.220183486238533,76.14678899082568,9.63302752293578,66.5137614678899
E00137715,274,42,14,28,232,16,216,15.328467153284672,5.109489051094891,10.218978102189782,84.67153284671532,5.839416058394161,78.83211678832117
E00137716,310,50,13,37,260,29,231,16.129032258064516,4.193548387096775,11.935483870967742,83.87096774193549,9.35483870967742,74.51612903225806
E00137717,428,73,30,43,355,30,325,17.056074766355138,7.009345794392523,10.046728971962617,82.94392523364486,7.009345794392523,75.93457943925233
E00137718,259,32,11,21,227,14,213,12.355212355212355,4.247104247104247,8.108108108108109,87.64478764478764,5.405405405405405,82.23938223938224
E00137719,211,42,15,27,169,18,151,19.90521327014218,7.109004739336493,12.796208530805686,80.09478672985783,8.530805687203792,71.56398104265402
E00137720,321,43,12,31,278,30,248,13.395638629283487,3.7383177570093453,9.657320872274143,86.6043613707165,9.345794392523365,77.25856697819314
E00137721,313,37,10,27,276,28,248,11.821086261980831,3.1948881789137378,8.626198083067091,88.17891373801918,8.945686900958465,79.2332268370607
E00137722,405,115,77,38,290,26,264,28.39506172839506,19.012345679012345,9.382716049382717,71.60493827160494,6.419753086419753,65.18518518518519
E00137723,236,50,18,32,186,21,165,21.1864406779661,7.627118644067797,13.559322033898304,78.8135593220339,8.898305084745763,69.91525423728814
E00137724,332,45,7,38,287,30,257,13.55421686746988,2.108433734939759,11.44578313253012,86.44578313253012,9.036144578313253,77.40963855421687
E00137725,280,75,29,46,205,22,183,26.785714285714285,10.357142857142858,16.428571428571427,73.21428571428571,7.857142857142857,65.35714285714286
E00137726,307,35,2,33,272,27,245,11.400651465798045,0.6514657980456027,10.749185667752444,88.59934853420195,8.794788273615636,79.80456026058633
E00137727,535,56,16,40,479,52,427,10.46728971962617,2.990654205607477,7.476635514018691,89.53271028037383,9.719626168224298,79.81308411214954
E00137729,387,73,34,39,314,29,285,18.863049095607234,8.785529715762273,10.077519379844961,81.13695090439276,7.493540051679587,73.64341085271317
E00137730,409,51,10,41,358,37,321,12.469437652811736,2.444987775061125,10.024449877750612,87.53056234718827,9.04645476772616,78.4841075794621
E00137731,333,39,7,32,294,24,270,11.711711711711711,2.1021021021021022,9.60960960960961,88.28828828828829,7.207207207207207,81.08108108108108
E00137733,379,54,21,33,325,32,293,14.24802110817942,5.540897097625329,8.70712401055409,85.75197889182058,8.443271767810026,77.30870712401055
E00137734,251,46,14,32,205,14,191,18.326693227091635,5.577689243027888,12.749003984063744,81.67330677290838,5.577689243027888,76.09561752988047
E00137735,244,39,11,28,205,20,185,15.983606557377051,4.508196721311475,11.475409836065573,84.01639344262296,8.19672131147541,75.81967213114754
E00137736,430,72,30,42,358,48,310,16.74418604651163,6.976744186046512,9.767441860465116,83.25581395348837,11.162790697674419,72.09302325581395
E00137737,304,45,16,29,259,29,230,14.802631578947366,5.263157894736842,9.539473684210527,85.19736842105263,9.539473684210527,75.6578947368421
E00137738,532,59,20,39,473,50,423,11.090225563909774,3.7593984962406015,7.330827067669173,88.90977443609023,9.398496240601503,79.51127819548873
E00137739,427,84,28,56,343,36,307,19.672131147540984,6.557377049180328,13.114754098360656,80.32786885245902,8.430913348946136,71.89695550351288
E00137741,251,27,10,17,224,15,209,10.756972111553784,3.9840637450199203,6.772908366533864,89.2430278884462,5.9760956175298805,83.26693227091634
E00137742,299,54,14,40,245,25,220,18.06020066889632,4.682274247491638,13.377926421404682,81.93979933110369,8.361204013377927,73.57859531772574
E00137743,320,56,16,40,264,28,236,17.5,5,12.5,82.5,8.75,73.75
E00137744,322,61,23,38,261,22,239,18.944099378881987,7.142857142857142,11.801242236024844,81.05590062111801,6.832298136645963,74.22360248447205
E00137745,429,83,38,45,346,42,304,19.34731934731935,8.857808857808857,10.48951048951049,80.65268065268066,9.79020979020979,70.86247086247086
E00137746,475,103,43,60,372,34,338,21.684210526315788,9.05263157894737,12.631578947368421,78.3157894736842,7.157894736842104,71.15789473684211
E00137747,248,72,33,39,176,15,161,29.03225806451613,13.306451612903224,15.725806451612904,70.96774193548387,6.048387096774194,64.91935483870968
E00137748,322,57,23,34,265,29,236,17.70186335403727,7.142857142857142,10.559006211180124,82.29813664596274,9.006211180124224,73.29192546583852
E00137749,356,54,15,39,302,24,278,15.168539325842698,4.213483146067416,10.955056179775282,84.8314606741573,6.741573033707865,78.08988764044943
E00137750,438,76,30,46,362,43,319,17.35159817351598,6.8493150684931505,10.50228310502283,82.64840182648402,9.817351598173515,72.8310502283105
E00137751,347,79,30,49,268,31,237,22.76657060518732,8.645533141210375,14.121037463976945,77.23342939481267,8.93371757925072,68.29971181556196
E00137752,285,40,14,26,245,24,221,14.035087719298245,4.912280701754386,9.12280701754386,85.96491228070175,8.421052631578947,77.54385964912281
E00137753,290,58,22,36,232,19,213,20,7.586206896551724,12.413793103448276,80,6.551724137931035,73.44827586206897
E00137754,347,47,20,27,300,29,271,13.544668587896252,5.763688760806916,7.780979827089338,86.45533141210375,8.357348703170029,78.09798270893373
E00137755,333,73,32,41,260,29,231,21.92192192192192,9.60960960960961,12.312312312312311,78.07807807807808,8.708708708708707,69.36936936936937
E00137756,348,48,16,32,300,23,277,13.793103448275861,4.597701149425287,9.195402298850574,86.20689655172413,6.609195402298851,79.59770114942529
E00137757,357,63,18,45,294,20,274,17.647058823529413,5.042016806722689,12.605042016806722,82.35294117647058,5.602240896358544,76.75070028011206
E00137758,395,61,27,34,334,40,294,15.443037974683543,6.8354430379746836,8.60759493670886,84.55696202531645,10.126582278481013,74.43037974683544
E00137759,387,88,37,51,299,29,270,22.739018087855296,9.560723514211885,13.178294573643413,77.2609819121447,7.493540051679587,69.76744186046511
E00137760,491,93,45,48,398,23,375,18.94093686354379,9.164969450101832,9.775967413441954,81.05906313645622,4.684317718940937,76.37474541751527
E00137761,353,76,40,36,277,19,258,21.529745042492916,11.3314447592068,10.198300283286118,78.47025495750708,5.382436260623229,73.08781869688386
E00137762,244,58,24,34,186,22,164,23.770491803278688,9.836065573770492,13.934426229508196,76.22950819672131,9.01639344262295,67.21311475409836
E00137763,321,68,32,36,253,21,232,21.18380062305296,9.968847352024921,11.214953271028037,78.81619937694704,6.5420560747663545,72.27414330218068
E00137764,309,67,29,38,242,20,222,21.68284789644013,9.385113268608414,12.297734627831716,78.31715210355988,6.472491909385113,71.84466019417476
E00137765,351,64,23,41,287,30,257,18.233618233618234,6.552706552706552,11.68091168091168,81.76638176638177,8.547008547008547,73.21937321937322
E00137766,314,81,37,44,233,16,217,25.796178343949045,11.78343949044586,14.012738853503185,74.20382165605095,5.095541401273886,69.10828025477707
E00137767,402,76,33,43,326,15,311,18.90547263681592,8.208955223880597,10.696517412935323,81.09452736318407,3.731343283582089,77.363184079602
E00137768,283,62,28,34,221,14,207,21.908127208480565,9.89399293286219,12.014134275618375,78.09187279151944,4.946996466431095,73.14487632508833
E00137769,381,71,22,49,310,18,292,18.635170603674542,5.774278215223097,12.860892388451445,81.36482939632546,4.724409448818897,76.64041994750657
E00137770,328,67,21,46,261,28,233,20.426829268292682,6.402439024390244,14.02439024390244,79.57317073170732,8.536585365853659,71.03658536585365
E00137771,281,40,14,26,241,21,220,14.23487544483986,4.98220640569395,9.252669039145907,85.76512455516014,7.473309608540925,78.29181494661923
E00137772,295,74,30,44,221,15,206,25.08474576271186,10.16949152542373,14.915254237288137,74.91525423728814,5.084745762711865,69.83050847457626
E00137773,231,64,27,37,167,13,154,27.705627705627705,11.688311688311687,16.017316017316016,72.2943722943723,5.627705627705628,66.66666666666666
E00137774,259,56,26,30,203,32,171,21.62162162162162,10.038610038610038,11.583011583011583,78.37837837837837,12.355212355212355,66.02316602316603
E00137776,233,42,19,23,191,26,165,18.025751072961373,8.15450643776824,9.871244635193133,81.97424892703863,11.158798283261802,70.81545064377683
E00137777,222,56,24,32,166,21,145,25.225225225225223,10.81081081081081,14.414414414414415,74.77477477477478,9.45945945945946,65.31531531531532
E00137778,270,49,18,31,221,20,201,18.14814814814815,6.666666666666667,11.481481481481481,81.85185185185185,7.4074074074074066,74.44444444444444
E00137779,286,55,23,32,231,28,203,19.230769230769234,8.041958041958042,11.188811188811188,80.76923076923077,9.79020979020979,70.97902097902097
E00137780,419,69,23,46,350,33,317,16.467780429594274,5.4892601431980905,10.978520286396181,83.53221957040573,7.875894988066825,75.65632458233891
E00137781,497,55,22,33,442,39,403,11.066398390342053,4.426559356136821,6.639839034205232,88.93360160965796,7.847082494969819,81.08651911468813
E00137782,342,55,24,31,287,21,266,16.08187134502924,7.017543859649122,9.064327485380117,83.91812865497076,6.140350877192982,77.77777777777779
E00137783,334,44,11,33,290,31,259,13.17365269461078,3.293413173652695,9.880239520958083,86.82634730538922,9.281437125748502,77.54491017964071
E00137784,435,83,38,45,352,33,319,19.080459770114942,8.735632183908045,10.344827586206897,80.91954022988506,7.586206896551724,73.33333333333333
E00137786,303,63,24,39,240,26,214,20.792079207920793,7.920792079207921,12.871287128712872,79.20792079207921,8.58085808580858,70.62706270627062
E00137787,615,95,29,66,520,50,470,15.447154471544716,4.715447154471545,10.731707317073171,84.5528455284553,8.130081300813007,76.42276422764228
E00137788,298,42,11,31,256,16,240,14.093959731543624,3.691275167785235,10.40268456375839,85.90604026845638,5.369127516778524,80.53691275167785
E00137789,338,29,9,20,309,28,281,8.579881656804734,2.6627218934911245,5.9171597633136095,91.42011834319527,8.284023668639055,83.13609467455622
E00137790,409,59,17,42,350,46,304,14.425427872860636,4.156479217603912,10.268948655256724,85.57457212713936,11.246943765281173,74.32762836185819
E00137791,365,46,15,31,319,28,291,12.602739726027398,4.10958904109589,8.493150684931507,87.3972602739726,7.671232876712329,79.72602739726027
E00137792,286,49,21,28,237,26,211,17.132867132867133,7.3426573426573425,9.79020979020979,82.86713286713287,9.090909090909092,73.77622377622379
E00137793,307,34,8,26,273,29,244,11.074918566775244,2.6058631921824107,8.469055374592834,88.92508143322475,9.446254071661238,79.47882736156352
E00137794,370,64,25,39,306,23,283,17.2972972972973,6.756756756756757,10.54054054054054,82.70270270270271,6.216216216216217,76.48648648648648
E00137795,295,51,19,32,244,17,227,17.28813559322034,6.440677966101695,10.847457627118644,82.71186440677965,5.762711864406779,76.94915254237287
E00137796,299,48,20,28,251,21,230,16.05351170568562,6.688963210702341,9.364548494983277,83.94648829431438,7.023411371237458,76.92307692307693
E00137797,278,50,15,35,228,11,217,17.985611510791365,5.39568345323741,12.589928057553957,82.01438848920863,3.9568345323741005,78.05755395683454
E00137798,254,54,24,30,200,18,182,21.25984251968504,9.448818897637794,11.811023622047244,78.74015748031496,7.086614173228346,71.65354330708661
E00137799,252,39,11,28,213,17,196,15.476190476190476,4.365079365079365,11.11111111111111,84.52380952380952,6.746031746031746,77.77777777777779
E00137802,130,16,2,14,114,16,98,12.307692307692308,1.5384615384615385,10.76923076923077,87.6923076923077,12.307692307692308,75.38461538461539
E00137803,530,88,30,58,442,37,405,16.60377358490566,5.660377358490567,10.943396226415095,83.39622641509435,6.981132075471698,76.41509433962264
E00137804,146,14,6,8,132,12,120,9.58904109589041,4.10958904109589,5.47945205479452,90.41095890410958,8.21917808219178,82.1917808219178
E00137805,301,81,61,20,220,13,207,26.910299003322258,20.26578073089701,6.64451827242525,73.08970099667775,4.318936877076411,68.77076411960132
E00137806,303,57,18,39,246,28,218,18.81188118811881,5.9405940594059405,12.871287128712872,81.1881188118812,9.24092409240924,71.94719471947195
E00137808,249,46,15,31,203,19,184,18.473895582329316,6.024096385542169,12.449799196787147,81.52610441767068,7.630522088353414,73.89558232931726
E00137809,329,58,22,36,271,32,239,17.62917933130699,6.68693009118541,10.94224924012158,82.37082066869301,9.72644376899696,72.64437689969606
E00137810,280,71,29,42,209,15,194,25.357142857142854,10.357142857142858,15,74.64285714285714,5.357142857142857,69.28571428571428
E00137811,328,96,41,55,232,20,212,29.268292682926827,12.5,16.76829268292683,70.73170731707317,6.097560975609756,64.63414634146342
E00137812,288,77,33,44,211,33,178,26.73611111111111,11.458333333333332,15.277777777777779,73.26388888888889,11.458333333333332,61.80555555555556
E00137813,350,63,27,36,287,29,258,18,7.7142857142857135,10.285714285714285,82,8.285714285714285,73.71428571428571
E00137814,424,101,42,59,323,28,295,23.82075471698113,9.90566037735849,13.915094339622641,76.17924528301887,6.60377358490566,69.5754716981132
E00137815,276,42,18,24,234,31,203,15.217391304347828,6.521739130434782,8.695652173913043,84.78260869565217,11.231884057971014,73.55072463768117
E00137816,316,52,16,36,264,24,240,16.455696202531644,5.063291139240507,11.39240506329114,83.54430379746836,7.59493670886076,75.9493670886076
E00137817,401,113,76,37,288,42,246,28.179551122194514,18.952618453865338,9.226932668329177,71.82044887780549,10.473815461346634,61.34663341645885
E00137818,305,46,18,28,259,41,218,15.081967213114755,5.901639344262295,9.180327868852459,84.91803278688525,13.442622950819672,71.47540983606558
E00137819,336,63,31,32,273,38,235,18.75,9.226190476190476,9.523809523809524,81.25,11.30952380952381,69.94047619047619
E00137820,320,59,25,34,261,28,233,18.4375,7.8125,10.625,81.5625,8.75,72.8125
E00137822,385,78,31,47,307,24,283,20.259740259740262,8.051948051948052,12.207792207792208,79.74025974025975,6.233766233766234,73.50649350649351
E00137823,403,68,30,38,335,38,297,16.87344913151365,7.444168734491314,9.429280397022332,83.12655086848635,9.429280397022332,73.69727047146401
E00137824,330,77,42,35,253,32,221,23.333333333333332,12.727272727272727,10.606060606060606,76.66666666666667,9.696969696969697,66.96969696969697
E00137825,331,77,27,50,254,35,219,23.26283987915408,8.157099697885197,15.105740181268882,76.73716012084593,10.574018126888216,66.16314199395771
E00137826,520,84,31,53,436,45,391,16.153846153846153,5.961538461538462,10.192307692307692,83.84615384615385,8.653846153846153,75.1923076923077
E00137827,264,49,15,34,215,25,190,18.560606060606062,5.681818181818182,12.878787878787879,81.43939393939394,9.469696969696969,71.96969696969697
E00137828,408,86,35,51,322,27,295,21.07843137254902,8.57843137254902,12.5,78.92156862745098,6.61764705882353,72.30392156862744
E00137829,369,90,32,58,279,32,247,24.390243902439025,8.672086720867208,15.718157181571815,75.60975609756098,8.672086720867208,66.93766937669376
E00137830,200,67,34,33,133,21,112,33.5,17,16.5,66.5,10.5,56.00000000000001
E00137831,319,52,18,34,267,23,244,16.30094043887147,5.6426332288401255,10.658307210031348,83.69905956112854,7.210031347962382,76.48902821316614
E00137832,411,75,24,51,336,34,302,18.248175182481752,5.839416058394161,12.408759124087592,81.75182481751825,8.27250608272506,73.47931873479318
E00137834,316,59,29,30,257,18,239,18.670886075949365,9.177215189873419,9.49367088607595,81.32911392405063,5.69620253164557,75.63291139240506
E00137835,279,38,15,23,241,27,214,13.620071684587815,5.376344086021505,8.24372759856631,86.37992831541219,9.67741935483871,76.70250896057348
E00137836,300,60,32,28,240,15,225,20,10.666666666666668,9.333333333333334,80,5,75
E00137837,325,68,25,43,257,38,219,20.923076923076923,7.6923076923076925,13.230769230769232,79.07692307692308,11.692307692307692,67.38461538461539
E00137838,178,34,13,21,144,12,132,19.101123595505616,7.303370786516854,11.797752808988763,80.89887640449437,6.741573033707865,74.15730337078652
E00137839,289,42,11,31,247,30,217,14.53287197231834,3.8062283737024223,10.726643598615917,85.46712802768167,10.380622837370241,75.08650519031141
E00137840,254,39,13,26,215,29,186,15.354330708661418,5.118110236220472,10.236220472440944,84.64566929133859,11.41732283464567,73.22834645669292
E00137841,256,53,17,36,203,27,176,20.703125,6.640625,14.0625,79.296875,10.546875,68.75
E00137842,286,44,18,26,242,23,219,15.384615384615385,6.293706293706294,9.090909090909092,84.61538461538461,8.041958041958042,76.57342657342657
E00137843,290,58,29,29,232,17,215,20,10,10,80,5.862068965517241,74.13793103448276
E00137844,304,50,17,33,254,17,237,16.447368421052634,5.592105263157895,10.855263157894738,83.55263157894737,5.592105263157895,77.96052631578947
E00137845,301,71,24,47,230,29,201,23.588039867109632,7.973421926910299,15.614617940199334,76.41196013289037,9.634551495016613,66.77740863787376
E00137846,235,54,17,37,181,19,162,22.97872340425532,7.234042553191489,15.74468085106383,77.02127659574468,8.085106382978724,68.93617021276596
E00137847,297,54,20,34,243,24,219,18.181818181818183,6.7340067340067336,11.447811447811448,81.81818181818183,8.080808080808081,73.73737373737373
E00137848,313,47,13,34,266,19,247,15.015974440894569,4.15335463258786,10.86261980830671,84.98402555910543,6.070287539936102,78.91373801916933
E00137849,274,46,10,36,228,26,202,16.78832116788321,3.64963503649635,13.138686131386862,83.21167883211679,9.48905109489051,73.72262773722628
E00137850,268,47,19,28,221,23,198,17.537313432835823,7.08955223880597,10.44776119402985,82.46268656716418,8.582089552238806,73.88059701492537
E00137851,391,60,27,33,331,23,308,15.34526854219949,6.905370843989769,8.439897698209718,84.65473145780051,5.88235294117647,78.77237851662404
E00137853,255,44,15,29,211,20,191,17.254901960784313,5.88235294117647,11.372549019607844,82.74509803921568,7.8431372549019605,74.90196078431373
E00137856,301,61,28,33,240,17,223,20.26578073089701,9.30232558139535,10.96345514950166,79.734219269103,5.647840531561462,74.08637873754152
E00137857,307,66,25,41,241,22,219,21.49837133550489,8.143322475570033,13.355048859934854,78.50162866449512,7.166123778501629,71.33550488599349
E00137860,395,75,34,41,320,28,292,18.9873417721519,8.60759493670886,10.379746835443038,81.0126582278481,7.088607594936709,73.9240506329114
E00137861,384,56,21,35,328,29,299,14.583333333333334,5.46875,9.114583333333332,85.41666666666666,7.552083333333333,77.86458333333334
E00137862,403,58,22,36,345,29,316,14.392059553349876,5.459057071960298,8.933002481389577,85.60794044665012,7.196029776674938,78.41191066997519
E00137863,295,48,19,29,247,19,228,16.271186440677965,6.440677966101695,9.830508474576272,83.72881355932203,6.440677966101695,77.28813559322035
E00137864,272,66,25,41,206,21,185,24.264705882352942,9.191176470588236,15.073529411764705,75.73529411764706,7.720588235294118,68.01470588235294
E00137865,367,43,8,35,324,29,295,11.716621253405995,2.17983651226158,9.536784741144414,88.28337874659401,7.901907356948229,80.38147138964578
E00137866,275,45,13,32,230,22,208,16.363636363636363,4.7272727272727275,11.636363636363637,83.63636363636363,8,75.63636363636364
E00137867,306,44,17,27,262,26,236,14.37908496732026,5.555555555555555,8.823529411764707,85.62091503267973,8.49673202614379,77.12418300653596
E00137868,307,44,13,31,263,30,233,14.332247557003258,4.234527687296417,10.097719869706841,85.66775244299674,9.77198697068404,75.8957654723127
E00137869,118,27,10,17,91,7,84,22.88135593220339,8.47457627118644,14.40677966101695,77.11864406779661,5.932203389830509,71.1864406779661
E00137870,261,50,16,34,211,20,191,19.157088122605366,6.130268199233716,13.026819923371647,80.84291187739464,7.662835249042145,73.18007662835248
E00137871,330,72,40,32,258,28,230,21.818181818181817,12.121212121212121,9.696969696969697,78.18181818181819,8.484848484848486,69.6969696969697
E00137872,401,66,23,43,335,27,308,16.458852867830423,5.7356608478802995,10.723192019950124,83.54114713216958,6.733167082294264,76.80798004987531
E00137874,287,47,19,28,240,26,214,16.376306620209057,6.620209059233449,9.75609756097561,83.62369337979094,9.059233449477352,74.56445993031359
E00137875,371,63,27,36,308,27,281,16.9811320754717,7.277628032345014,9.703504043126685,83.01886792452831,7.277628032345014,75.74123989218329
E00137876,374,69,28,41,305,18,287,18.449197860962567,7.4866310160427805,10.962566844919785,81.55080213903744,4.81283422459893,76.7379679144385
E00137877,277,65,23,42,212,12,200,23.465703971119133,8.303249097472925,15.162454873646208,76.53429602888086,4.332129963898916,72.20216606498195
E00137878,320,56,19,37,264,20,244,17.5,5.9375,11.5625,82.5,6.25,76.25
E00137879,504,85,37,48,419,24,395,16.865079365079367,7.341269841269842,9.523809523809524,83.13492063492063,4.761904761904762,78.37301587301587
E00137880,349,44,21,23,305,17,288,12.607449856733524,6.017191977077363,6.59025787965616,87.39255014326648,4.871060171919771,82.52148997134671
E00137881,277,75,32,43,202,15,187,27.075812274368232,11.552346570397113,15.523465703971121,72.92418772563177,5.415162454873646,67.50902527075813
E00137882,324,53,18,35,271,19,252,16.358024691358025,5.555555555555555,10.802469135802468,83.64197530864197,5.864197530864197,77.77777777777779
E00137883,285,56,26,30,229,24,205,19.649122807017545,9.12280701754386,10.526315789473683,80.35087719298247,8.421052631578947,71.9298245614035
E00137884,357,51,11,40,306,26,280,14.285714285714285,3.081232492997199,11.204481792717088,85.71428571428571,7.282913165266107,78.43137254901961
E00137885,459,65,27,38,394,31,363,14.161220043572984,5.88235294117647,8.278867102396514,85.83877995642702,6.753812636165578,79.08496732026144
E00137886,285,63,21,42,222,21,201,22.105263157894736,7.368421052631578,14.736842105263156,77.89473684210526,7.368421052631578,70.52631578947368
E00137887,315,81,47,34,234,28,206,25.71428571428571,14.920634920634921,10.793650793650794,74.28571428571429,8.88888888888889,65.39682539682539
E00137888,461,57,27,30,404,12,392,12.364425162689804,5.856832971800434,6.507592190889371,87.63557483731019,2.6030368763557483,85.03253796095444
E00137889,305,56,25,31,249,11,238,18.360655737704917,8.19672131147541,10.163934426229508,81.63934426229508,3.606557377049181,78.0327868852459
E00137890,296,50,10,40,246,24,222,16.89189189189189,3.3783783783783785,13.513513513513514,83.1081081081081,8.108108108108109,75
E00137891,356,53,18,35,303,32,271,14.887640449438203,5.056179775280898,9.831460674157304,85.1123595505618,8.98876404494382,76.12359550561798
E00137892,315,38,15,23,277,25,252,12.063492063492063,4.761904761904762,7.301587301587302,87.93650793650794,7.936507936507936,80
E00137893,306,50,16,34,256,26,230,16.33986928104575,5.228758169934641,11.11111111111111,83.66013071895425,8.49673202614379,75.16339869281046
E00137894,266,45,25,20,221,20,201,16.917293233082706,9.398496240601503,7.518796992481203,83.0827067669173,7.518796992481203,75.56390977443608
E00137895,326,66,21,45,260,22,238,20.245398773006134,6.441717791411043,13.803680981595093,79.75460122699386,6.748466257668712,73.00613496932516
E00137896,305,51,15,36,254,26,228,16.721311475409838,4.918032786885246,11.80327868852459,83.27868852459017,8.524590163934425,74.75409836065575
E00137897,288,59,20,39,229,32,197,20.48611111111111,6.944444444444445,13.541666666666666,79.51388888888889,11.11111111111111,68.40277777777779
E00137898,290,53,23,30,237,22,215,18.275862068965516,7.931034482758621,10.344827586206897,81.72413793103448,7.586206896551724,74.13793103448276
E00137899,283,57,23,34,226,15,211,20.141342756183743,8.12720848056537,12.014134275618375,79.85865724381625,5.30035335689046,74.55830388692578
E00137900,390,91,45,46,299,34,265,23.333333333333332,11.538461538461538,11.794871794871794,76.66666666666667,8.717948717948717,67.94871794871796
E00137901,423,85,33,52,338,34,304,20.094562647754138,7.801418439716312,12.293144208037825,79.90543735224587,8.037825059101655,71.8676122931442
E00137902,317,43,16,27,274,14,260,13.564668769716087,5.047318611987381,8.517350157728707,86.43533123028391,4.416403785488959,82.01892744479495
E00137903,299,53,19,34,246,17,229,17.725752508361204,6.354515050167224,11.37123745819398,82.2742474916388,5.68561872909699,76.58862876254182
E00137904,198,66,32,34,132,8,124,33.33333333333333,16.161616161616163,17.17171717171717,66.66666666666666,4.040404040404041,62.62626262626263
E00137905,275,66,26,40,209,17,192,24,9.454545454545455,14.545454545454545,76,6.181818181818182,69.81818181818183
E00137906,343,55,22,33,288,18,270,16.034985422740526,6.41399416909621,9.620991253644315,83.96501457725948,5.247813411078718,78.71720116618076
E00137907,363,56,25,31,307,35,272,15.426997245179063,6.887052341597796,8.539944903581267,84.57300275482093,9.641873278236915,74.93112947658402
E00137908,163,72,36,36,91,6,85,44.171779141104295,22.085889570552148,22.085889570552148,55.828220858895705,3.6809815950920246,52.14723926380368
E00137909,294,76,31,45,218,19,199,25.850340136054424,10.54421768707483,15.306122448979592,74.14965986394559,6.462585034013606,67.68707482993197
E00137911,186,77,35,42,109,13,96,41.39784946236559,18.817204301075268,22.58064516129032,58.602150537634415,6.989247311827956,51.61290322580645
E00137913,343,51,19,32,292,28,264,14.868804664723031,5.539358600583091,9.329446064139942,85.13119533527697,8.16326530612245,76.96793002915452
E00137914,310,55,28,27,255,15,240,17.741935483870968,9.032258064516128,8.709677419354838,82.25806451612904,4.838709677419355,77.41935483870968
E00137915,354,51,14,37,303,26,277,14.40677966101695,3.954802259887006,10.451977401129943,85.59322033898306,7.344632768361582,78.24858757062147
E00137916,402,96,36,60,306,31,275,23.88059701492537,8.955223880597014,14.925373134328357,76.11940298507463,7.711442786069651,68.40796019900498
E00137917,324,57,23,34,267,20,247,17.59259259259259,7.098765432098765,10.493827160493826,82.4074074074074,6.172839506172839,76.23456790123457
E00137918,394,78,29,49,316,33,283,19.796954314720814,7.3604060913705585,12.436548223350254,80.20304568527918,8.375634517766498,71.8274111675127
E00137919,350,39,9,30,311,31,280,11.142857142857142,2.571428571428571,8.571428571428571,88.85714285714286,8.857142857142856,80
E00137920,330,30,7,23,300,23,277,9.090909090909092,2.1212121212121215,6.969696969696971,90.9090909090909,6.969696969696971,83.93939393939394
E00137921,381,62,30,32,319,24,295,16.27296587926509,7.874015748031496,8.398950131233596,83.72703412073491,6.299212598425196,77.42782152230971
E00137922,350,67,23,44,283,38,245,19.142857142857142,6.571428571428571,12.571428571428573,80.85714285714286,10.857142857142858,70
E00137923,374,95,57,38,279,20,259,25.40106951871658,15.240641711229946,10.16042780748663,74.59893048128342,5.347593582887701,69.25133689839572
E00137924,312,35,14,21,277,34,243,11.217948717948719,4.487179487179487,6.730769230769231,88.78205128205127,10.897435897435898,77.88461538461539
E00137925,384,95,63,32,289,23,266,24.739583333333336,16.40625,8.333333333333332,75.26041666666666,5.989583333333334,69.27083333333334
E00137926,521,97,32,65,424,38,386,18.618042226487525,6.142034548944338,12.476007677543185,81.38195777351248,7.293666026871401,74.08829174664108
E00137927,313,58,27,31,255,23,232,18.53035143769968,8.626198083067091,9.904153354632587,81.46964856230032,7.348242811501597,74.12140575079871
E00137928,339,54,17,37,285,30,255,15.929203539823009,5.014749262536873,10.914454277286136,84.070796460177,8.849557522123893,75.22123893805309
E00137929,292,50,15,35,242,28,214,17.123287671232877,5.136986301369863,11.986301369863012,82.87671232876713,9.58904109589041,73.28767123287672
E00137930,358,80,42,38,278,36,242,22.3463687150838,11.731843575418994,10.614525139664805,77.6536312849162,10.05586592178771,67.59776536312849
E00137931,359,66,27,39,293,23,270,18.384401114206128,7.520891364902507,10.86350974930362,81.61559888579387,6.406685236768802,75.20891364902506
E00137932,309,41,10,31,268,35,233,13.268608414239482,3.2362459546925564,10.032362459546926,86.73139158576052,11.326860841423949,75.40453074433657
E00137935,256,44,18,26,212,21,191,17.1875,7.03125,10.15625,82.8125,8.203125,74.609375
E00137936,241,43,11,32,198,16,182,17.842323651452283,4.564315352697095,13.278008298755188,82.15767634854771,6.639004149377594,75.51867219917013
E00137937,445,159,121,38,286,23,263,35.73033707865169,27.191011235955052,8.539325842696629,64.26966292134831,5.168539325842696,59.10112359550562
E00137938,240,45,22,23,195,20,175,18.75,9.166666666666666,9.583333333333334,81.25,8.333333333333332,72.91666666666666
E00137939,295,42,16,26,253,27,226,14.237288135593221,5.423728813559322,8.813559322033898,85.76271186440678,9.152542372881356,76.61016949152543
E00137940,386,48,14,34,338,25,313,12.435233160621761,3.6269430051813467,8.808290155440414,87.56476683937824,6.476683937823833,81.0880829015544
E00137941,328,38,15,23,290,36,254,11.585365853658537,4.573170731707317,7.01219512195122,88.41463414634147,10.975609756097562,77.4390243902439
E00137943,582,52,9,43,530,39,491,8.934707903780069,1.5463917525773196,7.3883161512027495,91.06529209621993,6.701030927835052,84.36426116838489
E00137944,353,40,7,33,313,21,292,11.3314447592068,1.9830028328611897,9.34844192634561,88.6685552407932,5.94900849858357,82.71954674220963
E00137945,309,45,16,29,264,23,241,14.563106796116504,5.177993527508091,9.385113268608414,85.43689320388349,7.443365695792881,77.99352750809061
E00137946,312,76,30,46,236,30,206,24.358974358974358,9.615384615384617,14.743589743589745,75.64102564102564,9.615384615384617,66.02564102564102
E00137947,257,59,29,30,198,20,178,22.957198443579767,11.284046692607005,11.673151750972762,77.04280155642024,7.782101167315175,69.26070038910505
E00137948,293,65,31,34,228,25,203,22.18430034129693,10.580204778156997,11.604095563139932,77.81569965870307,8.532423208191126,69.28327645051195
E00137949,391,60,19,41,331,34,297,15.34526854219949,4.859335038363171,10.485933503836318,84.65473145780051,8.695652173913043,75.95907928388746
E00137950,324,52,20,32,272,29,243,16.049382716049383,6.172839506172839,9.876543209876543,83.9506172839506,8.950617283950617,75
E00137951,433,57,23,34,376,43,333,13.163972286374134,5.311778290993072,7.852193995381063,86.83602771362587,9.930715935334874,76.905311778291
E00137952,294,53,12,41,241,20,221,18.027210884353742,4.081632653061225,13.945578231292515,81.97278911564626,6.802721088435375,75.17006802721087
E00137954,145,27,11,16,118,16,102,18.620689655172416,7.586206896551724,11.03448275862069,81.37931034482759,11.03448275862069,70.34482758620689
E00137955,241,47,17,30,194,16,178,19.502074688796682,7.053941908713693,12.448132780082988,80.49792531120332,6.639004149377594,73.85892116182573
E00137956,292,41,18,23,251,28,223,14.04109589041096,6.164383561643835,7.876712328767123,85.95890410958904,9.58904109589041,76.36986301369863
E00137957,256,54,21,33,202,17,185,21.09375,8.203125,12.890625,78.90625,6.640625,72.265625
E00137958,242,34,12,22,208,23,185,14.049586776859504,4.958677685950414,9.090909090909092,85.9504132231405,9.50413223140496,76.44628099173553
E00137959,141,36,24,12,105,5,100,25.53191489361702,17.02127659574468,8.51063829787234,74.46808510638297,3.546099290780142,70.92198581560284
E00137960,441,50,20,30,391,25,366,11.337868480725625,4.535147392290249,6.802721088435375,88.66213151927438,5.6689342403628125,82.99319727891157
E00137961,268,61,26,35,207,27,180,22.761194029850746,9.701492537313433,13.059701492537313,77.23880597014924,10.074626865671641,67.16417910447761
E00137962,321,35,8,27,286,20,266,10.903426791277258,2.4922118380062304,8.411214953271028,89.09657320872275,6.230529595015576,82.86604361370716
E00137963,355,50,16,34,305,29,276,14.084507042253522,4.507042253521127,9.577464788732394,85.91549295774648,8.169014084507042,77.74647887323944
E00137964,353,41,15,26,312,41,271,11.614730878186968,4.2492917847025495,7.365439093484419,88.38526912181302,11.614730878186968,76.77053824362606
E00137965,337,50,13,37,287,27,260,14.836795252225517,3.857566765578635,10.979228486646884,85.16320474777447,8.011869436201781,77.1513353115727
E00137966,271,34,12,22,237,25,212,12.546125461254611,4.428044280442804,8.118081180811808,87.4538745387454,9.22509225092251,78.22878228782287
E00137968,315,66,23,43,249,32,217,20.952380952380953,7.301587301587302,13.65079365079365,79.04761904761905,10.158730158730158,68.88888888888889
E00137969,319,54,27,27,265,21,244,16.927899686520377,8.463949843260188,8.463949843260188,83.07210031347962,6.583072100313479,76.48902821316614
E00137970,277,52,18,34,225,21,204,18.772563176895307,6.4981949458483745,12.274368231046932,81.2274368231047,7.581227436823104,73.6462093862816
E00137971,337,47,22,25,290,25,265,13.94658753709199,6.528189910979229,7.418397626112759,86.05341246290801,7.418397626112759,78.63501483679525
E00137972,353,94,33,61,259,20,239,26.628895184135974,9.34844192634561,17.280453257790366,73.37110481586402,5.6657223796034,67.70538243626062
E00137973,299,62,24,38,237,22,215,20.735785953177256,8.02675585284281,12.709030100334449,79.26421404682274,7.357859531772576,71.90635451505017
E00137974,267,57,26,31,210,17,193,21.34831460674157,9.737827715355806,11.610486891385769,78.65168539325843,6.367041198501873,72.28464419475655
E00137975,326,57,24,33,269,22,247,17.484662576687114,7.361963190184049,10.122699386503067,82.51533742331289,6.748466257668712,75.76687116564416
E00137976,333,74,29,45,259,25,234,22.22222222222222,8.708708708708707,13.513513513513514,77.77777777777779,7.5075075075075075,70.27027027027027
E00137977,338,58,21,37,280,24,256,17.159763313609467,6.21301775147929,10.946745562130179,82.84023668639054,7.100591715976331,75.7396449704142
E00137978,559,106,57,49,453,56,397,18.962432915921287,10.196779964221825,8.765652951699463,81.03756708407872,10.01788908765653,71.01967799642217
E00137979,363,81,37,44,282,21,261,22.31404958677686,10.192837465564738,12.121212121212121,77.68595041322314,5.785123966942149,71.900826446281
E00137980,493,112,46,66,381,36,345,22.718052738336713,9.330628803245435,13.387423935091277,77.28194726166329,7.302231237322515,69.97971602434076
E00137981,371,78,33,45,293,31,262,21.024258760107816,8.89487870619946,12.129380053908356,78.97574123989219,8.355795148247978,70.61994609164421
E00137982,342,67,31,36,275,28,247,19.5906432748538,9.064327485380117,10.526315789473683,80.4093567251462,8.187134502923977,72.22222222222221
E00137983,349,51,16,35,298,30,268,14.613180515759314,4.584527220630372,10.028653295128938,85.38681948424069,8.595988538681947,76.79083094555874
E00137984,404,60,14,46,344,32,312,14.85148514851485,3.4653465346534658,11.386138613861387,85.14851485148515,7.920792079207921,77.22772277227723
E00137985,356,51,14,37,305,32,273,14.325842696629213,3.932584269662921,10.393258426966293,85.67415730337079,8.98876404494382,76.68539325842697
E00137986,305,40,7,33,265,24,241,13.114754098360656,2.2950819672131146,10.819672131147541,86.88524590163934,7.868852459016394,79.01639344262294
E00137987,313,66,25,41,247,28,219,21.08626198083067,7.987220447284344,13.099041533546327,78.91373801916933,8.945686900958465,69.96805111821087
E00137988,295,53,29,24,242,17,225,17.966101694915253,9.830508474576272,8.135593220338983,82.03389830508473,5.762711864406779,76.27118644067797
E00137989,286,61,22,39,225,23,202,21.328671328671327,7.6923076923076925,13.636363636363635,78.67132867132867,8.041958041958042,70.62937062937063
E00137991,445,67,26,41,378,49,329,15.056179775280897,5.842696629213483,9.213483146067416,84.9438202247191,11.01123595505618,73.93258426966293
E00137992,287,29,14,15,258,21,237,10.104529616724738,4.878048780487805,5.2264808362369335,89.89547038327527,7.317073170731707,82.57839721254355
E00137993,300,52,23,29,248,22,226,17.333333333333336,7.666666666666666,9.666666666666666,82.66666666666667,7.333333333333333,75.33333333333333
E00137994,397,78,35,43,319,21,298,19.64735516372796,8.816120906801007,10.831234256926953,80.35264483627203,5.289672544080604,75.06297229219143
E00137995,322,74,35,39,248,23,225,22.981366459627328,10.869565217391305,12.111801242236025,77.01863354037268,7.142857142857142,69.87577639751554
E00137996,342,45,20,25,297,34,263,13.157894736842104,5.847953216374268,7.309941520467836,86.8421052631579,9.941520467836257,76.90058479532163
E00137997,329,49,21,28,280,23,257,14.893617021276595,6.382978723404255,8.51063829787234,85.1063829787234,6.990881458966565,78.11550151975683
E00137998,336,73,34,39,263,23,240,21.726190476190478,10.119047619047619,11.607142857142858,78.27380952380952,6.845238095238096,71.42857142857143
E00137999,271,88,29,59,183,14,169,32.47232472324723,10.70110701107011,21.771217712177123,67.52767527675276,5.166051660516605,62.36162361623616
E00138000,336,89,41,48,247,24,223,26.488095238095237,12.202380952380953,14.285714285714285,73.51190476190477,7.142857142857142,66.36904761904762
E00138001,261,88,48,40,173,16,157,33.71647509578544,18.39080459770115,15.32567049808429,66.28352490421456,6.130268199233716,60.15325670498084
E00138002,355,86,43,43,269,22,247,24.225352112676056,12.112676056338028,12.112676056338028,75.77464788732394,6.197183098591549,69.57746478873239
E00138003,347,63,27,36,284,25,259,18.155619596541786,7.780979827089338,10.37463976945245,81.84438040345822,7.204610951008646,74.63976945244957
E00138004,412,95,38,57,317,17,300,23.058252427184467,9.223300970873787,13.834951456310678,76.94174757281553,4.12621359223301,72.81553398058253
E00138005,461,84,44,40,377,26,351,18.22125813449024,9.544468546637743,8.676789587852495,81.77874186550976,5.639913232104121,76.13882863340564
E00138006,248,33,15,18,215,25,190,13.306451612903224,6.048387096774194,7.258064516129033,86.69354838709677,10.080645161290322,76.61290322580645
E00138007,409,73,26,47,336,36,300,17.84841075794621,6.356968215158925,11.491442542787286,82.15158924205379,8.80195599022005,73.34963325183375
E00138008,180,25,7,18,155,20,135,13.88888888888889,3.888888888888889,10,86.11111111111111,11.11111111111111,75
E00138009,413,58,22,36,355,34,321,14.043583535108958,5.326876513317192,8.716707021791766,85.95641646489103,8.232445520581114,77.72397094430993
E00138010,270,40,16,24,230,28,202,14.814814814814813,5.9259259259259265,8.88888888888889,85.18518518518519,10.37037037037037,74.81481481481481
E00138011,387,84,29,55,303,30,273,21.705426356589147,7.493540051679587,14.21188630490956,78.29457364341084,7.751937984496124,70.54263565891473
E00138012,359,54,22,32,305,38,267,15.041782729805014,6.128133704735376,8.913649025069638,84.958217270195,10.584958217270195,74.3732590529248
E00138013,446,145,75,70,301,20,281,32.511210762331835,16.81614349775785,15.695067264573993,67.48878923766816,4.484304932735426,63.00448430493274
E00138014,363,54,25,29,309,22,287,14.87603305785124,6.887052341597796,7.988980716253444,85.12396694214877,6.0606060606060606,79.06336088154269
E00138015,250,63,28,35,187,21,166,25.2,11.200000000000001,14.000000000000002,74.8,8.4,66.4
E00138017,303,74,31,43,229,16,213,24.422442244224424,10.231023102310232,14.19141914191419,75.57755775577559,5.2805280528052805,70.29702970297029
E00138018,336,78,36,42,258,16,242,23.214285714285715,10.714285714285714,12.5,76.78571428571429,4.761904761904762,72.02380952380952
E00138019,271,83,42,41,188,24,164,30.627306273062732,15.498154981549817,15.129151291512915,69.37269372693727,8.856088560885608,60.51660516605166
E00138020,286,64,29,35,222,18,204,22.377622377622377,10.13986013986014,12.237762237762238,77.62237762237763,6.293706293706294,71.32867132867133
E00138021,309,80,28,52,229,24,205,25.88996763754045,9.06148867313916,16.828478964401295,74.11003236245955,7.766990291262135,66.34304207119742
E00138022,380,83,34,49,297,32,265,21.842105263157897,8.947368421052632,12.894736842105264,78.15789473684211,8.421052631578947,69.73684210526315
E00138023,301,90,44,46,211,21,190,29.900332225913623,14.61794019933555,15.282392026578073,70.09966777408638,6.976744186046512,63.12292358803987
E00138024,365,43,15,28,322,27,295,11.78082191780822,4.10958904109589,7.671232876712329,88.21917808219179,7.397260273972603,80.82191780821918
E00138934,339,71,23,48,268,21,247,20.943952802359885,6.784660766961652,14.15929203539823,79.05604719764013,6.1946902654867255,72.86135693215338
E00138935,370,73,26,47,297,23,274,19.72972972972973,7.027027027027027,12.702702702702704,80.27027027027027,6.216216216216217,74.05405405405405
E00138936,361,69,31,38,292,38,254,19.113573407202217,8.587257617728532,10.526315789473683,80.88642659279779,10.526315789473683,70.3601108033241
E00138937,347,60,22,38,287,16,271,17.29106628242075,6.340057636887608,10.951008645533141,82.70893371757924,4.610951008645533,78.09798270893373
E00138938,249,54,25,29,195,16,179,21.686746987951807,10.040160642570282,11.646586345381527,78.3132530120482,6.425702811244979,71.8875502008032
E00138939,404,86,33,53,318,30,288,21.287128712871286,8.16831683168317,13.118811881188119,78.71287128712872,7.425742574257425,71.28712871287128
E00138940,311,67,36,31,244,35,209,21.54340836012862,11.57556270096463,9.967845659163988,78.45659163987139,11.254019292604502,67.20257234726688
E00138941,411,99,43,56,312,21,291,24.087591240875913,10.46228710462287,13.62530413625304,75.91240875912408,5.109489051094891,70.8029197080292
E00138942,326,69,21,48,257,26,231,21.165644171779142,6.441717791411043,14.723926380368098,78.83435582822086,7.975460122699387,70.85889570552148
E00138943,295,46,19,27,249,17,232,15.593220338983052,6.440677966101695,9.152542372881356,84.40677966101696,5.762711864406779,78.64406779661017
E00138944,319,43,16,27,276,25,251,13.479623824451412,5.015673981191222,8.463949843260188,86.52037617554859,7.836990595611286,78.68338557993731
E00138945,314,60,27,33,254,18,236,19.10828025477707,8.598726114649681,10.509554140127388,80.89171974522293,5.7324840764331215,75.15923566878982
E00138946,286,66,30,36,220,19,201,23.076923076923077,10.48951048951049,12.587412587412588,76.92307692307693,6.643356643356643,70.27972027972028
E00138947,245,59,21,38,186,24,162,24.081632653061224,8.571428571428571,15.510204081632653,75.91836734693878,9.795918367346939,66.12244897959184
E00138948,298,49,25,24,249,21,228,16.44295302013423,8.389261744966444,8.053691275167784,83.55704697986577,7.046979865771812,76.51006711409396
E00138949,322,63,21,42,259,34,225,19.565217391304348,6.521739130434782,13.043478260869565,80.43478260869566,10.559006211180124,69.87577639751554
E00138950,280,80,31,49,200,24,176,28.57142857142857,11.071428571428571,17.5,71.42857142857143,8.571428571428571,62.857142857142854
E00138951,304,58,27,31,246,11,235,19.078947368421055,8.881578947368421,10.197368421052632,80.92105263157895,3.618421052631579,77.30263157894737
E00138952,267,39,16,23,228,22,206,14.606741573033707,5.992509363295881,8.614232209737828,85.39325842696628,8.239700374531834,77.15355805243446
E00138953,436,51,24,27,385,21,364,11.697247706422019,5.5045871559633035,6.192660550458716,88.30275229357798,4.81651376146789,83.4862385321101
E00138954,437,52,22,30,385,14,371,11.899313501144166,5.034324942791762,6.864988558352403,88.10068649885584,3.203661327231121,84.89702517162472
E00138955,344,48,18,30,296,27,269,13.953488372093023,5.232558139534884,8.720930232558139,86.04651162790698,7.848837209302325,78.19767441860465
E00138956,414,58,18,40,356,38,318,14.009661835748794,4.3478260869565215,9.66183574879227,85.99033816425121,9.178743961352657,76.81159420289855
E00138957,277,47,18,29,230,23,207,16.967509025270758,6.4981949458483745,10.469314079422382,83.03249097472924,8.303249097472925,74.72924187725631
E00138958,314,46,16,30,268,16,252,14.64968152866242,5.095541401273886,9.554140127388536,85.35031847133759,5.095541401273886,80.2547770700637
E00138959,344,59,25,34,285,10,275,17.151162790697676,7.267441860465117,9.883720930232558,82.84883720930233,2.9069767441860463,79.94186046511628
E00138960,370,61,18,43,309,18,291,16.486486486486488,4.864864864864865,11.621621621621623,83.51351351351352,4.864864864864865,78.64864864864865
E00138961,308,28,8,20,280,17,263,9.090909090909092,2.5974025974025974,6.493506493506493,90.9090909090909,5.51948051948052,85.3896103896104
E00138962,371,48,16,32,323,20,303,12.93800539083558,4.31266846361186,8.62533692722372,87.06199460916442,5.3908355795148255,81.6711590296496
E00138963,292,58,25,33,234,11,223,19.863013698630137,8.561643835616438,11.301369863013697,80.13698630136986,3.767123287671233,76.36986301369863
E00138965,432,67,27,40,365,24,341,15.50925925925926,6.25,9.25925925925926,84.49074074074075,5.555555555555555,78.93518518518519
E00138966,431,89,57,32,342,29,313,20.649651972157773,13.225058004640372,7.424593967517401,79.35034802784223,6.728538283062645,72.62180974477958
E00138967,317,37,8,29,280,16,264,11.67192429022082,2.5236593059936907,9.14826498422713,88.32807570977917,5.047318611987381,83.2807570977918
E00138971,238,31,11,20,207,11,196,13.025210084033615,4.621848739495799,8.403361344537815,86.97478991596638,4.621848739495799,82.35294117647058
E00138972,327,42,9,33,285,19,266,12.844036697247708,2.7522935779816518,10.091743119266056,87.1559633027523,5.81039755351682,81.34556574923548
E00138973,253,48,29,19,205,0,205,18.972332015810274,11.462450592885375,7.5098814229249005,81.02766798418972,0,81.02766798418972
E00138974,410,41,20,21,369,11,358,10,4.878048780487805,5.121951219512195,90,2.682926829268293,87.3170731707317
E00138975,377,74,33,41,303,17,286,19.628647214854112,8.753315649867375,10.875331564986737,80.37135278514589,4.509283819628647,75.86206896551724
E00138976,458,54,12,42,404,31,373,11.790393013100436,2.6200873362445414,9.170305676855897,88.20960698689956,6.768558951965066,81.4410480349345
E00138977,314,66,29,37,248,12,236,21.019108280254777,9.235668789808917,11.78343949044586,78.98089171974523,3.821656050955414,75.15923566878982
E00138978,300,48,19,29,252,27,225,16,6.333333333333334,9.666666666666666,84,9,75
E00138979,298,67,31,36,231,15,216,22.483221476510067,10.40268456375839,12.080536912751679,77.51677852348993,5.033557046979865,72.48322147651007
E00138980,373,75,32,43,298,19,279,20.10723860589812,8.579088471849866,11.528150134048257,79.89276139410187,5.093833780160858,74.79892761394102
E00138981,304,40,10,30,264,20,244,13.157894736842104,3.289473684210526,9.868421052631579,86.8421052631579,6.578947368421052,80.26315789473685
E00138982,347,80,33,47,267,21,246,23.054755043227665,9.510086455331413,13.544668587896252,76.94524495677233,6.051873198847262,70.89337175792507
E00138983,314,82,46,36,232,16,216,26.11464968152866,14.64968152866242,11.464968152866243,73.88535031847134,5.095541401273886,68.78980891719745
E00138984,366,46,22,24,320,30,290,12.568306010928962,6.0109289617486334,6.557377049180328,87.43169398907104,8.19672131147541,79.23497267759562
E00138985,435,85,33,52,350,28,322,19.54022988505747,7.586206896551724,11.954022988505747,80.45977011494253,6.436781609195402,74.02298850574712
E00138986,352,65,27,38,287,27,260,18.46590909090909,7.670454545454546,10.795454545454545,81.5340909090909,7.670454545454546,73.86363636363636
E00138987,553,69,20,49,484,30,454,12.47739602169982,3.616636528028933,8.860759493670885,87.52260397830018,5.424954792043399,82.09764918625679
E00138988,271,71,32,39,200,17,183,26.199261992619927,11.808118081180812,14.391143911439114,73.80073800738008,6.273062730627306,67.52767527675276
E00138990,358,70,26,44,288,22,266,19.553072625698324,7.262569832402235,12.290502793296088,80.44692737430168,6.145251396648044,74.30167597765363
E00138991,353,58,21,37,295,15,280,16.43059490084986,5.94900849858357,10.48158640226629,83.56940509915015,4.2492917847025495,79.3201133144476
E00138992,385,64,23,41,321,27,294,16.623376623376622,5.974025974025974,10.649350649350648,83.37662337662337,7.012987012987012,76.36363636363637
E00138993,343,69,30,39,274,27,247,20.11661807580175,8.746355685131196,11.370262390670554,79.88338192419825,7.871720116618077,72.01166180758017
E00138994,326,40,11,29,286,39,247,12.269938650306749,3.374233128834356,8.895705521472392,87.73006134969326,11.96319018404908,75.76687116564416
E00138995,182,59,30,29,123,10,113,32.417582417582416,16.483516483516482,15.934065934065933,67.58241758241759,5.4945054945054945,62.08791208791209
E00138996,281,66,29,37,215,16,199,23.487544483985765,10.320284697508896,13.167259786476867,76.51245551601423,5.6939501779359425,70.8185053380783
E00138997,333,64,27,37,269,15,254,19.21921921921922,8.108108108108109,11.11111111111111,80.78078078078079,4.504504504504505,76.27627627627628
E00138998,292,43,12,31,249,20,229,14.726027397260275,4.10958904109589,10.616438356164384,85.27397260273972,6.8493150684931505,78.42465753424658
E00138999,279,41,16,25,238,24,214,14.695340501792115,5.734767025089606,8.960573476702509,85.30465949820788,8.60215053763441,76.70250896057348
E00139000,404,70,29,41,334,44,290,17.326732673267326,7.1782178217821775,10.14851485148515,82.67326732673267,10.891089108910892,71.78217821782178
E00139001,474,66,25,41,408,30,378,13.924050632911392,5.274261603375527,8.649789029535865,86.07594936708861,6.329113924050633,79.74683544303798
E00139003,452,67,30,37,385,33,352,14.823008849557523,6.637168141592921,8.185840707964601,85.17699115044249,7.300884955752212,77.87610619469027
E00139004,339,64,16,48,275,32,243,18.87905604719764,4.71976401179941,14.15929203539823,81.12094395280236,9.43952802359882,71.68141592920354
E00139005,268,44,20,24,224,29,195,16.417910447761194,7.462686567164178,8.955223880597014,83.5820895522388,10.820895522388058,72.76119402985076
E00139006,278,53,20,33,225,17,208,19.06474820143885,7.1942446043165464,11.870503597122301,80.93525179856115,6.115107913669065,74.82014388489209
E00139007,330,40,15,25,290,34,256,12.121212121212121,4.545454545454546,7.575757575757576,87.87878787878788,10.303030303030303,77.57575757575758
E00139008,344,52,19,33,292,28,264,15.11627906976744,5.523255813953488,9.593023255813954,84.88372093023256,8.13953488372093,76.74418604651163
E00139009,196,56,25,31,140,11,129,28.57142857142857,12.755102040816327,15.816326530612246,71.42857142857143,5.612244897959184,65.81632653061224
E00139010,439,75,20,55,364,32,332,17.084282460136674,4.555808656036446,12.52847380410023,82.91571753986332,7.289293849658314,75.62642369020502
E00139011,274,64,24,40,210,30,180,23.357664233576642,8.75912408759124,14.5985401459854,76.64233576642336,10.948905109489052,65.69343065693431
E00139012,294,46,21,25,248,30,218,15.646258503401361,7.142857142857142,8.503401360544217,84.35374149659864,10.204081632653061,74.14965986394559
E00139013,286,40,15,25,246,26,220,13.986013986013987,5.244755244755245,8.741258741258742,86.01398601398601,9.090909090909092,76.92307692307693
E00139014,376,48,13,35,328,39,289,12.76595744680851,3.4574468085106385,9.308510638297872,87.2340425531915,10.372340425531915,76.86170212765957
E00139015,298,50,22,28,248,32,216,16.778523489932887,7.38255033557047,9.395973154362416,83.22147651006712,10.738255033557047,72.48322147651007
E00139016,305,52,22,30,253,34,219,17.04918032786885,7.213114754098362,9.836065573770492,82.95081967213115,11.147540983606557,71.80327868852459
E00139017,329,50,23,27,279,18,261,15.19756838905775,6.990881458966565,8.206686930091186,84.80243161094225,5.47112462006079,79.33130699088146
E00139018,253,46,20,26,207,20,187,18.181818181818183,7.905138339920949,10.276679841897234,81.81818181818183,7.905138339920949,73.91304347826086
E00139019,234,55,23,32,179,17,162,23.504273504273502,9.82905982905983,13.675213675213676,76.49572649572649,7.264957264957266,69.23076923076923
E00139020,270,55,21,34,215,24,191,20.37037037037037,7.777777777777778,12.592592592592592,79.62962962962963,8.88888888888889,70.74074074074073
E00139021,257,55,18,37,202,24,178,21.40077821011673,7.003891050583658,14.396887159533073,78.59922178988327,9.33852140077821,69.26070038910505
E00139022,372,61,21,40,311,24,287,16.397849462365592,5.64516129032258,10.75268817204301,83.60215053763442,6.451612903225806,77.15053763440861
E00139023,312,82,31,51,230,21,209,26.282051282051285,9.935897435897436,16.346153846153847,73.71794871794873,6.730769230769231,66.98717948717949
E00139024,364,69,19,50,295,26,269,18.956043956043956,5.21978021978022,13.736263736263737,81.04395604395604,7.142857142857142,73.9010989010989
E00139025,340,89,43,46,251,26,225,26.176470588235297,12.647058823529411,13.529411764705882,73.82352941176471,7.647058823529412,66.17647058823529
E00139026,344,69,27,42,275,25,250,20.058139534883722,7.848837209302325,12.209302325581394,79.94186046511628,7.267441860465117,72.67441860465115
E00139027,250,57,26,31,193,12,181,22.8,10.4,12.4,77.2,4.8,72.39999999999999
E00139028,292,70,24,46,222,21,201,23.972602739726025,8.21917808219178,15.753424657534246,76.02739726027397,7.191780821917808,68.83561643835617
E00139029,248,47,18,29,201,21,180,18.951612903225808,7.258064516129033,11.693548387096774,81.04838709677419,8.46774193548387,72.58064516129032
E00139030,380,62,22,40,318,27,291,16.315789473684212,5.7894736842105265,10.526315789473683,83.6842105263158,7.105263157894736,76.57894736842105
E00139031,204,44,16,28,160,17,143,21.568627450980394,7.8431372549019605,13.725490196078432,78.43137254901961,8.333333333333332,70.09803921568627
E00139032,361,50,17,33,311,29,282,13.850415512465375,4.7091412742382275,9.141274238227147,86.14958448753463,8.033240997229916,78.1163434903047
E00139033,394,58,14,44,336,30,306,14.720812182741117,3.5532994923857872,11.16751269035533,85.27918781725889,7.614213197969544,77.66497461928934
E00139034,191,39,14,25,152,19,133,20.418848167539267,7.329842931937172,13.089005235602095,79.58115183246073,9.947643979057592,69.63350785340315
E00139035,242,37,12,25,205,25,180,15.289256198347106,4.958677685950414,10.330578512396695,84.71074380165288,10.330578512396695,74.3801652892562
E00139036,403,116,50,66,287,41,246,28.78411910669975,12.40694789081886,16.377171215880892,71.21588089330024,10.173697270471465,61.04218362282878
E00139037,302,63,27,36,239,19,220,20.86092715231788,8.940397350993377,11.920529801324504,79.13907284768213,6.291390728476822,72.84768211920529
E00139038,432,57,22,35,375,25,350,13.194444444444445,5.092592592592593,8.101851851851851,86.80555555555556,5.787037037037037,81.01851851851852
E00139039,271,44,14,30,227,23,204,16.236162361623617,5.166051660516605,11.07011070110701,83.76383763837639,8.487084870848708,75.27675276752768
E00139040,395,57,22,35,338,22,316,14.430379746835442,5.5696202531645564,8.860759493670885,85.56962025316456,5.5696202531645564,80
E00139041,330,57,22,35,273,28,245,17.272727272727273,6.666666666666667,10.606060606060606,82.72727272727273,8.484848484848486,74.24242424242425
E00139042,315,52,19,33,263,28,235,16.507936507936506,6.031746031746032,10.476190476190476,83.4920634920635,8.88888888888889,74.60317460317461
E00139043,308,56,23,33,252,31,221,18.181818181818183,7.467532467532467,10.714285714285714,81.81818181818183,10.064935064935066,71.75324675324676
E00139045,518,72,31,41,446,24,422,13.8996138996139,5.984555984555985,7.915057915057915,86.10038610038609,4.633204633204633,81.46718146718148
E00139046,298,67,26,41,231,10,221,22.483221476510067,8.724832214765101,13.758389261744966,77.51677852348993,3.3557046979865772,74.16107382550335
E00139047,303,57,25,32,246,19,227,18.81188118811881,8.25082508250825,10.561056105610561,81.1881188118812,6.270627062706271,74.91749174917491
E00139048,531,69,29,40,462,45,417,12.994350282485875,5.4613935969868175,7.532956685499058,87.00564971751412,8.47457627118644,78.53107344632768
E00139049,350,71,33,38,279,23,256,20.285714285714285,9.428571428571429,10.857142857142858,79.71428571428572,6.571428571428571,73.14285714285714
E00139050,306,54,26,28,252,16,236,17.647058823529413,8.49673202614379,9.15032679738562,82.35294117647058,5.228758169934641,77.12418300653596
E00139051,341,57,26,31,284,10,274,16.715542521994134,7.624633431085044,9.090909090909092,83.28445747800586,2.932551319648094,80.35190615835776
E00139052,276,37,18,19,239,9,230,13.405797101449277,6.521739130434782,6.884057971014493,86.59420289855072,3.260869565217391,83.33333333333334
E00139053,347,60,25,35,287,6,281,17.29106628242075,7.204610951008646,10.086455331412104,82.70893371757924,1.729106628242075,80.97982708933718
E00139054,592,78,31,47,514,22,492,13.175675675675674,5.236486486486487,7.939189189189189,86.82432432432432,3.7162162162162162,83.1081081081081
E00139055,355,76,34,42,279,20,259,21.408450704225352,9.577464788732394,11.830985915492958,78.59154929577464,5.633802816901409,72.95774647887325
E00139056,260,51,22,29,209,21,188,19.615384615384617,8.461538461538462,11.153846153846155,80.38461538461539,8.076923076923077,72.3076923076923
E00139057,245,51,20,31,194,12,182,20.816326530612244,8.16326530612245,12.653061224489795,79.18367346938776,4.8979591836734695,74.28571428571429
E00139058,325,49,12,37,276,26,250,15.076923076923077,3.6923076923076925,11.384615384615385,84.92307692307692,8,76.92307692307693
E00139059,410,139,89,50,271,28,243,33.90243902439025,21.70731707317073,12.195121951219512,66.09756097560975,6.829268292682928,59.26829268292683
E00139060,325,77,36,41,248,19,229,23.692307692307693,11.076923076923077,12.615384615384615,76.3076923076923,5.846153846153846,70.46153846153847
E00139061,290,54,16,38,236,20,216,18.620689655172416,5.517241379310345,13.10344827586207,81.37931034482759,6.896551724137931,74.48275862068967
E00139062,294,40,13,27,254,27,227,13.60544217687075,4.421768707482993,9.183673469387756,86.39455782312925,9.183673469387756,77.21088435374149
E00139063,269,51,24,27,218,27,191,18.95910780669145,8.921933085501859,10.037174721189592,81.04089219330855,10.037174721189592,71.00371747211895
E00139064,258,66,23,43,192,16,176,25.581395348837212,8.914728682170542,16.666666666666664,74.4186046511628,6.2015503875969,68.21705426356588
E00139065,287,45,18,27,242,24,218,15.6794425087108,6.2717770034843205,9.40766550522648,84.3205574912892,8.362369337979095,75.9581881533101
E00139066,305,55,28,27,250,25,225,18.0327868852459,9.180327868852459,8.852459016393443,81.9672131147541,8.19672131147541,73.77049180327869
E00139067,294,55,26,29,239,28,211,18.70748299319728,8.843537414965986,9.863945578231291,81.29251700680273,9.523809523809524,71.7687074829932
E00139068,279,70,26,44,209,22,187,25.089605734767023,9.31899641577061,15.770609318996415,74.91039426523297,7.885304659498208,67.02508960573476
E00139069,285,55,18,37,230,26,204,19.298245614035086,6.315789473684211,12.982456140350877,80.7017543859649,9.12280701754386,71.57894736842105
E00139070,323,68,25,43,255,28,227,21.052631578947366,7.739938080495357,13.312693498452013,78.94736842105263,8.6687306501548,70.27863777089783
E00139071,367,72,24,48,295,21,274,19.618528610354225,6.539509536784741,13.079019073569482,80.38147138964578,5.722070844686648,74.65940054495913
E00139072,372,85,36,49,287,29,258,22.849462365591396,9.67741935483871,13.172043010752688,77.15053763440861,7.795698924731183,69.35483870967742
E00139073,283,55,25,30,228,35,193,19.434628975265017,8.8339222614841,10.60070671378092,80.56537102473497,12.36749116607774,68.19787985865725
E00139074,283,64,25,39,219,29,190,22.614840989399294,8.8339222614841,13.780918727915195,77.3851590106007,10.247349823321555,67.13780918727915
E00139075,185,22,7,15,163,17,146,11.891891891891893,3.783783783783784,8.108108108108109,88.10810810810811,9.18918918918919,78.91891891891892
E00139076,402,70,27,43,332,31,301,17.412935323383085,6.7164179104477615,10.696517412935323,82.58706467661692,7.711442786069651,74.87562189054727
E00139077,426,68,27,41,358,38,320,15.96244131455399,6.338028169014084,9.624413145539906,84.03755868544602,8.92018779342723,75.11737089201877
E00139078,382,64,22,42,318,35,283,16.75392670157068,5.7591623036649215,10.99476439790576,83.24607329842932,9.162303664921465,74.08376963350786
E00139079,299,52,16,36,247,37,210,17.391304347826086,5.351170568561873,12.040133779264215,82.6086956521739,12.37458193979933,70.23411371237458
E00139080,288,60,31,29,228,15,213,20.833333333333336,10.76388888888889,10.069444444444445,79.16666666666666,5.208333333333334,73.95833333333334
E00139081,454,63,22,41,391,47,344,13.876651982378855,4.845814977973569,9.030837004405285,86.12334801762115,10.352422907488986,75.77092511013215
E00139082,406,142,70,72,264,29,235,34.97536945812808,17.24137931034483,17.733990147783253,65.02463054187191,7.142857142857142,57.88177339901478
E00139083,416,70,32,38,346,22,324,16.826923076923077,7.6923076923076925,9.134615384615383,83.17307692307693,5.288461538461538,77.88461538461539
E00139084,266,37,18,19,229,35,194,13.909774436090224,6.7669172932330826,7.142857142857142,86.09022556390977,13.157894736842104,72.93233082706767
E00139085,230,37,12,25,193,13,180,16.08695652173913,5.217391304347826,10.869565217391305,83.91304347826087,5.6521739130434785,78.26086956521739
E00139086,259,46,19,27,213,20,193,17.760617760617762,7.335907335907336,10.424710424710424,82.23938223938224,7.722007722007722,74.5173745173745
E00139087,351,67,26,41,284,9,275,19.08831908831909,7.4074074074074066,11.68091168091168,80.91168091168092,2.564102564102564,78.34757834757835
E00139088,367,64,28,36,303,22,281,17.43869209809264,7.629427792915531,9.809264305177113,82.56130790190736,5.994550408719346,76.566757493188
E00139089,281,67,33,34,214,14,200,23.843416370106763,11.743772241992882,12.099644128113878,76.15658362989323,4.98220640569395,71.17437722419929
E00139090,311,60,28,32,251,30,221,19.292604501607716,9.003215434083602,10.289389067524116,80.70739549839229,9.646302250803858,71.06109324758843
E00139091,302,67,33,34,235,16,219,22.185430463576157,10.927152317880795,11.258278145695364,77.81456953642383,5.298013245033113,72.51655629139073
E00139092,315,62,25,37,253,16,237,19.682539682539684,7.936507936507936,11.746031746031745,80.31746031746032,5.079365079365079,75.23809523809524
E00139093,361,64,34,30,297,21,276,17.72853185595568,9.418282548476455,8.310249307479225,82.27146814404432,5.8171745152354575,76.45429362880887
E00139094,296,66,30,36,230,14,216,22.2972972972973,10.135135135135135,12.162162162162163,77.7027027027027,4.72972972972973,72.97297297297297
E00139095,296,75,34,41,221,15,206,25.33783783783784,11.486486486486488,13.85135135135135,74.66216216216216,5.0675675675675675,69.5945945945946
E00139096,411,78,26,52,333,23,310,18.97810218978102,6.326034063260341,12.652068126520682,81.02189781021897,5.59610705596107,75.4257907542579
E00139097,322,55,22,33,267,15,252,17.080745341614907,6.832298136645963,10.248447204968944,82.91925465838509,4.658385093167702,78.26086956521739
E00139098,338,59,34,25,279,18,261,17.45562130177515,10.059171597633137,7.396449704142012,82.54437869822485,5.325443786982249,77.2189349112426
E00139099,308,72,31,41,236,22,214,23.376623376623375,10.064935064935066,13.311688311688311,76.62337662337663,7.142857142857142,69.48051948051948
E00139100,293,92,46,46,201,20,181,31.399317406143346,15.699658703071673,15.699658703071673,68.60068259385666,6.825938566552901,61.774744027303754
E00139101,295,72,25,47,223,12,211,24.40677966101695,8.47457627118644,15.932203389830507,75.59322033898304,4.067796610169491,71.52542372881356
E00139102,265,58,22,36,207,22,185,21.88679245283019,8.30188679245283,13.584905660377359,78.11320754716982,8.30188679245283,69.81132075471697
E00139103,282,58,22,36,224,18,206,20.56737588652482,7.801418439716312,12.76595744680851,79.43262411347519,6.382978723404255,73.04964539007092
E00139104,331,56,25,31,275,13,262,16.91842900302115,7.552870090634441,9.365558912386707,83.08157099697885,3.927492447129909,79.15407854984893
E00139105,281,35,11,24,246,21,225,12.455516014234876,3.9145907473309607,8.540925266903916,87.54448398576513,7.473309608540925,80.0711743772242
E00139106,336,42,18,24,294,30,264,12.5,5.357142857142857,7.142857142857142,87.5,8.928571428571429,78.57142857142857
E00139107,328,63,23,40,265,34,231,19.20731707317073,7.01219512195122,12.195121951219512,80.79268292682927,10.365853658536585,70.42682926829268
E00139108,318,55,20,35,263,24,239,17.29559748427673,6.289308176100629,11.0062893081761,82.70440251572327,7.547169811320755,75.15723270440252
E00139109,304,40,15,25,264,18,246,13.157894736842104,4.934210526315789,8.223684210526317,86.8421052631579,5.921052631578947,80.92105263157895
E00139110,298,41,15,26,257,27,230,13.758389261744966,5.033557046979865,8.724832214765101,86.24161073825503,9.060402684563758,77.18120805369128
E00139111,346,42,19,23,304,16,288,12.138728323699421,5.491329479768786,6.6473988439306355,87.861271676300575,4.624277456647398,83.23699421965318
E00139112,251,52,19,33,199,21,178,20.717131474103585,7.569721115537849,13.147410358565736,79.2828685258964,8.366533864541832,70.91633466135458
E00139113,246,45,17,28,201,24,177,18.29268292682927,6.910569105691057,11.38211382113821,81.70731707317073,9.75609756097561,71.95121951219512
E00139114,307,53,17,36,254,24,230,17.263843648208468,5.537459283387622,11.726384364820847,82.73615635179154,7.81758957654723,74.9185667752443
E00139115,295,51,12,39,244,20,224,17.28813559322034,4.067796610169491,13.220338983050848,82.71186440677965,6.779661016949152,75.9322033898305
E00139116,313,56,29,27,257,28,229,17.89137380191693,9.26517571884984,8.626198083067091,82.10862619808307,8.945686900958465,73.1629392971246
E00139117,333,40,11,29,293,28,265,12.012012012012011,3.303303303303303,8.708708708708707,87.98798798798799,8.408408408408409,79.57957957957959
E00139118,325,43,10,33,282,34,248,13.230769230769232,3.076923076923077,10.153846153846153,86.76923076923076,10.461538461538462,76.3076923076923
E00139119,298,44,18,26,254,27,227,14.76510067114094,6.0402684563758395,8.724832214765101,85.23489932885906,9.060402684563758,76.1744966442953
E00139120,263,45,27,18,218,19,199,17.110266159695815,10.26615969581749,6.844106463878327,82.88973384030417,7.224334600760455,75.66539923954373
E00139121,251,32,15,17,219,10,209,12.749003984063744,5.9760956175298805,6.772908366533864,87.25099601593625,3.9840637450199203,83.26693227091634
E00139122,375,65,14,51,310,42,268,17.333333333333336,3.733333333333334,13.600000000000001,82.66666666666667,11.200000000000001,71.46666666666667
E00139123,281,40,12,28,241,19,222,14.23487544483986,4.270462633451958,9.9644128113879,85.76512455516014,6.761565836298933,79.00355871886121
E00139124,311,39,17,22,272,20,252,12.540192926045016,5.466237942122187,7.07395498392283,87.45980707395499,6.430868167202572,81.02893890675242
E00139125,318,27,11,16,291,21,270,8.49056603773585,3.459119496855346,5.031446540880504,91.50943396226415,6.60377358490566,84.90566037735849
E00139126,303,37,12,25,266,19,247,12.211221122112212,3.9603960396039604,8.25082508250825,87.78877887788778,6.270627062706271,81.51815181518151
E00139127,386,93,31,62,293,31,262,24.093264248704664,8.031088082901555,16.06217616580311,75.90673575129534,8.031088082901555,67.87564766839378
E00139128,228,51,24,27,177,20,157,22.36842105263158,10.526315789473683,11.842105263157894,77.63157894736842,8.771929824561402,68.85964912280701
E00139129,298,42,14,28,256,30,226,14.093959731543624,4.697986577181208,9.395973154362416,85.90604026845638,10.06711409395973,75.83892617449665
E00139130,298,55,20,35,243,27,216,18.456375838926174,6.7114093959731544,11.74496644295302,81.54362416107382,9.060402684563758,72.48322147651007
E00139131,410,67,26,41,343,40,303,16.34146341463415,6.341463414634147,10,83.65853658536585,9.75609756097561,73.90243902439025
E00139132,279,43,13,30,236,31,205,15.412186379928317,4.659498207885305,10.75268817204301,84.58781362007169,11.11111111111111,73.47670250896059
E00139133,266,55,19,36,211,22,189,20.676691729323306,7.142857142857142,13.533834586466165,79.32330827067669,8.270676691729323,71.05263157894737
E00139134,373,73,29,44,300,17,283,19.571045576407506,7.774798927613941,11.796246648793565,80.42895442359249,4.557640750670242,75.87131367292224
E00139135,367,73,38,35,294,14,280,19.891008174386922,10.354223433242508,9.536784741144414,80.10899182561307,3.8147138964577656,76.29427792915531
E00139136,226,34,18,16,192,15,177,15.04424778761062,7.964601769911504,7.079646017699115,84.95575221238938,6.637168141592921,78.31858407079646
E00139137,248,62,28,34,186,15,171,25,11.29032258064516,13.709677419354838,75,6.048387096774194,68.95161290322581
E00139138,228,75,30,45,153,27,126,32.89473684210527,13.157894736842104,19.736842105263158,67.10526315789474,11.842105263157894,55.26315789473685
E00139139,377,105,73,32,272,24,248,27.851458885941643,19.363395225464192,8.488063660477453,72.14854111405835,6.36604774535809,65.78249336870027
E00139140,324,60,24,36,264,27,237,18.51851851851852,7.4074074074074066,11.11111111111111,81.48148148148148,8.333333333333332,73.14814814814815
E00139141,259,81,40,41,178,8,170,31.27413127413127,15.444015444015443,15.83011583011583,68.72586872586872,3.088803088803089,65.63706563706563
E00139142,260,82,45,37,178,17,161,31.538461538461537,17.307692307692307,14.23076923076923,68.46153846153847,6.538461538461539,61.92307692307693
E00139143,317,78,31,47,239,26,213,24.605678233438486,9.779179810725552,14.826498422712934,75.39432176656152,8.201892744479496,67.19242902208202
E00139144,229,49,24,25,180,17,163,21.397379912663755,10.480349344978166,10.91703056768559,78.60262008733623,7.423580786026202,71.17903930131004
E00139145,287,98,67,31,189,20,169,34.146341463414636,23.34494773519164,10.801393728222997,65.85365853658537,6.968641114982578,58.88501742160279
E00139146,347,49,10,39,298,17,281,14.121037463976945,2.881844380403458,11.239193083573488,85.87896253602305,4.899135446685879,80.97982708933718
E00139147,320,35,12,23,285,13,272,10.9375,3.75,7.187499999999999,89.0625,4.0625,85
E00139148,226,57,29,28,169,14,155,25.221238938053098,12.831858407079647,12.389380530973451,74.77876106194691,6.1946902654867255,68.58407079646017
E00139149,223,48,24,24,175,10,165,21.524663677130047,10.762331838565023,10.762331838565023,78.47533632286996,4.484304932735426,73.99103139013454
E00139150,331,114,50,64,217,17,200,34.44108761329305,15.105740181268882,19.335347432024168,65.55891238670695,5.13595166163142,60.42296072507553
E00139151,247,71,42,29,176,18,158,28.74493927125506,17.00404858299595,11.740890688259109,71.25506072874494,7.28744939271255,63.96761133603239
E00139152,398,58,19,39,340,27,313,14.572864321608039,4.773869346733668,9.798994974874372,85.42713567839196,6.78391959798995,78.64321608040201
E00139153,523,130,54,76,393,28,365,24.8565965583174,10.325047801147228,14.531548757170173,75.1434034416826,5.353728489483748,69.78967495219885
E00139155,371,57,19,38,314,26,288,15.363881401617252,5.121293800539084,10.242587601078167,84.63611859838275,7.008086253369273,77.62803234501348
E00139156,252,26,11,15,226,30,196,10.317460317460316,4.365079365079365,5.952380952380952,89.68253968253968,11.904761904761903,77.77777777777779
E00139157,236,40,12,28,196,23,173,16.94915254237288,5.084745762711865,11.864406779661017,83.05084745762711,9.745762711864407,73.30508474576271
E00139158,261,38,18,20,223,21,202,14.559386973180077,6.896551724137931,7.662835249042145,85.44061302681992,8.045977011494253,77.39463601532567
E00139159,197,33,13,20,164,10,154,16.751269035532996,6.598984771573605,10.152284263959391,83.24873096446701,5.0761421319796955,78.1725888324873
E00139160,365,50,16,34,315,25,290,13.698630136986301,4.383561643835616,9.315068493150685,86.3013698630137,6.8493150684931505,79.45205479452055
E00139161,297,42,10,32,255,33,222,14.14141414141414,3.3670033670033668,10.774410774410773,85.85858585858585,11.11111111111111,74.74747474747475
E00139163,345,40,12,28,305,30,275,11.594202898550725,3.4782608695652173,8.115942028985506,88.40579710144928,8.695652173913043,79.71014492753623
E00139164,204,36,19,17,168,17,151,17.647058823529413,9.313725490196079,8.333333333333332,82.35294117647058,8.333333333333332,74.01960784313727
E00139165,270,47,12,35,223,20,203,17.40740740740741,4.444444444444445,12.962962962962962,82.5925925925926,7.4074074074074066,75.18518518518519
E00139166,239,78,34,44,161,15,146,32.63598326359833,14.225941422594143,18.410041841004183,67.36401673640168,6.2761506276150625,61.08786610878661
E00139167,382,49,17,32,333,31,302,12.827225130890053,4.450261780104712,8.37696335078534,87.17277486910994,8.115183246073299,79.05759162303664
E00139168,311,58,22,36,253,20,233,18.64951768488746,7.07395498392283,11.57556270096463,81.35048231511254,6.430868167202572,74.91961414790997
E00139169,310,67,26,41,243,32,211,21.612903225806452,8.38709677419355,13.225806451612904,78.38709677419354,10.32258064516129,68.06451612903226
E00139171,394,52,24,28,342,26,316,13.19796954314721,6.091370558375635,7.1065989847715745,86.80203045685279,6.598984771573605,80.20304568527918
E00139172,350,38,11,27,312,37,275,10.857142857142858,3.1428571428571432,7.7142857142857135,89.14285714285714,10.571428571428571,78.57142857142857
E00139173,338,45,14,31,293,24,269,13.313609467455622,4.142011834319527,9.171597633136095,86.68639053254438,7.100591715976331,79.58579881656804
E00139174,302,44,15,29,258,23,235,14.56953642384106,4.966887417218543,9.602649006622517,85.43046357615894,7.6158940397351,77.81456953642383
E00169160,417,48,21,27,369,18,351,11.510791366906476,5.0359712230215825,6.474820143884892,88.48920863309353,4.316546762589928,84.17266187050359
E00169161,428,32,11,21,396,24,372,7.476635514018691,2.570093457943925,4.906542056074766,92.5233644859813,5.607476635514018,86.91588785046729
E00169162,355,37,10,27,318,14,304,10.422535211267606,2.8169014084507045,7.605633802816901,89.5774647887324,3.943661971830986,85.63380281690141
E00169163,250,30,11,19,220,19,201,12,4.3999999999999995,7.6,88,7.6,80.4
E00169164,266,27,7,20,239,18,221,10.150375939849624,2.631578947368421,7.518796992481203,89.84962406015038,6.7669172932330826,83.0827067669173
E00169165,253,23,4,19,230,13,217,9.090909090909092,1.5810276679841897,7.5098814229249005,90.9090909090909,5.138339920948617,85.7707509881423
E00169166,360,37,18,19,323,16,307,10.277777777777777,5,5.277777777777778,89.72222222222223,4.444444444444445,85.27777777777777
E00169167,347,45,19,26,302,17,285,12.968299711815561,5.475504322766571,7.492795389048991,87.03170028818444,4.899135446685879,82.13256484149855
E00169168,587,59,20,39,528,22,506,10.051107325383304,3.4071550255536627,6.643952299829642,89.9488926746167,3.747870528109029,86.20102214650767
E00169169,379,29,9,20,350,23,327,7.651715039577836,2.3746701846965697,5.277044854881266,92.34828496042216,6.068601583113456,86.2796833773087
E00169170,421,71,49,22,350,16,334,16.864608076009503,11.63895486935867,5.225653206650831,83.1353919239905,3.800475059382423,79.33491686460808
E00169171,623,58,19,39,565,26,539,9.309791332263243,3.0497592295345104,6.260032102728733,90.69020866773675,4.173354735152488,86.51685393258427
E00169172,538,44,13,31,494,23,471,8.178438661710038,2.41635687732342,5.762081784386617,91.82156133828995,4.275092936802974,87.54646840148699
E00169173,377,33,11,22,344,27,317,8.753315649867375,2.9177718832891246,5.835543766578249,91.24668435013263,7.161803713527852,84.08488063660478
E00169176,461,51,17,34,410,22,388,11.062906724511931,3.68763557483731,7.37527114967462,88.93709327548807,4.772234273318872,84.1648590021692
E00169177,364,32,11,21,332,22,310,8.791208791208792,3.021978021978022,5.769230769230769,91.20879120879121,6.043956043956044,85.16483516483517
E00169178,366,29,15,14,337,22,315,7.923497267759563,4.098360655737705,3.825136612021858,92.07650273224044,6.0109289617486334,86.0655737704918
E00169179,427,30,11,19,397,17,380,7.02576112412178,2.576112412177986,4.449648711943794,92.97423887587823,3.9812646370023423,88.99297423887587
E00169181,375,38,13,25,337,23,314,10.133333333333333,3.4666666666666663,6.666666666666667,89.86666666666666,6.133333333333333,83.73333333333333
E00169182,391,45,22,23,346,23,323,11.508951406649617,5.626598465473146,5.88235294117647,88.49104859335038,5.88235294117647,82.6086956521739
E00169183,303,26,9,17,277,22,255,8.58085808580858,2.9702970297029703,5.6105610561056105,91.41914191419141,7.2607260726072615,84.15841584158416
E00169184,396,34,14,20,362,34,328,8.585858585858585,3.535353535353535,5.05050505050505,91.41414141414141,8.585858585858585,82.82828282828282
E00169187,253,40,13,27,213,26,187,15.810276679841898,5.138339920948617,10.67193675889328,84.18972332015811,10.276679841897234,73.91304347826086
E00169188,301,60,33,27,241,19,222,19.93355481727575,10.96345514950166,8.970099667774086,80.06644518272425,6.312292358803987,73.75415282392026
E00169189,440,32,17,15,408,21,387,7.2727272727272725,3.8636363636363633,3.4090909090909087,92.72727272727272,4.772727272727273,87.95454545454545
E00169205,278,73,34,39,205,18,187,26.258992805755394,12.23021582733813,14.028776978417264,73.7410071942446,6.474820143884892,67.26618705035972
E00169206,374,35,13,22,339,27,312,9.358288770053475,3.4759358288770055,5.88235294117647,90.64171122994652,7.219251336898395,83.42245989304813
E00169207,474,67,24,43,407,33,374,14.135021097046414,5.063291139240507,9.071729957805907,85.86497890295358,6.962025316455696,78.90295358649789
E00169208,367,49,16,33,318,28,290,13.35149863760218,4.35967302452316,8.991825613079019,86.64850136239782,7.629427792915531,79.01907356948229
E00169209,499,49,18,31,450,37,413,9.819639278557114,3.6072144288577155,6.212424849699398,90.18036072144288,7.414829659318638,82.76553106212425
E00169211,267,33,12,21,234,24,210,12.359550561797752,4.49438202247191,7.865168539325842,87.64044943820225,8.98876404494382,78.65168539325843
E00169212,272,52,9,43,220,24,196,19.11764705882353,3.308823529411765,15.808823529411764,80.88235294117648,8.823529411764707,72.05882352941177
E00169213,422,76,23,53,346,26,320,18.009478672985782,5.450236966824645,12.559241706161137,81.99052132701422,6.161137440758294,75.82938388625593
E00169214,300,66,28,38,234,33,201,22,9.333333333333334,12.666666666666668,78,11,67
E00169215,325,34,10,24,291,29,262,10.461538461538462,3.076923076923077,7.384615384615385,89.53846153846153,8.923076923076923,80.61538461538461
E00169216,404,34,9,25,370,31,339,8.415841584158416,2.2277227722772275,6.188118811881188,91.58415841584159,7.673267326732673,83.9108910891089
E00169217,374,52,17,35,322,36,286,13.903743315508022,4.545454545454546,9.358288770053475,86.09625668449198,9.62566844919786,76.47058823529412
E00169218,312,39,14,25,273,38,235,12.5,4.487179487179487,8.012820512820513,87.5,12.179487179487179,75.32051282051282
E00169219,366,32,13,19,334,30,304,8.743169398907105,3.551912568306011,5.191256830601093,91.2568306010929,8.19672131147541,83.06010928961749
E00169220,361,41,11,30,320,23,297,11.357340720221606,3.0470914127423825,8.310249307479225,88.64265927977839,6.3711911357340725,82.27146814404432
E00169221,345,35,9,26,310,32,278,10.144927536231885,2.608695652173913,7.536231884057972,89.85507246376811,9.27536231884058,80.57971014492755
E00169222,130,34,18,16,96,10,86,26.153846153846157,13.846153846153847,12.307692307692308,73.84615384615385,7.6923076923076925,66.15384615384615
E00169223,153,32,16,16,121,12,109,20.915032679738562,10.457516339869281,10.457516339869281,79.08496732026144,7.8431372549019605,71.24183006535948
E00169224,552,67,22,45,485,30,455,12.13768115942029,3.985507246376811,8.152173913043478,87.86231884057972,5.434782608695652,82.42753623188406
E00169225,594,99,56,43,495,32,463,16.666666666666664,9.427609427609427,7.23905723905724,83.33333333333334,5.387205387205387,77.94612794612794
E00169226,244,52,22,30,192,21,171,21.311475409836063,9.01639344262295,12.295081967213115,78.68852459016394,8.60655737704918,70.08196721311475
E00169227,258,42,17,25,216,19,197,16.27906976744186,6.5891472868217065,9.689922480620156,83.72093023255815,7.3643410852713185,76.35658914728683
E00169310,319,37,11,26,282,22,260,11.598746081504702,3.4482758620689653,8.150470219435736,88.40125391849529,6.896551724137931,81.50470219435736
E00169311,335,28,11,17,307,15,292,8.358208955223882,3.2835820895522385,5.074626865671641,91.64179104477613,4.477611940298507,87.16417910447761
E00169312,299,35,11,24,264,25,239,11.705685618729097,3.678929765886288,8.02675585284281,88.2943143812709,8.361204013377927,79.93311036789298
E00169313,363,51,20,31,312,27,285,14.049586776859504,5.5096418732782375,8.539944903581267,85.9504132231405,7.43801652892562,78.51239669421489
E00169314,350,40,10,30,310,9,301,11.428571428571429,2.857142857142857,8.571428571428571,88.57142857142857,2.571428571428571,86
E00169315,329,45,15,30,284,19,265,13.677811550151976,4.5592705167173255,9.118541033434651,86.32218844984803,5.775075987841945,80.54711246200608
E00169317,289,39,13,26,250,16,234,13.494809688581316,4.498269896193772,8.996539792387544,86.50519031141869,5.536332179930796,80.96885813148789
E00169318,373,40,19,21,333,24,309,10.723860589812332,5.093833780160858,5.630026809651475,89.27613941018767,6.434316353887399,82.84182305630027
E00169319,289,41,16,25,248,31,217,14.186851211072666,5.536332179930796,8.650519031141869,85.81314878892734,10.726643598615917,75.08650519031141
E00169320,380,66,26,40,314,27,287,17.36842105263158,6.842105263157896,10.526315789473683,82.63157894736842,7.105263157894736,75.52631578947368
E00169321,267,37,12,25,230,20,210,13.857677902621724,4.49438202247191,9.363295880149813,86.14232209737828,7.490636704119851,78.65168539325843
E00172233,444,56,22,34,388,35,353,12.612612612612612,4.954954954954955,7.657657657657657,87.38738738738738,7.882882882882883,79.5045045045045
E00172234,435,53,20,33,382,37,345,12.183908045977011,4.597701149425287,7.586206896551724,87.816091954023,8.505747126436782,79.3103448275862
E00172235,256,31,7,24,225,14,211,12.109375,2.734375,9.375,87.890625,5.46875,82.421875
E00172236,274,43,16,27,231,31,200,15.693430656934307,5.839416058394161,9.854014598540147,84.30656934306569,11.313868613138686,72.99270072992701
E00172237,144,22,7,15,122,13,109,15.277777777777779,4.861111111111112,10.416666666666668,84.72222222222221,9.027777777777777,75.69444444444444
E00172238,497,57,27,30,440,34,406,11.468812877263582,5.432595573440644,6.036217303822937,88.53118712273643,6.841046277665996,81.69014084507043
E00172242,461,46,13,33,415,39,376,9.97830802603037,2.8199566160520604,7.158351409978309,90.02169197396964,8.459869848156181,81.56182212581345
E00172243,499,50,16,34,449,30,419,10.02004008016032,3.2064128256513023,6.813627254509018,89.97995991983969,6.012024048096192,83.96793587174348
E00172244,368,60,19,41,308,32,276,16.304347826086957,5.163043478260869,11.141304347826086,83.69565217391305,8.695652173913043,75
E00172245,588,133,56,77,455,36,419,22.61904761904762,9.523809523809524,13.095238095238097,77.38095238095238,6.122448979591836,71.25850340136054
E00172246,1027,60,13,47,967,50,917,5.8422590068159685,1.2658227848101267,4.576436222005842,94.157740993184035,4.868549172346641,89.28919182083739
E00172247,179,22,0,22,157,16,141,12.290502793296088,0,12.290502793296088,87.70949720670392,8.938547486033519,78.77094972067039
E00172248,261,80,43,37,181,19,162,30.65134099616858,16.47509578544061,14.17624521072797,69.34865900383141,7.2796934865900385,62.06896551724138
E00172249,351,39,7,32,312,23,289,11.11111111111111,1.9943019943019942,9.116809116809117,88.88888888888889,6.552706552706552,82.33618233618233
E00172250,276,42,16,26,234,15,219,15.217391304347828,5.797101449275362,9.420289855072465,84.78260869565217,5.434782608695652,79.34782608695652
E00172251,199,22,2,20,177,22,155,11.055276381909549,1.0050251256281406,10.050251256281408,88.94472361809045,11.055276381909549,77.88944723618091
E00172252,380,55,17,38,325,26,299,14.473684210526317,4.473684210526316,10,85.52631578947368,6.842105263157896,78.6842105263158
E00188946,456,61,19,42,395,34,361,13.37719298245614,4.166666666666666,9.210526315789473,86.62280701754386,7.456140350877193,79.16666666666666
E00188947,210,27,10,17,183,16,167,12.857142857142856,4.761904761904762,8.095238095238095,87.14285714285714,7.6190476190476195,79.52380952380952
E00188948,370,65,24,41,305,26,279,17.56756756756757,6.486486486486487,11.081081081081082,82.43243243243244,7.027027027027027,75.4054054054054
E00188949,354,36,14,22,318,24,294,10.16949152542373,3.954802259887006,6.214689265536723,89.83050847457628,6.779661016949152,83.05084745762711
E00188950,271,44,14,30,227,5,222,16.236162361623617,5.166051660516605,11.07011070110701,83.76383763837639,1.8450184501845017,81.91881918819189
E00188952,363,44,15,29,319,28,291,12.121212121212121,4.132231404958678,7.988980716253444,87.87878787878788,7.7134986225895315,80.16528925619835
E00188955,240,44,21,23,196,10,186,18.333333333333332,8.75,9.583333333333334,81.66666666666667,4.166666666666666,77.5
E00188958,252,35,10,25,217,16,201,13.88888888888889,3.968253968253968,9.920634920634921,86.11111111111111,6.349206349206349,79.76190476190477
E00188959,274,49,16,33,225,19,206,17.88321167883212,5.839416058394161,12.043795620437956,82.11678832116789,6.934306569343065,75.18248175182481
E00188964,337,27,12,15,310,32,278,8.011869436201781,3.5608308605341246,4.451038575667656,91.98813056379822,9.495548961424333,82.49258160237389
E00188965,301,18,6,12,283,18,265,5.980066445182724,1.9933554817275747,3.9867109634551494,94.01993355481729,5.980066445182724,88.03986710963456
E00188967,172,11,4,7,161,9,152,6.395348837209303,2.3255813953488373,4.069767441860465,93.6046511627907,5.232558139534884,88.37209302325581
E00188969,312,52,18,34,260,23,237,16.666666666666664,5.769230769230769,10.897435897435898,83.33333333333334,7.371794871794872,75.96153846153845
E00188972,284,36,11,25,248,14,234,12.676056338028168,3.873239436619718,8.80281690140845,87.32394366197182,4.929577464788732,82.3943661971831
E00188973,302,42,14,28,260,22,238,13.90728476821192,4.635761589403973,9.271523178807946,86.09271523178808,7.28476821192053,78.80794701986756
E00188974,431,44,13,31,387,19,368,10.208816705336426,3.0162412993039442,7.192575406032482,89.79118329466357,4.408352668213457,85.38283062645012
E00188976,409,64,18,46,345,20,325,15.647921760391197,4.400977995110025,11.246943765281173,84.3520782396088,4.88997555012225,79.46210268948656
E00188977,320,35,11,24,285,22,263,10.9375,3.4375000000000004,7.5,89.0625,6.875000000000001,82.1875
E00188978,321,32,14,18,289,22,267,9.968847352024921,4.361370716510903,5.607476635514018,90.03115264797508,6.853582554517133,83.17757009345794
E00188979,174,22,2,20,152,10,142,12.643678160919542,1.1494252873563218,11.494252873563218,87.356321839080465,5.747126436781609,81.60919540229885
E00188980,297,22,10,12,275,18,257,7.4074074074074066,3.3670033670033668,4.040404040404041,92.5925925925926,6.0606060606060606,86.53198653198653
E00188981,345,35,11,24,310,18,292,10.144927536231885,3.1884057971014492,6.956521739130435,89.85507246376811,5.217391304347826,84.63768115942028
E00188984,348,57,22,35,291,12,279,16.379310344827587,6.321839080459771,10.057471264367816,83.62068965517241,3.4482758620689653,80.17241379310344
E00188986,295,48,18,30,247,21,226,16.271186440677965,6.101694915254238,10.16949152542373,83.72881355932203,7.118644067796611,76.61016949152543
E00188987,194,41,16,25,153,20,133,21.1340206185567,8.24742268041237,12.886597938144329,78.8659793814433,10.309278350515463,68.55670103092784
E00188988,313,39,11,28,274,18,256,12.460063897763577,3.5143769968051117,8.945686900958465,87.53993610223642,5.7507987220447285,81.78913738019169
E00188990,327,16,1,15,311,17,294,4.892966360856269,0.3058103975535168,4.587155963302752,95.10703363914374,5.198776758409786,89.90825688073394
E00188993,442,28,6,22,414,34,380,6.334841628959276,1.3574660633484164,4.97737556561086,93.66515837104072,7.6923076923076925,85.97285067873304
E00188994,414,46,12,34,368,22,346,11.11111111111111,2.898550724637681,8.212560386473431,88.88888888888889,5.314009661835748,83.57487922705315
E00188995,287,67,38,29,220,20,200,23.34494773519164,13.240418118466899,10.104529616724738,76.65505226480836,6.968641114982578,69.68641114982579
E00188998,339,64,28,36,275,22,253,18.87905604719764,8.259587020648967,10.619469026548673,81.12094395280236,6.489675516224189,74.63126843657817
E00188999,360,31,13,18,329,23,306,8.61111111111111,3.6111111111111107,5,91.38888888888889,6.388888888888888,85
E00189001,381,57,22,35,324,26,298,14.960629921259844,5.774278215223097,9.186351706036746,85.03937007874016,6.824146981627297,78.21522309711287
E00189002,311,117,59,58,194,15,179,37.62057877813505,18.971061093247588,18.64951768488746,62.37942122186495,4.823151125401929,57.556270096463024
E00189003,324,32,12,20,292,20,272,9.876543209876543,3.7037037037037033,6.172839506172839,90.12345679012346,6.172839506172839,83.9506172839506
E00189004,430,26,7,19,404,28,376,6.046511627906977,1.627906976744186,4.4186046511627906,93.95348837209302,6.511627906976744,87.44186046511628
E00189005,222,29,10,19,193,10,183,13.063063063063062,4.504504504504505,8.558558558558559,86.93693693693693,4.504504504504505,82.43243243243244
E00189007,358,40,14,26,318,16,302,11.1731843575419,3.910614525139665,7.262569832402235,88.8268156424581,4.4692737430167595,84.35754189944134
E00189008,283,43,14,29,240,17,223,15.19434628975265,4.946996466431095,10.247349823321555,84.80565371024736,6.007067137809187,78.79858657243817
E00189009,326,62,21,41,264,13,251,19.018404907975462,6.441717791411043,12.576687116564417,80.98159509202453,3.9877300613496933,76.99386503067484
E00189010,316,10,2,8,306,23,283,3.1645569620253164,0.6329113924050633,2.5316455696202533,96.83544303797468,7.2784810126582276,89.55696202531645
E00189015,304,44,21,23,260,31,229,14.473684210526317,6.907894736842106,7.565789473684211,85.52631578947368,10.197368421052632,75.32894736842105
E00189018,354,40,9,31,314,31,283,11.299435028248588,2.5423728813559325,8.757062146892656,88.70056497175142,8.757062146892656,79.94350282485875
E00189022,318,52,15,37,266,19,247,16.352201257861633,4.716981132075472,11.635220125786164,83.64779874213836,5.9748427672955975,77.67295597484278
E00189024,252,23,11,12,229,17,212,9.126984126984127,4.365079365079365,4.761904761904762,90.87301587301587,6.746031746031746,84.12698412698413
E00189027,249,45,20,25,204,14,190,18.072289156626507,8.032128514056225,10.040160642570282,81.92771084337349,5.622489959839357,76.30522088353415
E00189028,308,19,4,15,289,16,273,6.1688311688311686,1.2987012987012987,4.870129870129871,93.83116883116884,5.194805194805195,88.63636363636364
E00189030,374,16,6,10,358,27,331,4.27807486631016,1.6042780748663104,2.6737967914438503,95.72192513368985,7.219251336898395,88.50267379679144
E00189031,297,49,20,29,248,22,226,16.4983164983165,6.7340067340067336,9.764309764309765,83.5016835016835,7.4074074074074066,76.0942760942761
E00189040,328,21,8,13,307,24,283,6.402439024390244,2.4390243902439024,3.9634146341463414,93.59756097560977,7.317073170731707,86.28048780487805
E00189041,313,25,4,21,288,24,264,7.987220447284344,1.2779552715654952,6.7092651757188495,92.01277955271566,7.667731629392971,84.34504792332268
E00189042,278,37,12,25,241,15,226,13.309352517985612,4.316546762589928,8.992805755395683,86.6906474820144,5.39568345323741,81.29496402877699
E00189044,279,26,12,14,253,23,230,9.31899641577061,4.301075268817205,5.017921146953405,90.68100358422939,8.24372759856631,82.43727598566308
E00189046,255,27,13,14,228,19,209,10.588235294117647,5.098039215686274,5.490196078431373,89.41176470588236,7.450980392156863,81.96078431372548
E00189047,239,53,21,32,186,32,154,22.17573221757322,8.786610878661087,13.389121338912133,77.82426778242679,13.389121338912133,64.43514644351464
E00189051,333,14,5,9,319,14,305,4.2042042042042045,1.5015015015015014,2.7027027027027026,95.7957957957958,4.2042042042042045,91.5915915915916
E00189053,359,50,23,27,309,24,285,13.92757660167131,6.406685236768802,7.520891364902507,86.0724233983287,6.685236768802229,79.38718662952647
E00189054,289,41,14,27,248,18,230,14.186851211072666,4.844290657439446,9.342560553633218,85.81314878892734,6.228373702422145,79.58477508650519
E00189056,431,38,15,23,393,38,355,8.816705336426914,3.480278422273782,5.336426914153132,91.1832946635731,8.816705336426914,82.36658932714617
E00189057,325,23,8,15,302,21,281,7.076923076923077,2.4615384615384617,4.615384615384616,92.92307692307692,6.461538461538462,86.46153846153845
E00189059,351,26,10,16,325,25,300,7.4074074074074066,2.849002849002849,4.5584045584045585,92.5925925925926,7.122507122507122,85.47008547008546
E00189061,311,57,29,28,254,24,230,18.327974276527332,9.32475884244373,9.003215434083602,81.67202572347267,7.717041800643088,73.95498392282958
E00189062,335,25,3,22,310,18,292,7.462686567164178,0.8955223880597015,6.567164179104477,92.53731343283582,5.3731343283582085,87.16417910447761
E00189063,317,26,7,19,291,14,277,8.201892744479496,2.2082018927444795,5.993690851735016,91.7981072555205,4.416403785488959,87.38170347003155
E00189065,282,27,8,19,255,30,225,9.574468085106384,2.8368794326241136,6.73758865248227,90.42553191489363,10.638297872340425,79.7872340425532
E00189067,326,26,12,14,300,19,281,7.975460122699387,3.6809815950920246,4.294478527607362,92.02453987730061,5.828220858895705,86.1963190184049
E00189070,387,60,28,32,327,21,306,15.503875968992247,7.235142118863049,8.2687338501292,84.49612403100775,5.426356589147287,79.06976744186046
E00189071,313,15,1,14,298,19,279,4.792332268370607,0.3194888178913738,4.472843450479233,95.2076677316294,6.070287539936102,89.1373801916933
E00189076,357,31,11,20,326,32,294,8.683473389355742,3.081232492997199,5.602240896358544,91.31652661064426,8.96358543417367,82.35294117647058
E00189077,304,54,19,35,250,23,227,17.763157894736842,6.25,11.513157894736842,82.23684210526315,7.565789473684211,74.67105263157895
E00189078,253,37,17,20,216,14,202,14.624505928853754,6.719367588932807,7.905138339920949,85.37549407114624,5.533596837944664,79.84189723320159
E00189079,302,53,19,34,249,25,224,17.549668874172188,6.291390728476822,11.258278145695364,82.45033112582782,8.27814569536424,74.17218543046357
E00189080,258,56,26,30,202,14,188,21.705426356589147,10.077519379844961,11.627906976744185,78.29457364341084,5.426356589147287,72.86821705426357
E00189082,286,27,16,11,259,16,243,9.44055944055944,5.594405594405594,3.8461538461538463,90.55944055944056,5.594405594405594,84.96503496503497
E00189083,276,40,15,25,236,19,217,14.492753623188406,5.434782608695652,9.057971014492754,85.5072463768116,6.884057971014493,78.62318840579711
E00189086,348,28,6,22,320,17,303,8.045977011494253,1.7241379310344827,6.321839080459771,91.95402298850574,4.885057471264368,87.06896551724138
E00189087,379,35,12,23,344,23,321,9.234828496042216,3.16622691292876,6.068601583113456,90.76517150395779,6.068601583113456,84.69656992084433
E00189093,344,25,6,19,319,24,295,7.267441860465117,1.744186046511628,5.523255813953488,92.73255813953489,6.976744186046512,85.75581395348837
E00189099,272,49,24,25,223,19,204,18.014705882352942,8.823529411764707,9.191176470588236,81.98529411764706,6.985294117647059,75
E00189100,260,47,23,24,213,23,190,18.076923076923077,8.846153846153847,9.230769230769232,81.92307692307692,8.846153846153847,73.07692307692307
E00189101,165,69,37,32,96,15,81,41.81818181818181,22.424242424242426,19.393939393939394,58.18181818181818,9.090909090909092,49.09090909090909
E00189102,346,30,10,20,316,24,292,8.670520231213873,2.8901734104046244,5.780346820809249,91.32947976878613,6.9364161849710975,84.39306358381504
E00189103,308,25,8,17,283,17,266,8.116883116883116,2.5974025974025974,5.51948051948052,91.88311688311688,5.51948051948052,86.36363636363636
E00189104,348,43,10,33,305,23,282,12.35632183908046,2.8735632183908044,9.482758620689655,87.643678160919535,6.609195402298851,81.03448275862068
E00189106,239,39,10,29,200,21,179,16.317991631799163,4.184100418410042,12.133891213389122,83.68200836820083,8.786610878661087,74.89539748953975
E00189107,300,18,3,15,282,16,266,6,1,5,94,5.333333333333334,88.66666666666667
E00189108,345,53,14,39,292,25,267,15.36231884057971,4.057971014492753,11.304347826086957,84.63768115942028,7.246376811594203,77.39130434782608
E00189109,104,10,4,6,94,5,89,9.615384615384617,3.8461538461538463,5.769230769230769,90.38461538461539,4.807692307692308,85.57692307692307
E00189111,371,17,4,13,354,32,322,4.5822102425876015,1.078167115902965,3.5040431266846364,95.4177897574124,8.62533692722372,86.79245283018868
E00189113,358,48,18,30,310,15,295,13.40782122905028,5.027932960893855,8.379888268156424,86.59217877094973,4.189944134078212,82.40223463687151
E00189122,535,37,12,25,498,31,467,6.915887850467289,2.2429906542056073,4.672897196261682,93.0841121495327,5.794392523364486,87.28971962616822
E00189123,314,28,7,21,286,22,264,8.9171974522293,2.229299363057325,6.687898089171974,91.0828025477707,7.006369426751593,84.07643312101911
E00189124,353,42,9,33,311,22,289,11.89801699716714,2.5495750708215295,9.34844192634561,88.10198300283287,6.232294617563739,81.86968838526913
E00189125,368,33,14,19,335,26,309,8.967391304347826,3.804347826086957,5.163043478260869,91.03260869565217,7.065217391304348,83.96739130434783
E00189129,403,38,13,25,365,16,349,9.429280397022332,3.225806451612903,6.20347394540943,90.57071960297766,3.970223325062035,86.60049627791562
E00189130,309,57,21,36,252,25,227,18.446601941747574,6.796116504854369,11.650485436893204,81.55339805825243,8.090614886731391,73.46278317152104
E00189131,283,33,12,21,250,22,228,11.66077738515901,4.240282685512367,7.420494699646643,88.33922261484098,7.773851590106007,80.56537102473497
E00189135,379,56,26,30,323,17,306,14.775725593667547,6.860158311345646,7.9155672823219,85.22427440633246,4.485488126649076,80.73878627968337
E00189142,351,47,13,34,304,15,289,13.390313390313391,3.7037037037037033,9.686609686609685,86.6096866096866,4.273504273504273,82.33618233618233
E00189143,434,58,30,28,376,14,362,13.36405529953917,6.912442396313365,6.451612903225806,86.63594470046083,3.225806451612903,83.41013824884793
E00189146,384,60,26,34,324,23,301,15.625,6.770833333333333,8.854166666666668,84.375,5.989583333333334,78.38541666666666
E00189147,373,46,14,32,327,32,295,12.332439678284182,3.753351206434316,8.579088471849866,87.66756032171583,8.579088471849866,79.08847184986595
E00189149,365,31,8,23,334,17,317,8.493150684931507,2.191780821917808,6.301369863013699,91.5068493150685,4.657534246575342,86.84931506849315
E00189151,379,60,20,40,319,31,288,15.8311345646438,5.277044854881266,10.554089709762533,84.1688654353562,8.179419525065963,75.98944591029023
E00189152,245,31,10,21,214,13,201,12.653061224489795,4.081632653061225,8.571428571428571,87.34693877551021,5.3061224489795915,82.0408163265306
E00189155,329,74,33,41,255,23,232,22.492401215805472,10.030395136778116,12.462006079027356,77.50759878419453,6.990881458966565,70.51671732522796
E00189159,333,16,3,13,317,17,300,4.804804804804805,0.9009009009009009,3.903903903903904,95.1951951951952,5.105105105105105,90.09009009009009
E00189164,436,58,20,38,378,21,357,13.302752293577983,4.587155963302752,8.715596330275229,86.69724770642202,4.81651376146789,81.88073394495413
E00189165,338,37,10,27,301,25,276,10.946745562130179,2.9585798816568047,7.988165680473373,89.05325443786982,7.396449704142012,81.65680473372781
E00189167,326,50,17,33,276,22,254,15.337423312883436,5.214723926380368,10.122699386503067,84.66257668711657,6.748466257668712,77.91411042944786
E00189168,323,47,21,26,276,23,253,14.551083591331269,6.5015479876160995,8.04953560371517,85.44891640866872,7.120743034055728,78.328173374613
E00189173,329,39,8,31,290,23,267,11.854103343465045,2.43161094224924,9.422492401215806,88.14589665653494,6.990881458966565,81.15501519756839
E00189174,354,53,12,41,301,34,267,14.971751412429379,3.389830508474576,11.581920903954803,85.02824858757062,9.6045197740113,75.42372881355932
E00189175,351,33,9,24,318,24,294,9.401709401709402,2.564102564102564,6.837606837606838,90.5982905982906,6.837606837606838,83.76068376068376
E00189178,379,31,7,24,348,25,323,8.179419525065963,1.8469656992084433,6.33245382585752,91.82058047493403,6.596306068601583,85.22427440633246
E00189179,285,60,13,47,225,18,207,21.052631578947366,4.56140350877193,16.49122807017544,78.94736842105263,6.315789473684211,72.63157894736842
E00189182,287,54,20,34,233,30,203,18.81533101045296,6.968641114982578,11.846689895470384,81.18466898954703,10.452961672473867,70.73170731707317
E00189183,267,45,23,22,222,9,213,16.853932584269664,8.614232209737828,8.239700374531834,83.14606741573034,3.3707865168539324,79.7752808988764
E00189184,313,56,36,20,257,29,228,17.89137380191693,11.501597444089457,6.3897763578274756,82.10862619808307,9.26517571884984,72.84345047923323
E00189185,360,17,5,12,343,17,326,4.722222222222222,1.3888888888888888,3.3333333333333335,95.27777777777777,4.722222222222222,90.55555555555556
E00189186,383,27,11,16,356,31,325,7.049608355091384,2.8720626631853787,4.177545691906006,92.95039164490862,8.093994778067886,84.85639686684074
E00189188,479,47,9,38,432,38,394,9.812108559498958,1.8789144050104383,7.933194154488518,90.18789144050105,7.933194154488518,82.25469728601253
E00189189,366,99,49,50,267,21,246,27.049180327868854,13.387978142076504,13.661202185792352,72.95081967213115,5.737704918032787,67.21311475409836
E00189191,392,21,5,16,371,21,350,5.357142857142857,1.2755102040816326,4.081632653061225,94.64285714285714,5.357142857142857,89.28571428571429
E00189192,419,76,39,37,343,20,323,18.138424821002385,9.307875894988067,8.83054892601432,81.86157517899761,4.77326968973747,77.08830548926015
E00189193,345,37,17,20,308,21,287,10.72463768115942,4.9275362318840585,5.797101449275362,89.27536231884058,6.086956521739131,83.18840579710145
E00189194,369,33,5,28,336,37,299,8.94308943089431,1.3550135501355014,7.588075880758807,91.05691056910568,10.02710027100271,81.02981029810297
