OA,ts0590001,ts0590002,ts0590003,ts0590004,ts0590005,ts0590006,ts0590007,ts0590002_PCT,ts0590003_PCT,ts0590004_PCT,ts0590005_PCT,ts0590006_PCT,ts0590007_PCT
E00162382,137,49,22,27,88,69,19,35.76642335766424,16.05839416058394,19.708029197080293,64.23357664233576,50.36496350364964,13.86861313868613
E00162383,138,48,25,23,90,64,26,34.78260869565217,18.115942028985508,16.666666666666664,65.21739130434783,46.3768115942029,18.84057971014493
E00162384,150,53,19,34,97,77,20,35.333333333333336,12.666666666666668,22.666666666666664,64.66666666666666,51.33333333333333,13.333333333333334
E00162385,126,39,20,19,87,62,25,30.952380952380953,15.873015873015872,15.079365079365079,69.04761904761905,49.2063492063492,19.841269841269842
E00162386,145,44,22,22,101,85,16,30.344827586206897,15.172413793103448,15.172413793103448,69.6551724137931,58.620689655172406,11.03448275862069
E00162387,89,28,13,15,61,35,26,31.46067415730337,14.606741573033707,16.853932584269664,68.53932584269663,39.325842696629216,29.213483146067414
E00162388,100,27,12,15,73,63,10,27,12,15,73,63,10
E00162389,147,49,23,26,98,66,32,33.33333333333333,15.646258503401361,17.687074829931973,66.66666666666666,44.89795918367347,21.768707482993197
E00162390,174,53,20,33,121,106,15,30.45977011494253,11.494252873563218,18.96551724137931,69.54022988505747,60.91954022988506,8.620689655172415
E00162391,73,23,9,14,50,38,12,31.506849315068493,12.32876712328767,19.17808219178082,68.4931506849315,52.054794520547944,16.43835616438356
E00162392,222,69,26,43,153,117,36,31.08108108108108,11.711711711711711,19.36936936936937,68.91891891891892,52.702702702702695,16.216216216216218
E00162393,60,21,13,8,39,27,12,35,21.666666666666668,13.333333333333334,65,45,20
E00162394,214,75,32,43,139,112,27,35.046728971962615,14.953271028037381,20.093457943925234,64.95327102803739,52.336448598130836,12.616822429906541
E00162395,72,24,5,19,48,36,12,33.33333333333333,6.944444444444445,26.38888888888889,66.66666666666666,50,16.666666666666664
E00162396,82,31,13,18,51,33,18,37.80487804878049,15.853658536585366,21.951219512195124,62.19512195121951,40.243902439024396,21.951219512195124
E00162397,124,40,21,19,84,58,26,32.25806451612903,16.93548387096774,15.32258064516129,67.74193548387096,46.774193548387096,20.967741935483872
E00162398,99,39,16,23,60,50,10,39.39393939393939,16.161616161616163,23.232323232323232,60.60606060606061,50.505050505050505,10.1010101010101
E00162399,99,33,14,19,66,44,22,33.33333333333333,14.14141414141414,19.19191919191919,66.66666666666666,44.44444444444444,22.22222222222222
E00162400,165,63,27,36,102,85,17,38.18181818181819,16.363636363636363,21.818181818181817,61.81818181818181,51.515151515151516,10.303030303030303
E00162401,151,56,23,33,95,77,18,37.086092715231786,15.2317880794702,21.85430463576159,62.913907284768214,50.993377483443716,11.920529801324504
E00162402,126,44,23,21,82,62,20,34.92063492063492,18.253968253968253,16.666666666666664,65.07936507936508,49.2063492063492,15.873015873015872
E00162403,172,59,27,32,113,84,29,34.30232558139535,15.69767441860465,18.6046511627907,65.69767441860465,48.837209302325576,16.86046511627907
E00162404,142,35,19,16,107,93,14,24.647887323943664,13.380281690140844,11.267605633802818,75.35211267605634,65.49295774647888,9.859154929577464
E00162407,151,47,19,28,104,77,27,31.125827814569533,12.582781456953644,18.543046357615893,68.87417218543047,50.993377483443716,17.880794701986755
E00162408,65,18,8,10,47,32,15,27.692307692307693,12.307692307692308,15.384615384615385,72.3076923076923,49.23076923076923,23.076923076923077
E00162409,203,79,28,51,124,94,30,38.91625615763547,13.793103448275861,25.12315270935961,61.083743842364534,46.30541871921182,14.77832512315271
E00162410,192,53,22,31,139,104,35,27.604166666666668,11.458333333333332,16.145833333333336,72.39583333333334,54.166666666666664,18.229166666666664
E00162411,167,59,18,41,108,83,25,35.32934131736527,10.778443113772456,24.550898203592812,64.67065868263472,49.700598802395206,14.97005988023952
E00162412,91,33,10,23,58,49,9,36.26373626373626,10.989010989010989,25.274725274725274,63.73626373626373,53.84615384615385,9.89010989010989
E00162413,107,38,12,26,69,55,14,35.51401869158878,11.214953271028037,24.299065420560748,64.48598130841121,51.4018691588785,13.084112149532709
E00162414,149,47,18,29,102,70,32,31.543624161073826,12.080536912751679,19.463087248322147,68.45637583892618,46.97986577181208,21.476510067114095
E00162415,190,54,28,26,136,103,33,28.421052631578945,14.736842105263156,13.684210526315791,71.57894736842105,54.21052631578947,17.36842105263158
E00162416,151,37,14,23,114,97,17,24.503311258278146,9.271523178807946,15.2317880794702,75.49668874172185,64.23841059602648,11.258278145695364
E00162417,98,35,12,23,63,49,14,35.714285714285715,12.244897959183673,23.46938775510204,64.28571428571429,50,14.285714285714285
E00162418,73,26,8,18,47,33,14,35.61643835616438,10.95890410958904,24.65753424657534,64.38356164383562,45.20547945205479,19.17808219178082
E00162419,135,39,14,25,96,83,13,28.888888888888886,10.37037037037037,18.51851851851852,71.11111111111111,61.48148148148148,9.62962962962963
E00162420,138,45,17,28,93,78,15,32.608695652173914,12.318840579710146,20.28985507246377,67.3913043478261,56.52173913043478,10.869565217391305
E00162421,211,78,45,33,133,107,26,36.96682464454976,21.32701421800948,15.639810426540285,63.03317535545023,50.71090047393365,12.322274881516588
E00162422,146,42,17,25,104,86,18,28.767123287671232,11.643835616438356,17.123287671232877,71.23287671232876,58.9041095890411,12.32876712328767
E00162423,137,42,21,21,95,66,29,30.656934306569344,15.328467153284672,15.328467153284672,69.34306569343066,48.175182481751825,21.16788321167883
E00162424,212,54,13,41,158,127,31,25.471698113207548,6.132075471698113,19.339622641509436,74.52830188679245,59.905660377358494,14.622641509433961
E00162425,100,29,9,20,71,64,7,28.999999999999996,9,20,71,64,7.000000000000001
E00162427,93,30,13,17,63,50,13,32.25806451612903,13.978494623655912,18.27956989247312,67.74193548387096,53.76344086021505,13.978494623655912
E00162428,61,19,5,14,42,30,12,31.147540983606557,8.19672131147541,22.950819672131146,68.85245901639344,49.18032786885246,19.672131147540984
E00162430,73,22,1,21,51,35,16,30.136986301369863,1.36986301369863,28.767123287671232,69.86301369863014,47.94520547945205,21.91780821917808
E00162431,151,50,19,31,101,82,19,33.11258278145696,12.582781456953644,20.52980132450331,66.88741721854305,54.3046357615894,12.582781456953644
E00162432,124,43,15,28,81,65,16,34.67741935483871,12.096774193548388,22.58064516129032,65.32258064516128,52.41935483870967,12.903225806451612
E00162433,208,48,16,32,160,121,39,23.076923076923077,7.6923076923076925,15.384615384615385,76.92307692307693,58.17307692307693,18.75
E00162434,154,47,15,32,107,83,24,30.519480519480517,9.740259740259742,20.77922077922078,69.48051948051948,53.896103896103895,15.584415584415584
E00162435,129,38,14,24,91,70,21,29.457364341085274,10.852713178294573,18.6046511627907,70.54263565891473,54.263565891472865,16.27906976744186
E00162436,277,67,33,34,210,159,51,24.187725631768952,11.913357400722022,12.274368231046932,75.81227436823104,57.400722021660656,18.4115523465704
E00162437,106,28,7,21,78,56,22,26.41509433962264,6.60377358490566,19.81132075471698,73.58490566037736,52.83018867924528,20.754716981132077
E00162439,230,64,16,48,166,141,25,27.82608695652174,6.956521739130435,20.869565217391305,72.17391304347827,61.30434782608696,10.869565217391305
E00162440,184,46,20,26,138,129,9,25,10.869565217391305,14.130434782608695,75,70.1086956521739,4.891304347826087
E00162441,146,28,10,18,118,100,18,19.17808219178082,6.8493150684931505,12.32876712328767,80.82191780821918,68.4931506849315,12.32876712328767
E00162442,226,58,23,35,168,136,32,25.663716814159294,10.176991150442479,15.486725663716813,74.33628318584071,60.17699115044248,14.15929203539823
E00162443,115,32,11,21,83,76,7,27.82608695652174,9.565217391304348,18.26086956521739,72.17391304347827,66.08695652173913,6.086956521739131
E00162444,68,25,8,17,43,36,7,36.76470588235294,11.76470588235294,25,63.23529411764706,52.94117647058824,10.294117647058822
E00162445,144,49,20,29,95,82,13,34.02777777777778,13.88888888888889,20.13888888888889,65.97222222222221,56.94444444444444,9.027777777777777
E00162446,101,25,11,14,76,68,8,24.752475247524753,10.891089108910892,13.861386138613863,75.24752475247524,67.32673267326733,7.920792079207921
E00162447,147,44,16,28,103,81,22,29.931972789115648,10.884353741496598,19.047619047619047,70.06802721088435,55.10204081632652,14.965986394557824
E00162448,171,45,18,27,126,111,15,26.31578947368421,10.526315789473683,15.789473684210526,73.68421052631578,64.91228070175438,8.771929824561402
E00162449,154,43,9,34,111,100,11,27.92207792207792,5.844155844155844,22.07792207792208,72.07792207792207,64.93506493506493,7.142857142857142
E00162450,130,57,19,38,73,62,11,43.84615384615385,14.615384615384617,29.230769230769234,56.15384615384615,47.69230769230769,8.461538461538462
E00162451,149,39,12,27,110,93,17,26.174496644295303,8.053691275167784,18.120805369127517,73.8255033557047,62.41610738255034,11.409395973154362
E00162452,120,43,21,22,77,63,14,35.833333333333336,17.5,18.333333333333332,64.16666666666667,52.5,11.666666666666666
E00162453,132,30,7,23,102,81,21,22.727272727272727,5.303030303030303,17.424242424242426,77.27272727272727,61.36363636363637,15.909090909090908
E00162454,153,66,22,44,87,79,8,43.13725490196079,14.37908496732026,28.75816993464052,56.86274509803921,51.633986928104584,5.228758169934641
E00162455,159,58,28,30,101,77,24,36.477987421383645,17.61006289308176,18.867924528301888,63.52201257861635,48.42767295597484,15.09433962264151
E00162456,139,38,15,23,101,80,21,27.33812949640288,10.79136690647482,16.546762589928058,72.66187050359713,57.55395683453237,15.107913669064748
E00162457,124,31,12,19,93,76,17,25,9.67741935483871,15.32258064516129,75,61.29032258064516,13.709677419354838
E00162458,108,29,11,18,79,67,12,26.851851851851855,10.185185185185185,16.666666666666664,73.14814814814815,62.03703703703704,11.11111111111111
E00162459,76,25,11,14,51,46,5,32.89473684210527,14.473684210526317,18.421052631578945,67.10526315789474,60.526315789473685,6.578947368421052
E00162460,154,51,17,34,103,82,21,33.116883116883116,11.03896103896104,22.07792207792208,66.88311688311688,53.246753246753244,13.636363636363635
E00162461,140,44,14,30,96,74,22,31.428571428571427,10,21.428571428571427,68.57142857142857,52.85714285714286,15.714285714285714
E00162462,113,32,15,17,81,75,6,28.31858407079646,13.274336283185843,15.04424778761062,71.68141592920354,66.3716814159292,5.3097345132743365
E00162463,113,30,15,15,83,72,11,26.548672566371685,13.274336283185843,13.274336283185843,73.45132743362832,63.716814159292035,9.734513274336283
E00162464,127,52,17,35,75,66,9,40.94488188976378,13.385826771653544,27.559055118110237,59.055118110236215,51.96850393700787,7.086614173228346
E00162465,103,31,12,19,72,61,11,30.097087378640776,11.650485436893204,18.446601941747574,69.90291262135922,59.22330097087378,10.679611650485436
E00162466,90,31,11,20,59,51,8,34.44444444444444,12.222222222222221,22.22222222222222,65.55555555555556,56.666666666666664,8.88888888888889
E00162467,73,18,9,9,55,50,5,24.65753424657534,12.32876712328767,12.32876712328767,75.34246575342466,68.4931506849315,6.8493150684931505
E00162468,135,49,17,32,86,65,21,36.2962962962963,12.592592592592592,23.703703703703706,63.70370370370371,48.148148148148145,15.555555555555555
E00162469,101,35,9,26,66,56,10,34.65346534653465,8.91089108910891,25.742574257425744,65.34653465346535,55.44554455445545,9.900990099009901
E00162470,141,52,20,32,89,79,10,36.87943262411347,14.184397163120568,22.69503546099291,63.12056737588653,56.02836879432624,7.092198581560284
E00162471,147,50,17,33,97,83,14,34.01360544217687,11.564625850340136,22.448979591836736,65.98639455782312,56.4625850340136,9.523809523809524
E00162472,112,43,20,23,69,55,14,38.392857142857146,17.857142857142858,20.535714285714285,61.60714285714286,49.107142857142854,12.5
E00162473,105,36,11,25,69,59,10,34.285714285714285,10.476190476190476,23.809523809523807,65.71428571428571,56.19047619047619,9.523809523809524
E00162474,121,47,18,29,74,62,12,38.84297520661157,14.87603305785124,23.96694214876033,61.15702479338842,51.2396694214876,9.917355371900827
E00162475,118,50,15,35,68,56,12,42.3728813559322,12.711864406779661,29.66101694915254,57.6271186440678,47.45762711864407,10.16949152542373
E00162476,119,47,12,35,72,61,11,39.49579831932773,10.084033613445378,29.411764705882355,60.50420168067227,51.26050420168067,9.243697478991598
E00162477,143,54,16,38,89,68,21,37.76223776223776,11.188811188811188,26.573426573426573,62.23776223776224,47.55244755244755,14.685314685314685
E00162478,213,78,22,56,135,100,35,36.61971830985916,10.328638497652582,26.291079812206576,63.38028169014085,46.948356807511736,16.431924882629108
E00162479,144,42,18,24,102,81,21,29.166666666666668,12.5,16.666666666666664,70.83333333333334,56.25,14.583333333333334
E00162480,223,71,29,42,152,122,30,31.838565022421523,13.004484304932735,18.83408071748879,68.16143497757847,54.7085201793722,13.452914798206278
E00162481,108,41,19,22,67,39,28,37.96296296296296,17.59259259259259,20.37037037037037,62.03703703703704,36.11111111111111,25.925925925925924
E00162482,195,61,21,40,134,107,27,31.28205128205128,10.76923076923077,20.51282051282051,68.71794871794872,54.871794871794876,13.846153846153847
E00162483,174,53,18,35,121,98,23,30.45977011494253,10.344827586206897,20.114942528735632,69.54022988505747,56.32183908045977,13.218390804597702
E00162484,152,51,17,34,101,83,18,33.55263157894737,11.18421052631579,22.36842105263158,66.44736842105263,54.60526315789473,11.842105263157894
E00162486,86,29,7,22,57,46,11,33.72093023255814,8.13953488372093,25.581395348837212,66.27906976744185,53.48837209302325,12.790697674418606
E00162487,86,30,9,21,56,56,0,34.883720930232556,10.465116279069768,24.418604651162788,65.11627906976744,65.11627906976744,0
E00162488,155,43,16,27,112,101,11,27.741935483870968,10.32258064516129,17.419354838709676,72.25806451612902,65.16129032258064,7.096774193548387
E00162489,164,40,16,24,124,109,15,24.390243902439025,9.75609756097561,14.634146341463413,75.60975609756098,66.46341463414635,9.146341463414634
E00162490,164,46,18,28,118,98,20,28.04878048780488,10.975609756097562,17.073170731707318,71.95121951219512,59.756097560975604,12.195121951219512
E00162491,171,44,14,30,127,111,16,25.730994152046783,8.187134502923977,17.543859649122805,74.26900584795322,64.91228070175438,9.35672514619883
E00162492,142,38,11,27,104,90,14,26.76056338028169,7.746478873239436,19.014084507042252,73.23943661971832,63.38028169014085,9.859154929577464
E00162493,135,39,13,26,96,80,16,28.888888888888886,9.62962962962963,19.25925925925926,71.11111111111111,59.25925925925925,11.851851851851853
E00162494,159,31,9,22,128,105,23,19.49685534591195,5.660377358490567,13.836477987421384,80.50314465408806,66.0377358490566,14.465408805031446
E00162495,129,36,11,25,93,80,13,27.906976744186046,8.527131782945736,19.379844961240313,72.09302325581395,62.01550387596899,10.077519379844961
E00162496,194,38,14,24,156,137,19,19.587628865979383,7.216494845360824,12.371134020618557,80.41237113402062,70.61855670103093,9.793814432989691
E00162497,118,25,8,17,93,79,14,21.1864406779661,6.779661016949152,14.40677966101695,78.8135593220339,66.94915254237289,11.864406779661017
E00162498,161,49,16,33,112,94,18,30.434782608695656,9.937888198757763,20.496894409937887,69.56521739130434,58.38509316770186,11.180124223602485
E00162499,137,56,16,40,81,73,8,40.87591240875913,11.678832116788321,29.1970802919708,59.12408759124088,53.284671532846716,5.839416058394161
E00162500,137,45,15,30,92,67,25,32.846715328467155,10.948905109489052,21.897810218978105,67.15328467153284,48.9051094890511,18.248175182481752
E00162501,138,35,17,18,103,89,14,25.36231884057971,12.318840579710146,13.043478260869565,74.63768115942028,64.4927536231884,10.144927536231885
E00162502,119,50,12,38,69,64,5,42.016806722689076,10.084033613445378,31.932773109243694,57.98319327731093,53.78151260504202,4.201680672268908
E00162503,129,42,10,32,87,82,5,32.55813953488372,7.751937984496124,24.8062015503876,67.44186046511628,63.565891472868216,3.875968992248062
E00162504,154,57,14,43,97,76,21,37.01298701298701,9.090909090909092,27.92207792207792,62.98701298701299,49.35064935064935,13.636363636363635
E00162505,127,39,12,27,88,76,12,30.708661417322837,9.448818897637794,21.25984251968504,69.29133858267717,59.84251968503938,9.448818897637794
E00162506,71,24,11,13,47,40,7,33.80281690140845,15.492957746478872,18.30985915492958,66.19718309859155,56.33802816901409,9.859154929577464
E00162508,166,56,24,32,110,96,14,33.734939759036145,14.457831325301203,19.27710843373494,66.26506024096386,57.831325301204814,8.433734939759036
E00162509,133,60,21,39,73,65,8,45.11278195488722,15.789473684210526,29.32330827067669,54.88721804511278,48.87218045112782,6.015037593984962
E00162510,139,40,19,21,99,72,27,28.776978417266186,13.66906474820144,15.107913669064748,71.22302158273382,51.798561151079134,19.424460431654676
E00162511,137,42,19,23,95,52,43,30.656934306569344,13.86861313868613,16.78832116788321,69.34306569343066,37.95620437956204,31.386861313868614
E00162512,148,59,31,28,89,70,19,39.86486486486486,20.945945945945947,18.91891891891892,60.13513513513513,47.2972972972973,12.837837837837837
E00162513,103,46,20,26,57,46,11,44.66019417475729,19.41747572815534,25.24271844660194,55.33980582524271,44.66019417475729,10.679611650485436
E00162514,127,36,21,15,91,70,21,28.346456692913385,16.535433070866144,11.811023622047244,71.65354330708661,55.118110236220474,16.535433070866144
E00162515,151,41,13,28,110,82,28,27.1523178807947,8.609271523178808,18.543046357615893,72.84768211920529,54.3046357615894,18.543046357615893
E00162516,146,49,25,24,97,70,27,33.56164383561644,17.123287671232877,16.43835616438356,66.43835616438356,47.94520547945205,18.493150684931507
E00162517,141,52,26,26,89,65,24,36.87943262411347,18.439716312056735,18.439716312056735,63.12056737588653,46.09929078014184,17.02127659574468
E00162518,73,18,8,10,55,39,16,24.65753424657534,10.95890410958904,13.698630136986301,75.34246575342466,53.42465753424658,21.91780821917808
E00162520,138,42,10,32,96,81,15,30.434782608695656,7.246376811594203,23.18840579710145,69.56521739130434,58.69565217391305,10.869565217391305
E00162521,148,45,19,26,103,71,32,30.405405405405407,12.837837837837837,17.56756756756757,69.5945945945946,47.97297297297297,21.62162162162162
E00162523,117,35,16,19,82,51,31,29.914529914529915,13.675213675213676,16.23931623931624,70.08547008547008,43.58974358974359,26.495726495726498
E00162524,139,56,27,29,83,68,15,40.28776978417266,19.424460431654676,20.863309352517987,59.71223021582733,48.92086330935252,10.79136690647482
E00162525,137,46,17,29,91,55,36,33.57664233576642,12.408759124087592,21.16788321167883,66.42335766423358,40.14598540145985,26.277372262773724
E00162526,155,46,18,28,109,82,27,29.677419354838708,11.612903225806452,18.064516129032256,70.3225806451613,52.903225806451616,17.419354838709676
E00162527,112,40,14,26,72,47,25,35.714285714285715,12.5,23.214285714285715,64.28571428571429,41.964285714285715,22.321428571428573
E00162528,114,47,21,26,67,43,24,41.228070175438596,18.421052631578945,22.807017543859647,58.77192982456141,37.719298245614034,21.052631578947366
E00162529,128,37,14,23,91,78,13,28.90625,10.9375,17.96875,71.09375,60.9375,10.15625
E00162530,123,21,7,14,102,85,17,17.073170731707318,5.691056910569105,11.38211382113821,82.92682926829268,69.10569105691057,13.821138211382115
E00162531,100,25,10,15,75,60,15,25,10,15,75,60,15
E00162532,171,52,24,28,119,95,24,30.409356725146196,14.035087719298245,16.374269005847953,69.5906432748538,55.55555555555556,14.035087719298245
E00162533,150,30,11,19,120,104,16,20,7.333333333333333,12.666666666666668,80,69.33333333333334,10.666666666666668
E00162534,120,37,16,21,83,71,12,30.833333333333336,13.333333333333334,17.5,69.16666666666667,59.166666666666664,10
E00162535,107,34,14,20,73,60,13,31.775700934579437,13.084112149532709,18.69158878504673,68.22429906542055,56.074766355140184,12.149532710280374
E00162536,97,41,16,25,56,43,13,42.2680412371134,16.49484536082474,25.773195876288657,57.73195876288659,44.329896907216494,13.402061855670103
E00162537,240,74,32,42,166,118,48,30.833333333333336,13.333333333333334,17.5,69.16666666666667,49.166666666666664,20
E00162538,192,52,21,31,140,87,53,27.083333333333332,10.9375,16.145833333333336,72.91666666666666,45.3125,27.604166666666668
E00162539,282,88,35,53,194,132,62,31.20567375886525,12.411347517730496,18.79432624113475,68.79432624113475,46.808510638297875,21.98581560283688
E00162540,118,29,14,15,89,57,32,24.576271186440678,11.864406779661017,12.711864406779661,75.42372881355932,48.30508474576271,27.11864406779661
E00162541,86,24,8,16,62,50,12,27.906976744186046,9.30232558139535,18.6046511627907,72.09302325581395,58.139534883720934,13.953488372093023
E00162542,264,79,27,52,185,153,32,29.924242424242426,10.227272727272728,19.696969696969695,70.07575757575758,57.95454545454546,12.121212121212121
E00162543,134,37,7,30,97,85,12,27.611940298507463,5.223880597014925,22.388059701492537,72.38805970149254,63.43283582089553,8.955223880597014
E00162544,124,45,18,27,79,65,14,36.29032258064516,14.516129032258066,21.774193548387096,63.70967741935484,52.41935483870967,11.29032258064516
E00162545,136,38,10,28,98,81,17,27.941176470588236,7.352941176470589,20.588235294117645,72.05882352941177,59.55882352941176,12.5
E00162546,103,36,14,22,67,54,13,34.95145631067961,13.592233009708737,21.35922330097087,65.0485436893204,52.42718446601942,12.62135922330097
E00162547,257,75,17,58,182,150,32,29.18287937743191,6.614785992217899,22.56809338521401,70.8171206225681,58.36575875486382,12.45136186770428
E00162548,139,43,16,27,96,75,21,30.935251798561154,11.510791366906476,19.424460431654676,69.06474820143885,53.956834532374096,15.107913669064748
E00162549,145,41,18,23,104,79,25,28.27586206896552,12.413793103448276,15.862068965517242,71.72413793103448,54.48275862068965,17.24137931034483
E00162550,114,37,18,19,77,74,3,32.45614035087719,15.789473684210526,16.666666666666664,67.54385964912281,64.91228070175438,2.631578947368421
E00162551,114,35,11,24,79,61,18,30.701754385964914,9.649122807017543,21.052631578947366,69.2982456140351,53.50877192982456,15.789473684210526
E00162552,146,62,21,41,84,74,10,42.465753424657535,14.383561643835616,28.08219178082192,57.534246575342465,50.68493150684932,6.8493150684931505
E00162553,136,49,20,29,87,61,26,36.029411764705884,14.705882352941178,21.323529411764707,63.970588235294116,44.85294117647059,19.11764705882353
E00162554,101,40,21,19,61,45,16,39.603960396039604,20.792079207920793,18.81188118811881,60.396039603960396,44.554455445544555,15.841584158415841
E00162555,160,59,23,36,101,75,26,36.875,14.374999999999998,22.5,63.125,46.875,16.25
E00162556,149,47,22,25,102,76,26,31.543624161073826,14.76510067114094,16.778523489932887,68.45637583892618,51.006711409395976,17.449664429530202
E00162557,172,61,20,41,111,80,31,35.46511627906977,11.627906976744185,23.837209302325583,64.53488372093024,46.51162790697674,18.023255813953487
E00162558,166,63,29,34,103,71,32,37.95180722891566,17.46987951807229,20.481927710843372,62.048192771084345,42.77108433734939,19.27710843373494
E00162559,171,53,18,35,118,86,32,30.994152046783626,10.526315789473683,20.46783625730994,69.00584795321637,50.29239766081871,18.71345029239766
E00162560,143,41,18,23,102,89,13,28.671328671328673,12.587412587412588,16.083916083916083,71.32867132867133,62.23776223776224,9.090909090909092
E00162561,148,48,12,36,100,87,13,32.432432432432435,8.108108108108109,24.324324324324326,67.56756756756756,58.78378378378378,8.783783783783784
E00162562,108,33,17,16,75,62,13,30.555555555555557,15.74074074074074,14.814814814814813,69.44444444444444,57.407407407407405,12.037037037037036
E00162563,111,40,13,27,71,55,16,36.03603603603604,11.711711711711711,24.324324324324326,63.96396396396396,49.549549549549546,14.414414414414415
E00162564,163,48,21,27,115,90,25,29.447852760736197,12.883435582822086,16.56441717791411,70.5521472392638,55.21472392638037,15.337423312883436
E00162565,170,52,22,30,118,84,34,30.58823529411765,12.941176470588237,17.647058823529413,69.41176470588235,49.411764705882355,20
E00162566,205,54,16,38,151,110,41,26.34146341463415,7.804878048780488,18.536585365853657,73.65853658536585,53.65853658536586,20
E00162567,189,59,23,36,130,93,37,31.216931216931215,12.16931216931217,19.047619047619047,68.78306878306879,49.2063492063492,19.576719576719576
E00162568,154,52,23,29,102,78,24,33.76623376623377,14.935064935064934,18.83116883116883,66.23376623376623,50.649350649350644,15.584415584415584
E00162569,170,51,22,29,119,86,33,30,12.941176470588237,17.058823529411764,70,50.588235294117645,19.411764705882355
E00162570,115,44,21,23,71,48,23,38.26086956521739,18.26086956521739,20,61.73913043478261,41.73913043478261,20
E00162571,237,77,35,42,160,110,50,32.48945147679325,14.767932489451477,17.72151898734177,67.51054852320675,46.41350210970464,21.09704641350211
E00162572,133,42,15,27,91,65,26,31.57894736842105,11.278195488721805,20.30075187969925,68.42105263157895,48.87218045112782,19.548872180451127
E00162573,120,52,19,33,68,50,18,43.333333333333336,15.833333333333332,27.500000000000004,56.666666666666664,41.66666666666667,15
E00162575,163,31,9,22,132,112,20,19.018404907975462,5.521472392638037,13.496932515337424,80.98159509202453,68.71165644171779,12.269938650306749
E00162578,129,40,11,29,89,81,8,31.007751937984494,8.527131782945736,22.48062015503876,68.9922480620155,62.7906976744186,6.2015503875969
E00162579,122,48,9,39,74,65,9,39.34426229508197,7.377049180327869,31.967213114754102,60.65573770491803,53.278688524590166,7.377049180327869
E00162580,199,74,24,50,125,97,28,37.185929648241206,12.060301507537687,25.125628140703515,62.8140703517588,48.743718592964825,14.07035175879397
E00162582,191,67,29,38,124,83,41,35.07853403141361,15.18324607329843,19.895287958115183,64.92146596858639,43.455497382198956,21.465968586387437
E00162583,146,46,22,24,100,68,32,31.506849315068493,15.068493150684931,16.43835616438356,68.4931506849315,46.57534246575342,21.91780821917808
E00162584,124,42,22,20,82,69,13,33.87096774193548,17.741935483870968,16.129032258064516,66.12903225806451,55.64516129032258,10.483870967741936
E00162585,127,47,16,31,80,69,11,37.00787401574803,12.598425196850393,24.409448818897637,62.99212598425197,54.330708661417326,8.661417322834646
E00162586,165,56,23,33,109,82,27,33.939393939393945,13.939393939393941,20,66.06060606060606,49.696969696969695,16.363636363636363
E00162587,210,77,37,40,133,88,45,36.666666666666664,17.61904761904762,19.047619047619047,63.33333333333333,41.904761904761905,21.428571428571427
E00162588,85,23,11,12,62,41,21,27.058823529411764,12.941176470588237,14.117647058823529,72.94117647058823,48.23529411764706,24.705882352941178
E00162589,184,57,30,27,127,98,29,30.978260869565215,16.304347826086957,14.673913043478262,69.02173913043478,53.2608695652174,15.760869565217392
E00162590,72,25,9,16,47,37,10,34.72222222222222,12.5,22.22222222222222,65.27777777777779,51.388888888888886,13.88888888888889
E00162591,131,45,15,30,86,56,30,34.35114503816794,11.450381679389313,22.900763358778626,65.64885496183206,42.74809160305343,22.900763358778626
E00162592,165,53,25,28,112,74,38,32.121212121212125,15.151515151515152,16.969696969696972,67.87878787878789,44.84848484848485,23.03030303030303
E00162593,134,44,25,19,90,70,20,32.83582089552239,18.65671641791045,14.17910447761194,67.16417910447761,52.23880597014925,14.925373134328357
E00162595,165,34,8,26,131,115,16,20.606060606060606,4.848484848484849,15.757575757575756,79.39393939393939,69.6969696969697,9.696969696969697
E00162596,182,51,15,36,131,114,17,28.021978021978022,8.241758241758241,19.78021978021978,71.97802197802197,62.637362637362635,9.340659340659341
E00162600,220,56,15,41,164,144,20,25.454545454545453,6.8181818181818175,18.636363636363637,74.54545454545455,65.45454545454545,9.090909090909092
E00162601,156,32,5,27,124,97,27,20.51282051282051,3.205128205128205,17.307692307692307,79.48717948717949,62.17948717948718,17.307692307692307
E00162602,233,48,15,33,185,158,27,20.600858369098713,6.437768240343347,14.163090128755366,79.39914163090128,67.81115879828327,11.587982832618025
E00162603,219,66,16,50,153,115,38,30.136986301369863,7.30593607305936,22.831050228310502,69.86301369863014,52.51141552511416,17.35159817351598
E00162604,140,36,5,31,104,85,19,25.71428571428571,3.571428571428571,22.142857142857142,74.28571428571429,60.71428571428571,13.571428571428571
E00162605,177,27,15,12,150,129,21,15.254237288135593,8.47457627118644,6.779661016949152,84.7457627118644,72.88135593220339,11.864406779661017
E00162606,246,51,8,43,195,180,15,20.73170731707317,3.2520325203252036,17.479674796747968,79.26829268292683,73.17073170731707,6.097560975609756
E00162607,173,44,13,31,129,104,25,25.43352601156069,7.514450867052023,17.91907514450867,74.56647398843931,60.115606936416185,14.450867052023122
E00162608,351,66,22,44,285,261,24,18.803418803418804,6.267806267806268,12.535612535612536,81.19658119658119,74.35897435897436,6.837606837606838
E00162610,185,51,9,42,134,103,31,27.56756756756757,4.864864864864865,22.702702702702705,72.43243243243244,55.67567567567567,16.756756756756758
E00162611,287,66,19,47,221,191,30,22.99651567944251,6.620209059233449,16.376306620209057,77.00348432055749,66.55052264808361,10.452961672473867
E00162614,84,31,10,21,53,32,21,36.904761904761905,11.904761904761903,25,63.095238095238095,38.095238095238095,25
E00162615,192,58,20,38,134,97,37,30.208333333333332,10.416666666666668,19.791666666666664,69.79166666666666,50.520833333333336,19.270833333333336
E00162616,54,18,5,13,36,26,10,33.33333333333333,9.25925925925926,24.074074074074073,66.66666666666666,48.148148148148145,18.51851851851852
E00162617,282,35,10,25,247,191,56,12.411347517730496,3.546099290780142,8.865248226950355,87.58865248226951,67.73049645390071,19.858156028368796
E00162618,136,39,13,26,97,77,20,28.676470588235293,9.558823529411764,19.11764705882353,71.32352941176471,56.61764705882353,14.705882352941178
E00162619,106,43,14,29,63,46,17,40.56603773584906,13.20754716981132,27.358490566037734,59.43396226415094,43.39622641509434,16.037735849056602
E00162620,91,28,14,14,63,54,9,30.76923076923077,15.384615384615385,15.384615384615385,69.23076923076923,59.34065934065934,9.89010989010989
E00162621,66,17,9,8,49,33,16,25.757575757575758,13.636363636363635,12.121212121212121,74.24242424242425,50,24.242424242424242
E00162622,147,44,16,28,103,83,20,29.931972789115648,10.884353741496598,19.047619047619047,70.06802721088435,56.4625850340136,13.60544217687075
E00162623,110,39,12,27,71,51,20,35.45454545454545,10.909090909090908,24.545454545454547,64.54545454545455,46.36363636363636,18.181818181818183
E00162624,75,22,7,15,53,37,16,29.333333333333332,9.333333333333334,20,70.66666666666667,49.333333333333336,21.333333333333336
E00162625,115,39,8,31,76,66,10,33.91304347826087,6.956521739130435,26.956521739130434,66.08695652173913,57.391304347826086,8.695652173913043
E00162626,138,35,12,23,103,72,31,25.36231884057971,8.695652173913043,16.666666666666664,74.63768115942028,52.17391304347826,22.463768115942027
E00162627,95,33,19,14,62,42,20,34.73684210526316,20,14.736842105263156,65.26315789473685,44.21052631578947,21.052631578947366
E00162628,167,53,22,31,114,87,27,31.736526946107784,13.17365269461078,18.562874251497004,68.26347305389223,52.09580838323353,16.16766467065868
E00162629,112,35,12,23,77,58,19,31.25,10.714285714285714,20.535714285714285,68.75,51.78571428571429,16.964285714285715
E00162630,154,44,18,26,110,87,23,28.57142857142857,11.688311688311687,16.883116883116884,71.42857142857143,56.493506493506494,14.935064935064934
E00162631,120,42,15,27,78,58,20,35,12.5,22.5,65,48.333333333333336,16.666666666666664
E00162632,182,67,33,34,115,87,28,36.81318681318682,18.13186813186813,18.681318681318682,63.18681318681318,47.8021978021978,15.384615384615385
E00162633,77,23,8,15,54,44,10,29.87012987012987,10.38961038961039,19.480519480519483,70.12987012987013,57.14285714285714,12.987012987012985
E00162634,110,37,19,18,73,55,18,33.63636363636363,17.272727272727273,16.363636363636363,66.36363636363637,50,16.363636363636363
E00162635,174,53,24,29,121,98,23,30.45977011494253,13.793103448275861,16.666666666666664,69.54022988505747,56.32183908045977,13.218390804597702
E00162636,156,56,22,34,100,88,12,35.8974358974359,14.102564102564102,21.794871794871796,64.1025641025641,56.41025641025641,7.6923076923076925
E00162637,158,54,29,25,104,81,23,34.177215189873415,18.354430379746837,15.822784810126583,65.82278481012658,51.26582278481012,14.556962025316455
E00162638,156,66,26,40,90,77,13,42.30769230769231,16.666666666666664,25.64102564102564,57.692307692307686,49.358974358974365,8.333333333333332
E00162639,153,53,24,29,100,77,23,34.64052287581699,15.686274509803921,18.954248366013072,65.359477124183,50.326797385620914,15.032679738562091
E00162640,224,81,32,49,143,103,40,36.160714285714285,14.285714285714285,21.875,63.83928571428571,45.982142857142854,17.857142857142858
E00162641,163,46,21,25,117,93,24,28.22085889570552,12.883435582822086,15.337423312883436,71.77914110429448,57.05521472392638,14.723926380368098
E00162642,195,58,27,31,137,103,34,29.743589743589745,13.846153846153847,15.897435897435896,70.25641025641025,52.820512820512825,17.435897435897434
E00162643,186,54,18,36,132,99,33,29.03225806451613,9.67741935483871,19.35483870967742,70.96774193548387,53.2258064516129,17.741935483870968
E00162644,140,54,27,27,86,62,24,38.57142857142858,19.28571428571429,19.28571428571429,61.42857142857143,44.285714285714285,17.142857142857142
E00162645,120,38,16,22,82,63,19,31.666666666666664,13.333333333333334,18.333333333333332,68.33333333333333,52.5,15.833333333333332
E00162646,210,69,27,42,141,104,37,32.857142857142854,12.857142857142856,20,67.14285714285714,49.523809523809526,17.61904761904762
E00162647,120,28,6,22,92,72,20,23.333333333333332,5,18.333333333333332,76.66666666666667,60,16.666666666666664
E00162648,173,59,21,38,114,82,32,34.104046242774565,12.138728323699421,21.965317919075144,65.89595375722543,47.398843930635834,18.497109826589593
E00162649,130,47,22,25,83,67,16,36.15384615384615,16.923076923076923,19.230769230769234,63.84615384615384,51.53846153846153,12.307692307692308
E00162650,124,44,22,22,80,62,18,35.483870967741936,17.741935483870968,17.741935483870968,64.51612903225806,50,14.516129032258066
E00162651,155,50,18,32,105,80,25,32.25806451612903,11.612903225806452,20.64516129032258,67.74193548387096,51.61290322580645,16.129032258064516
E00162652,144,42,18,24,102,70,32,29.166666666666668,12.5,16.666666666666664,70.83333333333334,48.61111111111111,22.22222222222222
E00162653,130,46,18,28,84,55,29,35.38461538461539,13.846153846153847,21.53846153846154,64.61538461538461,42.30769230769231,22.30769230769231
E00162654,148,37,10,27,111,96,15,25,6.756756756756757,18.243243243243242,75,64.86486486486487,10.135135135135135
E00162655,192,48,24,24,144,112,32,25,12.5,12.5,75,58.333333333333336,16.666666666666664
E00162656,199,46,21,25,153,138,15,23.115577889447238,10.552763819095476,12.562814070351758,76.88442211055276,69.34673366834171,7.537688442211055
E00162657,145,60,26,34,85,67,18,41.37931034482759,17.93103448275862,23.448275862068964,58.620689655172406,46.206896551724135,12.413793103448276
E00162658,126,49,22,27,77,61,16,38.88888888888889,17.46031746031746,21.428571428571427,61.111111111111114,48.41269841269841,12.698412698412698
E00162659,172,63,24,39,109,94,15,36.627906976744185,13.953488372093023,22.674418604651162,63.372093023255815,54.65116279069767,8.720930232558139
E00162660,154,61,21,40,93,69,24,39.61038961038961,13.636363636363635,25.97402597402597,60.3896103896104,44.8051948051948,15.584415584415584
E00162661,134,44,13,31,90,75,15,32.83582089552239,9.701492537313433,23.134328358208954,67.16417910447761,55.970149253731336,11.194029850746269
E00162663,61,17,10,7,44,37,7,27.86885245901639,16.39344262295082,11.475409836065573,72.1311475409836,60.65573770491803,11.475409836065573
E00162664,142,45,19,26,97,68,29,31.690140845070424,13.380281690140844,18.30985915492958,68.30985915492957,47.88732394366197,20.422535211267608
E00162665,121,30,13,17,91,65,26,24.793388429752067,10.743801652892563,14.049586776859504,75.20661157024794,53.71900826446281,21.487603305785125
E00162666,175,58,27,31,117,82,35,33.14285714285714,15.428571428571427,17.71428571428571,66.85714285714286,46.85714285714286,20
E00162667,111,32,10,22,79,60,19,28.82882882882883,9.00900900900901,19.81981981981982,71.17117117117117,54.054054054054056,17.117117117117118
E00162668,93,33,17,16,60,50,10,35.483870967741936,18.27956989247312,17.20430107526882,64.51612903225806,53.76344086021505,10.75268817204301
E00162669,92,34,19,15,58,41,17,36.95652173913043,20.652173913043477,16.304347826086957,63.04347826086957,44.565217391304344,18.478260869565215
E00162670,170,54,16,38,116,94,22,31.76470588235294,9.411764705882353,22.35294117647059,68.23529411764706,55.294117647058826,12.941176470588237
E00162672,218,65,30,35,153,119,34,29.81651376146789,13.761467889908257,16.055045871559635,70.18348623853211,54.58715596330275,15.59633027522936
E00162673,219,77,30,47,142,106,36,35.15981735159817,13.698630136986301,21.461187214611872,64.84018264840182,48.401826484018265,16.43835616438356
E00162674,91,22,8,14,69,53,16,24.175824175824175,8.791208791208792,15.384615384615385,75.82417582417582,58.24175824175825,17.582417582417584
E00162675,172,48,14,34,124,107,17,27.906976744186046,8.13953488372093,19.767441860465116,72.09302325581395,62.2093023255814,9.883720930232558
E00162676,232,82,36,46,150,99,51,35.3448275862069,15.517241379310345,19.82758620689655,64.65517241379311,42.672413793103445,21.982758620689655
E00162677,191,51,19,32,140,112,28,26.701570680628272,9.947643979057592,16.75392670157068,73.29842931937172,58.63874345549738,14.659685863874344
E00162678,138,51,23,28,87,62,25,36.95652173913043,16.666666666666664,20.28985507246377,63.04347826086957,44.927536231884055,18.115942028985508
E00162679,219,77,36,41,142,99,43,35.15981735159817,16.43835616438356,18.72146118721461,64.84018264840182,45.20547945205479,19.63470319634703
E00162680,58,21,9,12,37,29,8,36.206896551724135,15.517241379310345,20.689655172413794,63.793103448275865,50,13.793103448275861
E00162681,93,30,13,17,63,46,17,32.25806451612903,13.978494623655912,18.27956989247312,67.74193548387096,49.46236559139785,18.27956989247312
E00162682,112,35,13,22,77,60,17,31.25,11.607142857142858,19.642857142857142,68.75,53.57142857142857,15.178571428571427
E00162683,229,75,34,41,154,126,28,32.751091703056765,14.847161572052403,17.903930131004365,67.24890829694323,55.021834061135365,12.22707423580786
E00162684,148,42,18,24,106,70,36,28.37837837837838,12.162162162162163,16.216216216216218,71.62162162162163,47.2972972972973,24.324324324324326
E00162685,199,64,35,29,135,104,31,32.1608040201005,17.587939698492463,14.572864321608039,67.8391959798995,52.26130653266332,15.577889447236181
E00162686,168,45,16,29,123,102,21,26.785714285714285,9.523809523809524,17.261904761904763,73.21428571428571,60.71428571428571,12.5
E00162688,194,54,14,40,140,123,17,27.835051546391753,7.216494845360824,20.618556701030926,72.16494845360825,63.4020618556701,8.762886597938143
E00162689,194,60,21,39,134,118,16,30.927835051546392,10.824742268041238,20.103092783505154,69.0721649484536,60.824742268041234,8.24742268041237
E00162690,88,32,13,19,56,50,6,36.36363636363637,14.772727272727273,21.59090909090909,63.63636363636363,56.81818181818182,6.8181818181818175
E00162691,255,71,19,52,184,168,16,27.84313725490196,7.450980392156863,20.392156862745097,72.15686274509804,65.88235294117646,6.2745098039215685
E00162692,190,48,14,34,142,121,21,25.263157894736842,7.368421052631578,17.894736842105264,74.73684210526315,63.68421052631579,11.052631578947368
E00162693,108,23,11,12,85,74,11,21.296296296296298,10.185185185185185,11.11111111111111,78.70370370370371,68.51851851851852,10.185185185185185
E00162694,145,44,13,31,101,90,11,30.344827586206897,8.96551724137931,21.379310344827587,69.6551724137931,62.06896551724138,7.586206896551724
E00162695,140,47,16,31,93,77,16,33.57142857142857,11.428571428571429,22.142857142857142,66.42857142857143,55.00000000000001,11.428571428571429
E00162696,159,36,15,21,123,109,14,22.641509433962266,9.433962264150944,13.20754716981132,77.35849056603774,68.55345911949685,8.80503144654088
E00162697,115,31,11,20,84,65,19,26.956521739130434,9.565217391304348,17.391304347826086,73.04347826086956,56.52173913043478,16.52173913043478
E00162699,178,59,23,36,119,94,25,33.146067415730336,12.921348314606742,20.224719101123593,66.85393258426966,52.80898876404494,14.04494382022472
E00162701,109,23,8,15,86,73,13,21.100917431192663,7.339449541284404,13.761467889908257,78.89908256880734,66.97247706422019,11.926605504587156
E00162704,226,59,21,38,167,147,20,26.10619469026549,9.29203539823009,16.8141592920354,73.89380530973452,65.04424778761062,8.849557522123893
E00162705,206,52,16,36,154,130,24,25.24271844660194,7.766990291262135,17.475728155339805,74.75728155339806,63.10679611650486,11.650485436893204
E00162706,137,41,20,21,96,85,11,29.927007299270077,14.5985401459854,15.328467153284672,70.07299270072993,62.04379562043796,8.02919708029197
E00162708,147,39,13,26,108,95,13,26.53061224489796,8.843537414965986,17.687074829931973,73.46938775510205,64.62585034013605,8.843537414965986
E00162709,62,16,6,10,46,41,5,25.806451612903224,9.67741935483871,16.129032258064516,74.19354838709677,66.12903225806451,8.064516129032258
E00162710,101,41,13,28,60,55,5,40.5940594059406,12.871287128712872,27.722772277227726,59.4059405940594,54.45544554455446,4.9504950495049505
E00162711,45,15,8,7,30,20,10,33.33333333333333,17.77777777777778,15.555555555555555,66.66666666666666,44.44444444444444,22.22222222222222
E00162712,153,54,18,36,99,84,15,35.294117647058826,11.76470588235294,23.52941176470588,64.70588235294117,54.90196078431373,9.803921568627452
E00162713,108,35,11,24,73,59,14,32.407407407407405,10.185185185185185,22.22222222222222,67.5925925925926,54.629629629629626,12.962962962962962
E00162714,137,35,15,20,102,92,10,25.547445255474454,10.948905109489052,14.5985401459854,74.45255474452554,67.15328467153284,7.2992700729927
E00162715,145,38,14,24,107,89,18,26.20689655172414,9.655172413793103,16.551724137931036,73.79310344827587,61.37931034482759,12.413793103448276
E00162716,147,48,22,26,99,83,16,32.6530612244898,14.965986394557824,17.687074829931973,67.3469387755102,56.4625850340136,10.884353741496598
E00162717,120,37,14,23,83,63,20,30.833333333333336,11.666666666666666,19.166666666666668,69.16666666666667,52.5,16.666666666666664
E00162718,189,55,22,33,134,108,26,29.100529100529098,11.64021164021164,17.46031746031746,70.8994708994709,57.14285714285714,13.756613756613756
E00162719,143,44,15,29,99,81,18,30.76923076923077,10.48951048951049,20.27972027972028,69.23076923076923,56.64335664335665,12.587412587412588
E00162721,129,39,10,29,90,82,8,30.23255813953488,7.751937984496124,22.48062015503876,69.76744186046511,63.565891472868216,6.2015503875969
E00162723,105,39,12,27,66,58,8,37.142857142857146,11.428571428571429,25.71428571428571,62.857142857142854,55.23809523809524,7.6190476190476195
E00162724,162,45,15,30,117,100,17,27.77777777777778,9.25925925925926,18.51851851851852,72.22222222222221,61.72839506172839,10.493827160493826
E00162725,127,49,20,29,78,72,6,38.582677165354326,15.748031496062993,22.83464566929134,61.417322834645674,56.69291338582677,4.724409448818897
E00162726,134,47,17,30,87,74,13,35.07462686567165,12.686567164179104,22.388059701492537,64.92537313432835,55.223880597014926,9.701492537313433
E00162727,237,74,20,54,163,139,24,31.223628691983123,8.438818565400844,22.78481012658228,68.77637130801688,58.64978902953587,10.126582278481013
E00162728,188,51,15,36,137,112,25,27.127659574468083,7.9787234042553195,19.148936170212767,72.87234042553192,59.57446808510638,13.297872340425531
E00162729,174,58,14,44,116,104,12,33.33333333333333,8.045977011494253,25.287356321839084,66.66666666666666,59.77011494252874,6.896551724137931
E00162730,149,45,15,30,104,88,16,30.201342281879196,10.06711409395973,20.13422818791946,69.79865771812081,59.06040268456376,10.738255033557047
E00162731,203,72,29,43,131,114,17,35.467980295566505,14.285714285714285,21.182266009852217,64.5320197044335,56.15763546798029,8.374384236453201
E00162734,117,39,22,17,78,61,17,33.33333333333333,18.803418803418804,14.529914529914532,66.66666666666666,52.13675213675214,14.529914529914532
E00162735,206,73,38,35,133,103,30,35.43689320388349,18.446601941747574,16.990291262135923,64.56310679611651,50,14.563106796116504
E00162736,191,53,16,37,138,117,21,27.748691099476442,8.37696335078534,19.3717277486911,72.25130890052355,61.25654450261781,10.99476439790576
E00162737,187,46,10,36,141,125,16,24.598930481283425,5.347593582887701,19.25133689839572,75.40106951871658,66.84491978609626,8.55614973262032
E00162738,156,45,19,26,111,90,21,28.846153846153843,12.179487179487179,16.666666666666664,71.15384615384616,57.692307692307686,13.461538461538462
E00162739,187,47,15,32,140,126,14,25.13368983957219,8.0213903743315509,17.11229946524064,74.8663101604278,67.37967914438502,7.4866310160427805
E00162740,191,51,18,33,140,115,25,26.701570680628272,9.424083769633508,17.277486910994764,73.29842931937172,60.20942408376963,13.089005235602095
E00162741,254,71,23,48,183,157,26,27.95275590551181,9.05511811023622,18.89763779527559,72.04724409448819,61.811023622047244,10.236220472440944
E00162742,175,51,16,35,124,102,22,29.142857142857142,9.142857142857142,20,70.85714285714285,58.285714285714285,12.571428571428573
E00162743,184,50,13,37,134,116,18,27.173913043478258,7.065217391304348,20.108695652173914,72.82608695652173,63.04347826086957,9.782608695652174
E00162744,179,46,15,31,133,116,17,25.69832402234637,8.379888268156424,17.318435754189945,74.30167597765363,64.80446927374301,9.497206703910614
E00162745,204,65,25,40,139,121,18,31.862745098039213,12.254901960784313,19.607843137254903,68.13725490196079,59.31372549019608,8.823529411764707
E00162746,160,44,21,23,116,101,15,27.500000000000004,13.125,14.374999999999998,72.5,63.125,9.375
E00162747,157,32,9,23,125,113,12,20.382165605095544,5.7324840764331215,14.64968152866242,79.61783439490446,71.97452229299363,7.643312101910828
E00162748,173,52,22,30,121,105,16,30.057803468208093,12.716763005780345,17.341040462427745,69.94219653179191,60.69364161849711,9.248554913294797
E00162749,205,61,26,35,144,123,21,29.756097560975608,12.682926829268293,17.073170731707318,70.24390243902438,60,10.24390243902439
E00162750,196,59,24,35,137,119,18,30.102040816326532,12.244897959183673,17.857142857142858,69.89795918367348,60.71428571428571,9.183673469387756
E00162751,187,54,24,30,133,114,19,28.87700534759358,12.834224598930483,16.042780748663102,71.12299465240642,60.962566844919785,10.16042780748663
E00162752,168,52,17,35,116,102,14,30.952380952380953,10.119047619047619,20.833333333333336,69.04761904761905,60.71428571428571,8.333333333333332
E00162753,136,42,19,23,94,77,17,30.88235294117647,13.970588235294118,16.911764705882355,69.11764705882352,56.61764705882353,12.5
E00162754,179,53,20,33,126,115,11,29.608938547486037,11.1731843575419,18.435754189944134,70.39106145251397,64.24581005586593,6.145251396648044
E00162756,156,49,9,40,107,90,17,31.41025641025641,5.769230769230769,25.64102564102564,68.58974358974359,57.692307692307686,10.897435897435898
E00162757,183,57,23,34,126,109,17,31.147540983606557,12.568306010928962,18.579234972677597,68.85245901639344,59.56284153005464,9.289617486338798
E00162758,135,44,12,32,91,81,10,32.592592592592595,8.88888888888889,23.703703703703706,67.4074074074074,60,7.4074074074074066
E00162759,138,37,13,24,101,84,17,26.811594202898554,9.420289855072465,17.391304347826086,73.18840579710145,60.86956521739131,12.318840579710146
E00162760,296,82,30,52,214,189,25,27.7027027027027,10.135135135135135,17.56756756756757,72.2972972972973,63.85135135135135,8.445945945945946
E00162761,142,41,15,26,101,90,11,28.87323943661972,10.56338028169014,18.30985915492958,71.12676056338029,63.38028169014085,7.746478873239436
E00162762,115,32,13,19,83,73,10,27.82608695652174,11.304347826086957,16.52173913043478,72.17391304347827,63.47826086956522,8.695652173913043
E00162763,187,57,22,35,130,124,6,30.481283422459892,11.76470588235294,18.71657754010695,69.5187165775401,66.31016042780749,3.2085561497326207
E00162764,205,56,17,39,149,119,30,27.31707317073171,8.292682926829269,19.024390243902438,72.6829268292683,58.048780487804876,14.634146341463413
E00162765,171,45,12,33,126,109,17,26.31578947368421,7.017543859649122,19.298245614035086,73.68421052631578,63.74269005847953,9.941520467836257
E00162766,277,71,24,47,206,179,27,25.63176895306859,8.664259927797833,16.967509025270758,74.36823104693141,64.62093862815884,9.747292418772563
E00162767,120,44,14,30,76,67,9,36.666666666666664,11.666666666666666,25,63.33333333333333,55.833333333333336,7.5
E00162768,158,44,15,29,114,102,12,27.848101265822784,9.49367088607595,18.354430379746837,72.15189873417721,64.55696202531645,7.59493670886076
E00162769,82,20,6,14,62,56,6,24.390243902439025,7.317073170731707,17.073170731707318,75.60975609756098,68.29268292682927,7.317073170731707
E00162770,159,45,9,36,114,96,18,28.30188679245283,5.660377358490567,22.641509433962266,71.69811320754717,60.37735849056604,11.320754716981133
E00162771,133,36,11,25,97,84,13,27.06766917293233,8.270676691729323,18.796992481203006,72.93233082706767,63.1578947368421,9.774436090225564
E00162773,204,43,13,30,161,141,20,21.07843137254902,6.372549019607843,14.705882352941178,78.92156862745098,69.11764705882352,9.803921568627452
E00162775,170,58,19,39,112,96,16,34.11764705882353,11.176470588235295,22.941176470588236,65.88235294117646,56.470588235294116,9.411764705882353
E00162776,179,58,22,36,121,103,18,32.402234636871505,12.290502793296088,20.11173184357542,67.59776536312849,57.54189944134078,10.05586592178771
E00162777,117,44,14,30,73,66,7,37.60683760683761,11.965811965811966,25.64102564102564,62.39316239316239,56.41025641025641,5.982905982905983
E00162778,123,36,10,26,87,74,13,29.268292682926827,8.130081300813007,21.138211382113823,70.73170731707317,60.16260162601627,10.569105691056912
E00162779,135,40,11,29,95,81,14,29.629629629629626,8.148148148148149,21.48148148148148,70.37037037037037,60,10.37037037037037
E00162780,162,48,14,34,114,99,15,29.629629629629626,8.641975308641975,20.98765432098765,70.37037037037037,61.111111111111114,9.25925925925926
E00162781,159,62,23,39,97,90,7,38.9937106918239,14.465408805031446,24.528301886792452,61.0062893081761,56.60377358490566,4.40251572327044
E00162782,281,73,33,40,208,186,22,25.97864768683274,11.743772241992882,14.23487544483986,74.02135231316726,66.19217081850533,7.829181494661921
E00162783,133,30,11,19,103,95,8,22.55639097744361,8.270676691729323,14.285714285714285,77.44360902255639,71.42857142857143,6.015037593984962
E00162784,153,31,8,23,122,109,13,20.26143790849673,5.228758169934641,15.032679738562091,79.73856209150327,71.24183006535948,8.49673202614379
E00162785,143,57,18,39,86,73,13,39.86013986013986,12.587412587412588,27.27272727272727,60.13986013986013,51.048951048951054,9.090909090909092
E00162786,165,52,17,35,113,95,18,31.515151515151512,10.303030303030303,21.21212121212121,68.48484848484848,57.57575757575758,10.909090909090908
E00162788,104,34,10,24,70,61,9,32.69230769230769,9.615384615384617,23.076923076923077,67.3076923076923,58.65384615384615,8.653846153846153
E00162789,152,52,14,38,100,89,11,34.21052631578947,9.210526315789473,25,65.78947368421053,58.55263157894737,7.236842105263158
E00162790,175,53,16,37,122,110,12,30.28571428571429,9.142857142857142,21.142857142857142,69.71428571428572,62.857142857142854,6.857142857142858
E00162791,151,48,16,32,103,87,16,31.788079470198678,10.596026490066226,21.192052980132452,68.21192052980133,57.615894039735096,10.596026490066226
E00162792,162,45,13,32,117,100,17,27.77777777777778,8.024691358024691,19.753086419753085,72.22222222222221,61.72839506172839,10.493827160493826
E00162793,156,61,15,46,95,80,15,39.1025641025641,9.615384615384617,29.48717948717949,60.89743589743589,51.28205128205128,9.615384615384617
E00162794,77,15,5,10,62,56,6,19.480519480519483,6.493506493506493,12.987012987012985,80.51948051948052,72.72727272727273,7.792207792207792
E00162795,133,48,15,33,85,78,7,36.09022556390977,11.278195488721805,24.81203007518797,63.90977443609023,58.64661654135338,5.263157894736842
E00162796,115,34,8,26,81,72,9,29.565217391304348,6.956521739130435,22.608695652173914,70.43478260869566,62.60869565217392,7.82608695652174
E00162797,84,18,7,11,66,52,14,21.428571428571427,8.333333333333332,13.095238095238097,78.57142857142857,61.904761904761905,16.666666666666664
E00162798,127,40,10,30,87,78,9,31.496062992125985,7.874015748031496,23.62204724409449,68.50393700787401,61.417322834645674,7.086614173228346
E00162800,183,53,12,41,130,114,16,28.96174863387978,6.557377049180328,22.404371584699454,71.03825136612022,62.295081967213115,8.743169398907105
E00162801,250,70,34,36,180,144,36,28.000000000000004,13.600000000000001,14.399999999999999,72,57.599999999999994,14.399999999999999
E00162802,205,69,24,45,136,125,11,33.65853658536586,11.707317073170733,21.951219512195124,66.34146341463415,60.97560975609756,5.365853658536586
E00162803,152,53,24,29,99,80,19,34.868421052631575,15.789473684210526,19.078947368421055,65.13157894736842,52.63157894736842,12.5
E00162804,218,70,24,46,148,130,18,32.11009174311927,11.009174311926607,21.100917431192663,67.88990825688074,59.63302752293578,8.256880733944955
E00162805,177,55,14,41,122,108,14,31.07344632768362,7.909604519774012,23.163841807909606,68.92655367231639,61.016949152542374,7.909604519774012
E00162806,168,46,17,29,122,102,20,27.380952380952383,10.119047619047619,17.261904761904763,72.61904761904762,60.71428571428571,11.904761904761903
E00162807,154,45,13,32,109,95,14,29.22077922077922,8.441558441558442,20.77922077922078,70.77922077922078,61.68831168831169,9.090909090909092
E00162808,170,46,14,32,124,107,17,27.058823529411764,8.235294117647058,18.823529411764707,72.94117647058823,62.94117647058823,10
E00162809,135,25,10,15,110,89,21,18.51851851851852,7.4074074074074066,11.11111111111111,81.48148148148148,65.92592592592592,15.555555555555555
E00162810,240,77,20,57,163,149,14,32.083333333333336,8.333333333333332,23.75,67.91666666666667,62.083333333333336,5.833333333333333
E00162811,193,40,14,26,153,139,14,20.72538860103627,7.253886010362693,13.471502590673575,79.27461139896373,72.02072538860104,7.253886010362693
E00162813,158,45,10,35,113,98,15,28.48101265822785,6.329113924050633,22.151898734177212,71.51898734177216,62.0253164556962,9.49367088607595
E00162814,244,70,30,40,174,154,20,28.688524590163933,12.295081967213115,16.39344262295082,71.31147540983606,63.114754098360656,8.19672131147541
E00162815,143,41,16,25,102,89,13,28.671328671328673,11.188811188811188,17.482517482517483,71.32867132867133,62.23776223776224,9.090909090909092
E00162816,160,51,14,37,109,87,22,31.874999999999996,8.75,23.125,68.125,54.37499999999999,13.750000000000002
E00162817,201,54,17,37,147,133,14,26.865671641791046,8.45771144278607,18.407960199004975,73.13432835820896,66.16915422885572,6.965174129353234
E00162818,150,52,22,30,98,83,15,34.66666666666667,14.666666666666666,20,65.33333333333333,55.333333333333336,10
E00162819,174,44,9,35,130,117,13,25.287356321839084,5.172413793103448,20.114942528735632,74.71264367816092,67.24137931034483,7.471264367816093
E00162820,161,28,12,16,133,115,18,17.391304347826086,7.453416149068323,9.937888198757763,82.6086956521739,71.42857142857143,11.180124223602485
E00162821,140,43,18,25,97,87,10,30.714285714285715,12.857142857142856,17.857142857142858,69.28571428571428,62.142857142857146,7.142857142857142
E00162822,144,41,15,26,103,95,8,28.47222222222222,10.416666666666668,18.055555555555554,71.52777777777779,65.97222222222221,5.555555555555555
E00162823,173,62,25,37,111,97,14,35.83815028901734,14.450867052023122,21.38728323699422,64.16184971098265,56.06936416184971,8.092485549132949
E00162824,199,62,21,41,137,120,17,31.155778894472363,10.552763819095476,20.603015075376884,68.84422110552764,60.30150753768844,8.542713567839195
E00162825,115,30,14,16,85,75,10,26.08695652173913,12.173913043478262,13.91304347826087,73.91304347826086,65.21739130434783,8.695652173913043
E00162826,279,78,22,56,201,182,19,27.956989247311824,7.885304659498208,20.07168458781362,72.04301075268818,65.23297491039428,6.810035842293908
E00162827,123,34,10,24,89,81,8,27.64227642276423,8.130081300813007,19.51219512195122,72.35772357723577,65.85365853658537,6.504065040650407
E00162828,109,42,12,30,67,60,7,38.53211009174312,11.009174311926607,27.522935779816514,61.46788990825688,55.04587155963303,6.422018348623854
E00162829,127,41,7,34,86,73,13,32.28346456692913,5.511811023622047,26.77165354330709,67.71653543307087,57.48031496062992,10.236220472440944
E00162830,155,40,12,28,115,104,11,25.806451612903224,7.741935483870968,18.064516129032256,74.19354838709677,67.0967741935484,7.096774193548387
E00162831,175,59,19,40,116,104,12,33.714285714285715,10.857142857142858,22.857142857142858,66.28571428571428,59.42857142857143,6.857142857142858
E00162832,162,49,15,34,113,103,10,30.246913580246915,9.25925925925926,20.98765432098765,69.75308641975309,63.580246913580254,6.172839506172839
E00162833,168,49,11,38,119,106,13,29.166666666666668,6.547619047619048,22.61904761904762,70.83333333333334,63.095238095238095,7.738095238095238
E00162834,156,53,14,39,103,94,9,33.97435897435898,8.974358974358974,25,66.02564102564102,60.256410256410255,5.769230769230769
E00162835,74,24,9,15,50,42,8,32.432432432432435,12.162162162162163,20.27027027027027,67.56756756756756,56.75675675675676,10.81081081081081
E00162836,109,32,5,27,77,73,4,29.357798165137616,4.587155963302752,24.770642201834864,70.64220183486239,66.97247706422019,3.669724770642202
E00162837,112,34,6,28,78,72,6,30.357142857142854,5.357142857142857,25,69.64285714285714,64.28571428571429,5.357142857142857
E00162838,155,47,19,28,108,94,14,30.32258064516129,12.258064516129032,18.064516129032256,69.6774193548387,60.64516129032258,9.032258064516128
E00162839,160,51,16,35,109,90,19,31.874999999999996,10,21.875,68.125,56.25,11.875
E00162840,145,42,15,27,103,93,10,28.965517241379313,10.344827586206897,18.620689655172416,71.03448275862068,64.13793103448275,6.896551724137931
E00162841,88,25,10,15,63,50,13,28.40909090909091,11.363636363636363,17.045454545454543,71.5909090909091,56.81818181818182,14.772727272727273
E00162842,151,56,19,37,95,80,15,37.086092715231786,12.582781456953644,24.503311258278146,62.913907284768214,52.980132450331126,9.933774834437086
E00162843,203,52,16,36,151,120,31,25.615763546798032,7.8817733990147785,17.733990147783253,74.38423645320196,59.11330049261084,15.270935960591133
E00162844,146,43,16,27,103,86,17,29.45205479452055,10.95890410958904,18.493150684931507,70.54794520547945,58.9041095890411,11.643835616438356
E00162846,134,51,20,31,83,74,9,38.059701492537314,14.925373134328357,23.134328358208954,61.940298507462686,55.223880597014926,6.7164179104477615
E00162847,163,66,27,39,97,72,25,40.49079754601227,16.56441717791411,23.92638036809816,59.50920245398773,44.171779141104295,15.337423312883436
E00162848,137,50,21,29,87,75,12,36.496350364963504,15.328467153284672,21.16788321167883,63.503649635036496,54.74452554744526,8.75912408759124
E00162849,139,37,18,19,102,83,19,26.618705035971225,12.949640287769784,13.66906474820144,73.38129496402878,59.71223021582733,13.66906474820144
E00162850,173,58,26,32,115,80,35,33.52601156069364,15.028901734104046,18.497109826589593,66.47398843930635,46.24277456647399,20.23121387283237
E00162851,153,55,29,26,98,81,17,35.947712418300654,18.954248366013072,16.99346405228758,64.05228758169935,52.94117647058824,11.11111111111111
E00162853,67,24,9,15,43,36,7,35.82089552238806,13.432835820895523,22.388059701492537,64.17910447761194,53.73134328358209,10.44776119402985
E00162854,140,57,16,41,83,71,12,40.714285714285715,11.428571428571429,29.28571428571429,59.285714285714285,50.71428571428571,8.571428571428571
E00162855,132,35,9,26,97,85,12,26.515151515151516,6.8181818181818175,19.696969696969695,73.48484848484848,64.39393939393939,9.090909090909092
E00162856,102,42,11,31,60,50,10,41.17647058823529,10.784313725490197,30.392156862745097,58.82352941176471,49.01960784313725,9.803921568627452
E00162857,146,55,21,34,91,81,10,37.67123287671233,14.383561643835616,23.28767123287671,62.328767123287676,55.47945205479452,6.8493150684931505
E00162858,144,52,25,27,92,76,16,36.11111111111111,17.36111111111111,18.75,63.888888888888886,52.77777777777778,11.11111111111111
E00162859,103,34,16,18,69,56,13,33.00970873786408,15.53398058252427,17.475728155339805,66.99029126213593,54.36893203883495,12.62135922330097
E00162860,144,47,14,33,97,85,12,32.63888888888889,9.722222222222223,22.916666666666664,67.36111111111111,59.02777777777778,8.333333333333332
E00162861,143,29,9,20,114,98,16,20.27972027972028,6.293706293706294,13.986013986013987,79.72027972027972,68.53146853146853,11.188811188811188
E00162862,138,55,18,37,83,68,15,39.85507246376812,13.043478260869565,26.811594202898554,60.14492753623188,49.275362318840585,10.869565217391305
E00162863,141,56,22,34,85,72,13,39.71631205673759,15.602836879432624,24.113475177304963,60.28368794326241,51.06382978723404,9.219858156028367
E00162864,157,45,18,27,112,98,14,28.662420382165603,11.464968152866243,17.197452229299362,71.3375796178344,62.42038216560509,8.9171974522293
E00162865,267,75,22,53,192,168,24,28.08988764044944,8.239700374531834,19.850187265917604,71.91011235955057,62.92134831460674,8.98876404494382
E00162866,98,27,11,16,71,58,13,27.55102040816326,11.224489795918368,16.3265306122449,72.44897959183673,59.183673469387756,13.26530612244898
E00162867,103,38,12,26,65,57,8,36.89320388349515,11.650485436893204,25.24271844660194,63.10679611650486,55.33980582524271,7.766990291262135
E00162868,184,62,26,36,122,101,21,33.69565217391305,14.130434782608695,19.565217391304348,66.30434782608695,54.891304347826086,11.41304347826087
E00162869,153,53,13,40,100,84,16,34.64052287581699,8.49673202614379,26.143790849673206,65.359477124183,54.90196078431373,10.457516339869281
E00162870,161,44,16,28,117,94,23,27.32919254658385,9.937888198757763,17.391304347826086,72.67080745341616,58.38509316770186,14.285714285714285
E00162871,144,41,15,26,103,84,19,28.47222222222222,10.416666666666668,18.055555555555554,71.52777777777779,58.333333333333336,13.194444444444445
E00162872,114,33,13,20,81,72,9,28.947368421052634,11.403508771929824,17.543859649122805,71.05263157894737,63.1578947368421,7.894736842105263
E00162873,141,38,14,24,103,77,26,26.95035460992908,9.929078014184398,17.02127659574468,73.04964539007092,54.60992907801418,18.439716312056735
E00162874,122,37,13,24,85,74,11,30.327868852459016,10.655737704918032,19.672131147540984,69.67213114754098,60.65573770491803,9.01639344262295
E00162875,154,36,11,25,118,100,18,23.376623376623375,7.142857142857142,16.233766233766232,76.62337662337663,64.93506493506493,11.688311688311687
E00162876,124,36,16,20,88,79,9,29.03225806451613,12.903225806451612,16.129032258064516,70.96774193548387,63.70967741935484,7.258064516129033
E00162877,62,20,5,15,42,38,4,32.25806451612903,8.064516129032258,24.193548387096776,67.74193548387096,61.29032258064516,6.451612903225806
E00162878,124,43,22,21,81,59,22,34.67741935483871,17.741935483870968,16.93548387096774,65.32258064516128,47.58064516129033,17.741935483870968
E00162879,139,47,17,30,92,83,9,33.81294964028777,12.23021582733813,21.58273381294964,66.18705035971223,59.71223021582733,6.474820143884892
E00162880,183,49,19,30,134,121,13,26.775956284153008,10.382513661202186,16.39344262295082,73.224043715847,66.12021857923497,7.103825136612022
E00162881,176,55,19,36,121,106,15,31.25,10.795454545454545,20.454545454545457,68.75,60.22727272727273,8.522727272727272
E00162882,294,84,33,51,210,163,47,28.57142857142857,11.224489795918368,17.346938775510203,71.42857142857143,55.44217687074829,15.98639455782313
E00162883,109,39,22,17,70,57,13,35.77981651376147,20.18348623853211,15.59633027522936,64.22018348623854,52.293577981651374,11.926605504587156
E00162884,219,56,14,42,163,131,32,25.570776255707763,6.392694063926941,19.17808219178082,74.42922374429224,59.817351598173516,14.61187214611872
E00162886,109,30,16,14,79,52,27,27.522935779816514,14.678899082568808,12.844036697247708,72.47706422018348,47.706422018348626,24.770642201834864
E00162887,154,48,18,30,106,88,18,31.16883116883117,11.688311688311687,19.480519480519483,68.83116883116884,57.14285714285714,11.688311688311687
E00162888,47,12,7,5,35,27,8,25.53191489361702,14.893617021276595,10.638297872340425,74.46808510638297,57.446808510638306,17.02127659574468
E00162889,118,38,19,19,80,59,21,32.20338983050847,16.101694915254235,16.101694915254235,67.79661016949152,50,17.796610169491526
E00162890,195,66,28,38,129,95,34,33.84615384615385,14.358974358974358,19.48717948717949,66.15384615384615,48.717948717948715,17.435897435897434
E00162891,142,54,17,37,88,76,12,38.028169014084504,11.971830985915492,26.056338028169012,61.97183098591549,53.52112676056338,8.450704225352112
E00162892,114,34,21,13,80,68,12,29.82456140350877,18.421052631578945,11.403508771929824,70.17543859649122,59.64912280701754,10.526315789473683
E00162893,259,90,30,60,169,129,40,34.74903474903475,11.583011583011583,23.166023166023166,65.25096525096525,49.80694980694981,15.444015444015443
E00162894,177,64,32,32,113,81,32,36.15819209039548,18.07909604519774,18.07909604519774,63.84180790960452,45.76271186440678,18.07909604519774
E00162895,292,87,33,54,205,156,49,29.794520547945208,11.301369863013697,18.493150684931507,70.2054794520548,53.42465753424658,16.78082191780822
E00162896,175,54,22,32,121,102,19,30.857142857142854,12.571428571428573,18.285714285714285,69.14285714285714,58.285714285714285,10.857142857142858
E00162897,153,45,18,27,108,75,33,29.411764705882355,11.76470588235294,17.647058823529413,70.58823529411765,49.01960784313725,21.568627450980394
E00162898,159,45,20,25,114,92,22,28.30188679245283,12.578616352201259,15.723270440251572,71.69811320754717,57.861635220125784,13.836477987421384
E00162899,87,26,7,19,61,51,10,29.88505747126437,8.045977011494253,21.839080459770116,70.11494252873564,58.620689655172406,11.494252873563218
E00162900,112,39,16,23,73,46,27,34.82142857142857,14.285714285714285,20.535714285714285,65.17857142857143,41.07142857142857,24.107142857142858
E00162901,166,45,16,29,121,85,36,27.10843373493976,9.63855421686747,17.46987951807229,72.89156626506023,51.204819277108435,21.686746987951807
E00162902,172,57,21,36,115,100,15,33.13953488372093,12.209302325581394,20.930232558139537,66.86046511627907,58.139534883720934,8.720930232558139
E00162903,234,99,36,63,135,101,34,42.30769230769231,15.384615384615385,26.923076923076923,57.692307692307686,43.162393162393165,14.529914529914532
E00162904,160,55,17,38,105,85,20,34.375,10.625,23.75,65.625,53.125,12.5
E00162905,128,45,22,23,83,62,21,35.15625,17.1875,17.96875,64.84375,48.4375,16.40625
E00162906,163,49,17,32,114,83,31,30.061349693251532,10.429447852760736,19.631901840490798,69.93865030674846,50.920245398773,19.018404907975462
E00162907,257,51,17,34,206,177,29,19.844357976653697,6.614785992217899,13.229571984435799,80.1556420233463,68.8715953307393,11.284046692607005
E00162908,255,88,27,61,167,132,35,34.509803921568626,10.588235294117647,23.92156862745098,65.49019607843137,51.76470588235295,13.725490196078432
E00162909,202,68,27,41,134,105,29,33.663366336633665,13.366336633663368,20.2970297029703,66.33663366336634,51.98019801980198,14.356435643564355
E00162910,155,48,19,29,107,80,27,30.967741935483872,12.258064516129032,18.70967741935484,69.03225806451613,51.61290322580645,17.419354838709676
E00162911,162,55,19,36,107,82,25,33.95061728395062,11.728395061728394,22.22222222222222,66.0493827160494,50.617283950617285,15.432098765432098
E00162912,217,66,23,43,151,116,35,30.414746543778804,10.599078341013826,19.81566820276498,69.5852534562212,53.45622119815668,16.129032258064516
E00162913,131,40,16,24,91,71,20,30.53435114503817,12.213740458015266,18.3206106870229,69.46564885496184,54.19847328244275,15.267175572519085
E00162915,133,32,12,20,101,83,18,24.06015037593985,9.022556390977442,15.037593984962406,75.93984962406014,62.40601503759399,13.533834586466165
E00162916,129,37,11,26,92,75,17,28.68217054263566,8.527131782945736,20.155038759689923,71.31782945736434,58.139534883720934,13.178294573643413
E00162917,123,31,16,15,92,77,15,25.203252032520325,13.008130081300814,12.195121951219512,74.79674796747967,62.601626016260155,12.195121951219512
E00162918,211,56,19,37,155,141,14,26.540284360189574,9.004739336492891,17.535545023696685,73.45971563981043,66.82464454976304,6.6350710900473935
E00162919,181,42,15,27,139,120,19,23.204419889502763,8.287292817679557,14.917127071823206,76.79558011049724,66.29834254143645,10.497237569060774
E00162920,124,34,11,23,90,79,11,27.419354838709676,8.870967741935484,18.548387096774192,72.58064516129032,63.70967741935484,8.870967741935484
E00162921,121,39,14,25,82,61,21,32.231404958677686,11.570247933884298,20.66115702479339,67.76859504132231,50.413223140495866,17.355371900826448
E00162922,218,45,10,35,173,139,34,20.642201834862387,4.587155963302752,16.055045871559635,79.35779816513761,63.76146788990825,15.59633027522936
E00162923,153,25,4,21,128,112,16,16.33986928104575,2.6143790849673203,13.725490196078432,83.66013071895425,73.20261437908496,10.457516339869281
E00162924,159,43,14,29,116,85,31,27.044025157232703,8.80503144654088,18.238993710691823,72.95597484276729,53.459119496855344,19.49685534591195
E00162926,158,33,7,26,125,113,12,20.88607594936709,4.430379746835443,16.455696202531644,79.11392405063292,71.51898734177216,7.59493670886076
E00162927,26,9,5,4,17,12,5,34.61538461538461,19.230769230769234,15.384615384615385,65.38461538461539,46.15384615384615,19.230769230769234
E00162928,116,35,18,17,81,61,20,30.17241379310345,15.517241379310345,14.655172413793101,69.82758620689656,52.58620689655172,17.24137931034483
E00162929,96,37,16,21,59,42,17,38.54166666666667,16.666666666666664,21.875,61.458333333333336,43.75,17.708333333333336
E00162930,161,46,17,29,115,98,17,28.57142857142857,10.559006211180124,18.012422360248447,71.42857142857143,60.86956521739131,10.559006211180124
E00162931,142,51,15,36,91,80,11,35.91549295774648,10.56338028169014,25.352112676056336,64.08450704225352,56.33802816901409,7.746478873239436
E00162932,174,68,26,42,106,96,10,39.08045977011494,14.942528735632186,24.137931034482758,60.91954022988506,55.172413793103445,5.747126436781609
E00162933,162,59,20,39,103,87,16,36.41975308641975,12.345679012345679,24.074074074074073,63.580246913580254,53.70370370370371,9.876543209876543
E00162934,92,29,13,16,63,57,6,31.521739130434785,14.130434782608695,17.391304347826086,68.47826086956522,61.95652173913043,6.521739130434782
E00162935,161,41,14,27,120,96,24,25.465838509316768,8.695652173913043,16.77018633540373,74.53416149068323,59.62732919254658,14.906832298136646
E00162936,159,42,19,23,117,101,16,26.41509433962264,11.949685534591195,14.465408805031446,73.58490566037736,63.52201257861635,10.062893081761008
E00162938,199,58,27,31,141,118,23,29.145728643216078,13.5678391959799,15.577889447236181,70.85427135678391,59.2964824120603,11.557788944723619
E00162939,107,28,8,20,79,74,5,26.168224299065418,7.476635514018691,18.69158878504673,73.83177570093457,69.1588785046729,4.672897196261682
E00162940,204,49,17,32,155,145,10,24.019607843137255,8.333333333333332,15.686274509803921,75.98039215686273,71.07843137254902,4.901960784313726
E00162941,240,67,24,43,173,151,22,27.916666666666668,10,17.916666666666668,72.08333333333333,62.916666666666664,9.166666666666666
E00162942,171,65,28,37,106,89,17,38.01169590643275,16.374269005847953,21.637426900584796,61.98830409356725,52.046783625730995,9.941520467836257
E00162943,169,46,18,28,123,99,24,27.218934911242602,10.650887573964498,16.56804733727811,72.7810650887574,58.57988165680473,14.201183431952662
E00162944,223,71,19,52,152,132,20,31.838565022421523,8.520179372197308,23.318385650224215,68.16143497757847,59.19282511210763,8.968609865470851
E00162945,156,60,31,29,96,77,19,38.46153846153847,19.871794871794872,18.58974358974359,61.53846153846154,49.358974358974365,12.179487179487179
E00162946,156,46,25,21,110,80,30,29.48717948717949,16.025641025641026,13.461538461538462,70.51282051282051,51.28205128205128,19.230769230769234
E00162947,127,34,23,11,93,69,24,26.77165354330709,18.11023622047244,8.661417322834646,73.22834645669292,54.330708661417326,18.89763779527559
E00162948,139,37,17,20,102,72,30,26.618705035971225,12.23021582733813,14.388489208633093,73.38129496402878,51.798561151079134,21.58273381294964
E00162949,230,87,40,47,143,110,33,37.826086956521735,17.391304347826086,20.434782608695652,62.17391304347826,47.82608695652174,14.347826086956522
E00162950,207,63,24,39,144,99,45,30.434782608695656,11.594202898550725,18.84057971014493,69.56521739130434,47.82608695652174,21.73913043478261
E00162951,238,73,30,43,165,135,30,30.672268907563026,12.605042016806722,18.067226890756302,69.32773109243698,56.72268907563025,12.605042016806722
E00162952,175,49,26,23,126,89,37,28.000000000000004,14.857142857142858,13.142857142857142,72,50.857142857142854,21.142857142857142
E00162953,206,62,15,47,144,127,17,30.097087378640776,7.281553398058252,22.815533980582526,69.90291262135922,61.6504854368932,8.25242718446602
E00162955,128,49,23,26,79,67,12,38.28125,17.96875,20.3125,61.71875,52.34375,9.375
E00162956,117,36,13,23,81,62,19,30.76923076923077,11.11111111111111,19.65811965811966,69.23076923076923,52.991452991452995,16.23931623931624
E00162957,177,55,16,39,122,105,17,31.07344632768362,9.03954802259887,22.033898305084744,68.92655367231639,59.32203389830508,9.6045197740113
E00162958,140,44,13,31,96,79,17,31.428571428571427,9.285714285714286,22.142857142857142,68.57142857142857,56.42857142857143,12.142857142857142
E00162959,92,25,11,14,67,58,9,27.173913043478258,11.956521739130435,15.217391304347828,72.82608695652173,63.04347826086957,9.782608695652174
E00162960,139,40,17,23,99,91,8,28.776978417266186,12.23021582733813,16.546762589928058,71.22302158273382,65.46762589928058,5.755395683453238
E00162961,136,42,12,30,94,77,17,30.88235294117647,8.823529411764707,22.058823529411764,69.11764705882352,56.61764705882353,12.5
E00162962,144,55,20,35,89,74,15,38.19444444444444,13.88888888888889,24.305555555555554,61.80555555555556,51.388888888888886,10.416666666666668
E00162963,126,35,7,28,91,79,12,27.77777777777778,5.555555555555555,22.22222222222222,72.22222222222221,62.698412698412696,9.523809523809524
E00162964,122,37,11,26,85,73,12,30.327868852459016,9.01639344262295,21.311475409836063,69.67213114754098,59.83606557377049,9.836065573770492
E00162965,177,44,13,31,133,119,14,24.858757062146893,7.344632768361582,17.51412429378531,75.14124293785311,67.2316384180791,7.909604519774012
E00162966,131,37,13,24,94,81,13,28.24427480916031,9.923664122137405,18.3206106870229,71.7557251908397,61.832061068702295,9.923664122137405
E00162967,140,49,16,33,91,77,14,35,11.428571428571429,23.57142857142857,65,55.00000000000001,10
E00162968,196,59,15,44,137,118,19,30.102040816326532,7.653061224489796,22.448979591836736,69.89795918367348,60.204081632653065,9.693877551020408
E00162970,190,63,16,47,127,105,22,33.1578947368421,8.421052631578947,24.736842105263158,66.84210526315789,55.26315789473685,11.578947368421053
E00162971,168,53,18,35,115,97,18,31.547619047619047,10.714285714285714,20.833333333333336,68.45238095238095,57.738095238095234,10.714285714285714
E00162972,134,42,15,27,92,77,15,31.343283582089555,11.194029850746269,20.149253731343283,68.65671641791045,57.46268656716418,11.194029850746269
E00162973,223,67,29,38,156,106,50,30.04484304932735,13.004484304932735,17.040358744394617,69.95515695067265,47.53363228699551,22.421524663677133
E00162974,136,39,13,26,97,73,24,28.676470588235293,9.558823529411764,19.11764705882353,71.32352941176471,53.67647058823529,17.647058823529413
E00162975,154,37,8,29,117,103,14,24.025974025974026,5.194805194805195,18.83116883116883,75.97402597402598,66.88311688311688,9.090909090909092
E00162976,112,28,13,15,84,64,20,25,11.607142857142858,13.392857142857142,75,57.14285714285714,17.857142857142858
E00162977,180,50,12,38,130,110,20,27.77777777777778,6.666666666666667,21.11111111111111,72.22222222222221,61.111111111111114,11.11111111111111
E00162978,214,65,27,38,149,125,24,30.373831775700932,12.616822429906541,17.75700934579439,69.62616822429906,58.41121495327103,11.214953271028037
E00162979,172,52,29,23,120,89,31,30.23255813953488,16.86046511627907,13.372093023255813,69.76744186046511,51.74418604651163,18.023255813953487
E00162980,133,35,12,23,98,71,27,26.31578947368421,9.022556390977442,17.293233082706767,73.68421052631578,53.383458646616546,20.30075187969925
E00162981,111,40,17,23,71,52,19,36.03603603603604,15.315315315315313,20.72072072072072,63.96396396396396,46.846846846846844,17.117117117117118
E00162982,189,38,11,27,151,124,27,20.105820105820104,5.82010582010582,14.285714285714285,79.8941798941799,65.60846560846561,14.285714285714285
E00162983,178,47,20,27,131,100,31,26.40449438202247,11.235955056179774,15.168539325842698,73.59550561797754,56.17977528089888,17.415730337078653
E00162984,181,40,14,26,141,100,41,22.099447513812155,7.734806629834254,14.3646408839779,77.90055248618785,55.24861878453039,22.65193370165746
E00162985,105,26,12,14,79,53,26,24.761904761904763,11.428571428571429,13.333333333333334,75.23809523809524,50.476190476190474,24.761904761904763
E00162986,158,54,22,32,104,79,25,34.177215189873415,13.924050632911392,20.253164556962027,65.82278481012658,50,15.822784810126583
E00162987,140,50,17,33,90,68,22,35.714285714285715,12.142857142857142,23.57142857142857,64.28571428571429,48.57142857142857,15.714285714285714
E00162988,82,28,16,12,54,44,10,34.146341463414636,19.51219512195122,14.634146341463413,65.85365853658537,53.65853658536586,12.195121951219512
E00162989,165,55,20,35,110,75,35,33.33333333333333,12.121212121212121,21.21212121212121,66.66666666666666,45.45454545454545,21.21212121212121
E00162990,167,51,20,31,116,83,33,30.538922155688624,11.976047904191617,18.562874251497004,69.46107784431138,49.700598802395206,19.760479041916167
E00162991,82,18,6,12,64,54,10,21.951219512195124,7.317073170731707,14.634146341463413,78.04878048780488,65.85365853658537,12.195121951219512
E00162993,148,50,24,26,98,66,32,33.78378378378378,16.216216216216218,17.56756756756757,66.21621621621621,44.5945945945946,21.62162162162162
E00162994,162,47,16,31,115,94,21,29.01234567901235,9.876543209876543,19.1358024691358,70.98765432098766,58.0246913580247,12.962962962962962
E00162995,99,28,14,14,71,46,25,28.28282828282828,14.14141414141414,14.14141414141414,71.71717171717171,46.464646464646464,25.252525252525253
E00162996,171,53,19,34,118,95,23,30.994152046783626,11.11111111111111,19.883040935672515,69.00584795321637,55.55555555555556,13.450292397660817
E00162997,170,62,22,40,108,87,21,36.470588235294116,12.941176470588237,23.52941176470588,63.52941176470588,51.17647058823529,12.352941176470589
E00162998,55,19,7,12,36,31,5,34.54545454545455,12.727272727272727,21.818181818181817,65.45454545454545,56.36363636363636,9.090909090909092
E00162999,122,42,21,21,80,66,14,34.42622950819672,17.21311475409836,17.21311475409836,65.57377049180327,54.09836065573771,11.475409836065573
E00163000,166,46,11,35,120,92,28,27.710843373493976,6.626506024096386,21.084337349397593,72.28915662650603,55.42168674698795,16.867469879518072
E00163001,130,38,14,24,92,73,19,29.230769230769234,10.76923076923077,18.461538461538463,70.76923076923077,56.15384615384615,14.615384615384617
E00163002,180,73,33,40,107,93,14,40.55555555555556,18.333333333333332,22.22222222222222,59.44444444444444,51.66666666666667,7.777777777777778
E00163003,198,56,21,35,142,118,24,28.28282828282828,10.606060606060606,17.67676767676768,71.71717171717171,59.59595959595959,12.121212121212121
E00163004,149,48,24,24,101,86,15,32.21476510067114,16.10738255033557,16.10738255033557,67.78523489932886,57.71812080536913,10.06711409395973
E00163005,177,46,12,34,131,111,20,25.98870056497175,6.779661016949152,19.2090395480226,74.01129943502825,62.71186440677966,11.299435028248588
E00163006,272,78,28,50,194,146,48,28.676470588235293,10.294117647058822,18.38235294117647,71.32352941176471,53.67647058823529,17.647058823529413
E00163007,168,45,13,32,123,101,22,26.785714285714285,7.738095238095238,19.047619047619047,73.21428571428571,60.11904761904761,13.095238095238097
E00163008,142,46,17,29,96,82,14,32.3943661971831,11.971830985915492,20.422535211267608,67.6056338028169,57.74647887323944,9.859154929577464
E00163009,178,47,13,34,131,117,14,26.40449438202247,7.303370786516854,19.101123595505616,73.59550561797754,65.73033707865169,7.865168539325842
E00163011,284,61,18,43,223,193,30,21.47887323943662,6.338028169014084,15.140845070422534,78.52112676056338,67.95774647887323,10.56338028169014
E00163012,152,46,14,32,106,101,5,30.263157894736842,9.210526315789473,21.052631578947366,69.73684210526315,66.44736842105263,3.289473684210526
E00163013,128,34,6,28,94,79,15,26.5625,4.6875,21.875,73.4375,61.71875,11.71875
E00163014,128,37,10,27,91,80,11,28.90625,7.8125,21.09375,71.09375,62.5,8.59375
E00163015,107,39,14,25,68,58,10,36.44859813084112,13.084112149532709,23.364485981308412,63.55140186915887,54.20560747663551,9.345794392523365
E00163016,146,42,13,29,104,84,20,28.767123287671232,8.904109589041095,19.863013698630137,71.23287671232876,57.534246575342465,13.698630136986301
E00163017,132,26,4,22,106,93,13,19.696969696969695,3.0303030303030303,16.666666666666664,80.3030303030303,70.45454545454545,9.848484848484848
E00163018,137,37,14,23,100,90,10,27.00729927007299,10.218978102189782,16.78832116788321,72.99270072992701,65.69343065693431,7.2992700729927
E00163019,167,56,22,34,111,102,9,33.532934131736525,13.17365269461078,20.359281437125748,66.46706586826348,61.07784431137725,5.389221556886228
E00163020,107,43,16,27,64,50,14,40.18691588785047,14.953271028037381,25.233644859813083,59.813084112149525,46.728971962616825,13.084112149532709
E00163021,119,40,10,30,79,72,7,33.61344537815126,8.403361344537815,25.210084033613445,66.38655462184873,60.50420168067227,5.88235294117647
E00163022,154,36,11,25,118,102,16,23.376623376623375,7.142857142857142,16.233766233766232,76.62337662337663,66.23376623376623,10.38961038961039
E00163023,130,40,11,29,90,81,9,30.76923076923077,8.461538461538462,22.30769230769231,69.23076923076923,62.30769230769231,6.923076923076923
E00163024,161,43,13,30,118,100,18,26.70807453416149,8.074534161490684,18.633540372670808,73.29192546583852,62.11180124223602,11.180124223602485
E00163025,160,42,19,23,118,97,21,26.25,11.875,14.374999999999998,73.75,60.62499999999999,13.125
E00163026,135,46,17,29,89,81,8,34.074074074074076,12.592592592592592,21.48148148148148,65.92592592592592,60,5.9259259259259265
E00163027,206,69,25,44,137,113,24,33.49514563106796,12.135922330097088,21.35922330097087,66.50485436893204,54.85436893203883,11.650485436893204
E00163028,120,39,15,24,81,64,17,32.5,12.5,20,67.5,53.333333333333336,14.166666666666666
E00163029,148,40,15,25,108,90,18,27.027027027027028,10.135135135135135,16.89189189189189,72.97297297297297,60.810810810810814,12.162162162162163
E00163030,115,35,11,24,80,64,16,30.434782608695656,9.565217391304348,20.869565217391305,69.56521739130434,55.65217391304348,13.91304347826087
E00163031,173,60,20,40,113,95,18,34.68208092485549,11.560693641618498,23.121387283236995,65.3179190751445,54.91329479768786,10.404624277456648
E00163033,125,26,2,24,99,87,12,20.8,1.6,19.2,79.2,69.6,9.6
E00163034,130,34,9,25,96,86,10,26.153846153846157,6.923076923076923,19.230769230769234,73.84615384615385,66.15384615384615,7.6923076923076925
E00163035,93,29,16,13,64,48,16,31.182795698924732,17.20430107526882,13.978494623655912,68.81720430107528,51.61290322580645,17.20430107526882
E00163036,73,21,8,13,52,40,12,28.767123287671232,10.95890410958904,17.80821917808219,71.23287671232876,54.794520547945204,16.43835616438356
E00163038,140,39,12,27,101,84,17,27.857142857142858,8.571428571428571,19.28571428571429,72.14285714285714,60,12.142857142857142
E00163040,232,63,18,45,169,148,21,27.155172413793103,7.758620689655173,19.396551724137932,72.84482758620689,63.793103448275865,9.051724137931034
E00163041,130,38,12,26,92,82,10,29.230769230769234,9.230769230769232,20,70.76923076923077,63.07692307692307,7.6923076923076925
E00163042,232,67,20,47,165,142,23,28.879310344827587,8.620689655172415,20.25862068965517,71.12068965517241,61.206896551724135,9.913793103448276
E00163043,157,53,16,37,104,96,8,33.75796178343949,10.191082802547772,23.56687898089172,66.2420382165605,61.146496815286625,5.095541401273886
E00163044,156,35,16,19,121,101,20,22.435897435897438,10.256410256410255,12.179487179487179,77.56410256410257,64.74358974358975,12.82051282051282
E00163045,228,68,24,44,160,129,31,29.82456140350877,10.526315789473683,19.298245614035086,70.17543859649122,56.57894736842105,13.596491228070176
E00163046,160,39,8,31,121,111,10,24.375,5,19.375,75.625,69.375,6.25
E00163047,140,45,22,23,95,75,20,32.142857142857146,15.714285714285714,16.428571428571427,67.85714285714286,53.57142857142857,14.285714285714285
E00163048,167,53,17,36,114,94,20,31.736526946107784,10.179640718562874,21.55688622754491,68.26347305389223,56.287425149700596,11.976047904191617
E00163049,107,24,12,12,83,71,12,22.429906542056074,11.214953271028037,11.214953271028037,77.57009345794393,66.35514018691589,11.214953271028037
E00163050,181,43,13,30,138,125,13,23.756906077348066,7.18232044198895,16.574585635359114,76.24309392265194,69.06077348066299,7.18232044198895
E00163051,134,36,12,24,98,83,15,26.865671641791046,8.955223880597014,17.91044776119403,73.13432835820896,61.940298507462686,11.194029850746269
E00163052,138,46,27,19,92,73,19,33.33333333333333,19.565217391304348,13.768115942028986,66.66666666666666,52.89855072463768,13.768115942028986
E00163053,117,40,17,23,77,67,10,34.18803418803419,14.529914529914532,19.65811965811966,65.8119658119658,57.26495726495726,8.547008547008547
E00163054,158,62,29,33,96,69,27,39.24050632911392,18.354430379746837,20.88607594936709,60.75949367088608,43.67088607594937,17.088607594936708
E00163055,125,47,25,22,78,59,19,37.6,20,17.599999999999998,62.4,47.199999999999996,15.2
E00163056,157,60,32,28,97,70,27,38.21656050955414,20.382165605095544,17.8343949044586,61.78343949044586,44.5859872611465,17.197452229299362
E00163057,97,34,20,14,63,43,20,35.051546391752574,20.618556701030926,14.432989690721648,64.94845360824742,44.329896907216494,20.618556701030926
E00163058,145,49,17,32,96,63,33,33.793103448275865,11.724137931034482,22.06896551724138,66.20689655172414,43.44827586206896,22.758620689655174
E00163059,172,53,24,29,119,96,23,30.813953488372093,13.953488372093023,16.86046511627907,69.18604651162791,55.81395348837209,13.372093023255813
E00163060,152,50,20,30,102,82,20,32.89473684210527,13.157894736842104,19.736842105263158,67.10526315789474,53.94736842105263,13.157894736842104
E00163061,183,65,36,29,118,92,26,35.51912568306011,19.672131147540984,15.846994535519126,64.48087431693989,50.27322404371585,14.207650273224044
E00163062,175,56,25,31,119,87,32,32,14.285714285714285,17.71428571428571,68,49.714285714285715,18.285714285714285
E00163063,211,77,38,39,134,98,36,36.492890995260666,18.009478672985782,18.48341232227488,63.507109004739334,46.44549763033176,17.061611374407583
E00163064,145,41,12,29,104,92,12,28.27586206896552,8.275862068965518,20,71.72413793103448,63.44827586206897,8.275862068965518
E00163065,287,67,22,45,220,187,33,23.34494773519164,7.665505226480835,15.6794425087108,76.65505226480836,65.1567944250871,11.498257839721255
E00163066,143,32,15,17,111,99,12,22.377622377622377,10.48951048951049,11.888111888111888,77.62237762237763,69.23076923076923,8.391608391608392
E00163067,167,44,10,34,123,112,11,26.34730538922156,5.9880239520958085,20.359281437125748,73.65269461077844,67.06586826347305,6.58682634730539
E00163068,186,49,13,36,137,121,16,26.344086021505376,6.989247311827956,19.35483870967742,73.65591397849462,65.05376344086021,8.60215053763441
E00163069,116,38,14,24,78,72,6,32.758620689655174,12.068965517241379,20.689655172413794,67.24137931034483,62.06896551724138,5.172413793103448
E00163071,68,26,9,17,42,32,10,38.23529411764706,13.23529411764706,25,61.76470588235294,47.05882352941176,14.705882352941178
E00163073,60,18,6,12,42,29,13,30,10,20,70,48.333333333333336,21.666666666666668
E00163074,158,33,13,20,125,110,15,20.88607594936709,8.227848101265822,12.658227848101266,79.11392405063292,69.62025316455697,9.49367088607595
E00163075,133,40,16,24,93,87,6,30.075187969924812,12.030075187969924,18.045112781954884,69.92481203007519,65.41353383458647,4.511278195488721
E00163076,93,25,9,16,68,58,10,26.881720430107524,9.67741935483871,17.20430107526882,73.11827956989248,62.365591397849464,10.75268817204301
E00163077,96,26,7,19,70,67,3,27.083333333333332,7.291666666666667,19.791666666666664,72.91666666666666,69.79166666666666,3.125
E00163078,141,48,16,32,93,87,6,34.04255319148936,11.347517730496454,22.69503546099291,65.95744680851064,61.702127659574465,4.25531914893617
E00163079,136,33,10,23,103,84,19,24.264705882352942,7.352941176470589,16.911764705882355,75.73529411764706,61.76470588235294,13.970588235294118
E00163080,157,44,9,35,113,104,9,28.02547770700637,5.7324840764331215,22.29299363057325,71.97452229299363,66.2420382165605,5.7324840764331215
E00163081,113,38,10,28,75,66,9,33.6283185840708,8.849557522123893,24.778761061946902,66.3716814159292,58.4070796460177,7.964601769911504
E00163082,155,33,11,22,122,97,25,21.29032258064516,7.096774193548387,14.193548387096774,78.70967741935485,62.58064516129033,16.129032258064516
E00163083,135,36,11,25,99,93,6,26.666666666666668,8.148148148148149,18.51851851851852,73.33333333333333,68.88888888888889,4.444444444444445
E00163084,188,51,18,33,137,119,18,27.127659574468083,9.574468085106384,17.5531914893617,72.87234042553192,63.297872340425535,9.574468085106384
E00163085,139,39,14,25,100,89,11,28.05755395683453,10.071942446043165,17.985611510791365,71.94244604316546,64.02877697841727,7.913669064748201
E00163086,133,36,10,26,97,84,13,27.06766917293233,7.518796992481203,19.548872180451127,72.93233082706767,63.1578947368421,9.774436090225564
E00163087,169,31,8,23,138,125,13,18.34319526627219,4.733727810650888,13.609467455621301,81.65680473372781,73.96449704142012,7.6923076923076925
E00163088,104,26,8,18,78,58,20,25,7.6923076923076925,17.307692307692307,75,55.769230769230774,19.230769230769234
E00163089,165,43,13,30,122,95,27,26.060606060606062,7.878787878787878,18.181818181818183,73.93939393939394,57.57575757575758,16.363636363636363
E00163090,136,41,11,30,95,89,6,30.14705882352941,8.088235294117647,22.058823529411764,69.85294117647058,65.44117647058823,4.411764705882353
E00163091,67,32,12,20,35,31,4,47.76119402985074,17.91044776119403,29.850746268656714,52.23880597014925,46.26865671641791,5.970149253731343
E00163092,232,66,18,48,166,139,27,28.448275862068968,7.758620689655173,20.689655172413794,71.55172413793103,59.91379310344828,11.637931034482758
E00163093,121,38,10,28,83,74,9,31.40495867768595,8.264462809917356,23.140495867768596,68.59504132231406,61.15702479338842,7.43801652892562
E00163094,175,36,11,25,139,127,12,20.57142857142857,6.2857142857142865,14.285714285714285,79.42857142857143,72.57142857142857,6.857142857142858
E00163095,116,26,6,20,90,80,10,22.413793103448278,5.172413793103448,17.24137931034483,77.58620689655173,68.96551724137932,8.620689655172415
E00163096,137,44,10,34,93,81,12,32.11678832116788,7.2992700729927,24.817518248175183,67.88321167883211,59.12408759124088,8.75912408759124
E00163097,114,38,12,26,76,67,9,33.33333333333333,10.526315789473683,22.807017543859647,66.66666666666666,58.77192982456141,7.894736842105263
E00163098,127,54,20,34,73,60,13,42.51968503937008,15.748031496062993,26.77165354330709,57.48031496062992,47.24409448818898,10.236220472440944
E00163099,119,40,12,28,79,74,5,33.61344537815126,10.084033613445378,23.52941176470588,66.38655462184873,62.18487394957983,4.201680672268908
E00163100,176,47,9,38,129,116,13,26.704545454545453,5.113636363636364,21.59090909090909,73.29545454545455,65.9090909090909,7.386363636363637
E00163101,147,60,30,30,87,81,6,40.816326530612244,20.408163265306122,20.408163265306122,59.183673469387756,55.10204081632652,4.081632653061225
E00163102,152,42,17,25,110,102,8,27.631578947368425,11.18421052631579,16.447368421052634,72.36842105263158,67.10526315789474,5.263157894736842
E00163105,178,49,20,29,129,116,13,27.52808988764045,11.235955056179774,16.292134831460675,72.47191011235955,65.1685393258427,7.303370786516854
E00163106,141,42,15,27,99,84,15,29.78723404255319,10.638297872340425,19.148936170212767,70.2127659574468,59.57446808510638,10.638297872340425
E00163107,146,56,20,36,90,78,12,38.35616438356164,13.698630136986301,24.65753424657534,61.64383561643836,53.42465753424658,8.21917808219178
E00163108,148,41,13,28,107,93,14,27.7027027027027,8.783783783783784,18.91891891891892,72.2972972972973,62.83783783783784,9.45945945945946
E00163109,123,37,11,26,86,76,10,30.081300813008134,8.94308943089431,21.138211382113823,69.91869918699187,61.78861788617886,8.130081300813007
E00163110,132,59,23,36,73,65,8,44.696969696969695,17.424242424242426,27.27272727272727,55.3030303030303,49.24242424242424,6.0606060606060606
E00163111,136,54,22,32,82,71,11,39.705882352941174,16.176470588235293,23.52941176470588,60.29411764705882,52.20588235294118,8.088235294117647
E00163112,137,42,10,32,95,77,18,30.656934306569344,7.2992700729927,23.357664233576642,69.34306569343066,56.20437956204379,13.138686131386862
E00163113,161,60,18,42,101,81,20,37.267080745341616,11.180124223602485,26.08695652173913,62.732919254658384,50.31055900621118,12.422360248447205
E00163114,149,44,8,36,105,89,16,29.53020134228188,5.369127516778524,24.161073825503358,70.46979865771812,59.73154362416108,10.738255033557047
E00163115,155,38,7,31,117,106,11,24.516129032258064,4.516129032258064,20,75.48387096774194,68.38709677419355,7.096774193548387
E00163116,119,37,7,30,82,75,7,31.092436974789916,5.88235294117647,25.210084033613445,68.90756302521008,63.02521008403361,5.88235294117647
E00163117,110,31,10,21,79,68,11,28.18181818181818,9.090909090909092,19.090909090909093,71.81818181818181,61.81818181818181,10
E00163118,116,38,11,27,78,67,11,32.758620689655174,9.482758620689655,23.275862068965516,67.24137931034483,57.758620689655174,9.482758620689655
E00163119,115,35,7,28,80,68,12,30.434782608695656,6.086956521739131,24.347826086956523,69.56521739130434,59.130434782608695,10.434782608695652
E00163120,126,37,10,27,89,75,14,29.365079365079367,7.936507936507936,21.428571428571427,70.63492063492063,59.523809523809526,11.11111111111111
E00163121,148,44,14,30,104,91,13,29.72972972972973,9.45945945945946,20.27027027027027,70.27027027027027,61.48648648648649,8.783783783783784
E00163122,188,54,12,42,134,110,24,28.723404255319153,6.382978723404255,22.340425531914892,71.27659574468085,58.51063829787234,12.76595744680851
E00163123,132,48,19,29,84,76,8,36.36363636363637,14.393939393939394,21.96969696969697,63.63636363636363,57.57575757575758,6.0606060606060606
E00163124,130,43,16,27,87,75,12,33.07692307692307,12.307692307692308,20.76923076923077,66.92307692307692,57.692307692307686,9.230769230769232
E00163125,182,53,17,36,129,100,29,29.120879120879124,9.340659340659341,19.78021978021978,70.87912087912088,54.94505494505495,15.934065934065933
E00163127,312,91,31,60,221,190,31,29.166666666666668,9.935897435897436,19.230769230769234,70.83333333333334,60.89743589743589,9.935897435897436
E00163130,153,41,11,30,112,101,11,26.797385620915033,7.18954248366013,19.607843137254903,73.20261437908496,66.01307189542483,7.18954248366013
E00163132,445,59,19,40,386,271,115,13.258426966292136,4.269662921348314,8.98876404494382,86.74157303370787,60.89887640449439,25.842696629213485
E00163133,148,43,14,29,105,91,14,29.054054054054053,9.45945945945946,19.594594594594593,70.94594594594594,61.48648648648649,9.45945945945946
E00163135,163,41,19,22,122,99,23,25.153374233128833,11.65644171779141,13.496932515337424,74.84662576687117,60.73619631901841,14.11042944785276
E00163136,207,40,11,29,167,144,23,19.32367149758454,5.314009661835748,14.009661835748794,80.67632850241546,69.56521739130434,11.11111111111111
E00163137,202,35,7,28,167,127,40,17.326732673267326,3.4653465346534658,13.861386138613863,82.67326732673267,62.87128712871287,19.801980198019802
E00163138,137,37,11,26,100,81,19,27.00729927007299,8.02919708029197,18.97810218978102,72.99270072992701,59.12408759124088,13.86861313868613
E00163142,79,24,12,12,55,41,14,30.37974683544304,15.18987341772152,15.18987341772152,69.62025316455697,51.89873417721519,17.72151898734177
E00163143,103,48,25,23,55,41,14,46.601941747572816,24.271844660194176,22.330097087378643,53.398058252427184,39.80582524271845,13.592233009708737
E00163144,92,43,21,22,49,38,11,46.73913043478261,22.82608695652174,23.91304347826087,53.2608695652174,41.30434782608695,11.956521739130435
E00163145,132,49,25,24,83,62,21,37.121212121212125,18.939393939393938,18.181818181818183,62.878787878787875,46.96969696969697,15.909090909090908
E00163146,196,69,34,35,127,92,35,35.204081632653065,17.346938775510203,17.857142857142858,64.79591836734694,46.93877551020408,17.857142857142858
E00163147,184,69,28,41,115,81,34,37.5,15.217391304347828,22.282608695652172,62.5,44.02173913043478,18.478260869565215
E00163148,134,60,26,34,74,56,18,44.776119402985074,19.402985074626866,25.37313432835821,55.223880597014926,41.7910447761194,13.432835820895523
E00163149,108,39,15,24,69,51,18,36.11111111111111,13.88888888888889,22.22222222222222,63.888888888888886,47.22222222222222,16.666666666666664
E00163150,185,61,21,40,124,70,54,32.972972972972975,11.351351351351353,21.62162162162162,67.02702702702703,37.83783783783784,29.18918918918919
E00163151,123,52,24,28,71,51,20,42.27642276422765,19.51219512195122,22.76422764227642,57.72357723577236,41.46341463414634,16.260162601626014
E00163152,60,20,14,6,40,30,10,33.33333333333333,23.333333333333332,10,66.66666666666666,50,16.666666666666664
E00163153,122,47,19,28,75,48,27,38.52459016393443,15.573770491803279,22.950819672131146,61.47540983606557,39.34426229508197,22.131147540983605
E00163154,125,41,14,27,84,60,24,32.800000000000004,11.200000000000001,21.6,67.2,48,19.2
E00163155,128,48,17,31,80,51,29,37.5,13.28125,24.21875,62.5,39.84375,22.65625
E00163156,121,45,16,29,76,62,14,37.1900826446281,13.223140495867769,23.96694214876033,62.8099173553719,51.2396694214876,11.570247933884298
E00163157,58,23,10,13,35,26,9,39.6551724137931,17.24137931034483,22.413793103448278,60.3448275862069,44.827586206896555,15.517241379310345
E00163158,123,39,12,27,84,64,20,31.70731707317073,9.75609756097561,21.951219512195124,68.29268292682927,52.03252032520326,16.260162601626014
E00163159,134,48,23,25,86,71,15,35.82089552238806,17.16417910447761,18.65671641791045,64.17910447761194,52.98507462686567,11.194029850746269
E00163160,274,84,30,54,190,139,51,30.656934306569344,10.948905109489052,19.708029197080293,69.34306569343066,50.72992700729927,18.613138686131386
E00163161,188,61,26,35,127,105,22,32.4468085106383,13.829787234042554,18.617021276595743,67.5531914893617,55.85106382978723,11.702127659574469
E00163162,178,55,24,31,123,85,38,30.89887640449438,13.48314606741573,17.415730337078653,69.10112359550563,47.752808988764045,21.34831460674157
E00163163,143,52,11,41,91,78,13,36.36363636363637,7.6923076923076925,28.671328671328673,63.63636363636363,54.54545454545454,9.090909090909092
E00163164,131,54,20,34,77,65,12,41.221374045801525,15.267175572519085,25.954198473282442,58.778625954198475,49.61832061068702,9.16030534351145
E00163165,118,31,13,18,87,76,11,26.27118644067797,11.016949152542372,15.254237288135593,73.72881355932203,64.40677966101694,9.322033898305085
E00163166,155,64,22,42,91,76,15,41.29032258064516,14.193548387096774,27.09677419354839,58.70967741935483,49.03225806451613,9.67741935483871
E00163167,147,42,18,24,105,83,22,28.57142857142857,12.244897959183673,16.3265306122449,71.42857142857143,56.4625850340136,14.965986394557824
E00163168,158,50,17,33,108,89,19,31.645569620253166,10.759493670886076,20.88607594936709,68.35443037974683,56.32911392405063,12.025316455696203
E00163169,155,56,23,33,99,84,15,36.12903225806451,14.838709677419354,21.29032258064516,63.87096774193548,54.19354838709678,9.67741935483871
E00163170,143,52,23,29,91,66,25,36.36363636363637,16.083916083916083,20.27972027972028,63.63636363636363,46.15384615384615,17.482517482517483
E00163171,167,64,24,40,103,88,15,38.32335329341318,14.37125748502994,23.952095808383234,61.67664670658682,52.69461077844312,8.982035928143713
E00163172,124,52,24,28,72,55,17,41.935483870967744,19.35483870967742,22.58064516129032,58.06451612903226,44.354838709677416,13.709677419354838
E00163173,139,60,23,37,79,63,16,43.16546762589928,16.546762589928058,26.618705035971225,56.83453237410072,45.32374100719424,11.510791366906476
E00163174,131,56,22,34,75,69,6,42.74809160305343,16.793893129770993,25.954198473282442,57.25190839694656,52.67175572519084,4.580152671755725
E00163175,134,53,25,28,81,63,18,39.55223880597015,18.65671641791045,20.8955223880597,60.447761194029844,47.01492537313433,13.432835820895523
E00163176,100,35,20,15,65,49,16,35,20,15,65,49,16
E00163177,144,36,11,25,108,98,10,25,7.638888888888889,17.36111111111111,75,68.05555555555556,6.944444444444445
E00163179,345,76,21,55,269,196,73,22.028985507246375,6.086956521739131,15.942028985507244,77.97101449275362,56.811594202898554,21.15942028985507
E00163180,133,30,10,20,103,86,17,22.55639097744361,7.518796992481203,15.037593984962406,77.44360902255639,64.66165413533834,12.781954887218044
E00163181,167,43,13,30,124,117,7,25.748502994011975,7.784431137724551,17.964071856287426,74.25149700598801,70.05988023952095,4.191616766467066
E00163183,142,39,17,22,103,96,7,27.464788732394368,11.971830985915492,15.492957746478872,72.53521126760563,67.6056338028169,4.929577464788732
E00163184,146,45,16,29,101,92,9,30.82191780821918,10.95890410958904,19.863013698630137,69.17808219178082,63.013698630136986,6.164383561643835
E00163185,242,57,14,43,185,157,28,23.553719008264462,5.785123966942149,17.768595041322314,76.44628099173553,64.87603305785123,11.570247933884298
E00163187,130,39,10,29,91,79,12,30,7.6923076923076925,22.30769230769231,70,60.76923076923077,9.230769230769232
E00163188,163,38,9,29,125,101,24,23.31288343558282,5.521472392638037,17.791411042944784,76.68711656441718,61.963190184049076,14.723926380368098
E00163190,168,41,12,29,127,115,12,24.404761904761905,7.142857142857142,17.261904761904763,75.59523809523809,68.45238095238095,7.142857142857142
E00163191,137,43,13,30,94,87,7,31.386861313868614,9.48905109489051,21.897810218978105,68.61313868613139,63.503649635036496,5.109489051094891
E00163192,185,48,19,29,137,117,20,25.945945945945947,10.27027027027027,15.675675675675677,74.05405405405405,63.24324324324324,10.81081081081081
E00163193,173,42,16,26,131,116,15,24.277456647398843,9.248554913294797,15.028901734104046,75.72254335260115,67.05202312138728,8.670520231213873
E00163194,147,36,14,22,111,95,16,24.489795918367346,9.523809523809524,14.965986394557824,75.51020408163265,64.62585034013605,10.884353741496598
E00163195,137,33,12,21,104,94,10,24.087591240875913,8.75912408759124,15.328467153284672,75.91240875912408,68.61313868613139,7.2992700729927
E00163196,146,42,17,25,104,95,9,28.767123287671232,11.643835616438356,17.123287671232877,71.23287671232876,65.06849315068493,6.164383561643835
E00163197,246,41,13,28,205,169,36,16.666666666666664,5.284552845528456,11.38211382113821,83.33333333333334,68.69918699186992,14.634146341463413
E00163198,113,46,26,20,67,50,17,40.707964601769916,23.008849557522122,17.699115044247787,59.29203539823009,44.24778761061947,15.04424778761062
E00163199,118,40,14,26,78,54,24,33.89830508474576,11.864406779661017,22.033898305084744,66.10169491525424,45.76271186440678,20.33898305084746
E00163200,110,39,19,20,71,49,22,35.45454545454545,17.272727272727273,18.181818181818183,64.54545454545455,44.54545454545455,20
E00163201,280,76,24,52,204,169,35,27.142857142857142,8.571428571428571,18.571428571428573,72.85714285714285,60.357142857142854,12.5
E00163202,152,49,20,29,103,76,27,32.23684210526316,13.157894736842104,19.078947368421055,67.76315789473685,50,17.763157894736842
E00163203,99,32,16,16,67,50,17,32.323232323232325,16.161616161616163,16.161616161616163,67.67676767676768,50.505050505050505,17.17171717171717
E00163204,166,50,16,34,116,103,13,30.120481927710845,9.63855421686747,20.481927710843372,69.87951807228916,62.048192771084345,7.83132530120482
E00163205,155,27,9,18,128,114,14,17.419354838709676,5.806451612903226,11.612903225806452,82.58064516129032,73.54838709677419,9.032258064516128
E00163206,175,34,13,21,141,125,16,19.428571428571427,7.428571428571429,12,80.57142857142857,71.42857142857143,9.142857142857142
E00163207,181,59,18,41,122,102,20,32.59668508287293,9.94475138121547,22.65193370165746,67.40331491712708,56.353591160220994,11.049723756906078
E00163208,154,47,17,30,107,92,15,30.519480519480517,11.03896103896104,19.480519480519483,69.48051948051948,59.74025974025974,9.740259740259742
E00163209,154,66,24,42,88,66,22,42.857142857142854,15.584415584415584,27.27272727272727,57.14285714285714,42.857142857142854,14.285714285714285
E00163210,126,29,8,21,97,89,8,23.015873015873016,6.349206349206349,16.666666666666664,76.98412698412699,70.63492063492063,6.349206349206349
E00163211,124,36,16,20,88,81,7,29.03225806451613,12.903225806451612,16.129032258064516,70.96774193548387,65.32258064516128,5.64516129032258
E00163212,209,44,14,30,165,141,24,21.052631578947366,6.698564593301436,14.354066985645932,78.94736842105263,67.46411483253588,11.483253588516746
E00163213,140,46,13,33,94,80,14,32.857142857142854,9.285714285714286,23.57142857142857,67.14285714285714,57.14285714285714,10
E00163214,146,29,12,17,117,104,13,19.863013698630137,8.21917808219178,11.643835616438356,80.13698630136986,71.23287671232876,8.904109589041095
E00163215,128,56,17,39,72,58,14,43.75,13.28125,30.46875,56.25,45.3125,10.9375
E00163216,119,36,13,23,83,71,12,30.252100840336134,10.92436974789916,19.327731092436977,69.74789915966386,59.66386554621849,10.084033613445378
E00163217,167,40,12,28,127,107,20,23.952095808383234,7.18562874251497,16.766467065868262,76.04790419161677,64.07185628742515,11.976047904191617
E00163218,168,47,9,38,121,113,8,27.976190476190478,5.357142857142857,22.61904761904762,72.02380952380952,67.26190476190477,4.761904761904762
E00163219,74,17,6,11,57,52,5,22.972972972972975,8.108108108108109,14.864864864864865,77.02702702702703,70.27027027027027,6.756756756756757
E00163222,67,28,9,19,39,34,5,41.7910447761194,13.432835820895523,28.35820895522388,58.2089552238806,50.74626865671642,7.462686567164178
E00163223,104,37,13,24,67,54,13,35.57692307692308,12.5,23.076923076923077,64.42307692307693,51.92307692307693,12.5
E00163224,146,41,20,21,105,79,26,28.08219178082192,13.698630136986301,14.383561643835616,71.91780821917808,54.109589041095894,17.80821917808219
E00163226,206,63,31,32,143,107,36,30.582524271844658,15.048543689320388,15.53398058252427,69.41747572815534,51.94174757281553,17.475728155339805
E00163228,87,32,13,19,55,38,17,36.7816091954023,14.942528735632186,21.839080459770116,63.2183908045977,43.67816091954023,19.54022988505747
E00163229,133,44,18,26,89,66,23,33.08270676691729,13.533834586466165,19.548872180451127,66.9172932330827,49.62406015037594,17.293233082706767
E00163230,144,33,11,22,111,98,13,22.916666666666664,7.638888888888889,15.277777777777779,77.08333333333334,68.05555555555556,9.027777777777777
E00163231,161,60,18,42,101,87,14,37.267080745341616,11.180124223602485,26.08695652173913,62.732919254658384,54.037267080745345,8.695652173913043
E00163232,143,37,14,23,106,85,21,25.874125874125873,9.79020979020979,16.083916083916083,74.12587412587412,59.44055944055944,14.685314685314685
E00163233,127,41,15,26,86,72,14,32.28346456692913,11.811023622047244,20.47244094488189,67.71653543307087,56.69291338582677,11.023622047244094
E00163234,128,43,9,34,85,65,20,33.59375,7.03125,26.5625,66.40625,50.78125,15.625
E00163235,142,38,9,29,104,90,14,26.76056338028169,6.338028169014084,20.422535211267608,73.23943661971832,63.38028169014085,9.859154929577464
E00163236,149,58,29,29,91,72,19,38.92617449664429,19.463087248322147,19.463087248322147,61.07382550335571,48.322147651006716,12.751677852348994
E00163238,188,63,21,42,125,113,12,33.51063829787234,11.170212765957446,22.340425531914892,66.48936170212765,60.1063829787234,6.382978723404255
E00163239,165,43,12,31,122,110,12,26.060606060606062,7.2727272727272725,18.787878787878785,73.93939393939394,66.66666666666666,7.2727272727272725
E00163240,174,48,13,35,126,103,23,27.586206896551722,7.471264367816093,20.114942528735632,72.41379310344827,59.195402298850574,13.218390804597702
E00163241,151,58,24,34,93,81,12,38.41059602649007,15.894039735099339,22.516556291390728,61.58940397350994,53.64238410596026,7.9470198675496695
E00163242,155,55,22,33,100,66,34,35.483870967741936,14.193548387096774,21.29032258064516,64.51612903225806,42.58064516129032,21.935483870967744
E00163243,101,26,7,19,75,66,9,25.742574257425744,6.9306930693069315,18.81188118811881,74.25742574257426,65.34653465346535,8.91089108910891
E00163244,128,35,13,22,93,69,24,27.34375,10.15625,17.1875,72.65625,53.90625,18.75
E00163245,112,41,15,26,71,58,13,36.607142857142854,13.392857142857142,23.214285714285715,63.39285714285714,51.78571428571429,11.607142857142858
E00163246,138,42,13,29,96,81,15,30.434782608695656,9.420289855072465,21.014492753623188,69.56521739130434,58.69565217391305,10.869565217391305
E00163247,96,37,16,21,59,46,13,38.54166666666667,16.666666666666664,21.875,61.458333333333336,47.91666666666667,13.541666666666666
E00163248,86,28,6,22,58,54,4,32.55813953488372,6.976744186046512,25.581395348837212,67.44186046511628,62.7906976744186,4.651162790697675
E00163249,76,23,8,15,53,47,6,30.263157894736842,10.526315789473683,19.736842105263158,69.73684210526315,61.8421052631579,7.894736842105263
E00163250,103,44,19,25,59,58,1,42.71844660194174,18.446601941747574,24.271844660194176,57.28155339805825,56.310679611650485,0.9708737864077669
E00163251,118,45,13,32,73,60,13,38.13559322033898,11.016949152542372,27.11864406779661,61.86440677966102,50.847457627118644,11.016949152542372
E00163252,93,36,13,23,57,48,9,38.70967741935484,13.978494623655912,24.731182795698924,61.29032258064516,51.61290322580645,9.67741935483871
E00163253,138,47,20,27,91,79,12,34.05797101449276,14.492753623188406,19.565217391304348,65.94202898550725,57.2463768115942,8.695652173913043
E00163254,114,40,13,27,74,62,12,35.08771929824561,11.403508771929824,23.684210526315788,64.91228070175438,54.385964912280706,10.526315789473683
E00163255,133,57,32,25,76,46,30,42.857142857142854,24.06015037593985,18.796992481203006,57.14285714285714,34.58646616541353,22.55639097744361
E00163256,146,57,28,29,89,62,27,39.04109589041096,19.17808219178082,19.863013698630137,60.95890410958904,42.465753424657535,18.493150684931507
E00163258,137,44,16,28,93,69,24,32.11678832116788,11.678832116788321,20.437956204379564,67.88321167883211,50.36496350364964,17.51824817518248
E00163260,131,46,15,31,85,69,16,35.11450381679389,11.450381679389313,23.66412213740458,64.8854961832061,52.67175572519084,12.213740458015266
E00163261,173,55,26,29,118,78,40,31.79190751445087,15.028901734104046,16.76300578034682,68.20809248554913,45.08670520231214,23.121387283236995
E00163262,69,28,11,17,41,25,16,40.57971014492754,15.942028985507244,24.637681159420293,59.42028985507246,36.231884057971016,23.18840579710145
E00163263,137,38,15,23,99,81,18,27.73722627737226,10.948905109489052,16.78832116788321,72.26277372262774,59.12408759124088,13.138686131386862
E00163265,159,54,20,34,105,86,19,33.9622641509434,12.578616352201259,21.38364779874214,66.0377358490566,54.088050314465406,11.949685534591195
E00163266,199,67,24,43,132,108,24,33.66834170854271,12.060301507537687,21.608040201005025,66.33165829145729,54.2713567839196,12.060301507537687
E00163267,70,23,6,17,47,37,10,32.857142857142854,8.571428571428571,24.285714285714285,67.14285714285714,52.85714285714286,14.285714285714285
E00163268,93,29,9,20,64,56,8,31.182795698924732,9.67741935483871,21.50537634408602,68.81720430107528,60.215053763440864,8.60215053763441
E00163269,98,23,8,15,75,63,12,23.46938775510204,8.16326530612245,15.306122448979592,76.53061224489795,64.28571428571429,12.244897959183673
E00163270,165,59,22,37,106,89,17,35.75757575757576,13.333333333333334,22.424242424242426,64.24242424242425,53.939393939393945,10.303030303030303
E00163271,204,65,23,42,139,124,15,31.862745098039213,11.27450980392157,20.588235294117645,68.13725490196079,60.78431372549019,7.352941176470589
E00163272,149,65,17,48,84,73,11,43.624161073825505,11.409395973154362,32.21476510067114,56.375838926174495,48.99328859060403,7.38255033557047
E00163273,92,37,11,26,55,41,14,40.21739130434783,11.956521739130435,28.26086956521739,59.78260869565217,44.565217391304344,15.217391304347828
E00163274,86,33,14,19,53,45,8,38.372093023255815,16.27906976744186,22.093023255813954,61.627906976744185,52.32558139534884,9.30232558139535
E00163275,78,29,8,21,49,36,13,37.17948717948718,10.256410256410255,26.923076923076923,62.82051282051282,46.15384615384615,16.666666666666664
E00163276,193,67,24,43,126,102,24,34.715025906735754,12.435233160621761,22.279792746113987,65.28497409326425,52.84974093264248,12.435233160621761
E00163277,153,59,25,34,94,86,8,38.56209150326798,16.33986928104575,22.22222222222222,61.43790849673203,56.209150326797385,5.228758169934641
E00163278,169,50,16,34,119,102,17,29.585798816568047,9.467455621301776,20.118343195266274,70.41420118343196,60.35502958579882,10.059171597633137
E00163279,170,39,13,26,131,112,19,22.941176470588236,7.647058823529412,15.294117647058824,77.05882352941177,65.88235294117646,11.176470588235295
E00163280,66,18,10,8,48,38,10,27.27272727272727,15.151515151515152,12.121212121212121,72.72727272727273,57.57575757575758,15.151515151515152
E00163281,124,38,15,23,86,65,21,30.64516129032258,12.096774193548388,18.548387096774192,69.35483870967742,52.41935483870967,16.93548387096774
E00163282,115,29,15,14,86,73,13,25.217391304347824,13.043478260869565,12.173913043478262,74.78260869565217,63.47826086956522,11.304347826086957
E00163283,115,35,14,21,80,70,10,30.434782608695656,12.173913043478262,18.26086956521739,69.56521739130434,60.86956521739131,8.695652173913043
E00163284,111,18,7,11,93,86,7,16.216216216216218,6.306306306306306,9.90990990990991,83.78378378378379,77.47747747747748,6.306306306306306
E00163285,152,44,14,30,108,97,11,28.947368421052634,9.210526315789473,19.736842105263158,71.05263157894737,63.81578947368421,7.236842105263158
E00163286,132,37,7,30,95,81,14,28.030303030303028,5.303030303030303,22.727272727272727,71.96969696969697,61.36363636363637,10.606060606060606
E00163287,152,38,14,24,114,97,17,25,9.210526315789473,15.789473684210526,75,63.81578947368421,11.18421052631579
E00163288,140,33,7,26,107,88,19,23.57142857142857,5,18.571428571428573,76.42857142857142,62.857142857142854,13.571428571428571
E00163289,141,38,15,23,103,89,14,26.95035460992908,10.638297872340425,16.312056737588655,73.04964539007092,63.12056737588653,9.929078014184398
E00163290,121,27,6,21,94,76,18,22.31404958677686,4.958677685950414,17.355371900826448,77.68595041322314,62.8099173553719,14.87603305785124
E00163291,127,37,18,19,90,78,12,29.133858267716533,14.173228346456693,14.960629921259844,70.86614173228347,61.417322834645674,9.448818897637794
E00163292,55,17,4,13,38,36,2,30.909090909090907,7.2727272727272725,23.636363636363637,69.0909090909091,65.45454545454545,3.6363636363636362
E00163293,159,43,9,34,116,94,22,27.044025157232703,5.660377358490567,21.38364779874214,72.95597484276729,59.11949685534591,13.836477987421384
E00163294,153,58,19,39,95,83,12,37.908496732026144,12.418300653594772,25.49019607843137,62.091503267973856,54.248366013071895,7.8431372549019605
E00163295,191,48,16,32,143,109,34,25.13089005235602,8.37696335078534,16.75392670157068,74.86910994764398,57.06806282722513,17.801047120418847
E00163296,120,38,15,23,82,72,10,31.666666666666664,12.5,19.166666666666668,68.33333333333333,60,8.333333333333332
E00163297,160,46,15,31,114,95,19,28.749999999999996,9.375,19.375,71.25,59.375,11.875
E00163298,120,41,16,25,79,70,9,34.166666666666664,13.333333333333334,20.833333333333336,65.83333333333333,58.333333333333336,7.5
E00163299,159,43,18,25,116,92,24,27.044025157232703,11.320754716981133,15.723270440251572,72.95597484276729,57.861635220125784,15.09433962264151
E00163300,164,49,17,32,115,91,24,29.878048780487802,10.365853658536585,19.51219512195122,70.1219512195122,55.487804878048784,14.634146341463413
E00163301,194,69,28,41,125,106,19,35.56701030927835,14.432989690721648,21.1340206185567,64.43298969072166,54.63917525773196,9.793814432989691
E00163302,164,48,19,29,116,101,15,29.268292682926827,11.585365853658537,17.682926829268293,70.73170731707317,61.58536585365854,9.146341463414634
E00163303,160,64,26,38,96,80,16,40,16.25,23.75,60,50,10
E00163304,155,47,13,34,108,94,14,30.32258064516129,8.38709677419355,21.935483870967744,69.6774193548387,60.64516129032258,9.032258064516128
E00163305,128,46,25,21,82,74,8,35.9375,19.53125,16.40625,64.0625,57.8125,6.25
E00163306,110,33,14,19,77,66,11,30,12.727272727272727,17.272727272727273,70,60,10
E00163307,143,47,18,29,96,80,16,32.86713286713287,12.587412587412588,20.27972027972028,67.13286713286713,55.94405594405595,11.188811188811188
E00163308,135,51,24,27,84,65,19,37.77777777777778,17.77777777777778,20,62.22222222222222,48.148148148148145,14.074074074074074
E00163309,139,48,24,24,91,80,11,34.53237410071942,17.26618705035971,17.26618705035971,65.46762589928058,57.55395683453237,7.913669064748201
E00163310,175,67,25,42,108,95,13,38.285714285714285,14.285714285714285,24,61.71428571428571,54.285714285714285,7.428571428571429
E00163311,213,87,26,61,126,107,19,40.845070422535215,12.206572769953052,28.638497652582164,59.154929577464785,50.23474178403756,8.92018779342723
E00163312,109,30,14,16,79,71,8,27.522935779816514,12.844036697247708,14.678899082568808,72.47706422018348,65.13761467889908,7.339449541284404
E00163313,176,60,26,34,116,103,13,34.090909090909086,14.772727272727273,19.318181818181817,65.9090909090909,58.52272727272727,7.386363636363637
E00163314,78,27,15,12,51,46,5,34.61538461538461,19.230769230769234,15.384615384615385,65.38461538461539,58.97435897435898,6.41025641025641
E00163315,73,15,9,6,58,49,9,20.54794520547945,12.32876712328767,8.21917808219178,79.45205479452055,67.12328767123287,12.32876712328767
E00163316,124,44,15,29,80,71,9,35.483870967741936,12.096774193548388,23.387096774193548,64.51612903225806,57.25806451612904,7.258064516129033
E00163317,128,48,15,33,80,68,12,37.5,11.71875,25.78125,62.5,53.125,9.375
E00163318,140,51,19,32,89,79,10,36.42857142857142,13.571428571428571,22.857142857142858,63.57142857142857,56.42857142857143,7.142857142857142
E00163319,101,39,14,25,62,55,7,38.613861386138616,13.861386138613863,24.752475247524753,61.386138613861384,54.45544554455446,6.9306930693069315
E00163320,160,31,10,21,129,101,28,19.375,6.25,13.125,80.625,63.125,17.5
E00163321,135,35,20,15,100,87,13,25.925925925925924,14.814814814814813,11.11111111111111,74.07407407407408,64.44444444444444,9.62962962962963
E00163322,172,39,21,18,133,95,38,22.674418604651162,12.209302325581394,10.465116279069768,77.32558139534885,55.23255813953488,22.093023255813954
E00163323,172,41,18,23,131,123,8,23.837209302325583,10.465116279069768,13.372093023255813,76.16279069767442,71.51162790697676,4.651162790697675
E00163324,146,32,10,22,114,107,7,21.91780821917808,6.8493150684931505,15.068493150684931,78.08219178082192,73.28767123287672,4.794520547945205
E00163325,146,49,27,22,97,89,8,33.56164383561644,18.493150684931507,15.068493150684931,66.43835616438356,60.95890410958904,5.47945205479452
E00163326,97,36,10,26,61,53,8,37.11340206185567,10.309278350515463,26.804123711340207,62.88659793814433,54.63917525773196,8.24742268041237
E00163327,163,66,21,45,97,85,12,40.49079754601227,12.883435582822086,27.607361963190186,59.50920245398773,52.14723926380368,7.361963190184049
E00163328,130,31,6,25,99,85,14,23.846153846153847,4.615384615384616,19.230769230769234,76.15384615384615,65.38461538461539,10.76923076923077
E00163329,93,34,10,24,59,52,7,36.55913978494624,10.75268817204301,25.806451612903224,63.44086021505376,55.91397849462365,7.526881720430108
E00163330,68,19,13,6,49,37,12,27.941176470588236,19.11764705882353,8.823529411764707,72.05882352941177,54.41176470588235,17.647058823529413
E00163331,153,40,8,32,113,95,18,26.143790849673206,5.228758169934641,20.915032679738562,73.8562091503268,62.091503267973856,11.76470588235294
E00163332,124,38,12,26,86,73,13,30.64516129032258,9.67741935483871,20.967741935483872,69.35483870967742,58.87096774193549,10.483870967741936
E00163333,142,45,14,31,97,76,21,31.690140845070424,9.859154929577464,21.830985915492956,68.30985915492957,53.52112676056338,14.788732394366196
E00163334,57,20,13,7,37,27,10,35.08771929824561,22.807017543859647,12.280701754385964,64.91228070175438,47.368421052631575,17.543859649122805
E00163335,81,23,14,9,58,49,9,28.39506172839506,17.28395061728395,11.11111111111111,71.60493827160494,60.49382716049383,11.11111111111111
E00163336,203,46,20,26,157,141,16,22.660098522167488,9.852216748768473,12.807881773399016,77.33990147783251,69.45812807881774,7.8817733990147785
E00163337,94,33,12,21,61,53,8,35.1063829787234,12.76595744680851,22.340425531914892,64.8936170212766,56.38297872340425,8.51063829787234
E00163338,127,45,20,25,82,64,18,35.43307086614173,15.748031496062993,19.68503937007874,64.56692913385827,50.39370078740157,14.173228346456693
E00163339,149,50,14,36,99,88,11,33.557046979865774,9.395973154362416,24.161073825503358,66.44295302013423,59.06040268456376,7.38255033557047
E00163340,178,47,9,38,131,116,15,26.40449438202247,5.056179775280898,21.34831460674157,73.59550561797754,65.1685393258427,8.426966292134832
E00163342,151,40,12,28,111,98,13,26.490066225165563,7.9470198675496695,18.543046357615893,73.50993377483444,64.90066225165563,8.609271523178808
E00163343,161,40,13,27,121,106,15,24.84472049689441,8.074534161490684,16.77018633540373,75.15527950310559,65.83850931677019,9.316770186335404
E00163344,101,24,16,8,77,67,10,23.762376237623762,15.841584158415841,7.920792079207921,76.23762376237624,66.33663366336634,9.900990099009901
E00163345,128,41,16,25,87,72,15,32.03125,12.5,19.53125,67.96875,56.25,11.71875
E00163346,156,39,12,27,117,103,14,25,7.6923076923076925,17.307692307692307,75,66.02564102564102,8.974358974358974
E00163347,184,49,18,31,135,115,20,26.6304347826087,9.782608695652174,16.847826086956523,73.36956521739131,62.5,10.869565217391305
E00163348,143,47,14,33,96,87,9,32.86713286713287,9.79020979020979,23.076923076923077,67.13286713286713,60.83916083916085,6.293706293706294
E00163349,139,33,8,25,106,92,14,23.741007194244602,5.755395683453238,17.985611510791365,76.2589928057554,66.18705035971223,10.071942446043165
E00163350,171,38,9,29,133,117,16,22.22222222222222,5.263157894736842,16.95906432748538,77.77777777777779,68.42105263157895,9.35672514619883
E00163351,137,40,10,30,97,84,13,29.1970802919708,7.2992700729927,21.897810218978105,70.8029197080292,61.31386861313869,9.48905109489051
E00163352,56,21,11,10,35,27,8,37.5,19.642857142857142,17.857142857142858,62.5,48.214285714285715,14.285714285714285
E00163353,136,34,18,16,102,75,27,25,13.23529411764706,11.76470588235294,75,55.14705882352941,19.852941176470587
E00163354,172,64,37,27,108,92,16,37.2093023255814,21.511627906976745,15.69767441860465,62.7906976744186,53.48837209302325,9.30232558139535
E00163355,163,55,21,34,108,99,9,33.74233128834356,12.883435582822086,20.858895705521473,66.25766871165644,60.73619631901841,5.521472392638037
E00163356,166,51,26,25,115,89,26,30.72289156626506,15.66265060240964,15.060240963855422,69.27710843373494,53.6144578313253,15.66265060240964
E00163357,82,29,11,18,53,45,8,35.36585365853659,13.414634146341465,21.951219512195124,64.63414634146342,54.87804878048781,9.75609756097561
E00163358,208,55,18,37,153,132,21,26.442307692307693,8.653846153846153,17.78846153846154,73.5576923076923,63.46153846153846,10.096153846153847
E00163359,168,52,21,31,116,90,26,30.952380952380953,12.5,18.452380952380953,69.04761904761905,53.57142857142857,15.476190476190476
E00163360,137,35,15,20,102,75,27,25.547445255474454,10.948905109489052,14.5985401459854,74.45255474452554,54.74452554744526,19.708029197080293
E00163361,122,30,14,16,92,65,27,24.59016393442623,11.475409836065573,13.114754098360656,75.40983606557377,53.278688524590166,22.131147540983605
E00163362,110,33,12,21,77,66,11,30,10.909090909090908,19.090909090909093,70,60,10
E00163363,183,49,23,26,134,109,25,26.775956284153008,12.568306010928962,14.207650273224044,73.224043715847,59.56284153005464,13.661202185792352
E00163364,119,41,12,29,78,64,14,34.45378151260504,10.084033613445378,24.369747899159663,65.54621848739495,53.78151260504202,11.76470588235294
E00163365,205,75,38,37,130,96,34,36.58536585365854,18.536585365853657,18.048780487804876,63.41463414634146,46.82926829268293,16.585365853658537
E00163366,45,16,3,13,29,19,10,35.55555555555556,6.666666666666667,28.888888888888886,64.44444444444444,42.22222222222222,22.22222222222222
E00163367,90,32,15,17,58,44,14,35.55555555555556,16.666666666666664,18.88888888888889,64.44444444444444,48.888888888888886,15.555555555555555
E00163368,95,32,13,19,63,56,7,33.68421052631579,13.684210526315791,20,66.3157894736842,58.94736842105262,7.368421052631578
E00163369,131,43,18,25,88,62,26,32.82442748091603,13.740458015267176,19.083969465648856,67.17557251908397,47.32824427480916,19.84732824427481
E00163370,121,48,22,26,73,48,25,39.66942148760331,18.181818181818183,21.487603305785125,60.33057851239669,39.66942148760331,20.66115702479339
E00163371,83,37,21,16,46,33,13,44.57831325301205,25.301204819277107,19.27710843373494,55.42168674698795,39.75903614457831,15.66265060240964
E00163372,208,91,39,52,117,98,19,43.75,18.75,25,56.25,47.11538461538461,9.134615384615383
E00163373,190,67,22,45,123,104,19,35.26315789473684,11.578947368421053,23.684210526315788,64.73684210526316,54.736842105263165,10
E00163374,115,43,14,29,72,53,19,37.391304347826086,12.173913043478262,25.217391304347824,62.60869565217392,46.08695652173913,16.52173913043478
E00163375,105,40,15,25,65,48,17,38.095238095238095,14.285714285714285,23.809523809523807,61.904761904761905,45.714285714285715,16.19047619047619
E00163376,204,68,26,42,136,93,43,33.33333333333333,12.745098039215685,20.588235294117645,66.66666666666666,45.588235294117645,21.07843137254902
E00163377,147,59,29,30,88,60,28,40.136054421768705,19.727891156462583,20.408163265306122,59.863945578231295,40.816326530612244,19.047619047619047
E00163378,136,54,21,33,82,73,9,39.705882352941174,15.441176470588236,24.264705882352942,60.29411764705882,53.67647058823529,6.61764705882353
E00163379,132,46,18,28,86,60,26,34.84848484848485,13.636363636363635,21.21212121212121,65.15151515151516,45.45454545454545,19.696969696969695
E00163380,158,58,22,36,100,84,16,36.708860759493675,13.924050632911392,22.78481012658228,63.29113924050633,53.16455696202531,10.126582278481013
E00163381,116,38,14,24,78,66,12,32.758620689655174,12.068965517241379,20.689655172413794,67.24137931034483,56.896551724137936,10.344827586206897
E00163382,140,38,10,28,102,81,21,27.142857142857142,7.142857142857142,20,72.85714285714285,57.85714285714286,15
E00163383,96,20,6,14,76,58,18,20.833333333333336,6.25,14.583333333333334,79.16666666666666,60.416666666666664,18.75
E00163384,132,45,10,35,87,70,17,34.090909090909086,7.575757575757576,26.515151515151516,65.9090909090909,53.03030303030303,12.878787878787879
E00163385,140,41,18,23,99,81,18,29.28571428571429,12.857142857142856,16.428571428571427,70.71428571428572,57.85714285714286,12.857142857142856
E00163386,136,39,15,24,97,76,21,28.676470588235293,11.029411764705882,17.647058823529413,71.32352941176471,55.88235294117647,15.441176470588236
E00163387,159,41,21,20,118,98,20,25.78616352201258,13.20754716981132,12.578616352201259,74.21383647798741,61.63522012578616,12.578616352201259
E00163388,122,48,20,28,74,60,14,39.34426229508197,16.39344262295082,22.950819672131146,60.65573770491803,49.18032786885246,11.475409836065573
E00163389,152,40,16,24,112,97,15,26.31578947368421,10.526315789473683,15.789473684210526,73.68421052631578,63.81578947368421,9.868421052631579
E00163390,126,52,25,27,74,55,19,41.269841269841265,19.841269841269842,21.428571428571427,58.730158730158735,43.65079365079365,15.079365079365079
E00163391,172,49,22,27,123,92,31,28.488372093023255,12.790697674418606,15.69767441860465,71.51162790697676,53.48837209302325,18.023255813953487
E00163392,180,65,26,39,115,87,28,36.11111111111111,14.444444444444443,21.666666666666668,63.888888888888886,48.333333333333336,15.555555555555555
E00163393,144,57,24,33,87,65,22,39.58333333333333,16.666666666666664,22.916666666666664,60.416666666666664,45.13888888888889,15.277777777777779
E00163394,155,38,13,25,117,97,20,24.516129032258064,8.38709677419355,16.129032258064516,75.48387096774194,62.58064516129033,12.903225806451612
E00163395,83,23,3,20,60,48,12,27.710843373493976,3.614457831325301,24.096385542168676,72.28915662650603,57.831325301204814,14.457831325301203
E00163396,63,17,4,13,46,35,11,26.984126984126984,6.349206349206349,20.634920634920633,73.01587301587301,55.55555555555556,17.46031746031746
E00163397,143,54,26,28,89,60,29,37.76223776223776,18.181818181818183,19.58041958041958,62.23776223776224,41.95804195804196,20.27972027972028
E00163398,176,58,26,32,118,86,32,32.95454545454545,14.772727272727273,18.181818181818183,67.04545454545455,48.86363636363637,18.181818181818183
E00163399,134,50,20,30,84,72,12,37.3134328358209,14.925373134328357,22.388059701492537,62.68656716417911,53.73134328358209,8.955223880597014
E00163400,121,43,19,24,78,67,11,35.53719008264463,15.702479338842975,19.834710743801654,64.46280991735537,55.371900826446286,9.090909090909092
E00163401,110,32,14,18,78,60,18,29.09090909090909,12.727272727272727,16.363636363636363,70.9090909090909,54.54545454545454,16.363636363636363
E00163402,107,34,15,19,73,57,16,31.775700934579437,14.018691588785046,17.75700934579439,68.22429906542055,53.271028037383175,14.953271028037381
E00163403,151,47,20,27,104,67,37,31.125827814569533,13.245033112582782,17.880794701986755,68.87417218543047,44.370860927152314,24.503311258278146
E00163404,150,47,16,31,103,81,22,31.333333333333336,10.666666666666668,20.666666666666668,68.66666666666667,54,14.666666666666666
E00163405,183,56,19,37,127,115,12,30.601092896174865,10.382513661202186,20.21857923497268,69.39890710382514,62.841530054644814,6.557377049180328
E00163406,95,29,8,21,66,54,12,30.526315789473685,8.421052631578947,22.105263157894736,69.47368421052632,56.84210526315789,12.631578947368421
E00163407,92,33,11,22,59,44,15,35.869565217391305,11.956521739130435,23.91304347826087,64.13043478260869,47.82608695652174,16.304347826086957
E00163408,150,48,11,37,102,77,25,32,7.333333333333333,24.666666666666668,68,51.33333333333333,16.666666666666664
E00163409,116,49,23,26,67,53,14,42.241379310344826,19.82758620689655,22.413793103448278,57.758620689655174,45.689655172413794,12.068965517241379
E00163410,125,48,28,20,77,62,15,38.4,22.400000000000002,16,61.6,49.6,12
E00163411,144,55,26,29,89,66,23,38.19444444444444,18.055555555555554,20.13888888888889,61.80555555555556,45.83333333333333,15.972222222222221
E00163412,72,24,7,17,48,40,8,33.33333333333333,9.722222222222223,23.61111111111111,66.66666666666666,55.55555555555556,11.11111111111111
E00163413,183,54,20,34,129,110,19,29.508196721311474,10.92896174863388,18.579234972677597,70.49180327868852,60.10928961748634,10.382513661202186
E00163414,161,42,13,29,119,97,22,26.08695652173913,8.074534161490684,18.012422360248447,73.91304347826086,60.24844720496895,13.664596273291925
E00163415,109,43,13,30,66,54,12,39.44954128440367,11.926605504587156,27.522935779816514,60.550458715596335,49.54128440366973,11.009174311926607
E00163416,114,46,16,30,68,36,32,40.35087719298245,14.035087719298245,26.31578947368421,59.64912280701754,31.57894736842105,28.07017543859649
E00163417,186,65,17,48,121,113,8,34.946236559139784,9.13978494623656,25.806451612903224,65.05376344086021,60.752688172043015,4.301075268817205
E00163418,136,38,13,25,98,84,14,27.941176470588236,9.558823529411764,18.38235294117647,72.05882352941177,61.76470588235294,10.294117647058822
E00163420,140,51,13,38,89,73,16,36.42857142857142,9.285714285714286,27.142857142857142,63.57142857142857,52.142857142857146,11.428571428571429
E00163421,102,40,14,26,62,50,12,39.21568627450981,13.725490196078432,25.49019607843137,60.78431372549019,49.01960784313725,11.76470588235294
E00163422,109,33,9,24,76,66,10,30.275229357798167,8.256880733944955,22.018348623853214,69.72477064220183,60.550458715596335,9.174311926605505
E00163423,147,38,16,22,109,92,17,25.850340136054424,10.884353741496598,14.965986394557824,74.14965986394559,62.585034013605444,11.564625850340136
E00163424,94,29,9,20,65,55,10,30.851063829787233,9.574468085106384,21.27659574468085,69.14893617021278,58.51063829787234,10.638297872340425
E00163425,96,23,10,13,73,61,12,23.958333333333336,10.416666666666668,13.541666666666666,76.04166666666666,63.541666666666664,12.5
E00163426,100,35,12,23,65,55,10,35,12,23,65,55.00000000000001,10
E00163427,164,49,18,31,115,95,20,29.878048780487802,10.975609756097562,18.902439024390244,70.1219512195122,57.92682926829268,12.195121951219512
E00163428,121,39,17,22,82,63,19,32.231404958677686,14.049586776859504,18.181818181818183,67.76859504132231,52.066115702479344,15.702479338842975
E00163429,117,51,21,30,66,46,20,43.58974358974359,17.94871794871795,25.64102564102564,56.41025641025641,39.31623931623932,17.094017094017094
E00163430,94,27,11,16,67,53,14,28.723404255319153,11.702127659574469,17.02127659574468,71.27659574468085,56.38297872340425,14.893617021276595
E00163431,104,29,10,19,75,56,19,27.884615384615387,9.615384615384617,18.269230769230766,72.11538461538461,53.84615384615385,18.269230769230766
E00163432,144,46,9,37,98,84,14,31.944444444444443,6.25,25.694444444444443,68.05555555555556,58.333333333333336,9.722222222222223
E00163433,243,82,33,49,161,120,41,33.744855967078195,13.580246913580247,20.16460905349794,66.2551440329218,49.382716049382715,16.872427983539097
E00163434,179,44,11,33,135,111,24,24.581005586592177,6.145251396648044,18.435754189944134,75.41899441340783,62.01117318435754,13.40782122905028
E00163435,108,30,12,18,78,66,12,27.77777777777778,11.11111111111111,16.666666666666664,72.22222222222221,61.111111111111114,11.11111111111111
E00163436,181,75,30,45,106,84,22,41.43646408839779,16.574585635359114,24.861878453038674,58.5635359116022,46.408839779005525,12.154696132596685
E00163437,173,57,21,36,116,102,14,32.947976878612714,12.138728323699421,20.809248554913296,67.05202312138728,58.95953757225434,8.092485549132949
E00163438,134,51,18,33,83,69,14,38.059701492537314,13.432835820895523,24.62686567164179,61.940298507462686,51.49253731343284,10.44776119402985
E00163439,86,30,13,17,56,43,13,34.883720930232556,15.11627906976744,19.767441860465116,65.11627906976744,50,15.11627906976744
E00163440,101,29,9,20,72,58,14,28.71287128712871,8.91089108910891,19.801980198019802,71.28712871287128,57.42574257425742,13.861386138613863
E00163441,200,74,35,39,126,95,31,37,17.5,19.5,63,47.5,15.5
E00163442,146,62,23,39,84,69,15,42.465753424657535,15.753424657534246,26.71232876712329,57.534246575342465,47.26027397260274,10.273972602739725
E00163443,127,39,19,20,88,65,23,30.708661417322837,14.960629921259844,15.748031496062993,69.29133858267717,51.181102362204726,18.11023622047244
E00163444,96,32,12,20,64,49,15,33.33333333333333,12.5,20.833333333333336,66.66666666666666,51.041666666666664,15.625
E00163446,112,39,12,27,73,57,16,34.82142857142857,10.714285714285714,24.107142857142858,65.17857142857143,50.89285714285714,14.285714285714285
E00163447,114,40,14,26,74,64,10,35.08771929824561,12.280701754385964,22.807017543859647,64.91228070175438,56.14035087719298,8.771929824561402
E00163448,116,44,17,27,72,58,14,37.93103448275862,14.655172413793101,23.275862068965516,62.06896551724138,50,12.068965517241379
E00163449,159,51,12,39,108,86,22,32.075471698113205,7.547169811320755,24.528301886792452,67.9245283018868,54.088050314465406,13.836477987421384
E00163450,162,66,21,45,96,72,24,40.74074074074074,12.962962962962962,27.77777777777778,59.25925925925925,44.44444444444444,14.814814814814813
E00163451,137,47,13,34,90,84,6,34.306569343065696,9.48905109489051,24.817518248175183,65.69343065693431,61.31386861313869,4.37956204379562
E00163452,144,49,18,31,95,81,14,34.02777777777778,12.5,21.52777777777778,65.97222222222221,56.25,9.722222222222223
E00163453,166,46,16,30,120,104,16,27.710843373493976,9.63855421686747,18.072289156626507,72.28915662650603,62.65060240963856,9.63855421686747
E00163454,139,35,15,20,104,83,21,25.179856115107913,10.79136690647482,14.388489208633093,74.82014388489209,59.71223021582733,15.107913669064748
E00163455,203,65,22,43,138,113,25,32.01970443349754,10.83743842364532,21.182266009852217,67.98029556650246,55.66502463054187,12.31527093596059
E00163456,154,46,17,29,108,92,16,29.87012987012987,11.03896103896104,18.83116883116883,70.12987012987013,59.74025974025974,10.38961038961039
E00163457,104,36,17,19,68,59,9,34.61538461538461,16.346153846153847,18.269230769230766,65.38461538461539,56.730769230769226,8.653846153846153
E00163458,137,58,22,36,79,66,13,42.33576642335766,16.05839416058394,26.277372262773724,57.66423357664233,48.175182481751825,9.48905109489051
E00163459,153,63,20,43,90,80,10,41.17647058823529,13.071895424836603,28.104575163398692,58.82352941176471,52.28758169934641,6.535947712418301
E00163460,119,45,20,25,74,56,18,37.81512605042017,16.80672268907563,21.008403361344538,62.18487394957983,47.05882352941176,15.126050420168067
E00163461,125,55,28,27,70,61,9,44,22.400000000000002,21.6,56.00000000000001,48.8,7.199999999999999
E00163462,109,43,20,23,66,56,10,39.44954128440367,18.34862385321101,21.100917431192663,60.550458715596335,51.37614678899083,9.174311926605505
E00163464,102,33,10,23,69,57,12,32.35294117647059,9.803921568627452,22.54901960784314,67.64705882352942,55.88235294117647,11.76470588235294
E00163465,120,48,23,25,72,59,13,40,19.166666666666668,20.833333333333336,60,49.166666666666664,10.833333333333334
E00163466,41,12,7,5,29,24,5,29.268292682926827,17.073170731707318,12.195121951219512,70.73170731707317,58.536585365853654,12.195121951219512
E00163467,133,45,15,30,88,71,17,33.83458646616541,11.278195488721805,22.55639097744361,66.16541353383458,53.383458646616546,12.781954887218044
E00163468,150,42,14,28,108,88,20,28.000000000000004,9.333333333333334,18.666666666666668,72,58.666666666666664,13.333333333333334
E00163469,111,34,7,27,77,71,6,30.630630630630627,6.306306306306306,24.324324324324326,69.36936936936937,63.96396396396396,5.405405405405405
E00163470,152,53,17,36,99,87,12,34.868421052631575,11.18421052631579,23.684210526315788,65.13157894736842,57.23684210526315,7.894736842105263
E00163471,193,75,27,48,118,95,23,38.860103626943,13.989637305699482,24.870466321243523,61.13989637305699,49.22279792746114,11.917098445595855
E00163472,134,46,13,33,88,76,12,34.32835820895522,9.701492537313433,24.62686567164179,65.67164179104478,56.71641791044776,8.955223880597014
E00163473,133,45,20,25,88,71,17,33.83458646616541,15.037593984962406,18.796992481203006,66.16541353383458,53.383458646616546,12.781954887218044
E00163474,103,42,17,25,61,54,7,40.77669902912621,16.50485436893204,24.271844660194176,59.22330097087378,52.42718446601942,6.796116504854369
E00163475,102,36,15,21,66,52,14,35.294117647058826,14.705882352941178,20.588235294117645,64.70588235294117,50.98039215686274,13.725490196078432
E00163476,101,28,5,23,73,65,8,27.722772277227726,4.9504950495049505,22.772277227722775,72.27722772277228,64.35643564356435,7.920792079207921
E00163477,96,28,16,12,68,59,9,29.166666666666668,16.666666666666664,12.5,70.83333333333334,61.458333333333336,9.375
E00163478,121,57,26,31,64,54,10,47.107438016528924,21.487603305785125,25.6198347107438,52.892561983471076,44.62809917355372,8.264462809917356
E00163480,149,60,24,36,89,69,20,40.26845637583892,16.10738255033557,24.161073825503358,59.73154362416108,46.308724832214764,13.422818791946309
E00163481,156,60,21,39,96,77,19,38.46153846153847,13.461538461538462,25,61.53846153846154,49.358974358974365,12.179487179487179
E00163482,176,66,31,35,110,88,22,37.5,17.613636363636363,19.886363636363637,62.5,50,12.5
E00163483,160,59,23,36,101,81,20,36.875,14.374999999999998,22.5,63.125,50.625,12.5
E00163484,147,49,23,26,98,78,20,33.33333333333333,15.646258503401361,17.687074829931973,66.66666666666666,53.06122448979592,13.60544217687075
E00163485,121,37,8,29,84,76,8,30.57851239669421,6.6115702479338845,23.96694214876033,69.42148760330579,62.8099173553719,6.6115702479338845
E00163487,128,42,15,27,86,78,8,32.8125,11.71875,21.09375,67.1875,60.9375,6.25
E00163488,156,46,17,29,110,88,22,29.48717948717949,10.897435897435898,18.58974358974359,70.51282051282051,56.41025641025641,14.102564102564102
E00163490,169,55,15,40,114,95,19,32.544378698224854,8.875739644970414,23.668639053254438,67.45562130177515,56.213017751479285,11.242603550295858
E00163491,182,59,24,35,123,102,21,32.417582417582416,13.186813186813188,19.230769230769234,67.58241758241759,56.043956043956044,11.538461538461538
E00163492,133,40,13,27,93,79,14,30.075187969924812,9.774436090225564,20.30075187969925,69.92481203007519,59.3984962406015,10.526315789473683
E00163493,150,61,14,47,89,74,15,40.666666666666664,9.333333333333334,31.333333333333336,59.333333333333336,49.333333333333336,10
E00163494,125,42,14,28,83,77,6,33.6,11.200000000000001,22.400000000000002,66.4,61.6,4.8
E00163495,88,26,10,16,62,51,11,29.545454545454547,11.363636363636363,18.181818181818183,70.45454545454545,57.95454545454546,12.5
E00163496,121,46,16,30,75,64,11,38.01652892561984,13.223140495867769,24.793388429752067,61.98347107438017,52.892561983471076,9.090909090909092
E00163497,150,62,26,36,88,74,14,41.333333333333336,17.333333333333336,24,58.666666666666664,49.333333333333336,9.333333333333334
E00163498,123,45,19,26,78,59,19,36.58536585365854,15.447154471544716,21.138211382113823,63.41463414634146,47.96747967479675,15.447154471544716
E00163499,129,39,16,23,90,70,20,30.23255813953488,12.4031007751938,17.829457364341085,69.76744186046511,54.263565891472865,15.503875968992247
E00163500,113,36,17,19,77,56,21,31.858407079646017,15.04424778761062,16.8141592920354,68.14159292035397,49.557522123893804,18.58407079646018
E00163501,146,43,14,29,103,86,17,29.45205479452055,9.58904109589041,19.863013698630137,70.54794520547945,58.9041095890411,11.643835616438356
E00163502,59,25,12,13,34,26,8,42.3728813559322,20.33898305084746,22.033898305084744,57.6271186440678,44.06779661016949,13.559322033898304
E00163503,122,43,18,25,79,63,16,35.24590163934426,14.754098360655737,20.491803278688526,64.75409836065575,51.63934426229508,13.114754098360656
E00163504,103,34,13,21,69,57,12,33.00970873786408,12.62135922330097,20.388349514563107,66.99029126213593,55.33980582524271,11.650485436893204
E00163505,111,42,15,27,69,56,13,37.83783783783784,13.513513513513514,24.324324324324326,62.16216216216216,50.45045045045045,11.711711711711711
E00163506,226,75,29,46,151,119,32,33.1858407079646,12.831858407079647,20.353982300884958,66.8141592920354,52.654867256637175,14.15929203539823
E00163507,139,43,21,22,96,75,21,30.935251798561154,15.107913669064748,15.827338129496402,69.06474820143885,53.956834532374096,15.107913669064748
E00163508,182,70,30,40,112,97,15,38.46153846153847,16.483516483516482,21.978021978021978,61.53846153846154,53.2967032967033,8.241758241758241
E00163509,97,39,16,23,58,42,16,40.20618556701031,16.49484536082474,23.711340206185564,59.79381443298969,43.29896907216495,16.49484536082474
E00163510,125,51,15,36,74,59,15,40.8,12,28.799999999999997,59.199999999999996,47.199999999999996,12
E00163511,172,58,18,40,114,90,24,33.72093023255814,10.465116279069768,23.25581395348837,66.27906976744185,52.32558139534884,13.953488372093023
E00163512,130,40,12,28,90,74,16,30.76923076923077,9.230769230769232,21.53846153846154,69.23076923076923,56.92307692307692,12.307692307692308
E00163513,227,77,28,49,150,125,25,33.92070484581498,12.334801762114537,21.58590308370044,66.07929515418502,55.06607929515418,11.013215859030836
E00163514,148,45,18,27,103,84,19,30.405405405405407,12.162162162162163,18.243243243243242,69.5945945945946,56.75675675675676,12.837837837837837
E00163515,152,48,18,30,104,87,17,31.57894736842105,11.842105263157894,19.736842105263158,68.42105263157895,57.23684210526315,11.18421052631579
E00163516,133,45,20,25,88,63,25,33.83458646616541,15.037593984962406,18.796992481203006,66.16541353383458,47.368421052631575,18.796992481203006
E00163517,231,80,37,43,151,122,29,34.63203463203463,16.017316017316016,18.614718614718615,65.36796536796537,52.81385281385281,12.554112554112553
E00163518,257,89,43,46,168,127,41,34.63035019455253,16.731517509727624,17.898832684824903,65.36964980544747,49.416342412451364,15.953307392996107
E00163519,123,43,20,23,80,69,11,34.959349593495936,16.260162601626014,18.69918699186992,65.04065040650406,56.09756097560976,8.94308943089431
E00163520,116,41,21,20,75,56,19,35.3448275862069,18.103448275862068,17.24137931034483,64.65517241379311,48.275862068965516,16.379310344827587
E00163521,62,23,14,9,39,30,9,37.096774193548384,22.58064516129032,14.516129032258066,62.903225806451616,48.38709677419355,14.516129032258066
E00163522,82,21,12,9,61,56,5,25.609756097560975,14.634146341463413,10.975609756097562,74.39024390243902,68.29268292682927,6.097560975609756
E00163523,106,44,16,28,62,52,10,41.509433962264154,15.09433962264151,26.41509433962264,58.490566037735846,49.056603773584904,9.433962264150944
E00163524,66,28,16,12,38,24,14,42.42424242424242,24.242424242424242,18.181818181818183,57.57575757575758,36.36363636363637,21.21212121212121
E00163525,103,38,19,19,65,55,10,36.89320388349515,18.446601941747574,18.446601941747574,63.10679611650486,53.398058252427184,9.70873786407767
E00163526,112,33,11,22,79,61,18,29.464285714285715,9.821428571428571,19.642857142857142,70.53571428571429,54.46428571428571,16.071428571428573
E00163527,125,53,14,39,72,59,13,42.4,11.200000000000001,31.2,57.599999999999994,47.199999999999996,10.4
E00163528,126,51,27,24,75,59,16,40.476190476190474,21.428571428571427,19.047619047619047,59.523809523809526,46.82539682539682,12.698412698412698
E00163529,103,45,13,32,58,44,14,43.689320388349515,12.62135922330097,31.06796116504854,56.310679611650485,42.71844660194174,13.592233009708737
E00163530,141,52,24,28,89,63,26,36.87943262411347,17.02127659574468,19.858156028368796,63.12056737588653,44.680851063829785,18.439716312056735
E00163531,140,38,7,31,102,85,17,27.142857142857142,5,22.142857142857142,72.85714285714285,60.71428571428571,12.142857142857142
E00163532,149,45,17,28,104,88,16,30.201342281879196,11.409395973154362,18.79194630872483,69.79865771812081,59.06040268456376,10.738255033557047
E00163533,115,35,10,25,80,69,11,30.434782608695656,8.695652173913043,21.73913043478261,69.56521739130434,60,9.565217391304348
E00163534,120,34,8,26,86,77,9,28.333333333333332,6.666666666666667,21.666666666666668,71.66666666666667,64.16666666666667,7.5
E00163535,199,59,23,36,140,121,19,29.64824120603015,11.557788944723619,18.090452261306535,70.35175879396985,60.80402010050251,9.547738693467336
E00163536,115,37,15,22,78,73,5,32.17391304347826,13.043478260869565,19.130434782608695,67.82608695652173,63.47826086956522,4.3478260869565215
E00163537,154,47,19,28,107,90,17,30.519480519480517,12.337662337662337,18.181818181818183,69.48051948051948,58.44155844155844,11.03896103896104
E00163539,180,47,14,33,133,115,18,26.111111111111114,7.777777777777778,18.333333333333332,73.88888888888889,63.888888888888886,10
E00163540,220,64,19,45,156,141,15,29.09090909090909,8.636363636363637,20.454545454545457,70.9090909090909,64.0909090909091,6.8181818181818175
E00163541,136,38,8,30,98,91,7,27.941176470588236,5.88235294117647,22.058823529411764,72.05882352941177,66.91176470588235,5.147058823529411
E00163542,282,88,30,58,194,164,30,31.20567375886525,10.638297872340425,20.56737588652482,68.79432624113475,58.156028368794324,10.638297872340425
E00163544,155,36,7,29,119,106,13,23.225806451612904,4.516129032258064,18.70967741935484,76.77419354838709,68.38709677419355,8.38709677419355
E00163545,179,54,22,32,125,107,18,30.16759776536313,12.290502793296088,17.877094972067038,69.83240223463687,59.77653631284916,10.05586592178771
E00163546,161,47,19,28,114,100,14,29.19254658385093,11.801242236024844,17.391304347826086,70.80745341614907,62.11180124223602,8.695652173913043
E00163547,123,40,11,29,83,70,13,32.52032520325203,8.94308943089431,23.577235772357724,67.47967479674797,56.91056910569105,10.569105691056912
E00163548,64,28,9,19,36,29,7,43.75,14.0625,29.6875,56.25,45.3125,10.9375
E00163549,199,65,28,37,134,122,12,32.663316582914575,14.07035175879397,18.592964824120603,67.33668341708542,61.30653266331658,6.030150753768844
E00163550,153,43,14,29,110,97,13,28.104575163398692,9.15032679738562,18.954248366013072,71.89542483660131,63.39869281045751,8.49673202614379
E00163551,93,34,12,22,59,51,8,36.55913978494624,12.903225806451612,23.655913978494624,63.44086021505376,54.83870967741935,8.60215053763441
E00163552,42,12,6,6,30,27,3,28.57142857142857,14.285714285714285,14.285714285714285,71.42857142857143,64.28571428571429,7.142857142857142
E00163553,268,81,23,58,187,156,31,30.223880597014922,8.582089552238806,21.641791044776117,69.77611940298507,58.2089552238806,11.567164179104477
E00163554,165,50,21,29,115,95,20,30.303030303030305,12.727272727272727,17.575757575757574,69.6969696969697,57.57575757575758,12.121212121212121
E00163555,194,51,20,31,143,123,20,26.288659793814436,10.309278350515463,15.979381443298967,73.71134020618557,63.4020618556701,10.309278350515463
E00163556,93,28,13,15,65,62,3,30.107526881720432,13.978494623655912,16.129032258064516,69.89247311827957,66.66666666666666,3.225806451612903
E00163557,118,45,13,32,73,68,5,38.13559322033898,11.016949152542372,27.11864406779661,61.86440677966102,57.6271186440678,4.23728813559322
E00163558,150,40,15,25,110,94,16,26.666666666666668,10,16.666666666666664,73.33333333333333,62.66666666666667,10.666666666666668
E00163559,173,43,13,30,130,112,18,24.85549132947977,7.514450867052023,17.341040462427745,75.14450867052022,64.73988439306359,10.404624277456648
E00163560,119,36,13,23,83,72,11,30.252100840336134,10.92436974789916,19.327731092436977,69.74789915966386,60.50420168067227,9.243697478991598
E00163561,22,6,3,3,16,14,2,27.27272727272727,13.636363636363635,13.636363636363635,72.72727272727273,63.63636363636363,9.090909090909092
E00163562,87,26,9,17,61,52,9,29.88505747126437,10.344827586206897,19.54022988505747,70.11494252873564,59.77011494252874,10.344827586206897
E00163563,116,40,19,21,76,66,10,34.48275862068966,16.379310344827587,18.103448275862068,65.51724137931035,56.896551724137936,8.620689655172415
E00163564,169,56,15,41,113,101,12,33.13609467455622,8.875739644970414,24.2603550295858,66.86390532544378,59.76331360946746,7.100591715976331
E00163565,166,47,13,34,119,104,15,28.313253012048197,7.83132530120482,20.481927710843372,71.6867469879518,62.65060240963856,9.036144578313253
E00163566,208,82,32,50,126,108,18,39.42307692307692,15.384615384615385,24.03846153846154,60.57692307692307,51.92307692307693,8.653846153846153
E00163567,163,58,23,35,105,79,26,35.58282208588957,14.11042944785276,21.472392638036812,64.41717791411043,48.466257668711656,15.950920245398773
E00163568,158,57,16,41,101,85,16,36.075949367088604,10.126582278481013,25.949367088607595,63.92405063291139,53.79746835443038,10.126582278481013
E00163569,180,46,8,38,134,118,16,25.555555555555554,4.444444444444445,21.11111111111111,74.44444444444444,65.55555555555556,8.88888888888889
E00163570,151,44,13,31,107,90,17,29.13907284768212,8.609271523178808,20.52980132450331,70.86092715231787,59.60264900662252,11.258278145695364
E00163571,226,55,24,31,171,142,29,24.336283185840706,10.619469026548673,13.716814159292035,75.66371681415929,62.83185840707964,12.831858407079647
E00163573,107,32,14,18,75,64,11,29.906542056074763,13.084112149532709,16.822429906542055,70.09345794392523,59.813084112149525,10.2803738317757
E00163574,70,18,5,13,52,45,7,25.71428571428571,7.142857142857142,18.571428571428573,74.28571428571429,64.28571428571429,10
E00163576,118,29,5,24,89,78,11,24.576271186440678,4.23728813559322,20.33898305084746,75.42372881355932,66.10169491525424,9.322033898305085
E00163577,136,47,15,32,89,71,18,34.55882352941176,11.029411764705882,23.52941176470588,65.44117647058823,52.20588235294118,13.23529411764706
E00163578,155,43,8,35,112,101,11,27.741935483870968,5.161290322580645,22.58064516129032,72.25806451612902,65.16129032258064,7.096774193548387
E00163579,161,40,14,26,121,98,23,24.84472049689441,8.695652173913043,16.149068322981368,75.15527950310559,60.86956521739131,14.285714285714285
E00163580,161,50,12,38,111,99,12,31.05590062111801,7.453416149068323,23.60248447204969,68.94409937888199,61.49068322981367,7.453416149068323
E00163581,181,45,17,28,136,119,17,24.861878453038674,9.392265193370166,15.469613259668508,75.13812154696133,65.74585635359117,9.392265193370166
E00163582,174,45,14,31,129,95,34,25.862068965517242,8.045977011494253,17.81609195402299,74.13793103448276,54.59770114942529,19.54022988505747
E00163584,72,19,11,8,53,39,14,26.38888888888889,15.277777777777779,11.11111111111111,73.61111111111111,54.166666666666664,19.444444444444446
E00163586,169,66,19,47,103,89,14,39.053254437869825,11.242603550295858,27.810650887573964,60.946745562130175,52.662721893491124,8.284023668639055
E00163587,160,49,12,37,111,94,17,30.625000000000004,7.5,23.125,69.375,58.75,10.625
E00163588,122,36,10,26,86,76,10,29.508196721311474,8.19672131147541,21.311475409836063,70.49180327868852,62.295081967213115,8.19672131147541
E00163589,104,30,14,16,74,66,8,28.846153846153843,13.461538461538462,15.384615384615385,71.15384615384616,63.46153846153846,7.6923076923076925
E00163590,54,12,0,12,42,38,4,22.22222222222222,0,22.22222222222222,77.77777777777779,70.37037037037037,7.4074074074074066
E00163591,108,26,7,19,82,68,14,24.074074074074073,6.481481481481481,17.59259259259259,75.92592592592592,62.96296296296296,12.962962962962962
E00163592,278,71,20,51,207,169,38,25.539568345323744,7.1942446043165464,18.345323741007196,74.46043165467626,60.79136690647482,13.66906474820144
E00163593,144,48,17,31,96,93,3,33.33333333333333,11.805555555555555,21.52777777777778,66.66666666666666,64.58333333333334,2.083333333333333
E00163594,156,35,10,25,121,106,15,22.435897435897438,6.41025641025641,16.025641025641026,77.56410256410257,67.94871794871796,9.615384615384617
E00163595,152,41,5,36,111,95,16,26.973684210526315,3.289473684210526,23.684210526315788,73.02631578947368,62.5,10.526315789473683
E00163596,113,37,16,21,76,54,22,32.743362831858406,14.15929203539823,18.58407079646018,67.2566371681416,47.78761061946903,19.469026548672566
E00163597,150,53,27,26,97,70,27,35.333333333333336,18,17.333333333333336,64.66666666666666,46.666666666666664,18
E00163598,150,47,12,35,103,87,16,31.333333333333336,8,23.333333333333332,68.66666666666667,57.99999999999999,10.666666666666668
E00163599,75,31,16,15,44,32,12,41.333333333333336,21.333333333333336,20,58.666666666666664,42.66666666666667,16
E00163600,183,61,26,35,122,76,46,33.33333333333333,14.207650273224044,19.12568306010929,66.66666666666666,41.53005464480874,25.136612021857925
E00163601,111,42,22,20,69,60,9,37.83783783783784,19.81981981981982,18.01801801801802,62.16216216216216,54.054054054054056,8.108108108108109
E00163602,121,41,20,21,80,54,26,33.88429752066116,16.528925619834713,17.355371900826448,66.11570247933885,44.62809917355372,21.487603305785125
E00163603,115,39,14,25,76,57,19,33.91304347826087,12.173913043478262,21.73913043478261,66.08695652173913,49.56521739130435,16.52173913043478
E00163604,91,28,12,16,63,46,17,30.76923076923077,13.186813186813188,17.582417582417584,69.23076923076923,50.54945054945055,18.681318681318682
E00163605,73,24,7,17,49,36,13,32.87671232876712,9.58904109589041,23.28767123287671,67.12328767123287,49.31506849315068,17.80821917808219
E00163606,138,50,14,36,88,80,8,36.231884057971016,10.144927536231885,26.08695652173913,63.76811594202898,57.971014492753625,5.797101449275362
E00163607,171,72,30,42,99,88,11,42.10526315789473,17.543859649122805,24.561403508771928,57.89473684210527,51.461988304093566,6.432748538011696
E00163608,257,92,29,63,165,138,27,35.797665369649806,11.284046692607005,24.5136186770428,64.2023346303502,53.69649805447471,10.505836575875486
E00163609,113,38,11,27,75,67,8,33.6283185840708,9.734513274336283,23.893805309734514,66.3716814159292,59.29203539823009,7.079646017699115
E00163610,153,44,16,28,109,101,8,28.75816993464052,10.457516339869281,18.30065359477124,71.24183006535948,66.01307189542483,5.228758169934641
E00163611,142,48,16,32,94,83,11,33.80281690140845,11.267605633802818,22.535211267605636,66.19718309859155,58.45070422535211,7.746478873239436
E00163612,142,48,14,34,94,80,14,33.80281690140845,9.859154929577464,23.943661971830984,66.19718309859155,56.33802816901409,9.859154929577464
E00163613,157,48,11,37,109,92,17,30.573248407643312,7.006369426751593,23.56687898089172,69.42675159235668,58.59872611464968,10.828025477707007
E00163614,127,51,25,26,76,61,15,40.15748031496063,19.68503937007874,20.47244094488189,59.84251968503938,48.031496062992126,11.811023622047244
E00163615,270,81,28,53,189,155,34,30,10.37037037037037,19.62962962962963,70,57.407407407407405,12.592592592592592
E00163616,140,51,12,39,89,76,13,36.42857142857142,8.571428571428571,27.857142857142858,63.57142857142857,54.285714285714285,9.285714285714286
E00163618,196,63,20,43,133,121,12,32.142857142857146,10.204081632653061,21.93877551020408,67.85714285714286,61.73469387755102,6.122448979591836
E00163619,170,57,20,37,113,101,12,33.52941176470588,11.76470588235294,21.764705882352942,66.47058823529412,59.411764705882355,7.0588235294117645
E00163620,96,30,10,20,66,58,8,31.25,10.416666666666668,20.833333333333336,68.75,60.416666666666664,8.333333333333332
E00163621,82,28,9,19,54,37,17,34.146341463414636,10.975609756097562,23.170731707317074,65.85365853658537,45.1219512195122,20.73170731707317
E00163622,100,24,5,19,76,61,15,24,5,19,76,61,15
E00163623,158,48,21,27,110,87,23,30.37974683544304,13.291139240506327,17.088607594936708,69.62025316455697,55.06329113924051,14.556962025316455
E00163626,66,26,12,14,40,34,6,39.39393939393939,18.181818181818183,21.21212121212121,60.60606060606061,51.515151515151516,9.090909090909092
E00163627,203,69,25,44,134,100,34,33.99014778325123,12.31527093596059,21.67487684729064,66.00985221674877,49.26108374384236,16.748768472906402
E00163628,145,47,22,25,98,73,25,32.41379310344827,15.172413793103448,17.24137931034483,67.58620689655173,50.3448275862069,17.24137931034483
E00163629,131,52,15,37,79,55,24,39.69465648854962,11.450381679389313,28.24427480916031,60.30534351145038,41.98473282442748,18.3206106870229
E00163630,156,61,27,34,95,72,23,39.1025641025641,17.307692307692307,21.794871794871796,60.89743589743589,46.15384615384615,14.743589743589745
E00163631,148,56,26,30,92,77,15,37.83783783783784,17.56756756756757,20.27027027027027,62.16216216216216,52.02702702702703,10.135135135135135
E00163632,79,25,11,14,54,47,7,31.645569620253166,13.924050632911392,17.72151898734177,68.35443037974683,59.49367088607595,8.860759493670885
E00163633,192,74,33,41,118,89,29,38.54166666666667,17.1875,21.354166666666664,61.458333333333336,46.35416666666667,15.104166666666666
E00163634,104,31,6,25,73,55,18,29.807692307692307,5.769230769230769,24.03846153846154,70.1923076923077,52.88461538461539,17.307692307692307
E00163635,154,41,15,26,113,93,20,26.623376623376622,9.740259740259742,16.883116883116884,73.37662337662337,60.3896103896104,12.987012987012985
E00163636,134,36,15,21,98,74,24,26.865671641791046,11.194029850746269,15.671641791044777,73.13432835820896,55.223880597014926,17.91044776119403
E00163637,138,44,19,25,94,79,15,31.88405797101449,13.768115942028986,18.115942028985508,68.11594202898551,57.2463768115942,10.869565217391305
E00163638,168,52,15,37,116,103,13,30.952380952380953,8.928571428571429,22.023809523809522,69.04761904761905,61.30952380952381,7.738095238095238
E00163639,233,81,30,51,152,117,35,34.763948497854074,12.875536480686694,21.888412017167383,65.23605150214593,50.21459227467812,15.021459227467812
E00163640,188,60,18,42,128,117,11,31.914893617021278,9.574468085106384,22.340425531914892,68.08510638297872,62.23404255319149,5.851063829787234
E00163641,153,59,17,42,94,62,32,38.56209150326798,11.11111111111111,27.450980392156865,61.43790849673203,40.52287581699346,20.915032679738562
E00163642,132,45,24,21,87,70,17,34.090909090909086,18.181818181818183,15.909090909090908,65.9090909090909,53.03030303030303,12.878787878787879
E00163643,92,30,17,13,62,38,24,32.608695652173914,18.478260869565215,14.130434782608695,67.3913043478261,41.30434782608695,26.08695652173913
E00163644,192,68,26,42,124,85,39,35.41666666666667,13.541666666666666,21.875,64.58333333333334,44.27083333333333,20.3125
E00163645,115,46,22,24,69,56,13,40,19.130434782608695,20.869565217391305,60,48.69565217391305,11.304347826086957
E00163647,141,53,27,26,88,66,22,37.5886524822695,19.148936170212767,18.439716312056735,62.4113475177305,46.808510638297875,15.602836879432624
E00163649,181,42,14,28,139,128,11,23.204419889502763,7.734806629834254,15.469613259668508,76.79558011049724,70.71823204419888,6.077348066298343
E00163650,178,50,19,31,128,113,15,28.08988764044944,10.674157303370785,17.415730337078653,71.91011235955057,63.48314606741573,8.426966292134832
E00163651,200,66,24,42,134,123,11,33,12,21,67,61.5,5.5
E00163652,143,43,9,34,100,87,13,30.069930069930066,6.293706293706294,23.776223776223777,69.93006993006993,60.83916083916085,9.090909090909092
E00163654,185,39,12,27,146,130,16,21.08108108108108,6.486486486486487,14.594594594594595,78.91891891891892,70.27027027027027,8.64864864864865
E00163655,187,41,10,31,146,138,8,21.92513368983957,5.347593582887701,16.577540106951872,78.07486631016043,73.79679144385027,4.27807486631016
E00163656,180,56,16,40,124,112,12,31.11111111111111,8.88888888888889,22.22222222222222,68.88888888888889,62.22222222222222,6.666666666666667
E00163657,202,66,30,36,136,118,18,32.67326732673268,14.85148514851485,17.82178217821782,67.32673267326733,58.415841584158414,8.91089108910891
E00163658,168,41,17,24,127,104,23,24.404761904761905,10.119047619047619,14.285714285714285,75.59523809523809,61.904761904761905,13.690476190476192
E00163659,146,54,16,38,92,78,14,36.986301369863014,10.95890410958904,26.027397260273972,63.013698630136986,53.42465753424658,9.58904109589041
E00163660,153,52,17,35,101,89,12,33.98692810457516,11.11111111111111,22.875816993464053,66.01307189542483,58.16993464052288,7.8431372549019605
E00163661,135,49,18,31,86,76,10,36.2962962962963,13.333333333333334,22.962962962962962,63.70370370370371,56.2962962962963,7.4074074074074066
E00163662,79,27,5,22,52,39,13,34.177215189873415,6.329113924050633,27.848101265822784,65.82278481012658,49.36708860759494,16.455696202531644
E00163663,138,52,19,33,86,79,7,37.68115942028986,13.768115942028986,23.91304347826087,62.31884057971014,57.2463768115942,5.072463768115942
E00163664,151,53,21,32,98,88,10,35.099337748344375,13.90728476821192,21.192052980132452,64.90066225165563,58.27814569536424,6.622516556291391
E00163665,162,55,21,34,107,93,14,33.95061728395062,12.962962962962962,20.98765432098765,66.0493827160494,57.407407407407405,8.641975308641975
E00163667,231,75,24,51,156,136,20,32.467532467532465,10.38961038961039,22.07792207792208,67.53246753246754,58.87445887445888,8.658008658008658
E00163668,177,53,16,37,124,110,14,29.943502824858758,9.03954802259887,20.903954802259886,70.05649717514125,62.14689265536724,7.909604519774012
E00163669,211,55,18,37,156,134,22,26.066350710900476,8.530805687203792,17.535545023696685,73.93364928909952,63.507109004739334,10.42654028436019
E00163670,107,36,13,23,71,65,6,33.64485981308411,12.149532710280374,21.49532710280374,66.35514018691589,60.747663551401864,5.607476635514018
E00163671,170,46,13,33,124,106,18,27.058823529411764,7.647058823529412,19.411764705882355,72.94117647058823,62.35294117647059,10.588235294117647
E00163672,131,42,16,26,89,79,10,32.06106870229007,12.213740458015266,19.84732824427481,67.93893129770993,60.30534351145038,7.633587786259542
E00163673,116,40,11,29,76,67,9,34.48275862068966,9.482758620689655,25,65.51724137931035,57.758620689655174,7.758620689655173
E00163674,164,37,15,22,127,110,17,22.5609756097561,9.146341463414634,13.414634146341465,77.4390243902439,67.07317073170732,10.365853658536585
E00163675,149,40,9,31,109,94,15,26.845637583892618,6.0402684563758395,20.80536912751678,73.15436241610739,63.08724832214765,10.06711409395973
E00163676,136,36,13,23,100,93,7,26.47058823529412,9.558823529411764,16.911764705882355,73.52941176470588,68.38235294117648,5.147058823529411
E00163677,90,32,14,18,58,49,9,35.55555555555556,15.555555555555555,20,64.44444444444444,54.44444444444444,10
E00163678,170,43,11,32,127,110,17,25.294117647058822,6.470588235294119,18.823529411764707,74.70588235294117,64.70588235294117,10
E00163679,120,42,23,19,78,63,15,35,19.166666666666668,15.833333333333332,65,52.5,12.5
E00163680,171,54,20,34,117,98,19,31.57894736842105,11.695906432748536,19.883040935672515,68.42105263157895,57.30994152046783,11.11111111111111
E00163681,122,32,8,24,90,79,11,26.229508196721312,6.557377049180328,19.672131147540984,73.77049180327869,64.75409836065575,9.01639344262295
E00163682,151,41,9,32,110,100,10,27.1523178807947,5.960264900662252,21.192052980132452,72.84768211920529,66.22516556291392,6.622516556291391
E00163683,162,32,7,25,130,120,10,19.753086419753085,4.320987654320987,15.432098765432098,80.24691358024691,74.07407407407408,6.172839506172839
E00163684,157,46,18,28,111,98,13,29.29936305732484,11.464968152866243,17.8343949044586,70.70063694267516,62.42038216560509,8.280254777070063
E00163685,175,51,14,37,124,116,8,29.142857142857142,8,21.142857142857142,70.85714285714285,66.28571428571428,4.571428571428571
E00163686,156,48,12,36,108,96,12,30.76923076923077,7.6923076923076925,23.076923076923077,69.23076923076923,61.53846153846154,7.6923076923076925
E00163687,113,38,12,26,75,68,7,33.6283185840708,10.619469026548673,23.008849557522122,66.3716814159292,60.17699115044248,6.1946902654867255
E00163689,146,45,15,30,101,88,13,30.82191780821918,10.273972602739725,20.54794520547945,69.17808219178082,60.273972602739725,8.904109589041095
E00163691,134,45,12,33,89,84,5,33.582089552238806,8.955223880597014,24.62686567164179,66.4179104477612,62.68656716417911,3.731343283582089
E00163692,147,43,16,27,104,94,10,29.25170068027211,10.884353741496598,18.367346938775512,70.74829931972789,63.94557823129252,6.802721088435375
E00163693,214,60,13,47,154,141,13,28.037383177570092,6.074766355140187,21.962616822429908,71.96261682242991,65.88785046728972,6.074766355140187
E00163694,228,71,31,40,157,142,15,31.140350877192986,13.596491228070176,17.543859649122805,68.85964912280701,62.28070175438597,6.578947368421052
E00163695,118,39,10,29,79,72,7,33.05084745762712,8.47457627118644,24.576271186440678,66.94915254237289,61.016949152542374,5.932203389830509
E00163696,191,50,17,33,141,128,13,26.17801047120419,8.900523560209423,17.277486910994764,73.82198952879581,67.01570680628272,6.806282722513089
E00163697,176,59,19,40,117,99,18,33.52272727272727,10.795454545454545,22.727272727272727,66.47727272727273,56.25,10.227272727272728
E00163698,203,60,17,43,143,126,17,29.55665024630542,8.374384236453201,21.182266009852217,70.44334975369459,62.06896551724138,8.374384236453201
E00163699,197,63,20,43,134,116,18,31.979695431472084,10.152284263959391,21.82741116751269,68.02030456852792,58.88324873096447,9.137055837563452
E00163700,132,50,19,31,82,67,15,37.878787878787875,14.393939393939394,23.484848484848484,62.121212121212125,50.75757575757576,11.363636363636363
E00163701,171,64,22,42,107,95,12,37.42690058479532,12.865497076023392,24.561403508771928,62.57309941520468,55.55555555555556,7.017543859649122
E00163702,125,41,14,27,84,75,9,32.800000000000004,11.200000000000001,21.6,67.2,60,7.199999999999999
E00163703,138,45,12,33,93,85,8,32.608695652173914,8.695652173913043,23.91304347826087,67.3913043478261,61.59420289855072,5.797101449275362
E00163704,141,48,18,30,93,85,8,34.04255319148936,12.76595744680851,21.27659574468085,65.95744680851064,60.28368794326241,5.673758865248227
E00163705,123,22,7,15,101,93,8,17.88617886178862,5.691056910569105,12.195121951219512,82.11382113821138,75.60975609756098,6.504065040650407
E00163706,169,41,25,16,128,117,11,24.2603550295858,14.792899408284024,9.467455621301776,75.7396449704142,69.23076923076923,6.508875739644971
E00163707,144,56,13,43,88,81,7,38.88888888888889,9.027777777777777,29.86111111111111,61.111111111111114,56.25,4.861111111111112
E00163708,122,47,15,32,75,59,16,38.52459016393443,12.295081967213115,26.229508196721312,61.47540983606557,48.36065573770492,13.114754098360656
E00163709,190,75,33,42,115,104,11,39.473684210526315,17.36842105263158,22.105263157894736,60.526315789473685,54.736842105263165,5.7894736842105265
E00163710,189,62,14,48,127,101,26,32.804232804232804,7.4074074074074066,25.396825396825395,67.1957671957672,53.43915343915344,13.756613756613756
E00163711,133,53,17,36,80,72,8,39.849624060150376,12.781954887218044,27.06766917293233,60.150375939849624,54.13533834586466,6.015037593984962
E00163712,163,59,29,30,104,87,17,36.19631901840491,17.791411042944784,18.404907975460123,63.80368098159509,53.37423312883436,10.429447852760736
E00163713,179,49,21,28,130,110,20,27.37430167597765,11.731843575418994,15.64245810055866,72.62569832402235,61.452513966480446,11.1731843575419
E00163714,171,61,16,45,110,91,19,35.67251461988304,9.35672514619883,26.31578947368421,64.32748538011695,53.216374269005854,11.11111111111111
E00163715,155,54,14,40,101,94,7,34.83870967741935,9.032258064516128,25.806451612903224,65.16129032258064,60.64516129032258,4.516129032258064
E00163716,161,55,17,38,106,92,14,34.161490683229815,10.559006211180124,23.60248447204969,65.83850931677019,57.14285714285714,8.695652173913043
E00163717,146,44,12,32,102,87,15,30.136986301369863,8.21917808219178,21.91780821917808,69.86301369863014,59.589041095890416,10.273972602739725
E00163718,138,36,15,21,102,90,12,26.08695652173913,10.869565217391305,15.217391304347828,73.91304347826086,65.21739130434783,8.695652173913043
E00163719,157,46,14,32,111,97,14,29.29936305732484,8.9171974522293,20.382165605095544,70.70063694267516,61.78343949044586,8.9171974522293
E00163720,139,44,14,30,95,87,8,31.654676258992804,10.071942446043165,21.58273381294964,68.34532374100719,62.589928057553955,5.755395683453238
E00163721,189,56,15,41,133,111,22,29.629629629629626,7.936507936507936,21.693121693121693,70.37037037037037,58.730158730158735,11.64021164021164
E00163722,161,67,19,48,94,83,11,41.61490683229814,11.801242236024844,29.81366459627329,58.38509316770186,51.5527950310559,6.832298136645963
E00163723,101,36,14,22,65,56,9,35.64356435643564,13.861386138613863,21.782178217821784,64.35643564356435,55.44554455445545,8.91089108910891
E00163724,123,38,14,24,85,67,18,30.89430894308943,11.38211382113821,19.51219512195122,69.10569105691057,54.47154471544715,14.634146341463413
E00163727,151,49,19,30,102,92,10,32.450331125827816,12.582781456953644,19.867549668874172,67.54966887417218,60.9271523178808,6.622516556291391
E00163728,123,38,16,22,85,72,13,30.89430894308943,13.008130081300814,17.88617886178862,69.10569105691057,58.536585365853654,10.569105691056912
E00163729,263,66,21,45,197,169,28,25.09505703422053,7.984790874524715,17.110266159695815,74.90494296577947,64.25855513307985,10.646387832699618
E00163731,167,40,10,30,127,116,11,23.952095808383234,5.9880239520958085,17.964071856287426,76.04790419161677,69.46107784431138,6.58682634730539
E00163733,94,32,12,20,62,50,12,34.04255319148936,12.76595744680851,21.27659574468085,65.95744680851064,53.191489361702125,12.76595744680851
E00163734,153,29,5,24,124,103,21,18.954248366013072,3.2679738562091507,15.686274509803921,81.04575163398692,67.3202614379085,13.725490196078432
E00163736,120,34,9,25,86,77,9,28.333333333333332,7.5,20.833333333333336,71.66666666666667,64.16666666666667,7.5
E00163737,164,44,11,33,120,112,8,26.82926829268293,6.707317073170732,20.121951219512198,73.17073170731707,68.29268292682927,4.878048780487805
E00163738,154,44,13,31,110,92,18,28.57142857142857,8.441558441558442,20.12987012987013,71.42857142857143,59.74025974025974,11.688311688311687
E00163739,145,55,12,43,90,79,11,37.93103448275862,8.275862068965518,29.655172413793103,62.06896551724138,54.48275862068965,7.586206896551724
E00163740,179,60,18,42,119,99,20,33.5195530726257,10.05586592178771,23.463687150837988,66.4804469273743,55.3072625698324,11.1731843575419
E00163741,59,26,8,18,33,30,3,44.06779661016949,13.559322033898304,30.508474576271187,55.932203389830505,50.847457627118644,5.084745762711865
E00163742,100,30,8,22,70,58,12,30,8,22,70,57.99999999999999,12
E00163743,105,33,9,24,72,59,13,31.428571428571427,8.571428571428571,22.857142857142858,68.57142857142857,56.19047619047619,12.380952380952381
E00163744,142,56,19,37,86,77,9,39.436619718309856,13.380281690140844,26.056338028169012,60.56338028169014,54.22535211267606,6.338028169014084
E00163745,178,34,11,23,144,118,26,19.101123595505616,6.179775280898876,12.921348314606742,80.89887640449437,66.29213483146067,14.606741573033707
E00163746,132,57,22,35,75,68,7,43.18181818181818,16.666666666666664,26.515151515151516,56.81818181818182,51.515151515151516,5.303030303030303
E00163747,110,35,13,22,75,61,14,31.818181818181817,11.818181818181818,20,68.18181818181817,55.45454545454545,12.727272727272727
E00163748,232,46,10,36,186,119,67,19.82758620689655,4.310344827586207,15.517241379310345,80.17241379310344,51.293103448275865,28.879310344827587
E00163749,136,29,4,25,107,91,16,21.323529411764707,2.941176470588235,18.38235294117647,78.67647058823529,66.91176470588235,11.76470588235294
E00163750,84,27,6,21,57,53,4,32.142857142857146,7.142857142857142,25,67.85714285714286,63.095238095238095,4.761904761904762
E00163751,127,17,7,10,110,88,22,13.385826771653544,5.511811023622047,7.874015748031496,86.61417322834646,69.29133858267717,17.322834645669293
E00163752,118,31,6,25,87,68,19,26.27118644067797,5.084745762711865,21.1864406779661,73.72881355932203,57.6271186440678,16.101694915254235
E00163753,175,51,20,31,124,108,16,29.142857142857142,11.428571428571429,17.71428571428571,70.85714285714285,61.71428571428571,9.142857142857142
E00163754,179,34,10,24,145,121,24,18.994413407821227,5.58659217877095,13.40782122905028,81.00558659217877,67.59776536312849,13.40782122905028
E00163755,169,37,11,26,132,118,14,21.893491124260358,6.508875739644971,15.384615384615385,78.10650887573965,69.8224852071006,8.284023668639055
E00163756,116,42,16,26,74,61,13,36.206896551724135,13.793103448275861,22.413793103448278,63.793103448275865,52.58620689655172,11.206896551724139
E00163757,150,38,10,28,112,92,20,25.333333333333336,6.666666666666667,18.666666666666668,74.66666666666667,61.33333333333333,13.333333333333334
E00163758,126,50,18,32,76,71,5,39.682539682539684,14.285714285714285,25.396825396825395,60.317460317460316,56.34920634920635,3.968253968253968
E00163759,154,39,16,23,115,98,17,25.324675324675322,10.38961038961039,14.935064935064934,74.67532467532467,63.63636363636363,11.03896103896104
E00163760,37,16,9,7,21,18,3,43.24324324324324,24.324324324324326,18.91891891891892,56.75675675675676,48.64864864864865,8.108108108108109
E00163761,308,64,20,44,244,187,57,20.77922077922078,6.493506493506493,14.285714285714285,79.22077922077922,60.71428571428571,18.506493506493506
E00163762,110,36,15,21,74,64,10,32.72727272727273,13.636363636363635,19.090909090909093,67.27272727272727,58.18181818181818,9.090909090909092
E00163763,121,34,16,18,87,73,14,28.09917355371901,13.223140495867769,14.87603305785124,71.900826446281,60.33057851239669,11.570247933884298
E00163764,127,40,12,28,87,70,17,31.496062992125985,9.448818897637794,22.04724409448819,68.50393700787401,55.118110236220474,13.385826771653544
E00163765,103,31,5,26,72,58,14,30.097087378640776,4.854368932038835,25.24271844660194,69.90291262135922,56.310679611650485,13.592233009708737
E00163766,155,41,16,25,114,88,26,26.451612903225808,10.32258064516129,16.129032258064516,73.54838709677419,56.774193548387096,16.7741935483871
E00163767,116,33,11,22,83,75,8,28.448275862068968,9.482758620689655,18.96551724137931,71.55172413793103,64.65517241379311,6.896551724137931
E00163768,120,40,15,25,80,66,14,33.33333333333333,12.5,20.833333333333336,66.66666666666666,55.00000000000001,11.666666666666666
E00163769,160,52,15,37,108,97,11,32.5,9.375,23.125,67.5,60.62499999999999,6.875000000000001
E00163770,145,48,11,37,97,78,19,33.10344827586207,7.586206896551724,25.517241379310345,66.89655172413794,53.79310344827586,13.10344827586207
E00163771,172,61,17,44,111,88,23,35.46511627906977,9.883720930232558,25.581395348837212,64.53488372093024,51.162790697674424,13.372093023255813
E00163772,116,36,14,22,80,65,15,31.03448275862069,12.068965517241379,18.96551724137931,68.96551724137932,56.03448275862068,12.931034482758621
E00163773,148,53,21,32,95,76,19,35.810810810810814,14.18918918918919,21.62162162162162,64.1891891891892,51.35135135135135,12.837837837837837
E00163774,184,50,18,32,134,120,14,27.173913043478258,9.782608695652174,17.391304347826086,72.82608695652173,65.21739130434783,7.608695652173914
E00163775,150,46,19,27,104,86,18,30.666666666666664,12.666666666666668,18,69.33333333333334,57.333333333333336,12
E00163776,101,39,13,26,62,52,10,38.613861386138616,12.871287128712872,25.742574257425744,61.386138613861384,51.48514851485149,9.900990099009901
E00163777,149,49,16,33,100,87,13,32.88590604026846,10.738255033557047,22.14765100671141,67.11409395973155,58.38926174496645,8.724832214765101
E00163778,162,57,21,36,105,87,18,35.18518518518518,12.962962962962962,22.22222222222222,64.81481481481481,53.70370370370371,11.11111111111111
E00163779,146,42,13,29,104,99,5,28.767123287671232,8.904109589041095,19.863013698630137,71.23287671232876,67.8082191780822,3.4246575342465753
E00163780,102,29,9,20,73,69,4,28.431372549019606,8.823529411764707,19.607843137254903,71.56862745098039,67.64705882352942,3.9215686274509802
E00163781,141,56,20,36,85,76,9,39.71631205673759,14.184397163120568,25.53191489361702,60.28368794326241,53.90070921985816,6.382978723404255
E00163782,125,33,9,24,92,81,11,26.400000000000002,7.199999999999999,19.2,73.6,64.8,8.799999999999999
E00163784,134,47,16,31,87,73,14,35.07462686567165,11.940298507462686,23.134328358208954,64.92537313432835,54.47761194029851,10.44776119402985
E00163785,144,47,11,36,97,81,16,32.63888888888889,7.638888888888889,25,67.36111111111111,56.25,11.11111111111111
E00163786,170,50,14,36,120,103,17,29.411764705882355,8.235294117647058,21.176470588235293,70.58823529411765,60.588235294117645,10
E00163787,171,50,23,27,121,102,19,29.239766081871345,13.450292397660817,15.789473684210526,70.76023391812866,59.64912280701754,11.11111111111111
E00163788,90,42,13,29,48,38,10,46.666666666666664,14.444444444444443,32.22222222222222,53.333333333333336,42.22222222222222,11.11111111111111
E00163789,182,61,17,44,121,107,14,33.51648351648351,9.340659340659341,24.175824175824175,66.48351648351648,58.791208791208796,7.6923076923076925
E00163790,119,42,10,32,77,61,16,35.294117647058826,8.403361344537815,26.89075630252101,64.70588235294117,51.26050420168067,13.445378151260504
E00163791,236,75,26,49,161,130,31,31.779661016949152,11.016949152542372,20.76271186440678,68.22033898305084,55.08474576271186,13.135593220338984
E00163792,170,40,13,27,130,104,26,23.52941176470588,7.647058823529412,15.88235294117647,76.47058823529412,61.1764705882353,15.294117647058824
E00163793,144,34,13,21,110,96,14,23.61111111111111,9.027777777777777,14.583333333333334,76.38888888888889,66.66666666666666,9.722222222222223
E00163794,135,33,9,24,102,83,19,24.444444444444443,6.666666666666667,17.77777777777778,75.55555555555556,61.48148148148148,14.074074074074074
E00163795,110,37,10,27,73,59,14,33.63636363636363,9.090909090909092,24.545454545454547,66.36363636363637,53.63636363636364,12.727272727272727
E00163796,191,52,22,30,139,110,29,27.225130890052355,11.518324607329843,15.706806282722512,72.77486910994764,57.59162303664922,15.18324607329843
E00163797,177,50,16,34,127,103,24,28.24858757062147,9.03954802259887,19.2090395480226,71.75141242937853,58.19209039548022,13.559322033898304
E00163798,116,46,19,27,70,60,10,39.6551724137931,16.379310344827587,23.275862068965516,60.3448275862069,51.724137931034484,8.620689655172415
E00163799,141,44,17,27,97,85,12,31.20567375886525,12.056737588652481,19.148936170212767,68.79432624113475,60.28368794326241,8.51063829787234
E00163800,184,58,20,38,126,109,17,31.521739130434785,10.869565217391305,20.652173913043477,68.47826086956522,59.2391304347826,9.239130434782608
E00163801,152,48,22,26,104,71,33,31.57894736842105,14.473684210526317,17.105263157894736,68.42105263157895,46.71052631578947,21.710526315789476
E00163802,183,56,16,40,127,106,21,30.601092896174865,8.743169398907105,21.85792349726776,69.39890710382514,57.92349726775956,11.475409836065573
E00163803,146,45,16,29,101,87,14,30.82191780821918,10.95890410958904,19.863013698630137,69.17808219178082,59.589041095890416,9.58904109589041
E00163805,202,63,18,45,139,108,31,31.18811881188119,8.91089108910891,22.277227722772277,68.8118811881188,53.46534653465347,15.346534653465346
E00163806,48,13,5,8,35,30,5,27.083333333333332,10.416666666666668,16.666666666666664,72.91666666666666,62.5,10.416666666666668
E00163807,259,62,22,40,197,163,34,23.93822393822394,8.494208494208493,15.444015444015443,76.06177606177607,62.93436293436293,13.127413127413126
E00163809,156,52,18,34,104,89,15,33.33333333333333,11.538461538461538,21.794871794871796,66.66666666666666,57.05128205128205,9.615384615384617
E00163810,138,36,12,24,102,92,10,26.08695652173913,8.695652173913043,17.391304347826086,73.91304347826086,66.66666666666666,7.246376811594203
E00163811,140,36,8,28,104,99,5,25.71428571428571,5.714285714285714,20,74.28571428571429,70.71428571428572,3.571428571428571
E00163812,85,27,7,20,58,51,7,31.76470588235294,8.235294117647058,23.52941176470588,68.23529411764706,60,8.235294117647058
E00163813,171,54,17,37,117,104,13,31.57894736842105,9.941520467836257,21.637426900584796,68.42105263157895,60.81871345029239,7.602339181286549
E00163814,200,63,23,40,137,116,21,31.5,11.5,20,68.5,57.99999999999999,10.5
E00163815,168,62,15,47,106,92,14,36.904761904761905,8.928571428571429,27.976190476190478,63.095238095238095,54.761904761904766,8.333333333333332
E00163816,173,47,13,34,126,108,18,27.167630057803464,7.514450867052023,19.653179190751445,72.83236994219652,62.42774566473989,10.404624277456648
E00163817,159,52,12,40,107,100,7,32.70440251572327,7.547169811320755,25.157232704402517,67.29559748427673,62.893081761006286,4.40251572327044
E00163818,170,47,17,30,123,105,18,27.647058823529413,10,17.647058823529413,72.35294117647058,61.76470588235294,10.588235294117647
E00163819,199,64,25,39,135,108,27,32.1608040201005,12.562814070351758,19.597989949748744,67.8391959798995,54.2713567839196,13.5678391959799
E00163821,173,49,19,30,124,110,14,28.32369942196532,10.982658959537572,17.341040462427745,71.67630057803468,63.58381502890174,8.092485549132949
E00163822,130,38,14,24,92,83,9,29.230769230769234,10.76923076923077,18.461538461538463,70.76923076923077,63.84615384615384,6.923076923076923
E00163824,179,37,12,25,142,120,22,20.670391061452513,6.70391061452514,13.966480446927374,79.3296089385475,67.0391061452514,12.290502793296088
E00163825,228,55,16,39,173,147,26,24.12280701754386,7.017543859649122,17.105263157894736,75.87719298245614,64.47368421052632,11.403508771929824
E00163826,112,40,12,28,72,63,9,35.714285714285715,10.714285714285714,25,64.28571428571429,56.25,8.035714285714286
E00163827,200,54,18,36,146,126,20,27,9,18,73,63,10
E00163828,86,29,7,22,57,48,9,33.72093023255814,8.13953488372093,25.581395348837212,66.27906976744185,55.81395348837209,10.465116279069768
E00163829,139,23,11,12,116,91,25,16.546762589928058,7.913669064748201,8.633093525179856,83.45323741007195,65.46762589928058,17.985611510791365
E00163830,187,46,12,34,141,122,19,24.598930481283425,6.417112299465241,18.181818181818183,75.40106951871658,65.24064171122996,10.16042780748663
E00163831,263,75,32,43,188,157,31,28.517110266159694,12.167300380228136,16.34980988593156,71.48288973384031,59.6958174904943,11.787072243346007
E00163832,170,40,12,28,130,120,10,23.52941176470588,7.0588235294117645,16.470588235294116,76.47058823529412,70.58823529411765,5.88235294117647
E00163833,145,43,12,31,102,80,22,29.655172413793103,8.275862068965518,21.379310344827587,70.34482758620689,55.172413793103445,15.172413793103448
E00163834,128,36,10,26,92,79,13,28.125,7.8125,20.3125,71.875,61.71875,10.15625
E00163835,180,54,24,30,126,105,21,30,13.333333333333334,16.666666666666664,70,58.333333333333336,11.666666666666666
E00163836,125,43,12,31,82,72,10,34.4,9.6,24.8,65.60000000000001,57.599999999999994,8
E00163837,209,59,15,44,150,122,28,28.22966507177033,7.177033492822966,21.052631578947366,71.77033492822966,58.3732057416268,13.397129186602871
E00163839,95,27,7,20,68,53,15,28.421052631578945,7.368421052631578,21.052631578947366,71.57894736842105,55.78947368421052,15.789473684210526
E00163840,235,72,28,44,163,132,31,30.638297872340424,11.914893617021278,18.72340425531915,69.36170212765957,56.17021276595745,13.191489361702127
E00166334,155,50,26,24,105,90,15,32.25806451612903,16.7741935483871,15.483870967741936,67.74193548387096,58.06451612903226,9.67741935483871
E00166335,100,26,5,21,74,57,17,26,5,21,74,56.99999999999999,17
E00166336,112,26,7,19,86,72,14,23.214285714285715,6.25,16.964285714285715,76.78571428571429,64.28571428571429,12.5
E00166337,164,42,16,26,122,108,14,25.609756097560975,9.75609756097561,15.853658536585366,74.39024390243902,65.85365853658537,8.536585365853659
E00166338,131,45,14,31,86,73,13,34.35114503816794,10.687022900763358,23.66412213740458,65.64885496183206,55.72519083969466,9.923664122137405
E00166339,152,47,20,27,105,98,7,30.92105263157895,13.157894736842104,17.763157894736842,69.07894736842105,64.47368421052632,4.605263157894736
E00166340,113,39,16,23,74,62,12,34.51327433628318,14.15929203539823,20.353982300884958,65.48672566371681,54.86725663716814,10.619469026548673
E00166341,141,49,15,34,92,76,16,34.751773049645394,10.638297872340425,24.113475177304963,65.24822695035462,53.90070921985816,11.347517730496454
E00166342,148,39,15,24,109,92,17,26.351351351351347,10.135135135135135,16.216216216216218,73.64864864864865,62.16216216216216,11.486486486486488
E00166343,143,44,11,33,99,79,20,30.76923076923077,7.6923076923076925,23.076923076923077,69.23076923076923,55.24475524475524,13.986013986013987
E00166344,177,59,27,32,118,98,20,33.33333333333333,15.254237288135593,18.07909604519774,66.66666666666666,55.367231638418076,11.299435028248588
E00166345,177,45,16,29,132,114,18,25.423728813559322,9.03954802259887,16.38418079096045,74.57627118644068,64.40677966101694,10.16949152542373
E00166346,165,36,10,26,129,108,21,21.818181818181817,6.0606060606060606,15.757575757575756,78.18181818181819,65.45454545454545,12.727272727272727
E00166347,139,32,9,23,107,92,15,23.021582733812952,6.474820143884892,16.546762589928058,76.97841726618705,66.18705035971223,10.79136690647482
E00166348,138,38,6,32,100,88,12,27.536231884057973,4.3478260869565215,23.18840579710145,72.46376811594203,63.76811594202898,8.695652173913043
E00166349,109,29,5,24,80,69,11,26.605504587155966,4.587155963302752,22.018348623853214,73.39449541284404,63.30275229357798,10.091743119266056
E00166350,55,15,4,11,40,33,7,27.27272727272727,7.2727272727272725,20,72.72727272727273,60,12.727272727272727
E00166351,200,64,20,44,136,114,22,32,10,22,68,56.99999999999999,11
E00166352,56,11,5,6,45,37,8,19.642857142857142,8.928571428571429,10.714285714285714,80.35714285714286,66.07142857142857,14.285714285714285
E00166353,164,34,12,22,130,100,30,20.73170731707317,7.317073170731707,13.414634146341465,79.26829268292683,60.97560975609756,18.29268292682927
E00166354,140,33,6,27,107,84,23,23.57142857142857,4.285714285714286,19.28571428571429,76.42857142857142,60,16.428571428571427
E00166355,200,42,11,31,158,134,24,21,5.5,15.5,79,67,12
E00166356,159,39,14,25,120,95,25,24.528301886792452,8.80503144654088,15.723270440251572,75.47169811320755,59.74842767295597,15.723270440251572
E00166357,177,35,8,27,142,122,20,19.774011299435028,4.519774011299435,15.254237288135593,80.22598870056498,68.92655367231639,11.299435028248588
E00166358,160,35,15,20,125,103,22,21.875,9.375,12.5,78.125,64.375,13.750000000000002
E00166359,189,50,17,33,139,111,28,26.455026455026452,8.994708994708994,17.46031746031746,73.54497354497354,58.730158730158735,14.814814814814813
E00166360,146,43,13,30,103,92,11,29.45205479452055,8.904109589041095,20.54794520547945,70.54794520547945,63.013698630136986,7.534246575342466
E00166361,138,43,21,22,95,77,18,31.15942028985507,15.217391304347828,15.942028985507244,68.84057971014492,55.79710144927537,13.043478260869565
E00166362,126,31,8,23,95,87,8,24.6031746031746,6.349206349206349,18.253968253968253,75.39682539682539,69.04761904761905,6.349206349206349
E00166363,169,54,18,36,115,95,20,31.952662721893493,10.650887573964498,21.301775147928996,68.04733727810651,56.213017751479285,11.834319526627219
E00166364,159,49,19,30,110,94,16,30.81761006289308,11.949685534591195,18.867924528301888,69.18238993710692,59.11949685534591,10.062893081761008
E00166365,147,39,11,28,108,92,16,26.53061224489796,7.482993197278912,19.047619047619047,73.46938775510205,62.585034013605444,10.884353741496598
E00166366,118,34,11,23,84,79,5,28.8135593220339,9.322033898305085,19.491525423728813,71.1864406779661,66.94915254237289,4.23728813559322
E00166367,181,48,15,33,133,112,21,26.519337016574585,8.287292817679557,18.23204419889503,73.48066298342542,61.87845303867403,11.602209944751381
E00166368,163,31,11,20,132,108,24,19.018404907975462,6.748466257668712,12.269938650306749,80.98159509202453,66.25766871165644,14.723926380368098
E00166369,164,43,16,27,121,105,16,26.21951219512195,9.75609756097561,16.463414634146343,73.78048780487805,64.02439024390245,9.75609756097561
E00166370,141,42,13,29,99,89,10,29.78723404255319,9.219858156028367,20.56737588652482,70.2127659574468,63.12056737588653,7.092198581560284
E00166371,154,48,12,36,106,83,23,31.16883116883117,7.792207792207792,23.376623376623375,68.83116883116884,53.896103896103895,14.935064935064934
E00166372,156,35,5,30,121,105,16,22.435897435897438,3.205128205128205,19.230769230769234,77.56410256410257,67.3076923076923,10.256410256410255
E00166373,93,33,11,22,60,50,10,35.483870967741936,11.827956989247312,23.655913978494624,64.51612903225806,53.76344086021505,10.75268817204301
E00166374,146,36,10,26,110,100,10,24.65753424657534,6.8493150684931505,17.80821917808219,75.34246575342466,68.4931506849315,6.8493150684931505
E00166375,134,26,10,16,108,96,12,19.402985074626866,7.462686567164178,11.940298507462686,80.59701492537313,71.64179104477611,8.955223880597014
E00166376,183,45,22,23,138,115,23,24.59016393442623,12.021857923497267,12.568306010928962,75.40983606557377,62.841530054644814,12.568306010928962
E00166377,173,35,8,27,138,120,18,20.23121387283237,4.624277456647398,15.606936416184972,79.76878612716763,69.36416184971098,10.404624277456648
E00166378,160,34,12,22,126,111,15,21.25,7.5,13.750000000000002,78.75,69.375,9.375
E00166379,191,54,15,39,137,121,16,28.272251308900525,7.853403141361256,20.418848167539267,71.72774869109948,63.35078534031413,8.37696335078534
E00166380,52,22,12,10,30,24,6,42.30769230769231,23.076923076923077,19.230769230769234,57.692307692307686,46.15384615384615,11.538461538461538
E00166381,106,20,9,11,86,42,44,18.867924528301888,8.49056603773585,10.377358490566039,81.13207547169812,39.62264150943396,41.509433962264154
E00166382,87,22,6,16,65,56,9,25.287356321839084,6.896551724137931,18.39080459770115,74.71264367816092,64.36781609195403,10.344827586206897
E00166385,187,49,19,30,138,116,22,26.203208556149733,10.16042780748663,16.042780748663102,73.79679144385027,62.03208556149733,11.76470588235294
E00166386,117,18,6,12,99,93,6,15.384615384615385,5.128205128205128,10.256410256410255,84.61538461538461,79.48717948717949,5.128205128205128
E00166387,112,27,10,17,85,77,8,24.107142857142858,8.928571428571429,15.178571428571427,75.89285714285714,68.75,7.142857142857142
E00166388,193,40,15,25,153,134,19,20.72538860103627,7.772020725388601,12.953367875647666,79.27461139896373,69.43005181347151,9.844559585492227
E00166390,130,22,10,12,108,81,27,16.923076923076923,7.6923076923076925,9.230769230769232,83.07692307692308,62.30769230769231,20.76923076923077
E00166391,276,53,12,41,223,198,25,19.202898550724637,4.3478260869565215,14.855072463768115,80.79710144927536,71.73913043478261,9.057971014492754
E00166392,115,39,23,16,76,53,23,33.91304347826087,20,13.91304347826087,66.08695652173913,46.08695652173913,20
E00166393,183,47,10,37,136,108,28,25.683060109289617,5.46448087431694,20.21857923497268,74.31693989071039,59.01639344262295,15.300546448087433
E00166395,191,51,21,30,140,119,21,26.701570680628272,10.99476439790576,15.706806282722512,73.29842931937172,62.30366492146597,10.99476439790576
E00166396,95,29,11,18,66,49,17,30.526315789473685,11.578947368421053,18.947368421052634,69.47368421052632,51.578947368421055,17.894736842105264
E00166397,196,64,25,39,132,117,15,32.6530612244898,12.755102040816327,19.897959183673468,67.3469387755102,59.693877551020414,7.653061224489796
E00166398,149,53,20,33,96,79,17,35.57046979865772,13.422818791946309,22.14765100671141,64.42953020134227,53.02013422818792,11.409395973154362
E00166399,165,53,20,33,112,95,17,32.121212121212125,12.121212121212121,20,67.87878787878789,57.57575757575758,10.303030303030303
E00166400,118,30,11,19,88,74,14,25.423728813559322,9.322033898305085,16.101694915254235,74.57627118644068,62.71186440677966,11.864406779661017
E00166401,115,33,14,19,82,76,6,28.695652173913043,12.173913043478262,16.52173913043478,71.30434782608695,66.08695652173913,5.217391304347826
E00166402,171,42,12,30,129,118,11,24.561403508771928,7.017543859649122,17.543859649122805,75.43859649122807,69.00584795321637,6.432748538011696
E00166403,180,50,10,40,130,119,11,27.77777777777778,5.555555555555555,22.22222222222222,72.22222222222221,66.11111111111111,6.111111111111111
E00166404,136,26,10,16,110,93,17,19.11764705882353,7.352941176470589,11.76470588235294,80.88235294117648,68.38235294117648,12.5
E00166405,156,40,21,19,116,99,17,25.64102564102564,13.461538461538462,12.179487179487179,74.35897435897436,63.46153846153846,10.897435897435898
E00166406,226,60,19,41,166,140,26,26.548672566371685,8.4070796460177,18.141592920353983,73.45132743362832,61.94690265486725,11.504424778761061
E00166407,334,101,34,67,233,194,39,30.239520958083833,10.179640718562874,20.059880239520957,69.76047904191617,58.08383233532935,11.676646706586826
E00166408,126,48,19,29,78,69,9,38.095238095238095,15.079365079365079,23.015873015873016,61.904761904761905,54.761904761904766,7.142857142857142
E00166409,189,47,16,31,142,121,21,24.867724867724867,8.465608465608465,16.402116402116402,75.13227513227513,64.02116402116403,11.11111111111111
E00166410,162,50,10,40,112,94,18,30.864197530864196,6.172839506172839,24.691358024691358,69.1358024691358,58.0246913580247,11.11111111111111
E00166411,186,52,9,43,134,109,25,27.956989247311824,4.838709677419355,23.118279569892472,72.04301075268818,58.602150537634415,13.440860215053762
E00166412,185,54,23,31,131,113,18,29.18918918918919,12.432432432432433,16.756756756756758,70.8108108108108,61.08108108108108,9.72972972972973
E00166413,99,29,7,22,70,59,11,29.292929292929294,7.07070707070707,22.22222222222222,70.70707070707071,59.59595959595959,11.11111111111111
E00166415,177,47,12,35,130,110,20,26.55367231638418,6.779661016949152,19.774011299435028,73.44632768361582,62.14689265536724,11.299435028248588
E00166416,172,49,16,33,123,100,23,28.488372093023255,9.30232558139535,19.186046511627907,71.51162790697676,58.139534883720934,13.372093023255813
E00166417,104,37,12,25,67,46,21,35.57692307692308,11.538461538461538,24.03846153846154,64.42307692307693,44.230769230769226,20.192307692307693
E00166419,134,40,13,27,94,76,18,29.850746268656714,9.701492537313433,20.149253731343283,70.1492537313433,56.71641791044776,13.432835820895523
E00166420,130,19,3,16,111,84,27,14.615384615384617,2.307692307692308,12.307692307692308,85.38461538461539,64.61538461538461,20.76923076923077
E00166421,113,20,5,15,93,55,38,17.699115044247787,4.424778761061947,13.274336283185843,82.30088495575221,48.67256637168141,33.6283185840708
E00166422,116,25,7,18,91,75,16,21.551724137931032,6.0344827586206895,15.517241379310345,78.44827586206897,64.65517241379311,13.793103448275861
E00166424,582,70,25,45,512,336,176,12.027491408934708,4.29553264604811,7.731958762886598,87.97250859106529,57.73195876288659,30.240549828178693
E00166425,78,30,12,18,48,37,11,38.46153846153847,15.384615384615385,23.076923076923077,61.53846153846154,47.43589743589743,14.102564102564102
E00166427,97,19,6,13,78,63,15,19.587628865979383,6.185567010309279,13.402061855670103,80.41237113402062,64.94845360824742,15.463917525773196
E00166430,89,25,6,19,64,49,15,28.08988764044944,6.741573033707865,21.34831460674157,71.91011235955057,55.0561797752809,16.853932584269664
E00166431,192,28,9,19,164,102,62,14.583333333333334,4.6875,9.895833333333332,85.41666666666666,53.125,32.29166666666667
E00166432,285,59,20,39,226,170,56,20.701754385964914,7.017543859649122,13.684210526315791,79.2982456140351,59.64912280701754,19.649122807017545
E00166433,196,27,10,17,169,112,57,13.77551020408163,5.1020408163265305,8.673469387755102,86.22448979591837,57.14285714285714,29.081632653061224
E00166434,73,17,4,13,56,46,10,23.28767123287671,5.47945205479452,17.80821917808219,76.71232876712328,63.013698630136986,13.698630136986301
E00166435,133,23,8,15,110,91,19,17.293233082706767,6.015037593984962,11.278195488721805,82.70676691729322,68.42105263157895,14.285714285714285
E00166436,267,51,17,34,216,186,30,19.101123595505616,6.367041198501873,12.734082397003746,80.89887640449437,69.66292134831461,11.235955056179774
E00166437,119,27,6,21,92,85,7,22.689075630252102,5.042016806722689,17.647058823529413,77.31092436974791,71.42857142857143,5.88235294117647
E00166438,118,29,11,18,89,80,9,24.576271186440678,9.322033898305085,15.254237288135593,75.42372881355932,67.79661016949152,7.627118644067797
E00166439,110,28,5,23,82,71,11,25.454545454545453,4.545454545454546,20.909090909090907,74.54545454545455,64.54545454545455,10
E00166440,99,24,10,14,75,67,8,24.242424242424242,10.1010101010101,14.14141414141414,75.75757575757575,67.67676767676768,8.080808080808081
E00166441,187,54,17,37,133,111,22,28.87700534759358,9.090909090909092,19.786096256684495,71.12299465240642,59.35828877005348,11.76470588235294
E00166442,153,47,20,27,106,93,13,30.718954248366014,13.071895424836603,17.647058823529413,69.28104575163398,60.78431372549019,8.49673202614379
E00166443,202,68,21,47,134,101,33,33.663366336633665,10.396039603960396,23.26732673267327,66.33663366336634,50,16.33663366336634
E00166444,107,40,11,29,67,57,10,37.38317757009346,10.2803738317757,27.102803738317753,62.616822429906534,53.271028037383175,9.345794392523365
E00166445,158,57,19,38,101,88,13,36.075949367088604,12.025316455696203,24.050632911392405,63.92405063291139,55.69620253164557,8.227848101265822
E00166446,138,31,10,21,107,92,15,22.463768115942027,7.246376811594203,15.217391304347828,77.53623188405797,66.66666666666666,10.869565217391305
E00166448,135,38,14,24,97,75,22,28.14814814814815,10.37037037037037,17.77777777777778,71.85185185185186,55.55555555555556,16.296296296296298
E00166449,147,55,21,34,92,78,14,37.41496598639456,14.285714285714285,23.12925170068027,62.585034013605444,53.06122448979592,9.523809523809524
E00166452,257,80,23,57,177,152,25,31.1284046692607,8.949416342412452,22.17898832684825,68.8715953307393,59.143968871595334,9.72762645914397
E00166453,323,90,32,58,233,192,41,27.86377708978328,9.907120743034056,17.956656346749224,72.13622291021672,59.44272445820433,12.693498452012383
E00166454,180,55,24,31,125,110,15,30.555555555555557,13.333333333333334,17.22222222222222,69.44444444444444,61.111111111111114,8.333333333333332
E00166455,218,61,23,38,157,131,26,27.981651376146786,10.550458715596331,17.431192660550458,72.01834862385321,60.09174311926605,11.926605504587156
E00166456,205,54,21,33,151,124,27,26.34146341463415,10.24390243902439,16.097560975609756,73.65853658536585,60.48780487804878,13.170731707317074
E00166457,68,25,10,15,43,31,12,36.76470588235294,14.705882352941178,22.058823529411764,63.23529411764706,45.588235294117645,17.647058823529413
E00166459,149,50,12,38,99,93,6,33.557046979865774,8.053691275167784,25.503355704697988,66.44295302013423,62.41610738255034,4.026845637583892
E00166460,81,17,7,10,64,49,15,20.98765432098765,8.641975308641975,12.345679012345679,79.01234567901234,60.49382716049383,18.51851851851852
E00166461,156,53,17,36,103,87,16,33.97435897435898,10.897435897435898,23.076923076923077,66.02564102564102,55.769230769230774,10.256410256410255
E00166463,177,52,17,35,125,111,14,29.37853107344633,9.6045197740113,19.774011299435028,70.62146892655367,62.71186440677966,7.909604519774012
E00166464,187,64,30,34,123,92,31,34.22459893048128,16.042780748663102,18.181818181818183,65.77540106951871,49.19786096256685,16.577540106951872
E00166465,163,57,26,31,106,80,26,34.96932515337423,15.950920245398773,19.018404907975462,65.03067484662577,49.079754601226995,15.950920245398773
E00184140,69,10,3,7,59,51,8,14.492753623188406,4.3478260869565215,10.144927536231885,85.5072463768116,73.91304347826086,11.594202898550725
E00184141,716,70,15,55,646,493,153,9.776536312849162,2.094972067039106,7.681564245810056,90.22346368715084,68.85474860335195,21.368715083798882
E00184142,123,32,10,22,91,75,16,26.01626016260163,8.130081300813007,17.88617886178862,73.98373983739837,60.97560975609756,13.008130081300814
E00184143,114,34,11,23,80,63,17,29.82456140350877,9.649122807017543,20.175438596491226,70.17543859649122,55.26315789473685,14.912280701754385
E00184144,52,16,5,11,36,32,4,30.76923076923077,9.615384615384617,21.153846153846153,69.23076923076923,61.53846153846154,7.6923076923076925
E00184145,198,44,12,32,154,127,27,22.22222222222222,6.0606060606060606,16.161616161616163,77.77777777777779,64.14141414141415,13.636363636363635
E00184146,66,16,7,9,50,39,11,24.242424242424242,10.606060606060606,13.636363636363635,75.75757575757575,59.09090909090909,16.666666666666664
E00184149,152,29,12,17,123,96,27,19.078947368421055,7.894736842105263,11.18421052631579,80.92105263157895,63.1578947368421,17.763157894736842
E00184151,279,43,12,31,236,215,21,15.412186379928317,4.301075268817205,11.11111111111111,84.58781362007169,77.06093189964157,7.526881720430108
E00184152,201,68,33,35,133,101,32,33.83084577114428,16.417910447761194,17.412935323383085,66.16915422885572,50.24875621890548,15.92039800995025
E00184153,170,56,34,22,114,91,23,32.94117647058823,20,12.941176470588237,67.05882352941175,53.529411764705884,13.529411764705882
E00184154,248,66,29,37,182,164,18,26.61290322580645,11.693548387096774,14.919354838709678,73.38709677419355,66.12903225806451,7.258064516129033
E00184155,159,50,21,29,109,90,19,31.446540880503143,13.20754716981132,18.238993710691823,68.55345911949685,56.60377358490566,11.949685534591195
E00184156,277,65,20,45,212,169,43,23.465703971119133,7.2202166064981945,16.24548736462094,76.53429602888086,61.01083032490975,15.523465703971121
E00184159,240,69,18,51,171,158,13,28.749999999999996,7.5,21.25,71.25,65.83333333333333,5.416666666666667
E00184160,226,50,9,41,176,139,37,22.123893805309734,3.982300884955752,18.141592920353983,77.87610619469027,61.504424778761056,16.371681415929203
E00184161,99,24,10,14,75,61,14,24.242424242424242,10.1010101010101,14.14141414141414,75.75757575757575,61.61616161616161,14.14141414141414
E00184162,328,82,24,58,246,214,32,25,7.317073170731707,17.682926829268293,75,65.2439024390244,9.75609756097561
E00184163,67,16,6,10,51,46,5,23.88059701492537,8.955223880597014,14.925373134328357,76.11940298507463,68.65671641791045,7.462686567164178
E00184164,72,20,7,13,52,42,10,27.77777777777778,9.722222222222223,18.055555555555554,72.22222222222221,58.333333333333336,13.88888888888889
E00184165,164,32,15,17,132,119,13,19.51219512195122,9.146341463414634,10.365853658536585,80.48780487804879,72.5609756097561,7.926829268292683
E00184166,264,82,31,51,182,151,31,31.060606060606062,11.742424242424242,19.318181818181817,68.93939393939394,57.1969696969697,11.742424242424242
E00184167,223,61,14,47,162,143,19,27.3542600896861,6.278026905829597,21.076233183856502,72.6457399103139,64.12556053811659,8.520179372197308
E00184168,321,78,22,56,243,210,33,24.299065420560748,6.853582554517133,17.445482866043612,75.70093457943925,65.42056074766354,10.2803738317757
E00184169,71,17,4,13,54,46,8,23.943661971830984,5.633802816901409,18.30985915492958,76.05633802816901,64.7887323943662,11.267605633802818
E00184170,294,96,26,70,198,174,24,32.6530612244898,8.843537414965986,23.809523809523807,67.3469387755102,59.183673469387756,8.16326530612245
E00184171,255,69,27,42,186,157,29,27.058823529411764,10.588235294117647,16.470588235294116,72.94117647058823,61.568627450980394,11.372549019607844
E00184172,196,76,33,43,120,95,25,38.775510204081634,16.83673469387755,21.93877551020408,61.224489795918366,48.46938775510204,12.755102040816327
E00184173,218,45,10,35,173,150,23,20.642201834862387,4.587155963302752,16.055045871559635,79.35779816513761,68.80733944954129,10.550458715596331
E00184174,270,61,23,38,209,184,25,22.59259259259259,8.518518518518519,14.074074074074074,77.4074074074074,68.14814814814815,9.25925925925926
E00184175,124,32,10,22,92,73,19,25.806451612903224,8.064516129032258,17.741935483870968,74.19354838709677,58.87096774193549,15.32258064516129
E00184176,89,19,5,14,70,59,11,21.34831460674157,5.617977528089887,15.730337078651685,78.65168539325843,66.29213483146067,12.359550561797752
E00184177,281,61,16,45,220,173,47,21.70818505338078,5.6939501779359425,16.014234875444842,78.29181494661923,61.56583629893239,16.72597864768683
E00184178,312,70,21,49,242,216,26,22.435897435897438,6.730769230769231,15.705128205128204,77.56410256410257,69.23076923076923,8.333333333333332
E00184179,342,54,20,34,288,210,78,15.789473684210526,5.847953216374268,9.941520467836257,84.21052631578947,61.40350877192983,22.807017543859647
E00184180,198,56,19,37,142,128,14,28.28282828282828,9.595959595959595,18.68686868686869,71.71717171717171,64.64646464646465,7.07070707070707
E00184181,267,54,9,45,213,171,42,20.224719101123593,3.3707865168539324,16.853932584269664,79.7752808988764,64.04494382022472,15.730337078651685
E00184182,238,59,17,42,179,149,30,24.789915966386555,7.142857142857142,17.647058823529413,75.21008403361344,62.60504201680672,12.605042016806722
E00184183,133,28,10,18,105,95,10,21.052631578947366,7.518796992481203,13.533834586466165,78.94736842105263,71.42857142857143,7.518796992481203
E00184184,106,38,11,27,68,57,11,35.84905660377358,10.377358490566039,25.471698113207548,64.15094339622641,53.77358490566038,10.377358490566039
E00184185,116,25,11,14,91,85,6,21.551724137931032,9.482758620689655,12.068965517241379,78.44827586206897,73.27586206896551,5.172413793103448
E00184186,124,40,23,17,84,56,28,32.25806451612903,18.548387096774192,13.709677419354838,67.74193548387096,45.16129032258064,22.58064516129032
E00184187,84,18,6,12,66,65,1,21.428571428571427,7.142857142857142,14.285714285714285,78.57142857142857,77.38095238095238,1.1904761904761905
E00184188,261,34,10,24,227,204,23,13.026819923371647,3.8314176245210727,9.195402298850574,86.97318007662835,78.16091954022988,8.812260536398467
E00184189,95,23,7,16,72,67,5,24.210526315789473,7.368421052631578,16.842105263157894,75.78947368421053,70.52631578947368,5.263157894736842
E00184190,245,80,30,50,165,139,26,32.6530612244898,12.244897959183673,20.408163265306122,67.3469387755102,56.734693877551024,10.612244897959183
E00184191,262,62,17,45,200,177,23,23.66412213740458,6.488549618320611,17.17557251908397,76.33587786259542,67.55725190839695,8.778625954198473
E00184192,1666,139,46,93,1527,1069,458,8.343337334933974,2.7611044417767108,5.582232893157263,91.65666266506602,64.1656662665066,27.490996398559425
E00184193,66,17,6,11,49,43,6,25.757575757575758,9.090909090909092,16.666666666666664,74.24242424242425,65.15151515151516,9.090909090909092
E00184194,139,43,7,36,96,86,10,30.935251798561154,5.0359712230215825,25.899280575539567,69.06474820143885,61.87050359712231,7.1942446043165464
E00184195,77,19,8,11,58,48,10,24.675324675324674,10.38961038961039,14.285714285714285,75.32467532467533,62.33766233766234,12.987012987012985
E00184196,117,29,8,21,88,77,11,24.786324786324787,6.837606837606838,17.94871794871795,75.21367521367522,65.8119658119658,9.401709401709402
E00184197,390,60,27,33,330,226,104,15.384615384615385,6.923076923076923,8.461538461538462,84.61538461538461,57.948717948717956,26.666666666666668
E00184198,249,71,31,40,178,146,32,28.514056224899598,12.449799196787147,16.06425702811245,71.4859437751004,58.63453815261044,12.851405622489958
E00184199,226,52,18,34,174,140,34,23.008849557522122,7.964601769911504,15.04424778761062,76.99115044247787,61.94690265486725,15.04424778761062
E00184200,150,43,14,29,107,96,11,28.666666666666668,9.333333333333334,19.333333333333332,71.33333333333334,64,7.333333333333333
E00184201,117,30,8,22,87,77,10,25.64102564102564,6.837606837606838,18.803418803418804,74.35897435897436,65.8119658119658,8.547008547008547
E00184202,386,61,20,41,325,277,48,15.803108808290157,5.181347150259067,10.621761658031089,84.19689119170984,71.76165803108809,12.435233160621761
E00184203,172,40,11,29,132,106,26,23.25581395348837,6.395348837209303,16.86046511627907,76.74418604651163,61.627906976744185,15.11627906976744
E00184204,169,39,9,30,130,108,22,23.076923076923077,5.325443786982249,17.75147928994083,76.92307692307693,63.905325443786985,13.017751479289942
E00184205,168,43,14,29,125,106,19,25.595238095238095,8.333333333333332,17.261904761904763,74.40476190476191,63.095238095238095,11.30952380952381
E00184206,49,12,5,7,37,31,6,24.489795918367346,10.204081632653061,14.285714285714285,75.51020408163265,63.26530612244898,12.244897959183673
E00184207,204,50,16,34,154,139,15,24.509803921568626,7.8431372549019605,16.666666666666664,75.49019607843137,68.13725490196079,7.352941176470589
E00184208,131,45,20,25,86,67,19,34.35114503816794,15.267175572519085,19.083969465648856,65.64885496183206,51.14503816793893,14.50381679389313
E00184209,73,18,5,13,55,49,6,24.65753424657534,6.8493150684931505,17.80821917808219,75.34246575342466,67.12328767123287,8.21917808219178
E00184210,46,17,2,15,29,27,2,36.95652173913043,4.3478260869565215,32.608695652173914,63.04347826086957,58.69565217391305,4.3478260869565215
E00184211,266,79,29,50,187,160,27,29.69924812030075,10.902255639097744,18.796992481203006,70.30075187969925,60.150375939849624,10.150375939849624
E00184212,223,50,15,35,173,147,26,22.421524663677133,6.726457399103139,15.695067264573993,77.57847533632287,65.91928251121077,11.659192825112108
E00184213,104,31,11,20,73,62,11,29.807692307692307,10.576923076923077,19.230769230769234,70.1923076923077,59.61538461538461,10.576923076923077
E00184214,135,32,10,22,103,82,21,23.703703703703706,7.4074074074074066,16.296296296296298,76.29629629629629,60.74074074074074,15.555555555555555
E00184215,119,30,10,20,89,76,13,25.210084033613445,8.403361344537815,16.80672268907563,74.78991596638656,63.86554621848739,10.92436974789916
E00184216,149,31,11,20,118,97,21,20.80536912751678,7.38255033557047,13.422818791946309,79.19463087248322,65.1006711409396,14.093959731543624
E00184217,86,31,9,22,55,49,6,36.04651162790697,10.465116279069768,25.581395348837212,63.95348837209303,56.97674418604651,6.976744186046512
E00184218,233,61,22,39,172,154,18,26.180257510729614,9.44206008583691,16.738197424892704,73.8197424892704,66.09442060085837,7.725321888412018
E00184219,168,55,20,35,113,95,18,32.73809523809524,11.904761904761903,20.833333333333336,67.26190476190477,56.547619047619044,10.714285714285714
E00184220,140,39,7,32,101,86,15,27.857142857142858,5,22.857142857142858,72.14285714285714,61.42857142857143,10.714285714285714
E00184221,269,70,14,56,199,161,38,26.022304832713754,5.204460966542751,20.817843866171003,73.97769516728626,59.85130111524164,14.12639405204461
E00184222,182,52,16,36,130,101,29,28.57142857142857,8.791208791208792,19.78021978021978,71.42857142857143,55.494505494505496,15.934065934065933
E00184223,66,23,11,12,43,34,9,34.84848484848485,16.666666666666664,18.181818181818183,65.15151515151516,51.515151515151516,13.636363636363635
E00184224,224,55,16,39,169,154,15,24.553571428571427,7.142857142857142,17.410714285714285,75.44642857142857,68.75,6.696428571428571
E00184225,106,24,10,14,82,73,9,22.641509433962266,9.433962264150944,13.20754716981132,77.35849056603774,68.86792452830188,8.49056603773585
E00184226,102,22,9,13,80,69,11,21.568627450980394,8.823529411764707,12.745098039215685,78.43137254901961,67.64705882352942,10.784313725490197
E00184227,319,56,11,45,263,213,50,17.55485893416928,3.4482758620689653,14.106583072100312,82.44514106583071,66.77115987460816,15.673981191222571
E00184228,113,44,23,21,69,58,11,38.93805309734513,20.353982300884958,18.58407079646018,61.06194690265486,51.32743362831859,9.734513274336283
E00184229,160,28,5,23,132,107,25,17.5,3.125,14.374999999999998,82.5,66.875,15.625
E00184230,73,12,3,9,61,52,9,16.43835616438356,4.10958904109589,12.32876712328767,83.56164383561644,71.23287671232876,12.32876712328767
E00184231,63,20,7,13,43,33,10,31.746031746031743,11.11111111111111,20.634920634920633,68.25396825396825,52.38095238095239,15.873015873015872
E00184232,83,22,9,13,61,54,7,26.506024096385545,10.843373493975903,15.66265060240964,73.49397590361446,65.06024096385542,8.433734939759036
E00184233,79,20,9,11,59,47,12,25.31645569620253,11.39240506329114,13.924050632911392,74.68354430379746,59.49367088607595,15.18987341772152
E00184234,123,35,11,24,88,79,9,28.455284552845526,8.94308943089431,19.51219512195122,71.54471544715447,64.22764227642277,7.317073170731707
E00184235,298,60,14,46,238,197,41,20.13422818791946,4.697986577181208,15.436241610738255,79.86577181208054,66.10738255033557,13.758389261744966
E00184236,185,34,12,22,151,142,9,18.37837837837838,6.486486486486487,11.891891891891893,81.62162162162161,76.75675675675676,4.864864864864865
E00184237,215,54,15,39,161,140,21,25.116279069767444,6.976744186046512,18.13953488372093,74.88372093023256,65.11627906976744,9.767441860465116
E00184238,117,38,17,21,79,72,7,32.47863247863248,14.529914529914532,17.94871794871795,67.52136752136752,61.53846153846154,5.982905982905983
E00184239,186,31,7,24,155,125,30,16.666666666666664,3.763440860215054,12.903225806451612,83.33333333333334,67.20430107526882,16.129032258064516
E00184240,276,69,17,52,207,181,26,25,6.159420289855073,18.84057971014493,75,65.57971014492753,9.420289855072465
E00184241,116,28,11,17,88,79,9,24.137931034482758,9.482758620689655,14.655172413793101,75.86206896551724,68.10344827586206,7.758620689655173
E00184242,107,30,8,22,77,66,11,28.037383177570092,7.476635514018691,20.5607476635514,71.96261682242991,61.6822429906542,10.2803738317757
E00184243,105,31,9,22,74,66,8,29.523809523809526,8.571428571428571,20.952380952380953,70.47619047619048,62.857142857142854,7.6190476190476195
E00184244,205,48,11,37,157,128,29,23.414634146341466,5.365853658536586,18.048780487804876,76.58536585365854,62.4390243902439,14.146341463414632
E00184245,217,57,13,44,160,133,27,26.26728110599078,5.990783410138248,20.276497695852534,73.73271889400922,61.29032258064516,12.442396313364055
E00184246,124,33,12,21,91,77,14,26.61290322580645,9.67741935483871,16.93548387096774,73.38709677419355,62.096774193548384,11.29032258064516
E00184247,234,64,22,42,170,147,23,27.350427350427353,9.401709401709402,17.94871794871795,72.64957264957265,62.82051282051282,9.82905982905983
E00184248,246,50,21,29,196,163,33,20.32520325203252,8.536585365853659,11.788617886178862,79.67479674796748,66.26016260162602,13.414634146341465
E00184249,161,45,17,28,116,103,13,27.95031055900621,10.559006211180124,17.391304347826086,72.04968944099379,63.975155279503106,8.074534161490684
E00184250,112,29,8,21,83,67,16,25.892857142857146,7.142857142857142,18.75,74.10714285714286,59.82142857142857,14.285714285714285
E00184251,173,52,17,35,121,98,23,30.057803468208093,9.826589595375722,20.23121387283237,69.94219653179191,56.64739884393064,13.294797687861271
E00184252,57,19,8,11,38,35,3,33.33333333333333,14.035087719298245,19.298245614035086,66.66666666666666,61.40350877192983,5.263157894736842
E00184253,309,62,22,40,247,223,24,20.06472491909385,7.119741100323624,12.944983818770226,79.93527508090615,72.168284789644,7.766990291262135
E00184254,182,56,19,37,126,92,34,30.76923076923077,10.43956043956044,20.32967032967033,69.23076923076923,50.54945054945055,18.681318681318682
E00184255,149,41,11,30,108,91,17,27.516778523489933,7.38255033557047,20.13422818791946,72.48322147651007,61.07382550335571,11.409395973154362
E00184256,332,71,23,48,261,224,37,21.385542168674696,6.927710843373494,14.457831325301203,78.6144578313253,67.46987951807229,11.144578313253012
E00184257,101,23,9,14,78,69,9,22.772277227722775,8.91089108910891,13.861386138613863,77.22772277227723,68.31683168316832,8.91089108910891
E00184258,61,25,9,16,36,29,7,40.98360655737705,14.754098360655737,26.229508196721312,59.01639344262295,47.540983606557376,11.475409836065573
E00184259,128,40,17,23,88,78,10,31.25,13.28125,17.96875,68.75,60.9375,7.8125
E00184260,162,56,13,43,106,93,13,34.5679012345679,8.024691358024691,26.543209876543212,65.4320987654321,57.407407407407405,8.024691358024691
E00184261,481,69,20,49,412,287,125,14.345114345114347,4.158004158004158,10.187110187110187,85.65488565488566,59.66735966735966,25.987525987525988
E00184262,106,33,11,22,73,64,9,31.132075471698112,10.377358490566039,20.754716981132077,68.86792452830188,60.37735849056604,8.49056603773585
E00184263,97,22,7,15,75,64,11,22.68041237113402,7.216494845360824,15.463917525773196,77.31958762886599,65.97938144329896,11.34020618556701
E00184264,281,94,28,66,187,157,30,33.45195729537366,9.9644128113879,23.487544483985765,66.54804270462633,55.871886120996436,10.676156583629894
E00184265,78,11,4,7,67,55,12,14.102564102564102,5.128205128205128,8.974358974358974,85.8974358974359,70.51282051282051,15.384615384615385
E00184266,160,55,24,31,105,88,17,34.375,15,19.375,65.625,55.00000000000001,10.625
E00184267,280,65,23,42,215,175,40,23.214285714285715,8.214285714285714,15,76.78571428571429,62.5,14.285714285714285
E00184268,310,76,19,57,234,206,28,24.516129032258064,6.129032258064516,18.387096774193548,75.48387096774194,66.45161290322581,9.032258064516128
E00184269,147,32,9,23,115,102,13,21.768707482993197,6.122448979591836,15.646258503401361,78.2312925170068,69.38775510204081,8.843537414965986
E00184270,249,78,29,49,171,153,18,31.32530120481928,11.646586345381527,19.67871485943775,68.67469879518072,61.44578313253012,7.228915662650602
E00184271,114,32,10,22,82,68,14,28.07017543859649,8.771929824561402,19.298245614035086,71.9298245614035,59.64912280701754,12.280701754385964
E00184272,65,16,9,7,49,47,2,24.615384615384617,13.846153846153847,10.76923076923077,75.38461538461539,72.3076923076923,3.076923076923077
E00184273,113,28,11,17,85,71,14,24.778761061946902,9.734513274336283,15.04424778761062,75.22123893805309,62.83185840707964,12.389380530973451
E00184274,76,24,7,17,52,42,10,31.57894736842105,9.210526315789473,22.36842105263158,68.42105263157895,55.26315789473685,13.157894736842104
E00184275,203,61,16,45,142,122,20,30.049261083743843,7.8817733990147785,22.167487684729064,69.95073891625616,60.09852216748769,9.852216748768473
E00184276,127,42,10,32,85,71,14,33.07086614173229,7.874015748031496,25.196850393700785,66.92913385826772,55.90551181102362,11.023622047244094
E00184277,299,79,25,54,220,182,38,26.421404682274247,8.361204013377927,18.06020066889632,73.57859531772574,60.86956521739131,12.709030100334449
E00184278,46,16,11,5,30,25,5,34.78260869565217,23.91304347826087,10.869565217391305,65.21739130434783,54.347826086956516,10.869565217391305
E00184279,70,21,6,15,49,45,4,30,8.571428571428571,21.428571428571427,70,64.28571428571429,5.714285714285714
E00184280,111,27,7,20,84,69,15,24.324324324324326,6.306306306306306,18.01801801801802,75.67567567567568,62.16216216216216,13.513513513513514
E00184281,271,67,25,42,204,172,32,24.723247232472325,9.22509225092251,15.498154981549817,75.27675276752768,63.46863468634686,11.808118081180812
E00184282,223,49,20,29,174,142,32,21.973094170403588,8.968609865470851,13.004484304932735,78.02690582959642,63.67713004484305,14.349775784753364
E00184283,145,49,16,33,96,84,12,33.793103448275865,11.03448275862069,22.758620689655174,66.20689655172414,57.931034482758626,8.275862068965518
E00184284,204,55,21,34,149,119,30,26.96078431372549,10.294117647058822,16.666666666666664,73.0392156862745,58.333333333333336,14.705882352941178
E00184285,103,27,7,20,76,67,9,26.21359223300971,6.796116504854369,19.41747572815534,73.7864077669903,65.0485436893204,8.737864077669903
E00184286,218,72,24,48,146,118,28,33.02752293577982,11.009174311926607,22.018348623853214,66.97247706422019,54.12844036697248,12.844036697247708
E00184287,215,49,14,35,166,145,21,22.790697674418606,6.511627906976744,16.27906976744186,77.20930232558139,67.44186046511628,9.767441860465116
E00184288,207,50,15,35,157,134,23,24.154589371980677,7.246376811594203,16.908212560386474,75.84541062801932,64.73429951690821,11.11111111111111
E00184289,198,58,25,33,140,106,34,29.292929292929294,12.626262626262626,16.666666666666664,70.70707070707071,53.535353535353536,17.17171717171717
E00184290,145,42,18,24,103,88,15,28.965517241379313,12.413793103448276,16.551724137931036,71.03448275862068,60.689655172413794,10.344827586206897
E00184291,230,67,30,37,163,138,25,29.130434782608695,13.043478260869565,16.08695652173913,70.86956521739131,60,10.869565217391305
E00184292,65,16,8,8,49,39,10,24.615384615384617,12.307692307692308,12.307692307692308,75.38461538461539,60,15.384615384615385
E00184293,191,47,16,31,144,110,34,24.60732984293194,8.37696335078534,16.230366492146597,75.39267015706807,57.59162303664922,17.801047120418847
E00184294,282,90,27,63,192,156,36,31.914893617021278,9.574468085106384,22.340425531914892,68.08510638297872,55.319148936170215,12.76595744680851
E00184295,206,47,15,32,159,143,16,22.815533980582526,7.281553398058252,15.53398058252427,77.18446601941747,69.41747572815534,7.766990291262135
E00184296,135,46,12,34,89,77,12,34.074074074074076,8.88888888888889,25.185185185185183,65.92592592592592,57.03703703703704,8.88888888888889
E00184297,154,38,12,26,116,103,13,24.675324675324674,7.792207792207792,16.883116883116884,75.32467532467533,66.88311688311688,8.441558441558442
E00184298,99,22,5,17,77,61,16,22.22222222222222,5.05050505050505,17.17171717171717,77.77777777777779,61.61616161616161,16.161616161616163
E00184299,182,74,31,43,108,94,14,40.65934065934066,17.032967032967033,23.626373626373624,59.34065934065934,51.64835164835166,7.6923076923076925
E00184300,236,75,33,42,161,131,30,31.779661016949152,13.983050847457626,17.796610169491526,68.22033898305084,55.50847457627118,12.711864406779661
E00184301,118,29,11,18,89,82,7,24.576271186440678,9.322033898305085,15.254237288135593,75.42372881355932,69.49152542372882,5.932203389830509
E00184302,197,52,13,39,145,131,14,26.39593908629442,6.598984771573605,19.796954314720814,73.60406091370558,66.49746192893402,7.1065989847715745
E00184303,78,19,2,17,59,49,10,24.358974358974358,2.564102564102564,21.794871794871796,75.64102564102564,62.82051282051282,12.82051282051282
E00184304,142,39,15,24,103,91,12,27.464788732394368,10.56338028169014,16.901408450704224,72.53521126760563,64.08450704225352,8.450704225352112
E00184305,17,2,0,2,15,12,3,11.76470588235294,0,11.76470588235294,88.23529411764706,70.58823529411765,17.647058823529413
E00184306,74,19,6,13,55,47,8,25.675675675675674,8.108108108108109,17.56756756756757,74.32432432432432,63.51351351351351,10.81081081081081
E00184307,182,41,11,30,141,121,20,22.52747252747253,6.043956043956044,16.483516483516482,77.47252747252747,66.48351648351648,10.989010989010989
E00184308,171,50,20,30,121,90,31,29.239766081871345,11.695906432748536,17.543859649122805,70.76023391812866,52.63157894736842,18.128654970760234
E00184309,104,22,4,18,82,78,4,21.153846153846153,3.8461538461538463,17.307692307692307,78.84615384615384,75,3.8461538461538463
E00184310,270,63,15,48,207,188,19,23.333333333333332,5.555555555555555,17.77777777777778,76.66666666666667,69.62962962962963,7.037037037037037
E00184311,224,59,26,33,165,141,24,26.339285714285715,11.607142857142858,14.732142857142858,73.66071428571429,62.94642857142857,10.714285714285714
E00184312,185,51,21,30,134,108,26,27.56756756756757,11.351351351351353,16.216216216216218,72.43243243243244,58.37837837837838,14.054054054054054
E00184313,119,29,8,21,90,76,14,24.369747899159663,6.722689075630252,17.647058823529413,75.63025210084034,63.86554621848739,11.76470588235294
E00184314,217,63,24,39,154,122,32,29.03225806451613,11.059907834101383,17.972350230414747,70.96774193548387,56.22119815668203,14.746543778801843
E00184315,159,60,25,35,99,81,18,37.735849056603776,15.723270440251572,22.0125786163522,62.264150943396224,50.943396226415096,11.320754716981133
E00184316,167,44,19,25,123,115,8,26.34730538922156,11.377245508982035,14.97005988023952,73.65269461077844,68.8622754491018,4.790419161676647
E00184317,175,46,13,33,129,114,15,26.285714285714285,7.428571428571429,18.857142857142858,73.71428571428571,65.14285714285715,8.571428571428571
E00184318,206,44,14,30,162,142,20,21.35922330097087,6.796116504854369,14.563106796116504,78.64077669902912,68.93203883495146,9.70873786407767
E00184319,258,62,15,47,196,156,40,24.031007751937985,5.813953488372093,18.217054263565892,75.96899224806202,60.46511627906976,15.503875968992247
E00184320,313,82,12,70,231,199,32,26.198083067092654,3.8338658146964857,22.364217252396166,73.80191693290735,63.578274760383394,10.223642172523961
E00184321,80,15,5,10,65,61,4,18.75,6.25,12.5,81.25,76.25,5
E00184322,254,71,36,35,183,149,34,27.95275590551181,14.173228346456693,13.779527559055119,72.04724409448819,58.661417322834644,13.385826771653544
E00184323,34,12,4,8,22,19,3,35.294117647058826,11.76470588235294,23.52941176470588,64.70588235294117,55.88235294117647,8.823529411764707
E00184324,155,53,18,35,102,84,18,34.193548387096776,11.612903225806452,22.58064516129032,65.80645161290323,54.19354838709678,11.612903225806452
E00184325,257,64,16,48,193,152,41,24.90272373540856,6.22568093385214,18.67704280155642,75.09727626459144,59.143968871595334,15.953307392996107
E00184326,149,31,11,20,118,103,15,20.80536912751678,7.38255033557047,13.422818791946309,79.19463087248322,69.12751677852349,10.06711409395973
E00184327,183,56,21,35,127,107,20,30.601092896174865,11.475409836065573,19.12568306010929,69.39890710382514,58.46994535519126,10.92896174863388
E00184328,137,28,5,23,109,96,13,20.437956204379564,3.64963503649635,16.78832116788321,79.56204379562044,70.07299270072993,9.48905109489051
E00184329,112,39,16,23,73,53,20,34.82142857142857,14.285714285714285,20.535714285714285,65.17857142857143,47.32142857142857,17.857142857142858
E00184330,235,59,19,40,176,134,42,25.106382978723403,8.085106382978724,17.02127659574468,74.8936170212766,57.02127659574469,17.872340425531917
E00184331,221,41,17,24,180,148,32,18.552036199095024,7.6923076923076925,10.85972850678733,81.44796380090497,66.9683257918552,14.479638009049776
E00184332,210,49,14,35,161,138,23,23.333333333333332,6.666666666666667,16.666666666666664,76.66666666666667,65.71428571428571,10.952380952380953
E00184333,167,40,13,27,127,98,29,23.952095808383234,7.784431137724551,16.16766467065868,76.04790419161677,58.68263473053892,17.365269461077844
E00184334,68,12,4,8,56,46,10,17.647058823529413,5.88235294117647,11.76470588235294,82.35294117647058,67.64705882352942,14.705882352941178
E00184335,87,18,7,11,69,64,5,20.689655172413794,8.045977011494253,12.643678160919542,79.3103448275862,73.5632183908046,5.747126436781609
