OA,ts0380001,ts0380002,ts0380003,ts0380004,ts0380005,ts0380006,ts0380007,ts0380002_PCT,ts0380003_PCT,ts0380004_PCT,ts0380005_PCT,ts0380006_PCT,ts0380007_PCT
E00162382,278,36,14,22,242,28,214,12.949640287769784,5.0359712230215825,7.913669064748201,87.05035971223022,10.071942446043165,76.97841726618705
E00162383,360,55,27,28,305,37,268,15.277777777777779,7.5,7.777777777777778,84.72222222222221,10.277777777777777,74.44444444444444
E00162384,275,35,8,27,240,12,228,12.727272727272727,2.909090909090909,9.818181818181818,87.27272727272727,4.363636363636364,82.9090909090909
E00162385,260,36,8,28,224,16,208,13.846153846153847,3.076923076923077,10.76923076923077,86.15384615384616,6.153846153846154,80
E00162386,284,44,9,35,240,30,210,15.492957746478872,3.169014084507042,12.323943661971832,84.50704225352112,10.56338028169014,73.94366197183099
E00162387,180,26,9,17,154,12,142,14.444444444444443,5,9.444444444444445,85.55555555555556,6.666666666666667,78.88888888888889
E00162388,224,47,20,27,177,11,166,20.982142857142858,8.928571428571429,12.053571428571429,79.01785714285714,4.910714285714286,74.10714285714286
E00162389,272,32,5,27,240,19,221,11.76470588235294,1.8382352941176472,9.926470588235293,88.23529411764706,6.985294117647059,81.25
E00162390,320,53,18,35,267,31,236,16.5625,5.625,10.9375,83.4375,9.6875,73.75
E00162391,149,30,7,23,119,8,111,20.13422818791946,4.697986577181208,15.436241610738255,79.86577181208054,5.369127516778524,74.49664429530202
E00162392,414,62,19,43,352,38,314,14.975845410628018,4.5893719806763285,10.38647342995169,85.02415458937197,9.178743961352657,75.84541062801932
E00162393,124,23,5,18,101,9,92,18.548387096774192,4.032258064516129,14.516129032258066,81.45161290322581,7.258064516129033,74.19354838709677
E00162394,457,65,24,41,392,43,349,14.22319474835886,5.25164113785558,8.971553610503284,85.77680525164114,9.409190371991247,76.36761487964989
E00162395,163,27,13,14,136,13,123,16.56441717791411,7.975460122699387,8.588957055214724,83.43558282208589,7.975460122699387,75.4601226993865
E00162396,160,27,10,17,133,13,120,16.875,6.25,10.625,83.125,8.125,75
E00162397,303,48,13,35,255,18,237,15.841584158415841,4.29042904290429,11.55115511551155,84.15841584158416,5.9405940594059405,78.21782178217822
E00162398,265,63,33,30,202,26,176,23.77358490566038,12.452830188679245,11.320754716981133,76.22641509433963,9.811320754716983,66.41509433962264
E00162399,167,25,0,25,142,8,134,14.97005988023952,0,14.97005988023952,85.02994011976048,4.790419161676647,80.23952095808383
E00162400,338,44,9,35,294,28,266,13.017751479289942,2.6627218934911245,10.355029585798817,86.98224852071006,8.284023668639055,78.69822485207101
E00162401,285,50,17,33,235,27,208,17.543859649122805,5.964912280701754,11.578947368421053,82.45614035087719,9.473684210526317,72.98245614035088
E00162402,269,39,14,25,230,14,216,14.49814126394052,5.204460966542751,9.293680297397769,85.50185873605948,5.204460966542751,80.29739776951673
E00162403,363,79,27,52,284,37,247,21.763085399449036,7.43801652892562,14.325068870523417,78.23691460055096,10.192837465564738,68.04407713498622
E00162404,215,36,11,25,179,18,161,16.74418604651163,5.116279069767442,11.627906976744185,83.25581395348837,8.372093023255815,74.88372093023256
E00162407,311,49,20,29,262,28,234,15.755627009646304,6.430868167202572,9.32475884244373,84.2443729903537,9.003215434083602,75.2411575562701
E00162408,152,21,8,13,131,12,119,13.815789473684212,5.263157894736842,8.552631578947368,86.18421052631578,7.894736842105263,78.28947368421053
E00162409,383,55,11,44,328,29,299,14.360313315926893,2.8720626631853787,11.488250652741515,85.6396866840731,7.5718015665796345,78.06788511749347
E00162410,371,67,19,48,304,30,274,18.059299191374663,5.121293800539084,12.93800539083558,81.94070080862534,8.086253369272237,73.8544474393531
E00162411,305,48,16,32,257,16,241,15.737704918032788,5.245901639344262,10.491803278688524,84.26229508196721,5.245901639344262,79.01639344262294
E00162412,205,64,28,36,141,11,130,31.21951219512195,13.658536585365855,17.560975609756095,68.78048780487805,5.365853658536586,63.41463414634146
E00162413,238,46,8,38,192,23,169,19.327731092436977,3.361344537815126,15.966386554621847,80.67226890756302,9.663865546218489,71.00840336134453
E00162414,318,65,28,37,253,31,222,20.440251572327046,8.80503144654088,11.635220125786164,79.55974842767296,9.748427672955975,69.81132075471697
E00162415,392,88,30,58,304,24,280,22.448979591836736,7.653061224489796,14.795918367346939,77.55102040816327,6.122448979591836,71.42857142857143
E00162416,349,67,26,41,282,34,248,19.197707736389685,7.4498567335243555,11.74785100286533,80.80229226361033,9.742120343839542,71.06017191977078
E00162417,234,42,16,26,192,18,174,17.94871794871795,6.837606837606838,11.11111111111111,82.05128205128204,7.6923076923076925,74.35897435897436
E00162418,137,26,7,19,111,7,104,18.97810218978102,5.109489051094891,13.86861313868613,81.02189781021897,5.109489051094891,75.91240875912408
E00162419,283,49,22,27,234,24,210,17.314487632508836,7.773851590106007,9.540636042402827,82.68551236749117,8.480565371024735,74.20494699646643
E00162420,327,38,11,27,289,28,261,11.62079510703364,3.3639143730886847,8.256880733944955,88.37920489296636,8.56269113149847,79.81651376146789
E00162421,366,34,12,22,332,33,299,9.289617486338798,3.278688524590164,6.0109289617486334,90.7103825136612,9.01639344262295,81.69398907103826
E00162422,301,38,10,28,263,33,230,12.624584717607974,3.322259136212625,9.30232558139535,87.37541528239203,10.96345514950166,76.41196013289037
E00162423,244,20,7,13,224,11,213,8.19672131147541,2.8688524590163933,5.327868852459016,91.80327868852459,4.508196721311475,87.29508196721312
E00162424,435,56,13,43,379,31,348,12.873563218390805,2.9885057471264367,9.885057471264368,87.1264367816092,7.126436781609195,80
E00162425,256,57,24,33,199,20,179,22.265625,9.375,12.890625,77.734375,7.8125,69.921875
E00162427,179,20,6,14,159,12,147,11.1731843575419,3.35195530726257,7.82122905027933,88.8268156424581,6.70391061452514,82.12290502793296
E00162428,161,30,10,20,131,13,118,18.633540372670808,6.211180124223603,12.422360248447205,81.36645962732919,8.074534161490684,73.29192546583852
E00162430,176,30,12,18,146,17,129,17.045454545454543,6.8181818181818175,10.227272727272728,82.95454545454545,9.659090909090908,73.29545454545455
E00162431,308,61,18,43,247,32,215,19.805194805194805,5.844155844155844,13.96103896103896,80.1948051948052,10.38961038961039,69.8051948051948
E00162432,279,42,19,23,237,31,206,15.053763440860216,6.810035842293908,8.24372759856631,84.94623655913979,11.11111111111111,73.83512544802868
E00162433,350,51,19,32,299,22,277,14.571428571428571,5.428571428571429,9.142857142857142,85.42857142857143,6.2857142857142865,79.14285714285715
E00162434,285,41,18,23,244,17,227,14.385964912280702,6.315789473684211,8.070175438596491,85.6140350877193,5.964912280701754,79.64912280701755
E00162435,273,36,6,30,237,29,208,13.186813186813188,2.197802197802198,10.989010989010989,86.81318681318682,10.622710622710622,76.19047619047619
E00162436,515,82,31,51,433,51,382,15.922330097087379,6.019417475728155,9.902912621359224,84.07766990291262,9.902912621359224,74.1747572815534
E00162437,207,28,10,18,179,15,164,13.526570048309178,4.830917874396135,8.695652173913043,86.47342995169082,7.246376811594203,79.22705314009661
E00162439,432,77,23,54,355,45,310,17.824074074074073,5.324074074074074,12.5,82.17592592592592,10.416666666666668,71.75925925925925
E00162440,359,77,22,55,282,35,247,21.448467966573816,6.128133704735376,15.32033426183844,78.55153203342618,9.749303621169917,68.80222841225627
E00162441,231,26,3,23,205,23,182,11.255411255411255,1.2987012987012987,9.956709956709958,88.74458874458875,9.956709956709958,78.78787878787878
E00162442,404,54,17,37,350,35,315,13.366336633663368,4.207920792079208,9.158415841584159,86.63366336633663,8.663366336633663,77.97029702970298
E00162443,279,54,14,40,225,28,197,19.35483870967742,5.017921146953405,14.336917562724013,80.64516129032258,10.03584229390681,70.60931899641577
E00162444,317,107,45,62,210,21,189,33.753943217665615,14.195583596214512,19.558359621451103,66.24605678233438,6.624605678233439,59.62145110410094
E00162445,327,65,28,37,262,33,229,19.877675840978593,8.56269113149847,11.314984709480122,80.1223241590214,10.091743119266056,70.03058103975535
E00162446,219,58,29,29,161,29,132,26.48401826484018,13.24200913242009,13.24200913242009,73.51598173515981,13.24200913242009,60.273972602739725
E00162447,311,63,29,34,248,26,222,20.257234726688104,9.32475884244373,10.932475884244374,79.7427652733119,8.360128617363344,71.38263665594855
E00162448,330,53,25,28,277,33,244,16.060606060606062,7.575757575757576,8.484848484848486,83.93939393939394,10,73.93939393939394
E00162449,268,49,18,31,219,27,192,18.28358208955224,6.7164179104477615,11.567164179104477,81.71641791044776,10.074626865671641,71.64179104477611
E00162450,313,69,27,42,244,26,218,22.044728434504794,8.626198083067091,13.418530351437699,77.95527156549521,8.30670926517572,69.6485623003195
E00162451,299,59,20,39,240,26,214,19.732441471571907,6.688963210702341,13.043478260869565,80.2675585284281,8.695652173913043,71.57190635451505
E00162452,310,73,29,44,237,25,212,23.548387096774192,9.35483870967742,14.193548387096774,76.45161290322581,8.064516129032258,68.38709677419355
E00162453,291,65,25,40,226,24,202,22.336769759450174,8.59106529209622,13.745704467353953,77.66323024054984,8.24742268041237,69.41580756013745
E00162454,338,71,29,42,267,21,246,21.005917159763314,8.579881656804734,12.42603550295858,78.99408284023669,6.21301775147929,72.7810650887574
E00162455,365,85,28,57,280,30,250,23.28767123287671,7.671232876712329,15.616438356164384,76.71232876712328,8.21917808219178,68.4931506849315
E00162456,334,71,24,47,263,32,231,21.25748502994012,7.18562874251497,14.071856287425149,78.74251497005989,9.580838323353294,69.16167664670658
E00162457,238,72,29,43,166,18,148,30.252100840336134,12.184873949579831,18.067226890756302,69.74789915966386,7.563025210084033,62.18487394957983
E00162458,240,68,26,42,172,15,157,28.333333333333332,10.833333333333334,17.5,71.66666666666667,6.25,65.41666666666667
E00162459,177,37,14,23,140,26,114,20.903954802259886,7.909604519774012,12.994350282485875,79.09604519774011,14.689265536723164,64.40677966101694
E00162460,300,48,17,31,252,30,222,16,5.666666666666666,10.333333333333334,84,10,74
E00162461,332,65,24,41,267,30,237,19.57831325301205,7.228915662650602,12.349397590361445,80.42168674698796,9.036144578313253,71.3855421686747
E00162462,280,72,29,43,208,18,190,25.71428571428571,10.357142857142858,15.357142857142858,74.28571428571429,6.428571428571428,67.85714285714286
E00162463,209,60,16,44,149,20,129,28.708133971291865,7.655502392344498,21.052631578947366,71.29186602870813,9.569377990430622,61.72248803827751
E00162464,323,115,49,66,208,26,182,35.60371517027864,15.170278637770899,20.43343653250774,64.39628482972137,8.04953560371517,56.34674922600619
E00162465,234,50,24,26,184,16,168,21.367521367521366,10.256410256410255,11.11111111111111,78.63247863247864,6.837606837606838,71.7948717948718
E00162466,210,49,16,33,161,20,141,23.333333333333332,7.6190476190476195,15.714285714285714,76.66666666666667,9.523809523809524,67.14285714285714
E00162467,198,64,32,32,134,12,122,32.323232323232325,16.161616161616163,16.161616161616163,67.67676767676768,6.0606060606060606,61.61616161616161
E00162468,270,48,17,31,222,30,192,17.77777777777778,6.296296296296296,11.481481481481481,82.22222222222221,11.11111111111111,71.11111111111111
E00162469,238,64,34,30,174,15,159,26.89075630252101,14.285714285714285,12.605042016806722,73.10924369747899,6.302521008403361,66.80672268907563
E00162470,363,89,40,49,274,22,252,24.517906336088156,11.019283746556475,13.498622589531681,75.48209366391184,6.0606060606060606,69.42148760330579
E00162471,295,42,22,20,253,23,230,14.237288135593221,7.457627118644068,6.779661016949152,85.76271186440678,7.796610169491526,77.96610169491525
E00162472,284,62,18,44,222,29,193,21.830985915492956,6.338028169014084,15.492957746478872,78.16901408450704,10.211267605633804,67.95774647887323
E00162473,277,69,20,49,208,19,189,24.90974729241877,7.2202166064981945,17.689530685920577,75.09025270758123,6.859205776173286,68.23104693140795
E00162474,272,51,22,29,221,17,204,18.75,8.088235294117647,10.661764705882353,81.25,6.25,75
E00162475,302,59,22,37,243,39,204,19.5364238410596,7.28476821192053,12.251655629139073,80.4635761589404,12.91390728476821,67.54966887417218
E00162476,289,48,11,37,241,33,208,16.608996539792386,3.8062283737024223,12.802768166089965,83.39100346020761,11.418685121107266,71.97231833910035
E00162477,330,61,25,36,269,30,239,18.484848484848484,7.575757575757576,10.909090909090908,81.51515151515152,9.090909090909092,72.42424242424242
E00162478,426,82,43,39,344,38,306,19.248826291079812,10.093896713615024,9.15492957746479,80.75117370892019,8.92018779342723,71.83098591549296
E00162479,291,54,23,31,237,28,209,18.556701030927837,7.903780068728522,10.652920962199312,81.44329896907216,9.621993127147768,71.8213058419244
E00162480,377,81,29,52,296,28,268,21.485411140583555,7.6923076923076925,13.793103448275861,78.51458885941645,7.427055702917771,71.08753315649867
E00162481,236,35,14,21,201,21,180,14.83050847457627,5.932203389830509,8.898305084745763,85.16949152542372,8.898305084745763,76.27118644067797
E00162482,381,49,7,42,332,30,302,12.860892388451445,1.837270341207349,11.023622047244094,87.13910761154857,7.874015748031496,79.26509186351706
E00162483,337,54,16,38,283,32,251,16.023738872403563,4.747774480712167,11.275964391691394,83.97626112759644,9.495548961424333,74.4807121661721
E00162484,298,53,18,35,245,29,216,17.78523489932886,6.0402684563758395,11.74496644295302,82.21476510067114,9.731543624161073,72.48322147651007
E00162486,201,41,25,16,160,7,153,20.398009950248756,12.437810945273633,7.960199004975125,79.60199004975125,3.482587064676617,76.11940298507463
E00162487,224,53,30,23,171,15,156,23.660714285714285,13.392857142857142,10.267857142857142,76.33928571428571,6.696428571428571,69.64285714285714
E00162488,340,93,43,50,247,43,204,27.35294117647059,12.647058823529411,14.705882352941178,72.6470588235294,12.647058823529411,60
E00162489,294,62,17,45,232,27,205,21.08843537414966,5.782312925170068,15.306122448979592,78.91156462585033,9.183673469387756,69.72789115646259
E00162490,356,63,23,40,293,25,268,17.696629213483146,6.460674157303371,11.235955056179774,82.30337078651685,7.02247191011236,75.28089887640449
E00162491,339,71,17,54,268,25,243,20.943952802359885,5.014749262536873,15.929203539823009,79.05604719764013,7.374631268436578,71.68141592920354
E00162492,275,54,21,33,221,27,194,19.636363636363637,7.636363636363637,12,80.36363636363636,9.818181818181818,70.54545454545455
E00162493,270,50,21,29,220,24,196,18.51851851851852,7.777777777777778,10.74074074074074,81.48148148148148,8.88888888888889,72.5925925925926
E00162494,260,46,16,30,214,23,191,17.692307692307693,6.153846153846154,11.538461538461538,82.3076923076923,8.846153846153847,73.46153846153847
E00162495,280,76,37,39,204,22,182,27.142857142857142,13.214285714285715,13.928571428571429,72.85714285714285,7.857142857142857,65
E00162496,373,67,27,40,306,40,266,17.962466487935657,7.238605898123325,10.723860589812332,82.03753351206434,10.723860589812332,71.31367292225201
E00162497,288,71,36,35,217,33,184,24.65277777777778,12.5,12.152777777777777,75.34722222222221,11.458333333333332,63.888888888888886
E00162498,304,64,25,39,240,19,221,21.052631578947366,8.223684210526317,12.828947368421053,78.94736842105263,6.25,72.69736842105263
E00162499,292,48,27,21,244,18,226,16.43835616438356,9.246575342465754,7.191780821917808,83.56164383561644,6.164383561643835,77.3972602739726
E00162500,327,59,23,36,268,30,238,18.04281345565749,7.033639143730887,11.009174311926607,81.9571865443425,9.174311926605505,72.78287461773701
E00162501,227,34,9,25,193,26,167,14.977973568281937,3.9647577092511015,11.013215859030836,85.02202643171806,11.45374449339207,73.568281938326
E00162502,237,61,23,38,176,20,156,25.738396624472575,9.70464135021097,16.033755274261605,74.26160337552743,8.438818565400844,65.82278481012658
E00162503,287,57,25,32,230,22,208,19.860627177700348,8.710801393728223,11.149825783972126,80.13937282229965,7.665505226480835,72.47386759581882
E00162504,320,46,16,30,274,31,243,14.374999999999998,5,9.375,85.625,9.6875,75.9375
E00162505,268,45,19,26,223,24,199,16.791044776119403,7.08955223880597,9.701492537313433,83.2089552238806,8.955223880597014,74.25373134328358
E00162506,177,31,9,22,146,27,119,17.51412429378531,5.084745762711865,12.429378531073446,82.485875706214685,15.254237288135593,67.2316384180791
E00162508,326,68,35,33,258,21,237,20.858895705521473,10.736196319018406,10.122699386503067,79.14110429447852,6.441717791411043,72.69938650306749
E00162509,318,76,48,28,242,23,219,23.89937106918239,15.09433962264151,8.80503144654088,76.10062893081762,7.232704402515723,68.86792452830188
E00162510,441,155,91,64,286,21,265,35.147392290249435,20.634920634920633,14.512471655328799,64.85260770975057,4.761904761904762,60.090702947845806
E00162511,321,60,37,23,261,21,240,18.69158878504673,11.526479750778815,7.165109034267912,81.30841121495327,6.5420560747663545,74.76635514018692
E00162512,312,39,11,28,273,21,252,12.5,3.5256410256410255,8.974358974358974,87.5,6.730769230769231,80.76923076923077
E00162513,228,55,29,26,173,11,162,24.12280701754386,12.719298245614036,11.403508771929824,75.87719298245614,4.824561403508771,71.05263157894737
E00162514,246,34,11,23,212,31,181,13.821138211382115,4.471544715447155,9.34959349593496,86.1788617886179,12.601626016260163,73.57723577235772
E00162515,303,60,24,36,243,22,221,19.801980198019802,7.920792079207921,11.881188118811881,80.19801980198021,7.2607260726072615,72.93729372937293
E00162516,299,37,14,23,262,36,226,12.37458193979933,4.682274247491638,7.6923076923076925,87.62541806020067,12.040133779264215,75.58528428093646
E00162517,299,34,6,28,265,26,239,11.37123745819398,2.0066889632107023,9.364548494983277,88.62876254180601,8.695652173913043,79.93311036789298
E00162518,203,42,15,27,161,20,141,20.689655172413794,7.389162561576355,13.30049261083744,79.3103448275862,9.852216748768473,69.45812807881774
E00162520,327,73,28,45,254,28,226,22.32415902140673,8.56269113149847,13.761467889908257,77.67584097859327,8.56269113149847,69.1131498470948
E00162521,296,29,7,22,267,34,233,9.797297297297296,2.364864864864865,7.4324324324324325,90.2027027027027,11.486486486486488,78.71621621621621
E00162523,272,34,14,20,238,21,217,12.5,5.147058823529411,7.352941176470589,87.5,7.720588235294118,79.77941176470588
E00162524,300,37,12,25,263,25,238,12.333333333333334,4,8.333333333333332,87.66666666666667,8.333333333333332,79.33333333333333
E00162525,262,29,15,14,233,15,218,11.068702290076336,5.7251908396946565,5.343511450381679,88.93129770992367,5.7251908396946565,83.20610687022901
E00162526,258,37,8,29,221,19,202,14.34108527131783,3.10077519379845,11.24031007751938,85.65891472868216,7.3643410852713185,78.29457364341084
E00162527,251,46,13,33,205,24,181,18.326693227091635,5.179282868525896,13.147410358565736,81.67330677290838,9.56175298804781,72.11155378486056
E00162528,245,29,10,19,216,27,189,11.83673469387755,4.081632653061225,7.755102040816326,88.16326530612245,11.020408163265307,77.14285714285715
E00162529,262,57,25,32,205,15,190,21.755725190839694,9.541984732824428,12.213740458015266,78.2442748091603,5.7251908396946565,72.51908396946564
E00162530,233,28,12,16,205,20,185,12.017167381974248,5.150214592274678,6.866952789699571,87.98283261802575,8.583690987124463,79.39914163090128
E00162531,223,36,14,22,187,9,178,16.143497757847534,6.278026905829597,9.865470852017937,83.85650224215246,4.0358744394618835,79.82062780269058
E00162532,297,48,13,35,249,30,219,16.161616161616163,4.377104377104377,11.784511784511785,83.83838383838383,10.1010101010101,73.73737373737373
E00162533,254,49,16,33,205,26,179,19.291338582677163,6.299212598425196,12.992125984251967,80.70866141732283,10.236220472440944,70.47244094488188
E00162534,239,42,19,23,197,26,171,17.573221757322173,7.949790794979079,9.623430962343097,82.42677824267783,10.87866108786611,71.54811715481172
E00162535,275,76,31,45,199,18,181,27.636363636363637,11.272727272727273,16.363636363636363,72.36363636363636,6.545454545454546,65.81818181818181
E00162536,192,24,7,17,168,15,153,12.5,3.6458333333333335,8.854166666666668,87.5,7.8125,79.6875
E00162537,473,46,16,30,427,40,387,9.725158562367865,3.382663847780127,6.342494714587738,90.27484143763213,8.456659619450317,81.81818181818183
E00162538,378,44,9,35,334,37,297,11.64021164021164,2.380952380952381,9.25925925925926,88.35978835978835,9.788359788359788,78.57142857142857
E00162539,531,67,23,44,464,43,421,12.617702448210924,4.3314500941619585,8.286252354048965,87.38229755178908,8.097928436911488,79.28436911487758
E00162540,188,27,9,18,161,18,143,14.361702127659576,4.787234042553192,9.574468085106384,85.63829787234043,9.574468085106384,76.06382978723404
E00162541,239,50,10,40,189,21,168,20.920502092050206,4.184100418410042,16.736401673640167,79.07949790794979,8.786610878661087,70.29288702928869
E00162542,510,82,38,44,428,33,395,16.07843137254902,7.450980392156863,8.627450980392156,83.92156862745098,6.470588235294119,77.45098039215686
E00162543,309,60,25,35,249,17,232,19.41747572815534,8.090614886731391,11.326860841423949,80.58252427184466,5.501618122977346,75.08090614886731
E00162544,272,43,7,36,229,15,214,15.808823529411764,2.5735294117647056,13.23529411764706,84.19117647058823,5.514705882352941,78.67647058823529
E00162545,316,56,22,34,260,28,232,17.72151898734177,6.962025316455696,10.759493670886076,82.27848101265823,8.860759493670885,73.41772151898735
E00162546,260,50,10,40,210,23,187,19.230769230769234,3.8461538461538463,15.384615384615385,80.76923076923077,8.846153846153847,71.92307692307692
E00162547,514,90,32,58,424,32,392,17.509727626459142,6.22568093385214,11.284046692607005,82.49027237354085,6.22568093385214,76.26459143968872
E00162548,291,67,26,41,224,17,207,23.02405498281787,8.934707903780069,14.0893470790378,76.97594501718214,5.841924398625429,71.1340206185567
E00162549,246,27,7,20,219,21,198,10.975609756097562,2.8455284552845526,8.130081300813007,89.02439024390245,8.536585365853659,80.48780487804879
E00162550,262,84,46,38,178,20,158,32.06106870229007,17.557251908396946,14.50381679389313,67.93893129770993,7.633587786259542,60.30534351145038
E00162551,262,36,13,23,226,28,198,13.740458015267176,4.961832061068702,8.778625954198473,86.25954198473282,10.687022900763358,75.57251908396947
E00162552,313,58,20,38,255,20,235,18.53035143769968,6.3897763578274756,12.140575079872203,81.46964856230032,6.3897763578274756,75.07987220447284
E00162553,263,49,24,25,214,31,183,18.631178707224336,9.125475285171103,9.505703422053232,81.36882129277566,11.787072243346007,69.58174904942965
E00162554,183,26,6,20,157,12,145,14.207650273224044,3.278688524590164,10.92896174863388,85.79234972677595,6.557377049180328,79.23497267759562
E00162555,327,50,22,28,277,31,246,15.29051987767584,6.727828746177369,8.56269113149847,84.70948012232415,9.480122324159021,75.22935779816514
E00162556,309,52,21,31,257,19,238,16.828478964401295,6.796116504854369,10.032362459546926,83.1715210355987,6.148867313915858,77.02265372168284
E00162557,309,32,7,25,277,28,249,10.355987055016183,2.26537216828479,8.090614886731391,89.64401294498381,9.06148867313916,80.58252427184466
E00162558,317,46,19,27,271,16,255,14.511041009463725,5.993690851735016,8.517350157728707,85.48895899053628,5.047318611987381,80.4416403785489
E00162559,349,41,15,26,308,23,285,11.74785100286533,4.297994269340974,7.4498567335243555,88.25214899713467,6.59025787965616,81.66189111747852
E00162560,319,71,21,50,248,22,226,22.25705329153605,6.583072100313479,15.673981191222571,77.74294670846395,6.896551724137931,70.84639498432603
E00162561,333,61,17,44,272,38,234,18.31831831831832,5.105105105105105,13.213213213213212,81.68168168168168,11.411411411411411,70.27027027027027
E00162562,298,70,36,34,228,23,205,23.48993288590604,12.080536912751679,11.409395973154362,76.51006711409396,7.718120805369128,68.79194630872483
E00162563,241,48,18,30,193,26,167,19.91701244813278,7.468879668049793,12.448132780082988,80.08298755186722,10.78838174273859,69.29460580912863
E00162564,338,52,15,37,286,23,263,15.384615384615385,4.437869822485207,10.946745562130179,84.61538461538461,6.8047337278106506,77.81065088757396
E00162565,315,42,17,25,273,28,245,13.333333333333334,5.396825396825397,7.936507936507936,86.66666666666667,8.88888888888889,77.77777777777779
E00162566,400,63,21,42,337,39,298,15.75,5.25,10.5,84.25,9.75,74.5
E00162567,377,78,40,38,299,29,270,20.689655172413794,10.610079575596817,10.079575596816976,79.3103448275862,7.6923076923076925,71.61803713527851
E00162568,330,40,18,22,290,18,272,12.121212121212121,5.454545454545454,6.666666666666667,87.87878787878788,5.454545454545454,82.42424242424242
E00162569,365,37,13,24,328,25,303,10.136986301369863,3.5616438356164384,6.575342465753424,89.86301369863014,6.8493150684931505,83.01369863013699
E00162570,264,63,30,33,201,25,176,23.863636363636363,11.363636363636363,12.5,76.13636363636364,9.469696969696969,66.66666666666666
E00162571,411,36,5,31,375,30,345,8.75912408759124,1.2165450121654502,7.542579075425791,91.24087591240875,7.2992700729927,83.94160583941606
E00162572,287,48,16,32,239,31,208,16.72473867595819,5.574912891986063,11.149825783972126,83.27526132404182,10.801393728222997,72.47386759581882
E00162573,294,55,21,34,239,33,206,18.70748299319728,7.142857142857142,11.564625850340136,81.29251700680273,11.224489795918368,70.06802721088435
E00162575,279,44,19,25,235,26,209,15.770609318996415,6.810035842293908,8.960573476702509,84.22939068100358,9.31899641577061,74.91039426523297
E00162578,300,75,34,41,225,22,203,25,11.333333333333332,13.666666666666666,75,7.333333333333333,67.66666666666666
E00162579,272,42,17,25,230,28,202,15.441176470588236,6.25,9.191176470588236,84.55882352941177,10.294117647058822,74.26470588235294
E00162580,431,63,25,38,368,37,331,14.617169373549885,5.800464037122969,8.816705336426914,85.38283062645012,8.584686774941995,76.79814385150812
E00162582,386,78,26,52,308,30,278,20.207253886010363,6.7357512953367875,13.471502590673575,79.79274611398964,7.772020725388601,72.02072538860104
E00162583,297,50,14,36,247,32,215,16.835016835016837,4.713804713804714,12.121212121212121,83.16498316498317,10.774410774410773,72.39057239057239
E00162584,269,37,8,29,232,27,205,13.754646840148698,2.973977695167286,10.780669144981413,86.2453531598513,10.037174721189592,76.2081784386617
E00162585,245,38,18,20,207,29,178,15.510204081632653,7.346938775510205,8.16326530612245,84.48979591836735,11.83673469387755,72.6530612244898
E00162586,313,62,21,41,251,22,229,19.808306709265175,6.7092651757188495,13.099041533546327,80.19169329073482,7.0287539936102235,73.1629392971246
E00162587,434,51,20,31,383,31,352,11.751152073732719,4.6082949308755765,7.142857142857142,88.24884792626729,7.142857142857142,81.10599078341014
E00162588,160,21,3,18,139,12,127,13.125,1.875,11.25,86.875,7.5,79.375
E00162589,380,53,22,31,327,27,300,13.94736842105263,5.7894736842105265,8.157894736842106,86.05263157894737,7.105263157894736,78.94736842105263
E00162590,148,16,6,10,132,11,121,10.81081081081081,4.054054054054054,6.756756756756757,89.1891891891892,7.4324324324324325,81.75675675675676
E00162591,250,25,8,17,225,24,201,10,3.2,6.800000000000001,90,9.6,80.4
E00162592,377,58,22,36,319,33,286,15.384615384615385,5.835543766578249,9.549071618037134,84.61538461538461,8.753315649867375,75.86206896551724
E00162593,218,22,3,19,196,15,181,10.091743119266056,1.3761467889908259,8.715596330275229,89.90825688073394,6.8807339449541285,83.02752293577981
E00162595,323,59,23,36,264,33,231,18.26625386996904,7.120743034055728,11.145510835913312,81.73374613003097,10.21671826625387,71.51702786377709
E00162596,297,30,10,20,267,25,242,10.1010101010101,3.3670033670033668,6.7340067340067336,89.8989898989899,8.417508417508419,81.48148148148148
E00162600,366,54,17,37,312,39,273,14.754098360655737,4.644808743169399,10.10928961748634,85.24590163934425,10.655737704918032,74.59016393442623
E00162601,402,51,16,35,351,26,325,12.686567164179104,3.9800995024875623,8.706467661691542,87.31343283582089,6.467661691542288,80.84577114427861
E00162602,413,34,5,29,379,21,358,8.232445520581114,1.2106537530266344,7.021791767554479,91.76755447941889,5.084745762711865,86.68280871670703
E00162603,491,36,16,20,455,18,437,7.3319755600814664,3.2586558044806515,4.0733197556008145,92.66802443991853,3.6659877800407332,89.0020366598778
E00162604,310,67,25,42,243,29,214,21.612903225806452,8.064516129032258,13.548387096774196,78.38709677419354,9.35483870967742,69.03225806451613
E00162605,363,23,4,19,340,16,324,6.336088154269973,1.1019283746556474,5.234159779614325,93.66391184573003,4.40771349862259,89.25619834710744
E00162606,407,55,11,44,352,37,315,13.513513513513514,2.7027027027027026,10.81081081081081,86.48648648648648,9.090909090909092,77.39557739557739
E00162607,314,26,4,22,288,15,273,8.280254777070063,1.2738853503184715,7.006369426751593,91.71974522292994,4.777070063694268,86.94267515923568
E00162608,629,77,27,50,552,51,501,12.241653418124006,4.292527821939586,7.94912559618442,87.75834658187598,8.108108108108109,79.65023847376789
E00162610,340,31,8,23,309,10,299,9.117647058823529,2.3529411764705883,6.764705882352941,90.88235294117646,2.941176470588235,87.94117647058823
E00162611,551,89,35,54,462,31,431,16.152450090744104,6.352087114337568,9.800362976406534,83.8475499092559,5.626134301270418,78.22141560798548
E00162614,156,20,6,14,136,17,119,12.82051282051282,3.8461538461538463,8.974358974358974,87.17948717948718,10.897435897435898,76.28205128205127
E00162615,376,50,22,28,326,19,307,13.297872340425531,5.851063829787234,7.446808510638298,86.70212765957447,5.053191489361701,81.64893617021278
E00162616,157,22,5,17,135,12,123,14.012738853503185,3.1847133757961785,10.828025477707007,85.98726114649682,7.643312101910828,78.343949044586
E00162617,423,25,7,18,398,16,382,5.91016548463357,1.6548463356973995,4.25531914893617,94.08983451536643,3.7825059101654848,90.30732860520094
E00162618,292,72,30,42,220,18,202,24.65753424657534,10.273972602739725,14.383561643835616,75.34246575342466,6.164383561643835,69.17808219178082
E00162619,225,38,18,20,187,13,174,16.88888888888889,8,8.88888888888889,83.11111111111111,5.777777777777778,77.33333333333333
E00162620,231,37,11,26,194,24,170,16.017316017316016,4.761904761904762,11.255411255411255,83.98268398268398,10.38961038961039,73.59307359307358
E00162621,125,7,2,5,118,16,102,5.6000000000000005,1.6,4,94.39999999999999,12.8,81.6
E00162622,327,50,17,33,277,37,240,15.29051987767584,5.198776758409786,10.091743119266056,84.70948012232415,11.314984709480122,73.39449541284404
E00162623,255,49,16,33,206,18,188,19.215686274509807,6.2745098039215685,12.941176470588237,80.7843137254902,7.0588235294117645,73.72549019607844
E00162624,176,31,15,16,145,8,137,17.613636363636363,8.522727272727272,9.090909090909092,82.38636363636364,4.545454545454546,77.8409090909091
E00162625,254,67,27,40,187,19,168,26.37795275590551,10.62992125984252,15.748031496062993,73.62204724409449,7.480314960629922,66.14173228346458
E00162626,342,50,15,35,292,47,245,14.619883040935672,4.385964912280701,10.23391812865497,85.38011695906432,13.742690058479532,71.6374269005848
E00162627,192,35,10,25,157,16,141,18.229166666666664,5.208333333333334,13.020833333333334,81.77083333333334,8.333333333333332,73.4375
E00162628,391,45,15,30,346,32,314,11.508951406649617,3.8363171355498724,7.672634271099745,88.49104859335038,8.184143222506394,80.30690537084399
E00162629,262,49,21,28,213,22,191,18.702290076335878,8.015267175572518,10.687022900763358,81.29770992366412,8.396946564885496,72.90076335877863
E00162630,319,64,29,35,255,19,236,20.06269592476489,9.090909090909092,10.9717868338558,79.9373040752351,5.956112852664576,73.98119122257053
E00162631,274,48,13,35,226,20,206,17.51824817518248,4.744525547445255,12.773722627737227,82.48175182481752,7.2992700729927,75.18248175182481
E00162632,353,48,16,32,305,22,283,13.59773371104816,4.53257790368272,9.06515580736544,86.40226628895185,6.232294617563739,80.16997167138811
E00162633,149,20,6,14,129,12,117,13.422818791946309,4.026845637583892,9.395973154362416,86.57718120805369,8.053691275167784,78.52348993288591
E00162634,199,34,13,21,165,17,148,17.08542713567839,6.532663316582915,10.552763819095476,82.91457286432161,8.542713567839195,74.37185929648241
E00162635,353,42,13,29,311,26,285,11.89801699716714,3.6827195467422094,8.21529745042493,88.10198300283287,7.365439093484419,80.73654390934844
E00162636,353,54,15,39,299,29,270,15.29745042492918,4.2492917847025495,11.048158640226628,84.70254957507082,8.21529745042493,76.48725212464589
E00162637,373,52,15,37,321,34,287,13.941018766756033,4.021447721179625,9.919571045576408,86.05898123324397,9.115281501340483,76.94369973190348
E00162638,346,53,21,32,293,24,269,15.31791907514451,6.069364161849711,9.248554913294797,84.6820809248555,6.9364161849710975,77.74566473988439
E00162639,309,38,9,29,271,24,247,12.297734627831716,2.912621359223301,9.385113268608414,87.70226537216828,7.766990291262135,79.93527508090615
E00162640,446,39,21,18,407,44,363,8.74439461883408,4.708520179372197,4.0358744394618835,91.25560538116592,9.865470852017937,81.39013452914799
E00162641,354,41,9,32,313,26,287,11.581920903954803,2.5423728813559325,9.03954802259887,88.4180790960452,7.344632768361582,81.07344632768361
E00162642,353,42,13,29,311,27,284,11.89801699716714,3.6827195467422094,8.21529745042493,88.10198300283287,7.64872521246459,80.45325779036827
E00162643,394,63,18,45,331,45,286,15.989847715736042,4.568527918781726,11.421319796954315,84.01015228426397,11.421319796954315,72.58883248730965
E00162644,306,56,19,37,250,14,236,18.30065359477124,6.209150326797386,12.091503267973856,81.69934640522875,4.57516339869281,77.12418300653596
E00162645,252,31,8,23,221,16,205,12.3015873015873,3.1746031746031744,9.126984126984127,87.6984126984127,6.349206349206349,81.34920634920636
E00162646,464,63,19,44,401,33,368,13.577586206896552,4.094827586206897,9.482758620689655,86.42241379310344,7.112068965517242,79.3103448275862
E00162647,275,56,25,31,219,20,199,20.363636363636363,9.090909090909092,11.272727272727273,79.63636363636364,7.2727272727272725,72.36363636363636
E00162648,340,49,16,33,291,33,258,14.411764705882351,4.705882352941177,9.705882352941178,85.58823529411764,9.705882352941178,75.88235294117646
E00162649,267,42,15,27,225,24,201,15.730337078651685,5.617977528089887,10.112359550561797,84.26966292134831,8.98876404494382,75.28089887640449
E00162650,277,33,9,24,244,24,220,11.913357400722022,3.2490974729241873,8.664259927797833,88.08664259927798,8.664259927797833,79.42238267148014
E00162651,339,49,19,30,290,25,265,14.454277286135694,5.604719764011799,8.849557522123893,85.54572271386431,7.374631268436578,78.17109144542773
E00162652,298,34,15,19,264,27,237,11.409395973154362,5.033557046979865,6.375838926174497,88.59060402684564,9.060402684563758,79.53020134228188
E00162653,273,48,20,28,225,18,207,17.582417582417584,7.326007326007327,10.256410256410255,82.41758241758241,6.593406593406594,75.82417582417582
E00162654,310,56,26,30,254,32,222,18.064516129032256,8.38709677419355,9.67741935483871,81.93548387096774,10.32258064516129,71.61290322580646
E00162655,367,40,7,33,327,18,309,10.899182561307901,1.9073569482288828,8.991825613079019,89.10081743869209,4.904632152588556,84.19618528610354
E00162656,443,70,20,50,373,37,336,15.80135440180587,4.514672686230249,11.286681715575622,84.19864559819413,8.35214446952596,75.84650112866818
E00162657,271,39,8,31,232,17,215,14.391143911439114,2.952029520295203,11.439114391143912,85.60885608856088,6.273062730627306,79.33579335793358
E00162658,366,108,63,45,258,22,236,29.508196721311474,17.21311475409836,12.295081967213115,70.49180327868852,6.0109289617486334,64.48087431693989
E00162659,352,46,17,29,306,24,282,13.068181818181818,4.829545454545454,8.238636363636363,86.93181818181817,6.8181818181818175,80.11363636363636
E00162660,302,48,17,31,254,26,228,15.894039735099339,5.629139072847682,10.264900662251655,84.10596026490066,8.609271523178808,75.49668874172185
E00162661,328,71,36,35,257,20,237,21.646341463414632,10.975609756097562,10.670731707317072,78.35365853658537,6.097560975609756,72.2560975609756
E00162663,111,17,2,15,94,11,83,15.315315315315313,1.8018018018018018,13.513513513513514,84.68468468468468,9.90990990990991,74.77477477477478
E00162664,311,59,21,38,252,21,231,18.971061093247588,6.752411575562702,12.218649517684888,81.02893890675242,6.752411575562702,74.27652733118971
E00162665,212,33,9,24,179,19,160,15.566037735849056,4.245283018867925,11.320754716981133,84.43396226415094,8.962264150943396,75.47169811320755
E00162666,332,46,10,36,286,33,253,13.855421686746988,3.0120481927710845,10.843373493975903,86.14457831325302,9.939759036144578,76.20481927710844
E00162667,245,39,17,22,206,21,185,15.918367346938775,6.938775510204081,8.979591836734693,84.08163265306122,8.571428571428571,75.51020408163265
E00162668,231,30,7,23,201,21,180,12.987012987012985,3.0303030303030303,9.956709956709958,87.01298701298701,9.090909090909092,77.92207792207793
E00162669,193,20,8,12,173,16,157,10.362694300518134,4.145077720207254,6.217616580310881,89.63730569948186,8.290155440414509,81.34715025906736
E00162670,354,48,9,39,306,29,277,13.559322033898304,2.5423728813559325,11.016949152542372,86.4406779661017,8.192090395480225,78.24858757062147
E00162672,411,67,17,50,344,33,311,16.30170316301703,4.13625304136253,12.165450121654501,83.69829683698296,8.02919708029197,75.669099756691
E00162673,431,56,16,40,375,34,341,12.993039443155451,3.7122969837587005,9.280742459396752,87.00696055684455,7.888631090487238,79.11832946635731
E00162674,184,24,5,19,160,20,140,13.043478260869565,2.717391304347826,10.326086956521738,86.95652173913044,10.869565217391305,76.08695652173914
E00162675,303,46,17,29,257,31,226,15.181518151815181,5.6105610561056105,9.570957095709572,84.81848184818482,10.231023102310232,74.58745874587459
E00162676,443,64,25,39,379,37,342,14.446952595936793,5.643340857787811,8.803611738148984,85.55304740406321,8.35214446952596,77.20090293453724
E00162677,315,54,24,30,261,21,240,17.142857142857142,7.6190476190476195,9.523809523809524,82.85714285714286,6.666666666666667,76.19047619047619
E00162678,275,46,17,29,229,26,203,16.727272727272727,6.181818181818182,10.545454545454545,83.27272727272728,9.454545454545455,73.81818181818181
E00162679,490,62,16,46,428,44,384,12.653061224489795,3.2653061224489797,9.387755102040817,87.34693877551021,8.979591836734693,78.36734693877551
E00162680,148,37,15,22,111,11,100,25,10.135135135135135,14.864864864864865,75,7.4324324324324325,67.56756756756756
E00162681,167,14,3,11,153,11,142,8.383233532934131,1.7964071856287425,6.58682634730539,91.61676646706587,6.58682634730539,85.02994011976048
E00162682,281,51,14,37,230,22,208,18.14946619217082,4.98220640569395,13.167259786476867,81.85053380782918,7.829181494661921,74.02135231316726
E00162683,577,68,21,47,509,53,456,11.785095320623917,3.6395147313691507,8.145580589254767,88.21490467937608,9.185441941074524,79.02946273830156
E00162684,285,26,2,24,259,20,239,9.12280701754386,0.7017543859649122,8.421052631578947,90.87719298245615,7.017543859649122,83.85964912280703
E00162685,372,60,23,37,312,28,284,16.129032258064516,6.182795698924731,9.946236559139784,83.87096774193549,7.526881720430108,76.34408602150538
E00162686,418,109,39,70,309,36,273,26.076555023923444,9.330143540669857,16.74641148325359,73.92344497607655,8.61244019138756,65.311004784689
E00162688,437,98,37,61,339,22,317,22.42562929061785,8.466819221967963,13.958810068649885,77.57437070938215,5.034324942791762,72.5400457665904
E00162689,374,79,31,48,295,24,271,21.12299465240642,8.288770053475936,12.834224598930483,78.87700534759358,6.417112299465241,72.45989304812835
E00162690,252,76,28,48,176,23,153,30.158730158730158,11.11111111111111,19.047619047619047,69.84126984126983,9.126984126984127,60.71428571428571
E00162691,559,109,51,58,450,44,406,19.499105545617173,9.123434704830053,10.37567084078712,80.50089445438283,7.8711985688729875,72.62969588550983
E00162692,367,67,28,39,300,39,261,18.256130790190735,7.629427792915531,10.626702997275205,81.74386920980926,10.626702997275205,71.11716621253406
E00162693,282,74,41,33,208,17,191,26.24113475177305,14.539007092198581,11.702127659574469,73.75886524822694,6.028368794326241,67.73049645390071
E00162694,294,67,28,39,227,35,192,22.789115646258505,9.523809523809524,13.26530612244898,77.21088435374149,11.904761904761903,65.3061224489796
E00162695,272,57,26,31,215,18,197,20.955882352941178,9.558823529411764,11.397058823529411,79.04411764705883,6.61764705882353,72.42647058823529
E00162696,294,34,4,30,260,31,229,11.564625850340136,1.3605442176870748,10.204081632653061,88.43537414965986,10.54421768707483,77.89115646258503
E00162697,246,41,5,36,205,20,185,16.666666666666664,2.0325203252032518,14.634146341463413,83.33333333333334,8.130081300813007,75.20325203252033
E00162699,584,74,16,58,510,45,465,12.67123287671233,2.73972602739726,9.931506849315069,87.32876712328768,7.705479452054795,79.62328767123287
E00162701,234,48,21,27,186,19,167,20.51282051282051,8.974358974358974,11.538461538461538,79.48717948717949,8.11965811965812,71.36752136752136
E00162704,507,87,34,53,420,40,380,17.159763313609467,6.70611439842209,10.453648915187378,82.84023668639054,7.889546351084813,74.95069033530572
E00162705,480,121,52,69,359,36,323,25.208333333333332,10.833333333333334,14.374999999999998,74.79166666666667,7.5,67.29166666666667
E00162706,339,75,40,35,264,33,231,22.123893805309734,11.799410029498524,10.32448377581121,77.87610619469027,9.734513274336283,68.14159292035397
E00162708,314,51,13,38,263,42,221,16.24203821656051,4.140127388535031,12.101910828025478,83.7579617834395,13.375796178343949,70.38216560509554
E00162709,285,89,46,43,196,32,164,31.2280701754386,16.140350877192983,15.087719298245613,68.77192982456141,11.228070175438596,57.54385964912281
E00162710,265,54,10,44,211,22,189,20.37735849056604,3.7735849056603774,16.60377358490566,79.62264150943396,8.30188679245283,71.32075471698113
E00162711,194,71,33,38,123,15,108,36.597938144329895,17.010309278350515,19.587628865979383,63.4020618556701,7.731958762886598,55.670103092783506
E00162712,282,48,16,32,234,26,208,17.02127659574468,5.673758865248227,11.347517730496454,82.97872340425532,9.219858156028367,73.75886524822694
E00162713,237,44,16,28,193,25,168,18.565400843881857,6.751054852320674,11.814345991561181,81.43459915611815,10.548523206751055,70.88607594936708
E00162714,227,28,8,20,199,27,172,12.334801762114537,3.524229074889868,8.81057268722467,87.66519823788546,11.894273127753303,75.77092511013215
E00162715,214,31,6,25,183,24,159,14.485981308411214,2.803738317757009,11.682242990654206,85.51401869158879,11.214953271028037,74.29906542056075
E00162716,292,58,19,39,234,29,205,19.863013698630137,6.506849315068493,13.356164383561644,80.13698630136986,9.931506849315069,70.2054794520548
E00162717,227,34,8,26,193,20,173,14.977973568281937,3.524229074889868,11.45374449339207,85.02202643171806,8.81057268722467,76.2114537444934
E00162718,333,56,16,40,277,33,244,16.816816816816818,4.804804804804805,12.012012012012011,83.18318318318319,9.90990990990991,73.27327327327328
E00162719,275,53,16,37,222,18,204,19.272727272727273,5.818181818181818,13.454545454545455,80.72727272727272,6.545454545454546,74.18181818181819
E00162721,296,52,21,31,244,30,214,17.56756756756757,7.094594594594595,10.472972972972974,82.43243243243244,10.135135135135135,72.2972972972973
E00162723,266,77,36,41,189,23,166,28.947368421052634,13.533834586466165,15.413533834586465,71.05263157894737,8.646616541353383,62.40601503759399
E00162724,306,55,21,34,251,25,226,17.973856209150327,6.862745098039216,11.11111111111111,82.02614379084967,8.169934640522875,73.8562091503268
E00162725,264,36,11,25,228,33,195,13.636363636363635,4.166666666666666,9.469696969696969,86.36363636363636,12.5,73.86363636363636
E00162726,259,35,15,20,224,15,209,13.513513513513514,5.7915057915057915,7.722007722007722,86.48648648648648,5.7915057915057915,80.6949806949807
E00162727,451,72,18,54,379,32,347,15.96452328159645,3.9911308203991127,11.973392461197339,84.03547671840354,7.095343680709535,76.94013303769401
E00162728,349,51,22,29,298,23,275,14.613180515759314,6.303724928366762,8.30945558739255,85.38681948424069,6.59025787965616,78.79656160458453
E00162729,346,64,21,43,282,39,243,18.497109826589593,6.069364161849711,12.427745664739884,81.5028901734104,11.271676300578035,70.23121387283237
E00162730,287,54,22,32,233,24,209,18.81533101045296,7.665505226480835,11.149825783972126,81.18466898954703,8.362369337979095,72.82229965156795
E00162731,397,48,11,37,349,37,312,12.090680100755668,2.770780856423174,9.319899244332493,87.90931989924434,9.319899244332493,78.58942065491183
E00162734,229,22,6,16,207,28,179,9.606986899563319,2.6200873362445414,6.986899563318777,90.39301310043668,12.22707423580786,78.16593886462883
E00162735,406,68,20,48,338,34,304,16.748768472906402,4.926108374384237,11.822660098522167,83.2512315270936,8.374384236453201,74.8768472906404
E00162736,312,33,10,23,279,31,248,10.576923076923077,3.205128205128205,7.371794871794872,89.42307692307693,9.935897435897436,79.48717948717949
E00162737,276,26,10,16,250,29,221,9.420289855072465,3.6231884057971016,5.797101449275362,90.57971014492753,10.507246376811594,80.07246376811594
E00162738,226,28,14,14,198,23,175,12.389380530973451,6.1946902654867255,6.1946902654867255,87.61061946902655,10.176991150442479,77.43362831858407
E00162739,296,37,7,30,259,34,225,12.5,2.364864864864865,10.135135135135135,87.5,11.486486486486488,76.01351351351352
E00162740,368,79,22,57,289,26,263,21.467391304347828,5.978260869565218,15.489130434782608,78.53260869565217,7.065217391304348,71.46739130434783
E00162741,429,60,17,43,369,44,325,13.986013986013987,3.9627039627039626,10.023310023310025,86.01398601398601,10.256410256410255,75.75757575757575
E00162742,318,44,10,34,274,28,246,13.836477987421384,3.1446540880503147,10.69182389937107,86.16352201257862,8.80503144654088,77.35849056603774
E00162743,345,46,12,34,299,30,269,13.333333333333334,3.4782608695652173,9.855072463768117,86.66666666666667,8.695652173913043,77.97101449275362
E00162744,313,44,10,34,269,32,237,14.057507987220447,3.1948881789137378,10.86261980830671,85.94249201277955,10.223642172523961,75.71884984025559
E00162745,376,43,12,31,333,35,298,11.436170212765957,3.1914893617021276,8.24468085106383,88.56382978723404,9.308510638297872,79.25531914893617
E00162746,249,26,11,15,223,28,195,10.441767068273093,4.417670682730924,6.024096385542169,89.5582329317269,11.244979919678714,78.3132530120482
E00162747,234,35,9,26,199,23,176,14.957264957264957,3.8461538461538463,11.11111111111111,85.04273504273505,9.82905982905983,75.21367521367522
E00162748,348,47,19,28,301,27,274,13.505747126436782,5.459770114942529,8.045977011494253,86.49425287356321,7.758620689655173,78.73563218390804
E00162749,359,33,9,24,326,38,288,9.192200557103064,2.5069637883008355,6.685236768802229,90.80779944289694,10.584958217270195,80.22284122562674
E00162750,376,40,11,29,336,52,284,10.638297872340425,2.925531914893617,7.712765957446808,89.36170212765957,13.829787234042554,75.53191489361703
E00162751,280,29,5,24,251,29,222,10.357142857142858,1.7857142857142856,8.571428571428571,89.64285714285715,10.357142857142858,79.28571428571428
E00162752,319,40,15,25,279,33,246,12.539184952978054,4.702194357366771,7.836990595611286,87.46081504702194,10.344827586206897,77.11598746081505
E00162753,307,39,12,27,268,18,250,12.703583061889251,3.908794788273615,8.794788273615636,87.29641693811075,5.863192182410423,81.43322475570032
E00162754,350,78,41,37,272,28,244,22.285714285714285,11.714285714285715,10.571428571428571,77.71428571428571,8,69.71428571428572
E00162756,306,59,32,27,247,32,215,19.28104575163399,10.457516339869281,8.823529411764707,80.71895424836602,10.457516339869281,70.26143790849673
E00162757,374,68,36,32,306,40,266,18.181818181818183,9.62566844919786,8.55614973262032,81.81818181818183,10.695187165775401,71.12299465240642
E00162758,297,43,14,29,254,29,225,14.47811447811448,4.713804713804714,9.764309764309765,85.52188552188552,9.764309764309765,75.75757575757575
E00162759,279,33,10,23,246,16,230,11.827956989247312,3.584229390681003,8.24372759856631,88.17204301075269,5.734767025089606,82.43727598566308
E00162760,525,86,37,49,439,41,398,16.380952380952383,7.0476190476190474,9.333333333333334,83.61904761904762,7.809523809523809,75.80952380952381
E00162761,285,89,34,55,196,21,175,31.2280701754386,11.929824561403509,19.298245614035086,68.77192982456141,7.368421052631578,61.40350877192983
E00162762,280,72,35,37,208,33,175,25.71428571428571,12.5,13.214285714285715,74.28571428571429,11.785714285714285,62.5
E00162763,348,48,15,33,300,25,275,13.793103448275861,4.310344827586207,9.482758620689655,86.20689655172413,7.183908045977011,79.02298850574712
E00162764,385,82,35,47,303,30,273,21.298701298701296,9.090909090909092,12.207792207792208,78.70129870129871,7.792207792207792,70.9090909090909
E00162765,340,67,22,45,273,28,245,19.705882352941178,6.470588235294119,13.23529411764706,80.29411764705883,8.235294117647058,72.05882352941177
E00162766,470,55,15,40,415,39,376,11.702127659574469,3.1914893617021276,8.51063829787234,88.29787234042553,8.297872340425531,80
E00162767,264,71,35,36,193,16,177,26.89393939393939,13.257575757575758,13.636363636363635,73.10606060606061,6.0606060606060606,67.04545454545455
E00162768,336,66,27,39,270,27,243,19.642857142857142,8.035714285714286,11.607142857142858,80.35714285714286,8.035714285714286,72.32142857142857
E00162769,205,59,24,35,146,18,128,28.780487804878046,11.707317073170733,17.073170731707318,71.21951219512195,8.780487804878048,62.4390243902439
E00162770,315,59,17,42,256,28,228,18.73015873015873,5.396825396825397,13.333333333333334,81.26984126984127,8.88888888888889,72.38095238095238
E00162771,237,56,14,42,181,29,152,23.628691983122362,5.9071729957805905,17.72151898734177,76.37130801687763,12.236286919831224,64.13502109704642
E00162773,338,68,29,39,270,26,244,20.118343195266274,8.579881656804734,11.538461538461538,79.88165680473372,7.6923076923076925,72.18934911242604
E00162775,358,55,18,37,303,29,274,15.363128491620111,5.027932960893855,10.335195530726256,84.63687150837988,8.100558659217876,76.53631284916202
E00162776,373,70,23,47,303,24,279,18.766756032171582,6.166219839142091,12.600536193029491,81.23324396782841,6.434316353887399,74.79892761394102
E00162777,278,66,29,37,212,13,199,23.741007194244602,10.431654676258994,13.309352517985612,76.2589928057554,4.676258992805756,71.58273381294964
E00162778,276,62,30,32,214,23,191,22.463768115942027,10.869565217391305,11.594202898550725,77.53623188405797,8.333333333333332,69.20289855072464
E00162779,297,74,35,39,223,17,206,24.915824915824917,11.784511784511785,13.131313131313133,75.08417508417509,5.723905723905724,69.36026936026936
E00162780,287,47,13,34,240,17,223,16.376306620209057,4.529616724738676,11.846689895470384,83.62369337979094,5.923344947735192,77.70034843205575
E00162781,405,96,42,54,309,19,290,23.703703703703706,10.37037037037037,13.333333333333334,76.29629629629629,4.691358024691358,71.60493827160494
E00162782,488,70,26,44,418,31,387,14.344262295081966,5.327868852459016,9.01639344262295,85.65573770491804,6.352459016393443,79.30327868852459
E00162783,232,37,12,25,195,20,175,15.948275862068966,5.172413793103448,10.775862068965516,84.05172413793103,8.620689655172415,75.43103448275862
E00162784,278,40,12,28,238,26,212,14.388489208633093,4.316546762589928,10.071942446043165,85.61151079136691,9.352517985611511,76.2589928057554
E00162785,334,63,26,37,271,25,246,18.862275449101794,7.784431137724551,11.077844311377245,81.1377245508982,7.48502994011976,73.65269461077844
E00162786,328,56,24,32,272,37,235,17.073170731707318,7.317073170731707,9.75609756097561,82.92682926829268,11.28048780487805,71.64634146341463
E00162788,218,57,27,30,161,21,140,26.146788990825687,12.385321100917432,13.761467889908257,73.85321100917432,9.63302752293578,64.22018348623854
E00162789,331,87,44,43,244,22,222,26.283987915407852,13.293051359516618,12.990936555891238,73.71601208459214,6.646525679758309,67.06948640483384
E00162790,358,74,33,41,284,26,258,20.670391061452513,9.217877094972067,11.452513966480447,79.3296089385475,7.262569832402235,72.06703910614524
E00162791,338,77,40,37,261,42,219,22.781065088757398,11.834319526627219,10.946745562130179,77.2189349112426,12.42603550295858,64.79289940828401
E00162792,322,45,17,28,277,35,242,13.975155279503104,5.279503105590062,8.695652173913043,86.0248447204969,10.869565217391305,75.15527950310559
E00162793,306,47,11,36,259,26,233,15.359477124183007,3.594771241830065,11.76470588235294,84.640522875817,8.49673202614379,76.1437908496732
E00162794,271,89,53,36,182,19,163,32.84132841328413,19.557195571955717,13.284132841328415,67.15867158671587,7.011070110701106,60.147601476014756
E00162795,295,39,7,32,256,30,226,13.220338983050848,2.3728813559322033,10.847457627118644,86.77966101694915,10.16949152542373,76.61016949152543
E00162796,263,47,22,25,216,28,188,17.870722433460077,8.365019011406844,9.505703422053232,82.12927756653993,10.646387832699618,71.48288973384031
E00162797,255,63,30,33,192,25,167,24.705882352941178,11.76470588235294,12.941176470588237,75.29411764705883,9.803921568627452,65.49019607843137
E00162798,279,57,21,36,222,19,203,20.43010752688172,7.526881720430108,12.903225806451612,79.56989247311827,6.810035842293908,72.75985663082437
E00162800,321,48,15,33,273,35,238,14.953271028037381,4.672897196261682,10.2803738317757,85.04672897196261,10.903426791277258,74.14330218068535
E00162801,486,57,19,38,429,41,388,11.728395061728394,3.909465020576132,7.818930041152264,88.27160493827161,8.436213991769549,79.83539094650206
E00162802,316,44,20,24,272,18,254,13.924050632911392,6.329113924050633,7.59493670886076,86.07594936708861,5.69620253164557,80.37974683544303
E00162803,372,44,15,29,328,37,291,11.827956989247312,4.032258064516129,7.795698924731183,88.17204301075269,9.946236559139784,78.2258064516129
E00162804,442,70,31,39,372,46,326,15.837104072398189,7.013574660633484,8.823529411764707,84.16289592760181,10.407239819004525,73.7556561085973
E00162805,325,49,12,37,276,35,241,15.076923076923077,3.6923076923076925,11.384615384615385,84.92307692307692,10.76923076923077,74.15384615384616
E00162806,353,48,18,30,305,35,270,13.59773371104816,5.099150141643059,8.498583569405099,86.40226628895185,9.91501416430595,76.48725212464589
E00162807,255,42,12,30,213,23,190,16.470588235294116,4.705882352941177,11.76470588235294,83.52941176470588,9.019607843137255,74.50980392156863
E00162808,307,45,12,33,262,35,227,14.65798045602606,3.908794788273615,10.749185667752444,85.34201954397395,11.400651465798045,73.9413680781759
E00162809,218,40,12,28,178,25,153,18.34862385321101,5.5045871559633035,12.844036697247708,81.65137614678899,11.46788990825688,70.18348623853211
E00162810,430,63,23,40,367,39,328,14.651162790697676,5.348837209302325,9.30232558139535,85.34883720930233,9.069767441860465,76.27906976744187
E00162811,338,59,17,42,279,18,261,17.45562130177515,5.029585798816568,12.42603550295858,82.54437869822485,5.325443786982249,77.2189349112426
E00162813,333,59,15,44,274,31,243,17.71771771771772,4.504504504504505,13.213213213213212,82.28228228228228,9.30930930930931,72.97297297297297
E00162814,387,51,15,36,336,32,304,13.178294573643413,3.875968992248062,9.30232558139535,86.82170542635659,8.2687338501292,78.55297157622739
E00162815,255,45,14,31,210,22,188,17.647058823529413,5.490196078431373,12.156862745098039,82.35294117647058,8.627450980392156,73.72549019607844
E00162816,271,39,10,29,232,27,205,14.391143911439114,3.6900369003690034,10.70110701107011,85.60885608856088,9.96309963099631,75.64575645756457
E00162817,319,45,9,36,274,36,238,14.106583072100312,2.8213166144200628,11.285266457680251,85.8934169278997,11.285266457680251,74.60815047021944
E00162818,243,51,17,34,192,23,169,20.98765432098765,6.995884773662551,13.991769547325102,79.01234567901234,9.465020576131687,69.54732510288066
E00162819,259,29,15,14,230,29,201,11.196911196911197,5.7915057915057915,5.405405405405405,88.8030888030888,11.196911196911197,77.60617760617761
E00162820,257,25,5,20,232,20,212,9.72762645914397,1.9455252918287937,7.782101167315175,90.27237354085604,7.782101167315175,82.49027237354085
E00162821,244,38,9,29,206,29,177,15.573770491803279,3.6885245901639343,11.885245901639344,84.42622950819673,11.885245901639344,72.54098360655738
E00162822,247,39,13,26,208,19,189,15.789473684210526,5.263157894736842,10.526315789473683,84.21052631578947,7.6923076923076925,76.51821862348179
E00162823,308,52,12,40,256,35,221,16.883116883116884,3.896103896103896,12.987012987012985,83.11688311688312,11.363636363636363,71.75324675324676
E00162824,339,36,10,26,303,36,267,10.619469026548673,2.949852507374631,7.669616519174041,89.38053097345133,10.619469026548673,78.76106194690266
E00162825,270,61,24,37,209,20,189,22.59259259259259,8.88888888888889,13.703703703703704,77.4074074074074,7.4074074074074066,70
E00162826,573,103,36,67,470,44,426,17.975567190226876,6.282722513089005,11.69284467713787,82.02443280977313,7.678883071553229,74.3455497382199
E00162827,250,58,26,32,192,19,173,23.200000000000003,10.4,12.8,76.8,7.6,69.19999999999999
E00162828,271,70,32,38,201,15,186,25.830258302583026,11.808118081180812,14.022140221402212,74.16974169741697,5.535055350553505,68.63468634686348
E00162829,272,53,25,28,219,19,200,19.485294117647058,9.191176470588236,10.294117647058822,80.51470588235294,6.985294117647059,73.52941176470588
E00162830,278,50,11,39,228,30,198,17.985611510791365,3.9568345323741005,14.028776978417264,82.01438848920863,10.79136690647482,71.22302158273382
E00162831,324,48,12,36,276,31,245,14.814814814814813,3.7037037037037033,11.11111111111111,85.18518518518519,9.5679012345679,75.61728395061729
E00162832,314,47,11,36,267,21,246,14.968152866242038,3.5031847133757963,11.464968152866243,85.03184713375796,6.687898089171974,78.343949044586
E00162833,325,67,22,45,258,20,238,20.615384615384617,6.769230769230769,13.846153846153847,79.38461538461539,6.153846153846154,73.23076923076923
E00162834,303,49,10,39,254,34,220,16.17161716171617,3.3003300330033,12.871287128712872,83.82838283828383,11.221122112211221,72.60726072607261
E00162835,234,68,38,30,166,14,152,29.059829059829063,16.23931623931624,12.82051282051282,70.94017094017094,5.982905982905983,64.95726495726495
E00162836,225,53,26,27,172,15,157,23.555555555555554,11.555555555555555,12,76.44444444444444,6.666666666666667,69.77777777777779
E00162837,235,54,30,24,181,16,165,22.97872340425532,12.76595744680851,10.212765957446807,77.02127659574468,6.808510638297872,70.2127659574468
E00162838,348,43,13,30,305,30,275,12.35632183908046,3.7356321839080464,8.620689655172415,87.643678160919535,8.620689655172415,79.02298850574712
E00162839,313,88,39,49,225,16,209,28.115015974440894,12.460063897763577,15.654952076677317,71.8849840255591,5.111821086261981,66.77316293929712
E00162840,299,41,11,30,258,42,216,13.712374581939798,3.678929765886288,10.033444816053512,86.2876254180602,14.046822742474916,72.24080267558529
E00162841,230,80,40,40,150,17,133,34.78260869565217,17.391304347826086,17.391304347826086,65.21739130434783,7.391304347826087,57.826086956521735
E00162842,294,54,14,40,240,25,215,18.367346938775512,4.761904761904762,13.60544217687075,81.63265306122449,8.503401360544217,73.12925170068027
E00162843,356,21,4,17,335,31,304,5.8988764044943816,1.1235955056179776,4.775280898876404,94.10112359550563,8.707865168539326,85.39325842696628
E00162844,302,45,16,29,257,37,220,14.90066225165563,5.298013245033113,9.602649006622517,85.09933774834437,12.251655629139073,72.84768211920529
E00162846,277,26,10,16,251,30,221,9.386281588447654,3.6101083032490973,5.776173285198556,90.61371841155234,10.830324909747292,79.78339350180505
E00162847,286,40,17,23,246,20,226,13.986013986013987,5.944055944055944,8.041958041958042,86.01398601398601,6.993006993006993,79.02097902097903
E00162848,332,44,18,26,288,23,265,13.253012048192772,5.421686746987952,7.83132530120482,86.74698795180723,6.927710843373494,79.81927710843374
E00162849,315,62,27,35,253,30,223,19.682539682539684,8.571428571428571,11.11111111111111,80.31746031746032,9.523809523809524,70.7936507936508
E00162850,338,54,13,41,284,29,255,15.976331360946746,3.8461538461538463,12.1301775147929,84.02366863905326,8.579881656804734,75.44378698224851
E00162851,304,46,10,36,258,31,227,15.131578947368421,3.289473684210526,11.842105263157894,84.86842105263158,10.197368421052632,74.67105263157895
E00162853,189,43,16,27,146,22,124,22.75132275132275,8.465608465608465,14.285714285714285,77.24867724867724,11.64021164021164,65.60846560846561
E00162854,253,46,17,29,207,26,181,18.181818181818183,6.719367588932807,11.462450592885375,81.81818181818183,10.276679841897234,71.54150197628458
E00162855,273,42,16,26,231,31,200,15.384615384615385,5.86080586080586,9.523809523809524,84.61538461538461,11.355311355311356,73.26007326007326
E00162856,231,49,15,34,182,19,163,21.21212121212121,6.493506493506493,14.71861471861472,78.78787878787878,8.225108225108226,70.56277056277057
E00162857,376,63,19,44,313,46,267,16.75531914893617,5.053191489361701,11.702127659574469,83.24468085106383,12.23404255319149,71.01063829787235
E00162858,309,41,13,28,268,25,243,13.268608414239482,4.207119741100324,9.06148867313916,86.73139158576052,8.090614886731391,78.64077669902912
E00162859,268,60,18,42,208,30,178,22.388059701492537,6.7164179104477615,15.671641791044777,77.61194029850746,11.194029850746269,66.4179104477612
E00162860,314,46,16,30,268,33,235,14.64968152866242,5.095541401273886,9.554140127388536,85.35031847133759,10.509554140127388,74.84076433121018
E00162861,293,42,11,31,251,28,223,14.334470989761092,3.754266211604096,10.580204778156997,85.6655290102389,9.556313993174061,76.10921501706484
E00162862,344,100,45,55,244,27,217,29.069767441860467,13.08139534883721,15.988372093023257,70.93023255813954,7.848837209302325,63.08139534883721
E00162863,312,55,16,39,257,24,233,17.628205128205128,5.128205128205128,12.5,82.37179487179486,7.6923076923076925,74.67948717948718
E00162864,274,61,17,44,213,41,172,22.26277372262774,6.204379562043796,16.05839416058394,77.73722627737226,14.963503649635038,62.77372262773723
E00162865,581,90,22,68,491,47,444,15.49053356282272,3.7865748709122204,11.703958691910499,84.50946643717728,8.089500860585199,76.41996557659209
E00162866,205,44,15,29,161,19,142,21.463414634146343,7.317073170731707,14.146341463414632,78.53658536585367,9.268292682926829,69.26829268292683
E00162867,270,47,14,33,223,22,201,17.40740740740741,5.185185185185185,12.222222222222221,82.5925925925926,8.148148148148149,74.44444444444444
E00162868,353,41,11,30,312,29,283,11.614730878186968,3.1161473087818696,8.498583569405099,88.38526912181302,8.21529745042493,80.16997167138811
E00162869,324,67,14,53,257,31,226,20.679012345679013,4.320987654320987,16.358024691358025,79.32098765432099,9.5679012345679,69.75308641975309
E00162870,326,50,14,36,276,23,253,15.337423312883436,4.294478527607362,11.042944785276074,84.66257668711657,7.05521472392638,77.60736196319019
E00162871,289,36,11,25,253,23,230,12.45674740484429,3.8062283737024223,8.650519031141869,87.5432525951557,7.958477508650519,79.58477508650519
E00162872,268,38,18,20,230,23,207,14.17910447761194,6.7164179104477615,7.462686567164178,85.82089552238806,8.582089552238806,77.23880597014924
E00162873,290,46,14,32,244,22,222,15.862068965517242,4.827586206896552,11.03448275862069,84.13793103448276,7.586206896551724,76.55172413793103
E00162874,273,41,16,25,232,19,213,15.018315018315018,5.86080586080586,9.157509157509157,84.98168498168498,6.95970695970696,78.02197802197803
E00162875,340,58,16,42,282,27,255,17.058823529411764,4.705882352941177,12.352941176470589,82.94117647058825,7.941176470588235,75
E00162876,250,39,11,28,211,14,197,15.6,4.3999999999999995,11.200000000000001,84.39999999999999,5.6000000000000005,78.8
E00162877,206,66,38,28,140,16,124,32.038834951456316,18.446601941747574,13.592233009708737,67.96116504854369,7.766990291262135,60.19417475728155
E00162878,223,27,6,21,196,14,182,12.10762331838565,2.690582959641256,9.417040358744394,87.89237668161435,6.278026905829597,81.61434977578476
E00162879,308,37,10,27,271,28,243,12.012987012987013,3.2467532467532463,8.766233766233766,87.98701298701299,9.090909090909092,78.8961038961039
E00162880,421,77,28,49,344,44,300,18.28978622327791,6.65083135391924,11.63895486935867,81.71021377672209,10.451306413301662,71.25890736342043
E00162881,380,97,42,55,283,28,255,25.526315789473685,11.052631578947368,14.473684210526317,74.47368421052632,7.368421052631578,67.10526315789474
E00162882,555,74,29,45,481,56,425,13.333333333333334,5.225225225225225,8.108108108108109,86.66666666666667,10.09009009009009,76.57657657657657
E00162883,229,37,8,29,192,18,174,16.157205240174672,3.4934497816593884,12.663755458515283,83.84279475982532,7.860262008733625,75.9825327510917
E00162884,336,43,11,32,293,25,268,12.797619047619047,3.273809523809524,9.523809523809524,87.20238095238095,7.440476190476191,79.76190476190477
E00162886,263,45,14,31,218,26,192,17.110266159695815,5.323193916349809,11.787072243346007,82.88973384030417,9.885931558935361,73.00380228136882
E00162887,314,62,23,39,252,23,229,19.745222929936308,7.32484076433121,12.420382165605096,80.2547770700637,7.32484076433121,72.92993630573248
E00162888,108,24,9,15,84,7,77,22.22222222222222,8.333333333333332,13.88888888888889,77.77777777777779,6.481481481481481,71.29629629629629
E00162889,259,50,20,30,209,10,199,19.305019305019304,7.722007722007722,11.583011583011583,80.6949806949807,3.861003861003861,76.83397683397683
E00162890,377,47,19,28,330,40,290,12.46684350132626,5.039787798408488,7.427055702917771,87.53315649867373,10.610079575596817,76.92307692307693
E00162891,373,91,46,45,282,30,252,24.396782841823057,12.332439678284182,12.064343163538874,75.60321715817693,8.04289544235925,67.5603217158177
E00162892,297,60,21,39,237,19,218,20.2020202020202,7.07070707070707,13.131313131313133,79.7979797979798,6.397306397306397,73.4006734006734
E00162893,508,54,19,35,454,40,414,10.62992125984252,3.740157480314961,6.889763779527559,89.37007874015748,7.874015748031496,81.49606299212599
E00162894,322,36,11,25,286,22,264,11.180124223602485,3.4161490683229814,7.763975155279502,88.81987577639751,6.832298136645963,81.98757763975155
E00162895,609,63,23,40,546,52,494,10.344827586206897,3.776683087027915,6.568144499178982,89.65517241379311,8.538587848932677,81.11658456486043
E00162896,328,48,12,36,280,26,254,14.634146341463413,3.6585365853658534,10.975609756097562,85.36585365853658,7.926829268292683,77.4390243902439
E00162897,334,56,11,45,278,20,258,16.766467065868262,3.293413173652695,13.47305389221557,83.23353293413174,5.9880239520958085,77.24550898203593
E00162898,326,41,15,26,285,41,244,12.576687116564417,4.601226993865031,7.975460122699387,87.42331288343557,12.576687116564417,74.84662576687117
E00162899,163,14,2,12,149,15,134,8.588957055214724,1.2269938650306749,7.361963190184049,91.41104294478528,9.202453987730062,82.20858895705521
E00162900,194,22,5,17,172,8,164,11.34020618556701,2.5773195876288657,8.762886597938143,88.65979381443299,4.123711340206185,84.5360824742268
E00162901,355,46,15,31,309,39,270,12.957746478873238,4.225352112676056,8.732394366197182,87.04225352112675,10.985915492957748,76.05633802816901
E00162902,367,56,16,40,311,30,281,15.258855585831062,4.35967302452316,10.899182561307901,84.74114441416893,8.174386920980927,76.566757493188
E00162903,468,66,32,34,402,48,354,14.102564102564102,6.837606837606838,7.264957264957266,85.8974358974359,10.256410256410255,75.64102564102564
E00162904,337,60,20,40,277,39,238,17.804154302670625,5.934718100890208,11.869436201780417,82.19584569732937,11.572700296735905,70.62314540059347
E00162905,239,30,6,24,209,23,186,12.552301255230125,2.510460251046025,10.0418410041841,87.44769874476988,9.623430962343097,77.82426778242679
E00162906,430,90,35,55,340,46,294,20.930232558139537,8.13953488372093,12.790697674418606,79.06976744186046,10.69767441860465,68.37209302325581
E00162907,435,65,20,45,370,29,341,14.942528735632186,4.597701149425287,10.344827586206897,85.0574712643678,6.666666666666667,78.39080459770115
E00162908,497,50,16,34,447,32,415,10.06036217303823,3.2193158953722336,6.841046277665996,89.93963782696177,6.438631790744467,83.5010060362173
E00162909,400,53,13,40,347,37,310,13.25,3.25,10,86.75,9.25,77.5
E00162910,342,49,17,32,293,26,267,14.327485380116958,4.970760233918129,9.35672514619883,85.67251461988305,7.602339181286549,78.0701754385965
E00162911,300,45,18,27,255,28,227,15,6,9,85,9.333333333333334,75.66666666666667
E00162912,459,99,45,54,360,26,334,21.568627450980394,9.803921568627452,11.76470588235294,78.43137254901961,5.664488017429194,72.76688453159042
E00162913,308,50,21,29,258,26,232,16.233766233766232,6.8181818181818175,9.415584415584416,83.76623376623377,8.441558441558442,75.32467532467533
E00162915,246,25,11,14,221,17,204,10.16260162601626,4.471544715447155,5.691056910569105,89.83739837398373,6.910569105691057,82.92682926829268
E00162916,274,47,13,34,227,24,203,17.153284671532848,4.744525547445255,12.408759124087592,82.84671532846716,8.75912408759124,74.08759124087592
E00162917,271,91,35,56,180,21,159,33.579335793357934,12.915129151291513,20.66420664206642,66.42066420664207,7.7490774907749085,58.671586715867164
E00162918,350,53,18,35,297,25,272,15.142857142857144,5.142857142857142,10,84.85714285714285,7.142857142857142,77.71428571428571
E00162919,308,11,0,11,297,22,275,3.571428571428571,0,3.571428571428571,96.42857142857143,7.142857142857142,89.28571428571429
E00162920,260,52,27,25,208,32,176,20,10.384615384615385,9.615384615384617,80,12.307692307692308,67.6923076923077
E00162921,264,51,23,28,213,26,187,19.318181818181817,8.712121212121213,10.606060606060606,80.68181818181817,9.848484848484848,70.83333333333334
E00162922,380,50,12,38,330,34,296,13.157894736842104,3.1578947368421053,10,86.8421052631579,8.947368421052632,77.89473684210526
E00162923,273,33,12,21,240,28,212,12.087912087912088,4.395604395604396,7.6923076923076925,87.91208791208791,10.256410256410255,77.65567765567766
E00162924,267,40,9,31,227,27,200,14.981273408239701,3.3707865168539324,11.610486891385769,85.0187265917603,10.112359550561797,74.90636704119851
E00162926,288,11,4,7,277,8,269,3.8194444444444446,1.3888888888888888,2.430555555555556,96.18055555555556,2.7777777777777777,93.40277777777779
E00162927,167,42,10,32,125,12,113,25.149700598802394,5.9880239520958085,19.16167664670659,74.8502994011976,7.18562874251497,67.66467065868264
E00162928,207,37,13,24,170,13,157,17.874396135265698,6.280193236714976,11.594202898550725,82.1256038647343,6.280193236714976,75.84541062801932
E00162929,187,29,7,22,158,12,146,15.508021390374333,3.7433155080213902,11.76470588235294,84.49197860962568,6.417112299465241,78.07486631016043
E00162930,318,50,15,35,268,32,236,15.723270440251572,4.716981132075472,11.0062893081761,84.27672955974843,10.062893081761008,74.21383647798741
E00162931,280,35,14,21,245,25,220,12.5,5,7.5,87.5,8.928571428571429,78.57142857142857
E00162932,352,65,25,40,287,24,263,18.46590909090909,7.1022727272727275,11.363636363636363,81.5340909090909,6.8181818181818175,74.7159090909091
E00162933,342,60,26,34,282,28,254,17.543859649122805,7.602339181286549,9.941520467836257,82.45614035087719,8.187134502923977,74.26900584795322
E00162934,245,77,38,39,168,26,142,31.428571428571427,15.510204081632653,15.918367346938775,68.57142857142857,10.612244897959183,57.95918367346938
E00162935,277,35,8,27,242,23,219,12.63537906137184,2.888086642599278,9.747292418772563,87.36462093862815,8.303249097472925,79.06137184115524
E00162936,287,49,15,34,238,21,217,17.073170731707318,5.2264808362369335,11.846689895470384,82.92682926829268,7.317073170731707,75.60975609756098
E00162938,354,39,14,25,315,40,275,11.016949152542372,3.954802259887006,7.062146892655368,88.98305084745762,11.299435028248588,77.68361581920904
E00162939,272,70,36,34,202,25,177,25.735294117647058,13.23529411764706,12.5,74.26470588235294,9.191176470588236,65.07352941176471
E00162940,422,39,15,24,383,35,348,9.24170616113744,3.5545023696682465,5.687203791469194,90.75829383886256,8.293838862559241,82.46445497630332
E00162941,483,60,19,41,423,61,362,12.422360248447205,3.9337474120082816,8.488612836438923,87.5776397515528,12.629399585921325,74.94824016563147
E00162942,344,52,22,30,292,27,265,15.11627906976744,6.395348837209303,8.720930232558139,84.88372093023256,7.848837209302325,77.03488372093024
E00162943,325,53,30,23,272,19,253,16.307692307692307,9.230769230769232,7.076923076923077,83.6923076923077,5.846153846153846,77.84615384615384
E00162944,442,76,25,51,366,31,335,17.194570135746606,5.656108597285068,11.538461538461538,82.80542986425338,7.013574660633484,75.7918552036199
E00162945,354,57,20,37,297,21,276,16.101694915254235,5.649717514124294,10.451977401129943,83.89830508474576,5.932203389830509,77.96610169491525
E00162946,285,24,9,15,261,23,238,8.421052631578947,3.1578947368421053,5.263157894736842,91.57894736842105,8.070175438596491,83.50877192982456
E00162947,251,27,11,16,224,19,205,10.756972111553784,4.382470119521913,6.374501992031872,89.2430278884462,7.569721115537849,81.67330677290838
E00162948,281,30,10,20,251,25,226,10.676156583629894,3.558718861209965,7.11743772241993,89.32384341637011,8.896797153024911,80.42704626334519
E00162949,429,48,16,32,381,39,342,11.188811188811188,3.7296037296037294,7.459207459207459,88.81118881118881,9.090909090909092,79.72027972027972
E00162950,372,46,9,37,326,24,302,12.365591397849462,2.4193548387096775,9.946236559139784,87.63440860215054,6.451612903225806,81.18279569892472
E00162951,382,43,23,20,339,23,316,11.2565445026178,6.020942408376963,5.2356020942408374,88.7434554973822,6.020942408376963,82.72251308900523
E00162952,322,36,14,22,286,26,260,11.180124223602485,4.3478260869565215,6.832298136645963,88.81987577639751,8.074534161490684,80.74534161490683
E00162953,442,104,39,65,338,33,305,23.52941176470588,8.823529411764707,14.705882352941178,76.47058823529412,7.46606334841629,69.00452488687783
E00162955,268,58,19,39,210,27,183,21.641791044776117,7.08955223880597,14.55223880597015,78.35820895522389,10.074626865671641,68.28358208955224
E00162956,267,39,14,25,228,33,195,14.606741573033707,5.2434456928838955,9.363295880149813,85.39325842696628,12.359550561797752,73.03370786516854
E00162957,324,61,23,38,263,22,241,18.82716049382716,7.098765432098765,11.728395061728394,81.17283950617285,6.790123456790123,74.38271604938271
E00162958,318,65,32,33,253,25,228,20.440251572327046,10.062893081761008,10.377358490566039,79.55974842767296,7.861635220125786,71.69811320754717
E00162959,209,64,31,33,145,19,126,30.62200956937799,14.832535885167463,15.789473684210526,69.377990430622,9.090909090909092,60.28708133971292
E00162960,306,43,14,29,263,27,236,14.052287581699346,4.57516339869281,9.477124183006536,85.94771241830065,8.823529411764707,77.12418300653596
E00162961,272,54,27,27,218,14,204,19.852941176470587,9.926470588235293,9.926470588235293,80.14705882352942,5.147058823529411,75
E00162962,292,63,30,33,229,21,208,21.575342465753426,10.273972602739725,11.301369863013697,78.42465753424658,7.191780821917808,71.23287671232876
E00162963,319,81,34,47,238,18,220,25.391849529780565,10.658307210031348,14.733542319749215,74.60815047021944,5.6426332288401255,68.96551724137932
E00162964,253,55,20,35,198,20,178,21.73913043478261,7.905138339920949,13.83399209486166,78.26086956521739,7.905138339920949,70.35573122529645
E00162965,364,66,31,35,298,29,269,18.13186813186813,8.516483516483516,9.615384615384617,81.86813186813187,7.967032967032966,73.9010989010989
E00162966,270,51,22,29,219,31,188,18.88888888888889,8.148148148148149,10.74074074074074,81.11111111111111,11.481481481481481,69.62962962962963
E00162967,297,77,36,41,220,24,196,25.925925925925924,12.121212121212121,13.804713804713806,74.07407407407408,8.080808080808081,65.993265993266
E00162968,375,60,24,36,315,35,280,16,6.4,9.6,84,9.333333333333334,74.66666666666667
E00162970,350,61,22,39,289,33,256,17.42857142857143,6.2857142857142865,11.142857142857142,82.57142857142857,9.428571428571429,73.14285714285714
E00162971,343,85,34,51,258,22,236,24.78134110787172,9.912536443148689,14.868804664723031,75.21865889212827,6.41399416909621,68.80466472303208
E00162972,281,45,19,26,236,30,206,16.014234875444842,6.761565836298933,9.252669039145907,83.98576512455516,10.676156583629894,73.30960854092527
E00162973,467,98,59,39,369,35,334,20.985010706638114,12.633832976445397,8.35117773019272,79.01498929336188,7.494646680942184,71.5203426124197
E00162974,317,61,25,36,256,28,228,19.242902208201894,7.886435331230284,11.35646687697161,80.7570977917981,8.832807570977918,71.92429022082018
E00162975,300,63,27,36,237,26,211,21,9,12,79,8.666666666666668,70.33333333333334
E00162976,257,45,21,24,212,21,191,17.509727626459142,8.171206225680933,9.33852140077821,82.49027237354085,8.171206225680933,74.31906614785993
E00162977,356,89,39,50,267,19,248,25,10.955056179775282,14.04494382022472,75,5.337078651685393,69.66292134831461
E00162978,350,47,12,35,303,39,264,13.428571428571429,3.428571428571429,10,86.57142857142858,11.142857142857142,75.42857142857143
E00162979,368,46,11,35,322,42,280,12.5,2.989130434782609,9.510869565217392,87.5,11.41304347826087,76.08695652173914
E00162980,289,50,15,35,239,28,211,17.301038062283737,5.190311418685121,12.110726643598616,82.69896193771626,9.688581314878892,73.01038062283737
E00162981,292,66,29,37,226,23,203,22.602739726027394,9.931506849315069,12.67123287671233,77.3972602739726,7.876712328767123,69.52054794520548
E00162982,405,24,6,18,381,19,362,5.9259259259259265,1.4814814814814816,4.444444444444445,94.07407407407408,4.691358024691358,89.38271604938272
E00162983,336,38,3,35,298,29,269,11.30952380952381,0.8928571428571428,10.416666666666668,88.69047619047619,8.630952380952381,80.05952380952381
E00162984,335,37,11,26,298,31,267,11.044776119402986,3.2835820895522385,7.761194029850746,88.95522388059702,9.253731343283581,79.70149253731343
E00162985,208,29,14,15,179,17,162,13.942307692307693,6.730769230769231,7.211538461538461,86.0576923076923,8.173076923076923,77.88461538461539
E00162986,386,59,28,31,327,38,289,15.284974093264248,7.253886010362693,8.031088082901555,84.71502590673575,9.844559585492227,74.87046632124353
E00162987,274,27,7,20,247,12,235,9.854014598540147,2.5547445255474455,7.2992700729927,90.14598540145985,4.37956204379562,85.76642335766424
E00162988,292,81,40,41,211,20,191,27.73972602739726,13.698630136986301,14.04109589041096,72.26027397260275,6.8493150684931505,65.41095890410958
E00162989,304,47,12,35,257,25,232,15.460526315789474,3.9473684210526314,11.513157894736842,84.53947368421053,8.223684210526317,76.31578947368422
E00162990,321,46,20,26,275,28,247,14.330218068535824,6.230529595015576,8.09968847352025,85.66978193146417,8.722741433021806,76.94704049844236
E00162991,131,3,1,2,128,5,123,2.2900763358778624,0.7633587786259541,1.5267175572519083,97.70992366412213,3.816793893129771,93.89312977099237
E00162993,302,43,15,28,259,31,228,14.23841059602649,4.966887417218543,9.271523178807946,85.76158940397352,10.264900662251655,75.49668874172185
E00162994,339,45,17,28,294,28,266,13.274336283185843,5.014749262536873,8.259587020648967,86.72566371681415,8.259587020648967,78.46607669616519
E00162995,192,24,9,15,168,13,155,12.5,4.6875,7.8125,87.5,6.770833333333333,80.72916666666666
E00162996,363,43,12,31,320,44,276,11.84573002754821,3.3057851239669422,8.539944903581267,88.1542699724518,12.121212121212121,76.03305785123968
E00162997,387,66,20,46,321,32,289,17.05426356589147,5.167958656330749,11.886304909560723,82.94573643410853,8.2687338501292,74.67700258397933
E00162998,115,17,7,10,98,15,83,14.782608695652174,6.086956521739131,8.695652173913043,85.21739130434783,13.043478260869565,72.17391304347827
E00162999,276,39,19,20,237,14,223,14.130434782608695,6.884057971014493,7.246376811594203,85.86956521739131,5.072463768115942,80.79710144927536
E00163000,310,38,7,31,272,24,248,12.258064516129032,2.258064516129032,10,87.74193548387098,7.741935483870968,80
E00163001,335,54,16,38,281,22,259,16.119402985074625,4.776119402985075,11.343283582089553,83.88059701492537,6.567164179104477,77.31343283582089
E00163002,364,60,19,41,304,28,276,16.483516483516482,5.21978021978022,11.263736263736265,83.51648351648352,7.6923076923076925,75.82417582417582
E00163003,402,72,19,53,330,32,298,17.91044776119403,4.72636815920398,13.184079601990051,82.08955223880598,7.960199004975125,74.12935323383084
E00163004,264,34,10,24,230,18,212,12.878787878787879,3.787878787878788,9.090909090909092,87.12121212121212,6.8181818181818175,80.3030303030303
E00163005,284,26,9,17,258,24,234,9.15492957746479,3.169014084507042,5.985915492957746,90.84507042253522,8.450704225352112,82.3943661971831
E00163006,531,90,34,56,441,44,397,16.94915254237288,6.4030131826742,10.546139359698682,83.05084745762711,8.286252354048965,74.76459510357816
E00163007,385,107,41,66,278,25,253,27.79220779220779,10.649350649350648,17.142857142857142,72.20779220779221,6.493506493506493,65.71428571428571
E00163008,278,48,16,32,230,29,201,17.26618705035971,5.755395683453238,11.510791366906476,82.73381294964028,10.431654676258994,72.3021582733813
E00163009,426,97,44,53,329,42,287,22.769953051643192,10.328638497652582,12.44131455399061,77.23004694835682,9.859154929577464,67.37089201877934
E00163011,583,99,32,67,484,56,428,16.9811320754717,5.4888507718696395,11.49228130360206,83.01886792452831,9.605488850771868,73.41337907375643
E00163012,371,91,38,53,280,21,259,24.528301886792452,10.242587601078167,14.285714285714285,75.47169811320755,5.660377358490567,69.81132075471697
E00163013,294,42,11,31,252,39,213,14.285714285714285,3.741496598639456,10.54421768707483,85.71428571428571,13.26530612244898,72.44897959183673
E00163014,292,78,38,40,214,29,185,26.71232876712329,13.013698630136986,13.698630136986301,73.28767123287672,9.931506849315069,63.35616438356164
E00163015,244,42,11,31,202,27,175,17.21311475409836,4.508196721311475,12.704918032786885,82.78688524590164,11.065573770491802,71.72131147540983
E00163016,311,46,23,23,265,29,236,14.790996784565916,7.395498392282958,7.395498392282958,85.20900321543408,9.32475884244373,75.88424437299035
E00163017,202,40,13,27,162,12,150,19.801980198019802,6.435643564356436,13.366336633663368,80.19801980198021,5.9405940594059405,74.25742574257426
E00163018,290,65,36,29,225,28,197,22.413793103448278,12.413793103448276,10,77.58620689655173,9.655172413793103,67.93103448275862
E00163019,312,53,15,38,259,38,221,16.98717948717949,4.807692307692308,12.179487179487179,83.01282051282051,12.179487179487179,70.83333333333334
E00163020,241,51,16,35,190,16,174,21.16182572614108,6.639004149377594,14.522821576763487,78.83817427385893,6.639004149377594,72.19917012448133
E00163021,259,51,16,35,208,29,179,19.69111969111969,6.177606177606178,13.513513513513514,80.3088803088803,11.196911196911197,69.1119691119691
E00163022,309,62,18,44,247,23,224,20.06472491909385,5.825242718446602,14.239482200647249,79.93527508090615,7.443365695792881,72.49190938511327
E00163023,229,30,5,25,199,27,172,13.100436681222707,2.1834061135371177,10.91703056768559,86.8995633187773,11.790393013100436,75.10917030567686
E00163024,294,41,13,28,253,23,230,13.945578231292515,4.421768707482993,9.523809523809524,86.05442176870748,7.8231292517006805,78.2312925170068
E00163025,321,47,8,39,274,26,248,14.641744548286603,2.4922118380062304,12.149532710280374,85.35825545171339,8.09968847352025,77.25856697819314
E00163026,242,31,9,22,211,23,188,12.8099173553719,3.71900826446281,9.090909090909092,87.19008264462809,9.50413223140496,77.68595041322314
E00163027,350,45,14,31,305,36,269,12.857142857142856,4,8.857142857142856,87.14285714285714,10.285714285714285,76.85714285714286
E00163028,345,53,18,35,292,33,259,15.36231884057971,5.217391304347826,10.144927536231885,84.63768115942028,9.565217391304348,75.07246376811594
E00163029,289,44,13,31,245,26,219,15.22491349480969,4.498269896193772,10.726643598615917,84.77508650519032,8.996539792387544,75.77854671280276
E00163030,230,34,3,31,196,22,174,14.782608695652174,1.3043478260869565,13.478260869565217,85.21739130434783,9.565217391304348,75.65217391304347
E00163031,347,67,29,38,280,23,257,19.30835734870317,8.357348703170029,10.951008645533141,80.69164265129683,6.628242074927954,74.06340057636888
E00163033,247,48,16,32,199,27,172,19.4331983805668,6.477732793522267,12.955465587044534,80.5668016194332,10.931174089068826,69.63562753036437
E00163034,285,46,15,31,239,20,219,16.140350877192983,5.263157894736842,10.87719298245614,83.85964912280703,7.017543859649122,76.84210526315789
E00163035,230,84,32,52,146,20,126,36.52173913043478,13.91304347826087,22.608695652173914,63.47826086956522,8.695652173913043,54.78260869565217
E00163036,147,36,11,25,111,16,95,24.489795918367346,7.482993197278912,17.006802721088434,75.51020408163265,10.884353741496598,64.62585034013605
E00163038,281,49,14,35,232,33,199,17.437722419928825,4.98220640569395,12.455516014234876,82.56227758007117,11.743772241992882,70.8185053380783
E00163040,476,75,19,56,401,35,366,15.756302521008402,3.9915966386554618,11.76470588235294,84.24369747899159,7.352941176470589,76.89075630252101
E00163041,304,68,34,34,236,27,209,22.36842105263158,11.18421052631579,11.18421052631579,77.63157894736842,8.881578947368421,68.75
E00163042,484,65,31,34,419,40,379,13.429752066115702,6.40495867768595,7.024793388429752,86.57024793388429,8.264462809917356,78.30578512396694
E00163043,277,52,16,36,225,26,199,18.772563176895307,5.776173285198556,12.996389891696749,81.2274368231047,9.386281588447654,71.84115523465704
E00163044,307,51,19,32,256,27,229,16.612377850162865,6.188925081433225,10.423452768729643,83.38762214983714,8.794788273615636,74.5928338762215
E00163045,381,46,13,33,335,38,297,12.073490813648293,3.4120734908136483,8.661417322834646,87.92650918635171,9.973753280839896,77.95275590551181
E00163046,330,73,37,36,257,26,231,22.12121212121212,11.212121212121213,10.909090909090908,77.87878787878788,7.878787878787878,70
E00163047,323,51,9,42,272,33,239,15.789473684210526,2.786377708978328,13.003095975232199,84.21052631578947,10.21671826625387,73.9938080495356
E00163048,348,58,19,39,290,29,261,16.666666666666664,5.459770114942529,11.206896551724139,83.33333333333334,8.333333333333332,75
E00163049,311,62,23,39,249,19,230,19.935691318327976,7.395498392282958,12.540192926045016,80.06430868167203,6.109324758842444,73.95498392282958
E00163050,315,54,17,37,261,28,233,17.142857142857142,5.396825396825397,11.746031746031745,82.85714285714286,8.88888888888889,73.96825396825398
E00163051,281,34,13,21,247,32,215,12.099644128113878,4.6263345195729535,7.473309608540925,87.90035587188612,11.387900355871885,76.51245551601423
E00163052,316,52,14,38,264,32,232,16.455696202531644,4.430379746835443,12.025316455696203,83.54430379746836,10.126582278481013,73.41772151898735
E00163053,245,42,18,24,203,27,176,17.142857142857142,7.346938775510205,9.795918367346939,82.85714285714286,11.020408163265307,71.83673469387755
E00163054,363,63,24,39,300,19,281,17.355371900826448,6.6115702479338845,10.743801652892563,82.64462809917356,5.234159779614325,77.41046831955923
E00163055,264,38,7,31,226,25,201,14.393939393939394,2.6515151515151514,11.742424242424242,85.60606060606061,9.469696969696969,76.13636363636364
E00163056,353,46,18,28,307,24,283,13.031161473087819,5.099150141643059,7.932011331444759,86.96883852691218,6.79886685552408,80.16997167138811
E00163057,229,34,10,24,195,24,171,14.847161572052403,4.366812227074235,10.480349344978166,85.1528384279476,10.480349344978166,74.67248908296943
E00163058,301,28,7,21,273,30,243,9.30232558139535,2.3255813953488373,6.976744186046512,90.69767441860465,9.966777408637874,80.73089700996677
E00163059,346,48,15,33,298,17,281,13.872832369942195,4.335260115606936,9.53757225433526,86.1271676300578,4.913294797687861,81.21387283236994
E00163060,333,53,21,32,280,33,247,15.915915915915916,6.306306306306306,9.60960960960961,84.08408408408408,9.90990990990991,74.17417417417418
E00163061,424,63,18,45,361,44,317,14.858490566037736,4.245283018867925,10.61320754716981,85.14150943396226,10.377358490566039,74.76415094339622
E00163062,361,50,17,33,311,26,285,13.850415512465375,4.7091412742382275,9.141274238227147,86.14958448753463,7.202216066481995,78.94736842105263
E00163063,432,64,19,45,368,43,325,14.814814814814813,4.398148148148148,10.416666666666668,85.18518518518519,9.953703703703704,75.23148148148148
E00163064,265,41,19,22,224,25,199,15.471698113207546,7.169811320754717,8.30188679245283,84.52830188679246,9.433962264150944,75.09433962264151
E00163065,488,76,19,57,412,37,375,15.573770491803279,3.8934426229508197,11.68032786885246,84.42622950819673,7.581967213114754,76.84426229508196
E00163066,243,31,10,21,212,31,181,12.757201646090536,4.11522633744856,8.641975308641975,87.24279835390946,12.757201646090536,74.48559670781893
E00163067,264,35,8,27,229,23,206,13.257575757575758,3.0303030303030303,10.227272727272728,86.74242424242425,8.712121212121213,78.03030303030303
E00163068,309,37,18,19,272,30,242,11.974110032362459,5.825242718446602,6.148867313915858,88.02588996763754,9.70873786407767,78.31715210355988
E00163069,243,58,21,37,185,21,164,23.868312757201647,8.641975308641975,15.22633744855967,76.13168724279835,8.641975308641975,67.48971193415639
E00163071,142,27,8,19,115,14,101,19.014084507042252,5.633802816901409,13.380281690140844,80.98591549295774,9.859154929577464,71.12676056338029
E00163073,158,44,18,26,114,19,95,27.848101265822784,11.39240506329114,16.455696202531644,72.15189873417721,12.025316455696203,60.12658227848101
E00163074,312,59,25,34,253,22,231,18.91025641025641,8.012820512820513,10.897435897435898,81.08974358974359,7.051282051282051,74.03846153846155
E00163075,287,64,29,35,223,24,199,22.299651567944252,10.104529616724738,12.195121951219512,77.70034843205575,8.362369337979095,69.33797909407666
E00163076,259,74,33,41,185,28,157,28.57142857142857,12.741312741312742,15.83011583011583,71.42857142857143,10.81081081081081,60.61776061776062
E00163077,180,43,15,28,137,14,123,23.88888888888889,8.333333333333332,15.555555555555555,76.11111111111111,7.777777777777778,68.33333333333333
E00163078,337,87,45,42,250,32,218,25.816023738872403,13.353115727002967,12.462908011869436,74.1839762611276,9.495548961424333,64.68842729970326
E00163079,261,32,11,21,229,19,210,12.260536398467432,4.21455938697318,8.045977011494253,87.73946360153256,7.2796934865900385,80.45977011494253
E00163080,336,67,28,39,269,22,247,19.940476190476193,8.333333333333332,11.607142857142858,80.05952380952381,6.547619047619048,73.51190476190477
E00163081,274,69,29,40,205,14,191,25.18248175182482,10.583941605839415,14.5985401459854,74.81751824817519,5.109489051094891,69.7080291970803
E00163082,258,45,10,35,213,21,192,17.441860465116278,3.875968992248062,13.565891472868216,82.55813953488372,8.13953488372093,74.4186046511628
E00163083,264,57,21,36,207,26,181,21.59090909090909,7.954545454545454,13.636363636363635,78.4090909090909,9.848484848484848,68.56060606060606
E00163084,297,45,11,34,252,31,221,15.151515151515152,3.7037037037037033,11.447811447811448,84.84848484848484,10.437710437710438,74.41077441077442
E00163085,277,67,25,42,210,32,178,24.187725631768952,9.025270758122744,15.162454873646208,75.81227436823104,11.552346570397113,64.25992779783394
E00163086,234,43,13,30,191,20,171,18.37606837606838,5.555555555555555,12.82051282051282,81.62393162393163,8.547008547008547,73.07692307692307
E00163087,324,49,14,35,275,31,244,15.123456790123457,4.320987654320987,10.802469135802468,84.87654320987654,9.5679012345679,75.30864197530865
E00163088,321,113,70,43,208,21,187,35.202492211838006,21.806853582554517,13.395638629283487,64.797507788162,6.5420560747663545,58.25545171339564
E00163089,334,64,18,46,270,31,239,19.16167664670659,5.389221556886228,13.77245508982036,80.83832335329342,9.281437125748502,71.55688622754491
E00163090,265,64,25,39,201,27,174,24.150943396226417,9.433962264150944,14.716981132075471,75.84905660377359,10.18867924528302,65.66037735849056
E00163091,167,40,17,23,127,19,108,23.952095808383234,10.179640718562874,13.77245508982036,76.04790419161677,11.377245508982035,64.67065868263472
E00163092,446,89,34,55,357,37,320,19.955156950672645,7.623318385650224,12.331838565022421,80.04484304932735,8.295964125560538,71.74887892376681
E00163093,244,54,24,30,190,21,169,22.131147540983605,9.836065573770492,12.295081967213115,77.8688524590164,8.60655737704918,69.26229508196722
E00163094,297,46,12,34,251,18,233,15.488215488215488,4.040404040404041,11.447811447811448,84.51178451178451,6.0606060606060606,78.45117845117845
E00163095,277,61,25,36,216,22,194,22.021660649819495,9.025270758122744,12.996389891696749,77.9783393501805,7.9422382671480145,70.03610108303249
E00163096,256,35,7,28,221,15,206,13.671875,2.734375,10.9375,86.328125,5.859375,80.46875
E00163097,251,55,26,29,196,31,165,21.91235059760956,10.358565737051793,11.553784860557768,78.08764940239044,12.350597609561753,65.73705179282868
E00163098,289,69,24,45,220,22,198,23.875432525951556,8.304498269896193,15.570934256055363,76.12456747404845,7.612456747404845,68.5121107266436
E00163099,285,69,26,43,216,15,201,24.210526315789473,9.12280701754386,15.087719298245613,75.78947368421053,5.263157894736842,70.52631578947368
E00163100,319,59,23,36,260,28,232,18.495297805642632,7.210031347962382,11.285266457680251,81.50470219435736,8.77742946708464,72.72727272727273
E00163101,269,35,11,24,234,22,212,13.011152416356877,4.089219330855019,8.921933085501859,86.98884758364312,8.178438661710038,78.81040892193309
E00163102,325,78,36,42,247,31,216,24,11.076923076923077,12.923076923076923,76,9.538461538461538,66.46153846153847
E00163105,268,21,4,17,247,18,229,7.835820895522389,1.4925373134328357,6.343283582089552,92.16417910447761,6.7164179104477615,85.44776119402985
E00163106,284,56,20,36,228,22,206,19.718309859154928,7.042253521126761,12.676056338028168,80.28169014084507,7.746478873239436,72.53521126760563
E00163107,327,59,23,36,268,22,246,18.04281345565749,7.033639143730887,11.009174311926607,81.9571865443425,6.727828746177369,75.22935779816514
E00163108,317,66,34,32,251,23,228,20.82018927444795,10.725552050473187,10.094637223974763,79.17981072555204,7.255520504731862,71.92429022082018
E00163109,256,52,19,33,204,22,182,20.3125,7.421875,12.890625,79.6875,8.59375,71.09375
E00163110,313,95,42,53,218,15,203,30.35143769968051,13.418530351437699,16.93290734824281,69.6485623003195,4.792332268370607,64.85623003194888
E00163111,352,81,28,53,271,34,237,23.011363636363637,7.954545454545454,15.056818181818182,76.98863636363636,9.659090909090908,67.32954545454545
E00163112,318,59,22,37,259,16,243,18.553459119496853,6.918238993710692,11.635220125786164,81.44654088050315,5.031446540880504,76.41509433962264
E00163113,380,84,34,50,296,21,275,22.105263157894736,8.947368421052632,13.157894736842104,77.89473684210526,5.526315789473684,72.36842105263158
E00163114,330,75,32,43,255,22,233,22.727272727272727,9.696969696969697,13.030303030303031,77.27272727272727,6.666666666666667,70.60606060606061
E00163115,286,39,11,28,247,34,213,13.636363636363635,3.8461538461538463,9.79020979020979,86.36363636363636,11.888111888111888,74.47552447552448
E00163116,255,79,39,40,176,19,157,30.980392156862745,15.294117647058824,15.686274509803921,69.01960784313725,7.450980392156863,61.568627450980394
E00163117,227,54,24,30,173,13,160,23.788546255506606,10.572687224669604,13.215859030837004,76.2114537444934,5.726872246696035,70.48458149779736
E00163118,223,51,24,27,172,26,146,22.869955156950674,10.762331838565023,12.10762331838565,77.13004484304933,11.659192825112108,65.47085201793722
E00163119,258,43,26,17,215,17,198,16.666666666666664,10.077519379844961,6.5891472868217065,83.33333333333334,6.5891472868217065,76.74418604651163
E00163120,258,43,25,18,215,27,188,16.666666666666664,9.689922480620156,6.976744186046512,83.33333333333334,10.465116279069768,72.86821705426357
E00163121,311,37,7,30,274,38,236,11.89710610932476,2.2508038585209005,9.646302250803858,88.10289389067523,12.218649517684888,75.88424437299035
E00163122,311,27,6,21,284,32,252,8.681672025723474,1.929260450160772,6.752411575562702,91.31832797427653,10.289389067524116,81.02893890675242
E00163123,295,61,25,36,234,21,213,20.677966101694913,8.47457627118644,12.203389830508476,79.3220338983051,7.118644067796611,72.20338983050848
E00163124,329,123,71,52,206,20,186,37.38601823708207,21.580547112462007,15.80547112462006,62.61398176291794,6.079027355623101,56.53495440729483
E00163125,389,85,30,55,304,29,275,21.85089974293059,7.712082262210797,14.138817480719796,78.1491002570694,7.455012853470437,70.69408740359897
E00163127,589,68,18,50,521,66,455,11.544991511035652,3.0560271646859083,8.488964346349745,88.45500848896435,11.205432937181664,77.24957555178268
E00163130,302,67,28,39,235,12,223,22.185430463576157,9.271523178807946,12.91390728476821,77.81456953642383,3.9735099337748347,73.84105960264901
E00163132,624,23,6,17,601,17,584,3.685897435897436,0.9615384615384616,2.7243589743589745,96.31410256410257,2.7243589743589745,93.58974358974359
E00163133,272,57,20,37,215,21,194,20.955882352941178,7.352941176470589,13.602941176470587,79.04411764705883,7.720588235294118,71.32352941176471
E00163135,294,49,19,30,245,19,226,16.666666666666664,6.462585034013606,10.204081632653061,83.33333333333334,6.462585034013606,76.87074829931973
E00163136,334,16,3,13,318,10,308,4.790419161676647,0.8982035928143712,3.8922155688622757,95.20958083832335,2.9940119760479043,92.21556886227546
E00163137,354,35,11,24,319,22,297,9.887005649717514,3.1073446327683616,6.779661016949152,90.11299435028248,6.214689265536723,83.89830508474576
E00163138,286,27,10,17,259,20,239,9.44055944055944,3.4965034965034967,5.944055944055944,90.55944055944056,6.993006993006993,83.56643356643356
E00163142,132,28,12,16,104,8,96,21.21212121212121,9.090909090909092,12.121212121212121,78.78787878787878,6.0606060606060606,72.72727272727273
E00163143,258,45,19,26,213,18,195,17.441860465116278,7.3643410852713185,10.077519379844961,82.55813953488372,6.976744186046512,75.5813953488372
E00163144,217,42,16,26,175,15,160,19.35483870967742,7.373271889400922,11.981566820276496,80.64516129032258,6.912442396313365,73.73271889400922
E00163145,240,39,12,27,201,27,174,16.25,5,11.25,83.75,11.25,72.5
E00163146,365,45,16,29,320,37,283,12.32876712328767,4.383561643835616,7.9452054794520555,87.67123287671232,10.136986301369863,77.53424657534246
E00163147,421,67,26,41,354,26,328,15.914489311163896,6.175771971496437,9.73871733966746,84.08551068883611,6.175771971496437,77.90973871733968
E00163148,237,33,15,18,204,17,187,13.924050632911392,6.329113924050633,7.59493670886076,86.07594936708861,7.172995780590717,78.90295358649789
E00163149,216,39,12,27,177,14,163,18.055555555555554,5.555555555555555,12.5,81.94444444444444,6.481481481481481,75.46296296296296
E00163150,426,41,10,31,385,33,352,9.624413145539906,2.3474178403755865,7.276995305164319,90.3755868544601,7.746478873239436,82.62910798122066
E00163151,259,37,8,29,222,16,206,14.285714285714285,3.088803088803089,11.196911196911197,85.71428571428571,6.177606177606178,79.53667953667953
E00163152,153,28,16,12,125,15,110,18.30065359477124,10.457516339869281,7.8431372549019605,81.69934640522875,9.803921568627452,71.89542483660131
E00163153,243,35,10,25,208,16,192,14.40329218106996,4.11522633744856,10.2880658436214,85.59670781893004,6.584362139917696,79.01234567901234
E00163154,268,37,9,28,231,20,211,13.805970149253731,3.3582089552238807,10.44776119402985,86.19402985074626,7.462686567164178,78.73134328358209
E00163155,253,42,19,23,211,15,196,16.600790513833992,7.5098814229249005,9.090909090909092,83.399209486166,5.928853754940711,77.4703557312253
E00163156,292,69,33,36,223,21,202,23.63013698630137,11.301369863013697,12.32876712328767,76.36986301369863,7.191780821917808,69.17808219178082
E00163157,108,18,6,12,90,10,80,16.666666666666664,5.555555555555555,11.11111111111111,83.33333333333334,9.25925925925926,74.07407407407408
E00163158,277,53,17,36,224,17,207,19.133574007220215,6.137184115523466,12.996389891696749,80.86642599277978,6.137184115523466,74.72924187725631
E00163159,308,58,19,39,250,25,225,18.83116883116883,6.1688311688311686,12.662337662337661,81.16883116883116,8.116883116883116,73.05194805194806
E00163160,551,69,28,41,482,34,448,12.522686025408348,5.081669691470054,7.441016333938294,87.47731397459165,6.170598911070781,81.30671506352087
E00163161,366,48,14,34,318,32,286,13.114754098360656,3.825136612021858,9.289617486338798,86.88524590163934,8.743169398907105,78.14207650273224
E00163162,344,42,13,29,302,28,274,12.209302325581394,3.77906976744186,8.430232558139535,87.79069767441861,8.13953488372093,79.65116279069767
E00163163,279,51,18,33,228,27,201,18.27956989247312,6.451612903225806,11.827956989247312,81.72043010752688,9.67741935483871,72.04301075268818
E00163164,281,52,27,25,229,17,212,18.505338078291814,9.608540925266903,8.896797153024911,81.49466192170819,6.049822064056939,75.44483985765125
E00163165,297,90,38,52,207,12,195,30.303030303030305,12.794612794612794,17.50841750841751,69.6969696969697,4.040404040404041,65.65656565656566
E00163166,291,38,9,29,253,30,223,13.058419243986256,3.0927835051546393,9.965635738831615,86.94158075601375,10.309278350515463,76.6323024054983
E00163167,304,38,9,29,266,25,241,12.5,2.9605263157894735,9.539473684210527,87.5,8.223684210526317,79.27631578947368
E00163168,345,68,30,38,277,32,245,19.710144927536234,8.695652173913043,11.014492753623188,80.28985507246377,9.27536231884058,71.01449275362319
E00163169,330,62,23,39,268,24,244,18.787878787878785,6.969696969696971,11.818181818181818,81.21212121212122,7.2727272727272725,73.93939393939394
E00163170,297,39,11,28,258,31,227,13.131313131313133,3.7037037037037033,9.427609427609427,86.86868686868688,10.437710437710438,76.43097643097643
E00163171,354,75,43,32,279,23,256,21.1864406779661,12.146892655367232,9.03954802259887,78.8135593220339,6.497175141242938,72.31638418079096
E00163172,285,38,10,28,247,29,218,13.333333333333334,3.508771929824561,9.824561403508772,86.66666666666667,10.175438596491228,76.49122807017544
E00163173,303,44,14,30,259,47,212,14.521452145214523,4.62046204620462,9.900990099009901,85.47854785478548,15.51155115511551,69.96699669966998
E00163174,319,63,24,39,256,32,224,19.74921630094044,7.523510971786834,12.225705329153605,80.25078369905955,10.031347962382444,70.21943573667711
E00163175,305,46,15,31,259,32,227,15.081967213114755,4.918032786885246,10.163934426229508,84.91803278688525,10.491803278688524,74.42622950819671
E00163176,240,41,10,31,199,30,169,17.083333333333332,4.166666666666666,12.916666666666668,82.91666666666667,12.5,70.41666666666667
E00163177,267,49,13,36,218,18,200,18.352059925093634,4.868913857677903,13.48314606741573,81.64794007490637,6.741573033707865,74.90636704119851
E00163179,513,33,6,27,480,15,465,6.432748538011696,1.1695906432748537,5.263157894736842,93.56725146198829,2.923976608187134,90.64327485380117
E00163180,220,35,10,25,185,19,166,15.909090909090908,4.545454545454546,11.363636363636363,84.0909090909091,8.636363636363637,75.45454545454545
E00163181,285,44,18,26,241,31,210,15.43859649122807,6.315789473684211,9.12280701754386,84.56140350877193,10.87719298245614,73.68421052631578
E00163183,282,67,36,31,215,20,195,23.75886524822695,12.76595744680851,10.99290780141844,76.24113475177306,7.092198581560284,69.14893617021278
E00163184,301,86,29,57,215,21,194,28.57142857142857,9.634551495016613,18.93687707641196,71.42857142857143,6.976744186046512,64.45182724252491
E00163185,487,39,15,24,448,17,431,8.008213552361395,3.0800821355236137,4.9281314168377826,91.9917864476386,3.4907597535934287,88.50102669404517
E00163187,283,39,7,32,244,24,220,13.780918727915195,2.4734982332155475,11.307420494699647,86.21908127208481,8.480565371024735,77.73851590106007
E00163188,311,46,15,31,265,15,250,14.790996784565916,4.823151125401929,9.967845659163988,85.20900321543408,4.823151125401929,80.38585209003215
E00163190,292,50,24,26,242,27,215,17.123287671232877,8.21917808219178,8.904109589041095,82.87671232876713,9.246575342465754,73.63013698630137
E00163191,270,50,17,33,220,31,189,18.51851851851852,6.296296296296296,12.222222222222221,81.48148148148148,11.481481481481481,70
E00163192,412,86,21,65,326,38,288,20.87378640776699,5.097087378640777,15.776699029126215,79.12621359223301,9.223300970873787,69.90291262135922
E00163193,288,55,15,40,233,21,212,19.09722222222222,5.208333333333334,13.88888888888889,80.90277777777779,7.291666666666667,73.61111111111111
E00163194,263,43,14,29,220,19,201,16.34980988593156,5.323193916349809,11.02661596958175,83.65019011406845,7.224334600760455,76.42585551330798
E00163195,293,59,18,41,234,30,204,20.13651877133106,6.143344709897611,13.993174061433447,79.86348122866895,10.238907849829351,69.6245733788396
E00163196,301,60,25,35,241,31,210,19.93355481727575,8.305647840531561,11.627906976744185,80.06644518272425,10.299003322259136,69.76744186046511
E00163197,453,50,14,36,403,44,359,11.037527593818984,3.090507726269316,7.9470198675496695,88.96247240618102,9.713024282560706,79.24944812362031
E00163198,241,44,9,35,197,25,172,18.25726141078838,3.7344398340248963,14.522821576763487,81.74273858921161,10.37344398340249,71.36929460580913
E00163199,217,30,11,19,187,25,162,13.82488479262673,5.0691244239631335,8.755760368663594,86.17511520737328,11.52073732718894,74.65437788018433
E00163200,200,30,8,22,170,19,151,15,4,11,85,9.5,75.5
E00163201,492,72,26,46,420,27,393,14.634146341463413,5.284552845528456,9.34959349593496,85.36585365853658,5.487804878048781,79.8780487804878
E00163202,319,49,13,36,270,31,239,15.360501567398119,4.075235109717868,11.285266457680251,84.63949843260188,9.717868338557993,74.92163009404389
E00163203,240,53,16,37,187,24,163,22.083333333333332,6.666666666666667,15.416666666666668,77.91666666666667,10,67.91666666666667
E00163204,276,36,10,26,240,20,220,13.043478260869565,3.6231884057971016,9.420289855072465,86.95652173913044,7.246376811594203,79.71014492753623
E00163205,302,62,23,39,240,31,209,20.52980132450331,7.6158940397351,12.91390728476821,79.47019867549669,10.264900662251655,69.20529801324503
E00163206,341,73,23,50,268,25,243,21.407624633431084,6.744868035190615,14.66275659824047,78.59237536656892,7.331378299120235,71.26099706744868
E00163207,348,65,25,40,283,36,247,18.67816091954023,7.183908045977011,11.494252873563218,81.32183908045977,10.344827586206897,70.97701149425288
E00163208,248,48,14,34,200,18,182,19.35483870967742,5.64516129032258,13.709677419354838,80.64516129032258,7.258064516129033,73.38709677419355
E00163209,300,35,11,24,265,17,248,11.666666666666666,3.6666666666666665,8,88.33333333333333,5.666666666666666,82.66666666666667
E00163210,247,65,31,34,182,17,165,26.31578947368421,12.550607287449392,13.765182186234817,73.68421052631578,6.882591093117409,66.80161943319838
E00163211,285,109,53,56,176,27,149,38.24561403508772,18.596491228070175,19.649122807017545,61.75438596491228,9.473684210526317,52.28070175438596
E00163212,352,41,9,32,311,31,280,11.647727272727272,2.556818181818182,9.090909090909092,88.35227272727273,8.806818181818182,79.54545454545455
E00163213,326,49,15,34,277,31,246,15.030674846625766,4.601226993865031,10.429447852760736,84.96932515337423,9.509202453987731,75.4601226993865
E00163214,239,41,11,30,198,19,179,17.154811715481173,4.602510460251046,12.552301255230125,82.84518828451883,7.949790794979079,74.89539748953975
E00163215,254,48,12,36,206,21,185,18.89763779527559,4.724409448818897,14.173228346456693,81.10236220472441,8.267716535433072,72.83464566929135
E00163216,206,41,17,24,165,20,145,19.902912621359224,8.25242718446602,11.650485436893204,80.09708737864078,9.70873786407767,70.3883495145631
E00163217,303,40,15,25,263,34,229,13.2013201320132,4.9504950495049505,8.25082508250825,86.79867986798679,11.221122112211221,75.57755775577559
E00163218,285,37,13,24,248,31,217,12.982456140350877,4.56140350877193,8.421052631578947,87.01754385964912,10.87719298245614,76.14035087719299
E00163219,251,100,49,51,151,14,137,39.8406374501992,19.52191235059761,20.318725099601593,60.1593625498008,5.577689243027888,54.581673306772906
E00163222,138,36,22,14,102,10,92,26.08695652173913,15.942028985507244,10.144927536231885,73.91304347826086,7.246376811594203,66.66666666666666
E00163223,185,25,7,18,160,17,143,13.513513513513514,3.783783783783784,9.72972972972973,86.48648648648648,9.18918918918919,77.29729729729729
E00163224,299,38,14,24,261,27,234,12.709030100334449,4.682274247491638,8.02675585284281,87.29096989966555,9.03010033444816,78.26086956521739
E00163226,417,80,25,55,337,29,308,19.18465227817746,5.995203836930456,13.189448441247004,80.81534772182253,6.954436450839328,73.86091127098321
E00163228,139,22,7,15,117,7,110,15.827338129496402,5.0359712230215825,10.79136690647482,84.17266187050359,5.0359712230215825,79.13669064748201
E00163229,264,49,17,32,215,20,195,18.560606060606062,6.4393939393939394,12.121212121212121,81.43939393939394,7.575757575757576,73.86363636363636
E00163230,254,35,14,21,219,21,198,13.779527559055119,5.511811023622047,8.267716535433072,86.22047244094489,8.267716535433072,77.95275590551181
E00163231,324,51,16,35,273,22,251,15.74074074074074,4.938271604938271,10.802469135802468,84.25925925925925,6.790123456790123,77.46913580246914
E00163232,282,43,12,31,239,24,215,15.24822695035461,4.25531914893617,10.99290780141844,84.75177304964538,8.51063829787234,76.24113475177306
E00163233,305,54,18,36,251,28,223,17.704918032786885,5.901639344262295,11.80327868852459,82.29508196721311,9.180327868852459,73.11475409836066
E00163234,291,40,13,27,251,30,221,13.745704467353953,4.4673539518900345,9.278350515463918,86.25429553264605,10.309278350515463,75.94501718213058
E00163235,297,48,17,31,249,25,224,16.161616161616163,5.723905723905724,10.437710437710438,83.83838383838383,8.417508417508419,75.42087542087542
E00163236,327,35,11,24,292,28,264,10.703363914373089,3.3639143730886847,7.339449541284404,89.29663608562691,8.56269113149847,80.73394495412845
E00163238,409,80,32,48,329,26,303,19.559902200489,7.823960880195599,11.7359413202934,80.440097799511,6.356968215158925,74.08312958435208
E00163239,274,50,22,28,224,13,211,18.248175182481752,8.02919708029197,10.218978102189782,81.75182481751825,4.744525547445255,77.00729927007299
E00163240,303,25,3,22,278,28,250,8.25082508250825,0.9900990099009901,7.2607260726072615,91.74917491749174,9.24092409240924,82.50825082508251
E00163241,300,29,7,22,271,37,234,9.666666666666666,2.3333333333333335,7.333333333333333,90.33333333333333,12.333333333333334,78
E00163242,317,45,17,28,272,36,236,14.195583596214512,5.3627760252365935,8.832807570977918,85.8044164037855,11.35646687697161,74.44794952681389
E00163243,234,54,18,36,180,21,159,23.076923076923077,7.6923076923076925,15.384615384615385,76.92307692307693,8.974358974358974,67.94871794871796
E00163244,245,34,11,23,211,23,188,13.877551020408163,4.489795918367347,9.387755102040817,86.12244897959184,9.387755102040817,76.73469387755102
E00163245,245,56,29,27,189,6,183,22.857142857142858,11.83673469387755,11.020408163265307,77.14285714285715,2.4489795918367347,74.6938775510204
E00163246,248,47,17,30,201,14,187,18.951612903225808,6.854838709677419,12.096774193548388,81.04838709677419,5.64516129032258,75.40322580645162
E00163247,239,53,29,24,186,14,172,22.17573221757322,12.133891213389122,10.0418410041841,77.82426778242679,5.857740585774058,71.96652719665272
E00163248,192,75,36,39,117,15,102,39.0625,18.75,20.3125,60.9375,7.8125,53.125
E00163249,207,51,17,34,156,21,135,24.637681159420293,8.212560386473431,16.425120772946862,75.36231884057972,10.144927536231885,65.21739130434783
E00163250,232,52,19,33,180,29,151,22.413793103448278,8.189655172413794,14.224137931034484,77.58620689655173,12.5,65.08620689655173
E00163251,276,38,16,22,238,24,214,13.768115942028986,5.797101449275362,7.971014492753622,86.23188405797102,8.695652173913043,77.53623188405797
E00163252,285,53,20,33,232,26,206,18.596491228070175,7.017543859649122,11.578947368421053,81.40350877192982,9.12280701754386,72.28070175438597
E00163253,292,52,20,32,240,25,215,17.80821917808219,6.8493150684931505,10.95890410958904,82.1917808219178,8.561643835616438,73.63013698630137
E00163254,277,48,15,33,229,21,208,17.328519855595665,5.415162454873646,11.913357400722022,82.67148014440433,7.581227436823104,75.09025270758123
E00163255,326,53,22,31,273,30,243,16.257668711656443,6.748466257668712,9.509202453987731,83.74233128834356,9.202453987730062,74.5398773006135
E00163256,335,45,15,30,290,30,260,13.432835820895523,4.477611940298507,8.955223880597014,86.56716417910447,8.955223880597014,77.61194029850746
E00163258,309,59,22,37,250,24,226,19.093851132686083,7.119741100323624,11.974110032362459,80.90614886731392,7.766990291262135,73.13915857605178
E00163260,321,93,62,31,228,25,203,28.971962616822427,19.314641744548286,9.657320872274143,71.02803738317756,7.78816199376947,63.2398753894081
E00163261,325,43,15,28,282,38,244,13.230769230769232,4.615384615384616,8.615384615384615,86.76923076923076,11.692307692307692,75.07692307692308
E00163262,157,21,4,17,136,7,129,13.375796178343949,2.547770700636943,10.828025477707007,86.62420382165605,4.45859872611465,82.16560509554141
E00163263,260,38,13,25,222,18,204,14.615384615384617,5,9.615384615384617,85.38461538461539,6.923076923076923,78.46153846153847
E00163265,325,41,16,25,284,24,260,12.615384615384615,4.923076923076923,7.6923076923076925,87.38461538461539,7.384615384615385,80
E00163266,397,58,20,38,339,37,302,14.609571788413097,5.037783375314862,9.571788413098236,85.3904282115869,9.319899244332493,76.0705289672544
E00163267,139,15,4,11,124,11,113,10.79136690647482,2.877697841726619,7.913669064748201,89.20863309352518,7.913669064748201,81.29496402877699
E00163268,193,36,11,25,157,15,142,18.65284974093264,5.699481865284974,12.953367875647666,81.34715025906736,7.772020725388601,73.57512953367875
E00163269,247,43,14,29,204,27,177,17.408906882591094,5.668016194331984,11.740890688259109,82.5910931174089,10.931174089068826,71.65991902834008
E00163270,332,38,14,24,294,29,265,11.44578313253012,4.216867469879518,7.228915662650602,88.55421686746988,8.734939759036145,79.81927710843374
E00163271,409,86,40,46,323,16,307,21.026894865525673,9.7799511002445,11.246943765281173,78.97310513447434,3.9119804400977993,75.06112469437653
E00163272,276,43,17,26,233,32,201,15.579710144927535,6.159420289855073,9.420289855072465,84.42028985507247,11.594202898550725,72.82608695652173
E00163273,309,100,67,33,209,20,189,32.362459546925564,21.68284789644013,10.679611650485436,67.63754045307444,6.472491909385113,61.165048543689316
E00163274,213,51,21,30,162,25,137,23.943661971830984,9.859154929577464,14.084507042253522,76.05633802816901,11.737089201877934,64.31924882629107
E00163275,224,62,30,32,162,25,137,27.67857142857143,13.392857142857142,14.285714285714285,72.32142857142857,11.160714285714286,61.16071428571429
E00163276,391,41,9,32,350,26,324,10.485933503836318,2.3017902813299234,8.184143222506394,89.51406649616368,6.649616368286446,82.86445012787725
E00163277,342,38,16,22,304,32,272,11.11111111111111,4.678362573099415,6.432748538011696,88.88888888888889,9.35672514619883,79.53216374269006
E00163278,355,56,17,39,299,30,269,15.774647887323944,4.788732394366197,10.985915492957748,84.22535211267605,8.450704225352112,75.77464788732394
E00163279,348,65,26,39,283,30,253,18.67816091954023,7.471264367816093,11.206896551724139,81.32183908045977,8.620689655172415,72.70114942528735
E00163280,104,21,9,12,83,5,78,20.192307692307693,8.653846153846153,11.538461538461538,79.8076923076923,4.807692307692308,75
E00163281,257,47,15,32,210,27,183,18.28793774319066,5.836575875486381,12.45136186770428,81.71206225680933,10.505836575875486,71.20622568093385
E00163282,233,33,12,21,200,18,182,14.163090128755366,5.150214592274678,9.012875536480687,85.83690987124464,7.725321888412018,78.11158798283262
E00163283,208,37,13,24,171,15,156,17.78846153846154,6.25,11.538461538461538,82.21153846153845,7.211538461538461,75
E00163284,236,48,17,31,188,21,167,20.33898305084746,7.203389830508475,13.135593220338984,79.66101694915254,8.898305084745763,70.76271186440678
E00163285,268,53,15,38,215,24,191,19.776119402985074,5.597014925373134,14.17910447761194,80.22388059701493,8.955223880597014,71.26865671641791
E00163286,231,52,22,30,179,21,158,22.51082251082251,9.523809523809524,12.987012987012985,77.48917748917748,9.090909090909092,68.3982683982684
E00163287,271,54,17,37,217,21,196,19.92619926199262,6.273062730627306,13.653136531365314,80.07380073800738,7.7490774907749085,72.32472324723247
E00163288,263,45,14,31,218,33,185,17.110266159695815,5.323193916349809,11.787072243346007,82.88973384030417,12.547528517110266,70.34220532319392
E00163289,273,50,17,33,223,23,200,18.315018315018314,6.227106227106227,12.087912087912088,81.68498168498168,8.424908424908425,73.26007326007326
E00163290,297,99,63,36,198,19,179,33.33333333333333,21.21212121212121,12.121212121212121,66.66666666666666,6.397306397306397,60.26936026936027
E00163291,235,29,7,22,206,22,184,12.340425531914894,2.9787234042553195,9.361702127659575,87.65957446808511,9.361702127659575,78.29787234042553
E00163292,175,62,25,37,113,15,98,35.42857142857142,14.285714285714285,21.142857142857142,64.57142857142857,8.571428571428571,56.00000000000001
E00163293,341,80,38,42,261,27,234,23.46041055718475,11.143695014662756,12.316715542521994,76.53958944281524,7.9178885630498534,68.62170087976538
E00163294,278,45,13,32,233,22,211,16.18705035971223,4.676258992805756,11.510791366906476,83.81294964028777,7.913669064748201,75.89928057553958
E00163295,330,69,25,44,261,18,243,20.909090909090907,7.575757575757576,13.333333333333334,79.0909090909091,5.454545454545454,73.63636363636363
E00163296,314,77,39,38,237,32,205,24.522292993630572,12.420382165605096,12.101910828025478,75.47770700636943,10.191082802547772,65.28662420382165
E00163297,245,32,2,30,213,22,191,13.061224489795919,0.8163265306122449,12.244897959183673,86.93877551020408,8.979591836734693,77.9591836734694
E00163298,246,41,15,26,205,21,184,16.666666666666664,6.097560975609756,10.569105691056912,83.33333333333334,8.536585365853659,74.79674796747967
E00163299,293,43,12,31,250,25,225,14.675767918088736,4.09556313993174,10.580204778156997,85.32423208191126,8.532423208191126,76.79180887372013
E00163300,331,52,16,36,279,32,247,15.709969788519636,4.833836858006042,10.876132930513595,84.29003021148036,9.667673716012084,74.62235649546828
E00163301,370,64,25,39,306,44,262,17.2972972972973,6.756756756756757,10.54054054054054,82.70270270270271,11.891891891891893,70.8108108108108
E00163302,334,49,12,37,285,27,258,14.67065868263473,3.592814371257485,11.077844311377245,85.32934131736528,8.08383233532934,77.24550898203593
E00163303,355,43,15,28,312,33,279,12.112676056338028,4.225352112676056,7.887323943661972,87.88732394366198,9.295774647887324,78.59154929577464
E00163304,334,52,15,37,282,23,259,15.568862275449103,4.491017964071856,11.077844311377245,84.4311377245509,6.88622754491018,77.54491017964071
E00163305,287,55,28,27,232,40,192,19.16376306620209,9.75609756097561,9.40766550522648,80.8362369337979,13.937282229965156,66.89895470383276
E00163306,228,50,23,27,178,18,160,21.929824561403507,10.087719298245613,11.842105263157894,78.0701754385965,7.894736842105263,70.17543859649122
E00163307,270,44,18,26,226,13,213,16.296296296296298,6.666666666666667,9.62962962962963,83.7037037037037,4.814814814814815,78.88888888888889
E00163308,294,40,6,34,254,39,215,13.60544217687075,2.0408163265306123,11.564625850340136,86.39455782312925,13.26530612244898,73.12925170068027
E00163309,327,57,15,42,270,36,234,17.431192660550458,4.587155963302752,12.844036697247708,82.56880733944955,11.009174311926607,71.55963302752293
E00163310,348,60,25,35,288,22,266,17.24137931034483,7.183908045977011,10.057471264367816,82.75862068965517,6.321839080459771,76.4367816091954
E00163311,400,65,26,39,335,38,297,16.25,6.5,9.75,83.75,9.5,74.25
E00163312,243,58,20,38,185,21,164,23.868312757201647,8.23045267489712,15.637860082304528,76.13168724279835,8.641975308641975,67.48971193415639
E00163313,340,42,7,35,298,28,270,12.352941176470589,2.0588235294117645,10.294117647058822,87.6470588235294,8.235294117647058,79.41176470588235
E00163314,225,59,14,45,166,18,148,26.222222222222225,6.222222222222222,20,73.77777777777777,8,65.77777777777779
E00163315,198,68,33,35,130,11,119,34.34343434343434,16.666666666666664,17.67676767676768,65.65656565656566,5.555555555555555,60.1010101010101
E00163316,287,53,17,36,234,29,205,18.466898954703833,5.923344947735192,12.543554006968641,81.53310104529616,10.104529616724738,71.42857142857143
E00163317,271,74,26,48,197,18,179,27.30627306273063,9.59409594095941,17.712177121771216,72.69372693726937,6.642066420664207,66.05166051660517
E00163318,315,37,14,23,278,33,245,11.746031746031745,4.444444444444445,7.301587301587302,88.25396825396825,10.476190476190476,77.77777777777779
E00163319,244,61,41,20,183,22,161,25,16.80327868852459,8.19672131147541,75,9.01639344262295,65.98360655737704
E00163320,358,42,11,31,316,24,292,11.731843575418994,3.072625698324022,8.659217877094973,88.26815642458101,6.70391061452514,81.56424581005587
E00163321,274,60,16,44,214,35,179,21.897810218978105,5.839416058394161,16.05839416058394,78.1021897810219,12.773722627737227,65.32846715328468
E00163322,327,60,19,41,267,32,235,18.34862385321101,5.81039755351682,12.538226299694188,81.65137614678899,9.785932721712538,71.86544342507645
E00163323,294,53,19,34,241,22,219,18.027210884353742,6.462585034013606,11.564625850340136,81.97278911564626,7.482993197278912,74.48979591836735
E00163324,245,49,18,31,196,16,180,20,7.346938775510205,12.653061224489795,80,6.530612244897959,73.46938775510205
E00163325,386,101,60,41,285,22,263,26.165803108808287,15.544041450777202,10.621761658031089,73.83419689119171,5.699481865284974,68.13471502590673
E00163326,240,56,21,35,184,13,171,23.333333333333332,8.75,14.583333333333334,76.66666666666667,5.416666666666667,71.25
E00163327,424,98,48,50,326,27,299,23.11320754716981,11.320754716981133,11.79245283018868,76.88679245283019,6.367924528301887,70.51886792452831
E00163328,220,25,6,19,195,22,173,11.363636363636363,2.727272727272727,8.636363636363637,88.63636363636364,10,78.63636363636364
E00163329,257,54,21,33,203,25,178,21.011673151750973,8.171206225680933,12.840466926070038,78.98832684824903,9.72762645914397,69.26070038910505
E00163330,210,46,19,27,164,26,138,21.904761904761905,9.047619047619047,12.857142857142856,78.0952380952381,12.380952380952381,65.71428571428571
E00163331,237,23,10,13,214,19,195,9.70464135021097,4.219409282700422,5.485232067510549,90.29535864978902,8.016877637130802,82.27848101265823
E00163332,236,46,19,27,190,21,169,19.491525423728813,8.050847457627118,11.440677966101696,80.50847457627118,8.898305084745763,71.61016949152543
E00163333,269,45,16,29,224,26,198,16.728624535315987,5.947955390334572,10.780669144981413,83.27137546468401,9.66542750929368,73.60594795539033
E00163334,147,31,9,22,116,15,101,21.08843537414966,6.122448979591836,14.965986394557824,78.91156462585033,10.204081632653061,68.70748299319727
E00163335,212,53,21,32,159,23,136,25,9.90566037735849,15.09433962264151,75,10.849056603773585,64.15094339622641
E00163336,343,51,17,34,292,26,266,14.868804664723031,4.956268221574344,9.912536443148689,85.13119533527697,7.580174927113703,77.55102040816327
E00163337,236,76,33,43,160,26,134,32.20338983050847,13.983050847457626,18.220338983050848,67.79661016949152,11.016949152542372,56.779661016949156
E00163338,295,65,34,31,230,32,198,22.033898305084744,11.525423728813559,10.508474576271185,77.96610169491525,10.847457627118644,67.11864406779661
E00163339,284,45,14,31,239,25,214,15.845070422535212,4.929577464788732,10.915492957746478,84.15492957746478,8.80281690140845,75.35211267605634
E00163340,288,33,12,21,255,19,236,11.458333333333332,4.166666666666666,7.291666666666667,88.54166666666666,6.597222222222222,81.94444444444444
E00163342,308,44,15,29,264,25,239,14.285714285714285,4.870129870129871,9.415584415584416,85.71428571428571,8.116883116883116,77.59740259740259
E00163343,304,45,18,27,259,14,245,14.802631578947366,5.921052631578947,8.881578947368421,85.19736842105263,4.605263157894736,80.5921052631579
E00163344,229,58,21,37,171,19,152,25.327510917030565,9.170305676855897,16.157205240174672,74.67248908296943,8.296943231441048,66.37554585152839
E00163345,268,50,19,31,218,30,188,18.65671641791045,7.08955223880597,11.567164179104477,81.34328358208955,11.194029850746269,70.1492537313433
E00163346,253,35,9,26,218,21,197,13.83399209486166,3.557312252964427,10.276679841897234,86.16600790513834,8.300395256916996,77.86561264822134
E00163347,309,60,17,43,249,25,224,19.41747572815534,5.501618122977346,13.915857605177994,80.58252427184466,8.090614886731391,72.49190938511327
E00163348,251,42,13,29,209,18,191,16.733067729083665,5.179282868525896,11.553784860557768,83.26693227091634,7.171314741035857,76.09561752988047
E00163349,235,38,15,23,197,22,175,16.170212765957448,6.382978723404255,9.787234042553191,83.82978723404256,9.361702127659575,74.46808510638297
E00163350,275,37,16,21,238,27,211,13.454545454545455,5.818181818181818,7.636363636363637,86.54545454545455,9.818181818181818,76.72727272727272
E00163351,221,23,5,18,198,15,183,10.407239819004525,2.262443438914027,8.144796380090497,89.59276018099548,6.787330316742081,82.80542986425338
E00163352,134,30,12,18,104,9,95,22.388059701492537,8.955223880597014,13.432835820895523,77.61194029850746,6.7164179104477615,70.8955223880597
E00163353,328,54,22,32,274,19,255,16.463414634146343,6.707317073170732,9.75609756097561,83.53658536585365,5.7926829268292686,77.7439024390244
E00163354,348,73,28,45,275,30,245,20.977011494252874,8.045977011494253,12.931034482758621,79.02298850574712,8.620689655172415,70.40229885057471
E00163355,328,84,37,47,244,23,221,25.609756097560975,11.28048780487805,14.329268292682926,74.39024390243902,7.01219512195122,67.3780487804878
E00163356,344,56,16,40,288,39,249,16.27906976744186,4.651162790697675,11.627906976744185,83.72093023255815,11.337209302325581,72.38372093023256
E00163357,161,40,13,27,121,15,106,24.84472049689441,8.074534161490684,16.77018633540373,75.15527950310559,9.316770186335404,65.83850931677019
E00163358,401,60,22,38,341,35,306,14.962593516209477,5.486284289276807,9.476309226932669,85.03740648379052,8.728179551122196,76.30922693266832
E00163359,300,60,15,45,240,22,218,20,5,15,80,7.333333333333333,72.66666666666667
E00163360,259,35,8,27,224,20,204,13.513513513513514,3.088803088803089,10.424710424710424,86.48648648648648,7.722007722007722,78.76447876447877
E00163361,263,34,7,27,229,25,204,12.927756653992395,2.6615969581749046,10.26615969581749,87.07224334600761,9.505703422053232,77.56653992395437
E00163362,240,50,24,26,190,23,167,20.833333333333336,10,10.833333333333334,79.16666666666666,9.583333333333334,69.58333333333333
E00163363,331,54,20,34,277,28,249,16.314199395770395,6.042296072507553,10.27190332326284,83.68580060422961,8.459214501510575,75.22658610271903
E00163364,218,25,12,13,193,14,179,11.46788990825688,5.5045871559633035,5.963302752293578,88.53211009174312,6.422018348623854,82.11009174311926
E00163365,416,75,21,54,341,36,305,18.028846153846153,5.048076923076923,12.980769230769232,81.97115384615384,8.653846153846153,73.3173076923077
E00163366,116,15,7,8,101,9,92,12.931034482758621,6.0344827586206895,6.896551724137931,87.06896551724138,7.758620689655173,79.3103448275862
E00163367,214,40,13,27,174,14,160,18.69158878504673,6.074766355140187,12.616822429906541,81.30841121495327,6.5420560747663545,74.76635514018692
E00163368,246,54,23,31,192,19,173,21.951219512195124,9.34959349593496,12.601626016260163,78.04878048780488,7.723577235772358,70.32520325203252
E00163369,255,28,11,17,227,18,209,10.980392156862745,4.313725490196078,6.666666666666667,89.01960784313725,7.0588235294117645,81.96078431372548
E00163370,245,43,12,31,202,23,179,17.551020408163264,4.8979591836734695,12.653061224489795,82.44897959183673,9.387755102040817,73.06122448979592
E00163371,181,27,5,22,154,14,140,14.917127071823206,2.7624309392265194,12.154696132596685,85.0828729281768,7.734806629834254,77.34806629834254
E00163372,449,66,22,44,383,53,330,14.699331848552339,4.8997772828507795,9.799554565701559,85.30066815144765,11.804008908685969,73.4966592427617
E00163373,382,94,29,65,288,26,262,24.60732984293194,7.591623036649215,17.015706806282722,75.39267015706807,6.806282722513089,68.58638743455498
E00163374,282,48,20,28,234,27,207,17.02127659574468,7.092198581560284,9.929078014184398,82.97872340425532,9.574468085106384,73.40425531914893
E00163375,261,57,28,29,204,12,192,21.839080459770116,10.727969348659004,11.11111111111111,78.16091954022988,4.597701149425287,73.5632183908046
E00163376,376,51,20,31,325,30,295,13.563829787234042,5.319148936170213,8.24468085106383,86.43617021276596,7.9787234042553195,78.45744680851064
E00163377,260,34,12,22,226,23,203,13.076923076923078,4.615384615384616,8.461538461538462,86.92307692307692,8.846153846153847,78.07692307692308
E00163378,310,87,43,44,223,30,193,28.064516129032256,13.870967741935484,14.193548387096774,71.93548387096774,9.67741935483871,62.25806451612903
E00163379,255,25,4,21,230,25,205,9.803921568627452,1.5686274509803921,8.235294117647058,90.19607843137256,9.803921568627452,80.3921568627451
E00163380,325,48,12,36,277,26,251,14.76923076923077,3.6923076923076925,11.076923076923077,85.23076923076923,8,77.23076923076924
E00163381,221,47,16,31,174,16,158,21.266968325791854,7.239819004524888,14.027149321266968,78.73303167420815,7.239819004524888,71.49321266968326
E00163382,274,40,13,27,234,29,205,14.5985401459854,4.744525547445255,9.854014598540147,85.40145985401459,10.583941605839415,74.81751824817519
E00163383,209,30,12,18,179,19,160,14.354066985645932,5.741626794258373,8.61244019138756,85.64593301435407,9.090909090909092,76.55502392344498
E00163384,291,61,20,41,230,37,193,20.962199312714777,6.872852233676976,14.0893470790378,79.03780068728523,12.714776632302405,66.32302405498281
E00163385,302,47,18,29,255,27,228,15.562913907284766,5.960264900662252,9.602649006622517,84.43708609271523,8.940397350993377,75.49668874172185
E00163386,242,36,9,27,206,20,186,14.87603305785124,3.71900826446281,11.15702479338843,85.12396694214877,8.264462809917356,76.85950413223141
E00163387,323,54,13,41,269,42,227,16.718266253869967,4.024767801857585,12.693498452012383,83.28173374613003,13.003095975232199,70.27863777089783
E00163388,264,48,19,29,216,19,197,18.181818181818183,7.196969696969697,10.984848484848484,81.81818181818183,7.196969696969697,74.62121212121212
E00163389,299,37,14,23,262,28,234,12.37458193979933,4.682274247491638,7.6923076923076925,87.62541806020067,9.364548494983277,78.26086956521739
E00163390,292,70,17,53,222,27,195,23.972602739726025,5.821917808219178,18.15068493150685,76.02739726027397,9.246575342465754,66.78082191780823
E00163391,358,56,19,37,302,33,269,15.64245810055866,5.307262569832402,10.335195530726256,84.35754189944134,9.217877094972067,75.13966480446928
E00163392,346,59,16,43,287,28,259,17.052023121387283,4.624277456647398,12.427745664739884,82.94797687861272,8.092485549132949,74.85549132947978
E00163393,320,64,26,38,256,15,241,20,8.125,11.875,80,4.6875,75.3125
E00163394,293,31,8,23,262,22,240,10.580204778156997,2.7303754266211606,7.849829351535837,89.419795221843,7.508532423208192,81.91126279863481
E00163395,199,44,21,23,155,11,144,22.110552763819097,10.552763819095476,11.557788944723619,77.88944723618091,5.527638190954774,72.36180904522614
E00163396,120,15,3,12,105,15,90,12.5,2.5,10,87.5,12.5,75
E00163397,314,56,25,31,258,24,234,17.8343949044586,7.961783439490445,9.872611464968154,82.16560509554141,7.643312101910828,74.52229299363057
E00163398,329,57,21,36,272,23,249,17.325227963525837,6.382978723404255,10.94224924012158,82.67477203647417,6.990881458966565,75.6838905775076
E00163399,362,66,23,43,296,30,266,18.23204419889503,6.353591160220995,11.878453038674033,81.76795580110497,8.287292817679557,73.48066298342542
E00163400,303,76,33,43,227,17,210,25.082508250825082,10.891089108910892,14.19141914191419,74.91749174917491,5.6105610561056105,69.3069306930693
E00163401,286,89,33,56,197,20,177,31.11888111888112,11.538461538461538,19.58041958041958,68.88111888111888,6.993006993006993,61.88811188811189
E00163402,278,44,14,30,234,29,205,15.827338129496402,5.0359712230215825,10.79136690647482,84.17266187050359,10.431654676258994,73.7410071942446
E00163403,302,58,15,43,244,25,219,19.205298013245034,4.966887417218543,14.23841059602649,80.79470198675497,8.27814569536424,72.51655629139073
E00163404,372,65,15,50,307,39,268,17.473118279569892,4.032258064516129,13.440860215053762,82.52688172043011,10.483870967741936,72.04301075268818
E00163405,429,89,36,53,340,29,311,20.745920745920746,8.391608391608392,12.354312354312354,79.25407925407926,6.75990675990676,72.49417249417249
E00163406,240,68,33,35,172,12,160,28.333333333333332,13.750000000000002,14.583333333333334,71.66666666666667,5,66.66666666666666
E00163407,247,57,27,30,190,19,171,23.076923076923077,10.931174089068826,12.145748987854251,76.92307692307693,7.6923076923076925,69.23076923076923
E00163408,290,70,20,50,220,25,195,24.137931034482758,6.896551724137931,17.24137931034483,75.86206896551724,8.620689655172415,67.24137931034483
E00163409,195,25,8,17,170,21,149,12.82051282051282,4.102564102564102,8.717948717948717,87.17948717948718,10.76923076923077,76.41025641025641
E00163410,320,73,29,44,247,23,224,22.8125,9.0625,13.750000000000002,77.1875,7.187499999999999,70
E00163411,349,80,22,58,269,23,246,22.922636103151863,6.303724928366762,16.6189111747851,77.07736389684814,6.59025787965616,70.48710601719198
E00163412,142,12,4,8,130,13,117,8.450704225352112,2.8169014084507045,5.633802816901409,91.54929577464789,9.15492957746479,82.3943661971831
E00163413,394,72,23,49,322,33,289,18.274111675126903,5.83756345177665,12.436548223350254,81.7258883248731,8.375634517766498,73.3502538071066
E00163414,337,53,16,37,284,36,248,15.727002967359049,4.747774480712167,10.979228486646884,84.27299703264094,10.682492581602373,73.59050445103857
E00163415,264,67,27,40,197,22,175,25.37878787878788,10.227272727272728,15.151515151515152,74.62121212121212,8.333333333333332,66.28787878787878
E00163416,233,26,9,17,207,22,185,11.158798283261802,3.862660944206009,7.296137339055794,88.8412017167382,9.44206008583691,79.39914163090128
E00163417,380,78,31,47,302,34,268,20.526315789473685,8.157894736842106,12.368421052631579,79.47368421052632,8.947368421052632,70.52631578947368
E00163418,270,53,17,36,217,25,192,19.62962962962963,6.296296296296296,13.333333333333334,80.37037037037037,9.25925925925926,71.11111111111111
E00163420,258,44,15,29,214,27,187,17.05426356589147,5.813953488372093,11.24031007751938,82.94573643410853,10.465116279069768,72.48062015503875
E00163421,225,50,26,24,175,19,156,22.22222222222222,11.555555555555555,10.666666666666668,77.77777777777779,8.444444444444445,69.33333333333334
E00163422,211,45,21,24,166,23,143,21.32701421800948,9.95260663507109,11.374407582938389,78.67298578199052,10.90047393364929,67.77251184834124
E00163423,287,61,28,33,226,32,194,21.254355400696863,9.75609756097561,11.498257839721255,78.74564459930313,11.149825783972126,67.59581881533101
E00163424,235,73,34,39,162,14,148,31.06382978723404,14.468085106382977,16.595744680851062,68.93617021276596,5.957446808510639,62.97872340425532
E00163425,180,52,17,35,128,18,110,28.888888888888886,9.444444444444445,19.444444444444446,71.11111111111111,10,61.111111111111114
E00163426,258,63,30,33,195,11,184,24.418604651162788,11.627906976744185,12.790697674418606,75.5813953488372,4.263565891472868,71.31782945736434
E00163427,341,51,14,37,290,28,262,14.95601173020528,4.105571847507331,10.850439882697946,85.04398826979472,8.211143695014663,76.83284457478005
E00163428,281,53,22,31,228,19,209,18.86120996441281,7.829181494661921,11.032028469750891,81.13879003558719,6.761565836298933,74.37722419928826
E00163429,239,36,15,21,203,20,183,15.062761506276152,6.2761506276150625,8.786610878661087,84.93723849372385,8.368200836820083,76.56903765690377
E00163430,252,50,18,32,202,25,177,19.841269841269842,7.142857142857142,12.698412698412698,80.15873015873017,9.920634920634921,70.23809523809523
E00163431,240,32,8,24,208,20,188,13.333333333333334,3.3333333333333335,10,86.66666666666667,8.333333333333332,78.33333333333333
E00163432,259,39,11,28,220,24,196,15.057915057915059,4.247104247104247,10.81081081081081,84.94208494208493,9.266409266409266,75.67567567567568
E00163433,481,74,28,46,407,47,360,15.384615384615385,5.8212058212058215,9.563409563409564,84.61538461538461,9.771309771309772,74.84407484407485
E00163434,350,49,13,36,301,38,263,14.000000000000002,3.7142857142857144,10.285714285714285,86,10.857142857142858,75.14285714285714
E00163435,247,35,11,24,212,23,189,14.17004048582996,4.4534412955465585,9.7165991902834,85.82995951417004,9.31174089068826,76.51821862348179
E00163436,369,49,15,34,320,32,288,13.279132791327914,4.0650406504065035,9.214092140921409,86.72086720867209,8.672086720867208,78.04878048780488
E00163437,297,36,10,26,261,26,235,12.121212121212121,3.3670033670033668,8.754208754208754,87.87878787878788,8.754208754208754,79.12457912457911
E00163438,298,63,19,44,235,26,209,21.140939597315437,6.375838926174497,14.76510067114094,78.85906040268456,8.724832214765101,70.13422818791946
E00163439,259,23,2,21,236,12,224,8.880308880308881,0.7722007722007722,8.108108108108109,91.11969111969111,4.633204633204633,86.48648648648648
E00163440,239,60,24,36,179,15,164,25.10460251046025,10.0418410041841,15.062761506276152,74.89539748953975,6.2761506276150625,68.6192468619247
E00163441,400,64,22,42,336,38,298,16,5.5,10.5,84,9.5,74.5
E00163442,398,79,20,59,319,35,284,19.849246231155778,5.025125628140704,14.824120603015075,80.15075376884423,8.793969849246231,71.35678391959799
E00163443,285,48,13,35,237,27,210,16.842105263157894,4.56140350877193,12.280701754385964,83.15789473684211,9.473684210526317,73.68421052631578
E00163444,282,57,20,37,225,29,196,20.212765957446805,7.092198581560284,13.120567375886525,79.7872340425532,10.28368794326241,69.50354609929079
E00163446,270,74,34,40,196,14,182,27.40740740740741,12.592592592592592,14.814814814814813,72.5925925925926,5.185185185185185,67.4074074074074
E00163447,240,57,25,32,183,21,162,23.75,10.416666666666668,13.333333333333334,76.25,8.75,67.5
E00163448,375,105,65,40,270,20,250,28.000000000000004,17.333333333333336,10.666666666666668,72,5.333333333333334,66.66666666666666
E00163449,343,58,23,35,285,25,260,16.909620991253643,6.705539358600583,10.204081632653061,83.09037900874635,7.288629737609329,75.80174927113703
E00163450,367,54,19,35,313,37,276,14.713896457765669,5.177111716621254,9.536784741144414,85.28610354223434,10.08174386920981,75.20435967302453
E00163451,293,51,22,29,242,18,224,17.4061433447099,7.508532423208192,9.897610921501707,82.5938566552901,6.143344709897611,76.45051194539249
E00163452,298,37,9,28,261,40,221,12.416107382550337,3.0201342281879198,9.395973154362416,87.58389261744966,13.422818791946309,74.16107382550335
E00163453,336,53,16,37,283,30,253,15.773809523809524,4.761904761904762,11.011904761904761,84.22619047619048,8.928571428571429,75.29761904761905
E00163454,342,49,19,30,293,43,250,14.327485380116958,5.555555555555555,8.771929824561402,85.67251461988305,12.573099415204677,73.09941520467837
E00163455,403,63,28,35,340,38,302,15.632754342431761,6.9478908188585615,8.6848635235732,84.36724565756823,9.429280397022332,74.93796526054591
E00163456,355,83,32,51,272,34,238,23.380281690140844,9.014084507042254,14.366197183098592,76.61971830985915,9.577464788732394,67.04225352112675
E00163457,242,62,32,30,180,18,162,25.6198347107438,13.223140495867769,12.396694214876034,74.3801652892562,7.43801652892562,66.94214876033058
E00163458,314,45,17,28,269,28,241,14.331210191082802,5.414012738853503,8.9171974522293,85.6687898089172,8.9171974522293,76.75159235668791
E00163459,322,64,24,40,258,24,234,19.875776397515526,7.453416149068323,12.422360248447205,80.12422360248446,7.453416149068323,72.67080745341616
E00163460,325,48,12,36,277,23,254,14.76923076923077,3.6923076923076925,11.076923076923077,85.23076923076923,7.076923076923077,78.15384615384615
E00163461,251,29,7,22,222,23,199,11.553784860557768,2.788844621513944,8.764940239043826,88.44621513944223,9.163346613545817,79.2828685258964
E00163462,278,29,6,23,249,32,217,10.431654676258994,2.158273381294964,8.273381294964029,89.568345323741,11.510791366906476,78.05755395683454
E00163464,192,36,11,25,156,27,129,18.75,5.729166666666666,13.020833333333334,81.25,14.0625,67.1875
E00163465,287,37,9,28,250,24,226,12.89198606271777,3.1358885017421603,9.75609756097561,87.10801393728222,8.362369337979095,78.74564459930313
E00163466,160,57,31,26,103,20,83,35.625,19.375,16.25,64.375,12.5,51.87500000000001
E00163467,305,56,15,41,249,30,219,18.360655737704917,4.918032786885246,13.442622950819672,81.63934426229508,9.836065573770492,71.80327868852459
E00163468,272,32,9,23,240,19,221,11.76470588235294,3.308823529411765,8.455882352941178,88.23529411764706,6.985294117647059,81.25
E00163469,254,46,14,32,208,21,187,18.11023622047244,5.511811023622047,12.598425196850393,81.88976377952756,8.267716535433072,73.62204724409449
E00163470,334,79,33,46,255,25,230,23.652694610778443,9.880239520958083,13.77245508982036,76.34730538922156,7.48502994011976,68.8622754491018
E00163471,414,66,25,41,348,36,312,15.942028985507244,6.038647342995169,9.903381642512077,84.05797101449275,8.695652173913043,75.36231884057972
E00163472,314,60,18,42,254,33,221,19.10828025477707,5.7324840764331215,13.375796178343949,80.89171974522293,10.509554140127388,70.38216560509554
E00163473,302,78,26,52,224,31,193,25.82781456953642,8.609271523178808,17.218543046357617,74.17218543046357,10.264900662251655,63.90728476821192
E00163474,255,75,37,38,180,24,156,29.411764705882355,14.50980392156863,14.901960784313726,70.58823529411765,9.411764705882353,61.1764705882353
E00163475,247,44,13,31,203,21,182,17.813765182186234,5.263157894736842,12.550607287449392,82.18623481781377,8.502024291497975,73.68421052631578
E00163476,286,91,49,42,195,19,176,31.818181818181817,17.132867132867133,14.685314685314685,68.18181818181817,6.643356643356643,61.53846153846154
E00163477,242,36,13,23,206,28,178,14.87603305785124,5.371900826446281,9.50413223140496,85.12396694214877,11.570247933884298,73.55371900826447
E00163478,348,61,20,41,287,39,248,17.52873563218391,5.747126436781609,11.781609195402298,82.47126436781609,11.206896551724139,71.26436781609196
E00163480,340,38,15,23,302,41,261,11.176470588235295,4.411764705882353,6.764705882352941,88.8235294117647,12.058823529411764,76.76470588235294
E00163481,336,53,20,33,283,16,267,15.773809523809524,5.952380952380952,9.821428571428571,84.22619047619048,4.761904761904762,79.46428571428571
E00163482,354,66,32,34,288,30,258,18.64406779661017,9.03954802259887,9.6045197740113,81.35593220338984,8.47457627118644,72.88135593220339
E00163483,363,54,12,42,309,24,285,14.87603305785124,3.3057851239669422,11.570247933884298,85.12396694214877,6.6115702479338845,78.51239669421489
E00163484,326,70,28,42,256,27,229,21.472392638036812,8.588957055214724,12.883435582822086,78.52760736196319,8.282208588957054,70.24539877300614
E00163485,247,45,19,26,202,29,173,18.218623481781375,7.6923076923076925,10.526315789473683,81.78137651821862,11.740890688259109,70.04048582995951
E00163487,257,55,20,35,202,20,182,21.40077821011673,7.782101167315175,13.618677042801556,78.59922178988327,7.782101167315175,70.8171206225681
E00163488,324,93,39,54,231,36,195,28.703703703703702,12.037037037037036,16.666666666666664,71.29629629629629,11.11111111111111,60.18518518518518
E00163490,391,101,46,55,290,34,256,25.831202046035806,11.76470588235294,14.066496163682865,74.16879795396419,8.695652173913043,65.47314578005115
E00163491,400,56,23,33,344,35,309,14.000000000000002,5.75,8.25,86,8.75,77.25
E00163492,266,45,16,29,221,27,194,16.917293233082706,6.015037593984962,10.902255639097744,83.0827067669173,10.150375939849624,72.93233082706767
E00163493,297,46,20,26,251,29,222,15.488215488215488,6.7340067340067336,8.754208754208754,84.51178451178451,9.764309764309765,74.74747474747475
E00163494,298,53,32,21,245,15,230,17.78523489932886,10.738255033557047,7.046979865771812,82.21476510067114,5.033557046979865,77.18120805369128
E00163495,203,38,12,26,165,16,149,18.7192118226601,5.911330049261084,12.807881773399016,81.2807881773399,7.8817733990147785,73.39901477832512
E00163496,295,45,22,23,250,24,226,15.254237288135593,7.457627118644068,7.796610169491526,84.7457627118644,8.135593220338983,76.61016949152543
E00163497,286,52,13,39,234,31,203,18.181818181818183,4.545454545454546,13.636363636363635,81.81818181818183,10.839160839160838,70.97902097902097
E00163498,274,48,16,32,226,20,206,17.51824817518248,5.839416058394161,11.678832116788321,82.48175182481752,7.2992700729927,75.18248175182481
E00163499,269,43,11,32,226,20,206,15.985130111524162,4.089219330855019,11.895910780669144,84.01486988847584,7.434944237918216,76.57992565055763
E00163500,288,49,15,34,239,26,213,17.01388888888889,5.208333333333334,11.805555555555555,82.98611111111111,9.027777777777777,73.95833333333334
E00163501,344,82,31,51,262,30,232,23.837209302325583,9.011627906976743,14.825581395348838,76.16279069767442,8.720930232558139,67.44186046511628
E00163502,133,29,12,17,104,14,90,21.804511278195488,9.022556390977442,12.781954887218044,78.19548872180451,10.526315789473683,67.66917293233082
E00163503,226,55,28,27,171,22,149,24.336283185840706,12.389380530973451,11.946902654867257,75.66371681415929,9.734513274336283,65.929203539823
E00163504,243,36,12,24,207,26,181,14.814814814814813,4.938271604938271,9.876543209876543,85.18518518518519,10.699588477366255,74.48559670781893
E00163505,236,36,13,23,200,28,172,15.254237288135593,5.508474576271186,9.745762711864407,84.7457627118644,11.864406779661017,72.88135593220339
E00163506,482,96,33,63,386,44,342,19.91701244813278,6.846473029045644,13.070539419087138,80.08298755186722,9.12863070539419,70.95435684647303
E00163507,299,49,32,17,250,31,219,16.387959866220736,10.702341137123746,5.68561872909699,83.61204013377926,10.367892976588628,73.24414715719062
E00163508,338,50,19,31,288,34,254,14.792899408284024,5.621301775147929,9.171597633136095,85.20710059171599,10.059171597633137,75.14792899408283
E00163509,238,27,6,21,211,18,193,11.344537815126051,2.5210084033613445,8.823529411764707,88.65546218487394,7.563025210084033,81.09243697478992
E00163510,298,80,41,39,218,23,195,26.845637583892618,13.758389261744966,13.087248322147651,73.15436241610739,7.718120805369128,65.43624161073825
E00163511,353,42,12,30,311,33,278,11.89801699716714,3.39943342776204,8.498583569405099,88.10198300283287,9.34844192634561,78.75354107648725
E00163512,289,37,15,22,252,28,224,12.802768166089965,5.190311418685121,7.612456747404845,87.19723183391004,9.688581314878892,77.50865051903114
E00163513,463,93,35,58,370,29,341,20.086393088552914,7.559395248380129,12.526997840172784,79.91360691144709,6.263498920086392,73.6501079913607
E00163514,300,57,7,50,243,31,212,19,2.3333333333333335,16.666666666666664,81,10.333333333333334,70.66666666666667
E00163515,309,42,15,27,267,30,237,13.592233009708737,4.854368932038835,8.737864077669903,86.40776699029125,9.70873786407767,76.69902912621359
E00163516,283,32,3,29,251,24,227,11.307420494699647,1.0600706713780919,10.247349823321555,88.69257950530034,8.480565371024735,80.21201413427562
E00163517,454,77,34,43,377,34,343,16.96035242290749,7.488986784140969,9.47136563876652,83.03964757709251,7.488986784140969,75.55066079295155
E00163518,501,64,18,46,437,35,402,12.77445109780439,3.592814371257485,9.181636726546905,87.2255489021956,6.986027944111776,80.23952095808383
E00163519,273,38,9,29,235,34,201,13.91941391941392,3.296703296703297,10.622710622710622,86.08058608058609,12.454212454212454,73.62637362637363
E00163520,264,33,6,27,231,28,203,12.5,2.272727272727273,10.227272727272728,87.5,10.606060606060606,76.89393939393939
E00163521,127,18,5,13,109,14,95,14.173228346456693,3.937007874015748,10.236220472440944,85.8267716535433,11.023622047244094,74.80314960629921
E00163522,215,75,36,39,140,18,122,34.883720930232556,16.74418604651163,18.13953488372093,65.11627906976744,8.372093023255815,56.74418604651162
E00163523,248,30,14,16,218,27,191,12.096774193548388,5.64516129032258,6.451612903225806,87.90322580645162,10.887096774193548,77.01612903225806
E00163524,216,55,32,23,161,25,136,25.462962962962965,14.814814814814813,10.648148148148149,74.53703703703704,11.574074074074074,62.96296296296296
E00163525,288,41,13,28,247,25,222,14.23611111111111,4.513888888888888,9.722222222222223,85.76388888888889,8.680555555555555,77.08333333333334
E00163526,280,49,11,38,231,20,211,17.5,3.9285714285714284,13.571428571428571,82.5,7.142857142857142,75.35714285714286
E00163527,258,60,29,31,198,15,183,23.25581395348837,11.24031007751938,12.015503875968992,76.74418604651163,5.813953488372093,70.93023255813954
E00163528,294,39,16,23,255,25,230,13.26530612244898,5.442176870748299,7.8231292517006805,86.73469387755102,8.503401360544217,78.2312925170068
E00163529,245,28,8,20,217,23,194,11.428571428571429,3.2653061224489797,8.16326530612245,88.57142857142857,9.387755102040817,79.18367346938776
E00163530,338,41,11,30,297,29,268,12.1301775147929,3.2544378698224854,8.875739644970414,87.86982248520711,8.579881656804734,79.28994082840237
E00163531,326,77,41,36,249,13,236,23.619631901840492,12.576687116564417,11.042944785276074,76.38036809815951,3.9877300613496933,72.39263803680981
E00163532,325,55,28,27,270,28,242,16.923076923076923,8.615384615384615,8.307692307692308,83.07692307692308,8.615384615384615,74.46153846153845
E00163533,299,85,37,48,214,14,200,28.428093645484946,12.37458193979933,16.05351170568562,71.57190635451505,4.682274247491638,66.88963210702342
E00163534,240,51,17,34,189,26,163,21.25,7.083333333333333,14.166666666666666,78.75,10.833333333333334,67.91666666666667
E00163535,377,93,43,50,284,25,259,24.6684350132626,11.405835543766578,13.262599469496022,75.3315649867374,6.631299734748011,68.70026525198939
E00163536,262,50,21,29,212,30,182,19.083969465648856,8.015267175572518,11.068702290076336,80.91603053435115,11.450381679389313,69.46564885496184
E00163537,285,50,25,25,235,30,205,17.543859649122805,8.771929824561402,8.771929824561402,82.45614035087719,10.526315789473683,71.9298245614035
E00163539,375,60,27,33,315,39,276,16,7.199999999999999,8.799999999999999,84,10.4,73.6
E00163540,439,71,28,43,368,40,328,16.173120728929387,6.378132118451026,9.79498861047836,83.82687927107062,9.111617312072893,74.71526195899773
E00163541,280,54,17,37,226,30,196,19.28571428571429,6.071428571428571,13.214285714285715,80.71428571428572,10.714285714285714,70
E00163542,540,84,26,58,456,34,422,15.555555555555555,4.814814814814815,10.74074074074074,84.44444444444444,6.296296296296296,78.14814814814814
E00163544,258,53,19,34,205,16,189,20.54263565891473,7.3643410852713185,13.178294573643413,79.45736434108527,6.2015503875969,73.25581395348837
E00163545,346,70,26,44,276,35,241,20.23121387283237,7.514450867052023,12.716763005780345,79.76878612716763,10.115606936416185,69.65317919075144
E00163546,302,96,30,66,206,25,181,31.788079470198678,9.933774834437086,21.85430463576159,68.21192052980133,8.27814569536424,59.93377483443708
E00163547,267,46,20,26,221,24,197,17.228464419475657,7.490636704119851,9.737827715355806,82.77153558052434,8.98876404494382,73.78277153558052
E00163548,268,134,84,50,134,16,118,50,31.343283582089555,18.65671641791045,50,5.970149253731343,44.02985074626866
E00163549,548,124,52,72,424,35,389,22.62773722627737,9.48905109489051,13.138686131386862,77.37226277372264,6.3868613138686134,70.98540145985402
E00163550,271,46,18,28,225,27,198,16.974169741697416,6.642066420664207,10.33210332103321,83.02583025830258,9.96309963099631,73.06273062730627
E00163551,247,59,14,45,188,17,171,23.88663967611336,5.668016194331984,18.218623481781375,76.11336032388664,6.882591093117409,69.23076923076923
E00163552,171,61,25,36,110,9,101,35.67251461988304,14.619883040935672,21.052631578947366,64.32748538011695,5.263157894736842,59.06432748538012
E00163553,499,76,24,52,423,31,392,15.230460921843688,4.809619238476954,10.420841683366733,84.76953907815631,6.212424849699398,78.55711422845691
E00163554,302,56,21,35,246,23,223,18.543046357615893,6.95364238410596,11.589403973509933,81.45695364238411,7.6158940397351,73.84105960264901
E00163555,313,56,13,43,257,18,239,17.89137380191693,4.15335463258786,13.738019169329075,82.10862619808307,5.7507987220447285,76.35782747603834
E00163556,189,36,15,21,153,17,136,19.047619047619047,7.936507936507936,11.11111111111111,80.95238095238095,8.994708994708994,71.95767195767195
E00163557,266,82,44,38,184,19,165,30.82706766917293,16.541353383458645,14.285714285714285,69.17293233082707,7.142857142857142,62.03007518796993
E00163558,290,58,21,37,232,25,207,20,7.241379310344828,12.758620689655173,80,8.620689655172415,71.37931034482759
E00163559,302,50,15,35,252,20,232,16.55629139072848,4.966887417218543,11.589403973509933,83.44370860927152,6.622516556291391,76.82119205298014
E00163560,277,82,42,40,195,23,172,29.602888086642597,15.162454873646208,14.440433212996389,70.3971119133574,8.303249097472925,62.093862815884485
E00163561,116,48,29,19,68,5,63,41.37931034482759,25,16.379310344827587,58.620689655172406,4.310344827586207,54.310344827586206
E00163562,237,51,21,30,186,20,166,21.518987341772153,8.860759493670885,12.658227848101266,78.48101265822784,8.438818565400844,70.042194092827
E00163563,248,39,10,29,209,26,183,15.725806451612904,4.032258064516129,11.693548387096774,84.2741935483871,10.483870967741936,73.79032258064517
E00163564,303,50,16,34,253,29,224,16.5016501650165,5.2805280528052805,11.221122112211221,83.4983498349835,9.570957095709572,73.92739273927393
E00163565,289,38,17,21,251,28,223,13.148788927335639,5.88235294117647,7.26643598615917,86.85121107266436,9.688581314878892,77.16262975778547
E00163566,450,80,28,52,370,34,336,17.77777777777778,6.222222222222222,11.555555555555555,82.22222222222221,7.555555555555555,74.66666666666667
E00163567,305,41,15,26,264,30,234,13.442622950819672,4.918032786885246,8.524590163934425,86.55737704918033,9.836065573770492,76.72131147540983
E00163568,290,59,22,37,231,16,215,20.344827586206897,7.586206896551724,12.758620689655173,79.65517241379311,5.517241379310345,74.13793103448276
E00163569,328,50,13,37,278,24,254,15.24390243902439,3.9634146341463414,11.28048780487805,84.7560975609756,7.317073170731707,77.4390243902439
E00163570,278,47,16,31,231,26,205,16.906474820143885,5.755395683453238,11.151079136690647,83.09352517985612,9.352517985611511,73.7410071942446
E00163571,519,113,45,68,406,49,357,21.772639691714836,8.670520231213873,13.102119460500964,78.22736030828517,9.441233140655106,68.78612716763006
E00163573,276,54,25,29,222,21,201,19.565217391304348,9.057971014492754,10.507246376811594,80.43478260869566,7.608695652173914,72.82608695652173
E00163574,200,59,25,34,141,14,127,29.5,12.5,17,70.5,7.000000000000001,63.5
E00163576,262,36,15,21,226,17,209,13.740458015267176,5.7251908396946565,8.015267175572518,86.25954198473282,6.488549618320611,79.77099236641222
E00163577,264,64,30,34,200,20,180,24.242424242424242,11.363636363636363,12.878787878787879,75.75757575757575,7.575757575757576,68.18181818181817
E00163578,282,41,17,24,241,20,221,14.539007092198581,6.028368794326241,8.51063829787234,85.46099290780141,7.092198581560284,78.36879432624113
E00163579,301,41,14,27,260,21,239,13.621262458471762,4.651162790697675,8.970099667774086,86.37873754152824,6.976744186046512,79.40199335548172
E00163580,301,50,22,28,251,24,227,16.611295681063122,7.308970099667775,9.30232558139535,83.38870431893687,7.973421926910299,75.41528239202658
E00163581,320,44,11,33,276,27,249,13.750000000000002,3.4375000000000004,10.3125,86.25,8.4375,77.8125
E00163582,334,51,13,38,283,33,250,15.269461077844312,3.8922155688622757,11.377245508982035,84.73053892215569,9.880239520958083,74.8502994011976
E00163584,159,40,12,28,119,7,112,25.157232704402517,7.547169811320755,17.61006289308176,74.84276729559748,4.40251572327044,70.44025157232704
E00163586,313,59,24,35,254,24,230,18.849840255591054,7.667731629392971,11.182108626198083,81.15015974440894,7.667731629392971,73.48242811501598
E00163587,293,43,19,24,250,34,216,14.675767918088736,6.484641638225256,8.19112627986348,85.32423208191126,11.604095563139932,73.72013651877133
E00163588,270,42,13,29,228,26,202,15.555555555555555,4.814814814814815,10.74074074074074,84.44444444444444,9.62962962962963,74.81481481481481
E00163589,250,65,24,41,185,29,156,26,9.6,16.400000000000002,74,11.600000000000001,62.4
E00163590,214,64,28,36,150,20,130,29.906542056074763,13.084112149532709,16.822429906542055,70.09345794392523,9.345794392523365,60.747663551401864
E00163591,272,63,28,35,209,27,182,23.161764705882355,10.294117647058822,12.867647058823529,76.83823529411765,9.926470588235293,66.91176470588235
E00163592,560,80,35,45,480,55,425,14.285714285714285,6.25,8.035714285714286,85.71428571428571,9.821428571428571,75.89285714285714
E00163593,268,39,10,29,229,19,210,14.55223880597015,3.731343283582089,10.820895522388058,85.44776119402985,7.08955223880597,78.35820895522389
E00163594,278,33,7,26,245,21,224,11.870503597122301,2.5179856115107913,9.352517985611511,88.12949640287769,7.553956834532374,80.57553956834532
E00163595,298,40,13,27,258,18,240,13.422818791946309,4.3624161073825505,9.060402684563758,86.57718120805369,6.0402684563758395,80.53691275167785
E00163596,240,42,8,34,198,21,177,17.5,3.3333333333333335,14.166666666666666,82.5,8.75,73.75
E00163597,293,50,16,34,243,26,217,17.064846416382252,5.460750853242321,11.604095563139932,82.93515358361775,8.873720136518772,74.06143344709898
E00163598,306,59,28,31,247,23,224,19.28104575163399,9.15032679738562,10.130718954248366,80.71895424836602,7.516339869281046,73.20261437908496
E00163599,127,22,6,16,105,13,92,17.322834645669293,4.724409448818897,12.598425196850393,82.67716535433071,10.236220472440944,72.44094488188976
E00163600,420,74,22,52,346,41,305,17.61904761904762,5.238095238095238,12.380952380952381,82.38095238095238,9.761904761904763,72.61904761904762
E00163601,283,72,35,37,211,15,196,25.4416961130742,12.36749116607774,13.074204946996467,74.55830388692578,5.30035335689046,69.25795053003534
E00163602,233,31,9,22,202,23,179,13.304721030042918,3.862660944206009,9.44206008583691,86.69527896995707,9.871244635193133,76.82403433476395
E00163603,276,45,16,29,231,22,209,16.304347826086957,5.797101449275362,10.507246376811594,83.69565217391305,7.971014492753622,75.72463768115942
E00163604,178,36,14,22,142,9,133,20.224719101123593,7.865168539325842,12.359550561797752,79.7752808988764,5.056179775280898,74.71910112359551
E00163605,156,29,11,18,127,14,113,18.58974358974359,7.051282051282051,11.538461538461538,81.41025641025641,8.974358974358974,72.43589743589743
E00163606,294,71,20,51,223,14,209,24.149659863945576,6.802721088435375,17.346938775510203,75.85034013605441,4.761904761904762,71.08843537414967
E00163607,366,71,36,35,295,43,252,19.398907103825135,9.836065573770492,9.562841530054644,80.60109289617486,11.748633879781421,68.85245901639344
E00163608,466,54,11,43,412,28,384,11.587982832618025,2.3605150214592276,9.2274678111588,88.41201716738198,6.008583690987124,82.40343347639485
E00163609,237,42,20,22,195,29,166,17.72151898734177,8.438818565400844,9.282700421940929,82.27848101265823,12.236286919831224,70.042194092827
E00163610,317,61,22,39,256,22,234,19.242902208201894,6.940063091482649,12.302839116719243,80.7570977917981,6.940063091482649,73.81703470031546
E00163611,325,81,34,47,244,32,212,24.923076923076923,10.461538461538462,14.461538461538462,75.07692307692308,9.846153846153847,65.23076923076923
E00163612,306,63,27,36,243,28,215,20.588235294117645,8.823529411764707,11.76470588235294,79.41176470588235,9.15032679738562,70.26143790849673
E00163613,283,54,28,26,229,21,208,19.081272084805654,9.89399293286219,9.187279151943462,80.91872791519434,7.420494699646643,73.4982332155477
E00163614,286,53,18,35,233,28,205,18.53146853146853,6.293706293706294,12.237762237762238,81.46853146853147,9.79020979020979,71.67832167832168
E00163615,541,71,24,47,470,49,421,13.123844731977819,4.436229205175601,8.687615526802219,86.87615526802219,9.057301293900185,77.81885397412199
E00163616,304,50,15,35,254,30,224,16.447368421052634,4.934210526315789,11.513157894736842,83.55263157894737,9.868421052631579,73.68421052631578
E00163618,359,56,18,38,303,25,278,15.598885793871867,5.013927576601671,10.584958217270195,84.40111420612814,6.963788300835655,77.43732590529248
E00163619,362,77,29,48,285,27,258,21.2707182320442,8.011049723756907,13.259668508287293,78.72928176795581,7.458563535911603,71.27071823204419
E00163620,227,41,9,32,186,20,166,18.06167400881057,3.9647577092511015,14.096916299559473,81.93832599118943,8.81057268722467,73.12775330396477
E00163621,176,46,18,28,130,13,117,26.136363636363637,10.227272727272728,15.909090909090908,73.86363636363636,7.386363636363637,66.47727272727273
E00163622,197,29,12,17,168,11,157,14.720812182741117,6.091370558375635,8.629441624365482,85.27918781725889,5.583756345177665,79.69543147208121
E00163623,333,59,23,36,274,43,231,17.71771771771772,6.906906906906906,10.81081081081081,82.28228228228228,12.912912912912914,69.36936936936937
E00163626,145,24,7,17,121,13,108,16.551724137931036,4.827586206896552,11.724137931034482,83.44827586206897,8.96551724137931,74.48275862068967
E00163627,347,52,13,39,295,26,269,14.985590778097983,3.7463976945244957,11.239193083573488,85.01440922190201,7.492795389048991,77.52161383285303
E00163628,307,44,18,26,263,25,238,14.332247557003258,5.863192182410423,8.469055374592834,85.66775244299674,8.143322475570033,77.52442996742671
E00163629,271,40,13,27,231,27,204,14.760147601476014,4.797047970479705,9.96309963099631,85.23985239852398,9.96309963099631,75.27675276752768
E00163630,354,107,67,40,247,27,220,30.225988700564972,18.926553672316384,11.299435028248588,69.77401129943502,7.627118644067797,62.14689265536724
E00163631,315,40,12,28,275,32,243,12.698412698412698,3.8095238095238098,8.88888888888889,87.3015873015873,10.158730158730158,77.14285714285715
E00163632,121,12,1,11,109,11,98,9.917355371900827,0.8264462809917356,9.090909090909092,90.08264462809917,9.090909090909092,80.99173553719008
E00163633,413,75,34,41,338,39,299,18.159806295399516,8.232445520581114,9.927360774818402,81.84019370460048,9.443099273607748,72.39709443099274
E00163634,249,64,26,38,185,20,165,25.702811244979916,10.441767068273093,15.261044176706829,74.29718875502009,8.032128514056225,66.26506024096386
E00163635,348,68,29,39,280,32,248,19.54022988505747,8.333333333333332,11.206896551724139,80.45977011494253,9.195402298850574,71.26436781609196
E00163636,261,42,15,27,219,20,199,16.091954022988507,5.747126436781609,10.344827586206897,83.9080459770115,7.662835249042145,76.24521072796935
E00163637,308,69,28,41,239,30,209,22.4025974025974,9.090909090909092,13.311688311688311,77.59740259740259,9.740259740259742,67.85714285714286
E00163638,308,53,15,38,255,23,232,17.20779220779221,4.870129870129871,12.337662337662337,82.79220779220779,7.467532467532467,75.32467532467533
E00163639,501,82,29,53,419,44,375,16.367265469061877,5.788423153692615,10.578842315369261,83.63273453093812,8.78243512974052,74.8502994011976
E00163640,390,64,19,45,326,33,293,16.41025641025641,4.871794871794872,11.538461538461538,83.58974358974359,8.461538461538462,75.12820512820512
E00163641,338,49,15,34,289,26,263,14.497041420118343,4.437869822485207,10.059171597633137,85.50295857988166,7.6923076923076925,77.81065088757396
E00163642,278,43,9,34,235,21,214,15.467625899280577,3.237410071942446,12.23021582733813,84.53237410071942,7.553956834532374,76.97841726618705
E00163643,191,30,11,19,161,12,149,15.706806282722512,5.7591623036649215,9.947643979057592,84.29319371727748,6.282722513089005,78.01047120418848
E00163644,434,68,22,46,366,30,336,15.668202764976957,5.0691244239631335,10.599078341013826,84.33179723502305,6.912442396313365,77.41935483870968
E00163645,297,51,13,38,246,27,219,17.17171717171717,4.377104377104377,12.794612794612794,82.82828282828282,9.090909090909092,73.73737373737373
E00163647,305,52,13,39,253,28,225,17.04918032786885,4.2622950819672125,12.786885245901638,82.95081967213115,9.180327868852459,73.77049180327869
E00163649,287,57,20,37,230,18,212,19.860627177700348,6.968641114982578,12.89198606271777,80.13937282229965,6.2717770034843205,73.86759581881533
E00163650,362,71,21,50,291,32,259,19.613259668508288,5.801104972375691,13.812154696132598,80.38674033149171,8.83977900552486,71.54696132596685
E00163651,446,87,36,51,359,37,322,19.506726457399104,8.071748878923767,11.434977578475337,80.49327354260089,8.295964125560538,72.19730941704036
E00163652,270,48,17,31,222,18,204,17.77777777777778,6.296296296296296,11.481481481481481,82.22222222222221,6.666666666666667,75.55555555555556
E00163654,309,52,17,35,257,17,240,16.828478964401295,5.501618122977346,11.326860841423949,83.1715210355987,5.501618122977346,77.66990291262135
E00163655,307,44,13,31,263,22,241,14.332247557003258,4.234527687296417,10.097719869706841,85.66775244299674,7.166123778501629,78.50162866449512
E00163656,340,69,17,52,271,23,248,20.294117647058822,5,15.294117647058824,79.70588235294119,6.764705882352941,72.94117647058823
E00163657,373,64,33,31,309,25,284,17.158176943699733,8.847184986595174,8.310991957104557,82.84182305630027,6.702412868632708,76.13941018766755
E00163658,304,50,19,31,254,29,225,16.447368421052634,6.25,10.197368421052632,83.55263157894737,9.539473684210527,74.01315789473685
E00163659,349,95,56,39,254,19,235,27.22063037249284,16.045845272206304,11.174785100286533,72.77936962750717,5.444126074498568,67.3352435530086
E00163660,316,63,25,38,253,21,232,19.936708860759495,7.9113924050632916,12.025316455696203,80.0632911392405,6.6455696202531636,73.41772151898735
E00163661,301,73,42,31,228,14,214,24.25249169435216,13.953488372093023,10.299003322259136,75.74750830564784,4.651162790697675,71.09634551495017
E00163662,230,60,28,32,170,19,151,26.08695652173913,12.173913043478262,13.91304347826087,73.91304347826086,8.26086956521739,65.65217391304347
E00163663,291,48,21,27,243,27,216,16.49484536082474,7.216494845360824,9.278350515463918,83.50515463917526,9.278350515463918,74.22680412371135
E00163664,325,78,33,45,247,29,218,24,10.153846153846153,13.846153846153847,76,8.923076923076923,67.07692307692308
E00163665,372,71,27,44,301,29,272,19.086021505376344,7.258064516129033,11.827956989247312,80.91397849462365,7.795698924731183,73.11827956989248
E00163667,442,72,20,52,370,46,324,16.289592760180994,4.524886877828054,11.76470588235294,83.710407239819,10.407239819004525,73.303167420814475
E00163668,286,66,19,47,220,26,194,23.076923076923077,6.643356643356643,16.433566433566433,76.92307692307693,9.090909090909092,67.83216783216784
E00163669,350,60,19,41,290,26,264,17.142857142857142,5.428571428571429,11.714285714285715,82.85714285714286,7.428571428571429,75.42857142857143
E00163670,266,62,33,29,204,17,187,23.308270676691727,12.406015037593985,10.902255639097744,76.69172932330827,6.390977443609022,70.30075187969925
E00163671,295,48,18,30,247,32,215,16.271186440677965,6.101694915254238,10.16949152542373,83.72881355932203,10.847457627118644,72.88135593220339
E00163672,304,62,18,44,242,24,218,20.394736842105264,5.921052631578947,14.473684210526317,79.60526315789474,7.894736842105263,71.71052631578947
E00163673,288,73,27,46,215,28,187,25.34722222222222,9.375,15.972222222222221,74.65277777777779,9.722222222222223,64.93055555555556
E00163674,249,45,15,30,204,20,184,18.072289156626507,6.024096385542169,12.048192771084338,81.92771084337349,8.032128514056225,73.89558232931726
E00163675,303,62,25,37,241,23,218,20.462046204620464,8.25082508250825,12.211221122112212,79.53795379537954,7.590759075907591,71.94719471947195
E00163676,233,46,19,27,187,16,171,19.742489270386265,8.15450643776824,11.587982832618025,80.25751072961373,6.866952789699571,73.39055793991416
E00163677,249,55,27,28,194,21,173,22.08835341365462,10.843373493975903,11.244979919678714,77.91164658634538,8.433734939759036,69.47791164658635
E00163678,319,54,20,34,265,29,236,16.927899686520377,6.269592476489027,10.658307210031348,83.07210031347962,9.090909090909092,73.98119122257053
E00163679,303,67,23,44,236,36,200,22.112211221122113,7.590759075907591,14.521452145214523,77.88778877887789,11.881188118811881,66.006600660066
E00163680,304,63,22,41,241,26,215,20.723684210526315,7.236842105263158,13.486842105263158,79.27631578947368,8.552631578947368,70.72368421052632
E00163681,233,51,19,32,182,21,161,21.888412017167383,8.15450643776824,13.733905579399142,78.11158798283262,9.012875536480687,69.09871244635193
E00163682,309,47,13,34,262,21,241,15.210355987055015,4.207119741100324,11.003236245954692,84.78964401294499,6.796116504854369,77.99352750809061
E00163683,257,38,8,30,219,15,204,14.785992217898833,3.11284046692607,11.673151750972762,85.21400778210116,5.836575875486381,79.37743190661479
E00163684,260,52,13,39,208,18,190,20,5,15,80,6.923076923076923,73.07692307692307
E00163685,293,49,18,31,244,22,222,16.723549488054605,6.143344709897611,10.580204778156997,83.27645051194538,7.508532423208192,75.76791808873719
E00163686,322,65,20,45,257,24,233,20.18633540372671,6.211180124223603,13.975155279503104,79.8136645962733,7.453416149068323,72.36024844720497
E00163687,283,84,40,44,199,21,178,29.681978798586574,14.13427561837456,15.547703180212014,70.31802120141343,7.420494699646643,62.89752650176679
E00163689,323,80,26,54,243,24,219,24.76780185758514,8.04953560371517,16.718266253869967,75.23219814241486,7.430340557275541,67.80185758513932
E00163691,281,68,30,38,213,19,194,24.199288256227756,10.676156583629894,13.523131672597867,75.80071174377224,6.761565836298933,69.03914590747331
E00163692,295,45,17,28,250,19,231,15.254237288135593,5.762711864406779,9.491525423728813,84.7457627118644,6.440677966101695,78.30508474576271
E00163693,386,81,29,52,305,24,281,20.984455958549223,7.512953367875648,13.471502590673575,79.01554404145078,6.217616580310881,72.7979274611399
E00163694,472,102,41,61,370,38,332,21.610169491525426,8.686440677966102,12.923728813559322,78.38983050847457,8.050847457627118,70.33898305084746
E00163695,276,75,38,37,201,15,186,27.173913043478258,13.768115942028986,13.405797101449277,72.82608695652173,5.434782608695652,67.3913043478261
E00163696,334,52,13,39,282,32,250,15.568862275449103,3.8922155688622757,11.676646706586826,84.4311377245509,9.580838323353294,74.8502994011976
E00163697,342,53,20,33,289,40,249,15.497076023391813,5.847953216374268,9.649122807017543,84.50292397660819,11.695906432748536,72.80701754385966
E00163698,407,62,17,45,345,29,316,15.233415233415235,4.176904176904177,11.056511056511056,84.76658476658476,7.125307125307126,77.64127764127764
E00163699,350,42,14,28,308,41,267,12,4,8,88,11.714285714285715,76.28571428571429
E00163700,284,53,20,33,231,38,193,18.661971830985916,7.042253521126761,11.619718309859154,81.33802816901408,13.380281690140844,67.95774647887323
E00163701,296,41,13,28,255,20,235,13.85135135135135,4.391891891891892,9.45945945945946,86.14864864864865,6.756756756756757,79.3918918918919
E00163702,208,28,10,18,180,16,164,13.461538461538462,4.807692307692308,8.653846153846153,86.53846153846155,7.6923076923076925,78.84615384615384
E00163703,272,33,9,24,239,35,204,12.132352941176471,3.308823529411765,8.823529411764707,87.86764705882352,12.867647058823529,75
E00163704,262,57,21,36,205,18,187,21.755725190839694,8.015267175572518,13.740458015267176,78.2442748091603,6.870229007633588,71.37404580152672
E00163705,229,36,20,16,193,16,177,15.72052401746725,8.73362445414847,6.986899563318777,84.27947598253274,6.986899563318777,77.29257641921397
E00163706,327,65,25,40,262,20,242,19.877675840978593,7.64525993883792,12.232415902140673,80.1223241590214,6.116207951070336,74.00611620795107
E00163707,371,107,51,56,264,20,244,28.84097035040431,13.746630727762804,15.09433962264151,71.15902964959568,5.3908355795148255,65.76819407008087
E00163708,289,41,18,23,248,28,220,14.186851211072666,6.228373702422145,7.958477508650519,85.81314878892734,9.688581314878892,76.12456747404845
E00163709,448,107,48,59,341,20,321,23.883928571428573,10.714285714285714,13.169642857142858,76.11607142857143,4.464285714285714,71.65178571428571
E00163710,335,46,8,38,289,27,262,13.73134328358209,2.3880597014925375,11.343283582089553,86.26865671641791,8.059701492537313,78.2089552238806
E00163711,264,43,9,34,221,27,194,16.28787878787879,3.4090909090909087,12.878787878787879,83.71212121212122,10.227272727272728,73.48484848484848
E00163712,305,61,16,45,244,25,219,20,5.245901639344262,14.754098360655737,80,8.19672131147541,71.80327868852459
E00163713,360,54,19,35,306,21,285,15,5.277777777777778,9.722222222222223,85,5.833333333333333,79.16666666666666
E00163714,304,50,17,33,254,31,223,16.447368421052634,5.592105263157895,10.855263157894738,83.55263157894737,10.197368421052632,73.35526315789474
E00163715,394,98,64,34,296,27,269,24.873096446700508,16.243654822335024,8.629441624365482,75.1269035532995,6.852791878172589,68.2741116751269
E00163716,290,57,20,37,233,25,208,19.655172413793103,6.896551724137931,12.758620689655173,80.3448275862069,8.620689655172415,71.72413793103448
E00163717,290,50,14,36,240,25,215,17.24137931034483,4.827586206896552,12.413793103448276,82.75862068965517,8.620689655172415,74.13793103448276
E00163718,290,45,17,28,245,25,220,15.517241379310345,5.862068965517241,9.655172413793103,84.48275862068965,8.620689655172415,75.86206896551724
E00163719,355,85,35,50,270,23,247,23.943661971830984,9.859154929577464,14.084507042253522,76.05633802816901,6.478873239436619,69.57746478873239
E00163720,292,67,33,34,225,29,196,22.945205479452056,11.301369863013697,11.643835616438356,77.05479452054794,9.931506849315069,67.12328767123287
E00163721,417,122,67,55,295,32,263,29.256594724220626,16.06714628297362,13.189448441247004,70.74340527577938,7.673860911270983,63.06954436450839
E00163722,419,135,61,74,284,19,265,32.21957040572792,14.558472553699284,17.66109785202864,67.78042959427208,4.534606205250596,63.24582338902148
E00163723,293,55,16,39,238,28,210,18.771331058020476,5.460750853242321,13.310580204778159,81.22866894197952,9.556313993174061,71.67235494880546
E00163724,274,58,25,33,216,19,197,21.16788321167883,9.124087591240876,12.043795620437956,78.83211678832117,6.934306569343065,71.8978102189781
E00163727,284,61,18,43,223,27,196,21.47887323943662,6.338028169014084,15.140845070422534,78.52112676056338,9.507042253521126,69.01408450704226
E00163728,288,57,22,35,231,17,214,19.791666666666664,7.638888888888889,12.152777777777777,80.20833333333334,5.902777777777778,74.30555555555556
E00163729,481,63,21,42,418,26,392,13.097713097713099,4.365904365904366,8.731808731808732,86.9022869022869,5.405405405405405,81.4968814968815
E00163731,305,73,28,45,232,30,202,23.934426229508198,9.180327868852459,14.754098360655737,76.0655737704918,9.836065573770492,66.22950819672131
E00163733,240,66,33,33,174,19,155,27.500000000000004,13.750000000000002,13.750000000000002,72.5,7.916666666666666,64.58333333333334
E00163734,261,41,15,26,220,28,192,15.708812260536398,5.747126436781609,9.961685823754788,84.2911877394636,10.727969348659004,73.5632183908046
E00163736,270,55,17,38,215,33,182,20.37037037037037,6.296296296296296,14.074074074074074,79.62962962962963,12.222222222222221,67.4074074074074
E00163737,283,43,15,28,240,28,212,15.19434628975265,5.30035335689046,9.89399293286219,84.80565371024736,9.89399293286219,74.91166077738515
E00163738,328,59,27,32,269,29,240,17.98780487804878,8.231707317073171,9.75609756097561,82.01219512195121,8.841463414634147,73.17073170731707
E00163739,305,45,22,23,260,16,244,14.754098360655737,7.213114754098362,7.540983606557377,85.24590163934425,5.245901639344262,80
E00163740,312,43,11,32,269,26,243,13.782051282051283,3.5256410256410255,10.256410256410255,86.21794871794873,8.333333333333332,77.88461538461539
E00163741,236,89,59,30,147,19,128,37.71186440677966,25,12.711864406779661,62.28813559322034,8.050847457627118,54.23728813559322
E00163742,278,46,21,25,232,13,219,16.546762589928058,7.553956834532374,8.992805755395683,83.45323741007195,4.676258992805756,78.77697841726618
E00163743,258,41,13,28,217,17,200,15.891472868217054,5.038759689922481,10.852713178294573,84.10852713178295,6.5891472868217065,77.51937984496125
E00163744,342,88,44,44,254,25,229,25.730994152046783,12.865497076023392,12.865497076023392,74.26900584795322,7.309941520467836,66.95906432748538
E00163745,340,43,14,29,297,23,274,12.647058823529411,4.117647058823529,8.529411764705882,87.3529411764706,6.764705882352941,80.58823529411765
E00163746,249,51,17,34,198,27,171,20.481927710843372,6.827309236947792,13.654618473895583,79.51807228915662,10.843373493975903,68.67469879518072
E00163747,259,47,16,31,212,19,193,18.146718146718147,6.177606177606178,11.96911196911197,81.85328185328186,7.335907335907336,74.5173745173745
E00163748,462,24,9,15,438,17,421,5.194805194805195,1.948051948051948,3.2467532467532463,94.8051948051948,3.67965367965368,91.12554112554112
E00163749,262,33,8,25,229,14,215,12.595419847328243,3.0534351145038165,9.541984732824428,87.40458015267176,5.343511450381679,82.06106870229007
E00163750,203,36,14,22,167,17,150,17.733990147783253,6.896551724137931,10.83743842364532,82.26600985221675,8.374384236453201,73.89162561576354
E00163751,227,17,6,11,210,11,199,7.488986784140969,2.643171806167401,4.845814977973569,92.51101321585902,4.845814977973569,87.66519823788546
E00163752,260,50,22,28,210,25,185,19.230769230769234,8.461538461538462,10.76923076923077,80.76923076923077,9.615384615384617,71.15384615384616
E00163753,348,62,15,47,286,38,248,17.81609195402299,4.310344827586207,13.505747126436782,82.18390804597702,10.919540229885058,71.26436781609196
E00163754,358,32,3,29,326,11,315,8.938547486033519,0.8379888268156425,8.100558659217876,91.06145251396647,3.072625698324022,87.98882681564247
E00163755,276,55,19,36,221,20,201,19.92753623188406,6.884057971014493,13.043478260869565,80.07246376811594,7.246376811594203,72.82608695652173
E00163756,285,82,34,48,203,18,185,28.771929824561404,11.929824561403509,16.842105263157894,71.2280701754386,6.315789473684211,64.91228070175438
E00163757,270,65,25,40,205,23,182,24.074074074074073,9.25925925925926,14.814814814814813,75.92592592592592,8.518518518518519,67.4074074074074
E00163758,311,83,40,43,228,25,203,26.688102893890676,12.861736334405144,13.826366559485532,73.31189710610933,8.038585209003216,65.27331189710611
E00163759,288,69,28,41,219,24,195,23.958333333333336,9.722222222222223,14.23611111111111,76.04166666666666,8.333333333333332,67.70833333333334
E00163760,139,37,18,19,102,9,93,26.618705035971225,12.949640287769784,13.66906474820144,73.38129496402878,6.474820143884892,66.90647482014388
E00163761,542,82,31,51,460,26,434,15.129151291512915,5.719557195571956,9.40959409594096,84.87084870848709,4.797047970479705,80.07380073800738
E00163762,259,53,17,36,206,26,180,20.463320463320464,6.563706563706563,13.8996138996139,79.53667953667953,10.038610038610038,69.4980694980695
E00163763,312,53,22,31,259,18,241,16.98717948717949,7.051282051282051,9.935897435897436,83.01282051282051,5.769230769230769,77.24358974358975
E00163764,291,58,27,31,233,27,206,19.93127147766323,9.278350515463918,10.652920962199312,80.06872852233677,9.278350515463918,70.79037800687286
E00163765,249,49,18,31,200,16,184,19.67871485943775,7.228915662650602,12.449799196787147,80.32128514056225,6.425702811244979,73.89558232931726
E00163766,309,58,19,39,251,25,226,18.77022653721683,6.148867313915858,12.62135922330097,81.22977346278317,8.090614886731391,73.13915857605178
E00163767,270,52,17,35,218,28,190,19.25925925925926,6.296296296296296,12.962962962962962,80.74074074074075,10.37037037037037,70.37037037037037
E00163768,267,45,14,31,222,26,196,16.853932584269664,5.2434456928838955,11.610486891385769,83.14606741573034,9.737827715355806,73.40823970037454
E00163769,332,42,18,24,290,35,255,12.650602409638553,5.421686746987952,7.228915662650602,87.34939759036145,10.542168674698797,76.80722891566265
E00163770,333,69,29,40,264,24,240,20.72072072072072,8.708708708708707,12.012012012012011,79.27927927927928,7.207207207207207,72.07207207207207
E00163771,472,165,73,92,307,38,269,34.95762711864407,15.466101694915254,19.491525423728813,65.04237288135593,8.050847457627118,56.99152542372882
E00163772,260,59,20,39,201,26,175,22.692307692307693,7.6923076923076925,15,77.3076923076923,10,67.3076923076923
E00163773,335,86,38,48,249,16,233,25.671641791044774,11.343283582089553,14.328358208955224,74.32835820895522,4.776119402985075,69.55223880597015
E00163774,332,74,29,45,258,30,228,22.289156626506024,8.734939759036145,13.55421686746988,77.71084337349397,9.036144578313253,68.67469879518072
E00163775,318,54,16,38,264,27,237,16.9811320754717,5.031446540880504,11.949685534591195,83.01886792452831,8.49056603773585,74.52830188679245
E00163776,240,58,27,31,182,20,162,24.166666666666668,11.25,12.916666666666668,75.83333333333333,8.333333333333332,67.5
E00163777,298,72,26,46,226,24,202,24.161073825503358,8.724832214765101,15.436241610738255,75.83892617449665,8.053691275167784,67.78523489932886
E00163778,288,46,15,31,242,29,213,15.972222222222221,5.208333333333334,10.76388888888889,84.02777777777779,10.069444444444445,73.95833333333334
E00163779,253,40,14,26,213,29,184,15.810276679841898,5.533596837944664,10.276679841897234,84.18972332015811,11.462450592885375,72.72727272727273
E00163780,225,62,34,28,163,19,144,27.555555555555557,15.11111111111111,12.444444444444445,72.44444444444444,8.444444444444445,64
E00163781,300,84,32,52,216,21,195,28.000000000000004,10.666666666666668,17.333333333333336,72,7.000000000000001,65
E00163782,242,48,23,25,194,27,167,19.834710743801654,9.50413223140496,10.330578512396695,80.16528925619835,11.15702479338843,69.00826446280992
E00163784,247,56,24,32,191,15,176,22.672064777327936,9.7165991902834,12.955465587044534,77.32793522267207,6.0728744939271255,71.25506072874494
E00163785,259,45,12,33,214,27,187,17.374517374517374,4.633204633204633,12.741312741312742,82.62548262548263,10.424710424710424,72.2007722007722
E00163786,327,65,21,44,262,33,229,19.877675840978593,6.422018348623854,13.455657492354739,80.1223241590214,10.091743119266056,70.03058103975535
E00163787,319,45,20,25,274,22,252,14.106583072100312,6.269592476489027,7.836990595611286,85.8934169278997,6.896551724137931,78.99686520376176
E00163788,218,45,19,26,173,13,160,20.642201834862387,8.715596330275229,11.926605504587156,79.35779816513761,5.963302752293578,73.39449541284404
E00163789,342,65,20,45,277,30,247,19.005847953216374,5.847953216374268,13.157894736842104,80.99415204678363,8.771929824561402,72.22222222222221
E00163790,251,57,22,35,194,24,170,22.709163346613543,8.764940239043826,13.94422310756972,77.29083665338645,9.56175298804781,67.729083665338635
E00163791,469,84,22,62,385,40,345,17.91044776119403,4.690831556503198,13.219616204690832,82.08955223880598,8.528784648187633,73.56076759061834
E00163792,302,46,13,33,256,30,226,15.2317880794702,4.304635761589404,10.927152317880795,84.76821192052981,9.933774834437086,74.83443708609272
E00163793,297,60,23,37,237,19,218,20.2020202020202,7.744107744107744,12.457912457912458,79.7979797979798,6.397306397306397,73.4006734006734
E00163794,279,61,24,37,218,31,187,21.863799283154123,8.60215053763441,13.261648745519713,78.13620071684588,11.11111111111111,67.02508960573476
E00163795,257,57,21,36,200,29,171,22.17898832684825,8.171206225680933,14.007782101167315,77.82101167315176,11.284046692607005,66.53696498054474
E00163796,321,50,16,34,271,27,244,15.57632398753894,4.984423676012461,10.59190031152648,84.42367601246106,8.411214953271028,76.01246105919003
E00163797,376,59,19,40,317,28,289,15.691489361702127,5.053191489361701,10.638297872340425,84.30851063829788,7.446808510638298,76.86170212765957
E00163798,270,75,33,42,195,14,181,27.77777777777778,12.222222222222221,15.555555555555555,72.22222222222221,5.185185185185185,67.03703703703704
E00163799,260,38,14,24,222,19,203,14.615384615384617,5.384615384615385,9.230769230769232,85.38461538461539,7.307692307692308,78.07692307692308
E00163800,322,47,17,30,275,38,237,14.596273291925465,5.279503105590062,9.316770186335404,85.40372670807453,11.801242236024844,73.6024844720497
E00163801,371,59,22,37,312,25,287,15.902964959568733,5.929919137466308,9.973045822102426,84.09703504043127,6.738544474393531,77.35849056603774
E00163802,359,41,13,28,318,28,290,11.420612813370473,3.6211699164345403,7.7994428969359335,88.57938718662952,7.7994428969359335,80.77994428969359
E00163803,331,97,32,65,234,18,216,29.305135951661633,9.667673716012084,19.637462235649547,70.69486404833837,5.438066465256798,65.25679758308158
E00163805,342,56,22,34,286,33,253,16.374269005847953,6.432748538011696,9.941520467836257,83.62573099415205,9.649122807017543,73.9766081871345
E00163806,193,82,44,38,111,13,98,42.487046632124354,22.797927461139896,19.689119170984455,57.51295336787565,6.7357512953367875,50.77720207253886
E00163807,506,120,45,75,386,40,346,23.715415019762844,8.893280632411066,14.82213438735178,76.28458498023716,7.905138339920949,68.37944664031622
E00163809,316,63,20,43,253,24,229,19.936708860759495,6.329113924050633,13.60759493670886,80.0632911392405,7.59493670886076,72.46835443037975
E00163810,278,68,28,40,210,25,185,24.46043165467626,10.071942446043165,14.388489208633093,75.53956834532374,8.992805755395683,66.54676258992805
E00163811,335,71,24,47,264,20,244,21.19402985074627,7.164179104477612,14.029850746268657,78.80597014925374,5.970149253731343,72.83582089552239
E00163812,212,59,22,37,153,23,130,27.830188679245282,10.377358490566039,17.452830188679243,72.16981132075472,10.849056603773585,61.32075471698113
E00163813,366,79,34,45,287,26,261,21.584699453551913,9.289617486338798,12.295081967213115,78.41530054644808,7.103825136612022,71.31147540983606
E00163814,342,65,28,37,277,23,254,19.005847953216374,8.187134502923977,10.818713450292398,80.99415204678363,6.725146198830409,74.26900584795322
E00163815,424,119,64,55,305,16,289,28.066037735849058,15.09433962264151,12.971698113207546,71.93396226415094,3.7735849056603774,68.16037735849056
E00163816,351,99,46,53,252,27,225,28.205128205128204,13.105413105413104,15.0997150997151,71.7948717948718,7.6923076923076925,64.1025641025641
E00163817,309,64,26,38,245,21,224,20.711974110032365,8.414239482200648,12.297734627831716,79.28802588996764,6.796116504854369,72.49190938511327
E00163818,329,75,35,40,254,30,224,22.796352583586625,10.638297872340425,12.158054711246201,77.20364741641338,9.118541033434651,68.08510638297872
E00163819,417,61,20,41,356,48,308,14.628297362110313,4.796163069544365,9.832134292565947,85.37170263788968,11.510791366906476,73.86091127098321
E00163821,305,52,15,37,253,16,237,17.04918032786885,4.918032786885246,12.131147540983607,82.95081967213115,5.245901639344262,77.70491803278688
E00163822,234,39,16,23,195,17,178,16.666666666666664,6.837606837606838,9.82905982905983,83.33333333333334,7.264957264957266,76.06837606837607
E00163824,283,33,6,27,250,17,233,11.66077738515901,2.1201413427561837,9.540636042402827,88.33922261484098,6.007067137809187,82.3321554770318
E00163825,385,52,18,34,333,37,296,13.506493506493506,4.675324675324675,8.831168831168831,86.49350649350649,9.61038961038961,76.88311688311688
E00163826,221,38,8,30,183,22,161,17.194570135746606,3.619909502262444,13.574660633484163,82.80542986425338,9.95475113122172,72.85067873303167
E00163827,332,41,16,25,291,27,264,12.349397590361445,4.819277108433735,7.530120481927711,87.65060240963855,8.132530120481928,79.51807228915662
E00163828,200,41,13,28,159,15,144,20.5,6.5,14.000000000000002,79.5,7.5,72
E00163829,291,76,24,52,215,27,188,26.11683848797251,8.24742268041237,17.869415807560138,73.8831615120275,9.278350515463918,64.60481099656357
E00163830,361,68,28,40,293,18,275,18.83656509695291,7.756232686980609,11.080332409972298,81.16343490304709,4.986149584487535,76.17728531855957
E00163831,489,66,21,45,423,47,376,13.496932515337424,4.294478527607362,9.202453987730062,86.50306748466258,9.611451942740286,76.89161554192229
E00163832,287,62,24,38,225,35,190,21.602787456445995,8.362369337979095,13.240418118466899,78.397212543554,12.195121951219512,66.2020905923345
E00163833,288,60,15,45,228,15,213,20.833333333333336,5.208333333333334,15.625,79.16666666666666,5.208333333333334,73.95833333333334
E00163834,280,60,19,41,220,28,192,21.428571428571427,6.785714285714286,14.642857142857144,78.57142857142857,10,68.57142857142857
E00163835,386,85,30,55,301,30,271,22.020725388601036,7.772020725388601,14.248704663212436,77.97927461139896,7.772020725388601,70.20725388601036
E00163836,289,81,41,40,208,20,188,28.027681660899656,14.186851211072666,13.84083044982699,71.97231833910035,6.920415224913495,65.05190311418684
E00163837,369,52,16,36,317,31,286,14.092140921409213,4.336043360433604,9.75609756097561,85.90785907859079,8.401084010840108,77.50677506775068
E00163839,222,50,22,28,172,23,149,22.52252252252252,9.90990990990991,12.612612612612612,77.47747747747748,10.36036036036036,67.11711711711712
E00163840,440,71,27,44,369,40,329,16.136363636363637,6.136363636363637,10,83.86363636363636,9.090909090909092,74.77272727272727
E00166334,313,54,28,26,259,25,234,17.252396166134183,8.945686900958465,8.30670926517572,82.74760383386581,7.987220447284344,74.76038338658148
E00166335,196,42,14,28,154,16,138,21.428571428571427,7.142857142857142,14.285714285714285,78.57142857142857,8.16326530612245,70.40816326530613
E00166336,201,32,10,22,169,12,157,15.92039800995025,4.975124378109453,10.945273631840797,84.07960199004975,5.970149253731343,78.1094527363184
E00166337,329,50,12,38,279,28,251,15.19756838905775,3.64741641337386,11.55015197568389,84.80243161094225,8.51063829787234,76.29179331306992
E00166338,207,30,7,23,177,17,160,14.492753623188406,3.3816425120772946,11.11111111111111,85.5072463768116,8.212560386473431,77.29468599033817
E00166339,294,38,16,22,256,27,229,12.925170068027212,5.442176870748299,7.482993197278912,87.07482993197279,9.183673469387756,77.89115646258503
E00166340,215,41,19,22,174,13,161,19.069767441860467,8.837209302325581,10.232558139534884,80.93023255813954,6.046511627906977,74.88372093023256
E00166341,297,49,22,27,248,21,227,16.4983164983165,7.4074074074074066,9.090909090909092,83.5016835016835,7.07070707070707,76.43097643097643
E00166342,261,42,10,32,219,23,196,16.091954022988507,3.8314176245210727,12.260536398467432,83.9080459770115,8.812260536398467,75.09578544061303
E00166343,273,49,12,37,224,28,196,17.94871794871795,4.395604395604396,13.553113553113553,82.05128205128204,10.256410256410255,71.7948717948718
E00166344,397,95,40,55,302,36,266,23.929471032745592,10.075566750629724,13.85390428211587,76.0705289672544,9.06801007556675,67.00251889168766
E00166345,280,38,13,25,242,21,221,13.571428571428571,4.642857142857143,8.928571428571429,86.42857142857143,7.5,78.92857142857143
E00166346,271,38,12,26,233,35,198,14.022140221402212,4.428044280442804,9.59409594095941,85.97785977859779,12.915129151291513,73.06273062730627
E00166347,291,51,17,34,240,34,206,17.525773195876287,5.841924398625429,11.683848797250858,82.4742268041237,11.683848797250858,70.79037800687286
E00166348,299,57,20,37,242,16,226,19.063545150501675,6.688963210702341,12.37458193979933,80.93645484949833,5.351170568561873,75.58528428093646
E00166349,162,16,5,11,146,16,130,9.876543209876543,3.0864197530864197,6.790123456790123,90.12345679012346,9.876543209876543,80.24691358024691
E00166350,110,23,9,14,87,16,71,20.909090909090907,8.181818181818182,12.727272727272727,79.0909090909091,14.545454545454545,64.54545454545455
E00166351,364,50,11,39,314,38,276,13.736263736263737,3.021978021978022,10.714285714285714,86.26373626373626,10.43956043956044,75.82417582417582
E00166352,210,74,37,37,136,14,122,35.23809523809524,17.61904761904762,17.61904761904762,64.76190476190476,6.666666666666667,58.0952380952381
E00166353,299,30,9,21,269,30,239,10.033444816053512,3.0100334448160537,7.023411371237458,89.96655518394648,10.033444816053512,79.93311036789298
E00166354,226,26,8,18,200,19,181,11.504424778761061,3.5398230088495577,7.964601769911504,88.49557522123894,8.4070796460177,80.08849557522124
E00166355,333,36,11,25,297,36,261,10.81081081081081,3.303303303303303,7.5075075075075075,89.1891891891892,10.81081081081081,78.37837837837837
E00166356,271,31,11,20,240,25,215,11.439114391143912,4.059040590405904,7.380073800738007,88.56088560885608,9.22509225092251,79.33579335793358
E00166357,264,41,13,28,223,27,196,15.530303030303031,4.924242424242424,10.606060606060606,84.46969696969697,10.227272727272728,74.24242424242425
E00166358,298,35,11,24,263,42,221,11.74496644295302,3.691275167785235,8.053691275167784,88.25503355704699,14.093959731543624,74.16107382550335
E00166359,376,47,16,31,329,35,294,12.5,4.25531914893617,8.24468085106383,87.5,9.308510638297872,78.19148936170212
E00166360,283,48,20,28,235,22,213,16.96113074204947,7.06713780918728,9.89399293286219,83.03886925795054,7.773851590106007,75.26501766784452
E00166361,259,37,15,22,222,23,199,14.285714285714285,5.7915057915057915,8.494208494208493,85.71428571428571,8.880308880308881,76.83397683397683
E00166362,239,38,15,23,201,13,188,15.899581589958158,6.2761506276150625,9.623430962343097,84.10041841004184,5.439330543933055,78.66108786610879
E00166363,321,45,14,31,276,36,240,14.018691588785046,4.361370716510903,9.657320872274143,85.98130841121495,11.214953271028037,74.76635514018692
E00166364,318,67,22,45,251,27,224,21.069182389937108,6.918238993710692,14.150943396226415,78.9308176100629,8.49056603773585,70.44025157232704
E00166365,293,51,10,41,242,32,210,17.4061433447099,3.4129692832764507,13.993174061433447,82.5938566552901,10.921501706484642,71.67235494880546
E00166366,257,64,29,35,193,20,173,24.90272373540856,11.284046692607005,13.618677042801556,75.09727626459144,7.782101167315175,67.31517509727627
E00166367,339,43,13,30,296,33,263,12.684365781710916,3.8348082595870205,8.849557522123893,87.31563421828909,9.734513274336283,77.5811209439528
E00166368,289,33,7,26,256,29,227,11.418685121107266,2.422145328719723,8.996539792387544,88.58131487889274,10.034602076124568,78.54671280276817
E00166369,321,37,8,29,284,30,254,11.526479750778815,2.4922118380062304,9.034267912772584,88.47352024922118,9.345794392523365,79.12772585669782
E00166370,237,42,17,25,195,27,168,17.72151898734177,7.172995780590717,10.548523206751055,82.27848101265823,11.39240506329114,70.88607594936708
E00166371,280,40,15,25,240,32,208,14.285714285714285,5.357142857142857,8.928571428571429,85.71428571428571,11.428571428571429,74.28571428571429
E00166372,266,35,13,22,231,28,203,13.157894736842104,4.887218045112782,8.270676691729323,86.8421052631579,10.526315789473683,76.31578947368422
E00166373,224,38,15,23,186,23,163,16.964285714285715,6.696428571428571,10.267857142857142,83.03571428571429,10.267857142857142,72.76785714285714
E00166374,268,42,13,29,226,18,208,15.671641791044777,4.850746268656716,10.820895522388058,84.32835820895522,6.7164179104477615,77.61194029850746
E00166375,292,90,26,64,202,16,186,30.82191780821918,8.904109589041095,21.91780821917808,69.17808219178082,5.47945205479452,63.6986301369863
E00166376,311,57,24,33,254,24,230,18.327974276527332,7.717041800643088,10.610932475884244,81.67202572347267,7.717041800643088,73.95498392282958
E00166377,258,36,14,22,222,21,201,13.953488372093023,5.426356589147287,8.527131782945736,86.04651162790698,8.13953488372093,77.90697674418605
E00166378,272,43,16,27,229,19,210,15.808823529411764,5.88235294117647,9.926470588235293,84.19117647058823,6.985294117647059,77.20588235294117
E00166379,348,62,29,33,286,19,267,17.81609195402299,8.333333333333332,9.482758620689655,82.18390804597702,5.459770114942529,76.72413793103449
E00166380,216,54,18,36,162,22,140,25,8.333333333333332,16.666666666666664,75,10.185185185185185,64.81481481481481
E00166381,1133,75,8,67,1058,63,995,6.619593998234776,0.706090026478376,5.913503971756398,93.38040600176522,5.560458958517211,87.81994704324802
E00166382,148,23,9,14,125,7,118,15.54054054054054,6.081081081081082,9.45945945945946,84.45945945945947,4.72972972972973,79.72972972972973
E00166385,382,73,33,40,309,37,272,19.10994764397906,8.638743455497382,10.471204188481675,80.89005235602095,9.68586387434555,71.20418848167539
E00166386,198,44,23,21,154,14,140,22.22222222222222,11.616161616161616,10.606060606060606,77.77777777777779,7.07070707070707,70.70707070707071
E00166387,168,33,11,22,135,12,123,19.642857142857142,6.547619047619048,13.095238095238097,80.35714285714286,7.142857142857142,73.21428571428571
E00166388,303,33,11,22,270,26,244,10.891089108910892,3.6303630363036308,7.2607260726072615,89.10891089108911,8.58085808580858,80.52805280528052
E00166390,267,33,12,21,234,17,217,12.359550561797752,4.49438202247191,7.865168539325842,87.64044943820225,6.367041198501873,81.27340823970037
E00166391,512,91,41,50,421,42,379,17.7734375,8.0078125,9.765625,82.2265625,8.203125,74.0234375
E00166392,410,46,8,38,364,45,319,11.219512195121952,1.951219512195122,9.268292682926829,88.78048780487805,10.975609756097562,77.8048780487805
E00166393,324,32,10,22,292,27,265,9.876543209876543,3.0864197530864197,6.790123456790123,90.12345679012346,8.333333333333332,81.79012345679013
E00166395,327,40,14,26,287,19,268,12.232415902140673,4.281345565749235,7.951070336391437,87.76758409785933,5.81039755351682,81.9571865443425
E00166396,201,39,18,21,162,16,146,19.402985074626866,8.955223880597014,10.44776119402985,80.59701492537313,7.960199004975125,72.636815920398
E00166397,362,75,31,44,287,26,261,20.718232044198896,8.56353591160221,12.154696132596685,79.28176795580112,7.18232044198895,72.09944751381215
E00166398,283,48,14,34,235,31,204,16.96113074204947,4.946996466431095,12.014134275618375,83.03886925795054,10.954063604240282,72.08480565371025
E00166399,307,62,27,35,245,16,229,20.195439739413683,8.794788273615636,11.400651465798045,79.80456026058633,5.211726384364821,74.5928338762215
E00166400,232,48,16,32,184,27,157,20.689655172413794,6.896551724137931,13.793103448275861,79.3103448275862,11.637931034482758,67.67241379310344
E00166401,218,50,18,32,168,21,147,22.93577981651376,8.256880733944955,14.678899082568808,77.06422018348624,9.63302752293578,67.43119266055045
E00166402,315,49,18,31,266,28,238,15.555555555555555,5.714285714285714,9.841269841269842,84.44444444444444,8.88888888888889,75.55555555555556
E00166403,403,76,28,48,327,23,304,18.858560794044664,6.9478908188585615,11.910669975186105,81.14143920595534,5.707196029776675,75.43424317617865
E00166404,218,30,7,23,188,18,170,13.761467889908257,3.211009174311927,10.550458715596331,86.23853211009175,8.256880733944955,77.98165137614679
E00166405,294,43,16,27,251,23,228,14.625850340136054,5.442176870748299,9.183673469387756,85.37414965986395,7.8231292517006805,77.55102040816327
E00166406,407,41,13,28,366,27,339,10.073710073710075,3.194103194103194,6.87960687960688,89.92628992628993,6.6339066339066335,83.29238329238329
E00166407,622,88,34,54,534,56,478,14.14790996784566,5.466237942122187,8.681672025723474,85.85209003215434,9.003215434083602,76.84887459807074
E00166408,229,35,10,25,194,30,164,15.283842794759824,4.366812227074235,10.91703056768559,84.71615720524017,13.100436681222707,71.61572052401746
E00166409,339,66,18,48,273,35,238,19.469026548672566,5.3097345132743365,14.15929203539823,80.53097345132744,10.32448377581121,70.20648967551622
E00166410,323,47,12,35,276,29,247,14.551083591331269,3.7151702786377707,10.8359133126935,85.44891640866872,8.978328173374612,76.47058823529412
E00166411,333,36,11,25,297,29,268,10.81081081081081,3.303303303303303,7.5075075075075075,89.1891891891892,8.708708708708707,80.48048048048048
E00166412,339,39,11,28,300,20,280,11.504424778761061,3.2448377581120944,8.259587020648967,88.49557522123894,5.899705014749262,82.59587020648968
E00166413,205,26,10,16,179,11,168,12.682926829268293,4.878048780487805,7.804878048780488,87.3170731707317,5.365853658536586,81.95121951219512
E00166415,318,46,14,32,272,29,243,14.465408805031446,4.40251572327044,10.062893081761008,85.53459119496856,9.119496855345911,76.41509433962264
E00166416,324,44,15,29,280,12,268,13.580246913580247,4.62962962962963,8.950617283950617,86.41975308641975,3.7037037037037033,82.71604938271605
E00166417,242,38,20,18,204,21,183,15.702479338842975,8.264462809917356,7.43801652892562,84.29752066115702,8.677685950413224,75.6198347107438
E00166419,267,16,4,12,251,9,242,5.992509363295881,1.4981273408239701,4.49438202247191,94.00749063670412,3.3707865168539324,90.63670411985018
E00166420,222,14,7,7,208,10,198,6.306306306306306,3.153153153153153,3.153153153153153,93.69369369369369,4.504504504504505,89.1891891891892
E00166421,201,12,2,10,189,12,177,5.970149253731343,0.9950248756218906,4.975124378109453,94.02985074626866,5.970149253731343,88.05970149253731
E00166422,207,21,9,12,186,6,180,10.144927536231885,4.3478260869565215,5.797101449275362,89.85507246376811,2.898550724637681,86.95652173913044
E00166424,813,22,5,17,791,20,771,2.706027060270603,0.6150061500615006,2.091020910209102,97.2939729397294,2.4600246002460024,94.8339483394834
E00166425,171,10,4,6,161,5,156,5.847953216374268,2.3391812865497075,3.508771929824561,94.15204678362574,2.923976608187134,91.22807017543859
E00166427,209,12,1,11,197,6,191,5.741626794258373,0.4784688995215311,5.263157894736842,94.25837320574163,2.8708133971291865,91.38755980861244
E00166430,173,11,1,10,162,11,151,6.358381502890173,0.5780346820809248,5.780346820809249,93.64161849710982,6.358381502890173,87.28323699421965
E00166431,316,22,4,18,294,8,286,6.962025316455696,1.2658227848101267,5.69620253164557,93.0379746835443,2.5316455696202533,90.50632911392405
E00166432,552,46,11,35,506,39,467,8.333333333333332,1.9927536231884055,6.340579710144928,91.66666666666666,7.065217391304348,84.60144927536231
E00166433,328,15,4,11,313,21,292,4.573170731707317,1.2195121951219512,3.353658536585366,95.42682926829268,6.402439024390244,89.02439024390245
E00166434,141,35,14,21,106,7,99,24.822695035460992,9.929078014184398,14.893617021276595,75.177304964539,4.964539007092199,70.2127659574468
E00166435,226,46,10,36,180,20,160,20.353982300884958,4.424778761061947,15.929203539823009,79.64601769911505,8.849557522123893,70.79646017699115
E00166436,447,60,20,40,387,54,333,13.422818791946309,4.47427293064877,8.94854586129754,86.57718120805369,12.080536912751679,74.49664429530202
E00166437,254,55,22,33,199,27,172,21.653543307086615,8.661417322834646,12.992125984251967,78.34645669291339,10.62992125984252,67.71653543307087
E00166438,221,59,18,41,162,18,144,26.69683257918552,8.144796380090497,18.552036199095024,73.303167420814475,8.144796380090497,65.15837104072398
E00166439,234,13,6,7,221,10,211,5.555555555555555,2.564102564102564,2.9914529914529915,94.44444444444444,4.273504273504273,90.17094017094017
E00166440,204,17,1,16,187,16,171,8.333333333333332,0.49019607843137253,7.8431372549019605,91.66666666666666,7.8431372549019605,83.82352941176471
E00166441,333,38,9,29,295,23,272,11.411411411411411,2.7027027027027026,8.708708708708707,88.58858858858859,6.906906906906906,81.68168168168168
E00166442,288,38,14,24,250,20,230,13.194444444444445,4.861111111111112,8.333333333333332,86.80555555555556,6.944444444444445,79.86111111111111
E00166443,347,41,10,31,306,37,269,11.815561959654179,2.881844380403458,8.93371757925072,88.18443804034582,10.662824207492795,77.52161383285303
E00166444,224,43,20,23,181,23,158,19.196428571428573,8.928571428571429,10.267857142857142,80.80357142857143,10.267857142857142,70.53571428571429
E00166445,338,69,35,34,269,20,249,20.414201183431953,10.355029585798817,10.059171597633137,79.58579881656804,5.9171597633136095,73.66863905325444
E00166446,226,30,11,19,196,18,178,13.274336283185843,4.867256637168142,8.4070796460177,86.72566371681415,7.964601769911504,78.76106194690266
E00166448,248,29,6,23,219,26,193,11.693548387096774,2.4193548387096775,9.274193548387096,88.30645161290323,10.483870967741936,77.82258064516128
E00166449,289,61,22,39,228,15,213,21.10726643598616,7.612456747404845,13.494809688581316,78.89273356401384,5.190311418685121,73.70242214532871
E00166452,475,80,21,59,395,43,352,16.842105263157894,4.421052631578947,12.421052631578949,83.15789473684211,9.05263157894737,74.10526315789474
E00166453,614,80,29,51,534,56,478,13.029315960912053,4.723127035830619,8.306188925081432,86.97068403908796,9.120521172638437,77.85016286644951
E00166454,330,49,13,36,281,32,249,14.84848484848485,3.939393939393939,10.909090909090908,85.15151515151516,9.696969696969697,75.45454545454545
E00166455,368,44,13,31,324,32,292,11.956521739130435,3.532608695652174,8.423913043478262,88.04347826086956,8.695652173913043,79.34782608695652
E00166456,365,53,15,38,312,35,277,14.520547945205479,4.10958904109589,10.41095890410959,85.47945205479452,9.58904109589041,75.89041095890411
E00166457,134,18,6,12,116,10,106,13.432835820895523,4.477611940298507,8.955223880597014,86.56716417910447,7.462686567164178,79.1044776119403
E00166459,279,45,16,29,234,20,214,16.129032258064516,5.734767025089606,10.39426523297491,83.87096774193549,7.168458781362006,76.70250896057348
E00166460,137,24,6,18,113,10,103,17.51824817518248,4.37956204379562,13.138686131386862,82.48175182481752,7.2992700729927,75.18248175182481
E00166461,303,33,8,25,270,32,238,10.891089108910892,2.6402640264026402,8.25082508250825,89.10891089108911,10.561056105610561,78.54785478547855
E00166463,301,39,11,28,262,15,247,12.956810631229235,3.6544850498338874,9.30232558139535,87.04318936877077,4.983388704318937,82.05980066445183
E00166464,411,68,23,45,343,40,303,16.54501216545012,5.59610705596107,10.948905109489052,83.45498783454988,9.732360097323602,73.72262773722628
E00166465,401,79,23,56,322,35,287,19.70074812967581,5.7356608478802995,13.96508728179551,80.29925187032418,8.728179551122196,71.571072319202
E00184140,121,8,4,4,113,6,107,6.6115702479338845,3.3057851239669422,3.3057851239669422,93.38842975206612,4.958677685950414,88.42975206611571
E00184141,840,40,5,35,800,13,787,4.761904761904762,0.5952380952380952,4.166666666666666,95.23809523809523,1.5476190476190477,93.69047619047619
E00184142,306,68,36,32,238,21,217,22.22222222222222,11.76470588235294,10.457516339869281,77.77777777777779,6.862745098039216,70.91503267973856
E00184143,288,20,4,16,268,12,256,6.944444444444445,1.3888888888888888,5.555555555555555,93.05555555555556,4.166666666666666,88.88888888888889
E00184144,108,14,4,10,94,7,87,12.962962962962962,3.7037037037037033,9.25925925925926,87.03703703703704,6.481481481481481,80.55555555555556
E00184145,320,31,9,22,289,13,276,9.6875,2.8125,6.875000000000001,90.3125,4.0625,86.25
E00184146,177,34,13,21,143,7,136,19.2090395480226,7.344632768361582,11.864406779661017,80.7909604519774,3.954802259887006,76.8361581920904
E00184149,271,46,18,28,225,18,207,16.974169741697416,6.642066420664207,10.33210332103321,83.02583025830258,6.642066420664207,76.38376383763837
E00184151,492,36,10,26,456,24,432,7.317073170731707,2.0325203252032518,5.284552845528456,92.6829268292683,4.878048780487805,87.8048780487805
E00184152,438,79,32,47,359,35,324,18.036529680365295,7.30593607305936,10.730593607305936,81.9634703196347,7.9908675799086755,73.97260273972603
E00184153,361,65,21,44,296,23,273,18.005540166204987,5.8171745152354575,12.18836565096953,81.99445983379502,6.3711911357340725,75.62326869806094
E00184154,591,85,24,61,506,42,464,14.382402707275805,4.060913705583756,10.321489001692047,85.6175972927242,7.1065989847715745,78.51099830795262
E00184155,311,59,16,43,252,27,225,18.971061093247588,5.144694533762058,13.826366559485532,81.02893890675242,8.681672025723474,72.34726688102894
E00184156,534,106,40,66,428,56,372,19.850187265917604,7.490636704119851,12.359550561797752,80.14981273408239,10.486891385767791,69.66292134831461
E00184159,519,92,33,59,427,25,402,17.726396917148364,6.358381502890173,11.368015414258188,82.27360308285164,4.8169556840077075,77.45664739884393
E00184160,468,23,3,20,445,22,423,4.914529914529915,0.641025641025641,4.273504273504273,95.08547008547008,4.700854700854701,90.38461538461539
E00184161,166,10,1,9,156,10,146,6.024096385542169,0.6024096385542169,5.421686746987952,93.97590361445783,6.024096385542169,87.95180722891565
E00184162,594,63,22,41,531,50,481,10.606060606060606,3.7037037037037033,6.902356902356903,89.39393939393939,8.417508417508419,80.97643097643098
E00184163,110,13,3,10,97,8,89,11.818181818181818,2.727272727272727,9.090909090909092,88.18181818181819,7.2727272727272725,80.9090909090909
E00184164,184,46,20,26,138,11,127,25,10.869565217391305,14.130434782608695,75,5.978260869565218,69.02173913043478
E00184165,289,61,20,41,228,29,199,21.10726643598616,6.920415224913495,14.186851211072666,78.89273356401384,10.034602076124568,68.85813148788927
E00184166,479,61,19,42,418,43,375,12.734864300626306,3.966597077244259,8.768267223382047,87.2651356993737,8.977035490605429,78.28810020876827
E00184167,468,85,34,51,383,27,356,18.162393162393162,7.264957264957266,10.897435897435898,81.83760683760684,5.769230769230769,76.06837606837607
E00184168,592,97,24,73,495,44,451,16.385135135135133,4.054054054054054,12.33108108108108,83.61486486486487,7.4324324324324325,76.18243243243244
E00184169,150,15,6,9,135,11,124,10,4,6,90,7.333333333333333,82.66666666666667
E00184170,586,80,29,51,506,33,473,13.651877133105803,4.948805460750854,8.70307167235495,86.3481228668942,5.631399317406143,80.71672354948805
E00184171,495,45,18,27,450,24,426,9.090909090909092,3.6363636363636362,5.454545454545454,90.9090909090909,4.848484848484849,86.06060606060606
E00184172,456,104,56,48,352,36,316,22.807017543859647,12.280701754385964,10.526315789473683,77.19298245614034,7.894736842105263,69.2982456140351
E00184173,372,23,6,17,349,21,328,6.182795698924731,1.6129032258064515,4.56989247311828,93.81720430107528,5.64516129032258,88.17204301075269
E00184174,478,74,26,48,404,34,370,15.481171548117153,5.439330543933055,10.0418410041841,84.51882845188284,7.112970711297072,77.40585774058577
E00184175,252,34,12,22,218,29,189,13.492063492063492,4.761904761904762,8.73015873015873,86.5079365079365,11.507936507936508,75
E00184176,189,31,9,22,158,12,146,16.402116402116402,4.761904761904762,11.64021164021164,83.5978835978836,6.349206349206349,77.24867724867724
E00184177,616,50,13,37,566,20,546,8.116883116883116,2.1103896103896105,6.0064935064935066,91.88311688311688,3.2467532467532463,88.63636363636364
E00184178,528,52,12,40,476,50,426,9.848484848484848,2.272727272727273,7.575757575757576,90.15151515151516,9.469696969696969,80.68181818181817
E00184179,615,35,9,26,580,20,560,5.691056910569105,1.4634146341463417,4.227642276422764,94.3089430894309,3.2520325203252036,91.05691056910568
E00184180,395,57,18,39,338,30,308,14.430379746835442,4.556962025316456,9.873417721518987,85.56962025316456,7.59493670886076,77.9746835443038
E00184181,467,32,7,25,435,30,405,6.852248394004283,1.4989293361884368,5.353319057815846,93.14775160599572,6.423982869379015,86.7237687366167
E00184182,427,42,12,30,385,35,350,9.836065573770492,2.810304449648712,7.02576112412178,90.1639344262295,8.19672131147541,81.9672131147541
E00184183,217,40,9,31,177,18,159,18.433179723502306,4.147465437788019,14.285714285714285,81.5668202764977,8.294930875576037,73.27188940092167
E00184184,236,30,11,19,206,17,189,12.711864406779661,4.661016949152542,8.050847457627118,87.28813559322035,7.203389830508475,80.08474576271186
E00184185,176,33,11,22,143,19,124,18.75,6.25,12.5,81.25,10.795454545454545,70.45454545454545
E00184186,517,150,53,97,367,45,322,29.013539651837522,10.251450676982591,18.762088974854933,70.98646034816247,8.704061895551257,62.28239845261122
E00184187,145,21,7,14,124,8,116,14.482758620689657,4.827586206896552,9.655172413793103,85.51724137931035,5.517241379310345,80
E00184188,373,29,2,27,344,43,301,7.774798927613941,0.5361930294906166,7.238605898123325,92.22520107238606,11.528150134048257,80.6970509383378
E00184189,175,34,7,27,141,19,122,19.428571428571427,4,15.428571428571427,80.57142857142857,10.857142857142858,69.71428571428572
E00184190,470,73,29,44,397,56,341,15.53191489361702,6.170212765957447,9.361702127659575,84.46808510638299,11.914893617021278,72.5531914893617
E00184191,458,96,27,69,362,36,326,20.96069868995633,5.895196506550218,15.065502183406112,79.03930131004367,7.860262008733625,71.17903930131004
E00184192,2176,103,45,58,2073,48,2025,4.733455882352941,2.068014705882353,2.6654411764705883,95.26654411764706,2.2058823529411766,93.06066176470588
E00184193,136,22,9,13,114,9,105,16.176470588235293,6.61764705882353,9.558823529411764,83.82352941176471,6.61764705882353,77.20588235294117
E00184194,318,53,24,29,265,24,241,16.666666666666664,7.547169811320755,9.119496855345911,83.33333333333334,7.547169811320755,75.78616352201259
E00184195,119,20,6,14,99,8,91,16.80672268907563,5.042016806722689,11.76470588235294,83.19327731092437,6.722689075630252,76.47058823529412
E00184196,244,19,3,16,225,6,219,7.786885245901639,1.2295081967213115,6.557377049180328,92.21311475409836,2.459016393442623,89.75409836065575
E00184197,526,29,10,19,497,10,487,5.513307984790875,1.9011406844106464,3.6121673003802277,94.48669201520913,1.9011406844106464,92.58555133079848
E00184198,453,49,11,38,404,41,363,10.816777041942604,2.4282560706401766,8.388520971302428,89.1832229580574,9.050772626931568,80.13245033112582
E00184199,393,49,22,27,344,36,308,12.46819338422392,5.597964376590331,6.870229007633588,87.53180661577609,9.16030534351145,78.37150127226464
E00184200,295,39,12,27,256,28,228,13.220338983050848,4.067796610169491,9.152542372881356,86.77966101694915,9.491525423728813,77.28813559322035
E00184201,222,17,7,10,205,19,186,7.657657657657657,3.153153153153153,4.504504504504505,92.34234234234235,8.558558558558559,83.78378378378379
E00184202,625,61,21,40,564,62,502,9.76,3.36,6.4,90.24,9.92,80.32000000000001
E00184203,375,17,4,13,358,16,342,4.533333333333333,1.0666666666666667,3.4666666666666663,95.46666666666667,4.266666666666667,91.2
E00184204,281,40,14,26,241,12,229,14.23487544483986,4.98220640569395,9.252669039145907,85.76512455516014,4.270462633451958,81.49466192170819
E00184205,300,44,14,30,256,20,236,14.666666666666666,4.666666666666667,10,85.33333333333334,6.666666666666667,78.66666666666666
E00184206,179,40,15,25,139,16,123,22.3463687150838,8.379888268156424,13.966480446927374,77.6536312849162,8.938547486033519,68.71508379888269
E00184207,406,88,37,51,318,44,274,21.67487684729064,9.113300492610838,12.561576354679804,78.32512315270937,10.83743842364532,67.48768472906403
E00184208,233,14,1,13,219,9,210,6.008583690987124,0.4291845493562232,5.579399141630901,93.99141630901288,3.862660944206009,90.12875536480686
E00184209,147,28,13,15,119,19,100,19.047619047619047,8.843537414965986,10.204081632653061,80.95238095238095,12.925170068027212,68.02721088435374
E00184210,138,33,11,22,105,7,98,23.91304347826087,7.971014492753622,15.942028985507244,76.08695652173914,5.072463768115942,71.01449275362319
E00184211,598,94,21,73,504,48,456,15.719063545150503,3.511705685618729,12.207357859531772,84.2809364548495,8.02675585284281,76.2541806020067
E00184212,423,59,20,39,364,31,333,13.947990543735225,4.7281323877068555,9.219858156028367,86.05200945626478,7.328605200945626,78.72340425531915
E00184213,231,28,13,15,203,14,189,12.121212121212121,5.627705627705628,6.493506493506493,87.87878787878788,6.0606060606060606,81.81818181818183
E00184214,299,31,10,21,268,17,251,10.367892976588628,3.3444816053511706,7.023411371237458,89.63210702341136,5.68561872909699,83.94648829431438
E00184215,274,93,63,30,181,19,162,33.941605839416056,22.99270072992701,10.948905109489052,66.05839416058394,6.934306569343065,59.12408759124088
E00184216,281,15,4,11,266,13,253,5.338078291814947,1.4234875444839856,3.9145907473309607,94.66192170818505,4.6263345195729535,90.0355871886121
E00184217,245,85,40,45,160,16,144,34.69387755102041,16.3265306122449,18.367346938775512,65.3061224489796,6.530612244897959,58.77551020408164
E00184218,466,96,34,62,370,45,325,20.600858369098713,7.296137339055794,13.304721030042918,79.39914163090128,9.656652360515022,69.74248927038627
E00184219,319,48,12,36,271,28,243,15.047021943573668,3.761755485893417,11.285266457680251,84.95297805642633,8.77742946708464,76.17554858934169
E00184220,274,35,16,19,239,18,221,12.773722627737227,5.839416058394161,6.934306569343065,87.22627737226277,6.569343065693431,80.65693430656934
E00184221,526,56,8,48,470,32,438,10.646387832699618,1.520912547528517,9.125475285171103,89.35361216730038,6.083650190114068,83.26996197718631
E00184222,305,35,13,22,270,27,243,11.475409836065573,4.2622950819672125,7.213114754098362,88.52459016393442,8.852459016393443,79.67213114754098
E00184223,131,14,5,9,117,17,100,10.687022900763358,3.816793893129771,6.870229007633588,89.31297709923665,12.977099236641221,76.33587786259542
E00184224,369,32,3,29,337,39,298,8.672086720867208,0.8130081300813009,7.8590785907859075,91.32791327913279,10.569105691056912,80.75880758807588
E00184225,211,34,18,16,177,16,161,16.113744075829384,8.530805687203792,7.5829383886255926,83.88625592417061,7.5829383886255926,76.30331753554502
E00184226,188,22,7,15,166,14,152,11.702127659574469,3.723404255319149,7.9787234042553195,88.29787234042553,7.446808510638298,80.85106382978722
E00184227,600,53,24,29,547,32,515,8.833333333333334,4,4.833333333333333,91.16666666666666,5.333333333333334,85.83333333333333
E00184228,243,37,10,27,206,16,190,15.22633744855967,4.11522633744856,11.11111111111111,84.77366255144034,6.584362139917696,78.18930041152264
E00184229,285,13,4,9,272,20,252,4.56140350877193,1.4035087719298245,3.1578947368421053,95.43859649122807,7.017543859649122,88.42105263157895
E00184230,126,14,4,10,112,6,106,11.11111111111111,3.1746031746031744,7.936507936507936,88.88888888888889,4.761904761904762,84.12698412698413
E00184231,125,17,5,12,108,14,94,13.600000000000001,4,9.6,86.4,11.200000000000001,75.2
E00184232,175,60,23,37,115,17,98,34.285714285714285,13.142857142857142,21.142857142857142,65.71428571428571,9.714285714285714,56.00000000000001
E00184233,171,41,22,19,130,13,117,23.976608187134502,12.865497076023392,11.11111111111111,76.0233918128655,7.602339181286549,68.42105263157895
E00184234,199,21,5,16,178,19,159,10.552763819095476,2.512562814070352,8.040201005025125,89.44723618090453,9.547738693467336,79.89949748743719
E00184235,515,63,17,46,452,23,429,12.233009708737864,3.300970873786408,8.932038834951456,87.76699029126213,4.466019417475728,83.30097087378641
E00184236,291,27,5,22,264,16,248,9.278350515463918,1.718213058419244,7.560137457044673,90.72164948453609,5.498281786941581,85.2233676975945
E00184237,423,54,21,33,369,39,330,12.76595744680851,4.964539007092199,7.801418439716312,87.2340425531915,9.219858156028367,78.01418439716312
E00184238,213,36,15,21,177,7,170,16.901408450704224,7.042253521126761,9.859154929577464,83.09859154929578,3.286384976525822,79.81220657276995
E00184239,382,62,22,40,320,27,293,16.230366492146597,5.7591623036649215,10.471204188481675,83.7696335078534,7.068062827225131,76.70157068062828
E00184240,553,69,31,38,484,37,447,12.47739602169982,5.605786618444846,6.871609403254973,87.52260397830018,6.6907775768535265,80.83182640144665
E00184241,237,31,8,23,206,8,198,13.080168776371309,3.375527426160337,9.70464135021097,86.91983122362869,3.375527426160337,83.54430379746836
E00184242,244,30,7,23,214,26,188,12.295081967213115,2.8688524590163933,9.426229508196721,87.70491803278688,10.655737704918032,77.04918032786885
E00184243,182,17,6,11,165,11,154,9.340659340659341,3.296703296703297,6.043956043956044,90.65934065934066,6.043956043956044,84.61538461538461
E00184244,471,51,22,29,420,30,390,10.828025477707007,4.670912951167728,6.1571125265392785,89.171974522293,6.369426751592357,82.80254777070064
E00184245,398,41,8,33,357,38,319,10.301507537688442,2.0100502512562812,8.291457286432161,89.69849246231156,9.547738693467336,80.15075376884423
E00184246,265,38,14,24,227,27,200,14.339622641509434,5.283018867924529,9.056603773584905,85.66037735849056,10.18867924528302,75.47169811320755
E00184247,448,59,18,41,389,31,358,13.169642857142858,4.017857142857143,9.151785714285714,86.83035714285714,6.919642857142858,79.91071428571429
E00184248,402,49,16,33,353,47,306,12.189054726368159,3.9800995024875623,8.208955223880597,87.81094527363184,11.691542288557214,76.11940298507463
E00184249,310,39,11,28,271,22,249,12.580645161290322,3.5483870967741935,9.032258064516128,87.41935483870968,7.096774193548387,80.3225806451613
E00184250,168,31,9,22,137,18,119,18.452380952380953,5.357142857142857,13.095238095238097,81.54761904761905,10.714285714285714,70.83333333333334
E00184251,322,40,11,29,282,25,257,12.422360248447205,3.4161490683229814,9.006211180124224,87.5776397515528,7.763975155279502,79.8136645962733
E00184252,120,13,4,9,107,6,101,10.833333333333334,3.3333333333333335,7.5,89.16666666666667,5,84.16666666666667
E00184253,555,49,11,38,506,34,472,8.82882882882883,1.981981981981982,6.846846846846846,91.17117117117117,6.126126126126126,85.04504504504504
E00184254,330,50,19,31,280,23,257,15.151515151515152,5.757575757575758,9.393939393939393,84.84848484848484,6.969696969696971,77.87878787878788
E00184255,312,43,14,29,269,17,252,13.782051282051283,4.487179487179487,9.294871794871796,86.21794871794873,5.448717948717949,80.76923076923077
E00184256,565,65,19,46,500,41,459,11.504424778761061,3.3628318584070795,8.141592920353983,88.49557522123894,7.256637168141593,81.23893805309734
E00184257,154,18,6,12,136,16,120,11.688311688311687,3.896103896103896,7.792207792207792,88.31168831168831,10.38961038961039,77.92207792207793
E00184258,116,14,8,6,102,13,89,12.068965517241379,6.896551724137931,5.172413793103448,87.93103448275862,11.206896551724139,76.72413793103449
E00184259,251,35,15,20,216,26,190,13.94422310756972,5.9760956175298805,7.968127490039841,86.05577689243027,10.358565737051793,75.69721115537848
E00184260,290,43,15,28,247,26,221,14.827586206896552,5.172413793103448,9.655172413793103,85.17241379310346,8.96551724137931,76.20689655172413
E00184261,606,25,6,19,581,17,564,4.125412541254125,0.9900990099009901,3.1353135313531353,95.87458745874588,2.8052805280528053,93.06930693069307
E00184262,251,76,37,39,175,24,151,30.278884462151396,14.741035856573706,15.53784860557769,69.7211155378486,9.56175298804781,60.1593625498008
E00184263,190,23,7,16,167,17,150,12.105263157894736,3.684210526315789,8.421052631578947,87.89473684210526,8.947368421052632,78.94736842105263
E00184264,594,84,30,54,510,48,462,14.14141414141414,5.05050505050505,9.090909090909092,85.85858585858585,8.080808080808081,77.77777777777779
E00184265,113,13,3,10,100,6,94,11.504424778761061,2.6548672566371683,8.849557522123893,88.49557522123894,5.3097345132743365,83.1858407079646
E00184266,326,43,14,29,283,22,261,13.190184049079754,4.294478527607362,8.895705521472392,86.80981595092024,6.748466257668712,80.06134969325154
E00184267,519,55,20,35,464,37,427,10.597302504816955,3.8535645472061653,6.74373795761079,89.40269749518305,7.129094412331407,82.27360308285164
E00184268,591,72,31,41,519,42,477,12.18274111675127,5.245346869712352,6.937394247038917,87.81725888324873,7.1065989847715745,80.71065989847716
E00184269,273,35,8,27,238,25,213,12.82051282051282,2.93040293040293,9.89010989010989,87.17948717948718,9.157509157509157,78.02197802197803
E00184270,462,54,17,37,408,34,374,11.688311688311687,3.67965367965368,8.008658008658008,88.31168831168831,7.35930735930736,80.95238095238095
E00184271,221,28,8,20,193,18,175,12.669683257918551,3.619909502262444,9.049773755656108,87.33031674208145,8.144796380090497,79.18552036199095
E00184272,172,48,28,20,124,13,111,27.906976744186046,16.27906976744186,11.627906976744185,72.09302325581395,7.55813953488372,64.53488372093024
E00184273,232,10,4,6,222,8,214,4.310344827586207,1.7241379310344827,2.586206896551724,95.6896551724138,3.4482758620689653,92.24137931034483
E00184274,162,21,2,19,141,18,123,12.962962962962962,1.2345679012345678,11.728395061728394,87.03703703703704,11.11111111111111,75.92592592592592
E00184275,375,46,16,30,329,31,298,12.266666666666666,4.266666666666667,8,87.73333333333333,8.266666666666666,79.46666666666667
E00184276,246,35,9,26,211,27,184,14.227642276422763,3.6585365853658534,10.569105691056912,85.77235772357723,10.975609756097562,74.79674796747967
E00184277,618,89,30,59,529,50,479,14.401294498381878,4.854368932038835,9.546925566343042,85.59870550161813,8.090614886731391,77.50809061488673
E00184278,118,31,8,23,87,9,78,26.27118644067797,6.779661016949152,19.491525423728813,73.72881355932203,7.627118644067797,66.10169491525424
E00184279,116,24,7,17,92,12,80,20.689655172413794,6.0344827586206895,14.655172413793101,79.3103448275862,10.344827586206897,68.96551724137932
E00184280,202,24,7,17,178,8,170,11.881188118811881,3.4653465346534658,8.415841584158416,88.11881188118812,3.9603960396039604,84.15841584158416
E00184281,553,86,39,47,467,29,438,15.551537070524413,7.05244122965642,8.499095840867993,84.44846292947558,5.244122965641953,79.20433996383363
E00184282,392,42,15,27,350,39,311,10.714285714285714,3.826530612244898,6.887755102040815,89.28571428571429,9.948979591836734,79.33673469387756
E00184283,257,31,13,18,226,14,212,12.062256809338521,5.058365758754864,7.003891050583658,87.93774319066148,5.447470817120623,82.49027237354085
E00184284,384,56,27,29,328,33,295,14.583333333333334,7.03125,7.552083333333333,85.41666666666666,8.59375,76.82291666666666
E00184285,185,40,13,27,145,12,133,21.62162162162162,7.027027027027027,14.594594594594595,78.37837837837837,6.486486486486487,71.89189189189189
E00184286,401,43,11,32,358,37,321,10.723192019950124,2.7431421446384037,7.98004987531172,89.27680798004988,9.226932668329177,80.0498753117207
E00184287,407,48,17,31,359,24,335,11.793611793611793,4.176904176904177,7.616707616707617,88.20638820638821,5.896805896805897,82.30958230958231
E00184288,370,31,10,21,339,38,301,8.378378378378379,2.7027027027027026,5.675675675675676,91.62162162162161,10.27027027027027,81.35135135135135
E00184289,373,47,15,32,326,30,296,12.600536193029491,4.021447721179625,8.579088471849866,87.39946380697052,8.04289544235925,79.35656836461126
E00184290,318,46,14,32,272,28,244,14.465408805031446,4.40251572327044,10.062893081761008,85.53459119496856,8.80503144654088,76.72955974842768
E00184291,450,65,21,44,385,31,354,14.444444444444443,4.666666666666667,9.777777777777779,85.55555555555556,6.888888888888889,78.66666666666666
E00184292,130,14,5,9,116,15,101,10.76923076923077,3.8461538461538463,6.923076923076923,89.23076923076924,11.538461538461538,77.6923076923077
E00184293,364,39,16,23,325,33,292,10.714285714285714,4.395604395604396,6.318681318681318,89.28571428571429,9.065934065934066,80.21978021978022
E00184294,592,64,23,41,528,63,465,10.81081081081081,3.885135135135135,6.925675675675675,89.1891891891892,10.641891891891891,78.5472972972973
E00184295,351,51,16,35,300,33,267,14.529914529914532,4.5584045584045585,9.971509971509972,85.47008547008546,9.401709401709402,76.06837606837607
E00184296,235,17,7,10,218,12,206,7.234042553191489,2.9787234042553195,4.25531914893617,92.76595744680851,5.106382978723404,87.65957446808511
E00184297,363,122,72,50,241,14,227,33.608815426997246,19.834710743801654,13.774104683195592,66.39118457300276,3.8567493112947657,62.53443526170799
E00184298,193,20,6,14,173,8,165,10.362694300518134,3.1088082901554404,7.253886010362693,89.63730569948186,4.145077720207254,85.49222797927462
E00184299,327,47,12,35,280,36,244,14.37308868501529,3.669724770642202,10.703363914373089,85.62691131498471,11.009174311926607,74.61773700305811
E00184300,408,49,17,32,359,33,326,12.009803921568627,4.166666666666666,7.8431372549019605,87.99019607843137,8.088235294117647,79.90196078431373
E00184301,263,69,30,39,194,18,176,26.23574144486692,11.406844106463879,14.82889733840304,73.76425855513308,6.844106463878327,66.92015209125475
E00184302,358,61,21,40,297,28,269,17.039106145251395,5.865921787709497,11.1731843575419,82.9608938547486,7.82122905027933,75.13966480446928
E00184303,171,28,16,12,143,11,132,16.374269005847953,9.35672514619883,7.017543859649122,83.62573099415205,6.432748538011696,77.19298245614034
E00184304,265,33,8,25,232,22,210,12.452830188679245,3.018867924528302,9.433962264150944,87.54716981132076,8.30188679245283,79.24528301886792
E00184305,183,126,68,58,57,7,50,68.85245901639344,37.15846994535519,31.693989071038253,31.147540983606557,3.825136612021858,27.322404371584703
E00184306,186,53,30,23,133,14,119,28.49462365591398,16.129032258064516,12.365591397849462,71.50537634408603,7.526881720430108,63.97849462365591
E00184307,359,48,21,27,311,28,283,13.370473537604457,5.8495821727019495,7.520891364902507,86.62952646239555,7.7994428969359335,78.8300835654596
E00184308,321,30,5,25,291,33,258,9.345794392523365,1.557632398753894,7.78816199376947,90.65420560747664,10.2803738317757,80.37383177570094
E00184309,169,15,1,14,154,14,140,8.875739644970414,0.591715976331361,8.284023668639055,91.12426035502959,8.284023668639055,82.84023668639054
E00184310,479,38,11,27,441,39,402,7.933194154488518,2.2964509394572024,5.6367432150313155,92.06680584551148,8.1419624217119,83.92484342379957
E00184311,418,60,27,33,358,28,330,14.354066985645932,6.4593301435406705,7.894736842105263,85.64593301435407,6.698564593301436,78.94736842105263
E00184312,334,57,19,38,277,27,250,17.065868263473057,5.688622754491018,11.377245508982035,82.93413173652695,8.08383233532934,74.8502994011976
E00184313,221,25,9,16,196,16,180,11.312217194570136,4.072398190045249,7.239819004524888,88.68778280542986,7.239819004524888,81.44796380090497
E00184314,502,83,33,50,419,56,363,16.533864541832667,6.573705179282868,9.9601593625498,83.46613545816733,11.155378486055776,72.31075697211156
E00184315,330,57,27,30,273,26,247,17.272727272727273,8.181818181818182,9.090909090909092,82.72727272727273,7.878787878787878,74.84848484848486
E00184316,291,54,16,38,237,22,215,18.556701030927837,5.498281786941581,13.058419243986256,81.44329896907216,7.560137457044673,73.8831615120275
E00184317,337,34,11,23,303,24,279,10.089020771513352,3.2640949554896146,6.824925816023739,89.91097922848664,7.121661721068249,82.7893175074184
E00184318,378,43,14,29,335,15,320,11.375661375661375,3.7037037037037033,7.671957671957672,88.62433862433863,3.968253968253968,84.65608465608466
E00184319,533,24,3,21,509,27,482,4.50281425891182,0.5628517823639775,3.9399624765478425,95.49718574108817,5.065666041275797,90.43151969981238
E00184320,589,67,23,44,522,49,473,11.37521222410866,3.904923599320883,7.470288624787775,88.62478777589135,8.31918505942275,80.3056027164686
E00184321,123,16,7,9,107,10,97,13.008130081300814,5.691056910569105,7.317073170731707,86.99186991869918,8.130081300813007,78.86178861788618
E00184322,514,95,29,66,419,41,378,18.482490272373543,5.642023346303502,12.840466926070038,81.51750972762646,7.976653696498054,73.54085603112841
E00184323,114,21,12,9,93,16,77,18.421052631578945,10.526315789473683,7.894736842105263,81.57894736842105,14.035087719298245,67.54385964912281
E00184324,317,52,31,21,265,24,241,16.40378548895899,9.779179810725552,6.624605678233439,83.59621451104101,7.570977917981073,76.02523659305994
E00184325,580,34,8,26,546,25,521,5.862068965517241,1.3793103448275863,4.482758620689655,94.13793103448276,4.310344827586207,89.82758620689654
E00184326,294,20,3,17,274,15,259,6.802721088435375,1.0204081632653061,5.782312925170068,93.19727891156462,5.1020408163265305,88.09523809523809
E00184327,384,75,25,50,309,24,285,19.53125,6.510416666666667,13.020833333333334,80.46875,6.25,74.21875
E00184328,241,29,12,17,212,19,193,12.033195020746888,4.979253112033195,7.053941908713693,87.96680497925311,7.883817427385892,80.08298755186722
E00184329,223,43,14,29,180,25,155,19.282511210762333,6.278026905829597,13.004484304932735,80.71748878923766,11.210762331838566,69.50672645739911
E00184330,493,30,6,24,463,24,439,6.085192697768763,1.2170385395537524,4.86815415821501,93.91480730223124,4.86815415821501,89.04665314401623
E00184331,482,22,9,13,460,18,442,4.564315352697095,1.8672199170124482,2.6970954356846475,95.4356846473029,3.7344398340248963,91.70124481327801
E00184332,366,50,23,27,316,23,293,13.661202185792352,6.284153005464481,7.377049180327869,86.33879781420765,6.284153005464481,80.05464480874316
E00184333,352,48,17,31,304,24,280,13.636363636363635,4.829545454545454,8.806818181818182,86.36363636363636,6.8181818181818175,79.54545454545455
E00184334,108,14,3,11,94,6,88,12.962962962962962,2.7777777777777777,10.185185185185185,87.03703703703704,5.555555555555555,81.48148148148148
E00184335,142,21,7,14,121,10,111,14.788732394366196,4.929577464788732,9.859154929577464,85.2112676056338,7.042253521126761,78.16901408450704
