OA,ts0380001,ts0380002,ts0380003,ts0380004,ts0380005,ts0380006,ts0380007,ts0380002_PCT,ts0380003_PCT,ts0380004_PCT,ts0380005_PCT,ts0380006_PCT,ts0380007_PCT
E00116742,329,42,16,26,287,38,249,12.76595744680851,4.86322188449848,7.90273556231003,87.2340425531915,11.55015197568389,75.6838905775076
E00116743,296,51,14,37,245,28,217,17.22972972972973,4.72972972972973,12.5,82.77027027027027,9.45945945945946,73.3108108108108
E00116744,304,64,32,32,240,29,211,21.052631578947366,10.526315789473683,10.526315789473683,78.94736842105263,9.539473684210527,69.4078947368421
E00116745,367,48,17,31,319,29,290,13.079019073569482,4.632152588555858,8.446866485013624,86.92098092643052,7.901907356948229,79.01907356948229
E00116746,234,41,13,28,193,22,171,17.52136752136752,5.555555555555555,11.965811965811966,82.47863247863248,9.401709401709402,73.07692307692307
E00116747,248,51,18,33,197,22,175,20.56451612903226,7.258064516129033,13.306451612903224,79.43548387096774,8.870967741935484,70.56451612903226
E00116748,292,48,10,38,244,29,215,16.43835616438356,3.4246575342465753,13.013698630136986,83.56164383561644,9.931506849315069,73.63013698630137
E00116749,281,46,19,27,235,23,212,16.370106761565836,6.761565836298933,9.608540925266903,83.62989323843416,8.185053380782918,75.44483985765125
E00116750,358,55,17,38,303,27,276,15.363128491620111,4.748603351955307,10.614525139664805,84.63687150837988,7.5418994413407825,77.09497206703911
E00116751,317,46,13,33,271,35,236,14.511041009463725,4.100946372239748,10.410094637223976,85.48895899053628,11.041009463722396,74.44794952681389
E00116752,293,41,21,20,252,22,230,13.993174061433447,7.167235494880546,6.825938566552901,86.00682593856655,7.508532423208192,78.49829351535837
E00116753,309,47,26,21,262,22,240,15.210355987055015,8.414239482200648,6.796116504854369,84.78964401294499,7.119741100323624,77.66990291262135
E00116754,444,92,45,47,352,33,319,20.72072072072072,10.135135135135135,10.585585585585585,79.27927927927928,7.4324324324324325,71.84684684684684
E00116755,325,54,19,35,271,17,254,16.615384615384617,5.846153846153846,10.76923076923077,83.38461538461537,5.230769230769231,78.15384615384615
E00116756,306,49,15,34,257,24,233,16.013071895424837,4.901960784313726,11.11111111111111,83.98692810457517,7.8431372549019605,76.1437908496732
E00116757,147,20,8,12,127,13,114,13.60544217687075,5.442176870748299,8.16326530612245,86.39455782312925,8.843537414965986,77.55102040816327
E00116758,106,24,11,13,82,13,69,22.641509433962266,10.377358490566039,12.264150943396226,77.35849056603774,12.264150943396226,65.09433962264151
E00116759,294,50,17,33,244,37,207,17.006802721088434,5.782312925170068,11.224489795918368,82.99319727891157,12.585034013605442,70.40816326530613
E00116760,388,155,77,78,233,23,210,39.948453608247426,19.84536082474227,20.103092783505154,60.051546391752574,5.927835051546391,54.123711340206185
E00116761,263,55,23,32,208,18,190,20.912547528517113,8.745247148288973,12.167300380228136,79.08745247148289,6.844106463878327,72.24334600760456
E00116762,251,46,18,28,205,17,188,18.326693227091635,7.171314741035857,11.155378486055776,81.67330677290838,6.772908366533864,74.9003984063745
E00116763,268,47,13,34,221,36,185,17.537313432835823,4.850746268656716,12.686567164179104,82.46268656716418,13.432835820895523,69.02985074626866
E00116764,262,46,23,23,216,34,182,17.557251908396946,8.778625954198473,8.778625954198473,82.44274809160305,12.977099236641221,69.46564885496184
E00116765,109,27,14,13,82,9,73,24.770642201834864,12.844036697247708,11.926605504587156,75.22935779816514,8.256880733944955,66.97247706422019
E00116766,285,56,13,43,229,23,206,19.649122807017545,4.56140350877193,15.087719298245613,80.35087719298247,8.070175438596491,72.28070175438597
E00116767,277,68,38,30,209,33,176,24.548736462093864,13.718411552346572,10.830324909747292,75.45126353790613,11.913357400722022,63.537906137184116
E00116768,264,63,31,32,201,21,180,23.863636363636363,11.742424242424242,12.121212121212121,76.13636363636364,7.954545454545454,68.18181818181817
E00116769,233,57,16,41,176,23,153,24.463519313304722,6.866952789699571,17.59656652360515,75.53648068669528,9.871244635193133,65.66523605150213
E00116770,262,44,18,26,218,34,184,16.793893129770993,6.870229007633588,9.923664122137405,83.20610687022901,12.977099236641221,70.22900763358778
E00116771,277,52,9,43,225,37,188,18.772563176895307,3.2490974729241873,15.523465703971121,81.2274368231047,13.357400722021662,67.87003610108303
E00116772,282,51,16,35,231,28,203,18.085106382978726,5.673758865248227,12.411347517730496,81.91489361702128,9.929078014184398,71.98581560283688
E00116773,313,74,37,37,239,24,215,23.642172523961662,11.821086261980831,11.821086261980831,76.35782747603834,7.667731629392971,68.69009584664538
E00116774,364,81,31,50,283,35,248,22.252747252747252,8.516483516483516,13.736263736263737,77.74725274725274,9.615384615384617,68.13186813186813
E00116775,298,63,24,39,235,23,212,21.140939597315437,8.053691275167784,13.087248322147651,78.85906040268456,7.718120805369128,71.14093959731544
E00116776,247,45,16,29,202,26,176,18.218623481781375,6.477732793522267,11.740890688259109,81.78137651821862,10.526315789473683,71.25506072874494
E00116777,222,72,47,25,150,16,134,32.432432432432435,21.17117117117117,11.26126126126126,67.56756756756756,7.207207207207207,60.36036036036037
E00116778,266,51,17,34,215,22,193,19.172932330827066,6.390977443609022,12.781954887218044,80.82706766917293,8.270676691729323,72.55639097744361
E00116779,343,76,28,48,267,27,240,22.157434402332363,8.16326530612245,13.994169096209912,77.84256559766763,7.871720116618077,69.97084548104957
E00116780,300,97,57,40,203,23,180,32.33333333333333,19,13.333333333333334,67.66666666666666,7.666666666666666,60
E00116781,377,76,33,43,301,22,279,20.159151193633953,8.753315649867375,11.405835543766578,79.84084880636605,5.835543766578249,74.0053050397878
E00116782,198,36,14,22,162,19,143,18.181818181818183,7.07070707070707,11.11111111111111,81.81818181818183,9.595959595959595,72.22222222222221
E00116783,288,48,20,28,240,34,206,16.666666666666664,6.944444444444445,9.722222222222223,83.33333333333334,11.805555555555555,71.52777777777779
E00116784,286,70,35,35,216,25,191,24.475524475524477,12.237762237762238,12.237762237762238,75.52447552447552,8.741258741258742,66.78321678321679
E00116785,247,52,19,33,195,17,178,21.052631578947366,7.6923076923076925,13.360323886639677,78.94736842105263,6.882591093117409,72.06477732793523
E00116786,346,38,14,24,308,34,274,10.982658959537572,4.046242774566474,6.9364161849710975,89.01734104046243,9.826589595375722,79.1907514450867
E00116787,304,44,15,29,260,20,240,14.473684210526317,4.934210526315789,9.539473684210527,85.52631578947368,6.578947368421052,78.94736842105263
E00116788,301,62,19,43,239,35,204,20.59800664451827,6.312292358803987,14.285714285714285,79.40199335548172,11.627906976744185,67.77408637873754
E00116789,288,55,19,36,233,31,202,19.09722222222222,6.597222222222222,12.5,80.90277777777779,10.76388888888889,70.13888888888889
E00116790,338,63,25,38,275,33,242,18.639053254437872,7.396449704142012,11.242603550295858,81.36094674556213,9.763313609467456,71.59763313609467
E00116791,269,43,14,29,226,19,207,15.985130111524162,5.204460966542751,10.780669144981413,84.01486988847584,7.063197026022305,76.95167286245353
E00116792,390,95,43,52,295,37,258,24.358974358974358,11.025641025641026,13.333333333333334,75.64102564102564,9.487179487179487,66.15384615384615
E00116793,254,88,43,45,166,18,148,34.645669291338585,16.92913385826772,17.716535433070867,65.35433070866141,7.086614173228346,58.26771653543307
E00116794,272,64,30,34,208,19,189,23.52941176470588,11.029411764705882,12.5,76.47058823529412,6.985294117647059,69.48529411764706
E00116795,240,49,17,32,191,18,173,20.416666666666668,7.083333333333333,13.333333333333334,79.58333333333333,7.5,72.08333333333333
E00116796,380,72,24,48,308,29,279,18.947368421052634,6.315789473684211,12.631578947368421,81.05263157894737,7.631578947368421,73.42105263157895
E00116797,270,51,18,33,219,15,204,18.88888888888889,6.666666666666667,12.222222222222221,81.11111111111111,5.555555555555555,75.55555555555556
E00116798,309,83,63,20,226,20,206,26.860841423948216,20.388349514563107,6.472491909385113,73.13915857605178,6.472491909385113,66.66666666666666
E00116799,316,56,28,28,260,24,236,17.72151898734177,8.860759493670885,8.860759493670885,82.27848101265823,7.59493670886076,74.68354430379746
E00116800,248,54,20,34,194,29,165,21.774193548387096,8.064516129032258,13.709677419354838,78.2258064516129,11.693548387096774,66.53225806451613
E00116801,337,70,43,27,267,30,237,20.77151335311573,12.759643916913946,8.011869436201781,79.22848664688428,8.902077151335313,70.32640949554896
E00116802,286,52,16,36,234,33,201,18.181818181818183,5.594405594405594,12.587412587412588,81.81818181818183,11.538461538461538,70.27972027972028
E00116803,300,40,9,31,260,28,232,13.333333333333334,3,10.333333333333334,86.66666666666667,9.333333333333334,77.33333333333333
E00116804,301,70,38,32,231,26,205,23.25581395348837,12.624584717607974,10.631229235880399,76.74418604651163,8.637873754152823,68.10631229235881
E00116805,404,173,116,57,231,25,206,42.82178217821782,28.71287128712871,14.108910891089108,57.17821782178218,6.188118811881188,50.99009900990099
E00116806,429,59,17,42,370,31,339,13.752913752913754,3.9627039627039626,9.79020979020979,86.24708624708624,7.226107226107226,79.02097902097903
E00116807,325,88,47,41,237,26,211,27.076923076923077,14.461538461538462,12.615384615384615,72.92307692307692,8,64.92307692307693
E00116808,317,66,33,33,251,18,233,20.82018927444795,10.410094637223976,10.410094637223976,79.17981072555204,5.678233438485805,73.50157728706624
E00116809,310,45,20,25,265,34,231,14.516129032258066,6.451612903225806,8.064516129032258,85.48387096774194,10.967741935483872,74.51612903225806
E00116810,359,49,16,33,310,23,287,13.649025069637883,4.456824512534819,9.192200557103064,86.35097493036211,6.406685236768802,79.94428969359332
E00116811,234,37,16,21,197,17,180,15.81196581196581,6.837606837606838,8.974358974358974,84.1880341880342,7.264957264957266,76.92307692307693
E00116812,307,52,18,34,255,21,234,16.938110749185668,5.863192182410423,11.074918566775244,83.06188925081433,6.840390879478828,76.2214983713355
E00116813,365,55,12,43,310,34,276,15.068493150684931,3.287671232876712,11.78082191780822,84.93150684931507,9.315068493150685,75.61643835616438
E00116814,529,182,112,70,347,27,320,34.40453686200378,21.17202268431002,13.23251417769376,65.59546313799622,5.103969754253308,60.49149338374291
E00116815,384,67,21,46,317,40,277,17.447916666666664,5.46875,11.979166666666668,82.55208333333334,10.416666666666668,72.13541666666666
E00116816,354,63,23,40,291,30,261,17.796610169491526,6.497175141242938,11.299435028248588,82.20338983050848,8.47457627118644,73.72881355932203
E00116817,216,32,15,17,184,17,167,14.814814814814813,6.944444444444445,7.87037037037037,85.18518518518519,7.87037037037037,77.31481481481481
E00116818,256,30,9,21,226,11,215,11.71875,3.515625,8.203125,88.28125,4.296875,83.984375
E00116819,220,28,6,22,192,17,175,12.727272727272727,2.727272727272727,10,87.27272727272727,7.727272727272727,79.54545454545455
E00116820,248,45,14,31,203,40,163,18.14516129032258,5.64516129032258,12.5,81.85483870967742,16.129032258064516,65.7258064516129
E00116821,269,35,9,26,234,26,208,13.011152416356877,3.3457249070631967,9.66542750929368,86.98884758364312,9.66542750929368,77.32342007434944
E00116822,336,72,23,49,264,29,235,21.428571428571427,6.845238095238096,14.583333333333334,78.57142857142857,8.630952380952381,69.94047619047619
E00116823,330,58,27,31,272,24,248,17.575757575757574,8.181818181818182,9.393939393939393,82.42424242424242,7.2727272727272725,75.15151515151514
E00116824,299,39,12,27,260,24,236,13.043478260869565,4.013377926421405,9.03010033444816,86.95652173913044,8.02675585284281,78.92976588628763
E00116825,297,39,9,30,258,32,226,13.131313131313133,3.0303030303030303,10.1010101010101,86.86868686868688,10.774410774410773,76.0942760942761
E00116826,308,47,24,23,261,25,236,15.259740259740258,7.792207792207792,7.467532467532467,84.74025974025975,8.116883116883116,76.62337662337663
E00116827,344,55,20,35,289,35,254,15.988372093023257,5.813953488372093,10.174418604651162,84.01162790697676,10.174418604651162,73.83720930232558
E00116828,202,35,12,23,167,11,156,17.326732673267326,5.9405940594059405,11.386138613861387,82.67326732673267,5.445544554455446,77.22772277227723
E00116829,302,50,15,35,252,23,229,16.55629139072848,4.966887417218543,11.589403973509933,83.44370860927152,7.6158940397351,75.82781456953643
E00116830,384,73,14,59,311,36,275,19.010416666666664,3.6458333333333335,15.364583333333334,80.98958333333334,9.375,71.61458333333334
E00116831,331,59,20,39,272,22,250,17.82477341389728,6.042296072507553,11.782477341389729,82.17522658610272,6.646525679758309,75.52870090634441
E00116832,269,33,11,22,236,24,212,12.267657992565056,4.089219330855019,8.178438661710038,87.73234200743495,8.921933085501859,78.81040892193309
E00116833,245,39,16,23,206,21,185,15.918367346938775,6.530612244897959,9.387755102040817,84.08163265306122,8.571428571428571,75.51020408163265
E00116834,238,48,10,38,190,22,168,20.168067226890756,4.201680672268908,15.966386554621847,79.83193277310924,9.243697478991598,70.58823529411765
E00116835,219,43,18,25,176,23,153,19.63470319634703,8.21917808219178,11.415525114155251,80.36529680365297,10.50228310502283,69.86301369863014
E00116836,271,33,13,20,238,24,214,12.177121771217712,4.797047970479705,7.380073800738007,87.82287822878229,8.856088560885608,78.96678966789668
E00116837,280,47,16,31,233,33,200,16.785714285714285,5.714285714285714,11.071428571428571,83.21428571428572,11.785714285714285,71.42857142857143
E00116838,318,46,11,35,272,34,238,14.465408805031446,3.459119496855346,11.0062893081761,85.53459119496856,10.69182389937107,74.84276729559748
E00116839,323,54,12,42,269,27,242,16.718266253869967,3.7151702786377707,13.003095975232199,83.28173374613003,8.359133126934983,74.92260061919505
E00116840,354,61,23,38,293,30,263,17.231638418079097,6.497175141242938,10.734463276836157,82.7683615819209,8.47457627118644,74.29378531073446
E00116841,328,60,32,28,268,18,250,18.29268292682927,9.75609756097561,8.536585365853659,81.70731707317073,5.487804878048781,76.21951219512195
E00116842,311,56,18,38,255,25,230,18.006430868167204,5.787781350482315,12.218649517684888,81.9935691318328,8.038585209003216,73.95498392282958
E00116843,329,83,37,46,246,21,225,25.227963525835868,11.246200607902736,13.98176291793313,74.77203647416414,6.382978723404255,68.38905775075987
E00116844,290,45,18,27,245,37,208,15.517241379310345,6.206896551724138,9.310344827586208,84.48275862068965,12.758620689655173,71.72413793103448
E00116845,376,82,59,23,294,26,268,21.808510638297875,15.691489361702127,6.117021276595745,78.19148936170212,6.914893617021277,71.27659574468085
E00116846,215,36,11,25,179,15,164,16.74418604651163,5.116279069767442,11.627906976744185,83.25581395348837,6.976744186046512,76.27906976744187
E00116847,233,29,8,21,204,25,179,12.446351931330472,3.4334763948497855,9.012875536480687,87.55364806866953,10.72961373390558,76.82403433476395
E00116848,222,39,9,30,183,19,164,17.56756756756757,4.054054054054054,13.513513513513514,82.43243243243244,8.558558558558559,73.87387387387388
E00116849,255,43,12,31,212,25,187,16.862745098039216,4.705882352941177,12.156862745098039,83.13725490196079,9.803921568627452,73.33333333333333
E00116850,250,36,9,27,214,44,170,14.399999999999999,3.5999999999999996,10.8,85.6,17.599999999999998,68
E00116851,273,45,13,32,228,24,204,16.483516483516482,4.761904761904762,11.72161172161172,83.51648351648352,8.791208791208792,74.72527472527473
E00116852,233,19,4,15,214,15,199,8.15450643776824,1.7167381974248928,6.437768240343347,91.84549356223177,6.437768240343347,85.40772532188842
E00116853,339,37,11,26,302,27,275,10.914454277286136,3.2448377581120944,7.669616519174041,89.08554572271386,7.964601769911504,81.12094395280236
E00116854,235,45,11,34,190,23,167,19.148936170212767,4.680851063829787,14.468085106382977,80.85106382978722,9.787234042553191,71.06382978723404
E00116855,315,44,11,33,271,30,241,13.968253968253968,3.492063492063492,10.476190476190476,86.03174603174604,9.523809523809524,76.5079365079365
E00116856,297,66,24,42,231,28,203,22.22222222222222,8.080808080808081,14.14141414141414,77.77777777777779,9.427609427609427,68.35016835016835
E00116857,291,65,36,29,226,25,201,22.336769759450174,12.371134020618557,9.965635738831615,77.66323024054984,8.59106529209622,69.0721649484536
E00116858,352,49,17,32,303,23,280,13.920454545454545,4.829545454545454,9.090909090909092,86.07954545454545,6.534090909090909,79.54545454545455
E00116859,433,62,13,49,371,24,347,14.318706697459586,3.0023094688221708,11.316397228637413,85.68129330254041,5.542725173210162,80.13856812933025
E00116860,267,33,14,19,234,16,218,12.359550561797752,5.2434456928838955,7.116104868913857,87.64044943820225,5.992509363295881,81.64794007490637
E00116861,367,58,26,32,309,27,282,15.803814713896458,7.084468664850137,8.71934604904632,84.19618528610354,7.3569482288828345,76.83923705722071
E00116862,304,59,26,33,245,21,224,19.407894736842106,8.552631578947368,10.855263157894738,80.5921052631579,6.907894736842106,73.68421052631578
E00116863,280,39,12,27,241,18,223,13.928571428571429,4.285714285714286,9.642857142857144,86.07142857142858,6.428571428571428,79.64285714285714
E00116864,317,31,13,18,286,26,260,9.779179810725552,4.100946372239748,5.678233438485805,90.22082018927445,8.201892744479496,82.01892744479495
E00116865,288,46,11,35,242,25,217,15.972222222222221,3.8194444444444446,12.152777777777777,84.02777777777779,8.680555555555555,75.34722222222221
E00116866,218,30,10,20,188,19,169,13.761467889908257,4.587155963302752,9.174311926605505,86.23853211009175,8.715596330275229,77.52293577981652
E00116867,341,57,23,34,284,18,266,16.715542521994134,6.744868035190615,9.970674486803519,83.28445747800586,5.278592375366569,78.00586510263929
E00116868,161,15,7,8,146,19,127,9.316770186335404,4.3478260869565215,4.968944099378882,90.6832298136646,11.801242236024844,78.88198757763976
E00116869,242,43,12,31,199,12,187,17.768595041322314,4.958677685950414,12.8099173553719,82.23140495867769,4.958677685950414,77.27272727272727
E00116870,301,54,24,30,247,32,215,17.940199335548172,7.973421926910299,9.966777408637874,82.05980066445183,10.631229235880399,71.42857142857143
E00116871,469,58,22,36,411,37,374,12.366737739872068,4.690831556503198,7.675906183368871,87.63326226012794,7.889125799573561,79.74413646055437
E00116872,303,33,7,26,270,26,244,10.891089108910892,2.31023102310231,8.58085808580858,89.10891089108911,8.58085808580858,80.52805280528052
E00116873,348,74,37,37,274,24,250,21.26436781609195,10.632183908045976,10.632183908045976,78.73563218390804,6.896551724137931,71.83908045977012
E00116874,348,34,15,19,314,37,277,9.770114942528735,4.310344827586207,5.459770114942529,90.22988505747126,10.632183908045976,79.59770114942529
E00116875,411,99,40,59,312,33,279,24.087591240875913,9.732360097323602,14.355231143552311,75.91240875912408,8.02919708029197,67.88321167883211
E00116876,201,32,10,22,169,16,153,15.92039800995025,4.975124378109453,10.945273631840797,84.07960199004975,7.960199004975125,76.11940298507463
E00116877,394,52,21,31,342,27,315,13.19796954314721,5.32994923857868,7.868020304568528,86.80203045685279,6.852791878172589,79.94923857868021
E00116878,115,15,5,10,100,6,94,13.043478260869565,4.3478260869565215,8.695652173913043,86.95652173913044,5.217391304347826,81.73913043478261
E00116879,276,30,7,23,246,20,226,10.869565217391305,2.536231884057971,8.333333333333332,89.13043478260869,7.246376811594203,81.88405797101449
E00116880,296,61,26,35,235,25,210,20.60810810810811,8.783783783783784,11.824324324324325,79.3918918918919,8.445945945945946,70.94594594594594
E00116881,286,50,15,35,236,28,208,17.482517482517483,5.244755244755245,12.237762237762238,82.51748251748252,9.79020979020979,72.72727272727273
E00116882,318,63,25,38,255,30,225,19.81132075471698,7.861635220125786,11.949685534591195,80.18867924528303,9.433962264150944,70.75471698113208
E00116883,301,34,9,25,267,25,242,11.295681063122924,2.990033222591362,8.305647840531561,88.70431893687709,8.305647840531561,80.39867109634552
E00116884,544,93,30,63,451,49,402,17.09558823529412,5.514705882352941,11.580882352941178,82.90441176470588,9.007352941176471,73.89705882352942
E00116885,340,77,44,33,263,25,238,22.647058823529413,12.941176470588237,9.705882352941178,77.3529411764706,7.352941176470589,70
E00116886,314,74,38,36,240,21,219,23.56687898089172,12.101910828025478,11.464968152866243,76.43312101910828,6.687898089171974,69.7452229299363
E00116887,369,61,20,41,308,30,278,16.53116531165312,5.420054200542006,11.11111111111111,83.46883468834689,8.130081300813007,75.33875338753387
E00116888,240,33,13,20,207,31,176,13.750000000000002,5.416666666666667,8.333333333333332,86.25,12.916666666666668,73.33333333333333
E00116889,239,33,9,24,206,11,195,13.807531380753138,3.765690376569038,10.0418410041841,86.19246861924687,4.602510460251046,81.58995815899581
E00116890,276,44,15,29,232,24,208,15.942028985507244,5.434782608695652,10.507246376811594,84.05797101449275,8.695652173913043,75.36231884057972
E00116891,260,48,11,37,212,29,183,18.461538461538463,4.230769230769231,14.23076923076923,81.53846153846153,11.153846153846155,70.38461538461539
E00116892,216,57,24,33,159,19,140,26.38888888888889,11.11111111111111,15.277777777777779,73.61111111111111,8.796296296296296,64.81481481481481
E00116893,290,50,20,30,240,25,215,17.24137931034483,6.896551724137931,10.344827586206897,82.75862068965517,8.620689655172415,74.13793103448276
E00116894,376,59,24,35,317,38,279,15.691489361702127,6.382978723404255,9.308510638297872,84.30851063829788,10.106382978723403,74.20212765957447
E00116895,342,34,6,28,308,33,275,9.941520467836257,1.7543859649122806,8.187134502923977,90.05847953216374,9.649122807017543,80.4093567251462
E00116896,286,53,23,30,233,26,207,18.53146853146853,8.041958041958042,10.48951048951049,81.46853146853147,9.090909090909092,72.37762237762237
E00116897,313,72,39,33,241,22,219,23.003194888178914,12.460063897763577,10.543130990415335,76.99680511182109,7.0287539936102235,69.96805111821087
E00116898,299,66,24,42,233,8,225,22.073578595317723,8.02675585284281,14.046822742474916,77.92642140468227,2.6755852842809364,75.25083612040135
E00116899,329,96,42,54,233,29,204,29.17933130699088,12.76595744680851,16.41337386018237,70.82066869300911,8.814589665653495,62.00607902735562
E00116900,429,119,55,64,310,22,288,27.73892773892774,12.82051282051282,14.918414918414918,72.26107226107226,5.128205128205128,67.13286713286713
E00116901,341,50,20,30,291,29,262,14.66275659824047,5.865102639296188,8.797653958944283,85.33724340175954,8.504398826979472,76.83284457478005
E00116902,393,85,15,70,308,26,282,21.62849872773537,3.816793893129771,17.8117048346056,78.37150127226464,6.615776081424936,71.7557251908397
E00116903,285,35,8,27,250,34,216,12.280701754385964,2.807017543859649,9.473684210526317,87.71929824561403,11.929824561403509,75.78947368421053
E00116904,290,48,12,36,242,33,209,16.551724137931036,4.137931034482759,12.413793103448276,83.44827586206897,11.379310344827587,72.06896551724138
E00116905,263,62,21,41,201,26,175,23.574144486692013,7.984790874524715,15.5893536121673,76.42585551330798,9.885931558935361,66.53992395437263
E00116908,288,59,30,29,229,31,198,20.48611111111111,10.416666666666668,10.069444444444445,79.51388888888889,10.76388888888889,68.75
E00116909,142,59,27,32,83,11,72,41.54929577464789,19.014084507042252,22.535211267605636,58.45070422535211,7.746478873239436,50.70422535211267
E00116910,163,27,13,14,136,13,123,16.56441717791411,7.975460122699387,8.588957055214724,83.43558282208589,7.975460122699387,75.4601226993865
E00116911,218,32,11,21,186,25,161,14.678899082568808,5.045871559633028,9.63302752293578,85.3211009174312,11.46788990825688,73.85321100917432
E00116912,328,56,25,31,272,31,241,17.073170731707318,7.621951219512195,9.451219512195122,82.92682926829268,9.451219512195122,73.47560975609755
E00116913,328,42,13,29,286,29,257,12.804878048780488,3.9634146341463414,8.841463414634147,87.1951219512195,8.841463414634147,78.35365853658537
E00116914,215,45,12,33,170,18,152,20.930232558139537,5.5813953488372094,15.348837209302326,79.06976744186046,8.372093023255815,70.69767441860465
E00116915,324,34,11,23,290,36,254,10.493827160493826,3.3950617283950617,7.098765432098765,89.50617283950618,11.11111111111111,78.39506172839506
E00116916,213,30,10,20,183,16,167,14.084507042253522,4.694835680751173,9.389671361502346,85.91549295774648,7.511737089201878,78.40375586854461
E00116917,116,35,15,20,81,9,72,30.17241379310345,12.931034482758621,17.24137931034483,69.82758620689656,7.758620689655173,62.06896551724138
E00116918,268,39,14,25,229,34,195,14.55223880597015,5.223880597014925,9.328358208955224,85.44776119402985,12.686567164179104,72.76119402985076
E00116919,230,48,16,32,182,22,160,20.869565217391305,6.956521739130435,13.91304347826087,79.13043478260869,9.565217391304348,69.56521739130434
E00116920,239,76,38,38,163,20,143,31.799163179916317,15.899581589958158,15.899581589958158,68.20083682008368,8.368200836820083,59.83263598326359
E00116921,433,79,32,47,354,31,323,18.244803695150118,7.390300230946882,10.854503464203233,81.75519630484989,7.159353348729793,74.5958429561201
E00116922,381,58,18,40,323,21,302,15.223097112860891,4.724409448818897,10.498687664041995,84.7769028871391,5.511811023622047,79.26509186351706
E00116923,227,36,16,20,191,10,181,15.859030837004406,7.048458149779736,8.81057268722467,84.14096916299559,4.405286343612335,79.73568281938326
E00116924,342,38,10,28,304,25,279,11.11111111111111,2.923976608187134,8.187134502923977,88.88888888888889,7.309941520467836,81.57894736842105
E00116925,239,35,13,22,204,20,184,14.644351464435147,5.439330543933055,9.205020920502092,85.35564853556485,8.368200836820083,76.98744769874477
E00116926,264,39,11,28,225,25,200,14.772727272727273,4.166666666666666,10.606060606060606,85.22727272727273,9.469696969696969,75.75757575757575
E00116927,413,66,22,44,347,35,312,15.980629539951574,5.326876513317192,10.653753026634384,84.01937046004842,8.47457627118644,75.54479418886199
E00116928,142,20,1,19,122,8,114,14.084507042253522,0.7042253521126761,13.380281690140844,85.91549295774648,5.633802816901409,80.28169014084507
E00116929,155,14,5,9,141,21,120,9.032258064516128,3.225806451612903,5.806451612903226,90.96774193548387,13.548387096774196,77.41935483870968
E00116930,219,25,8,17,194,19,175,11.415525114155251,3.65296803652968,7.76255707762557,88.58447488584474,8.67579908675799,79.90867579908677
E00116931,176,38,16,22,138,25,113,21.59090909090909,9.090909090909092,12.5,78.4090909090909,14.204545454545455,64.20454545454545
E00116932,278,33,10,23,245,42,203,11.870503597122301,3.5971223021582732,8.273381294964029,88.12949640287769,15.107913669064748,73.02158273381295
E00116933,338,37,16,21,301,29,272,10.946745562130179,4.733727810650888,6.21301775147929,89.05325443786982,8.579881656804734,80.4733727810651
E00116934,259,55,15,40,204,19,185,21.235521235521233,5.7915057915057915,15.444015444015443,78.76447876447877,7.335907335907336,71.42857142857143
E00116935,326,74,26,48,252,23,229,22.699386503067483,7.975460122699387,14.723926380368098,77.30061349693251,7.05521472392638,70.24539877300614
E00116936,300,41,14,27,259,14,245,13.666666666666666,4.666666666666667,9,86.33333333333333,4.666666666666667,81.66666666666667
E00116937,300,64,31,33,236,24,212,21.333333333333336,10.333333333333334,11,78.66666666666666,8,70.66666666666667
E00116938,252,38,11,27,214,11,203,15.079365079365079,4.365079365079365,10.714285714285714,84.92063492063492,4.365079365079365,80.55555555555556
E00116939,369,71,26,45,298,39,259,19.241192411924118,7.046070460704606,12.195121951219512,80.75880758807588,10.569105691056912,70.18970189701898
E00116940,273,43,11,32,230,29,201,15.75091575091575,4.029304029304029,11.72161172161172,84.24908424908425,10.622710622710622,73.62637362637363
E00116941,288,49,18,31,239,26,213,17.01388888888889,6.25,10.76388888888889,82.98611111111111,9.027777777777777,73.95833333333334
E00116942,270,71,23,48,199,28,171,26.296296296296294,8.518518518518519,17.77777777777778,73.70370370370371,10.37037037037037,63.33333333333333
E00116943,284,58,26,32,226,32,194,20.422535211267608,9.15492957746479,11.267605633802818,79.5774647887324,11.267605633802818,68.30985915492957
E00116944,267,29,7,22,238,24,214,10.861423220973784,2.6217228464419478,8.239700374531834,89.13857677902621,8.98876404494382,80.14981273408239
E00116945,275,35,14,21,240,22,218,12.727272727272727,5.090909090909091,7.636363636363637,87.27272727272727,8,79.27272727272727
E00116946,274,55,27,28,219,19,200,20.072992700729927,9.854014598540147,10.218978102189782,79.92700729927007,6.934306569343065,72.99270072992701
E00116947,290,47,15,32,243,27,216,16.206896551724135,5.172413793103448,11.03448275862069,83.79310344827586,9.310344827586208,74.48275862068967
E00116948,213,62,22,40,151,17,134,29.107981220657276,10.328638497652582,18.779342723004692,70.89201877934272,7.981220657276995,62.91079812206573
E00116949,287,40,11,29,247,24,223,13.937282229965156,3.8327526132404177,10.104529616724738,86.06271777003485,8.362369337979095,77.70034843205575
E00116950,242,46,14,32,196,14,182,19.00826446280992,5.785123966942149,13.223140495867769,80.99173553719008,5.785123966942149,75.20661157024794
E00116951,313,62,27,35,251,10,241,19.808306709265175,8.626198083067091,11.182108626198083,80.19169329073482,3.1948881789137378,76.99680511182109
E00116952,415,92,40,52,323,40,283,22.16867469879518,9.63855421686747,12.530120481927712,77.83132530120483,9.63855421686747,68.19277108433735
E00116953,304,75,25,50,229,36,193,24.671052631578945,8.223684210526317,16.447368421052634,75.32894736842105,11.842105263157894,63.48684210526315
E00116954,265,103,50,53,162,23,139,38.86792452830189,18.867924528301888,20,61.13207547169811,8.679245283018867,52.45283018867924
E00116955,301,49,18,31,252,25,227,16.27906976744186,5.980066445182724,10.299003322259136,83.72093023255815,8.305647840531561,75.41528239202658
E00116956,274,30,7,23,244,27,217,10.948905109489052,2.5547445255474455,8.394160583941606,89.05109489051095,9.854014598540147,79.1970802919708
E00116957,292,49,11,38,243,20,223,16.78082191780822,3.767123287671233,13.013698630136986,83.21917808219177,6.8493150684931505,76.36986301369863
E00116958,225,43,15,28,182,17,165,19.11111111111111,6.666666666666667,12.444444444444445,80.88888888888889,7.555555555555555,73.33333333333333
E00116959,345,88,26,62,257,30,227,25.507246376811594,7.536231884057972,17.971014492753625,74.4927536231884,8.695652173913043,65.79710144927536
E00116960,322,70,34,36,252,22,230,21.73913043478261,10.559006211180124,11.180124223602485,78.26086956521739,6.832298136645963,71.42857142857143
E00116961,310,52,12,40,258,21,237,16.7741935483871,3.870967741935484,12.903225806451612,83.22580645161291,6.774193548387098,76.45161290322581
E00116962,176,54,28,26,122,13,109,30.681818181818183,15.909090909090908,14.772727272727273,69.31818181818183,7.386363636363637,61.93181818181818
E00116963,294,45,19,26,249,21,228,15.306122448979592,6.462585034013606,8.843537414965986,84.6938775510204,7.142857142857142,77.55102040816327
E00116964,280,50,14,36,230,25,205,17.857142857142858,5,12.857142857142856,82.14285714285714,8.928571428571429,73.21428571428571
E00116965,288,51,16,35,237,26,211,17.708333333333336,5.555555555555555,12.152777777777777,82.29166666666666,9.027777777777777,73.26388888888889
E00116966,278,45,16,29,233,25,208,16.18705035971223,5.755395683453238,10.431654676258994,83.81294964028777,8.992805755395683,74.82014388489209
E00116967,354,88,40,48,266,34,232,24.858757062146893,11.299435028248588,13.559322033898304,75.14124293785311,9.6045197740113,65.5367231638418
E00116968,250,62,22,40,188,19,169,24.8,8.799999999999999,16,75.2,7.6,67.60000000000001
E00116970,288,55,18,37,233,32,201,19.09722222222222,6.25,12.847222222222221,80.90277777777779,11.11111111111111,69.79166666666666
E00116971,375,68,29,39,307,31,276,18.133333333333333,7.733333333333333,10.4,81.86666666666666,8.266666666666666,73.6
E00116972,323,81,47,34,242,24,218,25.077399380804955,14.551083591331269,10.526315789473683,74.92260061919505,7.430340557275541,67.49226006191951
E00116973,314,42,18,24,272,29,243,13.375796178343949,5.7324840764331215,7.643312101910828,86.62420382165605,9.235668789808917,77.38853503184714
E00116974,282,51,18,33,231,30,201,18.085106382978726,6.382978723404255,11.702127659574469,81.91489361702128,10.638297872340425,71.27659574468085
E00116975,294,49,18,31,245,29,216,16.666666666666664,6.122448979591836,10.54421768707483,83.33333333333334,9.863945578231291,73.46938775510205
E00116976,338,95,50,45,243,26,217,28.106508875739642,14.792899408284024,13.313609467455622,71.89349112426035,7.6923076923076925,64.20118343195266
E00116977,369,82,54,28,287,39,248,22.22222222222222,14.634146341463413,7.588075880758807,77.77777777777779,10.569105691056912,67.20867208672087
E00116978,397,105,56,49,292,38,254,26.448362720403022,14.105793450881613,12.34256926952141,73.55163727959699,9.571788413098236,63.97984886649874
E00116979,271,45,20,25,226,23,203,16.605166051660518,7.380073800738007,9.22509225092251,83.39483394833948,8.487084870848708,74.90774907749078
E00116980,291,48,17,31,243,17,226,16.49484536082474,5.841924398625429,10.652920962199312,83.50515463917526,5.841924398625429,77.66323024054984
E00116981,550,87,42,45,463,59,404,15.818181818181817,7.636363636363637,8.181818181818182,84.18181818181819,10.727272727272727,73.45454545454545
E00116982,287,34,13,21,253,23,230,11.846689895470384,4.529616724738676,7.317073170731707,88.15331010452961,8.013937282229964,80.13937282229965
E00116983,286,59,23,36,227,17,210,20.62937062937063,8.041958041958042,12.587412587412588,79.37062937062937,5.944055944055944,73.42657342657343
E00116984,287,54,16,38,233,23,210,18.81533101045296,5.574912891986063,13.240418118466899,81.18466898954703,8.013937282229964,73.17073170731707
E00116985,321,44,14,30,277,22,255,13.707165109034266,4.361370716510903,9.345794392523365,86.29283489096574,6.853582554517133,79.43925233644859
E00116986,269,35,10,25,234,33,201,13.011152416356877,3.717472118959108,9.293680297397769,86.98884758364312,12.267657992565056,74.72118959107806
E00116987,256,67,30,37,189,21,168,26.171875,11.71875,14.453125,73.828125,8.203125,65.625
E00116988,296,36,16,20,260,22,238,12.162162162162163,5.405405405405405,6.756756756756757,87.83783783783784,7.4324324324324325,80.4054054054054
E00116989,310,61,33,28,249,27,222,19.67741935483871,10.64516129032258,9.032258064516128,80.3225806451613,8.709677419354838,71.61290322580646
E00116990,281,47,15,32,234,27,207,16.72597864768683,5.338078291814947,11.387900355871885,83.27402135231317,9.608540925266903,73.66548042704626
E00116991,240,65,26,39,175,20,155,27.083333333333332,10.833333333333334,16.25,72.91666666666666,8.333333333333332,64.58333333333334
E00116992,239,59,29,30,180,20,160,24.686192468619247,12.133891213389122,12.552301255230125,75.31380753138075,8.368200836820083,66.94560669456067
E00116993,223,33,8,25,190,23,167,14.798206278026907,3.587443946188341,11.210762331838566,85.20179372197309,10.31390134529148,74.88789237668162
E00116994,382,65,21,44,317,35,282,17.015706806282722,5.49738219895288,11.518324607329843,82.98429319371728,9.162303664921465,73.82198952879581
E00116995,116,18,9,9,98,8,90,15.517241379310345,7.758620689655173,7.758620689655173,84.48275862068965,6.896551724137931,77.58620689655173
E00116996,287,87,55,32,200,25,175,30.313588850174217,19.16376306620209,11.149825783972126,69.68641114982579,8.710801393728223,60.97560975609756
E00116997,208,16,6,10,192,10,182,7.6923076923076925,2.8846153846153846,4.807692307692308,92.3076923076923,4.807692307692308,87.5
E00116998,284,67,28,39,217,25,192,23.591549295774648,9.859154929577464,13.732394366197184,76.40845070422534,8.80281690140845,67.6056338028169
E00116999,271,33,11,22,238,15,223,12.177121771217712,4.059040590405904,8.118081180811808,87.82287822878229,5.535055350553505,82.28782287822878
E00117000,304,51,17,34,253,25,228,16.776315789473685,5.592105263157895,11.18421052631579,83.22368421052632,8.223684210526317,75
E00117001,270,40,13,27,230,24,206,14.814814814814813,4.814814814814815,10,85.18518518518519,8.88888888888889,76.29629629629629
E00117002,300,37,17,20,263,29,234,12.333333333333334,5.666666666666666,6.666666666666667,87.66666666666667,9.666666666666666,78
E00117003,254,46,17,29,208,18,190,18.11023622047244,6.692913385826772,11.41732283464567,81.88976377952756,7.086614173228346,74.80314960629921
E00117004,179,44,22,22,135,14,121,24.581005586592177,12.290502793296088,12.290502793296088,75.41899441340783,7.82122905027933,67.59776536312849
E00117005,320,61,26,35,259,34,225,19.0625,8.125,10.9375,80.9375,10.625,70.3125
E00117006,454,85,34,51,369,28,341,18.722466960352424,7.488986784140969,11.233480176211454,81.27753303964758,6.167400881057269,75.1101321585903
E00117007,336,57,20,37,279,29,250,16.964285714285715,5.952380952380952,11.011904761904761,83.03571428571429,8.630952380952381,74.40476190476191
E00117008,311,47,20,27,264,29,235,15.112540192926044,6.430868167202572,8.681672025723474,84.88745980707395,9.32475884244373,75.56270096463022
E00117009,390,46,17,29,344,20,324,11.794871794871794,4.358974358974359,7.435897435897436,88.2051282051282,5.128205128205128,83.07692307692308
E00117010,352,57,17,40,295,18,277,16.193181818181817,4.829545454545454,11.363636363636363,83.80681818181817,5.113636363636364,78.69318181818183
E00117011,338,60,23,37,278,27,251,17.75147928994083,6.8047337278106506,10.946745562130179,82.24852071005917,7.988165680473373,74.2603550295858
E00117012,347,79,38,41,268,20,248,22.76657060518732,10.951008645533141,11.815561959654179,77.23342939481267,5.763688760806916,71.46974063400576
E00117013,297,68,29,39,229,23,206,22.895622895622896,9.764309764309765,13.131313131313133,77.10437710437711,7.744107744107744,69.36026936026936
E00117014,337,45,17,28,292,28,264,13.353115727002967,5.044510385756676,8.30860534124629,86.64688427299704,8.30860534124629,78.33827893175074
E00117015,317,65,32,33,252,26,226,20.50473186119874,10.094637223974763,10.410094637223976,79.49526813880126,8.201892744479496,71.29337539432177
E00117016,275,71,36,35,204,22,182,25.818181818181817,13.090909090909092,12.727272727272727,74.18181818181819,8,66.18181818181819
E00117017,579,133,53,80,446,29,417,22.9706390328152,9.153713298791018,13.81692573402418,77.0293609671848,5.008635578583765,72.02072538860104
E00117018,301,51,22,29,250,28,222,16.943521594684384,7.308970099667775,9.634551495016613,83.05647840531562,9.30232558139535,73.75415282392026
E00117019,360,52,18,34,308,31,277,14.444444444444443,5,9.444444444444445,85.55555555555556,8.61111111111111,76.94444444444444
E00117020,180,66,39,27,114,7,107,36.666666666666664,21.666666666666668,15,63.33333333333333,3.888888888888889,59.44444444444444
E00117021,357,113,59,54,244,21,223,31.652661064425768,16.5266106442577,15.126050420168067,68.34733893557423,5.88235294117647,62.46498599439776
E00117022,308,65,22,43,243,19,224,21.1038961038961,7.142857142857142,13.96103896103896,78.8961038961039,6.1688311688311686,72.72727272727273
E00117023,258,69,29,40,189,20,169,26.744186046511626,11.24031007751938,15.503875968992247,73.25581395348837,7.751937984496124,65.50387596899225
E00117024,256,45,15,30,211,24,187,17.578125,5.859375,11.71875,82.421875,9.375,73.046875
E00117025,303,43,18,25,260,23,237,14.19141914191419,5.9405940594059405,8.25082508250825,85.8085808580858,7.590759075907591,78.21782178217822
E00117026,248,38,10,28,210,30,180,15.32258064516129,4.032258064516129,11.29032258064516,84.67741935483872,12.096774193548388,72.58064516129032
E00117027,304,56,30,26,248,34,214,18.421052631578945,9.868421052631579,8.552631578947368,81.57894736842105,11.18421052631579,70.39473684210526
E00117028,313,49,22,27,264,33,231,15.654952076677317,7.0287539936102235,8.626198083067091,84.34504792332268,10.543130990415335,73.80191693290735
E00117029,395,69,39,30,326,31,295,17.468354430379744,9.873417721518987,7.59493670886076,82.53164556962025,7.848101265822785,74.68354430379746
E00117030,335,51,12,39,284,23,261,15.223880597014924,3.582089552238806,11.641791044776118,84.77611940298507,6.865671641791045,77.91044776119404
E00117031,314,59,19,40,255,21,234,18.789808917197455,6.050955414012739,12.738853503184714,81.21019108280255,6.687898089171974,74.52229299363057
E00117032,410,78,34,44,332,32,300,19.024390243902438,8.292682926829269,10.731707317073171,80.97560975609757,7.804878048780488,73.17073170731707
E00117033,290,57,15,42,233,22,211,19.655172413793103,5.172413793103448,14.482758620689657,80.3448275862069,7.586206896551724,72.75862068965517
E00117034,340,54,19,35,286,28,258,15.88235294117647,5.588235294117648,10.294117647058822,84.11764705882354,8.235294117647058,75.88235294117646
E00117035,303,68,26,42,235,23,212,22.442244224422442,8.58085808580858,13.861386138613863,77.55775577557755,7.590759075907591,69.96699669966998
E00117036,369,42,14,28,327,35,292,11.38211382113821,3.7940379403794036,7.588075880758807,88.6178861788618,9.48509485094851,79.13279132791328
E00117037,324,68,18,50,256,24,232,20.98765432098765,5.555555555555555,15.432098765432098,79.01234567901234,7.4074074074074066,71.60493827160494
E00117038,244,48,22,26,196,15,181,19.672131147540984,9.01639344262295,10.655737704918032,80.32786885245902,6.147540983606557,74.18032786885246
E00117039,294,71,25,46,223,31,192,24.149659863945576,8.503401360544217,15.646258503401361,75.85034013605441,10.54421768707483,65.3061224489796
E00117040,361,67,27,40,294,31,263,18.559556786703602,7.479224376731302,11.080332409972298,81.4404432132964,8.587257617728532,72.85318559556787
E00117041,233,58,20,38,175,20,155,24.892703862660944,8.583690987124463,16.30901287553648,75.10729613733905,8.583690987124463,66.52360515021459
E00117042,335,46,18,28,289,23,266,13.73134328358209,5.3731343283582085,8.358208955223882,86.26865671641791,6.865671641791045,79.40298507462687
E00117043,271,45,16,29,226,21,205,16.605166051660518,5.904059040590406,10.70110701107011,83.39483394833948,7.7490774907749085,75.64575645756457
E00117044,243,46,18,28,197,19,178,18.930041152263374,7.4074074074074066,11.522633744855968,81.06995884773663,7.818930041152264,73.25102880658436
E00117045,244,40,16,24,204,30,174,16.39344262295082,6.557377049180328,9.836065573770492,83.60655737704919,12.295081967213115,71.31147540983606
E00117046,298,48,19,29,250,23,227,16.10738255033557,6.375838926174497,9.731543624161073,83.89261744966443,7.718120805369128,76.1744966442953
E00117047,383,48,21,27,335,44,291,12.532637075718014,5.483028720626632,7.049608355091384,87.46736292428199,11.488250652741515,75.97911227154047
E00117048,113,34,12,22,79,11,68,30.08849557522124,10.619469026548673,19.469026548672566,69.91150442477876,9.734513274336283,60.17699115044248
E00117049,263,36,9,27,227,25,202,13.688212927756654,3.4220532319391634,10.26615969581749,86.31178707224335,9.505703422053232,76.80608365019012
E00117050,327,62,24,38,265,37,228,18.960244648318042,7.339449541284404,11.62079510703364,81.03975535168195,11.314984709480122,69.72477064220183
E00117051,405,60,22,38,345,35,310,14.814814814814813,5.432098765432099,9.382716049382717,85.18518518518519,8.641975308641975,76.5432098765432
E00117052,149,18,9,9,131,14,117,12.080536912751679,6.0402684563758395,6.0402684563758395,87.91946308724832,9.395973154362416,78.52348993288591
E00117053,348,69,31,38,279,24,255,19.82758620689655,8.908045977011495,10.919540229885058,80.17241379310344,6.896551724137931,73.27586206896551
E00117054,370,66,21,45,304,31,273,17.83783783783784,5.675675675675676,12.162162162162163,82.16216216216216,8.378378378378379,73.78378378378379
E00117056,259,44,16,28,215,26,189,16.988416988416986,6.177606177606178,10.81081081081081,83.01158301158301,10.038610038610038,72.97297297297297
E00117057,308,39,12,27,269,31,238,12.662337662337661,3.896103896103896,8.766233766233766,87.33766233766234,10.064935064935066,77.27272727272727
E00117058,283,48,15,33,235,26,209,16.96113074204947,5.30035335689046,11.66077738515901,83.03886925795054,9.187279151943462,73.85159010600707
E00117059,249,52,26,26,197,26,171,20.883534136546185,10.441767068273093,10.441767068273093,79.11646586345381,10.441767068273093,68.67469879518072
E00117060,255,54,17,37,201,34,167,21.176470588235293,6.666666666666667,14.50980392156863,78.82352941176471,13.333333333333334,65.49019607843137
E00117061,270,69,36,33,201,19,182,25.555555555555554,13.333333333333334,12.222222222222221,74.44444444444444,7.037037037037037,67.4074074074074
E00117062,292,93,46,47,199,30,169,31.84931506849315,15.753424657534246,16.095890410958905,68.15068493150685,10.273972602739725,57.87671232876712
E00117063,284,57,19,38,227,31,196,20.070422535211268,6.690140845070422,13.380281690140844,79.92957746478874,10.915492957746478,69.01408450704226
E00117064,331,86,39,47,245,24,221,25.981873111782477,11.782477341389729,14.19939577039275,74.01812688821752,7.250755287009064,66.76737160120845
E00117065,248,78,29,49,170,12,158,31.451612903225808,11.693548387096774,19.758064516129032,68.54838709677419,4.838709677419355,63.70967741935484
E00117066,287,40,12,28,247,32,215,13.937282229965156,4.181184668989547,9.75609756097561,86.06271777003485,11.149825783972126,74.91289198606272
E00117067,277,27,6,21,250,33,217,9.747292418772563,2.166064981949458,7.581227436823104,90.25270758122743,11.913357400722022,78.33935018050542
E00117068,300,46,13,33,254,36,218,15.333333333333332,4.333333333333334,11,84.66666666666667,12,72.66666666666667
E00117069,314,67,28,39,247,27,220,21.337579617834397,8.9171974522293,12.420382165605096,78.6624203821656,8.598726114649681,70.06369426751591
E00117070,321,60,20,40,261,30,231,18.69158878504673,6.230529595015576,12.461059190031152,81.30841121495327,9.345794392523365,71.96261682242991
E00117071,324,49,20,29,275,22,253,15.123456790123457,6.172839506172839,8.950617283950617,84.87654320987654,6.790123456790123,78.08641975308642
E00117072,262,34,7,27,228,23,205,12.977099236641221,2.6717557251908395,10.305343511450381,87.02290076335878,8.778625954198473,78.2442748091603
E00117073,313,52,22,30,261,28,233,16.61341853035144,7.0287539936102235,9.584664536741213,83.38658146964856,8.945686900958465,74.4408945686901
E00117074,244,53,20,33,191,23,168,21.721311475409834,8.19672131147541,13.524590163934427,78.27868852459017,9.426229508196721,68.85245901639344
E00117075,233,55,25,30,178,14,164,23.605150214592275,10.72961373390558,12.875536480686694,76.39484978540773,6.008583690987124,70.3862660944206
E00117076,226,45,16,29,181,25,156,19.911504424778762,7.079646017699115,12.831858407079647,80.08849557522124,11.061946902654867,69.02654867256636
E00117077,338,62,26,36,276,25,251,18.34319526627219,7.6923076923076925,10.650887573964498,81.65680473372781,7.396449704142012,74.2603550295858
E00117078,300,44,13,31,256,28,228,14.666666666666666,4.333333333333334,10.333333333333334,85.33333333333334,9.333333333333334,76
E00117079,268,33,9,24,235,23,212,12.313432835820896,3.3582089552238807,8.955223880597014,87.68656716417911,8.582089552238806,79.1044776119403
E00117080,260,59,14,45,201,18,183,22.692307692307693,5.384615384615385,17.307692307692307,77.3076923076923,6.923076923076923,70.38461538461539
E00117081,238,47,16,31,191,15,176,19.747899159663866,6.722689075630252,13.025210084033615,80.25210084033614,6.302521008403361,73.94957983193278
E00117082,160,75,38,37,85,9,76,46.875,23.75,23.125,53.125,5.625,47.5
E00117083,267,27,10,17,240,28,212,10.112359550561797,3.7453183520599254,6.367041198501873,89.8876404494382,10.486891385767791,79.40074906367042
E00117084,220,58,18,40,162,23,139,26.36363636363636,8.181818181818182,18.181818181818183,73.63636363636363,10.454545454545453,63.18181818181819
E00117085,243,31,9,22,212,22,190,12.757201646090536,3.7037037037037033,9.053497942386832,87.24279835390946,9.053497942386832,78.18930041152264
E00117086,241,33,11,22,208,29,179,13.692946058091287,4.564315352697095,9.12863070539419,86.30705394190872,12.033195020746888,74.27385892116183
E00117087,180,77,40,37,103,18,85,42.77777777777778,22.22222222222222,20.555555555555554,57.22222222222222,10,47.22222222222222
E00117088,287,48,21,27,239,22,217,16.72473867595819,7.317073170731707,9.40766550522648,83.27526132404182,7.665505226480835,75.60975609756098
E00117089,238,36,11,25,202,34,168,15.126050420168067,4.621848739495799,10.504201680672269,84.87394957983193,14.285714285714285,70.58823529411765
E00117090,263,43,12,31,220,20,200,16.34980988593156,4.562737642585551,11.787072243346007,83.65019011406845,7.604562737642586,76.04562737642586
E00117091,230,51,17,34,179,33,146,22.17391304347826,7.391304347826087,14.782608695652174,77.82608695652173,14.347826086956522,63.47826086956522
E00117092,295,41,10,31,254,17,237,13.898305084745763,3.389830508474576,10.508474576271185,86.10169491525423,5.762711864406779,80.33898305084746
E00117093,267,40,12,28,227,32,195,14.981273408239701,4.49438202247191,10.486891385767791,85.0187265917603,11.985018726591761,73.03370786516854
E00117094,326,64,18,46,262,22,240,19.631901840490798,5.521472392638037,14.11042944785276,80.3680981595092,6.748466257668712,73.61963190184049
E00117095,406,40,12,28,366,43,323,9.852216748768473,2.955665024630542,6.896551724137931,90.14778325123153,10.591133004926109,79.55665024630541
E00117096,384,56,22,34,328,22,306,14.583333333333334,5.729166666666666,8.854166666666668,85.41666666666666,5.729166666666666,79.6875
E00117097,338,109,80,29,229,25,204,32.24852071005917,23.668639053254438,8.579881656804734,67.75147928994083,7.396449704142012,60.35502958579882
E00117098,334,56,19,37,278,41,237,16.766467065868262,5.688622754491018,11.077844311377245,83.23353293413174,12.275449101796406,70.95808383233533
E00117099,230,55,18,37,175,19,156,23.91304347826087,7.82608695652174,16.08695652173913,76.08695652173914,8.26086956521739,67.82608695652173
E00117100,219,35,10,25,184,19,165,15.981735159817351,4.5662100456621,11.415525114155251,84.01826484018264,8.67579908675799,75.34246575342466
E00117101,304,83,55,28,221,28,193,27.302631578947366,18.092105263157894,9.210526315789473,72.69736842105263,9.210526315789473,63.48684210526315
E00117102,273,46,13,33,227,21,206,16.84981684981685,4.761904761904762,12.087912087912088,83.15018315018315,7.6923076923076925,75.45787545787546
E00117103,300,58,30,28,242,19,223,19.333333333333332,10,9.333333333333334,80.66666666666666,6.333333333333334,74.33333333333333
E00117106,227,35,13,22,192,20,172,15.418502202643172,5.726872246696035,9.691629955947137,84.58149779735683,8.81057268722467,75.77092511013215
E00117107,142,50,33,17,92,7,85,35.2112676056338,23.239436619718308,11.971830985915492,64.7887323943662,4.929577464788732,59.859154929577464
E00117108,214,34,15,19,180,24,156,15.887850467289718,7.009345794392523,8.878504672897195,84.11214953271028,11.214953271028037,72.89719626168224
E00117109,211,42,21,21,169,14,155,19.90521327014218,9.95260663507109,9.95260663507109,80.09478672985783,6.6350710900473935,73.45971563981043
E00117110,236,45,16,29,191,20,171,19.06779661016949,6.779661016949152,12.288135593220339,80.9322033898305,8.47457627118644,72.45762711864407
E00117111,261,40,13,27,221,27,194,15.32567049808429,4.980842911877394,10.344827586206897,84.67432950191571,10.344827586206897,74.32950191570882
E00117112,345,35,10,25,310,43,267,10.144927536231885,2.898550724637681,7.246376811594203,89.85507246376811,12.46376811594203,77.39130434782608
E00117113,387,59,20,39,328,28,300,15.245478036175712,5.167958656330749,10.077519379844961,84.75452196382429,7.235142118863049,77.51937984496125
E00117114,288,43,20,23,245,22,223,14.930555555555555,6.944444444444445,7.986111111111111,85.06944444444444,7.638888888888889,77.43055555555556
E00117115,301,47,20,27,254,26,228,15.614617940199334,6.64451827242525,8.970099667774086,84.38538205980066,8.637873754152823,75.74750830564784
E00117116,339,51,16,35,288,29,259,15.04424778761062,4.71976401179941,10.32448377581121,84.95575221238938,8.55457227138643,76.40117994100295
E00117117,465,95,39,56,370,46,324,20.43010752688172,8.38709677419355,12.043010752688172,79.56989247311827,9.89247311827957,69.6774193548387
E00117118,351,34,9,25,317,25,292,9.686609686609685,2.564102564102564,7.122507122507122,90.31339031339031,7.122507122507122,83.1908831908832
E00117119,293,77,40,37,216,20,196,26.27986348122867,13.651877133105803,12.627986348122866,73.72013651877133,6.825938566552901,66.89419795221842
E00117120,353,47,14,33,306,37,269,13.314447592067987,3.9660056657223794,9.34844192634561,86.68555240793201,10.48158640226629,76.20396600566572
E00117121,285,44,16,28,241,23,218,15.43859649122807,5.614035087719298,9.824561403508772,84.56140350877193,8.070175438596491,76.49122807017544
E00117122,608,51,12,39,557,43,514,8.388157894736842,1.9736842105263157,6.4144736842105265,91.61184210526315,7.072368421052631,84.53947368421053
E00117123,396,69,28,41,327,33,294,17.424242424242426,7.07070707070707,10.353535353535353,82.57575757575758,8.333333333333332,74.24242424242425
E00117124,479,84,34,50,395,48,347,17.536534446764094,7.09812108559499,10.438413361169102,82.4634655532359,10.020876826722338,72.44258872651356
E00117125,378,58,19,39,320,35,285,15.343915343915343,5.026455026455026,10.317460317460316,84.65608465608466,9.25925925925926,75.39682539682539
E00117126,262,45,14,31,217,22,195,17.17557251908397,5.343511450381679,11.83206106870229,82.82442748091603,8.396946564885496,74.42748091603053
E00117127,168,17,7,10,151,14,137,10.119047619047619,4.166666666666666,5.952380952380952,89.88095238095238,8.333333333333332,81.54761904761905
E00117128,367,46,18,28,321,34,287,12.534059945504087,4.904632152588556,7.629427792915531,87.46594005449592,9.264305177111716,78.2016348773842
E00117129,226,46,15,31,180,18,162,20.353982300884958,6.637168141592921,13.716814159292035,79.64601769911505,7.964601769911504,71.68141592920354
E00117130,303,59,20,39,244,33,211,19.471947194719473,6.6006600660066,12.871287128712872,80.52805280528052,10.891089108910892,69.63696369636963
E00117131,314,60,21,39,254,36,218,19.10828025477707,6.687898089171974,12.420382165605096,80.89171974522293,11.464968152866243,69.42675159235668
E00117132,232,32,7,25,200,27,173,13.793103448275861,3.0172413793103448,10.775862068965516,86.20689655172413,11.637931034482758,74.56896551724138
E00117133,271,54,15,39,217,16,201,19.92619926199262,5.535055350553505,14.391143911439114,80.07380073800738,5.904059040590406,74.16974169741697
E00117134,214,52,28,24,162,17,145,24.299065420560748,13.084112149532709,11.214953271028037,75.70093457943925,7.943925233644859,67.7570093457944
E00117135,356,71,24,47,285,30,255,19.9438202247191,6.741573033707865,13.202247191011235,80.0561797752809,8.426966292134832,71.62921348314607
E00117136,226,41,11,30,185,19,166,18.141592920353983,4.867256637168142,13.274336283185843,81.85840707964603,8.4070796460177,73.45132743362832
E00117137,218,41,13,28,177,21,156,18.807339449541285,5.963302752293578,12.844036697247708,81.19266055045871,9.63302752293578,71.55963302752293
E00117138,196,48,16,32,148,15,133,24.489795918367346,8.16326530612245,16.3265306122449,75.51020408163265,7.653061224489796,67.85714285714286
E00117139,225,53,19,34,172,11,161,23.555555555555554,8.444444444444445,15.11111111111111,76.44444444444444,4.888888888888889,71.55555555555554
E00117140,263,82,38,44,181,24,157,31.1787072243346,14.44866920152091,16.730038022813687,68.8212927756654,9.125475285171103,59.6958174904943
E00117141,234,63,19,44,171,24,147,26.923076923076923,8.11965811965812,18.803418803418804,73.07692307692307,10.256410256410255,62.82051282051282
E00117142,282,38,12,26,244,18,226,13.47517730496454,4.25531914893617,9.219858156028367,86.52482269503547,6.382978723404255,80.1418439716312
E00117143,202,37,18,19,165,22,143,18.316831683168317,8.91089108910891,9.405940594059405,81.68316831683168,10.891089108910892,70.79207920792079
E00117144,291,54,23,31,237,33,204,18.556701030927837,7.903780068728522,10.652920962199312,81.44329896907216,11.34020618556701,70.10309278350515
E00117145,309,52,18,34,257,32,225,16.828478964401295,5.825242718446602,11.003236245954692,83.1715210355987,10.355987055016183,72.81553398058253
E00117146,299,90,35,55,209,23,186,30.100334448160538,11.705685618729097,18.394648829431436,69.89966555183946,7.6923076923076925,62.207357859531776
E00117147,352,80,33,47,272,26,246,22.727272727272727,9.375,13.352272727272727,77.27272727272727,7.386363636363637,69.88636363636364
E00117148,345,74,28,46,271,32,239,21.44927536231884,8.115942028985506,13.333333333333334,78.55072463768116,9.27536231884058,69.27536231884058
E00117149,265,72,29,43,193,21,172,27.169811320754718,10.943396226415095,16.22641509433962,72.83018867924528,7.9245283018867925,64.90566037735849
E00117150,241,93,46,47,148,12,136,38.589211618257266,19.08713692946058,19.502074688796682,61.41078838174274,4.979253112033195,56.43153526970954
E00117151,259,64,23,41,195,29,166,24.71042471042471,8.880308880308881,15.83011583011583,75.2895752895753,11.196911196911197,64.0926640926641
E00117152,312,81,36,45,231,24,207,25.961538461538463,11.538461538461538,14.423076923076922,74.03846153846155,7.6923076923076925,66.34615384615384
E00117153,258,19,3,16,239,21,218,7.3643410852713185,1.1627906976744187,6.2015503875969,92.63565891472868,8.13953488372093,84.49612403100775
E00117154,220,61,24,37,159,18,141,27.727272727272727,10.909090909090908,16.818181818181817,72.27272727272728,8.181818181818182,64.0909090909091
E00117155,291,101,46,55,190,23,167,34.707903780068726,15.807560137457044,18.900343642611684,65.29209621993127,7.903780068728522,57.388316151202744
E00117156,265,61,22,39,204,29,175,23.0188679245283,8.30188679245283,14.716981132075471,76.9811320754717,10.943396226415095,66.0377358490566
E00117157,280,48,11,37,232,13,219,17.142857142857142,3.9285714285714284,13.214285714285715,82.85714285714286,4.642857142857143,78.21428571428571
E00117158,224,61,23,38,163,21,142,27.232142857142854,10.267857142857142,16.964285714285715,72.76785714285714,9.375,63.39285714285714
E00117159,329,78,31,47,251,21,230,23.70820668693009,9.422492401215806,14.285714285714285,76.29179331306992,6.382978723404255,69.90881458966565
E00117160,291,79,35,44,212,17,195,27.147766323024054,12.027491408934708,15.120274914089347,72.85223367697594,5.841924398625429,67.0103092783505
E00117161,268,38,17,21,230,25,205,14.17910447761194,6.343283582089552,7.835820895522389,85.82089552238806,9.328358208955224,76.49253731343283
E00117162,216,50,20,30,166,21,145,23.14814814814815,9.25925925925926,13.88888888888889,76.85185185185185,9.722222222222223,67.12962962962963
E00117163,332,64,21,43,268,13,255,19.27710843373494,6.325301204819277,12.951807228915662,80.72289156626506,3.91566265060241,76.80722891566265
E00117164,304,98,53,45,206,19,187,32.23684210526316,17.434210526315788,14.802631578947366,67.76315789473685,6.25,61.51315789473685
E00117165,388,97,49,48,291,27,264,25,12.628865979381443,12.371134020618557,75,6.958762886597938,68.04123711340206
E00117166,309,80,33,47,229,18,211,25.88996763754045,10.679611650485436,15.210355987055015,74.11003236245955,5.825242718446602,68.28478964401295
E00117167,329,71,26,45,258,24,234,21.580547112462007,7.90273556231003,13.677811550151976,78.419452887538,7.29483282674772,71.12462006079028
E00117168,326,65,22,43,261,23,238,19.938650306748464,6.748466257668712,13.190184049079754,80.06134969325154,7.05521472392638,73.00613496932516
E00117169,314,77,50,27,237,20,217,24.522292993630572,15.92356687898089,8.598726114649681,75.47770700636943,6.369426751592357,69.10828025477707
E00117170,204,33,7,26,171,14,157,16.176470588235293,3.431372549019608,12.745098039215685,83.82352941176471,6.862745098039216,76.9607843137255
E00117171,287,41,12,29,246,24,222,14.285714285714285,4.181184668989547,10.104529616724738,85.71428571428571,8.362369337979095,77.35191637630662
E00117172,232,45,21,24,187,17,170,19.396551724137932,9.051724137931034,10.344827586206897,80.60344827586206,7.327586206896551,73.27586206896551
E00117173,468,67,22,45,401,45,356,14.316239316239315,4.700854700854701,9.615384615384617,85.68376068376068,9.615384615384617,76.06837606837607
E00117174,286,68,27,41,218,23,195,23.776223776223777,9.44055944055944,14.335664335664337,76.22377622377621,8.041958041958042,68.18181818181817
E00117175,278,47,26,21,231,18,213,16.906474820143885,9.352517985611511,7.553956834532374,83.09352517985612,6.474820143884892,76.61870503597122
E00117176,352,63,27,36,289,30,259,17.897727272727273,7.670454545454546,10.227272727272728,82.10227272727273,8.522727272727272,73.57954545454545
E00117177,266,59,27,32,207,25,182,22.18045112781955,10.150375939849624,12.030075187969924,77.81954887218046,9.398496240601503,68.42105263157895
E00117178,255,56,16,40,199,18,181,21.96078431372549,6.2745098039215685,15.686274509803921,78.03921568627452,7.0588235294117645,70.98039215686275
E00117179,298,37,7,30,261,25,236,12.416107382550337,2.348993288590604,10.06711409395973,87.58389261744966,8.389261744966444,79.19463087248322
E00117180,353,48,22,26,305,25,280,13.59773371104816,6.232294617563739,7.365439093484419,86.40226628895185,7.0821529745042495,79.3201133144476
E00117181,290,48,26,22,242,22,220,16.551724137931036,8.96551724137931,7.586206896551724,83.44827586206897,7.586206896551724,75.86206896551724
E00117182,286,54,24,30,232,17,215,18.88111888111888,8.391608391608392,10.48951048951049,81.11888111888112,5.944055944055944,75.17482517482517
E00117183,292,48,20,28,244,21,223,16.43835616438356,6.8493150684931505,9.58904109589041,83.56164383561644,7.191780821917808,76.36986301369863
E00117184,238,70,20,50,168,20,148,29.411764705882355,8.403361344537815,21.008403361344538,70.58823529411765,8.403361344537815,62.18487394957983
E00117185,234,70,34,36,164,16,148,29.914529914529915,14.529914529914532,15.384615384615385,70.08547008547008,6.837606837606838,63.24786324786324
E00117186,298,73,36,37,225,19,206,24.496644295302016,12.080536912751679,12.416107382550337,75.50335570469798,6.375838926174497,69.12751677852349
E00117187,305,47,9,38,258,23,235,15.40983606557377,2.9508196721311477,12.459016393442624,84.59016393442623,7.540983606557377,77.04918032786885
E00117188,287,32,7,25,255,19,236,11.149825783972126,2.4390243902439024,8.710801393728223,88.85017421602788,6.620209059233449,82.22996515679442
E00117189,279,45,10,35,234,21,213,16.129032258064516,3.584229390681003,12.544802867383511,83.87096774193549,7.526881720430108,76.34408602150538
E00117190,318,33,13,20,285,22,263,10.377358490566039,4.088050314465408,6.289308176100629,89.62264150943396,6.918238993710692,82.70440251572327
E00117191,327,39,11,28,288,33,255,11.926605504587156,3.3639143730886847,8.56269113149847,88.07339449541286,10.091743119266056,77.98165137614679
E00117192,318,35,12,23,283,18,265,11.0062893081761,3.7735849056603774,7.232704402515723,88.9937106918239,5.660377358490567,83.33333333333334
E00117193,137,10,1,9,127,14,113,7.2992700729927,0.7299270072992701,6.569343065693431,92.7007299270073,10.218978102189782,82.48175182481752
E00117194,331,48,10,38,283,20,263,14.501510574018129,3.0211480362537766,11.48036253776435,85.49848942598187,6.042296072507553,79.45619335347432
E00117195,231,50,19,31,181,12,169,21.645021645021643,8.225108225108226,13.41991341991342,78.35497835497836,5.194805194805195,73.16017316017316
E00117196,287,53,19,34,234,23,211,18.466898954703833,6.620209059233449,11.846689895470384,81.53310104529616,8.013937282229964,73.5191637630662
E00117197,305,45,15,30,260,22,238,14.754098360655737,4.918032786885246,9.836065573770492,85.24590163934425,7.213114754098362,78.0327868852459
E00117198,436,53,20,33,383,32,351,12.155963302752294,4.587155963302752,7.568807339449542,87.8440366972477,7.339449541284404,80.5045871559633
E00117199,425,104,49,55,321,36,285,24.47058823529412,11.529411764705882,12.941176470588237,75.52941176470588,8.470588235294118,67.05882352941175
E00117200,317,48,13,35,269,21,248,15.141955835962145,4.100946372239748,11.041009463722396,84.85804416403786,6.624605678233439,78.23343848580441
E00117201,301,55,18,37,246,26,220,18.272425249169437,5.980066445182724,12.29235880398671,81.72757475083057,8.637873754152823,73.08970099667775
E00117202,353,79,37,42,274,23,251,22.379603399433428,10.48158640226629,11.89801699716714,77.62039660056658,6.515580736543909,71.10481586402267
E00117203,348,62,24,38,286,30,256,17.81609195402299,6.896551724137931,10.919540229885058,82.18390804597702,8.620689655172415,73.5632183908046
E00117204,345,75,23,52,270,33,237,21.73913043478261,6.666666666666667,15.072463768115943,78.26086956521739,9.565217391304348,68.69565217391305
E00117205,321,59,20,39,262,25,237,18.38006230529595,6.230529595015576,12.149532710280374,81.61993769470405,7.78816199376947,73.83177570093457
E00117206,348,46,16,30,302,33,269,13.218390804597702,4.597701149425287,8.620689655172415,86.7816091954023,9.482758620689655,77.29885057471265
E00117207,329,58,14,44,271,23,248,17.62917933130699,4.25531914893617,13.37386018237082,82.37082066869301,6.990881458966565,75.37993920972644
E00117208,310,49,19,30,261,27,234,15.806451612903224,6.129032258064516,9.67741935483871,84.19354838709677,8.709677419354838,75.48387096774194
E00117209,208,61,23,38,147,17,130,29.326923076923077,11.057692307692307,18.269230769230766,70.67307692307693,8.173076923076923,62.5
E00117210,382,84,39,45,298,41,257,21.98952879581152,10.209424083769633,11.780104712041885,78.01047120418848,10.732984293193718,67.27748691099477
E00117211,307,42,15,27,265,31,234,13.680781758957655,4.88599348534202,8.794788273615636,86.31921824104235,10.097719869706841,76.2214983713355
E00117212,349,46,5,41,303,33,270,13.18051575931232,1.4326647564469914,11.74785100286533,86.81948424068769,9.455587392550143,77.36389684813754
E00117213,361,63,29,34,298,25,273,17.451523545706372,8.033240997229916,9.418282548476455,82.54847645429363,6.9252077562326875,75.62326869806094
E00117214,312,49,16,33,263,32,231,15.705128205128204,5.128205128205128,10.576923076923077,84.2948717948718,10.256410256410255,74.03846153846155
E00117215,214,43,11,32,171,12,159,20.093457943925234,5.14018691588785,14.953271028037381,79.90654205607477,5.607476635514018,74.29906542056075
E00117216,315,48,18,30,267,22,245,15.238095238095239,5.714285714285714,9.523809523809524,84.76190476190476,6.984126984126984,77.77777777777779
E00117217,339,60,27,33,279,33,246,17.699115044247787,7.964601769911504,9.734513274336283,82.30088495575221,9.734513274336283,72.56637168141593
E00117218,301,37,14,23,264,27,237,12.29235880398671,4.651162790697675,7.641196013289036,87.70764119601328,8.970099667774086,78.7375415282392
E00117219,313,78,29,49,235,20,215,24.920127795527154,9.26517571884984,15.654952076677317,75.07987220447284,6.3897763578274756,68.69009584664538
E00117220,361,48,21,27,313,29,284,13.29639889196676,5.8171745152354575,7.479224376731302,86.70360110803324,8.033240997229916,78.67036011080333
E00117221,322,42,14,28,280,36,244,13.043478260869565,4.3478260869565215,8.695652173913043,86.95652173913044,11.180124223602485,75.77639751552795
E00117222,178,53,24,29,125,13,112,29.775280898876407,13.48314606741573,16.292134831460675,70.2247191011236,7.303370786516854,62.92134831460674
E00117223,292,87,54,33,205,19,186,29.794520547945208,18.493150684931507,11.301369863013697,70.2054794520548,6.506849315068493,63.6986301369863
E00117224,250,62,27,35,188,13,175,24.8,10.8,14.000000000000002,75.2,5.2,70
E00117225,215,42,19,23,173,16,157,19.53488372093023,8.837209302325581,10.69767441860465,80.46511627906978,7.441860465116279,73.0232558139535
E00117226,237,62,19,43,175,17,158,26.160337552742618,8.016877637130802,18.143459915611814,73.83966244725738,7.172995780590717,66.66666666666666
E00117227,284,52,20,32,232,29,203,18.30985915492958,7.042253521126761,11.267605633802818,81.69014084507043,10.211267605633804,71.47887323943662
E00117228,406,60,15,45,346,38,308,14.77832512315271,3.6945812807881775,11.083743842364532,85.22167487684729,9.35960591133005,75.86206896551724
E00117229,355,64,22,42,291,31,260,18.028169014084508,6.197183098591549,11.830985915492958,81.97183098591549,8.732394366197182,73.23943661971832
E00117231,201,61,26,35,140,15,125,30.34825870646766,12.935323383084576,17.412935323383085,69.65174129353234,7.462686567164178,62.189054726368155
E00117232,262,49,14,35,213,19,194,18.702290076335878,5.343511450381679,13.358778625954198,81.29770992366412,7.251908396946565,74.04580152671755
E00117233,411,76,22,54,335,32,303,18.491484184914842,5.35279805352798,13.138686131386862,81.50851581508516,7.785888077858881,73.72262773722628
E00117234,269,37,16,21,232,22,210,13.754646840148698,5.947955390334572,7.806691449814126,86.2453531598513,8.178438661710038,78.06691449814126
E00117235,237,38,16,22,199,12,187,16.033755274261605,6.751054852320674,9.282700421940929,83.96624472573839,5.063291139240507,78.90295358649789
E00117236,351,91,37,54,260,22,238,25.925925925925924,10.541310541310542,15.384615384615385,74.07407407407408,6.267806267806268,67.80626780626781
E00117237,328,70,19,51,258,27,231,21.341463414634145,5.7926829268292686,15.548780487804878,78.65853658536585,8.231707317073171,70.42682926829268
E00117238,293,62,25,37,231,24,207,21.160409556313994,8.532423208191126,12.627986348122866,78.839590443686,8.19112627986348,70.64846416382252
E00117239,258,33,9,24,225,24,201,12.790697674418606,3.488372093023256,9.30232558139535,87.20930232558139,9.30232558139535,77.90697674418605
E00117240,336,79,38,41,257,26,231,23.511904761904763,11.30952380952381,12.202380952380953,76.48809523809523,7.738095238095238,68.75
E00117241,356,55,20,35,301,44,257,15.44943820224719,5.617977528089887,9.831460674157304,84.5505617977528,12.359550561797752,72.19101123595506
E00117242,309,82,37,45,227,22,205,26.537216828478964,11.974110032362459,14.563106796116504,73.46278317152104,7.119741100323624,66.34304207119742
E00117243,166,52,27,25,114,7,107,31.32530120481928,16.265060240963855,15.060240963855422,68.67469879518072,4.216867469879518,64.45783132530121
E00117244,342,87,38,49,255,21,234,25.438596491228072,11.11111111111111,14.327485380116958,74.56140350877193,6.140350877192982,68.42105263157895
E00117245,384,69,26,43,315,25,290,17.96875,6.770833333333333,11.197916666666668,82.03125,6.510416666666667,75.52083333333334
E00117246,499,73,23,50,426,48,378,14.629258517034069,4.609218436873747,10.02004008016032,85.37074148296593,9.619238476953909,75.75150300601202
E00117247,303,42,16,26,261,31,230,13.861386138613863,5.2805280528052805,8.58085808580858,86.13861386138613,10.231023102310232,75.9075907590759
E00117248,322,53,17,36,269,32,237,16.459627329192546,5.279503105590062,11.180124223602485,83.54037267080744,9.937888198757763,73.6024844720497
E00117249,279,39,9,30,240,26,214,13.978494623655912,3.225806451612903,10.75268817204301,86.02150537634408,9.31899641577061,76.70250896057348
E00117250,321,31,13,18,290,19,271,9.657320872274143,4.049844236760125,5.607476635514018,90.34267912772586,5.919003115264798,84.42367601246106
E00117251,352,27,8,19,325,29,296,7.670454545454546,2.272727272727273,5.3977272727272725,92.32954545454545,8.238636363636363,84.0909090909091
E00117252,318,53,22,31,265,28,237,16.666666666666664,6.918238993710692,9.748427672955975,83.33333333333334,8.80503144654088,74.52830188679245
E00117253,365,37,8,29,328,34,294,10.136986301369863,2.191780821917808,7.9452054794520555,89.86301369863014,9.315068493150685,80.54794520547945
E00117254,303,49,17,32,254,20,234,16.17161716171617,5.6105610561056105,10.561056105610561,83.82838283828383,6.6006600660066,77.22772277227723
E00117255,307,54,20,34,253,31,222,17.58957654723127,6.514657980456026,11.074918566775244,82.41042345276874,10.097719869706841,72.31270358306189
E00117256,266,52,19,33,214,20,194,19.548872180451127,7.142857142857142,12.406015037593985,80.45112781954887,7.518796992481203,72.93233082706767
E00117257,331,48,17,31,283,34,249,14.501510574018129,5.13595166163142,9.365558912386707,85.49848942598187,10.27190332326284,75.22658610271903
E00117258,254,45,22,23,209,27,182,17.716535433070867,8.661417322834646,9.05511811023622,82.28346456692913,10.62992125984252,71.65354330708661
E00117259,289,56,19,37,233,26,207,19.377162629757784,6.5743944636678195,12.802768166089965,80.62283737024222,8.996539792387544,71.62629757785467
E00117260,297,40,11,29,257,29,228,13.468013468013467,3.7037037037037033,9.764309764309765,86.53198653198653,9.764309764309765,76.76767676767676
E00117261,334,73,28,45,261,21,240,21.856287425149702,8.383233532934131,13.47305389221557,78.1437125748503,6.287425149700598,71.8562874251497
E00117262,214,61,32,29,153,18,135,28.504672897196258,14.953271028037381,13.551401869158877,71.49532710280374,8.411214953271028,63.084112149532714
E00117263,276,55,22,33,221,28,193,19.92753623188406,7.971014492753622,11.956521739130435,80.07246376811594,10.144927536231885,69.92753623188406
E00117264,291,64,27,37,227,25,202,21.993127147766323,9.278350515463918,12.714776632302405,78.00687285223368,8.59106529209622,69.41580756013745
E00117265,430,72,21,51,358,37,321,16.74418604651163,4.883720930232558,11.86046511627907,83.25581395348837,8.604651162790699,74.65116279069768
E00117266,302,38,13,25,264,26,238,12.582781456953644,4.304635761589404,8.27814569536424,87.41721854304636,8.609271523178808,78.80794701986756
E00117267,263,40,11,29,223,20,203,15.209125475285171,4.182509505703422,11.02661596958175,84.79087452471484,7.604562737642586,77.18631178707224
E00117268,315,67,20,47,248,32,216,21.26984126984127,6.349206349206349,14.920634920634921,78.73015873015873,10.158730158730158,68.57142857142857
E00117269,396,90,36,54,306,30,276,22.727272727272727,9.090909090909092,13.636363636363635,77.27272727272727,7.575757575757576,69.6969696969697
E00117270,332,56,26,30,276,34,242,16.867469879518072,7.83132530120482,9.036144578313253,83.13253012048193,10.240963855421686,72.89156626506023
E00117271,359,51,20,31,308,32,276,14.206128133704734,5.571030640668524,8.635097493036211,85.79387186629526,8.913649025069638,76.88022284122563
E00117272,294,63,26,37,231,19,212,21.428571428571427,8.843537414965986,12.585034013605442,78.57142857142857,6.462585034013606,72.10884353741497
E00117273,297,67,31,36,230,25,205,22.55892255892256,10.437710437710438,12.121212121212121,77.44107744107744,8.417508417508419,69.02356902356902
E00117274,489,104,39,65,385,28,357,21.267893660531698,7.975460122699387,13.29243353783231,78.7321063394683,5.725971370143149,73.00613496932516
E00117275,260,45,17,28,215,19,196,17.307692307692307,6.538461538461539,10.76923076923077,82.6923076923077,7.307692307692308,75.38461538461539
E00117277,267,64,32,32,203,17,186,23.970037453183522,11.985018726591761,11.985018726591761,76.02996254681648,6.367041198501873,69.66292134831461
E00117278,271,38,16,22,233,25,208,14.022140221402212,5.904059040590406,8.118081180811808,85.97785977859779,9.22509225092251,76.75276752767527
E00117279,254,42,15,27,212,22,190,16.535433070866144,5.905511811023622,10.62992125984252,83.46456692913385,8.661417322834646,74.80314960629921
E00117280,472,89,42,47,383,33,350,18.85593220338983,8.898305084745763,9.957627118644067,81.14406779661016,6.991525423728813,74.15254237288136
E00117281,304,42,13,29,262,36,226,13.815789473684212,4.276315789473684,9.539473684210527,86.18421052631578,11.842105263157894,74.3421052631579
E00117282,308,107,45,62,201,22,179,34.74025974025974,14.61038961038961,20.12987012987013,65.25974025974025,7.142857142857142,58.11688311688312
E00117283,444,102,43,59,342,31,311,22.972972972972975,9.684684684684685,13.288288288288289,77.02702702702703,6.981981981981981,70.04504504504504
E00117284,311,58,24,34,253,23,230,18.64951768488746,7.717041800643088,10.932475884244374,81.35048231511254,7.395498392282958,73.95498392282958
E00117285,322,43,15,28,279,29,250,13.354037267080745,4.658385093167702,8.695652173913043,86.64596273291926,9.006211180124224,77.63975155279503
E00117286,334,53,20,33,281,24,257,15.868263473053892,5.9880239520958085,9.880239520958083,84.13173652694611,7.18562874251497,76.94610778443113
E00117287,550,81,41,40,469,34,435,14.727272727272728,7.454545454545454,7.2727272727272725,85.27272727272728,6.181818181818182,79.0909090909091
E00117288,354,58,20,38,296,33,263,16.38418079096045,5.649717514124294,10.734463276836157,83.61581920903954,9.322033898305085,74.29378531073446
E00117289,326,50,19,31,276,31,245,15.337423312883436,5.828220858895705,9.509202453987731,84.66257668711657,9.509202453987731,75.15337423312883
E00117290,305,51,16,35,254,21,233,16.721311475409838,5.245901639344262,11.475409836065573,83.27868852459017,6.885245901639345,76.39344262295083
E00117291,250,53,25,28,197,26,171,21.2,10,11.200000000000001,78.8,10.4,68.4
E00117292,270,70,30,40,200,23,177,25.925925925925924,11.11111111111111,14.814814814814813,74.07407407407408,8.518518518518519,65.55555555555556
E00117293,294,15,4,11,279,24,255,5.1020408163265305,1.3605442176870748,3.741496598639456,94.89795918367348,8.16326530612245,86.73469387755102
E00117294,251,23,4,19,228,18,210,9.163346613545817,1.593625498007968,7.569721115537849,90.83665338645417,7.171314741035857,83.66533864541833
E00117295,309,60,25,35,249,24,225,19.41747572815534,8.090614886731391,11.326860841423949,80.58252427184466,7.766990291262135,72.81553398058253
E00117296,297,84,46,38,213,25,188,28.28282828282828,15.488215488215488,12.794612794612794,71.71717171717171,8.417508417508419,63.2996632996633
E00117297,283,34,8,26,249,23,226,12.014134275618375,2.8268551236749118,9.187279151943462,87.98586572438163,8.12720848056537,79.85865724381625
E00117298,304,65,41,24,239,21,218,21.38157894736842,13.486842105263158,7.894736842105263,78.61842105263158,6.907894736842106,71.71052631578947
E00117299,344,69,26,43,275,25,250,20.058139534883722,7.55813953488372,12.5,79.94186046511628,7.267441860465117,72.67441860465115
E00117300,254,46,18,28,208,18,190,18.11023622047244,7.086614173228346,11.023622047244094,81.88976377952756,7.086614173228346,74.80314960629921
E00117301,308,36,12,24,272,27,245,11.688311688311687,3.896103896103896,7.792207792207792,88.31168831168831,8.766233766233766,79.54545454545455
E00117302,272,39,17,22,233,20,213,14.338235294117647,6.25,8.088235294117647,85.66176470588235,7.352941176470589,78.30882352941177
E00117303,313,27,3,24,286,32,254,8.626198083067091,0.9584664536741214,7.667731629392971,91.3738019169329,10.223642172523961,81.15015974440894
E00117304,263,60,15,45,203,24,179,22.813688212927758,5.7034220532319395,17.110266159695815,77.18631178707224,9.125475285171103,68.06083650190115
E00117305,321,45,14,31,276,20,256,14.018691588785046,4.361370716510903,9.657320872274143,85.98130841121495,6.230529595015576,79.75077881619937
E00117306,303,52,18,34,251,15,236,17.16171617161716,5.9405940594059405,11.221122112211221,82.83828382838284,4.9504950495049505,77.88778877887789
E00117307,293,69,26,43,224,18,206,23.549488054607508,8.873720136518772,14.675767918088736,76.45051194539249,6.143344709897611,70.30716723549489
E00117308,307,67,22,45,240,22,218,21.824104234527688,7.166123778501629,14.65798045602606,78.17589576547232,7.166123778501629,71.00977198697068
E00117309,347,67,22,45,280,28,252,19.30835734870317,6.340057636887608,12.968299711815561,80.69164265129683,8.069164265129682,72.62247838616715
E00117310,270,38,15,23,232,24,208,14.074074074074074,5.555555555555555,8.518518518518519,85.92592592592592,8.88888888888889,77.03703703703704
E00117311,309,61,20,41,248,31,217,19.741100323624593,6.472491909385113,13.268608414239482,80.2588996763754,10.032362459546926,70.22653721682848
E00117312,248,54,13,41,194,26,168,21.774193548387096,5.241935483870968,16.532258064516128,78.2258064516129,10.483870967741936,67.74193548387096
E00117313,320,34,12,22,286,34,252,10.625,3.75,6.875000000000001,89.375,10.625,78.75
E00117314,325,39,17,22,286,27,259,12,5.230769230769231,6.769230769230769,88,8.307692307692308,79.6923076923077
E00117315,290,43,13,30,247,26,221,14.827586206896552,4.482758620689655,10.344827586206897,85.17241379310346,8.96551724137931,76.20689655172413
E00117316,303,47,15,32,256,24,232,15.51155115511551,4.9504950495049505,10.561056105610561,84.48844884488449,7.920792079207921,76.56765676567657
E00117317,227,44,16,28,183,22,161,19.383259911894275,7.048458149779736,12.334801762114537,80.61674008810573,9.691629955947137,70.92511013215858
E00117318,272,31,9,22,241,15,226,11.397058823529411,3.308823529411765,8.088235294117647,88.60294117647058,5.514705882352941,83.08823529411765
E00117319,288,75,40,35,213,26,187,26.041666666666668,13.88888888888889,12.152777777777777,73.95833333333334,9.027777777777777,64.93055555555556
E00117320,336,61,32,29,275,19,256,18.154761904761905,9.523809523809524,8.630952380952381,81.84523809523809,5.654761904761905,76.19047619047619
E00117321,279,68,26,42,211,18,193,24.372759856630825,9.31899641577061,15.053763440860216,75.62724014336918,6.451612903225806,69.17562724014337
E00117322,289,60,27,33,229,12,217,20.761245674740483,9.342560553633218,11.418685121107266,79.23875432525952,4.1522491349480966,75.08650519031141
E00117323,328,61,34,27,267,21,246,18.597560975609756,10.365853658536585,8.231707317073171,81.40243902439023,6.402439024390244,75
E00117324,273,37,14,23,236,26,210,13.553113553113553,5.128205128205128,8.424908424908425,86.44688644688645,9.523809523809524,76.92307692307693
E00117325,258,39,13,26,219,24,195,15.11627906976744,5.038759689922481,10.077519379844961,84.88372093023256,9.30232558139535,75.5813953488372
E00117326,350,75,33,42,275,23,252,21.428571428571427,9.428571428571429,12,78.57142857142857,6.571428571428571,72
E00117327,254,36,17,19,218,20,198,14.173228346456693,6.692913385826772,7.480314960629922,85.8267716535433,7.874015748031496,77.95275590551181
E00117328,265,68,37,31,197,19,178,25.660377358490567,13.962264150943396,11.69811320754717,74.33962264150942,7.169811320754717,67.16981132075472
E00117329,199,35,13,22,164,18,146,17.587939698492463,6.532663316582915,11.055276381909549,82.41206030150754,9.045226130653267,73.36683417085426
E00171455,419,100,44,56,319,34,285,23.86634844868735,10.501193317422434,13.365155131264917,76.13365155131265,8.1145584725537,68.01909307875896
E00171456,228,66,21,45,162,15,147,28.947368421052634,9.210526315789473,19.736842105263158,71.05263157894737,6.578947368421052,64.47368421052632
E00171457,242,48,23,25,194,21,173,19.834710743801654,9.50413223140496,10.330578512396695,80.16528925619835,8.677685950413224,71.48760330578511
E00171458,132,30,12,18,102,14,88,22.727272727272727,9.090909090909092,13.636363636363635,77.27272727272727,10.606060606060606,66.66666666666666
E00171459,276,54,26,28,222,18,204,19.565217391304348,9.420289855072465,10.144927536231885,80.43478260869566,6.521739130434782,73.91304347826086
E00171460,275,56,24,32,219,26,193,20.363636363636363,8.727272727272728,11.636363636363637,79.63636363636364,9.454545454545455,70.18181818181817
E00171461,133,27,12,15,106,8,98,20.30075187969925,9.022556390977442,11.278195488721805,79.69924812030075,6.015037593984962,73.68421052631578
E00171462,374,47,23,24,327,35,292,12.566844919786096,6.149732620320856,6.417112299465241,87.43315508021391,9.358288770053475,78.07486631016043
E00171463,370,54,19,35,316,24,292,14.594594594594595,5.135135135135135,9.45945945945946,85.4054054054054,6.486486486486487,78.91891891891892
E00183035,330,49,25,24,281,30,251,14.84848484848485,7.575757575757576,7.2727272727272725,85.15151515151516,9.090909090909092,76.06060606060606
E00183084,311,45,10,35,266,28,238,14.469453376205788,3.215434083601286,11.254019292604502,85.53054662379421,9.003215434083602,76.52733118971061
E00183088,317,36,11,25,281,20,261,11.35646687697161,3.4700315457413247,7.886435331230284,88.64353312302839,6.309148264984227,82.33438485804416
