OA,ts0590001,ts0590002,ts0590003,ts0590004,ts0590005,ts0590006,ts0590007,ts0590002_PCT,ts0590003_PCT,ts0590004_PCT,ts0590005_PCT,ts0590006_PCT,ts0590007_PCT
E00116742,165,55,28,27,110,86,24,33.33333333333333,16.969696969696972,16.363636363636363,66.66666666666666,52.121212121212125,14.545454545454545
E00116743,123,33,12,21,90,70,20,26.82926829268293,9.75609756097561,17.073170731707318,73.17073170731707,56.91056910569105,16.260162601626014
E00116744,150,54,17,37,96,80,16,36,11.333333333333332,24.666666666666668,64,53.333333333333336,10.666666666666668
E00116745,170,57,24,33,113,88,25,33.52941176470588,14.117647058823529,19.411764705882355,66.47058823529412,51.76470588235295,14.705882352941178
E00116746,96,31,17,14,65,50,15,32.29166666666667,17.708333333333336,14.583333333333334,67.70833333333334,52.083333333333336,15.625
E00116747,98,47,18,29,51,47,4,47.95918367346938,18.367346938775512,29.591836734693878,52.04081632653062,47.95918367346938,4.081632653061225
E00116748,146,54,21,33,92,81,11,36.986301369863014,14.383561643835616,22.602739726027394,63.013698630136986,55.47945205479452,7.534246575342466
E00116749,126,43,11,32,83,70,13,34.12698412698413,8.73015873015873,25.396825396825395,65.87301587301587,55.55555555555556,10.317460317460316
E00116750,158,44,18,26,114,84,30,27.848101265822784,11.39240506329114,16.455696202531644,72.15189873417721,53.16455696202531,18.9873417721519
E00116751,162,58,31,27,104,78,26,35.80246913580247,19.1358024691358,16.666666666666664,64.19753086419753,48.148148148148145,16.049382716049383
E00116752,152,58,14,44,94,77,17,38.15789473684211,9.210526315789473,28.947368421052634,61.8421052631579,50.6578947368421,11.18421052631579
E00116753,142,50,17,33,92,78,14,35.2112676056338,11.971830985915492,23.239436619718308,64.7887323943662,54.929577464788736,9.859154929577464
E00116754,180,55,24,31,125,105,20,30.555555555555557,13.333333333333334,17.22222222222222,69.44444444444444,58.333333333333336,11.11111111111111
E00116755,165,56,20,36,109,89,20,33.939393939393945,12.121212121212121,21.818181818181817,66.06060606060606,53.939393939393945,12.121212121212121
E00116756,141,54,26,28,87,67,20,38.297872340425535,18.439716312056735,19.858156028368796,61.702127659574465,47.5177304964539,14.184397163120568
E00116757,66,20,5,15,46,33,13,30.303030303030305,7.575757575757576,22.727272727272727,69.6969696969697,50,19.696969696969695
E00116758,32,14,6,8,18,13,5,43.75,18.75,25,56.25,40.625,15.625
E00116759,121,44,24,20,77,55,22,36.36363636363637,19.834710743801654,16.528925619834713,63.63636363636363,45.45454545454545,18.181818181818183
E00116760,142,58,24,34,84,59,25,40.845070422535215,16.901408450704224,23.943661971830984,59.154929577464785,41.54929577464789,17.6056338028169
E00116761,109,41,7,34,68,61,7,37.61467889908257,6.422018348623854,31.19266055045872,62.38532110091744,55.96330275229357,6.422018348623854
E00116762,73,28,12,16,45,38,7,38.35616438356164,16.43835616438356,21.91780821917808,61.64383561643836,52.054794520547944,9.58904109589041
E00116763,115,42,22,20,73,60,13,36.52173913043478,19.130434782608695,17.391304347826086,63.47826086956522,52.17391304347826,11.304347826086957
E00116764,77,31,14,17,46,36,10,40.25974025974026,18.181818181818183,22.07792207792208,59.74025974025974,46.75324675324675,12.987012987012985
E00116765,45,12,5,7,33,25,8,26.666666666666668,11.11111111111111,15.555555555555555,73.33333333333333,55.55555555555556,17.77777777777778
E00116766,116,48,22,26,68,54,14,41.37931034482759,18.96551724137931,22.413793103448278,58.620689655172406,46.55172413793103,12.068965517241379
E00116767,93,34,16,18,59,50,9,36.55913978494624,17.20430107526882,19.35483870967742,63.44086021505376,53.76344086021505,9.67741935483871
E00116768,80,33,16,17,47,38,9,41.25,20,21.25,58.75,47.5,11.25
E00116769,75,31,18,13,44,35,9,41.333333333333336,24,17.333333333333336,58.666666666666664,46.666666666666664,12
E00116770,75,38,19,19,37,30,7,50.66666666666667,25.333333333333336,25.333333333333336,49.333333333333336,40,9.333333333333334
E00116771,105,35,15,20,70,58,12,33.33333333333333,14.285714285714285,19.047619047619047,66.66666666666666,55.23809523809524,11.428571428571429
E00116772,93,38,15,23,55,42,13,40.86021505376344,16.129032258064516,24.731182795698924,59.13978494623656,45.16129032258064,13.978494623655912
E00116773,141,58,31,27,83,65,18,41.13475177304964,21.98581560283688,19.148936170212767,58.86524822695035,46.09929078014184,12.76595744680851
E00116774,143,52,16,36,91,80,11,36.36363636363637,11.188811188811188,25.174825174825177,63.63636363636363,55.94405594405595,7.6923076923076925
E00116775,108,41,23,18,67,52,15,37.96296296296296,21.296296296296298,16.666666666666664,62.03703703703704,48.148148148148145,13.88888888888889
E00116776,114,43,13,30,71,62,9,37.719298245614034,11.403508771929824,26.31578947368421,62.28070175438597,54.385964912280706,7.894736842105263
E00116777,49,15,3,12,34,28,6,30.612244897959183,6.122448979591836,24.489795918367346,69.38775510204081,57.14285714285714,12.244897959183673
E00116778,106,40,20,20,66,51,15,37.735849056603776,18.867924528301888,18.867924528301888,62.264150943396224,48.113207547169814,14.150943396226415
E00116779,140,51,21,30,89,71,18,36.42857142857142,15,21.428571428571427,63.57142857142857,50.71428571428571,12.857142857142856
E00116780,58,22,10,12,36,31,5,37.93103448275862,17.24137931034483,20.689655172413794,62.06896551724138,53.44827586206896,8.620689655172415
E00116781,146,57,22,35,89,66,23,39.04109589041096,15.068493150684931,23.972602739726025,60.95890410958904,45.20547945205479,15.753424657534246
E00116782,95,29,12,17,66,49,17,30.526315789473685,12.631578947368421,17.894736842105264,69.47368421052632,51.578947368421055,17.894736842105264
E00116783,93,34,12,22,59,47,12,36.55913978494624,12.903225806451612,23.655913978494624,63.44086021505376,50.53763440860215,12.903225806451612
E00116784,67,33,14,19,34,28,6,49.25373134328358,20.8955223880597,28.35820895522388,50.74626865671642,41.7910447761194,8.955223880597014
E00116785,132,33,15,18,99,88,11,25,11.363636363636363,13.636363636363635,75,66.66666666666666,8.333333333333332
E00116786,174,65,21,44,109,90,19,37.35632183908046,12.068965517241379,25.287356321839084,62.643678160919535,51.724137931034484,10.919540229885058
E00116787,136,50,23,27,86,61,25,36.76470588235294,16.911764705882355,19.852941176470587,63.23529411764706,44.85294117647059,18.38235294117647
E00116788,129,49,20,29,80,61,19,37.98449612403101,15.503875968992247,22.48062015503876,62.01550387596899,47.286821705426355,14.728682170542637
E00116789,126,44,12,32,82,69,13,34.92063492063492,9.523809523809524,25.396825396825395,65.07936507936508,54.761904761904766,10.317460317460316
E00116790,162,57,22,35,105,91,14,35.18518518518518,13.580246913580247,21.604938271604937,64.81481481481481,56.17283950617284,8.641975308641975
E00116791,121,45,16,29,76,62,14,37.1900826446281,13.223140495867769,23.96694214876033,62.8099173553719,51.2396694214876,11.570247933884298
E00116792,114,43,22,21,71,47,24,37.719298245614034,19.298245614035086,18.421052631578945,62.28070175438597,41.228070175438596,21.052631578947366
E00116793,108,43,13,30,65,53,12,39.81481481481482,12.037037037037036,27.77777777777778,60.18518518518518,49.074074074074076,11.11111111111111
E00116794,102,34,14,20,68,60,8,33.33333333333333,13.725490196078432,19.607843137254903,66.66666666666666,58.82352941176471,7.8431372549019605
E00116795,145,49,18,31,96,86,10,33.793103448275865,12.413793103448276,21.379310344827587,66.20689655172414,59.310344827586206,6.896551724137931
E00116796,177,67,30,37,110,86,24,37.85310734463277,16.94915254237288,20.903954802259886,62.14689265536724,48.58757062146893,13.559322033898304
E00116797,128,43,17,26,85,69,16,33.59375,13.28125,20.3125,66.40625,53.90625,12.5
E00116798,117,38,15,23,79,68,11,32.47863247863248,12.82051282051282,19.65811965811966,67.52136752136752,58.119658119658126,9.401709401709402
E00116799,124,40,17,23,84,70,14,32.25806451612903,13.709677419354838,18.548387096774192,67.74193548387096,56.451612903225815,11.29032258064516
E00116800,80,29,8,21,51,43,8,36.25,10,26.25,63.74999999999999,53.75,10
E00116801,102,44,14,30,58,49,9,43.13725490196079,13.725490196078432,29.411764705882355,56.86274509803921,48.03921568627451,8.823529411764707
E00116802,96,37,16,21,59,52,7,38.54166666666667,16.666666666666664,21.875,61.458333333333336,54.166666666666664,7.291666666666667
E00116803,115,35,12,23,80,67,13,30.434782608695656,10.434782608695652,20,69.56521739130434,58.26086956521739,11.304347826086957
E00116804,89,39,18,21,50,36,14,43.82022471910113,20.224719101123593,23.595505617977526,56.17977528089888,40.44943820224719,15.730337078651685
E00116805,104,38,23,15,66,54,12,36.53846153846153,22.115384615384613,14.423076923076922,63.46153846153846,51.92307692307693,11.538461538461538
E00116806,176,61,26,35,115,75,40,34.659090909090914,14.772727272727273,19.886363636363637,65.3409090909091,42.61363636363637,22.727272727272727
E00116807,131,50,19,31,81,64,17,38.16793893129771,14.50381679389313,23.66412213740458,61.832061068702295,48.854961832061065,12.977099236641221
E00116808,152,61,32,29,91,53,38,40.131578947368425,21.052631578947366,19.078947368421055,59.86842105263158,34.868421052631575,25
E00116809,147,45,17,28,102,82,20,30.612244897959183,11.564625850340136,19.047619047619047,69.38775510204081,55.78231292517006,13.60544217687075
E00116810,160,69,29,40,91,63,28,43.125,18.125,25,56.875,39.375,17.5
E00116811,92,24,12,12,68,41,27,26.08695652173913,13.043478260869565,13.043478260869565,73.91304347826086,44.565217391304344,29.347826086956523
E00116812,131,50,23,27,81,66,15,38.16793893129771,17.557251908396946,20.610687022900763,61.832061068702295,50.38167938931297,11.450381679389313
E00116813,161,59,28,31,102,84,18,36.64596273291926,17.391304347826086,19.25465838509317,63.35403726708074,52.17391304347826,11.180124223602485
E00116814,185,57,18,39,128,114,14,30.810810810810814,9.72972972972973,21.08108108108108,69.1891891891892,61.62162162162163,7.567567567567568
E00116815,177,63,21,42,114,92,22,35.59322033898305,11.864406779661017,23.728813559322035,64.40677966101694,51.9774011299435,12.429378531073446
E00116816,152,62,21,41,90,61,29,40.78947368421053,13.815789473684212,26.973684210526315,59.210526315789465,40.131578947368425,19.078947368421055
E00116817,90,40,15,25,50,36,14,44.44444444444444,16.666666666666664,27.77777777777778,55.55555555555556,40,15.555555555555555
E00116818,124,46,28,18,78,65,13,37.096774193548384,22.58064516129032,14.516129032258066,62.903225806451616,52.41935483870967,10.483870967741936
E00116819,99,38,21,17,61,38,23,38.38383838383838,21.21212121212121,17.17171717171717,61.61616161616161,38.38383838383838,23.232323232323232
E00116820,91,44,20,24,47,30,17,48.35164835164835,21.978021978021978,26.373626373626376,51.64835164835166,32.967032967032964,18.681318681318682
E00116821,125,50,21,29,75,63,12,40,16.8,23.200000000000003,60,50.4,9.6
E00116822,119,52,29,23,67,50,17,43.69747899159664,24.369747899159663,19.327731092436977,56.30252100840336,42.016806722689076,14.285714285714285
E00116823,136,59,28,31,77,56,21,43.38235294117647,20.588235294117645,22.794117647058822,56.61764705882353,41.17647058823529,15.441176470588236
E00116824,162,58,23,35,104,77,27,35.80246913580247,14.19753086419753,21.604938271604937,64.19753086419753,47.53086419753087,16.666666666666664
E00116825,149,50,27,23,99,78,21,33.557046979865774,18.120805369127517,15.436241610738255,66.44295302013423,52.348993288590606,14.093959731543624
E00116826,139,44,19,25,95,75,20,31.654676258992804,13.66906474820144,17.985611510791365,68.34532374100719,53.956834532374096,14.388489208633093
E00116827,163,61,19,42,102,83,19,37.423312883435585,11.65644171779141,25.766871165644172,62.57668711656442,50.920245398773,11.65644171779141
E00116828,102,31,11,20,71,48,23,30.392156862745097,10.784313725490197,19.607843137254903,69.6078431372549,47.05882352941176,22.54901960784314
E00116829,137,51,23,28,86,60,26,37.22627737226277,16.78832116788321,20.437956204379564,62.77372262773723,43.79562043795621,18.97810218978102
E00116830,178,72,36,36,106,74,32,40.44943820224719,20.224719101123593,20.224719101123593,59.55056179775281,41.57303370786517,17.97752808988764
E00116831,141,49,21,28,92,75,17,34.751773049645394,14.893617021276595,19.858156028368796,65.24822695035462,53.191489361702125,12.056737588652481
E00116832,121,39,13,26,82,62,20,32.231404958677686,10.743801652892563,21.487603305785125,67.76859504132231,51.2396694214876,16.528925619834713
E00116833,95,39,15,24,56,46,10,41.05263157894737,15.789473684210526,25.263157894736842,58.94736842105262,48.421052631578945,10.526315789473683
E00116834,90,29,14,15,61,56,5,32.22222222222222,15.555555555555555,16.666666666666664,67.77777777777779,62.22222222222222,5.555555555555555
E00116835,98,42,24,18,56,44,12,42.857142857142854,24.489795918367346,18.367346938775512,57.14285714285714,44.89795918367347,12.244897959183673
E00116836,134,46,17,29,88,72,16,34.32835820895522,12.686567164179104,21.641791044776117,65.67164179104478,53.73134328358209,11.940298507462686
E00116837,120,42,14,28,78,63,15,35,11.666666666666666,23.333333333333332,65,52.5,12.5
E00116838,118,45,19,26,73,53,20,38.13559322033898,16.101694915254235,22.033898305084744,61.86440677966102,44.91525423728814,16.94915254237288
E00116839,134,39,12,27,95,81,14,29.1044776119403,8.955223880597014,20.149253731343283,70.8955223880597,60.447761194029844,10.44776119402985
E00116840,138,45,14,31,93,77,16,32.608695652173914,10.144927536231885,22.463768115942027,67.3913043478261,55.79710144927537,11.594202898550725
E00116841,143,47,23,24,96,76,20,32.86713286713287,16.083916083916083,16.783216783216783,67.13286713286713,53.14685314685315,13.986013986013987
E00116842,156,52,25,27,104,84,20,33.33333333333333,16.025641025641026,17.307692307692307,66.66666666666666,53.84615384615385,12.82051282051282
E00116843,123,39,13,26,84,64,20,31.70731707317073,10.569105691056912,21.138211382113823,68.29268292682927,52.03252032520326,16.260162601626014
E00116844,109,42,15,27,67,52,15,38.53211009174312,13.761467889908257,24.770642201834864,61.46788990825688,47.706422018348626,13.761467889908257
E00116845,158,62,31,31,96,66,30,39.24050632911392,19.62025316455696,19.62025316455696,60.75949367088608,41.77215189873418,18.9873417721519
E00116846,92,37,18,19,55,38,17,40.21739130434783,19.565217391304348,20.652173913043477,59.78260869565217,41.30434782608695,18.478260869565215
E00116847,109,43,13,30,66,50,16,39.44954128440367,11.926605504587156,27.522935779816514,60.550458715596335,45.87155963302752,14.678899082568808
E00116848,96,32,17,15,64,46,18,33.33333333333333,17.708333333333336,15.625,66.66666666666666,47.91666666666667,18.75
E00116849,101,37,18,19,64,51,13,36.633663366336634,17.82178217821782,18.81188118811881,63.366336633663366,50.495049504950494,12.871287128712872
E00116850,130,43,22,21,87,68,19,33.07692307692307,16.923076923076923,16.153846153846153,66.92307692307692,52.307692307692314,14.615384615384617
E00116851,114,39,17,22,75,54,21,34.21052631578947,14.912280701754385,19.298245614035086,65.78947368421053,47.368421052631575,18.421052631578945
E00116852,131,55,22,33,76,54,22,41.98473282442748,16.793893129770993,25.190839694656486,58.01526717557252,41.221374045801525,16.793893129770993
E00116853,135,55,31,24,80,54,26,40.74074074074074,22.962962962962962,17.77777777777778,59.25925925925925,40,19.25925925925926
E00116854,91,33,17,16,58,46,12,36.26373626373626,18.681318681318682,17.582417582417584,63.73626373626373,50.54945054945055,13.186813186813188
E00116855,109,43,24,19,66,54,12,39.44954128440367,22.018348623853214,17.431192660550458,60.550458715596335,49.54128440366973,11.009174311926607
E00116856,100,34,13,21,66,54,12,34,13,21,66,54,12
E00116857,101,31,17,14,70,50,20,30.693069306930692,16.831683168316832,13.861386138613863,69.3069306930693,49.504950495049506,19.801980198019802
E00116858,180,52,17,35,128,109,19,28.888888888888886,9.444444444444445,19.444444444444446,71.11111111111111,60.55555555555555,10.555555555555555
E00116859,233,99,49,50,134,102,32,42.48927038626609,21.030042918454935,21.45922746781116,57.5107296137339,43.776824034334766,13.733905579399142
E00116860,112,40,13,27,72,62,10,35.714285714285715,11.607142857142858,24.107142857142858,64.28571428571429,55.35714285714286,8.928571428571429
E00116861,165,70,36,34,95,62,33,42.42424242424242,21.818181818181817,20.606060606060606,57.57575757575758,37.57575757575757,20
E00116862,129,44,20,24,85,58,27,34.10852713178294,15.503875968992247,18.6046511627907,65.89147286821705,44.96124031007752,20.930232558139537
E00116863,98,38,19,19,60,44,16,38.775510204081634,19.387755102040817,19.387755102040817,61.224489795918366,44.89795918367347,16.3265306122449
E00116864,159,49,15,34,110,79,31,30.81761006289308,9.433962264150944,21.38364779874214,69.18238993710692,49.685534591194966,19.49685534591195
E00116865,110,40,18,22,70,55,15,36.36363636363637,16.363636363636363,20,63.63636363636363,50,13.636363636363635
E00116866,85,35,14,21,50,37,13,41.17647058823529,16.470588235294116,24.705882352941178,58.82352941176471,43.529411764705884,15.294117647058824
E00116867,153,53,18,35,100,84,16,34.64052287581699,11.76470588235294,22.875816993464053,65.359477124183,54.90196078431373,10.457516339869281
E00116868,79,31,12,19,48,37,11,39.24050632911392,15.18987341772152,24.050632911392405,60.75949367088608,46.835443037974684,13.924050632911392
E00116869,140,43,15,28,97,86,11,30.714285714285715,10.714285714285714,20,69.28571428571428,61.42857142857143,7.857142857142857
E00116870,118,55,21,34,63,54,9,46.61016949152542,17.796610169491526,28.8135593220339,53.38983050847458,45.76271186440678,7.627118644067797
E00116871,213,52,15,37,161,136,25,24.413145539906104,7.042253521126761,17.370892018779344,75.5868544600939,63.84976525821596,11.737089201877934
E00116872,159,61,18,43,98,77,21,38.36477987421384,11.320754716981133,27.044025157232703,61.63522012578616,48.42767295597484,13.20754716981132
E00116873,171,54,16,38,117,95,22,31.57894736842105,9.35672514619883,22.22222222222222,68.42105263157895,55.55555555555556,12.865497076023392
E00116874,176,56,20,36,120,99,21,31.818181818181817,11.363636363636363,20.454545454545457,68.18181818181817,56.25,11.931818181818182
E00116875,169,57,15,42,112,93,19,33.72781065088758,8.875739644970414,24.85207100591716,66.27218934911244,55.02958579881657,11.242603550295858
E00116876,115,29,7,22,86,66,20,25.217391304347824,6.086956521739131,19.130434782608695,74.78260869565217,57.391304347826086,17.391304347826086
E00116877,215,76,24,52,139,121,18,35.348837209302324,11.162790697674419,24.186046511627907,64.65116279069767,56.27906976744186,8.372093023255815
E00116878,46,18,6,12,28,19,9,39.130434782608695,13.043478260869565,26.08695652173913,60.86956521739131,41.30434782608695,19.565217391304348
E00116879,144,47,20,27,97,78,19,32.63888888888889,13.88888888888889,18.75,67.36111111111111,54.166666666666664,13.194444444444445
E00116880,127,41,11,30,86,76,10,32.28346456692913,8.661417322834646,23.62204724409449,67.71653543307087,59.84251968503938,7.874015748031496
E00116881,100,35,17,18,65,45,20,35,17,18,65,45,20
E00116882,133,46,23,23,87,63,24,34.58646616541353,17.293233082706767,17.293233082706767,65.41353383458647,47.368421052631575,18.045112781954884
E00116883,166,56,19,37,110,96,14,33.734939759036145,11.44578313253012,22.289156626506024,66.26506024096386,57.831325301204814,8.433734939759036
E00116884,281,97,40,57,184,160,24,34.519572953736656,14.23487544483986,20.284697508896798,65.48042704626334,56.93950177935944,8.540925266903916
E00116885,166,40,12,28,126,105,21,24.096385542168676,7.228915662650602,16.867469879518072,75.90361445783132,63.25301204819277,12.650602409638553
E00116886,119,43,16,27,76,66,10,36.134453781512605,13.445378151260504,22.689075630252102,63.86554621848739,55.46218487394958,8.403361344537815
E00116887,168,57,23,34,111,91,20,33.92857142857143,13.690476190476192,20.238095238095237,66.07142857142857,54.166666666666664,11.904761904761903
E00116888,126,33,3,30,93,78,15,26.190476190476193,2.380952380952381,23.809523809523807,73.80952380952381,61.904761904761905,11.904761904761903
E00116889,102,39,23,16,63,55,8,38.23529411764706,22.54901960784314,15.686274509803921,61.76470588235294,53.92156862745098,7.8431372549019605
E00116890,143,48,17,31,95,76,19,33.56643356643357,11.888111888111888,21.678321678321677,66.43356643356644,53.14685314685315,13.286713286713287
E00116891,128,39,14,25,89,74,15,30.46875,10.9375,19.53125,69.53125,57.8125,11.71875
E00116892,84,21,10,11,63,49,14,25,11.904761904761903,13.095238095238097,75,58.333333333333336,16.666666666666664
E00116893,132,48,20,28,84,71,13,36.36363636363637,15.151515151515152,21.21212121212121,63.63636363636363,53.78787878787878,9.848484848484848
E00116894,156,59,18,41,97,82,15,37.82051282051282,11.538461538461538,26.282051282051285,62.17948717948718,52.56410256410257,9.615384615384617
E00116895,168,50,20,30,118,97,21,29.761904761904763,11.904761904761903,17.857142857142858,70.23809523809523,57.738095238095234,12.5
E00116896,125,44,13,31,81,72,9,35.199999999999996,10.4,24.8,64.8,57.599999999999994,7.199999999999999
E00116897,134,48,15,33,86,81,5,35.82089552238806,11.194029850746269,24.62686567164179,64.17910447761194,60.447761194029844,3.731343283582089
E00116898,110,39,15,24,71,59,12,35.45454545454545,13.636363636363635,21.818181818181817,64.54545454545455,53.63636363636364,10.909090909090908
E00116899,124,34,15,19,90,70,20,27.419354838709676,12.096774193548388,15.32258064516129,72.58064516129032,56.451612903225815,16.129032258064516
E00116900,184,67,23,44,117,99,18,36.41304347826087,12.5,23.91304347826087,63.58695652173913,53.80434782608695,9.782608695652174
E00116901,167,41,17,24,126,111,15,24.550898203592812,10.179640718562874,14.37125748502994,75.44910179640718,66.46706586826348,8.982035928143713
E00116902,211,61,22,39,150,128,22,28.90995260663507,10.42654028436019,18.48341232227488,71.09004739336493,60.66350710900474,10.42654028436019
E00116903,158,52,19,33,106,79,27,32.91139240506329,12.025316455696203,20.88607594936709,67.08860759493672,50,17.088607594936708
E00116904,144,55,24,31,89,68,21,38.19444444444444,16.666666666666664,21.52777777777778,61.80555555555556,47.22222222222222,14.583333333333334
E00116905,102,25,11,14,77,68,9,24.509803921568626,10.784313725490197,13.725490196078432,75.49019607843137,66.66666666666666,8.823529411764707
E00116908,134,45,18,27,89,74,15,33.582089552238806,13.432835820895523,20.149253731343283,66.4179104477612,55.223880597014926,11.194029850746269
E00116909,16,5,2,3,11,11,0,31.25,12.5,18.75,68.75,68.75,0
E00116910,99,29,13,16,70,60,10,29.292929292929294,13.131313131313133,16.161616161616163,70.70707070707071,60.60606060606061,10.1010101010101
E00116911,143,43,14,29,100,90,10,30.069930069930066,9.79020979020979,20.27972027972028,69.93006993006993,62.93706293706294,6.993006993006993
E00116912,148,66,27,39,82,73,9,44.5945945945946,18.243243243243242,26.351351351351347,55.4054054054054,49.32432432432432,6.081081081081082
E00116913,174,61,16,45,113,97,16,35.05747126436782,9.195402298850574,25.862068965517242,64.9425287356322,55.74712643678161,9.195402298850574
E00116914,131,27,11,16,104,90,14,20.610687022900763,8.396946564885496,12.213740458015266,79.38931297709924,68.70229007633588,10.687022900763358
E00116915,159,62,21,41,97,86,11,38.9937106918239,13.20754716981132,25.78616352201258,61.0062893081761,54.088050314465406,6.918238993710692
E00116916,116,46,20,26,70,48,22,39.6551724137931,17.24137931034483,22.413793103448278,60.3448275862069,41.37931034482759,18.96551724137931
E00116917,26,11,8,3,15,15,0,42.30769230769231,30.76923076923077,11.538461538461538,57.692307692307686,57.692307692307686,0
E00116918,86,35,16,19,51,35,16,40.69767441860465,18.6046511627907,22.093023255813954,59.30232558139535,40.69767441860465,18.6046511627907
E00116919,86,40,19,21,46,34,12,46.51162790697674,22.093023255813954,24.418604651162788,53.48837209302325,39.53488372093023,13.953488372093023
E00116920,82,26,7,19,56,47,9,31.70731707317073,8.536585365853659,23.170731707317074,68.29268292682927,57.3170731707317,10.975609756097562
E00116921,171,55,25,30,116,96,20,32.16374269005848,14.619883040935672,17.543859649122805,67.83625730994152,56.14035087719298,11.695906432748536
E00116922,224,82,33,49,142,105,37,36.607142857142854,14.732142857142858,21.875,63.39285714285714,46.875,16.517857142857142
E00116923,109,35,15,20,74,61,13,32.11009174311927,13.761467889908257,18.34862385321101,67.88990825688074,55.96330275229357,11.926605504587156
E00116924,183,58,22,36,125,89,36,31.693989071038253,12.021857923497267,19.672131147540984,68.30601092896174,48.63387978142077,19.672131147540984
E00116925,115,49,24,25,66,47,19,42.608695652173914,20.869565217391305,21.73913043478261,57.391304347826086,40.869565217391305,16.52173913043478
E00116926,124,48,18,30,76,59,17,38.70967741935484,14.516129032258066,24.193548387096776,61.29032258064516,47.58064516129033,13.709677419354838
E00116927,221,87,39,48,134,91,43,39.366515837104075,17.647058823529413,21.71945701357466,60.633484162895925,41.17647058823529,19.457013574660635
E00116928,61,24,12,12,37,30,7,39.34426229508197,19.672131147540984,19.672131147540984,60.65573770491803,49.18032786885246,11.475409836065573
E00116929,79,25,7,18,54,35,19,31.645569620253166,8.860759493670885,22.78481012658228,68.35443037974683,44.303797468354425,24.050632911392405
E00116930,113,37,15,22,76,47,29,32.743362831858406,13.274336283185843,19.469026548672566,67.2566371681416,41.5929203539823,25.663716814159294
E00116931,58,21,11,10,37,29,8,36.206896551724135,18.96551724137931,17.24137931034483,63.793103448275865,50,13.793103448275861
E00116932,145,60,33,27,85,67,18,41.37931034482759,22.758620689655174,18.620689655172416,58.620689655172406,46.206896551724135,12.413793103448276
E00116933,154,48,23,25,106,88,18,31.16883116883117,14.935064935064934,16.233766233766232,68.83116883116884,57.14285714285714,11.688311688311687
E00116934,138,42,18,24,96,84,12,30.434782608695656,13.043478260869565,17.391304347826086,69.56521739130434,60.86956521739131,8.695652173913043
E00116935,146,53,29,24,93,74,19,36.3013698630137,19.863013698630137,16.43835616438356,63.6986301369863,50.68493150684932,13.013698630136986
E00116936,145,44,16,28,101,86,15,30.344827586206897,11.03448275862069,19.310344827586206,69.6551724137931,59.310344827586206,10.344827586206897
E00116937,124,42,18,24,82,68,14,33.87096774193548,14.516129032258066,19.35483870967742,66.12903225806451,54.83870967741935,11.29032258064516
E00116938,102,27,12,15,75,58,17,26.47058823529412,11.76470588235294,14.705882352941178,73.52941176470588,56.86274509803921,16.666666666666664
E00116939,168,55,25,30,113,94,19,32.73809523809524,14.880952380952381,17.857142857142858,67.26190476190477,55.952380952380956,11.30952380952381
E00116940,124,42,21,21,82,69,13,33.87096774193548,16.93548387096774,16.93548387096774,66.12903225806451,55.64516129032258,10.483870967741936
E00116941,109,43,16,27,66,57,9,39.44954128440367,14.678899082568808,24.770642201834864,60.550458715596335,52.293577981651374,8.256880733944955
E00116942,114,42,14,28,72,56,16,36.84210526315789,12.280701754385964,24.561403508771928,63.1578947368421,49.122807017543856,14.035087719298245
E00116943,121,36,17,19,85,68,17,29.75206611570248,14.049586776859504,15.702479338842975,70.24793388429752,56.19834710743802,14.049586776859504
E00116944,146,37,13,24,109,93,16,25.34246575342466,8.904109589041095,16.43835616438356,74.65753424657534,63.6986301369863,10.95890410958904
E00116945,112,40,21,19,72,59,13,35.714285714285715,18.75,16.964285714285715,64.28571428571429,52.67857142857143,11.607142857142858
E00116946,90,23,6,17,67,51,16,25.555555555555554,6.666666666666667,18.88888888888889,74.44444444444444,56.666666666666664,17.77777777777778
E00116947,102,36,13,23,66,54,12,35.294117647058826,12.745098039215685,22.54901960784314,64.70588235294117,52.94117647058824,11.76470588235294
E00116948,83,27,18,9,56,39,17,32.53012048192771,21.686746987951807,10.843373493975903,67.46987951807229,46.98795180722892,20.481927710843372
E00116949,136,39,11,28,97,81,16,28.676470588235293,8.088235294117647,20.588235294117645,71.32352941176471,59.55882352941176,11.76470588235294
E00116950,112,33,17,16,79,61,18,29.464285714285715,15.178571428571427,14.285714285714285,70.53571428571429,54.46428571428571,16.071428571428573
E00116951,124,49,21,28,75,53,22,39.516129032258064,16.93548387096774,22.58064516129032,60.483870967741936,42.74193548387097,17.741935483870968
E00116952,177,52,12,40,125,107,18,29.37853107344633,6.779661016949152,22.598870056497177,70.62146892655367,60.451977401129945,10.16949152542373
E00116953,93,33,17,16,60,47,13,35.483870967741936,18.27956989247312,17.20430107526882,64.51612903225806,50.53763440860215,13.978494623655912
E00116954,101,33,15,18,68,61,7,32.67326732673268,14.85148514851485,17.82178217821782,67.32673267326733,60.396039603960396,6.9306930693069315
E00116955,148,58,19,39,90,81,9,39.189189189189186,12.837837837837837,26.351351351351347,60.810810810810814,54.729729729729726,6.081081081081082
E00116956,121,50,15,35,71,60,11,41.32231404958678,12.396694214876034,28.92561983471074,58.67768595041323,49.586776859504134,9.090909090909092
E00116957,130,47,18,29,83,65,18,36.15384615384615,13.846153846153847,22.30769230769231,63.84615384615384,50,13.846153846153847
E00116958,131,34,14,20,97,85,12,25.954198473282442,10.687022900763358,15.267175572519085,74.04580152671755,64.8854961832061,9.16030534351145
E00116959,114,43,24,19,71,60,11,37.719298245614034,21.052631578947366,16.666666666666664,62.28070175438597,52.63157894736842,9.649122807017543
E00116960,129,56,14,42,73,60,13,43.41085271317829,10.852713178294573,32.55813953488372,56.58914728682171,46.51162790697674,10.077519379844961
E00116961,189,63,25,38,126,114,12,33.33333333333333,13.227513227513226,20.105820105820104,66.66666666666666,60.317460317460316,6.349206349206349
E00116962,68,33,8,25,35,29,6,48.529411764705884,11.76470588235294,36.76470588235294,51.470588235294116,42.64705882352941,8.823529411764707
E00116963,170,51,19,32,119,106,13,30,11.176470588235295,18.823529411764707,70,62.35294117647059,7.647058823529412
E00116964,113,33,16,17,80,74,6,29.20353982300885,14.15929203539823,15.04424778761062,70.79646017699115,65.48672566371681,5.3097345132743365
E00116965,123,49,24,25,74,60,14,39.83739837398374,19.51219512195122,20.32520325203252,60.16260162601627,48.78048780487805,11.38211382113821
E00116966,111,35,15,20,76,61,15,31.53153153153153,13.513513513513514,18.01801801801802,68.46846846846847,54.95495495495496,13.513513513513514
E00116967,154,53,21,32,101,80,21,34.41558441558442,13.636363636363635,20.77922077922078,65.5844155844156,51.94805194805194,13.636363636363635
E00116968,90,35,15,20,55,49,6,38.88888888888889,16.666666666666664,22.22222222222222,61.111111111111114,54.44444444444444,6.666666666666667
E00116970,88,42,26,16,46,32,14,47.72727272727273,29.545454545454547,18.181818181818183,52.27272727272727,36.36363636363637,15.909090909090908
E00116971,187,72,23,49,115,97,18,38.50267379679144,12.299465240641712,26.203208556149733,61.49732620320856,51.87165775401069,9.62566844919786
E00116972,112,34,12,22,78,63,15,30.357142857142854,10.714285714285714,19.642857142857142,69.64285714285714,56.25,13.392857142857142
E00116973,140,47,14,33,93,78,15,33.57142857142857,10,23.57142857142857,66.42857142857143,55.714285714285715,10.714285714285714
E00116974,125,48,20,28,77,63,14,38.4,16,22.400000000000002,61.6,50.4,11.200000000000001
E00116975,165,56,14,42,109,91,18,33.939393939393945,8.484848484848486,25.454545454545453,66.06060606060606,55.15151515151515,10.909090909090908
E00116976,154,56,24,32,98,82,16,36.36363636363637,15.584415584415584,20.77922077922078,63.63636363636363,53.246753246753244,10.38961038961039
E00116977,165,54,17,37,111,88,23,32.72727272727273,10.303030303030303,22.424242424242426,67.27272727272727,53.333333333333336,13.939393939393941
E00116978,146,45,15,30,101,82,19,30.82191780821918,10.273972602739725,20.54794520547945,69.17808219178082,56.16438356164384,13.013698630136986
E00116979,128,41,11,30,87,76,11,32.03125,8.59375,23.4375,67.96875,59.375,8.59375
E00116980,155,59,19,40,96,71,25,38.064516129032256,12.258064516129032,25.806451612903224,61.935483870967744,45.806451612903224,16.129032258064516
E00116981,283,74,28,46,209,163,46,26.148409893992934,9.89399293286219,16.25441696113074,73.85159010600707,57.59717314487632,16.25441696113074
E00116982,148,56,23,33,92,73,19,37.83783783783784,15.54054054054054,22.2972972972973,62.16216216216216,49.32432432432432,12.837837837837837
E00116983,122,45,19,26,77,56,21,36.885245901639344,15.573770491803279,21.311475409836063,63.114754098360656,45.90163934426229,17.21311475409836
E00116984,127,54,17,37,73,64,9,42.51968503937008,13.385826771653544,29.133858267716533,57.48031496062992,50.39370078740157,7.086614173228346
E00116985,162,62,28,34,100,81,19,38.2716049382716,17.28395061728395,20.98765432098765,61.72839506172839,50,11.728395061728394
E00116986,118,40,11,29,78,67,11,33.89830508474576,9.322033898305085,24.576271186440678,66.10169491525424,56.779661016949156,9.322033898305085
E00116987,115,37,8,29,78,65,13,32.17391304347826,6.956521739130435,25.217391304347824,67.82608695652173,56.52173913043478,11.304347826086957
E00116988,157,61,21,40,96,80,16,38.853503184713375,13.375796178343949,25.477707006369428,61.146496815286625,50.955414012738856,10.191082802547772
E00116989,134,44,10,34,90,77,13,32.83582089552239,7.462686567164178,25.37313432835821,67.16417910447761,57.46268656716418,9.701492537313433
E00116990,110,37,16,21,73,59,14,33.63636363636363,14.545454545454545,19.090909090909093,66.36363636363637,53.63636363636364,12.727272727272727
E00116991,98,32,15,17,66,53,13,32.6530612244898,15.306122448979592,17.346938775510203,67.3469387755102,54.08163265306123,13.26530612244898
E00116992,115,22,9,13,93,76,17,19.130434782608695,7.82608695652174,11.304347826086957,80.8695652173913,66.08695652173913,14.782608695652174
E00116993,91,36,7,29,55,45,10,39.56043956043956,7.6923076923076925,31.868131868131865,60.43956043956044,49.45054945054945,10.989010989010989
E00116994,143,49,21,28,94,76,18,34.26573426573427,14.685314685314685,19.58041958041958,65.73426573426573,53.14685314685315,12.587412587412588
E00116995,42,17,7,10,25,17,8,40.476190476190474,16.666666666666664,23.809523809523807,59.523809523809526,40.476190476190474,19.047619047619047
E00116996,118,32,14,18,86,62,24,27.11864406779661,11.864406779661017,15.254237288135593,72.88135593220339,52.54237288135594,20.33898305084746
E00116997,122,28,11,17,94,66,28,22.950819672131146,9.01639344262295,13.934426229508196,77.04918032786885,54.09836065573771,22.950819672131146
E00116998,137,56,18,38,81,66,15,40.87591240875913,13.138686131386862,27.73722627737226,59.12408759124088,48.175182481751825,10.948905109489052
E00116999,117,45,18,27,72,47,25,38.46153846153847,15.384615384615385,23.076923076923077,61.53846153846154,40.17094017094017,21.367521367521366
E00117000,142,56,19,37,86,65,21,39.436619718309856,13.380281690140844,26.056338028169012,60.56338028169014,45.774647887323944,14.788732394366196
E00117001,105,34,16,18,71,50,21,32.38095238095238,15.238095238095239,17.142857142857142,67.61904761904762,47.61904761904761,20
E00117002,139,57,33,24,82,65,17,41.007194244604314,23.741007194244602,17.26618705035971,58.992805755395686,46.76258992805755,12.23021582733813
E00117003,100,39,20,19,61,50,11,39,20,19,61,50,11
E00117004,63,23,10,13,40,29,11,36.507936507936506,15.873015873015872,20.634920634920633,63.49206349206349,46.03174603174603,17.46031746031746
E00117005,142,38,8,30,104,82,22,26.76056338028169,5.633802816901409,21.12676056338028,73.23943661971832,57.74647887323944,15.492957746478872
E00117006,200,67,11,56,133,111,22,33.5,5.5,28.000000000000004,66.5,55.50000000000001,11
E00117007,163,38,14,24,125,97,28,23.31288343558282,8.588957055214724,14.723926380368098,76.68711656441718,59.50920245398773,17.177914110429448
E00117008,130,41,12,29,89,78,11,31.538461538461537,9.230769230769232,22.30769230769231,68.46153846153847,60,8.461538461538462
E00117009,189,56,21,35,133,108,25,29.629629629629626,11.11111111111111,18.51851851851852,70.37037037037037,57.14285714285714,13.227513227513226
E00117010,187,55,22,33,132,118,14,29.411764705882355,11.76470588235294,17.647058823529413,70.58823529411765,63.101604278074866,7.4866310160427805
E00117011,160,55,15,40,105,87,18,34.375,9.375,25,65.625,54.37499999999999,11.25
E00117012,160,48,14,34,112,93,19,30,8.75,21.25,70,58.12500000000001,11.875
E00117013,103,41,17,24,62,51,11,39.80582524271845,16.50485436893204,23.300970873786408,60.19417475728155,49.51456310679612,10.679611650485436
E00117014,168,48,16,32,120,103,17,28.57142857142857,9.523809523809524,19.047619047619047,71.42857142857143,61.30952380952381,10.119047619047619
E00117015,141,44,19,25,97,81,16,31.20567375886525,13.47517730496454,17.73049645390071,68.79432624113475,57.446808510638306,11.347517730496454
E00117016,117,41,14,27,76,66,10,35.04273504273504,11.965811965811966,23.076923076923077,64.95726495726495,56.41025641025641,8.547008547008547
E00117017,241,97,24,73,144,126,18,40.24896265560166,9.95850622406639,30.29045643153527,59.75103734439834,52.282157676348554,7.468879668049793
E00117018,137,41,15,26,96,86,10,29.927007299270077,10.948905109489052,18.97810218978102,70.07299270072993,62.77372262773723,7.2992700729927
E00117019,185,45,12,33,140,124,16,24.324324324324326,6.486486486486487,17.83783783783784,75.67567567567568,67.02702702702703,8.64864864864865
E00117020,46,18,4,14,28,27,1,39.130434782608695,8.695652173913043,30.434782608695656,60.86956521739131,58.69565217391305,2.1739130434782608
E00117021,118,33,16,17,85,72,13,27.966101694915253,13.559322033898304,14.40677966101695,72.03389830508475,61.016949152542374,11.016949152542372
E00117022,111,42,11,31,69,61,8,37.83783783783784,9.90990990990991,27.927927927927925,62.16216216216216,54.95495495495496,7.207207207207207
E00117023,99,32,7,25,67,54,13,32.323232323232325,7.07070707070707,25.252525252525253,67.67676767676768,54.54545454545454,13.131313131313133
E00117024,121,43,12,31,78,69,9,35.53719008264463,9.917355371900827,25.6198347107438,64.46280991735537,57.02479338842975,7.43801652892562
E00117025,154,44,13,31,110,85,25,28.57142857142857,8.441558441558442,20.12987012987013,71.42857142857143,55.1948051948052,16.233766233766232
E00117026,131,44,16,28,87,73,14,33.587786259541986,12.213740458015266,21.374045801526716,66.41221374045801,55.72519083969466,10.687022900763358
E00117027,151,44,15,29,107,92,15,29.13907284768212,9.933774834437086,19.205298013245034,70.86092715231787,60.9271523178808,9.933774834437086
E00117028,154,46,16,30,108,89,19,29.87012987012987,10.38961038961039,19.480519480519483,70.12987012987013,57.7922077922078,12.337662337662337
E00117029,166,52,16,36,114,93,21,31.32530120481928,9.63855421686747,21.686746987951807,68.67469879518072,56.024096385542165,12.650602409638553
E00117030,167,49,6,43,118,99,19,29.34131736526946,3.592814371257485,25.748502994011975,70.65868263473054,59.281437125748504,11.377245508982035
E00117031,144,46,17,29,98,88,10,31.944444444444443,11.805555555555555,20.13888888888889,68.05555555555556,61.111111111111114,6.944444444444445
E00117032,170,58,15,43,112,94,18,34.11764705882353,8.823529411764707,25.294117647058822,65.88235294117646,55.294117647058826,10.588235294117647
E00117033,150,47,19,28,103,85,18,31.333333333333336,12.666666666666668,18.666666666666668,68.66666666666667,56.666666666666664,12
E00117034,184,52,15,37,132,113,19,28.26086956521739,8.152173913043478,20.108695652173914,71.73913043478261,61.41304347826087,10.326086956521738
E00117035,123,41,16,25,82,72,10,33.33333333333333,13.008130081300814,20.32520325203252,66.66666666666666,58.536585365853654,8.130081300813007
E00117036,190,72,26,46,118,97,21,37.89473684210527,13.684210526315791,24.210526315789473,62.10526315789474,51.05263157894737,11.052631578947368
E00117037,131,52,14,38,79,69,10,39.69465648854962,10.687022900763358,29.00763358778626,60.30534351145038,52.67175572519084,7.633587786259542
E00117038,103,39,14,25,64,54,10,37.86407766990291,13.592233009708737,24.271844660194176,62.13592233009708,52.42718446601942,9.70873786407767
E00117039,103,37,13,24,66,54,12,35.92233009708738,12.62135922330097,23.300970873786408,64.07766990291263,52.42718446601942,11.650485436893204
E00117040,116,43,20,23,73,60,13,37.06896551724138,17.24137931034483,19.82758620689655,62.93103448275862,51.724137931034484,11.206896551724139
E00117041,70,34,18,16,36,30,6,48.57142857142857,25.71428571428571,22.857142857142858,51.42857142857142,42.857142857142854,8.571428571428571
E00117042,144,55,30,25,89,69,20,38.19444444444444,20.833333333333336,17.36111111111111,61.80555555555556,47.91666666666667,13.88888888888889
E00117043,77,28,15,13,49,38,11,36.36363636363637,19.480519480519483,16.883116883116884,63.63636363636363,49.35064935064935,14.285714285714285
E00117044,95,35,17,18,60,54,6,36.84210526315789,17.894736842105264,18.947368421052634,63.1578947368421,56.84210526315789,6.315789473684211
E00117045,117,43,13,30,74,54,20,36.75213675213676,11.11111111111111,25.64102564102564,63.24786324786324,46.15384615384615,17.094017094017094
E00117046,132,52,20,32,80,61,19,39.39393939393939,15.151515151515152,24.242424242424242,60.60606060606061,46.21212121212121,14.393939393939394
E00117047,194,72,21,51,122,95,27,37.11340206185567,10.824742268041238,26.288659793814436,62.88659793814433,48.96907216494845,13.917525773195877
E00117048,16,7,0,7,9,7,2,43.75,0,43.75,56.25,43.75,12.5
E00117049,139,50,20,30,89,72,17,35.97122302158273,14.388489208633093,21.58273381294964,64.02877697841727,51.798561151079134,12.23021582733813
E00117050,156,69,33,36,87,75,12,44.230769230769226,21.153846153846153,23.076923076923077,55.769230769230774,48.07692307692308,7.6923076923076925
E00117051,176,66,26,40,110,91,19,37.5,14.772727272727273,22.727272727272727,62.5,51.70454545454546,10.795454545454545
E00117052,70,24,8,16,46,37,9,34.285714285714285,11.428571428571429,22.857142857142858,65.71428571428571,52.85714285714286,12.857142857142856
E00117053,142,59,22,37,83,69,14,41.54929577464789,15.492957746478872,26.056338028169012,58.45070422535211,48.59154929577465,9.859154929577464
E00117054,162,55,26,29,107,87,20,33.95061728395062,16.049382716049383,17.901234567901234,66.0493827160494,53.70370370370371,12.345679012345679
E00117056,107,41,16,25,66,50,16,38.31775700934579,14.953271028037381,23.364485981308412,61.6822429906542,46.728971962616825,14.953271028037381
E00117057,165,64,24,40,101,86,15,38.78787878787879,14.545454545454545,24.242424242424242,61.212121212121204,52.121212121212125,9.090909090909092
E00117058,103,31,10,21,72,60,12,30.097087378640776,9.70873786407767,20.388349514563107,69.90291262135922,58.252427184466015,11.650485436893204
E00117059,141,32,14,18,109,99,10,22.69503546099291,9.929078014184398,12.76595744680851,77.30496453900709,70.2127659574468,7.092198581560284
E00117060,96,35,16,19,61,52,9,36.45833333333333,16.666666666666664,19.791666666666664,63.541666666666664,54.166666666666664,9.375
E00117061,122,28,7,21,94,85,9,22.950819672131146,5.737704918032787,17.21311475409836,77.04918032786885,69.67213114754098,7.377049180327869
E00117062,134,49,18,31,85,73,12,36.56716417910448,13.432835820895523,23.134328358208954,63.43283582089553,54.47761194029851,8.955223880597014
E00117063,90,34,12,22,56,48,8,37.77777777777778,13.333333333333334,24.444444444444443,62.22222222222222,53.333333333333336,8.88888888888889
E00117064,126,44,14,30,82,67,15,34.92063492063492,11.11111111111111,23.809523809523807,65.07936507936508,53.17460317460318,11.904761904761903
E00117065,92,32,6,26,60,44,16,34.78260869565217,6.521739130434782,28.26086956521739,65.21739130434783,47.82608695652174,17.391304347826086
E00117066,131,39,12,27,92,81,11,29.770992366412212,9.16030534351145,20.610687022900763,70.22900763358778,61.832061068702295,8.396946564885496
E00117067,129,48,22,26,81,73,8,37.2093023255814,17.05426356589147,20.155038759689923,62.7906976744186,56.58914728682171,6.2015503875969
E00117068,140,46,15,31,94,85,9,32.857142857142854,10.714285714285714,22.142857142857142,67.14285714285714,60.71428571428571,6.428571428571428
E00117069,145,41,14,27,104,90,14,28.27586206896552,9.655172413793103,18.620689655172416,71.72413793103448,62.06896551724138,9.655172413793103
E00117070,156,52,21,31,104,89,15,33.33333333333333,13.461538461538462,19.871794871794872,66.66666666666666,57.05128205128205,9.615384615384617
E00117071,171,52,19,33,119,98,21,30.409356725146196,11.11111111111111,19.298245614035086,69.5906432748538,57.30994152046783,12.280701754385964
E00117072,107,33,9,24,74,63,11,30.8411214953271,8.411214953271028,22.429906542056074,69.1588785046729,58.87850467289719,10.2803738317757
E00117073,124,49,26,23,75,57,18,39.516129032258064,20.967741935483872,18.548387096774192,60.483870967741936,45.96774193548387,14.516129032258066
E00117074,77,26,12,14,51,39,12,33.76623376623377,15.584415584415584,18.181818181818183,66.23376623376623,50.649350649350644,15.584415584415584
E00117075,75,25,9,16,50,41,9,33.33333333333333,12,21.333333333333336,66.66666666666666,54.666666666666664,12
E00117076,69,41,21,20,28,27,1,59.42028985507246,30.434782608695656,28.985507246376812,40.57971014492754,39.130434782608695,1.4492753623188406
E00117077,111,38,18,20,73,59,14,34.234234234234236,16.216216216216218,18.01801801801802,65.76576576576578,53.153153153153156,12.612612612612612
E00117078,135,45,19,26,90,69,21,33.33333333333333,14.074074074074074,19.25925925925926,66.66666666666666,51.11111111111111,15.555555555555555
E00117079,123,52,31,21,71,57,14,42.27642276422765,25.203252032520325,17.073170731707318,57.72357723577236,46.34146341463415,11.38211382113821
E00117080,96,39,13,26,57,46,11,40.625,13.541666666666666,27.083333333333332,59.375,47.91666666666667,11.458333333333332
E00117081,125,36,15,21,89,78,11,28.799999999999997,12,16.8,71.2,62.4,8.799999999999999
E00117082,28,12,7,5,16,12,4,42.857142857142854,25,17.857142857142858,57.14285714285714,42.857142857142854,14.285714285714285
E00117083,130,40,12,28,90,64,26,30.76923076923077,9.230769230769232,21.53846153846154,69.23076923076923,49.23076923076923,20
E00117084,72,26,12,14,46,41,5,36.11111111111111,16.666666666666664,19.444444444444446,63.888888888888886,56.94444444444444,6.944444444444445
E00117085,134,38,18,20,96,78,18,28.35820895522388,13.432835820895523,14.925373134328357,71.64179104477611,58.2089552238806,13.432835820895523
E00117086,77,36,15,21,41,28,13,46.75324675324675,19.480519480519483,27.27272727272727,53.246753246753244,36.36363636363637,16.883116883116884
E00117087,22,13,8,5,9,9,0,59.09090909090909,36.36363636363637,22.727272727272727,40.909090909090914,40.909090909090914,0
E00117088,131,47,18,29,84,68,16,35.87786259541985,13.740458015267176,22.137404580152673,64.12213740458014,51.908396946564885,12.213740458015266
E00117089,87,35,18,17,52,43,9,40.229885057471265,20.689655172413794,19.54022988505747,59.77011494252874,49.42528735632184,10.344827586206897
E00117090,86,28,14,14,58,48,10,32.55813953488372,16.27906976744186,16.27906976744186,67.44186046511628,55.81395348837209,11.627906976744185
E00117091,42,13,7,6,29,25,4,30.952380952380953,16.666666666666664,14.285714285714285,69.04761904761905,59.523809523809526,9.523809523809524
E00117092,100,35,16,19,65,50,15,35,16,19,65,50,15
E00117093,71,29,9,20,42,30,12,40.845070422535215,12.676056338028168,28.169014084507044,59.154929577464785,42.25352112676056,16.901408450704224
E00117094,157,52,17,35,105,97,8,33.12101910828025,10.828025477707007,22.29299363057325,66.87898089171973,61.78343949044586,5.095541401273886
E00117095,193,61,34,27,132,110,22,31.606217616580313,17.616580310880828,13.989637305699482,68.39378238341969,56.994818652849744,11.398963730569948
E00117096,178,67,30,37,111,83,28,37.640449438202246,16.853932584269664,20.786516853932586,62.35955056179775,46.62921348314607,15.730337078651685
E00117097,129,31,17,14,98,76,22,24.031007751937985,13.178294573643413,10.852713178294573,75.96899224806202,58.91472868217055,17.05426356589147
E00117098,150,53,16,37,97,72,25,35.333333333333336,10.666666666666668,24.666666666666668,64.66666666666666,48,16.666666666666664
E00117099,103,23,9,14,80,61,19,22.330097087378643,8.737864077669903,13.592233009708737,77.66990291262135,59.22330097087378,18.446601941747574
E00117100,117,27,13,14,90,74,16,23.076923076923077,11.11111111111111,11.965811965811966,76.92307692307693,63.24786324786324,13.675213675213676
E00117101,103,30,12,18,73,50,23,29.126213592233007,11.650485436893204,17.475728155339805,70.87378640776699,48.54368932038835,22.330097087378643
E00117102,121,39,15,24,82,64,18,32.231404958677686,12.396694214876034,19.834710743801654,67.76859504132231,52.892561983471076,14.87603305785124
E00117103,137,46,20,26,91,77,14,33.57664233576642,14.5985401459854,18.97810218978102,66.42335766423358,56.20437956204379,10.218978102189782
E00117106,101,29,9,20,72,58,14,28.71287128712871,8.91089108910891,19.801980198019802,71.28712871287128,57.42574257425742,13.861386138613863
E00117107,52,17,7,10,35,29,6,32.69230769230769,13.461538461538462,19.230769230769234,67.3076923076923,55.769230769230774,11.538461538461538
E00117108,103,30,13,17,73,55,18,29.126213592233007,12.62135922330097,16.50485436893204,70.87378640776699,53.398058252427184,17.475728155339805
E00117109,87,37,17,20,50,44,6,42.5287356321839,19.54022988505747,22.988505747126435,57.47126436781609,50.57471264367817,6.896551724137931
E00117110,120,39,22,17,81,65,16,32.5,18.333333333333332,14.166666666666666,67.5,54.166666666666664,13.333333333333334
E00117111,182,39,16,23,143,119,24,21.428571428571427,8.791208791208792,12.637362637362637,78.57142857142857,65.38461538461539,13.186813186813188
E00117112,197,56,7,49,141,120,21,28.426395939086298,3.5532994923857872,24.873096446700508,71.57360406091371,60.913705583756354,10.65989847715736
E00117113,178,63,23,40,115,98,17,35.39325842696629,12.921348314606742,22.47191011235955,64.60674157303372,55.0561797752809,9.550561797752808
E00117114,140,41,13,28,99,75,24,29.28571428571429,9.285714285714286,20,70.71428571428572,53.57142857142857,17.142857142857142
E00117115,172,52,24,28,120,108,12,30.23255813953488,13.953488372093023,16.27906976744186,69.76744186046511,62.7906976744186,6.976744186046512
E00117116,166,62,21,41,104,85,19,37.34939759036144,12.650602409638553,24.69879518072289,62.65060240963856,51.204819277108435,11.44578313253012
E00117117,222,68,32,36,154,115,39,30.630630630630627,14.414414414414415,16.216216216216218,69.36936936936937,51.80180180180181,17.56756756756757
E00117118,192,45,13,32,147,125,22,23.4375,6.770833333333333,16.666666666666664,76.5625,65.10416666666666,11.458333333333332
E00117119,134,49,17,32,85,64,21,36.56716417910448,12.686567164179104,23.88059701492537,63.43283582089553,47.76119402985074,15.671641791044777
E00117120,176,59,21,38,117,102,15,33.52272727272727,11.931818181818182,21.59090909090909,66.47727272727273,57.95454545454546,8.522727272727272
E00117121,146,42,15,27,104,89,15,28.767123287671232,10.273972602739725,18.493150684931507,71.23287671232876,60.95890410958904,10.273972602739725
E00117122,294,85,35,50,209,176,33,28.91156462585034,11.904761904761903,17.006802721088434,71.08843537414967,59.863945578231295,11.224489795918368
E00117123,203,68,20,48,135,113,22,33.497536945812804,9.852216748768473,23.645320197044335,66.50246305418719,55.66502463054187,10.83743842364532
E00117124,277,82,26,56,195,162,33,29.602888086642597,9.386281588447654,20.216606498194945,70.3971119133574,58.48375451263538,11.913357400722022
E00117125,204,54,12,42,150,124,26,26.47058823529412,5.88235294117647,20.588235294117645,73.52941176470588,60.78431372549019,12.745098039215685
E00117126,153,45,13,32,108,92,16,29.411764705882355,8.49673202614379,20.915032679738562,70.58823529411765,60.130718954248366,10.457516339869281
E00117127,67,27,14,13,40,29,11,40.298507462686565,20.8955223880597,19.402985074626866,59.70149253731343,43.28358208955223,16.417910447761194
E00117128,156,66,30,36,90,72,18,42.30769230769231,19.230769230769234,23.076923076923077,57.692307692307686,46.15384615384615,11.538461538461538
E00117129,70,39,23,16,31,19,12,55.714285714285715,32.857142857142854,22.857142857142858,44.285714285714285,27.142857142857142,17.142857142857142
E00117130,104,47,14,33,57,48,9,45.19230769230769,13.461538461538462,31.73076923076923,54.807692307692314,46.15384615384615,8.653846153846153
E00117131,78,42,21,21,36,31,5,53.84615384615385,26.923076923076923,26.923076923076923,46.15384615384615,39.743589743589745,6.41025641025641
E00117132,91,38,20,18,53,41,12,41.75824175824176,21.978021978021978,19.78021978021978,58.24175824175825,45.05494505494506,13.186813186813188
E00117133,122,45,18,27,77,59,18,36.885245901639344,14.754098360655737,22.131147540983605,63.114754098360656,48.36065573770492,14.754098360655737
E00117134,58,22,13,9,36,28,8,37.93103448275862,22.413793103448278,15.517241379310345,62.06896551724138,48.275862068965516,13.793103448275861
E00117135,117,43,28,15,74,58,16,36.75213675213676,23.931623931623932,12.82051282051282,63.24786324786324,49.572649572649574,13.675213675213676
E00117136,65,21,9,12,44,34,10,32.30769230769231,13.846153846153847,18.461538461538463,67.6923076923077,52.307692307692314,15.384615384615385
E00117137,89,34,8,26,55,48,7,38.20224719101123,8.98876404494382,29.213483146067414,61.79775280898876,53.93258426966292,7.865168539325842
E00117138,81,21,9,12,60,55,5,25.925925925925924,11.11111111111111,14.814814814814813,74.07407407407408,67.90123456790124,6.172839506172839
E00117139,115,37,9,28,78,68,10,32.17391304347826,7.82608695652174,24.347826086956523,67.82608695652173,59.130434782608695,8.695652173913043
E00117140,90,40,23,17,50,47,3,44.44444444444444,25.555555555555554,18.88888888888889,55.55555555555556,52.22222222222223,3.3333333333333335
E00117141,55,24,15,9,31,20,11,43.63636363636363,27.27272727272727,16.363636363636363,56.36363636363636,36.36363636363637,20
E00117142,119,49,19,30,70,56,14,41.17647058823529,15.966386554621847,25.210084033613445,58.82352941176471,47.05882352941176,11.76470588235294
E00117143,41,20,13,7,21,15,6,48.78048780487805,31.70731707317073,17.073170731707318,51.21951219512195,36.58536585365854,14.634146341463413
E00117144,84,33,18,15,51,36,15,39.285714285714285,21.428571428571427,17.857142857142858,60.71428571428571,42.857142857142854,17.857142857142858
E00117145,98,40,22,18,58,50,8,40.816326530612244,22.448979591836736,18.367346938775512,59.183673469387756,51.02040816326531,8.16326530612245
E00117146,92,34,18,16,58,50,8,36.95652173913043,19.565217391304348,17.391304347826086,63.04347826086957,54.347826086956516,8.695652173913043
E00117147,141,56,16,40,85,75,10,39.71631205673759,11.347517730496454,28.368794326241137,60.28368794326241,53.191489361702125,7.092198581560284
E00117148,177,62,21,41,115,103,12,35.02824858757062,11.864406779661017,23.163841807909606,64.97175141242938,58.19209039548022,6.779661016949152
E00117149,87,26,10,16,61,45,16,29.88505747126437,11.494252873563218,18.39080459770115,70.11494252873564,51.724137931034484,18.39080459770115
E00117150,49,21,8,13,28,28,0,42.857142857142854,16.3265306122449,26.53061224489796,57.14285714285714,57.14285714285714,0
E00117151,88,37,13,24,51,37,14,42.04545454545455,14.772727272727273,27.27272727272727,57.95454545454546,42.04545454545455,15.909090909090908
E00117152,116,50,23,27,66,53,13,43.103448275862064,19.82758620689655,23.275862068965516,56.896551724137936,45.689655172413794,11.206896551724139
E00117153,170,39,5,34,131,113,18,22.941176470588236,2.941176470588235,20,77.05882352941177,66.47058823529412,10.588235294117647
E00117154,84,31,5,26,53,46,7,36.904761904761905,5.952380952380952,30.952380952380953,63.095238095238095,54.761904761904766,8.333333333333332
E00117155,106,30,12,18,76,63,13,28.30188679245283,11.320754716981133,16.9811320754717,71.69811320754717,59.43396226415094,12.264150943396226
E00117156,96,35,17,18,61,50,11,36.45833333333333,17.708333333333336,18.75,63.541666666666664,52.083333333333336,11.458333333333332
E00117157,154,56,20,36,98,86,12,36.36363636363637,12.987012987012985,23.376623376623375,63.63636363636363,55.84415584415584,7.792207792207792
E00117158,74,19,8,11,55,49,6,25.675675675675674,10.81081081081081,14.864864864864865,74.32432432432432,66.21621621621621,8.108108108108109
E00117159,129,49,18,31,80,67,13,37.98449612403101,13.953488372093023,24.031007751937985,62.01550387596899,51.93798449612403,10.077519379844961
E00117160,117,44,10,34,73,62,11,37.60683760683761,8.547008547008547,29.059829059829063,62.39316239316239,52.991452991452995,9.401709401709402
E00117161,147,49,20,29,98,80,18,33.33333333333333,13.60544217687075,19.727891156462583,66.66666666666666,54.421768707483,12.244897959183673
E00117162,71,22,9,13,49,40,9,30.985915492957744,12.676056338028168,18.30985915492958,69.01408450704226,56.33802816901409,12.676056338028168
E00117163,174,46,22,24,128,101,27,26.436781609195403,12.643678160919542,13.793103448275861,73.5632183908046,58.04597701149425,15.517241379310345
E00117164,105,52,16,36,53,48,5,49.523809523809526,15.238095238095239,34.285714285714285,50.476190476190474,45.714285714285715,4.761904761904762
E00117165,176,65,24,41,111,92,19,36.93181818181818,13.636363636363635,23.295454545454543,63.06818181818182,52.27272727272727,10.795454545454545
E00117166,90,30,9,21,60,53,7,33.33333333333333,10,23.333333333333332,66.66666666666666,58.88888888888889,7.777777777777778
E00117167,169,69,21,48,100,81,19,40.828402366863905,12.42603550295858,28.402366863905325,59.171597633136095,47.928994082840234,11.242603550295858
E00117168,141,58,22,36,83,72,11,41.13475177304964,15.602836879432624,25.53191489361702,58.86524822695035,51.06382978723404,7.801418439716312
E00117169,111,39,17,22,72,61,11,35.13513513513514,15.315315315315313,19.81981981981982,64.86486486486487,54.95495495495496,9.90990990990991
E00117170,96,35,23,12,61,40,21,36.45833333333333,23.958333333333336,12.5,63.541666666666664,41.66666666666667,21.875
E00117171,136,46,20,26,90,69,21,33.82352941176471,14.705882352941178,19.11764705882353,66.17647058823529,50.73529411764706,15.441176470588236
E00117172,97,40,13,27,57,49,8,41.23711340206185,13.402061855670103,27.835051546391753,58.76288659793815,50.51546391752577,8.24742268041237
E00117173,215,78,27,51,137,108,29,36.27906976744186,12.558139534883722,23.72093023255814,63.72093023255814,50.23255813953489,13.488372093023257
E00117174,133,52,20,32,81,71,10,39.097744360902254,15.037593984962406,24.06015037593985,60.902255639097746,53.383458646616546,7.518796992481203
E00117175,115,43,16,27,72,66,6,37.391304347826086,13.91304347826087,23.47826086956522,62.60869565217392,57.391304347826086,5.217391304347826
E00117176,175,65,30,35,110,85,25,37.142857142857146,17.142857142857142,20,62.857142857142854,48.57142857142857,14.285714285714285
E00117177,123,47,14,33,76,62,14,38.21138211382114,11.38211382113821,26.82926829268293,61.78861788617886,50.40650406504065,11.38211382113821
E00117178,104,35,12,23,69,58,11,33.65384615384615,11.538461538461538,22.115384615384613,66.34615384615384,55.769230769230774,10.576923076923077
E00117179,133,52,17,35,81,61,20,39.097744360902254,12.781954887218044,26.31578947368421,60.902255639097746,45.86466165413533,15.037593984962406
E00117180,188,59,13,46,129,115,14,31.382978723404253,6.914893617021277,24.46808510638298,68.61702127659575,61.170212765957444,7.446808510638298
E00117181,150,52,15,37,98,79,19,34.66666666666667,10,24.666666666666668,65.33333333333333,52.666666666666664,12.666666666666668
E00117182,134,42,14,28,92,80,12,31.343283582089555,10.44776119402985,20.8955223880597,68.65671641791045,59.70149253731343,8.955223880597014
E00117183,140,37,9,28,103,87,16,26.42857142857143,6.428571428571428,20,73.57142857142858,62.142857142857146,11.428571428571429
E00117184,110,36,5,31,74,69,5,32.72727272727273,4.545454545454546,28.18181818181818,67.27272727272727,62.727272727272734,4.545454545454546
E00117185,72,32,7,25,40,29,11,44.44444444444444,9.722222222222223,34.72222222222222,55.55555555555556,40.27777777777778,15.277777777777779
E00117186,129,41,14,27,88,78,10,31.782945736434108,10.852713178294573,20.930232558139537,68.21705426356588,60.46511627906976,7.751937984496124
E00117187,109,43,22,21,66,53,13,39.44954128440367,20.18348623853211,19.26605504587156,60.550458715596335,48.62385321100918,11.926605504587156
E00117188,140,57,19,38,83,69,14,40.714285714285715,13.571428571428571,27.142857142857142,59.285714285714285,49.28571428571429,10
E00117189,120,51,29,22,69,53,16,42.5,24.166666666666668,18.333333333333332,57.49999999999999,44.166666666666664,13.333333333333334
E00117190,148,61,24,37,87,69,18,41.21621621621622,16.216216216216218,25,58.78378378378378,46.62162162162162,12.162162162162163
E00117191,149,63,18,45,86,62,24,42.281879194630875,12.080536912751679,30.201342281879196,57.71812080536913,41.61073825503356,16.10738255033557
E00117192,178,66,24,42,112,101,11,37.07865168539326,13.48314606741573,23.595505617977526,62.92134831460674,56.74157303370787,6.179775280898876
E00117193,68,24,13,11,44,33,11,35.294117647058826,19.11764705882353,16.176470588235293,64.70588235294117,48.529411764705884,16.176470588235293
E00117194,148,57,24,33,91,63,28,38.513513513513516,16.216216216216218,22.2972972972973,61.48648648648649,42.567567567567565,18.91891891891892
E00117195,106,39,15,24,67,59,8,36.79245283018868,14.150943396226415,22.641509433962266,63.20754716981132,55.660377358490564,7.547169811320755
E00117196,120,61,39,22,59,41,18,50.83333333333333,32.5,18.333333333333332,49.166666666666664,34.166666666666664,15
E00117197,164,57,22,35,107,81,26,34.756097560975604,13.414634146341465,21.341463414634145,65.2439024390244,49.390243902439025,15.853658536585366
E00117198,195,62,25,37,133,106,27,31.794871794871792,12.82051282051282,18.974358974358974,68.2051282051282,54.35897435897436,13.846153846153847
E00117199,164,65,21,44,99,85,14,39.63414634146341,12.804878048780488,26.82926829268293,60.36585365853659,51.829268292682926,8.536585365853659
E00117200,164,47,20,27,117,96,21,28.65853658536585,12.195121951219512,16.463414634146343,71.34146341463415,58.536585365853654,12.804878048780488
E00117201,134,49,19,30,85,67,18,36.56716417910448,14.17910447761194,22.388059701492537,63.43283582089553,50,13.432835820895523
E00117202,171,63,22,41,108,85,23,36.84210526315789,12.865497076023392,23.976608187134502,63.1578947368421,49.707602339181285,13.450292397660817
E00117203,158,47,19,28,111,92,19,29.746835443037973,12.025316455696203,17.72151898734177,70.25316455696202,58.22784810126582,12.025316455696203
E00117204,154,47,19,28,107,84,23,30.519480519480517,12.337662337662337,18.181818181818183,69.48051948051948,54.54545454545454,14.935064935064934
E00117205,135,53,18,35,82,65,17,39.25925925925926,13.333333333333334,25.925925925925924,60.74074074074074,48.148148148148145,12.592592592592592
E00117206,166,62,30,32,104,89,15,37.34939759036144,18.072289156626507,19.27710843373494,62.65060240963856,53.6144578313253,9.036144578313253
E00117207,127,39,14,25,88,72,16,30.708661417322837,11.023622047244094,19.68503937007874,69.29133858267717,56.69291338582677,12.598425196850393
E00117208,150,41,6,35,109,96,13,27.333333333333332,4,23.333333333333332,72.66666666666667,64,8.666666666666668
E00117209,73,31,13,18,42,39,3,42.465753424657535,17.80821917808219,24.65753424657534,57.534246575342465,53.42465753424658,4.10958904109589
E00117210,154,54,14,40,100,80,20,35.064935064935064,9.090909090909092,25.97402597402597,64.93506493506493,51.94805194805194,12.987012987012985
E00117211,144,56,16,40,88,77,11,38.88888888888889,11.11111111111111,27.77777777777778,61.111111111111114,53.47222222222222,7.638888888888889
E00117212,192,54,17,37,138,117,21,28.125,8.854166666666668,19.270833333333336,71.875,60.9375,10.9375
E00117213,165,61,19,42,104,89,15,36.96969696969697,11.515151515151516,25.454545454545453,63.030303030303024,53.939393939393945,9.090909090909092
E00117214,153,50,15,35,103,77,26,32.6797385620915,9.803921568627452,22.875816993464053,67.3202614379085,50.326797385620914,16.99346405228758
E00117215,101,37,17,20,64,52,12,36.633663366336634,16.831683168316832,19.801980198019802,63.366336633663366,51.48514851485149,11.881188118811881
E00117216,138,42,14,28,96,79,17,30.434782608695656,10.144927536231885,20.28985507246377,69.56521739130434,57.2463768115942,12.318840579710146
E00117217,160,61,21,40,99,80,19,38.125,13.125,25,61.875,50,11.875
E00117218,170,51,19,32,119,104,15,30,11.176470588235295,18.823529411764707,70,61.1764705882353,8.823529411764707
E00117219,142,48,26,22,94,76,18,33.80281690140845,18.30985915492958,15.492957746478872,66.19718309859155,53.52112676056338,12.676056338028168
E00117220,174,66,22,44,108,94,14,37.93103448275862,12.643678160919542,25.287356321839084,62.06896551724138,54.02298850574713,8.045977011494253
E00117221,168,55,26,29,113,92,21,32.73809523809524,15.476190476190476,17.261904761904763,67.26190476190477,54.761904761904766,12.5
E00117222,57,18,9,9,39,30,9,31.57894736842105,15.789473684210526,15.789473684210526,68.42105263157895,52.63157894736842,15.789473684210526
E00117223,137,36,18,18,101,88,13,26.277372262773724,13.138686131386862,13.138686131386862,73.72262773722628,64.23357664233576,9.48905109489051
E00117224,130,45,22,23,85,71,14,34.61538461538461,16.923076923076923,17.692307692307693,65.38461538461539,54.61538461538461,10.76923076923077
E00117225,95,34,14,20,61,47,14,35.78947368421053,14.736842105263156,21.052631578947366,64.21052631578948,49.473684210526315,14.736842105263156
E00117226,108,27,13,14,81,66,15,25,12.037037037037036,12.962962962962962,75,61.111111111111114,13.88888888888889
E00117227,142,44,20,24,98,88,10,30.985915492957744,14.084507042253522,16.901408450704224,69.01408450704226,61.97183098591549,7.042253521126761
E00117228,201,71,29,42,130,113,17,35.32338308457712,14.427860696517413,20.8955223880597,64.6766169154229,56.21890547263681,8.45771144278607
E00117229,151,50,14,36,101,82,19,33.11258278145696,9.271523178807946,23.841059602649008,66.88741721854305,54.3046357615894,12.582781456953644
E00117231,67,33,14,19,34,28,6,49.25373134328358,20.8955223880597,28.35820895522388,50.74626865671642,41.7910447761194,8.955223880597014
E00117232,148,52,12,40,96,80,16,35.13513513513514,8.108108108108109,27.027027027027028,64.86486486486487,54.054054054054056,10.81081081081081
E00117233,228,63,28,35,165,135,30,27.631578947368425,12.280701754385964,15.350877192982457,72.36842105263158,59.210526315789465,13.157894736842104
E00117234,132,54,20,34,78,61,17,40.909090909090914,15.151515151515152,25.757575757575758,59.09090909090909,46.21212121212121,12.878787878787879
E00117235,127,47,17,30,80,59,21,37.00787401574803,13.385826771653544,23.62204724409449,62.99212598425197,46.45669291338583,16.535433070866144
E00117236,180,64,24,40,116,98,18,35.55555555555556,13.333333333333334,22.22222222222222,64.44444444444444,54.44444444444444,10
E00117237,118,45,19,26,73,61,12,38.13559322033898,16.101694915254235,22.033898305084744,61.86440677966102,51.69491525423729,10.16949152542373
E00117238,138,37,13,24,101,86,15,26.811594202898554,9.420289855072465,17.391304347826086,73.18840579710145,62.31884057971014,10.869565217391305
E00117239,147,33,8,25,114,95,19,22.448979591836736,5.442176870748299,17.006802721088434,77.55102040816327,64.62585034013605,12.925170068027212
E00117240,138,39,13,26,99,80,19,28.26086956521739,9.420289855072465,18.84057971014493,71.73913043478261,57.971014492753625,13.768115942028986
E00117241,200,70,26,44,130,108,22,35,13,22,65,54,11
E00117242,95,25,10,15,70,60,10,26.31578947368421,10.526315789473683,15.789473684210526,73.68421052631578,63.1578947368421,10.526315789473683
E00117243,67,32,15,17,35,28,7,47.76119402985074,22.388059701492537,25.37313432835821,52.23880597014925,41.7910447761194,10.44776119402985
E00117244,141,37,12,25,104,96,8,26.24113475177305,8.51063829787234,17.73049645390071,73.75886524822694,68.08510638297872,5.673758865248227
E00117245,187,46,16,30,141,125,16,24.598930481283425,8.55614973262032,16.042780748663102,75.40106951871658,66.84491978609626,8.55614973262032
E00117246,258,72,23,49,186,154,32,27.906976744186046,8.914728682170542,18.992248062015506,72.09302325581395,59.68992248062015,12.4031007751938
E00117247,163,41,13,28,122,105,17,25.153374233128833,7.975460122699387,17.177914110429448,74.84662576687117,64.41717791411043,10.429447852760736
E00117248,179,51,19,32,128,104,24,28.49162011173184,10.614525139664805,17.877094972067038,71.50837988826815,58.10055865921788,13.40782122905028
E00117249,172,44,14,30,128,107,21,25.581395348837212,8.13953488372093,17.441860465116278,74.4186046511628,62.2093023255814,12.209302325581394
E00117250,180,70,18,52,110,94,16,38.88888888888889,10,28.888888888888886,61.111111111111114,52.22222222222223,8.88888888888889
E00117251,202,55,15,40,147,126,21,27.22772277227723,7.425742574257425,19.801980198019802,72.77227722772277,62.37623762376238,10.396039603960396
E00117252,150,48,15,33,102,89,13,32,10,22,68,59.333333333333336,8.666666666666668
E00117253,218,80,24,56,138,112,26,36.69724770642202,11.009174311926607,25.688073394495415,63.30275229357798,51.37614678899083,11.926605504587156
E00117254,177,49,17,32,128,108,20,27.683615819209038,9.6045197740113,18.07909604519774,72.31638418079096,61.016949152542374,11.299435028248588
E00117255,166,59,13,46,107,92,15,35.54216867469879,7.83132530120482,27.710843373493976,64.45783132530121,55.42168674698795,9.036144578313253
E00117256,132,34,9,25,98,80,18,25.757575757575758,6.8181818181818175,18.939393939393938,74.24242424242425,60.60606060606061,13.636363636363635
E00117257,155,54,14,40,101,84,17,34.83870967741935,9.032258064516128,25.806451612903224,65.16129032258064,54.19354838709678,10.967741935483872
E00117258,114,44,13,31,70,59,11,38.59649122807017,11.403508771929824,27.192982456140353,61.40350877192983,51.75438596491229,9.649122807017543
E00117259,134,44,13,31,90,72,18,32.83582089552239,9.701492537313433,23.134328358208954,67.16417910447761,53.73134328358209,13.432835820895523
E00117260,126,41,14,27,85,74,11,32.53968253968254,11.11111111111111,21.428571428571427,67.46031746031747,58.730158730158735,8.73015873015873
E00117261,153,39,10,29,114,96,18,25.49019607843137,6.535947712418301,18.954248366013072,74.50980392156863,62.745098039215684,11.76470588235294
E00117262,77,25,7,18,52,43,9,32.467532467532465,9.090909090909092,23.376623376623375,67.53246753246754,55.84415584415584,11.688311688311687
E00117263,122,37,14,23,85,67,18,30.327868852459016,11.475409836065573,18.852459016393443,69.67213114754098,54.91803278688525,14.754098360655737
E00117264,125,41,10,31,84,75,9,32.800000000000004,8,24.8,67.2,60,7.199999999999999
E00117265,222,61,18,43,161,130,31,27.47747747747748,8.108108108108109,19.36936936936937,72.52252252252252,58.55855855855856,13.963963963963963
E00117266,158,60,18,42,98,91,7,37.9746835443038,11.39240506329114,26.582278481012654,62.0253164556962,57.59493670886076,4.430379746835443
E00117267,120,40,10,30,80,69,11,33.33333333333333,8.333333333333332,25,66.66666666666666,57.49999999999999,9.166666666666666
E00117268,157,51,17,34,106,90,16,32.48407643312102,10.828025477707007,21.656050955414013,67.51592356687898,57.324840764331206,10.191082802547772
E00117269,156,53,20,33,103,86,17,33.97435897435898,12.82051282051282,21.153846153846153,66.02564102564102,55.12820512820513,10.897435897435898
E00117270,182,44,14,30,138,119,19,24.175824175824175,7.6923076923076925,16.483516483516482,75.82417582417582,65.38461538461539,10.43956043956044
E00117271,216,55,15,40,161,133,28,25.462962962962965,6.944444444444445,18.51851851851852,74.53703703703704,61.57407407407407,12.962962962962962
E00117272,142,43,17,26,99,81,18,30.28169014084507,11.971830985915492,18.30985915492958,69.71830985915493,57.04225352112676,12.676056338028168
E00117273,153,46,10,36,107,89,18,30.065359477124183,6.535947712418301,23.52941176470588,69.93464052287581,58.16993464052288,11.76470588235294
E00117274,218,72,25,47,146,126,20,33.02752293577982,11.46788990825688,21.55963302752294,66.97247706422019,57.798165137614674,9.174311926605505
E00117275,131,35,8,27,96,86,10,26.717557251908396,6.106870229007633,20.610687022900763,73.2824427480916,65.64885496183206,7.633587786259542
E00117277,112,35,6,29,77,67,10,31.25,5.357142857142857,25.892857142857146,68.75,59.82142857142857,8.928571428571429
E00117278,143,55,13,42,88,76,12,38.46153846153847,9.090909090909092,29.37062937062937,61.53846153846154,53.14685314685315,8.391608391608392
E00117279,125,35,12,23,90,76,14,28.000000000000004,9.6,18.4,72,60.8,11.200000000000001
E00117280,244,71,21,50,173,148,25,29.098360655737704,8.60655737704918,20.491803278688526,70.90163934426229,60.65573770491803,10.245901639344263
E00117281,175,50,18,32,125,104,21,28.57142857142857,10.285714285714285,18.285714285714285,71.42857142857143,59.42857142857143,12
E00117282,127,35,12,23,92,81,11,27.559055118110237,9.448818897637794,18.11023622047244,72.44094488188976,63.77952755905512,8.661417322834646
E00117283,177,60,21,39,117,96,21,33.89830508474576,11.864406779661017,22.033898305084744,66.10169491525424,54.23728813559322,11.864406779661017
E00117284,148,42,16,26,106,83,23,28.37837837837838,10.81081081081081,17.56756756756757,71.62162162162163,56.08108108108109,15.54054054054054
E00117285,171,46,14,32,125,107,18,26.900584795321635,8.187134502923977,18.71345029239766,73.09941520467837,62.57309941520468,10.526315789473683
E00117286,168,53,14,39,115,103,12,31.547619047619047,8.333333333333332,23.214285714285715,68.45238095238095,61.30952380952381,7.142857142857142
E00117287,293,91,25,66,202,181,21,31.058020477815703,8.532423208191126,22.525597269624573,68.94197952218431,61.774744027303754,7.167235494880546
E00117288,176,51,14,37,125,109,16,28.97727272727273,7.954545454545454,21.022727272727273,71.02272727272727,61.93181818181818,9.090909090909092
E00117289,150,51,14,37,99,86,13,34,9.333333333333334,24.666666666666668,66,57.333333333333336,8.666666666666668
E00117290,187,58,17,41,129,107,22,31.016042780748666,9.090909090909092,21.92513368983957,68.98395721925134,57.21925133689839,11.76470588235294
E00117291,117,37,10,27,80,62,18,31.62393162393162,8.547008547008547,23.076923076923077,68.37606837606837,52.991452991452995,15.384615384615385
E00117292,130,41,12,29,89,72,17,31.538461538461537,9.230769230769232,22.30769230769231,68.46153846153847,55.38461538461539,13.076923076923078
E00117293,180,58,14,44,122,104,18,32.22222222222222,7.777777777777778,24.444444444444443,67.77777777777779,57.77777777777777,10
E00117294,161,44,17,27,117,100,17,27.32919254658385,10.559006211180124,16.77018633540373,72.67080745341616,62.11180124223602,10.559006211180124
E00117295,144,46,15,31,98,80,18,31.944444444444443,10.416666666666668,21.52777777777778,68.05555555555556,55.55555555555556,12.5
E00117296,111,42,18,24,69,56,13,37.83783783783784,16.216216216216218,21.62162162162162,62.16216216216216,50.45045045045045,11.711711711711711
E00117297,165,61,18,43,104,87,17,36.96969696969697,10.909090909090908,26.060606060606062,63.030303030303024,52.72727272727272,10.303030303030303
E00117298,128,47,15,32,81,63,18,36.71875,11.71875,25,63.28125,49.21875,14.0625
E00117299,173,50,14,36,123,100,23,28.901734104046245,8.092485549132949,20.809248554913296,71.09826589595376,57.80346820809249,13.294797687861271
E00117300,124,44,15,29,80,60,20,35.483870967741936,12.096774193548388,23.387096774193548,64.51612903225806,48.38709677419355,16.129032258064516
E00117301,174,49,21,28,125,101,24,28.160919540229884,12.068965517241379,16.091954022988507,71.83908045977012,58.04597701149425,13.793103448275861
E00117302,119,46,14,32,73,64,9,38.655462184873954,11.76470588235294,26.89075630252101,61.34453781512605,53.78151260504202,7.563025210084033
E00117303,148,53,20,33,95,80,15,35.810810810810814,13.513513513513514,22.2972972972973,64.1891891891892,54.054054054054056,10.135135135135135
E00117304,152,49,13,36,103,84,19,32.23684210526316,8.552631578947368,23.684210526315788,67.76315789473685,55.26315789473685,12.5
E00117305,167,50,26,24,117,102,15,29.94011976047904,15.568862275449103,14.37125748502994,70.05988023952095,61.07784431137725,8.982035928143713
E00117306,148,48,14,34,100,79,21,32.432432432432435,9.45945945945946,22.972972972972975,67.56756756756756,53.37837837837838,14.18918918918919
E00117307,149,49,23,26,100,85,15,32.88590604026846,15.436241610738255,17.449664429530202,67.11409395973155,57.04697986577181,10.06711409395973
E00117308,146,42,13,29,104,91,13,28.767123287671232,8.904109589041095,19.863013698630137,71.23287671232876,62.328767123287676,8.904109589041095
E00117309,179,62,17,45,117,101,16,34.63687150837989,9.497206703910614,25.139664804469277,65.36312849162012,56.424581005586596,8.938547486033519
E00117310,172,33,9,24,139,107,32,19.186046511627907,5.232558139534884,13.953488372093023,80.81395348837209,62.2093023255814,18.6046511627907
E00117311,146,63,23,40,83,71,12,43.15068493150685,15.753424657534246,27.397260273972602,56.849315068493155,48.63013698630137,8.21917808219178
E00117312,115,27,4,23,88,78,10,23.47826086956522,3.4782608695652173,20,76.52173913043478,67.82608695652173,8.695652173913043
E00117313,166,39,10,29,127,110,17,23.49397590361446,6.024096385542169,17.46987951807229,76.50602409638554,66.26506024096386,10.240963855421686
E00117314,178,52,11,41,126,113,13,29.213483146067414,6.179775280898876,23.03370786516854,70.78651685393258,63.48314606741573,7.303370786516854
E00117315,152,48,12,36,104,91,13,31.57894736842105,7.894736842105263,23.684210526315788,68.42105263157895,59.86842105263158,8.552631578947368
E00117316,195,46,26,20,149,134,15,23.589743589743588,13.333333333333334,10.256410256410255,76.41025641025641,68.71794871794872,7.6923076923076925
E00117317,121,22,6,16,99,90,9,18.181818181818183,4.958677685950414,13.223140495867769,81.81818181818183,74.3801652892562,7.43801652892562
E00117318,157,46,16,30,111,96,15,29.29936305732484,10.191082802547772,19.10828025477707,70.70063694267516,61.146496815286625,9.554140127388536
E00117319,128,51,19,32,77,65,12,39.84375,14.84375,25,60.15625,50.78125,9.375
E00117320,158,62,23,39,96,84,12,39.24050632911392,14.556962025316455,24.68354430379747,60.75949367088608,53.16455696202531,7.59493670886076
E00117321,146,50,20,30,96,89,7,34.24657534246575,13.698630136986301,20.54794520547945,65.75342465753424,60.95890410958904,4.794520547945205
E00117322,145,46,18,28,99,82,17,31.724137931034484,12.413793103448276,19.310344827586206,68.27586206896552,56.55172413793104,11.724137931034482
E00117323,147,39,9,30,108,88,20,26.53061224489796,6.122448979591836,20.408163265306122,73.46938775510205,59.863945578231295,13.60544217687075
E00117324,159,48,19,29,111,97,14,30.18867924528302,11.949685534591195,18.238993710691823,69.81132075471697,61.0062893081761,8.80503144654088
E00117325,160,58,17,41,102,89,13,36.25,10.625,25.624999999999996,63.74999999999999,55.625,8.125
E00117326,156,54,11,43,102,87,15,34.61538461538461,7.051282051282051,27.564102564102566,65.38461538461539,55.769230769230774,9.615384615384617
E00117327,87,35,15,20,52,42,10,40.229885057471265,17.24137931034483,22.988505747126435,59.77011494252874,48.275862068965516,11.494252873563218
E00117328,96,37,15,22,59,45,14,38.54166666666667,15.625,22.916666666666664,61.458333333333336,46.875,14.583333333333334
E00117329,116,26,6,20,90,79,11,22.413793103448278,5.172413793103448,17.24137931034483,77.58620689655173,68.10344827586206,9.482758620689655
E00171455,197,69,30,39,128,107,21,35.025380710659896,15.228426395939088,19.796954314720814,64.9746192893401,54.314720812182735,10.65989847715736
E00171456,93,26,12,14,67,56,11,27.956989247311824,12.903225806451612,15.053763440860216,72.04301075268818,60.215053763440864,11.827956989247312
E00171457,114,37,10,27,77,65,12,32.45614035087719,8.771929824561402,23.684210526315788,67.54385964912281,57.01754385964912,10.526315789473683
E00171458,30,11,4,7,19,19,0,36.666666666666664,13.333333333333334,23.333333333333332,63.33333333333333,63.33333333333333,0
E00171459,130,46,23,23,84,73,11,35.38461538461539,17.692307692307693,17.692307692307693,64.61538461538461,56.15384615384615,8.461538461538462
E00171460,122,50,21,29,72,59,13,40.98360655737705,17.21311475409836,23.770491803278688,59.01639344262295,48.36065573770492,10.655737704918032
E00171461,75,18,4,14,57,49,8,24,5.333333333333334,18.666666666666668,76,65.33333333333333,10.666666666666668
E00171462,204,58,25,33,146,127,19,28.431372549019606,12.254901960784313,16.176470588235293,71.56862745098039,62.254901960784316,9.313725490196079
E00171463,209,62,28,34,147,127,20,29.665071770334926,13.397129186602871,16.267942583732058,70.33492822966507,60.76555023923444,9.569377990430622
E00183035,146,55,26,29,91,71,20,37.67123287671233,17.80821917808219,19.863013698630137,62.328767123287676,48.63013698630137,13.698630136986301
E00183084,156,60,17,43,96,81,15,38.46153846153847,10.897435897435898,27.564102564102566,61.53846153846154,51.92307692307693,9.615384615384617
E00183088,189,48,11,37,141,123,18,25.396825396825395,5.82010582010582,19.576719576719576,74.60317460317461,65.07936507936508,9.523809523809524
