OA,ts0590001,ts0590002,ts0590003,ts0590004,ts0590005,ts0590006,ts0590007,ts0590002_PCT,ts0590003_PCT,ts0590004_PCT,ts0590005_PCT,ts0590006_PCT,ts0590007_PCT
E00087735,116,35,17,18,81,70,11,30.17241379310345,14.655172413793101,15.517241379310345,69.82758620689656,60.3448275862069,9.482758620689655
E00087736,165,44,16,28,121,94,27,26.666666666666668,9.696969696969697,16.969696969696972,73.33333333333333,56.96969696969697,16.363636363636363
E00087737,306,72,27,45,234,171,63,23.52941176470588,8.823529411764707,14.705882352941178,76.47058823529412,55.88235294117647,20.588235294117645
E00087738,221,53,15,38,168,146,22,23.981900452488688,6.787330316742081,17.194570135746606,76.01809954751131,66.06334841628959,9.95475113122172
E00087739,125,51,17,34,74,55,19,40.8,13.600000000000001,27.200000000000003,59.199999999999996,44,15.2
E00087740,168,47,16,31,121,100,21,27.976190476190478,9.523809523809524,18.452380952380953,72.02380952380952,59.523809523809526,12.5
E00087741,171,54,21,33,117,98,19,31.57894736842105,12.280701754385964,19.298245614035086,68.42105263157895,57.30994152046783,11.11111111111111
E00087742,192,56,17,39,136,119,17,29.166666666666668,8.854166666666668,20.3125,70.83333333333334,61.979166666666664,8.854166666666668
E00087745,126,48,17,31,78,66,12,38.095238095238095,13.492063492063492,24.6031746031746,61.904761904761905,52.38095238095239,9.523809523809524
E00087746,136,48,22,26,88,67,21,35.294117647058826,16.176470588235293,19.11764705882353,64.70588235294117,49.26470588235294,15.441176470588236
E00087748,247,75,35,40,172,134,38,30.364372469635626,14.17004048582996,16.194331983805668,69.63562753036437,54.25101214574899,15.384615384615385
E00087749,190,44,17,27,146,115,31,23.157894736842106,8.947368421052632,14.210526315789473,76.84210526315789,60.526315789473685,16.315789473684212
E00087750,182,55,25,30,127,98,29,30.21978021978022,13.736263736263737,16.483516483516482,69.78021978021978,53.84615384615385,15.934065934065933
E00087751,151,35,9,26,116,90,26,23.178807947019866,5.960264900662252,17.218543046357617,76.82119205298014,59.60264900662252,17.218543046357617
E00087752,164,57,20,37,107,91,16,34.756097560975604,12.195121951219512,22.5609756097561,65.2439024390244,55.487804878048784,9.75609756097561
E00087753,153,47,19,28,106,85,21,30.718954248366014,12.418300653594772,18.30065359477124,69.28104575163398,55.55555555555556,13.725490196078432
E00087754,199,52,20,32,147,133,14,26.13065326633166,10.050251256281408,16.08040201005025,73.86934673366834,66.83417085427136,7.035175879396985
E00087755,141,47,19,28,94,80,14,33.33333333333333,13.47517730496454,19.858156028368796,66.66666666666666,56.73758865248227,9.929078014184398
E00087756,108,27,13,14,81,68,13,25,12.037037037037036,12.962962962962962,75,62.96296296296296,12.037037037037036
E00087757,75,16,5,11,59,46,13,21.333333333333336,6.666666666666667,14.666666666666666,78.66666666666666,61.33333333333333,17.333333333333336
E00087758,183,39,15,24,144,125,19,21.311475409836063,8.19672131147541,13.114754098360656,78.68852459016394,68.30601092896174,10.382513661202186
E00087759,234,67,25,42,167,141,26,28.63247863247863,10.683760683760683,17.94871794871795,71.36752136752136,60.256410256410255,11.11111111111111
E00087760,202,48,14,34,154,139,15,23.762376237623762,6.9306930693069315,16.831683168316832,76.23762376237624,68.8118811881188,7.425742574257425
E00087761,304,81,30,51,223,193,30,26.644736842105267,9.868421052631579,16.776315789473685,73.35526315789474,63.48684210526315,9.868421052631579
E00087762,217,61,16,45,156,140,16,28.110599078341014,7.373271889400922,20.737327188940093,71.88940092165899,64.51612903225806,7.373271889400922
E00087763,159,33,10,23,126,109,17,20.754716981132077,6.289308176100629,14.465408805031446,79.24528301886792,68.55345911949685,10.69182389937107
E00087764,155,40,12,28,115,100,15,25.806451612903224,7.741935483870968,18.064516129032256,74.19354838709677,64.51612903225806,9.67741935483871
E00087765,111,32,11,21,79,68,11,28.82882882882883,9.90990990990991,18.91891891891892,71.17117117117117,61.261261261261254,9.90990990990991
E00087767,186,49,12,37,137,121,16,26.344086021505376,6.451612903225806,19.892473118279568,73.65591397849462,65.05376344086021,8.60215053763441
E00087768,190,60,22,38,130,111,19,31.57894736842105,11.578947368421053,20,68.42105263157895,58.42105263157895,10
E00087769,199,51,20,31,148,127,21,25.628140703517587,10.050251256281408,15.577889447236181,74.37185929648241,63.81909547738693,10.552763819095476
E00087770,190,47,15,32,143,125,18,24.736842105263158,7.894736842105263,16.842105263157894,75.26315789473685,65.78947368421053,9.473684210526317
E00087771,120,31,13,18,89,80,9,25.833333333333336,10.833333333333334,15,74.16666666666667,66.66666666666666,7.5
E00087772,308,88,33,55,220,190,30,28.57142857142857,10.714285714285714,17.857142857142858,71.42857142857143,61.68831168831169,9.740259740259742
E00087773,221,62,18,44,159,130,29,28.054298642533936,8.144796380090497,19.90950226244344,71.94570135746606,58.82352941176471,13.122171945701359
E00087774,162,49,15,34,113,86,27,30.246913580246915,9.25925925925926,20.98765432098765,69.75308641975309,53.086419753086425,16.666666666666664
E00087775,185,49,21,28,136,100,36,26.486486486486488,11.351351351351353,15.135135135135137,73.51351351351352,54.054054054054056,19.45945945945946
E00087776,159,42,17,25,117,78,39,26.41509433962264,10.69182389937107,15.723270440251572,73.58490566037736,49.056603773584904,24.528301886792452
E00087777,145,47,25,22,98,71,27,32.41379310344827,17.24137931034483,15.172413793103448,67.58620689655173,48.96551724137931,18.620689655172416
E00087778,117,38,12,26,79,64,15,32.47863247863248,10.256410256410255,22.22222222222222,67.52136752136752,54.700854700854705,12.82051282051282
E00087779,174,48,23,25,126,102,24,27.586206896551722,13.218390804597702,14.367816091954023,72.41379310344827,58.620689655172406,13.793103448275861
E00087780,139,34,11,23,105,77,28,24.46043165467626,7.913669064748201,16.546762589928058,75.53956834532374,55.39568345323741,20.14388489208633
E00087781,120,34,14,20,86,69,17,28.333333333333332,11.666666666666666,16.666666666666664,71.66666666666667,57.49999999999999,14.166666666666666
E00087782,185,55,23,32,130,116,14,29.72972972972973,12.432432432432433,17.2972972972973,70.27027027027027,62.70270270270271,7.567567567567568
E00087783,158,44,14,30,114,94,20,27.848101265822784,8.860759493670885,18.9873417721519,72.15189873417721,59.49367088607595,12.658227848101266
E00087784,166,50,23,27,116,96,20,30.120481927710845,13.855421686746988,16.265060240963855,69.87951807228916,57.831325301204814,12.048192771084338
E00087785,192,42,21,21,150,131,19,21.875,10.9375,10.9375,78.125,68.22916666666666,9.895833333333332
E00087786,158,38,8,30,120,99,21,24.050632911392405,5.063291139240507,18.9873417721519,75.9493670886076,62.65822784810127,13.291139240506327
E00087787,166,52,25,27,114,98,16,31.32530120481928,15.060240963855422,16.265060240963855,68.67469879518072,59.036144578313255,9.63855421686747
E00087788,146,49,19,30,97,82,15,33.56164383561644,13.013698630136986,20.54794520547945,66.43835616438356,56.16438356164384,10.273972602739725
E00087789,121,27,8,19,94,84,10,22.31404958677686,6.6115702479338845,15.702479338842975,77.68595041322314,69.42148760330579,8.264462809917356
E00087790,91,28,8,20,63,52,11,30.76923076923077,8.791208791208792,21.978021978021978,69.23076923076923,57.14285714285714,12.087912087912088
E00087791,227,72,31,41,155,127,28,31.718061674008812,13.656387665198238,18.06167400881057,68.28193832599119,55.947136563876654,12.334801762114537
E00087792,202,55,17,38,147,127,20,27.22772277227723,8.415841584158416,18.81188118811881,72.77227722772277,62.87128712871287,9.900990099009901
E00087793,143,32,9,23,111,97,14,22.377622377622377,6.293706293706294,16.083916083916083,77.62237762237763,67.83216783216784,9.79020979020979
E00087794,170,55,20,35,115,104,11,32.35294117647059,11.76470588235294,20.588235294117645,67.64705882352942,61.1764705882353,6.470588235294119
E00087795,161,38,14,24,123,104,19,23.60248447204969,8.695652173913043,14.906832298136646,76.3975155279503,64.59627329192547,11.801242236024844
E00087796,102,28,9,19,74,66,8,27.450980392156865,8.823529411764707,18.627450980392158,72.54901960784314,64.70588235294117,7.8431372549019605
E00087797,154,51,24,27,103,93,10,33.116883116883116,15.584415584415584,17.532467532467532,66.88311688311688,60.3896103896104,6.493506493506493
E00087799,137,36,12,24,101,89,12,26.277372262773724,8.75912408759124,17.51824817518248,73.72262773722628,64.96350364963503,8.75912408759124
E00087800,122,33,14,19,89,80,9,27.049180327868854,11.475409836065573,15.573770491803279,72.95081967213115,65.57377049180327,7.377049180327869
E00087801,136,39,19,20,97,87,10,28.676470588235293,13.970588235294118,14.705882352941178,71.32352941176471,63.970588235294116,7.352941176470589
E00087802,165,32,15,17,133,113,20,19.393939393939394,9.090909090909092,10.303030303030303,80.60606060606061,68.48484848484848,12.121212121212121
E00087803,191,55,19,36,136,115,21,28.79581151832461,9.947643979057592,18.848167539267017,71.20418848167539,60.20942408376963,10.99476439790576
E00087804,137,33,11,22,104,86,18,24.087591240875913,8.02919708029197,16.05839416058394,75.91240875912408,62.77372262773723,13.138686131386862
E00087805,186,45,20,25,141,124,17,24.193548387096776,10.75268817204301,13.440860215053762,75.80645161290323,66.66666666666666,9.13978494623656
E00087806,178,43,16,27,135,121,14,24.15730337078652,8.98876404494382,15.168539325842698,75.84269662921348,67.97752808988764,7.865168539325842
E00087807,96,23,7,16,73,67,6,23.958333333333336,7.291666666666667,16.666666666666664,76.04166666666666,69.79166666666666,6.25
E00087808,211,56,17,39,155,127,28,26.540284360189574,8.056872037914692,18.48341232227488,73.45971563981043,60.18957345971564,13.270142180094787
E00087809,345,105,34,71,240,206,34,30.434782608695656,9.855072463768117,20.579710144927535,69.56521739130434,59.710144927536234,9.855072463768117
E00087810,162,56,18,38,106,92,14,34.5679012345679,11.11111111111111,23.456790123456788,65.4320987654321,56.79012345679012,8.641975308641975
E00087811,172,55,23,32,117,100,17,31.976744186046513,13.372093023255813,18.6046511627907,68.02325581395348,58.139534883720934,9.883720930232558
E00087813,140,44,14,30,96,82,14,31.428571428571427,10,21.428571428571427,68.57142857142857,58.57142857142858,10
E00087814,219,63,18,45,156,137,19,28.767123287671232,8.21917808219178,20.54794520547945,71.23287671232876,62.55707762557078,8.67579908675799
E00087815,159,56,18,38,103,90,13,35.22012578616352,11.320754716981133,23.89937106918239,64.77987421383648,56.60377358490566,8.176100628930817
E00087816,147,50,12,38,97,79,18,34.01360544217687,8.16326530612245,25.850340136054424,65.98639455782312,53.74149659863946,12.244897959183673
E00087817,143,37,14,23,106,91,15,25.874125874125873,9.79020979020979,16.083916083916083,74.12587412587412,63.63636363636363,10.48951048951049
E00087818,133,42,16,26,91,78,13,31.57894736842105,12.030075187969924,19.548872180451127,68.42105263157895,58.64661654135338,9.774436090225564
E00087819,173,43,10,33,130,116,14,24.85549132947977,5.780346820809249,19.07514450867052,75.14450867052022,67.05202312138728,8.092485549132949
E00087820,132,41,12,29,91,79,12,31.060606060606062,9.090909090909092,21.96969696969697,68.93939393939394,59.84848484848485,9.090909090909092
E00087821,210,45,17,28,165,145,20,21.428571428571427,8.095238095238095,13.333333333333334,78.57142857142857,69.04761904761905,9.523809523809524
E00087822,166,44,16,28,122,101,21,26.506024096385545,9.63855421686747,16.867469879518072,73.49397590361446,60.8433734939759,12.650602409638553
E00087823,220,60,26,34,160,132,28,27.27272727272727,11.818181818181818,15.454545454545453,72.72727272727273,60,12.727272727272727
E00087824,177,55,21,34,122,104,18,31.07344632768362,11.864406779661017,19.2090395480226,68.92655367231639,58.75706214689266,10.16949152542373
E00087825,109,52,16,36,57,49,8,47.706422018348626,14.678899082568808,33.02752293577982,52.293577981651374,44.95412844036697,7.339449541284404
E00087826,138,37,13,24,101,92,9,26.811594202898554,9.420289855072465,17.391304347826086,73.18840579710145,66.66666666666666,6.521739130434782
E00087827,168,46,19,27,122,102,20,27.380952380952383,11.30952380952381,16.071428571428573,72.61904761904762,60.71428571428571,11.904761904761903
E00087829,143,43,14,29,100,87,13,30.069930069930066,9.79020979020979,20.27972027972028,69.93006993006993,60.83916083916085,9.090909090909092
E00087830,171,51,11,40,120,103,17,29.82456140350877,6.432748538011696,23.391812865497073,70.17543859649122,60.23391812865497,9.941520467836257
E00087831,189,48,13,35,141,126,15,25.396825396825395,6.878306878306878,18.51851851851852,74.60317460317461,66.66666666666666,7.936507936507936
E00087833,36,13,0,13,23,21,2,36.11111111111111,0,36.11111111111111,63.888888888888886,58.333333333333336,5.555555555555555
E00087834,211,50,22,28,161,129,32,23.696682464454977,10.42654028436019,13.270142180094787,76.30331753554502,61.137440758293835,15.165876777251185
E00087835,170,57,20,37,113,94,19,33.52941176470588,11.76470588235294,21.764705882352942,66.47058823529412,55.294117647058826,11.176470588235295
E00087836,301,83,35,48,218,186,32,27.57475083056478,11.627906976744185,15.946843853820598,72.42524916943522,61.79401993355482,10.631229235880399
E00087837,238,65,20,45,173,142,31,27.310924369747898,8.403361344537815,18.907563025210084,72.68907563025209,59.66386554621849,13.025210084033615
E00087838,218,69,27,42,149,121,28,31.65137614678899,12.385321100917432,19.26605504587156,68.34862385321101,55.5045871559633,12.844036697247708
E00087839,141,39,18,21,102,88,14,27.659574468085108,12.76595744680851,14.893617021276595,72.3404255319149,62.4113475177305,9.929078014184398
E00087840,117,36,15,21,81,62,19,30.76923076923077,12.82051282051282,17.94871794871795,69.23076923076923,52.991452991452995,16.23931623931624
E00087841,215,52,17,35,163,144,19,24.186046511627907,7.906976744186046,16.27906976744186,75.81395348837209,66.97674418604652,8.837209302325581
E00087842,324,85,21,64,239,195,44,26.234567901234566,6.481481481481481,19.753086419753085,73.76543209876543,60.18518518518518,13.580246913580247
E00087843,253,74,32,42,179,145,34,29.249011857707508,12.648221343873518,16.600790513833992,70.7509881422925,57.31225296442688,13.438735177865613
E00087844,165,40,17,23,125,110,15,24.242424242424242,10.303030303030303,13.939393939393941,75.75757575757575,66.66666666666666,9.090909090909092
E00087845,148,50,22,28,98,82,16,33.78378378378378,14.864864864864865,18.91891891891892,66.21621621621621,55.4054054054054,10.81081081081081
E00087846,166,39,14,25,127,113,14,23.49397590361446,8.433734939759036,15.060240963855422,76.50602409638554,68.07228915662651,8.433734939759036
E00087847,178,59,21,38,119,100,19,33.146067415730336,11.797752808988763,21.34831460674157,66.85393258426966,56.17977528089888,10.674157303370785
E00087848,204,60,20,40,144,123,21,29.411764705882355,9.803921568627452,19.607843137254903,70.58823529411765,60.29411764705882,10.294117647058822
E00087849,160,36,10,26,124,104,20,22.5,6.25,16.25,77.5,65,12.5
E00087850,171,41,15,26,130,114,16,23.976608187134502,8.771929824561402,15.204678362573098,76.0233918128655,66.66666666666666,9.35672514619883
E00087851,293,71,27,44,222,182,40,24.2320819112628,9.215017064846416,15.017064846416384,75.76791808873719,62.116040955631405,13.651877133105803
E00087853,144,37,9,28,107,95,12,25.694444444444443,6.25,19.444444444444446,74.30555555555556,65.97222222222221,8.333333333333332
E00087854,123,42,17,25,81,65,16,34.146341463414636,13.821138211382115,20.32520325203252,65.85365853658537,52.84552845528455,13.008130081300814
E00087855,143,33,13,20,110,93,17,23.076923076923077,9.090909090909092,13.986013986013987,76.92307692307693,65.03496503496503,11.888111888111888
E00087856,181,57,23,34,124,101,23,31.491712707182316,12.70718232044199,18.784530386740332,68.50828729281768,55.80110497237569,12.70718232044199
E00087859,97,62,45,17,35,29,6,63.91752577319587,46.391752577319586,17.525773195876287,36.08247422680412,29.896907216494846,6.185567010309279
E00087860,79,28,7,21,51,46,5,35.44303797468354,8.860759493670885,26.582278481012654,64.55696202531645,58.22784810126582,6.329113924050633
E00087862,53,21,6,15,32,28,4,39.62264150943396,11.320754716981133,28.30188679245283,60.37735849056604,52.83018867924528,7.547169811320755
E00087863,151,45,14,31,106,92,14,29.80132450331126,9.271523178807946,20.52980132450331,70.19867549668875,60.9271523178808,9.271523178807946
E00087864,107,32,9,23,75,57,18,29.906542056074763,8.411214953271028,21.49532710280374,70.09345794392523,53.271028037383175,16.822429906542055
E00087865,160,41,18,23,119,100,19,25.624999999999996,11.25,14.374999999999998,74.375,62.5,11.875
E00087866,221,66,23,43,155,115,40,29.86425339366516,10.407239819004525,19.457013574660635,70.13574660633483,52.03619909502263,18.099547511312217
E00087867,142,38,11,27,104,91,13,26.76056338028169,7.746478873239436,19.014084507042252,73.23943661971832,64.08450704225352,9.15492957746479
E00087868,207,75,34,41,132,100,32,36.231884057971016,16.425120772946862,19.806763285024154,63.76811594202898,48.309178743961354,15.458937198067632
E00087869,160,49,21,28,111,84,27,30.625000000000004,13.125,17.5,69.375,52.5,16.875
E00087870,234,83,32,51,151,124,27,35.47008547008547,13.675213675213676,21.794871794871796,64.52991452991454,52.991452991452995,11.538461538461538
E00087871,141,50,19,31,91,69,22,35.46099290780142,13.47517730496454,21.98581560283688,64.53900709219859,48.93617021276596,15.602836879432624
E00087872,151,34,11,23,117,108,9,22.516556291390728,7.28476821192053,15.2317880794702,77.48344370860927,71.52317880794702,5.960264900662252
E00087873,269,61,21,40,208,164,44,22.676579925650557,7.806691449814126,14.869888475836431,77.32342007434944,60.966542750929364,16.356877323420075
E00087874,165,55,24,31,110,90,20,33.33333333333333,14.545454545454545,18.787878787878785,66.66666666666666,54.54545454545454,12.121212121212121
E00087875,120,35,21,14,85,69,16,29.166666666666668,17.5,11.666666666666666,70.83333333333334,57.49999999999999,13.333333333333334
E00087876,224,51,20,31,173,138,35,22.767857142857142,8.928571428571429,13.839285714285715,77.23214285714286,61.60714285714286,15.625
E00087877,161,49,21,28,112,104,8,30.434782608695656,13.043478260869565,17.391304347826086,69.56521739130434,64.59627329192547,4.968944099378882
E00087878,119,39,16,23,80,67,13,32.773109243697476,13.445378151260504,19.327731092436977,67.22689075630252,56.30252100840336,10.92436974789916
E00087879,119,32,10,22,87,78,9,26.89075630252101,8.403361344537815,18.487394957983195,73.10924369747899,65.54621848739495,7.563025210084033
E00087880,165,45,21,24,120,102,18,27.27272727272727,12.727272727272727,14.545454545454545,72.72727272727273,61.81818181818181,10.909090909090908
E00087881,214,64,30,34,150,123,27,29.906542056074763,14.018691588785046,15.887850467289718,70.09345794392523,57.476635514018696,12.616822429906541
E00087882,111,25,9,16,86,71,15,22.52252252252252,8.108108108108109,14.414414414414415,77.47747747747748,63.96396396396396,13.513513513513514
E00087883,143,42,17,25,101,84,17,29.37062937062937,11.888111888111888,17.482517482517483,70.62937062937063,58.74125874125874,11.888111888111888
E00087884,220,58,20,38,162,135,27,26.36363636363636,9.090909090909092,17.272727272727273,73.63636363636363,61.36363636363637,12.272727272727273
E00087885,203,57,20,37,146,126,20,28.078817733990146,9.852216748768473,18.226600985221676,71.92118226600985,62.06896551724138,9.852216748768473
E00087886,200,55,21,34,145,120,25,27.500000000000004,10.5,17,72.5,60,12.5
E00087887,116,35,17,18,81,74,7,30.17241379310345,14.655172413793101,15.517241379310345,69.82758620689656,63.793103448275865,6.0344827586206895
E00087888,246,54,19,35,192,150,42,21.951219512195124,7.723577235772358,14.227642276422763,78.04878048780488,60.97560975609756,17.073170731707318
E00087889,165,44,18,26,121,101,20,26.666666666666668,10.909090909090908,15.757575757575756,73.33333333333333,61.212121212121204,12.121212121212121
E00087890,146,38,11,27,108,91,17,26.027397260273972,7.534246575342466,18.493150684931507,73.97260273972603,62.328767123287676,11.643835616438356
E00087891,121,28,9,19,93,81,12,23.140495867768596,7.43801652892562,15.702479338842975,76.85950413223141,66.94214876033058,9.917355371900827
E00087892,169,43,12,31,126,105,21,25.443786982248522,7.100591715976331,18.34319526627219,74.55621301775149,62.1301775147929,12.42603550295858
E00087893,156,39,16,23,117,106,11,25,10.256410256410255,14.743589743589745,75,67.94871794871796,7.051282051282051
E00087894,182,41,15,26,141,123,18,22.52747252747253,8.241758241758241,14.285714285714285,77.47252747252747,67.58241758241759,9.89010989010989
E00087895,128,39,13,26,89,79,10,30.46875,10.15625,20.3125,69.53125,61.71875,7.8125
E00087896,156,50,15,35,106,89,17,32.05128205128205,9.615384615384617,22.435897435897438,67.94871794871796,57.05128205128205,10.897435897435898
E00087897,165,52,22,30,113,103,10,31.515151515151512,13.333333333333334,18.181818181818183,68.48484848484848,62.42424242424243,6.0606060606060606
E00087898,150,46,24,22,104,90,14,30.666666666666664,16,14.666666666666666,69.33333333333334,60,9.333333333333334
E00087899,154,46,22,24,108,87,21,29.87012987012987,14.285714285714285,15.584415584415584,70.12987012987013,56.493506493506494,13.636363636363635
E00087900,173,44,8,36,129,111,18,25.43352601156069,4.624277456647398,20.809248554913296,74.56647398843931,64.16184971098265,10.404624277456648
E00087901,146,42,17,25,104,97,7,28.767123287671232,11.643835616438356,17.123287671232877,71.23287671232876,66.43835616438356,4.794520547945205
E00087902,191,54,28,26,137,107,30,28.272251308900525,14.659685863874344,13.612565445026178,71.72774869109948,56.02094240837696,15.706806282722512
E00087903,92,17,8,9,75,63,12,18.478260869565215,8.695652173913043,9.782608695652174,81.52173913043478,68.47826086956522,13.043478260869565
E00087904,190,58,16,42,132,108,24,30.526315789473685,8.421052631578947,22.105263157894736,69.47368421052632,56.84210526315789,12.631578947368421
E00087905,322,88,32,56,234,216,18,27.32919254658385,9.937888198757763,17.391304347826086,72.67080745341616,67.08074534161491,5.590062111801243
E00087906,170,44,16,28,126,106,20,25.882352941176475,9.411764705882353,16.470588235294116,74.11764705882354,62.35294117647059,11.76470588235294
E00087908,209,53,24,29,156,128,28,25.358851674641148,11.483253588516746,13.875598086124402,74.64114832535886,61.24401913875598,13.397129186602871
E00087909,171,53,16,37,118,100,18,30.994152046783626,9.35672514619883,21.637426900584796,69.00584795321637,58.47953216374269,10.526315789473683
E00087910,130,30,10,20,100,83,17,23.076923076923077,7.6923076923076925,15.384615384615385,76.92307692307693,63.84615384615384,13.076923076923078
E00087911,161,33,10,23,128,111,17,20.496894409937887,6.211180124223603,14.285714285714285,79.5031055900621,68.94409937888199,10.559006211180124
E00087912,96,31,11,20,65,48,17,32.29166666666667,11.458333333333332,20.833333333333336,67.70833333333334,50,17.708333333333336
E00087913,219,57,23,34,162,142,20,26.027397260273972,10.50228310502283,15.52511415525114,73.97260273972603,64.84018264840182,9.1324200913242
E00087914,186,53,26,27,133,111,22,28.49462365591398,13.978494623655912,14.516129032258066,71.50537634408603,59.67741935483871,11.827956989247312
E00087915,149,42,14,28,107,91,16,28.187919463087248,9.395973154362416,18.79194630872483,71.81208053691275,61.07382550335571,10.738255033557047
E00087916,127,34,11,23,93,81,12,26.77165354330709,8.661417322834646,18.11023622047244,73.22834645669292,63.77952755905512,9.448818897637794
E00087917,167,46,18,28,121,98,23,27.54491017964072,10.778443113772456,16.766467065868262,72.45508982035929,58.68263473053892,13.77245508982036
E00087918,144,46,19,27,98,87,11,31.944444444444443,13.194444444444445,18.75,68.05555555555556,60.416666666666664,7.638888888888889
E00087919,139,43,18,25,96,86,10,30.935251798561154,12.949640287769784,17.985611510791365,69.06474820143885,61.87050359712231,7.1942446043165464
E00087920,139,39,20,19,100,67,33,28.05755395683453,14.388489208633093,13.66906474820144,71.94244604316546,48.201438848920866,23.741007194244602
E00087921,102,32,11,21,70,60,10,31.372549019607842,10.784313725490197,20.588235294117645,68.62745098039215,58.82352941176471,9.803921568627452
E00087922,108,24,8,16,84,67,17,22.22222222222222,7.4074074074074066,14.814814814814813,77.77777777777779,62.03703703703704,15.74074074074074
E00087923,175,46,22,24,129,111,18,26.285714285714285,12.571428571428573,13.714285714285715,73.71428571428571,63.42857142857142,10.285714285714285
E00087924,174,55,15,40,119,98,21,31.60919540229885,8.620689655172415,22.988505747126435,68.39080459770115,56.32183908045977,12.068965517241379
E00087925,297,83,24,59,214,184,30,27.946127946127948,8.080808080808081,19.865319865319865,72.05387205387206,61.95286195286195,10.1010101010101
E00087926,124,47,18,29,77,57,20,37.903225806451616,14.516129032258066,23.387096774193548,62.096774193548384,45.96774193548387,16.129032258064516
E00087927,178,56,26,30,122,104,18,31.46067415730337,14.606741573033707,16.853932584269664,68.53932584269663,58.42696629213483,10.112359550561797
E00087929,166,48,20,28,118,96,22,28.915662650602407,12.048192771084338,16.867469879518072,71.08433734939759,57.831325301204814,13.253012048192772
E00087930,140,39,14,25,101,87,14,27.857142857142858,10,17.857142857142858,72.14285714285714,62.142857142857146,10
E00087931,155,53,25,28,102,86,16,34.193548387096776,16.129032258064516,18.064516129032256,65.80645161290323,55.483870967741936,10.32258064516129
E00087932,144,43,10,33,101,77,24,29.86111111111111,6.944444444444445,22.916666666666664,70.13888888888889,53.47222222222222,16.666666666666664
E00087933,164,50,17,33,114,89,25,30.48780487804878,10.365853658536585,20.121951219512198,69.51219512195121,54.268292682926834,15.24390243902439
E00087934,247,70,34,36,177,143,34,28.34008097165992,13.765182186234817,14.5748987854251,71.65991902834008,57.89473684210527,13.765182186234817
E00087935,159,54,18,36,105,78,27,33.9622641509434,11.320754716981133,22.641509433962266,66.0377358490566,49.056603773584904,16.9811320754717
E00087936,188,61,25,36,127,112,15,32.4468085106383,13.297872340425531,19.148936170212767,67.5531914893617,59.57446808510638,7.9787234042553195
E00087937,208,63,19,44,145,116,29,30.288461538461537,9.134615384615383,21.153846153846153,69.71153846153845,55.769230769230774,13.942307692307693
E00087938,210,52,14,38,158,130,28,24.761904761904763,6.666666666666667,18.095238095238095,75.23809523809524,61.904761904761905,13.333333333333334
E00087939,228,66,24,42,162,132,30,28.947368421052634,10.526315789473683,18.421052631578945,71.05263157894737,57.89473684210527,13.157894736842104
E00087940,176,50,15,35,126,112,14,28.40909090909091,8.522727272727272,19.886363636363637,71.5909090909091,63.63636363636363,7.954545454545454
E00087942,131,30,12,18,101,91,10,22.900763358778626,9.16030534351145,13.740458015267176,77.09923664122137,69.46564885496184,7.633587786259542
E00087943,213,72,28,44,141,119,22,33.80281690140845,13.145539906103288,20.657276995305164,66.19718309859155,55.86854460093896,10.328638497652582
E00087944,141,30,13,17,111,99,12,21.27659574468085,9.219858156028367,12.056737588652481,78.72340425531915,70.2127659574468,8.51063829787234
E00087945,163,43,21,22,120,94,26,26.380368098159508,12.883435582822086,13.496932515337424,73.61963190184049,57.668711656441715,15.950920245398773
E00087946,234,60,20,40,174,152,22,25.64102564102564,8.547008547008547,17.094017094017094,74.35897435897436,64.95726495726495,9.401709401709402
E00087947,183,50,20,30,133,110,23,27.322404371584703,10.92896174863388,16.39344262295082,72.6775956284153,60.10928961748634,12.568306010928962
E00087948,259,72,31,41,187,160,27,27.7992277992278,11.96911196911197,15.83011583011583,72.2007722007722,61.77606177606177,10.424710424710424
E00087949,175,46,19,27,129,104,25,26.285714285714285,10.857142857142858,15.428571428571427,73.71428571428571,59.42857142857143,14.285714285714285
E00087950,314,62,17,45,252,216,36,19.745222929936308,5.414012738853503,14.331210191082802,80.2547770700637,68.78980891719745,11.464968152866243
E00087951,93,27,12,15,66,55,11,29.03225806451613,12.903225806451612,16.129032258064516,70.96774193548387,59.13978494623656,11.827956989247312
E00087952,158,44,17,27,114,98,16,27.848101265822784,10.759493670886076,17.088607594936708,72.15189873417721,62.0253164556962,10.126582278481013
E00087953,215,59,22,37,156,135,21,27.44186046511628,10.232558139534884,17.209302325581397,72.55813953488372,62.7906976744186,9.767441860465116
E00087955,238,70,20,50,168,132,36,29.411764705882355,8.403361344537815,21.008403361344538,70.58823529411765,55.46218487394958,15.126050420168067
E00087956,176,43,10,33,133,124,9,24.431818181818183,5.681818181818182,18.75,75.56818181818183,70.45454545454545,5.113636363636364
E00087959,179,44,11,33,135,118,17,24.581005586592177,6.145251396648044,18.435754189944134,75.41899441340783,65.92178770949721,9.497206703910614
E00087960,139,42,15,27,97,84,13,30.215827338129497,10.79136690647482,19.424460431654676,69.7841726618705,60.431654676258994,9.352517985611511
E00087962,132,41,16,25,91,78,13,31.060606060606062,12.121212121212121,18.939393939393938,68.93939393939394,59.09090909090909,9.848484848484848
E00087963,112,35,17,18,77,69,8,31.25,15.178571428571427,16.071428571428573,68.75,61.60714285714286,7.142857142857142
E00087964,145,30,13,17,115,88,27,20.689655172413794,8.96551724137931,11.724137931034482,79.3103448275862,60.689655172413794,18.620689655172416
E00087965,114,35,12,23,79,61,18,30.701754385964914,10.526315789473683,20.175438596491226,69.2982456140351,53.50877192982456,15.789473684210526
E00087966,178,43,13,30,135,97,38,24.15730337078652,7.303370786516854,16.853932584269664,75.84269662921348,54.49438202247191,21.34831460674157
E00087967,236,68,21,47,168,123,45,28.8135593220339,8.898305084745763,19.915254237288135,71.1864406779661,52.118644067796616,19.06779661016949
E00087968,174,49,17,32,125,104,21,28.160919540229884,9.770114942528735,18.39080459770115,71.83908045977012,59.77011494252874,12.068965517241379
E00087969,127,44,12,32,83,74,9,34.645669291338585,9.448818897637794,25.196850393700785,65.35433070866141,58.26771653543307,7.086614173228346
E00087970,179,54,21,33,125,99,26,30.16759776536313,11.731843575418994,18.435754189944134,69.83240223463687,55.3072625698324,14.52513966480447
E00087971,170,54,24,30,116,96,20,31.76470588235294,14.117647058823529,17.647058823529413,68.23529411764706,56.470588235294116,11.76470588235294
E00087972,63,20,9,11,43,25,18,31.746031746031743,14.285714285714285,17.46031746031746,68.25396825396825,39.682539682539684,28.57142857142857
E00087973,134,44,10,34,90,76,14,32.83582089552239,7.462686567164178,25.37313432835821,67.16417910447761,56.71641791044776,10.44776119402985
E00087974,229,75,29,46,154,114,40,32.751091703056765,12.663755458515283,20.087336244541483,67.24890829694323,49.78165938864629,17.46724890829694
E00087975,147,39,8,31,108,96,12,26.53061224489796,5.442176870748299,21.08843537414966,73.46938775510205,65.3061224489796,8.16326530612245
E00087976,174,44,13,31,130,112,18,25.287356321839084,7.471264367816093,17.81609195402299,74.71264367816092,64.36781609195403,10.344827586206897
E00087977,189,55,27,28,134,118,16,29.100529100529098,14.285714285714285,14.814814814814813,70.8994708994709,62.43386243386243,8.465608465608465
E00087978,176,62,29,33,114,94,20,35.22727272727273,16.477272727272727,18.75,64.77272727272727,53.40909090909091,11.363636363636363
E00087979,244,64,24,40,180,127,53,26.229508196721312,9.836065573770492,16.39344262295082,73.77049180327869,52.04918032786885,21.721311475409834
E00087980,117,38,7,31,79,59,20,32.47863247863248,5.982905982905983,26.495726495726498,67.52136752136752,50.427350427350426,17.094017094017094
E00087981,217,59,22,37,158,125,33,27.188940092165897,10.138248847926267,17.050691244239633,72.81105990783409,57.6036866359447,15.207373271889402
E00087982,157,44,19,25,113,93,20,28.02547770700637,12.101910828025478,15.92356687898089,71.97452229299363,59.23566878980891,12.738853503184714
E00087983,279,65,25,40,214,175,39,23.297491039426525,8.960573476702509,14.336917562724013,76.70250896057348,62.72401433691756,13.978494623655912
E00087984,149,40,15,25,109,89,20,26.845637583892618,10.06711409395973,16.778523489932887,73.15436241610739,59.73154362416108,13.422818791946309
E00087985,149,42,12,30,107,85,22,28.187919463087248,8.053691275167784,20.13422818791946,71.81208053691275,57.04697986577181,14.76510067114094
E00087986,149,46,23,23,103,83,20,30.87248322147651,15.436241610738255,15.436241610738255,69.12751677852349,55.70469798657718,13.422818791946309
E00087987,207,68,25,43,139,110,29,32.850241545893724,12.077294685990339,20.77294685990338,67.14975845410628,53.14009661835749,14.009661835748794
E00087988,155,55,25,30,100,74,26,35.483870967741936,16.129032258064516,19.35483870967742,64.51612903225806,47.74193548387097,16.7741935483871
E00087989,170,44,18,26,126,107,19,25.882352941176475,10.588235294117647,15.294117647058824,74.11764705882354,62.94117647058823,11.176470588235295
E00087990,186,49,20,29,137,113,24,26.344086021505376,10.75268817204301,15.591397849462366,73.65591397849462,60.752688172043015,12.903225806451612
E00087991,183,54,21,33,129,111,18,29.508196721311474,11.475409836065573,18.0327868852459,70.49180327868852,60.65573770491803,9.836065573770492
E00087992,174,51,23,28,123,99,24,29.310344827586203,13.218390804597702,16.091954022988507,70.6896551724138,56.896551724137936,13.793103448275861
E00087993,143,40,17,23,103,86,17,27.972027972027973,11.888111888111888,16.083916083916083,72.02797202797203,60.13986013986013,11.888111888111888
E00087994,191,47,16,31,144,105,39,24.60732984293194,8.37696335078534,16.230366492146597,75.39267015706807,54.973821989528794,20.418848167539267
E00087995,182,59,21,38,123,104,19,32.417582417582416,11.538461538461538,20.87912087912088,67.58241758241759,57.14285714285714,10.43956043956044
E00087996,210,74,38,36,136,107,29,35.23809523809524,18.095238095238095,17.142857142857142,64.76190476190476,50.95238095238095,13.80952380952381
E00087997,116,33,14,19,83,69,14,28.448275862068968,12.068965517241379,16.379310344827587,71.55172413793103,59.48275862068966,12.068965517241379
E00087998,117,30,15,15,87,77,10,25.64102564102564,12.82051282051282,12.82051282051282,74.35897435897436,65.8119658119658,8.547008547008547
E00087999,127,34,10,24,93,74,19,26.77165354330709,7.874015748031496,18.89763779527559,73.22834645669292,58.26771653543307,14.960629921259844
E00088001,226,56,19,37,170,146,24,24.778761061946902,8.4070796460177,16.371681415929203,75.22123893805309,64.60176991150442,10.619469026548673
E00088002,269,55,20,35,214,176,38,20.44609665427509,7.434944237918216,13.011152416356877,79.5539033457249,65.4275092936803,14.12639405204461
E00088003,180,53,20,33,127,95,32,29.444444444444446,11.11111111111111,18.333333333333332,70.55555555555556,52.77777777777778,17.77777777777778
E00088004,261,52,15,37,209,165,44,19.923371647509576,5.747126436781609,14.17624521072797,80.07662835249042,63.2183908045977,16.85823754789272
E00088005,201,54,24,30,147,135,12,26.865671641791046,11.940298507462686,14.925373134328357,73.13432835820896,67.16417910447761,5.970149253731343
E00088006,153,46,22,24,107,90,17,30.065359477124183,14.37908496732026,15.686274509803921,69.93464052287581,58.82352941176471,11.11111111111111
E00088007,108,31,13,18,77,63,14,28.703703703703702,12.037037037037036,16.666666666666664,71.29629629629629,58.333333333333336,12.962962962962962
E00088008,158,44,11,33,114,96,18,27.848101265822784,6.962025316455696,20.88607594936709,72.15189873417721,60.75949367088608,11.39240506329114
E00088009,138,34,7,27,104,85,19,24.637681159420293,5.072463768115942,19.565217391304348,75.36231884057972,61.59420289855072,13.768115942028986
E00088010,147,36,12,24,111,84,27,24.489795918367346,8.16326530612245,16.3265306122449,75.51020408163265,57.14285714285714,18.367346938775512
E00088011,185,42,17,25,143,119,24,22.702702702702705,9.18918918918919,13.513513513513514,77.29729729729729,64.32432432432432,12.972972972972974
E00088012,177,52,15,37,125,107,18,29.37853107344633,8.47457627118644,20.903954802259886,70.62146892655367,60.451977401129945,10.16949152542373
E00088013,219,57,19,38,162,144,18,26.027397260273972,8.67579908675799,17.35159817351598,73.97260273972603,65.75342465753424,8.21917808219178
E00088014,212,51,27,24,161,135,26,24.056603773584907,12.735849056603774,11.320754716981133,75.94339622641509,63.67924528301887,12.264150943396226
E00088015,159,49,24,25,110,84,26,30.81761006289308,15.09433962264151,15.723270440251572,69.18238993710692,52.83018867924528,16.352201257861633
E00088016,124,43,16,27,81,61,20,34.67741935483871,12.903225806451612,21.774193548387096,65.32258064516128,49.193548387096776,16.129032258064516
E00088017,97,31,13,18,66,50,16,31.958762886597935,13.402061855670103,18.556701030927837,68.04123711340206,51.546391752577314,16.49484536082474
E00088018,193,51,19,32,142,124,18,26.42487046632124,9.844559585492227,16.580310880829018,73.57512953367875,64.24870466321244,9.32642487046632
E00088019,151,48,22,26,103,90,13,31.788079470198678,14.56953642384106,17.218543046357617,68.21192052980133,59.60264900662252,8.609271523178808
E00088020,186,53,20,33,133,115,18,28.49462365591398,10.75268817204301,17.741935483870968,71.50537634408603,61.82795698924731,9.67741935483871
E00088021,118,29,13,16,89,78,11,24.576271186440678,11.016949152542372,13.559322033898304,75.42372881355932,66.10169491525424,9.322033898305085
E00088022,282,65,22,43,217,183,34,23.04964539007092,7.801418439716312,15.24822695035461,76.95035460992908,64.8936170212766,12.056737588652481
E00088023,194,65,26,39,129,104,25,33.50515463917525,13.402061855670103,20.103092783505154,66.49484536082474,53.608247422680414,12.886597938144329
E00088024,150,41,14,27,109,83,26,27.333333333333332,9.333333333333334,18,72.66666666666667,55.333333333333336,17.333333333333336
E00088025,219,52,26,26,167,132,35,23.74429223744292,11.87214611872146,11.87214611872146,76.25570776255708,60.273972602739725,15.981735159817351
E00088026,132,41,15,26,91,70,21,31.060606060606062,11.363636363636363,19.696969696969695,68.93939393939394,53.03030303030303,15.909090909090908
E00088027,123,34,10,24,89,81,8,27.64227642276423,8.130081300813007,19.51219512195122,72.35772357723577,65.85365853658537,6.504065040650407
E00088028,127,33,9,24,94,79,15,25.984251968503933,7.086614173228346,18.89763779527559,74.01574803149606,62.20472440944882,11.811023622047244
E00088029,117,34,8,26,83,69,14,29.059829059829063,6.837606837606838,22.22222222222222,70.94017094017094,58.97435897435898,11.965811965811966
E00088030,154,38,19,19,116,94,22,24.675324675324674,12.337662337662337,12.337662337662337,75.32467532467533,61.038961038961034,14.285714285714285
E00088031,153,41,22,19,112,96,16,26.797385620915033,14.37908496732026,12.418300653594772,73.20261437908496,62.745098039215684,10.457516339869281
E00088032,188,48,18,30,140,118,22,25.53191489361702,9.574468085106384,15.957446808510639,74.46808510638297,62.76595744680851,11.702127659574469
E00088033,107,29,10,19,78,71,7,27.102803738317753,9.345794392523365,17.75700934579439,72.89719626168224,66.35514018691589,6.5420560747663545
E00088034,175,41,16,25,134,117,17,23.42857142857143,9.142857142857142,14.285714285714285,76.57142857142857,66.85714285714286,9.714285714285714
E00088035,154,33,12,21,121,104,17,21.428571428571427,7.792207792207792,13.636363636363635,78.57142857142857,67.53246753246754,11.03896103896104
E00088036,116,34,11,23,82,71,11,29.310344827586203,9.482758620689655,19.82758620689655,70.6896551724138,61.206896551724135,9.482758620689655
E00088037,208,58,18,40,150,131,19,27.884615384615387,8.653846153846153,19.230769230769234,72.11538461538461,62.980769230769226,9.134615384615383
E00088038,157,49,18,31,108,95,13,31.210191082802545,11.464968152866243,19.745222929936308,68.78980891719745,60.509554140127385,8.280254777070063
E00088039,162,57,21,36,105,90,15,35.18518518518518,12.962962962962962,22.22222222222222,64.81481481481481,55.55555555555556,9.25925925925926
E00088040,84,32,12,20,52,44,8,38.095238095238095,14.285714285714285,23.809523809523807,61.904761904761905,52.38095238095239,9.523809523809524
E00088041,305,78,26,52,227,194,33,25.573770491803277,8.524590163934425,17.04918032786885,74.42622950819671,63.60655737704918,10.819672131147541
E00088042,155,52,15,37,103,88,15,33.5483870967742,9.67741935483871,23.870967741935484,66.45161290322581,56.774193548387096,9.67741935483871
E00088043,130,37,15,22,93,85,8,28.46153846153846,11.538461538461538,16.923076923076923,71.53846153846153,65.38461538461539,6.153846153846154
E00088044,165,46,13,33,119,100,19,27.878787878787882,7.878787878787878,20,72.12121212121212,60.60606060606061,11.515151515151516
E00088045,245,69,23,46,176,146,30,28.163265306122447,9.387755102040817,18.775510204081634,71.83673469387755,59.591836734693885,12.244897959183673
E00088046,191,54,26,28,137,119,18,28.272251308900525,13.612565445026178,14.659685863874344,71.72774869109948,62.30366492146597,9.424083769633508
E00088047,137,47,18,29,90,78,12,34.306569343065696,13.138686131386862,21.16788321167883,65.69343065693431,56.934306569343065,8.75912408759124
E00088048,258,67,21,46,191,159,32,25.968992248062015,8.13953488372093,17.829457364341085,74.03100775193798,61.627906976744185,12.4031007751938
E00088049,322,85,24,61,237,211,26,26.39751552795031,7.453416149068323,18.944099378881987,73.6024844720497,65.527950310559,8.074534161490684
E00088050,227,49,16,33,178,153,25,21.58590308370044,7.048458149779736,14.537444933920703,78.41409691629956,67.40088105726872,11.013215859030836
E00088051,160,43,20,23,117,103,14,26.875,12.5,14.374999999999998,73.125,64.375,8.75
E00088052,180,51,28,23,129,115,14,28.333333333333332,15.555555555555555,12.777777777777777,71.66666666666667,63.888888888888886,7.777777777777778
E00088055,175,41,17,24,134,114,20,23.42857142857143,9.714285714285714,13.714285714285715,76.57142857142857,65.14285714285715,11.428571428571429
E00088056,144,41,17,24,103,83,20,28.47222222222222,11.805555555555555,16.666666666666664,71.52777777777779,57.638888888888886,13.88888888888889
E00088057,144,43,20,23,101,76,25,29.86111111111111,13.88888888888889,15.972222222222221,70.13888888888889,52.77777777777778,17.36111111111111
E00088059,183,57,14,43,126,109,17,31.147540983606557,7.650273224043716,23.497267759562842,68.85245901639344,59.56284153005464,9.289617486338798
E00088060,120,30,8,22,90,78,12,25,6.666666666666667,18.333333333333332,75,65,10
E00088063,175,53,21,32,122,100,22,30.28571428571429,12,18.285714285714285,69.71428571428572,57.14285714285714,12.571428571428573
E00088065,197,47,12,35,150,132,18,23.85786802030457,6.091370558375635,17.766497461928935,76.14213197969542,67.00507614213198,9.137055837563452
E00088066,167,42,6,36,125,105,20,25.149700598802394,3.592814371257485,21.55688622754491,74.8502994011976,62.874251497005986,11.976047904191617
E00088067,142,35,16,19,107,90,17,24.647887323943664,11.267605633802818,13.380281690140844,75.35211267605634,63.38028169014085,11.971830985915492
E00088068,145,25,12,13,120,104,16,17.24137931034483,8.275862068965518,8.96551724137931,82.75862068965517,71.72413793103448,11.03448275862069
E00088069,182,60,27,33,122,99,23,32.967032967032964,14.835164835164836,18.13186813186813,67.03296703296702,54.395604395604394,12.637362637362637
E00088070,242,67,27,40,175,148,27,27.685950413223143,11.15702479338843,16.528925619834713,72.31404958677686,61.15702479338842,11.15702479338843
E00088071,73,15,2,13,58,48,10,20.54794520547945,2.73972602739726,17.80821917808219,79.45205479452055,65.75342465753424,13.698630136986301
E00088072,163,39,13,26,124,97,27,23.92638036809816,7.975460122699387,15.950920245398773,76.07361963190185,59.50920245398773,16.56441717791411
E00088074,151,40,15,25,111,98,13,26.490066225165563,9.933774834437086,16.55629139072848,73.50993377483444,64.90066225165563,8.609271523178808
E00088076,185,42,12,30,143,125,18,22.702702702702705,6.486486486486487,16.216216216216218,77.29729729729729,67.56756756756756,9.72972972972973
E00088077,224,36,7,29,188,172,16,16.071428571428573,3.125,12.946428571428573,83.92857142857143,76.78571428571429,7.142857142857142
E00088078,233,67,29,38,166,130,36,28.75536480686695,12.446351931330472,16.30901287553648,71.24463519313305,55.793991416309005,15.450643776824036
E00088079,145,49,19,30,96,78,18,33.793103448275865,13.10344827586207,20.689655172413794,66.20689655172414,53.79310344827586,12.413793103448276
E00088080,143,29,11,18,114,93,21,20.27972027972028,7.6923076923076925,12.587412587412588,79.72027972027972,65.03496503496503,14.685314685314685
E00088081,158,41,12,29,117,95,22,25.949367088607595,7.59493670886076,18.354430379746837,74.0506329113924,60.12658227848101,13.924050632911392
E00088082,163,55,20,35,108,92,16,33.74233128834356,12.269938650306749,21.472392638036812,66.25766871165644,56.44171779141104,9.815950920245399
E00088083,204,68,22,46,136,108,28,33.33333333333333,10.784313725490197,22.54901960784314,66.66666666666666,52.94117647058824,13.725490196078432
E00088084,160,58,21,37,102,81,21,36.25,13.125,23.125,63.74999999999999,50.625,13.125
E00088086,137,47,19,28,90,77,13,34.306569343065696,13.86861313868613,20.437956204379564,65.69343065693431,56.20437956204379,9.48905109489051
E00088087,181,48,15,33,133,115,18,26.519337016574585,8.287292817679557,18.23204419889503,73.48066298342542,63.53591160220995,9.94475138121547
E00088088,246,69,32,37,177,152,25,28.04878048780488,13.008130081300814,15.040650406504067,71.95121951219512,61.78861788617886,10.16260162601626
E00088089,81,30,10,20,51,39,12,37.03703703703704,12.345679012345679,24.691358024691358,62.96296296296296,48.148148148148145,14.814814814814813
E00088090,194,58,18,40,136,109,27,29.896907216494846,9.278350515463918,20.618556701030926,70.10309278350515,56.18556701030928,13.917525773195877
E00088091,166,42,22,20,124,102,22,25.301204819277107,13.253012048192772,12.048192771084338,74.69879518072288,61.44578313253012,13.253012048192772
E00088092,142,45,22,23,97,75,22,31.690140845070424,15.492957746478872,16.19718309859155,68.30985915492957,52.816901408450704,15.492957746478872
E00088095,114,40,15,25,74,62,12,35.08771929824561,13.157894736842104,21.929824561403507,64.91228070175438,54.385964912280706,10.526315789473683
E00088096,144,46,10,36,98,89,9,31.944444444444443,6.944444444444445,25,68.05555555555556,61.80555555555556,6.25
E00088097,252,58,16,42,194,174,20,23.015873015873016,6.349206349206349,16.666666666666664,76.98412698412699,69.04761904761905,7.936507936507936
E00088099,203,55,23,32,148,123,25,27.093596059113302,11.330049261083744,15.763546798029557,72.9064039408867,60.591133004926114,12.31527093596059
E00088100,143,37,17,20,106,86,20,25.874125874125873,11.888111888111888,13.986013986013987,74.12587412587412,60.13986013986013,13.986013986013987
E00088101,179,67,26,41,112,99,13,37.43016759776536,14.52513966480447,22.905027932960895,62.56983240223464,55.3072625698324,7.262569832402235
E00088102,147,37,13,24,110,91,19,25.170068027210885,8.843537414965986,16.3265306122449,74.82993197278913,61.904761904761905,12.925170068027212
E00088103,151,42,14,28,109,88,21,27.81456953642384,9.271523178807946,18.543046357615893,72.18543046357617,58.27814569536424,13.90728476821192
E00088104,180,57,18,39,123,93,30,31.666666666666664,10,21.666666666666668,68.33333333333333,51.66666666666667,16.666666666666664
E00088105,163,50,18,32,113,97,16,30.67484662576687,11.042944785276074,19.631901840490798,69.32515337423312,59.50920245398773,9.815950920245399
E00088107,157,54,23,31,103,86,17,34.394904458598724,14.64968152866242,19.745222929936308,65.60509554140127,54.77707006369427,10.828025477707007
E00088108,151,40,14,26,111,101,10,26.490066225165563,9.271523178807946,17.218543046357617,73.50993377483444,66.88741721854305,6.622516556291391
E00088109,220,54,23,31,166,150,16,24.545454545454547,10.454545454545453,14.09090909090909,75.45454545454545,68.18181818181817,7.2727272727272725
E00088110,174,49,20,29,125,110,15,28.160919540229884,11.494252873563218,16.666666666666664,71.83908045977012,63.2183908045977,8.620689655172415
E00088111,160,40,13,27,120,106,14,25,8.125,16.875,75,66.25,8.75
E00088115,50,20,11,9,30,26,4,40,22,18,60,52,8
E00088116,188,59,16,43,129,103,26,31.382978723404253,8.51063829787234,22.872340425531913,68.61702127659575,54.78723404255319,13.829787234042554
E00088117,93,26,14,12,67,47,20,27.956989247311824,15.053763440860216,12.903225806451612,72.04301075268818,50.53763440860215,21.50537634408602
E00088118,163,46,20,26,117,90,27,28.22085889570552,12.269938650306749,15.950920245398773,71.77914110429448,55.21472392638037,16.56441717791411
E00088119,151,46,18,28,105,80,25,30.4635761589404,11.920529801324504,18.543046357615893,69.5364238410596,52.980132450331126,16.55629139072848
E00088120,151,40,15,25,111,85,26,26.490066225165563,9.933774834437086,16.55629139072848,73.50993377483444,56.29139072847682,17.218543046357617
E00088121,236,77,39,38,159,121,38,32.6271186440678,16.52542372881356,16.101694915254235,67.37288135593221,51.271186440677965,16.101694915254235
E00088122,173,50,13,37,123,108,15,28.901734104046245,7.514450867052023,21.38728323699422,71.09826589595376,62.42774566473989,8.670520231213873
E00088123,174,48,16,32,126,100,26,27.586206896551722,9.195402298850574,18.39080459770115,72.41379310344827,57.47126436781609,14.942528735632186
E00088124,102,30,11,19,72,48,24,29.411764705882355,10.784313725490197,18.627450980392158,70.58823529411765,47.05882352941176,23.52941176470588
E00088125,166,45,19,26,121,87,34,27.10843373493976,11.44578313253012,15.66265060240964,72.89156626506023,52.40963855421686,20.481927710843372
E00088126,214,67,27,40,147,106,41,31.308411214953267,12.616822429906541,18.69158878504673,68.69158878504673,49.532710280373834,19.158878504672895
E00088127,116,33,16,17,83,56,27,28.448275862068968,13.793103448275861,14.655172413793101,71.55172413793103,48.275862068965516,23.275862068965516
E00088128,233,53,20,33,180,150,30,22.746781115879827,8.583690987124463,14.163090128755366,77.25321888412017,64.37768240343348,12.875536480686694
E00088129,109,31,12,19,78,56,22,28.440366972477065,11.009174311926607,17.431192660550458,71.55963302752293,51.37614678899083,20.18348623853211
E00088130,200,38,14,24,162,116,46,19,7.000000000000001,12,81,57.99999999999999,23
E00088131,175,43,17,26,132,102,30,24.571428571428573,9.714285714285714,14.857142857142858,75.42857142857143,58.285714285714285,17.142857142857142
E00088611,110,32,6,26,78,70,8,29.09090909090909,5.454545454545454,23.636363636363637,70.9090909090909,63.63636363636363,7.2727272727272725
E00088612,203,51,22,29,152,133,19,25.12315270935961,10.83743842364532,14.285714285714285,74.8768472906404,65.51724137931035,9.35960591133005
E00088613,307,66,23,43,241,205,36,21.49837133550489,7.491856677524431,14.006514657980457,78.50162866449512,66.77524429967427,11.726384364820847
E00088615,142,50,13,37,92,82,10,35.2112676056338,9.15492957746479,26.056338028169012,64.7887323943662,57.74647887323944,7.042253521126761
E00088616,244,69,27,42,175,145,30,28.278688524590162,11.065573770491802,17.21311475409836,71.72131147540983,59.42622950819673,12.295081967213115
E00088617,157,45,13,32,112,94,18,28.662420382165603,8.280254777070063,20.382165605095544,71.3375796178344,59.87261146496815,11.464968152866243
E00088618,259,55,13,42,204,171,33,21.235521235521233,5.019305019305019,16.216216216216218,78.76447876447877,66.02316602316603,12.741312741312742
E00088619,123,32,12,20,91,73,18,26.01626016260163,9.75609756097561,16.260162601626014,73.98373983739837,59.34959349593496,14.634146341463413
E00088620,177,45,16,29,132,115,17,25.423728813559322,9.03954802259887,16.38418079096045,74.57627118644068,64.97175141242938,9.6045197740113
E00088621,116,23,7,16,93,83,10,19.82758620689655,6.0344827586206895,13.793103448275861,80.17241379310344,71.55172413793103,8.620689655172415
E00088622,92,31,9,22,61,54,7,33.69565217391305,9.782608695652174,23.91304347826087,66.30434782608695,58.69565217391305,7.608695652173914
E00088623,196,56,21,35,140,115,25,28.57142857142857,10.714285714285714,17.857142857142858,71.42857142857143,58.673469387755105,12.755102040816327
E00088624,165,44,14,30,121,102,19,26.666666666666668,8.484848484848486,18.181818181818183,73.33333333333333,61.81818181818181,11.515151515151516
E00088625,113,36,17,19,77,66,11,31.858407079646017,15.04424778761062,16.8141592920354,68.14159292035397,58.4070796460177,9.734513274336283
E00088626,236,59,17,42,177,161,16,25,7.203389830508475,17.796610169491526,75,68.22033898305084,6.779661016949152
E00088627,184,47,19,28,137,115,22,25.543478260869566,10.326086956521738,15.217391304347828,74.45652173913044,62.5,11.956521739130435
E00088628,210,66,27,39,144,117,27,31.428571428571427,12.857142857142856,18.571428571428573,68.57142857142857,55.714285714285715,12.857142857142856
E00088629,181,40,16,24,141,116,25,22.099447513812155,8.83977900552486,13.259668508287293,77.90055248618785,64.08839779005525,13.812154696132598
E00088630,158,47,15,32,111,92,19,29.746835443037973,9.49367088607595,20.253164556962027,70.25316455696202,58.22784810126582,12.025316455696203
E00088631,166,48,17,31,118,99,19,28.915662650602407,10.240963855421686,18.67469879518072,71.08433734939759,59.63855421686747,11.44578313253012
E00088632,152,51,15,36,101,81,20,33.55263157894737,9.868421052631579,23.684210526315788,66.44736842105263,53.289473684210535,13.157894736842104
E00088633,87,30,12,18,57,50,7,34.48275862068966,13.793103448275861,20.689655172413794,65.51724137931035,57.47126436781609,8.045977011494253
E00088634,186,40,16,24,146,129,17,21.50537634408602,8.60215053763441,12.903225806451612,78.49462365591397,69.35483870967742,9.13978494623656
E00088635,183,55,17,38,128,103,25,30.05464480874317,9.289617486338798,20.76502732240437,69.94535519125684,56.284153005464475,13.661202185792352
E00088636,194,49,17,32,145,120,25,25.257731958762886,8.762886597938143,16.49484536082474,74.74226804123711,61.855670103092784,12.886597938144329
E00088637,213,68,23,45,145,120,25,31.92488262910798,10.7981220657277,21.12676056338028,68.07511737089203,56.33802816901409,11.737089201877934
E00088638,143,44,23,21,99,88,11,30.76923076923077,16.083916083916083,14.685314685314685,69.23076923076923,61.53846153846154,7.6923076923076925
E00088639,165,45,16,29,120,98,22,27.27272727272727,9.696969696969697,17.575757575757574,72.72727272727273,59.3939393939394,13.333333333333334
E00088640,125,34,11,23,91,80,11,27.200000000000003,8.799999999999999,18.4,72.8,64,8.799999999999999
E00088641,164,46,12,34,118,101,17,28.04878048780488,7.317073170731707,20.73170731707317,71.95121951219512,61.58536585365854,10.365853658536585
E00088642,153,37,8,29,116,95,21,24.183006535947712,5.228758169934641,18.954248366013072,75.81699346405229,62.091503267973856,13.725490196078432
E00088643,163,56,25,31,107,87,20,34.355828220858896,15.337423312883436,19.018404907975462,65.6441717791411,53.37423312883436,12.269938650306749
E00088644,163,54,27,27,109,95,14,33.12883435582822,16.56441717791411,16.56441717791411,66.87116564417178,58.282208588957054,8.588957055214724
E00088645,165,43,20,23,122,105,17,26.060606060606062,12.121212121212121,13.939393939393941,73.93939393939394,63.63636363636363,10.303030303030303
E00088646,149,51,9,42,98,79,19,34.22818791946309,6.0402684563758395,28.187919463087248,65.77181208053692,53.02013422818792,12.751677852348994
E00088647,87,28,13,15,59,52,7,32.18390804597701,14.942528735632186,17.24137931034483,67.81609195402298,59.77011494252874,8.045977011494253
E00088648,159,50,14,36,109,95,14,31.446540880503143,8.80503144654088,22.641509433962266,68.55345911949685,59.74842767295597,8.80503144654088
E00088649,168,60,20,40,108,90,18,35.714285714285715,11.904761904761903,23.809523809523807,64.28571428571429,53.57142857142857,10.714285714285714
E00088650,168,52,23,29,116,100,16,30.952380952380953,13.690476190476192,17.261904761904763,69.04761904761905,59.523809523809526,9.523809523809524
E00088651,141,44,18,26,97,70,27,31.20567375886525,12.76595744680851,18.439716312056735,68.79432624113475,49.645390070921984,19.148936170212767
E00088653,127,35,12,23,92,79,13,27.559055118110237,9.448818897637794,18.11023622047244,72.44094488188976,62.20472440944882,10.236220472440944
E00088654,182,61,24,37,121,100,21,33.51648351648351,13.186813186813188,20.32967032967033,66.48351648351648,54.94505494505495,11.538461538461538
E00088655,223,69,33,36,154,115,39,30.94170403587444,14.798206278026907,16.143497757847534,69.05829596412556,51.569506726457405,17.48878923766816
E00088656,89,32,10,22,57,43,14,35.95505617977528,11.235955056179774,24.719101123595504,64.04494382022472,48.31460674157304,15.730337078651685
E00088657,151,28,6,22,123,93,30,18.543046357615893,3.9735099337748347,14.56953642384106,81.45695364238411,61.58940397350994,19.867549668874172
E00088658,199,69,33,36,130,105,25,34.67336683417086,16.582914572864322,18.090452261306535,65.32663316582915,52.76381909547738,12.562814070351758
E00088659,141,40,9,31,101,81,20,28.368794326241137,6.382978723404255,21.98581560283688,71.63120567375887,57.446808510638306,14.184397163120568
E00088660,99,32,9,23,67,54,13,32.323232323232325,9.090909090909092,23.232323232323232,67.67676767676768,54.54545454545454,13.131313131313133
E00088661,29,15,8,7,14,12,2,51.724137931034484,27.586206896551722,24.137931034482758,48.275862068965516,41.37931034482759,6.896551724137931
E00088662,192,37,11,26,155,133,22,19.270833333333336,5.729166666666666,13.541666666666666,80.72916666666666,69.27083333333334,11.458333333333332
E00088663,167,50,18,32,117,108,9,29.94011976047904,10.778443113772456,19.16167664670659,70.05988023952095,64.67065868263472,5.389221556886228
E00088664,197,60,20,40,137,118,19,30.456852791878177,10.152284263959391,20.304568527918782,69.54314720812182,59.89847715736041,9.644670050761421
E00088665,176,48,22,26,128,102,26,27.27272727272727,12.5,14.772727272727273,72.72727272727273,57.95454545454546,14.772727272727273
E00088666,230,68,26,42,162,123,39,29.565217391304348,11.304347826086957,18.26086956521739,70.43478260869566,53.47826086956522,16.956521739130434
E00088667,155,50,21,29,105,79,26,32.25806451612903,13.548387096774196,18.70967741935484,67.74193548387096,50.967741935483865,16.7741935483871
E00088668,117,50,25,25,67,56,11,42.73504273504273,21.367521367521366,21.367521367521366,57.26495726495726,47.863247863247864,9.401709401709402
E00088669,159,53,21,32,106,93,13,33.33333333333333,13.20754716981132,20.125786163522015,66.66666666666666,58.490566037735846,8.176100628930817
E00088670,149,46,18,28,103,84,19,30.87248322147651,12.080536912751679,18.79194630872483,69.12751677852349,56.375838926174495,12.751677852348994
E00088671,135,36,10,26,99,83,16,26.666666666666668,7.4074074074074066,19.25925925925926,73.33333333333333,61.48148148148148,11.851851851851853
E00088672,127,37,13,24,90,68,22,29.133858267716533,10.236220472440944,18.89763779527559,70.86614173228347,53.54330708661418,17.322834645669293
E00088673,139,37,9,28,102,80,22,26.618705035971225,6.474820143884892,20.14388489208633,73.38129496402878,57.55395683453237,15.827338129496402
E00088674,143,35,6,29,108,96,12,24.475524475524477,4.195804195804196,20.27972027972028,75.52447552447552,67.13286713286713,8.391608391608392
E00088675,156,50,16,34,106,84,22,32.05128205128205,10.256410256410255,21.794871794871796,67.94871794871796,53.84615384615385,14.102564102564102
E00088676,178,36,16,20,142,119,23,20.224719101123593,8.98876404494382,11.235955056179774,79.7752808988764,66.85393258426966,12.921348314606742
E00088677,148,37,13,24,111,96,15,25,8.783783783783784,16.216216216216218,75,64.86486486486487,10.135135135135135
E00088678,238,45,17,28,193,167,26,18.907563025210084,7.142857142857142,11.76470588235294,81.09243697478992,70.16806722689076,10.92436974789916
E00088679,186,49,21,28,137,112,25,26.344086021505376,11.29032258064516,15.053763440860216,73.65591397849462,60.215053763440864,13.440860215053762
E00088680,105,28,7,21,77,64,13,26.666666666666668,6.666666666666667,20,73.33333333333333,60.952380952380956,12.380952380952381
E00088681,234,54,21,33,180,159,21,23.076923076923077,8.974358974358974,14.102564102564102,76.92307692307693,67.94871794871796,8.974358974358974
E00088682,149,31,12,19,118,108,10,20.80536912751678,8.053691275167784,12.751677852348994,79.19463087248322,72.48322147651007,6.7114093959731544
E00088684,156,39,8,31,117,94,23,25,5.128205128205128,19.871794871794872,75,60.256410256410255,14.743589743589745
E00088686,171,55,20,35,116,101,15,32.16374269005848,11.695906432748536,20.46783625730994,67.83625730994152,59.06432748538012,8.771929824561402
E00088687,174,41,19,22,133,116,17,23.563218390804597,10.919540229885058,12.643678160919542,76.4367816091954,66.66666666666666,9.770114942528735
E00088688,190,54,22,32,136,115,21,28.421052631578945,11.578947368421053,16.842105263157894,71.57894736842105,60.526315789473685,11.052631578947368
E00088690,254,51,15,36,203,178,25,20.078740157480315,5.905511811023622,14.173228346456693,79.92125984251969,70.07874015748031,9.84251968503937
E00088692,136,44,15,29,92,86,6,32.35294117647059,11.029411764705882,21.323529411764707,67.64705882352942,63.23529411764706,4.411764705882353
E00088693,181,36,12,24,145,130,15,19.88950276243094,6.629834254143646,13.259668508287293,80.11049723756905,71.8232044198895,8.287292817679557
E00088694,132,37,20,17,95,73,22,28.030303030303028,15.151515151515152,12.878787878787879,71.96969696969697,55.3030303030303,16.666666666666664
E00088695,129,45,27,18,84,63,21,34.883720930232556,20.930232558139537,13.953488372093023,65.11627906976744,48.837209302325576,16.27906976744186
E00088696,185,55,13,42,130,101,29,29.72972972972973,7.027027027027027,22.702702702702705,70.27027027027027,54.59459459459459,15.675675675675677
E00088697,141,38,12,26,103,90,13,26.95035460992908,8.51063829787234,18.439716312056735,73.04964539007092,63.829787234042556,9.219858156028367
E00088698,134,42,15,27,92,73,19,31.343283582089555,11.194029850746269,20.149253731343283,68.65671641791045,54.47761194029851,14.17910447761194
E00088699,87,26,7,19,61,45,16,29.88505747126437,8.045977011494253,21.839080459770116,70.11494252873564,51.724137931034484,18.39080459770115
E00088700,123,36,21,15,87,71,16,29.268292682926827,17.073170731707318,12.195121951219512,70.73170731707317,57.72357723577236,13.008130081300814
E00088701,157,45,15,30,112,90,22,28.662420382165603,9.554140127388536,19.10828025477707,71.3375796178344,57.324840764331206,14.012738853503185
E00088702,135,46,16,30,89,70,19,34.074074074074076,11.851851851851853,22.22222222222222,65.92592592592592,51.85185185185185,14.074074074074074
E00088704,174,41,21,20,133,110,23,23.563218390804597,12.068965517241379,11.494252873563218,76.4367816091954,63.2183908045977,13.218390804597702
E00088705,153,46,17,29,107,92,15,30.065359477124183,11.11111111111111,18.954248366013072,69.93464052287581,60.130718954248366,9.803921568627452
E00088706,179,44,15,29,135,116,19,24.581005586592177,8.379888268156424,16.201117318435752,75.41899441340783,64.80446927374301,10.614525139664805
E00088707,247,58,15,43,189,158,31,23.481781376518217,6.0728744939271255,17.408906882591094,76.51821862348179,63.96761133603239,12.550607287449392
E00088708,237,54,18,36,183,153,30,22.78481012658228,7.59493670886076,15.18987341772152,77.21518987341773,64.55696202531645,12.658227848101266
E00088709,172,53,14,39,119,99,20,30.813953488372093,8.13953488372093,22.674418604651162,69.18604651162791,57.55813953488372,11.627906976744185
E00088710,154,39,8,31,115,95,20,25.324675324675322,5.194805194805195,20.12987012987013,74.67532467532467,61.68831168831169,12.987012987012985
E00088711,97,23,8,15,74,66,8,23.711340206185564,8.24742268041237,15.463917525773196,76.28865979381443,68.04123711340206,8.24742268041237
E00088712,157,48,20,28,109,93,16,30.573248407643312,12.738853503184714,17.8343949044586,69.42675159235668,59.23566878980891,10.191082802547772
E00088713,142,35,7,28,107,91,16,24.647887323943664,4.929577464788732,19.718309859154928,75.35211267605634,64.08450704225352,11.267605633802818
E00088714,112,27,9,18,85,74,11,24.107142857142858,8.035714285714286,16.071428571428573,75.89285714285714,66.07142857142857,9.821428571428571
E00088715,151,41,14,27,110,96,14,27.1523178807947,9.271523178807946,17.880794701986755,72.84768211920529,63.576158940397356,9.271523178807946
E00088717,222,51,16,35,171,140,31,22.972972972972975,7.207207207207207,15.765765765765765,77.02702702702703,63.06306306306306,13.963963963963963
E00088718,168,51,23,28,117,106,11,30.357142857142854,13.690476190476192,16.666666666666664,69.64285714285714,63.095238095238095,6.547619047619048
E00088719,121,34,11,23,87,72,15,28.09917355371901,9.090909090909092,19.00826446280992,71.900826446281,59.50413223140496,12.396694214876034
E00088720,166,44,18,26,122,106,16,26.506024096385545,10.843373493975903,15.66265060240964,73.49397590361446,63.85542168674698,9.63855421686747
E00088721,238,80,34,46,158,120,38,33.61344537815126,14.285714285714285,19.327731092436977,66.38655462184873,50.42016806722689,15.966386554621847
E00088722,128,43,17,26,85,75,10,33.59375,13.28125,20.3125,66.40625,58.59375,7.8125
E00088723,140,36,11,25,104,92,12,25.71428571428571,7.857142857142857,17.857142857142858,74.28571428571429,65.71428571428571,8.571428571428571
E00088724,175,47,15,32,128,103,25,26.857142857142858,8.571428571428571,18.285714285714285,73.14285714285714,58.857142857142854,14.285714285714285
E00088725,319,83,35,48,236,190,46,26.01880877742947,10.9717868338558,15.047021943573668,73.98119122257053,59.56112852664577,14.420062695924765
E00088726,281,68,27,41,213,185,28,24.199288256227756,9.608540925266903,14.590747330960854,75.80071174377224,65.83629893238434,9.9644128113879
E00088727,177,41,19,22,136,122,14,23.163841807909606,10.734463276836157,12.429378531073446,76.8361581920904,68.92655367231639,7.909604519774012
E00088729,134,41,15,26,93,76,17,30.597014925373134,11.194029850746269,19.402985074626866,69.40298507462687,56.71641791044776,12.686567164179104
E00088730,178,53,14,39,125,108,17,29.775280898876407,7.865168539325842,21.910112359550563,70.2247191011236,60.67415730337079,9.550561797752808
E00088731,120,36,13,23,84,76,8,30,10.833333333333334,19.166666666666668,70,63.33333333333333,6.666666666666667
E00088732,175,43,13,30,132,109,23,24.571428571428573,7.428571428571429,17.142857142857142,75.42857142857143,62.28571428571429,13.142857142857142
E00088733,131,37,14,23,94,74,20,28.24427480916031,10.687022900763358,17.557251908396946,71.7557251908397,56.48854961832062,15.267175572519085
E00088734,191,53,20,33,138,118,20,27.748691099476442,10.471204188481675,17.277486910994764,72.25130890052355,61.78010471204188,10.471204188481675
E00088735,174,38,17,21,136,118,18,21.839080459770116,9.770114942528735,12.068965517241379,78.16091954022988,67.81609195402298,10.344827586206897
E00088736,183,53,17,36,130,107,23,28.96174863387978,9.289617486338798,19.672131147540984,71.03825136612022,58.46994535519126,12.568306010928962
E00088737,168,43,11,32,125,110,15,25.595238095238095,6.547619047619048,19.047619047619047,74.40476190476191,65.47619047619048,8.928571428571429
E00088738,265,69,19,50,196,169,27,26.037735849056602,7.169811320754717,18.867924528301888,73.9622641509434,63.77358490566037,10.18867924528302
E00088740,176,44,14,30,132,107,25,25,7.954545454545454,17.045454545454543,75,60.79545454545454,14.204545454545455
E00088742,127,40,16,24,87,77,10,31.496062992125985,12.598425196850393,18.89763779527559,68.50393700787401,60.629921259842526,7.874015748031496
E00088743,149,32,9,23,117,99,18,21.476510067114095,6.0402684563758395,15.436241610738255,78.52348993288591,66.44295302013423,12.080536912751679
E00088744,202,41,12,29,161,141,20,20.2970297029703,5.9405940594059405,14.356435643564355,79.70297029702971,69.80198019801979,9.900990099009901
E00088745,219,61,26,35,158,124,34,27.85388127853881,11.87214611872146,15.981735159817351,72.14611872146118,56.62100456621004,15.52511415525114
E00088746,162,58,19,39,104,89,15,35.80246913580247,11.728395061728394,24.074074074074073,64.19753086419753,54.93827160493827,9.25925925925926
E00088747,117,28,12,16,89,78,11,23.931623931623932,10.256410256410255,13.675213675213676,76.06837606837607,66.66666666666666,9.401709401709402
E00088748,140,34,14,20,106,94,12,24.285714285714285,10,14.285714285714285,75.71428571428571,67.14285714285714,8.571428571428571
E00088749,326,89,34,55,237,204,33,27.300613496932513,10.429447852760736,16.87116564417178,72.69938650306749,62.57668711656442,10.122699386503067
E00088750,194,53,22,31,141,123,18,27.31958762886598,11.34020618556701,15.979381443298967,72.68041237113401,63.4020618556701,9.278350515463918
E00088751,202,57,18,39,145,125,20,28.217821782178216,8.91089108910891,19.306930693069308,71.78217821782178,61.88118811881188,9.900990099009901
E00088752,185,46,17,29,139,124,15,24.864864864864867,9.18918918918919,15.675675675675677,75.13513513513513,67.02702702702703,8.108108108108109
E00088753,158,39,15,24,119,102,17,24.68354430379747,9.49367088607595,15.18987341772152,75.31645569620254,64.55696202531645,10.759493670886076
E00088754,215,57,24,33,158,132,26,26.51162790697674,11.162790697674419,15.348837209302326,73.48837209302326,61.395348837209305,12.093023255813954
E00088755,140,42,18,24,98,84,14,30,12.857142857142856,17.142857142857142,70,60,10
E00088756,158,49,15,34,109,92,17,31.0126582278481,9.49367088607595,21.518987341772153,68.9873417721519,58.22784810126582,10.759493670886076
E00088757,157,43,16,27,114,97,17,27.388535031847134,10.191082802547772,17.197452229299362,72.61146496815286,61.78343949044586,10.828025477707007
E00088758,165,47,21,26,118,106,12,28.484848484848484,12.727272727272727,15.757575757575756,71.51515151515152,64.24242424242425,7.2727272727272725
E00088759,132,37,16,21,95,83,12,28.030303030303028,12.121212121212121,15.909090909090908,71.96969696969697,62.878787878787875,9.090909090909092
E00088760,232,62,22,40,170,144,26,26.72413793103448,9.482758620689655,17.24137931034483,73.27586206896551,62.06896551724138,11.206896551724139
E00088761,325,99,42,57,226,196,30,30.461538461538463,12.923076923076923,17.53846153846154,69.53846153846153,60.30769230769231,9.230769230769232
E00088762,188,54,19,35,134,114,20,28.723404255319153,10.106382978723403,18.617021276595743,71.27659574468085,60.63829787234043,10.638297872340425
E00088763,184,62,26,36,122,103,19,33.69565217391305,14.130434782608695,19.565217391304348,66.30434782608695,55.97826086956522,10.326086956521738
E00088764,155,39,13,26,116,109,7,25.161290322580644,8.38709677419355,16.7741935483871,74.83870967741936,70.3225806451613,4.516129032258064
E00088765,104,22,7,15,82,75,7,21.153846153846153,6.730769230769231,14.423076923076922,78.84615384615384,72.11538461538461,6.730769230769231
E00088766,171,44,18,26,127,106,21,25.730994152046783,10.526315789473683,15.204678362573098,74.26900584795322,61.98830409356725,12.280701754385964
E00088767,180,64,26,38,116,104,12,35.55555555555556,14.444444444444443,21.11111111111111,64.44444444444444,57.77777777777777,6.666666666666667
E00088768,159,48,22,26,111,85,26,30.18867924528302,13.836477987421384,16.352201257861633,69.81132075471697,53.459119496855344,16.352201257861633
E00088769,169,46,20,26,123,92,31,27.218934911242602,11.834319526627219,15.384615384615385,72.7810650887574,54.437869822485204,18.34319526627219
E00088770,150,50,19,31,100,73,27,33.33333333333333,12.666666666666668,20.666666666666668,66.66666666666666,48.66666666666667,18
E00088771,134,35,10,25,99,82,17,26.119402985074625,7.462686567164178,18.65671641791045,73.88059701492537,61.19402985074627,12.686567164179104
E00088772,138,36,11,25,102,87,15,26.08695652173913,7.971014492753622,18.115942028985508,73.91304347826086,63.04347826086957,10.869565217391305
E00088773,154,51,12,39,103,78,25,33.116883116883116,7.792207792207792,25.324675324675322,66.88311688311688,50.649350649350644,16.233766233766232
E00088774,110,48,16,32,62,43,19,43.63636363636363,14.545454545454545,29.09090909090909,56.36363636363636,39.09090909090909,17.272727272727273
E00088775,125,41,21,20,84,59,25,32.800000000000004,16.8,16,67.2,47.199999999999996,20
E00088776,140,45,30,15,95,62,33,32.142857142857146,21.428571428571427,10.714285714285714,67.85714285714286,44.285714285714285,23.57142857142857
E00088777,128,42,20,22,86,68,18,32.8125,15.625,17.1875,67.1875,53.125,14.0625
E00088778,169,45,21,24,124,105,19,26.627218934911244,12.42603550295858,14.201183431952662,73.37278106508876,62.1301775147929,11.242603550295858
E00088779,104,33,13,20,71,57,14,31.73076923076923,12.5,19.230769230769234,68.26923076923077,54.807692307692314,13.461538461538462
E00088780,174,51,8,43,123,98,25,29.310344827586203,4.597701149425287,24.71264367816092,70.6896551724138,56.32183908045977,14.367816091954023
E00088781,62,15,4,11,47,35,12,24.193548387096776,6.451612903225806,17.741935483870968,75.80645161290323,56.451612903225815,19.35483870967742
E00088782,76,26,11,15,50,36,14,34.21052631578947,14.473684210526317,19.736842105263158,65.78947368421053,47.368421052631575,18.421052631578945
E00088783,24,9,1,8,15,14,1,37.5,4.166666666666666,33.33333333333333,62.5,58.333333333333336,4.166666666666666
E00088785,204,60,33,27,144,123,21,29.411764705882355,16.176470588235293,13.23529411764706,70.58823529411765,60.29411764705882,10.294117647058822
E00088786,128,43,25,18,85,68,17,33.59375,19.53125,14.0625,66.40625,53.125,13.28125
E00088787,142,45,20,25,97,81,16,31.690140845070424,14.084507042253522,17.6056338028169,68.30985915492957,57.04225352112676,11.267605633802818
E00088788,157,41,10,31,116,97,19,26.11464968152866,6.369426751592357,19.745222929936308,73.88535031847134,61.78343949044586,12.101910828025478
E00088789,127,38,17,21,89,73,16,29.92125984251969,13.385826771653544,16.535433070866144,70.07874015748031,57.48031496062992,12.598425196850393
E00088790,120,35,10,25,85,64,21,29.166666666666668,8.333333333333332,20.833333333333336,70.83333333333334,53.333333333333336,17.5
E00088791,137,45,14,31,92,79,13,32.846715328467155,10.218978102189782,22.62773722627737,67.15328467153284,57.66423357664233,9.48905109489051
E00088792,173,35,10,25,138,116,22,20.23121387283237,5.780346820809249,14.450867052023122,79.76878612716763,67.05202312138728,12.716763005780345
E00088793,232,52,18,34,180,154,26,22.413793103448278,7.758620689655173,14.655172413793101,77.58620689655173,66.37931034482759,11.206896551724139
E00088794,262,47,19,28,215,182,33,17.938931297709924,7.251908396946565,10.687022900763358,82.06106870229007,69.46564885496184,12.595419847328243
E00088795,174,37,13,24,137,117,20,21.26436781609195,7.471264367816093,13.793103448275861,78.73563218390804,67.24137931034483,11.494252873563218
E00088796,178,44,17,27,134,115,19,24.719101123595504,9.550561797752808,15.168539325842698,75.28089887640449,64.60674157303372,10.674157303370785
E00088797,111,38,11,27,73,65,8,34.234234234234236,9.90990990990991,24.324324324324326,65.76576576576578,58.55855855855856,7.207207207207207
E00088798,114,30,10,20,84,65,19,26.31578947368421,8.771929824561402,17.543859649122805,73.68421052631578,57.01754385964912,16.666666666666664
E00088799,172,45,19,26,127,106,21,26.16279069767442,11.046511627906977,15.11627906976744,73.83720930232558,61.627906976744185,12.209302325581394
E00088800,169,54,14,40,115,103,12,31.952662721893493,8.284023668639055,23.668639053254438,68.04733727810651,60.946745562130175,7.100591715976331
E00088801,202,50,20,30,152,139,13,24.752475247524753,9.900990099009901,14.85148514851485,75.24752475247524,68.8118811881188,6.435643564356436
E00088802,173,45,13,32,128,115,13,26.011560693641616,7.514450867052023,18.497109826589593,73.98843930635837,66.47398843930635,7.514450867052023
E00088803,169,48,23,25,121,102,19,28.402366863905325,13.609467455621301,14.792899408284024,71.59763313609467,60.35502958579882,11.242603550295858
E00088804,168,39,17,22,129,111,18,23.214285714285715,10.119047619047619,13.095238095238097,76.78571428571429,66.07142857142857,10.714285714285714
E00088805,130,30,14,16,100,86,14,23.076923076923077,10.76923076923077,12.307692307692308,76.92307692307693,66.15384615384615,10.76923076923077
E00088806,136,33,12,21,103,90,13,24.264705882352942,8.823529411764707,15.441176470588236,75.73529411764706,66.17647058823529,9.558823529411764
E00088807,195,60,23,37,135,118,17,30.76923076923077,11.794871794871794,18.974358974358974,69.23076923076923,60.51282051282051,8.717948717948717
E00088808,152,43,11,32,109,101,8,28.289473684210524,7.236842105263158,21.052631578947366,71.71052631578947,66.44736842105263,5.263157894736842
E00088809,127,33,8,25,94,79,15,25.984251968503933,6.299212598425196,19.68503937007874,74.01574803149606,62.20472440944882,11.811023622047244
E00088810,144,48,18,30,96,79,17,33.33333333333333,12.5,20.833333333333336,66.66666666666666,54.861111111111114,11.805555555555555
E00088811,119,38,10,28,81,76,5,31.932773109243694,8.403361344537815,23.52941176470588,68.0672268907563,63.86554621848739,4.201680672268908
E00088812,138,41,9,32,97,87,10,29.71014492753623,6.521739130434782,23.18840579710145,70.28985507246377,63.04347826086957,7.246376811594203
E00088813,128,45,10,35,83,70,13,35.15625,7.8125,27.34375,64.84375,54.6875,10.15625
E00088814,156,45,14,31,111,102,9,28.846153846153843,8.974358974358974,19.871794871794872,71.15384615384616,65.38461538461539,5.769230769230769
E00088815,143,43,8,35,100,85,15,30.069930069930066,5.594405594405594,24.475524475524477,69.93006993006993,59.44055944055944,10.48951048951049
E00088816,132,36,11,25,96,77,19,27.27272727272727,8.333333333333332,18.939393939393938,72.72727272727273,58.333333333333336,14.393939393939394
E00088817,160,40,7,33,120,103,17,25,4.375,20.625,75,64.375,10.625
E00088818,152,44,19,25,108,95,13,28.947368421052634,12.5,16.447368421052634,71.05263157894737,62.5,8.552631578947368
E00088819,158,35,16,19,123,107,16,22.151898734177212,10.126582278481013,12.025316455696203,77.84810126582279,67.72151898734177,10.126582278481013
E00088820,151,37,10,27,114,97,17,24.503311258278146,6.622516556291391,17.880794701986755,75.49668874172185,64.23841059602648,11.258278145695364
E00088821,142,33,7,26,109,102,7,23.239436619718308,4.929577464788732,18.30985915492958,76.76056338028168,71.83098591549296,4.929577464788732
E00088822,142,48,12,36,94,82,12,33.80281690140845,8.450704225352112,25.352112676056336,66.19718309859155,57.74647887323944,8.450704225352112
E00088823,176,45,13,32,131,105,26,25.568181818181817,7.386363636363637,18.181818181818183,74.43181818181817,59.65909090909091,14.772727272727273
E00088824,165,44,22,22,121,100,21,26.666666666666668,13.333333333333334,13.333333333333334,73.33333333333333,60.60606060606061,12.727272727272727
E00088825,193,47,11,36,146,135,11,24.352331606217618,5.699481865284974,18.65284974093264,75.64766839378238,69.94818652849742,5.699481865284974
E00088828,237,65,23,42,172,147,25,27.42616033755274,9.70464135021097,17.72151898734177,72.57383966244726,62.0253164556962,10.548523206751055
E00088829,128,37,8,29,91,80,11,28.90625,6.25,22.65625,71.09375,62.5,8.59375
E00088830,147,40,9,31,107,94,13,27.2108843537415,6.122448979591836,21.08843537414966,72.78911564625851,63.94557823129252,8.843537414965986
E00088831,140,48,13,35,92,78,14,34.285714285714285,9.285714285714286,25,65.71428571428571,55.714285714285715,10
E00088832,176,49,19,30,127,114,13,27.84090909090909,10.795454545454545,17.045454545454543,72.1590909090909,64.77272727272727,7.386363636363637
E00088833,107,36,15,21,71,56,15,33.64485981308411,14.018691588785046,19.626168224299064,66.35514018691589,52.336448598130836,14.018691588785046
E00088834,135,26,7,19,109,87,22,19.25925925925926,5.185185185185185,14.074074074074074,80.74074074074075,64.44444444444444,16.296296296296298
E00088835,150,44,15,29,106,97,9,29.333333333333332,10,19.333333333333332,70.66666666666667,64.66666666666666,6
E00088836,219,60,18,42,159,137,22,27.397260273972602,8.21917808219178,19.17808219178082,72.6027397260274,62.55707762557078,10.045662100456621
E00088837,204,51,24,27,153,137,16,25,11.76470588235294,13.23529411764706,75,67.15686274509804,7.8431372549019605
E00088838,143,23,7,16,120,102,18,16.083916083916083,4.895104895104895,11.188811188811188,83.91608391608392,71.32867132867133,12.587412587412588
E00088839,200,54,19,35,146,129,17,27,9.5,17.5,73,64.5,8.5
E00088840,150,42,11,31,108,87,21,28.000000000000004,7.333333333333333,20.666666666666668,72,57.99999999999999,14.000000000000002
E00088841,183,37,8,29,146,129,17,20.21857923497268,4.371584699453552,15.846994535519126,79.78142076502732,70.49180327868852,9.289617486338798
E00088842,194,49,16,33,145,126,19,25.257731958762886,8.24742268041237,17.010309278350515,74.74226804123711,64.94845360824742,9.793814432989691
E00088843,54,18,11,7,36,34,2,33.33333333333333,20.37037037037037,12.962962962962962,66.66666666666666,62.96296296296296,3.7037037037037033
E00088844,141,20,7,13,121,111,10,14.184397163120568,4.964539007092199,9.219858156028367,85.81560283687944,78.72340425531915,7.092198581560284
E00088845,149,33,15,18,116,93,23,22.14765100671141,10.06711409395973,12.080536912751679,77.85234899328859,62.41610738255034,15.436241610738255
E00088846,177,40,17,23,137,117,20,22.598870056497177,9.6045197740113,12.994350282485875,77.40112994350282,66.10169491525424,11.299435028248588
E00088847,170,39,16,23,131,113,18,22.941176470588236,9.411764705882353,13.529411764705882,77.05882352941177,66.47058823529412,10.588235294117647
E00088848,150,43,18,25,107,91,16,28.666666666666668,12,16.666666666666664,71.33333333333334,60.66666666666667,10.666666666666668
E00088849,140,36,13,23,104,90,14,25.71428571428571,9.285714285714286,16.428571428571427,74.28571428571429,64.28571428571429,10
E00088850,184,54,19,35,130,116,14,29.347826086956523,10.326086956521738,19.021739130434785,70.65217391304348,63.04347826086957,7.608695652173914
E00088851,160,41,23,18,119,104,15,25.624999999999996,14.374999999999998,11.25,74.375,65,9.375
E00088852,128,32,8,24,96,82,14,25,6.25,18.75,75,64.0625,10.9375
E00088853,154,51,14,37,103,94,9,33.116883116883116,9.090909090909092,24.025974025974026,66.88311688311688,61.038961038961034,5.844155844155844
E00088854,118,37,13,24,81,61,20,31.35593220338983,11.016949152542372,20.33898305084746,68.64406779661016,51.69491525423729,16.94915254237288
E00088855,178,41,10,31,137,113,24,23.03370786516854,5.617977528089887,17.415730337078653,76.96629213483146,63.48314606741573,13.48314606741573
E00088856,179,46,10,36,133,114,19,25.69832402234637,5.58659217877095,20.11173184357542,74.30167597765363,63.687150837988824,10.614525139664805
E00088857,186,48,14,34,138,120,18,25.806451612903224,7.526881720430108,18.27956989247312,74.19354838709677,64.51612903225806,9.67741935483871
E00088858,170,48,12,36,122,104,18,28.235294117647058,7.0588235294117645,21.176470588235293,71.76470588235294,61.1764705882353,10.588235294117647
E00088859,174,44,20,24,130,108,22,25.287356321839084,11.494252873563218,13.793103448275861,74.71264367816092,62.06896551724138,12.643678160919542
E00088860,171,37,11,26,134,106,28,21.637426900584796,6.432748538011696,15.204678362573098,78.3625730994152,61.98830409356725,16.374269005847953
E00088861,162,52,15,37,110,94,16,32.098765432098766,9.25925925925926,22.839506172839506,67.90123456790124,58.0246913580247,9.876543209876543
E00088862,130,34,11,23,96,86,10,26.153846153846157,8.461538461538462,17.692307692307693,73.84615384615385,66.15384615384615,7.6923076923076925
E00088863,156,39,11,28,117,96,21,25,7.051282051282051,17.94871794871795,75,61.53846153846154,13.461538461538462
E00088864,155,32,13,19,123,98,25,20.64516129032258,8.38709677419355,12.258064516129032,79.35483870967742,63.2258064516129,16.129032258064516
E00088865,147,48,15,33,99,86,13,32.6530612244898,10.204081632653061,22.448979591836736,67.3469387755102,58.50340136054422,8.843537414965986
E00088866,205,60,16,44,145,120,25,29.268292682926827,7.804878048780488,21.463414634146343,70.73170731707317,58.536585365853654,12.195121951219512
E00088867,130,41,16,25,89,72,17,31.538461538461537,12.307692307692308,19.230769230769234,68.46153846153847,55.38461538461539,13.076923076923078
E00088868,193,39,17,22,154,123,31,20.207253886010363,8.808290155440414,11.398963730569948,79.79274611398964,63.730569948186535,16.06217616580311
E00088869,149,34,14,20,115,95,20,22.818791946308725,9.395973154362416,13.422818791946309,77.18120805369128,63.758389261744966,13.422818791946309
E00088870,210,64,25,39,146,127,19,30.476190476190478,11.904761904761903,18.571428571428573,69.52380952380952,60.476190476190474,9.047619047619047
E00088871,141,38,15,23,103,82,21,26.95035460992908,10.638297872340425,16.312056737588655,73.04964539007092,58.156028368794324,14.893617021276595
E00088872,138,40,21,19,98,81,17,28.985507246376812,15.217391304347828,13.768115942028986,71.01449275362319,58.69565217391305,12.318840579710146
E00088873,107,39,18,21,68,50,18,36.44859813084112,16.822429906542055,19.626168224299064,63.55140186915887,46.728971962616825,16.822429906542055
E00088874,165,43,11,32,122,97,25,26.060606060606062,6.666666666666667,19.393939393939394,73.93939393939394,58.78787878787879,15.151515151515152
E00088876,213,55,13,42,158,130,28,25.821596244131456,6.103286384976526,19.718309859154928,74.17840375586854,61.03286384976526,13.145539906103288
E00088877,182,50,16,34,132,118,14,27.472527472527474,8.791208791208792,18.681318681318682,72.52747252747253,64.83516483516483,7.6923076923076925
E00088878,111,36,7,29,75,64,11,32.432432432432435,6.306306306306306,26.126126126126124,67.56756756756756,57.65765765765766,9.90990990990991
E00088879,91,36,16,20,55,46,9,39.56043956043956,17.582417582417584,21.978021978021978,60.43956043956044,50.54945054945055,9.89010989010989
E00088880,173,40,20,20,133,110,23,23.121387283236995,11.560693641618498,11.560693641618498,76.878612716763,63.58381502890174,13.294797687861271
E00088881,174,52,16,36,122,104,18,29.88505747126437,9.195402298850574,20.689655172413794,70.11494252873564,59.77011494252874,10.344827586206897
E00088882,174,48,20,28,126,106,20,27.586206896551722,11.494252873563218,16.091954022988507,72.41379310344827,60.91954022988506,11.494252873563218
E00088883,120,31,12,19,89,79,10,25.833333333333336,10,15.833333333333332,74.16666666666667,65.83333333333333,8.333333333333332
E00088884,143,35,9,26,108,87,21,24.475524475524477,6.293706293706294,18.181818181818183,75.52447552447552,60.83916083916085,14.685314685314685
E00088885,135,37,21,16,98,78,20,27.40740740740741,15.555555555555555,11.851851851851853,72.5925925925926,57.77777777777777,14.814814814814813
E00088886,282,57,18,39,225,188,37,20.212765957446805,6.382978723404255,13.829787234042554,79.7872340425532,66.66666666666666,13.120567375886525
E00088887,173,52,20,32,121,100,21,30.057803468208093,11.560693641618498,18.497109826589593,69.94219653179191,57.80346820809249,12.138728323699421
E00088888,170,55,24,31,115,99,16,32.35294117647059,14.117647058823529,18.235294117647058,67.64705882352942,58.235294117647065,9.411764705882353
E00088889,198,60,25,35,138,114,24,30.303030303030305,12.626262626262626,17.67676767676768,69.6969696969697,57.57575757575758,12.121212121212121
E00088890,136,42,16,26,94,85,9,30.88235294117647,11.76470588235294,19.11764705882353,69.11764705882352,62.5,6.61764705882353
E00088891,163,45,20,25,118,107,11,27.607361963190186,12.269938650306749,15.337423312883436,72.39263803680981,65.6441717791411,6.748466257668712
E00088892,175,41,13,28,134,106,28,23.42857142857143,7.428571428571429,16,76.57142857142857,60.57142857142858,16
E00088893,144,45,15,30,99,87,12,31.25,10.416666666666668,20.833333333333336,68.75,60.416666666666664,8.333333333333332
E00088894,150,33,9,24,117,97,20,22,6,16,78,64.66666666666666,13.333333333333334
E00088895,170,42,16,26,128,108,20,24.705882352941178,9.411764705882353,15.294117647058824,75.29411764705883,63.52941176470588,11.76470588235294
E00088896,172,46,14,32,126,116,10,26.744186046511626,8.13953488372093,18.6046511627907,73.25581395348837,67.44186046511628,5.813953488372093
E00088897,88,22,9,13,66,57,9,25,10.227272727272728,14.772727272727273,75,64.77272727272727,10.227272727272728
E00088898,121,38,11,27,83,78,5,31.40495867768595,9.090909090909092,22.31404958677686,68.59504132231406,64.46280991735537,4.132231404958678
E00088899,154,38,18,20,116,100,16,24.675324675324674,11.688311688311687,12.987012987012985,75.32467532467533,64.93506493506493,10.38961038961039
E00088900,179,61,31,30,118,96,22,34.07821229050279,17.318435754189945,16.75977653631285,65.92178770949721,53.63128491620112,12.290502793296088
E00088901,164,49,19,30,115,104,11,29.878048780487802,11.585365853658537,18.29268292682927,70.1219512195122,63.41463414634146,6.707317073170732
E00088902,214,49,21,28,165,146,19,22.897196261682243,9.813084112149532,13.084112149532709,77.10280373831776,68.22429906542055,8.878504672897195
E00088903,123,43,19,24,80,67,13,34.959349593495936,15.447154471544716,19.51219512195122,65.04065040650406,54.47154471544715,10.569105691056912
E00088904,93,31,12,19,62,52,10,33.33333333333333,12.903225806451612,20.43010752688172,66.66666666666666,55.91397849462365,10.75268817204301
E00088905,150,36,8,28,114,105,9,24,5.333333333333334,18.666666666666668,76,70,6
E00088906,165,40,8,32,125,110,15,24.242424242424242,4.848484848484849,19.393939393939394,75.75757575757575,66.66666666666666,9.090909090909092
E00088907,165,46,8,38,119,93,26,27.878787878787882,4.848484848484849,23.03030303030303,72.12121212121212,56.36363636363636,15.757575757575756
E00088908,148,43,16,27,105,82,23,29.054054054054053,10.81081081081081,18.243243243243242,70.94594594594594,55.4054054054054,15.54054054054054
E00088909,125,35,13,22,90,74,16,28.000000000000004,10.4,17.599999999999998,72,59.199999999999996,12.8
E00088910,129,40,15,25,89,68,21,31.007751937984494,11.627906976744185,19.379844961240313,68.9922480620155,52.71317829457365,16.27906976744186
E00088912,130,47,20,27,83,65,18,36.15384615384615,15.384615384615385,20.76923076923077,63.84615384615384,50,13.846153846153847
E00088913,210,66,27,39,144,106,38,31.428571428571427,12.857142857142856,18.571428571428573,68.57142857142857,50.476190476190474,18.095238095238095
E00088914,207,64,24,40,143,110,33,30.917874396135264,11.594202898550725,19.32367149758454,69.08212560386472,53.14009661835749,15.942028985507244
E00088915,194,53,19,34,141,124,17,27.31958762886598,9.793814432989691,17.525773195876287,72.68041237113401,63.91752577319587,8.762886597938143
E00088916,200,47,12,35,153,135,18,23.5,6,17.5,76.5,67.5,9
E00088917,166,45,8,37,121,106,15,27.10843373493976,4.819277108433735,22.289156626506024,72.89156626506023,63.85542168674698,9.036144578313253
E00088918,161,37,13,24,124,106,18,22.981366459627328,8.074534161490684,14.906832298136646,77.01863354037268,65.83850931677019,11.180124223602485
E00088919,144,60,28,32,84,69,15,41.66666666666667,19.444444444444446,22.22222222222222,58.333333333333336,47.91666666666667,10.416666666666668
E00088920,151,31,12,19,120,104,16,20.52980132450331,7.9470198675496695,12.582781456953644,79.47019867549669,68.87417218543047,10.596026490066226
E00088921,141,39,16,23,102,74,28,27.659574468085108,11.347517730496454,16.312056737588655,72.3404255319149,52.4822695035461,19.858156028368796
E00088922,80,24,7,17,56,52,4,30,8.75,21.25,70,65,5
E00088923,159,45,10,35,114,101,13,28.30188679245283,6.289308176100629,22.0125786163522,71.69811320754717,63.52201257861635,8.176100628930817
E00088924,181,54,18,36,127,111,16,29.83425414364641,9.94475138121547,19.88950276243094,70.1657458563536,61.32596685082873,8.83977900552486
E00088925,131,38,16,22,93,76,17,29.00763358778626,12.213740458015266,16.793893129770993,70.99236641221374,58.01526717557252,12.977099236641221
E00088926,152,46,14,32,106,96,10,30.263157894736842,9.210526315789473,21.052631578947366,69.73684210526315,63.1578947368421,6.578947368421052
E00088927,157,42,15,27,115,103,12,26.751592356687897,9.554140127388536,17.197452229299362,73.24840764331209,65.60509554140127,7.643312101910828
E00088928,144,42,12,30,102,91,11,29.166666666666668,8.333333333333332,20.833333333333336,70.83333333333334,63.19444444444444,7.638888888888889
E00088929,200,61,22,39,139,116,23,30.5,11,19.5,69.5,57.99999999999999,11.5
E00088930,186,47,17,30,139,114,25,25.268817204301076,9.13978494623656,16.129032258064516,74.73118279569893,61.29032258064516,13.440860215053762
E00088931,162,44,8,36,118,100,18,27.160493827160494,4.938271604938271,22.22222222222222,72.8395061728395,61.72839506172839,11.11111111111111
E00088932,154,40,13,27,114,95,19,25.97402597402597,8.441558441558442,17.532467532467532,74.02597402597402,61.68831168831169,12.337662337662337
E00088933,155,43,9,34,112,96,16,27.741935483870968,5.806451612903226,21.935483870967744,72.25806451612902,61.935483870967744,10.32258064516129
E00088934,167,39,13,26,128,111,17,23.353293413173652,7.784431137724551,15.568862275449103,76.64670658682635,66.46706586826348,10.179640718562874
E00088936,115,35,9,26,80,73,7,30.434782608695656,7.82608695652174,22.608695652173914,69.56521739130434,63.47826086956522,6.086956521739131
E00088937,193,54,16,38,139,121,18,27.979274611398964,8.290155440414509,19.689119170984455,72.02072538860104,62.69430051813472,9.32642487046632
E00088938,202,45,11,34,157,133,24,22.277227722772277,5.445544554455446,16.831683168316832,77.72277227722772,65.84158415841584,11.881188118811881
E00088939,205,56,19,37,149,126,23,27.31707317073171,9.268292682926829,18.048780487804876,72.6829268292683,61.46341463414634,11.219512195121952
E00088940,172,47,21,26,125,90,35,27.325581395348834,12.209302325581394,15.11627906976744,72.67441860465115,52.32558139534884,20.348837209302324
E00088941,168,44,17,27,124,101,23,26.190476190476193,10.119047619047619,16.071428571428573,73.80952380952381,60.11904761904761,13.690476190476192
E00088942,155,52,17,35,103,84,19,33.5483870967742,10.967741935483872,22.58064516129032,66.45161290322581,54.19354838709678,12.258064516129032
E00088943,146,38,19,19,108,95,13,26.027397260273972,13.013698630136986,13.013698630136986,73.97260273972603,65.06849315068493,8.904109589041095
E00088944,131,52,24,28,79,59,20,39.69465648854962,18.3206106870229,21.374045801526716,60.30534351145038,45.038167938931295,15.267175572519085
E00088945,200,63,30,33,137,114,23,31.5,15,16.5,68.5,56.99999999999999,11.5
E00088946,112,26,15,11,86,67,19,23.214285714285715,13.392857142857142,9.821428571428571,76.78571428571429,59.82142857142857,16.964285714285715
E00088947,145,43,17,26,102,86,16,29.655172413793103,11.724137931034482,17.93103448275862,70.34482758620689,59.310344827586206,11.03448275862069
E00088948,176,51,21,30,125,93,32,28.97727272727273,11.931818181818182,17.045454545454543,71.02272727272727,52.84090909090909,18.181818181818183
E00088949,137,36,15,21,101,88,13,26.277372262773724,10.948905109489052,15.328467153284672,73.72262773722628,64.23357664233576,9.48905109489051
E00088950,160,42,13,29,118,102,16,26.25,8.125,18.125,73.75,63.74999999999999,10
E00088951,198,51,18,33,147,123,24,25.757575757575758,9.090909090909092,16.666666666666664,74.24242424242425,62.121212121212125,12.121212121212121
E00088952,148,42,19,23,106,84,22,28.37837837837838,12.837837837837837,15.54054054054054,71.62162162162163,56.75675675675676,14.864864864864865
E00088953,174,50,23,27,124,106,18,28.735632183908045,13.218390804597702,15.517241379310345,71.26436781609196,60.91954022988506,10.344827586206897
E00088954,138,45,21,24,93,73,20,32.608695652173914,15.217391304347828,17.391304347826086,67.3913043478261,52.89855072463768,14.492753623188406
E00088955,187,49,16,33,138,112,26,26.203208556149733,8.55614973262032,17.647058823529413,73.79679144385027,59.893048128342244,13.903743315508022
E00088956,153,49,20,29,104,85,19,32.02614379084967,13.071895424836603,18.954248366013072,67.97385620915033,55.55555555555556,12.418300653594772
E00088957,163,51,17,34,112,102,10,31.28834355828221,10.429447852760736,20.858895705521473,68.71165644171779,62.57668711656442,6.134969325153374
E00088958,184,62,21,41,122,99,23,33.69565217391305,11.41304347826087,22.282608695652172,66.30434782608695,53.80434782608695,12.5
E00088960,157,43,16,27,114,96,18,27.388535031847134,10.191082802547772,17.197452229299362,72.61146496815286,61.146496815286625,11.464968152866243
E00088961,158,53,13,40,105,93,12,33.54430379746836,8.227848101265822,25.31645569620253,66.45569620253164,58.86075949367089,7.59493670886076
E00088962,103,20,7,13,83,73,10,19.41747572815534,6.796116504854369,12.62135922330097,80.58252427184466,70.87378640776699,9.70873786407767
E00088963,153,39,15,24,114,95,19,25.49019607843137,9.803921568627452,15.686274509803921,74.50980392156863,62.091503267973856,12.418300653594772
E00088964,115,31,10,21,84,70,14,26.956521739130434,8.695652173913043,18.26086956521739,73.04347826086956,60.86956521739131,12.173913043478262
E00088965,129,41,13,28,88,73,15,31.782945736434108,10.077519379844961,21.705426356589147,68.21705426356588,56.58914728682171,11.627906976744185
E00088966,129,31,11,20,98,85,13,24.031007751937985,8.527131782945736,15.503875968992247,75.96899224806202,65.89147286821705,10.077519379844961
E00088967,139,46,18,28,93,77,16,33.093525179856115,12.949640287769784,20.14388489208633,66.90647482014388,55.39568345323741,11.510791366906476
E00088968,210,55,24,31,155,133,22,26.190476190476193,11.428571428571429,14.761904761904763,73.80952380952381,63.33333333333333,10.476190476190476
E00088969,167,47,15,32,120,101,19,28.143712574850298,8.982035928143713,19.16167664670659,71.8562874251497,60.47904191616767,11.377245508982035
E00088970,146,42,13,29,104,89,15,28.767123287671232,8.904109589041095,19.863013698630137,71.23287671232876,60.95890410958904,10.273972602739725
E00088971,184,43,18,25,141,112,29,23.369565217391305,9.782608695652174,13.586956521739129,76.63043478260869,60.86956521739131,15.760869565217392
E00088972,35,10,5,5,25,23,2,28.57142857142857,14.285714285714285,14.285714285714285,71.42857142857143,65.71428571428571,5.714285714285714
E00088973,187,40,17,23,147,134,13,21.390374331550802,9.090909090909092,12.299465240641712,78.6096256684492,71.65775401069519,6.951871657754011
E00088974,179,46,17,29,133,124,9,25.69832402234637,9.497206703910614,16.201117318435752,74.30167597765363,69.27374301675978,5.027932960893855
E00171372,217,50,21,29,167,139,28,23.04147465437788,9.67741935483871,13.36405529953917,76.95852534562212,64.0552995391705,12.903225806451612
E00171373,88,30,13,17,58,48,10,34.090909090909086,14.772727272727273,19.318181818181817,65.9090909090909,54.54545454545454,11.363636363636363
E00171374,73,25,7,18,48,42,6,34.24657534246575,9.58904109589041,24.65753424657534,65.75342465753424,57.534246575342465,8.21917808219178
E00171375,154,47,14,33,107,96,11,30.519480519480517,9.090909090909092,21.428571428571427,69.48051948051948,62.33766233766234,7.142857142857142
E00171376,250,79,31,48,171,137,34,31.6,12.4,19.2,68.4,54.800000000000004,13.600000000000001
E00171377,183,58,25,33,125,95,30,31.693989071038253,13.661202185792352,18.0327868852459,68.30601092896174,51.91256830601093,16.39344262295082
E00171379,149,28,15,13,121,103,18,18.79194630872483,10.06711409395973,8.724832214765101,81.20805369127517,69.12751677852349,12.080536912751679
E00171380,324,73,26,47,251,202,49,22.530864197530864,8.024691358024691,14.506172839506174,77.46913580246914,62.34567901234568,15.123456790123457
E00171381,197,52,26,26,145,119,26,26.39593908629442,13.19796954314721,13.19796954314721,73.60406091370558,60.40609137055838,13.19796954314721
E00171382,170,51,12,39,119,93,26,30,7.0588235294117645,22.941176470588236,70,54.70588235294118,15.294117647058824
E00171383,192,42,16,26,150,125,25,21.875,8.333333333333332,13.541666666666666,78.125,65.10416666666666,13.020833333333334
E00171384,177,53,23,30,124,95,29,29.943502824858758,12.994350282485875,16.94915254237288,70.05649717514125,53.672316384180796,16.38418079096045
E00171385,192,43,11,32,149,118,31,22.395833333333336,5.729166666666666,16.666666666666664,77.60416666666666,61.458333333333336,16.145833333333336
E00171386,216,74,29,45,142,121,21,34.25925925925926,13.425925925925927,20.833333333333336,65.74074074074075,56.018518518518526,9.722222222222223
E00171387,164,35,15,20,129,105,24,21.341463414634145,9.146341463414634,12.195121951219512,78.65853658536585,64.02439024390245,14.634146341463413
E00171388,193,37,8,29,156,135,21,19.170984455958546,4.145077720207254,15.025906735751295,80.82901554404145,69.94818652849742,10.880829015544041
E00171389,109,30,17,13,79,67,12,27.522935779816514,15.59633027522936,11.926605504587156,72.47706422018348,61.46788990825688,11.009174311926607
E00171390,124,39,18,21,85,70,15,31.451612903225808,14.516129032258066,16.93548387096774,68.54838709677419,56.451612903225815,12.096774193548388
E00171392,208,56,27,29,152,118,34,26.923076923076923,12.980769230769232,13.942307692307693,73.07692307692307,56.730769230769226,16.346153846153847
E00171393,153,44,19,25,109,88,21,28.75816993464052,12.418300653594772,16.33986928104575,71.24183006535948,57.51633986928104,13.725490196078432
E00171394,102,29,8,21,73,60,13,28.431372549019606,7.8431372549019605,20.588235294117645,71.56862745098039,58.82352941176471,12.745098039215685
E00171395,158,34,9,25,124,109,15,21.518987341772153,5.69620253164557,15.822784810126583,78.48101265822784,68.9873417721519,9.49367088607595
E00171396,162,31,12,19,131,110,21,19.1358024691358,7.4074074074074066,11.728395061728394,80.8641975308642,67.90123456790124,12.962962962962962
E00171398,166,51,23,28,115,101,14,30.72289156626506,13.855421686746988,16.867469879518072,69.27710843373494,60.8433734939759,8.433734939759036
E00171399,191,37,15,22,154,134,20,19.3717277486911,7.853403141361256,11.518324607329843,80.6282722513089,70.15706806282722,10.471204188481675
E00171400,171,40,16,24,131,104,27,23.391812865497073,9.35672514619883,14.035087719298245,76.60818713450293,60.81871345029239,15.789473684210526
E00171401,170,29,10,19,141,116,25,17.058823529411764,5.88235294117647,11.176470588235295,82.94117647058825,68.23529411764706,14.705882352941178
E00171402,161,45,11,34,116,106,10,27.95031055900621,6.832298136645963,21.11801242236025,72.04968944099379,65.83850931677019,6.211180124223603
E00171403,125,35,9,26,90,77,13,28.000000000000004,7.199999999999999,20.8,72,61.6,10.4
E00171404,203,45,14,31,158,138,20,22.167487684729064,6.896551724137931,15.270935960591133,77.83251231527095,67.98029556650246,9.852216748768473
E00171406,188,46,12,34,142,116,26,24.46808510638298,6.382978723404255,18.085106382978726,75.53191489361703,61.702127659574465,13.829787234042554
E00171407,141,22,7,15,119,104,15,15.602836879432624,4.964539007092199,10.638297872340425,84.39716312056737,73.75886524822694,10.638297872340425
E00171408,151,36,11,25,115,96,19,23.841059602649008,7.28476821192053,16.55629139072848,76.15894039735099,63.576158940397356,12.582781456953644
E00171410,235,68,17,51,167,148,19,28.936170212765955,7.234042553191489,21.70212765957447,71.06382978723404,62.97872340425532,8.085106382978724
E00171411,172,39,18,21,133,116,17,22.674418604651162,10.465116279069768,12.209302325581394,77.32558139534885,67.44186046511628,9.883720930232558
E00171412,95,19,5,14,76,68,8,20,5.263157894736842,14.736842105263156,80,71.57894736842105,8.421052631578947
E00171414,221,50,18,32,171,138,33,22.624434389140273,8.144796380090497,14.479638009049776,77.37556561085974,62.44343891402715,14.93212669683258
E00171415,265,72,26,46,193,173,20,27.169811320754718,9.811320754716983,17.358490566037734,72.83018867924528,65.28301886792453,7.547169811320755
E00171417,169,42,17,25,127,112,15,24.85207100591716,10.059171597633137,14.792899408284024,75.14792899408283,66.27218934911244,8.875739644970414
E00171418,201,40,17,23,161,132,29,19.900497512437813,8.45771144278607,11.442786069651742,80.09950248756219,65.67164179104478,14.427860696517413
E00177031,136,51,21,30,85,65,20,37.5,15.441176470588236,22.058823529411764,62.5,47.794117647058826,14.705882352941178
E00177032,225,53,13,40,172,139,33,23.555555555555554,5.777777777777778,17.77777777777778,76.44444444444444,61.77777777777778,14.666666666666666
E00177034,155,28,12,16,127,110,17,18.064516129032256,7.741935483870968,10.32258064516129,81.93548387096774,70.96774193548387,10.967741935483872
E00177035,118,27,8,19,91,79,12,22.88135593220339,6.779661016949152,16.101694915254235,77.11864406779661,66.94915254237289,10.16949152542373
E00177037,177,31,11,20,146,119,27,17.51412429378531,6.214689265536723,11.299435028248588,82.485875706214685,67.2316384180791,15.254237288135593
E00177038,68,29,16,13,39,35,4,42.64705882352941,23.52941176470588,19.11764705882353,57.35294117647059,51.470588235294116,5.88235294117647
E00177039,169,61,29,32,108,93,15,36.09467455621302,17.159763313609467,18.93491124260355,63.905325443786985,55.02958579881657,8.875739644970414
E00177041,135,19,5,14,116,104,12,14.074074074074074,3.7037037037037033,10.37037037037037,85.92592592592592,77.03703703703704,8.88888888888889
E00177042,216,48,18,30,168,137,31,22.22222222222222,8.333333333333332,13.88888888888889,77.77777777777779,63.42592592592593,14.351851851851851
E00177045,90,22,5,17,68,54,14,24.444444444444443,5.555555555555555,18.88888888888889,75.55555555555556,60,15.555555555555555
E00177047,149,32,14,18,117,103,14,21.476510067114095,9.395973154362416,12.080536912751679,78.52348993288591,69.12751677852349,9.395973154362416
E00177048,175,35,10,25,140,116,24,20,5.714285714285714,14.285714285714285,80,66.28571428571428,13.714285714285715
E00177049,218,47,19,28,171,141,30,21.55963302752294,8.715596330275229,12.844036697247708,78.44036697247707,64.6788990825688,13.761467889908257
E00177050,63,12,5,7,51,43,8,19.047619047619047,7.936507936507936,11.11111111111111,80.95238095238095,68.25396825396825,12.698412698412698
E00177051,190,39,8,31,151,130,21,20.526315789473685,4.2105263157894735,16.315789473684212,79.47368421052632,68.42105263157895,11.052631578947368
E00177052,221,56,23,33,165,137,28,25.339366515837103,10.407239819004525,14.93212669683258,74.6606334841629,61.990950226244344,12.669683257918551
E00177053,137,29,12,17,108,93,15,21.16788321167883,8.75912408759124,12.408759124087592,78.83211678832117,67.88321167883211,10.948905109489052
E00177054,349,82,24,58,267,226,41,23.49570200573066,6.876790830945559,16.6189111747851,76.50429799426934,64.75644699140402,11.74785100286533
E00177055,176,32,8,24,144,119,25,18.181818181818183,4.545454545454546,13.636363636363635,81.81818181818183,67.61363636363636,14.204545454545455
E00177056,204,41,12,29,163,136,27,20.098039215686274,5.88235294117647,14.215686274509803,79.90196078431373,66.66666666666666,13.23529411764706
E00177057,279,54,23,31,225,188,37,19.35483870967742,8.24372759856631,11.11111111111111,80.64516129032258,67.38351254480287,13.261648745519713
E00177058,285,64,21,43,221,191,30,22.45614035087719,7.368421052631578,15.087719298245613,77.54385964912281,67.01754385964912,10.526315789473683
E00177059,115,44,18,26,71,57,14,38.26086956521739,15.65217391304348,22.608695652173914,61.73913043478261,49.56521739130435,12.173913043478262
E00177060,166,41,11,30,125,109,16,24.69879518072289,6.626506024096386,18.072289156626507,75.30120481927712,65.66265060240963,9.63855421686747
E00177062,225,45,15,30,180,149,31,20,6.666666666666667,13.333333333333334,80,66.22222222222223,13.777777777777779
E00177063,27,6,0,6,21,13,8,22.22222222222222,0,22.22222222222222,77.77777777777779,48.148148148148145,29.629629629629626
E00177064,131,29,10,19,102,88,14,22.137404580152673,7.633587786259542,14.50381679389313,77.86259541984732,67.17557251908397,10.687022900763358
E00177065,181,48,19,29,133,110,23,26.519337016574585,10.497237569060774,16.022099447513813,73.48066298342542,60.773480662983424,12.70718232044199
E00177066,164,45,17,28,119,97,22,27.439024390243905,10.365853658536585,17.073170731707318,72.5609756097561,59.14634146341463,13.414634146341465
E00177067,310,69,19,50,241,207,34,22.258064516129032,6.129032258064516,16.129032258064516,77.74193548387098,66.77419354838709,10.967741935483872
E00177069,306,82,25,57,224,197,27,26.797385620915033,8.169934640522875,18.627450980392158,73.20261437908496,64.37908496732027,8.823529411764707
E00177071,259,58,20,38,201,184,17,22.393822393822393,7.722007722007722,14.671814671814673,77.60617760617761,71.04247104247105,6.563706563706563
E00177072,231,42,12,30,189,160,29,18.181818181818183,5.194805194805195,12.987012987012985,81.81818181818183,69.26406926406926,12.554112554112553
E00177073,320,68,24,44,252,214,38,21.25,7.5,13.750000000000002,78.75,66.875,11.875
E00177076,279,58,21,37,221,178,43,20.78853046594982,7.526881720430108,13.261648745519713,79.21146953405018,63.799283154121866,15.412186379928317
E00177080,145,30,11,19,115,96,19,20.689655172413794,7.586206896551724,13.10344827586207,79.3103448275862,66.20689655172414,13.10344827586207
E00177081,10,3,1,2,7,7,0,30,10,20,70,70,0
E00177082,137,40,13,27,97,78,19,29.1970802919708,9.48905109489051,19.708029197080293,70.8029197080292,56.934306569343065,13.86861313868613
E00177083,275,64,19,45,211,188,23,23.272727272727273,6.909090909090909,16.363636363636363,76.72727272727272,68.36363636363636,8.363636363636363
E00177084,98,32,8,24,66,57,9,32.6530612244898,8.16326530612245,24.489795918367346,67.3469387755102,58.16326530612245,9.183673469387756
E00177086,294,60,16,44,234,191,43,20.408163265306122,5.442176870748299,14.965986394557824,79.59183673469387,64.96598639455783,14.625850340136054
E00177087,83,15,7,8,68,56,12,18.072289156626507,8.433734939759036,9.63855421686747,81.92771084337349,67.46987951807229,14.457831325301203
E00177088,222,63,15,48,159,131,28,28.37837837837838,6.756756756756757,21.62162162162162,71.62162162162163,59.009009009009006,12.612612612612612
E00177090,109,32,14,18,77,63,14,29.357798165137616,12.844036697247708,16.51376146788991,70.64220183486239,57.798165137614674,12.844036697247708
E00177091,169,37,11,26,132,118,14,21.893491124260358,6.508875739644971,15.384615384615385,78.10650887573965,69.8224852071006,8.284023668639055
E00177092,161,31,12,19,130,113,17,19.25465838509317,7.453416149068323,11.801242236024844,80.74534161490683,70.1863354037267,10.559006211180124
E00177094,87,21,1,20,66,60,6,24.137931034482758,1.1494252873563218,22.988505747126435,75.86206896551724,68.96551724137932,6.896551724137931
E00177095,70,14,4,10,56,49,7,20,5.714285714285714,14.285714285714285,80,70,10
E00177096,189,38,7,31,151,135,16,20.105820105820104,3.7037037037037033,16.402116402116402,79.8941798941799,71.42857142857143,8.465608465608465
E00177098,385,62,22,40,323,286,37,16.103896103896105,5.714285714285714,10.38961038961039,83.8961038961039,74.28571428571429,9.61038961038961
E00177101,207,54,22,32,153,125,28,26.08695652173913,10.628019323671497,15.458937198067632,73.91304347826086,60.38647342995169,13.526570048309178
E00177103,39,16,5,11,23,22,1,41.02564102564102,12.82051282051282,28.205128205128204,58.97435897435898,56.41025641025641,2.564102564102564
E00177104,55,18,3,15,37,32,5,32.72727272727273,5.454545454545454,27.27272727272727,67.27272727272727,58.18181818181818,9.090909090909092
E00177105,360,64,22,42,296,239,57,17.77777777777778,6.111111111111111,11.666666666666666,82.22222222222221,66.38888888888889,15.833333333333332
E00177106,224,48,15,33,176,153,23,21.428571428571427,6.696428571428571,14.732142857142858,78.57142857142857,68.30357142857143,10.267857142857142
E00177107,145,31,11,20,114,100,14,21.379310344827587,7.586206896551724,13.793103448275861,78.62068965517241,68.96551724137932,9.655172413793103
E00177108,234,55,20,35,179,154,25,23.504273504273502,8.547008547008547,14.957264957264957,76.49572649572649,65.8119658119658,10.683760683760683
E00177110,153,46,18,28,107,93,14,30.065359477124183,11.76470588235294,18.30065359477124,69.93464052287581,60.78431372549019,9.15032679738562
E00177111,32,14,6,8,18,17,1,43.75,18.75,25,56.25,53.125,3.125
E00177113,72,20,10,10,52,45,7,27.77777777777778,13.88888888888889,13.88888888888889,72.22222222222221,62.5,9.722222222222223
E00177115,189,51,14,37,138,121,17,26.984126984126984,7.4074074074074066,19.576719576719576,73.01587301587301,64.02116402116403,8.994708994708994
E00177116,50,16,10,6,34,31,3,32,20,12,68,62,6
E00177117,353,75,23,52,278,234,44,21.246458923512748,6.515580736543909,14.730878186968837,78.75354107648725,66.28895184135978,12.464589235127479
E00177118,89,21,9,12,68,59,9,23.595505617977526,10.112359550561797,13.48314606741573,76.40449438202246,66.29213483146067,10.112359550561797
E00177119,86,11,5,6,75,61,14,12.790697674418606,5.813953488372093,6.976744186046512,87.20930232558139,70.93023255813954,16.27906976744186
E00177120,190,29,7,22,161,139,22,15.263157894736842,3.684210526315789,11.578947368421053,84.73684210526315,73.15789473684211,11.578947368421053
E00177121,132,39,11,28,93,81,12,29.545454545454547,8.333333333333332,21.21212121212121,70.45454545454545,61.36363636363637,9.090909090909092
E00177123,76,16,2,14,60,44,16,21.052631578947366,2.631578947368421,18.421052631578945,78.94736842105263,57.89473684210527,21.052631578947366
E00177124,206,35,10,25,171,153,18,16.990291262135923,4.854368932038835,12.135922330097088,83.00970873786407,74.27184466019418,8.737864077669903
E00177125,147,30,11,19,117,100,17,20.408163265306122,7.482993197278912,12.925170068027212,79.59183673469387,68.02721088435374,11.564625850340136
E00177126,129,40,17,23,89,80,9,31.007751937984494,13.178294573643413,17.829457364341085,68.9922480620155,62.01550387596899,6.976744186046512
E00177129,248,62,30,32,186,140,46,25,12.096774193548388,12.903225806451612,75,56.451612903225815,18.548387096774192
E00177130,289,60,16,44,229,196,33,20.761245674740483,5.536332179930796,15.22491349480969,79.23875432525952,67.82006920415225,11.418685121107266
E00177131,220,57,22,35,163,134,29,25.90909090909091,10,15.909090909090908,74.0909090909091,60.909090909090914,13.18181818181818
E00177132,314,60,20,40,254,215,39,19.10828025477707,6.369426751592357,12.738853503184714,80.89171974522293,68.47133757961782,12.420382165605096
E00177134,421,39,14,25,382,295,87,9.263657957244655,3.32541567695962,5.938242280285035,90.73634204275535,70.07125890736341,20.665083135391924
E00177135,151,46,17,29,105,87,18,30.4635761589404,11.258278145695364,19.205298013245034,69.5364238410596,57.615894039735096,11.920529801324504
E00177137,147,44,22,22,103,87,16,29.931972789115648,14.965986394557824,14.965986394557824,70.06802721088435,59.183673469387756,10.884353741496598
E00177138,316,77,33,44,239,196,43,24.367088607594937,10.443037974683545,13.924050632911392,75.63291139240506,62.0253164556962,13.60759493670886
E00177141,188,46,14,32,142,120,22,24.46808510638298,7.446808510638298,17.02127659574468,75.53191489361703,63.829787234042556,11.702127659574469
E00177142,326,69,25,44,257,211,46,21.165644171779142,7.668711656441718,13.496932515337424,78.83435582822086,64.7239263803681,14.11042944785276
E00177143,228,34,11,23,194,176,18,14.912280701754385,4.824561403508771,10.087719298245613,85.08771929824562,77.19298245614034,7.894736842105263
E00177144,282,48,12,36,234,197,37,17.02127659574468,4.25531914893617,12.76595744680851,82.97872340425532,69.8581560283688,13.120567375886525
E00177145,127,23,9,14,104,90,14,18.11023622047244,7.086614173228346,11.023622047244094,81.88976377952756,70.86614173228347,11.023622047244094
E00177147,139,36,6,30,103,92,11,25.899280575539567,4.316546762589928,21.58273381294964,74.10071942446042,66.18705035971223,7.913669064748201
E00177150,102,25,7,18,77,63,14,24.509803921568626,6.862745098039216,17.647058823529413,75.49019607843137,61.76470588235294,13.725490196078432
E00177152,288,74,21,53,214,177,37,25.694444444444443,7.291666666666667,18.40277777777778,74.30555555555556,61.458333333333336,12.847222222222221
E00177154,104,31,12,19,73,65,8,29.807692307692307,11.538461538461538,18.269230769230766,70.1923076923077,62.5,7.6923076923076925
E00177158,309,76,30,46,233,204,29,24.59546925566343,9.70873786407767,14.886731391585762,75.40453074433657,66.01941747572816,9.385113268608414
E00177160,167,45,9,36,122,101,21,26.94610778443114,5.389221556886228,21.55688622754491,73.05389221556887,60.47904191616767,12.574850299401197
E00177161,97,32,13,19,65,51,14,32.98969072164948,13.402061855670103,19.587628865979383,67.0103092783505,52.57731958762887,14.432989690721648
E00177162,225,55,13,42,170,142,28,24.444444444444443,5.777777777777778,18.666666666666668,75.55555555555556,63.11111111111111,12.444444444444445
E00177163,90,23,8,15,67,60,7,25.555555555555554,8.88888888888889,16.666666666666664,74.44444444444444,66.66666666666666,7.777777777777778
E00177164,235,63,20,43,172,139,33,26.80851063829787,8.51063829787234,18.29787234042553,73.19148936170212,59.148936170212764,14.042553191489363
E00177165,302,81,43,38,221,172,49,26.82119205298013,14.23841059602649,12.582781456953644,73.17880794701986,56.95364238410596,16.225165562913908
E00177166,399,51,16,35,348,313,35,12.781954887218044,4.010025062656641,8.771929824561402,87.21804511278195,78.44611528822055,8.771929824561402
E00177167,113,31,8,23,82,66,16,27.43362831858407,7.079646017699115,20.353982300884958,72.56637168141593,58.4070796460177,14.15929203539823
E00177168,82,28,16,12,54,40,14,34.146341463414636,19.51219512195122,14.634146341463413,65.85365853658537,48.78048780487805,17.073170731707318
E00177170,117,20,5,15,97,84,13,17.094017094017094,4.273504273504273,12.82051282051282,82.90598290598291,71.7948717948718,11.11111111111111
E00177171,334,77,20,57,257,217,40,23.053892215568865,5.9880239520958085,17.065868263473057,76.94610778443113,64.97005988023952,11.976047904191617
E00177172,242,64,17,47,178,147,31,26.446280991735538,7.024793388429752,19.421487603305785,73.55371900826447,60.74380165289256,12.8099173553719
E00177173,234,52,16,36,182,149,33,22.22222222222222,6.837606837606838,15.384615384615385,77.77777777777779,63.67521367521367,14.102564102564102
E00177174,73,9,4,5,64,54,10,12.32876712328767,5.47945205479452,6.8493150684931505,87.67123287671232,73.97260273972603,13.698630136986301
E00177175,89,24,8,16,65,56,9,26.96629213483146,8.98876404494382,17.97752808988764,73.03370786516854,62.92134831460674,10.112359550561797
E00177176,58,16,7,9,42,33,9,27.586206896551722,12.068965517241379,15.517241379310345,72.41379310344827,56.896551724137936,15.517241379310345
E00177177,53,10,0,10,43,36,7,18.867924528301888,0,18.867924528301888,81.13207547169812,67.9245283018868,13.20754716981132
E00177178,87,26,10,16,61,49,12,29.88505747126437,11.494252873563218,18.39080459770115,70.11494252873564,56.32183908045977,13.793103448275861
E00177179,162,36,14,22,126,106,20,22.22222222222222,8.641975308641975,13.580246913580247,77.77777777777779,65.4320987654321,12.345679012345679
E00177180,163,31,8,23,132,108,24,19.018404907975462,4.9079754601226995,14.11042944785276,80.98159509202453,66.25766871165644,14.723926380368098
E00177181,124,21,6,15,103,90,13,16.93548387096774,4.838709677419355,12.096774193548388,83.06451612903226,72.58064516129032,10.483870967741936
E00177182,375,66,26,40,309,264,45,17.599999999999998,6.933333333333333,10.666666666666668,82.39999999999999,70.39999999999999,12
E00177183,98,15,4,11,83,75,8,15.306122448979592,4.081632653061225,11.224489795918368,84.6938775510204,76.53061224489795,8.16326530612245
E00177184,113,17,11,6,96,86,10,15.04424778761062,9.734513274336283,5.3097345132743365,84.95575221238938,76.10619469026548,8.849557522123893
E00177186,328,102,33,69,226,195,31,31.097560975609756,10.060975609756099,21.036585365853657,68.90243902439023,59.45121951219512,9.451219512195122
E00177187,152,31,17,14,121,105,16,20.394736842105264,11.18421052631579,9.210526315789473,79.60526315789474,69.07894736842105,10.526315789473683
E00177188,134,35,10,25,99,88,11,26.119402985074625,7.462686567164178,18.65671641791045,73.88059701492537,65.67164179104478,8.208955223880597
E00177189,153,43,16,27,110,91,19,28.104575163398692,10.457516339869281,17.647058823529413,71.89542483660131,59.47712418300654,12.418300653594772
E00177190,197,42,9,33,155,135,20,21.31979695431472,4.568527918781726,16.751269035532996,78.68020304568529,68.52791878172589,10.152284263959391
E00177192,72,24,8,16,48,43,5,33.33333333333333,11.11111111111111,22.22222222222222,66.66666666666666,59.72222222222222,6.944444444444445
E00177193,135,38,18,20,97,85,12,28.14814814814815,13.333333333333334,14.814814814814813,71.85185185185186,62.96296296296296,8.88888888888889
E00177194,100,22,10,12,78,70,8,22,10,12,78,70,8
E00177195,279,69,24,45,210,178,32,24.731182795698924,8.60215053763441,16.129032258064516,75.26881720430107,63.799283154121866,11.469534050179211
E00177196,235,46,11,35,189,164,25,19.574468085106382,4.680851063829787,14.893617021276595,80.42553191489363,69.7872340425532,10.638297872340425
E00177199,229,42,11,31,187,167,20,18.340611353711793,4.8034934497816595,13.537117903930133,81.6593886462882,72.92576419213974,8.73362445414847
E00177200,174,49,13,36,125,107,18,28.160919540229884,7.471264367816093,20.689655172413794,71.83908045977012,61.49425287356321,10.344827586206897
E00177201,131,47,18,29,84,60,24,35.87786259541985,13.740458015267176,22.137404580152673,64.12213740458014,45.80152671755725,18.3206106870229
E00177202,159,37,7,30,122,96,26,23.270440251572328,4.40251572327044,18.867924528301888,76.72955974842768,60.37735849056604,16.352201257861633
E00177204,218,50,10,40,168,129,39,22.93577981651376,4.587155963302752,18.34862385321101,77.06422018348624,59.174311926605505,17.889908256880734
E00177206,236,85,27,58,151,129,22,36.016949152542374,11.440677966101696,24.576271186440678,63.983050847457626,54.66101694915254,9.322033898305085
E00177207,118,29,11,18,89,79,10,24.576271186440678,9.322033898305085,15.254237288135593,75.42372881355932,66.94915254237289,8.47457627118644
E00177208,148,16,8,8,132,115,17,10.81081081081081,5.405405405405405,5.405405405405405,89.1891891891892,77.7027027027027,11.486486486486488
E00177209,179,46,19,27,133,116,17,25.69832402234637,10.614525139664805,15.083798882681565,74.30167597765363,64.80446927374301,9.497206703910614
E00177210,209,34,11,23,175,151,24,16.267942583732058,5.263157894736842,11.004784688995215,83.73205741626795,72.24880382775119,11.483253588516746
E00177212,113,20,6,14,93,83,10,17.699115044247787,5.3097345132743365,12.389380530973451,82.30088495575221,73.45132743362832,8.849557522123893
E00177213,63,14,5,9,49,41,8,22.22222222222222,7.936507936507936,14.285714285714285,77.77777777777779,65.07936507936508,12.698412698412698
E00177214,269,55,13,42,214,185,29,20.44609665427509,4.83271375464684,15.613382899628252,79.5539033457249,68.77323420074349,10.780669144981413
E00177215,108,20,7,13,88,73,15,18.51851851851852,6.481481481481481,12.037037037037036,81.48148148148148,67.5925925925926,13.88888888888889
E00177216,210,58,24,34,152,124,28,27.61904761904762,11.428571428571429,16.19047619047619,72.38095238095238,59.04761904761905,13.333333333333334
E00177217,175,52,27,25,123,102,21,29.714285714285715,15.428571428571427,14.285714285714285,70.28571428571428,58.285714285714285,12
E00177223,366,66,24,42,300,250,50,18.0327868852459,6.557377049180328,11.475409836065573,81.9672131147541,68.30601092896174,13.661202185792352
E00177226,50,10,6,4,40,29,11,20,12,8,80,57.99999999999999,22
E00177227,257,61,17,44,196,170,26,23.73540856031128,6.614785992217899,17.120622568093385,76.26459143968872,66.14785992217898,10.116731517509727
E00177228,297,75,23,52,222,182,40,25.252525252525253,7.744107744107744,17.50841750841751,74.74747474747475,61.27946127946128,13.468013468013467
E00177229,59,17,8,9,42,35,7,28.8135593220339,13.559322033898304,15.254237288135593,71.1864406779661,59.32203389830508,11.864406779661017
E00177230,327,84,19,65,243,202,41,25.688073394495415,5.81039755351682,19.877675840978593,74.31192660550458,61.773700305810394,12.538226299694188
E00177231,132,15,5,10,117,102,15,11.363636363636363,3.787878787878788,7.575757575757576,88.63636363636364,77.27272727272727,11.363636363636363
E00177232,179,31,10,21,148,135,13,17.318435754189945,5.58659217877095,11.731843575418994,82.68156424581005,75.41899441340783,7.262569832402235
E00177233,283,49,13,36,234,199,35,17.314487632508836,4.593639575971731,12.7208480565371,82.68551236749117,70.31802120141343,12.36749116607774
