OA,ts0590001,ts0590002,ts0590003,ts0590004,ts0590005,ts0590006,ts0590007,ts0590002_PCT,ts0590003_PCT,ts0590004_PCT,ts0590005_PCT,ts0590006_PCT,ts0590007_PCT
E00123153,176,48,22,26,128,104,24,27.27272727272727,12.5,14.772727272727273,72.72727272727273,59.09090909090909,13.636363636363635
E00123154,201,43,14,29,158,128,30,21.393034825870647,6.965174129353234,14.427860696517413,78.60696517412936,63.681592039801,14.925373134328357
E00123155,173,54,18,36,119,103,16,31.213872832369944,10.404624277456648,20.809248554913296,68.78612716763006,59.53757225433526,9.248554913294797
E00123156,170,54,21,33,116,100,16,31.76470588235294,12.352941176470589,19.411764705882355,68.23529411764706,58.82352941176471,9.411764705882353
E00123157,252,79,26,53,173,141,32,31.349206349206348,10.317460317460316,21.03174603174603,68.65079365079364,55.952380952380956,12.698412698412698
E00123158,113,32,11,21,81,68,13,28.31858407079646,9.734513274336283,18.58407079646018,71.68141592920354,60.17699115044248,11.504424778761061
E00123159,142,36,12,24,106,90,16,25.352112676056336,8.450704225352112,16.901408450704224,74.64788732394366,63.38028169014085,11.267605633802818
E00123160,176,52,14,38,124,100,24,29.545454545454547,7.954545454545454,21.59090909090909,70.45454545454545,56.81818181818182,13.636363636363635
E00123161,121,37,17,20,84,72,12,30.57851239669421,14.049586776859504,16.528925619834713,69.42148760330579,59.50413223140496,9.917355371900827
E00123162,174,40,7,33,134,121,13,22.988505747126435,4.022988505747127,18.96551724137931,77.01149425287356,69.54022988505747,7.471264367816093
E00123163,167,47,13,34,120,91,29,28.143712574850298,7.784431137724551,20.359281437125748,71.8562874251497,54.49101796407185,17.365269461077844
E00123164,254,68,24,44,186,150,36,26.77165354330709,9.448818897637794,17.322834645669293,73.22834645669292,59.055118110236215,14.173228346456693
E00123165,220,51,13,38,169,141,28,23.18181818181818,5.909090909090909,17.272727272727273,76.81818181818181,64.0909090909091,12.727272727272727
E00123166,72,22,8,14,50,44,6,30.555555555555557,11.11111111111111,19.444444444444446,69.44444444444444,61.111111111111114,8.333333333333332
E00123167,184,49,17,32,135,109,26,26.6304347826087,9.239130434782608,17.391304347826086,73.36956521739131,59.2391304347826,14.130434782608695
E00123168,200,53,20,33,147,117,30,26.5,10,16.5,73.5,58.5,15
E00123169,172,50,18,32,122,100,22,29.069767441860467,10.465116279069768,18.6046511627907,70.93023255813954,58.139534883720934,12.790697674418606
E00123170,51,19,9,10,32,24,8,37.254901960784316,17.647058823529413,19.607843137254903,62.745098039215684,47.05882352941176,15.686274509803921
E00123171,149,46,16,30,103,76,27,30.87248322147651,10.738255033557047,20.13422818791946,69.12751677852349,51.006711409395976,18.120805369127517
E00123172,167,37,15,22,130,112,18,22.15568862275449,8.982035928143713,13.17365269461078,77.84431137724552,67.06586826347305,10.778443113772456
E00123173,95,28,15,13,67,55,12,29.47368421052631,15.789473684210526,13.684210526315791,70.52631578947368,57.89473684210527,12.631578947368421
E00123174,147,42,15,27,105,86,19,28.57142857142857,10.204081632653061,18.367346938775512,71.42857142857143,58.50340136054422,12.925170068027212
E00123175,161,51,25,26,110,94,16,31.67701863354037,15.527950310559005,16.149068322981368,68.32298136645963,58.38509316770186,9.937888198757763
E00123176,137,42,8,34,95,83,12,30.656934306569344,5.839416058394161,24.817518248175183,69.34306569343066,60.58394160583942,8.75912408759124
E00123177,94,21,10,11,73,59,14,22.340425531914892,10.638297872340425,11.702127659574469,77.6595744680851,62.76595744680851,14.893617021276595
E00123178,106,38,15,23,68,61,7,35.84905660377358,14.150943396226415,21.69811320754717,64.15094339622641,57.54716981132076,6.60377358490566
E00123179,141,45,14,31,96,82,14,31.914893617021278,9.929078014184398,21.98581560283688,68.08510638297872,58.156028368794324,9.929078014184398
E00123180,135,36,8,28,99,85,14,26.666666666666668,5.9259259259259265,20.74074074074074,73.33333333333333,62.96296296296296,10.37037037037037
E00123181,126,37,16,21,89,71,18,29.365079365079367,12.698412698412698,16.666666666666664,70.63492063492063,56.34920634920635,14.285714285714285
E00123182,134,49,16,33,85,75,10,36.56716417910448,11.940298507462686,24.62686567164179,63.43283582089553,55.970149253731336,7.462686567164178
E00123183,164,39,13,26,125,103,22,23.78048780487805,7.926829268292683,15.853658536585366,76.21951219512195,62.80487804878049,13.414634146341465
E00123184,130,40,12,28,90,75,15,30.76923076923077,9.230769230769232,21.53846153846154,69.23076923076923,57.692307692307686,11.538461538461538
E00123185,122,33,14,19,89,74,15,27.049180327868854,11.475409836065573,15.573770491803279,72.95081967213115,60.65573770491803,12.295081967213115
E00123186,133,42,16,26,91,77,14,31.57894736842105,12.030075187969924,19.548872180451127,68.42105263157895,57.89473684210527,10.526315789473683
E00123187,150,56,20,36,94,78,16,37.333333333333336,13.333333333333334,24,62.66666666666667,52,10.666666666666668
E00123188,147,45,11,34,102,87,15,30.612244897959183,7.482993197278912,23.12925170068027,69.38775510204081,59.183673469387756,10.204081632653061
E00123189,110,32,9,23,78,62,16,29.09090909090909,8.181818181818182,20.909090909090907,70.9090909090909,56.36363636363636,14.545454545454545
E00123190,134,38,7,31,96,77,19,28.35820895522388,5.223880597014925,23.134328358208954,71.64179104477611,57.46268656716418,14.17910447761194
E00123191,122,37,17,20,85,68,17,30.327868852459016,13.934426229508196,16.39344262295082,69.67213114754098,55.73770491803278,13.934426229508196
E00123192,158,54,24,30,104,89,15,34.177215189873415,15.18987341772152,18.9873417721519,65.82278481012658,56.32911392405063,9.49367088607595
E00123193,147,48,15,33,99,85,14,32.6530612244898,10.204081632653061,22.448979591836736,67.3469387755102,57.82312925170068,9.523809523809524
E00123194,168,59,15,44,109,92,17,35.11904761904761,8.928571428571429,26.190476190476193,64.88095238095238,54.761904761904766,10.119047619047619
E00123195,107,40,14,26,67,58,9,37.38317757009346,13.084112149532709,24.299065420560748,62.616822429906534,54.20560747663551,8.411214953271028
E00123196,122,34,7,27,88,76,12,27.86885245901639,5.737704918032787,22.131147540983605,72.1311475409836,62.295081967213115,9.836065573770492
E00123197,125,42,15,27,83,66,17,33.6,12,21.6,66.4,52.800000000000004,13.600000000000001
E00123198,158,50,9,41,108,78,30,31.645569620253166,5.69620253164557,25.949367088607595,68.35443037974683,49.36708860759494,18.9873417721519
E00123199,132,45,15,30,87,73,14,34.090909090909086,11.363636363636363,22.727272727272727,65.9090909090909,55.3030303030303,10.606060606060606
E00123200,164,58,19,39,106,86,20,35.36585365853659,11.585365853658537,23.78048780487805,64.63414634146342,52.4390243902439,12.195121951219512
E00123201,131,51,25,26,80,66,14,38.93129770992366,19.083969465648856,19.84732824427481,61.06870229007634,50.38167938931297,10.687022900763358
E00123202,189,54,18,36,135,94,41,28.57142857142857,9.523809523809524,19.047619047619047,71.42857142857143,49.735449735449734,21.693121693121693
E00123203,111,34,11,23,77,57,20,30.630630630630627,9.90990990990991,20.72072072072072,69.36936936936937,51.35135135135135,18.01801801801802
E00123204,195,40,15,25,155,128,27,20.51282051282051,7.6923076923076925,12.82051282051282,79.48717948717949,65.64102564102564,13.846153846153847
E00123205,157,53,21,32,104,83,21,33.75796178343949,13.375796178343949,20.382165605095544,66.2420382165605,52.86624203821656,13.375796178343949
E00123206,132,43,16,27,89,75,14,32.57575757575758,12.121212121212121,20.454545454545457,67.42424242424242,56.81818181818182,10.606060606060606
E00123207,109,28,8,20,81,70,11,25.688073394495415,7.339449541284404,18.34862385321101,74.31192660550458,64.22018348623854,10.091743119266056
E00123208,128,41,24,17,87,66,21,32.03125,18.75,13.28125,67.96875,51.5625,16.40625
E00123209,72,18,3,15,54,46,8,25,4.166666666666666,20.833333333333336,75,63.888888888888886,11.11111111111111
E00123210,112,33,10,23,79,72,7,29.464285714285715,8.928571428571429,20.535714285714285,70.53571428571429,64.28571428571429,6.25
E00123211,155,42,18,24,113,97,16,27.09677419354839,11.612903225806452,15.483870967741936,72.90322580645162,62.58064516129033,10.32258064516129
E00123212,134,48,17,31,86,67,19,35.82089552238806,12.686567164179104,23.134328358208954,64.17910447761194,50,14.17910447761194
E00123213,120,36,17,19,84,69,15,30,14.166666666666666,15.833333333333332,70,57.49999999999999,12.5
E00123214,141,49,18,31,92,77,15,34.751773049645394,12.76595744680851,21.98581560283688,65.24822695035462,54.60992907801418,10.638297872340425
E00123215,186,47,17,30,139,108,31,25.268817204301076,9.13978494623656,16.129032258064516,74.73118279569893,58.06451612903226,16.666666666666664
E00123216,159,51,17,34,108,88,20,32.075471698113205,10.69182389937107,21.38364779874214,67.9245283018868,55.34591194968554,12.578616352201259
E00123217,131,31,11,20,100,86,14,23.66412213740458,8.396946564885496,15.267175572519085,76.33587786259542,65.64885496183206,10.687022900763358
E00123218,124,42,14,28,82,71,11,33.87096774193548,11.29032258064516,22.58064516129032,66.12903225806451,57.25806451612904,8.870967741935484
E00123219,154,46,14,32,108,82,26,29.87012987012987,9.090909090909092,20.77922077922078,70.12987012987013,53.246753246753244,16.883116883116884
E00123220,126,39,11,28,87,66,21,30.952380952380953,8.73015873015873,22.22222222222222,69.04761904761905,52.38095238095239,16.666666666666664
E00123221,127,33,11,22,94,76,18,25.984251968503933,8.661417322834646,17.322834645669293,74.01574803149606,59.84251968503938,14.173228346456693
E00123222,168,47,22,25,121,96,25,27.976190476190478,13.095238095238097,14.880952380952381,72.02380952380952,57.14285714285714,14.880952380952381
E00123223,174,63,23,40,111,83,28,36.206896551724135,13.218390804597702,22.988505747126435,63.793103448275865,47.701149425287355,16.091954022988507
E00123224,119,34,14,20,85,68,17,28.57142857142857,11.76470588235294,16.80672268907563,71.42857142857143,57.14285714285714,14.285714285714285
E00123225,118,27,12,15,91,64,27,22.88135593220339,10.16949152542373,12.711864406779661,77.11864406779661,54.23728813559322,22.88135593220339
E00123226,106,31,14,17,75,66,9,29.245283018867923,13.20754716981132,16.037735849056602,70.75471698113208,62.264150943396224,8.49056603773585
E00123227,135,43,23,20,92,79,13,31.851851851851855,17.037037037037038,14.814814814814813,68.14814814814815,58.51851851851851,9.62962962962963
E00123228,240,67,25,42,173,136,37,27.916666666666668,10.416666666666668,17.5,72.08333333333333,56.666666666666664,15.416666666666668
E00123229,140,57,22,35,83,62,21,40.714285714285715,15.714285714285714,25,59.285714285714285,44.285714285714285,15
E00123230,117,38,14,24,79,68,11,32.47863247863248,11.965811965811966,20.51282051282051,67.52136752136752,58.119658119658126,9.401709401709402
E00123231,146,47,13,34,99,82,17,32.19178082191781,8.904109589041095,23.28767123287671,67.8082191780822,56.16438356164384,11.643835616438356
E00123232,152,47,13,34,105,82,23,30.92105263157895,8.552631578947368,22.36842105263158,69.07894736842105,53.94736842105263,15.131578947368421
E00123233,126,43,12,31,83,65,18,34.12698412698413,9.523809523809524,24.6031746031746,65.87301587301587,51.587301587301596,14.285714285714285
E00123234,129,40,21,19,89,67,22,31.007751937984494,16.27906976744186,14.728682170542637,68.9922480620155,51.93798449612403,17.05426356589147
E00123235,107,40,18,22,67,54,13,37.38317757009346,16.822429906542055,20.5607476635514,62.616822429906534,50.467289719626166,12.149532710280374
E00123236,177,55,25,30,122,88,34,31.07344632768362,14.124293785310735,16.94915254237288,68.92655367231639,49.717514124293785,19.2090395480226
E00123237,293,96,33,63,197,146,51,32.76450511945392,11.262798634812286,21.501706484641637,67.23549488054607,49.829351535836174,17.4061433447099
E00123238,216,72,32,40,144,106,38,33.33333333333333,14.814814814814813,18.51851851851852,66.66666666666666,49.074074074074076,17.59259259259259
E00123239,143,36,14,22,107,85,22,25.174825174825177,9.79020979020979,15.384615384615385,74.82517482517483,59.44055944055944,15.384615384615385
E00123240,185,53,23,30,132,97,35,28.64864864864865,12.432432432432433,16.216216216216218,71.35135135135135,52.43243243243243,18.91891891891892
E00123241,106,35,16,19,71,61,10,33.0188679245283,15.09433962264151,17.92452830188679,66.98113207547169,57.54716981132076,9.433962264150944
E00123242,91,32,15,17,59,47,12,35.16483516483517,16.483516483516482,18.681318681318682,64.83516483516483,51.64835164835166,13.186813186813188
E00123243,183,57,28,29,126,105,21,31.147540983606557,15.300546448087433,15.846994535519126,68.85245901639344,57.377049180327866,11.475409836065573
E00123244,154,39,9,30,115,97,18,25.324675324675322,5.844155844155844,19.480519480519483,74.67532467532467,62.98701298701299,11.688311688311687
E00123245,123,35,20,15,88,69,19,28.455284552845526,16.260162601626014,12.195121951219512,71.54471544715447,56.09756097560976,15.447154471544716
E00123246,210,67,25,42,143,122,21,31.9047619047619,11.904761904761903,20,68.0952380952381,58.0952380952381,10
E00123247,198,55,23,32,143,125,18,27.77777777777778,11.616161616161616,16.161616161616163,72.22222222222221,63.13131313131313,9.090909090909092
E00123248,158,49,18,31,109,93,16,31.0126582278481,11.39240506329114,19.62025316455696,68.9873417721519,58.86075949367089,10.126582278481013
E00123249,107,28,7,21,79,68,11,26.168224299065418,6.5420560747663545,19.626168224299064,73.83177570093457,63.55140186915887,10.2803738317757
E00123250,158,40,7,33,118,101,17,25.31645569620253,4.430379746835443,20.88607594936709,74.68354430379746,63.92405063291139,10.759493670886076
E00123251,153,42,10,32,111,99,12,27.450980392156865,6.535947712418301,20.915032679738562,72.54901960784314,64.70588235294117,7.8431372549019605
E00123252,180,55,21,34,125,99,26,30.555555555555557,11.666666666666666,18.88888888888889,69.44444444444444,55.00000000000001,14.444444444444443
E00123253,96,30,8,22,66,58,8,31.25,8.333333333333332,22.916666666666664,68.75,60.416666666666664,8.333333333333332
E00123254,121,39,11,28,82,72,10,32.231404958677686,9.090909090909092,23.140495867768596,67.76859504132231,59.50413223140496,8.264462809917356
E00123255,175,52,13,39,123,107,16,29.714285714285715,7.428571428571429,22.285714285714285,70.28571428571428,61.142857142857146,9.142857142857142
E00123256,146,38,15,23,108,95,13,26.027397260273972,10.273972602739725,15.753424657534246,73.97260273972603,65.06849315068493,8.904109589041095
E00123257,165,43,14,29,122,110,12,26.060606060606062,8.484848484848486,17.575757575757574,73.93939393939394,66.66666666666666,7.2727272727272725
E00123258,178,45,14,31,133,107,26,25.280898876404496,7.865168539325842,17.415730337078653,74.71910112359551,60.1123595505618,14.606741573033707
E00123260,175,49,13,36,126,104,22,28.000000000000004,7.428571428571429,20.57142857142857,72,59.42857142857143,12.571428571428573
E00123261,127,41,16,25,86,67,19,32.28346456692913,12.598425196850393,19.68503937007874,67.71653543307087,52.75590551181102,14.960629921259844
E00123262,296,84,33,51,212,173,39,28.37837837837838,11.14864864864865,17.22972972972973,71.62162162162163,58.445945945945944,13.175675675675674
E00123263,135,28,9,19,107,87,20,20.74074074074074,6.666666666666667,14.074074074074074,79.25925925925927,64.44444444444444,14.814814814814813
E00123264,106,35,13,22,71,64,7,33.0188679245283,12.264150943396226,20.754716981132077,66.98113207547169,60.37735849056604,6.60377358490566
E00123265,91,30,12,18,61,54,7,32.967032967032964,13.186813186813188,19.78021978021978,67.03296703296702,59.34065934065934,7.6923076923076925
E00123266,88,34,10,24,54,51,3,38.63636363636363,11.363636363636363,27.27272727272727,61.36363636363637,57.95454545454546,3.4090909090909087
E00123267,100,32,10,22,68,55,13,32,10,22,68,55.00000000000001,13
E00123268,136,40,14,26,96,86,10,29.411764705882355,10.294117647058822,19.11764705882353,70.58823529411765,63.23529411764706,7.352941176470589
E00123269,175,45,17,28,130,111,19,25.71428571428571,9.714285714285714,16,74.28571428571429,63.42857142857142,10.857142857142858
E00123270,99,31,8,23,68,59,9,31.313131313131315,8.080808080808081,23.232323232323232,68.68686868686868,59.59595959595959,9.090909090909092
E00123271,166,55,20,35,111,86,25,33.13253012048193,12.048192771084338,21.084337349397593,66.86746987951807,51.80722891566265,15.060240963855422
E00123272,164,39,14,25,125,106,19,23.78048780487805,8.536585365853659,15.24390243902439,76.21951219512195,64.63414634146342,11.585365853658537
E00123273,152,43,15,28,109,90,19,28.289473684210524,9.868421052631579,18.421052631578945,71.71052631578947,59.210526315789465,12.5
E00123274,163,46,14,32,117,97,20,28.22085889570552,8.588957055214724,19.631901840490798,71.77914110429448,59.50920245398773,12.269938650306749
E00123275,120,26,6,20,94,76,18,21.666666666666668,5,16.666666666666664,78.33333333333333,63.33333333333333,15
E00123276,167,51,14,37,116,92,24,30.538922155688624,8.383233532934131,22.15568862275449,69.46107784431138,55.08982035928144,14.37125748502994
E00123277,96,38,11,27,58,47,11,39.58333333333333,11.458333333333332,28.125,60.416666666666664,48.95833333333333,11.458333333333332
E00123278,186,51,16,35,135,111,24,27.419354838709676,8.60215053763441,18.817204301075268,72.58064516129032,59.67741935483871,12.903225806451612
E00123279,147,42,13,29,105,92,13,28.57142857142857,8.843537414965986,19.727891156462583,71.42857142857143,62.585034013605444,8.843537414965986
E00123280,158,37,15,22,121,100,21,23.417721518987342,9.49367088607595,13.924050632911392,76.58227848101265,63.29113924050633,13.291139240506327
E00123282,143,49,9,40,94,79,15,34.26573426573427,6.293706293706294,27.972027972027973,65.73426573426573,55.24475524475524,10.48951048951049
E00123283,160,45,11,34,115,101,14,28.125,6.875000000000001,21.25,71.875,63.125,8.75
E00123284,188,49,17,32,139,112,27,26.063829787234045,9.042553191489363,17.02127659574468,73.93617021276596,59.57446808510638,14.361702127659576
E00123285,156,47,10,37,109,94,15,30.128205128205128,6.41025641025641,23.717948717948715,69.87179487179486,60.256410256410255,9.615384615384617
E00123286,260,78,29,49,182,156,26,30,11.153846153846155,18.846153846153847,70,60,10
E00123287,171,45,19,26,126,109,17,26.31578947368421,11.11111111111111,15.204678362573098,73.68421052631578,63.74269005847953,9.941520467836257
E00123288,171,50,13,37,121,103,18,29.239766081871345,7.602339181286549,21.637426900584796,70.76023391812866,60.23391812865497,10.526315789473683
E00123289,175,66,18,48,109,89,20,37.714285714285715,10.285714285714285,27.42857142857143,62.28571428571429,50.857142857142854,11.428571428571429
E00123290,187,54,16,38,133,110,23,28.87700534759358,8.55614973262032,20.32085561497326,71.12299465240642,58.82352941176471,12.299465240641712
E00123291,150,44,6,38,106,93,13,29.333333333333332,4,25.333333333333336,70.66666666666667,62,8.666666666666668
E00123292,131,41,11,30,90,79,11,31.297709923664126,8.396946564885496,22.900763358778626,68.70229007633588,60.30534351145038,8.396946564885496
E00123293,102,26,9,17,76,68,8,25.49019607843137,8.823529411764707,16.666666666666664,74.50980392156863,66.66666666666666,7.8431372549019605
E00123294,178,45,16,29,133,108,25,25.280898876404496,8.98876404494382,16.292134831460675,74.71910112359551,60.67415730337079,14.04494382022472
E00123295,131,36,12,24,95,70,25,27.480916030534353,9.16030534351145,18.3206106870229,72.51908396946564,53.43511450381679,19.083969465648856
E00123296,154,31,10,21,123,112,11,20.12987012987013,6.493506493506493,13.636363636363635,79.87012987012987,72.72727272727273,7.142857142857142
E00123297,213,60,22,38,153,126,27,28.169014084507044,10.328638497652582,17.84037558685446,71.83098591549296,59.154929577464785,12.676056338028168
E00123298,113,32,5,27,81,69,12,28.31858407079646,4.424778761061947,23.893805309734514,71.68141592920354,61.06194690265486,10.619469026548673
E00123299,117,34,16,18,83,63,20,29.059829059829063,13.675213675213676,15.384615384615385,70.94017094017094,53.84615384615385,17.094017094017094
E00123300,159,42,18,24,117,102,15,26.41509433962264,11.320754716981133,15.09433962264151,73.58490566037736,64.15094339622641,9.433962264150944
E00123301,94,39,11,28,55,46,9,41.48936170212766,11.702127659574469,29.78723404255319,58.51063829787234,48.93617021276596,9.574468085106384
E00123302,149,36,13,23,113,90,23,24.161073825503358,8.724832214765101,15.436241610738255,75.83892617449665,60.40268456375839,15.436241610738255
E00123303,107,33,11,22,74,58,16,30.8411214953271,10.2803738317757,20.5607476635514,69.1588785046729,54.20560747663551,14.953271028037381
E00123304,192,58,20,38,134,111,23,30.208333333333332,10.416666666666668,19.791666666666664,69.79166666666666,57.8125,11.979166666666668
E00123305,175,48,14,34,127,103,24,27.42857142857143,8,19.428571428571427,72.57142857142857,58.857142857142854,13.714285714285715
E00123306,86,27,12,15,59,45,14,31.3953488372093,13.953488372093023,17.441860465116278,68.6046511627907,52.32558139534884,16.27906976744186
E00123307,102,26,7,19,76,62,14,25.49019607843137,6.862745098039216,18.627450980392158,74.50980392156863,60.78431372549019,13.725490196078432
E00123308,173,53,18,35,120,109,11,30.63583815028902,10.404624277456648,20.23121387283237,69.36416184971098,63.005780346820806,6.358381502890173
E00123309,142,47,20,27,95,82,13,33.098591549295776,14.084507042253522,19.014084507042252,66.90140845070422,57.74647887323944,9.15492957746479
E00123310,50,9,3,6,41,35,6,18,6,12,82,70,12
E00123311,233,58,21,37,175,147,28,24.892703862660944,9.012875536480687,15.879828326180256,75.10729613733905,63.0901287553648,12.017167381974248
E00123312,197,55,16,39,142,106,36,27.918781725888326,8.121827411167512,19.796954314720814,72.08121827411168,53.80710659898477,18.274111675126903
E00123314,261,64,27,37,197,161,36,24.521072796934863,10.344827586206897,14.17624521072797,75.47892720306514,61.68582375478927,13.793103448275861
E00123315,222,55,23,32,167,131,36,24.774774774774773,10.36036036036036,14.414414414414415,75.22522522522522,59.009009009009006,16.216216216216218
E00123316,82,25,9,16,57,52,5,30.48780487804878,10.975609756097562,19.51219512195122,69.51219512195121,63.41463414634146,6.097560975609756
E00123317,117,27,10,17,90,82,8,23.076923076923077,8.547008547008547,14.529914529914532,76.92307692307693,70.08547008547008,6.837606837606838
E00123318,259,88,32,56,171,144,27,33.97683397683397,12.355212355212355,21.62162162162162,66.02316602316603,55.5984555984556,10.424710424710424
E00123319,231,47,18,29,184,148,36,20.346320346320347,7.792207792207792,12.554112554112553,79.65367965367966,64.06926406926407,15.584415584415584
E00123320,158,49,17,32,109,85,24,31.0126582278481,10.759493670886076,20.253164556962027,68.9873417721519,53.79746835443038,15.18987341772152
E00123321,159,56,25,31,103,87,16,35.22012578616352,15.723270440251572,19.49685534591195,64.77987421383648,54.71698113207547,10.062893081761008
E00123323,159,32,13,19,127,100,27,20.125786163522015,8.176100628930817,11.949685534591195,79.87421383647799,62.893081761006286,16.9811320754717
E00123324,201,54,17,37,147,123,24,26.865671641791046,8.45771144278607,18.407960199004975,73.13432835820896,61.19402985074627,11.940298507462686
E00123325,147,36,11,25,111,96,15,24.489795918367346,7.482993197278912,17.006802721088434,75.51020408163265,65.3061224489796,10.204081632653061
E00123326,188,62,23,39,126,104,22,32.97872340425532,12.23404255319149,20.74468085106383,67.02127659574468,55.319148936170215,11.702127659574469
E00123327,151,34,16,18,117,95,22,22.516556291390728,10.596026490066226,11.920529801324504,77.48344370860927,62.913907284768214,14.56953642384106
E00123328,198,56,20,36,142,107,35,28.28282828282828,10.1010101010101,18.181818181818183,71.71717171717171,54.04040404040404,17.67676767676768
E00123329,184,41,15,26,143,109,34,22.282608695652172,8.152173913043478,14.130434782608695,77.71739130434783,59.2391304347826,18.478260869565215
E00123331,220,43,9,34,177,143,34,19.545454545454547,4.090909090909091,15.454545454545453,80.45454545454545,65,15.454545454545453
E00123332,157,45,14,31,112,91,21,28.662420382165603,8.9171974522293,19.745222929936308,71.3375796178344,57.961783439490446,13.375796178343949
E00123333,205,72,38,34,133,106,27,35.12195121951219,18.536585365853657,16.585365853658537,64.8780487804878,51.707317073170735,13.170731707317074
E00123334,210,59,20,39,151,120,31,28.095238095238095,9.523809523809524,18.571428571428573,71.9047619047619,57.14285714285714,14.761904761904763
E00123335,125,49,14,35,76,70,6,39.2,11.200000000000001,28.000000000000004,60.8,56.00000000000001,4.8
E00123336,181,46,13,33,135,106,29,25.41436464088398,7.18232044198895,18.23204419889503,74.58563535911603,58.5635359116022,16.022099447513813
E00123337,94,25,7,18,69,60,9,26.595744680851062,7.446808510638298,19.148936170212767,73.40425531914893,63.829787234042556,9.574468085106384
E00123338,74,24,5,19,50,38,12,32.432432432432435,6.756756756756757,25.675675675675674,67.56756756756756,51.35135135135135,16.216216216216218
E00123341,100,37,6,31,63,51,12,37,6,31,63,51,12
E00123342,163,53,19,34,110,93,17,32.515337423312886,11.65644171779141,20.858895705521473,67.48466257668711,57.05521472392638,10.429447852760736
E00123343,126,39,9,30,87,70,17,30.952380952380953,7.142857142857142,23.809523809523807,69.04761904761905,55.55555555555556,13.492063492063492
E00123344,141,34,13,21,107,97,10,24.113475177304963,9.219858156028367,14.893617021276595,75.88652482269504,68.79432624113475,7.092198581560284
E00123345,183,57,17,40,126,102,24,31.147540983606557,9.289617486338798,21.85792349726776,68.85245901639344,55.73770491803278,13.114754098360656
E00123346,178,67,19,48,111,93,18,37.640449438202246,10.674157303370785,26.96629213483146,62.35955056179775,52.24719101123596,10.112359550561797
E00123347,145,63,26,37,82,71,11,43.44827586206896,17.93103448275862,25.517241379310345,56.55172413793104,48.96551724137931,7.586206896551724
E00123349,278,58,19,39,220,183,37,20.863309352517987,6.83453237410072,14.028776978417264,79.13669064748201,65.82733812949641,13.309352517985612
E00123350,143,44,10,34,99,83,16,30.76923076923077,6.993006993006993,23.776223776223777,69.23076923076923,58.04195804195804,11.188811188811188
E00123351,169,46,18,28,123,97,26,27.218934911242602,10.650887573964498,16.56804733727811,72.7810650887574,57.396449704142015,15.384615384615385
E00123352,160,45,11,34,115,97,18,28.125,6.875000000000001,21.25,71.875,60.62499999999999,11.25
E00123353,148,44,13,31,104,84,20,29.72972972972973,8.783783783783784,20.945945945945947,70.27027027027027,56.75675675675676,13.513513513513514
E00123354,215,76,21,55,139,114,25,35.348837209302324,9.767441860465116,25.581395348837212,64.65116279069767,53.02325581395348,11.627906976744185
E00123355,168,52,17,35,116,96,20,30.952380952380953,10.119047619047619,20.833333333333336,69.04761904761905,57.14285714285714,11.904761904761903
E00123356,185,58,18,40,127,98,29,31.351351351351354,9.72972972972973,21.62162162162162,68.64864864864865,52.972972972972975,15.675675675675677
E00123357,185,60,26,34,125,96,29,32.432432432432435,14.054054054054054,18.37837837837838,67.56756756756756,51.891891891891895,15.675675675675677
E00123358,168,47,13,34,121,104,17,27.976190476190478,7.738095238095238,20.238095238095237,72.02380952380952,61.904761904761905,10.119047619047619
E00123359,147,45,12,33,102,86,16,30.612244897959183,8.16326530612245,22.448979591836736,69.38775510204081,58.50340136054422,10.884353741496598
E00123360,155,42,11,31,113,100,13,27.09677419354839,7.096774193548387,20,72.90322580645162,64.51612903225806,8.38709677419355
E00123361,132,44,16,28,88,74,14,33.33333333333333,12.121212121212121,21.21212121212121,66.66666666666666,56.060606060606055,10.606060606060606
E00123362,190,58,22,36,132,107,25,30.526315789473685,11.578947368421053,18.947368421052634,69.47368421052632,56.315789473684205,13.157894736842104
E00123363,184,50,19,31,134,100,34,27.173913043478258,10.326086956521738,16.847826086956523,72.82608695652173,54.347826086956516,18.478260869565215
E00123364,133,47,17,30,86,75,11,35.338345864661655,12.781954887218044,22.55639097744361,64.66165413533834,56.390977443609025,8.270676691729323
E00123365,167,37,11,26,130,118,12,22.15568862275449,6.58682634730539,15.568862275449103,77.84431137724552,70.65868263473054,7.18562874251497
E00123366,114,38,19,19,76,62,14,33.33333333333333,16.666666666666664,16.666666666666664,66.66666666666666,54.385964912280706,12.280701754385964
E00123367,134,47,16,31,87,66,21,35.07462686567165,11.940298507462686,23.134328358208954,64.92537313432835,49.25373134328358,15.671641791044777
E00123368,85,25,9,16,60,44,16,29.411764705882355,10.588235294117647,18.823529411764707,70.58823529411765,51.76470588235295,18.823529411764707
E00123369,121,32,18,14,89,71,18,26.446280991735538,14.87603305785124,11.570247933884298,73.55371900826447,58.67768595041323,14.87603305785124
E00123370,153,55,31,24,98,75,23,35.947712418300654,20.26143790849673,15.686274509803921,64.05228758169935,49.01960784313725,15.032679738562091
E00123371,160,42,7,35,118,92,26,26.25,4.375,21.875,73.75,57.49999999999999,16.25
E00123372,94,27,10,17,67,45,22,28.723404255319153,10.638297872340425,18.085106382978726,71.27659574468085,47.87234042553192,23.404255319148938
E00123373,75,27,9,18,48,38,10,36,12,24,64,50.66666666666667,13.333333333333334
E00123374,145,46,21,25,99,76,23,31.724137931034484,14.482758620689657,17.24137931034483,68.27586206896552,52.41379310344828,15.862068965517242
E00123375,251,77,31,46,174,132,42,30.677290836653388,12.350597609561753,18.326693227091635,69.32270916334662,52.589641434262944,16.733067729083665
E00123376,108,41,19,22,67,50,17,37.96296296296296,17.59259259259259,20.37037037037037,62.03703703703704,46.2962962962963,15.74074074074074
E00123377,105,41,17,24,64,51,13,39.04761904761905,16.19047619047619,22.857142857142858,60.952380952380956,48.57142857142857,12.380952380952381
E00123378,141,37,8,29,104,87,17,26.24113475177305,5.673758865248227,20.56737588652482,73.75886524822694,61.702127659574465,12.056737588652481
E00123379,115,36,10,26,79,72,7,31.30434782608696,8.695652173913043,22.608695652173914,68.69565217391305,62.60869565217392,6.086956521739131
E00123380,147,42,17,25,105,82,23,28.57142857142857,11.564625850340136,17.006802721088434,71.42857142857143,55.78231292517006,15.646258503401361
E00123381,85,23,9,14,62,56,6,27.058823529411764,10.588235294117647,16.470588235294116,72.94117647058823,65.88235294117646,7.0588235294117645
E00123382,120,40,11,29,80,62,18,33.33333333333333,9.166666666666666,24.166666666666668,66.66666666666666,51.66666666666667,15
E00123383,143,44,14,30,99,90,9,30.76923076923077,9.79020979020979,20.97902097902098,69.23076923076923,62.93706293706294,6.293706293706294
E00123384,111,28,11,17,83,69,14,25.225225225225223,9.90990990990991,15.315315315315313,74.77477477477478,62.16216216216216,12.612612612612612
E00123385,164,47,14,33,117,94,23,28.65853658536585,8.536585365853659,20.121951219512198,71.34146341463415,57.3170731707317,14.02439024390244
E00123386,114,32,13,19,82,65,17,28.07017543859649,11.403508771929824,16.666666666666664,71.9298245614035,57.01754385964912,14.912280701754385
E00123387,226,66,22,44,160,137,23,29.20353982300885,9.734513274336283,19.469026548672566,70.79646017699115,60.61946902654868,10.176991150442479
E00123388,147,66,25,41,81,73,8,44.89795918367347,17.006802721088434,27.89115646258503,55.10204081632652,49.65986394557823,5.442176870748299
E00123389,195,60,23,37,135,117,18,30.76923076923077,11.794871794871794,18.974358974358974,69.23076923076923,60,9.230769230769232
E00123391,113,45,19,26,68,56,12,39.823008849557525,16.8141592920354,23.008849557522122,60.17699115044248,49.557522123893804,10.619469026548673
E00123392,142,44,12,32,98,78,20,30.985915492957744,8.450704225352112,22.535211267605636,69.01408450704226,54.929577464788736,14.084507042253522
E00123393,135,33,8,25,102,84,18,24.444444444444443,5.9259259259259265,18.51851851851852,75.55555555555556,62.22222222222222,13.333333333333334
E00123394,138,37,14,23,101,87,14,26.811594202898554,10.144927536231885,16.666666666666664,73.18840579710145,63.04347826086957,10.144927536231885
E00123395,169,60,17,43,109,97,12,35.50295857988166,10.059171597633137,25.443786982248522,64.49704142011834,57.396449704142015,7.100591715976331
E00123396,149,40,8,32,109,91,18,26.845637583892618,5.369127516778524,21.476510067114095,73.15436241610739,61.07382550335571,12.080536912751679
E00123397,168,50,9,41,118,97,21,29.761904761904763,5.357142857142857,24.404761904761905,70.23809523809523,57.738095238095234,12.5
E00123398,157,40,11,29,117,105,12,25.477707006369428,7.006369426751593,18.471337579617835,74.52229299363057,66.87898089171973,7.643312101910828
E00123399,169,51,13,38,118,94,24,30.17751479289941,7.6923076923076925,22.485207100591715,69.8224852071006,55.62130177514793,14.201183431952662
E00123400,142,32,12,20,110,96,14,22.535211267605636,8.450704225352112,14.084507042253522,77.46478873239437,67.6056338028169,9.859154929577464
E00123401,169,31,11,20,138,113,25,18.34319526627219,6.508875739644971,11.834319526627219,81.65680473372781,66.86390532544378,14.792899408284024
E00123402,169,51,17,34,118,91,27,30.17751479289941,10.059171597633137,20.118343195266274,69.8224852071006,53.84615384615385,15.976331360946746
E00123403,172,58,25,33,114,100,14,33.72093023255814,14.534883720930234,19.186046511627907,66.27906976744185,58.139534883720934,8.13953488372093
E00123404,98,29,8,21,69,57,12,29.591836734693878,8.16326530612245,21.428571428571427,70.40816326530613,58.16326530612245,12.244897959183673
E00123405,156,37,14,23,119,102,17,23.717948717948715,8.974358974358974,14.743589743589745,76.28205128205127,65.38461538461539,10.897435897435898
E00123406,179,60,13,47,119,99,20,33.5195530726257,7.262569832402235,26.256983240223462,66.4804469273743,55.3072625698324,11.1731843575419
E00123407,166,48,13,35,118,96,22,28.915662650602407,7.83132530120482,21.084337349397593,71.08433734939759,57.831325301204814,13.253012048192772
E00123408,128,37,15,22,91,73,18,28.90625,11.71875,17.1875,71.09375,57.03125,14.0625
E00123409,123,42,13,29,81,62,19,34.146341463414636,10.569105691056912,23.577235772357724,65.85365853658537,50.40650406504065,15.447154471544716
E00123410,145,40,11,29,105,88,17,27.586206896551722,7.586206896551724,20,72.41379310344827,60.689655172413794,11.724137931034482
E00123411,107,33,9,24,74,62,12,30.8411214953271,8.411214953271028,22.429906542056074,69.1588785046729,57.943925233644855,11.214953271028037
E00123412,138,46,18,28,92,78,14,33.33333333333333,13.043478260869565,20.28985507246377,66.66666666666666,56.52173913043478,10.144927536231885
E00123413,161,43,12,31,118,100,18,26.70807453416149,7.453416149068323,19.25465838509317,73.29192546583852,62.11180124223602,11.180124223602485
E00123414,134,51,18,33,83,65,18,38.059701492537314,13.432835820895523,24.62686567164179,61.940298507462686,48.507462686567166,13.432835820895523
E00123415,133,52,20,32,81,68,13,39.097744360902254,15.037593984962406,24.06015037593985,60.902255639097746,51.127819548872175,9.774436090225564
E00123416,125,35,7,28,90,75,15,28.000000000000004,5.6000000000000005,22.400000000000002,72,60,12
E00123417,165,55,18,37,110,84,26,33.33333333333333,10.909090909090908,22.424242424242426,66.66666666666666,50.90909090909091,15.757575757575756
E00123418,153,51,11,40,102,92,10,33.33333333333333,7.18954248366013,26.143790849673206,66.66666666666666,60.130718954248366,6.535947712418301
E00123419,138,36,11,25,102,83,19,26.08695652173913,7.971014492753622,18.115942028985508,73.91304347826086,60.14492753623188,13.768115942028986
E00123420,56,17,8,9,39,31,8,30.357142857142854,14.285714285714285,16.071428571428573,69.64285714285714,55.35714285714286,14.285714285714285
E00123421,110,32,11,21,78,66,12,29.09090909090909,10,19.090909090909093,70.9090909090909,60,10.909090909090908
E00123422,117,29,8,21,88,76,12,24.786324786324787,6.837606837606838,17.94871794871795,75.21367521367522,64.95726495726495,10.256410256410255
E00123423,163,50,18,32,113,88,25,30.67484662576687,11.042944785276074,19.631901840490798,69.32515337423312,53.987730061349694,15.337423312883436
E00123424,141,37,17,20,104,87,17,26.24113475177305,12.056737588652481,14.184397163120568,73.75886524822694,61.702127659574465,12.056737588652481
E00123425,141,46,16,30,95,74,21,32.62411347517731,11.347517730496454,21.27659574468085,67.37588652482269,52.4822695035461,14.893617021276595
E00123426,109,33,13,20,76,66,10,30.275229357798167,11.926605504587156,18.34862385321101,69.72477064220183,60.550458715596335,9.174311926605505
E00123427,134,36,5,31,98,88,10,26.865671641791046,3.731343283582089,23.134328358208954,73.13432835820896,65.67164179104478,7.462686567164178
E00123428,175,54,16,38,121,102,19,30.857142857142854,9.142857142857142,21.714285714285715,69.14285714285714,58.285714285714285,10.857142857142858
E00123429,180,50,20,30,130,95,35,27.77777777777778,11.11111111111111,16.666666666666664,72.22222222222221,52.77777777777778,19.444444444444446
E00123430,139,37,15,22,102,87,15,26.618705035971225,10.79136690647482,15.827338129496402,73.38129496402878,62.589928057553955,10.79136690647482
E00123431,142,41,11,30,101,80,21,28.87323943661972,7.746478873239436,21.12676056338028,71.12676056338029,56.33802816901409,14.788732394366196
E00123432,154,41,15,26,113,94,19,26.623376623376622,9.740259740259742,16.883116883116884,73.37662337662337,61.038961038961034,12.337662337662337
E00123433,80,22,5,17,58,43,15,27.500000000000004,6.25,21.25,72.5,53.75,18.75
E00123434,170,49,13,36,121,99,22,28.823529411764703,7.647058823529412,21.176470588235293,71.17647058823529,58.235294117647065,12.941176470588237
E00123435,155,49,20,29,106,86,20,31.61290322580645,12.903225806451612,18.70967741935484,68.38709677419355,55.483870967741936,12.903225806451612
E00123436,163,55,22,33,108,91,17,33.74233128834356,13.496932515337424,20.245398773006134,66.25766871165644,55.828220858895705,10.429447852760736
E00123437,151,48,17,31,103,91,12,31.788079470198678,11.258278145695364,20.52980132450331,68.21192052980133,60.264900662251655,7.9470198675496695
E00123438,142,44,20,24,98,78,20,30.985915492957744,14.084507042253522,16.901408450704224,69.01408450704226,54.929577464788736,14.084507042253522
E00123439,165,41,9,32,124,100,24,24.848484848484848,5.454545454545454,19.393939393939394,75.15151515151514,60.60606060606061,14.545454545454545
E00123440,167,53,18,35,114,101,13,31.736526946107784,10.778443113772456,20.958083832335326,68.26347305389223,60.47904191616767,7.784431137724551
E00123441,125,39,11,28,86,64,22,31.2,8.799999999999999,22.400000000000002,68.8,51.2,17.599999999999998
E00123442,212,66,23,43,146,116,30,31.132075471698112,10.849056603773585,20.28301886792453,68.86792452830188,54.71698113207547,14.150943396226415
E00123443,157,40,12,28,117,102,15,25.477707006369428,7.643312101910828,17.8343949044586,74.52229299363057,64.96815286624204,9.554140127388536
E00123444,103,35,10,25,68,54,14,33.980582524271846,9.70873786407767,24.271844660194176,66.01941747572816,52.42718446601942,13.592233009708737
E00123445,185,54,12,42,131,116,15,29.18918918918919,6.486486486486487,22.702702702702705,70.8108108108108,62.70270270270271,8.108108108108109
E00123446,208,56,19,37,152,119,33,26.923076923076923,9.134615384615383,17.78846153846154,73.07692307692307,57.21153846153846,15.865384615384615
E00123447,153,33,10,23,120,103,17,21.568627450980394,6.535947712418301,15.032679738562091,78.43137254901961,67.3202614379085,11.11111111111111
E00123448,161,42,9,33,119,99,20,26.08695652173913,5.590062111801243,20.496894409937887,73.91304347826086,61.49068322981367,12.422360248447205
E00123449,172,44,13,31,128,105,23,25.581395348837212,7.55813953488372,18.023255813953487,74.4186046511628,61.04651162790697,13.372093023255813
E00123450,134,47,15,32,87,74,13,35.07462686567165,11.194029850746269,23.88059701492537,64.92537313432835,55.223880597014926,9.701492537313433
E00123451,212,54,14,40,158,128,30,25.471698113207548,6.60377358490566,18.867924528301888,74.52830188679245,60.37735849056604,14.150943396226415
E00123452,303,56,21,35,247,204,43,18.48184818481848,6.9306930693069315,11.55115511551155,81.51815181518151,67.32673267326733,14.19141914191419
E00123453,186,52,18,34,134,113,21,27.956989247311824,9.67741935483871,18.27956989247312,72.04301075268818,60.752688172043015,11.29032258064516
E00123454,157,39,5,34,118,98,20,24.840764331210192,3.1847133757961785,21.656050955414013,75.15923566878982,62.42038216560509,12.738853503184714
E00123455,188,53,19,34,135,95,40,28.191489361702125,10.106382978723403,18.085106382978726,71.80851063829788,50.53191489361703,21.27659574468085
E00123456,203,47,17,30,156,132,24,23.15270935960591,8.374384236453201,14.77832512315271,76.84729064039408,65.02463054187191,11.822660098522167
E00123457,265,63,23,40,202,164,38,23.77358490566038,8.679245283018867,15.09433962264151,76.22641509433963,61.886792452830186,14.339622641509434
E00123459,177,51,21,30,126,104,22,28.8135593220339,11.864406779661017,16.94915254237288,71.1864406779661,58.75706214689266,12.429378531073446
E00167460,241,57,20,37,184,160,24,23.651452282157674,8.29875518672199,15.352697095435685,76.34854771784232,66.39004149377593,9.95850622406639
E00167461,197,46,17,29,151,120,31,23.3502538071066,8.629441624365482,14.720812182741117,76.6497461928934,60.913705583756354,15.736040609137056
E00167463,156,54,20,34,102,87,15,34.61538461538461,12.82051282051282,21.794871794871796,65.38461538461539,55.769230769230774,9.615384615384617
E00167464,132,19,5,14,113,99,14,14.393939393939394,3.787878787878788,10.606060606060606,85.60606060606061,75,10.606060606060606
E00167465,252,96,30,66,156,138,18,38.095238095238095,11.904761904761903,26.190476190476193,61.904761904761905,54.761904761904766,7.142857142857142
E00167466,144,37,11,26,107,85,22,25.694444444444443,7.638888888888889,18.055555555555554,74.30555555555556,59.02777777777778,15.277777777777779
E00167467,135,36,14,22,99,91,8,26.666666666666668,10.37037037037037,16.296296296296298,73.33333333333333,67.4074074074074,5.9259259259259265
E00167469,162,39,8,31,123,101,22,24.074074074074073,4.938271604938271,19.1358024691358,75.92592592592592,62.34567901234568,13.580246913580247
E00167470,130,23,9,14,107,90,17,17.692307692307693,6.923076923076923,10.76923076923077,82.3076923076923,69.23076923076923,13.076923076923078
E00167471,250,44,13,31,206,173,33,17.599999999999998,5.2,12.4,82.39999999999999,69.19999999999999,13.200000000000001
E00167472,161,39,14,25,122,103,19,24.22360248447205,8.695652173913043,15.527950310559005,75.77639751552795,63.975155279503106,11.801242236024844
E00167473,171,42,16,26,129,101,28,24.561403508771928,9.35672514619883,15.204678362573098,75.43859649122807,59.06432748538012,16.374269005847953
E00167474,76,17,4,13,59,46,13,22.36842105263158,5.263157894736842,17.105263157894736,77.63157894736842,60.526315789473685,17.105263157894736
E00167475,104,44,21,23,60,47,13,42.30769230769231,20.192307692307693,22.115384615384613,57.692307692307686,45.19230769230769,12.5
E00189631,201,40,11,29,161,143,18,19.900497512437813,5.472636815920398,14.427860696517413,80.09950248756219,71.14427860696517,8.955223880597014
E00189632,105,36,11,25,69,60,9,34.285714285714285,10.476190476190476,23.809523809523807,65.71428571428571,57.14285714285714,8.571428571428571
E00189644,138,31,13,18,107,85,22,22.463768115942027,9.420289855072465,13.043478260869565,77.53623188405797,61.59420289855072,15.942028985507244
E00189660,214,31,10,21,183,158,25,14.485981308411214,4.672897196261682,9.813084112149532,85.51401869158879,73.83177570093457,11.682242990654206
E00189682,58,16,7,9,42,35,7,27.586206896551722,12.068965517241379,15.517241379310345,72.41379310344827,60.3448275862069,12.068965517241379
E00189690,168,35,13,22,133,111,22,20.833333333333336,7.738095238095238,13.095238095238097,79.16666666666666,66.07142857142857,13.095238095238097
E00189694,132,28,9,19,104,91,13,21.21212121212121,6.8181818181818175,14.393939393939394,78.78787878787878,68.93939393939394,9.848484848484848
E00189695,96,30,10,20,66,55,11,31.25,10.416666666666668,20.833333333333336,68.75,57.291666666666664,11.458333333333332
E00189698,111,35,9,26,76,68,8,31.53153153153153,8.108108108108109,23.423423423423422,68.46846846846847,61.261261261261254,7.207207207207207
E00189700,156,36,9,27,120,103,17,23.076923076923077,5.769230769230769,17.307692307692307,76.92307692307693,66.02564102564102,10.897435897435898
E00189712,199,30,9,21,169,150,19,15.07537688442211,4.522613065326634,10.552763819095476,84.92462311557789,75.37688442211056,9.547738693467336
E00189736,116,34,12,22,82,71,11,29.310344827586203,10.344827586206897,18.96551724137931,70.6896551724138,61.206896551724135,9.482758620689655
E00189754,161,24,4,20,137,121,16,14.906832298136646,2.484472049689441,12.422360248447205,85.09316770186336,75.15527950310559,9.937888198757763
E00189766,182,49,19,30,133,106,27,26.923076923076923,10.43956043956044,16.483516483516482,73.07692307692307,58.24175824175825,14.835164835164836
E00189768,175,41,8,33,134,111,23,23.42857142857143,4.571428571428571,18.857142857142858,76.57142857142857,63.42857142857142,13.142857142857142
E00189782,68,14,4,10,54,44,10,20.588235294117645,5.88235294117647,14.705882352941178,79.41176470588235,64.70588235294117,14.705882352941178
