OA,ts0590001,ts0590002,ts0590003,ts0590004,ts0590005,ts0590006,ts0590007,ts0590002_PCT,ts0590003_PCT,ts0590004_PCT,ts0590005_PCT,ts0590006_PCT,ts0590007_PCT
E00018337,242,57,27,30,185,153,32,23.553719008264462,11.15702479338843,12.396694214876034,76.44628099173553,63.22314049586777,13.223140495867769
E00018339,229,60,21,39,169,136,33,26.200873362445414,9.170305676855897,17.03056768558952,73.7991266375546,59.388646288209614,14.41048034934498
E00018340,197,58,21,37,139,125,14,29.441624365482234,10.65989847715736,18.781725888324875,70.55837563451777,63.45177664974619,7.1065989847715745
E00018341,198,58,32,26,140,126,14,29.292929292929294,16.161616161616163,13.131313131313133,70.70707070707071,63.63636363636363,7.07070707070707
E00018342,155,57,26,31,98,87,11,36.774193548387096,16.7741935483871,20,63.2258064516129,56.12903225806451,7.096774193548387
E00018343,143,37,21,16,106,93,13,25.874125874125873,14.685314685314685,11.188811188811188,74.12587412587412,65.03496503496503,9.090909090909092
E00018344,172,59,21,38,113,99,14,34.30232558139535,12.209302325581394,22.093023255813954,65.69767441860465,57.55813953488372,8.13953488372093
E00018345,195,59,24,35,136,120,16,30.256410256410255,12.307692307692308,17.94871794871795,69.74358974358974,61.53846153846154,8.205128205128204
E00018347,175,47,14,33,128,92,36,26.857142857142858,8,18.857142857142858,73.14285714285714,52.57142857142857,20.57142857142857
E00018348,173,61,22,39,112,93,19,35.26011560693642,12.716763005780345,22.54335260115607,64.73988439306359,53.75722543352601,10.982658959537572
E00018349,173,60,20,40,113,101,12,34.68208092485549,11.560693641618498,23.121387283236995,65.3179190751445,58.38150289017341,6.9364161849710975
E00018350,235,77,26,51,158,136,22,32.76595744680851,11.063829787234042,21.70212765957447,67.23404255319149,57.87234042553191,9.361702127659575
E00018351,190,59,16,43,131,105,26,31.05263157894737,8.421052631578947,22.63157894736842,68.94736842105263,55.26315789473685,13.684210526315791
E00018352,160,57,18,39,103,86,17,35.625,11.25,24.375,64.375,53.75,10.625
E00018353,162,39,15,24,123,100,23,24.074074074074073,9.25925925925926,14.814814814814813,75.92592592592592,61.72839506172839,14.19753086419753
E00018354,225,68,23,45,157,130,27,30.22222222222222,10.222222222222223,20,69.77777777777779,57.77777777777777,12
E00018355,210,73,31,42,137,124,13,34.76190476190476,14.761904761904763,20,65.23809523809524,59.04761904761905,6.190476190476191
E00018356,217,66,26,40,151,127,24,30.414746543778804,11.981566820276496,18.433179723502306,69.5852534562212,58.525345622119815,11.059907834101383
E00018357,243,67,17,50,176,164,12,27.572016460905353,6.995884773662551,20.5761316872428,72.42798353909465,67.48971193415639,4.938271604938271
E00018358,228,71,30,41,157,142,15,31.140350877192986,13.157894736842104,17.982456140350877,68.85964912280701,62.28070175438597,6.578947368421052
E00018359,207,63,16,47,144,127,17,30.434782608695656,7.729468599033816,22.705314009661837,69.56521739130434,61.35265700483091,8.212560386473431
E00018360,247,84,28,56,163,147,16,34.0080971659919,11.336032388663968,22.672064777327936,65.9919028340081,59.51417004048582,6.477732793522267
E00018361,188,72,27,45,116,113,3,38.297872340425535,14.361702127659576,23.93617021276596,61.702127659574465,60.1063829787234,1.5957446808510638
E00018362,228,75,31,44,153,130,23,32.89473684210527,13.596491228070176,19.298245614035086,67.10526315789474,57.01754385964912,10.087719298245613
E00018363,214,73,21,52,141,123,18,34.112149532710276,9.813084112149532,24.299065420560748,65.88785046728972,57.476635514018696,8.411214953271028
E00018364,209,62,27,35,147,126,21,29.665071770334926,12.918660287081341,16.74641148325359,70.33492822966507,60.28708133971292,10.047846889952153
E00018365,192,56,19,37,136,121,15,29.166666666666668,9.895833333333332,19.270833333333336,70.83333333333334,63.020833333333336,7.8125
E00018366,220,67,22,45,153,136,17,30.454545454545457,10,20.454545454545457,69.54545454545455,61.81818181818181,7.727272727272727
E00018367,181,57,17,40,124,117,7,31.491712707182316,9.392265193370166,22.099447513812155,68.50828729281768,64.64088397790056,3.867403314917127
E00018368,170,53,19,34,117,101,16,31.176470588235293,11.176470588235295,20,68.82352941176471,59.411764705882355,9.411764705882353
E00018370,168,61,19,42,107,94,13,36.30952380952381,11.30952380952381,25,63.69047619047619,55.952380952380956,7.738095238095238
E00018371,244,87,33,54,157,143,14,35.65573770491803,13.524590163934427,22.131147540983605,64.34426229508196,58.606557377049185,5.737704918032787
E00018372,176,52,18,34,124,100,24,29.545454545454547,10.227272727272728,19.318181818181817,70.45454545454545,56.81818181818182,13.636363636363635
E00018373,154,43,11,32,111,92,19,27.92207792207792,7.142857142857142,20.77922077922078,72.07792207792207,59.74025974025974,12.337662337662337
E00018374,224,67,26,41,157,121,36,29.910714285714285,11.607142857142858,18.303571428571427,70.08928571428571,54.01785714285714,16.071428571428573
E00018375,212,59,27,32,153,131,22,27.830188679245282,12.735849056603774,15.09433962264151,72.16981132075472,61.79245283018868,10.377358490566039
E00018376,64,21,10,11,43,39,4,32.8125,15.625,17.1875,67.1875,60.9375,6.25
E00018377,221,91,30,61,130,113,17,41.17647058823529,13.574660633484163,27.601809954751133,58.82352941176471,51.13122171945701,7.6923076923076925
E00018378,81,27,13,14,54,45,9,33.33333333333333,16.049382716049383,17.28395061728395,66.66666666666666,55.55555555555556,11.11111111111111
E00018379,218,51,19,32,167,131,36,23.394495412844037,8.715596330275229,14.678899082568808,76.60550458715596,60.09174311926605,16.51376146788991
E00018380,183,64,29,35,119,107,12,34.97267759562842,15.846994535519126,19.12568306010929,65.02732240437157,58.46994535519126,6.557377049180328
E00018381,289,95,54,41,194,158,36,32.8719723183391,18.685121107266436,14.186851211072666,67.1280276816609,54.67128027681662,12.45674740484429
E00018382,203,81,29,52,122,102,20,39.90147783251231,14.285714285714285,25.615763546798032,60.09852216748769,50.24630541871922,9.852216748768473
E00018383,249,65,21,44,184,139,45,26.104417670682732,8.433734939759036,17.670682730923694,73.89558232931726,55.82329317269076,18.072289156626507
E00018384,170,63,21,42,107,92,15,37.05882352941177,12.352941176470589,24.705882352941178,62.94117647058823,54.11764705882353,8.823529411764707
E00018385,173,46,17,29,127,116,11,26.589595375722542,9.826589595375722,16.76300578034682,73.41040462427746,67.05202312138728,6.358381502890173
E00018386,213,67,22,45,146,132,14,31.455399061032864,10.328638497652582,21.12676056338028,68.54460093896714,61.97183098591549,6.572769953051644
E00018387,200,61,24,37,139,119,20,30.5,12,18.5,69.5,59.5,10
E00018389,293,102,47,55,191,163,28,34.8122866894198,16.040955631399317,18.771331058020476,65.18771331058021,55.631399317406135,9.556313993174061
E00018390,206,68,21,47,138,126,12,33.00970873786408,10.194174757281553,22.815533980582526,66.99029126213593,61.165048543689316,5.825242718446602
E00018392,160,47,25,22,113,94,19,29.375,15.625,13.750000000000002,70.625,58.75,11.875
E00018393,154,54,16,38,100,84,16,35.064935064935064,10.38961038961039,24.675324675324674,64.93506493506493,54.54545454545454,10.38961038961039
E00018394,233,56,23,33,177,146,31,24.034334763948497,9.871244635193133,14.163090128755366,75.9656652360515,62.66094420600859,13.304721030042918
E00018395,131,35,19,16,96,77,19,26.717557251908396,14.50381679389313,12.213740458015266,73.2824427480916,58.778625954198475,14.50381679389313
E00018396,203,72,32,40,131,117,14,35.467980295566505,15.763546798029557,19.704433497536947,64.5320197044335,57.635467980295566,6.896551724137931
E00018397,231,62,28,34,169,136,33,26.83982683982684,12.121212121212121,14.71861471861472,73.16017316017316,58.87445887445888,14.285714285714285
E00018398,187,53,23,30,134,105,29,28.342245989304814,12.299465240641712,16.042780748663102,71.65775401069519,56.14973262032086,15.508021390374333
E00018399,179,62,37,25,117,103,14,34.63687150837989,20.670391061452513,13.966480446927374,65.36312849162012,57.54189944134078,7.82122905027933
E00018400,185,61,23,38,124,102,22,32.972972972972975,12.432432432432433,20.54054054054054,67.02702702702703,55.13513513513514,11.891891891891893
E00018401,148,76,27,49,72,61,11,51.35135135135135,18.243243243243242,33.108108108108105,48.64864864864865,41.21621621621622,7.4324324324324325
E00018402,208,63,24,39,145,125,20,30.288461538461537,11.538461538461538,18.75,69.71153846153845,60.09615384615385,9.615384615384617
E00018403,168,56,19,37,112,94,18,33.33333333333333,11.30952380952381,22.023809523809522,66.66666666666666,55.952380952380956,10.714285714285714
E00018404,231,65,25,40,166,141,25,28.13852813852814,10.822510822510822,17.316017316017316,71.86147186147186,61.038961038961034,10.822510822510822
E00018405,195,39,13,26,156,125,31,20,6.666666666666667,13.333333333333334,80,64.1025641025641,15.897435897435896
E00018406,190,56,20,36,134,111,23,29.47368421052631,10.526315789473683,18.947368421052634,70.52631578947368,58.42105263157895,12.105263157894736
E00018407,214,63,28,35,151,127,24,29.439252336448597,13.084112149532709,16.355140186915886,70.56074766355141,59.345794392523366,11.214953271028037
E00018408,182,64,23,41,118,105,13,35.16483516483517,12.637362637362637,22.52747252747253,64.83516483516483,57.692307692307686,7.142857142857142
E00018409,175,50,14,36,125,102,23,28.57142857142857,8,20.57142857142857,71.42857142857143,58.285714285714285,13.142857142857142
E00018410,160,58,22,36,102,87,15,36.25,13.750000000000002,22.5,63.74999999999999,54.37499999999999,9.375
E00018411,170,53,16,37,117,98,19,31.176470588235293,9.411764705882353,21.764705882352942,68.82352941176471,57.647058823529406,11.176470588235295
E00018412,212,60,23,37,152,132,20,28.30188679245283,10.849056603773585,17.452830188679243,71.69811320754717,62.264150943396224,9.433962264150944
E00018413,166,54,18,36,112,89,23,32.53012048192771,10.843373493975903,21.686746987951807,67.46987951807229,53.6144578313253,13.855421686746988
E00018414,210,55,17,38,155,135,20,26.190476190476193,8.095238095238095,18.095238095238095,73.80952380952381,64.28571428571429,9.523809523809524
E00018415,194,52,17,35,142,115,27,26.804123711340207,8.762886597938143,18.04123711340206,73.19587628865979,59.27835051546392,13.917525773195877
E00018416,153,44,21,23,109,98,11,28.75816993464052,13.725490196078432,15.032679738562091,71.24183006535948,64.05228758169935,7.18954248366013
E00018417,206,47,17,30,159,141,18,22.815533980582526,8.25242718446602,14.563106796116504,77.18446601941747,68.44660194174757,8.737864077669903
E00018418,156,44,15,29,112,94,18,28.205128205128204,9.615384615384617,18.58974358974359,71.7948717948718,60.256410256410255,11.538461538461538
E00018419,192,41,20,21,151,121,30,21.354166666666664,10.416666666666668,10.9375,78.64583333333334,63.020833333333336,15.625
E00018420,135,30,7,23,105,85,20,22.22222222222222,5.185185185185185,17.037037037037038,77.77777777777779,62.96296296296296,14.814814814814813
E00018421,138,37,12,25,101,93,8,26.811594202898554,8.695652173913043,18.115942028985508,73.18840579710145,67.3913043478261,5.797101449275362
E00018422,164,18,7,11,146,116,30,10.975609756097562,4.2682926829268295,6.707317073170732,89.02439024390245,70.73170731707317,18.29268292682927
E00018423,166,46,25,21,120,99,21,27.710843373493976,15.060240963855422,12.650602409638553,72.28915662650603,59.63855421686747,12.650602409638553
E00018424,168,50,18,32,118,98,20,29.761904761904763,10.714285714285714,19.047619047619047,70.23809523809523,58.333333333333336,11.904761904761903
E00018425,156,53,22,31,103,93,10,33.97435897435898,14.102564102564102,19.871794871794872,66.02564102564102,59.61538461538461,6.41025641025641
E00018426,147,56,15,41,91,85,6,38.095238095238095,10.204081632653061,27.89115646258503,61.904761904761905,57.82312925170068,4.081632653061225
E00018427,121,37,17,20,84,68,16,30.57851239669421,14.049586776859504,16.528925619834713,69.42148760330579,56.19834710743802,13.223140495867769
E00018428,140,42,21,21,98,75,23,30,15,15,70,53.57142857142857,16.428571428571427
E00018429,188,53,21,32,135,114,21,28.191489361702125,11.170212765957446,17.02127659574468,71.80851063829788,60.63829787234043,11.170212765957446
E00018430,176,44,8,36,132,112,20,25,4.545454545454546,20.454545454545457,75,63.63636363636363,11.363636363636363
E00018431,172,45,16,29,127,104,23,26.16279069767442,9.30232558139535,16.86046511627907,73.83720930232558,60.46511627906976,13.372093023255813
E00018432,189,54,24,30,135,110,25,28.57142857142857,12.698412698412698,15.873015873015872,71.42857142857143,58.201058201058196,13.227513227513226
E00018433,189,57,29,28,132,114,18,30.158730158730158,15.343915343915343,14.814814814814813,69.84126984126983,60.317460317460316,9.523809523809524
E00018434,173,51,17,34,122,109,13,29.47976878612717,9.826589595375722,19.653179190751445,70.52023121387283,63.005780346820806,7.514450867052023
E00018435,177,66,20,46,111,95,16,37.28813559322034,11.299435028248588,25.98870056497175,62.71186440677966,53.672316384180796,9.03954802259887
E00018436,115,36,11,25,79,68,11,31.30434782608696,9.565217391304348,21.73913043478261,68.69565217391305,59.130434782608695,9.565217391304348
E00018437,150,38,14,24,112,98,14,25.333333333333336,9.333333333333334,16,74.66666666666667,65.33333333333333,9.333333333333334
E00018438,194,43,20,23,151,123,28,22.164948453608247,10.309278350515463,11.855670103092782,77.83505154639175,63.4020618556701,14.432989690721648
E00018439,178,42,12,30,136,119,17,23.595505617977526,6.741573033707865,16.853932584269664,76.40449438202246,66.85393258426966,9.550561797752808
E00018440,145,36,12,24,109,97,12,24.82758620689655,8.275862068965518,16.551724137931036,75.17241379310344,66.89655172413794,8.275862068965518
E00018441,169,53,19,34,116,99,17,31.360946745562128,11.242603550295858,20.118343195266274,68.63905325443787,58.57988165680473,10.059171597633137
E00018443,208,48,16,32,160,148,12,23.076923076923077,7.6923076923076925,15.384615384615385,76.92307692307693,71.15384615384616,5.769230769230769
E00018444,127,36,15,21,91,80,11,28.346456692913385,11.811023622047244,16.535433070866144,71.65354330708661,62.99212598425197,8.661417322834646
E00018445,113,39,10,29,74,66,8,34.51327433628318,8.849557522123893,25.663716814159294,65.48672566371681,58.4070796460177,7.079646017699115
E00018446,178,53,15,38,125,109,16,29.775280898876407,8.426966292134832,21.34831460674157,70.2247191011236,61.23595505617978,8.98876404494382
E00018447,148,49,8,41,99,86,13,33.108108108108105,5.405405405405405,27.7027027027027,66.8918918918919,58.108108108108105,8.783783783783784
E00018448,191,70,23,47,121,103,18,36.64921465968586,12.041884816753926,24.60732984293194,63.35078534031413,53.92670157068062,9.424083769633508
E00018449,233,69,26,43,164,154,10,29.613733905579398,11.158798283261802,18.4549356223176,70.3862660944206,66.09442060085837,4.291845493562231
E00018450,129,46,14,32,83,78,5,35.65891472868217,10.852713178294573,24.8062015503876,64.34108527131784,60.46511627906976,3.875968992248062
E00018451,116,36,8,28,80,70,10,31.03448275862069,6.896551724137931,24.137931034482758,68.96551724137932,60.3448275862069,8.620689655172415
E00018452,214,49,19,30,165,145,20,22.897196261682243,8.878504672897195,14.018691588785046,77.10280373831776,67.7570093457944,9.345794392523365
E00018453,151,43,15,28,108,91,17,28.47682119205298,9.933774834437086,18.543046357615893,71.52317880794702,60.264900662251655,11.258278145695364
E00018454,167,61,26,35,106,90,16,36.52694610778443,15.568862275449103,20.958083832335326,63.47305389221557,53.89221556886228,9.580838323353294
E00018455,130,42,13,29,88,82,6,32.30769230769231,10,22.30769230769231,67.6923076923077,63.07692307692307,4.615384615384616
E00018456,133,42,12,30,91,76,15,31.57894736842105,9.022556390977442,22.55639097744361,68.42105263157895,57.14285714285714,11.278195488721805
E00018457,180,53,17,36,127,110,17,29.444444444444446,9.444444444444445,20,70.55555555555556,61.111111111111114,9.444444444444445
E00018458,210,54,16,38,156,143,13,25.71428571428571,7.6190476190476195,18.095238095238095,74.28571428571429,68.0952380952381,6.190476190476191
E00018459,212,65,28,37,147,120,27,30.660377358490564,13.20754716981132,17.452830188679243,69.33962264150944,56.60377358490566,12.735849056603774
E00018460,205,65,23,42,140,120,20,31.70731707317073,11.219512195121952,20.48780487804878,68.29268292682927,58.536585365853654,9.75609756097561
E00018463,209,70,28,42,139,119,20,33.49282296650718,13.397129186602871,20.095693779904305,66.50717703349282,56.9377990430622,9.569377990430622
E00018464,273,84,26,58,189,165,24,30.76923076923077,9.523809523809524,21.245421245421245,69.23076923076923,60.43956043956044,8.791208791208792
E00018465,166,64,32,32,102,80,22,38.55421686746988,19.27710843373494,19.27710843373494,61.44578313253012,48.19277108433735,13.253012048192772
E00018466,189,56,22,34,133,122,11,29.629629629629626,11.64021164021164,17.989417989417987,70.37037037037037,64.55026455026454,5.82010582010582
E00018467,121,34,11,23,87,76,11,28.09917355371901,9.090909090909092,19.00826446280992,71.900826446281,62.8099173553719,9.090909090909092
E00018468,199,58,21,37,141,126,15,29.145728643216078,10.552763819095476,18.592964824120603,70.85427135678391,63.31658291457286,7.537688442211055
E00018469,130,47,15,32,83,74,9,36.15384615384615,11.538461538461538,24.615384615384617,63.84615384615384,56.92307692307692,6.923076923076923
E00018470,235,68,21,47,167,147,20,28.936170212765955,8.936170212765958,20,71.06382978723404,62.5531914893617,8.51063829787234
E00018471,260,91,29,62,169,148,21,35,11.153846153846155,23.846153846153847,65,56.92307692307692,8.076923076923077
E00018472,244,79,23,56,165,141,24,32.37704918032787,9.426229508196721,22.950819672131146,67.62295081967213,57.786885245901644,9.836065573770492
E00018473,244,76,34,42,168,134,34,31.147540983606557,13.934426229508196,17.21311475409836,68.85245901639344,54.91803278688525,13.934426229508196
E00018474,242,96,34,62,146,132,14,39.66942148760331,14.049586776859504,25.6198347107438,60.33057851239669,54.54545454545454,5.785123966942149
E00018475,164,60,20,40,104,84,20,36.58536585365854,12.195121951219512,24.390243902439025,63.41463414634146,51.21951219512195,12.195121951219512
E00018476,206,68,27,41,138,125,13,33.00970873786408,13.106796116504855,19.902912621359224,66.99029126213593,60.679611650485434,6.310679611650485
E00018477,310,72,33,39,238,195,43,23.225806451612904,10.64516129032258,12.580645161290322,76.77419354838709,62.903225806451616,13.870967741935484
E00018478,178,45,20,25,133,111,22,25.280898876404496,11.235955056179774,14.04494382022472,74.71910112359551,62.35955056179775,12.359550561797752
E00018480,219,59,28,31,160,126,34,26.94063926940639,12.785388127853881,14.15525114155251,73.0593607305936,57.534246575342465,15.52511415525114
E00018481,175,48,23,25,127,99,28,27.42857142857143,13.142857142857142,14.285714285714285,72.57142857142857,56.57142857142857,16
E00018482,169,45,21,24,124,94,30,26.627218934911244,12.42603550295858,14.201183431952662,73.37278106508876,55.62130177514793,17.75147928994083
E00018483,116,42,23,19,74,64,10,36.206896551724135,19.82758620689655,16.379310344827587,63.793103448275865,55.172413793103445,8.620689655172415
E00018484,123,36,19,17,87,76,11,29.268292682926827,15.447154471544716,13.821138211382115,70.73170731707317,61.78861788617886,8.94308943089431
E00018485,163,48,15,33,115,91,24,29.447852760736197,9.202453987730062,20.245398773006134,70.5521472392638,55.828220858895705,14.723926380368098
E00018486,184,48,22,26,136,106,30,26.08695652173913,11.956521739130435,14.130434782608695,73.91304347826086,57.608695652173914,16.304347826086957
E00018488,161,39,13,26,122,95,27,24.22360248447205,8.074534161490684,16.149068322981368,75.77639751552795,59.006211180124225,16.77018633540373
E00018489,182,43,20,23,139,113,26,23.626373626373624,10.989010989010989,12.637362637362637,76.37362637362637,62.08791208791209,14.285714285714285
E00018490,164,45,20,25,119,90,29,27.439024390243905,12.195121951219512,15.24390243902439,72.5609756097561,54.87804878048781,17.682926829268293
E00018491,191,43,18,25,148,120,28,22.5130890052356,9.424083769633508,13.089005235602095,77.4869109947644,62.82722513089005,14.659685863874344
E00018492,171,54,29,25,117,90,27,31.57894736842105,16.95906432748538,14.619883040935672,68.42105263157895,52.63157894736842,15.789473684210526
E00018494,158,46,12,34,112,97,15,29.11392405063291,7.59493670886076,21.518987341772153,70.88607594936708,61.39240506329114,9.49367088607595
E00018495,158,38,18,20,120,104,16,24.050632911392405,11.39240506329114,12.658227848101266,75.9493670886076,65.82278481012658,10.126582278481013
E00018496,214,66,29,37,148,125,23,30.8411214953271,13.551401869158877,17.289719626168225,69.1588785046729,58.41121495327103,10.74766355140187
E00018497,295,65,28,37,230,191,39,22.033898305084744,9.491525423728813,12.54237288135593,77.96610169491525,64.7457627118644,13.220338983050848
E00018498,177,41,14,27,136,108,28,23.163841807909606,7.909604519774012,15.254237288135593,76.8361581920904,61.016949152542374,15.819209039548024
E00018499,164,26,10,16,138,105,33,15.853658536585366,6.097560975609756,9.75609756097561,84.14634146341463,64.02439024390245,20.121951219512198
E00018500,63,17,8,9,46,37,9,26.984126984126984,12.698412698412698,14.285714285714285,73.01587301587301,58.730158730158735,14.285714285714285
E00018501,136,37,13,24,99,82,17,27.205882352941174,9.558823529411764,17.647058823529413,72.79411764705883,60.29411764705882,12.5
E00018502,144,37,11,26,107,80,27,25.694444444444443,7.638888888888889,18.055555555555554,74.30555555555556,55.55555555555556,18.75
E00018503,189,45,15,30,144,113,31,23.809523809523807,7.936507936507936,15.873015873015872,76.19047619047619,59.78835978835979,16.402116402116402
E00018504,182,50,25,25,132,101,31,27.472527472527474,13.736263736263737,13.736263736263737,72.52747252747253,55.494505494505496,17.032967032967033
E00018505,197,53,30,23,144,111,33,26.903553299492383,15.228426395939088,11.6751269035533,73.09644670050761,56.34517766497462,16.751269035532996
E00018506,167,41,23,18,126,102,24,24.550898203592812,13.77245508982036,10.778443113772456,75.44910179640718,61.07784431137725,14.37125748502994
E00018507,153,39,12,27,114,91,23,25.49019607843137,7.8431372549019605,17.647058823529413,74.50980392156863,59.47712418300654,15.032679738562091
E00018508,138,33,15,18,105,83,22,23.91304347826087,10.869565217391305,13.043478260869565,76.08695652173914,60.14492753623188,15.942028985507244
E00018509,181,48,19,29,133,99,34,26.519337016574585,10.497237569060774,16.022099447513813,73.48066298342542,54.69613259668509,18.784530386740332
E00018510,206,55,27,28,151,130,21,26.699029126213592,13.106796116504855,13.592233009708737,73.30097087378641,63.10679611650486,10.194174757281553
E00018511,233,86,42,44,147,114,33,36.9098712446352,18.025751072961373,18.88412017167382,63.0901287553648,48.927038626609445,14.163090128755366
E00018512,212,72,31,41,140,122,18,33.9622641509434,14.622641509433961,19.339622641509436,66.0377358490566,57.54716981132076,8.49056603773585
E00018513,205,59,21,38,146,112,34,28.780487804878046,10.24390243902439,18.536585365853657,71.21951219512195,54.63414634146342,16.585365853658537
E00018514,194,71,20,51,123,93,30,36.597938144329895,10.309278350515463,26.288659793814436,63.4020618556701,47.93814432989691,15.463917525773196
E00018515,114,34,9,25,80,65,15,29.82456140350877,7.894736842105263,21.929824561403507,70.17543859649122,57.01754385964912,13.157894736842104
E00018516,218,76,30,46,142,124,18,34.862385321100916,13.761467889908257,21.100917431192663,65.13761467889908,56.88073394495413,8.256880733944955
E00018517,212,58,19,39,154,125,29,27.358490566037734,8.962264150943396,18.39622641509434,72.64150943396226,58.9622641509434,13.679245283018867
E00018518,165,51,28,23,114,98,16,30.909090909090907,16.969696969696972,13.939393939393941,69.0909090909091,59.3939393939394,9.696969696969697
E00018519,175,57,18,39,118,100,18,32.57142857142858,10.285714285714285,22.285714285714285,67.42857142857143,57.14285714285714,10.285714285714285
E00018520,239,68,26,42,171,151,20,28.451882845188287,10.87866108786611,17.573221757322173,71.54811715481172,63.17991631799163,8.368200836820083
E00018521,198,74,33,41,124,106,18,37.37373737373738,16.666666666666664,20.707070707070706,62.62626262626263,53.535353535353536,9.090909090909092
E00018522,208,63,21,42,145,122,23,30.288461538461537,10.096153846153847,20.192307692307693,69.71153846153845,58.65384615384615,11.057692307692307
E00018523,171,62,23,39,109,98,11,36.25730994152047,13.450292397660817,22.807017543859647,63.74269005847953,57.30994152046783,6.432748538011696
E00018524,194,57,28,29,137,116,21,29.381443298969074,14.432989690721648,14.948453608247423,70.61855670103093,59.79381443298969,10.824742268041238
E00018525,152,49,13,36,103,84,19,32.23684210526316,8.552631578947368,23.684210526315788,67.76315789473685,55.26315789473685,12.5
E00018526,206,53,22,31,153,127,26,25.728155339805824,10.679611650485436,15.048543689320388,74.27184466019418,61.6504854368932,12.62135922330097
E00018527,201,53,23,30,148,125,23,26.368159203980102,11.442786069651742,14.925373134328357,73.6318407960199,62.189054726368155,11.442786069651742
E00018528,189,56,27,29,133,120,13,29.629629629629626,14.285714285714285,15.343915343915343,70.37037037037037,63.49206349206349,6.878306878306878
E00018529,221,70,24,46,151,127,24,31.674208144796378,10.85972850678733,20.81447963800905,68.32579185520362,57.466063348416284,10.85972850678733
E00018530,179,48,18,30,131,102,29,26.81564245810056,10.05586592178771,16.75977653631285,73.18435754189943,56.98324022346368,16.201117318435752
E00018531,206,72,35,37,134,109,25,34.95145631067961,16.990291262135923,17.96116504854369,65.0485436893204,52.9126213592233,12.135922330097088
E00018532,249,77,35,42,172,158,14,30.923694779116467,14.056224899598394,16.867469879518072,69.07630522088354,63.45381526104418,5.622489959839357
E00018533,217,73,34,39,144,122,22,33.6405529953917,15.668202764976957,17.972350230414747,66.3594470046083,56.22119815668203,10.138248847926267
E00018534,212,69,34,35,143,124,19,32.54716981132076,16.037735849056602,16.50943396226415,67.45283018867924,58.490566037735846,8.962264150943396
E00018535,199,59,24,35,140,121,19,29.64824120603015,12.060301507537687,17.587939698492463,70.35175879396985,60.80402010050251,9.547738693467336
E00018536,238,73,32,41,165,128,37,30.672268907563026,13.445378151260504,17.22689075630252,69.32773109243698,53.78151260504202,15.546218487394958
E00018537,175,61,20,41,114,88,26,34.85714285714286,11.428571428571429,23.42857142857143,65.14285714285715,50.28571428571429,14.857142857142858
E00018538,235,67,30,37,168,141,27,28.510638297872344,12.76595744680851,15.74468085106383,71.48936170212767,60,11.48936170212766
E00018539,240,70,31,39,170,141,29,29.166666666666668,12.916666666666668,16.25,70.83333333333334,58.75,12.083333333333334
E00018540,179,66,28,38,113,86,27,36.87150837988827,15.64245810055866,21.22905027932961,63.128491620111724,48.04469273743017,15.083798882681565
E00018541,189,71,41,30,118,96,22,37.56613756613756,21.693121693121693,15.873015873015872,62.43386243386243,50.79365079365079,11.64021164021164
E00018542,260,101,36,65,159,140,19,38.84615384615385,13.846153846153847,25,61.15384615384616,53.84615384615385,7.307692307692308
E00018546,233,103,45,58,130,115,15,44.20600858369099,19.313304721030043,24.892703862660944,55.793991416309005,49.35622317596567,6.437768240343347
E00018548,199,79,30,49,120,104,16,39.698492462311556,15.07537688442211,24.623115577889447,60.30150753768844,52.26130653266332,8.040201005025125
E00018549,153,50,23,27,103,84,19,32.6797385620915,15.032679738562091,17.647058823529413,67.3202614379085,54.90196078431373,12.418300653594772
E00018550,188,57,16,41,131,119,12,30.319148936170215,8.51063829787234,21.808510638297875,69.68085106382979,63.297872340425535,6.382978723404255
E00018551,196,88,26,62,108,91,17,44.89795918367347,13.26530612244898,31.63265306122449,55.10204081632652,46.42857142857143,8.673469387755102
E00018552,178,61,16,45,117,102,15,34.26966292134831,8.98876404494382,25.280898876404496,65.73033707865169,57.30337078651685,8.426966292134832
E00018553,202,88,36,52,114,96,18,43.56435643564357,17.82178217821782,25.742574257425744,56.43564356435643,47.524752475247524,8.91089108910891
E00018554,154,61,23,38,93,77,16,39.61038961038961,14.935064935064934,24.675324675324674,60.3896103896104,50,10.38961038961039
E00018555,177,67,26,41,110,89,21,37.85310734463277,14.689265536723164,23.163841807909606,62.14689265536724,50.282485875706215,11.864406779661017
E00018556,142,50,17,33,92,76,16,35.2112676056338,11.971830985915492,23.239436619718308,64.7887323943662,53.52112676056338,11.267605633802818
E00018557,161,65,30,35,96,75,21,40.37267080745342,18.633540372670808,21.73913043478261,59.62732919254658,46.58385093167702,13.043478260869565
E00018558,189,62,20,42,127,105,22,32.804232804232804,10.582010582010582,22.22222222222222,67.1957671957672,55.55555555555556,11.64021164021164
E00018559,203,76,30,46,127,110,17,37.4384236453202,14.77832512315271,22.660098522167488,62.5615763546798,54.187192118226605,8.374384236453201
E00018560,182,65,23,42,117,100,17,35.714285714285715,12.637362637362637,23.076923076923077,64.28571428571429,54.94505494505495,9.340659340659341
E00018561,183,68,23,45,115,100,15,37.15846994535519,12.568306010928962,24.59016393442623,62.841530054644814,54.644808743169406,8.19672131147541
E00018562,250,90,35,55,160,137,23,36,14.000000000000002,22,64,54.800000000000004,9.2
E00018563,174,68,28,40,106,94,12,39.08045977011494,16.091954022988507,22.988505747126435,60.91954022988506,54.02298850574713,6.896551724137931
E00018564,172,70,20,50,102,81,21,40.69767441860465,11.627906976744185,29.069767441860467,59.30232558139535,47.093023255813954,12.209302325581394
E00018565,181,75,26,49,106,90,16,41.43646408839779,14.3646408839779,27.071823204419886,58.5635359116022,49.72375690607735,8.83977900552486
E00018566,161,67,22,45,94,86,8,41.61490683229814,13.664596273291925,27.95031055900621,58.38509316770186,53.41614906832298,4.968944099378882
E00018567,207,79,25,54,128,93,35,38.164251207729464,12.077294685990339,26.08695652173913,61.83574879227053,44.927536231884055,16.908212560386474
E00018568,176,63,17,46,113,95,18,35.79545454545455,9.659090909090908,26.136363636363637,64.20454545454545,53.97727272727273,10.227272727272728
E00018569,185,72,24,48,113,94,19,38.91891891891892,12.972972972972974,25.945945945945947,61.08108108108108,50.810810810810814,10.27027027027027
E00018570,218,85,30,55,133,113,20,38.99082568807339,13.761467889908257,25.229357798165136,61.00917431192661,51.8348623853211,9.174311926605505
E00018571,204,78,27,51,126,115,11,38.23529411764706,13.23529411764706,25,61.76470588235294,56.372549019607845,5.392156862745098
E00018573,183,69,28,41,114,90,24,37.704918032786885,15.300546448087433,22.404371584699454,62.295081967213115,49.18032786885246,13.114754098360656
E00018574,184,75,27,48,109,86,23,40.76086956521739,14.673913043478262,26.08695652173913,59.2391304347826,46.73913043478261,12.5
E00018575,212,65,17,48,147,123,24,30.660377358490564,8.018867924528301,22.641509433962266,69.33962264150944,58.01886792452831,11.320754716981133
E00018576,194,72,29,43,122,104,18,37.11340206185567,14.948453608247423,22.164948453608247,62.88659793814433,53.608247422680414,9.278350515463918
E00018577,175,63,22,41,112,99,13,36,12.571428571428573,23.42857142857143,64,56.57142857142857,7.428571428571429
E00018578,197,73,36,37,124,90,34,37.055837563451774,18.274111675126903,18.781725888324875,62.944162436548226,45.68527918781726,17.258883248730964
E00018579,151,56,25,31,95,79,16,37.086092715231786,16.55629139072848,20.52980132450331,62.913907284768214,52.317880794701985,10.596026490066226
E00018580,188,73,25,48,115,104,11,38.82978723404255,13.297872340425531,25.53191489361702,61.170212765957444,55.319148936170215,5.851063829787234
E00018581,179,53,24,29,126,103,23,29.608938547486037,13.40782122905028,16.201117318435752,70.39106145251397,57.54189944134078,12.849162011173185
E00018582,131,51,26,25,80,69,11,38.93129770992366,19.84732824427481,19.083969465648856,61.06870229007634,52.67175572519084,8.396946564885496
E00018583,112,45,17,28,67,55,12,40.17857142857143,15.178571428571427,25,59.82142857142857,49.107142857142854,10.714285714285714
E00018584,82,24,13,11,58,49,9,29.268292682926827,15.853658536585366,13.414634146341465,70.73170731707317,59.756097560975604,10.975609756097562
E00018585,181,57,20,37,124,104,20,31.491712707182316,11.049723756906078,20.441988950276244,68.50828729281768,57.4585635359116,11.049723756906078
E00018586,162,64,22,42,98,86,12,39.50617283950617,13.580246913580247,25.925925925925924,60.49382716049383,53.086419753086425,7.4074074074074066
E00018587,123,31,11,20,92,80,12,25.203252032520325,8.94308943089431,16.260162601626014,74.79674796747967,65.04065040650406,9.75609756097561
E00018588,152,48,18,30,104,81,23,31.57894736842105,11.842105263157894,19.736842105263158,68.42105263157895,53.289473684210535,15.131578947368421
E00018589,130,42,14,28,88,71,17,32.30769230769231,10.76923076923077,21.53846153846154,67.6923076923077,54.61538461538461,13.076923076923078
E00018590,209,60,27,33,149,135,14,28.708133971291865,12.918660287081341,15.789473684210526,71.29186602870813,64.5933014354067,6.698564593301436
E00018591,161,57,26,31,104,94,10,35.40372670807454,16.149068322981368,19.25465838509317,64.59627329192547,58.38509316770186,6.211180124223603
E00018594,244,92,35,57,152,129,23,37.704918032786885,14.344262295081966,23.36065573770492,62.295081967213115,52.86885245901639,9.426229508196721
E00018595,168,53,24,29,115,89,26,31.547619047619047,14.285714285714285,17.261904761904763,68.45238095238095,52.976190476190474,15.476190476190476
E00018596,186,60,21,39,126,105,21,32.25806451612903,11.29032258064516,20.967741935483872,67.74193548387096,56.451612903225815,11.29032258064516
E00018597,216,75,29,46,141,118,23,34.72222222222222,13.425925925925927,21.296296296296298,65.27777777777779,54.629629629629626,10.648148148148149
E00018598,174,56,18,38,118,103,15,32.18390804597701,10.344827586206897,21.839080459770116,67.81609195402298,59.195402298850574,8.620689655172415
E00018599,229,61,21,40,168,142,26,26.637554585152838,9.170305676855897,17.46724890829694,73.36244541484717,62.00873362445415,11.353711790393014
E00018600,231,68,24,44,163,144,19,29.43722943722944,10.38961038961039,19.047619047619047,70.56277056277057,62.33766233766234,8.225108225108226
E00018601,238,72,27,45,166,136,30,30.252100840336134,11.344537815126051,18.907563025210084,69.74789915966386,57.14285714285714,12.605042016806722
E00018602,166,71,27,44,95,85,10,42.77108433734939,16.265060240963855,26.506024096385545,57.22891566265061,51.204819277108435,6.024096385542169
E00018603,229,85,38,47,144,115,29,37.117903930131,16.593886462882097,20.52401746724891,62.882096069869,50.21834061135371,12.663755458515283
E00018604,198,63,27,36,135,121,14,31.818181818181817,13.636363636363635,18.181818181818183,68.18181818181817,61.111111111111114,7.07070707070707
E00018605,179,57,18,39,122,94,28,31.843575418994412,10.05586592178771,21.787709497206702,68.15642458100558,52.513966480446925,15.64245810055866
E00018606,175,40,20,20,135,119,16,22.857142857142858,11.428571428571429,11.428571428571429,77.14285714285715,68,9.142857142857142
E00018607,147,45,24,21,102,87,15,30.612244897959183,16.3265306122449,14.285714285714285,69.38775510204081,59.183673469387756,10.204081632653061
E00018608,211,67,30,37,144,125,19,31.753554502369667,14.218009478672986,17.535545023696685,68.24644549763033,59.241706161137444,9.004739336492891
E00018610,177,44,19,25,133,115,18,24.858757062146893,10.734463276836157,14.124293785310735,75.14124293785311,64.97175141242938,10.16949152542373
E00018611,135,31,10,21,104,91,13,22.962962962962962,7.4074074074074066,15.555555555555555,77.03703703703704,67.4074074074074,9.62962962962963
E00018612,221,60,20,40,161,129,32,27.149321266968325,9.049773755656108,18.099547511312217,72.85067873303167,58.371040723981906,14.479638009049776
E00018613,167,44,26,18,123,107,16,26.34730538922156,15.568862275449103,10.778443113772456,73.65269461077844,64.07185628742515,9.580838323353294
E00018614,145,43,17,26,102,80,22,29.655172413793103,11.724137931034482,17.93103448275862,70.34482758620689,55.172413793103445,15.172413793103448
E00018615,92,31,15,16,61,53,8,33.69565217391305,16.304347826086957,17.391304347826086,66.30434782608695,57.608695652173914,8.695652173913043
E00018616,178,56,22,34,122,101,21,31.46067415730337,12.359550561797752,19.101123595505616,68.53932584269663,56.74157303370787,11.797752808988763
E00018617,250,58,23,35,192,157,35,23.200000000000003,9.2,14.000000000000002,76.8,62.8,14.000000000000002
E00018618,287,80,24,56,207,185,22,27.874564459930312,8.362369337979095,19.51219512195122,72.12543554006969,64.45993031358886,7.665505226480835
E00018619,205,61,25,36,144,120,24,29.756097560975608,12.195121951219512,17.560975609756095,70.24390243902438,58.536585365853654,11.707317073170733
E00018620,193,64,28,36,129,110,19,33.160621761658035,14.507772020725387,18.65284974093264,66.83937823834198,56.994818652849744,9.844559585492227
E00018621,177,59,18,41,118,101,17,33.33333333333333,10.16949152542373,23.163841807909606,66.66666666666666,57.06214689265536,9.6045197740113
E00018622,209,67,32,35,142,125,17,32.057416267942585,15.311004784688995,16.74641148325359,67.94258373205741,59.80861244019139,8.133971291866029
E00018623,251,67,21,46,184,151,33,26.693227091633464,8.366533864541832,18.326693227091635,73.30677290836654,60.1593625498008,13.147410358565736
E00018624,158,64,22,42,94,82,12,40.50632911392405,13.924050632911392,26.582278481012654,59.49367088607595,51.89873417721519,7.59493670886076
E00018625,148,54,22,32,94,77,17,36.486486486486484,14.864864864864865,21.62162162162162,63.51351351351351,52.02702702702703,11.486486486486488
E00018626,226,66,19,47,160,140,20,29.20353982300885,8.4070796460177,20.79646017699115,70.79646017699115,61.94690265486725,8.849557522123893
E00018628,169,65,24,41,104,90,14,38.46153846153847,14.201183431952662,24.2603550295858,61.53846153846154,53.25443786982249,8.284023668639055
E00018629,230,83,26,57,147,123,24,36.08695652173913,11.304347826086957,24.782608695652176,63.91304347826087,53.47826086956522,10.434782608695652
E00018630,214,69,28,41,145,118,27,32.242990654205606,13.084112149532709,19.158878504672895,67.7570093457944,55.140186915887845,12.616822429906541
E00018631,187,50,18,32,137,122,15,26.737967914438503,9.62566844919786,17.11229946524064,73.2620320855615,65.24064171122996,8.0213903743315509
E00018632,166,50,19,31,116,102,14,30.120481927710845,11.44578313253012,18.67469879518072,69.87951807228916,61.44578313253012,8.433734939759036
E00018633,240,64,14,50,176,144,32,26.666666666666668,5.833333333333333,20.833333333333336,73.33333333333333,60,13.333333333333334
E00018634,183,51,23,28,132,109,23,27.86885245901639,12.568306010928962,15.300546448087433,72.1311475409836,59.56284153005464,12.568306010928962
E00018635,194,55,17,38,139,107,32,28.350515463917525,8.762886597938143,19.587628865979383,71.64948453608247,55.154639175257735,16.49484536082474
E00018636,163,55,21,34,108,95,13,33.74233128834356,12.883435582822086,20.858895705521473,66.25766871165644,58.282208588957054,7.975460122699387
E00018637,87,25,4,21,62,53,9,28.735632183908045,4.597701149425287,24.137931034482758,71.26436781609196,60.91954022988506,10.344827586206897
E00018638,180,60,26,34,120,106,14,33.33333333333333,14.444444444444443,18.88888888888889,66.66666666666666,58.88888888888889,7.777777777777778
E00018639,196,45,13,32,151,129,22,22.95918367346939,6.63265306122449,16.3265306122449,77.04081632653062,65.81632653061224,11.224489795918368
E00018640,174,53,15,38,121,109,12,30.45977011494253,8.620689655172415,21.839080459770116,69.54022988505747,62.643678160919535,6.896551724137931
E00018641,210,75,32,43,135,105,30,35.714285714285715,15.238095238095239,20.476190476190474,64.28571428571429,50,14.285714285714285
E00018642,111,40,11,29,71,61,10,36.03603603603604,9.90990990990991,26.126126126126124,63.96396396396396,54.95495495495496,9.00900900900901
E00018643,175,62,26,36,113,98,15,35.42857142857142,14.857142857142858,20.57142857142857,64.57142857142857,56.00000000000001,8.571428571428571
E00018644,210,72,30,42,138,121,17,34.285714285714285,14.285714285714285,20,65.71428571428571,57.61904761904761,8.095238095238095
E00018646,204,69,27,42,135,98,37,33.82352941176471,13.23529411764706,20.588235294117645,66.17647058823529,48.03921568627451,18.137254901960784
E00018647,155,52,22,30,103,90,13,33.5483870967742,14.193548387096774,19.35483870967742,66.45161290322581,58.06451612903226,8.38709677419355
E00018648,154,40,22,18,114,94,20,25.97402597402597,14.285714285714285,11.688311688311687,74.02597402597402,61.038961038961034,12.987012987012985
E00018649,163,64,27,37,99,81,18,39.263803680981596,16.56441717791411,22.699386503067483,60.73619631901841,49.693251533742334,11.042944785276074
E00018650,154,47,24,23,107,85,22,30.519480519480517,15.584415584415584,14.935064935064934,69.48051948051948,55.1948051948052,14.285714285714285
E00018651,198,66,24,42,132,102,30,33.33333333333333,12.121212121212121,21.21212121212121,66.66666666666666,51.515151515151516,15.151515151515152
E00018652,256,67,25,42,189,170,19,26.171875,9.765625,16.40625,73.828125,66.40625,7.421875
E00018653,181,49,26,23,132,111,21,27.071823204419886,14.3646408839779,12.70718232044199,72.92817679558011,61.32596685082873,11.602209944751381
E00018654,160,41,18,23,119,101,18,25.624999999999996,11.25,14.374999999999998,74.375,63.125,11.25
E00018655,160,55,8,47,105,91,14,34.375,5,29.375,65.625,56.875,8.75
E00018656,149,49,28,21,100,86,14,32.88590604026846,18.79194630872483,14.093959731543624,67.11409395973155,57.71812080536913,9.395973154362416
E00018657,174,59,26,33,115,92,23,33.90804597701149,14.942528735632186,18.96551724137931,66.0919540229885,52.87356321839081,13.218390804597702
E00018658,175,53,17,36,122,95,27,30.28571428571429,9.714285714285714,20.57142857142857,69.71428571428572,54.285714285714285,15.428571428571427
E00018659,172,74,22,52,98,89,9,43.02325581395349,12.790697674418606,30.23255813953488,56.97674418604651,51.74418604651163,5.232558139534884
E00018660,108,37,16,21,71,55,16,34.25925925925926,14.814814814814813,19.444444444444446,65.74074074074075,50.92592592592593,14.814814814814813
E00018661,234,79,31,48,155,132,23,33.76068376068376,13.247863247863249,20.51282051282051,66.23931623931624,56.41025641025641,9.82905982905983
E00018662,188,55,18,37,133,115,18,29.25531914893617,9.574468085106384,19.680851063829788,70.74468085106383,61.170212765957444,9.574468085106384
E00018663,149,49,18,31,100,86,14,32.88590604026846,12.080536912751679,20.80536912751678,67.11409395973155,57.71812080536913,9.395973154362416
E00018664,183,64,27,37,119,103,16,34.97267759562842,14.754098360655737,20.21857923497268,65.02732240437157,56.284153005464475,8.743169398907105
E00018665,136,56,19,37,80,73,7,41.17647058823529,13.970588235294118,27.205882352941174,58.82352941176471,53.67647058823529,5.147058823529411
E00018666,162,42,15,27,120,108,12,25.925925925925924,9.25925925925926,16.666666666666664,74.07407407407408,66.66666666666666,7.4074074074074066
E00018667,123,43,17,26,80,75,5,34.959349593495936,13.821138211382115,21.138211382113823,65.04065040650406,60.97560975609756,4.0650406504065035
E00018669,144,68,28,40,76,65,11,47.22222222222222,19.444444444444446,27.77777777777778,52.77777777777778,45.13888888888889,7.638888888888889
E00018670,144,61,22,39,83,71,12,42.36111111111111,15.277777777777779,27.083333333333332,57.638888888888886,49.30555555555556,8.333333333333332
E00018671,141,53,13,40,88,74,14,37.5886524822695,9.219858156028367,28.368794326241137,62.4113475177305,52.4822695035461,9.929078014184398
E00018672,93,37,13,24,56,46,10,39.784946236559136,13.978494623655912,25.806451612903224,60.215053763440864,49.46236559139785,10.75268817204301
E00018673,124,50,15,35,74,67,7,40.32258064516129,12.096774193548388,28.225806451612907,59.67741935483871,54.03225806451613,5.64516129032258
E00018674,166,48,15,33,118,104,14,28.915662650602407,9.036144578313253,19.879518072289155,71.08433734939759,62.65060240963856,8.433734939759036
E00018675,172,60,28,32,112,89,23,34.883720930232556,16.27906976744186,18.6046511627907,65.11627906976744,51.74418604651163,13.372093023255813
E00018676,155,54,19,35,101,81,20,34.83870967741935,12.258064516129032,22.58064516129032,65.16129032258064,52.25806451612903,12.903225806451612
E00018677,143,59,29,30,84,70,14,41.25874125874126,20.27972027972028,20.97902097902098,58.74125874125874,48.95104895104895,9.79020979020979
E00018678,199,56,20,36,143,121,22,28.14070351758794,10.050251256281408,18.090452261306535,71.85929648241206,60.80402010050251,11.055276381909549
E00018679,142,45,18,27,97,90,7,31.690140845070424,12.676056338028168,19.014084507042252,68.30985915492957,63.38028169014085,4.929577464788732
E00018680,181,53,21,32,128,110,18,29.2817679558011,11.602209944751381,17.67955801104972,70.71823204419888,60.773480662983424,9.94475138121547
E00018681,176,62,23,39,114,101,13,35.22727272727273,13.068181818181818,22.15909090909091,64.77272727272727,57.38636363636363,7.386363636363637
E00018683,219,68,23,45,151,115,36,31.05022831050228,10.50228310502283,20.54794520547945,68.94977168949772,52.51141552511416,16.43835616438356
E00018684,226,87,34,53,139,115,24,38.49557522123894,15.04424778761062,23.451327433628318,61.504424778761056,50.88495575221239,10.619469026548673
E00018685,178,50,17,33,128,116,12,28.08988764044944,9.550561797752808,18.53932584269663,71.91011235955057,65.1685393258427,6.741573033707865
E00018686,194,58,24,34,136,114,22,29.896907216494846,12.371134020618557,17.525773195876287,70.10309278350515,58.76288659793815,11.34020618556701
E00018688,239,70,18,52,169,140,29,29.288702928870293,7.531380753138076,21.75732217573222,70.7112970711297,58.57740585774059,12.133891213389122
E00018689,191,64,20,44,127,107,20,33.50785340314136,10.471204188481675,23.036649214659686,66.49214659685863,56.02094240837696,10.471204188481675
E00018690,248,76,27,49,172,153,19,30.64516129032258,10.887096774193548,19.758064516129032,69.35483870967742,61.693548387096776,7.661290322580645
E00018691,183,72,16,56,111,102,9,39.34426229508197,8.743169398907105,30.601092896174865,60.65573770491803,55.73770491803278,4.918032786885246
E00018692,189,58,18,40,131,111,20,30.687830687830687,9.523809523809524,21.164021164021165,69.31216931216932,58.730158730158735,10.582010582010582
E00018693,203,74,28,46,129,107,22,36.45320197044335,13.793103448275861,22.660098522167488,63.54679802955665,52.70935960591133,10.83743842364532
E00018694,201,63,23,40,138,113,25,31.343283582089555,11.442786069651742,19.900497512437813,68.65671641791045,56.21890547263681,12.437810945273633
E00018695,196,70,31,39,126,98,28,35.714285714285715,15.816326530612246,19.897959183673468,64.28571428571429,50,14.285714285714285
E00018696,165,62,22,40,103,93,10,37.57575757575757,13.333333333333334,24.242424242424242,62.42424242424243,56.36363636363636,6.0606060606060606
E00018697,180,57,16,41,123,109,14,31.666666666666664,8.88888888888889,22.77777777777778,68.33333333333333,60.55555555555555,7.777777777777778
E00018698,257,55,17,38,202,184,18,21.40077821011673,6.614785992217899,14.785992217898833,78.59922178988327,71.59533073929961,7.003891050583658
E00018699,191,67,34,33,124,110,14,35.07853403141361,17.801047120418847,17.277486910994764,64.92146596858639,57.59162303664922,7.329842931937172
E00018700,229,72,19,53,157,134,23,31.4410480349345,8.296943231441048,23.144104803493452,68.5589519650655,58.515283842794766,10.043668122270741
E00018701,163,67,21,46,96,87,9,41.104294478527606,12.883435582822086,28.22085889570552,58.895705521472394,53.37423312883436,5.521472392638037
E00018702,189,63,26,37,126,110,16,33.33333333333333,13.756613756613756,19.576719576719576,66.66666666666666,58.201058201058196,8.465608465608465
E00018703,160,52,16,36,108,101,7,32.5,10,22.5,67.5,63.125,4.375
E00018704,145,52,16,36,93,85,8,35.86206896551724,11.03448275862069,24.82758620689655,64.13793103448275,58.620689655172406,5.517241379310345
E00018705,205,64,22,42,141,126,15,31.21951219512195,10.731707317073171,20.48780487804878,68.78048780487805,61.46341463414634,7.317073170731707
E00018706,200,58,24,34,142,124,18,28.999999999999996,12,17,71,62,9
E00018707,157,69,20,49,88,80,8,43.94904458598726,12.738853503184714,31.210191082802545,56.05095541401274,50.955414012738856,5.095541401273886
E00018708,242,76,30,46,166,151,15,31.40495867768595,12.396694214876034,19.00826446280992,68.59504132231406,62.396694214876035,6.198347107438017
E00018709,209,70,32,38,139,115,24,33.49282296650718,15.311004784688995,18.181818181818183,66.50717703349282,55.02392344497608,11.483253588516746
E00018710,204,69,22,47,135,109,26,33.82352941176471,10.784313725490197,23.03921568627451,66.17647058823529,53.431372549019606,12.745098039215685
E00018711,191,62,23,39,129,112,17,32.460732984293195,12.041884816753926,20.418848167539267,67.5392670157068,58.63874345549738,8.900523560209423
E00018712,222,73,24,49,149,125,24,32.88288288288289,10.81081081081081,22.07207207207207,67.11711711711712,56.30630630630631,10.81081081081081
E00018714,225,86,31,55,139,116,23,38.22222222222222,13.777777777777779,24.444444444444443,61.77777777777778,51.55555555555556,10.222222222222223
E00018716,201,63,21,42,138,117,21,31.343283582089555,10.44776119402985,20.8955223880597,68.65671641791045,58.2089552238806,10.44776119402985
E00018717,144,39,15,24,105,89,16,27.083333333333332,10.416666666666668,16.666666666666664,72.91666666666666,61.80555555555556,11.11111111111111
E00018718,142,43,13,30,99,82,17,30.28169014084507,9.15492957746479,21.12676056338028,69.71830985915493,57.74647887323944,11.971830985915492
E00018719,204,59,19,40,145,118,27,28.921568627450984,9.313725490196079,19.607843137254903,71.07843137254902,57.84313725490197,13.23529411764706
E00018720,199,51,23,28,148,135,13,25.628140703517587,11.557788944723619,14.07035175879397,74.37185929648241,67.8391959798995,6.532663316582915
E00018721,158,35,13,22,123,107,16,22.151898734177212,8.227848101265822,13.924050632911392,77.84810126582279,67.72151898734177,10.126582278481013
E00018722,165,57,28,29,108,94,14,34.54545454545455,16.969696969696972,17.575757575757574,65.45454545454545,56.96969696969697,8.484848484848486
E00018723,114,43,16,27,71,60,11,37.719298245614034,14.035087719298245,23.684210526315788,62.28070175438597,52.63157894736842,9.649122807017543
E00018724,160,45,14,31,115,99,16,28.125,8.75,19.375,71.875,61.875,10
E00018725,184,65,23,42,119,91,28,35.32608695652174,12.5,22.82608695652174,64.67391304347827,49.45652173913043,15.217391304347828
E00018726,170,52,17,35,118,101,17,30.58823529411765,10,20.588235294117645,69.41176470588235,59.411764705882355,10
E00018727,164,56,24,32,108,95,13,34.146341463414636,14.634146341463413,19.51219512195122,65.85365853658537,57.92682926829268,7.926829268292683
E00018728,152,55,12,43,97,87,10,36.18421052631579,7.894736842105263,28.289473684210524,63.81578947368421,57.23684210526315,6.578947368421052
E00018729,187,55,18,37,132,106,26,29.411764705882355,9.62566844919786,19.786096256684495,70.58823529411765,56.68449197860963,13.903743315508022
E00018730,159,46,21,25,113,98,15,28.930817610062892,13.20754716981132,15.723270440251572,71.0691823899371,61.63522012578616,9.433962264150944
E00018731,125,41,20,21,84,74,10,32.800000000000004,16,16.8,67.2,59.199999999999996,8
E00018732,175,45,17,28,130,116,14,25.71428571428571,9.714285714285714,16,74.28571428571429,66.28571428571428,8
E00018733,161,56,18,38,105,92,13,34.78260869565217,11.180124223602485,23.60248447204969,65.21739130434783,57.14285714285714,8.074534161490684
E00018734,170,52,12,40,118,95,23,30.58823529411765,7.0588235294117645,23.52941176470588,69.41176470588235,55.88235294117647,13.529411764705882
E00018735,206,68,24,44,138,125,13,33.00970873786408,11.650485436893204,21.35922330097087,66.99029126213593,60.679611650485434,6.310679611650485
E00018736,175,61,27,34,114,92,22,34.85714285714286,15.428571428571427,19.428571428571427,65.14285714285715,52.57142857142857,12.571428571428573
E00018737,131,32,5,27,99,81,18,24.427480916030532,3.816793893129771,20.610687022900763,75.57251908396947,61.832061068702295,13.740458015267176
E00018738,179,74,12,62,105,87,18,41.340782122905026,6.70391061452514,34.63687150837989,58.659217877094974,48.60335195530726,10.05586592178771
E00018739,174,57,14,43,117,110,7,32.758620689655174,8.045977011494253,24.71264367816092,67.24137931034483,63.2183908045977,4.022988505747127
E00018740,191,42,11,31,149,120,29,21.98952879581152,5.7591623036649215,16.230366492146597,78.01047120418848,62.82722513089005,15.18324607329843
E00018741,151,54,17,37,97,80,17,35.76158940397351,11.258278145695364,24.503311258278146,64.23841059602648,52.980132450331126,11.258278145695364
E00018742,105,38,15,23,67,63,4,36.19047619047619,14.285714285714285,21.904761904761905,63.8095238095238,60,3.8095238095238098
E00018743,170,55,18,37,115,109,6,32.35294117647059,10.588235294117647,21.764705882352942,67.64705882352942,64.11764705882354,3.5294117647058822
E00018744,164,52,21,31,112,97,15,31.70731707317073,12.804878048780488,18.902439024390244,68.29268292682927,59.14634146341463,9.146341463414634
E00018745,140,53,14,39,87,79,8,37.857142857142854,10,27.857142857142858,62.142857142857146,56.42857142857143,5.714285714285714
E00018746,114,43,14,29,71,61,10,37.719298245614034,12.280701754385964,25.438596491228072,62.28070175438597,53.50877192982456,8.771929824561402
E00018747,157,53,24,29,104,81,23,33.75796178343949,15.286624203821656,18.471337579617835,66.2420382165605,51.59235668789809,14.64968152866242
E00018748,173,64,22,42,109,93,16,36.99421965317919,12.716763005780345,24.277456647398843,63.005780346820806,53.75722543352601,9.248554913294797
E00018749,169,38,10,28,131,112,19,22.485207100591715,5.9171597633136095,16.56804733727811,77.51479289940828,66.27218934911244,11.242603550295858
E00018750,172,54,20,34,118,96,22,31.3953488372093,11.627906976744185,19.767441860465116,68.6046511627907,55.81395348837209,12.790697674418606
E00018751,197,86,28,58,111,95,16,43.65482233502538,14.213197969543149,29.441624365482234,56.34517766497462,48.223350253807105,8.121827411167512
E00018752,126,64,19,45,62,57,5,50.79365079365079,15.079365079365079,35.714285714285715,49.2063492063492,45.23809523809524,3.968253968253968
E00018753,204,83,24,59,121,100,21,40.68627450980392,11.76470588235294,28.921568627450984,59.31372549019608,49.01960784313725,10.294117647058822
E00018754,222,97,33,64,125,113,12,43.69369369369369,14.864864864864865,28.82882882882883,56.30630630630631,50.9009009009009,5.405405405405405
E00018755,156,83,23,60,73,67,6,53.205128205128204,14.743589743589745,38.46153846153847,46.794871794871796,42.94871794871795,3.8461538461538463
E00018756,209,73,26,47,136,121,15,34.92822966507177,12.440191387559809,22.48803827751196,65.07177033492823,57.89473684210527,7.177033492822966
E00018757,49,26,10,16,23,19,4,53.06122448979592,20.408163265306122,32.6530612244898,46.93877551020408,38.775510204081634,8.16326530612245
E00018758,141,63,21,42,78,66,12,44.680851063829785,14.893617021276595,29.78723404255319,55.319148936170215,46.808510638297875,8.51063829787234
E00018759,176,54,21,33,122,112,10,30.681818181818183,11.931818181818182,18.75,69.31818181818183,63.63636363636363,5.681818181818182
E00018760,136,50,10,40,86,80,6,36.76470588235294,7.352941176470589,29.411764705882355,63.23529411764706,58.82352941176471,4.411764705882353
E00018761,196,59,20,39,137,112,25,30.102040816326532,10.204081632653061,19.897959183673468,69.89795918367348,57.14285714285714,12.755102040816327
E00018762,229,99,29,70,130,107,23,43.23144104803494,12.663755458515283,30.567685589519648,56.76855895196506,46.724890829694324,10.043668122270741
E00018763,214,74,29,45,140,125,15,34.57943925233645,13.551401869158877,21.02803738317757,65.42056074766354,58.41121495327103,7.009345794392523
E00018764,189,71,26,45,118,109,9,37.56613756613756,13.756613756613756,23.809523809523807,62.43386243386243,57.67195767195767,4.761904761904762
E00018765,193,67,29,38,126,105,21,34.715025906735754,15.025906735751295,19.689119170984455,65.28497409326425,54.40414507772021,10.880829015544041
E00018766,170,65,24,41,105,90,15,38.23529411764706,14.117647058823529,24.11764705882353,61.76470588235294,52.94117647058824,8.823529411764707
E00018767,202,78,24,54,124,107,17,38.613861386138616,11.881188118811881,26.732673267326735,61.386138613861384,52.97029702970298,8.415841584158416
E00018768,128,58,14,44,70,57,13,45.3125,10.9375,34.375,54.6875,44.53125,10.15625
E00018769,151,63,18,45,88,72,16,41.72185430463576,11.920529801324504,29.80132450331126,58.27814569536424,47.682119205298015,10.596026490066226
E00018770,129,61,14,47,68,49,19,47.286821705426355,10.852713178294573,36.434108527131784,52.71317829457365,37.98449612403101,14.728682170542637
E00018771,97,39,10,29,58,53,5,40.20618556701031,10.309278350515463,29.896907216494846,59.79381443298969,54.63917525773196,5.154639175257731
E00018773,123,29,10,19,94,86,8,23.577235772357724,8.130081300813007,15.447154471544716,76.42276422764228,69.91869918699187,6.504065040650407
E00018774,66,29,11,18,37,28,9,43.93939393939394,16.666666666666664,27.27272727272727,56.060606060606055,42.42424242424242,13.636363636363635
E00018775,179,68,22,46,111,99,12,37.988826815642454,12.290502793296088,25.69832402234637,62.01117318435754,55.3072625698324,6.70391061452514
E00018776,84,39,12,27,45,38,7,46.42857142857143,14.285714285714285,32.142857142857146,53.57142857142857,45.23809523809524,8.333333333333332
E00018777,183,85,20,65,98,86,12,46.44808743169399,10.92896174863388,35.51912568306011,53.551912568306015,46.994535519125684,6.557377049180328
E00018779,188,84,32,52,104,90,14,44.680851063829785,17.02127659574468,27.659574468085108,55.319148936170215,47.87234042553192,7.446808510638298
E00018780,106,42,9,33,64,55,9,39.62264150943396,8.49056603773585,31.132075471698112,60.37735849056604,51.886792452830186,8.49056603773585
E00018781,180,78,21,57,102,79,23,43.333333333333336,11.666666666666666,31.666666666666664,56.666666666666664,43.888888888888886,12.777777777777777
E00018784,174,64,24,40,110,100,10,36.7816091954023,13.793103448275861,22.988505747126435,63.2183908045977,57.47126436781609,5.747126436781609
E00018785,102,41,14,27,61,61,0,40.19607843137255,13.725490196078432,26.47058823529412,59.80392156862745,59.80392156862745,0
E00018786,223,77,26,51,146,128,18,34.52914798206278,11.659192825112108,22.869955156950674,65.47085201793722,57.399103139013455,8.071748878923767
E00018787,125,53,24,29,72,69,3,42.4,19.2,23.200000000000003,57.599999999999994,55.2,2.4
E00018788,172,67,16,51,105,89,16,38.95348837209303,9.30232558139535,29.651162790697676,61.04651162790697,51.74418604651163,9.30232558139535
E00018789,227,86,31,55,141,118,23,37.88546255506608,13.656387665198238,24.229074889867842,62.11453744493392,51.98237885462555,10.13215859030837
E00018790,229,82,34,48,147,124,23,35.80786026200873,14.847161572052403,20.96069868995633,64.19213973799127,54.14847161572053,10.043668122270741
E00018791,208,82,27,55,126,110,16,39.42307692307692,12.980769230769232,26.442307692307693,60.57692307692307,52.88461538461539,7.6923076923076925
E00018792,245,79,25,54,166,154,12,32.244897959183675,10.204081632653061,22.040816326530614,67.75510204081633,62.857142857142854,4.8979591836734695
E00018793,186,54,28,26,132,109,23,29.03225806451613,15.053763440860216,13.978494623655912,70.96774193548387,58.602150537634415,12.365591397849462
E00018795,216,79,41,38,137,123,14,36.574074074074076,18.98148148148148,17.59259259259259,63.42592592592593,56.94444444444444,6.481481481481481
E00018797,194,58,22,36,136,119,17,29.896907216494846,11.34020618556701,18.556701030927837,70.10309278350515,61.34020618556701,8.762886597938143
E00018798,217,66,20,46,151,129,22,30.414746543778804,9.216589861751153,21.19815668202765,69.5852534562212,59.44700460829493,10.138248847926267
E00018799,210,61,28,33,149,135,14,29.04761904761905,13.333333333333334,15.714285714285714,70.95238095238095,64.28571428571429,6.666666666666667
E00018800,163,45,21,24,118,110,8,27.607361963190186,12.883435582822086,14.723926380368098,72.39263803680981,67.48466257668711,4.9079754601226995
E00018801,193,63,23,40,130,117,13,32.64248704663213,11.917098445595855,20.72538860103627,67.35751295336787,60.62176165803109,6.7357512953367875
E00018802,200,65,24,41,135,118,17,32.5,12,20.5,67.5,59,8.5
E00018803,185,55,22,33,130,118,12,29.72972972972973,11.891891891891893,17.83783783783784,70.27027027027027,63.78378378378379,6.486486486486487
E00018804,78,31,11,20,47,41,6,39.743589743589745,14.102564102564102,25.64102564102564,60.256410256410255,52.56410256410257,7.6923076923076925
E00018805,182,60,21,39,122,102,20,32.967032967032964,11.538461538461538,21.428571428571427,67.03296703296702,56.043956043956044,10.989010989010989
E00018806,204,67,22,45,137,122,15,32.84313725490196,10.784313725490197,22.058823529411764,67.15686274509804,59.80392156862745,7.352941176470589
E00018807,216,79,21,58,137,111,26,36.574074074074076,9.722222222222223,26.851851851851855,63.42592592592593,51.388888888888886,12.037037037037036
E00018808,197,76,29,47,121,110,11,38.578680203045685,14.720812182741117,23.85786802030457,61.42131979695431,55.83756345177665,5.583756345177665
E00018809,181,68,18,50,113,97,16,37.569060773480665,9.94475138121547,27.624309392265197,62.430939226519335,53.591160220994475,8.83977900552486
E00018810,209,75,24,51,134,115,19,35.88516746411483,11.483253588516746,24.401913875598087,64.11483253588517,55.02392344497608,9.090909090909092
E00018811,250,84,36,48,166,138,28,33.6,14.399999999999999,19.2,66.4,55.2,11.200000000000001
E00018812,159,65,32,33,94,81,13,40.88050314465409,20.125786163522015,20.754716981132077,59.11949685534591,50.943396226415096,8.176100628930817
E00018813,169,74,27,47,95,81,14,43.786982248520715,15.976331360946746,27.810650887573964,56.213017751479285,47.928994082840234,8.284023668639055
E00018814,172,63,30,33,109,90,19,36.627906976744185,17.441860465116278,19.186046511627907,63.372093023255815,52.32558139534884,11.046511627906977
E00018816,197,66,18,48,131,115,16,33.50253807106599,9.137055837563452,24.36548223350254,66.49746192893402,58.37563451776649,8.121827411167512
E00018817,209,67,23,44,142,124,18,32.057416267942585,11.004784688995215,21.052631578947366,67.94258373205741,59.33014354066985,8.61244019138756
E00018818,187,64,25,39,123,105,18,34.22459893048128,13.368983957219251,20.855614973262032,65.77540106951871,56.14973262032086,9.62566844919786
E00018819,227,71,24,47,156,127,29,31.277533039647576,10.572687224669604,20.704845814977972,68.72246696035242,55.947136563876654,12.77533039647577
E00018820,169,66,22,44,103,87,16,39.053254437869825,13.017751479289942,26.035502958579883,60.946745562130175,51.4792899408284,9.467455621301776
E00018821,217,73,30,43,144,111,33,33.6405529953917,13.82488479262673,19.81566820276498,66.3594470046083,51.1520737327189,15.207373271889402
E00018822,162,47,18,29,115,84,31,29.01234567901235,11.11111111111111,17.901234567901234,70.98765432098766,51.85185185185185,19.1358024691358
E00018823,139,42,20,22,97,81,16,30.215827338129497,14.388489208633093,15.827338129496402,69.7841726618705,58.27338129496403,11.510791366906476
E00018824,154,34,12,22,120,98,22,22.07792207792208,7.792207792207792,14.285714285714285,77.92207792207793,63.63636363636363,14.285714285714285
E00018825,174,36,14,22,138,112,26,20.689655172413794,8.045977011494253,12.643678160919542,79.3103448275862,64.36781609195403,14.942528735632186
E00018826,173,41,21,20,132,100,32,23.699421965317917,12.138728323699421,11.560693641618498,76.30057803468208,57.80346820809249,18.497109826589593
E00018827,143,35,14,21,108,93,15,24.475524475524477,9.79020979020979,14.685314685314685,75.52447552447552,65.03496503496503,10.48951048951049
E00018828,145,47,19,28,98,77,21,32.41379310344827,13.10344827586207,19.310344827586206,67.58620689655173,53.103448275862064,14.482758620689657
E00018829,96,21,9,12,75,58,17,21.875,9.375,12.5,78.125,60.416666666666664,17.708333333333336
E00018830,150,39,20,19,111,86,25,26,13.333333333333334,12.666666666666668,74,57.333333333333336,16.666666666666664
E00018831,124,35,18,17,89,72,17,28.225806451612907,14.516129032258066,13.709677419354838,71.7741935483871,58.06451612903226,13.709677419354838
E00018832,184,51,27,24,133,92,41,27.717391304347828,14.673913043478262,13.043478260869565,72.28260869565217,50,22.282608695652172
E00018833,153,44,18,26,109,83,26,28.75816993464052,11.76470588235294,16.99346405228758,71.24183006535948,54.248366013071895,16.99346405228758
E00018834,175,46,19,27,129,97,32,26.285714285714285,10.857142857142858,15.428571428571427,73.71428571428571,55.42857142857143,18.285714285714285
E00018835,197,56,20,36,141,113,28,28.426395939086298,10.152284263959391,18.274111675126903,71.57360406091371,57.360406091370564,14.213197969543149
E00018836,149,40,20,20,109,89,20,26.845637583892618,13.422818791946309,13.422818791946309,73.15436241610739,59.73154362416108,13.422818791946309
E00018837,149,32,17,15,117,90,27,21.476510067114095,11.409395973154362,10.06711409395973,78.52348993288591,60.40268456375839,18.120805369127517
E00018838,105,43,14,29,62,47,15,40.95238095238095,13.333333333333334,27.61904761904762,59.04761904761905,44.761904761904766,14.285714285714285
E00018839,171,48,15,33,123,88,35,28.07017543859649,8.771929824561402,19.298245614035086,71.9298245614035,51.461988304093566,20.46783625730994
E00018840,161,46,18,28,115,91,24,28.57142857142857,11.180124223602485,17.391304347826086,71.42857142857143,56.52173913043478,14.906832298136646
E00018841,115,33,12,21,82,66,16,28.695652173913043,10.434782608695652,18.26086956521739,71.30434782608695,57.391304347826086,13.91304347826087
E00018842,178,61,26,35,117,78,39,34.26966292134831,14.606741573033707,19.662921348314608,65.73033707865169,43.82022471910113,21.910112359550563
E00018843,142,29,9,20,113,82,31,20.422535211267608,6.338028169014084,14.084507042253522,79.5774647887324,57.74647887323944,21.830985915492956
E00018844,123,39,13,26,84,57,27,31.70731707317073,10.569105691056912,21.138211382113823,68.29268292682927,46.34146341463415,21.951219512195124
E00018845,132,34,18,16,98,79,19,25.757575757575758,13.636363636363635,12.121212121212121,74.24242424242425,59.84848484848485,14.393939393939394
E00018846,157,35,15,20,122,88,34,22.29299363057325,9.554140127388536,12.738853503184714,77.70700636942675,56.05095541401274,21.656050955414013
E00018847,157,50,21,29,107,73,34,31.84713375796178,13.375796178343949,18.471337579617835,68.15286624203821,46.496815286624205,21.656050955414013
E00018848,166,44,24,20,122,87,35,26.506024096385545,14.457831325301203,12.048192771084338,73.49397590361446,52.40963855421686,21.084337349397593
E00018849,264,73,21,52,191,160,31,27.65151515151515,7.954545454545454,19.696969696969695,72.34848484848484,60.60606060606061,11.742424242424242
E00018850,141,35,16,19,106,91,15,24.822695035460992,11.347517730496454,13.47517730496454,75.177304964539,64.53900709219859,10.638297872340425
E00018851,166,62,30,32,104,92,12,37.34939759036144,18.072289156626507,19.27710843373494,62.65060240963856,55.42168674698795,7.228915662650602
E00018852,161,45,16,29,116,90,26,27.95031055900621,9.937888198757763,18.012422360248447,72.04968944099379,55.90062111801242,16.149068322981368
E00018853,203,59,25,34,144,129,15,29.064039408866993,12.31527093596059,16.748768472906402,70.93596059113301,63.54679802955665,7.389162561576355
E00018854,169,56,21,35,113,94,19,33.13609467455622,12.42603550295858,20.710059171597635,66.86390532544378,55.62130177514793,11.242603550295858
E00018855,198,67,29,38,131,113,18,33.83838383838384,14.646464646464647,19.19191919191919,66.16161616161617,57.07070707070707,9.090909090909092
E00018857,129,44,12,32,85,73,12,34.10852713178294,9.30232558139535,24.8062015503876,65.89147286821705,56.58914728682171,9.30232558139535
E00018859,203,56,28,28,147,122,25,27.586206896551722,13.793103448275861,13.793103448275861,72.41379310344827,60.09852216748769,12.31527093596059
E00018860,155,46,12,34,109,97,12,29.677419354838708,7.741935483870968,21.935483870967744,70.3225806451613,62.58064516129033,7.741935483870968
E00018861,139,58,18,40,81,77,4,41.726618705035975,12.949640287769784,28.776978417266186,58.27338129496403,55.39568345323741,2.877697841726619
E00018862,193,72,24,48,121,106,15,37.30569948186528,12.435233160621761,24.870466321243523,62.69430051813472,54.92227979274611,7.772020725388601
E00018864,235,79,32,47,156,130,26,33.61702127659574,13.617021276595745,20,66.38297872340425,55.319148936170215,11.063829787234042
E00018865,200,66,24,42,134,116,18,33,12,21,67,57.99999999999999,9
E00018866,167,62,28,34,105,87,18,37.12574850299401,16.766467065868262,20.359281437125748,62.874251497005986,52.09580838323353,10.778443113772456
E00018867,195,53,22,31,142,123,19,27.17948717948718,11.282051282051283,15.897435897435896,72.82051282051282,63.07692307692307,9.7435897435897445
E00018868,204,61,20,41,143,123,20,29.901960784313726,9.803921568627452,20.098039215686274,70.09803921568627,60.29411764705882,9.803921568627452
E00018869,223,98,26,72,125,103,22,43.946188340807176,11.659192825112108,32.28699551569507,56.05381165919282,46.18834080717489,9.865470852017937
E00018871,236,79,32,47,157,132,25,33.47457627118644,13.559322033898304,19.915254237288135,66.52542372881356,55.932203389830505,10.59322033898305
E00018872,160,58,24,34,102,94,8,36.25,15,21.25,63.74999999999999,58.75,5
E00018873,161,48,16,32,113,98,15,29.81366459627329,9.937888198757763,19.875776397515526,70.1863354037267,60.86956521739131,9.316770186335404
E00018874,218,81,24,57,137,120,17,37.15596330275229,11.009174311926607,26.146788990825687,62.84403669724771,55.04587155963303,7.79816513761468
E00018876,154,56,17,39,98,88,10,36.36363636363637,11.03896103896104,25.324675324675322,63.63636363636363,57.14285714285714,6.493506493506493
E00018877,175,72,25,47,103,89,14,41.14285714285714,14.285714285714285,26.857142857142858,58.857142857142854,50.857142857142854,8
E00018878,184,74,24,50,110,89,21,40.21739130434783,13.043478260869565,27.173913043478258,59.78260869565217,48.369565217391305,11.41304347826087
E00018879,235,76,28,48,159,136,23,32.340425531914896,11.914893617021278,20.425531914893615,67.65957446808511,57.87234042553191,9.787234042553191
E00018880,211,55,29,26,156,133,23,26.066350710900476,13.744075829383887,12.322274881516588,73.93364928909952,63.03317535545023,10.90047393364929
E00018881,208,71,21,50,137,126,11,34.13461538461539,10.096153846153847,24.03846153846154,65.86538461538461,60.57692307692307,5.288461538461538
E00018883,217,68,28,40,149,126,23,31.336405529953915,12.903225806451612,18.433179723502306,68.66359447004609,58.06451612903226,10.599078341013826
E00018884,215,60,28,32,155,138,17,27.906976744186046,13.023255813953488,14.883720930232558,72.09302325581395,64.18604651162791,7.906976744186046
E00018885,246,75,23,52,171,147,24,30.48780487804878,9.34959349593496,21.138211382113823,69.51219512195121,59.756097560975604,9.75609756097561
E00018886,208,57,21,36,151,125,26,27.403846153846157,10.096153846153847,17.307692307692307,72.59615384615384,60.09615384615385,12.5
E00018887,180,54,12,42,126,110,16,30,6.666666666666667,23.333333333333332,70,61.111111111111114,8.88888888888889
E00018888,266,96,31,65,170,127,43,36.09022556390977,11.654135338345863,24.43609022556391,63.90977443609023,47.744360902255636,16.165413533834585
E00018889,184,57,26,31,127,111,16,30.978260869565215,14.130434782608695,16.847826086956523,69.02173913043478,60.32608695652174,8.695652173913043
E00018890,202,81,26,55,121,101,20,40.099009900990104,12.871287128712872,27.22772277227723,59.900990099009896,50,9.900990099009901
E00018891,204,61,20,41,143,120,23,29.901960784313726,9.803921568627452,20.098039215686274,70.09803921568627,58.82352941176471,11.27450980392157
E00018892,222,47,14,33,175,152,23,21.17117117117117,6.306306306306306,14.864864864864865,78.82882882882883,68.46846846846847,10.36036036036036
E00018893,216,53,14,39,163,134,29,24.537037037037038,6.481481481481481,18.055555555555554,75.46296296296296,62.03703703703704,13.425925925925927
E00018894,83,27,13,14,56,51,5,32.53012048192771,15.66265060240964,16.867469879518072,67.46987951807229,61.44578313253012,6.024096385542169
E00018895,298,62,16,46,236,193,43,20.80536912751678,5.369127516778524,15.436241610738255,79.19463087248322,64.76510067114094,14.429530201342283
E00018896,55,20,8,12,35,33,2,36.36363636363637,14.545454545454545,21.818181818181817,63.63636363636363,60,3.6363636363636362
E00018897,99,39,11,28,60,52,8,39.39393939393939,11.11111111111111,28.28282828282828,60.60606060606061,52.52525252525253,8.080808080808081
E00018898,187,59,29,30,128,113,15,31.550802139037433,15.508021390374333,16.042780748663102,68.44919786096256,60.42780748663101,8.0213903743315509
E00018899,120,54,21,33,66,57,9,45,17.5,27.500000000000004,55.00000000000001,47.5,7.5
E00018900,186,43,16,27,143,127,16,23.118279569892472,8.60215053763441,14.516129032258066,76.88172043010752,68.27956989247312,8.60215053763441
E00018901,169,47,21,26,122,100,22,27.810650887573964,12.42603550295858,15.384615384615385,72.18934911242604,59.171597633136095,13.017751479289942
E00018902,146,60,20,40,86,77,9,41.0958904109589,13.698630136986301,27.397260273972602,58.9041095890411,52.73972602739726,6.164383561643835
E00018903,179,72,22,50,107,101,6,40.22346368715084,12.290502793296088,27.932960893854748,59.77653631284916,56.424581005586596,3.35195530726257
E00018904,190,51,22,29,139,120,19,26.842105263157894,11.578947368421053,15.263157894736842,73.15789473684211,63.1578947368421,10
E00018905,173,60,25,35,113,100,13,34.68208092485549,14.450867052023122,20.23121387283237,65.3179190751445,57.80346820809249,7.514450867052023
E00018906,179,50,21,29,129,98,31,27.932960893854748,11.731843575418994,16.201117318435752,72.06703910614524,54.7486033519553,17.318435754189945
E00018907,135,46,13,33,89,76,13,34.074074074074076,9.62962962962963,24.444444444444443,65.92592592592592,56.2962962962963,9.62962962962963
E00018908,184,43,16,27,141,114,27,23.369565217391305,8.695652173913043,14.673913043478262,76.63043478260869,61.95652173913043,14.673913043478262
E00018909,186,36,8,28,150,123,27,19.35483870967742,4.301075268817205,15.053763440860216,80.64516129032258,66.12903225806451,14.516129032258066
E00018910,242,71,29,42,171,126,45,29.338842975206614,11.983471074380166,17.355371900826448,70.66115702479338,52.066115702479344,18.59504132231405
E00018911,189,57,22,35,132,111,21,30.158730158730158,11.64021164021164,18.51851851851852,69.84126984126983,58.730158730158735,11.11111111111111
E00018912,161,44,20,24,117,94,23,27.32919254658385,12.422360248447205,14.906832298136646,72.67080745341616,58.38509316770186,14.285714285714285
E00018913,179,44,8,36,135,105,30,24.581005586592177,4.4692737430167595,20.11173184357542,75.41899441340783,58.659217877094974,16.75977653631285
E00018914,199,53,19,34,146,119,27,26.633165829145728,9.547738693467336,17.08542713567839,73.36683417085426,59.798994974874375,13.5678391959799
E00018915,174,26,7,19,148,128,20,14.942528735632186,4.022988505747127,10.919540229885058,85.0574712643678,73.5632183908046,11.494252873563218
E00018916,324,87,30,57,237,208,29,26.851851851851855,9.25925925925926,17.59259259259259,73.14814814814815,64.19753086419753,8.950617283950617
E00018917,206,53,26,27,153,124,29,25.728155339805824,12.62135922330097,13.106796116504855,74.27184466019418,60.19417475728155,14.077669902912621
E00018918,188,63,21,42,125,112,13,33.51063829787234,11.170212765957446,22.340425531914892,66.48936170212765,59.57446808510638,6.914893617021277
E00018919,166,40,17,23,126,92,34,24.096385542168676,10.240963855421686,13.855421686746988,75.90361445783132,55.42168674698795,20.481927710843372
E00018920,191,60,15,45,131,113,18,31.413612565445025,7.853403141361256,23.56020942408377,68.58638743455498,59.16230366492147,9.424083769633508
E00018921,227,62,26,36,165,138,27,27.312775330396477,11.45374449339207,15.859030837004406,72.68722466960352,60.792951541850215,11.894273127753303
E00018922,157,42,18,24,115,87,28,26.751592356687897,11.464968152866243,15.286624203821656,73.24840764331209,55.4140127388535,17.8343949044586
E00018923,184,44,16,28,140,112,28,23.91304347826087,8.695652173913043,15.217391304347828,76.08695652173914,60.86956521739131,15.217391304347828
E00018924,196,56,22,34,140,106,34,28.57142857142857,11.224489795918368,17.346938775510203,71.42857142857143,54.08163265306123,17.346938775510203
E00018925,180,39,22,17,141,124,17,21.666666666666668,12.222222222222221,9.444444444444445,78.33333333333333,68.88888888888889,9.444444444444445
E00018926,211,47,19,28,164,120,44,22.274881516587676,9.004739336492891,13.270142180094787,77.72511848341233,56.872037914691944,20.85308056872038
E00018927,168,51,20,31,117,96,21,30.357142857142854,11.904761904761903,18.452380952380953,69.64285714285714,57.14285714285714,12.5
E00018928,156,54,22,32,102,85,17,34.61538461538461,14.102564102564102,20.51282051282051,65.38461538461539,54.48717948717948,10.897435897435898
E00018929,153,57,19,38,96,83,13,37.254901960784316,12.418300653594772,24.836601307189543,62.745098039215684,54.248366013071895,8.49673202614379
E00018930,169,62,20,42,107,96,11,36.68639053254438,11.834319526627219,24.85207100591716,63.31360946745562,56.80473372781065,6.508875739644971
E00018931,148,47,14,33,101,85,16,31.756756756756754,9.45945945945946,22.2972972972973,68.24324324324324,57.432432432432435,10.81081081081081
E00018932,195,68,29,39,127,113,14,34.87179487179487,14.871794871794872,20,65.12820512820512,57.948717948717956,7.179487179487179
E00018933,225,86,38,48,139,118,21,38.22222222222222,16.88888888888889,21.333333333333336,61.77777777777778,52.44444444444445,9.333333333333334
E00018934,239,107,38,69,132,114,18,44.76987447698745,15.899581589958158,28.870292887029287,55.23012552301255,47.69874476987448,7.531380753138076
E00018935,232,98,34,64,134,124,10,42.241379310344826,14.655172413793101,27.586206896551722,57.758620689655174,53.44827586206896,4.310344827586207
E00018936,189,70,18,52,119,103,16,37.03703703703704,9.523809523809524,27.513227513227513,62.96296296296296,54.4973544973545,8.465608465608465
E00018937,205,73,30,43,132,119,13,35.609756097560975,14.634146341463413,20.975609756097562,64.39024390243902,58.048780487804876,6.341463414634147
E00018939,254,108,38,70,146,127,19,42.51968503937008,14.960629921259844,27.559055118110237,57.48031496062992,50,7.480314960629922
E00018943,223,67,23,44,156,130,26,30.04484304932735,10.31390134529148,19.730941704035875,69.95515695067265,58.29596412556054,11.659192825112108
E00018944,132,37,11,26,95,82,13,28.030303030303028,8.333333333333332,19.696969696969695,71.96969696969697,62.121212121212125,9.848484848484848
E00018945,200,62,20,42,138,117,21,31,10,21,69,58.5,10.5
E00018946,170,53,22,31,117,102,15,31.176470588235293,12.941176470588237,18.235294117647058,68.82352941176471,60,8.823529411764707
E00018947,219,69,25,44,150,135,15,31.506849315068493,11.415525114155251,20.091324200913242,68.4931506849315,61.64383561643836,6.8493150684931505
E00018948,119,32,12,20,87,79,8,26.89075630252101,10.084033613445378,16.80672268907563,73.10924369747899,66.38655462184873,6.722689075630252
E00018949,198,67,20,47,131,115,16,33.83838383838384,10.1010101010101,23.737373737373737,66.16161616161617,58.080808080808076,8.080808080808081
E00018950,182,71,28,43,111,88,23,39.010989010989015,15.384615384615385,23.626373626373624,60.98901098901099,48.35164835164835,12.637362637362637
E00018951,166,63,27,36,103,83,20,37.95180722891566,16.265060240963855,21.686746987951807,62.048192771084345,50,12.048192771084338
E00018952,177,60,24,36,117,98,19,33.89830508474576,13.559322033898304,20.33898305084746,66.10169491525424,55.367231638418076,10.734463276836157
E00018953,163,59,21,38,104,84,20,36.19631901840491,12.883435582822086,23.31288343558282,63.80368098159509,51.533742331288344,12.269938650306749
E00018954,78,20,6,14,58,51,7,25.64102564102564,7.6923076923076925,17.94871794871795,74.35897435897436,65.38461538461539,8.974358974358974
E00018955,196,75,26,49,121,108,13,38.265306122448976,13.26530612244898,25,61.73469387755102,55.10204081632652,6.63265306122449
E00018956,174,43,16,27,131,119,12,24.71264367816092,9.195402298850574,15.517241379310345,75.28735632183908,68.39080459770115,6.896551724137931
E00018958,130,39,8,31,91,86,5,30,6.153846153846154,23.846153846153847,70,66.15384615384615,3.8461538461538463
E00018959,238,82,36,46,156,146,10,34.45378151260504,15.126050420168067,19.327731092436977,65.54621848739495,61.34453781512605,4.201680672268908
E00018960,225,65,29,36,160,137,23,28.888888888888886,12.88888888888889,16,71.11111111111111,60.88888888888889,10.222222222222223
E00018961,225,98,25,73,127,114,13,43.55555555555555,11.11111111111111,32.44444444444444,56.44444444444444,50.66666666666667,5.777777777777778
E00018962,191,48,20,28,143,119,24,25.13089005235602,10.471204188481675,14.659685863874344,74.86910994764398,62.30366492146597,12.56544502617801
E00018963,196,46,21,25,150,118,32,23.46938775510204,10.714285714285714,12.755102040816327,76.53061224489795,60.204081632653065,16.3265306122449
E00018964,208,48,20,28,160,112,48,23.076923076923077,9.615384615384617,13.461538461538462,76.92307692307693,53.84615384615385,23.076923076923077
E00018965,216,40,20,20,176,131,45,18.51851851851852,9.25925925925926,9.25925925925926,81.48148148148148,60.64814814814815,20.833333333333336
E00018966,174,36,15,21,138,112,26,20.689655172413794,8.620689655172415,12.068965517241379,79.3103448275862,64.36781609195403,14.942528735632186
E00018967,198,44,26,18,154,124,30,22.22222222222222,13.131313131313133,9.090909090909092,77.77777777777779,62.62626262626263,15.151515151515152
E00018968,156,58,28,30,98,63,35,37.17948717948718,17.94871794871795,19.230769230769234,62.82051282051282,40.38461538461539,22.435897435897438
E00018969,218,61,25,36,157,125,32,27.981651376146786,11.46788990825688,16.51376146788991,72.01834862385321,57.3394495412844,14.678899082568808
E00018970,152,28,12,16,124,93,31,18.421052631578945,7.894736842105263,10.526315789473683,81.57894736842105,61.18421052631579,20.394736842105264
E00018971,119,30,9,21,89,70,19,25.210084033613445,7.563025210084033,17.647058823529413,74.78991596638656,58.82352941176471,15.966386554621847
E00018972,135,41,14,27,94,76,18,30.37037037037037,10.37037037037037,20,69.62962962962963,56.2962962962963,13.333333333333334
E00018973,75,22,10,12,53,37,16,29.333333333333332,13.333333333333334,16,70.66666666666667,49.333333333333336,21.333333333333336
E00018974,125,35,15,20,90,75,15,28.000000000000004,12,16,72,60,12
E00018975,156,36,13,23,120,88,32,23.076923076923077,8.333333333333332,14.743589743589745,76.92307692307693,56.41025641025641,20.51282051282051
E00018976,158,41,19,22,117,87,30,25.949367088607595,12.025316455696203,13.924050632911392,74.0506329113924,55.06329113924051,18.9873417721519
E00018977,161,50,22,28,111,86,25,31.05590062111801,13.664596273291925,17.391304347826086,68.94409937888199,53.41614906832298,15.527950310559005
E00018978,149,48,24,24,101,76,25,32.21476510067114,16.10738255033557,16.10738255033557,67.78523489932886,51.006711409395976,16.778523489932887
E00018979,120,39,14,25,81,63,18,32.5,11.666666666666666,20.833333333333336,67.5,52.5,15
E00018980,88,16,9,7,72,58,14,18.181818181818183,10.227272727272728,7.954545454545454,81.81818181818183,65.9090909090909,15.909090909090908
E00018981,173,58,28,30,115,81,34,33.52601156069364,16.184971098265898,17.341040462427745,66.47398843930635,46.82080924855491,19.653179190751445
E00018982,142,51,19,32,91,76,15,35.91549295774648,13.380281690140844,22.535211267605636,64.08450704225352,53.52112676056338,10.56338028169014
E00018983,93,24,8,16,69,57,12,25.806451612903224,8.60215053763441,17.20430107526882,74.19354838709677,61.29032258064516,12.903225806451612
E00018984,141,34,11,23,107,85,22,24.113475177304963,7.801418439716312,16.312056737588655,75.88652482269504,60.28368794326241,15.602836879432624
E00018985,188,47,18,29,141,118,23,25,9.574468085106384,15.425531914893616,75,62.76595744680851,12.23404255319149
E00018986,135,35,13,22,100,84,16,25.925925925925924,9.62962962962963,16.296296296296298,74.07407407407408,62.22222222222222,11.851851851851853
E00018987,95,29,8,21,66,57,9,30.526315789473685,8.421052631578947,22.105263157894736,69.47368421052632,60,9.473684210526317
E00018988,178,32,13,19,146,121,25,17.97752808988764,7.303370786516854,10.674157303370785,82.02247191011236,67.97752808988764,14.04494382022472
E00018989,116,35,12,23,81,58,23,30.17241379310345,10.344827586206897,19.82758620689655,69.82758620689656,50,19.82758620689655
E00018990,143,49,15,34,94,70,24,34.26573426573427,10.48951048951049,23.776223776223777,65.73426573426573,48.95104895104895,16.783216783216783
E00018991,130,32,17,15,98,79,19,24.615384615384617,13.076923076923078,11.538461538461538,75.38461538461539,60.76923076923077,14.615384615384617
E00018992,151,26,13,13,125,91,34,17.218543046357617,8.609271523178808,8.609271523178808,82.78145695364239,60.264900662251655,22.516556291390728
E00018993,208,44,19,25,164,134,30,21.153846153846153,9.134615384615383,12.01923076923077,78.84615384615384,64.42307692307693,14.423076923076922
E00018994,193,47,16,31,146,116,30,24.352331606217618,8.290155440414509,16.06217616580311,75.64766839378238,60.10362694300518,15.544041450777202
E00018995,130,30,15,15,100,93,7,23.076923076923077,11.538461538461538,11.538461538461538,76.92307692307693,71.53846153846153,5.384615384615385
E00018996,195,55,24,31,140,108,32,28.205128205128204,12.307692307692308,15.897435897435896,71.7948717948718,55.38461538461539,16.41025641025641
E00018997,139,25,10,15,114,96,18,17.985611510791365,7.1942446043165464,10.79136690647482,82.01438848920863,69.06474820143885,12.949640287769784
E00018998,209,46,24,22,163,137,26,22.00956937799043,11.483253588516746,10.526315789473683,77.99043062200957,65.55023923444976,12.440191387559809
E00018999,43,22,13,9,21,19,2,51.162790697674424,30.23255813953488,20.930232558139537,48.837209302325576,44.18604651162791,4.651162790697675
E00019000,203,51,15,36,152,122,30,25.12315270935961,7.389162561576355,17.733990147783253,74.8768472906404,60.09852216748769,14.77832512315271
E00019001,78,19,7,12,59,40,19,24.358974358974358,8.974358974358974,15.384615384615385,75.64102564102564,51.28205128205128,24.358974358974358
E00019002,174,37,14,23,137,96,41,21.26436781609195,8.045977011494253,13.218390804597702,78.73563218390804,55.172413793103445,23.563218390804597
E00019003,156,46,18,28,110,83,27,29.48717948717949,11.538461538461538,17.94871794871795,70.51282051282051,53.205128205128204,17.307692307692307
E00019004,163,70,18,52,93,81,12,42.944785276073624,11.042944785276074,31.901840490797547,57.05521472392638,49.693251533742334,7.361963190184049
E00019005,257,88,24,64,169,156,13,34.24124513618677,9.33852140077821,24.90272373540856,65.75875486381322,60.70038910505836,5.058365758754864
E00019006,206,97,36,61,109,98,11,47.0873786407767,17.475728155339805,29.61165048543689,52.9126213592233,47.57281553398058,5.339805825242718
E00019007,155,55,19,36,100,85,15,35.483870967741936,12.258064516129032,23.225806451612904,64.51612903225806,54.83870967741935,9.67741935483871
E00019008,100,48,23,25,52,47,5,48,23,25,52,47,5
E00019009,201,77,27,50,124,98,26,38.308457711442784,13.432835820895523,24.875621890547265,61.69154228855721,48.756218905472636,12.935323383084576
E00019010,137,56,17,39,81,69,12,40.87591240875913,12.408759124087592,28.467153284671532,59.12408759124088,50.36496350364964,8.75912408759124
E00019012,152,44,15,29,108,97,11,28.947368421052634,9.868421052631579,19.078947368421055,71.05263157894737,63.81578947368421,7.236842105263158
E00019013,158,52,13,39,106,89,17,32.91139240506329,8.227848101265822,24.68354430379747,67.08860759493672,56.32911392405063,10.759493670886076
E00019014,151,50,23,27,101,87,14,33.11258278145696,15.2317880794702,17.880794701986755,66.88741721854305,57.615894039735096,9.271523178807946
E00019015,184,75,32,43,109,94,15,40.76086956521739,17.391304347826086,23.369565217391305,59.2391304347826,51.08695652173913,8.152173913043478
E00019016,170,75,25,50,95,86,9,44.11764705882353,14.705882352941178,29.411764705882355,55.88235294117647,50.588235294117645,5.294117647058823
E00019017,205,54,12,42,151,130,21,26.34146341463415,5.853658536585367,20.48780487804878,73.65853658536585,63.41463414634146,10.24390243902439
E00019018,153,62,21,41,91,83,8,40.52287581699346,13.725490196078432,26.797385620915033,59.47712418300654,54.248366013071895,5.228758169934641
E00019019,209,77,28,49,132,115,17,36.84210526315789,13.397129186602871,23.444976076555022,63.1578947368421,55.02392344497608,8.133971291866029
E00019020,172,68,25,43,104,92,12,39.53488372093023,14.534883720930234,25,60.46511627906976,53.48837209302325,6.976744186046512
E00019022,190,68,28,40,122,109,13,35.78947368421053,14.736842105263156,21.052631578947366,64.21052631578948,57.36842105263158,6.842105263157896
E00019023,140,59,22,37,81,70,11,42.142857142857146,15.714285714285714,26.42857142857143,57.85714285714286,50,7.857142857142857
E00019024,250,84,36,48,166,146,20,33.6,14.399999999999999,19.2,66.4,58.4,8
E00019025,213,102,42,60,111,93,18,47.88732394366197,19.718309859154928,28.169014084507044,52.112676056338024,43.66197183098591,8.450704225352112
E00019026,191,76,23,53,115,99,16,39.79057591623037,12.041884816753926,27.748691099476442,60.20942408376963,51.832460732984295,8.37696335078534
E00019027,195,67,26,41,128,109,19,34.35897435897436,13.333333333333334,21.025641025641026,65.64102564102564,55.8974358974359,9.7435897435897445
E00019028,213,67,21,46,146,129,17,31.455399061032864,9.859154929577464,21.5962441314554,68.54460093896714,60.56338028169014,7.981220657276995
E00019029,135,50,21,29,85,70,15,37.03703703703704,15.555555555555555,21.48148148148148,62.96296296296296,51.85185185185185,11.11111111111111
E00019030,159,53,21,32,106,85,21,33.33333333333333,13.20754716981132,20.125786163522015,66.66666666666666,53.459119496855344,13.20754716981132
E00019031,158,53,20,33,105,91,14,33.54430379746836,12.658227848101266,20.88607594936709,66.45569620253164,57.59493670886076,8.860759493670885
E00019032,194,80,25,55,114,99,15,41.23711340206185,12.886597938144329,28.350515463917525,58.76288659793815,51.03092783505154,7.731958762886598
E00019033,177,61,18,43,116,105,11,34.463276836158194,10.16949152542373,24.293785310734464,65.5367231638418,59.32203389830508,6.214689265536723
E00019034,155,55,18,37,100,87,13,35.483870967741936,11.612903225806452,23.870967741935484,64.51612903225806,56.12903225806451,8.38709677419355
E00019035,171,50,23,27,121,104,17,29.239766081871345,13.450292397660817,15.789473684210526,70.76023391812866,60.81871345029239,9.941520467836257
E00019036,139,47,15,32,92,80,12,33.81294964028777,10.79136690647482,23.021582733812952,66.18705035971223,57.55395683453237,8.633093525179856
E00019037,186,63,22,41,123,99,24,33.87096774193548,11.827956989247312,22.043010752688172,66.12903225806451,53.2258064516129,12.903225806451612
E00019038,195,87,30,57,108,95,13,44.61538461538462,15.384615384615385,29.230769230769234,55.38461538461539,48.717948717948715,6.666666666666667
E00019039,204,68,29,39,136,116,20,33.33333333333333,14.215686274509803,19.11764705882353,66.66666666666666,56.86274509803921,9.803921568627452
E00019040,114,30,10,20,84,68,16,26.31578947368421,8.771929824561402,17.543859649122805,73.68421052631578,59.64912280701754,14.035087719298245
E00019041,169,52,16,36,117,102,15,30.76923076923077,9.467455621301776,21.301775147928996,69.23076923076923,60.35502958579882,8.875739644970414
E00019042,161,43,17,26,118,92,26,26.70807453416149,10.559006211180124,16.149068322981368,73.29192546583852,57.14285714285714,16.149068322981368
E00019043,179,47,16,31,132,98,34,26.256983240223462,8.938547486033519,17.318435754189945,73.74301675977654,54.7486033519553,18.994413407821227
E00019044,151,29,14,15,122,92,30,19.205298013245034,9.271523178807946,9.933774834437086,80.79470198675497,60.9271523178808,19.867549668874172
E00019045,63,22,6,16,41,34,7,34.92063492063492,9.523809523809524,25.396825396825395,65.07936507936508,53.96825396825397,11.11111111111111
E00019046,214,60,25,35,154,116,38,28.037383177570092,11.682242990654206,16.355140186915886,71.96261682242991,54.20560747663551,17.75700934579439
E00019047,164,53,15,38,111,98,13,32.31707317073171,9.146341463414634,23.170731707317074,67.6829268292683,59.756097560975604,7.926829268292683
E00019048,129,41,15,26,88,72,16,31.782945736434108,11.627906976744185,20.155038759689923,68.21705426356588,55.81395348837209,12.4031007751938
E00019049,171,39,19,20,132,90,42,22.807017543859647,11.11111111111111,11.695906432748536,77.19298245614034,52.63157894736842,24.561403508771928
E00019050,165,52,27,25,113,92,21,31.515151515151512,16.363636363636363,15.151515151515152,68.48484848484848,55.757575757575765,12.727272727272727
E00019051,186,57,24,33,129,98,31,30.64516129032258,12.903225806451612,17.741935483870968,69.35483870967742,52.68817204301075,16.666666666666664
E00019052,196,56,20,36,140,102,38,28.57142857142857,10.204081632653061,18.367346938775512,71.42857142857143,52.04081632653062,19.387755102040817
E00019053,142,36,19,17,106,94,12,25.352112676056336,13.380281690140844,11.971830985915492,74.64788732394366,66.19718309859155,8.450704225352112
E00019054,178,56,24,32,122,96,26,31.46067415730337,13.48314606741573,17.97752808988764,68.53932584269663,53.93258426966292,14.606741573033707
E00019055,174,39,15,24,135,115,20,22.413793103448278,8.620689655172415,13.793103448275861,77.58620689655173,66.0919540229885,11.494252873563218
E00019056,131,30,10,20,101,79,22,22.900763358778626,7.633587786259542,15.267175572519085,77.09923664122137,60.30534351145038,16.793893129770993
E00019057,147,43,14,29,104,80,24,29.25170068027211,9.523809523809524,19.727891156462583,70.74829931972789,54.421768707483,16.3265306122449
E00019058,171,48,18,30,123,93,30,28.07017543859649,10.526315789473683,17.543859649122805,71.9298245614035,54.385964912280706,17.543859649122805
E00019059,196,41,21,20,155,136,19,20.918367346938776,10.714285714285714,10.204081632653061,79.08163265306123,69.38775510204081,9.693877551020408
E00019060,110,30,9,21,80,66,14,27.27272727272727,8.181818181818182,19.090909090909093,72.72727272727273,60,12.727272727272727
E00019061,155,42,17,25,113,92,21,27.09677419354839,10.967741935483872,16.129032258064516,72.90322580645162,59.354838709677416,13.548387096774196
E00019062,151,34,10,24,117,93,24,22.516556291390728,6.622516556291391,15.894039735099339,77.48344370860927,61.58940397350994,15.894039735099339
E00019063,124,43,13,30,81,68,13,34.67741935483871,10.483870967741936,24.193548387096776,65.32258064516128,54.83870967741935,10.483870967741936
E00019064,66,17,7,10,49,36,13,25.757575757575758,10.606060606060606,15.151515151515152,74.24242424242425,54.54545454545454,19.696969696969695
E00019065,175,49,22,27,126,102,24,28.000000000000004,12.571428571428573,15.428571428571427,72,58.285714285714285,13.714285714285715
E00019066,155,36,17,19,119,93,26,23.225806451612904,10.967741935483872,12.258064516129032,76.77419354838709,60,16.7741935483871
E00019067,159,43,15,28,116,91,25,27.044025157232703,9.433962264150944,17.61006289308176,72.95597484276729,57.23270440251572,15.723270440251572
E00019068,150,42,12,30,108,87,21,28.000000000000004,8,20,72,57.99999999999999,14.000000000000002
E00019069,169,48,22,26,121,106,15,28.402366863905325,13.017751479289942,15.384615384615385,71.59763313609467,62.721893491124256,8.875739644970414
E00019070,163,37,15,22,126,100,26,22.699386503067483,9.202453987730062,13.496932515337424,77.30061349693251,61.34969325153374,15.950920245398773
E00019071,146,35,10,25,111,75,36,23.972602739726025,6.8493150684931505,17.123287671232877,76.02739726027397,51.369863013698634,24.65753424657534
E00019072,174,39,14,25,135,108,27,22.413793103448278,8.045977011494253,14.367816091954023,77.58620689655173,62.06896551724138,15.517241379310345
E00019073,128,15,4,11,113,102,11,11.71875,3.125,8.59375,88.28125,79.6875,8.59375
E00019074,189,54,24,30,135,93,42,28.57142857142857,12.698412698412698,15.873015873015872,71.42857142857143,49.2063492063492,22.22222222222222
E00019075,142,38,17,21,104,70,34,26.76056338028169,11.971830985915492,14.788732394366196,73.23943661971832,49.29577464788733,23.943661971830984
E00019076,146,28,13,15,118,92,26,19.17808219178082,8.904109589041095,10.273972602739725,80.82191780821918,63.013698630136986,17.80821917808219
E00165806,114,48,14,34,66,55,11,42.10526315789473,12.280701754385964,29.82456140350877,57.89473684210527,48.24561403508772,9.649122807017543
E00175124,95,26,8,18,69,57,12,27.368421052631582,8.421052631578947,18.947368421052634,72.63157894736842,60,12.631578947368421
E00175125,91,29,15,14,62,53,9,31.868131868131865,16.483516483516482,15.384615384615385,68.13186813186813,58.24175824175825,9.89010989010989
E00175126,237,54,12,42,183,160,23,22.78481012658228,5.063291139240507,17.72151898734177,77.21518987341773,67.51054852320675,9.70464135021097
E00175127,234,63,25,38,171,149,22,26.923076923076923,10.683760683760683,16.23931623931624,73.07692307692307,63.67521367521367,9.401709401709402
E00175128,181,54,20,34,127,106,21,29.83425414364641,11.049723756906078,18.784530386740332,70.1657458563536,58.5635359116022,11.602209944751381
E00175129,176,54,20,34,122,110,12,30.681818181818183,11.363636363636363,19.318181818181817,69.31818181818183,62.5,6.8181818181818175
E00175130,166,35,14,21,131,127,4,21.084337349397593,8.433734939759036,12.650602409638553,78.91566265060241,76.50602409638554,2.4096385542168677
E00175131,144,50,17,33,94,87,7,34.72222222222222,11.805555555555555,22.916666666666664,65.27777777777779,60.416666666666664,4.861111111111112
E00175132,91,47,23,24,44,39,5,51.64835164835166,25.274725274725274,26.373626373626376,48.35164835164835,42.857142857142854,5.4945054945054945
E00175133,173,74,15,59,99,88,11,42.77456647398844,8.670520231213873,34.104046242774565,57.22543352601156,50.86705202312138,6.358381502890173
E00175134,198,42,9,33,156,142,14,21.21212121212121,4.545454545454546,16.666666666666664,78.78787878787878,71.71717171717171,7.07070707070707
E00175135,147,60,23,37,87,79,8,40.816326530612244,15.646258503401361,25.170068027210885,59.183673469387756,53.74149659863946,5.442176870748299
E00175136,236,77,30,47,159,138,21,32.6271186440678,12.711864406779661,19.915254237288135,67.37288135593221,58.47457627118644,8.898305084745763
E00175137,193,33,11,22,160,148,12,17.098445595854923,5.699481865284974,11.398963730569948,82.90155440414507,76.68393782383419,6.217616580310881
E00175138,120,26,11,15,94,81,13,21.666666666666668,9.166666666666666,12.5,78.33333333333333,67.5,10.833333333333334
E00175139,142,60,13,47,82,72,10,42.25352112676056,9.15492957746479,33.098591549295776,57.74647887323944,50.70422535211267,7.042253521126761
E00175140,136,43,19,24,93,75,18,31.61764705882353,13.970588235294118,17.647058823529413,68.38235294117648,55.14705882352941,13.23529411764706
E00175141,186,58,19,39,128,114,14,31.182795698924732,10.21505376344086,20.967741935483872,68.81720430107528,61.29032258064516,7.526881720430108
E00175142,153,69,21,48,84,70,14,45.09803921568628,13.725490196078432,31.372549019607842,54.90196078431373,45.751633986928105,9.15032679738562
E00175143,160,55,18,37,105,92,13,34.375,11.25,23.125,65.625,57.49999999999999,8.125
E00175144,221,71,24,47,150,134,16,32.126696832579185,10.85972850678733,21.266968325791854,67.87330316742081,60.633484162895925,7.239819004524888
E00175145,122,22,6,16,100,84,16,18.0327868852459,4.918032786885246,13.114754098360656,81.9672131147541,68.85245901639344,13.114754098360656
E00175146,153,44,13,31,109,97,12,28.75816993464052,8.49673202614379,20.26143790849673,71.24183006535948,63.39869281045751,7.8431372549019605
E00175147,140,22,5,17,118,99,19,15.714285714285714,3.571428571428571,12.142857142857142,84.28571428571429,70.71428571428572,13.571428571428571
E00175148,223,22,7,15,201,147,54,9.865470852017937,3.1390134529147984,6.726457399103139,90.13452914798206,65.91928251121077,24.2152466367713
E00175149,149,29,11,18,120,95,25,19.463087248322147,7.38255033557047,12.080536912751679,80.53691275167785,63.758389261744966,16.778523489932887
E00175150,192,68,20,48,124,111,13,35.41666666666667,10.416666666666668,25,64.58333333333334,57.8125,6.770833333333333
E00175151,78,26,4,22,52,46,6,33.33333333333333,5.128205128205128,28.205128205128204,66.66666666666666,58.97435897435898,7.6923076923076925
E00175152,127,42,14,28,85,70,15,33.07086614173229,11.023622047244094,22.04724409448819,66.92913385826772,55.118110236220474,11.811023622047244
E00175153,138,64,20,44,74,65,9,46.3768115942029,14.492753623188406,31.88405797101449,53.62318840579711,47.10144927536232,6.521739130434782
E00175155,183,41,22,19,142,127,15,22.404371584699454,12.021857923497267,10.382513661202186,77.59562841530054,69.39890710382514,8.19672131147541
E00175156,76,39,11,28,37,36,1,51.31578947368421,14.473684210526317,36.84210526315789,48.68421052631579,47.368421052631575,1.3157894736842104
E00175158,66,27,16,11,39,35,4,40.909090909090914,24.242424242424242,16.666666666666664,59.09090909090909,53.03030303030303,6.0606060606060606
E00175159,154,56,32,24,98,75,23,36.36363636363637,20.77922077922078,15.584415584415584,63.63636363636363,48.701298701298704,14.935064935064934
E00175160,130,46,19,27,84,55,29,35.38461538461539,14.615384615384617,20.76923076923077,64.61538461538461,42.30769230769231,22.30769230769231
E00175161,135,38,15,23,97,64,33,28.14814814814815,11.11111111111111,17.037037037037038,71.85185185185186,47.40740740740741,24.444444444444443
E00175162,85,21,7,14,64,52,12,24.705882352941178,8.235294117647058,16.470588235294116,75.29411764705883,61.1764705882353,14.117647058823529
E00175163,167,59,33,26,108,83,25,35.32934131736527,19.760479041916167,15.568862275449103,64.67065868263472,49.700598802395206,14.97005988023952
E00175164,288,71,32,39,217,184,33,24.65277777777778,11.11111111111111,13.541666666666666,75.34722222222221,63.888888888888886,11.458333333333332
E00175165,95,36,8,28,59,56,3,37.89473684210527,8.421052631578947,29.47368421052631,62.10526315789474,58.94736842105262,3.1578947368421053
E00175166,242,65,22,43,177,158,19,26.859504132231404,9.090909090909092,17.768595041322314,73.14049586776859,65.28925619834712,7.851239669421488
E00175167,87,20,10,10,67,53,14,22.988505747126435,11.494252873563218,11.494252873563218,77.01149425287356,60.91954022988506,16.091954022988507
E00175168,132,42,16,26,90,82,8,31.818181818181817,12.121212121212121,19.696969696969695,68.18181818181817,62.121212121212125,6.0606060606060606
E00175169,172,59,21,38,113,98,15,34.30232558139535,12.209302325581394,22.093023255813954,65.69767441860465,56.97674418604651,8.720930232558139
E00175170,63,17,7,10,46,37,9,26.984126984126984,11.11111111111111,15.873015873015872,73.01587301587301,58.730158730158735,14.285714285714285
E00175171,196,72,23,49,124,104,20,36.734693877551024,11.73469387755102,25,63.26530612244898,53.06122448979592,10.204081632653061
E00175172,175,59,22,37,116,97,19,33.714285714285715,12.571428571428573,21.142857142857142,66.28571428571428,55.42857142857143,10.857142857142858
E00175173,297,69,28,41,228,200,28,23.232323232323232,9.427609427609427,13.804713804713806,76.76767676767676,67.34006734006735,9.427609427609427
E00175174,190,60,15,45,130,112,18,31.57894736842105,7.894736842105263,23.684210526315788,68.42105263157895,58.94736842105262,9.473684210526317
E00175175,178,44,20,24,134,116,18,24.719101123595504,11.235955056179774,13.48314606741573,75.28089887640449,65.1685393258427,10.112359550561797
E00175176,149,50,17,33,99,85,14,33.557046979865774,11.409395973154362,22.14765100671141,66.44295302013423,57.04697986577181,9.395973154362416
E00175177,120,14,5,9,106,90,16,11.666666666666666,4.166666666666666,7.5,88.33333333333333,75,13.333333333333334
E00175178,133,39,19,20,94,84,10,29.32330827067669,14.285714285714285,15.037593984962406,70.67669172932331,63.1578947368421,7.518796992481203
E00175179,128,36,11,25,92,79,13,28.125,8.59375,19.53125,71.875,61.71875,10.15625
E00185676,83,38,14,24,45,39,6,45.78313253012048,16.867469879518072,28.915662650602407,54.21686746987952,46.98795180722892,7.228915662650602
E00185677,143,65,8,57,78,68,10,45.45454545454545,5.594405594405594,39.86013986013986,54.54545454545454,47.55244755244755,6.993006993006993
E00185685,152,55,18,37,97,80,17,36.18421052631579,11.842105263157894,24.342105263157894,63.81578947368421,52.63157894736842,11.18421052631579
E00185687,153,48,16,32,105,91,14,31.372549019607842,10.457516339869281,20.915032679738562,68.62745098039215,59.47712418300654,9.15032679738562
E00185688,178,61,25,36,117,98,19,34.26966292134831,14.04494382022472,20.224719101123593,65.73033707865169,55.0561797752809,10.674157303370785
E00185692,90,21,11,10,69,63,6,23.333333333333332,12.222222222222221,11.11111111111111,76.66666666666667,70,6.666666666666667
E00185693,97,39,17,22,58,55,3,40.20618556701031,17.525773195876287,22.68041237113402,59.79381443298969,56.70103092783505,3.0927835051546393
E00185697,175,64,25,39,111,97,14,36.57142857142857,14.285714285714285,22.285714285714285,63.42857142857142,55.42857142857143,8
E00185703,314,54,19,35,260,240,20,17.197452229299362,6.050955414012739,11.146496815286625,82.80254777070064,76.43312101910828,6.369426751592357
E00185704,86,40,15,25,46,39,7,46.51162790697674,17.441860465116278,29.069767441860467,53.48837209302325,45.348837209302324,8.13953488372093
E00185708,247,101,24,77,146,127,19,40.89068825910931,9.7165991902834,31.17408906882591,59.10931174089069,51.417004048582996,7.6923076923076925
E00185715,135,59,23,36,76,65,11,43.7037037037037,17.037037037037038,26.666666666666668,56.2962962962963,48.148148148148145,8.148148148148149
E00185719,137,56,23,33,81,69,12,40.87591240875913,16.78832116788321,24.087591240875913,59.12408759124088,50.36496350364964,8.75912408759124
E00185722,141,43,12,31,98,87,11,30.49645390070922,8.51063829787234,21.98581560283688,69.50354609929079,61.702127659574465,7.801418439716312
E00185723,197,60,18,42,137,131,6,30.456852791878177,9.137055837563452,21.31979695431472,69.54314720812182,66.49746192893402,3.0456852791878175
E00185731,173,64,20,44,109,93,16,36.99421965317919,11.560693641618498,25.43352601156069,63.005780346820806,53.75722543352601,9.248554913294797
E00185733,163,34,14,20,129,115,14,20.858895705521473,8.588957055214724,12.269938650306749,79.14110429447852,70.5521472392638,8.588957055214724
E00185736,74,13,3,10,61,49,12,17.56756756756757,4.054054054054054,13.513513513513514,82.43243243243244,66.21621621621621,16.216216216216218
E00185737,128,45,13,32,83,68,15,35.15625,10.15625,25,64.84375,53.125,11.71875
E00185738,247,81,16,65,166,134,32,32.79352226720648,6.477732793522267,26.31578947368421,67.20647773279353,54.25101214574899,12.955465587044534
E00185739,156,66,33,33,90,73,17,42.30769230769231,21.153846153846153,21.153846153846153,57.692307692307686,46.794871794871796,10.897435897435898
E00185740,180,41,19,22,139,127,12,22.77777777777778,10.555555555555555,12.222222222222221,77.22222222222223,70.55555555555556,6.666666666666667
E00185744,182,67,27,40,115,102,13,36.81318681318682,14.835164835164836,21.978021978021978,63.18681318681318,56.043956043956044,7.142857142857142
E00185753,137,40,18,22,97,85,12,29.1970802919708,13.138686131386862,16.05839416058394,70.8029197080292,62.04379562043796,8.75912408759124
E00185754,143,43,14,29,100,90,10,30.069930069930066,9.79020979020979,20.27972027972028,69.93006993006993,62.93706293706294,6.993006993006993
E00185756,141,34,13,21,107,91,16,24.113475177304963,9.219858156028367,14.893617021276595,75.88652482269504,64.53900709219859,11.347517730496454
E00185757,243,67,32,35,176,149,27,27.572016460905353,13.168724279835391,14.40329218106996,72.42798353909465,61.31687242798354,11.11111111111111
E00185758,214,99,25,74,115,110,5,46.26168224299065,11.682242990654206,34.57943925233645,53.73831775700935,51.4018691588785,2.336448598130841
E00185761,112,37,8,29,75,65,10,33.035714285714285,7.142857142857142,25.892857142857146,66.96428571428571,58.03571428571429,8.928571428571429
E00185762,169,72,24,48,97,83,14,42.60355029585799,14.201183431952662,28.402366863905325,57.396449704142015,49.112426035502956,8.284023668639055
E00185763,50,24,9,15,26,25,1,48,18,30,52,50,2
E00185764,62,27,9,18,35,28,7,43.54838709677419,14.516129032258066,29.03225806451613,56.451612903225815,45.16129032258064,11.29032258064516
E00185768,124,50,29,21,74,67,7,40.32258064516129,23.387096774193548,16.93548387096774,59.67741935483871,54.03225806451613,5.64516129032258
E00185769,380,70,21,49,310,261,49,18.421052631578945,5.526315789473684,12.894736842105264,81.57894736842105,68.6842105263158,12.894736842105264
E00185771,185,70,23,47,115,92,23,37.83783783783784,12.432432432432433,25.405405405405407,62.16216216216216,49.72972972972973,12.432432432432433
E00185775,160,22,8,14,138,114,24,13.750000000000002,5,8.75,86.25,71.25,15
E00185776,145,53,11,42,92,84,8,36.55172413793103,7.586206896551724,28.965517241379313,63.44827586206897,57.931034482758626,5.517241379310345
E00185777,149,50,17,33,99,91,8,33.557046979865774,11.409395973154362,22.14765100671141,66.44295302013423,61.07382550335571,5.369127516778524
E00185780,123,35,9,26,88,83,5,28.455284552845526,7.317073170731707,21.138211382113823,71.54471544715447,67.47967479674797,4.0650406504065035
E00185781,212,53,25,28,159,146,13,25,11.79245283018868,13.20754716981132,75,68.86792452830188,6.132075471698113
E00185786,35,16,5,11,19,16,3,45.714285714285715,14.285714285714285,31.428571428571427,54.285714285714285,45.714285714285715,8.571428571428571
E00185787,203,41,16,25,162,149,13,20.19704433497537,7.8817733990147785,12.31527093596059,79.80295566502463,73.39901477832512,6.403940886699508
E00185792,135,14,5,9,121,109,12,10.37037037037037,3.7037037037037033,6.666666666666667,89.62962962962962,80.74074074074075,8.88888888888889
E00185793,253,104,33,71,149,129,20,41.10671936758894,13.043478260869565,28.063241106719367,58.89328063241107,50.988142292490124,7.905138339920949
E00185799,178,53,18,35,125,102,23,29.775280898876407,10.112359550561797,19.662921348314608,70.2247191011236,57.30337078651685,12.921348314606742
E00185804,201,70,14,56,131,119,12,34.82587064676617,6.965174129353234,27.860696517412936,65.17412935323384,59.20398009950249,5.970149253731343
E00185805,71,25,6,19,46,37,9,35.2112676056338,8.450704225352112,26.76056338028169,64.7887323943662,52.112676056338024,12.676056338028168
E00185810,165,58,20,38,107,93,14,35.15151515151515,12.121212121212121,23.03030303030303,64.84848484848484,56.36363636363636,8.484848484848486
E00185811,190,73,22,51,117,105,12,38.421052631578945,11.578947368421053,26.842105263157894,61.578947368421055,55.26315789473685,6.315789473684211
E00185817,158,66,25,41,92,84,8,41.77215189873418,15.822784810126583,25.949367088607595,58.22784810126582,53.16455696202531,5.063291139240507
E00185823,100,26,9,17,74,68,6,26,9,17,74,68,6
E00185824,115,51,23,28,64,61,3,44.34782608695652,20,24.347826086956523,55.65217391304348,53.04347826086957,2.608695652173913
E00185830,233,57,20,37,176,170,6,24.463519313304722,8.583690987124463,15.879828326180256,75.53648068669528,72.96137339055794,2.575107296137339
E00185831,147,17,6,11,130,113,17,11.564625850340136,4.081632653061225,7.482993197278912,88.43537414965986,76.87074829931973,11.564625850340136
E00185835,170,56,20,36,114,108,6,32.94117647058823,11.76470588235294,21.176470588235293,67.05882352941175,63.52941176470588,3.5294117647058822
E00185836,190,80,31,49,110,98,12,42.10526315789473,16.315789473684212,25.789473684210527,57.89473684210527,51.578947368421055,6.315789473684211
E00185839,90,36,11,25,54,49,5,40,12.222222222222221,27.77777777777778,60,54.44444444444444,5.555555555555555
E00185840,201,92,29,63,109,94,15,45.77114427860697,14.427860696517413,31.343283582089555,54.22885572139303,46.766169154228855,7.462686567164178
E00185841,151,63,11,52,88,74,14,41.72185430463576,7.28476821192053,34.437086092715234,58.27814569536424,49.00662251655629,9.271523178807946
