OA,ts0380001,ts0380002,ts0380003,ts0380004,ts0380005,ts0380006,ts0380007,ts0380002_PCT,ts0380003_PCT,ts0380004_PCT,ts0380005_PCT,ts0380006_PCT,ts0380007_PCT
E00018337,558,90,39,51,468,21,447,16.129032258064516,6.989247311827956,9.13978494623656,83.87096774193549,3.763440860215054,80.10752688172043
E00018339,469,52,24,28,417,19,398,11.087420042643924,5.11727078891258,5.970149253731343,88.91257995735607,4.051172707889126,84.86140724946695
E00018340,411,48,18,30,363,30,333,11.678832116788321,4.37956204379562,7.2992700729927,88.32116788321169,7.2992700729927,81.02189781021897
E00018341,414,58,21,37,356,15,341,14.009661835748794,5.072463768115942,8.937198067632849,85.99033816425121,3.6231884057971016,82.3671497584541
E00018342,362,47,15,32,315,12,303,12.98342541436464,4.143646408839778,8.83977900552486,87.01657458563537,3.314917127071823,83.70165745856355
E00018343,310,28,9,19,282,16,266,9.032258064516128,2.903225806451613,6.129032258064516,90.96774193548387,5.161290322580645,85.80645161290322
E00018344,369,44,15,29,325,13,312,11.924119241192411,4.0650406504065035,7.8590785907859075,88.07588075880759,3.523035230352303,84.5528455284553
E00018345,395,41,18,23,354,19,335,10.379746835443038,4.556962025316456,5.822784810126582,89.62025316455696,4.810126582278481,84.81012658227847
E00018347,396,45,17,28,351,11,340,11.363636363636363,4.292929292929292,7.07070707070707,88.63636363636364,2.7777777777777777,85.85858585858585
E00018348,402,68,30,38,334,20,314,16.91542288557214,7.462686567164178,9.45273631840796,83.08457711442786,4.975124378109453,78.1094527363184
E00018349,378,48,26,22,330,18,312,12.698412698412698,6.878306878306878,5.82010582010582,87.3015873015873,4.761904761904762,82.53968253968253
E00018350,477,64,22,42,413,19,394,13.417190775681343,4.612159329140461,8.80503144654088,86.58280922431865,3.9832285115303985,82.59958071278825
E00018351,403,40,23,17,363,22,341,9.925558312655088,5.707196029776675,4.218362282878412,90.07444168734492,5.459057071960298,84.61538461538461
E00018352,372,38,18,20,334,20,314,10.21505376344086,4.838709677419355,5.376344086021505,89.78494623655914,5.376344086021505,84.40860215053763
E00018353,340,40,19,21,300,7,293,11.76470588235294,5.588235294117648,6.176470588235294,88.23529411764706,2.0588235294117645,86.1764705882353
E00018354,436,57,17,40,379,13,366,13.073394495412844,3.89908256880734,9.174311926605505,86.92660550458714,2.981651376146789,83.94495412844036
E00018355,480,49,22,27,431,18,413,10.208333333333334,4.583333333333333,5.625,89.79166666666667,3.75,86.04166666666667
E00018356,431,43,17,26,388,18,370,9.976798143851507,3.944315545243619,6.0324825986078885,90.02320185614849,4.176334106728538,85.84686774941996
E00018357,551,93,65,28,458,15,443,16.878402903811253,11.796733212341199,5.081669691470054,83.12159709618875,2.722323049001815,80.39927404718694
E00018358,455,48,20,28,407,16,391,10.54945054945055,4.395604395604396,6.153846153846154,89.45054945054946,3.5164835164835164,85.93406593406593
E00018359,436,50,17,33,386,20,366,11.46788990825688,3.89908256880734,7.568807339449542,88.53211009174312,4.587155963302752,83.94495412844036
E00018360,470,48,14,34,422,22,400,10.212765957446807,2.9787234042553195,7.234042553191489,89.7872340425532,4.680851063829787,85.1063829787234
E00018361,413,32,10,22,381,14,367,7.74818401937046,2.4213075060532687,5.326876513317192,92.25181598062953,3.389830508474576,88.86198547215496
E00018362,473,57,26,31,416,15,401,12.050739957716702,5.496828752642706,6.553911205073996,87.9492600422833,3.171247357293869,84.77801268498943
E00018363,450,43,11,32,407,19,388,9.555555555555555,2.4444444444444446,7.111111111111111,90.44444444444444,4.222222222222222,86.22222222222223
E00018364,430,45,19,26,385,11,374,10.465116279069768,4.4186046511627906,6.046511627906977,89.53488372093024,2.558139534883721,86.9767441860465
E00018365,395,38,17,21,357,17,340,9.620253164556962,4.30379746835443,5.3164556962025316,90.37974683544304,4.30379746835443,86.07594936708861
E00018366,455,45,20,25,410,19,391,9.89010989010989,4.395604395604396,5.4945054945054945,90.10989010989012,4.175824175824175,85.93406593406593
E00018367,392,45,21,24,347,23,324,11.479591836734695,5.357142857142857,6.122448979591836,88.5204081632653,5.86734693877551,82.6530612244898
E00018368,435,107,66,41,328,21,307,24.597701149425287,15.172413793103448,9.425287356321839,75.40229885057471,4.827586206896552,70.57471264367817
E00018370,400,39,15,24,361,12,349,9.75,3.75,6,90.25,3,87.25
E00018371,509,42,20,22,467,16,451,8.25147347740668,3.9292730844793713,4.322200392927308,91.74852652259332,3.143418467583497,88.60510805500982
E00018372,431,93,41,52,338,16,322,21.57772621809745,9.51276102088167,12.064965197215777,78.42227378190255,3.7122969837587005,74.70997679814386
E00018373,343,48,28,20,295,19,276,13.994169096209912,8.16326530612245,5.830903790087463,86.0058309037901,5.539358600583091,80.466472303207
E00018374,446,38,16,22,408,27,381,8.520179372197308,3.587443946188341,4.932735426008969,91.4798206278027,6.053811659192825,85.42600896860986
E00018375,435,37,19,18,398,20,378,8.505747126436782,4.3678160919540225,4.137931034482759,91.49425287356323,4.597701149425287,86.89655172413792
E00018376,185,54,28,26,131,8,123,29.18918918918919,15.135135135135137,14.054054054054054,70.8108108108108,4.324324324324325,66.48648648648648
E00018377,487,66,21,45,421,25,396,13.552361396303903,4.312114989733059,9.240246406570842,86.44763860369609,5.133470225872689,81.3141683778234
E00018378,220,38,19,19,182,12,170,17.272727272727273,8.636363636363637,8.636363636363637,82.72727272727273,5.454545454545454,77.27272727272727
E00018379,473,44,28,16,429,19,410,9.30232558139535,5.9196617336152215,3.382663847780127,90.69767441860465,4.0169133192389,86.68076109936575
E00018380,357,40,20,20,317,18,299,11.204481792717088,5.602240896358544,5.602240896358544,88.79551820728291,5.042016806722689,83.75350140056022
E00018381,579,39,15,24,540,16,524,6.7357512953367875,2.5906735751295336,4.145077720207254,93.26424870466322,2.763385146804836,90.50086355785838
E00018382,411,57,27,30,354,19,335,13.86861313868613,6.569343065693431,7.2992700729927,86.13138686131386,4.622871046228711,81.50851581508516
E00018383,570,57,21,36,513,12,501,10,3.684210526315789,6.315789473684211,90,2.1052631578947367,87.89473684210526
E00018384,343,38,19,19,305,16,289,11.078717201166182,5.539358600583091,5.539358600583091,88.92128279883383,4.664723032069971,84.25655976676384
E00018385,344,43,22,21,301,14,287,12.5,6.395348837209303,6.104651162790697,87.5,4.069767441860465,83.43023255813954
E00018386,442,47,20,27,395,14,381,10.633484162895927,4.524886877828054,6.108597285067873,89.36651583710407,3.167420814479638,86.19909502262443
E00018387,479,43,17,26,436,24,412,8.977035490605429,3.549060542797495,5.427974947807933,91.02296450939458,5.010438413361169,86.0125260960334
E00018389,515,53,22,31,462,20,442,10.29126213592233,4.271844660194175,6.019417475728155,89.70873786407768,3.8834951456310676,85.8252427184466
E00018390,431,31,13,18,400,7,393,7.192575406032482,3.0162412993039442,4.176334106728538,92.80742459396751,1.6241299303944314,91.1832946635731
E00018392,318,36,19,17,282,20,262,11.320754716981133,5.9748427672955975,5.345911949685535,88.67924528301887,6.289308176100629,82.38993710691824
E00018393,396,47,16,31,349,13,336,11.868686868686869,4.040404040404041,7.828282828282829,88.13131313131312,3.2828282828282833,84.84848484848484
E00018394,529,51,18,33,478,30,448,9.640831758034027,3.402646502835539,6.238185255198488,90.35916824196597,5.671077504725898,84.68809073724007
E00018395,310,49,23,26,261,19,242,15.806451612903224,7.419354838709677,8.38709677419355,84.19354838709677,6.129032258064516,78.06451612903226
E00018396,416,43,19,24,373,32,341,10.336538461538462,4.567307692307692,5.769230769230769,89.66346153846155,7.6923076923076925,81.97115384615384
E00018397,470,32,15,17,438,19,419,6.808510638297872,3.1914893617021276,3.6170212765957444,93.19148936170212,4.042553191489362,89.14893617021276
E00018398,388,49,18,31,339,18,321,12.628865979381443,4.639175257731959,7.989690721649484,87.37113402061856,4.639175257731959,82.73195876288659
E00018399,409,63,26,37,346,23,323,15.403422982885084,6.356968215158925,9.04645476772616,84.59657701711491,5.623471882640587,78.97310513447434
E00018400,364,41,20,21,323,24,299,11.263736263736265,5.4945054945054945,5.769230769230769,88.73626373626374,6.593406593406594,82.14285714285714
E00018401,372,45,20,25,327,10,317,12.096774193548388,5.376344086021505,6.720430107526881,87.90322580645162,2.6881720430107525,85.21505376344086
E00018402,452,41,18,23,411,18,393,9.070796460176991,3.982300884955752,5.0884955752212395,90.929203539823,3.982300884955752,86.94690265486726
E00018403,370,50,25,25,320,16,304,13.513513513513514,6.756756756756757,6.756756756756757,86.48648648648648,4.324324324324325,82.16216216216216
E00018404,441,48,15,33,393,30,363,10.884353741496598,3.4013605442176873,7.482993197278912,89.1156462585034,6.802721088435375,82.31292517006803
E00018405,335,47,17,30,288,14,274,14.029850746268657,5.074626865671641,8.955223880597014,85.97014925373134,4.179104477611941,81.7910447761194
E00018406,366,40,17,23,326,19,307,10.92896174863388,4.644808743169399,6.284153005464481,89.07103825136612,5.191256830601093,83.87978142076503
E00018407,396,42,16,26,354,21,333,10.606060606060606,4.040404040404041,6.565656565656567,89.39393939393939,5.303030303030303,84.0909090909091
E00018408,360,68,33,35,292,15,277,18.88888888888889,9.166666666666666,9.722222222222223,81.11111111111111,4.166666666666666,76.94444444444444
E00018409,317,27,10,17,290,21,269,8.517350157728707,3.1545741324921135,5.3627760252365935,91.48264984227129,6.624605678233439,84.85804416403786
E00018410,284,41,20,21,243,14,229,14.43661971830986,7.042253521126761,7.394366197183098,85.56338028169014,4.929577464788732,80.63380281690141
E00018411,312,44,20,24,268,21,247,14.102564102564102,6.41025641025641,7.6923076923076925,85.8974358974359,6.730769230769231,79.16666666666666
E00018412,382,36,16,20,346,22,324,9.424083769633508,4.18848167539267,5.2356020942408374,90.57591623036649,5.7591623036649215,84.81675392670157
E00018413,349,28,10,18,321,21,300,8.022922636103152,2.865329512893983,5.157593123209169,91.97707736389685,6.017191977077363,85.95988538681948
E00018414,407,37,10,27,370,30,340,9.090909090909092,2.457002457002457,6.6339066339066335,90.9090909090909,7.371007371007371,83.53808353808354
E00018415,364,42,18,24,322,19,303,11.538461538461538,4.945054945054945,6.593406593406594,88.46153846153845,5.21978021978022,83.24175824175825
E00018416,285,24,9,15,261,21,240,8.421052631578947,3.1578947368421053,5.263157894736842,91.57894736842105,7.368421052631578,84.21052631578947
E00018417,371,30,10,20,341,26,315,8.086253369272237,2.6954177897574128,5.3908355795148255,91.91374663072777,7.008086253369273,84.90566037735849
E00018418,321,61,24,37,260,13,247,19.003115264797508,7.476635514018691,11.526479750778815,80.99688473520249,4.049844236760125,76.94704049844236
E00018419,329,37,15,22,292,19,273,11.246200607902736,4.5592705167173255,6.68693009118541,88.75379939209726,5.775075987841945,82.97872340425532
E00018420,277,40,19,21,237,14,223,14.440433212996389,6.859205776173286,7.581227436823104,85.5595667870036,5.054151624548736,80.50541516245488
E00018421,270,43,21,22,227,20,207,15.925925925925927,7.777777777777778,8.148148148148149,84.07407407407408,7.4074074074074066,76.66666666666667
E00018422,257,25,6,19,232,13,219,9.72762645914397,2.3346303501945527,7.392996108949417,90.27237354085604,5.058365758754864,85.21400778210116
E00018423,295,44,9,35,251,16,235,14.915254237288137,3.050847457627119,11.864406779661017,85.08474576271186,5.423728813559322,79.66101694915254
E00018424,340,72,38,34,268,11,257,21.176470588235293,11.176470588235295,10,78.82352941176471,3.2352941176470593,75.58823529411765
E00018425,349,63,36,27,286,12,274,18.05157593123209,10.315186246418339,7.736389684813753,81.9484240687679,3.4383954154727796,78.51002865329512
E00018426,389,71,40,31,318,24,294,18.251928020565554,10.282776349614396,7.969151670951156,81.74807197943444,6.169665809768637,75.57840616966581
E00018427,261,57,23,34,204,15,189,21.839080459770116,8.812260536398467,13.026819923371647,78.16091954022988,5.747126436781609,72.41379310344827
E00018428,297,38,14,24,259,14,245,12.794612794612794,4.713804713804714,8.080808080808081,87.20538720538721,4.713804713804714,82.49158249158249
E00018429,353,46,14,32,307,25,282,13.031161473087819,3.9660056657223794,9.06515580736544,86.96883852691218,7.0821529745042495,79.88668555240793
E00018430,336,49,24,25,287,15,272,14.583333333333334,7.142857142857142,7.440476190476191,85.41666666666666,4.464285714285714,80.95238095238095
E00018431,332,36,17,19,296,10,286,10.843373493975903,5.120481927710843,5.72289156626506,89.1566265060241,3.0120481927710845,86.14457831325302
E00018432,359,42,17,25,317,13,304,11.699164345403899,4.735376044568245,6.963788300835655,88.3008356545961,3.6211699164345403,84.67966573816156
E00018433,391,62,25,37,329,18,311,15.856777493606138,6.3938618925831205,9.462915601023019,84.14322250639387,4.603580562659847,79.53964194373401
E00018434,345,44,24,20,301,25,276,12.753623188405797,6.956521739130435,5.797101449275362,87.2463768115942,7.246376811594203,80
E00018435,333,37,9,28,296,20,276,11.11111111111111,2.7027027027027026,8.408408408408409,88.88888888888889,6.006006006006006,82.88288288288288
E00018436,241,24,8,16,217,30,187,9.95850622406639,3.319502074688797,6.639004149377594,90.04149377593362,12.448132780082988,77.59336099585063
E00018437,290,39,16,23,251,21,230,13.448275862068964,5.517241379310345,7.931034482758621,86.55172413793103,7.241379310344828,79.3103448275862
E00018438,393,40,13,27,353,36,317,10.178117048346055,3.307888040712468,6.870229007633588,89.82188295165395,9.16030534351145,80.6615776081425
E00018439,327,29,14,15,298,19,279,8.868501529051988,4.281345565749235,4.587155963302752,91.13149847094802,5.81039755351682,85.3211009174312
E00018440,297,23,11,12,274,9,265,7.744107744107744,3.7037037037037033,4.040404040404041,92.25589225589226,3.0303030303030303,89.22558922558923
E00018441,328,35,12,23,293,18,275,10.670731707317072,3.6585365853658534,7.01219512195122,89.32926829268293,5.487804878048781,83.84146341463415
E00018443,406,46,20,26,360,10,350,11.330049261083744,4.926108374384237,6.403940886699508,88.66995073891626,2.4630541871921183,86.20689655172413
E00018444,282,29,14,15,253,7,246,10.28368794326241,4.964539007092199,5.319148936170213,89.71631205673759,2.4822695035460995,87.2340425531915
E00018445,232,32,18,14,200,6,194,13.793103448275861,7.758620689655173,6.0344827586206895,86.20689655172413,2.586206896551724,83.62068965517241
E00018446,369,37,12,25,332,14,318,10.02710027100271,3.2520325203252036,6.775067750677506,89.97289972899729,3.7940379403794036,86.1788617886179
E00018447,398,39,17,22,359,15,344,9.798994974874372,4.271356783919598,5.527638190954774,90.20100502512562,3.7688442211055273,86.4321608040201
E00018448,469,101,67,34,368,13,355,21.535181236673772,14.285714285714285,7.249466950959488,78.46481876332622,2.771855010660981,75.69296375266525
E00018449,538,60,22,38,478,21,457,11.152416356877323,4.089219330855019,7.063197026022305,88.84758364312268,3.903345724907063,84.94423791821562
E00018450,322,49,25,24,273,17,256,15.217391304347828,7.763975155279502,7.453416149068323,84.78260869565217,5.279503105590062,79.5031055900621
E00018451,349,62,31,31,287,17,270,17.765042979942695,8.882521489971348,8.882521489971348,82.23495702005731,4.871060171919771,77.36389684813754
E00018452,469,37,17,20,432,18,414,7.889125799573561,3.624733475479744,4.264392324093817,92.11087420042644,3.8379530916844353,88.27292110874201
E00018453,396,40,19,21,356,12,344,10.1010101010101,4.797979797979798,5.303030303030303,89.8989898989899,3.0303030303030303,86.86868686868688
E00018454,414,49,19,30,365,17,348,11.83574879227053,4.5893719806763285,7.246376811594203,88.16425120772948,4.1062801932367154,84.05797101449275
E00018455,290,20,11,9,270,11,259,6.896551724137931,3.793103448275862,3.103448275862069,93.10344827586206,3.793103448275862,89.3103448275862
E00018456,347,44,19,25,303,16,287,12.680115273775217,5.475504322766571,7.204610951008646,87.31988472622479,4.610951008645533,82.70893371757924
E00018457,393,27,12,15,366,18,348,6.870229007633588,3.0534351145038165,3.816793893129771,93.12977099236642,4.580152671755725,88.54961832061069
E00018458,434,30,15,15,404,22,382,6.912442396313365,3.4562211981566824,3.4562211981566824,93.08755760368663,5.0691244239631335,88.0184331797235
E00018459,452,44,21,23,408,20,388,9.734513274336283,4.646017699115045,5.0884955752212395,90.2654867256637,4.424778761061947,85.84070796460178
E00018460,420,35,16,19,385,7,378,8.333333333333332,3.8095238095238098,4.523809523809524,91.66666666666666,1.6666666666666667,90
E00018463,454,64,26,38,390,18,372,14.096916299559473,5.726872246696035,8.370044052863436,85.90308370044053,3.9647577092511015,81.93832599118943
E00018464,576,80,39,41,496,12,484,13.88888888888889,6.770833333333333,7.118055555555555,86.11111111111111,2.083333333333333,84.02777777777779
E00018465,397,67,28,39,330,18,312,16.876574307304786,7.052896725440807,9.82367758186398,83.12342569269522,4.534005037783375,78.58942065491183
E00018466,417,54,22,32,363,24,339,12.949640287769784,5.275779376498801,7.673860911270983,87.05035971223022,5.755395683453238,81.29496402877699
E00018467,271,27,13,14,244,10,234,9.96309963099631,4.797047970479705,5.166051660516605,90.03690036900369,3.6900369003690034,86.34686346863468
E00018468,429,53,24,29,376,15,361,12.354312354312354,5.594405594405594,6.75990675990676,87.64568764568764,3.4965034965034967,84.14918414918415
E00018469,280,45,12,33,235,8,227,16.071428571428573,4.285714285714286,11.785714285714285,83.92857142857143,2.857142857142857,81.07142857142857
E00018470,577,112,66,46,465,20,445,19.410745233968804,11.438474870017332,7.9722703639514725,80.58925476603119,3.466204506065858,77.12305025996534
E00018471,570,53,25,28,517,31,486,9.298245614035087,4.385964912280701,4.912280701754386,90.70175438596492,5.43859649122807,85.26315789473684
E00018472,526,51,23,28,475,14,461,9.695817490494296,4.3726235741444865,5.323193916349809,90.30418250950571,2.6615969581749046,87.6425855513308
E00018473,496,55,21,34,441,20,421,11.088709677419354,4.233870967741935,6.854838709677419,88.91129032258065,4.032258064516129,84.87903225806451
E00018474,580,86,40,46,494,24,470,14.827586206896552,6.896551724137931,7.931034482758621,85.17241379310346,4.137931034482759,81.03448275862068
E00018475,369,33,11,22,336,10,326,8.94308943089431,2.9810298102981028,5.9620596205962055,91.05691056910568,2.710027100271003,88.34688346883469
E00018476,482,66,31,35,416,23,393,13.692946058091287,6.431535269709543,7.261410788381744,86.30705394190872,4.771784232365145,81.53526970954357
E00018477,574,51,19,32,523,46,477,8.885017421602788,3.3101045296167246,5.574912891986063,91.1149825783972,8.013937282229964,83.10104529616724
E00018478,383,40,22,18,343,12,331,10.443864229765012,5.7441253263707575,4.699738903394255,89.55613577023499,3.1331592689295036,86.42297650130548
E00018480,418,34,14,20,384,22,362,8.133971291866029,3.349282296650718,4.784688995215311,91.86602870813397,5.263157894736842,86.60287081339713
E00018481,298,21,0,21,277,22,255,7.046979865771812,0,7.046979865771812,92.9530201342282,7.38255033557047,85.57046979865773
E00018482,318,43,25,18,275,30,245,13.522012578616351,7.861635220125786,5.660377358490567,86.47798742138365,9.433962264150944,77.04402515723271
E00018483,285,57,31,26,228,9,219,20,10.87719298245614,9.12280701754386,80,3.1578947368421053,76.84210526315789
E00018484,247,31,16,15,216,5,211,12.550607287449392,6.477732793522267,6.0728744939271255,87.4493927125506,2.0242914979757085,85.4251012145749
E00018485,362,45,17,28,317,23,294,12.430939226519337,4.696132596685083,7.734806629834254,87.56906077348067,6.353591160220995,81.21546961325967
E00018486,324,30,5,25,294,25,269,9.25925925925926,1.5432098765432098,7.716049382716049,90.74074074074075,7.716049382716049,83.0246913580247
E00018488,288,36,12,24,252,20,232,12.5,4.166666666666666,8.333333333333332,87.5,6.944444444444445,80.55555555555556
E00018489,335,36,15,21,299,14,285,10.746268656716417,4.477611940298507,6.26865671641791,89.25373134328358,4.179104477611941,85.07462686567165
E00018490,261,29,6,23,232,18,214,11.11111111111111,2.2988505747126435,8.812260536398467,88.88888888888889,6.896551724137931,81.99233716475096
E00018491,355,32,11,21,323,20,303,9.014084507042254,3.0985915492957745,5.915492957746479,90.98591549295774,5.633802816901409,85.35211267605634
E00018492,335,44,22,22,291,6,285,13.134328358208954,6.567164179104477,6.567164179104477,86.86567164179104,1.791044776119403,85.07462686567165
E00018494,261,22,7,15,239,14,225,8.42911877394636,2.681992337164751,5.747126436781609,91.57088122605363,5.363984674329502,86.20689655172413
E00018495,278,28,12,16,250,14,236,10.071942446043165,4.316546762589928,5.755395683453238,89.92805755395683,5.0359712230215825,84.89208633093526
E00018496,363,28,7,21,335,17,318,7.7134986225895315,1.9283746556473829,5.785123966942149,92.28650137741047,4.683195592286501,87.60330578512396
E00018497,483,59,22,37,424,36,388,12.215320910973086,4.554865424430641,7.6604554865424435,87.78467908902692,7.453416149068323,80.33126293995859
E00018498,295,45,18,27,250,17,233,15.254237288135593,6.101694915254238,9.152542372881356,84.7457627118644,5.762711864406779,78.98305084745762
E00018499,323,56,21,35,267,14,253,17.3374613003096,6.5015479876160995,10.8359133126935,82.6625386996904,4.3343653250774,78.328173374613
E00018500,162,33,17,16,129,9,120,20.37037037037037,10.493827160493826,9.876543209876543,79.62962962962963,5.555555555555555,74.07407407407408
E00018501,270,45,18,27,225,27,198,16.666666666666664,6.666666666666667,10,83.33333333333334,10,73.33333333333333
E00018502,271,25,7,18,246,16,230,9.22509225092251,2.5830258302583027,6.642066420664207,90.7749077490775,5.904059040590406,84.87084870848709
E00018503,328,24,9,15,304,20,284,7.317073170731707,2.7439024390243905,4.573170731707317,92.6829268292683,6.097560975609756,86.58536585365853
E00018504,389,45,11,34,344,34,310,11.568123393316196,2.827763496143959,8.740359897172237,88.4318766066838,8.740359897172237,79.69151670951156
E00018505,422,46,17,29,376,31,345,10.90047393364929,4.028436018957346,6.872037914691943,89.0995260663507,7.345971563981042,81.75355450236967
E00018506,308,20,1,19,288,21,267,6.493506493506493,0.3246753246753247,6.1688311688311686,93.5064935064935,6.8181818181818175,86.68831168831169
E00018507,338,39,17,22,299,19,280,11.538461538461538,5.029585798816568,6.508875739644971,88.46153846153845,5.621301775147929,82.84023668639054
E00018508,289,23,6,17,266,20,246,7.958477508650519,2.0761245674740483,5.88235294117647,92.04152249134948,6.920415224913495,85.12110726643598
E00018509,339,26,10,16,313,19,294,7.669616519174041,2.949852507374631,4.71976401179941,92.33038348082596,5.604719764011799,86.72566371681415
E00018510,439,53,25,28,386,20,366,12.072892938496583,5.694760820045558,6.378132118451026,87.92710706150342,4.555808656036446,83.37129840546697
E00018511,476,58,24,34,418,18,400,12.184873949579831,5.042016806722689,7.142857142857142,87.81512605042016,3.7815126050420167,84.03361344537815
E00018512,456,49,25,24,407,19,388,10.74561403508772,5.482456140350877,5.263157894736842,89.25438596491229,4.166666666666666,85.08771929824562
E00018513,419,41,14,27,378,20,358,9.785202863961814,3.341288782816229,6.443914081145586,90.21479713603819,4.77326968973747,85.44152744630071
E00018514,423,48,19,29,375,14,361,11.347517730496454,4.491725768321513,6.8557919621749415,88.65248226950354,3.309692671394799,85.34278959810875
E00018515,363,81,34,47,282,14,268,22.31404958677686,9.366391184573002,12.947658402203857,77.68595041322314,3.8567493112947657,73.82920110192838
E00018516,455,42,14,28,413,15,398,9.230769230769232,3.076923076923077,6.153846153846154,90.76923076923077,3.296703296703297,87.47252747252747
E00018517,467,33,16,17,434,29,405,7.066381156316917,3.4261241970021414,3.640256959314775,92.93361884368309,6.209850107066381,86.7237687366167
E00018518,346,41,20,21,305,6,299,11.849710982658959,5.780346820809249,6.069364161849711,88.15028901734104,1.7341040462427744,86.41618497109826
E00018519,414,51,18,33,363,16,347,12.318840579710146,4.3478260869565215,7.971014492753622,87.68115942028986,3.864734299516908,83.81642512077295
E00018520,483,50,16,34,433,24,409,10.351966873706004,3.3126293995859215,7.039337474120083,89.648033126294,4.968944099378882,84.67908902691511
E00018521,398,49,22,27,349,17,332,12.311557788944723,5.527638190954774,6.78391959798995,87.68844221105527,4.271356783919598,83.41708542713567
E00018522,423,60,29,31,363,21,342,14.184397163120568,6.8557919621749415,7.328605200945626,85.81560283687944,4.964539007092199,80.85106382978722
E00018523,384,35,15,20,349,14,335,9.114583333333332,3.90625,5.208333333333334,90.88541666666666,3.6458333333333335,87.23958333333334
E00018524,406,43,17,26,363,19,344,10.591133004926109,4.1871921182266005,6.403940886699508,89.4088669950739,4.679802955665025,84.72906403940887
E00018525,332,44,20,24,288,19,269,13.253012048192772,6.024096385542169,7.228915662650602,86.74698795180723,5.72289156626506,81.02409638554217
E00018526,448,65,28,37,383,14,369,14.508928571428573,6.25,8.258928571428571,85.49107142857143,3.125,82.36607142857143
E00018527,441,64,40,24,377,18,359,14.512471655328799,9.070294784580499,5.442176870748299,85.4875283446712,4.081632653061225,81.40589569160997
E00018528,368,59,26,33,309,20,289,16.032608695652172,7.065217391304348,8.967391304347826,83.96739130434783,5.434782608695652,78.53260869565217
E00018529,477,55,23,32,422,16,406,11.530398322851152,4.821802935010482,6.7085953878406714,88.46960167714884,3.3542976939203357,85.1153039832285
E00018530,392,48,21,27,344,15,329,12.244897959183673,5.357142857142857,6.887755102040815,87.75510204081633,3.826530612244898,83.92857142857143
E00018531,422,39,14,25,383,21,362,9.24170616113744,3.3175355450236967,5.924170616113744,90.75829383886256,4.976303317535545,85.78199052132702
E00018532,521,54,16,38,467,21,446,10.36468330134357,3.071017274472169,7.293666026871401,89.63531669865642,4.030710172744722,85.6046065259117
E00018533,467,54,14,40,413,24,389,11.563169164882227,2.9978586723768736,8.565310492505352,88.43683083511777,5.139186295503212,83.29764453961455
E00018534,476,68,25,43,408,30,378,14.285714285714285,5.2521008403361344,9.033613445378151,85.71428571428571,6.302521008403361,79.41176470588235
E00018535,492,52,35,17,440,16,424,10.569105691056912,7.113821138211382,3.4552845528455287,89.43089430894308,3.2520325203252036,86.1788617886179
E00018536,490,34,18,16,456,24,432,6.938775510204081,3.6734693877551026,3.2653061224489797,93.06122448979592,4.8979591836734695,88.16326530612245
E00018537,406,72,28,44,334,21,313,17.733990147783253,6.896551724137931,10.83743842364532,82.26600985221675,5.172413793103448,77.0935960591133
E00018538,505,69,25,44,436,20,416,13.663366336633665,4.9504950495049505,8.712871287128712,86.33663366336634,3.9603960396039604,82.37623762376238
E00018539,509,60,25,35,449,22,427,11.787819253438114,4.911591355599214,6.8762278978389,88.21218074656188,4.322200392927308,83.88998035363457
E00018540,374,33,10,23,341,15,326,8.823529411764707,2.6737967914438503,6.149732620320856,91.17647058823529,4.0106951871657754,87.16577540106952
E00018541,368,47,21,26,321,14,307,12.771739130434783,5.706521739130435,7.065217391304348,87.22826086956522,3.804347826086957,83.42391304347827
E00018542,588,52,23,29,536,24,512,8.843537414965986,3.9115646258503403,4.931972789115646,91.15646258503402,4.081632653061225,87.07482993197279
E00018546,609,106,38,68,503,10,493,17.4055829228243,6.239737274220033,11.16584564860427,82.59441707717569,1.6420361247947455,80.95238095238095
E00018548,525,72,32,40,453,10,443,13.714285714285715,6.095238095238095,7.6190476190476195,86.28571428571429,1.9047619047619049,84.38095238095238
E00018549,440,36,19,17,404,12,392,8.181818181818182,4.318181818181818,3.8636363636363633,91.81818181818183,2.727272727272727,89.0909090909091
E00018550,596,79,38,41,517,11,506,13.25503355704698,6.375838926174497,6.879194630872483,86.74496644295301,1.8456375838926176,84.8993288590604
E00018551,465,56,31,25,409,13,396,12.043010752688172,6.666666666666667,5.376344086021505,87.95698924731182,2.795698924731183,85.16129032258064
E00018552,429,59,22,37,370,11,359,13.752913752913754,5.128205128205128,8.624708624708624,86.24708624708624,2.564102564102564,83.68298368298368
E00018553,550,52,33,19,498,14,484,9.454545454545455,6,3.4545454545454546,90.54545454545455,2.5454545454545454,88
E00018554,415,71,35,36,344,12,332,17.10843373493976,8.433734939759036,8.674698795180722,82.89156626506025,2.891566265060241,80
E00018555,477,65,32,33,412,19,393,13.626834381551362,6.7085953878406714,6.918238993710692,86.37316561844864,3.9832285115303985,82.38993710691824
E00018556,378,45,15,30,333,8,325,11.904761904761903,3.968253968253968,7.936507936507936,88.09523809523809,2.1164021164021163,85.97883597883597
E00018557,404,55,24,31,349,17,332,13.613861386138614,5.9405940594059405,7.673267326732673,86.38613861386139,4.207920792079208,82.17821782178217
E00018558,508,108,66,42,400,14,386,21.25984251968504,12.992125984251967,8.267716535433072,78.74015748031496,2.7559055118110236,75.98425196850394
E00018559,450,45,21,24,405,15,390,10,4.666666666666667,5.333333333333334,90,3.3333333333333335,86.66666666666667
E00018560,428,44,26,18,384,15,369,10.2803738317757,6.074766355140187,4.205607476635514,89.7196261682243,3.5046728971962615,86.21495327102804
E00018561,447,41,23,18,406,8,398,9.172259507829978,5.1454138702460845,4.026845637583892,90.82774049217002,1.7897091722595078,89.03803131991052
E00018562,610,45,23,22,565,22,543,7.377049180327869,3.7704918032786887,3.606557377049181,92.62295081967213,3.606557377049181,89.01639344262296
E00018563,393,32,12,20,361,17,344,8.142493638676845,3.0534351145038165,5.089058524173027,91.85750636132316,4.325699745547073,87.53180661577609
E00018564,409,35,13,22,374,16,358,8.557457212713937,3.1784841075794623,5.378973105134474,91.44254278728606,3.9119804400977993,87.53056234718827
E00018565,438,42,11,31,396,10,386,9.58904109589041,2.5114155251141552,7.077625570776255,90.41095890410958,2.28310502283105,88.12785388127854
E00018566,457,38,17,21,419,28,391,8.315098468271334,3.7199124726477026,4.595185995623632,91.68490153172867,6.12691466083151,85.55798687089715
E00018567,489,46,20,26,443,22,421,9.406952965235174,4.08997955010225,5.316973415132924,90.59304703476482,4.4989775051124745,86.09406952965234
E00018568,422,48,19,29,374,16,358,11.374407582938389,4.502369668246446,6.872037914691943,88.62559241706161,3.7914691943127963,84.83412322274881
E00018569,473,62,24,38,411,8,403,13.107822410147993,5.07399577167019,8.0338266384778,86.89217758985201,1.6913319238900635,85.20084566596195
E00018570,494,54,24,30,440,11,429,10.931174089068826,4.8582995951417,6.0728744939271255,89.06882591093117,2.2267206477732793,86.8421052631579
E00018571,493,37,17,20,456,16,440,7.505070993914807,3.4482758620689653,4.056795131845842,92.49492900608519,3.2454361054766734,89.24949290060852
E00018573,402,52,23,29,350,23,327,12.935323383084576,5.721393034825871,7.213930348258707,87.06467661691542,5.721393034825871,81.34328358208955
E00018574,391,58,27,31,333,22,311,14.83375959079284,6.905370843989769,7.928388746803069,85.16624040920716,5.626598465473146,79.53964194373401
E00018575,440,56,25,31,384,16,368,12.727272727272727,5.681818181818182,7.045454545454545,87.27272727272727,3.6363636363636362,83.63636363636363
E00018576,424,38,18,20,386,12,374,8.962264150943396,4.245283018867925,4.716981132075472,91.0377358490566,2.8301886792452833,88.20754716981132
E00018577,396,58,26,32,338,9,329,14.646464646464647,6.565656565656567,8.080808080808081,85.35353535353535,2.272727272727273,83.08080808080808
E00018578,385,49,20,29,336,7,329,12.727272727272727,5.194805194805195,7.532467532467532,87.27272727272727,1.8181818181818181,85.45454545454545
E00018579,398,76,34,42,322,24,298,19.09547738693467,8.542713567839195,10.552763819095476,80.90452261306532,6.030150753768844,74.87437185929649
E00018580,426,44,25,19,382,12,370,10.328638497652582,5.868544600938967,4.460093896713615,89.67136150234741,2.8169014084507045,86.85446009389672
E00018581,405,51,21,30,354,21,333,12.592592592592592,5.185185185185185,7.4074074074074066,87.4074074074074,5.185185185185185,82.22222222222221
E00018582,303,39,12,27,264,9,255,12.871287128712872,3.9603960396039604,8.91089108910891,87.12871287128714,2.9702970297029703,84.15841584158416
E00018583,298,47,33,14,251,21,230,15.771812080536913,11.073825503355705,4.697986577181208,84.22818791946308,7.046979865771812,77.18120805369128
E00018584,228,52,30,22,176,10,166,22.807017543859647,13.157894736842104,9.649122807017543,77.19298245614034,4.385964912280701,72.80701754385966
E00018585,448,44,17,27,404,10,394,9.821428571428571,3.7946428571428568,6.026785714285714,90.17857142857143,2.232142857142857,87.94642857142857
E00018586,387,48,25,23,339,21,318,12.4031007751938,6.459948320413436,5.943152454780361,87.59689922480621,5.426356589147287,82.17054263565892
E00018587,284,32,17,15,252,9,243,11.267605633802818,5.985915492957746,5.28169014084507,88.73239436619718,3.169014084507042,85.56338028169014
E00018588,345,54,22,32,291,7,284,15.65217391304348,6.3768115942028984,9.27536231884058,84.34782608695653,2.0289855072463765,82.31884057971014
E00018589,288,58,32,26,230,8,222,20.13888888888889,11.11111111111111,9.027777777777777,79.86111111111111,2.7777777777777777,77.08333333333334
E00018590,411,69,27,42,342,18,324,16.78832116788321,6.569343065693431,10.218978102189782,83.21167883211679,4.37956204379562,78.83211678832117
E00018591,361,31,14,17,330,10,320,8.587257617728532,3.8781163434903045,4.7091412742382275,91.41274238227147,2.7700831024930745,88.64265927977839
E00018594,480,73,29,44,407,11,396,15.208333333333332,6.041666666666667,9.166666666666666,84.79166666666667,2.2916666666666665,82.5
E00018595,374,48,21,27,326,12,314,12.834224598930483,5.614973262032086,7.219251336898395,87.16577540106952,3.2085561497326207,83.9572192513369
E00018596,362,34,13,21,328,16,312,9.392265193370166,3.591160220994475,5.801104972375691,90.60773480662984,4.41988950276243,86.1878453038674
E00018597,453,53,30,23,400,21,379,11.699779249448124,6.622516556291391,5.077262693156733,88.30022075055187,4.635761589403973,83.6644591611479
E00018598,395,59,20,39,336,8,328,14.936708860759493,5.063291139240507,9.873417721518987,85.0632911392405,2.0253164556962027,83.0379746835443
E00018599,500,53,15,38,447,9,438,10.6,3,7.6,89.4,1.7999999999999998,87.6
E00018600,475,48,28,20,427,22,405,10.105263157894736,5.894736842105263,4.2105263157894735,89.89473684210526,4.631578947368421,85.26315789473684
E00018601,477,50,19,31,427,19,408,10.482180293501047,3.9832285115303985,6.498951781970649,89.51781970649894,3.9832285115303985,85.53459119496856
E00018602,389,55,30,25,334,16,318,14.138817480719796,7.712082262210797,6.426735218508997,85.8611825192802,4.113110539845758,81.74807197943444
E00018603,450,45,21,24,405,10,395,10,4.666666666666667,5.333333333333334,90,2.2222222222222223,87.77777777777777
E00018604,429,51,29,22,378,12,366,11.888111888111888,6.75990675990676,5.128205128205128,88.11188811188812,2.797202797202797,85.3146853146853
E00018605,424,40,18,22,384,12,372,9.433962264150944,4.245283018867925,5.188679245283019,90.56603773584906,2.8301886792452833,87.73584905660378
E00018606,319,28,11,17,291,13,278,8.77742946708464,3.4482758620689653,5.329153605015674,91.22257053291536,4.075235109717868,87.14733542319749
E00018607,270,20,8,12,250,19,231,7.4074074074074066,2.9629629629629632,4.444444444444445,92.5925925925926,7.037037037037037,85.55555555555556
E00018608,381,23,13,10,358,15,343,6.036745406824147,3.4120734908136483,2.6246719160104988,93.96325459317585,3.937007874015748,90.02624671916011
E00018610,359,48,14,34,311,21,290,13.370473537604457,3.8997214484679668,9.47075208913649,86.62952646239555,5.8495821727019495,80.77994428969359
E00018611,299,33,11,22,266,13,253,11.036789297658862,3.678929765886288,7.357859531772576,88.96321070234113,4.3478260869565215,84.61538461538461
E00018612,379,26,11,15,353,8,345,6.860158311345646,2.9023746701846966,3.95778364116095,93.13984168865436,2.1108179419525066,91.02902374670184
E00018613,315,32,10,22,283,9,274,10.158730158730158,3.1746031746031744,6.984126984126984,89.84126984126985,2.857142857142857,86.98412698412699
E00018614,265,28,13,15,237,13,224,10.566037735849058,4.905660377358491,5.660377358490567,89.43396226415095,4.905660377358491,84.52830188679246
E00018615,296,65,40,25,231,20,211,21.95945945945946,13.513513513513514,8.445945945945946,78.04054054054053,6.756756756756757,71.28378378378379
E00018616,323,38,8,30,285,18,267,11.76470588235294,2.476780185758514,9.287925696594428,88.23529411764706,5.572755417956656,82.6625386996904
E00018617,465,53,21,32,412,20,392,11.397849462365592,4.516129032258064,6.881720430107527,88.6021505376344,4.301075268817205,84.3010752688172
E00018618,550,53,28,25,497,34,463,9.636363636363637,5.090909090909091,4.545454545454546,90.36363636363637,6.181818181818182,84.18181818181819
E00018619,446,50,23,27,396,13,383,11.210762331838566,5.15695067264574,6.053811659192825,88.78923766816143,2.914798206278027,85.87443946188341
E00018620,390,40,18,22,350,13,337,10.256410256410255,4.615384615384616,5.641025641025641,89.74358974358975,3.3333333333333335,86.41025641025641
E00018621,353,38,13,25,315,20,295,10.764872521246458,3.6827195467422094,7.0821529745042495,89.23512747875354,5.6657223796034,83.56940509915015
E00018622,471,60,19,41,411,17,394,12.738853503184714,4.033970276008493,8.70488322717622,87.26114649681529,3.6093418259023355,83.65180467091295
E00018623,523,48,20,28,475,27,448,9.177820267686425,3.824091778202677,5.353728489483748,90.82217973231359,5.162523900573614,85.65965583173997
E00018624,376,53,24,29,323,16,307,14.095744680851062,6.382978723404255,7.712765957446808,85.90425531914893,4.25531914893617,81.64893617021278
E00018625,283,33,15,18,250,14,236,11.66077738515901,5.30035335689046,6.36042402826855,88.33922261484098,4.946996466431095,83.3922261484099
E00018626,451,51,21,30,400,10,390,11.30820399113082,4.656319290465632,6.651884700665188,88.69179600886919,2.2172949002217295,86.47450110864744
E00018628,353,46,17,29,307,14,293,13.031161473087819,4.815864022662889,8.21529745042493,86.96883852691218,3.9660056657223794,83.0028328611898
E00018629,466,58,25,33,408,28,380,12.446351931330472,5.36480686695279,7.081545064377683,87.55364806866953,6.008583690987124,81.54506437768241
E00018630,470,68,31,37,402,19,383,14.468085106382977,6.595744680851063,7.872340425531915,85.53191489361703,4.042553191489362,81.48936170212767
E00018631,402,43,14,29,359,25,334,10.696517412935323,3.482587064676617,7.213930348258707,89.30348258706468,6.218905472636816,83.08457711442786
E00018632,405,39,18,21,366,15,351,9.62962962962963,4.444444444444445,5.185185185185185,90.37037037037037,3.7037037037037033,86.66666666666667
E00018633,456,56,18,38,400,12,388,12.280701754385964,3.9473684210526314,8.333333333333332,87.71929824561403,2.631578947368421,85.08771929824562
E00018634,362,37,19,18,325,21,304,10.220994475138122,5.248618784530387,4.972375690607735,89.77900552486187,5.801104972375691,83.97790055248619
E00018635,427,50,23,27,377,21,356,11.7096018735363,5.386416861826698,6.323185011709602,88.2903981264637,4.918032786885246,83.37236533957847
E00018636,359,41,15,26,318,6,312,11.420612813370473,4.178272980501393,7.242339832869081,88.57938718662952,1.6713091922005572,86.90807799442896
E00018637,266,57,28,29,209,5,204,21.428571428571427,10.526315789473683,10.902255639097744,78.57142857142857,1.8796992481203008,76.69172932330827
E00018638,344,56,17,39,288,18,270,16.27906976744186,4.941860465116279,11.337209302325581,83.72093023255815,5.232558139534884,78.48837209302324
E00018639,401,55,17,38,346,19,327,13.715710723192021,4.239401496259352,9.476309226932669,86.28428927680798,4.738154613466334,81.54613466334165
E00018640,324,35,16,19,289,14,275,10.802469135802468,4.938271604938271,5.864197530864197,89.19753086419753,4.320987654320987,84.87654320987654
E00018641,457,45,24,21,412,16,396,9.846827133479213,5.25164113785558,4.595185995623632,90.15317286652079,3.50109409190372,86.65207877461707
E00018642,316,61,29,32,255,15,240,19.303797468354432,9.177215189873419,10.126582278481013,80.69620253164557,4.746835443037975,75.9493670886076
E00018643,363,46,24,22,317,14,303,12.672176308539946,6.6115702479338845,6.0606060606060606,87.32782369146005,3.8567493112947657,83.47107438016529
E00018644,452,65,35,30,387,21,366,14.380530973451327,7.7433628318584065,6.637168141592921,85.61946902654867,4.646017699115045,80.97345132743364
E00018646,400,36,10,26,364,16,348,9,2.5,6.5,91,4,87
E00018647,351,51,10,41,300,14,286,14.529914529914532,2.849002849002849,11.68091168091168,85.47008547008546,3.9886039886039883,81.48148148148148
E00018648,338,41,26,15,297,21,276,12.1301775147929,7.6923076923076925,4.437869822485207,87.86982248520711,6.21301775147929,81.65680473372781
E00018649,347,43,17,26,304,14,290,12.39193083573487,4.899135446685879,7.492795389048991,87.60806916426513,4.034582132564841,83.5734870317003
E00018650,346,62,25,37,284,19,265,17.91907514450867,7.225433526011561,10.69364161849711,82.08092485549133,5.491329479768786,76.58959537572254
E00018651,445,41,14,27,404,13,391,9.213483146067416,3.146067415730337,6.067415730337078,90.78651685393258,2.9213483146067416,87.86516853932585
E00018652,508,45,18,27,463,28,435,8.858267716535433,3.543307086614173,5.31496062992126,91.14173228346458,5.511811023622047,85.62992125984252
E00018653,381,40,19,21,341,15,326,10.498687664041995,4.986876640419948,5.511811023622047,89.501312335958,3.937007874015748,85.56430446194226
E00018654,363,66,32,34,297,22,275,18.181818181818183,8.81542699724518,9.366391184573002,81.81818181818183,6.0606060606060606,75.75757575757575
E00018655,356,42,14,28,314,13,301,11.797752808988763,3.932584269662921,7.865168539325842,88.20224719101124,3.651685393258427,84.5505617977528
E00018656,324,44,19,25,280,7,273,13.580246913580247,5.864197530864197,7.716049382716049,86.41975308641975,2.1604938271604937,84.25925925925925
E00018657,359,41,23,18,318,13,305,11.420612813370473,6.406685236768802,5.013927576601671,88.57938718662952,3.6211699164345403,84.958217270195
E00018658,426,51,33,18,375,23,352,11.971830985915492,7.746478873239436,4.225352112676056,88.02816901408451,5.39906103286385,82.62910798122066
E00018659,387,40,21,19,347,17,330,10.335917312661499,5.426356589147287,4.909560723514212,89.66408268733849,4.3927648578811365,85.27131782945736
E00018660,273,32,17,15,241,5,236,11.72161172161172,6.227106227106227,5.4945054945054945,88.27838827838828,1.8315018315018317,86.44688644688645
E00018661,494,58,29,29,436,8,428,11.740890688259109,5.870445344129554,5.870445344129554,88.25910931174089,1.6194331983805668,86.63967611336032
E00018662,431,87,34,53,344,15,329,20.185614849187935,7.888631090487238,12.296983758700696,79.81438515081206,3.480278422273782,76.33410672853829
E00018663,376,64,28,36,312,13,299,17.02127659574468,7.446808510638298,9.574468085106384,82.97872340425532,3.4574468085106385,79.52127659574468
E00018664,435,56,25,31,379,13,366,12.873563218390805,5.747126436781609,7.126436781609195,87.1264367816092,2.9885057471264367,84.13793103448276
E00018665,380,69,41,28,311,11,300,18.157894736842106,10.789473684210527,7.368421052631578,81.84210526315789,2.8947368421052633,78.94736842105263
E00018666,428,79,43,36,349,17,332,18.457943925233643,10.046728971962617,8.411214953271028,81.54205607476635,3.9719626168224296,77.57009345794393
E00018667,305,45,23,22,260,17,243,14.754098360655737,7.540983606557377,7.213114754098362,85.24590163934425,5.573770491803279,79.67213114754098
E00018669,316,61,33,28,255,12,243,19.303797468354432,10.443037974683545,8.860759493670885,80.69620253164557,3.79746835443038,76.89873417721519
E00018670,351,52,25,27,299,24,275,14.814814814814813,7.122507122507122,7.6923076923076925,85.18518518518519,6.837606837606838,78.34757834757835
E00018671,326,48,25,23,278,11,267,14.723926380368098,7.668711656441718,7.05521472392638,85.2760736196319,3.374233128834356,81.90184049079755
E00018672,235,48,24,24,187,12,175,20.425531914893615,10.212765957446807,10.212765957446807,79.57446808510639,5.106382978723404,74.46808510638297
E00018673,262,40,14,26,222,16,206,15.267175572519085,5.343511450381679,9.923664122137405,84.7328244274809,6.106870229007633,78.62595419847328
E00018674,352,43,17,26,309,10,299,12.215909090909092,4.829545454545454,7.386363636363637,87.7840909090909,2.840909090909091,84.94318181818183
E00018675,390,43,26,17,347,10,337,11.025641025641026,6.666666666666667,4.358974358974359,88.97435897435896,2.564102564102564,86.41025641025641
E00018676,333,48,30,18,285,9,276,14.414414414414415,9.00900900900901,5.405405405405405,85.58558558558559,2.7027027027027026,82.88288288288288
E00018677,337,44,20,24,293,21,272,13.056379821958458,5.934718100890208,7.121661721068249,86.94362017804154,6.231454005934718,80.71216617210682
E00018678,399,44,23,21,355,13,342,11.027568922305765,5.764411027568922,5.263157894736842,88.97243107769424,3.258145363408521,85.71428571428571
E00018679,335,24,10,14,311,9,302,7.164179104477612,2.9850746268656714,4.179104477611941,92.83582089552239,2.6865671641791042,90.14925373134328
E00018680,445,61,23,38,384,27,357,13.707865168539326,5.168539325842696,8.539325842696629,86.29213483146067,6.067415730337078,80.2247191011236
E00018681,437,46,22,24,391,13,378,10.526315789473683,5.034324942791762,5.491990846681922,89.47368421052632,2.9748283752860414,86.49885583524028
E00018683,461,40,18,22,421,8,413,8.676789587852495,3.9045553145336225,4.772234273318872,91.3232104121475,1.735357917570499,89.587852494577
E00018684,523,65,32,33,458,24,434,12.4282982791587,6.118546845124283,6.309751434034416,87.5717017208413,4.588910133843212,82.98279158699809
E00018685,423,45,18,27,378,20,358,10.638297872340425,4.25531914893617,6.382978723404255,89.36170212765957,4.7281323877068555,84.63356973995272
E00018686,427,68,34,34,359,12,347,15.92505854800937,7.962529274004685,7.962529274004685,84.07494145199064,2.810304449648712,81.26463700234193
E00018688,527,34,19,15,493,13,480,6.451612903225806,3.6053130929791273,2.846299810246679,93.54838709677419,2.4667931688804554,91.08159392789373
E00018689,461,54,22,32,407,16,391,11.713665943600867,4.772234273318872,6.941431670281996,88.28633405639913,3.470715835140998,84.81561822125813
E00018690,505,35,14,21,470,17,453,6.9306930693069315,2.7722772277227725,4.1584158415841586,93.06930693069307,3.3663366336633667,89.70297029702971
E00018691,411,48,25,23,363,25,338,11.678832116788321,6.082725060827251,5.59610705596107,88.32116788321169,6.082725060827251,82.23844282238443
E00018692,461,51,22,29,410,14,396,11.062906724511931,4.772234273318872,6.29067245119306,88.93709327548807,3.036876355748373,85.90021691973969
E00018693,527,70,25,45,457,14,443,13.282732447817835,4.743833017077799,8.538899430740038,86.71726755218216,2.6565464895635675,84.0607210626186
E00018694,454,38,14,24,416,18,398,8.370044052863436,3.0837004405286343,5.286343612334802,91.62995594713657,3.9647577092511015,87.66519823788546
E00018695,471,49,19,30,422,13,409,10.40339702760085,4.033970276008493,6.369426751592357,89.59660297239915,2.7600849256900215,86.83651804670913
E00018696,387,40,15,25,347,8,339,10.335917312661499,3.875968992248062,6.459948320413436,89.66408268733849,2.0671834625323,87.59689922480621
E00018697,415,76,33,43,339,15,324,18.313253012048193,7.951807228915662,10.361445783132531,81.6867469879518,3.614457831325301,78.07228915662651
E00018698,517,63,30,33,454,29,425,12.18568665377176,5.802707930367505,6.382978723404255,87.81431334622823,5.609284332688588,82.20502901353966
E00018699,435,84,41,43,351,15,336,19.310344827586206,9.425287356321839,9.885057471264368,80.6896551724138,3.4482758620689653,77.24137931034483
E00018700,450,51,17,34,399,16,383,11.333333333333332,3.7777777777777777,7.555555555555555,88.66666666666667,3.5555555555555554,85.11111111111111
E00018701,371,51,24,27,320,11,309,13.746630727762804,6.46900269541779,7.277628032345014,86.25336927223721,2.964959568733154,83.28840970350404
E00018702,398,52,21,31,346,15,331,13.06532663316583,5.276381909547738,7.788944723618091,86.93467336683418,3.7688442211055273,83.16582914572864
E00018703,366,26,12,14,340,12,328,7.103825136612022,3.278688524590164,3.825136612021858,92.89617486338798,3.278688524590164,89.61748633879782
E00018704,343,37,10,27,306,15,291,10.787172011661808,2.9154518950437316,7.871720116618077,89.21282798833819,4.373177842565598,84.8396501457726
E00018705,440,42,21,21,398,15,383,9.545454545454547,4.772727272727273,4.772727272727273,90.45454545454545,3.4090909090909087,87.04545454545455
E00018706,459,38,21,17,421,18,403,8.278867102396514,4.57516339869281,3.7037037037037033,91.72113289760348,3.9215686274509802,87.7995642701525
E00018707,449,43,21,22,406,13,393,9.57683741648107,4.67706013363029,4.8997772828507795,90.42316258351893,2.89532293986637,87.52783964365256
E00018708,519,58,32,26,461,15,446,11.175337186897881,6.165703275529865,5.009633911368015,88.82466281310212,2.8901734104046244,85.9344894026975
E00018709,437,40,18,22,397,12,385,9.153318077803203,4.118993135011442,5.034324942791762,90.8466819221968,2.745995423340961,88.10068649885584
E00018710,467,49,19,30,418,12,406,10.492505353319057,4.068522483940043,6.423982869379015,89.50749464668094,2.569593147751606,86.93790149892934
E00018711,469,76,33,43,393,12,381,16.204690831556505,7.036247334754798,9.168443496801707,83.7953091684435,2.55863539445629,81.2366737739872
E00018712,430,70,32,38,360,24,336,16.27906976744186,7.441860465116279,8.837209302325581,83.72093023255815,5.5813953488372094,78.13953488372093
E00018714,438,50,20,30,388,14,374,11.415525114155251,4.5662100456621,6.8493150684931505,88.58447488584474,3.1963470319634704,85.38812785388129
E00018716,411,56,21,35,355,14,341,13.62530413625304,5.109489051094891,8.51581508515815,86.37469586374696,3.40632603406326,82.9683698296837
E00018717,285,30,14,16,255,19,236,10.526315789473683,4.912280701754386,5.614035087719298,89.47368421052632,6.666666666666667,82.80701754385966
E00018718,392,61,32,29,331,10,321,15.561224489795919,8.16326530612245,7.3979591836734695,84.43877551020408,2.5510204081632653,81.88775510204081
E00018719,409,70,31,39,339,13,326,17.114914425427873,7.579462102689487,9.5354523227383865,82.88508557457213,3.1784841075794623,79.70660146699267
E00018720,401,56,24,32,345,19,326,13.96508728179551,5.985037406483791,7.98004987531172,86.0349127182045,4.738154613466334,81.29675810473816
E00018721,301,39,14,25,262,12,250,12.956810631229235,4.651162790697675,8.305647840531561,87.04318936877077,3.9867109634551494,83.05647840531562
E00018722,367,45,22,23,322,7,315,12.26158038147139,5.994550408719346,6.267029972752043,87.73841961852861,1.9073569482288828,85.83106267029973
E00018723,244,31,13,18,213,13,200,12.704918032786885,5.327868852459016,7.377049180327869,87.29508196721312,5.327868852459016,81.9672131147541
E00018724,315,43,17,26,272,13,259,13.65079365079365,5.396825396825397,8.253968253968253,86.34920634920636,4.1269841269841265,82.22222222222221
E00018725,387,56,33,23,331,21,310,14.470284237726098,8.527131782945736,5.943152454780361,85.52971576227391,5.426356589147287,80.10335917312662
E00018726,359,72,38,34,287,9,278,20.055710306406684,10.584958217270195,9.47075208913649,79.94428969359332,2.5069637883008355,77.43732590529248
E00018727,327,47,21,26,280,22,258,14.37308868501529,6.422018348623854,7.951070336391437,85.62691131498471,6.727828746177369,78.89908256880734
E00018728,350,54,22,32,296,20,276,15.428571428571427,6.2857142857142865,9.142857142857142,84.57142857142857,5.714285714285714,78.85714285714286
E00018729,360,54,25,29,306,17,289,15,6.944444444444445,8.055555555555555,85,4.722222222222222,80.27777777777779
E00018730,308,33,16,17,275,7,268,10.714285714285714,5.194805194805195,5.51948051948052,89.28571428571429,2.272727272727273,87.01298701298701
E00018731,282,46,27,19,236,10,226,16.312056737588655,9.574468085106384,6.73758865248227,83.68794326241135,3.546099290780142,80.1418439716312
E00018732,386,54,27,27,332,22,310,13.989637305699482,6.994818652849741,6.994818652849741,86.01036269430051,5.699481865284974,80.31088082901555
E00018733,351,64,28,36,287,10,277,18.233618233618234,7.977207977207977,10.256410256410255,81.76638176638177,2.849002849002849,78.91737891737893
E00018734,379,59,27,32,320,16,304,15.567282321899736,7.12401055408971,8.443271767810026,84.43271767810026,4.221635883905013,80.21108179419525
E00018735,432,78,40,38,354,26,328,18.055555555555554,9.25925925925926,8.796296296296296,81.94444444444444,6.018518518518518,75.92592592592592
E00018736,357,59,38,21,298,10,288,16.5266106442577,10.644257703081232,5.88235294117647,83.4733893557423,2.801120448179272,80.67226890756302
E00018737,257,16,10,6,241,11,230,6.22568093385214,3.8910505836575875,2.3346303501945527,93.77431906614785,4.280155642023346,89.49416342412452
E00018738,381,64,23,41,317,18,299,16.79790026246719,6.036745406824147,10.761154855643044,83.2020997375328,4.724409448818897,78.4776902887139
E00018739,500,113,56,57,387,22,365,22.6,11.200000000000001,11.4,77.4,4.3999999999999995,73
E00018740,369,45,14,31,324,14,310,12.195121951219512,3.7940379403794036,8.401084010840108,87.8048780487805,3.7940379403794036,84.01084010840108
E00018741,289,44,22,22,245,17,228,15.22491349480969,7.612456747404845,7.612456747404845,84.77508650519032,5.88235294117647,78.89273356401384
E00018742,292,56,29,27,236,15,221,19.17808219178082,9.931506849315069,9.246575342465754,80.82191780821918,5.136986301369863,75.68493150684932
E00018743,368,75,34,41,293,13,280,20.380434782608695,9.239130434782608,11.141304347826086,79.61956521739131,3.532608695652174,76.08695652173914
E00018744,328,37,17,20,291,15,276,11.28048780487805,5.182926829268292,6.097560975609756,88.71951219512195,4.573170731707317,84.14634146341463
E00018745,350,76,40,36,274,15,259,21.714285714285715,11.428571428571429,10.285714285714285,78.28571428571428,4.285714285714286,74
E00018746,267,65,33,32,202,8,194,24.344569288389515,12.359550561797752,11.985018726591761,75.65543071161048,2.9962546816479403,72.65917602996255
E00018747,315,32,16,16,283,12,271,10.158730158730158,5.079365079365079,5.079365079365079,89.84126984126985,3.8095238095238098,86.03174603174604
E00018748,385,56,24,32,329,14,315,14.545454545454545,6.233766233766234,8.311688311688311,85.45454545454545,3.6363636363636362,81.81818181818183
E00018749,454,53,27,26,401,13,388,11.674008810572687,5.947136563876652,5.726872246696035,88.32599118942731,2.8634361233480177,85.46255506607929
E00018750,390,59,27,32,331,16,315,15.128205128205128,6.923076923076923,8.205128205128204,84.87179487179488,4.102564102564102,80.76923076923077
E00018751,489,44,19,25,445,18,427,8.997955010224949,3.885480572597137,5.112474437627812,91.00204498977506,3.6809815950920246,87.32106339468302
E00018752,522,109,81,28,413,7,406,20.88122605363985,15.517241379310345,5.363984674329502,79.11877394636015,1.3409961685823755,77.77777777777779
E00018753,531,55,25,30,476,14,462,10.357815442561206,4.708097928436912,5.649717514124294,89.6421845574388,2.6365348399246704,87.00564971751412
E00018754,511,43,27,16,468,19,449,8.414872798434441,5.283757338551859,3.131115459882583,91.58512720156556,3.7181996086105675,87.866927592955
E00018755,400,51,23,28,349,11,338,12.75,5.75,7.000000000000001,87.25,2.75,84.5
E00018756,474,44,21,23,430,19,411,9.282700421940929,4.430379746835443,4.852320675105485,90.71729957805907,4.008438818565401,86.70886075949366
E00018757,151,27,20,7,124,6,118,17.880794701986755,13.245033112582782,4.635761589403973,82.11920529801324,3.9735099337748347,78.1456953642384
E00018758,354,48,17,31,306,11,295,13.559322033898304,4.80225988700565,8.757062146892656,86.4406779661017,3.1073446327683616,83.33333333333334
E00018759,451,44,23,21,407,10,397,9.75609756097561,5.099778270509978,4.656319290465632,90.2439024390244,2.2172949002217295,88.02660753880266
E00018760,316,36,18,18,280,9,271,11.39240506329114,5.69620253164557,5.69620253164557,88.60759493670885,2.848101265822785,85.75949367088607
E00018761,473,48,19,29,425,14,411,10.14799154334038,4.0169133192389,6.13107822410148,89.85200845665962,2.9598308668076108,86.89217758985201
E00018762,560,65,27,38,495,24,471,11.607142857142858,4.821428571428572,6.785714285714286,88.39285714285714,4.285714285714286,84.10714285714286
E00018763,555,66,28,38,489,18,471,11.891891891891893,5.045045045045045,6.846846846846846,88.10810810810811,3.2432432432432434,84.86486486486487
E00018764,470,57,25,32,413,18,395,12.127659574468085,5.319148936170213,6.808510638297872,87.87234042553192,3.829787234042553,84.04255319148936
E00018765,478,65,33,32,413,20,393,13.598326359832635,6.903765690376569,6.694560669456067,86.40167364016736,4.184100418410042,82.21757322175732
E00018766,372,50,20,30,322,8,314,13.440860215053762,5.376344086021505,8.064516129032258,86.55913978494624,2.1505376344086025,84.40860215053763
E00018767,502,42,24,18,460,13,447,8.366533864541832,4.780876494023905,3.5856573705179287,91.63346613545816,2.589641434262948,89.04382470119522
E00018768,374,64,41,23,310,14,296,17.11229946524064,10.962566844919785,6.149732620320856,82.88770053475936,3.7433155080213902,79.14438502673798
E00018769,405,49,29,20,356,12,344,12.098765432098766,7.160493827160494,4.938271604938271,87.90123456790123,2.9629629629629632,84.93827160493828
E00018770,370,74,48,26,296,4,292,20,12.972972972972974,7.027027027027027,80,1.0810810810810811,78.91891891891892
E00018771,258,32,18,14,226,6,220,12.4031007751938,6.976744186046512,5.426356589147287,87.59689922480621,2.3255813953488373,85.27131782945736
E00018773,301,75,48,27,226,12,214,24.916943521594686,15.946843853820598,8.970099667774086,75.08305647840533,3.9867109634551494,71.09634551495017
E00018774,241,48,24,24,193,8,185,19.91701244813278,9.95850622406639,9.95850622406639,80.08298755186722,3.319502074688797,76.76348547717843
E00018775,500,54,22,32,446,9,437,10.8,4.3999999999999995,6.4,89.2,1.7999999999999998,87.4
E00018776,265,36,15,21,229,9,220,13.584905660377359,5.660377358490567,7.9245283018867925,86.41509433962264,3.3962264150943398,83.01886792452831
E00018777,434,50,18,32,384,13,371,11.52073732718894,4.147465437788019,7.373271889400922,88.47926267281106,2.995391705069124,85.48387096774194
E00018779,459,40,14,26,419,6,413,8.714596949891067,3.0501089324618738,5.664488017429194,91.28540305010894,1.3071895424836601,89.97821350762527
E00018780,310,23,17,6,287,6,281,7.419354838709677,5.483870967741936,1.935483870967742,92.58064516129032,1.935483870967742,90.64516129032259
E00018781,418,29,13,16,389,15,374,6.937799043062201,3.110047846889952,3.827751196172249,93.0622009569378,3.588516746411483,89.47368421052632
E00018784,457,58,27,31,399,18,381,12.691466083150985,5.908096280087528,6.783369803063458,87.30853391684902,3.938730853391685,83.36980306345733
E00018785,282,49,39,10,233,8,225,17.375886524822697,13.829787234042554,3.546099290780142,82.62411347517731,2.8368794326241136,79.7872340425532
E00018786,541,70,23,47,471,18,453,12.939001848428836,4.251386321626617,8.687615526802219,87.06099815157117,3.3271719038817005,83.73382624768946
E00018787,332,32,16,16,300,8,292,9.63855421686747,4.819277108433735,4.819277108433735,90.36144578313254,2.4096385542168677,87.95180722891565
E00018788,522,59,29,30,463,11,452,11.302681992337165,5.555555555555555,5.747126436781609,88.69731800766284,2.10727969348659,86.59003831417624
E00018789,508,44,22,22,464,17,447,8.661417322834646,4.330708661417323,4.330708661417323,91.33858267716536,3.346456692913386,87.99212598425197
E00018790,502,60,22,38,442,14,428,11.952191235059761,4.382470119521913,7.569721115537849,88.04780876494024,2.788844621513944,85.2589641434263
E00018791,439,54,23,31,385,23,362,12.300683371298406,5.239179954441914,7.061503416856492,87.6993166287016,5.239179954441914,82.46013667425967
E00018792,501,54,25,29,447,15,432,10.778443113772456,4.990019960079841,5.788423153692615,89.22155688622755,2.9940119760479043,86.22754491017965
E00018793,427,63,35,28,364,20,344,14.754098360655737,8.19672131147541,6.557377049180328,85.24590163934425,4.683840749414521,80.56206088992974
E00018795,497,44,15,29,453,21,432,8.853118712273641,3.0181086519114686,5.8350100603621735,91.14688128772636,4.225352112676056,86.92152917505031
E00018797,447,50,25,25,397,23,374,11.185682326621924,5.592841163310962,5.592841163310962,88.81431767337807,5.1454138702460845,83.66890380313198
E00018798,491,59,25,34,432,21,411,12.016293279022404,5.091649694501019,6.924643584521386,87.9837067209776,4.276985743380855,83.70672097759673
E00018799,462,52,23,29,410,16,394,11.255411255411255,4.978354978354979,6.2770562770562766,88.74458874458875,3.463203463203463,85.28138528138528
E00018800,361,46,19,27,315,16,299,12.742382271468145,5.263157894736842,7.479224376731302,87.25761772853186,4.43213296398892,82.82548476454294
E00018801,496,71,28,43,425,18,407,14.31451612903226,5.64516129032258,8.669354838709678,85.68548387096774,3.6290322580645165,82.05645161290323
E00018802,470,47,26,21,423,14,409,10,5.531914893617021,4.468085106382979,90,2.9787234042553195,87.02127659574468
E00018803,411,44,21,23,367,14,353,10.70559610705596,5.109489051094891,5.59610705596107,89.29440389294405,3.40632603406326,85.88807785888078
E00018804,259,51,22,29,208,10,198,19.69111969111969,8.494208494208493,11.196911196911197,80.3088803088803,3.861003861003861,76.44787644787645
E00018805,446,51,30,21,395,6,389,11.434977578475337,6.726457399103139,4.708520179372197,88.56502242152466,1.345291479820628,87.21973094170403
E00018806,521,36,17,19,485,12,473,6.90978886756238,3.262955854126679,3.6468330134357005,93.09021113243762,2.3032629558541267,90.7869481765835
E00018807,491,37,14,23,454,14,440,7.535641547861507,2.8513238289205702,4.684317718940937,92.4643584521385,2.8513238289205702,89.61303462321793
E00018808,453,56,25,31,397,19,378,12.362030905077264,5.518763796909492,6.843267108167771,87.63796909492274,4.194260485651214,83.44370860927152
E00018809,488,33,20,13,455,15,440,6.762295081967213,4.098360655737705,2.663934426229508,93.23770491803278,3.0737704918032787,90.1639344262295
E00018810,429,42,13,29,387,14,373,9.79020979020979,3.0303030303030303,6.75990675990676,90.20979020979021,3.263403263403263,86.94638694638695
E00018811,526,47,16,31,479,28,451,8.935361216730039,3.041825095057034,5.893536121673003,91.06463878326996,5.323193916349809,85.74144486692015
E00018812,383,57,25,32,326,14,312,14.882506527415144,6.527415143603134,8.355091383812011,85.11749347258485,3.6553524804177546,81.4621409921671
E00018813,400,59,32,27,341,19,322,14.75,8,6.75,85.25,4.75,80.5
E00018814,402,51,25,26,351,7,344,12.686567164179104,6.218905472636816,6.467661691542288,87.31343283582089,1.7412935323383085,85.57213930348259
E00018816,447,38,16,22,409,20,389,8.501118568232663,3.5794183445190155,4.921700223713646,91.49888143176734,4.47427293064877,87.02460850111858
E00018817,557,89,58,31,468,20,448,15.978456014362658,10.412926391382406,5.565529622980251,84.02154398563735,3.5906642728904847,80.43087971274686
E00018818,487,62,29,33,425,20,405,12.73100616016427,5.95482546201232,6.7761806981519515,87.26899383983573,4.1067761806981515,83.16221765913757
E00018819,504,74,27,47,430,16,414,14.682539682539684,5.357142857142857,9.325396825396826,85.31746031746032,3.1746031746031744,82.14285714285714
E00018820,392,36,11,25,356,17,339,9.183673469387756,2.806122448979592,6.377551020408164,90.81632653061224,4.336734693877551,86.4795918367347
E00018821,458,35,21,14,423,19,404,7.641921397379912,4.585152838427948,3.056768558951965,92.35807860262008,4.148471615720524,88.20960698689956
E00018822,305,37,18,19,268,23,245,12.131147540983607,5.901639344262295,6.229508196721312,87.8688524590164,7.540983606557377,80.32786885245902
E00018823,301,42,14,28,259,13,246,13.953488372093023,4.651162790697675,9.30232558139535,86.04651162790698,4.318936877076411,81.72757475083057
E00018824,327,43,14,29,284,24,260,13.149847094801222,4.281345565749235,8.868501529051988,86.85015290519877,7.339449541284404,79.51070336391437
E00018825,390,50,22,28,340,23,317,12.82051282051282,5.641025641025641,7.179487179487179,87.17948717948718,5.897435897435897,81.28205128205128
E00018826,381,67,38,29,314,21,293,17.585301837270343,9.973753280839896,7.611548556430446,82.41469816272966,5.511811023622047,76.9028871391076
E00018827,313,58,20,38,255,20,235,18.53035143769968,6.3897763578274756,12.140575079872203,81.46964856230032,6.3897763578274756,75.07987220447284
E00018828,332,40,13,27,292,21,271,12.048192771084338,3.91566265060241,8.132530120481928,87.95180722891565,6.325301204819277,81.62650602409639
E00018829,252,30,13,17,222,16,206,11.904761904761903,5.158730158730158,6.746031746031746,88.09523809523809,6.349206349206349,81.74603174603175
E00018830,310,39,18,21,271,15,256,12.580645161290322,5.806451612903226,6.774193548387098,87.41935483870968,4.838709677419355,82.58064516129032
E00018831,257,34,13,21,223,8,215,13.229571984435799,5.058365758754864,8.171206225680933,86.7704280155642,3.11284046692607,83.65758754863813
E00018832,385,29,12,17,356,33,323,7.532467532467532,3.116883116883117,4.415584415584416,92.46753246753246,8.571428571428571,83.8961038961039
E00018833,303,30,11,19,273,18,255,9.900990099009901,3.6303630363036308,6.270627062706271,90.0990099009901,5.9405940594059405,84.15841584158416
E00018834,393,35,18,17,358,29,329,8.9058524173028,4.580152671755725,4.325699745547073,91.0941475826972,7.37913486005089,83.7150127226463
E00018835,407,29,12,17,378,26,352,7.125307125307126,2.9484029484029484,4.176904176904177,92.87469287469288,6.388206388206388,86.48648648648648
E00018836,342,24,7,17,318,24,294,7.017543859649122,2.046783625730994,4.970760233918129,92.98245614035088,7.017543859649122,85.96491228070175
E00018837,341,40,18,22,301,17,284,11.730205278592376,5.278592375366569,6.451612903225806,88.26979472140762,4.9853372434017595,83.28445747800586
E00018838,273,49,24,25,224,18,206,17.94871794871795,8.791208791208792,9.157509157509157,82.05128205128204,6.593406593406594,75.45787545787546
E00018839,343,28,14,14,315,24,291,8.16326530612245,4.081632653061225,4.081632653061225,91.83673469387756,6.997084548104956,84.8396501457726
E00018840,342,25,8,17,317,23,294,7.309941520467836,2.3391812865497075,4.970760233918129,92.69005847953217,6.725146198830409,85.96491228070175
E00018841,273,46,15,31,227,22,205,16.84981684981685,5.4945054945054945,11.355311355311356,83.15018315018315,8.058608058608058,75.0915750915751
E00018842,402,47,17,30,355,31,324,11.691542288557214,4.228855721393035,7.462686567164178,88.30845771144278,7.711442786069651,80.59701492537313
E00018843,310,37,16,21,273,16,257,11.935483870967742,5.161290322580645,6.774193548387098,88.06451612903226,5.161290322580645,82.9032258064516
E00018844,310,30,12,18,280,26,254,9.67741935483871,3.870967741935484,5.806451612903226,90.32258064516128,8.38709677419355,81.93548387096774
E00018845,274,48,24,24,226,24,202,17.51824817518248,8.75912408759124,8.75912408759124,82.48175182481752,8.75912408759124,73.72262773722628
E00018846,373,41,13,28,332,17,315,10.991957104557642,3.485254691689008,7.506702412868632,89.00804289544236,4.557640750670242,84.45040214477211
E00018847,398,41,20,21,357,33,324,10.301507537688442,5.025125628140704,5.276381909547738,89.69849246231156,8.291457286432161,81.4070351758794
E00018848,413,97,64,33,316,26,290,23.486682808716708,15.49636803874092,7.990314769975787,76.51331719128329,6.2953995157385,70.2179176755448
E00018849,453,53,18,35,400,24,376,11.699779249448124,3.9735099337748347,7.72626931567329,88.30022075055187,5.298013245033113,83.00220750551877
E00018850,312,54,21,33,258,12,246,17.307692307692307,6.730769230769231,10.576923076923077,82.6923076923077,3.8461538461538463,78.84615384615384
E00018851,301,51,24,27,250,17,233,16.943521594684384,7.973421926910299,8.970099667774086,83.05647840531562,5.647840531561462,77.40863787375415
E00018852,305,45,19,26,260,12,248,14.754098360655737,6.229508196721312,8.524590163934425,85.24590163934425,3.934426229508197,81.31147540983606
E00018853,410,52,21,31,358,29,329,12.682926829268293,5.121951219512195,7.560975609756097,87.3170731707317,7.073170731707316,80.2439024390244
E00018854,347,60,22,38,287,12,275,17.29106628242075,6.340057636887608,10.951008645533141,82.70893371757924,3.45821325648415,79.2507204610951
E00018855,449,45,24,21,404,12,392,10.022271714922049,5.3452115812917596,4.67706013363029,89.97772828507794,2.6726057906458798,87.30512249443207
E00018857,287,26,12,14,261,17,244,9.059233449477352,4.181184668989547,4.878048780487805,90.94076655052264,5.923344947735192,85.01742160278745
E00018859,409,48,7,41,361,22,339,11.7359413202934,1.7114914425427872,10.024449877750612,88.26405867970661,5.378973105134474,82.88508557457213
E00018860,363,58,26,32,305,31,274,15.977961432506888,7.162534435261708,8.81542699724518,84.02203856749311,8.539944903581267,75.48209366391184
E00018861,347,42,20,22,305,4,301,12.103746397694524,5.763688760806916,6.340057636887608,87.89625360230548,1.1527377521613833,86.74351585014409
E00018862,430,69,25,44,361,17,344,16.046511627906977,5.813953488372093,10.232558139534884,83.95348837209302,3.953488372093023,80
E00018864,509,53,18,35,456,20,436,10.412573673870334,3.536345776031434,6.8762278978389,89.58742632612967,3.9292730844793713,85.6581532416503
E00018865,398,47,17,30,351,9,342,11.809045226130653,4.271356783919598,7.537688442211055,88.19095477386935,2.261306532663317,85.92964824120602
E00018866,403,49,20,29,354,9,345,12.158808933002481,4.962779156327544,7.196029776674938,87.84119106699751,2.2332506203473943,85.60794044665012
E00018867,439,52,31,21,387,18,369,11.845102505694761,7.061503416856492,4.783599088838269,88.15489749430525,4.100227790432802,84.05466970387245
E00018868,446,41,16,25,405,12,393,9.192825112107624,3.587443946188341,5.605381165919283,90.80717488789237,2.690582959641256,88.11659192825113
E00018869,511,75,28,47,436,22,414,14.677103718199607,5.47945205479452,9.197651663405088,85.32289628180038,4.305283757338552,81.01761252446184
E00018871,542,38,17,21,504,15,489,7.011070110701106,3.136531365313653,3.8745387453874542,92.98892988929889,2.7675276752767526,90.22140221402213
E00018872,397,55,29,26,342,20,322,13.85390428211587,7.304785894206549,6.54911838790932,86.14609571788414,5.037783375314862,81.10831234256926
E00018873,390,53,25,28,337,11,326,13.58974358974359,6.41025641025641,7.179487179487179,86.41025641025641,2.8205128205128207,83.58974358974359
E00018874,445,38,17,21,407,19,388,8.539325842696629,3.8202247191011236,4.719101123595506,91.46067415730337,4.269662921348314,87.19101123595505
E00018876,384,37,12,25,347,17,330,9.635416666666668,3.125,6.510416666666667,90.36458333333334,4.427083333333334,85.9375
E00018877,479,84,45,39,395,14,381,17.536534446764094,9.394572025052192,8.1419624217119,82.4634655532359,2.9227557411273484,79.54070981210856
E00018878,408,39,15,24,369,13,356,9.558823529411764,3.6764705882352944,5.88235294117647,90.44117647058823,3.1862745098039214,87.25490196078431
E00018879,521,51,27,24,470,23,447,9.788867562380037,5.182341650671785,4.606525911708253,90.21113243761995,4.414587332053743,85.79654510556622
E00018880,440,65,29,36,375,17,358,14.772727272727273,6.59090909090909,8.181818181818182,85.22727272727273,3.8636363636363633,81.36363636363636
E00018881,472,72,44,28,400,22,378,15.254237288135593,9.322033898305085,5.932203389830509,84.7457627118644,4.661016949152542,80.08474576271186
E00018883,453,52,23,29,401,29,372,11.479028697571744,5.077262693156733,6.401766004415011,88.52097130242825,6.401766004415011,82.11920529801324
E00018884,440,67,35,32,373,16,357,15.227272727272728,7.954545454545454,7.2727272727272725,84.77272727272728,3.6363636363636362,81.13636363636364
E00018885,520,54,18,36,466,29,437,10.384615384615385,3.4615384615384617,6.923076923076923,89.61538461538461,5.5769230769230775,84.03846153846153
E00018886,455,47,19,28,408,15,393,10.329670329670328,4.175824175824175,6.153846153846154,89.67032967032968,3.296703296703297,86.37362637362638
E00018887,423,34,15,19,389,19,370,8.037825059101655,3.546099290780142,4.491725768321513,91.96217494089835,4.491725768321513,87.47044917257683
E00018888,541,58,27,31,483,36,447,10.720887245841034,4.990757855822551,5.730129390018484,89.27911275415896,6.654343807763401,82.62476894639556
E00018889,386,31,16,15,355,10,345,8.031088082901555,4.145077720207254,3.8860103626943006,91.96891191709845,2.5906735751295336,89.37823834196891
E00018890,456,52,20,32,404,27,377,11.403508771929824,4.385964912280701,7.017543859649122,88.59649122807018,5.921052631578947,82.67543859649122
E00018891,422,47,23,24,375,17,358,11.137440758293838,5.450236966824645,5.687203791469194,88.86255924170617,4.028436018957346,84.83412322274881
E00018892,423,50,15,35,373,33,340,11.82033096926714,3.546099290780142,8.274231678486997,88.17966903073287,7.801418439716312,80.37825059101655
E00018893,367,41,16,25,326,16,310,11.1716621253406,4.35967302452316,6.811989100817439,88.8283378746594,4.35967302452316,84.46866485013625
E00018894,219,48,28,20,171,6,165,21.91780821917808,12.785388127853881,9.1324200913242,78.08219178082192,2.73972602739726,75.34246575342466
E00018895,507,54,19,35,453,22,431,10.650887573964498,3.7475345167652856,6.903353057199212,89.3491124260355,4.339250493096647,85.00986193293886
E00018896,161,42,26,16,119,6,113,26.08695652173913,16.149068322981368,9.937888198757763,73.91304347826086,3.7267080745341614,70.1863354037267
E00018897,239,25,9,16,214,11,203,10.460251046025103,3.765690376569038,6.694560669456067,89.5397489539749,4.602510460251046,84.93723849372385
E00018898,383,46,26,20,337,19,318,12.010443864229766,6.7885117493472595,5.221932114882506,87.98955613577023,4.960835509138381,83.02872062663185
E00018899,316,38,16,22,278,8,270,12.025316455696203,5.063291139240507,6.962025316455696,87.9746835443038,2.5316455696202533,85.44303797468355
E00018900,358,34,12,22,324,30,294,9.497206703910614,3.35195530726257,6.145251396648044,90.5027932960894,8.379888268156424,82.12290502793296
E00018901,324,37,15,22,287,19,268,11.419753086419753,4.62962962962963,6.790123456790123,88.58024691358025,5.864197530864197,82.71604938271605
E00018902,417,36,17,19,381,10,371,8.633093525179856,4.07673860911271,4.556354916067146,91.36690647482014,2.3980815347721824,88.96882494004797
E00018903,471,59,28,31,412,14,398,12.526539278131635,5.9447983014862,6.581740976645436,87.47346072186836,2.9723991507431,84.50106157112526
E00018904,330,26,8,18,304,15,289,7.878787878787878,2.4242424242424243,5.454545454545454,92.12121212121212,4.545454545454546,87.57575757575758
E00018905,361,47,22,25,314,18,296,13.019390581717452,6.094182825484765,6.9252077562326875,86.98060941828255,4.986149584487535,81.99445983379502
E00018906,317,37,11,26,280,24,256,11.67192429022082,3.4700315457413247,8.201892744479496,88.32807570977917,7.570977917981073,80.7570977917981
E00018907,289,50,23,27,239,13,226,17.301038062283737,7.958477508650519,9.342560553633218,82.69896193771626,4.498269896193772,78.20069204152249
E00018908,328,23,5,18,305,17,288,7.01219512195122,1.524390243902439,5.487804878048781,92.98780487804879,5.182926829268292,87.8048780487805
E00018909,390,36,11,25,354,14,340,9.230769230769232,2.8205128205128207,6.41025641025641,90.76923076923077,3.5897435897435894,87.17948717948718
E00018910,435,34,23,11,401,17,384,7.816091954022989,5.287356321839081,2.528735632183908,92.18390804597702,3.9080459770114944,88.27586206896552
E00018911,346,42,18,24,304,17,287,12.138728323699421,5.202312138728324,6.9364161849710975,87.861271676300575,4.913294797687861,82.94797687861272
E00018912,337,40,13,27,297,21,276,11.869436201780417,3.857566765578635,8.011869436201781,88.13056379821958,6.231454005934718,81.89910979228486
E00018913,343,32,15,17,311,21,290,9.329446064139942,4.373177842565598,4.956268221574344,90.67055393586006,6.122448979591836,84.54810495626822
E00018914,434,51,21,30,383,22,361,11.751152073732719,4.838709677419355,6.912442396313365,88.24884792626729,5.0691244239631335,83.17972350230414
E00018915,302,23,3,20,279,18,261,7.6158940397351,0.9933774834437087,6.622516556291391,92.3841059602649,5.960264900662252,86.42384105960265
E00018916,605,53,21,32,552,37,515,8.760330578512397,3.4710743801652892,5.289256198347108,91.2396694214876,6.115702479338843,85.12396694214877
E00018917,343,37,10,27,306,22,284,10.787172011661808,2.9154518950437316,7.871720116618077,89.21282798833819,6.41399416909621,82.79883381924198
E00018918,413,42,14,28,371,17,354,10.16949152542373,3.389830508474576,6.779661016949152,89.83050847457628,4.116222760290557,85.71428571428571
E00018919,324,29,11,18,295,18,277,8.950617283950617,3.3950617283950617,5.555555555555555,91.0493827160494,5.555555555555555,85.49382716049382
E00018920,375,37,15,22,338,23,315,9.866666666666667,4,5.866666666666666,90.13333333333333,6.133333333333333,84
E00018921,401,54,25,29,347,26,321,13.466334164588527,6.234413965087282,7.231920199501247,86.53366583541147,6.483790523690773,80.0498753117207
E00018922,320,33,13,20,287,16,271,10.3125,4.0625,6.25,89.6875,5,84.6875
E00018923,322,44,19,25,278,18,260,13.664596273291925,5.900621118012422,7.763975155279502,86.33540372670807,5.590062111801243,80.74534161490683
E00018924,423,50,16,34,373,19,354,11.82033096926714,3.7825059101654848,8.037825059101655,88.17966903073287,4.491725768321513,83.68794326241135
E00018925,365,43,21,22,322,23,299,11.78082191780822,5.7534246575342465,6.027397260273973,88.21917808219179,6.301369863013699,81.91780821917808
E00018926,434,53,20,33,381,25,356,12.211981566820276,4.6082949308755765,7.603686635944701,87.78801843317973,5.76036866359447,82.02764976958525
E00018927,365,45,15,30,320,13,307,12.32876712328767,4.10958904109589,8.21917808219178,87.67123287671232,3.5616438356164384,84.10958904109589
E00018928,402,92,39,53,310,12,298,22.885572139303484,9.701492537313433,13.184079601990051,77.11442786069652,2.9850746268656714,74.12935323383084
E00018929,411,72,33,39,339,16,323,17.51824817518248,8.02919708029197,9.48905109489051,82.48175182481752,3.8929440389294405,78.58880778588808
E00018930,378,52,19,33,326,14,312,13.756613756613756,5.026455026455026,8.73015873015873,86.24338624338624,3.7037037037037033,82.53968253968253
E00018931,378,62,44,18,316,9,307,16.402116402116402,11.64021164021164,4.761904761904762,83.5978835978836,2.380952380952381,81.21693121693121
E00018932,445,52,32,20,393,17,376,11.685393258426966,7.191011235955057,4.49438202247191,88.31460674157303,3.8202247191011236,84.49438202247191
E00018933,504,59,22,37,445,12,433,11.706349206349206,4.365079365079365,7.341269841269842,88.29365079365078,2.380952380952381,85.9126984126984
E00018934,568,74,46,28,494,17,477,13.028169014084506,8.098591549295776,4.929577464788732,86.97183098591549,2.992957746478873,83.97887323943662
E00018935,546,61,29,32,485,11,474,11.172161172161173,5.311355311355311,5.86080586080586,88.82783882783882,2.0146520146520146,86.81318681318682
E00018936,486,64,23,41,422,24,398,13.168724279835391,4.732510288065844,8.436213991769549,86.83127572016461,4.938271604938271,81.89300411522635
E00018937,507,54,33,21,453,14,439,10.650887573964498,6.508875739644971,4.142011834319527,89.3491124260355,2.7613412228796843,86.58777120315581
E00018939,578,45,15,30,533,13,520,7.7854671280276815,2.5951557093425603,5.190311418685121,92.21453287197232,2.249134948096886,89.96539792387543
E00018943,466,49,20,29,417,17,400,10.515021459227468,4.291845493562231,6.223175965665236,89.48497854077253,3.648068669527897,85.83690987124464
E00018944,324,39,17,22,285,9,276,12.037037037037036,5.246913580246913,6.790123456790123,87.96296296296296,2.7777777777777777,85.18518518518519
E00018945,444,45,15,30,399,16,383,10.135135135135135,3.3783783783783785,6.756756756756757,89.86486486486487,3.6036036036036037,86.26126126126125
E00018946,409,48,23,25,361,21,340,11.7359413202934,5.623471882640587,6.112469437652812,88.26405867970661,5.134474327628362,83.12958435207824
E00018947,424,50,24,26,374,14,360,11.79245283018868,5.660377358490567,6.132075471698113,88.20754716981132,3.30188679245283,84.90566037735849
E00018948,312,38,16,22,274,15,259,12.179487179487179,5.128205128205128,7.051282051282051,87.82051282051282,4.807692307692308,83.01282051282051
E00018949,443,46,24,22,397,19,378,10.383747178329571,5.417607223476298,4.966139954853273,89.61625282167043,4.288939051918736,85.32731376975168
E00018950,397,45,26,19,352,12,340,11.335012594458437,6.54911838790932,4.785894206549118,88.66498740554157,3.022670025188917,85.64231738035264
E00018951,431,70,37,33,361,11,350,16.241299303944317,8.584686774941995,7.65661252900232,83.75870069605568,2.5522041763341066,81.20649651972158
E00018952,422,51,22,29,371,16,355,12.085308056872037,5.213270142180095,6.872037914691943,87.91469194312796,3.7914691943127963,84.12322274881517
E00018953,395,57,21,36,338,12,326,14.430379746835442,5.3164556962025316,9.113924050632912,85.56962025316456,3.0379746835443036,82.53164556962025
E00018954,255,45,30,15,210,7,203,17.647058823529413,11.76470588235294,5.88235294117647,82.35294117647058,2.7450980392156863,79.6078431372549
E00018955,540,58,32,26,482,20,462,10.74074074074074,5.9259259259259265,4.814814814814815,89.25925925925927,3.7037037037037033,85.55555555555556
E00018956,372,36,11,25,336,13,323,9.67741935483871,2.956989247311828,6.720430107526881,90.32258064516128,3.494623655913978,86.82795698924731
E00018958,325,22,9,13,303,21,282,6.769230769230769,2.769230769230769,4,93.23076923076923,6.461538461538462,86.76923076923076
E00018959,490,48,23,25,442,19,423,9.795918367346939,4.6938775510204085,5.1020408163265305,90.20408163265307,3.877551020408163,86.3265306122449
E00018960,478,62,25,37,416,14,402,12.97071129707113,5.230125523012552,7.740585774058577,87.02928870292888,2.928870292887029,84.10041841004184
E00018961,551,53,18,35,498,9,489,9.618874773139746,3.2667876588021776,6.352087114337568,90.38112522686026,1.6333938294010888,88.74773139745916
E00018962,354,31,8,23,323,19,304,8.757062146892656,2.2598870056497176,6.497175141242938,91.24293785310734,5.367231638418079,85.87570621468926
E00018963,468,79,36,43,389,38,351,16.88034188034188,7.6923076923076925,9.18803418803419,83.11965811965813,8.11965811965812,75
E00018964,415,27,7,20,388,28,360,6.506024096385541,1.6867469879518073,4.819277108433735,93.49397590361446,6.746987951807229,86.74698795180723
E00018965,331,27,5,22,304,24,280,8.157099697885197,1.5105740181268883,6.646525679758309,91.8429003021148,7.250755287009064,84.59214501510573
E00018966,295,40,17,23,255,25,230,13.559322033898304,5.762711864406779,7.796610169491526,86.4406779661017,8.47457627118644,77.96610169491525
E00018967,328,36,13,23,292,29,263,10.975609756097562,3.9634146341463414,7.01219512195122,89.02439024390245,8.841463414634147,80.1829268292683
E00018968,354,43,12,31,311,21,290,12.146892655367232,3.389830508474576,8.757062146892656,87.85310734463276,5.932203389830509,81.92090395480226
E00018969,345,32,9,23,313,19,294,9.27536231884058,2.608695652173913,6.666666666666667,90.72463768115942,5.507246376811594,85.21739130434783
E00018970,332,29,10,19,303,26,277,8.734939759036145,3.0120481927710845,5.72289156626506,91.26506024096386,7.83132530120482,83.43373493975903
E00018971,215,25,12,13,190,16,174,11.627906976744185,5.5813953488372094,6.046511627906977,88.37209302325581,7.441860465116279,80.93023255813954
E00018972,363,43,14,29,320,15,305,11.84573002754821,3.8567493112947657,7.988980716253444,88.1542699724518,4.132231404958678,84.02203856749311
E00018973,219,45,24,21,174,18,156,20.54794520547945,10.95890410958904,9.58904109589041,79.45205479452055,8.21917808219178,71.23287671232876
E00018974,257,41,12,29,216,14,202,15.953307392996107,4.669260700389105,11.284046692607005,84.04669260700389,5.447470817120623,78.59922178988327
E00018975,285,38,11,27,247,20,227,13.333333333333334,3.8596491228070176,9.473684210526317,86.66666666666667,7.017543859649122,79.64912280701755
E00018976,315,30,12,18,285,23,262,9.523809523809524,3.8095238095238098,5.714285714285714,90.47619047619048,7.301587301587302,83.17460317460318
E00018977,313,33,14,19,280,21,259,10.543130990415335,4.472843450479233,6.070287539936102,89.45686900958466,6.7092651757188495,82.74760383386581
E00018978,311,44,20,24,267,20,247,14.14790996784566,6.430868167202572,7.717041800643088,85.85209003215434,6.430868167202572,79.42122186495176
E00018979,273,38,14,24,235,13,222,13.91941391941392,5.128205128205128,8.791208791208792,86.08058608058609,4.761904761904762,81.31868131868131
E00018980,211,35,12,23,176,13,163,16.587677725118482,5.687203791469194,10.90047393364929,83.41232227488152,6.161137440758294,77.25118483412322
E00018981,350,45,17,28,305,27,278,12.857142857142856,4.857142857142857,8,87.14285714285714,7.7142857142857135,79.42857142857143
E00018982,333,45,18,27,288,15,273,13.513513513513514,5.405405405405405,8.108108108108109,86.48648648648648,4.504504504504505,81.98198198198197
E00018983,175,32,9,23,143,14,129,18.285714285714285,5.142857142857142,13.142857142857142,81.71428571428572,8,73.71428571428571
E00018984,299,45,24,21,254,18,236,15.050167224080269,8.02675585284281,7.023411371237458,84.94983277591973,6.0200668896321075,78.92976588628763
E00018985,367,39,10,29,328,24,304,10.626702997275205,2.7247956403269753,7.901907356948229,89.3732970027248,6.539509536784741,82.83378746594006
E00018986,260,43,23,20,217,18,199,16.538461538461537,8.846153846153847,7.6923076923076925,83.46153846153847,6.923076923076923,76.53846153846153
E00018987,232,49,27,22,183,14,169,21.120689655172413,11.637931034482758,9.482758620689655,78.87931034482759,6.0344827586206895,72.84482758620689
E00018988,238,31,13,18,207,27,180,13.025210084033615,5.46218487394958,7.563025210084033,86.97478991596638,11.344537815126051,75.63025210084034
E00018989,244,31,8,23,213,18,195,12.704918032786885,3.278688524590164,9.426229508196721,87.29508196721312,7.377049180327869,79.91803278688525
E00018990,247,30,9,21,217,17,200,12.145748987854251,3.643724696356275,8.502024291497975,87.85425101214574,6.882591093117409,80.97165991902834
E00018991,222,49,21,28,173,13,160,22.07207207207207,9.45945945945946,12.612612612612612,77.92792792792793,5.8558558558558556,72.07207207207207
E00018992,270,20,3,17,250,23,227,7.4074074074074066,1.1111111111111112,6.296296296296296,92.5925925925926,8.518518518518519,84.07407407407408
E00018993,307,59,39,20,248,20,228,19.218241042345277,12.703583061889251,6.514657980456026,80.78175895765473,6.514657980456026,74.2671009771987
E00018994,333,35,14,21,298,23,275,10.51051051051051,4.2042042042042045,6.306306306306306,89.4894894894895,6.906906906906906,82.58258258258259
E00018995,270,43,24,19,227,19,208,15.925925925925927,8.88888888888889,7.037037037037037,84.07407407407408,7.037037037037037,77.03703703703704
E00018996,367,53,28,25,314,20,294,14.441416893732969,7.629427792915531,6.811989100817439,85.55858310626702,5.449591280653951,80.10899182561307
E00018997,211,25,8,17,186,11,175,11.848341232227488,3.7914691943127963,8.056872037914692,88.15165876777252,5.213270142180095,82.93838862559242
E00018998,301,27,5,22,274,20,254,8.970099667774086,1.6611295681063125,7.308970099667775,91.0299003322259,6.64451827242525,84.38538205980066
E00018999,177,52,14,38,125,19,106,29.37853107344633,7.909604519774012,21.468926553672315,70.62146892655367,10.734463276836157,59.887005649717516
E00019000,306,29,8,21,277,18,259,9.477124183006536,2.6143790849673203,6.862745098039216,90.52287581699346,5.88235294117647,84.640522875817
E00019001,170,19,6,13,151,15,136,11.176470588235295,3.5294117647058822,7.647058823529412,88.8235294117647,8.823529411764707,80
E00019002,343,29,5,24,314,21,293,8.454810495626822,1.4577259475218658,6.997084548104956,91.54518950437318,6.122448979591836,85.42274052478133
E00019003,306,56,29,27,250,14,236,18.30065359477124,9.477124183006536,8.823529411764707,81.69934640522875,4.57516339869281,77.12418300653596
E00019004,410,44,21,23,366,9,357,10.731707317073171,5.121951219512195,5.609756097560976,89.26829268292683,2.195121951219512,87.07317073170732
E00019005,573,61,32,29,512,11,501,10.645724258289704,5.5846422338568935,5.06108202443281,89.3542757417103,1.9197207678883073,87.43455497382199
E00019006,514,78,42,36,436,17,419,15.17509727626459,8.171206225680933,7.003891050583658,84.8249027237354,3.3073929961089497,81.51750972762646
E00019007,310,36,8,28,274,24,250,11.612903225806452,2.5806451612903225,9.032258064516128,88.38709677419355,7.741935483870968,80.64516129032258
E00019008,311,62,36,26,249,10,239,19.935691318327976,11.57556270096463,8.360128617363344,80.06430868167203,3.215434083601286,76.84887459807074
E00019009,448,48,23,25,400,14,386,10.714285714285714,5.133928571428571,5.580357142857143,89.28571428571429,3.125,86.16071428571429
E00019010,376,29,12,17,347,11,336,7.712765957446808,3.1914893617021276,4.521276595744681,92.2872340425532,2.925531914893617,89.36170212765957
E00019012,351,27,15,12,324,12,312,7.6923076923076925,4.273504273504273,3.418803418803419,92.3076923076923,3.418803418803419,88.88888888888889
E00019013,348,67,32,35,281,21,260,19.25287356321839,9.195402298850574,10.057471264367816,80.74712643678161,6.0344827586206895,74.71264367816092
E00019014,381,50,29,21,331,9,322,13.123359580052494,7.611548556430446,5.511811023622047,86.8766404199475,2.3622047244094486,84.51443569553805
E00019015,378,42,20,22,336,12,324,11.11111111111111,5.291005291005291,5.82010582010582,88.88888888888889,3.1746031746031744,85.71428571428571
E00019016,448,41,21,20,407,16,391,9.151785714285714,4.6875,4.464285714285714,90.84821428571429,3.571428571428571,87.27678571428571
E00019017,487,52,26,26,435,14,421,10.677618069815194,5.338809034907597,5.338809034907597,89.3223819301848,2.8747433264887063,86.44763860369609
E00019018,362,44,19,25,318,9,309,12.154696132596685,5.248618784530387,6.906077348066299,87.84530386740332,2.4861878453038675,85.35911602209944
E00019019,501,60,32,28,441,12,429,11.976047904191617,6.387225548902195,5.588822355289421,88.02395209580838,2.3952095808383236,85.62874251497006
E00019020,444,47,27,20,397,23,374,10.585585585585585,6.081081081081082,4.504504504504505,89.41441441441441,5.18018018018018,84.23423423423422
E00019022,418,66,35,31,352,15,337,15.789473684210526,8.373205741626794,7.4162679425837315,84.21052631578947,3.588516746411483,80.622009569378
E00019023,307,30,14,16,277,11,266,9.77198697068404,4.5602605863192185,5.211726384364821,90.22801302931596,3.5830618892508146,86.64495114006515
E00019024,569,68,30,38,501,23,478,11.950790861159929,5.272407732864675,6.6783831282952555,88.04920913884007,4.042179261862917,84.00702987697716
E00019025,499,49,28,21,450,25,425,9.819639278557114,5.61122244488978,4.208416833667335,90.18036072144288,5.01002004008016,85.17034068136272
E00019026,432,41,23,18,391,21,370,9.49074074074074,5.324074074074074,4.166666666666666,90.50925925925925,4.861111111111112,85.64814814814815
E00019027,419,35,19,16,384,24,360,8.353221957040573,4.534606205250596,3.8186157517899764,91.64677804295943,5.727923627684964,85.91885441527445
E00019028,444,39,22,17,405,18,387,8.783783783783784,4.954954954954955,3.8288288288288284,91.21621621621621,4.054054054054054,87.16216216216216
E00019029,341,43,20,23,298,8,290,12.609970674486803,5.865102639296188,6.744868035190615,87.3900293255132,2.346041055718475,85.04398826979472
E00019030,335,34,15,19,301,9,292,10.149253731343283,4.477611940298507,5.6716417910447765,89.8507462686567,2.6865671641791042,87.16417910447761
E00019031,362,49,19,30,313,21,292,13.535911602209943,5.248618784530387,8.287292817679557,86.46408839779005,5.801104972375691,80.66298342541437
E00019032,424,61,21,40,363,18,345,14.38679245283019,4.952830188679245,9.433962264150944,85.61320754716981,4.245283018867925,81.36792452830188
E00019033,390,45,17,28,345,14,331,11.538461538461538,4.358974358974359,7.179487179487179,88.46153846153845,3.5897435897435894,84.87179487179488
E00019034,370,35,12,23,335,17,318,9.45945945945946,3.2432432432432434,6.216216216216217,90.54054054054053,4.594594594594595,85.94594594594595
E00019035,383,36,20,16,347,7,340,9.39947780678851,5.221932114882506,4.177545691906006,90.60052219321149,1.8276762402088773,88.77284595300262
E00019036,371,57,38,19,314,10,304,15.363881401617252,10.242587601078167,5.121293800539084,84.63611859838275,2.6954177897574128,81.94070080862534
E00019037,452,63,26,37,389,24,365,13.938053097345133,5.752212389380531,8.185840707964601,86.06194690265487,5.3097345132743365,80.75221238938053
E00019038,464,42,20,22,422,13,409,9.051724137931034,4.310344827586207,4.741379310344827,90.94827586206897,2.8017241379310347,88.14655172413794
E00019039,469,51,19,32,418,13,405,10.874200426439232,4.051172707889126,6.823027718550106,89.12579957356077,2.771855010660981,86.35394456289978
E00019040,232,22,1,21,210,15,195,9.482758620689655,0.43103448275862066,9.051724137931034,90.51724137931035,6.4655172413793105,84.05172413793103
E00019041,348,28,13,15,320,27,293,8.045977011494253,3.7356321839080464,4.310344827586207,91.95402298850574,7.758620689655173,84.19540229885058
E00019042,349,33,11,22,316,21,295,9.455587392550143,3.151862464183381,6.303724928366762,90.54441260744986,6.017191977077363,84.5272206303725
E00019043,422,51,17,34,371,37,334,12.085308056872037,4.028436018957346,8.056872037914692,87.91469194312796,8.767772511848342,79.14691943127961
E00019044,296,43,16,27,253,17,236,14.527027027027026,5.405405405405405,9.121621621621621,85.47297297297297,5.743243243243244,79.72972972972973
E00019045,170,35,19,16,135,8,127,20.588235294117645,11.176470588235295,9.411764705882353,79.41176470588235,4.705882352941177,74.70588235294117
E00019046,465,59,28,31,406,33,373,12.688172043010754,6.021505376344086,6.666666666666667,87.31182795698925,7.096774193548387,80.21505376344086
E00019047,417,71,34,37,346,11,335,17.026378896882495,8.15347721822542,8.872901678657074,82.9736211031175,2.6378896882494005,80.3357314148681
E00019048,223,30,7,23,193,11,182,13.452914798206278,3.1390134529147984,10.31390134529148,86.54708520179372,4.932735426008969,81.61434977578476
E00019049,353,45,20,25,308,28,280,12.747875354107649,5.6657223796034,7.0821529745042495,87.25212464589235,7.932011331444759,79.3201133144476
E00019050,314,39,16,23,275,28,247,12.420382165605096,5.095541401273886,7.32484076433121,87.57961783439491,8.9171974522293,78.6624203821656
E00019051,361,38,14,24,323,32,291,10.526315789473683,3.8781163434903045,6.64819944598338,89.47368421052632,8.86426592797784,80.60941828254848
E00019052,426,49,17,32,377,27,350,11.502347417840376,3.9906103286384975,7.511737089201878,88.49765258215963,6.338028169014084,82.15962441314554
E00019053,227,26,7,19,201,14,187,11.45374449339207,3.0837004405286343,8.370044052863436,88.54625550660793,6.167400881057269,82.37885462555066
E00019054,415,68,30,38,347,25,322,16.3855421686747,7.228915662650602,9.156626506024097,83.61445783132531,6.024096385542169,77.59036144578313
E00019055,360,33,6,27,327,17,310,9.166666666666666,1.6666666666666667,7.5,90.83333333333333,4.722222222222222,86.11111111111111
E00019056,314,46,14,32,268,17,251,14.64968152866242,4.45859872611465,10.191082802547772,85.35031847133759,5.414012738853503,79.93630573248409
E00019057,345,54,23,31,291,25,266,15.65217391304348,6.666666666666667,8.985507246376812,84.34782608695653,7.246376811594203,77.10144927536233
E00019058,336,39,11,28,297,27,270,11.607142857142858,3.273809523809524,8.333333333333332,88.39285714285714,8.035714285714286,80.35714285714286
E00019059,406,37,16,21,369,32,337,9.113300492610838,3.9408866995073892,5.172413793103448,90.88669950738915,7.8817733990147785,83.00492610837439
E00019060,255,74,39,35,181,15,166,29.01960784313726,15.294117647058824,13.725490196078432,70.98039215686275,5.88235294117647,65.09803921568627
E00019061,321,37,20,17,284,21,263,11.526479750778815,6.230529595015576,5.29595015576324,88.47352024922118,6.5420560747663545,81.93146417445483
E00019062,371,55,28,27,316,16,300,14.824797843665769,7.547169811320755,7.277628032345014,85.17520215633422,4.31266846361186,80.86253369272237
E00019063,249,24,4,20,225,12,213,9.63855421686747,1.6064257028112447,8.032128514056225,90.36144578313254,4.819277108433735,85.54216867469879
E00019064,143,13,6,7,130,12,118,9.090909090909092,4.195804195804196,4.895104895104895,90.9090909090909,8.391608391608392,82.51748251748252
E00019065,332,30,10,20,302,17,285,9.036144578313253,3.0120481927710845,6.024096385542169,90.96385542168674,5.120481927710843,85.8433734939759
E00019066,337,33,11,22,304,18,286,9.792284866468842,3.2640949554896146,6.528189910979229,90.20771513353115,5.341246290801187,84.86646884272997
E00019067,278,30,9,21,248,18,230,10.79136690647482,3.237410071942446,7.553956834532374,89.20863309352518,6.474820143884892,82.73381294964028
E00019068,293,33,10,23,260,20,240,11.262798634812286,3.4129692832764507,7.849829351535837,88.73720136518772,6.825938566552901,81.91126279863481
E00019069,313,49,14,35,264,22,242,15.654952076677317,4.472843450479233,11.182108626198083,84.34504792332268,7.0287539936102235,77.31629392971246
E00019070,286,35,9,26,251,28,223,12.237762237762238,3.146853146853147,9.090909090909092,87.76223776223776,9.79020979020979,77.97202797202797
E00019071,330,39,15,24,291,22,269,11.818181818181818,4.545454545454546,7.2727272727272725,88.18181818181819,6.666666666666667,81.51515151515152
E00019072,366,38,8,30,328,22,306,10.382513661202186,2.185792349726776,8.19672131147541,89.61748633879782,6.0109289617486334,83.60655737704919
E00019073,181,25,9,16,156,15,141,13.812154696132598,4.972375690607735,8.83977900552486,86.1878453038674,8.287292817679557,77.90055248618785
E00019074,366,33,11,22,333,14,319,9.01639344262295,3.0054644808743167,6.0109289617486334,90.98360655737704,3.825136612021858,87.1584699453552
E00019075,327,41,17,24,286,26,260,12.538226299694188,5.198776758409786,7.339449541284404,87.46177370030581,7.951070336391437,79.51070336391437
E00019076,264,32,12,20,232,17,215,12.121212121212121,4.545454545454546,7.575757575757576,87.87878787878788,6.4393939393939394,81.43939393939394
E00165806,313,54,23,31,259,12,247,17.252396166134183,7.348242811501597,9.904153354632587,82.74760383386581,3.8338658146964857,78.91373801916933
E00175124,164,12,5,7,152,9,143,7.317073170731707,3.048780487804878,4.2682926829268295,92.6829268292683,5.487804878048781,87.1951219512195
E00175125,192,35,16,19,157,14,143,18.229166666666664,8.333333333333332,9.895833333333332,81.77083333333334,7.291666666666667,74.47916666666666
E00175126,454,57,29,28,397,12,385,12.555066079295155,6.387665198237885,6.167400881057269,87.44493392070484,2.643171806167401,84.80176211453745
E00175127,504,51,27,24,453,11,442,10.119047619047619,5.357142857142857,4.761904761904762,89.88095238095238,2.1825396825396823,87.6984126984127
E00175128,420,50,22,28,370,18,352,11.904761904761903,5.238095238095238,6.666666666666667,88.09523809523809,4.285714285714286,83.80952380952381
E00175129,434,94,49,45,340,17,323,21.658986175115206,11.29032258064516,10.368663594470046,78.3410138248848,3.9170506912442393,74.42396313364056
E00175130,368,28,11,17,340,13,327,7.608695652173914,2.989130434782609,4.619565217391304,92.3913043478261,3.532608695652174,88.8586956521739
E00175131,339,48,27,21,291,14,277,14.15929203539823,7.964601769911504,6.1946902654867255,85.84070796460178,4.129793510324483,81.71091445427729
E00175132,247,27,10,17,220,14,206,10.931174089068826,4.048582995951417,6.882591093117409,89.06882591093117,5.668016194331984,83.40080971659918
E00175133,448,43,24,19,405,6,399,9.598214285714286,5.357142857142857,4.241071428571429,90.40178571428571,1.3392857142857142,89.0625
E00175134,498,19,5,14,479,16,463,3.815261044176707,1.0040160642570282,2.8112449799196786,96.18473895582329,3.2128514056224895,92.9718875502008
E00175135,399,53,25,28,346,10,336,13.283208020050125,6.265664160401002,7.017543859649122,86.71679197994987,2.506265664160401,84.21052631578947
E00175136,546,57,19,38,489,24,465,10.43956043956044,3.47985347985348,6.95970695970696,89.56043956043956,4.395604395604396,85.16483516483517
E00175137,412,19,9,10,393,10,383,4.611650485436893,2.1844660194174756,2.4271844660194173,95.3883495145631,2.4271844660194173,92.96116504854369
E00175138,201,11,5,6,190,6,184,5.472636815920398,2.4875621890547266,2.9850746268656714,94.5273631840796,2.9850746268656714,91.54228855721394
E00175139,403,36,17,19,367,18,349,8.933002481389577,4.218362282878412,4.714640198511166,91.06699751861042,4.466501240694789,86.60049627791562
E00175140,348,32,14,18,316,11,305,9.195402298850574,4.022988505747127,5.172413793103448,90.80459770114942,3.1609195402298855,87.643678160919535
E00175141,417,38,22,16,379,10,369,9.112709832134293,5.275779376498801,3.8369304556354913,90.88729016786571,2.3980815347721824,88.48920863309353
E00175142,418,32,13,19,386,18,368,7.655502392344498,3.110047846889952,4.545454545454546,92.34449760765551,4.30622009569378,88.03827751196172
E00175143,444,45,25,20,399,6,393,10.135135135135135,5.63063063063063,4.504504504504505,89.86486486486487,1.3513513513513513,88.51351351351352
E00175144,506,55,25,30,451,24,427,10.869565217391305,4.940711462450593,5.928853754940711,89.13043478260869,4.743083003952568,84.38735177865613
E00175145,244,53,35,18,191,7,184,21.721311475409834,14.344262295081966,7.377049180327869,78.27868852459017,2.8688524590163933,75.40983606557377
E00175146,284,27,12,15,257,24,233,9.507042253521126,4.225352112676056,5.28169014084507,90.49295774647888,8.450704225352112,82.04225352112677
E00175147,238,17,4,13,221,14,207,7.142857142857142,1.680672268907563,5.46218487394958,92.85714285714286,5.88235294117647,86.97478991596638
E00175148,295,22,2,20,273,11,262,7.457627118644068,0.6779661016949152,6.779661016949152,92.54237288135593,3.728813559322034,88.8135593220339
E00175149,223,15,7,8,208,18,190,6.726457399103139,3.1390134529147984,3.587443946188341,93.27354260089686,8.071748878923767,85.20179372197309
E00175150,481,43,18,25,438,7,431,8.93970893970894,3.7422037422037424,5.197505197505198,91.06029106029106,1.4553014553014554,89.6049896049896
E00175151,257,62,35,27,195,11,184,24.124513618677042,13.618677042801556,10.505836575875486,75.87548638132296,4.280155642023346,71.59533073929961
E00175152,310,39,16,23,271,6,265,12.580645161290322,5.161290322580645,7.419354838709677,87.41935483870968,1.935483870967742,85.48387096774194
E00175153,365,33,15,18,332,6,326,9.04109589041096,4.10958904109589,4.931506849315069,90.95890410958904,1.643835616438356,89.31506849315069
E00175155,348,19,1,18,329,6,323,5.459770114942529,0.28735632183908044,5.172413793103448,94.54022988505747,1.7241379310344827,92.81609195402298
E00175156,286,25,11,14,261,12,249,8.741258741258742,3.8461538461538463,4.895104895104895,91.25874125874127,4.195804195804196,87.06293706293707
E00175158,201,30,17,13,171,11,160,14.925373134328357,8.45771144278607,6.467661691542288,85.07462686567165,5.472636815920398,79.60199004975125
E00175159,304,40,19,21,264,14,250,13.157894736842104,6.25,6.907894736842106,86.8421052631579,4.605263157894736,82.23684210526315
E00175160,291,52,15,37,239,12,227,17.869415807560138,5.154639175257731,12.714776632302405,82.13058419243985,4.123711340206185,78.00687285223368
E00175161,305,31,17,14,274,13,261,10.163934426229508,5.573770491803279,4.590163934426229,89.8360655737705,4.2622950819672125,85.57377049180329
E00175162,222,61,34,27,161,11,150,27.47747747747748,15.315315315315313,12.162162162162163,72.52252252252252,4.954954954954955,67.56756756756756
E00175163,369,34,20,14,335,16,319,9.214092140921409,5.420054200542006,3.7940379403794036,90.78590785907859,4.336043360433604,86.44986449864498
E00175164,525,48,21,27,477,15,462,9.142857142857142,4,5.142857142857142,90.85714285714286,2.857142857142857,88
E00175165,234,38,26,12,196,8,188,16.23931623931624,11.11111111111111,5.128205128205128,83.76068376068376,3.418803418803419,80.34188034188034
E00175166,475,29,11,18,446,8,438,6.105263157894736,2.3157894736842106,3.7894736842105265,93.89473684210526,1.6842105263157894,92.21052631578948
E00175167,185,18,8,10,167,15,152,9.72972972972973,4.324324324324325,5.405405405405405,90.27027027027027,8.108108108108109,82.16216216216216
E00175168,316,28,21,7,288,5,283,8.860759493670885,6.6455696202531636,2.2151898734177213,91.13924050632912,1.5822784810126582,89.55696202531645
E00175169,381,42,19,23,339,10,329,11.023622047244094,4.986876640419948,6.036745406824147,88.9763779527559,2.6246719160104988,86.3517060367454
E00175170,143,17,10,7,126,4,122,11.888111888111888,6.993006993006993,4.895104895104895,88.11188811188812,2.797202797202797,85.3146853146853
E00175171,453,51,22,29,402,11,391,11.258278145695364,4.856512141280353,6.401766004415011,88.74172185430463,2.4282560706401766,86.313465783664455
E00175172,378,22,14,8,356,8,348,5.82010582010582,3.7037037037037033,2.1164021164021163,94.17989417989418,2.1164021164021163,92.06349206349206
E00175173,621,48,19,29,573,36,537,7.729468599033816,3.059581320450886,4.669887278582931,92.27053140096618,5.797101449275362,86.47342995169082
E00175174,410,48,18,30,362,26,336,11.707317073170733,4.390243902439024,7.317073170731707,88.29268292682927,6.341463414634147,81.95121951219512
E00175175,363,24,9,15,339,8,331,6.6115702479338845,2.479338842975207,4.132231404958678,93.38842975206612,2.203856749311295,91.18457300275482
E00175176,293,44,23,21,249,9,240,15.017064846416384,7.849829351535837,7.167235494880546,84.98293515358361,3.0716723549488054,81.91126279863481
E00175177,204,22,9,13,182,12,170,10.784313725490197,4.411764705882353,6.372549019607843,89.2156862745098,5.88235294117647,83.33333333333334
E00175178,271,23,8,15,248,6,242,8.487084870848708,2.952029520295203,5.535055350553505,91.5129151291513,2.214022140221402,89.2988929889299
E00175179,272,51,36,15,221,7,214,18.75,13.23529411764706,5.514705882352941,81.25,2.5735294117647056,78.67647058823529
E00185676,249,16,13,3,233,8,225,6.425702811244979,5.220883534136546,1.2048192771084338,93.57429718875501,3.2128514056224895,90.36144578313254
E00185677,254,30,11,19,224,4,220,11.811023622047244,4.330708661417323,7.480314960629922,88.18897637795276,1.574803149606299,86.61417322834646
E00185685,302,24,9,15,278,9,269,7.9470198675496695,2.980132450331126,4.966887417218543,92.05298013245033,2.980132450331126,89.0728476821192
E00185687,361,59,26,33,302,17,285,16.343490304709142,7.202216066481995,9.141274238227147,83.65650969529086,4.7091412742382275,78.94736842105263
E00185688,449,43,23,20,406,7,399,9.57683741648107,5.122494432071269,4.4543429844097995,90.42316258351893,1.55902004454343,88.8641425389755
E00185692,210,19,10,9,191,13,178,9.047619047619047,4.761904761904762,4.285714285714286,90.95238095238095,6.190476190476191,84.76190476190476
E00185693,274,9,1,8,265,4,261,3.2846715328467155,0.36496350364963503,2.9197080291970803,96.71532846715328,1.4598540145985401,95.25547445255475
E00185697,469,61,24,37,408,7,401,13.00639658848614,5.11727078891258,7.889125799573561,86.99360341151386,1.4925373134328357,85.50106609808103
E00185703,589,22,4,18,567,15,552,3.7351443123938877,0.6791171477079796,3.0560271646859083,96.264855687606115,2.5466893039049237,93.71816638370119
E00185704,292,64,24,40,228,8,220,21.91780821917808,8.21917808219178,13.698630136986301,78.08219178082192,2.73972602739726,75.34246575342466
E00185708,610,29,12,17,581,12,569,4.754098360655737,1.9672131147540985,2.7868852459016393,95.24590163934427,1.9672131147540985,93.27868852459017
E00185715,398,31,7,24,367,10,357,7.788944723618091,1.7587939698492463,6.030150753768844,92.21105527638191,2.512562814070352,89.69849246231156
E00185719,294,39,12,27,255,12,243,13.26530612244898,4.081632653061225,9.183673469387756,86.73469387755102,4.081632653061225,82.6530612244898
E00185722,322,39,17,22,283,14,269,12.111801242236025,5.279503105590062,6.832298136645963,87.88819875776397,4.3478260869565215,83.54037267080744
E00185723,411,25,12,13,386,8,378,6.082725060827251,2.9197080291970803,3.1630170316301705,93.91727493917274,1.9464720194647203,91.970802919708035
E00185731,363,57,27,30,306,14,292,15.702479338842975,7.43801652892562,8.264462809917356,84.29752066115702,3.8567493112947657,80.44077134986226
E00185733,301,35,12,23,266,10,256,11.627906976744185,3.9867109634551494,7.641196013289036,88.37209302325581,3.322259136212625,85.04983388704319
E00185736,141,11,2,9,130,6,124,7.801418439716312,1.4184397163120568,6.382978723404255,92.19858156028369,4.25531914893617,87.94326241134752
E00185737,328,29,15,14,299,14,285,8.841463414634147,4.573170731707317,4.2682926829268295,91.15853658536585,4.2682926829268295,86.89024390243902
E00185738,478,60,22,38,418,17,401,12.552301255230125,4.602510460251046,7.949790794979079,87.44769874476988,3.556485355648536,83.89121338912135
E00185739,359,43,26,17,316,10,306,11.977715877437326,7.242339832869081,4.735376044568245,88.02228412256268,2.785515320334262,85.23676880222841
E00185740,347,11,6,5,336,5,331,3.170028818443804,1.729106628242075,1.440922190201729,96.82997118155619,1.440922190201729,95.38904899135446
E00185744,386,28,12,16,358,5,353,7.253886010362693,3.1088082901554404,4.145077720207254,92.74611398963731,1.2953367875647668,91.45077720207254
E00185753,435,35,15,20,400,26,374,8.045977011494253,3.4482758620689653,4.597701149425287,91.95402298850574,5.977011494252873,85.97701149425288
E00185754,332,31,13,18,301,18,283,9.33734939759036,3.91566265060241,5.421686746987952,90.66265060240963,5.421686746987952,85.2409638554217
E00185756,369,102,68,34,267,6,261,27.64227642276423,18.428184281842817,9.214092140921409,72.35772357723577,1.6260162601626018,70.73170731707317
E00185757,467,28,12,16,439,22,417,5.995717344753747,2.569593147751606,3.4261241970021414,94.00428265524626,4.710920770877944,89.29336188436831
E00185758,546,33,11,22,513,11,502,6.043956043956044,2.0146520146520146,4.029304029304029,93.95604395604396,2.0146520146520146,91.94139194139194
E00185761,231,21,8,13,210,9,201,9.090909090909092,3.463203463203463,5.627705627705628,90.9090909090909,3.896103896103896,87.01298701298701
E00185762,400,47,20,27,353,11,342,11.75,5,6.75,88.25,2.75,85.5
E00185763,165,16,7,9,149,8,141,9.696969696969697,4.242424242424243,5.454545454545454,90.30303030303031,4.848484848484849,85.45454545454545
E00185764,194,23,16,7,171,4,167,11.855670103092782,8.24742268041237,3.608247422680412,88.14432989690721,2.0618556701030926,86.08247422680412
E00185768,413,35,25,10,378,13,365,8.47457627118644,6.053268765133172,2.4213075060532687,91.52542372881356,3.14769975786925,88.37772397094432
E00185769,559,26,4,22,533,20,513,4.651162790697675,0.7155635062611807,3.9355992844364938,95.34883720930233,3.5778175313059033,91.77101967799642
E00185771,451,62,30,32,389,8,381,13.747228381374724,6.651884700665188,7.095343680709535,86.25277161862527,1.7738359201773837,84.4789356984479
E00185775,368,48,20,28,320,31,289,13.043478260869565,5.434782608695652,7.608695652173914,86.95652173913044,8.423913043478262,78.53260869565217
E00185776,381,31,15,16,350,11,339,8.136482939632545,3.937007874015748,4.199475065616798,91.86351706036746,2.8871391076115485,88.9763779527559
E00185777,305,22,8,14,283,8,275,7.213114754098362,2.622950819672131,4.590163934426229,92.78688524590164,2.622950819672131,90.1639344262295
E00185780,329,23,9,14,306,15,291,6.990881458966565,2.735562310030395,4.25531914893617,93.00911854103343,4.5592705167173255,88.44984802431611
E00185781,404,28,9,19,376,13,363,6.9306930693069315,2.2277227722772275,4.702970297029703,93.06930693069307,3.217821782178218,89.85148514851485
E00185786,217,51,34,17,166,16,150,23.502304147465438,15.668202764976957,7.834101382488479,76.49769585253456,7.373271889400922,69.12442396313364
E00185787,416,49,21,28,367,25,342,11.778846153846153,5.048076923076923,6.730769230769231,88.22115384615384,6.009615384615385,82.21153846153845
E00185792,210,12,2,10,198,9,189,5.714285714285714,0.9523809523809524,4.761904761904762,94.28571428571428,4.285714285714286,90
E00185793,578,40,17,23,538,10,528,6.920415224913495,2.941176470588235,3.9792387543252596,93.07958477508652,1.7301038062283738,91.34948096885813
E00185799,388,58,24,34,330,19,311,14.948453608247423,6.185567010309279,8.762886597938143,85.05154639175258,4.896907216494846,80.15463917525774
E00185804,506,60,29,31,446,13,433,11.857707509881422,5.7312252964426875,6.126482213438735,88.14229249011858,2.5691699604743086,85.57312252964427
E00185805,189,21,10,11,168,5,163,11.11111111111111,5.291005291005291,5.82010582010582,88.88888888888889,2.6455026455026456,86.24338624338624
E00185810,343,47,23,24,296,14,282,13.702623906705538,6.705539358600583,6.997084548104956,86.29737609329446,4.081632653061225,82.21574344023324
E00185811,495,40,15,25,455,17,438,8.080808080808081,3.0303030303030303,5.05050505050505,91.91919191919192,3.4343434343434343,88.48484848484848
E00185817,366,37,17,20,329,10,319,10.10928961748634,4.644808743169399,5.46448087431694,89.89071038251366,2.73224043715847,87.1584699453552
E00185823,220,14,2,12,206,6,200,6.363636363636363,0.9090909090909091,5.454545454545454,93.63636363636364,2.727272727272727,90.9090909090909
E00185824,362,41,19,22,321,13,308,11.32596685082873,5.248618784530387,6.077348066298343,88.67403314917127,3.591160220994475,85.0828729281768
E00185830,542,29,10,19,513,18,495,5.350553505535055,1.8450184501845017,3.505535055350553,94.64944649446494,3.3210332103321036,91.32841328413284
E00185831,193,15,5,10,178,8,170,7.772020725388601,2.5906735751295336,5.181347150259067,92.2279792746114,4.145077720207254,88.08290155440415
E00185835,368,26,13,13,342,14,328,7.065217391304348,3.532608695652174,3.532608695652174,92.93478260869566,3.804347826086957,89.13043478260869
E00185836,461,57,25,32,404,13,391,12.364425162689804,5.42299349240781,6.941431670281996,87.63557483731019,2.8199566160520604,84.81561822125813
E00185839,271,12,8,4,259,6,253,4.428044280442804,2.952029520295203,1.4760147601476015,95.5719557195572,2.214022140221402,93.35793357933579
E00185840,474,40,14,26,434,15,419,8.438818565400844,2.9535864978902953,5.485232067510549,91.56118143459916,3.1645569620253164,88.39662447257383
E00185841,450,53,21,32,397,4,393,11.777777777777777,4.666666666666667,7.111111111111111,88.22222222222223,0.8888888888888888,87.33333333333333
