OA,ts0590001,ts0590002,ts0590003,ts0590004,ts0590005,ts0590006,ts0590007,ts0590002_PCT,ts0590003_PCT,ts0590004_PCT,ts0590005_PCT,ts0590006_PCT,ts0590007_PCT
E00107397,73,23,11,12,50,34,16,31.506849315068493,15.068493150684931,16.43835616438356,68.4931506849315,46.57534246575342,21.91780821917808
E00107398,78,25,11,14,53,45,8,32.05128205128205,14.102564102564102,17.94871794871795,67.94871794871796,57.692307692307686,10.256410256410255
E00107399,118,40,16,24,78,58,20,33.89830508474576,13.559322033898304,20.33898305084746,66.10169491525424,49.152542372881356,16.94915254237288
E00107403,115,50,22,28,65,40,25,43.47826086956522,19.130434782608695,24.347826086956523,56.52173913043478,34.78260869565217,21.73913043478261
E00107404,69,25,15,10,44,30,14,36.231884057971016,21.73913043478261,14.492753623188406,63.76811594202898,43.47826086956522,20.28985507246377
E00107405,88,37,12,25,51,31,20,42.04545454545455,13.636363636363635,28.40909090909091,57.95454545454546,35.22727272727273,22.727272727272727
E00107406,228,74,26,48,154,120,34,32.45614035087719,11.403508771929824,21.052631578947366,67.54385964912281,52.63157894736842,14.912280701754385
E00107407,139,43,24,19,96,72,24,30.935251798561154,17.26618705035971,13.66906474820144,69.06474820143885,51.798561151079134,17.26618705035971
E00107408,167,56,24,32,111,98,13,33.532934131736525,14.37125748502994,19.16167664670659,66.46706586826348,58.68263473053892,7.784431137724551
E00107409,121,43,19,24,78,62,16,35.53719008264463,15.702479338842975,19.834710743801654,64.46280991735537,51.2396694214876,13.223140495867769
E00107410,179,70,31,39,109,79,30,39.10614525139665,17.318435754189945,21.787709497206702,60.893854748603346,44.134078212290504,16.75977653631285
E00107412,135,46,22,24,89,70,19,34.074074074074076,16.296296296296298,17.77777777777778,65.92592592592592,51.85185185185185,14.074074074074074
E00107413,62,25,10,15,37,29,8,40.32258064516129,16.129032258064516,24.193548387096776,59.67741935483871,46.774193548387096,12.903225806451612
E00107414,187,72,31,41,115,77,38,38.50267379679144,16.577540106951872,21.92513368983957,61.49732620320856,41.17647058823529,20.32085561497326
E00107415,189,60,23,37,129,93,36,31.746031746031743,12.16931216931217,19.576719576719576,68.25396825396825,49.2063492063492,19.047619047619047
E00107416,213,67,27,40,146,108,38,31.455399061032864,12.676056338028168,18.779342723004692,68.54460093896714,50.70422535211267,17.84037558685446
E00107417,178,65,31,34,113,73,40,36.51685393258427,17.415730337078653,19.101123595505616,63.48314606741573,41.01123595505618,22.47191011235955
E00107418,255,85,38,47,170,127,43,33.33333333333333,14.901960784313726,18.43137254901961,66.66666666666666,49.80392156862745,16.862745098039216
E00107419,65,20,13,7,45,35,10,30.76923076923077,20,10.76923076923077,69.23076923076923,53.84615384615385,15.384615384615385
E00107420,123,60,30,30,63,51,12,48.78048780487805,24.390243902439025,24.390243902439025,51.21951219512195,41.46341463414634,9.75609756097561
E00107421,208,80,28,52,128,103,25,38.46153846153847,13.461538461538462,25,61.53846153846154,49.519230769230774,12.01923076923077
E00107422,173,66,29,37,107,72,35,38.15028901734104,16.76300578034682,21.38728323699422,61.849710982658955,41.61849710982659,20.23121387283237
E00107423,222,72,32,40,150,111,39,32.432432432432435,14.414414414414415,18.01801801801802,67.56756756756756,50,17.56756756756757
E00107424,171,68,33,35,103,75,28,39.76608187134503,19.298245614035086,20.46783625730994,60.23391812865497,43.859649122807014,16.374269005847953
E00107425,214,86,35,51,128,100,28,40.18691588785047,16.355140186915886,23.83177570093458,59.813084112149525,46.728971962616825,13.084112149532709
E00107426,152,59,25,34,93,72,21,38.81578947368421,16.447368421052634,22.36842105263158,61.18421052631579,47.368421052631575,13.815789473684212
E00107427,180,61,29,32,119,91,28,33.88888888888889,16.11111111111111,17.77777777777778,66.11111111111111,50.55555555555556,15.555555555555555
E00107428,171,61,21,40,110,92,18,35.67251461988304,12.280701754385964,23.391812865497073,64.32748538011695,53.80116959064327,10.526315789473683
E00107429,162,67,27,40,95,70,25,41.358024691358025,16.666666666666664,24.691358024691358,58.64197530864198,43.20987654320987,15.432098765432098
E00107430,146,48,17,31,98,74,24,32.87671232876712,11.643835616438356,21.232876712328768,67.12328767123287,50.68493150684932,16.43835616438356
E00107431,188,60,24,36,128,95,33,31.914893617021278,12.76595744680851,19.148936170212767,68.08510638297872,50.53191489361703,17.5531914893617
E00107432,29,10,1,9,19,17,2,34.48275862068966,3.4482758620689653,31.03448275862069,65.51724137931035,58.620689655172406,6.896551724137931
E00107433,121,43,21,22,78,61,17,35.53719008264463,17.355371900826448,18.181818181818183,64.46280991735537,50.413223140495866,14.049586776859504
E00107434,188,64,26,38,124,95,29,34.04255319148936,13.829787234042554,20.212765957446805,65.95744680851064,50.53191489361703,15.425531914893616
E00107435,243,88,39,49,155,128,27,36.21399176954733,16.049382716049383,20.16460905349794,63.78600823045267,52.674897119341566,11.11111111111111
E00107436,134,55,26,29,79,57,22,41.04477611940299,19.402985074626866,21.641791044776117,58.95522388059702,42.53731343283582,16.417910447761194
E00107439,104,43,12,31,61,49,12,41.34615384615385,11.538461538461538,29.807692307692307,58.65384615384615,47.11538461538461,11.538461538461538
E00107440,138,48,13,35,90,76,14,34.78260869565217,9.420289855072465,25.36231884057971,65.21739130434783,55.072463768115945,10.144927536231885
E00107441,211,69,27,42,142,117,25,32.70142180094787,12.796208530805686,19.90521327014218,67.29857819905213,55.45023696682464,11.848341232227488
E00107442,171,47,16,31,124,105,19,27.485380116959064,9.35672514619883,18.128654970760234,72.51461988304094,61.40350877192983,11.11111111111111
E00107443,134,41,8,33,93,77,16,30.597014925373134,5.970149253731343,24.62686567164179,69.40298507462687,57.46268656716418,11.940298507462686
E00107444,171,57,16,41,114,91,23,33.33333333333333,9.35672514619883,23.976608187134502,66.66666666666666,53.216374269005854,13.450292397660817
E00107445,186,67,28,39,119,86,33,36.02150537634409,15.053763440860216,20.967741935483872,63.97849462365591,46.236559139784944,17.741935483870968
E00107446,194,75,31,44,119,99,20,38.659793814432994,15.979381443298967,22.68041237113402,61.34020618556701,51.03092783505154,10.309278350515463
E00107447,135,53,19,34,82,68,14,39.25925925925926,14.074074074074074,25.185185185185183,60.74074074074074,50.37037037037037,10.37037037037037
E00107449,59,22,14,8,37,29,8,37.28813559322034,23.728813559322035,13.559322033898304,62.71186440677966,49.152542372881356,13.559322033898304
E00107450,130,42,15,27,88,81,7,32.30769230769231,11.538461538461538,20.76923076923077,67.6923076923077,62.30769230769231,5.384615384615385
E00107451,183,62,26,36,121,98,23,33.87978142076503,14.207650273224044,19.672131147540984,66.12021857923497,53.551912568306015,12.568306010928962
E00107452,136,48,23,25,88,80,8,35.294117647058826,16.911764705882355,18.38235294117647,64.70588235294117,58.82352941176471,5.88235294117647
E00107453,193,53,18,35,140,107,33,27.461139896373055,9.32642487046632,18.134715025906736,72.53886010362694,55.44041450777202,17.098445595854923
E00107454,174,43,20,23,131,104,27,24.71264367816092,11.494252873563218,13.218390804597702,75.28735632183908,59.77011494252874,15.517241379310345
E00107455,193,61,19,42,132,111,21,31.606217616580313,9.844559585492227,21.761658031088082,68.39378238341969,57.51295336787565,10.880829015544041
E00107456,241,76,30,46,165,128,37,31.535269709543567,12.448132780082988,19.08713692946058,68.46473029045643,53.11203319502075,15.352697095435685
E00107457,119,49,10,39,70,64,6,41.17647058823529,8.403361344537815,32.773109243697476,58.82352941176471,53.78151260504202,5.042016806722689
E00107458,165,53,19,34,112,101,11,32.121212121212125,11.515151515151516,20.606060606060606,67.87878787878789,61.212121212121204,6.666666666666667
E00107459,197,59,34,25,138,119,19,29.949238578680205,17.258883248730964,12.690355329949238,70.05076142131979,60.40609137055838,9.644670050761421
E00107460,205,62,14,48,143,117,26,30.24390243902439,6.829268292682928,23.414634146341466,69.7560975609756,57.073170731707314,12.682926829268293
E00107461,192,48,17,31,144,119,25,25,8.854166666666668,16.145833333333336,75,61.979166666666664,13.020833333333334
E00107462,169,53,21,32,116,89,27,31.360946745562128,12.42603550295858,18.93491124260355,68.63905325443787,52.662721893491124,15.976331360946746
E00107463,139,48,17,31,91,73,18,34.53237410071942,12.23021582733813,22.302158273381295,65.46762589928058,52.51798561151079,12.949640287769784
E00107464,111,29,7,22,82,71,11,26.126126126126124,6.306306306306306,19.81981981981982,73.87387387387388,63.96396396396396,9.90990990990991
E00107465,129,43,16,27,86,74,12,33.33333333333333,12.4031007751938,20.930232558139537,66.66666666666666,57.36434108527132,9.30232558139535
E00107466,158,69,31,38,89,72,17,43.67088607594937,19.62025316455696,24.050632911392405,56.32911392405063,45.56962025316456,10.759493670886076
E00107467,164,53,24,29,111,97,14,32.31707317073171,14.634146341463413,17.682926829268293,67.6829268292683,59.14634146341463,8.536585365853659
E00107468,227,72,32,40,155,133,22,31.718061674008812,14.096916299559473,17.62114537444934,68.28193832599119,58.590308370044056,9.691629955947137
E00107469,182,57,27,30,125,102,23,31.318681318681318,14.835164835164836,16.483516483516482,68.68131868131869,56.043956043956044,12.637362637362637
E00107470,204,75,31,44,129,114,15,36.76470588235294,15.196078431372548,21.568627450980394,63.23529411764706,55.88235294117647,7.352941176470589
E00107471,201,45,18,27,156,124,32,22.388059701492537,8.955223880597014,13.432835820895523,77.61194029850746,61.69154228855721,15.92039800995025
E00107472,118,31,10,21,87,77,10,26.27118644067797,8.47457627118644,17.796610169491526,73.72881355932203,65.2542372881356,8.47457627118644
E00107473,190,66,24,42,124,102,22,34.73684210526316,12.631578947368421,22.105263157894736,65.26315789473685,53.68421052631579,11.578947368421053
E00107474,230,72,26,46,158,133,25,31.30434782608696,11.304347826086957,20,68.69565217391305,57.826086956521735,10.869565217391305
E00107475,149,48,14,34,101,89,12,32.21476510067114,9.395973154362416,22.818791946308725,67.78523489932886,59.73154362416108,8.053691275167784
E00107476,120,36,14,22,84,65,19,30,11.666666666666666,18.333333333333332,70,54.166666666666664,15.833333333333332
E00107477,149,50,24,26,99,81,18,33.557046979865774,16.10738255033557,17.449664429530202,66.44295302013423,54.36241610738255,12.080536912751679
E00107478,186,68,30,38,118,96,22,36.55913978494624,16.129032258064516,20.43010752688172,63.44086021505376,51.61290322580645,11.827956989247312
E00107479,221,91,40,51,130,104,26,41.17647058823529,18.099547511312217,23.076923076923077,58.82352941176471,47.05882352941176,11.76470588235294
E00107480,109,45,15,30,64,53,11,41.284403669724774,13.761467889908257,27.522935779816514,58.71559633027523,48.62385321100918,10.091743119266056
E00107481,117,47,22,25,70,57,13,40.17094017094017,18.803418803418804,21.367521367521366,59.82905982905983,48.717948717948715,11.11111111111111
E00107482,137,53,32,21,84,66,18,38.68613138686132,23.357664233576642,15.328467153284672,61.31386861313869,48.175182481751825,13.138686131386862
E00107483,137,46,20,26,91,72,19,33.57664233576642,14.5985401459854,18.97810218978102,66.42335766423358,52.55474452554745,13.86861313868613
E00107484,139,42,20,22,97,76,21,30.215827338129497,14.388489208633093,15.827338129496402,69.7841726618705,54.67625899280576,15.107913669064748
E00107485,141,52,25,27,89,71,18,36.87943262411347,17.73049645390071,19.148936170212767,63.12056737588653,50.35460992907801,12.76595744680851
E00107486,151,51,24,27,100,72,28,33.77483443708609,15.894039735099339,17.880794701986755,66.22516556291392,47.682119205298015,18.543046357615893
E00107487,92,40,14,26,52,35,17,43.47826086956522,15.217391304347828,28.26086956521739,56.52173913043478,38.04347826086957,18.478260869565215
E00107488,164,62,32,30,102,86,16,37.80487804878049,19.51219512195122,18.29268292682927,62.19512195121951,52.4390243902439,9.75609756097561
E00107489,119,35,13,22,84,67,17,29.411764705882355,10.92436974789916,18.487394957983195,70.58823529411765,56.30252100840336,14.285714285714285
E00107490,203,65,23,42,138,116,22,32.01970443349754,11.330049261083744,20.689655172413794,67.98029556650246,57.14285714285714,10.83743842364532
E00107491,112,44,21,23,68,58,10,39.285714285714285,18.75,20.535714285714285,60.71428571428571,51.78571428571429,8.928571428571429
E00107492,106,40,18,22,66,48,18,37.735849056603776,16.9811320754717,20.754716981132077,62.264150943396224,45.28301886792453,16.9811320754717
E00107493,101,33,19,14,68,50,18,32.67326732673268,18.81188118811881,13.861386138613863,67.32673267326733,49.504950495049506,17.82178217821782
E00107494,110,39,12,27,71,58,13,35.45454545454545,10.909090909090908,24.545454545454547,64.54545454545455,52.72727272727272,11.818181818181818
E00107495,149,50,26,24,99,81,18,33.557046979865774,17.449664429530202,16.10738255033557,66.44295302013423,54.36241610738255,12.080536912751679
E00107496,193,61,33,28,132,107,25,31.606217616580313,17.098445595854923,14.507772020725387,68.39378238341969,55.44041450777202,12.953367875647666
E00107497,170,52,23,29,118,87,31,30.58823529411765,13.529411764705882,17.058823529411764,69.41176470588235,51.17647058823529,18.235294117647058
E00107498,185,66,32,34,119,96,23,35.67567567567568,17.2972972972973,18.37837837837838,64.32432432432432,51.891891891891895,12.432432432432433
E00107499,180,71,36,35,109,87,22,39.44444444444444,20,19.444444444444446,60.55555555555555,48.333333333333336,12.222222222222221
E00107500,167,65,28,37,102,86,16,38.92215568862276,16.766467065868262,22.15568862275449,61.07784431137725,51.49700598802395,9.580838323353294
E00107501,128,41,22,19,87,57,30,32.03125,17.1875,14.84375,67.96875,44.53125,23.4375
E00107502,116,44,25,19,72,63,9,37.93103448275862,21.551724137931032,16.379310344827587,62.06896551724138,54.310344827586206,7.758620689655173
E00107503,103,32,11,21,71,60,11,31.06796116504854,10.679611650485436,20.388349514563107,68.93203883495146,58.252427184466015,10.679611650485436
E00107504,114,28,10,18,86,68,18,24.561403508771928,8.771929824561402,15.789473684210526,75.43859649122807,59.64912280701754,15.789473684210526
E00107505,162,52,26,26,110,75,35,32.098765432098766,16.049382716049383,16.049382716049383,67.90123456790124,46.2962962962963,21.604938271604937
E00107506,170,60,29,31,110,83,27,35.294117647058826,17.058823529411764,18.235294117647058,64.70588235294117,48.8235294117647,15.88235294117647
E00107507,138,45,16,29,93,73,20,32.608695652173914,11.594202898550725,21.014492753623188,67.3913043478261,52.89855072463768,14.492753623188406
E00107508,155,48,20,28,107,79,28,30.967741935483872,12.903225806451612,18.064516129032256,69.03225806451613,50.967741935483865,18.064516129032256
E00107509,154,56,26,30,98,74,24,36.36363636363637,16.883116883116884,19.480519480519483,63.63636363636363,48.05194805194805,15.584415584415584
E00107510,127,42,17,25,85,73,12,33.07086614173229,13.385826771653544,19.68503937007874,66.92913385826772,57.48031496062992,9.448818897637794
E00107511,192,72,36,36,120,95,25,37.5,18.75,18.75,62.5,49.47916666666667,13.020833333333334
E00107512,136,57,22,35,79,55,24,41.911764705882355,16.176470588235293,25.735294117647058,58.08823529411765,40.44117647058824,17.647058823529413
E00107513,192,65,37,28,127,87,40,33.85416666666667,19.270833333333336,14.583333333333334,66.14583333333334,45.3125,20.833333333333336
E00107514,162,64,25,39,98,61,37,39.50617283950617,15.432098765432098,24.074074074074073,60.49382716049383,37.65432098765432,22.839506172839506
E00107515,177,60,19,41,117,93,24,33.89830508474576,10.734463276836157,23.163841807909606,66.10169491525424,52.54237288135594,13.559322033898304
E00107516,108,39,21,18,69,57,12,36.11111111111111,19.444444444444446,16.666666666666664,63.888888888888886,52.77777777777778,11.11111111111111
E00107517,142,60,26,34,82,55,27,42.25352112676056,18.30985915492958,23.943661971830984,57.74647887323944,38.732394366197184,19.014084507042252
E00107518,75,25,15,10,50,32,18,33.33333333333333,20,13.333333333333334,66.66666666666666,42.66666666666667,24
E00107519,107,33,11,22,74,65,9,30.8411214953271,10.2803738317757,20.5607476635514,69.1588785046729,60.747663551401864,8.411214953271028
E00107520,151,58,29,29,93,70,23,38.41059602649007,19.205298013245034,19.205298013245034,61.58940397350994,46.35761589403973,15.2317880794702
E00107521,125,42,18,24,83,61,22,33.6,14.399999999999999,19.2,66.4,48.8,17.599999999999998
E00107522,87,38,13,25,49,39,10,43.67816091954023,14.942528735632186,28.735632183908045,56.32183908045977,44.827586206896555,11.494252873563218
E00107523,76,37,18,19,39,33,6,48.68421052631579,23.684210526315788,25,51.31578947368421,43.42105263157895,7.894736842105263
E00107524,78,36,19,17,42,31,11,46.15384615384615,24.358974358974358,21.794871794871796,53.84615384615385,39.743589743589745,14.102564102564102
E00107525,105,33,12,21,72,59,13,31.428571428571427,11.428571428571429,20,68.57142857142857,56.19047619047619,12.380952380952381
E00107526,129,44,21,23,85,63,22,34.10852713178294,16.27906976744186,17.829457364341085,65.89147286821705,48.837209302325576,17.05426356589147
E00107527,130,57,28,29,73,56,17,43.84615384615385,21.53846153846154,22.30769230769231,56.15384615384615,43.07692307692308,13.076923076923078
E00107528,102,41,17,24,61,49,12,40.19607843137255,16.666666666666664,23.52941176470588,59.80392156862745,48.03921568627451,11.76470588235294
E00107529,219,75,37,38,144,96,48,34.24657534246575,16.894977168949772,17.35159817351598,65.75342465753424,43.83561643835616,21.91780821917808
E00107530,137,67,23,44,70,51,19,48.9051094890511,16.78832116788321,32.11678832116788,51.09489051094891,37.22627737226277,13.86861313868613
E00107531,133,64,25,39,69,58,11,48.1203007518797,18.796992481203006,29.32330827067669,51.8796992481203,43.609022556390975,8.270676691729323
E00107532,189,86,42,44,103,86,17,45.5026455026455,22.22222222222222,23.28042328042328,54.4973544973545,45.5026455026455,8.994708994708994
E00107533,169,63,25,38,106,92,14,37.278106508875744,14.792899408284024,22.485207100591715,62.721893491124256,54.437869822485204,8.284023668639055
E00107534,231,91,33,58,140,110,30,39.39393939393939,14.285714285714285,25.108225108225106,60.60606060606061,47.61904761904761,12.987012987012985
E00107535,137,60,32,28,77,63,14,43.79562043795621,23.357664233576642,20.437956204379564,56.20437956204379,45.98540145985402,10.218978102189782
E00107536,144,63,32,31,81,61,20,43.75,22.22222222222222,21.52777777777778,56.25,42.36111111111111,13.88888888888889
E00107537,146,44,19,25,102,86,16,30.136986301369863,13.013698630136986,17.123287671232877,69.86301369863014,58.9041095890411,10.95890410958904
E00107538,128,59,33,26,69,56,13,46.09375,25.78125,20.3125,53.90625,43.75,10.15625
E00107539,110,41,16,25,69,54,15,37.27272727272727,14.545454545454545,22.727272727272727,62.727272727272734,49.09090909090909,13.636363636363635
E00107540,146,71,36,35,75,55,20,48.63013698630137,24.65753424657534,23.972602739726025,51.369863013698634,37.67123287671233,13.698630136986301
E00107541,168,59,25,34,109,85,24,35.11904761904761,14.880952380952381,20.238095238095237,64.88095238095238,50.595238095238095,14.285714285714285
E00107542,198,65,25,40,133,96,37,32.82828282828283,12.626262626262626,20.2020202020202,67.17171717171718,48.484848484848484,18.68686868686869
E00107543,130,46,15,31,84,59,25,35.38461538461539,11.538461538461538,23.846153846153847,64.61538461538461,45.38461538461539,19.230769230769234
E00107544,132,54,22,32,78,67,11,40.909090909090914,16.666666666666664,24.242424242424242,59.09090909090909,50.75757575757576,8.333333333333332
E00107545,158,52,21,31,106,69,37,32.91139240506329,13.291139240506327,19.62025316455696,67.08860759493672,43.67088607594937,23.417721518987342
E00107546,145,53,20,33,92,60,32,36.55172413793103,13.793103448275861,22.758620689655174,63.44827586206897,41.37931034482759,22.06896551724138
E00107547,176,72,35,37,104,82,22,40.909090909090914,19.886363636363637,21.022727272727273,59.09090909090909,46.590909090909086,12.5
E00107548,145,54,27,27,91,77,14,37.24137931034483,18.620689655172416,18.620689655172416,62.758620689655174,53.103448275862064,9.655172413793103
E00107549,210,87,43,44,123,94,29,41.42857142857143,20.476190476190474,20.952380952380953,58.57142857142858,44.761904761904766,13.80952380952381
E00107550,156,50,23,27,106,78,28,32.05128205128205,14.743589743589745,17.307692307692307,67.94871794871796,50,17.94871794871795
E00107551,163,58,18,40,105,88,17,35.58282208588957,11.042944785276074,24.539877300613497,64.41717791411043,53.987730061349694,10.429447852760736
E00107552,232,84,33,51,148,97,51,36.206896551724135,14.224137931034484,21.982758620689655,63.793103448275865,41.810344827586206,21.982758620689655
E00107553,99,41,22,19,58,41,17,41.41414141414141,22.22222222222222,19.19191919191919,58.58585858585859,41.41414141414141,17.17171717171717
E00107554,146,53,24,29,93,67,26,36.3013698630137,16.43835616438356,19.863013698630137,63.6986301369863,45.89041095890411,17.80821917808219
E00107555,194,58,24,34,136,100,36,29.896907216494846,12.371134020618557,17.525773195876287,70.10309278350515,51.546391752577314,18.556701030927837
E00107556,291,83,35,48,208,140,68,28.52233676975945,12.027491408934708,16.49484536082474,71.47766323024055,48.10996563573883,23.367697594501717
E00107557,164,53,14,39,111,79,32,32.31707317073171,8.536585365853659,23.78048780487805,67.6829268292683,48.170731707317074,19.51219512195122
E00107558,203,71,34,37,132,89,43,34.97536945812808,16.748768472906402,18.226600985221676,65.02463054187191,43.84236453201971,21.182266009852217
E00107559,209,72,31,41,137,93,44,34.44976076555024,14.832535885167463,19.617224880382775,65.55023923444976,44.49760765550239,21.052631578947366
E00107560,125,51,17,34,74,55,19,40.8,13.600000000000001,27.200000000000003,59.199999999999996,44,15.2
E00107561,140,51,26,25,89,76,13,36.42857142857142,18.571428571428573,17.857142857142858,63.57142857142857,54.285714285714285,9.285714285714286
E00107562,191,69,34,35,122,83,39,36.12565445026178,17.801047120418847,18.32460732984293,63.87434554973822,43.455497382198956,20.418848167539267
E00107563,175,48,17,31,127,95,32,27.42857142857143,9.714285714285714,17.71428571428571,72.57142857142857,54.285714285714285,18.285714285714285
E00107564,139,48,16,32,91,69,22,34.53237410071942,11.510791366906476,23.021582733812952,65.46762589928058,49.64028776978417,15.827338129496402
E00107565,210,62,21,41,148,106,42,29.523809523809526,10,19.523809523809526,70.47619047619048,50.476190476190474,20
E00107566,103,33,16,17,70,59,11,32.038834951456316,15.53398058252427,16.50485436893204,67.96116504854369,57.28155339805825,10.679611650485436
E00107567,146,53,17,36,93,75,18,36.3013698630137,11.643835616438356,24.65753424657534,63.6986301369863,51.369863013698634,12.32876712328767
E00107568,113,35,15,20,78,54,24,30.973451327433626,13.274336283185843,17.699115044247787,69.02654867256636,47.78761061946903,21.238938053097346
E00107569,111,35,13,22,76,68,8,31.53153153153153,11.711711711711711,19.81981981981982,68.46846846846847,61.261261261261254,7.207207207207207
E00107570,150,43,11,32,107,89,18,28.666666666666668,7.333333333333333,21.333333333333336,71.33333333333334,59.333333333333336,12
E00107571,130,45,15,30,85,75,10,34.61538461538461,11.538461538461538,23.076923076923077,65.38461538461539,57.692307692307686,7.6923076923076925
E00107572,59,23,10,13,36,33,3,38.983050847457626,16.94915254237288,22.033898305084744,61.016949152542374,55.932203389830505,5.084745762711865
E00107573,70,25,8,17,45,36,9,35.714285714285715,11.428571428571429,24.285714285714285,64.28571428571429,51.42857142857142,12.857142857142856
E00107574,172,55,24,31,117,97,20,31.976744186046513,13.953488372093023,18.023255813953487,68.02325581395348,56.395348837209305,11.627906976744185
E00107575,107,26,7,19,81,69,12,24.299065420560748,6.5420560747663545,17.75700934579439,75.70093457943925,64.48598130841121,11.214953271028037
E00107576,87,30,10,20,57,45,12,34.48275862068966,11.494252873563218,22.988505747126435,65.51724137931035,51.724137931034484,13.793103448275861
E00107577,185,60,19,41,125,104,21,32.432432432432435,10.27027027027027,22.162162162162165,67.56756756756756,56.21621621621622,11.351351351351353
E00107579,128,47,23,24,81,57,24,36.71875,17.96875,18.75,63.28125,44.53125,18.75
E00107581,182,67,34,33,115,97,18,36.81318681318682,18.681318681318682,18.13186813186813,63.18681318681318,53.2967032967033,9.89010989010989
E00107582,160,50,18,32,110,91,19,31.25,11.25,20,68.75,56.875,11.875
E00107583,183,63,17,46,120,102,18,34.42622950819672,9.289617486338798,25.136612021857925,65.57377049180327,55.73770491803278,9.836065573770492
E00107584,145,58,16,42,87,72,15,40,11.03448275862069,28.965517241379313,60,49.6551724137931,10.344827586206897
E00107585,159,44,17,27,115,103,12,27.67295597484277,10.69182389937107,16.9811320754717,72.32704402515722,64.77987421383648,7.547169811320755
E00107586,119,35,16,19,84,75,9,29.411764705882355,13.445378151260504,15.966386554621847,70.58823529411765,63.02521008403361,7.563025210084033
E00107587,156,41,13,28,115,96,19,26.282051282051285,8.333333333333332,17.94871794871795,73.71794871794873,61.53846153846154,12.179487179487179
E00107588,148,42,16,26,106,93,13,28.37837837837838,10.81081081081081,17.56756756756757,71.62162162162163,62.83783783783784,8.783783783783784
E00107589,227,76,29,47,151,125,26,33.480176211453745,12.77533039647577,20.704845814977972,66.51982378854625,55.06607929515418,11.45374449339207
E00107590,137,52,21,31,85,73,12,37.95620437956204,15.328467153284672,22.62773722627737,62.04379562043796,53.284671532846716,8.75912408759124
E00107591,91,37,15,22,54,47,7,40.65934065934066,16.483516483516482,24.175824175824175,59.34065934065934,51.64835164835166,7.6923076923076925
E00107592,94,33,14,19,61,54,7,35.1063829787234,14.893617021276595,20.212765957446805,64.8936170212766,57.446808510638306,7.446808510638298
E00107593,157,46,14,32,111,98,13,29.29936305732484,8.9171974522293,20.382165605095544,70.70063694267516,62.42038216560509,8.280254777070063
E00107594,128,44,13,31,84,71,13,34.375,10.15625,24.21875,65.625,55.46875,10.15625
E00107597,194,58,18,40,136,113,23,29.896907216494846,9.278350515463918,20.618556701030926,70.10309278350515,58.24742268041238,11.855670103092782
E00107598,152,41,12,29,111,86,25,26.973684210526315,7.894736842105263,19.078947368421055,73.02631578947368,56.57894736842105,16.447368421052634
E00107599,167,68,29,39,99,80,19,40.718562874251496,17.365269461077844,23.353293413173652,59.281437125748504,47.90419161676647,11.377245508982035
E00107600,114,43,19,24,71,57,14,37.719298245614034,16.666666666666664,21.052631578947366,62.28070175438597,50,12.280701754385964
E00107601,139,46,15,31,93,81,12,33.093525179856115,10.79136690647482,22.302158273381295,66.90647482014388,58.27338129496403,8.633093525179856
E00107602,102,39,13,26,63,53,10,38.23529411764706,12.745098039215685,25.49019607843137,61.76470588235294,51.9607843137255,9.803921568627452
E00107603,194,62,18,44,132,110,22,31.958762886597935,9.278350515463918,22.68041237113402,68.04123711340206,56.70103092783505,11.34020618556701
E00107604,219,70,25,45,149,127,22,31.963470319634702,11.415525114155251,20.54794520547945,68.0365296803653,57.99086757990868,10.045662100456621
E00107605,264,89,41,48,175,148,27,33.71212121212121,15.530303030303031,18.181818181818183,66.28787878787878,56.060606060606055,10.227272727272728
E00107606,123,46,18,28,77,64,13,37.39837398373984,14.634146341463413,22.76422764227642,62.601626016260155,52.03252032520326,10.569105691056912
E00107607,160,59,19,40,101,82,19,36.875,11.875,25,63.125,51.24999999999999,11.875
E00107608,150,38,8,30,112,99,13,25.333333333333336,5.333333333333334,20,74.66666666666667,66,8.666666666666668
E00107609,178,43,17,26,135,120,15,24.15730337078652,9.550561797752808,14.606741573033707,75.84269662921348,67.41573033707866,8.426966292134832
E00107610,132,37,16,21,95,79,16,28.030303030303028,12.121212121212121,15.909090909090908,71.96969696969697,59.84848484848485,12.121212121212121
E00107611,140,59,21,38,81,67,14,42.142857142857146,15,27.142857142857142,57.85714285714286,47.85714285714286,10
E00107612,110,38,13,25,72,61,11,34.54545454545455,11.818181818181818,22.727272727272727,65.45454545454545,55.45454545454545,10
E00107613,121,36,12,24,85,68,17,29.75206611570248,9.917355371900827,19.834710743801654,70.24793388429752,56.19834710743802,14.049586776859504
E00107614,96,43,16,27,53,44,9,44.79166666666667,16.666666666666664,28.125,55.208333333333336,45.83333333333333,9.375
E00107615,84,24,9,15,60,44,16,28.57142857142857,10.714285714285714,17.857142857142858,71.42857142857143,52.38095238095239,19.047619047619047
E00107616,52,7,4,3,45,39,6,13.461538461538462,7.6923076923076925,5.769230769230769,86.53846153846155,75,11.538461538461538
E00107617,117,34,9,25,83,71,12,29.059829059829063,7.6923076923076925,21.367521367521366,70.94017094017094,60.68376068376068,10.256410256410255
E00107618,154,41,15,26,113,96,17,26.623376623376622,9.740259740259742,16.883116883116884,73.37662337662337,62.33766233766234,11.03896103896104
E00107619,112,43,12,31,69,63,6,38.392857142857146,10.714285714285714,27.67857142857143,61.60714285714286,56.25,5.357142857142857
E00107620,153,55,25,30,98,78,20,35.947712418300654,16.33986928104575,19.607843137254903,64.05228758169935,50.98039215686274,13.071895424836603
E00107621,188,72,37,35,116,97,19,38.297872340425535,19.680851063829788,18.617021276595743,61.702127659574465,51.59574468085106,10.106382978723403
E00107622,155,39,7,32,116,97,19,25.161290322580644,4.516129032258064,20.64516129032258,74.83870967741936,62.58064516129033,12.258064516129032
E00107623,151,57,19,38,94,73,21,37.74834437086093,12.582781456953644,25.165562913907287,62.251655629139066,48.34437086092716,13.90728476821192
E00107624,140,49,18,31,91,60,31,35,12.857142857142856,22.142857142857142,65,42.857142857142854,22.142857142857142
E00107625,167,71,28,43,96,79,17,42.51497005988024,16.766467065868262,25.748502994011975,57.48502994011976,47.30538922155689,10.179640718562874
E00107626,119,45,22,23,74,43,31,37.81512605042017,18.487394957983195,19.327731092436977,62.18487394957983,36.134453781512605,26.05042016806723
E00107627,141,49,27,22,92,63,29,34.751773049645394,19.148936170212767,15.602836879432624,65.24822695035462,44.680851063829785,20.56737588652482
E00107628,187,59,25,34,128,87,41,31.550802139037433,13.368983957219251,18.181818181818183,68.44919786096256,46.524064171122994,21.92513368983957
E00107629,168,62,19,43,106,92,14,36.904761904761905,11.30952380952381,25.595238095238095,63.095238095238095,54.761904761904766,8.333333333333332
E00107630,187,62,25,37,125,103,22,33.155080213903744,13.368983957219251,19.786096256684495,66.84491978609626,55.080213903743314,11.76470588235294
E00107631,178,82,40,42,96,66,30,46.06741573033708,22.47191011235955,23.595505617977526,53.93258426966292,37.07865168539326,16.853932584269664
E00107632,148,64,25,39,84,61,23,43.24324324324324,16.89189189189189,26.351351351351347,56.75675675675676,41.21621621621622,15.54054054054054
E00107633,144,53,25,28,91,73,18,36.80555555555556,17.36111111111111,19.444444444444446,63.19444444444444,50.69444444444444,12.5
E00107634,245,83,35,48,162,129,33,33.87755102040816,14.285714285714285,19.591836734693878,66.12244897959184,52.6530612244898,13.46938775510204
E00107635,155,67,29,38,88,63,25,43.225806451612904,18.70967741935484,24.516129032258064,56.774193548387096,40.64516129032258,16.129032258064516
E00107636,174,65,27,38,109,82,27,37.35632183908046,15.517241379310345,21.839080459770116,62.643678160919535,47.12643678160919,15.517241379310345
E00107637,172,73,38,35,99,60,39,42.44186046511628,22.093023255813954,20.348837209302324,57.55813953488372,34.883720930232556,22.674418604651162
E00107638,130,59,27,32,71,54,17,45.38461538461539,20.76923076923077,24.615384615384617,54.61538461538461,41.53846153846154,13.076923076923078
E00107639,73,26,12,14,47,34,13,35.61643835616438,16.43835616438356,19.17808219178082,64.38356164383562,46.57534246575342,17.80821917808219
E00107640,209,74,25,49,135,116,19,35.406698564593306,11.961722488038278,23.444976076555022,64.5933014354067,55.50239234449761,9.090909090909092
E00107641,140,47,14,33,93,80,13,33.57142857142857,10,23.57142857142857,66.42857142857143,57.14285714285714,9.285714285714286
E00107642,154,49,12,37,105,86,19,31.818181818181817,7.792207792207792,24.025974025974026,68.18181818181817,55.84415584415584,12.337662337662337
E00107643,176,58,23,35,118,100,18,32.95454545454545,13.068181818181818,19.886363636363637,67.04545454545455,56.81818181818182,10.227272727272728
E00107644,155,54,19,35,101,76,25,34.83870967741935,12.258064516129032,22.58064516129032,65.16129032258064,49.03225806451613,16.129032258064516
E00107645,177,60,18,42,117,88,29,33.89830508474576,10.16949152542373,23.728813559322035,66.10169491525424,49.717514124293785,16.38418079096045
E00107646,138,46,21,25,92,75,17,33.33333333333333,15.217391304347828,18.115942028985508,66.66666666666666,54.347826086956516,12.318840579710146
E00107647,87,21,4,17,66,62,4,24.137931034482758,4.597701149425287,19.54022988505747,75.86206896551724,71.26436781609196,4.597701149425287
E00107648,85,27,16,11,58,43,15,31.76470588235294,18.823529411764707,12.941176470588237,68.23529411764706,50.588235294117645,17.647058823529413
E00107649,100,21,6,15,79,71,8,21,6,15,79,71,8
E00107650,72,25,12,13,47,44,3,34.72222222222222,16.666666666666664,18.055555555555554,65.27777777777779,61.111111111111114,4.166666666666666
E00107651,169,47,21,26,122,97,25,27.810650887573964,12.42603550295858,15.384615384615385,72.18934911242604,57.396449704142015,14.792899408284024
E00107652,180,59,15,44,121,101,20,32.77777777777778,8.333333333333332,24.444444444444443,67.22222222222223,56.111111111111114,11.11111111111111
E00107653,172,50,16,34,122,107,15,29.069767441860467,9.30232558139535,19.767441860465116,70.93023255813954,62.2093023255814,8.720930232558139
E00107654,192,61,24,37,131,102,29,31.770833333333332,12.5,19.270833333333336,68.22916666666666,53.125,15.104166666666666
E00107655,147,49,16,33,98,85,13,33.33333333333333,10.884353741496598,22.448979591836736,66.66666666666666,57.82312925170068,8.843537414965986
E00107656,159,62,17,45,97,84,13,38.9937106918239,10.69182389937107,28.30188679245283,61.0062893081761,52.83018867924528,8.176100628930817
E00107657,137,55,22,33,82,65,17,40.14598540145985,16.05839416058394,24.087591240875913,59.854014598540154,47.44525547445255,12.408759124087592
E00107658,177,55,19,36,122,102,20,31.07344632768362,10.734463276836157,20.33898305084746,68.92655367231639,57.6271186440678,11.299435028248588
E00107659,137,47,11,36,90,76,14,34.306569343065696,8.02919708029197,26.277372262773724,65.69343065693431,55.47445255474452,10.218978102189782
E00107660,140,53,26,27,87,75,12,37.857142857142854,18.571428571428573,19.28571428571429,62.142857142857146,53.57142857142857,8.571428571428571
E00107661,154,51,16,35,103,89,14,33.116883116883116,10.38961038961039,22.727272727272727,66.88311688311688,57.7922077922078,9.090909090909092
E00107662,53,21,8,13,32,23,9,39.62264150943396,15.09433962264151,24.528301886792452,60.37735849056604,43.39622641509434,16.9811320754717
E00107663,151,64,30,34,87,74,13,42.384105960264904,19.867549668874172,22.516556291390728,57.615894039735096,49.00662251655629,8.609271523178808
E00107664,130,51,16,35,79,71,8,39.23076923076923,12.307692307692308,26.923076923076923,60.76923076923077,54.61538461538461,6.153846153846154
E00107665,135,49,20,29,86,68,18,36.2962962962963,14.814814814814813,21.48148148148148,63.70370370370371,50.37037037037037,13.333333333333334
E00107666,128,44,19,25,84,71,13,34.375,14.84375,19.53125,65.625,55.46875,10.15625
E00107667,99,29,12,17,70,55,15,29.292929292929294,12.121212121212121,17.17171717171717,70.70707070707071,55.55555555555556,15.151515151515152
E00107668,121,47,23,24,74,51,23,38.84297520661157,19.00826446280992,19.834710743801654,61.15702479338842,42.14876033057851,19.00826446280992
E00107669,195,61,24,37,134,89,45,31.28205128205128,12.307692307692308,18.974358974358974,68.71794871794872,45.64102564102564,23.076923076923077
E00107670,143,52,15,37,91,77,14,36.36363636363637,10.48951048951049,25.874125874125873,63.63636363636363,53.84615384615385,9.79020979020979
E00107671,190,78,26,52,112,101,11,41.05263157894737,13.684210526315791,27.368421052631582,58.94736842105262,53.1578947368421,5.7894736842105265
E00107673,99,42,17,25,57,46,11,42.42424242424242,17.17171717171717,25.252525252525253,57.57575757575758,46.464646464646464,11.11111111111111
E00107674,186,64,13,51,122,97,25,34.40860215053764,6.989247311827956,27.419354838709676,65.59139784946237,52.1505376344086,13.440860215053762
E00107675,138,41,18,23,97,82,15,29.71014492753623,13.043478260869565,16.666666666666664,70.28985507246377,59.42028985507246,10.869565217391305
E00107676,170,59,23,36,111,96,15,34.705882352941174,13.529411764705882,21.176470588235293,65.29411764705883,56.470588235294116,8.823529411764707
E00107677,154,64,26,38,90,75,15,41.55844155844156,16.883116883116884,24.675324675324674,58.44155844155844,48.701298701298704,9.740259740259742
E00107678,135,43,17,26,92,81,11,31.851851851851855,12.592592592592592,19.25925925925926,68.14814814814815,60,8.148148148148149
E00107679,111,37,17,20,74,61,13,33.33333333333333,15.315315315315313,18.01801801801802,66.66666666666666,54.95495495495496,11.711711711711711
E00107680,183,55,27,28,128,101,27,30.05464480874317,14.754098360655737,15.300546448087433,69.94535519125684,55.19125683060109,14.754098360655737
E00107683,221,77,21,56,144,119,25,34.841628959276015,9.502262443438914,25.339366515837103,65.15837104072398,53.84615384615385,11.312217194570136
E00107684,258,98,33,65,160,129,31,37.98449612403101,12.790697674418606,25.1937984496124,62.01550387596899,50,12.015503875968992
E00107685,151,44,17,27,107,86,21,29.13907284768212,11.258278145695364,17.880794701986755,70.86092715231787,56.95364238410596,13.90728476821192
E00107686,182,57,15,42,125,99,26,31.318681318681318,8.241758241758241,23.076923076923077,68.68131868131869,54.395604395604394,14.285714285714285
E00107687,149,49,19,30,100,80,20,32.88590604026846,12.751677852348994,20.13422818791946,67.11409395973155,53.691275167785236,13.422818791946309
E00107688,84,33,17,16,51,42,9,39.285714285714285,20.238095238095237,19.047619047619047,60.71428571428571,50,10.714285714285714
E00107689,121,58,23,35,63,47,16,47.93388429752066,19.00826446280992,28.92561983471074,52.066115702479344,38.84297520661157,13.223140495867769
E00107690,151,49,25,24,102,76,26,32.450331125827816,16.55629139072848,15.894039735099339,67.54966887417218,50.331125827814574,17.218543046357617
E00107691,162,55,22,33,107,79,28,33.95061728395062,13.580246913580247,20.37037037037037,66.0493827160494,48.76543209876543,17.28395061728395
E00107692,90,29,12,17,61,40,21,32.22222222222222,13.333333333333334,18.88888888888889,67.77777777777779,44.44444444444444,23.333333333333332
E00107694,164,52,21,31,112,98,14,31.70731707317073,12.804878048780488,18.902439024390244,68.29268292682927,59.756097560975604,8.536585365853659
E00107695,148,53,21,32,95,79,16,35.810810810810814,14.18918918918919,21.62162162162162,64.1891891891892,53.37837837837838,10.81081081081081
E00107696,192,67,26,41,125,99,26,34.89583333333333,13.541666666666666,21.354166666666664,65.10416666666666,51.5625,13.541666666666666
E00107697,267,105,41,64,162,114,48,39.325842696629216,15.355805243445692,23.970037453183522,60.67415730337079,42.69662921348314,17.97752808988764
E00107698,186,60,26,34,126,95,31,32.25806451612903,13.978494623655912,18.27956989247312,67.74193548387096,51.075268817204304,16.666666666666664
E00107699,90,38,10,28,52,47,5,42.22222222222222,11.11111111111111,31.11111111111111,57.77777777777777,52.22222222222223,5.555555555555555
E00107700,123,40,13,27,83,73,10,32.52032520325203,10.569105691056912,21.951219512195124,67.47967479674797,59.34959349593496,8.130081300813007
E00107701,115,35,24,11,80,48,32,30.434782608695656,20.869565217391305,9.565217391304348,69.56521739130434,41.73913043478261,27.82608695652174
E00107702,118,45,21,24,73,56,17,38.13559322033898,17.796610169491526,20.33898305084746,61.86440677966102,47.45762711864407,14.40677966101695
E00107703,149,64,25,39,85,67,18,42.95302013422819,16.778523489932887,26.174496644295303,57.04697986577181,44.966442953020135,12.080536912751679
E00107704,123,35,21,14,88,62,26,28.455284552845526,17.073170731707318,11.38211382113821,71.54471544715447,50.40650406504065,21.138211382113823
E00107705,118,39,20,19,79,50,29,33.05084745762712,16.94915254237288,16.101694915254235,66.94915254237289,42.3728813559322,24.576271186440678
E00107706,131,47,17,30,84,66,18,35.87786259541985,12.977099236641221,22.900763358778626,64.12213740458014,50.38167938931297,13.740458015267176
E00107707,197,73,29,44,124,87,37,37.055837563451774,14.720812182741117,22.33502538071066,62.944162436548226,44.16243654822335,18.781725888324875
E00107708,125,48,20,28,77,55,22,38.4,16,22.400000000000002,61.6,44,17.599999999999998
E00107709,129,53,16,37,76,53,23,41.08527131782946,12.4031007751938,28.68217054263566,58.91472868217055,41.08527131782946,17.829457364341085
E00107710,203,76,24,52,127,89,38,37.4384236453202,11.822660098522167,25.615763546798032,62.5615763546798,43.84236453201971,18.7192118226601
E00107711,162,57,20,37,105,80,25,35.18518518518518,12.345679012345679,22.839506172839506,64.81481481481481,49.382716049382715,15.432098765432098
E00107712,142,58,22,36,84,62,22,40.845070422535215,15.492957746478872,25.352112676056336,59.154929577464785,43.66197183098591,15.492957746478872
E00107713,160,59,27,32,101,84,17,36.875,16.875,20,63.125,52.5,10.625
E00107714,123,40,10,30,83,67,16,32.52032520325203,8.130081300813007,24.390243902439025,67.47967479674797,54.47154471544715,13.008130081300814
E00107715,110,46,10,36,64,55,9,41.81818181818181,9.090909090909092,32.72727272727273,58.18181818181818,50,8.181818181818182
E00107716,227,79,28,51,148,111,37,34.801762114537446,12.334801762114537,22.46696035242291,65.19823788546255,48.89867841409692,16.299559471365637
E00107717,138,50,23,27,88,70,18,36.231884057971016,16.666666666666664,19.565217391304348,63.76811594202898,50.72463768115942,13.043478260869565
E00107718,112,41,11,30,71,60,11,36.607142857142854,9.821428571428571,26.785714285714285,63.39285714285714,53.57142857142857,9.821428571428571
E00107719,106,46,21,25,60,46,14,43.39622641509434,19.81132075471698,23.58490566037736,56.60377358490566,43.39622641509434,13.20754716981132
E00107720,124,38,23,15,86,64,22,30.64516129032258,18.548387096774192,12.096774193548388,69.35483870967742,51.61290322580645,17.741935483870968
E00107721,92,31,13,18,61,47,14,33.69565217391305,14.130434782608695,19.565217391304348,66.30434782608695,51.08695652173913,15.217391304347828
E00107722,77,28,11,17,49,39,10,36.36363636363637,14.285714285714285,22.07792207792208,63.63636363636363,50.649350649350644,12.987012987012985
E00107723,126,44,21,23,82,63,19,34.92063492063492,16.666666666666664,18.253968253968253,65.07936507936508,50,15.079365079365079
E00107724,80,25,11,14,55,48,7,31.25,13.750000000000002,17.5,68.75,60,8.75
E00107725,78,37,10,27,41,33,8,47.43589743589743,12.82051282051282,34.61538461538461,52.56410256410257,42.30769230769231,10.256410256410255
E00107726,110,44,19,25,66,58,8,40,17.272727272727273,22.727272727272727,60,52.72727272727272,7.2727272727272725
E00107727,108,50,18,32,58,48,10,46.2962962962963,16.666666666666664,29.629629629629626,53.70370370370371,44.44444444444444,9.25925925925926
E00107728,138,47,18,29,91,75,16,34.05797101449276,13.043478260869565,21.014492753623188,65.94202898550725,54.347826086956516,11.594202898550725
E00107729,219,63,19,44,156,137,19,28.767123287671232,8.67579908675799,20.091324200913242,71.23287671232876,62.55707762557078,8.67579908675799
E00107730,203,64,25,39,139,122,17,31.527093596059114,12.31527093596059,19.21182266009852,68.4729064039409,60.09852216748769,8.374384236453201
E00107731,188,62,28,34,126,110,16,32.97872340425532,14.893617021276595,18.085106382978726,67.02127659574468,58.51063829787234,8.51063829787234
E00107732,236,80,31,49,156,136,20,33.89830508474576,13.135593220338984,20.76271186440678,66.10169491525424,57.6271186440678,8.47457627118644
E00107733,128,53,27,26,75,59,16,41.40625,21.09375,20.3125,58.59375,46.09375,12.5
E00107735,151,53,26,27,98,78,20,35.099337748344375,17.218543046357617,17.880794701986755,64.90066225165563,51.65562913907284,13.245033112582782
E00107737,115,47,18,29,68,54,14,40.869565217391305,15.65217391304348,25.217391304347824,59.130434782608695,46.95652173913044,12.173913043478262
E00107738,189,61,23,38,128,104,24,32.27513227513227,12.16931216931217,20.105820105820104,67.72486772486772,55.026455026455025,12.698412698412698
E00107740,191,57,23,34,134,112,22,29.84293193717277,12.041884816753926,17.801047120418847,70.15706806282722,58.63874345549738,11.518324607329843
E00107741,106,49,23,26,57,48,9,46.22641509433962,21.69811320754717,24.528301886792452,53.77358490566038,45.28301886792453,8.49056603773585
E00107742,142,57,17,40,85,76,9,40.140845070422536,11.971830985915492,28.169014084507044,59.859154929577464,53.52112676056338,6.338028169014084
E00107743,80,26,12,14,54,39,15,32.5,15,17.5,67.5,48.75,18.75
E00107744,204,57,17,40,147,126,21,27.941176470588236,8.333333333333332,19.607843137254903,72.05882352941177,61.76470588235294,10.294117647058822
E00107745,219,58,18,40,161,124,37,26.48401826484018,8.21917808219178,18.2648401826484,73.51598173515981,56.62100456621004,16.894977168949772
E00107746,162,66,29,37,96,60,36,40.74074074074074,17.901234567901234,22.839506172839506,59.25925925925925,37.03703703703704,22.22222222222222
E00107748,143,55,16,39,88,76,12,38.46153846153847,11.188811188811188,27.27272727272727,61.53846153846154,53.14685314685315,8.391608391608392
E00107749,204,59,19,40,145,136,9,28.921568627450984,9.313725490196079,19.607843137254903,71.07843137254902,66.66666666666666,4.411764705882353
E00107750,69,22,6,16,47,44,3,31.88405797101449,8.695652173913043,23.18840579710145,68.11594202898551,63.76811594202898,4.3478260869565215
E00107751,201,70,27,43,131,117,14,34.82587064676617,13.432835820895523,21.393034825870647,65.17412935323384,58.2089552238806,6.965174129353234
E00107752,104,44,14,30,60,51,9,42.30769230769231,13.461538461538462,28.846153846153843,57.692307692307686,49.03846153846153,8.653846153846153
E00107753,133,54,18,36,79,73,6,40.6015037593985,13.533834586466165,27.06766917293233,59.3984962406015,54.88721804511278,4.511278195488721
E00107754,86,30,10,20,56,48,8,34.883720930232556,11.627906976744185,23.25581395348837,65.11627906976744,55.81395348837209,9.30232558139535
E00107755,148,46,14,32,102,87,15,31.08108108108108,9.45945945945946,21.62162162162162,68.91891891891892,58.78378378378378,10.135135135135135
E00107756,190,62,17,45,128,104,24,32.631578947368425,8.947368421052632,23.684210526315788,67.36842105263158,54.736842105263165,12.631578947368421
E00107757,217,66,14,52,151,138,13,30.414746543778804,6.451612903225806,23.963133640552993,69.5852534562212,63.594470046082954,5.990783410138248
E00107758,189,62,24,38,127,108,19,32.804232804232804,12.698412698412698,20.105820105820104,67.1957671957672,57.14285714285714,10.052910052910052
E00107759,93,34,15,19,59,50,9,36.55913978494624,16.129032258064516,20.43010752688172,63.44086021505376,53.76344086021505,9.67741935483871
E00107760,117,37,10,27,80,57,23,31.62393162393162,8.547008547008547,23.076923076923077,68.37606837606837,48.717948717948715,19.65811965811966
E00107761,134,47,16,31,87,78,9,35.07462686567165,11.940298507462686,23.134328358208954,64.92537313432835,58.2089552238806,6.7164179104477615
E00107762,95,26,10,16,69,61,8,27.368421052631582,10.526315789473683,16.842105263157894,72.63157894736842,64.21052631578948,8.421052631578947
E00107763,114,43,18,25,71,64,7,37.719298245614034,15.789473684210526,21.929824561403507,62.28070175438597,56.14035087719298,6.140350877192982
E00107764,78,22,12,10,56,50,6,28.205128205128204,15.384615384615385,12.82051282051282,71.7948717948718,64.1025641025641,7.6923076923076925
E00107765,115,39,13,26,76,67,9,33.91304347826087,11.304347826086957,22.608695652173914,66.08695652173913,58.26086956521739,7.82608695652174
E00107766,80,26,12,14,54,50,4,32.5,15,17.5,67.5,62.5,5
E00107767,55,21,9,12,34,27,7,38.18181818181819,16.363636363636363,21.818181818181817,61.81818181818181,49.09090909090909,12.727272727272727
E00107768,132,42,11,31,90,72,18,31.818181818181817,8.333333333333332,23.484848484848484,68.18181818181817,54.54545454545454,13.636363636363635
E00107769,83,24,5,19,59,52,7,28.915662650602407,6.024096385542169,22.89156626506024,71.08433734939759,62.65060240963856,8.433734939759036
E00107770,128,49,21,28,79,66,13,38.28125,16.40625,21.875,61.71875,51.5625,10.15625
E00107771,180,68,23,45,112,97,15,37.77777777777778,12.777777777777777,25,62.22222222222222,53.888888888888886,8.333333333333332
E00107772,147,45,13,32,102,90,12,30.612244897959183,8.843537414965986,21.768707482993197,69.38775510204081,61.224489795918366,8.16326530612245
E00107773,83,23,10,13,60,53,7,27.710843373493976,12.048192771084338,15.66265060240964,72.28915662650603,63.85542168674698,8.433734939759036
E00107774,121,41,15,26,80,67,13,33.88429752066116,12.396694214876034,21.487603305785125,66.11570247933885,55.371900826446286,10.743801652892563
E00107775,137,40,17,23,97,74,23,29.1970802919708,12.408759124087592,16.78832116788321,70.8029197080292,54.01459854014598,16.78832116788321
E00107776,176,53,22,31,123,84,39,30.113636363636363,12.5,17.613636363636363,69.88636363636364,47.72727272727273,22.15909090909091
E00107777,154,50,19,31,104,78,26,32.467532467532465,12.337662337662337,20.12987012987013,67.53246753246754,50.649350649350644,16.883116883116884
E00107778,130,52,24,28,78,55,23,40,18.461538461538463,21.53846153846154,60,42.30769230769231,17.692307692307693
E00107779,132,37,9,28,95,82,13,28.030303030303028,6.8181818181818175,21.21212121212121,71.96969696969697,62.121212121212125,9.848484848484848
E00107780,171,63,22,41,108,80,28,36.84210526315789,12.865497076023392,23.976608187134502,63.1578947368421,46.783625730994146,16.374269005847953
E00107781,135,55,27,28,80,65,15,40.74074074074074,20,20.74074074074074,59.25925925925925,48.148148148148145,11.11111111111111
E00107782,133,50,23,27,83,58,25,37.59398496240601,17.293233082706767,20.30075187969925,62.40601503759399,43.609022556390975,18.796992481203006
E00107783,71,22,5,17,49,41,8,30.985915492957744,7.042253521126761,23.943661971830984,69.01408450704226,57.74647887323944,11.267605633802818
E00107784,119,34,10,24,85,73,12,28.57142857142857,8.403361344537815,20.168067226890756,71.42857142857143,61.34453781512605,10.084033613445378
E00107785,125,50,21,29,75,61,14,40,16.8,23.200000000000003,60,48.8,11.200000000000001
E00107786,123,46,21,25,77,61,16,37.39837398373984,17.073170731707318,20.32520325203252,62.601626016260155,49.59349593495935,13.008130081300814
E00107787,129,52,15,37,77,67,10,40.310077519379846,11.627906976744185,28.68217054263566,59.68992248062015,51.93798449612403,7.751937984496124
E00107788,163,58,23,35,105,92,13,35.58282208588957,14.11042944785276,21.472392638036812,64.41717791411043,56.44171779141104,7.975460122699387
E00107789,156,50,20,30,106,90,16,32.05128205128205,12.82051282051282,19.230769230769234,67.94871794871796,57.692307692307686,10.256410256410255
E00107790,219,52,26,26,167,140,27,23.74429223744292,11.87214611872146,11.87214611872146,76.25570776255708,63.926940639269404,12.32876712328767
E00107791,158,58,19,39,100,87,13,36.708860759493675,12.025316455696203,24.68354430379747,63.29113924050633,55.06329113924051,8.227848101265822
E00107792,156,36,15,21,120,96,24,23.076923076923077,9.615384615384617,13.461538461538462,76.92307692307693,61.53846153846154,15.384615384615385
E00107793,155,51,22,29,104,85,19,32.903225806451616,14.193548387096774,18.70967741935484,67.0967741935484,54.83870967741935,12.258064516129032
E00107794,111,29,12,17,82,71,11,26.126126126126124,10.81081081081081,15.315315315315313,73.87387387387388,63.96396396396396,9.90990990990991
E00107795,170,41,14,27,129,106,23,24.11764705882353,8.235294117647058,15.88235294117647,75.88235294117646,62.35294117647059,13.529411764705882
E00107796,180,59,22,37,121,105,16,32.77777777777778,12.222222222222221,20.555555555555554,67.22222222222223,58.333333333333336,8.88888888888889
E00107797,156,54,20,34,102,87,15,34.61538461538461,12.82051282051282,21.794871794871796,65.38461538461539,55.769230769230774,9.615384615384617
E00107798,168,50,15,35,118,106,12,29.761904761904763,8.928571428571429,20.833333333333336,70.23809523809523,63.095238095238095,7.142857142857142
E00107799,196,63,24,39,133,116,17,32.142857142857146,12.244897959183673,19.897959183673468,67.85714285714286,59.183673469387756,8.673469387755102
E00107800,159,52,22,30,107,83,24,32.70440251572327,13.836477987421384,18.867924528301888,67.29559748427673,52.20125786163522,15.09433962264151
E00107801,165,55,25,30,110,93,17,33.33333333333333,15.151515151515152,18.181818181818183,66.66666666666666,56.36363636363636,10.303030303030303
E00107802,173,59,27,32,114,95,19,34.104046242774565,15.606936416184972,18.497109826589593,65.89595375722543,54.91329479768786,10.982658959537572
E00107803,222,66,25,41,156,131,25,29.72972972972973,11.26126126126126,18.46846846846847,70.27027027027027,59.009009009009006,11.26126126126126
E00107804,145,45,20,25,100,85,15,31.03448275862069,13.793103448275861,17.24137931034483,68.96551724137932,58.620689655172406,10.344827586206897
E00107805,152,48,12,36,104,83,21,31.57894736842105,7.894736842105263,23.684210526315788,68.42105263157895,54.60526315789473,13.815789473684212
E00107806,154,43,12,31,111,87,24,27.92207792207792,7.792207792207792,20.12987012987013,72.07792207792207,56.493506493506494,15.584415584415584
E00107807,201,65,30,35,136,115,21,32.33830845771145,14.925373134328357,17.412935323383085,67.66169154228857,57.2139303482587,10.44776119402985
E00107808,130,30,14,16,100,82,18,23.076923076923077,10.76923076923077,12.307692307692308,76.92307692307693,63.07692307692307,13.846153846153847
E00107809,171,47,19,28,124,108,16,27.485380116959064,11.11111111111111,16.374269005847953,72.51461988304094,63.1578947368421,9.35672514619883
E00107810,82,25,6,19,57,51,6,30.48780487804878,7.317073170731707,23.170731707317074,69.51219512195121,62.19512195121951,7.317073170731707
E00107811,190,71,38,33,119,105,14,37.368421052631575,20,17.36842105263158,62.63157894736842,55.26315789473685,7.368421052631578
E00107812,159,54,17,37,105,81,24,33.9622641509434,10.69182389937107,23.270440251572328,66.0377358490566,50.943396226415096,15.09433962264151
E00107813,189,47,10,37,142,122,20,24.867724867724867,5.291005291005291,19.576719576719576,75.13227513227513,64.55026455026454,10.582010582010582
E00107814,110,30,9,21,80,69,11,27.27272727272727,8.181818181818182,19.090909090909093,72.72727272727273,62.727272727272734,10
E00107815,168,66,27,39,102,82,20,39.285714285714285,16.071428571428573,23.214285714285715,60.71428571428571,48.80952380952381,11.904761904761903
E00107816,174,50,19,31,124,113,11,28.735632183908045,10.919540229885058,17.81609195402299,71.26436781609196,64.9425287356322,6.321839080459771
E00107817,103,37,15,22,66,55,11,35.92233009708738,14.563106796116504,21.35922330097087,64.07766990291263,53.398058252427184,10.679611650485436
E00107818,172,59,18,41,113,104,9,34.30232558139535,10.465116279069768,23.837209302325583,65.69767441860465,60.46511627906976,5.232558139534884
E00107820,266,86,28,58,180,151,29,32.33082706766917,10.526315789473683,21.804511278195488,67.66917293233082,56.766917293233085,10.902255639097744
E00107821,237,77,30,47,160,138,22,32.48945147679325,12.658227848101266,19.831223628691983,67.51054852320675,58.22784810126582,9.282700421940929
E00107822,225,77,26,51,148,123,25,34.22222222222222,11.555555555555555,22.666666666666664,65.77777777777779,54.666666666666664,11.11111111111111
E00107823,182,53,15,38,129,113,16,29.120879120879124,8.241758241758241,20.87912087912088,70.87912087912088,62.08791208791209,8.791208791208792
E00107824,225,71,17,54,154,127,27,31.555555555555554,7.555555555555555,24,68.44444444444444,56.44444444444444,12
E00107825,202,54,21,33,148,117,31,26.732673267326735,10.396039603960396,16.33663366336634,73.26732673267327,57.920792079207914,15.346534653465346
E00107826,153,51,24,27,102,88,14,33.33333333333333,15.686274509803921,17.647058823529413,66.66666666666666,57.51633986928104,9.15032679738562
E00107827,165,71,34,37,94,57,37,43.03030303030303,20.606060606060606,22.424242424242426,56.96969696969697,34.54545454545455,22.424242424242426
E00107828,148,50,23,27,98,71,27,33.78378378378378,15.54054054054054,18.243243243243242,66.21621621621621,47.97297297297297,18.243243243243242
E00107829,152,53,24,29,99,80,19,34.868421052631575,15.789473684210526,19.078947368421055,65.13157894736842,52.63157894736842,12.5
E00107830,178,46,23,23,132,91,41,25.842696629213485,12.921348314606742,12.921348314606742,74.15730337078652,51.12359550561798,23.03370786516854
E00107831,117,43,19,24,74,64,10,36.75213675213676,16.23931623931624,20.51282051282051,63.24786324786324,54.700854700854705,8.547008547008547
E00107832,170,64,38,26,106,80,26,37.64705882352941,22.35294117647059,15.294117647058824,62.35294117647059,47.05882352941176,15.294117647058824
E00107833,121,34,13,21,87,71,16,28.09917355371901,10.743801652892563,17.355371900826448,71.900826446281,58.67768595041323,13.223140495867769
E00107834,195,62,25,37,133,102,31,31.794871794871792,12.82051282051282,18.974358974358974,68.2051282051282,52.307692307692314,15.897435897435896
E00107835,135,46,22,24,89,75,14,34.074074074074076,16.296296296296298,17.77777777777778,65.92592592592592,55.55555555555556,10.37037037037037
E00107836,81,34,13,21,47,41,6,41.9753086419753,16.049382716049383,25.925925925925924,58.0246913580247,50.617283950617285,7.4074074074074066
E00107837,220,77,37,40,143,94,49,35,16.818181818181817,18.181818181818183,65,42.72727272727273,22.272727272727273
E00107838,170,68,26,42,102,70,32,40,15.294117647058824,24.705882352941178,60,41.17647058823529,18.823529411764707
E00107839,175,47,24,23,128,86,42,26.857142857142858,13.714285714285715,13.142857142857142,73.14285714285714,49.142857142857146,24
E00107840,173,63,25,38,110,89,21,36.41618497109826,14.450867052023122,21.965317919075144,63.58381502890174,51.445086705202314,12.138728323699421
E00107841,117,46,18,28,71,52,19,39.31623931623932,15.384615384615385,23.931623931623932,60.68376068376068,44.44444444444444,16.23931623931624
E00107842,160,60,23,37,100,79,21,37.5,14.374999999999998,23.125,62.5,49.375,13.125
E00107843,130,40,8,32,90,75,15,30.76923076923077,6.153846153846154,24.615384615384617,69.23076923076923,57.692307692307686,11.538461538461538
E00107844,106,40,18,22,66,57,9,37.735849056603776,16.9811320754717,20.754716981132077,62.264150943396224,53.77358490566038,8.49056603773585
E00107845,63,30,12,18,33,33,0,47.61904761904761,19.047619047619047,28.57142857142857,52.38095238095239,52.38095238095239,0
E00107846,99,35,14,21,64,53,11,35.35353535353536,14.14141414141414,21.21212121212121,64.64646464646465,53.535353535353536,11.11111111111111
E00107847,151,54,16,38,97,82,15,35.76158940397351,10.596026490066226,25.165562913907287,64.23841059602648,54.3046357615894,9.933774834437086
E00107848,95,39,18,21,56,45,11,41.05263157894737,18.947368421052634,22.105263157894736,58.94736842105262,47.368421052631575,11.578947368421053
E00107849,114,46,16,30,68,61,7,40.35087719298245,14.035087719298245,26.31578947368421,59.64912280701754,53.50877192982456,6.140350877192982
E00107850,121,45,20,25,76,66,10,37.1900826446281,16.528925619834713,20.66115702479339,62.8099173553719,54.54545454545454,8.264462809917356
E00107851,58,28,16,12,30,26,4,48.275862068965516,27.586206896551722,20.689655172413794,51.724137931034484,44.827586206896555,6.896551724137931
E00107852,150,56,16,40,94,83,11,37.333333333333336,10.666666666666668,26.666666666666668,62.66666666666667,55.333333333333336,7.333333333333333
E00107853,122,40,13,27,82,69,13,32.78688524590164,10.655737704918032,22.131147540983605,67.21311475409836,56.557377049180324,10.655737704918032
E00107854,119,36,11,25,83,73,10,30.252100840336134,9.243697478991598,21.008403361344538,69.74789915966386,61.34453781512605,8.403361344537815
E00107855,90,28,13,15,62,60,2,31.11111111111111,14.444444444444443,16.666666666666664,68.88888888888889,66.66666666666666,2.2222222222222223
E00107856,111,46,21,25,65,54,11,41.44144144144144,18.91891891891892,22.52252252252252,58.55855855855856,48.64864864864865,9.90990990990991
E00107857,105,33,15,18,72,66,6,31.428571428571427,14.285714285714285,17.142857142857142,68.57142857142857,62.857142857142854,5.714285714285714
E00107858,103,26,9,17,77,67,10,25.24271844660194,8.737864077669903,16.50485436893204,74.75728155339806,65.0485436893204,9.70873786407767
E00107859,107,34,16,18,73,60,13,31.775700934579437,14.953271028037381,16.822429906542055,68.22429906542055,56.074766355140184,12.149532710280374
E00107860,103,32,10,22,71,57,14,31.06796116504854,9.70873786407767,21.35922330097087,68.93203883495146,55.33980582524271,13.592233009708737
E00107861,96,21,8,13,75,67,8,21.875,8.333333333333332,13.541666666666666,78.125,69.79166666666666,8.333333333333332
E00107862,125,41,15,26,84,65,19,32.800000000000004,12,20.8,67.2,52,15.2
E00107863,83,26,14,12,57,47,10,31.32530120481928,16.867469879518072,14.457831325301203,68.67469879518072,56.62650602409639,12.048192771084338
E00107864,113,43,15,28,70,52,18,38.05309734513274,13.274336283185843,24.778761061946902,61.94690265486725,46.017699115044245,15.929203539823009
E00107865,80,33,7,26,47,35,12,41.25,8.75,32.5,58.75,43.75,15
E00107866,113,45,15,30,68,54,14,39.823008849557525,13.274336283185843,26.548672566371685,60.17699115044248,47.78761061946903,12.389380530973451
E00107867,117,44,19,25,73,57,16,37.60683760683761,16.23931623931624,21.367521367521366,62.39316239316239,48.717948717948715,13.675213675213676
E00107868,74,27,16,11,47,32,15,36.486486486486484,21.62162162162162,14.864864864864865,63.51351351351351,43.24324324324324,20.27027027027027
E00107869,144,44,19,25,100,85,15,30.555555555555557,13.194444444444445,17.36111111111111,69.44444444444444,59.02777777777778,10.416666666666668
E00107870,130,48,18,30,82,69,13,36.92307692307693,13.846153846153847,23.076923076923077,63.07692307692307,53.07692307692308,10
E00107871,167,60,17,43,107,89,18,35.92814371257485,10.179640718562874,25.748502994011975,64.07185628742515,53.293413173652695,10.778443113772456
E00170892,265,65,27,38,200,158,42,24.528301886792452,10.18867924528302,14.339622641509434,75.47169811320755,59.62264150943396,15.849056603773585
E00170893,203,77,24,53,126,102,24,37.93103448275862,11.822660098522167,26.108374384236456,62.06896551724138,50.24630541871922,11.822660098522167
E00170897,157,48,25,23,109,71,38,30.573248407643312,15.92356687898089,14.64968152866242,69.42675159235668,45.22292993630573,24.203821656050955
E00170899,182,67,30,37,115,97,18,36.81318681318682,16.483516483516482,20.32967032967033,63.18681318681318,53.2967032967033,9.89010989010989
E00181198,25,12,7,5,13,12,1,48,28.000000000000004,20,52,48,4
E00181199,246,64,18,46,182,162,20,26.01626016260163,7.317073170731707,18.69918699186992,73.98373983739837,65.85365853658537,8.130081300813007
E00181200,250,85,30,55,165,135,30,34,12,22,66,54,12
E00181201,185,69,29,40,116,93,23,37.2972972972973,15.675675675675677,21.62162162162162,62.70270270270271,50.27027027027027,12.432432432432433
E00181202,32,10,5,5,22,13,9,31.25,15.625,15.625,68.75,40.625,28.125
E00181208,178,59,16,43,119,97,22,33.146067415730336,8.98876404494382,24.15730337078652,66.85393258426966,54.49438202247191,12.359550561797752
E00181209,170,43,7,36,127,107,20,25.294117647058822,4.117647058823529,21.176470588235293,74.70588235294117,62.94117647058823,11.76470588235294
E00181210,110,39,17,22,71,59,12,35.45454545454545,15.454545454545453,20,64.54545454545455,53.63636363636364,10.909090909090908
E00181213,229,76,31,45,153,122,31,33.18777292576419,13.537117903930133,19.65065502183406,66.8122270742358,53.275109170305676,13.537117903930133
E00181214,66,27,10,17,39,34,5,40.909090909090914,15.151515151515152,25.757575757575758,59.09090909090909,51.515151515151516,7.575757575757576
E00181216,189,55,22,33,134,113,21,29.100529100529098,11.64021164021164,17.46031746031746,70.8994708994709,59.78835978835979,11.11111111111111
E00181217,156,42,13,29,114,91,23,26.923076923076923,8.333333333333332,18.58974358974359,73.07692307692307,58.333333333333336,14.743589743589745
E00181219,126,36,10,26,90,71,19,28.57142857142857,7.936507936507936,20.634920634920633,71.42857142857143,56.34920634920635,15.079365079365079
E00181221,194,55,17,38,139,116,23,28.350515463917525,8.762886597938143,19.587628865979383,71.64948453608247,59.79381443298969,11.855670103092782
E00181222,122,32,10,22,90,70,20,26.229508196721312,8.19672131147541,18.0327868852459,73.77049180327869,57.377049180327866,16.39344262295082
E00181223,51,22,7,15,29,23,6,43.13725490196079,13.725490196078432,29.411764705882355,56.86274509803921,45.09803921568628,11.76470588235294
E00181224,64,19,5,14,45,39,6,29.6875,7.8125,21.875,70.3125,60.9375,9.375
E00181228,180,52,15,37,128,104,24,28.888888888888886,8.333333333333332,20.555555555555554,71.11111111111111,57.77777777777777,13.333333333333334
E00181229,131,32,20,12,99,79,20,24.427480916030532,15.267175572519085,9.16030534351145,75.57251908396947,60.30534351145038,15.267175572519085
E00181230,264,83,25,58,181,149,32,31.439393939393938,9.469696969696969,21.96969696969697,68.56060606060606,56.439393939393945,12.121212121212121
E00181231,158,54,17,37,104,86,18,34.177215189873415,10.759493670886076,23.417721518987342,65.82278481012658,54.43037974683544,11.39240506329114
E00181232,52,23,10,13,29,26,3,44.230769230769226,19.230769230769234,25,55.769230769230774,50,5.769230769230769
E00181233,125,34,10,24,91,79,12,27.200000000000003,8,19.2,72.8,63.2,9.6
E00181234,241,72,26,46,169,141,28,29.87551867219917,10.78838174273859,19.08713692946058,70.12448132780082,58.50622406639005,11.618257261410788
E00181235,264,76,25,51,188,162,26,28.78787878787879,9.469696969696969,19.318181818181817,71.21212121212122,61.36363636363637,9.848484848484848
E00181238,91,28,8,20,63,53,10,30.76923076923077,8.791208791208792,21.978021978021978,69.23076923076923,58.24175824175825,10.989010989010989
E00181239,214,55,14,41,159,134,25,25.70093457943925,6.5420560747663545,19.158878504672895,74.29906542056075,62.616822429906534,11.682242990654206
E00181241,188,48,17,31,140,117,23,25.53191489361702,9.042553191489363,16.48936170212766,74.46808510638297,62.23404255319149,12.23404255319149
E00181244,115,40,16,24,75,60,15,34.78260869565217,13.91304347826087,20.869565217391305,65.21739130434783,52.17391304347826,13.043478260869565
E00181245,179,54,19,35,125,107,18,30.16759776536313,10.614525139664805,19.553072625698324,69.83240223463687,59.77653631284916,10.05586592178771
E00181247,217,78,26,52,139,113,26,35.944700460829495,11.981566820276496,23.963133640552993,64.0552995391705,52.07373271889401,11.981566820276496
E00181251,80,28,5,23,52,45,7,35,6.25,28.749999999999996,65,56.25,8.75
E00181252,125,34,11,23,91,75,16,27.200000000000003,8.799999999999999,18.4,72.8,60,12.8
E00181253,215,57,22,35,158,139,19,26.51162790697674,10.232558139534884,16.27906976744186,73.48837209302326,64.65116279069767,8.837209302325581
E00181255,108,35,14,21,73,59,14,32.407407407407405,12.962962962962962,19.444444444444446,67.5925925925926,54.629629629629626,12.962962962962962
E00181257,48,26,11,15,22,21,1,54.166666666666664,22.916666666666664,31.25,45.83333333333333,43.75,2.083333333333333
E00181260,255,84,27,57,171,144,27,32.94117647058823,10.588235294117647,22.35294117647059,67.05882352941175,56.470588235294116,10.588235294117647
E00181263,71,23,6,17,48,36,12,32.3943661971831,8.450704225352112,23.943661971830984,67.6056338028169,50.70422535211267,16.901408450704224
E00181264,190,58,18,40,132,113,19,30.526315789473685,9.473684210526317,21.052631578947366,69.47368421052632,59.473684210526315,10
E00181266,113,49,19,30,64,44,20,43.36283185840708,16.8141592920354,26.548672566371685,56.63716814159292,38.93805309734513,17.699115044247787
E00181268,78,33,14,19,45,33,12,42.30769230769231,17.94871794871795,24.358974358974358,57.692307692307686,42.30769230769231,15.384615384615385
E00181269,214,60,18,42,154,122,32,28.037383177570092,8.411214953271028,19.626168224299064,71.96261682242991,57.009345794392516,14.953271028037381
E00181270,317,86,35,51,231,191,40,27.129337539432175,11.041009463722396,16.08832807570978,72.87066246056783,60.252365930599375,12.618296529968454
