OA,ts0380001,ts0380002,ts0380003,ts0380004,ts0380005,ts0380006,ts0380007,ts0380002_PCT,ts0380003_PCT,ts0380004_PCT,ts0380005_PCT,ts0380006_PCT,ts0380007_PCT
E00158652,320,45,12,33,275,30,245,14.0625,3.75,10.3125,85.9375,9.375,76.5625
E00158653,465,77,27,50,388,33,355,16.559139784946236,5.806451612903226,10.75268817204301,83.44086021505376,7.096774193548387,76.34408602150538
E00158654,283,37,15,22,246,23,223,13.074204946996467,5.30035335689046,7.773851590106007,86.92579505300353,8.12720848056537,78.79858657243817
E00158655,292,40,12,28,252,25,227,13.698630136986301,4.10958904109589,9.58904109589041,86.3013698630137,8.561643835616438,77.73972602739725
E00158656,300,64,30,34,236,21,215,21.333333333333336,10,11.333333333333332,78.66666666666666,7.000000000000001,71.66666666666667
E00158657,254,64,23,41,190,17,173,25.196850393700785,9.05511811023622,16.141732283464567,74.80314960629921,6.692913385826772,68.11023622047244
E00158658,511,42,11,31,469,51,418,8.21917808219178,2.152641878669276,6.066536203522505,91.78082191780823,9.980430528375733,81.80039138943248
E00158659,231,42,17,25,189,28,161,18.181818181818183,7.35930735930736,10.822510822510822,81.81818181818183,12.121212121212121,69.6969696969697
E00158660,277,37,11,26,240,21,219,13.357400722021662,3.9711191335740073,9.386281588447654,86.64259927797833,7.581227436823104,79.06137184115524
E00158661,320,39,15,24,281,25,256,12.1875,4.6875,7.5,87.8125,7.8125,80
E00158662,253,44,16,28,209,25,184,17.391304347826086,6.324110671936759,11.067193675889328,82.6086956521739,9.881422924901186,72.72727272727273
E00158663,342,78,32,46,264,18,246,22.807017543859647,9.35672514619883,13.450292397660817,77.19298245614034,5.263157894736842,71.9298245614035
E00158664,401,93,41,52,308,21,287,23.19201995012469,10.224438902743142,12.967581047381547,76.80798004987531,5.236907730673317,71.571072319202
E00158665,414,67,20,47,347,43,304,16.183574879227052,4.830917874396135,11.352657004830919,83.81642512077295,10.38647342995169,73.42995169082126
E00158668,218,24,7,17,194,19,175,11.009174311926607,3.211009174311927,7.79816513761468,88.9908256880734,8.715596330275229,80.27522935779817
E00158670,327,52,21,31,275,27,248,15.902140672782874,6.422018348623854,9.480122324159021,84.09785932721712,8.256880733944955,75.84097859327217
E00158671,414,78,34,44,336,30,306,18.84057971014493,8.212560386473431,10.628019323671497,81.15942028985508,7.246376811594203,73.91304347826086
E00158672,254,38,15,23,216,14,202,14.960629921259844,5.905511811023622,9.05511811023622,85.03937007874016,5.511811023622047,79.52755905511812
E00158673,255,70,47,23,185,16,169,27.450980392156865,18.43137254901961,9.019607843137255,72.54901960784314,6.2745098039215685,66.27450980392156
E00158674,485,118,66,52,367,43,324,24.329896907216494,13.608247422680412,10.721649484536082,75.6701030927835,8.8659793814433,66.8041237113402
E00158676,305,28,12,16,277,31,246,9.180327868852459,3.934426229508197,5.245901639344262,90.81967213114754,10.163934426229508,80.65573770491802
E00158677,342,71,28,43,271,28,243,20.760233918128655,8.187134502923977,12.573099415204677,79.23976608187134,8.187134502923977,71.05263157894737
E00158678,315,46,14,32,269,18,251,14.603174603174605,4.444444444444445,10.158730158730158,85.39682539682539,5.714285714285714,79.68253968253968
E00158680,331,57,18,39,274,30,244,17.220543806646525,5.438066465256798,11.782477341389729,82.77945619335347,9.06344410876133,73.71601208459214
E00158681,381,73,36,37,308,16,292,19.160104986876643,9.448818897637794,9.711286089238845,80.83989501312337,4.199475065616798,76.64041994750657
E00158682,526,64,16,48,462,35,427,12.167300380228136,3.041825095057034,9.125475285171103,87.83269961977186,6.653992395437262,81.1787072243346
E00158684,316,42,12,30,274,20,254,13.291139240506327,3.79746835443038,9.49367088607595,86.70886075949366,6.329113924050633,80.37974683544303
E00158685,346,49,20,29,297,14,283,14.16184971098266,5.780346820809249,8.38150289017341,85.83815028901735,4.046242774566474,81.79190751445087
E00158686,328,44,15,29,284,21,263,13.414634146341465,4.573170731707317,8.841463414634147,86.58536585365853,6.402439024390244,80.1829268292683
E00158687,372,43,13,30,329,13,316,11.559139784946236,3.494623655913978,8.064516129032258,88.44086021505376,3.494623655913978,84.94623655913979
E00158688,339,39,13,26,300,14,286,11.504424778761061,3.8348082595870205,7.669616519174041,88.49557522123894,4.129793510324483,84.36578171091446
E00158689,365,51,24,27,314,13,301,13.972602739726028,6.575342465753424,7.397260273972603,86.02739726027397,3.5616438356164384,82.46575342465754
E00158690,320,38,6,32,282,19,263,11.875,1.875,10,88.125,5.9375,82.1875
E00158691,389,46,9,37,343,18,325,11.825192802056556,2.313624678663239,9.511568123393316,88.17480719794345,4.627249357326478,83.54755784061697
E00158692,255,35,13,22,220,17,203,13.725490196078432,5.098039215686274,8.627450980392156,86.27450980392157,6.666666666666667,79.6078431372549
E00158693,283,41,16,25,242,16,226,14.487632508833922,5.6537102473498235,8.8339222614841,85.51236749116607,5.6537102473498235,79.85865724381625
E00158694,477,54,26,28,423,30,393,11.320754716981133,5.450733752620545,5.870020964360587,88.67924528301887,6.289308176100629,82.38993710691824
E00158695,267,37,18,19,230,17,213,13.857677902621724,6.741573033707865,7.116104868913857,86.14232209737828,6.367041198501873,79.7752808988764
E00158696,266,37,16,21,229,18,211,13.909774436090224,6.015037593984962,7.894736842105263,86.09022556390977,6.7669172932330826,79.32330827067669
E00158698,270,58,25,33,212,22,190,21.48148148148148,9.25925925925926,12.222222222222221,78.51851851851852,8.148148148148149,70.37037037037037
E00158699,292,48,11,37,244,28,216,16.43835616438356,3.767123287671233,12.67123287671233,83.56164383561644,9.58904109589041,73.97260273972603
E00158700,423,106,53,53,317,41,276,25.059101654846334,12.529550827423167,12.529550827423167,74.94089834515366,9.692671394799055,65.24822695035462
E00158701,266,37,13,24,229,23,206,13.909774436090224,4.887218045112782,9.022556390977442,86.09022556390977,8.646616541353383,77.44360902255639
E00158702,272,52,17,35,220,20,200,19.11764705882353,6.25,12.867647058823529,80.88235294117648,7.352941176470589,73.52941176470588
E00158703,255,61,33,28,194,27,167,23.92156862745098,12.941176470588237,10.980392156862745,76.07843137254902,10.588235294117647,65.49019607843137
E00158704,220,36,11,25,184,22,162,16.363636363636363,5,11.363636363636363,83.63636363636363,10,73.63636363636363
E00158705,268,45,15,30,223,24,199,16.791044776119403,5.597014925373134,11.194029850746269,83.2089552238806,8.955223880597014,74.25373134328358
E00158706,356,56,20,36,300,26,274,15.730337078651685,5.617977528089887,10.112359550561797,84.26966292134831,7.303370786516854,76.96629213483146
E00158707,236,45,17,28,191,24,167,19.06779661016949,7.203389830508475,11.864406779661017,80.9322033898305,10.16949152542373,70.76271186440678
E00158708,209,62,28,34,147,22,125,29.665071770334926,13.397129186602871,16.267942583732058,70.33492822966507,10.526315789473683,59.80861244019139
E00158709,247,38,15,23,209,21,188,15.384615384615385,6.0728744939271255,9.31174089068826,84.61538461538461,8.502024291497975,76.11336032388664
E00158710,299,42,16,26,257,30,227,14.046822742474916,5.351170568561873,8.695652173913043,85.95317725752508,10.033444816053512,75.91973244147158
E00158711,362,65,21,44,297,26,271,17.955801104972377,5.801104972375691,12.154696132596685,82.04419889502762,7.18232044198895,74.86187845303867
E00158712,417,72,24,48,345,25,320,17.26618705035971,5.755395683453238,11.510791366906476,82.73381294964028,5.995203836930456,76.73860911270984
E00158713,426,86,41,45,340,40,300,20.187793427230048,9.624413145539906,10.56338028169014,79.81220657276995,9.389671361502346,70.4225352112676
E00158714,210,52,22,30,158,16,142,24.761904761904763,10.476190476190476,14.285714285714285,75.23809523809524,7.6190476190476195,67.61904761904762
E00158715,492,71,31,40,421,42,379,14.43089430894309,6.300813008130081,8.130081300813007,85.56910569105692,8.536585365853659,77.03252032520325
E00158716,573,93,27,66,480,61,419,16.230366492146597,4.712041884816754,11.518324607329843,83.7696335078534,10.645724258289704,73.1239092495637
E00158717,271,38,13,25,233,32,201,14.022140221402212,4.797047970479705,9.22509225092251,85.97785977859779,11.808118081180812,74.16974169741697
E00158718,215,20,7,13,195,18,177,9.30232558139535,3.255813953488372,6.046511627906977,90.69767441860465,8.372093023255815,82.32558139534883
E00158719,204,25,8,17,179,17,162,12.254901960784313,3.9215686274509802,8.333333333333332,87.74509803921569,8.333333333333332,79.41176470588235
E00158720,275,38,12,26,237,26,211,13.818181818181818,4.363636363636364,9.454545454545455,86.18181818181819,9.454545454545455,76.72727272727272
E00158721,162,35,18,17,127,10,117,21.604938271604937,11.11111111111111,10.493827160493826,78.39506172839506,6.172839506172839,72.22222222222221
E00158722,259,42,15,27,217,21,196,16.216216216216218,5.7915057915057915,10.424710424710424,83.78378378378379,8.108108108108109,75.67567567567568
E00158723,283,44,12,32,239,30,209,15.547703180212014,4.240282685512367,11.307420494699647,84.45229681978799,10.60070671378092,73.85159010600707
E00158724,268,29,6,23,239,26,213,10.820895522388058,2.2388059701492535,8.582089552238806,89.17910447761194,9.701492537313433,79.47761194029852
E00158725,306,37,6,31,269,32,237,12.091503267973856,1.9607843137254901,10.130718954248366,87.90849673202614,10.457516339869281,77.45098039215686
E00158726,490,50,10,40,440,41,399,10.204081632653061,2.0408163265306123,8.16326530612245,89.79591836734694,8.36734693877551,81.42857142857143
E00158727,249,29,13,16,220,19,201,11.646586345381527,5.220883534136546,6.425702811244979,88.35341365461848,7.630522088353414,80.72289156626506
E00158728,357,58,14,44,299,31,268,16.246498599439775,3.9215686274509802,12.324929971988796,83.75350140056022,8.683473389355742,75.07002801120449
E00158729,288,58,27,31,230,27,203,20.13888888888889,9.375,10.76388888888889,79.86111111111111,9.375,70.48611111111111
E00158730,316,68,33,35,248,25,223,21.518987341772153,10.443037974683545,11.075949367088606,78.48101265822784,7.9113924050632916,70.56962025316456
E00158732,543,104,44,60,439,30,409,19.152854511970535,8.103130755064457,11.049723756906078,80.84714548802947,5.524861878453039,75.32228360957643
E00158733,312,52,22,30,260,8,252,16.666666666666664,7.051282051282051,9.615384615384617,83.33333333333334,2.564102564102564,80.76923076923077
E00158734,318,66,24,42,252,22,230,20.754716981132077,7.547169811320755,13.20754716981132,79.24528301886792,6.918238993710692,72.32704402515722
E00158735,164,61,32,29,103,4,99,37.19512195121951,19.51219512195122,17.682926829268293,62.80487804878049,2.4390243902439024,60.36585365853659
E00158736,398,73,26,47,325,27,298,18.341708542713565,6.532663316582915,11.809045226130653,81.65829145728644,6.78391959798995,74.87437185929649
E00158737,348,56,22,34,292,22,270,16.091954022988507,6.321839080459771,9.770114942528735,83.9080459770115,6.321839080459771,77.58620689655173
E00158738,358,55,23,32,303,29,274,15.363128491620111,6.424581005586592,8.938547486033519,84.63687150837988,8.100558659217876,76.53631284916202
E00158740,304,70,30,40,234,25,209,23.026315789473685,9.868421052631579,13.157894736842104,76.97368421052632,8.223684210526317,68.75
E00158741,287,57,18,39,230,21,209,19.860627177700348,6.2717770034843205,13.588850174216027,80.13937282229965,7.317073170731707,72.82229965156795
E00158742,287,35,8,27,252,29,223,12.195121951219512,2.7874564459930316,9.40766550522648,87.8048780487805,10.104529616724738,77.70034843205575
E00158743,157,11,2,9,146,10,136,7.006369426751593,1.2738853503184715,5.7324840764331215,92.99363057324841,6.369426751592357,86.62420382165605
E00158744,213,59,19,40,154,26,128,27.699530516431924,8.92018779342723,18.779342723004692,72.30046948356808,12.206572769953052,60.093896713615024
E00158745,249,50,16,34,199,19,180,20.080321285140563,6.425702811244979,13.654618473895583,79.91967871485943,7.630522088353414,72.28915662650603
E00158746,295,44,11,33,251,40,211,14.915254237288137,3.728813559322034,11.186440677966102,85.08474576271186,13.559322033898304,71.52542372881356
E00158747,259,32,14,18,227,22,205,12.355212355212355,5.405405405405405,6.94980694980695,87.64478764478764,8.494208494208493,79.15057915057915
E00158748,231,68,30,38,163,8,155,29.43722943722944,12.987012987012985,16.450216450216452,70.56277056277057,3.463203463203463,67.09956709956711
E00158749,400,95,48,47,305,20,285,23.75,12,11.75,76.25,5,71.25
E00158750,300,66,29,37,234,26,208,22,9.666666666666666,12.333333333333334,78,8.666666666666668,69.33333333333334
E00158751,250,56,20,36,194,20,174,22.400000000000002,8,14.399999999999999,77.60000000000001,8,69.6
E00158752,395,58,22,36,337,29,308,14.683544303797468,5.5696202531645564,9.113924050632912,85.31645569620252,7.341772151898734,77.9746835443038
E00158754,406,48,15,33,358,45,313,11.822660098522167,3.6945812807881775,8.12807881773399,88.17733990147784,11.083743842364532,77.0935960591133
E00158755,258,41,17,24,217,17,200,15.891472868217054,6.5891472868217065,9.30232558139535,84.10852713178295,6.5891472868217065,77.51937984496125
E00158756,360,75,32,43,285,25,260,20.833333333333336,8.88888888888889,11.944444444444445,79.16666666666666,6.944444444444445,72.22222222222221
E00158757,324,54,19,35,270,19,251,16.666666666666664,5.864197530864197,10.802469135802468,83.33333333333334,5.864197530864197,77.46913580246914
E00158758,366,72,30,42,294,27,267,19.672131147540984,8.19672131147541,11.475409836065573,80.32786885245902,7.377049180327869,72.95081967213115
E00158759,261,64,35,29,197,22,175,24.521072796934863,13.409961685823754,11.11111111111111,75.47892720306514,8.42911877394636,67.04980842911877
E00158760,271,39,10,29,232,22,210,14.391143911439114,3.6900369003690034,10.70110701107011,85.60885608856088,8.118081180811808,77.49077490774908
E00158762,503,67,26,41,436,37,399,13.320079522862823,5.168986083499006,8.151093439363818,86.67992047713717,7.3558648111332,79.32405566600397
E00158763,328,33,7,26,295,23,272,10.060975609756099,2.1341463414634148,7.926829268292683,89.9390243902439,7.01219512195122,82.92682926829268
E00158764,326,49,9,40,277,32,245,15.030674846625766,2.7607361963190185,12.269938650306749,84.96932515337423,9.815950920245399,75.15337423312883
E00158765,300,87,41,46,213,14,199,28.999999999999996,13.666666666666666,15.333333333333332,71,4.666666666666667,66.33333333333333
E00158766,308,55,20,35,253,15,238,17.857142857142858,6.493506493506493,11.363636363636363,82.14285714285714,4.870129870129871,77.27272727272727
E00158767,322,31,14,17,291,25,266,9.627329192546584,4.3478260869565215,5.279503105590062,90.37267080745342,7.763975155279502,82.6086956521739
E00158768,526,88,30,58,438,53,385,16.730038022813687,5.7034220532319395,11.02661596958175,83.26996197718631,10.076045627376425,73.19391634980988
E00158769,386,52,18,34,334,23,311,13.471502590673575,4.66321243523316,8.808290155440414,86.52849740932642,5.958549222797927,80.56994818652849
E00158770,256,41,13,28,215,26,189,16.015625,5.078125,10.9375,83.984375,10.15625,73.828125
E00158771,191,37,11,26,154,23,131,19.3717277486911,5.7591623036649215,13.612565445026178,80.6282722513089,12.041884816753926,68.58638743455498
E00158772,174,27,14,13,147,17,130,15.517241379310345,8.045977011494253,7.471264367816093,84.48275862068965,9.770114942528735,74.71264367816092
E00158773,253,44,15,29,209,19,190,17.391304347826086,5.928853754940711,11.462450592885375,82.6086956521739,7.5098814229249005,75.09881422924902
E00158774,256,34,17,17,222,21,201,13.28125,6.640625,6.640625,86.71875,8.203125,78.515625
E00158776,266,31,11,20,235,27,208,11.654135338345863,4.135338345864661,7.518796992481203,88.34586466165413,10.150375939849624,78.19548872180451
E00158778,322,43,17,26,279,31,248,13.354037267080745,5.279503105590062,8.074534161490684,86.64596273291926,9.627329192546584,77.01863354037268
E00158779,380,66,38,28,314,33,281,17.36842105263158,10,7.368421052631578,82.63157894736842,8.68421052631579,73.94736842105263
E00158780,247,56,14,42,191,24,167,22.672064777327936,5.668016194331984,17.00404858299595,77.32793522267207,9.7165991902834,67.61133603238866
E00158781,330,47,16,31,283,17,266,14.242424242424242,4.848484848484849,9.393939393939393,85.75757575757575,5.151515151515151,80.60606060606061
E00158782,288,44,16,28,244,18,226,15.277777777777779,5.555555555555555,9.722222222222223,84.72222222222221,6.25,78.47222222222221
E00158783,276,45,19,26,231,9,222,16.304347826086957,6.884057971014493,9.420289855072465,83.69565217391305,3.260869565217391,80.43478260869566
E00158784,279,42,20,22,237,24,213,15.053763440860216,7.168458781362006,7.885304659498208,84.94623655913979,8.60215053763441,76.34408602150538
E00158785,264,48,21,27,216,19,197,18.181818181818183,7.954545454545454,10.227272727272728,81.81818181818183,7.196969696969697,74.62121212121212
E00158786,242,41,17,24,201,15,186,16.94214876033058,7.024793388429752,9.917355371900827,83.05785123966942,6.198347107438017,76.85950413223141
E00158787,293,51,21,30,242,26,216,17.4061433447099,7.167235494880546,10.238907849829351,82.5938566552901,8.873720136518772,73.72013651877133
E00158788,355,49,18,31,306,31,275,13.802816901408452,5.070422535211268,8.732394366197182,86.19718309859155,8.732394366197182,77.46478873239437
E00158789,316,65,25,40,251,18,233,20.569620253164558,7.9113924050632916,12.658227848101266,79.43037974683544,5.69620253164557,73.73417721518987
E00158790,360,69,26,43,291,29,262,19.166666666666668,7.222222222222221,11.944444444444445,80.83333333333333,8.055555555555555,72.77777777777777
E00158791,281,56,24,32,225,14,211,19.9288256227758,8.540925266903916,11.387900355871885,80.0711743772242,4.98220640569395,75.08896797153025
E00158793,281,52,16,36,229,28,201,18.505338078291814,5.6939501779359425,12.811387900355871,81.49466192170819,9.9644128113879,71.53024911032028
E00158794,289,48,16,32,241,32,209,16.608996539792386,5.536332179930796,11.072664359861593,83.39100346020761,11.072664359861593,72.31833910034602
E00158795,249,37,10,27,212,24,188,14.859437751004014,4.016064257028113,10.843373493975903,85.14056224899599,9.63855421686747,75.50200803212851
E00158796,246,47,20,27,199,16,183,19.10569105691057,8.130081300813007,10.975609756097562,80.89430894308943,6.504065040650407,74.39024390243902
E00158797,552,103,34,69,449,49,400,18.65942028985507,6.159420289855073,12.5,81.34057971014492,8.876811594202898,72.46376811594203
E00158798,261,29,6,23,232,23,209,11.11111111111111,2.2988505747126435,8.812260536398467,88.88888888888889,8.812260536398467,80.07662835249042
E00158799,287,50,14,36,237,14,223,17.421602787456447,4.878048780487805,12.543554006968641,82.57839721254355,4.878048780487805,77.70034843205575
E00158800,438,66,21,45,372,34,338,15.068493150684931,4.794520547945205,10.273972602739725,84.93150684931507,7.76255707762557,77.1689497716895
E00158801,327,44,11,33,283,15,268,13.455657492354739,3.3639143730886847,10.091743119266056,86.54434250764525,4.587155963302752,81.9571865443425
E00158802,289,38,5,33,251,26,225,13.148788927335639,1.7301038062283738,11.418685121107266,86.85121107266436,8.996539792387544,77.85467128027682
E00158803,551,82,38,44,469,34,435,14.882032667876588,6.896551724137931,7.985480943738657,85.11796733212341,6.170598911070781,78.94736842105263
E00158804,226,49,12,37,177,12,165,21.68141592920354,5.3097345132743365,16.371681415929203,78.31858407079646,5.3097345132743365,73.00884955752213
E00158806,314,53,19,34,261,31,230,16.878980891719745,6.050955414012739,10.828025477707007,83.12101910828027,9.872611464968154,73.24840764331209
E00158807,316,40,15,25,276,24,252,12.658227848101266,4.746835443037975,7.9113924050632916,87.34177215189874,7.59493670886076,79.74683544303798
E00158808,387,55,14,41,332,30,302,14.21188630490956,3.6175710594315245,10.594315245478036,85.78811369509044,7.751937984496124,78.0361757105943
E00158809,250,39,18,21,211,18,193,15.6,7.199999999999999,8.4,84.39999999999999,7.199999999999999,77.2
E00158810,425,37,12,25,388,31,357,8.705882352941176,2.823529411764706,5.88235294117647,91.29411764705883,7.294117647058823,84
E00158811,314,44,21,23,270,28,242,14.012738853503185,6.687898089171974,7.32484076433121,85.98726114649682,8.9171974522293,77.07006369426752
E00158812,376,51,19,32,325,29,296,13.563829787234042,5.053191489361701,8.51063829787234,86.43617021276596,7.712765957446808,78.72340425531915
E00158813,362,44,13,31,318,34,284,12.154696132596685,3.591160220994475,8.56353591160221,87.84530386740332,9.392265193370166,78.45303867403315
E00158814,290,41,12,29,249,24,225,14.13793103448276,4.137931034482759,10,85.86206896551725,8.275862068965518,77.58620689655173
E00158815,241,34,13,21,207,27,180,14.107883817427386,5.394190871369295,8.71369294605809,85.89211618257261,11.20331950207469,74.68879668049793
E00158816,301,44,17,27,257,25,232,14.61794019933555,5.647840531561462,8.970099667774086,85.38205980066445,8.305647840531561,77.0764119601329
E00158817,298,51,18,33,247,21,226,17.114093959731544,6.0402684563758395,11.073825503355705,82.88590604026845,7.046979865771812,75.83892617449665
E00158818,263,32,11,21,231,32,199,12.167300380228136,4.182509505703422,7.984790874524715,87.83269961977186,12.167300380228136,75.66539923954373
E00158819,266,42,18,24,224,18,206,15.789473684210526,6.7669172932330826,9.022556390977442,84.21052631578947,6.7669172932330826,77.44360902255639
E00158820,318,47,14,33,271,26,245,14.779874213836477,4.40251572327044,10.377358490566039,85.22012578616352,8.176100628930817,77.04402515723271
E00158821,276,64,30,34,212,16,196,23.18840579710145,10.869565217391305,12.318840579710146,76.81159420289855,5.797101449275362,71.01449275362319
E00158822,131,32,10,22,99,13,86,24.427480916030532,7.633587786259542,16.793893129770993,75.57251908396947,9.923664122137405,65.64885496183206
E00158823,458,69,28,41,389,26,363,15.065502183406112,6.11353711790393,8.951965065502183,84.93449781659389,5.676855895196507,79.25764192139738
E00158824,215,47,18,29,168,15,153,21.86046511627907,8.372093023255815,13.488372093023257,78.13953488372093,6.976744186046512,71.16279069767441
E00158825,268,44,13,31,224,18,206,16.417910447761194,4.850746268656716,11.567164179104477,83.5820895522388,6.7164179104477615,76.86567164179104
E00158826,235,39,19,20,196,23,173,16.595744680851062,8.085106382978724,8.51063829787234,83.40425531914893,9.787234042553191,73.61702127659574
E00158827,296,73,41,32,223,21,202,24.66216216216216,13.85135135135135,10.81081081081081,75.33783783783784,7.094594594594595,68.24324324324324
E00158828,287,41,12,29,246,20,226,14.285714285714285,4.181184668989547,10.104529616724738,85.71428571428571,6.968641114982578,78.74564459930313
E00158829,205,36,16,20,169,10,159,17.560975609756095,7.804878048780488,9.75609756097561,82.4390243902439,4.878048780487805,77.5609756097561
E00158830,145,19,8,11,126,12,114,13.10344827586207,5.517241379310345,7.586206896551724,86.89655172413792,8.275862068965518,78.62068965517241
E00158831,277,36,16,20,241,24,217,12.996389891696749,5.776173285198556,7.2202166064981945,87.00361010830325,8.664259927797833,78.33935018050542
E00158832,251,45,18,27,206,20,186,17.928286852589643,7.171314741035857,10.756972111553784,82.07171314741036,7.968127490039841,74.10358565737052
E00158833,321,107,52,55,214,19,195,33.33333333333333,16.1993769470405,17.133956386292834,66.66666666666666,5.919003115264798,60.747663551401864
E00158834,229,86,43,43,143,7,136,37.55458515283843,18.777292576419214,18.777292576419214,62.44541484716157,3.056768558951965,59.388646288209614
E00158835,311,61,21,40,250,20,230,19.614147909967848,6.752411575562702,12.861736334405144,80.38585209003215,6.430868167202572,73.95498392282958
E00158836,311,47,17,30,264,27,237,15.112540192926044,5.466237942122187,9.646302250803858,84.88745980707395,8.681672025723474,76.20578778135048
E00158837,316,49,21,28,267,28,239,15.50632911392405,6.6455696202531636,8.860759493670885,84.49367088607595,8.860759493670885,75.63291139240506
E00158838,276,45,17,28,231,20,211,16.304347826086957,6.159420289855073,10.144927536231885,83.69565217391305,7.246376811594203,76.44927536231883
E00158839,350,72,42,30,278,17,261,20.57142857142857,12,8.571428571428571,79.42857142857143,4.857142857142857,74.57142857142857
E00158840,354,60,27,33,294,22,272,16.94915254237288,7.627118644067797,9.322033898305085,83.05084745762711,6.214689265536723,76.8361581920904
E00158841,298,58,17,41,240,21,219,19.463087248322147,5.704697986577181,13.758389261744966,80.53691275167785,7.046979865771812,73.48993288590604
E00158843,229,36,13,23,193,15,178,15.72052401746725,5.676855895196507,10.043668122270741,84.27947598253274,6.550218340611353,77.72925764192141
E00158844,472,59,16,43,413,43,370,12.5,3.389830508474576,9.110169491525424,87.5,9.110169491525424,78.38983050847457
E00158845,317,86,43,43,231,18,213,27.129337539432175,13.564668769716087,13.564668769716087,72.87066246056783,5.678233438485805,67.19242902208202
E00158846,298,71,22,49,227,19,208,23.825503355704697,7.38255033557047,16.44295302013423,76.1744966442953,6.375838926174497,69.79865771812081
E00158847,265,39,12,27,226,15,211,14.716981132075471,4.528301886792453,10.18867924528302,85.28301886792453,5.660377358490567,79.62264150943396
E00158848,293,55,21,34,238,16,222,18.771331058020476,7.167235494880546,11.604095563139932,81.22866894197952,5.460750853242321,75.76791808873719
E00158849,433,67,27,40,366,46,320,15.473441108545035,6.235565819861432,9.237875288683602,84.52655889145497,10.623556581986143,73.90300230946882
E00158850,315,41,13,28,274,30,244,13.015873015873018,4.1269841269841265,8.88888888888889,86.98412698412699,9.523809523809524,77.46031746031747
E00158851,285,63,29,34,222,13,209,22.105263157894736,10.175438596491228,11.929824561403509,77.89473684210526,4.56140350877193,73.33333333333333
E00158853,391,67,27,40,324,39,285,17.135549872122763,6.905370843989769,10.230179028132993,82.86445012787725,9.974424552429667,72.89002557544757
E00158855,176,24,8,16,152,11,141,13.636363636363635,4.545454545454546,9.090909090909092,86.36363636363636,6.25,80.11363636363636
E00158856,300,50,10,40,250,24,226,16.666666666666664,3.3333333333333335,13.333333333333334,83.33333333333334,8,75.33333333333333
E00158857,339,76,34,42,263,19,244,22.418879056047196,10.029498525073747,12.389380530973451,77.5811209439528,5.604719764011799,71.976401179941
E00158858,254,61,27,34,193,15,178,24.015748031496063,10.62992125984252,13.385826771653544,75.98425196850394,5.905511811023622,70.07874015748031
E00158859,305,64,28,36,241,25,216,20.983606557377048,9.180327868852459,11.80327868852459,79.01639344262294,8.19672131147541,70.81967213114754
E00158860,338,47,15,32,291,25,266,13.905325443786982,4.437869822485207,9.467455621301776,86.09467455621301,7.396449704142012,78.69822485207101
E00158861,492,71,20,51,421,47,374,14.43089430894309,4.0650406504065035,10.365853658536585,85.56910569105692,9.552845528455284,76.01626016260163
E00158862,465,65,19,46,400,55,345,13.978494623655912,4.086021505376344,9.89247311827957,86.02150537634408,11.827956989247312,74.19354838709677
E00158863,407,68,18,50,339,34,305,16.707616707616708,4.422604422604422,12.285012285012286,83.29238329238329,8.353808353808354,74.93857493857494
E00158864,292,47,17,30,245,25,220,16.095890410958905,5.821917808219178,10.273972602739725,83.9041095890411,8.561643835616438,75.34246575342466
E00158865,289,41,13,28,248,23,225,14.186851211072666,4.498269896193772,9.688581314878892,85.81314878892734,7.958477508650519,77.85467128027682
E00158866,261,60,26,34,201,16,185,22.988505747126435,9.961685823754788,13.026819923371647,77.01149425287356,6.130268199233716,70.88122605363985
E00158867,352,48,25,23,304,29,275,13.636363636363635,7.1022727272727275,6.534090909090909,86.36363636363636,8.238636363636363,78.125
E00158868,308,68,35,33,240,19,221,22.07792207792208,11.363636363636363,10.714285714285714,77.92207792207793,6.1688311688311686,71.75324675324676
E00158869,271,37,12,25,234,22,212,13.653136531365314,4.428044280442804,9.22509225092251,86.34686346863468,8.118081180811808,78.22878228782287
E00158870,274,79,30,49,195,27,168,28.832116788321166,10.948905109489052,17.88321167883212,71.16788321167883,9.854014598540147,61.31386861313869
E00158871,332,62,19,43,270,25,245,18.67469879518072,5.72289156626506,12.951807228915662,81.32530120481928,7.530120481927711,73.79518072289156
E00158873,413,62,21,41,351,31,320,15.012106537530268,5.084745762711865,9.927360774818402,84.98789346246973,7.506053268765134,77.4818401937046
E00158876,302,49,14,35,253,14,239,16.225165562913908,4.635761589403973,11.589403973509933,83.77483443708608,4.635761589403973,79.13907284768213
E00158877,302,42,15,27,260,23,237,13.90728476821192,4.966887417218543,8.940397350993377,86.09271523178808,7.6158940397351,78.47682119205298
E00158878,344,54,18,36,290,20,270,15.69767441860465,5.232558139534884,10.465116279069768,84.30232558139535,5.813953488372093,78.48837209302324
E00158879,273,48,16,32,225,14,211,17.582417582417584,5.86080586080586,11.72161172161172,82.41758241758241,5.128205128205128,77.2893772893773
E00158880,478,74,23,51,404,37,367,15.481171548117153,4.811715481171548,10.669456066945607,84.51882845188284,7.740585774058577,76.77824267782427
E00158881,183,53,27,26,130,19,111,28.96174863387978,14.754098360655737,14.207650273224044,71.03825136612022,10.382513661202186,60.65573770491803
E00158882,395,63,25,38,332,24,308,15.949367088607595,6.329113924050633,9.620253164556962,84.05063291139241,6.075949367088607,77.9746835443038
E00158883,318,50,19,31,268,19,249,15.723270440251572,5.9748427672955975,9.748427672955975,84.27672955974843,5.9748427672955975,78.30188679245283
E00158884,238,58,27,31,180,17,163,24.369747899159663,11.344537815126051,13.025210084033615,75.63025210084034,7.142857142857142,68.4873949579832
E00158885,231,68,29,39,163,10,153,29.43722943722944,12.554112554112553,16.883116883116884,70.56277056277057,4.329004329004329,66.23376623376623
E00158886,300,46,15,31,254,10,244,15.333333333333332,5,10.333333333333334,84.66666666666667,3.3333333333333335,81.33333333333333
E00158888,424,67,22,45,357,33,324,15.80188679245283,5.188679245283019,10.61320754716981,84.19811320754717,7.783018867924528,76.41509433962264
E00158889,327,58,18,40,269,25,244,17.737003058103976,5.5045871559633035,12.232415902140673,82.26299694189603,7.64525993883792,74.61773700305811
E00158890,273,57,29,28,216,22,194,20.87912087912088,10.622710622710622,10.256410256410255,79.12087912087912,8.058608058608058,71.06227106227107
E00158891,274,67,26,41,207,15,192,24.45255474452555,9.48905109489051,14.963503649635038,75.54744525547446,5.474452554744526,70.07299270072993
E00158892,312,40,17,23,272,19,253,12.82051282051282,5.448717948717949,7.371794871794872,87.17948717948718,6.089743589743589,81.08974358974359
E00158893,269,36,14,22,233,12,221,13.382899628252787,5.204460966542751,8.178438661710038,86.61710037174721,4.4609665427509295,82.15613382899627
E00158894,285,42,15,27,243,18,225,14.736842105263156,5.263157894736842,9.473684210526317,85.26315789473684,6.315789473684211,78.94736842105263
E00158895,349,67,35,32,282,20,262,19.197707736389685,10.028653295128938,9.169054441260744,80.80229226361033,5.730659025787966,75.07163323782235
E00158896,242,58,33,25,184,12,172,23.96694214876033,13.636363636363635,10.330578512396695,76.03305785123968,4.958677685950414,71.07438016528926
E00158897,337,69,37,32,268,20,248,20.474777448071215,10.979228486646884,9.495548961424333,79.52522255192879,5.934718100890208,73.59050445103857
E00158898,236,30,13,17,206,18,188,12.711864406779661,5.508474576271186,7.203389830508475,87.28813559322035,7.627118644067797,79.66101694915254
E00158899,386,51,13,38,335,30,305,13.21243523316062,3.3678756476683938,9.844559585492227,86.78756476683938,7.772020725388601,79.01554404145078
E00158901,362,39,19,20,323,22,301,10.773480662983426,5.248618784530387,5.524861878453039,89.22651933701657,6.077348066298343,83.14917127071824
E00158903,328,58,23,35,270,12,258,17.682926829268293,7.01219512195122,10.670731707317072,82.3170731707317,3.6585365853658534,78.65853658536585
E00158906,375,121,53,68,254,21,233,32.266666666666666,14.133333333333335,18.133333333333333,67.73333333333333,5.6000000000000005,62.133333333333326
E00158907,242,58,19,39,184,22,162,23.96694214876033,7.851239669421488,16.115702479338843,76.03305785123968,9.090909090909092,66.94214876033058
E00158908,317,63,38,25,254,21,233,19.873817034700316,11.987381703470032,7.886435331230284,80.12618296529969,6.624605678233439,73.50157728706624
E00158909,296,95,40,55,201,18,183,32.0945945945946,13.513513513513514,18.58108108108108,67.9054054054054,6.081081081081082,61.82432432432432
E00158910,383,79,32,47,304,15,289,20.626631853785902,8.355091383812011,12.27154046997389,79.37336814621409,3.91644908616188,75.45691906005221
E00158911,310,49,25,24,261,17,244,15.806451612903224,8.064516129032258,7.741935483870968,84.19354838709677,5.483870967741936,78.70967741935485
E00158912,293,73,29,44,220,20,200,24.914675767918087,9.897610921501707,15.017064846416384,75.0853242320819,6.825938566552901,68.25938566552901
E00158913,408,109,71,38,299,25,274,26.715686274509803,17.401960784313726,9.313725490196079,73.2843137254902,6.127450980392156,67.15686274509804
E00158914,272,53,25,28,219,18,201,19.485294117647058,9.191176470588236,10.294117647058822,80.51470588235294,6.61764705882353,73.89705882352942
E00158915,571,95,39,56,476,42,434,16.637478108581437,6.830122591943957,9.807355516637479,83.36252189141857,7.355516637478108,76.00700525394045
E00158916,362,69,23,46,293,22,271,19.060773480662984,6.353591160220995,12.70718232044199,80.93922651933701,6.077348066298343,74.86187845303867
E00158917,268,49,15,34,219,28,191,18.28358208955224,5.597014925373134,12.686567164179104,81.71641791044776,10.44776119402985,71.26865671641791
E00158918,254,54,15,39,200,16,184,21.25984251968504,5.905511811023622,15.354330708661418,78.74015748031496,6.299212598425196,72.44094488188976
E00158919,244,36,13,23,208,29,179,14.754098360655737,5.327868852459016,9.426229508196721,85.24590163934425,11.885245901639344,73.36065573770492
E00158920,264,51,18,33,213,27,186,19.318181818181817,6.8181818181818175,12.5,80.68181818181817,10.227272727272728,70.45454545454545
E00158921,267,56,21,35,211,24,187,20.973782771535582,7.865168539325842,13.108614232209737,79.02621722846442,8.98876404494382,70.0374531835206
E00158922,361,82,32,50,279,23,256,22.71468144044321,8.86426592797784,13.850415512465375,77.28531855955679,6.3711911357340725,70.91412742382272
E00158923,339,68,37,31,271,12,259,20.058997050147493,10.914454277286136,9.144542772861357,79.9410029498525,3.5398230088495577,76.40117994100295
E00158924,298,36,7,29,262,14,248,12.080536912751679,2.348993288590604,9.731543624161073,87.91946308724832,4.697986577181208,83.22147651006712
E00158925,280,62,26,36,218,26,192,22.142857142857142,9.285714285714286,12.857142857142856,77.85714285714286,9.285714285714286,68.57142857142857
E00158926,332,38,7,31,294,33,261,11.44578313253012,2.108433734939759,9.33734939759036,88.55421686746988,9.939759036144578,78.6144578313253
E00158927,213,44,18,26,169,16,153,20.657276995305164,8.450704225352112,12.206572769953052,79.34272300469483,7.511737089201878,71.83098591549296
E00158928,330,48,15,33,282,16,266,14.545454545454545,4.545454545454546,10,85.45454545454545,4.848484848484849,80.60606060606061
E00158929,376,42,17,25,334,19,315,11.170212765957446,4.521276595744681,6.648936170212766,88.82978723404256,5.053191489361701,83.77659574468085
E00158931,356,41,12,29,315,34,281,11.51685393258427,3.3707865168539324,8.146067415730338,88.48314606741573,9.550561797752808,78.93258426966293
E00158932,321,44,19,25,277,25,252,13.707165109034266,5.919003115264798,7.78816199376947,86.29283489096574,7.78816199376947,78.50467289719626
E00158933,411,63,25,38,348,29,319,15.328467153284672,6.082725060827251,9.245742092457421,84.67153284671532,7.0559610705596105,77.61557177615572
E00158934,305,60,27,33,245,16,229,19.672131147540984,8.852459016393443,10.819672131147541,80.32786885245902,5.245901639344262,75.08196721311475
E00158935,302,60,35,25,242,25,217,19.867549668874172,11.589403973509933,8.27814569536424,80.13245033112582,8.27814569536424,71.8543046357616
E00158936,349,40,12,28,309,29,280,11.461318051575931,3.4383954154727796,8.022922636103152,88.53868194842407,8.30945558739255,80.22922636103151
E00158937,277,55,22,33,222,16,206,19.855595667870034,7.9422382671480145,11.913357400722022,80.14440433212997,5.776173285198556,74.36823104693141
E00158938,424,61,21,40,363,27,336,14.38679245283019,4.952830188679245,9.433962264150944,85.61320754716981,6.367924528301887,79.24528301886792
E00158939,297,49,16,33,248,24,224,16.4983164983165,5.387205387205387,11.11111111111111,83.5016835016835,8.080808080808081,75.42087542087542
E00158940,287,46,21,25,241,17,224,16.02787456445993,7.317073170731707,8.710801393728223,83.97212543554006,5.923344947735192,78.04878048780488
E00158941,318,55,23,32,263,20,243,17.29559748427673,7.232704402515723,10.062893081761008,82.70440251572327,6.289308176100629,76.41509433962264
E00158942,500,61,22,39,439,52,387,12.2,4.3999999999999995,7.8,87.8,10.4,77.4
E00158944,254,26,6,20,228,18,210,10.236220472440944,2.3622047244094486,7.874015748031496,89.76377952755905,7.086614173228346,82.67716535433071
E00158945,342,48,15,33,294,33,261,14.035087719298245,4.385964912280701,9.649122807017543,85.96491228070175,9.649122807017543,76.31578947368422
E00158946,330,55,25,30,275,26,249,16.666666666666664,7.575757575757576,9.090909090909092,83.33333333333334,7.878787878787878,75.45454545454545
E00158947,251,52,23,29,199,30,169,20.717131474103585,9.163346613545817,11.553784860557768,79.2828685258964,11.952191235059761,67.33067729083665
E00158948,248,54,20,34,194,19,175,21.774193548387096,8.064516129032258,13.709677419354838,78.2258064516129,7.661290322580645,70.56451612903226
E00168305,228,15,3,12,213,18,195,6.578947368421052,1.3157894736842104,5.263157894736842,93.42105263157895,7.894736842105263,85.52631578947368
E00168306,376,40,16,24,336,35,301,10.638297872340425,4.25531914893617,6.382978723404255,89.36170212765957,9.308510638297872,80.0531914893617
E00168307,461,28,10,18,433,27,406,6.073752711496746,2.1691973969631237,3.9045553145336225,93.92624728850325,5.856832971800434,88.06941431670282
E00168308,303,35,13,22,268,23,245,11.55115511551155,4.29042904290429,7.2607260726072615,88.44884488448845,7.590759075907591,80.85808580858085
E00168311,212,17,4,13,195,15,180,8.018867924528301,1.8867924528301887,6.132075471698113,91.98113207547169,7.0754716981132075,84.90566037735849
E00168312,458,50,12,38,408,33,375,10.91703056768559,2.6200873362445414,8.296943231441048,89.08296943231441,7.20524017467249,81.87772925764192
E00168313,438,24,5,19,414,23,391,5.47945205479452,1.141552511415525,4.337899543378995,94.52054794520548,5.251141552511415,89.26940639269407
E00168315,313,29,12,17,284,24,260,9.26517571884984,3.8338658146964857,5.431309904153355,90.73482428115017,7.667731629392971,83.06709265175719
E00168316,368,36,13,23,332,22,310,9.782608695652174,3.532608695652174,6.25,90.21739130434783,5.978260869565218,84.23913043478261
E00168318,352,52,14,38,300,27,273,14.772727272727273,3.977272727272727,10.795454545454545,85.22727272727273,7.670454545454546,77.55681818181817
E00168320,353,29,5,24,324,30,294,8.21529745042493,1.41643059490085,6.79886685552408,91.78470254957507,8.498583569405099,83.28611898016997
E00168321,311,36,8,28,275,20,255,11.57556270096463,2.572347266881029,9.003215434083602,88.42443729903538,6.430868167202572,81.9935691318328
E00168322,338,39,13,26,299,11,288,11.538461538461538,3.8461538461538463,7.6923076923076925,88.46153846153845,3.2544378698224854,85.20710059171599
E00168323,355,32,5,27,323,35,288,9.014084507042254,1.4084507042253522,7.605633802816901,90.98591549295774,9.859154929577464,81.12676056338029
E00168326,549,56,19,37,493,51,442,10.200364298724955,3.4608378870673953,6.739526411657559,89.79963570127505,9.289617486338798,80.51001821493625
E00168327,284,33,8,25,251,30,221,11.619718309859154,2.8169014084507045,8.80281690140845,88.38028169014085,10.56338028169014,77.8169014084507
E00168328,255,45,13,32,210,15,195,17.647058823529413,5.098039215686274,12.549019607843137,82.35294117647058,5.88235294117647,76.47058823529412
E00168329,242,35,12,23,207,22,185,14.46280991735537,4.958677685950414,9.50413223140496,85.53719008264463,9.090909090909092,76.44628099173553
E00168330,310,25,13,12,285,25,260,8.064516129032258,4.193548387096775,3.870967741935484,91.93548387096774,8.064516129032258,83.87096774193549
E00168331,165,27,8,19,138,10,128,16.363636363636363,4.848484848484849,11.515151515151516,83.63636363636363,6.0606060606060606,77.57575757575758
E00168332,344,46,15,31,298,16,282,13.372093023255813,4.3604651162790695,9.011627906976743,86.62790697674419,4.651162790697675,81.97674418604652
E00168333,281,30,7,23,251,11,240,10.676156583629894,2.491103202846975,8.185053380782918,89.32384341637011,3.9145907473309607,85.40925266903915
E00168334,186,25,9,16,161,9,152,13.440860215053762,4.838709677419355,8.60215053763441,86.55913978494624,4.838709677419355,81.72043010752688
E00168335,310,53,25,28,257,19,238,17.096774193548388,8.064516129032258,9.032258064516128,82.9032258064516,6.129032258064516,76.77419354838709
E00168336,295,55,20,35,240,13,227,18.64406779661017,6.779661016949152,11.864406779661017,81.35593220338984,4.406779661016949,76.94915254237287
E00168338,285,30,10,20,255,16,239,10.526315789473683,3.508771929824561,7.017543859649122,89.47368421052632,5.614035087719298,83.85964912280703
E00168339,285,27,8,19,258,30,228,9.473684210526317,2.807017543859649,6.666666666666667,90.52631578947368,10.526315789473683,80
E00168341,411,46,17,29,365,34,331,11.19221411192214,4.13625304136253,7.0559610705596105,88.80778588807786,8.27250608272506,80.5352798053528
E00168344,395,37,9,28,358,34,324,9.367088607594937,2.278481012658228,7.088607594936709,90.63291139240506,8.60759493670886,82.02531645569621
E00168345,331,51,18,33,280,27,253,15.407854984894259,5.438066465256798,9.969788519637463,84.59214501510573,8.157099697885197,76.43504531722054
E00186840,617,97,38,59,520,45,475,15.721231766612643,6.158833063209076,9.562398703403566,84.27876823338735,7.293354943273905,76.98541329011344
E00186841,802,76,22,54,726,52,674,9.476309226932669,2.7431421446384037,6.733167082294264,90.52369077306733,6.483790523690773,84.03990024937656
E00186842,215,38,14,24,177,18,159,17.674418604651162,6.511627906976744,11.162790697674419,82.32558139534883,8.372093023255815,73.95348837209302
E00186843,511,62,20,42,449,20,429,12.13307240704501,3.9138943248532287,8.21917808219178,87.866927592955,3.9138943248532287,83.95303326810176
E00186848,312,17,7,10,295,22,273,5.448717948717949,2.2435897435897436,3.205128205128205,94.55128205128204,7.051282051282051,87.5
E00186849,375,24,7,17,351,23,328,6.4,1.866666666666667,4.533333333333333,93.60000000000001,6.133333333333333,87.46666666666667
E00186850,346,37,10,27,309,27,282,10.69364161849711,2.8901734104046244,7.803468208092486,89.30635838150289,7.803468208092486,81.5028901734104
E00186851,339,18,5,13,321,21,300,5.3097345132743365,1.4749262536873156,3.8348082595870205,94.69026548672566,6.1946902654867255,88.49557522123894
E00186852,290,15,4,11,275,15,260,5.172413793103448,1.3793103448275863,3.793103448275862,94.82758620689656,5.172413793103448,89.65517241379311
E00186853,183,8,1,7,175,10,165,4.371584699453552,0.546448087431694,3.825136612021858,95.62841530054644,5.46448087431694,90.1639344262295
E00186854,471,47,13,34,424,36,388,9.978768577494693,2.7600849256900215,7.218683651804671,90.02123142250531,7.643312101910828,82.37791932059449
E00186855,576,54,16,38,522,31,491,9.375,2.7777777777777777,6.597222222222222,90.625,5.381944444444445,85.24305555555556
E00186856,557,39,12,27,518,39,479,7.001795332136446,2.154398563734291,4.847396768402154,92.99820466786356,7.001795332136446,85.99640933572711
E00186857,118,16,2,14,102,5,97,13.559322033898304,1.694915254237288,11.864406779661017,86.4406779661017,4.23728813559322,82.20338983050848
E00186858,383,48,17,31,335,31,304,12.532637075718014,4.43864229765013,8.093994778067886,87.46736292428199,8.093994778067886,79.37336814621409
E00186859,243,28,9,19,215,19,196,11.522633744855968,3.7037037037037033,7.818930041152264,88.47736625514403,7.818930041152264,80.65843621399176
E00186860,136,41,15,26,95,7,88,30.14705882352941,11.029411764705882,19.11764705882353,69.85294117647058,5.147058823529411,64.70588235294117
E00186861,191,21,11,10,170,7,163,10.99476439790576,5.7591623036649215,5.2356020942408374,89.00523560209425,3.664921465968586,85.34031413612566
E00186862,387,49,15,34,338,38,300,12.661498708010335,3.875968992248062,8.785529715762273,87.33850129198967,9.819121447028424,77.51937984496125
E00186866,395,63,19,44,332,34,298,15.949367088607595,4.810126582278481,11.139240506329113,84.05063291139241,8.60759493670886,75.44303797468355
E00186878,295,21,1,20,274,13,261,7.118644067796611,0.3389830508474576,6.779661016949152,92.88135593220339,4.406779661016949,88.47457627118645
E00186880,354,28,13,15,326,24,302,7.909604519774012,3.672316384180791,4.23728813559322,92.09039548022598,6.779661016949152,85.31073446327684
E00186889,262,101,49,52,161,13,148,38.54961832061068,18.702290076335878,19.84732824427481,61.45038167938931,4.961832061068702,56.48854961832062
E00186899,162,23,6,17,139,10,129,14.19753086419753,3.7037037037037033,10.493827160493826,85.80246913580247,6.172839506172839,79.62962962962963
E00186900,315,47,16,31,268,29,239,14.920634920634921,5.079365079365079,9.841269841269842,85.07936507936508,9.206349206349207,75.87301587301587
E00186907,237,44,16,28,193,21,172,18.565400843881857,6.751054852320674,11.814345991561181,81.43459915611815,8.860759493670885,72.57383966244726
E00186908,444,45,14,31,399,24,375,10.135135135135135,3.153153153153153,6.981981981981981,89.86486486486487,5.405405405405405,84.45945945945947
E00186911,182,35,10,25,147,9,138,19.230769230769234,5.4945054945054945,13.736263736263737,80.76923076923077,4.945054945054945,75.82417582417582
E00186913,424,44,20,24,380,19,361,10.377358490566039,4.716981132075472,5.660377358490567,89.62264150943396,4.481132075471698,85.14150943396226
E00186920,272,26,8,18,246,10,236,9.558823529411764,2.941176470588235,6.61764705882353,90.44117647058823,3.6764705882352944,86.76470588235294
E00186924,504,73,34,39,431,39,392,14.484126984126986,6.746031746031746,7.738095238095238,85.51587301587301,7.738095238095238,77.77777777777779
E00186926,560,86,34,52,474,33,441,15.357142857142858,6.071428571428571,9.285714285714286,84.64285714285714,5.892857142857142,78.75
E00186936,384,44,14,30,340,30,310,11.458333333333332,3.6458333333333335,7.8125,88.54166666666666,7.8125,80.72916666666666
E00186938,229,28,7,21,201,18,183,12.22707423580786,3.056768558951965,9.170305676855897,87.77292576419214,7.860262008733625,79.91266375545851
E00186943,416,24,8,16,392,25,367,5.769230769230769,1.9230769230769231,3.8461538461538463,94.23076923076923,6.009615384615385,88.22115384615384
E00186947,481,97,43,54,384,21,363,20.16632016632017,8.93970893970894,11.226611226611228,79.83367983367984,4.365904365904366,75.46777546777547
E00186950,203,15,4,11,188,14,174,7.389162561576355,1.9704433497536946,5.41871921182266,92.61083743842364,6.896551724137931,85.71428571428571
E00186951,291,47,18,29,244,24,220,16.151202749140893,6.185567010309279,9.965635738831615,83.8487972508591,8.24742268041237,75.60137457044674
E00186955,290,138,76,62,152,9,143,47.58620689655172,26.20689655172414,21.379310344827587,52.41379310344828,3.103448275862069,49.310344827586206
E00186957,122,13,2,11,109,8,101,10.655737704918032,1.639344262295082,9.01639344262295,89.34426229508196,6.557377049180328,82.78688524590164
E00186960,429,45,11,34,384,34,350,10.48951048951049,2.564102564102564,7.925407925407925,89.5104895104895,7.925407925407925,81.58508158508158
E00186965,616,53,16,37,563,35,528,8.603896103896105,2.5974025974025974,6.0064935064935066,91.3961038961039,5.681818181818182,85.71428571428571
E00186966,145,16,7,9,129,15,114,11.03448275862069,4.827586206896552,6.206896551724138,88.96551724137932,10.344827586206897,78.62068965517241
E00186972,192,67,31,36,125,20,105,34.89583333333333,16.145833333333336,18.75,65.10416666666666,10.416666666666668,54.6875
E00186975,296,48,13,35,248,27,221,16.216216216216218,4.391891891891892,11.824324324324325,83.78378378378379,9.121621621621621,74.66216216216216
E00186982,270,26,5,21,244,13,231,9.62962962962963,1.8518518518518516,7.777777777777778,90.37037037037037,4.814814814814815,85.55555555555556
E00186986,285,20,9,11,265,11,254,7.017543859649122,3.1578947368421053,3.8596491228070176,92.98245614035088,3.8596491228070176,89.12280701754386
E00186987,571,41,15,26,530,47,483,7.180385288966725,2.626970227670753,4.553415061295972,92.81961471103327,8.231173380035026,84.58844133099825
E00186996,397,58,23,35,339,30,309,14.609571788413097,5.793450881612091,8.816120906801007,85.3904282115869,7.5566750629722925,77.83375314861462
E00186998,254,64,27,37,190,15,175,25.196850393700785,10.62992125984252,14.566929133858267,74.80314960629921,5.905511811023622,68.89763779527559
E00187007,200,24,4,20,176,15,161,12,2,10,88,7.5,80.5
E00187011,258,12,2,10,246,25,221,4.651162790697675,0.7751937984496124,3.875968992248062,95.34883720930233,9.689922480620156,85.65891472868216
E00187012,565,98,39,59,467,23,444,17.345132743362832,6.902654867256637,10.442477876106194,82.65486725663716,4.070796460176991,78.58407079646018
E00187017,262,28,11,17,234,19,215,10.687022900763358,4.198473282442748,6.488549618320611,89.31297709923665,7.251908396946565,82.06106870229007
E00187021,341,29,7,22,312,24,288,8.504398826979472,2.0527859237536656,6.451612903225806,91.49560117302052,7.038123167155426,84.4574780058651
E00187022,174,11,0,11,163,10,153,6.321839080459771,0,6.321839080459771,93.67816091954023,5.747126436781609,87.93103448275862
E00187023,626,73,41,32,553,39,514,11.661341853035143,6.549520766773163,5.111821086261981,88.33865814696486,6.230031948881789,82.10862619808307
