OA,ts0380001,ts0380002,ts0380003,ts0380004,ts0380005,ts0380006,ts0380007,ts0380002_PCT,ts0380003_PCT,ts0380004_PCT,ts0380005_PCT,ts0380006_PCT,ts0380007_PCT
E00135385,396,90,47,43,306,29,277,22.727272727272727,11.868686868686869,10.85858585858586,77.27272727272727,7.3232323232323235,69.94949494949495
E00135386,372,77,40,37,295,30,265,20.698924731182796,10.75268817204301,9.946236559139784,79.3010752688172,8.064516129032258,71.23655913978494
E00135390,337,36,12,24,301,20,281,10.682492581602373,3.5608308605341246,7.121661721068249,89.31750741839762,5.934718100890208,83.38278931750742
E00135391,324,82,34,48,242,22,220,25.308641975308642,10.493827160493826,14.814814814814813,74.69135802469135,6.790123456790123,67.90123456790124
E00135392,301,61,21,40,240,23,217,20.26578073089701,6.976744186046512,13.2890365448505,79.734219269103,7.641196013289036,72.09302325581395
E00135393,340,68,23,45,272,27,245,20,6.764705882352941,13.23529411764706,80,7.941176470588235,72.05882352941177
E00135394,314,86,47,39,228,36,192,27.388535031847134,14.968152866242038,12.420382165605096,72.61146496815286,11.464968152866243,61.146496815286625
E00135395,149,25,14,11,124,17,107,16.778523489932887,9.395973154362416,7.38255033557047,83.22147651006712,11.409395973154362,71.81208053691275
E00135396,204,51,18,33,153,29,124,25,8.823529411764707,16.176470588235293,75,14.215686274509803,60.78431372549019
E00135397,407,59,19,40,348,33,315,14.496314496314497,4.668304668304668,9.828009828009828,85.5036855036855,8.108108108108109,77.39557739557739
E00135398,131,23,9,14,108,12,96,17.557251908396946,6.870229007633588,10.687022900763358,82.44274809160305,9.16030534351145,73.2824427480916
E00135399,207,48,23,25,159,22,137,23.18840579710145,11.11111111111111,12.077294685990339,76.81159420289855,10.628019323671497,66.18357487922705
E00135400,189,34,12,22,155,13,142,17.989417989417987,6.349206349206349,11.64021164021164,82.01058201058201,6.878306878306878,75.13227513227513
E00135401,170,30,14,16,140,13,127,17.647058823529413,8.235294117647058,9.411764705882353,82.35294117647058,7.647058823529412,74.70588235294117
E00135402,145,26,5,21,119,15,104,17.93103448275862,3.4482758620689653,14.482758620689657,82.06896551724138,10.344827586206897,71.72413793103448
E00135405,145,32,6,26,113,18,95,22.06896551724138,4.137931034482759,17.93103448275862,77.93103448275862,12.413793103448276,65.51724137931035
E00135406,135,32,12,20,103,12,91,23.703703703703706,8.88888888888889,14.814814814814813,76.29629629629629,8.88888888888889,67.4074074074074
E00135407,216,72,36,36,144,17,127,33.33333333333333,16.666666666666664,16.666666666666664,66.66666666666666,7.87037037037037,58.79629629629629
E00135408,233,47,17,30,186,22,164,20.171673819742487,7.296137339055794,12.875536480686694,79.82832618025752,9.44206008583691,70.3862660944206
E00135409,133,29,12,17,104,9,95,21.804511278195488,9.022556390977442,12.781954887218044,78.19548872180451,6.7669172932330826,71.42857142857143
E00135410,164,28,8,20,136,13,123,17.073170731707318,4.878048780487805,12.195121951219512,82.92682926829268,7.926829268292683,75
E00135411,131,20,7,13,111,13,98,15.267175572519085,5.343511450381679,9.923664122137405,84.7328244274809,9.923664122137405,74.80916030534351
E00135412,329,77,33,44,252,32,220,23.404255319148938,10.030395136778116,13.37386018237082,76.59574468085107,9.72644376899696,66.8693009118541
E00135413,368,73,34,39,295,31,264,19.83695652173913,9.239130434782608,10.597826086956522,80.16304347826086,8.423913043478262,71.73913043478261
E00135414,199,37,12,25,162,11,151,18.592964824120603,6.030150753768844,12.562814070351758,81.4070351758794,5.527638190954774,75.87939698492463
E00135415,326,63,32,31,263,17,246,19.32515337423313,9.815950920245399,9.509202453987731,80.67484662576688,5.214723926380368,75.4601226993865
E00135416,230,81,46,35,149,13,136,35.21739130434783,20,15.217391304347828,64.78260869565217,5.6521739130434785,59.130434782608695
E00135417,292,68,27,41,224,30,194,23.28767123287671,9.246575342465754,14.04109589041096,76.71232876712328,10.273972602739725,66.43835616438356
E00135418,270,49,19,30,221,29,192,18.14814814814815,7.037037037037037,11.11111111111111,81.85185185185185,10.74074074074074,71.11111111111111
E00135419,283,48,30,18,235,26,209,16.96113074204947,10.60070671378092,6.36042402826855,83.03886925795054,9.187279151943462,73.85159010600707
E00135420,251,66,27,39,185,16,169,26.294820717131472,10.756972111553784,15.53784860557769,73.70517928286853,6.374501992031872,67.33067729083665
E00135421,411,102,65,37,309,30,279,24.817518248175183,15.815085158150852,9.002433090024331,75.18248175182481,7.2992700729927,67.88321167883211
E00135422,307,55,22,33,252,25,227,17.91530944625407,7.166123778501629,10.749185667752444,82.08469055374593,8.143322475570033,73.9413680781759
E00135423,400,14,1,13,386,25,361,3.5000000000000004,0.25,3.25,96.5,6.25,90.25
E00135424,391,58,12,46,333,27,306,14.83375959079284,3.0690537084398977,11.76470588235294,85.16624040920716,6.905370843989769,78.26086956521739
E00135425,367,54,17,37,313,17,296,14.713896457765669,4.632152588555858,10.08174386920981,85.28610354223434,4.632152588555858,80.65395095367847
E00135426,196,30,8,22,166,13,153,15.306122448979592,4.081632653061225,11.224489795918368,84.6938775510204,6.63265306122449,78.06122448979592
E00135427,293,49,25,24,244,25,219,16.723549488054605,8.532423208191126,8.19112627986348,83.27645051194538,8.532423208191126,74.74402730375427
E00135428,394,65,23,42,329,19,310,16.49746192893401,5.83756345177665,10.65989847715736,83.50253807106598,4.822335025380711,78.68020304568529
E00135429,356,73,27,46,283,16,267,20.50561797752809,7.584269662921349,12.921348314606742,79.49438202247191,4.49438202247191,75
E00135430,320,42,21,21,278,22,256,13.125,6.5625,6.5625,86.875,6.875000000000001,80
E00135431,323,56,17,39,267,21,246,17.3374613003096,5.263157894736842,12.074303405572756,82.6625386996904,6.5015479876160995,76.16099071207431
E00135432,334,62,20,42,272,20,252,18.562874251497004,5.9880239520958085,12.574850299401197,81.437125748502993,5.9880239520958085,75.44910179640718
E00135433,325,54,30,24,271,30,241,16.615384615384617,9.230769230769232,7.384615384615385,83.38461538461537,9.230769230769232,74.15384615384616
E00135434,302,38,14,24,264,22,242,12.582781456953644,4.635761589403973,7.9470198675496695,87.41721854304636,7.28476821192053,80.13245033112582
E00135435,410,83,39,44,327,21,306,20.243902439024392,9.512195121951219,10.731707317073171,79.75609756097562,5.121951219512195,74.63414634146342
E00135436,310,57,21,36,253,23,230,18.387096774193548,6.774193548387098,11.612903225806452,81.61290322580645,7.419354838709677,74.19354838709677
E00135437,325,43,18,25,282,33,249,13.230769230769232,5.538461538461538,7.6923076923076925,86.76923076923076,10.153846153846153,76.61538461538461
E00135438,372,60,19,41,312,18,294,16.129032258064516,5.10752688172043,11.021505376344086,83.87096774193549,4.838709677419355,79.03225806451613
E00135439,243,46,17,29,197,24,173,18.930041152263374,6.995884773662551,11.934156378600823,81.06995884773663,9.876543209876543,71.19341563786008
E00135440,247,59,35,24,188,22,166,23.88663967611336,14.17004048582996,9.7165991902834,76.11336032388664,8.906882591093117,67.20647773279353
E00135441,427,88,33,55,339,30,309,20.60889929742389,7.728337236533958,12.88056206088993,79.39110070257611,7.02576112412178,72.36533957845434
E00135442,247,56,22,34,191,19,172,22.672064777327936,8.906882591093117,13.765182186234817,77.32793522267207,7.6923076923076925,69.63562753036437
E00135443,384,69,36,33,315,22,293,17.96875,9.375,8.59375,82.03125,5.729166666666666,76.30208333333334
E00135444,178,31,9,22,147,16,131,17.415730337078653,5.056179775280898,12.359550561797752,82.58426966292134,8.98876404494382,73.59550561797754
E00135445,497,96,42,54,401,43,358,19.3158953722334,8.450704225352112,10.865191146881289,80.6841046277666,8.651911468812877,72.03219315895373
E00135446,377,78,29,49,299,26,273,20.689655172413794,7.6923076923076925,12.9973474801061,79.3103448275862,6.896551724137931,72.41379310344827
E00135447,316,64,26,38,252,16,236,20.253164556962027,8.227848101265822,12.025316455696203,79.74683544303798,5.063291139240507,74.68354430379746
E00135448,258,69,28,41,189,21,168,26.744186046511626,10.852713178294573,15.891472868217054,73.25581395348837,8.13953488372093,65.11627906976744
E00135449,275,90,39,51,185,15,170,32.72727272727273,14.181818181818182,18.545454545454547,67.27272727272727,5.454545454545454,61.81818181818181
E00135450,292,48,15,33,244,24,220,16.43835616438356,5.136986301369863,11.301369863013697,83.56164383561644,8.21917808219178,75.34246575342466
E00135451,269,57,23,34,212,26,186,21.189591078066915,8.550185873605948,12.639405204460965,78.81040892193309,9.66542750929368,69.14498141263941
E00135452,349,66,25,41,283,22,261,18.911174785100286,7.163323782234957,11.74785100286533,81.08882521489971,6.303724928366762,74.78510028653295
E00135453,231,52,20,32,179,25,154,22.51082251082251,8.658008658008658,13.852813852813853,77.48917748917748,10.822510822510822,66.66666666666666
E00135454,262,58,23,35,204,19,185,22.137404580152673,8.778625954198473,13.358778625954198,77.86259541984732,7.251908396946565,70.61068702290076
E00135455,318,59,22,37,259,19,240,18.553459119496853,6.918238993710692,11.635220125786164,81.44654088050315,5.9748427672955975,75.47169811320755
E00135456,281,83,30,53,198,24,174,29.537366548042705,10.676156583629894,18.86120996441281,70.46263345195729,8.540925266903916,61.92170818505338
E00135457,221,67,24,43,154,19,135,30.316742081447963,10.85972850678733,19.457013574660635,69.68325791855203,8.597285067873303,61.085972850678736
E00135458,220,55,32,23,165,13,152,25,14.545454545454545,10.454545454545453,75,5.909090909090909,69.0909090909091
E00135459,268,70,34,36,198,28,170,26.119402985074625,12.686567164179104,13.432835820895523,73.88059701492537,10.44776119402985,63.43283582089553
E00135460,360,71,35,36,289,31,258,19.72222222222222,9.722222222222223,10,80.27777777777779,8.61111111111111,71.66666666666667
E00135461,288,59,24,35,229,25,204,20.48611111111111,8.333333333333332,12.152777777777777,79.51388888888889,8.680555555555555,70.83333333333334
E00135462,269,53,20,33,216,22,194,19.702602230483272,7.434944237918216,12.267657992565056,80.29739776951673,8.178438661710038,72.11895910780669
E00135463,274,47,17,30,227,15,212,17.153284671532848,6.204379562043796,10.948905109489052,82.84671532846716,5.474452554744526,77.37226277372264
E00135464,215,53,18,35,162,21,141,24.651162790697676,8.372093023255815,16.27906976744186,75.34883720930232,9.767441860465116,65.58139534883722
E00135465,220,38,13,25,182,26,156,17.272727272727273,5.909090909090909,11.363636363636363,82.72727272727273,11.818181818181818,70.9090909090909
E00135466,207,42,10,32,165,18,147,20.28985507246377,4.830917874396135,15.458937198067632,79.71014492753623,8.695652173913043,71.01449275362319
E00135467,267,64,36,28,203,16,187,23.970037453183522,13.48314606741573,10.486891385767791,76.02996254681648,5.992509363295881,70.0374531835206
E00135468,274,54,21,33,220,17,203,19.708029197080293,7.664233576642336,12.043795620437956,80.2919708029197,6.204379562043796,74.08759124087592
E00135469,337,93,27,66,244,29,215,27.596439169139465,8.011869436201781,19.584569732937684,72.40356083086054,8.605341246290802,63.798219584569736
E00135470,281,57,22,35,224,28,196,20.284697508896798,7.829181494661921,12.455516014234876,79.7153024911032,9.9644128113879,69.7508896797153
E00135471,421,91,47,44,330,38,292,21.61520190023753,11.163895486935866,10.451306413301662,78.38479809976246,9.026128266033254,69.35866983372921
E00135472,281,85,39,46,196,12,184,30.2491103202847,13.87900355871886,16.370106761565836,69.7508896797153,4.270462633451958,65.48042704626334
E00135475,356,79,35,44,277,34,243,22.191011235955056,9.831460674157304,12.359550561797752,77.80898876404494,9.550561797752808,68.25842696629213
E00135476,321,79,23,56,242,24,218,24.610591900311526,7.165109034267912,17.445482866043612,75.38940809968847,7.476635514018691,67.91277258566979
E00135479,336,56,19,37,280,39,241,16.666666666666664,5.654761904761905,11.011904761904761,83.33333333333334,11.607142857142858,71.72619047619048
E00135481,321,78,32,46,243,20,223,24.299065420560748,9.968847352024921,14.330218068535824,75.70093457943925,6.230529595015576,69.47040498442367
E00135483,330,78,30,48,252,36,216,23.636363636363637,9.090909090909092,14.545454545454545,76.36363636363637,10.909090909090908,65.45454545454545
E00135484,433,91,38,53,342,29,313,21.016166281755197,8.775981524249422,12.240184757505773,78.9838337182448,6.697459584295612,72.2863741339492
E00135485,471,111,54,57,360,29,331,23.56687898089172,11.464968152866243,12.101910828025478,76.43312101910828,6.1571125265392785,70.27600849256899
E00135486,292,51,15,36,241,20,221,17.465753424657535,5.136986301369863,12.32876712328767,82.53424657534246,6.8493150684931505,75.68493150684932
E00135487,356,59,25,34,297,20,277,16.573033707865168,7.02247191011236,9.550561797752808,83.42696629213484,5.617977528089887,77.80898876404494
E00135488,327,73,32,41,254,18,236,22.32415902140673,9.785932721712538,12.538226299694188,77.67584097859327,5.5045871559633035,72.17125382262996
E00135489,260,46,16,30,214,18,196,17.692307692307693,6.153846153846154,11.538461538461538,82.3076923076923,6.923076923076923,75.38461538461539
E00135490,403,79,40,39,324,26,298,19.602977667493796,9.925558312655088,9.67741935483871,80.39702233250621,6.451612903225806,73.94540942928039
E00135492,355,89,40,49,266,23,243,25.070422535211268,11.267605633802818,13.802816901408452,74.92957746478874,6.478873239436619,68.45070422535211
E00135493,246,83,44,39,163,13,150,33.739837398373986,17.88617886178862,15.853658536585366,66.26016260162602,5.284552845528456,60.97560975609756
E00135494,306,55,25,30,251,30,221,17.973856209150327,8.169934640522875,9.803921568627452,82.02614379084967,9.803921568627452,72.22222222222221
E00135495,247,57,28,29,190,12,178,23.076923076923077,11.336032388663968,11.740890688259109,76.92307692307693,4.8582995951417,72.06477732793523
E00135496,238,47,24,23,191,15,176,19.747899159663866,10.084033613445378,9.663865546218489,80.25210084033614,6.302521008403361,73.94957983193278
E00135497,225,60,29,31,165,17,148,26.666666666666668,12.88888888888889,13.777777777777779,73.33333333333333,7.555555555555555,65.77777777777779
E00135498,303,37,15,22,266,21,245,12.211221122112212,4.9504950495049505,7.2607260726072615,87.78877887788778,6.9306930693069315,80.85808580858085
E00135500,340,33,8,25,307,23,284,9.705882352941178,2.3529411764705883,7.352941176470589,90.29411764705883,6.764705882352941,83.52941176470588
E00135501,331,48,19,29,283,20,263,14.501510574018129,5.740181268882175,8.761329305135952,85.49848942598187,6.042296072507553,79.45619335347432
E00135502,169,58,29,29,111,14,97,34.319526627218934,17.159763313609467,17.159763313609467,65.68047337278107,8.284023668639055,57.396449704142015
E00135503,279,51,29,22,228,29,199,18.27956989247312,10.39426523297491,7.885304659498208,81.72043010752688,10.39426523297491,71.32616487455196
E00135504,189,61,22,39,128,5,123,32.27513227513227,11.64021164021164,20.634920634920633,67.72486772486772,2.6455026455026456,65.07936507936508
E00135505,300,60,20,40,240,20,220,20,6.666666666666667,13.333333333333334,80,6.666666666666667,73.33333333333333
E00135506,315,45,26,19,270,19,251,14.285714285714285,8.253968253968253,6.031746031746032,85.71428571428571,6.031746031746032,79.68253968253968
E00135507,268,30,10,20,238,20,218,11.194029850746269,3.731343283582089,7.462686567164178,88.80597014925374,7.462686567164178,81.34328358208955
E00135508,367,86,39,47,281,14,267,23.43324250681199,10.626702997275205,12.806539509536785,76.566757493188,3.8147138964577656,72.75204359673025
E00135509,326,68,35,33,258,23,235,20.858895705521473,10.736196319018406,10.122699386503067,79.14110429447852,7.05521472392638,72.08588957055214
E00135510,409,94,33,61,315,38,277,22.982885085574573,8.06845965770171,14.91442542787286,77.01711491442543,9.290953545232274,67.72616136919315
E00135511,356,66,30,36,290,17,273,18.53932584269663,8.426966292134832,10.112359550561797,81.46067415730337,4.775280898876404,76.68539325842697
E00135512,293,38,9,29,255,22,233,12.969283276450511,3.0716723549488054,9.897610921501707,87.03071672354949,7.508532423208192,79.5221843003413
E00135513,349,51,26,25,298,14,284,14.613180515759314,7.4498567335243555,7.163323782234957,85.38681948424069,4.011461318051576,81.37535816618912
E00135514,375,83,44,39,292,17,275,22.133333333333333,11.733333333333333,10.4,77.86666666666666,4.533333333333333,73.33333333333333
E00135515,458,48,13,35,410,28,382,10.480349344978166,2.8384279475982535,7.641921397379912,89.51965065502183,6.11353711790393,83.4061135371179
E00135516,210,54,24,30,156,17,139,25.71428571428571,11.428571428571429,14.285714285714285,74.28571428571429,8.095238095238095,66.19047619047619
E00135517,307,49,20,29,258,34,224,15.960912052117262,6.514657980456026,9.446254071661238,84.03908794788273,11.074918566775244,72.9641693811075
E00135518,232,62,31,31,170,15,155,26.72413793103448,13.36206896551724,13.36206896551724,73.27586206896551,6.4655172413793105,66.8103448275862
E00135519,282,73,26,47,209,21,188,25.886524822695034,9.219858156028367,16.666666666666664,74.11347517730496,7.446808510638298,66.66666666666666
E00135520,404,121,64,57,283,31,252,29.950495049504948,15.841584158415841,14.108910891089108,70.04950495049505,7.673267326732673,62.37623762376238
E00135521,294,53,20,33,241,24,217,18.027210884353742,6.802721088435375,11.224489795918368,81.97278911564626,8.16326530612245,73.80952380952381
E00135522,116,15,7,8,101,10,91,12.931034482758621,6.0344827586206895,6.896551724137931,87.06896551724138,8.620689655172415,78.44827586206897
E00135523,336,54,20,34,282,32,250,16.071428571428573,5.952380952380952,10.119047619047619,83.92857142857143,9.523809523809524,74.40476190476191
E00135524,279,53,15,38,226,16,210,18.996415770609318,5.376344086021505,13.620071684587815,81.00358422939068,5.734767025089606,75.26881720430107
E00135525,283,59,31,28,224,13,211,20.848056537102476,10.954063604240282,9.89399293286219,79.15194346289752,4.593639575971731,74.55830388692578
E00135526,366,59,27,32,307,22,285,16.120218579234972,7.377049180327869,8.743169398907105,83.87978142076503,6.0109289617486334,77.8688524590164
E00135527,292,54,25,29,238,26,212,18.493150684931507,8.561643835616438,9.931506849315069,81.5068493150685,8.904109589041095,72.6027397260274
E00135528,297,51,17,34,246,17,229,17.17171717171717,5.723905723905724,11.447811447811448,82.82828282828282,5.723905723905724,77.10437710437711
E00135529,329,50,20,30,279,19,260,15.19756838905775,6.079027355623101,9.118541033434651,84.80243161094225,5.775075987841945,79.0273556231003
E00135530,394,97,51,46,297,22,275,24.61928934010152,12.944162436548224,11.6751269035533,75.38071065989847,5.583756345177665,69.79695431472082
E00135531,313,49,24,25,264,16,248,15.654952076677317,7.667731629392971,7.987220447284344,84.34504792332268,5.111821086261981,79.2332268370607
E00135532,342,78,27,51,264,16,248,22.807017543859647,7.894736842105263,14.912280701754385,77.19298245614034,4.678362573099415,72.51461988304094
E00135533,246,44,17,27,202,19,183,17.88617886178862,6.910569105691057,10.975609756097562,82.11382113821138,7.723577235772358,74.39024390243902
E00135534,330,64,32,32,266,16,250,19.393939393939394,9.696969696969697,9.696969696969697,80.60606060606061,4.848484848484849,75.75757575757575
E00135535,314,56,20,36,258,27,231,17.8343949044586,6.369426751592357,11.464968152866243,82.16560509554141,8.598726114649681,73.56687898089172
E00135536,340,75,42,33,265,17,248,22.058823529411764,12.352941176470589,9.705882352941178,77.94117647058823,5,72.94117647058823
E00135537,330,57,29,28,273,23,250,17.272727272727273,8.787878787878787,8.484848484848486,82.72727272727273,6.969696969696971,75.75757575757575
E00135538,281,96,51,45,185,19,166,34.16370106761566,18.14946619217082,16.014234875444842,65.83629893238434,6.761565836298933,59.07473309608541
E00135539,310,67,24,43,243,19,224,21.612903225806452,7.741935483870968,13.870967741935484,78.38709677419354,6.129032258064516,72.25806451612902
E00135540,349,48,15,33,301,21,280,13.753581661891118,4.297994269340974,9.455587392550143,86.24641833810888,6.017191977077363,80.22922636103151
E00135541,341,72,30,42,269,25,244,21.114369501466275,8.797653958944283,12.316715542521994,78.88563049853371,7.331378299120235,71.5542521994135
E00135542,333,56,25,31,277,25,252,16.816816816816818,7.5075075075075075,9.30930930930931,83.18318318318319,7.5075075075075075,75.67567567567568
E00135543,319,47,17,30,272,29,243,14.733542319749215,5.329153605015674,9.404388714733543,85.26645768025078,9.090909090909092,76.17554858934169
E00135544,293,52,17,35,241,20,221,17.747440273037544,5.802047781569966,11.945392491467576,82.25255972696246,6.825938566552901,75.42662116040955
E00135545,324,47,18,29,277,27,250,14.506172839506174,5.555555555555555,8.950617283950617,85.49382716049382,8.333333333333332,77.1604938271605
E00135546,238,40,17,23,198,16,182,16.80672268907563,7.142857142857142,9.663865546218489,83.19327731092437,6.722689075630252,76.47058823529412
E00135547,211,41,15,26,170,20,150,19.431279620853083,7.109004739336493,12.322274881516588,80.56872037914692,9.47867298578199,71.09004739336493
E00135548,287,57,19,38,230,22,208,19.860627177700348,6.620209059233449,13.240418118466899,80.13937282229965,7.665505226480835,72.47386759581882
E00135549,341,68,33,35,273,28,245,19.941348973607038,9.67741935483871,10.263929618768328,80.05865102639295,8.211143695014663,71.8475073313783
E00135550,326,65,29,36,261,36,225,19.938650306748464,8.895705521472392,11.042944785276074,80.06134969325154,11.042944785276074,69.01840490797547
E00135551,274,51,18,33,223,21,202,18.613138686131386,6.569343065693431,12.043795620437956,81.38686131386861,7.664233576642336,73.72262773722628
E00135552,298,55,26,29,243,20,223,18.456375838926174,8.724832214765101,9.731543624161073,81.54362416107382,6.7114093959731544,74.83221476510067
E00135553,303,62,16,46,241,24,217,20.462046204620464,5.2805280528052805,15.181518151815181,79.53795379537954,7.920792079207921,71.61716171617162
E00135554,213,23,8,15,190,20,170,10.7981220657277,3.755868544600939,7.042253521126761,89.2018779342723,9.389671361502346,79.81220657276995
E00135555,334,34,16,18,300,31,269,10.179640718562874,4.790419161676647,5.389221556886228,89.82035928143712,9.281437125748502,80.53892215568862
E00135556,381,63,17,46,318,27,291,16.535433070866144,4.4619422572178475,12.073490813648293,83.46456692913385,7.086614173228346,76.37795275590551
E00135557,338,151,105,46,187,12,175,44.67455621301775,31.06508875739645,13.609467455621301,55.325443786982255,3.5502958579881656,51.77514792899408
E00135558,308,37,11,26,271,26,245,12.012987012987013,3.571428571428571,8.441558441558442,87.98701298701299,8.441558441558442,79.54545454545455
E00135559,219,37,14,23,182,13,169,16.894977168949772,6.392694063926941,10.50228310502283,83.10502283105022,5.93607305936073,77.1689497716895
E00135560,483,76,29,47,407,33,374,15.734989648033126,6.004140786749482,9.730848861283643,84.26501035196688,6.832298136645963,77.4327122153209
E00135561,320,54,17,37,266,27,239,16.875,5.3125,11.5625,83.125,8.4375,74.6875
E00135562,316,48,15,33,268,23,245,15.18987341772152,4.746835443037975,10.443037974683545,84.81012658227847,7.2784810126582276,77.53164556962025
E00135563,392,53,25,28,339,27,312,13.520408163265307,6.377551020408164,7.142857142857142,86.4795918367347,6.887755102040815,79.59183673469387
E00135564,580,61,22,39,519,44,475,10.517241379310345,3.793103448275862,6.724137931034482,89.48275862068965,7.586206896551724,81.89655172413794
E00135565,281,65,28,37,216,24,192,23.131672597864767,9.9644128113879,13.167259786476867,76.86832740213522,8.540925266903916,68.32740213523132
E00135566,253,54,23,31,199,20,179,21.34387351778656,9.090909090909092,12.25296442687747,78.65612648221344,7.905138339920949,70.7509881422925
E00135567,310,64,29,35,246,30,216,20.64516129032258,9.35483870967742,11.29032258064516,79.35483870967742,9.67741935483871,69.6774193548387
E00135568,332,54,12,42,278,31,247,16.265060240963855,3.614457831325301,12.650602409638553,83.73493975903614,9.33734939759036,74.3975903614458
E00135569,235,52,21,31,183,23,160,22.127659574468083,8.936170212765958,13.191489361702127,77.87234042553192,9.787234042553191,68.08510638297872
E00135570,316,52,18,34,264,33,231,16.455696202531644,5.69620253164557,10.759493670886076,83.54430379746836,10.443037974683545,73.10126582278481
E00135571,293,66,16,50,227,21,206,22.525597269624573,5.460750853242321,17.064846416382252,77.47440273037543,7.167235494880546,70.30716723549489
E00135572,341,86,35,51,255,28,227,25.219941348973606,10.263929618768328,14.95601173020528,74.7800586510264,8.211143695014663,66.56891495601172
E00135573,254,78,32,46,176,15,161,30.708661417322837,12.598425196850393,18.11023622047244,69.29133858267717,5.905511811023622,63.38582677165354
E00135574,193,60,20,40,133,31,102,31.088082901554404,10.362694300518134,20.72538860103627,68.9119170984456,16.06217616580311,52.84974093264248
E00135575,291,65,29,36,226,23,203,22.336769759450174,9.965635738831615,12.371134020618557,77.66323024054984,7.903780068728522,69.7594501718213
E00135576,336,82,34,48,254,35,219,24.404761904761905,10.119047619047619,14.285714285714285,75.59523809523809,10.416666666666668,65.17857142857143
E00135577,298,65,24,41,233,25,208,21.812080536912752,8.053691275167784,13.758389261744966,78.18791946308725,8.389261744966444,69.79865771812081
E00135578,195,52,21,31,143,17,126,26.666666666666668,10.76923076923077,15.897435897435896,73.33333333333333,8.717948717948717,64.61538461538461
E00135579,197,53,20,33,144,21,123,26.903553299492383,10.152284263959391,16.751269035532996,73.09644670050761,10.65989847715736,62.43654822335025
E00135580,236,47,15,32,189,21,168,19.915254237288135,6.3559322033898304,13.559322033898304,80.08474576271186,8.898305084745763,71.1864406779661
E00135581,227,49,14,35,178,18,160,21.58590308370044,6.167400881057269,15.418502202643172,78.41409691629956,7.929515418502203,70.48458149779736
E00135582,232,41,21,20,191,13,178,17.67241379310345,9.051724137931034,8.620689655172415,82.32758620689656,5.603448275862069,76.72413793103449
E00135583,329,54,23,31,275,26,249,16.41337386018237,6.990881458966565,9.422492401215806,83.58662613981764,7.90273556231003,75.6838905775076
E00135584,326,89,45,44,237,25,212,27.300613496932513,13.803680981595093,13.496932515337424,72.69938650306749,7.668711656441718,65.03067484662577
E00135585,218,88,49,39,130,18,112,40.36697247706422,22.477064220183486,17.889908256880734,59.63302752293578,8.256880733944955,51.37614678899083
E00135586,240,49,20,29,191,20,171,20.416666666666668,8.333333333333332,12.083333333333334,79.58333333333333,8.333333333333332,71.25
E00135587,247,93,51,42,154,24,130,37.65182186234818,20.647773279352226,17.00404858299595,62.34817813765182,9.7165991902834,52.63157894736842
E00135588,267,80,38,42,187,22,165,29.962546816479403,14.232209737827715,15.730337078651685,70.0374531835206,8.239700374531834,61.79775280898876
E00135589,294,83,35,48,211,20,191,28.2312925170068,11.904761904761903,16.3265306122449,71.7687074829932,6.802721088435375,64.96598639455783
E00135590,222,50,10,40,172,26,146,22.52252252252252,4.504504504504505,18.01801801801802,77.47747747747748,11.711711711711711,65.76576576576578
E00135591,237,38,15,23,199,26,173,16.033755274261605,6.329113924050633,9.70464135021097,83.96624472573839,10.970464135021098,72.9957805907173
E00135592,359,67,28,39,292,26,266,18.662952646239557,7.7994428969359335,10.86350974930362,81.33704735376045,7.242339832869081,74.09470752089136
E00135593,314,48,20,28,266,30,236,15.286624203821656,6.369426751592357,8.9171974522293,84.71337579617835,9.554140127388536,75.15923566878982
E00135594,259,69,31,38,190,19,171,26.640926640926644,11.96911196911197,14.671814671814673,73.35907335907336,7.335907335907336,66.02316602316603
E00135595,360,80,31,49,280,30,250,22.22222222222222,8.61111111111111,13.61111111111111,77.77777777777779,8.333333333333332,69.44444444444444
E00135596,473,92,42,50,381,44,337,19.45031712473573,8.879492600422834,10.570824524312897,80.54968287526427,9.30232558139535,71.24735729386892
E00135597,255,35,11,24,220,26,194,13.725490196078432,4.313725490196078,9.411764705882353,86.27450980392157,10.196078431372548,76.07843137254902
E00135598,178,40,20,20,138,12,126,22.47191011235955,11.235955056179774,11.235955056179774,77.52808988764045,6.741573033707865,70.78651685393258
E00135599,201,50,24,26,151,16,135,24.875621890547265,11.940298507462686,12.935323383084576,75.12437810945273,7.960199004975125,67.16417910447761
E00135600,336,92,37,55,244,29,215,27.380952380952383,11.011904761904761,16.36904761904762,72.61904761904762,8.630952380952381,63.988095238095234
E00135601,344,159,82,77,185,32,153,46.22093023255814,23.837209302325583,22.38372093023256,53.779069767441854,9.30232558139535,44.47674418604651
E00135602,258,44,14,30,214,29,185,17.05426356589147,5.426356589147287,11.627906976744185,82.94573643410853,11.24031007751938,71.70542635658916
E00135603,232,76,28,48,156,18,138,32.758620689655174,12.068965517241379,20.689655172413794,67.24137931034483,7.758620689655173,59.48275862068966
E00135604,298,72,25,47,226,25,201,24.161073825503358,8.389261744966444,15.771812080536913,75.83892617449665,8.389261744966444,67.4496644295302
E00135605,210,62,25,37,148,16,132,29.523809523809526,11.904761904761903,17.61904761904762,70.47619047619048,7.6190476190476195,62.857142857142854
E00135606,339,87,38,49,252,28,224,25.663716814159294,11.209439528023598,14.454277286135694,74.33628318584071,8.259587020648967,66.07669616519173
E00135607,223,64,33,31,159,20,139,28.699551569506728,14.798206278026907,13.901345291479823,71.30044843049326,8.968609865470851,62.33183856502242
E00135608,193,41,17,24,152,14,138,21.243523316062177,8.808290155440414,12.435233160621761,78.75647668393782,7.253886010362693,71.50259067357513
E00135609,189,72,27,45,117,14,103,38.095238095238095,14.285714285714285,23.809523809523807,61.904761904761905,7.4074074074074066,54.4973544973545
E00135610,408,91,37,54,317,30,287,22.30392156862745,9.068627450980392,13.23529411764706,77.69607843137256,7.352941176470589,70.34313725490196
E00135611,173,31,12,19,142,20,122,17.91907514450867,6.9364161849710975,10.982658959537572,82.08092485549133,11.560693641618498,70.52023121387283
E00135612,146,28,12,16,118,23,95,19.17808219178082,8.21917808219178,10.95890410958904,80.82191780821918,15.753424657534246,65.06849315068493
E00135613,211,48,20,28,163,18,145,22.748815165876778,9.47867298578199,13.270142180094787,77.25118483412322,8.530805687203792,68.72037914691943
E00135614,249,47,27,20,202,20,182,18.87550200803213,10.843373493975903,8.032128514056225,81.12449799196787,8.032128514056225,73.09236947791165
E00135615,161,28,8,20,133,12,121,17.391304347826086,4.968944099378882,12.422360248447205,82.6086956521739,7.453416149068323,75.15527950310559
E00135616,245,103,62,41,142,12,130,42.04081632653061,25.30612244897959,16.73469387755102,57.95918367346938,4.8979591836734695,53.06122448979592
E00135617,221,50,20,30,171,11,160,22.624434389140273,9.049773755656108,13.574660633484163,77.37556561085974,4.97737556561086,72.39819004524887
E00135618,310,93,32,61,217,23,194,30,10.32258064516129,19.67741935483871,70,7.419354838709677,62.58064516129033
E00135622,409,89,34,55,320,19,301,21.76039119804401,8.312958435207824,13.447432762836186,78.239608801956,4.645476772616137,73.59413202933986
E00135623,349,82,35,47,267,25,242,23.49570200573066,10.028653295128938,13.46704871060172,76.50429799426934,7.163323782234957,69.34097421203438
E00135624,335,56,14,42,279,27,252,16.716417910447763,4.179104477611941,12.53731343283582,83.28358208955224,8.059701492537313,75.22388059701493
E00135625,283,52,20,32,231,25,206,18.374558303886925,7.06713780918728,11.307420494699647,81.62544169611307,8.8339222614841,72.79151943462897
E00135626,229,62,22,40,167,13,154,27.074235807860266,9.606986899563319,17.46724890829694,72.92576419213974,5.676855895196507,67.24890829694323
E00135627,203,44,19,25,159,13,146,21.67487684729064,9.35960591133005,12.31527093596059,78.32512315270937,6.403940886699508,71.92118226600985
E00135628,193,56,27,29,137,14,123,29.015544041450774,13.989637305699482,15.025906735751295,70.98445595854922,7.253886010362693,63.730569948186535
E00135629,242,55,25,30,187,11,176,22.727272727272727,10.330578512396695,12.396694214876034,77.27272727272727,4.545454545454546,72.72727272727273
E00135630,364,103,37,66,261,27,234,28.296703296703296,10.164835164835164,18.13186813186813,71.7032967032967,7.417582417582418,64.28571428571429
E00135631,472,97,34,63,375,47,328,20.55084745762712,7.203389830508475,13.347457627118645,79.44915254237289,9.957627118644067,69.49152542372882
E00135633,305,103,70,33,202,30,172,33.77049180327869,22.950819672131146,10.819672131147541,66.22950819672131,9.836065573770492,56.393442622950815
E00135634,266,77,27,50,189,25,164,28.947368421052634,10.150375939849624,18.796992481203006,71.05263157894737,9.398496240601503,61.65413533834586
E00135635,362,56,20,36,306,16,290,15.469613259668508,5.524861878453039,9.94475138121547,84.5303867403315,4.41988950276243,80.11049723756905
E00135636,356,61,31,30,295,23,272,17.134831460674157,8.707865168539326,8.426966292134832,82.86516853932584,6.460674157303371,76.40449438202246
E00135637,263,39,12,27,224,26,198,14.82889733840304,4.562737642585551,10.26615969581749,85.17110266159695,9.885931558935361,75.2851711026616
E00135638,288,52,13,39,236,15,221,18.055555555555554,4.513888888888888,13.541666666666666,81.94444444444444,5.208333333333334,76.73611111111111
E00135639,598,124,61,63,474,29,445,20.735785953177256,10.200668896321071,10.535117056856187,79.26421404682274,4.849498327759197,74.41471571906354
E00135640,284,67,26,41,217,16,201,23.591549295774648,9.15492957746479,14.43661971830986,76.40845070422534,5.633802816901409,70.77464788732394
E00135641,330,85,37,48,245,17,228,25.757575757575758,11.212121212121213,14.545454545454545,74.24242424242425,5.151515151515151,69.0909090909091
E00135642,374,82,40,42,292,19,273,21.92513368983957,10.695187165775401,11.229946524064172,78.07486631016043,5.080213903743315,72.99465240641712
E00135643,376,61,28,33,315,15,300,16.22340425531915,7.446808510638298,8.77659574468085,83.77659574468085,3.9893617021276597,79.7872340425532
E00135644,299,68,33,35,231,11,220,22.74247491638796,11.036789297658862,11.705685618729097,77.25752508361204,3.678929765886288,73.57859531772574
E00135645,349,77,41,36,272,18,254,22.063037249283667,11.74785100286533,10.315186246418339,77.93696275071633,5.157593123209169,72.77936962750717
E00135646,429,64,26,38,365,18,347,14.918414918414918,6.0606060606060606,8.857808857808857,85.08158508158508,4.195804195804196,80.88578088578089
E00135647,428,84,45,39,344,23,321,19.626168224299064,10.514018691588785,9.11214953271028,80.37383177570094,5.373831775700935,75
E00135648,255,89,45,44,166,11,155,34.90196078431372,17.647058823529413,17.254901960784313,65.09803921568627,4.313725490196078,60.78431372549019
E00135649,587,142,96,46,445,26,419,24.190800681431003,16.35434412265758,7.836456558773425,75.809199318569,4.429301533219761,71.37989778534923
E00135650,354,82,44,38,272,21,251,23.163841807909606,12.429378531073446,10.734463276836157,76.8361581920904,5.932203389830509,70.90395480225989
E00135651,341,82,37,45,259,24,235,24.04692082111437,10.850439882697946,13.196480938416421,75.95307917888563,7.038123167155426,68.91495601173021
E00135652,350,61,31,30,289,20,269,17.42857142857143,8.857142857142856,8.571428571428571,82.57142857142857,5.714285714285714,76.85714285714286
E00135653,254,54,23,31,200,15,185,21.25984251968504,9.05511811023622,12.204724409448819,78.74015748031496,5.905511811023622,72.83464566929135
E00135654,536,90,33,57,446,59,387,16.791044776119403,6.156716417910448,10.634328358208956,83.2089552238806,11.007462686567164,72.20149253731343
E00135655,274,36,13,23,238,26,212,13.138686131386862,4.744525547445255,8.394160583941606,86.86131386861314,9.48905109489051,77.37226277372264
E00135656,285,47,12,35,238,21,217,16.49122807017544,4.2105263157894735,12.280701754385964,83.50877192982456,7.368421052631578,76.14035087719299
E00135657,305,46,12,34,259,36,223,15.081967213114755,3.934426229508197,11.147540983606557,84.91803278688525,11.80327868852459,73.11475409836066
E00135658,354,75,51,24,279,32,247,21.1864406779661,14.40677966101695,6.779661016949152,78.8135593220339,9.03954802259887,69.77401129943502
E00135659,303,38,7,31,265,34,231,12.541254125412541,2.31023102310231,10.231023102310232,87.45874587458746,11.221122112211221,76.23762376237624
E00135660,273,50,18,32,223,29,194,18.315018315018314,6.593406593406594,11.72161172161172,81.68498168498168,10.622710622710622,71.06227106227107
E00135661,400,70,30,40,330,28,302,17.5,7.5,10,82.5,7.000000000000001,75.5
E00135662,302,45,19,26,257,23,234,14.90066225165563,6.291390728476822,8.609271523178808,85.09933774834437,7.6158940397351,77.48344370860927
E00135663,317,92,51,41,225,24,201,29.02208201892745,16.08832807570978,12.933753943217665,70.97791798107255,7.570977917981073,63.40694006309149
E00135664,345,77,34,43,268,21,247,22.318840579710145,9.855072463768117,12.46376811594203,77.68115942028986,6.086956521739131,71.59420289855073
E00135665,310,71,35,36,239,19,220,22.903225806451612,11.29032258064516,11.612903225806452,77.09677419354838,6.129032258064516,70.96774193548387
E00135666,562,92,41,51,470,40,430,16.370106761565836,7.295373665480427,9.07473309608541,83.62989323843416,7.11743772241993,76.51245551601423
E00135667,261,74,35,39,187,12,175,28.35249042145594,13.409961685823754,14.942528735632186,71.64750957854406,4.597701149425287,67.04980842911877
E00135668,310,58,20,38,252,25,227,18.70967741935484,6.451612903225806,12.258064516129032,81.29032258064515,8.064516129032258,73.22580645161291
E00135669,287,56,17,39,231,25,206,19.51219512195122,5.923344947735192,13.588850174216027,80.48780487804879,8.710801393728223,71.77700348432056
E00135670,252,50,13,37,202,23,179,19.841269841269842,5.158730158730158,14.682539682539684,80.15873015873017,9.126984126984127,71.03174603174604
E00135671,276,83,36,47,193,14,179,30.07246376811594,13.043478260869565,17.02898550724638,69.92753623188406,5.072463768115942,64.85507246376811
E00135672,323,52,22,30,271,25,246,16.09907120743034,6.811145510835913,9.287925696594428,83.90092879256966,7.739938080495357,76.16099071207431
E00135674,293,51,24,27,242,20,222,17.4061433447099,8.19112627986348,9.215017064846416,82.5938566552901,6.825938566552901,75.76791808873719
E00135675,291,56,20,36,235,33,202,19.243986254295535,6.872852233676976,12.371134020618557,80.75601374570446,11.34020618556701,69.41580756013745
E00135676,263,77,39,38,186,16,170,29.277566539923956,14.82889733840304,14.44866920152091,70.72243346007605,6.083650190114068,64.63878326996198
E00135677,334,60,21,39,274,26,248,17.964071856287426,6.287425149700598,11.676646706586826,82.03592814371258,7.784431137724551,74.25149700598801
E00135678,268,41,15,26,227,23,204,15.298507462686567,5.597014925373134,9.701492537313433,84.70149253731343,8.582089552238806,76.11940298507463
E00135679,256,67,29,38,189,19,170,26.171875,11.328125,14.84375,73.828125,7.421875,66.40625
E00135680,174,36,11,25,138,18,120,20.689655172413794,6.321839080459771,14.367816091954023,79.3103448275862,10.344827586206897,68.96551724137932
E00135681,260,49,20,29,211,17,194,18.846153846153847,7.6923076923076925,11.153846153846155,81.15384615384616,6.538461538461539,74.61538461538461
E00135682,293,42,16,26,251,27,224,14.334470989761092,5.460750853242321,8.873720136518772,85.6655290102389,9.215017064846416,76.45051194539249
E00135683,299,59,25,34,240,26,214,19.732441471571907,8.361204013377927,11.37123745819398,80.2675585284281,8.695652173913043,71.57190635451505
E00135684,159,38,24,14,121,10,111,23.89937106918239,15.09433962264151,8.80503144654088,76.10062893081762,6.289308176100629,69.81132075471697
E00135685,280,48,24,24,232,22,210,17.142857142857142,8.571428571428571,8.571428571428571,82.85714285714286,7.857142857142857,75
E00135686,192,39,17,22,153,11,142,20.3125,8.854166666666668,11.458333333333332,79.6875,5.729166666666666,73.95833333333334
E00135687,237,42,29,13,195,15,180,17.72151898734177,12.236286919831224,5.485232067510549,82.27848101265823,6.329113924050633,75.9493670886076
E00135688,301,90,36,54,211,14,197,29.900332225913623,11.960132890365449,17.940199335548172,70.09966777408638,4.651162790697675,65.4485049833887
E00135689,402,84,29,55,318,28,290,20.8955223880597,7.213930348258707,13.681592039800993,79.1044776119403,6.965174129353234,72.13930348258707
E00135690,362,71,29,42,291,31,260,19.613259668508288,8.011049723756907,11.602209944751381,80.38674033149171,8.56353591160221,71.8232044198895
E00135691,364,75,28,47,289,34,255,20.604395604395602,7.6923076923076925,12.912087912087914,79.3956043956044,9.340659340659341,70.05494505494505
E00135692,288,69,21,48,219,21,198,23.958333333333336,7.291666666666667,16.666666666666664,76.04166666666666,7.291666666666667,68.75
E00135693,207,28,8,20,179,14,165,13.526570048309178,3.864734299516908,9.66183574879227,86.47342995169082,6.763285024154589,79.71014492753623
E00135694,238,71,42,29,167,19,148,29.831932773109244,17.647058823529413,12.184873949579831,70.16806722689076,7.9831932773109235,62.18487394957983
E00135695,282,68,28,40,214,17,197,24.113475177304963,9.929078014184398,14.184397163120568,75.88652482269504,6.028368794326241,69.8581560283688
E00135697,305,65,33,32,240,23,217,21.311475409836063,10.819672131147541,10.491803278688524,78.68852459016394,7.540983606557377,71.14754098360656
E00135698,208,35,12,23,173,21,152,16.826923076923077,5.769230769230769,11.057692307692307,83.17307692307693,10.096153846153847,73.07692307692307
E00135699,282,69,23,46,213,20,193,24.46808510638298,8.156028368794328,16.312056737588655,75.53191489361703,7.092198581560284,68.43971631205675
E00135700,206,62,25,37,144,24,120,30.097087378640776,12.135922330097088,17.96116504854369,69.90291262135922,11.650485436893204,58.252427184466015
E00135701,344,71,26,45,273,17,256,20.63953488372093,7.55813953488372,13.08139534883721,79.36046511627907,4.941860465116279,74.4186046511628
E00135702,104,23,8,15,81,8,73,22.115384615384613,7.6923076923076925,14.423076923076922,77.88461538461539,7.6923076923076925,70.1923076923077
E00135703,284,70,30,40,214,19,195,24.647887323943664,10.56338028169014,14.084507042253522,75.35211267605634,6.690140845070422,68.66197183098592
E00135704,201,30,13,17,171,4,167,14.925373134328357,6.467661691542288,8.45771144278607,85.07462686567165,1.9900497512437811,83.08457711442786
E00135705,265,65,27,38,200,15,185,24.528301886792452,10.18867924528302,14.339622641509434,75.47169811320755,5.660377358490567,69.81132075471697
E00135706,201,75,38,37,126,5,121,37.3134328358209,18.90547263681592,18.407960199004975,62.68656716417911,2.4875621890547266,60.19900497512438
E00135707,238,40,16,24,198,26,172,16.80672268907563,6.722689075630252,10.084033613445378,83.19327731092437,10.92436974789916,72.26890756302521
E00135708,304,51,17,34,253,21,232,16.776315789473685,5.592105263157895,11.18421052631579,83.22368421052632,6.907894736842106,76.31578947368422
E00135709,305,78,34,44,227,13,214,25.573770491803277,11.147540983606557,14.426229508196723,74.42622950819671,4.2622950819672125,70.16393442622952
E00135710,414,129,59,70,285,25,260,31.15942028985507,14.251207729468598,16.908212560386474,68.84057971014492,6.038647342995169,62.80193236714976
E00135711,242,70,26,44,172,25,147,28.92561983471074,10.743801652892563,18.181818181818183,71.07438016528926,10.330578512396695,60.74380165289256
E00135712,313,64,29,35,249,31,218,20.447284345047922,9.26517571884984,11.182108626198083,79.55271565495208,9.904153354632587,69.6485623003195
E00135713,282,75,32,43,207,16,191,26.595744680851062,11.347517730496454,15.24822695035461,73.40425531914893,5.673758865248227,67.73049645390071
E00135714,231,34,16,18,197,34,163,14.71861471861472,6.926406926406926,7.792207792207792,85.28138528138528,14.71861471861472,70.56277056277057
E00135715,333,75,39,36,258,32,226,22.52252252252252,11.711711711711711,10.81081081081081,77.47747747747748,9.60960960960961,67.86786786786787
E00135716,487,106,52,54,381,33,348,21.765913757700204,10.677618069815194,11.088295687885012,78.2340862422998,6.7761806981519515,71.45790554414785
E00135717,254,56,17,39,198,21,177,22.04724409448819,6.692913385826772,15.354330708661418,77.95275590551181,8.267716535433072,69.68503937007874
E00135718,229,39,23,16,190,24,166,17.03056768558952,10.043668122270741,6.986899563318777,82.96943231441048,10.480349344978166,72.48908296943232
E00135719,279,78,26,52,201,19,182,27.956989247311824,9.31899641577061,18.63799283154122,72.04301075268818,6.810035842293908,65.23297491039428
E00135720,281,86,49,37,195,22,173,30.604982206405694,17.437722419928825,13.167259786476867,69.3950177935943,7.829181494661921,61.56583629893239
E00135721,406,84,30,54,322,33,289,20.689655172413794,7.389162561576355,13.30049261083744,79.3103448275862,8.12807881773399,71.18226600985221
E00135722,248,59,15,44,189,20,169,23.790322580645164,6.048387096774194,17.741935483870968,76.20967741935483,8.064516129032258,68.14516129032258
E00135723,260,71,35,36,189,16,173,27.307692307692307,13.461538461538462,13.846153846153847,72.6923076923077,6.153846153846154,66.53846153846153
E00135724,267,52,29,23,215,17,198,19.475655430711612,10.861423220973784,8.614232209737828,80.52434456928839,6.367041198501873,74.15730337078652
E00135725,329,85,42,43,244,18,226,25.835866261398177,12.76595744680851,13.069908814589665,74.16413373860182,5.47112462006079,68.69300911854104
E00135726,323,83,34,49,240,15,225,25.696594427244584,10.526315789473683,15.170278637770899,74.30340557275542,4.643962848297214,69.65944272445822
E00135727,274,52,21,31,222,13,209,18.97810218978102,7.664233576642336,11.313868613138686,81.02189781021897,4.744525547445255,76.27737226277372
E00135729,252,50,27,23,202,8,194,19.841269841269842,10.714285714285714,9.126984126984127,80.15873015873017,3.1746031746031744,76.98412698412699
E00135730,363,74,33,41,289,24,265,20.385674931129476,9.090909090909092,11.294765840220386,79.61432506887053,6.6115702479338845,73.00275482093664
E00135731,312,78,31,47,234,21,213,25,9.935897435897436,15.064102564102564,75,6.730769230769231,68.26923076923077
E00135733,271,43,19,24,228,22,206,15.867158671586715,7.011070110701106,8.856088560885608,84.13284132841329,8.118081180811808,76.01476014760148
E00135734,467,77,26,51,390,37,353,16.488222698072803,5.567451820128479,10.920770877944326,83.5117773019272,7.922912205567452,75.58886509635975
E00135735,337,54,17,37,283,31,252,16.023738872403563,5.044510385756676,10.979228486646884,83.97626112759644,9.198813056379821,74.77744807121661
E00135736,272,66,24,42,206,16,190,24.264705882352942,8.823529411764707,15.441176470588236,75.73529411764706,5.88235294117647,69.85294117647058
E00135737,516,55,19,36,461,26,435,10.65891472868217,3.6821705426356592,6.976744186046512,89.34108527131784,5.038759689922481,84.30232558139535
E00135740,355,99,39,60,256,22,234,27.887323943661972,10.985915492957748,16.901408450704224,72.11267605633803,6.197183098591549,65.91549295774648
E00135741,284,88,45,43,196,14,182,30.985915492957744,15.845070422535212,15.140845070422534,69.01408450704226,4.929577464788732,64.08450704225352
E00135742,368,71,24,47,297,29,268,19.293478260869566,6.521739130434782,12.771739130434783,80.70652173913044,7.880434782608696,72.82608695652173
E00135743,230,45,22,23,185,29,156,19.565217391304348,9.565217391304348,10,80.43478260869566,12.608695652173912,67.82608695652173
E00135744,219,65,22,43,154,7,147,29.68036529680365,10.045662100456621,19.63470319634703,70.31963470319634,3.1963470319634704,67.12328767123287
E00135745,183,57,23,34,126,21,105,31.147540983606557,12.568306010928962,18.579234972677597,68.85245901639344,11.475409836065573,57.377049180327866
E00135746,219,51,20,31,168,10,158,23.28767123287671,9.1324200913242,14.15525114155251,76.71232876712328,4.5662100456621,72.14611872146118
E00135747,198,35,12,23,163,20,143,17.67676767676768,6.0606060606060606,11.616161616161616,82.32323232323232,10.1010101010101,72.22222222222221
E00135748,295,35,10,25,260,32,228,11.864406779661017,3.389830508474576,8.47457627118644,88.13559322033898,10.847457627118644,77.28813559322035
E00135749,291,52,19,33,239,22,217,17.869415807560138,6.529209621993128,11.34020618556701,82.13058419243985,7.560137457044673,74.5704467353952
E00135750,315,41,12,29,274,30,244,13.015873015873018,3.8095238095238098,9.206349206349207,86.98412698412699,9.523809523809524,77.46031746031747
E00135752,387,91,51,40,296,35,261,23.51421188630491,13.178294573643413,10.335917312661499,76.48578811369508,9.043927648578812,67.44186046511628
E00135753,297,51,15,36,246,23,223,17.17171717171717,5.05050505050505,12.121212121212121,82.82828282828282,7.744107744107744,75.08417508417509
E00135754,442,79,35,44,363,33,330,17.873303167420815,7.918552036199094,9.95475113122172,82.12669683257919,7.46606334841629,74.6606334841629
E00135755,381,58,13,45,323,21,302,15.223097112860891,3.4120734908136483,11.811023622047244,84.7769028871391,5.511811023622047,79.26509186351706
E00135756,307,53,18,35,254,28,226,17.263843648208468,5.863192182410423,11.400651465798045,82.73615635179154,9.120521172638437,73.61563517915309
E00135757,240,52,14,38,188,32,156,21.666666666666668,5.833333333333333,15.833333333333332,78.33333333333333,13.333333333333334,65
E00135758,295,43,13,30,252,25,227,14.576271186440678,4.406779661016949,10.16949152542373,85.42372881355932,8.47457627118644,76.94915254237287
E00135759,266,47,18,29,219,21,198,17.669172932330827,6.7669172932330826,10.902255639097744,82.33082706766918,7.894736842105263,74.43609022556392
E00135760,394,78,31,47,316,29,287,19.796954314720814,7.868020304568528,11.928934010152284,80.20304568527918,7.3604060913705585,72.84263959390863
E00135761,310,78,36,42,232,27,205,25.161290322580644,11.612903225806452,13.548387096774196,74.83870967741936,8.709677419354838,66.12903225806451
E00135762,288,65,35,30,223,21,202,22.569444444444446,12.152777777777777,10.416666666666668,77.43055555555556,7.291666666666667,70.13888888888889
E00135763,362,63,38,25,299,21,278,17.403314917127073,10.497237569060774,6.906077348066299,82.59668508287292,5.801104972375691,76.79558011049724
E00135764,455,65,21,44,390,31,359,14.285714285714285,4.615384615384616,9.6703296703296715,85.71428571428571,6.813186813186813,78.9010989010989
E00135765,417,69,34,35,348,40,308,16.546762589928058,8.15347721822542,8.393285371702639,83.45323741007195,9.59232613908873,73.86091127098321
E00135766,418,102,48,54,316,32,284,24.401913875598087,11.483253588516746,12.918660287081341,75.5980861244019,7.655502392344498,67.94258373205741
E00135767,253,63,30,33,190,11,179,24.90118577075099,11.857707509881422,13.043478260869565,75.09881422924902,4.3478260869565215,70.7509881422925
E00135768,399,90,40,50,309,25,284,22.55639097744361,10.025062656641603,12.531328320802004,77.44360902255639,6.265664160401002,71.17794486215539
E00135769,319,62,29,33,257,24,233,19.435736677115987,9.090909090909092,10.344827586206897,80.56426332288402,7.523510971786834,73.04075235109718
E00135770,335,63,23,40,272,18,254,18.80597014925373,6.865671641791045,11.940298507462686,81.19402985074626,5.3731343283582085,75.82089552238806
E00135771,301,53,22,31,248,25,223,17.60797342192691,7.308970099667775,10.299003322259136,82.39202657807309,8.305647840531561,74.08637873754152
E00135772,323,99,49,50,224,22,202,30.65015479876161,15.170278637770899,15.479876160990713,69.3498452012384,6.811145510835913,62.538699690402474
E00135773,294,72,27,45,222,20,202,24.489795918367346,9.183673469387756,15.306122448979592,75.51020408163265,6.802721088435375,68.70748299319727
E00135774,268,61,27,34,207,14,193,22.761194029850746,10.074626865671641,12.686567164179104,77.23880597014924,5.223880597014925,72.01492537313433
E00135775,381,55,19,36,326,25,301,14.435695538057743,4.986876640419948,9.448818897637794,85.56430446194226,6.561679790026247,79.00262467191601
E00135776,424,35,18,17,389,36,353,8.254716981132075,4.245283018867925,4.009433962264151,91.74528301886792,8.49056603773585,83.25471698113208
E00135777,309,44,13,31,265,19,246,14.239482200647249,4.207119741100324,10.032362459546926,85.76051779935275,6.148867313915858,79.6116504854369
E00135778,292,40,10,30,252,29,223,13.698630136986301,3.4246575342465753,10.273972602739725,86.3013698630137,9.931506849315069,76.36986301369863
E00135779,315,59,27,32,256,16,240,18.73015873015873,8.571428571428571,10.158730158730158,81.26984126984127,5.079365079365079,76.19047619047619
E00135780,534,67,17,50,467,36,431,12.54681647940075,3.1835205992509366,9.363295880149813,87.45318352059925,6.741573033707865,80.71161048689139
E00135781,305,65,23,42,240,24,216,21.311475409836063,7.540983606557377,13.77049180327869,78.68852459016394,7.868852459016394,70.81967213114754
E00135782,455,82,34,48,373,39,334,18.021978021978022,7.472527472527473,10.54945054945055,81.97802197802197,8.571428571428571,73.4065934065934
E00135783,477,74,33,41,403,38,365,15.513626834381553,6.918238993710692,8.59538784067086,84.48637316561845,7.966457023060797,76.51991614255765
E00135784,445,69,33,36,376,28,348,15.505617977528091,7.415730337078652,8.089887640449438,84.49438202247191,6.292134831460674,78.20224719101122
E00135785,345,76,39,37,269,24,245,22.028985507246375,11.304347826086957,10.72463768115942,77.97101449275362,6.956521739130435,71.01449275362319
E00135786,352,94,39,55,258,20,238,26.704545454545453,11.079545454545455,15.625,73.29545454545455,5.681818181818182,67.61363636363636
E00135787,455,89,41,48,366,27,339,19.560439560439562,9.010989010989011,10.54945054945055,80.43956043956044,5.934065934065933,74.50549450549451
E00135788,334,89,39,50,245,21,224,26.646706586826348,11.676646706586826,14.97005988023952,73.35329341317365,6.287425149700598,67.06586826347305
E00135789,430,87,31,56,343,33,310,20.232558139534884,7.209302325581396,13.023255813953488,79.76744186046511,7.674418604651163,72.09302325581395
E00135790,400,95,55,40,305,21,284,23.75,13.750000000000002,10,76.25,5.25,71
E00135791,336,52,18,34,284,24,260,15.476190476190476,5.357142857142857,10.119047619047619,84.52380952380952,7.142857142857142,77.38095238095238
E00135792,369,55,20,35,314,29,285,14.905149051490515,5.420054200542006,9.48509485094851,85.09485094850947,7.8590785907859075,77.23577235772358
E00135793,294,90,54,36,204,23,181,30.612244897959183,18.367346938775512,12.244897959183673,69.38775510204081,7.8231292517006805,61.564625850340136
E00135794,265,55,24,31,210,24,186,20.754716981132077,9.056603773584905,11.69811320754717,79.24528301886792,9.056603773584905,70.18867924528301
E00135795,236,35,10,25,201,20,181,14.83050847457627,4.23728813559322,10.59322033898305,85.16949152542372,8.47457627118644,76.69491525423729
E00135796,260,49,19,30,211,24,187,18.846153846153847,7.307692307692308,11.538461538461538,81.15384615384616,9.230769230769232,71.92307692307692
E00135797,321,80,36,44,241,22,219,24.922118380062305,11.214953271028037,13.707165109034266,75.0778816199377,6.853582554517133,68.22429906542055
E00135798,262,68,25,43,194,21,173,25.954198473282442,9.541984732824428,16.412213740458014,74.04580152671755,8.015267175572518,66.03053435114504
E00135799,380,80,44,36,300,37,263,21.052631578947366,11.578947368421053,9.473684210526317,78.94736842105263,9.736842105263158,69.21052631578948
E00135800,404,105,38,67,299,36,263,25.99009900990099,9.405940594059405,16.584158415841586,74.00990099009901,8.91089108910891,65.0990099009901
E00135801,432,80,23,57,352,33,319,18.51851851851852,5.324074074074074,13.194444444444445,81.48148148148148,7.638888888888889,73.8425925925926
E00135802,404,90,50,40,314,39,275,22.277227722772277,12.376237623762377,9.900990099009901,77.72277227722772,9.653465346534654,68.06930693069307
E00135803,375,70,32,38,305,22,283,18.666666666666668,8.533333333333333,10.133333333333333,81.33333333333333,5.866666666666666,75.46666666666667
E00135804,369,99,47,52,270,23,247,26.82926829268293,12.737127371273713,14.092140921409213,73.17073170731707,6.233062330623306,66.93766937669376
E00135805,438,87,41,46,351,36,315,19.863013698630137,9.360730593607306,10.50228310502283,80.13698630136986,8.21917808219178,71.91780821917808
E00135806,357,77,37,40,280,33,247,21.568627450980394,10.364145658263306,11.204481792717088,78.43137254901961,9.243697478991598,69.187675070028
E00135807,563,95,41,54,468,38,430,16.873889875666073,7.282415630550622,9.591474245115453,83.12611012433393,6.74955595026643,76.3765541740675
E00135808,447,101,55,46,346,21,325,22.595078299776286,12.304250559284116,10.290827740492169,77.40492170022371,4.697986577181208,72.7069351230425
E00135809,349,69,29,40,280,17,263,19.770773638968482,8.30945558739255,11.461318051575931,80.22922636103151,4.871060171919771,75.35816618911176
E00135810,225,40,12,28,185,17,168,17.77777777777778,5.333333333333334,12.444444444444445,82.22222222222221,7.555555555555555,74.66666666666667
E00135811,340,63,27,36,277,28,249,18.529411764705884,7.941176470588235,10.588235294117647,81.47058823529412,8.235294117647058,73.23529411764706
E00135812,298,75,33,42,223,30,193,25.16778523489933,11.073825503355705,14.093959731543624,74.83221476510067,10.06711409395973,64.76510067114094
E00135813,387,72,39,33,315,25,290,18.6046511627907,10.077519379844961,8.527131782945736,81.3953488372093,6.459948320413436,74.93540051679587
E00135814,343,75,30,45,268,28,240,21.865889212827987,8.746355685131196,13.119533527696792,78.134110787172,8.16326530612245,69.97084548104957
E00135815,483,64,28,36,419,48,371,13.250517598343686,5.797101449275362,7.453416149068323,86.74948240165632,9.937888198757763,76.81159420289855
E00135816,456,78,26,52,378,37,341,17.105263157894736,5.701754385964912,11.403508771929824,82.89473684210526,8.114035087719298,74.78070175438597
E00135817,359,62,17,45,297,31,266,17.270194986072422,4.735376044568245,12.534818941504177,82.72980501392759,8.635097493036211,74.09470752089136
E00135818,271,64,30,34,207,22,185,23.616236162361623,11.07011070110701,12.546125461254611,76.38376383763837,8.118081180811808,68.26568265682657
E00135819,351,73,22,51,278,27,251,20.7977207977208,6.267806267806268,14.529914529914532,79.2022792022792,7.6923076923076925,71.50997150997152
E00135820,382,53,20,33,329,33,296,13.874345549738221,5.2356020942408374,8.638743455497382,86.12565445026178,8.638743455497382,77.4869109947644
E00135821,444,85,30,55,359,36,323,19.144144144144143,6.756756756756757,12.387387387387387,80.85585585585585,8.108108108108109,72.74774774774775
E00135822,330,68,39,29,262,30,232,20.606060606060606,11.818181818181818,8.787878787878787,79.39393939393939,9.090909090909092,70.3030303030303
E00135823,289,50,18,32,239,40,199,17.301038062283737,6.228373702422145,11.072664359861593,82.69896193771626,13.84083044982699,68.85813148788927
E00135824,294,79,37,42,215,10,205,26.87074829931973,12.585034013605442,14.285714285714285,73.12925170068027,3.4013605442176873,69.72789115646259
E00135825,285,62,25,37,223,20,203,21.75438596491228,8.771929824561402,12.982456140350877,78.24561403508771,7.017543859649122,71.2280701754386
E00135826,326,60,23,37,266,18,248,18.404907975460123,7.05521472392638,11.349693251533742,81.59509202453987,5.521472392638037,76.07361963190185
E00135827,277,53,17,36,224,39,185,19.133574007220215,6.137184115523466,12.996389891696749,80.86642599277978,14.079422382671481,66.78700361010831
E00135828,297,54,19,35,243,20,223,18.181818181818183,6.397306397306397,11.784511784511785,81.81818181818183,6.7340067340067336,75.08417508417509
E00135829,299,53,17,36,246,26,220,17.725752508361204,5.68561872909699,12.040133779264215,82.2742474916388,8.695652173913043,73.57859531772574
E00135830,316,39,11,28,277,31,246,12.341772151898734,3.481012658227848,8.860759493670885,87.65822784810126,9.81012658227848,77.84810126582279
E00135831,223,34,14,20,189,23,166,15.246636771300448,6.278026905829597,8.968609865470851,84.75336322869956,10.31390134529148,74.43946188340807
E00135832,223,71,32,39,152,13,139,31.838565022421523,14.349775784753364,17.48878923766816,68.16143497757847,5.829596412556054,62.33183856502242
E00135833,339,67,33,34,272,22,250,19.76401179941003,9.734513274336283,10.029498525073747,80.23598820058997,6.489675516224189,73.74631268436578
E00135834,303,68,37,31,235,24,211,22.442244224422442,12.211221122112212,10.231023102310232,77.55775577557755,7.920792079207921,69.63696369636963
E00135835,366,44,12,32,322,35,287,12.021857923497267,3.278688524590164,8.743169398907105,87.97814207650273,9.562841530054644,78.41530054644808
E00135836,266,45,16,29,221,23,198,16.917293233082706,6.015037593984962,10.902255639097744,83.0827067669173,8.646616541353383,74.43609022556392
E00135837,245,35,13,22,210,18,192,14.285714285714285,5.3061224489795915,8.979591836734693,85.71428571428571,7.346938775510205,78.36734693877551
E00135838,190,37,14,23,153,21,132,19.473684210526315,7.368421052631578,12.105263157894736,80.52631578947368,11.052631578947368,69.47368421052632
E00135839,468,134,56,78,334,21,313,28.63247863247863,11.965811965811966,16.666666666666664,71.36752136752136,4.487179487179487,66.88034188034187
E00135840,273,66,25,41,207,23,184,24.175824175824175,9.157509157509157,15.018315018315018,75.82417582417582,8.424908424908425,67.3992673992674
E00135841,401,72,35,37,329,43,286,17.955112219451372,8.728179551122196,9.226932668329177,82.04488778054862,10.723192019950124,71.3216957605985
E00135842,381,75,26,49,306,21,285,19.68503937007874,6.824146981627297,12.860892388451445,80.31496062992126,5.511811023622047,74.80314960629921
E00135843,367,59,27,32,308,25,283,16.076294277929154,7.3569482288828345,8.71934604904632,83.92370572207084,6.811989100817439,77.11171662125341
E00135844,384,97,37,60,287,20,267,25.260416666666668,9.635416666666668,15.625,74.73958333333334,5.208333333333334,69.53125
E00135845,356,83,39,44,273,31,242,23.314606741573034,10.955056179775282,12.359550561797752,76.68539325842697,8.707865168539326,67.97752808988764
E00135846,205,39,16,23,166,13,153,19.024390243902438,7.804878048780488,11.219512195121952,80.97560975609757,6.341463414634147,74.63414634146342
E00135847,344,66,25,41,278,35,243,19.186046511627907,7.267441860465117,11.918604651162791,80.81395348837209,10.174418604651162,70.63953488372093
E00135848,272,52,13,39,220,29,191,19.11764705882353,4.779411764705882,14.338235294117647,80.88235294117648,10.661764705882353,70.22058823529412
E00135849,242,53,21,32,189,22,167,21.90082644628099,8.677685950413224,13.223140495867769,78.099173553719,9.090909090909092,69.00826446280992
E00135850,377,83,36,47,294,22,272,22.015915119363395,9.549071618037134,12.46684350132626,77.9840848806366,5.835543766578249,72.14854111405835
E00135851,473,96,46,50,377,32,345,20.29598308668076,9.725158562367865,10.570824524312897,79.70401691331924,6.765327695560254,72.93868921775899
E00135852,366,68,20,48,298,22,276,18.579234972677597,5.46448087431694,13.114754098360656,81.4207650273224,6.0109289617486334,75.40983606557377
E00135853,327,74,36,38,253,24,229,22.629969418960243,11.009174311926607,11.62079510703364,77.37003058103976,7.339449541284404,70.03058103975535
E00135854,234,40,18,22,194,17,177,17.094017094017094,7.6923076923076925,9.401709401709402,82.90598290598291,7.264957264957266,75.64102564102564
E00135855,548,123,56,67,425,40,385,22.445255474452555,10.218978102189782,12.226277372262775,77.55474452554745,7.2992700729927,70.25547445255475
E00135856,320,54,25,29,266,22,244,16.875,7.8125,9.0625,83.125,6.875000000000001,76.25
E00135857,323,82,43,39,241,27,214,25.386996904024766,13.312693498452013,12.074303405572756,74.61300309597523,8.359133126934983,66.25386996904025
E00135858,350,70,20,50,280,23,257,20,5.714285714285714,14.285714285714285,80,6.571428571428571,73.42857142857143
E00135859,366,83,43,40,283,24,259,22.6775956284153,11.748633879781421,10.92896174863388,77.3224043715847,6.557377049180328,70.76502732240438
E00135860,418,92,35,57,326,34,292,22.00956937799043,8.373205741626794,13.636363636363635,77.99043062200957,8.133971291866029,69.85645933014354
E00169847,561,94,34,60,467,34,433,16.755793226381464,6.0606060606060606,10.695187165775401,83.24420677361853,6.0606060606060606,77.18360071301248
E00169848,372,45,24,21,327,16,311,12.096774193548388,6.451612903225806,5.64516129032258,87.90322580645162,4.301075268817205,83.60215053763442
E00169849,468,56,25,31,412,41,371,11.965811965811966,5.3418803418803416,6.623931623931624,88.03418803418803,8.76068376068376,79.27350427350427
E00169850,312,72,32,40,240,25,215,23.076923076923077,10.256410256410255,12.82051282051282,76.92307692307693,8.012820512820513,68.91025641025641
E00169851,447,66,14,52,381,34,347,14.76510067114094,3.131991051454139,11.6331096196868,85.23489932885906,7.606263982102908,77.62863534675614
E00169852,134,67,32,35,67,4,63,50,23.88059701492537,26.119402985074625,50,2.9850746268656714,47.01492537313433
E00169853,168,60,26,34,108,9,99,35.714285714285715,15.476190476190476,20.238095238095237,64.28571428571429,5.357142857142857,58.92857142857143
E00169854,189,53,25,28,136,14,122,28.04232804232804,13.227513227513226,14.814814814814813,71.95767195767195,7.4074074074074066,64.55026455026454
E00169855,188,42,14,28,146,13,133,22.340425531914892,7.446808510638298,14.893617021276595,77.6595744680851,6.914893617021277,70.74468085106383
E00169856,308,39,8,31,269,24,245,12.662337662337661,2.5974025974025974,10.064935064935066,87.33766233766234,7.792207792207792,79.54545454545455
E00169857,331,39,12,27,292,28,264,11.782477341389729,3.625377643504532,8.157099697885197,88.21752265861026,8.459214501510575,79.7583081570997
E00169858,397,61,24,37,336,15,321,15.365239294710328,6.045340050377834,9.319899244332493,84.63476070528966,3.7783375314861463,80.85642317380352
E00169859,369,46,22,24,323,29,294,12.466124661246612,5.9620596205962055,6.504065040650407,87.53387533875339,7.8590785907859075,79.67479674796748
E00169860,283,67,39,28,216,23,193,23.674911660777383,13.780918727915195,9.89399293286219,76.32508833922262,8.12720848056537,68.19787985865725
E00169861,601,13,1,12,588,26,562,2.1630615640599005,0.16638935108153077,1.9966722129783694,97.8369384359401,4.326123128119801,93.5108153078203
E00169862,287,43,18,25,244,18,226,14.982578397212542,6.2717770034843205,8.710801393728223,85.01742160278745,6.2717770034843205,78.74564459930313
E00169863,254,12,2,10,242,24,218,4.724409448818897,0.7874015748031495,3.937007874015748,95.2755905511811,9.448818897637794,85.8267716535433
E00169865,360,50,12,38,310,27,283,13.88888888888889,3.3333333333333335,10.555555555555555,86.11111111111111,7.5,78.61111111111111
E00169866,427,71,38,33,356,35,321,16.627634660421545,8.899297423887589,7.728337236533958,83.37236533957847,8.19672131147541,75.17564402810304
E00169867,265,39,14,25,226,21,205,14.716981132075471,5.283018867924529,9.433962264150944,85.28301886792453,7.9245283018867925,77.35849056603774
E00169868,290,62,27,35,228,25,203,21.379310344827587,9.310344827586208,12.068965517241379,78.62068965517241,8.620689655172415,70
E00184645,360,25,9,16,335,19,316,6.944444444444445,2.5,4.444444444444445,93.05555555555556,5.277777777777778,87.77777777777777
E00184646,291,45,15,30,246,23,223,15.463917525773196,5.154639175257731,10.309278350515463,84.5360824742268,7.903780068728522,76.6323024054983
E00184654,317,66,21,45,251,30,221,20.82018927444795,6.624605678233439,14.195583596214512,79.17981072555204,9.46372239747634,69.71608832807571
E00184658,534,101,39,62,433,34,399,18.91385767790262,7.303370786516854,11.610486891385769,81.08614232209737,6.367041198501873,74.71910112359551
E00184659,99,16,7,9,83,11,72,16.161616161616163,7.07070707070707,9.090909090909092,83.83838383838383,11.11111111111111,72.72727272727273
E00184668,419,57,27,30,362,33,329,13.60381861575179,6.443914081145586,7.159904534606206,86.39618138424821,7.875894988066825,78.52028639618138
E00184669,499,124,69,55,375,33,342,24.849699398797593,13.827655310621243,11.022044088176353,75.1503006012024,6.613226452905812,68.5370741482966
E00184670,460,80,33,47,380,42,338,17.391304347826086,7.173913043478261,10.217391304347826,82.6086956521739,9.130434782608695,73.47826086956522
E00184679,369,57,28,29,312,26,286,15.447154471544716,7.588075880758807,7.8590785907859075,84.5528455284553,7.046070460704606,77.50677506775068
E00184682,107,15,6,9,92,11,81,14.018691588785046,5.607476635514018,8.411214953271028,85.98130841121495,10.2803738317757,75.70093457943925
E00184683,176,29,15,14,147,9,138,16.477272727272727,8.522727272727272,7.954545454545454,83.52272727272727,5.113636363636364,78.4090909090909
E00184684,547,153,52,101,394,37,357,27.97074954296161,9.506398537477148,18.46435100548446,72.0292504570384,6.764168190127971,65.26508226691043
E00184686,210,47,26,21,163,13,150,22.380952380952383,12.380952380952381,10,77.61904761904762,6.190476190476191,71.42857142857143
E00184693,108,21,7,14,87,11,76,19.444444444444446,6.481481481481481,12.962962962962962,80.55555555555556,10.185185185185185,70.37037037037037
E00184696,381,42,14,28,339,23,316,11.023622047244094,3.674540682414698,7.349081364829396,88.9763779527559,6.036745406824147,82.93963254593176
E00184699,372,68,25,43,304,25,279,18.27956989247312,6.720430107526881,11.559139784946236,81.72043010752688,6.720430107526881,75
E00184700,312,42,16,26,270,12,258,13.461538461538462,5.128205128205128,8.333333333333332,86.53846153846155,3.8461538461538463,82.6923076923077
E00184701,226,21,13,8,205,15,190,9.29203539823009,5.752212389380531,3.5398230088495577,90.7079646017699,6.637168141592921,84.070796460177
E00184704,283,58,24,34,225,12,213,20.49469964664311,8.480565371024735,12.014134275618375,79.50530035335689,4.240282685512367,75.26501766784452
E00184713,400,77,24,53,323,24,299,19.25,6,13.25,80.75,6,74.75
E00184717,498,75,21,54,423,49,374,15.060240963855422,4.216867469879518,10.843373493975903,84.93975903614458,9.839357429718875,75.1004016064257
E00184722,130,22,10,12,108,10,98,16.923076923076923,7.6923076923076925,9.230769230769232,83.07692307692308,7.6923076923076925,75.38461538461539
E00184725,297,38,12,26,259,25,234,12.794612794612794,4.040404040404041,8.754208754208754,87.20538720538721,8.417508417508419,78.78787878787878
E00184726,127,40,20,20,87,15,72,31.496062992125985,15.748031496062993,15.748031496062993,68.50393700787401,11.811023622047244,56.69291338582677
