OA,ts0380001,ts0380002,ts0380003,ts0380004,ts0380005,ts0380006,ts0380007,ts0380002_PCT,ts0380003_PCT,ts0380004_PCT,ts0380005_PCT,ts0380006_PCT,ts0380007_PCT
E00038789,257,75,37,38,182,14,168,29.18287937743191,14.396887159533073,14.785992217898833,70.8171206225681,5.447470817120623,65.36964980544747
E00038790,444,69,22,47,375,33,342,15.54054054054054,4.954954954954955,10.585585585585585,84.45945945945947,7.4324324324324325,77.02702702702703
E00038791,347,51,17,34,296,28,268,14.697406340057636,4.899135446685879,9.798270893371757,85.30259365994236,8.069164265129682,77.23342939481267
E00038792,348,84,40,44,264,16,248,24.137931034482758,11.494252873563218,12.643678160919542,75.86206896551724,4.597701149425287,71.26436781609196
E00038793,295,53,18,35,242,22,220,17.966101694915253,6.101694915254238,11.864406779661017,82.03389830508473,7.457627118644068,74.57627118644068
E00038794,239,49,18,31,190,15,175,20.502092050209207,7.531380753138076,12.97071129707113,79.49790794979079,6.2761506276150625,73.22175732217573
E00038795,272,43,16,27,229,23,206,15.808823529411764,5.88235294117647,9.926470588235293,84.19117647058823,8.455882352941178,75.73529411764706
E00038796,276,65,26,39,211,14,197,23.55072463768116,9.420289855072465,14.130434782608695,76.44927536231883,5.072463768115942,71.37681159420289
E00038797,343,56,19,37,287,32,255,16.3265306122449,5.539358600583091,10.787172011661808,83.6734693877551,9.329446064139942,74.34402332361516
E00038798,147,23,6,17,124,8,116,15.646258503401361,4.081632653061225,11.564625850340136,84.35374149659864,5.442176870748299,78.91156462585033
E00038799,246,33,13,20,213,22,191,13.414634146341465,5.284552845528456,8.130081300813007,86.58536585365853,8.94308943089431,77.64227642276423
E00038800,409,51,19,32,358,31,327,12.469437652811736,4.645476772616137,7.823960880195599,87.53056234718827,7.579462102689487,79.95110024449878
E00038801,309,50,24,26,259,25,234,16.181229773462782,7.766990291262135,8.414239482200648,83.81877022653723,8.090614886731391,75.72815533980582
E00038802,269,46,24,22,223,27,196,17.100371747211895,8.921933085501859,8.178438661710038,82.8996282527881,10.037174721189592,72.86245353159852
E00038803,275,48,25,23,227,25,202,17.454545454545457,9.090909090909092,8.363636363636363,82.54545454545455,9.090909090909092,73.45454545454545
E00038804,256,55,18,37,201,19,182,21.484375,7.03125,14.453125,78.515625,7.421875,71.09375
E00038805,244,48,13,35,196,19,177,19.672131147540984,5.327868852459016,14.344262295081966,80.32786885245902,7.786885245901639,72.54098360655738
E00038806,259,51,22,29,208,20,188,19.69111969111969,8.494208494208493,11.196911196911197,80.3088803088803,7.722007722007722,72.58687258687259
E00038807,273,61,22,39,212,25,187,22.344322344322347,8.058608058608058,14.285714285714285,77.65567765567766,9.157509157509157,68.4981684981685
E00038808,289,89,42,47,200,26,174,30.79584775086505,14.53287197231834,16.26297577854671,69.20415224913495,8.996539792387544,60.207612456747405
E00038809,294,45,24,21,249,32,217,15.306122448979592,8.16326530612245,7.142857142857142,84.6938775510204,10.884353741496598,73.80952380952381
E00038810,213,39,21,18,174,16,158,18.30985915492958,9.859154929577464,8.450704225352112,81.69014084507043,7.511737089201878,74.17840375586854
E00038811,408,57,18,39,351,29,322,13.970588235294118,4.411764705882353,9.558823529411764,86.02941176470588,7.107843137254902,78.92156862745098
E00038812,282,102,52,50,180,14,166,36.17021276595745,18.439716312056735,17.73049645390071,63.829787234042556,4.964539007092199,58.86524822695035
E00038813,170,37,12,25,133,12,121,21.764705882352942,7.0588235294117645,14.705882352941178,78.23529411764706,7.0588235294117645,71.17647058823529
E00038814,296,87,39,48,209,16,193,29.39189189189189,13.175675675675674,16.216216216216218,70.6081081081081,5.405405405405405,65.2027027027027
E00038815,360,55,19,36,305,32,273,15.277777777777779,5.277777777777778,10,84.72222222222221,8.88888888888889,75.83333333333333
E00038816,376,44,15,29,332,25,307,11.702127659574469,3.9893617021276597,7.712765957446808,88.29787234042553,6.648936170212766,81.64893617021278
E00038817,284,63,25,38,221,30,191,22.183098591549296,8.80281690140845,13.380281690140844,77.8169014084507,10.56338028169014,67.25352112676056
E00038818,247,53,24,29,194,21,173,21.45748987854251,9.7165991902834,11.740890688259109,78.54251012145748,8.502024291497975,70.04048582995951
E00038819,254,48,22,26,206,25,181,18.89763779527559,8.661417322834646,10.236220472440944,81.10236220472441,9.84251968503937,71.25984251968504
E00038820,299,52,20,32,247,29,218,17.391304347826086,6.688963210702341,10.702341137123746,82.6086956521739,9.698996655518394,72.90969899665552
E00038821,297,56,24,32,241,31,210,18.855218855218855,8.080808080808081,10.774410774410773,81.14478114478115,10.437710437710438,70.70707070707071
E00038822,301,63,35,28,238,14,224,20.930232558139537,11.627906976744185,9.30232558139535,79.06976744186046,4.651162790697675,74.4186046511628
E00038823,242,45,16,29,197,27,170,18.59504132231405,6.6115702479338845,11.983471074380166,81.40495867768594,11.15702479338843,70.24793388429752
E00038824,232,54,16,38,178,30,148,23.275862068965516,6.896551724137931,16.379310344827587,76.72413793103449,12.931034482758621,63.793103448275865
E00038825,288,43,20,23,245,28,217,14.930555555555555,6.944444444444445,7.986111111111111,85.06944444444444,9.722222222222223,75.34722222222221
E00038826,336,61,23,38,275,21,254,18.154761904761905,6.845238095238096,11.30952380952381,81.84523809523809,6.25,75.59523809523809
E00038827,330,76,38,38,254,27,227,23.03030303030303,11.515151515151516,11.515151515151516,76.96969696969697,8.181818181818182,68.78787878787878
E00038828,435,77,29,48,358,38,320,17.70114942528736,6.666666666666667,11.03448275862069,82.29885057471265,8.735632183908045,73.5632183908046
E00038829,408,86,44,42,322,32,290,21.07843137254902,10.784313725490197,10.294117647058822,78.92156862745098,7.8431372549019605,71.07843137254902
E00038830,395,62,21,41,333,37,296,15.69620253164557,5.3164556962025316,10.379746835443038,84.30379746835443,9.367088607594937,74.9367088607595
E00038831,240,48,23,25,192,20,172,20,9.583333333333334,10.416666666666668,80,8.333333333333332,71.66666666666667
E00038832,286,61,32,29,225,15,210,21.328671328671327,11.188811188811188,10.13986013986014,78.67132867132867,5.244755244755245,73.42657342657343
E00038834,485,97,44,53,388,22,366,20,9.072164948453608,10.927835051546392,80,4.536082474226804,75.4639175257732
E00038835,382,63,21,42,319,39,280,16.49214659685864,5.49738219895288,10.99476439790576,83.50785340314137,10.209424083769633,73.29842931937172
E00038836,350,65,32,33,285,13,272,18.571428571428573,9.142857142857142,9.428571428571429,81.42857142857143,3.7142857142857144,77.71428571428571
E00038837,177,38,17,21,139,13,126,21.468926553672315,9.6045197740113,11.864406779661017,78.53107344632768,7.344632768361582,71.1864406779661
E00038838,224,60,18,42,164,21,143,26.785714285714285,8.035714285714286,18.75,73.21428571428571,9.375,63.83928571428571
E00038839,444,92,41,51,352,37,315,20.72072072072072,9.234234234234235,11.486486486486488,79.27927927927928,8.333333333333332,70.94594594594594
E00038840,322,100,61,39,222,19,203,31.05590062111801,18.944099378881987,12.111801242236025,68.94409937888199,5.900621118012422,63.04347826086957
E00038841,185,38,18,20,147,9,138,20.54054054054054,9.72972972972973,10.81081081081081,79.45945945945945,4.864864864864865,74.5945945945946
E00038842,345,63,29,34,282,17,265,18.26086956521739,8.405797101449275,9.855072463768117,81.73913043478261,4.9275362318840585,76.81159420289855
E00038843,293,74,29,45,219,12,207,25.25597269624573,9.897610921501707,15.358361774744028,74.74402730375427,4.09556313993174,70.64846416382252
E00038844,315,72,39,33,243,17,226,22.857142857142858,12.380952380952381,10.476190476190476,77.14285714285715,5.396825396825397,71.74603174603175
E00038845,214,28,14,14,186,31,155,13.084112149532709,6.5420560747663545,6.5420560747663545,86.91588785046729,14.485981308411214,72.42990654205607
E00038846,360,90,40,50,270,22,248,25,11.11111111111111,13.88888888888889,75,6.111111111111111,68.88888888888889
E00038847,355,57,22,35,298,34,264,16.056338028169016,6.197183098591549,9.859154929577464,83.94366197183099,9.577464788732394,74.36619718309859
E00038848,182,19,5,14,163,19,144,10.43956043956044,2.7472527472527473,7.6923076923076925,89.56043956043956,10.43956043956044,79.12087912087912
E00038849,245,42,20,22,203,17,186,17.142857142857142,8.16326530612245,8.979591836734693,82.85714285714286,6.938775510204081,75.91836734693878
E00038850,302,70,26,44,232,22,210,23.178807947019866,8.609271523178808,14.56953642384106,76.82119205298014,7.28476821192053,69.5364238410596
E00038851,348,56,28,28,292,27,265,16.091954022988507,8.045977011494253,8.045977011494253,83.9080459770115,7.758620689655173,76.14942528735632
E00038852,408,89,43,46,319,28,291,21.813725490196077,10.53921568627451,11.27450980392157,78.18627450980392,6.862745098039216,71.32352941176471
E00038853,122,17,7,10,105,11,94,13.934426229508196,5.737704918032787,8.19672131147541,86.0655737704918,9.01639344262295,77.04918032786885
E00038855,444,65,30,35,379,32,347,14.63963963963964,6.756756756756757,7.882882882882883,85.36036036036036,7.207207207207207,78.15315315315316
E00038856,256,74,43,31,182,17,165,28.90625,16.796875,12.109375,71.09375,6.640625,64.453125
E00038858,325,45,18,27,280,23,257,13.846153846153847,5.538461538461538,8.307692307692308,86.15384615384616,7.076923076923077,79.07692307692308
E00038859,197,40,23,17,157,17,140,20.304568527918782,11.6751269035533,8.629441624365482,79.69543147208121,8.629441624365482,71.06598984771574
E00038860,275,51,22,29,224,15,209,18.545454545454547,8,10.545454545454545,81.45454545454545,5.454545454545454,76
E00038861,186,39,21,18,147,18,129,20.967741935483872,11.29032258064516,9.67741935483871,79.03225806451613,9.67741935483871,69.35483870967742
E00038862,204,42,15,27,162,17,145,20.588235294117645,7.352941176470589,13.23529411764706,79.41176470588235,8.333333333333332,71.07843137254902
E00038863,304,37,8,29,267,30,237,12.171052631578947,2.631578947368421,9.539473684210527,87.82894736842105,9.868421052631579,77.96052631578947
E00038864,225,40,20,20,185,17,168,17.77777777777778,8.88888888888889,8.88888888888889,82.22222222222221,7.555555555555555,74.66666666666667
E00038865,303,53,15,38,250,26,224,17.491749174917494,4.9504950495049505,12.541254125412541,82.50825082508251,8.58085808580858,73.92739273927393
E00038866,482,52,15,37,430,39,391,10.78838174273859,3.112033195020747,7.676348547717843,89.21161825726142,8.091286307053942,81.12033195020747
E00038867,204,51,22,29,153,17,136,25,10.784313725490197,14.215686274509803,75,8.333333333333332,66.66666666666666
E00038868,292,54,19,35,238,23,215,18.493150684931507,6.506849315068493,11.986301369863012,81.5068493150685,7.876712328767123,73.63013698630137
E00038869,225,76,37,39,149,9,140,33.77777777777778,16.444444444444446,17.333333333333336,66.22222222222223,4,62.22222222222222
E00038870,180,64,39,25,116,10,106,35.55555555555556,21.666666666666668,13.88888888888889,64.44444444444444,5.555555555555555,58.88888888888889
E00038871,146,25,11,14,121,18,103,17.123287671232877,7.534246575342466,9.58904109589041,82.87671232876713,12.32876712328767,70.54794520547945
E00038872,289,49,24,25,240,25,215,16.955017301038062,8.304498269896193,8.650519031141869,83.04498269896193,8.650519031141869,74.39446366782006
E00038873,245,67,31,36,178,10,168,27.346938775510203,12.653061224489795,14.69387755102041,72.6530612244898,4.081632653061225,68.57142857142857
E00038876,177,30,14,16,147,15,132,16.94915254237288,7.909604519774012,9.03954802259887,83.05084745762711,8.47457627118644,74.57627118644068
E00038877,286,50,22,28,236,25,211,17.482517482517483,7.6923076923076925,9.79020979020979,82.51748251748252,8.741258741258742,73.77622377622379
E00038878,319,46,18,28,273,26,247,14.420062695924765,5.6426332288401255,8.77742946708464,85.57993730407524,8.150470219435736,77.4294670846395
E00038879,374,66,23,43,308,17,291,17.647058823529413,6.149732620320856,11.497326203208557,82.35294117647058,4.545454545454546,77.80748663101605
E00038880,453,73,31,42,380,28,352,16.114790286975715,6.843267108167771,9.271523178807946,83.88520971302428,6.181015452538632,77.70419426048565
E00038881,357,61,30,31,296,14,282,17.086834733893557,8.403361344537815,8.683473389355742,82.91316526610645,3.9215686274509802,78.99159663865547
E00038882,621,100,41,59,521,28,493,16.10305958132045,6.602254428341385,9.500805152979067,83.89694041867955,4.508856682769726,79.38808373590982
E00038883,346,66,28,38,280,16,264,19.07514450867052,8.092485549132949,10.982658959537572,80.92485549132948,4.624277456647398,76.30057803468208
E00038884,302,48,26,22,254,33,221,15.894039735099339,8.609271523178808,7.28476821192053,84.10596026490066,10.927152317880795,73.17880794701986
E00038885,383,65,34,31,318,15,303,16.971279373368144,8.87728459530026,8.093994778067886,83.02872062663185,3.91644908616188,79.11227154046998
E00038886,278,53,12,41,225,24,201,19.06474820143885,4.316546762589928,14.748201438848922,80.93525179856115,8.633093525179856,72.3021582733813
E00038887,291,63,36,27,228,11,217,21.649484536082475,12.371134020618557,9.278350515463918,78.35051546391753,3.7800687285223367,74.5704467353952
E00038888,313,72,38,34,241,24,217,23.003194888178914,12.140575079872203,10.86261980830671,76.99680511182109,7.667731629392971,69.32907348242811
E00038889,236,32,15,17,204,16,188,13.559322033898304,6.3559322033898304,7.203389830508475,86.4406779661017,6.779661016949152,79.66101694915254
E00038890,405,101,64,37,304,19,285,24.938271604938272,15.802469135802468,9.135802469135802,75.06172839506173,4.691358024691358,70.37037037037037
E00038891,305,66,35,31,239,13,226,21.639344262295083,11.475409836065573,10.163934426229508,78.36065573770492,4.2622950819672125,74.09836065573771
E00038892,285,37,16,21,248,17,231,12.982456140350877,5.614035087719298,7.368421052631578,87.01754385964912,5.964912280701754,81.05263157894737
E00038893,275,54,30,24,221,8,213,19.636363636363637,10.909090909090908,8.727272727272728,80.36363636363636,2.909090909090909,77.45454545454545
E00038894,358,65,31,34,293,32,261,18.156424581005588,8.659217877094973,9.497206703910614,81.84357541899442,8.938547486033519,72.90502793296089
E00038895,233,85,46,39,148,11,137,36.48068669527897,19.742489270386265,16.738197424892704,63.519313304721024,4.721030042918455,58.798283261802574
E00038896,254,61,20,41,193,13,180,24.015748031496063,7.874015748031496,16.141732283464567,75.98425196850394,5.118110236220472,70.86614173228347
E00038897,285,64,27,37,221,18,203,22.45614035087719,9.473684210526317,12.982456140350877,77.54385964912281,6.315789473684211,71.2280701754386
E00038898,322,52,19,33,270,23,247,16.149068322981368,5.900621118012422,10.248447204968944,83.85093167701864,7.142857142857142,76.70807453416148
E00038899,307,53,24,29,254,24,230,17.263843648208468,7.81758957654723,9.446254071661238,82.73615635179154,7.81758957654723,74.9185667752443
E00038900,328,74,41,33,254,9,245,22.5609756097561,12.5,10.060975609756099,77.4390243902439,2.7439024390243905,74.6951219512195
E00038901,420,67,38,29,353,24,329,15.95238095238095,9.047619047619047,6.904761904761905,84.04761904761905,5.714285714285714,78.33333333333333
E00038902,295,195,155,40,100,9,91,66.10169491525424,52.54237288135594,13.559322033898304,33.89830508474576,3.050847457627119,30.847457627118647
E00038903,475,70,31,39,405,21,384,14.736842105263156,6.526315789473684,8.210526315789474,85.26315789473684,4.421052631578947,80.84210526315789
E00038904,408,54,23,31,354,19,335,13.23529411764706,5.637254901960785,7.598039215686274,86.76470588235294,4.6568627450980395,82.1078431372549
E00038905,444,59,25,34,385,22,363,13.288288288288289,5.63063063063063,7.657657657657657,86.71171171171171,4.954954954954955,81.75675675675676
E00038906,358,58,20,38,300,19,281,16.201117318435752,5.58659217877095,10.614525139664805,83.79888268156425,5.307262569832402,78.49162011173185
E00038907,387,89,49,40,298,17,281,22.997416020671835,12.661498708010335,10.335917312661499,77.00258397932816,4.3927648578811365,72.60981912144703
E00038908,321,62,32,30,259,16,243,19.314641744548286,9.968847352024921,9.345794392523365,80.68535825545172,4.984423676012461,75.70093457943925
E00038909,383,76,34,42,307,30,277,19.843342036553523,8.87728459530026,10.966057441253264,80.15665796344648,7.83289817232376,72.32375979112271
E00038910,280,58,27,31,222,25,197,20.714285714285715,9.642857142857144,11.071428571428571,79.28571428571428,8.928571428571429,70.35714285714286
E00038911,392,56,22,34,336,25,311,14.285714285714285,5.612244897959184,8.673469387755102,85.71428571428571,6.377551020408164,79.33673469387756
E00038912,243,55,23,32,188,26,162,22.633744855967077,9.465020576131687,13.168724279835391,77.36625514403292,10.699588477366255,66.66666666666666
E00038913,249,50,13,37,199,16,183,20.080321285140563,5.220883534136546,14.859437751004014,79.91967871485943,6.425702811244979,73.49397590361446
E00038915,312,35,13,22,277,17,260,11.217948717948719,4.166666666666666,7.051282051282051,88.78205128205127,5.448717948717949,83.33333333333334
E00038916,243,27,8,19,216,7,209,11.11111111111111,3.292181069958848,7.818930041152264,88.88888888888889,2.880658436213992,86.0082304526749
E00038917,305,69,31,38,236,19,217,22.62295081967213,10.163934426229508,12.459016393442624,77.37704918032787,6.229508196721312,71.14754098360656
E00038918,332,38,12,26,294,34,260,11.44578313253012,3.614457831325301,7.83132530120482,88.55421686746988,10.240963855421686,78.3132530120482
E00038919,270,57,24,33,213,26,187,21.11111111111111,8.88888888888889,12.222222222222221,78.88888888888889,9.62962962962963,69.25925925925925
E00038920,269,52,24,28,217,19,198,19.33085501858736,8.921933085501859,10.408921933085502,80.66914498141264,7.063197026022305,73.60594795539033
E00038921,319,30,10,20,289,26,263,9.404388714733543,3.1347962382445136,6.269592476489027,90.59561128526646,8.150470219435736,82.44514106583071
E00038922,281,56,28,28,225,22,203,19.9288256227758,9.9644128113879,9.9644128113879,80.0711743772242,7.829181494661921,72.24199288256227
E00038923,308,71,28,43,237,28,209,23.051948051948052,9.090909090909092,13.96103896103896,76.94805194805194,9.090909090909092,67.85714285714286
E00038924,146,63,34,29,83,9,74,43.15068493150685,23.28767123287671,19.863013698630137,56.849315068493155,6.164383561643835,50.68493150684932
E00038925,342,48,16,32,294,31,263,14.035087719298245,4.678362573099415,9.35672514619883,85.96491228070175,9.064327485380117,76.90058479532163
E00038926,230,55,24,31,175,15,160,23.91304347826087,10.434782608695652,13.478260869565217,76.08695652173914,6.521739130434782,69.56521739130434
E00038927,306,69,23,46,237,20,217,22.54901960784314,7.516339869281046,15.032679738562091,77.45098039215686,6.535947712418301,70.91503267973856
E00038928,232,77,27,50,155,24,131,33.189655172413794,11.637931034482758,21.551724137931032,66.8103448275862,10.344827586206897,56.46551724137932
E00038929,271,102,65,37,169,13,156,37.63837638376384,23.985239852398525,13.653136531365314,62.36162361623616,4.797047970479705,57.564575645756456
E00038930,208,44,18,26,164,18,146,21.153846153846153,8.653846153846153,12.5,78.84615384615384,8.653846153846153,70.1923076923077
E00038931,238,58,35,23,180,14,166,24.369747899159663,14.705882352941178,9.663865546218489,75.63025210084034,5.88235294117647,69.74789915966386
E00038932,255,51,22,29,204,10,194,20,8.627450980392156,11.372549019607844,80,3.9215686274509802,76.07843137254902
E00038933,303,56,21,35,247,13,234,18.48184818481848,6.9306930693069315,11.55115511551155,81.51815181518151,4.29042904290429,77.22772277227723
E00038934,225,59,21,38,166,10,156,26.222222222222225,9.333333333333334,16.88888888888889,73.77777777777777,4.444444444444445,69.33333333333334
E00038935,429,68,26,42,361,26,335,15.85081585081585,6.0606060606060606,9.79020979020979,84.14918414918415,6.0606060606060606,78.08857808857809
E00038936,510,80,41,39,430,33,397,15.686274509803921,8.03921568627451,7.647058823529412,84.31372549019608,6.470588235294119,77.84313725490196
E00038937,520,83,30,53,437,41,396,15.96153846153846,5.769230769230769,10.192307692307692,84.03846153846153,7.884615384615384,76.15384615384615
E00038938,368,93,43,50,275,35,240,25.271739130434785,11.684782608695652,13.586956521739129,74.72826086956522,9.510869565217392,65.21739130434783
E00038939,577,72,29,43,505,41,464,12.478336221837088,5.025996533795494,7.452339688041594,87.52166377816292,7.105719237435008,80.4159445407279
E00038940,244,62,31,31,182,15,167,25.40983606557377,12.704918032786885,12.704918032786885,74.59016393442623,6.147540983606557,68.44262295081968
E00038941,250,40,18,22,210,23,187,16,7.199999999999999,8.799999999999999,84,9.2,74.8
E00038942,348,75,39,36,273,27,246,21.551724137931032,11.206896551724139,10.344827586206897,78.44827586206897,7.758620689655173,70.6896551724138
E00038943,282,51,21,30,231,17,214,18.085106382978726,7.446808510638298,10.638297872340425,81.91489361702128,6.028368794326241,75.88652482269504
E00038944,257,75,43,32,182,12,170,29.18287937743191,16.731517509727624,12.45136186770428,70.8171206225681,4.669260700389105,66.14785992217898
E00038945,367,51,16,35,316,46,270,13.896457765667575,4.35967302452316,9.536784741144414,86.10354223433242,12.534059945504087,73.56948228882834
E00038946,352,54,17,37,298,36,262,15.340909090909092,4.829545454545454,10.511363636363637,84.6590909090909,10.227272727272728,74.43181818181817
E00038947,307,63,30,33,244,26,218,20.521172638436482,9.77198697068404,10.749185667752444,79.47882736156352,8.469055374592834,71.00977198697068
E00038948,435,60,30,30,375,35,340,13.793103448275861,6.896551724137931,6.896551724137931,86.20689655172413,8.045977011494253,78.16091954022988
E00038949,508,68,26,42,440,51,389,13.385826771653544,5.118110236220472,8.267716535433072,86.61417322834646,10.039370078740157,76.5748031496063
E00038950,246,62,35,27,184,16,168,25.203252032520325,14.227642276422763,10.975609756097562,74.79674796747967,6.504065040650407,68.29268292682927
E00038951,251,92,42,50,159,18,141,36.65338645418327,16.733067729083665,19.9203187250996,63.34661354581673,7.171314741035857,56.17529880478087
E00038952,313,65,29,36,248,25,223,20.766773162939298,9.26517571884984,11.501597444089457,79.2332268370607,7.987220447284344,71.24600638977637
E00038953,319,55,22,33,264,41,223,17.24137931034483,6.896551724137931,10.344827586206897,82.75862068965517,12.852664576802509,69.90595611285266
E00038954,306,55,29,26,251,17,234,17.973856209150327,9.477124183006536,8.49673202614379,82.02614379084967,5.555555555555555,76.47058823529412
E00038955,315,41,14,27,274,24,250,13.015873015873018,4.444444444444445,8.571428571428571,86.98412698412699,7.6190476190476195,79.36507936507937
E00038956,344,58,24,34,286,22,264,16.86046511627907,6.976744186046512,9.883720930232558,83.13953488372093,6.395348837209303,76.74418604651163
E00038957,273,58,31,27,215,18,197,21.245421245421245,11.355311355311356,9.89010989010989,78.75457875457876,6.593406593406594,72.16117216117216
E00038958,269,37,14,23,232,27,205,13.754646840148698,5.204460966542751,8.550185873605948,86.2453531598513,10.037174721189592,76.2081784386617
E00038959,277,57,26,31,220,24,196,20.577617328519857,9.386281588447654,11.191335740072201,79.42238267148014,8.664259927797833,70.7581227436823
E00038960,224,34,14,20,190,23,167,15.178571428571427,6.25,8.928571428571429,84.82142857142857,10.267857142857142,74.55357142857143
E00038961,307,66,24,42,241,22,219,21.49837133550489,7.81758957654723,13.680781758957655,78.50162866449512,7.166123778501629,71.33550488599349
E00038962,350,90,46,44,260,30,230,25.71428571428571,13.142857142857142,12.571428571428573,74.28571428571429,8.571428571428571,65.71428571428571
E00038963,306,53,19,34,253,21,232,17.320261437908496,6.209150326797386,11.11111111111111,82.6797385620915,6.862745098039216,75.81699346405229
E00038964,332,52,24,28,280,24,256,15.66265060240964,7.228915662650602,8.433734939759036,84.33734939759037,7.228915662650602,77.10843373493977
E00038965,326,51,14,37,275,30,245,15.644171779141105,4.294478527607362,11.349693251533742,84.3558282208589,9.202453987730062,75.15337423312883
E00038966,274,70,36,34,204,19,185,25.547445255474454,13.138686131386862,12.408759124087592,74.45255474452554,6.934306569343065,67.51824817518248
E00038967,298,65,32,33,233,23,210,21.812080536912752,10.738255033557047,11.073825503355705,78.18791946308725,7.718120805369128,70.46979865771812
E00038970,331,96,66,30,235,25,210,29.003021148036257,19.939577039274926,9.06344410876133,70.99697885196375,7.552870090634441,63.44410876132931
E00038971,361,80,47,33,281,18,263,22.160664819944596,13.019390581717452,9.141274238227147,77.8393351800554,4.986149584487535,72.85318559556787
E00038972,275,84,39,45,191,14,177,30.545454545454547,14.181818181818182,16.363636363636363,69.45454545454545,5.090909090909091,64.36363636363637
E00038973,423,73,28,45,350,36,314,17.257683215130022,6.619385342789598,10.638297872340425,82.74231678486997,8.51063829787234,74.23167848699764
E00038974,317,59,27,32,258,30,228,18.61198738170347,8.517350157728707,10.094637223974763,81.38801261829653,9.46372239747634,71.92429022082018
E00038975,259,42,15,27,217,28,189,16.216216216216218,5.7915057915057915,10.424710424710424,83.78378378378379,10.81081081081081,72.97297297297297
E00038976,260,56,24,32,204,30,174,21.53846153846154,9.230769230769232,12.307692307692308,78.46153846153847,11.538461538461538,66.92307692307692
E00038977,361,83,47,36,278,26,252,22.99168975069252,13.019390581717452,9.97229916897507,77.00831024930747,7.202216066481995,69.80609418282549
E00038978,273,78,36,42,195,21,174,28.57142857142857,13.186813186813188,15.384615384615385,71.42857142857143,7.6923076923076925,63.73626373626373
E00038979,352,96,58,38,256,22,234,27.27272727272727,16.477272727272727,10.795454545454545,72.72727272727273,6.25,66.47727272727273
E00038980,229,83,44,39,146,17,129,36.24454148471616,19.213973799126638,17.03056768558952,63.75545851528385,7.423580786026202,56.33187772925764
E00038981,532,102,45,57,430,43,387,19.172932330827066,8.458646616541353,10.714285714285714,80.82706766917293,8.082706766917292,72.74436090225564
E00038982,382,92,46,46,290,22,268,24.083769633507853,12.041884816753926,12.041884816753926,75.91623036649214,5.7591623036649215,70.15706806282722
E00038983,265,82,49,33,183,21,162,30.943396226415093,18.49056603773585,12.452830188679245,69.0566037735849,7.9245283018867925,61.13207547169811
E00038984,392,83,37,46,309,23,286,21.1734693877551,9.438775510204081,11.73469387755102,78.8265306122449,5.86734693877551,72.95918367346938
E00038985,356,77,35,42,279,21,258,21.629213483146067,9.831460674157304,11.797752808988763,78.37078651685393,5.8988764044943816,72.47191011235955
E00038986,343,71,28,43,272,27,245,20.699708454810494,8.16326530612245,12.536443148688047,79.30029154518951,7.871720116618077,71.42857142857143
E00038987,338,88,43,45,250,28,222,26.035502958579883,12.721893491124261,13.313609467455622,73.96449704142012,8.284023668639055,65.68047337278107
E00038988,330,61,26,35,269,20,249,18.484848484848484,7.878787878787878,10.606060606060606,81.51515151515152,6.0606060606060606,75.45454545454545
E00038989,440,122,56,66,318,26,292,27.727272727272727,12.727272727272727,15,72.27272727272728,5.909090909090909,66.36363636363637
E00038991,291,47,22,25,244,13,231,16.151202749140893,7.560137457044673,8.59106529209622,83.8487972508591,4.4673539518900345,79.38144329896907
E00038992,157,25,10,15,132,17,115,15.92356687898089,6.369426751592357,9.554140127388536,84.07643312101911,10.828025477707007,73.24840764331209
E00038993,320,91,42,49,229,30,199,28.4375,13.125,15.312500000000002,71.5625,9.375,62.18749999999999
E00038994,198,45,25,20,153,17,136,22.727272727272727,12.626262626262626,10.1010101010101,77.27272727272727,8.585858585858585,68.68686868686868
E00038995,358,73,34,39,285,24,261,20.391061452513966,9.497206703910614,10.893854748603351,79.60893854748603,6.70391061452514,72.90502793296089
E00038996,226,39,16,23,187,23,164,17.25663716814159,7.079646017699115,10.176991150442479,82.7433628318584,10.176991150442479,72.56637168141593
E00038997,133,27,12,15,106,8,98,20.30075187969925,9.022556390977442,11.278195488721805,79.69924812030075,6.015037593984962,73.68421052631578
E00038998,233,48,16,32,185,14,171,20.600858369098713,6.866952789699571,13.733905579399142,79.39914163090128,6.008583690987124,73.39055793991416
E00038999,400,79,37,42,321,26,295,19.75,9.25,10.5,80.25,6.5,73.75
E00039000,331,68,27,41,263,25,238,20.54380664652568,8.157099697885197,12.386706948640484,79.45619335347432,7.552870090634441,71.90332326283988
E00039001,331,60,20,40,271,33,238,18.12688821752266,6.042296072507553,12.084592145015106,81.87311178247734,9.969788519637463,71.90332326283988
E00039002,292,65,28,37,227,21,206,22.26027397260274,9.58904109589041,12.67123287671233,77.73972602739725,7.191780821917808,70.54794520547945
E00039003,299,67,22,45,232,30,202,22.40802675585284,7.357859531772576,15.050167224080269,77.59197324414716,10.033444816053512,67.55852842809364
E00039004,343,50,24,26,293,26,267,14.577259475218659,6.997084548104956,7.580174927113703,85.42274052478133,7.580174927113703,77.84256559766763
E00039005,330,81,33,48,249,23,226,24.545454545454547,10,14.545454545454545,75.45454545454545,6.969696969696971,68.48484848484848
E00039006,334,55,30,25,279,23,256,16.46706586826347,8.982035928143713,7.48502994011976,83.53293413173652,6.88622754491018,76.64670658682635
E00039007,291,52,24,28,239,18,221,17.869415807560138,8.24742268041237,9.621993127147768,82.13058419243985,6.185567010309279,75.94501718213058
E00039008,321,55,15,40,266,17,249,17.133956386292834,4.672897196261682,12.461059190031152,82.86604361370716,5.29595015576324,77.57009345794393
E00039009,273,46,15,31,227,23,204,16.84981684981685,5.4945054945054945,11.355311355311356,83.15018315018315,8.424908424908425,74.72527472527473
E00039010,216,83,40,43,133,14,119,38.425925925925924,18.51851851851852,19.90740740740741,61.57407407407407,6.481481481481481,55.092592592592595
E00039011,597,93,46,47,504,39,465,15.577889447236181,7.705192629815745,7.872696817420436,84.42211055276381,6.532663316582915,77.88944723618091
E00039012,274,49,18,31,225,17,208,17.88321167883212,6.569343065693431,11.313868613138686,82.11678832116789,6.204379562043796,75.91240875912408
E00039013,293,44,11,33,249,25,224,15.017064846416384,3.754266211604096,11.262798634812286,84.98293515358361,8.532423208191126,76.45051194539249
E00039014,278,34,13,21,244,21,223,12.23021582733813,4.676258992805756,7.553956834532374,87.76978417266187,7.553956834532374,80.2158273381295
E00039015,417,58,16,42,359,39,320,13.908872901678656,3.8369304556354913,10.071942446043165,86.09112709832134,9.352517985611511,76.73860911270984
E00039016,279,51,18,33,228,17,211,18.27956989247312,6.451612903225806,11.827956989247312,81.72043010752688,6.093189964157706,75.62724014336918
E00039017,240,44,15,29,196,23,173,18.333333333333332,6.25,12.083333333333334,81.66666666666667,9.583333333333334,72.08333333333333
E00039018,318,60,25,35,258,28,230,18.867924528301888,7.861635220125786,11.0062893081761,81.13207547169812,8.80503144654088,72.32704402515722
E00039019,316,45,19,26,271,19,252,14.240506329113925,6.012658227848101,8.227848101265822,85.75949367088607,6.012658227848101,79.74683544303798
E00039020,327,67,29,38,260,19,241,20.489296636085626,8.868501529051988,11.62079510703364,79.51070336391437,5.81039755351682,73.70030581039755
E00039021,275,41,15,26,234,22,212,14.909090909090908,5.454545454545454,9.454545454545455,85.0909090909091,8,77.0909090909091
E00039022,327,61,30,31,266,7,259,18.654434250764528,9.174311926605505,9.480122324159021,81.34556574923548,2.1406727828746175,79.20489296636084
E00039023,247,62,32,30,185,24,161,25.101214574898783,12.955465587044534,12.145748987854251,74.89878542510121,9.7165991902834,65.18218623481782
E00039024,308,67,27,40,241,23,218,21.753246753246753,8.766233766233766,12.987012987012985,78.24675324675324,7.467532467532467,70.77922077922078
E00039025,267,57,27,30,210,16,194,21.34831460674157,10.112359550561797,11.235955056179774,78.65168539325843,5.992509363295881,72.65917602996255
E00039026,453,82,36,46,371,32,339,18.101545253863137,7.9470198675496695,10.154525386313466,81.89845474613686,7.06401766004415,74.83443708609272
E00039027,300,107,64,43,193,12,181,35.66666666666667,21.333333333333336,14.333333333333334,64.33333333333333,4,60.333333333333336
E00039028,479,41,14,27,438,37,401,8.559498956158663,2.9227557411273484,5.6367432150313155,91.44050104384134,7.724425887265135,83.7160751565762
E00039030,353,83,42,41,270,20,250,23.512747875354105,11.89801699716714,11.614730878186968,76.48725212464589,5.6657223796034,70.82152974504248
E00039031,280,98,39,59,182,20,162,35,13.928571428571429,21.071428571428573,65,7.142857142857142,57.85714285714286
E00039032,354,93,44,49,261,26,235,26.27118644067797,12.429378531073446,13.841807909604519,73.72881355932203,7.344632768361582,66.38418079096046
E00039034,554,88,49,39,466,44,422,15.884476534296029,8.844765342960288,7.039711191335741,84.11552346570397,7.9422382671480145,76.17328519855594
E00039035,365,87,37,50,278,22,256,23.835616438356162,10.136986301369863,13.698630136986301,76.16438356164383,6.027397260273973,70.13698630136986
E00039036,347,80,36,44,267,23,244,23.054755043227665,10.37463976945245,12.680115273775217,76.94524495677233,6.628242074927954,70.31700288184439
E00039037,341,95,45,50,246,17,229,27.859237536656888,13.196480938416421,14.66275659824047,72.14076246334311,4.9853372434017595,67.15542521994135
E00039038,271,83,33,50,188,17,171,30.627306273062732,12.177121771217712,18.45018450184502,69.37269372693727,6.273062730627306,63.09963099630996
E00039039,344,47,22,25,297,21,276,13.662790697674417,6.395348837209303,7.267441860465117,86.33720930232558,6.104651162790697,80.23255813953489
E00039040,445,61,19,42,384,28,356,13.707865168539326,4.269662921348314,9.438202247191011,86.29213483146067,6.292134831460674,80
E00039041,308,87,51,36,221,14,207,28.246753246753247,16.558441558441558,11.688311688311687,71.75324675324676,4.545454545454546,67.20779220779221
E00039042,231,97,60,37,134,11,123,41.99134199134199,25.97402597402597,16.017316017316016,58.00865800865801,4.761904761904762,53.246753246753244
E00039043,371,81,45,36,290,24,266,21.83288409703504,12.129380053908356,9.703504043126685,78.16711590296495,6.46900269541779,71.69811320754717
E00039044,369,66,31,35,303,15,288,17.88617886178862,8.401084010840108,9.48509485094851,82.11382113821138,4.0650406504065035,78.04878048780488
E00039045,282,47,19,28,235,26,209,16.666666666666664,6.73758865248227,9.929078014184398,83.33333333333334,9.219858156028367,74.11347517730496
E00039046,303,49,18,31,254,26,228,16.17161716171617,5.9405940594059405,10.231023102310232,83.82838283828383,8.58085808580858,75.24752475247524
E00039047,313,45,20,25,268,26,242,14.376996805111823,6.3897763578274756,7.987220447284344,85.62300319488818,8.30670926517572,77.31629392971246
E00039048,290,38,13,25,252,28,224,13.10344827586207,4.482758620689655,8.620689655172415,86.89655172413792,9.655172413793103,77.24137931034483
E00039049,368,50,16,34,318,27,291,13.586956521739129,4.3478260869565215,9.239130434782608,86.41304347826086,7.336956521739131,79.07608695652173
E00039050,277,52,22,30,225,16,209,18.772563176895307,7.9422382671480145,10.830324909747292,81.2274368231047,5.776173285198556,75.45126353790613
E00039051,273,38,18,20,235,33,202,13.91941391941392,6.593406593406594,7.326007326007327,86.08058608058609,12.087912087912088,73.992673992674
E00039052,311,41,16,25,270,23,247,13.183279742765272,5.144694533762058,8.038585209003216,86.81672025723472,7.395498392282958,79.42122186495176
E00039053,339,44,18,26,295,30,265,12.979351032448378,5.3097345132743365,7.669616519174041,87.02064896755162,8.849557522123893,78.17109144542773
E00039054,312,74,43,31,238,22,216,23.717948717948715,13.782051282051283,9.935897435897436,76.28205128205127,7.051282051282051,69.23076923076923
E00039055,424,52,25,27,372,22,350,12.264150943396226,5.89622641509434,6.367924528301887,87.73584905660378,5.188679245283019,82.54716981132076
E00039056,327,45,15,30,282,20,262,13.761467889908257,4.587155963302752,9.174311926605505,86.23853211009175,6.116207951070336,80.1223241590214
E00039057,290,47,22,25,243,21,222,16.206896551724135,7.586206896551724,8.620689655172415,83.79310344827586,7.241379310344828,76.55172413793103
E00039058,333,57,21,36,276,27,249,17.117117117117118,6.306306306306306,10.81081081081081,82.88288288288288,8.108108108108109,74.77477477477478
E00039059,99,42,29,13,57,2,55,42.42424242424242,29.292929292929294,13.131313131313133,57.57575757575758,2.0202020202020203,55.55555555555556
E00039060,338,57,21,36,281,28,253,16.86390532544379,6.21301775147929,10.650887573964498,83.13609467455622,8.284023668639055,74.85207100591717
E00039061,425,66,28,38,359,33,326,15.529411764705884,6.588235294117648,8.941176470588236,84.47058823529412,7.764705882352942,76.70588235294117
E00039062,468,127,87,40,341,25,316,27.136752136752136,18.58974358974359,8.547008547008547,72.86324786324786,5.3418803418803416,67.52136752136752
E00039063,300,51,32,19,249,21,228,17,10.666666666666668,6.333333333333334,83,7.000000000000001,76
E00039064,296,36,20,16,260,16,244,12.162162162162163,6.756756756756757,5.405405405405405,87.83783783783784,5.405405405405405,82.43243243243244
E00039065,441,60,28,32,381,22,359,13.60544217687075,6.349206349206349,7.2562358276643995,86.39455782312925,4.988662131519274,81.40589569160997
E00039066,455,94,48,46,361,29,332,20.659340659340657,10.54945054945055,10.10989010989011,79.34065934065934,6.373626373626373,72.96703296703296
E00039067,352,35,15,20,317,29,288,9.943181818181818,4.261363636363636,5.681818181818182,90.05681818181817,8.238636363636363,81.81818181818183
E00039068,261,35,13,22,226,19,207,13.409961685823754,4.980842911877394,8.42911877394636,86.59003831417624,7.2796934865900385,79.3103448275862
E00039069,268,43,11,32,225,32,193,16.044776119402986,4.104477611940299,11.940298507462686,83.95522388059702,11.940298507462686,72.01492537313433
E00039070,289,73,35,38,216,27,189,25.259515570934255,12.110726643598616,13.148788927335639,74.74048442906575,9.342560553633218,65.39792387543253
E00039071,317,53,24,29,264,14,250,16.7192429022082,7.570977917981073,9.14826498422713,83.2807570977918,4.416403785488959,78.86435331230284
E00039072,284,53,33,20,231,6,225,18.661971830985916,11.619718309859154,7.042253521126761,81.33802816901408,2.112676056338028,79.22535211267606
E00039073,221,90,57,33,131,13,118,40.723981900452486,25.791855203619914,14.93212669683258,59.276018099547514,5.88235294117647,53.39366515837104
E00039074,398,55,26,29,343,13,330,13.819095477386934,6.532663316582915,7.2864321608040195,86.18090452261306,3.2663316582914574,82.91457286432161
E00039075,177,71,29,42,106,10,96,40.11299435028249,16.38418079096045,23.728813559322035,59.887005649717516,5.649717514124294,54.23728813559322
E00039076,295,57,25,32,238,15,223,19.322033898305087,8.47457627118644,10.847457627118644,80.67796610169492,5.084745762711865,75.59322033898304
E00039077,339,67,31,36,272,15,257,19.76401179941003,9.144542772861357,10.619469026548673,80.23598820058997,4.424778761061947,75.81120943952803
E00039078,340,76,34,42,264,21,243,22.35294117647059,10,12.352941176470589,77.64705882352942,6.176470588235294,71.47058823529412
E00039079,437,75,36,39,362,12,350,17.162471395881006,8.237986270022883,8.924485125858125,82.83752860411899,2.745995423340961,80.09153318077803
E00039080,485,104,67,37,381,5,376,21.443298969072163,13.814432989690722,7.628865979381444,78.55670103092784,1.0309278350515463,77.5257731958763
E00039081,401,93,47,46,308,16,292,23.19201995012469,11.72069825436409,11.471321695760599,76.80798004987531,3.99002493765586,72.81795511221945
E00039082,293,55,18,37,238,20,218,18.771331058020476,6.143344709897611,12.627986348122866,81.22866894197952,6.825938566552901,74.40273037542661
E00039083,163,74,42,32,89,7,82,45.39877300613497,25.766871165644172,19.631901840490798,54.601226993865026,4.294478527607362,50.306748466257666
E00039084,288,61,19,42,227,29,198,21.180555555555554,6.597222222222222,14.583333333333334,78.81944444444444,10.069444444444445,68.75
E00039085,253,65,30,35,188,12,176,25.691699604743086,11.857707509881422,13.83399209486166,74.30830039525692,4.743083003952568,69.56521739130434
E00039086,415,66,26,40,349,3,346,15.903614457831324,6.265060240963856,9.63855421686747,84.09638554216868,0.7228915662650602,83.37349397590361
E00039087,397,50,27,23,347,15,332,12.594458438287154,6.801007556675064,5.793450881612091,87.40554156171285,3.7783375314861463,83.6272040302267
E00039088,257,85,39,46,172,15,157,33.07392996108949,15.17509727626459,17.898832684824903,66.9260700389105,5.836575875486381,61.08949416342413
E00039089,323,49,22,27,274,11,263,15.170278637770899,6.811145510835913,8.359133126934983,84.82972136222911,3.4055727554179565,81.42414860681114
E00039090,403,101,47,54,302,15,287,25.06203473945409,11.662531017369728,13.399503722084367,74.93796526054591,3.722084367245657,71.21588089330024
E00039091,169,52,35,17,117,6,111,30.76923076923077,20.710059171597635,10.059171597633137,69.23076923076923,3.5502958579881656,65.68047337278107
E00039092,432,98,59,39,334,16,318,22.685185185185187,13.657407407407407,9.027777777777777,77.31481481481481,3.7037037037037033,73.61111111111111
E00039094,281,76,28,48,205,27,178,27.046263345195733,9.9644128113879,17.08185053380783,72.95373665480427,9.608540925266903,63.345195729537366
E00039095,187,76,46,30,111,10,101,40.64171122994652,24.598930481283425,16.042780748663102,59.35828877005348,5.347593582887701,54.01069518716578
E00039096,331,60,29,31,271,18,253,18.12688821752266,8.761329305135952,9.365558912386707,81.87311178247734,5.438066465256798,76.43504531722054
E00039097,396,60,36,24,336,9,327,15.151515151515152,9.090909090909092,6.0606060606060606,84.84848484848484,2.272727272727273,82.57575757575758
E00039098,387,55,25,30,332,24,308,14.21188630490956,6.459948320413436,7.751937984496124,85.78811369509044,6.2015503875969,79.58656330749353
E00039099,257,60,38,22,197,18,179,23.346303501945524,14.785992217898833,8.560311284046692,76.65369649805449,7.003891050583658,69.64980544747081
E00039100,302,73,27,46,229,26,203,24.17218543046358,8.940397350993377,15.2317880794702,75.82781456953643,8.609271523178808,67.21854304635761
E00039101,338,74,35,39,264,17,247,21.893491124260358,10.355029585798817,11.538461538461538,78.10650887573965,5.029585798816568,73.07692307692307
E00039102,291,33,6,27,258,17,241,11.34020618556701,2.0618556701030926,9.278350515463918,88.65979381443299,5.841924398625429,82.81786941580756
E00039104,215,102,58,44,113,14,99,47.44186046511628,26.976744186046513,20.46511627906977,52.55813953488372,6.511627906976744,46.04651162790698
E00039105,274,84,49,35,190,14,176,30.656934306569344,17.88321167883212,12.773722627737227,69.34306569343066,5.109489051094891,64.23357664233576
E00039106,246,61,30,31,185,13,172,24.796747967479675,12.195121951219512,12.601626016260163,75.20325203252033,5.284552845528456,69.91869918699187
E00039107,488,121,60,61,367,32,335,24.795081967213115,12.295081967213115,12.5,75.20491803278688,6.557377049180328,68.64754098360656
E00039108,292,85,44,41,207,18,189,29.10958904109589,15.068493150684931,14.04109589041096,70.8904109589041,6.164383561643835,64.72602739726028
E00039109,270,64,41,23,206,23,183,23.703703703703706,15.185185185185185,8.518518518518519,76.29629629629629,8.518518518518519,67.77777777777779
E00039110,210,67,35,32,143,13,130,31.9047619047619,16.666666666666664,15.238095238095239,68.0952380952381,6.190476190476191,61.904761904761905
E00039111,270,80,49,31,190,15,175,29.629629629629626,18.14814814814815,11.481481481481481,70.37037037037037,5.555555555555555,64.81481481481481
E00039112,363,102,55,47,261,19,242,28.09917355371901,15.151515151515152,12.947658402203857,71.900826446281,5.234159779614325,66.66666666666666
E00039114,297,60,22,38,237,30,207,20.2020202020202,7.4074074074074066,12.794612794612794,79.7979797979798,10.1010101010101,69.6969696969697
E00039115,304,65,36,29,239,24,215,21.38157894736842,11.842105263157894,9.539473684210527,78.61842105263158,7.894736842105263,70.72368421052632
E00039116,387,101,60,41,286,23,263,26.098191214470283,15.503875968992247,10.594315245478036,73.90180878552972,5.943152454780361,67.95865633074936
E00039117,178,60,26,34,118,12,106,33.70786516853933,14.606741573033707,19.101123595505616,66.29213483146067,6.741573033707865,59.55056179775281
E00039118,297,65,38,27,232,20,212,21.885521885521886,12.794612794612794,9.090909090909092,78.11447811447812,6.7340067340067336,71.38047138047138
E00039119,255,60,26,34,195,21,174,23.52941176470588,10.196078431372548,13.333333333333334,76.47058823529412,8.235294117647058,68.23529411764706
E00039120,240,81,41,40,159,20,139,33.75,17.083333333333332,16.666666666666664,66.25,8.333333333333332,57.91666666666667
E00039121,282,82,46,36,200,14,186,29.078014184397162,16.312056737588655,12.76595744680851,70.92198581560284,4.964539007092199,65.95744680851064
E00039122,231,52,21,31,179,16,163,22.51082251082251,9.090909090909092,13.41991341991342,77.48917748917748,6.926406926406926,70.56277056277057
E00039123,295,45,15,30,250,25,225,15.254237288135593,5.084745762711865,10.16949152542373,84.7457627118644,8.47457627118644,76.27118644067797
E00039124,300,83,35,48,217,11,206,27.666666666666668,11.666666666666666,16,72.33333333333334,3.6666666666666665,68.66666666666667
E00039125,291,47,16,31,244,25,219,16.151202749140893,5.498281786941581,10.652920962199312,83.8487972508591,8.59106529209622,75.25773195876289
E00039126,324,55,18,37,269,27,242,16.97530864197531,5.555555555555555,11.419753086419753,83.0246913580247,8.333333333333332,74.69135802469135
E00039127,296,64,24,40,232,25,207,21.62162162162162,8.108108108108109,13.513513513513514,78.37837837837837,8.445945945945946,69.93243243243244
E00039128,212,34,6,28,178,19,159,16.037735849056602,2.8301886792452833,13.20754716981132,83.9622641509434,8.962264150943396,75
E00039130,171,25,12,13,146,13,133,14.619883040935672,7.017543859649122,7.602339181286549,85.38011695906432,7.602339181286549,77.77777777777779
E00039131,238,108,62,46,130,10,120,45.378151260504204,26.05042016806723,19.327731092436977,54.621848739495796,4.201680672268908,50.42016806722689
E00039132,262,55,22,33,207,16,191,20.99236641221374,8.396946564885496,12.595419847328243,79.00763358778626,6.106870229007633,72.90076335877863
E00039133,166,21,3,18,145,9,136,12.650602409638553,1.8072289156626504,10.843373493975903,87.34939759036145,5.421686746987952,81.92771084337349
E00039134,309,72,45,27,237,18,219,23.300970873786408,14.563106796116504,8.737864077669903,76.69902912621359,5.825242718446602,70.87378640776699
E00039135,371,71,27,44,300,30,270,19.137466307277627,7.277628032345014,11.859838274932615,80.86253369272237,8.086253369272237,72.77628032345014
E00039137,291,95,58,37,196,17,179,32.64604810996563,19.93127147766323,12.714776632302405,67.35395189003437,5.841924398625429,61.512027491408936
E00039138,323,69,34,35,254,23,231,21.36222910216718,10.526315789473683,10.8359133126935,78.63777089783281,7.120743034055728,71.51702786377709
E00039139,334,59,23,36,275,21,254,17.664670658682635,6.88622754491018,10.778443113772456,82.33532934131736,6.287425149700598,76.04790419161677
E00039140,309,73,36,37,236,15,221,23.624595469255663,11.650485436893204,11.974110032362459,76.37540453074433,4.854368932038835,71.52103559870551
E00039141,263,82,46,36,181,19,162,31.1787072243346,17.490494296577946,13.688212927756654,68.8212927756654,7.224334600760455,61.59695817490495
E00039142,254,96,58,38,158,14,144,37.79527559055118,22.83464566929134,14.960629921259844,62.20472440944882,5.511811023622047,56.69291338582677
E00039143,302,51,25,26,251,19,232,16.887417218543046,8.27814569536424,8.609271523178808,83.11258278145695,6.291390728476822,76.82119205298014
E00039144,342,100,49,51,242,11,231,29.239766081871345,14.327485380116958,14.912280701754385,70.76023391812866,3.216374269005848,67.54385964912281
E00039145,453,133,63,70,320,35,285,29.3598233995585,13.90728476821192,15.45253863134658,70.6401766004415,7.72626931567329,62.913907284768214
E00039146,368,78,43,35,290,28,262,21.195652173913043,11.684782608695652,9.510869565217392,78.80434782608695,7.608695652173914,71.19565217391305
E00039147,256,60,31,29,196,24,172,23.4375,12.109375,11.328125,76.5625,9.375,67.1875
E00039148,184,59,32,27,125,12,113,32.065217391304344,17.391304347826086,14.673913043478262,67.93478260869566,6.521739130434782,61.41304347826087
E00039149,265,84,46,38,181,23,158,31.69811320754717,17.358490566037734,14.339622641509434,68.30188679245282,8.679245283018867,59.62264150943396
E00039150,282,65,31,34,217,18,199,23.04964539007092,10.99290780141844,12.056737588652481,76.95035460992908,6.382978723404255,70.56737588652481
E00039151,283,68,29,39,215,17,198,24.02826855123675,10.247349823321555,13.780918727915195,75.97173144876325,6.007067137809187,69.96466431095406
E00039152,219,72,42,30,147,7,140,32.87671232876712,19.17808219178082,13.698630136986301,67.12328767123287,3.1963470319634704,63.926940639269404
E00039153,313,66,29,37,247,21,226,21.08626198083067,9.26517571884984,11.821086261980831,78.91373801916933,6.7092651757188495,72.20447284345049
E00039154,300,80,42,38,220,18,202,26.666666666666668,14.000000000000002,12.666666666666668,73.33333333333333,6,67.33333333333333
E00039155,226,67,38,29,159,20,139,29.646017699115045,16.8141592920354,12.831858407079647,70.35398230088495,8.849557522123893,61.504424778761056
E00039156,192,56,23,33,136,22,114,29.166666666666668,11.979166666666668,17.1875,70.83333333333334,11.458333333333332,59.375
E00039157,225,89,47,42,136,23,113,39.55555555555556,20.88888888888889,18.666666666666668,60.44444444444444,10.222222222222223,50.22222222222222
E00039158,278,67,26,41,211,27,184,24.100719424460433,9.352517985611511,14.748201438848922,75.89928057553958,9.712230215827338,66.18705035971223
E00039159,174,63,28,35,111,15,96,36.206896551724135,16.091954022988507,20.114942528735632,63.793103448275865,8.620689655172415,55.172413793103445
E00039160,281,66,23,43,215,22,193,23.487544483985765,8.185053380782918,15.302491103202847,76.51245551601423,7.829181494661921,68.68327402135232
E00039161,244,68,42,26,176,19,157,27.86885245901639,17.21311475409836,10.655737704918032,72.1311475409836,7.786885245901639,64.34426229508196
E00039162,225,78,43,35,147,12,135,34.66666666666667,19.11111111111111,15.555555555555555,65.33333333333333,5.333333333333334,60
E00039163,266,62,27,35,204,18,186,23.308270676691727,10.150375939849624,13.157894736842104,76.69172932330827,6.7669172932330826,69.92481203007519
E00039164,157,65,38,27,92,10,82,41.40127388535032,24.203821656050955,17.197452229299362,58.59872611464968,6.369426751592357,52.22929936305732
E00039165,221,53,19,34,168,11,157,23.981900452488688,8.597285067873303,15.384615384615385,76.01809954751131,4.97737556561086,71.04072398190046
E00039166,308,83,38,45,225,17,208,26.948051948051948,12.337662337662337,14.61038961038961,73.05194805194806,5.51948051948052,67.53246753246754
E00039167,161,61,40,21,100,14,86,37.88819875776397,24.84472049689441,13.043478260869565,62.11180124223602,8.695652173913043,53.41614906832298
E00039168,281,74,35,39,207,10,197,26.334519572953734,12.455516014234876,13.87900355871886,73.66548042704626,3.558718861209965,70.1067615658363
E00039169,248,68,40,28,180,12,168,27.419354838709676,16.129032258064516,11.29032258064516,72.58064516129032,4.838709677419355,67.74193548387096
E00039170,212,69,33,36,143,16,127,32.54716981132076,15.566037735849056,16.9811320754717,67.45283018867924,7.547169811320755,59.905660377358494
E00039171,268,36,13,23,232,21,211,13.432835820895523,4.850746268656716,8.582089552238806,86.56716417910447,7.835820895522389,78.73134328358209
E00039172,251,52,27,25,199,26,173,20.717131474103585,10.756972111553784,9.9601593625498,79.2828685258964,10.358565737051793,68.92430278884463
E00039173,202,69,32,37,133,13,120,34.15841584158416,15.841584158415841,18.316831683168317,65.84158415841584,6.435643564356436,59.4059405940594
E00039174,244,54,20,34,190,16,174,22.131147540983605,8.19672131147541,13.934426229508196,77.8688524590164,6.557377049180328,71.31147540983606
E00039175,203,49,22,27,154,19,135,24.137931034482758,10.83743842364532,13.30049261083744,75.86206896551724,9.35960591133005,66.50246305418719
E00039176,350,97,49,48,253,14,239,27.714285714285715,14.000000000000002,13.714285714285715,72.28571428571429,4,68.28571428571428
E00039177,188,110,65,45,78,8,70,58.51063829787234,34.57446808510639,23.93617021276596,41.48936170212766,4.25531914893617,37.234042553191486
E00039178,371,75,44,31,296,18,278,20.21563342318059,11.859838274932615,8.355795148247978,79.78436657681941,4.8517520215633425,74.93261455525607
E00039179,357,79,40,39,278,15,263,22.128851540616246,11.204481792717088,10.92436974789916,77.87114845938376,4.201680672268908,73.66946778711485
E00039180,389,134,84,50,255,17,238,34.447300771208226,21.59383033419023,12.853470437017995,65.55269922879178,4.370179948586118,61.18251928020566
E00039181,323,139,89,50,184,18,166,43.034055727554176,27.55417956656347,15.479876160990713,56.965944272445824,5.572755417956656,51.39318885448917
E00039182,314,66,33,33,248,20,228,21.019108280254777,10.509554140127388,10.509554140127388,78.98089171974523,6.369426751592357,72.61146496815286
E00039183,446,110,67,43,336,9,327,24.663677130044842,15.022421524663676,9.641255605381167,75.33632286995515,2.0179372197309418,73.31838565022422
E00039184,208,65,38,27,143,8,135,31.25,18.269230769230766,12.980769230769232,68.75,3.8461538461538463,64.90384615384616
E00039185,277,60,22,38,217,13,204,21.660649819494584,7.9422382671480145,13.718411552346572,78.33935018050542,4.693140794223827,73.6462093862816
E00039186,347,95,53,42,252,14,238,27.37752161383285,15.273775216138327,12.103746397694524,72.62247838616715,4.034582132564841,68.58789625360231
E00039187,427,83,34,49,344,16,328,19.437939110070257,7.962529274004685,11.475409836065573,80.56206088992974,3.747072599531616,76.81498829039812
E00039188,102,58,39,19,44,5,39,56.86274509803921,38.23529411764706,18.627450980392158,43.13725490196079,4.901960784313726,38.23529411764706
E00039189,380,61,35,26,319,16,303,16.05263157894737,9.210526315789473,6.842105263157896,83.94736842105263,4.2105263157894735,79.73684210526316
E00039190,255,65,32,33,190,12,178,25.49019607843137,12.549019607843137,12.941176470588237,74.50980392156863,4.705882352941177,69.80392156862744
E00039191,266,72,28,44,194,13,181,27.06766917293233,10.526315789473683,16.541353383458645,72.93233082706767,4.887218045112782,68.04511278195488
E00039192,369,79,43,36,290,20,270,21.40921409214092,11.653116531165312,9.75609756097561,78.59078590785907,5.420054200542006,73.17073170731707
E00039193,343,87,48,39,256,19,237,25.364431486880466,13.994169096209912,11.370262390670554,74.63556851311954,5.539358600583091,69.09620991253644
E00039194,337,89,43,46,248,18,230,26.409495548961427,12.759643916913946,13.649851632047477,73.59050445103857,5.341246290801187,68.24925816023739
E00039195,382,76,35,41,306,22,284,19.895287958115183,9.162303664921465,10.732984293193718,80.10471204188482,5.7591623036649215,74.3455497382199
E00039196,362,114,63,51,248,11,237,31.491712707182316,17.403314917127073,14.088397790055248,68.50828729281768,3.0386740331491713,65.4696132596685
E00039197,378,77,30,47,301,20,281,20.37037037037037,7.936507936507936,12.433862433862434,79.62962962962963,5.291005291005291,74.33862433862434
E00039198,223,68,47,21,155,15,140,30.493273542600896,21.076233183856502,9.417040358744394,69.50672645739911,6.726457399103139,62.78026905829597
E00039199,219,80,42,38,139,12,127,36.5296803652968,19.17808219178082,17.35159817351598,63.4703196347032,5.47945205479452,57.99086757990868
E00039200,353,64,27,37,289,14,275,18.13031161473088,7.64872521246459,10.48158640226629,81.86968838526913,3.9660056657223794,77.90368271954674
E00039201,269,64,35,29,205,19,186,23.79182156133829,13.011152416356877,10.780669144981413,76.2081784386617,7.063197026022305,69.14498141263941
E00039202,352,82,36,46,270,23,247,23.295454545454543,10.227272727272728,13.068181818181818,76.70454545454545,6.534090909090909,70.17045454545455
E00039203,197,65,33,32,132,17,115,32.99492385786802,16.751269035532996,16.243654822335024,67.00507614213198,8.629441624365482,58.37563451776649
E00039204,377,84,51,33,293,19,274,22.281167108753316,13.527851458885943,8.753315649867375,77.71883289124668,5.039787798408488,72.67904509283821
E00039205,307,86,43,43,221,15,206,28.013029315960914,14.006514657980457,14.006514657980457,71.9869706840391,4.88599348534202,67.10097719869707
E00039206,364,47,18,29,317,25,292,12.912087912087914,4.945054945054945,7.967032967032966,87.08791208791209,6.868131868131869,80.21978021978022
E00039207,262,38,18,20,224,22,202,14.50381679389313,6.870229007633588,7.633587786259542,85.49618320610686,8.396946564885496,77.09923664122137
E00039208,263,48,20,28,215,15,200,18.250950570342205,7.604562737642586,10.646387832699618,81.74904942965779,5.7034220532319395,76.04562737642586
E00039209,311,64,33,31,247,22,225,20.578778135048232,10.610932475884244,9.967845659163988,79.42122186495176,7.07395498392283,72.34726688102894
E00039210,273,74,23,51,199,22,177,27.106227106227106,8.424908424908425,18.681318681318682,72.89377289377289,8.058608058608058,64.83516483516483
E00039211,289,75,40,35,214,18,196,25.951557093425603,13.84083044982699,12.110726643598616,74.0484429065744,6.228373702422145,67.82006920415225
E00039212,301,62,30,32,239,18,221,20.59800664451827,9.966777408637874,10.631229235880399,79.40199335548172,5.980066445182724,73.421926910299
E00039213,283,49,18,31,234,25,209,17.314487632508836,6.36042402826855,10.954063604240282,82.68551236749117,8.8339222614841,73.85159010600707
E00039214,258,47,17,30,211,25,186,18.217054263565892,6.5891472868217065,11.627906976744185,81.78294573643412,9.689922480620156,72.09302325581395
E00039215,250,48,21,27,202,18,184,19.2,8.4,10.8,80.80000000000001,7.199999999999999,73.6
E00039216,330,72,37,35,258,23,235,21.818181818181817,11.212121212121213,10.606060606060606,78.18181818181819,6.969696969696971,71.21212121212122
E00039217,344,48,19,29,296,27,269,13.953488372093023,5.523255813953488,8.430232558139535,86.04651162790698,7.848837209302325,78.19767441860465
E00039218,345,57,20,37,288,24,264,16.52173913043478,5.797101449275362,10.72463768115942,83.47826086956522,6.956521739130435,76.52173913043478
E00039219,324,55,19,36,269,29,240,16.97530864197531,5.864197530864197,11.11111111111111,83.0246913580247,8.950617283950617,74.07407407407408
E00039220,267,72,30,42,195,21,174,26.96629213483146,11.235955056179774,15.730337078651685,73.03370786516854,7.865168539325842,65.1685393258427
E00039221,263,68,22,46,195,15,180,25.85551330798479,8.365019011406844,17.490494296577946,74.1444866920152,5.7034220532319395,68.44106463878326
E00039222,281,49,20,29,232,14,218,17.437722419928825,7.11743772241993,10.320284697508896,82.56227758007117,4.98220640569395,77.58007117437722
E00039223,291,52,22,30,239,22,217,17.869415807560138,7.560137457044673,10.309278350515463,82.13058419243985,7.560137457044673,74.5704467353952
E00039224,305,74,35,39,231,17,214,24.262295081967213,11.475409836065573,12.786885245901638,75.73770491803279,5.573770491803279,70.16393442622952
E00039225,233,66,37,29,167,16,151,28.32618025751073,15.879828326180256,12.446351931330472,71.67381974248927,6.866952789699571,64.8068669527897
E00039226,294,51,23,28,243,20,223,17.346938775510203,7.8231292517006805,9.523809523809524,82.6530612244898,6.802721088435375,75.85034013605441
E00039227,276,53,27,26,223,23,200,19.202898550724637,9.782608695652174,9.420289855072465,80.79710144927536,8.333333333333332,72.46376811594203
E00039228,338,79,34,45,259,22,237,23.37278106508876,10.059171597633137,13.313609467455622,76.62721893491124,6.508875739644971,70.11834319526628
E00039229,317,50,16,34,267,23,244,15.772870662460567,5.047318611987381,10.725552050473187,84.22712933753942,7.255520504731862,76.97160883280758
E00039230,384,67,28,39,317,30,287,17.447916666666664,7.291666666666667,10.15625,82.55208333333334,7.8125,74.73958333333334
E00039231,241,36,15,21,205,12,193,14.937759336099585,6.224066390041494,8.71369294605809,85.06224066390041,4.979253112033195,80.08298755186722
E00039232,391,66,34,32,325,27,298,16.879795396419436,8.695652173913043,8.184143222506394,83.12020460358056,6.905370843989769,76.21483375959079
E00039233,297,82,32,50,215,18,197,27.609427609427613,10.774410774410773,16.835016835016837,72.39057239057239,6.0606060606060606,66.32996632996633
E00039234,304,103,44,59,201,15,186,33.881578947368425,14.473684210526317,19.407894736842106,66.11842105263158,4.934210526315789,61.18421052631579
E00039235,325,75,38,37,250,23,227,23.076923076923077,11.692307692307692,11.384615384615385,76.92307692307693,7.076923076923077,69.84615384615384
E00039236,273,81,42,39,192,15,177,29.67032967032967,15.384615384615385,14.285714285714285,70.32967032967034,5.4945054945054945,64.83516483516483
E00039237,282,94,49,45,188,17,171,33.33333333333333,17.375886524822697,15.957446808510639,66.66666666666666,6.028368794326241,60.63829787234043
E00039238,276,40,16,24,236,16,220,14.492753623188406,5.797101449275362,8.695652173913043,85.5072463768116,5.797101449275362,79.71014492753623
E00039239,282,75,34,41,207,24,183,26.595744680851062,12.056737588652481,14.539007092198581,73.40425531914893,8.51063829787234,64.8936170212766
E00039240,296,47,16,31,249,28,221,15.878378378378377,5.405405405405405,10.472972972972974,84.12162162162163,9.45945945945946,74.66216216216216
E00039241,280,41,18,23,239,22,217,14.642857142857144,6.428571428571428,8.214285714285714,85.35714285714285,7.857142857142857,77.5
E00039242,196,34,14,20,162,14,148,17.346938775510203,7.142857142857142,10.204081632653061,82.6530612244898,7.142857142857142,75.51020408163265
E00039243,198,70,41,29,128,9,119,35.35353535353536,20.707070707070706,14.646464646464647,64.64646464646465,4.545454545454546,60.1010101010101
E00039244,285,53,26,27,232,14,218,18.596491228070175,9.12280701754386,9.473684210526317,81.40350877192982,4.912280701754386,76.49122807017544
E00039245,360,70,29,41,290,18,272,19.444444444444446,8.055555555555555,11.38888888888889,80.55555555555556,5,75.55555555555556
E00039246,309,63,29,34,246,31,215,20.388349514563107,9.385113268608414,11.003236245954692,79.6116504854369,10.032362459546926,69.57928802588997
E00039247,467,93,56,37,374,40,334,19.914346895074946,11.991434689507495,7.922912205567452,80.08565310492506,8.565310492505352,71.5203426124197
E00039248,315,52,23,29,263,23,240,16.507936507936506,7.301587301587302,9.206349206349207,83.4920634920635,7.301587301587302,76.19047619047619
E00039249,419,59,28,31,360,36,324,14.081145584725538,6.682577565632458,7.398568019093078,85.91885441527445,8.591885441527445,77.32696897374701
E00039250,344,47,14,33,297,28,269,13.662790697674417,4.069767441860465,9.593023255813954,86.33720930232558,8.13953488372093,78.19767441860465
E00039251,312,64,31,33,248,18,230,20.51282051282051,9.935897435897436,10.576923076923077,79.48717948717949,5.769230769230769,73.71794871794873
E00039252,275,61,28,33,214,25,189,22.181818181818183,10.181818181818182,12,77.81818181818181,9.090909090909092,68.72727272727272
E00039253,310,67,31,36,243,26,217,21.612903225806452,10,11.612903225806452,78.38709677419354,8.38709677419355,70
E00039254,291,51,22,29,240,24,216,17.525773195876287,7.560137457044673,9.965635738831615,82.4742268041237,8.24742268041237,74.22680412371135
E00039255,410,61,16,45,349,29,320,14.878048780487804,3.902439024390244,10.975609756097562,85.1219512195122,7.073170731707316,78.04878048780488
E00039256,314,58,12,46,256,32,224,18.471337579617835,3.821656050955414,14.64968152866242,81.52866242038218,10.191082802547772,71.3375796178344
E00039257,429,138,78,60,291,19,272,32.16783216783217,18.181818181818183,13.986013986013987,67.83216783216784,4.428904428904429,63.4032634032634
E00039258,311,67,30,37,244,27,217,21.54340836012862,9.646302250803858,11.89710610932476,78.45659163987139,8.681672025723474,69.77491961414792
E00039259,275,35,19,16,240,23,217,12.727272727272727,6.909090909090909,5.818181818181818,87.27272727272727,8.363636363636363,78.9090909090909
E00039260,227,80,39,41,147,20,127,35.24229074889868,17.180616740088105,18.06167400881057,64.75770925110133,8.81057268722467,55.947136563876654
E00039261,302,72,35,37,230,13,217,23.841059602649008,11.589403973509933,12.251655629139073,76.15894039735099,4.304635761589404,71.8543046357616
E00039262,319,79,40,39,240,14,226,24.76489028213166,12.539184952978054,12.225705329153605,75.23510971786834,4.38871473354232,70.84639498432603
E00039263,255,43,18,25,212,18,194,16.862745098039216,7.0588235294117645,9.803921568627452,83.13725490196079,7.0588235294117645,76.07843137254902
E00039264,209,63,27,36,146,17,129,30.14354066985646,12.918660287081341,17.22488038277512,69.85645933014354,8.133971291866029,61.72248803827751
E00039265,252,43,16,27,209,21,188,17.063492063492063,6.349206349206349,10.714285714285714,82.93650793650794,8.333333333333332,74.60317460317461
E00039266,256,72,37,35,184,20,164,28.125,14.453125,13.671875,71.875,7.8125,64.0625
E00039267,316,32,10,22,284,33,251,10.126582278481013,3.1645569620253164,6.962025316455696,89.87341772151899,10.443037974683545,79.43037974683544
E00039269,368,66,28,38,302,18,284,17.934782608695652,7.608695652173914,10.326086956521738,82.06521739130434,4.891304347826087,77.17391304347827
E00039270,309,64,23,41,245,20,225,20.711974110032365,7.443365695792881,13.268608414239482,79.28802588996764,6.472491909385113,72.81553398058253
E00039271,492,80,28,52,412,47,365,16.260162601626014,5.691056910569105,10.569105691056912,83.73983739837398,9.552845528455284,74.1869918699187
E00039272,281,55,16,39,226,18,208,19.572953736654807,5.6939501779359425,13.87900355871886,80.42704626334519,6.405693950177936,74.02135231316726
E00039273,300,74,22,52,226,13,213,24.666666666666668,7.333333333333333,17.333333333333336,75.33333333333333,4.333333333333334,71
E00039274,228,47,18,29,181,15,166,20.614035087719298,7.894736842105263,12.719298245614036,79.3859649122807,6.578947368421052,72.80701754385966
E00039275,497,90,37,53,407,40,367,18.10865191146881,7.44466800804829,10.663983903420524,81.89134808853119,8.048289738430583,73.8430583501006
E00039276,461,126,68,58,335,27,308,27.331887201735356,14.75054229934924,12.58134490238612,72.66811279826464,5.856832971800434,66.81127982646422
E00039277,356,74,37,37,282,22,260,20.786516853932586,10.393258426966293,10.393258426966293,79.21348314606742,6.179775280898876,73.03370786516854
E00039278,410,80,38,42,330,34,296,19.51219512195122,9.268292682926829,10.24390243902439,80.48780487804879,8.292682926829269,72.1951219512195
E00039279,268,65,29,36,203,15,188,24.253731343283583,10.820895522388058,13.432835820895523,75.74626865671642,5.597014925373134,70.1492537313433
E00039280,254,66,31,35,188,19,169,25.984251968503933,12.204724409448819,13.779527559055119,74.01574803149606,7.480314960629922,66.53543307086615
E00039281,238,51,18,33,187,17,170,21.428571428571427,7.563025210084033,13.865546218487395,78.57142857142857,7.142857142857142,71.42857142857143
E00039282,277,72,29,43,205,22,183,25.992779783393498,10.469314079422382,15.523465703971121,74.0072202166065,7.9422382671480145,66.06498194945848
E00039283,238,73,39,34,165,10,155,30.672268907563026,16.386554621848738,14.285714285714285,69.32773109243698,4.201680672268908,65.12605042016807
E00039284,273,67,32,35,206,13,193,24.54212454212454,11.72161172161172,12.82051282051282,75.45787545787546,4.761904761904762,70.6959706959707
E00039285,279,82,51,31,197,12,185,29.39068100358423,18.27956989247312,11.11111111111111,70.60931899641577,4.301075268817205,66.30824372759857
E00039286,297,60,27,33,237,23,214,20.2020202020202,9.090909090909092,11.11111111111111,79.7979797979798,7.744107744107744,72.05387205387206
E00039287,229,60,33,27,169,9,160,26.200873362445414,14.41048034934498,11.790393013100436,73.7991266375546,3.9301310043668125,69.86899563318777
E00039288,124,49,21,28,75,3,72,39.516129032258064,16.93548387096774,22.58064516129032,60.483870967741936,2.4193548387096775,58.06451612903226
E00039289,234,47,23,24,187,17,170,20.085470085470085,9.82905982905983,10.256410256410255,79.91452991452992,7.264957264957266,72.64957264957265
E00039290,299,72,32,40,227,27,200,24.08026755852843,10.702341137123746,13.377926421404682,75.91973244147158,9.03010033444816,66.88963210702342
E00039291,402,83,49,34,319,33,286,20.64676616915423,12.189054726368159,8.45771144278607,79.35323383084577,8.208955223880597,71.14427860696517
E00039292,283,153,112,41,130,8,122,54.06360424028268,39.57597173144876,14.487632508833922,45.936395759717314,2.8268551236749118,43.109540636042404
E00039293,271,57,30,27,214,16,198,21.033210332103323,11.07011070110701,9.96309963099631,78.96678966789668,5.904059040590406,73.06273062730627
E00039294,250,55,29,26,195,20,175,22,11.600000000000001,10.4,78,8,70
E00039295,317,94,50,44,223,21,202,29.652996845425868,15.772870662460567,13.880126182965299,70.347003154574125,6.624605678233439,63.722397476340696
E00039296,431,106,68,38,325,21,304,24.593967517401392,15.777262180974477,8.816705336426914,75.4060324825986,4.872389791183294,70.53364269141531
E00039297,331,60,26,34,271,21,250,18.12688821752266,7.854984894259818,10.27190332326284,81.87311178247734,6.3444108761329305,75.52870090634441
E00039298,323,72,25,47,251,14,237,22.291021671826623,7.739938080495357,14.551083591331269,77.70897832817337,4.3343653250774,73.37461300309597
E00039299,258,69,29,40,189,20,169,26.744186046511626,11.24031007751938,15.503875968992247,73.25581395348837,7.751937984496124,65.50387596899225
E00039300,320,85,40,45,235,22,213,26.5625,12.5,14.0625,73.4375,6.875000000000001,66.5625
E00039301,162,28,14,14,134,6,128,17.28395061728395,8.641975308641975,8.641975308641975,82.71604938271605,3.7037037037037033,79.01234567901234
E00039302,235,48,25,23,187,19,168,20.425531914893615,10.638297872340425,9.787234042553191,79.57446808510639,8.085106382978724,71.48936170212767
E00039303,388,42,16,26,346,31,315,10.824742268041238,4.123711340206185,6.701030927835052,89.17525773195877,7.989690721649484,81.18556701030928
E00039304,209,29,12,17,180,18,162,13.875598086124402,5.741626794258373,8.133971291866029,86.1244019138756,8.61244019138756,77.51196172248804
E00039305,162,37,9,28,125,12,113,22.839506172839506,5.555555555555555,17.28395061728395,77.1604938271605,7.4074074074074066,69.75308641975309
E00039306,209,33,12,21,176,18,158,15.789473684210526,5.741626794258373,10.047846889952153,84.21052631578947,8.61244019138756,75.5980861244019
E00039307,243,28,8,20,215,28,187,11.522633744855968,3.292181069958848,8.23045267489712,88.47736625514403,11.522633744855968,76.95473251028807
E00039308,325,37,15,22,288,33,255,11.384615384615385,4.615384615384616,6.769230769230769,88.61538461538461,10.153846153846153,78.46153846153847
E00039309,206,40,17,23,166,24,142,19.41747572815534,8.25242718446602,11.165048543689322,80.58252427184466,11.650485436893204,68.93203883495146
E00039310,252,72,29,43,180,15,165,28.57142857142857,11.507936507936508,17.063492063492063,71.42857142857143,5.952380952380952,65.47619047619048
E00039311,239,60,26,34,179,19,160,25.10460251046025,10.87866108786611,14.225941422594143,74.89539748953975,7.949790794979079,66.94560669456067
E00039312,309,57,19,38,252,34,218,18.446601941747574,6.148867313915858,12.297734627831716,81.55339805825243,11.003236245954692,70.55016181229773
E00039313,225,47,21,26,178,16,162,20.88888888888889,9.333333333333334,11.555555555555555,79.11111111111111,7.111111111111111,72
E00039314,207,71,33,38,136,9,127,34.29951690821256,15.942028985507244,18.357487922705314,65.70048309178745,4.3478260869565215,61.35265700483091
E00039315,286,57,28,29,229,21,208,19.93006993006993,9.79020979020979,10.13986013986014,80.06993006993007,7.3426573426573425,72.72727272727273
E00039316,294,65,29,36,229,14,215,22.108843537414966,9.863945578231291,12.244897959183673,77.89115646258503,4.761904761904762,73.12925170068027
E00039317,240,71,30,41,169,18,151,29.583333333333332,12.5,17.083333333333332,70.41666666666667,7.5,62.916666666666664
E00039318,191,56,29,27,135,11,124,29.31937172774869,15.18324607329843,14.136125654450263,70.68062827225131,5.7591623036649215,64.92146596858639
E00039319,341,78,43,35,263,26,237,22.87390029325513,12.609970674486803,10.263929618768328,77.12609970674487,7.624633431085044,69.50146627565982
E00039320,279,55,29,26,224,17,207,19.71326164874552,10.39426523297491,9.31899641577061,80.28673835125448,6.093189964157706,74.19354838709677
E00039321,258,61,25,36,197,18,179,23.643410852713178,9.689922480620156,13.953488372093023,76.35658914728683,6.976744186046512,69.37984496124031
E00039322,263,43,14,29,220,23,197,16.34980988593156,5.323193916349809,11.02661596958175,83.65019011406845,8.745247148288973,74.90494296577947
E00039323,237,50,20,30,187,24,163,21.09704641350211,8.438818565400844,12.658227848101266,78.90295358649789,10.126582278481013,68.77637130801688
E00039324,227,51,26,25,176,9,167,22.46696035242291,11.45374449339207,11.013215859030836,77.5330396475771,3.9647577092511015,73.568281938326
E00039325,266,41,20,21,225,21,204,15.413533834586465,7.518796992481203,7.894736842105263,84.58646616541353,7.894736842105263,76.69172932330827
E00039326,268,48,22,26,220,23,197,17.91044776119403,8.208955223880597,9.701492537313433,82.08955223880598,8.582089552238806,73.50746268656717
E00039327,282,64,30,34,218,16,202,22.69503546099291,10.638297872340425,12.056737588652481,77.30496453900709,5.673758865248227,71.63120567375887
E00039328,322,50,24,26,272,21,251,15.527950310559005,7.453416149068323,8.074534161490684,84.472049689441,6.521739130434782,77.95031055900621
E00039329,317,90,47,43,227,10,217,28.391167192429023,14.826498422712934,13.564668769716087,71.60883280757098,3.1545741324921135,68.45425867507886
E00039330,326,65,33,32,261,20,241,19.938650306748464,10.122699386503067,9.815950920245399,80.06134969325154,6.134969325153374,73.92638036809815
E00039331,243,49,20,29,194,10,184,20.16460905349794,8.23045267489712,11.934156378600823,79.83539094650206,4.11522633744856,75.7201646090535
E00039332,247,76,34,42,171,21,150,30.76923076923077,13.765182186234817,17.00404858299595,69.23076923076923,8.502024291497975,60.72874493927125
E00039333,283,58,27,31,225,21,204,20.49469964664311,9.540636042402827,10.954063604240282,79.50530035335689,7.420494699646643,72.08480565371025
E00039334,314,69,35,34,245,16,229,21.97452229299363,11.146496815286625,10.828025477707007,78.02547770700637,5.095541401273886,72.92993630573248
E00039335,153,43,18,25,110,12,98,28.104575163398692,11.76470588235294,16.33986928104575,71.89542483660131,7.8431372549019605,64.05228758169935
E00039336,417,120,81,39,297,14,283,28.776978417266186,19.424460431654676,9.352517985611511,71.22302158273382,3.357314148681055,67.86570743405275
E00039337,378,61,34,27,317,4,313,16.137566137566136,8.994708994708994,7.142857142857142,83.86243386243386,1.0582010582010581,82.8042328042328
E00039338,366,70,23,47,296,17,279,19.12568306010929,6.284153005464481,12.841530054644808,80.87431693989072,4.644808743169399,76.22950819672131
E00039339,355,71,31,40,284,10,274,20,8.732394366197182,11.267605633802818,80,2.8169014084507045,77.1830985915493
E00039340,325,70,33,37,255,20,235,21.53846153846154,10.153846153846153,11.384615384615385,78.46153846153847,6.153846153846154,72.3076923076923
E00039341,310,79,42,37,231,16,215,25.483870967741932,13.548387096774196,11.935483870967742,74.51612903225806,5.161290322580645,69.35483870967742
E00039342,380,69,31,38,311,24,287,18.157894736842106,8.157894736842106,10,81.84210526315789,6.315789473684211,75.52631578947368
E00039343,353,89,50,39,264,18,246,25.21246458923513,14.164305949008499,11.048158640226628,74.78753541076487,5.099150141643059,69.68838526912181
E00039344,315,61,30,31,254,20,234,19.365079365079367,9.523809523809524,9.841269841269842,80.63492063492063,6.349206349206349,74.28571428571429
E00039345,372,90,55,35,282,21,261,24.193548387096776,14.78494623655914,9.408602150537634,75.80645161290323,5.64516129032258,70.16129032258065
E00039346,319,57,29,28,262,18,244,17.86833855799373,9.090909090909092,8.77742946708464,82.13166144200626,5.6426332288401255,76.48902821316614
E00039347,219,45,22,23,174,13,161,20.54794520547945,10.045662100456621,10.50228310502283,79.45205479452055,5.93607305936073,73.51598173515981
E00039348,272,52,20,32,220,16,204,19.11764705882353,7.352941176470589,11.76470588235294,80.88235294117648,5.88235294117647,75
E00039349,273,49,21,28,224,20,204,17.94871794871795,7.6923076923076925,10.256410256410255,82.05128205128204,7.326007326007327,74.72527472527473
E00039350,302,50,23,27,252,17,235,16.55629139072848,7.6158940397351,8.940397350993377,83.44370860927152,5.629139072847682,77.81456953642383
E00039351,338,63,38,25,275,6,269,18.639053254437872,11.242603550295858,7.396449704142012,81.36094674556213,1.7751479289940828,79.58579881656804
E00039352,340,55,34,21,285,7,278,16.176470588235293,10,6.176470588235294,83.82352941176471,2.0588235294117645,81.76470588235294
E00039353,314,29,11,18,285,7,278,9.235668789808917,3.5031847133757963,5.7324840764331215,90.76433121019109,2.229299363057325,88.53503184713377
E00039354,432,56,30,26,376,11,365,12.962962962962962,6.944444444444445,6.018518518518518,87.03703703703704,2.5462962962962963,84.49074074074075
E00039355,388,79,42,37,309,19,290,20.36082474226804,10.824742268041238,9.536082474226804,79.63917525773195,4.896907216494846,74.74226804123711
E00039356,393,116,54,62,277,18,259,29.51653944020356,13.740458015267176,15.776081424936386,70.48346055979644,4.580152671755725,65.9033078880407
E00039357,364,82,38,44,282,25,257,22.52747252747253,10.43956043956044,12.087912087912088,77.47252747252747,6.868131868131869,70.6043956043956
E00039358,298,45,22,23,253,5,248,15.100671140939598,7.38255033557047,7.718120805369128,84.8993288590604,1.6778523489932886,83.22147651006712
E00039359,290,60,28,32,230,7,223,20.689655172413794,9.655172413793103,11.03448275862069,79.3103448275862,2.413793103448276,76.89655172413794
E00039360,345,85,37,48,260,25,235,24.637681159420293,10.72463768115942,13.91304347826087,75.36231884057972,7.246376811594203,68.11594202898551
E00039361,203,62,28,34,141,12,129,30.541871921182267,13.793103448275861,16.748768472906402,69.45812807881774,5.911330049261084,63.54679802955665
E00039362,366,61,32,29,305,12,293,16.666666666666664,8.743169398907105,7.923497267759563,83.33333333333334,3.278688524590164,80.05464480874316
E00039363,341,44,21,23,297,5,292,12.903225806451612,6.158357771260997,6.744868035190615,87.09677419354838,1.466275659824047,85.63049853372434
E00039364,394,79,47,32,315,16,299,20.050761421319795,11.928934010152284,8.121827411167512,79.94923857868021,4.060913705583756,75.88832487309645
E00039366,271,43,17,26,228,27,201,15.867158671586715,6.273062730627306,9.59409594095941,84.13284132841329,9.96309963099631,74.16974169741697
E00039367,281,85,49,36,196,13,183,30.2491103202847,17.437722419928825,12.811387900355871,69.7508896797153,4.6263345195729535,65.12455516014235
E00039368,287,61,19,42,226,23,203,21.254355400696863,6.620209059233449,14.634146341463413,78.74564459930313,8.013937282229964,70.73170731707317
E00039369,360,104,59,45,256,13,243,28.888888888888886,16.38888888888889,12.5,71.11111111111111,3.6111111111111107,67.5
E00039370,330,64,25,39,266,16,250,19.393939393939394,7.575757575757576,11.818181818181818,80.60606060606061,4.848484848484849,75.75757575757575
E00039371,322,68,35,33,254,18,236,21.11801242236025,10.869565217391305,10.248447204968944,78.88198757763976,5.590062111801243,73.29192546583852
E00039372,316,50,23,27,266,28,238,15.822784810126583,7.2784810126582276,8.544303797468354,84.17721518987342,8.860759493670885,75.31645569620254
E00039373,258,65,37,28,193,26,167,25.1937984496124,14.34108527131783,10.852713178294573,74.8062015503876,10.077519379844961,64.72868217054264
E00039375,248,57,31,26,191,13,178,22.983870967741936,12.5,10.483870967741936,77.01612903225806,5.241935483870968,71.7741935483871
E00039376,284,59,34,25,225,14,211,20.774647887323944,11.971830985915492,8.80281690140845,79.22535211267606,4.929577464788732,74.29577464788733
E00039377,286,58,23,35,228,16,212,20.27972027972028,8.041958041958042,12.237762237762238,79.72027972027972,5.594405594405594,74.12587412587412
E00039378,286,49,29,20,237,16,221,17.132867132867133,10.13986013986014,6.993006993006993,82.86713286713287,5.594405594405594,77.27272727272727
E00039379,274,70,36,34,204,15,189,25.547445255474454,13.138686131386862,12.408759124087592,74.45255474452554,5.474452554744526,68.97810218978103
E00039380,286,56,20,36,230,22,208,19.58041958041958,6.993006993006993,12.587412587412588,80.41958041958041,7.6923076923076925,72.72727272727273
E00039381,352,80,40,40,272,36,236,22.727272727272727,11.363636363636363,11.363636363636363,77.27272727272727,10.227272727272728,67.04545454545455
E00039382,410,77,28,49,333,25,308,18.78048780487805,6.829268292682928,11.951219512195122,81.21951219512195,6.097560975609756,75.1219512195122
E00039383,239,79,46,33,160,21,139,33.054393305439326,19.246861924686193,13.807531380753138,66.94560669456067,8.786610878661087,58.15899581589959
E00039384,340,78,31,47,262,19,243,22.941176470588236,9.117647058823529,13.823529411764707,77.05882352941177,5.588235294117648,71.47058823529412
E00039385,253,66,31,35,187,17,170,26.08695652173913,12.25296442687747,13.83399209486166,73.91304347826086,6.719367588932807,67.19367588932806
E00039386,230,53,23,30,177,19,158,23.043478260869566,10,13.043478260869565,76.95652173913044,8.26086956521739,68.69565217391305
E00039387,303,57,22,35,246,12,234,18.81188118811881,7.2607260726072615,11.55115511551155,81.1881188118812,3.9603960396039604,77.22772277227723
E00039388,278,51,24,27,227,24,203,18.345323741007196,8.633093525179856,9.712230215827338,81.65467625899281,8.633093525179856,73.02158273381295
E00039389,261,52,22,30,209,16,193,19.923371647509576,8.42911877394636,11.494252873563218,80.07662835249042,6.130268199233716,73.9463601532567
E00039390,352,86,46,40,266,23,243,24.431818181818183,13.068181818181818,11.363636363636363,75.56818181818183,6.534090909090909,69.0340909090909
E00039391,276,65,25,40,211,26,185,23.55072463768116,9.057971014492754,14.492753623188406,76.44927536231883,9.420289855072465,67.02898550724638
E00039392,485,82,36,46,403,29,374,16.90721649484536,7.422680412371134,9.484536082474227,83.09278350515464,5.979381443298969,77.11340206185568
E00039393,349,101,44,57,248,17,231,28.939828080229223,12.607449856733524,16.332378223495702,71.06017191977078,4.871060171919771,66.189111747851
E00039394,340,68,25,43,272,13,259,20,7.352941176470589,12.647058823529411,80,3.823529411764706,76.17647058823529
E00039395,334,76,29,47,258,25,233,22.75449101796407,8.682634730538922,14.071856287425149,77.24550898203593,7.48502994011976,69.76047904191617
E00039396,267,74,32,42,193,16,177,27.715355805243448,11.985018726591761,15.730337078651685,72.28464419475655,5.992509363295881,66.29213483146067
E00039397,301,38,18,20,263,20,243,12.624584717607974,5.980066445182724,6.64451827242525,87.37541528239203,6.64451827242525,80.73089700996677
E00039398,439,137,62,75,302,23,279,31.207289293849662,14.123006833712983,17.084282460136674,68.79271070615034,5.239179954441914,63.55353075170843
E00039400,335,94,47,47,241,26,215,28.059701492537314,14.029850746268657,14.029850746268657,71.94029850746269,7.761194029850746,64.17910447761194
E00039401,281,76,36,40,205,22,183,27.046263345195733,12.811387900355871,14.23487544483986,72.95373665480427,7.829181494661921,65.12455516014235
E00039402,371,135,76,59,236,20,216,36.38814016172507,20.485175202156334,15.902964959568733,63.61185983827493,5.3908355795148255,58.22102425876011
E00039403,310,116,43,73,194,12,182,37.41935483870968,13.870967741935484,23.548387096774192,62.58064516129033,3.870967741935484,58.70967741935483
E00039404,299,79,35,44,220,22,198,26.421404682274247,11.705685618729097,14.715719063545151,73.57859531772574,7.357859531772576,66.22073578595318
E00039405,215,75,43,32,140,10,130,34.883720930232556,20,14.883720930232558,65.11627906976744,4.651162790697675,60.46511627906976
E00039406,264,64,29,35,200,15,185,24.242424242424242,10.984848484848484,13.257575757575758,75.75757575757575,5.681818181818182,70.07575757575758
E00039407,234,95,45,50,139,10,129,40.598290598290596,19.230769230769234,21.367521367521366,59.401709401709404,4.273504273504273,55.12820512820513
E00039408,304,53,30,23,251,22,229,17.434210526315788,9.868421052631579,7.565789473684211,82.56578947368422,7.236842105263158,75.32894736842105
E00039409,401,82,24,58,319,39,280,20.448877805486283,5.985037406483791,14.463840399002494,79.55112219451371,9.72568578553616,69.82543640897757
E00039411,422,50,13,37,372,26,346,11.848341232227488,3.080568720379147,8.767772511848342,88.15165876777252,6.161137440758294,81.99052132701422
E00039412,267,66,25,41,201,22,179,24.719101123595504,9.363295880149813,15.355805243445692,75.28089887640449,8.239700374531834,67.04119850187266
E00039413,227,54,28,26,173,7,166,23.788546255506606,12.334801762114537,11.45374449339207,76.2114537444934,3.0837004405286343,73.12775330396477
E00039414,282,60,29,31,222,22,200,21.27659574468085,10.28368794326241,10.99290780141844,78.72340425531915,7.801418439716312,70.92198581560284
E00039415,256,31,7,24,225,23,202,12.109375,2.734375,9.375,87.890625,8.984375,78.90625
E00039416,227,49,23,26,178,16,162,21.58590308370044,10.13215859030837,11.45374449339207,78.41409691629956,7.048458149779736,71.36563876651982
E00039417,213,56,29,27,157,13,144,26.291079812206576,13.615023474178404,12.676056338028168,73.70892018779342,6.103286384976526,67.6056338028169
E00039418,285,73,43,30,212,13,199,25.6140350877193,15.087719298245613,10.526315789473683,74.3859649122807,4.56140350877193,69.82456140350877
E00039419,287,66,29,37,221,13,208,22.99651567944251,10.104529616724738,12.89198606271777,77.00348432055749,4.529616724738676,72.47386759581882
E00039420,176,113,72,41,63,9,54,64.20454545454545,40.909090909090914,23.295454545454543,35.79545454545455,5.113636363636364,30.681818181818183
E00039421,241,58,26,32,183,18,165,24.066390041493776,10.78838174273859,13.278008298755188,75.93360995850622,7.468879668049793,68.46473029045643
E00039422,213,51,14,37,162,17,145,23.943661971830984,6.572769953051644,17.370892018779344,76.05633802816901,7.981220657276995,68.07511737089203
E00039423,175,46,22,24,129,11,118,26.285714285714285,12.571428571428573,13.714285714285715,73.71428571428571,6.2857142857142865,67.42857142857143
E00039425,248,50,23,27,198,12,186,20.161290322580644,9.274193548387096,10.887096774193548,79.83870967741935,4.838709677419355,75
E00039426,313,62,25,37,251,24,227,19.808306709265175,7.987220447284344,11.821086261980831,80.19169329073482,7.667731629392971,72.52396166134186
E00039427,210,57,29,28,153,18,135,27.142857142857142,13.80952380952381,13.333333333333334,72.85714285714285,8.571428571428571,64.28571428571429
E00039428,303,59,29,30,244,15,229,19.471947194719473,9.570957095709572,9.900990099009901,80.52805280528052,4.9504950495049505,75.57755775577559
E00039429,281,62,19,43,219,28,191,22.064056939501782,6.761565836298933,15.302491103202847,77.93594306049823,9.9644128113879,67.97153024911033
E00039430,257,59,31,28,198,13,185,22.957198443579767,12.062256809338521,10.894941634241246,77.04280155642024,5.058365758754864,71.98443579766537
E00039431,277,81,45,36,196,11,185,29.24187725631769,16.24548736462094,12.996389891696749,70.7581227436823,3.9711191335740073,66.78700361010831
E00039432,228,46,20,26,182,19,163,20.175438596491226,8.771929824561402,11.403508771929824,79.82456140350878,8.333333333333332,71.49122807017544
E00039433,358,97,55,42,261,20,241,27.09497206703911,15.363128491620111,11.731843575418994,72.90502793296089,5.58659217877095,67.31843575418995
E00039434,310,79,42,37,231,23,208,25.483870967741932,13.548387096774196,11.935483870967742,74.51612903225806,7.419354838709677,67.0967741935484
E00039435,246,105,58,47,141,16,125,42.68292682926829,23.577235772357724,19.10569105691057,57.3170731707317,6.504065040650407,50.81300813008131
E00039436,309,76,32,44,233,13,220,24.59546925566343,10.355987055016183,14.239482200647249,75.40453074433657,4.207119741100324,71.19741100323624
E00039437,395,52,25,27,343,36,307,13.164556962025317,6.329113924050633,6.8354430379746836,86.83544303797468,9.113924050632912,77.72151898734178
E00039438,290,41,13,28,249,26,223,14.13793103448276,4.482758620689655,9.655172413793103,85.86206896551725,8.96551724137931,76.89655172413794
E00039439,344,52,22,30,292,29,263,15.11627906976744,6.395348837209303,8.720930232558139,84.88372093023256,8.430232558139535,76.45348837209302
E00039440,211,54,18,36,157,13,144,25.59241706161137,8.530805687203792,17.061611374407583,74.40758293838863,6.161137440758294,68.24644549763033
E00039441,357,68,24,44,289,26,263,19.047619047619047,6.722689075630252,12.324929971988796,80.95238095238095,7.282913165266107,73.66946778711485
E00039442,258,61,38,23,197,16,181,23.643410852713178,14.728682170542637,8.914728682170542,76.35658914728683,6.2015503875969,70.15503875968993
E00039443,359,73,30,43,286,24,262,20.334261838440113,8.356545961002785,11.977715877437326,79.66573816155989,6.685236768802229,72.98050139275766
E00039444,372,124,65,59,248,25,223,33.33333333333333,17.473118279569892,15.86021505376344,66.66666666666666,6.720430107526881,59.946236559139784
E00039445,365,91,41,50,274,22,252,24.93150684931507,11.232876712328768,13.698630136986301,75.06849315068493,6.027397260273973,69.04109589041096
E00039446,493,127,60,67,366,27,339,25.760649087221093,12.170385395537526,13.590263691683571,74.2393509127789,5.476673427991886,68.76267748478702
E00039447,306,96,45,51,210,18,192,31.372549019607842,14.705882352941178,16.666666666666664,68.62745098039215,5.88235294117647,62.745098039215684
E00039448,264,54,20,34,210,22,188,20.454545454545457,7.575757575757576,12.878787878787879,79.54545454545455,8.333333333333332,71.21212121212122
E00039449,250,96,55,41,154,16,138,38.4,22,16.400000000000002,61.6,6.4,55.2
E00039450,272,32,16,16,240,24,216,11.76470588235294,5.88235294117647,5.88235294117647,88.23529411764706,8.823529411764707,79.41176470588235
E00039451,248,83,44,39,165,12,153,33.46774193548387,17.741935483870968,15.725806451612904,66.53225806451613,4.838709677419355,61.693548387096776
E00039452,333,109,64,45,224,22,202,32.732732732732735,19.21921921921922,13.513513513513514,67.26726726726727,6.606606606606606,60.66066066066066
E00039453,294,50,18,32,244,25,219,17.006802721088434,6.122448979591836,10.884353741496598,82.99319727891157,8.503401360544217,74.48979591836735
E00039454,471,88,42,46,383,38,345,18.683651804670912,8.9171974522293,9.766454352441615,81.31634819532908,8.067940552016985,73.24840764331209
E00039455,230,44,20,24,186,19,167,19.130434782608695,8.695652173913043,10.434782608695652,80.8695652173913,8.26086956521739,72.60869565217392
E00039456,308,53,21,32,255,26,229,17.20779220779221,6.8181818181818175,10.38961038961039,82.79220779220779,8.441558441558442,74.35064935064936
E00039457,292,58,23,35,234,23,211,19.863013698630137,7.876712328767123,11.986301369863012,80.13698630136986,7.876712328767123,72.26027397260275
E00039458,270,34,14,20,236,22,214,12.592592592592592,5.185185185185185,7.4074074074074066,87.4074074074074,8.148148148148149,79.25925925925927
E00039459,265,68,28,40,197,21,176,25.660377358490567,10.566037735849058,15.09433962264151,74.33962264150942,7.9245283018867925,66.41509433962264
E00039460,408,111,55,56,297,16,281,27.205882352941174,13.480392156862745,13.725490196078432,72.79411764705883,3.9215686274509802,68.87254901960785
E00039461,278,49,25,24,229,22,207,17.62589928057554,8.992805755395683,8.633093525179856,82.37410071942446,7.913669064748201,74.46043165467626
E00039462,288,46,20,26,242,26,216,15.972222222222221,6.944444444444445,9.027777777777777,84.02777777777779,9.027777777777777,75
E00039463,313,54,24,30,259,22,237,17.252396166134183,7.667731629392971,9.584664536741213,82.74760383386581,7.0287539936102235,75.71884984025559
E00039464,131,39,25,14,92,10,82,29.770992366412212,19.083969465648856,10.687022900763358,70.22900763358778,7.633587786259542,62.59541984732825
E00039465,209,37,15,22,172,16,156,17.703349282296653,7.177033492822966,10.526315789473683,82.29665071770334,7.655502392344498,74.64114832535886
E00039466,232,56,28,28,176,18,158,24.137931034482758,12.068965517241379,12.068965517241379,75.86206896551724,7.758620689655173,68.10344827586206
E00039468,246,36,16,20,210,19,191,14.634146341463413,6.504065040650407,8.130081300813007,85.36585365853658,7.723577235772358,77.64227642276423
E00039469,312,67,25,42,245,25,220,21.474358974358974,8.012820512820513,13.461538461538462,78.52564102564102,8.012820512820513,70.51282051282051
E00039470,284,100,56,44,184,24,160,35.2112676056338,19.718309859154928,15.492957746478872,64.7887323943662,8.450704225352112,56.33802816901409
E00039471,377,82,32,50,295,31,264,21.750663129973475,8.488063660477453,13.262599469496022,78.24933687002653,8.222811671087534,70.026525198939
E00039472,347,67,22,45,280,26,254,19.30835734870317,6.340057636887608,12.968299711815561,80.69164265129683,7.492795389048991,73.19884726224784
E00039473,357,85,36,49,272,30,242,23.809523809523807,10.084033613445378,13.725490196078432,76.19047619047619,8.403361344537815,67.78711484593838
E00039474,306,76,30,46,230,18,212,24.836601307189543,9.803921568627452,15.032679738562091,75.16339869281046,5.88235294117647,69.28104575163398
E00039475,326,79,35,44,247,30,217,24.233128834355828,10.736196319018406,13.496932515337424,75.76687116564416,9.202453987730062,66.56441717791411
E00039476,278,92,50,42,186,18,168,33.093525179856115,17.985611510791365,15.107913669064748,66.90647482014388,6.474820143884892,60.431654676258994
E00039477,457,155,78,77,302,15,287,33.91684901531728,17.067833698030636,16.849015317286653,66.08315098468272,3.282275711159737,62.80087527352297
E00039478,210,45,25,20,165,11,154,21.428571428571427,11.904761904761903,9.523809523809524,78.57142857142857,5.238095238095238,73.33333333333333
E00039479,255,69,39,30,186,13,173,27.058823529411764,15.294117647058824,11.76470588235294,72.94117647058823,5.098039215686274,67.84313725490196
E00039480,203,41,20,21,162,21,141,20.19704433497537,9.852216748768473,10.344827586206897,79.80295566502463,10.344827586206897,69.45812807881774
E00039481,197,36,13,23,161,15,146,18.274111675126903,6.598984771573605,11.6751269035533,81.7258883248731,7.614213197969544,74.11167512690355
E00039482,194,36,13,23,158,10,148,18.556701030927837,6.701030927835052,11.855670103092782,81.44329896907216,5.154639175257731,76.28865979381443
E00039483,378,79,35,44,299,26,273,20.8994708994709,9.25925925925926,11.64021164021164,79.1005291005291,6.878306878306878,72.22222222222221
E00039484,272,67,35,32,205,17,188,24.63235294117647,12.867647058823529,11.76470588235294,75.36764705882352,6.25,69.11764705882352
E00039485,238,65,38,27,173,19,154,27.310924369747898,15.966386554621847,11.344537815126051,72.68907563025209,7.9831932773109235,64.70588235294117
E00039486,404,81,31,50,323,18,305,20.049504950495052,7.673267326732673,12.376237623762377,79.95049504950495,4.455445544554455,75.4950495049505
E00039487,348,76,35,41,272,31,241,21.839080459770116,10.057471264367816,11.781609195402298,78.16091954022988,8.908045977011495,69.25287356321839
E00039488,265,89,41,48,176,15,161,33.58490566037736,15.471698113207546,18.11320754716981,66.41509433962264,5.660377358490567,60.75471698113207
E00039489,304,78,37,41,226,14,212,25.657894736842106,12.171052631578947,13.486842105263158,74.3421052631579,4.605263157894736,69.73684210526315
E00039490,275,68,36,32,207,17,190,24.727272727272727,13.090909090909092,11.636363636363637,75.27272727272727,6.181818181818182,69.0909090909091
E00039491,188,99,52,47,89,10,79,52.659574468085104,27.659574468085108,25,47.340425531914896,5.319148936170213,42.02127659574468
E00039492,277,49,22,27,228,14,214,17.689530685920577,7.9422382671480145,9.747292418772563,82.31046931407943,5.054151624548736,77.25631768953069
E00039494,285,53,28,25,232,15,217,18.596491228070175,9.824561403508772,8.771929824561402,81.40350877192982,5.263157894736842,76.14035087719299
E00039495,240,71,34,37,169,14,155,29.583333333333332,14.166666666666666,15.416666666666668,70.41666666666667,5.833333333333333,64.58333333333334
E00039496,201,55,29,26,146,17,129,27.363184079601986,14.427860696517413,12.935323383084576,72.636815920398,8.45771144278607,64.17910447761194
E00039497,289,94,46,48,195,18,177,32.52595155709342,15.916955017301039,16.608996539792386,67.47404844290658,6.228373702422145,61.245674740484425
E00039498,277,80,42,38,197,17,180,28.880866425992778,15.162454873646208,13.718411552346572,71.11913357400722,6.137184115523466,64.98194945848375
E00039499,339,64,33,31,275,17,258,18.87905604719764,9.734513274336283,9.144542772861357,81.12094395280236,5.014749262536873,76.10619469026548
E00039500,279,58,22,36,221,20,201,20.78853046594982,7.885304659498208,12.903225806451612,79.21146953405018,7.168458781362006,72.04301075268818
E00039501,312,62,26,36,250,22,228,19.871794871794872,8.333333333333332,11.538461538461538,80.12820512820514,7.051282051282051,73.07692307692307
E00039502,227,59,26,33,168,11,157,25.991189427312776,11.45374449339207,14.537444933920703,74.00881057268722,4.845814977973569,69.16299559471366
E00039503,212,48,25,23,164,16,148,22.641509433962266,11.79245283018868,10.849056603773585,77.35849056603774,7.547169811320755,69.81132075471697
E00039504,211,47,16,31,164,13,151,22.274881516587676,7.5829383886255926,14.691943127962084,77.72511848341233,6.161137440758294,71.56398104265402
E00039505,241,45,16,29,196,21,175,18.672199170124482,6.639004149377594,12.033195020746888,81.32780082987551,8.71369294605809,72.61410788381743
E00039506,316,82,35,47,234,9,225,25.949367088607595,11.075949367088606,14.873417721518987,74.0506329113924,2.848101265822785,71.20253164556962
E00039507,294,59,26,33,235,25,210,20.068027210884352,8.843537414965986,11.224489795918368,79.93197278911565,8.503401360544217,71.42857142857143
E00039508,290,79,42,37,211,16,195,27.241379310344826,14.482758620689657,12.758620689655173,72.75862068965517,5.517241379310345,67.24137931034483
E00039509,306,67,21,46,239,22,217,21.895424836601308,6.862745098039216,15.032679738562091,78.10457516339869,7.18954248366013,70.91503267973856
E00039510,309,60,24,36,249,24,225,19.41747572815534,7.766990291262135,11.650485436893204,80.58252427184466,7.766990291262135,72.81553398058253
E00039511,294,85,39,46,209,20,189,28.91156462585034,13.26530612244898,15.646258503401361,71.08843537414967,6.802721088435375,64.28571428571429
E00039512,252,92,47,45,160,16,144,36.507936507936506,18.650793650793652,17.857142857142858,63.49206349206349,6.349206349206349,57.14285714285714
E00039513,332,82,43,39,250,25,225,24.69879518072289,12.951807228915662,11.74698795180723,75.30120481927712,7.530120481927711,67.7710843373494
E00039514,333,71,24,47,262,14,248,21.32132132132132,7.207207207207207,14.114114114114114,78.67867867867868,4.2042042042042045,74.47447447447448
E00039515,255,35,16,19,220,31,189,13.725490196078432,6.2745098039215685,7.450980392156863,86.27450980392157,12.156862745098039,74.11764705882354
E00039516,270,39,14,25,231,16,215,14.444444444444443,5.185185185185185,9.25925925925926,85.55555555555556,5.9259259259259265,79.62962962962963
E00039517,316,72,31,41,244,23,221,22.78481012658228,9.81012658227848,12.974683544303797,77.21518987341773,7.2784810126582276,69.9367088607595
E00039518,285,71,27,44,214,24,190,24.912280701754387,9.473684210526317,15.43859649122807,75.08771929824562,8.421052631578947,66.66666666666666
E00039519,270,88,41,47,182,17,165,32.592592592592595,15.185185185185185,17.40740740740741,67.4074074074074,6.296296296296296,61.111111111111114
E00039520,320,72,32,40,248,16,232,22.5,10,12.5,77.5,5,72.5
E00039521,234,40,16,24,194,19,175,17.094017094017094,6.837606837606838,10.256410256410255,82.90598290598291,8.11965811965812,74.78632478632478
E00039522,289,80,41,39,209,14,195,27.68166089965398,14.186851211072666,13.494809688581316,72.31833910034602,4.844290657439446,67.47404844290658
E00039523,321,76,39,37,245,27,218,23.67601246105919,12.149532710280374,11.526479750778815,76.32398753894081,8.411214953271028,67.91277258566979
E00039524,457,73,35,38,384,31,353,15.973741794310722,7.658643326039387,8.315098468271334,84.02625820568927,6.783369803063458,77.24288840262582
E00039525,293,85,39,46,208,10,198,29.01023890784983,13.310580204778159,15.699658703071673,70.98976109215018,3.4129692832764507,67.57679180887372
E00039526,274,83,48,35,191,11,180,30.29197080291971,17.51824817518248,12.773722627737227,69.7080291970803,4.014598540145985,65.69343065693431
E00039528,276,84,37,47,192,20,172,30.434782608695656,13.405797101449277,17.02898550724638,69.56521739130434,7.246376811594203,62.31884057971014
E00039529,251,92,49,43,159,15,144,36.65338645418327,19.52191235059761,17.131474103585656,63.34661354581673,5.9760956175298805,57.37051792828686
E00039530,317,80,43,37,237,20,217,25.236593059936908,13.564668769716087,11.67192429022082,74.76340694006309,6.309148264984227,68.45425867507886
E00039531,278,68,34,34,210,22,188,24.46043165467626,12.23021582733813,12.23021582733813,75.53956834532374,7.913669064748201,67.62589928057554
E00039532,305,47,18,29,258,20,238,15.40983606557377,5.901639344262295,9.508196721311474,84.59016393442623,6.557377049180328,78.0327868852459
E00039533,331,75,45,30,256,22,234,22.658610271903324,13.595166163141995,9.06344410876133,77.34138972809667,6.646525679758309,70.69486404833837
E00039534,279,41,23,18,238,25,213,14.695340501792115,8.24372759856631,6.451612903225806,85.30465949820788,8.960573476702509,76.34408602150538
E00039535,243,65,33,32,178,16,162,26.748971193415638,13.580246913580247,13.168724279835391,73.25102880658436,6.584362139917696,66.66666666666666
E00039536,264,81,37,44,183,7,176,30.681818181818183,14.015151515151514,16.666666666666664,69.31818181818183,2.6515151515151514,66.66666666666666
E00039537,250,25,9,16,225,26,199,10,3.5999999999999996,6.4,90,10.4,79.60000000000001
E00039538,269,57,19,38,212,19,193,21.189591078066915,7.063197026022305,14.12639405204461,78.81040892193309,7.063197026022305,71.74721189591078
E00039539,342,43,15,28,299,41,258,12.573099415204677,4.385964912280701,8.187134502923977,87.42690058479532,11.988304093567251,75.43859649122807
E00039540,275,42,12,30,233,30,203,15.272727272727273,4.363636363636364,10.909090909090908,84.72727272727273,10.909090909090908,73.81818181818181
E00039541,295,45,22,23,250,22,228,15.254237288135593,7.457627118644068,7.796610169491526,84.7457627118644,7.457627118644068,77.28813559322035
E00039542,342,47,9,38,295,28,267,13.742690058479532,2.631578947368421,11.11111111111111,86.25730994152046,8.187134502923977,78.0701754385965
E00039543,315,49,22,27,266,20,246,15.555555555555555,6.984126984126984,8.571428571428571,84.44444444444444,6.349206349206349,78.0952380952381
E00039544,328,52,12,40,276,21,255,15.853658536585366,3.6585365853658534,12.195121951219512,84.14634146341463,6.402439024390244,77.7439024390244
E00039545,310,64,27,37,246,12,234,20.64516129032258,8.709677419354838,11.935483870967742,79.35483870967742,3.870967741935484,75.48387096774194
E00039546,257,77,38,39,180,16,164,29.961089494163424,14.785992217898833,15.17509727626459,70.03891050583657,6.22568093385214,63.81322957198443
E00039547,338,72,26,46,266,29,237,21.301775147928996,7.6923076923076925,13.609467455621301,78.69822485207101,8.579881656804734,70.11834319526628
E00039548,271,63,24,39,208,14,194,23.247232472324722,8.856088560885608,14.391143911439114,76.75276752767527,5.166051660516605,71.58671586715867
E00039549,542,105,40,65,437,42,395,19.37269372693727,7.380073800738007,11.992619926199263,80.62730627306273,7.7490774907749085,72.87822878228782
E00039550,266,74,34,40,192,27,165,27.819548872180448,12.781954887218044,15.037593984962406,72.18045112781954,10.150375939849624,62.03007518796993
E00039552,245,63,28,35,182,16,166,25.71428571428571,11.428571428571429,14.285714285714285,74.28571428571429,6.530612244897959,67.75510204081633
E00039553,335,83,43,40,252,18,234,24.776119402985074,12.835820895522387,11.940298507462686,75.22388059701493,5.3731343283582085,69.85074626865672
E00039554,126,20,6,14,106,15,91,15.873015873015872,4.761904761904762,11.11111111111111,84.12698412698413,11.904761904761903,72.22222222222221
E00039555,269,79,38,41,190,15,175,29.36802973977695,14.12639405204461,15.241635687732341,70.63197026022306,5.5762081784386615,65.05576208178438
E00039556,264,51,17,34,213,13,200,19.318181818181817,6.4393939393939394,12.878787878787879,80.68181818181817,4.924242424242424,75.75757575757575
E00039557,269,64,35,29,205,15,190,23.79182156133829,13.011152416356877,10.780669144981413,76.2081784386617,5.5762081784386615,70.63197026022306
E00039558,524,72,26,46,452,55,397,13.740458015267176,4.961832061068702,8.778625954198473,86.25954198473282,10.49618320610687,75.76335877862596
E00039559,325,97,57,40,228,17,211,29.846153846153843,17.53846153846154,12.307692307692308,70.15384615384616,5.230769230769231,64.92307692307693
E00039560,319,77,27,50,242,15,227,24.137931034482758,8.463949843260188,15.673981191222571,75.86206896551724,4.702194357366771,71.15987460815047
E00039561,256,85,41,44,171,12,159,33.203125,16.015625,17.1875,66.796875,4.6875,62.109375
E00039562,309,69,33,36,240,20,220,22.330097087378643,10.679611650485436,11.650485436893204,77.66990291262135,6.472491909385113,71.19741100323624
E00039563,271,74,44,30,197,18,179,27.30627306273063,16.236162361623617,11.07011070110701,72.69372693726937,6.642066420664207,66.05166051660517
E00039564,312,58,33,25,254,22,232,18.58974358974359,10.576923076923077,8.012820512820513,81.41025641025641,7.051282051282051,74.35897435897436
E00039565,279,38,13,25,241,25,216,13.620071684587815,4.659498207885305,8.960573476702509,86.37992831541219,8.960573476702509,77.41935483870968
E00039566,252,71,38,33,181,19,162,28.174603174603174,15.079365079365079,13.095238095238097,71.82539682539682,7.5396825396825395,64.28571428571429
E00039567,278,51,22,29,227,24,203,18.345323741007196,7.913669064748201,10.431654676258994,81.65467625899281,8.633093525179856,73.02158273381295
E00039568,158,24,6,18,134,4,130,15.18987341772152,3.79746835443038,11.39240506329114,84.81012658227847,2.5316455696202533,82.27848101265823
E00039569,262,36,12,24,226,31,195,13.740458015267176,4.580152671755725,9.16030534351145,86.25954198473282,11.83206106870229,74.42748091603053
E00039570,244,43,23,20,201,10,191,17.62295081967213,9.426229508196721,8.19672131147541,82.37704918032787,4.098360655737705,78.27868852459017
E00039571,267,66,28,38,201,23,178,24.719101123595504,10.486891385767791,14.232209737827715,75.28089887640449,8.614232209737828,66.66666666666666
E00039572,306,65,28,37,241,23,218,21.241830065359476,9.15032679738562,12.091503267973856,78.75816993464052,7.516339869281046,71.24183006535948
E00039573,212,53,25,28,159,17,142,25,11.79245283018868,13.20754716981132,75,8.018867924528301,66.98113207547169
E00039574,164,55,30,25,109,12,97,33.53658536585366,18.29268292682927,15.24390243902439,66.46341463414635,7.317073170731707,59.14634146341463
E00039575,265,70,32,38,195,15,180,26.41509433962264,12.075471698113208,14.339622641509434,73.58490566037736,5.660377358490567,67.9245283018868
E00039576,255,72,33,39,183,10,173,28.235294117647058,12.941176470588237,15.294117647058824,71.76470588235294,3.9215686274509802,67.84313725490196
E00039577,247,60,30,30,187,13,174,24.291497975708502,12.145748987854251,12.145748987854251,75.7085020242915,5.263157894736842,70.44534412955466
E00039578,326,63,25,38,263,33,230,19.32515337423313,7.668711656441718,11.65644171779141,80.67484662576688,10.122699386503067,70.5521472392638
E00039579,305,61,25,36,244,14,230,20,8.19672131147541,11.80327868852459,80,4.590163934426229,75.40983606557377
E00039580,261,60,29,31,201,20,181,22.988505747126435,11.11111111111111,11.877394636015326,77.01149425287356,7.662835249042145,69.34865900383141
E00039581,246,63,31,32,183,18,165,25.609756097560975,12.601626016260163,13.008130081300814,74.39024390243902,7.317073170731707,67.07317073170732
E00039582,238,36,10,26,202,26,176,15.126050420168067,4.201680672268908,10.92436974789916,84.87394957983193,10.92436974789916,73.94957983193278
E00039583,360,79,36,43,281,20,261,21.944444444444443,10,11.944444444444445,78.05555555555556,5.555555555555555,72.5
E00039584,320,46,16,30,274,31,243,14.374999999999998,5,9.375,85.625,9.6875,75.9375
E00039585,414,90,42,48,324,27,297,21.73913043478261,10.144927536231885,11.594202898550725,78.26086956521739,6.521739130434782,71.73913043478261
E00039586,261,57,26,31,204,15,189,21.839080459770116,9.961685823754788,11.877394636015326,78.16091954022988,5.747126436781609,72.41379310344827
E00039587,258,70,39,31,188,13,175,27.131782945736433,15.11627906976744,12.015503875968992,72.86821705426357,5.038759689922481,67.82945736434108
E00039588,310,62,29,33,248,21,227,20,9.35483870967742,10.64516129032258,80,6.774193548387098,73.22580645161291
E00039589,387,89,46,43,298,30,268,22.997416020671835,11.886304909560723,11.11111111111111,77.00258397932816,7.751937984496124,69.25064599483204
E00039590,236,95,57,38,141,14,127,40.25423728813559,24.152542372881356,16.101694915254235,59.7457627118644,5.932203389830509,53.813559322033896
E00039591,306,73,34,39,233,25,208,23.856209150326798,11.11111111111111,12.745098039215685,76.1437908496732,8.169934640522875,67.97385620915033
E00039592,330,66,30,36,264,21,243,20,9.090909090909092,10.909090909090908,80,6.363636363636363,73.63636363636363
E00039593,452,54,18,36,398,33,365,11.946902654867257,3.982300884955752,7.964601769911504,88.05309734513274,7.300884955752212,80.75221238938053
E00039594,311,68,35,33,243,20,223,21.864951768488748,11.254019292604502,10.610932475884244,78.13504823151125,6.430868167202572,71.70418006430869
E00039595,335,120,50,70,215,27,188,35.82089552238806,14.925373134328357,20.8955223880597,64.17910447761194,8.059701492537313,56.11940298507463
E00039596,316,55,19,36,261,21,240,17.405063291139243,6.012658227848101,11.39240506329114,82.59493670886076,6.6455696202531636,75.9493670886076
E00039597,347,66,34,32,281,25,256,19.020172910662826,9.798270893371757,9.221902017291066,80.97982708933718,7.204610951008646,73.77521613832853
E00039598,350,54,23,31,296,28,268,15.428571428571427,6.571428571428571,8.857142857142856,84.57142857142857,8,76.57142857142857
E00039599,293,49,16,33,244,27,217,16.723549488054605,5.460750853242321,11.262798634812286,83.27645051194538,9.215017064846416,74.06143344709898
E00039600,296,54,15,39,242,25,217,18.243243243243242,5.0675675675675675,13.175675675675674,81.75675675675676,8.445945945945946,73.3108108108108
E00039602,380,107,64,43,273,26,247,28.157894736842103,16.842105263157894,11.31578947368421,71.84210526315789,6.842105263157896,65
E00039603,371,99,47,52,272,25,247,26.68463611859838,12.668463611859837,14.016172506738545,73.31536388140162,6.738544474393531,66.57681940700809
E00039604,235,100,54,46,135,10,125,42.5531914893617,22.97872340425532,19.574468085106382,57.446808510638306,4.25531914893617,53.191489361702125
E00039605,227,84,50,34,143,9,134,37.00440528634361,22.026431718061673,14.977973568281937,62.99559471365639,3.9647577092511015,59.03083700440529
E00039606,246,65,32,33,181,18,163,26.422764227642276,13.008130081300814,13.414634146341465,73.57723577235772,7.317073170731707,66.26016260162602
E00039607,242,58,16,42,184,18,166,23.96694214876033,6.6115702479338845,17.355371900826448,76.03305785123968,7.43801652892562,68.59504132231406
E00039608,265,67,22,45,198,16,182,25.28301886792453,8.30188679245283,16.9811320754717,74.71698113207546,6.037735849056604,68.67924528301886
E00039609,264,73,29,44,191,18,173,27.65151515151515,10.984848484848484,16.666666666666664,72.34848484848484,6.8181818181818175,65.53030303030303
E00039610,277,57,30,27,220,28,192,20.577617328519857,10.830324909747292,9.747292418772563,79.42238267148014,10.108303249097473,69.31407942238266
E00039611,340,82,34,48,258,26,232,24.11764705882353,10,14.117647058823529,75.88235294117646,7.647058823529412,68.23529411764706
E00039612,348,111,70,41,237,12,225,31.896551724137932,20.114942528735632,11.781609195402298,68.10344827586206,3.4482758620689653,64.65517241379311
E00039613,253,96,54,42,157,15,142,37.94466403162055,21.34387351778656,16.600790513833992,62.055335968379445,5.928853754940711,56.126482213438734
E00039614,309,86,42,44,223,23,200,27.831715210355988,13.592233009708737,14.239482200647249,72.168284789644,7.443365695792881,64.72491909385113
E00039615,313,65,25,40,248,14,234,20.766773162939298,7.987220447284344,12.779552715654951,79.2332268370607,4.472843450479233,74.76038338658148
E00039616,336,83,37,46,253,25,228,24.702380952380953,11.011904761904761,13.690476190476192,75.29761904761905,7.440476190476191,67.85714285714286
E00039617,328,98,55,43,230,24,206,29.878048780487802,16.76829268292683,13.109756097560975,70.1219512195122,7.317073170731707,62.80487804878049
E00039618,286,71,30,41,215,17,198,24.825174825174827,10.48951048951049,14.335664335664337,75.17482517482517,5.944055944055944,69.23076923076923
E00168753,273,32,10,22,241,16,225,11.72161172161172,3.6630036630036633,8.058608058608058,88.27838827838828,5.86080586080586,82.41758241758241
E00168754,313,35,7,28,278,20,258,11.182108626198083,2.2364217252396164,8.945686900958465,88.81789137380191,6.3897763578274756,82.42811501597444
E00168755,257,51,18,33,206,17,189,19.844357976653697,7.003891050583658,12.840466926070038,80.1556420233463,6.614785992217899,73.54085603112841
E00168756,276,42,15,27,234,13,221,15.217391304347828,5.434782608695652,9.782608695652174,84.78260869565217,4.710144927536232,80.07246376811594
E00168757,422,76,37,39,346,32,314,18.009478672985782,8.767772511848342,9.24170616113744,81.99052132701422,7.5829383886255926,74.40758293838863
E00168758,196,21,14,7,175,15,160,10.714285714285714,7.142857142857142,3.571428571428571,89.28571428571429,7.653061224489796,81.63265306122449
E00168759,209,51,18,33,158,18,140,24.401913875598087,8.61244019138756,15.789473684210526,75.5980861244019,8.61244019138756,66.98564593301435
E00168761,461,55,22,33,406,34,372,11.930585683297181,4.772234273318872,7.158351409978309,88.06941431670282,7.37527114967462,80.6941431670282
E00168762,281,42,14,28,239,29,210,14.94661921708185,4.98220640569395,9.9644128113879,85.05338078291815,10.320284697508896,74.73309608540926
E00168764,336,39,10,29,297,23,274,11.607142857142858,2.976190476190476,8.630952380952381,88.39285714285714,6.845238095238096,81.54761904761905
E00168765,320,47,19,28,273,23,250,14.6875,5.9375,8.75,85.3125,7.187499999999999,78.125
E00168766,297,46,18,28,251,17,234,15.488215488215488,6.0606060606060606,9.427609427609427,84.51178451178451,5.723905723905724,78.78787878787878
E00168767,296,25,9,16,271,23,248,8.445945945945946,3.040540540540541,5.405405405405405,91.55405405405406,7.77027027027027,83.78378378378379
E00168768,256,19,9,10,237,10,227,7.421875,3.515625,3.90625,92.578125,3.90625,88.671875
E00168769,262,42,23,19,220,15,205,16.030534351145036,8.778625954198473,7.251908396946565,83.96946564885496,5.7251908396946565,78.2442748091603
E00168770,362,32,13,19,330,28,302,8.83977900552486,3.591160220994475,5.248618784530387,91.16022099447514,7.734806629834254,83.42541436464089
E00168771,345,36,10,26,309,25,284,10.434782608695652,2.898550724637681,7.536231884057972,89.56521739130436,7.246376811594203,82.31884057971014
E00168772,216,52,19,33,164,22,142,24.074074074074073,8.796296296296296,15.277777777777779,75.92592592592592,10.185185185185185,65.74074074074075
E00168773,530,69,31,38,461,31,430,13.018867924528301,5.849056603773585,7.169811320754717,86.9811320754717,5.849056603773585,81.13207547169812
E00168774,357,55,23,32,302,20,282,15.406162464985995,6.442577030812324,8.96358543417367,84.593837535014,5.602240896358544,78.99159663865547
E00168775,361,64,33,31,297,24,273,17.72853185595568,9.141274238227147,8.587257617728532,82.27146814404432,6.64819944598338,75.62326869806094
E00168776,350,36,13,23,314,23,291,10.285714285714285,3.7142857142857144,6.571428571428571,89.71428571428571,6.571428571428571,83.14285714285714
E00168777,288,40,18,22,248,26,222,13.88888888888889,6.25,7.638888888888889,86.11111111111111,9.027777777777777,77.08333333333334
E00168778,307,47,10,37,260,21,239,15.309446254071663,3.257328990228013,12.052117263843648,84.69055374592834,6.840390879478828,77.85016286644951
E00168779,192,29,14,15,163,16,147,15.104166666666666,7.291666666666667,7.8125,84.89583333333334,8.333333333333332,76.5625
E00168780,266,49,13,36,217,29,188,18.421052631578945,4.887218045112782,13.533834586466165,81.57894736842105,10.902255639097744,70.67669172932331
E00168781,227,17,7,10,210,5,205,7.488986784140969,3.0837004405286343,4.405286343612335,92.51101321585902,2.2026431718061676,90.30837004405286
E00168782,261,37,10,27,224,20,204,14.17624521072797,3.8314176245210727,10.344827586206897,85.82375478927203,7.662835249042145,78.16091954022988
E00168783,297,34,10,24,263,23,240,11.447811447811448,3.3670033670033668,8.080808080808081,88.55218855218855,7.744107744107744,80.8080808080808
E00168784,256,56,23,33,200,17,183,21.875,8.984375,12.890625,78.125,6.640625,71.484375
E00168785,191,25,12,13,166,12,154,13.089005235602095,6.282722513089005,6.806282722513089,86.91099476439791,6.282722513089005,80.6282722513089
E00168787,140,6,3,3,134,13,121,4.285714285714286,2.142857142857143,2.142857142857143,95.71428571428572,9.285714285714286,86.42857142857143
E00168788,244,37,13,24,207,20,187,15.163934426229508,5.327868852459016,9.836065573770492,84.8360655737705,8.19672131147541,76.63934426229508
E00168789,202,26,12,14,176,21,155,12.871287128712872,5.9405940594059405,6.9306930693069315,87.12871287128714,10.396039603960396,76.73267326732673
E00168790,351,71,32,39,280,29,251,20.22792022792023,9.116809116809117,11.11111111111111,79.77207977207978,8.262108262108262,71.50997150997152
E00168791,306,80,36,44,226,20,206,26.143790849673206,11.76470588235294,14.37908496732026,73.8562091503268,6.535947712418301,67.3202614379085
E00182649,397,66,35,31,331,20,311,16.624685138539043,8.816120906801007,7.8085642317380355,83.37531486146096,5.037783375314862,78.33753148614609
E00182650,582,112,52,60,470,45,425,19.243986254295535,8.934707903780069,10.309278350515463,80.75601374570446,7.731958762886598,73.02405498281786
E00182654,503,49,20,29,454,31,423,9.74155069582505,3.9761431411530817,5.7654075546719685,90.25844930417495,6.163021868787276,84.09542743538768
E00182655,351,33,11,22,318,27,291,9.401709401709402,3.133903133903134,6.267806267806268,90.5982905982906,7.6923076923076925,82.90598290598291
E00182656,167,9,1,8,158,11,147,5.389221556886228,0.5988023952095809,4.790419161676647,94.61077844311377,6.58682634730539,88.02395209580838
E00182657,619,53,18,35,566,28,538,8.562197092084006,2.9079159935379644,5.654281098546042,91.437802907916,4.523424878836833,86.91437802907916
E00182662,244,45,18,27,199,19,180,18.442622950819672,7.377049180327869,11.065573770491802,81.55737704918032,7.786885245901639,73.77049180327869
E00182663,321,43,16,27,278,26,252,13.395638629283487,4.984423676012461,8.411214953271028,86.6043613707165,8.09968847352025,78.50467289719626
E00182665,121,59,36,23,62,13,49,48.760330578512395,29.75206611570248,19.00826446280992,51.2396694214876,10.743801652892563,40.49586776859504
E00182669,302,32,14,18,270,20,250,10.596026490066226,4.635761589403973,5.960264900662252,89.40397350993378,6.622516556291391,82.78145695364239
E00182670,210,27,12,15,183,16,167,12.857142857142856,5.714285714285714,7.142857142857142,87.14285714285714,7.6190476190476195,79.52380952380952
E00182671,390,109,52,57,281,29,252,27.94871794871795,13.333333333333334,14.615384615384617,72.05128205128204,7.435897435897436,64.61538461538461
E00182673,136,8,2,6,128,8,120,5.88235294117647,1.4705882352941175,4.411764705882353,94.11764705882352,5.88235294117647,88.23529411764706
E00182678,438,45,14,31,393,23,370,10.273972602739725,3.1963470319634704,7.077625570776255,89.72602739726028,5.251141552511415,84.47488584474885
E00182680,140,37,12,25,103,16,87,26.42857142857143,8.571428571428571,17.857142857142858,73.57142857142858,11.428571428571429,62.142857142857146
E00182682,278,69,28,41,209,29,180,24.820143884892087,10.071942446043165,14.748201438848922,75.17985611510791,10.431654676258994,64.74820143884892
E00182686,406,29,7,22,377,30,347,7.142857142857142,1.7241379310344827,5.41871921182266,92.85714285714286,7.389162561576355,85.4679802955665
E00182687,324,30,2,28,294,25,269,9.25925925925926,0.6172839506172839,8.641975308641975,90.74074074074075,7.716049382716049,83.0246913580247
E00182690,366,74,40,34,292,23,269,20.21857923497268,10.92896174863388,9.289617486338798,79.78142076502732,6.284153005464481,73.49726775956285
E00182691,376,32,4,28,344,24,320,8.51063829787234,1.0638297872340425,7.446808510638298,91.48936170212765,6.382978723404255,85.1063829787234
E00182694,548,53,18,35,495,30,465,9.67153284671533,3.2846715328467155,6.3868613138686134,90.32846715328468,5.474452554744526,84.85401459854015
E00182697,159,9,4,5,150,3,147,5.660377358490567,2.515723270440252,3.1446540880503147,94.33962264150944,1.8867924528301887,92.45283018867924
E00182702,284,55,25,30,229,34,195,19.366197183098592,8.80281690140845,10.56338028169014,80.63380281690141,11.971830985915492,68.66197183098592
E00182703,340,29,5,24,311,26,285,8.529411764705882,1.4705882352941175,7.0588235294117645,91.47058823529412,7.647058823529412,83.82352941176471
E00182709,370,55,20,35,315,22,293,14.864864864864865,5.405405405405405,9.45945945945946,85.13513513513513,5.9459459459459465,79.1891891891892
E00182710,482,59,20,39,423,40,383,12.240663900414937,4.149377593360995,8.091286307053942,87.75933609958506,8.29875518672199,79.46058091286307
E00182712,539,41,12,29,498,41,457,7.606679035250464,2.2263450834879404,5.380333951762523,92.39332096474953,7.606679035250464,84.78664192949907
E00182714,132,32,12,20,100,5,95,24.242424242424242,9.090909090909092,15.151515151515152,75.75757575757575,3.787878787878788,71.96969696969697
E00182716,478,61,32,29,417,33,384,12.761506276150628,6.694560669456067,6.066945606694561,87.23849372384937,6.903765690376569,80.3347280334728
E00182722,471,40,13,27,431,31,400,8.492569002123142,2.7600849256900215,5.7324840764331215,91.50743099787687,6.581740976645436,84.92569002123143
E00182723,393,33,12,21,360,26,334,8.396946564885496,3.0534351145038165,5.343511450381679,91.6030534351145,6.615776081424936,84.98727735368958
E00182725,217,37,16,21,180,18,162,17.050691244239633,7.373271889400922,9.67741935483871,82.94930875576037,8.294930875576037,74.65437788018433
E00182727,553,52,17,35,501,43,458,9.403254972875226,3.074141048824593,6.329113924050633,90.59674502712477,7.775768535262206,82.82097649186257
E00182728,383,46,22,24,337,31,306,12.010443864229766,5.7441253263707575,6.266318537859007,87.98955613577023,8.093994778067886,79.89556135770235
E00182730,233,51,21,30,182,19,163,21.888412017167383,9.012875536480687,12.875536480686694,78.11158798283262,8.15450643776824,69.95708154506438
E00182741,529,106,33,73,423,44,379,20.03780718336484,6.238185255198488,13.799621928166353,79.96219281663515,8.31758034026465,71.64461247637051
E00182742,262,51,28,23,211,10,201,19.46564885496183,10.687022900763358,8.778625954198473,80.53435114503816,3.816793893129771,76.7175572519084
E00182744,140,45,23,22,95,8,87,32.142857142857146,16.428571428571427,15.714285714285714,67.85714285714286,5.714285714285714,62.142857142857146
E00182745,375,58,21,37,317,27,290,15.466666666666667,5.6000000000000005,9.866666666666667,84.53333333333333,7.199999999999999,77.33333333333333
