OA,ts0590001,ts0590002,ts0590003,ts0590004,ts0590005,ts0590006,ts0590007,ts0590002_PCT,ts0590003_PCT,ts0590004_PCT,ts0590005_PCT,ts0590006_PCT,ts0590007_PCT
E00038789,92,29,8,21,63,56,7,31.521739130434785,8.695652173913043,22.82608695652174,68.47826086956522,60.86956521739131,7.608695652173914
E00038790,198,55,16,39,143,128,15,27.77777777777778,8.080808080808081,19.696969696969695,72.22222222222221,64.64646464646465,7.575757575757576
E00038791,183,50,11,39,133,115,18,27.322404371584703,6.0109289617486334,21.311475409836063,72.6775956284153,62.841530054644814,9.836065573770492
E00038792,131,45,9,36,86,80,6,34.35114503816794,6.870229007633588,27.480916030534353,65.64885496183206,61.06870229007634,4.580152671755725
E00038793,141,32,7,25,109,103,6,22.69503546099291,4.964539007092199,17.73049645390071,77.30496453900709,73.04964539007092,4.25531914893617
E00038794,113,36,12,24,77,72,5,31.858407079646017,10.619469026548673,21.238938053097346,68.14159292035397,63.716814159292035,4.424778761061947
E00038795,127,33,9,24,94,76,18,25.984251968503933,7.086614173228346,18.89763779527559,74.01574803149606,59.84251968503938,14.173228346456693
E00038796,131,37,6,31,94,84,10,28.24427480916031,4.580152671755725,23.66412213740458,71.7557251908397,64.12213740458014,7.633587786259542
E00038797,185,46,12,34,139,120,19,24.864864864864867,6.486486486486487,18.37837837837838,75.13513513513513,64.86486486486487,10.27027027027027
E00038798,75,29,11,18,46,35,11,38.666666666666664,14.666666666666666,24,61.33333333333333,46.666666666666664,14.666666666666666
E00038799,129,31,13,18,98,77,21,24.031007751937985,10.077519379844961,13.953488372093023,75.96899224806202,59.68992248062015,16.27906976744186
E00038800,214,72,30,42,142,108,34,33.64485981308411,14.018691588785046,19.626168224299064,66.35514018691589,50.467289719626166,15.887850467289718
E00038801,151,39,14,25,112,96,16,25.82781456953642,9.271523178807946,16.55629139072848,74.17218543046357,63.576158940397356,10.596026490066226
E00038802,127,33,6,27,94,76,18,25.984251968503933,4.724409448818897,21.25984251968504,74.01574803149606,59.84251968503938,14.173228346456693
E00038803,137,39,15,24,98,84,14,28.467153284671532,10.948905109489052,17.51824817518248,71.53284671532847,61.31386861313869,10.218978102189782
E00038804,113,35,8,27,78,70,8,30.973451327433626,7.079646017699115,23.893805309734514,69.02654867256636,61.94690265486725,7.079646017699115
E00038805,113,37,12,25,76,60,16,32.743362831858406,10.619469026548673,22.123893805309734,67.2566371681416,53.09734513274337,14.15929203539823
E00038806,125,34,12,22,91,74,17,27.200000000000003,9.6,17.599999999999998,72.8,59.199999999999996,13.600000000000001
E00038807,122,36,6,30,86,67,19,29.508196721311474,4.918032786885246,24.59016393442623,70.49180327868852,54.91803278688525,15.573770491803279
E00038808,105,32,8,24,73,61,12,30.476190476190478,7.6190476190476195,22.857142857142858,69.52380952380952,58.0952380952381,11.428571428571429
E00038809,139,43,10,33,96,88,8,30.935251798561154,7.1942446043165464,23.741007194244602,69.06474820143885,63.30935251798561,5.755395683453238
E00038810,99,35,15,20,64,54,10,35.35353535353536,15.151515151515152,20.2020202020202,64.64646464646465,54.54545454545454,10.1010101010101
E00038811,165,48,15,33,117,92,25,29.09090909090909,9.090909090909092,20,70.9090909090909,55.757575757575765,15.151515151515152
E00038812,81,24,6,18,57,53,4,29.629629629629626,7.4074074074074066,22.22222222222222,70.37037037037037,65.4320987654321,4.938271604938271
E00038813,81,31,12,19,50,44,6,38.2716049382716,14.814814814814813,23.456790123456788,61.72839506172839,54.32098765432099,7.4074074074074066
E00038814,134,47,17,30,87,77,10,35.07462686567165,12.686567164179104,22.388059701492537,64.92537313432835,57.46268656716418,7.462686567164178
E00038815,180,50,19,31,130,111,19,27.77777777777778,10.555555555555555,17.22222222222222,72.22222222222221,61.66666666666667,10.555555555555555
E00038816,168,46,9,37,122,94,28,27.380952380952383,5.357142857142857,22.023809523809522,72.61904761904762,55.952380952380956,16.666666666666664
E00038817,98,35,12,23,63,57,6,35.714285714285715,12.244897959183673,23.46938775510204,64.28571428571429,58.16326530612245,6.122448979591836
E00038818,89,36,16,20,53,44,9,40.44943820224719,17.97752808988764,22.47191011235955,59.55056179775281,49.43820224719101,10.112359550561797
E00038819,111,29,5,24,82,69,13,26.126126126126124,4.504504504504505,21.62162162162162,73.87387387387388,62.16216216216216,11.711711711711711
E00038820,144,50,12,38,94,85,9,34.72222222222222,8.333333333333332,26.38888888888889,65.27777777777779,59.02777777777778,6.25
E00038821,128,37,13,24,91,79,12,28.90625,10.15625,18.75,71.09375,61.71875,9.375
E00038822,141,38,15,23,103,82,21,26.95035460992908,10.638297872340425,16.312056737588655,73.04964539007092,58.156028368794324,14.893617021276595
E00038823,84,24,8,16,60,51,9,28.57142857142857,9.523809523809524,19.047619047619047,71.42857142857143,60.71428571428571,10.714285714285714
E00038824,89,32,12,20,57,49,8,35.95505617977528,13.48314606741573,22.47191011235955,64.04494382022472,55.0561797752809,8.98876404494382
E00038825,144,40,13,27,104,89,15,27.77777777777778,9.027777777777777,18.75,72.22222222222221,61.80555555555556,10.416666666666668
E00038826,144,40,15,25,104,85,19,27.77777777777778,10.416666666666668,17.36111111111111,72.22222222222221,59.02777777777778,13.194444444444445
E00038827,148,46,8,38,102,90,12,31.08108108108108,5.405405405405405,25.675675675675674,68.91891891891892,60.810810810810814,8.108108108108109
E00038828,205,74,25,49,131,111,20,36.09756097560975,12.195121951219512,23.902439024390244,63.90243902439025,54.146341463414636,9.75609756097561
E00038829,182,67,16,51,115,96,19,36.81318681318682,8.791208791208792,28.021978021978022,63.18681318681318,52.74725274725275,10.43956043956044
E00038830,201,69,17,52,132,117,15,34.32835820895522,8.45771144278607,25.870646766169152,65.67164179104478,58.2089552238806,7.462686567164178
E00038831,116,25,9,16,91,87,4,21.551724137931032,7.758620689655173,13.793103448275861,78.44827586206897,75,3.4482758620689653
E00038832,135,45,8,37,90,79,11,33.33333333333333,5.9259259259259265,27.40740740740741,66.66666666666666,58.51851851851851,8.148148148148149
E00038834,256,73,24,49,183,155,28,28.515625,9.375,19.140625,71.484375,60.546875,10.9375
E00038835,199,55,13,42,144,136,8,27.63819095477387,6.532663316582915,21.105527638190953,72.36180904522614,68.34170854271356,4.0201005025125625
E00038836,130,44,10,34,86,77,9,33.84615384615385,7.6923076923076925,26.153846153846157,66.15384615384615,59.23076923076923,6.923076923076923
E00038837,90,24,10,14,66,62,4,26.666666666666668,11.11111111111111,15.555555555555555,73.33333333333333,68.88888888888889,4.444444444444445
E00038838,79,25,9,16,54,49,5,31.645569620253166,11.39240506329114,20.253164556962027,68.35443037974683,62.0253164556962,6.329113924050633
E00038839,210,66,27,39,144,124,20,31.428571428571427,12.857142857142856,18.571428571428573,68.57142857142857,59.04761904761905,9.523809523809524
E00038840,93,36,8,28,57,52,5,38.70967741935484,8.60215053763441,30.107526881720432,61.29032258064516,55.91397849462365,5.376344086021505
E00038841,89,28,9,19,61,53,8,31.46067415730337,10.112359550561797,21.34831460674157,68.53932584269663,59.55056179775281,8.98876404494382
E00038842,134,45,13,32,89,79,10,33.582089552238806,9.701492537313433,23.88059701492537,66.4179104477612,58.95522388059702,7.462686567164178
E00038843,119,40,7,33,79,69,10,33.61344537815126,5.88235294117647,27.73109243697479,66.38655462184873,57.98319327731093,8.403361344537815
E00038844,115,33,8,25,82,73,9,28.695652173913043,6.956521739130435,21.73913043478261,71.30434782608695,63.47826086956522,7.82608695652174
E00038845,99,33,6,27,66,58,8,33.33333333333333,6.0606060606060606,27.27272727272727,66.66666666666666,58.58585858585859,8.080808080808081
E00038846,163,50,14,36,113,102,11,30.67484662576687,8.588957055214724,22.085889570552148,69.32515337423312,62.57668711656442,6.748466257668712
E00038847,182,53,17,36,129,117,12,29.120879120879124,9.340659340659341,19.78021978021978,70.87912087912088,64.28571428571429,6.593406593406594
E00038848,95,30,7,23,65,52,13,31.57894736842105,7.368421052631578,24.210526315789473,68.42105263157895,54.736842105263165,13.684210526315791
E00038849,127,42,9,33,85,72,13,33.07086614173229,7.086614173228346,25.984251968503933,66.92913385826772,56.69291338582677,10.236220472440944
E00038850,137,37,6,31,100,84,16,27.00729927007299,4.37956204379562,22.62773722627737,72.99270072992701,61.31386861313869,11.678832116788321
E00038851,168,38,14,24,130,114,16,22.61904761904762,8.333333333333332,14.285714285714285,77.38095238095238,67.85714285714286,9.523809523809524
E00038852,159,52,14,38,107,94,13,32.70440251572327,8.80503144654088,23.89937106918239,67.29559748427673,59.11949685534591,8.176100628930817
E00038853,66,25,11,14,41,34,7,37.878787878787875,16.666666666666664,21.21212121212121,62.121212121212125,51.515151515151516,10.606060606060606
E00038855,235,75,23,52,160,134,26,31.914893617021278,9.787234042553191,22.127659574468083,68.08510638297872,57.02127659574469,11.063829787234042
E00038856,80,18,1,17,62,52,10,22.5,1.25,21.25,77.5,65,12.5
E00038858,168,60,23,37,108,88,20,35.714285714285715,13.690476190476192,22.023809523809522,64.28571428571429,52.38095238095239,11.904761904761903
E00038859,87,19,4,15,68,62,6,21.839080459770116,4.597701149425287,17.24137931034483,78.16091954022988,71.26436781609196,6.896551724137931
E00038860,113,35,6,29,78,64,14,30.973451327433626,5.3097345132743365,25.663716814159294,69.02654867256636,56.63716814159292,12.389380530973451
E00038861,89,27,4,23,62,56,6,30.337078651685395,4.49438202247191,25.842696629213485,69.66292134831461,62.92134831460674,6.741573033707865
E00038862,102,29,8,21,73,57,16,28.431372549019606,7.8431372549019605,20.588235294117645,71.56862745098039,55.88235294117647,15.686274509803921
E00038863,177,55,13,42,122,107,15,31.07344632768362,7.344632768361582,23.728813559322035,68.92655367231639,60.451977401129945,8.47457627118644
E00038864,115,27,6,21,88,75,13,23.47826086956522,5.217391304347826,18.26086956521739,76.52173913043478,65.21739130434783,11.304347826086957
E00038865,161,51,17,34,110,90,20,31.67701863354037,10.559006211180124,21.11801242236025,68.32298136645963,55.90062111801242,12.422360248447205
E00038866,264,66,15,51,198,167,31,25,5.681818181818182,19.318181818181817,75,63.25757575757576,11.742424242424242
E00038867,53,21,7,14,32,27,5,39.62264150943396,13.20754716981132,26.41509433962264,60.37735849056604,50.943396226415096,9.433962264150944
E00038868,158,51,19,32,107,99,8,32.278481012658226,12.025316455696203,20.253164556962027,67.72151898734177,62.65822784810127,5.063291139240507
E00038869,70,23,7,16,47,42,5,32.857142857142854,10,22.857142857142858,67.14285714285714,60,7.142857142857142
E00038870,72,26,3,23,46,41,5,36.11111111111111,4.166666666666666,31.944444444444443,63.888888888888886,56.94444444444444,6.944444444444445
E00038871,68,25,8,17,43,36,7,36.76470588235294,11.76470588235294,25,63.23529411764706,52.94117647058824,10.294117647058822
E00038872,149,41,8,33,108,93,15,27.516778523489933,5.369127516778524,22.14765100671141,72.48322147651007,62.41610738255034,10.06711409395973
E00038873,77,34,9,25,43,37,6,44.15584415584416,11.688311688311687,32.467532467532465,55.84415584415584,48.05194805194805,7.792207792207792
E00038876,89,34,8,26,55,45,10,38.20224719101123,8.98876404494382,29.213483146067414,61.79775280898876,50.56179775280899,11.235955056179774
E00038877,130,34,8,26,96,83,13,26.153846153846157,6.153846153846154,20,73.84615384615385,63.84615384615384,10
E00038878,124,37,12,25,87,67,20,29.838709677419356,9.67741935483871,20.161290322580644,70.16129032258065,54.03225806451613,16.129032258064516
E00038879,143,50,18,32,93,85,8,34.96503496503497,12.587412587412588,22.377622377622377,65.03496503496503,59.44055944055944,5.594405594405594
E00038880,178,64,15,49,114,102,12,35.95505617977528,8.426966292134832,27.52808988764045,64.04494382022472,57.30337078651685,6.741573033707865
E00038881,134,52,17,35,82,75,7,38.80597014925373,12.686567164179104,26.119402985074625,61.19402985074627,55.970149253731336,5.223880597014925
E00038882,149,62,16,46,87,77,10,41.61073825503356,10.738255033557047,30.87248322147651,58.38926174496645,51.67785234899329,6.7114093959731544
E00038883,148,46,15,31,102,88,14,31.08108108108108,10.135135135135135,20.945945945945947,68.91891891891892,59.45945945945946,9.45945945945946
E00038884,136,45,15,30,91,72,19,33.088235294117645,11.029411764705882,22.058823529411764,66.91176470588235,52.94117647058824,13.970588235294118
E00038885,155,57,18,39,98,87,11,36.774193548387096,11.612903225806452,25.161290322580644,63.2258064516129,56.12903225806451,7.096774193548387
E00038886,137,39,17,22,98,77,21,28.467153284671532,12.408759124087592,16.05839416058394,71.53284671532847,56.20437956204379,15.328467153284672
E00038887,92,37,13,24,55,51,4,40.21739130434783,14.130434782608695,26.08695652173913,59.78260869565217,55.434782608695656,4.3478260869565215
E00038888,110,39,11,28,71,63,8,35.45454545454545,10,25.454545454545453,64.54545454545455,57.27272727272727,7.2727272727272725
E00038889,95,27,10,17,68,65,3,28.421052631578945,10.526315789473683,17.894736842105264,71.57894736842105,68.42105263157895,3.1578947368421053
E00038890,149,42,19,23,107,95,12,28.187919463087248,12.751677852348994,15.436241610738255,71.81208053691275,63.758389261744966,8.053691275167784
E00038891,105,38,10,28,67,67,0,36.19047619047619,9.523809523809524,26.666666666666668,63.8095238095238,63.8095238095238,0
E00038892,164,31,6,25,133,113,20,18.902439024390244,3.6585365853658534,15.24390243902439,81.09756097560977,68.90243902439023,12.195121951219512
E00038893,99,43,12,31,56,49,7,43.43434343434344,12.121212121212121,31.313131313131315,56.56565656565656,49.494949494949495,7.07070707070707
E00038894,146,45,24,21,101,83,18,30.82191780821918,16.43835616438356,14.383561643835616,69.17808219178082,56.849315068493155,12.32876712328767
E00038895,66,24,5,19,42,37,5,36.36363636363637,7.575757575757576,28.78787878787879,63.63636363636363,56.060606060606055,7.575757575757576
E00038896,137,51,13,38,86,74,12,37.22627737226277,9.48905109489051,27.73722627737226,62.77372262773723,54.01459854014598,8.75912408759124
E00038897,154,40,15,25,114,102,12,25.97402597402597,9.740259740259742,16.233766233766232,74.02597402597402,66.23376623376623,7.792207792207792
E00038898,131,38,13,25,93,67,26,29.00763358778626,9.923664122137405,19.083969465648856,70.99236641221374,51.14503816793893,19.84732824427481
E00038899,105,46,16,30,59,54,5,43.80952380952381,15.238095238095239,28.57142857142857,56.19047619047619,51.42857142857142,4.761904761904762
E00038900,110,39,12,27,71,60,11,35.45454545454545,10.909090909090908,24.545454545454547,64.54545454545455,54.54545454545454,10
E00038901,161,63,22,41,98,92,6,39.130434782608695,13.664596273291925,25.465838509316768,60.86956521739131,57.14285714285714,3.7267080745341614
E00038902,41,17,12,5,24,22,2,41.46341463414634,29.268292682926827,12.195121951219512,58.536585365853654,53.65853658536586,4.878048780487805
E00038903,182,60,17,43,122,102,20,32.967032967032964,9.340659340659341,23.626373626373624,67.03296703296702,56.043956043956044,10.989010989010989
E00038904,146,63,21,42,83,76,7,43.15068493150685,14.383561643835616,28.767123287671232,56.849315068493155,52.054794520547944,4.794520547945205
E00038905,167,58,15,43,109,94,15,34.73053892215569,8.982035928143713,25.748502994011975,65.26946107784431,56.287425149700596,8.982035928143713
E00038906,172,41,12,29,131,112,19,23.837209302325583,6.976744186046512,16.86046511627907,76.16279069767442,65.11627906976744,11.046511627906977
E00038907,128,49,17,32,79,69,10,38.28125,13.28125,25,61.71875,53.90625,7.8125
E00038908,100,21,10,11,79,68,11,21,10,11,79,68,11
E00038909,132,52,16,36,80,66,14,39.39393939393939,12.121212121212121,27.27272727272727,60.60606060606061,50,10.606060606060606
E00038910,124,41,11,30,83,70,13,33.064516129032256,8.870967741935484,24.193548387096776,66.93548387096774,56.451612903225815,10.483870967741936
E00038911,212,53,16,37,159,134,25,25,7.547169811320755,17.452830188679243,75,63.20754716981132,11.79245283018868
E00038912,118,32,6,26,86,75,11,27.11864406779661,5.084745762711865,22.033898305084744,72.88135593220339,63.559322033898304,9.322033898305085
E00038913,146,41,9,32,105,98,7,28.08219178082192,6.164383561643835,21.91780821917808,71.91780821917808,67.12328767123287,4.794520547945205
E00038915,180,46,14,32,134,118,16,25.555555555555554,7.777777777777778,17.77777777777778,74.44444444444444,65.55555555555556,8.88888888888889
E00038916,127,36,7,29,91,76,15,28.346456692913385,5.511811023622047,22.83464566929134,71.65354330708661,59.84251968503938,11.811023622047244
E00038917,124,33,11,22,91,77,14,26.61290322580645,8.870967741935484,17.741935483870968,73.38709677419355,62.096774193548384,11.29032258064516
E00038918,191,44,16,28,147,126,21,23.036649214659686,8.37696335078534,14.659685863874344,76.96335078534031,65.96858638743456,10.99476439790576
E00038919,139,32,8,24,107,102,5,23.021582733812952,5.755395683453238,17.26618705035971,76.97841726618705,73.38129496402878,3.5971223021582732
E00038920,129,36,8,28,93,82,11,27.906976744186046,6.2015503875969,21.705426356589147,72.09302325581395,63.565891472868216,8.527131782945736
E00038921,176,51,16,35,125,103,22,28.97727272727273,9.090909090909092,19.886363636363637,71.02272727272727,58.52272727272727,12.5
E00038922,144,52,13,39,92,76,16,36.11111111111111,9.027777777777777,27.083333333333332,63.888888888888886,52.77777777777778,11.11111111111111
E00038923,127,44,18,26,83,76,7,34.645669291338585,14.173228346456693,20.47244094488189,65.35433070866141,59.84251968503938,5.511811023622047
E00038924,52,15,4,11,37,32,5,28.846153846153843,7.6923076923076925,21.153846153846153,71.15384615384616,61.53846153846154,9.615384615384617
E00038925,190,53,18,35,137,114,23,27.89473684210526,9.473684210526317,18.421052631578945,72.10526315789474,60,12.105263157894736
E00038926,84,27,8,19,57,51,6,32.142857142857146,9.523809523809524,22.61904761904762,67.85714285714286,60.71428571428571,7.142857142857142
E00038927,154,36,13,23,118,95,23,23.376623376623375,8.441558441558442,14.935064935064934,76.62337662337663,61.68831168831169,14.935064935064934
E00038928,59,21,12,9,38,30,8,35.59322033898305,20.33898305084746,15.254237288135593,64.40677966101694,50.847457627118644,13.559322033898304
E00038929,99,40,12,28,59,48,11,40.4040404040404,12.121212121212121,28.28282828282828,59.59595959595959,48.484848484848484,11.11111111111111
E00038930,73,20,9,11,53,46,7,27.397260273972602,12.32876712328767,15.068493150684931,72.6027397260274,63.013698630136986,9.58904109589041
E00038931,78,21,3,18,57,48,9,26.923076923076923,3.8461538461538463,23.076923076923077,73.07692307692307,61.53846153846154,11.538461538461538
E00038932,124,40,8,32,84,73,11,32.25806451612903,6.451612903225806,25.806451612903224,67.74193548387096,58.87096774193549,8.870967741935484
E00038933,162,42,17,25,120,105,15,25.925925925925924,10.493827160493826,15.432098765432098,74.07407407407408,64.81481481481481,9.25925925925926
E00038934,107,28,6,22,79,75,4,26.168224299065418,5.607476635514018,20.5607476635514,73.83177570093457,70.09345794392523,3.7383177570093453
E00038935,247,66,18,48,181,158,23,26.720647773279353,7.28744939271255,19.4331983805668,73.27935222672065,63.96761133603239,9.31174089068826
E00038936,246,67,23,44,179,146,33,27.235772357723576,9.34959349593496,17.88617886178862,72.76422764227642,59.34959349593496,13.414634146341465
E00038937,266,73,22,51,193,158,35,27.44360902255639,8.270676691729323,19.172932330827066,72.55639097744361,59.3984962406015,13.157894736842104
E00038938,141,46,20,26,95,80,15,32.62411347517731,14.184397163120568,18.439716312056735,67.37588652482269,56.73758865248227,10.638297872340425
E00038939,321,76,15,61,245,210,35,23.67601246105919,4.672897196261682,19.003115264797508,76.32398753894081,65.42056074766354,10.903426791277258
E00038940,121,40,11,29,81,73,8,33.057851239669425,9.090909090909092,23.96694214876033,66.94214876033058,60.33057851239669,6.6115702479338845
E00038941,116,37,13,24,79,61,18,31.896551724137932,11.206896551724139,20.689655172413794,68.10344827586206,52.58620689655172,15.517241379310345
E00038942,160,51,12,39,109,84,25,31.874999999999996,7.5,24.375,68.125,52.5,15.625
E00038943,122,32,9,23,90,76,14,26.229508196721312,7.377049180327869,18.852459016393443,73.77049180327869,62.295081967213115,11.475409836065573
E00038944,102,33,15,18,69,64,5,32.35294117647059,14.705882352941178,17.647058823529413,67.64705882352942,62.745098039215684,4.901960784313726
E00038945,152,54,21,33,98,73,25,35.526315789473685,13.815789473684212,21.710526315789476,64.47368421052632,48.026315789473685,16.447368421052634
E00038946,151,47,13,34,104,82,22,31.125827814569533,8.609271523178808,22.516556291390728,68.87417218543047,54.3046357615894,14.56953642384106
E00038947,100,29,8,21,71,57,14,28.999999999999996,8,21,71,56.99999999999999,14.000000000000002
E00038948,228,67,28,39,161,131,30,29.385964912280706,12.280701754385964,17.105263157894736,70.6140350877193,57.45614035087719,13.157894736842104
E00038949,244,58,18,40,186,166,20,23.770491803278688,7.377049180327869,16.39344262295082,76.22950819672131,68.0327868852459,8.19672131147541
E00038950,95,30,9,21,65,53,12,31.57894736842105,9.473684210526317,22.105263157894736,68.42105263157895,55.78947368421052,12.631578947368421
E00038951,37,18,4,14,19,17,2,48.64864864864865,10.81081081081081,37.83783783783784,51.35135135135135,45.94594594594595,5.405405405405405
E00038952,151,38,11,27,113,88,25,25.165562913907287,7.28476821192053,17.880794701986755,74.83443708609272,58.27814569536424,16.55629139072848
E00038953,114,36,8,28,78,72,6,31.57894736842105,7.017543859649122,24.561403508771928,68.42105263157895,63.1578947368421,5.263157894736842
E00038954,134,40,11,29,94,78,16,29.850746268656714,8.208955223880597,21.641791044776117,70.1492537313433,58.2089552238806,11.940298507462686
E00038955,158,34,9,25,124,104,20,21.518987341772153,5.69620253164557,15.822784810126583,78.48101265822784,65.82278481012658,12.658227848101266
E00038956,178,39,13,26,139,119,20,21.910112359550563,7.303370786516854,14.606741573033707,78.08988764044943,66.85393258426966,11.235955056179774
E00038957,128,34,12,22,94,81,13,26.5625,9.375,17.1875,73.4375,63.28125,10.15625
E00038958,133,27,13,14,106,94,12,20.30075187969925,9.774436090225564,10.526315789473683,79.69924812030075,70.67669172932331,9.022556390977442
E00038959,132,33,7,26,99,93,6,25,5.303030303030303,19.696969696969695,75,70.45454545454545,4.545454545454546
E00038960,90,27,7,20,63,55,8,30,7.777777777777778,22.22222222222222,70,61.111111111111114,8.88888888888889
E00038961,140,44,9,35,96,82,14,31.428571428571427,6.428571428571428,25,68.57142857142857,58.57142857142858,10
E00038962,155,48,14,34,107,87,20,30.967741935483872,9.032258064516128,21.935483870967744,69.03225806451613,56.12903225806451,12.903225806451612
E00038963,124,39,10,29,85,72,13,31.451612903225808,8.064516129032258,23.387096774193548,68.54838709677419,58.06451612903226,10.483870967741936
E00038964,157,39,14,25,118,104,14,24.840764331210192,8.9171974522293,15.92356687898089,75.15923566878982,66.2420382165605,8.9171974522293
E00038965,168,46,10,36,122,101,21,27.380952380952383,5.952380952380952,21.428571428571427,72.61904761904762,60.11904761904761,12.5
E00038966,120,43,16,27,77,67,10,35.833333333333336,13.333333333333334,22.5,64.16666666666667,55.833333333333336,8.333333333333332
E00038967,143,34,9,25,109,91,18,23.776223776223777,6.293706293706294,17.482517482517483,76.22377622377621,63.63636363636363,12.587412587412588
E00038970,121,45,13,32,76,69,7,37.1900826446281,10.743801652892563,26.446280991735538,62.8099173553719,57.02479338842975,5.785123966942149
E00038971,156,40,10,30,116,101,15,25.64102564102564,6.41025641025641,19.230769230769234,74.35897435897436,64.74358974358975,9.615384615384617
E00038972,121,34,10,24,87,80,7,28.09917355371901,8.264462809917356,19.834710743801654,71.900826446281,66.11570247933885,5.785123966942149
E00038973,229,57,10,47,172,151,21,24.890829694323145,4.366812227074235,20.52401746724891,75.10917030567686,65.93886462882097,9.170305676855897
E00038974,161,42,18,24,119,109,10,26.08695652173913,11.180124223602485,14.906832298136646,73.91304347826086,67.70186335403726,6.211180124223603
E00038975,160,41,7,34,119,110,9,25.624999999999996,4.375,21.25,74.375,68.75,5.625
E00038976,111,38,14,24,73,64,9,34.234234234234236,12.612612612612612,21.62162162162162,65.76576576576578,57.65765765765766,8.108108108108109
E00038977,159,48,10,38,111,96,15,30.18867924528302,6.289308176100629,23.89937106918239,69.81132075471697,60.37735849056604,9.433962264150944
E00038978,106,36,6,30,70,63,7,33.9622641509434,5.660377358490567,28.30188679245283,66.0377358490566,59.43396226415094,6.60377358490566
E00038979,133,47,19,28,86,73,13,35.338345864661655,14.285714285714285,21.052631578947366,64.66165413533834,54.88721804511278,9.774436090225564
E00038980,82,29,6,23,53,50,3,35.36585365853659,7.317073170731707,28.04878048780488,64.63414634146342,60.97560975609756,3.6585365853658534
E00038981,254,66,8,58,188,161,27,25.984251968503933,3.149606299212598,22.83464566929134,74.01574803149606,63.38582677165354,10.62992125984252
E00038982,172,50,10,40,122,107,15,29.069767441860467,5.813953488372093,23.25581395348837,70.93023255813954,62.2093023255814,8.720930232558139
E00038983,91,35,10,25,56,51,5,38.46153846153847,10.989010989010989,27.472527472527474,61.53846153846154,56.043956043956044,5.4945054945054945
E00038984,179,50,15,35,129,108,21,27.932960893854748,8.379888268156424,19.553072625698324,72.06703910614524,60.33519553072626,11.731843575418994
E00038985,148,53,18,35,95,82,13,35.810810810810814,12.162162162162163,23.64864864864865,64.1891891891892,55.4054054054054,8.783783783783784
E00038986,148,50,15,35,98,86,12,33.78378378378378,10.135135135135135,23.64864864864865,66.21621621621621,58.108108108108105,8.108108108108109
E00038987,154,44,11,33,110,102,8,28.57142857142857,7.142857142857142,21.428571428571427,71.42857142857143,66.23376623376623,5.194805194805195
E00038988,166,60,24,36,106,87,19,36.144578313253014,14.457831325301203,21.686746987951807,63.85542168674698,52.40963855421686,11.44578313253012
E00038989,197,50,10,40,147,122,25,25.380710659898476,5.0761421319796955,20.304568527918782,74.61928934010153,61.92893401015228,12.690355329949238
E00038991,148,43,14,29,105,88,17,29.054054054054053,9.45945945945946,19.594594594594593,70.94594594594594,59.45945945945946,11.486486486486488
E00038992,82,27,8,19,55,44,11,32.926829268292686,9.75609756097561,23.170731707317074,67.07317073170732,53.65853658536586,13.414634146341465
E00038993,164,54,15,39,110,92,18,32.926829268292686,9.146341463414634,23.78048780487805,67.07317073170732,56.09756097560976,10.975609756097562
E00038994,104,41,19,22,63,51,12,39.42307692307692,18.269230769230766,21.153846153846153,60.57692307692307,49.03846153846153,11.538461538461538
E00038995,177,55,11,44,122,103,19,31.07344632768362,6.214689265536723,24.858757062146893,68.92655367231639,58.19209039548022,10.734463276836157
E00038996,107,40,13,27,67,52,15,37.38317757009346,12.149532710280374,25.233644859813083,62.616822429906534,48.598130841121495,14.018691588785046
E00038997,49,14,6,8,35,25,10,28.57142857142857,12.244897959183673,16.3265306122449,71.42857142857143,51.02040816326531,20.408163265306122
E00038998,120,26,7,19,94,83,11,21.666666666666668,5.833333333333333,15.833333333333332,78.33333333333333,69.16666666666667,9.166666666666666
E00038999,189,55,9,46,134,121,13,29.100529100529098,4.761904761904762,24.33862433862434,70.8994708994709,64.02116402116403,6.878306878306878
E00039000,169,54,12,42,115,102,13,31.952662721893493,7.100591715976331,24.85207100591716,68.04733727810651,60.35502958579882,7.6923076923076925
E00039001,166,46,15,31,120,100,20,27.710843373493976,9.036144578313253,18.67469879518072,72.28915662650603,60.24096385542169,12.048192771084338
E00039002,130,40,12,28,90,77,13,30.76923076923077,9.230769230769232,21.53846153846154,69.23076923076923,59.23076923076923,10
E00039003,163,51,9,42,112,101,11,31.28834355828221,5.521472392638037,25.766871165644172,68.71165644171779,61.963190184049076,6.748466257668712
E00039004,164,51,14,37,113,96,17,31.097560975609756,8.536585365853659,22.5609756097561,68.90243902439023,58.536585365853654,10.365853658536585
E00039005,127,43,10,33,84,80,4,33.85826771653544,7.874015748031496,25.984251968503933,66.14173228346458,62.99212598425197,3.149606299212598
E00039006,159,42,10,32,117,103,14,26.41509433962264,6.289308176100629,20.125786163522015,73.58490566037736,64.77987421383648,8.80503144654088
E00039007,139,45,12,33,94,83,11,32.37410071942446,8.633093525179856,23.741007194244602,67.62589928057554,59.71223021582733,7.913669064748201
E00039008,166,41,13,28,125,108,17,24.69879518072289,7.83132530120482,16.867469879518072,75.30120481927712,65.06024096385542,10.240963855421686
E00039009,126,39,12,27,87,79,8,30.952380952380953,9.523809523809524,21.428571428571427,69.04761904761905,62.698412698412696,6.349206349206349
E00039010,78,19,8,11,59,51,8,24.358974358974358,10.256410256410255,14.102564102564102,75.64102564102564,65.38461538461539,10.256410256410255
E00039011,276,80,27,53,196,183,13,28.985507246376812,9.782608695652174,19.202898550724637,71.01449275362319,66.30434782608695,4.710144927536232
E00039012,122,40,12,28,82,68,14,32.78688524590164,9.836065573770492,22.950819672131146,67.21311475409836,55.73770491803278,11.475409836065573
E00039013,148,38,14,24,110,99,11,25.675675675675674,9.45945945945946,16.216216216216218,74.32432432432432,66.8918918918919,7.4324324324324325
E00039014,148,47,13,34,101,90,11,31.756756756756754,8.783783783783784,22.972972972972975,68.24324324324324,60.810810810810814,7.4324324324324325
E00039015,209,59,11,48,150,130,20,28.22966507177033,5.263157894736842,22.966507177033492,71.77033492822966,62.20095693779905,9.569377990430622
E00039016,134,43,8,35,91,80,11,32.08955223880597,5.970149253731343,26.119402985074625,67.91044776119402,59.70149253731343,8.208955223880597
E00039017,100,26,8,18,74,66,8,26,8,18,74,66,8
E00039018,162,40,13,27,122,111,11,24.691358024691358,8.024691358024691,16.666666666666664,75.30864197530865,68.51851851851852,6.790123456790123
E00039019,153,37,7,30,116,103,13,24.183006535947712,4.57516339869281,19.607843137254903,75.81699346405229,67.3202614379085,8.49673202614379
E00039020,164,54,18,36,110,92,18,32.926829268292686,10.975609756097562,21.951219512195124,67.07317073170732,56.09756097560976,10.975609756097562
E00039021,166,52,14,38,114,102,12,31.32530120481928,8.433734939759036,22.89156626506024,68.67469879518072,61.44578313253012,7.228915662650602
E00039022,153,60,13,47,93,80,13,39.21568627450981,8.49673202614379,30.718954248366014,60.78431372549019,52.28758169934641,8.49673202614379
E00039023,98,26,5,21,72,62,10,26.53061224489796,5.1020408163265305,21.428571428571427,73.46938775510205,63.26530612244898,10.204081632653061
E00039024,156,56,20,36,100,90,10,35.8974358974359,12.82051282051282,23.076923076923077,64.1025641025641,57.692307692307686,6.41025641025641
E00039025,121,34,11,23,87,78,9,28.09917355371901,9.090909090909092,19.00826446280992,71.900826446281,64.46280991735537,7.43801652892562
E00039026,245,72,21,51,173,146,27,29.38775510204082,8.571428571428571,20.816326530612244,70.61224489795919,59.591836734693885,11.020408163265307
E00039027,110,29,4,25,81,71,10,26.36363636363636,3.6363636363636362,22.727272727272727,73.63636363636363,64.54545454545455,9.090909090909092
E00039028,304,66,18,48,238,205,33,21.710526315789476,5.921052631578947,15.789473684210526,78.28947368421053,67.43421052631578,10.855263157894738
E00039030,124,39,15,24,85,82,3,31.451612903225808,12.096774193548388,19.35483870967742,68.54838709677419,66.12903225806451,2.4193548387096775
E00039031,100,36,13,23,64,56,8,36,13,23,64,56.00000000000001,8
E00039032,153,35,10,25,118,97,21,22.875816993464053,6.535947712418301,16.33986928104575,77.12418300653596,63.39869281045751,13.725490196078432
E00039034,308,62,13,49,246,208,38,20.12987012987013,4.220779220779221,15.909090909090908,79.87012987012987,67.53246753246754,12.337662337662337
E00039035,162,44,9,35,118,101,17,27.160493827160494,5.555555555555555,21.604938271604937,72.8395061728395,62.34567901234568,10.493827160493826
E00039036,181,48,11,37,133,110,23,26.519337016574585,6.077348066298343,20.441988950276244,73.48066298342542,60.773480662983424,12.70718232044199
E00039037,162,34,8,26,128,102,26,20.98765432098765,4.938271604938271,16.049382716049383,79.01234567901234,62.96296296296296,16.049382716049383
E00039038,114,25,1,24,89,72,17,21.929824561403507,0.8771929824561403,21.052631578947366,78.0701754385965,63.1578947368421,14.912280701754385
E00039039,206,60,16,44,146,122,24,29.126213592233007,7.766990291262135,21.35922330097087,70.87378640776699,59.22330097087378,11.650485436893204
E00039040,209,61,18,43,148,127,21,29.1866028708134,8.61244019138756,20.574162679425836,70.81339712918661,60.76555023923444,10.047846889952153
E00039041,108,32,7,25,76,67,9,29.629629629629626,6.481481481481481,23.14814814814815,70.37037037037037,62.03703703703704,8.333333333333332
E00039042,59,25,8,17,34,29,5,42.3728813559322,13.559322033898304,28.8135593220339,57.6271186440678,49.152542372881356,8.47457627118644
E00039043,164,58,14,44,106,91,15,35.36585365853659,8.536585365853659,26.82926829268293,64.63414634146342,55.487804878048784,9.146341463414634
E00039044,155,55,13,42,100,80,20,35.483870967741936,8.38709677419355,27.09677419354839,64.51612903225806,51.61290322580645,12.903225806451612
E00039045,134,37,9,28,97,73,24,27.611940298507463,6.7164179104477615,20.8955223880597,72.38805970149254,54.47761194029851,17.91044776119403
E00039046,145,49,18,31,96,82,14,33.793103448275865,12.413793103448276,21.379310344827587,66.20689655172414,56.55172413793104,9.655172413793103
E00039047,172,53,21,32,119,101,18,30.813953488372093,12.209302325581394,18.6046511627907,69.18604651162791,58.720930232558146,10.465116279069768
E00039048,140,50,23,27,90,84,6,35.714285714285715,16.428571428571427,19.28571428571429,64.28571428571429,60,4.285714285714286
E00039049,178,47,12,35,131,107,24,26.40449438202247,6.741573033707865,19.662921348314608,73.59550561797754,60.1123595505618,13.48314606741573
E00039050,137,51,15,36,86,71,15,37.22627737226277,10.948905109489052,26.277372262773724,62.77372262773723,51.82481751824818,10.948905109489052
E00039051,161,49,9,40,112,93,19,30.434782608695656,5.590062111801243,24.84472049689441,69.56521739130434,57.7639751552795,11.801242236024844
E00039052,153,46,16,30,107,100,7,30.065359477124183,10.457516339869281,19.607843137254903,69.93464052287581,65.359477124183,4.57516339869281
E00039053,179,57,13,44,122,96,26,31.843575418994412,7.262569832402235,24.581005586592177,68.15642458100558,53.63128491620112,14.52513966480447
E00039054,107,35,6,29,72,63,9,32.71028037383177,5.607476635514018,27.102803738317753,67.28971962616822,58.87850467289719,8.411214953271028
E00039055,179,72,19,53,107,98,9,40.22346368715084,10.614525139664805,29.608938547486037,59.77653631284916,54.7486033519553,5.027932960893855
E00039056,144,43,16,27,101,85,16,29.86111111111111,11.11111111111111,18.75,70.13888888888889,59.02777777777778,11.11111111111111
E00039057,126,37,13,24,89,79,10,29.365079365079367,10.317460317460316,19.047619047619047,70.63492063492063,62.698412698412696,7.936507936507936
E00039058,150,49,13,36,101,81,20,32.666666666666664,8.666666666666668,24,67.33333333333333,54,13.333333333333334
E00039059,30,10,3,7,20,16,4,33.33333333333333,10,23.333333333333332,66.66666666666666,53.333333333333336,13.333333333333334
E00039060,171,46,16,30,125,108,17,26.900584795321635,9.35672514619883,17.543859649122805,73.09941520467837,63.1578947368421,9.941520467836257
E00039061,203,64,19,45,139,114,25,31.527093596059114,9.35960591133005,22.167487684729064,68.4729064039409,56.15763546798029,12.31527093596059
E00039062,176,57,12,45,119,109,10,32.38636363636363,6.8181818181818175,25.568181818181817,67.61363636363636,61.93181818181818,5.681818181818182
E00039063,112,28,8,20,84,72,12,25,7.142857142857142,17.857142857142858,75,64.28571428571429,10.714285714285714
E00039064,121,37,9,28,84,80,4,30.57851239669421,7.43801652892562,23.140495867768596,69.42148760330579,66.11570247933885,3.3057851239669422
E00039065,201,70,18,52,131,118,13,34.82587064676617,8.955223880597014,25.870646766169152,65.17412935323384,58.70646766169154,6.467661691542288
E00039066,189,71,16,55,118,94,24,37.56613756613756,8.465608465608465,29.100529100529098,62.43386243386243,49.735449735449734,12.698412698412698
E00039067,173,50,14,36,123,112,11,28.901734104046245,8.092485549132949,20.809248554913296,71.09826589595376,64.73988439306359,6.358381502890173
E00039068,103,28,8,20,75,61,14,27.184466019417474,7.766990291262135,19.41747572815534,72.81553398058253,59.22330097087378,13.592233009708737
E00039069,96,28,10,18,68,58,10,29.166666666666668,10.416666666666668,18.75,70.83333333333334,60.416666666666664,10.416666666666668
E00039070,99,26,3,23,73,66,7,26.262626262626267,3.0303030303030303,23.232323232323232,73.73737373737373,66.66666666666666,7.07070707070707
E00039071,139,42,8,34,97,86,11,30.215827338129497,5.755395683453238,24.46043165467626,69.7841726618705,61.87050359712231,7.913669064748201
E00039072,72,26,10,16,46,41,5,36.11111111111111,13.88888888888889,22.22222222222222,63.888888888888886,56.94444444444444,6.944444444444445
E00039073,63,21,6,15,42,36,6,33.33333333333333,9.523809523809524,23.809523809523807,66.66666666666666,57.14285714285714,9.523809523809524
E00039074,130,41,10,31,89,79,10,31.538461538461537,7.6923076923076925,23.846153846153847,68.46153846153847,60.76923076923077,7.6923076923076925
E00039075,60,17,5,12,43,37,6,28.333333333333332,8.333333333333332,20,71.66666666666667,61.66666666666667,10
E00039076,108,36,11,25,72,65,7,33.33333333333333,10.185185185185185,23.14814814814815,66.66666666666666,60.18518518518518,6.481481481481481
E00039077,140,43,16,27,97,83,14,30.714285714285715,11.428571428571429,19.28571428571429,69.28571428571428,59.285714285714285,10
E00039078,131,38,18,20,93,82,11,29.00763358778626,13.740458015267176,15.267175572519085,70.99236641221374,62.59541984732825,8.396946564885496
E00039079,155,48,15,33,107,98,9,30.967741935483872,9.67741935483871,21.29032258064516,69.03225806451613,63.2258064516129,5.806451612903226
E00039080,125,57,19,38,68,62,6,45.6,15.2,30.4,54.400000000000006,49.6,4.8
E00039081,158,45,12,33,113,100,13,28.48101265822785,7.59493670886076,20.88607594936709,71.51898734177216,63.29113924050633,8.227848101265822
E00039082,141,45,19,26,96,77,19,31.914893617021278,13.47517730496454,18.439716312056735,68.08510638297872,54.60992907801418,13.47517730496454
E00039083,51,16,3,13,35,30,5,31.372549019607842,5.88235294117647,25.49019607843137,68.62745098039215,58.82352941176471,9.803921568627452
E00039084,162,50,13,37,112,96,16,30.864197530864196,8.024691358024691,22.839506172839506,69.1358024691358,59.25925925925925,9.876543209876543
E00039085,89,32,15,17,57,47,10,35.95505617977528,16.853932584269664,19.101123595505616,64.04494382022472,52.80898876404494,11.235955056179774
E00039086,159,58,15,43,101,89,12,36.477987421383645,9.433962264150944,27.044025157232703,63.52201257861635,55.9748427672956,7.547169811320755
E00039087,133,49,15,34,84,71,13,36.84210526315789,11.278195488721805,25.563909774436087,63.1578947368421,53.383458646616546,9.774436090225564
E00039088,118,44,18,26,74,70,4,37.28813559322034,15.254237288135593,22.033898305084744,62.71186440677966,59.32203389830508,3.389830508474576
E00039089,110,50,19,31,60,52,8,45.45454545454545,17.272727272727273,28.18181818181818,54.54545454545454,47.27272727272727,7.2727272727272725
E00039090,120,44,15,29,76,69,7,36.666666666666664,12.5,24.166666666666668,63.33333333333333,57.49999999999999,5.833333333333333
E00039091,45,12,0,12,33,30,3,26.666666666666668,0,26.666666666666668,73.33333333333333,66.66666666666666,6.666666666666667
E00039092,119,46,13,33,73,65,8,38.655462184873954,10.92436974789916,27.73109243697479,61.34453781512605,54.621848739495796,6.722689075630252
E00039094,163,45,14,31,118,102,16,27.607361963190186,8.588957055214724,19.018404907975462,72.39263803680981,62.57668711656442,9.815950920245399
E00039095,36,12,3,9,24,21,3,33.33333333333333,8.333333333333332,25,66.66666666666666,58.333333333333336,8.333333333333332
E00039096,114,30,8,22,84,76,8,26.31578947368421,7.017543859649122,19.298245614035086,73.68421052631578,66.66666666666666,7.017543859649122
E00039097,106,48,11,37,58,54,4,45.28301886792453,10.377358490566039,34.90566037735849,54.71698113207547,50.943396226415096,3.7735849056603774
E00039098,179,53,16,37,126,111,15,29.608938547486037,8.938547486033519,20.670391061452513,70.39106145251397,62.01117318435754,8.379888268156424
E00039099,126,32,8,24,94,82,12,25.396825396825395,6.349206349206349,19.047619047619047,74.60317460317461,65.07936507936508,9.523809523809524
E00039100,130,43,11,32,87,78,9,33.07692307692307,8.461538461538462,24.615384615384617,66.92307692307692,60,6.923076923076923
E00039101,156,43,11,32,113,98,15,27.564102564102566,7.051282051282051,20.51282051282051,72.43589743589743,62.82051282051282,9.615384615384617
E00039102,184,65,21,44,119,94,25,35.32608695652174,11.41304347826087,23.91304347826087,64.67391304347827,51.08695652173913,13.586956521739129
E00039104,54,21,3,18,33,28,5,38.88888888888889,5.555555555555555,33.33333333333333,61.111111111111114,51.85185185185185,9.25925925925926
E00039105,88,27,5,22,61,52,9,30.681818181818183,5.681818181818182,25,69.31818181818183,59.09090909090909,10.227272727272728
E00039106,98,21,4,17,77,63,14,21.428571428571427,4.081632653061225,17.346938775510203,78.57142857142857,64.28571428571429,14.285714285714285
E00039107,240,76,18,58,164,151,13,31.666666666666664,7.5,24.166666666666668,68.33333333333333,62.916666666666664,5.416666666666667
E00039108,112,31,5,26,81,79,2,27.67857142857143,4.464285714285714,23.214285714285715,72.32142857142857,70.53571428571429,1.7857142857142856
E00039109,98,26,5,21,72,54,18,26.53061224489796,5.1020408163265305,21.428571428571427,73.46938775510205,55.10204081632652,18.367346938775512
E00039110,85,30,5,25,55,49,6,35.294117647058826,5.88235294117647,29.411764705882355,64.70588235294117,57.647058823529406,7.0588235294117645
E00039111,115,33,14,19,82,67,15,28.695652173913043,12.173913043478262,16.52173913043478,71.30434782608695,58.26086956521739,13.043478260869565
E00039112,142,48,14,34,94,75,19,33.80281690140845,9.859154929577464,23.943661971830984,66.19718309859155,52.816901408450704,13.380281690140844
E00039114,135,36,11,25,99,81,18,26.666666666666668,8.148148148148149,18.51851851851852,73.33333333333333,60,13.333333333333334
E00039115,168,50,11,39,118,101,17,29.761904761904763,6.547619047619048,23.214285714285715,70.23809523809523,60.11904761904761,10.119047619047619
E00039116,181,56,19,37,125,103,22,30.939226519337016,10.497237569060774,20.441988950276244,69.06077348066299,56.9060773480663,12.154696132596685
E00039117,53,12,1,11,41,40,1,22.641509433962266,1.8867924528301887,20.754716981132077,77.35849056603774,75.47169811320755,1.8867924528301887
E00039118,131,42,11,31,89,79,10,32.06106870229007,8.396946564885496,23.66412213740458,67.93893129770993,60.30534351145038,7.633587786259542
E00039119,133,42,11,31,91,79,12,31.57894736842105,8.270676691729323,23.308270676691727,68.42105263157895,59.3984962406015,9.022556390977442
E00039120,94,30,9,21,64,56,8,31.914893617021278,9.574468085106384,22.340425531914892,68.08510638297872,59.57446808510638,8.51063829787234
E00039121,105,30,15,15,75,68,7,28.57142857142857,14.285714285714285,14.285714285714285,71.42857142857143,64.76190476190476,6.666666666666667
E00039122,110,29,7,22,81,78,3,26.36363636363636,6.363636363636363,20,73.63636363636363,70.9090909090909,2.727272727272727
E00039123,152,44,13,31,108,86,22,28.947368421052634,8.552631578947368,20.394736842105264,71.05263157894737,56.57894736842105,14.473684210526317
E00039124,83,34,7,27,49,41,8,40.963855421686745,8.433734939759036,32.53012048192771,59.036144578313255,49.39759036144578,9.63855421686747
E00039125,129,37,11,26,92,80,12,28.68217054263566,8.527131782945736,20.155038759689923,71.31782945736434,62.01550387596899,9.30232558139535
E00039126,147,46,15,31,101,81,20,31.292517006802722,10.204081632653061,21.08843537414966,68.70748299319727,55.10204081632652,13.60544217687075
E00039127,145,41,10,31,104,96,8,28.27586206896552,6.896551724137931,21.379310344827587,71.72413793103448,66.20689655172414,5.517241379310345
E00039128,104,39,11,28,65,55,10,37.5,10.576923076923077,26.923076923076923,62.5,52.88461538461539,9.615384615384617
E00039130,101,26,7,19,75,58,17,25.742574257425744,6.9306930693069315,18.81188118811881,74.25742574257426,57.42574257425742,16.831683168316832
E00039131,60,28,5,23,32,29,3,46.666666666666664,8.333333333333332,38.333333333333336,53.333333333333336,48.333333333333336,5
E00039132,126,34,11,23,92,81,11,26.984126984126984,8.73015873015873,18.253968253968253,73.01587301587301,64.28571428571429,8.73015873015873
E00039133,100,21,4,17,79,63,16,21,4,17,79,63,16
E00039134,118,40,14,26,78,69,9,33.89830508474576,11.864406779661017,22.033898305084744,66.10169491525424,58.47457627118644,7.627118644067797
E00039135,166,60,14,46,106,88,18,36.144578313253014,8.433734939759036,27.710843373493976,63.85542168674698,53.01204819277109,10.843373493975903
E00039137,82,20,6,14,62,56,6,24.390243902439025,7.317073170731707,17.073170731707318,75.60975609756098,68.29268292682927,7.317073170731707
E00039138,124,37,13,24,87,71,16,29.838709677419356,10.483870967741936,19.35483870967742,70.16129032258065,57.25806451612904,12.903225806451612
E00039139,155,45,20,25,110,91,19,29.03225806451613,12.903225806451612,16.129032258064516,70.96774193548387,58.70967741935483,12.258064516129032
E00039140,150,44,12,32,106,90,16,29.333333333333332,8,21.333333333333336,70.66666666666667,60,10.666666666666668
E00039141,95,32,7,25,63,54,9,33.68421052631579,7.368421052631578,26.31578947368421,66.3157894736842,56.84210526315789,9.473684210526317
E00039142,91,34,7,27,57,51,6,37.362637362637365,7.6923076923076925,29.67032967032967,62.637362637362635,56.043956043956044,6.593406593406594
E00039143,129,47,12,35,82,71,11,36.434108527131784,9.30232558139535,27.131782945736433,63.565891472868216,55.03875968992248,8.527131782945736
E00039144,117,44,8,36,73,60,13,37.60683760683761,6.837606837606838,30.76923076923077,62.39316239316239,51.28205128205128,11.11111111111111
E00039145,192,47,7,40,145,133,12,24.479166666666664,3.6458333333333335,20.833333333333336,75.52083333333334,69.27083333333334,6.25
E00039146,176,62,13,49,114,102,12,35.22727272727273,7.386363636363637,27.84090909090909,64.77272727272727,57.95454545454546,6.8181818181818175
E00039147,106,30,8,22,76,69,7,28.30188679245283,7.547169811320755,20.754716981132077,71.69811320754717,65.09433962264151,6.60377358490566
E00039148,72,21,2,19,51,44,7,29.166666666666668,2.7777777777777777,26.38888888888889,70.83333333333334,61.111111111111114,9.722222222222223
E00039149,94,31,9,22,63,59,4,32.97872340425532,9.574468085106384,23.404255319148938,67.02127659574468,62.76595744680851,4.25531914893617
E00039150,131,43,12,31,88,76,12,32.82442748091603,9.16030534351145,23.66412213740458,67.17557251908397,58.01526717557252,9.16030534351145
E00039151,120,33,8,25,87,80,7,27.500000000000004,6.666666666666667,20.833333333333336,72.5,66.66666666666666,5.833333333333333
E00039152,68,31,10,21,37,33,4,45.588235294117645,14.705882352941178,30.88235294117647,54.41176470588235,48.529411764705884,5.88235294117647
E00039153,138,47,11,36,91,79,12,34.05797101449276,7.971014492753622,26.08695652173913,65.94202898550725,57.2463768115942,8.695652173913043
E00039154,109,31,6,25,78,69,9,28.440366972477065,5.5045871559633035,22.93577981651376,71.55963302752293,63.30275229357798,8.256880733944955
E00039155,92,33,11,22,59,53,6,35.869565217391305,11.956521739130435,23.91304347826087,64.13043478260869,57.608695652173914,6.521739130434782
E00039156,64,25,2,23,39,34,5,39.0625,3.125,35.9375,60.9375,53.125,7.8125
E00039157,65,25,7,18,40,33,7,38.46153846153847,10.76923076923077,27.692307692307693,61.53846153846154,50.76923076923077,10.76923076923077
E00039158,126,33,7,26,93,79,14,26.190476190476193,5.555555555555555,20.634920634920633,73.80952380952381,62.698412698412696,11.11111111111111
E00039159,66,23,9,14,43,37,6,34.84848484848485,13.636363636363635,21.21212121212121,65.15151515151516,56.060606060606055,9.090909090909092
E00039160,139,35,9,26,104,96,8,25.179856115107913,6.474820143884892,18.705035971223023,74.82014388489209,69.06474820143885,5.755395683453238
E00039161,107,32,13,19,75,64,11,29.906542056074763,12.149532710280374,17.75700934579439,70.09345794392523,59.813084112149525,10.2803738317757
E00039162,86,26,8,18,60,52,8,30.23255813953488,9.30232558139535,20.930232558139537,69.76744186046511,60.46511627906976,9.30232558139535
E00039163,117,34,13,21,83,77,6,29.059829059829063,11.11111111111111,17.94871794871795,70.94017094017094,65.8119658119658,5.128205128205128
E00039164,55,14,0,14,41,37,4,25.454545454545453,0,25.454545454545453,74.54545454545455,67.27272727272727,7.2727272727272725
E00039165,99,23,10,13,76,68,8,23.232323232323232,10.1010101010101,13.131313131313133,76.76767676767676,68.68686868686868,8.080808080808081
E00039166,145,46,19,27,99,77,22,31.724137931034484,13.10344827586207,18.620689655172416,68.27586206896552,53.103448275862064,15.172413793103448
E00039167,63,22,6,16,41,37,4,34.92063492063492,9.523809523809524,25.396825396825395,65.07936507936508,58.730158730158735,6.349206349206349
E00039168,127,37,13,24,90,80,10,29.133858267716533,10.236220472440944,18.89763779527559,70.86614173228347,62.99212598425197,7.874015748031496
E00039169,101,34,3,31,67,58,9,33.663366336633665,2.9702970297029703,30.693069306930692,66.33663366336634,57.42574257425742,8.91089108910891
E00039170,65,19,1,18,46,41,5,29.230769230769234,1.5384615384615385,27.692307692307693,70.76923076923077,63.07692307692307,7.6923076923076925
E00039171,133,36,9,27,97,80,17,27.06766917293233,6.7669172932330826,20.30075187969925,72.93233082706767,60.150375939849624,12.781954887218044
E00039172,100,30,9,21,70,61,9,30,9,21,70,61,9
E00039173,77,24,10,14,53,50,3,31.16883116883117,12.987012987012985,18.181818181818183,68.83116883116884,64.93506493506493,3.896103896103896
E00039174,119,38,11,27,81,72,9,31.932773109243694,9.243697478991598,22.689075630252102,68.0672268907563,60.50420168067227,7.563025210084033
E00039175,85,30,9,21,55,55,0,35.294117647058826,10.588235294117647,24.705882352941178,64.70588235294117,64.70588235294117,0
E00039176,104,39,14,25,65,60,5,37.5,13.461538461538462,24.03846153846154,62.5,57.692307692307686,4.807692307692308
E00039177,33,9,3,6,24,24,0,27.27272727272727,9.090909090909092,18.181818181818183,72.72727272727273,72.72727272727273,0
E00039178,113,46,12,34,67,53,14,40.707964601769916,10.619469026548673,30.08849557522124,59.29203539823009,46.902654867256636,12.389380530973451
E00039179,111,42,7,35,69,64,5,37.83783783783784,6.306306306306306,31.53153153153153,62.16216216216216,57.65765765765766,4.504504504504505
E00039180,128,43,16,27,85,76,9,33.59375,12.5,21.09375,66.40625,59.375,7.03125
E00039181,74,27,8,19,47,43,4,36.486486486486484,10.81081081081081,25.675675675675674,63.51351351351351,58.108108108108105,5.405405405405405
E00039182,143,45,16,29,98,84,14,31.46853146853147,11.188811188811188,20.27972027972028,68.53146853146853,58.74125874125874,9.79020979020979
E00039183,163,57,14,43,106,96,10,34.96932515337423,8.588957055214724,26.380368098159508,65.03067484662577,58.895705521472394,6.134969325153374
E00039184,77,15,5,10,62,55,7,19.480519480519483,6.493506493506493,12.987012987012985,80.51948051948052,71.42857142857143,9.090909090909092
E00039185,93,27,8,19,66,63,3,29.03225806451613,8.60215053763441,20.43010752688172,70.96774193548387,67.74193548387096,3.225806451612903
E00039186,109,47,16,31,62,49,13,43.11926605504588,14.678899082568808,28.440366972477065,56.88073394495413,44.95412844036697,11.926605504587156
E00039187,132,52,12,40,80,69,11,39.39393939393939,9.090909090909092,30.303030303030305,60.60606060606061,52.27272727272727,8.333333333333332
E00039188,11,3,1,2,8,8,0,27.27272727272727,9.090909090909092,18.181818181818183,72.72727272727273,72.72727272727273,0
E00039189,98,29,7,22,69,59,10,29.591836734693878,7.142857142857142,22.448979591836736,70.40816326530613,60.204081632653065,10.204081632653061
E00039190,92,36,12,24,56,51,5,39.130434782608695,13.043478260869565,26.08695652173913,60.86956521739131,55.434782608695656,5.434782608695652
E00039191,102,30,15,15,72,69,3,29.411764705882355,14.705882352941178,14.705882352941178,70.58823529411765,67.64705882352942,2.941176470588235
E00039192,141,41,10,31,100,88,12,29.078014184397162,7.092198581560284,21.98581560283688,70.92198581560284,62.4113475177305,8.51063829787234
E00039193,122,38,9,29,84,74,10,31.147540983606557,7.377049180327869,23.770491803278688,68.85245901639344,60.65573770491803,8.19672131147541
E00039194,120,43,13,30,77,65,12,35.833333333333336,10.833333333333334,25,64.16666666666667,54.166666666666664,10
E00039195,142,51,8,43,91,81,10,35.91549295774648,5.633802816901409,30.28169014084507,64.08450704225352,57.04225352112676,7.042253521126761
E00039196,104,49,16,33,55,50,5,47.11538461538461,15.384615384615385,31.73076923076923,52.88461538461539,48.07692307692308,4.807692307692308
E00039197,135,45,18,27,90,76,14,33.33333333333333,13.333333333333334,20,66.66666666666666,56.2962962962963,10.37037037037037
E00039198,79,29,9,20,50,44,6,36.708860759493675,11.39240506329114,25.31645569620253,63.29113924050633,55.69620253164557,7.59493670886076
E00039199,64,25,9,16,39,35,4,39.0625,14.0625,25,60.9375,54.6875,6.25
E00039200,144,46,15,31,98,80,18,31.944444444444443,10.416666666666668,21.52777777777778,68.05555555555556,55.55555555555556,12.5
E00039201,109,48,13,35,61,48,13,44.03669724770643,11.926605504587156,32.11009174311927,55.96330275229357,44.03669724770643,11.926605504587156
E00039202,148,49,11,38,99,85,14,33.108108108108105,7.4324324324324325,25.675675675675674,66.8918918918919,57.432432432432435,9.45945945945946
E00039203,66,21,4,17,45,41,4,31.818181818181817,6.0606060606060606,25.757575757575758,68.18181818181817,62.121212121212125,6.0606060606060606
E00039204,143,42,10,32,101,97,4,29.37062937062937,6.993006993006993,22.377622377622377,70.62937062937063,67.83216783216784,2.797202797202797
E00039205,116,42,12,30,74,67,7,36.206896551724135,10.344827586206897,25.862068965517242,63.793103448275865,57.758620689655174,6.0344827586206895
E00039206,173,46,11,35,127,108,19,26.589595375722542,6.358381502890173,20.23121387283237,73.41040462427746,62.42774566473989,10.982658959537572
E00039207,121,44,10,34,77,58,19,36.36363636363637,8.264462809917356,28.09917355371901,63.63636363636363,47.93388429752066,15.702479338842975
E00039208,131,37,9,28,94,87,7,28.24427480916031,6.870229007633588,21.374045801526716,71.7557251908397,66.41221374045801,5.343511450381679
E00039209,135,28,7,21,107,98,9,20.74074074074074,5.185185185185185,15.555555555555555,79.25925925925927,72.5925925925926,6.666666666666667
E00039210,140,34,7,27,106,98,8,24.285714285714285,5,19.28571428571429,75.71428571428571,70,5.714285714285714
E00039211,133,47,15,32,86,76,10,35.338345864661655,11.278195488721805,24.06015037593985,64.66165413533834,57.14285714285714,7.518796992481203
E00039212,147,35,7,28,112,106,6,23.809523809523807,4.761904761904762,19.047619047619047,76.19047619047619,72.10884353741497,4.081632653061225
E00039213,142,43,9,34,99,84,15,30.28169014084507,6.338028169014084,23.943661971830984,69.71830985915493,59.154929577464785,10.56338028169014
E00039214,137,37,11,26,100,85,15,27.00729927007299,8.02919708029197,18.97810218978102,72.99270072992701,62.04379562043796,10.948905109489052
E00039215,105,42,16,26,63,59,4,40,15.238095238095239,24.761904761904763,60,56.19047619047619,3.8095238095238098
E00039216,150,39,8,31,111,104,7,26,5.333333333333334,20.666666666666668,74,69.33333333333334,4.666666666666667
E00039217,174,60,11,49,114,105,9,34.48275862068966,6.321839080459771,28.160919540229884,65.51724137931035,60.3448275862069,5.172413793103448
E00039218,168,57,12,45,111,96,15,33.92857142857143,7.142857142857142,26.785714285714285,66.07142857142857,57.14285714285714,8.928571428571429
E00039219,167,53,14,39,114,102,12,31.736526946107784,8.383233532934131,23.353293413173652,68.26347305389223,61.07784431137725,7.18562874251497
E00039220,100,21,11,10,79,67,12,21,11,10,79,67,12
E00039221,97,30,8,22,67,58,9,30.927835051546392,8.24742268041237,22.68041237113402,69.0721649484536,59.79381443298969,9.278350515463918
E00039222,116,30,7,23,86,73,13,25.862068965517242,6.0344827586206895,19.82758620689655,74.13793103448276,62.93103448275862,11.206896551724139
E00039223,132,45,17,28,87,76,11,34.090909090909086,12.878787878787879,21.21212121212121,65.9090909090909,57.57575757575758,8.333333333333332
E00039224,119,37,12,25,82,71,11,31.092436974789916,10.084033613445378,21.008403361344538,68.90756302521008,59.66386554621849,9.243697478991598
E00039225,105,32,5,27,73,62,11,30.476190476190478,4.761904761904762,25.71428571428571,69.52380952380952,59.04761904761905,10.476190476190476
E00039226,151,40,11,29,111,100,11,26.490066225165563,7.28476821192053,19.205298013245034,73.50993377483444,66.22516556291392,7.28476821192053
E00039227,121,48,19,29,73,65,8,39.66942148760331,15.702479338842975,23.96694214876033,60.33057851239669,53.71900826446281,6.6115702479338845
E00039228,160,49,12,37,111,96,15,30.625000000000004,7.5,23.125,69.375,60,9.375
E00039229,179,53,17,36,126,115,11,29.608938547486037,9.497206703910614,20.11173184357542,70.39106145251397,64.24581005586593,6.145251396648044
E00039230,202,53,13,40,149,133,16,26.237623762376238,6.435643564356436,19.801980198019802,73.76237623762376,65.84158415841584,7.920792079207921
E00039231,140,41,14,27,99,89,10,29.28571428571429,10,19.28571428571429,70.71428571428572,63.57142857142857,7.142857142857142
E00039232,132,49,12,37,83,68,15,37.121212121212125,9.090909090909092,28.030303030303028,62.878787878787875,51.515151515151516,11.363636363636363
E00039233,105,27,5,22,78,65,13,25.71428571428571,4.761904761904762,20.952380952380953,74.28571428571429,61.904761904761905,12.380952380952381
E00039234,94,42,11,31,52,50,2,44.680851063829785,11.702127659574469,32.97872340425532,55.319148936170215,53.191489361702125,2.127659574468085
E00039235,142,46,13,33,96,87,9,32.3943661971831,9.15492957746479,23.239436619718308,67.6056338028169,61.267605633802816,6.338028169014084
E00039236,128,31,7,24,97,85,12,24.21875,5.46875,18.75,75.78125,66.40625,9.375
E00039237,112,36,7,29,76,70,6,32.142857142857146,6.25,25.892857142857146,67.85714285714286,62.5,5.357142857142857
E00039238,163,53,18,35,110,91,19,32.515337423312886,11.042944785276074,21.472392638036812,67.48466257668711,55.828220858895705,11.65644171779141
E00039239,119,47,9,38,72,66,6,39.49579831932773,7.563025210084033,31.932773109243694,60.50420168067227,55.46218487394958,5.042016806722689
E00039240,142,43,16,27,99,73,26,30.28169014084507,11.267605633802818,19.014084507042252,69.71830985915493,51.40845070422535,18.30985915492958
E00039241,124,42,14,28,82,69,13,33.87096774193548,11.29032258064516,22.58064516129032,66.12903225806451,55.64516129032258,10.483870967741936
E00039242,107,22,10,12,85,68,17,20.5607476635514,9.345794392523365,11.214953271028037,79.43925233644859,63.55140186915887,15.887850467289718
E00039243,83,23,5,18,60,49,11,27.710843373493976,6.024096385542169,21.686746987951807,72.28915662650603,59.036144578313255,13.253012048192772
E00039244,135,54,19,35,81,64,17,40,14.074074074074074,25.925925925925924,60,47.40740740740741,12.592592592592592
E00039245,180,49,17,32,131,109,22,27.22222222222222,9.444444444444445,17.77777777777778,72.77777777777777,60.55555555555555,12.222222222222221
E00039246,138,40,11,29,98,80,18,28.985507246376812,7.971014492753622,21.014492753623188,71.01449275362319,57.971014492753625,13.043478260869565
E00039247,219,64,29,35,155,134,21,29.22374429223744,13.24200913242009,15.981735159817351,70.77625570776256,61.18721461187214,9.58904109589041
E00039248,133,43,20,23,90,73,17,32.33082706766917,15.037593984962406,17.293233082706767,67.66917293233082,54.88721804511278,12.781954887218044
E00039249,185,55,18,37,130,100,30,29.72972972972973,9.72972972972973,20,70.27027027027027,54.054054054054056,16.216216216216218
E00039250,170,50,13,37,120,101,19,29.411764705882355,7.647058823529412,21.764705882352942,70.58823529411765,59.411764705882355,11.176470588235295
E00039251,119,43,18,25,76,57,19,36.134453781512605,15.126050420168067,21.008403361344538,63.86554621848739,47.89915966386555,15.966386554621847
E00039252,106,33,9,24,73,56,17,31.132075471698112,8.49056603773585,22.641509433962266,68.86792452830188,52.83018867924528,16.037735849056602
E00039253,156,47,11,36,109,96,13,30.128205128205128,7.051282051282051,23.076923076923077,69.87179487179486,61.53846153846154,8.333333333333332
E00039254,131,37,9,28,94,86,8,28.24427480916031,6.870229007633588,21.374045801526716,71.7557251908397,65.64885496183206,6.106870229007633
E00039255,202,58,20,38,144,110,34,28.71287128712871,9.900990099009901,18.81188118811881,71.28712871287128,54.45544554455446,16.831683168316832
E00039256,186,49,16,33,137,111,26,26.344086021505376,8.60215053763441,17.741935483870968,73.65591397849462,59.67741935483871,13.978494623655912
E00039257,173,48,11,37,125,103,22,27.74566473988439,6.358381502890173,21.38728323699422,72.25433526011561,59.53757225433526,12.716763005780345
E00039258,149,44,10,34,105,84,21,29.53020134228188,6.7114093959731544,22.818791946308725,70.46979865771812,56.375838926174495,14.093959731543624
E00039259,151,47,16,31,104,92,12,31.125827814569533,10.596026490066226,20.52980132450331,68.87417218543047,60.9271523178808,7.9470198675496695
E00039260,98,32,13,19,66,53,13,32.6530612244898,13.26530612244898,19.387755102040817,67.3469387755102,54.08163265306123,13.26530612244898
E00039261,155,50,18,32,105,90,15,32.25806451612903,11.612903225806452,20.64516129032258,67.74193548387096,58.06451612903226,9.67741935483871
E00039262,142,45,12,33,97,77,20,31.690140845070424,8.450704225352112,23.239436619718308,68.30985915492957,54.22535211267606,14.084507042253522
E00039263,131,37,9,28,94,84,10,28.24427480916031,6.870229007633588,21.374045801526716,71.7557251908397,64.12213740458014,7.633587786259542
E00039264,85,25,7,18,60,53,7,29.411764705882355,8.235294117647058,21.176470588235293,70.58823529411765,62.35294117647059,8.235294117647058
E00039265,122,31,6,25,91,81,10,25.40983606557377,4.918032786885246,20.491803278688526,74.59016393442623,66.39344262295081,8.19672131147541
E00039266,101,27,7,20,74,63,11,26.732673267326735,6.9306930693069315,19.801980198019802,73.26732673267327,62.37623762376238,10.891089108910892
E00039267,185,52,11,41,133,111,22,28.10810810810811,5.9459459459459465,22.162162162162165,71.89189189189189,60,11.891891891891893
E00039269,178,53,23,30,125,108,17,29.775280898876407,12.921348314606742,16.853932584269664,70.2247191011236,60.67415730337079,9.550561797752808
E00039270,149,37,10,27,112,92,20,24.832214765100673,6.7114093959731544,18.120805369127517,75.16778523489933,61.74496644295302,13.422818791946309
E00039271,269,81,18,63,188,165,23,30.111524163568777,6.691449814126393,23.42007434944238,69.88847583643123,61.33828996282528,8.550185873605948
E00039272,120,36,7,29,84,78,6,30,5.833333333333333,24.166666666666668,70,65,5
E00039273,136,41,10,31,95,74,21,30.14705882352941,7.352941176470589,22.794117647058822,69.85294117647058,54.41176470588235,15.441176470588236
E00039274,81,28,7,21,53,47,6,34.5679012345679,8.641975308641975,25.925925925925924,65.4320987654321,58.0246913580247,7.4074074074074066
E00039275,248,56,11,45,192,160,32,22.58064516129032,4.435483870967742,18.14516129032258,77.41935483870968,64.51612903225806,12.903225806451612
E00039276,177,50,17,33,127,111,16,28.24858757062147,9.6045197740113,18.64406779661017,71.75141242937853,62.71186440677966,9.03954802259887
E00039277,165,44,10,34,121,103,18,26.666666666666668,6.0606060606060606,20.606060606060606,73.33333333333333,62.42424242424243,10.909090909090908
E00039278,217,54,13,41,163,134,29,24.88479262672811,5.990783410138248,18.89400921658986,75.11520737327189,61.75115207373272,13.36405529953917
E00039279,121,29,8,21,92,79,13,23.96694214876033,6.6115702479338845,17.355371900826448,76.03305785123968,65.28925619834712,10.743801652892563
E00039280,112,28,9,19,84,71,13,25,8.035714285714286,16.964285714285715,75,63.39285714285714,11.607142857142858
E00039281,123,32,11,21,91,72,19,26.01626016260163,8.94308943089431,17.073170731707318,73.98373983739837,58.536585365853654,15.447154471544716
E00039282,105,36,11,25,69,63,6,34.285714285714285,10.476190476190476,23.809523809523807,65.71428571428571,60,5.714285714285714
E00039283,93,23,1,22,70,65,5,24.731182795698924,1.0752688172043012,23.655913978494624,75.26881720430107,69.89247311827957,5.376344086021505
E00039284,113,31,6,25,82,65,17,27.43362831858407,5.3097345132743365,22.123893805309734,72.56637168141593,57.52212389380531,15.04424778761062
E00039285,98,30,12,18,68,55,13,30.612244897959183,12.244897959183673,18.367346938775512,69.38775510204081,56.12244897959183,13.26530612244898
E00039286,122,39,14,25,83,63,20,31.967213114754102,11.475409836065573,20.491803278688526,68.0327868852459,51.63934426229508,16.39344262295082
E00039287,87,22,5,17,65,61,4,25.287356321839084,5.747126436781609,19.54022988505747,74.71264367816092,70.11494252873564,4.597701149425287
E00039288,25,7,0,7,18,15,3,28.000000000000004,0,28.000000000000004,72,60,12
E00039289,97,20,10,10,77,69,8,20.618556701030926,10.309278350515463,10.309278350515463,79.38144329896907,71.1340206185567,8.24742268041237
E00039290,148,34,10,24,114,103,11,22.972972972972975,6.756756756756757,16.216216216216218,77.02702702702703,69.5945945945946,7.4324324324324325
E00039291,182,48,16,32,134,117,17,26.373626373626376,8.791208791208792,17.582417582417584,73.62637362637363,64.28571428571429,9.340659340659341
E00039292,71,21,5,16,50,41,9,29.577464788732392,7.042253521126761,22.535211267605636,70.4225352112676,57.74647887323944,12.676056338028168
E00039293,126,31,6,25,95,88,7,24.6031746031746,4.761904761904762,19.841269841269842,75.39682539682539,69.84126984126983,5.555555555555555
E00039294,104,19,8,11,85,75,10,18.269230769230766,7.6923076923076925,10.576923076923077,81.73076923076923,72.11538461538461,9.615384615384617
E00039295,117,39,13,26,78,67,11,33.33333333333333,11.11111111111111,22.22222222222222,66.66666666666666,57.26495726495726,9.401709401709402
E00039296,106,36,10,26,70,60,10,33.9622641509434,9.433962264150944,24.528301886792452,66.0377358490566,56.60377358490566,9.433962264150944
E00039297,138,43,16,27,95,83,12,31.15942028985507,11.594202898550725,19.565217391304348,68.84057971014492,60.14492753623188,8.695652173913043
E00039298,110,27,7,20,83,69,14,24.545454545454547,6.363636363636363,18.181818181818183,75.45454545454545,62.727272727272734,12.727272727272727
E00039299,106,30,5,25,76,67,9,28.30188679245283,4.716981132075472,23.58490566037736,71.69811320754717,63.20754716981132,8.49056603773585
E00039300,76,29,9,20,47,41,6,38.15789473684211,11.842105263157894,26.31578947368421,61.8421052631579,53.94736842105263,7.894736842105263
E00039301,76,24,10,14,52,39,13,31.57894736842105,13.157894736842104,18.421052631578945,68.42105263157895,51.31578947368421,17.105263157894736
E00039302,115,35,8,27,80,67,13,30.434782608695656,6.956521739130435,23.47826086956522,69.56521739130434,58.26086956521739,11.304347826086957
E00039303,233,60,10,50,173,150,23,25.75107296137339,4.291845493562231,21.45922746781116,74.2489270386266,64.37768240343348,9.871244635193133
E00039304,112,30,11,19,82,68,14,26.785714285714285,9.821428571428571,16.964285714285715,73.21428571428571,60.71428571428571,12.5
E00039305,86,26,8,18,60,49,11,30.23255813953488,9.30232558139535,20.930232558139537,69.76744186046511,56.97674418604651,12.790697674418606
E00039306,129,32,11,21,97,87,10,24.8062015503876,8.527131782945736,16.27906976744186,75.1937984496124,67.44186046511628,7.751937984496124
E00039307,146,49,7,42,97,84,13,33.56164383561644,4.794520547945205,28.767123287671232,66.43835616438356,57.534246575342465,8.904109589041095
E00039308,186,48,15,33,138,121,17,25.806451612903224,8.064516129032258,17.741935483870968,74.19354838709677,65.05376344086021,9.13978494623656
E00039309,92,33,5,28,59,49,10,35.869565217391305,5.434782608695652,30.434782608695656,64.13043478260869,53.2608695652174,10.869565217391305
E00039310,113,31,6,25,82,71,11,27.43362831858407,5.3097345132743365,22.123893805309734,72.56637168141593,62.83185840707964,9.734513274336283
E00039311,69,23,10,13,46,37,9,33.33333333333333,14.492753623188406,18.84057971014493,66.66666666666666,53.62318840579711,13.043478260869565
E00039312,170,40,9,31,130,103,27,23.52941176470588,5.294117647058823,18.235294117647058,76.47058823529412,60.588235294117645,15.88235294117647
E00039313,92,33,3,30,59,45,14,35.869565217391305,3.260869565217391,32.608695652173914,64.13043478260869,48.91304347826087,15.217391304347828
E00039314,65,18,4,14,47,42,5,27.692307692307693,6.153846153846154,21.53846153846154,72.3076923076923,64.61538461538461,7.6923076923076925
E00039315,140,31,10,21,109,91,18,22.142857142857142,7.142857142857142,15,77.85714285714286,65,12.857142857142856
E00039316,162,37,10,27,125,114,11,22.839506172839506,6.172839506172839,16.666666666666664,77.1604938271605,70.37037037037037,6.790123456790123
E00039317,88,25,7,18,63,47,16,28.40909090909091,7.954545454545454,20.454545454545457,71.5909090909091,53.40909090909091,18.181818181818183
E00039318,84,27,8,19,57,52,5,32.142857142857146,9.523809523809524,22.61904761904762,67.85714285714286,61.904761904761905,5.952380952380952
E00039319,151,34,9,25,117,98,19,22.516556291390728,5.960264900662252,16.55629139072848,77.48344370860927,64.90066225165563,12.582781456953644
E00039320,135,35,11,24,100,85,15,25.925925925925924,8.148148148148149,17.77777777777778,74.07407407407408,62.96296296296296,11.11111111111111
E00039321,130,33,9,24,97,81,16,25.384615384615383,6.923076923076923,18.461538461538463,74.61538461538461,62.30769230769231,12.307692307692308
E00039322,131,41,15,26,90,74,16,31.297709923664126,11.450381679389313,19.84732824427481,68.70229007633588,56.48854961832062,12.213740458015266
E00039323,118,47,13,34,71,55,16,39.83050847457627,11.016949152542372,28.8135593220339,60.16949152542372,46.61016949152542,13.559322033898304
E00039324,92,28,7,21,64,56,8,30.434782608695656,7.608695652173914,22.82608695652174,69.56521739130434,60.86956521739131,8.695652173913043
E00039325,127,45,12,33,82,64,18,35.43307086614173,9.448818897637794,25.984251968503933,64.56692913385827,50.39370078740157,14.173228346456693
E00039326,115,40,12,28,75,57,18,34.78260869565217,10.434782608695652,24.347826086956523,65.21739130434783,49.56521739130435,15.65217391304348
E00039327,127,45,12,33,82,68,14,35.43307086614173,9.448818897637794,25.984251968503933,64.56692913385827,53.54330708661418,11.023622047244094
E00039328,167,44,10,34,123,104,19,26.34730538922156,5.9880239520958085,20.359281437125748,73.65269461077844,62.27544910179641,11.377245508982035
E00039329,119,37,8,29,82,73,9,31.092436974789916,6.722689075630252,24.369747899159663,68.90756302521008,61.34453781512605,7.563025210084033
E00039330,153,49,10,39,104,89,15,32.02614379084967,6.535947712418301,25.49019607843137,67.97385620915033,58.16993464052288,9.803921568627452
E00039331,113,37,13,24,76,59,17,32.743362831858406,11.504424778761061,21.238938053097346,67.2566371681416,52.21238938053098,15.04424778761062
E00039332,96,32,7,25,64,61,3,33.33333333333333,7.291666666666667,26.041666666666668,66.66666666666666,63.541666666666664,3.125
E00039333,122,36,10,26,86,80,6,29.508196721311474,8.19672131147541,21.311475409836063,70.49180327868852,65.57377049180327,4.918032786885246
E00039334,142,46,19,27,96,78,18,32.3943661971831,13.380281690140844,19.014084507042252,67.6056338028169,54.929577464788736,12.676056338028168
E00039335,70,20,6,14,50,43,7,28.57142857142857,8.571428571428571,20,71.42857142857143,61.42857142857143,10
E00039336,134,49,19,30,85,79,6,36.56716417910448,14.17910447761194,22.388059701492537,63.43283582089553,58.95522388059702,4.477611940298507
E00039337,107,49,16,33,58,55,3,45.794392523364486,14.953271028037381,30.8411214953271,54.20560747663551,51.4018691588785,2.803738317757009
E00039338,135,51,10,41,84,79,5,37.77777777777778,7.4074074074074066,30.37037037037037,62.22222222222222,58.51851851851851,3.7037037037037033
E00039339,130,54,15,39,76,67,9,41.53846153846154,11.538461538461538,30,58.46153846153847,51.53846153846153,6.923076923076923
E00039340,126,48,17,31,78,63,15,38.095238095238095,13.492063492063492,24.6031746031746,61.904761904761905,50,11.904761904761903
E00039341,148,37,10,27,111,103,8,25,6.756756756756757,18.243243243243242,75,69.5945945945946,5.405405405405405
E00039342,133,45,7,38,88,75,13,33.83458646616541,5.263157894736842,28.57142857142857,66.16541353383458,56.390977443609025,9.774436090225564
E00039343,130,39,6,33,91,77,14,30,4.615384615384616,25.384615384615383,70,59.23076923076923,10.76923076923077
E00039344,132,43,12,31,89,81,8,32.57575757575758,9.090909090909092,23.484848484848484,67.42424242424242,61.36363636363637,6.0606060606060606
E00039345,133,52,14,38,81,72,9,39.097744360902254,10.526315789473683,28.57142857142857,60.902255639097746,54.13533834586466,6.7669172932330826
E00039346,139,44,11,33,95,91,4,31.654676258992804,7.913669064748201,23.741007194244602,68.34532374100719,65.46762589928058,2.877697841726619
E00039347,97,26,5,21,71,62,9,26.804123711340207,5.154639175257731,21.649484536082475,73.19587628865979,63.91752577319587,9.278350515463918
E00039348,136,46,14,32,90,85,5,33.82352941176471,10.294117647058822,23.52941176470588,66.17647058823529,62.5,3.6764705882352944
E00039349,131,49,12,37,82,75,7,37.404580152671755,9.16030534351145,28.24427480916031,62.59541984732825,57.25190839694656,5.343511450381679
E00039350,138,54,16,38,84,72,12,39.130434782608695,11.594202898550725,27.536231884057973,60.86956521739131,52.17391304347826,8.695652173913043
E00039351,91,25,9,16,66,60,6,27.472527472527474,9.89010989010989,17.582417582417584,72.52747252747253,65.93406593406593,6.593406593406594
E00039352,83,40,12,28,43,35,8,48.19277108433735,14.457831325301203,33.734939759036145,51.80722891566265,42.168674698795186,9.63855421686747
E00039353,72,23,4,19,49,45,4,31.944444444444443,5.555555555555555,26.38888888888889,68.05555555555556,62.5,5.555555555555555
E00039354,103,43,14,29,60,50,10,41.74757281553398,13.592233009708737,28.155339805825243,58.252427184466015,48.54368932038835,9.70873786407767
E00039355,131,46,15,31,85,79,6,35.11450381679389,11.450381679389313,23.66412213740458,64.8854961832061,60.30534351145038,4.580152671755725
E00039356,128,45,10,35,83,76,7,35.15625,7.8125,27.34375,64.84375,59.375,5.46875
E00039357,143,44,15,29,99,90,9,30.76923076923077,10.48951048951049,20.27972027972028,69.23076923076923,62.93706293706294,6.293706293706294
E00039358,90,36,13,23,54,46,8,40,14.444444444444443,25.555555555555554,60,51.11111111111111,8.88888888888889
E00039359,98,33,13,20,65,56,9,33.6734693877551,13.26530612244898,20.408163265306122,66.3265306122449,57.14285714285714,9.183673469387756
E00039360,138,55,21,34,83,74,9,39.85507246376812,15.217391304347828,24.637681159420293,60.14492753623188,53.62318840579711,6.521739130434782
E00039361,81,22,7,15,59,48,11,27.160493827160494,8.641975308641975,18.51851851851852,72.8395061728395,59.25925925925925,13.580246913580247
E00039362,153,51,14,37,102,93,9,33.33333333333333,9.15032679738562,24.183006535947712,66.66666666666666,60.78431372549019,5.88235294117647
E00039363,94,40,15,25,54,52,2,42.5531914893617,15.957446808510639,26.595744680851062,57.446808510638306,55.319148936170215,2.127659574468085
E00039364,100,41,13,28,59,52,7,41,13,28.000000000000004,59,52,7.000000000000001
E00039366,134,33,7,26,101,92,9,24.62686567164179,5.223880597014925,19.402985074626866,75.3731343283582,68.65671641791045,6.7164179104477615
E00039367,90,31,7,24,59,52,7,34.44444444444444,7.777777777777778,26.666666666666668,65.55555555555556,57.77777777777777,7.777777777777778
E00039368,142,42,10,32,100,88,12,29.577464788732392,7.042253521126761,22.535211267605636,70.4225352112676,61.97183098591549,8.450704225352112
E00039369,130,39,11,28,91,80,11,30,8.461538461538462,21.53846153846154,70,61.53846153846154,8.461538461538462
E00039370,121,29,10,19,92,81,11,23.96694214876033,8.264462809917356,15.702479338842975,76.03305785123968,66.94214876033058,9.090909090909092
E00039371,134,48,14,34,86,70,16,35.82089552238806,10.44776119402985,25.37313432835821,64.17910447761194,52.23880597014925,11.940298507462686
E00039372,154,58,17,41,96,91,5,37.66233766233766,11.03896103896104,26.623376623376622,62.33766233766234,59.09090909090909,3.2467532467532463
E00039373,89,23,8,15,66,58,8,25.842696629213485,8.98876404494382,16.853932584269664,74.15730337078652,65.1685393258427,8.98876404494382
E00039375,80,25,5,20,55,50,5,31.25,6.25,25,68.75,62.5,6.25
E00039376,99,34,10,24,65,57,8,34.34343434343434,10.1010101010101,24.242424242424242,65.65656565656566,57.57575757575758,8.080808080808081
E00039377,136,37,7,30,99,90,9,27.205882352941174,5.147058823529411,22.058823529411764,72.79411764705883,66.17647058823529,6.61764705882353
E00039378,153,41,15,26,112,100,12,26.797385620915033,9.803921568627452,16.99346405228758,73.20261437908496,65.359477124183,7.8431372549019605
E00039379,96,31,8,23,65,55,10,32.29166666666667,8.333333333333332,23.958333333333336,67.70833333333334,57.291666666666664,10.416666666666668
E00039380,126,38,7,31,88,78,10,30.158730158730158,5.555555555555555,24.6031746031746,69.84126984126983,61.904761904761905,7.936507936507936
E00039381,154,58,12,46,96,82,14,37.66233766233766,7.792207792207792,29.87012987012987,62.33766233766234,53.246753246753244,9.090909090909092
E00039382,197,56,12,44,141,116,25,28.426395939086298,6.091370558375635,22.33502538071066,71.57360406091371,58.88324873096447,12.690355329949238
E00039383,88,26,13,13,62,49,13,29.545454545454547,14.772727272727273,14.772727272727273,70.45454545454545,55.68181818181818,14.772727272727273
E00039384,149,46,11,35,103,95,8,30.87248322147651,7.38255033557047,23.48993288590604,69.12751677852349,63.758389261744966,5.369127516778524
E00039385,119,39,8,31,80,73,7,32.773109243697476,6.722689075630252,26.05042016806723,67.22689075630252,61.34453781512605,5.88235294117647
E00039386,114,35,11,24,79,74,5,30.701754385964914,9.649122807017543,21.052631578947366,69.2982456140351,64.91228070175438,4.385964912280701
E00039387,147,34,5,29,113,103,10,23.12925170068027,3.4013605442176873,19.727891156462583,76.87074829931973,70.06802721088435,6.802721088435375
E00039388,120,32,10,22,88,82,6,26.666666666666668,8.333333333333332,18.333333333333332,73.33333333333333,68.33333333333333,5
E00039389,144,39,8,31,105,98,7,27.083333333333332,5.555555555555555,21.52777777777778,72.91666666666666,68.05555555555556,4.861111111111112
E00039390,159,46,13,33,113,98,15,28.930817610062892,8.176100628930817,20.754716981132077,71.0691823899371,61.63522012578616,9.433962264150944
E00039391,137,32,8,24,105,90,15,23.357664233576642,5.839416058394161,17.51824817518248,76.64233576642336,65.69343065693431,10.948905109489052
E00039392,249,65,21,44,184,160,24,26.104417670682732,8.433734939759036,17.670682730923694,73.89558232931726,64.2570281124498,9.63855421686747
E00039393,129,47,11,36,82,70,12,36.434108527131784,8.527131782945736,27.906976744186046,63.565891472868216,54.263565891472865,9.30232558139535
E00039394,158,53,14,39,105,98,7,33.54430379746836,8.860759493670885,24.68354430379747,66.45569620253164,62.0253164556962,4.430379746835443
E00039395,123,47,14,33,76,69,7,38.21138211382114,11.38211382113821,26.82926829268293,61.78861788617886,56.09756097560976,5.691056910569105
E00039396,115,26,10,16,89,78,11,22.608695652173914,8.695652173913043,13.91304347826087,77.39130434782608,67.82608695652173,9.565217391304348
E00039397,171,58,17,41,113,101,12,33.91812865497076,9.941520467836257,23.976608187134502,66.08187134502924,59.06432748538012,7.017543859649122
E00039398,173,54,20,34,119,107,12,31.213872832369944,11.560693641618498,19.653179190751445,68.78612716763006,61.849710982658955,6.9364161849710975
E00039400,120,43,9,34,77,72,5,35.833333333333336,7.5,28.333333333333332,64.16666666666667,60,4.166666666666666
E00039401,105,36,13,23,69,63,6,34.285714285714285,12.380952380952381,21.904761904761905,65.71428571428571,60,5.714285714285714
E00039402,126,35,8,27,91,82,9,27.77777777777778,6.349206349206349,21.428571428571427,72.22222222222221,65.07936507936508,7.142857142857142
E00039403,111,32,15,17,79,73,6,28.82882882882883,13.513513513513514,15.315315315315313,71.17117117117117,65.76576576576578,5.405405405405405
E00039404,114,34,9,25,80,67,13,29.82456140350877,7.894736842105263,21.929824561403507,70.17543859649122,58.77192982456141,11.403508771929824
E00039405,63,18,1,17,45,38,7,28.57142857142857,1.5873015873015872,26.984126984126984,71.42857142857143,60.317460317460316,11.11111111111111
E00039406,105,25,6,19,80,72,8,23.809523809523807,5.714285714285714,18.095238095238095,76.19047619047619,68.57142857142857,7.6190476190476195
E00039407,75,25,6,19,50,47,3,33.33333333333333,8,25.333333333333336,66.66666666666666,62.66666666666667,4
E00039408,167,37,16,21,130,116,14,22.15568862275449,9.580838323353294,12.574850299401197,77.84431137724552,69.46107784431138,8.383233532934131
E00039409,229,62,19,43,167,148,19,27.074235807860266,8.296943231441048,18.777292576419214,72.92576419213974,64.62882096069869,8.296943231441048
E00039411,253,69,19,50,184,143,41,27.27272727272727,7.5098814229249005,19.76284584980237,72.72727272727273,56.52173913043478,16.205533596837945
E00039412,108,39,12,27,69,60,9,36.11111111111111,11.11111111111111,25,63.888888888888886,55.55555555555556,8.333333333333332
E00039413,91,32,7,25,59,54,5,35.16483516483517,7.6923076923076925,27.472527472527474,64.83516483516483,59.34065934065934,5.4945054945054945
E00039414,130,42,10,32,88,78,10,32.30769230769231,7.6923076923076925,24.615384615384617,67.6923076923077,60,7.6923076923076925
E00039415,133,45,22,23,88,77,11,33.83458646616541,16.541353383458645,17.293233082706767,66.16541353383458,57.89473684210527,8.270676691729323
E00039416,84,22,6,16,62,53,9,26.190476190476193,7.142857142857142,19.047619047619047,73.80952380952381,63.095238095238095,10.714285714285714
E00039417,91,25,4,21,66,60,6,27.472527472527474,4.395604395604396,23.076923076923077,72.52747252747253,65.93406593406593,6.593406593406594
E00039418,109,36,9,27,73,59,14,33.02752293577982,8.256880733944955,24.770642201834864,66.97247706422019,54.12844036697248,12.844036697247708
E00039419,151,45,10,35,106,88,18,29.80132450331126,6.622516556291391,23.178807947019866,70.19867549668875,58.27814569536424,11.920529801324504
E00039420,35,14,3,11,21,20,1,40,8.571428571428571,31.428571428571427,60,57.14285714285714,2.857142857142857
E00039421,103,36,5,31,67,60,7,34.95145631067961,4.854368932038835,30.097087378640776,65.0485436893204,58.252427184466015,6.796116504854369
E00039422,108,27,7,20,81,70,11,25,6.481481481481481,18.51851851851852,75,64.81481481481481,10.185185185185185
E00039423,70,22,9,13,48,44,4,31.428571428571427,12.857142857142856,18.571428571428573,68.57142857142857,62.857142857142854,5.714285714285714
E00039425,115,35,6,29,80,73,7,30.434782608695656,5.217391304347826,25.217391304347824,69.56521739130434,63.47826086956522,6.086956521739131
E00039426,139,33,11,22,106,92,14,23.741007194244602,7.913669064748201,15.827338129496402,76.2589928057554,66.18705035971223,10.071942446043165
E00039427,81,25,5,20,56,52,4,30.864197530864196,6.172839506172839,24.691358024691358,69.1358024691358,64.19753086419753,4.938271604938271
E00039428,153,49,11,38,104,97,7,32.02614379084967,7.18954248366013,24.836601307189543,67.97385620915033,63.39869281045751,4.57516339869281
E00039429,128,43,10,33,85,76,9,33.59375,7.8125,25.78125,66.40625,59.375,7.03125
E00039430,118,36,5,31,82,67,15,30.508474576271187,4.23728813559322,26.27118644067797,69.49152542372882,56.779661016949156,12.711864406779661
E00039431,122,38,12,26,84,76,8,31.147540983606557,9.836065573770492,21.311475409836063,68.85245901639344,62.295081967213115,6.557377049180328
E00039432,111,27,6,21,84,78,6,24.324324324324326,5.405405405405405,18.91891891891892,75.67567567567568,70.27027027027027,5.405405405405405
E00039433,135,44,9,35,91,81,10,32.592592592592595,6.666666666666667,25.925925925925924,67.4074074074074,60,7.4074074074074066
E00039434,132,39,12,27,93,86,7,29.545454545454547,9.090909090909092,20.454545454545457,70.45454545454545,65.15151515151516,5.303030303030303
E00039435,80,27,10,17,53,46,7,33.75,12.5,21.25,66.25,57.49999999999999,8.75
E00039436,114,40,14,26,74,61,13,35.08771929824561,12.280701754385964,22.807017543859647,64.91228070175438,53.50877192982456,11.403508771929824
E00039437,243,73,29,44,170,145,25,30.04115226337449,11.934156378600823,18.106995884773664,69.95884773662551,59.67078189300411,10.2880658436214
E00039438,167,56,16,40,111,95,16,33.532934131736525,9.580838323353294,23.952095808383234,66.46706586826348,56.886227544910184,9.580838323353294
E00039439,187,45,14,31,142,121,21,24.06417112299465,7.4866310160427805,16.577540106951872,75.93582887700535,64.70588235294117,11.229946524064172
E00039440,90,24,4,20,66,54,12,26.666666666666668,4.444444444444445,22.22222222222222,73.33333333333333,60,13.333333333333334
E00039441,174,49,13,36,125,108,17,28.160919540229884,7.471264367816093,20.689655172413794,71.83908045977012,62.06896551724138,9.770114942528735
E00039442,103,31,12,19,72,64,8,30.097087378640776,11.650485436893204,18.446601941747574,69.90291262135922,62.13592233009708,7.766990291262135
E00039443,119,33,11,22,86,81,5,27.73109243697479,9.243697478991598,18.487394957983195,72.26890756302521,68.0672268907563,4.201680672268908
E00039444,149,44,12,32,105,86,19,29.53020134228188,8.053691275167784,21.476510067114095,70.46979865771812,57.71812080536913,12.751677852348994
E00039445,166,65,22,43,101,82,19,39.1566265060241,13.253012048192772,25.903614457831324,60.8433734939759,49.39759036144578,11.44578313253012
E00039446,184,54,19,35,130,112,18,29.347826086956523,10.326086956521738,19.021739130434785,70.65217391304348,60.86956521739131,9.782608695652174
E00039447,92,27,11,16,65,59,6,29.347826086956523,11.956521739130435,17.391304347826086,70.65217391304348,64.13043478260869,6.521739130434782
E00039448,101,40,11,29,61,55,6,39.603960396039604,10.891089108910892,28.71287128712871,60.396039603960396,54.45544554455446,5.9405940594059405
E00039449,78,22,9,13,56,46,10,28.205128205128204,11.538461538461538,16.666666666666664,71.7948717948718,58.97435897435898,12.82051282051282
E00039450,124,26,7,19,98,82,16,20.967741935483872,5.64516129032258,15.32258064516129,79.03225806451613,66.12903225806451,12.903225806451612
E00039451,88,24,12,12,64,59,5,27.27272727272727,13.636363636363635,13.636363636363635,72.72727272727273,67.04545454545455,5.681818181818182
E00039452,107,35,17,18,72,61,11,32.71028037383177,15.887850467289718,16.822429906542055,67.28971962616822,57.009345794392516,10.2803738317757
E00039453,156,45,7,38,111,89,22,28.846153846153843,4.487179487179487,24.358974358974358,71.15384615384616,57.05128205128205,14.102564102564102
E00039454,210,63,18,45,147,127,20,30,8.571428571428571,21.428571428571427,70,60.476190476190474,9.523809523809524
E00039455,107,27,6,21,80,67,13,25.233644859813083,5.607476635514018,19.626168224299064,74.76635514018692,62.616822429906534,12.149532710280374
E00039456,162,57,17,40,105,93,12,35.18518518518518,10.493827160493826,24.691358024691358,64.81481481481481,57.407407407407405,7.4074074074074066
E00039457,126,36,10,26,90,76,14,28.57142857142857,7.936507936507936,20.634920634920633,71.42857142857143,60.317460317460316,11.11111111111111
E00039458,133,34,9,25,99,80,19,25.563909774436087,6.7669172932330826,18.796992481203006,74.43609022556392,60.150375939849624,14.285714285714285
E00039459,100,31,8,23,69,58,11,31,8,23,69,57.99999999999999,11
E00039460,155,51,16,35,104,89,15,32.903225806451616,10.32258064516129,22.58064516129032,67.0967741935484,57.41935483870968,9.67741935483871
E00039461,141,38,10,28,103,94,9,26.95035460992908,7.092198581560284,19.858156028368796,73.04964539007092,66.66666666666666,6.382978723404255
E00039462,156,32,9,23,124,106,18,20.51282051282051,5.769230769230769,14.743589743589745,79.48717948717949,67.94871794871796,11.538461538461538
E00039463,135,41,16,25,94,66,28,30.37037037037037,11.851851851851853,18.51851851851852,69.62962962962963,48.888888888888886,20.74074074074074
E00039464,48,9,1,8,39,34,5,18.75,2.083333333333333,16.666666666666664,81.25,70.83333333333334,10.416666666666668
E00039465,99,32,11,21,67,44,23,32.323232323232325,11.11111111111111,21.21212121212121,67.67676767676768,44.44444444444444,23.232323232323232
E00039466,110,27,5,22,83,73,10,24.545454545454547,4.545454545454546,20,75.45454545454545,66.36363636363637,9.090909090909092
E00039468,116,33,13,20,83,56,27,28.448275862068968,11.206896551724139,17.24137931034483,71.55172413793103,48.275862068965516,23.275862068965516
E00039469,131,36,21,15,95,82,13,27.480916030534353,16.030534351145036,11.450381679389313,72.51908396946564,62.59541984732825,9.923664122137405
E00039470,109,37,13,24,72,60,12,33.94495412844037,11.926605504587156,22.018348623853214,66.05504587155964,55.04587155963303,11.009174311926607
E00039471,177,47,14,33,130,102,28,26.55367231638418,7.909604519774012,18.64406779661017,73.44632768361582,57.6271186440678,15.819209039548024
E00039472,172,64,19,45,108,93,15,37.2093023255814,11.046511627906977,26.16279069767442,62.7906976744186,54.06976744186046,8.720930232558139
E00039473,138,32,8,24,106,94,12,23.18840579710145,5.797101449275362,17.391304347826086,76.81159420289855,68.11594202898551,8.695652173913043
E00039474,117,31,7,24,86,78,8,26.495726495726498,5.982905982905983,20.51282051282051,73.50427350427351,66.66666666666666,6.837606837606838
E00039475,145,43,11,32,102,91,11,29.655172413793103,7.586206896551724,22.06896551724138,70.34482758620689,62.758620689655174,7.586206896551724
E00039476,100,32,7,25,68,56,12,32,7.000000000000001,25,68,56.00000000000001,12
E00039477,116,48,21,27,68,62,6,41.37931034482759,18.103448275862068,23.275862068965516,58.620689655172406,53.44827586206896,5.172413793103448
E00039478,92,29,7,22,63,54,9,31.521739130434785,7.608695652173914,23.91304347826087,68.47826086956522,58.69565217391305,9.782608695652174
E00039479,116,36,11,25,80,74,6,31.03448275862069,9.482758620689655,21.551724137931032,68.96551724137932,63.793103448275865,5.172413793103448
E00039480,79,19,3,16,60,49,11,24.050632911392405,3.79746835443038,20.253164556962027,75.9493670886076,62.0253164556962,13.924050632911392
E00039481,104,35,12,23,69,61,8,33.65384615384615,11.538461538461538,22.115384615384613,66.34615384615384,58.65384615384615,7.6923076923076925
E00039482,84,20,9,11,64,56,8,23.809523809523807,10.714285714285714,13.095238095238097,76.19047619047619,66.66666666666666,9.523809523809524
E00039483,176,60,20,40,116,101,15,34.090909090909086,11.363636363636363,22.727272727272727,65.9090909090909,57.38636363636363,8.522727272727272
E00039484,132,47,18,29,85,72,13,35.60606060606061,13.636363636363635,21.96969696969697,64.39393939393939,54.54545454545454,9.848484848484848
E00039485,104,25,7,18,79,70,9,24.03846153846154,6.730769230769231,17.307692307692307,75.96153846153845,67.3076923076923,8.653846153846153
E00039486,170,60,17,43,110,104,6,35.294117647058826,10,25.294117647058822,64.70588235294117,61.1764705882353,3.5294117647058822
E00039487,163,61,11,50,102,91,11,37.423312883435585,6.748466257668712,30.67484662576687,62.57668711656442,55.828220858895705,6.748466257668712
E00039488,99,34,13,21,65,56,9,34.34343434343434,13.131313131313133,21.21212121212121,65.65656565656566,56.56565656565656,9.090909090909092
E00039489,116,35,8,27,81,72,9,30.17241379310345,6.896551724137931,23.275862068965516,69.82758620689656,62.06896551724138,7.758620689655173
E00039490,115,39,17,22,76,65,11,33.91304347826087,14.782608695652174,19.130434782608695,66.08695652173913,56.52173913043478,9.565217391304348
E00039491,49,15,5,10,34,29,5,30.612244897959183,10.204081632653061,20.408163265306122,69.38775510204081,59.183673469387756,10.204081632653061
E00039492,150,32,7,25,118,105,13,21.333333333333336,4.666666666666667,16.666666666666664,78.66666666666666,70,8.666666666666668
E00039494,134,51,11,40,83,72,11,38.059701492537314,8.208955223880597,29.850746268656714,61.940298507462686,53.73134328358209,8.208955223880597
E00039495,115,24,8,16,91,73,18,20.869565217391305,6.956521739130435,13.91304347826087,79.13043478260869,63.47826086956522,15.65217391304348
E00039496,84,25,6,19,59,53,6,29.761904761904763,7.142857142857142,22.61904761904762,70.23809523809523,63.095238095238095,7.142857142857142
E00039497,127,29,6,23,98,88,10,22.83464566929134,4.724409448818897,18.11023622047244,77.16535433070865,69.29133858267717,7.874015748031496
E00039498,128,35,9,26,93,79,14,27.34375,7.03125,20.3125,72.65625,61.71875,10.9375
E00039499,143,48,9,39,95,80,15,33.56643356643357,6.293706293706294,27.27272727272727,66.43356643356644,55.94405594405595,10.48951048951049
E00039500,103,29,6,23,74,61,13,28.155339805825243,5.825242718446602,22.330097087378643,71.84466019417476,59.22330097087378,12.62135922330097
E00039501,136,36,14,22,100,88,12,26.47058823529412,10.294117647058822,16.176470588235293,73.52941176470588,64.70588235294117,8.823529411764707
E00039502,105,30,11,19,75,63,12,28.57142857142857,10.476190476190476,18.095238095238095,71.42857142857143,60,11.428571428571429
E00039503,98,39,12,27,59,54,5,39.795918367346935,12.244897959183673,27.55102040816326,60.204081632653065,55.10204081632652,5.1020408163265305
E00039504,87,29,6,23,58,53,5,33.33333333333333,6.896551724137931,26.436781609195403,66.66666666666666,60.91954022988506,5.747126436781609
E00039505,101,40,7,33,61,49,12,39.603960396039604,6.9306930693069315,32.67326732673268,60.396039603960396,48.51485148514851,11.881188118811881
E00039506,139,53,11,42,86,77,9,38.1294964028777,7.913669064748201,30.215827338129497,61.87050359712231,55.39568345323741,6.474820143884892
E00039507,134,45,12,33,89,77,12,33.582089552238806,8.955223880597014,24.62686567164179,66.4179104477612,57.46268656716418,8.955223880597014
E00039508,119,35,5,30,84,73,11,29.411764705882355,4.201680672268908,25.210084033613445,70.58823529411765,61.34453781512605,9.243697478991598
E00039509,139,45,12,33,94,81,13,32.37410071942446,8.633093525179856,23.741007194244602,67.62589928057554,58.27338129496403,9.352517985611511
E00039510,162,41,14,27,121,98,23,25.308641975308642,8.641975308641975,16.666666666666664,74.69135802469135,60.49382716049383,14.19753086419753
E00039511,129,34,7,27,95,88,7,26.356589147286826,5.426356589147287,20.930232558139537,73.64341085271317,68.21705426356588,5.426356589147287
E00039512,88,20,3,17,68,64,4,22.727272727272727,3.4090909090909087,19.318181818181817,77.27272727272727,72.72727272727273,4.545454545454546
E00039513,144,44,14,30,100,91,9,30.555555555555557,9.722222222222223,20.833333333333336,69.44444444444444,63.19444444444444,6.25
E00039514,164,51,12,39,113,96,17,31.097560975609756,7.317073170731707,23.78048780487805,68.90243902439023,58.536585365853654,10.365853658536585
E00039515,136,43,11,32,93,79,14,31.61764705882353,8.088235294117647,23.52941176470588,68.38235294117648,58.08823529411765,10.294117647058822
E00039516,125,42,17,25,83,71,12,33.6,13.600000000000001,20,66.4,56.8,9.6
E00039517,155,56,19,37,99,90,9,36.12903225806451,12.258064516129032,23.870967741935484,63.87096774193548,58.06451612903226,5.806451612903226
E00039518,136,39,7,32,97,85,12,28.676470588235293,5.147058823529411,23.52941176470588,71.32352941176471,62.5,8.823529411764707
E00039519,110,39,8,31,71,66,5,35.45454545454545,7.2727272727272725,28.18181818181818,64.54545454545455,60,4.545454545454546
E00039520,107,32,7,25,75,66,9,29.906542056074763,6.5420560747663545,23.364485981308412,70.09345794392523,61.6822429906542,8.411214953271028
E00039521,116,28,8,20,88,75,13,24.137931034482758,6.896551724137931,17.24137931034483,75.86206896551724,64.65517241379311,11.206896551724139
E00039522,110,40,13,27,70,61,9,36.36363636363637,11.818181818181818,24.545454545454547,63.63636363636363,55.45454545454545,8.181818181818182
E00039523,142,45,10,35,97,91,6,31.690140845070424,7.042253521126761,24.647887323943664,68.30985915492957,64.08450704225352,4.225352112676056
E00039524,217,76,19,57,141,124,17,35.02304147465438,8.755760368663594,26.26728110599078,64.97695852534562,57.14285714285714,7.834101382488479
E00039525,116,40,11,29,76,70,6,34.48275862068966,9.482758620689655,25,65.51724137931035,60.3448275862069,5.172413793103448
E00039526,110,44,8,36,66,58,8,40,7.2727272727272725,32.72727272727273,60,52.72727272727272,7.2727272727272725
E00039528,117,37,12,25,80,68,12,31.62393162393162,10.256410256410255,21.367521367521366,68.37606837606837,58.119658119658126,10.256410256410255
E00039529,89,28,11,17,61,52,9,31.46067415730337,12.359550561797752,19.101123595505616,68.53932584269663,58.42696629213483,10.112359550561797
E00039530,137,53,11,42,84,72,12,38.68613138686132,8.02919708029197,30.656934306569344,61.31386861313869,52.55474452554745,8.75912408759124
E00039531,108,35,11,24,73,62,11,32.407407407407405,10.185185185185185,22.22222222222222,67.5925925925926,57.407407407407405,10.185185185185185
E00039532,156,53,19,34,103,85,18,33.97435897435898,12.179487179487179,21.794871794871796,66.02564102564102,54.48717948717948,11.538461538461538
E00039533,141,54,10,44,87,80,7,38.297872340425535,7.092198581560284,31.20567375886525,61.702127659574465,56.73758865248227,4.964539007092199
E00039534,128,38,7,31,90,78,12,29.6875,5.46875,24.21875,70.3125,60.9375,9.375
E00039535,118,37,7,30,81,68,13,31.35593220338983,5.932203389830509,25.423728813559322,68.64406779661016,57.6271186440678,11.016949152542372
E00039536,112,39,7,32,73,66,7,34.82142857142857,6.25,28.57142857142857,65.17857142857143,58.92857142857143,6.25
E00039537,139,42,10,32,97,92,5,30.215827338129497,7.1942446043165464,23.021582733812952,69.7841726618705,66.18705035971223,3.5971223021582732
E00039538,138,40,12,28,98,85,13,28.985507246376812,8.695652173913043,20.28985507246377,71.01449275362319,61.59420289855072,9.420289855072465
E00039539,162,56,19,37,106,89,17,34.5679012345679,11.728395061728394,22.839506172839506,65.4320987654321,54.93827160493827,10.493827160493826
E00039540,126,32,5,27,94,78,16,25.396825396825395,3.968253968253968,21.428571428571427,74.60317460317461,61.904761904761905,12.698412698412698
E00039541,151,43,14,29,108,91,17,28.47682119205298,9.271523178807946,19.205298013245034,71.52317880794702,60.264900662251655,11.258278145695364
E00039542,172,47,11,36,125,107,18,27.325581395348834,6.395348837209303,20.930232558139537,72.67441860465115,62.2093023255814,10.465116279069768
E00039543,144,34,12,22,110,94,16,23.61111111111111,8.333333333333332,15.277777777777779,76.38888888888889,65.27777777777779,11.11111111111111
E00039544,171,50,16,34,121,89,32,29.239766081871345,9.35672514619883,19.883040935672515,70.76023391812866,52.046783625730995,18.71345029239766
E00039545,152,47,10,37,105,92,13,30.92105263157895,6.578947368421052,24.342105263157894,69.07894736842105,60.526315789473685,8.552631578947368
E00039546,101,35,13,22,66,55,11,34.65346534653465,12.871287128712872,21.782178217821784,65.34653465346535,54.45544554455446,10.891089108910892
E00039547,148,47,13,34,101,86,15,31.756756756756754,8.783783783783784,22.972972972972975,68.24324324324324,58.108108108108105,10.135135135135135
E00039548,114,27,11,16,87,74,13,23.684210526315788,9.649122807017543,14.035087719298245,76.31578947368422,64.91228070175438,11.403508771929824
E00039549,281,76,34,42,205,167,38,27.046263345195733,12.099644128113878,14.94661921708185,72.95373665480427,59.430604982206404,13.523131672597867
E00039550,87,26,7,19,61,53,8,29.88505747126437,8.045977011494253,21.839080459770116,70.11494252873564,60.91954022988506,9.195402298850574
E00039552,88,27,10,17,61,56,5,30.681818181818183,11.363636363636363,19.318181818181817,69.31818181818183,63.63636363636363,5.681818181818182
E00039553,131,34,6,28,97,80,17,25.954198473282442,4.580152671755725,21.374045801526716,74.04580152671755,61.06870229007634,12.977099236641221
E00039554,70,15,2,13,55,43,12,21.428571428571427,2.857142857142857,18.571428571428573,78.57142857142857,61.42857142857143,17.142857142857142
E00039555,96,32,6,26,64,50,14,33.33333333333333,6.25,27.083333333333332,66.66666666666666,52.083333333333336,14.583333333333334
E00039556,116,32,14,18,84,71,13,27.586206896551722,12.068965517241379,15.517241379310345,72.41379310344827,61.206896551724135,11.206896551724139
E00039557,103,21,13,8,82,69,13,20.388349514563107,12.62135922330097,7.766990291262135,79.6116504854369,66.99029126213593,12.62135922330097
E00039558,281,81,17,64,200,169,31,28.825622775800714,6.049822064056939,22.77580071174377,71.17437722419929,60.14234875444839,11.032028469750891
E00039559,125,35,9,26,90,74,16,28.000000000000004,7.199999999999999,20.8,72,59.199999999999996,12.8
E00039560,139,36,12,24,103,84,19,25.899280575539567,8.633093525179856,17.26618705035971,74.10071942446042,60.431654676258994,13.66906474820144
E00039561,88,28,10,18,60,48,12,31.818181818181817,11.363636363636363,20.454545454545457,68.18181818181817,54.54545454545454,13.636363636363635
E00039562,154,32,7,25,122,104,18,20.77922077922078,4.545454545454546,16.233766233766232,79.22077922077922,67.53246753246754,11.688311688311687
E00039563,100,30,7,23,70,61,9,30,7.000000000000001,23,70,61,9
E00039564,124,39,13,26,85,66,19,31.451612903225808,10.483870967741936,20.967741935483872,68.54838709677419,53.2258064516129,15.32258064516129
E00039565,167,50,19,31,117,104,13,29.94011976047904,11.377245508982035,18.562874251497004,70.05988023952095,62.27544910179641,7.784431137724551
E00039566,95,34,13,21,61,55,6,35.78947368421053,13.684210526315791,22.105263157894736,64.21052631578948,57.89473684210527,6.315789473684211
E00039567,118,33,9,24,85,70,15,27.966101694915253,7.627118644067797,20.33898305084746,72.03389830508475,59.32203389830508,12.711864406779661
E00039568,93,31,16,15,62,43,19,33.33333333333333,17.20430107526882,16.129032258064516,66.66666666666666,46.236559139784944,20.43010752688172
E00039569,130,51,13,38,79,68,11,39.23076923076923,10,29.230769230769234,60.76923076923077,52.307692307692314,8.461538461538462
E00039570,123,40,6,34,83,75,8,32.52032520325203,4.878048780487805,27.64227642276423,67.47967479674797,60.97560975609756,6.504065040650407
E00039571,111,39,11,28,72,60,12,35.13513513513514,9.90990990990991,25.225225225225223,64.86486486486487,54.054054054054056,10.81081081081081
E00039572,142,35,10,25,107,93,14,24.647887323943664,7.042253521126761,17.6056338028169,75.35211267605634,65.49295774647888,9.859154929577464
E00039573,94,36,15,21,58,52,6,38.297872340425535,15.957446808510639,22.340425531914892,61.702127659574465,55.319148936170215,6.382978723404255
E00039574,63,19,3,16,44,37,7,30.158730158730158,4.761904761904762,25.396825396825395,69.84126984126983,58.730158730158735,11.11111111111111
E00039575,106,34,14,20,72,63,9,32.075471698113205,13.20754716981132,18.867924528301888,67.9245283018868,59.43396226415094,8.49056603773585
E00039576,96,32,7,25,64,55,9,33.33333333333333,7.291666666666667,26.041666666666668,66.66666666666666,57.291666666666664,9.375
E00039577,117,36,10,26,81,67,14,30.76923076923077,8.547008547008547,22.22222222222222,69.23076923076923,57.26495726495726,11.965811965811966
E00039578,183,58,23,35,125,99,26,31.693989071038253,12.568306010928962,19.12568306010929,68.30601092896174,54.09836065573771,14.207650273224044
E00039579,123,38,14,24,85,73,12,30.89430894308943,11.38211382113821,19.51219512195122,69.10569105691057,59.34959349593496,9.75609756097561
E00039580,107,30,11,19,77,61,16,28.037383177570092,10.2803738317757,17.75700934579439,71.96261682242991,57.009345794392516,14.953271028037381
E00039581,110,34,11,23,76,64,12,30.909090909090907,10,20.909090909090907,69.0909090909091,58.18181818181818,10.909090909090908
E00039582,120,33,6,27,87,76,11,27.500000000000004,5,22.5,72.5,63.33333333333333,9.166666666666666
E00039583,139,51,12,39,88,75,13,36.69064748201439,8.633093525179856,28.05755395683453,63.30935251798561,53.956834532374096,9.352517985611511
E00039584,152,44,12,32,108,90,18,28.947368421052634,7.894736842105263,21.052631578947366,71.05263157894737,59.210526315789465,11.842105263157894
E00039585,207,56,19,37,151,126,25,27.053140096618357,9.178743961352657,17.874396135265698,72.94685990338165,60.86956521739131,12.077294685990339
E00039586,92,28,10,18,64,54,10,30.434782608695656,10.869565217391305,19.565217391304348,69.56521739130434,58.69565217391305,10.869565217391305
E00039587,80,23,7,16,57,49,8,28.749999999999996,8.75,20,71.25,61.25000000000001,10
E00039588,149,30,8,22,119,111,8,20.13422818791946,5.369127516778524,14.76510067114094,79.86577181208054,74.49664429530202,5.369127516778524
E00039589,185,51,10,41,134,115,19,27.56756756756757,5.405405405405405,22.162162162162165,72.43243243243244,62.16216216216216,10.27027027027027
E00039590,85,34,11,23,51,46,5,40,12.941176470588237,27.058823529411764,60,54.11764705882353,5.88235294117647
E00039591,123,35,13,22,88,79,9,28.455284552845526,10.569105691056912,17.88617886178862,71.54471544715447,64.22764227642277,7.317073170731707
E00039592,159,44,18,26,115,100,15,27.67295597484277,11.320754716981133,16.352201257861633,72.32704402515722,62.893081761006286,9.433962264150944
E00039593,247,81,22,59,166,137,29,32.79352226720648,8.906882591093117,23.88663967611336,67.20647773279353,55.465587044534416,11.740890688259109
E00039594,129,41,15,26,88,77,11,31.782945736434108,11.627906976744185,20.155038759689923,68.21705426356588,59.68992248062015,8.527131782945736
E00039595,127,40,10,30,87,70,17,31.496062992125985,7.874015748031496,23.62204724409449,68.50393700787401,55.118110236220474,13.385826771653544
E00039596,139,41,21,20,98,85,13,29.496402877697843,15.107913669064748,14.388489208633093,70.50359712230215,61.15107913669065,9.352517985611511
E00039597,164,54,11,43,110,95,15,32.926829268292686,6.707317073170732,26.21951219512195,67.07317073170732,57.92682926829268,9.146341463414634
E00039598,175,52,16,36,123,103,20,29.714285714285715,9.142857142857142,20.57142857142857,70.28571428571428,58.857142857142854,11.428571428571429
E00039599,142,32,13,19,110,93,17,22.535211267605636,9.15492957746479,13.380281690140844,77.46478873239437,65.49295774647888,11.971830985915492
E00039600,149,45,9,36,104,90,14,30.201342281879196,6.0402684563758395,24.161073825503358,69.79865771812081,60.40268456375839,9.395973154362416
E00039602,150,36,10,26,114,99,15,24,6.666666666666667,17.333333333333336,76,66,10
E00039603,141,47,10,37,94,87,7,33.33333333333333,7.092198581560284,26.24113475177305,66.66666666666666,61.702127659574465,4.964539007092199
E00039604,47,18,9,9,29,29,0,38.297872340425535,19.148936170212767,19.148936170212767,61.702127659574465,61.702127659574465,0
E00039605,70,26,9,17,44,36,8,37.142857142857146,12.857142857142856,24.285714285714285,62.857142857142854,51.42857142857142,11.428571428571429
E00039606,118,33,12,21,85,81,4,27.966101694915253,10.16949152542373,17.796610169491526,72.03389830508475,68.64406779661016,3.389830508474576
E00039607,120,33,11,22,87,72,15,27.500000000000004,9.166666666666666,18.333333333333332,72.5,60,12.5
E00039608,118,35,6,29,83,83,0,29.66101694915254,5.084745762711865,24.576271186440678,70.33898305084746,70.33898305084746,0
E00039609,114,35,6,29,79,64,15,30.701754385964914,5.263157894736842,25.438596491228072,69.2982456140351,56.14035087719298,13.157894736842104
E00039610,127,39,9,30,88,72,16,30.708661417322837,7.086614173228346,23.62204724409449,69.29133858267717,56.69291338582677,12.598425196850393
E00039611,138,48,11,37,90,82,8,34.78260869565217,7.971014492753622,26.811594202898554,65.21739130434783,59.42028985507246,5.797101449275362
E00039612,66,22,9,13,44,39,5,33.33333333333333,13.636363636363635,19.696969696969695,66.66666666666666,59.09090909090909,7.575757575757576
E00039613,79,30,4,26,49,41,8,37.9746835443038,5.063291139240507,32.91139240506329,62.0253164556962,51.89873417721519,10.126582278481013
E00039614,141,48,21,27,93,81,12,34.04255319148936,14.893617021276595,19.148936170212767,65.95744680851064,57.446808510638306,8.51063829787234
E00039615,141,39,12,27,102,90,12,27.659574468085108,8.51063829787234,19.148936170212767,72.3404255319149,63.829787234042556,8.51063829787234
E00039616,136,44,10,34,92,81,11,32.35294117647059,7.352941176470589,25,67.64705882352942,59.55882352941176,8.088235294117647
E00039617,103,32,8,24,71,51,20,31.06796116504854,7.766990291262135,23.300970873786408,68.93203883495146,49.51456310679612,19.41747572815534
E00039618,129,36,12,24,93,80,13,27.906976744186046,9.30232558139535,18.6046511627907,72.09302325581395,62.01550387596899,10.077519379844961
E00168753,152,52,14,38,100,87,13,34.21052631578947,9.210526315789473,25,65.78947368421053,57.23684210526315,8.552631578947368
E00168754,178,39,7,32,139,107,32,21.910112359550563,3.932584269662921,17.97752808988764,78.08988764044943,60.1123595505618,17.97752808988764
E00168755,124,36,14,22,88,69,19,29.03225806451613,11.29032258064516,17.741935483870968,70.96774193548387,55.64516129032258,15.32258064516129
E00168756,185,32,10,22,153,136,17,17.2972972972973,5.405405405405405,11.891891891891893,82.70270270270271,73.51351351351352,9.18918918918919
E00168757,204,58,20,38,146,129,17,28.431372549019606,9.803921568627452,18.627450980392158,71.56862745098039,63.23529411764706,8.333333333333332
E00168758,106,24,4,20,82,73,9,22.641509433962266,3.7735849056603774,18.867924528301888,77.35849056603774,68.86792452830188,8.49056603773585
E00168759,106,33,8,25,73,63,10,31.132075471698112,7.547169811320755,23.58490566037736,68.86792452830188,59.43396226415094,9.433962264150944
E00168761,262,38,11,27,224,191,33,14.50381679389313,4.198473282442748,10.305343511450381,85.49618320610686,72.90076335877863,12.595419847328243
E00168762,163,39,19,20,124,112,12,23.92638036809816,11.65644171779141,12.269938650306749,76.07361963190185,68.71165644171779,7.361963190184049
E00168764,200,47,14,33,153,122,31,23.5,7.000000000000001,16.5,76.5,61,15.5
E00168765,171,45,14,31,126,107,19,26.31578947368421,8.187134502923977,18.128654970760234,73.68421052631578,62.57309941520468,11.11111111111111
E00168766,165,38,10,28,127,111,16,23.03030303030303,6.0606060606060606,16.969696969696972,76.96969696969697,67.27272727272727,9.696969696969697
E00168767,176,33,4,29,143,128,15,18.75,2.272727272727273,16.477272727272727,81.25,72.72727272727273,8.522727272727272
E00168768,165,33,5,28,132,114,18,20,3.0303030303030303,16.969696969696972,80,69.0909090909091,10.909090909090908
E00168769,133,41,7,34,92,81,11,30.82706766917293,5.263157894736842,25.563909774436087,69.17293233082707,60.902255639097746,8.270676691729323
E00168770,213,58,14,44,155,127,28,27.230046948356808,6.572769953051644,20.657276995305164,72.76995305164318,59.624413145539904,13.145539906103288
E00168771,215,45,13,32,170,151,19,20.930232558139537,6.046511627906977,14.883720930232558,79.06976744186046,70.23255813953489,8.837209302325581
E00168772,99,31,12,19,68,62,6,31.313131313131315,12.121212121212121,19.19191919191919,68.68686868686868,62.62626262626263,6.0606060606060606
E00168773,298,70,21,49,228,198,30,23.48993288590604,7.046979865771812,16.44295302013423,76.51006711409396,66.44295302013423,10.06711409395973
E00168774,191,46,8,38,145,126,19,24.083769633507853,4.18848167539267,19.895287958115183,75.91623036649214,65.96858638743456,9.947643979057592
E00168775,184,51,21,30,133,110,23,27.717391304347828,11.41304347826087,16.304347826086957,72.28260869565217,59.78260869565217,12.5
E00168776,206,40,12,28,166,146,20,19.41747572815534,5.825242718446602,13.592233009708737,80.58252427184466,70.87378640776699,9.70873786407767
E00168777,161,42,16,26,119,103,16,26.08695652173913,9.937888198757763,16.149068322981368,73.91304347826086,63.975155279503106,9.937888198757763
E00168778,184,33,9,24,151,134,17,17.934782608695652,4.891304347826087,13.043478260869565,82.06521739130434,72.82608695652173,9.239130434782608
E00168779,106,29,11,18,77,66,11,27.358490566037734,10.377358490566039,16.9811320754717,72.64150943396226,62.264150943396224,10.377358490566039
E00168780,113,33,6,27,80,70,10,29.20353982300885,5.3097345132743365,23.893805309734514,70.79646017699115,61.94690265486725,8.849557522123893
E00168781,139,28,5,23,111,104,7,20.14388489208633,3.5971223021582732,16.546762589928058,79.85611510791367,74.82014388489209,5.0359712230215825
E00168782,162,44,14,30,118,100,18,27.160493827160494,8.641975308641975,18.51851851851852,72.8395061728395,61.72839506172839,11.11111111111111
E00168783,159,44,8,36,115,99,16,27.67295597484277,5.031446540880504,22.641509433962266,72.32704402515722,62.264150943396224,10.062893081761008
E00168784,137,37,15,22,100,85,15,27.00729927007299,10.948905109489052,16.05839416058394,72.99270072992701,62.04379562043796,10.948905109489052
E00168785,115,31,7,24,84,73,11,26.956521739130434,6.086956521739131,20.869565217391305,73.04347826086956,63.47826086956522,9.565217391304348
E00168787,98,28,9,19,70,62,8,28.57142857142857,9.183673469387756,19.387755102040817,71.42857142857143,63.26530612244898,8.16326530612245
E00168788,123,36,8,28,87,72,15,29.268292682926827,6.504065040650407,22.76422764227642,70.73170731707317,58.536585365853654,12.195121951219512
E00168789,117,30,11,19,87,72,15,25.64102564102564,9.401709401709402,16.23931623931624,74.35897435897436,61.53846153846154,12.82051282051282
E00168790,147,42,12,30,105,97,8,28.57142857142857,8.16326530612245,20.408163265306122,71.42857142857143,65.98639455782312,5.442176870748299
E00168791,107,44,15,29,63,57,6,41.1214953271028,14.018691588785046,27.102803738317753,58.87850467289719,53.271028037383175,5.607476635514018
E00182649,186,49,11,38,137,122,15,26.344086021505376,5.913978494623656,20.43010752688172,73.65591397849462,65.59139784946237,8.064516129032258
E00182650,268,62,16,46,206,168,38,23.134328358208954,5.970149253731343,17.16417910447761,76.86567164179104,62.68656716417911,14.17910447761194
E00182654,301,58,14,44,243,211,32,19.269102990033225,4.651162790697675,14.61794019933555,80.73089700996677,70.09966777408638,10.631229235880399
E00182655,254,52,13,39,202,181,21,20.47244094488189,5.118110236220472,15.354330708661418,79.52755905511812,71.25984251968504,8.267716535433072
E00182656,104,27,15,12,77,60,17,25.961538461538463,14.423076923076922,11.538461538461538,74.03846153846155,57.692307692307686,16.346153846153847
E00182657,331,81,28,53,250,207,43,24.47129909365559,8.459214501510575,16.012084592145015,75.52870090634441,62.53776435045317,12.990936555891238
E00182662,127,36,7,29,91,81,10,28.346456692913385,5.511811023622047,22.83464566929134,71.65354330708661,63.77952755905512,7.874015748031496
E00182663,187,43,7,36,144,125,19,22.994652406417114,3.7433155080213902,19.25133689839572,77.00534759358288,66.84491978609626,10.16042780748663
E00182665,23,9,4,5,14,14,0,39.130434782608695,17.391304347826086,21.73913043478261,60.86956521739131,60.86956521739131,0
E00182669,183,36,9,27,147,130,17,19.672131147540984,4.918032786885246,14.754098360655737,80.32786885245902,71.03825136612022,9.289617486338798
E00182670,116,19,8,11,97,84,13,16.379310344827587,6.896551724137931,9.482758620689655,83.62068965517241,72.41379310344827,11.206896551724139
E00182671,153,45,18,27,108,95,13,29.411764705882355,11.76470588235294,17.647058823529413,70.58823529411765,62.091503267973856,8.49673202614379
E00182673,77,18,2,16,59,48,11,23.376623376623375,2.5974025974025974,20.77922077922078,76.62337662337663,62.33766233766234,14.285714285714285
E00182678,262,40,3,37,222,194,28,15.267175572519085,1.1450381679389312,14.122137404580155,84.7328244274809,74.04580152671755,10.687022900763358
E00182680,55,15,3,12,40,37,3,27.27272727272727,5.454545454545454,21.818181818181817,72.72727272727273,67.27272727272727,5.454545454545454
E00182682,141,40,11,29,101,94,7,28.368794326241137,7.801418439716312,20.56737588652482,71.63120567375887,66.66666666666666,4.964539007092199
E00182686,245,46,12,34,199,170,29,18.775510204081634,4.8979591836734695,13.877551020408163,81.22448979591836,69.38775510204081,11.83673469387755
E00182687,197,36,8,28,161,139,22,18.274111675126903,4.060913705583756,14.213197969543149,81.7258883248731,70.55837563451777,11.16751269035533
E00182690,162,53,12,41,109,90,19,32.71604938271605,7.4074074074074066,25.308641975308642,67.28395061728395,55.55555555555556,11.728395061728394
E00182691,268,46,13,33,222,187,35,17.16417910447761,4.850746268656716,12.313432835820896,82.83582089552239,69.77611940298507,13.059701492537313
E00182694,327,74,21,53,253,210,43,22.629969418960243,6.422018348623854,16.207951070336392,77.37003058103976,64.22018348623854,13.149847094801222
E00182697,105,22,2,20,83,76,7,20.952380952380953,1.9047619047619049,19.047619047619047,79.04761904761905,72.38095238095238,6.666666666666667
E00182702,121,54,17,37,67,60,7,44.62809917355372,14.049586776859504,30.57851239669421,55.371900826446286,49.586776859504134,5.785123966942149
E00182703,234,34,9,25,200,176,24,14.529914529914532,3.8461538461538463,10.683760683760683,85.47008547008546,75.21367521367522,10.256410256410255
E00182709,204,44,6,38,160,138,22,21.568627450980394,2.941176470588235,18.627450980392158,78.43137254901961,67.64705882352942,10.784313725490197
E00182710,277,65,13,52,212,184,28,23.465703971119133,4.693140794223827,18.772563176895307,76.53429602888086,66.4259927797834,10.108303249097473
E00182712,322,75,17,58,247,207,40,23.29192546583851,5.279503105590062,18.012422360248447,76.70807453416148,64.28571428571429,12.422360248447205
E00182714,48,13,4,9,35,31,4,27.083333333333332,8.333333333333332,18.75,72.91666666666666,64.58333333333334,8.333333333333332
E00182716,255,62,17,45,193,162,31,24.313725490196077,6.666666666666667,17.647058823529413,75.68627450980392,63.52941176470588,12.156862745098039
E00182722,282,63,12,51,219,185,34,22.340425531914892,4.25531914893617,18.085106382978726,77.6595744680851,65.60283687943263,12.056737588652481
E00182723,248,37,7,30,211,186,25,14.919354838709678,2.82258064516129,12.096774193548388,85.08064516129032,75,10.080645161290322
E00182725,95,30,6,24,65,55,10,31.57894736842105,6.315789473684211,25.263157894736842,68.42105263157895,57.89473684210527,10.526315789473683
E00182727,356,60,20,40,296,258,38,16.853932584269664,5.617977528089887,11.235955056179774,83.14606741573034,72.47191011235955,10.674157303370785
E00182728,217,49,8,41,168,149,19,22.58064516129032,3.686635944700461,18.89400921658986,77.41935483870968,68.66359447004609,8.755760368663594
E00182730,110,39,12,27,71,64,7,35.45454545454545,10.909090909090908,24.545454545454547,64.54545454545455,58.18181818181818,6.363636363636363
E00182741,286,76,15,61,210,184,26,26.573426573426573,5.244755244755245,21.328671328671327,73.42657342657343,64.33566433566433,9.090909090909092
E00182742,114,34,10,24,80,65,15,29.82456140350877,8.771929824561402,21.052631578947366,70.17543859649122,57.01754385964912,13.157894736842104
E00182744,51,13,4,9,38,34,4,25.49019607843137,7.8431372549019605,17.647058823529413,74.50980392156863,66.66666666666666,7.8431372549019605
E00182745,198,61,16,45,137,116,21,30.808080808080806,8.080808080808081,22.727272727272727,69.1919191919192,58.58585858585859,10.606060606060606
