OA,ts0380001,ts0380002,ts0380003,ts0380004,ts0380005,ts0380006,ts0380007,ts0380002_PCT,ts0380003_PCT,ts0380004_PCT,ts0380005_PCT,ts0380006_PCT,ts0380007_PCT
E00134648,307,62,26,36,245,28,217,20.195439739413683,8.469055374592834,11.726384364820847,79.80456026058633,9.120521172638437,70.68403908794788
E00134649,257,80,42,38,177,23,154,31.1284046692607,16.342412451361866,14.785992217898833,68.8715953307393,8.949416342412452,59.92217898832685
E00134650,278,86,37,49,192,16,176,30.935251798561154,13.309352517985612,17.62589928057554,69.06474820143885,5.755395683453238,63.30935251798561
E00134651,269,60,32,28,209,28,181,22.304832713754646,11.895910780669144,10.408921933085502,77.69516728624535,10.408921933085502,67.28624535315984
E00134652,230,62,23,39,168,19,149,26.956521739130434,10,16.956521739130434,73.04347826086956,8.26086956521739,64.78260869565217
E00134653,342,64,25,39,278,34,244,18.71345029239766,7.309941520467836,11.403508771929824,81.28654970760235,9.941520467836257,71.34502923976608
E00134654,286,50,19,31,236,19,217,17.482517482517483,6.643356643356643,10.839160839160838,82.51748251748252,6.643356643356643,75.87412587412588
E00134655,232,60,22,38,172,20,152,25.862068965517242,9.482758620689655,16.379310344827587,74.13793103448276,8.620689655172415,65.51724137931035
E00134656,287,48,16,32,239,26,213,16.72473867595819,5.574912891986063,11.149825783972126,83.27526132404182,9.059233449477352,74.21602787456446
E00134657,298,48,19,29,250,29,221,16.10738255033557,6.375838926174497,9.731543624161073,83.89261744966443,9.731543624161073,74.16107382550335
E00134658,211,49,13,36,162,22,140,23.22274881516588,6.161137440758294,17.061611374407583,76.77725118483413,10.42654028436019,66.35071090047393
E00134659,260,65,29,36,195,21,174,25,11.153846153846155,13.846153846153847,75,8.076923076923077,66.92307692307692
E00134661,321,45,20,25,276,44,232,14.018691588785046,6.230529595015576,7.78816199376947,85.98130841121495,13.707165109034266,72.27414330218068
E00134662,297,55,17,38,242,33,209,18.51851851851852,5.723905723905724,12.794612794612794,81.48148148148148,11.11111111111111,70.37037037037037
E00134663,268,45,13,32,223,15,208,16.791044776119403,4.850746268656716,11.940298507462686,83.2089552238806,5.597014925373134,77.61194029850746
E00134664,248,62,22,40,186,21,165,25,8.870967741935484,16.129032258064516,75,8.46774193548387,66.53225806451613
E00134665,259,53,18,35,206,30,176,20.463320463320464,6.94980694980695,13.513513513513514,79.53667953667953,11.583011583011583,67.95366795366795
E00134666,260,41,16,25,219,22,197,15.769230769230768,6.153846153846154,9.615384615384617,84.23076923076923,8.461538461538462,75.76923076923077
E00134668,315,63,20,43,252,34,218,20,6.349206349206349,13.65079365079365,80,10.793650793650794,69.2063492063492
E00134669,187,64,32,32,123,16,107,34.22459893048128,17.11229946524064,17.11229946524064,65.77540106951871,8.55614973262032,57.21925133689839
E00134670,266,53,23,30,213,28,185,19.924812030075188,8.646616541353383,11.278195488721805,80.07518796992481,10.526315789473683,69.54887218045113
E00134671,258,57,22,35,201,17,184,22.093023255813954,8.527131782945736,13.565891472868216,77.90697674418605,6.5891472868217065,71.31782945736434
E00134672,287,53,17,36,234,28,206,18.466898954703833,5.923344947735192,12.543554006968641,81.53310104529616,9.75609756097561,71.77700348432056
E00134673,252,82,45,37,170,14,156,32.53968253968254,17.857142857142858,14.682539682539684,67.46031746031747,5.555555555555555,61.904761904761905
E00134674,417,150,88,62,267,21,246,35.97122302158273,21.103117505995204,14.86810551558753,64.02877697841727,5.0359712230215825,58.992805755395686
E00134675,236,55,21,34,181,21,160,23.30508474576271,8.898305084745763,14.40677966101695,76.69491525423729,8.898305084745763,67.79661016949152
E00134676,480,87,35,52,393,52,341,18.125,7.291666666666667,10.833333333333334,81.875,10.833333333333334,71.04166666666667
E00134677,323,80,35,45,243,32,211,24.76780185758514,10.8359133126935,13.93188854489164,75.23219814241486,9.907120743034056,65.3250773993808
E00134678,113,14,5,9,99,14,85,12.389380530973451,4.424778761061947,7.964601769911504,87.61061946902655,12.389380530973451,75.22123893805309
E00134679,345,52,14,38,293,35,258,15.072463768115943,4.057971014492753,11.014492753623188,84.92753623188406,10.144927536231885,74.78260869565217
E00134680,157,36,12,24,121,12,109,22.929936305732486,7.643312101910828,15.286624203821656,77.07006369426752,7.643312101910828,69.42675159235668
E00134681,310,51,12,39,259,30,229,16.451612903225808,3.870967741935484,12.580645161290322,83.54838709677419,9.67741935483871,73.87096774193549
E00134682,278,71,36,35,207,19,188,25.539568345323744,12.949640287769784,12.589928057553957,74.46043165467626,6.83453237410072,67.62589928057554
E00134683,169,34,10,24,135,14,121,20.118343195266274,5.9171597633136095,14.201183431952662,79.88165680473372,8.284023668639055,71.59763313609467
E00134684,208,27,9,18,181,17,164,12.980769230769232,4.326923076923077,8.653846153846153,87.01923076923077,8.173076923076923,78.84615384615384
E00134686,424,62,23,39,362,38,324,14.622641509433961,5.4245283018867925,9.19811320754717,85.37735849056604,8.962264150943396,76.41509433962264
E00134687,371,52,18,34,319,35,284,14.016172506738545,4.8517520215633425,9.164420485175203,85.98382749326146,9.433962264150944,76.54986522911051
E00134688,356,65,23,42,291,31,260,18.258426966292134,6.460674157303371,11.797752808988763,81.74157303370787,8.707865168539326,73.03370786516854
E00134689,280,47,15,32,233,34,199,16.785714285714285,5.357142857142857,11.428571428571429,83.21428571428572,12.142857142857142,71.07142857142857
E00134690,516,155,73,82,361,30,331,30.03875968992248,14.147286821705427,15.891472868217054,69.96124031007753,5.813953488372093,64.14728682170544
E00134691,303,60,15,45,243,31,212,19.801980198019802,4.9504950495049505,14.85148514851485,80.19801980198021,10.231023102310232,69.96699669966998
E00134692,297,65,21,44,232,27,205,21.885521885521886,7.07070707070707,14.814814814814813,78.11447811447812,9.090909090909092,69.02356902356902
E00134693,322,50,15,35,272,20,252,15.527950310559005,4.658385093167702,10.869565217391305,84.472049689441,6.211180124223603,78.26086956521739
E00134694,284,58,17,41,226,28,198,20.422535211267608,5.985915492957746,14.43661971830986,79.5774647887324,9.859154929577464,69.71830985915493
E00134695,160,19,8,11,141,12,129,11.875,5,6.875000000000001,88.125,7.5,80.625
E00134696,223,31,7,24,192,24,168,13.901345291479823,3.1390134529147984,10.762331838565023,86.09865470852019,10.762331838565023,75.33632286995515
E00134697,413,77,28,49,336,29,307,18.64406779661017,6.779661016949152,11.864406779661017,81.35593220338984,7.021791767554479,74.33414043583535
E00134698,409,86,35,51,323,32,291,21.026894865525673,8.557457212713937,12.469437652811736,78.97310513447434,7.823960880195599,71.14914425427872
E00134699,321,85,38,47,236,34,202,26.479750778816197,11.838006230529595,14.641744548286603,73.5202492211838,10.59190031152648,62.928348909657316
E00134700,364,86,36,50,278,44,234,23.626373626373624,9.89010989010989,13.736263736263737,76.37362637362637,12.087912087912088,64.28571428571429
E00134701,379,63,25,38,316,32,284,16.62269129287599,6.596306068601583,10.026385224274406,83.37730870712402,8.443271767810026,74.93403693931398
E00134702,299,56,18,38,243,18,225,18.729096989966553,6.0200668896321075,12.709030100334449,81.27090301003345,6.0200668896321075,75.25083612040135
E00134703,284,75,29,46,209,26,183,26.408450704225352,10.211267605633804,16.19718309859155,73.59154929577466,9.15492957746479,64.43661971830986
E00134704,315,55,25,30,260,33,227,17.46031746031746,7.936507936507936,9.523809523809524,82.53968253968253,10.476190476190476,72.06349206349206
E00134705,290,62,23,39,228,37,191,21.379310344827587,7.931034482758621,13.448275862068964,78.62068965517241,12.758620689655173,65.86206896551724
E00134706,501,120,64,56,381,44,337,23.952095808383234,12.77445109780439,11.177644710578843,76.04790419161677,8.78243512974052,67.26546906187625
E00134707,282,46,21,25,236,23,213,16.312056737588655,7.446808510638298,8.865248226950355,83.68794326241135,8.156028368794328,75.53191489361703
E00134708,392,111,57,54,281,42,239,28.316326530612244,14.540816326530612,13.77551020408163,71.68367346938776,10.714285714285714,60.96938775510205
E00134709,336,41,18,23,295,40,255,12.202380952380953,5.357142857142857,6.845238095238096,87.79761904761905,11.904761904761903,75.89285714285714
E00134710,289,55,14,41,234,42,192,19.031141868512112,4.844290657439446,14.186851211072666,80.96885813148789,14.53287197231834,66.43598615916954
E00134711,329,54,15,39,275,26,249,16.41337386018237,4.5592705167173255,11.854103343465045,83.58662613981764,7.90273556231003,75.6838905775076
E00134713,176,54,27,27,122,14,108,30.681818181818183,15.340909090909092,15.340909090909092,69.31818181818183,7.954545454545454,61.36363636363637
E00134714,263,64,30,34,199,27,172,24.334600760456272,11.406844106463879,12.927756653992395,75.66539923954373,10.26615969581749,65.39923954372624
E00134715,228,39,8,31,189,21,168,17.105263157894736,3.508771929824561,13.596491228070176,82.89473684210526,9.210526315789473,73.68421052631578
E00134716,240,45,23,22,195,24,171,18.75,9.583333333333334,9.166666666666666,81.25,10,71.25
E00134717,271,59,15,44,212,23,189,21.771217712177123,5.535055350553505,16.236162361623617,78.22878228782287,8.487084870848708,69.74169741697416
E00134718,400,64,33,31,336,39,297,16,8.25,7.75,84,9.75,74.25
E00134719,256,38,13,25,218,25,193,14.84375,5.078125,9.765625,85.15625,9.765625,75.390625
E00134720,229,65,33,32,164,8,156,28.38427947598253,14.41048034934498,13.973799126637553,71.61572052401746,3.4934497816593884,68.12227074235808
E00134721,209,37,13,24,172,11,161,17.703349282296653,6.220095693779904,11.483253588516746,82.29665071770334,5.263157894736842,77.03349282296651
E00134722,374,63,23,40,311,36,275,16.844919786096256,6.149732620320856,10.695187165775401,83.15508021390374,9.62566844919786,73.52941176470588
E00134723,397,72,29,43,325,42,283,18.1360201511335,7.304785894206549,10.831234256926953,81.86397984886649,10.579345088161208,71.28463476070529
E00134724,335,48,18,30,287,28,259,14.328358208955224,5.3731343283582085,8.955223880597014,85.67164179104478,8.358208955223882,77.31343283582089
E00134725,326,63,21,42,263,31,232,19.32515337423313,6.441717791411043,12.883435582822086,80.67484662576688,9.509202453987731,71.16564417177914
E00134726,284,89,43,46,195,24,171,31.338028169014088,15.140845070422534,16.19718309859155,68.66197183098592,8.450704225352112,60.2112676056338
E00134727,299,62,19,43,237,32,205,20.735785953177256,6.354515050167224,14.381270903010032,79.26421404682274,10.702341137123746,68.56187290969899
E00134728,336,70,27,43,266,41,225,20.833333333333336,8.035714285714286,12.797619047619047,79.16666666666666,12.202380952380953,66.96428571428571
E00134729,340,57,19,38,283,31,252,16.76470588235294,5.588235294117648,11.176470588235295,83.23529411764706,9.117647058823529,74.11764705882354
E00134730,197,25,4,21,172,23,149,12.690355329949238,2.030456852791878,10.65989847715736,87.30964467005076,11.6751269035533,75.63451776649747
E00134731,287,50,12,38,237,23,214,17.421602787456447,4.181184668989547,13.240418118466899,82.57839721254355,8.013937282229964,74.56445993031359
E00134732,318,56,25,31,262,36,226,17.61006289308176,7.861635220125786,9.748427672955975,82.38993710691824,11.320754716981133,71.0691823899371
E00134733,348,39,14,25,309,37,272,11.206896551724139,4.022988505747127,7.183908045977011,88.79310344827587,10.632183908045976,78.16091954022988
E00134734,371,63,27,36,308,46,262,16.9811320754717,7.277628032345014,9.703504043126685,83.01886792452831,12.398921832884097,70.61994609164421
E00134735,320,79,33,46,241,22,219,24.6875,10.3125,14.374999999999998,75.3125,6.875000000000001,68.4375
E00134736,240,51,18,33,189,14,175,21.25,7.5,13.750000000000002,78.75,5.833333333333333,72.91666666666666
E00134737,426,72,25,47,354,35,319,16.901408450704224,5.868544600938967,11.032863849765258,83.09859154929578,8.215962441314554,74.88262910798123
E00134738,182,27,9,18,155,10,145,14.835164835164836,4.945054945054945,9.89010989010989,85.16483516483517,5.4945054945054945,79.67032967032966
E00134739,217,40,7,33,177,27,150,18.433179723502306,3.225806451612903,15.207373271889402,81.5668202764977,12.442396313364055,69.12442396313364
E00134740,229,41,12,29,188,24,164,17.903930131004365,5.240174672489083,12.663755458515283,82.09606986899564,10.480349344978166,71.61572052401746
E00134741,229,30,6,24,199,26,173,13.100436681222707,2.6200873362445414,10.480349344978166,86.8995633187773,11.353711790393014,75.54585152838428
E00134742,169,21,8,13,148,5,143,12.42603550295858,4.733727810650888,7.6923076923076925,87.57396449704143,2.9585798816568047,84.61538461538461
E00134743,318,63,27,36,255,27,228,19.81132075471698,8.49056603773585,11.320754716981133,80.18867924528303,8.49056603773585,71.69811320754717
E00134744,284,52,17,35,232,25,207,18.30985915492958,5.985915492957746,12.323943661971832,81.69014084507043,8.80281690140845,72.88732394366197
E00134745,206,52,24,28,154,8,146,25.24271844660194,11.650485436893204,13.592233009708737,74.75728155339806,3.8834951456310676,70.87378640776699
E00134746,351,61,18,43,290,35,255,17.37891737891738,5.128205128205128,12.250712250712251,82.62108262108262,9.971509971509972,72.64957264957265
E00134747,421,93,56,37,328,44,284,22.090261282660332,13.30166270783848,8.788598574821853,77.90973871733968,10.451306413301662,67.45843230403801
E00134748,389,99,48,51,290,37,253,25.449871465295633,12.339331619537274,13.110539845758353,74.55012853470437,9.511568123393316,65.03856041131105
E00134749,532,76,21,55,456,48,408,14.285714285714285,3.9473684210526314,10.338345864661653,85.71428571428571,9.022556390977442,76.69172932330827
E00134750,426,76,23,53,350,33,317,17.84037558685446,5.39906103286385,12.44131455399061,82.15962441314554,7.746478873239436,74.4131455399061
E00134751,303,39,10,29,264,24,240,12.871287128712872,3.3003300330033,9.570957095709572,87.12871287128714,7.920792079207921,79.20792079207921
E00134752,206,39,18,21,167,14,153,18.932038834951456,8.737864077669903,10.194174757281553,81.06796116504854,6.796116504854369,74.27184466019418
E00134753,366,52,17,35,314,32,282,14.207650273224044,4.644808743169399,9.562841530054644,85.79234972677595,8.743169398907105,77.04918032786885
E00134754,179,37,10,27,142,9,133,20.670391061452513,5.58659217877095,15.083798882681565,79.3296089385475,5.027932960893855,74.30167597765363
E00134755,200,33,13,20,167,16,151,16.5,6.5,10,83.5,8,75.5
E00134756,277,29,7,22,248,22,226,10.469314079422382,2.527075812274368,7.9422382671480145,89.53068592057761,7.9422382671480145,81.58844765342961
E00134757,326,84,28,56,242,32,210,25.766871165644172,8.588957055214724,17.177914110429448,74.23312883435584,9.815950920245399,64.41717791411043
E00134758,175,19,9,10,156,16,140,10.857142857142858,5.142857142857142,5.714285714285714,89.14285714285714,9.142857142857142,80
E00134759,261,46,18,28,215,23,192,17.624521072796934,6.896551724137931,10.727969348659004,82.37547892720306,8.812260536398467,73.5632183908046
E00134760,241,74,34,40,167,14,153,30.70539419087137,14.107883817427386,16.59751037344398,69.29460580912863,5.809128630705394,63.48547717842323
E00134761,320,58,23,35,262,45,217,18.125,7.187499999999999,10.9375,81.875,14.0625,67.8125
E00134762,271,56,22,34,215,17,198,20.66420664206642,8.118081180811808,12.546125461254611,79.33579335793358,6.273062730627306,73.06273062730627
E00134763,348,69,27,42,279,30,249,19.82758620689655,7.758620689655173,12.068965517241379,80.17241379310344,8.620689655172415,71.55172413793103
E00134764,356,85,44,41,271,24,247,23.876404494382022,12.359550561797752,11.51685393258427,76.12359550561798,6.741573033707865,69.3820224719101
E00134765,270,61,16,45,209,27,182,22.59259259259259,5.9259259259259265,16.666666666666664,77.4074074074074,10,67.4074074074074
E00134766,334,77,35,42,257,20,237,23.053892215568865,10.479041916167663,12.574850299401197,76.94610778443113,5.9880239520958085,70.95808383233533
E00134767,436,61,22,39,375,44,331,13.990825688073393,5.045871559633028,8.944954128440367,86.0091743119266,10.091743119266056,75.91743119266054
E00134768,358,82,37,45,276,34,242,22.905027932960895,10.335195530726256,12.569832402234638,77.09497206703911,9.497206703910614,67.59776536312849
E00134769,322,84,39,45,238,16,222,26.08695652173913,12.111801242236025,13.975155279503104,73.91304347826086,4.968944099378882,68.94409937888199
E00134770,244,56,30,26,188,17,171,22.950819672131146,12.295081967213115,10.655737704918032,77.04918032786885,6.967213114754098,70.08196721311475
E00134771,256,43,17,26,213,24,189,16.796875,6.640625,10.15625,83.203125,9.375,73.828125
E00134772,370,81,18,63,289,30,259,21.891891891891895,4.864864864864865,17.027027027027028,78.10810810810811,8.108108108108109,70
E00134773,357,61,22,39,296,27,269,17.086834733893557,6.162464985994398,10.92436974789916,82.91316526610645,7.563025210084033,75.35014005602241
E00134774,300,70,30,40,230,26,204,23.333333333333332,10,13.333333333333334,76.66666666666667,8.666666666666668,68
E00134775,209,29,10,19,180,19,161,13.875598086124402,4.784688995215311,9.090909090909092,86.1244019138756,9.090909090909092,77.03349282296651
E00134776,213,28,10,18,185,18,167,13.145539906103288,4.694835680751173,8.450704225352112,86.85446009389672,8.450704225352112,78.40375586854461
E00134777,209,43,16,27,166,13,153,20.574162679425836,7.655502392344498,12.918660287081341,79.42583732057416,6.220095693779904,73.20574162679426
E00134778,257,32,16,16,225,18,207,12.45136186770428,6.22568093385214,6.22568093385214,87.54863813229572,7.003891050583658,80.54474708171206
E00134779,216,27,10,17,189,26,163,12.5,4.62962962962963,7.87037037037037,87.5,12.037037037037036,75.46296296296296
E00134780,307,71,31,40,236,21,215,23.12703583061889,10.097719869706841,13.029315960912053,76.8729641693811,6.840390879478828,70.03257328990227
E00134781,235,40,14,26,195,28,167,17.02127659574468,5.957446808510639,11.063829787234042,82.97872340425532,11.914893617021278,71.06382978723404
E00134782,366,78,26,52,288,30,258,21.311475409836063,7.103825136612022,14.207650273224044,78.68852459016394,8.19672131147541,70.49180327868852
E00134783,372,60,22,38,312,27,285,16.129032258064516,5.913978494623656,10.21505376344086,83.87096774193549,7.258064516129033,76.61290322580645
E00134784,236,37,15,22,199,18,181,15.677966101694915,6.3559322033898304,9.322033898305085,84.32203389830508,7.627118644067797,76.69491525423729
E00134785,417,75,26,49,342,30,312,17.985611510791365,6.235011990407674,11.750599520383693,82.01438848920863,7.1942446043165464,74.82014388489209
E00134786,311,65,17,48,246,22,224,20.90032154340836,5.466237942122187,15.434083601286176,79.09967845659163,7.07395498392283,72.02572347266882
E00134787,402,73,27,46,329,36,293,18.1592039800995,6.7164179104477615,11.442786069651742,81.8407960199005,8.955223880597014,72.88557213930348
E00134788,239,42,13,29,197,21,176,17.573221757322173,5.439330543933055,12.133891213389122,82.42677824267783,8.786610878661087,73.64016736401673
E00134789,240,61,23,38,179,18,161,25.416666666666664,9.583333333333334,15.833333333333332,74.58333333333333,7.5,67.08333333333333
E00134790,271,67,25,42,204,21,183,24.723247232472325,9.22509225092251,15.498154981549817,75.27675276752768,7.7490774907749085,67.52767527675276
E00134791,275,61,22,39,214,16,198,22.181818181818183,8,14.181818181818182,77.81818181818181,5.818181818181818,72
E00134792,285,46,13,33,239,33,206,16.140350877192983,4.56140350877193,11.578947368421053,83.85964912280703,11.578947368421053,72.28070175438597
E00134793,265,92,55,37,173,14,159,34.71698113207547,20.754716981132077,13.962264150943396,65.28301886792453,5.283018867924529,60
E00134794,258,55,20,35,203,24,179,21.31782945736434,7.751937984496124,13.565891472868216,78.68217054263566,9.30232558139535,69.37984496124031
E00134795,273,66,28,38,207,20,187,24.175824175824175,10.256410256410255,13.91941391941392,75.82417582417582,7.326007326007327,68.4981684981685
E00134796,271,72,29,43,199,23,176,26.56826568265683,10.70110701107011,15.867158671586715,73.43173431734317,8.487084870848708,64.94464944649447
E00134797,258,71,40,31,187,12,175,27.51937984496124,15.503875968992247,12.015503875968992,72.48062015503875,4.651162790697675,67.82945736434108
E00134798,278,77,28,49,201,26,175,27.697841726618705,10.071942446043165,17.62589928057554,72.3021582733813,9.352517985611511,62.94964028776978
E00134799,310,76,43,33,234,15,219,24.516129032258064,13.870967741935484,10.64516129032258,75.48387096774194,4.838709677419355,70.64516129032258
E00134800,257,58,24,34,199,22,177,22.56809338521401,9.33852140077821,13.229571984435799,77.431906614786,8.560311284046692,68.8715953307393
E00134801,302,46,19,27,256,24,232,15.2317880794702,6.291390728476822,8.940397350993377,84.76821192052981,7.9470198675496695,76.82119205298014
E00134802,266,79,42,37,187,18,169,29.69924812030075,15.789473684210526,13.909774436090224,70.30075187969925,6.7669172932330826,63.53383458646616
E00134803,264,58,22,36,206,13,193,21.96969696969697,8.333333333333332,13.636363636363635,78.03030303030303,4.924242424242424,73.10606060606061
E00134804,302,62,27,35,240,20,220,20.52980132450331,8.940397350993377,11.589403973509933,79.47019867549669,6.622516556291391,72.84768211920529
E00134805,234,54,21,33,180,21,159,23.076923076923077,8.974358974358974,14.102564102564102,76.92307692307693,8.974358974358974,67.94871794871796
E00134806,284,59,22,37,225,16,209,20.774647887323944,7.746478873239436,13.028169014084506,79.22535211267606,5.633802816901409,73.59154929577466
E00134807,148,32,12,20,116,15,101,21.62162162162162,8.108108108108109,13.513513513513514,78.37837837837837,10.135135135135135,68.24324324324324
E00134808,252,44,20,24,208,18,190,17.46031746031746,7.936507936507936,9.523809523809524,82.53968253968253,7.142857142857142,75.39682539682539
E00134809,281,75,23,52,206,19,187,26.690391459074732,8.185053380782918,18.505338078291814,73.30960854092527,6.761565836298933,66.54804270462633
E00134810,273,58,16,42,215,26,189,21.245421245421245,5.86080586080586,15.384615384615385,78.75457875457876,9.523809523809524,69.23076923076923
E00134811,337,73,41,32,264,23,241,21.66172106824926,12.166172106824925,9.495548961424333,78.33827893175074,6.824925816023739,71.51335311572701
E00134812,316,49,21,28,267,21,246,15.50632911392405,6.6455696202531636,8.860759493670885,84.49367088607595,6.6455696202531636,77.84810126582279
E00134813,314,64,20,44,250,28,222,20.382165605095544,6.369426751592357,14.012738853503185,79.61783439490446,8.9171974522293,70.70063694267516
E00134814,398,44,21,23,354,40,314,11.055276381909549,5.276381909547738,5.778894472361809,88.94472361809045,10.050251256281408,78.89447236180904
E00134815,322,50,19,31,272,31,241,15.527950310559005,5.900621118012422,9.627329192546584,84.472049689441,9.627329192546584,74.84472049689441
E00134816,295,70,28,42,225,30,195,23.728813559322035,9.491525423728813,14.237288135593221,76.27118644067797,10.16949152542373,66.10169491525424
E00134817,282,41,13,28,241,30,211,14.539007092198581,4.609929078014184,9.929078014184398,85.46099290780141,10.638297872340425,74.822695035461
E00134818,267,81,26,55,186,15,171,30.337078651685395,9.737827715355806,20.59925093632959,69.66292134831461,5.617977528089887,64.04494382022472
E00134819,291,58,23,35,233,28,205,19.93127147766323,7.903780068728522,12.027491408934708,80.06872852233677,9.621993127147768,70.44673539518901
E00134820,326,46,14,32,280,19,261,14.11042944785276,4.294478527607362,9.815950920245399,85.88957055214725,5.828220858895705,80.06134969325154
E00134821,258,52,20,32,206,19,187,20.155038759689923,7.751937984496124,12.4031007751938,79.84496124031007,7.3643410852713185,72.48062015503875
E00134822,438,79,33,46,359,33,326,18.036529680365295,7.534246575342466,10.50228310502283,81.9634703196347,7.534246575342466,74.42922374429224
E00134823,275,57,22,35,218,27,191,20.727272727272727,8,12.727272727272727,79.27272727272727,9.818181818181818,69.45454545454545
E00134824,257,61,22,39,196,21,175,23.73540856031128,8.560311284046692,15.17509727626459,76.26459143968872,8.171206225680933,68.09338521400778
E00134825,246,46,27,19,200,23,177,18.69918699186992,10.975609756097562,7.723577235772358,81.30081300813008,9.34959349593496,71.95121951219512
E00134826,411,54,19,35,357,29,328,13.138686131386862,4.622871046228711,8.51581508515815,86.86131386861314,7.0559610705596105,79.80535279805353
E00134827,212,48,18,30,164,15,149,22.641509433962266,8.49056603773585,14.150943396226415,77.35849056603774,7.0754716981132075,70.28301886792453
E00134828,417,63,17,46,354,33,321,15.107913669064748,4.07673860911271,11.031175059952037,84.89208633093526,7.913669064748201,76.97841726618705
E00134829,269,49,26,23,220,14,206,18.21561338289963,9.66542750929368,8.550185873605948,81.78438661710037,5.204460966542751,76.57992565055763
E00134830,349,63,29,34,286,13,273,18.05157593123209,8.30945558739255,9.742120343839542,81.9484240687679,3.7249283667621778,78.22349570200574
E00134831,349,68,24,44,281,24,257,19.484240687679083,6.876790830945559,12.607449856733524,80.51575931232091,6.876790830945559,73.63896848137536
E00134832,341,53,17,36,288,30,258,15.542521994134898,4.9853372434017595,10.557184750733137,84.4574780058651,8.797653958944283,75.65982404692082
E00134833,364,64,23,41,300,27,273,17.582417582417584,6.318681318681318,11.263736263736265,82.41758241758241,7.417582417582418,75
E00134834,196,68,26,42,128,13,115,34.69387755102041,13.26530612244898,21.428571428571427,65.3061224489796,6.63265306122449,58.673469387755105
E00134835,250,38,12,26,212,21,191,15.2,4.8,10.4,84.8,8.4,76.4
E00134836,151,39,18,21,112,15,97,25.82781456953642,11.920529801324504,13.90728476821192,74.17218543046357,9.933774834437086,64.23841059602648
E00134837,367,73,23,50,294,22,272,19.891008174386922,6.267029972752043,13.623978201634879,80.10899182561307,5.994550408719346,74.11444141689373
E00134838,398,32,10,22,366,37,329,8.040201005025125,2.512562814070352,5.527638190954774,91.95979899497488,9.296482412060302,82.66331658291458
E00134839,489,77,26,51,412,44,368,15.746421267893659,5.316973415132924,10.429447852760736,84.25357873210633,8.997955010224949,75.25562372188139
E00134840,295,37,11,26,258,23,235,12.54237288135593,3.728813559322034,8.813559322033898,87.45762711864407,7.796610169491526,79.66101694915254
E00134841,584,88,40,48,496,52,444,15.068493150684931,6.8493150684931505,8.21917808219178,84.93150684931507,8.904109589041095,76.02739726027397
E00134842,272,46,15,31,226,25,201,16.911764705882355,5.514705882352941,11.397058823529411,83.08823529411765,9.191176470588236,73.89705882352942
E00134844,340,52,16,36,288,33,255,15.294117647058824,4.705882352941177,10.588235294117647,84.70588235294117,9.705882352941178,75
E00134845,249,53,16,37,196,13,183,21.285140562248998,6.425702811244979,14.859437751004014,78.714859437751,5.220883534136546,73.49397590361446
E00134846,256,29,6,23,227,26,201,11.328125,2.34375,8.984375,88.671875,10.15625,78.515625
E00134847,297,54,14,40,243,20,223,18.181818181818183,4.713804713804714,13.468013468013467,81.81818181818183,6.7340067340067336,75.08417508417509
E00134848,303,48,17,31,255,26,229,15.841584158415841,5.6105610561056105,10.231023102310232,84.15841584158416,8.58085808580858,75.57755775577559
E00134850,421,85,29,56,336,45,291,20.190023752969122,6.88836104513064,13.30166270783848,79.80997624703087,10.688836104513063,69.12114014251782
E00134851,424,84,35,49,340,33,307,19.81132075471698,8.254716981132075,11.556603773584905,80.18867924528303,7.783018867924528,72.40566037735849
E00134852,267,63,24,39,204,17,187,23.595505617977526,8.98876404494382,14.606741573033707,76.40449438202246,6.367041198501873,70.0374531835206
E00134853,358,54,15,39,304,33,271,15.083798882681565,4.189944134078212,10.893854748603351,84.91620111731844,9.217877094972067,75.69832402234637
E00134854,268,56,24,32,212,18,194,20.8955223880597,8.955223880597014,11.940298507462686,79.1044776119403,6.7164179104477615,72.38805970149254
E00134855,317,54,21,33,263,26,237,17.034700315457414,6.624605678233439,10.410094637223976,82.96529968454259,8.201892744479496,74.76340694006309
E00134856,360,102,54,48,258,36,222,28.333333333333332,15,13.333333333333334,71.66666666666667,10,61.66666666666667
E00134857,350,87,38,49,263,27,236,24.857142857142858,10.857142857142858,14.000000000000002,75.14285714285714,7.7142857142857135,67.42857142857143
E00134858,472,94,43,51,378,44,334,19.915254237288135,9.110169491525424,10.805084745762713,80.08474576271186,9.322033898305085,70.76271186440678
E00134859,276,36,16,20,240,32,208,13.043478260869565,5.797101449275362,7.246376811594203,86.95652173913044,11.594202898550725,75.36231884057972
E00134860,236,52,17,35,184,22,162,22.033898305084744,7.203389830508475,14.83050847457627,77.96610169491525,9.322033898305085,68.64406779661016
E00134861,304,37,13,24,267,27,240,12.171052631578947,4.276315789473684,7.894736842105263,87.82894736842105,8.881578947368421,78.94736842105263
E00134862,344,67,32,35,277,23,254,19.476744186046513,9.30232558139535,10.174418604651162,80.52325581395348,6.686046511627906,73.83720930232558
E00134863,545,96,48,48,449,41,408,17.61467889908257,8.807339449541285,8.807339449541285,82.38532110091742,7.522935779816514,74.86238532110092
E00134864,288,50,12,38,238,27,211,17.36111111111111,4.166666666666666,13.194444444444445,82.63888888888889,9.375,73.26388888888889
E00134865,342,69,28,41,273,42,231,20.175438596491226,8.187134502923977,11.988304093567251,79.82456140350878,12.280701754385964,67.54385964912281
E00134866,321,32,9,23,289,25,264,9.968847352024921,2.803738317757009,7.165109034267912,90.03115264797508,7.78816199376947,82.2429906542056
E00134867,260,54,24,30,206,33,173,20.76923076923077,9.230769230769232,11.538461538461538,79.23076923076923,12.692307692307692,66.53846153846153
E00134868,304,56,21,35,248,21,227,18.421052631578945,6.907894736842106,11.513157894736842,81.57894736842105,6.907894736842106,74.67105263157895
E00134869,289,43,10,33,246,35,211,14.878892733564014,3.4602076124567476,11.418685121107266,85.12110726643598,12.110726643598616,73.01038062283737
E00134870,267,34,10,24,233,23,210,12.734082397003746,3.7453183520599254,8.98876404494382,87.26591760299625,8.614232209737828,78.65168539325843
E00134871,291,54,16,38,237,26,211,18.556701030927837,5.498281786941581,13.058419243986256,81.44329896907216,8.934707903780069,72.5085910652921
E00134872,309,53,26,27,256,31,225,17.15210355987055,8.414239482200648,8.737864077669903,82.84789644012946,10.032362459546926,72.81553398058253
E00134873,301,47,17,30,254,31,223,15.614617940199334,5.647840531561462,9.966777408637874,84.38538205980066,10.299003322259136,74.08637873754152
E00134874,392,67,25,42,325,37,288,17.091836734693878,6.377551020408164,10.714285714285714,82.90816326530613,9.438775510204081,73.46938775510205
E00134875,262,51,21,30,211,24,187,19.46564885496183,8.015267175572518,11.450381679389313,80.53435114503816,9.16030534351145,71.37404580152672
E00134876,380,61,22,39,319,26,293,16.05263157894737,5.7894736842105265,10.263157894736842,83.94736842105263,6.842105263157896,77.10526315789473
E00134877,245,42,14,28,203,32,171,17.142857142857142,5.714285714285714,11.428571428571429,82.85714285714286,13.061224489795919,69.79591836734694
E00134878,292,40,15,25,252,35,217,13.698630136986301,5.136986301369863,8.561643835616438,86.3013698630137,11.986301369863012,74.31506849315068
E00134879,192,70,37,33,122,10,112,36.45833333333333,19.270833333333336,17.1875,63.541666666666664,5.208333333333334,58.333333333333336
E00134880,247,51,26,25,196,24,172,20.647773279352226,10.526315789473683,10.121457489878543,79.35222672064778,9.7165991902834,69.63562753036437
E00134882,270,50,18,32,220,22,198,18.51851851851852,6.666666666666667,11.851851851851853,81.48148148148148,8.148148148148149,73.33333333333333
E00134883,274,47,26,21,227,17,210,17.153284671532848,9.48905109489051,7.664233576642336,82.84671532846716,6.204379562043796,76.64233576642336
E00134884,239,46,13,33,193,23,170,19.246861924686193,5.439330543933055,13.807531380753138,80.75313807531381,9.623430962343097,71.1297071129707
E00134885,435,55,25,30,380,40,340,12.643678160919542,5.747126436781609,6.896551724137931,87.356321839080465,9.195402298850574,78.16091954022988
E00134887,336,55,20,35,281,21,260,16.36904761904762,5.952380952380952,10.416666666666668,83.63095238095238,6.25,77.38095238095238
E00134888,269,28,7,21,241,31,210,10.408921933085502,2.6022304832713754,7.806691449814126,89.59107806691449,11.524163568773234,78.06691449814126
E00134889,243,48,22,26,195,26,169,19.753086419753085,9.053497942386832,10.699588477366255,80.24691358024691,10.699588477366255,69.54732510288066
E00134890,386,70,25,45,316,38,278,18.134715025906736,6.476683937823833,11.658031088082902,81.86528497409327,9.844559585492227,72.02072538860104
E00134891,313,58,18,40,255,23,232,18.53035143769968,5.7507987220447285,12.779552715654951,81.46964856230032,7.348242811501597,74.12140575079871
E00134892,398,45,13,32,353,34,319,11.306532663316583,3.2663316582914574,8.040201005025125,88.69346733668341,8.542713567839195,80.15075376884423
E00134893,273,63,22,41,210,19,191,23.076923076923077,8.058608058608058,15.018315018315018,76.92307692307693,6.95970695970696,69.96336996336996
E00134894,264,42,17,25,222,31,191,15.909090909090908,6.4393939393939394,9.469696969696969,84.0909090909091,11.742424242424242,72.34848484848484
E00134895,259,63,20,43,196,21,175,24.324324324324326,7.722007722007722,16.602316602316602,75.67567567567568,8.108108108108109,67.56756756756756
E00134896,485,63,19,44,422,32,390,12.989690721649486,3.917525773195876,9.072164948453608,87.01030927835052,6.5979381443298974,80.41237113402062
E00134897,342,49,12,37,293,30,263,14.327485380116958,3.508771929824561,10.818713450292398,85.67251461988305,8.771929824561402,76.90058479532163
E00134898,266,60,23,37,206,26,180,22.55639097744361,8.646616541353383,13.909774436090224,77.44360902255639,9.774436090225564,67.66917293233082
E00134899,257,37,10,27,220,20,200,14.396887159533073,3.8910505836575875,10.505836575875486,85.60311284046692,7.782101167315175,77.82101167315176
E00134900,270,46,16,30,224,26,198,17.037037037037038,5.9259259259259265,11.11111111111111,82.96296296296296,9.62962962962963,73.33333333333333
E00134901,245,50,21,29,195,21,174,20.408163265306122,8.571428571428571,11.83673469387755,79.59183673469387,8.571428571428571,71.0204081632653
E00134902,250,36,5,31,214,15,199,14.399999999999999,2,12.4,85.6,6,79.60000000000001
E00134905,237,64,36,28,173,20,153,27.004219409282697,15.18987341772152,11.814345991561181,72.9957805907173,8.438818565400844,64.55696202531645
E00134906,292,49,18,31,243,30,213,16.78082191780822,6.164383561643835,10.616438356164384,83.21917808219177,10.273972602739725,72.94520547945206
E00134907,276,37,12,25,239,26,213,13.405797101449277,4.3478260869565215,9.057971014492754,86.59420289855072,9.420289855072465,77.17391304347827
E00134908,236,67,25,42,169,20,149,28.389830508474578,10.59322033898305,17.796610169491526,71.61016949152543,8.47457627118644,63.13559322033898
E00134909,261,43,18,25,218,28,190,16.47509578544061,6.896551724137931,9.578544061302683,83.5249042145594,10.727969348659004,72.79693486590038
E00134910,276,56,21,35,220,26,194,20.28985507246377,7.608695652173914,12.681159420289855,79.71014492753623,9.420289855072465,70.28985507246377
E00134911,284,41,15,26,243,29,214,14.43661971830986,5.28169014084507,9.15492957746479,85.56338028169014,10.211267605633804,75.35211267605634
E00134912,120,18,7,11,102,8,94,15,5.833333333333333,9.166666666666666,85,6.666666666666667,78.33333333333333
E00134913,361,27,11,16,334,39,295,7.479224376731302,3.0470914127423825,4.43213296398892,92.5207756232687,10.80332409972299,81.7174515235457
E00134914,317,43,10,33,274,25,249,13.564668769716087,3.1545741324921135,10.410094637223976,86.43533123028391,7.886435331230284,78.54889589905363
E00134915,285,49,16,33,236,26,210,17.192982456140353,5.614035087719298,11.578947368421053,82.80701754385966,9.12280701754386,73.68421052631578
E00134916,267,52,17,35,215,29,186,19.475655430711612,6.367041198501873,13.108614232209737,80.52434456928839,10.861423220973784,69.66292134831461
E00134917,248,57,19,38,191,18,173,22.983870967741936,7.661290322580645,15.32258064516129,77.01612903225806,7.258064516129033,69.75806451612904
E00134918,295,64,19,45,231,24,207,21.694915254237287,6.440677966101695,15.254237288135593,78.30508474576271,8.135593220338983,70.16949152542374
E00134919,278,48,16,32,230,29,201,17.26618705035971,5.755395683453238,11.510791366906476,82.73381294964028,10.431654676258994,72.3021582733813
E00134920,274,50,21,29,224,36,188,18.248175182481752,7.664233576642336,10.583941605839415,81.75182481751825,13.138686131386862,68.61313868613139
E00134921,277,51,21,30,226,12,214,18.4115523465704,7.581227436823104,10.830324909747292,81.58844765342961,4.332129963898916,77.25631768953069
E00134922,251,60,28,32,191,19,172,23.904382470119522,11.155378486055776,12.749003984063744,76.09561752988047,7.569721115537849,68.52589641434263
E00134923,303,55,28,27,248,22,226,18.151815181518153,9.24092409240924,8.91089108910891,81.84818481848185,7.2607260726072615,74.58745874587459
E00134924,307,40,11,29,267,22,245,13.029315960912053,3.5830618892508146,9.446254071661238,86.97068403908796,7.166123778501629,79.80456026058633
E00134925,304,70,25,45,234,21,213,23.026315789473685,8.223684210526317,14.802631578947366,76.97368421052632,6.907894736842106,70.06578947368422
E00134926,317,76,47,29,241,18,223,23.974763406940063,14.826498422712934,9.14826498422713,76.02523659305994,5.678233438485805,70.347003154574125
E00134927,273,48,16,32,225,21,204,17.582417582417584,5.86080586080586,11.72161172161172,82.41758241758241,7.6923076923076925,74.72527472527473
E00134928,298,32,6,26,266,29,237,10.738255033557047,2.013422818791946,8.724832214765101,89.26174496644296,9.731543624161073,79.53020134228188
E00134929,304,32,10,22,272,23,249,10.526315789473683,3.289473684210526,7.236842105263158,89.47368421052632,7.565789473684211,81.9078947368421
E00134930,240,46,15,31,194,22,172,19.166666666666668,6.25,12.916666666666668,80.83333333333333,9.166666666666666,71.66666666666667
E00134931,295,58,29,29,237,23,214,19.661016949152543,9.830508474576272,9.830508474576272,80.33898305084746,7.796610169491526,72.54237288135593
E00134932,212,43,23,20,169,15,154,20.28301886792453,10.849056603773585,9.433962264150944,79.71698113207547,7.0754716981132075,72.64150943396226
E00134933,336,35,12,23,301,33,268,10.416666666666668,3.571428571428571,6.845238095238096,89.58333333333334,9.821428571428571,79.76190476190477
E00134934,247,34,10,24,213,22,191,13.765182186234817,4.048582995951417,9.7165991902834,86.23481781376519,8.906882591093117,77.32793522267207
E00134935,226,41,16,25,185,15,170,18.141592920353983,7.079646017699115,11.061946902654867,81.85840707964603,6.637168141592921,75.22123893805309
E00134936,322,57,30,27,265,20,245,17.70186335403727,9.316770186335404,8.385093167701864,82.29813664596274,6.211180124223603,76.08695652173914
E00134937,294,60,23,37,234,26,208,20.408163265306122,7.8231292517006805,12.585034013605442,79.59183673469387,8.843537414965986,70.74829931972789
E00134938,214,69,31,38,145,11,134,32.242990654205606,14.485981308411214,17.75700934579439,67.7570093457944,5.14018691588785,62.616822429906534
E00134939,261,54,19,35,207,17,190,20.689655172413794,7.2796934865900385,13.409961685823754,79.3103448275862,6.513409961685824,72.79693486590038
E00134940,325,52,16,36,273,26,247,16,4.923076923076923,11.076923076923077,84,8,76
E00134941,253,62,15,47,191,24,167,24.50592885375494,5.928853754940711,18.57707509881423,75.49407114624506,9.486166007905137,66.00790513833992
E00134942,299,58,25,33,241,25,216,19.39799331103679,8.361204013377927,11.036789297658862,80.60200668896321,8.361204013377927,72.24080267558529
E00134943,256,52,23,29,204,23,181,20.3125,8.984375,11.328125,79.6875,8.984375,70.703125
E00134944,195,41,11,30,154,18,136,21.025641025641026,5.641025641025641,15.384615384615385,78.97435897435898,9.230769230769232,69.74358974358974
E00134945,239,51,21,30,188,20,168,21.338912133891213,8.786610878661087,12.552301255230125,78.66108786610879,8.368200836820083,70.29288702928869
E00134946,226,55,22,33,171,15,156,24.336283185840706,9.734513274336283,14.601769911504425,75.66371681415929,6.637168141592921,69.02654867256636
E00134947,260,43,14,29,217,20,197,16.538461538461537,5.384615384615385,11.153846153846155,83.46153846153847,7.6923076923076925,75.76923076923077
E00134948,341,61,30,31,280,22,258,17.888563049853374,8.797653958944283,9.090909090909092,82.11143695014663,6.451612903225806,75.65982404692082
E00134949,248,61,24,37,187,21,166,24.596774193548388,9.67741935483871,14.919354838709678,75.40322580645162,8.46774193548387,66.93548387096774
E00134950,258,55,18,37,203,21,182,21.31782945736434,6.976744186046512,14.34108527131783,78.68217054263566,8.13953488372093,70.54263565891473
E00134952,257,49,21,28,208,28,180,19.06614785992218,8.171206225680933,10.894941634241246,80.93385214007782,10.894941634241246,70.03891050583657
E00134953,252,66,25,41,186,21,165,26.190476190476193,9.920634920634921,16.26984126984127,73.80952380952381,8.333333333333332,65.47619047619048
E00134954,336,52,18,34,284,32,252,15.476190476190476,5.357142857142857,10.119047619047619,84.52380952380952,9.523809523809524,75
E00134955,298,52,19,33,246,25,221,17.449664429530202,6.375838926174497,11.073825503355705,82.5503355704698,8.389261744966444,74.16107382550335
E00134956,246,34,9,25,212,34,178,13.821138211382115,3.6585365853658534,10.16260162601626,86.1788617886179,13.821138211382115,72.35772357723577
E00134957,243,47,15,32,196,21,175,19.34156378600823,6.172839506172839,13.168724279835391,80.65843621399176,8.641975308641975,72.0164609053498
E00134958,336,46,12,34,290,34,256,13.690476190476192,3.571428571428571,10.119047619047619,86.30952380952381,10.119047619047619,76.19047619047619
E00134959,287,53,28,25,234,16,218,18.466898954703833,9.75609756097561,8.710801393728223,81.53310104529616,5.574912891986063,75.9581881533101
E00134960,247,56,19,37,191,25,166,22.672064777327936,7.6923076923076925,14.979757085020243,77.32793522267207,10.121457489878543,67.20647773279353
E00134962,269,44,19,25,225,34,191,16.356877323420075,7.063197026022305,9.293680297397769,83.64312267657994,12.639405204460965,71.00371747211895
E00134963,217,50,25,25,167,25,142,23.04147465437788,11.52073732718894,11.52073732718894,76.95852534562212,11.52073732718894,65.43778801843318
E00134964,261,51,17,34,210,38,172,19.54022988505747,6.513409961685824,13.026819923371647,80.45977011494253,14.559386973180077,65.90038314176245
E00134965,224,52,24,28,172,11,161,23.214285714285715,10.714285714285714,12.5,76.78571428571429,4.910714285714286,71.875
E00134966,546,83,42,41,463,43,420,15.2014652014652,7.6923076923076925,7.509157509157509,84.7985347985348,7.875457875457875,76.92307692307693
E00134967,498,184,122,62,314,41,273,36.94779116465863,24.497991967871485,12.449799196787147,63.05220883534136,8.23293172690763,54.81927710843374
E00134968,361,41,9,32,320,24,296,11.357340720221606,2.4930747922437675,8.86426592797784,88.64265927977839,6.64819944598338,81.99445983379502
E00134969,314,35,7,28,279,41,238,11.146496815286625,2.229299363057325,8.9171974522293,88.85350318471338,13.05732484076433,75.79617834394905
E00134970,237,41,14,27,196,25,171,17.29957805907173,5.9071729957805905,11.39240506329114,82.70042194092827,10.548523206751055,72.15189873417721
E00134971,375,32,5,27,343,46,297,8.533333333333333,1.3333333333333335,7.199999999999999,91.46666666666667,12.266666666666666,79.2
E00134972,245,25,6,19,220,27,193,10.204081632653061,2.4489795918367347,7.755102040816326,89.79591836734694,11.020408163265307,78.77551020408163
E00134973,320,43,12,31,277,30,247,13.4375,3.75,9.6875,86.5625,9.375,77.1875
E00134974,266,55,26,29,211,14,197,20.676691729323306,9.774436090225564,10.902255639097744,79.32330827067669,5.263157894736842,74.06015037593986
E00134975,309,50,14,36,259,27,232,16.181229773462782,4.53074433656958,11.650485436893204,83.81877022653723,8.737864077669903,75.08090614886731
E00134976,197,21,6,15,176,22,154,10.65989847715736,3.0456852791878175,7.614213197969544,89.34010152284264,11.16751269035533,78.1725888324873
E00134977,202,35,10,25,167,14,153,17.326732673267326,4.9504950495049505,12.376237623762377,82.67326732673267,6.9306930693069315,75.74257425742574
E00134978,269,36,12,24,233,34,199,13.382899628252787,4.4609665427509295,8.921933085501859,86.61710037174721,12.639405204460965,73.97769516728626
E00134979,260,67,32,35,193,21,172,25.769230769230766,12.307692307692308,13.461538461538462,74.23076923076923,8.076923076923077,66.15384615384615
E00134980,431,77,28,49,354,19,335,17.865429234338748,6.496519721577726,11.36890951276102,82.13457076566125,4.408352668213457,77.7262180974478
E00134981,280,39,12,27,241,34,207,13.928571428571429,4.285714285714286,9.642857142857144,86.07142857142858,12.142857142857142,73.92857142857143
E00134982,180,20,9,11,160,11,149,11.11111111111111,5,6.111111111111111,88.88888888888889,6.111111111111111,82.77777777777777
E00134983,328,55,20,35,273,25,248,16.76829268292683,6.097560975609756,10.670731707317072,83.23170731707317,7.621951219512195,75.60975609756098
E00134984,302,29,10,19,273,19,254,9.602649006622517,3.3112582781456954,6.291390728476822,90.39735099337747,6.291390728476822,84.10596026490066
E00134985,242,52,20,32,190,30,160,21.487603305785125,8.264462809917356,13.223140495867769,78.51239669421489,12.396694214876034,66.11570247933885
E00134986,273,73,33,40,200,28,172,26.73992673992674,12.087912087912088,14.652014652014653,73.26007326007326,10.256410256410255,63.003663003663
E00134987,228,55,25,30,173,20,153,24.12280701754386,10.964912280701753,13.157894736842104,75.87719298245614,8.771929824561402,67.10526315789474
E00134988,280,53,19,34,227,27,200,18.928571428571427,6.785714285714286,12.142857142857142,81.07142857142857,9.642857142857144,71.42857142857143
E00134989,246,45,18,27,201,22,179,18.29268292682927,7.317073170731707,10.975609756097562,81.70731707317073,8.94308943089431,72.76422764227642
E00134990,265,52,19,33,213,32,181,19.622641509433965,7.169811320754717,12.452830188679245,80.37735849056604,12.075471698113208,68.30188679245282
E00134991,301,45,15,30,256,21,235,14.950166112956811,4.983388704318937,9.966777408637874,85.04983388704319,6.976744186046512,78.07308970099668
E00134992,293,54,19,35,239,41,198,18.43003412969283,6.484641638225256,11.945392491467576,81.56996587030717,13.993174061433447,67.57679180887372
E00134993,322,48,13,35,274,42,232,14.906832298136646,4.037267080745342,10.869565217391305,85.09316770186336,13.043478260869565,72.04968944099379
E00134994,306,46,19,27,260,28,232,15.032679738562091,6.209150326797386,8.823529411764707,84.9673202614379,9.15032679738562,75.81699346405229
E00134995,200,33,14,19,167,24,143,16.5,7.000000000000001,9.5,83.5,12,71.5
E00134996,318,70,36,34,248,25,223,22.0125786163522,11.320754716981133,10.69182389937107,77.9874213836478,7.861635220125786,70.12578616352201
E00134997,343,48,16,32,295,18,277,13.994169096209912,4.664723032069971,9.329446064139942,86.0058309037901,5.247813411078718,80.75801749271136
E00134998,303,44,12,32,259,28,231,14.521452145214523,3.9603960396039604,10.561056105610561,85.47854785478548,9.24092409240924,76.23762376237624
E00134999,341,62,21,41,279,26,253,18.181818181818183,6.158357771260997,12.023460410557185,81.81818181818183,7.624633431085044,74.19354838709677
E00135000,290,42,16,26,248,28,220,14.482758620689657,5.517241379310345,8.96551724137931,85.51724137931035,9.655172413793103,75.86206896551724
E00135001,277,56,26,30,221,18,203,20.216606498194945,9.386281588447654,10.830324909747292,79.78339350180505,6.4981949458483745,73.28519855595668
E00135002,277,56,26,30,221,22,199,20.216606498194945,9.386281588447654,10.830324909747292,79.78339350180505,7.9422382671480145,71.84115523465704
E00135003,295,49,21,28,246,26,220,16.610169491525422,7.118644067796611,9.491525423728813,83.38983050847457,8.813559322033898,74.57627118644068
E00135004,338,71,27,44,267,25,242,21.005917159763314,7.988165680473373,13.017751479289942,78.99408284023669,7.396449704142012,71.59763313609467
E00135005,272,48,16,32,224,19,205,17.647058823529413,5.88235294117647,11.76470588235294,82.35294117647058,6.985294117647059,75.36764705882352
E00135006,238,47,16,31,191,23,168,19.747899159663866,6.722689075630252,13.025210084033615,80.25210084033614,9.663865546218489,70.58823529411765
E00135007,303,40,8,32,263,33,230,13.2013201320132,2.6402640264026402,10.561056105610561,86.79867986798679,10.891089108910892,75.9075907590759
E00135008,280,39,8,31,241,25,216,13.928571428571429,2.857142857142857,11.071428571428571,86.07142857142858,8.928571428571429,77.14285714285715
E00135009,249,61,26,35,188,15,173,24.497991967871485,10.441767068273093,14.056224899598394,75.50200803212851,6.024096385542169,69.47791164658635
E00135010,272,50,18,32,222,28,194,18.38235294117647,6.61764705882353,11.76470588235294,81.61764705882352,10.294117647058822,71.32352941176471
E00135011,279,45,14,31,234,20,214,16.129032258064516,5.017921146953405,11.11111111111111,83.87096774193549,7.168458781362006,76.70250896057348
E00135012,143,62,31,31,81,10,71,43.35664335664335,21.678321678321677,21.678321678321677,56.64335664335665,6.993006993006993,49.65034965034965
E00135013,252,57,25,32,195,19,176,22.61904761904762,9.920634920634921,12.698412698412698,77.38095238095238,7.5396825396825395,69.84126984126983
E00135014,296,33,7,26,263,31,232,11.14864864864865,2.364864864864865,8.783783783783784,88.85135135135135,10.472972972972974,78.37837837837837
E00135015,206,72,28,44,134,15,119,34.95145631067961,13.592233009708737,21.35922330097087,65.0485436893204,7.281553398058252,57.76699029126213
E00135016,265,58,26,32,207,14,193,21.88679245283019,9.811320754716983,12.075471698113208,78.11320754716982,5.283018867924529,72.83018867924528
E00135017,270,43,18,25,227,28,199,15.925925925925927,6.666666666666667,9.25925925925926,84.07407407407408,10.37037037037037,73.70370370370371
E00135018,314,42,10,32,272,29,243,13.375796178343949,3.1847133757961785,10.191082802547772,86.62420382165605,9.235668789808917,77.38853503184714
E00135019,237,53,23,30,184,13,171,22.362869198312236,9.70464135021097,12.658227848101266,77.63713080168776,5.485232067510549,72.15189873417721
E00135020,300,56,22,34,244,35,209,18.666666666666668,7.333333333333333,11.333333333333332,81.33333333333333,11.666666666666666,69.66666666666667
E00135021,249,36,8,28,213,32,181,14.457831325301203,3.2128514056224895,11.244979919678714,85.54216867469879,12.851405622489958,72.69076305220884
E00135022,250,51,13,38,199,19,180,20.4,5.2,15.2,79.60000000000001,7.6,72
E00135023,365,55,17,38,310,26,284,15.068493150684931,4.657534246575342,10.41095890410959,84.93150684931507,7.123287671232877,77.8082191780822
E00135024,284,41,14,27,243,25,218,14.43661971830986,4.929577464788732,9.507042253521126,85.56338028169014,8.80281690140845,76.76056338028168
E00135025,226,53,20,33,173,21,152,23.451327433628318,8.849557522123893,14.601769911504425,76.54867256637168,9.29203539823009,67.2566371681416
E00135026,285,36,6,30,249,23,226,12.631578947368421,2.1052631578947367,10.526315789473683,87.36842105263159,8.070175438596491,79.2982456140351
E00135027,265,18,6,12,247,23,224,6.7924528301886795,2.2641509433962264,4.528301886792453,93.20754716981132,8.679245283018867,84.52830188679246
E00135028,339,49,21,28,290,35,255,14.454277286135694,6.1946902654867255,8.259587020648967,85.54572271386431,10.32448377581121,75.22123893805309
E00135029,319,49,15,34,270,38,232,15.360501567398119,4.702194357366771,10.658307210031348,84.63949843260188,11.912225705329153,72.72727272727273
E00135030,251,32,13,19,219,26,193,12.749003984063744,5.179282868525896,7.569721115537849,87.25099601593625,10.358565737051793,76.89243027888446
E00135031,307,33,9,24,274,27,247,10.749185667752444,2.9315960912052117,7.81758957654723,89.25081433224756,8.794788273615636,80.45602605863192
E00135032,252,31,9,22,221,24,197,12.3015873015873,3.571428571428571,8.73015873015873,87.6984126984127,9.523809523809524,78.17460317460318
E00135033,213,54,24,30,159,19,140,25.352112676056336,11.267605633802818,14.084507042253522,74.64788732394366,8.92018779342723,65.72769953051643
E00135034,299,33,7,26,266,25,241,11.036789297658862,2.341137123745819,8.695652173913043,88.96321070234113,8.361204013377927,80.60200668896321
E00135035,281,47,19,28,234,24,210,16.72597864768683,6.761565836298933,9.9644128113879,83.27402135231317,8.540925266903916,74.73309608540926
E00135037,298,62,33,29,236,18,218,20.80536912751678,11.073825503355705,9.731543624161073,79.19463087248322,6.0402684563758395,73.15436241610739
E00135038,345,88,55,33,257,24,233,25.507246376811594,15.942028985507244,9.565217391304348,74.4927536231884,6.956521739130435,67.53623188405797
E00135039,395,114,46,68,281,30,251,28.860759493670884,11.645569620253164,17.21518987341772,71.13924050632912,7.59493670886076,63.54430379746835
E00135040,294,49,15,34,245,22,223,16.666666666666664,5.1020408163265305,11.564625850340136,83.33333333333334,7.482993197278912,75.85034013605441
E00135041,305,44,10,34,261,26,235,14.426229508196723,3.278688524590164,11.147540983606557,85.57377049180329,8.524590163934425,77.04918032786885
E00135042,361,92,34,58,269,31,238,25.48476454293629,9.418282548476455,16.06648199445983,74.51523545706371,8.587257617728532,65.92797783933518
E00135043,253,28,9,19,225,24,201,11.067193675889328,3.557312252964427,7.5098814229249005,88.93280632411067,9.486166007905137,79.44664031620553
E00135044,385,40,10,30,345,34,311,10.38961038961039,2.5974025974025974,7.792207792207792,89.6103896103896,8.831168831168831,80.77922077922078
E00135045,250,29,4,25,221,23,198,11.600000000000001,1.6,10,88.4,9.2,79.2
E00135046,509,53,17,36,456,43,413,10.412573673870334,3.3398821218074657,7.072691552062868,89.58742632612967,8.447937131630647,81.13948919449902
E00135047,318,34,6,28,284,29,255,10.69182389937107,1.8867924528301887,8.80503144654088,89.30817610062893,9.119496855345911,80.18867924528303
E00135048,545,116,57,59,429,36,393,21.28440366972477,10.458715596330276,10.825688073394495,78.71559633027523,6.605504587155964,72.11009174311927
E00135049,350,46,16,30,304,23,281,13.142857142857142,4.571428571428571,8.571428571428571,86.85714285714286,6.571428571428571,80.28571428571428
E00135050,541,95,38,57,446,31,415,17.56007393715342,7.024029574861368,10.536044362292053,82.43992606284658,5.730129390018484,76.7097966728281
E00135051,326,55,21,34,271,25,246,16.87116564417178,6.441717791411043,10.429447852760736,83.12883435582822,7.668711656441718,75.4601226993865
E00135052,384,84,35,49,300,33,267,21.875,9.114583333333332,12.760416666666666,78.125,8.59375,69.53125
E00135053,377,65,24,41,312,34,278,17.24137931034483,6.36604774535809,10.875331564986737,82.75862068965517,9.018567639257293,73.74005305039788
E00135054,350,63,20,43,287,39,248,18,5.714285714285714,12.285714285714286,82,11.142857142857142,70.85714285714285
E00135055,284,72,25,47,212,27,185,25.352112676056336,8.80281690140845,16.549295774647888,74.64788732394366,9.507042253521126,65.14084507042254
E00135056,420,95,34,61,325,32,293,22.61904761904762,8.095238095238095,14.523809523809526,77.38095238095238,7.6190476190476195,69.76190476190476
E00135057,148,28,4,24,120,11,109,18.91891891891892,2.7027027027027026,16.216216216216218,81.08108108108108,7.4324324324324325,73.64864864864865
E00135058,138,28,9,19,110,10,100,20.28985507246377,6.521739130434782,13.768115942028986,79.71014492753623,7.246376811594203,72.46376811594203
E00135059,192,64,33,31,128,12,116,33.33333333333333,17.1875,16.145833333333336,66.66666666666666,6.25,60.416666666666664
E00135060,220,33,7,26,187,22,165,15,3.1818181818181817,11.818181818181818,85,10,75
E00135061,248,43,17,26,205,30,175,17.338709677419356,6.854838709677419,10.483870967741936,82.66129032258065,12.096774193548388,70.56451612903226
E00135062,257,50,14,36,207,24,183,19.45525291828794,5.447470817120623,14.007782101167315,80.54474708171206,9.33852140077821,71.20622568093385
E00135063,345,115,61,54,230,19,211,33.33333333333333,17.681159420289855,15.65217391304348,66.66666666666666,5.507246376811594,61.15942028985507
E00135064,436,91,46,45,345,32,313,20.871559633027523,10.550458715596331,10.321100917431194,79.12844036697247,7.339449541284404,71.78899082568807
E00169818,501,112,50,62,389,44,345,22.355289421157686,9.980039920159681,12.375249500998004,77.64471057884231,8.78243512974052,68.8622754491018
E00169819,191,28,7,21,163,21,142,14.659685863874344,3.664921465968586,10.99476439790576,85.34031413612566,10.99476439790576,74.3455497382199
E00169820,220,60,32,28,160,18,142,27.27272727272727,14.545454545454545,12.727272727272727,72.72727272727273,8.181818181818182,64.54545454545455
E00169821,306,50,13,37,256,20,236,16.33986928104575,4.248366013071895,12.091503267973856,83.66013071895425,6.535947712418301,77.12418300653596
E00169822,317,36,6,30,281,36,245,11.35646687697161,1.8927444794952681,9.46372239747634,88.64353312302839,11.35646687697161,77.28706624605678
E00169823,223,21,6,15,202,24,178,9.417040358744394,2.690582959641256,6.726457399103139,90.5829596412556,10.762331838565023,79.82062780269058
E00169825,411,111,61,50,300,24,276,27.00729927007299,14.841849148418493,12.165450121654501,72.99270072992701,5.839416058394161,67.15328467153284
E00169826,383,54,22,32,329,23,306,14.099216710182768,5.7441253263707575,8.355091383812011,85.90078328981723,6.005221932114883,79.89556135770235
E00184647,383,57,25,32,326,32,294,14.882506527415144,6.527415143603134,8.355091383812011,85.11749347258485,8.355091383812011,76.76240208877284
E00184649,275,36,13,23,239,27,212,13.090909090909092,4.7272727272727275,8.363636363636363,86.9090909090909,9.818181818181818,77.0909090909091
E00184650,157,30,10,20,127,15,112,19.10828025477707,6.369426751592357,12.738853503184714,80.89171974522293,9.554140127388536,71.3375796178344
E00184651,108,12,5,7,96,12,84,11.11111111111111,4.62962962962963,6.481481481481481,88.88888888888889,11.11111111111111,77.77777777777779
E00184653,256,55,26,29,201,17,184,21.484375,10.15625,11.328125,78.515625,6.640625,71.875
E00184656,175,19,7,12,156,8,148,10.857142857142858,4,6.857142857142858,89.14285714285714,4.571428571428571,84.57142857142857
E00184660,287,47,8,39,240,22,218,16.376306620209057,2.7874564459930316,13.588850174216027,83.62369337979094,7.665505226480835,75.9581881533101
E00184662,109,18,2,16,91,4,87,16.51376146788991,1.834862385321101,14.678899082568808,83.4862385321101,3.669724770642202,79.81651376146789
E00184663,555,99,46,53,456,38,418,17.83783783783784,8.288288288288289,9.54954954954955,82.16216216216216,6.846846846846846,75.31531531531532
E00184664,134,26,7,19,108,13,95,19.402985074626866,5.223880597014925,14.17910447761194,80.59701492537313,9.701492537313433,70.8955223880597
E00184665,264,42,19,23,222,26,196,15.909090909090908,7.196969696969697,8.712121212121213,84.0909090909091,9.848484848484848,74.24242424242425
E00184666,265,26,15,11,239,24,215,9.811320754716983,5.660377358490567,4.150943396226415,90.18867924528303,9.056603773584905,81.13207547169812
E00184673,474,99,40,59,375,28,347,20.88607594936709,8.438818565400844,12.447257383966246,79.11392405063292,5.9071729957805905,73.20675105485233
E00184676,593,89,39,50,504,49,455,15.008431703204048,6.57672849915683,8.431703204047219,84.99156829679595,8.263069139966273,76.72849915682967
E00184678,464,74,30,44,390,32,358,15.948275862068966,6.4655172413793105,9.482758620689655,84.05172413793103,6.896551724137931,77.15517241379311
E00184681,132,18,5,13,114,8,106,13.636363636363635,3.787878787878788,9.848484848484848,86.36363636363636,6.0606060606060606,80.3030303030303
E00184685,382,62,19,43,320,49,271,16.230366492146597,4.973821989528796,11.2565445026178,83.7696335078534,12.827225130890053,70.94240837696336
E00184687,361,48,18,30,313,32,281,13.29639889196676,4.986149584487535,8.310249307479225,86.70360110803324,8.86426592797784,77.8393351800554
E00184690,153,11,4,7,142,15,127,7.18954248366013,2.6143790849673203,4.57516339869281,92.81045751633987,9.803921568627452,83.00653594771242
E00184694,236,27,9,18,209,23,186,11.440677966101696,3.8135593220338984,7.627118644067797,88.5593220338983,9.745762711864407,78.8135593220339
E00184697,213,37,8,29,176,24,152,17.370892018779344,3.755868544600939,13.615023474178404,82.62910798122066,11.267605633802818,71.36150234741784
E00184698,231,41,18,23,190,17,173,17.74891774891775,7.792207792207792,9.956709956709958,82.25108225108225,7.35930735930736,74.89177489177489
E00184702,323,39,8,31,284,36,248,12.074303405572756,2.476780185758514,9.597523219814242,87.92569659442725,11.145510835913312,76.78018575851394
E00184703,120,8,4,4,112,10,102,6.666666666666667,3.3333333333333335,3.3333333333333335,93.33333333333333,8.333333333333332,85
E00184705,376,61,26,35,315,34,281,16.22340425531915,6.914893617021277,9.308510638297872,83.77659574468085,9.042553191489363,74.7340425531915
E00184707,291,36,12,24,255,36,219,12.371134020618557,4.123711340206185,8.24742268041237,87.62886597938144,12.371134020618557,75.25773195876289
E00184708,116,6,1,5,110,11,99,5.172413793103448,0.8620689655172413,4.310344827586207,94.82758620689656,9.482758620689655,85.34482758620689
E00184709,291,25,8,17,266,17,249,8.59106529209622,2.7491408934707904,5.841924398625429,91.40893470790378,5.841924398625429,85.56701030927834
E00184710,482,50,16,34,432,26,406,10.37344398340249,3.319502074688797,7.053941908713693,89.62655601659752,5.394190871369295,84.23236514522821
E00184711,100,19,9,10,81,9,72,19,9,10,81,9,72
E00184714,470,63,20,43,407,44,363,13.404255319148936,4.25531914893617,9.148936170212766,86.59574468085106,9.361702127659575,77.23404255319149
E00184719,543,110,58,52,433,47,386,20.257826887661142,10.681399631675875,9.576427255985267,79.74217311233886,8.655616942909761,71.08655616942909
E00184720,227,20,5,15,207,28,179,8.81057268722467,2.2026431718061676,6.607929515418502,91.18942731277532,12.334801762114537,78.8546255506608
