OA,ts0590001,ts0590002,ts0590003,ts0590004,ts0590005,ts0590006,ts0590007,ts0590002_PCT,ts0590003_PCT,ts0590004_PCT,ts0590005_PCT,ts0590006_PCT,ts0590007_PCT
E00134648,143,57,17,40,86,73,13,39.86013986013986,11.888111888111888,27.972027972027973,60.13986013986013,51.048951048951054,9.090909090909092
E00134649,84,29,17,12,55,44,11,34.523809523809526,20.238095238095237,14.285714285714285,65.47619047619048,52.38095238095239,13.095238095238097
E00134650,107,26,9,17,81,67,14,24.299065420560748,8.411214953271028,15.887850467289718,75.70093457943925,62.616822429906534,13.084112149532709
E00134651,114,42,16,26,72,60,12,36.84210526315789,14.035087719298245,22.807017543859647,63.1578947368421,52.63157894736842,10.526315789473683
E00134652,89,27,15,12,62,55,7,30.337078651685395,16.853932584269664,13.48314606741573,69.66292134831461,61.79775280898876,7.865168539325842
E00134653,168,63,22,41,105,88,17,37.5,13.095238095238097,24.404761904761905,62.5,52.38095238095239,10.119047619047619
E00134654,161,57,17,40,104,86,18,35.40372670807454,10.559006211180124,24.84472049689441,64.59627329192547,53.41614906832298,11.180124223602485
E00134655,98,36,8,28,62,53,9,36.734693877551024,8.16326530612245,28.57142857142857,63.26530612244898,54.08163265306123,9.183673469387756
E00134656,134,50,16,34,84,71,13,37.3134328358209,11.940298507462686,25.37313432835821,62.68656716417911,52.98507462686567,9.701492537313433
E00134657,124,47,20,27,77,61,16,37.903225806451616,16.129032258064516,21.774193548387096,62.096774193548384,49.193548387096776,12.903225806451612
E00134658,60,26,7,19,34,27,7,43.333333333333336,11.666666666666666,31.666666666666664,56.666666666666664,45,11.666666666666666
E00134659,105,45,16,29,60,46,14,42.857142857142854,15.238095238095239,27.61904761904762,57.14285714285714,43.80952380952381,13.333333333333334
E00134661,155,60,20,40,95,75,20,38.70967741935484,12.903225806451612,25.806451612903224,61.29032258064516,48.38709677419355,12.903225806451612
E00134662,146,48,18,30,98,85,13,32.87671232876712,12.32876712328767,20.54794520547945,67.12328767123287,58.21917808219178,8.904109589041095
E00134663,136,38,12,26,98,84,14,27.941176470588236,8.823529411764707,19.11764705882353,72.05882352941177,61.76470588235294,10.294117647058822
E00134664,87,36,17,19,51,44,7,41.37931034482759,19.54022988505747,21.839080459770116,58.620689655172406,50.57471264367817,8.045977011494253
E00134665,100,44,14,30,56,46,10,44,14.000000000000002,30,56.00000000000001,46,10
E00134666,92,40,14,26,52,45,7,43.47826086956522,15.217391304347828,28.26086956521739,56.52173913043478,48.91304347826087,7.608695652173914
E00134668,120,49,14,35,71,55,16,40.833333333333336,11.666666666666666,29.166666666666668,59.166666666666664,45.83333333333333,13.333333333333334
E00134669,43,12,7,5,31,24,7,27.906976744186046,16.27906976744186,11.627906976744185,72.09302325581395,55.81395348837209,16.27906976744186
E00134670,118,49,16,33,69,59,10,41.52542372881356,13.559322033898304,27.966101694915253,58.47457627118644,50,8.47457627118644
E00134671,95,35,17,18,60,48,12,36.84210526315789,17.894736842105264,18.947368421052634,63.1578947368421,50.526315789473685,12.631578947368421
E00134672,116,50,19,31,66,56,10,43.103448275862064,16.379310344827587,26.72413793103448,56.896551724137936,48.275862068965516,8.620689655172415
E00134673,103,32,12,20,71,51,20,31.06796116504854,11.650485436893204,19.41747572815534,68.93203883495146,49.51456310679612,19.41747572815534
E00134674,132,45,15,30,87,73,14,34.090909090909086,11.363636363636363,22.727272727272727,65.9090909090909,55.3030303030303,10.606060606060606
E00134675,100,30,11,19,70,63,7,30,11,19,70,63,7.000000000000001
E00134676,194,74,32,42,120,101,19,38.144329896907216,16.49484536082474,21.649484536082475,61.855670103092784,52.0618556701031,9.793814432989691
E00134677,93,33,11,22,60,49,11,35.483870967741936,11.827956989247312,23.655913978494624,64.51612903225806,52.68817204301075,11.827956989247312
E00134678,59,18,5,13,41,34,7,30.508474576271187,8.47457627118644,22.033898305084744,69.49152542372882,57.6271186440678,11.864406779661017
E00134679,156,66,29,37,90,66,24,42.30769230769231,18.58974358974359,23.717948717948715,57.692307692307686,42.30769230769231,15.384615384615385
E00134680,74,25,9,16,49,37,12,33.78378378378378,12.162162162162163,21.62162162162162,66.21621621621621,50,16.216216216216218
E00134681,160,54,22,32,106,86,20,33.75,13.750000000000002,20,66.25,53.75,12.5
E00134682,103,40,8,32,63,53,10,38.83495145631068,7.766990291262135,31.06796116504854,61.165048543689316,51.45631067961165,9.70873786407767
E00134683,91,33,11,22,58,45,13,36.26373626373626,12.087912087912088,24.175824175824175,63.73626373626373,49.45054945054945,14.285714285714285
E00134684,101,43,15,28,58,44,14,42.57425742574257,14.85148514851485,27.722772277227726,57.42574257425742,43.56435643564357,13.861386138613863
E00134686,201,60,23,37,141,120,21,29.850746268656714,11.442786069651742,18.407960199004975,70.1492537313433,59.70149253731343,10.44776119402985
E00134687,193,60,22,38,133,108,25,31.088082901554404,11.398963730569948,19.689119170984455,68.9119170984456,55.95854922279793,12.953367875647666
E00134688,155,56,18,38,99,85,14,36.12903225806451,11.612903225806452,24.516129032258064,63.87096774193548,54.83870967741935,9.032258064516128
E00134689,122,46,14,32,76,61,15,37.704918032786885,11.475409836065573,26.229508196721312,62.295081967213115,50,12.295081967213115
E00134690,192,59,16,43,133,120,13,30.729166666666668,8.333333333333332,22.395833333333336,69.27083333333334,62.5,6.770833333333333
E00134691,117,40,15,25,77,62,15,34.18803418803419,12.82051282051282,21.367521367521366,65.8119658119658,52.991452991452995,12.82051282051282
E00134692,115,34,15,19,81,66,15,29.565217391304348,13.043478260869565,16.52173913043478,70.43478260869566,57.391304347826086,13.043478260869565
E00134693,152,48,18,30,104,84,20,31.57894736842105,11.842105263157894,19.736842105263158,68.42105263157895,55.26315789473685,13.157894736842104
E00134694,119,38,15,23,81,58,23,31.932773109243694,12.605042016806722,19.327731092436977,68.0672268907563,48.739495798319325,19.327731092436977
E00134695,70,18,6,12,52,40,12,25.71428571428571,8.571428571428571,17.142857142857142,74.28571428571429,57.14285714285714,17.142857142857142
E00134696,119,40,22,18,79,63,16,33.61344537815126,18.487394957983195,15.126050420168067,66.38655462184873,52.94117647058824,13.445378151260504
E00134697,181,70,30,40,111,77,34,38.67403314917127,16.574585635359114,22.099447513812155,61.32596685082873,42.5414364640884,18.784530386740332
E00134698,190,66,23,43,124,100,24,34.73684210526316,12.105263157894736,22.63157894736842,65.26315789473685,52.63157894736842,12.631578947368421
E00134699,134,50,16,34,84,64,20,37.3134328358209,11.940298507462686,25.37313432835821,62.68656716417911,47.76119402985074,14.925373134328357
E00134700,133,55,17,38,78,57,21,41.35338345864661,12.781954887218044,28.57142857142857,58.64661654135338,42.857142857142854,15.789473684210526
E00134701,187,70,23,47,117,88,29,37.4331550802139,12.299465240641712,25.13368983957219,62.56684491978609,47.05882352941176,15.508021390374333
E00134702,125,40,17,23,85,72,13,32,13.600000000000001,18.4,68,57.599999999999994,10.4
E00134703,110,45,12,33,65,57,8,40.909090909090914,10.909090909090908,30,59.09090909090909,51.81818181818182,7.2727272727272725
E00134704,135,48,14,34,87,77,10,35.55555555555556,10.37037037037037,25.185185185185183,64.44444444444444,57.03703703703704,7.4074074074074066
E00134705,153,51,18,33,102,92,10,33.33333333333333,11.76470588235294,21.568627450980394,66.66666666666666,60.130718954248366,6.535947712418301
E00134706,191,67,29,38,124,95,29,35.07853403141361,15.18324607329843,19.895287958115183,64.92146596858639,49.73821989528796,15.18324607329843
E00134707,149,38,11,27,111,94,17,25.503355704697988,7.38255033557047,18.120805369127517,74.49664429530202,63.08724832214765,11.409395973154362
E00134708,184,73,30,43,111,78,33,39.67391304347826,16.304347826086957,23.369565217391305,60.32608695652174,42.391304347826086,17.934782608695652
E00134709,184,64,24,40,120,106,14,34.78260869565217,13.043478260869565,21.73913043478261,65.21739130434783,57.608695652173914,7.608695652173914
E00134710,146,43,14,29,103,94,9,29.45205479452055,9.58904109589041,19.863013698630137,70.54794520547945,64.38356164383562,6.164383561643835
E00134711,150,56,20,36,94,72,22,37.333333333333336,13.333333333333334,24,62.66666666666667,48,14.666666666666666
E00134713,74,22,4,18,52,46,6,29.72972972972973,5.405405405405405,24.324324324324326,70.27027027027027,62.16216216216216,8.108108108108109
E00134714,103,35,14,21,68,52,16,33.980582524271846,13.592233009708737,20.388349514563107,66.01941747572816,50.48543689320388,15.53398058252427
E00134715,126,38,12,26,88,64,24,30.158730158730158,9.523809523809524,20.634920634920633,69.84126984126983,50.79365079365079,19.047619047619047
E00134716,103,35,12,23,68,58,10,33.980582524271846,11.650485436893204,22.330097087378643,66.01941747572816,56.310679611650485,9.70873786407767
E00134717,140,47,18,29,93,78,15,33.57142857142857,12.857142857142856,20.714285714285715,66.42857142857143,55.714285714285715,10.714285714285714
E00134718,200,74,31,43,126,103,23,37,15.5,21.5,63,51.5,11.5
E00134719,118,48,22,26,70,51,19,40.67796610169492,18.64406779661017,22.033898305084744,59.32203389830508,43.22033898305085,16.101694915254235
E00134720,101,31,15,16,70,54,16,30.693069306930692,14.85148514851485,15.841584158415841,69.3069306930693,53.46534653465347,15.841584158415841
E00134721,100,35,14,21,65,54,11,35,14.000000000000002,21,65,54,11
E00134722,169,52,24,28,117,101,16,30.76923076923077,14.201183431952662,16.56804733727811,69.23076923076923,59.76331360946746,9.467455621301776
E00134723,161,45,12,33,116,100,16,27.95031055900621,7.453416149068323,20.496894409937887,72.04968944099379,62.11180124223602,9.937888198757763
E00134724,186,63,27,36,123,105,18,33.87096774193548,14.516129032258066,19.35483870967742,66.12903225806451,56.451612903225815,9.67741935483871
E00134725,173,71,28,43,102,75,27,41.040462427745666,16.184971098265898,24.85549132947977,58.95953757225434,43.35260115606936,15.606936416184972
E00134726,100,33,11,22,67,62,5,33,11,22,67,62,5
E00134727,146,54,16,38,92,77,15,36.986301369863014,10.95890410958904,26.027397260273972,63.013698630136986,52.73972602739726,10.273972602739725
E00134728,144,52,21,31,92,77,15,36.11111111111111,14.583333333333334,21.52777777777778,63.888888888888886,53.47222222222222,10.416666666666668
E00134729,183,54,13,41,129,112,17,29.508196721311474,7.103825136612022,22.404371584699454,70.49180327868852,61.20218579234973,9.289617486338798
E00134730,110,31,16,15,79,60,19,28.18181818181818,14.545454545454545,13.636363636363635,71.81818181818181,54.54545454545454,17.272727272727273
E00134731,166,55,17,38,111,98,13,33.13253012048193,10.240963855421686,22.89156626506024,66.86746987951807,59.036144578313255,7.83132530120482
E00134732,156,51,14,37,105,81,24,32.69230769230769,8.974358974358974,23.717948717948715,67.3076923076923,51.92307692307693,15.384615384615385
E00134733,195,80,32,48,115,89,26,41.02564102564102,16.41025641025641,24.615384615384617,58.97435897435898,45.64102564102564,13.333333333333334
E00134734,178,59,28,31,119,96,23,33.146067415730336,15.730337078651685,17.415730337078653,66.85393258426966,53.93258426966292,12.921348314606742
E00134735,143,46,15,31,97,85,12,32.16783216783217,10.48951048951049,21.678321678321677,67.83216783216784,59.44055944055944,8.391608391608392
E00134736,118,45,19,26,73,52,21,38.13559322033898,16.101694915254235,22.033898305084744,61.86440677966102,44.06779661016949,17.796610169491526
E00134737,217,77,22,55,140,120,20,35.483870967741936,10.138248847926267,25.34562211981567,64.51612903225806,55.29953917050692,9.216589861751153
E00134738,100,23,7,16,77,57,20,23,7.000000000000001,16,77,56.99999999999999,20
E00134739,82,30,12,18,52,44,8,36.58536585365854,14.634146341463413,21.951219512195124,63.41463414634146,53.65853658536586,9.75609756097561
E00134740,112,28,8,20,84,68,16,25,7.142857142857142,17.857142857142858,75,60.71428571428571,14.285714285714285
E00134741,104,45,22,23,59,47,12,43.269230769230774,21.153846153846153,22.115384615384613,56.730769230769226,45.19230769230769,11.538461538461538
E00134742,83,29,10,19,54,46,8,34.93975903614458,12.048192771084338,22.89156626506024,65.06024096385542,55.42168674698795,9.63855421686747
E00134743,143,43,13,30,100,90,10,30.069930069930066,9.090909090909092,20.97902097902098,69.93006993006993,62.93706293706294,6.993006993006993
E00134744,134,51,17,34,83,64,19,38.059701492537314,12.686567164179104,25.37313432835821,61.940298507462686,47.76119402985074,14.17910447761194
E00134745,86,26,13,13,60,54,6,30.23255813953488,15.11627906976744,15.11627906976744,69.76744186046511,62.7906976744186,6.976744186046512
E00134746,162,62,24,38,100,82,18,38.2716049382716,14.814814814814813,23.456790123456788,61.72839506172839,50.617283950617285,11.11111111111111
E00134747,200,60,26,34,140,125,15,30,13,17,70,62.5,7.5
E00134748,179,54,20,34,125,102,23,30.16759776536313,11.1731843575419,18.994413407821227,69.83240223463687,56.98324022346368,12.849162011173185
E00134749,283,98,32,66,185,161,24,34.62897526501767,11.307420494699647,23.32155477031802,65.37102473498233,56.8904593639576,8.480565371024735
E00134750,217,76,26,50,141,115,26,35.02304147465438,11.981566820276496,23.04147465437788,64.97695852534562,52.995391705069125,11.981566820276496
E00134751,157,53,11,42,104,90,14,33.75796178343949,7.006369426751593,26.751592356687897,66.2420382165605,57.324840764331206,8.9171974522293
E00134752,93,28,7,21,65,59,6,30.107526881720432,7.526881720430108,22.58064516129032,69.89247311827957,63.44086021505376,6.451612903225806
E00134753,212,70,27,43,142,114,28,33.0188679245283,12.735849056603774,20.28301886792453,66.98113207547169,53.77358490566038,13.20754716981132
E00134754,113,20,7,13,93,84,9,17.699115044247787,6.1946902654867255,11.504424778761061,82.30088495575221,74.33628318584071,7.964601769911504
E00134755,129,29,6,23,100,89,11,22.48062015503876,4.651162790697675,17.829457364341085,77.51937984496125,68.9922480620155,8.527131782945736
E00134756,166,44,16,28,122,107,15,26.506024096385545,9.63855421686747,16.867469879518072,73.49397590361446,64.45783132530121,9.036144578313253
E00134757,152,66,20,46,86,72,14,43.42105263157895,13.157894736842104,30.263157894736842,56.57894736842105,47.368421052631575,9.210526315789473
E00134758,97,34,7,27,63,59,4,35.051546391752574,7.216494845360824,27.835051546391753,64.94845360824742,60.824742268041234,4.123711340206185
E00134759,127,51,18,33,76,68,8,40.15748031496063,14.173228346456693,25.984251968503933,59.84251968503938,53.54330708661418,6.299212598425196
E00134760,71,29,11,18,42,33,9,40.845070422535215,15.492957746478872,25.352112676056336,59.154929577464785,46.478873239436616,12.676056338028168
E00134761,145,53,23,30,92,77,15,36.55172413793103,15.862068965517242,20.689655172413794,63.44827586206897,53.103448275862064,10.344827586206897
E00134762,96,36,15,21,60,49,11,37.5,15.625,21.875,62.5,51.041666666666664,11.458333333333332
E00134763,133,49,13,36,84,69,15,36.84210526315789,9.774436090225564,27.06766917293233,63.1578947368421,51.8796992481203,11.278195488721805
E00134764,164,63,29,34,101,76,25,38.41463414634146,17.682926829268293,20.73170731707317,61.58536585365854,46.34146341463415,15.24390243902439
E00134765,90,33,9,24,57,50,7,36.666666666666664,10,26.666666666666668,63.33333333333333,55.55555555555556,7.777777777777778
E00134766,135,55,28,27,80,68,12,40.74074074074074,20.74074074074074,20,59.25925925925925,50.37037037037037,8.88888888888889
E00134767,231,65,19,46,166,144,22,28.13852813852814,8.225108225108226,19.913419913419915,71.86147186147186,62.33766233766234,9.523809523809524
E00134768,164,63,21,42,101,80,21,38.41463414634146,12.804878048780488,25.609756097560975,61.58536585365854,48.78048780487805,12.804878048780488
E00134769,145,46,15,31,99,85,14,31.724137931034484,10.344827586206897,21.379310344827587,68.27586206896552,58.620689655172406,9.655172413793103
E00134770,112,47,19,28,65,51,14,41.964285714285715,16.964285714285715,25,58.03571428571429,45.535714285714285,12.5
E00134771,109,38,6,32,71,58,13,34.862385321100916,5.5045871559633035,29.357798165137616,65.13761467889908,53.21100917431193,11.926605504587156
E00134772,194,65,21,44,129,84,45,33.50515463917525,10.824742268041238,22.68041237113402,66.49484536082474,43.29896907216495,23.195876288659793
E00134773,177,62,19,43,115,86,29,35.02824858757062,10.734463276836157,24.293785310734464,64.97175141242938,48.58757062146893,16.38418079096045
E00134774,144,53,17,36,91,79,12,36.80555555555556,11.805555555555555,25,63.19444444444444,54.861111111111114,8.333333333333332
E00134775,87,23,12,11,64,42,22,26.436781609195403,13.793103448275861,12.643678160919542,73.5632183908046,48.275862068965516,25.287356321839084
E00134776,110,40,16,24,70,49,21,36.36363636363637,14.545454545454545,21.818181818181817,63.63636363636363,44.54545454545455,19.090909090909093
E00134777,98,44,14,30,54,37,17,44.89795918367347,14.285714285714285,30.612244897959183,55.10204081632652,37.755102040816325,17.346938775510203
E00134778,143,51,15,36,92,78,14,35.66433566433567,10.48951048951049,25.174825174825177,64.33566433566433,54.54545454545454,9.79020979020979
E00134779,110,47,18,29,63,45,18,42.72727272727273,16.363636363636363,26.36363636363636,57.27272727272727,40.909090909090914,16.363636363636363
E00134780,145,53,19,34,92,79,13,36.55172413793103,13.10344827586207,23.448275862068964,63.44827586206897,54.48275862068965,8.96551724137931
E00134781,125,46,20,26,79,75,4,36.8,16,20.8,63.2,60,3.2
E00134782,163,59,27,32,104,75,29,36.19631901840491,16.56441717791411,19.631901840490798,63.80368098159509,46.012269938650306,17.791411042944784
E00134783,185,54,13,41,131,92,39,29.18918918918919,7.027027027027027,22.162162162162165,70.8108108108108,49.72972972972973,21.08108108108108
E00134784,127,48,21,27,79,62,17,37.79527559055118,16.535433070866144,21.25984251968504,62.20472440944882,48.818897637795274,13.385826771653544
E00134785,198,72,29,43,126,94,32,36.36363636363637,14.646464646464647,21.71717171717172,63.63636363636363,47.474747474747474,16.161616161616163
E00134786,158,48,20,28,110,90,20,30.37974683544304,12.658227848101266,17.72151898734177,69.62025316455697,56.9620253164557,12.658227848101266
E00134787,196,64,17,47,132,114,18,32.6530612244898,8.673469387755102,23.97959183673469,67.3469387755102,58.16326530612245,9.183673469387756
E00134788,110,40,17,23,70,52,18,36.36363636363637,15.454545454545453,20.909090909090907,63.63636363636363,47.27272727272727,16.363636363636363
E00134789,87,39,12,27,48,43,5,44.827586206896555,13.793103448275861,31.03448275862069,55.172413793103445,49.42528735632184,5.747126436781609
E00134790,107,38,8,30,69,56,13,35.51401869158878,7.476635514018691,28.037383177570092,64.48598130841121,52.336448598130836,12.149532710280374
E00134791,132,43,16,27,89,80,9,32.57575757575758,12.121212121212121,20.454545454545457,67.42424242424242,60.60606060606061,6.8181818181818175
E00134792,147,54,19,35,93,79,14,36.734693877551024,12.925170068027212,23.809523809523807,63.26530612244898,53.74149659863946,9.523809523809524
E00134793,87,36,11,25,51,46,5,41.37931034482759,12.643678160919542,28.735632183908045,58.620689655172406,52.87356321839081,5.747126436781609
E00134794,119,36,9,27,83,73,10,30.252100840336134,7.563025210084033,22.689075630252102,69.74789915966386,61.34453781512605,8.403361344537815
E00134795,112,28,9,19,84,71,13,25,8.035714285714286,16.964285714285715,75,63.39285714285714,11.607142857142858
E00134796,117,39,14,25,78,68,10,33.33333333333333,11.965811965811966,21.367521367521366,66.66666666666666,58.119658119658126,8.547008547008547
E00134797,97,35,9,26,62,52,10,36.08247422680412,9.278350515463918,26.804123711340207,63.91752577319587,53.608247422680414,10.309278350515463
E00134798,121,27,8,19,94,81,13,22.31404958677686,6.6115702479338845,15.702479338842975,77.68595041322314,66.94214876033058,10.743801652892563
E00134799,135,48,17,31,87,69,18,35.55555555555556,12.592592592592592,22.962962962962962,64.44444444444444,51.11111111111111,13.333333333333334
E00134800,109,43,14,29,66,55,11,39.44954128440367,12.844036697247708,26.605504587155966,60.550458715596335,50.45871559633027,10.091743119266056
E00134801,133,54,12,42,79,67,12,40.6015037593985,9.022556390977442,31.57894736842105,59.3984962406015,50.37593984962406,9.022556390977442
E00134802,111,45,15,30,66,63,3,40.54054054054054,13.513513513513514,27.027027027027028,59.45945945945946,56.75675675675676,2.7027027027027026
E00134803,132,42,11,31,90,81,9,31.818181818181817,8.333333333333332,23.484848484848484,68.18181818181817,61.36363636363637,6.8181818181818175
E00134804,121,42,18,24,79,66,13,34.710743801652896,14.87603305785124,19.834710743801654,65.28925619834712,54.54545454545454,10.743801652892563
E00134805,114,44,16,28,70,66,4,38.59649122807017,14.035087719298245,24.561403508771928,61.40350877192983,57.89473684210527,3.508771929824561
E00134806,141,40,13,27,101,87,14,28.368794326241137,9.219858156028367,19.148936170212767,71.63120567375887,61.702127659574465,9.929078014184398
E00134807,61,32,9,23,29,22,7,52.459016393442624,14.754098360655737,37.704918032786885,47.540983606557376,36.0655737704918,11.475409836065573
E00134808,126,50,24,26,76,64,12,39.682539682539684,19.047619047619047,20.634920634920633,60.317460317460316,50.79365079365079,9.523809523809524
E00134809,127,45,12,33,82,73,9,35.43307086614173,9.448818897637794,25.984251968503933,64.56692913385827,57.48031496062992,7.086614173228346
E00134810,138,49,12,37,89,80,9,35.507246376811594,8.695652173913043,26.811594202898554,64.4927536231884,57.971014492753625,6.521739130434782
E00134811,154,60,14,46,94,79,15,38.961038961038966,9.090909090909092,29.87012987012987,61.038961038961034,51.298701298701296,9.740259740259742
E00134812,178,67,30,37,111,95,16,37.640449438202246,16.853932584269664,20.786516853932586,62.35955056179775,53.37078651685393,8.98876404494382
E00134813,143,49,23,26,94,84,10,34.26573426573427,16.083916083916083,18.181818181818183,65.73426573426573,58.74125874125874,6.993006993006993
E00134814,210,55,13,42,155,132,23,26.190476190476193,6.190476190476191,20,73.80952380952381,62.857142857142854,10.952380952380953
E00134815,157,53,20,33,104,91,13,33.75796178343949,12.738853503184714,21.019108280254777,66.2420382165605,57.961783439490446,8.280254777070063
E00134816,120,32,11,21,88,70,18,26.666666666666668,9.166666666666666,17.5,73.33333333333333,58.333333333333336,15
E00134817,154,40,14,26,114,96,18,25.97402597402597,9.090909090909092,16.883116883116884,74.02597402597402,62.33766233766234,11.688311688311687
E00134818,114,35,14,21,79,75,4,30.701754385964914,12.280701754385964,18.421052631578945,69.2982456140351,65.78947368421053,3.508771929824561
E00134819,133,42,12,30,91,77,14,31.57894736842105,9.022556390977442,22.55639097744361,68.42105263157895,57.89473684210527,10.526315789473683
E00134820,171,57,22,35,114,96,18,33.33333333333333,12.865497076023392,20.46783625730994,66.66666666666666,56.14035087719298,10.526315789473683
E00134821,111,33,14,19,78,67,11,29.72972972972973,12.612612612612612,17.117117117117118,70.27027027027027,60.36036036036037,9.90990990990991
E00134822,248,71,17,54,177,155,22,28.62903225806452,6.854838709677419,21.774193548387096,71.37096774193549,62.5,8.870967741935484
E00134823,139,41,11,30,98,89,9,29.496402877697843,7.913669064748201,21.58273381294964,70.50359712230215,64.02877697841727,6.474820143884892
E00134824,114,35,11,24,79,71,8,30.701754385964914,9.649122807017543,21.052631578947366,69.2982456140351,62.28070175438597,7.017543859649122
E00134825,113,34,8,26,79,66,13,30.08849557522124,7.079646017699115,23.008849557522122,69.91150442477876,58.4070796460177,11.504424778761061
E00134826,178,64,34,30,114,92,22,35.95505617977528,19.101123595505616,16.853932584269664,64.04494382022472,51.68539325842697,12.359550561797752
E00134827,83,23,6,17,60,53,7,27.710843373493976,7.228915662650602,20.481927710843372,72.28915662650603,63.85542168674698,8.433734939759036
E00134828,216,59,26,33,157,129,28,27.314814814814813,12.037037037037036,15.277777777777779,72.68518518518519,59.72222222222222,12.962962962962962
E00134829,142,47,17,30,95,76,19,33.098591549295776,11.971830985915492,21.12676056338028,66.90140845070422,53.52112676056338,13.380281690140844
E00134830,161,58,21,37,103,85,18,36.024844720496894,13.043478260869565,22.981366459627328,63.975155279503106,52.79503105590062,11.180124223602485
E00134831,195,61,23,38,134,102,32,31.28205128205128,11.794871794871794,19.48717948717949,68.71794871794872,52.307692307692314,16.41025641025641
E00134832,175,55,19,36,120,102,18,31.428571428571427,10.857142857142858,20.57142857142857,68.57142857142857,58.285714285714285,10.285714285714285
E00134833,194,68,33,35,126,96,30,35.051546391752574,17.010309278350515,18.04123711340206,64.94845360824742,49.48453608247423,15.463917525773196
E00134834,57,20,5,15,37,30,7,35.08771929824561,8.771929824561402,26.31578947368421,64.91228070175438,52.63157894736842,12.280701754385964
E00134835,119,36,8,28,83,71,12,30.252100840336134,6.722689075630252,23.52941176470588,69.74789915966386,59.66386554621849,10.084033613445378
E00134836,74,21,8,13,53,40,13,28.37837837837838,10.81081081081081,17.56756756756757,71.62162162162163,54.054054054054056,17.56756756756757
E00134837,189,73,25,48,116,94,22,38.62433862433862,13.227513227513226,25.396825396825395,61.37566137566137,49.735449735449734,11.64021164021164
E00134838,225,76,21,55,149,124,25,33.77777777777778,9.333333333333334,24.444444444444443,66.22222222222223,55.111111111111114,11.11111111111111
E00134839,269,85,24,61,184,159,25,31.59851301115242,8.921933085501859,22.676579925650557,68.40148698884758,59.10780669144982,9.293680297397769
E00134840,153,48,15,33,105,92,13,31.372549019607842,9.803921568627452,21.568627450980394,68.62745098039215,60.130718954248366,8.49673202614379
E00134841,300,96,23,73,204,165,39,32,7.666666666666666,24.333333333333336,68,55.00000000000001,13
E00134842,123,44,15,29,79,64,15,35.77235772357724,12.195121951219512,23.577235772357724,64.22764227642277,52.03252032520326,12.195121951219512
E00134844,179,47,18,29,132,106,26,26.256983240223462,10.05586592178771,16.201117318435752,73.74301675977654,59.217877094972074,14.52513966480447
E00134845,107,38,15,23,69,62,7,35.51401869158878,14.018691588785046,21.49532710280374,64.48598130841121,57.943925233644855,6.5420560747663545
E00134846,155,45,11,34,110,95,15,29.03225806451613,7.096774193548387,21.935483870967744,70.96774193548387,61.29032258064516,9.67741935483871
E00134847,144,38,9,29,106,91,15,26.38888888888889,6.25,20.13888888888889,73.61111111111111,63.19444444444444,10.416666666666668
E00134848,157,57,20,37,100,79,21,36.30573248407643,12.738853503184714,23.56687898089172,63.69426751592356,50.318471337579616,13.375796178343949
E00134850,208,81,30,51,127,95,32,38.94230769230769,14.423076923076922,24.519230769230766,61.057692307692314,45.67307692307692,15.384615384615385
E00134851,192,69,22,47,123,100,23,35.9375,11.458333333333332,24.479166666666664,64.0625,52.083333333333336,11.979166666666668
E00134852,122,38,12,26,84,72,12,31.147540983606557,9.836065573770492,21.311475409836063,68.85245901639344,59.01639344262295,9.836065573770492
E00134853,177,63,24,39,114,94,20,35.59322033898305,13.559322033898304,22.033898305084744,64.40677966101694,53.10734463276836,11.299435028248588
E00134854,135,51,17,34,84,70,14,37.77777777777778,12.592592592592592,25.185185185185183,62.22222222222222,51.85185185185185,10.37037037037037
E00134855,136,44,16,28,92,76,16,32.35294117647059,11.76470588235294,20.588235294117645,67.64705882352942,55.88235294117647,11.76470588235294
E00134856,124,52,19,33,72,55,17,41.935483870967744,15.32258064516129,26.61290322580645,58.06451612903226,44.354838709677416,13.709677419354838
E00134857,134,52,25,27,82,67,15,38.80597014925373,18.65671641791045,20.149253731343283,61.19402985074627,50,11.194029850746269
E00134858,219,67,23,44,152,120,32,30.59360730593607,10.50228310502283,20.091324200913242,69.40639269406392,54.794520547945204,14.61187214611872
E00134859,137,46,13,33,91,72,19,33.57664233576642,9.48905109489051,24.087591240875913,66.42335766423358,52.55474452554745,13.86861313868613
E00134860,107,24,3,21,83,74,9,22.429906542056074,2.803738317757009,19.626168224299064,77.57009345794393,69.1588785046729,8.411214953271028
E00134861,177,49,14,35,128,116,12,27.683615819209038,7.909604519774012,19.774011299435028,72.31638418079096,65.5367231638418,6.779661016949152
E00134862,169,63,27,36,106,95,11,37.278106508875744,15.976331360946746,21.301775147928996,62.721893491124256,56.213017751479285,6.508875739644971
E00134863,274,88,27,61,186,170,16,32.11678832116788,9.854014598540147,22.26277372262774,67.88321167883211,62.04379562043796,5.839416058394161
E00134864,139,50,15,35,89,79,10,35.97122302158273,10.79136690647482,25.179856115107913,64.02877697841727,56.83453237410072,7.1942446043165464
E00134865,178,63,23,40,115,97,18,35.39325842696629,12.921348314606742,22.47191011235955,64.60674157303372,54.49438202247191,10.112359550561797
E00134866,182,59,18,41,123,103,20,32.417582417582416,9.89010989010989,22.52747252747253,67.58241758241759,56.59340659340659,10.989010989010989
E00134867,83,38,14,24,45,40,5,45.78313253012048,16.867469879518072,28.915662650602407,54.21686746987952,48.19277108433735,6.024096385542169
E00134868,133,43,15,28,90,71,19,32.33082706766917,11.278195488721805,21.052631578947366,67.66917293233082,53.383458646616546,14.285714285714285
E00134869,159,62,21,41,97,83,14,38.9937106918239,13.20754716981132,25.78616352201258,61.0062893081761,52.20125786163522,8.80503144654088
E00134870,143,44,13,31,99,86,13,30.76923076923077,9.090909090909092,21.678321678321677,69.23076923076923,60.13986013986013,9.090909090909092
E00134871,146,34,13,21,112,92,20,23.28767123287671,8.904109589041095,14.383561643835616,76.71232876712328,63.013698630136986,13.698630136986301
E00134872,142,44,14,30,98,74,24,30.985915492957744,9.859154929577464,21.12676056338028,69.01408450704226,52.112676056338024,16.901408450704224
E00134873,137,44,23,21,93,76,17,32.11678832116788,16.78832116788321,15.328467153284672,67.88321167883211,55.47445255474452,12.408759124087592
E00134874,200,75,29,46,125,113,12,37.5,14.499999999999998,23,62.5,56.49999999999999,6
E00134875,136,42,17,25,94,84,10,30.88235294117647,12.5,18.38235294117647,69.11764705882352,61.76470588235294,7.352941176470589
E00134876,184,53,12,41,131,111,20,28.804347826086957,6.521739130434782,22.282608695652172,71.19565217391305,60.32608695652174,10.869565217391305
E00134877,111,36,9,27,75,67,8,32.432432432432435,8.108108108108109,24.324324324324326,67.56756756756756,60.36036036036037,7.207207207207207
E00134878,134,53,21,32,81,69,12,39.55223880597015,15.671641791044777,23.88059701492537,60.447761194029844,51.49253731343284,8.955223880597014
E00134879,79,26,7,19,53,40,13,32.91139240506329,8.860759493670885,24.050632911392405,67.08860759493672,50.63291139240506,16.455696202531644
E00134880,104,37,12,25,67,57,10,35.57692307692308,11.538461538461538,24.03846153846154,64.42307692307693,54.807692307692314,9.615384615384617
E00134882,119,40,12,28,79,70,9,33.61344537815126,10.084033613445378,23.52941176470588,66.38655462184873,58.82352941176471,7.563025210084033
E00134883,138,47,12,35,91,73,18,34.05797101449276,8.695652173913043,25.36231884057971,65.94202898550725,52.89855072463768,13.043478260869565
E00134884,111,36,8,28,75,67,8,32.432432432432435,7.207207207207207,25.225225225225223,67.56756756756756,60.36036036036037,7.207207207207207
E00134885,204,59,24,35,145,124,21,28.921568627450984,11.76470588235294,17.15686274509804,71.07843137254902,60.78431372549019,10.294117647058822
E00134887,153,48,18,30,105,86,19,31.372549019607842,11.76470588235294,19.607843137254903,68.62745098039215,56.209150326797385,12.418300653594772
E00134888,140,51,18,33,89,68,21,36.42857142857142,12.857142857142856,23.57142857142857,63.57142857142857,48.57142857142857,15
E00134889,120,32,16,16,88,78,10,26.666666666666668,13.333333333333334,13.333333333333334,73.33333333333333,65,8.333333333333332
E00134890,167,61,21,40,106,86,20,36.52694610778443,12.574850299401197,23.952095808383234,63.47305389221557,51.49700598802395,11.976047904191617
E00134891,152,50,17,33,102,85,17,32.89473684210527,11.18421052631579,21.710526315789476,67.10526315789474,55.92105263157895,11.18421052631579
E00134892,185,63,27,36,122,99,23,34.054054054054056,14.594594594594595,19.45945945945946,65.94594594594595,53.51351351351351,12.432432432432433
E00134893,107,33,11,22,74,66,8,30.8411214953271,10.2803738317757,20.5607476635514,69.1588785046729,61.6822429906542,7.476635514018691
E00134894,144,51,14,37,93,66,27,35.41666666666667,9.722222222222223,25.694444444444443,64.58333333333334,45.83333333333333,18.75
E00134895,100,40,19,21,60,52,8,40,19,21,60,52,8
E00134896,241,87,21,66,154,133,21,36.099585062240664,8.71369294605809,27.385892116182575,63.90041493775933,55.18672199170125,8.71369294605809
E00134897,178,61,25,36,117,76,41,34.26966292134831,14.04494382022472,20.224719101123593,65.73033707865169,42.69662921348314,23.03370786516854
E00134898,117,42,21,21,75,63,12,35.8974358974359,17.94871794871795,17.94871794871795,64.1025641025641,53.84615384615385,10.256410256410255
E00134899,119,33,18,15,86,65,21,27.73109243697479,15.126050420168067,12.605042016806722,72.26890756302521,54.621848739495796,17.647058823529413
E00134900,114,46,15,31,68,62,6,40.35087719298245,13.157894736842104,27.192982456140353,59.64912280701754,54.385964912280706,5.263157894736842
E00134901,102,38,16,22,64,52,12,37.254901960784316,15.686274509803921,21.568627450980394,62.745098039215684,50.98039215686274,11.76470588235294
E00134902,128,41,14,27,87,69,18,32.03125,10.9375,21.09375,67.96875,53.90625,14.0625
E00134905,89,29,7,22,60,51,9,32.58426966292135,7.865168539325842,24.719101123595504,67.41573033707866,57.30337078651685,10.112359550561797
E00134906,148,60,30,30,88,72,16,40.54054054054054,20.27027027027027,20.27027027027027,59.45945945945946,48.64864864864865,10.81081081081081
E00134907,145,51,17,34,94,79,15,35.172413793103445,11.724137931034482,23.448275862068964,64.82758620689654,54.48275862068965,10.344827586206897
E00134908,103,42,23,19,61,52,9,40.77669902912621,22.330097087378643,18.446601941747574,59.22330097087378,50.48543689320388,8.737864077669903
E00134909,94,35,15,20,59,50,9,37.234042553191486,15.957446808510639,21.27659574468085,62.76595744680851,53.191489361702125,9.574468085106384
E00134910,109,34,9,25,75,70,5,31.19266055045872,8.256880733944955,22.93577981651376,68.80733944954129,64.22018348623854,4.587155963302752
E00134911,163,36,11,25,127,109,18,22.085889570552148,6.748466257668712,15.337423312883436,77.91411042944786,66.87116564417178,11.042944785276074
E00134912,61,21,8,13,40,28,12,34.42622950819672,13.114754098360656,21.311475409836063,65.57377049180327,45.90163934426229,19.672131147540984
E00134913,216,74,24,50,142,127,15,34.25925925925926,11.11111111111111,23.14814814814815,65.74074074074075,58.79629629629629,6.944444444444445
E00134914,180,53,22,31,127,109,18,29.444444444444446,12.222222222222221,17.22222222222222,70.55555555555556,60.55555555555555,10
E00134915,138,44,14,30,94,72,22,31.88405797101449,10.144927536231885,21.73913043478261,68.11594202898551,52.17391304347826,15.942028985507244
E00134916,130,44,8,36,86,69,17,33.84615384615385,6.153846153846154,27.692307692307693,66.15384615384615,53.07692307692308,13.076923076923078
E00134917,112,44,18,26,68,57,11,39.285714285714285,16.071428571428573,23.214285714285715,60.71428571428571,50.89285714285714,9.821428571428571
E00134918,163,54,12,42,109,99,10,33.12883435582822,7.361963190184049,25.766871165644172,66.87116564417178,60.73619631901841,6.134969325153374
E00134919,138,42,12,30,96,79,17,30.434782608695656,8.695652173913043,21.73913043478261,69.56521739130434,57.2463768115942,12.318840579710146
E00134920,107,41,17,24,66,56,10,38.31775700934579,15.887850467289718,22.429906542056074,61.6822429906542,52.336448598130836,9.345794392523365
E00134921,142,55,12,43,87,76,11,38.732394366197184,8.450704225352112,30.28169014084507,61.267605633802816,53.52112676056338,7.746478873239436
E00134922,114,33,11,22,81,69,12,28.947368421052634,9.649122807017543,19.298245614035086,71.05263157894737,60.526315789473685,10.526315789473683
E00134923,137,49,14,35,88,79,9,35.76642335766424,10.218978102189782,25.547445255474454,64.23357664233576,57.66423357664233,6.569343065693431
E00134924,158,50,11,39,108,89,19,31.645569620253166,6.962025316455696,24.68354430379747,68.35443037974683,56.32911392405063,12.025316455696203
E00134925,134,50,18,32,84,72,12,37.3134328358209,13.432835820895523,23.88059701492537,62.68656716417911,53.73134328358209,8.955223880597014
E00134926,146,51,17,34,95,83,12,34.93150684931507,11.643835616438356,23.28767123287671,65.06849315068493,56.849315068493155,8.21917808219178
E00134927,132,41,6,35,91,77,14,31.060606060606062,4.545454545454546,26.515151515151516,68.93939393939394,58.333333333333336,10.606060606060606
E00134928,158,47,14,33,111,103,8,29.746835443037973,8.860759493670885,20.88607594936709,70.25316455696202,65.18987341772153,5.063291139240507
E00134929,148,48,17,31,100,88,12,32.432432432432435,11.486486486486488,20.945945945945947,67.56756756756756,59.45945945945946,8.108108108108109
E00134930,110,42,12,30,68,58,10,38.18181818181819,10.909090909090908,27.27272727272727,61.81818181818181,52.72727272727272,9.090909090909092
E00134931,124,54,14,40,70,54,16,43.54838709677419,11.29032258064516,32.25806451612903,56.451612903225815,43.54838709677419,12.903225806451612
E00134932,98,25,8,17,73,68,5,25.510204081632654,8.16326530612245,17.346938775510203,74.48979591836735,69.38775510204081,5.1020408163265305
E00134933,180,64,17,47,116,104,12,35.55555555555556,9.444444444444445,26.111111111111114,64.44444444444444,57.77777777777777,6.666666666666667
E00134934,125,49,16,33,76,66,10,39.2,12.8,26.400000000000002,60.8,52.800000000000004,8
E00134935,106,34,7,27,72,61,11,32.075471698113205,6.60377358490566,25.471698113207548,67.9245283018868,57.54716981132076,10.377358490566039
E00134936,142,43,15,28,99,83,16,30.28169014084507,10.56338028169014,19.718309859154928,69.71830985915493,58.45070422535211,11.267605633802818
E00134937,143,42,12,30,101,87,14,29.37062937062937,8.391608391608392,20.97902097902098,70.62937062937063,60.83916083916085,9.79020979020979
E00134938,66,25,9,16,41,34,7,37.878787878787875,13.636363636363635,24.242424242424242,62.121212121212125,51.515151515151516,10.606060606060606
E00134939,132,42,18,24,90,71,19,31.818181818181817,13.636363636363635,18.181818181818183,68.18181818181817,53.78787878787878,14.393939393939394
E00134940,185,65,22,43,120,106,14,35.13513513513514,11.891891891891893,23.243243243243246,64.86486486486487,57.2972972972973,7.567567567567568
E00134941,111,42,10,32,69,63,6,37.83783783783784,9.00900900900901,28.82882882882883,62.16216216216216,56.75675675675676,5.405405405405405
E00134942,144,45,17,28,99,90,9,31.25,11.805555555555555,19.444444444444446,68.75,62.5,6.25
E00134943,116,51,17,34,65,53,12,43.96551724137931,14.655172413793101,29.310344827586203,56.03448275862068,45.689655172413794,10.344827586206897
E00134944,84,24,9,15,60,52,8,28.57142857142857,10.714285714285714,17.857142857142858,71.42857142857143,61.904761904761905,9.523809523809524
E00134945,92,37,9,28,55,47,8,40.21739130434783,9.782608695652174,30.434782608695656,59.78260869565217,51.08695652173913,8.695652173913043
E00134946,103,30,10,20,73,57,16,29.126213592233007,9.70873786407767,19.41747572815534,70.87378640776699,55.33980582524271,15.53398058252427
E00134947,124,33,6,27,91,77,14,26.61290322580645,4.838709677419355,21.774193548387096,73.38709677419355,62.096774193548384,11.29032258064516
E00134948,170,54,19,35,116,92,24,31.76470588235294,11.176470588235295,20.588235294117645,68.23529411764706,54.11764705882353,14.117647058823529
E00134949,85,25,6,19,60,52,8,29.411764705882355,7.0588235294117645,22.35294117647059,70.58823529411765,61.1764705882353,9.411764705882353
E00134950,112,46,15,31,66,57,9,41.07142857142857,13.392857142857142,27.67857142857143,58.92857142857143,50.89285714285714,8.035714285714286
E00134952,117,40,9,31,77,67,10,34.18803418803419,7.6923076923076925,26.495726495726498,65.8119658119658,57.26495726495726,8.547008547008547
E00134953,112,29,4,25,83,74,9,25.892857142857146,3.571428571428571,22.321428571428573,74.10714285714286,66.07142857142857,8.035714285714286
E00134954,165,54,15,39,111,87,24,32.72727272727273,9.090909090909092,23.636363636363637,67.27272727272727,52.72727272727272,14.545454545454545
E00134955,148,64,20,44,84,73,11,43.24324324324324,13.513513513513514,29.72972972972973,56.75675675675676,49.32432432432432,7.4324324324324325
E00134956,111,37,8,29,74,65,9,33.33333333333333,7.207207207207207,26.126126126126124,66.66666666666666,58.55855855855856,8.108108108108109
E00134957,112,40,11,29,72,66,6,35.714285714285715,9.821428571428571,25.892857142857146,64.28571428571429,58.92857142857143,5.357142857142857
E00134958,177,53,18,35,124,98,26,29.943502824858758,10.16949152542373,19.774011299435028,70.05649717514125,55.367231638418076,14.689265536723164
E00134959,118,38,11,27,80,66,14,32.20338983050847,9.322033898305085,22.88135593220339,67.79661016949152,55.932203389830505,11.864406779661017
E00134960,108,37,10,27,71,60,11,34.25925925925926,9.25925925925926,25,65.74074074074075,55.55555555555556,10.185185185185185
E00134962,133,42,10,32,91,83,8,31.57894736842105,7.518796992481203,24.06015037593985,68.42105263157895,62.40601503759399,6.015037593984962
E00134963,69,22,8,14,47,47,0,31.88405797101449,11.594202898550725,20.28985507246377,68.11594202898551,68.11594202898551,0
E00134964,119,48,15,33,71,60,11,40.33613445378151,12.605042016806722,27.73109243697479,59.66386554621849,50.42016806722689,9.243697478991598
E00134965,78,18,11,7,60,54,6,23.076923076923077,14.102564102564102,8.974358974358974,76.92307692307693,69.23076923076923,7.6923076923076925
E00134966,261,87,25,62,174,137,37,33.33333333333333,9.578544061302683,23.754789272030653,66.66666666666666,52.490421455938694,14.17624521072797
E00134967,161,56,23,33,105,85,20,34.78260869565217,14.285714285714285,20.496894409937887,65.21739130434783,52.79503105590062,12.422360248447205
E00134968,211,68,22,46,143,113,30,32.22748815165877,10.42654028436019,21.80094786729858,67.77251184834124,53.55450236966824,14.218009478672986
E00134969,203,54,20,34,149,122,27,26.60098522167488,9.852216748768473,16.748768472906402,73.39901477832512,60.09852216748769,13.30049261083744
E00134970,139,37,8,29,102,97,5,26.618705035971225,5.755395683453238,20.863309352517987,73.38129496402878,69.7841726618705,3.5971223021582732
E00134971,227,61,19,42,166,139,27,26.87224669603524,8.370044052863436,18.502202643171806,73.12775330396477,61.23348017621145,11.894273127753303
E00134972,154,46,20,26,108,89,19,29.87012987012987,12.987012987012985,16.883116883116884,70.12987012987013,57.7922077922078,12.337662337662337
E00134973,198,69,20,49,129,109,20,34.84848484848485,10.1010101010101,24.747474747474747,65.15151515151516,55.05050505050505,10.1010101010101
E00134974,128,45,13,32,83,74,9,35.15625,10.15625,25,64.84375,57.8125,7.03125
E00134975,146,53,11,42,93,80,13,36.3013698630137,7.534246575342466,28.767123287671232,63.6986301369863,54.794520547945204,8.904109589041095
E00134976,143,34,5,29,109,87,22,23.776223776223777,3.4965034965034967,20.27972027972028,76.22377622377621,60.83916083916085,15.384615384615385
E00134977,140,40,14,26,100,86,14,28.57142857142857,10,18.571428571428573,71.42857142857143,61.42857142857143,10
E00134978,134,49,23,26,85,69,16,36.56716417910448,17.16417910447761,19.402985074626866,63.43283582089553,51.49253731343284,11.940298507462686
E00134979,128,42,14,28,86,72,14,32.8125,10.9375,21.875,67.1875,56.25,10.9375
E00134980,249,83,26,57,166,143,23,33.33333333333333,10.441767068273093,22.89156626506024,66.66666666666666,57.42971887550201,9.236947791164658
E00134981,169,49,11,38,120,113,7,28.994082840236686,6.508875739644971,22.485207100591715,71.00591715976331,66.86390532544378,4.142011834319527
E00134982,101,29,8,21,72,61,11,28.71287128712871,7.920792079207921,20.792079207920793,71.28712871287128,60.396039603960396,10.891089108910892
E00134983,137,46,15,31,91,70,21,33.57664233576642,10.948905109489052,22.62773722627737,66.42335766423358,51.09489051094891,15.328467153284672
E00134984,163,58,16,42,105,86,19,35.58282208588957,9.815950920245399,25.766871165644172,64.41717791411043,52.760736196319016,11.65644171779141
E00134985,88,35,15,20,53,48,5,39.77272727272727,17.045454545454543,22.727272727272727,60.22727272727273,54.54545454545454,5.681818181818182
E00134986,95,36,11,25,59,52,7,37.89473684210527,11.578947368421053,26.31578947368421,62.10526315789474,54.736842105263165,7.368421052631578
E00134987,69,29,13,16,40,32,8,42.028985507246375,18.84057971014493,23.18840579710145,57.971014492753625,46.3768115942029,11.594202898550725
E00134988,128,43,11,32,85,66,19,33.59375,8.59375,25,66.40625,51.5625,14.84375
E00134989,91,33,17,16,58,48,10,36.26373626373626,18.681318681318682,17.582417582417584,63.73626373626373,52.74725274725275,10.989010989010989
E00134990,92,34,10,24,58,51,7,36.95652173913043,10.869565217391305,26.08695652173913,63.04347826086957,55.434782608695656,7.608695652173914
E00134991,145,57,20,37,88,79,9,39.310344827586206,13.793103448275861,25.517241379310345,60.689655172413794,54.48275862068965,6.206896551724138
E00134992,149,54,19,35,95,83,12,36.241610738255034,12.751677852348994,23.48993288590604,63.758389261744966,55.70469798657718,8.053691275167784
E00134993,165,59,25,34,106,84,22,35.75757575757576,15.151515151515152,20.606060606060606,64.24242424242425,50.90909090909091,13.333333333333334
E00134994,129,47,16,31,82,67,15,36.434108527131784,12.4031007751938,24.031007751937985,63.565891472868216,51.93798449612403,11.627906976744185
E00134995,120,32,12,20,88,75,13,26.666666666666668,10,16.666666666666664,73.33333333333333,62.5,10.833333333333334
E00134996,124,47,16,31,77,55,22,37.903225806451616,12.903225806451612,25,62.096774193548384,44.354838709677416,17.741935483870968
E00134997,168,59,22,37,109,85,24,35.11904761904761,13.095238095238097,22.023809523809522,64.88095238095238,50.595238095238095,14.285714285714285
E00134998,139,50,22,28,89,72,17,35.97122302158273,15.827338129496402,20.14388489208633,64.02877697841727,51.798561151079134,12.23021582733813
E00134999,161,46,11,35,115,100,15,28.57142857142857,6.832298136645963,21.73913043478261,71.42857142857143,62.11180124223602,9.316770186335404
E00135000,157,53,17,36,104,96,8,33.75796178343949,10.828025477707007,22.929936305732486,66.2420382165605,61.146496815286625,5.095541401273886
E00135001,140,62,27,35,78,66,12,44.285714285714285,19.28571428571429,25,55.714285714285715,47.14285714285714,8.571428571428571
E00135002,111,44,11,33,67,56,11,39.63963963963964,9.90990990990991,29.72972972972973,60.36036036036037,50.45045045045045,9.90990990990991
E00135003,145,52,16,36,93,81,12,35.86206896551724,11.03448275862069,24.82758620689655,64.13793103448275,55.86206896551724,8.275862068965518
E00135004,159,45,18,27,114,91,23,28.30188679245283,11.320754716981133,16.9811320754717,71.69811320754717,57.23270440251572,14.465408805031446
E00135005,121,39,15,24,82,65,17,32.231404958677686,12.396694214876034,19.834710743801654,67.76859504132231,53.71900826446281,14.049586776859504
E00135006,111,37,8,29,74,68,6,33.33333333333333,7.207207207207207,26.126126126126124,66.66666666666666,61.261261261261254,5.405405405405405
E00135007,163,52,17,35,111,94,17,31.901840490797547,10.429447852760736,21.472392638036812,68.09815950920245,57.668711656441715,10.429447852760736
E00135008,126,36,13,23,90,72,18,28.57142857142857,10.317460317460316,18.253968253968253,71.42857142857143,57.14285714285714,14.285714285714285
E00135009,109,48,18,30,61,55,6,44.03669724770643,16.51376146788991,27.522935779816514,55.96330275229357,50.45871559633027,5.5045871559633035
E00135010,116,46,12,34,70,61,9,39.6551724137931,10.344827586206897,29.310344827586203,60.3448275862069,52.58620689655172,7.758620689655173
E00135011,136,42,9,33,94,82,12,30.88235294117647,6.61764705882353,24.264705882352942,69.11764705882352,60.29411764705882,8.823529411764707
E00135012,15,3,0,3,12,10,2,20,0,20,80,66.66666666666666,13.333333333333334
E00135013,109,41,11,30,68,59,9,37.61467889908257,10.091743119266056,27.522935779816514,62.38532110091744,54.12844036697248,8.256880733944955
E00135014,168,53,17,36,115,101,14,31.547619047619047,10.119047619047619,21.428571428571427,68.45238095238095,60.11904761904761,8.333333333333332
E00135015,82,30,13,17,52,51,1,36.58536585365854,15.853658536585366,20.73170731707317,63.41463414634146,62.19512195121951,1.2195121951219512
E00135016,118,33,9,24,85,76,9,27.966101694915253,7.627118644067797,20.33898305084746,72.03389830508475,64.40677966101694,7.627118644067797
E00135017,129,47,19,28,82,69,13,36.434108527131784,14.728682170542637,21.705426356589147,63.565891472868216,53.48837209302325,10.077519379844961
E00135018,160,46,14,32,114,96,18,28.749999999999996,8.75,20,71.25,60,11.25
E00135019,108,39,12,27,69,56,13,36.11111111111111,11.11111111111111,25,63.888888888888886,51.85185185185185,12.037037037037036
E00135020,131,42,14,28,89,81,8,32.06106870229007,10.687022900763358,21.374045801526716,67.93893129770993,61.832061068702295,6.106870229007633
E00135021,124,44,20,24,80,71,9,35.483870967741936,16.129032258064516,19.35483870967742,64.51612903225806,57.25806451612904,7.258064516129033
E00135022,135,37,15,22,98,82,16,27.40740740740741,11.11111111111111,16.296296296296298,72.5925925925926,60.74074074074074,11.851851851851853
E00135023,197,62,21,41,135,120,15,31.472081218274113,10.65989847715736,20.812182741116754,68.52791878172589,60.913705583756354,7.614213197969544
E00135024,126,43,15,28,83,65,18,34.12698412698413,11.904761904761903,22.22222222222222,65.87301587301587,51.587301587301596,14.285714285714285
E00135025,92,32,12,20,60,48,12,34.78260869565217,13.043478260869565,21.73913043478261,65.21739130434783,52.17391304347826,13.043478260869565
E00135026,171,46,13,33,125,109,16,26.900584795321635,7.602339181286549,19.298245614035086,73.09941520467837,63.74269005847953,9.35672514619883
E00135027,151,43,19,24,108,87,21,28.47682119205298,12.582781456953644,15.894039735099339,71.52317880794702,57.615894039735096,13.90728476821192
E00135028,190,51,22,29,139,116,23,26.842105263157894,11.578947368421053,15.263157894736842,73.15789473684211,61.05263157894737,12.105263157894736
E00135029,170,49,8,41,121,107,14,28.823529411764703,4.705882352941177,24.11764705882353,71.17647058823529,62.94117647058823,8.235294117647058
E00135030,138,37,20,17,101,90,11,26.811594202898554,14.492753623188406,12.318840579710146,73.18840579710145,65.21739130434783,7.971014492753622
E00135031,175,54,19,35,121,101,20,30.857142857142854,10.857142857142858,20,69.14285714285714,57.714285714285715,11.428571428571429
E00135032,140,44,16,28,96,84,12,31.428571428571427,11.428571428571429,20,68.57142857142857,60,8.571428571428571
E00135033,76,28,8,20,48,43,5,36.84210526315789,10.526315789473683,26.31578947368421,63.1578947368421,56.57894736842105,6.578947368421052
E00135034,166,46,18,28,120,101,19,27.710843373493976,10.843373493975903,16.867469879518072,72.28915662650603,60.8433734939759,11.44578313253012
E00135035,125,40,15,25,85,77,8,32,12,20,68,61.6,6.4
E00135037,127,50,12,38,77,72,5,39.37007874015748,9.448818897637794,29.92125984251969,60.629921259842526,56.69291338582677,3.937007874015748
E00135038,143,65,30,35,78,60,18,45.45454545454545,20.97902097902098,24.475524475524477,54.54545454545454,41.95804195804196,12.587412587412588
E00135039,130,31,13,18,99,80,19,23.846153846153847,10,13.846153846153847,76.15384615384615,61.53846153846154,14.615384615384617
E00135040,130,39,12,27,91,74,17,30,9.230769230769232,20.76923076923077,70,56.92307692307692,13.076923076923078
E00135041,148,50,21,29,98,79,19,33.78378378378378,14.18918918918919,19.594594594594593,66.21621621621621,53.37837837837838,12.837837837837837
E00135042,178,54,20,34,124,101,23,30.337078651685395,11.235955056179774,19.101123595505616,69.66292134831461,56.74157303370787,12.921348314606742
E00135043,127,47,19,28,80,65,15,37.00787401574803,14.960629921259844,22.04724409448819,62.99212598425197,51.181102362204726,11.811023622047244
E00135044,214,52,19,33,162,141,21,24.299065420560748,8.878504672897195,15.42056074766355,75.70093457943925,65.88785046728972,9.813084112149532
E00135045,163,48,10,38,115,101,14,29.447852760736197,6.134969325153374,23.31288343558282,70.5521472392638,61.963190184049076,8.588957055214724
E00135046,275,73,22,51,202,169,33,26.545454545454543,8,18.545454545454547,73.45454545454545,61.45454545454545,12
E00135047,187,68,17,51,119,100,19,36.36363636363637,9.090909090909092,27.27272727272727,63.63636363636363,53.475935828877006,10.16042780748663
E00135048,260,75,22,53,185,159,26,28.846153846153843,8.461538461538462,20.384615384615383,71.15384615384616,61.15384615384616,10
E00135049,189,64,22,42,125,104,21,33.86243386243386,11.64021164021164,22.22222222222222,66.13756613756614,55.026455026455025,11.11111111111111
E00135050,308,92,34,58,216,188,28,29.87012987012987,11.03896103896104,18.83116883116883,70.12987012987013,61.038961038961034,9.090909090909092
E00135051,157,56,22,34,101,82,19,35.6687898089172,14.012738853503185,21.656050955414013,64.3312101910828,52.22929936305732,12.101910828025478
E00135052,184,63,20,43,121,99,22,34.23913043478261,10.869565217391305,23.369565217391305,65.76086956521739,53.80434782608695,11.956521739130435
E00135053,174,69,23,46,105,94,11,39.6551724137931,13.218390804597702,26.436781609195403,60.3448275862069,54.02298850574713,6.321839080459771
E00135054,175,61,16,45,114,97,17,34.85714285714286,9.142857142857142,25.71428571428571,65.14285714285715,55.42857142857143,9.714285714285714
E00135055,114,37,15,22,77,62,15,32.45614035087719,13.157894736842104,19.298245614035086,67.54385964912281,54.385964912280706,13.157894736842104
E00135056,180,59,26,33,121,96,25,32.77777777777778,14.444444444444443,18.333333333333332,67.22222222222223,53.333333333333336,13.88888888888889
E00135057,80,33,11,22,47,40,7,41.25,13.750000000000002,27.500000000000004,58.75,50,8.75
E00135058,71,17,10,7,54,43,11,23.943661971830984,14.084507042253522,9.859154929577464,76.05633802816901,60.56338028169014,15.492957746478872
E00135059,48,18,5,13,30,24,6,37.5,10.416666666666668,27.083333333333332,62.5,50,12.5
E00135060,79,34,21,13,45,36,9,43.037974683544306,26.582278481012654,16.455696202531644,56.9620253164557,45.56962025316456,11.39240506329114
E00135061,76,31,8,23,45,36,9,40.78947368421053,10.526315789473683,30.263157894736842,59.210526315789465,47.368421052631575,11.842105263157894
E00135062,119,40,19,21,79,61,18,33.61344537815126,15.966386554621847,17.647058823529413,66.38655462184873,51.26050420168067,15.126050420168067
E00135063,130,36,14,22,94,82,12,27.692307692307693,10.76923076923077,16.923076923076923,72.3076923076923,63.07692307692307,9.230769230769232
E00135064,189,71,20,51,118,95,23,37.56613756613756,10.582010582010582,26.984126984126984,62.43386243386243,50.264550264550266,12.16931216931217
E00169818,190,69,26,43,121,97,24,36.31578947368421,13.684210526315791,22.63157894736842,63.68421052631579,51.05263157894737,12.631578947368421
E00169819,99,28,8,20,71,61,10,28.28282828282828,8.080808080808081,20.2020202020202,71.71717171717171,61.61616161616161,10.1010101010101
E00169820,109,39,7,32,70,61,9,35.77981651376147,6.422018348623854,29.357798165137616,64.22018348623854,55.96330275229357,8.256880733944955
E00169821,152,48,15,33,104,95,9,31.57894736842105,9.868421052631579,21.710526315789476,68.42105263157895,62.5,5.921052631578947
E00169822,199,60,28,32,139,130,9,30.15075376884422,14.07035175879397,16.08040201005025,69.84924623115577,65.32663316582915,4.522613065326634
E00169823,127,43,18,25,84,69,15,33.85826771653544,14.173228346456693,19.68503937007874,66.14173228346458,54.330708661417326,11.811023622047244
E00169825,191,56,20,36,135,121,14,29.31937172774869,10.471204188481675,18.848167539267017,70.68062827225131,63.35078534031413,7.329842931937172
E00169826,208,68,18,50,140,119,21,32.69230769230769,8.653846153846153,24.03846153846154,67.3076923076923,57.21153846153846,10.096153846153847
E00184647,229,44,10,34,185,151,34,19.213973799126638,4.366812227074235,14.847161572052403,80.78602620087337,65.93886462882097,14.847161572052403
E00184649,136,43,15,28,93,78,15,31.61764705882353,11.029411764705882,20.588235294117645,68.38235294117648,57.35294117647059,11.029411764705882
E00184650,55,23,2,21,32,27,5,41.81818181818181,3.6363636363636362,38.18181818181819,58.18181818181818,49.09090909090909,9.090909090909092
E00184651,79,14,9,5,65,54,11,17.72151898734177,11.39240506329114,6.329113924050633,82.27848101265823,68.35443037974683,13.924050632911392
E00184653,118,49,14,35,69,60,9,41.52542372881356,11.864406779661017,29.66101694915254,58.47457627118644,50.847457627118644,7.627118644067797
E00184656,107,23,7,16,84,72,12,21.49532710280374,6.5420560747663545,14.953271028037381,78.50467289719626,67.28971962616822,11.214953271028037
E00184660,183,42,10,32,141,123,18,22.950819672131146,5.46448087431694,17.48633879781421,77.04918032786885,67.21311475409836,9.836065573770492
E00184662,65,16,3,13,49,41,8,24.615384615384617,4.615384615384616,20,75.38461538461539,63.07692307692307,12.307692307692308
E00184663,275,85,28,57,190,160,30,30.909090909090907,10.181818181818182,20.727272727272727,69.0909090909091,58.18181818181818,10.909090909090908
E00184664,40,17,6,11,23,18,5,42.5,15,27.500000000000004,57.49999999999999,45,12.5
E00184665,117,40,8,32,77,63,14,34.18803418803419,6.837606837606838,27.350427350427353,65.8119658119658,53.84615384615385,11.965811965811966
E00184666,146,23,2,21,123,107,16,15.753424657534246,1.36986301369863,14.383561643835616,84.24657534246576,73.28767123287672,10.95890410958904
E00184673,263,57,18,39,206,184,22,21.673003802281368,6.844106463878327,14.82889733840304,78.32699619771863,69.96197718631178,8.365019011406844
E00184676,287,100,42,58,187,144,43,34.84320557491289,14.634146341463413,20.209059233449477,65.1567944250871,50.174216027874564,14.982578397212542
E00184678,237,77,25,52,160,127,33,32.48945147679325,10.548523206751055,21.940928270042196,67.51054852320675,53.58649789029536,13.924050632911392
E00184681,66,26,5,21,40,31,9,39.39393939393939,7.575757575757576,31.818181818181817,60.60606060606061,46.96969696969697,13.636363636363635
E00184685,182,65,26,39,117,100,17,35.714285714285715,14.285714285714285,21.428571428571427,64.28571428571429,54.94505494505495,9.340659340659341
E00184687,184,60,20,40,124,105,19,32.608695652173914,10.869565217391305,21.73913043478261,67.3913043478261,57.065217391304344,10.326086956521738
E00184690,100,28,10,18,72,60,12,28.000000000000004,10,18,72,60,12
E00184694,133,44,12,32,89,78,11,33.08270676691729,9.022556390977442,24.06015037593985,66.9172932330827,58.64661654135338,8.270676691729323
E00184697,69,27,13,14,42,37,5,39.130434782608695,18.84057971014493,20.28985507246377,60.86956521739131,53.62318840579711,7.246376811594203
E00184698,88,37,14,23,51,45,6,42.04545454545455,15.909090909090908,26.136363636363637,57.95454545454546,51.13636363636363,6.8181818181818175
E00184702,190,40,12,28,150,125,25,21.052631578947366,6.315789473684211,14.736842105263156,78.94736842105263,65.78947368421053,13.157894736842104
E00184703,84,18,7,11,66,56,10,21.428571428571427,8.333333333333332,13.095238095238097,78.57142857142857,66.66666666666666,11.904761904761903
E00184705,199,52,19,33,147,118,29,26.13065326633166,9.547738693467336,16.582914572864322,73.86934673366834,59.2964824120603,14.572864321608039
E00184707,170,35,14,21,135,120,15,20.588235294117645,8.235294117647058,12.352941176470589,79.41176470588235,70.58823529411765,8.823529411764707
E00184708,77,13,5,8,64,60,4,16.883116883116884,6.493506493506493,10.38961038961039,83.11688311688312,77.92207792207793,5.194805194805195
E00184709,170,44,14,30,126,110,16,25.882352941176475,8.235294117647058,17.647058823529413,74.11764705882354,64.70588235294117,9.411764705882353
E00184710,254,58,16,42,196,171,25,22.83464566929134,6.299212598425196,16.535433070866144,77.16535433070865,67.32283464566929,9.84251968503937
E00184711,42,18,10,8,24,20,4,42.857142857142854,23.809523809523807,19.047619047619047,57.14285714285714,47.61904761904761,9.523809523809524
E00184714,225,69,24,45,156,129,27,30.666666666666664,10.666666666666668,20,69.33333333333334,57.333333333333336,12
E00184719,262,80,26,54,182,157,25,30.53435114503817,9.923664122137405,20.610687022900763,69.46564885496184,59.92366412213741,9.541984732824428
E00184720,163,39,13,26,124,110,14,23.92638036809816,7.975460122699387,15.950920245398773,76.07361963190185,67.48466257668711,8.588957055214724
