OA,ts0590001,ts0590002,ts0590003,ts0590004,ts0590005,ts0590006,ts0590007,ts0590002_PCT,ts0590003_PCT,ts0590004_PCT,ts0590005_PCT,ts0590006_PCT,ts0590007_PCT
E00156848,141,43,10,33,98,90,8,30.49645390070922,7.092198581560284,23.404255319148938,69.50354609929079,63.829787234042556,5.673758865248227
E00156849,194,39,16,23,155,131,24,20.103092783505154,8.24742268041237,11.855670103092782,79.89690721649485,67.5257731958763,12.371134020618557
E00156850,120,41,16,25,79,57,22,34.166666666666664,13.333333333333334,20.833333333333336,65.83333333333333,47.5,18.333333333333332
E00156852,100,26,8,18,74,65,9,26,8,18,74,65,9
E00156853,133,39,19,20,94,78,16,29.32330827067669,14.285714285714285,15.037593984962406,70.67669172932331,58.64661654135338,12.030075187969924
E00156854,159,36,14,22,123,102,21,22.641509433962266,8.80503144654088,13.836477987421384,77.35849056603774,64.15094339622641,13.20754716981132
E00156855,158,41,10,31,117,100,17,25.949367088607595,6.329113924050633,19.62025316455696,74.0506329113924,63.29113924050633,10.759493670886076
E00156856,180,46,15,31,134,109,25,25.555555555555554,8.333333333333332,17.22222222222222,74.44444444444444,60.55555555555555,13.88888888888889
E00156857,218,56,14,42,162,139,23,25.688073394495415,6.422018348623854,19.26605504587156,74.31192660550458,63.76146788990825,10.550458715596331
E00156858,189,45,20,25,144,118,26,23.809523809523807,10.582010582010582,13.227513227513226,76.19047619047619,62.43386243386243,13.756613756613756
E00156859,83,33,15,18,50,39,11,39.75903614457831,18.072289156626507,21.686746987951807,60.24096385542169,46.98795180722892,13.253012048192772
E00156860,152,42,11,31,110,93,17,27.631578947368425,7.236842105263158,20.394736842105264,72.36842105263158,61.18421052631579,11.18421052631579
E00156861,192,46,14,32,146,131,15,23.958333333333336,7.291666666666667,16.666666666666664,76.04166666666666,68.22916666666666,7.8125
E00156862,178,49,22,27,129,110,19,27.52808988764045,12.359550561797752,15.168539325842698,72.47191011235955,61.79775280898876,10.674157303370785
E00156863,89,17,4,13,72,57,15,19.101123595505616,4.49438202247191,14.606741573033707,80.89887640449437,64.04494382022472,16.853932584269664
E00156864,134,35,12,23,99,88,11,26.119402985074625,8.955223880597014,17.16417910447761,73.88059701492537,65.67164179104478,8.208955223880597
E00156865,152,49,16,33,103,87,16,32.23684210526316,10.526315789473683,21.710526315789476,67.76315789473685,57.23684210526315,10.526315789473683
E00156866,132,42,14,28,90,79,11,31.818181818181817,10.606060606060606,21.21212121212121,68.18181818181817,59.84848484848485,8.333333333333332
E00156867,161,46,15,31,115,96,19,28.57142857142857,9.316770186335404,19.25465838509317,71.42857142857143,59.62732919254658,11.801242236024844
E00156868,173,34,12,22,139,119,20,19.653179190751445,6.9364161849710975,12.716763005780345,80.34682080924856,68.78612716763006,11.560693641618498
E00156869,190,64,27,37,126,107,19,33.68421052631579,14.210526315789473,19.473684210526315,66.3157894736842,56.315789473684205,10
E00156870,123,32,14,18,91,83,8,26.01626016260163,11.38211382113821,14.634146341463413,73.98373983739837,67.47967479674797,6.504065040650407
E00156871,159,40,22,18,119,103,16,25.157232704402517,13.836477987421384,11.320754716981133,74.84276729559748,64.77987421383648,10.062893081761008
E00156872,146,46,22,24,100,80,20,31.506849315068493,15.068493150684931,16.43835616438356,68.4931506849315,54.794520547945204,13.698630136986301
E00156875,136,34,14,20,102,74,28,25,10.294117647058822,14.705882352941178,75,54.41176470588235,20.588235294117645
E00156876,184,50,25,25,134,113,21,27.173913043478258,13.586956521739129,13.586956521739129,72.82608695652173,61.41304347826087,11.41304347826087
E00156877,158,38,14,24,120,97,23,24.050632911392405,8.860759493670885,15.18987341772152,75.9493670886076,61.39240506329114,14.556962025316455
E00156878,127,40,20,20,87,72,15,31.496062992125985,15.748031496062993,15.748031496062993,68.50393700787401,56.69291338582677,11.811023622047244
E00156879,169,58,25,33,111,68,43,34.319526627218934,14.792899408284024,19.526627218934912,65.68047337278107,40.23668639053255,25.443786982248522
E00156880,165,46,21,25,119,96,23,27.878787878787882,12.727272727272727,15.151515151515152,72.12121212121212,58.18181818181818,13.939393939393941
E00156881,184,51,18,33,133,89,44,27.717391304347828,9.782608695652174,17.934782608695652,72.28260869565217,48.369565217391305,23.91304347826087
E00156882,144,42,15,27,102,77,25,29.166666666666668,10.416666666666668,18.75,70.83333333333334,53.47222222222222,17.36111111111111
E00156883,114,48,20,28,66,42,24,42.10526315789473,17.543859649122805,24.561403508771928,57.89473684210527,36.84210526315789,21.052631578947366
E00156884,163,41,14,27,122,96,26,25.153374233128833,8.588957055214724,16.56441717791411,74.84662576687117,58.895705521472394,15.950920245398773
E00156885,154,50,21,29,104,77,27,32.467532467532465,13.636363636363635,18.83116883116883,67.53246753246754,50,17.532467532467532
E00156886,147,49,22,27,98,74,24,33.33333333333333,14.965986394557824,18.367346938775512,66.66666666666666,50.34013605442177,16.3265306122449
E00156887,118,42,19,23,76,56,20,35.59322033898305,16.101694915254235,19.491525423728813,64.40677966101694,47.45762711864407,16.94915254237288
E00156888,147,41,13,28,106,87,19,27.89115646258503,8.843537414965986,19.047619047619047,72.10884353741497,59.183673469387756,12.925170068027212
E00156889,155,53,21,32,102,89,13,34.193548387096776,13.548387096774196,20.64516129032258,65.80645161290323,57.41935483870968,8.38709677419355
E00156890,123,34,12,22,89,82,7,27.64227642276423,9.75609756097561,17.88617886178862,72.35772357723577,66.66666666666666,5.691056910569105
E00156891,247,57,22,35,190,163,27,23.076923076923077,8.906882591093117,14.17004048582996,76.92307692307693,65.9919028340081,10.931174089068826
E00156892,156,49,18,31,107,90,17,31.41025641025641,11.538461538461538,19.871794871794872,68.58974358974359,57.692307692307686,10.897435897435898
E00156893,155,48,20,28,107,91,16,30.967741935483872,12.903225806451612,18.064516129032256,69.03225806451613,58.70967741935483,10.32258064516129
E00156894,191,43,14,29,148,131,17,22.5130890052356,7.329842931937172,15.18324607329843,77.4869109947644,68.58638743455498,8.900523560209423
E00156895,119,39,15,24,80,69,11,32.773109243697476,12.605042016806722,20.168067226890756,67.22689075630252,57.98319327731093,9.243697478991598
E00156896,137,33,7,26,104,94,10,24.087591240875913,5.109489051094891,18.97810218978102,75.91240875912408,68.61313868613139,7.2992700729927
E00156897,113,39,14,25,74,64,10,34.51327433628318,12.389380530973451,22.123893805309734,65.48672566371681,56.63716814159292,8.849557522123893
E00156898,150,43,16,27,107,86,21,28.666666666666668,10.666666666666668,18,71.33333333333334,57.333333333333336,14.000000000000002
E00156899,225,51,13,38,174,142,32,22.666666666666664,5.777777777777778,16.88888888888889,77.33333333333333,63.11111111111111,14.222222222222221
E00156900,150,41,15,26,109,98,11,27.333333333333332,10,17.333333333333336,72.66666666666667,65.33333333333333,7.333333333333333
E00156901,143,35,7,28,108,101,7,24.475524475524477,4.895104895104895,19.58041958041958,75.52447552447552,70.62937062937063,4.895104895104895
E00156902,134,29,9,20,105,93,12,21.641791044776117,6.7164179104477615,14.925373134328357,78.35820895522389,69.40298507462687,8.955223880597014
E00156903,237,64,22,42,173,147,26,27.004219409282697,9.282700421940929,17.72151898734177,72.9957805907173,62.0253164556962,10.970464135021098
E00156904,189,39,13,26,150,133,17,20.634920634920633,6.878306878306878,13.756613756613756,79.36507936507937,70.37037037037037,8.994708994708994
E00156905,172,33,7,26,139,125,14,19.186046511627907,4.069767441860465,15.11627906976744,80.81395348837209,72.67441860465115,8.13953488372093
E00156906,244,50,15,35,194,174,20,20.491803278688526,6.147540983606557,14.344262295081966,79.50819672131148,71.31147540983606,8.19672131147541
E00156907,176,46,19,27,130,110,20,26.136363636363637,10.795454545454545,15.340909090909092,73.86363636363636,62.5,11.363636363636363
E00156908,150,48,18,30,102,95,7,32,12,20,68,63.33333333333333,4.666666666666667
E00156909,162,42,18,24,120,96,24,25.925925925925924,11.11111111111111,14.814814814814813,74.07407407407408,59.25925925925925,14.814814814814813
E00156910,191,54,14,40,137,118,19,28.272251308900525,7.329842931937172,20.94240837696335,71.72774869109948,61.78010471204188,9.947643979057592
E00156911,154,45,18,27,109,90,19,29.22077922077922,11.688311688311687,17.532467532467532,70.77922077922078,58.44155844155844,12.337662337662337
E00156912,156,47,14,33,109,94,15,30.128205128205128,8.974358974358974,21.153846153846153,69.87179487179486,60.256410256410255,9.615384615384617
E00156913,187,60,20,40,127,110,17,32.085561497326204,10.695187165775401,21.390374331550802,67.9144385026738,58.82352941176471,9.090909090909092
E00156914,184,43,13,30,141,120,21,23.369565217391305,7.065217391304348,16.304347826086957,76.63043478260869,65.21739130434783,11.41304347826087
E00156915,93,36,19,17,57,47,10,38.70967741935484,20.43010752688172,18.27956989247312,61.29032258064516,50.53763440860215,10.75268817204301
E00156916,170,41,16,25,129,114,15,24.11764705882353,9.411764705882353,14.705882352941178,75.88235294117646,67.05882352941175,8.823529411764707
E00156917,185,55,15,40,130,105,25,29.72972972972973,8.108108108108109,21.62162162162162,70.27027027027027,56.75675675675676,13.513513513513514
E00156918,143,42,11,31,101,83,18,29.37062937062937,7.6923076923076925,21.678321678321677,70.62937062937063,58.04195804195804,12.587412587412588
E00156919,190,48,21,27,142,120,22,25.263157894736842,11.052631578947368,14.210526315789473,74.73684210526315,63.1578947368421,11.578947368421053
E00156920,163,56,22,34,107,89,18,34.355828220858896,13.496932515337424,20.858895705521473,65.6441717791411,54.601226993865026,11.042944785276074
E00156921,129,48,17,31,81,69,12,37.2093023255814,13.178294573643413,24.031007751937985,62.7906976744186,53.48837209302325,9.30232558139535
E00156922,177,47,12,35,130,113,17,26.55367231638418,6.779661016949152,19.774011299435028,73.44632768361582,63.84180790960452,9.6045197740113
E00156923,153,43,14,29,110,92,18,28.104575163398692,9.15032679738562,18.954248366013072,71.89542483660131,60.130718954248366,11.76470588235294
E00156924,140,47,21,26,93,74,19,33.57142857142857,15,18.571428571428573,66.42857142857143,52.85714285714286,13.571428571428571
E00156925,135,27,2,25,108,91,17,20,1.4814814814814816,18.51851851851852,80,67.4074074074074,12.592592592592592
E00156926,151,51,18,33,100,88,12,33.77483443708609,11.920529801324504,21.85430463576159,66.22516556291392,58.27814569536424,7.9470198675496695
E00156927,165,54,16,38,111,93,18,32.72727272727273,9.696969696969697,23.03030303030303,67.27272727272727,56.36363636363636,10.909090909090908
E00156928,168,51,25,26,117,89,28,30.357142857142854,14.880952380952381,15.476190476190476,69.64285714285714,52.976190476190474,16.666666666666664
E00156929,148,42,19,23,106,86,20,28.37837837837838,12.837837837837837,15.54054054054054,71.62162162162163,58.108108108108105,13.513513513513514
E00156930,180,44,12,32,136,114,22,24.444444444444443,6.666666666666667,17.77777777777778,75.55555555555556,63.33333333333333,12.222222222222221
E00156931,188,53,22,31,135,117,18,28.191489361702125,11.702127659574469,16.48936170212766,71.80851063829788,62.23404255319149,9.574468085106384
E00156932,135,44,17,27,91,76,15,32.592592592592595,12.592592592592592,20,67.4074074074074,56.2962962962963,11.11111111111111
E00156933,132,42,13,29,90,80,10,31.818181818181817,9.848484848484848,21.96969696969697,68.18181818181817,60.60606060606061,7.575757575757576
E00156934,196,53,27,26,143,118,25,27.040816326530614,13.77551020408163,13.26530612244898,72.95918367346938,60.204081632653065,12.755102040816327
E00156935,165,49,19,30,116,93,23,29.6969696969697,11.515151515151516,18.181818181818183,70.3030303030303,56.36363636363636,13.939393939393941
E00156936,217,63,23,40,154,116,38,29.03225806451613,10.599078341013826,18.433179723502306,70.96774193548387,53.45622119815668,17.51152073732719
E00156937,178,43,18,25,135,116,19,24.15730337078652,10.112359550561797,14.04494382022472,75.84269662921348,65.1685393258427,10.674157303370785
E00156938,215,65,26,39,150,120,30,30.23255813953488,12.093023255813954,18.13953488372093,69.76744186046511,55.81395348837209,13.953488372093023
E00156939,292,68,21,47,224,196,28,23.28767123287671,7.191780821917808,16.095890410958905,76.71232876712328,67.12328767123287,9.58904109589041
E00156940,160,55,30,25,105,86,19,34.375,18.75,15.625,65.625,53.75,11.875
E00156941,153,41,12,29,112,97,15,26.797385620915033,7.8431372549019605,18.954248366013072,73.20261437908496,63.39869281045751,9.803921568627452
E00156942,125,42,11,31,83,71,12,33.6,8.799999999999999,24.8,66.4,56.8,9.6
E00156943,133,44,9,35,89,74,15,33.08270676691729,6.7669172932330826,26.31578947368421,66.9172932330827,55.639097744360896,11.278195488721805
E00156944,163,53,16,37,110,96,14,32.515337423312886,9.815950920245399,22.699386503067483,67.48466257668711,58.895705521472394,8.588957055214724
E00156945,174,37,13,24,137,108,29,21.26436781609195,7.471264367816093,13.793103448275861,78.73563218390804,62.06896551724138,16.666666666666664
E00156946,139,35,11,24,104,83,21,25.179856115107913,7.913669064748201,17.26618705035971,74.82014388489209,59.71223021582733,15.107913669064748
E00156947,163,38,14,24,125,99,26,23.31288343558282,8.588957055214724,14.723926380368098,76.68711656441718,60.73619631901841,15.950920245398773
E00156948,97,27,15,12,70,59,11,27.835051546391753,15.463917525773196,12.371134020618557,72.16494845360825,60.824742268041234,11.34020618556701
E00156949,129,29,11,18,100,81,19,22.48062015503876,8.527131782945736,13.953488372093023,77.51937984496125,62.7906976744186,14.728682170542637
E00156950,182,50,24,26,132,96,36,27.472527472527474,13.186813186813188,14.285714285714285,72.52747252747253,52.74725274725275,19.78021978021978
E00156951,165,54,23,31,111,88,23,32.72727272727273,13.939393939393941,18.787878787878785,67.27272727272727,53.333333333333336,13.939393939393941
E00156952,145,44,23,21,101,80,21,30.344827586206897,15.862068965517242,14.482758620689657,69.6551724137931,55.172413793103445,14.482758620689657
E00156953,148,35,15,20,113,94,19,23.64864864864865,10.135135135135135,13.513513513513514,76.35135135135135,63.51351351351351,12.837837837837837
E00156954,112,27,12,15,85,76,9,24.107142857142858,10.714285714285714,13.392857142857142,75.89285714285714,67.85714285714286,8.035714285714286
E00156955,170,56,19,37,114,93,21,32.94117647058823,11.176470588235295,21.764705882352942,67.05882352941175,54.70588235294118,12.352941176470589
E00156956,165,37,19,18,128,94,34,22.424242424242426,11.515151515151516,10.909090909090908,77.57575757575758,56.96969696969697,20.606060606060606
E00156957,160,62,28,34,98,73,25,38.75,17.5,21.25,61.25000000000001,45.625,15.625
E00156958,131,45,18,27,86,74,12,34.35114503816794,13.740458015267176,20.610687022900763,65.64885496183206,56.48854961832062,9.16030534351145
E00156959,137,42,10,32,95,77,18,30.656934306569344,7.2992700729927,23.357664233576642,69.34306569343066,56.20437956204379,13.138686131386862
E00156960,169,61,23,38,108,85,23,36.09467455621302,13.609467455621301,22.485207100591715,63.905325443786985,50.29585798816568,13.609467455621301
E00156961,123,30,17,13,93,79,14,24.390243902439025,13.821138211382115,10.569105691056912,75.60975609756098,64.22764227642277,11.38211382113821
E00156962,152,18,9,9,134,111,23,11.842105263157894,5.921052631578947,5.921052631578947,88.1578947368421,73.02631578947368,15.131578947368421
E00156963,140,39,13,26,101,81,20,27.857142857142858,9.285714285714286,18.571428571428573,72.14285714285714,57.85714285714286,14.285714285714285
E00156964,180,47,13,34,133,113,20,26.111111111111114,7.222222222222221,18.88888888888889,73.88888888888889,62.77777777777778,11.11111111111111
E00156965,182,50,17,33,132,111,21,27.472527472527474,9.340659340659341,18.13186813186813,72.52747252747253,60.98901098901099,11.538461538461538
E00156966,134,35,8,27,99,78,21,26.119402985074625,5.970149253731343,20.149253731343283,73.88059701492537,58.2089552238806,15.671641791044777
E00156967,177,64,25,39,113,94,19,36.15819209039548,14.124293785310735,22.033898305084744,63.84180790960452,53.10734463276836,10.734463276836157
E00156968,183,33,7,26,150,131,19,18.0327868852459,3.825136612021858,14.207650273224044,81.9672131147541,71.58469945355192,10.382513661202186
E00156970,350,67,24,43,283,241,42,19.142857142857142,6.857142857142858,12.285714285714286,80.85714285714286,68.85714285714286,12
E00156971,153,28,11,17,125,92,33,18.30065359477124,7.18954248366013,11.11111111111111,81.69934640522875,60.130718954248366,21.568627450980394
E00156972,176,38,17,21,138,118,20,21.59090909090909,9.659090909090908,11.931818181818182,78.4090909090909,67.04545454545455,11.363636363636363
E00156973,139,39,13,26,100,83,17,28.05755395683453,9.352517985611511,18.705035971223023,71.94244604316546,59.71223021582733,12.23021582733813
E00156974,152,51,13,38,101,81,20,33.55263157894737,8.552631578947368,25,66.44736842105263,53.289473684210535,13.157894736842104
E00156975,182,41,10,31,141,122,19,22.52747252747253,5.4945054945054945,17.032967032967033,77.47252747252747,67.03296703296702,10.43956043956044
E00156976,123,40,14,26,83,75,8,32.52032520325203,11.38211382113821,21.138211382113823,67.47967479674797,60.97560975609756,6.504065040650407
E00156977,155,47,15,32,108,87,21,30.32258064516129,9.67741935483871,20.64516129032258,69.6774193548387,56.12903225806451,13.548387096774196
E00156978,153,25,9,16,128,112,16,16.33986928104575,5.88235294117647,10.457516339869281,83.66013071895425,73.20261437908496,10.457516339869281
E00156979,215,61,24,37,154,125,29,28.37209302325581,11.162790697674419,17.209302325581397,71.62790697674419,58.139534883720934,13.488372093023257
E00156980,207,49,13,36,158,131,27,23.67149758454106,6.280193236714976,17.391304347826086,76.32850241545893,63.28502415458937,13.043478260869565
E00156981,162,46,15,31,116,97,19,28.39506172839506,9.25925925925926,19.1358024691358,71.60493827160494,59.876543209876544,11.728395061728394
E00156982,138,44,19,25,94,75,19,31.88405797101449,13.768115942028986,18.115942028985508,68.11594202898551,54.347826086956516,13.768115942028986
E00156983,182,43,9,34,139,114,25,23.626373626373624,4.945054945054945,18.681318681318682,76.37362637362637,62.637362637362635,13.736263736263737
E00156984,134,39,14,25,95,83,12,29.1044776119403,10.44776119402985,18.65671641791045,70.8955223880597,61.940298507462686,8.955223880597014
E00156985,153,40,12,28,113,96,17,26.143790849673206,7.8431372549019605,18.30065359477124,73.8562091503268,62.745098039215684,11.11111111111111
E00156986,125,29,15,14,96,66,30,23.200000000000003,12,11.200000000000001,76.8,52.800000000000004,24
E00156987,137,39,15,24,98,85,13,28.467153284671532,10.948905109489052,17.51824817518248,71.53284671532847,62.04379562043796,9.48905109489051
E00156988,167,50,23,27,117,103,14,29.94011976047904,13.77245508982036,16.16766467065868,70.05988023952095,61.67664670658682,8.383233532934131
E00156989,265,64,25,39,201,169,32,24.150943396226417,9.433962264150944,14.716981132075471,75.84905660377359,63.77358490566037,12.075471698113208
E00156990,177,50,14,36,127,111,16,28.24858757062147,7.909604519774012,20.33898305084746,71.75141242937853,62.71186440677966,9.03954802259887
E00156991,139,44,16,28,95,83,12,31.654676258992804,11.510791366906476,20.14388489208633,68.34532374100719,59.71223021582733,8.633093525179856
E00156992,163,56,19,37,107,92,15,34.355828220858896,11.65644171779141,22.699386503067483,65.6441717791411,56.44171779141104,9.202453987730062
E00156993,168,46,20,26,122,104,18,27.380952380952383,11.904761904761903,15.476190476190476,72.61904761904762,61.904761904761905,10.714285714285714
E00156994,192,48,13,35,144,129,15,25,6.770833333333333,18.229166666666664,75,67.1875,7.8125
E00156995,165,49,17,32,116,102,14,29.6969696969697,10.303030303030303,19.393939393939394,70.3030303030303,61.81818181818181,8.484848484848486
E00156996,206,64,24,40,142,126,16,31.06796116504854,11.650485436893204,19.41747572815534,68.93203883495146,61.165048543689316,7.766990291262135
E00156997,146,48,13,35,98,84,14,32.87671232876712,8.904109589041095,23.972602739726025,67.12328767123287,57.534246575342465,9.58904109589041
E00156998,148,43,13,30,105,94,11,29.054054054054053,8.783783783783784,20.27027027027027,70.94594594594594,63.51351351351351,7.4324324324324325
E00156999,173,49,14,35,124,107,17,28.32369942196532,8.092485549132949,20.23121387283237,71.67630057803468,61.849710982658955,9.826589595375722
E00157000,175,49,25,24,126,101,25,28.000000000000004,14.285714285714285,13.714285714285715,72,57.714285714285715,14.285714285714285
E00157001,219,49,13,36,170,140,30,22.37442922374429,5.93607305936073,16.43835616438356,77.6255707762557,63.926940639269404,13.698630136986301
E00157002,183,50,15,35,133,117,16,27.322404371584703,8.19672131147541,19.12568306010929,72.6775956284153,63.934426229508205,8.743169398907105
E00157003,146,38,17,21,108,84,24,26.027397260273972,11.643835616438356,14.383561643835616,73.97260273972603,57.534246575342465,16.43835616438356
E00157004,162,50,16,34,112,98,14,30.864197530864196,9.876543209876543,20.98765432098765,69.1358024691358,60.49382716049383,8.641975308641975
E00157005,174,49,16,33,125,111,14,28.160919540229884,9.195402298850574,18.96551724137931,71.83908045977012,63.793103448275865,8.045977011494253
E00157006,176,55,24,31,121,111,10,31.25,13.636363636363635,17.613636363636363,68.75,63.06818181818182,5.681818181818182
E00157007,142,38,14,24,104,85,19,26.76056338028169,9.859154929577464,16.901408450704224,73.23943661971832,59.859154929577464,13.380281690140844
E00157008,195,55,15,40,140,123,17,28.205128205128204,7.6923076923076925,20.51282051282051,71.7948717948718,63.07692307692307,8.717948717948717
E00157009,178,54,24,30,124,105,19,30.337078651685395,13.48314606741573,16.853932584269664,69.66292134831461,58.98876404494382,10.674157303370785
E00157010,155,41,15,26,114,101,13,26.451612903225808,9.67741935483871,16.7741935483871,73.54838709677419,65.16129032258064,8.38709677419355
E00157011,171,60,20,40,111,99,12,35.08771929824561,11.695906432748536,23.391812865497073,64.91228070175438,57.89473684210527,7.017543859649122
E00157012,160,44,15,29,116,94,22,27.500000000000004,9.375,18.125,72.5,58.75,13.750000000000002
E00157013,164,50,22,28,114,84,30,30.48780487804878,13.414634146341465,17.073170731707318,69.51219512195121,51.21951219512195,18.29268292682927
E00157014,137,45,23,22,92,69,23,32.846715328467155,16.78832116788321,16.05839416058394,67.15328467153284,50.36496350364964,16.78832116788321
E00157015,237,66,25,41,171,129,42,27.848101265822784,10.548523206751055,17.29957805907173,72.15189873417721,54.43037974683544,17.72151898734177
E00157016,184,45,22,23,139,94,45,24.456521739130434,11.956521739130435,12.5,75.54347826086956,51.08695652173913,24.456521739130434
E00157017,184,43,27,16,141,130,11,23.369565217391305,14.673913043478262,8.695652173913043,76.63043478260869,70.65217391304348,5.978260869565218
E00157018,310,61,29,32,249,213,36,19.67741935483871,9.35483870967742,10.32258064516129,80.3225806451613,68.70967741935485,11.612903225806452
E00157020,213,68,22,46,145,130,15,31.92488262910798,10.328638497652582,21.5962441314554,68.07511737089203,61.03286384976526,7.042253521126761
E00157021,151,39,14,25,112,92,20,25.82781456953642,9.271523178807946,16.55629139072848,74.17218543046357,60.9271523178808,13.245033112582782
E00157023,137,40,19,21,97,73,24,29.1970802919708,13.86861313868613,15.328467153284672,70.8029197080292,53.284671532846716,17.51824817518248
E00157024,152,33,10,23,119,104,15,21.710526315789476,6.578947368421052,15.131578947368421,78.28947368421053,68.42105263157895,9.868421052631579
E00157025,150,56,16,40,94,79,15,37.333333333333336,10.666666666666668,26.666666666666668,62.66666666666667,52.666666666666664,10
E00157026,156,44,24,20,112,91,21,28.205128205128204,15.384615384615385,12.82051282051282,71.7948717948718,58.333333333333336,13.461538461538462
E00157027,182,41,13,28,141,127,14,22.52747252747253,7.142857142857142,15.384615384615385,77.47252747252747,69.78021978021978,7.6923076923076925
E00157028,155,30,9,21,125,101,24,19.35483870967742,5.806451612903226,13.548387096774196,80.64516129032258,65.16129032258064,15.483870967741936
E00157029,202,47,17,30,155,126,29,23.26732673267327,8.415841584158416,14.85148514851485,76.73267326732673,62.37623762376238,14.356435643564355
E00157031,85,30,9,21,55,52,3,35.294117647058826,10.588235294117647,24.705882352941178,64.70588235294117,61.1764705882353,3.5294117647058822
E00157032,307,67,25,42,240,201,39,21.824104234527688,8.143322475570033,13.680781758957655,78.17589576547232,65.47231270358306,12.703583061889251
E00157033,208,58,26,32,150,121,29,27.884615384615387,12.5,15.384615384615385,72.11538461538461,58.17307692307693,13.942307692307693
E00157034,176,49,20,29,127,104,23,27.84090909090909,11.363636363636363,16.477272727272727,72.1590909090909,59.09090909090909,13.068181818181818
E00157035,135,31,16,15,104,73,31,22.962962962962962,11.851851851851853,11.11111111111111,77.03703703703704,54.074074074074076,22.962962962962962
E00157036,168,51,23,28,117,95,22,30.357142857142854,13.690476190476192,16.666666666666664,69.64285714285714,56.547619047619044,13.095238095238097
E00157037,184,47,21,26,137,104,33,25.543478260869566,11.41304347826087,14.130434782608695,74.45652173913044,56.52173913043478,17.934782608695652
E00157038,167,56,20,36,111,86,25,33.532934131736525,11.976047904191617,21.55688622754491,66.46706586826348,51.49700598802395,14.97005988023952
E00157039,201,47,24,23,154,120,34,23.383084577114428,11.940298507462686,11.442786069651742,76.61691542288557,59.70149253731343,16.91542288557214
E00157040,178,58,31,27,120,82,38,32.58426966292135,17.415730337078653,15.168539325842698,67.41573033707866,46.06741573033708,21.34831460674157
E00157041,163,40,13,27,123,97,26,24.539877300613497,7.975460122699387,16.56441717791411,75.4601226993865,59.50920245398773,15.950920245398773
E00157042,192,49,20,29,143,118,25,25.520833333333332,10.416666666666668,15.104166666666666,74.47916666666666,61.458333333333336,13.020833333333334
E00157043,194,52,19,33,142,111,31,26.804123711340207,9.793814432989691,17.010309278350515,73.19587628865979,57.21649484536082,15.979381443298967
E00157044,159,40,19,21,119,99,20,25.157232704402517,11.949685534591195,13.20754716981132,74.84276729559748,62.264150943396224,12.578616352201259
E00157045,175,47,20,27,128,106,22,26.857142857142858,11.428571428571429,15.428571428571427,73.14285714285714,60.57142857142858,12.571428571428573
E00157046,142,45,19,26,97,73,24,31.690140845070424,13.380281690140844,18.30985915492958,68.30985915492957,51.40845070422535,16.901408450704224
E00157047,183,46,16,30,137,119,18,25.136612021857925,8.743169398907105,16.39344262295082,74.86338797814209,65.02732240437157,9.836065573770492
E00157048,174,42,16,26,132,102,30,24.137931034482758,9.195402298850574,14.942528735632186,75.86206896551724,58.620689655172406,17.24137931034483
E00157049,178,49,25,24,129,99,30,27.52808988764045,14.04494382022472,13.48314606741573,72.47191011235955,55.61797752808989,16.853932584269664
E00157050,192,45,23,22,147,127,20,23.4375,11.979166666666668,11.458333333333332,76.5625,66.14583333333334,10.416666666666668
E00157051,165,41,15,26,124,98,26,24.848484848484848,9.090909090909092,15.757575757575756,75.15151515151514,59.3939393939394,15.757575757575756
E00157053,150,43,20,23,107,86,21,28.666666666666668,13.333333333333334,15.333333333333332,71.33333333333334,57.333333333333336,14.000000000000002
E00157054,207,56,24,32,151,123,28,27.053140096618357,11.594202898550725,15.458937198067632,72.94685990338165,59.42028985507246,13.526570048309178
E00157055,107,32,11,21,75,69,6,29.906542056074763,10.2803738317757,19.626168224299064,70.09345794392523,64.48598130841121,5.607476635514018
E00157056,286,66,26,40,220,182,38,23.076923076923077,9.090909090909092,13.986013986013987,76.92307692307693,63.63636363636363,13.286713286713287
E00157057,228,51,18,33,177,148,29,22.36842105263158,7.894736842105263,14.473684210526317,77.63157894736842,64.91228070175438,12.719298245614036
E00157058,175,46,14,32,129,109,20,26.285714285714285,8,18.285714285714285,73.71428571428571,62.28571428571429,11.428571428571429
E00157059,172,55,23,32,117,87,30,31.976744186046513,13.372093023255813,18.6046511627907,68.02325581395348,50.58139534883721,17.441860465116278
E00157061,162,44,25,19,118,82,36,27.160493827160494,15.432098765432098,11.728395061728394,72.8395061728395,50.617283950617285,22.22222222222222
E00157062,183,47,20,27,136,125,11,25.683060109289617,10.92896174863388,14.754098360655737,74.31693989071039,68.30601092896174,6.0109289617486334
E00157063,138,35,8,27,103,89,14,25.36231884057971,5.797101449275362,19.565217391304348,74.63768115942028,64.4927536231884,10.144927536231885
E00157064,156,31,10,21,125,100,25,19.871794871794872,6.41025641025641,13.461538461538462,80.12820512820514,64.1025641025641,16.025641025641026
E00157065,181,51,25,26,130,88,42,28.176795580110497,13.812154696132598,14.3646408839779,71.8232044198895,48.61878453038674,23.204419889502763
E00157066,157,61,34,27,96,54,42,38.853503184713375,21.656050955414013,17.197452229299362,61.146496815286625,34.394904458598724,26.751592356687897
E00157067,149,45,24,21,104,87,17,30.201342281879196,16.10738255033557,14.093959731543624,69.79865771812081,58.38926174496645,11.409395973154362
E00157068,242,53,18,35,189,168,21,21.90082644628099,7.43801652892562,14.46280991735537,78.099173553719,69.42148760330579,8.677685950413224
E00157069,169,52,22,30,117,90,27,30.76923076923077,13.017751479289942,17.75147928994083,69.23076923076923,53.25443786982249,15.976331360946746
E00157070,215,48,9,39,167,147,20,22.325581395348838,4.186046511627907,18.13953488372093,77.67441860465117,68.37209302325581,9.30232558139535
E00157071,119,37,17,20,82,66,16,31.092436974789916,14.285714285714285,16.80672268907563,68.90756302521008,55.46218487394958,13.445378151260504
E00157072,170,52,11,41,118,101,17,30.58823529411765,6.470588235294119,24.11764705882353,69.41176470588235,59.411764705882355,10
E00157073,151,45,15,30,106,96,10,29.80132450331126,9.933774834437086,19.867549668874172,70.19867549668875,63.576158940397356,6.622516556291391
E00157074,158,46,16,30,112,96,16,29.11392405063291,10.126582278481013,18.9873417721519,70.88607594936708,60.75949367088608,10.126582278481013
E00157075,202,53,20,33,149,131,18,26.237623762376238,9.900990099009901,16.33663366336634,73.76237623762376,64.85148514851485,8.91089108910891
E00157076,166,43,15,28,123,107,16,25.903614457831324,9.036144578313253,16.867469879518072,74.09638554216868,64.45783132530121,9.63855421686747
E00157077,188,59,19,40,129,109,20,31.382978723404253,10.106382978723403,21.27659574468085,68.61702127659575,57.97872340425532,10.638297872340425
E00157078,200,59,25,34,141,124,17,29.5,12.5,17,70.5,62,8.5
E00157080,225,77,29,48,148,107,41,34.22222222222222,12.88888888888889,21.333333333333336,65.77777777777779,47.55555555555556,18.22222222222222
E00157081,154,40,16,24,114,91,23,25.97402597402597,10.38961038961039,15.584415584415584,74.02597402597402,59.09090909090909,14.935064935064934
E00157082,144,57,20,37,87,66,21,39.58333333333333,13.88888888888889,25.694444444444443,60.416666666666664,45.83333333333333,14.583333333333334
E00157083,161,52,26,26,109,78,31,32.298136645962735,16.149068322981368,16.149068322981368,67.70186335403726,48.4472049689441,19.25465838509317
E00157084,149,39,15,24,110,87,23,26.174496644295303,10.06711409395973,16.10738255033557,73.8255033557047,58.38926174496645,15.436241610738255
E00157085,189,68,31,37,121,100,21,35.978835978835974,16.402116402116402,19.576719576719576,64.02116402116403,52.910052910052904,11.11111111111111
E00157087,164,31,12,19,133,115,18,18.902439024390244,7.317073170731707,11.585365853658537,81.09756097560977,70.1219512195122,10.975609756097562
E00157088,148,34,17,17,114,102,12,22.972972972972975,11.486486486486488,11.486486486486488,77.02702702702703,68.91891891891892,8.108108108108109
E00157089,73,20,8,12,53,34,19,27.397260273972602,10.95890410958904,16.43835616438356,72.6027397260274,46.57534246575342,26.027397260273972
E00157090,180,46,21,25,134,89,45,25.555555555555554,11.666666666666666,13.88888888888889,74.44444444444444,49.44444444444444,25
E00157091,147,45,22,23,102,58,44,30.612244897959183,14.965986394557824,15.646258503401361,69.38775510204081,39.455782312925166,29.931972789115648
E00157092,123,46,17,29,77,56,21,37.39837398373984,13.821138211382115,23.577235772357724,62.601626016260155,45.52845528455284,17.073170731707318
E00157093,144,39,19,20,105,88,17,27.083333333333332,13.194444444444445,13.88888888888889,72.91666666666666,61.111111111111114,11.805555555555555
E00157094,163,50,23,27,113,90,23,30.67484662576687,14.11042944785276,16.56441717791411,69.32515337423312,55.21472392638037,14.11042944785276
E00157095,179,48,14,34,131,105,26,26.81564245810056,7.82122905027933,18.994413407821227,73.18435754189943,58.659217877094974,14.52513966480447
E00157096,132,36,11,25,96,71,25,27.27272727272727,8.333333333333332,18.939393939393938,72.72727272727273,53.78787878787878,18.939393939393938
E00157097,147,45,12,33,102,78,24,30.612244897959183,8.16326530612245,22.448979591836736,69.38775510204081,53.06122448979592,16.3265306122449
E00157098,138,32,10,22,106,71,35,23.18840579710145,7.246376811594203,15.942028985507244,76.81159420289855,51.449275362318836,25.36231884057971
E00157099,172,47,17,30,125,96,29,27.325581395348834,9.883720930232558,17.441860465116278,72.67441860465115,55.81395348837209,16.86046511627907
E00157100,166,41,21,20,125,96,29,24.69879518072289,12.650602409638553,12.048192771084338,75.30120481927712,57.831325301204814,17.46987951807229
E00157101,144,46,24,22,98,68,30,31.944444444444443,16.666666666666664,15.277777777777779,68.05555555555556,47.22222222222222,20.833333333333336
E00157102,148,51,21,30,97,83,14,34.45945945945946,14.18918918918919,20.27027027027027,65.54054054054053,56.08108108108109,9.45945945945946
E00157103,151,45,13,32,106,85,21,29.80132450331126,8.609271523178808,21.192052980132452,70.19867549668875,56.29139072847682,13.90728476821192
E00157104,129,40,20,20,89,60,29,31.007751937984494,15.503875968992247,15.503875968992247,68.9922480620155,46.51162790697674,22.48062015503876
E00167808,188,40,15,25,148,127,21,21.27659574468085,7.9787234042553195,13.297872340425531,78.72340425531915,67.5531914893617,11.170212765957446
E00167809,82,28,13,15,54,44,10,34.146341463414636,15.853658536585366,18.29268292682927,65.85365853658537,53.65853658536586,12.195121951219512
E00167810,201,35,7,28,166,120,46,17.412935323383085,3.482587064676617,13.930348258706468,82.58706467661692,59.70149253731343,22.885572139303484
E00167812,171,28,9,19,143,121,22,16.374269005847953,5.263157894736842,11.11111111111111,83.62573099415205,70.76023391812866,12.865497076023392
E00167813,182,50,21,29,132,109,23,27.472527472527474,11.538461538461538,15.934065934065933,72.52747252747253,59.89010989010989,12.637362637362637
E00167814,168,39,9,30,129,109,20,23.214285714285715,5.357142857142857,17.857142857142858,76.78571428571429,64.88095238095238,11.904761904761903
E00167815,204,60,21,39,144,121,23,29.411764705882355,10.294117647058822,19.11764705882353,70.58823529411765,59.31372549019608,11.27450980392157
E00167816,167,36,13,23,131,109,22,21.55688622754491,7.784431137724551,13.77245508982036,78.44311377245509,65.26946107784431,13.17365269461078
E00167817,165,37,5,32,128,110,18,22.424242424242426,3.0303030303030303,19.393939393939394,77.57575757575758,66.66666666666666,10.909090909090908
E00167818,198,46,19,27,152,111,41,23.232323232323232,9.595959595959595,13.636363636363635,76.76767676767676,56.060606060606055,20.707070707070706
E00167819,97,22,7,15,75,63,12,22.68041237113402,7.216494845360824,15.463917525773196,77.31958762886599,64.94845360824742,12.371134020618557
E00167820,199,102,40,62,97,82,15,51.256281407035175,20.100502512562816,31.155778894472363,48.743718592964825,41.20603015075377,7.537688442211055
E00180560,191,50,16,34,141,106,35,26.17801047120419,8.37696335078534,17.801047120418847,73.82198952879581,55.497382198952884,18.32460732984293
E00180567,189,38,16,22,151,122,29,20.105820105820104,8.465608465608465,11.64021164021164,79.8941798941799,64.55026455026454,15.343915343915343
E00180570,269,63,26,37,206,176,30,23.42007434944238,9.66542750929368,13.754646840148698,76.57992565055763,65.4275092936803,11.152416356877323
E00180572,217,41,11,30,176,143,33,18.89400921658986,5.0691244239631335,13.82488479262673,81.10599078341014,65.89861751152074,15.207373271889402
E00180575,182,46,16,30,136,113,23,25.274725274725274,8.791208791208792,16.483516483516482,74.72527472527473,62.08791208791209,12.637362637362637
E00180598,90,27,7,20,63,53,10,30,7.777777777777778,22.22222222222222,70,58.88888888888889,11.11111111111111
E00180604,93,26,9,17,67,49,18,27.956989247311824,9.67741935483871,18.27956989247312,72.04301075268818,52.68817204301075,19.35483870967742
E00180608,333,75,29,46,258,209,49,22.52252252252252,8.708708708708707,13.813813813813812,77.47747747747748,62.76276276276276,14.714714714714713
E00180614,238,59,20,39,179,145,34,24.789915966386555,8.403361344537815,16.386554621848738,75.21008403361344,60.924369747899156,14.285714285714285
E00180628,105,24,10,14,81,64,17,22.857142857142858,9.523809523809524,13.333333333333334,77.14285714285715,60.952380952380956,16.19047619047619
E00180629,244,64,28,36,180,139,41,26.229508196721312,11.475409836065573,14.754098360655737,73.77049180327869,56.9672131147541,16.80327868852459
E00180635,105,27,13,14,78,71,7,25.71428571428571,12.380952380952381,13.333333333333334,74.28571428571429,67.61904761904762,6.666666666666667
E00180641,233,63,19,44,170,136,34,27.038626609442062,8.15450643776824,18.88412017167382,72.96137339055794,58.36909871244635,14.592274678111588
E00180648,131,33,11,22,98,83,15,25.190839694656486,8.396946564885496,16.793893129770993,74.80916030534351,63.358778625954194,11.450381679389313
