OA,ts0380001,ts0380002,ts0380003,ts0380004,ts0380005,ts0380006,ts0380007,ts0380002_PCT,ts0380003_PCT,ts0380004_PCT,ts0380005_PCT,ts0380006_PCT,ts0380007_PCT
E00152496,271,23,5,18,248,14,234,8.487084870848708,1.8450184501845017,6.642066420664207,91.5129151291513,5.166051660516605,86.34686346863468
E00152497,364,38,10,28,326,32,294,10.43956043956044,2.7472527472527473,7.6923076923076925,89.56043956043956,8.791208791208792,80.76923076923077
E00152498,186,31,12,19,155,10,145,16.666666666666664,6.451612903225806,10.21505376344086,83.33333333333334,5.376344086021505,77.95698924731182
E00152499,277,45,16,29,232,19,213,16.24548736462094,5.776173285198556,10.469314079422382,83.75451263537906,6.859205776173286,76.89530685920577
E00152500,267,36,14,22,231,23,208,13.48314606741573,5.2434456928838955,8.239700374531834,86.51685393258427,8.614232209737828,77.90262172284645
E00152502,224,25,8,17,199,20,179,11.160714285714286,3.571428571428571,7.5892857142857135,88.83928571428571,8.928571428571429,79.91071428571429
E00152503,283,37,14,23,246,28,218,13.074204946996467,4.946996466431095,8.12720848056537,86.92579505300353,9.89399293286219,77.03180212014135
E00152504,358,49,14,35,309,22,287,13.687150837988826,3.910614525139665,9.776536312849162,86.31284916201118,6.145251396648044,80.16759776536313
E00152506,341,34,11,23,307,21,286,9.970674486803519,3.225806451612903,6.744868035190615,90.02932551319648,6.158357771260997,83.87096774193549
E00152507,290,40,13,27,250,23,227,13.793103448275861,4.482758620689655,9.310344827586208,86.20689655172413,7.931034482758621,78.27586206896552
E00152508,263,25,5,20,238,13,225,9.505703422053232,1.9011406844106464,7.604562737642586,90.49429657794677,4.942965779467681,85.55133079847909
E00152509,216,60,23,37,156,13,143,27.77777777777778,10.648148148148149,17.12962962962963,72.22222222222221,6.018518518518518,66.20370370370371
E00152510,274,48,13,35,226,26,200,17.51824817518248,4.744525547445255,12.773722627737227,82.48175182481752,9.48905109489051,72.99270072992701
E00152511,285,64,22,42,221,21,200,22.45614035087719,7.719298245614035,14.736842105263156,77.54385964912281,7.368421052631578,70.17543859649122
E00152512,249,58,27,31,191,16,175,23.293172690763054,10.843373493975903,12.449799196787147,76.70682730923694,6.425702811244979,70.28112449799197
E00152513,262,58,29,29,204,27,177,22.137404580152673,11.068702290076336,11.068702290076336,77.86259541984732,10.305343511450381,67.55725190839695
E00152514,276,66,31,35,210,23,187,23.91304347826087,11.231884057971014,12.681159420289855,76.08695652173914,8.333333333333332,67.7536231884058
E00152515,201,48,23,25,153,18,135,23.88059701492537,11.442786069651742,12.437810945273633,76.11940298507463,8.955223880597014,67.16417910447761
E00152516,383,91,43,48,292,25,267,23.759791122715406,11.22715404699739,12.532637075718014,76.2402088772846,6.527415143603134,69.71279373368147
E00152517,343,73,25,48,270,31,239,21.282798833819243,7.288629737609329,13.994169096209912,78.71720116618076,9.037900874635568,69.67930029154519
E00152518,321,48,16,32,273,26,247,14.953271028037381,4.984423676012461,9.968847352024921,85.04672897196261,8.09968847352025,76.94704049844236
E00152519,424,72,32,40,352,34,318,16.9811320754717,7.547169811320755,9.433962264150944,83.01886792452831,8.018867924528301,75
E00152520,328,41,7,34,287,18,269,12.5,2.1341463414634148,10.365853658536585,87.5,5.487804878048781,82.01219512195121
E00152521,235,69,32,37,166,20,146,29.361702127659573,13.617021276595745,15.74468085106383,70.63829787234043,8.51063829787234,62.12765957446808
E00152522,417,74,27,47,343,32,311,17.74580335731415,6.474820143884892,11.270983213429256,82.25419664268586,7.673860911270983,74.58033573141488
E00152523,341,84,39,45,257,21,236,24.633431085043988,11.436950146627565,13.196480938416421,75.366568914956,6.158357771260997,69.20821114369502
E00152524,440,81,36,45,359,34,325,18.409090909090907,8.181818181818182,10.227272727272728,81.5909090909091,7.727272727272727,73.86363636363636
E00152525,231,46,21,25,185,14,171,19.913419913419915,9.090909090909092,10.822510822510822,80.08658008658008,6.0606060606060606,74.02597402597402
E00152526,257,54,18,36,203,24,179,21.011673151750973,7.003891050583658,14.007782101167315,78.98832684824903,9.33852140077821,69.64980544747081
E00152527,255,43,13,30,212,27,185,16.862745098039216,5.098039215686274,11.76470588235294,83.13725490196079,10.588235294117647,72.54901960784314
E00152528,211,40,13,27,171,19,152,18.95734597156398,6.161137440758294,12.796208530805686,81.04265402843602,9.004739336492891,72.03791469194313
E00152529,314,70,31,39,244,18,226,22.29299363057325,9.872611464968154,12.420382165605096,77.70700636942675,5.7324840764331215,71.97452229299363
E00152530,260,46,13,33,214,26,188,17.692307692307693,5,12.692307692307692,82.3076923076923,10,72.3076923076923
E00152531,331,37,12,25,294,25,269,11.178247734138973,3.625377643504532,7.552870090634441,88.82175226586104,7.552870090634441,81.2688821752266
E00152532,259,53,30,23,206,26,180,20.463320463320464,11.583011583011583,8.880308880308881,79.53667953667953,10.038610038610038,69.4980694980695
E00152533,392,91,47,44,301,19,282,23.214285714285715,11.989795918367346,11.224489795918368,76.78571428571429,4.846938775510204,71.93877551020408
E00152534,245,89,46,43,156,19,137,36.3265306122449,18.775510204081634,17.551020408163264,63.6734693877551,7.755102040816326,55.91836734693878
E00152535,339,63,28,35,276,18,258,18.58407079646018,8.259587020648967,10.32448377581121,81.41592920353983,5.3097345132743365,76.10619469026548
E00152536,356,85,32,53,271,29,242,23.876404494382022,8.98876404494382,14.887640449438203,76.12359550561798,8.146067415730338,67.97752808988764
E00152537,246,75,38,37,171,22,149,30.48780487804878,15.447154471544716,15.040650406504067,69.51219512195121,8.94308943089431,60.56910569105691
E00152538,253,49,23,26,204,13,191,19.367588932806324,9.090909090909092,10.276679841897234,80.63241106719367,5.138339920948617,75.49407114624506
E00152539,323,68,31,37,255,26,229,21.052631578947366,9.597523219814242,11.455108359133128,78.94736842105263,8.04953560371517,70.89783281733746
E00152540,233,54,21,33,179,17,162,23.17596566523605,9.012875536480687,14.163090128755366,76.82403433476395,7.296137339055794,69.52789699570815
E00152541,194,47,21,26,147,16,131,24.22680412371134,10.824742268041238,13.402061855670103,75.77319587628865,8.24742268041237,67.5257731958763
E00152550,300,14,0,14,286,19,267,4.666666666666667,0,4.666666666666667,95.33333333333334,6.333333333333334,89
E00152552,439,101,44,57,338,36,302,23.006833712984054,10.022779043280181,12.984054669703873,76.99316628701595,8.200455580865604,68.79271070615034
E00152556,315,42,13,29,273,22,251,13.333333333333334,4.1269841269841265,9.206349206349207,86.66666666666667,6.984126984126984,79.68253968253968
E00152557,409,15,7,8,394,16,378,3.6674816625916873,1.7114914425427872,1.9559902200488997,96.33251833740832,3.9119804400977993,92.42053789731052
E00152558,279,35,9,26,244,21,223,12.544802867383511,3.225806451612903,9.31899641577061,87.45519713261649,7.526881720430108,79.92831541218638
E00152562,148,27,17,10,121,6,115,18.243243243243242,11.486486486486488,6.756756756756757,81.75675675675676,4.054054054054054,77.7027027027027
E00152563,373,60,21,39,313,25,288,16.0857908847185,5.630026809651475,10.455764075067025,83.91420911528151,6.702412868632708,77.21179624664879
E00152564,386,50,17,33,336,29,307,12.953367875647666,4.404145077720207,8.549222797927461,87.04663212435233,7.512953367875648,79.53367875647669
E00152568,268,56,25,31,212,17,195,20.8955223880597,9.328358208955224,11.567164179104477,79.1044776119403,6.343283582089552,72.76119402985076
E00152569,281,38,10,28,243,28,215,13.523131672597867,3.558718861209965,9.9644128113879,86.47686832740213,9.9644128113879,76.51245551601423
E00152570,376,53,16,37,323,28,295,14.095744680851062,4.25531914893617,9.840425531914894,85.90425531914893,7.446808510638298,78.45744680851064
E00152571,255,35,7,28,220,19,201,13.725490196078432,2.7450980392156863,10.980392156862745,86.27450980392157,7.450980392156863,78.82352941176471
E00152572,604,79,27,52,525,48,477,13.079470198675496,4.470198675496689,8.609271523178808,86.9205298013245,7.9470198675496695,78.97350993377484
E00152573,275,30,7,23,245,29,216,10.909090909090908,2.5454545454545454,8.363636363636363,89.0909090909091,10.545454545454545,78.54545454545455
E00152574,256,39,15,24,217,29,188,15.234375,5.859375,9.375,84.765625,11.328125,73.4375
E00152575,302,71,26,45,231,22,209,23.509933774834437,8.609271523178808,14.90066225165563,76.49006622516556,7.28476821192053,69.20529801324503
E00152576,299,76,39,37,223,14,209,25.418060200668897,13.043478260869565,12.37458193979933,74.5819397993311,4.682274247491638,69.89966555183946
E00152577,309,59,23,36,250,25,225,19.093851132686083,7.443365695792881,11.650485436893204,80.90614886731392,8.090614886731391,72.81553398058253
E00152579,293,61,27,34,232,23,209,20.819112627986346,9.215017064846416,11.604095563139932,79.18088737201366,7.849829351535837,71.33105802047781
E00152580,374,71,25,46,303,23,280,18.983957219251337,6.684491978609626,12.299465240641712,81.01604278074866,6.149732620320856,74.8663101604278
E00152581,354,55,23,32,299,20,279,15.53672316384181,6.497175141242938,9.03954802259887,84.4632768361582,5.649717514124294,78.8135593220339
E00152582,235,34,14,20,201,20,181,14.468085106382977,5.957446808510639,8.51063829787234,85.53191489361703,8.51063829787234,77.02127659574468
E00152583,285,35,13,22,250,21,229,12.280701754385964,4.56140350877193,7.719298245614035,87.71929824561403,7.368421052631578,80.35087719298247
E00152584,273,69,27,42,204,14,190,25.274725274725274,9.89010989010989,15.384615384615385,74.72527472527473,5.128205128205128,69.59706959706959
E00152585,226,53,27,26,173,8,165,23.451327433628318,11.946902654867257,11.504424778761061,76.54867256637168,3.5398230088495577,73.00884955752213
E00152586,497,123,62,61,374,35,339,24.748490945674046,12.474849094567404,12.273641851106639,75.25150905432596,7.042253521126761,68.2092555331992
E00152587,222,57,28,29,165,20,145,25.675675675675674,12.612612612612612,13.063063063063062,74.32432432432432,9.00900900900901,65.31531531531532
E00152588,381,71,25,46,310,30,280,18.635170603674542,6.561679790026247,12.073490813648293,81.36482939632546,7.874015748031496,73.49081364829397
E00152589,140,14,6,8,126,13,113,10,4.285714285714286,5.714285714285714,90,9.285714285714286,80.71428571428572
E00152590,407,74,19,55,333,38,295,18.181818181818183,4.668304668304668,13.513513513513514,81.81818181818183,9.336609336609335,72.48157248157248
E00152591,332,76,38,38,256,26,230,22.89156626506024,11.44578313253012,11.44578313253012,77.10843373493977,7.83132530120482,69.27710843373494
E00152592,154,18,8,10,136,19,117,11.688311688311687,5.194805194805195,6.493506493506493,88.31168831168831,12.337662337662337,75.97402597402598
E00152593,390,57,19,38,333,28,305,14.615384615384617,4.871794871794872,9.7435897435897445,85.38461538461539,7.179487179487179,78.2051282051282
E00152594,420,54,12,42,366,41,325,12.857142857142856,2.857142857142857,10,87.14285714285714,9.761904761904763,77.38095238095238
E00152595,434,74,29,45,360,26,334,17.050691244239633,6.682027649769585,10.368663594470046,82.94930875576037,5.990783410138248,76.95852534562212
E00152596,322,62,25,37,260,25,235,19.25465838509317,7.763975155279502,11.490683229813664,80.74534161490683,7.763975155279502,72.98136645962732
E00152597,304,47,21,26,257,17,240,15.460526315789474,6.907894736842106,8.552631578947368,84.53947368421053,5.592105263157895,78.94736842105263
E00152598,507,105,44,61,402,37,365,20.710059171597635,8.678500986193294,12.03155818540434,79.28994082840237,7.297830374753452,71.99211045364892
E00152599,310,78,31,47,232,17,215,25.161290322580644,10,15.161290322580644,74.83870967741936,5.483870967741936,69.35483870967742
E00152600,287,62,20,42,225,18,207,21.602787456445995,6.968641114982578,14.634146341463413,78.397212543554,6.2717770034843205,72.12543554006969
E00152601,315,60,22,38,255,20,235,19.047619047619047,6.984126984126984,12.063492063492063,80.95238095238095,6.349206349206349,74.60317460317461
E00152602,364,48,23,25,316,14,302,13.186813186813188,6.318681318681318,6.868131868131869,86.81318681318682,3.8461538461538463,82.96703296703298
E00152603,271,35,11,24,236,32,204,12.915129151291513,4.059040590405904,8.856088560885608,87.08487084870849,11.808118081180812,75.27675276752768
E00152604,277,51,15,36,226,38,188,18.4115523465704,5.415162454873646,12.996389891696749,81.58844765342961,13.718411552346572,67.87003610108303
E00152605,249,51,23,28,198,19,179,20.481927710843372,9.236947791164658,11.244979919678714,79.51807228915662,7.630522088353414,71.8875502008032
E00152606,295,30,12,18,265,15,250,10.16949152542373,4.067796610169491,6.101694915254238,89.83050847457628,5.084745762711865,84.7457627118644
E00152607,417,40,14,26,377,28,349,9.59232613908873,3.357314148681055,6.235011990407674,90.40767386091127,6.71462829736211,83.69304556354916
E00152608,243,41,14,27,202,17,185,16.872427983539097,5.761316872427984,11.11111111111111,83.1275720164609,6.995884773662551,76.13168724279835
E00152609,278,67,33,34,211,22,189,24.100719424460433,11.870503597122301,12.23021582733813,75.89928057553958,7.913669064748201,67.98561151079137
E00152610,338,64,23,41,274,30,244,18.93491124260355,6.8047337278106506,12.1301775147929,81.06508875739645,8.875739644970414,72.18934911242604
E00152611,310,45,16,29,265,30,235,14.516129032258066,5.161290322580645,9.35483870967742,85.48387096774194,9.67741935483871,75.80645161290323
E00152613,363,49,16,33,314,32,282,13.498622589531681,4.40771349862259,9.090909090909092,86.50137741046832,8.81542699724518,77.68595041322314
E00152614,235,39,13,26,196,25,171,16.595744680851062,5.531914893617021,11.063829787234042,83.40425531914893,10.638297872340425,72.76595744680851
E00152615,441,56,20,36,385,39,346,12.698412698412698,4.535147392290249,8.16326530612245,87.3015873015873,8.843537414965986,78.45804988662131
E00152616,293,57,29,28,236,18,218,19.453924914675767,9.897610921501707,9.556313993174061,80.54607508532423,6.143344709897611,74.40273037542661
E00152617,380,53,17,36,327,34,293,13.94736842105263,4.473684210526316,9.473684210526317,86.05263157894737,8.947368421052632,77.10526315789473
E00152618,361,67,24,43,294,21,273,18.559556786703602,6.64819944598338,11.911357340720222,81.4404432132964,5.8171745152354575,75.62326869806094
E00152619,334,65,25,40,269,31,238,19.46107784431138,7.48502994011976,11.976047904191617,80.53892215568862,9.281437125748502,71.25748502994011
E00152620,318,80,34,46,238,18,220,25.157232704402517,10.69182389937107,14.465408805031446,74.84276729559748,5.660377358490567,69.18238993710692
E00152621,249,39,14,25,210,19,191,15.66265060240964,5.622489959839357,10.040160642570282,84.33734939759037,7.630522088353414,76.70682730923694
E00152623,261,48,18,30,213,17,196,18.39080459770115,6.896551724137931,11.494252873563218,81.60919540229885,6.513409961685824,75.09578544061303
E00152624,296,64,30,34,232,25,207,21.62162162162162,10.135135135135135,11.486486486486488,78.37837837837837,8.445945945945946,69.93243243243244
E00152625,419,78,45,33,341,30,311,18.615751789976134,10.739856801909307,7.875894988066825,81.38424821002387,7.159904534606206,74.22434367541766
E00152626,309,66,30,36,243,21,222,21.35922330097087,9.70873786407767,11.650485436893204,78.64077669902912,6.796116504854369,71.84466019417476
E00152627,324,72,38,34,252,27,225,22.22222222222222,11.728395061728394,10.493827160493826,77.77777777777779,8.333333333333332,69.44444444444444
E00152628,267,60,22,38,207,16,191,22.47191011235955,8.239700374531834,14.232209737827715,77.52808988764045,5.992509363295881,71.53558052434457
E00152629,274,34,15,19,240,19,221,12.408759124087592,5.474452554744526,6.934306569343065,87.59124087591242,6.934306569343065,80.65693430656934
E00152631,268,47,17,30,221,19,202,17.537313432835823,6.343283582089552,11.194029850746269,82.46268656716418,7.08955223880597,75.3731343283582
E00152632,498,52,11,41,446,34,412,10.441767068273093,2.208835341365462,8.23293172690763,89.5582329317269,6.827309236947792,82.73092369477911
E00152634,237,16,4,12,221,18,203,6.751054852320674,1.6877637130801686,5.063291139240507,93.24894514767934,7.59493670886076,85.65400843881856
E00152635,228,36,13,23,192,19,173,15.789473684210526,5.701754385964912,10.087719298245613,84.21052631578947,8.333333333333332,75.87719298245614
E00152636,302,40,10,30,262,14,248,13.245033112582782,3.3112582781456954,9.933774834437086,86.75496688741721,4.635761589403973,82.11920529801324
E00152637,242,32,10,22,210,17,193,13.223140495867769,4.132231404958678,9.090909090909092,86.77685950413223,7.024793388429752,79.75206611570248
E00152638,267,30,1,29,237,12,225,11.235955056179774,0.37453183520599254,10.861423220973784,88.76404494382022,4.49438202247191,84.26966292134831
E00152639,311,39,21,18,272,20,252,12.540192926045016,6.752411575562702,5.787781350482315,87.45980707395499,6.430868167202572,81.02893890675242
E00152640,305,38,11,27,267,23,244,12.459016393442624,3.606557377049181,8.852459016393443,87.54098360655738,7.540983606557377,80
E00152641,287,39,17,22,248,16,232,13.588850174216027,5.923344947735192,7.665505226480835,86.41114982578398,5.574912891986063,80.8362369337979
E00152642,305,53,16,37,252,18,234,17.37704918032787,5.245901639344262,12.131147540983607,82.62295081967214,5.901639344262295,76.72131147540983
E00152643,363,44,12,32,319,16,303,12.121212121212121,3.3057851239669422,8.81542699724518,87.87878787878788,4.40771349862259,83.47107438016529
E00152644,248,43,18,25,205,19,186,17.338709677419356,7.258064516129033,10.080645161290322,82.66129032258065,7.661290322580645,75
E00152645,303,42,14,28,261,18,243,13.861386138613863,4.62046204620462,9.24092409240924,86.13861386138613,5.9405940594059405,80.19801980198021
E00152646,403,113,72,41,290,24,266,28.03970223325062,17.866004962779154,10.173697270471465,71.96029776674938,5.955334987593052,66.00496277915633
E00152647,269,50,16,34,219,17,202,18.587360594795538,5.947955390334572,12.639405204460965,81.41263940520446,6.319702602230483,75.09293680297398
E00152648,276,40,15,25,236,16,220,14.492753623188406,5.434782608695652,9.057971014492754,85.5072463768116,5.797101449275362,79.71014492753623
E00152649,224,34,7,27,190,21,169,15.178571428571427,3.125,12.053571428571429,84.82142857142857,9.375,75.44642857142857
E00152650,279,38,17,21,241,13,228,13.620071684587815,6.093189964157706,7.526881720430108,86.37992831541219,4.659498207885305,81.72043010752688
E00152651,318,59,22,37,259,30,229,18.553459119496853,6.918238993710692,11.635220125786164,81.44654088050315,9.433962264150944,72.0125786163522
E00152652,270,54,25,29,216,18,198,20,9.25925925925926,10.74074074074074,80,6.666666666666667,73.33333333333333
E00152653,257,49,19,30,208,10,198,19.06614785992218,7.392996108949417,11.673151750972762,80.93385214007782,3.8910505836575875,77.04280155642024
E00152654,328,78,22,56,250,14,236,23.78048780487805,6.707317073170732,17.073170731707318,76.21951219512195,4.2682926829268295,71.95121951219512
E00152655,313,56,23,33,257,19,238,17.89137380191693,7.348242811501597,10.543130990415335,82.10862619808307,6.070287539936102,76.03833865814697
E00152656,394,41,14,27,353,8,345,10.406091370558377,3.5532994923857872,6.852791878172589,89.59390862944161,2.030456852791878,87.56345177664974
E00152657,355,39,6,33,316,27,289,10.985915492957748,1.6901408450704223,9.295774647887324,89.01408450704226,7.605633802816901,81.40845070422536
E00152658,514,43,8,35,471,34,437,8.365758754863812,1.556420233463035,6.809338521400778,91.63424124513618,6.614785992217899,85.01945525291829
E00152659,239,21,4,17,218,15,203,8.786610878661087,1.6736401673640167,7.112970711297072,91.21338912133892,6.2761506276150625,84.93723849372385
E00152660,287,41,6,35,246,23,223,14.285714285714285,2.0905923344947737,12.195121951219512,85.71428571428571,8.013937282229964,77.70034843205575
E00152661,235,25,4,21,210,22,188,10.638297872340425,1.702127659574468,8.936170212765958,89.36170212765957,9.361702127659575,80
E00152662,229,41,20,21,188,13,175,17.903930131004365,8.73362445414847,9.170305676855897,82.09606986899564,5.676855895196507,76.41921397379913
E00152663,339,32,6,26,307,28,279,9.43952802359882,1.7699115044247788,7.669616519174041,90.56047197640117,8.259587020648967,82.30088495575221
E00152664,259,52,17,35,207,21,186,20.077220077220076,6.563706563706563,13.513513513513514,79.92277992277992,8.108108108108109,71.81467181467181
E00152665,307,36,7,29,271,21,250,11.726384364820847,2.2801302931596092,9.446254071661238,88.27361563517914,6.840390879478828,81.43322475570032
E00152666,264,41,15,26,223,18,205,15.530303030303031,5.681818181818182,9.848484848484848,84.46969696969697,6.8181818181818175,77.65151515151516
E00152667,244,49,22,27,195,17,178,20.081967213114755,9.01639344262295,11.065573770491802,79.91803278688525,6.967213114754098,72.95081967213115
E00152668,214,38,14,24,176,11,165,17.75700934579439,6.5420560747663545,11.214953271028037,82.2429906542056,5.14018691588785,77.10280373831776
E00152669,220,52,24,28,168,6,162,23.636363636363637,10.909090909090908,12.727272727272727,76.36363636363637,2.727272727272727,73.63636363636363
E00152670,493,70,31,39,423,26,397,14.198782961460447,6.288032454361055,7.910750507099391,85.80121703853956,5.273833671399594,80.52738336713996
E00152672,394,93,40,53,301,39,262,23.604060913705585,10.152284263959391,13.451776649746192,76.39593908629442,9.898477157360407,66.49746192893402
E00152673,311,37,13,24,274,22,252,11.89710610932476,4.180064308681672,7.717041800643088,88.10289389067523,7.07395498392283,81.02893890675242
E00152674,248,24,9,15,224,17,207,9.67741935483871,3.6290322580645165,6.048387096774194,90.32258064516128,6.854838709677419,83.46774193548387
E00152675,296,46,15,31,250,19,231,15.54054054054054,5.0675675675675675,10.472972972972974,84.45945945945947,6.418918918918918,78.04054054054053
E00152676,234,36,10,26,198,23,175,15.384615384615385,4.273504273504273,11.11111111111111,84.61538461538461,9.82905982905983,74.78632478632478
E00152677,210,19,5,14,191,19,172,9.047619047619047,2.380952380952381,6.666666666666667,90.95238095238095,9.047619047619047,81.9047619047619
E00152679,200,23,4,19,177,18,159,11.5,2,9.5,88.5,9,79.5
E00152680,230,39,16,23,191,23,168,16.956521739130434,6.956521739130435,10,83.04347826086956,10,73.04347826086956
E00152681,251,40,10,30,211,26,185,15.936254980079681,3.9840637450199203,11.952191235059761,84.06374501992032,10.358565737051793,73.70517928286853
E00153380,266,26,5,21,240,23,217,9.774436090225564,1.8796992481203008,7.894736842105263,90.22556390977444,8.646616541353383,81.57894736842105
E00153381,249,59,27,32,190,13,177,23.694779116465863,10.843373493975903,12.851405622489958,76.30522088353415,5.220883534136546,71.08433734939759
E00153382,348,77,35,42,271,32,239,22.126436781609197,10.057471264367816,12.068965517241379,77.87356321839081,9.195402298850574,68.67816091954023
E00153383,277,51,19,32,226,25,201,18.4115523465704,6.859205776173286,11.552346570397113,81.58844765342961,9.025270758122744,72.56317689530685
E00153384,308,60,25,35,248,26,222,19.480519480519483,8.116883116883116,11.363636363636363,80.51948051948052,8.441558441558442,72.07792207792207
E00153385,229,44,19,25,185,17,168,19.213973799126638,8.296943231441048,10.91703056768559,80.78602620087337,7.423580786026202,73.36244541484717
E00153386,318,78,30,48,240,22,218,24.528301886792452,9.433962264150944,15.09433962264151,75.47169811320755,6.918238993710692,68.55345911949685
E00153387,264,43,11,32,221,20,201,16.28787878787879,4.166666666666666,12.121212121212121,83.71212121212122,7.575757575757576,76.13636363636364
E00153388,275,45,11,34,230,19,211,16.363636363636363,4,12.363636363636363,83.63636363636363,6.909090909090909,76.72727272727272
E00153389,254,44,13,31,210,26,184,17.322834645669293,5.118110236220472,12.204724409448819,82.67716535433071,10.236220472440944,72.44094488188976
E00153390,247,32,13,19,215,26,189,12.955465587044534,5.263157894736842,7.6923076923076925,87.04453441295547,10.526315789473683,76.51821862348179
E00153391,275,25,4,21,250,24,226,9.090909090909092,1.4545454545454546,7.636363636363637,90.9090909090909,8.727272727272728,82.18181818181817
E00153392,192,28,7,21,164,13,151,14.583333333333334,3.6458333333333335,10.9375,85.41666666666666,6.770833333333333,78.64583333333334
E00153393,181,33,12,21,148,21,127,18.23204419889503,6.629834254143646,11.602209944751381,81.76795580110497,11.602209944751381,70.1657458563536
E00153394,366,113,64,49,253,20,233,30.87431693989071,17.48633879781421,13.387978142076504,69.12568306010928,5.46448087431694,63.661202185792355
E00153395,249,53,17,36,196,21,175,21.285140562248998,6.827309236947792,14.457831325301203,78.714859437751,8.433734939759036,70.28112449799197
E00153396,381,51,16,35,330,29,301,13.385826771653544,4.199475065616798,9.186351706036746,86.61417322834646,7.611548556430446,79.00262467191601
E00153397,249,65,32,33,184,32,152,26.104417670682732,12.851405622489958,13.253012048192772,73.89558232931726,12.851405622489958,61.044176706827315
E00153398,227,36,16,20,191,19,172,15.859030837004406,7.048458149779736,8.81057268722467,84.14096916299559,8.370044052863436,75.77092511013215
E00153399,531,90,28,62,441,53,388,16.94915254237288,5.273069679849341,11.67608286252354,83.05084745762711,9.981167608286253,73.06967984934086
E00153400,110,9,1,8,101,18,83,8.181818181818182,0.9090909090909091,7.2727272727272725,91.81818181818183,16.363636363636363,75.45454545454545
E00153401,255,35,15,20,220,30,190,13.725490196078432,5.88235294117647,7.8431372549019605,86.27450980392157,11.76470588235294,74.50980392156863
E00153402,330,56,18,38,274,25,249,16.969696969696972,5.454545454545454,11.515151515151516,83.03030303030303,7.575757575757576,75.45454545454545
E00153403,362,65,22,43,297,34,263,17.955801104972377,6.077348066298343,11.878453038674033,82.04419889502762,9.392265193370166,72.65193370165746
E00153404,139,23,7,16,116,11,105,16.546762589928058,5.0359712230215825,11.510791366906476,83.45323741007195,7.913669064748201,75.53956834532374
E00153405,160,36,11,25,124,16,108,22.5,6.875000000000001,15.625,77.5,10,67.5
E00153406,352,72,26,46,280,35,245,20.454545454545457,7.386363636363637,13.068181818181818,79.54545454545455,9.943181818181818,69.60227272727273
E00153407,181,41,14,27,140,17,123,22.65193370165746,7.734806629834254,14.917127071823206,77.34806629834254,9.392265193370166,67.95580110497238
E00153408,374,70,27,43,304,23,281,18.71657754010695,7.219251336898395,11.497326203208557,81.28342245989305,6.149732620320856,75.1336898395722
E00153409,371,60,24,36,311,37,274,16.172506738544474,6.46900269541779,9.703504043126685,83.82749326145552,9.973045822102426,73.8544474393531
E00153410,248,46,17,29,202,24,178,18.548387096774192,6.854838709677419,11.693548387096774,81.45161290322581,9.67741935483871,71.7741935483871
E00153411,312,42,18,24,270,24,246,13.461538461538462,5.769230769230769,7.6923076923076925,86.53846153846155,7.6923076923076925,78.84615384615384
E00153412,254,46,19,27,208,14,194,18.11023622047244,7.480314960629922,10.62992125984252,81.88976377952756,5.511811023622047,76.37795275590551
E00153414,118,23,9,14,95,7,88,19.491525423728813,7.627118644067797,11.864406779661017,80.50847457627118,5.932203389830509,74.57627118644068
E00153416,239,36,7,29,203,24,179,15.062761506276152,2.928870292887029,12.133891213389122,84.93723849372385,10.0418410041841,74.89539748953975
E00153417,264,43,18,25,221,23,198,16.28787878787879,6.8181818181818175,9.469696969696969,83.71212121212122,8.712121212121213,75
E00153418,322,71,31,40,251,25,226,22.049689440993788,9.627329192546584,12.422360248447205,77.95031055900621,7.763975155279502,70.1863354037267
E00153419,414,83,30,53,331,45,286,20.048309178743963,7.246376811594203,12.80193236714976,79.95169082125604,10.869565217391305,69.08212560386472
E00153420,288,51,11,40,237,17,220,17.708333333333336,3.8194444444444446,13.88888888888889,82.29166666666666,5.902777777777778,76.38888888888889
E00153421,575,71,24,47,504,48,456,12.347826086956522,4.173913043478262,8.17391304347826,87.65217391304347,8.347826086956523,79.30434782608695
E00153422,360,51,18,33,309,41,268,14.166666666666666,5,9.166666666666666,85.83333333333333,11.38888888888889,74.44444444444444
E00153423,161,38,19,19,123,9,114,23.60248447204969,11.801242236024844,11.801242236024844,76.3975155279503,5.590062111801243,70.80745341614907
E00153424,283,41,10,31,242,26,216,14.487632508833922,3.53356890459364,10.954063604240282,85.51236749116607,9.187279151943462,76.32508833922262
E00153425,187,25,6,19,162,16,146,13.368983957219251,3.2085561497326207,10.16042780748663,86.63101604278076,8.55614973262032,78.07486631016043
E00153426,313,65,29,36,248,24,224,20.766773162939298,9.26517571884984,11.501597444089457,79.2332268370607,7.667731629392971,71.56549520766772
E00153427,330,96,59,37,234,29,205,29.09090909090909,17.87878787878788,11.212121212121213,70.9090909090909,8.787878787878787,62.121212121212125
E00153428,149,18,5,13,131,14,117,12.080536912751679,3.3557046979865772,8.724832214765101,87.91946308724832,9.395973154362416,78.52348993288591
E00153429,280,52,22,30,228,23,205,18.571428571428573,7.857142857142857,10.714285714285714,81.42857142857143,8.214285714285714,73.21428571428571
E00153430,241,37,9,28,204,19,185,15.352697095435685,3.7344398340248963,11.618257261410788,84.64730290456431,7.883817427385892,76.76348547717843
E00153431,100,14,0,14,86,12,74,14.000000000000002,0,14.000000000000002,86,12,74
E00153432,118,22,11,11,96,10,86,18.64406779661017,9.322033898305085,9.322033898305085,81.35593220338984,8.47457627118644,72.88135593220339
E00153433,203,33,10,23,170,18,152,16.25615763546798,4.926108374384237,11.330049261083744,83.74384236453201,8.866995073891626,74.8768472906404
E00153434,218,37,11,26,181,13,168,16.972477064220186,5.045871559633028,11.926605504587156,83.02752293577981,5.963302752293578,77.06422018348624
E00153435,148,25,5,20,123,13,110,16.89189189189189,3.3783783783783785,13.513513513513514,83.1081081081081,8.783783783783784,74.32432432432432
E00153436,404,79,23,56,325,38,287,19.554455445544555,5.693069306930694,13.861386138613863,80.44554455445545,9.405940594059405,71.03960396039604
E00153437,139,27,7,20,112,13,99,19.424460431654676,5.0359712230215825,14.388489208633093,80.57553956834532,9.352517985611511,71.22302158273382
E00153438,292,40,13,27,252,22,230,13.698630136986301,4.4520547945205475,9.246575342465754,86.3013698630137,7.534246575342466,78.76712328767124
E00153439,301,58,22,36,243,23,220,19.269102990033225,7.308970099667775,11.960132890365449,80.73089700996677,7.641196013289036,73.08970099667775
E00153440,316,72,42,30,244,18,226,22.78481012658228,13.291139240506327,9.49367088607595,77.21518987341773,5.69620253164557,71.51898734177216
E00153441,126,15,2,13,111,11,100,11.904761904761903,1.5873015873015872,10.317460317460316,88.09523809523809,8.73015873015873,79.36507936507937
E00153442,477,82,27,55,395,42,353,17.19077568134172,5.660377358490567,11.530398322851152,82.80922431865828,8.80503144654088,74.0041928721174
E00153443,266,55,24,31,211,21,190,20.676691729323306,9.022556390977442,11.654135338345863,79.32330827067669,7.894736842105263,71.42857142857143
E00153444,324,54,19,35,270,33,237,16.666666666666664,5.864197530864197,10.802469135802468,83.33333333333334,10.185185185185185,73.14814814814815
E00153445,235,50,15,35,185,23,162,21.27659574468085,6.382978723404255,14.893617021276595,78.72340425531915,9.787234042553191,68.93617021276596
E00153446,387,87,40,47,300,41,259,22.48062015503876,10.335917312661499,12.144702842377262,77.51937984496125,10.594315245478036,66.9250645994832
E00153447,308,53,24,29,255,25,230,17.20779220779221,7.792207792207792,9.415584415584416,82.79220779220779,8.116883116883116,74.67532467532467
E00153448,482,65,16,49,417,46,371,13.485477178423237,3.319502074688797,10.16597510373444,86.51452282157676,9.54356846473029,76.97095435684648
E00153449,276,52,13,39,224,31,193,18.84057971014493,4.710144927536232,14.130434782608695,81.15942028985508,11.231884057971014,69.92753623188406
E00153450,412,111,75,36,301,25,276,26.941747572815533,18.203883495145632,8.737864077669903,73.05825242718447,6.067961165048544,66.99029126213593
E00153451,302,105,68,37,197,22,175,34.7682119205298,22.516556291390728,12.251655629139073,65.23178807947019,7.28476821192053,57.94701986754966
E00153452,164,54,24,30,110,19,91,32.926829268292686,14.634146341463413,18.29268292682927,67.07317073170732,11.585365853658537,55.487804878048784
E00153454,211,35,12,23,176,22,154,16.587677725118482,5.687203791469194,10.90047393364929,83.41232227488152,10.42654028436019,72.98578199052133
E00153455,231,68,22,46,163,17,146,29.43722943722944,9.523809523809524,19.913419913419915,70.56277056277057,7.35930735930736,63.20346320346321
E00153456,176,55,34,21,121,12,109,31.25,19.318181818181817,11.931818181818182,68.75,6.8181818181818175,61.93181818181818
E00153457,230,33,7,26,197,21,176,14.347826086956522,3.0434782608695654,11.304347826086957,85.65217391304348,9.130434782608695,76.52173913043478
E00153458,245,53,21,32,192,21,171,21.63265306122449,8.571428571428571,13.061224489795919,78.36734693877551,8.571428571428571,69.79591836734694
E00153459,380,48,15,33,332,26,306,12.631578947368421,3.9473684210526314,8.68421052631579,87.36842105263159,6.842105263157896,80.52631578947368
E00153462,309,80,39,41,229,23,206,25.88996763754045,12.62135922330097,13.268608414239482,74.11003236245955,7.443365695792881,66.66666666666666
E00153463,278,57,21,36,221,16,205,20.503597122302157,7.553956834532374,12.949640287769784,79.49640287769785,5.755395683453238,73.7410071942446
E00153464,369,111,58,53,258,36,222,30.081300813008134,15.718157181571815,14.363143631436316,69.91869918699187,9.75609756097561,60.16260162601627
E00153465,306,42,15,27,264,19,245,13.725490196078432,4.901960784313726,8.823529411764707,86.27450980392157,6.209150326797386,80.06535947712419
E00153466,306,48,17,31,258,33,225,15.686274509803921,5.555555555555555,10.130718954248366,84.31372549019608,10.784313725490197,73.52941176470588
E00153467,353,72,39,33,281,38,243,20.396600566572236,11.048158640226628,9.34844192634561,79.60339943342775,10.764872521246458,68.83852691218131
E00153469,300,46,11,35,254,21,233,15.333333333333332,3.6666666666666665,11.666666666666666,84.66666666666667,7.000000000000001,77.66666666666666
E00153470,229,53,21,32,176,23,153,23.144104803493452,9.170305676855897,13.973799126637553,76.85589519650655,10.043668122270741,66.8122270742358
E00153471,321,47,15,32,274,32,242,14.641744548286603,4.672897196261682,9.968847352024921,85.35825545171339,9.968847352024921,75.38940809968847
E00153472,339,44,17,27,295,26,269,12.979351032448378,5.014749262536873,7.964601769911504,87.02064896755162,7.669616519174041,79.35103244837758
E00153473,355,97,60,37,258,23,235,27.323943661971832,16.901408450704224,10.422535211267606,72.67605633802818,6.478873239436619,66.19718309859155
E00153474,351,69,26,43,282,28,254,19.65811965811966,7.4074074074074066,12.250712250712251,80.34188034188034,7.977207977207977,72.36467236467237
E00153475,342,53,24,29,289,33,256,15.497076023391813,7.017543859649122,8.47953216374269,84.50292397660819,9.649122807017543,74.85380116959064
E00153476,335,55,18,37,280,17,263,16.417910447761194,5.3731343283582085,11.044776119402986,83.5820895522388,5.074626865671641,78.50746268656717
E00153477,344,46,17,29,298,22,276,13.372093023255813,4.941860465116279,8.430232558139535,86.62790697674419,6.395348837209303,80.23255813953489
E00153478,328,51,17,34,277,29,248,15.548780487804878,5.182926829268292,10.365853658536585,84.45121951219512,8.841463414634147,75.60975609756098
E00153479,408,78,29,49,330,27,303,19.11764705882353,7.107843137254902,12.009803921568627,80.88235294117648,6.61764705882353,74.26470588235294
E00153480,327,39,11,28,288,27,261,11.926605504587156,3.3639143730886847,8.56269113149847,88.07339449541286,8.256880733944955,79.81651376146789
E00153481,331,43,16,27,288,22,266,12.990936555891238,4.833836858006042,8.157099697885197,87.00906344410876,6.646525679758309,80.36253776435045
E00153483,300,41,15,26,259,20,239,13.666666666666666,5,8.666666666666668,86.33333333333333,6.666666666666667,79.66666666666666
E00153484,298,42,13,29,256,24,232,14.093959731543624,4.3624161073825505,9.731543624161073,85.90604026845638,8.053691275167784,77.85234899328859
E00153485,356,86,35,51,270,21,249,24.15730337078652,9.831460674157304,14.325842696629213,75.84269662921348,5.8988764044943816,69.9438202247191
E00153487,332,45,24,21,287,26,261,13.55421686746988,7.228915662650602,6.325301204819277,86.44578313253012,7.83132530120482,78.6144578313253
E00153488,343,55,25,30,288,30,258,16.034985422740526,7.288629737609329,8.746355685131196,83.96501457725948,8.746355685131196,75.21865889212827
E00153489,300,38,13,25,262,23,239,12.666666666666668,4.333333333333334,8.333333333333332,87.33333333333333,7.666666666666666,79.66666666666666
E00153490,273,46,19,27,227,14,213,16.84981684981685,6.95970695970696,9.89010989010989,83.15018315018315,5.128205128205128,78.02197802197803
E00153491,381,59,30,29,322,30,292,15.485564304461944,7.874015748031496,7.611548556430446,84.51443569553805,7.874015748031496,76.64041994750657
E00153492,401,53,25,28,348,28,320,13.216957605985039,6.234413965087282,6.982543640897755,86.78304239401497,6.982543640897755,79.80049875311721
E00153493,364,72,32,40,292,27,265,19.78021978021978,8.791208791208792,10.989010989010989,80.21978021978022,7.417582417582418,72.8021978021978
E00153494,310,68,23,45,242,19,223,21.935483870967744,7.419354838709677,14.516129032258066,78.06451612903226,6.129032258064516,71.93548387096774
E00153496,329,48,14,34,281,24,257,14.58966565349544,4.25531914893617,10.33434650455927,85.41033434650456,7.29483282674772,78.11550151975683
E00153497,350,38,12,26,312,29,283,10.857142857142858,3.428571428571429,7.428571428571429,89.14285714285714,8.285714285714285,80.85714285714286
E00153498,314,54,14,40,260,32,228,17.197452229299362,4.45859872611465,12.738853503184714,82.80254777070064,10.191082802547772,72.61146496815286
E00153499,351,55,18,37,296,21,275,15.669515669515668,5.128205128205128,10.541310541310542,84.33048433048434,5.982905982905983,78.34757834757835
E00153500,318,57,18,39,261,24,237,17.92452830188679,5.660377358490567,12.264150943396226,82.0754716981132,7.547169811320755,74.52830188679245
E00153501,386,59,16,43,327,27,300,15.284974093264248,4.145077720207254,11.139896373056994,84.71502590673575,6.994818652849741,77.720207253886
E00153502,306,50,26,24,256,15,241,16.33986928104575,8.49673202614379,7.8431372549019605,83.66013071895425,4.901960784313726,78.75816993464052
E00153503,554,68,27,41,486,51,435,12.274368231046932,4.873646209386282,7.400722021660649,87.72563176895306,9.2057761732852,78.51985559566786
E00153504,254,60,29,31,194,19,175,23.62204724409449,11.41732283464567,12.204724409448819,76.37795275590551,7.480314960629922,68.89763779527559
E00153506,290,58,20,38,232,21,211,20,6.896551724137931,13.10344827586207,80,7.241379310344828,72.75862068965517
E00153507,238,44,16,28,194,28,166,18.487394957983195,6.722689075630252,11.76470588235294,81.5126050420168,11.76470588235294,69.74789915966386
E00153508,329,58,20,38,271,18,253,17.62917933130699,6.079027355623101,11.55015197568389,82.37082066869301,5.47112462006079,76.89969604863222
E00153509,275,46,16,30,229,15,214,16.727272727272727,5.818181818181818,10.909090909090908,83.27272727272728,5.454545454545454,77.81818181818181
E00153510,240,56,23,33,184,16,168,23.333333333333332,9.583333333333334,13.750000000000002,76.66666666666667,6.666666666666667,70
E00153511,332,62,26,36,270,32,238,18.67469879518072,7.83132530120482,10.843373493975903,81.32530120481928,9.63855421686747,71.6867469879518
E00153512,328,63,26,37,265,27,238,19.20731707317073,7.926829268292683,11.28048780487805,80.79268292682927,8.231707317073171,72.5609756097561
E00153513,286,55,21,34,231,18,213,19.230769230769234,7.3426573426573425,11.888111888111888,80.76923076923077,6.293706293706294,74.47552447552448
E00153514,270,59,20,39,211,19,192,21.85185185185185,7.4074074074074066,14.444444444444443,78.14814814814814,7.037037037037037,71.11111111111111
E00153516,332,69,25,44,263,17,246,20.783132530120483,7.530120481927711,13.253012048192772,79.21686746987952,5.120481927710843,74.09638554216868
E00153517,380,44,14,30,336,28,308,11.578947368421053,3.684210526315789,7.894736842105263,88.42105263157895,7.368421052631578,81.05263157894737
E00153518,334,59,28,31,275,23,252,17.664670658682635,8.383233532934131,9.281437125748502,82.33532934131736,6.88622754491018,75.44910179640718
E00153519,319,53,16,37,266,25,241,16.614420062695924,5.015673981191222,11.598746081504702,83.38557993730407,7.836990595611286,75.54858934169279
E00153520,408,79,31,48,329,21,308,19.362745098039216,7.598039215686274,11.76470588235294,80.63725490196079,5.147058823529411,75.49019607843137
E00153521,452,72,31,41,380,31,349,15.929203539823009,6.8584070796460175,9.070796460176991,84.070796460177,6.8584070796460175,77.21238938053098
E00153522,368,56,18,38,312,22,290,15.217391304347828,4.891304347826087,10.326086956521738,84.78260869565217,5.978260869565218,78.80434782608695
E00153523,378,61,27,34,317,27,290,16.137566137566136,7.142857142857142,8.994708994708994,83.86243386243386,7.142857142857142,76.71957671957672
E00153524,352,63,34,29,289,22,267,17.897727272727273,9.659090909090908,8.238636363636363,82.10227272727273,6.25,75.85227272727273
E00153525,314,79,32,47,235,23,212,25.159235668789808,10.191082802547772,14.968152866242038,74.84076433121018,7.32484076433121,67.51592356687898
E00153526,314,53,25,28,261,23,238,16.878980891719745,7.961783439490445,8.9171974522293,83.12101910828027,7.32484076433121,75.79617834394905
E00153527,389,59,21,38,330,17,313,15.167095115681233,5.3984575835475574,9.768637532133676,84.83290488431876,4.370179948586118,80.46272493573264
E00153528,426,66,20,46,360,34,326,15.492957746478872,4.694835680751173,10.7981220657277,84.50704225352112,7.981220657276995,76.52582159624414
E00153529,311,77,31,46,234,15,219,24.758842443729904,9.967845659163988,14.790996784565916,75.2411575562701,4.823151125401929,70.41800643086816
E00153530,273,49,17,32,224,27,197,17.94871794871795,6.227106227106227,11.72161172161172,82.05128205128204,9.89010989010989,72.16117216117216
E00153531,402,42,13,29,360,34,326,10.44776119402985,3.233830845771144,7.213930348258707,89.55223880597015,8.45771144278607,81.09452736318407
E00153532,470,46,5,41,424,49,375,9.787234042553191,1.0638297872340425,8.72340425531915,90.2127659574468,10.425531914893616,79.7872340425532
E00153533,334,28,6,22,306,28,278,8.383233532934131,1.7964071856287425,6.58682634730539,91.61676646706587,8.383233532934131,83.23353293413174
E00153534,272,41,20,21,231,19,212,15.073529411764705,7.352941176470589,7.720588235294118,84.92647058823529,6.985294117647059,77.94117647058823
E00153535,228,46,18,28,182,11,171,20.175438596491226,7.894736842105263,12.280701754385964,79.82456140350878,4.824561403508771,75
E00153536,273,83,39,44,190,22,168,30.4029304029304,14.285714285714285,16.117216117216117,69.59706959706959,8.058608058608058,61.53846153846154
E00153537,302,42,23,19,260,19,241,13.90728476821192,7.6158940397351,6.291390728476822,86.09271523178808,6.291390728476822,79.80132450331125
E00153538,486,45,18,27,441,38,403,9.25925925925926,3.7037037037037033,5.555555555555555,90.74074074074075,7.818930041152264,82.92181069958848
E00153539,368,44,15,29,324,28,296,11.956521739130435,4.076086956521739,7.880434782608696,88.04347826086956,7.608695652173914,80.43478260869566
E00153540,312,51,18,33,261,22,239,16.346153846153847,5.769230769230769,10.576923076923077,83.65384615384616,7.051282051282051,76.6025641025641
E00153542,264,72,38,34,192,23,169,27.27272727272727,14.393939393939394,12.878787878787879,72.72727272727273,8.712121212121213,64.01515151515152
E00153543,246,45,17,28,201,18,183,18.29268292682927,6.910569105691057,11.38211382113821,81.70731707317073,7.317073170731707,74.39024390243902
E00153544,331,43,23,20,288,29,259,12.990936555891238,6.948640483383686,6.042296072507553,87.00906344410876,8.761329305135952,78.24773413897282
E00153545,283,56,24,32,227,15,212,19.78798586572438,8.480565371024735,11.307420494699647,80.21201413427562,5.30035335689046,74.91166077738515
E00153546,275,35,8,27,240,18,222,12.727272727272727,2.909090909090909,9.818181818181818,87.27272727272727,6.545454545454546,80.72727272727272
E00153547,293,43,16,27,250,21,229,14.675767918088736,5.460750853242321,9.215017064846416,85.32423208191126,7.167235494880546,78.15699658703072
E00153548,266,43,13,30,223,24,199,16.165413533834585,4.887218045112782,11.278195488721805,83.83458646616542,9.022556390977442,74.81203007518798
E00153549,387,54,16,38,333,40,293,13.953488372093023,4.1343669250646,9.819121447028424,86.04651162790698,10.335917312661499,75.71059431524549
E00153550,375,65,21,44,310,37,273,17.333333333333336,5.6000000000000005,11.733333333333333,82.66666666666667,9.866666666666667,72.8
E00153551,188,34,10,24,154,20,134,18.085106382978726,5.319148936170213,12.76595744680851,81.91489361702128,10.638297872340425,71.27659574468085
E00153552,144,34,16,18,110,9,101,23.61111111111111,11.11111111111111,12.5,76.38888888888889,6.25,70.13888888888889
E00153553,300,49,14,35,251,32,219,16.333333333333332,4.666666666666667,11.666666666666666,83.66666666666667,10.666666666666668,73
E00153554,256,43,22,21,213,17,196,16.796875,8.59375,8.203125,83.203125,6.640625,76.5625
E00153556,262,57,13,44,205,21,184,21.755725190839694,4.961832061068702,16.793893129770993,78.2442748091603,8.015267175572518,70.22900763358778
E00153557,263,47,14,33,216,27,189,17.870722433460077,5.323193916349809,12.547528517110266,82.12927756653993,10.26615969581749,71.86311787072243
E00153558,239,41,19,22,198,14,184,17.154811715481173,7.949790794979079,9.205020920502092,82.84518828451883,5.857740585774058,76.98744769874477
E00153559,492,70,24,46,422,41,381,14.227642276422763,4.878048780487805,9.34959349593496,85.77235772357723,8.333333333333332,77.4390243902439
E00153560,131,21,7,14,110,7,103,16.030534351145036,5.343511450381679,10.687022900763358,83.96946564885496,5.343511450381679,78.62595419847328
E00153561,355,41,16,25,314,37,277,11.549295774647888,4.507042253521127,7.042253521126761,88.45070422535211,10.422535211267606,78.0281690140845
E00153562,341,31,5,26,310,32,278,9.090909090909092,1.466275659824047,7.624633431085044,90.9090909090909,9.3841642228739,81.52492668621701
E00153563,358,56,19,37,302,27,275,15.64245810055866,5.307262569832402,10.335195530726256,84.35754189944134,7.5418994413407825,76.81564245810057
E00153564,270,36,13,23,234,26,208,13.333333333333334,4.814814814814815,8.518518518518519,86.66666666666667,9.62962962962963,77.03703703703704
E00153565,293,43,15,28,250,34,216,14.675767918088736,5.1194539249146755,9.556313993174061,85.32423208191126,11.604095563139932,73.72013651877133
E00153566,322,117,55,62,205,18,187,36.33540372670808,17.080745341614907,19.25465838509317,63.66459627329193,5.590062111801243,58.07453416149069
E00153567,353,84,35,49,269,34,235,23.79603399433428,9.91501416430595,13.881019830028329,76.20396600566572,9.631728045325778,66.57223796033995
E00153568,148,18,9,9,130,14,116,12.162162162162163,6.081081081081082,6.081081081081082,87.83783783783784,9.45945945945946,78.37837837837837
E00153569,287,41,17,24,246,20,226,14.285714285714285,5.923344947735192,8.362369337979095,85.71428571428571,6.968641114982578,78.74564459930313
E00153570,486,62,19,43,424,48,376,12.757201646090536,3.909465020576132,8.847736625514404,87.24279835390946,9.876543209876543,77.36625514403292
E00153571,307,61,29,32,246,31,215,19.86970684039088,9.446254071661238,10.423452768729643,80.13029315960912,10.097719869706841,70.03257328990227
E00153572,308,40,16,24,268,23,245,12.987012987012985,5.194805194805195,7.792207792207792,87.01298701298701,7.467532467532467,79.54545454545455
E00153573,287,55,20,35,232,29,203,19.16376306620209,6.968641114982578,12.195121951219512,80.8362369337979,10.104529616724738,70.73170731707317
E00153574,394,102,48,54,292,32,260,25.888324873096447,12.18274111675127,13.705583756345177,74.11167512690355,8.121827411167512,65.98984771573603
E00153575,389,64,28,36,325,26,299,16.452442159383033,7.197943444730077,9.254498714652955,83.54755784061697,6.683804627249357,76.86375321336762
E00153576,241,53,29,24,188,12,176,21.991701244813278,12.033195020746888,9.95850622406639,78.00829875518673,4.979253112033195,73.02904564315352
E00153577,238,49,15,34,189,18,171,20.588235294117645,6.302521008403361,14.285714285714285,79.41176470588235,7.563025210084033,71.84873949579831
E00153578,249,50,22,28,199,21,178,20.080321285140563,8.835341365461847,11.244979919678714,79.91967871485943,8.433734939759036,71.4859437751004
E00153579,298,84,40,44,214,17,197,28.187919463087248,13.422818791946309,14.76510067114094,71.81208053691275,5.704697986577181,66.10738255033557
E00153580,430,123,55,68,307,24,283,28.604651162790695,12.790697674418606,15.813953488372093,71.3953488372093,5.5813953488372094,65.81395348837209
E00153581,364,107,47,60,257,33,224,29.395604395604398,12.912087912087914,16.483516483516482,70.6043956043956,9.065934065934066,61.53846153846154
E00153582,277,58,14,44,219,15,204,20.938628158844764,5.054151624548736,15.884476534296029,79.06137184115524,5.415162454873646,73.6462093862816
E00153583,307,44,20,24,263,32,231,14.332247557003258,6.514657980456026,7.81758957654723,85.66775244299674,10.423452768729643,75.2442996742671
E00153584,291,56,22,34,235,24,211,19.243986254295535,7.560137457044673,11.683848797250858,80.75601374570446,8.24742268041237,72.5085910652921
E00153585,233,25,4,21,208,24,184,10.72961373390558,1.7167381974248928,9.012875536480687,89.27038626609442,10.300429184549357,78.96995708154506
E00153586,281,41,13,28,240,33,207,14.590747330960854,4.6263345195729535,9.9644128113879,85.40925266903915,11.743772241992882,73.66548042704626
E00153587,223,45,10,35,178,17,161,20.179372197309416,4.484304932735426,15.695067264573993,79.82062780269058,7.623318385650224,72.19730941704036
E00153588,282,42,15,27,240,30,210,14.893617021276595,5.319148936170213,9.574468085106384,85.1063829787234,10.638297872340425,74.46808510638297
E00153589,266,59,16,43,207,35,172,22.18045112781955,6.015037593984962,16.165413533834585,77.81954887218046,13.157894736842104,64.66165413533834
E00153590,264,34,11,23,230,35,195,12.878787878787879,4.166666666666666,8.712121212121213,87.12121212121212,13.257575757575758,73.86363636363636
E00153591,340,30,10,20,310,46,264,8.823529411764707,2.941176470588235,5.88235294117647,91.17647058823529,13.529411764705882,77.64705882352942
E00153592,391,40,10,30,351,42,309,10.230179028132993,2.557544757033248,7.672634271099745,89.769820971867,10.741687979539643,79.02813299232737
E00153594,564,50,11,39,514,48,466,8.865248226950355,1.950354609929078,6.914893617021277,91.13475177304964,8.51063829787234,82.62411347517731
E00153595,215,25,7,18,190,19,171,11.627906976744185,3.255813953488372,8.372093023255815,88.37209302325581,8.837209302325581,79.53488372093022
E00153596,298,33,6,27,265,24,241,11.073825503355705,2.013422818791946,9.060402684563758,88.9261744966443,8.053691275167784,80.87248322147651
E00153597,308,34,9,25,274,21,253,11.03896103896104,2.922077922077922,8.116883116883116,88.96103896103897,6.8181818181818175,82.14285714285714
E00153598,268,32,9,23,236,18,218,11.940298507462686,3.3582089552238807,8.582089552238806,88.05970149253731,6.7164179104477615,81.34328358208955
E00153599,283,28,7,21,255,25,230,9.89399293286219,2.4734982332155475,7.420494699646643,90.10600706713781,8.8339222614841,81.2720848056537
E00153600,168,24,7,17,144,16,128,14.285714285714285,4.166666666666666,10.119047619047619,85.71428571428571,9.523809523809524,76.19047619047619
E00153601,334,37,12,25,297,40,257,11.077844311377245,3.592814371257485,7.48502994011976,88.92215568862275,11.976047904191617,76.94610778443113
E00153602,479,63,21,42,416,56,360,13.152400835073069,4.3841336116910234,8.768267223382047,86.84759916492693,11.691022964509393,75.15657620041753
E00153603,293,43,18,25,250,34,216,14.675767918088736,6.143344709897611,8.532423208191126,85.32423208191126,11.604095563139932,73.72013651877133
E00153604,261,41,11,30,220,18,202,15.708812260536398,4.21455938697318,11.494252873563218,84.2911877394636,6.896551724137931,77.39463601532567
E00153605,239,37,10,27,202,23,179,15.481171548117153,4.184100418410042,11.297071129707113,84.51882845188284,9.623430962343097,74.89539748953975
E00153606,286,40,10,30,246,22,224,13.986013986013987,3.4965034965034967,10.48951048951049,86.01398601398601,7.6923076923076925,78.32167832167832
E00153607,238,33,7,26,205,19,186,13.865546218487395,2.941176470588235,10.92436974789916,86.1344537815126,7.9831932773109235,78.15126050420169
E00153608,334,63,29,34,271,23,248,18.862275449101794,8.682634730538922,10.179640718562874,81.1377245508982,6.88622754491018,74.25149700598801
E00153609,308,61,23,38,247,19,228,19.805194805194805,7.467532467532467,12.337662337662337,80.1948051948052,6.1688311688311686,74.02597402597402
E00153610,339,69,29,40,270,16,254,20.353982300884958,8.55457227138643,11.799410029498524,79.64601769911505,4.71976401179941,74.92625368731564
E00153611,337,40,13,27,297,23,274,11.869436201780417,3.857566765578635,8.011869436201781,88.13056379821958,6.824925816023739,81.30563798219585
E00153612,418,88,31,57,330,28,302,21.052631578947366,7.4162679425837315,13.636363636363635,78.94736842105263,6.698564593301436,72.24880382775119
E00153613,331,66,29,37,265,18,247,19.939577039274926,8.761329305135952,11.178247734138973,80.06042296072508,5.438066465256798,74.62235649546828
E00153614,242,72,36,36,170,22,148,29.75206611570248,14.87603305785124,14.87603305785124,70.24793388429752,9.090909090909092,61.15702479338842
E00153615,336,62,29,33,274,24,250,18.452380952380953,8.630952380952381,9.821428571428571,81.54761904761905,7.142857142857142,74.40476190476191
E00153616,215,26,10,16,189,16,173,12.093023255813954,4.651162790697675,7.441860465116279,87.90697674418605,7.441860465116279,80.46511627906978
E00153618,262,57,22,35,205,26,179,21.755725190839694,8.396946564885496,13.358778625954198,78.2442748091603,9.923664122137405,68.32061068702289
E00153619,309,50,13,37,259,37,222,16.181229773462782,4.207119741100324,11.974110032362459,83.81877022653723,11.974110032362459,71.84466019417476
E00153620,301,37,17,20,264,18,246,12.29235880398671,5.647840531561462,6.64451827242525,87.70764119601328,5.980066445182724,81.72757475083057
E00153621,174,43,23,20,131,8,123,24.71264367816092,13.218390804597702,11.494252873563218,75.28735632183908,4.597701149425287,70.6896551724138
E00153622,110,14,5,9,96,2,94,12.727272727272727,4.545454545454546,8.181818181818182,87.27272727272727,1.8181818181818181,85.45454545454545
E00153623,303,15,5,10,288,15,273,4.9504950495049505,1.65016501650165,3.3003300330033,95.04950495049505,4.9504950495049505,90.0990099009901
E00153624,335,46,15,31,289,34,255,13.73134328358209,4.477611940298507,9.253731343283581,86.26865671641791,10.149253731343283,76.11940298507463
E00153625,558,72,29,43,486,45,441,12.903225806451612,5.197132616487455,7.706093189964158,87.09677419354838,8.064516129032258,79.03225806451613
E00153626,155,26,9,17,129,19,110,16.7741935483871,5.806451612903226,10.967741935483872,83.22580645161291,12.258064516129032,70.96774193548387
E00153627,191,27,9,18,164,9,155,14.136125654450263,4.712041884816754,9.424083769633508,85.86387434554975,4.712041884816754,81.15183246073299
E00153628,483,68,26,42,415,44,371,14.078674948240167,5.383022774327122,8.695652173913043,85.92132505175984,9.109730848861282,76.81159420289855
E00153629,262,34,4,30,228,20,208,12.977099236641221,1.5267175572519083,11.450381679389313,87.02290076335878,7.633587786259542,79.38931297709924
E00153630,432,79,31,48,353,26,327,18.287037037037038,7.175925925925926,11.11111111111111,81.71296296296296,6.018518518518518,75.69444444444444
E00153631,456,127,82,45,329,33,296,27.850877192982455,17.982456140350877,9.868421052631579,72.14912280701753,7.236842105263158,64.91228070175438
E00153632,189,26,8,18,163,21,142,13.756613756613756,4.232804232804233,9.523809523809524,86.24338624338624,11.11111111111111,75.13227513227513
E00153633,320,54,21,33,266,23,243,16.875,6.5625,10.3125,83.125,7.187499999999999,75.9375
E00153634,341,55,19,36,286,26,260,16.129032258064516,5.571847507331378,10.557184750733137,83.87096774193549,7.624633431085044,76.24633431085044
E00153635,239,58,24,34,181,24,157,24.267782426778243,10.0418410041841,14.225941422594143,75.73221757322176,10.0418410041841,65.69037656903765
E00153636,227,45,13,32,182,15,167,19.823788546255507,5.726872246696035,14.096916299559473,80.1762114537445,6.607929515418502,73.568281938326
E00153637,264,40,16,24,224,14,210,15.151515151515152,6.0606060606060606,9.090909090909092,84.84848484848484,5.303030303030303,79.54545454545455
E00153638,271,52,18,34,219,24,195,19.18819188191882,6.642066420664207,12.546125461254611,80.81180811808119,8.856088560885608,71.95571955719558
E00153639,242,54,15,39,188,29,159,22.31404958677686,6.198347107438017,16.115702479338843,77.68595041322314,11.983471074380166,65.70247933884298
E00153640,303,48,12,36,255,37,218,15.841584158415841,3.9603960396039604,11.881188118811881,84.15841584158416,12.211221122112212,71.94719471947195
E00153641,351,37,12,25,314,42,272,10.541310541310542,3.418803418803419,7.122507122507122,89.45868945868945,11.965811965811966,77.49287749287748
E00153642,267,50,21,29,217,23,194,18.726591760299627,7.865168539325842,10.861423220973784,81.27340823970037,8.614232209737828,72.65917602996255
E00153644,354,105,37,68,249,32,217,29.66101694915254,10.451977401129943,19.2090395480226,70.33898305084746,9.03954802259887,61.29943502824858
E00153645,219,44,18,26,175,18,157,20.091324200913242,8.21917808219178,11.87214611872146,79.90867579908677,8.21917808219178,71.68949771689498
E00153646,258,70,28,42,188,24,164,27.131782945736433,10.852713178294573,16.27906976744186,72.86821705426357,9.30232558139535,63.565891472868216
E00153648,266,62,27,35,204,16,188,23.308270676691727,10.150375939849624,13.157894736842104,76.69172932330827,6.015037593984962,70.67669172932331
E00153649,319,53,18,35,266,26,240,16.614420062695924,5.6426332288401255,10.9717868338558,83.38557993730407,8.150470219435736,75.23510971786834
E00153650,166,25,7,18,141,8,133,15.060240963855422,4.216867469879518,10.843373493975903,84.93975903614458,4.819277108433735,80.12048192771084
E00153651,414,69,22,47,345,32,313,16.666666666666664,5.314009661835748,11.352657004830919,83.33333333333334,7.729468599033816,75.60386473429952
E00153652,374,66,24,42,308,24,284,17.647058823529413,6.417112299465241,11.229946524064172,82.35294117647058,6.417112299465241,75.93582887700535
E00153653,328,37,15,22,291,26,265,11.28048780487805,4.573170731707317,6.707317073170732,88.71951219512195,7.926829268292683,80.79268292682927
E00153654,316,62,33,29,254,29,225,19.62025316455696,10.443037974683545,9.177215189873419,80.37974683544303,9.177215189873419,71.20253164556962
E00153655,269,42,20,22,227,24,203,15.613382899628252,7.434944237918216,8.178438661710038,84.38661710037175,8.921933085501859,75.46468401486989
E00153656,171,20,4,16,151,17,134,11.695906432748536,2.3391812865497075,9.35672514619883,88.30409356725146,9.941520467836257,78.3625730994152
E00153657,209,44,19,25,165,13,152,21.052631578947366,9.090909090909092,11.961722488038278,78.94736842105263,6.220095693779904,72.72727272727273
E00153658,224,63,24,39,161,13,148,28.125,10.714285714285714,17.410714285714285,71.875,5.803571428571429,66.07142857142857
E00153659,316,56,31,25,260,21,239,17.72151898734177,9.81012658227848,7.9113924050632916,82.27848101265823,6.6455696202531636,75.63291139240506
E00153660,321,65,24,41,256,29,227,20.24922118380062,7.476635514018691,12.77258566978193,79.75077881619937,9.034267912772584,70.7165109034268
E00153661,358,58,26,32,300,24,276,16.201117318435752,7.262569832402235,8.938547486033519,83.79888268156425,6.70391061452514,77.09497206703911
E00153662,378,62,19,43,316,29,287,16.402116402116402,5.026455026455026,11.375661375661375,83.5978835978836,7.671957671957672,75.92592592592592
E00153663,277,39,17,22,238,20,218,14.079422382671481,6.137184115523466,7.9422382671480145,85.92057761732852,7.2202166064981945,78.70036101083032
E00153664,387,53,21,32,334,26,308,13.695090439276486,5.426356589147287,8.2687338501292,86.30490956072352,6.718346253229974,79.58656330749353
E00153665,344,70,22,48,274,30,244,20.348837209302324,6.395348837209303,13.953488372093023,79.65116279069767,8.720930232558139,70.93023255813954
E00153666,291,55,17,38,236,16,220,18.900343642611684,5.841924398625429,13.058419243986256,81.09965635738831,5.498281786941581,75.60137457044674
E00153667,287,41,12,29,246,19,227,14.285714285714285,4.181184668989547,10.104529616724738,85.71428571428571,6.620209059233449,79.09407665505228
E00153668,221,67,31,36,154,15,139,30.316742081447963,14.027149321266968,16.289592760180994,69.68325791855203,6.787330316742081,62.89592760180995
E00153669,305,59,16,43,246,28,218,19.34426229508197,5.245901639344262,14.098360655737704,80.65573770491802,9.180327868852459,71.47540983606558
E00153670,263,64,32,32,199,14,185,24.334600760456272,12.167300380228136,12.167300380228136,75.66539923954373,5.323193916349809,70.34220532319392
E00153671,333,58,26,32,275,24,251,17.417417417417415,7.807807807807808,9.60960960960961,82.58258258258259,7.207207207207207,75.37537537537537
E00153672,307,43,13,30,264,33,231,14.006514657980457,4.234527687296417,9.77198697068404,85.99348534201955,10.749185667752444,75.2442996742671
E00153673,304,46,13,33,258,36,222,15.131578947368421,4.276315789473684,10.855263157894738,84.86842105263158,11.842105263157894,73.02631578947368
E00153674,326,89,37,52,237,26,211,27.300613496932513,11.349693251533742,15.950920245398773,72.69938650306749,7.975460122699387,64.7239263803681
E00153675,219,59,23,36,160,16,144,26.94063926940639,10.50228310502283,16.43835616438356,73.0593607305936,7.30593607305936,65.75342465753424
E00153676,237,37,15,22,200,23,177,15.611814345991561,6.329113924050633,9.282700421940929,84.38818565400844,9.70464135021097,74.68354430379746
E00153677,347,46,15,31,301,33,268,13.256484149855908,4.322766570605188,8.93371757925072,86.74351585014409,9.510086455331413,77.23342939481267
E00153678,404,79,26,53,325,32,293,19.554455445544555,6.435643564356436,13.118811881188119,80.44554455445545,7.920792079207921,72.52475247524752
E00153679,375,57,15,42,318,44,274,15.2,4,11.200000000000001,84.8,11.733333333333333,73.06666666666666
E00153680,305,37,16,21,268,35,233,12.131147540983607,5.245901639344262,6.885245901639345,87.8688524590164,11.475409836065573,76.39344262295083
E00153681,280,62,19,43,218,30,188,22.142857142857142,6.785714285714286,15.357142857142858,77.85714285714286,10.714285714285714,67.14285714285714
E00153682,283,44,9,35,239,41,198,15.547703180212014,3.180212014134275,12.36749116607774,84.45229681978799,14.487632508833922,69.96466431095406
E00153683,311,42,10,32,269,36,233,13.504823151125404,3.215434083601286,10.289389067524116,86.49517684887459,11.57556270096463,74.91961414790997
E00153684,271,63,28,35,208,19,189,23.247232472324722,10.33210332103321,12.915129151291513,76.75276752767527,7.011070110701106,69.74169741697416
E00153685,541,80,29,51,461,45,416,14.78743068391867,5.360443622920517,9.426987060998151,85.21256931608133,8.317929759704251,76.89463955637707
E00153686,295,52,21,31,243,22,221,17.627118644067796,7.118644067796611,10.508474576271185,82.37288135593221,7.457627118644068,74.91525423728814
E00153687,290,58,23,35,232,23,209,20,7.931034482758621,12.068965517241379,80,7.931034482758621,72.06896551724138
E00153688,341,100,48,52,241,30,211,29.32551319648094,14.076246334310852,15.249266862170089,70.67448680351906,8.797653958944283,61.87683284457478
E00153689,303,33,7,26,270,13,257,10.891089108910892,2.31023102310231,8.58085808580858,89.10891089108911,4.29042904290429,84.81848184818482
E00153690,271,52,17,35,219,19,200,19.18819188191882,6.273062730627306,12.915129151291513,80.81180811808119,7.011070110701106,73.80073800738008
E00153691,311,72,44,28,239,20,219,23.15112540192926,14.14790996784566,9.003215434083602,76.84887459807074,6.430868167202572,70.41800643086816
E00153692,233,35,14,21,198,30,168,15.021459227467812,6.008583690987124,9.012875536480687,84.97854077253218,12.875536480686694,72.1030042918455
E00153693,330,127,55,72,203,27,176,38.484848484848484,16.666666666666664,21.818181818181817,61.51515151515151,8.181818181818182,53.333333333333336
E00153694,285,40,12,28,245,32,213,14.035087719298245,4.2105263157894735,9.824561403508772,85.96491228070175,11.228070175438596,74.73684210526315
E00153695,271,49,22,27,222,24,198,18.081180811808117,8.118081180811808,9.96309963099631,81.91881918819189,8.856088560885608,73.06273062730627
E00153696,289,46,14,32,243,25,218,15.916955017301039,4.844290657439446,11.072664359861593,84.08304498269896,8.650519031141869,75.4325259515571
E00153697,286,48,20,28,238,30,208,16.783216783216783,6.993006993006993,9.79020979020979,83.21678321678321,10.48951048951049,72.72727272727273
E00153698,336,46,16,30,290,31,259,13.690476190476192,4.761904761904762,8.928571428571429,86.30952380952381,9.226190476190476,77.08333333333334
E00153699,320,75,30,45,245,34,211,23.4375,9.375,14.0625,76.5625,10.625,65.9375
E00153700,264,48,16,32,216,28,188,18.181818181818183,6.0606060606060606,12.121212121212121,81.81818181818183,10.606060606060606,71.21212121212122
E00153701,265,39,10,29,226,23,203,14.716981132075471,3.7735849056603774,10.943396226415095,85.28301886792453,8.679245283018867,76.60377358490567
E00153702,283,47,13,34,236,20,216,16.607773851590103,4.593639575971731,12.014134275618375,83.3922261484099,7.06713780918728,76.32508833922262
E00153703,324,49,26,23,275,29,246,15.123456790123457,8.024691358024691,7.098765432098765,84.87654320987654,8.950617283950617,75.92592592592592
E00153704,275,58,24,34,217,17,200,21.09090909090909,8.727272727272728,12.363636363636363,78.9090909090909,6.181818181818182,72.72727272727273
E00153705,289,43,9,34,246,24,222,14.878892733564014,3.1141868512110724,11.76470588235294,85.12110726643598,8.304498269896193,76.8166089965398
E00153706,313,50,15,35,263,37,226,15.974440894568689,4.792332268370607,11.182108626198083,84.02555910543131,11.821086261980831,72.20447284345049
E00153707,295,85,59,26,210,36,174,28.8135593220339,20,8.813559322033898,71.1864406779661,12.203389830508476,58.98305084745763
E00153708,214,24,7,17,190,14,176,11.214953271028037,3.2710280373831773,7.943925233644859,88.78504672897196,6.5420560747663545,82.2429906542056
E00153709,293,37,20,17,256,24,232,12.627986348122866,6.825938566552901,5.802047781569966,87.37201365187714,8.19112627986348,79.18088737201366
E00153710,297,71,32,39,226,14,212,23.905723905723907,10.774410774410773,13.131313131313133,76.0942760942761,4.713804713804714,71.38047138047138
E00153711,248,33,12,21,215,27,188,13.306451612903224,4.838709677419355,8.46774193548387,86.69354838709677,10.887096774193548,75.80645161290323
E00153712,306,66,18,48,240,24,216,21.568627450980394,5.88235294117647,15.686274509803921,78.43137254901961,7.8431372549019605,70.58823529411765
E00153713,281,60,21,39,221,18,203,21.352313167259787,7.473309608540925,13.87900355871886,78.64768683274022,6.405693950177936,72.24199288256227
E00153714,327,51,12,39,276,37,239,15.59633027522936,3.669724770642202,11.926605504587156,84.40366972477065,11.314984709480122,73.08868501529052
E00153715,323,48,13,35,275,29,246,14.860681114551083,4.024767801857585,10.8359133126935,85.13931888544892,8.978328173374612,76.16099071207431
E00153716,305,40,12,28,265,30,235,13.114754098360656,3.934426229508197,9.180327868852459,86.88524590163934,9.836065573770492,77.04918032786885
E00153717,406,66,17,49,340,34,306,16.25615763546798,4.1871921182266005,12.068965517241379,83.74384236453201,8.374384236453201,75.36945812807882
E00153718,187,25,4,21,162,8,154,13.368983957219251,2.13903743315508,11.229946524064172,86.63101604278076,4.27807486631016,82.35294117647058
E00153719,193,28,12,16,165,14,151,14.507772020725387,6.217616580310881,8.290155440414509,85.49222797927462,7.253886010362693,78.23834196891191
E00153720,233,29,10,19,204,22,182,12.446351931330472,4.291845493562231,8.15450643776824,87.55364806866953,9.44206008583691,78.11158798283262
E00153721,422,38,15,23,384,36,348,9.004739336492891,3.5545023696682465,5.450236966824645,90.99526066350711,8.530805687203792,82.46445497630332
E00165733,544,65,28,37,479,40,439,11.948529411764707,5.147058823529411,6.8014705882352935,88.05147058823529,7.352941176470589,80.69852941176471
E00165735,411,71,33,38,340,21,319,17.27493917274939,8.02919708029197,9.245742092457421,82.7250608272506,5.109489051094891,77.61557177615572
E00165736,538,52,15,37,486,33,453,9.66542750929368,2.7881040892193307,6.877323420074349,90.33457249070632,6.133828996282528,84.20074349442379
E00165738,278,37,16,21,241,17,224,13.309352517985612,5.755395683453238,7.553956834532374,86.6906474820144,6.115107913669065,80.57553956834532
E00165839,370,33,6,27,337,32,305,8.91891891891892,1.6216216216216217,7.297297297297297,91.08108108108108,8.64864864864865,82.43243243243244
E00169926,152,23,5,18,129,6,123,15.131578947368421,3.289473684210526,11.842105263157894,84.86842105263158,3.9473684210526314,80.92105263157895
E00169927,367,38,14,24,329,24,305,10.354223433242508,3.8147138964577656,6.539509536784741,89.64577656675749,6.539509536784741,83.10626702997274
E00169928,260,38,13,25,222,42,180,14.615384615384617,5,9.615384615384617,85.38461538461539,16.153846153846153,69.23076923076923
E00169929,165,16,2,14,149,14,135,9.696969696969697,1.2121212121212122,8.484848484848486,90.30303030303031,8.484848484848486,81.81818181818183
E00169930,312,27,6,21,285,20,265,8.653846153846153,1.9230769230769231,6.730769230769231,91.34615384615384,6.41025641025641,84.93589743589743
E00169931,311,33,8,25,278,33,245,10.610932475884244,2.572347266881029,8.038585209003216,89.38906752411575,10.610932475884244,78.77813504823152
E00169932,326,46,22,24,280,22,258,14.11042944785276,6.748466257668712,7.361963190184049,85.88957055214725,6.748466257668712,79.14110429447852
E00169933,314,45,14,31,269,23,246,14.331210191082802,4.45859872611465,9.872611464968154,85.6687898089172,7.32484076433121,78.343949044586
E00169934,396,44,11,33,352,40,312,11.11111111111111,2.7777777777777777,8.333333333333332,88.88888888888889,10.1010101010101,78.78787878787878
E00169935,331,46,12,34,285,26,259,13.897280966767372,3.625377643504532,10.27190332326284,86.10271903323263,7.854984894259818,78.24773413897282
E00169936,129,33,13,20,96,7,89,25.581395348837212,10.077519379844961,15.503875968992247,74.4186046511628,5.426356589147287,68.9922480620155
E00169937,234,11,4,7,223,14,209,4.700854700854701,1.7094017094017095,2.9914529914529915,95.2991452991453,5.982905982905983,89.31623931623932
E00169938,314,41,16,25,273,28,245,13.05732484076433,5.095541401273886,7.961783439490445,86.94267515923568,8.9171974522293,78.02547770700637
E00169939,166,37,14,23,129,8,121,22.289156626506024,8.433734939759036,13.855421686746988,77.71084337349397,4.819277108433735,72.89156626506023
E00169940,350,38,12,26,312,21,291,10.857142857142858,3.428571428571429,7.428571428571429,89.14285714285714,6,83.14285714285714
E00169941,589,87,36,51,502,47,455,14.770797962648558,6.112054329371817,8.65874363327674,85.22920203735144,7.979626485568761,77.24957555178268
E00169942,360,33,9,24,327,28,299,9.166666666666666,2.5,6.666666666666667,90.83333333333333,7.777777777777778,83.05555555555556
E00169943,342,41,15,26,301,22,279,11.988304093567251,4.385964912280701,7.602339181286549,88.01169590643275,6.432748538011696,81.57894736842105
E00169944,397,36,8,28,361,26,335,9.06801007556675,2.0151133501259446,7.052896725440807,90.93198992443325,6.54911838790932,84.38287153652394
E00169945,164,15,4,11,149,14,135,9.146341463414634,2.4390243902439024,6.707317073170732,90.85365853658537,8.536585365853659,82.3170731707317
E00169946,370,39,11,28,331,28,303,10.54054054054054,2.9729729729729732,7.567567567567568,89.45945945945945,7.567567567567568,81.89189189189189
E00169947,176,33,13,20,143,12,131,18.75,7.386363636363637,11.363636363636363,81.25,6.8181818181818175,74.43181818181817
E00169948,1344,405,143,262,939,102,837,30.13392857142857,10.639880952380953,19.49404761904762,69.86607142857143,7.5892857142857135,62.27678571428571
E00169949,322,65,29,36,257,25,232,20.18633540372671,9.006211180124224,11.180124223602485,79.8136645962733,7.763975155279502,72.04968944099379
E00169950,218,43,15,28,175,5,170,19.724770642201836,6.8807339449541285,12.844036697247708,80.27522935779817,2.293577981651376,77.98165137614679
E00169951,372,45,21,24,327,26,301,12.096774193548388,5.64516129032258,6.451612903225806,87.90322580645162,6.989247311827956,80.91397849462365
E00169952,277,42,16,26,235,18,217,15.162454873646208,5.776173285198556,9.386281588447654,84.83754512635379,6.4981949458483745,78.33935018050542
E00169953,137,16,6,10,121,11,110,11.678832116788321,4.37956204379562,7.2992700729927,88.32116788321169,8.02919708029197,80.2919708029197
E00169954,355,61,18,43,294,26,268,17.183098591549296,5.070422535211268,12.112676056338028,82.8169014084507,7.323943661971831,75.49295774647888
E00169955,643,29,10,19,614,15,599,4.5101088646967336,1.5552099533437014,2.9548989113530326,95.48989113530327,2.332814930015552,93.15707620528771
E00173918,394,37,15,22,357,18,339,9.390862944162437,3.807106598984772,5.583756345177665,90.60913705583756,4.568527918781726,86.04060913705584
E00173920,286,40,18,22,246,20,226,13.986013986013987,6.293706293706294,7.6923076923076925,86.01398601398601,6.993006993006993,79.02097902097903
E00173921,296,56,30,26,240,33,207,18.91891891891892,10.135135135135135,8.783783783783784,81.08108108108108,11.14864864864865,69.93243243243244
E00173922,295,26,7,19,269,24,245,8.813559322033898,2.3728813559322033,6.440677966101695,91.18644067796609,8.135593220338983,83.05084745762711
E00173923,306,43,14,29,263,24,239,14.052287581699346,4.57516339869281,9.477124183006536,85.94771241830065,7.8431372549019605,78.10457516339869
E00173924,334,71,19,52,263,21,242,21.25748502994012,5.688622754491018,15.568862275449103,78.74251497005989,6.287425149700598,72.45508982035929
E00173930,392,40,12,28,352,17,335,10.204081632653061,3.061224489795918,7.142857142857142,89.79591836734694,4.336734693877551,85.45918367346938
E00173931,378,23,6,17,355,31,324,6.084656084656085,1.5873015873015872,4.497354497354497,93.91534391534393,8.201058201058201,85.71428571428571
E00173932,361,28,13,15,333,22,311,7.756232686980609,3.6011080332409975,4.1551246537396125,92.24376731301939,6.094182825484765,86.14958448753463
E00173933,309,41,16,25,268,30,238,13.268608414239482,5.177993527508091,8.090614886731391,86.73139158576052,9.70873786407767,77.02265372168284
E00173934,294,24,8,16,270,23,247,8.16326530612245,2.7210884353741496,5.442176870748299,91.83673469387756,7.8231292517006805,84.01360544217688
E00173935,616,54,15,39,562,32,530,8.766233766233766,2.4350649350649354,6.331168831168831,91.23376623376623,5.194805194805195,86.03896103896103
E00183316,187,50,24,26,137,13,124,26.737967914438503,12.834224598930483,13.903743315508022,73.2620320855615,6.951871657754011,66.31016042780749
E00183317,235,50,25,25,185,19,166,21.27659574468085,10.638297872340425,10.638297872340425,78.72340425531915,8.085106382978724,70.63829787234043
E00183318,222,19,7,12,203,19,184,8.558558558558559,3.153153153153153,5.405405405405405,91.44144144144144,8.558558558558559,82.88288288288288
E00183320,510,82,24,58,428,48,380,16.07843137254902,4.705882352941177,11.372549019607844,83.92156862745098,9.411764705882353,74.50980392156863
E00183321,270,21,5,16,249,14,235,7.777777777777778,1.8518518518518516,5.9259259259259265,92.22222222222223,5.185185185185185,87.03703703703704
E00183322,187,36,21,15,151,17,134,19.25133689839572,11.229946524064172,8.0213903743315509,80.74866310160428,9.090909090909092,71.65775401069519
E00183323,242,36,9,27,206,17,189,14.87603305785124,3.71900826446281,11.15702479338843,85.12396694214877,7.024793388429752,78.099173553719
E00183324,475,34,5,29,441,34,407,7.157894736842104,1.0526315789473684,6.105263157894736,92.84210526315789,7.157894736842104,85.68421052631578
E00183326,236,31,11,20,205,13,192,13.135593220338984,4.661016949152542,8.47457627118644,86.86440677966102,5.508474576271186,81.35593220338984
E00183327,205,7,2,5,198,17,181,3.414634146341464,0.975609756097561,2.4390243902439024,96.58536585365853,8.292682926829269,88.29268292682927
E00183328,482,31,14,17,451,28,423,6.431535269709543,2.904564315352697,3.5269709543568464,93.56846473029046,5.809128630705394,87.75933609958506
E00183330,116,3,0,3,113,2,111,2.586206896551724,0,2.586206896551724,97.41379310344827,1.7241379310344827,95.6896551724138
E00183331,234,25,5,20,209,18,191,10.683760683760683,2.1367521367521367,8.547008547008547,89.31623931623932,7.6923076923076925,81.62393162393163
E00183333,190,17,7,10,173,15,158,8.947368421052632,3.684210526315789,5.263157894736842,91.05263157894737,7.894736842105263,83.15789473684211
E00183334,120,20,6,14,100,9,91,16.666666666666664,5,11.666666666666666,83.33333333333334,7.5,75.83333333333333
E00183335,342,62,20,42,280,27,253,18.128654970760234,5.847953216374268,12.280701754385964,81.87134502923976,7.894736842105263,73.9766081871345
E00183336,419,14,3,11,405,11,394,3.341288782816229,0.7159904534606205,2.6252983293556085,96.65871121718376,2.6252983293556085,94.03341288782816
E00183337,158,17,5,12,141,12,129,10.759493670886076,3.1645569620253164,7.59493670886076,89.24050632911393,7.59493670886076,81.64556962025317
E00183340,505,65,21,44,440,42,398,12.871287128712872,4.1584158415841586,8.712871287128712,87.12871287128714,8.316831683168317,78.81188118811882
E00183341,150,2,1,1,148,7,141,1.3333333333333335,0.6666666666666667,0.6666666666666667,98.66666666666667,4.666666666666667,94
E00183342,464,33,9,24,431,16,415,7.112068965517242,1.9396551724137931,5.172413793103448,92.88793103448276,3.4482758620689653,89.4396551724138
E00183346,366,47,13,34,319,33,286,12.841530054644808,3.551912568306011,9.289617486338798,87.1584699453552,9.01639344262295,78.14207650273224
E00183349,231,15,4,11,216,13,203,6.493506493506493,1.7316017316017316,4.761904761904762,93.5064935064935,5.627705627705628,87.87878787878788
E00183353,148,1,0,1,147,2,145,0.6756756756756757,0,0.6756756756756757,99.32432432432432,1.3513513513513513,97.97297297297297
E00183355,624,36,12,24,588,21,567,5.769230769230769,1.9230769230769231,3.8461538461538463,94.23076923076923,3.3653846153846154,90.86538461538461
E00183356,191,4,0,4,187,5,182,2.094240837696335,0,2.094240837696335,97.90575916230367,2.6178010471204187,95.28795811518324
E00183357,153,3,1,2,150,4,146,1.9607843137254901,0.6535947712418301,1.3071895424836601,98.0392156862745,2.6143790849673203,95.42483660130719
E00183360,190,63,44,19,127,9,118,33.1578947368421,23.157894736842106,10,66.84210526315789,4.736842105263158,62.10526315789474
E00183363,326,77,35,42,249,34,215,23.619631901840492,10.736196319018406,12.883435582822086,76.38036809815951,10.429447852760736,65.95092024539878
E00183364,141,12,2,10,129,15,114,8.51063829787234,1.4184397163120568,7.092198581560284,91.48936170212765,10.638297872340425,80.85106382978722
E00183366,102,12,5,7,90,14,76,11.76470588235294,4.901960784313726,6.862745098039216,88.23529411764706,13.725490196078432,74.50980392156863
E00183367,310,37,12,25,273,23,250,11.935483870967742,3.870967741935484,8.064516129032258,88.06451612903226,7.419354838709677,80.64516129032258
E00183369,258,20,5,15,238,10,228,7.751937984496124,1.937984496124031,5.813953488372093,92.24806201550388,3.875968992248062,88.37209302325581
E00183371,462,91,58,33,371,31,340,19.696969696969695,12.554112554112553,7.142857142857142,80.3030303030303,6.70995670995671,73.59307359307358
E00183373,322,16,6,10,306,26,280,4.968944099378882,1.8633540372670807,3.1055900621118013,95.03105590062113,8.074534161490684,86.95652173913044
E00183375,464,24,2,22,440,39,401,5.172413793103448,0.43103448275862066,4.741379310344827,94.82758620689656,8.405172413793103,86.42241379310344
E00183381,293,34,9,25,259,22,237,11.604095563139932,3.0716723549488054,8.532423208191126,88.39590443686008,7.508532423208192,80.88737201365188
E00183383,334,41,13,28,293,20,273,12.275449101796406,3.8922155688622757,8.383233532934131,87.72455089820359,5.9880239520958085,81.73652694610777
E00183386,125,8,0,8,117,7,110,6.4,0,6.4,93.60000000000001,5.6000000000000005,88
E00183387,269,53,23,30,216,16,200,19.702602230483272,8.550185873605948,11.152416356877323,80.29739776951673,5.947955390334572,74.34944237918215
E00183388,160,6,2,4,154,19,135,3.75,1.25,2.5,96.25,11.875,84.375
E00183389,579,54,16,38,525,42,483,9.32642487046632,2.763385146804836,6.563039723661486,90.67357512953367,7.253886010362693,83.41968911917098
E00183391,158,11,5,6,147,9,138,6.962025316455696,3.1645569620253164,3.79746835443038,93.0379746835443,5.69620253164557,87.34177215189874
E00183393,389,41,13,28,348,30,318,10.539845758354756,3.3419023136246784,7.197943444730077,89.46015424164524,7.712082262210797,81.74807197943444
E00183394,131,9,2,7,122,4,118,6.870229007633588,1.5267175572519083,5.343511450381679,93.12977099236642,3.0534351145038165,90.07633587786259
E00183396,582,52,24,28,530,47,483,8.934707903780069,4.123711340206185,4.810996563573884,91.06529209621993,8.075601374570446,82.9896907216495
E00183401,964,14,3,11,950,20,930,1.4522821576763485,0.3112033195020747,1.1410788381742738,98.54771784232366,2.0746887966804977,96.47302904564316
E00183402,329,38,13,25,291,30,261,11.55015197568389,3.951367781155015,7.598784194528875,88.44984802431611,9.118541033434651,79.33130699088146
E00183403,185,35,8,27,150,15,135,18.91891891891892,4.324324324324325,14.594594594594595,81.08108108108108,8.108108108108109,72.97297297297297
E00183404,157,33,14,19,124,23,101,21.019108280254777,8.9171974522293,12.101910828025478,78.98089171974523,14.64968152866242,64.3312101910828
E00183405,815,19,0,19,796,17,779,2.331288343558282,0,2.331288343558282,97.66871165644172,2.085889570552147,95.58282208588957
E00183407,190,32,17,15,158,11,147,16.842105263157894,8.947368421052632,7.894736842105263,83.15789473684211,5.7894736842105265,77.36842105263158
E00183412,464,39,15,24,425,26,399,8.405172413793103,3.2327586206896552,5.172413793103448,91.59482758620689,5.603448275862069,85.99137931034483
E00183419,219,47,24,23,172,17,155,21.461187214611872,10.95890410958904,10.50228310502283,78.53881278538812,7.76255707762557,70.77625570776256
E00183420,168,24,8,16,144,15,129,14.285714285714285,4.761904761904762,9.523809523809524,85.71428571428571,8.928571428571429,76.78571428571429
E00183421,349,42,15,27,307,12,295,12.034383954154727,4.297994269340974,7.736389684813753,87.96561604584528,3.4383954154727796,84.5272206303725
