OA,ts0380001,ts0380002,ts0380003,ts0380004,ts0380005,ts0380006,ts0380007,ts0380002_PCT,ts0380003_PCT,ts0380004_PCT,ts0380005_PCT,ts0380006_PCT,ts0380007_PCT
W00000001,360,69,29,40,291,27,264,19.166666666666668,8.055555555555555,11.11111111111111,80.83333333333333,7.5,73.33333333333333
W00000002,237,81,38,43,156,13,143,34.177215189873415,16.033755274261605,18.143459915611814,65.82278481012658,5.485232067510549,60.337552742616026
W00000003,370,66,36,30,304,29,275,17.83783783783784,9.72972972972973,8.108108108108109,82.16216216216216,7.837837837837839,74.32432432432432
W00000004,344,75,24,51,269,29,240,21.802325581395348,6.976744186046512,14.825581395348838,78.19767441860465,8.430232558139535,69.76744186046511
W00000005,468,100,53,47,368,25,343,21.367521367521366,11.324786324786325,10.042735042735043,78.63247863247864,5.3418803418803416,73.29059829059828
W00000006,313,68,28,40,245,16,229,21.72523961661342,8.945686900958465,12.779552715654951,78.27476038338658,5.111821086261981,73.1629392971246
W00000008,250,75,34,41,175,13,162,30,13.600000000000001,16.400000000000002,70,5.2,64.8
W00000009,433,86,42,44,347,28,319,19.861431870669747,9.699769053117784,10.161662817551962,80.13856812933025,6.466512702078522,73.67205542725173
W00000010,289,56,20,36,233,17,216,19.377162629757784,6.920415224913495,12.45674740484429,80.62283737024222,5.88235294117647,74.74048442906575
W00000011,258,70,39,31,188,19,169,27.131782945736433,15.11627906976744,12.015503875968992,72.86821705426357,7.3643410852713185,65.50387596899225
W00000012,295,59,33,26,236,19,217,20,11.186440677966102,8.813559322033898,80,6.440677966101695,73.5593220338983
W00000013,414,89,45,44,325,24,301,21.497584541062803,10.869565217391305,10.628019323671497,78.50241545893721,5.797101449275362,72.70531400966183
W00000014,263,58,25,33,205,10,195,22.0532319391635,9.505703422053232,12.547528517110266,77.9467680608365,3.802281368821293,74.1444866920152
W00000015,229,45,18,27,184,29,155,19.65065502183406,7.860262008733625,11.790393013100436,80.34934497816593,12.663755458515283,67.68558951965066
W00000016,205,57,28,29,148,20,128,27.80487804878049,13.658536585365855,14.146341463414632,72.1951219512195,9.75609756097561,62.4390243902439
W00000017,184,36,11,25,148,9,139,19.565217391304348,5.978260869565218,13.586956521739129,80.43478260869566,4.891304347826087,75.54347826086956
W00000018,215,40,15,25,175,14,161,18.6046511627907,6.976744186046512,11.627906976744185,81.3953488372093,6.511627906976744,74.88372093023256
W00000019,149,44,27,17,105,15,90,29.53020134228188,18.120805369127517,11.409395973154362,70.46979865771812,10.06711409395973,60.40268456375839
W00000020,196,66,38,28,130,9,121,33.6734693877551,19.387755102040817,14.285714285714285,66.3265306122449,4.591836734693878,61.73469387755102
W00000021,172,36,13,23,136,11,125,20.930232558139537,7.55813953488372,13.372093023255813,79.06976744186046,6.395348837209303,72.67441860465115
W00000022,311,59,28,31,252,14,238,18.971061093247588,9.003215434083602,9.967845659163988,81.02893890675242,4.501607717041801,76.52733118971061
W00000023,290,61,33,28,229,18,211,21.03448275862069,11.379310344827587,9.655172413793103,78.96551724137932,6.206896551724138,72.75862068965517
W00000024,390,70,31,39,320,17,303,17.94871794871795,7.948717948717948,10,82.05128205128204,4.358974358974359,77.6923076923077
W00000025,268,57,30,27,211,13,198,21.26865671641791,11.194029850746269,10.074626865671641,78.73134328358209,4.850746268656716,73.88059701492537
W00000026,282,64,38,26,218,11,207,22.69503546099291,13.47517730496454,9.219858156028367,77.30496453900709,3.900709219858156,73.40425531914893
W00000027,353,93,56,37,260,27,233,26.345609065155806,15.864022662889518,10.48158640226629,73.65439093484419,7.64872521246459,66.0056657223796
W00000028,291,68,34,34,223,18,205,23.367697594501717,11.683848797250858,11.683848797250858,76.6323024054983,6.185567010309279,70.44673539518901
W00000029,276,55,28,27,221,19,202,19.92753623188406,10.144927536231885,9.782608695652174,80.07246376811594,6.884057971014493,73.18840579710145
W00000030,388,48,17,31,340,17,323,12.371134020618557,4.381443298969072,7.989690721649484,87.62886597938144,4.381443298969072,83.24742268041237
W00000031,469,69,35,34,400,32,368,14.712153518123666,7.462686567164178,7.249466950959488,85.28784648187633,6.823027718550106,78.46481876332622
W00000032,206,65,34,31,141,9,132,31.55339805825243,16.50485436893204,15.048543689320388,68.44660194174757,4.368932038834951,64.07766990291263
W00000033,262,56,18,38,206,11,195,21.374045801526716,6.870229007633588,14.50381679389313,78.62595419847328,4.198473282442748,74.42748091603053
W00000034,269,43,22,21,226,22,204,15.985130111524162,8.178438661710038,7.806691449814126,84.01486988847584,8.178438661710038,75.8364312267658
W00000035,449,73,34,39,376,32,344,16.258351893095767,7.57238307349666,8.68596881959911,83.74164810690424,7.126948775055679,76.61469933184856
W00000036,262,53,22,31,209,27,182,20.229007633587788,8.396946564885496,11.83206106870229,79.77099236641222,10.305343511450381,69.46564885496184
W00000037,454,88,28,60,366,22,344,19.383259911894275,6.167400881057269,13.215859030837004,80.61674008810573,4.845814977973569,75.77092511013215
W00000038,449,117,59,58,332,27,305,26.057906458797326,13.140311804008908,12.91759465478842,73.94209354120267,6.013363028953229,67.92873051224944
W00000039,385,55,25,30,330,28,302,14.285714285714285,6.493506493506493,7.792207792207792,85.71428571428571,7.2727272727272725,78.44155844155844
W00000040,286,67,28,39,219,14,205,23.426573426573427,9.79020979020979,13.636363636363635,76.57342657342657,4.895104895104895,71.67832167832168
W00000041,297,58,35,23,239,13,226,19.52861952861953,11.784511784511785,7.744107744107744,80.47138047138047,4.377104377104377,76.0942760942761
W00000042,191,43,17,26,148,14,134,22.5130890052356,8.900523560209423,13.612565445026178,77.4869109947644,7.329842931937172,70.15706806282722
W00000043,262,58,21,37,204,21,183,22.137404580152673,8.015267175572518,14.122137404580155,77.86259541984732,8.015267175572518,69.8473282442748
W00000044,505,76,36,40,429,41,388,15.049504950495049,7.128712871287128,7.920792079207921,84.95049504950495,8.118811881188119,76.83168316831683
W00000045,335,57,24,33,278,23,255,17.01492537313433,7.164179104477612,9.850746268656717,82.98507462686567,6.865671641791045,76.11940298507463
W00000046,285,70,29,41,215,18,197,24.561403508771928,10.175438596491228,14.385964912280702,75.43859649122807,6.315789473684211,69.12280701754386
W00000047,231,50,16,34,181,17,164,21.645021645021643,6.926406926406926,14.71861471861472,78.35497835497836,7.35930735930736,70.995670995671
W00000048,261,51,21,30,210,34,176,19.54022988505747,8.045977011494253,11.494252873563218,80.45977011494253,13.026819923371647,67.43295019157088
W00000049,225,33,12,21,192,21,171,14.666666666666666,5.333333333333334,9.333333333333334,85.33333333333334,9.333333333333334,76
W00000050,204,62,25,37,142,21,121,30.392156862745097,12.254901960784313,18.137254901960784,69.6078431372549,10.294117647058822,59.31372549019608
W00000051,316,51,11,40,265,29,236,16.139240506329113,3.481012658227848,12.658227848101266,83.86075949367088,9.177215189873419,74.68354430379746
W00000052,271,55,25,30,216,11,205,20.29520295202952,9.22509225092251,11.07011070110701,79.70479704797047,4.059040590405904,75.64575645756457
W00000053,462,69,32,37,393,17,376,14.935064935064934,6.926406926406926,8.008658008658008,85.06493506493507,3.67965367965368,81.38528138528139
W00000054,265,40,16,24,225,23,202,15.09433962264151,6.037735849056604,9.056603773584905,84.90566037735849,8.679245283018867,76.22641509433963
W00000055,364,103,60,43,261,24,237,28.296703296703296,16.483516483516482,11.813186813186812,71.7032967032967,6.593406593406594,65.10989010989012
W00000056,334,81,37,44,253,19,234,24.251497005988025,11.077844311377245,13.17365269461078,75.74850299401199,5.688622754491018,70.05988023952095
W00000057,428,63,25,38,365,47,318,14.719626168224298,5.841121495327103,8.878504672897195,85.2803738317757,10.981308411214954,74.29906542056075
W00000058,268,55,20,35,213,32,181,20.522388059701495,7.462686567164178,13.059701492537313,79.47761194029852,11.940298507462686,67.53731343283582
W00000059,303,50,19,31,253,19,234,16.5016501650165,6.270627062706271,10.231023102310232,83.4983498349835,6.270627062706271,77.22772277227723
W00000060,252,46,11,35,206,22,184,18.253968253968253,4.365079365079365,13.88888888888889,81.74603174603175,8.73015873015873,73.01587301587301
W00000061,268,40,11,29,228,24,204,14.925373134328357,4.104477611940299,10.820895522388058,85.07462686567165,8.955223880597014,76.11940298507463
W00000062,387,55,21,34,332,24,308,14.21188630490956,5.426356589147287,8.785529715762273,85.78811369509044,6.2015503875969,79.58656330749353
W00000063,277,37,15,22,240,24,216,13.357400722021662,5.415162454873646,7.9422382671480145,86.64259927797833,8.664259927797833,77.9783393501805
W00000064,238,29,8,21,209,13,196,12.184873949579831,3.361344537815126,8.823529411764707,87.81512605042016,5.46218487394958,82.35294117647058
W00000065,313,81,45,36,232,6,226,25.878594249201274,14.376996805111823,11.501597444089457,74.12140575079871,1.9169329073482428,72.20447284345049
W00000066,297,62,34,28,235,15,220,20.875420875420875,11.447811447811448,9.427609427609427,79.12457912457911,5.05050505050505,74.07407407407408
W00000067,551,81,29,52,470,27,443,14.700544464609798,5.263157894736842,9.43738656987296,85.2994555353902,4.900181488203267,80.39927404718694
W00000068,425,71,30,41,354,24,330,16.705882352941178,7.0588235294117645,9.647058823529411,83.29411764705881,5.647058823529412,77.64705882352942
W00000069,387,73,32,41,314,20,294,18.863049095607234,8.2687338501292,10.594315245478036,81.13695090439276,5.167958656330749,75.96899224806202
W00000070,417,49,16,33,368,27,341,11.750599520383693,3.8369304556354913,7.913669064748201,88.2494004796163,6.474820143884892,81.77458033573141
W00000071,376,56,20,36,320,29,291,14.893617021276595,5.319148936170213,9.574468085106384,85.1063829787234,7.712765957446808,77.3936170212766
W00000072,254,52,22,30,202,24,178,20.47244094488189,8.661417322834646,11.811023622047244,79.52755905511812,9.448818897637794,70.07874015748031
W00000073,220,42,14,28,178,13,165,19.090909090909093,6.363636363636363,12.727272727272727,80.9090909090909,5.909090909090909,75
W00000074,193,54,36,18,139,12,127,27.979274611398964,18.65284974093264,9.32642487046632,72.02072538860104,6.217616580310881,65.80310880829016
W00000075,271,69,32,37,202,14,188,25.461254612546124,11.808118081180812,13.653136531365314,74.53874538745387,5.166051660516605,69.37269372693727
W00000076,255,60,30,30,195,16,179,23.52941176470588,11.76470588235294,11.76470588235294,76.47058823529412,6.2745098039215685,70.19607843137254
W00000077,389,80,36,44,309,36,273,20.565552699228792,9.254498714652955,11.311053984575835,79.43444730077121,9.254498714652955,70.17994858611826
W00000078,279,69,31,38,210,22,188,24.731182795698924,11.11111111111111,13.620071684587815,75.26881720430107,7.885304659498208,67.38351254480287
W00000079,292,60,23,37,232,24,208,20.54794520547945,7.876712328767123,12.67123287671233,79.45205479452055,8.21917808219178,71.23287671232876
W00000080,370,77,37,40,293,23,270,20.81081081081081,10,10.81081081081081,79.1891891891892,6.216216216216217,72.97297297297297
W00000081,294,56,24,32,238,24,214,19.047619047619047,8.16326530612245,10.884353741496598,80.95238095238095,8.16326530612245,72.78911564625851
W00000082,401,85,51,34,316,16,300,21.197007481296758,12.718204488778055,8.478802992518704,78.80299251870323,3.99002493765586,74.81296758104739
W00000083,323,72,32,40,251,20,231,22.291021671826623,9.907120743034056,12.38390092879257,77.70897832817337,6.191950464396285,71.51702786377709
W00000084,126,34,16,18,92,10,82,26.984126984126984,12.698412698412698,14.285714285714285,73.01587301587301,7.936507936507936,65.07936507936508
W00000086,201,47,23,24,154,11,143,23.383084577114428,11.442786069651742,11.940298507462686,76.61691542288557,5.472636815920398,71.14427860696517
W00000087,176,34,15,19,142,15,127,19.318181818181817,8.522727272727272,10.795454545454545,80.68181818181817,8.522727272727272,72.1590909090909
W00000088,288,74,32,42,214,14,200,25.694444444444443,11.11111111111111,14.583333333333334,74.30555555555556,4.861111111111112,69.44444444444444
W00000090,154,45,25,20,109,12,97,29.22077922077922,16.233766233766232,12.987012987012985,70.77922077922078,7.792207792207792,62.98701298701299
W00000091,300,55,22,33,245,21,224,18.333333333333332,7.333333333333333,11,81.66666666666667,7.000000000000001,74.66666666666667
W00000092,173,40,21,19,133,10,123,23.121387283236995,12.138728323699421,10.982658959537572,76.878612716763,5.780346820809249,71.09826589595376
W00000093,174,49,16,33,125,15,110,28.160919540229884,9.195402298850574,18.96551724137931,71.83908045977012,8.620689655172415,63.2183908045977
W00000094,269,62,32,30,207,18,189,23.04832713754647,11.895910780669144,11.152416356877323,76.95167286245353,6.691449814126393,70.26022304832715
W00000095,220,71,30,41,149,17,132,32.27272727272727,13.636363636363635,18.636363636363637,67.72727272727272,7.727272727272727,60
W00000096,207,53,24,29,154,6,148,25.60386473429952,11.594202898550725,14.009661835748794,74.39613526570048,2.898550724637681,71.49758454106279
W00000097,417,56,22,34,361,34,327,13.42925659472422,5.275779376498801,8.15347721822542,86.57074340527578,8.15347721822542,78.41726618705036
W00000098,319,50,14,36,269,18,251,15.673981191222571,4.38871473354232,11.285266457680251,84.32601880877742,5.6426332288401255,78.68338557993731
W00000099,334,62,25,37,272,20,252,18.562874251497004,7.48502994011976,11.077844311377245,81.437125748502993,5.9880239520958085,75.44910179640718
W00000100,261,49,19,30,212,13,199,18.773946360153257,7.2796934865900385,11.494252873563218,81.22605363984674,4.980842911877394,76.24521072796935
W00000101,317,60,28,32,257,17,240,18.92744479495268,8.832807570977918,10.094637223974763,81.07255520504731,5.3627760252365935,75.70977917981072
W00000102,305,61,30,31,244,18,226,20,9.836065573770492,10.163934426229508,80,5.901639344262295,74.09836065573771
W00000103,360,109,53,56,251,22,229,30.277777777777775,14.722222222222223,15.555555555555555,69.72222222222221,6.111111111111111,63.61111111111111
W00000104,283,69,33,36,214,18,196,24.381625441696116,11.66077738515901,12.7208480565371,75.61837455830388,6.36042402826855,69.25795053003534
W00000105,365,77,33,44,288,22,266,21.095890410958905,9.04109589041096,12.054794520547945,78.9041095890411,6.027397260273973,72.87671232876713
W00000106,316,70,33,37,246,13,233,22.151898734177212,10.443037974683545,11.708860759493671,77.84810126582279,4.113924050632911,73.73417721518987
W00000107,371,75,29,46,296,23,273,20.21563342318059,7.816711590296496,12.398921832884097,79.78436657681941,6.199460916442049,73.58490566037736
W00000108,482,88,39,49,394,39,355,18.25726141078838,8.091286307053942,10.16597510373444,81.74273858921161,8.091286307053942,73.65145228215768
W00000109,250,56,24,32,194,14,180,22.400000000000002,9.6,12.8,77.60000000000001,5.6000000000000005,72
W00000110,326,60,32,28,266,31,235,18.404907975460123,9.815950920245399,8.588957055214724,81.59509202453987,9.509202453987731,72.08588957055214
W00000111,254,53,25,28,201,21,180,20.866141732283463,9.84251968503937,11.023622047244094,79.13385826771653,8.267716535433072,70.86614173228347
W00000112,299,64,30,34,235,33,202,21.40468227424749,10.033444816053512,11.37123745819398,78.59531772575251,11.036789297658862,67.55852842809364
W00000113,365,82,46,36,283,15,268,22.465753424657535,12.602739726027398,9.863013698630137,77.53424657534246,4.10958904109589,73.42465753424658
W00000114,368,84,33,51,284,24,260,22.82608695652174,8.967391304347826,13.858695652173914,77.17391304347827,6.521739130434782,70.65217391304348
W00000115,461,67,32,35,394,30,364,14.533622559652928,6.941431670281996,7.592190889370933,85.46637744034707,6.507592190889371,78.95878524945769
W00000116,422,74,37,37,348,26,322,17.535545023696685,8.767772511848342,8.767772511848342,82.46445497630332,6.161137440758294,76.30331753554502
W00000117,361,34,5,29,327,17,310,9.418282548476455,1.3850415512465373,8.033240997229916,90.58171745152355,4.7091412742382275,85.87257617728532
W00000118,305,69,34,35,236,15,221,22.62295081967213,11.147540983606557,11.475409836065573,77.37704918032787,4.918032786885246,72.45901639344262
W00000119,271,53,27,26,218,8,210,19.557195571955717,9.96309963099631,9.59409594095941,80.44280442804428,2.952029520295203,77.49077490774908
W00000120,378,72,35,37,306,22,284,19.047619047619047,9.25925925925926,9.788359788359788,80.95238095238095,5.82010582010582,75.13227513227513
W00000121,287,35,11,24,252,24,228,12.195121951219512,3.8327526132404177,8.362369337979095,87.8048780487805,8.362369337979095,79.44250871080139
W00000122,326,63,25,38,263,23,240,19.32515337423313,7.668711656441718,11.65644171779141,80.67484662576688,7.05521472392638,73.61963190184049
W00000123,354,53,27,26,301,23,278,14.971751412429379,7.627118644067797,7.344632768361582,85.02824858757062,6.497175141242938,78.53107344632768
W00000124,432,80,29,51,352,26,326,18.51851851851852,6.712962962962964,11.805555555555555,81.48148148148148,6.018518518518518,75.46296296296296
W00000125,311,50,20,30,261,11,250,16.077170418006432,6.430868167202572,9.646302250803858,83.92282958199357,3.536977491961415,80.38585209003215
W00000126,455,66,34,32,389,25,364,14.505494505494507,7.472527472527473,7.032967032967033,85.49450549450549,5.4945054945054945,80
W00000127,289,59,21,38,230,22,208,20.415224913494807,7.26643598615917,13.148788927335639,79.58477508650519,7.612456747404845,71.97231833910035
W00000128,283,66,31,35,217,15,202,23.32155477031802,10.954063604240282,12.36749116607774,76.67844522968198,5.30035335689046,71.37809187279152
W00000129,304,87,57,30,217,24,193,28.618421052631575,18.75,9.868421052631579,71.38157894736842,7.894736842105263,63.48684210526315
W00000130,167,30,14,16,137,16,121,17.964071856287426,8.383233532934131,9.580838323353294,82.03592814371258,9.580838323353294,72.45508982035929
W00000131,198,51,24,27,147,17,130,25.757575757575758,12.121212121212121,13.636363636363635,74.24242424242425,8.585858585858585,65.65656565656566
W00000132,310,60,32,28,250,25,225,19.35483870967742,10.32258064516129,9.032258064516128,80.64516129032258,8.064516129032258,72.58064516129032
W00000133,531,95,49,46,436,33,403,17.890772128060263,9.227871939736348,8.662900188323917,82.10922787193974,6.214689265536723,75.89453860640302
W00000134,336,59,31,28,277,18,259,17.559523809523807,9.226190476190476,8.333333333333332,82.44047619047619,5.357142857142857,77.08333333333334
W00000135,365,122,81,41,243,21,222,33.42465753424658,22.19178082191781,11.232876712328768,66.57534246575342,5.7534246575342465,60.82191780821918
W00000136,319,64,39,25,255,14,241,20.06269592476489,12.225705329153605,7.836990595611286,79.9373040752351,4.38871473354232,75.54858934169279
W00000137,225,46,27,19,179,13,166,20.444444444444446,12,8.444444444444445,79.55555555555556,5.777777777777778,73.77777777777777
W00000138,315,62,30,32,253,9,244,19.682539682539684,9.523809523809524,10.158730158730158,80.31746031746032,2.857142857142857,77.46031746031747
W00000139,422,79,35,44,343,20,323,18.72037914691943,8.293838862559241,10.42654028436019,81.27962085308057,4.739336492890995,76.54028436018957
W00000140,419,58,26,32,361,29,332,13.842482100238662,6.205250596658711,7.637231503579953,86.15751789976133,6.921241050119331,79.23627684964201
W00000141,297,38,20,18,259,11,248,12.794612794612794,6.7340067340067336,6.0606060606060606,87.20538720538721,3.7037037037037033,83.5016835016835
W00000142,302,65,29,36,237,15,222,21.52317880794702,9.602649006622517,11.920529801324504,78.47682119205298,4.966887417218543,73.50993377483444
W00000143,338,85,41,44,253,19,234,25.14792899408284,12.1301775147929,13.017751479289942,74.85207100591717,5.621301775147929,69.23076923076923
W00000144,278,68,29,39,210,15,195,24.46043165467626,10.431654676258994,14.028776978417264,75.53956834532374,5.39568345323741,70.14388489208633
W00000145,432,90,45,45,342,17,325,20.833333333333336,10.416666666666668,10.416666666666668,79.16666666666666,3.935185185185185,75.23148148148148
W00000146,287,71,32,39,216,22,194,24.738675958188153,11.149825783972126,13.588850174216027,75.26132404181185,7.665505226480835,67.59581881533101
W00000147,272,75,31,44,197,15,182,27.573529411764707,11.397058823529411,16.176470588235293,72.42647058823529,5.514705882352941,66.91176470588235
W00000148,171,74,45,29,97,4,93,43.27485380116959,26.31578947368421,16.95906432748538,56.72514619883041,2.3391812865497075,54.385964912280706
W00000149,368,51,11,40,317,24,293,13.858695652173914,2.989130434782609,10.869565217391305,86.1413043478261,6.521739130434782,79.61956521739131
W00000150,337,73,32,41,264,15,249,21.66172106824926,9.495548961424333,12.166172106824925,78.33827893175074,4.451038575667656,73.88724035608308
W00000151,259,64,29,35,195,17,178,24.71042471042471,11.196911196911197,13.513513513513514,75.2895752895753,6.563706563706563,68.72586872586872
W00000152,300,70,27,43,230,22,208,23.333333333333332,9,14.333333333333334,76.66666666666667,7.333333333333333,69.33333333333334
W00000153,282,69,33,36,213,17,196,24.46808510638298,11.702127659574469,12.76595744680851,75.53191489361703,6.028368794326241,69.50354609929079
W00000154,280,73,44,29,207,10,197,26.071428571428573,15.714285714285714,10.357142857142858,73.92857142857143,3.571428571428571,70.35714285714286
W00000155,330,74,47,27,256,25,231,22.424242424242426,14.242424242424242,8.181818181818182,77.57575757575758,7.575757575757576,70
W00000156,252,53,26,27,199,17,182,21.03174603174603,10.317460317460316,10.714285714285714,78.96825396825396,6.746031746031746,72.22222222222221
W00000157,363,98,48,50,265,22,243,26.997245179063363,13.223140495867769,13.774104683195592,73.00275482093664,6.0606060606060606,66.94214876033058
W00000158,323,70,32,38,253,23,230,21.671826625387,9.907120743034056,11.76470588235294,78.328173374613,7.120743034055728,71.20743034055728
W00000159,336,51,21,30,285,21,264,15.178571428571427,6.25,8.928571428571429,84.82142857142857,6.25,78.57142857142857
W00000160,276,65,27,38,211,16,195,23.55072463768116,9.782608695652174,13.768115942028986,76.44927536231883,5.797101449275362,70.65217391304348
W00000161,155,28,8,20,127,12,115,18.064516129032256,5.161290322580645,12.903225806451612,81.93548387096774,7.741935483870968,74.19354838709677
W00000162,277,68,36,32,209,13,196,24.548736462093864,12.996389891696749,11.552346570397113,75.45126353790613,4.693140794223827,70.7581227436823
W00000163,308,59,20,39,249,30,219,19.155844155844157,6.493506493506493,12.662337662337661,80.84415584415584,9.740259740259742,71.1038961038961
W00000164,174,35,10,25,139,9,130,20.114942528735632,5.747126436781609,14.367816091954023,79.88505747126436,5.172413793103448,74.71264367816092
W00000165,388,85,47,38,303,19,284,21.90721649484536,12.11340206185567,9.793814432989691,78.09278350515464,4.896907216494846,73.19587628865979
W00000166,260,62,28,34,198,11,187,23.846153846153847,10.76923076923077,13.076923076923078,76.15384615384615,4.230769230769231,71.92307692307692
W00000167,264,65,29,36,199,18,181,24.62121212121212,10.984848484848484,13.636363636363635,75.37878787878788,6.8181818181818175,68.56060606060606
W00000168,272,75,44,31,197,13,184,27.573529411764707,16.176470588235293,11.397058823529411,72.42647058823529,4.779411764705882,67.64705882352942
W00000169,374,101,46,55,273,11,262,27.00534759358289,12.299465240641712,14.705882352941178,72.99465240641712,2.941176470588235,70.05347593582889
W00000170,242,64,28,36,178,11,167,26.446280991735538,11.570247933884298,14.87603305785124,73.55371900826447,4.545454545454546,69.00826446280992
W00000171,390,67,31,36,323,15,308,17.17948717948718,7.948717948717948,9.230769230769232,82.82051282051283,3.8461538461538463,78.97435897435898
W00000172,544,66,24,42,478,26,452,12.132352941176471,4.411764705882353,7.720588235294118,87.86764705882352,4.779411764705882,83.08823529411765
W00000173,269,63,29,34,206,15,191,23.42007434944238,10.780669144981413,12.639405204460965,76.57992565055763,5.5762081784386615,71.00371747211895
W00000174,256,71,34,37,185,9,176,27.734375,13.28125,14.453125,72.265625,3.515625,68.75
W00000175,386,68,25,43,318,33,285,17.616580310880828,6.476683937823833,11.139896373056994,82.38341968911918,8.549222797927461,73.83419689119171
W00000176,297,90,48,42,207,15,192,30.303030303030305,16.161616161616163,14.14141414141414,69.6969696969697,5.05050505050505,64.64646464646465
W00000177,228,39,12,27,189,18,171,17.105263157894736,5.263157894736842,11.842105263157894,82.89473684210526,7.894736842105263,75
W00000178,347,68,29,39,279,26,253,19.596541786743515,8.357348703170029,11.239193083573488,80.403458213256485,7.492795389048991,72.91066282420749
W00000179,268,58,27,31,210,18,192,21.641791044776117,10.074626865671641,11.567164179104477,78.35820895522389,6.7164179104477615,71.64179104477611
W00000180,265,67,37,30,198,12,186,25.28301886792453,13.962264150943396,11.320754716981133,74.71698113207546,4.528301886792453,70.18867924528301
W00000181,279,84,41,43,195,10,185,30.107526881720432,14.695340501792115,15.412186379928317,69.89247311827957,3.584229390681003,66.30824372759857
W00000182,262,69,38,31,193,22,171,26.33587786259542,14.50381679389313,11.83206106870229,73.66412213740458,8.396946564885496,65.2671755725191
W00000183,308,71,38,33,237,15,222,23.051948051948052,12.337662337662337,10.714285714285714,76.94805194805194,4.870129870129871,72.07792207792207
W00000184,276,43,25,18,233,20,213,15.579710144927535,9.057971014492754,6.521739130434782,84.42028985507247,7.246376811594203,77.17391304347827
W00000185,295,66,34,32,229,12,217,22.372881355932204,11.525423728813559,10.847457627118644,77.62711864406779,4.067796610169491,73.5593220338983
W00000186,271,74,38,36,197,12,185,27.30627306273063,14.022140221402212,13.284132841328415,72.69372693726937,4.428044280442804,68.26568265682657
W00000187,307,66,27,39,241,20,221,21.49837133550489,8.794788273615636,12.703583061889251,78.50162866449512,6.514657980456026,71.9869706840391
W00000188,185,33,12,21,152,6,146,17.83783783783784,6.486486486486487,11.351351351351353,82.16216216216216,3.2432432432432434,78.91891891891892
W00000189,250,47,23,24,203,15,188,18.8,9.2,9.6,81.2,6,75.2
W00000190,189,53,31,22,136,9,127,28.04232804232804,16.402116402116402,11.64021164021164,71.95767195767195,4.761904761904762,67.1957671957672
W00000191,160,44,15,29,116,9,107,27.500000000000004,9.375,18.125,72.5,5.625,66.875
W00000192,366,80,35,45,286,26,260,21.85792349726776,9.562841530054644,12.295081967213115,78.14207650273224,7.103825136612022,71.03825136612022
W00000193,253,63,31,32,190,14,176,24.90118577075099,12.25296442687747,12.648221343873518,75.09881422924902,5.533596837944664,69.56521739130434
W00000194,344,87,43,44,257,33,224,25.290697674418606,12.5,12.790697674418606,74.70930232558139,9.593023255813954,65.11627906976744
W00000195,349,62,16,46,287,29,258,17.765042979942695,4.584527220630372,13.18051575931232,82.23495702005731,8.30945558739255,73.92550143266476
W00000196,312,75,36,39,237,30,207,24.03846153846154,11.538461538461538,12.5,75.96153846153845,9.615384615384617,66.34615384615384
W00000197,272,52,16,36,220,17,203,19.11764705882353,5.88235294117647,13.23529411764706,80.88235294117648,6.25,74.63235294117648
W00000198,334,74,41,33,260,24,236,22.15568862275449,12.275449101796406,9.880239520958083,77.84431137724552,7.18562874251497,70.65868263473054
W00000199,169,30,10,20,139,13,126,17.75147928994083,5.9171597633136095,11.834319526627219,82.24852071005917,7.6923076923076925,74.55621301775149
W00000200,313,57,22,35,256,20,236,18.210862619808307,7.0287539936102235,11.182108626198083,81.78913738019169,6.3897763578274756,75.39936102236422
W00000201,121,24,9,15,97,7,90,19.834710743801654,7.43801652892562,12.396694214876034,80.16528925619835,5.785123966942149,74.3801652892562
W00000202,306,65,25,40,241,22,219,21.241830065359476,8.169934640522875,13.071895424836603,78.75816993464052,7.18954248366013,71.56862745098039
W00000203,301,53,21,32,248,23,225,17.60797342192691,6.976744186046512,10.631229235880399,82.39202657807309,7.641196013289036,74.75083056478405
W00000204,184,31,13,18,153,11,142,16.847826086956523,7.065217391304348,9.782608695652174,83.15217391304348,5.978260869565218,77.17391304347827
W00000205,139,38,19,19,101,10,91,27.33812949640288,13.66906474820144,13.66906474820144,72.66187050359713,7.1942446043165464,65.46762589928058
W00000206,260,81,51,30,179,15,164,31.153846153846153,19.615384615384617,11.538461538461538,68.84615384615384,5.769230769230769,63.07692307692307
W00000207,223,49,20,29,174,14,160,21.973094170403588,8.968609865470851,13.004484304932735,78.02690582959642,6.278026905829597,71.74887892376681
W00000208,415,87,40,47,328,29,299,20.96385542168675,9.63855421686747,11.325301204819278,79.03614457831326,6.987951807228916,72.04819277108435
W00000209,261,42,13,29,219,5,214,16.091954022988507,4.980842911877394,11.11111111111111,83.9080459770115,1.9157088122605364,81.99233716475096
W00000210,528,75,31,44,453,25,428,14.204545454545455,5.871212121212121,8.333333333333332,85.79545454545455,4.734848484848484,81.06060606060606
W00000211,115,35,22,13,80,7,73,30.434782608695656,19.130434782608695,11.304347826086957,69.56521739130434,6.086956521739131,63.47826086956522
W00000212,269,54,21,33,215,13,202,20.074349442379184,7.806691449814126,12.267657992565056,79.92565055762083,4.83271375464684,75.09293680297398
W00000213,327,52,23,29,275,20,255,15.902140672782874,7.033639143730887,8.868501529051988,84.09785932721712,6.116207951070336,77.98165137614679
W00000214,349,53,19,34,296,19,277,15.18624641833811,5.444126074498568,9.742120343839542,84.81375358166189,5.444126074498568,79.36962750716332
W00000215,254,47,18,29,207,22,185,18.503937007874015,7.086614173228346,11.41732283464567,81.49606299212599,8.661417322834646,72.83464566929135
W00000216,282,47,11,36,235,28,207,16.666666666666664,3.900709219858156,12.76595744680851,83.33333333333334,9.929078014184398,73.40425531914893
W00000217,299,55,17,38,244,18,226,18.394648829431436,5.68561872909699,12.709030100334449,81.60535117056857,6.0200668896321075,75.58528428093646
W00000218,253,65,35,30,188,12,176,25.691699604743086,13.83399209486166,11.857707509881422,74.30830039525692,4.743083003952568,69.56521739130434
W00000219,275,50,14,36,225,26,199,18.181818181818183,5.090909090909091,13.090909090909092,81.81818181818183,9.454545454545455,72.36363636363636
W00000220,391,84,42,42,307,22,285,21.483375959079286,10.741687979539643,10.741687979539643,78.51662404092072,5.626598465473146,72.89002557544757
W00000221,268,56,21,35,212,22,190,20.8955223880597,7.835820895522389,13.059701492537313,79.1044776119403,8.208955223880597,70.8955223880597
W00000222,266,65,40,25,201,23,178,24.43609022556391,15.037593984962406,9.398496240601503,75.56390977443608,8.646616541353383,66.9172932330827
W00000223,294,55,22,33,239,24,215,18.70748299319728,7.482993197278912,11.224489795918368,81.29251700680273,8.16326530612245,73.12925170068027
W00000224,258,52,13,39,206,24,182,20.155038759689923,5.038759689922481,15.11627906976744,79.84496124031007,9.30232558139535,70.54263565891473
W00000225,287,73,29,44,214,19,195,25.435540069686414,10.104529616724738,15.33101045296167,74.56445993031359,6.620209059233449,67.94425087108013
W00000226,322,58,22,36,264,23,241,18.012422360248447,6.832298136645963,11.180124223602485,81.98757763975155,7.142857142857142,74.84472049689441
W00000227,245,47,23,24,198,19,179,19.183673469387756,9.387755102040817,9.795918367346939,80.81632653061224,7.755102040816326,73.06122448979592
W00009977,253,66,28,38,187,16,171,26.08695652173913,11.067193675889328,15.019762845849801,73.91304347826086,6.324110671936759,67.58893280632411
W00009978,261,50,24,26,211,16,195,19.157088122605366,9.195402298850574,9.961685823754788,80.84291187739464,6.130268199233716,74.71264367816092
W00009979,253,51,21,30,202,22,180,20.158102766798418,8.300395256916996,11.857707509881422,79.84189723320159,8.695652173913043,71.14624505928853
W00009980,208,72,30,42,136,9,127,34.61538461538461,14.423076923076922,20.192307692307693,65.38461538461539,4.326923076923077,61.057692307692314
W00009981,227,54,18,36,173,17,156,23.788546255506606,7.929515418502203,15.859030837004406,76.2114537444934,7.488986784140969,68.72246696035242
