OA,ts0380001,ts0380002,ts0380003,ts0380004,ts0380005,ts0380006,ts0380007,ts0380002_PCT,ts0380003_PCT,ts0380004_PCT,ts0380005_PCT,ts0380006_PCT,ts0380007_PCT
E00037829,303,52,27,25,251,21,230,17.16171617161716,8.91089108910891,8.25082508250825,82.83828382838284,6.9306930693069315,75.9075907590759
E00037830,307,66,36,30,241,21,220,21.49837133550489,11.726384364820847,9.77198697068404,78.50162866449512,6.840390879478828,71.66123778501628
E00037831,295,59,25,34,236,12,224,20,8.47457627118644,11.525423728813559,80,4.067796610169491,75.9322033898305
E00037832,307,47,24,23,260,19,241,15.309446254071663,7.81758957654723,7.491856677524431,84.69055374592834,6.188925081433225,78.50162866449512
E00037833,347,80,39,41,267,11,256,23.054755043227665,11.239193083573488,11.815561959654179,76.94524495677233,3.170028818443804,73.77521613832853
E00037834,401,52,22,30,349,28,321,12.967581047381547,5.486284289276807,7.4812967581047385,87.03241895261846,6.982543640897755,80.0498753117207
E00037835,263,74,39,35,189,21,168,28.13688212927757,14.82889733840304,13.307984790874524,71.86311787072243,7.984790874524715,63.87832699619772
E00037836,302,57,26,31,245,22,223,18.874172185430464,8.609271523178808,10.264900662251655,81.12582781456953,7.28476821192053,73.84105960264901
E00037837,232,62,27,35,170,21,149,26.72413793103448,11.637931034482758,15.086206896551724,73.27586206896551,9.051724137931034,64.22413793103449
E00037838,286,61,27,34,225,14,211,21.328671328671327,9.44055944055944,11.888111888111888,78.67132867132867,4.895104895104895,73.77622377622379
E00037839,311,59,29,30,252,24,228,18.971061093247588,9.32475884244373,9.646302250803858,81.02893890675242,7.717041800643088,73.31189710610933
E00037840,249,48,15,33,201,15,186,19.27710843373494,6.024096385542169,13.253012048192772,80.72289156626506,6.024096385542169,74.69879518072288
E00037841,339,75,31,44,264,26,238,22.123893805309734,9.144542772861357,12.979351032448378,77.87610619469027,7.669616519174041,70.20648967551622
E00037843,339,73,33,40,266,22,244,21.533923303834808,9.734513274336283,11.799410029498524,78.46607669616519,6.489675516224189,71.976401179941
E00037844,326,67,31,36,259,18,241,20.552147239263803,9.509202453987731,11.042944785276074,79.4478527607362,5.521472392638037,73.92638036809815
E00037845,308,81,42,39,227,18,209,26.2987012987013,13.636363636363635,12.662337662337661,73.7012987012987,5.844155844155844,67.85714285714286
E00037846,339,50,29,21,289,18,271,14.749262536873156,8.55457227138643,6.1946902654867255,85.25073746312685,5.3097345132743365,79.9410029498525
E00037847,315,88,48,40,227,26,201,27.936507936507937,15.238095238095239,12.698412698412698,72.06349206349206,8.253968253968253,63.8095238095238
E00037848,357,81,30,51,276,15,261,22.689075630252102,8.403361344537815,14.285714285714285,77.31092436974791,4.201680672268908,73.10924369747899
E00037849,209,73,39,34,136,14,122,34.92822966507177,18.660287081339714,16.267942583732058,65.07177033492823,6.698564593301436,58.3732057416268
E00037850,301,69,29,40,232,9,223,22.92358803986711,9.634551495016613,13.2890365448505,77.0764119601329,2.990033222591362,74.08637873754152
E00037851,242,61,25,36,181,20,161,25.206611570247933,10.330578512396695,14.87603305785124,74.79338842975206,8.264462809917356,66.52892561983471
E00037852,273,57,25,32,216,13,203,20.87912087912088,9.157509157509157,11.72161172161172,79.12087912087912,4.761904761904762,74.35897435897436
E00037853,258,52,22,30,206,18,188,20.155038759689923,8.527131782945736,11.627906976744185,79.84496124031007,6.976744186046512,72.86821705426357
E00037854,262,62,30,32,200,21,179,23.66412213740458,11.450381679389313,12.213740458015266,76.33587786259542,8.015267175572518,68.32061068702289
E00037855,215,72,29,43,143,13,130,33.48837209302326,13.488372093023257,20,66.51162790697674,6.046511627906977,60.46511627906976
E00037856,241,56,25,31,185,12,173,23.236514522821576,10.37344398340249,12.863070539419086,76.76348547717843,4.979253112033195,71.78423236514523
E00037857,338,48,18,30,290,30,260,14.201183431952662,5.325443786982249,8.875739644970414,85.79881656804734,8.875739644970414,76.92307692307693
E00037858,244,61,29,32,183,15,168,25,11.885245901639344,13.114754098360656,75,6.147540983606557,68.85245901639344
E00037859,317,91,48,43,226,19,207,28.706624605678233,15.141955835962145,13.564668769716087,71.29337539432177,5.993690851735016,65.29968454258676
E00037860,238,66,31,35,172,10,162,27.73109243697479,13.025210084033615,14.705882352941178,72.26890756302521,4.201680672268908,68.0672268907563
E00037861,235,63,25,38,172,17,155,26.80851063829787,10.638297872340425,16.170212765957448,73.19148936170212,7.234042553191489,65.95744680851064
E00037862,294,50,23,27,244,20,224,17.006802721088434,7.8231292517006805,9.183673469387756,82.99319727891157,6.802721088435375,76.19047619047619
E00037863,215,103,72,31,112,8,104,47.906976744186046,33.48837209302326,14.418604651162791,52.093023255813954,3.7209302325581395,48.372093023255815
E00037864,278,47,15,32,231,23,208,16.906474820143885,5.39568345323741,11.510791366906476,83.09352517985612,8.273381294964029,74.82014388489209
E00037865,269,53,23,30,216,18,198,19.702602230483272,8.550185873605948,11.152416356877323,80.29739776951673,6.691449814126393,73.60594795539033
E00037866,282,72,43,29,210,13,197,25.53191489361702,15.24822695035461,10.28368794326241,74.46808510638297,4.609929078014184,69.8581560283688
E00037867,231,83,48,35,148,10,138,35.93073593073593,20.77922077922078,15.151515151515152,64.06926406926407,4.329004329004329,59.74025974025974
E00037868,201,92,61,31,109,14,95,45.77114427860697,30.34825870646766,15.422885572139302,54.22885572139303,6.965174129353234,47.2636815920398
E00037869,248,61,27,34,187,16,171,24.596774193548388,10.887096774193548,13.709677419354838,75.40322580645162,6.451612903225806,68.95161290322581
E00037870,251,64,37,27,187,14,173,25.49800796812749,14.741035856573706,10.756972111553784,74.5019920318725,5.577689243027888,68.92430278884463
E00037871,590,92,49,43,498,29,469,15.593220338983052,8.305084745762711,7.288135593220339,84.40677966101696,4.915254237288136,79.49152542372882
E00037872,227,59,34,25,168,17,151,25.991189427312776,14.977973568281937,11.013215859030836,74.00881057268722,7.488986784140969,66.51982378854625
E00037873,160,20,7,13,140,2,138,12.5,4.375,8.125,87.5,1.25,86.25
E00037874,304,63,29,34,241,22,219,20.723684210526315,9.539473684210527,11.18421052631579,79.27631578947368,7.236842105263158,72.03947368421053
E00037875,357,131,79,52,226,15,211,36.69467787114846,22.128851540616246,14.565826330532214,63.305322128851536,4.201680672268908,59.103641456582636
E00037876,258,61,22,39,197,20,177,23.643410852713178,8.527131782945736,15.11627906976744,76.35658914728683,7.751937984496124,68.6046511627907
E00037877,323,73,34,39,250,22,228,22.60061919504644,10.526315789473683,12.074303405572756,77.39938080495357,6.811145510835913,70.58823529411765
E00037878,275,40,22,18,235,15,220,14.545454545454545,8,6.545454545454546,85.45454545454545,5.454545454545454,80
E00037879,288,52,18,34,236,19,217,18.055555555555554,6.25,11.805555555555555,81.94444444444444,6.597222222222222,75.34722222222221
E00037880,330,60,28,32,270,23,247,18.181818181818183,8.484848484848486,9.696969696969697,81.81818181818183,6.969696969696971,74.84848484848486
E00037881,366,79,36,43,287,25,262,21.584699453551913,9.836065573770492,11.748633879781421,78.41530054644808,6.830601092896176,71.58469945355192
E00037882,311,48,18,30,263,17,246,15.434083601286176,5.787781350482315,9.646302250803858,84.56591639871382,5.466237942122187,79.09967845659163
E00037883,416,74,36,38,342,37,305,17.78846153846154,8.653846153846153,9.134615384615383,82.21153846153845,8.89423076923077,73.3173076923077
E00037884,405,87,46,41,318,27,291,21.48148148148148,11.358024691358025,10.123456790123457,78.51851851851852,6.666666666666667,71.85185185185186
E00037885,267,103,64,39,164,10,154,38.57677902621723,23.970037453183522,14.606741573033707,61.42322097378277,3.7453183520599254,57.67790262172284
E00037886,267,39,17,22,228,19,209,14.606741573033707,6.367041198501873,8.239700374531834,85.39325842696628,7.116104868913857,78.27715355805243
E00037887,227,30,11,19,197,23,174,13.215859030837004,4.845814977973569,8.370044052863436,86.78414096916299,10.13215859030837,76.65198237885463
E00037888,252,62,33,29,190,21,169,24.6031746031746,13.095238095238097,11.507936507936508,75.39682539682539,8.333333333333332,67.06349206349206
E00037889,229,35,17,18,194,17,177,15.283842794759824,7.423580786026202,7.860262008733625,84.71615720524017,7.423580786026202,77.29257641921397
E00037890,218,67,32,35,151,15,136,30.73394495412844,14.678899082568808,16.055045871559635,69.26605504587155,6.8807339449541285,62.38532110091744
E00037891,423,38,11,27,385,29,356,8.983451536643026,2.6004728132387704,6.382978723404255,91.01654846335697,6.8557919621749415,84.16075650118204
E00037892,264,23,8,15,241,20,221,8.712121212121213,3.0303030303030303,5.681818181818182,91.28787878787878,7.575757575757576,83.71212121212122
E00037893,410,71,26,45,339,27,312,17.317073170731707,6.341463414634147,10.975609756097562,82.68292682926828,6.585365853658537,76.09756097560975
E00037894,397,70,32,38,327,22,305,17.632241813602015,8.060453400503778,9.571788413098236,82.36775818639799,5.541561712846348,76.82619647355163
E00037895,289,65,20,45,224,19,205,22.491349480968857,6.920415224913495,15.570934256055363,77.50865051903114,6.5743944636678195,70.93425605536332
E00037896,270,87,38,49,183,19,164,32.22222222222222,14.074074074074074,18.14814814814815,67.77777777777779,7.037037037037037,60.74074074074074
E00037897,346,71,37,34,275,19,256,20.520231213872833,10.69364161849711,9.826589595375722,79.47976878612717,5.491329479768786,73.98843930635837
E00037898,339,80,40,40,259,18,241,23.59882005899705,11.799410029498524,11.799410029498524,76.40117994100295,5.3097345132743365,71.09144542772862
E00037899,283,69,35,34,214,19,195,24.381625441696116,12.36749116607774,12.014134275618375,75.61837455830388,6.713780918727916,68.90459363957598
E00037900,231,75,46,29,156,8,148,32.467532467532465,19.913419913419915,12.554112554112553,67.53246753246754,3.463203463203463,64.06926406926407
E00037901,372,83,38,45,289,18,271,22.311827956989248,10.21505376344086,12.096774193548388,77.68817204301075,4.838709677419355,72.84946236559139
E00037902,326,68,30,38,258,18,240,20.858895705521473,9.202453987730062,11.65644171779141,79.14110429447852,5.521472392638037,73.61963190184049
E00037903,330,74,31,43,256,24,232,22.424242424242426,9.393939393939393,13.030303030303031,77.57575757575758,7.2727272727272725,70.3030303030303
E00037904,402,89,40,49,313,19,294,22.139303482587064,9.950248756218906,12.189054726368159,77.86069651741293,4.72636815920398,73.13432835820896
E00037905,233,89,51,38,144,10,134,38.197424892703864,21.888412017167383,16.30901287553648,61.80257510729614,4.291845493562231,57.5107296137339
E00037906,190,33,12,21,157,16,141,17.36842105263158,6.315789473684211,11.052631578947368,82.63157894736842,8.421052631578947,74.21052631578947
E00037908,294,52,20,32,242,15,227,17.687074829931973,6.802721088435375,10.884353741496598,82.31292517006803,5.1020408163265305,77.21088435374149
E00037909,315,112,53,59,203,11,192,35.55555555555556,16.825396825396826,18.73015873015873,64.44444444444444,3.492063492063492,60.952380952380956
E00037910,320,38,17,21,282,29,253,11.875,5.3125,6.5625,88.125,9.0625,79.0625
E00037912,354,86,38,48,268,14,254,24.293785310734464,10.734463276836157,13.559322033898304,75.70621468926554,3.954802259887006,71.75141242937853
E00037913,321,44,20,24,277,24,253,13.707165109034266,6.230529595015576,7.476635514018691,86.29283489096574,7.476635514018691,78.81619937694704
E00037914,224,46,25,21,178,16,162,20.535714285714285,11.160714285714286,9.375,79.46428571428571,7.142857142857142,72.32142857142857
E00037915,263,55,18,37,208,12,196,20.912547528517113,6.844106463878327,14.068441064638785,79.08745247148289,4.562737642585551,74.52471482889734
E00037916,241,59,34,25,182,15,167,24.481327800829874,14.107883817427386,10.37344398340249,75.51867219917013,6.224066390041494,69.29460580912863
E00037917,315,58,32,26,257,18,239,18.412698412698415,10.158730158730158,8.253968253968253,81.58730158730158,5.714285714285714,75.87301587301587
E00037918,225,58,26,32,167,13,154,25.77777777777778,11.555555555555555,14.222222222222221,74.22222222222223,5.777777777777778,68.44444444444444
E00037919,267,47,23,24,220,17,203,17.60299625468165,8.614232209737828,8.98876404494382,82.39700374531836,6.367041198501873,76.02996254681648
E00037920,242,52,21,31,190,19,171,21.487603305785125,8.677685950413224,12.8099173553719,78.51239669421489,7.851239669421488,70.66115702479338
E00037921,206,52,29,23,154,14,140,25.24271844660194,14.077669902912621,11.165048543689322,74.75728155339806,6.796116504854369,67.96116504854369
E00037922,184,55,23,32,129,18,111,29.891304347826086,12.5,17.391304347826086,70.1086956521739,9.782608695652174,60.32608695652174
E00037923,220,55,19,36,165,26,139,25,8.636363636363637,16.363636363636363,75,11.818181818181818,63.18181818181819
E00037924,272,53,19,34,219,30,189,19.485294117647058,6.985294117647059,12.5,80.51470588235294,11.029411764705882,69.48529411764706
E00037925,262,53,21,32,209,19,190,20.229007633587788,8.015267175572518,12.213740458015266,79.77099236641222,7.251908396946565,72.51908396946564
E00037926,283,64,19,45,219,16,203,22.614840989399294,6.713780918727916,15.901060070671377,77.3851590106007,5.6537102473498235,71.73144876325088
E00037927,269,42,20,22,227,17,210,15.613382899628252,7.434944237918216,8.178438661710038,84.38661710037175,6.319702602230483,78.06691449814126
E00037928,306,39,16,23,267,29,238,12.745098039215685,5.228758169934641,7.516339869281046,87.25490196078431,9.477124183006536,77.77777777777779
E00037929,400,38,12,26,362,31,331,9.5,3,6.5,90.5,7.75,82.75
E00037930,464,97,58,39,367,28,339,20.905172413793103,12.5,8.405172413793103,79.09482758620689,6.0344827586206895,73.0603448275862
E00037931,202,38,14,24,164,18,146,18.81188118811881,6.9306930693069315,11.881188118811881,81.1881188118812,8.91089108910891,72.27722772277228
E00037932,239,34,11,23,205,18,187,14.225941422594143,4.602510460251046,9.623430962343097,85.77405857740585,7.531380753138076,78.24267782426779
E00037933,314,49,27,22,265,26,239,15.605095541401273,8.598726114649681,7.006369426751593,84.39490445859873,8.280254777070063,76.11464968152866
E00037934,320,43,22,21,277,22,255,13.4375,6.875000000000001,6.5625,86.5625,6.875000000000001,79.6875
E00037935,287,51,20,31,236,14,222,17.770034843205575,6.968641114982578,10.801393728222997,82.22996515679442,4.878048780487805,77.35191637630662
E00037936,386,74,42,32,312,21,291,19.170984455958546,10.880829015544041,8.290155440414509,80.82901554404145,5.4404145077720205,75.38860103626943
E00037937,373,65,35,30,308,26,282,17.426273458445042,9.383378016085791,8.04289544235925,82.57372654155496,6.970509383378016,75.60321715817693
E00037938,279,61,23,38,218,19,199,21.863799283154123,8.24372759856631,13.620071684587815,78.13620071684588,6.810035842293908,71.32616487455196
E00037939,348,66,30,36,282,20,262,18.96551724137931,8.620689655172415,10.344827586206897,81.03448275862068,5.747126436781609,75.28735632183908
E00037940,240,50,13,37,190,16,174,20.833333333333336,5.416666666666667,15.416666666666668,79.16666666666666,6.666666666666667,72.5
E00037941,276,92,50,42,184,15,169,33.33333333333333,18.115942028985508,15.217391304347828,66.66666666666666,5.434782608695652,61.23188405797102
E00037942,505,96,48,48,409,39,370,19.00990099009901,9.504950495049505,9.504950495049505,80.990099009901,7.7227722772277225,73.26732673267327
E00037943,297,67,29,38,230,27,203,22.55892255892256,9.764309764309765,12.794612794612794,77.44107744107744,9.090909090909092,68.35016835016835
E00037944,471,84,40,44,387,26,361,17.8343949044586,8.492569002123142,9.341825902335456,82.16560509554141,5.520169851380043,76.64543524416136
E00037945,298,103,68,35,195,16,179,34.56375838926174,22.818791946308725,11.74496644295302,65.43624161073825,5.369127516778524,60.06711409395973
E00037946,316,67,31,36,249,13,236,21.202531645569618,9.81012658227848,11.39240506329114,78.79746835443038,4.113924050632911,74.68354430379746
E00037947,312,79,40,39,233,17,216,25.320512820512818,12.82051282051282,12.5,74.67948717948718,5.448717948717949,69.23076923076923
E00037948,320,60,33,27,260,33,227,18.75,10.3125,8.4375,81.25,10.3125,70.9375
E00037949,522,95,42,53,427,16,411,18.199233716475096,8.045977011494253,10.153256704980842,81.80076628352491,3.065134099616858,78.73563218390804
E00037950,236,74,45,29,162,21,141,31.35593220338983,19.06779661016949,12.288135593220339,68.64406779661016,8.898305084745763,59.7457627118644
E00037951,254,62,22,40,192,18,174,24.409448818897637,8.661417322834646,15.748031496062993,75.59055118110236,7.086614173228346,68.50393700787401
E00037952,267,66,28,38,201,8,193,24.719101123595504,10.486891385767791,14.232209737827715,75.28089887640449,2.9962546816479403,72.28464419475655
E00037954,259,86,40,46,173,23,150,33.204633204633204,15.444015444015443,17.760617760617762,66.79536679536679,8.880308880308881,57.91505791505791
E00037955,272,79,40,39,193,9,184,29.044117647058826,14.705882352941178,14.338235294117647,70.95588235294117,3.308823529411765,67.64705882352942
E00037956,326,54,31,23,272,19,253,16.56441717791411,9.509202453987731,7.05521472392638,83.43558282208589,5.828220858895705,77.60736196319019
E00037957,276,69,27,42,207,26,181,25,9.782608695652174,15.217391304347828,75,9.420289855072465,65.57971014492753
E00037958,304,62,23,39,242,23,219,20.394736842105264,7.565789473684211,12.828947368421053,79.60526315789474,7.565789473684211,72.03947368421053
E00037959,152,27,10,17,125,11,114,17.763157894736842,6.578947368421052,11.18421052631579,82.23684210526315,7.236842105263158,75
E00037960,221,38,18,20,183,10,173,17.194570135746606,8.144796380090497,9.049773755656108,82.80542986425338,4.524886877828054,78.28054298642535
E00037961,393,58,28,30,335,24,311,14.75826972010178,7.124681933842239,7.633587786259542,85.24173027989822,6.106870229007633,79.13486005089058
E00037962,269,69,32,37,200,18,182,25.650557620817843,11.895910780669144,13.754646840148698,74.34944237918215,6.691449814126393,67.65799256505576
E00037963,345,67,24,43,278,27,251,19.420289855072465,6.956521739130435,12.46376811594203,80.57971014492755,7.82608695652174,72.7536231884058
E00037964,511,84,34,50,427,33,394,16.43835616438356,6.653620352250488,9.784735812133071,83.56164383561644,6.457925636007827,77.10371819960861
E00037965,234,69,35,34,165,12,153,29.48717948717949,14.957264957264957,14.529914529914532,70.51282051282051,5.128205128205128,65.38461538461539
E00037966,269,48,22,26,221,11,210,17.843866171003718,8.178438661710038,9.66542750929368,82.15613382899627,4.089219330855019,78.06691449814126
E00037967,251,55,22,33,196,23,173,21.91235059760956,8.764940239043826,13.147410358565736,78.08764940239044,9.163346613545817,68.92430278884463
E00037968,315,52,17,35,263,31,232,16.507936507936506,5.396825396825397,11.11111111111111,83.4920634920635,9.841269841269842,73.65079365079366
E00037969,302,48,26,22,254,19,235,15.894039735099339,8.609271523178808,7.28476821192053,84.10596026490066,6.291390728476822,77.81456953642383
E00037970,352,104,53,51,248,24,224,29.545454545454547,15.056818181818182,14.488636363636365,70.45454545454545,6.8181818181818175,63.63636363636363
E00037971,240,55,18,37,185,13,172,22.916666666666664,7.5,15.416666666666668,77.08333333333334,5.416666666666667,71.66666666666667
E00037972,294,46,18,28,248,19,229,15.646258503401361,6.122448979591836,9.523809523809524,84.35374149659864,6.462585034013606,77.89115646258503
E00037973,289,46,22,24,243,21,222,15.916955017301039,7.612456747404845,8.304498269896193,84.08304498269896,7.26643598615917,76.8166089965398
E00037974,274,48,22,26,226,22,204,17.51824817518248,8.02919708029197,9.48905109489051,82.48175182481752,8.02919708029197,74.45255474452554
E00037975,247,58,23,35,189,19,170,23.481781376518217,9.31174089068826,14.17004048582996,76.51821862348179,7.6923076923076925,68.82591093117408
E00037976,294,66,31,35,228,15,213,22.448979591836736,10.54421768707483,11.904761904761903,77.55102040816327,5.1020408163265305,72.44897959183673
E00037977,145,23,11,12,122,12,110,15.862068965517242,7.586206896551724,8.275862068965518,84.13793103448276,8.275862068965518,75.86206896551724
E00037978,178,24,11,13,154,14,140,13.48314606741573,6.179775280898876,7.303370786516854,86.51685393258427,7.865168539325842,78.65168539325843
E00037979,333,69,36,33,264,21,243,20.72072072072072,10.81081081081081,9.90990990990991,79.27927927927928,6.306306306306306,72.97297297297297
E00037980,316,72,28,44,244,17,227,22.78481012658228,8.860759493670885,13.924050632911392,77.21518987341773,5.379746835443038,71.83544303797468
E00037981,350,42,14,28,308,36,272,12,4,8,88,10.285714285714285,77.71428571428571
E00037982,339,74,38,36,265,18,247,21.828908554572273,11.209439528023598,10.619469026548673,78.17109144542773,5.3097345132743365,72.86135693215338
E00037983,273,83,42,41,190,17,173,30.4029304029304,15.384615384615385,15.018315018315018,69.59706959706959,6.227106227106227,63.369963369963365
E00037984,323,62,24,38,261,22,239,19.195046439628484,7.430340557275541,11.76470588235294,80.80495356037152,6.811145510835913,73.9938080495356
E00037985,279,82,42,40,197,18,179,29.39068100358423,15.053763440860216,14.336917562724013,70.60931899641577,6.451612903225806,64.15770609318996
E00037986,184,62,39,23,122,10,112,33.69565217391305,21.195652173913043,12.5,66.30434782608695,5.434782608695652,60.86956521739131
E00037987,448,64,30,34,384,41,343,14.285714285714285,6.696428571428571,7.5892857142857135,85.71428571428571,9.151785714285714,76.5625
E00037988,339,31,9,22,308,22,286,9.144542772861357,2.6548672566371683,6.489675516224189,90.85545722713864,6.489675516224189,84.36578171091446
E00037989,405,102,44,58,303,27,276,25.185185185185183,10.864197530864198,14.320987654320987,74.81481481481481,6.666666666666667,68.14814814814815
E00037990,375,73,30,43,302,15,287,19.466666666666665,8,11.466666666666667,80.53333333333333,4,76.53333333333333
E00037991,330,104,54,50,226,19,207,31.515151515151512,16.363636363636363,15.151515151515152,68.48484848484848,5.757575757575758,62.727272727272734
E00037992,424,79,37,42,345,31,314,18.632075471698112,8.726415094339622,9.90566037735849,81.36792452830188,7.311320754716981,74.05660377358491
E00037993,304,61,22,39,243,19,224,20.065789473684212,7.236842105263158,12.828947368421053,79.93421052631578,6.25,73.68421052631578
E00037994,338,82,46,36,256,20,236,24.2603550295858,13.609467455621301,10.650887573964498,75.7396449704142,5.9171597633136095,69.8224852071006
E00037995,334,81,29,52,253,19,234,24.251497005988025,8.682634730538922,15.568862275449103,75.74850299401199,5.688622754491018,70.05988023952095
E00037996,249,59,26,33,190,15,175,23.694779116465863,10.441767068273093,13.253012048192772,76.30522088353415,6.024096385542169,70.28112449799197
E00037997,303,59,27,32,244,15,229,19.471947194719473,8.91089108910891,10.561056105610561,80.52805280528052,4.9504950495049505,75.57755775577559
E00037998,328,75,39,36,253,38,215,22.865853658536587,11.890243902439025,10.975609756097562,77.13414634146342,11.585365853658537,65.54878048780488
E00037999,239,108,71,37,131,6,125,45.18828451882845,29.707112970711297,15.481171548117153,54.811715481171554,2.510460251046025,52.30125523012552
E00038000,381,70,34,36,311,10,301,18.37270341207349,8.923884514435695,9.448818897637794,81.62729658792651,2.6246719160104988,79.00262467191601
E00038001,245,42,18,24,203,20,183,17.142857142857142,7.346938775510205,9.795918367346939,82.85714285714286,8.16326530612245,74.6938775510204
E00038002,269,51,15,36,218,23,195,18.95910780669145,5.5762081784386615,13.382899628252787,81.04089219330855,8.550185873605948,72.4907063197026
E00038003,326,52,22,30,274,28,246,15.950920245398773,6.748466257668712,9.202453987730062,84.04907975460122,8.588957055214724,75.4601226993865
E00038004,345,61,37,24,284,17,267,17.681159420289855,10.72463768115942,6.956521739130435,82.31884057971014,4.9275362318840585,77.39130434782608
E00038006,269,43,21,22,226,22,204,15.985130111524162,7.806691449814126,8.178438661710038,84.01486988847584,8.178438661710038,75.8364312267658
E00038007,223,72,31,41,151,12,139,32.28699551569507,13.901345291479823,18.385650224215247,67.71300448430493,5.381165919282512,62.33183856502242
E00038008,220,49,24,25,171,21,150,22.272727272727273,10.909090909090908,11.363636363636363,77.72727272727272,9.545454545454547,68.18181818181817
E00038009,239,38,16,22,201,18,183,15.899581589958158,6.694560669456067,9.205020920502092,84.10041841004184,7.531380753138076,76.56903765690377
E00038010,233,57,30,27,176,21,155,24.463519313304722,12.875536480686694,11.587982832618025,75.53648068669528,9.012875536480687,66.52360515021459
E00038011,354,58,27,31,296,31,265,16.38418079096045,7.627118644067797,8.757062146892656,83.61581920903954,8.757062146892656,74.85875706214689
E00038012,228,44,20,24,184,20,164,19.298245614035086,8.771929824561402,10.526315789473683,80.7017543859649,8.771929824561402,71.9298245614035
E00038013,387,59,21,38,328,23,305,15.245478036175712,5.426356589147287,9.819121447028424,84.75452196382429,5.943152454780361,78.81136950904393
E00038014,252,42,15,27,210,21,189,16.666666666666664,5.952380952380952,10.714285714285714,83.33333333333334,8.333333333333332,75
E00038015,361,41,11,30,320,22,298,11.357340720221606,3.0470914127423825,8.310249307479225,88.64265927977839,6.094182825484765,82.54847645429363
E00038016,243,56,30,26,187,13,174,23.045267489711936,12.345679012345679,10.699588477366255,76.95473251028807,5.349794238683128,71.60493827160494
E00038017,400,67,30,37,333,26,307,16.75,7.5,9.25,83.25,6.5,76.75
E00038018,236,37,19,18,199,10,189,15.677966101694915,8.050847457627118,7.627118644067797,84.32203389830508,4.23728813559322,80.08474576271186
E00038019,420,97,41,56,323,18,305,23.095238095238095,9.761904761904763,13.333333333333334,76.90476190476191,4.285714285714286,72.61904761904762
E00038020,267,59,32,27,208,20,188,22.09737827715356,11.985018726591761,10.112359550561797,77.90262172284645,7.490636704119851,70.4119850187266
E00038021,399,95,46,49,304,20,284,23.809523809523807,11.528822055137844,12.280701754385964,76.19047619047619,5.012531328320802,71.17794486215539
E00038022,400,67,33,34,333,25,308,16.75,8.25,8.5,83.25,6.25,77
E00038023,324,65,24,41,259,20,239,20.061728395061728,7.4074074074074066,12.654320987654321,79.93827160493827,6.172839506172839,73.76543209876543
E00038024,401,66,29,37,335,20,315,16.458852867830423,7.231920199501247,9.226932668329177,83.54114713216958,4.987531172069826,78.55361596009975
E00038025,479,92,37,55,387,33,354,19.206680584551147,7.724425887265135,11.482254697286013,80.79331941544885,6.8893528183716075,73.90396659707724
E00038026,414,112,55,57,302,21,281,27.053140096618357,13.285024154589372,13.768115942028986,72.94685990338165,5.072463768115942,67.8743961352657
E00038028,187,57,25,32,130,20,110,30.481283422459892,13.368983957219251,17.11229946524064,69.5187165775401,10.695187165775401,58.82352941176471
E00038029,366,53,28,25,313,21,292,14.48087431693989,7.650273224043716,6.830601092896176,85.51912568306011,5.737704918032787,79.78142076502732
E00038030,373,72,28,44,301,15,286,19.302949061662197,7.506702412868632,11.796246648793565,80.6970509383378,4.021447721179625,76.67560321715817
E00038031,367,54,25,29,313,24,289,14.713896457765669,6.811989100817439,7.901907356948229,85.28610354223434,6.539509536784741,78.7465940054496
E00038032,339,76,41,35,263,20,243,22.418879056047196,12.094395280235988,10.32448377581121,77.5811209439528,5.899705014749262,71.68141592920354
E00038033,296,76,36,40,220,14,206,25.675675675675674,12.162162162162163,13.513513513513514,74.32432432432432,4.72972972972973,69.5945945945946
E00038034,353,91,45,46,262,23,239,25.77903682719547,12.747875354107649,13.031161473087819,74.22096317280453,6.515580736543909,67.70538243626062
E00038035,156,70,37,33,86,11,75,44.871794871794876,23.717948717948715,21.153846153846153,55.12820512820513,7.051282051282051,48.07692307692308
E00038036,244,76,31,45,168,19,149,31.147540983606557,12.704918032786885,18.442622950819672,68.85245901639344,7.786885245901639,61.065573770491795
E00038037,384,95,50,45,289,33,256,24.739583333333336,13.020833333333334,11.71875,75.26041666666666,8.59375,66.66666666666666
E00038038,377,80,31,49,297,17,280,21.220159151193634,8.222811671087534,12.9973474801061,78.77984084880637,4.509283819628647,74.27055702917772
E00038039,292,74,41,33,218,10,208,25.34246575342466,14.04109589041096,11.301369863013697,74.65753424657534,3.4246575342465753,71.23287671232876
E00038040,334,67,27,40,267,25,242,20.059880239520957,8.08383233532934,11.976047904191617,79.94011976047905,7.48502994011976,72.45508982035929
E00038041,317,62,25,37,255,25,230,19.558359621451103,7.886435331230284,11.67192429022082,80.4416403785489,7.886435331230284,72.55520504731862
E00038042,250,52,21,31,198,14,184,20.8,8.4,12.4,79.2,5.6000000000000005,73.6
E00038043,268,52,24,28,216,17,199,19.402985074626866,8.955223880597014,10.44776119402985,80.59701492537313,6.343283582089552,74.25373134328358
E00038044,326,43,15,28,283,19,264,13.190184049079754,4.601226993865031,8.588957055214724,86.80981595092024,5.828220858895705,80.98159509202453
E00038045,334,55,25,30,279,22,257,16.46706586826347,7.48502994011976,8.982035928143713,83.53293413173652,6.58682634730539,76.94610778443113
E00038046,259,73,35,38,186,11,175,28.185328185328185,13.513513513513514,14.671814671814673,71.81467181467181,4.247104247104247,67.56756756756756
E00038047,292,66,27,39,226,12,214,22.602739726027394,9.246575342465754,13.356164383561644,77.3972602739726,4.10958904109589,73.28767123287672
E00038048,234,85,48,37,149,10,139,36.324786324786324,20.51282051282051,15.81196581196581,63.67521367521367,4.273504273504273,59.401709401709404
E00038049,287,67,27,40,220,14,206,23.34494773519164,9.40766550522648,13.937282229965156,76.65505226480836,4.878048780487805,71.77700348432056
E00038050,219,67,37,30,152,10,142,30.59360730593607,16.894977168949772,13.698630136986301,69.40639269406392,4.5662100456621,64.84018264840182
E00038051,251,77,48,29,174,17,157,30.677290836653388,19.12350597609562,11.553784860557768,69.32270916334662,6.772908366533864,62.54980079681275
E00038052,374,67,31,36,307,27,280,17.914438502673796,8.288770053475936,9.62566844919786,82.0855614973262,7.219251336898395,74.8663101604278
E00038053,311,61,30,31,250,16,234,19.614147909967848,9.646302250803858,9.967845659163988,80.38585209003215,5.144694533762058,75.2411575562701
E00038054,217,39,19,20,178,15,163,17.972350230414747,8.755760368663594,9.216589861751153,82.02764976958525,6.912442396313365,75.11520737327189
E00038055,343,78,34,44,265,18,247,22.740524781341108,9.912536443148689,12.82798833819242,77.25947521865889,5.247813411078718,72.01166180758017
E00038056,320,94,47,47,226,19,207,29.375,14.6875,14.6875,70.625,5.9375,64.6875
E00038057,313,59,40,19,254,21,233,18.849840255591054,12.779552715654951,6.070287539936102,81.15015974440894,6.7092651757188495,74.4408945686901
E00038058,294,47,19,28,247,17,230,15.98639455782313,6.462585034013606,9.523809523809524,84.01360544217688,5.782312925170068,78.2312925170068
E00038059,359,68,38,30,291,11,280,18.94150417827298,10.584958217270195,8.356545961002785,81.05849582172702,3.064066852367688,77.99442896935933
E00038060,283,60,23,37,223,18,205,21.20141342756184,8.12720848056537,13.074204946996467,78.79858657243817,6.36042402826855,72.43816254416961
E00038061,314,59,26,33,255,19,236,18.789808917197455,8.280254777070063,10.509554140127388,81.21019108280255,6.050955414012739,75.15923566878982
E00038062,287,117,75,42,170,23,147,40.76655052264808,26.132404181184672,14.634146341463413,59.23344947735192,8.013937282229964,51.21951219512195
E00038063,341,60,28,32,281,20,261,17.595307917888565,8.211143695014663,9.3841642228739,82.40469208211144,5.865102639296188,76.53958944281524
E00038064,154,18,11,7,136,15,121,11.688311688311687,7.142857142857142,4.545454545454546,88.31168831168831,9.740259740259742,78.57142857142857
E00038065,334,56,26,30,278,28,250,16.766467065868262,7.784431137724551,8.982035928143713,83.23353293413174,8.383233532934131,74.8502994011976
E00038066,254,64,36,28,190,15,175,25.196850393700785,14.173228346456693,11.023622047244094,74.80314960629921,5.905511811023622,68.89763779527559
E00038067,249,64,29,35,185,21,164,25.702811244979916,11.646586345381527,14.056224899598394,74.29718875502009,8.433734939759036,65.86345381526104
E00038068,329,56,23,33,273,23,250,17.02127659574468,6.990881458966565,10.030395136778116,82.97872340425532,6.990881458966565,75.98784194528876
E00038069,321,76,39,37,245,18,227,23.67601246105919,12.149532710280374,11.526479750778815,76.32398753894081,5.607476635514018,70.7165109034268
E00038070,301,60,27,33,241,21,220,19.93355481727575,8.970099667774086,10.96345514950166,80.06644518272425,6.976744186046512,73.08970099667775
E00038071,306,46,20,26,260,21,239,15.032679738562091,6.535947712418301,8.49673202614379,84.9673202614379,6.862745098039216,78.10457516339869
E00038072,267,66,29,37,201,20,181,24.719101123595504,10.861423220973784,13.857677902621724,75.28089887640449,7.490636704119851,67.79026217228464
E00038073,283,63,23,40,220,20,200,22.261484098939928,8.12720848056537,14.13427561837456,77.73851590106007,7.06713780918728,70.6713780918728
E00038074,318,84,40,44,234,26,208,26.41509433962264,12.578616352201259,13.836477987421384,73.58490566037736,8.176100628930817,65.40880503144653
E00038075,275,48,22,26,227,18,209,17.454545454545457,8,9.454545454545455,82.54545454545455,6.545454545454546,76
E00038076,295,84,37,47,211,18,193,28.474576271186443,12.54237288135593,15.932203389830507,71.52542372881356,6.101694915254238,65.42372881355932
E00038077,300,59,40,19,241,14,227,19.666666666666664,13.333333333333334,6.333333333333334,80.33333333333333,4.666666666666667,75.66666666666667
E00038078,226,71,31,40,155,12,143,31.41592920353982,13.716814159292035,17.699115044247787,68.58407079646017,5.3097345132743365,63.27433628318584
E00038080,299,58,35,23,241,16,225,19.39799331103679,11.705685618729097,7.6923076923076925,80.60200668896321,5.351170568561873,75.25083612040135
E00038081,264,42,21,21,222,22,200,15.909090909090908,7.954545454545454,7.954545454545454,84.0909090909091,8.333333333333332,75.75757575757575
E00038082,319,72,27,45,247,22,225,22.570532915360502,8.463949843260188,14.106583072100312,77.4294670846395,6.896551724137931,70.53291536050156
E00038083,292,51,16,35,241,32,209,17.465753424657535,5.47945205479452,11.986301369863012,82.53424657534246,10.95890410958904,71.57534246575342
E00038084,275,44,17,27,231,11,220,16,6.181818181818182,9.818181818181818,84,4,80
E00038085,354,64,28,36,290,21,269,18.07909604519774,7.909604519774012,10.16949152542373,81.92090395480226,5.932203389830509,75.98870056497175
E00038086,312,59,22,37,253,19,234,18.91025641025641,7.051282051282051,11.858974358974358,81.08974358974359,6.089743589743589,75
E00038087,309,62,24,38,247,19,228,20.06472491909385,7.766990291262135,12.297734627831716,79.93527508090615,6.148867313915858,73.7864077669903
E00038088,457,51,26,25,406,42,364,11.159737417943107,5.689277899343545,5.470459518599562,88.8402625820569,9.190371991247265,79.64989059080962
E00038089,263,66,34,32,197,10,187,25.09505703422053,12.927756653992395,12.167300380228136,74.90494296577947,3.802281368821293,71.10266159695817
E00038090,236,46,14,32,190,14,176,19.491525423728813,5.932203389830509,13.559322033898304,80.50847457627118,5.932203389830509,74.57627118644068
E00038091,385,67,36,31,318,21,297,17.402597402597404,9.35064935064935,8.051948051948052,82.5974025974026,5.454545454545454,77.14285714285715
E00038092,287,52,26,26,235,11,224,18.118466898954704,9.059233449477352,9.059233449477352,81.8815331010453,3.8327526132404177,78.04878048780488
E00038093,305,62,29,33,243,13,230,20.327868852459016,9.508196721311474,10.819672131147541,79.67213114754098,4.2622950819672125,75.40983606557377
E00038094,256,43,15,28,213,19,194,16.796875,5.859375,10.9375,83.203125,7.421875,75.78125
E00038095,222,56,27,29,166,8,158,25.225225225225223,12.162162162162163,13.063063063063062,74.77477477477478,3.6036036036036037,71.17117117117117
E00038096,250,55,24,31,195,21,174,22,9.6,12.4,78,8.4,69.6
E00038097,269,72,34,38,197,18,179,26.765799256505574,12.639405204460965,14.12639405204461,73.23420074349443,6.691449814126393,66.54275092936803
E00038098,163,23,7,16,140,14,126,14.11042944785276,4.294478527607362,9.815950920245399,85.88957055214725,8.588957055214724,77.30061349693251
E00038099,359,67,32,35,292,23,269,18.662952646239557,8.913649025069638,9.749303621169917,81.33704735376045,6.406685236768802,74.93036211699165
E00038100,352,80,33,47,272,25,247,22.727272727272727,9.375,13.352272727272727,77.27272727272727,7.1022727272727275,70.17045454545455
E00038101,304,54,13,41,250,25,225,17.763157894736842,4.276315789473684,13.486842105263158,82.23684210526315,8.223684210526317,74.01315789473685
E00038102,226,92,35,57,134,12,122,40.707964601769916,15.486725663716813,25.221238938053098,59.29203539823009,5.3097345132743365,53.98230088495575
E00038103,223,52,20,32,171,19,152,23.318385650224215,8.968609865470851,14.349775784753364,76.68161434977578,8.520179372197308,68.16143497757847
E00038104,260,55,23,32,205,13,192,21.153846153846153,8.846153846153847,12.307692307692308,78.84615384615384,5,73.84615384615385
E00038105,347,94,41,53,253,29,224,27.089337175792505,11.815561959654179,15.273775216138327,72.91066282420749,8.357348703170029,64.55331412103746
E00038107,308,53,21,32,255,15,240,17.20779220779221,6.8181818181818175,10.38961038961039,82.79220779220779,4.870129870129871,77.92207792207793
E00038108,308,52,27,25,256,26,230,16.883116883116884,8.766233766233766,8.116883116883116,83.11688311688312,8.441558441558442,74.67532467532467
E00038109,326,79,30,49,247,13,234,24.233128834355828,9.202453987730062,15.030674846625766,75.76687116564416,3.9877300613496933,71.77914110429448
E00038112,286,57,26,31,229,14,215,19.93006993006993,9.090909090909092,10.839160839160838,80.06993006993007,4.895104895104895,75.17482517482517
E00038113,314,58,28,30,256,14,242,18.471337579617835,8.9171974522293,9.554140127388536,81.52866242038218,4.45859872611465,77.07006369426752
E00038114,262,62,39,23,200,17,183,23.66412213740458,14.885496183206106,8.778625954198473,76.33587786259542,6.488549618320611,69.8473282442748
E00038115,352,82,34,48,270,27,243,23.295454545454543,9.659090909090908,13.636363636363635,76.70454545454545,7.670454545454546,69.0340909090909
E00038116,277,60,33,27,217,15,202,21.660649819494584,11.913357400722022,9.747292418772563,78.33935018050542,5.415162454873646,72.92418772563177
E00038117,305,52,15,37,253,21,232,17.04918032786885,4.918032786885246,12.131147540983607,82.95081967213115,6.885245901639345,76.0655737704918
E00038118,210,58,35,23,152,16,136,27.61904761904762,16.666666666666664,10.952380952380953,72.38095238095238,7.6190476190476195,64.76190476190476
E00038120,327,37,17,20,290,28,262,11.314984709480122,5.198776758409786,6.116207951070336,88.68501529051987,8.56269113149847,80.1223241590214
E00038121,305,60,20,40,245,20,225,19.672131147540984,6.557377049180328,13.114754098360656,80.32786885245902,6.557377049180328,73.77049180327869
E00038122,310,40,16,24,270,26,244,12.903225806451612,5.161290322580645,7.741935483870968,87.09677419354838,8.38709677419355,78.70967741935485
E00038123,280,107,71,36,173,10,163,38.21428571428571,25.357142857142854,12.857142857142856,61.78571428571429,3.571428571428571,58.214285714285715
E00038124,332,71,33,38,261,22,239,21.385542168674696,9.939759036144578,11.44578313253012,78.6144578313253,6.626506024096386,71.98795180722891
E00038125,268,40,11,29,228,32,196,14.925373134328357,4.104477611940299,10.820895522388058,85.07462686567165,11.940298507462686,73.13432835820896
E00038126,307,29,11,18,278,31,247,9.446254071661238,3.5830618892508146,5.863192182410423,90.55374592833876,10.097719869706841,80.45602605863192
E00038127,299,47,18,29,252,22,230,15.719063545150503,6.0200668896321075,9.698996655518394,84.2809364548495,7.357859531772576,76.92307692307693
E00038128,178,76,43,33,102,7,95,42.69662921348314,24.15730337078652,18.53932584269663,57.30337078651685,3.932584269662921,53.37078651685393
E00038129,344,51,23,28,293,24,269,14.825581395348838,6.686046511627906,8.13953488372093,85.17441860465115,6.976744186046512,78.19767441860465
E00038130,340,46,16,30,294,36,258,13.529411764705882,4.705882352941177,8.823529411764707,86.47058823529412,10.588235294117647,75.88235294117646
E00038131,277,53,18,35,224,28,196,19.133574007220215,6.4981949458483745,12.63537906137184,80.86642599277978,10.108303249097473,70.7581227436823
E00038132,236,79,33,46,157,8,149,33.47457627118644,13.983050847457626,19.491525423728813,66.52542372881356,3.389830508474576,63.13559322033898
E00038133,252,63,29,34,189,15,174,25,11.507936507936508,13.492063492063492,75,5.952380952380952,69.04761904761905
E00038134,269,62,24,38,207,17,190,23.04832713754647,8.921933085501859,14.12639405204461,76.95167286245353,6.319702602230483,70.63197026022306
E00038135,286,42,23,19,244,14,230,14.685314685314685,8.041958041958042,6.643356643356643,85.3146853146853,4.895104895104895,80.41958041958041
E00038136,261,40,13,27,221,25,196,15.32567049808429,4.980842911877394,10.344827586206897,84.67432950191571,9.578544061302683,75.09578544061303
E00038137,239,52,29,23,187,19,168,21.75732217573222,12.133891213389122,9.623430962343097,78.24267782426779,7.949790794979079,70.29288702928869
E00038138,246,67,38,29,179,16,163,27.235772357723576,15.447154471544716,11.788617886178862,72.76422764227642,6.504065040650407,66.26016260162602
E00038139,353,50,18,32,303,15,288,14.164305949008499,5.099150141643059,9.06515580736544,85.8356940509915,4.2492917847025495,81.58640226628894
E00038140,308,57,25,32,251,30,221,18.506493506493506,8.116883116883116,10.38961038961039,81.4935064935065,9.740259740259742,71.75324675324676
E00038141,313,52,22,30,261,22,239,16.61341853035144,7.0287539936102235,9.584664536741213,83.38658146964856,7.0287539936102235,76.35782747603834
E00038142,358,75,40,35,283,23,260,20.949720670391063,11.1731843575419,9.776536312849162,79.05027932960894,6.424581005586592,72.62569832402235
E00038143,278,68,32,36,210,15,195,24.46043165467626,11.510791366906476,12.949640287769784,75.53956834532374,5.39568345323741,70.14388489208633
E00038144,330,75,29,46,255,21,234,22.727272727272727,8.787878787878787,13.939393939393941,77.27272727272727,6.363636363636363,70.9090909090909
E00038145,269,59,30,29,210,18,192,21.933085501858738,11.152416356877323,10.780669144981413,78.06691449814126,6.691449814126393,71.37546468401487
E00038146,260,62,24,38,198,25,173,23.846153846153847,9.230769230769232,14.615384615384617,76.15384615384615,9.615384615384617,66.53846153846153
E00038147,389,61,25,36,328,26,302,15.681233933161954,6.426735218508997,9.254498714652955,84.31876606683805,6.683804627249357,77.6349614395887
E00038148,367,51,16,35,316,16,300,13.896457765667575,4.35967302452316,9.536784741144414,86.10354223433242,4.35967302452316,81.74386920980926
E00038149,302,54,29,25,248,26,222,17.880794701986755,9.602649006622517,8.27814569536424,82.11920529801324,8.609271523178808,73.50993377483444
E00038150,343,48,21,27,295,11,284,13.994169096209912,6.122448979591836,7.871720116618077,86.0058309037901,3.206997084548105,82.79883381924198
E00038151,325,57,37,20,268,11,257,17.53846153846154,11.384615384615385,6.153846153846154,82.46153846153847,3.3846153846153846,79.07692307692308
E00038152,382,64,21,43,318,30,288,16.75392670157068,5.49738219895288,11.2565445026178,83.24607329842932,7.853403141361256,75.39267015706807
E00038153,225,35,14,21,190,20,170,15.555555555555555,6.222222222222222,9.333333333333334,84.44444444444444,8.88888888888889,75.55555555555556
E00038154,267,55,34,21,212,15,197,20.59925093632959,12.734082397003746,7.865168539325842,79.40074906367042,5.617977528089887,73.78277153558052
E00038155,372,58,36,22,314,10,304,15.591397849462366,9.67741935483871,5.913978494623656,84.40860215053763,2.6881720430107525,81.72043010752688
E00038156,322,55,29,26,267,16,251,17.080745341614907,9.006211180124224,8.074534161490684,82.91925465838509,4.968944099378882,77.95031055900621
E00038157,290,39,14,25,251,11,240,13.448275862068964,4.827586206896552,8.620689655172415,86.55172413793103,3.793103448275862,82.75862068965517
E00038158,367,35,14,21,332,14,318,9.536784741144414,3.8147138964577656,5.722070844686648,90.46321525885558,3.8147138964577656,86.64850136239782
E00038159,280,59,30,29,221,21,200,21.071428571428573,10.714285714285714,10.357142857142858,78.92857142857143,7.5,71.42857142857143
E00038160,415,61,22,39,354,17,337,14.698795180722893,5.301204819277109,9.397590361445783,85.3012048192771,4.096385542168675,81.20481927710843
E00038161,1056,478,187,291,578,76,502,45.265151515151516,17.708333333333336,27.556818181818183,54.734848484848484,7.196969696969697,47.53787878787879
E00038162,253,54,23,31,199,14,185,21.34387351778656,9.090909090909092,12.25296442687747,78.65612648221344,5.533596837944664,73.12252964426878
E00038163,206,55,30,25,151,13,138,26.699029126213592,14.563106796116504,12.135922330097088,73.30097087378641,6.310679611650485,66.99029126213593
E00038164,355,77,36,41,278,11,267,21.69014084507042,10.140845070422536,11.549295774647888,78.30985915492957,3.0985915492957745,75.21126760563381
E00038165,314,48,20,28,266,8,258,15.286624203821656,6.369426751592357,8.9171974522293,84.71337579617835,2.547770700636943,82.16560509554141
E00038166,280,39,14,25,241,7,234,13.928571428571429,5,8.928571428571429,86.07142857142858,2.5,83.57142857142857
E00038167,325,69,40,29,256,11,245,21.23076923076923,12.307692307692308,8.923076923076923,78.76923076923077,3.3846153846153846,75.38461538461539
E00038168,339,51,25,26,288,14,274,15.04424778761062,7.374631268436578,7.669616519174041,84.95575221238938,4.129793510324483,80.8259587020649
E00038169,287,58,27,31,229,9,220,20.209059233449477,9.40766550522648,10.801393728222997,79.79094076655052,3.1358885017421603,76.65505226480836
E00038170,224,52,21,31,172,13,159,23.214285714285715,9.375,13.839285714285715,76.78571428571429,5.803571428571429,70.98214285714286
E00038171,213,67,33,34,146,7,139,31.455399061032864,15.492957746478872,15.96244131455399,68.54460093896714,3.286384976525822,65.25821596244131
E00038172,301,52,21,31,249,6,243,17.275747508305646,6.976744186046512,10.299003322259136,82.72425249169434,1.9933554817275747,80.73089700996677
E00038173,426,56,21,35,370,15,355,13.145539906103288,4.929577464788732,8.215962441314554,86.85446009389672,3.5211267605633805,83.33333333333334
E00038174,284,36,20,16,248,15,233,12.676056338028168,7.042253521126761,5.633802816901409,87.32394366197182,5.28169014084507,82.04225352112677
E00038175,290,39,19,20,251,12,239,13.448275862068964,6.551724137931035,6.896551724137931,86.55172413793103,4.137931034482759,82.41379310344827
E00038177,175,70,44,26,105,13,92,40,25.142857142857146,14.857142857142858,60,7.428571428571429,52.57142857142857
E00038179,198,72,33,39,126,9,117,36.36363636363637,16.666666666666664,19.696969696969695,63.63636363636363,4.545454545454546,59.09090909090909
E00038180,266,30,11,19,236,23,213,11.278195488721805,4.135338345864661,7.142857142857142,88.7218045112782,8.646616541353383,80.07518796992481
E00038181,223,89,47,42,134,13,121,39.91031390134529,21.076233183856502,18.83408071748879,60.0896860986547,5.829596412556054,54.26008968609865
E00038182,277,43,17,26,234,19,215,15.523465703971121,6.137184115523466,9.386281588447654,84.47653429602889,6.859205776173286,77.6173285198556
E00038183,327,49,20,29,278,23,255,14.984709480122325,6.116207951070336,8.868501529051988,85.01529051987767,7.033639143730887,77.98165137614679
E00038184,346,69,28,41,277,17,260,19.942196531791907,8.092485549132949,11.849710982658959,80.05780346820809,4.913294797687861,75.14450867052022
E00038185,255,55,28,27,200,11,189,21.568627450980394,10.980392156862745,10.588235294117647,78.43137254901961,4.313725490196078,74.11764705882354
E00038186,255,49,22,27,206,9,197,19.215686274509807,8.627450980392156,10.588235294117647,80.7843137254902,3.5294117647058822,77.25490196078432
E00038187,439,93,41,52,346,24,322,21.184510250569478,9.339407744874716,11.845102505694761,78.81548974943053,5.466970387243736,73.34851936218679
E00038188,240,106,68,38,134,14,120,44.166666666666664,28.333333333333332,15.833333333333332,55.833333333333336,5.833333333333333,50
E00038189,240,48,24,24,192,19,173,20,10,10,80,7.916666666666666,72.08333333333333
E00038190,220,60,22,38,160,12,148,27.27272727272727,10,17.272727272727273,72.72727272727273,5.454545454545454,67.27272727272727
E00038191,389,87,43,44,302,19,283,22.36503856041131,11.053984575835475,11.311053984575835,77.6349614395887,4.884318766066838,72.75064267352185
E00038192,283,51,25,26,232,21,211,18.021201413427562,8.8339222614841,9.187279151943462,81.97879858657244,7.420494699646643,74.55830388692578
E00038193,408,81,42,39,327,19,308,19.852941176470587,10.294117647058822,9.558823529411764,80.14705882352942,4.6568627450980395,75.49019607843137
E00038194,278,73,37,36,205,15,190,26.258992805755394,13.309352517985612,12.949640287769784,73.7410071942446,5.39568345323741,68.34532374100719
E00038196,341,69,41,28,272,12,260,20.234604105571847,12.023460410557185,8.211143695014663,79.76539589442815,3.519061583577713,76.24633431085044
E00038197,286,87,60,27,199,3,196,30.419580419580424,20.97902097902098,9.44055944055944,69.58041958041959,1.048951048951049,68.53146853146853
E00038198,299,79,37,42,220,19,201,26.421404682274247,12.37458193979933,14.046822742474916,73.57859531772574,6.354515050167224,67.22408026755853
E00038199,264,80,49,31,184,16,168,30.303030303030305,18.560606060606062,11.742424242424242,69.6969696969697,6.0606060606060606,63.63636363636363
E00038200,270,91,53,38,179,12,167,33.7037037037037,19.62962962962963,14.074074074074074,66.2962962962963,4.444444444444445,61.85185185185185
E00038202,343,77,28,49,266,20,246,22.448979591836736,8.16326530612245,14.285714285714285,77.55102040816327,5.830903790087463,71.7201166180758
E00038203,234,97,54,43,137,13,124,41.452991452991455,23.076923076923077,18.37606837606838,58.54700854700855,5.555555555555555,52.991452991452995
E00038204,300,118,76,42,182,14,168,39.33333333333333,25.333333333333336,14.000000000000002,60.66666666666667,4.666666666666667,56.00000000000001
E00038205,324,84,45,39,240,17,223,25.925925925925924,13.88888888888889,12.037037037037036,74.07407407407408,5.246913580246913,68.82716049382715
E00038206,250,82,57,25,168,5,163,32.800000000000004,22.8,10,67.2,2,65.2
E00038207,308,68,35,33,240,10,230,22.07792207792208,11.363636363636363,10.714285714285714,77.92207792207793,3.2467532467532463,74.67532467532467
E00038208,307,65,35,30,242,20,222,21.172638436482085,11.400651465798045,9.77198697068404,78.82736156351791,6.514657980456026,72.31270358306189
E00038209,316,51,23,28,265,22,243,16.139240506329113,7.2784810126582276,8.860759493670885,83.86075949367088,6.962025316455696,76.89873417721519
E00038210,222,76,41,35,146,10,136,34.234234234234236,18.46846846846847,15.765765765765765,65.76576576576578,4.504504504504505,61.261261261261254
E00038211,379,106,61,45,273,18,255,27.96833773087071,16.094986807387862,11.87335092348285,72.0316622691293,4.749340369393139,67.28232189973615
E00038212,307,67,29,38,240,19,221,21.824104234527688,9.446254071661238,12.37785016286645,78.17589576547232,6.188925081433225,71.9869706840391
E00038213,293,67,25,42,226,19,207,22.866894197952217,8.532423208191126,14.334470989761092,77.13310580204778,6.484641638225256,70.64846416382252
E00038214,306,59,28,31,247,24,223,19.28104575163399,9.15032679738562,10.130718954248366,80.71895424836602,7.8431372549019605,72.87581699346404
E00038215,293,64,36,28,229,14,215,21.843003412969285,12.286689419795222,9.556313993174061,78.15699658703072,4.778156996587031,73.37883959044369
E00038216,299,68,39,29,231,21,210,22.74247491638796,13.043478260869565,9.698996655518394,77.25752508361204,7.023411371237458,70.23411371237458
E00038217,251,77,36,41,174,14,160,30.677290836653388,14.342629482071715,16.334661354581673,69.32270916334662,5.577689243027888,63.745019920318725
E00038218,265,55,23,32,210,17,193,20.754716981132077,8.679245283018867,12.075471698113208,79.24528301886792,6.415094339622642,72.83018867924528
E00038219,329,68,30,38,261,15,246,20.66869300911854,9.118541033434651,11.55015197568389,79.33130699088146,4.5592705167173255,74.77203647416414
E00038220,334,83,40,43,251,20,231,24.850299401197603,11.976047904191617,12.874251497005988,75.1497005988024,5.9880239520958085,69.16167664670658
E00038221,297,79,43,36,218,15,203,26.599326599326602,14.47811447811448,12.121212121212121,73.4006734006734,5.05050505050505,68.35016835016835
E00038222,245,51,26,25,194,17,177,20.816326530612244,10.612244897959183,10.204081632653061,79.18367346938776,6.938775510204081,72.24489795918367
E00038223,319,72,41,31,247,11,236,22.570532915360502,12.852664576802509,9.717868338557993,77.4294670846395,3.4482758620689653,73.98119122257053
E00038224,359,79,34,45,280,20,260,22.00557103064067,9.47075208913649,12.534818941504177,77.99442896935933,5.571030640668524,72.42339832869081
E00038225,249,78,43,35,171,15,156,31.32530120481928,17.269076305220885,14.056224899598394,68.67469879518072,6.024096385542169,62.65060240963856
E00038226,335,75,45,30,260,14,246,22.388059701492537,13.432835820895523,8.955223880597014,77.61194029850746,4.179104477611941,73.43283582089552
E00038227,337,53,27,26,284,25,259,15.727002967359049,8.011869436201781,7.71513353115727,84.27299703264094,7.418397626112759,76.8545994065282
E00038228,270,55,32,23,215,11,204,20.37037037037037,11.851851851851853,8.518518518518519,79.62962962962963,4.074074074074074,75.55555555555556
E00038229,256,136,104,32,120,6,114,53.125,40.625,12.5,46.875,2.34375,44.53125
E00038230,357,83,50,33,274,24,250,23.249299719887954,14.005602240896359,9.243697478991598,76.75070028011206,6.722689075630252,70.02801120448179
E00038231,268,70,43,27,198,12,186,26.119402985074625,16.044776119402986,10.074626865671641,73.88059701492537,4.477611940298507,69.40298507462687
E00038232,275,84,35,49,191,8,183,30.545454545454547,12.727272727272727,17.81818181818182,69.45454545454545,2.909090909090909,66.54545454545455
E00038233,316,52,24,28,264,18,246,16.455696202531644,7.59493670886076,8.860759493670885,83.54430379746836,5.69620253164557,77.84810126582279
E00038234,276,85,54,31,191,20,171,30.79710144927536,19.565217391304348,11.231884057971014,69.20289855072464,7.246376811594203,61.95652173913043
E00038235,317,72,35,37,245,19,226,22.71293375394322,11.041009463722396,11.67192429022082,77.28706624605678,5.993690851735016,71.29337539432177
E00038236,325,118,63,55,207,13,194,36.30769230769231,19.384615384615383,16.923076923076923,63.69230769230769,4,59.692307692307686
E00038238,218,21,12,9,197,9,188,9.63302752293578,5.5045871559633035,4.128440366972478,90.36697247706422,4.128440366972478,86.23853211009175
E00038239,336,55,22,33,281,24,257,16.36904761904762,6.547619047619048,9.821428571428571,83.63095238095238,7.142857142857142,76.48809523809523
E00038240,273,53,20,33,220,30,190,19.413919413919416,7.326007326007327,12.087912087912088,80.58608058608058,10.989010989010989,69.59706959706959
E00038241,279,82,45,37,197,16,181,29.39068100358423,16.129032258064516,13.261648745519713,70.60931899641577,5.734767025089606,64.87455197132617
E00038242,240,50,22,28,190,10,180,20.833333333333336,9.166666666666666,11.666666666666666,79.16666666666666,4.166666666666666,75
E00038243,297,70,24,46,227,20,207,23.56902356902357,8.080808080808081,15.488215488215488,76.43097643097643,6.7340067340067336,69.6969696969697
E00038244,298,60,30,30,238,19,219,20.13422818791946,10.06711409395973,10.06711409395973,79.86577181208054,6.375838926174497,73.48993288590604
E00038245,303,61,29,32,242,21,221,20.13201320132013,9.570957095709572,10.561056105610561,79.86798679867987,6.9306930693069315,72.93729372937293
E00038246,308,70,32,38,238,12,226,22.727272727272727,10.38961038961039,12.337662337662337,77.27272727272727,3.896103896103896,73.37662337662337
E00038247,230,122,80,42,108,12,96,53.04347826086957,34.78260869565217,18.26086956521739,46.95652173913044,5.217391304347826,41.73913043478261
E00038248,291,62,23,39,229,14,215,21.305841924398624,7.903780068728522,13.402061855670103,78.69415807560138,4.810996563573884,73.8831615120275
E00038249,296,60,26,34,236,20,216,20.27027027027027,8.783783783783784,11.486486486486488,79.72972972972973,6.756756756756757,72.97297297297297
E00038250,312,90,34,56,222,13,209,28.846153846153843,10.897435897435898,17.94871794871795,71.15384615384616,4.166666666666666,66.98717948717949
E00038251,265,79,34,45,186,17,169,29.81132075471698,12.830188679245284,16.9811320754717,70.18867924528301,6.415094339622642,63.77358490566037
E00038253,339,75,27,48,264,16,248,22.123893805309734,7.964601769911504,14.15929203539823,77.87610619469027,4.71976401179941,73.15634218289085
E00038254,258,46,21,25,212,12,200,17.829457364341085,8.13953488372093,9.689922480620156,82.17054263565892,4.651162790697675,77.51937984496125
E00038255,370,79,42,37,291,21,270,21.35135135135135,11.351351351351353,10,78.64864864864865,5.675675675675676,72.97297297297297
E00038256,290,56,24,32,234,20,214,19.310344827586206,8.275862068965518,11.03448275862069,80.6896551724138,6.896551724137931,73.79310344827587
E00038257,290,80,44,36,210,10,200,27.586206896551722,15.172413793103448,12.413793103448276,72.41379310344827,3.4482758620689653,68.96551724137932
E00038258,318,65,36,29,253,19,234,20.440251572327046,11.320754716981133,9.119496855345911,79.55974842767296,5.9748427672955975,73.58490566037736
E00038259,374,85,46,39,289,19,270,22.727272727272727,12.299465240641712,10.427807486631016,77.27272727272727,5.080213903743315,72.19251336898395
E00038260,324,67,37,30,257,25,232,20.679012345679013,11.419753086419753,9.25925925925926,79.32098765432099,7.716049382716049,71.60493827160494
E00038261,275,73,39,34,202,10,192,26.545454545454543,14.181818181818182,12.363636363636363,73.45454545454545,3.6363636363636362,69.81818181818183
E00038262,218,40,12,28,178,16,162,18.34862385321101,5.5045871559633035,12.844036697247708,81.65137614678899,7.339449541284404,74.31192660550458
E00038263,255,66,38,28,189,19,170,25.882352941176475,14.901960784313726,10.980392156862745,74.11764705882354,7.450980392156863,66.66666666666666
E00038264,293,56,24,32,237,32,205,19.112627986348123,8.19112627986348,10.921501706484642,80.88737201365188,10.921501706484642,69.96587030716724
E00038265,265,48,30,18,217,13,204,18.11320754716981,11.320754716981133,6.7924528301886795,81.88679245283019,4.905660377358491,76.9811320754717
E00038266,239,38,9,29,201,13,188,15.899581589958158,3.765690376569038,12.133891213389122,84.10041841004184,5.439330543933055,78.66108786610879
E00038267,227,55,25,30,172,16,156,24.229074889867842,11.013215859030836,13.215859030837004,75.77092511013215,7.048458149779736,68.72246696035242
E00038268,222,47,18,29,175,18,157,21.17117117117117,8.108108108108109,13.063063063063062,78.82882882882883,8.108108108108109,70.72072072072072
E00038269,378,63,26,37,315,17,298,16.666666666666664,6.878306878306878,9.788359788359788,83.33333333333334,4.497354497354497,78.83597883597884
E00038270,316,45,20,25,271,30,241,14.240506329113925,6.329113924050633,7.9113924050632916,85.75949367088607,9.49367088607595,76.26582278481013
E00038271,359,56,19,37,303,28,275,15.598885793871867,5.2924791086350975,10.30640668523677,84.40111420612814,7.7994428969359335,76.6016713091922
E00038272,382,74,33,41,308,34,274,19.3717277486911,8.638743455497382,10.732984293193718,80.6282722513089,8.900523560209423,71.72774869109948
E00038273,285,62,26,36,223,24,199,21.75438596491228,9.12280701754386,12.631578947368421,78.24561403508771,8.421052631578947,69.82456140350877
E00038274,346,51,18,33,295,23,272,14.739884393063585,5.202312138728324,9.53757225433526,85.26011560693641,6.6473988439306355,78.61271676300578
E00038275,309,66,40,26,243,16,227,21.35922330097087,12.944983818770226,8.414239482200648,78.64077669902912,5.177993527508091,73.46278317152104
E00038276,330,84,51,33,246,30,216,25.454545454545453,15.454545454545453,10,74.54545454545455,9.090909090909092,65.45454545454545
E00038277,311,56,22,34,255,24,231,18.006430868167204,7.07395498392283,10.932475884244374,81.9935691318328,7.717041800643088,74.27652733118971
E00038278,304,55,26,29,249,22,227,18.092105263157894,8.552631578947368,9.539473684210527,81.9078947368421,7.236842105263158,74.67105263157895
E00038279,307,46,19,27,261,15,246,14.983713355048861,6.188925081433225,8.794788273615636,85.01628664495115,4.88599348534202,80.13029315960912
E00038280,267,86,50,36,181,19,162,32.20973782771536,18.726591760299627,13.48314606741573,67.79026217228464,7.116104868913857,60.67415730337079
E00038281,343,81,39,42,262,27,235,23.61516034985423,11.370262390670554,12.244897959183673,76.38483965014578,7.871720116618077,68.5131195335277
E00038282,359,61,21,40,298,34,264,16.991643454038996,5.8495821727019495,11.142061281337048,83.008356545961007,9.47075208913649,73.53760445682451
E00038283,493,79,30,49,414,33,381,16.024340770791078,6.085192697768763,9.939148073022313,83.97565922920892,6.693711967545639,77.28194726166329
E00038284,270,77,44,33,193,9,184,28.51851851851852,16.296296296296298,12.222222222222221,71.48148148148148,3.3333333333333335,68.14814814814815
E00038285,265,62,28,34,203,23,180,23.39622641509434,10.566037735849058,12.830188679245284,76.60377358490567,8.679245283018867,67.9245283018868
E00038286,293,67,32,35,226,20,206,22.866894197952217,10.921501706484642,11.945392491467576,77.13310580204778,6.825938566552901,70.30716723549489
E00038287,278,42,24,18,236,19,217,15.107913669064748,8.633093525179856,6.474820143884892,84.89208633093526,6.83453237410072,78.05755395683454
E00038288,303,69,36,33,234,22,212,22.772277227722775,11.881188118811881,10.891089108910892,77.22772277227723,7.2607260726072615,69.96699669966998
E00038289,512,65,31,34,447,33,414,12.6953125,6.0546875,6.640625,87.3046875,6.4453125,80.859375
E00038290,562,122,51,71,440,30,410,21.70818505338078,9.07473309608541,12.633451957295375,78.29181494661923,5.338078291814947,72.95373665480427
E00038291,278,49,21,28,229,40,189,17.62589928057554,7.553956834532374,10.071942446043165,82.37410071942446,14.388489208633093,67.98561151079137
E00038292,267,65,27,38,202,11,191,24.344569288389515,10.112359550561797,14.232209737827715,75.65543071161048,4.119850187265917,71.53558052434457
E00038293,194,75,32,43,119,16,103,38.659793814432994,16.49484536082474,22.164948453608247,61.34020618556701,8.24742268041237,53.09278350515464
E00038294,298,70,34,36,228,12,216,23.48993288590604,11.409395973154362,12.080536912751679,76.51006711409396,4.026845637583892,72.48322147651007
E00038295,312,64,27,37,248,21,227,20.51282051282051,8.653846153846153,11.858974358974358,79.48717948717949,6.730769230769231,72.75641025641025
E00038296,342,84,34,50,258,12,246,24.561403508771928,9.941520467836257,14.619883040935672,75.43859649122807,3.508771929824561,71.9298245614035
E00038297,270,74,41,33,196,18,178,27.40740740740741,15.185185185185185,12.222222222222221,72.5925925925926,6.666666666666667,65.92592592592592
E00038298,223,60,27,33,163,13,150,26.905829596412556,12.10762331838565,14.798206278026907,73.09417040358744,5.829596412556054,67.2645739910314
E00038299,245,59,24,35,186,16,170,24.081632653061224,9.795918367346939,14.285714285714285,75.91836734693878,6.530612244897959,69.38775510204081
E00038300,245,56,24,32,189,20,169,22.857142857142858,9.795918367346939,13.061224489795919,77.14285714285715,8.16326530612245,68.9795918367347
E00038301,257,64,33,31,193,15,178,24.90272373540856,12.840466926070038,12.062256809338521,75.09727626459144,5.836575875486381,69.26070038910505
E00038302,314,46,16,30,268,18,250,14.64968152866242,5.095541401273886,9.554140127388536,85.35031847133759,5.7324840764331215,79.61783439490446
E00038303,342,64,28,36,278,36,242,18.71345029239766,8.187134502923977,10.526315789473683,81.28654970760235,10.526315789473683,70.76023391812866
E00038305,264,49,26,23,215,22,193,18.560606060606062,9.848484848484848,8.712121212121213,81.43939393939394,8.333333333333332,73.10606060606061
E00038306,238,38,12,26,200,21,179,15.966386554621847,5.042016806722689,10.92436974789916,84.03361344537815,8.823529411764707,75.21008403361344
E00038307,242,57,24,33,185,15,170,23.553719008264462,9.917355371900827,13.636363636363635,76.44628099173553,6.198347107438017,70.24793388429752
E00038308,226,58,25,33,168,12,156,25.663716814159294,11.061946902654867,14.601769911504425,74.33628318584071,5.3097345132743365,69.02654867256636
E00038309,381,70,30,40,311,19,292,18.37270341207349,7.874015748031496,10.498687664041995,81.62729658792651,4.986876640419948,76.64041994750657
E00038310,217,44,9,35,173,20,153,20.276497695852534,4.147465437788019,16.129032258064516,79.72350230414746,9.216589861751153,70.50691244239631
E00038311,324,63,32,31,261,21,240,19.444444444444446,9.876543209876543,9.5679012345679,80.55555555555556,6.481481481481481,74.07407407407408
E00038312,241,44,21,23,197,15,182,18.25726141078838,8.71369294605809,9.54356846473029,81.74273858921161,6.224066390041494,75.51867219917013
E00038313,394,84,44,40,310,22,288,21.31979695431472,11.16751269035533,10.152284263959391,78.68020304568529,5.583756345177665,73.09644670050761
E00038314,423,55,29,26,368,32,336,13.002364066193852,6.8557919621749415,6.1465721040189125,86.99763593380615,7.5650118203309695,79.43262411347519
E00038315,290,69,39,30,221,16,205,23.79310344827586,13.448275862068964,10.344827586206897,76.20689655172413,5.517241379310345,70.6896551724138
E00038316,337,57,19,38,280,24,256,16.913946587537094,5.637982195845697,11.275964391691394,83.08605341246292,7.121661721068249,75.96439169139467
E00038317,385,44,16,28,341,33,308,11.428571428571429,4.1558441558441555,7.2727272727272725,88.57142857142857,8.571428571428571,80
E00038318,264,58,30,28,206,19,187,21.96969696969697,11.363636363636363,10.606060606060606,78.03030303030303,7.196969696969697,70.83333333333334
E00038319,284,63,27,36,221,18,203,22.183098591549296,9.507042253521126,12.676056338028168,77.8169014084507,6.338028169014084,71.47887323943662
E00038320,327,71,28,43,256,10,246,21.712538226299692,8.56269113149847,13.149847094801222,78.2874617737003,3.058103975535168,75.22935779816514
E00038321,366,77,34,43,289,15,274,21.03825136612022,9.289617486338798,11.748633879781421,78.96174863387978,4.098360655737705,74.86338797814209
E00038322,302,77,37,40,225,14,211,25.496688741721858,12.251655629139073,13.245033112582782,74.50331125827815,4.635761589403973,69.86754966887418
E00038323,279,70,41,29,209,16,193,25.089605734767023,14.695340501792115,10.39426523297491,74.91039426523297,5.734767025089606,69.17562724014337
E00038324,353,81,35,46,272,17,255,22.946175637393768,9.91501416430595,13.031161473087819,77.05382436260622,4.815864022662889,72.23796033994334
E00038325,305,58,20,38,247,22,225,19.01639344262295,6.557377049180328,12.459016393442624,80.98360655737706,7.213114754098362,73.77049180327869
E00038326,257,50,28,22,207,18,189,19.45525291828794,10.894941634241246,8.560311284046692,80.54474708171206,7.003891050583658,73.54085603112841
E00038327,254,86,41,45,168,7,161,33.85826771653544,16.141732283464567,17.716535433070867,66.14173228346458,2.7559055118110236,63.38582677165354
E00038328,257,62,31,31,195,17,178,24.124513618677042,12.062256809338521,12.062256809338521,75.87548638132296,6.614785992217899,69.26070038910505
E00038329,323,52,26,26,271,19,252,16.09907120743034,8.04953560371517,8.04953560371517,83.90092879256966,5.88235294117647,78.0185758513932
E00038330,284,44,21,23,240,25,215,15.492957746478872,7.394366197183098,8.098591549295776,84.50704225352112,8.80281690140845,75.70422535211267
E00038331,368,59,16,43,309,25,284,16.032608695652172,4.3478260869565215,11.684782608695652,83.96739130434783,6.7934782608695645,77.17391304347827
E00038332,310,57,30,27,253,18,235,18.387096774193548,9.67741935483871,8.709677419354838,81.61290322580645,5.806451612903226,75.80645161290323
E00038333,276,58,27,31,218,21,197,21.014492753623188,9.782608695652174,11.231884057971014,78.98550724637681,7.608695652173914,71.37681159420289
E00038334,251,80,40,40,171,11,160,31.872509960159363,15.936254980079681,15.936254980079681,68.12749003984064,4.382470119521913,63.745019920318725
E00038335,290,43,13,30,247,20,227,14.827586206896552,4.482758620689655,10.344827586206897,85.17241379310346,6.896551724137931,78.27586206896552
E00038336,253,54,25,29,199,27,172,21.34387351778656,9.881422924901186,11.462450592885375,78.65612648221344,10.67193675889328,67.98418972332016
E00038337,309,42,22,20,267,14,253,13.592233009708737,7.119741100323624,6.472491909385113,86.40776699029125,4.53074433656958,81.87702265372168
E00038338,211,60,34,26,151,7,144,28.436018957345972,16.113744075829384,12.322274881516588,71.56398104265402,3.3175355450236967,68.24644549763033
E00038339,271,40,14,26,231,16,215,14.760147601476014,5.166051660516605,9.59409594095941,85.23985239852398,5.904059040590406,79.33579335793358
E00038340,355,56,30,26,299,14,285,15.774647887323944,8.450704225352112,7.323943661971831,84.22535211267605,3.943661971830986,80.28169014084507
E00038341,299,65,37,28,234,15,219,21.73913043478261,12.37458193979933,9.364548494983277,78.26086956521739,5.016722408026756,73.24414715719062
E00038342,313,65,31,34,248,12,236,20.766773162939298,9.904153354632587,10.86261980830671,79.2332268370607,3.8338658146964857,75.39936102236422
E00038343,273,73,35,38,200,18,182,26.73992673992674,12.82051282051282,13.91941391941392,73.26007326007326,6.593406593406594,66.66666666666666
E00038344,385,89,42,47,296,35,261,23.116883116883116,10.909090909090908,12.207792207792208,76.88311688311688,9.090909090909092,67.79220779220779
E00038345,338,53,25,28,285,17,268,15.680473372781064,7.396449704142012,8.284023668639055,84.31952662721893,5.029585798816568,79.28994082840237
E00038346,339,84,43,41,255,26,229,24.778761061946902,12.684365781710916,12.094395280235988,75.22123893805309,7.669616519174041,67.55162241887905
E00038347,359,60,22,38,299,16,283,16.71309192200557,6.128133704735376,10.584958217270195,83.28690807799443,4.456824512534819,78.8300835654596
E00038348,325,75,37,38,250,20,230,23.076923076923077,11.384615384615385,11.692307692307692,76.92307692307693,6.153846153846154,70.76923076923077
E00038349,346,70,34,36,276,13,263,20.23121387283237,9.826589595375722,10.404624277456648,79.76878612716763,3.7572254335260116,76.01156069364163
E00038350,316,46,18,28,270,21,249,14.556962025316455,5.69620253164557,8.860759493670885,85.44303797468355,6.6455696202531636,78.79746835443038
E00038351,336,55,23,32,281,18,263,16.36904761904762,6.845238095238096,9.523809523809524,83.63095238095238,5.357142857142857,78.27380952380952
E00038352,298,69,30,39,229,16,213,23.154362416107382,10.06711409395973,13.087248322147651,76.84563758389261,5.369127516778524,71.47651006711409
E00038353,240,59,27,32,181,11,170,24.583333333333332,11.25,13.333333333333334,75.41666666666667,4.583333333333333,70.83333333333334
E00038354,338,57,32,25,281,24,257,16.86390532544379,9.467455621301776,7.396449704142012,83.13609467455622,7.100591715976331,76.03550295857988
E00038355,317,53,19,34,264,29,235,16.7192429022082,5.993690851735016,10.725552050473187,83.2807570977918,9.14826498422713,74.13249211356468
E00038356,257,56,29,27,201,24,177,21.78988326848249,11.284046692607005,10.505836575875486,78.21011673151752,9.33852140077821,68.8715953307393
E00038357,294,55,27,28,239,18,221,18.70748299319728,9.183673469387756,9.523809523809524,81.29251700680273,6.122448979591836,75.17006802721087
E00038358,241,81,35,46,160,12,148,33.60995850622407,14.522821576763487,19.08713692946058,66.39004149377593,4.979253112033195,61.41078838174274
E00038359,297,72,26,46,225,17,208,24.242424242424242,8.754208754208754,15.488215488215488,75.75757575757575,5.723905723905724,70.03367003367003
E00038360,226,52,22,30,174,14,160,23.008849557522122,9.734513274336283,13.274336283185843,76.99115044247787,6.1946902654867255,70.79646017699115
E00038361,267,68,34,34,199,16,183,25.468164794007492,12.734082397003746,12.734082397003746,74.53183520599251,5.992509363295881,68.53932584269663
E00038362,368,88,41,47,280,20,260,23.91304347826087,11.141304347826086,12.771739130434783,76.08695652173914,5.434782608695652,70.65217391304348
E00038363,348,95,36,59,253,11,242,27.298850574712645,10.344827586206897,16.954022988505745,72.70114942528735,3.1609195402298855,69.54022988505747
E00038364,278,69,31,38,209,11,198,24.820143884892087,11.151079136690647,13.66906474820144,75.17985611510791,3.9568345323741005,71.22302158273382
E00038365,299,60,28,32,239,17,222,20.066889632107024,9.364548494983277,10.702341137123746,79.93311036789298,5.68561872909699,74.24749163879598
E00038366,249,43,18,25,206,4,202,17.269076305220885,7.228915662650602,10.040160642570282,82.73092369477911,1.6064257028112447,81.12449799196787
E00038367,277,56,30,26,221,19,202,20.216606498194945,10.830324909747292,9.386281588447654,79.78339350180505,6.859205776173286,72.92418772563177
E00038368,337,74,33,41,263,36,227,21.958456973293767,9.792284866468842,12.166172106824925,78.04154302670622,10.682492581602373,67.35905044510386
E00038369,258,46,23,23,212,20,192,17.829457364341085,8.914728682170542,8.914728682170542,82.17054263565892,7.751937984496124,74.4186046511628
E00038370,240,60,38,22,180,27,153,25,15.833333333333332,9.166666666666666,75,11.25,63.74999999999999
E00038371,284,58,29,29,226,14,212,20.422535211267608,10.211267605633804,10.211267605633804,79.5774647887324,4.929577464788732,74.64788732394366
E00038372,223,59,23,36,164,15,149,26.45739910313901,10.31390134529148,16.143497757847534,73.54260089686099,6.726457399103139,66.81614349775785
E00038373,286,55,25,30,231,23,208,19.230769230769234,8.741258741258742,10.48951048951049,80.76923076923077,8.041958041958042,72.72727272727273
E00038374,272,66,30,36,206,21,185,24.264705882352942,11.029411764705882,13.23529411764706,75.73529411764706,7.720588235294118,68.01470588235294
E00038375,209,81,46,35,128,9,119,38.75598086124402,22.00956937799043,16.74641148325359,61.24401913875598,4.30622009569378,56.9377990430622
E00038376,303,81,36,45,222,16,206,26.732673267326735,11.881188118811881,14.85148514851485,73.26732673267327,5.2805280528052805,67.98679867986799
E00038377,236,52,23,29,184,21,163,22.033898305084744,9.745762711864407,12.288135593220339,77.96610169491525,8.898305084745763,69.0677966101695
E00038378,167,66,40,26,101,5,96,39.52095808383233,23.952095808383234,15.568862275449103,60.47904191616767,2.9940119760479043,57.48502994011976
E00038379,407,83,46,37,324,18,306,20.39312039312039,11.302211302211303,9.090909090909092,79.60687960687962,4.422604422604422,75.18427518427518
E00038380,285,82,39,43,203,15,188,28.771929824561404,13.684210526315791,15.087719298245613,71.2280701754386,5.263157894736842,65.96491228070175
E00038381,299,62,29,33,237,22,215,20.735785953177256,9.698996655518394,11.036789297658862,79.26421404682274,7.357859531772576,71.90635451505017
E00038382,262,98,61,37,164,11,153,37.404580152671755,23.282442748091604,14.122137404580155,62.59541984732825,4.198473282442748,58.396946564885496
E00038383,246,50,27,23,196,18,178,20.32520325203252,10.975609756097562,9.34959349593496,79.67479674796748,7.317073170731707,72.35772357723577
E00038384,318,91,54,37,227,20,207,28.61635220125786,16.9811320754717,11.635220125786164,71.38364779874213,6.289308176100629,65.09433962264151
E00038385,213,41,22,19,172,13,159,19.248826291079812,10.328638497652582,8.92018779342723,80.75117370892019,6.103286384976526,74.64788732394366
E00038386,374,89,48,41,285,22,263,23.796791443850267,12.834224598930483,10.962566844919785,76.20320855614973,5.88235294117647,70.32085561497327
E00038387,115,27,16,11,88,7,81,23.47826086956522,13.91304347826087,9.565217391304348,76.52173913043478,6.086956521739131,70.43478260869566
E00038388,349,76,40,36,273,24,249,21.776504297994272,11.461318051575931,10.315186246418339,78.22349570200574,6.876790830945559,71.34670487106017
E00038389,368,102,43,59,266,19,247,27.717391304347828,11.684782608695652,16.032608695652172,72.28260869565217,5.163043478260869,67.11956521739131
E00038390,254,62,26,36,192,18,174,24.409448818897637,10.236220472440944,14.173228346456693,75.59055118110236,7.086614173228346,68.50393700787401
E00038392,207,69,34,35,138,15,123,33.33333333333333,16.425120772946862,16.908212560386474,66.66666666666666,7.246376811594203,59.42028985507246
E00038393,358,84,44,40,274,9,265,23.463687150837988,12.290502793296088,11.1731843575419,76.53631284916202,2.5139664804469275,74.02234636871509
E00038394,268,76,34,42,192,22,170,28.35820895522388,12.686567164179104,15.671641791044777,71.64179104477611,8.208955223880597,63.43283582089553
E00038395,251,55,21,34,196,10,186,21.91235059760956,8.366533864541832,13.545816733067728,78.08764940239044,3.9840637450199203,74.10358565737052
E00038396,265,46,19,27,219,21,198,17.358490566037734,7.169811320754717,10.18867924528302,82.64150943396227,7.9245283018867925,74.71698113207546
E00038397,297,112,51,61,185,14,171,37.71043771043771,17.17171717171717,20.53872053872054,62.2895622895623,4.713804713804714,57.57575757575758
E00038399,300,70,36,34,230,16,214,23.333333333333332,12,11.333333333333332,76.66666666666667,5.333333333333334,71.33333333333334
E00038400,339,67,37,30,272,24,248,19.76401179941003,10.914454277286136,8.849557522123893,80.23598820058997,7.079646017699115,73.15634218289085
E00038401,209,40,19,21,169,17,152,19.138755980861244,9.090909090909092,10.047846889952153,80.86124401913875,8.133971291866029,72.72727272727273
E00038402,384,84,37,47,300,24,276,21.875,9.635416666666668,12.239583333333332,78.125,6.25,71.875
E00038403,267,54,17,37,213,32,181,20.224719101123593,6.367041198501873,13.857677902621724,79.7752808988764,11.985018726591761,67.79026217228464
E00038404,206,53,29,24,153,19,134,25.728155339805824,14.077669902912621,11.650485436893204,74.27184466019418,9.223300970873787,65.0485436893204
E00038405,276,56,28,28,220,21,199,20.28985507246377,10.144927536231885,10.144927536231885,79.71014492753623,7.608695652173914,72.10144927536231
E00038406,502,86,41,45,416,46,370,17.131474103585656,8.167330677290837,8.964143426294822,82.86852589641434,9.163346613545817,73.70517928286853
E00038407,284,91,54,37,193,17,176,32.04225352112676,19.014084507042252,13.028169014084506,67.95774647887323,5.985915492957746,61.97183098591549
E00038410,301,76,36,40,225,17,208,25.249169435215947,11.960132890365449,13.2890365448505,74.75083056478405,5.647840531561462,69.10299003322258
E00038411,367,61,23,38,306,25,281,16.62125340599455,6.267029972752043,10.354223433242508,83.37874659400545,6.811989100817439,76.566757493188
E00038412,286,57,24,33,229,26,203,19.93006993006993,8.391608391608392,11.538461538461538,80.06993006993007,9.090909090909092,70.97902097902097
E00038413,273,63,32,31,210,27,183,23.076923076923077,11.72161172161172,11.355311355311356,76.92307692307693,9.89010989010989,67.03296703296702
E00038414,340,56,27,29,284,37,247,16.470588235294116,7.941176470588235,8.529411764705882,83.52941176470588,10.882352941176471,72.6470588235294
E00038415,285,52,27,25,233,16,217,18.24561403508772,9.473684210526317,8.771929824561402,81.75438596491227,5.614035087719298,76.14035087719299
E00038416,248,44,16,28,204,15,189,17.741935483870968,6.451612903225806,11.29032258064516,82.25806451612904,6.048387096774194,76.20967741935483
E00038417,275,85,47,38,190,11,179,30.909090909090907,17.09090909090909,13.818181818181818,69.0909090909091,4,65.0909090909091
E00038418,328,102,52,50,226,27,199,31.097560975609756,15.853658536585366,15.24390243902439,68.90243902439023,8.231707317073171,60.670731707317074
E00038419,369,59,26,33,310,29,281,15.989159891598916,7.046070460704606,8.94308943089431,84.01084010840108,7.8590785907859075,76.15176151761518
E00038420,403,70,37,33,333,26,307,17.3697270471464,9.181141439205955,8.188585607940446,82.6302729528536,6.451612903225806,76.1786600496278
E00038421,332,54,20,34,278,15,263,16.265060240963855,6.024096385542169,10.240963855421686,83.73493975903614,4.518072289156627,79.21686746987952
E00038422,257,83,47,36,174,11,163,32.295719844357976,18.28793774319066,14.007782101167315,67.70428015564202,4.280155642023346,63.42412451361867
E00038423,334,42,14,28,292,24,268,12.574850299401197,4.191616766467066,8.383233532934131,87.42514970059881,7.18562874251497,80.23952095808383
E00038424,268,46,27,19,222,14,208,17.16417910447761,10.074626865671641,7.08955223880597,82.83582089552239,5.223880597014925,77.61194029850746
E00038425,194,35,14,21,159,12,147,18.04123711340206,7.216494845360824,10.824742268041238,81.95876288659794,6.185567010309279,75.77319587628865
E00038426,199,33,19,14,166,13,153,16.582914572864322,9.547738693467336,7.035175879396985,83.41708542713567,6.532663316582915,76.88442211055276
E00038427,176,36,13,23,140,21,119,20.454545454545457,7.386363636363637,13.068181818181818,79.54545454545455,11.931818181818182,67.61363636363636
E00038428,221,57,22,35,164,18,146,25.791855203619914,9.95475113122172,15.837104072398189,74.2081447963801,8.144796380090497,66.06334841628959
E00038429,244,52,28,24,192,15,177,21.311475409836063,11.475409836065573,9.836065573770492,78.68852459016394,6.147540983606557,72.54098360655738
E00038430,187,22,6,16,165,27,138,11.76470588235294,3.2085561497326207,8.55614973262032,88.23529411764706,14.43850267379679,73.79679144385027
E00038431,169,27,11,16,142,3,139,15.976331360946746,6.508875739644971,9.467455621301776,84.02366863905326,1.7751479289940828,82.24852071005917
E00038432,480,115,40,75,365,46,319,23.958333333333336,8.333333333333332,15.625,76.04166666666666,9.583333333333334,66.45833333333333
E00038433,263,54,25,29,209,17,192,20.53231939163498,9.505703422053232,11.02661596958175,79.46768060836501,6.4638783269961975,73.00380228136882
E00038434,295,47,15,32,248,16,232,15.932203389830507,5.084745762711865,10.847457627118644,84.06779661016948,5.423728813559322,78.64406779661017
E00038435,276,39,14,25,237,13,224,14.130434782608695,5.072463768115942,9.057971014492754,85.86956521739131,4.710144927536232,81.15942028985508
E00038436,266,47,19,28,219,17,202,17.669172932330827,7.142857142857142,10.526315789473683,82.33082706766918,6.390977443609022,75.93984962406014
E00038437,253,43,16,27,210,23,187,16.99604743083004,6.324110671936759,10.67193675889328,83.00395256916995,9.090909090909092,73.91304347826086
E00038438,310,46,24,22,264,16,248,14.838709677419354,7.741935483870968,7.096774193548387,85.16129032258064,5.161290322580645,80
E00038439,393,105,64,41,288,29,259,26.717557251908396,16.28498727735369,10.432569974554708,73.2824427480916,7.37913486005089,65.9033078880407
E00038440,318,57,17,40,261,15,246,17.92452830188679,5.345911949685535,12.578616352201259,82.0754716981132,4.716981132075472,77.35849056603774
E00038441,299,64,29,35,235,14,221,21.40468227424749,9.698996655518394,11.705685618729097,78.59531772575251,4.682274247491638,73.91304347826086
E00038442,330,45,19,26,285,19,266,13.636363636363635,5.757575757575758,7.878787878787878,86.36363636363636,5.757575757575758,80.60606060606061
E00038443,281,58,24,34,223,20,203,20.640569395017792,8.540925266903916,12.099644128113878,79.35943060498221,7.11743772241993,72.24199288256227
E00038444,224,49,18,31,175,14,161,21.875,8.035714285714286,13.839285714285715,78.125,6.25,71.875
E00038445,219,35,19,16,184,11,173,15.981735159817351,8.67579908675799,7.30593607305936,84.01826484018264,5.0228310502283104,78.99543378995433
E00038446,257,51,27,24,206,15,191,19.844357976653697,10.505836575875486,9.33852140077821,80.1556420233463,5.836575875486381,74.31906614785993
E00038447,317,40,22,18,277,26,251,12.618296529968454,6.940063091482649,5.678233438485805,87.38170347003155,8.201892744479496,79.17981072555204
E00038448,235,41,14,27,194,14,180,17.4468085106383,5.957446808510639,11.48936170212766,82.5531914893617,5.957446808510639,76.59574468085107
E00038449,330,40,13,27,290,16,274,12.121212121212121,3.939393939393939,8.181818181818182,87.87878787878788,4.848484848484849,83.03030303030303
E00038450,269,52,22,30,217,19,198,19.33085501858736,8.178438661710038,11.152416356877323,80.66914498141264,7.063197026022305,73.60594795539033
E00038451,296,32,11,21,264,31,233,10.81081081081081,3.7162162162162162,7.094594594594595,89.1891891891892,10.472972972972974,78.71621621621621
E00038452,252,42,23,19,210,17,193,16.666666666666664,9.126984126984127,7.5396825396825395,83.33333333333334,6.746031746031746,76.5873015873016
E00038453,210,77,28,49,133,9,124,36.666666666666664,13.333333333333334,23.333333333333332,63.33333333333333,4.285714285714286,59.04761904761905
E00038454,297,45,15,30,252,19,233,15.151515151515152,5.05050505050505,10.1010101010101,84.84848484848484,6.397306397306397,78.45117845117845
E00038455,257,48,13,35,209,30,179,18.67704280155642,5.058365758754864,13.618677042801556,81.32295719844358,11.673151750972762,69.64980544747081
E00038456,179,50,22,28,129,11,118,27.932960893854748,12.290502793296088,15.64245810055866,72.06703910614524,6.145251396648044,65.92178770949721
E00038458,332,63,26,37,269,20,249,18.97590361445783,7.83132530120482,11.144578313253012,81.02409638554217,6.024096385542169,75
E00038459,305,153,91,62,152,14,138,50.1639344262295,29.836065573770494,20.327868852459016,49.8360655737705,4.590163934426229,45.24590163934426
E00038460,312,64,25,39,248,21,227,20.51282051282051,8.012820512820513,12.5,79.48717948717949,6.730769230769231,72.75641025641025
E00038461,406,52,23,29,354,32,322,12.807881773399016,5.665024630541872,7.142857142857142,87.192118226601,7.8817733990147785,79.3103448275862
E00038462,239,89,48,41,150,9,141,37.238493723849366,20.0836820083682,17.154811715481173,62.76150627615063,3.765690376569038,58.995815899581594
E00038463,273,57,32,25,216,22,194,20.87912087912088,11.72161172161172,9.157509157509157,79.12087912087912,8.058608058608058,71.06227106227107
E00038464,304,84,47,37,220,17,203,27.631578947368425,15.460526315789474,12.171052631578947,72.36842105263158,5.592105263157895,66.77631578947368
E00038465,454,101,55,46,353,19,334,22.24669603524229,12.114537444933921,10.13215859030837,77.75330396475772,4.185022026431718,73.568281938326
E00038466,286,54,20,34,232,30,202,18.88111888111888,6.993006993006993,11.888111888111888,81.11888111888112,10.48951048951049,70.62937062937063
E00038467,324,50,30,20,274,16,258,15.432098765432098,9.25925925925926,6.172839506172839,84.5679012345679,4.938271604938271,79.62962962962963
E00038468,296,60,29,31,236,15,221,20.27027027027027,9.797297297297296,10.472972972972974,79.72972972972973,5.0675675675675675,74.66216216216216
E00038469,367,68,25,43,299,34,265,18.52861035422343,6.811989100817439,11.716621253405995,81.47138964577657,9.264305177111716,72.20708446866485
E00038470,391,115,78,37,276,17,259,29.411764705882355,19.948849104859335,9.462915601023019,70.58823529411765,4.3478260869565215,66.24040920716112
E00038471,308,74,46,28,234,14,220,24.025974025974026,14.935064935064934,9.090909090909092,75.97402597402598,4.545454545454546,71.42857142857143
E00038472,350,78,39,39,272,21,251,22.285714285714285,11.142857142857142,11.142857142857142,77.71428571428571,6,71.71428571428572
E00038473,406,87,43,44,319,17,302,21.428571428571427,10.591133004926109,10.83743842364532,78.57142857142857,4.1871921182266005,74.38423645320196
E00038474,265,50,29,21,215,16,199,18.867924528301888,10.943396226415095,7.9245283018867925,81.13207547169812,6.037735849056604,75.09433962264151
E00038475,292,60,24,36,232,21,211,20.54794520547945,8.21917808219178,12.32876712328767,79.45205479452055,7.191780821917808,72.26027397260275
E00038476,261,45,13,32,216,21,195,17.24137931034483,4.980842911877394,12.260536398467432,82.75862068965517,8.045977011494253,74.71264367816092
E00038477,299,42,18,24,257,16,241,14.046822742474916,6.0200668896321075,8.02675585284281,85.95317725752508,5.351170568561873,80.60200668896321
E00038478,279,87,50,37,192,10,182,31.182795698924732,17.921146953405017,13.261648745519713,68.81720430107528,3.584229390681003,65.23297491039428
E00038479,208,36,13,23,172,17,155,17.307692307692307,6.25,11.057692307692307,82.6923076923077,8.173076923076923,74.51923076923077
E00038480,396,71,31,40,325,28,297,17.929292929292927,7.828282828282829,10.1010101010101,82.07070707070707,7.07070707070707,75
E00038481,250,58,24,34,192,23,169,23.200000000000003,9.6,13.600000000000001,76.8,9.2,67.60000000000001
E00038482,307,74,35,39,233,17,216,24.104234527687296,11.400651465798045,12.703583061889251,75.8957654723127,5.537459283387622,70.35830618892508
E00038483,214,86,53,33,128,6,122,40.18691588785047,24.766355140186917,15.42056074766355,59.813084112149525,2.803738317757009,57.009345794392516
E00038484,246,69,42,27,177,9,168,28.04878048780488,17.073170731707318,10.975609756097562,71.95121951219512,3.6585365853658534,68.29268292682927
E00038485,374,28,10,18,346,30,316,7.4866310160427805,2.6737967914438503,4.81283422459893,92.51336898395722,8.0213903743315509,84.49197860962568
E00038486,284,53,32,21,231,26,205,18.661971830985916,11.267605633802818,7.394366197183098,81.33802816901408,9.15492957746479,72.1830985915493
E00038487,308,43,21,22,265,10,255,13.96103896103896,6.8181818181818175,7.142857142857142,86.03896103896103,3.2467532467532463,82.79220779220779
E00038489,328,53,24,29,275,19,256,16.158536585365855,7.317073170731707,8.841463414634147,83.84146341463415,5.7926829268292686,78.04878048780488
E00038490,267,52,19,33,215,12,203,19.475655430711612,7.116104868913857,12.359550561797752,80.52434456928839,4.49438202247191,76.02996254681648
E00038491,286,53,27,26,233,13,220,18.53146853146853,9.44055944055944,9.090909090909092,81.46853146853147,4.545454545454546,76.92307692307693
E00038492,315,78,35,43,237,15,222,24.761904761904763,11.11111111111111,13.65079365079365,75.23809523809524,4.761904761904762,70.47619047619048
E00038493,255,55,25,30,200,18,182,21.568627450980394,9.803921568627452,11.76470588235294,78.43137254901961,7.0588235294117645,71.37254901960785
E00038494,276,56,23,33,220,25,195,20.28985507246377,8.333333333333332,11.956521739130435,79.71014492753623,9.057971014492754,70.65217391304348
E00038495,311,76,46,30,235,16,219,24.437299035369776,14.790996784565916,9.646302250803858,75.56270096463022,5.144694533762058,70.41800643086816
E00038496,308,53,22,31,255,19,236,17.20779220779221,7.142857142857142,10.064935064935066,82.79220779220779,6.1688311688311686,76.62337662337663
E00038497,321,81,41,40,240,17,223,25.233644859813083,12.77258566978193,12.461059190031152,74.76635514018692,5.29595015576324,69.47040498442367
E00038498,265,75,42,33,190,17,173,28.30188679245283,15.849056603773585,12.452830188679245,71.69811320754717,6.415094339622642,65.28301886792453
E00038499,280,53,24,29,227,22,205,18.928571428571427,8.571428571428571,10.357142857142858,81.07142857142857,7.857142857142857,73.21428571428571
E00038500,243,43,16,27,200,21,179,17.695473251028808,6.584362139917696,11.11111111111111,82.3045267489712,8.641975308641975,73.66255144032921
E00038501,268,47,17,30,221,19,202,17.537313432835823,6.343283582089552,11.194029850746269,82.46268656716418,7.08955223880597,75.3731343283582
E00038502,269,55,21,34,214,26,188,20.44609665427509,7.806691449814126,12.639405204460965,79.5539033457249,9.66542750929368,69.88847583643123
E00038503,307,68,30,38,239,22,217,22.149837133550488,9.77198697068404,12.37785016286645,77.85016286644951,7.166123778501629,70.68403908794788
E00038504,372,117,76,41,255,27,228,31.451612903225808,20.43010752688172,11.021505376344086,68.54838709677419,7.258064516129033,61.29032258064516
E00038505,536,77,25,52,459,39,420,14.365671641791044,4.664179104477612,9.701492537313433,85.63432835820896,7.276119402985075,78.35820895522389
E00038506,224,43,20,23,181,13,168,19.196428571428573,8.928571428571429,10.267857142857142,80.80357142857143,5.803571428571429,75
E00038507,253,61,36,25,192,17,175,24.110671936758894,14.229249011857709,9.881422924901186,75.8893280632411,6.719367588932807,69.1699604743083
E00038508,331,48,14,34,283,31,252,14.501510574018129,4.229607250755287,10.27190332326284,85.49848942598187,9.365558912386707,76.13293051359517
E00038509,315,53,21,32,262,33,229,16.825396825396826,6.666666666666667,10.158730158730158,83.17460317460318,10.476190476190476,72.6984126984127
E00038510,387,94,57,37,293,20,273,24.289405684754524,14.728682170542637,9.560723514211885,75.71059431524549,5.167958656330749,70.54263565891473
E00038511,285,37,6,31,248,23,225,12.982456140350877,2.1052631578947367,10.87719298245614,87.01754385964912,8.070175438596491,78.94736842105263
E00038512,300,41,19,22,259,17,242,13.666666666666666,6.333333333333334,7.333333333333333,86.33333333333333,5.666666666666666,80.66666666666666
E00038513,348,56,24,32,292,32,260,16.091954022988507,6.896551724137931,9.195402298850574,83.9080459770115,9.195402298850574,74.71264367816092
E00038514,277,47,16,31,230,27,203,16.967509025270758,5.776173285198556,11.191335740072201,83.03249097472924,9.747292418772563,73.28519855595668
E00038515,285,46,15,31,239,26,213,16.140350877192983,5.263157894736842,10.87719298245614,83.85964912280703,9.12280701754386,74.73684210526315
E00038516,266,46,13,33,220,29,191,17.293233082706767,4.887218045112782,12.406015037593985,82.70676691729322,10.902255639097744,71.80451127819549
E00038517,279,51,20,31,228,20,208,18.27956989247312,7.168458781362006,11.11111111111111,81.72043010752688,7.168458781362006,74.55197132616487
E00038518,324,33,16,17,291,22,269,10.185185185185185,4.938271604938271,5.246913580246913,89.81481481481481,6.790123456790123,83.0246913580247
E00038520,267,47,21,26,220,26,194,17.60299625468165,7.865168539325842,9.737827715355806,82.39700374531836,9.737827715355806,72.65917602996255
E00038521,577,81,33,48,496,53,443,14.038128249566725,5.719237435008666,8.31889081455806,85.961871750433275,9.185441941074524,76.77642980935875
E00038522,616,74,26,48,542,41,501,12.012987012987013,4.220779220779221,7.792207792207792,87.98701298701299,6.6558441558441555,81.33116883116884
E00038524,250,49,16,33,201,30,171,19.6,6.4,13.200000000000001,80.4,12,68.4
E00038525,256,32,12,20,224,26,198,12.5,4.6875,7.8125,87.5,10.15625,77.34375
E00038526,238,45,13,32,193,24,169,18.907563025210084,5.46218487394958,13.445378151260504,81.09243697478992,10.084033613445378,71.00840336134453
E00038527,397,57,23,34,340,35,305,14.357682619647354,5.793450881612091,8.564231738035264,85.64231738035264,8.816120906801007,76.82619647355163
E00038530,260,43,15,28,217,27,190,16.538461538461537,5.769230769230769,10.76923076923077,83.46153846153847,10.384615384615385,73.07692307692307
E00038531,242,43,20,23,199,25,174,17.768595041322314,8.264462809917356,9.50413223140496,82.23140495867769,10.330578512396695,71.900826446281
E00038532,303,36,11,25,267,26,241,11.881188118811881,3.6303630363036308,8.25082508250825,88.11881188118812,8.58085808580858,79.53795379537954
E00038533,295,52,24,28,243,19,224,17.627118644067796,8.135593220338983,9.491525423728813,82.37288135593221,6.440677966101695,75.9322033898305
E00038534,338,62,22,40,276,25,251,18.34319526627219,6.508875739644971,11.834319526627219,81.65680473372781,7.396449704142012,74.2603550295858
E00038535,229,71,38,33,158,14,144,31.004366812227076,16.593886462882097,14.41048034934498,68.99563318777294,6.11353711790393,62.882096069869
E00038536,557,89,47,42,468,48,420,15.978456014362658,8.43806104129264,7.5403949730700175,84.02154398563735,8.617594254937163,75.40394973070018
E00038537,317,36,12,24,281,21,260,11.35646687697161,3.7854889589905363,7.570977917981073,88.64353312302839,6.624605678233439,82.01892744479495
E00038538,254,61,27,34,193,22,171,24.015748031496063,10.62992125984252,13.385826771653544,75.98425196850394,8.661417322834646,67.32283464566929
E00038539,284,60,19,41,224,18,206,21.12676056338028,6.690140845070422,14.43661971830986,78.87323943661971,6.338028169014084,72.53521126760563
E00038540,323,55,20,35,268,22,246,17.027863777089784,6.191950464396285,10.8359133126935,82.97213622291022,6.811145510835913,76.16099071207431
E00038541,275,53,25,28,222,20,202,19.272727272727273,9.090909090909092,10.181818181818182,80.72727272727272,7.2727272727272725,73.45454545454545
E00038542,440,54,15,39,386,29,357,12.272727272727273,3.4090909090909087,8.863636363636363,87.72727272727273,6.59090909090909,81.13636363636364
E00038543,321,66,30,36,255,24,231,20.5607476635514,9.345794392523365,11.214953271028037,79.43925233644859,7.476635514018691,71.96261682242991
E00038544,257,57,27,30,200,14,186,22.17898832684825,10.505836575875486,11.673151750972762,77.82101167315176,5.447470817120623,72.37354085603113
E00038545,439,51,19,32,388,21,367,11.617312072892938,4.328018223234624,7.289293849658314,88.38268792710706,4.783599088838269,83.5990888382688
E00038546,313,33,10,23,280,25,255,10.543130990415335,3.1948881789137378,7.348242811501597,89.45686900958466,7.987220447284344,81.46964856230032
E00038547,263,42,22,20,221,22,199,15.96958174904943,8.365019011406844,7.604562737642586,84.03041825095056,8.365019011406844,75.66539923954373
E00038548,292,52,14,38,240,21,219,17.80821917808219,4.794520547945205,13.013698630136986,82.1917808219178,7.191780821917808,75
E00038550,259,41,15,26,218,19,199,15.83011583011583,5.7915057915057915,10.038610038610038,84.16988416988417,7.335907335907336,76.83397683397683
E00038551,465,80,28,52,385,35,350,17.20430107526882,6.021505376344086,11.182795698924732,82.79569892473118,7.526881720430108,75.26881720430107
E00038552,229,45,25,20,184,20,164,19.65065502183406,10.91703056768559,8.73362445414847,80.34934497816593,8.73362445414847,71.61572052401746
E00038553,286,57,19,38,229,26,203,19.93006993006993,6.643356643356643,13.286713286713287,80.06993006993007,9.090909090909092,70.97902097902097
E00038554,268,51,17,34,217,21,196,19.029850746268657,6.343283582089552,12.686567164179104,80.97014925373134,7.835820895522389,73.13432835820896
E00038555,447,57,26,31,390,27,363,12.751677852348994,5.8165548098434,6.935123042505594,87.24832214765101,6.0402684563758395,81.20805369127517
E00038556,305,35,12,23,270,18,252,11.475409836065573,3.934426229508197,7.540983606557377,88.52459016393442,5.901639344262295,82.62295081967214
E00038557,465,80,30,50,385,35,350,17.20430107526882,6.451612903225806,10.75268817204301,82.79569892473118,7.526881720430108,75.26881720430107
E00038558,369,56,19,37,313,27,286,15.176151761517614,5.149051490514905,10.02710027100271,84.82384823848238,7.317073170731707,77.50677506775068
E00038559,248,56,31,25,192,11,181,22.58064516129032,12.5,10.080645161290322,77.41935483870968,4.435483870967742,72.98387096774194
E00038560,250,53,23,30,197,25,172,21.2,9.2,12,78.8,10,68.8
E00038561,242,59,22,37,183,25,158,24.380165289256198,9.090909090909092,15.289256198347106,75.6198347107438,10.330578512396695,65.28925619834712
E00038562,245,43,20,23,202,19,183,17.551020408163264,8.16326530612245,9.387755102040817,82.44897959183673,7.755102040816326,74.6938775510204
E00038563,262,58,25,33,204,14,190,22.137404580152673,9.541984732824428,12.595419847328243,77.86259541984732,5.343511450381679,72.51908396946564
E00038564,289,52,19,33,237,24,213,17.99307958477509,6.5743944636678195,11.418685121107266,82.00692041522491,8.304498269896193,73.70242214532871
E00038565,250,29,10,19,221,25,196,11.600000000000001,4,7.6,88.4,10,78.4
E00038566,295,72,38,34,223,22,201,24.40677966101695,12.88135593220339,11.525423728813559,75.59322033898304,7.457627118644068,68.13559322033899
E00038567,260,55,22,33,205,27,178,21.153846153846153,8.461538461538462,12.692307692307692,78.84615384615384,10.384615384615385,68.46153846153847
E00038568,180,33,12,21,147,3,144,18.333333333333332,6.666666666666667,11.666666666666666,81.66666666666667,1.6666666666666667,80
E00038569,176,28,7,21,148,12,136,15.909090909090908,3.977272727272727,11.931818181818182,84.0909090909091,6.8181818181818175,77.27272727272727
E00038570,227,40,20,20,187,10,177,17.62114537444934,8.81057268722467,8.81057268722467,82.37885462555066,4.405286343612335,77.97356828193833
E00038571,127,27,16,11,100,8,92,21.25984251968504,12.598425196850393,8.661417322834646,78.74015748031496,6.299212598425196,72.44094488188976
E00038572,291,55,15,40,236,26,210,18.900343642611684,5.154639175257731,13.745704467353953,81.09965635738831,8.934707903780069,72.16494845360825
E00038573,297,42,19,23,255,23,232,14.14141414141414,6.397306397306397,7.744107744107744,85.85858585858585,7.744107744107744,78.11447811447812
E00038574,197,41,19,22,156,22,134,20.812182741116754,9.644670050761421,11.16751269035533,79.18781725888326,11.16751269035533,68.02030456852792
E00038575,319,65,36,29,254,23,231,20.37617554858934,11.285266457680251,9.090909090909092,79.62382445141067,7.210031347962382,72.41379310344827
E00038576,368,49,25,24,319,36,283,13.31521739130435,6.7934782608695645,6.521739130434782,86.68478260869566,9.782608695652174,76.90217391304348
E00038577,316,46,16,30,270,22,248,14.556962025316455,5.063291139240507,9.49367088607595,85.44303797468355,6.962025316455696,78.48101265822784
E00038578,296,55,22,33,241,22,219,18.58108108108108,7.4324324324324325,11.14864864864865,81.41891891891892,7.4324324324324325,73.98648648648648
E00038579,353,39,19,20,314,17,297,11.048158640226628,5.382436260623229,5.6657223796034,88.95184135977338,4.815864022662889,84.13597733711048
E00038580,260,45,20,25,215,18,197,17.307692307692307,7.6923076923076925,9.615384615384617,82.6923076923077,6.923076923076923,75.76923076923077
E00038581,295,32,12,20,263,32,231,10.847457627118644,4.067796610169491,6.779661016949152,89.15254237288136,10.847457627118644,78.30508474576271
E00038582,411,57,23,34,354,31,323,13.86861313868613,5.59610705596107,8.27250608272506,86.13138686131386,7.542579075425791,78.58880778588808
E00038583,379,43,15,28,336,29,307,11.345646437994723,3.95778364116095,7.387862796833773,88.65435356200527,7.651715039577836,81.00263852242745
E00038584,402,51,19,32,351,33,318,12.686567164179104,4.72636815920398,7.960199004975125,87.31343283582089,8.208955223880597,79.1044776119403
E00038585,304,59,19,40,245,24,221,19.407894736842106,6.25,13.157894736842104,80.5921052631579,7.894736842105263,72.69736842105263
E00038586,302,88,52,36,214,13,201,29.13907284768212,17.218543046357617,11.920529801324504,70.86092715231787,4.304635761589404,66.55629139072848
E00038587,295,27,8,19,268,29,239,9.152542372881356,2.711864406779661,6.440677966101695,90.84745762711864,9.830508474576272,81.01694915254237
E00038588,267,40,14,26,227,18,209,14.981273408239701,5.2434456928838955,9.737827715355806,85.0187265917603,6.741573033707865,78.27715355805243
E00038589,203,61,24,37,142,12,130,30.049261083743843,11.822660098522167,18.226600985221676,69.95073891625616,5.911330049261084,64.03940886699507
E00038590,246,51,22,29,195,19,176,20.73170731707317,8.94308943089431,11.788617886178862,79.26829268292683,7.723577235772358,71.54471544715447
E00038591,260,39,16,23,221,21,200,15,6.153846153846154,8.846153846153847,85,8.076923076923077,76.92307692307693
E00038592,306,41,9,32,265,28,237,13.398692810457517,2.941176470588235,10.457516339869281,86.60130718954248,9.15032679738562,77.45098039215686
E00038593,289,44,16,28,245,33,212,15.22491349480969,5.536332179930796,9.688581314878892,84.77508650519032,11.418685121107266,73.35640138408304
E00038594,284,50,13,37,234,25,209,17.6056338028169,4.577464788732395,13.028169014084506,82.3943661971831,8.80281690140845,73.59154929577466
E00038595,250,43,15,28,207,22,185,17.2,6,11.200000000000001,82.8,8.799999999999999,74
E00038596,226,48,21,27,178,15,163,21.238938053097346,9.29203539823009,11.946902654867257,78.76106194690266,6.637168141592921,72.12389380530973
E00038597,252,131,109,22,121,13,108,51.98412698412699,43.25396825396825,8.73015873015873,48.01587301587302,5.158730158730158,42.857142857142854
E00038598,272,73,36,37,199,12,187,26.838235294117645,13.23529411764706,13.602941176470587,73.16176470588235,4.411764705882353,68.75
E00038599,265,28,7,21,237,31,206,10.566037735849058,2.6415094339622645,7.9245283018867925,89.43396226415095,11.69811320754717,77.73584905660378
E00038600,213,68,29,39,145,15,130,31.92488262910798,13.615023474178404,18.30985915492958,68.07511737089203,7.042253521126761,61.03286384976526
E00038601,275,49,22,27,226,15,211,17.81818181818182,8,9.818181818181818,82.18181818181817,5.454545454545454,76.72727272727272
E00038602,197,50,27,23,147,18,129,25.380710659898476,13.705583756345177,11.6751269035533,74.61928934010153,9.137055837563452,65.48223350253807
E00038603,292,51,17,34,241,20,221,17.465753424657535,5.821917808219178,11.643835616438356,82.53424657534246,6.8493150684931505,75.68493150684932
E00038604,239,47,25,22,192,26,166,19.665271966527197,10.460251046025103,9.205020920502092,80.3347280334728,10.87866108786611,69.4560669456067
E00038605,258,40,11,29,218,16,202,15.503875968992247,4.263565891472868,11.24031007751938,84.49612403100775,6.2015503875969,78.29457364341084
E00038606,273,49,16,33,224,34,190,17.94871794871795,5.86080586080586,12.087912087912088,82.05128205128204,12.454212454212454,69.59706959706959
E00038607,256,71,37,34,185,13,172,27.734375,14.453125,13.28125,72.265625,5.078125,67.1875
E00038608,289,60,21,39,229,20,209,20.761245674740483,7.26643598615917,13.494809688581316,79.23875432525952,6.920415224913495,72.31833910034602
E00038609,296,43,14,29,253,25,228,14.527027027027026,4.72972972972973,9.797297297297296,85.47297297297297,8.445945945945946,77.02702702702703
E00038610,311,47,19,28,264,31,233,15.112540192926044,6.109324758842444,9.003215434083602,84.88745980707395,9.967845659163988,74.91961414790997
E00038611,467,71,29,42,396,30,366,15.203426124197003,6.209850107066381,8.993576017130621,84.79657387580299,6.423982869379015,78.37259100642399
E00038612,239,36,7,29,203,16,187,15.062761506276152,2.928870292887029,12.133891213389122,84.93723849372385,6.694560669456067,78.24267782426779
E00038613,202,69,34,35,133,10,123,34.15841584158416,16.831683168316832,17.326732673267326,65.84158415841584,4.9504950495049505,60.89108910891089
E00038614,254,49,16,33,205,19,186,19.291338582677163,6.299212598425196,12.992125984251967,80.70866141732283,7.480314960629922,73.22834645669292
E00038615,285,53,15,38,232,29,203,18.596491228070175,5.263157894736842,13.333333333333334,81.40350877192982,10.175438596491228,71.2280701754386
E00038616,295,66,29,37,229,30,199,22.372881355932204,9.830508474576272,12.54237288135593,77.62711864406779,10.16949152542373,67.45762711864407
E00038617,557,54,16,38,503,51,452,9.694793536804308,2.872531418312388,6.822262118491921,90.30520646319569,9.156193895870736,81.14901256732495
E00038618,296,48,18,30,248,19,229,16.216216216216218,6.081081081081082,10.135135135135135,83.78378378378379,6.418918918918918,77.36486486486487
E00038619,237,43,17,26,194,32,162,18.143459915611814,7.172995780590717,10.970464135021098,81.85654008438819,13.502109704641349,68.35443037974683
E00038620,382,69,31,38,313,38,275,18.06282722513089,8.115183246073299,9.947643979057592,81.93717277486911,9.947643979057592,71.98952879581152
E00038621,227,51,23,28,176,17,159,22.46696035242291,10.13215859030837,12.334801762114537,77.5330396475771,7.488986784140969,70.04405286343612
E00038622,232,48,25,23,184,15,169,20.689655172413794,10.775862068965516,9.913793103448276,79.3103448275862,6.4655172413793105,72.84482758620689
E00038623,245,56,21,35,189,13,176,22.857142857142858,8.571428571428571,14.285714285714285,77.14285714285715,5.3061224489795915,71.83673469387755
E00038624,300,92,52,40,208,13,195,30.666666666666664,17.333333333333336,13.333333333333334,69.33333333333334,4.333333333333334,65
E00038625,276,42,9,33,234,22,212,15.217391304347828,3.260869565217391,11.956521739130435,84.78260869565217,7.971014492753622,76.81159420289855
E00038626,258,53,23,30,205,20,185,20.54263565891473,8.914728682170542,11.627906976744185,79.45736434108527,7.751937984496124,71.70542635658916
E00038627,265,33,15,18,232,21,211,12.452830188679245,5.660377358490567,6.7924528301886795,87.54716981132076,7.9245283018867925,79.62264150943396
E00038628,220,51,24,27,169,18,151,23.18181818181818,10.909090909090908,12.272727272727273,76.81818181818181,8.181818181818182,68.63636363636364
E00038629,237,55,31,24,182,12,170,23.20675105485232,13.080168776371309,10.126582278481013,76.79324894514767,5.063291139240507,71.72995780590718
E00038630,251,49,24,25,202,17,185,19.52191235059761,9.56175298804781,9.9601593625498,80.47808764940238,6.772908366533864,73.70517928286853
E00038631,317,65,27,38,252,15,237,20.50473186119874,8.517350157728707,11.987381703470032,79.49526813880126,4.73186119873817,74.76340694006309
E00038632,596,52,13,39,544,37,507,8.724832214765101,2.1812080536912752,6.543624161073826,91.2751677852349,6.208053691275168,85.06711409395973
E00038633,244,63,22,41,181,26,155,25.81967213114754,9.01639344262295,16.80327868852459,74.18032786885246,10.655737704918032,63.52459016393443
E00038634,258,55,20,35,203,26,177,21.31782945736434,7.751937984496124,13.565891472868216,78.68217054263566,10.077519379844961,68.6046511627907
E00038635,382,39,13,26,343,27,316,10.209424083769633,3.4031413612565444,6.806282722513089,89.79057591623037,7.068062827225131,82.72251308900523
E00038636,300,55,22,33,245,22,223,18.333333333333332,7.333333333333333,11,81.66666666666667,7.333333333333333,74.33333333333333
E00038637,297,43,15,28,254,22,232,14.47811447811448,5.05050505050505,9.427609427609427,85.52188552188552,7.4074074074074066,78.11447811447812
E00038638,330,41,13,28,289,30,259,12.424242424242424,3.939393939393939,8.484848484848486,87.57575757575758,9.090909090909092,78.48484848484848
E00038639,326,60,23,37,266,22,244,18.404907975460123,7.05521472392638,11.349693251533742,81.59509202453987,6.748466257668712,74.84662576687117
E00038640,307,58,21,37,249,26,223,18.892508143322477,6.840390879478828,12.052117263843648,81.10749185667753,8.469055374592834,72.63843648208469
E00038641,372,68,34,34,304,19,285,18.27956989247312,9.13978494623656,9.13978494623656,81.72043010752688,5.10752688172043,76.61290322580645
E00038642,367,73,33,40,294,19,275,19.891008174386922,8.991825613079019,10.899182561307901,80.10899182561307,5.177111716621254,74.93188010899182
E00038643,356,103,59,44,253,18,235,28.932584269662918,16.573033707865168,12.359550561797752,71.06741573033707,5.056179775280898,66.01123595505618
E00038644,320,84,58,26,236,19,217,26.25,18.125,8.125,73.75,5.9375,67.8125
E00038645,334,57,28,29,277,16,261,17.065868263473057,8.383233532934131,8.682634730538922,82.93413173652695,4.790419161676647,78.1437125748503
E00038646,316,75,35,40,241,14,227,23.734177215189874,11.075949367088606,12.658227848101266,76.26582278481013,4.430379746835443,71.83544303797468
E00038647,206,40,19,21,166,17,149,19.41747572815534,9.223300970873787,10.194174757281553,80.58252427184466,8.25242718446602,72.33009708737865
E00038648,294,87,46,41,207,8,199,29.591836734693878,15.646258503401361,13.945578231292515,70.40816326530613,2.7210884353741496,67.68707482993197
E00038649,235,69,41,28,166,12,154,29.361702127659573,17.4468085106383,11.914893617021278,70.63829787234043,5.106382978723404,65.53191489361701
E00038650,328,71,42,29,257,19,238,21.646341463414632,12.804878048780488,8.841463414634147,78.35365853658537,5.7926829268292686,72.5609756097561
E00038651,305,72,33,39,233,16,217,23.60655737704918,10.819672131147541,12.786885245901638,76.39344262295083,5.245901639344262,71.14754098360656
E00038652,282,75,34,41,207,17,190,26.595744680851062,12.056737588652481,14.539007092198581,73.40425531914893,6.028368794326241,67.37588652482269
E00038653,289,71,34,37,218,20,198,24.567474048442904,11.76470588235294,12.802768166089965,75.4325259515571,6.920415224913495,68.5121107266436
E00038654,330,71,42,29,259,24,235,21.515151515151516,12.727272727272727,8.787878787878787,78.48484848484848,7.2727272727272725,71.21212121212122
E00038655,348,75,35,40,273,14,259,21.551724137931032,10.057471264367816,11.494252873563218,78.44827586206897,4.022988505747127,74.42528735632183
E00038656,410,101,54,47,309,17,292,24.634146341463413,13.170731707317074,11.463414634146343,75.36585365853658,4.146341463414634,71.21951219512195
E00038657,326,59,30,29,267,21,246,18.098159509202453,9.202453987730062,8.895705521472392,81.90184049079755,6.441717791411043,75.4601226993865
E00038658,297,114,66,48,183,16,167,38.38383838383838,22.22222222222222,16.161616161616163,61.61616161616161,5.387205387205387,56.22895622895623
E00038659,254,51,28,23,203,7,196,20.078740157480315,11.023622047244094,9.05511811023622,79.92125984251969,2.7559055118110236,77.16535433070865
E00038660,403,75,33,42,328,29,299,18.610421836228287,8.188585607940446,10.421836228287841,81.38957816377172,7.196029776674938,74.19354838709677
E00038661,462,84,29,55,378,37,341,18.181818181818183,6.2770562770562766,11.904761904761903,81.81818181818183,8.008658008658008,73.80952380952381
E00038662,226,60,32,28,166,14,152,26.548672566371685,14.15929203539823,12.389380530973451,73.45132743362832,6.1946902654867255,67.2566371681416
E00038663,217,72,37,35,145,28,117,33.17972350230415,17.050691244239633,16.129032258064516,66.82027649769586,12.903225806451612,53.91705069124424
E00038664,530,132,59,73,398,27,371,24.90566037735849,11.132075471698114,13.773584905660377,75.09433962264151,5.09433962264151,70
E00038665,380,69,28,41,311,31,280,18.157894736842106,7.368421052631578,10.789473684210527,81.84210526315789,8.157894736842106,73.68421052631578
E00038666,136,41,27,14,95,8,87,30.14705882352941,19.852941176470587,10.294117647058822,69.85294117647058,5.88235294117647,63.970588235294116
E00038667,313,103,62,41,210,22,188,32.9073482428115,19.808306709265175,13.099041533546327,67.0926517571885,7.0287539936102235,60.063897763578275
E00038668,301,74,39,35,227,12,215,24.58471760797342,12.956810631229235,11.627906976744185,75.41528239202658,3.9867109634551494,71.42857142857143
E00038669,313,63,30,33,250,27,223,20.12779552715655,9.584664536741213,10.543130990415335,79.87220447284345,8.626198083067091,71.24600638977637
E00038670,348,64,28,36,284,24,260,18.39080459770115,8.045977011494253,10.344827586206897,81.60919540229885,6.896551724137931,74.71264367816092
E00038671,402,66,32,34,336,24,312,16.417910447761194,7.960199004975125,8.45771144278607,83.5820895522388,5.970149253731343,77.61194029850746
E00038672,338,71,25,46,267,17,250,21.005917159763314,7.396449704142012,13.609467455621301,78.99408284023669,5.029585798816568,73.96449704142012
E00038673,356,66,33,33,290,18,272,18.53932584269663,9.269662921348315,9.269662921348315,81.46067415730337,5.056179775280898,76.40449438202246
E00038674,337,95,54,41,242,17,225,28.18991097922849,16.023738872403563,12.166172106824925,71.81008902077151,5.044510385756676,66.76557863501483
E00038675,334,54,24,30,280,28,252,16.16766467065868,7.18562874251497,8.982035928143713,83.8323353293413,8.383233532934131,75.44910179640718
E00038676,314,93,56,37,221,28,193,29.617834394904456,17.8343949044586,11.78343949044586,70.38216560509554,8.9171974522293,61.46496815286624
E00038677,268,65,35,30,203,9,194,24.253731343283583,13.059701492537313,11.194029850746269,75.74626865671642,3.3582089552238807,72.38805970149254
E00038678,286,81,36,45,205,24,181,28.321678321678323,12.587412587412588,15.734265734265735,71.67832167832168,8.391608391608392,63.286713286713294
E00038679,401,121,67,54,280,30,250,30.174563591022448,16.708229426433917,13.466334164588527,69.82543640897757,7.4812967581047385,62.34413965087282
E00038680,402,72,29,43,330,37,293,17.91044776119403,7.213930348258707,10.696517412935323,82.08955223880598,9.203980099502488,72.88557213930348
E00038681,229,61,32,29,168,19,149,26.637554585152838,13.973799126637553,12.663755458515283,73.36244541484717,8.296943231441048,65.06550218340611
E00038682,396,85,36,49,311,26,285,21.464646464646464,9.090909090909092,12.373737373737374,78.53535353535354,6.565656565656567,71.96969696969697
E00038683,293,68,39,29,225,18,207,23.208191126279864,13.310580204778159,9.897610921501707,76.79180887372013,6.143344709897611,70.64846416382252
E00038684,333,106,62,44,227,18,209,31.83183183183183,18.61861861861862,13.213213213213212,68.16816816816817,5.405405405405405,62.76276276276276
E00038685,357,66,31,35,291,23,268,18.487394957983195,8.683473389355742,9.803921568627452,81.5126050420168,6.442577030812324,75.07002801120449
E00038686,323,63,28,35,260,17,243,19.5046439628483,8.6687306501548,10.8359133126935,80.4953560371517,5.263157894736842,75.23219814241486
E00038687,295,59,34,25,236,21,215,20,11.525423728813559,8.47457627118644,80,7.118644067796611,72.88135593220339
E00038688,321,65,33,32,256,20,236,20.24922118380062,10.2803738317757,9.968847352024921,79.75077881619937,6.230529595015576,73.5202492211838
E00038689,318,57,28,29,261,16,245,17.92452830188679,8.80503144654088,9.119496855345911,82.0754716981132,5.031446540880504,77.04402515723271
E00038690,240,66,37,29,174,20,154,27.500000000000004,15.416666666666668,12.083333333333334,72.5,8.333333333333332,64.16666666666667
E00038691,297,51,21,30,246,25,221,17.17171717171717,7.07070707070707,10.1010101010101,82.82828282828282,8.417508417508419,74.41077441077442
E00038692,194,44,21,23,150,5,145,22.68041237113402,10.824742268041238,11.855670103092782,77.31958762886599,2.5773195876288657,74.74226804123711
E00038693,390,90,48,42,300,32,268,23.076923076923077,12.307692307692308,10.76923076923077,76.92307692307693,8.205128205128204,68.71794871794872
E00038694,326,62,27,35,264,19,245,19.018404907975462,8.282208588957054,10.736196319018406,80.98159509202453,5.828220858895705,75.15337423312883
E00038695,389,89,36,53,300,30,270,22.87917737789203,9.254498714652955,13.624678663239074,77.12082262210797,7.712082262210797,69.40874035989717
E00038696,311,74,35,39,237,16,221,23.79421221864952,11.254019292604502,12.540192926045016,76.20578778135048,5.144694533762058,71.06109324758843
E00038697,350,73,37,36,277,15,262,20.857142857142858,10.571428571428571,10.285714285714285,79.14285714285715,4.285714285714286,74.85714285714286
E00038698,332,75,32,43,257,16,241,22.590361445783135,9.63855421686747,12.951807228915662,77.40963855421687,4.819277108433735,72.59036144578313
E00038699,329,65,36,29,264,21,243,19.756838905775076,10.94224924012158,8.814589665653495,80.24316109422493,6.382978723404255,73.86018237082067
E00038700,352,94,41,53,258,21,237,26.704545454545453,11.647727272727272,15.056818181818182,73.29545454545455,5.965909090909091,67.32954545454545
E00038701,329,66,33,33,263,14,249,20.060790273556233,10.030395136778116,10.030395136778116,79.93920972644378,4.25531914893617,75.6838905775076
E00038702,334,47,24,23,287,22,265,14.071856287425149,7.18562874251497,6.88622754491018,85.92814371257485,6.58682634730539,79.34131736526946
E00038703,431,76,36,40,355,34,321,17.633410672853827,8.352668213457076,9.280742459396752,82.36658932714617,7.888631090487238,74.47795823665894
E00038704,308,85,46,39,223,27,196,27.5974025974026,14.935064935064934,12.662337662337661,72.40259740259741,8.766233766233766,63.63636363636363
E00038706,307,90,49,41,217,23,194,29.31596091205212,15.960912052117262,13.355048859934854,70.68403908794788,7.491856677524431,63.19218241042345
E00038707,395,101,44,57,294,39,255,25.569620253164555,11.139240506329113,14.430379746835442,74.43037974683544,9.873417721518987,64.55696202531645
E00038708,341,65,28,37,276,19,257,19.06158357771261,8.211143695014663,10.850439882697946,80.93841642228739,5.571847507331378,75.366568914956
E00038709,394,110,70,40,284,28,256,27.918781725888326,17.766497461928935,10.152284263959391,72.08121827411168,7.1065989847715745,64.9746192893401
E00038710,355,76,46,30,279,24,255,21.408450704225352,12.957746478873238,8.450704225352112,78.59154929577464,6.760563380281689,71.83098591549296
E00038711,281,55,23,32,226,12,214,19.572953736654807,8.185053380782918,11.387900355871885,80.42704626334519,4.270462633451958,76.15658362989323
E00038712,504,91,39,52,413,29,384,18.055555555555554,7.738095238095238,10.317460317460316,81.94444444444444,5.753968253968254,76.19047619047619
E00038713,272,53,27,26,219,14,205,19.485294117647058,9.926470588235293,9.558823529411764,80.51470588235294,5.147058823529411,75.36764705882352
E00038714,332,96,46,50,236,22,214,28.915662650602407,13.855421686746988,15.060240963855422,71.08433734939759,6.626506024096386,64.45783132530121
E00038715,331,71,38,33,260,16,244,21.45015105740181,11.48036253776435,9.969788519637463,78.54984894259819,4.833836858006042,73.71601208459214
E00038716,293,48,19,29,245,25,220,16.38225255972696,6.484641638225256,9.897610921501707,83.61774744027304,8.532423208191126,75.0853242320819
E00038717,350,46,19,27,304,25,279,13.142857142857142,5.428571428571429,7.7142857142857135,86.85714285714286,7.142857142857142,79.71428571428572
E00038718,313,45,13,32,268,32,236,14.376996805111823,4.15335463258786,10.223642172523961,85.62300319488818,10.223642172523961,75.39936102236422
E00038719,351,65,35,30,286,22,264,18.51851851851852,9.971509971509972,8.547008547008547,81.48148148148148,6.267806267806268,75.21367521367522
E00038720,333,55,34,21,278,18,260,16.516516516516518,10.21021021021021,6.306306306306306,83.48348348348348,5.405405405405405,78.07807807807808
E00038721,287,42,19,23,245,22,223,14.634146341463413,6.620209059233449,8.013937282229964,85.36585365853658,7.665505226480835,77.70034843205575
E00038722,260,48,17,31,212,21,191,18.461538461538463,6.538461538461539,11.923076923076923,81.53846153846153,8.076923076923077,73.46153846153847
E00038723,351,104,65,39,247,31,216,29.629629629629626,18.51851851851852,11.11111111111111,70.37037037037037,8.831908831908832,61.53846153846154
E00038724,296,45,19,26,251,29,222,15.202702702702704,6.418918918918918,8.783783783783784,84.7972972972973,9.797297297297296,75
E00038725,324,58,15,43,266,16,250,17.901234567901234,4.62962962962963,13.271604938271606,82.09876543209876,4.938271604938271,77.1604938271605
E00038727,295,53,15,38,242,29,213,17.966101694915253,5.084745762711865,12.88135593220339,82.03389830508473,9.830508474576272,72.20338983050848
E00038728,300,48,13,35,252,22,230,16,4.333333333333334,11.666666666666666,84,7.333333333333333,76.66666666666667
E00038730,265,39,22,17,226,23,203,14.716981132075471,8.30188679245283,6.415094339622642,85.28301886792453,8.679245283018867,76.60377358490567
E00038731,365,59,31,28,306,13,293,16.164383561643834,8.493150684931507,7.671232876712329,83.83561643835617,3.5616438356164384,80.27397260273973
E00038732,306,42,21,21,264,7,257,13.725490196078432,6.862745098039216,6.862745098039216,86.27450980392157,2.287581699346405,83.98692810457517
E00038733,398,59,31,28,339,17,322,14.824120603015075,7.788944723618091,7.035175879396985,85.17587939698493,4.271356783919598,80.90452261306532
E00038734,369,70,35,35,299,19,280,18.97018970189702,9.48509485094851,9.48509485094851,81.02981029810297,5.149051490514905,75.88075880758808
E00038735,414,66,30,36,348,17,331,15.942028985507244,7.246376811594203,8.695652173913043,84.05797101449275,4.1062801932367154,79.95169082125604
E00038736,382,61,28,33,321,8,313,15.968586387434556,7.329842931937172,8.638743455497382,84.03141361256544,2.094240837696335,81.93717277486911
E00038737,311,58,30,28,253,9,244,18.64951768488746,9.646302250803858,9.003215434083602,81.35048231511254,2.8938906752411575,78.45659163987139
E00038738,309,39,19,20,270,18,252,12.62135922330097,6.148867313915858,6.472491909385113,87.37864077669903,5.825242718446602,81.55339805825243
E00038739,381,74,38,36,307,22,285,19.42257217847769,9.973753280839896,9.448818897637794,80.5774278215223,5.774278215223097,74.80314960629921
E00038740,256,53,33,20,203,20,183,20.703125,12.890625,7.8125,79.296875,7.8125,71.484375
E00038741,396,112,59,53,284,24,260,28.28282828282828,14.898989898989898,13.383838383838384,71.71717171717171,6.0606060606060606,65.65656565656566
E00038742,285,50,16,34,235,22,213,17.543859649122805,5.614035087719298,11.929824561403509,82.45614035087719,7.719298245614035,74.73684210526315
E00038743,226,44,19,25,182,7,175,19.469026548672566,8.4070796460177,11.061946902654867,80.53097345132744,3.0973451327433628,77.43362831858407
E00038744,320,80,46,34,240,15,225,25,14.374999999999998,10.625,75,4.6875,70.3125
E00038745,392,52,21,31,340,32,308,13.26530612244898,5.357142857142857,7.908163265306123,86.73469387755102,8.16326530612245,78.57142857142857
E00038746,294,61,14,47,233,15,218,20.74829931972789,4.761904761904762,15.98639455782313,79.25170068027211,5.1020408163265305,74.14965986394559
E00038747,366,51,23,28,315,15,300,13.934426229508196,6.284153005464481,7.650273224043716,86.0655737704918,4.098360655737705,81.9672131147541
E00038748,297,50,20,30,247,24,223,16.835016835016837,6.7340067340067336,10.1010101010101,83.16498316498317,8.080808080808081,75.08417508417509
E00038749,317,53,19,34,264,39,225,16.7192429022082,5.993690851735016,10.725552050473187,83.2807570977918,12.302839116719243,70.97791798107255
E00038751,321,50,18,32,271,31,240,15.57632398753894,5.607476635514018,9.968847352024921,84.42367601246106,9.657320872274143,74.76635514018692
E00038752,335,32,18,14,303,14,289,9.55223880597015,5.3731343283582085,4.179104477611941,90.44776119402985,4.179104477611941,86.26865671641791
E00038753,344,43,17,26,301,21,280,12.5,4.941860465116279,7.55813953488372,87.5,6.104651162790697,81.3953488372093
E00038755,246,52,24,28,194,16,178,21.138211382113823,9.75609756097561,11.38211382113821,78.86178861788618,6.504065040650407,72.35772357723577
E00038756,336,77,43,34,259,17,242,22.916666666666664,12.797619047619047,10.119047619047619,77.08333333333334,5.059523809523809,72.02380952380952
E00038757,344,66,30,36,278,27,251,19.186046511627907,8.720930232558139,10.465116279069768,80.81395348837209,7.848837209302325,72.96511627906976
E00038758,285,110,61,49,175,25,150,38.59649122807017,21.403508771929825,17.192982456140353,61.40350877192983,8.771929824561402,52.63157894736842
E00038759,333,70,39,31,263,21,242,21.02102102102102,11.711711711711711,9.30930930930931,78.97897897897897,6.306306306306306,72.67267267267268
E00038760,351,89,43,46,262,15,247,25.356125356125357,12.250712250712251,13.105413105413104,74.64387464387464,4.273504273504273,70.37037037037037
E00038761,474,89,41,48,385,27,358,18.776371308016877,8.649789029535865,10.126582278481013,81.22362869198312,5.69620253164557,75.52742616033755
E00038762,370,78,38,40,292,18,274,21.08108108108108,10.27027027027027,10.81081081081081,78.91891891891892,4.864864864864865,74.05405405405405
E00038763,271,83,42,41,188,16,172,30.627306273062732,15.498154981549817,15.129151291512915,69.37269372693727,5.904059040590406,63.46863468634686
E00038764,291,51,14,37,240,29,211,17.525773195876287,4.810996563573884,12.714776632302405,82.4742268041237,9.965635738831615,72.5085910652921
E00038765,253,50,22,28,203,20,183,19.76284584980237,8.695652173913043,11.067193675889328,80.23715415019763,7.905138339920949,72.33201581027669
E00038766,383,98,45,53,285,11,274,25.587467362924283,11.74934725848564,13.838120104438643,74.41253263707573,2.8720626631853787,71.54046997389034
E00038767,273,52,23,29,221,20,201,19.047619047619047,8.424908424908425,10.622710622710622,80.95238095238095,7.326007326007327,73.62637362637363
E00038768,359,74,39,35,285,20,265,20.61281337047354,10.86350974930362,9.749303621169917,79.38718662952647,5.571030640668524,73.81615598885793
E00038769,461,76,37,39,385,29,356,16.48590021691974,8.026030368763557,8.459869848156181,83.51409978308027,6.29067245119306,77.22342733188721
E00038770,232,82,49,33,150,12,138,35.3448275862069,21.120689655172413,14.224137931034484,64.65517241379311,5.172413793103448,59.48275862068966
E00038771,116,36,15,21,80,1,79,31.03448275862069,12.931034482758621,18.103448275862068,68.96551724137932,0.8620689655172413,68.10344827586206
E00038772,362,48,21,27,314,28,286,13.259668508287293,5.801104972375691,7.458563535911603,86.74033149171271,7.734806629834254,79.00552486187846
E00038773,368,91,43,48,277,13,264,24.728260869565215,11.684782608695652,13.043478260869565,75.27173913043478,3.532608695652174,71.73913043478261
E00038774,356,50,26,24,306,9,297,14.04494382022472,7.303370786516854,6.741573033707865,85.95505617977528,2.528089887640449,83.42696629213484
E00038775,327,54,21,33,273,18,255,16.51376146788991,6.422018348623854,10.091743119266056,83.4862385321101,5.5045871559633035,77.98165137614679
E00038776,351,50,18,32,301,18,283,14.245014245014245,5.128205128205128,9.116809116809117,85.75498575498575,5.128205128205128,80.62678062678063
E00038777,322,47,15,32,275,19,256,14.596273291925465,4.658385093167702,9.937888198757763,85.40372670807453,5.900621118012422,79.5031055900621
E00038778,329,58,30,28,271,15,256,17.62917933130699,9.118541033434651,8.51063829787234,82.37082066869301,4.5592705167173255,77.81155015197568
E00038779,325,51,24,27,274,19,255,15.692307692307692,7.384615384615385,8.307692307692308,84.3076923076923,5.846153846153846,78.46153846153847
E00038780,326,41,18,23,285,15,270,12.576687116564417,5.521472392638037,7.05521472392638,87.42331288343557,4.601226993865031,82.82208588957054
E00038781,266,47,27,20,219,15,204,17.669172932330827,10.150375939849624,7.518796992481203,82.33082706766918,5.639097744360902,76.69172932330827
E00038782,309,58,17,41,251,25,226,18.77022653721683,5.501618122977346,13.268608414239482,81.22977346278317,8.090614886731391,73.13915857605178
E00038783,306,40,20,20,266,15,251,13.071895424836603,6.535947712418301,6.535947712418301,86.9281045751634,4.901960784313726,82.02614379084967
E00038784,265,41,21,20,224,13,211,15.471698113207546,7.9245283018867925,7.547169811320755,84.52830188679246,4.905660377358491,79.62264150943396
E00038785,302,31,17,14,271,18,253,10.264900662251655,5.629139072847682,4.635761589403973,89.73509933774835,5.960264900662252,83.77483443708608
E00038786,327,61,24,37,266,18,248,18.654434250764528,7.339449541284404,11.314984709480122,81.34556574923548,5.5045871559633035,75.84097859327217
E00038787,304,48,23,25,256,9,247,15.789473684210526,7.565789473684211,8.223684210526317,84.21052631578947,2.9605263157894735,81.25
E00038788,331,61,20,41,270,18,252,18.429003021148034,6.042296072507553,12.386706948640484,81.57099697885197,5.438066465256798,76.13293051359517
E00172372,350,35,16,19,315,27,288,10,4.571428571428571,5.428571428571429,90,7.7142857142857135,82.28571428571428
E00172373,235,22,3,19,213,13,200,9.361702127659575,1.276595744680851,8.085106382978724,90.63829787234042,5.531914893617021,85.1063829787234
E00172374,168,26,10,16,142,13,129,15.476190476190476,5.952380952380952,9.523809523809524,84.52380952380952,7.738095238095238,76.78571428571429
E00172375,335,43,20,23,292,31,261,12.835820895522387,5.970149253731343,6.865671641791045,87.16417910447761,9.253731343283581,77.91044776119404
E00172376,272,36,8,28,236,24,212,13.23529411764706,2.941176470588235,10.294117647058822,86.76470588235294,8.823529411764707,77.94117647058823
E00172377,116,17,5,12,99,8,91,14.655172413793101,4.310344827586207,10.344827586206897,85.34482758620689,6.896551724137931,78.44827586206897
E00172378,250,25,4,21,225,13,212,10,1.6,8.4,90,5.2,84.8
E00172379,370,30,8,22,340,17,323,8.108108108108109,2.1621621621621623,5.9459459459459465,91.8918918918919,4.594594594594595,87.29729729729729
E00172380,225,22,7,15,203,16,187,9.777777777777779,3.111111111111111,6.666666666666667,90.22222222222223,7.111111111111111,83.11111111111111
E00172381,328,44,13,31,284,16,268,13.414634146341465,3.9634146341463414,9.451219512195122,86.58536585365853,4.878048780487805,81.70731707317073
E00172382,2092,780,216,564,1312,195,1117,37.2848948374761,10.325047801147228,26.95984703632887,62.7151051625239,9.321223709369026,53.393881453154876
E00172383,215,12,4,8,203,11,192,5.5813953488372094,1.8604651162790697,3.7209302325581395,94.41860465116278,5.116279069767442,89.30232558139535
E00172384,342,22,11,11,320,22,298,6.432748538011696,3.216374269005848,3.216374269005848,93.56725146198829,6.432748538011696,87.13450292397661
E00172385,208,16,4,12,192,11,181,7.6923076923076925,1.9230769230769231,5.769230769230769,92.3076923076923,5.288461538461538,87.01923076923077
E00172386,394,31,9,22,363,26,337,7.868020304568528,2.284263959390863,5.583756345177665,92.13197969543148,6.598984771573605,85.53299492385787
E00172388,293,27,12,15,266,25,241,9.215017064846416,4.09556313993174,5.1194539249146755,90.78498293515358,8.532423208191126,82.25255972696246
E00172389,261,23,9,14,238,20,218,8.812260536398467,3.4482758620689653,5.363984674329502,91.18773946360153,7.662835249042145,83.5249042145594
E00172390,359,43,19,24,316,34,282,11.977715877437326,5.2924791086350975,6.685236768802229,88.02228412256268,9.47075208913649,78.55153203342618
E00172391,312,46,17,29,266,21,245,14.743589743589745,5.448717948717949,9.294871794871796,85.25641025641025,6.730769230769231,78.52564102564102
E00172392,199,23,10,13,176,13,163,11.557788944723619,5.025125628140704,6.532663316582915,88.44221105527639,6.532663316582915,81.90954773869346
E00172393,147,27,15,12,120,8,112,18.367346938775512,10.204081632653061,8.16326530612245,81.63265306122449,5.442176870748299,76.19047619047619
E00172394,490,49,21,28,441,16,425,10,4.285714285714286,5.714285714285714,90,3.2653061224489797,86.73469387755102
E00172395,310,15,6,9,295,17,278,4.838709677419355,1.935483870967742,2.903225806451613,95.16129032258065,5.483870967741936,89.6774193548387
E00172396,203,40,25,15,163,6,157,19.704433497536947,12.31527093596059,7.389162561576355,80.29556650246306,2.955665024630542,77.33990147783251
E00172397,315,63,22,41,252,16,236,20,6.984126984126984,13.015873015873018,80,5.079365079365079,74.92063492063492
E00172398,261,62,45,17,199,12,187,23.754789272030653,17.24137931034483,6.513409961685824,76.24521072796935,4.597701149425287,71.64750957854406
E00172399,263,33,9,24,230,20,210,12.547528517110266,3.4220532319391634,9.125475285171103,87.45247148288973,7.604562737642586,79.84790874524715
E00172401,115,25,11,14,90,7,83,21.73913043478261,9.565217391304348,12.173913043478262,78.26086956521739,6.086956521739131,72.17391304347827
E00182647,299,83,39,44,216,21,195,27.759197324414714,13.043478260869565,14.715719063545151,72.24080267558529,7.023411371237458,65.21739130434783
E00182648,551,92,52,40,459,36,423,16.696914700544465,9.43738656987296,7.259528130671507,83.30308529945553,6.533575317604355,76.76950998185119
E00182651,551,41,14,27,510,41,469,7.441016333938294,2.540834845735027,4.900181488203267,92.5589836660617,7.441016333938294,85.11796733212341
E00182652,197,17,7,10,180,13,167,8.629441624365482,3.5532994923857872,5.0761421319796955,91.37055837563452,6.598984771573605,84.77157360406092
E00182653,299,40,12,28,259,18,241,13.377926421404682,4.013377926421405,9.364548494983277,86.62207357859532,6.0200668896321075,80.60200668896321
E00182658,159,30,7,23,129,9,120,18.867924528301888,4.40251572327044,14.465408805031446,81.13207547169812,5.660377358490567,75.47169811320755
E00182659,313,19,4,15,294,18,276,6.070287539936102,1.2779552715654952,4.792332268370607,93.9297124600639,5.7507987220447285,88.17891373801918
E00182660,196,9,3,6,187,19,168,4.591836734693878,1.530612244897959,3.061224489795918,95.40816326530613,9.693877551020408,85.71428571428571
E00182661,230,12,6,6,218,9,209,5.217391304347826,2.608695652173913,2.608695652173913,94.78260869565217,3.91304347826087,90.8695652173913
E00182664,464,34,11,23,430,37,393,7.327586206896551,2.3706896551724137,4.956896551724138,92.67241379310344,7.974137931034483,84.69827586206897
E00182666,316,47,18,29,269,15,254,14.873417721518987,5.69620253164557,9.177215189873419,85.12658227848101,4.746835443037975,80.37974683544303
E00182667,328,72,37,35,256,16,240,21.951219512195124,11.28048780487805,10.670731707317072,78.04878048780488,4.878048780487805,73.17073170731707
E00182668,139,28,9,19,111,12,99,20.14388489208633,6.474820143884892,13.66906474820144,79.85611510791367,8.633093525179856,71.22302158273382
E00182672,120,2,0,2,118,8,110,1.6666666666666667,0,1.6666666666666667,98.33333333333333,6.666666666666667,91.66666666666666
E00182674,373,33,7,26,340,25,315,8.847184986595174,1.876675603217158,6.970509383378016,91.15281501340483,6.702412868632708,84.45040214477211
E00182675,305,44,23,21,261,32,229,14.426229508196723,7.540983606557377,6.885245901639345,85.57377049180329,10.491803278688524,75.08196721311475
E00182676,554,58,20,38,496,36,460,10.469314079422382,3.6101083032490973,6.859205776173286,89.53068592057761,6.4981949458483745,83.03249097472924
E00182677,567,30,12,18,537,38,499,5.291005291005291,2.1164021164021163,3.1746031746031744,94.70899470899471,6.701940035273369,88.00705467372134
E00182679,190,56,26,30,134,17,117,29.47368421052631,13.684210526315791,15.789473684210526,70.52631578947368,8.947368421052632,61.578947368421055
E00182681,448,70,19,51,378,37,341,15.625,4.241071428571429,11.383928571428571,84.375,8.258928571428571,76.11607142857143
E00182683,141,33,28,5,108,9,99,23.404255319148938,19.858156028368796,3.546099290780142,76.59574468085107,6.382978723404255,70.2127659574468
E00182684,111,9,1,8,102,4,98,8.108108108108109,0.9009009009009009,7.207207207207207,91.8918918918919,3.6036036036036037,88.28828828828829
E00182685,377,59,27,32,318,27,291,15.649867374005305,7.161803713527852,8.488063660477453,84.3501326259947,7.161803713527852,77.18832891246684
E00182688,228,37,15,22,191,16,175,16.228070175438596,6.578947368421052,9.649122807017543,83.77192982456141,7.017543859649122,76.75438596491229
E00182689,143,21,9,12,122,9,113,14.685314685314685,6.293706293706294,8.391608391608392,85.3146853146853,6.293706293706294,79.02097902097903
E00182692,114,21,7,14,93,5,88,18.421052631578945,6.140350877192982,12.280701754385964,81.57894736842105,4.385964912280701,77.19298245614034
E00182693,396,34,11,23,362,25,337,8.585858585858585,2.7777777777777777,5.808080808080808,91.41414141414141,6.313131313131313,85.1010101010101
E00182695,237,83,57,26,154,13,141,35.0210970464135,24.050632911392405,10.970464135021098,64.9789029535865,5.485232067510549,59.49367088607595
E00182696,315,88,45,43,227,16,211,27.936507936507937,14.285714285714285,13.65079365079365,72.06349206349206,5.079365079365079,66.98412698412697
E00182698,559,103,42,61,456,43,413,18.425760286225405,7.5134168157423975,10.912343470483005,81.5742397137746,7.6923076923076925,73.8819320214669
E00182699,529,52,14,38,477,28,449,9.829867674858223,2.6465028355387523,7.183364839319471,90.17013232514176,5.293005671077505,84.87712665406427
E00182700,187,21,6,15,166,18,148,11.229946524064172,3.2085561497326207,8.0213903743315509,88.77005347593582,9.62566844919786,79.14438502673798
E00182701,411,49,20,29,362,31,331,11.922141119221411,4.866180048661801,7.0559610705596105,88.07785888077859,7.542579075425791,80.5352798053528
E00182704,358,62,29,33,296,22,274,17.318435754189945,8.100558659217876,9.217877094972067,82.68156424581005,6.145251396648044,76.53631284916202
E00182705,466,48,13,35,418,26,392,10.300429184549357,2.7896995708154506,7.510729613733906,89.69957081545064,5.579399141630901,84.12017167381974
E00182706,240,27,13,14,213,8,205,11.25,5.416666666666667,5.833333333333333,88.75,3.3333333333333335,85.41666666666666
E00182707,601,89,27,62,512,41,471,14.80865224625624,4.492512479201332,10.316139767054908,85.19134775374376,6.821963394342761,78.369384359401
E00182708,325,16,5,11,309,25,284,4.923076923076923,1.5384615384615385,3.3846153846153846,95.07692307692308,7.6923076923076925,87.38461538461539
E00182711,381,53,22,31,328,19,309,13.910761154855644,5.774278215223097,8.136482939632545,86.08923884514435,4.986876640419948,81.10236220472441
E00182713,132,16,7,9,116,43,73,12.121212121212121,5.303030303030303,6.8181818181818175,87.87878787878788,32.57575757575758,55.3030303030303
E00182715,219,30,18,12,189,11,178,13.698630136986301,8.21917808219178,5.47945205479452,86.3013698630137,5.0228310502283104,81.27853881278538
E00182717,380,36,19,17,344,22,322,9.473684210526317,5,4.473684210526316,90.52631578947368,5.7894736842105265,84.73684210526315
E00182718,302,34,20,14,268,17,251,11.258278145695364,6.622516556291391,4.635761589403973,88.74172185430463,5.629139072847682,83.11258278145695
E00182719,280,74,40,34,206,22,184,26.42857142857143,14.285714285714285,12.142857142857142,73.57142857142858,7.857142857142857,65.71428571428571
E00182720,270,34,11,23,236,18,218,12.592592592592592,4.074074074074074,8.518518518518519,87.4074074074074,6.666666666666667,80.74074074074075
E00182721,189,11,5,6,178,11,167,5.82010582010582,2.6455026455026456,3.1746031746031744,94.17989417989418,5.82010582010582,88.35978835978835
E00182724,340,27,8,19,313,23,290,7.941176470588235,2.3529411764705883,5.588235294117648,92.05882352941175,6.764705882352941,85.29411764705883
E00182726,246,50,34,16,196,10,186,20.32520325203252,13.821138211382115,6.504065040650407,79.67479674796748,4.0650406504065035,75.60975609756098
E00182729,534,27,7,20,507,45,462,5.056179775280898,1.3108614232209739,3.7453183520599254,94.9438202247191,8.426966292134832,86.51685393258427
E00182731,243,27,18,9,216,8,208,11.11111111111111,7.4074074074074066,3.7037037037037033,88.88888888888889,3.292181069958848,85.59670781893004
E00182732,201,17,6,11,184,19,165,8.45771144278607,2.9850746268656714,5.472636815920398,91.54228855721394,9.45273631840796,82.08955223880598
E00182733,269,76,42,34,193,11,182,28.25278810408922,15.613382899628252,12.639405204460965,71.74721189591078,4.089219330855019,67.65799256505576
E00182734,273,32,13,19,241,8,233,11.72161172161172,4.761904761904762,6.95970695970696,88.27838827838828,2.93040293040293,85.34798534798534
E00182735,98,13,4,9,85,2,83,13.26530612244898,4.081632653061225,9.183673469387756,86.73469387755102,2.0408163265306123,84.6938775510204
E00182736,329,65,34,31,264,20,244,19.756838905775076,10.33434650455927,9.422492401215806,80.24316109422493,6.079027355623101,74.16413373860182
E00182737,235,34,13,21,201,6,195,14.468085106382977,5.531914893617021,8.936170212765958,85.53191489361703,2.553191489361702,82.97872340425532
E00182738,135,18,7,11,117,9,108,13.333333333333334,5.185185185185185,8.148148148148149,86.66666666666667,6.666666666666667,80
E00182739,132,15,5,10,117,9,108,11.363636363636363,3.787878787878788,7.575757575757576,88.63636363636364,6.8181818181818175,81.81818181818183
E00182740,206,23,7,16,183,10,173,11.165048543689322,3.3980582524271843,7.766990291262135,88.83495145631069,4.854368932038835,83.98058252427184
E00182743,347,30,9,21,317,30,287,8.645533141210375,2.5936599423631126,6.051873198847262,91.35446685878964,8.645533141210375,82.70893371757924
