OA,ts0380001,ts0380002,ts0380003,ts0380004,ts0380005,ts0380006,ts0380007,ts0380002_PCT,ts0380003_PCT,ts0380004_PCT,ts0380005_PCT,ts0380006_PCT,ts0380007_PCT
E00135065,367,53,17,36,314,28,286,14.441416893732969,4.632152588555858,9.809264305177113,85.55858310626702,7.629427792915531,77.9291553133515
E00135067,281,38,16,22,243,17,226,13.523131672597867,5.6939501779359425,7.829181494661921,86.47686832740213,6.049822064056939,80.42704626334519
E00135068,228,33,10,23,195,17,178,14.473684210526317,4.385964912280701,10.087719298245613,85.52631578947368,7.456140350877193,78.0701754385965
E00135069,244,40,6,34,204,29,175,16.39344262295082,2.459016393442623,13.934426229508196,83.60655737704919,11.885245901639344,71.72131147540983
E00135070,503,64,32,32,439,35,404,12.72365805168986,6.36182902584493,6.36182902584493,87.27634194831015,6.958250497017893,80.31809145129225
E00135071,214,29,11,18,185,14,171,13.551401869158877,5.14018691588785,8.411214953271028,86.44859813084112,6.5420560747663545,79.90654205607477
E00135072,113,30,18,12,83,7,76,26.548672566371685,15.929203539823009,10.619469026548673,73.45132743362832,6.1946902654867255,67.2566371681416
E00135073,303,42,14,28,261,23,238,13.861386138613863,4.62046204620462,9.24092409240924,86.13861386138613,7.590759075907591,78.54785478547855
E00135074,210,24,9,15,186,8,178,11.428571428571429,4.285714285714286,7.142857142857142,88.57142857142857,3.8095238095238098,84.76190476190476
E00135075,337,68,32,36,269,23,246,20.178041543026705,9.495548961424333,10.682492581602373,79.82195845697329,6.824925816023739,72.99703264094956
E00135076,208,63,37,26,145,18,127,30.288461538461537,17.78846153846154,12.5,69.71153846153845,8.653846153846153,61.057692307692314
E00135077,140,14,1,13,126,18,108,10,0.7142857142857143,9.285714285714286,90,12.857142857142856,77.14285714285715
E00135078,250,56,32,24,194,11,183,22.400000000000002,12.8,9.6,77.60000000000001,4.3999999999999995,73.2
E00135079,294,68,33,35,226,15,211,23.12925170068027,11.224489795918368,11.904761904761903,76.87074829931973,5.1020408163265305,71.7687074829932
E00135080,205,58,25,33,147,12,135,28.292682926829265,12.195121951219512,16.097560975609756,71.70731707317073,5.853658536585367,65.85365853658537
E00135081,202,46,18,28,156,14,142,22.772277227722775,8.91089108910891,13.861386138613863,77.22772277227723,6.9306930693069315,70.29702970297029
E00135082,289,56,26,30,233,24,209,19.377162629757784,8.996539792387544,10.380622837370241,80.62283737024222,8.304498269896193,72.31833910034602
E00135083,296,72,36,36,224,21,203,24.324324324324326,12.162162162162163,12.162162162162163,75.67567567567568,7.094594594594595,68.58108108108108
E00135084,242,40,16,24,202,22,180,16.528925619834713,6.6115702479338845,9.917355371900827,83.47107438016529,9.090909090909092,74.3801652892562
E00135085,274,50,21,29,224,26,198,18.248175182481752,7.664233576642336,10.583941605839415,81.75182481751825,9.48905109489051,72.26277372262774
E00135088,261,75,34,41,186,14,172,28.735632183908045,13.026819923371647,15.708812260536398,71.26436781609196,5.363984674329502,65.90038314176245
E00135089,257,45,19,26,212,35,177,17.509727626459142,7.392996108949417,10.116731517509727,82.49027237354085,13.618677042801556,68.8715953307393
E00135090,235,88,34,54,147,16,131,37.4468085106383,14.468085106382977,22.97872340425532,62.5531914893617,6.808510638297872,55.74468085106383
E00135091,233,50,22,28,183,14,169,21.45922746781116,9.44206008583691,12.017167381974248,78.54077253218884,6.008583690987124,72.53218884120172
E00135092,214,50,19,31,164,21,143,23.364485981308412,8.878504672897195,14.485981308411214,76.63551401869158,9.813084112149532,66.82242990654206
E00135093,278,71,37,34,207,26,181,25.539568345323744,13.309352517985612,12.23021582733813,74.46043165467626,9.352517985611511,65.10791366906474
E00135094,184,57,25,32,127,16,111,30.978260869565215,13.586956521739129,17.391304347826086,69.02173913043478,8.695652173913043,60.32608695652174
E00135095,291,50,27,23,241,22,219,17.18213058419244,9.278350515463918,7.903780068728522,82.81786941580756,7.560137457044673,75.25773195876289
E00135096,291,55,30,25,236,26,210,18.900343642611684,10.309278350515463,8.59106529209622,81.09965635738831,8.934707903780069,72.16494845360825
E00135097,182,68,40,28,114,11,103,37.362637362637365,21.978021978021978,15.384615384615385,62.637362637362635,6.043956043956044,56.59340659340659
E00135098,298,64,29,35,234,16,218,21.476510067114095,9.731543624161073,11.74496644295302,78.52348993288591,5.369127516778524,73.15436241610739
E00135099,358,46,16,30,312,30,282,12.849162011173185,4.4692737430167595,8.379888268156424,87.15083798882681,8.379888268156424,78.77094972067039
E00135100,255,57,32,25,198,21,177,22.35294117647059,12.549019607843137,9.803921568627452,77.64705882352942,8.235294117647058,69.41176470588235
E00135101,243,57,22,35,186,18,168,23.456790123456788,9.053497942386832,14.40329218106996,76.5432098765432,7.4074074074074066,69.1358024691358
E00135103,235,39,12,27,196,16,180,16.595744680851062,5.106382978723404,11.48936170212766,83.40425531914893,6.808510638297872,76.59574468085107
E00135104,213,48,23,25,165,20,145,22.535211267605636,10.7981220657277,11.737089201877934,77.46478873239437,9.389671361502346,68.07511737089203
E00135105,226,42,14,28,184,15,169,18.58407079646018,6.1946902654867255,12.389380530973451,81.41592920353983,6.637168141592921,74.77876106194691
E00135106,372,108,59,49,264,33,231,29.03225806451613,15.86021505376344,13.172043010752688,70.96774193548387,8.870967741935484,62.096774193548384
E00135107,300,51,22,29,249,30,219,17,7.333333333333333,9.666666666666666,83,10,73
E00135108,223,34,8,26,189,21,168,15.246636771300448,3.587443946188341,11.659192825112108,84.75336322869956,9.417040358744394,75.33632286995515
E00135109,310,42,12,30,268,23,245,13.548387096774196,3.870967741935484,9.67741935483871,86.45161290322581,7.419354838709677,79.03225806451613
E00135110,285,56,23,33,229,23,206,19.649122807017545,8.070175438596491,11.578947368421053,80.35087719298247,8.070175438596491,72.28070175438597
E00135111,213,60,34,26,153,16,137,28.169014084507044,15.96244131455399,12.206572769953052,71.83098591549296,7.511737089201878,64.31924882629107
E00135112,232,94,47,47,138,13,125,40.51724137931034,20.25862068965517,20.25862068965517,59.48275862068966,5.603448275862069,53.879310344827594
E00135113,269,52,29,23,217,21,196,19.33085501858736,10.780669144981413,8.550185873605948,80.66914498141264,7.806691449814126,72.86245353159852
E00135114,302,64,29,35,238,21,217,21.192052980132452,9.602649006622517,11.589403973509933,78.80794701986756,6.95364238410596,71.8543046357616
E00135115,223,38,14,24,185,17,168,17.040358744394617,6.278026905829597,10.762331838565023,82.95964125560538,7.623318385650224,75.33632286995515
E00135116,267,68,24,44,199,19,180,25.468164794007492,8.98876404494382,16.479400749063668,74.53183520599251,7.116104868913857,67.41573033707866
E00135117,192,44,23,21,148,14,134,22.916666666666664,11.979166666666668,10.9375,77.08333333333334,7.291666666666667,69.79166666666666
E00135118,304,66,30,36,238,23,215,21.710526315789476,9.868421052631579,11.842105263157894,78.28947368421053,7.565789473684211,70.72368421052632
E00135119,282,67,28,39,215,28,187,23.75886524822695,9.929078014184398,13.829787234042554,76.24113475177306,9.929078014184398,66.31205673758865
E00135120,264,89,42,47,175,28,147,33.71212121212121,15.909090909090908,17.803030303030305,66.28787878787878,10.606060606060606,55.68181818181818
E00135121,248,52,20,32,196,21,175,20.967741935483872,8.064516129032258,12.903225806451612,79.03225806451613,8.46774193548387,70.56451612903226
E00135122,371,76,32,44,295,30,265,20.485175202156334,8.62533692722372,11.859838274932615,79.51482479784366,8.086253369272237,71.42857142857143
E00135123,335,83,42,41,252,25,227,24.776119402985074,12.53731343283582,12.238805970149254,75.22388059701493,7.462686567164178,67.76119402985074
E00135124,204,39,15,24,165,13,152,19.11764705882353,7.352941176470589,11.76470588235294,80.88235294117648,6.372549019607843,74.50980392156863
E00135125,244,45,16,29,199,28,171,18.442622950819672,6.557377049180328,11.885245901639344,81.55737704918032,11.475409836065573,70.08196721311475
E00135126,253,49,21,28,204,20,184,19.367588932806324,8.300395256916996,11.067193675889328,80.63241106719367,7.905138339920949,72.72727272727273
E00135127,237,56,27,29,181,23,158,23.628691983122362,11.39240506329114,12.236286919831224,76.37130801687763,9.70464135021097,66.66666666666666
E00135128,210,49,23,26,161,20,141,23.333333333333332,10.952380952380953,12.380952380952381,76.66666666666667,9.523809523809524,67.14285714285714
E00135129,224,89,48,41,135,19,116,39.732142857142854,21.428571428571427,18.303571428571427,60.26785714285714,8.482142857142858,51.78571428571429
E00135130,250,87,41,46,163,12,151,34.8,16.400000000000002,18.4,65.2,4.8,60.4
E00135131,207,56,24,32,151,16,135,27.053140096618357,11.594202898550725,15.458937198067632,72.94685990338165,7.729468599033816,65.21739130434783
E00135132,272,57,25,32,215,15,200,20.955882352941178,9.191176470588236,11.76470588235294,79.04411764705883,5.514705882352941,73.52941176470588
E00135133,255,59,27,32,196,15,181,23.137254901960784,10.588235294117647,12.549019607843137,76.86274509803923,5.88235294117647,70.98039215686275
E00135134,252,67,27,40,185,21,164,26.58730158730159,10.714285714285714,15.873015873015872,73.4126984126984,8.333333333333332,65.07936507936508
E00135135,363,60,27,33,303,25,278,16.528925619834713,7.43801652892562,9.090909090909092,83.47107438016529,6.887052341597796,76.5840220385675
E00135136,239,46,21,25,193,20,173,19.246861924686193,8.786610878661087,10.460251046025103,80.75313807531381,8.368200836820083,72.38493723849372
E00135138,171,33,17,16,138,10,128,19.298245614035086,9.941520467836257,9.35672514619883,80.7017543859649,5.847953216374268,74.85380116959064
E00135139,316,106,61,45,210,12,198,33.54430379746836,19.303797468354432,14.240506329113925,66.45569620253164,3.79746835443038,62.65822784810127
E00135140,185,28,10,18,157,13,144,15.135135135135137,5.405405405405405,9.72972972972973,84.86486486486487,7.027027027027027,77.83783783783784
E00135141,292,72,22,50,220,19,201,24.65753424657534,7.534246575342466,17.123287671232877,75.34246575342466,6.506849315068493,68.83561643835617
E00135142,286,45,21,24,241,16,225,15.734265734265735,7.3426573426573425,8.391608391608392,84.26573426573427,5.594405594405594,78.67132867132867
E00135143,261,68,24,44,193,20,173,26.053639846743295,9.195402298850574,16.85823754789272,73.9463601532567,7.662835249042145,66.28352490421456
E00135144,381,92,43,49,289,21,268,24.146981627296586,11.286089238845145,12.860892388451445,75.8530183727034,5.511811023622047,70.34120734908137
E00135145,284,64,32,32,220,16,204,22.535211267605636,11.267605633802818,11.267605633802818,77.46478873239437,5.633802816901409,71.83098591549296
E00135146,294,72,32,40,222,15,207,24.489795918367346,10.884353741496598,13.60544217687075,75.51020408163265,5.1020408163265305,70.40816326530613
E00135147,453,112,58,54,341,28,313,24.724061810154527,12.803532008830022,11.920529801324504,75.27593818984548,6.181015452538632,69.09492273730685
E00135148,326,126,53,73,200,18,182,38.65030674846626,16.257668711656443,22.392638036809817,61.34969325153374,5.521472392638037,55.828220858895705
E00135149,255,55,27,28,200,19,181,21.568627450980394,10.588235294117647,10.980392156862745,78.43137254901961,7.450980392156863,70.98039215686275
E00135150,389,74,40,34,315,19,296,19.02313624678663,10.282776349614396,8.740359897172237,80.97686375321337,4.884318766066838,76.09254498714652
E00135151,485,65,26,39,420,11,409,13.402061855670103,5.360824742268041,8.041237113402062,86.5979381443299,2.268041237113402,84.3298969072165
E00135152,282,94,40,54,188,10,178,33.33333333333333,14.184397163120568,19.148936170212767,66.66666666666666,3.546099290780142,63.12056737588653
E00135153,294,63,31,32,231,11,220,21.428571428571427,10.54421768707483,10.884353741496598,78.57142857142857,3.741496598639456,74.82993197278913
E00135154,461,127,62,65,334,26,308,27.54880694143167,13.449023861171366,14.099783080260304,72.45119305856834,5.639913232104121,66.81127982646422
E00135155,348,62,33,29,286,17,269,17.81609195402299,9.482758620689655,8.333333333333332,82.18390804597702,4.885057471264368,77.29885057471265
E00135156,354,87,38,49,267,18,249,24.576271186440678,10.734463276836157,13.841807909604519,75.42372881355932,5.084745762711865,70.33898305084746
E00135157,424,106,43,63,318,27,291,25,10.141509433962264,14.858490566037736,75,6.367924528301887,68.63207547169812
E00135158,299,126,64,62,173,15,158,42.14046822742475,21.40468227424749,20.735785953177256,57.859531772575245,5.016722408026756,52.84280936454849
E00135159,355,74,43,31,281,19,262,20.845070422535212,12.112676056338028,8.732394366197182,79.15492957746478,5.352112676056338,73.80281690140845
E00135160,305,71,33,38,234,15,219,23.278688524590162,10.819672131147541,12.459016393442624,76.72131147540983,4.918032786885246,71.80327868852459
E00135161,297,71,32,39,226,20,206,23.905723905723907,10.774410774410773,13.131313131313133,76.0942760942761,6.7340067340067336,69.36026936026936
E00135162,296,60,24,36,236,23,213,20.27027027027027,8.108108108108109,12.162162162162163,79.72972972972973,7.77027027027027,71.95945945945947
E00135163,291,57,19,38,234,28,206,19.587628865979383,6.529209621993128,13.058419243986256,80.41237113402062,9.621993127147768,70.79037800687286
E00135164,293,77,43,34,216,17,199,26.27986348122867,14.675767918088736,11.604095563139932,73.72013651877133,5.802047781569966,67.91808873720136
E00135165,286,75,42,33,211,16,195,26.223776223776223,14.685314685314685,11.538461538461538,73.77622377622379,5.594405594405594,68.18181818181817
E00135166,348,80,31,49,268,27,241,22.988505747126435,8.908045977011495,14.080459770114942,77.01149425287356,7.758620689655173,69.25287356321839
E00135167,270,59,20,39,211,20,191,21.85185185185185,7.4074074074074066,14.444444444444443,78.14814814814814,7.4074074074074066,70.74074074074073
E00135168,356,79,30,49,277,24,253,22.191011235955056,8.426966292134832,13.764044943820226,77.80898876404494,6.741573033707865,71.06741573033707
E00135169,268,55,14,41,213,23,190,20.522388059701495,5.223880597014925,15.298507462686567,79.47761194029852,8.582089552238806,70.8955223880597
E00135170,284,56,26,30,228,20,208,19.718309859154928,9.15492957746479,10.56338028169014,80.28169014084507,7.042253521126761,73.23943661971832
E00135171,259,63,26,37,196,12,184,24.324324324324326,10.038610038610038,14.285714285714285,75.67567567567568,4.633204633204633,71.04247104247105
E00135172,239,45,23,22,194,22,172,18.828451882845187,9.623430962343097,9.205020920502092,81.17154811715481,9.205020920502092,71.96652719665272
E00135173,323,53,26,27,270,20,250,16.408668730650156,8.04953560371517,8.359133126934983,83.59133126934985,6.191950464396285,77.39938080495357
E00135174,291,67,27,40,224,21,203,23.02405498281787,9.278350515463918,13.745704467353953,76.97594501718214,7.216494845360824,69.7594501718213
E00135175,251,63,29,34,188,16,172,25.099601593625497,11.553784860557768,13.545816733067728,74.9003984063745,6.374501992031872,68.52589641434263
E00135176,247,64,30,34,183,23,160,25.910931174089068,12.145748987854251,13.765182186234817,74.08906882591093,9.31174089068826,64.77732793522267
E00135177,301,84,48,36,217,15,202,27.906976744186046,15.946843853820598,11.960132890365449,72.09302325581395,4.983388704318937,67.109634551495
E00135178,232,70,29,41,162,16,146,30.17241379310345,12.5,17.67241379310345,69.82758620689656,6.896551724137931,62.93103448275862
E00135179,266,83,43,40,183,17,166,31.203007518796994,16.165413533834585,15.037593984962406,68.796992481203,6.390977443609022,62.40601503759399
E00135180,269,76,36,40,193,13,180,28.25278810408922,13.382899628252787,14.869888475836431,71.74721189591078,4.83271375464684,66.91449814126395
E00135181,298,79,37,42,219,12,207,26.51006711409396,12.416107382550337,14.093959731543624,73.48993288590604,4.026845637583892,69.46308724832215
E00135182,255,70,35,35,185,15,170,27.450980392156865,13.725490196078432,13.725490196078432,72.54901960784314,5.88235294117647,66.66666666666666
E00135183,261,59,26,33,202,22,180,22.60536398467433,9.961685823754788,12.643678160919542,77.39463601532567,8.42911877394636,68.96551724137932
E00135184,274,107,55,52,167,19,148,39.05109489051095,20.072992700729927,18.97810218978102,60.94890510948905,6.934306569343065,54.01459854014598
E00135185,257,70,34,36,187,14,173,27.237354085603112,13.229571984435799,14.007782101167315,72.76264591439688,5.447470817120623,67.31517509727627
E00135186,279,101,57,44,178,19,159,36.200716845878134,20.43010752688172,15.770609318996415,63.799283154121866,6.810035842293908,56.98924731182796
E00135187,251,80,42,38,171,13,158,31.872509960159363,16.733067729083665,15.139442231075698,68.12749003984064,5.179282868525896,62.94820717131474
E00135188,273,79,38,41,194,14,180,28.93772893772894,13.91941391941392,15.018315018315018,71.06227106227107,5.128205128205128,65.93406593406593
E00135189,254,70,41,29,184,20,164,27.559055118110237,16.141732283464567,11.41732283464567,72.44094488188976,7.874015748031496,64.56692913385827
E00135190,342,69,29,40,273,19,254,20.175438596491226,8.47953216374269,11.695906432748536,79.82456140350878,5.555555555555555,74.26900584795322
E00135191,240,81,42,39,159,13,146,33.75,17.5,16.25,66.25,5.416666666666667,60.83333333333333
E00135192,341,115,59,56,226,18,208,33.724340175953074,17.302052785923756,16.422287390029325,66.27565982404691,5.278592375366569,60.997067448680355
E00135193,282,75,34,41,207,22,185,26.595744680851062,12.056737588652481,14.539007092198581,73.40425531914893,7.801418439716312,65.60283687943263
E00135194,278,67,29,38,211,18,193,24.100719424460433,10.431654676258994,13.66906474820144,75.89928057553958,6.474820143884892,69.42446043165468
E00135195,307,47,18,29,260,22,238,15.309446254071663,5.863192182410423,9.446254071661238,84.69055374592834,7.166123778501629,77.52442996742671
E00135196,363,156,97,59,207,14,193,42.97520661157025,26.72176308539945,16.2534435261708,57.02479338842975,3.8567493112947657,53.168044077134994
E00135197,433,86,38,48,347,15,332,19.861431870669747,8.775981524249422,11.085450346420323,80.13856812933025,3.4642032332563506,76.6743648960739
E00135198,292,56,24,32,236,28,208,19.17808219178082,8.21917808219178,10.95890410958904,80.82191780821918,9.58904109589041,71.23287671232876
E00135199,293,85,39,46,208,23,185,29.01023890784983,13.310580204778159,15.699658703071673,70.98976109215018,7.849829351535837,63.13993174061433
E00135200,457,74,29,45,383,44,339,16.192560175054705,6.3457330415754925,9.846827133479213,83.80743982494529,9.62800875273523,74.17943107221006
E00135201,378,53,15,38,325,28,297,14.02116402116402,3.968253968253968,10.052910052910052,85.97883597883597,7.4074074074074066,78.57142857142857
E00135202,305,102,55,47,203,17,186,33.442622950819676,18.0327868852459,15.40983606557377,66.55737704918033,5.573770491803279,60.983606557377044
E00135203,484,142,69,73,342,32,310,29.338842975206614,14.256198347107437,15.082644628099173,70.66115702479338,6.6115702479338845,64.0495867768595
E00135204,256,35,11,24,221,21,200,13.671875,4.296875,9.375,86.328125,8.203125,78.125
E00135205,245,52,19,33,193,18,175,21.224489795918366,7.755102040816326,13.46938775510204,78.77551020408163,7.346938775510205,71.42857142857143
E00135206,214,79,43,36,135,18,117,36.915887850467286,20.093457943925234,16.822429906542055,63.084112149532714,8.411214953271028,54.67289719626168
E00135207,232,61,22,39,171,23,148,26.29310344827586,9.482758620689655,16.810344827586206,73.70689655172413,9.913793103448276,63.793103448275865
E00135208,194,42,16,26,152,19,133,21.649484536082475,8.24742268041237,13.402061855670103,78.35051546391753,9.793814432989691,68.55670103092784
E00135209,302,79,45,34,223,22,201,26.158940397350992,14.90066225165563,11.258278145695364,73.84105960264901,7.28476821192053,66.55629139072848
E00135210,227,56,26,30,171,23,148,24.669603524229075,11.45374449339207,13.215859030837004,75.33039647577093,10.13215859030837,65.19823788546255
E00135211,498,92,43,49,406,32,374,18.473895582329316,8.634538152610443,9.839357429718875,81.52610441767068,6.425702811244979,75.1004016064257
E00135212,394,61,18,43,333,27,306,15.48223350253807,4.568527918781726,10.913705583756345,84.51776649746193,6.852791878172589,77.66497461928934
E00135213,312,73,31,42,239,20,219,23.397435897435898,9.935897435897436,13.461538461538462,76.6025641025641,6.41025641025641,70.1923076923077
E00135214,277,57,22,35,220,24,196,20.577617328519857,7.9422382671480145,12.63537906137184,79.42238267148014,8.664259927797833,70.7581227436823
E00135215,325,59,24,35,266,20,246,18.153846153846153,7.384615384615385,10.76923076923077,81.84615384615384,6.153846153846154,75.6923076923077
E00135216,175,37,19,18,138,11,127,21.142857142857142,10.857142857142858,10.285714285714285,78.85714285714286,6.2857142857142865,72.57142857142857
E00135217,412,60,19,41,352,47,305,14.563106796116504,4.611650485436893,9.951456310679612,85.43689320388349,11.407766990291263,74.02912621359224
E00135218,304,56,27,29,248,20,228,18.421052631578945,8.881578947368421,9.539473684210527,81.57894736842105,6.578947368421052,75
E00135219,264,43,18,25,221,26,195,16.28787878787879,6.8181818181818175,9.469696969696969,83.71212121212122,9.848484848484848,73.86363636363636
E00135220,327,60,21,39,267,23,244,18.34862385321101,6.422018348623854,11.926605504587156,81.65137614678899,7.033639143730887,74.61773700305811
E00135221,261,52,20,32,209,24,185,19.923371647509576,7.662835249042145,12.260536398467432,80.07662835249042,9.195402298850574,70.88122605363985
E00135222,323,68,31,37,255,31,224,21.052631578947366,9.597523219814242,11.455108359133128,78.94736842105263,9.597523219814242,69.3498452012384
E00135223,318,55,18,37,263,31,232,17.29559748427673,5.660377358490567,11.635220125786164,82.70440251572327,9.748427672955975,72.95597484276729
E00135224,253,83,42,41,170,26,144,32.80632411067194,16.600790513833992,16.205533596837945,67.19367588932806,10.276679841897234,56.916996047430835
E00135225,313,78,33,45,235,31,204,24.920127795527154,10.543130990415335,14.376996805111823,75.07987220447284,9.904153354632587,65.17571884984025
E00135226,262,42,21,21,220,21,199,16.030534351145036,8.015267175572518,8.015267175572518,83.96946564885496,8.015267175572518,75.95419847328245
E00135227,239,62,20,42,177,23,154,25.94142259414226,8.368200836820083,17.573221757322173,74.05857740585773,9.623430962343097,64.43514644351464
E00135228,275,59,22,37,216,12,204,21.454545454545453,8,13.454545454545455,78.54545454545455,4.363636363636364,74.18181818181819
E00135229,259,72,26,46,187,25,162,27.7992277992278,10.038610038610038,17.760617760617762,72.2007722007722,9.652509652509652,62.54826254826254
E00135230,206,65,28,37,141,14,127,31.55339805825243,13.592233009708737,17.96116504854369,68.44660194174757,6.796116504854369,61.6504854368932
E00135232,306,69,32,37,237,21,216,22.54901960784314,10.457516339869281,12.091503267973856,77.45098039215686,6.862745098039216,70.58823529411765
E00135233,362,79,29,50,283,21,262,21.823204419889503,8.011049723756907,13.812154696132598,78.1767955801105,5.801104972375691,72.37569060773481
E00135234,324,68,25,43,256,28,228,20.98765432098765,7.716049382716049,13.271604938271606,79.01234567901234,8.641975308641975,70.37037037037037
E00135235,308,62,31,31,246,35,211,20.12987012987013,10.064935064935066,10.064935064935066,79.87012987012987,11.363636363636363,68.5064935064935
E00135236,249,62,27,35,187,10,177,24.899598393574294,10.843373493975903,14.056224899598394,75.1004016064257,4.016064257028113,71.08433734939759
E00135237,268,53,21,32,215,25,190,19.776119402985074,7.835820895522389,11.940298507462686,80.22388059701493,9.328358208955224,70.8955223880597
E00135238,291,46,23,23,245,21,224,15.807560137457044,7.903780068728522,7.903780068728522,84.19243986254295,7.216494845360824,76.97594501718214
E00135239,316,43,22,21,273,19,254,13.60759493670886,6.962025316455696,6.6455696202531636,86.39240506329115,6.012658227848101,80.37974683544303
E00135240,229,38,14,24,191,19,172,16.593886462882097,6.11353711790393,10.480349344978166,83.4061135371179,8.296943231441048,75.10917030567686
E00135241,299,60,27,33,239,25,214,20.066889632107024,9.03010033444816,11.036789297658862,79.93311036789298,8.361204013377927,71.57190635451505
E00135242,147,25,10,15,122,13,109,17.006802721088434,6.802721088435375,10.204081632653061,82.99319727891157,8.843537414965986,74.14965986394559
E00135243,304,64,21,43,240,23,217,21.052631578947366,6.907894736842106,14.144736842105262,78.94736842105263,7.565789473684211,71.38157894736842
E00135244,241,72,38,34,169,13,156,29.87551867219917,15.767634854771783,14.107883817427386,70.12448132780082,5.394190871369295,64.73029045643153
E00135245,260,50,15,35,210,31,179,19.230769230769234,5.769230769230769,13.461538461538462,80.76923076923077,11.923076923076923,68.84615384615384
E00135246,141,41,21,20,100,9,91,29.078014184397162,14.893617021276595,14.184397163120568,70.92198581560284,6.382978723404255,64.53900709219859
E00135247,379,51,16,35,328,28,300,13.456464379947231,4.221635883905013,9.234828496042216,86.54353562005277,7.387862796833773,79.15567282321899
E00135248,368,102,40,62,266,15,251,27.717391304347828,10.869565217391305,16.847826086956523,72.28260869565217,4.076086956521739,68.20652173913044
E00135250,273,73,35,38,200,27,173,26.73992673992674,12.82051282051282,13.91941391941392,73.26007326007326,9.89010989010989,63.369963369963365
E00135251,268,51,18,33,217,19,198,19.029850746268657,6.7164179104477615,12.313432835820896,80.97014925373134,7.08955223880597,73.88059701492537
E00135252,250,37,10,27,213,26,187,14.799999999999999,4,10.8,85.2,10.4,74.8
E00135253,281,92,57,35,189,10,179,32.74021352313167,20.284697508896798,12.455516014234876,67.25978647686833,3.558718861209965,63.70106761565836
E00135254,374,96,43,53,278,27,251,25.668449197860966,11.497326203208557,14.171122994652407,74.33155080213903,7.219251336898395,67.11229946524064
E00135255,261,44,14,30,217,18,199,16.85823754789272,5.363984674329502,11.494252873563218,83.14176245210729,6.896551724137931,76.24521072796935
E00135256,337,120,85,35,217,15,202,35.60830860534125,25.222551928783382,10.385756676557865,64.39169139465875,4.451038575667656,59.940652818991104
E00135257,243,45,18,27,198,29,169,18.51851851851852,7.4074074074074066,11.11111111111111,81.48148148148148,11.934156378600823,69.54732510288066
E00135258,311,68,31,37,243,20,223,21.864951768488748,9.967845659163988,11.89710610932476,78.13504823151125,6.430868167202572,71.70418006430869
E00135259,367,88,40,48,279,25,254,23.978201634877383,10.899182561307901,13.079019073569482,76.02179836512262,6.811989100817439,69.20980926430518
E00135260,307,72,36,36,235,23,212,23.452768729641694,11.726384364820847,11.726384364820847,76.54723127035831,7.491856677524431,69.05537459283387
E00135261,263,69,31,38,194,12,182,26.23574144486692,11.787072243346007,14.44866920152091,73.76425855513308,4.562737642585551,69.20152091254754
E00135262,283,59,22,37,224,25,199,20.848056537102476,7.773851590106007,13.074204946996467,79.15194346289752,8.8339222614841,70.31802120141343
E00135263,216,67,35,32,149,13,136,31.01851851851852,16.203703703703702,14.814814814814813,68.98148148148148,6.018518518518518,62.96296296296296
E00135264,287,71,28,43,216,11,205,24.738675958188153,9.75609756097561,14.982578397212542,75.26132404181185,3.8327526132404177,71.42857142857143
E00135265,266,78,41,37,188,18,170,29.32330827067669,15.413533834586465,13.909774436090224,70.67669172932331,6.7669172932330826,63.90977443609023
E00135266,399,48,18,30,351,22,329,12.030075187969924,4.511278195488721,7.518796992481203,87.96992481203007,5.513784461152882,82.45614035087719
E00135267,252,66,33,33,186,15,171,26.190476190476193,13.095238095238097,13.095238095238097,73.80952380952381,5.952380952380952,67.85714285714286
E00135268,259,63,27,36,196,11,185,24.324324324324326,10.424710424710424,13.8996138996139,75.67567567567568,4.247104247104247,71.42857142857143
E00135269,290,62,31,31,228,18,210,21.379310344827587,10.689655172413794,10.689655172413794,78.62068965517241,6.206896551724138,72.41379310344827
E00135270,215,64,27,37,151,17,134,29.767441860465116,12.558139534883722,17.209302325581397,70.23255813953489,7.906976744186046,62.32558139534884
E00135271,275,58,34,24,217,19,198,21.09090909090909,12.363636363636363,8.727272727272728,78.9090909090909,6.909090909090909,72
E00135272,254,50,25,25,204,15,189,19.68503937007874,9.84251968503937,9.84251968503937,80.31496062992126,5.905511811023622,74.40944881889764
E00135273,363,88,41,47,275,17,258,24.242424242424242,11.294765840220386,12.947658402203857,75.75757575757575,4.683195592286501,71.07438016528926
E00135274,212,99,46,53,113,12,101,46.69811320754717,21.69811320754717,25,53.301886792452834,5.660377358490567,47.64150943396226
E00135275,382,97,48,49,285,23,262,25.392670157068064,12.56544502617801,12.827225130890053,74.60732984293193,6.020942408376963,68.58638743455498
E00135276,346,88,45,43,258,18,240,25.43352601156069,13.005780346820808,12.427745664739884,74.56647398843931,5.202312138728324,69.36416184971098
E00135277,370,97,53,44,273,16,257,26.216216216216214,14.324324324324325,11.891891891891893,73.78378378378379,4.324324324324325,69.45945945945947
E00135278,222,60,31,29,162,14,148,27.027027027027028,13.963963963963963,13.063063063063062,72.97297297297297,6.306306306306306,66.66666666666666
E00135279,412,151,67,84,261,11,250,36.650485436893206,16.2621359223301,20.388349514563107,63.3495145631068,2.669902912621359,60.679611650485434
E00135280,415,88,48,40,327,21,306,21.204819277108435,11.566265060240964,9.63855421686747,78.79518072289157,5.0602409638554215,73.73493975903614
E00135281,400,86,46,40,314,22,292,21.5,11.5,10,78.5,5.5,73
E00135283,298,71,41,30,227,11,216,23.825503355704697,13.758389261744966,10.06711409395973,76.1744966442953,3.691275167785235,72.48322147651007
E00135284,361,72,34,38,289,14,275,19.94459833795014,9.418282548476455,10.526315789473683,80.05540166204986,3.8781163434903045,76.17728531855957
E00135285,322,75,34,41,247,13,234,23.29192546583851,10.559006211180124,12.732919254658384,76.70807453416148,4.037267080745342,72.67080745341616
E00135286,274,62,24,38,212,27,185,22.62773722627737,8.75912408759124,13.86861313868613,77.37226277372264,9.854014598540147,67.51824817518248
E00135287,199,62,28,34,137,12,125,31.155778894472363,14.07035175879397,17.08542713567839,68.84422110552764,6.030150753768844,62.8140703517588
E00135288,318,74,41,33,244,13,231,23.270440251572328,12.89308176100629,10.377358490566039,76.72955974842768,4.088050314465408,72.64150943396226
E00135290,333,96,59,37,237,20,217,28.82882882882883,17.71771771771772,11.11111111111111,71.17117117117117,6.006006006006006,65.16516516516516
E00135291,368,75,42,33,293,11,282,20.380434782608695,11.41304347826087,8.967391304347826,79.61956521739131,2.989130434782609,76.63043478260869
E00135292,318,70,39,31,248,20,228,22.0125786163522,12.264150943396226,9.748427672955975,77.9874213836478,6.289308176100629,71.69811320754717
E00135293,322,88,48,40,234,20,214,27.32919254658385,14.906832298136646,12.422360248447205,72.67080745341616,6.211180124223603,66.45962732919256
E00135294,558,122,59,63,436,30,406,21.863799283154123,10.57347670250896,11.29032258064516,78.13620071684588,5.376344086021505,72.75985663082437
E00135295,304,82,32,50,222,10,212,26.973684210526315,10.526315789473683,16.447368421052634,73.02631578947368,3.289473684210526,69.73684210526315
E00135296,281,77,40,37,204,23,181,27.402135231316727,14.23487544483986,13.167259786476867,72.59786476868328,8.185053380782918,64.41281138790036
E00135297,307,76,32,44,231,23,208,24.7557003257329,10.423452768729643,14.332247557003258,75.2442996742671,7.491856677524431,67.75244299674267
E00135298,230,70,40,30,160,14,146,30.434782608695656,17.391304347826086,13.043478260869565,69.56521739130434,6.086956521739131,63.47826086956522
E00135299,299,82,31,51,217,11,206,27.424749163879596,10.367892976588628,17.05685618729097,72.5752508361204,3.678929765886288,68.89632107023411
E00135300,300,81,41,40,219,21,198,27,13.666666666666666,13.333333333333334,73,7.000000000000001,66
E00135301,368,94,47,47,274,19,255,25.543478260869566,12.771739130434783,12.771739130434783,74.45652173913044,5.163043478260869,69.29347826086956
E00135302,350,82,45,37,268,19,249,23.42857142857143,12.857142857142856,10.571428571428571,76.57142857142857,5.428571428571429,71.14285714285714
E00135303,317,87,44,43,230,15,215,27.444794952681388,13.880126182965299,13.564668769716087,72.55520504731862,4.73186119873817,67.82334384858044
E00135304,298,89,46,43,209,13,196,29.86577181208054,15.436241610738255,14.429530201342283,70.13422818791946,4.3624161073825505,65.77181208053692
E00135305,295,62,19,43,233,26,207,21.01694915254237,6.440677966101695,14.576271186440678,78.98305084745762,8.813559322033898,70.16949152542374
E00135306,355,42,20,22,313,22,291,11.830985915492958,5.633802816901409,6.197183098591549,88.16901408450704,6.197183098591549,81.97183098591549
E00135307,379,84,45,39,295,30,265,22.163588390501317,11.87335092348285,10.29023746701847,77.83641160949868,7.9155672823219,69.92084432717678
E00135308,336,49,21,28,287,24,263,14.583333333333334,6.25,8.333333333333332,85.41666666666666,7.142857142857142,78.27380952380952
E00135309,263,70,35,35,193,14,179,26.61596958174905,13.307984790874524,13.307984790874524,73.38403041825094,5.323193916349809,68.06083650190115
E00135311,243,52,15,37,191,25,166,21.39917695473251,6.172839506172839,15.22633744855967,78.60082304526749,10.2880658436214,68.3127572016461
E00135312,273,51,26,25,222,23,199,18.681318681318682,9.523809523809524,9.157509157509157,81.31868131868131,8.424908424908425,72.89377289377289
E00135313,185,48,24,24,137,9,128,25.945945945945947,12.972972972972974,12.972972972972974,74.05405405405405,4.864864864864865,69.1891891891892
E00135314,316,69,27,42,247,23,224,21.835443037974684,8.544303797468354,13.291139240506327,78.16455696202532,7.2784810126582276,70.88607594936708
E00135315,344,62,21,41,282,30,252,18.023255813953487,6.104651162790697,11.918604651162791,81.97674418604652,8.720930232558139,73.25581395348837
E00135316,251,81,41,40,170,15,155,32.27091633466135,16.334661354581673,15.936254980079681,67.729083665338635,5.9760956175298805,61.75298804780876
E00135317,204,49,25,24,155,17,138,24.019607843137255,12.254901960784313,11.76470588235294,75.98039215686273,8.333333333333332,67.64705882352942
E00135318,233,43,23,20,190,17,173,18.4549356223176,9.871244635193133,8.583690987124463,81.54506437768241,7.296137339055794,74.2489270386266
E00135319,312,48,19,29,264,19,245,15.384615384615385,6.089743589743589,9.294871794871796,84.61538461538461,6.089743589743589,78.52564102564102
E00135320,272,61,29,32,211,29,182,22.426470588235293,10.661764705882353,11.76470588235294,77.57352941176471,10.661764705882353,66.91176470588235
E00135321,267,53,23,30,214,20,194,19.850187265917604,8.614232209737828,11.235955056179774,80.14981273408239,7.490636704119851,72.65917602996255
E00135322,269,49,16,33,220,32,188,18.21561338289963,5.947955390334572,12.267657992565056,81.78438661710037,11.895910780669144,69.88847583643123
E00135323,277,47,13,34,230,30,200,16.967509025270758,4.693140794223827,12.274368231046932,83.03249097472924,10.830324909747292,72.20216606498195
E00135324,299,78,31,47,221,17,204,26.08695652173913,10.367892976588628,15.719063545150503,73.91304347826086,5.68561872909699,68.22742474916387
E00135325,258,60,28,32,198,20,178,23.25581395348837,10.852713178294573,12.4031007751938,76.74418604651163,7.751937984496124,68.9922480620155
E00135326,280,56,22,34,224,29,195,20,7.857142857142857,12.142857142857142,80,10.357142857142858,69.64285714285714
E00135327,337,87,28,59,250,25,225,25.816023738872403,8.30860534124629,17.50741839762611,74.1839762611276,7.418397626112759,66.76557863501483
E00135328,243,44,29,15,199,26,173,18.106995884773664,11.934156378600823,6.172839506172839,81.89300411522635,10.699588477366255,71.19341563786008
E00135329,255,49,17,32,206,13,193,19.215686274509807,6.666666666666667,12.549019607843137,80.7843137254902,5.098039215686274,75.68627450980392
E00135330,167,53,26,27,114,13,101,31.736526946107784,15.568862275449103,16.16766467065868,68.26347305389223,7.784431137724551,60.47904191616767
E00135331,375,103,64,39,272,30,242,27.46666666666667,17.066666666666666,10.4,72.53333333333333,8,64.53333333333333
E00135332,281,59,18,41,222,13,209,20.99644128113879,6.405693950177936,14.590747330960854,79.00355871886121,4.6263345195729535,74.37722419928826
E00135333,297,66,25,41,231,25,206,22.22222222222222,8.417508417508419,13.804713804713806,77.77777777777779,8.417508417508419,69.36026936026936
E00135334,321,52,17,35,269,28,241,16.1993769470405,5.29595015576324,10.903426791277258,83.8006230529595,8.722741433021806,75.0778816199377
E00135335,417,111,50,61,306,22,284,26.618705035971225,11.990407673860911,14.628297362110313,73.38129496402878,5.275779376498801,68.10551558752998
E00135336,260,50,14,36,210,19,191,19.230769230769234,5.384615384615385,13.846153846153847,80.76923076923077,7.307692307692308,73.46153846153847
E00135337,352,98,44,54,254,25,229,27.84090909090909,12.5,15.340909090909092,72.1590909090909,7.1022727272727275,65.05681818181817
E00135338,339,74,36,38,265,20,245,21.828908554572273,10.619469026548673,11.209439528023598,78.17109144542773,5.899705014749262,72.27138643067846
E00135340,308,61,25,36,247,27,220,19.805194805194805,8.116883116883116,11.688311688311687,80.1948051948052,8.766233766233766,71.42857142857143
E00135341,390,76,40,36,314,23,291,19.48717948717949,10.256410256410255,9.230769230769232,80.51282051282051,5.897435897435897,74.61538461538461
E00135342,308,62,29,33,246,21,225,20.12987012987013,9.415584415584416,10.714285714285714,79.87012987012987,6.8181818181818175,73.05194805194806
E00135343,335,83,36,47,252,28,224,24.776119402985074,10.746268656716417,14.029850746268657,75.22388059701493,8.358208955223882,66.86567164179105
E00135344,330,69,30,39,261,23,238,20.909090909090907,9.090909090909092,11.818181818181818,79.0909090909091,6.969696969696971,72.12121212121212
E00135345,328,71,28,43,257,22,235,21.646341463414632,8.536585365853659,13.109756097560975,78.35365853658537,6.707317073170732,71.64634146341463
E00135346,381,77,30,47,304,21,283,20.209973753280842,7.874015748031496,12.335958005249344,79.79002624671917,5.511811023622047,74.2782152230971
E00135347,303,84,45,39,219,17,202,27.722772277227726,14.85148514851485,12.871287128712872,72.27722772277228,5.6105610561056105,66.66666666666666
E00135348,282,69,28,41,213,20,193,24.46808510638298,9.929078014184398,14.539007092198581,75.53191489361703,7.092198581560284,68.43971631205675
E00135349,361,83,28,55,278,24,254,22.99168975069252,7.756232686980609,15.23545706371191,77.00831024930747,6.64819944598338,70.3601108033241
E00135350,327,68,35,33,259,22,237,20.795107033639145,10.703363914373089,10.091743119266056,79.20489296636084,6.727828746177369,72.47706422018348
E00135351,238,55,23,32,183,12,171,23.10924369747899,9.663865546218489,13.445378151260504,76.89075630252101,5.042016806722689,71.84873949579831
E00135352,354,96,53,43,258,24,234,27.11864406779661,14.971751412429379,12.146892655367232,72.88135593220339,6.779661016949152,66.10169491525424
E00135353,298,80,34,46,218,23,195,26.845637583892618,11.409395973154362,15.436241610738255,73.15436241610739,7.718120805369128,65.43624161073825
E00135354,346,89,39,50,257,22,235,25.722543352601157,11.271676300578035,14.450867052023122,74.27745664739885,6.358381502890173,67.91907514450867
E00135355,131,26,6,20,105,5,100,19.84732824427481,4.580152671755725,15.267175572519085,80.1526717557252,3.816793893129771,76.33587786259542
E00135356,266,70,27,43,196,19,177,26.31578947368421,10.150375939849624,16.165413533834585,73.68421052631578,7.142857142857142,66.54135338345864
E00135357,289,65,30,35,224,21,203,22.491349480968857,10.380622837370241,12.110726643598616,77.50865051903114,7.26643598615917,70.24221453287197
E00135358,207,66,33,33,141,15,126,31.88405797101449,15.942028985507244,15.942028985507244,68.11594202898551,7.246376811594203,60.86956521739131
E00135359,464,81,24,57,383,36,347,17.45689655172414,5.172413793103448,12.284482758620689,82.54310344827587,7.758620689655173,74.78448275862068
E00135361,264,72,25,47,192,28,164,27.27272727272727,9.469696969696969,17.803030303030305,72.72727272727273,10.606060606060606,62.121212121212125
E00135362,323,67,32,35,256,30,226,20.743034055727556,9.907120743034056,10.8359133126935,79.25696594427245,9.287925696594428,69.96904024767801
E00135363,380,53,29,24,327,30,297,13.94736842105263,7.631578947368421,6.315789473684211,86.05263157894737,7.894736842105263,78.15789473684211
E00135364,416,103,41,62,313,34,279,24.759615384615387,9.85576923076923,14.903846153846153,75.24038461538461,8.173076923076923,67.0673076923077
E00135365,278,83,43,40,195,11,184,29.856115107913666,15.467625899280577,14.388489208633093,70.14388489208633,3.9568345323741005,66.18705035971223
E00135366,347,75,36,39,272,31,241,21.613832853025936,10.37463976945245,11.239193083573488,78.38616714697406,8.93371757925072,69.45244956772333
E00135367,308,64,29,35,244,28,216,20.77922077922078,9.415584415584416,11.363636363636363,79.22077922077922,9.090909090909092,70.12987012987013
E00135368,203,41,15,26,162,13,149,20.19704433497537,7.389162561576355,12.807881773399016,79.80295566502463,6.403940886699508,73.39901477832512
E00135369,366,109,60,49,257,21,236,29.78142076502732,16.39344262295082,13.387978142076504,70.21857923497268,5.737704918032787,64.48087431693989
E00135370,307,65,26,39,242,18,224,21.172638436482085,8.469055374592834,12.703583061889251,78.82736156351791,5.863192182410423,72.9641693811075
E00135371,165,89,49,40,76,9,67,53.939393939393945,29.6969696969697,24.242424242424242,46.06060606060606,5.454545454545454,40.60606060606061
E00135372,301,50,17,33,251,18,233,16.611295681063122,5.647840531561462,10.96345514950166,83.38870431893687,5.980066445182724,77.40863787375415
E00135373,308,65,37,28,243,21,222,21.1038961038961,12.012987012987013,9.090909090909092,78.8961038961039,6.8181818181818175,72.07792207792207
E00135374,308,61,17,44,247,20,227,19.805194805194805,5.51948051948052,14.285714285714285,80.1948051948052,6.493506493506493,73.7012987012987
E00135375,286,50,20,30,236,24,212,17.482517482517483,6.993006993006993,10.48951048951049,82.51748251748252,8.391608391608392,74.12587412587412
E00135376,214,54,17,37,160,8,152,25.233644859813083,7.943925233644859,17.289719626168225,74.76635514018692,3.7383177570093453,71.02803738317756
E00135377,304,76,32,44,228,20,208,25,10.526315789473683,14.473684210526317,75,6.578947368421052,68.42105263157895
E00135378,317,90,42,48,227,18,209,28.391167192429023,13.249211356466878,15.141955835962145,71.60883280757098,5.678233438485805,65.93059936908517
E00135379,272,66,28,38,206,15,191,24.264705882352942,10.294117647058822,13.970588235294118,75.73529411764706,5.514705882352941,70.22058823529412
E00135380,307,74,40,34,233,19,214,24.104234527687296,13.029315960912053,11.074918566775244,75.8957654723127,6.188925081433225,69.70684039087948
E00135381,243,67,24,43,176,12,164,27.572016460905353,9.876543209876543,17.695473251028808,72.42798353909465,4.938271604938271,67.48971193415639
E00135382,301,85,41,44,216,17,199,28.23920265780731,13.621262458471762,14.61794019933555,71.76079734219269,5.647840531561462,66.11295681063123
E00135383,237,63,33,30,174,10,164,26.582278481012654,13.924050632911392,12.658227848101266,73.41772151898735,4.219409282700422,69.19831223628692
E00135384,241,80,35,45,161,15,146,33.19502074688796,14.522821576763487,18.672199170124482,66.80497925311202,6.224066390041494,60.58091286307054
E00169827,234,40,19,21,194,13,181,17.094017094017094,8.11965811965812,8.974358974358974,82.90598290598291,5.555555555555555,77.35042735042735
E00169828,188,44,21,23,144,6,138,23.404255319148938,11.170212765957446,12.23404255319149,76.59574468085107,3.1914893617021276,73.40425531914893
E00169829,227,36,15,21,191,5,186,15.859030837004406,6.607929515418502,9.251101321585903,84.14096916299559,2.2026431718061676,81.93832599118943
E00169830,233,39,16,23,194,20,174,16.738197424892704,6.866952789699571,9.871244635193133,83.2618025751073,8.583690987124463,74.67811158798283
E00169831,301,45,17,28,256,19,237,14.950166112956811,5.647840531561462,9.30232558139535,85.04983388704319,6.312292358803987,78.7375415282392
E00169832,197,32,18,14,165,13,152,16.243654822335024,9.137055837563452,7.1065989847715745,83.75634517766497,6.598984771573605,77.15736040609137
E00169833,364,53,15,38,311,20,291,14.560439560439562,4.1208791208791204,10.43956043956044,85.43956043956044,5.4945054945054945,79.94505494505495
E00169834,181,48,20,28,133,22,111,26.519337016574585,11.049723756906078,15.469613259668508,73.48066298342542,12.154696132596685,61.32596685082873
E00169835,230,27,13,14,203,17,186,11.73913043478261,5.6521739130434785,6.086956521739131,88.26086956521739,7.391304347826087,80.8695652173913
E00169836,340,80,33,47,260,21,239,23.52941176470588,9.705882352941178,13.823529411764707,76.47058823529412,6.176470588235294,70.29411764705881
E00169837,187,13,6,7,174,10,164,6.951871657754011,3.2085561497326207,3.7433155080213902,93.04812834224599,5.347593582887701,87.70053475935828
E00169838,366,86,37,49,280,34,246,23.497267759562842,10.10928961748634,13.387978142076504,76.50273224043715,9.289617486338798,67.21311475409836
E00169839,316,93,43,50,223,27,196,29.430379746835445,13.60759493670886,15.822784810126583,70.56962025316456,8.544303797468354,62.0253164556962
E00169840,354,24,11,13,330,16,314,6.779661016949152,3.1073446327683616,3.672316384180791,93.22033898305084,4.519774011299435,88.70056497175142
E00169841,421,55,20,35,366,29,337,13.064133016627078,4.750593824228028,8.31353919239905,86.93586698337292,6.88836104513064,80.04750593824228
E00169842,336,55,24,31,281,25,256,16.36904761904762,7.142857142857142,9.226190476190476,83.63095238095238,7.440476190476191,76.19047619047619
E00169843,211,59,29,30,152,13,139,27.96208530805687,13.744075829383887,14.218009478672986,72.03791469194313,6.161137440758294,65.87677725118483
E00169844,380,49,18,31,331,22,309,12.894736842105264,4.736842105263158,8.157894736842106,87.10526315789474,5.7894736842105265,81.3157894736842
E00169845,162,54,26,28,108,11,97,33.33333333333333,16.049382716049383,17.28395061728395,66.66666666666666,6.790123456790123,59.876543209876544
E00169846,189,41,22,19,148,19,129,21.693121693121693,11.64021164021164,10.052910052910052,78.3068783068783,10.052910052910052,68.25396825396825
E00184655,339,48,11,37,291,27,264,14.15929203539823,3.2448377581120944,10.914454277286136,85.84070796460178,7.964601769911504,77.87610619469027
E00184657,360,35,11,24,325,23,302,9.722222222222223,3.0555555555555554,6.666666666666667,90.27777777777779,6.388888888888888,83.88888888888889
E00184671,145,31,14,17,114,8,106,21.379310344827587,9.655172413793103,11.724137931034482,78.62068965517241,5.517241379310345,73.10344827586206
E00184675,239,65,31,34,174,18,156,27.19665271966527,12.97071129707113,14.225941422594143,72.80334728033473,7.531380753138076,65.27196652719665
E00184677,236,71,33,38,165,16,149,30.08474576271186,13.983050847457626,16.101694915254235,69.91525423728814,6.779661016949152,63.13559322033898
E00184688,192,26,9,17,166,14,152,13.541666666666666,4.6875,8.854166666666668,86.45833333333334,7.291666666666667,79.16666666666666
E00184689,127,27,10,17,100,12,88,21.25984251968504,7.874015748031496,13.385826771653544,78.74015748031496,9.448818897637794,69.29133858267717
E00184691,480,63,17,46,417,38,379,13.125,3.5416666666666665,9.583333333333334,86.875,7.916666666666666,78.95833333333333
E00184706,155,32,6,26,123,7,116,20.64516129032258,3.870967741935484,16.7741935483871,79.35483870967742,4.516129032258064,74.83870967741936
E00184712,366,82,32,50,284,17,267,22.404371584699454,8.743169398907105,13.661202185792352,77.59562841530054,4.644808743169399,72.95081967213115
E00184715,377,96,45,51,281,23,258,25.46419098143236,11.936339522546419,13.527851458885943,74.53580901856765,6.10079575596817,68.43501326259947
E00184716,568,40,13,27,528,34,494,7.042253521126761,2.2887323943661975,4.753521126760563,92.95774647887323,5.985915492957746,86.97183098591549
E00184718,531,43,17,26,488,34,454,8.097928436911488,3.2015065913371,4.8964218455743875,91.90207156308851,6.4030131826742,85.49905838041431
E00184721,452,94,37,57,358,39,319,20.79646017699115,8.185840707964601,12.610619469026549,79.20353982300885,8.628318584070795,70.57522123893806
E00184723,116,27,12,15,89,8,81,23.275862068965516,10.344827586206897,12.931034482758621,76.72413793103449,6.896551724137931,69.82758620689656
