OA,ts0590001,ts0590002,ts0590003,ts0590004,ts0590005,ts0590006,ts0590007,ts0590002_PCT,ts0590003_PCT,ts0590004_PCT,ts0590005_PCT,ts0590006_PCT,ts0590007_PCT
E00135065,168,72,18,54,96,81,15,42.857142857142854,10.714285714285714,32.142857142857146,57.14285714285714,48.214285714285715,8.928571428571429
E00135067,154,59,22,37,95,79,16,38.311688311688314,14.285714285714285,24.025974025974026,61.68831168831169,51.298701298701296,10.38961038961039
E00135068,131,33,10,23,98,80,18,25.190839694656486,7.633587786259542,17.557251908396946,74.80916030534351,61.06870229007634,13.740458015267176
E00135069,117,34,8,26,83,73,10,29.059829059829063,6.837606837606838,22.22222222222222,70.94017094017094,62.39316239316239,8.547008547008547
E00135070,247,79,28,51,168,129,39,31.983805668016196,11.336032388663968,20.647773279352226,68.0161943319838,52.226720647773284,15.789473684210526
E00135071,131,43,10,33,88,70,18,32.82442748091603,7.633587786259542,25.190839694656486,67.17557251908397,53.43511450381679,13.740458015267176
E00135072,36,14,2,12,22,20,2,38.88888888888889,5.555555555555555,33.33333333333333,61.111111111111114,55.55555555555556,5.555555555555555
E00135073,138,55,20,35,83,69,14,39.85507246376812,14.492753623188406,25.36231884057971,60.14492753623188,50,10.144927536231885
E00135074,120,37,12,25,83,70,13,30.833333333333336,10,20.833333333333336,69.16666666666667,58.333333333333336,10.833333333333334
E00135075,148,55,20,35,93,81,12,37.16216216216216,13.513513513513514,23.64864864864865,62.83783783783784,54.729729729729726,8.108108108108109
E00135076,77,31,6,25,46,38,8,40.25974025974026,7.792207792207792,32.467532467532465,59.74025974025974,49.35064935064935,10.38961038961039
E00135077,73,22,7,15,51,46,5,30.136986301369863,9.58904109589041,20.54794520547945,69.86301369863014,63.013698630136986,6.8493150684931505
E00135078,89,33,7,26,56,46,10,37.07865168539326,7.865168539325842,29.213483146067414,62.92134831460674,51.68539325842697,11.235955056179774
E00135079,111,34,12,22,77,60,17,30.630630630630627,10.81081081081081,19.81981981981982,69.36936936936937,54.054054054054056,15.315315315315313
E00135080,70,18,9,9,52,45,7,25.71428571428571,12.857142857142856,12.857142857142856,74.28571428571429,64.28571428571429,10
E00135081,79,20,6,14,59,53,6,25.31645569620253,7.59493670886076,17.72151898734177,74.68354430379746,67.08860759493672,7.59493670886076
E00135082,110,35,8,27,75,59,16,31.818181818181817,7.2727272727272725,24.545454545454547,68.18181818181817,53.63636363636364,14.545454545454545
E00135083,112,44,10,34,68,61,7,39.285714285714285,8.928571428571429,30.357142857142854,60.71428571428571,54.46428571428571,6.25
E00135084,117,37,6,31,80,70,10,31.62393162393162,5.128205128205128,26.495726495726498,68.37606837606837,59.82905982905983,8.547008547008547
E00135085,117,47,21,26,70,60,10,40.17094017094017,17.94871794871795,22.22222222222222,59.82905982905983,51.28205128205128,8.547008547008547
E00135088,93,36,11,25,57,41,16,38.70967741935484,11.827956989247312,26.881720430107524,61.29032258064516,44.086021505376344,17.20430107526882
E00135089,96,40,13,27,56,44,12,41.66666666666667,13.541666666666666,28.125,58.333333333333336,45.83333333333333,12.5
E00135090,86,31,7,24,55,47,8,36.04651162790697,8.13953488372093,27.906976744186046,63.95348837209303,54.65116279069767,9.30232558139535
E00135091,74,28,8,20,46,35,11,37.83783783783784,10.81081081081081,27.027027027027028,62.16216216216216,47.2972972972973,14.864864864864865
E00135092,74,35,8,27,39,34,5,47.2972972972973,10.81081081081081,36.486486486486484,52.702702702702695,45.94594594594595,6.756756756756757
E00135093,105,36,12,24,69,61,8,34.285714285714285,11.428571428571429,22.857142857142858,65.71428571428571,58.0952380952381,7.6190476190476195
E00135094,71,30,12,18,41,36,5,42.25352112676056,16.901408450704224,25.352112676056336,57.74647887323944,50.70422535211267,7.042253521126761
E00135095,127,43,24,19,84,73,11,33.85826771653544,18.89763779527559,14.960629921259844,66.14173228346458,57.48031496062992,8.661417322834646
E00135096,141,42,11,31,99,74,25,29.78723404255319,7.801418439716312,21.98581560283688,70.2127659574468,52.4822695035461,17.73049645390071
E00135097,53,12,4,8,41,29,12,22.641509433962266,7.547169811320755,15.09433962264151,77.35849056603774,54.71698113207547,22.641509433962266
E00135098,129,43,13,30,86,71,15,33.33333333333333,10.077519379844961,23.25581395348837,66.66666666666666,55.03875968992248,11.627906976744185
E00135099,171,51,11,40,120,106,14,29.82456140350877,6.432748538011696,23.391812865497073,70.17543859649122,61.98830409356725,8.187134502923977
E00135100,96,37,16,21,59,46,13,38.54166666666667,16.666666666666664,21.875,61.458333333333336,47.91666666666667,13.541666666666666
E00135101,110,42,16,26,68,57,11,38.18181818181819,14.545454545454545,23.636363636363637,61.81818181818181,51.81818181818182,10
E00135103,127,42,13,29,85,66,19,33.07086614173229,10.236220472440944,22.83464566929134,66.92913385826772,51.96850393700787,14.960629921259844
E00135104,73,17,6,11,56,42,14,23.28767123287671,8.21917808219178,15.068493150684931,76.71232876712328,57.534246575342465,19.17808219178082
E00135105,102,38,18,20,64,55,9,37.254901960784316,17.647058823529413,19.607843137254903,62.745098039215684,53.92156862745098,8.823529411764707
E00135106,138,43,16,27,95,73,22,31.15942028985507,11.594202898550725,19.565217391304348,68.84057971014492,52.89855072463768,15.942028985507244
E00135107,131,56,27,29,75,54,21,42.74809160305343,20.610687022900763,22.137404580152673,57.25190839694656,41.221374045801525,16.030534351145036
E00135108,108,35,12,23,73,61,12,32.407407407407405,11.11111111111111,21.296296296296298,67.5925925925926,56.481481481481474,11.11111111111111
E00135109,172,56,14,42,116,93,23,32.55813953488372,8.13953488372093,24.418604651162788,67.44186046511628,54.06976744186046,13.372093023255813
E00135110,133,44,13,31,89,70,19,33.08270676691729,9.774436090225564,23.308270676691727,66.9172932330827,52.63157894736842,14.285714285714285
E00135111,80,34,12,22,46,40,6,42.5,15,27.500000000000004,57.49999999999999,50,7.5
E00135112,66,30,10,20,36,32,4,45.45454545454545,15.151515151515152,30.303030303030305,54.54545454545454,48.484848484848484,6.0606060606060606
E00135113,132,42,15,27,90,71,19,31.818181818181817,11.363636363636363,20.454545454545457,68.18181818181817,53.78787878787878,14.393939393939394
E00135114,107,35,15,20,72,58,14,32.71028037383177,14.018691588785046,18.69158878504673,67.28971962616822,54.20560747663551,13.084112149532709
E00135115,105,30,9,21,75,65,10,28.57142857142857,8.571428571428571,20,71.42857142857143,61.904761904761905,9.523809523809524
E00135116,91,28,9,19,63,51,12,30.76923076923077,9.89010989010989,20.87912087912088,69.23076923076923,56.043956043956044,13.186813186813188
E00135117,96,30,6,24,66,56,10,31.25,6.25,25,68.75,58.333333333333336,10.416666666666668
E00135118,103,40,12,28,63,56,7,38.83495145631068,11.650485436893204,27.184466019417474,61.165048543689316,54.36893203883495,6.796116504854369
E00135119,108,51,16,35,57,50,7,47.22222222222222,14.814814814814813,32.407407407407405,52.77777777777778,46.2962962962963,6.481481481481481
E00135120,79,23,4,19,56,50,6,29.11392405063291,5.063291139240507,24.050632911392405,70.88607594936708,63.29113924050633,7.59493670886076
E00135121,89,36,17,19,53,44,9,40.44943820224719,19.101123595505616,21.34831460674157,59.55056179775281,49.43820224719101,10.112359550561797
E00135122,153,68,28,40,85,67,18,44.44444444444444,18.30065359477124,26.143790849673206,55.55555555555556,43.790849673202615,11.76470588235294
E00135123,151,53,19,34,98,80,18,35.099337748344375,12.582781456953644,22.516556291390728,64.90066225165563,52.980132450331126,11.920529801324504
E00135124,85,31,5,26,54,44,10,36.470588235294116,5.88235294117647,30.58823529411765,63.52941176470588,51.76470588235295,11.76470588235294
E00135125,112,42,16,26,70,60,10,37.5,14.285714285714285,23.214285714285715,62.5,53.57142857142857,8.928571428571429
E00135126,124,41,11,30,83,78,5,33.064516129032256,8.870967741935484,24.193548387096776,66.93548387096774,62.903225806451616,4.032258064516129
E00135127,75,26,10,16,49,39,10,34.66666666666667,13.333333333333334,21.333333333333336,65.33333333333333,52,13.333333333333334
E00135128,73,26,11,15,47,41,6,35.61643835616438,15.068493150684931,20.54794520547945,64.38356164383562,56.16438356164384,8.21917808219178
E00135129,51,18,9,9,33,28,5,35.294117647058826,17.647058823529413,17.647058823529413,64.70588235294117,54.90196078431373,9.803921568627452
E00135130,74,25,9,16,49,42,7,33.78378378378378,12.162162162162163,21.62162162162162,66.21621621621621,56.75675675675676,9.45945945945946
E00135131,58,27,8,19,31,21,10,46.55172413793103,13.793103448275861,32.758620689655174,53.44827586206896,36.206896551724135,17.24137931034483
E00135132,89,31,11,20,58,46,12,34.831460674157306,12.359550561797752,22.47191011235955,65.1685393258427,51.68539325842697,13.48314606741573
E00135133,87,38,15,23,49,42,7,43.67816091954023,17.24137931034483,26.436781609195403,56.32183908045977,48.275862068965516,8.045977011494253
E00135134,85,30,9,21,55,47,8,35.294117647058826,10.588235294117647,24.705882352941178,64.70588235294117,55.294117647058826,9.411764705882353
E00135135,181,53,23,30,128,109,19,29.2817679558011,12.70718232044199,16.574585635359114,70.71823204419888,60.22099447513812,10.497237569060774
E00135136,107,36,11,25,71,62,9,33.64485981308411,10.2803738317757,23.364485981308412,66.35514018691589,57.943925233644855,8.411214953271028
E00135138,74,20,4,16,54,44,10,27.027027027027028,5.405405405405405,21.62162162162162,72.97297297297297,59.45945945945946,13.513513513513514
E00135139,115,51,10,41,64,57,7,44.34782608695652,8.695652173913043,35.65217391304348,55.65217391304348,49.56521739130435,6.086956521739131
E00135140,76,34,19,15,42,34,8,44.73684210526316,25,19.736842105263158,55.26315789473685,44.73684210526316,10.526315789473683
E00135141,94,28,4,24,66,58,8,29.78723404255319,4.25531914893617,25.53191489361702,70.2127659574468,61.702127659574465,8.51063829787234
E00135142,116,42,13,29,74,64,10,36.206896551724135,11.206896551724139,25,63.793103448275865,55.172413793103445,8.620689655172415
E00135143,127,48,12,36,79,72,7,37.79527559055118,9.448818897637794,28.346456692913385,62.20472440944882,56.69291338582677,5.511811023622047
E00135144,130,51,19,32,79,70,9,39.23076923076923,14.615384615384617,24.615384615384617,60.76923076923077,53.84615384615385,6.923076923076923
E00135145,131,39,7,32,92,85,7,29.770992366412212,5.343511450381679,24.427480916030532,70.22900763358778,64.8854961832061,5.343511450381679
E00135146,133,39,16,23,94,83,11,29.32330827067669,12.030075187969924,17.293233082706767,70.67669172932331,62.40601503759399,8.270676691729323
E00135147,199,58,18,40,141,113,28,29.145728643216078,9.045226130653267,20.100502512562816,70.85427135678391,56.78391959798995,14.07035175879397
E00135148,127,43,16,27,84,55,29,33.85826771653544,12.598425196850393,21.25984251968504,66.14173228346458,43.30708661417323,22.83464566929134
E00135149,107,28,7,21,79,76,3,26.168224299065418,6.5420560747663545,19.626168224299064,73.83177570093457,71.02803738317756,2.803738317757009
E00135150,163,49,17,32,114,98,16,30.061349693251532,10.429447852760736,19.631901840490798,69.93865030674846,60.122699386503065,9.815950920245399
E00135151,247,69,25,44,178,151,27,27.93522267206478,10.121457489878543,17.813765182186234,72.06477732793523,61.1336032388664,10.931174089068826
E00135152,77,25,7,18,52,49,3,32.467532467532465,9.090909090909092,23.376623376623375,67.53246753246754,63.63636363636363,3.896103896103896
E00135153,108,29,11,18,79,69,10,26.851851851851855,10.185185185185185,16.666666666666664,73.14814814814815,63.888888888888886,9.25925925925926
E00135154,186,53,24,29,133,109,24,28.49462365591398,12.903225806451612,15.591397849462366,71.50537634408603,58.602150537634415,12.903225806451612
E00135155,150,55,22,33,95,80,15,36.666666666666664,14.666666666666666,22,63.33333333333333,53.333333333333336,10
E00135156,152,66,21,45,86,72,14,43.42105263157895,13.815789473684212,29.605263157894733,56.57894736842105,47.368421052631575,9.210526315789473
E00135157,165,55,22,33,110,100,10,33.33333333333333,13.333333333333334,20,66.66666666666666,60.60606060606061,6.0606060606060606
E00135158,62,26,9,17,36,32,4,41.935483870967744,14.516129032258066,27.419354838709676,58.06451612903226,51.61290322580645,6.451612903225806
E00135159,137,47,13,34,90,78,12,34.306569343065696,9.48905109489051,24.817518248175183,65.69343065693431,56.934306569343065,8.75912408759124
E00135160,133,45,10,35,88,83,5,33.83458646616541,7.518796992481203,26.31578947368421,66.16541353383458,62.40601503759399,3.7593984962406015
E00135161,119,42,14,28,77,63,14,35.294117647058826,11.76470588235294,23.52941176470588,64.70588235294117,52.94117647058824,11.76470588235294
E00135162,123,44,17,27,79,79,0,35.77235772357724,13.821138211382115,21.951219512195124,64.22764227642277,64.22764227642277,0
E00135163,136,48,17,31,88,78,10,35.294117647058826,12.5,22.794117647058822,64.70588235294117,57.35294117647059,7.352941176470589
E00135164,106,42,16,26,64,59,5,39.62264150943396,15.09433962264151,24.528301886792452,60.37735849056604,55.660377358490564,4.716981132075472
E00135165,104,35,7,28,69,59,10,33.65384615384615,6.730769230769231,26.923076923076923,66.34615384615384,56.730769230769226,9.615384615384617
E00135166,156,50,14,36,106,95,11,32.05128205128205,8.974358974358974,23.076923076923077,67.94871794871796,60.89743589743589,7.051282051282051
E00135167,113,40,8,32,73,59,14,35.39823008849557,7.079646017699115,28.31858407079646,64.60176991150442,52.21238938053098,12.389380530973451
E00135168,174,58,22,36,116,100,16,33.33333333333333,12.643678160919542,20.689655172413794,66.66666666666666,57.47126436781609,9.195402298850574
E00135169,131,57,20,37,74,53,21,43.51145038167939,15.267175572519085,28.24427480916031,56.48854961832062,40.458015267175576,16.030534351145036
E00135170,124,43,16,27,81,70,11,34.67741935483871,12.903225806451612,21.774193548387096,65.32258064516128,56.451612903225815,8.870967741935484
E00135171,117,41,7,34,76,66,10,35.04273504273504,5.982905982905983,29.059829059829063,64.95726495726495,56.41025641025641,8.547008547008547
E00135172,128,43,18,25,85,76,9,33.59375,14.0625,19.53125,66.40625,59.375,7.03125
E00135173,148,49,19,30,99,76,23,33.108108108108105,12.837837837837837,20.27027027027027,66.8918918918919,51.35135135135135,15.54054054054054
E00135174,117,33,7,26,84,71,13,28.205128205128204,5.982905982905983,22.22222222222222,71.7948717948718,60.68376068376068,11.11111111111111
E00135175,97,32,9,23,65,56,9,32.98969072164948,9.278350515463918,23.711340206185564,67.0103092783505,57.73195876288659,9.278350515463918
E00135176,74,30,13,17,44,40,4,40.54054054054054,17.56756756756757,22.972972972972975,59.45945945945946,54.054054054054056,5.405405405405405
E00135177,111,52,13,39,59,53,6,46.846846846846844,11.711711711711711,35.13513513513514,53.153153153153156,47.74774774774775,5.405405405405405
E00135178,73,26,4,22,47,39,8,35.61643835616438,5.47945205479452,30.136986301369863,64.38356164383562,53.42465753424658,10.95890410958904
E00135179,100,37,10,27,63,54,9,37,10,27,63,54,9
E00135180,103,37,10,27,66,55,11,35.92233009708738,9.70873786407767,26.21359223300971,64.07766990291263,53.398058252427184,10.679611650485436
E00135181,92,42,18,24,50,44,6,45.65217391304348,19.565217391304348,26.08695652173913,54.347826086956516,47.82608695652174,6.521739130434782
E00135182,84,38,15,23,46,40,6,45.23809523809524,17.857142857142858,27.380952380952383,54.761904761904766,47.61904761904761,7.142857142857142
E00135183,119,44,13,31,75,66,9,36.97478991596639,10.92436974789916,26.05042016806723,63.02521008403361,55.46218487394958,7.563025210084033
E00135184,109,42,13,29,67,58,9,38.53211009174312,11.926605504587156,26.605504587155966,61.46788990825688,53.21100917431193,8.256880733944955
E00135185,100,44,15,29,56,48,8,44,15,28.999999999999996,56.00000000000001,48,8
E00135186,87,32,8,24,55,51,4,36.7816091954023,9.195402298850574,27.586206896551722,63.2183908045977,58.620689655172406,4.597701149425287
E00135187,72,35,9,26,37,35,2,48.61111111111111,12.5,36.11111111111111,51.388888888888886,48.61111111111111,2.7777777777777777
E00135188,104,39,14,25,65,61,4,37.5,13.461538461538462,24.03846153846154,62.5,58.65384615384615,3.8461538461538463
E00135189,101,45,20,25,56,49,7,44.554455445544555,19.801980198019802,24.752475247524753,55.44554455445545,48.51485148514851,6.9306930693069315
E00135190,148,55,18,37,93,76,17,37.16216216216216,12.162162162162163,25,62.83783783783784,51.35135135135135,11.486486486486488
E00135191,80,42,12,30,38,35,3,52.5,15,37.5,47.5,43.75,3.75
E00135192,115,38,9,29,77,62,15,33.04347826086956,7.82608695652174,25.217391304347824,66.95652173913044,53.91304347826087,13.043478260869565
E00135193,117,37,15,22,80,69,11,31.62393162393162,12.82051282051282,18.803418803418804,68.37606837606837,58.97435897435898,9.401709401709402
E00135194,118,49,18,31,69,60,9,41.52542372881356,15.254237288135593,26.27118644067797,58.47457627118644,50.847457627118644,7.627118644067797
E00135195,146,55,17,38,91,78,13,37.67123287671233,11.643835616438356,26.027397260273972,62.328767123287676,53.42465753424658,8.904109589041095
E00135196,115,43,15,28,72,58,14,37.391304347826086,13.043478260869565,24.347826086956523,62.60869565217392,50.43478260869565,12.173913043478262
E00135197,182,73,29,44,109,88,21,40.10989010989011,15.934065934065933,24.175824175824175,59.89010989010989,48.35164835164835,11.538461538461538
E00135198,121,41,21,20,80,68,12,33.88429752066116,17.355371900826448,16.528925619834713,66.11570247933885,56.19834710743802,9.917355371900827
E00135199,106,37,11,26,69,54,15,34.90566037735849,10.377358490566039,24.528301886792452,65.09433962264151,50.943396226415096,14.150943396226415
E00135200,180,50,19,31,130,105,25,27.77777777777778,10.555555555555555,17.22222222222222,72.22222222222221,58.333333333333336,13.88888888888889
E00135201,175,54,21,33,121,95,26,30.857142857142854,12,18.857142857142858,69.14285714285714,54.285714285714285,14.857142857142858
E00135202,118,52,29,23,66,55,11,44.06779661016949,24.576271186440678,19.491525423728813,55.932203389830505,46.61016949152542,9.322033898305085
E00135203,191,57,24,33,134,108,26,29.84293193717277,12.56544502617801,17.277486910994764,70.15706806282722,56.54450261780105,13.612565445026178
E00135204,120,48,17,31,72,63,9,40,14.166666666666666,25.833333333333336,60,52.5,7.5
E00135205,112,51,24,27,61,43,18,45.535714285714285,21.428571428571427,24.107142857142858,54.46428571428571,38.392857142857146,16.071428571428573
E00135206,62,29,11,18,33,25,8,46.774193548387096,17.741935483870968,29.03225806451613,53.2258064516129,40.32258064516129,12.903225806451612
E00135207,80,29,9,20,51,37,14,36.25,11.25,25,63.74999999999999,46.25,17.5
E00135208,80,40,17,23,40,32,8,50,21.25,28.749999999999996,50,40,10
E00135209,112,43,12,31,69,57,12,38.392857142857146,10.714285714285714,27.67857142857143,61.60714285714286,50.89285714285714,10.714285714285714
E00135210,87,36,14,22,51,45,6,41.37931034482759,16.091954022988507,25.287356321839084,58.620689655172406,51.724137931034484,6.896551724137931
E00135211,229,79,27,52,150,112,38,34.49781659388647,11.790393013100436,22.707423580786028,65.50218340611353,48.90829694323144,16.593886462882097
E00135212,168,60,28,32,108,81,27,35.714285714285715,16.666666666666664,19.047619047619047,64.28571428571429,48.214285714285715,16.071428571428573
E00135213,138,48,21,27,90,74,16,34.78260869565217,15.217391304347828,19.565217391304348,65.21739130434783,53.62318840579711,11.594202898550725
E00135214,130,42,14,28,88,70,18,32.30769230769231,10.76923076923077,21.53846153846154,67.6923076923077,53.84615384615385,13.846153846153847
E00135215,165,50,18,32,115,89,26,30.303030303030305,10.909090909090908,19.393939393939394,69.6969696969697,53.939393939393945,15.757575757575756
E00135216,77,30,10,20,47,35,12,38.961038961038966,12.987012987012985,25.97402597402597,61.038961038961034,45.45454545454545,15.584415584415584
E00135217,228,87,40,47,141,108,33,38.15789473684211,17.543859649122805,20.614035087719298,61.8421052631579,47.368421052631575,14.473684210526317
E00135218,146,52,27,25,94,74,20,35.61643835616438,18.493150684931507,17.123287671232877,64.38356164383562,50.68493150684932,13.698630136986301
E00135219,121,37,10,27,84,71,13,30.57851239669421,8.264462809917356,22.31404958677686,69.42148760330579,58.67768595041323,10.743801652892563
E00135220,157,51,12,39,106,97,9,32.48407643312102,7.643312101910828,24.840764331210192,67.51592356687898,61.78343949044586,5.7324840764331215
E00135221,150,50,22,28,100,86,14,33.33333333333333,14.666666666666666,18.666666666666668,66.66666666666666,57.333333333333336,9.333333333333334
E00135222,155,41,6,35,114,93,21,26.451612903225808,3.870967741935484,22.58064516129032,73.54838709677419,60,13.548387096774196
E00135223,163,59,27,32,104,88,16,36.19631901840491,16.56441717791411,19.631901840490798,63.80368098159509,53.987730061349694,9.815950920245399
E00135224,101,19,8,11,82,70,12,18.81188118811881,7.920792079207921,10.891089108910892,81.1881188118812,69.3069306930693,11.881188118811881
E00135225,114,41,19,22,73,55,18,35.96491228070175,16.666666666666664,19.298245614035086,64.03508771929825,48.24561403508772,15.789473684210526
E00135226,87,26,12,14,61,41,20,29.88505747126437,13.793103448275861,16.091954022988507,70.11494252873564,47.12643678160919,22.988505747126435
E00135227,85,38,20,18,47,41,6,44.70588235294118,23.52941176470588,21.176470588235293,55.294117647058826,48.23529411764706,7.0588235294117645
E00135228,94,36,13,23,58,42,16,38.297872340425535,13.829787234042554,24.46808510638298,61.702127659574465,44.680851063829785,17.02127659574468
E00135229,66,23,7,16,43,35,8,34.84848484848485,10.606060606060606,24.242424242424242,65.15151515151516,53.03030303030303,12.121212121212121
E00135230,66,25,7,18,41,38,3,37.878787878787875,10.606060606060606,27.27272727272727,62.121212121212125,57.57575757575758,4.545454545454546
E00135232,138,52,21,31,86,73,13,37.68115942028986,15.217391304347828,22.463768115942027,62.31884057971014,52.89855072463768,9.420289855072465
E00135233,120,46,20,26,74,60,14,38.333333333333336,16.666666666666664,21.666666666666668,61.66666666666667,50,11.666666666666666
E00135234,142,50,19,31,92,78,14,35.2112676056338,13.380281690140844,21.830985915492956,64.7887323943662,54.929577464788736,9.859154929577464
E00135235,135,47,18,29,88,70,18,34.81481481481482,13.333333333333334,21.48148148148148,65.18518518518519,51.85185185185185,13.333333333333334
E00135236,95,28,7,21,67,56,11,29.47368421052631,7.368421052631578,22.105263157894736,70.52631578947368,58.94736842105262,11.578947368421053
E00135237,117,42,16,26,75,61,14,35.8974358974359,13.675213675213676,22.22222222222222,64.1025641025641,52.13675213675214,11.965811965811966
E00135238,149,57,19,38,92,72,20,38.25503355704698,12.751677852348994,25.503355704697988,61.74496644295302,48.322147651006716,13.422818791946309
E00135239,142,49,18,31,93,74,19,34.50704225352113,12.676056338028168,21.830985915492956,65.49295774647888,52.112676056338024,13.380281690140844
E00135240,109,44,18,26,65,50,15,40.36697247706422,16.51376146788991,23.853211009174313,59.63302752293578,45.87155963302752,13.761467889908257
E00135241,141,44,14,30,97,82,15,31.20567375886525,9.929078014184398,21.27659574468085,68.79432624113475,58.156028368794324,10.638297872340425
E00135242,65,21,8,13,44,32,12,32.30769230769231,12.307692307692308,20,67.6923076923077,49.23076923076923,18.461538461538463
E00135243,156,61,20,41,95,82,13,39.1025641025641,12.82051282051282,26.282051282051285,60.89743589743589,52.56410256410257,8.333333333333332
E00135244,97,36,11,25,61,54,7,37.11340206185567,11.34020618556701,25.773195876288657,62.88659793814433,55.670103092783506,7.216494845360824
E00135245,108,38,14,24,70,57,13,35.18518518518518,12.962962962962962,22.22222222222222,64.81481481481481,52.77777777777778,12.037037037037036
E00135246,48,16,6,10,32,25,7,33.33333333333333,12.5,20.833333333333336,66.66666666666666,52.083333333333336,14.583333333333334
E00135247,176,61,16,45,115,92,23,34.659090909090914,9.090909090909092,25.568181818181817,65.3409090909091,52.27272727272727,13.068181818181818
E00135248,138,50,20,30,88,66,22,36.231884057971016,14.492753623188406,21.73913043478261,63.76811594202898,47.82608695652174,15.942028985507244
E00135250,92,36,10,26,56,39,17,39.130434782608695,10.869565217391305,28.26086956521739,60.86956521739131,42.391304347826086,18.478260869565215
E00135251,118,32,14,18,86,67,19,27.11864406779661,11.864406779661017,15.254237288135593,72.88135593220339,56.779661016949156,16.101694915254235
E00135252,130,54,25,29,76,62,14,41.53846153846154,19.230769230769234,22.30769230769231,58.46153846153847,47.69230769230769,10.76923076923077
E00135253,82,28,11,17,54,49,5,34.146341463414636,13.414634146341465,20.73170731707317,65.85365853658537,59.756097560975604,6.097560975609756
E00135254,161,67,21,46,94,86,8,41.61490683229814,13.043478260869565,28.57142857142857,58.38509316770186,53.41614906832298,4.968944099378882
E00135255,126,37,13,24,89,74,15,29.365079365079367,10.317460317460316,19.047619047619047,70.63492063492063,58.730158730158735,11.904761904761903
E00135256,105,43,17,26,62,56,6,40.95238095238095,16.19047619047619,24.761904761904763,59.04761904761905,53.333333333333336,5.714285714285714
E00135257,103,26,5,21,77,69,8,25.24271844660194,4.854368932038835,20.388349514563107,74.75728155339806,66.99029126213593,7.766990291262135
E00135258,157,52,18,34,105,83,22,33.12101910828025,11.464968152866243,21.656050955414013,66.87898089171973,52.86624203821656,14.012738853503185
E00135259,137,46,12,34,91,77,14,33.57664233576642,8.75912408759124,24.817518248175183,66.42335766423358,56.20437956204379,10.218978102189782
E00135260,114,46,11,35,68,58,10,40.35087719298245,9.649122807017543,30.701754385964914,59.64912280701754,50.877192982456144,8.771929824561402
E00135261,112,34,11,23,78,71,7,30.357142857142854,9.821428571428571,20.535714285714285,69.64285714285714,63.39285714285714,6.25
E00135262,129,41,14,27,88,74,14,31.782945736434108,10.852713178294573,20.930232558139537,68.21705426356588,57.36434108527132,10.852713178294573
E00135263,76,21,7,14,55,50,5,27.631578947368425,9.210526315789473,18.421052631578945,72.36842105263158,65.78947368421053,6.578947368421052
E00135264,126,45,12,33,81,66,15,35.714285714285715,9.523809523809524,26.190476190476193,64.28571428571429,52.38095238095239,11.904761904761903
E00135265,92,35,10,25,57,50,7,38.04347826086957,10.869565217391305,27.173913043478258,61.95652173913043,54.347826086956516,7.608695652173914
E00135266,212,36,10,26,176,153,23,16.9811320754717,4.716981132075472,12.264150943396226,83.01886792452831,72.16981132075472,10.849056603773585
E00135267,88,38,7,31,50,45,5,43.18181818181818,7.954545454545454,35.22727272727273,56.81818181818182,51.13636363636363,5.681818181818182
E00135268,92,36,12,24,56,51,5,39.130434782608695,13.043478260869565,26.08695652173913,60.86956521739131,55.434782608695656,5.434782608695652
E00135269,121,43,21,22,78,67,11,35.53719008264463,17.355371900826448,18.181818181818183,64.46280991735537,55.371900826446286,9.090909090909092
E00135270,78,28,11,17,50,42,8,35.8974358974359,14.102564102564102,21.794871794871796,64.1025641025641,53.84615384615385,10.256410256410255
E00135271,112,35,15,20,77,71,6,31.25,13.392857142857142,17.857142857142858,68.75,63.39285714285714,5.357142857142857
E00135272,111,48,12,36,63,59,4,43.24324324324324,10.81081081081081,32.432432432432435,56.75675675675676,53.153153153153156,3.6036036036036037
E00135273,149,63,24,39,86,72,14,42.281879194630875,16.10738255033557,26.174496644295303,57.71812080536913,48.322147651006716,9.395973154362416
E00135274,31,14,3,11,17,16,1,45.16129032258064,9.67741935483871,35.483870967741936,54.83870967741935,51.61290322580645,3.225806451612903
E00135275,135,36,9,27,99,85,14,26.666666666666668,6.666666666666667,20,73.33333333333333,62.96296296296296,10.37037037037037
E00135276,105,45,11,34,60,56,4,42.857142857142854,10.476190476190476,32.38095238095238,57.14285714285714,53.333333333333336,3.8095238095238098
E00135277,144,52,16,36,92,79,13,36.11111111111111,11.11111111111111,25,63.888888888888886,54.861111111111114,9.027777777777777
E00135278,99,25,11,14,74,60,14,25.252525252525253,11.11111111111111,14.14141414141414,74.74747474747475,60.60606060606061,14.14141414141414
E00135279,109,46,17,29,63,57,6,42.201834862385326,15.59633027522936,26.605504587155966,57.798165137614674,52.293577981651374,5.5045871559633035
E00135280,171,49,18,31,122,95,27,28.654970760233915,10.526315789473683,18.128654970760234,71.34502923976608,55.55555555555556,15.789473684210526
E00135281,171,43,15,28,128,108,20,25.146198830409354,8.771929824561402,16.374269005847953,74.85380116959064,63.1578947368421,11.695906432748536
E00135283,124,38,20,18,86,68,18,30.64516129032258,16.129032258064516,14.516129032258066,69.35483870967742,54.83870967741935,14.516129032258066
E00135284,151,38,13,25,113,97,16,25.165562913907287,8.609271523178808,16.55629139072848,74.83443708609272,64.23841059602648,10.596026490066226
E00135285,103,42,15,27,61,54,7,40.77669902912621,14.563106796116504,26.21359223300971,59.22330097087378,52.42718446601942,6.796116504854369
E00135286,127,44,21,23,83,58,25,34.645669291338585,16.535433070866144,18.11023622047244,65.35433070866141,45.66929133858268,19.68503937007874
E00135287,72,22,5,17,50,42,8,30.555555555555557,6.944444444444445,23.61111111111111,69.44444444444444,58.333333333333336,11.11111111111111
E00135288,132,48,14,34,84,61,23,36.36363636363637,10.606060606060606,25.757575757575758,63.63636363636363,46.21212121212121,17.424242424242426
E00135290,83,33,9,24,50,45,5,39.75903614457831,10.843373493975903,28.915662650602407,60.24096385542169,54.21686746987952,6.024096385542169
E00135291,135,46,14,32,89,73,16,34.074074074074076,10.37037037037037,23.703703703703706,65.92592592592592,54.074074074074076,11.851851851851853
E00135292,93,47,18,29,46,42,4,50.53763440860215,19.35483870967742,31.182795698924732,49.46236559139785,45.16129032258064,4.301075268817205
E00135293,81,37,17,20,44,41,3,45.67901234567901,20.98765432098765,24.691358024691358,54.32098765432099,50.617283950617285,3.7037037037037033
E00135294,267,66,25,41,201,169,32,24.719101123595504,9.363295880149813,15.355805243445692,75.28089887640449,63.29588014981273,11.985018726591761
E00135295,78,34,15,19,44,39,5,43.58974358974359,19.230769230769234,24.358974358974358,56.41025641025641,50,6.41025641025641
E00135296,89,33,13,20,56,44,12,37.07865168539326,14.606741573033707,22.47191011235955,62.92134831460674,49.43820224719101,13.48314606741573
E00135297,139,58,19,39,81,73,8,41.726618705035975,13.66906474820144,28.05755395683453,58.27338129496403,52.51798561151079,5.755395683453238
E00135298,55,29,10,19,26,24,2,52.72727272727272,18.181818181818183,34.54545454545455,47.27272727272727,43.63636363636363,3.6363636363636362
E00135299,91,30,6,24,61,53,8,32.967032967032964,6.593406593406594,26.373626373626376,67.03296703296702,58.24175824175825,8.791208791208792
E00135300,119,28,11,17,91,72,19,23.52941176470588,9.243697478991598,14.285714285714285,76.47058823529412,60.50420168067227,15.966386554621847
E00135301,123,38,19,19,85,73,12,30.89430894308943,15.447154471544716,15.447154471544716,69.10569105691057,59.34959349593496,9.75609756097561
E00135302,106,36,12,24,70,54,16,33.9622641509434,11.320754716981133,22.641509433962266,66.0377358490566,50.943396226415096,15.09433962264151
E00135303,102,35,6,29,67,59,8,34.31372549019608,5.88235294117647,28.431372549019606,65.68627450980392,57.84313725490197,7.8431372549019605
E00135304,94,41,9,32,53,43,10,43.61702127659575,9.574468085106384,34.04255319148936,56.38297872340425,45.744680851063826,10.638297872340425
E00135305,100,44,16,28,56,42,14,44,16,28.000000000000004,56.00000000000001,42,14.000000000000002
E00135306,188,60,24,36,128,104,24,31.914893617021278,12.76595744680851,19.148936170212767,68.08510638297872,55.319148936170215,12.76595744680851
E00135307,148,49,16,33,99,79,20,33.108108108108105,10.81081081081081,22.2972972972973,66.8918918918919,53.37837837837838,13.513513513513514
E00135308,153,60,21,39,93,71,22,39.21568627450981,13.725490196078432,25.49019607843137,60.78431372549019,46.40522875816993,14.37908496732026
E00135309,99,40,17,23,59,48,11,40.4040404040404,17.17171717171717,23.232323232323232,59.59595959595959,48.484848484848484,11.11111111111111
E00135311,97,39,13,26,58,53,5,40.20618556701031,13.402061855670103,26.804123711340207,59.79381443298969,54.63917525773196,5.154639175257731
E00135312,119,43,15,28,76,62,14,36.134453781512605,12.605042016806722,23.52941176470588,63.86554621848739,52.10084033613446,11.76470588235294
E00135313,77,26,5,21,51,47,4,33.76623376623377,6.493506493506493,27.27272727272727,66.23376623376623,61.038961038961034,5.194805194805195
E00135314,133,43,19,24,90,70,20,32.33082706766917,14.285714285714285,18.045112781954884,67.66917293233082,52.63157894736842,15.037593984962406
E00135315,183,72,29,43,111,84,27,39.34426229508197,15.846994535519126,23.497267759562842,60.65573770491803,45.90163934426229,14.754098360655737
E00135316,64,32,8,24,32,26,6,50,12.5,37.5,50,40.625,9.375
E00135317,69,24,8,16,45,36,9,34.78260869565217,11.594202898550725,23.18840579710145,65.21739130434783,52.17391304347826,13.043478260869565
E00135318,85,31,5,26,54,40,14,36.470588235294116,5.88235294117647,30.58823529411765,63.52941176470588,47.05882352941176,16.470588235294116
E00135319,135,41,16,25,94,77,17,30.37037037037037,11.851851851851853,18.51851851851852,69.62962962962963,57.03703703703704,12.592592592592592
E00135320,117,36,11,25,81,69,12,30.76923076923077,9.401709401709402,21.367521367521366,69.23076923076923,58.97435897435898,10.256410256410255
E00135321,123,42,12,30,81,68,13,34.146341463414636,9.75609756097561,24.390243902439025,65.85365853658537,55.28455284552846,10.569105691056912
E00135322,140,61,20,41,79,70,9,43.57142857142857,14.285714285714285,29.28571428571429,56.42857142857143,50,6.428571428571428
E00135323,134,44,14,30,90,77,13,32.83582089552239,10.44776119402985,22.388059701492537,67.16417910447761,57.46268656716418,9.701492537313433
E00135324,136,37,12,25,99,85,14,27.205882352941174,8.823529411764707,18.38235294117647,72.79411764705883,62.5,10.294117647058822
E00135325,106,39,13,26,67,58,9,36.79245283018868,12.264150943396226,24.528301886792452,63.20754716981132,54.71698113207547,8.49056603773585
E00135326,136,52,15,37,84,72,12,38.23529411764706,11.029411764705882,27.205882352941174,61.76470588235294,52.94117647058824,8.823529411764707
E00135327,148,43,13,30,105,91,14,29.054054054054053,8.783783783783784,20.27027027027027,70.94594594594594,61.48648648648649,9.45945945945946
E00135328,97,35,9,26,62,46,16,36.08247422680412,9.278350515463918,26.804123711340207,63.91752577319587,47.42268041237113,16.49484536082474
E00135329,120,41,13,28,79,68,11,34.166666666666664,10.833333333333334,23.333333333333332,65.83333333333333,56.666666666666664,9.166666666666666
E00135330,34,17,7,10,17,12,5,50,20.588235294117645,29.411764705882355,50,35.294117647058826,14.705882352941178
E00135331,154,42,14,28,112,92,20,27.27272727272727,9.090909090909092,18.181818181818183,72.72727272727273,59.74025974025974,12.987012987012985
E00135332,133,47,13,34,86,72,14,35.338345864661655,9.774436090225564,25.563909774436087,64.66165413533834,54.13533834586466,10.526315789473683
E00135333,149,54,15,39,95,77,18,36.241610738255034,10.06711409395973,26.174496644295303,63.758389261744966,51.67785234899329,12.080536912751679
E00135334,152,51,22,29,101,88,13,33.55263157894737,14.473684210526317,19.078947368421055,66.44736842105263,57.89473684210527,8.552631578947368
E00135335,135,55,24,31,80,65,15,40.74074074074074,17.77777777777778,22.962962962962962,59.25925925925925,48.148148148148145,11.11111111111111
E00135336,139,45,18,27,94,85,9,32.37410071942446,12.949640287769784,19.424460431654676,67.62589928057554,61.15107913669065,6.474820143884892
E00135337,129,47,9,38,82,68,14,36.434108527131784,6.976744186046512,29.457364341085274,63.565891472868216,52.71317829457365,10.852713178294573
E00135338,144,44,11,33,100,85,15,30.555555555555557,7.638888888888889,22.916666666666664,69.44444444444444,59.02777777777778,10.416666666666668
E00135340,142,51,22,29,91,77,14,35.91549295774648,15.492957746478872,20.422535211267608,64.08450704225352,54.22535211267606,9.859154929577464
E00135341,181,60,18,42,121,98,23,33.14917127071823,9.94475138121547,23.204419889502763,66.85082872928176,54.14364640883977,12.70718232044199
E00135342,141,40,13,27,101,83,18,28.368794326241137,9.219858156028367,19.148936170212767,71.63120567375887,58.86524822695035,12.76595744680851
E00135343,141,41,13,28,100,91,9,29.078014184397162,9.219858156028367,19.858156028368796,70.92198581560284,64.53900709219859,6.382978723404255
E00135344,146,44,17,27,102,85,17,30.136986301369863,11.643835616438356,18.493150684931507,69.86301369863014,58.21917808219178,11.643835616438356
E00135345,142,46,13,33,96,86,10,32.3943661971831,9.15492957746479,23.239436619718308,67.6056338028169,60.56338028169014,7.042253521126761
E00135346,180,55,6,49,125,111,14,30.555555555555557,3.3333333333333335,27.22222222222222,69.44444444444444,61.66666666666667,7.777777777777778
E00135347,104,26,5,21,78,75,3,25,4.807692307692308,20.192307692307693,75,72.11538461538461,2.8846153846153846
E00135348,101,39,12,27,62,56,6,38.613861386138616,11.881188118811881,26.732673267326735,61.386138613861384,55.44554455445545,5.9405940594059405
E00135349,154,65,22,43,89,76,13,42.2077922077922,14.285714285714285,27.92207792207792,57.7922077922078,49.35064935064935,8.441558441558442
E00135350,130,50,16,34,80,72,8,38.46153846153847,12.307692307692308,26.153846153846157,61.53846153846154,55.38461538461539,6.153846153846154
E00135351,80,32,9,23,48,43,5,40,11.25,28.749999999999996,60,53.75,6.25
E00135352,132,36,12,24,96,79,17,27.27272727272727,9.090909090909092,18.181818181818183,72.72727272727273,59.84848484848485,12.878787878787879
E00135353,113,41,15,26,72,52,20,36.283185840707965,13.274336283185843,23.008849557522122,63.716814159292035,46.017699115044245,17.699115044247787
E00135354,160,55,15,40,105,88,17,34.375,9.375,25,65.625,55.00000000000001,10.625
E00135355,72,19,5,14,53,41,12,26.38888888888889,6.944444444444445,19.444444444444446,73.61111111111111,56.94444444444444,16.666666666666664
E00135356,90,34,10,24,56,48,8,37.77777777777778,11.11111111111111,26.666666666666668,62.22222222222222,53.333333333333336,8.88888888888889
E00135357,112,38,10,28,74,59,15,33.92857142857143,8.928571428571429,25,66.07142857142857,52.67857142857143,13.392857142857142
E00135358,82,26,7,19,56,45,11,31.70731707317073,8.536585365853659,23.170731707317074,68.29268292682927,54.87804878048781,13.414634146341465
E00135359,203,74,24,50,129,109,20,36.45320197044335,11.822660098522167,24.63054187192118,63.54679802955665,53.69458128078818,9.852216748768473
E00135361,86,30,9,21,56,45,11,34.883720930232556,10.465116279069768,24.418604651162788,65.11627906976744,52.32558139534884,12.790697674418606
E00135362,149,46,11,35,103,86,17,30.87248322147651,7.38255033557047,23.48993288590604,69.12751677852349,57.71812080536913,11.409395973154362
E00135363,181,63,20,43,118,101,17,34.806629834254146,11.049723756906078,23.756906077348066,65.19337016574586,55.80110497237569,9.392265193370166
E00135364,166,67,27,40,99,70,29,40.36144578313253,16.265060240963855,24.096385542168676,59.63855421686747,42.168674698795186,17.46987951807229
E00135365,92,41,16,25,51,36,15,44.565217391304344,17.391304347826086,27.173913043478258,55.434782608695656,39.130434782608695,16.304347826086957
E00135366,144,42,15,27,102,88,14,29.166666666666668,10.416666666666668,18.75,70.83333333333334,61.111111111111114,9.722222222222223
E00135367,147,63,22,41,84,65,19,42.857142857142854,14.965986394557824,27.89115646258503,57.14285714285714,44.21768707482993,12.925170068027212
E00135368,95,37,12,25,58,43,15,38.94736842105263,12.631578947368421,26.31578947368421,61.05263157894737,45.26315789473684,15.789473684210526
E00135369,156,49,23,26,107,91,16,31.41025641025641,14.743589743589745,16.666666666666664,68.58974358974359,58.333333333333336,10.256410256410255
E00135370,135,48,16,32,87,68,19,35.55555555555556,11.851851851851853,23.703703703703706,64.44444444444444,50.37037037037037,14.074074074074074
E00135371,16,10,6,4,6,4,2,62.5,37.5,25,37.5,25,12.5
E00135372,143,56,21,35,87,72,15,39.16083916083916,14.685314685314685,24.475524475524477,60.83916083916085,50.349650349650354,10.48951048951049
E00135373,102,35,12,23,67,60,7,34.31372549019608,11.76470588235294,22.54901960784314,65.68627450980392,58.82352941176471,6.862745098039216
E00135374,144,66,21,45,78,69,9,45.83333333333333,14.583333333333334,31.25,54.166666666666664,47.91666666666667,6.25
E00135375,136,49,23,26,87,77,10,36.029411764705884,16.911764705882355,19.11764705882353,63.970588235294116,56.61764705882353,7.352941176470589
E00135376,67,21,7,14,46,37,9,31.343283582089555,10.44776119402985,20.8955223880597,68.65671641791045,55.223880597014926,13.432835820895523
E00135377,109,32,7,25,77,60,17,29.357798165137616,6.422018348623854,22.93577981651376,70.64220183486239,55.04587155963303,15.59633027522936
E00135378,131,40,10,30,91,82,9,30.53435114503817,7.633587786259542,22.900763358778626,69.46564885496184,62.59541984732825,6.870229007633588
E00135379,123,45,14,31,78,64,14,36.58536585365854,11.38211382113821,25.203252032520325,63.41463414634146,52.03252032520326,11.38211382113821
E00135380,93,37,3,34,56,49,7,39.784946236559136,3.225806451612903,36.55913978494624,60.215053763440864,52.68817204301075,7.526881720430108
E00135381,91,29,6,23,62,53,9,31.868131868131865,6.593406593406594,25.274725274725274,68.13186813186813,58.24175824175825,9.89010989010989
E00135382,109,37,7,30,72,62,10,33.94495412844037,6.422018348623854,27.522935779816514,66.05504587155964,56.88073394495413,9.174311926605505
E00135383,64,26,9,17,38,35,3,40.625,14.0625,26.5625,59.375,54.6875,4.6875
E00135384,76,25,2,23,51,41,10,32.89473684210527,2.631578947368421,30.263157894736842,67.10526315789474,53.94736842105263,13.157894736842104
E00169827,117,31,13,18,86,74,12,26.495726495726498,11.11111111111111,15.384615384615385,73.50427350427351,63.24786324786324,10.256410256410255
E00169828,68,27,8,19,41,37,4,39.705882352941174,11.76470588235294,27.941176470588236,60.29411764705882,54.41176470588235,5.88235294117647
E00169829,121,32,10,22,89,82,7,26.446280991735538,8.264462809917356,18.181818181818183,73.55371900826447,67.76859504132231,5.785123966942149
E00169830,98,28,8,20,70,55,15,28.57142857142857,8.16326530612245,20.408163265306122,71.42857142857143,56.12244897959183,15.306122448979592
E00169831,141,56,16,40,85,67,18,39.71631205673759,11.347517730496454,28.368794326241137,60.28368794326241,47.5177304964539,12.76595744680851
E00169832,80,27,7,20,53,41,12,33.75,8.75,25,66.25,51.24999999999999,15
E00169833,162,46,21,25,116,99,17,28.39506172839506,12.962962962962962,15.432098765432098,71.60493827160494,61.111111111111114,10.493827160493826
E00169834,66,34,13,21,32,26,6,51.515151515151516,19.696969696969695,31.818181818181817,48.484848484848484,39.39393939393939,9.090909090909092
E00169835,114,36,11,25,78,69,9,31.57894736842105,9.649122807017543,21.929824561403507,68.42105263157895,60.526315789473685,7.894736842105263
E00169836,127,38,14,24,89,74,15,29.92125984251969,11.023622047244094,18.89763779527559,70.07874015748031,58.26771653543307,11.811023622047244
E00169837,114,36,14,22,78,71,7,31.57894736842105,12.280701754385964,19.298245614035086,68.42105263157895,62.28070175438597,6.140350877192982
E00169838,157,58,23,35,99,73,26,36.94267515923567,14.64968152866242,22.29299363057325,63.05732484076433,46.496815286624205,16.560509554140125
E00169839,114,44,14,30,70,51,19,38.59649122807017,12.280701754385964,26.31578947368421,61.40350877192983,44.73684210526316,16.666666666666664
E00169840,181,58,15,43,123,104,19,32.04419889502763,8.287292817679557,23.756906077348066,67.95580110497238,57.4585635359116,10.497237569060774
E00169841,220,69,25,44,151,121,30,31.363636363636367,11.363636363636363,20,68.63636363636364,55.00000000000001,13.636363636363635
E00169842,151,44,13,31,107,89,18,29.13907284768212,8.609271523178808,20.52980132450331,70.86092715231787,58.94039735099338,11.920529801324504
E00169843,80,24,9,15,56,45,11,30,11.25,18.75,70,56.25,13.750000000000002
E00169844,208,67,22,45,141,118,23,32.21153846153847,10.576923076923077,21.634615384615387,67.78846153846155,56.730769230769226,11.057692307692307
E00169845,42,14,4,10,28,24,4,33.33333333333333,9.523809523809524,23.809523809523807,66.66666666666666,57.14285714285714,9.523809523809524
E00169846,77,28,5,23,49,40,9,36.36363636363637,6.493506493506493,29.87012987012987,63.63636363636363,51.94805194805194,11.688311688311687
E00184655,164,54,18,36,110,93,17,32.926829268292686,10.975609756097562,21.951219512195124,67.07317073170732,56.70731707317073,10.365853658536585
E00184657,197,60,16,44,137,106,31,30.456852791878177,8.121827411167512,22.33502538071066,69.54314720812182,53.80710659898477,15.736040609137056
E00184671,49,13,6,7,36,31,5,26.53061224489796,12.244897959183673,14.285714285714285,73.46938775510205,63.26530612244898,10.204081632653061
E00184675,77,31,12,19,46,37,9,40.25974025974026,15.584415584415584,24.675324675324674,59.74025974025974,48.05194805194805,11.688311688311687
E00184677,77,34,8,26,43,32,11,44.15584415584416,10.38961038961039,33.76623376623377,55.84415584415584,41.55844155844156,14.285714285714285
E00184688,117,22,3,19,95,82,13,18.803418803418804,2.564102564102564,16.23931623931624,81.19658119658119,70.08547008547008,11.11111111111111
E00184689,63,24,10,14,39,34,5,38.095238095238095,15.873015873015872,22.22222222222222,61.904761904761905,53.96825396825397,7.936507936507936
E00184691,267,75,20,55,192,163,29,28.08988764044944,7.490636704119851,20.59925093632959,71.91011235955057,61.04868913857678,10.861423220973784
E00184706,49,17,9,8,32,24,8,34.69387755102041,18.367346938775512,16.3265306122449,65.3061224489796,48.97959183673469,16.3265306122449
E00184712,150,59,19,40,91,78,13,39.33333333333333,12.666666666666668,26.666666666666668,60.66666666666667,52,8.666666666666668
E00184715,161,67,23,44,94,77,17,41.61490683229814,14.285714285714285,27.32919254658385,58.38509316770186,47.82608695652174,10.559006211180124
E00184716,356,88,25,63,268,224,44,24.719101123595504,7.02247191011236,17.696629213483146,75.28089887640449,62.92134831460674,12.359550561797752
E00184718,295,82,27,55,213,186,27,27.796610169491526,9.152542372881356,18.64406779661017,72.20338983050848,63.05084745762712,9.152542372881356
E00184721,187,72,19,53,115,100,15,38.50267379679144,10.16042780748663,28.342245989304814,61.49732620320856,53.475935828877006,8.0213903743315509
E00184723,57,21,5,16,36,32,4,36.84210526315789,8.771929824561402,28.07017543859649,63.1578947368421,56.14035087719298,7.017543859649122
