OA,ts0380001,ts0380002,ts0380003,ts0380004,ts0380005,ts0380006,ts0380007,ts0380002_PCT,ts0380003_PCT,ts0380004_PCT,ts0380005_PCT,ts0380006_PCT,ts0380007_PCT
E00075894,244,66,24,42,178,11,167,27.049180327868854,9.836065573770492,17.21311475409836,72.95081967213115,4.508196721311475,68.44262295081968
E00075895,380,93,49,44,287,31,256,24.47368421052632,12.894736842105264,11.578947368421053,75.52631578947368,8.157894736842106,67.36842105263158
E00075896,257,83,35,48,174,19,155,32.295719844357976,13.618677042801556,18.67704280155642,67.70428015564202,7.392996108949417,60.311284046692606
E00075897,500,46,7,39,454,32,422,9.2,1.4000000000000001,7.8,90.8,6.4,84.39999999999999
E00075898,197,78,42,36,119,13,106,39.59390862944163,21.31979695431472,18.274111675126903,60.40609137055838,6.598984771573605,53.80710659898477
E00075899,528,174,68,106,354,37,317,32.95454545454545,12.878787878787879,20.075757575757574,67.04545454545455,7.007575757575757,60.03787878787878
E00075900,367,53,20,33,314,20,294,14.441416893732969,5.449591280653951,8.991825613079019,85.55858310626702,5.449591280653951,80.10899182561307
E00075901,215,45,20,25,170,14,156,20.930232558139537,9.30232558139535,11.627906976744185,79.06976744186046,6.511627906976744,72.55813953488372
E00075902,263,83,46,37,180,15,165,31.55893536121673,17.490494296577946,14.068441064638785,68.44106463878326,5.7034220532319395,62.737642585551335
E00075903,228,93,46,47,135,8,127,40.78947368421053,20.175438596491226,20.614035087719298,59.210526315789465,3.508771929824561,55.70175438596491
E00075904,297,68,31,37,229,22,207,22.895622895622896,10.437710437710438,12.457912457912458,77.10437710437711,7.4074074074074066,69.6969696969697
E00075905,269,64,28,36,205,26,179,23.79182156133829,10.408921933085502,13.382899628252787,76.2081784386617,9.66542750929368,66.54275092936803
E00075906,266,76,40,36,190,25,165,28.57142857142857,15.037593984962406,13.533834586466165,71.42857142857143,9.398496240601503,62.03007518796993
E00075907,306,68,28,40,238,30,208,22.22222222222222,9.15032679738562,13.071895424836603,77.77777777777779,9.803921568627452,67.97385620915033
E00075908,288,79,38,41,209,25,184,27.430555555555557,13.194444444444445,14.23611111111111,72.56944444444444,8.680555555555555,63.888888888888886
E00075910,375,76,27,49,299,31,268,20.266666666666666,7.199999999999999,13.066666666666665,79.73333333333333,8.266666666666666,71.46666666666667
E00075911,233,60,22,38,173,14,159,25.75107296137339,9.44206008583691,16.30901287553648,74.2489270386266,6.008583690987124,68.24034334763948
E00075912,239,58,20,38,181,24,157,24.267782426778243,8.368200836820083,15.899581589958158,75.73221757322176,10.0418410041841,65.69037656903765
E00075913,252,53,19,34,199,24,175,21.03174603174603,7.5396825396825395,13.492063492063492,78.96825396825396,9.523809523809524,69.44444444444444
E00075914,285,62,23,39,223,22,201,21.75438596491228,8.070175438596491,13.684210526315791,78.24561403508771,7.719298245614035,70.52631578947368
E00075915,290,56,25,31,234,23,211,19.310344827586206,8.620689655172415,10.689655172413794,80.6896551724138,7.931034482758621,72.75862068965517
E00075916,254,37,18,19,217,21,196,14.566929133858267,7.086614173228346,7.480314960629922,85.43307086614173,8.267716535433072,77.16535433070865
E00075917,336,40,15,25,296,28,268,11.904761904761903,4.464285714285714,7.440476190476191,88.09523809523809,8.333333333333332,79.76190476190477
E00075918,302,63,22,41,239,21,218,20.86092715231788,7.28476821192053,13.57615894039735,79.13907284768213,6.95364238410596,72.18543046357617
E00075919,242,62,26,36,180,29,151,25.6198347107438,10.743801652892563,14.87603305785124,74.3801652892562,11.983471074380166,62.396694214876035
E00075920,236,66,34,32,170,19,151,27.966101694915253,14.40677966101695,13.559322033898304,72.03389830508475,8.050847457627118,63.983050847457626
E00075921,364,70,44,26,294,21,273,19.230769230769234,12.087912087912088,7.142857142857142,80.76923076923077,5.769230769230769,75
E00075922,249,62,26,36,187,20,167,24.899598393574294,10.441767068273093,14.457831325301203,75.1004016064257,8.032128514056225,67.06827309236948
E00075923,298,78,35,43,220,18,202,26.174496644295303,11.74496644295302,14.429530201342283,73.8255033557047,6.0402684563758395,67.78523489932886
E00075924,485,104,63,41,381,34,347,21.443298969072163,12.989690721649486,8.45360824742268,78.55670103092784,7.010309278350515,71.54639175257732
E00075925,294,54,19,35,240,24,216,18.367346938775512,6.462585034013606,11.904761904761903,81.63265306122449,8.16326530612245,73.46938775510205
E00075926,299,44,12,32,255,20,235,14.715719063545151,4.013377926421405,10.702341137123746,85.28428093645485,6.688963210702341,78.59531772575251
E00075927,365,90,43,47,275,22,253,24.65753424657534,11.78082191780822,12.876712328767123,75.34246575342466,6.027397260273973,69.31506849315069
E00075928,270,76,34,42,194,14,180,28.14814814814815,12.592592592592592,15.555555555555555,71.85185185185186,5.185185185185185,66.66666666666666
E00075929,268,55,26,29,213,21,192,20.522388059701495,9.701492537313433,10.820895522388058,79.47761194029852,7.835820895522389,71.64179104477611
E00075930,230,71,35,36,159,18,141,30.869565217391305,15.217391304347828,15.65217391304348,69.1304347826087,7.82608695652174,61.30434782608696
E00075931,293,64,27,37,229,28,201,21.843003412969285,9.215017064846416,12.627986348122866,78.15699658703072,9.556313993174061,68.60068259385666
E00075932,289,88,49,39,201,7,194,30.44982698961938,16.955017301038062,13.494809688581316,69.55017301038062,2.422145328719723,67.1280276816609
E00075933,296,78,46,32,218,23,195,26.351351351351347,15.54054054054054,10.81081081081081,73.64864864864865,7.77027027027027,65.87837837837837
E00075934,357,70,23,47,287,22,265,19.607843137254903,6.442577030812324,13.165266106442578,80.3921568627451,6.162464985994398,74.2296918767507
E00075935,414,100,55,45,314,25,289,24.154589371980677,13.285024154589372,10.869565217391305,75.84541062801932,6.038647342995169,69.80676328502415
E00075936,241,44,17,27,197,16,181,18.25726141078838,7.053941908713693,11.20331950207469,81.74273858921161,6.639004149377594,75.10373443983403
E00075937,419,66,25,41,353,39,314,15.75178997613365,5.966587112171838,9.785202863961814,84.24821002386635,9.307875894988067,74.94033412887828
E00075938,320,50,16,34,270,29,241,15.625,5,10.625,84.375,9.0625,75.3125
E00075939,319,63,21,42,256,21,235,19.74921630094044,6.583072100313479,13.166144200626958,80.25078369905955,6.583072100313479,73.66771159874608
E00075940,238,69,42,27,169,18,151,28.991596638655466,17.647058823529413,11.344537815126051,71.00840336134453,7.563025210084033,63.4453781512605
E00075941,274,51,21,30,223,30,193,18.613138686131386,7.664233576642336,10.948905109489052,81.38686131386861,10.948905109489052,70.43795620437956
E00075942,332,38,13,25,294,37,257,11.44578313253012,3.91566265060241,7.530120481927711,88.55421686746988,11.144578313253012,77.40963855421687
E00075943,367,75,42,33,292,22,270,20.435967302452315,11.444141689373296,8.991825613079019,79.56403269754769,5.994550408719346,73.56948228882834
E00075944,361,55,22,33,306,35,271,15.23545706371191,6.094182825484765,9.141274238227147,84.7645429362881,9.695290858725762,75.06925207756233
E00075945,298,84,46,38,214,16,198,28.187919463087248,15.436241610738255,12.751677852348994,71.81208053691275,5.369127516778524,66.44295302013423
E00075946,346,86,26,60,260,24,236,24.85549132947977,7.514450867052023,17.341040462427745,75.14450867052022,6.9364161849710975,68.20809248554913
E00075947,307,95,61,34,212,20,192,30.944625407166125,19.86970684039088,11.074918566775244,69.05537459283387,6.514657980456026,62.54071661237784
E00075948,287,60,19,41,227,22,205,20.905923344947734,6.620209059233449,14.285714285714285,79.09407665505228,7.665505226480835,71.42857142857143
E00075949,319,55,23,32,264,29,235,17.24137931034483,7.210031347962382,10.031347962382444,82.75862068965517,9.090909090909092,73.66771159874608
E00075950,267,48,12,36,219,15,204,17.97752808988764,4.49438202247191,13.48314606741573,82.02247191011236,5.617977528089887,76.40449438202246
E00075951,291,52,16,36,239,29,210,17.869415807560138,5.498281786941581,12.371134020618557,82.13058419243985,9.965635738831615,72.16494845360825
E00075952,351,74,18,56,277,27,250,21.082621082621085,5.128205128205128,15.954415954415953,78.91737891737893,7.6923076923076925,71.22507122507122
E00075953,320,79,32,47,241,26,215,24.6875,10,14.6875,75.3125,8.125,67.1875
E00075954,306,77,27,50,229,25,204,25.163398692810457,8.823529411764707,16.33986928104575,74.83660130718954,8.169934640522875,66.66666666666666
E00075955,493,102,35,67,391,42,349,20.689655172413794,7.099391480730223,13.590263691683571,79.3103448275862,8.519269776876268,70.79107505070994
E00075956,302,44,21,23,258,31,227,14.56953642384106,6.95364238410596,7.6158940397351,85.43046357615894,10.264900662251655,75.16556291390728
E00075957,300,49,20,29,251,25,226,16.333333333333332,6.666666666666667,9.666666666666666,83.66666666666667,8.333333333333332,75.33333333333333
E00075958,319,57,23,34,262,26,236,17.86833855799373,7.210031347962382,10.658307210031348,82.13166144200626,8.150470219435736,73.98119122257053
E00075959,381,81,40,41,300,21,279,21.25984251968504,10.498687664041995,10.761154855643044,78.74015748031496,5.511811023622047,73.22834645669292
E00075960,246,51,18,33,195,23,172,20.73170731707317,7.317073170731707,13.414634146341465,79.26829268292683,9.34959349593496,69.91869918699187
E00075961,295,85,53,32,210,20,190,28.8135593220339,17.966101694915253,10.847457627118644,71.1864406779661,6.779661016949152,64.40677966101694
E00075962,318,31,11,20,287,23,264,9.748427672955975,3.459119496855346,6.289308176100629,90.25157232704403,7.232704402515723,83.01886792452831
E00075963,249,44,19,25,205,25,180,17.670682730923694,7.630522088353414,10.040160642570282,82.32931726907631,10.040160642570282,72.28915662650603
E00075964,309,53,23,30,256,28,228,17.15210355987055,7.443365695792881,9.70873786407767,82.84789644012946,9.06148867313916,73.7864077669903
E00075965,295,46,22,24,249,30,219,15.593220338983052,7.457627118644068,8.135593220338983,84.40677966101696,10.16949152542373,74.23728813559322
E00075966,339,48,16,32,291,12,279,14.15929203539823,4.71976401179941,9.43952802359882,85.84070796460178,3.5398230088495577,82.30088495575221
E00075967,342,48,14,34,294,30,264,14.035087719298245,4.093567251461988,9.941520467836257,85.96491228070175,8.771929824561402,77.19298245614034
E00075968,282,52,27,25,230,22,208,18.439716312056735,9.574468085106384,8.865248226950355,81.56028368794325,7.801418439716312,73.75886524822694
E00075969,317,50,15,35,267,30,237,15.772870662460567,4.73186119873817,11.041009463722396,84.22712933753942,9.46372239747634,74.76340694006309
E00075970,262,59,22,37,203,21,182,22.519083969465647,8.396946564885496,14.122137404580155,77.48091603053436,8.015267175572518,69.46564885496184
E00075971,474,91,28,63,383,40,343,19.198312236286917,5.9071729957805905,13.291139240506327,80.80168776371308,8.438818565400844,72.36286919831224
E00075972,296,55,28,27,241,32,209,18.58108108108108,9.45945945945946,9.121621621621621,81.41891891891892,10.81081081081081,70.6081081081081
E00075973,217,74,36,38,143,16,127,34.10138248847927,16.589861751152075,17.51152073732719,65.89861751152074,7.373271889400922,58.525345622119815
E00075974,226,56,24,32,170,12,158,24.778761061946902,10.619469026548673,14.15929203539823,75.22123893805309,5.3097345132743365,69.91150442477876
E00075975,300,46,18,28,254,30,224,15.333333333333332,6,9.333333333333334,84.66666666666667,10,74.66666666666667
E00075976,284,80,39,41,204,14,190,28.169014084507044,13.732394366197184,14.43661971830986,71.83098591549296,4.929577464788732,66.90140845070422
E00075977,272,55,31,24,217,19,198,20.22058823529412,11.397058823529411,8.823529411764707,79.77941176470588,6.985294117647059,72.79411764705883
E00075978,287,105,59,46,182,8,174,36.58536585365854,20.557491289198605,16.02787456445993,63.41463414634146,2.7874564459930316,60.62717770034843
E00075979,214,29,15,14,185,19,166,13.551401869158877,7.009345794392523,6.5420560747663545,86.44859813084112,8.878504672897195,77.57009345794393
E00075980,347,108,40,68,239,15,224,31.12391930835735,11.527377521613833,19.596541786743515,68.87608069164266,4.322766570605188,64.55331412103746
E00075982,360,100,52,48,260,11,249,27.77777777777778,14.444444444444443,13.333333333333334,72.22222222222221,3.0555555555555554,69.16666666666667
E00075983,191,83,49,34,108,18,90,43.455497382198956,25.654450261780106,17.801047120418847,56.54450261780105,9.424083769633508,47.12041884816754
E00075984,186,39,13,26,147,12,135,20.967741935483872,6.989247311827956,13.978494623655912,79.03225806451613,6.451612903225806,72.58064516129032
E00075985,555,134,66,68,421,31,390,24.144144144144146,11.891891891891893,12.252252252252251,75.85585585585586,5.585585585585585,70.27027027027027
E00075987,284,69,25,44,215,11,204,24.295774647887324,8.80281690140845,15.492957746478872,75.70422535211267,3.873239436619718,71.83098591549296
E00075988,231,63,29,34,168,17,151,27.27272727272727,12.554112554112553,14.71861471861472,72.72727272727273,7.35930735930736,65.36796536796537
E00075989,191,51,25,26,140,15,125,26.701570680628272,13.089005235602095,13.612565445026178,73.29842931937172,7.853403141361256,65.44502617801047
E00075991,312,81,35,46,231,15,216,25.961538461538463,11.217948717948719,14.743589743589745,74.03846153846155,4.807692307692308,69.23076923076923
E00075994,293,93,57,36,200,16,184,31.74061433447099,19.453924914675767,12.286689419795222,68.25938566552901,5.460750853242321,62.79863481228669
E00075995,297,78,25,53,219,25,194,26.262626262626267,8.417508417508419,17.845117845117844,73.73737373737373,8.417508417508419,65.31986531986533
E00075996,246,56,27,29,190,23,167,22.76422764227642,10.975609756097562,11.788617886178862,77.23577235772358,9.34959349593496,67.88617886178862
E00075997,276,60,27,33,216,16,200,21.73913043478261,9.782608695652174,11.956521739130435,78.26086956521739,5.797101449275362,72.46376811594203
E00075998,226,67,30,37,159,8,151,29.646017699115045,13.274336283185843,16.371681415929203,70.35398230088495,3.5398230088495577,66.8141592920354
E00075999,340,83,48,35,257,21,236,24.41176470588235,14.117647058823529,10.294117647058822,75.58823529411765,6.176470588235294,69.41176470588235
E00076000,283,50,22,28,233,14,219,17.6678445229682,7.773851590106007,9.89399293286219,82.3321554770318,4.946996466431095,77.3851590106007
E00076001,325,78,33,45,247,20,227,24,10.153846153846153,13.846153846153847,76,6.153846153846154,69.84615384615384
E00076002,266,46,22,24,220,19,201,17.293233082706767,8.270676691729323,9.022556390977442,82.70676691729322,7.142857142857142,75.56390977443608
E00076003,297,72,44,28,225,14,211,24.242424242424242,14.814814814814813,9.427609427609427,75.75757575757575,4.713804713804714,71.04377104377105
E00076004,292,64,35,29,228,24,204,21.91780821917808,11.986301369863012,9.931506849315069,78.08219178082192,8.21917808219178,69.86301369863014
E00076005,271,65,40,25,206,10,196,23.985239852398525,14.760147601476014,9.22509225092251,76.01476014760148,3.6900369003690034,72.32472324723247
E00076006,259,58,17,41,201,29,172,22.393822393822393,6.563706563706563,15.83011583011583,77.60617760617761,11.196911196911197,66.40926640926641
E00076007,283,67,18,49,216,22,194,23.674911660777383,6.36042402826855,17.314487632508836,76.32508833922262,7.773851590106007,68.55123674911661
E00076008,308,38,16,22,270,21,249,12.337662337662337,5.194805194805195,7.142857142857142,87.66233766233766,6.8181818181818175,80.84415584415584
E00076009,335,70,35,35,265,20,245,20.8955223880597,10.44776119402985,10.44776119402985,79.1044776119403,5.970149253731343,73.13432835820896
E00076010,284,58,24,34,226,19,207,20.422535211267608,8.450704225352112,11.971830985915492,79.5774647887324,6.690140845070422,72.88732394366197
E00076011,289,60,32,28,229,12,217,20.761245674740483,11.072664359861593,9.688581314878892,79.23875432525952,4.1522491349480966,75.08650519031141
E00076012,281,68,37,31,213,29,184,24.199288256227756,13.167259786476867,11.032028469750891,75.80071174377224,10.320284697508896,65.48042704626334
E00076013,514,115,45,70,399,31,368,22.37354085603113,8.754863813229571,13.618677042801556,77.62645914396887,6.031128404669261,71.59533073929961
E00076014,271,63,29,34,208,22,186,23.247232472324722,10.70110701107011,12.546125461254611,76.75276752767527,8.118081180811808,68.63468634686348
E00076015,357,97,38,59,260,30,230,27.170868347338935,10.644257703081232,16.5266106442577,72.82913165266106,8.403361344537815,64.42577030812325
E00076016,315,90,47,43,225,19,206,28.57142857142857,14.920634920634921,13.65079365079365,71.42857142857143,6.031746031746032,65.39682539682539
E00076017,287,57,19,38,230,23,207,19.860627177700348,6.620209059233449,13.240418118466899,80.13937282229965,8.013937282229964,72.12543554006969
E00076018,309,86,44,42,223,18,205,27.831715210355988,14.239482200647249,13.592233009708737,72.168284789644,5.825242718446602,66.34304207119742
E00076019,279,65,25,40,214,24,190,23.297491039426525,8.960573476702509,14.336917562724013,76.70250896057348,8.60215053763441,68.10035842293907
E00076020,237,92,46,46,145,17,128,38.81856540084388,19.40928270042194,19.40928270042194,61.18143459915611,7.172995780590717,54.008438818565395
E00076021,309,75,43,32,234,19,215,24.271844660194176,13.915857605177994,10.355987055016183,75.72815533980582,6.148867313915858,69.57928802588997
E00076022,279,72,39,33,207,17,190,25.806451612903224,13.978494623655912,11.827956989247312,74.19354838709677,6.093189964157706,68.10035842293907
E00076023,228,48,28,20,180,11,169,21.052631578947366,12.280701754385964,8.771929824561402,78.94736842105263,4.824561403508771,74.12280701754386
E00076024,404,87,38,49,317,26,291,21.534653465346533,9.405940594059405,12.128712871287128,78.46534653465346,6.435643564356436,72.02970297029702
E00076025,218,55,30,25,163,9,154,25.229357798165136,13.761467889908257,11.46788990825688,74.77064220183486,4.128440366972478,70.64220183486239
E00076026,250,65,33,32,185,16,169,26,13.200000000000001,12.8,74,6.4,67.60000000000001
E00076027,324,72,26,46,252,23,229,22.22222222222222,8.024691358024691,14.19753086419753,77.77777777777779,7.098765432098765,70.67901234567901
E00076028,406,81,30,51,325,40,285,19.950738916256157,7.389162561576355,12.561576354679804,80.04926108374384,9.852216748768473,70.19704433497537
E00076029,291,47,13,34,244,22,222,16.151202749140893,4.4673539518900345,11.683848797250858,83.8487972508591,7.560137457044673,76.28865979381443
E00076030,440,82,24,58,358,50,308,18.636363636363637,5.454545454545454,13.18181818181818,81.36363636363636,11.363636363636363,70
E00076031,361,82,26,56,279,30,249,22.71468144044321,7.202216066481995,15.512465373961218,77.28531855955679,8.310249307479225,68.97506925207756
E00076032,226,55,21,34,171,19,152,24.336283185840706,9.29203539823009,15.04424778761062,75.66371681415929,8.4070796460177,67.2566371681416
E00076033,497,172,82,90,325,39,286,34.60764587525151,16.498993963782695,18.10865191146881,65.3923541247485,7.847082494969819,57.54527162977867
E00076034,474,94,28,66,380,37,343,19.831223628691983,5.9071729957805905,13.924050632911392,80.16877637130801,7.805907172995781,72.36286919831224
E00076035,319,52,16,36,267,31,236,16.30094043887147,5.015673981191222,11.285266457680251,83.69905956112854,9.717868338557993,73.98119122257053
E00076036,379,68,22,46,311,35,276,17.941952506596305,5.804749340369393,12.137203166226913,82.05804749340369,9.234828496042216,72.82321899736148
E00076037,250,63,23,40,187,26,161,25.2,9.2,16,74.8,10.4,64.4
E00076038,357,65,15,50,292,33,259,18.207282913165265,4.201680672268908,14.005602240896359,81.79271708683473,9.243697478991598,72.54901960784314
E00076039,318,70,17,53,248,19,229,22.0125786163522,5.345911949685535,16.666666666666664,77.9874213836478,5.9748427672955975,72.0125786163522
E00076040,322,63,19,44,259,24,235,19.565217391304348,5.900621118012422,13.664596273291925,80.43478260869566,7.453416149068323,72.98136645962732
E00076041,306,76,30,46,230,25,205,24.836601307189543,9.803921568627452,15.032679738562091,75.16339869281046,8.169934640522875,66.99346405228758
E00076042,329,70,21,49,259,31,228,21.27659574468085,6.382978723404255,14.893617021276595,78.72340425531915,9.422492401215806,69.30091185410335
E00076043,228,82,48,34,146,9,137,35.96491228070175,21.052631578947366,14.912280701754385,64.03508771929825,3.9473684210526314,60.08771929824561
E00076045,408,89,43,46,319,43,276,21.813725490196077,10.53921568627451,11.27450980392157,78.18627450980392,10.53921568627451,67.64705882352942
E00076047,295,65,24,41,230,16,214,22.033898305084744,8.135593220338983,13.898305084745763,77.96610169491525,5.423728813559322,72.54237288135593
E00076048,288,65,28,37,223,22,201,22.569444444444446,9.722222222222223,12.847222222222221,77.43055555555556,7.638888888888889,69.79166666666666
E00076050,324,73,26,47,251,26,225,22.530864197530864,8.024691358024691,14.506172839506174,77.46913580246914,8.024691358024691,69.44444444444444
E00076051,413,74,17,57,339,39,300,17.91767554479419,4.116222760290557,13.801452784503631,82.082324455205807,9.443099273607748,72.63922518159806
E00076052,333,68,17,51,265,19,246,20.42042042042042,5.105105105105105,15.315315315315313,79.57957957957959,5.7057057057057055,73.87387387387388
E00076053,338,57,27,30,281,34,247,16.86390532544379,7.988165680473373,8.875739644970414,83.13609467455622,10.059171597633137,73.07692307692307
E00076054,397,82,43,39,315,20,295,20.65491183879093,10.831234256926953,9.82367758186398,79.34508816120906,5.037783375314862,74.3073047858942
E00076055,597,144,64,80,453,37,416,24.120603015075375,10.720268006700168,13.400335008375208,75.87939698492463,6.197654941373535,69.68174204355108
E00076056,310,90,42,48,220,27,193,29.03225806451613,13.548387096774196,15.483870967741936,70.96774193548387,8.709677419354838,62.25806451612903
E00076057,343,153,97,56,190,22,168,44.606413994169095,28.279883381924197,16.3265306122449,55.39358600583091,6.41399416909621,48.97959183673469
E00076058,270,56,25,31,214,24,190,20.74074074074074,9.25925925925926,11.481481481481481,79.25925925925927,8.88888888888889,70.37037037037037
E00076059,280,62,32,30,218,12,206,22.142857142857142,11.428571428571429,10.714285714285714,77.85714285714286,4.285714285714286,73.57142857142858
E00076060,340,67,28,39,273,22,251,19.705882352941178,8.235294117647058,11.470588235294118,80.29411764705883,6.470588235294119,73.82352941176471
E00076061,292,79,42,37,213,24,189,27.054794520547947,14.383561643835616,12.67123287671233,72.94520547945206,8.21917808219178,64.72602739726028
E00076062,360,94,38,56,266,32,234,26.111111111111114,10.555555555555555,15.555555555555555,73.88888888888889,8.88888888888889,65
E00076063,275,52,33,19,223,32,191,18.90909090909091,12,6.909090909090909,81.0909090909091,11.636363636363637,69.45454545454545
E00076064,323,56,20,36,267,29,238,17.3374613003096,6.191950464396285,11.145510835913312,82.6625386996904,8.978328173374612,73.68421052631578
E00076065,326,75,25,50,251,11,240,23.006134969325153,7.668711656441718,15.337423312883436,76.99386503067484,3.374233128834356,73.61963190184049
E00076066,239,64,29,35,175,22,153,26.778242677824267,12.133891213389122,14.644351464435147,73.22175732217573,9.205020920502092,64.01673640167364
E00076067,285,37,12,25,248,26,222,12.982456140350877,4.2105263157894735,8.771929824561402,87.01754385964912,9.12280701754386,77.89473684210526
E00076068,352,63,27,36,289,27,262,17.897727272727273,7.670454545454546,10.227272727272728,82.10227272727273,7.670454545454546,74.43181818181817
E00076069,212,51,17,34,161,17,144,24.056603773584907,8.018867924528301,16.037735849056602,75.94339622641509,8.018867924528301,67.9245283018868
E00076070,266,67,30,37,199,14,185,25.18796992481203,11.278195488721805,13.909774436090224,74.81203007518798,5.263157894736842,69.54887218045113
E00076071,284,52,20,32,232,21,211,18.30985915492958,7.042253521126761,11.267605633802818,81.69014084507043,7.394366197183098,74.29577464788733
E00076072,293,88,35,53,205,14,191,30.034129692832767,11.945392491467576,18.088737201365188,69.96587030716724,4.778156996587031,65.18771331058021
E00076073,286,68,30,38,218,17,201,23.776223776223777,10.48951048951049,13.286713286713287,76.22377622377621,5.944055944055944,70.27972027972028
E00076074,309,49,21,28,260,26,234,15.857605177993527,6.796116504854369,9.06148867313916,84.14239482200647,8.414239482200648,75.72815533980582
E00076075,446,70,26,44,376,34,342,15.695067264573993,5.829596412556054,9.865470852017937,84.30493273542601,7.623318385650224,76.68161434977578
E00076076,355,86,32,54,269,32,237,24.225352112676056,9.014084507042254,15.211267605633802,75.77464788732394,9.014084507042254,66.7605633802817
E00076077,329,77,20,57,252,19,233,23.404255319148938,6.079027355623101,17.325227963525837,76.59574468085107,5.775075987841945,70.82066869300911
E00076078,312,64,16,48,248,30,218,20.51282051282051,5.128205128205128,15.384615384615385,79.48717948717949,9.615384615384617,69.87179487179486
E00076079,229,38,21,17,191,14,177,16.593886462882097,9.170305676855897,7.423580786026202,83.4061135371179,6.11353711790393,77.29257641921397
E00076080,268,56,23,33,212,16,196,20.8955223880597,8.582089552238806,12.313432835820896,79.1044776119403,5.970149253731343,73.13432835820896
E00076081,380,78,25,53,302,35,267,20.526315789473685,6.578947368421052,13.94736842105263,79.47368421052632,9.210526315789473,70.26315789473684
E00076082,339,64,23,41,275,18,257,18.87905604719764,6.784660766961652,12.094395280235988,81.12094395280236,5.3097345132743365,75.81120943952803
E00076083,322,77,36,41,245,15,230,23.91304347826087,11.180124223602485,12.732919254658384,76.08695652173914,4.658385093167702,71.42857142857143
E00076084,271,63,29,34,208,18,190,23.247232472324722,10.70110701107011,12.546125461254611,76.75276752767527,6.642066420664207,70.11070110701108
E00076085,245,62,26,36,183,20,163,25.30612244897959,10.612244897959183,14.69387755102041,74.6938775510204,8.16326530612245,66.53061224489795
E00076086,243,66,26,40,177,22,155,27.160493827160494,10.699588477366255,16.46090534979424,72.8395061728395,9.053497942386832,63.78600823045267
E00076087,272,76,40,36,196,26,170,27.941176470588236,14.705882352941178,13.23529411764706,72.05882352941177,9.558823529411764,62.5
E00076088,306,73,19,54,233,20,213,23.856209150326798,6.209150326797386,17.647058823529413,76.1437908496732,6.535947712418301,69.6078431372549
E00076089,385,82,31,51,303,31,272,21.298701298701296,8.051948051948052,13.246753246753245,78.70129870129871,8.051948051948052,70.64935064935065
E00076090,244,46,18,28,198,24,174,18.852459016393443,7.377049180327869,11.475409836065573,81.14754098360656,9.836065573770492,71.31147540983606
E00076091,299,70,25,45,229,21,208,23.411371237458194,8.361204013377927,15.050167224080269,76.58862876254182,7.023411371237458,69.56521739130434
E00076092,244,90,46,44,154,11,143,36.885245901639344,18.852459016393443,18.0327868852459,63.114754098360656,4.508196721311475,58.606557377049185
E00076093,333,64,27,37,269,16,253,19.21921921921922,8.108108108108109,11.11111111111111,80.78078078078079,4.804804804804805,75.97597597597597
E00076094,357,80,35,45,277,22,255,22.408963585434176,9.803921568627452,12.605042016806722,77.59103641456583,6.162464985994398,71.42857142857143
E00076095,353,96,46,50,257,21,236,27.19546742209632,13.031161473087819,14.164305949008499,72.80453257790369,5.94900849858357,66.85552407932012
E00076096,353,98,54,44,255,23,232,27.762039660056658,15.29745042492918,12.464589235127479,72.23796033994334,6.515580736543909,65.72237960339945
E00076097,330,83,42,41,247,26,221,25.151515151515152,12.727272727272727,12.424242424242424,74.84848484848486,7.878787878787878,66.96969696969697
E00076099,354,59,26,33,295,32,263,16.666666666666664,7.344632768361582,9.322033898305085,83.33333333333334,9.03954802259887,74.29378531073446
E00076100,288,43,14,29,245,27,218,14.930555555555555,4.861111111111112,10.069444444444445,85.06944444444444,9.375,75.69444444444444
E00076101,265,90,42,48,175,26,149,33.9622641509434,15.849056603773585,18.11320754716981,66.0377358490566,9.811320754716983,56.22641509433962
E00076102,235,39,14,25,196,15,181,16.595744680851062,5.957446808510639,10.638297872340425,83.40425531914893,6.382978723404255,77.02127659574468
E00076103,280,46,11,35,234,25,209,16.428571428571427,3.9285714285714284,12.5,83.57142857142857,8.928571428571429,74.64285714285714
E00076104,238,53,22,31,185,21,164,22.268907563025213,9.243697478991598,13.025210084033615,77.73109243697479,8.823529411764707,68.90756302521008
E00076105,277,40,13,27,237,26,211,14.440433212996389,4.693140794223827,9.747292418772563,85.5595667870036,9.386281588447654,76.17328519855594
E00076106,230,48,22,26,182,27,155,20.869565217391305,9.565217391304348,11.304347826086957,79.13043478260869,11.73913043478261,67.3913043478261
E00076107,288,80,43,37,208,15,193,27.77777777777778,14.930555555555555,12.847222222222221,72.22222222222221,5.208333333333334,67.01388888888889
E00076108,278,63,28,35,215,25,190,22.66187050359712,10.071942446043165,12.589928057553957,77.33812949640287,8.992805755395683,68.34532374100719
E00076109,238,56,24,32,182,17,165,23.52941176470588,10.084033613445378,13.445378151260504,76.47058823529412,7.142857142857142,69.32773109243698
E00076110,312,62,13,49,250,24,226,19.871794871794872,4.166666666666666,15.705128205128204,80.12820512820514,7.6923076923076925,72.43589743589743
E00076111,249,52,20,32,197,14,183,20.883534136546185,8.032128514056225,12.851405622489958,79.11646586345381,5.622489959839357,73.49397590361446
E00076112,287,65,26,39,222,13,209,22.64808362369338,9.059233449477352,13.588850174216027,77.35191637630662,4.529616724738676,72.82229965156795
E00076113,293,47,20,27,246,21,225,16.040955631399317,6.825938566552901,9.215017064846416,83.95904436860067,7.167235494880546,76.79180887372013
E00076114,251,50,21,29,201,10,191,19.9203187250996,8.366533864541832,11.553784860557768,80.0796812749004,3.9840637450199203,76.09561752988047
E00076115,235,38,12,26,197,20,177,16.170212765957448,5.106382978723404,11.063829787234042,83.82978723404256,8.51063829787234,75.31914893617021
E00076116,284,78,42,36,206,13,193,27.464788732394368,14.788732394366196,12.676056338028168,72.53521126760563,4.577464788732395,67.95774647887323
E00076117,180,43,22,21,137,12,125,23.88888888888889,12.222222222222221,11.666666666666666,76.11111111111111,6.666666666666667,69.44444444444444
E00076118,274,59,15,44,215,19,196,21.532846715328464,5.474452554744526,16.05839416058394,78.46715328467153,6.934306569343065,71.53284671532847
E00076119,306,66,33,33,240,18,222,21.568627450980394,10.784313725490197,10.784313725490197,78.43137254901961,5.88235294117647,72.54901960784314
E00076120,306,70,32,38,236,34,202,22.875816993464053,10.457516339869281,12.418300653594772,77.12418300653596,11.11111111111111,66.01307189542483
E00076122,269,78,40,38,191,21,170,28.99628252788104,14.869888475836431,14.12639405204461,71.00371747211895,7.806691449814126,63.19702602230484
E00076123,281,60,27,33,221,20,201,21.352313167259787,9.608540925266903,11.743772241992882,78.64768683274022,7.11743772241993,71.53024911032028
E00076124,382,51,17,34,331,33,298,13.350785340314136,4.450261780104712,8.900523560209423,86.64921465968587,8.638743455497382,78.01047120418848
E00076125,287,57,22,35,230,16,214,19.860627177700348,7.665505226480835,12.195121951219512,80.13937282229965,5.574912891986063,74.56445993031359
E00076126,256,35,15,20,221,22,199,13.671875,5.859375,7.8125,86.328125,8.59375,77.734375
E00076127,262,60,24,36,202,22,180,22.900763358778626,9.16030534351145,13.740458015267176,77.09923664122137,8.396946564885496,68.70229007633588
E00076128,325,45,22,23,280,27,253,13.846153846153847,6.769230769230769,7.076923076923077,86.15384615384616,8.307692307692308,77.84615384615384
E00076129,268,47,17,30,221,22,199,17.537313432835823,6.343283582089552,11.194029850746269,82.46268656716418,8.208955223880597,74.25373134328358
E00076130,233,74,37,37,159,17,142,31.759656652360512,15.879828326180256,15.879828326180256,68.24034334763948,7.296137339055794,60.94420600858369
E00076131,257,42,21,21,215,20,195,16.342412451361866,8.171206225680933,8.171206225680933,83.65758754863813,7.782101167315175,75.87548638132296
E00076132,497,99,47,52,398,33,365,19.919517102615693,9.456740442655935,10.46277665995976,80.08048289738431,6.639839034205232,73.44064386317908
E00076133,222,98,49,49,124,11,113,44.14414414414414,22.07207207207207,22.07207207207207,55.85585585585585,4.954954954954955,50.9009009009009
E00076134,248,54,29,25,194,20,174,21.774193548387096,11.693548387096774,10.080645161290322,78.2258064516129,8.064516129032258,70.16129032258065
E00076135,356,50,17,33,306,26,280,14.04494382022472,4.775280898876404,9.269662921348315,85.95505617977528,7.303370786516854,78.65168539325843
E00076136,291,50,26,24,241,26,215,17.18213058419244,8.934707903780069,8.24742268041237,82.81786941580756,8.934707903780069,73.8831615120275
E00076137,169,97,58,39,72,8,64,57.396449704142015,34.319526627218934,23.076923076923077,42.60355029585799,4.733727810650888,37.8698224852071
E00076138,375,37,11,26,338,17,321,9.866666666666667,2.933333333333333,6.933333333333333,90.13333333333333,4.533333333333333,85.6
E00076139,307,76,38,38,231,23,208,24.7557003257329,12.37785016286645,12.37785016286645,75.2442996742671,7.491856677524431,67.75244299674267
E00076140,372,100,48,52,272,38,234,26.881720430107524,12.903225806451612,13.978494623655912,73.11827956989248,10.21505376344086,62.903225806451616
E00076141,275,93,41,52,182,13,169,33.81818181818182,14.909090909090908,18.90909090909091,66.18181818181819,4.7272727272727275,61.45454545454545
E00076142,271,61,29,32,210,20,190,22.509225092250922,10.70110701107011,11.808118081180812,77.49077490774908,7.380073800738007,70.11070110701108
E00076143,310,73,29,44,237,18,219,23.548387096774192,9.35483870967742,14.193548387096774,76.45161290322581,5.806451612903226,70.64516129032258
E00076144,286,66,33,33,220,20,200,23.076923076923077,11.538461538461538,11.538461538461538,76.92307692307693,6.993006993006993,69.93006993006993
E00076145,317,80,35,45,237,19,218,25.236593059936908,11.041009463722396,14.195583596214512,74.76340694006309,5.993690851735016,68.76971608832808
E00076146,265,56,31,25,209,23,186,21.132075471698116,11.69811320754717,9.433962264150944,78.8679245283019,8.679245283018867,70.18867924528301
E00076147,277,53,21,32,224,23,201,19.133574007220215,7.581227436823104,11.552346570397113,80.86642599277978,8.303249097472925,72.56317689530685
E00076148,249,52,19,33,197,25,172,20.883534136546185,7.630522088353414,13.253012048192772,79.11646586345381,10.040160642570282,69.07630522088354
E00076149,266,30,13,17,236,20,216,11.278195488721805,4.887218045112782,6.390977443609022,88.7218045112782,7.518796992481203,81.203007518797
E00076150,303,64,33,31,239,14,225,21.122112211221122,10.891089108910892,10.231023102310232,78.87788778877888,4.62046204620462,74.25742574257426
E00076151,327,99,51,48,228,24,204,30.275229357798167,15.59633027522936,14.678899082568808,69.72477064220183,7.339449541284404,62.38532110091744
E00076152,300,73,36,37,227,14,213,24.333333333333336,12,12.333333333333334,75.66666666666667,4.666666666666667,71
E00076153,299,100,50,50,199,20,179,33.44481605351171,16.722408026755854,16.722408026755854,66.5551839464883,6.688963210702341,59.86622073578596
E00076154,338,74,27,47,264,21,243,21.893491124260358,7.988165680473373,13.905325443786982,78.10650887573965,6.21301775147929,71.89349112426035
E00076155,259,87,48,39,172,16,156,33.59073359073359,18.53281853281853,15.057915057915059,66.40926640926641,6.177606177606178,60.231660231660236
E00076156,337,93,45,48,244,14,230,27.596439169139465,13.353115727002967,14.243323442136498,72.40356083086054,4.154302670623145,68.24925816023739
E00076157,593,93,28,65,500,36,464,15.682967959527824,4.721753794266442,10.961214165261383,84.31703204047217,6.070826306913997,78.24620573355818
E00076158,314,70,34,36,244,17,227,22.29299363057325,10.828025477707007,11.464968152866243,77.70700636942675,5.414012738853503,72.29299363057325
E00076159,257,41,13,28,216,20,196,15.953307392996107,5.058365758754864,10.894941634241246,84.04669260700389,7.782101167315175,76.26459143968872
E00076160,283,85,48,37,198,21,177,30.03533568904594,16.96113074204947,13.074204946996467,69.96466431095406,7.420494699646643,62.544169611307424
E00076161,307,89,49,40,218,12,206,28.990228013029316,15.960912052117262,13.029315960912053,71.00977198697068,3.908794788273615,67.10097719869707
E00076162,261,74,33,41,187,19,168,28.35249042145594,12.643678160919542,15.708812260536398,71.64750957854406,7.2796934865900385,64.36781609195403
E00076163,496,138,75,63,358,33,325,27.82258064516129,15.120967741935484,12.701612903225806,72.17741935483872,6.653225806451612,65.5241935483871
E00076164,386,75,36,39,311,36,275,19.4300518134715,9.32642487046632,10.103626943005182,80.56994818652849,9.32642487046632,71.24352331606218
E00076165,312,72,24,48,240,17,223,23.076923076923077,7.6923076923076925,15.384615384615385,76.92307692307693,5.448717948717949,71.47435897435898
E00076167,324,103,57,46,221,22,199,31.790123456790127,17.59259259259259,14.19753086419753,68.20987654320987,6.790123456790123,61.419753086419746
E00076168,276,55,23,32,221,21,200,19.92753623188406,8.333333333333332,11.594202898550725,80.07246376811594,7.608695652173914,72.46376811594203
E00076169,599,134,72,62,465,27,438,22.370617696160267,12.020033388981636,10.35058430717863,77.62938230383973,4.507512520868113,73.12186978297161
E00076170,394,83,42,41,311,23,288,21.065989847715734,10.65989847715736,10.406091370558377,78.93401015228426,5.83756345177665,73.09644670050761
E00076171,299,54,21,33,245,29,216,18.06020066889632,7.023411371237458,11.036789297658862,81.93979933110369,9.698996655518394,72.24080267558529
E00076172,323,72,32,40,251,15,236,22.291021671826623,9.907120743034056,12.38390092879257,77.70897832817337,4.643962848297214,73.06501547987617
E00076173,226,79,42,37,147,10,137,34.95575221238938,18.58407079646018,16.371681415929203,65.04424778761062,4.424778761061947,60.61946902654868
E00076174,272,51,23,28,221,18,203,18.75,8.455882352941178,10.294117647058822,81.25,6.61764705882353,74.63235294117648
E00076175,340,56,28,28,284,13,271,16.470588235294116,8.235294117647058,8.235294117647058,83.52941176470588,3.823529411764706,79.70588235294119
E00076176,338,92,54,38,246,19,227,27.218934911242602,15.976331360946746,11.242603550295858,72.7810650887574,5.621301775147929,67.15976331360946
E00076177,223,71,27,44,152,13,139,31.838565022421523,12.10762331838565,19.730941704035875,68.16143497757847,5.829596412556054,62.33183856502242
E00076178,147,33,16,17,114,5,109,22.448979591836736,10.884353741496598,11.564625850340136,77.55102040816327,3.4013605442176873,74.14965986394559
E00076179,379,58,25,33,321,19,302,15.303430079155673,6.596306068601583,8.70712401055409,84.69656992084433,5.013192612137203,79.68337730870712
E00076180,340,75,25,50,265,10,255,22.058823529411764,7.352941176470589,14.705882352941178,77.94117647058823,2.941176470588235,75
E00076181,295,92,53,39,203,18,185,31.186440677966104,17.966101694915253,13.220338983050848,68.8135593220339,6.101694915254238,62.71186440677966
E00076182,179,46,18,28,133,6,127,25.69832402234637,10.05586592178771,15.64245810055866,74.30167597765363,3.35195530726257,70.94972067039106
E00076183,171,57,34,23,114,8,106,33.33333333333333,19.883040935672515,13.450292397660817,66.66666666666666,4.678362573099415,61.98830409356725
E00076184,232,66,27,39,166,22,144,28.448275862068968,11.637931034482758,16.810344827586206,71.55172413793103,9.482758620689655,62.06896551724138
E00076185,231,44,13,31,187,13,174,19.047619047619047,5.627705627705628,13.41991341991342,80.95238095238095,5.627705627705628,75.32467532467533
E00076186,393,92,53,39,301,29,272,23.40966921119593,13.486005089058525,9.923664122137405,76.59033078880407,7.37913486005089,69.21119592875317
E00076187,335,114,63,51,221,20,201,34.02985074626866,18.80597014925373,15.223880597014924,65.97014925373135,5.970149253731343,60
E00076188,299,102,59,43,197,15,182,34.11371237458194,19.732441471571907,14.381270903010032,65.88628762541806,5.016722408026756,60.86956521739131
E00076189,265,52,26,26,213,20,193,19.622641509433965,9.811320754716983,9.811320754716983,80.37735849056604,7.547169811320755,72.83018867924528
E00076190,296,82,42,40,214,21,193,27.7027027027027,14.18918918918919,13.513513513513514,72.2972972972973,7.094594594594595,65.2027027027027
E00076191,232,63,32,31,169,17,152,27.155172413793103,13.793103448275861,13.36206896551724,72.84482758620689,7.327586206896551,65.51724137931035
E00076192,258,67,35,32,191,21,170,25.968992248062015,13.565891472868216,12.4031007751938,74.03100775193798,8.13953488372093,65.89147286821705
E00076193,329,113,51,62,216,22,194,34.34650455927052,15.501519756838904,18.84498480243161,65.65349544072949,6.68693009118541,58.96656534954408
E00076194,300,116,70,46,184,23,161,38.666666666666664,23.333333333333332,15.333333333333332,61.33333333333333,7.666666666666666,53.666666666666664
E00076195,245,86,42,44,159,18,141,35.10204081632653,17.142857142857142,17.959183673469386,64.89795918367346,7.346938775510205,57.55102040816327
E00076196,248,63,38,25,185,19,166,25.403225806451612,15.32258064516129,10.080645161290322,74.59677419354838,7.661290322580645,66.93548387096774
E00076197,333,85,34,51,248,13,235,25.525525525525527,10.21021021021021,15.315315315315313,74.47447447447448,3.903903903903904,70.57057057057057
E00076198,288,71,38,33,217,17,200,24.65277777777778,13.194444444444445,11.458333333333332,75.34722222222221,5.902777777777778,69.44444444444444
E00076199,316,71,33,38,245,14,231,22.468354430379748,10.443037974683545,12.025316455696203,77.53164556962025,4.430379746835443,73.10126582278481
E00076200,283,68,31,37,215,22,193,24.02826855123675,10.954063604240282,13.074204946996467,75.97173144876325,7.773851590106007,68.19787985865725
E00076201,308,75,27,48,233,15,218,24.350649350649352,8.766233766233766,15.584415584415584,75.64935064935064,4.870129870129871,70.77922077922078
E00076202,399,95,45,50,304,28,276,23.809523809523807,11.278195488721805,12.531328320802004,76.19047619047619,7.017543859649122,69.17293233082707
E00076203,356,83,43,40,273,30,243,23.314606741573034,12.07865168539326,11.235955056179774,76.68539325842697,8.426966292134832,68.25842696629213
E00076204,294,86,48,38,208,20,188,29.25170068027211,16.3265306122449,12.925170068027212,70.74829931972789,6.802721088435375,63.94557823129252
E00076205,359,81,40,41,278,21,257,22.56267409470752,11.142061281337048,11.420612813370473,77.43732590529248,5.8495821727019495,71.58774373259052
E00076206,301,72,34,38,229,23,206,23.920265780730897,11.295681063122924,12.624584717607974,76.0797342192691,7.641196013289036,68.43853820598007
E00076207,353,143,90,53,210,32,178,40.50991501416431,25.495750708215297,15.01416430594901,59.490084985835686,9.06515580736544,50.42492917847026
E00076208,436,127,58,69,309,33,276,29.128440366972473,13.302752293577983,15.825688073394495,70.87155963302753,7.568807339449542,63.30275229357798
E00076209,314,91,46,45,223,20,203,28.980891719745223,14.64968152866242,14.331210191082802,71.01910828025477,6.369426751592357,64.64968152866241
E00076210,263,64,28,36,199,19,180,24.334600760456272,10.646387832699618,13.688212927756654,75.66539923954373,7.224334600760455,68.44106463878326
E00076211,401,108,56,52,293,39,254,26.932668329177055,13.96508728179551,12.967581047381547,73.06733167082294,9.72568578553616,63.34164588528678
E00076212,338,108,64,44,230,23,207,31.952662721893493,18.93491124260355,13.017751479289942,68.04733727810651,6.8047337278106506,61.24260355029586
E00076213,336,80,42,38,256,25,231,23.809523809523807,12.5,11.30952380952381,76.19047619047619,7.440476190476191,68.75
E00076214,334,89,41,48,245,19,226,26.646706586826348,12.275449101796406,14.37125748502994,73.35329341317365,5.688622754491018,67.66467065868264
E00076215,289,79,35,44,210,24,186,27.33564013840831,12.110726643598616,15.22491349480969,72.66435986159169,8.304498269896193,64.3598615916955
E00076216,288,108,56,52,180,21,159,37.5,19.444444444444446,18.055555555555554,62.5,7.291666666666667,55.208333333333336
E00076217,298,73,32,41,225,21,204,24.496644295302016,10.738255033557047,13.758389261744966,75.50335570469798,7.046979865771812,68.45637583892618
E00076218,270,72,37,35,198,13,185,26.666666666666668,13.703703703703704,12.962962962962962,73.33333333333333,4.814814814814815,68.51851851851852
E00076219,290,79,43,36,211,28,183,27.241379310344826,14.827586206896552,12.413793103448276,72.75862068965517,9.655172413793103,63.10344827586207
E00076220,238,75,38,37,163,13,150,31.512605042016805,15.966386554621847,15.546218487394958,68.4873949579832,5.46218487394958,63.02521008403361
E00076221,335,100,46,54,235,23,212,29.850746268656714,13.73134328358209,16.119402985074625,70.1492537313433,6.865671641791045,63.28358208955224
E00076222,281,58,27,31,223,14,209,20.640569395017792,9.608540925266903,11.032028469750891,79.35943060498221,4.98220640569395,74.37722419928826
E00076223,230,46,21,25,184,20,164,20,9.130434782608695,10.869565217391305,80,8.695652173913043,71.30434782608695
E00076224,335,90,48,42,245,19,226,26.865671641791046,14.328358208955224,12.53731343283582,73.13432835820896,5.6716417910447765,67.46268656716417
E00076225,245,39,13,26,206,18,188,15.918367346938775,5.3061224489795915,10.612244897959183,84.08163265306122,7.346938775510205,76.73469387755102
E00076226,244,59,36,23,185,23,162,24.18032786885246,14.754098360655737,9.426229508196721,75.81967213114754,9.426229508196721,66.39344262295081
E00076227,409,70,23,47,339,25,314,17.114914425427873,5.623471882640587,11.491442542787286,82.88508557457213,6.112469437652812,76.77261613691931
E00076228,271,56,28,28,215,15,200,20.66420664206642,10.33210332103321,10.33210332103321,79.33579335793358,5.535055350553505,73.80073800738008
E00076229,318,88,36,52,230,23,207,27.67295597484277,11.320754716981133,16.352201257861633,72.32704402515722,7.232704402515723,65.09433962264151
E00076230,256,70,27,43,186,19,167,27.34375,10.546875,16.796875,72.65625,7.421875,65.234375
E00076231,452,85,35,50,367,35,332,18.805309734513273,7.7433628318584065,11.061946902654867,81.19469026548673,7.7433628318584065,73.45132743362832
E00076233,266,75,31,44,191,24,167,28.195488721804512,11.654135338345863,16.541353383458645,71.80451127819549,9.022556390977442,62.78195488721805
E00076234,220,50,26,24,170,25,145,22.727272727272727,11.818181818181818,10.909090909090908,77.27272727272727,11.363636363636363,65.9090909090909
E00076235,287,76,33,43,211,17,194,26.480836236933797,11.498257839721255,14.982578397212542,73.5191637630662,5.923344947735192,67.59581881533101
E00076236,244,58,20,38,186,21,165,23.770491803278688,8.19672131147541,15.573770491803279,76.22950819672131,8.60655737704918,67.62295081967213
E00076237,288,66,24,42,222,15,207,22.916666666666664,8.333333333333332,14.583333333333334,77.08333333333334,5.208333333333334,71.875
E00076238,343,109,58,51,234,18,216,31.778425655976676,16.909620991253643,14.868804664723031,68.22157434402332,5.247813411078718,62.973760932944614
E00076239,295,70,29,41,225,24,201,23.728813559322035,9.830508474576272,13.898305084745763,76.27118644067797,8.135593220338983,68.13559322033899
E00076240,312,74,42,32,238,23,215,23.717948717948715,13.461538461538462,10.256410256410255,76.28205128205127,7.371794871794872,68.91025641025641
E00076241,314,65,28,37,249,20,229,20.70063694267516,8.9171974522293,11.78343949044586,79.29936305732484,6.369426751592357,72.92993630573248
E00076243,300,56,20,36,244,29,215,18.666666666666668,6.666666666666667,12,81.33333333333333,9.666666666666666,71.66666666666667
E00076246,277,43,17,26,234,22,212,15.523465703971121,6.137184115523466,9.386281588447654,84.47653429602889,7.9422382671480145,76.53429602888086
E00076248,296,49,14,35,247,28,219,16.554054054054053,4.72972972972973,11.824324324324325,83.44594594594594,9.45945945945946,73.98648648648648
E00076249,270,60,23,37,210,20,190,22.22222222222222,8.518518518518519,13.703703703703704,77.77777777777779,7.4074074074074066,70.37037037037037
E00076250,236,44,19,25,192,19,173,18.64406779661017,8.050847457627118,10.59322033898305,81.35593220338984,8.050847457627118,73.30508474576271
E00076251,411,95,45,50,316,33,283,23.114355231143552,10.948905109489052,12.165450121654501,76.88564476885644,8.02919708029197,68.85644768856449
E00076252,340,61,19,42,279,22,257,17.941176470588236,5.588235294117648,12.352941176470589,82.05882352941177,6.470588235294119,75.58823529411765
E00076253,281,63,33,30,218,20,198,22.419928825622776,11.743772241992882,10.676156583629894,77.58007117437722,7.11743772241993,70.46263345195729
E00076254,219,33,20,13,186,20,166,15.068493150684931,9.1324200913242,5.93607305936073,84.93150684931507,9.1324200913242,75.79908675799086
E00076255,214,62,34,28,152,11,141,28.971962616822427,15.887850467289718,13.084112149532709,71.02803738317756,5.14018691588785,65.88785046728972
E00076256,398,83,34,49,315,20,295,20.85427135678392,8.542713567839195,12.311557788944723,79.14572864321609,5.025125628140704,74.12060301507537
E00076257,301,95,60,35,206,24,182,31.561461794019934,19.93355481727575,11.627906976744185,68.43853820598007,7.973421926910299,60.46511627906976
E00076258,247,56,23,33,191,23,168,22.672064777327936,9.31174089068826,13.360323886639677,77.32793522267207,9.31174089068826,68.0161943319838
E00076260,272,36,19,17,236,22,214,13.23529411764706,6.985294117647059,6.25,86.76470588235294,8.088235294117647,78.67647058823529
E00076261,271,71,28,43,200,24,176,26.199261992619927,10.33210332103321,15.867158671586715,73.80073800738008,8.856088560885608,64.94464944649447
E00076262,285,58,23,35,227,22,205,20.350877192982455,8.070175438596491,12.280701754385964,79.64912280701755,7.719298245614035,71.9298245614035
E00076263,280,68,32,36,212,18,194,24.285714285714285,11.428571428571429,12.857142857142856,75.71428571428571,6.428571428571428,69.28571428571428
E00076264,299,77,36,41,222,32,190,25.75250836120401,12.040133779264215,13.712374581939798,74.24749163879598,10.702341137123746,63.54515050167224
E00076265,235,68,37,31,167,10,157,28.936170212765955,15.74468085106383,13.191489361702127,71.06382978723404,4.25531914893617,66.80851063829788
E00076266,257,63,38,25,194,19,175,24.5136186770428,14.785992217898833,9.72762645914397,75.4863813229572,7.392996108949417,68.09338521400778
E00076267,269,61,25,36,208,25,183,22.676579925650557,9.293680297397769,13.382899628252787,77.32342007434944,9.293680297397769,68.02973977695167
E00076268,230,74,37,37,156,8,148,32.17391304347826,16.08695652173913,16.08695652173913,67.82608695652173,3.4782608695652173,64.34782608695652
E00076269,291,61,28,33,230,28,202,20.962199312714777,9.621993127147768,11.34020618556701,79.03780068728523,9.621993127147768,69.41580756013745
E00076270,316,37,13,24,279,35,244,11.708860759493671,4.113924050632911,7.59493670886076,88.29113924050634,11.075949367088606,77.21518987341773
E00076271,276,33,10,23,243,32,211,11.956521739130435,3.6231884057971016,8.333333333333332,88.04347826086956,11.594202898550725,76.44927536231883
E00076272,237,49,15,34,188,25,163,20.675105485232066,6.329113924050633,14.345991561181433,79.32489451476793,10.548523206751055,68.77637130801688
E00076273,308,54,27,27,254,35,219,17.532467532467532,8.766233766233766,8.766233766233766,82.46753246753246,11.363636363636363,71.1038961038961
E00076274,326,46,19,27,280,19,261,14.11042944785276,5.828220858895705,8.282208588957054,85.88957055214725,5.828220858895705,80.06134969325154
E00076275,366,98,61,37,268,33,235,26.775956284153008,16.666666666666664,10.10928961748634,73.224043715847,9.01639344262295,64.20765027322405
E00076276,301,48,18,30,253,25,228,15.946843853820598,5.980066445182724,9.966777408637874,84.0531561461794,8.305647840531561,75.74750830564784
E00076277,300,35,13,22,265,36,229,11.666666666666666,4.333333333333334,7.333333333333333,88.33333333333333,12,76.33333333333333
E00076278,265,41,12,29,224,15,209,15.471698113207546,4.528301886792453,10.943396226415095,84.52830188679246,5.660377358490567,78.8679245283019
E00076279,331,40,11,29,291,21,270,12.084592145015106,3.3232628398791544,8.761329305135952,87.91540785498489,6.3444108761329305,81.57099697885197
E00076280,268,80,55,25,188,19,169,29.850746268656714,20.522388059701495,9.328358208955224,70.1492537313433,7.08955223880597,63.059701492537314
E00076281,306,36,7,29,270,25,245,11.76470588235294,2.287581699346405,9.477124183006536,88.23529411764706,8.169934640522875,80.06535947712419
E00076282,293,55,28,27,238,16,222,18.771331058020476,9.556313993174061,9.215017064846416,81.22866894197952,5.460750853242321,75.76791808873719
E00076283,303,52,16,36,251,25,226,17.16171617161716,5.2805280528052805,11.881188118811881,82.83828382838284,8.25082508250825,74.58745874587459
E00076284,299,60,25,35,239,24,215,20.066889632107024,8.361204013377927,11.705685618729097,79.93311036789298,8.02675585284281,71.90635451505017
E00076285,337,53,19,34,284,33,251,15.727002967359049,5.637982195845697,10.089020771513352,84.27299703264094,9.792284866468842,74.4807121661721
E00076286,319,41,17,24,278,17,261,12.852664576802509,5.329153605015674,7.523510971786834,87.14733542319749,5.329153605015674,81.81818181818183
E00076287,281,33,13,20,248,20,228,11.743772241992882,4.6263345195729535,7.11743772241993,88.25622775800713,7.11743772241993,81.13879003558719
E00076288,300,52,15,37,248,18,230,17.333333333333336,5,12.333333333333334,82.66666666666667,6,76.66666666666667
E00076289,275,41,15,26,234,21,213,14.909090909090908,5.454545454545454,9.454545454545455,85.0909090909091,7.636363636363637,77.45454545454545
E00076290,286,42,20,22,244,15,229,14.685314685314685,6.993006993006993,7.6923076923076925,85.3146853146853,5.244755244755245,80.06993006993007
E00076291,331,61,21,40,270,37,233,18.429003021148034,6.3444108761329305,12.084592145015106,81.57099697885197,11.178247734138973,70.39274924471299
E00076292,310,56,22,34,254,20,234,18.064516129032256,7.096774193548387,10.967741935483872,81.93548387096774,6.451612903225806,75.48387096774194
E00076293,313,41,14,27,272,30,242,13.099041533546327,4.472843450479233,8.626198083067091,86.90095846645367,9.584664536741213,77.31629392971246
E00076294,245,42,17,25,203,20,183,17.142857142857142,6.938775510204081,10.204081632653061,82.85714285714286,8.16326530612245,74.6938775510204
E00076295,434,69,24,45,365,37,328,15.898617511520738,5.529953917050691,10.368663594470046,84.10138248847926,8.525345622119817,75.57603686635944
E00076296,316,72,24,48,244,22,222,22.78481012658228,7.59493670886076,15.18987341772152,77.21518987341773,6.962025316455696,70.25316455696202
E00076297,325,33,9,24,292,29,263,10.153846153846153,2.769230769230769,7.384615384615385,89.84615384615384,8.923076923076923,80.92307692307692
E00076298,319,51,21,30,268,23,245,15.987460815047022,6.583072100313479,9.404388714733543,84.01253918495298,7.210031347962382,76.8025078369906
E00076299,299,42,12,30,257,29,228,14.046822742474916,4.013377926421405,10.033444816053512,85.95317725752508,9.698996655518394,76.2541806020067
E00076300,341,51,19,32,290,40,250,14.95601173020528,5.571847507331378,9.3841642228739,85.04398826979472,11.730205278592376,73.31378299120234
E00076301,256,47,21,26,209,15,194,18.359375,8.203125,10.15625,81.640625,5.859375,75.78125
E00076302,224,31,10,21,193,16,177,13.839285714285715,4.464285714285714,9.375,86.16071428571429,7.142857142857142,79.01785714285714
E00076303,274,44,17,27,230,21,209,16.05839416058394,6.204379562043796,9.854014598540147,83.94160583941606,7.664233576642336,76.27737226277372
E00076304,267,38,7,31,229,40,189,14.232209737827715,2.6217228464419478,11.610486891385769,85.76779026217228,14.981273408239701,70.78651685393258
E00076305,312,48,11,37,264,31,233,15.384615384615385,3.5256410256410255,11.858974358974358,84.61538461538461,9.935897435897436,74.67948717948718
E00076306,302,64,27,37,238,18,220,21.192052980132452,8.940397350993377,12.251655629139073,78.80794701986756,5.960264900662252,72.84768211920529
E00076307,277,31,9,22,246,27,219,11.191335740072201,3.2490974729241873,7.9422382671480145,88.8086642599278,9.747292418772563,79.06137184115524
E00076308,316,43,16,27,273,37,236,13.60759493670886,5.063291139240507,8.544303797468354,86.39240506329115,11.708860759493671,74.68354430379746
E00076309,460,100,34,66,360,38,322,21.73913043478261,7.391304347826087,14.347826086956522,78.26086956521739,8.26086956521739,70
E00076310,278,40,14,26,238,23,215,14.388489208633093,5.0359712230215825,9.352517985611511,85.61151079136691,8.273381294964029,77.33812949640287
E00076311,369,47,17,30,322,24,298,12.737127371273713,4.607046070460704,8.130081300813007,87.26287262872629,6.504065040650407,80.75880758807588
E00076312,317,49,19,30,268,23,245,15.457413249211358,5.993690851735016,9.46372239747634,84.54258675078864,7.255520504731862,77.28706624605678
E00076313,312,49,16,33,263,30,233,15.705128205128204,5.128205128205128,10.576923076923077,84.2948717948718,9.615384615384617,74.67948717948718
E00076314,333,32,8,24,301,30,271,9.60960960960961,2.4024024024024024,7.207207207207207,90.39039039039038,9.00900900900901,81.38138138138137
E00076315,275,32,12,20,243,21,222,11.636363636363637,4.363636363636364,7.2727272727272725,88.36363636363636,7.636363636363637,80.72727272727272
E00076316,283,74,36,38,209,13,196,26.148409893992934,12.7208480565371,13.427561837455832,73.85159010600707,4.593639575971731,69.25795053003534
E00076317,237,48,19,29,189,21,168,20.253164556962027,8.016877637130802,12.236286919831224,79.74683544303798,8.860759493670885,70.88607594936708
E00076318,328,56,16,40,272,29,243,17.073170731707318,4.878048780487805,12.195121951219512,82.92682926829268,8.841463414634147,74.08536585365853
E00076319,336,54,22,32,282,23,259,16.071428571428573,6.547619047619048,9.523809523809524,83.92857142857143,6.845238095238096,77.08333333333334
E00076320,300,57,16,41,243,24,219,19,5.333333333333334,13.666666666666666,81,8,73
E00076321,259,35,8,27,224,22,202,13.513513513513514,3.088803088803089,10.424710424710424,86.48648648648648,8.494208494208493,77.99227799227799
E00076322,621,65,23,42,556,55,501,10.466988727858293,3.7037037037037033,6.763285024154589,89.5330112721417,8.856682769726248,80.67632850241546
E00076323,305,30,9,21,275,23,252,9.836065573770492,2.9508196721311477,6.885245901639345,90.1639344262295,7.540983606557377,82.62295081967214
E00076324,402,38,11,27,364,35,329,9.45273631840796,2.736318407960199,6.7164179104477615,90.54726368159204,8.706467661691542,81.8407960199005
E00076325,327,41,15,26,286,19,267,12.538226299694188,4.587155963302752,7.951070336391437,87.46177370030581,5.81039755351682,81.65137614678899
E00076326,576,90,35,55,486,44,442,15.625,6.076388888888888,9.54861111111111,84.375,7.638888888888889,76.73611111111111
E00076327,264,43,18,25,221,19,202,16.28787878787879,6.8181818181818175,9.469696969696969,83.71212121212122,7.196969696969697,76.51515151515152
E00076328,316,45,17,28,271,20,251,14.240506329113925,5.379746835443038,8.860759493670885,85.75949367088607,6.329113924050633,79.43037974683544
E00076329,268,39,11,28,229,24,205,14.55223880597015,4.104477611940299,10.44776119402985,85.44776119402985,8.955223880597014,76.49253731343283
E00076330,258,44,16,28,214,29,185,17.05426356589147,6.2015503875969,10.852713178294573,82.94573643410853,11.24031007751938,71.70542635658916
E00076331,323,53,19,34,270,28,242,16.408668730650156,5.88235294117647,10.526315789473683,83.59133126934985,8.6687306501548,74.92260061919505
E00076332,358,36,6,30,322,23,299,10.05586592178771,1.675977653631285,8.379888268156424,89.94413407821229,6.424581005586592,83.5195530726257
E00076333,255,38,6,32,217,15,202,14.901960784313726,2.3529411764705883,12.549019607843137,85.09803921568627,5.88235294117647,79.2156862745098
E00076334,212,38,9,29,174,14,160,17.92452830188679,4.245283018867925,13.679245283018867,82.0754716981132,6.60377358490566,75.47169811320755
E00076335,342,41,11,30,301,23,278,11.988304093567251,3.216374269005848,8.771929824561402,88.01169590643275,6.725146198830409,81.28654970760235
E00076336,285,32,12,20,253,24,229,11.228070175438596,4.2105263157894735,7.017543859649122,88.7719298245614,8.421052631578947,80.35087719298247
E00076337,223,38,20,18,185,15,170,17.040358744394617,8.968609865470851,8.071748878923767,82.95964125560538,6.726457399103139,76.23318385650224
E00076338,269,52,19,33,217,19,198,19.33085501858736,7.063197026022305,12.267657992565056,80.66914498141264,7.063197026022305,73.60594795539033
E00076339,266,49,16,33,217,19,198,18.421052631578945,6.015037593984962,12.406015037593985,81.57894736842105,7.142857142857142,74.43609022556392
E00076340,350,45,14,31,305,25,280,12.857142857142856,4,8.857142857142856,87.14285714285714,7.142857142857142,80
E00076341,224,44,21,23,180,11,169,19.642857142857142,9.375,10.267857142857142,80.35714285714286,4.910714285714286,75.44642857142857
E00076344,254,59,19,40,195,18,177,23.228346456692915,7.480314960629922,15.748031496062993,76.77165354330708,7.086614173228346,69.68503937007874
E00076345,328,55,23,32,273,33,240,16.76829268292683,7.01219512195122,9.75609756097561,83.23170731707317,10.060975609756099,73.17073170731707
E00076346,354,58,21,37,296,23,273,16.38418079096045,5.932203389830509,10.451977401129943,83.61581920903954,6.497175141242938,77.11864406779661
E00076347,285,52,27,25,233,28,205,18.24561403508772,9.473684210526317,8.771929824561402,81.75438596491227,9.824561403508772,71.9298245614035
E00076348,313,41,12,29,272,32,240,13.099041533546327,3.8338658146964857,9.26517571884984,86.90095846645367,10.223642172523961,76.6773162939297
E00076349,314,52,22,30,262,25,237,16.560509554140125,7.006369426751593,9.554140127388536,83.43949044585987,7.961783439490445,75.47770700636943
E00076350,343,94,44,50,249,24,225,27.405247813411076,12.82798833819242,14.577259475218659,72.59475218658892,6.997084548104956,65.59766763848397
E00076351,248,39,10,29,209,26,183,15.725806451612904,4.032258064516129,11.693548387096774,84.2741935483871,10.483870967741936,73.79032258064517
E00076352,258,45,16,29,213,16,197,17.441860465116278,6.2015503875969,11.24031007751938,82.55813953488372,6.2015503875969,76.35658914728683
E00076353,278,46,11,35,232,23,209,16.546762589928058,3.9568345323741005,12.589928057553957,83.45323741007195,8.273381294964029,75.17985611510791
E00076354,309,39,15,24,270,32,238,12.62135922330097,4.854368932038835,7.766990291262135,87.37864077669903,10.355987055016183,77.02265372168284
E00076355,250,142,74,68,108,11,97,56.8,29.599999999999998,27.200000000000003,43.2,4.3999999999999995,38.800000000000004
E00076356,291,50,17,33,241,24,217,17.18213058419244,5.841924398625429,11.34020618556701,82.81786941580756,8.24742268041237,74.5704467353952
E00076357,339,70,28,42,269,29,240,20.64896755162242,8.259587020648967,12.389380530973451,79.35103244837758,8.55457227138643,70.79646017699115
E00076358,307,67,30,37,240,23,217,21.824104234527688,9.77198697068404,12.052117263843648,78.17589576547232,7.491856677524431,70.68403908794788
E00076359,232,45,16,29,187,23,164,19.396551724137932,6.896551724137931,12.5,80.60344827586206,9.913793103448276,70.6896551724138
E00076360,337,104,53,51,233,16,217,30.86053412462908,15.727002967359049,15.133531157270031,69.13946587537092,4.747774480712167,64.39169139465875
E00076361,300,51,25,26,249,16,233,17,8.333333333333332,8.666666666666668,83,5.333333333333334,77.66666666666666
E00076362,178,19,4,15,159,11,148,10.674157303370785,2.247191011235955,8.426966292134832,89.32584269662921,6.179775280898876,83.14606741573034
E00076363,149,35,28,7,114,13,101,23.48993288590604,18.79194630872483,4.697986577181208,76.51006711409396,8.724832214765101,67.78523489932886
E00076364,225,83,39,44,142,13,129,36.888888888888886,17.333333333333336,19.555555555555557,63.11111111111111,5.777777777777778,57.333333333333336
E00076365,208,46,12,34,162,13,149,22.115384615384613,5.769230769230769,16.346153846153847,77.88461538461539,6.25,71.63461538461539
E00076366,156,23,13,10,133,12,121,14.743589743589745,8.333333333333332,6.41025641025641,85.25641025641025,7.6923076923076925,77.56410256410257
E00076367,284,33,11,22,251,30,221,11.619718309859154,3.873239436619718,7.746478873239436,88.38028169014085,10.56338028169014,77.8169014084507
E00076368,180,25,8,17,155,18,137,13.88888888888889,4.444444444444445,9.444444444444445,86.11111111111111,10,76.11111111111111
E00076369,437,66,22,44,371,35,336,15.102974828375288,5.034324942791762,10.068649885583524,84.89702517162472,8.009153318077804,76.88787185354691
E00076370,300,49,26,23,251,25,226,16.333333333333332,8.666666666666668,7.666666666666666,83.66666666666667,8.333333333333332,75.33333333333333
E00076371,326,100,41,59,226,27,199,30.67484662576687,12.576687116564417,18.098159509202453,69.32515337423312,8.282208588957054,61.04294478527608
E00076372,347,53,17,36,294,30,264,15.273775216138327,4.899135446685879,10.37463976945245,84.72622478386167,8.645533141210375,76.0806916426513
E00076373,369,67,26,41,302,27,275,18.157181571815716,7.046070460704606,11.11111111111111,81.84281842818429,7.317073170731707,74.52574525745257
E00076374,381,91,51,40,290,16,274,23.88451443569554,13.385826771653544,10.498687664041995,76.11548556430446,4.199475065616798,71.91601049868767
E00076375,314,39,13,26,275,29,246,12.420382165605096,4.140127388535031,8.280254777070063,87.57961783439491,9.235668789808917,78.343949044586
E00076376,282,66,31,35,216,22,194,23.404255319148938,10.99290780141844,12.411347517730496,76.59574468085107,7.801418439716312,68.79432624113475
E00076377,335,59,15,44,276,27,249,17.611940298507463,4.477611940298507,13.134328358208954,82.38805970149254,8.059701492537313,74.32835820895522
E00076378,319,62,23,39,257,19,238,19.435736677115987,7.210031347962382,12.225705329153605,80.56426332288402,5.956112852664576,74.60815047021944
E00076379,422,93,40,53,329,40,289,22.03791469194313,9.47867298578199,12.559241706161137,77.96208530805687,9.47867298578199,68.48341232227489
E00076380,382,68,27,41,314,29,285,17.801047120418847,7.068062827225131,10.732984293193718,82.19895287958116,7.591623036649215,74.60732984293193
E00076381,215,77,40,37,138,19,119,35.81395348837209,18.6046511627907,17.209302325581397,64.18604651162791,8.837209302325581,55.348837209302324
E00076382,326,55,27,28,271,26,245,16.87116564417178,8.282208588957054,8.588957055214724,83.12883435582822,7.975460122699387,75.15337423312883
E00076383,330,39,13,26,291,25,266,11.818181818181818,3.939393939393939,7.878787878787878,88.18181818181819,7.575757575757576,80.60606060606061
E00076384,318,72,32,40,246,22,224,22.641509433962266,10.062893081761008,12.578616352201259,77.35849056603774,6.918238993710692,70.44025157232704
E00076385,341,123,62,61,218,20,198,36.070381231671554,18.181818181818183,17.888563049853374,63.929618768328446,5.865102639296188,58.06451612903226
E00076386,448,131,61,70,317,36,281,29.24107142857143,13.616071428571427,15.625,70.75892857142857,8.035714285714286,62.72321428571429
E00076387,321,65,36,29,256,29,227,20.24922118380062,11.214953271028037,9.034267912772584,79.75077881619937,9.034267912772584,70.7165109034268
E00076388,316,52,17,35,264,23,241,16.455696202531644,5.379746835443038,11.075949367088606,83.54430379746836,7.2784810126582276,76.26582278481013
E00076389,260,55,26,29,205,14,191,21.153846153846153,10,11.153846153846155,78.84615384615384,5.384615384615385,73.46153846153847
E00076390,331,57,19,38,274,29,245,17.220543806646525,5.740181268882175,11.48036253776435,82.77945619335347,8.761329305135952,74.01812688821752
E00076391,288,44,14,30,244,33,211,15.277777777777779,4.861111111111112,10.416666666666668,84.72222222222221,11.458333333333332,73.26388888888889
E00076392,285,49,22,27,236,32,204,17.192982456140353,7.719298245614035,9.473684210526317,82.80701754385966,11.228070175438596,71.57894736842105
E00076393,296,46,13,33,250,30,220,15.54054054054054,4.391891891891892,11.14864864864865,84.45945945945947,10.135135135135135,74.32432432432432
E00076394,424,106,70,36,318,34,284,25,16.50943396226415,8.49056603773585,75,8.018867924528301,66.98113207547169
E00076395,286,64,26,38,222,24,198,22.377622377622377,9.090909090909092,13.286713286713287,77.62237762237763,8.391608391608392,69.23076923076923
E00076396,265,41,17,24,224,23,201,15.471698113207546,6.415094339622642,9.056603773584905,84.52830188679246,8.679245283018867,75.84905660377359
E00076397,299,54,25,29,245,19,226,18.06020066889632,8.361204013377927,9.698996655518394,81.93979933110369,6.354515050167224,75.58528428093646
E00076398,369,61,20,41,308,33,275,16.53116531165312,5.420054200542006,11.11111111111111,83.46883468834689,8.94308943089431,74.52574525745257
E00076399,209,27,7,20,182,20,162,12.918660287081341,3.349282296650718,9.569377990430622,87.08133971291866,9.569377990430622,77.51196172248804
E00076400,336,57,17,40,279,33,246,16.964285714285715,5.059523809523809,11.904761904761903,83.03571428571429,9.821428571428571,73.21428571428571
E00076401,264,42,16,26,222,25,197,15.909090909090908,6.0606060606060606,9.848484848484848,84.0909090909091,9.469696969696969,74.62121212121212
E00076402,301,54,18,36,247,20,227,17.940199335548172,5.980066445182724,11.960132890365449,82.05980066445183,6.64451827242525,75.41528239202658
E00076403,309,61,24,37,248,35,213,19.741100323624593,7.766990291262135,11.974110032362459,80.2588996763754,11.326860841423949,68.93203883495146
E00076404,299,61,21,40,238,28,210,20.401337792642142,7.023411371237458,13.377926421404682,79.59866220735786,9.364548494983277,70.23411371237458
E00076405,332,48,18,30,284,37,247,14.457831325301203,5.421686746987952,9.036144578313253,85.54216867469879,11.144578313253012,74.3975903614458
E00076406,275,52,28,24,223,21,202,18.90909090909091,10.181818181818182,8.727272727272728,81.0909090909091,7.636363636363637,73.45454545454545
E00076407,327,64,22,42,263,29,234,19.571865443425075,6.727828746177369,12.844036697247708,80.42813455657493,8.868501529051988,71.55963302752293
E00076408,229,54,27,27,175,15,160,23.580786026200872,11.790393013100436,11.790393013100436,76.41921397379913,6.550218340611353,69.86899563318777
E00076409,278,58,21,37,220,29,191,20.863309352517987,7.553956834532374,13.309352517985612,79.13669064748201,10.431654676258994,68.70503597122301
E00076410,317,65,33,32,252,25,227,20.50473186119874,10.410094637223976,10.094637223974763,79.49526813880126,7.886435331230284,71.60883280757098
E00076411,282,91,61,30,191,17,174,32.269503546099294,21.631205673758867,10.638297872340425,67.73049645390071,6.028368794326241,61.702127659574465
E00076412,299,58,20,38,241,25,216,19.39799331103679,6.688963210702341,12.709030100334449,80.60200668896321,8.361204013377927,72.24080267558529
E00076413,294,52,22,30,242,23,219,17.687074829931973,7.482993197278912,10.204081632653061,82.31292517006803,7.8231292517006805,74.48979591836735
E00076414,272,50,22,28,222,25,197,18.38235294117647,8.088235294117647,10.294117647058822,81.61764705882352,9.191176470588236,72.42647058823529
E00076415,313,71,32,39,242,26,216,22.683706070287542,10.223642172523961,12.460063897763577,77.31629392971246,8.30670926517572,69.00958466453673
E00076416,282,63,27,36,219,23,196,22.340425531914892,9.574468085106384,12.76595744680851,77.6595744680851,8.156028368794328,69.50354609929079
E00076418,229,69,24,45,160,15,145,30.131004366812224,10.480349344978166,19.65065502183406,69.86899563318777,6.550218340611353,63.31877729257642
E00076420,307,61,21,40,246,35,211,19.86970684039088,6.840390879478828,13.029315960912053,80.13029315960912,11.400651465798045,68.72964169381108
E00076421,332,120,80,40,212,22,190,36.144578313253014,24.096385542168676,12.048192771084338,63.85542168674698,6.626506024096386,57.22891566265061
E00076422,262,64,32,32,198,20,178,24.427480916030532,12.213740458015266,12.213740458015266,75.57251908396947,7.633587786259542,67.93893129770993
E00076423,294,46,13,33,248,25,223,15.646258503401361,4.421768707482993,11.224489795918368,84.35374149659864,8.503401360544217,75.85034013605441
E00076424,278,71,28,43,207,28,179,25.539568345323744,10.071942446043165,15.467625899280577,74.46043165467626,10.071942446043165,64.38848920863309
E00076425,338,42,16,26,296,20,276,12.42603550295858,4.733727810650888,7.6923076923076925,87.57396449704143,5.9171597633136095,81.65680473372781
E00076426,264,56,24,32,208,12,196,21.21212121212121,9.090909090909092,12.121212121212121,78.78787878787878,4.545454545454546,74.24242424242425
E00076427,310,44,19,25,266,26,240,14.193548387096774,6.129032258064516,8.064516129032258,85.80645161290322,8.38709677419355,77.41935483870968
E00076428,290,68,29,39,222,22,200,23.448275862068964,10,13.448275862068964,76.55172413793103,7.586206896551724,68.96551724137932
E00076429,234,55,30,25,179,19,160,23.504273504273502,12.82051282051282,10.683760683760683,76.49572649572649,8.11965811965812,68.37606837606837
E00076430,267,62,20,42,205,18,187,23.220973782771537,7.490636704119851,15.730337078651685,76.77902621722846,6.741573033707865,70.0374531835206
E00076431,289,49,20,29,240,19,221,16.955017301038062,6.920415224913495,10.034602076124568,83.04498269896193,6.5743944636678195,76.47058823529412
E00076432,335,106,78,28,229,20,209,31.64179104477612,23.283582089552237,8.358208955223882,68.35820895522387,5.970149253731343,62.38805970149254
E00076433,325,65,29,36,260,31,229,20,8.923076923076923,11.076923076923077,80,9.538461538461538,70.46153846153847
E00076434,289,41,13,28,248,31,217,14.186851211072666,4.498269896193772,9.688581314878892,85.81314878892734,10.726643598615917,75.08650519031141
E00076435,216,75,35,40,141,21,120,34.72222222222222,16.203703703703702,18.51851851851852,65.27777777777779,9.722222222222223,55.55555555555556
E00076436,287,54,22,32,233,19,214,18.81533101045296,7.665505226480835,11.149825783972126,81.18466898954703,6.620209059233449,74.56445993031359
E00076437,296,48,17,31,248,30,218,16.216216216216218,5.743243243243244,10.472972972972974,83.78378378378379,10.135135135135135,73.64864864864865
E00076438,346,42,12,30,304,24,280,12.138728323699421,3.4682080924855487,8.670520231213873,87.861271676300575,6.9364161849710975,80.92485549132948
E00076439,251,43,19,24,208,23,185,17.131474103585656,7.569721115537849,9.56175298804781,82.86852589641434,9.163346613545817,73.70517928286853
E00076440,231,54,23,31,177,13,164,23.376623376623375,9.956709956709958,13.41991341991342,76.62337662337663,5.627705627705628,70.995670995671
E00076441,268,58,23,35,210,23,187,21.641791044776117,8.582089552238806,13.059701492537313,78.35820895522389,8.582089552238806,69.77611940298507
E00076442,323,48,20,28,275,29,246,14.860681114551083,6.191950464396285,8.6687306501548,85.13931888544892,8.978328173374612,76.16099071207431
E00076443,329,55,14,41,274,35,239,16.717325227963524,4.25531914893617,12.462006079027356,83.28267477203647,10.638297872340425,72.64437689969606
E00076444,262,57,14,43,205,18,187,21.755725190839694,5.343511450381679,16.412213740458014,78.2442748091603,6.870229007633588,71.37404580152672
E00076445,285,39,18,21,246,27,219,13.684210526315791,6.315789473684211,7.368421052631578,86.31578947368422,9.473684210526317,76.84210526315789
E00076446,264,50,20,30,214,24,190,18.939393939393938,7.575757575757576,11.363636363636363,81.06060606060606,9.090909090909092,71.96969696969697
E00076447,343,48,18,30,295,31,264,13.994169096209912,5.247813411078718,8.746355685131196,86.0058309037901,9.037900874635568,76.96793002915452
E00076448,335,60,20,40,275,26,249,17.91044776119403,5.970149253731343,11.940298507462686,82.08955223880598,7.761194029850746,74.32835820895522
E00076449,431,82,44,38,349,38,311,19.02552204176334,10.208816705336426,8.816705336426914,80.97447795823666,8.816705336426914,72.15777262180974
E00076451,405,44,14,30,361,16,345,10.864197530864198,3.45679012345679,7.4074074074074066,89.13580246913581,3.950617283950617,85.18518518518519
E00076452,276,52,17,35,224,15,209,18.84057971014493,6.159420289855073,12.681159420289855,81.15942028985508,5.434782608695652,75.72463768115942
E00076453,306,62,18,44,244,31,213,20.26143790849673,5.88235294117647,14.37908496732026,79.73856209150327,10.130718954248366,69.6078431372549
E00076454,362,59,16,43,303,31,272,16.298342541436465,4.41988950276243,11.878453038674033,83.70165745856355,8.56353591160221,75.13812154696133
E00076455,296,75,33,42,221,15,206,25.33783783783784,11.14864864864865,14.18918918918919,74.66216216216216,5.0675675675675675,69.5945945945946
E00076456,310,38,16,22,272,34,238,12.258064516129032,5.161290322580645,7.096774193548387,87.74193548387098,10.967741935483872,76.77419354838709
E00076459,306,34,13,21,272,17,255,11.11111111111111,4.248366013071895,6.862745098039216,88.88888888888889,5.555555555555555,83.33333333333334
E00076460,324,57,17,40,267,19,248,17.59259259259259,5.246913580246913,12.345679012345679,82.4074074074074,5.864197530864197,76.5432098765432
E00076461,268,72,24,48,196,29,167,26.865671641791046,8.955223880597014,17.91044776119403,73.13432835820896,10.820895522388058,62.31343283582089
E00076462,338,42,16,26,296,18,278,12.42603550295858,4.733727810650888,7.6923076923076925,87.57396449704143,5.325443786982249,82.24852071005917
E00076463,307,66,32,34,241,16,225,21.49837133550489,10.423452768729643,11.074918566775244,78.50162866449512,5.211726384364821,73.28990228013029
E00076464,280,72,46,26,208,19,189,25.71428571428571,16.428571428571427,9.285714285714286,74.28571428571429,6.785714285714286,67.5
E00076465,377,83,37,46,294,28,266,22.015915119363395,9.814323607427056,12.20159151193634,77.9840848806366,7.427055702917771,70.55702917771883
E00076466,321,57,15,42,264,33,231,17.75700934579439,4.672897196261682,13.084112149532709,82.2429906542056,10.2803738317757,71.96261682242991
E00076467,309,58,23,35,251,13,238,18.77022653721683,7.443365695792881,11.326860841423949,81.22977346278317,4.207119741100324,77.02265372168284
E00076468,443,54,17,37,389,27,362,12.18961625282167,3.837471783295711,8.35214446952596,87.81038374717834,6.094808126410835,81.7155756207675
E00076469,333,53,19,34,280,21,259,15.915915915915916,5.7057057057057055,10.21021021021021,84.08408408408408,6.306306306306306,77.77777777777779
E00076470,327,59,20,39,268,37,231,18.04281345565749,6.116207951070336,11.926605504587156,81.9571865443425,11.314984709480122,70.64220183486239
E00076471,300,61,30,31,239,33,206,20.333333333333332,10,10.333333333333334,79.66666666666666,11,68.66666666666667
E00076472,487,107,49,58,380,34,346,21.971252566735114,10.061601642710473,11.90965092402464,78.02874743326488,6.981519507186857,71.04722792607802
E00076473,284,58,22,36,226,18,208,20.422535211267608,7.746478873239436,12.676056338028168,79.5774647887324,6.338028169014084,73.23943661971832
E00076474,318,68,35,33,250,27,223,21.38364779874214,11.0062893081761,10.377358490566039,78.61635220125787,8.49056603773585,70.12578616352201
E00076475,281,55,16,39,226,20,206,19.572953736654807,5.6939501779359425,13.87900355871886,80.42704626334519,7.11743772241993,73.30960854092527
E00076476,278,60,24,36,218,23,195,21.58273381294964,8.633093525179856,12.949640287769784,78.41726618705036,8.273381294964029,70.14388489208633
E00076477,222,56,23,33,166,25,141,25.225225225225223,10.36036036036036,14.864864864864865,74.77477477477478,11.26126126126126,63.51351351351351
E00076478,299,53,18,35,246,27,219,17.725752508361204,6.0200668896321075,11.705685618729097,82.2742474916388,9.03010033444816,73.24414715719062
E00076479,274,78,31,47,196,13,183,28.467153284671532,11.313868613138686,17.153284671532848,71.53284671532847,4.744525547445255,66.78832116788321
E00076480,286,56,21,35,230,17,213,19.58041958041958,7.3426573426573425,12.237762237762238,80.41958041958041,5.944055944055944,74.47552447552448
E00076481,406,88,36,52,318,40,278,21.67487684729064,8.866995073891626,12.807881773399016,78.32512315270937,9.852216748768473,68.4729064039409
E00076482,264,64,32,32,200,21,179,24.242424242424242,12.121212121212121,12.121212121212121,75.75757575757575,7.954545454545454,67.8030303030303
E00076483,267,48,19,29,219,23,196,17.97752808988764,7.116104868913857,10.861423220973784,82.02247191011236,8.614232209737828,73.40823970037454
E00076484,313,99,48,51,214,22,192,31.629392971246006,15.335463258785943,16.293929712460063,68.370607028754,7.0287539936102235,61.34185303514377
E00076485,242,63,33,30,179,21,158,26.033057851239672,13.636363636363635,12.396694214876034,73.96694214876032,8.677685950413224,65.28925619834712
E00076486,291,63,27,36,228,23,205,21.649484536082475,9.278350515463918,12.371134020618557,78.35051546391753,7.903780068728522,70.44673539518901
E00076487,307,55,14,41,252,24,228,17.91530944625407,4.5602605863192185,13.355048859934854,82.08469055374593,7.81758957654723,74.2671009771987
E00076488,464,88,40,48,376,20,356,18.96551724137931,8.620689655172415,10.344827586206897,81.03448275862068,4.310344827586207,76.72413793103449
E00076489,277,56,13,43,221,31,190,20.216606498194945,4.693140794223827,15.523465703971121,79.78339350180505,11.191335740072201,68.59205776173285
E00076490,327,88,42,46,239,19,220,26.911314984709477,12.844036697247708,14.067278287461773,73.08868501529052,5.81039755351682,67.2782874617737
E00076491,318,58,30,28,260,33,227,18.238993710691823,9.433962264150944,8.80503144654088,81.76100628930818,10.377358490566039,71.38364779874213
E00076492,273,63,27,36,210,17,193,23.076923076923077,9.89010989010989,13.186813186813188,76.92307692307693,6.227106227106227,70.6959706959707
E00076493,244,84,51,33,160,18,142,34.42622950819672,20.901639344262296,13.524590163934427,65.57377049180327,7.377049180327869,58.19672131147541
E00076494,307,96,48,48,211,16,195,31.27035830618892,15.63517915309446,15.63517915309446,68.72964169381108,5.211726384364821,63.51791530944625
E00076495,254,61,29,32,193,19,174,24.015748031496063,11.41732283464567,12.598425196850393,75.98425196850394,7.480314960629922,68.50393700787401
E00076496,277,72,42,30,205,19,186,25.992779783393498,15.162454873646208,10.830324909747292,74.0072202166065,6.859205776173286,67.14801444043322
E00076497,330,110,58,52,220,22,198,33.33333333333333,17.575757575757574,15.757575757575756,66.66666666666666,6.666666666666667,60
E00076498,303,93,48,45,210,21,189,30.693069306930692,15.841584158415841,14.85148514851485,69.3069306930693,6.9306930693069315,62.37623762376238
E00076499,241,73,31,42,168,24,144,30.29045643153527,12.863070539419086,17.42738589211618,69.70954356846472,9.95850622406639,59.75103734439834
E00076500,339,83,38,45,256,23,233,24.48377581120944,11.209439528023598,13.274336283185843,75.51622418879056,6.784660766961652,68.73156342182891
E00076501,228,43,16,27,185,25,160,18.859649122807017,7.017543859649122,11.842105263157894,81.14035087719299,10.964912280701753,70.17543859649122
E00076502,299,57,24,33,242,21,221,19.063545150501675,8.02675585284281,11.036789297658862,80.93645484949833,7.023411371237458,73.91304347826086
E00076503,227,56,30,26,171,16,155,24.669603524229075,13.215859030837004,11.45374449339207,75.33039647577093,7.048458149779736,68.28193832599119
E00076504,302,80,42,38,222,23,199,26.490066225165563,13.90728476821192,12.582781456953644,73.50993377483444,7.6158940397351,65.89403973509934
E00076505,253,61,34,27,192,19,173,24.110671936758894,13.438735177865613,10.67193675889328,75.8893280632411,7.5098814229249005,68.37944664031622
E00076506,226,71,36,35,155,17,138,31.41592920353982,15.929203539823009,15.486725663716813,68.58407079646017,7.52212389380531,61.06194690265486
E00076507,315,78,33,45,237,34,203,24.761904761904763,10.476190476190476,14.285714285714285,75.23809523809524,10.793650793650794,64.44444444444444
E00076508,271,70,34,36,201,22,179,25.830258302583026,12.546125461254611,13.284132841328415,74.16974169741697,8.118081180811808,66.05166051660517
E00076509,334,115,60,55,219,14,205,34.4311377245509,17.964071856287426,16.46706586826347,65.5688622754491,4.191616766467066,61.377245508982035
E00076510,287,79,38,41,208,21,187,27.526132404181187,13.240418118466899,14.285714285714285,72.47386759581882,7.317073170731707,65.1567944250871
E00076511,313,94,44,50,219,15,204,30.031948881789138,14.057507987220447,15.974440894568689,69.96805111821087,4.792332268370607,65.17571884984025
E00076512,261,50,13,37,211,18,193,19.157088122605366,4.980842911877394,14.17624521072797,80.84291187739464,6.896551724137931,73.9463601532567
E00076513,301,75,23,52,226,23,203,24.916943521594686,7.641196013289036,17.275747508305646,75.08305647840533,7.641196013289036,67.44186046511628
E00076514,279,61,20,41,218,22,196,21.863799283154123,7.168458781362006,14.695340501792115,78.13620071684588,7.885304659498208,70.25089605734766
E00076515,315,72,39,33,243,24,219,22.857142857142858,12.380952380952381,10.476190476190476,77.14285714285715,7.6190476190476195,69.52380952380952
E00076516,332,83,38,45,249,13,236,25,11.44578313253012,13.55421686746988,75,3.91566265060241,71.08433734939759
E00076517,350,73,33,40,277,20,257,20.857142857142858,9.428571428571429,11.428571428571429,79.14285714285715,5.714285714285714,73.42857142857143
E00076518,451,110,59,51,341,22,319,24.390243902439025,13.082039911308204,11.30820399113082,75.60975609756098,4.878048780487805,70.73170731707317
E00076519,342,89,43,46,253,26,227,26.023391812865498,12.573099415204677,13.450292397660817,73.9766081871345,7.602339181286549,66.37426900584795
E00076520,611,137,68,69,474,28,446,22.42225859247136,11.129296235679215,11.292962356792144,77.57774140752865,4.582651391162029,72.99509001636662
E00076521,353,91,37,54,262,25,237,25.77903682719547,10.48158640226629,15.29745042492918,74.22096317280453,7.0821529745042495,67.13881019830028
E00076522,353,91,44,47,262,16,246,25.77903682719547,12.464589235127479,13.314447592067987,74.22096317280453,4.53257790368272,69.68838526912181
E00076526,440,110,44,66,330,17,313,25,10,15,75,3.8636363636363633,71.13636363636363
E00076527,340,122,74,48,218,17,201,35.88235294117647,21.764705882352942,14.117647058823529,64.11764705882354,5,59.11764705882353
E00076528,354,98,50,48,256,22,234,27.683615819209038,14.124293785310735,13.559322033898304,72.31638418079096,6.214689265536723,66.10169491525424
E00076529,277,83,36,47,194,9,185,29.96389891696751,12.996389891696749,16.967509025270758,70.03610108303249,3.2490974729241873,66.78700361010831
E00076530,299,43,16,27,256,26,230,14.381270903010032,5.351170568561873,9.03010033444816,85.61872909698997,8.695652173913043,76.92307692307693
E00076531,274,67,29,38,207,24,183,24.45255474452555,10.583941605839415,13.86861313868613,75.54744525547446,8.75912408759124,66.78832116788321
E00076532,258,48,9,39,210,20,190,18.6046511627907,3.488372093023256,15.11627906976744,81.3953488372093,7.751937984496124,73.64341085271317
E00076534,216,47,17,30,169,16,153,21.75925925925926,7.87037037037037,13.88888888888889,78.24074074074075,7.4074074074074066,70.83333333333334
E00076535,286,99,38,61,187,10,177,34.61538461538461,13.286713286713287,21.328671328671327,65.38461538461539,3.4965034965034967,61.88811188811189
E00076536,221,95,55,40,126,14,112,42.98642533936652,24.8868778280543,18.099547511312217,57.01357466063348,6.334841628959276,50.678733031674206
E00076537,271,86,44,42,185,12,173,31.73431734317343,16.236162361623617,15.498154981549817,68.26568265682657,4.428044280442804,63.837638376383765
E00076538,280,119,62,57,161,20,141,42.5,22.142857142857142,20.357142857142858,57.49999999999999,7.142857142857142,50.357142857142854
E00076539,294,76,36,40,218,22,196,25.850340136054424,12.244897959183673,13.60544217687075,74.14965986394559,7.482993197278912,66.66666666666666
E00076540,305,81,21,60,224,19,205,26.557377049180324,6.885245901639345,19.672131147540984,73.44262295081967,6.229508196721312,67.21311475409836
E00076541,269,57,22,35,212,16,196,21.189591078066915,8.178438661710038,13.011152416356877,78.81040892193309,5.947955390334572,72.86245353159852
E00076542,283,67,25,42,216,22,194,23.674911660777383,8.8339222614841,14.840989399293287,76.32508833922262,7.773851590106007,68.55123674911661
E00076543,315,65,31,34,250,19,231,20.634920634920633,9.841269841269842,10.793650793650794,79.36507936507937,6.031746031746032,73.33333333333333
E00076544,237,72,20,52,165,22,143,30.37974683544304,8.438818565400844,21.940928270042196,69.62025316455697,9.282700421940929,60.337552742616026
E00076545,441,107,48,59,334,26,308,24.263038548752835,10.884353741496598,13.378684807256235,75.73696145124717,5.895691609977324,69.84126984126983
E00076546,170,49,28,21,121,17,104,28.823529411764703,16.470588235294116,12.352941176470589,71.17647058823529,10,61.1764705882353
E00076547,256,74,32,42,182,14,168,28.90625,12.5,16.40625,71.09375,5.46875,65.625
E00076548,201,46,21,25,155,9,146,22.885572139303484,10.44776119402985,12.437810945273633,77.11442786069652,4.477611940298507,72.636815920398
E00076549,280,81,34,47,199,18,181,28.92857142857143,12.142857142857142,16.785714285714285,71.07142857142857,6.428571428571428,64.64285714285715
E00076550,275,90,47,43,185,17,168,32.72727272727273,17.09090909090909,15.636363636363637,67.27272727272727,6.181818181818182,61.09090909090909
E00076551,235,64,31,33,171,12,159,27.23404255319149,13.191489361702127,14.042553191489363,72.76595744680851,5.106382978723404,67.65957446808511
E00076552,371,119,58,61,252,24,228,32.075471698113205,15.633423180592992,16.442048517520217,67.9245283018868,6.46900269541779,61.45552560646901
E00076553,233,43,20,23,190,32,158,18.4549356223176,8.583690987124463,9.871244635193133,81.54506437768241,13.733905579399142,67.81115879828327
E00076554,308,89,48,41,219,14,205,28.8961038961039,15.584415584415584,13.311688311688311,71.1038961038961,4.545454545454546,66.55844155844156
E00076556,292,59,26,33,233,19,214,20.205479452054796,8.904109589041095,11.301369863013697,79.7945205479452,6.506849315068493,73.28767123287672
E00076557,175,58,34,24,117,9,108,33.14285714285714,19.428571428571427,13.714285714285715,66.85714285714286,5.142857142857142,61.71428571428571
E00076558,268,82,44,38,186,8,178,30.597014925373134,16.417910447761194,14.17910447761194,69.40298507462687,2.9850746268656714,66.4179104477612
E00076559,579,100,20,80,479,46,433,17.271157167530223,3.454231433506045,13.81692573402418,82.72884283246978,7.9447322970639025,74.78411053540587
E00076560,305,71,44,27,234,8,226,23.278688524590162,14.426229508196723,8.852459016393443,76.72131147540983,2.622950819672131,74.09836065573771
E00076561,396,111,52,59,285,13,272,28.030303030303028,13.131313131313133,14.898989898989898,71.96969696969697,3.2828282828282833,68.68686868686868
E00076563,198,82,42,40,116,11,105,41.41414141414141,21.21212121212121,20.2020202020202,58.58585858585859,5.555555555555555,53.03030303030303
E00076564,371,77,36,41,294,33,261,20.754716981132077,9.703504043126685,11.05121293800539,79.24528301886792,8.89487870619946,70.35040431266847
E00076565,311,79,33,46,232,19,213,25.401929260450164,10.610932475884244,14.790996784565916,74.59807073954984,6.109324758842444,68.48874598070739
E00076566,232,67,36,31,165,16,149,28.879310344827587,15.517241379310345,13.36206896551724,71.12068965517241,6.896551724137931,64.22413793103449
E00076567,269,69,42,27,200,9,191,25.650557620817843,15.613382899628252,10.037174721189592,74.34944237918215,3.3457249070631967,71.00371747211895
E00076568,266,65,26,39,201,20,181,24.43609022556391,9.774436090225564,14.661654135338345,75.56390977443608,7.518796992481203,68.04511278195488
E00076569,313,90,36,54,223,29,194,28.753993610223645,11.501597444089457,17.252396166134183,71.24600638977637,9.26517571884984,61.980830670926515
E00076571,148,53,28,25,95,19,76,35.810810810810814,18.91891891891892,16.89189189189189,64.1891891891892,12.837837837837837,51.35135135135135
E00076572,396,87,41,46,309,31,278,21.96969696969697,10.353535353535353,11.616161616161616,78.03030303030303,7.828282828282829,70.2020202020202
E00076573,359,92,39,53,267,17,250,25.62674094707521,10.86350974930362,14.763231197771587,74.3732590529248,4.735376044568245,69.63788300835655
E00076574,208,64,25,39,144,13,131,30.76923076923077,12.01923076923077,18.75,69.23076923076923,6.25,62.980769230769226
E00076577,203,55,33,22,148,18,130,27.093596059113302,16.25615763546798,10.83743842364532,72.9064039408867,8.866995073891626,64.03940886699507
E00076579,302,62,19,43,240,20,220,20.52980132450331,6.291390728476822,14.23841059602649,79.47019867549669,6.622516556291391,72.84768211920529
E00076580,377,88,21,67,289,27,262,23.342175066312997,5.570291777188329,17.771883289124666,76.657824933687,7.161803713527852,69.49602122015915
E00076581,178,41,18,23,137,15,122,23.03370786516854,10.112359550561797,12.921348314606742,76.96629213483146,8.426966292134832,68.53932584269663
E00076582,248,75,24,51,173,7,166,30.241935483870968,9.67741935483871,20.56451612903226,69.75806451612904,2.82258064516129,66.93548387096774
E00076583,358,58,29,29,300,18,282,16.201117318435752,8.100558659217876,8.100558659217876,83.79888268156425,5.027932960893855,78.77094972067039
E00076584,266,80,38,42,186,24,162,30.075187969924812,14.285714285714285,15.789473684210526,69.92481203007519,9.022556390977442,60.902255639097746
E00076585,173,33,14,19,140,13,127,19.07514450867052,8.092485549132949,10.982658959537572,80.92485549132948,7.514450867052023,73.41040462427746
E00076588,297,49,17,32,248,28,220,16.4983164983165,5.723905723905724,10.774410774410773,83.5016835016835,9.427609427609427,74.07407407407408
E00076589,426,95,39,56,331,34,297,22.300469483568076,9.15492957746479,13.145539906103288,77.69953051643192,7.981220657276995,69.71830985915493
E00076590,327,103,42,61,224,24,200,31.49847094801223,12.844036697247708,18.654434250764528,68.50152905198776,7.339449541284404,61.16207951070336
E00076591,377,77,41,36,300,24,276,20.424403183023873,10.875331564986737,9.549071618037134,79.57559681697613,6.36604774535809,73.20954907161804
E00076592,297,69,37,32,228,23,205,23.232323232323232,12.457912457912458,10.774410774410773,76.76767676767676,7.744107744107744,69.02356902356902
E00076593,255,50,18,32,205,23,182,19.607843137254903,7.0588235294117645,12.549019607843137,80.3921568627451,9.019607843137255,71.37254901960785
E00076594,277,53,19,34,224,25,199,19.133574007220215,6.859205776173286,12.274368231046932,80.86642599277978,9.025270758122744,71.84115523465704
E00076595,264,84,37,47,180,18,162,31.818181818181817,14.015151515151514,17.803030303030305,68.18181818181817,6.8181818181818175,61.36363636363637
E00076596,245,62,23,39,183,26,157,25.30612244897959,9.387755102040817,15.918367346938775,74.6938775510204,10.612244897959183,64.08163265306122
E00076597,266,62,29,33,204,15,189,23.308270676691727,10.902255639097744,12.406015037593985,76.69172932330827,5.639097744360902,71.05263157894737
E00076598,249,83,43,40,166,11,155,33.33333333333333,17.269076305220885,16.06425702811245,66.66666666666666,4.417670682730924,62.24899598393574
E00076599,252,73,36,37,179,22,157,28.968253968253972,14.285714285714285,14.682539682539684,71.03174603174604,8.73015873015873,62.301587301587304
E00076600,336,101,69,32,235,30,205,30.059523809523807,20.535714285714285,9.523809523809524,69.94047619047619,8.928571428571429,61.011904761904766
E00076601,269,70,31,39,199,21,178,26.022304832713754,11.524163568773234,14.49814126394052,73.97769516728626,7.806691449814126,66.17100371747212
E00076602,287,66,31,35,221,16,205,22.99651567944251,10.801393728222997,12.195121951219512,77.00348432055749,5.574912891986063,71.42857142857143
E00076603,611,129,57,72,482,33,449,21.112929623567922,9.328968903436989,11.783960720130933,78.88707037643208,5.400981996726677,73.48608837970541
E00076604,500,112,51,61,388,34,354,22.400000000000002,10.2,12.2,77.60000000000001,6.800000000000001,70.8
E00076605,295,61,35,26,234,24,210,20.677966101694913,11.864406779661017,8.813559322033898,79.3220338983051,8.135593220338983,71.1864406779661
E00076606,258,76,34,42,182,22,160,29.457364341085274,13.178294573643413,16.27906976744186,70.54263565891473,8.527131782945736,62.01550387596899
E00076607,280,56,27,29,224,33,191,20,9.642857142857144,10.357142857142858,80,11.785714285714285,68.21428571428572
E00076608,264,52,23,29,212,19,193,19.696969696969695,8.712121212121213,10.984848484848484,80.3030303030303,7.196969696969697,73.10606060606061
E00076609,227,69,32,37,158,17,141,30.396475770925107,14.096916299559473,16.299559471365637,69.60352422907489,7.488986784140969,62.11453744493392
E00076610,283,70,37,33,213,15,198,24.73498233215548,13.074204946996467,11.66077738515901,75.26501766784452,5.30035335689046,69.96466431095406
E00076611,275,62,31,31,213,19,194,22.545454545454547,11.272727272727273,11.272727272727273,77.45454545454545,6.909090909090909,70.54545454545455
E00076612,273,62,26,36,211,26,185,22.71062271062271,9.523809523809524,13.186813186813188,77.2893772893773,9.523809523809524,67.76556776556777
E00076613,368,43,21,22,325,35,290,11.684782608695652,5.706521739130435,5.978260869565218,88.31521739130434,9.510869565217392,78.80434782608695
E00076614,328,58,23,35,270,27,243,17.682926829268293,7.01219512195122,10.670731707317072,82.3170731707317,8.231707317073171,74.08536585365853
E00076615,374,48,14,34,326,17,309,12.834224598930483,3.7433155080213902,9.090909090909092,87.16577540106952,4.545454545454546,82.62032085561498
E00076616,171,69,30,39,102,22,80,40.35087719298245,17.543859649122805,22.807017543859647,59.64912280701754,12.865497076023392,46.783625730994146
E00076617,379,73,32,41,306,39,267,19.261213720316622,8.443271767810026,10.817941952506596,80.73878627968337,10.29023746701847,70.44854881266491
E00076618,363,53,20,33,310,23,287,14.600550964187327,5.5096418732782375,9.090909090909092,85.39944903581267,6.336088154269973,79.06336088154269
E00076619,310,51,14,37,259,28,231,16.451612903225808,4.516129032258064,11.935483870967742,83.54838709677419,9.032258064516128,74.51612903225806
E00076620,286,52,16,36,234,28,206,18.181818181818183,5.594405594405594,12.587412587412588,81.81818181818183,9.79020979020979,72.02797202797203
E00076621,384,35,11,24,349,39,310,9.114583333333332,2.864583333333333,6.25,90.88541666666666,10.15625,80.72916666666666
E00076622,211,52,27,25,159,21,138,24.644549763033176,12.796208530805686,11.848341232227488,75.35545023696683,9.95260663507109,65.40284360189574
E00076623,370,87,38,49,283,18,265,23.513513513513516,10.27027027027027,13.243243243243244,76.48648648648648,4.864864864864865,71.62162162162163
E00076624,317,93,38,55,224,22,202,29.33753943217666,11.987381703470032,17.350157728706623,70.66246056782335,6.940063091482649,63.722397476340696
E00076625,316,65,40,25,251,22,229,20.569620253164558,12.658227848101266,7.9113924050632916,79.43037974683544,6.962025316455696,72.46835443037975
E00076626,263,66,20,46,197,15,182,25.09505703422053,7.604562737642586,17.490494296577946,74.90494296577947,5.7034220532319395,69.20152091254754
E00076627,314,59,18,41,255,28,227,18.789808917197455,5.7324840764331215,13.05732484076433,81.21019108280255,8.9171974522293,72.29299363057325
E00076628,258,51,14,37,207,29,178,19.767441860465116,5.426356589147287,14.34108527131783,80.23255813953489,11.24031007751938,68.9922480620155
E00076629,281,81,41,40,200,21,179,28.825622775800714,14.590747330960854,14.23487544483986,71.17437722419929,7.473309608540925,63.70106761565836
E00076630,295,97,47,50,198,18,180,32.88135593220339,15.932203389830507,16.94915254237288,67.11864406779661,6.101694915254238,61.016949152542374
E00076631,254,53,23,30,201,21,180,20.866141732283463,9.05511811023622,11.811023622047244,79.13385826771653,8.267716535433072,70.86614173228347
E00076632,389,59,20,39,330,37,293,15.167095115681233,5.141388174807198,10.025706940874036,84.83290488431876,9.511568123393316,75.32133676092545
E00076633,491,126,60,66,365,29,336,25.661914460285136,12.219959266802444,13.441955193482688,74.33808553971487,5.906313645621181,68.43177189409369
E00076634,285,92,47,45,193,24,169,32.280701754385966,16.49122807017544,15.789473684210526,67.71929824561404,8.421052631578947,59.29824561403508
E00076635,318,66,25,41,252,25,227,20.754716981132077,7.861635220125786,12.89308176100629,79.24528301886792,7.861635220125786,71.38364779874213
E00076636,351,82,37,45,269,27,242,23.36182336182336,10.541310541310542,12.82051282051282,76.63817663817663,7.6923076923076925,68.94586894586895
E00076637,296,55,24,31,241,33,208,18.58108108108108,8.108108108108109,10.472972972972974,81.41891891891892,11.14864864864865,70.27027027027027
E00076638,298,74,28,46,224,21,203,24.832214765100673,9.395973154362416,15.436241610738255,75.16778523489933,7.046979865771812,68.12080536912751
E00076639,276,56,25,31,220,22,198,20.28985507246377,9.057971014492754,11.231884057971014,79.71014492753623,7.971014492753622,71.73913043478261
E00076640,298,48,19,29,250,36,214,16.10738255033557,6.375838926174497,9.731543624161073,83.89261744966443,12.080536912751679,71.81208053691275
E00076641,341,54,23,31,287,36,251,15.835777126099707,6.744868035190615,9.090909090909092,84.1642228739003,10.557184750733137,73.60703812316716
E00076642,313,53,20,33,260,32,228,16.93290734824281,6.3897763578274756,10.543130990415335,83.06709265175719,10.223642172523961,72.84345047923323
E00076643,310,56,20,36,254,39,215,18.064516129032256,6.451612903225806,11.612903225806452,81.93548387096774,12.580645161290322,69.35483870967742
E00076644,280,46,20,26,234,27,207,16.428571428571427,7.142857142857142,9.285714285714286,83.57142857142857,9.642857142857144,73.92857142857143
E00076645,413,112,43,69,301,27,274,27.11864406779661,10.411622276029057,16.707021791767556,72.88135593220339,6.5375302663438255,66.34382566585957
E00076646,272,66,23,43,206,25,181,24.264705882352942,8.455882352941178,15.808823529411764,75.73529411764706,9.191176470588236,66.54411764705883
E00076647,296,71,36,35,225,19,206,23.986486486486484,12.162162162162163,11.824324324324325,76.01351351351352,6.418918918918918,69.5945945945946
E00076648,271,49,20,29,222,26,196,18.081180811808117,7.380073800738007,10.70110701107011,81.91881918819189,9.59409594095941,72.32472324723247
E00076649,256,73,35,38,183,20,163,28.515625,13.671875,14.84375,71.484375,7.8125,63.671875
E00076650,248,65,25,40,183,15,168,26.209677419354836,10.080645161290322,16.129032258064516,73.79032258064517,6.048387096774194,67.74193548387096
E00076651,335,85,40,45,250,27,223,25.37313432835821,11.940298507462686,13.432835820895523,74.6268656716418,8.059701492537313,66.56716417910448
E00076652,278,74,39,35,204,23,181,26.618705035971225,14.028776978417264,12.589928057553957,73.38129496402878,8.273381294964029,65.10791366906474
E00076653,290,72,27,45,218,23,195,24.82758620689655,9.310344827586208,15.517241379310345,75.17241379310344,7.931034482758621,67.24137931034483
E00076654,250,72,38,34,178,15,163,28.799999999999997,15.2,13.600000000000001,71.2,6,65.2
E00076655,257,51,20,31,206,25,181,19.844357976653697,7.782101167315175,12.062256809338521,80.1556420233463,9.72762645914397,70.42801556420234
E00076656,223,52,24,28,171,22,149,23.318385650224215,10.762331838565023,12.556053811659194,76.68161434977578,9.865470852017937,66.81614349775785
E00076657,239,47,15,32,192,22,170,19.665271966527197,6.2761506276150625,13.389121338912133,80.3347280334728,9.205020920502092,71.1297071129707
E00076658,248,52,22,30,196,15,181,20.967741935483872,8.870967741935484,12.096774193548388,79.03225806451613,6.048387096774194,72.98387096774194
E00076659,249,41,16,25,208,12,196,16.46586345381526,6.425702811244979,10.040160642570282,83.53413654618474,4.819277108433735,78.714859437751
E00076660,283,78,45,33,205,26,179,27.56183745583039,15.901060070671377,11.66077738515901,72.43816254416961,9.187279151943462,63.25088339222616
E00076661,264,76,44,32,188,25,163,28.78787878787879,16.666666666666664,12.121212121212121,71.21212121212122,9.469696969696969,61.74242424242424
E00076663,322,61,16,45,261,33,228,18.944099378881987,4.968944099378882,13.975155279503104,81.05590062111801,10.248447204968944,70.80745341614907
E00076664,362,71,29,42,291,25,266,19.613259668508288,8.011049723756907,11.602209944751381,80.38674033149171,6.906077348066299,73.48066298342542
E00076665,342,122,71,51,220,22,198,35.67251461988304,20.760233918128655,14.912280701754385,64.32748538011695,6.432748538011696,57.89473684210527
E00076666,276,60,29,31,216,18,198,21.73913043478261,10.507246376811594,11.231884057971014,78.26086956521739,6.521739130434782,71.73913043478261
E00076667,281,91,60,31,190,18,172,32.38434163701068,21.352313167259787,11.032028469750891,67.61565836298932,6.405693950177936,61.20996441281139
E00076668,313,71,25,46,242,29,213,22.683706070287542,7.987220447284344,14.696485623003195,77.31629392971246,9.26517571884984,68.05111821086261
E00076669,352,61,19,42,291,24,267,17.329545454545457,5.3977272727272725,11.931818181818182,82.67045454545455,6.8181818181818175,75.85227272727273
E00076670,290,44,19,25,246,23,223,15.172413793103448,6.551724137931035,8.620689655172415,84.82758620689656,7.931034482758621,76.89655172413794
E00076671,266,52,23,29,214,25,189,19.548872180451127,8.646616541353383,10.902255639097744,80.45112781954887,9.398496240601503,71.05263157894737
E00076672,473,97,41,56,376,47,329,20.507399577167018,8.668076109936575,11.839323467230443,79.49260042283298,9.936575052854122,69.55602536997885
E00076673,199,40,13,27,159,14,145,20.100502512562816,6.532663316582915,13.5678391959799,79.89949748743719,7.035175879396985,72.8643216080402
E00076674,426,93,40,53,333,29,304,21.830985915492956,9.389671361502346,12.44131455399061,78.16901408450704,6.807511737089202,71.36150234741784
E00076675,358,67,24,43,291,31,260,18.71508379888268,6.70391061452514,12.011173184357542,81.28491620111731,8.659217877094973,72.62569832402235
E00076676,270,39,17,22,231,29,202,14.444444444444443,6.296296296296296,8.148148148148149,85.55555555555556,10.74074074074074,74.81481481481481
E00076677,282,63,25,38,219,34,185,22.340425531914892,8.865248226950355,13.47517730496454,77.6595744680851,12.056737588652481,65.60283687943263
E00076678,274,48,17,31,226,27,199,17.51824817518248,6.204379562043796,11.313868613138686,82.48175182481752,9.854014598540147,72.62773722627736
E00076679,304,71,28,43,233,19,214,23.355263157894736,9.210526315789473,14.144736842105262,76.64473684210526,6.25,70.39473684210526
E00076680,321,49,19,30,272,24,248,15.264797507788161,5.919003115264798,9.345794392523365,84.73520249221184,7.476635514018691,77.25856697819314
E00076681,299,66,29,37,233,19,214,22.073578595317723,9.698996655518394,12.37458193979933,77.92642140468227,6.354515050167224,71.57190635451505
E00076682,320,46,19,27,274,21,253,14.374999999999998,5.9375,8.4375,85.625,6.5625,79.0625
E00076683,265,59,22,37,206,20,186,22.264150943396228,8.30188679245283,13.962264150943396,77.73584905660378,7.547169811320755,70.18867924528301
E00076684,314,66,23,43,248,40,208,21.019108280254777,7.32484076433121,13.694267515923567,78.98089171974523,12.738853503184714,66.2420382165605
E00076685,251,50,13,37,201,15,186,19.9203187250996,5.179282868525896,14.741035856573706,80.0796812749004,5.9760956175298805,74.10358565737052
E00076686,301,58,22,36,243,26,217,19.269102990033225,7.308970099667775,11.960132890365449,80.73089700996677,8.637873754152823,72.09302325581395
E00076687,266,32,15,17,234,22,212,12.030075187969924,5.639097744360902,6.390977443609022,87.96992481203007,8.270676691729323,79.69924812030075
E00076688,266,50,22,28,216,20,196,18.796992481203006,8.270676691729323,10.526315789473683,81.203007518797,7.518796992481203,73.68421052631578
E00076689,355,63,18,45,292,30,262,17.74647887323944,5.070422535211268,12.676056338028168,82.25352112676056,8.450704225352112,73.80281690140845
E00076690,335,55,14,41,280,30,250,16.417910447761194,4.179104477611941,12.238805970149254,83.5820895522388,8.955223880597014,74.6268656716418
E00076691,369,66,25,41,303,34,269,17.88617886178862,6.775067750677506,11.11111111111111,82.11382113821138,9.214092140921409,72.89972899728997
E00076692,277,44,12,32,233,20,213,15.884476534296029,4.332129963898916,11.552346570397113,84.11552346570397,7.2202166064981945,76.89530685920577
E00076693,314,65,29,36,249,22,227,20.70063694267516,9.235668789808917,11.464968152866243,79.29936305732484,7.006369426751593,72.29299363057325
E00076694,279,66,27,39,213,25,188,23.655913978494624,9.67741935483871,13.978494623655912,76.34408602150538,8.960573476702509,67.38351254480287
E00076695,257,55,18,37,202,19,183,21.40077821011673,7.003891050583658,14.396887159533073,78.59922178988327,7.392996108949417,71.20622568093385
E00076696,442,94,45,49,348,28,320,21.266968325791854,10.180995475113122,11.085972850678733,78.73303167420815,6.334841628959276,72.39819004524887
E00076697,318,54,12,42,264,29,235,16.9811320754717,3.7735849056603774,13.20754716981132,83.01886792452831,9.119496855345911,73.89937106918238
E00076698,509,95,34,61,414,32,382,18.664047151277014,6.679764243614931,11.984282907662083,81.33595284872298,6.286836935166994,75.049115913556
E00076699,393,81,28,53,312,28,284,20.610687022900763,7.124681933842239,13.486005089058525,79.38931297709924,7.124681933842239,72.264631043257
E00076700,304,81,33,48,223,21,202,26.644736842105267,10.855263157894738,15.789473684210526,73.35526315789474,6.907894736842106,66.44736842105263
E00076701,200,63,26,37,137,11,126,31.5,13,18.5,68.5,5.5,63
E00076702,383,92,35,57,291,22,269,24.02088772845953,9.138381201044385,14.882506527415144,75.97911227154047,5.7441253263707575,70.23498694516971
E00076703,266,56,23,33,210,9,201,21.052631578947366,8.646616541353383,12.406015037593985,78.94736842105263,3.3834586466165413,75.56390977443608
E00076704,302,76,29,47,226,20,206,25.165562913907287,9.602649006622517,15.562913907284766,74.83443708609272,6.622516556291391,68.21192052980133
E00076705,255,86,31,55,169,13,156,33.72549019607843,12.156862745098039,21.568627450980394,66.27450980392156,5.098039215686274,61.1764705882353
E00076706,316,54,26,28,262,20,242,17.088607594936708,8.227848101265822,8.860759493670885,82.91139240506328,6.329113924050633,76.58227848101265
E00076707,327,84,46,38,243,18,225,25.688073394495415,14.067278287461773,11.62079510703364,74.31192660550458,5.5045871559633035,68.80733944954129
E00076708,240,82,45,37,158,15,143,34.166666666666664,18.75,15.416666666666668,65.83333333333333,6.25,59.583333333333336
E00076709,352,100,55,45,252,27,225,28.40909090909091,15.625,12.784090909090908,71.5909090909091,7.670454545454546,63.92045454545454
E00076710,309,67,23,44,242,32,210,21.68284789644013,7.443365695792881,14.239482200647249,78.31715210355988,10.355987055016183,67.96116504854369
E00076711,231,53,23,30,178,21,157,22.943722943722943,9.956709956709958,12.987012987012985,77.05627705627705,9.090909090909092,67.96536796536796
E00076712,246,89,54,35,157,11,146,36.17886178861789,21.951219512195124,14.227642276422763,63.82113821138211,4.471544715447155,59.34959349593496
E00076713,254,58,31,27,196,18,178,22.83464566929134,12.204724409448819,10.62992125984252,77.16535433070865,7.086614173228346,70.07874015748031
E00076714,351,65,22,43,286,35,251,18.51851851851852,6.267806267806268,12.250712250712251,81.48148148148148,9.971509971509972,71.50997150997152
E00076715,262,64,27,37,198,16,182,24.427480916030532,10.305343511450381,14.122137404580155,75.57251908396947,6.106870229007633,69.46564885496184
E00076716,240,48,15,33,192,20,172,20,6.25,13.750000000000002,80,8.333333333333332,71.66666666666667
E00172039,283,64,32,32,219,16,203,22.614840989399294,11.307420494699647,11.307420494699647,77.3851590106007,5.6537102473498235,71.73144876325088
E00172041,134,37,10,27,97,7,90,27.611940298507463,7.462686567164178,20.149253731343283,72.38805970149254,5.223880597014925,67.16417910447761
E00172042,313,66,27,39,247,14,233,21.08626198083067,8.626198083067091,12.460063897763577,78.91373801916933,4.472843450479233,74.4408945686901
E00172043,313,43,13,30,270,19,251,13.738019169329075,4.15335463258786,9.584664536741213,86.26198083067092,6.070287539936102,80.19169329073482
E00172044,208,34,12,22,174,26,148,16.346153846153847,5.769230769230769,10.576923076923077,83.65384615384616,12.5,71.15384615384616
E00172045,370,54,19,35,316,30,286,14.594594594594595,5.135135135135135,9.45945945945946,85.4054054054054,8.108108108108109,77.29729729729729
E00172046,332,59,15,44,273,27,246,17.771084337349397,4.518072289156627,13.253012048192772,82.2289156626506,8.132530120481928,74.09638554216868
E00172047,264,32,15,17,232,29,203,12.121212121212121,5.681818181818182,6.4393939393939394,87.87878787878788,10.984848484848484,76.89393939393939
E00172048,426,77,34,43,349,26,323,18.07511737089202,7.981220657276995,10.093896713615024,81.92488262910797,6.103286384976526,75.82159624413146
E00172050,1447,224,43,181,1223,128,1095,15.480304077401522,2.9716655148583278,12.508638562543192,84.51969592259849,8.84588804422944,75.67380787836903
E00172052,219,40,16,24,179,16,163,18.2648401826484,7.30593607305936,10.95890410958904,81.7351598173516,7.30593607305936,74.42922374429224
E00172053,356,65,29,36,291,31,260,18.258426966292134,8.146067415730338,10.112359550561797,81.74157303370787,8.707865168539326,73.03370786516854
E00172054,261,59,22,37,202,17,185,22.60536398467433,8.42911877394636,14.17624521072797,77.39463601532567,6.513409961685824,70.88122605363985
E00172055,214,41,9,32,173,22,151,19.158878504672895,4.205607476635514,14.953271028037381,80.8411214953271,10.2803738317757,70.56074766355141
E00172056,339,86,42,44,253,27,226,25.368731563421832,12.389380530973451,12.979351032448378,74.63126843657817,7.964601769911504,66.66666666666666
E00172057,321,85,38,47,236,26,210,26.479750778816197,11.838006230529595,14.641744548286603,73.5202492211838,8.09968847352025,65.42056074766354
E00172058,629,102,23,79,527,58,469,16.216216216216218,3.6565977742448332,12.559618441971383,83.78378378378379,9.220985691573928,74.56279809220986
E00172059,189,42,12,30,147,17,130,22.22222222222222,6.349206349206349,15.873015873015872,77.77777777777779,8.994708994708994,68.78306878306879
E00172060,565,112,48,64,453,22,431,19.82300884955752,8.495575221238937,11.327433628318584,80.17699115044248,3.893805309734513,76.28318584070797
E00172061,388,144,76,68,244,25,219,37.11340206185567,19.587628865979383,17.525773195876287,62.88659793814433,6.443298969072164,56.44329896907217
E00172062,164,35,17,18,129,15,114,21.341463414634145,10.365853658536585,10.975609756097562,78.65853658536585,9.146341463414634,69.51219512195121
E00172063,228,45,15,30,183,11,172,19.736842105263158,6.578947368421052,13.157894736842104,80.26315789473685,4.824561403508771,75.43859649122807
E00172064,167,47,22,25,120,19,101,28.143712574850298,13.17365269461078,14.97005988023952,71.8562874251497,11.377245508982035,60.47904191616767
E00172065,276,61,23,38,215,22,193,22.10144927536232,8.333333333333332,13.768115942028986,77.89855072463769,7.971014492753622,69.92753623188406
E00172068,353,39,10,29,314,34,280,11.048158640226628,2.8328611898017,8.21529745042493,88.95184135977338,9.631728045325778,79.3201133144476
E00172069,209,34,18,16,175,24,151,16.267942583732058,8.61244019138756,7.655502392344498,83.73205741626795,11.483253588516746,72.24880382775119
E00172070,339,75,36,39,264,26,238,22.123893805309734,10.619469026548673,11.504424778761061,77.87610619469027,7.669616519174041,70.20648967551622
E00172071,234,47,21,26,187,20,167,20.085470085470085,8.974358974358974,11.11111111111111,79.91452991452992,8.547008547008547,71.36752136752136
E00172073,173,40,16,24,133,12,121,23.121387283236995,9.248554913294797,13.872832369942195,76.878612716763,6.9364161849710975,69.94219653179191
E00172075,298,66,38,28,232,22,210,22.14765100671141,12.751677852348994,9.395973154362416,77.85234899328859,7.38255033557047,70.46979865771812
E00172076,293,68,24,44,225,22,203,23.208191126279864,8.19112627986348,15.017064846416384,76.79180887372013,7.508532423208192,69.28327645051195
E00172077,175,18,5,13,157,12,145,10.285714285714285,2.857142857142857,7.428571428571429,89.71428571428571,6.857142857142858,82.85714285714286
E00172078,298,47,19,28,251,23,228,15.771812080536913,6.375838926174497,9.395973154362416,84.22818791946308,7.718120805369128,76.51006711409396
E00172079,332,55,8,47,277,28,249,16.566265060240966,2.4096385542168677,14.156626506024098,83.43373493975903,8.433734939759036,75
E00172083,289,53,25,28,236,17,219,18.33910034602076,8.650519031141869,9.688581314878892,81.66089965397923,5.88235294117647,75.77854671280276
E00172084,246,43,15,28,203,21,182,17.479674796747968,6.097560975609756,11.38211382113821,82.52032520325203,8.536585365853659,73.98373983739837
E00172085,250,44,19,25,206,20,186,17.599999999999998,7.6,10,82.39999999999999,8,74.4
E00172086,277,35,14,21,242,17,225,12.63537906137184,5.054151624548736,7.581227436823104,87.36462093862815,6.137184115523466,81.2274368231047
E00181096,202,65,19,46,137,19,118,32.17821782178218,9.405940594059405,22.772277227722775,67.82178217821783,9.405940594059405,58.415841584158414
E00181097,298,87,42,45,211,26,185,29.194630872483224,14.093959731543624,15.100671140939598,70.80536912751678,8.724832214765101,62.08053691275168
E00181098,280,119,60,59,161,20,141,42.5,21.428571428571427,21.071428571428573,57.49999999999999,7.142857142857142,50.357142857142854
E00181099,286,76,27,49,210,29,181,26.573426573426573,9.44055944055944,17.132867132867133,73.42657342657343,10.13986013986014,63.286713286713294
E00181100,593,121,34,87,472,51,421,20.404721753794266,5.733558178752108,14.67116357504216,79.59527824620574,8.600337268128163,70.99494097807757
E00181102,453,85,33,52,368,37,331,18.76379690949227,7.28476821192053,11.479028697571744,81.23620309050773,8.167770419426049,73.06843267108167
E00181103,229,48,16,32,181,22,159,20.96069868995633,6.986899563318777,13.973799126637553,79.03930131004367,9.606986899563319,69.43231441048034
E00181105,152,31,15,16,121,14,107,20.394736842105264,9.868421052631579,10.526315789473683,79.60526315789474,9.210526315789473,70.39473684210526
E00181110,123,12,4,8,111,8,103,9.75609756097561,3.2520325203252036,6.504065040650407,90.2439024390244,6.504065040650407,83.73983739837398
E00181114,385,76,24,52,309,37,272,19.74025974025974,6.233766233766234,13.506493506493506,80.25974025974027,9.61038961038961,70.64935064935065
E00181115,274,55,22,33,219,16,203,20.072992700729927,8.02919708029197,12.043795620437956,79.92700729927007,5.839416058394161,74.08759124087592
E00181118,233,55,22,33,178,12,166,23.605150214592275,9.44206008583691,14.163090128755366,76.39484978540773,5.150214592274678,71.24463519313305
E00181129,362,69,26,43,293,33,260,19.060773480662984,7.18232044198895,11.878453038674033,80.93922651933701,9.116022099447514,71.8232044198895
E00181130,394,63,27,36,331,21,310,15.989847715736042,6.852791878172589,9.137055837563452,84.01015228426397,5.32994923857868,78.68020304568529
E00181133,232,35,11,24,197,16,181,15.086206896551724,4.741379310344827,10.344827586206897,84.91379310344827,6.896551724137931,78.01724137931035
E00181139,246,22,6,16,224,13,211,8.94308943089431,2.4390243902439024,6.504065040650407,91.05691056910568,5.284552845528456,85.77235772357723
E00181140,344,58,22,36,286,29,257,16.86046511627907,6.395348837209303,10.465116279069768,83.13953488372093,8.430232558139535,74.70930232558139
E00181141,323,72,38,34,251,15,236,22.291021671826623,11.76470588235294,10.526315789473683,77.70897832817337,4.643962848297214,73.06501547987617
E00181142,280,71,25,46,209,22,187,25.357142857142854,8.928571428571429,16.428571428571427,74.64285714285714,7.857142857142857,66.78571428571428
E00181143,303,46,23,23,257,19,238,15.181518151815181,7.590759075907591,7.590759075907591,84.81848184818482,6.270627062706271,78.54785478547855
E00181144,181,49,26,23,132,9,123,27.071823204419886,14.3646408839779,12.70718232044199,72.92817679558011,4.972375690607735,67.95580110497238
E00181147,598,96,28,68,502,49,453,16.05351170568562,4.682274247491638,11.37123745819398,83.94648829431438,8.193979933110368,75.75250836120402
E00181151,250,34,15,19,216,13,203,13.600000000000001,6,7.6,86.4,5.2,81.2
E00181152,111,14,3,11,97,4,93,12.612612612612612,2.7027027027027026,9.90990990990991,87.38738738738738,3.6036036036036037,83.78378378378379
E00181157,314,52,13,39,262,25,237,16.560509554140125,4.140127388535031,12.420382165605096,83.43949044585987,7.961783439490445,75.47770700636943
E00181158,421,62,22,40,359,35,324,14.726840855106888,5.225653206650831,9.501187648456057,85.2731591448931,8.31353919239905,76.95961995249407
E00181159,332,35,11,24,297,22,275,10.542168674698797,3.313253012048193,7.228915662650602,89.45783132530121,6.626506024096386,82.83132530120481
E00181161,320,77,39,38,243,33,210,24.0625,12.1875,11.875,75.9375,10.3125,65.625
E00181165,548,57,18,39,491,40,451,10.401459854014599,3.2846715328467155,7.116788321167883,89.59854014598541,7.2992700729927,82.2992700729927
E00181166,596,80,34,46,516,33,483,13.422818791946309,5.704697986577181,7.718120805369128,86.57718120805369,5.5369127516778525,81.04026845637584
E00181168,547,49,15,34,498,39,459,8.957952468007313,2.742230347349177,6.2157221206581355,91.0420475319927,7.129798903107861,83.91224862888483
E00181175,344,97,48,49,247,28,219,28.197674418604652,13.953488372093023,14.244186046511627,71.80232558139535,8.13953488372093,63.662790697674424
E00181176,462,102,69,33,360,29,331,22.07792207792208,14.935064935064934,7.142857142857142,77.92207792207793,6.2770562770562766,71.64502164502164
E00181179,352,87,39,48,265,31,234,24.71590909090909,11.079545454545455,13.636363636363635,75.2840909090909,8.806818181818182,66.47727272727273
E00181180,351,76,22,54,275,17,258,21.65242165242165,6.267806267806268,15.384615384615385,78.34757834757835,4.843304843304843,73.50427350427351
E00181181,163,37,16,21,126,6,120,22.699386503067483,9.815950920245399,12.883435582822086,77.30061349693251,3.6809815950920246,73.61963190184049
E00181183,332,64,20,44,268,29,239,19.27710843373494,6.024096385542169,13.253012048192772,80.72289156626506,8.734939759036145,71.98795180722891
E00181186,313,73,51,22,240,17,223,23.322683706070286,16.293929712460063,7.0287539936102235,76.6773162939297,5.431309904153355,71.24600638977637
E00181189,304,51,19,32,253,30,223,16.776315789473685,6.25,10.526315789473683,83.22368421052632,9.868421052631579,73.35526315789474
E00181190,253,77,40,37,176,18,158,30.434782608695656,15.810276679841898,14.624505928853754,69.56521739130434,7.114624505928854,62.450592885375485
E00181193,294,40,10,30,254,18,236,13.60544217687075,3.4013605442176873,10.204081632653061,86.39455782312925,6.122448979591836,80.27210884353741
E00181195,600,65,28,37,535,44,491,10.833333333333334,4.666666666666667,6.166666666666667,89.16666666666667,7.333333333333333,81.83333333333334
E00181196,168,12,4,8,156,8,148,7.142857142857142,2.380952380952381,4.761904761904762,92.85714285714286,4.761904761904762,88.09523809523809
