OA,ts0380001,ts0380002,ts0380003,ts0380004,ts0380005,ts0380006,ts0380007,ts0380002_PCT,ts0380003_PCT,ts0380004_PCT,ts0380005_PCT,ts0380006_PCT,ts0380007_PCT
E00134224,326,42,16,26,284,27,257,12.883435582822086,4.9079754601226995,7.975460122699387,87.11656441717791,8.282208588957054,78.83435582822086
E00134225,413,80,29,51,333,25,308,19.37046004842615,7.021791767554479,12.34866828087167,80.62953995157385,6.053268765133172,74.57627118644068
E00134226,527,90,27,63,437,52,385,17.077798861480076,5.1233396584440225,11.954459203036052,82.92220113851992,9.867172675521822,73.05502846299811
E00134227,255,45,14,31,210,12,198,17.647058823529413,5.490196078431373,12.156862745098039,82.35294117647058,4.705882352941177,77.64705882352942
E00134228,407,58,21,37,349,29,320,14.250614250614252,5.159705159705159,9.090909090909092,85.74938574938575,7.125307125307126,78.62407862407862
E00134229,381,84,29,55,297,41,256,22.04724409448819,7.611548556430446,14.435695538057743,77.95275590551181,10.761154855643044,67.19160104986877
E00134230,254,50,23,27,204,23,181,19.68503937007874,9.05511811023622,10.62992125984252,80.31496062992126,9.05511811023622,71.25984251968504
E00134231,267,70,29,41,197,19,178,26.217228464419474,10.861423220973784,15.355805243445692,73.78277153558052,7.116104868913857,66.66666666666666
E00134232,220,28,9,19,192,16,176,12.727272727272727,4.090909090909091,8.636363636363637,87.27272727272727,7.2727272727272725,80
E00134233,333,71,23,48,262,27,235,21.32132132132132,6.906906906906906,14.414414414414415,78.67867867867868,8.108108108108109,70.57057057057057
E00134234,463,83,34,49,380,35,345,17.92656587473002,7.343412526997841,10.583153347732182,82.07343412526998,7.559395248380129,74.51403887688986
E00134235,271,50,20,30,221,21,200,18.45018450184502,7.380073800738007,11.07011070110701,81.54981549815497,7.7490774907749085,73.80073800738008
E00134236,236,33,15,18,203,18,185,13.983050847457626,6.3559322033898304,7.627118644067797,86.01694915254238,7.627118644067797,78.38983050847457
E00134237,192,36,11,25,156,8,148,18.75,5.729166666666666,13.020833333333334,81.25,4.166666666666666,77.08333333333334
E00134238,298,62,18,44,236,17,219,20.80536912751678,6.0402684563758395,14.76510067114094,79.19463087248322,5.704697986577181,73.48993288590604
E00134239,397,68,25,43,329,37,292,17.12846347607053,6.297229219143577,10.831234256926953,82.87153652392946,9.319899244332493,73.55163727959699
E00134240,300,58,16,42,242,27,215,19.333333333333332,5.333333333333334,14.000000000000002,80.66666666666666,9,71.66666666666667
E00134242,389,64,14,50,325,26,299,16.452442159383033,3.5989717223650386,12.853470437017995,83.54755784061697,6.683804627249357,76.86375321336762
E00134243,403,50,18,32,353,35,318,12.40694789081886,4.466501240694789,7.94044665012407,87.59305210918114,8.6848635235732,78.90818858560795
E00134244,288,66,26,40,222,27,195,22.916666666666664,9.027777777777777,13.88888888888889,77.08333333333334,9.375,67.70833333333334
E00134245,293,50,21,29,243,31,212,17.064846416382252,7.167235494880546,9.897610921501707,82.93515358361775,10.580204778156997,72.35494880546075
E00134246,316,75,39,36,241,16,225,23.734177215189874,12.341772151898734,11.39240506329114,76.26582278481013,5.063291139240507,71.20253164556962
E00134247,277,57,26,31,220,18,202,20.577617328519857,9.386281588447654,11.191335740072201,79.42238267148014,6.4981949458483745,72.92418772563177
E00134248,257,52,23,29,205,32,173,20.233463035019454,8.949416342412452,11.284046692607005,79.76653696498055,12.45136186770428,67.31517509727627
E00134249,253,61,26,35,192,23,169,24.110671936758894,10.276679841897234,13.83399209486166,75.8893280632411,9.090909090909092,66.79841897233202
E00134251,220,33,14,19,187,18,169,15,6.363636363636363,8.636363636363637,85,8.181818181818182,76.81818181818181
E00134253,281,43,17,26,238,26,212,15.302491103202847,6.049822064056939,9.252669039145907,84.69750889679716,9.252669039145907,75.44483985765125
E00134254,378,84,46,38,294,25,269,22.22222222222222,12.16931216931217,10.052910052910052,77.77777777777779,6.613756613756613,71.16402116402116
E00134255,343,56,25,31,287,30,257,16.3265306122449,7.288629737609329,9.037900874635568,83.6734693877551,8.746355685131196,74.9271137026239
E00134256,250,60,33,27,190,14,176,24,13.200000000000001,10.8,76,5.6000000000000005,70.39999999999999
E00134257,311,52,17,35,259,25,234,16.720257234726688,5.466237942122187,11.254019292604502,83.27974276527331,8.038585209003216,75.2411575562701
E00134258,405,92,40,52,313,27,286,22.71604938271605,9.876543209876543,12.839506172839506,77.28395061728395,6.666666666666667,70.61728395061728
E00134260,378,125,56,69,253,24,229,33.06878306878307,14.814814814814813,18.253968253968253,66.93121693121694,6.349206349206349,60.58201058201058
E00134261,276,68,36,32,208,31,177,24.637681159420293,13.043478260869565,11.594202898550725,75.36231884057972,11.231884057971014,64.13043478260869
E00134262,296,71,27,44,225,20,205,23.986486486486484,9.121621621621621,14.864864864864865,76.01351351351352,6.756756756756757,69.25675675675676
E00134263,346,87,45,42,259,25,234,25.14450867052023,13.005780346820808,12.138728323699421,74.85549132947978,7.225433526011561,67.63005780346822
E00134264,280,53,17,36,227,12,215,18.928571428571427,6.071428571428571,12.857142857142856,81.07142857142857,4.285714285714286,76.78571428571429
E00134265,243,64,27,37,179,15,164,26.337448559670783,11.11111111111111,15.22633744855967,73.66255144032921,6.172839506172839,67.48971193415639
E00134266,257,38,13,25,219,19,200,14.785992217898833,5.058365758754864,9.72762645914397,85.21400778210116,7.392996108949417,77.82101167315176
E00134267,289,77,39,38,212,22,190,26.643598615916954,13.494809688581316,13.148788927335639,73.35640138408304,7.612456747404845,65.7439446366782
E00134268,323,70,26,44,253,19,234,21.671826625387,8.04953560371517,13.622291021671826,78.328173374613,5.88235294117647,72.44582043343654
E00134269,341,98,46,52,243,32,211,28.739002932551323,13.48973607038123,15.249266862170089,71.26099706744868,9.3841642228739,61.87683284457478
E00134270,306,59,33,26,247,15,232,19.28104575163399,10.784313725490197,8.49673202614379,80.71895424836602,4.901960784313726,75.81699346405229
E00134271,404,73,26,47,331,39,292,18.06930693069307,6.435643564356436,11.633663366336634,81.93069306930693,9.653465346534654,72.27722772277228
E00134272,404,62,21,41,342,25,317,15.346534653465346,5.198019801980198,10.14851485148515,84.65346534653465,6.188118811881188,78.46534653465346
E00134273,251,83,33,50,168,15,153,33.067729083665334,13.147410358565736,19.9203187250996,66.93227091633466,5.9760956175298805,60.95617529880478
E00134274,374,71,32,39,303,24,279,18.983957219251337,8.55614973262032,10.427807486631016,81.01604278074866,6.417112299465241,74.59893048128342
E00134275,315,91,39,52,224,35,189,28.888888888888886,12.380952380952381,16.507936507936506,71.11111111111111,11.11111111111111,60
E00134276,264,66,34,32,198,12,186,25,12.878787878787879,12.121212121212121,75,4.545454545454546,70.45454545454545
E00134277,334,63,28,35,271,33,238,18.862275449101794,8.383233532934131,10.479041916167663,81.1377245508982,9.880239520958083,71.25748502994011
E00134278,427,107,50,57,320,39,281,25.05854800936768,11.7096018735363,13.348946135831383,74.94145199063233,9.133489461358314,65.807962529274
E00134280,433,54,17,37,379,37,342,12.471131639722865,3.9260969976905313,8.545034642032332,87.52886836027713,8.545034642032332,78.9838337182448
E00134281,379,85,36,49,294,30,264,22.427440633245382,9.498680738786279,12.928759894459102,77.57255936675462,7.9155672823219,69.65699208443272
E00134282,267,51,27,24,216,26,190,19.101123595505616,10.112359550561797,8.98876404494382,80.89887640449437,9.737827715355806,71.16104868913857
E00134283,305,74,27,47,231,31,200,24.262295081967213,8.852459016393443,15.40983606557377,75.73770491803279,10.163934426229508,65.57377049180327
E00134284,314,37,10,27,277,28,249,11.78343949044586,3.1847133757961785,8.598726114649681,88.21656050955414,8.9171974522293,79.29936305732484
E00134287,291,49,22,27,242,30,212,16.83848797250859,7.560137457044673,9.278350515463918,83.16151202749141,10.309278350515463,72.85223367697594
E00134288,229,62,27,35,167,14,153,27.074235807860266,11.790393013100436,15.283842794759824,72.92576419213974,6.11353711790393,66.8122270742358
E00134289,288,63,26,37,225,27,198,21.875,9.027777777777777,12.847222222222221,78.125,9.375,68.75
E00134290,258,68,34,34,190,20,170,26.356589147286826,13.178294573643413,13.178294573643413,73.64341085271317,7.751937984496124,65.89147286821705
E00134291,322,79,24,55,243,33,210,24.53416149068323,7.453416149068323,17.080745341614907,75.46583850931677,10.248447204968944,65.21739130434783
E00134292,304,90,51,39,214,31,183,29.605263157894733,16.776315789473685,12.828947368421053,70.39473684210526,10.197368421052632,60.19736842105263
E00134293,446,133,72,61,313,24,289,29.82062780269058,16.143497757847534,13.67713004484305,70.17937219730942,5.381165919282512,64.79820627802691
E00134294,217,54,17,37,163,19,144,24.88479262672811,7.834101382488479,17.050691244239633,75.11520737327189,8.755760368663594,66.3594470046083
E00134295,292,60,25,35,232,21,211,20.54794520547945,8.561643835616438,11.986301369863012,79.45205479452055,7.191780821917808,72.26027397260275
E00134296,204,61,30,31,143,11,132,29.901960784313726,14.705882352941178,15.196078431372548,70.09803921568627,5.392156862745098,64.70588235294117
E00134297,202,44,14,30,158,17,141,21.782178217821784,6.9306930693069315,14.85148514851485,78.21782178217822,8.415841584158416,69.80198019801979
E00134299,319,59,20,39,260,25,235,18.495297805642632,6.269592476489027,12.225705329153605,81.50470219435736,7.836990595611286,73.66771159874608
E00134300,240,44,16,28,196,24,172,18.333333333333332,6.666666666666667,11.666666666666666,81.66666666666667,10,71.66666666666667
E00134301,252,41,13,28,211,24,187,16.26984126984127,5.158730158730158,11.11111111111111,83.73015873015873,9.523809523809524,74.20634920634922
E00134302,264,53,28,25,211,24,187,20.075757575757574,10.606060606060606,9.469696969696969,79.92424242424242,9.090909090909092,70.83333333333334
E00134303,292,55,19,36,237,18,219,18.835616438356166,6.506849315068493,12.32876712328767,81.16438356164383,6.164383561643835,75
E00134304,274,30,9,21,244,17,227,10.948905109489052,3.2846715328467155,7.664233576642336,89.05109489051095,6.204379562043796,82.84671532846716
E00134305,266,62,15,47,204,14,190,23.308270676691727,5.639097744360902,17.669172932330827,76.69172932330827,5.263157894736842,71.42857142857143
E00134306,279,56,20,36,223,27,196,20.07168458781362,7.168458781362006,12.903225806451612,79.92831541218638,9.67741935483871,70.25089605734766
E00134307,375,70,26,44,305,34,271,18.666666666666668,6.933333333333333,11.733333333333333,81.33333333333333,9.066666666666666,72.26666666666667
E00134308,276,59,25,34,217,13,204,21.3768115942029,9.057971014492754,12.318840579710146,78.62318840579711,4.710144927536232,73.91304347826086
E00134309,261,40,11,29,221,29,192,15.32567049808429,4.21455938697318,11.11111111111111,84.67432950191571,11.11111111111111,73.5632183908046
E00134310,198,36,13,23,162,16,146,18.181818181818183,6.565656565656567,11.616161616161616,81.81818181818183,8.080808080808081,73.73737373737373
E00134311,260,59,26,33,201,22,179,22.692307692307693,10,12.692307692307692,77.3076923076923,8.461538461538462,68.84615384615384
E00134312,240,49,17,32,191,14,177,20.416666666666668,7.083333333333333,13.333333333333334,79.58333333333333,5.833333333333333,73.75
E00134313,286,55,20,35,231,27,204,19.230769230769234,6.993006993006993,12.237762237762238,80.76923076923077,9.44055944055944,71.32867132867133
E00134314,233,38,8,30,195,20,175,16.30901287553648,3.4334763948497855,12.875536480686694,83.69098712446352,8.583690987124463,75.10729613733905
E00134315,320,58,20,38,262,28,234,18.125,6.25,11.875,81.875,8.75,73.125
E00134316,319,58,25,33,261,24,237,18.181818181818183,7.836990595611286,10.344827586206897,81.81818181818183,7.523510971786834,74.29467084639498
E00134317,252,66,33,33,186,22,164,26.190476190476193,13.095238095238097,13.095238095238097,73.80952380952381,8.73015873015873,65.07936507936508
E00134318,348,69,22,47,279,32,247,19.82758620689655,6.321839080459771,13.505747126436782,80.17241379310344,9.195402298850574,70.97701149425288
E00134319,506,94,44,50,412,45,367,18.57707509881423,8.695652173913043,9.881422924901186,81.42292490118577,8.893280632411066,72.5296442687747
E00134320,223,24,5,19,199,13,186,10.762331838565023,2.242152466367713,8.520179372197308,89.23766816143498,5.829596412556054,83.40807174887892
E00134321,332,56,24,32,276,23,253,16.867469879518072,7.228915662650602,9.63855421686747,83.13253012048193,6.927710843373494,76.20481927710844
E00134322,276,41,16,25,235,25,210,14.855072463768115,5.797101449275362,9.057971014492754,85.14492753623189,9.057971014492754,76.08695652173914
E00134323,265,55,19,36,210,27,183,20.754716981132077,7.169811320754717,13.584905660377359,79.24528301886792,10.18867924528302,69.0566037735849
E00134324,350,67,25,42,283,40,243,19.142857142857142,7.142857142857142,12,80.85714285714286,11.428571428571429,69.42857142857143
E00134325,310,52,16,36,258,34,224,16.7741935483871,5.161290322580645,11.612903225806452,83.22580645161291,10.967741935483872,72.25806451612902
E00134326,274,43,19,24,231,28,203,15.693430656934307,6.934306569343065,8.75912408759124,84.30656934306569,10.218978102189782,74.08759124087592
E00134327,274,44,7,37,230,20,210,16.05839416058394,2.5547445255474455,13.503649635036496,83.94160583941606,7.2992700729927,76.64233576642336
E00134328,394,92,47,45,302,36,266,23.3502538071066,11.928934010152284,11.421319796954315,76.6497461928934,9.137055837563452,67.51269035532995
E00134329,284,76,25,51,208,31,177,26.76056338028169,8.80281690140845,17.95774647887324,73.23943661971832,10.915492957746478,62.323943661971825
E00134330,412,92,42,50,320,40,280,22.330097087378643,10.194174757281553,12.135922330097088,77.66990291262135,9.70873786407767,67.96116504854369
E00134331,353,50,22,28,303,33,270,14.164305949008499,6.232294617563739,7.932011331444759,85.8356940509915,9.34844192634561,76.48725212464589
E00134332,317,44,13,31,273,33,240,13.880126182965299,4.100946372239748,9.779179810725552,86.1198738170347,10.410094637223976,75.70977917981072
E00134333,383,87,44,43,296,30,266,22.715404699738905,11.488250652741515,11.22715404699739,77.28459530026109,7.83289817232376,69.45169712793734
E00134334,320,66,25,41,254,28,226,20.625,7.8125,12.812499999999998,79.375,8.75,70.625
E00134335,230,74,38,36,156,13,143,32.17391304347826,16.52173913043478,15.65217391304348,67.82608695652173,5.6521739130434785,62.17391304347826
E00134336,254,31,3,28,223,23,200,12.204724409448819,1.1811023622047243,11.023622047244094,87.79527559055119,9.05511811023622,78.74015748031496
E00134337,252,27,12,15,225,14,211,10.714285714285714,4.761904761904762,5.952380952380952,89.28571428571429,5.555555555555555,83.73015873015873
E00134338,374,58,20,38,316,30,286,15.508021390374333,5.347593582887701,10.16042780748663,84.49197860962568,8.0213903743315509,76.47058823529412
E00134339,253,55,21,34,198,18,180,21.73913043478261,8.300395256916996,13.438735177865613,78.26086956521739,7.114624505928854,71.14624505928853
E00134341,295,51,22,29,244,22,222,17.28813559322034,7.457627118644068,9.830508474576272,82.71186440677965,7.457627118644068,75.2542372881356
E00134343,387,92,27,65,295,20,275,23.772609819121445,6.976744186046512,16.795865633074936,76.22739018087856,5.167958656330749,71.0594315245478
E00134344,357,60,20,40,297,32,265,16.80672268907563,5.602240896358544,11.204481792717088,83.19327731092437,8.96358543417367,74.2296918767507
E00134345,310,59,17,42,251,28,223,19.032258064516128,5.483870967741936,13.548387096774196,80.96774193548387,9.032258064516128,71.93548387096774
E00134346,364,50,12,38,314,33,281,13.736263736263737,3.296703296703297,10.43956043956044,86.26373626373626,9.065934065934066,77.1978021978022
E00134347,367,57,25,32,310,25,285,15.531335149863759,6.811989100817439,8.71934604904632,84.46866485013625,6.811989100817439,77.65667574931881
E00134348,454,53,21,32,401,43,358,11.674008810572687,4.6255506607929515,7.048458149779736,88.32599118942731,9.47136563876652,78.8546255506608
E00134349,248,101,64,37,147,13,134,40.725806451612904,25.806451612903224,14.919354838709678,59.2741935483871,5.241935483870968,54.03225806451613
E00134351,309,42,17,25,267,23,244,13.592233009708737,5.501618122977346,8.090614886731391,86.40776699029125,7.443365695792881,78.96440129449837
E00134352,325,70,25,45,255,31,224,21.53846153846154,7.6923076923076925,13.846153846153847,78.46153846153847,9.538461538461538,68.92307692307692
E00134353,296,72,32,40,224,32,192,24.324324324324326,10.81081081081081,13.513513513513514,75.67567567567568,10.81081081081081,64.86486486486487
E00134354,159,33,17,16,126,12,114,20.754716981132077,10.69182389937107,10.062893081761008,79.24528301886792,7.547169811320755,71.69811320754717
E00134355,177,25,9,16,152,14,138,14.124293785310735,5.084745762711865,9.03954802259887,85.87570621468926,7.909604519774012,77.96610169491525
E00134356,371,76,41,35,295,40,255,20.485175202156334,11.05121293800539,9.433962264150944,79.51482479784366,10.781671159029651,68.73315363881402
E00134357,202,33,9,24,169,16,153,16.33663366336634,4.455445544554455,11.881188118811881,83.66336633663366,7.920792079207921,75.74257425742574
E00134358,157,41,13,28,116,13,103,26.11464968152866,8.280254777070063,17.8343949044586,73.88535031847134,8.280254777070063,65.60509554140127
E00134359,258,46,13,33,212,31,181,17.829457364341085,5.038759689922481,12.790697674418606,82.17054263565892,12.015503875968992,70.15503875968993
E00134360,205,43,13,30,162,13,149,20.975609756097562,6.341463414634147,14.634146341463413,79.02439024390245,6.341463414634147,72.6829268292683
E00134361,342,48,23,25,294,34,260,14.035087719298245,6.725146198830409,7.309941520467836,85.96491228070175,9.941520467836257,76.0233918128655
E00134362,248,36,22,14,212,20,192,14.516129032258066,8.870967741935484,5.64516129032258,85.48387096774194,8.064516129032258,77.41935483870968
E00134363,372,59,19,40,313,36,277,15.86021505376344,5.10752688172043,10.75268817204301,84.13978494623656,9.67741935483871,74.46236559139786
E00134364,147,24,6,18,123,12,111,16.3265306122449,4.081632653061225,12.244897959183673,83.6734693877551,8.16326530612245,75.51020408163265
E00134365,180,36,15,21,144,17,127,20,8.333333333333332,11.666666666666666,80,9.444444444444445,70.55555555555556
E00134366,153,32,12,20,121,18,103,20.915032679738562,7.8431372549019605,13.071895424836603,79.08496732026144,11.76470588235294,67.3202614379085
E00134367,259,54,18,36,205,21,184,20.84942084942085,6.94980694980695,13.8996138996139,79.15057915057915,8.108108108108109,71.04247104247105
E00134368,315,72,41,31,243,32,211,22.857142857142858,13.015873015873018,9.841269841269842,77.14285714285715,10.158730158730158,66.98412698412697
E00134369,145,26,12,14,119,9,110,17.93103448275862,8.275862068965518,9.655172413793103,82.06896551724138,6.206896551724138,75.86206896551724
E00134370,352,76,30,46,276,37,239,21.59090909090909,8.522727272727272,13.068181818181818,78.4090909090909,10.511363636363637,67.89772727272727
E00134372,439,94,33,61,345,35,310,21.4123006833713,7.517084282460136,13.895216400911162,78.5876993166287,7.972665148063782,70.61503416856492
E00134373,399,71,23,48,328,29,299,17.794486215538846,5.764411027568922,12.030075187969924,82.20551378446115,7.268170426065162,74.93734335839599
E00134376,229,42,16,26,187,22,165,18.340611353711793,6.986899563318777,11.353711790393014,81.6593886462882,9.606986899563319,72.0524017467249
E00134378,340,95,47,48,245,22,223,27.941176470588236,13.823529411764707,14.117647058823529,72.05882352941177,6.470588235294119,65.58823529411765
E00134379,306,55,32,23,251,13,238,17.973856209150327,10.457516339869281,7.516339869281046,82.02614379084967,4.248366013071895,77.77777777777779
E00134380,423,83,37,46,340,42,298,19.62174940898345,8.747044917257684,10.874704491725769,80.37825059101655,9.929078014184398,70.44917257683215
E00134381,292,64,31,33,228,23,205,21.91780821917808,10.616438356164384,11.301369863013697,78.08219178082192,7.876712328767123,70.2054794520548
E00134382,110,23,8,15,87,5,82,20.909090909090907,7.2727272727272725,13.636363636363635,79.0909090909091,4.545454545454546,74.54545454545455
E00134383,218,38,14,24,180,34,146,17.431192660550458,6.422018348623854,11.009174311926607,82.56880733944955,15.59633027522936,66.97247706422019
E00134384,383,80,27,53,303,37,266,20.887728459530024,7.049608355091384,13.838120104438643,79.11227154046998,9.660574412532636,69.45169712793734
E00134385,189,58,28,30,131,23,108,30.687830687830687,14.814814814814813,15.873015873015872,69.31216931216932,12.16931216931217,57.14285714285714
E00134386,257,58,16,42,199,28,171,22.56809338521401,6.22568093385214,16.342412451361866,77.431906614786,10.894941634241246,66.53696498054474
E00134387,278,44,13,31,234,32,202,15.827338129496402,4.676258992805756,11.151079136690647,84.17266187050359,11.510791366906476,72.66187050359713
E00134388,222,58,27,31,164,28,136,26.126126126126124,12.162162162162163,13.963963963963963,73.87387387387388,12.612612612612612,61.261261261261254
E00134389,271,64,29,35,207,24,183,23.616236162361623,10.70110701107011,12.915129151291513,76.38376383763837,8.856088560885608,67.52767527675276
E00134390,301,69,33,36,232,24,208,22.92358803986711,10.96345514950166,11.960132890365449,77.0764119601329,7.973421926910299,69.10299003322258
E00134391,132,33,11,22,99,9,90,25,8.333333333333332,16.666666666666664,75,6.8181818181818175,68.18181818181817
E00134392,379,96,51,45,283,23,260,25.32981530343008,13.456464379947231,11.87335092348285,74.67018469656992,6.068601583113456,68.60158311345647
E00134393,313,82,35,47,231,31,200,26.198083067092654,11.182108626198083,15.015974440894569,73.80191693290735,9.904153354632587,63.897763578274756
E00134394,246,60,29,31,186,28,158,24.390243902439025,11.788617886178862,12.601626016260163,75.60975609756098,11.38211382113821,64.22764227642277
E00134397,514,77,23,54,437,49,388,14.980544747081712,4.474708171206226,10.505836575875486,85.01945525291829,9.53307392996109,75.4863813229572
E00134398,263,39,14,25,224,26,198,14.82889733840304,5.323193916349809,9.505703422053232,85.17110266159695,9.885931558935361,75.2851711026616
E00134399,293,41,18,23,252,29,223,13.993174061433447,6.143344709897611,7.849829351535837,86.00682593856655,9.897610921501707,76.10921501706484
E00134400,354,75,29,46,279,19,260,21.1864406779661,8.192090395480225,12.994350282485875,78.8135593220339,5.367231638418079,73.44632768361582
E00134401,172,45,24,21,127,11,116,26.16279069767442,13.953488372093023,12.209302325581394,73.83720930232558,6.395348837209303,67.44186046511628
E00134402,278,38,11,27,240,21,219,13.66906474820144,3.9568345323741005,9.712230215827338,86.33093525179856,7.553956834532374,78.77697841726618
E00134403,285,44,15,29,241,25,216,15.43859649122807,5.263157894736842,10.175438596491228,84.56140350877193,8.771929824561402,75.78947368421053
E00134406,120,69,42,27,51,6,45,57.49999999999999,35,22.5,42.5,5,37.5
E00134407,266,93,47,46,173,22,151,34.962406015037594,17.669172932330827,17.293233082706767,65.0375939849624,8.270676691729323,56.766917293233085
E00134408,313,70,31,39,243,26,217,22.364217252396166,9.904153354632587,12.460063897763577,77.63578274760383,8.30670926517572,69.32907348242811
E00134409,271,41,15,26,230,18,212,15.129151291512915,5.535055350553505,9.59409594095941,84.87084870848709,6.642066420664207,78.22878228782287
E00134413,302,53,21,32,249,20,229,17.549668874172188,6.95364238410596,10.596026490066226,82.45033112582782,6.622516556291391,75.82781456953643
E00134414,228,55,26,29,173,18,155,24.12280701754386,11.403508771929824,12.719298245614036,75.87719298245614,7.894736842105263,67.98245614035088
E00134416,394,41,9,32,353,35,318,10.406091370558377,2.284263959390863,8.121827411167512,89.59390862944161,8.883248730964468,80.71065989847716
E00134417,466,75,36,39,391,26,365,16.09442060085837,7.725321888412018,8.369098712446352,83.90557939914163,5.579399141630901,78.32618025751073
E00134418,440,64,16,48,376,34,342,14.545454545454545,3.6363636363636362,10.909090909090908,85.45454545454545,7.727272727272727,77.72727272727272
E00134419,349,58,20,38,291,36,255,16.6189111747851,5.730659025787966,10.888252148997136,83.3810888252149,10.315186246418339,73.06590257879655
E00134420,266,59,28,31,207,21,186,22.18045112781955,10.526315789473683,11.654135338345863,77.81954887218046,7.894736842105263,69.92481203007519
E00134421,336,70,34,36,266,38,228,20.833333333333336,10.119047619047619,10.714285714285714,79.16666666666666,11.30952380952381,67.85714285714286
E00134422,429,107,61,46,322,39,283,24.941724941724942,14.219114219114218,10.722610722610723,75.05827505827506,9.090909090909092,65.96736596736596
E00134423,411,79,27,52,332,21,311,19.22141119221411,6.569343065693431,12.652068126520682,80.7785888077859,5.109489051094891,75.669099756691
E00134424,359,92,44,48,267,29,238,25.62674094707521,12.256267409470752,13.370473537604457,74.3732590529248,8.07799442896936,66.29526462395543
E00134425,310,51,14,37,259,26,233,16.451612903225808,4.516129032258064,11.935483870967742,83.54838709677419,8.38709677419355,75.16129032258064
E00134426,443,111,40,71,332,30,302,25.056433408577877,9.029345372460497,16.02708803611738,74.94356659142211,6.772009029345373,68.17155756207674
E00134427,312,75,28,47,237,22,215,24.03846153846154,8.974358974358974,15.064102564102564,75.96153846153845,7.051282051282051,68.91025641025641
E00134428,224,48,22,26,176,19,157,21.428571428571427,9.821428571428571,11.607142857142858,78.57142857142857,8.482142857142858,70.08928571428571
E00134429,117,44,19,25,73,5,68,37.60683760683761,16.23931623931624,21.367521367521366,62.39316239316239,4.273504273504273,58.119658119658126
E00134430,114,22,7,15,92,5,87,19.298245614035086,6.140350877192982,13.157894736842104,80.7017543859649,4.385964912280701,76.31578947368422
E00134431,267,51,29,22,216,23,193,19.101123595505616,10.861423220973784,8.239700374531834,80.89887640449437,8.614232209737828,72.28464419475655
E00134432,236,54,24,30,182,10,172,22.88135593220339,10.16949152542373,12.711864406779661,77.11864406779661,4.23728813559322,72.88135593220339
E00134433,351,48,12,36,303,29,274,13.675213675213676,3.418803418803419,10.256410256410255,86.32478632478633,8.262108262108262,78.06267806267806
E00134434,300,44,10,34,256,26,230,14.666666666666666,3.3333333333333335,11.333333333333332,85.33333333333334,8.666666666666668,76.66666666666667
E00134435,254,71,38,33,183,19,164,27.95275590551181,14.960629921259844,12.992125984251967,72.04724409448819,7.480314960629922,64.56692913385827
E00134436,296,53,23,30,243,26,217,17.905405405405407,7.77027027027027,10.135135135135135,82.0945945945946,8.783783783783784,73.3108108108108
E00134437,380,56,28,28,324,38,286,14.736842105263156,7.368421052631578,7.368421052631578,85.26315789473684,10,75.26315789473685
E00134438,300,43,9,34,257,33,224,14.333333333333334,3,11.333333333333332,85.66666666666667,11,74.66666666666667
E00134439,299,62,24,38,237,25,212,20.735785953177256,8.02675585284281,12.709030100334449,79.26421404682274,8.361204013377927,70.903010033444815
E00134440,345,50,11,39,295,34,261,14.492753623188406,3.1884057971014492,11.304347826086957,85.5072463768116,9.855072463768117,75.65217391304347
E00134441,306,41,14,27,265,25,240,13.398692810457517,4.57516339869281,8.823529411764707,86.60130718954248,8.169934640522875,78.43137254901961
E00134442,321,55,20,35,266,24,242,17.133956386292834,6.230529595015576,10.903426791277258,82.86604361370716,7.476635514018691,75.38940809968847
E00134443,285,73,35,38,212,30,182,25.6140350877193,12.280701754385964,13.333333333333334,74.3859649122807,10.526315789473683,63.859649122807014
E00134444,324,87,31,56,237,13,224,26.851851851851855,9.5679012345679,17.28395061728395,73.14814814814815,4.012345679012346,69.1358024691358
E00134446,271,90,48,42,181,25,156,33.210332103321036,17.712177121771216,15.498154981549817,66.78966789667896,9.22509225092251,57.564575645756456
E00134447,264,49,17,32,215,17,198,18.560606060606062,6.4393939393939394,12.121212121212121,81.43939393939394,6.4393939393939394,75
E00134448,444,144,86,58,300,28,272,32.432432432432435,19.36936936936937,13.063063063063062,67.56756756756756,6.306306306306306,61.261261261261254
E00134449,254,45,14,31,209,26,183,17.716535433070867,5.511811023622047,12.204724409448819,82.28346456692913,10.236220472440944,72.04724409448819
E00134450,279,59,30,29,220,23,197,21.14695340501792,10.75268817204301,10.39426523297491,78.85304659498208,8.24372759856631,70.60931899641577
E00134451,250,89,41,48,161,22,139,35.6,16.400000000000002,19.2,64.4,8.799999999999999,55.60000000000001
E00134453,363,111,57,54,252,29,223,30.57851239669421,15.702479338842975,14.87603305785124,69.42148760330579,7.988980716253444,61.43250688705234
E00134454,264,83,45,38,181,19,162,31.439393939393938,17.045454545454543,14.393939393939394,68.56060606060606,7.196969696969697,61.36363636363637
E00134455,289,61,21,40,228,26,202,21.10726643598616,7.26643598615917,13.84083044982699,78.89273356401384,8.996539792387544,69.8961937716263
E00134456,204,42,16,26,162,16,146,20.588235294117645,7.8431372549019605,12.745098039215685,79.41176470588235,7.8431372549019605,71.56862745098039
E00134457,225,80,33,47,145,24,121,35.55555555555556,14.666666666666666,20.88888888888889,64.44444444444444,10.666666666666668,53.77777777777778
E00134458,249,74,33,41,175,18,157,29.71887550200803,13.253012048192772,16.46586345381526,70.28112449799197,7.228915662650602,63.05220883534136
E00134459,279,49,19,30,230,20,210,17.562724014336915,6.810035842293908,10.75268817204301,82.43727598566308,7.168458781362006,75.26881720430107
E00134460,361,73,30,43,288,33,255,20.221606648199447,8.310249307479225,11.911357340720222,79.77839335180056,9.141274238227147,70.6371191135734
E00134462,217,49,19,30,168,21,147,22.58064516129032,8.755760368663594,13.82488479262673,77.41935483870968,9.67741935483871,67.74193548387096
E00134463,356,71,22,49,285,32,253,19.9438202247191,6.179775280898876,13.764044943820226,80.0561797752809,8.98876404494382,71.06741573033707
E00134464,237,38,22,16,199,20,179,16.033755274261605,9.282700421940929,6.751054852320674,83.96624472573839,8.438818565400844,75.52742616033755
E00134465,286,67,31,36,219,19,200,23.426573426573427,10.839160839160838,12.587412587412588,76.57342657342657,6.643356643356643,69.93006993006993
E00134466,259,73,33,40,186,19,167,28.185328185328185,12.741312741312742,15.444015444015443,71.81467181467181,7.335907335907336,64.47876447876449
E00134467,261,71,34,37,190,19,171,27.203065134099617,13.026819923371647,14.17624521072797,72.79693486590038,7.2796934865900385,65.51724137931035
E00134468,262,26,1,25,236,13,223,9.923664122137405,0.38167938931297707,9.541984732824428,90.07633587786259,4.961832061068702,85.1145038167939
E00134469,266,50,16,34,216,20,196,18.796992481203006,6.015037593984962,12.781954887218044,81.203007518797,7.518796992481203,73.68421052631578
E00134470,130,27,3,24,103,9,94,20.76923076923077,2.307692307692308,18.461538461538463,79.23076923076923,6.923076923076923,72.3076923076923
E00134472,479,155,84,71,324,34,290,32.35908141962422,17.536534446764094,14.822546972860126,67.64091858037578,7.09812108559499,60.5427974947808
E00134473,408,21,2,19,387,16,371,5.147058823529411,0.49019607843137253,4.6568627450980395,94.85294117647058,3.9215686274509802,90.93137254901961
E00134475,437,82,30,52,355,34,321,18.76430205949657,6.864988558352403,11.899313501144166,81.23569794050344,7.780320366132723,73.4553775743707
E00134476,299,51,13,38,248,27,221,17.05685618729097,4.3478260869565215,12.709030100334449,82.94314381270902,9.03010033444816,73.91304347826086
E00134477,270,53,18,35,217,33,184,19.62962962962963,6.666666666666667,12.962962962962962,80.37037037037037,12.222222222222221,68.14814814814815
E00134478,477,155,94,61,322,43,279,32.494758909853246,19.70649895178197,12.78825995807128,67.50524109014675,9.014675052410901,58.490566037735846
E00134479,407,63,27,36,344,31,313,15.47911547911548,6.6339066339066335,8.845208845208845,84.52088452088452,7.616707616707617,76.90417690417691
E00134480,278,50,20,30,228,14,214,17.985611510791365,7.1942446043165464,10.79136690647482,82.01438848920863,5.0359712230215825,76.97841726618705
E00134481,294,45,14,31,249,29,220,15.306122448979592,4.761904761904762,10.54421768707483,84.6938775510204,9.863945578231291,74.82993197278913
E00134482,307,59,20,39,248,20,228,19.218241042345277,6.514657980456026,12.703583061889251,80.78175895765473,6.514657980456026,74.2671009771987
E00134483,384,71,25,46,313,30,283,18.489583333333336,6.510416666666667,11.979166666666668,81.51041666666666,7.8125,73.69791666666666
E00134484,269,54,29,25,215,29,186,20.074349442379184,10.780669144981413,9.293680297397769,79.92565055762083,10.780669144981413,69.14498141263941
E00134485,284,45,20,25,239,20,219,15.845070422535212,7.042253521126761,8.80281690140845,84.15492957746478,7.042253521126761,77.11267605633803
E00134487,293,49,16,33,244,24,220,16.723549488054605,5.460750853242321,11.262798634812286,83.27645051194538,8.19112627986348,75.0853242320819
E00134488,481,70,36,34,411,45,366,14.553014553014554,7.484407484407485,7.0686070686070686,85.44698544698545,9.355509355509357,76.0914760914761
E00134491,263,65,24,41,198,23,175,24.714828897338403,9.125475285171103,15.5893536121673,75.2851711026616,8.745247148288973,66.53992395437263
E00134492,297,62,23,39,235,15,220,20.875420875420875,7.744107744107744,13.131313131313133,79.12457912457911,5.05050505050505,74.07407407407408
E00134493,311,51,22,29,260,20,240,16.39871382636656,7.07395498392283,9.32475884244373,83.60128617363344,6.430868167202572,77.17041800643086
E00134494,402,66,24,42,336,12,324,16.417910447761194,5.970149253731343,10.44776119402985,83.5820895522388,2.9850746268656714,80.59701492537313
E00134495,309,57,23,34,252,24,228,18.446601941747574,7.443365695792881,11.003236245954692,81.55339805825243,7.766990291262135,73.7864077669903
E00134497,340,73,32,41,267,12,255,21.470588235294116,9.411764705882353,12.058823529411764,78.52941176470588,3.5294117647058822,75
E00134498,328,57,24,33,271,18,253,17.378048780487802,7.317073170731707,10.060975609756099,82.6219512195122,5.487804878048781,77.13414634146342
E00134499,375,78,42,36,297,13,284,20.8,11.200000000000001,9.6,79.2,3.4666666666666663,75.73333333333333
E00134500,402,70,27,43,332,26,306,17.412935323383085,6.7164179104477615,10.696517412935323,82.58706467661692,6.467661691542288,76.11940298507463
E00134501,434,82,37,45,352,27,325,18.89400921658986,8.525345622119817,10.368663594470046,81.10599078341014,6.221198156682028,74.88479262672811
E00134502,248,69,27,42,179,13,166,27.82258064516129,10.887096774193548,16.93548387096774,72.17741935483872,5.241935483870968,66.93548387096774
E00134503,264,49,16,33,215,18,197,18.560606060606062,6.0606060606060606,12.5,81.43939393939394,6.8181818181818175,74.62121212121212
E00134504,386,68,23,45,318,16,302,17.616580310880828,5.958549222797927,11.658031088082902,82.38341968911918,4.145077720207254,78.23834196891191
E00134505,321,58,20,38,263,14,249,18.06853582554517,6.230529595015576,11.838006230529595,81.93146417445483,4.361370716510903,77.57009345794393
E00134506,285,58,18,40,227,24,203,20.350877192982455,6.315789473684211,14.035087719298245,79.64912280701755,8.421052631578947,71.2280701754386
E00134507,210,60,31,29,150,24,126,28.57142857142857,14.761904761904763,13.80952380952381,71.42857142857143,11.428571428571429,60
E00134508,298,57,25,32,241,15,226,19.12751677852349,8.389261744966444,10.738255033557047,80.87248322147651,5.033557046979865,75.83892617449665
E00134509,332,87,32,55,245,22,223,26.20481927710843,9.63855421686747,16.566265060240966,73.79518072289156,6.626506024096386,67.16867469879519
E00134510,292,50,18,32,242,19,223,17.123287671232877,6.164383561643835,10.95890410958904,82.87671232876713,6.506849315068493,76.36986301369863
E00134511,236,61,36,25,175,15,160,25.847457627118644,15.254237288135593,10.59322033898305,74.15254237288136,6.3559322033898304,67.79661016949152
E00134512,350,48,22,26,302,18,284,13.714285714285715,6.2857142857142865,7.428571428571429,86.28571428571429,5.142857142857142,81.14285714285714
E00134513,359,104,57,47,255,18,237,28.969359331476323,15.87743732590529,13.09192200557103,71.03064066852369,5.013927576601671,66.01671309192201
E00134514,311,46,16,30,265,22,243,14.790996784565916,5.144694533762058,9.646302250803858,85.20900321543408,7.07395498392283,78.13504823151125
E00134515,259,61,28,33,198,14,184,23.552123552123554,10.81081081081081,12.741312741312742,76.44787644787645,5.405405405405405,71.04247104247105
E00134516,295,53,19,34,242,23,219,17.966101694915253,6.440677966101695,11.525423728813559,82.03389830508473,7.796610169491526,74.23728813559322
E00134517,301,41,18,23,260,12,248,13.621262458471762,5.980066445182724,7.641196013289036,86.37873754152824,3.9867109634551494,82.39202657807309
E00134518,291,31,11,20,260,26,234,10.652920962199312,3.7800687285223367,6.872852233676976,89.3470790378007,8.934707903780069,80.41237113402062
E00134519,301,34,9,25,267,20,247,11.295681063122924,2.990033222591362,8.305647840531561,88.70431893687709,6.64451827242525,82.05980066445183
E00134520,199,49,21,28,150,15,135,24.623115577889447,10.552763819095476,14.07035175879397,75.37688442211056,7.537688442211055,67.8391959798995
E00134521,401,57,18,39,344,28,316,14.214463840399002,4.488778054862843,9.72568578553616,85.785536159601,6.982543640897755,78.80299251870323
E00134522,298,39,8,31,259,28,231,13.087248322147651,2.684563758389262,10.40268456375839,86.91275167785236,9.395973154362416,77.51677852348993
E00134523,265,39,16,23,226,20,206,14.716981132075471,6.037735849056604,8.679245283018867,85.28301886792453,7.547169811320755,77.73584905660378
E00134524,318,45,11,34,273,22,251,14.150943396226415,3.459119496855346,10.69182389937107,85.84905660377359,6.918238993710692,78.9308176100629
E00134525,329,34,8,26,295,25,270,10.33434650455927,2.43161094224924,7.90273556231003,89.66565349544074,7.598784194528875,82.06686930091185
E00134526,338,54,22,32,284,23,261,15.976331360946746,6.508875739644971,9.467455621301776,84.02366863905326,6.8047337278106506,77.2189349112426
E00134527,263,49,24,25,214,17,197,18.631178707224336,9.125475285171103,9.505703422053232,81.36882129277566,6.4638783269961975,74.90494296577947
E00134528,300,36,12,24,264,30,234,12,4,8,88,10,78
E00134529,253,33,13,20,220,19,201,13.043478260869565,5.138339920948617,7.905138339920949,86.95652173913044,7.5098814229249005,79.44664031620553
E00134530,285,38,14,24,247,19,228,13.333333333333334,4.912280701754386,8.421052631578947,86.66666666666667,6.666666666666667,80
E00134531,267,34,14,20,233,19,214,12.734082397003746,5.2434456928838955,7.490636704119851,87.26591760299625,7.116104868913857,80.14981273408239
E00134533,256,31,17,14,225,21,204,12.109375,6.640625,5.46875,87.890625,8.203125,79.6875
E00134534,319,54,17,37,265,26,239,16.927899686520377,5.329153605015674,11.598746081504702,83.07210031347962,8.150470219435736,74.92163009404389
E00134535,337,74,19,55,263,31,232,21.958456973293767,5.637982195845697,16.320474777448073,78.04154302670622,9.198813056379821,68.84272997032642
E00134536,325,33,14,19,292,36,256,10.153846153846153,4.3076923076923075,5.846153846153846,89.84615384615384,11.076923076923077,78.76923076923077
E00134537,279,34,11,23,245,25,220,12.186379928315413,3.942652329749104,8.24372759856631,87.81362007168458,8.960573476702509,78.85304659498208
E00134538,404,70,26,44,334,14,320,17.326732673267326,6.435643564356436,10.891089108910892,82.67326732673267,3.4653465346534658,79.20792079207921
E00134540,294,50,23,27,244,23,221,17.006802721088434,7.8231292517006805,9.183673469387756,82.99319727891157,7.8231292517006805,75.17006802721087
E00134541,289,64,36,28,225,22,203,22.145328719723185,12.45674740484429,9.688581314878892,77.85467128027682,7.612456747404845,70.24221453287197
E00134542,309,65,25,40,244,20,224,21.035598705501616,8.090614886731391,12.944983818770226,78.96440129449837,6.472491909385113,72.49190938511327
E00134543,282,40,15,25,242,18,224,14.184397163120568,5.319148936170213,8.865248226950355,85.81560283687944,6.382978723404255,79.43262411347519
E00134544,283,49,20,29,234,15,219,17.314487632508836,7.06713780918728,10.247349823321555,82.68551236749117,5.30035335689046,77.3851590106007
E00134545,355,73,31,42,282,23,259,20.56338028169014,8.732394366197182,11.830985915492958,79.43661971830987,6.478873239436619,72.95774647887325
E00134546,353,73,28,45,280,18,262,20.679886685552407,7.932011331444759,12.747875354107649,79.3201133144476,5.099150141643059,74.22096317280453
E00134547,325,61,24,37,264,13,251,18.76923076923077,7.384615384615385,11.384615384615385,81.23076923076923,4,77.23076923076924
E00134548,335,58,17,41,277,18,259,17.313432835820898,5.074626865671641,12.238805970149254,82.68656716417911,5.3731343283582085,77.31343283582089
E00134549,238,55,24,31,183,16,167,23.10924369747899,10.084033613445378,13.025210084033615,76.89075630252101,6.722689075630252,70.16806722689076
E00134550,356,76,36,40,280,21,259,21.34831460674157,10.112359550561797,11.235955056179774,78.65168539325843,5.8988764044943816,72.75280898876404
E00134551,346,83,33,50,263,18,245,23.98843930635838,9.53757225433526,14.450867052023122,76.01156069364163,5.202312138728324,70.8092485549133
E00134552,259,55,17,38,204,19,185,21.235521235521233,6.563706563706563,14.671814671814673,78.76447876447877,7.335907335907336,71.42857142857143
E00134553,372,84,34,50,288,18,270,22.58064516129032,9.13978494623656,13.440860215053762,77.41935483870968,4.838709677419355,72.58064516129032
E00134554,267,47,14,33,220,19,201,17.60299625468165,5.2434456928838955,12.359550561797752,82.39700374531836,7.116104868913857,75.28089887640449
E00134555,479,86,37,49,393,25,368,17.954070981210858,7.724425887265135,10.22964509394572,82.04592901878914,5.219206680584551,76.82672233820459
E00134556,308,51,18,33,257,18,239,16.558441558441558,5.844155844155844,10.714285714285714,83.44155844155844,5.844155844155844,77.59740259740259
E00134557,314,93,42,51,221,14,207,29.617834394904456,13.375796178343949,16.24203821656051,70.38216560509554,4.45859872611465,65.92356687898089
E00134558,411,94,42,52,317,21,296,22.871046228710462,10.218978102189782,12.652068126520682,77.12895377128953,5.109489051094891,72.01946472019465
E00134559,306,76,36,40,230,17,213,24.836601307189543,11.76470588235294,13.071895424836603,75.16339869281046,5.555555555555555,69.6078431372549
E00134560,319,55,16,39,264,22,242,17.24137931034483,5.015673981191222,12.225705329153605,82.75862068965517,6.896551724137931,75.86206896551724
E00134561,326,59,27,32,267,20,247,18.098159509202453,8.282208588957054,9.815950920245399,81.90184049079755,6.134969325153374,75.76687116564416
E00134562,330,81,39,42,249,21,228,24.545454545454547,11.818181818181818,12.727272727272727,75.45454545454545,6.363636363636363,69.0909090909091
E00134563,340,89,47,42,251,19,232,26.176470588235297,13.823529411764707,12.352941176470589,73.82352941176471,5.588235294117648,68.23529411764706
E00134564,516,130,80,50,386,41,345,25.1937984496124,15.503875968992247,9.689922480620156,74.8062015503876,7.945736434108527,66.86046511627907
E00134565,366,73,30,43,293,28,265,19.94535519125683,8.19672131147541,11.748633879781421,80.05464480874316,7.650273224043716,72.40437158469946
E00134566,463,73,26,47,390,37,353,15.766738660907128,5.615550755939525,10.151187904967603,84.23326133909286,7.991360691144708,76.24190064794817
E00134567,267,42,13,29,225,20,205,15.730337078651685,4.868913857677903,10.861423220973784,84.26966292134831,7.490636704119851,76.77902621722846
E00134568,308,67,19,48,241,26,215,21.753246753246753,6.1688311688311686,15.584415584415584,78.24675324675324,8.441558441558442,69.8051948051948
E00134569,299,48,12,36,251,22,229,16.05351170568562,4.013377926421405,12.040133779264215,83.94648829431438,7.357859531772576,76.58862876254182
E00134570,345,56,16,40,289,40,249,16.231884057971012,4.63768115942029,11.594202898550725,83.76811594202898,11.594202898550725,72.17391304347827
E00134571,288,59,23,36,229,24,205,20.48611111111111,7.986111111111111,12.5,79.51388888888889,8.333333333333332,71.18055555555556
E00134572,289,50,22,28,239,38,201,17.301038062283737,7.612456747404845,9.688581314878892,82.69896193771626,13.148788927335639,69.55017301038062
E00134573,241,69,25,44,172,23,149,28.63070539419087,10.37344398340249,18.25726141078838,71.36929460580913,9.54356846473029,61.82572614107884
E00134574,331,58,22,36,273,32,241,17.522658610271904,6.646525679758309,10.876132930513595,82.4773413897281,9.667673716012084,72.80966767371602
E00134575,373,94,40,54,279,38,241,25.201072386058982,10.723860589812332,14.47721179624665,74.79892761394102,10.187667560321715,64.6112600536193
E00134576,366,55,23,32,311,40,271,15.027322404371585,6.284153005464481,8.743169398907105,84.97267759562843,10.92896174863388,74.04371584699454
E00134577,257,51,18,33,206,19,187,19.844357976653697,7.003891050583658,12.840466926070038,80.1556420233463,7.392996108949417,72.76264591439688
E00134578,328,48,12,36,280,22,258,14.634146341463413,3.6585365853658534,10.975609756097562,85.36585365853658,6.707317073170732,78.65853658536585
E00134579,267,68,25,43,199,18,181,25.468164794007492,9.363295880149813,16.10486891385768,74.53183520599251,6.741573033707865,67.79026217228464
E00134580,289,66,24,42,223,20,203,22.837370242214533,8.304498269896193,14.53287197231834,77.16262975778547,6.920415224913495,70.24221453287197
E00134581,275,64,22,42,211,16,195,23.272727272727273,8,15.272727272727273,76.72727272727272,5.818181818181818,70.9090909090909
E00134582,336,54,23,31,282,28,254,16.071428571428573,6.845238095238096,9.226190476190476,83.92857142857143,8.333333333333332,75.59523809523809
E00134583,288,76,36,40,212,22,190,26.38888888888889,12.5,13.88888888888889,73.61111111111111,7.638888888888889,65.97222222222221
E00134584,272,55,22,33,217,25,192,20.22058823529412,8.088235294117647,12.132352941176471,79.77941176470588,9.191176470588236,70.58823529411765
E00134585,470,81,29,52,389,41,348,17.23404255319149,6.170212765957447,11.063829787234042,82.76595744680851,8.72340425531915,74.04255319148936
E00134586,358,52,22,30,306,40,266,14.52513966480447,6.145251396648044,8.379888268156424,85.47486033519553,11.1731843575419,74.30167597765363
E00134587,387,70,27,43,317,30,287,18.087855297157624,6.976744186046512,11.11111111111111,81.91214470284238,7.751937984496124,74.16020671834626
E00134588,335,59,18,41,276,23,253,17.611940298507463,5.3731343283582085,12.238805970149254,82.38805970149254,6.865671641791045,75.5223880597015
E00134589,387,65,27,38,322,29,293,16.795865633074936,6.976744186046512,9.819121447028424,83.20413436692506,7.493540051679587,75.71059431524549
E00134590,399,61,21,40,338,32,306,15.288220551378446,5.263157894736842,10.025062656641603,84.71177944862156,8.020050125313283,76.69172932330827
E00134591,461,99,37,62,362,42,320,21.475054229934923,8.026030368763557,13.449023861171366,78.52494577006507,9.11062906724512,69.41431670281996
E00134592,264,42,20,22,222,17,205,15.909090909090908,7.575757575757576,8.333333333333332,84.0909090909091,6.4393939393939394,77.65151515151516
E00134593,305,41,14,27,264,24,240,13.442622950819672,4.590163934426229,8.852459016393443,86.55737704918033,7.868852459016394,78.68852459016394
E00134594,440,168,78,90,272,21,251,38.18181818181819,17.727272727272727,20.454545454545457,61.81818181818181,4.772727272727273,57.04545454545455
E00134595,296,78,34,44,218,17,201,26.351351351351347,11.486486486486488,14.864864864864865,73.64864864864865,5.743243243243244,67.9054054054054
E00134596,518,95,41,54,423,35,388,18.33976833976834,7.915057915057915,10.424710424710424,81.66023166023166,6.756756756756757,74.9034749034749
E00134597,276,84,37,47,192,24,168,30.434782608695656,13.405797101449277,17.02898550724638,69.56521739130434,8.695652173913043,60.86956521739131
E00134598,303,50,14,36,253,23,230,16.5016501650165,4.62046204620462,11.881188118811881,83.4983498349835,7.590759075907591,75.9075907590759
E00134601,308,89,40,49,219,25,194,28.8961038961039,12.987012987012985,15.909090909090908,71.1038961038961,8.116883116883116,62.98701298701299
E00134603,245,67,27,40,178,19,159,27.346938775510203,11.020408163265307,16.3265306122449,72.6530612244898,7.755102040816326,64.89795918367346
E00134604,256,61,27,34,195,18,177,23.828125,10.546875,13.28125,76.171875,7.03125,69.140625
E00134606,307,65,25,40,242,22,220,21.172638436482085,8.143322475570033,13.029315960912053,78.82736156351791,7.166123778501629,71.66123778501628
E00134607,261,37,11,26,224,15,209,14.17624521072797,4.21455938697318,9.961685823754788,85.82375478927203,5.747126436781609,80.07662835249042
E00134608,304,50,20,30,254,17,237,16.447368421052634,6.578947368421052,9.868421052631579,83.55263157894737,5.592105263157895,77.96052631578947
E00134609,247,54,21,33,193,16,177,21.86234817813765,8.502024291497975,13.360323886639677,78.13765182186235,6.477732793522267,71.65991902834008
E00134610,309,77,40,37,232,21,211,24.919093851132686,12.944983818770226,11.974110032362459,75.08090614886731,6.796116504854369,68.28478964401295
E00134611,300,71,27,44,229,18,211,23.666666666666668,9,14.666666666666666,76.33333333333333,6,70.33333333333334
E00134612,283,56,28,28,227,21,206,19.78798586572438,9.89399293286219,9.89399293286219,80.21201413427562,7.420494699646643,72.79151943462897
E00134613,396,78,28,50,318,40,278,19.696969696969695,7.07070707070707,12.626262626262626,80.3030303030303,10.1010101010101,70.2020202020202
E00134614,399,60,17,43,339,30,309,15.037593984962406,4.260651629072681,10.776942355889723,84.9624060150376,7.518796992481203,77.44360902255639
E00134615,387,72,35,37,315,23,292,18.6046511627907,9.043927648578812,9.560723514211885,81.3953488372093,5.943152454780361,75.45219638242894
E00134616,311,44,17,27,267,26,241,14.14790996784566,5.466237942122187,8.681672025723474,85.85209003215434,8.360128617363344,77.491961414791
E00134617,324,69,21,48,255,26,229,21.296296296296298,6.481481481481481,14.814814814814813,78.70370370370371,8.024691358024691,70.67901234567901
E00134618,117,19,6,13,98,17,81,16.23931623931624,5.128205128205128,11.11111111111111,83.76068376068376,14.529914529914532,69.23076923076923
E00134619,452,81,27,54,371,33,338,17.920353982300885,5.9734513274336285,11.946902654867257,82.07964601769912,7.300884955752212,74.77876106194691
E00134620,341,65,26,39,276,30,246,19.06158357771261,7.624633431085044,11.436950146627565,80.93841642228739,8.797653958944283,72.14076246334311
E00134621,367,68,21,47,299,26,273,18.52861035422343,5.722070844686648,12.806539509536785,81.47138964577657,7.084468664850137,74.38692098092643
E00134622,396,68,24,44,328,42,286,17.17171717171717,6.0606060606060606,11.11111111111111,82.82828282828282,10.606060606060606,72.22222222222221
E00134623,338,53,20,33,285,33,252,15.680473372781064,5.9171597633136095,9.763313609467456,84.31952662721893,9.763313609467456,74.55621301775149
E00134624,298,53,19,34,245,27,218,17.78523489932886,6.375838926174497,11.409395973154362,82.21476510067114,9.060402684563758,73.15436241610739
E00134625,124,24,6,18,100,8,92,19.35483870967742,4.838709677419355,14.516129032258066,80.64516129032258,6.451612903225806,74.19354838709677
E00134626,354,78,37,41,276,31,245,22.033898305084744,10.451977401129943,11.581920903954803,77.96610169491525,8.757062146892656,69.2090395480226
E00134627,255,63,33,30,192,29,163,24.705882352941178,12.941176470588237,11.76470588235294,75.29411764705883,11.372549019607844,63.921568627450974
E00134628,334,47,27,20,287,32,255,14.071856287425149,8.08383233532934,5.9880239520958085,85.92814371257485,9.580838323353294,76.34730538922156
E00134629,322,64,29,35,258,28,230,19.875776397515526,9.006211180124224,10.869565217391305,80.12422360248446,8.695652173913043,71.42857142857143
E00134630,286,62,33,29,224,21,203,21.678321678321677,11.538461538461538,10.13986013986014,78.32167832167832,7.3426573426573425,70.97902097902097
E00134631,334,67,26,41,267,25,242,20.059880239520957,7.784431137724551,12.275449101796406,79.94011976047905,7.48502994011976,72.45508982035929
E00134632,269,55,21,34,214,20,194,20.44609665427509,7.806691449814126,12.639405204460965,79.5539033457249,7.434944237918216,72.11895910780669
E00134633,262,40,10,30,222,23,199,15.267175572519085,3.816793893129771,11.450381679389313,84.7328244274809,8.778625954198473,75.95419847328245
E00134634,511,85,31,54,426,50,376,16.634050880626223,6.066536203522505,10.567514677103718,83.36594911937377,9.784735812133071,73.5812133072407
E00134635,256,44,16,28,212,19,193,17.1875,6.25,10.9375,82.8125,7.421875,75.390625
E00134636,344,55,25,30,289,29,260,15.988372093023257,7.267441860465117,8.720930232558139,84.01162790697676,8.430232558139535,75.5813953488372
E00134637,327,47,17,30,280,22,258,14.37308868501529,5.198776758409786,9.174311926605505,85.62691131498471,6.727828746177369,78.89908256880734
E00134638,423,68,26,42,355,37,318,16.07565011820331,6.1465721040189125,9.929078014184398,83.92434988179669,8.747044917257684,75.177304964539
E00134639,451,113,38,75,338,47,291,25.055432372505543,8.425720620842572,16.62971175166297,74.94456762749445,10.42128603104213,64.52328159645234
E00134640,223,50,20,30,173,13,160,22.421524663677133,8.968609865470851,13.452914798206278,77.57847533632287,5.829596412556054,71.74887892376681
E00134641,266,77,34,43,189,23,166,28.947368421052634,12.781954887218044,16.165413533834585,71.05263157894737,8.646616541353383,62.40601503759399
E00134642,255,74,33,41,181,18,163,29.01960784313726,12.941176470588237,16.07843137254902,70.98039215686275,7.0588235294117645,63.921568627450974
E00134643,318,77,34,43,241,23,218,24.21383647798742,10.69182389937107,13.522012578616351,75.78616352201259,7.232704402515723,68.55345911949685
E00134644,262,40,14,26,222,32,190,15.267175572519085,5.343511450381679,9.923664122137405,84.7328244274809,12.213740458015266,72.51908396946564
E00134645,263,55,28,27,208,26,182,20.912547528517113,10.646387832699618,10.26615969581749,79.08745247148289,9.885931558935361,69.20152091254754
E00134646,326,65,28,37,261,25,236,19.938650306748464,8.588957055214724,11.349693251533742,80.06134969325154,7.668711656441718,72.39263803680981
E00134647,207,57,29,28,150,12,138,27.536231884057973,14.009661835748794,13.526570048309178,72.46376811594203,5.797101449275362,66.66666666666666
E00169875,259,30,7,23,229,26,203,11.583011583011583,2.7027027027027026,8.880308880308881,88.41698841698842,10.038610038610038,78.37837837837837
E00169876,288,52,20,32,236,27,209,18.055555555555554,6.944444444444445,11.11111111111111,81.94444444444444,9.375,72.56944444444444
E00169877,272,44,14,30,228,34,194,16.176470588235293,5.147058823529411,11.029411764705882,83.82352941176471,12.5,71.32352941176471
E00169878,300,28,6,22,272,26,246,9.333333333333334,2,7.333333333333333,90.66666666666666,8.666666666666668,82
E00169879,508,40,11,29,468,48,420,7.874015748031496,2.1653543307086616,5.708661417322835,92.1259842519685,9.448818897637794,82.67716535433071
E00169880,279,28,6,22,251,11,240,10.03584229390681,2.1505376344086025,7.885304659498208,89.96415770609319,3.942652329749104,86.02150537634408
E00169881,284,27,8,19,257,16,241,9.507042253521126,2.8169014084507045,6.690140845070422,90.49295774647888,5.633802816901409,84.85915492957746
E00169882,297,15,6,9,282,10,272,5.05050505050505,2.0202020202020203,3.0303030303030303,94.94949494949495,3.3670033670033668,91.58249158249158
E00169884,367,46,15,31,321,24,297,12.534059945504087,4.087193460490464,8.446866485013624,87.46594005449592,6.539509536784741,80.92643051771117
E00169885,401,46,15,31,355,31,324,11.471321695760599,3.7406483790523692,7.73067331670823,88.5286783042394,7.73067331670823,80.79800498753117
E00169886,331,47,25,22,284,26,258,14.19939577039275,7.552870090634441,6.646525679758309,85.80060422960725,7.854984894259818,77.94561933534743
E00169887,578,99,52,47,479,32,447,17.1280276816609,8.996539792387544,8.131487889273355,82.8719723183391,5.536332179930796,77.33564013840831
E00169888,591,106,41,65,485,47,438,17.93570219966159,6.937394247038917,10.998307952622675,82.06429780033841,7.952622673434856,74.11167512690355
E00169889,251,56,22,34,195,20,175,22.31075697211155,8.764940239043826,13.545816733067728,77.68924302788844,7.968127490039841,69.7211155378486
E00169890,417,81,36,45,336,19,317,19.424460431654676,8.633093525179856,10.79136690647482,80.57553956834532,4.556354916067146,76.01918465227818
E00169891,138,74,45,29,64,9,55,53.62318840579711,32.608695652173914,21.014492753623188,46.3768115942029,6.521739130434782,39.85507246376812
E00169893,309,47,16,31,262,19,243,15.210355987055015,5.177993527508091,10.032362459546926,84.78964401294499,6.148867313915858,78.64077669902912
E00169894,349,51,19,32,298,31,267,14.613180515759314,5.444126074498568,9.169054441260744,85.38681948424069,8.882521489971348,76.50429799426934
E00169895,363,110,54,56,253,24,229,30.303030303030305,14.87603305785124,15.426997245179063,69.6969696969697,6.6115702479338845,63.08539944903582
E00169896,263,46,18,28,217,22,195,17.490494296577946,6.844106463878327,10.646387832699618,82.50950570342205,8.365019011406844,74.1444866920152
E00169897,301,59,20,39,242,18,224,19.601328903654487,6.64451827242525,12.956810631229235,80.39867109634552,5.980066445182724,74.4186046511628
E00169898,328,59,21,38,269,26,243,17.98780487804878,6.402439024390244,11.585365853658537,82.01219512195121,7.926829268292683,74.08536585365853
E00169899,443,51,22,29,392,27,365,11.512415349887133,4.966139954853273,6.5462753950338595,88.48758465011286,6.094808126410835,82.39277652370203
E00169900,213,51,21,30,162,15,147,23.943661971830984,9.859154929577464,14.084507042253522,76.05633802816901,7.042253521126761,69.01408450704226
E00169901,211,30,3,27,181,21,160,14.218009478672986,1.4218009478672986,12.796208530805686,85.78199052132702,9.95260663507109,75.82938388625593
E00169902,1028,359,129,230,669,83,586,34.92217898832685,12.54863813229572,22.37354085603113,65.07782101167315,8.073929961089494,57.003891050583654
E00169903,438,92,32,60,346,31,315,21.00456621004566,7.30593607305936,13.698630136986301,78.99543378995433,7.077625570776255,71.91780821917808
E00169904,444,80,22,58,364,41,323,18.01801801801802,4.954954954954955,13.063063063063062,81.98198198198197,9.234234234234235,72.74774774774775
E00169905,352,66,28,38,286,21,265,18.75,7.954545454545454,10.795454545454545,81.25,5.965909090909091,75.2840909090909
E00169906,238,56,27,29,182,21,161,23.52941176470588,11.344537815126051,12.184873949579831,76.47058823529412,8.823529411764707,67.64705882352942
E00169907,421,75,31,44,346,35,311,17.81472684085511,7.363420427553444,10.451306413301662,82.18527315914488,8.31353919239905,73.87173396674585
E00187853,395,61,11,50,334,25,309,15.443037974683543,2.7848101265822782,12.658227848101266,84.55696202531645,6.329113924050633,78.22784810126582
E00187854,125,23,16,7,102,6,96,18.4,12.8,5.6000000000000005,81.6,4.8,76.8
E00187855,139,25,14,11,114,12,102,17.985611510791365,10.071942446043165,7.913669064748201,82.01438848920863,8.633093525179856,73.38129496402878
E00187856,370,90,43,47,280,34,246,24.324324324324326,11.621621621621623,12.702702702702704,75.67567567567568,9.18918918918919,66.48648648648648
E00187857,262,60,23,37,202,22,180,22.900763358778626,8.778625954198473,14.122137404580155,77.09923664122137,8.396946564885496,68.70229007633588
E00187862,382,79,34,45,303,43,260,20.680628272251308,8.900523560209423,11.780104712041885,79.31937172774869,11.2565445026178,68.06282722513089
E00187863,307,55,24,31,252,33,219,17.91530944625407,7.81758957654723,10.097719869706841,82.08469055374593,10.749185667752444,71.33550488599349
E00187864,227,88,42,46,139,13,126,38.76651982378855,18.502202643171806,20.26431718061674,61.23348017621145,5.726872246696035,55.50660792951542
E00187865,541,78,31,47,463,38,425,14.417744916820702,5.730129390018484,8.687615526802219,85.58225508317929,7.024029574861368,78.55822550831792
E00187879,107,22,10,12,85,7,78,20.5607476635514,9.345794392523365,11.214953271028037,79.43925233644859,6.5420560747663545,72.89719626168224
E00187885,134,17,6,11,117,10,107,12.686567164179104,4.477611940298507,8.208955223880597,87.31343283582089,7.462686567164178,79.8507462686567
E00187891,330,65,23,42,265,27,238,19.696969696969695,6.969696969696971,12.727272727272727,80.3030303030303,8.181818181818182,72.12121212121212
E00187898,429,69,27,42,360,44,316,16.083916083916083,6.293706293706294,9.79020979020979,83.91608391608392,10.256410256410255,73.65967365967366
E00187900,135,34,19,15,101,12,89,25.185185185185183,14.074074074074074,11.11111111111111,74.81481481481481,8.88888888888889,65.92592592592592
E00187901,570,65,21,44,505,50,455,11.403508771929824,3.684210526315789,7.719298245614035,88.59649122807018,8.771929824561402,79.82456140350878
E00187902,195,39,13,26,156,11,145,20,6.666666666666667,13.333333333333334,80,5.641025641025641,74.35897435897436
E00187907,250,44,20,24,206,16,190,17.599999999999998,8,9.6,82.39999999999999,6.4,76
E00187913,258,31,6,25,227,17,210,12.015503875968992,2.3255813953488373,9.689922480620156,87.98449612403101,6.5891472868217065,81.3953488372093
E00187922,348,55,21,34,293,20,273,15.804597701149426,6.0344827586206895,9.770114942528735,84.19540229885058,5.747126436781609,78.44827586206897
E00187925,353,58,22,36,295,23,272,16.43059490084986,6.232294617563739,10.198300283286118,83.56940509915015,6.515580736543909,77.05382436260622
E00187927,153,20,5,15,133,15,118,13.071895424836603,3.2679738562091507,9.803921568627452,86.9281045751634,9.803921568627452,77.12418300653596
E00187930,170,30,10,20,140,7,133,17.647058823529413,5.88235294117647,11.76470588235294,82.35294117647058,4.117647058823529,78.23529411764706
E00187934,232,24,10,14,208,21,187,10.344827586206897,4.310344827586207,6.0344827586206895,89.65517241379311,9.051724137931034,80.60344827586206
E00187941,445,91,45,46,354,29,325,20.44943820224719,10.112359550561797,10.337078651685392,79.5505617977528,6.51685393258427,73.03370786516854
E00187951,136,16,4,12,120,14,106,11.76470588235294,2.941176470588235,8.823529411764707,88.23529411764706,10.294117647058822,77.94117647058823
E00187953,162,24,5,19,138,16,122,14.814814814814813,3.0864197530864197,11.728395061728394,85.18518518518519,9.876543209876543,75.30864197530865
E00187960,293,22,10,12,271,18,253,7.508532423208192,3.4129692832764507,4.09556313993174,92.4914675767918,6.143344709897611,86.3481228668942
E00187972,479,97,30,67,382,40,342,20.250521920668056,6.263048016701461,13.987473903966595,79.74947807933194,8.350730688935283,71.39874739039665
E00187982,285,64,26,38,221,21,200,22.45614035087719,9.12280701754386,13.333333333333334,77.54385964912281,7.368421052631578,70.17543859649122
E00187985,103,30,14,16,73,5,68,29.126213592233007,13.592233009708737,15.53398058252427,70.87378640776699,4.854368932038835,66.01941747572816
E00187992,314,36,11,25,278,30,248,11.464968152866243,3.5031847133757963,7.961783439490445,88.53503184713377,9.554140127388536,78.98089171974523
E00187993,375,39,14,25,336,21,315,10.4,3.733333333333334,6.666666666666667,89.60000000000001,5.6000000000000005,84
E00188004,167,35,15,20,132,16,116,20.958083832335326,8.982035928143713,11.976047904191617,79.04191616766467,9.580838323353294,69.46107784431138
E00188005,307,84,51,33,223,27,196,27.36156351791531,16.612377850162865,10.749185667752444,72.63843648208469,8.794788273615636,63.84364820846905
E00188011,197,13,4,9,184,9,175,6.598984771573605,2.030456852791878,4.568527918781726,93.4010152284264,4.568527918781726,88.83248730964468
E00188013,499,106,51,55,393,38,355,21.24248496993988,10.220440881763528,11.022044088176353,78.75751503006012,7.615230460921844,71.14228456913828
E00188014,254,38,18,20,216,23,193,14.960629921259844,7.086614173228346,7.874015748031496,85.03937007874016,9.05511811023622,75.98425196850394
E00188016,596,71,23,48,525,30,495,11.912751677852349,3.859060402684564,8.053691275167784,88.08724832214764,5.033557046979865,83.05369127516778
