OA,ts0590001,ts0590002,ts0590003,ts0590004,ts0590005,ts0590006,ts0590007,ts0590002_PCT,ts0590003_PCT,ts0590004_PCT,ts0590005_PCT,ts0590006_PCT,ts0590007_PCT
E00088976,212,68,21,47,144,121,23,32.075471698113205,9.90566037735849,22.169811320754718,67.9245283018868,57.07547169811321,10.849056603773585
E00088977,143,48,16,32,95,84,11,33.56643356643357,11.188811188811188,22.377622377622377,66.43356643356644,58.74125874125874,7.6923076923076925
E00088978,187,52,21,31,135,108,27,27.807486631016044,11.229946524064172,16.577540106951872,72.19251336898395,57.75401069518716,14.43850267379679
E00088979,201,59,29,30,142,113,29,29.35323383084577,14.427860696517413,14.925373134328357,70.64676616915423,56.21890547263681,14.427860696517413
E00088981,71,32,12,20,39,32,7,45.07042253521127,16.901408450704224,28.169014084507044,54.929577464788736,45.07042253521127,9.859154929577464
E00088982,126,50,18,32,76,66,10,39.682539682539684,14.285714285714285,25.396825396825395,60.317460317460316,52.38095238095239,7.936507936507936
E00088983,218,70,25,45,148,117,31,32.11009174311927,11.46788990825688,20.642201834862387,67.88990825688074,53.669724770642205,14.220183486238533
E00088984,180,47,21,26,133,115,18,26.111111111111114,11.666666666666666,14.444444444444443,73.88888888888889,63.888888888888886,10
E00088985,311,90,32,58,221,158,63,28.938906752411576,10.289389067524116,18.64951768488746,71.06109324758843,50.80385852090033,20.257234726688104
E00088986,185,67,30,37,118,90,28,36.21621621621622,16.216216216216218,20,63.78378378378379,48.64864864864865,15.135135135135137
E00088987,201,53,21,32,148,114,34,26.368159203980102,10.44776119402985,15.92039800995025,73.6318407960199,56.71641791044776,16.91542288557214
E00088988,75,28,10,18,47,30,17,37.333333333333336,13.333333333333334,24,62.66666666666667,40,22.666666666666664
E00088989,160,51,19,32,109,82,27,31.874999999999996,11.875,20,68.125,51.24999999999999,16.875
E00088991,159,51,15,36,108,89,19,32.075471698113205,9.433962264150944,22.641509433962266,67.9245283018868,55.9748427672956,11.949685534591195
E00088992,154,51,26,25,103,74,29,33.116883116883116,16.883116883116884,16.233766233766232,66.88311688311688,48.05194805194805,18.83116883116883
E00088993,173,49,15,34,124,110,14,28.32369942196532,8.670520231213873,19.653179190751445,71.67630057803468,63.58381502890174,8.092485549132949
E00088994,148,35,12,23,113,101,12,23.64864864864865,8.108108108108109,15.54054054054054,76.35135135135135,68.24324324324324,8.108108108108109
E00088995,139,42,15,27,97,82,15,30.215827338129497,10.79136690647482,19.424460431654676,69.7841726618705,58.992805755395686,10.79136690647482
E00088996,166,61,24,37,105,86,19,36.74698795180723,14.457831325301203,22.289156626506024,63.25301204819277,51.80722891566265,11.44578313253012
E00088997,138,47,20,27,91,73,18,34.05797101449276,14.492753623188406,19.565217391304348,65.94202898550725,52.89855072463768,13.043478260869565
E00088998,153,44,21,23,109,90,19,28.75816993464052,13.725490196078432,15.032679738562091,71.24183006535948,58.82352941176471,12.418300653594772
E00088999,116,40,18,22,76,62,14,34.48275862068966,15.517241379310345,18.96551724137931,65.51724137931035,53.44827586206896,12.068965517241379
E00089000,112,37,15,22,75,66,9,33.035714285714285,13.392857142857142,19.642857142857142,66.96428571428571,58.92857142857143,8.035714285714286
E00089001,151,63,27,36,88,58,30,41.72185430463576,17.880794701986755,23.841059602649008,58.27814569536424,38.41059602649007,19.867549668874172
E00089005,143,42,6,36,101,88,13,29.37062937062937,4.195804195804196,25.174825174825177,70.62937062937063,61.53846153846154,9.090909090909092
E00089006,212,44,19,25,168,143,25,20.754716981132077,8.962264150943396,11.79245283018868,79.24528301886792,67.45283018867924,11.79245283018868
E00089007,233,52,28,24,181,156,25,22.317596566523605,12.017167381974248,10.300429184549357,77.6824034334764,66.95278969957081,10.72961373390558
E00089008,143,38,7,31,105,97,8,26.573426573426573,4.895104895104895,21.678321678321677,73.42657342657343,67.83216783216784,5.594405594405594
E00089009,254,57,26,31,197,176,21,22.440944881889763,10.236220472440944,12.204724409448819,77.55905511811024,69.29133858267717,8.267716535433072
E00089011,180,44,15,29,136,114,22,24.444444444444443,8.333333333333332,16.11111111111111,75.55555555555556,63.33333333333333,12.222222222222221
E00089013,68,16,7,9,52,40,12,23.52941176470588,10.294117647058822,13.23529411764706,76.47058823529412,58.82352941176471,17.647058823529413
E00089014,136,42,15,27,94,78,16,30.88235294117647,11.029411764705882,19.852941176470587,69.11764705882352,57.35294117647059,11.76470588235294
E00089015,144,38,11,27,106,87,19,26.38888888888889,7.638888888888889,18.75,73.61111111111111,60.416666666666664,13.194444444444445
E00089016,174,66,20,46,108,89,19,37.93103448275862,11.494252873563218,26.436781609195403,62.06896551724138,51.14942528735632,10.919540229885058
E00089017,168,48,11,37,120,104,16,28.57142857142857,6.547619047619048,22.023809523809522,71.42857142857143,61.904761904761905,9.523809523809524
E00089018,155,46,19,27,109,85,24,29.677419354838708,12.258064516129032,17.419354838709676,70.3225806451613,54.83870967741935,15.483870967741936
E00089019,150,49,18,31,101,88,13,32.666666666666664,12,20.666666666666668,67.33333333333333,58.666666666666664,8.666666666666668
E00089020,111,23,11,12,88,72,16,20.72072072072072,9.90990990990991,10.81081081081081,79.27927927927928,64.86486486486487,14.414414414414415
E00089021,146,50,20,30,96,83,13,34.24657534246575,13.698630136986301,20.54794520547945,65.75342465753424,56.849315068493155,8.904109589041095
E00089022,140,39,17,22,101,89,12,27.857142857142858,12.142857142857142,15.714285714285714,72.14285714285714,63.57142857142857,8.571428571428571
E00089023,161,52,21,31,109,90,19,32.298136645962735,13.043478260869565,19.25465838509317,67.70186335403726,55.90062111801242,11.801242236024844
E00089024,120,31,10,21,89,80,9,25.833333333333336,8.333333333333332,17.5,74.16666666666667,66.66666666666666,7.5
E00089025,160,46,22,24,114,93,21,28.749999999999996,13.750000000000002,15,71.25,58.12500000000001,13.125
E00089026,148,42,13,29,106,79,27,28.37837837837838,8.783783783783784,19.594594594594593,71.62162162162163,53.37837837837838,18.243243243243242
E00089027,128,37,16,21,91,83,8,28.90625,12.5,16.40625,71.09375,64.84375,6.25
E00089028,155,46,20,26,109,74,35,29.677419354838708,12.903225806451612,16.7741935483871,70.3225806451613,47.74193548387097,22.58064516129032
E00089029,174,52,22,30,122,107,15,29.88505747126437,12.643678160919542,17.24137931034483,70.11494252873564,61.49425287356321,8.620689655172415
E00089030,161,43,22,21,118,99,19,26.70807453416149,13.664596273291925,13.043478260869565,73.29192546583852,61.49068322981367,11.801242236024844
E00089031,156,44,17,27,112,98,14,28.205128205128204,10.897435897435898,17.307692307692307,71.7948717948718,62.82051282051282,8.974358974358974
E00089032,146,50,19,31,96,80,16,34.24657534246575,13.013698630136986,21.232876712328768,65.75342465753424,54.794520547945204,10.95890410958904
E00089033,165,42,18,24,123,98,25,25.454545454545453,10.909090909090908,14.545454545454545,74.54545454545455,59.3939393939394,15.151515151515152
E00089034,92,28,4,24,64,50,14,30.434782608695656,4.3478260869565215,26.08695652173913,69.56521739130434,54.347826086956516,15.217391304347828
E00089035,139,36,15,21,103,87,16,25.899280575539567,10.79136690647482,15.107913669064748,74.10071942446042,62.589928057553955,11.510791366906476
E00089036,180,55,18,37,125,107,18,30.555555555555557,10,20.555555555555554,69.44444444444444,59.44444444444444,10
E00089037,171,53,23,30,118,98,20,30.994152046783626,13.450292397660817,17.543859649122805,69.00584795321637,57.30994152046783,11.695906432748536
E00089038,132,34,13,21,98,79,19,25.757575757575758,9.848484848484848,15.909090909090908,74.24242424242425,59.84848484848485,14.393939393939394
E00089039,186,58,23,35,128,113,15,31.182795698924732,12.365591397849462,18.817204301075268,68.81720430107528,60.752688172043015,8.064516129032258
E00089040,126,42,19,23,84,69,15,33.33333333333333,15.079365079365079,18.253968253968253,66.66666666666666,54.761904761904766,11.904761904761903
E00089041,146,39,13,26,107,92,15,26.71232876712329,8.904109589041095,17.80821917808219,73.28767123287672,63.013698630136986,10.273972602739725
E00089042,142,46,16,30,96,89,7,32.3943661971831,11.267605633802818,21.12676056338028,67.6056338028169,62.676056338028175,4.929577464788732
E00089043,249,49,13,36,200,176,24,19.67871485943775,5.220883534136546,14.457831325301203,80.32128514056225,70.68273092369478,9.63855421686747
E00089044,185,49,17,32,136,101,35,26.486486486486488,9.18918918918919,17.2972972972973,73.51351351351352,54.59459459459459,18.91891891891892
E00089045,136,42,23,19,94,75,19,30.88235294117647,16.911764705882355,13.970588235294118,69.11764705882352,55.14705882352941,13.970588235294118
E00089047,153,47,22,25,106,84,22,30.718954248366014,14.37908496732026,16.33986928104575,69.28104575163398,54.90196078431373,14.37908496732026
E00089048,83,25,12,13,58,43,15,30.120481927710845,14.457831325301203,15.66265060240964,69.87951807228916,51.80722891566265,18.072289156626507
E00089049,116,40,21,19,76,56,20,34.48275862068966,18.103448275862068,16.379310344827587,65.51724137931035,48.275862068965516,17.24137931034483
E00089050,146,40,18,22,106,82,24,27.397260273972602,12.32876712328767,15.068493150684931,72.6027397260274,56.16438356164384,16.43835616438356
E00089051,131,38,17,21,93,68,25,29.00763358778626,12.977099236641221,16.030534351145036,70.99236641221374,51.908396946564885,19.083969465648856
E00089052,168,51,20,31,117,84,33,30.357142857142854,11.904761904761903,18.452380952380953,69.64285714285714,50,19.642857142857142
E00089053,170,49,26,23,121,81,40,28.823529411764703,15.294117647058824,13.529411764705882,71.17647058823529,47.647058823529406,23.52941176470588
E00089054,185,52,19,33,133,100,33,28.10810810810811,10.27027027027027,17.83783783783784,71.89189189189189,54.054054054054056,17.83783783783784
E00089055,208,50,21,29,158,112,46,24.03846153846154,10.096153846153847,13.942307692307693,75.96153846153845,53.84615384615385,22.115384615384613
E00089056,159,45,14,31,114,92,22,28.30188679245283,8.80503144654088,19.49685534591195,71.69811320754717,57.861635220125784,13.836477987421384
E00089057,175,50,21,29,125,108,17,28.57142857142857,12,16.57142857142857,71.42857142857143,61.71428571428571,9.714285714285714
E00089058,169,42,14,28,127,110,17,24.85207100591716,8.284023668639055,16.56804733727811,75.14792899408283,65.08875739644971,10.059171597633137
E00089059,157,40,14,26,117,98,19,25.477707006369428,8.9171974522293,16.560509554140125,74.52229299363057,62.42038216560509,12.101910828025478
E00089060,146,43,13,30,103,89,14,29.45205479452055,8.904109589041095,20.54794520547945,70.54794520547945,60.95890410958904,9.58904109589041
E00089061,125,33,15,18,92,73,19,26.400000000000002,12,14.399999999999999,73.6,58.4,15.2
E00089062,124,41,19,22,83,72,11,33.064516129032256,15.32258064516129,17.741935483870968,66.93548387096774,58.06451612903226,8.870967741935484
E00089063,183,48,17,31,135,113,22,26.229508196721312,9.289617486338798,16.939890710382514,73.77049180327869,61.74863387978142,12.021857923497267
E00089064,72,24,12,12,48,41,7,33.33333333333333,16.666666666666664,16.666666666666664,66.66666666666666,56.94444444444444,9.722222222222223
E00089066,135,39,11,28,96,81,15,28.888888888888886,8.148148148148149,20.74074074074074,71.11111111111111,60,11.11111111111111
E00089067,184,61,22,39,123,103,20,33.15217391304348,11.956521739130435,21.195652173913043,66.84782608695652,55.97826086956522,10.869565217391305
E00089068,129,38,17,21,91,69,22,29.457364341085274,13.178294573643413,16.27906976744186,70.54263565891473,53.48837209302325,17.05426356589147
E00089069,114,33,10,23,81,71,10,28.947368421052634,8.771929824561402,20.175438596491226,71.05263157894737,62.28070175438597,8.771929824561402
E00089070,118,30,16,14,88,69,19,25.423728813559322,13.559322033898304,11.864406779661017,74.57627118644068,58.47457627118644,16.101694915254235
E00089071,111,30,15,15,81,61,20,27.027027027027028,13.513513513513514,13.513513513513514,72.97297297297297,54.95495495495496,18.01801801801802
E00089072,122,37,11,26,85,72,13,30.327868852459016,9.01639344262295,21.311475409836063,69.67213114754098,59.01639344262295,10.655737704918032
E00089073,153,44,19,25,109,97,12,28.75816993464052,12.418300653594772,16.33986928104575,71.24183006535948,63.39869281045751,7.8431372549019605
E00089074,150,59,27,32,91,82,9,39.33333333333333,18,21.333333333333336,60.66666666666667,54.666666666666664,6
E00089075,172,53,18,35,119,97,22,30.813953488372093,10.465116279069768,20.348837209302324,69.18604651162791,56.395348837209305,12.790697674418606
E00089076,159,43,14,29,116,98,18,27.044025157232703,8.80503144654088,18.238993710691823,72.95597484276729,61.63522012578616,11.320754716981133
E00089077,177,55,25,30,122,106,16,31.07344632768362,14.124293785310735,16.94915254237288,68.92655367231639,59.887005649717516,9.03954802259887
E00089078,212,62,26,36,150,132,18,29.245283018867923,12.264150943396226,16.9811320754717,70.75471698113208,62.264150943396224,8.49056603773585
E00089079,158,38,7,31,120,97,23,24.050632911392405,4.430379746835443,19.62025316455696,75.9493670886076,61.39240506329114,14.556962025316455
E00089080,175,52,24,28,123,102,21,29.714285714285715,13.714285714285715,16,70.28571428571428,58.285714285714285,12
E00089081,177,45,15,30,132,108,24,25.423728813559322,8.47457627118644,16.94915254237288,74.57627118644068,61.016949152542374,13.559322033898304
E00089082,162,47,12,35,115,94,21,29.01234567901235,7.4074074074074066,21.604938271604937,70.98765432098766,58.0246913580247,12.962962962962962
E00089084,164,47,19,28,117,95,22,28.65853658536585,11.585365853658537,17.073170731707318,71.34146341463415,57.92682926829268,13.414634146341465
E00089085,150,36,7,29,114,99,15,24,4.666666666666667,19.333333333333332,76,66,10
E00089087,148,45,11,34,103,82,21,30.405405405405407,7.4324324324324325,22.972972972972975,69.5945945945946,55.4054054054054,14.18918918918919
E00089088,175,57,27,30,118,92,26,32.57142857142858,15.428571428571427,17.142857142857142,67.42857142857143,52.57142857142857,14.857142857142858
E00089090,138,34,11,23,104,90,14,24.637681159420293,7.971014492753622,16.666666666666664,75.36231884057972,65.21739130434783,10.144927536231885
E00089091,62,16,6,10,46,35,11,25.806451612903224,9.67741935483871,16.129032258064516,74.19354838709677,56.451612903225815,17.741935483870968
E00089092,203,63,22,41,140,119,21,31.03448275862069,10.83743842364532,20.19704433497537,68.96551724137932,58.620689655172406,10.344827586206897
E00089093,176,60,29,31,116,100,16,34.090909090909086,16.477272727272727,17.613636363636363,65.9090909090909,56.81818181818182,9.090909090909092
E00089094,89,30,11,19,59,51,8,33.70786516853933,12.359550561797752,21.34831460674157,66.29213483146067,57.30337078651685,8.98876404494382
E00089095,126,40,13,27,86,70,16,31.746031746031743,10.317460317460316,21.428571428571427,68.25396825396825,55.55555555555556,12.698412698412698
E00089096,112,38,11,27,74,61,13,33.92857142857143,9.821428571428571,24.107142857142858,66.07142857142857,54.46428571428571,11.607142857142858
E00089097,66,27,12,15,39,28,11,40.909090909090914,18.181818181818183,22.727272727272727,59.09090909090909,42.42424242424242,16.666666666666664
E00089098,146,44,17,27,102,77,25,30.136986301369863,11.643835616438356,18.493150684931507,69.86301369863014,52.73972602739726,17.123287671232877
E00089099,238,57,19,38,181,150,31,23.949579831932773,7.9831932773109235,15.966386554621847,76.05042016806722,63.02521008403361,13.025210084033615
E00089100,191,53,24,29,138,109,29,27.748691099476442,12.56544502617801,15.18324607329843,72.25130890052355,57.06806282722513,15.18324607329843
E00089101,169,50,20,30,119,99,20,29.585798816568047,11.834319526627219,17.75147928994083,70.41420118343196,58.57988165680473,11.834319526627219
E00089102,174,47,21,26,127,100,27,27.011494252873565,12.068965517241379,14.942528735632186,72.98850574712644,57.47126436781609,15.517241379310345
E00089103,161,46,18,28,115,98,17,28.57142857142857,11.180124223602485,17.391304347826086,71.42857142857143,60.86956521739131,10.559006211180124
E00089104,159,45,13,32,114,99,15,28.30188679245283,8.176100628930817,20.125786163522015,71.69811320754717,62.264150943396224,9.433962264150944
E00089105,139,43,15,28,96,80,16,30.935251798561154,10.79136690647482,20.14388489208633,69.06474820143885,57.55395683453237,11.510791366906476
E00089106,149,35,8,27,114,103,11,23.48993288590604,5.369127516778524,18.120805369127517,76.51006711409396,69.12751677852349,7.38255033557047
E00089107,142,33,8,25,109,100,9,23.239436619718308,5.633802816901409,17.6056338028169,76.76056338028168,70.4225352112676,6.338028169014084
E00089108,242,65,24,41,177,151,26,26.859504132231404,9.917355371900827,16.94214876033058,73.14049586776859,62.396694214876035,10.743801652892563
E00089109,185,48,16,32,137,121,16,25.945945945945947,8.64864864864865,17.2972972972973,74.05405405405405,65.4054054054054,8.64864864864865
E00089110,182,44,14,30,138,122,16,24.175824175824175,7.6923076923076925,16.483516483516482,75.82417582417582,67.03296703296702,8.791208791208792
E00089111,162,35,10,25,127,108,19,21.604938271604937,6.172839506172839,15.432098765432098,78.39506172839506,66.66666666666666,11.728395061728394
E00089112,171,45,21,24,126,112,14,26.31578947368421,12.280701754385964,14.035087719298245,73.68421052631578,65.49707602339181,8.187134502923977
E00089113,196,79,31,48,117,104,13,40.30612244897959,15.816326530612246,24.489795918367346,59.693877551020414,53.06122448979592,6.63265306122449
E00089114,85,17,8,9,68,61,7,20,9.411764705882353,10.588235294117647,80,71.76470588235294,8.235294117647058
E00089115,163,52,27,25,111,92,19,31.901840490797547,16.56441717791411,15.337423312883436,68.09815950920245,56.44171779141104,11.65644171779141
E00089116,254,67,23,44,187,171,16,26.37795275590551,9.05511811023622,17.322834645669293,73.62204724409449,67.32283464566929,6.299212598425196
E00089117,155,42,9,33,113,105,8,27.09677419354839,5.806451612903226,21.29032258064516,72.90322580645162,67.74193548387096,5.161290322580645
E00089118,140,40,12,28,100,90,10,28.57142857142857,8.571428571428571,20,71.42857142857143,64.28571428571429,7.142857142857142
E00089119,203,42,11,31,161,136,25,20.689655172413794,5.41871921182266,15.270935960591133,79.3103448275862,66.99507389162561,12.31527093596059
E00089120,156,36,14,22,120,101,19,23.076923076923077,8.974358974358974,14.102564102564102,76.92307692307693,64.74358974358975,12.179487179487179
E00089121,198,45,19,26,153,124,29,22.727272727272727,9.595959595959595,13.131313131313133,77.27272727272727,62.62626262626263,14.646464646464647
E00089122,156,34,11,23,122,113,9,21.794871794871796,7.051282051282051,14.743589743589745,78.2051282051282,72.43589743589743,5.769230769230769
E00089124,164,36,15,21,128,114,14,21.951219512195124,9.146341463414634,12.804878048780488,78.04878048780488,69.51219512195121,8.536585365853659
E00089125,195,48,16,32,147,116,31,24.615384615384617,8.205128205128204,16.41025641025641,75.38461538461539,59.48717948717949,15.897435897435896
E00089126,190,60,22,38,130,101,29,31.57894736842105,11.578947368421053,20,68.42105263157895,53.1578947368421,15.263157894736842
E00089127,144,44,19,25,100,78,22,30.555555555555557,13.194444444444445,17.36111111111111,69.44444444444444,54.166666666666664,15.277777777777779
E00089128,191,54,27,27,137,106,31,28.272251308900525,14.136125654450263,14.136125654450263,71.72774869109948,55.497382198952884,16.230366492146597
E00089129,292,80,34,46,212,166,46,27.397260273972602,11.643835616438356,15.753424657534246,72.6027397260274,56.849315068493155,15.753424657534246
E00089130,142,41,18,23,101,85,16,28.87323943661972,12.676056338028168,16.19718309859155,71.12676056338029,59.859154929577464,11.267605633802818
E00089131,66,23,9,14,43,35,8,34.84848484848485,13.636363636363635,21.21212121212121,65.15151515151516,53.03030303030303,12.121212121212121
E00089132,114,40,13,27,74,58,16,35.08771929824561,11.403508771929824,23.684210526315788,64.91228070175438,50.877192982456144,14.035087719298245
E00089133,164,64,33,31,100,77,23,39.02439024390244,20.121951219512198,18.902439024390244,60.97560975609756,46.95121951219512,14.02439024390244
E00089134,168,60,18,42,108,89,19,35.714285714285715,10.714285714285714,25,64.28571428571429,52.976190476190474,11.30952380952381
E00089135,145,44,20,24,101,77,24,30.344827586206897,13.793103448275861,16.551724137931036,69.6551724137931,53.103448275862064,16.551724137931036
E00089136,125,34,10,24,91,75,16,27.200000000000003,8,19.2,72.8,60,12.8
E00089137,152,30,8,22,122,106,16,19.736842105263158,5.263157894736842,14.473684210526317,80.26315789473685,69.73684210526315,10.526315789473683
E00089138,142,48,16,32,94,81,13,33.80281690140845,11.267605633802818,22.535211267605636,66.19718309859155,57.04225352112676,9.15492957746479
E00089139,204,46,17,29,158,133,25,22.54901960784314,8.333333333333332,14.215686274509803,77.45098039215686,65.19607843137256,12.254901960784313
E00089140,147,55,15,40,92,75,17,37.41496598639456,10.204081632653061,27.2108843537415,62.585034013605444,51.02040816326531,11.564625850340136
E00089141,178,49,14,35,129,109,20,27.52808988764045,7.865168539325842,19.662921348314608,72.47191011235955,61.23595505617978,11.235955056179774
E00089142,183,62,24,38,121,105,16,33.87978142076503,13.114754098360656,20.76502732240437,66.12021857923497,57.377049180327866,8.743169398907105
E00089143,135,38,16,22,97,85,12,28.14814814814815,11.851851851851853,16.296296296296298,71.85185185185186,62.96296296296296,8.88888888888889
E00089144,161,60,19,41,101,87,14,37.267080745341616,11.801242236024844,25.465838509316768,62.732919254658384,54.037267080745345,8.695652173913043
E00089145,155,59,18,41,96,83,13,38.064516129032256,11.612903225806452,26.451612903225808,61.935483870967744,53.5483870967742,8.38709677419355
E00089146,174,48,16,32,126,107,19,27.586206896551722,9.195402298850574,18.39080459770115,72.41379310344827,61.49425287356321,10.919540229885058
E00089147,134,42,14,28,92,87,5,31.343283582089555,10.44776119402985,20.8955223880597,68.65671641791045,64.92537313432835,3.731343283582089
E00089148,147,37,17,20,110,96,14,25.170068027210885,11.564625850340136,13.60544217687075,74.82993197278913,65.3061224489796,9.523809523809524
E00089149,133,61,22,39,72,66,6,45.86466165413533,16.541353383458645,29.32330827067669,54.13533834586466,49.62406015037594,4.511278195488721
E00089150,198,58,17,41,140,122,18,29.292929292929294,8.585858585858585,20.707070707070706,70.70707070707071,61.61616161616161,9.090909090909092
E00089151,200,53,20,33,147,125,22,26.5,10,16.5,73.5,62.5,11
E00089152,158,43,18,25,115,101,14,27.21518987341772,11.39240506329114,15.822784810126583,72.78481012658227,63.92405063291139,8.860759493670885
E00089153,158,47,22,25,111,91,20,29.746835443037973,13.924050632911392,15.822784810126583,70.25316455696202,57.59493670886076,12.658227848101266
E00089154,162,26,7,19,136,123,13,16.049382716049383,4.320987654320987,11.728395061728394,83.9506172839506,75.92592592592592,8.024691358024691
E00089155,156,43,13,30,113,104,9,27.564102564102566,8.333333333333332,19.230769230769234,72.43589743589743,66.66666666666666,5.769230769230769
E00089156,157,60,25,35,97,77,20,38.21656050955414,15.92356687898089,22.29299363057325,61.78343949044586,49.044585987261144,12.738853503184714
E00089157,170,55,15,40,115,99,16,32.35294117647059,8.823529411764707,23.52941176470588,67.64705882352942,58.235294117647065,9.411764705882353
E00089158,177,54,25,29,123,98,25,30.508474576271187,14.124293785310735,16.38418079096045,69.49152542372882,55.367231638418076,14.124293785310735
E00089159,161,34,9,25,127,109,18,21.11801242236025,5.590062111801243,15.527950310559005,78.88198757763976,67.70186335403726,11.180124223602485
E00089160,131,16,0,16,115,95,20,12.213740458015266,0,12.213740458015266,87.78625954198473,72.51908396946564,15.267175572519085
E00089161,159,45,20,25,114,93,21,28.30188679245283,12.578616352201259,15.723270440251572,71.69811320754717,58.490566037735846,13.20754716981132
E00089162,167,42,12,30,125,105,20,25.149700598802394,7.18562874251497,17.964071856287426,74.8502994011976,62.874251497005986,11.976047904191617
E00089163,155,31,10,21,124,100,24,20,6.451612903225806,13.548387096774196,80,64.51612903225806,15.483870967741936
E00089164,141,35,12,23,106,93,13,24.822695035460992,8.51063829787234,16.312056737588655,75.177304964539,65.95744680851064,9.219858156028367
E00089165,172,34,14,20,138,120,18,19.767441860465116,8.13953488372093,11.627906976744185,80.23255813953489,69.76744186046511,10.465116279069768
E00089166,140,44,17,27,96,86,10,31.428571428571427,12.142857142857142,19.28571428571429,68.57142857142857,61.42857142857143,7.142857142857142
E00089167,146,48,17,31,98,82,16,32.87671232876712,11.643835616438356,21.232876712328768,67.12328767123287,56.16438356164384,10.95890410958904
E00089168,206,58,18,40,148,128,20,28.155339805825243,8.737864077669903,19.41747572815534,71.84466019417476,62.13592233009708,9.70873786407767
E00089169,174,34,12,22,140,123,17,19.54022988505747,6.896551724137931,12.643678160919542,80.45977011494253,70.6896551724138,9.770114942528735
E00089170,151,38,8,30,113,101,12,25.165562913907287,5.298013245033113,19.867549668874172,74.83443708609272,66.88741721854305,7.9470198675496695
E00089171,174,52,15,37,122,110,12,29.88505747126437,8.620689655172415,21.26436781609195,70.11494252873564,63.2183908045977,6.896551724137931
E00089172,172,46,15,31,126,114,12,26.744186046511626,8.720930232558139,18.023255813953487,73.25581395348837,66.27906976744185,6.976744186046512
E00089173,138,35,9,26,103,86,17,25.36231884057971,6.521739130434782,18.84057971014493,74.63768115942028,62.31884057971014,12.318840579710146
E00089174,268,73,21,52,195,171,24,27.238805970149254,7.835820895522389,19.402985074626866,72.76119402985076,63.80597014925373,8.955223880597014
E00089175,154,50,20,30,104,100,4,32.467532467532465,12.987012987012985,19.480519480519483,67.53246753246754,64.93506493506493,2.5974025974025974
E00089176,265,56,22,34,209,190,19,21.132075471698116,8.30188679245283,12.830188679245284,78.8679245283019,71.69811320754717,7.169811320754717
E00089178,183,30,9,21,153,131,22,16.39344262295082,4.918032786885246,11.475409836065573,83.60655737704919,71.58469945355192,12.021857923497267
E00089179,129,39,15,24,90,74,16,30.23255813953488,11.627906976744185,18.6046511627907,69.76744186046511,57.36434108527132,12.4031007751938
E00089181,167,41,13,28,126,110,16,24.550898203592812,7.784431137724551,16.766467065868262,75.44910179640718,65.86826347305389,9.580838323353294
E00089182,146,43,9,34,103,90,13,29.45205479452055,6.164383561643835,23.28767123287671,70.54794520547945,61.64383561643836,8.904109589041095
E00089183,157,49,11,38,108,89,19,31.210191082802545,7.006369426751593,24.203821656050955,68.78980891719745,56.68789808917197,12.101910828025478
E00089184,180,58,11,47,122,110,12,32.22222222222222,6.111111111111111,26.111111111111114,67.77777777777779,61.111111111111114,6.666666666666667
E00089185,168,59,25,34,109,90,19,35.11904761904761,14.880952380952381,20.238095238095237,64.88095238095238,53.57142857142857,11.30952380952381
E00089186,181,63,33,30,118,86,32,34.806629834254146,18.23204419889503,16.574585635359114,65.19337016574586,47.51381215469613,17.67955801104972
E00089187,145,58,24,34,87,62,25,40,16.551724137931036,23.448275862068964,60,42.758620689655174,17.24137931034483
E00089188,155,41,16,25,114,84,30,26.451612903225808,10.32258064516129,16.129032258064516,73.54838709677419,54.19354838709678,19.35483870967742
E00089189,121,42,18,24,79,64,15,34.710743801652896,14.87603305785124,19.834710743801654,65.28925619834712,52.892561983471076,12.396694214876034
E00089190,265,71,38,33,194,154,40,26.79245283018868,14.339622641509434,12.452830188679245,73.20754716981132,58.11320754716981,15.09433962264151
E00089191,146,40,17,23,106,86,20,27.397260273972602,11.643835616438356,15.753424657534246,72.6027397260274,58.9041095890411,13.698630136986301
E00089192,233,54,22,32,179,145,34,23.17596566523605,9.44206008583691,13.733905579399142,76.82403433476395,62.231759656652365,14.592274678111588
E00089193,190,56,24,32,134,99,35,29.47368421052631,12.631578947368421,16.842105263157894,70.52631578947368,52.10526315789473,18.421052631578945
E00089195,202,52,27,25,150,100,50,25.742574257425744,13.366336633663368,12.376237623762377,74.25742574257426,49.504950495049506,24.752475247524753
E00089196,210,51,18,33,159,130,29,24.285714285714285,8.571428571428571,15.714285714285714,75.71428571428571,61.904761904761905,13.80952380952381
E00089197,170,46,20,26,124,84,40,27.058823529411764,11.76470588235294,15.294117647058824,72.94117647058823,49.411764705882355,23.52941176470588
E00089198,245,71,35,36,174,134,40,28.97959183673469,14.285714285714285,14.69387755102041,71.0204081632653,54.69387755102041,16.3265306122449
E00089199,241,62,27,35,179,132,47,25.72614107883817,11.20331950207469,14.522821576763487,74.27385892116183,54.77178423236515,19.502074688796682
E00089200,204,59,22,37,145,99,46,28.921568627450984,10.784313725490197,18.137254901960784,71.07843137254902,48.529411764705884,22.54901960784314
E00089201,128,41,16,25,87,65,22,32.03125,12.5,19.53125,67.96875,50.78125,17.1875
E00089202,243,69,33,36,174,140,34,28.39506172839506,13.580246913580247,14.814814814814813,71.60493827160494,57.61316872427984,13.991769547325102
E00089203,90,26,8,18,64,45,19,28.888888888888886,8.88888888888889,20,71.11111111111111,50,21.11111111111111
E00089204,138,40,18,22,98,76,22,28.985507246376812,13.043478260869565,15.942028985507244,71.01449275362319,55.072463768115945,15.942028985507244
E00089205,225,72,30,42,153,117,36,32,13.333333333333334,18.666666666666668,68,52,16
E00089207,161,36,13,23,125,93,32,22.36024844720497,8.074534161490684,14.285714285714285,77.63975155279503,57.7639751552795,19.875776397515526
E00089208,86,18,6,12,68,49,19,20.930232558139537,6.976744186046512,13.953488372093023,79.06976744186046,56.97674418604651,22.093023255813954
E00089209,212,74,31,43,138,96,42,34.90566037735849,14.622641509433961,20.28301886792453,65.09433962264151,45.28301886792453,19.81132075471698
E00089210,261,79,28,51,182,143,39,30.268199233716476,10.727969348659004,19.54022988505747,69.73180076628353,54.78927203065134,14.942528735632186
E00089211,60,11,4,7,49,35,14,18.333333333333332,6.666666666666667,11.666666666666666,81.66666666666667,58.333333333333336,23.333333333333332
E00089212,145,38,13,25,107,76,31,26.20689655172414,8.96551724137931,17.24137931034483,73.79310344827587,52.41379310344828,21.379310344827587
E00089213,154,43,21,22,111,85,26,27.92207792207792,13.636363636363635,14.285714285714285,72.07792207792207,55.1948051948052,16.883116883116884
E00089214,90,34,9,25,56,38,18,37.77777777777778,10,27.77777777777778,62.22222222222222,42.22222222222222,20
E00089215,234,72,35,37,162,129,33,30.76923076923077,14.957264957264957,15.81196581196581,69.23076923076923,55.12820512820513,14.102564102564102
E00089216,245,77,20,57,168,135,33,31.428571428571427,8.16326530612245,23.26530612244898,68.57142857142857,55.10204081632652,13.46938775510204
E00089217,288,62,21,41,226,182,44,21.52777777777778,7.291666666666667,14.23611111111111,78.47222222222221,63.19444444444444,15.277777777777779
E00089219,149,56,24,32,93,69,24,37.58389261744966,16.10738255033557,21.476510067114095,62.41610738255034,46.308724832214764,16.10738255033557
E00089220,108,31,9,22,77,64,13,28.703703703703702,8.333333333333332,20.37037037037037,71.29629629629629,59.25925925925925,12.037037037037036
E00089221,63,23,13,10,40,30,10,36.507936507936506,20.634920634920633,15.873015873015872,63.49206349206349,47.61904761904761,15.873015873015872
E00089222,142,37,12,25,105,89,16,26.056338028169012,8.450704225352112,17.6056338028169,73.94366197183099,62.676056338028175,11.267605633802818
E00089223,172,58,24,34,114,89,25,33.72093023255814,13.953488372093023,19.767441860465116,66.27906976744185,51.74418604651163,14.534883720930234
E00089224,130,42,17,25,88,67,21,32.30769230769231,13.076923076923078,19.230769230769234,67.6923076923077,51.53846153846153,16.153846153846153
E00089225,127,21,7,14,106,93,13,16.535433070866144,5.511811023622047,11.023622047244094,83.46456692913385,73.22834645669292,10.236220472440944
E00089226,109,40,16,24,69,59,10,36.69724770642202,14.678899082568808,22.018348623853214,63.30275229357798,54.12844036697248,9.174311926605505
E00089227,130,39,15,24,91,63,28,30,11.538461538461538,18.461538461538463,70,48.46153846153846,21.53846153846154
E00089228,109,31,12,19,78,57,21,28.440366972477065,11.009174311926607,17.431192660550458,71.55963302752293,52.293577981651374,19.26605504587156
E00089229,128,52,26,26,76,61,15,40.625,20.3125,20.3125,59.375,47.65625,11.71875
E00089230,158,46,23,23,112,77,35,29.11392405063291,14.556962025316455,14.556962025316455,70.88607594936708,48.734177215189874,22.151898734177212
E00089231,67,16,9,7,51,34,17,23.88059701492537,13.432835820895523,10.44776119402985,76.11940298507463,50.74626865671642,25.37313432835821
E00089232,113,33,21,12,80,48,32,29.20353982300885,18.58407079646018,10.619469026548673,70.79646017699115,42.47787610619469,28.31858407079646
E00089233,208,56,26,30,152,118,34,26.923076923076923,12.5,14.423076923076922,73.07692307692307,56.730769230769226,16.346153846153847
E00089234,175,51,17,34,124,92,32,29.142857142857142,9.714285714285714,19.428571428571427,70.85714285714285,52.57142857142857,18.285714285714285
E00089235,247,78,32,46,169,137,32,31.57894736842105,12.955465587044534,18.62348178137652,68.42105263157895,55.465587044534416,12.955465587044534
E00089236,193,64,21,43,129,104,25,33.160621761658035,10.880829015544041,22.279792746113987,66.83937823834198,53.8860103626943,12.953367875647666
E00089237,156,42,13,29,114,96,18,26.923076923076923,8.333333333333332,18.58974358974359,73.07692307692307,61.53846153846154,11.538461538461538
E00089238,144,49,22,27,95,77,18,34.02777777777778,15.277777777777779,18.75,65.97222222222221,53.47222222222222,12.5
E00089239,234,68,25,43,166,149,17,29.059829059829063,10.683760683760683,18.37606837606838,70.94017094017094,63.67521367521367,7.264957264957266
E00089240,126,55,17,38,71,54,17,43.65079365079365,13.492063492063492,30.158730158730158,56.34920634920635,42.857142857142854,13.492063492063492
E00089241,119,37,14,23,82,56,26,31.092436974789916,11.76470588235294,19.327731092436977,68.90756302521008,47.05882352941176,21.84873949579832
E00089242,150,37,15,22,113,88,25,24.666666666666668,10,14.666666666666666,75.33333333333333,58.666666666666664,16.666666666666664
E00089243,122,50,27,23,72,52,20,40.98360655737705,22.131147540983605,18.852459016393443,59.01639344262295,42.62295081967213,16.39344262295082
E00089244,189,68,29,39,121,89,32,35.978835978835974,15.343915343915343,20.634920634920633,64.02116402116403,47.08994708994709,16.93121693121693
E00089245,174,59,22,37,115,96,19,33.90804597701149,12.643678160919542,21.26436781609195,66.0919540229885,55.172413793103445,10.919540229885058
E00089246,150,43,22,21,107,77,30,28.666666666666668,14.666666666666666,14.000000000000002,71.33333333333334,51.33333333333333,20
E00089247,71,22,12,10,49,36,13,30.985915492957744,16.901408450704224,14.084507042253522,69.01408450704226,50.70422535211267,18.30985915492958
E00089248,177,68,25,43,109,78,31,38.4180790960452,14.124293785310735,24.293785310734464,61.5819209039548,44.06779661016949,17.51412429378531
E00089249,158,57,22,35,101,71,30,36.075949367088604,13.924050632911392,22.151898734177212,63.92405063291139,44.936708860759495,18.9873417721519
E00089250,173,50,15,35,123,90,33,28.901734104046245,8.670520231213873,20.23121387283237,71.09826589595376,52.02312138728323,19.07514450867052
E00089251,110,34,15,19,76,58,18,30.909090909090907,13.636363636363635,17.272727272727273,69.0909090909091,52.72727272727272,16.363636363636363
E00089252,138,40,20,20,98,79,19,28.985507246376812,14.492753623188406,14.492753623188406,71.01449275362319,57.2463768115942,13.768115942028986
E00089253,137,41,10,31,96,73,23,29.927007299270077,7.2992700729927,22.62773722627737,70.07299270072993,53.284671532846716,16.78832116788321
E00089254,144,36,16,20,108,96,12,25,11.11111111111111,13.88888888888889,75,66.66666666666666,8.333333333333332
E00089255,264,75,32,43,189,142,47,28.40909090909091,12.121212121212121,16.28787878787879,71.5909090909091,53.78787878787878,17.803030303030305
E00089256,185,42,20,22,143,106,37,22.702702702702705,10.81081081081081,11.891891891891893,77.29729729729729,57.2972972972973,20
E00089257,109,34,20,14,75,58,17,31.19266055045872,18.34862385321101,12.844036697247708,68.80733944954129,53.21100917431193,15.59633027522936
E00089259,133,45,15,30,88,67,21,33.83458646616541,11.278195488721805,22.55639097744361,66.16541353383458,50.37593984962406,15.789473684210526
E00089260,91,32,15,17,59,46,13,35.16483516483517,16.483516483516482,18.681318681318682,64.83516483516483,50.54945054945055,14.285714285714285
E00089261,90,27,11,16,63,43,20,30,12.222222222222221,17.77777777777778,70,47.77777777777778,22.22222222222222
E00089263,71,19,9,10,52,35,17,26.76056338028169,12.676056338028168,14.084507042253522,73.23943661971832,49.29577464788733,23.943661971830984
E00089264,105,37,16,21,68,56,12,35.23809523809524,15.238095238095239,20,64.76190476190476,53.333333333333336,11.428571428571429
E00089265,127,36,11,25,91,70,21,28.346456692913385,8.661417322834646,19.68503937007874,71.65354330708661,55.118110236220474,16.535433070866144
E00089266,144,47,21,26,97,77,20,32.63888888888889,14.583333333333334,18.055555555555554,67.36111111111111,53.47222222222222,13.88888888888889
E00089269,90,23,10,13,67,49,18,25.555555555555554,11.11111111111111,14.444444444444443,74.44444444444444,54.44444444444444,20
E00089270,189,54,17,37,135,125,10,28.57142857142857,8.994708994708994,19.576719576719576,71.42857142857143,66.13756613756614,5.291005291005291
E00089271,174,53,12,41,121,101,20,30.45977011494253,6.896551724137931,23.563218390804597,69.54022988505747,58.04597701149425,11.494252873563218
E00089272,208,58,17,41,150,123,27,27.884615384615387,8.173076923076923,19.71153846153846,72.11538461538461,59.13461538461539,12.980769230769232
E00089273,157,34,7,27,123,112,11,21.656050955414013,4.45859872611465,17.197452229299362,78.343949044586,71.3375796178344,7.006369426751593
E00089274,181,53,22,31,128,108,20,29.2817679558011,12.154696132596685,17.12707182320442,70.71823204419888,59.66850828729282,11.049723756906078
E00089275,145,34,11,23,111,95,16,23.448275862068964,7.586206896551724,15.862068965517242,76.55172413793103,65.51724137931035,11.03448275862069
E00089276,164,40,14,26,124,106,18,24.390243902439025,8.536585365853659,15.853658536585366,75.60975609756098,64.63414634146342,10.975609756097562
E00089277,161,41,14,27,120,98,22,25.465838509316768,8.695652173913043,16.77018633540373,74.53416149068323,60.86956521739131,13.664596273291925
E00089278,160,36,16,20,124,113,11,22.5,10,12.5,77.5,70.625,6.875000000000001
E00089279,213,42,13,29,171,139,32,19.718309859154928,6.103286384976526,13.615023474178404,80.28169014084507,65.25821596244131,15.023474178403756
E00089280,156,45,16,29,111,95,16,28.846153846153843,10.256410256410255,18.58974358974359,71.15384615384616,60.89743589743589,10.256410256410255
E00089281,151,23,7,16,128,112,16,15.2317880794702,4.635761589403973,10.596026490066226,84.76821192052981,74.17218543046357,10.596026490066226
E00089282,146,55,22,33,91,76,15,37.67123287671233,15.068493150684931,22.602739726027394,62.328767123287676,52.054794520547944,10.273972602739725
E00089283,169,48,22,26,121,99,22,28.402366863905325,13.017751479289942,15.384615384615385,71.59763313609467,58.57988165680473,13.017751479289942
E00089284,161,46,14,32,115,104,11,28.57142857142857,8.695652173913043,19.875776397515526,71.42857142857143,64.59627329192547,6.832298136645963
E00089285,140,39,13,26,101,84,17,27.857142857142858,9.285714285714286,18.571428571428573,72.14285714285714,60,12.142857142857142
E00089286,182,32,6,26,150,128,22,17.582417582417584,3.296703296703297,14.285714285714285,82.41758241758241,70.32967032967034,12.087912087912088
E00089287,177,50,28,22,127,113,14,28.24858757062147,15.819209039548024,12.429378531073446,71.75141242937853,63.84180790960452,7.909604519774012
E00089288,191,65,25,40,126,109,17,34.031413612565444,13.089005235602095,20.94240837696335,65.96858638743456,57.06806282722513,8.900523560209423
E00089289,108,29,13,16,79,67,12,26.851851851851855,12.037037037037036,14.814814814814813,73.14814814814815,62.03703703703704,11.11111111111111
E00089291,170,52,16,36,118,105,13,30.58823529411765,9.411764705882353,21.176470588235293,69.41176470588235,61.76470588235294,7.647058823529412
E00089293,135,39,15,24,96,82,14,28.888888888888886,11.11111111111111,17.77777777777778,71.11111111111111,60.74074074074074,10.37037037037037
E00089294,192,48,13,35,144,129,15,25,6.770833333333333,18.229166666666664,75,67.1875,7.8125
E00089296,101,31,14,17,70,58,12,30.693069306930692,13.861386138613863,16.831683168316832,69.3069306930693,57.42574257425742,11.881188118811881
E00089297,149,46,22,24,103,83,20,30.87248322147651,14.76510067114094,16.10738255033557,69.12751677852349,55.70469798657718,13.422818791946309
E00089298,171,50,18,32,121,88,33,29.239766081871345,10.526315789473683,18.71345029239766,70.76023391812866,51.461988304093566,19.298245614035086
E00089299,208,67,26,41,141,105,36,32.21153846153847,12.5,19.71153846153846,67.78846153846155,50.480769230769226,17.307692307692307
E00089300,74,21,7,14,53,42,11,28.37837837837838,9.45945945945946,18.91891891891892,71.62162162162163,56.75675675675676,14.864864864864865
E00089301,150,46,13,33,104,65,39,30.666666666666664,8.666666666666668,22,69.33333333333334,43.333333333333336,26
E00089302,128,32,15,17,96,78,18,25,11.71875,13.28125,75,60.9375,14.0625
E00089303,138,43,21,22,95,70,25,31.15942028985507,15.217391304347828,15.942028985507244,68.84057971014492,50.72463768115942,18.115942028985508
E00089304,171,45,21,24,126,89,37,26.31578947368421,12.280701754385964,14.035087719298245,73.68421052631578,52.046783625730995,21.637426900584796
E00089305,215,63,25,38,152,120,32,29.30232558139535,11.627906976744185,17.674418604651162,70.69767441860465,55.81395348837209,14.883720930232558
E00089306,143,43,16,27,100,83,17,30.069930069930066,11.188811188811188,18.88111888111888,69.93006993006993,58.04195804195804,11.888111888111888
E00089307,169,54,25,29,115,96,19,31.952662721893493,14.792899408284024,17.159763313609467,68.04733727810651,56.80473372781065,11.242603550295858
E00089308,147,38,7,31,109,90,19,25.850340136054424,4.761904761904762,21.08843537414966,74.14965986394559,61.224489795918366,12.925170068027212
E00089309,152,37,19,18,115,92,23,24.342105263157894,12.5,11.842105263157894,75.6578947368421,60.526315789473685,15.131578947368421
E00089310,127,36,14,22,91,81,10,28.346456692913385,11.023622047244094,17.322834645669293,71.65354330708661,63.77952755905512,7.874015748031496
E00089311,120,43,18,25,77,66,11,35.833333333333336,15,20.833333333333336,64.16666666666667,55.00000000000001,9.166666666666666
E00089312,145,38,8,30,107,90,17,26.20689655172414,5.517241379310345,20.689655172413794,73.79310344827587,62.06896551724138,11.724137931034482
E00089313,205,62,21,41,143,120,23,30.24390243902439,10.24390243902439,20,69.7560975609756,58.536585365853654,11.219512195121952
E00089314,182,55,13,42,127,112,15,30.21978021978022,7.142857142857142,23.076923076923077,69.78021978021978,61.53846153846154,8.241758241758241
E00089315,172,56,20,36,116,103,13,32.55813953488372,11.627906976744185,20.930232558139537,67.44186046511628,59.883720930232556,7.55813953488372
E00089316,175,56,16,40,119,104,15,32,9.142857142857142,22.857142857142858,68,59.42857142857143,8.571428571428571
E00089317,135,42,17,25,93,83,10,31.11111111111111,12.592592592592592,18.51851851851852,68.88888888888889,61.48148148148148,7.4074074074074066
E00089318,180,56,24,32,124,107,17,31.11111111111111,13.333333333333334,17.77777777777778,68.88888888888889,59.44444444444444,9.444444444444445
E00089319,186,39,19,20,147,113,34,20.967741935483872,10.21505376344086,10.75268817204301,79.03225806451613,60.752688172043015,18.27956989247312
E00089320,143,31,11,20,112,94,18,21.678321678321677,7.6923076923076925,13.986013986013987,78.32167832167832,65.73426573426573,12.587412587412588
E00089321,147,43,19,24,104,84,20,29.25170068027211,12.925170068027212,16.3265306122449,70.74829931972789,57.14285714285714,13.60544217687075
E00089322,166,39,12,27,127,99,28,23.49397590361446,7.228915662650602,16.265060240963855,76.50602409638554,59.63855421686747,16.867469879518072
E00089323,171,46,13,33,125,115,10,26.900584795321635,7.602339181286549,19.298245614035086,73.09941520467837,67.2514619883041,5.847953216374268
E00089324,143,29,9,20,114,100,14,20.27972027972028,6.293706293706294,13.986013986013987,79.72027972027972,69.93006993006993,9.79020979020979
E00089325,156,39,11,28,117,94,23,25,7.051282051282051,17.94871794871795,75,60.256410256410255,14.743589743589745
E00089326,166,57,25,32,109,98,11,34.33734939759036,15.060240963855422,19.27710843373494,65.66265060240963,59.036144578313255,6.626506024096386
E00089328,151,48,18,30,103,92,11,31.788079470198678,11.920529801324504,19.867549668874172,68.21192052980133,60.9271523178808,7.28476821192053
E00089329,113,31,13,18,82,62,20,27.43362831858407,11.504424778761061,15.929203539823009,72.56637168141593,54.86725663716814,17.699115044247787
E00089330,134,34,19,15,100,82,18,25.37313432835821,14.17910447761194,11.194029850746269,74.6268656716418,61.19402985074627,13.432835820895523
E00089331,136,30,8,22,106,81,25,22.058823529411764,5.88235294117647,16.176470588235293,77.94117647058823,59.55882352941176,18.38235294117647
E00089333,177,49,15,34,128,101,27,27.683615819209038,8.47457627118644,19.2090395480226,72.31638418079096,57.06214689265536,15.254237288135593
E00089334,203,62,22,40,141,111,30,30.541871921182267,10.83743842364532,19.704433497536947,69.45812807881774,54.679802955665025,14.77832512315271
E00089335,107,36,14,22,71,60,11,33.64485981308411,13.084112149532709,20.5607476635514,66.35514018691589,56.074766355140184,10.2803738317757
E00089336,179,52,22,30,127,100,27,29.05027932960894,12.290502793296088,16.75977653631285,70.94972067039106,55.865921787709496,15.083798882681565
E00089337,151,46,19,27,105,76,29,30.4635761589404,12.582781456953644,17.880794701986755,69.5364238410596,50.331125827814574,19.205298013245034
E00089339,235,70,28,42,165,127,38,29.78723404255319,11.914893617021278,17.872340425531917,70.2127659574468,54.04255319148936,16.170212765957448
E00089340,168,53,18,35,115,86,29,31.547619047619047,10.714285714285714,20.833333333333336,68.45238095238095,51.19047619047619,17.261904761904763
E00089341,237,69,30,39,168,115,53,29.11392405063291,12.658227848101266,16.455696202531644,70.88607594936708,48.52320675105485,22.362869198312236
E00089342,148,52,24,28,96,80,16,35.13513513513514,16.216216216216218,18.91891891891892,64.86486486486487,54.054054054054056,10.81081081081081
E00089343,230,67,27,40,163,108,55,29.130434782608695,11.73913043478261,17.391304347826086,70.86956521739131,46.95652173913044,23.91304347826087
E00089344,143,49,18,31,94,84,10,34.26573426573427,12.587412587412588,21.678321678321677,65.73426573426573,58.74125874125874,6.993006993006993
E00089345,146,48,24,24,98,75,23,32.87671232876712,16.43835616438356,16.43835616438356,67.12328767123287,51.369863013698634,15.753424657534246
E00089346,138,46,15,31,92,85,7,33.33333333333333,10.869565217391305,22.463768115942027,66.66666666666666,61.59420289855072,5.072463768115942
E00089347,150,38,15,23,112,99,13,25.333333333333336,10,15.333333333333332,74.66666666666667,66,8.666666666666668
E00089348,138,39,9,30,99,86,13,28.26086956521739,6.521739130434782,21.73913043478261,71.73913043478261,62.31884057971014,9.420289855072465
E00089349,199,57,19,38,142,122,20,28.643216080402013,9.547738693467336,19.09547738693467,71.35678391959799,61.30653266331658,10.050251256281408
E00089350,174,62,24,38,112,95,17,35.63218390804598,13.793103448275861,21.839080459770116,64.36781609195403,54.59770114942529,9.770114942528735
E00089352,146,58,18,40,88,77,11,39.726027397260275,12.32876712328767,27.397260273972602,60.273972602739725,52.73972602739726,7.534246575342466
E00089353,160,58,23,35,102,90,12,36.25,14.374999999999998,21.875,63.74999999999999,56.25,7.5
E00089354,163,53,15,38,110,101,9,32.515337423312886,9.202453987730062,23.31288343558282,67.48466257668711,61.963190184049076,5.521472392638037
E00089355,143,47,19,28,96,80,16,32.86713286713287,13.286713286713287,19.58041958041958,67.13286713286713,55.94405594405595,11.188811188811188
E00089356,155,47,19,28,108,97,11,30.32258064516129,12.258064516129032,18.064516129032256,69.6774193548387,62.58064516129033,7.096774193548387
E00089357,165,43,16,27,122,104,18,26.060606060606062,9.696969696969697,16.363636363636363,73.93939393939394,63.030303030303024,10.909090909090908
E00089358,162,52,16,36,110,94,16,32.098765432098766,9.876543209876543,22.22222222222222,67.90123456790124,58.0246913580247,9.876543209876543
E00089359,116,28,7,21,88,70,18,24.137931034482758,6.0344827586206895,18.103448275862068,75.86206896551724,60.3448275862069,15.517241379310345
E00089360,171,31,11,20,140,123,17,18.128654970760234,6.432748538011696,11.695906432748536,81.87134502923976,71.9298245614035,9.941520467836257
E00089361,165,46,17,29,119,106,13,27.878787878787882,10.303030303030303,17.575757575757574,72.12121212121212,64.24242424242425,7.878787878787878
E00089362,142,39,11,28,103,98,5,27.464788732394368,7.746478873239436,19.718309859154928,72.53521126760563,69.01408450704226,3.5211267605633805
E00089363,171,63,23,40,108,95,13,36.84210526315789,13.450292397660817,23.391812865497073,63.1578947368421,55.55555555555556,7.602339181286549
E00089364,188,47,13,34,141,115,26,25,6.914893617021277,18.085106382978726,75,61.170212765957444,13.829787234042554
E00089365,190,60,25,35,130,112,18,31.57894736842105,13.157894736842104,18.421052631578945,68.42105263157895,58.94736842105262,9.473684210526317
E00089367,185,61,26,35,124,109,15,32.972972972972975,14.054054054054054,18.91891891891892,67.02702702702703,58.91891891891892,8.108108108108109
E00089368,204,75,21,54,129,112,17,36.76470588235294,10.294117647058822,26.47058823529412,63.23529411764706,54.90196078431373,8.333333333333332
E00089369,129,34,11,23,95,82,13,26.356589147286826,8.527131782945736,17.829457364341085,73.64341085271317,63.565891472868216,10.077519379844961
E00089370,241,88,34,54,153,137,16,36.51452282157676,14.107883817427386,22.40663900414938,63.48547717842323,56.84647302904564,6.639004149377594
E00089371,140,42,10,32,98,86,12,30,7.142857142857142,22.857142857142858,70,61.42857142857143,8.571428571428571
E00089372,200,80,26,54,120,108,12,40,13,27,60,54,6
E00089373,193,70,31,39,123,109,14,36.26943005181347,16.06217616580311,20.207253886010363,63.730569948186535,56.476683937823836,7.253886010362693
E00089374,114,41,16,25,73,70,3,35.96491228070175,14.035087719298245,21.929824561403507,64.03508771929825,61.40350877192983,2.631578947368421
E00089375,151,45,11,34,106,87,19,29.80132450331126,7.28476821192053,22.516556291390728,70.19867549668875,57.615894039735096,12.582781456953644
E00089376,184,56,18,38,128,112,16,30.434782608695656,9.782608695652174,20.652173913043477,69.56521739130434,60.86956521739131,8.695652173913043
E00089377,194,55,13,42,139,123,16,28.350515463917525,6.701030927835052,21.649484536082475,71.64948453608247,63.4020618556701,8.24742268041237
E00089378,209,68,22,46,141,124,17,32.535885167464116,10.526315789473683,22.00956937799043,67.46411483253588,59.33014354066985,8.133971291866029
E00089379,190,62,22,40,128,110,18,32.631578947368425,11.578947368421053,21.052631578947366,67.36842105263158,57.89473684210527,9.473684210526317
E00089380,202,55,20,35,147,110,37,27.22772277227723,9.900990099009901,17.326732673267326,72.77227722772277,54.45544554455446,18.316831683168317
E00089381,92,26,11,15,66,50,16,28.26086956521739,11.956521739130435,16.304347826086957,71.73913043478261,54.347826086956516,17.391304347826086
E00089382,178,51,17,34,127,96,31,28.651685393258425,9.550561797752808,19.101123595505616,71.34831460674157,53.93258426966292,17.415730337078653
E00089383,152,38,14,24,114,92,22,25,9.210526315789473,15.789473684210526,75,60.526315789473685,14.473684210526317
E00089384,271,79,31,48,192,158,34,29.15129151291513,11.439114391143912,17.712177121771216,70.84870848708486,58.30258302583026,12.546125461254611
E00089385,117,35,10,25,82,68,14,29.914529914529915,8.547008547008547,21.367521367521366,70.08547008547008,58.119658119658126,11.965811965811966
E00089386,135,40,15,25,95,81,14,29.629629629629626,11.11111111111111,18.51851851851852,70.37037037037037,60,10.37037037037037
E00089387,174,48,18,30,126,97,29,27.586206896551722,10.344827586206897,17.24137931034483,72.41379310344827,55.74712643678161,16.666666666666664
E00089388,176,41,13,28,135,123,12,23.295454545454543,7.386363636363637,15.909090909090908,76.70454545454545,69.88636363636364,6.8181818181818175
E00089389,93,31,7,24,62,50,12,33.33333333333333,7.526881720430108,25.806451612903224,66.66666666666666,53.76344086021505,12.903225806451612
E00089390,174,46,20,26,128,94,34,26.436781609195403,11.494252873563218,14.942528735632186,73.5632183908046,54.02298850574713,19.54022988505747
E00089391,109,33,10,23,76,59,17,30.275229357798167,9.174311926605505,21.100917431192663,69.72477064220183,54.12844036697248,15.59633027522936
E00089392,117,30,14,16,87,57,30,25.64102564102564,11.965811965811966,13.675213675213676,74.35897435897436,48.717948717948715,25.64102564102564
E00089393,158,44,13,31,114,88,26,27.848101265822784,8.227848101265822,19.62025316455696,72.15189873417721,55.69620253164557,16.455696202531644
E00089394,148,42,22,20,106,78,28,28.37837837837838,14.864864864864865,13.513513513513514,71.62162162162163,52.702702702702695,18.91891891891892
E00089395,208,64,31,33,144,119,25,30.76923076923077,14.903846153846153,15.865384615384615,69.23076923076923,57.21153846153846,12.01923076923077
E00089396,167,53,21,32,114,76,38,31.736526946107784,12.574850299401197,19.16167664670659,68.26347305389223,45.50898203592814,22.75449101796407
E00089397,244,71,41,30,173,126,47,29.098360655737704,16.80327868852459,12.295081967213115,70.90163934426229,51.63934426229508,19.262295081967213
E00089398,218,70,34,36,148,99,49,32.11009174311927,15.59633027522936,16.51376146788991,67.88990825688074,45.412844036697244,22.477064220183486
E00089399,90,26,9,17,64,43,21,28.888888888888886,10,18.88888888888889,71.11111111111111,47.77777777777778,23.333333333333332
E00089400,69,17,9,8,52,39,13,24.637681159420293,13.043478260869565,11.594202898550725,75.36231884057972,56.52173913043478,18.84057971014493
E00089401,187,58,24,34,129,106,23,31.016042780748666,12.834224598930483,18.181818181818183,68.98395721925134,56.68449197860963,12.299465240641712
E00089402,270,79,30,49,191,146,45,29.259259259259256,11.11111111111111,18.14814814814815,70.74074074074073,54.074074074074076,16.666666666666664
E00089403,139,36,10,26,103,70,33,25.899280575539567,7.1942446043165464,18.705035971223023,74.10071942446042,50.35971223021583,23.741007194244602
E00089405,198,61,25,36,137,116,21,30.808080808080806,12.626262626262626,18.181818181818183,69.1919191919192,58.58585858585859,10.606060606060606
E00089406,295,95,44,51,200,155,45,32.20338983050847,14.915254237288137,17.28813559322034,67.79661016949152,52.54237288135594,15.254237288135593
E00089407,141,38,17,21,103,75,28,26.95035460992908,12.056737588652481,14.893617021276595,73.04964539007092,53.191489361702125,19.858156028368796
E00089408,102,27,14,13,75,51,24,26.47058823529412,13.725490196078432,12.745098039215685,73.52941176470588,50,23.52941176470588
E00089410,267,65,25,40,202,143,59,24.344569288389515,9.363295880149813,14.981273408239701,75.65543071161048,53.558052434456926,22.09737827715356
E00089411,114,41,9,32,73,44,29,35.96491228070175,7.894736842105263,28.07017543859649,64.03508771929825,38.59649122807017,25.438596491228072
E00089412,81,19,10,9,62,42,20,23.456790123456788,12.345679012345679,11.11111111111111,76.5432098765432,51.85185185185185,24.691358024691358
E00089415,189,50,13,37,139,116,23,26.455026455026452,6.878306878306878,19.576719576719576,73.54497354497354,61.37566137566137,12.16931216931217
E00089416,150,34,13,21,116,99,17,22.666666666666664,8.666666666666668,14.000000000000002,77.33333333333333,66,11.333333333333332
E00089417,189,48,18,30,141,120,21,25.396825396825395,9.523809523809524,15.873015873015872,74.60317460317461,63.49206349206349,11.11111111111111
E00089418,104,30,8,22,74,61,13,28.846153846153843,7.6923076923076925,21.153846153846153,71.15384615384616,58.65384615384615,12.5
E00089419,168,48,20,28,120,100,20,28.57142857142857,11.904761904761903,16.666666666666664,71.42857142857143,59.523809523809526,11.904761904761903
E00089420,155,40,12,28,115,92,23,25.806451612903224,7.741935483870968,18.064516129032256,74.19354838709677,59.354838709677416,14.838709677419354
E00089421,170,35,14,21,135,119,16,20.588235294117645,8.235294117647058,12.352941176470589,79.41176470588235,70,9.411764705882353
E00089422,187,59,15,44,128,110,18,31.550802139037433,8.0213903743315509,23.52941176470588,68.44919786096256,58.82352941176471,9.62566844919786
E00089423,131,34,12,22,97,81,16,25.954198473282442,9.16030534351145,16.793893129770993,74.04580152671755,61.832061068702295,12.213740458015266
E00089424,173,42,16,26,131,112,19,24.277456647398843,9.248554913294797,15.028901734104046,75.72254335260115,64.73988439306359,10.982658959537572
E00089425,193,40,14,26,153,128,25,20.72538860103627,7.253886010362693,13.471502590673575,79.27461139896373,66.32124352331607,12.953367875647666
E00089426,134,29,10,19,105,93,12,21.641791044776117,7.462686567164178,14.17910447761194,78.35820895522389,69.40298507462687,8.955223880597014
E00089427,155,25,13,12,130,118,12,16.129032258064516,8.38709677419355,7.741935483870968,83.87096774193549,76.12903225806451,7.741935483870968
E00089428,172,58,16,42,114,95,19,33.72093023255814,9.30232558139535,24.418604651162788,66.27906976744185,55.23255813953488,11.046511627906977
E00089429,179,50,17,33,129,120,9,27.932960893854748,9.497206703910614,18.435754189944134,72.06703910614524,67.0391061452514,5.027932960893855
E00089430,150,42,17,25,108,90,18,28.000000000000004,11.333333333333332,16.666666666666664,72,60,12
E00089431,147,55,17,38,92,86,6,37.41496598639456,11.564625850340136,25.850340136054424,62.585034013605444,58.50340136054422,4.081632653061225
E00089432,157,49,17,32,108,98,10,31.210191082802545,10.828025477707007,20.382165605095544,68.78980891719745,62.42038216560509,6.369426751592357
E00089433,173,50,16,34,123,113,10,28.901734104046245,9.248554913294797,19.653179190751445,71.09826589595376,65.3179190751445,5.780346820809249
E00089434,126,37,15,22,89,81,8,29.365079365079367,11.904761904761903,17.46031746031746,70.63492063492063,64.28571428571429,6.349206349206349
E00089435,160,50,8,42,110,99,11,31.25,5,26.25,68.75,61.875,6.875000000000001
E00089436,163,57,14,43,106,94,12,34.96932515337423,8.588957055214724,26.380368098159508,65.03067484662577,57.668711656441715,7.361963190184049
E00089437,176,70,29,41,106,85,21,39.77272727272727,16.477272727272727,23.295454545454543,60.22727272727273,48.29545454545455,11.931818181818182
E00089438,160,51,14,37,109,92,17,31.874999999999996,8.75,23.125,68.125,57.49999999999999,10.625
E00089439,177,42,17,25,135,118,17,23.728813559322035,9.6045197740113,14.124293785310735,76.27118644067797,66.66666666666666,9.6045197740113
E00089440,163,49,16,33,114,80,34,30.061349693251532,9.815950920245399,20.245398773006134,69.93865030674846,49.079754601226995,20.858895705521473
E00089442,171,36,9,27,135,100,35,21.052631578947366,5.263157894736842,15.789473684210526,78.94736842105263,58.47953216374269,20.46783625730994
E00089443,183,55,23,32,128,99,29,30.05464480874317,12.568306010928962,17.48633879781421,69.94535519125684,54.09836065573771,15.846994535519126
E00089444,155,38,17,21,117,96,21,24.516129032258064,10.967741935483872,13.548387096774196,75.48387096774194,61.935483870967744,13.548387096774196
E00089446,104,20,8,12,84,61,23,19.230769230769234,7.6923076923076925,11.538461538461538,80.76923076923077,58.65384615384615,22.115384615384613
E00089447,60,17,8,9,43,37,6,28.333333333333332,13.333333333333334,15,71.66666666666667,61.66666666666667,10
E00089448,159,49,21,28,110,88,22,30.81761006289308,13.20754716981132,17.61006289308176,69.18238993710692,55.34591194968554,13.836477987421384
E00089449,230,64,30,34,166,121,45,27.82608695652174,13.043478260869565,14.782608695652174,72.17391304347827,52.60869565217391,19.565217391304348
E00089450,168,53,19,34,115,90,25,31.547619047619047,11.30952380952381,20.238095238095237,68.45238095238095,53.57142857142857,14.880952380952381
E00089451,151,43,18,25,108,87,21,28.47682119205298,11.920529801324504,16.55629139072848,71.52317880794702,57.615894039735096,13.90728476821192
E00089453,142,43,15,28,99,81,18,30.28169014084507,10.56338028169014,19.718309859154928,69.71830985915493,57.04225352112676,12.676056338028168
E00089454,126,43,15,28,83,67,16,34.12698412698413,11.904761904761903,22.22222222222222,65.87301587301587,53.17460317460318,12.698412698412698
E00089455,178,58,30,28,120,87,33,32.58426966292135,16.853932584269664,15.730337078651685,67.41573033707866,48.87640449438202,18.53932584269663
E00089456,240,53,23,30,187,149,38,22.083333333333332,9.583333333333334,12.5,77.91666666666667,62.083333333333336,15.833333333333332
E00089457,167,50,19,31,117,98,19,29.94011976047904,11.377245508982035,18.562874251497004,70.05988023952095,58.68263473053892,11.377245508982035
E00089458,133,37,12,25,96,78,18,27.819548872180448,9.022556390977442,18.796992481203006,72.18045112781954,58.64661654135338,13.533834586466165
E00089459,71,19,13,6,52,47,5,26.76056338028169,18.30985915492958,8.450704225352112,73.23943661971832,66.19718309859155,7.042253521126761
E00089460,288,42,9,33,246,204,42,14.583333333333334,3.125,11.458333333333332,85.41666666666666,70.83333333333334,14.583333333333334
E00089461,137,57,20,37,80,65,15,41.605839416058394,14.5985401459854,27.00729927007299,58.3941605839416,47.44525547445255,10.948905109489052
E00089462,57,20,8,12,37,28,9,35.08771929824561,14.035087719298245,21.052631578947366,64.91228070175438,49.122807017543856,15.789473684210526
E00089463,163,55,19,36,108,93,15,33.74233128834356,11.65644171779141,22.085889570552148,66.25766871165644,57.05521472392638,9.202453987730062
E00089464,145,38,13,25,107,79,28,26.20689655172414,8.96551724137931,17.24137931034483,73.79310344827587,54.48275862068965,19.310344827586206
E00089465,89,27,5,22,62,50,12,30.337078651685395,5.617977528089887,24.719101123595504,69.66292134831461,56.17977528089888,13.48314606741573
E00089466,178,53,27,26,125,97,28,29.775280898876407,15.168539325842698,14.606741573033707,70.2247191011236,54.49438202247191,15.730337078651685
E00089467,148,49,19,30,99,88,11,33.108108108108105,12.837837837837837,20.27027027027027,66.8918918918919,59.45945945945946,7.4324324324324325
E00089468,124,33,9,24,91,72,19,26.61290322580645,7.258064516129033,19.35483870967742,73.38709677419355,58.06451612903226,15.32258064516129
E00089469,93,34,21,13,59,50,9,36.55913978494624,22.58064516129032,13.978494623655912,63.44086021505376,53.76344086021505,9.67741935483871
E00089470,222,71,29,42,151,125,26,31.98198198198198,13.063063063063062,18.91891891891892,68.01801801801803,56.30630630630631,11.711711711711711
E00089471,112,32,12,20,80,62,18,28.57142857142857,10.714285714285714,17.857142857142858,71.42857142857143,55.35714285714286,16.071428571428573
E00089472,160,40,14,26,120,104,16,25,8.75,16.25,75,65,10
E00089473,154,45,16,29,109,82,27,29.22077922077922,10.38961038961039,18.83116883116883,70.77922077922078,53.246753246753244,17.532467532467532
E00089474,127,44,19,25,83,60,23,34.645669291338585,14.960629921259844,19.68503937007874,65.35433070866141,47.24409448818898,18.11023622047244
E00089475,189,50,20,30,139,100,39,26.455026455026452,10.582010582010582,15.873015873015872,73.54497354497354,52.910052910052904,20.634920634920633
E00089476,219,67,22,45,152,129,23,30.59360730593607,10.045662100456621,20.54794520547945,69.40639269406392,58.9041095890411,10.50228310502283
E00089477,156,43,9,34,113,100,13,27.564102564102566,5.769230769230769,21.794871794871796,72.43589743589743,64.1025641025641,8.333333333333332
E00089478,150,37,13,24,113,88,25,24.666666666666668,8.666666666666668,16,75.33333333333333,58.666666666666664,16.666666666666664
E00089479,230,82,32,50,148,106,42,35.65217391304348,13.91304347826087,21.73913043478261,64.34782608695652,46.08695652173913,18.26086956521739
E00089480,176,51,23,28,125,97,28,28.97727272727273,13.068181818181818,15.909090909090908,71.02272727272727,55.11363636363637,15.909090909090908
E00089481,195,47,25,22,148,116,32,24.102564102564102,12.82051282051282,11.282051282051283,75.8974358974359,59.48717948717949,16.41025641025641
E00089482,211,66,32,34,145,113,32,31.27962085308057,15.165876777251185,16.113744075829384,68.72037914691943,53.55450236966824,15.165876777251185
E00089483,164,49,10,39,115,90,25,29.878048780487802,6.097560975609756,23.78048780487805,70.1219512195122,54.87804878048781,15.24390243902439
E00089484,132,37,11,26,95,74,21,28.030303030303028,8.333333333333332,19.696969696969695,71.96969696969697,56.060606060606055,15.909090909090908
E00089485,183,62,30,32,121,90,31,33.87978142076503,16.39344262295082,17.48633879781421,66.12021857923497,49.18032786885246,16.939890710382514
E00089486,62,18,8,10,44,29,15,29.03225806451613,12.903225806451612,16.129032258064516,70.96774193548387,46.774193548387096,24.193548387096776
E00089487,102,36,21,15,66,55,11,35.294117647058826,20.588235294117645,14.705882352941178,64.70588235294117,53.92156862745098,10.784313725490197
E00089488,191,54,22,32,137,113,24,28.272251308900525,11.518324607329843,16.75392670157068,71.72774869109948,59.16230366492147,12.56544502617801
E00089489,217,59,24,35,158,115,43,27.188940092165897,11.059907834101383,16.129032258064516,72.81105990783409,52.995391705069125,19.81566820276498
E00089490,232,61,25,36,171,136,35,26.29310344827586,10.775862068965516,15.517241379310345,73.70689655172413,58.620689655172406,15.086206896551724
E00089491,184,44,21,23,140,116,24,23.91304347826087,11.41304347826087,12.5,76.08695652173914,63.04347826086957,13.043478260869565
E00089492,152,44,13,31,108,85,23,28.947368421052634,8.552631578947368,20.394736842105264,71.05263157894737,55.92105263157895,15.131578947368421
E00089494,171,59,23,36,112,94,18,34.50292397660819,13.450292397660817,21.052631578947366,65.49707602339181,54.97076023391813,10.526315789473683
E00089495,133,36,13,23,97,81,16,27.06766917293233,9.774436090225564,17.293233082706767,72.93233082706767,60.902255639097746,12.030075187969924
E00089496,201,54,25,29,147,121,26,26.865671641791046,12.437810945273633,14.427860696517413,73.13432835820896,60.19900497512438,12.935323383084576
E00089497,71,33,10,23,38,31,7,46.478873239436616,14.084507042253522,32.3943661971831,53.52112676056338,43.66197183098591,9.859154929577464
E00089498,113,37,10,27,76,67,9,32.743362831858406,8.849557522123893,23.893805309734514,67.2566371681416,59.29203539823009,7.964601769911504
E00089499,103,39,16,23,64,50,14,37.86407766990291,15.53398058252427,22.330097087378643,62.13592233009708,48.54368932038835,13.592233009708737
E00089500,137,37,14,23,100,88,12,27.00729927007299,10.218978102189782,16.78832116788321,72.99270072992701,64.23357664233576,8.75912408759124
E00089501,73,25,10,15,48,44,4,34.24657534246575,13.698630136986301,20.54794520547945,65.75342465753424,60.273972602739725,5.47945205479452
E00089502,142,48,19,29,94,82,12,33.80281690140845,13.380281690140844,20.422535211267608,66.19718309859155,57.74647887323944,8.450704225352112
E00089503,132,40,16,24,92,72,20,30.303030303030305,12.121212121212121,18.181818181818183,69.6969696969697,54.54545454545454,15.151515151515152
E00089504,152,46,16,30,106,83,23,30.263157894736842,10.526315789473683,19.736842105263158,69.73684210526315,54.60526315789473,15.131578947368421
E00089505,134,49,20,29,85,69,16,36.56716417910448,14.925373134328357,21.641791044776117,63.43283582089553,51.49253731343284,11.940298507462686
E00089506,164,49,20,29,115,92,23,29.878048780487802,12.195121951219512,17.682926829268293,70.1219512195122,56.09756097560976,14.02439024390244
E00089507,213,51,21,30,162,137,25,23.943661971830984,9.859154929577464,14.084507042253522,76.05633802816901,64.31924882629107,11.737089201877934
E00089508,142,49,23,26,93,73,20,34.50704225352113,16.19718309859155,18.30985915492958,65.49295774647888,51.40845070422535,14.084507042253522
E00089509,155,42,13,29,113,82,31,27.09677419354839,8.38709677419355,18.70967741935484,72.90322580645162,52.903225806451616,20
E00089510,142,38,14,24,104,87,17,26.76056338028169,9.859154929577464,16.901408450704224,73.23943661971832,61.267605633802816,11.971830985915492
E00089511,159,49,17,32,110,101,9,30.81761006289308,10.69182389937107,20.125786163522015,69.18238993710692,63.52201257861635,5.660377358490567
E00089512,163,48,25,23,115,95,20,29.447852760736197,15.337423312883436,14.11042944785276,70.5521472392638,58.282208588957054,12.269938650306749
E00089513,220,54,19,35,166,144,22,24.545454545454547,8.636363636363637,15.909090909090908,75.45454545454545,65.45454545454545,10
E00089514,195,57,24,33,138,114,24,29.230769230769234,12.307692307692308,16.923076923076923,70.76923076923077,58.46153846153847,12.307692307692308
E00089515,183,49,14,35,134,103,31,26.775956284153008,7.650273224043716,19.12568306010929,73.224043715847,56.284153005464475,16.939890710382514
E00089516,168,51,30,21,117,92,25,30.357142857142854,17.857142857142858,12.5,69.64285714285714,54.761904761904766,14.880952380952381
E00089517,100,33,10,23,67,50,17,33,10,23,67,50,17
E00089518,120,37,20,17,83,64,19,30.833333333333336,16.666666666666664,14.166666666666666,69.16666666666667,53.333333333333336,15.833333333333332
E00089519,185,56,23,33,129,112,17,30.270270270270274,12.432432432432433,17.83783783783784,69.72972972972973,60.54054054054055,9.18918918918919
E00089520,162,52,28,24,110,92,18,32.098765432098766,17.28395061728395,14.814814814814813,67.90123456790124,56.79012345679012,11.11111111111111
E00089521,289,66,34,32,223,183,40,22.837370242214533,11.76470588235294,11.072664359861593,77.16262975778547,63.32179930795848,13.84083044982699
E00089522,165,56,26,30,109,90,19,33.939393939393945,15.757575757575756,18.181818181818183,66.06060606060606,54.54545454545454,11.515151515151516
E00089523,179,52,23,29,127,96,31,29.05027932960894,12.849162011173185,16.201117318435752,70.94972067039106,53.63128491620112,17.318435754189945
E00089524,178,52,23,29,126,101,25,29.213483146067414,12.921348314606742,16.292134831460675,70.78651685393258,56.74157303370787,14.04494382022472
E00089525,136,41,15,26,95,75,20,30.14705882352941,11.029411764705882,19.11764705882353,69.85294117647058,55.14705882352941,14.705882352941178
E00089526,170,45,16,29,125,98,27,26.47058823529412,9.411764705882353,17.058823529411764,73.52941176470588,57.647058823529406,15.88235294117647
E00089527,210,74,24,50,136,112,24,35.23809523809524,11.428571428571429,23.809523809523807,64.76190476190476,53.333333333333336,11.428571428571429
E00089528,63,17,9,8,46,27,19,26.984126984126984,14.285714285714285,12.698412698412698,73.01587301587301,42.857142857142854,30.158730158730158
E00089529,119,25,10,15,94,80,14,21.008403361344538,8.403361344537815,12.605042016806722,78.99159663865547,67.22689075630252,11.76470588235294
E00089530,62,9,3,6,53,38,15,14.516129032258066,4.838709677419355,9.67741935483871,85.48387096774194,61.29032258064516,24.193548387096776
E00089531,143,37,18,19,106,81,25,25.874125874125873,12.587412587412588,13.286713286713287,74.12587412587412,56.64335664335665,17.482517482517483
E00089532,133,37,17,20,96,79,17,27.819548872180448,12.781954887218044,15.037593984962406,72.18045112781954,59.3984962406015,12.781954887218044
E00089533,142,46,20,26,96,75,21,32.3943661971831,14.084507042253522,18.30985915492958,67.6056338028169,52.816901408450704,14.788732394366196
E00089534,153,50,20,30,103,85,18,32.6797385620915,13.071895424836603,19.607843137254903,67.3202614379085,55.55555555555556,11.76470588235294
E00089535,155,56,25,31,99,80,19,36.12903225806451,16.129032258064516,20,63.87096774193548,51.61290322580645,12.258064516129032
E00089536,164,30,14,16,134,110,24,18.29268292682927,8.536585365853659,9.75609756097561,81.70731707317073,67.07317073170732,14.634146341463413
E00089537,129,37,24,13,92,73,19,28.68217054263566,18.6046511627907,10.077519379844961,71.31782945736434,56.58914728682171,14.728682170542637
E00089538,165,46,18,28,119,95,24,27.878787878787882,10.909090909090908,16.969696969696972,72.12121212121212,57.57575757575758,14.545454545454545
E00089539,115,37,16,21,78,53,25,32.17391304347826,13.91304347826087,18.26086956521739,67.82608695652173,46.08695652173913,21.73913043478261
E00089540,170,49,19,30,121,99,22,28.823529411764703,11.176470588235295,17.647058823529413,71.17647058823529,58.235294117647065,12.941176470588237
E00089541,180,48,13,35,132,111,21,26.666666666666668,7.222222222222221,19.444444444444446,73.33333333333333,61.66666666666667,11.666666666666666
E00089542,103,23,14,9,80,56,24,22.330097087378643,13.592233009708737,8.737864077669903,77.66990291262135,54.36893203883495,23.300970873786408
E00089543,148,37,14,23,111,93,18,25,9.45945945945946,15.54054054054054,75,62.83783783783784,12.162162162162163
E00089544,146,43,16,27,103,87,16,29.45205479452055,10.95890410958904,18.493150684931507,70.54794520547945,59.589041095890416,10.95890410958904
E00089545,154,45,14,31,109,84,25,29.22077922077922,9.090909090909092,20.12987012987013,70.77922077922078,54.54545454545454,16.233766233766232
E00089546,192,53,22,31,139,114,25,27.604166666666668,11.458333333333332,16.145833333333336,72.39583333333334,59.375,13.020833333333334
E00089547,189,63,25,38,126,95,31,33.33333333333333,13.227513227513226,20.105820105820104,66.66666666666666,50.264550264550266,16.402116402116402
E00089548,199,50,21,29,149,117,32,25.125628140703515,10.552763819095476,14.572864321608039,74.87437185929649,58.79396984924623,16.08040201005025
E00089549,192,53,22,31,139,122,17,27.604166666666668,11.458333333333332,16.145833333333336,72.39583333333334,63.541666666666664,8.854166666666668
E00089550,214,66,27,39,148,124,24,30.8411214953271,12.616822429906541,18.22429906542056,69.1588785046729,57.943925233644855,11.214953271028037
E00089551,183,51,23,28,132,110,22,27.86885245901639,12.568306010928962,15.300546448087433,72.1311475409836,60.10928961748634,12.021857923497267
E00089552,159,47,17,30,112,98,14,29.559748427672954,10.69182389937107,18.867924528301888,70.44025157232704,61.63522012578616,8.80503144654088
E00089553,156,42,17,25,114,81,33,26.923076923076923,10.897435897435898,16.025641025641026,73.07692307692307,51.92307692307693,21.153846153846153
E00089554,216,68,29,39,148,121,27,31.48148148148148,13.425925925925927,18.055555555555554,68.51851851851852,56.018518518518526,12.5
E00089555,106,43,19,24,63,54,9,40.56603773584906,17.92452830188679,22.641509433962266,59.43396226415094,50.943396226415096,8.49056603773585
E00089556,118,46,17,29,72,66,6,38.983050847457626,14.40677966101695,24.576271186440678,61.016949152542374,55.932203389830505,5.084745762711865
E00089557,150,54,20,34,96,83,13,36,13.333333333333334,22.666666666666664,64,55.333333333333336,8.666666666666668
E00089558,222,78,25,53,144,116,28,35.13513513513514,11.26126126126126,23.873873873873876,64.86486486486487,52.25225225225225,12.612612612612612
E00089559,218,86,42,44,132,109,23,39.44954128440367,19.26605504587156,20.18348623853211,60.550458715596335,50,10.550458715596331
E00089560,164,62,28,34,102,72,30,37.80487804878049,17.073170731707318,20.73170731707317,62.19512195121951,43.90243902439025,18.29268292682927
E00089561,177,55,25,30,122,90,32,31.07344632768362,14.124293785310735,16.94915254237288,68.92655367231639,50.847457627118644,18.07909604519774
E00089562,149,54,23,31,95,73,22,36.241610738255034,15.436241610738255,20.80536912751678,63.758389261744966,48.99328859060403,14.76510067114094
E00089563,127,41,18,23,86,62,24,32.28346456692913,14.173228346456693,18.11023622047244,67.71653543307087,48.818897637795274,18.89763779527559
E00089564,188,57,29,28,131,99,32,30.319148936170215,15.425531914893616,14.893617021276595,69.68085106382979,52.659574468085104,17.02127659574468
E00089565,113,38,14,24,75,55,20,33.6283185840708,12.389380530973451,21.238938053097346,66.3716814159292,48.67256637168141,17.699115044247787
E00089566,68,16,7,9,52,42,10,23.52941176470588,10.294117647058822,13.23529411764706,76.47058823529412,61.76470588235294,14.705882352941178
E00089567,92,33,10,23,59,46,13,35.869565217391305,10.869565217391305,25,64.13043478260869,50,14.130434782608695
E00089568,167,53,17,36,114,86,28,31.736526946107784,10.179640718562874,21.55688622754491,68.26347305389223,51.49700598802395,16.766467065868262
E00089569,156,41,25,16,115,67,48,26.282051282051285,16.025641025641026,10.256410256410255,73.71794871794873,42.94871794871795,30.76923076923077
E00089570,158,43,21,22,115,60,55,27.21518987341772,13.291139240506327,13.924050632911392,72.78481012658227,37.9746835443038,34.810126582278485
E00089571,159,45,22,23,114,81,33,28.30188679245283,13.836477987421384,14.465408805031446,71.69811320754717,50.943396226415096,20.754716981132077
E00089572,156,48,26,22,108,58,50,30.76923076923077,16.666666666666664,14.102564102564102,69.23076923076923,37.17948717948718,32.05128205128205
E00089573,165,40,24,16,125,86,39,24.242424242424242,14.545454545454545,9.696969696969697,75.75757575757575,52.121212121212125,23.636363636363637
E00089574,162,58,27,31,104,80,24,35.80246913580247,16.666666666666664,19.1358024691358,64.19753086419753,49.382716049382715,14.814814814814813
E00089575,177,53,27,26,124,91,33,29.943502824858758,15.254237288135593,14.689265536723164,70.05649717514125,51.41242937853108,18.64406779661017
E00089576,102,32,15,17,70,48,22,31.372549019607842,14.705882352941178,16.666666666666664,68.62745098039215,47.05882352941176,21.568627450980394
E00089577,69,30,13,17,39,35,4,43.47826086956522,18.84057971014493,24.637681159420293,56.52173913043478,50.72463768115942,5.797101449275362
E00089578,102,36,11,25,66,53,13,35.294117647058826,10.784313725490197,24.509803921568626,64.70588235294117,51.9607843137255,12.745098039215685
E00089579,207,76,33,43,131,88,43,36.71497584541063,15.942028985507244,20.77294685990338,63.28502415458937,42.51207729468599,20.77294685990338
E00089580,153,45,20,25,108,77,31,29.411764705882355,13.071895424836603,16.33986928104575,70.58823529411765,50.326797385620914,20.26143790849673
E00089581,141,44,23,21,97,69,28,31.20567375886525,16.312056737588655,14.893617021276595,68.79432624113475,48.93617021276596,19.858156028368796
E00089582,178,66,28,38,112,97,15,37.07865168539326,15.730337078651685,21.34831460674157,62.92134831460674,54.49438202247191,8.426966292134832
E00089583,97,29,13,16,68,60,8,29.896907216494846,13.402061855670103,16.49484536082474,70.10309278350515,61.855670103092784,8.24742268041237
E00089584,160,51,29,22,109,77,32,31.874999999999996,18.125,13.750000000000002,68.125,48.125,20
E00089585,169,43,16,27,126,103,23,25.443786982248522,9.467455621301776,15.976331360946746,74.55621301775149,60.946745562130175,13.609467455621301
E00089586,158,63,30,33,95,73,22,39.87341772151899,18.9873417721519,20.88607594936709,60.12658227848101,46.20253164556962,13.924050632911392
E00089587,197,56,15,41,141,108,33,28.426395939086298,7.614213197969544,20.812182741116754,71.57360406091371,54.82233502538071,16.751269035532996
E00089588,173,60,21,39,113,90,23,34.68208092485549,12.138728323699421,22.54335260115607,65.3179190751445,52.02312138728323,13.294797687861271
E00089590,155,42,19,23,113,85,28,27.09677419354839,12.258064516129032,14.838709677419354,72.90322580645162,54.83870967741935,18.064516129032256
E00089591,164,40,17,23,124,93,31,24.390243902439025,10.365853658536585,14.02439024390244,75.60975609756098,56.70731707317073,18.902439024390244
E00089592,185,69,31,38,116,96,20,37.2972972972973,16.756756756756758,20.54054054054054,62.70270270270271,51.891891891891895,10.81081081081081
E00089593,203,58,28,30,145,101,44,28.57142857142857,13.793103448275861,14.77832512315271,71.42857142857143,49.75369458128079,21.67487684729064
E00089594,175,52,21,31,123,92,31,29.714285714285715,12,17.71428571428571,70.28571428571428,52.57142857142857,17.71428571428571
E00089595,180,53,21,32,127,96,31,29.444444444444446,11.666666666666666,17.77777777777778,70.55555555555556,53.333333333333336,17.22222222222222
E00089596,152,48,23,25,104,81,23,31.57894736842105,15.131578947368421,16.447368421052634,68.42105263157895,53.289473684210535,15.131578947368421
E00089597,199,62,25,37,137,110,27,31.155778894472363,12.562814070351758,18.592964824120603,68.84422110552764,55.27638190954774,13.5678391959799
E00089598,182,55,30,25,127,91,36,30.21978021978022,16.483516483516482,13.736263736263737,69.78021978021978,50,19.78021978021978
E00089599,125,37,18,19,88,68,20,29.599999999999998,14.399999999999999,15.2,70.39999999999999,54.400000000000006,16
E00089600,178,46,22,24,132,103,29,25.842696629213485,12.359550561797752,13.48314606741573,74.15730337078652,57.865168539325836,16.292134831460675
E00089601,179,65,28,37,114,82,32,36.312849162011176,15.64245810055866,20.670391061452513,63.687150837988824,45.81005586592179,17.877094972067038
E00089602,93,30,13,17,63,40,23,32.25806451612903,13.978494623655912,18.27956989247312,67.74193548387096,43.01075268817204,24.731182795698924
E00089603,187,63,34,29,124,92,32,33.68983957219251,18.181818181818183,15.508021390374333,66.31016042780749,49.19786096256685,17.11229946524064
E00089604,192,61,17,44,131,103,28,31.770833333333332,8.854166666666668,22.916666666666664,68.22916666666666,53.645833333333336,14.583333333333334
E00089605,198,69,31,38,129,92,37,34.84848484848485,15.656565656565657,19.19191919191919,65.15151515151516,46.464646464646464,18.68686868686869
E00089606,160,49,23,26,111,82,29,30.625000000000004,14.374999999999998,16.25,69.375,51.24999999999999,18.125
E00089607,129,45,27,18,84,68,16,34.883720930232556,20.930232558139537,13.953488372093023,65.11627906976744,52.71317829457365,12.4031007751938
E00089608,138,50,20,30,88,58,30,36.231884057971016,14.492753623188406,21.73913043478261,63.76811594202898,42.028985507246375,21.73913043478261
E00089609,182,61,26,35,121,82,39,33.51648351648351,14.285714285714285,19.230769230769234,66.48351648351648,45.05494505494506,21.428571428571427
E00089610,159,53,15,38,106,83,23,33.33333333333333,9.433962264150944,23.89937106918239,66.66666666666666,52.20125786163522,14.465408805031446
E00089611,140,44,22,22,96,72,24,31.428571428571427,15.714285714285714,15.714285714285714,68.57142857142857,51.42857142857142,17.142857142857142
E00089612,154,57,21,36,97,85,12,37.01298701298701,13.636363636363635,23.376623376623375,62.98701298701299,55.1948051948052,7.792207792207792
E00089613,127,43,14,29,84,74,10,33.85826771653544,11.023622047244094,22.83464566929134,66.14173228346458,58.26771653543307,7.874015748031496
E00089614,163,48,29,19,115,94,21,29.447852760736197,17.791411042944784,11.65644171779141,70.5521472392638,57.668711656441715,12.883435582822086
E00089615,131,50,22,28,81,67,14,38.16793893129771,16.793893129770993,21.374045801526716,61.832061068702295,51.14503816793893,10.687022900763358
E00089616,157,56,24,32,101,78,23,35.6687898089172,15.286624203821656,20.382165605095544,64.3312101910828,49.681528662420384,14.64968152866242
E00089617,124,47,26,21,77,55,22,37.903225806451616,20.967741935483872,16.93548387096774,62.096774193548384,44.354838709677416,17.741935483870968
E00089618,140,42,22,20,98,56,42,30,15.714285714285714,14.285714285714285,70,40,30
E00089619,214,60,26,34,154,117,37,28.037383177570092,12.149532710280374,15.887850467289718,71.96261682242991,54.67289719626168,17.289719626168225
E00089620,151,50,24,26,101,63,38,33.11258278145696,15.894039735099339,17.218543046357617,66.88741721854305,41.72185430463576,25.165562913907287
E00089621,149,45,22,23,104,69,35,30.201342281879196,14.76510067114094,15.436241610738255,69.79865771812081,46.308724832214764,23.48993288590604
E00089622,103,41,22,19,62,40,22,39.80582524271845,21.35922330097087,18.446601941747574,60.19417475728155,38.83495145631068,21.35922330097087
E00089623,189,49,22,27,140,94,46,25.925925925925924,11.64021164021164,14.285714285714285,74.07407407407408,49.735449735449734,24.33862433862434
E00089624,102,34,15,19,68,47,21,33.33333333333333,14.705882352941178,18.627450980392158,66.66666666666666,46.07843137254902,20.588235294117645
E00089625,174,49,23,26,125,89,36,28.160919540229884,13.218390804597702,14.942528735632186,71.83908045977012,51.14942528735632,20.689655172413794
E00089626,142,41,12,29,101,75,26,28.87323943661972,8.450704225352112,20.422535211267608,71.12676056338029,52.816901408450704,18.30985915492958
E00089627,165,53,22,31,112,86,26,32.121212121212125,13.333333333333334,18.787878787878785,67.87878787878789,52.121212121212125,15.757575757575756
E00089628,139,47,19,28,92,72,20,33.81294964028777,13.66906474820144,20.14388489208633,66.18705035971223,51.798561151079134,14.388489208633093
E00089629,175,66,31,35,109,76,33,37.714285714285715,17.71428571428571,20,62.28571428571429,43.42857142857143,18.857142857142858
E00089630,245,54,26,28,191,145,46,22.040816326530614,10.612244897959183,11.428571428571429,77.9591836734694,59.183673469387756,18.775510204081634
E00089631,174,52,20,32,122,93,29,29.88505747126437,11.494252873563218,18.39080459770115,70.11494252873564,53.44827586206896,16.666666666666664
E00089632,169,60,29,31,109,73,36,35.50295857988166,17.159763313609467,18.34319526627219,64.49704142011834,43.19526627218935,21.301775147928996
E00089633,119,22,7,15,97,68,29,18.487394957983195,5.88235294117647,12.605042016806722,81.5126050420168,57.14285714285714,24.369747899159663
E00089634,162,48,25,23,114,79,35,29.629629629629626,15.432098765432098,14.19753086419753,70.37037037037037,48.76543209876543,21.604938271604937
E00089635,133,44,14,30,89,64,25,33.08270676691729,10.526315789473683,22.55639097744361,66.9172932330827,48.1203007518797,18.796992481203006
E00089636,125,34,13,21,91,61,30,27.200000000000003,10.4,16.8,72.8,48.8,24
E00089637,145,37,15,22,108,82,26,25.517241379310345,10.344827586206897,15.172413793103448,74.48275862068967,56.55172413793104,17.93103448275862
E00089638,143,44,25,19,99,66,33,30.76923076923077,17.482517482517483,13.286713286713287,69.23076923076923,46.15384615384615,23.076923076923077
E00089639,164,65,39,26,99,65,34,39.63414634146341,23.78048780487805,15.853658536585366,60.36585365853659,39.63414634146341,20.73170731707317
E00089640,154,55,26,29,99,69,30,35.714285714285715,16.883116883116884,18.83116883116883,64.28571428571429,44.8051948051948,19.480519480519483
E00089641,152,46,21,25,106,79,27,30.263157894736842,13.815789473684212,16.447368421052634,69.73684210526315,51.973684210526315,17.763157894736842
E00089642,140,42,17,25,98,69,29,30,12.142857142857142,17.857142857142858,70,49.28571428571429,20.714285714285715
E00089643,162,61,28,33,101,59,42,37.65432098765432,17.28395061728395,20.37037037037037,62.34567901234568,36.41975308641975,25.925925925925924
E00089644,153,60,26,34,93,73,20,39.21568627450981,16.99346405228758,22.22222222222222,60.78431372549019,47.712418300653596,13.071895424836603
E00089645,110,51,21,30,59,42,17,46.36363636363636,19.090909090909093,27.27272727272727,53.63636363636364,38.18181818181819,15.454545454545453
E00089646,166,70,35,35,96,72,24,42.168674698795186,21.084337349397593,21.084337349397593,57.831325301204814,43.373493975903614,14.457831325301203
E00089647,165,59,29,30,106,79,27,35.75757575757576,17.575757575757574,18.181818181818183,64.24242424242425,47.878787878787875,16.363636363636363
E00089648,157,58,34,24,99,66,33,36.94267515923567,21.656050955414013,15.286624203821656,63.05732484076433,42.038216560509554,21.019108280254777
E00089649,165,48,17,31,117,80,37,29.09090909090909,10.303030303030303,18.787878787878785,70.9090909090909,48.484848484848484,22.424242424242426
E00089650,182,56,25,31,126,109,17,30.76923076923077,13.736263736263737,17.032967032967033,69.23076923076923,59.89010989010989,9.340659340659341
E00089651,167,50,20,30,117,87,30,29.94011976047904,11.976047904191617,17.964071856287426,70.05988023952095,52.09580838323353,17.964071856287426
E00089652,174,53,19,34,121,97,24,30.45977011494253,10.919540229885058,19.54022988505747,69.54022988505747,55.74712643678161,13.793103448275861
E00089653,144,39,15,24,105,95,10,27.083333333333332,10.416666666666668,16.666666666666664,72.91666666666666,65.97222222222221,6.944444444444445
E00089654,159,50,18,32,109,87,22,31.446540880503143,11.320754716981133,20.125786163522015,68.55345911949685,54.71698113207547,13.836477987421384
E00089655,157,56,20,36,101,91,10,35.6687898089172,12.738853503184714,22.929936305732486,64.3312101910828,57.961783439490446,6.369426751592357
E00089656,195,57,20,37,138,100,38,29.230769230769234,10.256410256410255,18.974358974358974,70.76923076923077,51.28205128205128,19.48717948717949
E00089657,94,34,12,22,60,47,13,36.17021276595745,12.76595744680851,23.404255319148938,63.829787234042556,50,13.829787234042554
E00089658,181,47,17,30,134,112,22,25.96685082872928,9.392265193370166,16.574585635359114,74.03314917127072,61.87845303867403,12.154696132596685
E00089659,176,47,17,30,129,95,34,26.704545454545453,9.659090909090908,17.045454545454543,73.29545454545455,53.97727272727273,19.318181818181817
E00089660,147,40,22,18,107,69,38,27.2108843537415,14.965986394557824,12.244897959183673,72.78911564625851,46.93877551020408,25.850340136054424
E00089661,130,52,23,29,78,60,18,40,17.692307692307693,22.30769230769231,60,46.15384615384615,13.846153846153847
E00089662,123,35,14,21,88,69,19,28.455284552845526,11.38211382113821,17.073170731707318,71.54471544715447,56.09756097560976,15.447154471544716
E00089663,108,28,15,13,80,67,13,25.925925925925924,13.88888888888889,12.037037037037036,74.07407407407408,62.03703703703704,12.037037037037036
E00089664,137,32,14,18,105,85,20,23.357664233576642,10.218978102189782,13.138686131386862,76.64233576642336,62.04379562043796,14.5985401459854
E00089665,127,43,19,24,84,63,21,33.85826771653544,14.960629921259844,18.89763779527559,66.14173228346458,49.60629921259843,16.535433070866144
E00089666,175,37,13,24,138,114,24,21.142857142857142,7.428571428571429,13.714285714285715,78.85714285714286,65.14285714285715,13.714285714285715
E00089667,145,39,14,25,106,79,27,26.89655172413793,9.655172413793103,17.24137931034483,73.10344827586206,54.48275862068965,18.620689655172416
E00089668,170,45,17,28,125,102,23,26.47058823529412,10,16.470588235294116,73.52941176470588,60,13.529411764705882
E00089669,193,63,28,35,130,103,27,32.64248704663213,14.507772020725387,18.134715025906736,67.35751295336787,53.36787564766839,13.989637305699482
E00089670,117,35,12,23,82,69,13,29.914529914529915,10.256410256410255,19.65811965811966,70.08547008547008,58.97435897435898,11.11111111111111
E00089671,173,49,20,29,124,108,16,28.32369942196532,11.560693641618498,16.76300578034682,71.67630057803468,62.42774566473989,9.248554913294797
E00089672,141,45,23,22,96,77,19,31.914893617021278,16.312056737588655,15.602836879432624,68.08510638297872,54.60992907801418,13.47517730496454
E00089673,144,45,14,31,99,81,18,31.25,9.722222222222223,21.52777777777778,68.75,56.25,12.5
E00089674,143,36,15,21,107,90,17,25.174825174825177,10.48951048951049,14.685314685314685,74.82517482517483,62.93706293706294,11.888111888111888
E00089675,152,37,15,22,115,87,28,24.342105263157894,9.868421052631579,14.473684210526317,75.6578947368421,57.23684210526315,18.421052631578945
E00089676,171,42,17,25,129,105,24,24.561403508771928,9.941520467836257,14.619883040935672,75.43859649122807,61.40350877192983,14.035087719298245
E00089677,181,45,20,25,136,118,18,24.861878453038674,11.049723756906078,13.812154696132598,75.13812154696133,65.19337016574586,9.94475138121547
E00089678,235,60,23,37,175,140,35,25.53191489361702,9.787234042553191,15.74468085106383,74.46808510638297,59.57446808510638,14.893617021276595
E00089679,197,52,22,30,145,119,26,26.39593908629442,11.16751269035533,15.228426395939088,73.60406091370558,60.40609137055838,13.19796954314721
E00089680,136,31,12,19,105,84,21,22.794117647058822,8.823529411764707,13.970588235294118,77.20588235294117,61.76470588235294,15.441176470588236
E00089681,126,38,10,28,88,60,28,30.158730158730158,7.936507936507936,22.22222222222222,69.84126984126983,47.61904761904761,22.22222222222222
E00089682,183,64,31,33,119,103,16,34.97267759562842,16.939890710382514,18.0327868852459,65.02732240437157,56.284153005464475,8.743169398907105
E00089683,162,43,18,25,119,95,24,26.543209876543212,11.11111111111111,15.432098765432098,73.4567901234568,58.64197530864198,14.814814814814813
E00089684,164,45,20,25,119,97,22,27.439024390243905,12.195121951219512,15.24390243902439,72.5609756097561,59.14634146341463,13.414634146341465
E00089685,132,51,21,30,81,65,16,38.63636363636363,15.909090909090908,22.727272727272727,61.36363636363637,49.24242424242424,12.121212121212121
E00089686,116,40,21,19,76,61,15,34.48275862068966,18.103448275862068,16.379310344827587,65.51724137931035,52.58620689655172,12.931034482758621
E00089687,170,54,16,38,116,91,25,31.76470588235294,9.411764705882353,22.35294117647059,68.23529411764706,53.529411764705884,14.705882352941178
E00089688,132,41,16,25,91,78,13,31.060606060606062,12.121212121212121,18.939393939393938,68.93939393939394,59.09090909090909,9.848484848484848
E00089689,130,30,10,20,100,85,15,23.076923076923077,7.6923076923076925,15.384615384615385,76.92307692307693,65.38461538461539,11.538461538461538
E00089691,163,57,15,42,106,94,12,34.96932515337423,9.202453987730062,25.766871165644172,65.03067484662577,57.668711656441715,7.361963190184049
E00089693,168,52,23,29,116,98,18,30.952380952380953,13.690476190476192,17.261904761904763,69.04761904761905,58.333333333333336,10.714285714285714
E00089694,158,36,12,24,122,95,27,22.78481012658228,7.59493670886076,15.18987341772152,77.21518987341773,60.12658227848101,17.088607594936708
E00089696,159,46,16,30,113,95,18,28.930817610062892,10.062893081761008,18.867924528301888,71.0691823899371,59.74842767295597,11.320754716981133
E00089697,155,37,12,25,118,99,19,23.870967741935484,7.741935483870968,16.129032258064516,76.12903225806451,63.87096774193548,12.258064516129032
E00089698,173,45,15,30,128,110,18,26.011560693641616,8.670520231213873,17.341040462427745,73.98843930635837,63.58381502890174,10.404624277456648
E00089699,147,41,17,24,106,98,8,27.89115646258503,11.564625850340136,16.3265306122449,72.10884353741497,66.66666666666666,5.442176870748299
E00089700,179,55,26,29,124,98,26,30.726256983240223,14.52513966480447,16.201117318435752,69.27374301675978,54.7486033519553,14.52513966480447
E00089701,165,51,15,36,114,96,18,30.909090909090907,9.090909090909092,21.818181818181817,69.0909090909091,58.18181818181818,10.909090909090908
E00089702,163,45,14,31,118,101,17,27.607361963190186,8.588957055214724,19.018404907975462,72.39263803680981,61.963190184049076,10.429447852760736
E00089703,162,45,25,20,117,83,34,27.77777777777778,15.432098765432098,12.345679012345679,72.22222222222221,51.23456790123457,20.98765432098765
E00089704,148,38,13,25,110,87,23,25.675675675675674,8.783783783783784,16.89189189189189,74.32432432432432,58.78378378378378,15.54054054054054
E00089705,129,38,20,18,91,71,20,29.457364341085274,15.503875968992247,13.953488372093023,70.54263565891473,55.03875968992248,15.503875968992247
E00089706,174,47,23,24,127,96,31,27.011494252873565,13.218390804597702,13.793103448275861,72.98850574712644,55.172413793103445,17.81609195402299
E00089707,143,46,21,25,97,60,37,32.16783216783217,14.685314685314685,17.482517482517483,67.83216783216784,41.95804195804196,25.874125874125873
E00089708,163,52,27,25,111,83,28,31.901840490797547,16.56441717791411,15.337423312883436,68.09815950920245,50.920245398773,17.177914110429448
E00089709,195,69,34,35,126,94,32,35.38461538461539,17.435897435897434,17.94871794871795,64.61538461538461,48.205128205128204,16.41025641025641
E00089710,107,38,13,25,69,51,18,35.51401869158878,12.149532710280374,23.364485981308412,64.48598130841121,47.66355140186916,16.822429906542055
E00089711,166,62,31,31,104,76,28,37.34939759036144,18.67469879518072,18.67469879518072,62.65060240963856,45.78313253012048,16.867469879518072
E00089712,146,56,17,39,90,83,7,38.35616438356164,11.643835616438356,26.71232876712329,61.64383561643836,56.849315068493155,4.794520547945205
E00089713,150,48,22,26,102,75,27,32,14.666666666666666,17.333333333333336,68,50,18
E00089714,152,49,26,23,103,68,35,32.23684210526316,17.105263157894736,15.131578947368421,67.76315789473685,44.73684210526316,23.026315789473685
E00089715,157,52,21,31,105,79,26,33.12101910828025,13.375796178343949,19.745222929936308,66.87898089171973,50.318471337579616,16.560509554140125
E00089716,191,62,27,35,129,108,21,32.460732984293195,14.136125654450263,18.32460732984293,67.5392670157068,56.54450261780105,10.99476439790576
E00089717,159,47,24,23,112,85,27,29.559748427672954,15.09433962264151,14.465408805031446,70.44025157232704,53.459119496855344,16.9811320754717
E00089718,235,67,21,46,168,148,20,28.510638297872344,8.936170212765958,19.574468085106382,71.48936170212767,62.97872340425532,8.51063829787234
E00089719,184,82,29,53,102,97,5,44.565217391304344,15.760869565217392,28.804347826086957,55.434782608695656,52.71739130434783,2.717391304347826
E00089720,190,41,15,26,149,133,16,21.578947368421055,7.894736842105263,13.684210526315791,78.42105263157895,70,8.421052631578947
E00089721,229,64,19,45,165,139,26,27.947598253275107,8.296943231441048,19.65065502183406,72.0524017467249,60.698689956331876,11.353711790393014
E00089722,67,22,14,8,45,36,9,32.83582089552239,20.8955223880597,11.940298507462686,67.16417910447761,53.73134328358209,13.432835820895523
E00089723,62,21,11,10,41,28,13,33.87096774193548,17.741935483870968,16.129032258064516,66.12903225806451,45.16129032258064,20.967741935483872
E00089724,119,43,18,25,76,55,21,36.134453781512605,15.126050420168067,21.008403361344538,63.86554621848739,46.21848739495798,17.647058823529413
E00089725,118,44,20,24,74,60,14,37.28813559322034,16.94915254237288,20.33898305084746,62.71186440677966,50.847457627118644,11.864406779661017
E00089726,167,51,25,26,116,85,31,30.538922155688624,14.97005988023952,15.568862275449103,69.46107784431138,50.898203592814376,18.562874251497004
E00089727,143,46,16,30,97,52,45,32.16783216783217,11.188811188811188,20.97902097902098,67.83216783216784,36.36363636363637,31.46853146853147
E00089728,192,56,30,26,136,94,42,29.166666666666668,15.625,13.541666666666666,70.83333333333334,48.95833333333333,21.875
E00089729,194,54,25,29,140,81,59,27.835051546391753,12.886597938144329,14.948453608247423,72.16494845360825,41.75257731958763,30.412371134020617
E00089730,133,48,23,25,85,47,38,36.09022556390977,17.293233082706767,18.796992481203006,63.90977443609023,35.338345864661655,28.57142857142857
E00089731,144,48,28,20,96,66,30,33.33333333333333,19.444444444444446,13.88888888888889,66.66666666666666,45.83333333333333,20.833333333333336
E00089732,162,52,24,28,110,73,37,32.098765432098766,14.814814814814813,17.28395061728395,67.90123456790124,45.06172839506173,22.839506172839506
E00089733,172,53,23,30,119,78,41,30.813953488372093,13.372093023255813,17.441860465116278,69.18604651162791,45.348837209302324,23.837209302325583
E00089734,159,43,13,30,116,82,34,27.044025157232703,8.176100628930817,18.867924528301888,72.95597484276729,51.57232704402516,21.38364779874214
E00089735,187,73,34,39,114,92,22,39.037433155080215,18.181818181818183,20.855614973262032,60.962566844919785,49.19786096256685,11.76470588235294
E00089736,142,40,22,18,102,63,39,28.169014084507044,15.492957746478872,12.676056338028168,71.83098591549296,44.36619718309859,27.464788732394368
E00089737,173,49,19,30,124,99,25,28.32369942196532,10.982658959537572,17.341040462427745,71.67630057803468,57.22543352601156,14.450867052023122
E00089738,159,42,14,28,117,98,19,26.41509433962264,8.80503144654088,17.61006289308176,73.58490566037736,61.63522012578616,11.949685534591195
E00089739,143,39,21,18,104,81,23,27.27272727272727,14.685314685314685,12.587412587412588,72.72727272727273,56.64335664335665,16.083916083916083
E00089740,160,47,23,24,113,85,28,29.375,14.374999999999998,15,70.625,53.125,17.5
E00089741,66,19,11,8,47,37,10,28.78787878787879,16.666666666666664,12.121212121212121,71.21212121212122,56.060606060606055,15.151515151515152
E00089742,161,58,16,42,103,84,19,36.024844720496894,9.937888198757763,26.08695652173913,63.975155279503106,52.17391304347826,11.801242236024844
E00089743,160,55,24,31,105,81,24,34.375,15,19.375,65.625,50.625,15
E00089744,147,38,12,26,109,84,25,25.850340136054424,8.16326530612245,17.687074829931973,74.14965986394559,57.14285714285714,17.006802721088434
E00089745,144,51,18,33,93,71,22,35.41666666666667,12.5,22.916666666666664,64.58333333333334,49.30555555555556,15.277777777777779
E00089746,147,44,14,30,103,72,31,29.931972789115648,9.523809523809524,20.408163265306122,70.06802721088435,48.97959183673469,21.08843537414966
E00089747,128,48,17,31,80,68,12,37.5,13.28125,24.21875,62.5,53.125,9.375
E00089748,114,37,16,21,77,70,7,32.45614035087719,14.035087719298245,18.421052631578945,67.54385964912281,61.40350877192983,6.140350877192982
E00089749,181,51,11,40,130,116,14,28.176795580110497,6.077348066298343,22.099447513812155,71.8232044198895,64.08839779005525,7.734806629834254
E00089750,163,53,19,34,110,89,21,32.515337423312886,11.65644171779141,20.858895705521473,67.48466257668711,54.601226993865026,12.883435582822086
E00089751,126,29,14,15,97,67,30,23.015873015873016,11.11111111111111,11.904761904761903,76.98412698412699,53.17460317460318,23.809523809523807
E00089752,224,69,36,33,155,121,34,30.80357142857143,16.071428571428573,14.732142857142858,69.19642857142857,54.01785714285714,15.178571428571427
E00089753,158,57,23,34,101,70,31,36.075949367088604,14.556962025316455,21.518987341772153,63.92405063291139,44.303797468354425,19.62025316455696
E00089754,124,52,21,31,72,54,18,41.935483870967744,16.93548387096774,25,58.06451612903226,43.54838709677419,14.516129032258066
E00089755,147,48,18,30,99,85,14,32.6530612244898,12.244897959183673,20.408163265306122,67.3469387755102,57.82312925170068,9.523809523809524
E00089756,143,37,10,27,106,82,24,25.874125874125873,6.993006993006993,18.88111888111888,74.12587412587412,57.34265734265735,16.783216783216783
E00089757,116,36,17,19,80,66,14,31.03448275862069,14.655172413793101,16.379310344827587,68.96551724137932,56.896551724137936,12.068965517241379
E00089758,144,49,15,34,95,80,15,34.02777777777778,10.416666666666668,23.61111111111111,65.97222222222221,55.55555555555556,10.416666666666668
E00089759,213,72,29,43,141,119,22,33.80281690140845,13.615023474178404,20.187793427230048,66.19718309859155,55.86854460093896,10.328638497652582
E00089760,162,66,31,35,96,88,8,40.74074074074074,19.1358024691358,21.604938271604937,59.25925925925925,54.32098765432099,4.938271604938271
E00089761,131,49,18,31,82,63,19,37.404580152671755,13.740458015267176,23.66412213740458,62.59541984732825,48.091603053435115,14.50381679389313
E00089762,181,47,16,31,134,105,29,25.96685082872928,8.83977900552486,17.12707182320442,74.03314917127072,58.011049723756905,16.022099447513813
E00089763,168,48,16,32,120,99,21,28.57142857142857,9.523809523809524,19.047619047619047,71.42857142857143,58.92857142857143,12.5
E00089764,129,37,16,21,92,78,14,28.68217054263566,12.4031007751938,16.27906976744186,71.31782945736434,60.46511627906976,10.852713178294573
E00089765,202,58,15,43,144,123,21,28.71287128712871,7.425742574257425,21.287128712871286,71.28712871287128,60.89108910891089,10.396039603960396
E00089766,166,56,21,35,110,98,12,33.734939759036145,12.650602409638553,21.084337349397593,66.26506024096386,59.036144578313255,7.228915662650602
E00089767,160,49,20,29,111,93,18,30.625000000000004,12.5,18.125,69.375,58.12500000000001,11.25
E00089768,121,35,12,23,86,72,14,28.92561983471074,9.917355371900827,19.00826446280992,71.07438016528926,59.50413223140496,11.570247933884298
E00089769,144,30,15,15,114,84,30,20.833333333333336,10.416666666666668,10.416666666666668,79.16666666666666,58.333333333333336,20.833333333333336
E00089770,119,34,19,15,85,69,16,28.57142857142857,15.966386554621847,12.605042016806722,71.42857142857143,57.98319327731093,13.445378151260504
E00089772,255,49,17,32,206,162,44,19.215686274509807,6.666666666666667,12.549019607843137,80.7843137254902,63.52941176470588,17.254901960784313
E00089773,156,57,28,29,99,89,10,36.53846153846153,17.94871794871795,18.58974358974359,63.46153846153846,57.05128205128205,6.41025641025641
E00089774,164,55,23,32,109,91,18,33.53658536585366,14.02439024390244,19.51219512195122,66.46341463414635,55.487804878048784,10.975609756097562
E00089775,107,35,8,27,72,63,9,32.71028037383177,7.476635514018691,25.233644859813083,67.28971962616822,58.87850467289719,8.411214953271028
E00089776,122,38,16,22,84,72,12,31.147540983606557,13.114754098360656,18.0327868852459,68.85245901639344,59.01639344262295,9.836065573770492
E00089777,158,56,24,32,102,90,12,35.44303797468354,15.18987341772152,20.253164556962027,64.55696202531645,56.9620253164557,7.59493670886076
E00089778,146,42,15,27,104,86,18,28.767123287671232,10.273972602739725,18.493150684931507,71.23287671232876,58.9041095890411,12.32876712328767
E00089779,138,44,17,27,94,82,12,31.88405797101449,12.318840579710146,19.565217391304348,68.11594202898551,59.42028985507246,8.695652173913043
E00089780,165,44,16,28,121,99,22,26.666666666666668,9.696969696969697,16.969696969696972,73.33333333333333,60,13.333333333333334
E00089781,151,43,21,22,108,90,18,28.47682119205298,13.90728476821192,14.56953642384106,71.52317880794702,59.60264900662252,11.920529801324504
E00089782,173,62,34,28,111,77,34,35.83815028901734,19.653179190751445,16.184971098265898,64.16184971098265,44.50867052023121,19.653179190751445
E00089783,138,47,17,30,91,65,26,34.05797101449276,12.318840579710146,21.73913043478261,65.94202898550725,47.10144927536232,18.84057971014493
E00089784,164,51,27,24,113,75,38,31.097560975609756,16.463414634146343,14.634146341463413,68.90243902439023,45.73170731707317,23.170731707317074
E00089785,111,31,19,12,80,54,26,27.927927927927925,17.117117117117118,10.81081081081081,72.07207207207207,48.64864864864865,23.423423423423422
E00089786,184,56,29,27,128,91,37,30.434782608695656,15.760869565217392,14.673913043478262,69.56521739130434,49.45652173913043,20.108695652173914
E00089787,155,45,16,29,110,79,31,29.03225806451613,10.32258064516129,18.70967741935484,70.96774193548387,50.967741935483865,20
E00089788,182,57,19,38,125,95,30,31.318681318681318,10.43956043956044,20.87912087912088,68.68131868131869,52.197802197802204,16.483516483516482
E00089789,193,54,21,33,139,122,17,27.979274611398964,10.880829015544041,17.098445595854923,72.02072538860104,63.212435233160626,8.808290155440414
E00089790,178,49,16,33,129,106,23,27.52808988764045,8.98876404494382,18.53932584269663,72.47191011235955,59.55056179775281,12.921348314606742
E00089791,194,54,22,32,140,118,22,27.835051546391753,11.34020618556701,16.49484536082474,72.16494845360825,60.824742268041234,11.34020618556701
E00089792,173,52,19,33,121,107,14,30.057803468208093,10.982658959537572,19.07514450867052,69.94219653179191,61.849710982658955,8.092485549132949
E00089793,154,65,17,48,89,79,10,42.2077922077922,11.03896103896104,31.16883116883117,57.7922077922078,51.298701298701296,6.493506493506493
E00089794,165,53,25,28,112,87,25,32.121212121212125,15.151515151515152,16.969696969696972,67.87878787878789,52.72727272727272,15.151515151515152
E00089795,148,46,20,26,102,65,37,31.08108108108108,13.513513513513514,17.56756756756757,68.91891891891892,43.91891891891892,25
E00089796,161,56,28,28,105,64,41,34.78260869565217,17.391304347826086,17.391304347826086,65.21739130434783,39.75155279503105,25.465838509316768
E00089797,169,51,20,31,118,95,23,30.17751479289941,11.834319526627219,18.34319526627219,69.8224852071006,56.213017751479285,13.609467455621301
E00089798,152,48,30,18,104,70,34,31.57894736842105,19.736842105263158,11.842105263157894,68.42105263157895,46.05263157894737,22.36842105263158
E00089799,74,13,3,10,61,44,17,17.56756756756757,4.054054054054054,13.513513513513514,82.43243243243244,59.45945945945946,22.972972972972975
E00089800,175,54,23,31,121,87,34,30.857142857142854,13.142857142857142,17.71428571428571,69.14285714285714,49.714285714285715,19.428571428571427
E00089801,185,44,18,26,141,104,37,23.783783783783786,9.72972972972973,14.054054054054054,76.21621621621621,56.21621621621622,20
E00089802,156,54,25,29,102,53,49,34.61538461538461,16.025641025641026,18.58974358974359,65.38461538461539,33.97435897435898,31.41025641025641
E00089803,219,65,22,43,154,123,31,29.68036529680365,10.045662100456621,19.63470319634703,70.31963470319634,56.16438356164384,14.15525114155251
E00089804,118,39,22,17,79,49,30,33.05084745762712,18.64406779661017,14.40677966101695,66.94915254237289,41.52542372881356,25.423728813559322
E00089805,145,39,20,19,106,62,44,26.89655172413793,13.793103448275861,13.10344827586207,73.10344827586206,42.758620689655174,30.344827586206897
E00089806,166,48,23,25,118,82,36,28.915662650602407,13.855421686746988,15.060240963855422,71.08433734939759,49.39759036144578,21.686746987951807
E00089807,206,61,33,28,145,79,66,29.61165048543689,16.019417475728158,13.592233009708737,70.3883495145631,38.349514563106794,32.038834951456316
E00089808,113,36,14,22,77,50,27,31.858407079646017,12.389380530973451,19.469026548672566,68.14159292035397,44.24778761061947,23.893805309734514
E00089809,164,37,17,20,127,105,22,22.5609756097561,10.365853658536585,12.195121951219512,77.4390243902439,64.02439024390245,13.414634146341465
E00089810,191,59,20,39,132,85,47,30.89005235602094,10.471204188481675,20.418848167539267,69.10994764397905,44.50261780104712,24.60732984293194
E00089811,232,67,27,40,165,110,55,28.879310344827587,11.637931034482758,17.24137931034483,71.12068965517241,47.41379310344828,23.70689655172414
E00089812,160,39,13,26,121,100,21,24.375,8.125,16.25,75.625,62.5,13.125
E00089813,142,38,17,21,104,94,10,26.76056338028169,11.971830985915492,14.788732394366196,73.23943661971832,66.19718309859155,7.042253521126761
E00089814,234,54,22,32,180,147,33,23.076923076923077,9.401709401709402,13.675213675213676,76.92307692307693,62.82051282051282,14.102564102564102
E00089815,201,46,19,27,155,117,38,22.885572139303484,9.45273631840796,13.432835820895523,77.11442786069652,58.2089552238806,18.90547263681592
E00089816,169,36,21,15,133,99,34,21.301775147928996,12.42603550295858,8.875739644970414,78.69822485207101,58.57988165680473,20.118343195266274
E00089817,282,81,38,43,201,136,65,28.723404255319153,13.47517730496454,15.24822695035461,71.27659574468085,48.226950354609926,23.04964539007092
E00089818,118,42,14,28,76,60,16,35.59322033898305,11.864406779661017,23.728813559322035,64.40677966101694,50.847457627118644,13.559322033898304
E00089819,124,27,7,20,97,85,12,21.774193548387096,5.64516129032258,16.129032258064516,78.2258064516129,68.54838709677419,9.67741935483871
E00089820,181,53,20,33,128,116,12,29.2817679558011,11.049723756906078,18.23204419889503,70.71823204419888,64.08839779005525,6.629834254143646
E00089821,199,51,20,31,148,107,41,25.628140703517587,10.050251256281408,15.577889447236181,74.37185929648241,53.768844221105525,20.603015075376884
E00089822,157,28,8,20,129,91,38,17.8343949044586,5.095541401273886,12.738853503184714,82.16560509554141,57.961783439490446,24.203821656050955
E00089823,205,63,30,33,142,106,36,30.73170731707317,14.634146341463413,16.097560975609756,69.26829268292683,51.707317073170735,17.560975609756095
E00089824,178,55,14,41,123,94,29,30.89887640449438,7.865168539325842,23.03370786516854,69.10112359550563,52.80898876404494,16.292134831460675
E00089825,220,58,29,29,162,109,53,26.36363636363636,13.18181818181818,13.18181818181818,73.63636363636363,49.54545454545455,24.09090909090909
E00089826,123,38,14,24,85,66,19,30.89430894308943,11.38211382113821,19.51219512195122,69.10569105691057,53.65853658536586,15.447154471544716
E00089827,209,57,28,29,152,111,41,27.27272727272727,13.397129186602871,13.875598086124402,72.72727272727273,53.110047846889955,19.617224880382775
E00089828,179,46,20,26,133,96,37,25.69832402234637,11.1731843575419,14.52513966480447,74.30167597765363,53.63128491620112,20.670391061452513
E00089829,112,31,9,22,81,65,16,27.67857142857143,8.035714285714286,19.642857142857142,72.32142857142857,58.03571428571429,14.285714285714285
E00089830,201,44,15,29,157,117,40,21.890547263681594,7.462686567164178,14.427860696517413,78.1094527363184,58.2089552238806,19.900497512437813
E00089831,157,52,16,36,105,85,20,33.12101910828025,10.191082802547772,22.929936305732486,66.87898089171973,54.14012738853503,12.738853503184714
E00089832,137,31,10,21,106,89,17,22.62773722627737,7.2992700729927,15.328467153284672,77.37226277372264,64.96350364963503,12.408759124087592
E00089833,179,48,19,29,131,112,19,26.81564245810056,10.614525139664805,16.201117318435752,73.18435754189943,62.56983240223464,10.614525139664805
E00089834,145,43,21,22,102,92,10,29.655172413793103,14.482758620689657,15.172413793103448,70.34482758620689,63.44827586206897,6.896551724137931
E00089835,198,41,15,26,157,124,33,20.707070707070706,7.575757575757576,13.131313131313133,79.29292929292929,62.62626262626263,16.666666666666664
E00089836,154,58,19,39,96,72,24,37.66233766233766,12.337662337662337,25.324675324675322,62.33766233766234,46.75324675324675,15.584415584415584
E00089837,161,37,10,27,124,107,17,22.981366459627328,6.211180124223603,16.77018633540373,77.01863354037268,66.45962732919256,10.559006211180124
E00089838,165,46,22,24,119,92,27,27.878787878787882,13.333333333333334,14.545454545454545,72.12121212121212,55.757575757575765,16.363636363636363
E00089839,246,54,21,33,192,170,22,21.951219512195124,8.536585365853659,13.414634146341465,78.04878048780488,69.10569105691057,8.94308943089431
E00089840,176,55,18,37,121,104,17,31.25,10.227272727272728,21.022727272727273,68.75,59.09090909090909,9.659090909090908
E00089841,99,24,9,15,75,63,12,24.242424242424242,9.090909090909092,15.151515151515152,75.75757575757575,63.63636363636363,12.121212121212121
E00089842,155,51,22,29,104,86,18,32.903225806451616,14.193548387096774,18.70967741935484,67.0967741935484,55.483870967741936,11.612903225806452
E00089843,158,50,17,33,108,84,24,31.645569620253166,10.759493670886076,20.88607594936709,68.35443037974683,53.16455696202531,15.18987341772152
E00089844,201,62,30,32,139,115,24,30.845771144278604,14.925373134328357,15.92039800995025,69.15422885572139,57.2139303482587,11.940298507462686
E00089845,161,57,24,33,104,86,18,35.40372670807454,14.906832298136646,20.496894409937887,64.59627329192547,53.41614906832298,11.180124223602485
E00089846,175,44,15,29,131,114,17,25.142857142857146,8.571428571428571,16.57142857142857,74.85714285714286,65.14285714285715,9.714285714285714
E00089847,207,52,25,27,155,139,16,25.120772946859905,12.077294685990339,13.043478260869565,74.8792270531401,67.14975845410628,7.729468599033816
E00089848,121,47,16,31,74,68,6,38.84297520661157,13.223140495867769,25.6198347107438,61.15702479338842,56.19834710743802,4.958677685950414
E00089849,141,38,16,22,103,88,15,26.95035460992908,11.347517730496454,15.602836879432624,73.04964539007092,62.4113475177305,10.638297872340425
E00089850,166,46,26,20,120,99,21,27.710843373493976,15.66265060240964,12.048192771084338,72.28915662650603,59.63855421686747,12.650602409638553
E00089851,154,35,14,21,119,105,14,22.727272727272727,9.090909090909092,13.636363636363635,77.27272727272727,68.18181818181817,9.090909090909092
E00089852,227,54,18,36,173,142,31,23.788546255506606,7.929515418502203,15.859030837004406,76.2114537444934,62.55506607929515,13.656387665198238
E00089853,168,44,18,26,124,103,21,26.190476190476193,10.714285714285714,15.476190476190476,73.80952380952381,61.30952380952381,12.5
E00089854,186,56,25,31,130,109,21,30.107526881720432,13.440860215053762,16.666666666666664,69.89247311827957,58.602150537634415,11.29032258064516
E00089855,142,36,15,21,106,89,17,25.352112676056336,10.56338028169014,14.788732394366196,74.64788732394366,62.676056338028175,11.971830985915492
E00089856,170,44,13,31,126,110,16,25.882352941176475,7.647058823529412,18.235294117647058,74.11764705882354,64.70588235294117,9.411764705882353
E00089857,143,31,12,19,112,90,22,21.678321678321677,8.391608391608392,13.286713286713287,78.32167832167832,62.93706293706294,15.384615384615385
E00089858,133,36,11,25,97,90,7,27.06766917293233,8.270676691729323,18.796992481203006,72.93233082706767,67.66917293233082,5.263157894736842
E00089859,167,27,8,19,140,119,21,16.16766467065868,4.790419161676647,11.377245508982035,83.8323353293413,71.25748502994011,12.574850299401197
E00089860,144,22,5,17,122,106,16,15.277777777777779,3.4722222222222223,11.805555555555555,84.72222222222221,73.61111111111111,11.11111111111111
E00089861,153,37,12,25,116,92,24,24.183006535947712,7.8431372549019605,16.33986928104575,75.81699346405229,60.130718954248366,15.686274509803921
E00089862,172,42,16,26,130,115,15,24.418604651162788,9.30232558139535,15.11627906976744,75.5813953488372,66.86046511627907,8.720930232558139
E00089864,134,43,19,24,91,76,15,32.08955223880597,14.17910447761194,17.91044776119403,67.91044776119402,56.71641791044776,11.194029850746269
E00089865,151,47,17,30,104,86,18,31.125827814569533,11.258278145695364,19.867549668874172,68.87417218543047,56.95364238410596,11.920529801324504
E00089866,148,35,21,14,113,95,18,23.64864864864865,14.18918918918919,9.45945945945946,76.35135135135135,64.1891891891892,12.162162162162163
E00089867,161,43,15,28,118,98,20,26.70807453416149,9.316770186335404,17.391304347826086,73.29192546583852,60.86956521739131,12.422360248447205
E00089868,146,35,15,20,111,85,26,23.972602739726025,10.273972602739725,13.698630136986301,76.02739726027397,58.21917808219178,17.80821917808219
E00089869,144,53,19,34,91,71,20,36.80555555555556,13.194444444444445,23.61111111111111,63.19444444444444,49.30555555555556,13.88888888888889
E00089870,151,42,14,28,109,87,22,27.81456953642384,9.271523178807946,18.543046357615893,72.18543046357617,57.615894039735096,14.56953642384106
E00089871,110,38,17,21,72,54,18,34.54545454545455,15.454545454545453,19.090909090909093,65.45454545454545,49.09090909090909,16.363636363636363
E00089872,150,43,18,25,107,89,18,28.666666666666668,12,16.666666666666664,71.33333333333334,59.333333333333336,12
E00089873,222,40,16,24,182,147,35,18.01801801801802,7.207207207207207,10.81081081081081,81.98198198198197,66.21621621621621,15.765765765765765
E00089874,254,61,23,38,193,163,30,24.015748031496063,9.05511811023622,14.960629921259844,75.98425196850394,64.1732283464567,11.811023622047244
E00089875,160,42,12,30,118,96,22,26.25,7.5,18.75,73.75,60,13.750000000000002
E00089876,178,48,15,33,130,96,34,26.96629213483146,8.426966292134832,18.53932584269663,73.03370786516854,53.93258426966292,19.101123595505616
E00089877,155,52,22,30,103,79,24,33.5483870967742,14.193548387096774,19.35483870967742,66.45161290322581,50.967741935483865,15.483870967741936
E00089878,168,41,16,25,127,109,18,24.404761904761905,9.523809523809524,14.880952380952381,75.59523809523809,64.88095238095238,10.714285714285714
E00089879,151,38,16,22,113,90,23,25.165562913907287,10.596026490066226,14.56953642384106,74.83443708609272,59.60264900662252,15.2317880794702
E00089880,238,62,24,38,176,127,49,26.05042016806723,10.084033613445378,15.966386554621847,73.94957983193278,53.36134453781513,20.588235294117645
E00089881,219,52,22,30,167,138,29,23.74429223744292,10.045662100456621,13.698630136986301,76.25570776255708,63.013698630136986,13.24200913242009
E00089882,185,49,15,34,136,106,30,26.486486486486488,8.108108108108109,18.37837837837838,73.51351351351352,57.2972972972973,16.216216216216218
E00089883,166,53,19,34,113,81,32,31.92771084337349,11.44578313253012,20.481927710843372,68.07228915662651,48.795180722891565,19.27710843373494
E00089884,149,36,12,24,113,87,26,24.161073825503358,8.053691275167784,16.10738255033557,75.83892617449665,58.38926174496645,17.449664429530202
E00089885,111,28,11,17,83,75,8,25.225225225225223,9.90990990990991,15.315315315315313,74.77477477477478,67.56756756756756,7.207207207207207
E00089886,170,46,13,33,124,101,23,27.058823529411764,7.647058823529412,19.411764705882355,72.94117647058823,59.411764705882355,13.529411764705882
E00089887,144,42,23,19,102,69,33,29.166666666666668,15.972222222222221,13.194444444444445,70.83333333333334,47.91666666666667,22.916666666666664
E00089888,242,70,29,41,172,135,37,28.92561983471074,11.983471074380166,16.94214876033058,71.07438016528926,55.78512396694215,15.289256198347106
E00089889,134,33,18,15,101,82,19,24.62686567164179,13.432835820895523,11.194029850746269,75.3731343283582,61.19402985074627,14.17910447761194
E00089890,168,37,8,29,131,111,20,22.023809523809522,4.761904761904762,17.261904761904763,77.97619047619048,66.07142857142857,11.904761904761903
E00089891,217,70,33,37,147,100,47,32.25806451612903,15.207373271889402,17.050691244239633,67.74193548387096,46.08294930875576,21.658986175115206
E00089892,195,66,30,36,129,93,36,33.84615384615385,15.384615384615385,18.461538461538463,66.15384615384615,47.69230769230769,18.461538461538463
E00089893,142,53,23,30,89,67,22,37.32394366197183,16.19718309859155,21.12676056338028,62.676056338028175,47.183098591549296,15.492957746478872
E00089894,163,49,19,30,114,82,32,30.061349693251532,11.65644171779141,18.404907975460123,69.93865030674846,50.306748466257666,19.631901840490798
E00089895,169,56,23,33,113,76,37,33.13609467455622,13.609467455621301,19.526627218934912,66.86390532544378,44.97041420118343,21.893491124260358
E00089896,178,56,29,27,122,88,34,31.46067415730337,16.292134831460675,15.168539325842698,68.53932584269663,49.43820224719101,19.101123595505616
E00089897,141,43,12,31,98,68,30,30.49645390070922,8.51063829787234,21.98581560283688,69.50354609929079,48.226950354609926,21.27659574468085
E00089898,217,68,26,42,149,109,40,31.336405529953915,11.981566820276496,19.35483870967742,68.66359447004609,50.23041474654379,18.433179723502306
E00089899,150,47,15,32,103,80,23,31.333333333333336,10,21.333333333333336,68.66666666666667,53.333333333333336,15.333333333333332
E00089900,164,47,23,24,117,97,20,28.65853658536585,14.02439024390244,14.634146341463413,71.34146341463415,59.14634146341463,12.195121951219512
E00089901,177,51,20,31,126,83,43,28.8135593220339,11.299435028248588,17.51412429378531,71.1864406779661,46.89265536723164,24.293785310734464
E00089902,241,52,23,29,189,134,55,21.57676348547718,9.54356846473029,12.033195020746888,78.42323651452283,55.601659751037346,22.821576763485478
E00089903,251,57,20,37,194,161,33,22.709163346613543,7.968127490039841,14.741035856573706,77.29083665338645,64.14342629482071,13.147410358565736
E00089904,169,48,19,29,121,102,19,28.402366863905325,11.242603550295858,17.159763313609467,71.59763313609467,60.35502958579882,11.242603550295858
E00089905,195,48,22,26,147,100,47,24.615384615384617,11.282051282051283,13.333333333333334,75.38461538461539,51.28205128205128,24.102564102564102
E00089906,156,43,10,33,113,83,30,27.564102564102566,6.41025641025641,21.153846153846153,72.43589743589743,53.205128205128204,19.230769230769234
E00089907,163,49,20,29,114,76,38,30.061349693251532,12.269938650306749,17.791411042944784,69.93865030674846,46.62576687116564,23.31288343558282
E00089908,162,41,23,18,121,80,41,25.308641975308642,14.19753086419753,11.11111111111111,74.69135802469135,49.382716049382715,25.308641975308642
E00089909,165,44,18,26,121,99,22,26.666666666666668,10.909090909090908,15.757575757575756,73.33333333333333,60,13.333333333333334
E00089910,180,51,28,23,129,82,47,28.333333333333332,15.555555555555555,12.777777777777777,71.66666666666667,45.55555555555556,26.111111111111114
E00089911,180,50,24,26,130,74,56,27.77777777777778,13.333333333333334,14.444444444444443,72.22222222222221,41.11111111111111,31.11111111111111
E00089912,124,42,23,19,82,55,27,33.87096774193548,18.548387096774192,15.32258064516129,66.12903225806451,44.354838709677416,21.774193548387096
E00089913,118,41,19,22,77,50,27,34.74576271186441,16.101694915254235,18.64406779661017,65.2542372881356,42.3728813559322,22.88135593220339
E00089914,197,46,25,21,151,111,40,23.3502538071066,12.690355329949238,10.65989847715736,76.6497461928934,56.34517766497462,20.304568527918782
E00089915,257,54,24,30,203,146,57,21.011673151750973,9.33852140077821,11.673151750972762,78.98832684824903,56.809338521400775,22.17898832684825
E00089916,127,41,15,26,86,56,30,32.28346456692913,11.811023622047244,20.47244094488189,67.71653543307087,44.09448818897638,23.62204724409449
E00089917,154,50,24,26,104,69,35,32.467532467532465,15.584415584415584,16.883116883116884,67.53246753246754,44.8051948051948,22.727272727272727
E00089918,196,55,28,27,141,90,51,28.061224489795915,14.285714285714285,13.77551020408163,71.93877551020408,45.91836734693878,26.02040816326531
E00089919,191,69,41,28,122,82,40,36.12565445026178,21.465968586387437,14.659685863874344,63.87434554973822,42.93193717277487,20.94240837696335
E00089920,112,23,7,16,89,66,23,20.535714285714285,6.25,14.285714285714285,79.46428571428571,58.92857142857143,20.535714285714285
E00089921,164,51,30,21,113,71,42,31.097560975609756,18.29268292682927,12.804878048780488,68.90243902439023,43.292682926829265,25.609756097560975
E00089922,268,67,30,37,201,140,61,25,11.194029850746269,13.805970149253731,75,52.23880597014925,22.761194029850746
E00089923,181,50,27,23,131,102,29,27.624309392265197,14.917127071823206,12.70718232044199,72.37569060773481,56.353591160220994,16.022099447513813
E00089924,184,49,16,33,135,102,33,26.6304347826087,8.695652173913043,17.934782608695652,73.36956521739131,55.434782608695656,17.934782608695652
E00089925,217,63,30,33,154,116,38,29.03225806451613,13.82488479262673,15.207373271889402,70.96774193548387,53.45622119815668,17.51152073732719
E00089926,196,47,19,28,149,111,38,23.97959183673469,9.693877551020408,14.285714285714285,76.0204081632653,56.63265306122449,19.387755102040817
E00089927,233,70,34,36,163,108,55,30.042918454935624,14.592274678111588,15.450643776824036,69.95708154506438,46.3519313304721,23.605150214592275
E00089928,130,35,15,20,95,60,35,26.923076923076923,11.538461538461538,15.384615384615385,73.07692307692307,46.15384615384615,26.923076923076923
E00089929,133,37,21,16,96,70,26,27.819548872180448,15.789473684210526,12.030075187969924,72.18045112781954,52.63157894736842,19.548872180451127
E00089930,130,43,19,24,87,56,31,33.07692307692307,14.615384615384617,18.461538461538463,66.92307692307692,43.07692307692308,23.846153846153847
E00089931,170,49,17,32,121,94,27,28.823529411764703,10,18.823529411764707,71.17647058823529,55.294117647058826,15.88235294117647
E00089932,147,53,16,37,94,73,21,36.054421768707485,10.884353741496598,25.170068027210885,63.94557823129252,49.65986394557823,14.285714285714285
E00089933,194,44,18,26,150,118,32,22.68041237113402,9.278350515463918,13.402061855670103,77.31958762886599,60.824742268041234,16.49484536082474
E00089934,115,25,15,10,90,76,14,21.73913043478261,13.043478260869565,8.695652173913043,78.26086956521739,66.08695652173913,12.173913043478262
E00089935,184,37,13,24,147,122,25,20.108695652173914,7.065217391304348,13.043478260869565,79.8913043478261,66.30434782608695,13.586956521739129
E00089936,164,51,28,23,113,91,22,31.097560975609756,17.073170731707318,14.02439024390244,68.90243902439023,55.487804878048784,13.414634146341465
E00089937,235,53,25,28,182,140,42,22.5531914893617,10.638297872340425,11.914893617021278,77.4468085106383,59.57446808510638,17.872340425531917
E00089938,113,30,14,16,83,68,15,26.548672566371685,12.389380530973451,14.15929203539823,73.45132743362832,60.17699115044248,13.274336283185843
E00089939,130,32,13,19,98,75,23,24.615384615384617,10,14.615384615384617,75.38461538461539,57.692307692307686,17.692307692307693
E00089940,194,46,25,21,148,110,38,23.711340206185564,12.886597938144329,10.824742268041238,76.28865979381443,56.70103092783505,19.587628865979383
E00089941,144,34,13,21,110,98,12,23.61111111111111,9.027777777777777,14.583333333333334,76.38888888888889,68.05555555555556,8.333333333333332
E00089942,78,30,11,19,48,38,10,38.46153846153847,14.102564102564102,24.358974358974358,61.53846153846154,48.717948717948715,12.82051282051282
E00089943,165,38,14,24,127,118,9,23.03030303030303,8.484848484848486,14.545454545454545,76.96969696969697,71.51515151515152,5.454545454545454
E00089944,146,39,11,28,107,86,21,26.71232876712329,7.534246575342466,19.17808219178082,73.28767123287672,58.9041095890411,14.383561643835616
E00089945,182,50,15,35,132,111,21,27.472527472527474,8.241758241758241,19.230769230769234,72.52747252747253,60.98901098901099,11.538461538461538
E00089946,182,49,17,32,133,112,21,26.923076923076923,9.340659340659341,17.582417582417584,73.07692307692307,61.53846153846154,11.538461538461538
E00089947,235,63,24,39,172,138,34,26.80851063829787,10.212765957446807,16.595744680851062,73.19148936170212,58.723404255319146,14.468085106382977
E00089948,118,30,9,21,88,81,7,25.423728813559322,7.627118644067797,17.796610169491526,74.57627118644068,68.64406779661016,5.932203389830509
E00089949,123,41,18,23,82,68,14,33.33333333333333,14.634146341463413,18.69918699186992,66.66666666666666,55.28455284552846,11.38211382113821
E00089950,332,80,30,50,252,198,54,24.096385542168676,9.036144578313253,15.060240963855422,75.90361445783132,59.63855421686747,16.265060240963855
E00089951,176,38,10,28,138,114,24,21.59090909090909,5.681818181818182,15.909090909090908,78.4090909090909,64.77272727272727,13.636363636363635
E00089952,181,39,12,27,142,123,19,21.54696132596685,6.629834254143646,14.917127071823206,78.45303867403315,67.95580110497238,10.497237569060774
E00089953,180,45,20,25,135,110,25,25,11.11111111111111,13.88888888888889,75,61.111111111111114,13.88888888888889
E00089954,215,73,29,44,142,115,27,33.95348837209302,13.488372093023257,20.46511627906977,66.04651162790698,53.48837209302325,12.558139534883722
E00089955,168,44,19,25,124,101,23,26.190476190476193,11.30952380952381,14.880952380952381,73.80952380952381,60.11904761904761,13.690476190476192
E00089956,259,63,28,35,196,150,46,24.324324324324326,10.81081081081081,13.513513513513514,75.67567567567568,57.91505791505791,17.760617760617762
E00089957,209,58,28,30,151,126,25,27.751196172248804,13.397129186602871,14.354066985645932,72.24880382775119,60.28708133971292,11.961722488038278
E00089958,231,51,22,29,180,154,26,22.07792207792208,9.523809523809524,12.554112554112553,77.92207792207793,66.66666666666666,11.255411255411255
E00089959,235,73,36,37,162,132,30,31.06382978723404,15.319148936170212,15.74468085106383,68.93617021276596,56.17021276595745,12.76595744680851
E00089960,238,53,22,31,185,144,41,22.268907563025213,9.243697478991598,13.025210084033615,77.73109243697479,60.50420168067227,17.22689075630252
E00089961,223,58,29,29,165,137,28,26.00896860986547,13.004484304932735,13.004484304932735,73.99103139013454,61.43497757847533,12.556053811659194
E00089962,117,26,9,17,91,76,15,22.22222222222222,7.6923076923076925,14.529914529914532,77.77777777777779,64.95726495726495,12.82051282051282
E00089963,149,40,15,25,109,93,16,26.845637583892618,10.06711409395973,16.778523489932887,73.15436241610739,62.41610738255034,10.738255033557047
E00089964,262,77,25,52,185,149,36,29.389312977099237,9.541984732824428,19.84732824427481,70.61068702290076,56.87022900763359,13.740458015267176
E00089965,160,44,20,24,116,101,15,27.500000000000004,12.5,15,72.5,63.125,9.375
E00089966,275,54,20,34,221,170,51,19.636363636363637,7.2727272727272725,12.363636363636363,80.36363636363636,61.81818181818181,18.545454545454547
E00089967,184,61,24,37,123,86,37,33.15217391304348,13.043478260869565,20.108695652173914,66.84782608695652,46.73913043478261,20.108695652173914
E00089968,198,66,26,40,132,97,35,33.33333333333333,13.131313131313133,20.2020202020202,66.66666666666666,48.98989898989899,17.67676767676768
E00089969,128,34,13,21,94,84,10,26.5625,10.15625,16.40625,73.4375,65.625,7.8125
E00089970,177,47,15,32,130,101,29,26.55367231638418,8.47457627118644,18.07909604519774,73.44632768361582,57.06214689265536,16.38418079096045
E00089971,131,34,8,26,97,78,19,25.954198473282442,6.106870229007633,19.84732824427481,74.04580152671755,59.541984732824424,14.50381679389313
E00089972,173,48,21,27,125,93,32,27.74566473988439,12.138728323699421,15.606936416184972,72.25433526011561,53.75722543352601,18.497109826589593
E00089973,155,54,20,34,101,80,21,34.83870967741935,12.903225806451612,21.935483870967744,65.16129032258064,51.61290322580645,13.548387096774196
E00089974,192,57,18,39,135,110,25,29.6875,9.375,20.3125,70.3125,57.291666666666664,13.020833333333334
E00089975,169,57,22,35,112,88,24,33.72781065088758,13.017751479289942,20.710059171597635,66.27218934911244,52.071005917159766,14.201183431952662
E00089976,184,42,19,23,142,100,42,22.82608695652174,10.326086956521738,12.5,77.17391304347827,54.347826086956516,22.82608695652174
E00089977,148,42,13,29,106,95,11,28.37837837837838,8.783783783783784,19.594594594594593,71.62162162162163,64.1891891891892,7.4324324324324325
E00089978,213,66,31,35,147,115,32,30.985915492957744,14.553990610328638,16.431924882629108,69.01408450704226,53.990610328638496,15.023474178403756
E00089979,300,72,32,40,228,188,40,24,10.666666666666668,13.333333333333334,76,62.66666666666667,13.333333333333334
E00089980,298,72,33,39,226,139,87,24.161073825503358,11.073825503355705,13.087248322147651,75.83892617449665,46.644295302013425,29.194630872483224
E00089982,145,37,15,22,108,86,22,25.517241379310345,10.344827586206897,15.172413793103448,74.48275862068967,59.310344827586206,15.172413793103448
E00089983,183,50,23,27,133,97,36,27.322404371584703,12.568306010928962,14.754098360655737,72.6775956284153,53.00546448087432,19.672131147540984
E00089984,122,24,15,9,98,74,24,19.672131147540984,12.295081967213115,7.377049180327869,80.32786885245902,60.65573770491803,19.672131147540984
E00089985,158,41,13,28,117,84,33,25.949367088607595,8.227848101265822,17.72151898734177,74.0506329113924,53.16455696202531,20.88607594936709
E00089987,72,35,17,18,37,28,9,48.61111111111111,23.61111111111111,25,51.388888888888886,38.88888888888889,12.5
E00089988,182,42,15,27,140,124,16,23.076923076923077,8.241758241758241,14.835164835164836,76.92307692307693,68.13186813186813,8.791208791208792
E00089989,182,46,19,27,136,108,28,25.274725274725274,10.43956043956044,14.835164835164836,74.72527472527473,59.34065934065934,15.384615384615385
E00089990,157,40,10,30,117,89,28,25.477707006369428,6.369426751592357,19.10828025477707,74.52229299363057,56.68789808917197,17.8343949044586
E00089991,68,31,17,14,37,34,3,45.588235294117645,25,20.588235294117645,54.41176470588235,50,4.411764705882353
E00089992,113,30,16,14,83,60,23,26.548672566371685,14.15929203539823,12.389380530973451,73.45132743362832,53.09734513274337,20.353982300884958
E00089993,168,52,12,40,116,94,22,30.952380952380953,7.142857142857142,23.809523809523807,69.04761904761905,55.952380952380956,13.095238095238097
E00089994,191,50,17,33,141,119,22,26.17801047120419,8.900523560209423,17.277486910994764,73.82198952879581,62.30366492146597,11.518324607329843
E00089996,135,38,18,20,97,76,21,28.14814814814815,13.333333333333334,14.814814814814813,71.85185185185186,56.2962962962963,15.555555555555555
E00089997,145,38,13,25,107,92,15,26.20689655172414,8.96551724137931,17.24137931034483,73.79310344827587,63.44827586206897,10.344827586206897
E00089998,232,59,25,34,173,145,28,25.43103448275862,10.775862068965516,14.655172413793101,74.56896551724138,62.5,12.068965517241379
E00089999,309,80,47,33,229,196,33,25.88996763754045,15.210355987055015,10.679611650485436,74.11003236245955,63.43042071197411,10.679611650485436
E00090000,242,49,20,29,193,156,37,20.24793388429752,8.264462809917356,11.983471074380166,79.75206611570248,64.46280991735537,15.289256198347106
E00090001,194,36,16,20,158,139,19,18.556701030927837,8.24742268041237,10.309278350515463,81.44329896907216,71.64948453608247,9.793814432989691
E00090002,214,78,31,47,136,112,24,36.44859813084112,14.485981308411214,21.962616822429908,63.55140186915887,52.336448598130836,11.214953271028037
E00090004,165,47,12,35,118,107,11,28.484848484848484,7.2727272727272725,21.21212121212121,71.51515151515152,64.84848484848484,6.666666666666667
E00090005,125,32,10,22,93,77,16,25.6,8,17.599999999999998,74.4,61.6,12.8
E00090006,217,70,27,43,147,114,33,32.25806451612903,12.442396313364055,19.81566820276498,67.74193548387096,52.53456221198156,15.207373271889402
E00090007,182,47,14,33,135,118,17,25.82417582417583,7.6923076923076925,18.13186813186813,74.17582417582418,64.83516483516483,9.340659340659341
E00090009,236,73,33,40,163,139,24,30.93220338983051,13.983050847457626,16.94915254237288,69.0677966101695,58.89830508474576,10.16949152542373
E00090010,250,77,24,53,173,140,33,30.8,9.6,21.2,69.19999999999999,56.00000000000001,13.200000000000001
E00090013,233,81,33,48,152,141,11,34.763948497854074,14.163090128755366,20.600858369098713,65.23605150214593,60.51502145922747,4.721030042918455
E00090014,197,65,27,38,132,113,19,32.99492385786802,13.705583756345177,19.289340101522843,67.00507614213198,57.360406091370564,9.644670050761421
E00090015,207,56,17,39,151,128,23,27.053140096618357,8.212560386473431,18.84057971014493,72.94685990338165,61.83574879227053,11.11111111111111
E00090016,224,61,27,34,163,148,15,27.232142857142854,12.053571428571429,15.178571428571427,72.76785714285714,66.07142857142857,6.696428571428571
E00090017,199,52,21,31,147,132,15,26.13065326633166,10.552763819095476,15.577889447236181,73.86934673366834,66.33165829145729,7.537688442211055
E00090018,211,82,29,53,129,112,17,38.862559241706165,13.744075829383887,25.118483412322274,61.137440758293835,53.08056872037915,8.056872037914692
E00090019,109,42,22,20,67,52,15,38.53211009174312,20.18348623853211,18.34862385321101,61.46788990825688,47.706422018348626,13.761467889908257
E00090020,191,68,27,41,123,80,43,35.602094240837694,14.136125654450263,21.465968586387437,64.3979057591623,41.8848167539267,22.5130890052356
E00090021,178,57,21,36,121,97,24,32.02247191011236,11.797752808988763,20.224719101123593,67.97752808988764,54.49438202247191,13.48314606741573
E00090023,194,64,28,36,130,101,29,32.98969072164948,14.432989690721648,18.556701030927837,67.0103092783505,52.0618556701031,14.948453608247423
E00090024,196,67,26,41,129,93,36,34.183673469387756,13.26530612244898,20.918367346938776,65.81632653061224,47.44897959183674,18.367346938775512
E00090025,187,54,21,33,133,95,38,28.87700534759358,11.229946524064172,17.647058823529413,71.12299465240642,50.80213903743316,20.32085561497326
E00090027,406,29,10,19,377,291,86,7.142857142857142,2.4630541871921183,4.679802955665025,92.85714285714286,71.67487684729063,21.182266009852217
E00090028,158,42,18,24,116,95,21,26.582278481012654,11.39240506329114,15.18987341772152,73.41772151898735,60.12658227848101,13.291139240506327
E00090029,90,28,10,18,62,54,8,31.11111111111111,11.11111111111111,20,68.88888888888889,60,8.88888888888889
E00090030,146,40,14,26,106,90,16,27.397260273972602,9.58904109589041,17.80821917808219,72.6027397260274,61.64383561643836,10.95890410958904
E00090031,135,47,19,28,88,78,10,34.81481481481482,14.074074074074074,20.74074074074074,65.18518518518519,57.77777777777777,7.4074074074074066
E00090032,128,37,10,27,91,76,15,28.90625,7.8125,21.09375,71.09375,59.375,11.71875
E00090033,149,45,9,36,104,89,15,30.201342281879196,6.0402684563758395,24.161073825503358,69.79865771812081,59.73154362416108,10.06711409395973
E00090034,137,29,14,15,108,91,17,21.16788321167883,10.218978102189782,10.948905109489052,78.83211678832117,66.42335766423358,12.408759124087592
E00090035,212,68,22,46,144,126,18,32.075471698113205,10.377358490566039,21.69811320754717,67.9245283018868,59.43396226415094,8.49056603773585
E00090036,185,43,15,28,142,121,21,23.243243243243246,8.108108108108109,15.135135135135137,76.75675675675676,65.4054054054054,11.351351351351353
E00090037,158,49,18,31,109,97,12,31.0126582278481,11.39240506329114,19.62025316455696,68.9873417721519,61.39240506329114,7.59493670886076
E00090038,165,32,10,22,133,117,16,19.393939393939394,6.0606060606060606,13.333333333333334,80.60606060606061,70.9090909090909,9.696969696969697
E00090039,203,51,18,33,152,138,14,25.12315270935961,8.866995073891626,16.25615763546798,74.8768472906404,67.98029556650246,6.896551724137931
E00090040,128,29,11,18,99,87,12,22.65625,8.59375,14.0625,77.34375,67.96875,9.375
E00090041,181,46,17,29,135,112,23,25.41436464088398,9.392265193370166,16.022099447513813,74.58563535911603,61.87845303867403,12.70718232044199
E00090042,121,36,18,18,85,73,12,29.75206611570248,14.87603305785124,14.87603305785124,70.24793388429752,60.33057851239669,9.917355371900827
E00090043,163,48,27,21,115,75,40,29.447852760736197,16.56441717791411,12.883435582822086,70.5521472392638,46.012269938650306,24.539877300613497
E00090044,150,36,15,21,114,98,16,24,10,14.000000000000002,76,65.33333333333333,10.666666666666668
E00090045,127,39,17,22,88,72,16,30.708661417322837,13.385826771653544,17.322834645669293,69.29133858267717,56.69291338582677,12.598425196850393
E00090046,202,42,20,22,160,133,27,20.792079207920793,9.900990099009901,10.891089108910892,79.20792079207921,65.84158415841584,13.366336633663368
E00090047,153,39,21,18,114,87,27,25.49019607843137,13.725490196078432,11.76470588235294,74.50980392156863,56.86274509803921,17.647058823529413
E00090048,185,48,16,32,137,103,34,25.945945945945947,8.64864864864865,17.2972972972973,74.05405405405405,55.67567567567567,18.37837837837838
E00090049,137,46,17,29,91,67,24,33.57664233576642,12.408759124087592,21.16788321167883,66.42335766423358,48.9051094890511,17.51824817518248
E00090050,167,59,22,37,108,74,34,35.32934131736527,13.17365269461078,22.15568862275449,64.67065868263472,44.31137724550898,20.359281437125748
E00090051,127,36,15,21,91,75,16,28.346456692913385,11.811023622047244,16.535433070866144,71.65354330708661,59.055118110236215,12.598425196850393
E00090052,143,38,14,24,105,77,28,26.573426573426573,9.79020979020979,16.783216783216783,73.42657342657343,53.84615384615385,19.58041958041958
E00090053,148,34,11,23,114,93,21,22.972972972972975,7.4324324324324325,15.54054054054054,77.02702702702703,62.83783783783784,14.18918918918919
E00090054,138,45,17,28,93,82,11,32.608695652173914,12.318840579710146,20.28985507246377,67.3913043478261,59.42028985507246,7.971014492753622
E00090055,130,40,21,19,90,66,24,30.76923076923077,16.153846153846153,14.615384615384617,69.23076923076923,50.76923076923077,18.461538461538463
E00090056,149,49,19,30,100,94,6,32.88590604026846,12.751677852348994,20.13422818791946,67.11409395973155,63.08724832214765,4.026845637583892
E00090057,93,25,10,15,68,57,11,26.881720430107524,10.75268817204301,16.129032258064516,73.11827956989248,61.29032258064516,11.827956989247312
E00090058,143,40,17,23,103,92,11,27.972027972027973,11.888111888111888,16.083916083916083,72.02797202797203,64.33566433566433,7.6923076923076925
E00090059,169,65,35,30,104,79,25,38.46153846153847,20.710059171597635,17.75147928994083,61.53846153846154,46.74556213017752,14.792899408284024
E00090060,184,40,15,25,144,121,23,21.73913043478261,8.152173913043478,13.586956521739129,78.26086956521739,65.76086956521739,12.5
E00090061,171,41,13,28,130,104,26,23.976608187134502,7.602339181286549,16.374269005847953,76.0233918128655,60.81871345029239,15.204678362573098
E00090062,162,55,22,33,107,94,13,33.95061728395062,13.580246913580247,20.37037037037037,66.0493827160494,58.0246913580247,8.024691358024691
E00090063,100,31,15,16,69,59,10,31,15,16,69,59,10
E00090064,207,53,22,31,154,134,20,25.60386473429952,10.628019323671497,14.975845410628018,74.39613526570048,64.73429951690821,9.66183574879227
E00090065,203,74,24,50,129,119,10,36.45320197044335,11.822660098522167,24.63054187192118,63.54679802955665,58.620689655172406,4.926108374384237
E00090066,196,95,39,56,101,89,12,48.46938775510204,19.897959183673468,28.57142857142857,51.53061224489795,45.40816326530612,6.122448979591836
E00090067,185,69,32,37,116,104,12,37.2972972972973,17.2972972972973,20,62.70270270270271,56.21621621621622,6.486486486486487
E00090068,196,72,26,46,124,110,14,36.734693877551024,13.26530612244898,23.46938775510204,63.26530612244898,56.12244897959183,7.142857142857142
E00090069,199,57,18,39,142,129,13,28.643216080402013,9.045226130653267,19.597989949748744,71.35678391959799,64.82412060301507,6.532663316582915
E00090070,146,48,23,25,98,86,12,32.87671232876712,15.753424657534246,17.123287671232877,67.12328767123287,58.9041095890411,8.21917808219178
E00090071,145,48,19,29,97,92,5,33.10344827586207,13.10344827586207,20,66.89655172413794,63.44827586206897,3.4482758620689653
E00090072,162,48,15,33,114,105,9,29.629629629629626,9.25925925925926,20.37037037037037,70.37037037037037,64.81481481481481,5.555555555555555
E00090073,176,49,26,23,127,112,15,27.84090909090909,14.772727272727273,13.068181818181818,72.1590909090909,63.63636363636363,8.522727272727272
E00090074,222,83,29,54,139,127,12,37.38738738738739,13.063063063063062,24.324324324324326,62.612612612612615,57.20720720720721,5.405405405405405
E00090075,198,46,15,31,152,130,22,23.232323232323232,7.575757575757576,15.656565656565657,76.76767676767676,65.65656565656566,11.11111111111111
E00090076,237,69,24,45,168,142,26,29.11392405063291,10.126582278481013,18.9873417721519,70.88607594936708,59.91561181434599,10.970464135021098
E00090077,172,44,17,27,128,104,24,25.581395348837212,9.883720930232558,15.69767441860465,74.4186046511628,60.46511627906976,13.953488372093023
E00090078,190,44,14,30,146,124,22,23.157894736842106,7.368421052631578,15.789473684210526,76.84210526315789,65.26315789473685,11.578947368421053
E00090079,165,62,29,33,103,93,10,37.57575757575757,17.575757575757574,20,62.42424242424243,56.36363636363636,6.0606060606060606
E00090080,169,49,20,29,120,98,22,28.994082840236686,11.834319526627219,17.159763313609467,71.00591715976331,57.98816568047337,13.017751479289942
E00090081,172,40,13,27,132,99,33,23.25581395348837,7.55813953488372,15.69767441860465,76.74418604651163,57.55813953488372,19.186046511627907
E00090082,194,54,26,28,140,117,23,27.835051546391753,13.402061855670103,14.432989690721648,72.16494845360825,60.30927835051546,11.855670103092782
E00090083,198,61,30,31,137,104,33,30.808080808080806,15.151515151515152,15.656565656565657,69.1919191919192,52.52525252525253,16.666666666666664
E00090084,140,45,20,25,95,68,27,32.142857142857146,14.285714285714285,17.857142857142858,67.85714285714286,48.57142857142857,19.28571428571429
E00090085,142,52,29,23,90,72,18,36.61971830985916,20.422535211267608,16.19718309859155,63.38028169014085,50.70422535211267,12.676056338028168
E00090086,168,47,13,34,121,86,35,27.976190476190478,7.738095238095238,20.238095238095237,72.02380952380952,51.19047619047619,20.833333333333336
E00090087,123,29,14,15,94,77,17,23.577235772357724,11.38211382113821,12.195121951219512,76.42276422764228,62.601626016260155,13.821138211382115
E00090088,175,50,15,35,125,103,22,28.57142857142857,8.571428571428571,20,71.42857142857143,58.857142857142854,12.571428571428573
E00090089,159,53,21,32,106,82,24,33.33333333333333,13.20754716981132,20.125786163522015,66.66666666666666,51.57232704402516,15.09433962264151
E00090090,217,51,30,21,166,145,21,23.502304147465438,13.82488479262673,9.67741935483871,76.49769585253456,66.82027649769586,9.67741935483871
E00090091,119,36,19,17,83,71,12,30.252100840336134,15.966386554621847,14.285714285714285,69.74789915966386,59.66386554621849,10.084033613445378
E00090092,164,43,14,29,121,97,24,26.21951219512195,8.536585365853659,17.682926829268293,73.78048780487805,59.14634146341463,14.634146341463413
E00090093,285,61,22,39,224,184,40,21.403508771929825,7.719298245614035,13.684210526315791,78.59649122807018,64.56140350877193,14.035087719298245
E00090094,169,45,16,29,124,104,20,26.627218934911244,9.467455621301776,17.159763313609467,73.37278106508876,61.53846153846154,11.834319526627219
E00090095,257,59,20,39,198,172,26,22.957198443579767,7.782101167315175,15.17509727626459,77.04280155642024,66.9260700389105,10.116731517509727
E00090096,56,14,5,9,42,39,3,25,8.928571428571429,16.071428571428573,75,69.64285714285714,5.357142857142857
E00090097,121,51,18,33,70,61,9,42.14876033057851,14.87603305785124,27.27272727272727,57.85123966942148,50.413223140495866,7.43801652892562
E00090098,204,63,26,37,141,121,20,30.88235294117647,12.745098039215685,18.137254901960784,69.11764705882352,59.31372549019608,9.803921568627452
E00090099,134,11,0,11,123,110,13,8.208955223880597,0,8.208955223880597,91.7910447761194,82.08955223880598,9.701492537313433
E00090100,185,66,23,43,119,113,6,35.67567567567568,12.432432432432433,23.243243243243246,64.32432432432432,61.08108108108108,3.2432432432432434
E00090102,219,58,17,41,161,138,23,26.48401826484018,7.76255707762557,18.72146118721461,73.51598173515981,63.013698630136986,10.50228310502283
E00090103,110,38,10,28,72,65,7,34.54545454545455,9.090909090909092,25.454545454545453,65.45454545454545,59.09090909090909,6.363636363636363
E00090104,142,46,16,30,96,77,19,32.3943661971831,11.267605633802818,21.12676056338028,67.6056338028169,54.22535211267606,13.380281690140844
E00090105,168,47,20,27,121,106,15,27.976190476190478,11.904761904761903,16.071428571428573,72.02380952380952,63.095238095238095,8.928571428571429
E00090106,171,51,16,35,120,100,20,29.82456140350877,9.35672514619883,20.46783625730994,70.17543859649122,58.47953216374269,11.695906432748536
E00090107,147,51,18,33,96,89,7,34.69387755102041,12.244897959183673,22.448979591836736,65.3061224489796,60.544217687074834,4.761904761904762
E00090108,115,37,4,33,78,60,18,32.17391304347826,3.4782608695652173,28.695652173913043,67.82608695652173,52.17391304347826,15.65217391304348
E00090109,184,61,20,41,123,104,19,33.15217391304348,10.869565217391305,22.282608695652172,66.84782608695652,56.52173913043478,10.326086956521738
E00090111,185,63,26,37,122,110,12,34.054054054054056,14.054054054054054,20,65.94594594594595,59.45945945945946,6.486486486486487
E00090112,187,53,19,34,134,113,21,28.342245989304814,10.16042780748663,18.181818181818183,71.65775401069519,60.42780748663101,11.229946524064172
E00090113,144,50,18,32,94,81,13,34.72222222222222,12.5,22.22222222222222,65.27777777777779,56.25,9.027777777777777
E00090114,146,40,13,27,106,95,11,27.397260273972602,8.904109589041095,18.493150684931507,72.6027397260274,65.06849315068493,7.534246575342466
E00090115,194,62,24,38,132,105,27,31.958762886597935,12.371134020618557,19.587628865979383,68.04123711340206,54.123711340206185,13.917525773195877
E00090116,180,47,21,26,133,113,20,26.111111111111114,11.666666666666666,14.444444444444443,73.88888888888889,62.77777777777778,11.11111111111111
E00090117,193,46,16,30,147,125,22,23.83419689119171,8.290155440414509,15.544041450777202,76.16580310880829,64.76683937823834,11.398963730569948
E00090118,178,45,12,33,133,111,22,25.280898876404496,6.741573033707865,18.53932584269663,74.71910112359551,62.35955056179775,12.359550561797752
E00090119,111,31,7,24,80,63,17,27.927927927927925,6.306306306306306,21.62162162162162,72.07207207207207,56.75675675675676,15.315315315315313
E00090120,147,41,16,25,106,94,12,27.89115646258503,10.884353741496598,17.006802721088434,72.10884353741497,63.94557823129252,8.16326530612245
E00090121,75,21,9,12,54,45,9,28.000000000000004,12,16,72,60,12
E00090122,178,56,15,41,122,110,12,31.46067415730337,8.426966292134832,23.03370786516854,68.53932584269663,61.79775280898876,6.741573033707865
E00090123,65,19,10,9,46,38,8,29.230769230769234,15.384615384615385,13.846153846153847,70.76923076923077,58.46153846153847,12.307692307692308
E00090124,248,74,33,41,174,152,22,29.838709677419356,13.306451612903224,16.532258064516128,70.16129032258065,61.29032258064516,8.870967741935484
E00090125,178,48,21,27,130,108,22,26.96629213483146,11.797752808988763,15.168539325842698,73.03370786516854,60.67415730337079,12.359550561797752
E00090126,168,54,19,35,114,100,14,32.142857142857146,11.30952380952381,20.833333333333336,67.85714285714286,59.523809523809526,8.333333333333332
E00090127,150,41,15,26,109,96,13,27.333333333333332,10,17.333333333333336,72.66666666666667,64,8.666666666666668
E00090128,144,38,14,24,106,90,16,26.38888888888889,9.722222222222223,16.666666666666664,73.61111111111111,62.5,11.11111111111111
E00090129,149,44,17,27,105,77,28,29.53020134228188,11.409395973154362,18.120805369127517,70.46979865771812,51.67785234899329,18.79194630872483
E00090130,125,39,8,31,86,68,18,31.2,6.4,24.8,68.8,54.400000000000006,14.399999999999999
E00090131,148,46,19,27,102,74,28,31.08108108108108,12.837837837837837,18.243243243243242,68.91891891891892,50,18.91891891891892
E00090132,153,58,31,27,95,75,20,37.908496732026144,20.26143790849673,17.647058823529413,62.091503267973856,49.01960784313725,13.071895424836603
E00090133,122,37,14,23,85,69,16,30.327868852459016,11.475409836065573,18.852459016393443,69.67213114754098,56.557377049180324,13.114754098360656
E00090134,156,45,16,29,111,83,28,28.846153846153843,10.256410256410255,18.58974358974359,71.15384615384616,53.205128205128204,17.94871794871795
E00090135,147,47,21,26,100,78,22,31.97278911564626,14.285714285714285,17.687074829931973,68.02721088435374,53.06122448979592,14.965986394557824
E00090136,145,49,16,33,96,78,18,33.793103448275865,11.03448275862069,22.758620689655174,66.20689655172414,53.79310344827586,12.413793103448276
E00090137,171,63,24,39,108,89,19,36.84210526315789,14.035087719298245,22.807017543859647,63.1578947368421,52.046783625730995,11.11111111111111
E00090138,142,44,18,26,98,75,23,30.985915492957744,12.676056338028168,18.30985915492958,69.01408450704226,52.816901408450704,16.19718309859155
E00090139,128,37,13,24,91,79,12,28.90625,10.15625,18.75,71.09375,61.71875,9.375
E00090140,138,41,10,31,97,80,17,29.71014492753623,7.246376811594203,22.463768115942027,70.28985507246377,57.971014492753625,12.318840579710146
E00090141,120,31,7,24,89,84,5,25.833333333333336,5.833333333333333,20,74.16666666666667,70,4.166666666666666
E00090142,151,46,20,26,105,85,20,30.4635761589404,13.245033112582782,17.218543046357617,69.5364238410596,56.29139072847682,13.245033112582782
E00090143,153,44,15,29,109,90,19,28.75816993464052,9.803921568627452,18.954248366013072,71.24183006535948,58.82352941176471,12.418300653594772
E00090144,120,36,13,23,84,72,12,30,10.833333333333334,19.166666666666668,70,60,10
E00090145,155,45,19,26,110,86,24,29.03225806451613,12.258064516129032,16.7741935483871,70.96774193548387,55.483870967741936,15.483870967741936
E00090146,154,53,22,31,101,76,25,34.41558441558442,14.285714285714285,20.12987012987013,65.5844155844156,49.35064935064935,16.233766233766232
E00090147,137,31,13,18,106,75,31,22.62773722627737,9.48905109489051,13.138686131386862,77.37226277372264,54.74452554744526,22.62773722627737
E00090148,143,41,15,26,102,67,35,28.671328671328673,10.48951048951049,18.181818181818183,71.32867132867133,46.85314685314685,24.475524475524477
E00090149,156,59,28,31,97,61,36,37.82051282051282,17.94871794871795,19.871794871794872,62.17948717948718,39.1025641025641,23.076923076923077
E00090150,137,43,20,23,94,65,29,31.386861313868614,14.5985401459854,16.78832116788321,68.61313868613139,47.44525547445255,21.16788321167883
E00090151,156,58,25,33,98,77,21,37.17948717948718,16.025641025641026,21.153846153846153,62.82051282051282,49.358974358974365,13.461538461538462
E00090152,176,45,20,25,131,109,22,25.568181818181817,11.363636363636363,14.204545454545455,74.43181818181817,61.93181818181818,12.5
E00090153,143,40,14,26,103,78,25,27.972027972027973,9.79020979020979,18.181818181818183,72.02797202797203,54.54545454545454,17.482517482517483
E00090154,137,44,16,28,93,65,28,32.11678832116788,11.678832116788321,20.437956204379564,67.88321167883211,47.44525547445255,20.437956204379564
E00090155,157,46,23,23,111,90,21,29.29936305732484,14.64968152866242,14.64968152866242,70.70063694267516,57.324840764331206,13.375796178343949
E00090156,170,51,15,36,119,91,28,30,8.823529411764707,21.176470588235293,70,53.529411764705884,16.470588235294116
E00090157,151,49,15,34,102,65,37,32.450331125827816,9.933774834437086,22.516556291390728,67.54966887417218,43.04635761589404,24.503311258278146
E00090158,127,35,17,18,92,71,21,27.559055118110237,13.385826771653544,14.173228346456693,72.44094488188976,55.90551181102362,16.535433070866144
E00090159,111,33,12,21,78,60,18,29.72972972972973,10.81081081081081,18.91891891891892,70.27027027027027,54.054054054054056,16.216216216216218
E00090160,150,40,17,23,110,87,23,26.666666666666668,11.333333333333332,15.333333333333332,73.33333333333333,57.99999999999999,15.333333333333332
E00090161,152,44,16,28,108,83,25,28.947368421052634,10.526315789473683,18.421052631578945,71.05263157894737,54.60526315789473,16.447368421052634
E00090162,131,49,14,35,82,61,21,37.404580152671755,10.687022900763358,26.717557251908396,62.59541984732825,46.56488549618321,16.030534351145036
E00090163,214,75,34,41,139,110,29,35.046728971962615,15.887850467289718,19.158878504672895,64.95327102803739,51.4018691588785,13.551401869158877
E00090164,180,60,26,34,120,90,30,33.33333333333333,14.444444444444443,18.88888888888889,66.66666666666666,50,16.666666666666664
E00090165,150,43,11,32,107,87,20,28.666666666666668,7.333333333333333,21.333333333333336,71.33333333333334,57.99999999999999,13.333333333333334
E00090166,139,35,15,20,104,84,20,25.179856115107913,10.79136690647482,14.388489208633093,74.82014388489209,60.431654676258994,14.388489208633093
E00090167,153,48,23,25,105,83,22,31.372549019607842,15.032679738562091,16.33986928104575,68.62745098039215,54.248366013071895,14.37908496732026
E00090168,119,41,21,20,78,64,14,34.45378151260504,17.647058823529413,16.80672268907563,65.54621848739495,53.78151260504202,11.76470588235294
E00090169,210,67,28,39,143,120,23,31.9047619047619,13.333333333333334,18.571428571428573,68.0952380952381,57.14285714285714,10.952380952380953
E00090170,145,54,25,29,91,69,22,37.24137931034483,17.24137931034483,20,62.758620689655174,47.58620689655172,15.172413793103448
E00090171,157,45,17,28,112,90,22,28.662420382165603,10.828025477707007,17.8343949044586,71.3375796178344,57.324840764331206,14.012738853503185
E00090172,177,47,15,32,130,108,22,26.55367231638418,8.47457627118644,18.07909604519774,73.44632768361582,61.016949152542374,12.429378531073446
E00090173,187,71,41,30,116,83,33,37.967914438502675,21.92513368983957,16.042780748663102,62.03208556149733,44.38502673796791,17.647058823529413
E00090174,158,55,28,27,103,72,31,34.810126582278485,17.72151898734177,17.088607594936708,65.18987341772153,45.56962025316456,19.62025316455696
E00090175,209,29,4,25,180,164,16,13.875598086124402,1.9138755980861244,11.961722488038278,86.1244019138756,78.4688995215311,7.655502392344498
E00090176,153,59,26,33,94,73,21,38.56209150326798,16.99346405228758,21.568627450980394,61.43790849673203,47.712418300653596,13.725490196078432
E00090177,222,41,11,30,181,149,32,18.46846846846847,4.954954954954955,13.513513513513514,81.53153153153153,67.11711711711712,14.414414414414415
E00090178,159,51,25,26,108,71,37,32.075471698113205,15.723270440251572,16.352201257861633,67.9245283018868,44.65408805031446,23.270440251572328
E00090179,160,48,23,25,112,77,35,30,14.374999999999998,15.625,70,48.125,21.875
E00090180,134,47,18,29,87,64,23,35.07462686567165,13.432835820895523,21.641791044776117,64.92537313432835,47.76119402985074,17.16417910447761
E00090181,165,52,28,24,113,90,23,31.515151515151512,16.969696969696972,14.545454545454545,68.48484848484848,54.54545454545454,13.939393939393941
E00090182,117,37,11,26,80,66,14,31.62393162393162,9.401709401709402,22.22222222222222,68.37606837606837,56.41025641025641,11.965811965811966
E00090183,164,51,23,28,113,89,24,31.097560975609756,14.02439024390244,17.073170731707318,68.90243902439023,54.268292682926834,14.634146341463413
E00090184,164,49,25,24,115,89,26,29.878048780487802,15.24390243902439,14.634146341463413,70.1219512195122,54.268292682926834,15.853658536585366
E00090185,195,58,27,31,137,98,39,29.743589743589745,13.846153846153847,15.897435897435896,70.25641025641025,50.256410256410255,20
E00090186,145,48,30,18,97,77,20,33.10344827586207,20.689655172413794,12.413793103448276,66.89655172413794,53.103448275862064,13.793103448275861
E00090187,142,50,14,36,92,66,26,35.2112676056338,9.859154929577464,25.352112676056336,64.7887323943662,46.478873239436616,18.30985915492958
E00090188,117,34,19,15,83,67,16,29.059829059829063,16.23931623931624,12.82051282051282,70.94017094017094,57.26495726495726,13.675213675213676
E00090189,193,57,23,34,136,106,30,29.533678756476682,11.917098445595855,17.616580310880828,70.46632124352331,54.92227979274611,15.544041450777202
E00090190,140,37,12,25,103,81,22,26.42857142857143,8.571428571428571,17.857142857142858,73.57142857142858,57.85714285714286,15.714285714285714
E00090191,88,24,14,10,64,42,22,27.27272727272727,15.909090909090908,11.363636363636363,72.72727272727273,47.72727272727273,25
E00090193,135,37,18,19,98,70,28,27.40740740740741,13.333333333333334,14.074074074074074,72.5925925925926,51.85185185185185,20.74074074074074
E00090194,134,43,20,23,91,66,25,32.08955223880597,14.925373134328357,17.16417910447761,67.91044776119402,49.25373134328358,18.65671641791045
E00090195,123,37,17,20,86,69,17,30.081300813008134,13.821138211382115,16.260162601626014,69.91869918699187,56.09756097560976,13.821138211382115
E00090196,147,42,18,24,105,74,31,28.57142857142857,12.244897959183673,16.3265306122449,71.42857142857143,50.34013605442177,21.08843537414966
E00090197,152,58,26,32,94,72,22,38.15789473684211,17.105263157894736,21.052631578947366,61.8421052631579,47.368421052631575,14.473684210526317
E00090198,127,47,29,18,80,49,31,37.00787401574803,22.83464566929134,14.173228346456693,62.99212598425197,38.582677165354326,24.409448818897637
E00090199,117,38,18,20,79,50,29,32.47863247863248,15.384615384615385,17.094017094017094,67.52136752136752,42.73504273504273,24.786324786324787
E00090200,157,54,26,28,103,68,35,34.394904458598724,16.560509554140125,17.8343949044586,65.60509554140127,43.31210191082803,22.29299363057325
E00090201,137,37,23,14,100,75,25,27.00729927007299,16.78832116788321,10.218978102189782,72.99270072992701,54.74452554744526,18.248175182481752
E00090202,178,58,26,32,120,99,21,32.58426966292135,14.606741573033707,17.97752808988764,67.41573033707866,55.61797752808989,11.797752808988763
E00090203,154,49,19,30,105,82,23,31.818181818181817,12.337662337662337,19.480519480519483,68.18181818181817,53.246753246753244,14.935064935064934
E00090204,157,45,22,23,112,91,21,28.662420382165603,14.012738853503185,14.64968152866242,71.3375796178344,57.961783439490446,13.375796178343949
E00090205,157,36,13,23,121,102,19,22.929936305732486,8.280254777070063,14.64968152866242,77.07006369426752,64.96815286624204,12.101910828025478
E00090206,218,75,24,51,143,112,31,34.403669724770644,11.009174311926607,23.394495412844037,65.59633027522935,51.37614678899083,14.220183486238533
E00090208,151,44,18,26,107,85,22,29.13907284768212,11.920529801324504,17.218543046357617,70.86092715231787,56.29139072847682,14.56953642384106
E00090209,170,61,21,40,109,90,19,35.88235294117647,12.352941176470589,23.52941176470588,64.11764705882354,52.94117647058824,11.176470588235295
E00090210,176,59,19,40,117,96,21,33.52272727272727,10.795454545454545,22.727272727272727,66.47727272727273,54.54545454545454,11.931818181818182
E00090211,179,56,16,40,123,107,16,31.28491620111732,8.938547486033519,22.3463687150838,68.71508379888269,59.77653631284916,8.938547486033519
E00090213,160,52,19,33,108,92,16,32.5,11.875,20.625,67.5,57.49999999999999,10
E00090214,166,62,23,39,104,90,14,37.34939759036144,13.855421686746988,23.49397590361446,62.65060240963856,54.21686746987952,8.433734939759036
E00090215,181,60,19,41,121,99,22,33.14917127071823,10.497237569060774,22.65193370165746,66.85082872928176,54.69613259668509,12.154696132596685
E00090216,171,65,35,30,106,73,33,38.01169590643275,20.46783625730994,17.543859649122805,61.98830409356725,42.69005847953216,19.298245614035086
E00090218,169,48,18,30,121,99,22,28.402366863905325,10.650887573964498,17.75147928994083,71.59763313609467,58.57988165680473,13.017751479289942
E00090219,118,41,18,23,77,67,10,34.74576271186441,15.254237288135593,19.491525423728813,65.2542372881356,56.779661016949156,8.47457627118644
E00090220,180,46,19,27,134,115,19,25.555555555555554,10.555555555555555,15,74.44444444444444,63.888888888888886,10.555555555555555
E00090221,145,31,19,12,114,94,20,21.379310344827587,13.10344827586207,8.275862068965518,78.62068965517241,64.82758620689654,13.793103448275861
E00090222,56,15,7,8,41,32,9,26.785714285714285,12.5,14.285714285714285,73.21428571428571,57.14285714285714,16.071428571428573
E00090223,165,59,26,33,106,90,16,35.75757575757576,15.757575757575756,20,64.24242424242425,54.54545454545454,9.696969696969697
E00090224,166,51,17,34,115,100,15,30.72289156626506,10.240963855421686,20.481927710843372,69.27710843373494,60.24096385542169,9.036144578313253
E00090225,166,46,14,32,120,103,17,27.710843373493976,8.433734939759036,19.27710843373494,72.28915662650603,62.048192771084345,10.240963855421686
E00090226,160,52,11,41,108,92,16,32.5,6.875000000000001,25.624999999999996,67.5,57.49999999999999,10
E00090227,182,53,16,37,129,106,23,29.120879120879124,8.791208791208792,20.32967032967033,70.87912087912088,58.24175824175825,12.637362637362637
E00090228,153,49,21,28,104,86,18,32.02614379084967,13.725490196078432,18.30065359477124,67.97385620915033,56.209150326797385,11.76470588235294
E00090229,155,51,17,34,104,88,16,32.903225806451616,10.967741935483872,21.935483870967744,67.0967741935484,56.774193548387096,10.32258064516129
E00090230,127,38,19,19,89,68,21,29.92125984251969,14.960629921259844,14.960629921259844,70.07874015748031,53.54330708661418,16.535433070866144
E00090231,145,41,22,19,104,79,25,28.27586206896552,15.172413793103448,13.10344827586207,71.72413793103448,54.48275862068965,17.24137931034483
E00090232,122,37,25,12,85,59,26,30.327868852459016,20.491803278688526,9.836065573770492,69.67213114754098,48.36065573770492,21.311475409836063
E00090233,186,57,22,35,129,101,28,30.64516129032258,11.827956989247312,18.817204301075268,69.35483870967742,54.3010752688172,15.053763440860216
E00090234,165,56,24,32,109,75,34,33.939393939393945,14.545454545454545,19.393939393939394,66.06060606060606,45.45454545454545,20.606060606060606
E00090235,161,42,18,24,119,90,29,26.08695652173913,11.180124223602485,14.906832298136646,73.91304347826086,55.90062111801242,18.012422360248447
E00090236,262,71,28,43,191,145,46,27.099236641221374,10.687022900763358,16.412213740458014,72.90076335877863,55.343511450381676,17.557251908396946
E00090238,117,41,24,17,76,58,18,35.04273504273504,20.51282051282051,14.529914529914532,64.95726495726495,49.572649572649574,15.384615384615385
E00090239,73,33,12,21,40,31,9,45.20547945205479,16.43835616438356,28.767123287671232,54.794520547945204,42.465753424657535,12.32876712328767
E00090240,89,27,8,19,62,48,14,30.337078651685395,8.98876404494382,21.34831460674157,69.66292134831461,53.93258426966292,15.730337078651685
E00090241,150,45,19,26,105,64,41,30,12.666666666666668,17.333333333333336,70,42.66666666666667,27.333333333333332
E00090242,138,47,18,29,91,66,25,34.05797101449276,13.043478260869565,21.014492753623188,65.94202898550725,47.82608695652174,18.115942028985508
E00090243,151,57,32,25,94,68,26,37.74834437086093,21.192052980132452,16.55629139072848,62.251655629139066,45.033112582781456,17.218543046357617
E00090244,131,40,24,16,91,65,26,30.53435114503817,18.3206106870229,12.213740458015266,69.46564885496184,49.61832061068702,19.84732824427481
E00090245,160,41,21,20,119,94,25,25.624999999999996,13.125,12.5,74.375,58.75,15.625
E00090246,230,35,9,26,195,150,45,15.217391304347828,3.91304347826087,11.304347826086957,84.78260869565217,65.21739130434783,19.565217391304348
E00090247,155,39,17,22,116,94,22,25.161290322580644,10.967741935483872,14.193548387096774,74.83870967741936,60.64516129032258,14.193548387096774
E00090248,134,37,11,26,97,75,22,27.611940298507463,8.208955223880597,19.402985074626866,72.38805970149254,55.970149253731336,16.417910447761194
E00090249,142,40,11,29,102,82,20,28.169014084507044,7.746478873239436,20.422535211267608,71.83098591549296,57.74647887323944,14.084507042253522
E00090250,148,43,14,29,105,81,24,29.054054054054053,9.45945945945946,19.594594594594593,70.94594594594594,54.729729729729726,16.216216216216218
E00090251,108,32,15,17,76,55,21,29.629629629629626,13.88888888888889,15.74074074074074,70.37037037037037,50.92592592592593,19.444444444444446
E00090252,165,55,14,41,110,95,15,33.33333333333333,8.484848484848486,24.848484848484848,66.66666666666666,57.57575757575758,9.090909090909092
E00090253,131,40,18,22,91,72,19,30.53435114503817,13.740458015267176,16.793893129770993,69.46564885496184,54.961832061068705,14.50381679389313
E00090254,83,30,14,16,53,44,9,36.144578313253014,16.867469879518072,19.27710843373494,63.85542168674698,53.01204819277109,10.843373493975903
E00090255,145,46,28,18,99,79,20,31.724137931034484,19.310344827586206,12.413793103448276,68.27586206896552,54.48275862068965,13.793103448275861
E00090256,129,48,19,29,81,73,8,37.2093023255814,14.728682170542637,22.48062015503876,62.7906976744186,56.58914728682171,6.2015503875969
E00090257,142,44,22,22,98,80,18,30.985915492957744,15.492957746478872,15.492957746478872,69.01408450704226,56.33802816901409,12.676056338028168
E00090258,135,39,15,24,96,74,22,28.888888888888886,11.11111111111111,17.77777777777778,71.11111111111111,54.81481481481482,16.296296296296298
E00090259,138,36,14,22,102,80,22,26.08695652173913,10.144927536231885,15.942028985507244,73.91304347826086,57.971014492753625,15.942028985507244
E00090260,137,31,14,17,106,87,19,22.62773722627737,10.218978102189782,12.408759124087592,77.37226277372264,63.503649635036496,13.86861313868613
E00090261,157,49,24,25,108,82,26,31.210191082802545,15.286624203821656,15.92356687898089,68.78980891719745,52.22929936305732,16.560509554140125
E00090262,155,43,13,30,112,88,24,27.741935483870968,8.38709677419355,19.35483870967742,72.25806451612902,56.774193548387096,15.483870967741936
E00090263,151,47,20,27,104,66,38,31.125827814569533,13.245033112582782,17.880794701986755,68.87417218543047,43.70860927152318,25.165562913907287
E00090264,158,39,13,26,119,89,30,24.68354430379747,8.227848101265822,16.455696202531644,75.31645569620254,56.32911392405063,18.9873417721519
E00090265,112,35,16,19,77,50,27,31.25,14.285714285714285,16.964285714285715,68.75,44.642857142857146,24.107142857142858
E00090266,153,36,14,22,117,83,34,23.52941176470588,9.15032679738562,14.37908496732026,76.47058823529412,54.248366013071895,22.22222222222222
E00090267,96,23,9,14,73,50,23,23.958333333333336,9.375,14.583333333333334,76.04166666666666,52.083333333333336,23.958333333333336
E00090268,112,44,19,25,68,47,21,39.285714285714285,16.964285714285715,22.321428571428573,60.71428571428571,41.964285714285715,18.75
E00090269,159,53,24,29,106,91,15,33.33333333333333,15.09433962264151,18.238993710691823,66.66666666666666,57.23270440251572,9.433962264150944
E00090270,159,54,23,31,105,84,21,33.9622641509434,14.465408805031446,19.49685534591195,66.0377358490566,52.83018867924528,13.20754716981132
E00090271,160,47,15,32,113,84,29,29.375,9.375,20,70.625,52.5,18.125
E00090272,209,50,17,33,159,124,35,23.923444976076556,8.133971291866029,15.789473684210526,76.07655502392345,59.33014354066985,16.74641148325359
E00090273,179,54,23,31,125,96,29,30.16759776536313,12.849162011173185,17.318435754189945,69.83240223463687,53.63128491620112,16.201117318435752
E00090274,136,46,20,26,90,75,15,33.82352941176471,14.705882352941178,19.11764705882353,66.17647058823529,55.14705882352941,11.029411764705882
E00090275,199,54,20,34,145,122,23,27.1356783919598,10.050251256281408,17.08542713567839,72.8643216080402,61.30653266331658,11.557788944723619
E00090276,154,54,25,29,100,82,18,35.064935064935064,16.233766233766232,18.83116883116883,64.93506493506493,53.246753246753244,11.688311688311687
E00090277,146,44,18,26,102,86,16,30.136986301369863,12.32876712328767,17.80821917808219,69.86301369863014,58.9041095890411,10.95890410958904
E00090278,138,57,27,30,81,68,13,41.30434782608695,19.565217391304348,21.73913043478261,58.69565217391305,49.275362318840585,9.420289855072465
E00090279,107,31,13,18,76,64,12,28.971962616822427,12.149532710280374,16.822429906542055,71.02803738317756,59.813084112149525,11.214953271028037
E00090280,167,51,18,33,116,105,11,30.538922155688624,10.778443113772456,19.760479041916167,69.46107784431138,62.874251497005986,6.58682634730539
E00090281,203,65,20,45,138,107,31,32.01970443349754,9.852216748768473,22.167487684729064,67.98029556650246,52.70935960591133,15.270935960591133
E00090282,149,44,24,20,105,88,17,29.53020134228188,16.10738255033557,13.422818791946309,70.46979865771812,59.06040268456376,11.409395973154362
E00090283,160,46,12,34,114,99,15,28.749999999999996,7.5,21.25,71.25,61.875,9.375
E00090284,134,41,16,25,93,81,12,30.597014925373134,11.940298507462686,18.65671641791045,69.40298507462687,60.447761194029844,8.955223880597014
E00090285,169,57,35,22,112,87,25,33.72781065088758,20.710059171597635,13.017751479289942,66.27218934911244,51.4792899408284,14.792899408284024
E00090286,157,50,17,33,107,96,11,31.84713375796178,10.828025477707007,21.019108280254777,68.15286624203821,61.146496815286625,7.006369426751593
E00090287,123,40,18,22,83,60,23,32.52032520325203,14.634146341463413,17.88617886178862,67.47967479674797,48.78048780487805,18.69918699186992
E00090288,166,47,17,30,119,95,24,28.313253012048197,10.240963855421686,18.072289156626507,71.6867469879518,57.22891566265061,14.457831325301203
E00090289,178,44,19,25,134,109,25,24.719101123595504,10.674157303370785,14.04494382022472,75.28089887640449,61.23595505617978,14.04494382022472
E00090290,162,50,23,27,112,90,22,30.864197530864196,14.19753086419753,16.666666666666664,69.1358024691358,55.55555555555556,13.580246913580247
E00090291,157,49,25,24,108,79,29,31.210191082802545,15.92356687898089,15.286624203821656,68.78980891719745,50.318471337579616,18.471337579617835
E00090292,123,32,11,21,91,69,22,26.01626016260163,8.94308943089431,17.073170731707318,73.98373983739837,56.09756097560976,17.88617886178862
E00090293,100,28,12,16,72,57,15,28.000000000000004,12,16,72,56.99999999999999,15
E00090294,129,38,14,24,91,66,25,29.457364341085274,10.852713178294573,18.6046511627907,70.54263565891473,51.162790697674424,19.379844961240313
E00090295,121,38,17,21,83,62,21,31.40495867768595,14.049586776859504,17.355371900826448,68.59504132231406,51.2396694214876,17.355371900826448
E00090296,136,49,22,27,87,62,25,36.029411764705884,16.176470588235293,19.852941176470587,63.970588235294116,45.588235294117645,18.38235294117647
E00090297,120,36,19,17,84,59,25,30,15.833333333333332,14.166666666666666,70,49.166666666666664,20.833333333333336
E00090298,160,41,14,27,119,101,18,25.624999999999996,8.75,16.875,74.375,63.125,11.25
E00090299,207,56,18,38,151,129,22,27.053140096618357,8.695652173913043,18.357487922705314,72.94685990338165,62.31884057971014,10.628019323671497
E00090300,103,42,13,29,61,53,8,40.77669902912621,12.62135922330097,28.155339805825243,59.22330097087378,51.45631067961165,7.766990291262135
E00090301,137,31,12,19,106,92,14,22.62773722627737,8.75912408759124,13.86861313868613,77.37226277372264,67.15328467153284,10.218978102189782
E00090302,130,42,9,33,88,78,10,32.30769230769231,6.923076923076923,25.384615384615383,67.6923076923077,60,7.6923076923076925
E00090303,163,53,15,38,110,97,13,32.515337423312886,9.202453987730062,23.31288343558282,67.48466257668711,59.50920245398773,7.975460122699387
E00090304,172,39,15,24,133,110,23,22.674418604651162,8.720930232558139,13.953488372093023,77.32558139534885,63.95348837209303,13.372093023255813
E00090305,158,42,13,29,116,95,21,26.582278481012654,8.227848101265822,18.354430379746837,73.41772151898735,60.12658227848101,13.291139240506327
E00090306,192,55,17,38,137,125,12,28.645833333333332,8.854166666666668,19.791666666666664,71.35416666666666,65.10416666666666,6.25
E00090307,146,33,7,26,113,97,16,22.602739726027394,4.794520547945205,17.80821917808219,77.3972602739726,66.43835616438356,10.95890410958904
E00090308,59,16,6,10,43,30,13,27.11864406779661,10.16949152542373,16.94915254237288,72.88135593220339,50.847457627118644,22.033898305084744
E00090309,189,67,22,45,122,106,16,35.44973544973545,11.64021164021164,23.809523809523807,64.55026455026454,56.08465608465608,8.465608465608465
E00090310,133,28,8,20,105,93,12,21.052631578947366,6.015037593984962,15.037593984962406,78.94736842105263,69.92481203007519,9.022556390977442
E00090311,170,50,19,31,120,106,14,29.411764705882355,11.176470588235295,18.235294117647058,70.58823529411765,62.35294117647059,8.235294117647058
E00090312,152,40,12,28,112,97,15,26.31578947368421,7.894736842105263,18.421052631578945,73.68421052631578,63.81578947368421,9.868421052631579
E00090313,174,56,22,34,118,101,17,32.18390804597701,12.643678160919542,19.54022988505747,67.81609195402298,58.04597701149425,9.770114942528735
E00090314,174,55,15,40,119,103,16,31.60919540229885,8.620689655172415,22.988505747126435,68.39080459770115,59.195402298850574,9.195402298850574
E00090315,129,46,14,32,83,74,9,35.65891472868217,10.852713178294573,24.8062015503876,64.34108527131784,57.36434108527132,6.976744186046512
E00090316,202,64,19,45,138,111,27,31.683168316831683,9.405940594059405,22.277227722772277,68.31683168316832,54.95049504950495,13.366336633663368
E00090317,207,68,27,41,139,117,22,32.850241545893724,13.043478260869565,19.806763285024154,67.14975845410628,56.52173913043478,10.628019323671497
E00090318,223,82,29,53,141,121,20,36.771300448430495,13.004484304932735,23.766816143497756,63.22869955156951,54.26008968609865,8.968609865470851
E00090319,209,96,35,61,113,101,12,45.933014354066984,16.74641148325359,29.1866028708134,54.066985645933016,48.32535885167464,5.741626794258373
E00090320,175,40,24,16,135,111,24,22.857142857142858,13.714285714285715,9.142857142857142,77.14285714285715,63.42857142857142,13.714285714285715
E00090321,126,40,23,17,86,78,8,31.746031746031743,18.253968253968253,13.492063492063492,68.25396825396825,61.904761904761905,6.349206349206349
E00090322,220,56,23,33,164,147,17,25.454545454545453,10.454545454545453,15,74.54545454545455,66.81818181818183,7.727272727272727
E00090323,251,79,25,54,172,148,24,31.47410358565737,9.9601593625498,21.51394422310757,68.52589641434263,58.964143426294825,9.56175298804781
E00090324,206,59,21,38,147,132,15,28.640776699029125,10.194174757281553,18.446601941747574,71.35922330097088,64.07766990291263,7.281553398058252
E00090325,257,87,29,58,170,150,20,33.85214007782101,11.284046692607005,22.56809338521401,66.14785992217898,58.36575875486382,7.782101167315175
E00090326,184,53,21,32,131,117,14,28.804347826086957,11.41304347826087,17.391304347826086,71.19565217391305,63.58695652173913,7.608695652173914
E00090327,207,82,30,52,125,114,11,39.61352657004831,14.492753623188406,25.120772946859905,60.38647342995169,55.072463768115945,5.314009661835748
E00090328,141,63,21,42,78,68,10,44.680851063829785,14.893617021276595,29.78723404255319,55.319148936170215,48.226950354609926,7.092198581560284
E00090329,143,75,34,41,68,61,7,52.44755244755245,23.776223776223777,28.671328671328673,47.55244755244755,42.65734265734265,4.895104895104895
E00090330,179,63,25,38,116,99,17,35.19553072625698,13.966480446927374,21.22905027932961,64.80446927374301,55.3072625698324,9.497206703910614
E00090331,219,100,38,62,119,100,19,45.662100456621005,17.35159817351598,28.31050228310502,54.337899543378995,45.662100456621005,8.67579908675799
E00090332,238,98,35,63,140,122,18,41.17647058823529,14.705882352941178,26.47058823529412,58.82352941176471,51.26050420168067,7.563025210084033
E00090333,195,71,27,44,124,106,18,36.41025641025641,13.846153846153847,22.564102564102566,63.589743589743584,54.35897435897436,9.230769230769232
E00090334,119,49,16,33,70,57,13,41.17647058823529,13.445378151260504,27.73109243697479,58.82352941176471,47.89915966386555,10.92436974789916
E00090335,163,48,22,26,115,101,14,29.447852760736197,13.496932515337424,15.950920245398773,70.5521472392638,61.963190184049076,8.588957055214724
E00090336,256,101,33,68,155,140,15,39.453125,12.890625,26.5625,60.546875,54.6875,5.859375
E00090337,144,51,22,29,93,76,17,35.41666666666667,15.277777777777779,20.13888888888889,64.58333333333334,52.77777777777778,11.805555555555555
E00090338,152,49,22,27,103,88,15,32.23684210526316,14.473684210526317,17.763157894736842,67.76315789473685,57.89473684210527,9.868421052631579
E00090339,144,43,18,25,101,83,18,29.86111111111111,12.5,17.36111111111111,70.13888888888889,57.638888888888886,12.5
E00090340,144,42,12,30,102,92,10,29.166666666666668,8.333333333333332,20.833333333333336,70.83333333333334,63.888888888888886,6.944444444444445
E00090341,193,37,16,21,156,133,23,19.170984455958546,8.290155440414509,10.880829015544041,80.82901554404145,68.9119170984456,11.917098445595855
E00090342,235,46,18,28,189,159,30,19.574468085106382,7.659574468085106,11.914893617021278,80.42553191489363,67.65957446808511,12.76595744680851
E00090343,147,38,14,24,109,97,12,25.850340136054424,9.523809523809524,16.3265306122449,74.14965986394559,65.98639455782312,8.16326530612245
E00090344,107,29,12,17,78,63,15,27.102803738317753,11.214953271028037,15.887850467289718,72.89719626168224,58.87850467289719,14.018691588785046
E00090346,206,51,16,35,155,135,20,24.75728155339806,7.766990291262135,16.990291262135923,75.24271844660194,65.53398058252428,9.70873786407767
E00090347,322,67,28,39,255,219,36,20.80745341614907,8.695652173913043,12.111801242236025,79.19254658385093,68.01242236024845,11.180124223602485
E00090348,176,49,16,33,127,103,24,27.84090909090909,9.090909090909092,18.75,72.1590909090909,58.52272727272727,13.636363636363635
E00090349,286,57,25,32,229,183,46,19.93006993006993,8.741258741258742,11.188811188811188,80.06993006993007,63.98601398601399,16.083916083916083
E00090351,174,51,16,35,123,108,15,29.310344827586203,9.195402298850574,20.114942528735632,70.6896551724138,62.06896551724138,8.620689655172415
E00090353,290,75,25,50,215,192,23,25.862068965517242,8.620689655172415,17.24137931034483,74.13793103448276,66.20689655172414,7.931034482758621
E00090354,137,45,15,30,92,80,12,32.846715328467155,10.948905109489052,21.897810218978105,67.15328467153284,58.3941605839416,8.75912408759124
E00090355,296,66,26,40,230,185,45,22.2972972972973,8.783783783783784,13.513513513513514,77.7027027027027,62.5,15.202702702702704
E00090356,190,49,17,32,141,126,15,25.789473684210527,8.947368421052632,16.842105263157894,74.21052631578947,66.3157894736842,7.894736842105263
E00090357,173,50,17,33,123,109,14,28.901734104046245,9.826589595375722,19.07514450867052,71.09826589595376,63.005780346820806,8.092485549132949
E00090358,210,57,18,39,153,134,19,27.142857142857142,8.571428571428571,18.571428571428573,72.85714285714285,63.8095238095238,9.047619047619047
E00090359,199,40,15,25,159,142,17,20.100502512562816,7.537688442211055,12.562814070351758,79.89949748743719,71.35678391959799,8.542713567839195
E00090360,190,68,24,44,122,97,25,35.78947368421053,12.631578947368421,23.157894736842106,64.21052631578948,51.05263157894737,13.157894736842104
E00090361,169,55,20,35,114,103,11,32.544378698224854,11.834319526627219,20.710059171597635,67.45562130177515,60.946745562130175,6.508875739644971
E00090362,184,47,15,32,137,116,21,25.543478260869566,8.152173913043478,17.391304347826086,74.45652173913044,63.04347826086957,11.41304347826087
E00090363,219,73,33,40,146,130,16,33.33333333333333,15.068493150684931,18.2648401826484,66.66666666666666,59.3607305936073,7.30593607305936
E00090364,184,43,15,28,141,124,17,23.369565217391305,8.152173913043478,15.217391304347828,76.63043478260869,67.3913043478261,9.239130434782608
E00090365,177,40,15,25,137,119,18,22.598870056497177,8.47457627118644,14.124293785310735,77.40112994350282,67.2316384180791,10.16949152542373
E00090366,127,48,22,26,79,69,10,37.79527559055118,17.322834645669293,20.47244094488189,62.20472440944882,54.330708661417326,7.874015748031496
E00090367,205,60,20,40,145,125,20,29.268292682926827,9.75609756097561,19.51219512195122,70.73170731707317,60.97560975609756,9.75609756097561
E00090368,185,59,20,39,126,111,15,31.891891891891895,10.81081081081081,21.08108108108108,68.10810810810811,60,8.108108108108109
E00090369,176,49,20,29,127,106,21,27.84090909090909,11.363636363636363,16.477272727272727,72.1590909090909,60.22727272727273,11.931818181818182
E00090370,171,66,30,36,105,93,12,38.59649122807017,17.543859649122805,21.052631578947366,61.40350877192983,54.385964912280706,7.017543859649122
E00090371,209,46,19,27,163,139,24,22.00956937799043,9.090909090909092,12.918660287081341,77.99043062200957,66.50717703349282,11.483253588516746
E00090372,246,58,22,36,188,153,35,23.577235772357724,8.94308943089431,14.634146341463413,76.42276422764228,62.19512195121951,14.227642276422763
E00090374,99,39,18,21,60,41,19,39.39393939393939,18.181818181818183,21.21212121212121,60.60606060606061,41.41414141414141,19.19191919191919
E00090375,137,43,23,20,94,68,26,31.386861313868614,16.78832116788321,14.5985401459854,68.61313868613139,49.63503649635037,18.97810218978102
E00090376,90,27,15,12,63,49,14,30,16.666666666666664,13.333333333333334,70,54.44444444444444,15.555555555555555
E00090377,177,49,16,33,128,108,20,27.683615819209038,9.03954802259887,18.64406779661017,72.31638418079096,61.016949152542374,11.299435028248588
E00090378,229,75,30,45,154,128,26,32.751091703056765,13.100436681222707,19.65065502183406,67.24890829694323,55.895196506550214,11.353711790393014
E00090379,202,49,14,35,153,131,22,24.257425742574256,6.9306930693069315,17.326732673267326,75.74257425742574,64.85148514851485,10.891089108910892
E00090380,206,57,21,36,149,123,26,27.669902912621357,10.194174757281553,17.475728155339805,72.33009708737865,59.70873786407766,12.62135922330097
E00090381,248,66,27,39,182,152,30,26.61290322580645,10.887096774193548,15.725806451612904,73.38709677419355,61.29032258064516,12.096774193548388
E00090382,160,49,20,29,111,98,13,30.625000000000004,12.5,18.125,69.375,61.25000000000001,8.125
E00090383,157,48,17,31,109,85,24,30.573248407643312,10.828025477707007,19.745222929936308,69.42675159235668,54.14012738853503,15.286624203821656
E00090384,179,54,23,31,125,101,24,30.16759776536313,12.849162011173185,17.318435754189945,69.83240223463687,56.424581005586596,13.40782122905028
E00090385,100,31,11,20,69,65,4,31,11,20,69,65,4
E00090386,244,66,23,43,178,152,26,27.049180327868854,9.426229508196721,17.62295081967213,72.95081967213115,62.295081967213115,10.655737704918032
E00090387,141,43,12,31,98,77,21,30.49645390070922,8.51063829787234,21.98581560283688,69.50354609929079,54.60992907801418,14.893617021276595
E00090388,142,45,20,25,97,78,19,31.690140845070424,14.084507042253522,17.6056338028169,68.30985915492957,54.929577464788736,13.380281690140844
E00090389,117,32,8,24,85,67,18,27.350427350427353,6.837606837606838,20.51282051282051,72.64957264957265,57.26495726495726,15.384615384615385
E00090390,145,44,17,27,101,89,12,30.344827586206897,11.724137931034482,18.620689655172416,69.6551724137931,61.37931034482759,8.275862068965518
E00090391,176,41,14,27,135,120,15,23.295454545454543,7.954545454545454,15.340909090909092,76.70454545454545,68.18181818181817,8.522727272727272
E00090392,190,45,16,29,145,125,20,23.684210526315788,8.421052631578947,15.263157894736842,76.31578947368422,65.78947368421053,10.526315789473683
E00090393,215,51,25,26,164,122,42,23.72093023255814,11.627906976744185,12.093023255813954,76.27906976744187,56.74418604651162,19.53488372093023
E00090394,172,42,14,28,130,112,18,24.418604651162788,8.13953488372093,16.27906976744186,75.5813953488372,65.11627906976744,10.465116279069768
E00090395,164,45,20,25,119,88,31,27.439024390243905,12.195121951219512,15.24390243902439,72.5609756097561,53.65853658536586,18.902439024390244
E00090396,201,62,23,39,139,104,35,30.845771144278604,11.442786069651742,19.402985074626866,69.15422885572139,51.741293532338304,17.412935323383085
E00090397,175,47,23,24,128,106,22,26.857142857142858,13.142857142857142,13.714285714285715,73.14285714285714,60.57142857142858,12.571428571428573
E00090398,187,62,21,41,125,109,16,33.155080213903744,11.229946524064172,21.92513368983957,66.84491978609626,58.288770053475936,8.55614973262032
E00090399,178,46,18,28,132,114,18,25.842696629213485,10.112359550561797,15.730337078651685,74.15730337078652,64.04494382022472,10.112359550561797
E00090400,175,45,20,25,130,105,25,25.71428571428571,11.428571428571429,14.285714285714285,74.28571428571429,60,14.285714285714285
E00090401,179,47,19,28,132,111,21,26.256983240223462,10.614525139664805,15.64245810055866,73.74301675977654,62.01117318435754,11.731843575418994
E00090402,168,58,22,36,110,95,15,34.523809523809526,13.095238095238097,21.428571428571427,65.47619047619048,56.547619047619044,8.928571428571429
E00090403,128,36,16,20,92,78,14,28.125,12.5,15.625,71.875,60.9375,10.9375
E00090404,188,61,19,42,127,106,21,32.4468085106383,10.106382978723403,22.340425531914892,67.5531914893617,56.38297872340425,11.170212765957446
E00090405,270,71,30,41,199,166,33,26.296296296296294,11.11111111111111,15.185185185185185,73.70370370370371,61.48148148148148,12.222222222222221
E00090406,244,57,17,40,187,162,25,23.36065573770492,6.967213114754098,16.39344262295082,76.63934426229508,66.39344262295081,10.245901639344263
E00090407,163,59,21,38,104,92,12,36.19631901840491,12.883435582822086,23.31288343558282,63.80368098159509,56.44171779141104,7.361963190184049
E00090408,152,43,21,22,109,77,32,28.289473684210524,13.815789473684212,14.473684210526317,71.71052631578947,50.6578947368421,21.052631578947366
E00090409,189,46,18,28,143,121,22,24.33862433862434,9.523809523809524,14.814814814814813,75.66137566137566,64.02116402116403,11.64021164021164
E00090410,232,63,17,46,169,152,17,27.155172413793103,7.327586206896551,19.82758620689655,72.84482758620689,65.51724137931035,7.327586206896551
E00090411,182,38,19,19,144,120,24,20.87912087912088,10.43956043956044,10.43956043956044,79.12087912087912,65.93406593406593,13.186813186813188
E00090412,177,38,9,29,139,125,14,21.468926553672315,5.084745762711865,16.38418079096045,78.53107344632768,70.62146892655367,7.909604519774012
E00090413,201,31,9,22,170,144,26,15.422885572139302,4.477611940298507,10.945273631840797,84.5771144278607,71.64179104477611,12.935323383084576
E00090414,216,54,13,41,162,137,25,25,6.018518518518518,18.98148148148148,75,63.42592592592593,11.574074074074074
E00090415,54,24,8,16,30,27,3,44.44444444444444,14.814814814814813,29.629629629629626,55.55555555555556,50,5.555555555555555
E00090416,168,29,7,22,139,122,17,17.261904761904763,4.166666666666666,13.095238095238097,82.73809523809523,72.61904761904762,10.119047619047619
E00090417,135,28,7,21,107,88,19,20.74074074074074,5.185185185185185,15.555555555555555,79.25925925925927,65.18518518518519,14.074074074074074
E00090418,244,48,13,35,196,162,34,19.672131147540984,5.327868852459016,14.344262295081966,80.32786885245902,66.39344262295081,13.934426229508196
E00090420,253,81,24,57,172,142,30,32.015810276679844,9.486166007905137,22.529644268774703,67.98418972332016,56.126482213438734,11.857707509881422
E00090421,171,62,26,36,109,91,18,36.25730994152047,15.204678362573098,21.052631578947366,63.74269005847953,53.216374269005854,10.526315789473683
E00090422,122,41,12,29,81,67,14,33.60655737704918,9.836065573770492,23.770491803278688,66.39344262295081,54.91803278688525,11.475409836065573
E00090423,156,32,12,20,124,107,17,20.51282051282051,7.6923076923076925,12.82051282051282,79.48717948717949,68.58974358974359,10.897435897435898
E00090424,154,43,14,29,111,98,13,27.92207792207792,9.090909090909092,18.83116883116883,72.07792207792207,63.63636363636363,8.441558441558442
E00090425,162,43,10,33,119,102,17,26.543209876543212,6.172839506172839,20.37037037037037,73.4567901234568,62.96296296296296,10.493827160493826
E00090426,160,45,15,30,115,94,21,28.125,9.375,18.75,71.875,58.75,13.125
E00090427,149,43,11,32,106,95,11,28.859060402684566,7.38255033557047,21.476510067114095,71.14093959731544,63.758389261744966,7.38255033557047
E00090428,125,26,7,19,99,87,12,20.8,5.6000000000000005,15.2,79.2,69.6,9.6
E00090429,186,27,8,19,159,144,15,14.516129032258066,4.301075268817205,10.21505376344086,85.48387096774194,77.41935483870968,8.064516129032258
E00090430,149,47,12,35,102,94,8,31.543624161073826,8.053691275167784,23.48993288590604,68.45637583892618,63.08724832214765,5.369127516778524
E00090431,228,61,19,42,167,147,20,26.75438596491228,8.333333333333332,18.421052631578945,73.24561403508771,64.47368421052632,8.771929824561402
E00090432,159,41,18,23,118,104,14,25.78616352201258,11.320754716981133,14.465408805031446,74.21383647798741,65.40880503144653,8.80503144654088
E00090433,180,48,14,34,132,116,16,26.666666666666668,7.777777777777778,18.88888888888889,73.33333333333333,64.44444444444444,8.88888888888889
E00090434,235,73,19,54,162,148,14,31.06382978723404,8.085106382978724,22.97872340425532,68.93617021276596,62.97872340425532,5.957446808510639
E00090436,187,71,34,37,116,103,13,37.967914438502675,18.181818181818183,19.786096256684495,62.03208556149733,55.080213903743314,6.951871657754011
E00090437,158,48,19,29,110,103,7,30.37974683544304,12.025316455696203,18.354430379746837,69.62025316455697,65.18987341772153,4.430379746835443
E00090438,136,57,17,40,79,68,11,41.911764705882355,12.5,29.411764705882355,58.08823529411765,50,8.088235294117647
E00090439,113,32,8,24,81,68,13,28.31858407079646,7.079646017699115,21.238938053097346,71.68141592920354,60.17699115044248,11.504424778761061
E00090440,115,53,23,30,62,39,23,46.08695652173913,20,26.08695652173913,53.91304347826087,33.91304347826087,20
E00090441,175,52,23,29,123,92,31,29.714285714285715,13.142857142857142,16.57142857142857,70.28571428571428,52.57142857142857,17.71428571428571
E00090442,119,38,19,19,81,63,18,31.932773109243694,15.966386554621847,15.966386554621847,68.0672268907563,52.94117647058824,15.126050420168067
E00090443,121,40,17,23,81,58,23,33.057851239669425,14.049586776859504,19.00826446280992,66.94214876033058,47.93388429752066,19.00826446280992
E00090444,139,46,24,22,93,70,23,33.093525179856115,17.26618705035971,15.827338129496402,66.90647482014388,50.35971223021583,16.546762589928058
E00090445,39,10,4,6,29,26,3,25.64102564102564,10.256410256410255,15.384615384615385,74.35897435897436,66.66666666666666,7.6923076923076925
E00090446,108,28,9,19,80,69,11,25.925925925925924,8.333333333333332,17.59259259259259,74.07407407407408,63.888888888888886,10.185185185185185
E00090447,170,43,13,30,127,104,23,25.294117647058822,7.647058823529412,17.647058823529413,74.70588235294117,61.1764705882353,13.529411764705882
E00090448,149,39,15,24,110,90,20,26.174496644295303,10.06711409395973,16.10738255033557,73.8255033557047,60.40268456375839,13.422818791946309
E00090449,269,51,22,29,218,171,47,18.95910780669145,8.178438661710038,10.780669144981413,81.04089219330855,63.56877323420075,17.472118959107807
E00090450,191,51,20,31,140,112,28,26.701570680628272,10.471204188481675,16.230366492146597,73.29842931937172,58.63874345549738,14.659685863874344
E00090451,136,35,17,18,101,73,28,25.735294117647058,12.5,13.23529411764706,74.26470588235294,53.67647058823529,20.588235294117645
E00090452,52,25,9,16,27,27,0,48.07692307692308,17.307692307692307,30.76923076923077,51.92307692307693,51.92307692307693,0
E00090453,170,46,21,25,124,91,33,27.058823529411764,12.352941176470589,14.705882352941178,72.94117647058823,53.529411764705884,19.411764705882355
E00090454,143,40,17,23,103,76,27,27.972027972027973,11.888111888111888,16.083916083916083,72.02797202797203,53.14685314685315,18.88111888111888
E00090455,111,36,13,23,75,58,17,32.432432432432435,11.711711711711711,20.72072072072072,67.56756756756756,52.25225225225225,15.315315315315313
E00090456,87,33,8,25,54,41,13,37.93103448275862,9.195402298850574,28.735632183908045,62.06896551724138,47.12643678160919,14.942528735632186
E00090457,112,46,22,24,66,47,19,41.07142857142857,19.642857142857142,21.428571428571427,58.92857142857143,41.964285714285715,16.964285714285715
E00090458,158,49,20,29,109,88,21,31.0126582278481,12.658227848101266,18.354430379746837,68.9873417721519,55.69620253164557,13.291139240506327
E00090459,159,53,29,24,106,83,23,33.33333333333333,18.238993710691823,15.09433962264151,66.66666666666666,52.20125786163522,14.465408805031446
E00090460,146,46,19,27,100,75,25,31.506849315068493,13.013698630136986,18.493150684931507,68.4931506849315,51.369863013698634,17.123287671232877
E00090461,38,11,2,9,27,23,4,28.947368421052634,5.263157894736842,23.684210526315788,71.05263157894737,60.526315789473685,10.526315789473683
E00090462,129,39,8,31,90,72,18,30.23255813953488,6.2015503875969,24.031007751937985,69.76744186046511,55.81395348837209,13.953488372093023
E00090463,102,33,8,25,69,51,18,32.35294117647059,7.8431372549019605,24.509803921568626,67.64705882352942,50,17.647058823529413
E00090464,121,31,13,18,90,75,15,25.6198347107438,10.743801652892563,14.87603305785124,74.3801652892562,61.98347107438017,12.396694214876034
E00090465,156,52,23,29,104,95,9,33.33333333333333,14.743589743589745,18.58974358974359,66.66666666666666,60.89743589743589,5.769230769230769
E00090466,174,53,14,39,121,103,18,30.45977011494253,8.045977011494253,22.413793103448278,69.54022988505747,59.195402298850574,10.344827586206897
E00090467,116,38,9,29,78,67,11,32.758620689655174,7.758620689655173,25,67.24137931034483,57.758620689655174,9.482758620689655
E00090468,150,35,10,25,115,97,18,23.333333333333332,6.666666666666667,16.666666666666664,76.66666666666667,64.66666666666666,12
E00090469,149,46,26,20,103,81,22,30.87248322147651,17.449664429530202,13.422818791946309,69.12751677852349,54.36241610738255,14.76510067114094
E00090470,157,55,22,33,102,84,18,35.03184713375796,14.012738853503185,21.019108280254777,64.96815286624204,53.503184713375795,11.464968152866243
E00090471,149,39,13,26,110,85,25,26.174496644295303,8.724832214765101,17.449664429530202,73.8255033557047,57.04697986577181,16.778523489932887
E00090472,124,28,11,17,96,79,17,22.58064516129032,8.870967741935484,13.709677419354838,77.41935483870968,63.70967741935484,13.709677419354838
E00090473,131,40,16,24,91,72,19,30.53435114503817,12.213740458015266,18.3206106870229,69.46564885496184,54.961832061068705,14.50381679389313
E00090474,157,43,16,27,114,90,24,27.388535031847134,10.191082802547772,17.197452229299362,72.61146496815286,57.324840764331206,15.286624203821656
E00090475,170,39,13,26,131,101,30,22.941176470588236,7.647058823529412,15.294117647058824,77.05882352941177,59.411764705882355,17.647058823529413
E00090476,129,30,11,19,99,85,14,23.25581395348837,8.527131782945736,14.728682170542637,76.74418604651163,65.89147286821705,10.852713178294573
E00090477,197,57,18,39,140,116,24,28.934010152284262,9.137055837563452,19.796954314720814,71.06598984771574,58.88324873096447,12.18274111675127
E00090478,205,58,21,37,147,122,25,28.292682926829265,10.24390243902439,18.048780487804876,71.70731707317073,59.512195121951216,12.195121951219512
E00090479,126,38,15,23,88,72,16,30.158730158730158,11.904761904761903,18.253968253968253,69.84126984126983,57.14285714285714,12.698412698412698
E00090480,307,92,44,48,215,175,40,29.967426710097723,14.332247557003258,15.63517915309446,70.03257328990227,57.00325732899023,13.029315960912053
E00090481,107,24,9,15,83,74,9,22.429906542056074,8.411214953271028,14.018691588785046,77.57009345794393,69.1588785046729,8.411214953271028
E00090482,149,52,17,35,97,80,17,34.899328859060404,11.409395973154362,23.48993288590604,65.1006711409396,53.691275167785236,11.409395973154362
E00090483,168,56,21,35,112,92,20,33.33333333333333,12.5,20.833333333333336,66.66666666666666,54.761904761904766,11.904761904761903
E00090484,183,49,20,29,134,103,31,26.775956284153008,10.92896174863388,15.846994535519126,73.224043715847,56.284153005464475,16.939890710382514
E00090485,152,47,16,31,105,83,22,30.92105263157895,10.526315789473683,20.394736842105264,69.07894736842105,54.60526315789473,14.473684210526317
E00090486,206,38,16,22,168,145,23,18.446601941747574,7.766990291262135,10.679611650485436,81.55339805825243,70.3883495145631,11.165048543689322
E00090487,157,57,24,33,100,83,17,36.30573248407643,15.286624203821656,21.019108280254777,63.69426751592356,52.86624203821656,10.828025477707007
E00090488,157,56,25,31,101,81,20,35.6687898089172,15.92356687898089,19.745222929936308,64.3312101910828,51.59235668789809,12.738853503184714
E00090489,214,56,24,32,158,135,23,26.168224299065418,11.214953271028037,14.953271028037381,73.83177570093457,63.084112149532714,10.74766355140187
E00090490,123,37,12,25,86,75,11,30.081300813008134,9.75609756097561,20.32520325203252,69.91869918699187,60.97560975609756,8.94308943089431
E00090491,125,36,23,13,89,69,20,28.799999999999997,18.4,10.4,71.2,55.2,16
E00090492,141,45,27,18,96,73,23,31.914893617021278,19.148936170212767,12.76595744680851,68.08510638297872,51.77304964539007,16.312056737588655
E00090493,159,48,16,32,111,96,15,30.18867924528302,10.062893081761008,20.125786163522015,69.81132075471697,60.37735849056604,9.433962264150944
E00090494,171,69,35,34,102,82,20,40.35087719298245,20.46783625730994,19.883040935672515,59.64912280701754,47.953216374269005,11.695906432748536
E00090495,120,33,17,16,87,64,23,27.500000000000004,14.166666666666666,13.333333333333334,72.5,53.333333333333336,19.166666666666668
E00090496,117,35,12,23,82,65,17,29.914529914529915,10.256410256410255,19.65811965811966,70.08547008547008,55.55555555555556,14.529914529914532
E00090497,208,67,22,45,141,105,36,32.21153846153847,10.576923076923077,21.634615384615387,67.78846153846155,50.480769230769226,17.307692307692307
E00090498,185,71,37,34,114,80,34,38.37837837837838,20,18.37837837837838,61.62162162162163,43.24324324324324,18.37837837837838
E00090499,182,60,34,26,122,83,39,32.967032967032964,18.681318681318682,14.285714285714285,67.03296703296702,45.604395604395606,21.428571428571427
E00090500,162,57,26,31,105,74,31,35.18518518518518,16.049382716049383,19.1358024691358,64.81481481481481,45.67901234567901,19.1358024691358
E00090501,143,30,16,14,113,97,16,20.97902097902098,11.188811188811188,9.79020979020979,79.02097902097903,67.83216783216784,11.188811188811188
E00090502,214,65,24,41,149,118,31,30.373831775700932,11.214953271028037,19.158878504672895,69.62616822429906,55.140186915887845,14.485981308411214
E00090503,202,57,23,34,145,119,26,28.217821782178216,11.386138613861387,16.831683168316832,71.78217821782178,58.91089108910891,12.871287128712872
E00090504,176,48,24,24,128,111,17,27.27272727272727,13.636363636363635,13.636363636363635,72.72727272727273,63.06818181818182,9.659090909090908
E00090505,165,44,17,27,121,106,15,26.666666666666668,10.303030303030303,16.363636363636363,73.33333333333333,64.24242424242425,9.090909090909092
E00090506,137,47,21,26,90,71,19,34.306569343065696,15.328467153284672,18.97810218978102,65.69343065693431,51.82481751824818,13.86861313868613
E00090507,204,49,25,24,155,135,20,24.019607843137255,12.254901960784313,11.76470588235294,75.98039215686273,66.17647058823529,9.803921568627452
E00090508,264,64,22,42,200,176,24,24.242424242424242,8.333333333333332,15.909090909090908,75.75757575757575,66.66666666666666,9.090909090909092
E00090509,58,16,5,11,42,34,8,27.586206896551722,8.620689655172415,18.96551724137931,72.41379310344827,58.620689655172406,13.793103448275861
E00090510,160,44,14,30,116,95,21,27.500000000000004,8.75,18.75,72.5,59.375,13.125
E00090511,158,48,17,31,110,86,24,30.37974683544304,10.759493670886076,19.62025316455696,69.62025316455697,54.43037974683544,15.18987341772152
E00165834,150,40,16,24,110,88,22,26.666666666666668,10.666666666666668,16,73.33333333333333,58.666666666666664,14.666666666666666
E00165835,148,42,21,21,106,76,30,28.37837837837838,14.18918918918919,14.18918918918919,71.62162162162163,51.35135135135135,20.27027027027027
E00165836,126,43,12,31,83,78,5,34.12698412698413,9.523809523809524,24.6031746031746,65.87301587301587,61.904761904761905,3.968253968253968
E00165837,160,55,16,39,105,81,24,34.375,10,24.375,65.625,50.625,15
E00169106,197,65,30,35,132,107,25,32.99492385786802,15.228426395939088,17.766497461928935,67.00507614213198,54.314720812182735,12.690355329949238
E00169108,233,69,33,36,164,134,30,29.613733905579398,14.163090128755366,15.450643776824036,70.3862660944206,57.5107296137339,12.875536480686694
E00169109,218,58,18,40,160,139,21,26.605504587155966,8.256880733944955,18.34862385321101,73.39449541284404,63.76146788990825,9.63302752293578
E00169111,214,51,15,36,163,150,13,23.83177570093458,7.009345794392523,16.822429906542055,76.16822429906543,70.09345794392523,6.074766355140187
E00169112,180,29,10,19,151,129,22,16.11111111111111,5.555555555555555,10.555555555555555,83.88888888888889,71.66666666666667,12.222222222222221
E00169114,242,40,13,27,202,172,30,16.528925619834713,5.371900826446281,11.15702479338843,83.47107438016529,71.07438016528926,12.396694214876034
E00169117,231,59,21,38,172,138,34,25.541125541125542,9.090909090909092,16.450216450216452,74.45887445887446,59.74025974025974,14.71861471861472
E00169119,207,42,12,30,165,151,14,20.28985507246377,5.797101449275362,14.492753623188406,79.71014492753623,72.94685990338165,6.763285024154589
E00169122,251,72,25,47,179,152,27,28.68525896414343,9.9601593625498,18.725099601593627,71.31474103585657,60.55776892430279,10.756972111553784
E00169123,80,26,6,20,54,49,5,32.5,7.5,25,67.5,61.25000000000001,6.25
E00169124,241,52,13,39,189,163,26,21.57676348547718,5.394190871369295,16.182572614107883,78.42323651452283,67.63485477178423,10.78838174273859
E00169125,168,60,22,38,108,91,17,35.714285714285715,13.095238095238097,22.61904761904762,64.28571428571429,54.166666666666664,10.119047619047619
E00169128,297,64,20,44,233,193,40,21.548821548821547,6.7340067340067336,14.814814814814813,78.45117845117845,64.98316498316498,13.468013468013467
E00169129,111,25,11,14,86,58,28,22.52252252252252,9.90990990990991,12.612612612612612,77.47747747747748,52.25225225225225,25.225225225225223
E00169130,215,54,19,35,161,133,28,25.116279069767444,8.837209302325581,16.27906976744186,74.88372093023256,61.86046511627907,13.023255813953488
E00169131,44,16,5,11,28,22,6,36.36363636363637,11.363636363636363,25,63.63636363636363,50,13.636363636363635
E00169132,209,47,12,35,162,133,29,22.48803827751196,5.741626794258373,16.74641148325359,77.51196172248804,63.63636363636363,13.875598086124402
E00169134,141,35,9,26,106,95,11,24.822695035460992,6.382978723404255,18.439716312056735,75.177304964539,67.37588652482269,7.801418439716312
E00169135,179,35,13,22,144,121,23,19.553072625698324,7.262569832402235,12.290502793296088,80.44692737430168,67.59776536312849,12.849162011173185
E00169136,102,20,8,12,82,70,12,19.607843137254903,7.8431372549019605,11.76470588235294,80.3921568627451,68.62745098039215,11.76470588235294
E00169137,140,33,6,27,107,88,19,23.57142857142857,4.285714285714286,19.28571428571429,76.42857142857142,62.857142857142854,13.571428571428571
E00169138,142,37,14,23,105,84,21,26.056338028169012,9.859154929577464,16.19718309859155,73.94366197183099,59.154929577464785,14.788732394366196
E00169139,183,51,19,32,132,108,24,27.86885245901639,10.382513661202186,17.48633879781421,72.1311475409836,59.01639344262295,13.114754098360656
E00169141,166,34,8,26,132,120,12,20.481927710843372,4.819277108433735,15.66265060240964,79.51807228915662,72.28915662650603,7.228915662650602
E00169143,236,58,22,36,178,147,31,24.576271186440678,9.322033898305085,15.254237288135593,75.42372881355932,62.28813559322034,13.135593220338984
E00169144,182,40,13,27,142,112,30,21.978021978021978,7.142857142857142,14.835164835164836,78.02197802197803,61.53846153846154,16.483516483516482
E00169145,130,40,15,25,90,78,12,30.76923076923077,11.538461538461538,19.230769230769234,69.23076923076923,60,9.230769230769232
E00169146,135,12,5,7,123,106,17,8.88888888888889,3.7037037037037033,5.185185185185185,91.11111111111111,78.51851851851852,12.592592592592592
E00169148,152,30,10,20,122,104,18,19.736842105263158,6.578947368421052,13.157894736842104,80.26315789473685,68.42105263157895,11.842105263157894
E00169149,174,44,16,28,130,109,21,25.287356321839084,9.195402298850574,16.091954022988507,74.71264367816092,62.643678160919535,12.068965517241379
E00169150,131,29,8,21,102,89,13,22.137404580152673,6.106870229007633,16.030534351145036,77.86259541984732,67.93893129770993,9.923664122137405
E00169151,309,67,23,44,242,204,38,21.68284789644013,7.443365695792881,14.239482200647249,78.31715210355988,66.01941747572816,12.297734627831716
E00169152,210,69,22,47,141,118,23,32.857142857142854,10.476190476190476,22.380952380952383,67.14285714285714,56.19047619047619,10.952380952380953
E00169153,171,59,16,43,112,96,16,34.50292397660819,9.35672514619883,25.146198830409354,65.49707602339181,56.14035087719298,9.35672514619883
E00169155,187,55,21,34,132,111,21,29.411764705882355,11.229946524064172,18.181818181818183,70.58823529411765,59.35828877005348,11.229946524064172
E00169156,163,44,18,26,119,83,36,26.993865030674847,11.042944785276074,15.950920245398773,73.00613496932516,50.920245398773,22.085889570552148
E00169157,210,53,21,32,157,86,71,25.238095238095237,10,15.238095238095239,74.76190476190476,40.95238095238095,33.80952380952381
E00169158,111,41,15,26,70,55,15,36.93693693693694,13.513513513513514,23.423423423423422,63.06306306306306,49.549549549549546,13.513513513513514
E00169159,181,64,25,39,117,100,17,35.35911602209944,13.812154696132598,21.54696132596685,64.64088397790056,55.24861878453039,9.392265193370166
E00172599,153,43,23,20,110,75,35,28.104575163398692,15.032679738562091,13.071895424836603,71.89542483660131,49.01960784313725,22.875816993464053
E00172601,198,52,23,29,146,131,15,26.262626262626267,11.616161616161616,14.646464646464647,73.73737373737373,66.16161616161617,7.575757575757576
E00172602,109,16,3,13,93,79,14,14.678899082568808,2.7522935779816518,11.926605504587156,85.3211009174312,72.47706422018348,12.844036697247708
E00172603,122,23,9,14,99,78,21,18.852459016393443,7.377049180327869,11.475409836065573,81.14754098360656,63.934426229508205,17.21311475409836
E00172604,168,27,7,20,141,127,14,16.071428571428573,4.166666666666666,11.904761904761903,83.92857142857143,75.59523809523809,8.333333333333332
E00172605,202,55,19,36,147,118,29,27.22772277227723,9.405940594059405,17.82178217821782,72.77227722772277,58.415841584158414,14.356435643564355
E00172607,194,35,16,19,159,142,17,18.04123711340206,8.24742268041237,9.793814432989691,81.95876288659794,73.19587628865979,8.762886597938143
E00172609,153,36,14,22,117,100,17,23.52941176470588,9.15032679738562,14.37908496732026,76.47058823529412,65.359477124183,11.11111111111111
E00172610,178,39,14,25,139,96,43,21.910112359550563,7.865168539325842,14.04494382022472,78.08988764044943,53.93258426966292,24.15730337078652
E00172612,188,52,15,37,136,117,19,27.659574468085108,7.9787234042553195,19.680851063829788,72.3404255319149,62.23404255319149,10.106382978723403
E00172613,127,31,6,25,96,83,13,24.409448818897637,4.724409448818897,19.68503937007874,75.59055118110236,65.35433070866141,10.236220472440944
E00172614,180,31,13,18,149,133,16,17.22222222222222,7.222222222222221,10,82.77777777777777,73.88888888888889,8.88888888888889
E00172615,177,48,16,32,129,112,17,27.11864406779661,9.03954802259887,18.07909604519774,72.88135593220339,63.2768361581921,9.6045197740113
E00172617,160,51,18,33,109,95,14,31.874999999999996,11.25,20.625,68.125,59.375,8.75
E00172618,141,39,16,23,102,87,15,27.659574468085108,11.347517730496454,16.312056737588655,72.3404255319149,61.702127659574465,10.638297872340425
E00172619,123,29,13,16,94,71,23,23.577235772357724,10.569105691056912,13.008130081300814,76.42276422764228,57.72357723577236,18.69918699186992
E00178318,153,34,9,25,119,106,13,22.22222222222222,5.88235294117647,16.33986928104575,77.77777777777779,69.28104575163398,8.49673202614379
E00178319,113,40,16,24,73,60,13,35.39823008849557,14.15929203539823,21.238938053097346,64.60176991150442,53.09734513274337,11.504424778761061
E00178320,258,48,20,28,210,144,66,18.6046511627907,7.751937984496124,10.852713178294573,81.3953488372093,55.81395348837209,25.581395348837212
E00178321,113,23,10,13,90,81,9,20.353982300884958,8.849557522123893,11.504424778761061,79.64601769911505,71.68141592920354,7.964601769911504
E00178322,264,53,20,33,211,185,26,20.075757575757574,7.575757575757576,12.5,79.92424242424242,70.07575757575758,9.848484848484848
E00178323,175,54,25,29,121,103,18,30.857142857142854,14.285714285714285,16.57142857142857,69.14285714285714,58.857142857142854,10.285714285714285
E00178324,312,108,45,63,204,176,28,34.61538461538461,14.423076923076922,20.192307692307693,65.38461538461539,56.41025641025641,8.974358974358974
E00178325,108,21,9,12,87,74,13,19.444444444444446,8.333333333333332,11.11111111111111,80.55555555555556,68.51851851851852,12.037037037037036
E00178326,147,31,15,16,116,98,18,21.08843537414966,10.204081632653061,10.884353741496598,78.91156462585033,66.66666666666666,12.244897959183673
E00178327,320,75,28,47,245,195,50,23.4375,8.75,14.6875,76.5625,60.9375,15.625
E00178328,160,33,9,24,127,107,20,20.625,5.625,15,79.375,66.875,12.5
E00178329,74,20,5,15,54,47,7,27.027027027027028,6.756756756756757,20.27027027027027,72.97297297297297,63.51351351351351,9.45945945945946
E00178330,297,62,23,39,235,204,31,20.875420875420875,7.744107744107744,13.131313131313133,79.12457912457911,68.68686868686868,10.437710437710438
E00178331,119,22,8,14,97,81,16,18.487394957983195,6.722689075630252,11.76470588235294,81.5126050420168,68.0672268907563,13.445378151260504
E00178332,153,35,15,20,118,101,17,22.875816993464053,9.803921568627452,13.071895424836603,77.12418300653596,66.01307189542483,11.11111111111111
E00178333,121,52,20,32,69,40,29,42.97520661157025,16.528925619834713,26.446280991735538,57.02479338842975,33.057851239669425,23.96694214876033
E00178334,231,73,29,44,158,139,19,31.601731601731604,12.554112554112553,19.047619047619047,68.3982683982684,60.17316017316018,8.225108225108226
E00178335,170,39,8,31,131,106,25,22.941176470588236,4.705882352941177,18.235294117647058,77.05882352941177,62.35294117647059,14.705882352941178
E00178336,74,11,5,6,63,59,4,14.864864864864865,6.756756756756757,8.108108108108109,85.13513513513513,79.72972972972973,5.405405405405405
E00178337,85,26,12,14,59,50,9,30.58823529411765,14.117647058823529,16.470588235294116,69.41176470588235,58.82352941176471,10.588235294117647
E00178338,210,38,15,23,172,140,32,18.095238095238095,7.142857142857142,10.952380952380953,81.9047619047619,66.66666666666666,15.238095238095239
E00178339,164,44,19,25,120,100,20,26.82926829268293,11.585365853658537,15.24390243902439,73.17073170731707,60.97560975609756,12.195121951219512
E00178340,275,59,21,38,216,183,33,21.454545454545453,7.636363636363637,13.818181818181818,78.54545454545455,66.54545454545455,12
E00178341,172,25,9,16,147,124,23,14.534883720930234,5.232558139534884,9.30232558139535,85.46511627906976,72.09302325581395,13.372093023255813
E00178342,236,64,17,47,172,149,23,27.11864406779661,7.203389830508475,19.915254237288135,72.88135593220339,63.13559322033898,9.745762711864407
E00178343,120,31,8,23,89,65,24,25.833333333333336,6.666666666666667,19.166666666666668,74.16666666666667,54.166666666666664,20
E00178344,336,60,21,39,276,246,30,17.857142857142858,6.25,11.607142857142858,82.14285714285714,73.21428571428571,8.928571428571429
E00178345,202,41,15,26,161,133,28,20.2970297029703,7.425742574257425,12.871287128712872,79.70297029702971,65.84158415841584,13.861386138613863
E00178346,271,68,25,43,203,167,36,25.092250922509223,9.22509225092251,15.867158671586715,74.90774907749078,61.62361623616236,13.284132841328415
E00178347,172,54,19,35,118,100,18,31.3953488372093,11.046511627906977,20.348837209302324,68.6046511627907,58.139534883720934,10.465116279069768
E00178348,216,62,22,40,154,135,19,28.703703703703702,10.185185185185185,18.51851851851852,71.29629629629629,62.5,8.796296296296296
E00178349,73,7,2,5,66,59,7,9.58904109589041,2.73972602739726,6.8493150684931505,90.41095890410958,80.82191780821918,9.58904109589041
E00178350,189,49,19,30,140,115,25,25.925925925925924,10.052910052910052,15.873015873015872,74.07407407407408,60.84656084656085,13.227513227513226
E00178351,137,34,8,26,103,78,25,24.817518248175183,5.839416058394161,18.97810218978102,75.18248175182481,56.934306569343065,18.248175182481752
E00178352,177,43,16,27,134,109,25,24.293785310734464,9.03954802259887,15.254237288135593,75.70621468926554,61.5819209039548,14.124293785310735
E00178353,219,56,15,41,163,136,27,25.570776255707763,6.8493150684931505,18.72146118721461,74.42922374429224,62.10045662100456,12.32876712328767
E00178354,125,18,10,8,107,87,20,14.399999999999999,8,6.4,85.6,69.6,16
E00178355,159,56,22,34,103,88,15,35.22012578616352,13.836477987421384,21.38364779874214,64.77987421383648,55.34591194968554,9.433962264150944
E00178356,228,42,15,27,186,163,23,18.421052631578945,6.578947368421052,11.842105263157894,81.57894736842105,71.49122807017544,10.087719298245613
E00178357,121,31,12,19,90,78,12,25.6198347107438,9.917355371900827,15.702479338842975,74.3801652892562,64.46280991735537,9.917355371900827
E00178358,260,47,17,30,213,172,41,18.076923076923077,6.538461538461539,11.538461538461538,81.92307692307692,66.15384615384615,15.769230769230768
E00178359,236,44,19,25,192,167,25,18.64406779661017,8.050847457627118,10.59322033898305,81.35593220338984,70.76271186440678,10.59322033898305
E00178360,106,26,7,19,80,56,24,24.528301886792452,6.60377358490566,17.92452830188679,75.47169811320755,52.83018867924528,22.641509433962266
E00178361,58,13,4,9,45,41,4,22.413793103448278,6.896551724137931,15.517241379310345,77.58620689655173,70.6896551724138,6.896551724137931
E00178362,56,12,5,7,44,39,5,21.428571428571427,8.928571428571429,12.5,78.57142857142857,69.64285714285714,8.928571428571429
E00178363,176,31,8,23,145,123,22,17.613636363636363,4.545454545454546,13.068181818181818,82.38636363636364,69.88636363636364,12.5
E00178364,253,61,12,49,192,151,41,24.110671936758894,4.743083003952568,19.367588932806324,75.8893280632411,59.683794466403164,16.205533596837945
E00178365,116,32,12,20,84,68,16,27.586206896551722,10.344827586206897,17.24137931034483,72.41379310344827,58.620689655172406,13.793103448275861
E00178366,119,34,7,27,85,72,13,28.57142857142857,5.88235294117647,22.689075630252102,71.42857142857143,60.50420168067227,10.92436974789916
E00178367,263,38,11,27,225,194,31,14.44866920152091,4.182509505703422,10.26615969581749,85.55133079847909,73.76425855513308,11.787072243346007
E00178368,212,43,8,35,169,151,18,20.28301886792453,3.7735849056603774,16.50943396226415,79.71698113207547,71.22641509433963,8.49056603773585
E00178369,315,48,17,31,267,234,33,15.238095238095239,5.396825396825397,9.841269841269842,84.76190476190476,74.28571428571429,10.476190476190476
E00178370,153,27,7,20,126,111,15,17.647058823529413,4.57516339869281,13.071895424836603,82.35294117647058,72.54901960784314,9.803921568627452
E00178371,135,33,16,17,102,92,10,24.444444444444443,11.851851851851853,12.592592592592592,75.55555555555556,68.14814814814815,7.4074074074074066
E00178372,269,52,17,35,217,186,31,19.33085501858736,6.319702602230483,13.011152416356877,80.66914498141264,69.14498141263941,11.524163568773234
E00178373,285,82,33,49,203,164,39,28.771929824561404,11.578947368421053,17.192982456140353,71.2280701754386,57.54385964912281,13.684210526315791
E00178374,273,76,31,45,197,139,58,27.83882783882784,11.355311355311356,16.483516483516482,72.16117216117216,50.91575091575091,21.245421245421245
E00178375,223,73,31,42,150,121,29,32.73542600896861,13.901345291479823,18.83408071748879,67.2645739910314,54.26008968609865,13.004484304932735
E00178376,258,68,23,45,190,122,68,26.356589147286826,8.914728682170542,17.441860465116278,73.64341085271317,47.286821705426355,26.356589147286826
E00178377,72,22,5,17,50,44,6,30.555555555555557,6.944444444444445,23.61111111111111,69.44444444444444,61.111111111111114,8.333333333333332
E00178378,267,65,32,33,202,163,39,24.344569288389515,11.985018726591761,12.359550561797752,75.65543071161048,61.04868913857678,14.606741573033707
E00178379,243,70,27,43,173,137,36,28.80658436213992,11.11111111111111,17.695473251028808,71.19341563786008,56.37860082304527,14.814814814814813
E00178380,120,15,7,8,105,95,10,12.5,5.833333333333333,6.666666666666667,87.5,79.16666666666666,8.333333333333332
E00178381,149,39,18,21,110,91,19,26.174496644295303,12.080536912751679,14.093959731543624,73.8255033557047,61.07382550335571,12.751677852348994
E00178382,196,61,18,43,135,109,26,31.122448979591837,9.183673469387756,21.93877551020408,68.87755102040816,55.61224489795919,13.26530612244898
E00178383,99,19,6,13,80,66,14,19.19191919191919,6.0606060606060606,13.131313131313133,80.8080808080808,66.66666666666666,14.14141414141414
E00178384,161,41,10,31,120,104,16,25.465838509316768,6.211180124223603,19.25465838509317,74.53416149068323,64.59627329192547,9.937888198757763
E00178385,147,48,29,19,99,81,18,32.6530612244898,19.727891156462583,12.925170068027212,67.3469387755102,55.10204081632652,12.244897959183673
E00178386,165,38,10,28,127,99,28,23.03030303030303,6.0606060606060606,16.969696969696972,76.96969696969697,60,16.969696969696972
E00178387,236,43,15,28,193,168,25,18.220338983050848,6.3559322033898304,11.864406779661017,81.77966101694916,71.1864406779661,10.59322033898305
E00178388,101,34,11,23,67,55,12,33.663366336633665,10.891089108910892,22.772277227722775,66.33663366336634,54.45544554455446,11.881188118811881
E00178389,114,32,6,26,82,76,6,28.07017543859649,5.263157894736842,22.807017543859647,71.9298245614035,66.66666666666666,5.263157894736842
E00178390,75,32,27,5,43,37,6,42.66666666666667,36,6.666666666666667,57.333333333333336,49.333333333333336,8
E00178391,82,11,7,4,71,61,10,13.414634146341465,8.536585365853659,4.878048780487805,86.58536585365853,74.39024390243902,12.195121951219512
E00178392,139,33,8,25,106,91,15,23.741007194244602,5.755395683453238,17.985611510791365,76.2589928057554,65.46762589928058,10.79136690647482
E00178393,190,38,13,25,152,115,37,20,6.842105263157896,13.157894736842104,80,60.526315789473685,19.473684210526315
E00178394,204,53,18,35,151,118,33,25.98039215686275,8.823529411764707,17.15686274509804,74.01960784313727,57.84313725490197,16.176470588235293
E00178395,13,6,2,4,7,5,2,46.15384615384615,15.384615384615385,30.76923076923077,53.84615384615385,38.46153846153847,15.384615384615385
E00178396,96,32,9,23,64,49,15,33.33333333333333,9.375,23.958333333333336,66.66666666666666,51.041666666666664,15.625
E00178397,230,59,26,33,171,151,20,25.65217391304348,11.304347826086957,14.347826086956522,74.34782608695653,65.65217391304347,8.695652173913043
E00178398,301,97,35,62,204,168,36,32.22591362126246,11.627906976744185,20.59800664451827,67.77408637873754,55.81395348837209,11.960132890365449
E00178399,193,45,17,28,148,123,25,23.316062176165804,8.808290155440414,14.507772020725387,76.68393782383419,63.730569948186535,12.953367875647666
E00178400,306,77,26,51,229,191,38,25.163398692810457,8.49673202614379,16.666666666666664,74.83660130718954,62.41830065359477,12.418300653594772
E00178401,114,25,10,15,89,80,9,21.929824561403507,8.771929824561402,13.157894736842104,78.0701754385965,70.17543859649122,7.894736842105263
E00178402,145,51,14,37,94,87,7,35.172413793103445,9.655172413793103,25.517241379310345,64.82758620689654,60,4.827586206896552
E00178403,262,58,12,46,204,176,28,22.137404580152673,4.580152671755725,17.557251908396946,77.86259541984732,67.17557251908397,10.687022900763358
E00178404,188,47,13,34,141,124,17,25,6.914893617021277,18.085106382978726,75,65.95744680851064,9.042553191489363
E00178405,119,26,7,19,93,78,15,21.84873949579832,5.88235294117647,15.966386554621847,78.15126050420169,65.54621848739495,12.605042016806722
E00178406,161,39,14,25,122,104,18,24.22360248447205,8.695652173913043,15.527950310559005,75.77639751552795,64.59627329192547,11.180124223602485
E00178407,331,80,22,58,251,219,32,24.169184290030213,6.646525679758309,17.522658610271904,75.83081570996978,66.16314199395771,9.667673716012084
E00178408,172,41,12,29,131,112,19,23.837209302325583,6.976744186046512,16.86046511627907,76.16279069767442,65.11627906976744,11.046511627906977
E00178409,208,36,10,26,172,143,29,17.307692307692307,4.807692307692308,12.5,82.6923076923077,68.75,13.942307692307693
E00178410,79,17,4,13,62,50,12,21.518987341772153,5.063291139240507,16.455696202531644,78.48101265822784,63.29113924050633,15.18987341772152
E00178411,135,47,19,28,88,74,14,34.81481481481482,14.074074074074074,20.74074074074074,65.18518518518519,54.81481481481482,10.37037037037037
E00178412,154,47,24,23,107,83,24,30.519480519480517,15.584415584415584,14.935064935064934,69.48051948051948,53.896103896103895,15.584415584415584
E00178413,211,46,12,34,165,137,28,21.80094786729858,5.687203791469194,16.113744075829384,78.19905213270142,64.92890995260665,13.270142180094787
E00178414,55,13,6,7,42,32,10,23.636363636363637,10.909090909090908,12.727272727272727,76.36363636363637,58.18181818181818,18.181818181818183
E00178415,124,36,17,19,88,74,14,29.03225806451613,13.709677419354838,15.32258064516129,70.96774193548387,59.67741935483871,11.29032258064516
E00178416,58,17,5,12,41,31,10,29.310344827586203,8.620689655172415,20.689655172413794,70.6896551724138,53.44827586206896,17.24137931034483
E00178417,212,64,29,35,148,121,27,30.18867924528302,13.679245283018867,16.50943396226415,69.81132075471697,57.07547169811321,12.735849056603774
E00178418,130,27,9,18,103,84,19,20.76923076923077,6.923076923076923,13.846153846153847,79.23076923076923,64.61538461538461,14.615384615384617
E00178419,199,106,66,40,93,83,10,53.266331658291456,33.165829145728644,20.100502512562816,46.733668341708544,41.70854271356784,5.025125628140704
E00178420,69,27,4,23,42,36,6,39.130434782608695,5.797101449275362,33.33333333333333,60.86956521739131,52.17391304347826,8.695652173913043
E00178421,111,16,9,7,95,82,13,14.414414414414415,8.108108108108109,6.306306306306306,85.58558558558559,73.87387387387388,11.711711711711711
E00178422,155,44,16,28,111,96,15,28.387096774193548,10.32258064516129,18.064516129032256,71.61290322580646,61.935483870967744,9.67741935483871
E00178423,235,77,26,51,158,137,21,32.76595744680851,11.063829787234042,21.70212765957447,67.23404255319149,58.29787234042553,8.936170212765958
E00178424,270,52,16,36,218,187,31,19.25925925925926,5.9259259259259265,13.333333333333334,80.74074074074075,69.25925925925925,11.481481481481481
E00178425,106,19,5,14,87,64,23,17.92452830188679,4.716981132075472,13.20754716981132,82.0754716981132,60.37735849056604,21.69811320754717
E00178426,235,39,12,27,196,162,34,16.595744680851062,5.106382978723404,11.48936170212766,83.40425531914893,68.93617021276596,14.468085106382977
E00178427,301,76,32,44,225,194,31,25.249169435215947,10.631229235880399,14.61794019933555,74.75083056478405,64.45182724252491,10.299003322259136
E00178428,131,24,7,17,107,96,11,18.3206106870229,5.343511450381679,12.977099236641221,81.67938931297711,73.2824427480916,8.396946564885496
E00178429,39,7,0,7,32,30,2,17.94871794871795,0,17.94871794871795,82.05128205128204,76.92307692307693,5.128205128205128
E00178430,195,45,12,33,150,126,24,23.076923076923077,6.153846153846154,16.923076923076923,76.92307692307693,64.61538461538461,12.307692307692308
E00178431,234,48,13,35,186,163,23,20.51282051282051,5.555555555555555,14.957264957264957,79.48717948717949,69.65811965811966,9.82905982905983
E00178432,316,69,23,46,247,194,53,21.835443037974684,7.2784810126582276,14.556962025316455,78.16455696202532,61.39240506329114,16.77215189873418
E00178433,305,72,22,50,233,196,37,23.60655737704918,7.213114754098362,16.39344262295082,76.39344262295083,64.26229508196721,12.131147540983607
E00178434,69,16,4,12,53,43,10,23.18840579710145,5.797101449275362,17.391304347826086,76.81159420289855,62.31884057971014,14.492753623188406
E00178435,69,17,5,12,52,45,7,24.637681159420293,7.246376811594203,17.391304347826086,75.36231884057972,65.21739130434783,10.144927536231885
E00178436,126,23,11,12,103,84,19,18.253968253968253,8.73015873015873,9.523809523809524,81.74603174603175,66.66666666666666,15.079365079365079
E00178437,116,31,11,20,85,63,22,26.72413793103448,9.482758620689655,17.24137931034483,73.27586206896551,54.310344827586206,18.96551724137931
E00178438,129,32,16,16,97,80,17,24.8062015503876,12.4031007751938,12.4031007751938,75.1937984496124,62.01550387596899,13.178294573643413
E00178439,144,35,14,21,109,90,19,24.305555555555554,9.722222222222223,14.583333333333334,75.69444444444444,62.5,13.194444444444445
E00178440,175,29,13,16,146,131,15,16.57142857142857,7.428571428571429,9.142857142857142,83.42857142857143,74.85714285714286,8.571428571428571
E00178441,596,62,7,55,534,430,104,10.40268456375839,1.174496644295302,9.228187919463087,89.59731543624162,72.14765100671141,17.449664429530202
E00178442,221,52,12,40,169,153,16,23.52941176470588,5.429864253393665,18.099547511312217,76.47058823529412,69.23076923076923,7.239819004524888
E00178443,161,38,15,23,123,95,28,23.60248447204969,9.316770186335404,14.285714285714285,76.3975155279503,59.006211180124225,17.391304347826086
E00178444,205,51,14,37,154,135,19,24.878048780487806,6.829268292682928,18.048780487804876,75.1219512195122,65.85365853658537,9.268292682926829
E00178445,178,48,18,30,130,101,29,26.96629213483146,10.112359550561797,16.853932584269664,73.03370786516854,56.74157303370787,16.292134831460675
E00178446,95,20,8,12,75,67,8,21.052631578947366,8.421052631578947,12.631578947368421,78.94736842105263,70.52631578947368,8.421052631578947
E00178447,68,10,1,9,58,54,4,14.705882352941178,1.4705882352941175,13.23529411764706,85.29411764705883,79.41176470588235,5.88235294117647
E00178448,225,88,32,56,137,120,17,39.111111111111114,14.222222222222221,24.88888888888889,60.88888888888889,53.333333333333336,7.555555555555555
E00178449,70,15,9,6,55,47,8,21.428571428571427,12.857142857142856,8.571428571428571,78.57142857142857,67.14285714285714,11.428571428571429
E00178450,159,50,16,34,109,90,19,31.446540880503143,10.062893081761008,21.38364779874214,68.55345911949685,56.60377358490566,11.949685534591195
E00178451,84,15,3,12,69,63,6,17.857142857142858,3.571428571428571,14.285714285714285,82.14285714285714,75,7.142857142857142
E00178452,89,25,13,12,64,50,14,28.08988764044944,14.606741573033707,13.48314606741573,71.91011235955057,56.17977528089888,15.730337078651685
E00178453,135,27,7,20,108,86,22,20,5.185185185185185,14.814814814814813,80,63.70370370370371,16.296296296296298
E00178454,268,48,17,31,220,190,30,17.91044776119403,6.343283582089552,11.567164179104477,82.08955223880598,70.8955223880597,11.194029850746269
E00178455,120,45,22,23,75,58,17,37.5,18.333333333333332,19.166666666666668,62.5,48.333333333333336,14.166666666666666
E00178456,46,11,8,3,35,22,13,23.91304347826087,17.391304347826086,6.521739130434782,76.08695652173914,47.82608695652174,28.26086956521739
E00178457,153,39,15,24,114,97,17,25.49019607843137,9.803921568627452,15.686274509803921,74.50980392156863,63.39869281045751,11.11111111111111
E00178458,122,26,13,13,96,84,12,21.311475409836063,10.655737704918032,10.655737704918032,78.68852459016394,68.85245901639344,9.836065573770492
E00178459,167,32,13,19,135,111,24,19.16167664670659,7.784431137724551,11.377245508982035,80.83832335329342,66.46706586826348,14.37125748502994
