OA,ts0590001,ts0590002,ts0590003,ts0590004,ts0590005,ts0590006,ts0590007,ts0590002_PCT,ts0590003_PCT,ts0590004_PCT,ts0590005_PCT,ts0590006_PCT,ts0590007_PCT
E00115107,147,53,18,35,94,84,10,36.054421768707485,12.244897959183673,23.809523809523807,63.94557823129252,57.14285714285714,6.802721088435375
E00115108,178,58,21,37,120,106,14,32.58426966292135,11.797752808988763,20.786516853932586,67.41573033707866,59.55056179775281,7.865168539325842
E00115109,176,49,19,30,127,105,22,27.84090909090909,10.795454545454545,17.045454545454543,72.1590909090909,59.65909090909091,12.5
E00115110,158,53,19,34,105,93,12,33.54430379746836,12.025316455696203,21.518987341772153,66.45569620253164,58.86075949367089,7.59493670886076
E00115111,139,56,18,38,83,69,14,40.28776978417266,12.949640287769784,27.33812949640288,59.71223021582733,49.64028776978417,10.071942446043165
E00115112,168,44,14,30,124,109,15,26.190476190476193,8.333333333333332,17.857142857142858,73.80952380952381,64.88095238095238,8.928571428571429
E00115113,152,48,11,37,104,87,17,31.57894736842105,7.236842105263158,24.342105263157894,68.42105263157895,57.23684210526315,11.18421052631579
E00115114,167,52,14,38,115,98,17,31.137724550898206,8.383233532934131,22.75449101796407,68.8622754491018,58.68263473053892,10.179640718562874
E00115115,153,50,14,36,103,91,12,32.6797385620915,9.15032679738562,23.52941176470588,67.3202614379085,59.47712418300654,7.8431372549019605
E00115116,207,57,18,39,150,132,18,27.536231884057973,8.695652173913043,18.84057971014493,72.46376811594203,63.76811594202898,8.695652173913043
E00115117,149,52,20,32,97,77,20,34.899328859060404,13.422818791946309,21.476510067114095,65.1006711409396,51.67785234899329,13.422818791946309
E00115118,137,42,17,25,95,81,14,30.656934306569344,12.408759124087592,18.248175182481752,69.34306569343066,59.12408759124088,10.218978102189782
E00115119,100,33,14,19,67,56,11,33,14.000000000000002,19,67,56.00000000000001,11
E00115120,155,63,21,42,92,78,14,40.64516129032258,13.548387096774196,27.09677419354839,59.354838709677416,50.32258064516129,9.032258064516128
E00115121,123,37,15,22,86,69,17,30.081300813008134,12.195121951219512,17.88617886178862,69.91869918699187,56.09756097560976,13.821138211382115
E00115122,104,34,15,19,70,62,8,32.69230769230769,14.423076923076922,18.269230769230766,67.3076923076923,59.61538461538461,7.6923076923076925
E00115123,159,53,14,39,106,88,18,33.33333333333333,8.80503144654088,24.528301886792452,66.66666666666666,55.34591194968554,11.320754716981133
E00115124,178,49,16,33,129,119,10,27.52808988764045,8.98876404494382,18.53932584269663,72.47191011235955,66.85393258426966,5.617977528089887
E00115125,156,58,20,38,98,75,23,37.17948717948718,12.82051282051282,24.358974358974358,62.82051282051282,48.07692307692308,14.743589743589745
E00115127,109,41,6,35,68,62,6,37.61467889908257,5.5045871559633035,32.11009174311927,62.38532110091744,56.88073394495413,5.5045871559633035
E00115128,148,55,26,29,93,81,12,37.16216216216216,17.56756756756757,19.594594594594593,62.83783783783784,54.729729729729726,8.108108108108109
E00115129,175,61,19,42,114,97,17,34.85714285714286,10.857142857142858,24,65.14285714285715,55.42857142857143,9.714285714285714
E00115131,124,38,7,31,86,75,11,30.64516129032258,5.64516129032258,25,69.35483870967742,60.483870967741936,8.870967741935484
E00115132,135,38,12,26,97,83,14,28.14814814814815,8.88888888888889,19.25925925925926,71.85185185185186,61.48148148148148,10.37037037037037
E00115133,126,43,18,25,83,71,12,34.12698412698413,14.285714285714285,19.841269841269842,65.87301587301587,56.34920634920635,9.523809523809524
E00115134,156,52,16,36,104,88,16,33.33333333333333,10.256410256410255,23.076923076923077,66.66666666666666,56.41025641025641,10.256410256410255
E00115135,134,41,15,26,93,83,10,30.597014925373134,11.194029850746269,19.402985074626866,69.40298507462687,61.940298507462686,7.462686567164178
E00115136,56,20,7,13,36,28,8,35.714285714285715,12.5,23.214285714285715,64.28571428571429,50,14.285714285714285
E00115137,163,48,14,34,115,101,14,29.447852760736197,8.588957055214724,20.858895705521473,70.5521472392638,61.963190184049076,8.588957055214724
E00115138,171,46,11,35,125,103,22,26.900584795321635,6.432748538011696,20.46783625730994,73.09941520467837,60.23391812865497,12.865497076023392
E00115139,105,40,12,28,65,54,11,38.095238095238095,11.428571428571429,26.666666666666668,61.904761904761905,51.42857142857142,10.476190476190476
E00115140,310,80,30,50,230,189,41,25.806451612903224,9.67741935483871,16.129032258064516,74.19354838709677,60.967741935483865,13.225806451612904
E00115141,160,49,14,35,111,92,19,30.625000000000004,8.75,21.875,69.375,57.49999999999999,11.875
E00115142,139,45,23,22,94,86,8,32.37410071942446,16.546762589928058,15.827338129496402,67.62589928057554,61.87050359712231,5.755395683453238
E00115143,148,45,20,25,103,80,23,30.405405405405407,13.513513513513514,16.89189189189189,69.5945945945946,54.054054054054056,15.54054054054054
E00115144,134,43,9,34,91,81,10,32.08955223880597,6.7164179104477615,25.37313432835821,67.91044776119402,60.447761194029844,7.462686567164178
E00115145,124,40,10,30,84,75,9,32.25806451612903,8.064516129032258,24.193548387096776,67.74193548387096,60.483870967741936,7.258064516129033
E00115147,158,49,21,28,109,95,14,31.0126582278481,13.291139240506327,17.72151898734177,68.9873417721519,60.12658227848101,8.860759493670885
E00115148,102,44,15,29,58,58,0,43.13725490196079,14.705882352941178,28.431372549019606,56.86274509803921,56.86274509803921,0
E00115149,161,58,24,34,103,88,15,36.024844720496894,14.906832298136646,21.11801242236025,63.975155279503106,54.6583850931677,9.316770186335404
E00115150,112,41,16,25,71,55,16,36.607142857142854,14.285714285714285,22.321428571428573,63.39285714285714,49.107142857142854,14.285714285714285
E00115151,177,48,13,35,129,115,14,27.11864406779661,7.344632768361582,19.774011299435028,72.88135593220339,64.97175141242938,7.909604519774012
E00115152,98,33,16,17,65,57,8,33.6734693877551,16.3265306122449,17.346938775510203,66.3265306122449,58.16326530612245,8.16326530612245
E00115153,164,50,13,37,114,98,16,30.48780487804878,7.926829268292683,22.5609756097561,69.51219512195121,59.756097560975604,9.75609756097561
E00115154,166,61,20,41,105,85,20,36.74698795180723,12.048192771084338,24.69879518072289,63.25301204819277,51.204819277108435,12.048192771084338
E00115155,148,51,12,39,97,82,15,34.45945945945946,8.108108108108109,26.351351351351347,65.54054054054053,55.4054054054054,10.135135135135135
E00115156,174,53,18,35,121,105,16,30.45977011494253,10.344827586206897,20.114942528735632,69.54022988505747,60.3448275862069,9.195402298850574
E00115157,131,44,11,33,87,66,21,33.587786259541986,8.396946564885496,25.190839694656486,66.41221374045801,50.38167938931297,16.030534351145036
E00115158,127,40,17,23,87,73,14,31.496062992125985,13.385826771653544,18.11023622047244,68.50393700787401,57.48031496062992,11.023622047244094
E00115159,129,35,13,22,94,71,23,27.131782945736433,10.077519379844961,17.05426356589147,72.86821705426357,55.03875968992248,17.829457364341085
E00115160,161,57,20,37,104,75,29,35.40372670807454,12.422360248447205,22.981366459627328,64.59627329192547,46.58385093167702,18.012422360248447
E00115162,150,32,10,22,118,105,13,21.333333333333336,6.666666666666667,14.666666666666666,78.66666666666666,70,8.666666666666668
E00115163,221,78,24,54,143,110,33,35.294117647058826,10.85972850678733,24.43438914027149,64.70588235294117,49.7737556561086,14.93212669683258
E00115164,165,41,13,28,124,102,22,24.848484848484848,7.878787878787878,16.969696969696972,75.15151515151514,61.81818181818181,13.333333333333334
E00115166,134,45,22,23,89,75,14,33.582089552238806,16.417910447761194,17.16417910447761,66.4179104477612,55.970149253731336,10.44776119402985
E00115167,124,44,19,25,80,62,18,35.483870967741936,15.32258064516129,20.161290322580644,64.51612903225806,50,14.516129032258066
E00115168,127,35,11,24,92,72,20,27.559055118110237,8.661417322834646,18.89763779527559,72.44094488188976,56.69291338582677,15.748031496062993
E00115169,146,49,19,30,97,86,11,33.56164383561644,13.013698630136986,20.54794520547945,66.43835616438356,58.9041095890411,7.534246575342466
E00115170,164,34,14,20,130,118,12,20.73170731707317,8.536585365853659,12.195121951219512,79.26829268292683,71.95121951219512,7.317073170731707
E00115171,119,30,8,22,89,78,11,25.210084033613445,6.722689075630252,18.487394957983195,74.78991596638656,65.54621848739495,9.243697478991598
E00115172,134,45,22,23,89,74,15,33.582089552238806,16.417910447761194,17.16417910447761,66.4179104477612,55.223880597014926,11.194029850746269
E00115173,139,41,13,28,98,86,12,29.496402877697843,9.352517985611511,20.14388489208633,70.50359712230215,61.87050359712231,8.633093525179856
E00115174,148,43,9,34,105,87,18,29.054054054054053,6.081081081081082,22.972972972972975,70.94594594594594,58.78378378378378,12.162162162162163
E00115175,167,37,9,28,130,110,20,22.15568862275449,5.389221556886228,16.766467065868262,77.84431137724552,65.86826347305389,11.976047904191617
E00115176,152,41,13,28,111,96,15,26.973684210526315,8.552631578947368,18.421052631578945,73.02631578947368,63.1578947368421,9.868421052631579
E00115177,153,48,8,40,105,92,13,31.372549019607842,5.228758169934641,26.143790849673206,68.62745098039215,60.130718954248366,8.49673202614379
E00115178,149,39,9,30,110,98,12,26.174496644295303,6.0402684563758395,20.13422818791946,73.8255033557047,65.77181208053692,8.053691275167784
E00115179,162,51,19,32,111,85,26,31.48148148148148,11.728395061728394,19.753086419753085,68.51851851851852,52.46913580246913,16.049382716049383
E00115181,172,58,15,43,114,94,20,33.72093023255814,8.720930232558139,25,66.27906976744185,54.65116279069767,11.627906976744185
E00115182,192,59,25,34,133,118,15,30.729166666666668,13.020833333333334,17.708333333333336,69.27083333333334,61.458333333333336,7.8125
E00115183,150,56,20,36,94,79,15,37.333333333333336,13.333333333333334,24,62.66666666666667,52.666666666666664,10
E00115184,153,41,16,25,112,103,9,26.797385620915033,10.457516339869281,16.33986928104575,73.20261437908496,67.3202614379085,5.88235294117647
E00115185,185,56,21,35,129,106,23,30.270270270270274,11.351351351351353,18.91891891891892,69.72972972972973,57.2972972972973,12.432432432432433
E00115186,81,21,9,12,60,51,9,25.925925925925924,11.11111111111111,14.814814814814813,74.07407407407408,62.96296296296296,11.11111111111111
E00115187,189,46,16,30,143,126,17,24.33862433862434,8.465608465608465,15.873015873015872,75.66137566137566,66.66666666666666,8.994708994708994
E00115188,115,38,15,23,77,64,13,33.04347826086956,13.043478260869565,20,66.95652173913044,55.65217391304348,11.304347826086957
E00115189,144,44,19,25,100,87,13,30.555555555555557,13.194444444444445,17.36111111111111,69.44444444444444,60.416666666666664,9.027777777777777
E00115190,78,12,4,8,66,56,10,15.384615384615385,5.128205128205128,10.256410256410255,84.61538461538461,71.7948717948718,12.82051282051282
E00115191,150,58,21,37,92,78,14,38.666666666666664,14.000000000000002,24.666666666666668,61.33333333333333,52,9.333333333333334
E00115192,181,43,12,31,138,126,12,23.756906077348066,6.629834254143646,17.12707182320442,76.24309392265194,69.61325966850829,6.629834254143646
E00115193,171,46,21,25,125,108,17,26.900584795321635,12.280701754385964,14.619883040935672,73.09941520467837,63.1578947368421,9.941520467836257
E00115194,131,41,12,29,90,81,9,31.297709923664126,9.16030534351145,22.137404580152673,68.70229007633588,61.832061068702295,6.870229007633588
E00115195,167,41,10,31,126,107,19,24.550898203592812,5.9880239520958085,18.562874251497004,75.44910179640718,64.07185628742515,11.377245508982035
E00115196,115,30,10,20,85,75,10,26.08695652173913,8.695652173913043,17.391304347826086,73.91304347826086,65.21739130434783,8.695652173913043
E00115197,124,33,12,21,91,73,18,26.61290322580645,9.67741935483871,16.93548387096774,73.38709677419355,58.87096774193549,14.516129032258066
E00115198,150,58,21,37,92,81,11,38.666666666666664,14.000000000000002,24.666666666666668,61.33333333333333,54,7.333333333333333
E00115199,119,35,16,19,84,73,11,29.411764705882355,13.445378151260504,15.966386554621847,70.58823529411765,61.34453781512605,9.243697478991598
E00115200,184,51,25,26,133,113,20,27.717391304347828,13.586956521739129,14.130434782608695,72.28260869565217,61.41304347826087,10.869565217391305
E00115201,146,46,22,24,100,80,20,31.506849315068493,15.068493150684931,16.43835616438356,68.4931506849315,54.794520547945204,13.698630136986301
E00115202,185,57,20,37,128,105,23,30.810810810810814,10.81081081081081,20,69.1891891891892,56.75675675675676,12.432432432432433
E00115203,175,55,25,30,120,95,25,31.428571428571427,14.285714285714285,17.142857142857142,68.57142857142857,54.285714285714285,14.285714285714285
E00115204,161,51,15,36,110,96,14,31.67701863354037,9.316770186335404,22.36024844720497,68.32298136645963,59.62732919254658,8.695652173913043
E00115205,134,47,23,24,87,76,11,35.07462686567165,17.16417910447761,17.91044776119403,64.92537313432835,56.71641791044776,8.208955223880597
E00115206,131,30,11,19,101,84,17,22.900763358778626,8.396946564885496,14.50381679389313,77.09923664122137,64.12213740458014,12.977099236641221
E00115207,139,46,20,26,93,79,14,33.093525179856115,14.388489208633093,18.705035971223023,66.90647482014388,56.83453237410072,10.071942446043165
E00115208,167,53,22,31,114,100,14,31.736526946107784,13.17365269461078,18.562874251497004,68.26347305389223,59.88023952095808,8.383233532934131
E00115209,47,14,3,11,33,27,6,29.78723404255319,6.382978723404255,23.404255319148938,70.2127659574468,57.446808510638306,12.76595744680851
E00115210,153,35,11,24,118,98,20,22.875816993464053,7.18954248366013,15.686274509803921,77.12418300653596,64.05228758169935,13.071895424836603
E00115211,211,62,21,41,149,129,20,29.383886255924168,9.95260663507109,19.431279620853083,70.61611374407583,61.137440758293835,9.47867298578199
E00115212,140,47,10,37,93,80,13,33.57142857142857,7.142857142857142,26.42857142857143,66.42857142857143,57.14285714285714,9.285714285714286
E00115213,150,51,14,37,99,81,18,34,9.333333333333334,24.666666666666668,66,54,12
E00115214,283,78,25,53,205,175,30,27.56183745583039,8.8339222614841,18.727915194346288,72.43816254416961,61.83745583038869,10.60070671378092
E00115215,152,38,16,22,114,100,14,25,10.526315789473683,14.473684210526317,75,65.78947368421053,9.210526315789473
E00115216,208,68,28,40,140,118,22,32.69230769230769,13.461538461538462,19.230769230769234,67.3076923076923,56.730769230769226,10.576923076923077
E00115217,197,58,15,43,139,120,19,29.441624365482234,7.614213197969544,21.82741116751269,70.55837563451777,60.913705583756354,9.644670050761421
E00115218,118,37,12,25,81,72,9,31.35593220338983,10.16949152542373,21.1864406779661,68.64406779661016,61.016949152542374,7.627118644067797
E00115219,150,48,13,35,102,87,15,32,8.666666666666668,23.333333333333332,68,57.99999999999999,10
E00115221,153,36,12,24,117,107,10,23.52941176470588,7.8431372549019605,15.686274509803921,76.47058823529412,69.93464052287581,6.535947712418301
E00115223,142,41,14,27,101,93,8,28.87323943661972,9.859154929577464,19.014084507042252,71.12676056338029,65.49295774647888,5.633802816901409
E00115224,173,59,19,40,114,101,13,34.104046242774565,10.982658959537572,23.121387283236995,65.89595375722543,58.38150289017341,7.514450867052023
E00115225,140,42,10,32,98,89,9,30,7.142857142857142,22.857142857142858,70,63.57142857142857,6.428571428571428
E00115226,179,56,16,40,123,102,21,31.28491620111732,8.938547486033519,22.3463687150838,68.71508379888269,56.98324022346368,11.731843575418994
E00115227,202,55,15,40,147,129,18,27.22772277227723,7.425742574257425,19.801980198019802,72.77227722772277,63.86138613861386,8.91089108910891
E00115229,141,40,10,30,101,85,16,28.368794326241137,7.092198581560284,21.27659574468085,71.63120567375887,60.28368794326241,11.347517730496454
E00115230,148,41,16,25,107,97,10,27.7027027027027,10.81081081081081,16.89189189189189,72.2972972972973,65.54054054054053,6.756756756756757
E00115231,220,62,17,45,158,134,24,28.18181818181818,7.727272727272727,20.454545454545457,71.81818181818181,60.909090909090914,10.909090909090908
E00115232,151,49,21,28,102,84,18,32.450331125827816,13.90728476821192,18.543046357615893,67.54966887417218,55.62913907284768,11.920529801324504
E00115233,157,51,16,35,106,93,13,32.48407643312102,10.191082802547772,22.29299363057325,67.51592356687898,59.23566878980891,8.280254777070063
E00115234,219,54,16,38,165,148,17,24.65753424657534,7.30593607305936,17.35159817351598,75.34246575342466,67.57990867579909,7.76255707762557
E00115235,279,80,28,52,199,170,29,28.673835125448026,10.03584229390681,18.63799283154122,71.32616487455196,60.93189964157706,10.39426523297491
E00115236,204,45,9,36,159,136,23,22.058823529411764,4.411764705882353,17.647058823529413,77.94117647058823,66.66666666666666,11.27450980392157
E00115237,235,62,21,41,173,150,23,26.382978723404253,8.936170212765958,17.4468085106383,73.61702127659574,63.829787234042556,9.787234042553191
E00115238,164,50,12,38,114,96,18,30.48780487804878,7.317073170731707,23.170731707317074,69.51219512195121,58.536585365853654,10.975609756097562
E00115239,108,21,6,15,87,76,11,19.444444444444446,5.555555555555555,13.88888888888889,80.55555555555556,70.37037037037037,10.185185185185185
E00115241,179,45,11,34,134,111,23,25.139664804469277,6.145251396648044,18.994413407821227,74.86033519553072,62.01117318435754,12.849162011173185
E00115242,178,64,25,39,114,104,10,35.95505617977528,14.04494382022472,21.910112359550563,64.04494382022472,58.42696629213483,5.617977528089887
E00115243,225,61,16,45,164,141,23,27.111111111111114,7.111111111111111,20,72.88888888888889,62.66666666666667,10.222222222222223
E00115244,270,77,30,47,193,164,29,28.51851851851852,11.11111111111111,17.40740740740741,71.48148148148148,60.74074074074074,10.74074074074074
E00115245,147,41,17,24,106,95,11,27.89115646258503,11.564625850340136,16.3265306122449,72.10884353741497,64.62585034013605,7.482993197278912
E00115246,135,45,13,32,90,74,16,33.33333333333333,9.62962962962963,23.703703703703706,66.66666666666666,54.81481481481482,11.851851851851853
E00115247,138,37,12,25,101,83,18,26.811594202898554,8.695652173913043,18.115942028985508,73.18840579710145,60.14492753623188,13.043478260869565
E00115248,284,91,36,55,193,178,15,32.04225352112676,12.676056338028168,19.366197183098592,67.95774647887323,62.676056338028175,5.28169014084507
E00115249,183,39,10,29,144,127,17,21.311475409836063,5.46448087431694,15.846994535519126,78.68852459016394,69.39890710382514,9.289617486338798
E00115250,328,73,24,49,255,226,29,22.25609756097561,7.317073170731707,14.939024390243901,77.7439024390244,68.90243902439023,8.841463414634147
E00115251,250,79,31,48,171,133,38,31.6,12.4,19.2,68.4,53.2,15.2
E00115252,105,32,9,23,73,63,10,30.476190476190478,8.571428571428571,21.904761904761905,69.52380952380952,60,9.523809523809524
E00115253,149,34,14,20,115,99,16,22.818791946308725,9.395973154362416,13.422818791946309,77.18120805369128,66.44295302013423,10.738255033557047
E00115254,186,58,22,36,128,100,28,31.182795698924732,11.827956989247312,19.35483870967742,68.81720430107528,53.76344086021505,15.053763440860216
E00115255,113,26,7,19,87,80,7,23.008849557522122,6.1946902654867255,16.8141592920354,76.99115044247787,70.79646017699115,6.1946902654867255
E00115256,205,52,21,31,153,126,27,25.365853658536587,10.24390243902439,15.121951219512194,74.63414634146342,61.46341463414634,13.170731707317074
E00115257,113,47,15,32,66,55,11,41.5929203539823,13.274336283185843,28.31858407079646,58.4070796460177,48.67256637168141,9.734513274336283
E00115258,152,56,16,40,96,80,16,36.84210526315789,10.526315789473683,26.31578947368421,63.1578947368421,52.63157894736842,10.526315789473683
E00115259,225,69,13,56,156,132,24,30.666666666666664,5.777777777777778,24.88888888888889,69.33333333333334,58.666666666666664,10.666666666666668
E00115260,169,55,20,35,114,98,16,32.544378698224854,11.834319526627219,20.710059171597635,67.45562130177515,57.98816568047337,9.467455621301776
E00115261,240,79,31,48,161,137,24,32.916666666666664,12.916666666666668,20,67.08333333333333,57.08333333333333,10
E00115262,121,33,8,25,88,81,7,27.27272727272727,6.6115702479338845,20.66115702479339,72.72727272727273,66.94214876033058,5.785123966942149
E00115263,120,41,11,30,79,67,12,34.166666666666664,9.166666666666666,25,65.83333333333333,55.833333333333336,10
E00115264,99,27,8,19,72,63,9,27.27272727272727,8.080808080808081,19.19191919191919,72.72727272727273,63.63636363636363,9.090909090909092
E00115265,99,25,7,18,74,60,14,25.252525252525253,7.07070707070707,18.181818181818183,74.74747474747475,60.60606060606061,14.14141414141414
E00115266,179,60,24,36,119,91,28,33.5195530726257,13.40782122905028,20.11173184357542,66.4804469273743,50.83798882681564,15.64245810055866
E00115267,173,55,19,36,118,107,11,31.79190751445087,10.982658959537572,20.809248554913296,68.20809248554913,61.849710982658955,6.358381502890173
E00115269,162,53,21,32,109,94,15,32.71604938271605,12.962962962962962,19.753086419753085,67.28395061728395,58.0246913580247,9.25925925925926
E00115270,171,46,10,36,125,100,25,26.900584795321635,5.847953216374268,21.052631578947366,73.09941520467837,58.47953216374269,14.619883040935672
E00115271,264,78,29,49,186,157,29,29.545454545454547,10.984848484848484,18.560606060606062,70.45454545454545,59.46969696969697,10.984848484848484
E00115272,167,58,13,45,109,97,12,34.73053892215569,7.784431137724551,26.94610778443114,65.26946107784431,58.08383233532935,7.18562874251497
E00115273,167,44,19,25,123,107,16,26.34730538922156,11.377245508982035,14.97005988023952,73.65269461077844,64.07185628742515,9.580838323353294
E00115274,206,64,24,40,142,133,9,31.06796116504854,11.650485436893204,19.41747572815534,68.93203883495146,64.56310679611651,4.368932038834951
E00115275,154,48,13,35,106,91,15,31.16883116883117,8.441558441558442,22.727272727272727,68.83116883116884,59.09090909090909,9.740259740259742
E00115276,36,14,4,10,22,21,1,38.88888888888889,11.11111111111111,27.77777777777778,61.111111111111114,58.333333333333336,2.7777777777777777
E00115277,167,50,13,37,117,100,17,29.94011976047904,7.784431137724551,22.15568862275449,70.05988023952095,59.88023952095808,10.179640718562874
E00115278,188,55,16,39,133,115,18,29.25531914893617,8.51063829787234,20.74468085106383,70.74468085106383,61.170212765957444,9.574468085106384
E00115279,231,68,28,40,163,145,18,29.43722943722944,12.121212121212121,17.316017316017316,70.56277056277057,62.77056277056276,7.792207792207792
E00115280,185,40,12,28,145,125,20,21.62162162162162,6.486486486486487,15.135135135135137,78.37837837837837,67.56756756756756,10.81081081081081
E00115281,196,52,16,36,144,126,18,26.53061224489796,8.16326530612245,18.367346938775512,73.46938775510205,64.28571428571429,9.183673469387756
E00115282,141,37,13,24,104,89,15,26.24113475177305,9.219858156028367,17.02127659574468,73.75886524822694,63.12056737588653,10.638297872340425
E00115283,187,52,18,34,135,120,15,27.807486631016044,9.62566844919786,18.181818181818183,72.19251336898395,64.171122994652407,8.0213903743315509
E00115284,192,60,18,42,132,115,17,31.25,9.375,21.875,68.75,59.895833333333336,8.854166666666668
E00115286,212,57,17,40,155,129,26,26.88679245283019,8.018867924528301,18.867924528301888,73.11320754716981,60.84905660377359,12.264150943396226
E00115287,309,94,26,68,215,189,26,30.42071197411003,8.414239482200648,22.006472491909385,69.57928802588997,61.165048543689316,8.414239482200648
E00115288,148,31,16,15,117,100,17,20.945945945945947,10.81081081081081,10.135135135135135,79.05405405405406,67.56756756756756,11.486486486486488
E00115289,161,50,14,36,111,94,17,31.05590062111801,8.695652173913043,22.36024844720497,68.94409937888199,58.38509316770186,10.559006211180124
E00115290,93,28,10,18,65,56,9,30.107526881720432,10.75268817204301,19.35483870967742,69.89247311827957,60.215053763440864,9.67741935483871
E00115291,164,43,9,34,121,100,21,26.21951219512195,5.487804878048781,20.73170731707317,73.78048780487805,60.97560975609756,12.804878048780488
E00115292,95,24,11,13,71,56,15,25.263157894736842,11.578947368421053,13.684210526315791,74.73684210526315,58.94736842105262,15.789473684210526
E00115293,153,54,15,39,99,81,18,35.294117647058826,9.803921568627452,25.49019607843137,64.70588235294117,52.94117647058824,11.76470588235294
E00115294,136,32,10,22,104,91,13,23.52941176470588,7.352941176470589,16.176470588235293,76.47058823529412,66.91176470588235,9.558823529411764
E00115295,236,64,22,42,172,144,28,27.11864406779661,9.322033898305085,17.796610169491526,72.88135593220339,61.016949152542374,11.864406779661017
E00115296,289,78,25,53,211,173,38,26.989619377162633,8.650519031141869,18.33910034602076,73.01038062283737,59.86159169550172,13.148788927335639
E00115298,170,63,26,37,107,87,20,37.05882352941177,15.294117647058824,21.764705882352942,62.94117647058823,51.17647058823529,11.76470588235294
E00115299,171,59,25,34,112,102,10,34.50292397660819,14.619883040935672,19.883040935672515,65.49707602339181,59.64912280701754,5.847953216374268
E00115300,175,60,20,40,115,102,13,34.285714285714285,11.428571428571429,22.857142857142858,65.71428571428571,58.285714285714285,7.428571428571429
E00115301,190,54,17,37,136,114,22,28.421052631578945,8.947368421052632,19.473684210526315,71.57894736842105,60,11.578947368421053
E00115302,153,42,13,29,111,102,9,27.450980392156865,8.49673202614379,18.954248366013072,72.54901960784314,66.66666666666666,5.88235294117647
E00115303,125,29,10,19,96,79,17,23.200000000000003,8,15.2,76.8,63.2,13.600000000000001
E00115304,268,89,36,53,179,136,43,33.2089552238806,13.432835820895523,19.776119402985074,66.7910447761194,50.74626865671642,16.044776119402986
E00115305,197,49,18,31,148,128,20,24.873096446700508,9.137055837563452,15.736040609137056,75.1269035532995,64.9746192893401,10.152284263959391
E00115306,196,46,14,32,150,133,17,23.46938775510204,7.142857142857142,16.3265306122449,76.53061224489795,67.85714285714286,8.673469387755102
E00115307,162,47,19,28,115,92,23,29.01234567901235,11.728395061728394,17.28395061728395,70.98765432098766,56.79012345679012,14.19753086419753
E00115308,134,40,11,29,94,82,12,29.850746268656714,8.208955223880597,21.641791044776117,70.1492537313433,61.19402985074627,8.955223880597014
E00115309,147,46,22,24,101,88,13,31.292517006802722,14.965986394557824,16.3265306122449,68.70748299319727,59.863945578231295,8.843537414965986
E00115310,231,72,29,43,159,128,31,31.16883116883117,12.554112554112553,18.614718614718615,68.83116883116884,55.41125541125541,13.41991341991342
E00115311,119,37,14,23,82,67,15,31.092436974789916,11.76470588235294,19.327731092436977,68.90756302521008,56.30252100840336,12.605042016806722
E00115312,289,62,25,37,227,194,33,21.453287197231834,8.650519031141869,12.802768166089965,78.54671280276817,67.1280276816609,11.418685121107266
E00115313,124,49,15,34,75,66,9,39.516129032258064,12.096774193548388,27.419354838709676,60.483870967741936,53.2258064516129,7.258064516129033
E00115314,79,15,8,7,64,58,6,18.9873417721519,10.126582278481013,8.860759493670885,81.0126582278481,73.41772151898735,7.59493670886076
E00115315,56,24,10,14,32,22,10,42.857142857142854,17.857142857142858,25,57.14285714285714,39.285714285714285,17.857142857142858
E00115316,206,66,24,42,140,125,15,32.038834951456316,11.650485436893204,20.388349514563107,67.96116504854369,60.679611650485434,7.281553398058252
E00115317,127,32,16,16,95,79,16,25.196850393700785,12.598425196850393,12.598425196850393,74.80314960629921,62.20472440944882,12.598425196850393
E00115319,209,70,24,46,139,116,23,33.49282296650718,11.483253588516746,22.00956937799043,66.50717703349282,55.50239234449761,11.004784688995215
E00115321,122,32,11,21,90,72,18,26.229508196721312,9.01639344262295,17.21311475409836,73.77049180327869,59.01639344262295,14.754098360655737
E00115322,103,31,10,21,72,63,9,30.097087378640776,9.70873786407767,20.388349514563107,69.90291262135922,61.165048543689316,8.737864077669903
E00115323,167,52,19,33,115,98,17,31.137724550898206,11.377245508982035,19.760479041916167,68.8622754491018,58.68263473053892,10.179640718562874
E00115325,156,47,12,35,109,94,15,30.128205128205128,7.6923076923076925,22.435897435897438,69.87179487179486,60.256410256410255,9.615384615384617
E00115326,167,57,16,41,110,95,15,34.13173652694611,9.580838323353294,24.550898203592812,65.86826347305389,56.886227544910184,8.982035928143713
E00115327,150,51,18,33,99,81,18,34,12,22,66,54,12
E00115328,152,38,12,26,114,96,18,25,7.894736842105263,17.105263157894736,75,63.1578947368421,11.842105263157894
E00115329,140,28,14,14,112,87,25,20,10,10,80,62.142857142857146,17.857142857142858
E00115330,178,55,22,33,123,105,18,30.89887640449438,12.359550561797752,18.53932584269663,69.10112359550563,58.98876404494382,10.112359550561797
E00115331,145,42,12,30,103,85,18,28.965517241379313,8.275862068965518,20.689655172413794,71.03448275862068,58.620689655172406,12.413793103448276
E00115332,121,34,8,26,87,77,10,28.09917355371901,6.6115702479338845,21.487603305785125,71.900826446281,63.63636363636363,8.264462809917356
E00115333,124,45,22,23,79,59,20,36.29032258064516,17.741935483870968,18.548387096774192,63.70967741935484,47.58064516129033,16.129032258064516
E00115334,113,48,26,22,65,52,13,42.47787610619469,23.008849557522122,19.469026548672566,57.52212389380531,46.017699115044245,11.504424778761061
E00115335,150,40,11,29,110,96,14,26.666666666666668,7.333333333333333,19.333333333333332,73.33333333333333,64,9.333333333333334
E00115336,124,46,19,27,78,59,19,37.096774193548384,15.32258064516129,21.774193548387096,62.903225806451616,47.58064516129033,15.32258064516129
E00115337,136,51,24,27,85,65,20,37.5,17.647058823529413,19.852941176470587,62.5,47.794117647058826,14.705882352941178
E00115338,154,48,20,28,106,93,13,31.16883116883117,12.987012987012985,18.181818181818183,68.83116883116884,60.3896103896104,8.441558441558442
E00115340,146,40,13,27,106,97,9,27.397260273972602,8.904109589041095,18.493150684931507,72.6027397260274,66.43835616438356,6.164383561643835
E00115341,207,68,26,42,139,120,19,32.850241545893724,12.560386473429952,20.28985507246377,67.14975845410628,57.971014492753625,9.178743961352657
E00115342,334,113,36,77,221,197,24,33.83233532934132,10.778443113772456,23.053892215568865,66.1676646706587,58.982035928143716,7.18562874251497
E00115343,160,45,12,33,115,96,19,28.125,7.5,20.625,71.875,60,11.875
E00115344,195,49,19,30,146,120,26,25.128205128205128,9.7435897435897445,15.384615384615385,74.87179487179488,61.53846153846154,13.333333333333334
E00115346,145,37,10,27,108,97,11,25.517241379310345,6.896551724137931,18.620689655172416,74.48275862068967,66.89655172413794,7.586206896551724
E00115347,157,47,15,32,110,99,11,29.936305732484076,9.554140127388536,20.382165605095544,70.06369426751591,63.05732484076433,7.006369426751593
E00115348,158,42,14,28,116,100,16,26.582278481012654,8.860759493670885,17.72151898734177,73.41772151898735,63.29113924050633,10.126582278481013
E00115349,213,76,30,46,137,117,20,35.68075117370892,14.084507042253522,21.5962441314554,64.31924882629107,54.929577464788736,9.389671361502346
E00115351,90,29,4,25,61,53,8,32.22222222222222,4.444444444444445,27.77777777777778,67.77777777777779,58.88888888888889,8.88888888888889
E00115352,209,60,12,48,149,131,18,28.708133971291865,5.741626794258373,22.966507177033492,71.29186602870813,62.67942583732058,8.61244019138756
E00115353,148,34,9,25,114,95,19,22.972972972972975,6.081081081081082,16.89189189189189,77.02702702702703,64.1891891891892,12.837837837837837
E00115354,212,61,17,44,151,130,21,28.77358490566038,8.018867924528301,20.754716981132077,71.22641509433963,61.32075471698113,9.90566037735849
E00115355,208,46,15,31,162,131,31,22.115384615384613,7.211538461538461,14.903846153846153,77.88461538461539,62.980769230769226,14.903846153846153
E00115356,142,50,21,29,92,79,13,35.2112676056338,14.788732394366196,20.422535211267608,64.7887323943662,55.633802816901415,9.15492957746479
E00115357,189,72,27,45,117,95,22,38.095238095238095,14.285714285714285,23.809523809523807,61.904761904761905,50.264550264550266,11.64021164021164
E00115358,188,69,27,42,119,97,22,36.702127659574465,14.361702127659576,22.340425531914892,63.297872340425535,51.59574468085106,11.702127659574469
E00115359,127,39,15,24,88,77,11,30.708661417322837,11.811023622047244,18.89763779527559,69.29133858267717,60.629921259842526,8.661417322834646
E00115360,186,66,23,43,120,109,11,35.483870967741936,12.365591397849462,23.118279569892472,64.51612903225806,58.602150537634415,5.913978494623656
E00115361,129,43,13,30,86,80,6,33.33333333333333,10.077519379844961,23.25581395348837,66.66666666666666,62.01550387596899,4.651162790697675
E00115362,128,52,21,31,76,57,19,40.625,16.40625,24.21875,59.375,44.53125,14.84375
E00115363,182,46,14,32,136,118,18,25.274725274725274,7.6923076923076925,17.582417582417584,74.72527472527473,64.83516483516483,9.89010989010989
E00115364,169,57,20,37,112,87,25,33.72781065088758,11.834319526627219,21.893491124260358,66.27218934911244,51.4792899408284,14.792899408284024
E00115365,136,54,20,34,82,62,20,39.705882352941174,14.705882352941178,25,60.29411764705882,45.588235294117645,14.705882352941178
E00115366,169,42,7,35,127,118,9,24.85207100591716,4.142011834319527,20.710059171597635,75.14792899408283,69.8224852071006,5.325443786982249
E00115368,89,22,7,15,67,49,18,24.719101123595504,7.865168539325842,16.853932584269664,75.28089887640449,55.0561797752809,20.224719101123593
E00115369,72,27,7,20,45,40,5,37.5,9.722222222222223,27.77777777777778,62.5,55.55555555555556,6.944444444444445
E00115370,143,40,9,31,103,87,16,27.972027972027973,6.293706293706294,21.678321678321677,72.02797202797203,60.83916083916085,11.188811188811188
E00115371,159,57,17,40,102,96,6,35.84905660377358,10.69182389937107,25.157232704402517,64.15094339622641,60.37735849056604,3.7735849056603774
E00115372,50,20,7,13,30,22,8,40,14.000000000000002,26,60,44,16
E00115373,142,56,18,38,86,73,13,39.436619718309856,12.676056338028168,26.76056338028169,60.56338028169014,51.40845070422535,9.15492957746479
E00115374,170,53,18,35,117,96,21,31.176470588235293,10.588235294117647,20.588235294117645,68.82352941176471,56.470588235294116,12.352941176470589
E00115375,156,37,13,24,119,98,21,23.717948717948715,8.333333333333332,15.384615384615385,76.28205128205127,62.82051282051282,13.461538461538462
E00115376,121,44,16,28,77,64,13,36.36363636363637,13.223140495867769,23.140495867768596,63.63636363636363,52.892561983471076,10.743801652892563
E00115377,141,46,9,37,95,86,9,32.62411347517731,6.382978723404255,26.24113475177305,67.37588652482269,60.99290780141844,6.382978723404255
E00115378,232,72,25,47,160,136,24,31.03448275862069,10.775862068965516,20.25862068965517,68.96551724137932,58.620689655172406,10.344827586206897
E00115379,141,44,12,32,97,84,13,31.20567375886525,8.51063829787234,22.69503546099291,68.79432624113475,59.57446808510638,9.219858156028367
E00115380,128,42,15,27,86,71,15,32.8125,11.71875,21.09375,67.1875,55.46875,11.71875
E00115381,169,54,21,33,115,100,15,31.952662721893493,12.42603550295858,19.526627218934912,68.04733727810651,59.171597633136095,8.875739644970414
E00115382,168,61,21,40,107,84,23,36.30952380952381,12.5,23.809523809523807,63.69047619047619,50,13.690476190476192
E00115383,192,55,20,35,137,125,12,28.645833333333332,10.416666666666668,18.229166666666664,71.35416666666666,65.10416666666666,6.25
E00115384,108,29,10,19,79,62,17,26.851851851851855,9.25925925925926,17.59259259259259,73.14814814814815,57.407407407407405,15.74074074074074
E00115385,134,41,15,26,93,82,11,30.597014925373134,11.194029850746269,19.402985074626866,69.40298507462687,61.19402985074627,8.208955223880597
E00115386,140,31,11,20,109,89,20,22.142857142857142,7.857142857142857,14.285714285714285,77.85714285714286,63.57142857142857,14.285714285714285
E00115387,165,43,18,25,122,106,16,26.060606060606062,10.909090909090908,15.151515151515152,73.93939393939394,64.24242424242425,9.696969696969697
E00115388,182,57,20,37,125,110,15,31.318681318681318,10.989010989010989,20.32967032967033,68.68131868131869,60.43956043956044,8.241758241758241
E00115389,198,66,20,46,132,114,18,33.33333333333333,10.1010101010101,23.232323232323232,66.66666666666666,57.57575757575758,9.090909090909092
E00115390,156,43,12,31,113,92,21,27.564102564102566,7.6923076923076925,19.871794871794872,72.43589743589743,58.97435897435898,13.461538461538462
E00115391,203,68,16,52,135,106,29,33.497536945812804,7.8817733990147785,25.615763546798032,66.50246305418719,52.21674876847291,14.285714285714285
E00115392,255,77,29,48,178,149,29,30.19607843137255,11.372549019607844,18.823529411764707,69.80392156862744,58.43137254901961,11.372549019607844
E00115393,169,50,22,28,119,99,20,29.585798816568047,13.017751479289942,16.56804733727811,70.41420118343196,58.57988165680473,11.834319526627219
E00115394,179,55,17,38,124,104,20,30.726256983240223,9.497206703910614,21.22905027932961,69.27374301675978,58.10055865921788,11.1731843575419
E00115395,146,45,9,36,101,83,18,30.82191780821918,6.164383561643835,24.65753424657534,69.17808219178082,56.849315068493155,12.32876712328767
E00115396,123,33,12,21,90,74,16,26.82926829268293,9.75609756097561,17.073170731707318,73.17073170731707,60.16260162601627,13.008130081300814
E00115397,167,40,12,28,127,109,18,23.952095808383234,7.18562874251497,16.766467065868262,76.04790419161677,65.26946107784431,10.778443113772456
E00115398,194,62,29,33,132,110,22,31.958762886597935,14.948453608247423,17.010309278350515,68.04123711340206,56.70103092783505,11.34020618556701
E00115399,66,26,13,13,40,30,10,39.39393939393939,19.696969696969695,19.696969696969695,60.60606060606061,45.45454545454545,15.151515151515152
E00115400,133,34,9,25,99,89,10,25.563909774436087,6.7669172932330826,18.796992481203006,74.43609022556392,66.9172932330827,7.518796992481203
E00115401,121,39,18,21,82,61,21,32.231404958677686,14.87603305785124,17.355371900826448,67.76859504132231,50.413223140495866,17.355371900826448
E00115402,175,51,20,31,124,109,15,29.142857142857142,11.428571428571429,17.71428571428571,70.85714285714285,62.28571428571429,8.571428571428571
E00115403,146,53,20,33,93,68,25,36.3013698630137,13.698630136986301,22.602739726027394,63.6986301369863,46.57534246575342,17.123287671232877
E00115404,107,36,5,31,71,57,14,33.64485981308411,4.672897196261682,28.971962616822427,66.35514018691589,53.271028037383175,13.084112149532709
E00115405,129,52,20,32,77,65,12,40.310077519379846,15.503875968992247,24.8062015503876,59.68992248062015,50.3875968992248,9.30232558139535
E00115406,158,50,14,36,108,95,13,31.645569620253166,8.860759493670885,22.78481012658228,68.35443037974683,60.12658227848101,8.227848101265822
E00115407,151,54,28,26,97,72,25,35.76158940397351,18.543046357615893,17.218543046357617,64.23841059602648,47.682119205298015,16.55629139072848
E00115408,178,59,32,27,119,94,25,33.146067415730336,17.97752808988764,15.168539325842698,66.85393258426966,52.80898876404494,14.04494382022472
E00115409,153,44,22,22,109,83,26,28.75816993464052,14.37908496732026,14.37908496732026,71.24183006535948,54.248366013071895,16.99346405228758
E00115410,129,43,20,23,86,71,15,33.33333333333333,15.503875968992247,17.829457364341085,66.66666666666666,55.03875968992248,11.627906976744185
E00115411,139,48,23,25,91,75,16,34.53237410071942,16.546762589928058,17.985611510791365,65.46762589928058,53.956834532374096,11.510791366906476
E00115412,91,31,11,20,60,53,7,34.065934065934066,12.087912087912088,21.978021978021978,65.93406593406593,58.24175824175825,7.6923076923076925
E00115413,173,52,11,41,121,111,10,30.057803468208093,6.358381502890173,23.699421965317917,69.94219653179191,64.16184971098265,5.780346820809249
E00115414,96,34,15,19,62,54,8,35.41666666666667,15.625,19.791666666666664,64.58333333333334,56.25,8.333333333333332
E00115415,112,32,4,28,80,58,22,28.57142857142857,3.571428571428571,25,71.42857142857143,51.78571428571429,19.642857142857142
E00115416,121,42,13,29,79,70,9,34.710743801652896,10.743801652892563,23.96694214876033,65.28925619834712,57.85123966942148,7.43801652892562
E00115417,145,39,11,28,106,94,12,26.89655172413793,7.586206896551724,19.310344827586206,73.10344827586206,64.82758620689654,8.275862068965518
E00115419,140,55,25,30,85,76,9,39.285714285714285,17.857142857142858,21.428571428571427,60.71428571428571,54.285714285714285,6.428571428571428
E00115420,163,53,20,33,110,93,17,32.515337423312886,12.269938650306749,20.245398773006134,67.48466257668711,57.05521472392638,10.429447852760736
E00115421,164,49,18,31,115,89,26,29.878048780487802,10.975609756097562,18.902439024390244,70.1219512195122,54.268292682926834,15.853658536585366
E00115422,142,55,20,35,87,66,21,38.732394366197184,14.084507042253522,24.647887323943664,61.267605633802816,46.478873239436616,14.788732394366196
E00115423,173,49,18,31,124,95,29,28.32369942196532,10.404624277456648,17.91907514450867,71.67630057803468,54.91329479768786,16.76300578034682
E00115424,128,33,15,18,95,77,18,25.78125,11.71875,14.0625,74.21875,60.15625,14.0625
E00115425,199,43,18,25,156,133,23,21.608040201005025,9.045226130653267,12.562814070351758,78.39195979899498,66.83417085427136,11.557788944723619
E00115426,160,50,25,25,110,87,23,31.25,15.625,15.625,68.75,54.37499999999999,14.374999999999998
E00115427,145,33,10,23,112,98,14,22.758620689655174,6.896551724137931,15.862068965517242,77.24137931034483,67.58620689655173,9.655172413793103
E00115428,133,44,10,34,89,77,12,33.08270676691729,7.518796992481203,25.563909774436087,66.9172932330827,57.89473684210527,9.022556390977442
E00115429,144,35,12,23,109,98,11,24.305555555555554,8.333333333333332,15.972222222222221,75.69444444444444,68.05555555555556,7.638888888888889
E00115430,144,49,14,35,95,79,16,34.02777777777778,9.722222222222223,24.305555555555554,65.97222222222221,54.861111111111114,11.11111111111111
E00115431,131,42,16,26,89,76,13,32.06106870229007,12.213740458015266,19.84732824427481,67.93893129770993,58.01526717557252,9.923664122137405
E00115432,125,32,6,26,93,84,9,25.6,4.8,20.8,74.4,67.2,7.199999999999999
E00115433,123,28,9,19,95,75,20,22.76422764227642,7.317073170731707,15.447154471544716,77.23577235772358,60.97560975609756,16.260162601626014
E00115434,179,58,14,44,121,106,15,32.402234636871505,7.82122905027933,24.581005586592177,67.59776536312849,59.217877094972074,8.379888268156424
E00115435,143,42,6,36,101,85,16,29.37062937062937,4.195804195804196,25.174825174825177,70.62937062937063,59.44055944055944,11.188811188811188
E00115436,118,42,16,26,76,62,14,35.59322033898305,13.559322033898304,22.033898305084744,64.40677966101694,52.54237288135594,11.864406779661017
E00115437,163,57,24,33,106,93,13,34.96932515337423,14.723926380368098,20.245398773006134,65.03067484662577,57.05521472392638,7.975460122699387
E00115438,49,20,8,12,29,25,4,40.816326530612244,16.3265306122449,24.489795918367346,59.183673469387756,51.02040816326531,8.16326530612245
E00115439,175,54,14,40,121,106,15,30.857142857142854,8,22.857142857142858,69.14285714285714,60.57142857142858,8.571428571428571
E00115440,116,22,9,13,94,79,15,18.96551724137931,7.758620689655173,11.206896551724139,81.03448275862068,68.10344827586206,12.931034482758621
E00115441,164,41,9,32,123,101,22,25,5.487804878048781,19.51219512195122,75,61.58536585365854,13.414634146341465
E00115442,125,37,10,27,88,76,12,29.599999999999998,8,21.6,70.39999999999999,60.8,9.6
E00115443,155,51,12,39,104,90,14,32.903225806451616,7.741935483870968,25.161290322580644,67.0967741935484,58.06451612903226,9.032258064516128
E00115444,127,44,12,32,83,67,16,34.645669291338585,9.448818897637794,25.196850393700785,65.35433070866141,52.75590551181102,12.598425196850393
E00115445,127,52,17,35,75,62,13,40.94488188976378,13.385826771653544,27.559055118110237,59.055118110236215,48.818897637795274,10.236220472440944
E00115446,167,52,23,29,115,88,27,31.137724550898206,13.77245508982036,17.365269461077844,68.8622754491018,52.69461077844312,16.16766467065868
E00115447,136,53,16,37,83,70,13,38.970588235294116,11.76470588235294,27.205882352941174,61.029411764705884,51.470588235294116,9.558823529411764
E00115448,133,40,9,31,93,83,10,30.075187969924812,6.7669172932330826,23.308270676691727,69.92481203007519,62.40601503759399,7.518796992481203
E00115449,146,55,21,34,91,76,15,37.67123287671233,14.383561643835616,23.28767123287671,62.328767123287676,52.054794520547944,10.273972602739725
E00115450,223,64,22,42,159,130,29,28.699551569506728,9.865470852017937,18.83408071748879,71.30044843049326,58.29596412556054,13.004484304932735
E00115451,105,37,18,19,68,58,10,35.23809523809524,17.142857142857142,18.095238095238095,64.76190476190476,55.23809523809524,9.523809523809524
E00115452,159,49,15,34,110,93,17,30.81761006289308,9.433962264150944,21.38364779874214,69.18238993710692,58.490566037735846,10.69182389937107
E00115453,147,44,23,21,103,81,22,29.931972789115648,15.646258503401361,14.285714285714285,70.06802721088435,55.10204081632652,14.965986394557824
E00115454,247,72,30,42,175,143,32,29.1497975708502,12.145748987854251,17.00404858299595,70.8502024291498,57.89473684210527,12.955465587044534
E00115455,143,28,6,22,115,85,30,19.58041958041958,4.195804195804196,15.384615384615385,80.41958041958041,59.44055944055944,20.97902097902098
E00115456,151,49,16,33,102,87,15,32.450331125827816,10.596026490066226,21.85430463576159,67.54966887417218,57.615894039735096,9.933774834437086
E00115457,76,22,9,13,54,49,5,28.947368421052634,11.842105263157894,17.105263157894736,71.05263157894737,64.47368421052632,6.578947368421052
E00115458,145,46,15,31,99,91,8,31.724137931034484,10.344827586206897,21.379310344827587,68.27586206896552,62.758620689655174,5.517241379310345
E00115459,110,43,17,26,67,57,10,39.09090909090909,15.454545454545453,23.636363636363637,60.909090909090914,51.81818181818182,9.090909090909092
E00115460,284,73,30,43,211,178,33,25.704225352112676,10.56338028169014,15.140845070422534,74.29577464788733,62.676056338028175,11.619718309859154
E00115461,282,86,24,62,196,165,31,30.49645390070922,8.51063829787234,21.98581560283688,69.50354609929079,58.51063829787234,10.99290780141844
E00115462,82,30,10,20,52,46,6,36.58536585365854,12.195121951219512,24.390243902439025,63.41463414634146,56.09756097560976,7.317073170731707
E00115463,224,74,24,50,150,126,24,33.035714285714285,10.714285714285714,22.321428571428573,66.96428571428571,56.25,10.714285714285714
E00115464,129,41,16,25,88,68,20,31.782945736434108,12.4031007751938,19.379844961240313,68.21705426356588,52.71317829457365,15.503875968992247
E00115465,187,60,14,46,127,104,23,32.085561497326204,7.4866310160427805,24.598930481283425,67.9144385026738,55.61497326203209,12.299465240641712
E00115466,137,31,14,17,106,87,19,22.62773722627737,10.218978102189782,12.408759124087592,77.37226277372264,63.503649635036496,13.86861313868613
E00115467,176,69,29,40,107,84,23,39.20454545454545,16.477272727272727,22.727272727272727,60.79545454545454,47.72727272727273,13.068181818181818
E00115468,172,49,18,31,123,110,13,28.488372093023255,10.465116279069768,18.023255813953487,71.51162790697676,63.95348837209303,7.55813953488372
E00115469,87,23,11,12,64,54,10,26.436781609195403,12.643678160919542,13.793103448275861,73.5632183908046,62.06896551724138,11.494252873563218
E00115470,184,59,14,45,125,102,23,32.065217391304344,7.608695652173914,24.456521739130434,67.93478260869566,55.434782608695656,12.5
E00115471,173,66,24,42,107,87,20,38.15028901734104,13.872832369942195,24.277456647398843,61.849710982658955,50.28901734104046,11.560693641618498
E00115472,162,58,13,45,104,86,18,35.80246913580247,8.024691358024691,27.77777777777778,64.19753086419753,53.086419753086425,11.11111111111111
E00115473,127,34,17,17,93,66,27,26.77165354330709,13.385826771653544,13.385826771653544,73.22834645669292,51.96850393700787,21.25984251968504
E00115474,131,38,16,22,93,75,18,29.00763358778626,12.213740458015266,16.793893129770993,70.99236641221374,57.25190839694656,13.740458015267176
E00115475,118,32,13,19,86,75,11,27.11864406779661,11.016949152542372,16.101694915254235,72.88135593220339,63.559322033898304,9.322033898305085
E00115476,160,46,14,32,114,101,13,28.749999999999996,8.75,20,71.25,63.125,8.125
E00115477,169,41,13,28,128,112,16,24.2603550295858,7.6923076923076925,16.56804733727811,75.7396449704142,66.27218934911244,9.467455621301776
E00115478,172,52,18,34,120,108,12,30.23255813953488,10.465116279069768,19.767441860465116,69.76744186046511,62.7906976744186,6.976744186046512
E00115479,184,49,9,40,135,114,21,26.6304347826087,4.891304347826087,21.73913043478261,73.36956521739131,61.95652173913043,11.41304347826087
E00115480,151,31,12,19,120,105,15,20.52980132450331,7.9470198675496695,12.582781456953644,79.47019867549669,69.5364238410596,9.933774834437086
E00115481,103,36,17,19,67,56,11,34.95145631067961,16.50485436893204,18.446601941747574,65.0485436893204,54.36893203883495,10.679611650485436
E00115482,219,64,21,43,155,131,24,29.22374429223744,9.58904109589041,19.63470319634703,70.77625570776256,59.817351598173516,10.95890410958904
E00115483,83,29,11,18,54,45,9,34.93975903614458,13.253012048192772,21.686746987951807,65.06024096385542,54.21686746987952,10.843373493975903
E00115484,140,32,7,25,108,91,17,22.857142857142858,5,17.857142857142858,77.14285714285715,65,12.142857142857142
E00115485,175,66,26,40,109,93,16,37.714285714285715,14.857142857142858,22.857142857142858,62.28571428571429,53.142857142857146,9.142857142857142
E00115486,150,54,13,41,96,72,24,36,8.666666666666668,27.333333333333332,64,48,16
E00115487,162,48,15,33,114,96,18,29.629629629629626,9.25925925925926,20.37037037037037,70.37037037037037,59.25925925925925,11.11111111111111
E00168030,185,73,28,45,112,89,23,39.45945945945946,15.135135135135137,24.324324324324326,60.54054054054055,48.10810810810811,12.432432432432433
E00168031,139,52,13,39,87,76,11,37.410071942446045,9.352517985611511,28.05755395683453,62.589928057553955,54.67625899280576,7.913669064748201
E00168032,64,12,4,8,52,46,6,18.75,6.25,12.5,81.25,71.875,9.375
E00168033,181,40,7,33,141,127,14,22.099447513812155,3.867403314917127,18.23204419889503,77.90055248618785,70.1657458563536,7.734806629834254
E00168034,103,22,7,15,81,71,10,21.35922330097087,6.796116504854369,14.563106796116504,78.64077669902912,68.93203883495146,9.70873786407767
E00168035,133,49,13,36,84,71,13,36.84210526315789,9.774436090225564,27.06766917293233,63.1578947368421,53.383458646616546,9.774436090225564
E00168036,92,22,9,13,70,59,11,23.91304347826087,9.782608695652174,14.130434782608695,76.08695652173914,64.13043478260869,11.956521739130435
E00168037,205,47,14,33,158,124,34,22.926829268292686,6.829268292682928,16.097560975609756,77.07317073170732,60.48780487804878,16.585365853658537
E00168038,137,29,16,13,108,99,9,21.16788321167883,11.678832116788321,9.48905109489051,78.83211678832117,72.26277372262774,6.569343065693431
E00168039,149,42,17,25,107,89,18,28.187919463087248,11.409395973154362,16.778523489932887,71.81208053691275,59.73154362416108,12.080536912751679
E00168040,143,40,16,24,103,87,16,27.972027972027973,11.188811188811188,16.783216783216783,72.02797202797203,60.83916083916085,11.188811188811188
E00168041,131,27,9,18,104,93,11,20.610687022900763,6.870229007633588,13.740458015267176,79.38931297709924,70.99236641221374,8.396946564885496
E00168042,119,26,7,19,93,86,7,21.84873949579832,5.88235294117647,15.966386554621847,78.15126050420169,72.26890756302521,5.88235294117647
E00168044,147,40,11,29,107,84,23,27.2108843537415,7.482993197278912,19.727891156462583,72.78911564625851,57.14285714285714,15.646258503401361
E00168045,102,20,12,8,82,78,4,19.607843137254903,11.76470588235294,7.8431372549019605,80.3921568627451,76.47058823529412,3.9215686274509802
E00168046,134,17,5,12,117,100,17,12.686567164179104,3.731343283582089,8.955223880597014,87.31343283582089,74.6268656716418,12.686567164179104
E00168047,139,37,20,17,102,89,13,26.618705035971225,14.388489208633093,12.23021582733813,73.38129496402878,64.02877697841727,9.352517985611511
E00168048,148,32,5,27,116,103,13,21.62162162162162,3.3783783783783785,18.243243243243242,78.37837837837837,69.5945945945946,8.783783783783784
E00168049,147,31,9,22,116,108,8,21.08843537414966,6.122448979591836,14.965986394557824,78.91156462585033,73.46938775510205,5.442176870748299
E00168050,134,45,11,34,89,65,24,33.582089552238806,8.208955223880597,25.37313432835821,66.4179104477612,48.507462686567166,17.91044776119403
E00168051,162,25,4,21,137,117,20,15.432098765432098,2.4691358024691357,12.962962962962962,84.5679012345679,72.22222222222221,12.345679012345679
E00168053,225,59,21,38,166,134,32,26.222222222222225,9.333333333333334,16.88888888888889,73.77777777777777,59.55555555555555,14.222222222222221
E00168055,346,75,27,48,271,237,34,21.67630057803468,7.803468208092486,13.872832369942195,78.32369942196532,68.4971098265896,9.826589595375722
E00168056,141,57,21,36,84,73,11,40.42553191489361,14.893617021276595,25.53191489361702,59.57446808510638,51.77304964539007,7.801418439716312
E00168058,206,59,18,41,147,124,23,28.640776699029125,8.737864077669903,19.902912621359224,71.35922330097088,60.19417475728155,11.165048543689322
E00168059,125,29,6,23,96,74,22,23.200000000000003,4.8,18.4,76.8,59.199999999999996,17.599999999999998
E00168060,183,63,17,46,120,99,21,34.42622950819672,9.289617486338798,25.136612021857925,65.57377049180327,54.09836065573771,11.475409836065573
E00168061,162,58,28,30,104,85,19,35.80246913580247,17.28395061728395,18.51851851851852,64.19753086419753,52.46913580246913,11.728395061728394
E00177483,183,42,15,27,141,119,22,22.950819672131146,8.19672131147541,14.754098360655737,77.04918032786885,65.02732240437157,12.021857923497267
E00177759,161,37,12,25,124,103,21,22.981366459627328,7.453416149068323,15.527950310559005,77.01863354037268,63.975155279503106,13.043478260869565
E00177763,218,49,11,38,169,137,32,22.477064220183486,5.045871559633028,17.431192660550458,77.52293577981652,62.84403669724771,14.678899082568808
E00178642,157,25,8,17,132,113,19,15.92356687898089,5.095541401273886,10.828025477707007,84.07643312101911,71.97452229299363,12.101910828025478
E00178652,142,37,10,27,105,95,10,26.056338028169012,7.042253521126761,19.014084507042252,73.94366197183099,66.90140845070422,7.042253521126761
E00179076,183,49,11,38,134,106,28,26.775956284153008,6.0109289617486334,20.76502732240437,73.224043715847,57.92349726775956,15.300546448087433
E00179077,162,52,13,39,110,94,16,32.098765432098766,8.024691358024691,24.074074074074073,67.90123456790124,58.0246913580247,9.876543209876543
E00179285,272,72,21,51,200,169,31,26.47058823529412,7.720588235294118,18.75,73.52941176470588,62.13235294117647,11.397058823529411
E00181573,145,40,12,28,105,86,19,27.586206896551722,8.275862068965518,19.310344827586206,72.41379310344827,59.310344827586206,13.10344827586207
E00181846,218,47,11,36,171,145,26,21.55963302752294,5.045871559633028,16.51376146788991,78.44036697247707,66.5137614678899,11.926605504587156
E00181847,159,49,18,31,110,87,23,30.81761006289308,11.320754716981133,19.49685534591195,69.18238993710692,54.71698113207547,14.465408805031446
E00181940,187,55,15,40,132,111,21,29.411764705882355,8.0213903743315509,21.390374331550802,70.58823529411765,59.35828877005348,11.229946524064172
E00182064,193,45,11,34,148,129,19,23.316062176165804,5.699481865284974,17.616580310880828,76.68393782383419,66.83937823834198,9.844559585492227
E00182072,10,3,1,2,7,5,2,30,10,20,70,50,20
E00182543,211,49,12,37,162,144,18,23.22274881516588,5.687203791469194,17.535545023696685,76.77725118483413,68.24644549763033,8.530805687203792
E00183108,209,49,14,35,160,136,24,23.444976076555022,6.698564593301436,16.74641148325359,76.55502392344498,65.07177033492823,11.483253588516746
E00183428,192,46,12,34,146,127,19,23.958333333333336,6.25,17.708333333333336,76.04166666666666,66.14583333333334,9.895833333333332
E00184548,175,47,20,27,128,109,19,26.857142857142858,11.428571428571429,15.428571428571427,73.14285714285714,62.28571428571429,10.857142857142858
E00186086,205,57,19,38,148,127,21,27.80487804878049,9.268292682926829,18.536585365853657,72.1951219512195,61.951219512195124,10.24390243902439
E00186092,206,39,11,28,167,137,30,18.932038834951456,5.339805825242718,13.592233009708737,81.06796116504854,66.50485436893204,14.563106796116504
E00186325,207,53,21,32,154,128,26,25.60386473429952,10.144927536231885,15.458937198067632,74.39613526570048,61.83574879227053,12.560386473429952
E00186326,184,32,9,23,152,132,20,17.391304347826086,4.891304347826087,12.5,82.6086956521739,71.73913043478261,10.869565217391305
E00186519,88,32,11,21,56,43,13,36.36363636363637,12.5,23.863636363636363,63.63636363636363,48.86363636363637,14.772727272727273
E00186662,116,34,17,17,82,65,17,29.310344827586203,14.655172413793101,14.655172413793101,70.6896551724138,56.03448275862068,14.655172413793101
E00186667,49,16,4,12,33,23,10,32.6530612244898,8.16326530612245,24.489795918367346,67.3469387755102,46.93877551020408,20.408163265306122
E00187861,227,65,15,50,162,142,20,28.634361233480178,6.607929515418502,22.026431718061673,71.36563876651982,62.55506607929515,8.81057268722467
E00187870,136,39,12,27,97,78,19,28.676470588235293,8.823529411764707,19.852941176470587,71.32352941176471,57.35294117647059,13.970588235294118
E00187871,185,50,22,28,135,114,21,27.027027027027028,11.891891891891893,15.135135135135137,72.97297297297297,61.62162162162163,11.351351351351353
E00188550,152,43,15,28,109,91,18,28.289473684210524,9.868421052631579,18.421052631578945,71.71052631578947,59.86842105263158,11.842105263157894
E00188551,157,46,11,35,111,96,15,29.29936305732484,7.006369426751593,22.29299363057325,70.70063694267516,61.146496815286625,9.554140127388536
E00189203,174,44,12,32,130,105,25,25.287356321839084,6.896551724137931,18.39080459770115,74.71264367816092,60.3448275862069,14.367816091954023
E00189210,214,50,15,35,164,142,22,23.364485981308412,7.009345794392523,16.355140186915886,76.63551401869158,66.35514018691589,10.2803738317757
E00189448,203,58,21,37,145,127,18,28.57142857142857,10.344827586206897,18.226600985221676,71.42857142857143,62.5615763546798,8.866995073891626
E00190535,188,36,11,25,152,137,15,19.148936170212767,5.851063829787234,13.297872340425531,80.85106382978722,72.87234042553192,7.9787234042553195
E00190536,186,39,7,32,147,127,20,20.967741935483872,3.763440860215054,17.20430107526882,79.03225806451613,68.27956989247312,10.75268817204301
E00190540,105,28,8,20,77,60,17,26.666666666666668,7.6190476190476195,19.047619047619047,73.33333333333333,57.14285714285714,16.19047619047619
E00190542,166,55,15,40,111,95,16,33.13253012048193,9.036144578313253,24.096385542168676,66.86746987951807,57.22891566265061,9.63855421686747
E00190550,166,52,12,40,114,98,16,31.32530120481928,7.228915662650602,24.096385542168676,68.67469879518072,59.036144578313255,9.63855421686747
E00190553,245,55,13,42,190,167,23,22.448979591836736,5.3061224489795915,17.142857142857142,77.55102040816327,68.16326530612244,9.387755102040817
E00190558,194,60,21,39,134,116,18,30.927835051546392,10.824742268041238,20.103092783505154,69.0721649484536,59.79381443298969,9.278350515463918
E00190563,57,14,5,9,43,31,12,24.561403508771928,8.771929824561402,15.789473684210526,75.43859649122807,54.385964912280706,21.052631578947366
E00190567,153,38,9,29,115,86,29,24.836601307189543,5.88235294117647,18.954248366013072,75.16339869281046,56.209150326797385,18.954248366013072
E00190568,176,49,12,37,127,113,14,27.84090909090909,6.8181818181818175,21.022727272727273,72.1590909090909,64.20454545454545,7.954545454545454
E00190569,208,61,16,45,147,126,21,29.326923076923077,7.6923076923076925,21.634615384615387,70.67307692307693,60.57692307692307,10.096153846153847
E00190574,177,59,16,43,118,101,17,33.33333333333333,9.03954802259887,24.293785310734464,66.66666666666666,57.06214689265536,9.6045197740113
E00190577,218,46,17,29,172,142,30,21.100917431192663,7.79816513761468,13.302752293577983,78.89908256880734,65.13761467889908,13.761467889908257
E00190580,122,30,10,20,92,78,14,24.59016393442623,8.19672131147541,16.39344262295082,75.40983606557377,63.934426229508205,11.475409836065573
E00190583,171,46,18,28,125,102,23,26.900584795321635,10.526315789473683,16.374269005847953,73.09941520467837,59.64912280701754,13.450292397660817
E00190584,157,32,7,25,125,101,24,20.382165605095544,4.45859872611465,15.92356687898089,79.61783439490446,64.3312101910828,15.286624203821656
E00190591,185,41,17,24,144,121,23,22.162162162162165,9.18918918918919,12.972972972972974,77.83783783783784,65.4054054054054,12.432432432432433
