OA,ts0590001,ts0590002,ts0590003,ts0590004,ts0590005,ts0590006,ts0590007,ts0590002_PCT,ts0590003_PCT,ts0590004_PCT,ts0590005_PCT,ts0590006_PCT,ts0590007_PCT
E00062771,137,45,21,24,92,80,12,32.846715328467155,15.328467153284672,17.51824817518248,67.15328467153284,58.3941605839416,8.75912408759124
E00062772,127,32,14,18,95,75,20,25.196850393700785,11.023622047244094,14.173228346456693,74.80314960629921,59.055118110236215,15.748031496062993
E00062773,121,39,14,25,82,52,30,32.231404958677686,11.570247933884298,20.66115702479339,67.76859504132231,42.97520661157025,24.793388429752067
E00062774,135,42,15,27,93,73,20,31.11111111111111,11.11111111111111,20,68.88888888888889,54.074074074074076,14.814814814814813
E00062775,100,33,16,17,67,57,10,33,16,17,67,56.99999999999999,10
E00062776,193,65,26,39,128,96,32,33.67875647668394,13.471502590673575,20.207253886010363,66.32124352331607,49.740932642487046,16.580310880829018
E00062777,154,41,20,21,113,93,20,26.623376623376622,12.987012987012985,13.636363636363635,73.37662337662337,60.3896103896104,12.987012987012985
E00062778,233,59,22,37,174,149,25,25.321888412017167,9.44206008583691,15.879828326180256,74.67811158798283,63.94849785407726,10.72961373390558
E00062779,202,65,25,40,137,123,14,32.17821782178218,12.376237623762377,19.801980198019802,67.82178217821783,60.89108910891089,6.9306930693069315
E00062780,175,47,20,27,128,102,26,26.857142857142858,11.428571428571429,15.428571428571427,73.14285714285714,58.285714285714285,14.857142857142858
E00062781,120,26,13,13,94,84,10,21.666666666666668,10.833333333333334,10.833333333333334,78.33333333333333,70,8.333333333333332
E00062782,161,51,31,20,110,91,19,31.67701863354037,19.25465838509317,12.422360248447205,68.32298136645963,56.52173913043478,11.801242236024844
E00062783,161,55,20,35,106,83,23,34.161490683229815,12.422360248447205,21.73913043478261,65.83850931677019,51.5527950310559,14.285714285714285
E00062784,172,47,19,28,125,107,18,27.325581395348834,11.046511627906977,16.27906976744186,72.67441860465115,62.2093023255814,10.465116279069768
E00062785,134,40,16,24,94,74,20,29.850746268656714,11.940298507462686,17.91044776119403,70.1492537313433,55.223880597014926,14.925373134328357
E00062786,162,40,16,24,122,113,9,24.691358024691358,9.876543209876543,14.814814814814813,75.30864197530865,69.75308641975309,5.555555555555555
E00062787,160,44,15,29,116,97,19,27.500000000000004,9.375,18.125,72.5,60.62499999999999,11.875
E00062788,158,55,21,34,103,92,11,34.810126582278485,13.291139240506327,21.518987341772153,65.18987341772153,58.22784810126582,6.962025316455696
E00062789,142,45,15,30,97,79,18,31.690140845070424,10.56338028169014,21.12676056338028,68.30985915492957,55.633802816901415,12.676056338028168
E00062791,145,45,14,31,100,81,19,31.03448275862069,9.655172413793103,21.379310344827587,68.96551724137932,55.86206896551724,13.10344827586207
E00062792,12,3,1,2,9,7,2,25,8.333333333333332,16.666666666666664,75,58.333333333333336,16.666666666666664
E00062794,115,26,10,16,89,78,11,22.608695652173914,8.695652173913043,13.91304347826087,77.39130434782608,67.82608695652173,9.565217391304348
E00062796,114,39,22,17,75,63,12,34.21052631578947,19.298245614035086,14.912280701754385,65.78947368421053,55.26315789473685,10.526315789473683
E00062797,164,41,18,23,123,103,20,25,10.975609756097562,14.02439024390244,75,62.80487804878049,12.195121951219512
E00062798,146,54,20,34,92,81,11,36.986301369863014,13.698630136986301,23.28767123287671,63.013698630136986,55.47945205479452,7.534246575342466
E00062799,139,42,18,24,97,76,21,30.215827338129497,12.949640287769784,17.26618705035971,69.7841726618705,54.67625899280576,15.107913669064748
E00062800,231,68,31,37,163,121,42,29.43722943722944,13.41991341991342,16.017316017316016,70.56277056277057,52.38095238095239,18.181818181818183
E00062801,146,34,16,18,112,88,24,23.28767123287671,10.95890410958904,12.32876712328767,76.71232876712328,60.273972602739725,16.43835616438356
E00062802,31,11,4,7,20,16,4,35.483870967741936,12.903225806451612,22.58064516129032,64.51612903225806,51.61290322580645,12.903225806451612
E00062804,72,22,5,17,50,42,8,30.555555555555557,6.944444444444445,23.61111111111111,69.44444444444444,58.333333333333336,11.11111111111111
E00062805,249,63,21,42,186,180,6,25.301204819277107,8.433734939759036,16.867469879518072,74.69879518072288,72.28915662650603,2.4096385542168677
E00062807,114,32,7,25,82,74,8,28.07017543859649,6.140350877192982,21.929824561403507,71.9298245614035,64.91228070175438,7.017543859649122
E00062808,131,32,10,22,99,96,3,24.427480916030532,7.633587786259542,16.793893129770993,75.57251908396947,73.2824427480916,2.2900763358778624
E00062809,149,35,14,21,114,109,5,23.48993288590604,9.395973154362416,14.093959731543624,76.51006711409396,73.15436241610739,3.3557046979865772
E00062810,138,48,26,22,90,83,7,34.78260869565217,18.84057971014493,15.942028985507244,65.21739130434783,60.14492753623188,5.072463768115942
E00062811,135,29,9,20,106,96,10,21.48148148148148,6.666666666666667,14.814814814814813,78.51851851851852,71.11111111111111,7.4074074074074066
E00062812,126,44,16,28,82,76,6,34.92063492063492,12.698412698412698,22.22222222222222,65.07936507936508,60.317460317460316,4.761904761904762
E00062814,127,39,15,24,88,80,8,30.708661417322837,11.811023622047244,18.89763779527559,69.29133858267717,62.99212598425197,6.299212598425196
E00062815,167,48,16,32,119,103,16,28.74251497005988,9.580838323353294,19.16167664670659,71.25748502994011,61.67664670658682,9.580838323353294
E00062816,158,49,14,35,109,101,8,31.0126582278481,8.860759493670885,22.151898734177212,68.9873417721519,63.92405063291139,5.063291139240507
E00062817,115,39,14,25,76,66,10,33.91304347826087,12.173913043478262,21.73913043478261,66.08695652173913,57.391304347826086,8.695652173913043
E00062818,202,74,26,48,128,118,10,36.633663366336634,12.871287128712872,23.762376237623762,63.366336633663366,58.415841584158414,4.9504950495049505
E00062819,127,42,8,34,85,76,9,33.07086614173229,6.299212598425196,26.77165354330709,66.92913385826772,59.84251968503938,7.086614173228346
E00062820,134,49,13,36,85,74,11,36.56716417910448,9.701492537313433,26.865671641791046,63.43283582089553,55.223880597014926,8.208955223880597
E00062821,141,59,10,49,82,82,0,41.843971631205676,7.092198581560284,34.751773049645394,58.156028368794324,58.156028368794324,0
E00062823,108,41,10,31,67,62,5,37.96296296296296,9.25925925925926,28.703703703703702,62.03703703703704,57.407407407407405,4.62962962962963
E00062824,136,33,13,20,103,86,17,24.264705882352942,9.558823529411764,14.705882352941178,75.73529411764706,63.23529411764706,12.5
E00062825,74,24,3,21,50,50,0,32.432432432432435,4.054054054054054,28.37837837837838,67.56756756756756,67.56756756756756,0
E00062826,93,26,8,18,67,57,10,27.956989247311824,8.60215053763441,19.35483870967742,72.04301075268818,61.29032258064516,10.75268817204301
E00062827,208,39,8,31,169,152,17,18.75,3.8461538461538463,14.903846153846153,81.25,73.07692307692307,8.173076923076923
E00062828,112,29,3,26,83,75,8,25.892857142857146,2.6785714285714284,23.214285714285715,74.10714285714286,66.96428571428571,7.142857142857142
E00062829,188,58,19,39,130,117,13,30.851063829787233,10.106382978723403,20.74468085106383,69.14893617021278,62.23404255319149,6.914893617021277
E00062830,199,53,12,41,146,125,21,26.633165829145728,6.030150753768844,20.603015075376884,73.36683417085426,62.8140703517588,10.552763819095476
E00062831,198,47,15,32,151,134,17,23.737373737373737,7.575757575757576,16.161616161616163,76.26262626262627,67.67676767676768,8.585858585858585
E00062833,123,38,11,27,85,82,3,30.89430894308943,8.94308943089431,21.951219512195124,69.10569105691057,66.66666666666666,2.4390243902439024
E00062834,139,40,13,27,99,92,7,28.776978417266186,9.352517985611511,19.424460431654676,71.22302158273382,66.18705035971223,5.0359712230215825
E00062835,156,45,16,29,111,102,9,28.846153846153843,10.256410256410255,18.58974358974359,71.15384615384616,65.38461538461539,5.769230769230769
E00062837,192,46,13,33,146,130,16,23.958333333333336,6.770833333333333,17.1875,76.04166666666666,67.70833333333334,8.333333333333332
E00062838,195,56,19,37,139,125,14,28.717948717948715,9.7435897435897445,18.974358974358974,71.28205128205128,64.1025641025641,7.179487179487179
E00062839,119,33,13,20,86,74,12,27.73109243697479,10.92436974789916,16.80672268907563,72.26890756302521,62.18487394957983,10.084033613445378
E00062840,107,23,6,17,84,77,7,21.49532710280374,5.607476635514018,15.887850467289718,78.50467289719626,71.96261682242991,6.5420560747663545
E00062841,100,34,13,21,66,59,7,34,13,21,66,59,7.000000000000001
E00062842,97,31,14,17,66,56,10,31.958762886597935,14.432989690721648,17.525773195876287,68.04123711340206,57.73195876288659,10.309278350515463
E00062843,162,45,17,28,117,105,12,27.77777777777778,10.493827160493826,17.28395061728395,72.22222222222221,64.81481481481481,7.4074074074074066
E00062844,144,29,6,23,115,97,18,20.13888888888889,4.166666666666666,15.972222222222221,79.86111111111111,67.36111111111111,12.5
E00062845,116,30,15,15,86,76,10,25.862068965517242,12.931034482758621,12.931034482758621,74.13793103448276,65.51724137931035,8.620689655172415
E00062846,168,43,19,24,125,108,17,25.595238095238095,11.30952380952381,14.285714285714285,74.40476190476191,64.28571428571429,10.119047619047619
E00062847,154,38,7,31,116,95,21,24.675324675324674,4.545454545454546,20.12987012987013,75.32467532467533,61.68831168831169,13.636363636363635
E00062848,129,33,17,16,96,90,6,25.581395348837212,13.178294573643413,12.4031007751938,74.4186046511628,69.76744186046511,4.651162790697675
E00062849,106,17,7,10,89,76,13,16.037735849056602,6.60377358490566,9.433962264150944,83.9622641509434,71.69811320754717,12.264150943396226
E00062850,86,26,13,13,60,57,3,30.23255813953488,15.11627906976744,15.11627906976744,69.76744186046511,66.27906976744185,3.488372093023256
E00062852,106,30,7,23,76,71,5,28.30188679245283,6.60377358490566,21.69811320754717,71.69811320754717,66.98113207547169,4.716981132075472
E00062853,134,29,6,23,105,91,14,21.641791044776117,4.477611940298507,17.16417910447761,78.35820895522389,67.91044776119402,10.44776119402985
E00062855,171,49,17,32,122,108,14,28.654970760233915,9.941520467836257,18.71345029239766,71.34502923976608,63.1578947368421,8.187134502923977
E00062856,99,30,16,14,69,59,10,30.303030303030305,16.161616161616163,14.14141414141414,69.6969696969697,59.59595959595959,10.1010101010101
E00062857,90,24,8,16,66,57,9,26.666666666666668,8.88888888888889,17.77777777777778,73.33333333333333,63.33333333333333,10
E00062858,142,47,12,35,95,78,17,33.098591549295776,8.450704225352112,24.647887323943664,66.90140845070422,54.929577464788736,11.971830985915492
E00062859,103,28,11,17,75,66,9,27.184466019417474,10.679611650485436,16.50485436893204,72.81553398058253,64.07766990291263,8.737864077669903
E00062860,154,41,19,22,113,103,10,26.623376623376622,12.337662337662337,14.285714285714285,73.37662337662337,66.88311688311688,6.493506493506493
E00062861,115,40,17,23,75,66,9,34.78260869565217,14.782608695652174,20,65.21739130434783,57.391304347826086,7.82608695652174
E00062862,168,37,13,24,131,119,12,22.023809523809522,7.738095238095238,14.285714285714285,77.97619047619048,70.83333333333334,7.142857142857142
E00062864,198,52,20,32,146,136,10,26.262626262626267,10.1010101010101,16.161616161616163,73.73737373737373,68.68686868686868,5.05050505050505
E00062865,121,30,11,19,91,80,11,24.793388429752067,9.090909090909092,15.702479338842975,75.20661157024794,66.11570247933885,9.090909090909092
E00062867,175,50,19,31,125,112,13,28.57142857142857,10.857142857142858,17.71428571428571,71.42857142857143,64,7.428571428571429
E00062868,124,34,9,25,90,80,10,27.419354838709676,7.258064516129033,20.161290322580644,72.58064516129032,64.51612903225806,8.064516129032258
E00062869,101,27,10,17,74,67,7,26.732673267326735,9.900990099009901,16.831683168316832,73.26732673267327,66.33663366336634,6.9306930693069315
E00062870,112,33,12,21,79,70,9,29.464285714285715,10.714285714285714,18.75,70.53571428571429,62.5,8.035714285714286
E00062873,149,50,18,32,99,89,10,33.557046979865774,12.080536912751679,21.476510067114095,66.44295302013423,59.73154362416108,6.7114093959731544
E00062874,101,33,10,23,68,56,12,32.67326732673268,9.900990099009901,22.772277227722775,67.32673267326733,55.44554455445545,11.881188118811881
E00062875,174,50,18,32,124,106,18,28.735632183908045,10.344827586206897,18.39080459770115,71.26436781609196,60.91954022988506,10.344827586206897
E00062876,111,26,9,17,85,76,9,23.423423423423422,8.108108108108109,15.315315315315313,76.57657657657657,68.46846846846847,8.108108108108109
E00062877,132,37,9,28,95,81,14,28.030303030303028,6.8181818181818175,21.21212121212121,71.96969696969697,61.36363636363637,10.606060606060606
E00062878,91,29,10,19,62,56,6,31.868131868131865,10.989010989010989,20.87912087912088,68.13186813186813,61.53846153846154,6.593406593406594
E00062879,120,32,7,25,88,81,7,26.666666666666668,5.833333333333333,20.833333333333336,73.33333333333333,67.5,5.833333333333333
E00062880,128,47,18,29,81,68,13,36.71875,14.0625,22.65625,63.28125,53.125,10.15625
E00062881,220,69,21,48,151,136,15,31.363636363636367,9.545454545454547,21.818181818181817,68.63636363636364,61.81818181818181,6.8181818181818175
E00062882,124,27,6,21,97,88,9,21.774193548387096,4.838709677419355,16.93548387096774,78.2258064516129,70.96774193548387,7.258064516129033
E00062883,134,37,7,30,97,87,10,27.611940298507463,5.223880597014925,22.388059701492537,72.38805970149254,64.92537313432835,7.462686567164178
E00062884,114,33,6,27,81,62,19,28.947368421052634,5.263157894736842,23.684210526315788,71.05263157894737,54.385964912280706,16.666666666666664
E00062885,126,40,11,29,86,78,8,31.746031746031743,8.73015873015873,23.015873015873016,68.25396825396825,61.904761904761905,6.349206349206349
E00062886,108,28,8,20,80,74,6,25.925925925925924,7.4074074074074066,18.51851851851852,74.07407407407408,68.51851851851852,5.555555555555555
E00062887,123,31,5,26,92,83,9,25.203252032520325,4.0650406504065035,21.138211382113823,74.79674796747967,67.47967479674797,7.317073170731707
E00062888,149,48,14,34,101,88,13,32.21476510067114,9.395973154362416,22.818791946308725,67.78523489932886,59.06040268456376,8.724832214765101
E00062889,109,29,8,21,80,74,6,26.605504587155966,7.339449541284404,19.26605504587156,73.39449541284404,67.88990825688074,5.5045871559633035
E00062890,151,40,13,27,111,79,32,26.490066225165563,8.609271523178808,17.880794701986755,73.50993377483444,52.317880794701985,21.192052980132452
E00062891,236,49,14,35,187,163,24,20.76271186440678,5.932203389830509,14.83050847457627,79.23728813559322,69.0677966101695,10.16949152542373
E00062893,113,32,10,22,81,68,13,28.31858407079646,8.849557522123893,19.469026548672566,71.68141592920354,60.17699115044248,11.504424778761061
E00062894,128,45,13,32,83,71,12,35.15625,10.15625,25,64.84375,55.46875,9.375
E00062895,155,48,13,35,107,91,16,30.967741935483872,8.38709677419355,22.58064516129032,69.03225806451613,58.70967741935483,10.32258064516129
E00062896,125,34,20,14,91,79,12,27.200000000000003,16,11.200000000000001,72.8,63.2,9.6
E00062897,164,35,14,21,129,103,26,21.341463414634145,8.536585365853659,12.804878048780488,78.65853658536585,62.80487804878049,15.853658536585366
E00062898,176,57,19,38,119,91,28,32.38636363636363,10.795454545454545,21.59090909090909,67.61363636363636,51.70454545454546,15.909090909090908
E00062899,140,42,15,27,98,81,17,30,10.714285714285714,19.28571428571429,70,57.85714285714286,12.142857142857142
E00062901,119,34,11,23,85,69,16,28.57142857142857,9.243697478991598,19.327731092436977,71.42857142857143,57.98319327731093,13.445378151260504
E00062902,139,43,16,27,96,77,19,30.935251798561154,11.510791366906476,19.424460431654676,69.06474820143885,55.39568345323741,13.66906474820144
E00062903,100,34,10,24,66,54,12,34,10,24,66,54,12
E00062904,258,70,20,50,188,149,39,27.131782945736433,7.751937984496124,19.379844961240313,72.86821705426357,57.751937984496124,15.11627906976744
E00062905,140,35,11,24,105,90,15,25,7.857142857142857,17.142857142857142,75,64.28571428571429,10.714285714285714
E00062907,139,32,9,23,107,90,17,23.021582733812952,6.474820143884892,16.546762589928058,76.97841726618705,64.74820143884892,12.23021582733813
E00062908,137,40,16,24,97,81,16,29.1970802919708,11.678832116788321,17.51824817518248,70.8029197080292,59.12408759124088,11.678832116788321
E00062909,160,49,21,28,111,95,16,30.625000000000004,13.125,17.5,69.375,59.375,10
E00062910,152,41,19,22,111,91,20,26.973684210526315,12.5,14.473684210526317,73.02631578947368,59.86842105263158,13.157894736842104
E00062911,147,54,16,38,93,78,15,36.734693877551024,10.884353741496598,25.850340136054424,63.26530612244898,53.06122448979592,10.204081632653061
E00062912,103,33,10,23,70,55,15,32.038834951456316,9.70873786407767,22.330097087378643,67.96116504854369,53.398058252427184,14.563106796116504
E00062913,90,29,10,19,61,49,12,32.22222222222222,11.11111111111111,21.11111111111111,67.77777777777779,54.44444444444444,13.333333333333334
E00062915,119,28,12,16,91,80,11,23.52941176470588,10.084033613445378,13.445378151260504,76.47058823529412,67.22689075630252,9.243697478991598
E00062916,164,45,11,34,119,111,8,27.439024390243905,6.707317073170732,20.73170731707317,72.5609756097561,67.6829268292683,4.878048780487805
E00062917,116,30,9,21,86,79,7,25.862068965517242,7.758620689655173,18.103448275862068,74.13793103448276,68.10344827586206,6.0344827586206895
E00062918,138,40,13,27,98,92,6,28.985507246376812,9.420289855072465,19.565217391304348,71.01449275362319,66.66666666666666,4.3478260869565215
E00062919,197,47,13,34,150,132,18,23.85786802030457,6.598984771573605,17.258883248730964,76.14213197969542,67.00507614213198,9.137055837563452
E00062920,129,31,12,19,98,81,17,24.031007751937985,9.30232558139535,14.728682170542637,75.96899224806202,62.7906976744186,13.178294573643413
E00062921,170,43,17,26,127,103,24,25.294117647058822,10,15.294117647058824,74.70588235294117,60.588235294117645,14.117647058823529
E00062922,229,64,19,45,165,138,27,27.947598253275107,8.296943231441048,19.65065502183406,72.0524017467249,60.26200873362445,11.790393013100436
E00062923,107,26,10,16,81,64,17,24.299065420560748,9.345794392523365,14.953271028037381,75.70093457943925,59.813084112149525,15.887850467289718
E00062924,141,44,20,24,97,73,24,31.20567375886525,14.184397163120568,17.02127659574468,68.79432624113475,51.77304964539007,17.02127659574468
E00062925,140,39,13,26,101,87,14,27.857142857142858,9.285714285714286,18.571428571428573,72.14285714285714,62.142857142857146,10
E00062926,115,36,14,22,79,66,13,31.30434782608696,12.173913043478262,19.130434782608695,68.69565217391305,57.391304347826086,11.304347826086957
E00062927,139,41,23,18,98,76,22,29.496402877697843,16.546762589928058,12.949640287769784,70.50359712230215,54.67625899280576,15.827338129496402
E00062928,93,18,4,14,75,66,9,19.35483870967742,4.301075268817205,15.053763440860216,80.64516129032258,70.96774193548387,9.67741935483871
E00062929,136,44,13,31,92,70,22,32.35294117647059,9.558823529411764,22.794117647058822,67.64705882352942,51.470588235294116,16.176470588235293
E00062930,138,43,10,33,95,85,10,31.15942028985507,7.246376811594203,23.91304347826087,68.84057971014492,61.59420289855072,7.246376811594203
E00062932,144,33,10,23,111,94,17,22.916666666666664,6.944444444444445,15.972222222222221,77.08333333333334,65.27777777777779,11.805555555555555
E00062934,121,45,11,34,76,69,7,37.1900826446281,9.090909090909092,28.09917355371901,62.8099173553719,57.02479338842975,5.785123966942149
E00062935,119,42,8,34,77,66,11,35.294117647058826,6.722689075630252,28.57142857142857,64.70588235294117,55.46218487394958,9.243697478991598
E00062936,147,50,13,37,97,87,10,34.01360544217687,8.843537414965986,25.170068027210885,65.98639455782312,59.183673469387756,6.802721088435375
E00062937,73,27,14,13,46,39,7,36.986301369863014,19.17808219178082,17.80821917808219,63.013698630136986,53.42465753424658,9.58904109589041
E00062939,132,37,12,25,95,84,11,28.030303030303028,9.090909090909092,18.939393939393938,71.96969696969697,63.63636363636363,8.333333333333332
E00062940,179,39,8,31,140,125,15,21.787709497206702,4.4692737430167595,17.318435754189945,78.2122905027933,69.83240223463687,8.379888268156424
E00062941,150,37,9,28,113,102,11,24.666666666666668,6,18.666666666666668,75.33333333333333,68,7.333333333333333
E00062942,171,45,11,34,126,114,12,26.31578947368421,6.432748538011696,19.883040935672515,73.68421052631578,66.66666666666666,7.017543859649122
E00062943,75,22,8,14,53,48,5,29.333333333333332,10.666666666666668,18.666666666666668,70.66666666666667,64,6.666666666666667
E00062944,150,35,16,19,115,106,9,23.333333333333332,10.666666666666668,12.666666666666668,76.66666666666667,70.66666666666667,6
E00062945,140,39,7,32,101,91,10,27.857142857142858,5,22.857142857142858,72.14285714285714,65,7.142857142857142
E00062946,96,19,8,11,77,76,1,19.791666666666664,8.333333333333332,11.458333333333332,80.20833333333334,79.16666666666666,1.0416666666666665
E00062947,150,27,10,17,123,115,8,18,6.666666666666667,11.333333333333332,82,76.66666666666667,5.333333333333334
E00062948,130,41,8,33,89,79,10,31.538461538461537,6.153846153846154,25.384615384615383,68.46153846153847,60.76923076923077,7.6923076923076925
E00062949,136,36,10,26,100,91,9,26.47058823529412,7.352941176470589,19.11764705882353,73.52941176470588,66.91176470588235,6.61764705882353
E00062950,177,34,13,21,143,132,11,19.2090395480226,7.344632768361582,11.864406779661017,80.7909604519774,74.57627118644068,6.214689265536723
E00062951,79,19,9,10,60,53,7,24.050632911392405,11.39240506329114,12.658227848101266,75.9493670886076,67.08860759493672,8.860759493670885
E00062952,166,65,21,44,101,91,10,39.1566265060241,12.650602409638553,26.506024096385545,60.8433734939759,54.81927710843374,6.024096385542169
E00062953,88,31,10,21,57,53,4,35.22727272727273,11.363636363636363,23.863636363636363,64.77272727272727,60.22727272727273,4.545454545454546
E00062954,153,39,10,29,114,99,15,25.49019607843137,6.535947712418301,18.954248366013072,74.50980392156863,64.70588235294117,9.803921568627452
E00062955,173,43,14,29,130,115,15,24.85549132947977,8.092485549132949,16.76300578034682,75.14450867052022,66.47398843930635,8.670520231213873
E00062956,100,19,5,14,81,75,6,19,5,14.000000000000002,81,75,6
E00062957,106,31,7,24,75,63,12,29.245283018867923,6.60377358490566,22.641509433962266,70.75471698113208,59.43396226415094,11.320754716981133
E00062960,195,46,15,31,149,134,15,23.589743589743588,7.6923076923076925,15.897435897435896,76.41025641025641,68.71794871794872,7.6923076923076925
E00062961,136,46,16,30,90,83,7,33.82352941176471,11.76470588235294,22.058823529411764,66.17647058823529,61.029411764705884,5.147058823529411
E00062962,78,27,10,17,51,50,1,34.61538461538461,12.82051282051282,21.794871794871796,65.38461538461539,64.1025641025641,1.282051282051282
E00062963,193,62,18,44,131,121,10,32.12435233160622,9.32642487046632,22.797927461139896,67.87564766839378,62.69430051813472,5.181347150259067
E00062964,133,33,12,21,100,91,9,24.81203007518797,9.022556390977442,15.789473684210526,75.18796992481202,68.42105263157895,6.7669172932330826
E00062965,143,35,13,22,108,94,14,24.475524475524477,9.090909090909092,15.384615384615385,75.52447552447552,65.73426573426573,9.79020979020979
E00062967,148,35,11,24,113,102,11,23.64864864864865,7.4324324324324325,16.216216216216218,76.35135135135135,68.91891891891892,7.4324324324324325
E00062968,129,39,11,28,90,85,5,30.23255813953488,8.527131782945736,21.705426356589147,69.76744186046511,65.89147286821705,3.875968992248062
E00062969,172,32,10,22,140,121,19,18.6046511627907,5.813953488372093,12.790697674418606,81.3953488372093,70.34883720930233,11.046511627906977
E00062970,156,47,12,35,109,104,5,30.128205128205128,7.6923076923076925,22.435897435897438,69.87179487179486,66.66666666666666,3.205128205128205
E00062971,156,41,18,23,115,103,12,26.282051282051285,11.538461538461538,14.743589743589745,73.71794871794873,66.02564102564102,7.6923076923076925
E00062972,161,41,12,29,120,106,14,25.465838509316768,7.453416149068323,18.012422360248447,74.53416149068323,65.83850931677019,8.695652173913043
E00062973,78,23,13,10,55,45,10,29.48717948717949,16.666666666666664,12.82051282051282,70.51282051282051,57.692307692307686,12.82051282051282
E00062975,99,27,15,12,72,55,17,27.27272727272727,15.151515151515152,12.121212121212121,72.72727272727273,55.55555555555556,17.17171717171717
E00062976,152,49,15,34,103,86,17,32.23684210526316,9.868421052631579,22.36842105263158,67.76315789473685,56.57894736842105,11.18421052631579
E00062977,141,43,20,23,98,87,11,30.49645390070922,14.184397163120568,16.312056737588655,69.50354609929079,61.702127659574465,7.801418439716312
E00062978,157,43,11,32,114,92,22,27.388535031847134,7.006369426751593,20.382165605095544,72.61146496815286,58.59872611464968,14.012738853503185
E00062979,331,80,25,55,251,200,51,24.169184290030213,7.552870090634441,16.61631419939577,75.83081570996978,60.42296072507553,15.407854984894259
E00062980,94,35,8,27,59,50,9,37.234042553191486,8.51063829787234,28.723404255319153,62.76595744680851,53.191489361702125,9.574468085106384
E00062981,213,63,16,47,150,129,21,29.577464788732392,7.511737089201878,22.065727699530516,70.4225352112676,60.56338028169014,9.859154929577464
E00062982,172,54,30,24,118,92,26,31.3953488372093,17.441860465116278,13.953488372093023,68.6046511627907,53.48837209302325,15.11627906976744
E00062983,112,39,13,26,73,64,9,34.82142857142857,11.607142857142858,23.214285714285715,65.17857142857143,57.14285714285714,8.035714285714286
E00062984,190,51,9,42,139,120,19,26.842105263157894,4.736842105263158,22.105263157894736,73.15789473684211,63.1578947368421,10
E00062985,98,28,12,16,70,64,6,28.57142857142857,12.244897959183673,16.3265306122449,71.42857142857143,65.3061224489796,6.122448979591836
E00062986,189,54,18,36,135,114,21,28.57142857142857,9.523809523809524,19.047619047619047,71.42857142857143,60.317460317460316,11.11111111111111
E00062987,127,42,16,26,85,72,13,33.07086614173229,12.598425196850393,20.47244094488189,66.92913385826772,56.69291338582677,10.236220472440944
E00062988,131,26,8,18,105,88,17,19.84732824427481,6.106870229007633,13.740458015267176,80.1526717557252,67.17557251908397,12.977099236641221
E00062989,160,40,15,25,120,101,19,25,9.375,15.625,75,63.125,11.875
E00062990,164,54,20,34,110,94,16,32.926829268292686,12.195121951219512,20.73170731707317,67.07317073170732,57.3170731707317,9.75609756097561
E00062991,132,30,8,22,102,93,9,22.727272727272727,6.0606060606060606,16.666666666666664,77.27272727272727,70.45454545454545,6.8181818181818175
E00062992,177,43,18,25,134,120,14,24.293785310734464,10.16949152542373,14.124293785310735,75.70621468926554,67.79661016949152,7.909604519774012
E00062993,82,19,5,14,63,55,8,23.170731707317074,6.097560975609756,17.073170731707318,76.82926829268293,67.07317073170732,9.75609756097561
E00062994,169,45,14,31,124,107,17,26.627218934911244,8.284023668639055,18.34319526627219,73.37278106508876,63.31360946745562,10.059171597633137
E00062995,155,34,14,20,121,111,10,21.935483870967744,9.032258064516128,12.903225806451612,78.06451612903226,71.61290322580646,6.451612903225806
E00062996,183,50,20,30,133,104,29,27.322404371584703,10.92896174863388,16.39344262295082,72.6775956284153,56.830601092896174,15.846994535519126
E00062997,113,28,7,21,85,70,15,24.778761061946902,6.1946902654867255,18.58407079646018,75.22123893805309,61.94690265486725,13.274336283185843
E00062998,153,40,10,30,113,87,26,26.143790849673206,6.535947712418301,19.607843137254903,73.8562091503268,56.86274509803921,16.99346405228758
E00062999,151,41,13,28,110,97,13,27.1523178807947,8.609271523178808,18.543046357615893,72.84768211920529,64.23841059602648,8.609271523178808
E00063000,133,33,9,24,100,88,12,24.81203007518797,6.7669172932330826,18.045112781954884,75.18796992481202,66.16541353383458,9.022556390977442
E00063001,125,31,10,21,94,84,10,24.8,8,16.8,75.2,67.2,8
E00063002,129,28,10,18,101,93,8,21.705426356589147,7.751937984496124,13.953488372093023,78.29457364341084,72.09302325581395,6.2015503875969
E00063003,40,13,2,11,27,24,3,32.5,5,27.500000000000004,67.5,60,7.5
E00063004,118,47,12,35,71,61,10,39.83050847457627,10.16949152542373,29.66101694915254,60.16949152542372,51.69491525423729,8.47457627118644
E00063005,166,47,13,34,119,104,15,28.313253012048197,7.83132530120482,20.481927710843372,71.6867469879518,62.65060240963856,9.036144578313253
E00063006,162,55,19,36,107,98,9,33.95061728395062,11.728395061728394,22.22222222222222,66.0493827160494,60.49382716049383,5.555555555555555
E00063007,260,65,27,38,195,177,18,25,10.384615384615385,14.615384615384617,75,68.07692307692308,6.923076923076923
E00063008,236,49,12,37,187,166,21,20.76271186440678,5.084745762711865,15.677966101694915,79.23728813559322,70.33898305084746,8.898305084745763
E00063009,150,32,13,19,118,105,13,21.333333333333336,8.666666666666668,12.666666666666668,78.66666666666666,70,8.666666666666668
E00063010,173,37,10,27,136,122,14,21.38728323699422,5.780346820809249,15.606936416184972,78.61271676300578,70.52023121387283,8.092485549132949
E00063011,191,48,13,35,143,124,19,25.13089005235602,6.806282722513089,18.32460732984293,74.86910994764398,64.92146596858639,9.947643979057592
E00063012,308,64,23,41,244,214,30,20.77922077922078,7.467532467532467,13.311688311688311,79.22077922077922,69.48051948051948,9.740259740259742
E00063013,112,28,8,20,84,75,9,25,7.142857142857142,17.857142857142858,75,66.96428571428571,8.035714285714286
E00063014,147,51,11,40,96,83,13,34.69387755102041,7.482993197278912,27.2108843537415,65.3061224489796,56.4625850340136,8.843537414965986
E00063015,179,43,13,30,136,118,18,24.022346368715084,7.262569832402235,16.75977653631285,75.97765363128491,65.92178770949721,10.05586592178771
E00063016,180,49,15,34,131,113,18,27.22222222222222,8.333333333333332,18.88888888888889,72.77777777777777,62.77777777777778,10
E00063017,128,41,20,21,87,76,11,32.03125,15.625,16.40625,67.96875,59.375,8.59375
E00063018,151,36,9,27,115,105,10,23.841059602649008,5.960264900662252,17.880794701986755,76.15894039735099,69.5364238410596,6.622516556291391
E00063019,125,28,6,22,97,87,10,22.400000000000002,4.8,17.599999999999998,77.60000000000001,69.6,8
E00063020,176,43,13,30,133,120,13,24.431818181818183,7.386363636363637,17.045454545454543,75.56818181818183,68.18181818181817,7.386363636363637
E00063021,221,52,20,32,169,139,30,23.52941176470588,9.049773755656108,14.479638009049776,76.47058823529412,62.89592760180995,13.574660633484163
E00063022,217,56,18,38,161,145,16,25.806451612903224,8.294930875576037,17.51152073732719,74.19354838709677,66.82027649769586,7.373271889400922
E00063023,161,37,7,30,124,110,14,22.981366459627328,4.3478260869565215,18.633540372670808,77.01863354037268,68.32298136645963,8.695652173913043
E00063024,157,53,20,33,104,91,13,33.75796178343949,12.738853503184714,21.019108280254777,66.2420382165605,57.961783439490446,8.280254777070063
E00063025,123,32,5,27,91,80,11,26.01626016260163,4.0650406504065035,21.951219512195124,73.98373983739837,65.04065040650406,8.94308943089431
E00063026,160,34,7,27,126,119,7,21.25,4.375,16.875,78.75,74.375,4.375
E00063027,135,46,13,33,89,76,13,34.074074074074076,9.62962962962963,24.444444444444443,65.92592592592592,56.2962962962963,9.62962962962963
E00063028,172,46,14,32,126,112,14,26.744186046511626,8.13953488372093,18.6046511627907,73.25581395348837,65.11627906976744,8.13953488372093
E00063029,100,20,3,17,80,78,2,20,3,17,80,78,2
E00063030,143,30,8,22,113,100,13,20.97902097902098,5.594405594405594,15.384615384615385,79.02097902097903,69.93006993006993,9.090909090909092
E00063031,155,45,9,36,110,95,15,29.03225806451613,5.806451612903226,23.225806451612904,70.96774193548387,61.29032258064516,9.67741935483871
E00063032,141,39,16,23,102,90,12,27.659574468085108,11.347517730496454,16.312056737588655,72.3404255319149,63.829787234042556,8.51063829787234
E00063033,179,45,12,33,134,115,19,25.139664804469277,6.70391061452514,18.435754189944134,74.86033519553072,64.24581005586593,10.614525139664805
E00063034,121,24,5,19,97,88,9,19.834710743801654,4.132231404958678,15.702479338842975,80.16528925619835,72.72727272727273,7.43801652892562
E00063035,310,58,16,42,252,223,29,18.70967741935484,5.161290322580645,13.548387096774196,81.29032258064515,71.93548387096774,9.35483870967742
E00063036,137,35,17,18,102,89,13,25.547445255474454,12.408759124087592,13.138686131386862,74.45255474452554,64.96350364963503,9.48905109489051
E00063037,167,46,12,34,121,105,16,27.54491017964072,7.18562874251497,20.359281437125748,72.45508982035929,62.874251497005986,9.580838323353294
E00063038,125,37,13,24,88,73,15,29.599999999999998,10.4,19.2,70.39999999999999,58.4,12
E00063039,104,34,8,26,70,64,6,32.69230769230769,7.6923076923076925,25,67.3076923076923,61.53846153846154,5.769230769230769
E00063041,137,50,17,33,87,73,14,36.496350364963504,12.408759124087592,24.087591240875913,63.503649635036496,53.284671532846716,10.218978102189782
E00063042,157,51,21,30,106,94,12,32.48407643312102,13.375796178343949,19.10828025477707,67.51592356687898,59.87261146496815,7.643312101910828
E00063043,161,58,18,40,103,95,8,36.024844720496894,11.180124223602485,24.84472049689441,63.975155279503106,59.006211180124225,4.968944099378882
E00063044,208,59,17,42,149,132,17,28.365384615384613,8.173076923076923,20.192307692307693,71.63461538461539,63.46153846153846,8.173076923076923
E00063045,120,39,10,29,81,68,13,32.5,8.333333333333332,24.166666666666668,67.5,56.666666666666664,10.833333333333334
E00063046,138,46,14,32,92,81,11,33.33333333333333,10.144927536231885,23.18840579710145,66.66666666666666,58.69565217391305,7.971014492753622
E00063047,141,39,12,27,102,91,11,27.659574468085108,8.51063829787234,19.148936170212767,72.3404255319149,64.53900709219859,7.801418439716312
E00063048,147,36,13,23,111,104,7,24.489795918367346,8.843537414965986,15.646258503401361,75.51020408163265,70.74829931972789,4.761904761904762
E00063049,145,47,17,30,98,87,11,32.41379310344827,11.724137931034482,20.689655172413794,67.58620689655173,60,7.586206896551724
E00063050,128,35,7,28,93,78,15,27.34375,5.46875,21.875,72.65625,60.9375,11.71875
E00063051,163,51,18,33,112,82,30,31.28834355828221,11.042944785276074,20.245398773006134,68.71165644171779,50.306748466257666,18.404907975460123
E00063053,138,31,12,19,107,86,21,22.463768115942027,8.695652173913043,13.768115942028986,77.53623188405797,62.31884057971014,15.217391304347828
E00063054,161,50,16,34,111,88,23,31.05590062111801,9.937888198757763,21.11801242236025,68.94409937888199,54.6583850931677,14.285714285714285
E00063055,116,31,11,20,85,66,19,26.72413793103448,9.482758620689655,17.24137931034483,73.27586206896551,56.896551724137936,16.379310344827587
E00063056,194,45,25,20,149,111,38,23.195876288659793,12.886597938144329,10.309278350515463,76.80412371134021,57.21649484536082,19.587628865979383
E00063057,162,31,9,22,131,115,16,19.1358024691358,5.555555555555555,13.580246913580247,80.8641975308642,70.98765432098766,9.876543209876543
E00063058,161,46,18,28,115,100,15,28.57142857142857,11.180124223602485,17.391304347826086,71.42857142857143,62.11180124223602,9.316770186335404
E00063059,165,44,19,25,121,96,25,26.666666666666668,11.515151515151516,15.151515151515152,73.33333333333333,58.18181818181818,15.151515151515152
E00063060,185,43,14,29,142,130,12,23.243243243243246,7.567567567567568,15.675675675675677,76.75675675675676,70.27027027027027,6.486486486486487
E00063061,127,34,8,26,93,81,12,26.77165354330709,6.299212598425196,20.47244094488189,73.22834645669292,63.77952755905512,9.448818897637794
E00063062,174,61,21,40,113,104,9,35.05747126436782,12.068965517241379,22.988505747126435,64.9425287356322,59.77011494252874,5.172413793103448
E00063063,107,30,13,17,77,70,7,28.037383177570092,12.149532710280374,15.887850467289718,71.96261682242991,65.42056074766354,6.5420560747663545
E00063064,140,47,19,28,93,83,10,33.57142857142857,13.571428571428571,20,66.42857142857143,59.285714285714285,7.142857142857142
E00063068,227,64,30,34,163,137,26,28.193832599118945,13.215859030837004,14.977973568281937,71.80616740088107,60.352422907488986,11.45374449339207
E00063070,146,41,10,31,105,89,16,28.08219178082192,6.8493150684931505,21.232876712328768,71.91780821917808,60.95890410958904,10.95890410958904
E00063071,147,44,19,25,103,91,12,29.931972789115648,12.925170068027212,17.006802721088434,70.06802721088435,61.904761904761905,8.16326530612245
E00063072,156,54,22,32,102,92,10,34.61538461538461,14.102564102564102,20.51282051282051,65.38461538461539,58.97435897435898,6.41025641025641
E00063073,86,28,14,14,58,53,5,32.55813953488372,16.27906976744186,16.27906976744186,67.44186046511628,61.627906976744185,5.813953488372093
E00063074,78,14,2,12,64,53,11,17.94871794871795,2.564102564102564,15.384615384615385,82.05128205128204,67.94871794871796,14.102564102564102
E00063075,119,32,9,23,87,77,10,26.89075630252101,7.563025210084033,19.327731092436977,73.10924369747899,64.70588235294117,8.403361344537815
E00063076,105,38,13,25,67,55,12,36.19047619047619,12.380952380952381,23.809523809523807,63.8095238095238,52.38095238095239,11.428571428571429
E00063077,147,43,7,36,104,92,12,29.25170068027211,4.761904761904762,24.489795918367346,70.74829931972789,62.585034013605444,8.16326530612245
E00063078,160,41,13,28,119,104,15,25.624999999999996,8.125,17.5,74.375,65,9.375
E00063079,115,36,8,28,79,73,6,31.30434782608696,6.956521739130435,24.347826086956523,68.69565217391305,63.47826086956522,5.217391304347826
E00063080,194,44,19,25,150,125,25,22.68041237113402,9.793814432989691,12.886597938144329,77.31958762886599,64.43298969072166,12.886597938144329
E00063081,235,57,21,36,178,160,18,24.25531914893617,8.936170212765958,15.319148936170212,75.74468085106383,68.08510638297872,7.659574468085106
E00063082,129,41,8,33,88,80,8,31.782945736434108,6.2015503875969,25.581395348837212,68.21705426356588,62.01550387596899,6.2015503875969
E00063083,129,37,12,25,92,81,11,28.68217054263566,9.30232558139535,19.379844961240313,71.31782945736434,62.7906976744186,8.527131782945736
E00063084,233,55,16,39,178,146,32,23.605150214592275,6.866952789699571,16.738197424892704,76.39484978540773,62.66094420600859,13.733905579399142
E00063085,280,67,23,44,213,196,17,23.92857142857143,8.214285714285714,15.714285714285714,76.07142857142857,70,6.071428571428571
E00063086,122,43,15,28,79,66,13,35.24590163934426,12.295081967213115,22.950819672131146,64.75409836065575,54.09836065573771,10.655737704918032
E00063087,41,12,6,6,29,26,3,29.268292682926827,14.634146341463413,14.634146341463413,70.73170731707317,63.41463414634146,7.317073170731707
E00063088,143,34,13,21,109,94,15,23.776223776223777,9.090909090909092,14.685314685314685,76.22377622377621,65.73426573426573,10.48951048951049
E00063089,136,39,10,29,97,87,10,28.676470588235293,7.352941176470589,21.323529411764707,71.32352941176471,63.970588235294116,7.352941176470589
E00063091,161,36,10,26,125,112,13,22.36024844720497,6.211180124223603,16.149068322981368,77.63975155279503,69.56521739130434,8.074534161490684
E00063092,193,54,16,38,139,131,8,27.979274611398964,8.290155440414509,19.689119170984455,72.02072538860104,67.87564766839378,4.145077720207254
E00063093,167,46,19,27,121,105,16,27.54491017964072,11.377245508982035,16.16766467065868,72.45508982035929,62.874251497005986,9.580838323353294
E00063094,226,52,11,41,174,152,22,23.008849557522122,4.867256637168142,18.141592920353983,76.99115044247787,67.2566371681416,9.734513274336283
E00063095,145,35,14,21,110,97,13,24.137931034482758,9.655172413793103,14.482758620689657,75.86206896551724,66.89655172413794,8.96551724137931
E00063096,157,36,10,26,121,111,10,22.929936305732486,6.369426751592357,16.560509554140125,77.07006369426752,70.70063694267516,6.369426751592357
E00063097,141,35,9,26,106,95,11,24.822695035460992,6.382978723404255,18.439716312056735,75.177304964539,67.37588652482269,7.801418439716312
E00063098,171,51,16,35,120,104,16,29.82456140350877,9.35672514619883,20.46783625730994,70.17543859649122,60.81871345029239,9.35672514619883
E00063099,191,49,16,33,142,127,15,25.654450261780106,8.37696335078534,17.277486910994764,74.3455497382199,66.49214659685863,7.853403141361256
E00063100,160,44,15,29,116,105,11,27.500000000000004,9.375,18.125,72.5,65.625,6.875000000000001
E00063101,135,30,15,15,105,92,13,22.22222222222222,11.11111111111111,11.11111111111111,77.77777777777779,68.14814814814815,9.62962962962963
E00063102,78,17,6,11,61,59,2,21.794871794871796,7.6923076923076925,14.102564102564102,78.2051282051282,75.64102564102564,2.564102564102564
E00063104,145,33,6,27,112,95,17,22.758620689655174,4.137931034482759,18.620689655172416,77.24137931034483,65.51724137931035,11.724137931034482
E00063105,108,28,11,17,80,72,8,25.925925925925924,10.185185185185185,15.74074074074074,74.07407407407408,66.66666666666666,7.4074074074074066
E00063106,56,18,4,14,38,33,5,32.142857142857146,7.142857142857142,25,67.85714285714286,58.92857142857143,8.928571428571429
E00063107,133,39,8,31,94,88,6,29.32330827067669,6.015037593984962,23.308270676691727,70.67669172932331,66.16541353383458,4.511278195488721
E00063108,90,23,6,17,67,57,10,25.555555555555554,6.666666666666667,18.88888888888889,74.44444444444444,63.33333333333333,11.11111111111111
E00063110,55,18,8,10,37,36,1,32.72727272727273,14.545454545454545,18.181818181818183,67.27272727272727,65.45454545454545,1.8181818181818181
E00063111,127,52,27,25,75,63,12,40.94488188976378,21.25984251968504,19.68503937007874,59.055118110236215,49.60629921259843,9.448818897637794
E00063113,228,65,20,45,163,127,36,28.50877192982456,8.771929824561402,19.736842105263158,71.49122807017544,55.70175438596491,15.789473684210526
E00063114,182,49,18,31,133,120,13,26.923076923076923,9.89010989010989,17.032967032967033,73.07692307692307,65.93406593406593,7.142857142857142
E00063115,138,31,8,23,107,95,12,22.463768115942027,5.797101449275362,16.666666666666664,77.53623188405797,68.84057971014492,8.695652173913043
E00063116,165,48,15,33,117,97,20,29.09090909090909,9.090909090909092,20,70.9090909090909,58.78787878787879,12.121212121212121
E00063117,128,31,7,24,97,83,14,24.21875,5.46875,18.75,75.78125,64.84375,10.9375
E00063118,114,37,17,20,77,61,16,32.45614035087719,14.912280701754385,17.543859649122805,67.54385964912281,53.50877192982456,14.035087719298245
E00063119,182,50,22,28,132,111,21,27.472527472527474,12.087912087912088,15.384615384615385,72.52747252747253,60.98901098901099,11.538461538461538
E00063120,160,55,15,40,105,87,18,34.375,9.375,25,65.625,54.37499999999999,11.25
E00063121,101,31,10,21,70,55,15,30.693069306930692,9.900990099009901,20.792079207920793,69.3069306930693,54.45544554455446,14.85148514851485
E00063122,165,58,21,37,107,93,14,35.15151515151515,12.727272727272727,22.424242424242426,64.84848484848484,56.36363636363636,8.484848484848486
E00063123,162,49,17,32,113,81,32,30.246913580246915,10.493827160493826,19.753086419753085,69.75308641975309,50,19.753086419753085
E00063125,110,33,14,19,77,65,12,30,12.727272727272727,17.272727272727273,70,59.09090909090909,10.909090909090908
E00063126,71,23,7,16,48,44,4,32.3943661971831,9.859154929577464,22.535211267605636,67.6056338028169,61.97183098591549,5.633802816901409
E00063127,122,28,11,17,94,73,21,22.950819672131146,9.01639344262295,13.934426229508196,77.04918032786885,59.83606557377049,17.21311475409836
E00063128,92,26,8,18,66,56,10,28.26086956521739,8.695652173913043,19.565217391304348,71.73913043478261,60.86956521739131,10.869565217391305
E00063129,133,36,5,31,97,77,20,27.06766917293233,3.7593984962406015,23.308270676691727,72.93233082706767,57.89473684210527,15.037593984962406
E00063130,98,27,5,22,71,63,8,27.55102040816326,5.1020408163265305,22.448979591836736,72.44897959183673,64.28571428571429,8.16326530612245
E00063131,194,65,25,40,129,96,33,33.50515463917525,12.886597938144329,20.618556701030926,66.49484536082474,49.48453608247423,17.010309278350515
E00063132,140,45,10,35,95,81,14,32.142857142857146,7.142857142857142,25,67.85714285714286,57.85714285714286,10
E00063133,174,53,23,30,121,95,26,30.45977011494253,13.218390804597702,17.24137931034483,69.54022988505747,54.59770114942529,14.942528735632186
E00063134,248,69,23,46,179,144,35,27.82258064516129,9.274193548387096,18.548387096774192,72.17741935483872,58.06451612903226,14.112903225806454
E00063135,243,77,26,51,166,136,30,31.68724279835391,10.699588477366255,20.98765432098765,68.3127572016461,55.96707818930041,12.345679012345679
E00063136,115,34,18,16,81,68,13,29.565217391304348,15.65217391304348,13.91304347826087,70.43478260869566,59.130434782608695,11.304347826086957
E00063137,158,38,6,32,120,101,19,24.050632911392405,3.79746835443038,20.253164556962027,75.9493670886076,63.92405063291139,12.025316455696203
E00063138,134,36,15,21,98,91,7,26.865671641791046,11.194029850746269,15.671641791044777,73.13432835820896,67.91044776119402,5.223880597014925
E00063139,253,77,29,48,176,125,51,30.434782608695656,11.462450592885375,18.972332015810274,69.56521739130434,49.40711462450593,20.158102766798418
E00063140,129,46,21,25,83,70,13,35.65891472868217,16.27906976744186,19.379844961240313,64.34108527131784,54.263565891472865,10.077519379844961
E00063141,181,70,26,44,111,84,27,38.67403314917127,14.3646408839779,24.30939226519337,61.32596685082873,46.408839779005525,14.917127071823206
E00063142,205,55,17,38,150,116,34,26.82926829268293,8.292682926829269,18.536585365853657,73.17073170731707,56.58536585365853,16.585365853658537
E00063143,182,41,15,26,141,107,34,22.52747252747253,8.241758241758241,14.285714285714285,77.47252747252747,58.791208791208796,18.681318681318682
E00063144,190,59,22,37,131,112,19,31.05263157894737,11.578947368421053,19.473684210526315,68.94736842105263,58.94736842105262,10
E00063145,142,55,15,40,87,75,12,38.732394366197184,10.56338028169014,28.169014084507044,61.267605633802816,52.816901408450704,8.450704225352112
E00063146,155,44,9,35,111,97,14,28.387096774193548,5.806451612903226,22.58064516129032,71.61290322580646,62.58064516129033,9.032258064516128
E00063147,163,43,10,33,120,105,15,26.380368098159508,6.134969325153374,20.245398773006134,73.61963190184049,64.41717791411043,9.202453987730062
E00063148,164,51,19,32,113,99,14,31.097560975609756,11.585365853658537,19.51219512195122,68.90243902439023,60.36585365853659,8.536585365853659
E00063149,161,50,14,36,111,101,10,31.05590062111801,8.695652173913043,22.36024844720497,68.94409937888199,62.732919254658384,6.211180124223603
E00063150,140,37,11,26,103,94,9,26.42857142857143,7.857142857142857,18.571428571428573,73.57142857142858,67.14285714285714,6.428571428571428
E00063151,97,38,7,31,59,58,1,39.175257731958766,7.216494845360824,31.958762886597935,60.824742268041234,59.79381443298969,1.0309278350515463
E00063152,163,50,20,30,113,101,12,30.67484662576687,12.269938650306749,18.404907975460123,69.32515337423312,61.963190184049076,7.361963190184049
E00063153,146,49,16,33,97,87,10,33.56164383561644,10.95890410958904,22.602739726027394,66.43835616438356,59.589041095890416,6.8493150684931505
E00063154,161,53,10,43,108,102,6,32.91925465838509,6.211180124223603,26.70807453416149,67.08074534161491,63.35403726708074,3.7267080745341614
E00063155,140,53,14,39,87,77,10,37.857142857142854,10,27.857142857142858,62.142857142857146,55.00000000000001,7.142857142857142
E00063156,153,42,12,30,111,105,6,27.450980392156865,7.8431372549019605,19.607843137254903,72.54901960784314,68.62745098039215,3.9215686274509802
E00063157,181,39,11,28,142,125,17,21.54696132596685,6.077348066298343,15.469613259668508,78.45303867403315,69.06077348066299,9.392265193370166
E00063158,174,54,15,39,120,111,9,31.03448275862069,8.620689655172415,22.413793103448278,68.96551724137932,63.793103448275865,5.172413793103448
E00063159,176,56,14,42,120,111,9,31.818181818181817,7.954545454545454,23.863636363636363,68.18181818181817,63.06818181818182,5.113636363636364
E00063160,157,38,11,27,119,107,12,24.203821656050955,7.006369426751593,17.197452229299362,75.79617834394905,68.15286624203821,7.643312101910828
E00063161,160,33,12,21,127,116,11,20.625,7.5,13.125,79.375,72.5,6.875000000000001
E00063162,143,30,13,17,113,100,13,20.97902097902098,9.090909090909092,11.888111888111888,79.02097902097903,69.93006993006993,9.090909090909092
E00063163,147,30,10,20,117,105,12,20.408163265306122,6.802721088435375,13.60544217687075,79.59183673469387,71.42857142857143,8.16326530612245
E00063164,179,42,12,30,137,123,14,23.463687150837988,6.70391061452514,16.75977653631285,76.53631284916202,68.71508379888269,7.82122905027933
E00063165,111,35,9,26,76,62,14,31.53153153153153,8.108108108108109,23.423423423423422,68.46846846846847,55.85585585585585,12.612612612612612
E00063166,161,53,14,39,108,95,13,32.91925465838509,8.695652173913043,24.22360248447205,67.08074534161491,59.006211180124225,8.074534161490684
E00063167,126,35,10,25,91,79,12,27.77777777777778,7.936507936507936,19.841269841269842,72.22222222222221,62.698412698412696,9.523809523809524
E00063168,147,44,13,31,103,90,13,29.931972789115648,8.843537414965986,21.08843537414966,70.06802721088435,61.224489795918366,8.843537414965986
E00063169,137,38,14,24,99,93,6,27.73722627737226,10.218978102189782,17.51824817518248,72.26277372262774,67.88321167883211,4.37956204379562
E00063170,143,37,12,25,106,93,13,25.874125874125873,8.391608391608392,17.482517482517483,74.12587412587412,65.03496503496503,9.090909090909092
E00063171,110,24,8,16,86,75,11,21.818181818181817,7.2727272727272725,14.545454545454545,78.18181818181819,68.18181818181817,10
E00063172,137,47,18,29,90,81,9,34.306569343065696,13.138686131386862,21.16788321167883,65.69343065693431,59.12408759124088,6.569343065693431
E00063173,149,46,13,33,103,92,11,30.87248322147651,8.724832214765101,22.14765100671141,69.12751677852349,61.74496644295302,7.38255033557047
E00063174,103,26,9,17,77,63,14,25.24271844660194,8.737864077669903,16.50485436893204,74.75728155339806,61.165048543689316,13.592233009708737
E00063175,162,57,15,42,105,94,11,35.18518518518518,9.25925925925926,25.925925925925924,64.81481481481481,58.0246913580247,6.790123456790123
E00063176,76,18,7,11,58,48,10,23.684210526315788,9.210526315789473,14.473684210526317,76.31578947368422,63.1578947368421,13.157894736842104
E00063177,130,36,13,23,94,80,14,27.692307692307693,10,17.692307692307693,72.3076923076923,61.53846153846154,10.76923076923077
E00063178,133,25,7,18,108,93,15,18.796992481203006,5.263157894736842,13.533834586466165,81.203007518797,69.92481203007519,11.278195488721805
E00063179,181,51,12,39,130,125,5,28.176795580110497,6.629834254143646,21.54696132596685,71.8232044198895,69.06077348066299,2.7624309392265194
E00063180,132,33,10,23,99,89,10,25,7.575757575757576,17.424242424242426,75,67.42424242424242,7.575757575757576
E00063181,64,21,9,12,43,35,8,32.8125,14.0625,18.75,67.1875,54.6875,12.5
E00063182,119,25,7,18,94,84,10,21.008403361344538,5.88235294117647,15.126050420168067,78.99159663865547,70.58823529411765,8.403361344537815
E00063183,143,35,9,26,108,94,14,24.475524475524477,6.293706293706294,18.181818181818183,75.52447552447552,65.73426573426573,9.79020979020979
E00063184,142,30,16,14,112,94,18,21.12676056338028,11.267605633802818,9.859154929577464,78.87323943661971,66.19718309859155,12.676056338028168
E00063185,172,38,13,25,134,113,21,22.093023255813954,7.55813953488372,14.534883720930234,77.90697674418605,65.69767441860465,12.209302325581394
E00063186,113,31,10,21,82,72,10,27.43362831858407,8.849557522123893,18.58407079646018,72.56637168141593,63.716814159292035,8.849557522123893
E00063187,94,32,9,23,62,58,4,34.04255319148936,9.574468085106384,24.46808510638298,65.95744680851064,61.702127659574465,4.25531914893617
E00063188,192,61,20,41,131,116,15,31.770833333333332,10.416666666666668,21.354166666666664,68.22916666666666,60.416666666666664,7.8125
E00063189,128,39,11,28,89,79,10,30.46875,8.59375,21.875,69.53125,61.71875,7.8125
E00063190,166,46,19,27,120,105,15,27.710843373493976,11.44578313253012,16.265060240963855,72.28915662650603,63.25301204819277,9.036144578313253
E00063191,203,48,18,30,155,133,22,23.645320197044335,8.866995073891626,14.77832512315271,76.35467980295566,65.51724137931035,10.83743842364532
E00063192,169,56,16,40,113,95,18,33.13609467455622,9.467455621301776,23.668639053254438,66.86390532544378,56.213017751479285,10.650887573964498
E00063193,63,23,11,12,40,38,2,36.507936507936506,17.46031746031746,19.047619047619047,63.49206349206349,60.317460317460316,3.1746031746031744
E00063194,107,21,8,13,86,81,5,19.626168224299064,7.476635514018691,12.149532710280374,80.37383177570094,75.70093457943925,4.672897196261682
E00063195,119,30,9,21,89,75,14,25.210084033613445,7.563025210084033,17.647058823529413,74.78991596638656,63.02521008403361,11.76470588235294
E00063196,95,25,10,15,70,63,7,26.31578947368421,10.526315789473683,15.789473684210526,73.68421052631578,66.3157894736842,7.368421052631578
E00063197,111,33,14,19,78,69,9,29.72972972972973,12.612612612612612,17.117117117117118,70.27027027027027,62.16216216216216,8.108108108108109
E00063198,167,42,13,29,125,112,13,25.149700598802394,7.784431137724551,17.365269461077844,74.8502994011976,67.06586826347305,7.784431137724551
E00063199,138,33,14,19,105,91,14,23.91304347826087,10.144927536231885,13.768115942028986,76.08695652173914,65.94202898550725,10.144927536231885
E00063200,84,28,6,22,56,51,5,33.33333333333333,7.142857142857142,26.190476190476193,66.66666666666666,60.71428571428571,5.952380952380952
E00063201,170,42,8,34,128,112,16,24.705882352941178,4.705882352941177,20,75.29411764705883,65.88235294117646,9.411764705882353
E00063202,154,55,20,35,99,88,11,35.714285714285715,12.987012987012985,22.727272727272727,64.28571428571429,57.14285714285714,7.142857142857142
E00063203,132,34,8,26,98,85,13,25.757575757575758,6.0606060606060606,19.696969696969695,74.24242424242425,64.39393939393939,9.848484848484848
E00063204,137,28,5,23,109,96,13,20.437956204379564,3.64963503649635,16.78832116788321,79.56204379562044,70.07299270072993,9.48905109489051
E00063205,154,55,16,39,99,86,13,35.714285714285715,10.38961038961039,25.324675324675322,64.28571428571429,55.84415584415584,8.441558441558442
E00063206,169,48,16,32,121,106,15,28.402366863905325,9.467455621301776,18.93491124260355,71.59763313609467,62.721893491124256,8.875739644970414
E00063207,128,40,11,29,88,75,13,31.25,8.59375,22.65625,68.75,58.59375,10.15625
E00063208,64,14,1,13,50,45,5,21.875,1.5625,20.3125,78.125,70.3125,7.8125
E00063209,125,36,13,23,89,79,10,28.799999999999997,10.4,18.4,71.2,63.2,8
E00063210,141,42,11,31,99,90,9,29.78723404255319,7.801418439716312,21.98581560283688,70.2127659574468,63.829787234042556,6.382978723404255
E00063211,90,21,9,12,69,62,7,23.333333333333332,10,13.333333333333334,76.66666666666667,68.88888888888889,7.777777777777778
E00063212,93,29,8,21,64,56,8,31.182795698924732,8.60215053763441,22.58064516129032,68.81720430107528,60.215053763440864,8.60215053763441
E00063213,93,25,5,20,68,62,6,26.881720430107524,5.376344086021505,21.50537634408602,73.11827956989248,66.66666666666666,6.451612903225806
E00063214,108,36,8,28,72,63,9,33.33333333333333,7.4074074074074066,25.925925925925924,66.66666666666666,58.333333333333336,8.333333333333332
E00063215,164,44,18,26,120,94,26,26.82926829268293,10.975609756097562,15.853658536585366,73.17073170731707,57.3170731707317,15.853658536585366
E00063216,154,36,8,28,118,105,13,23.376623376623375,5.194805194805195,18.181818181818183,76.62337662337663,68.18181818181817,8.441558441558442
E00063217,74,29,11,18,45,40,5,39.189189189189186,14.864864864864865,24.324324324324326,60.810810810810814,54.054054054054056,6.756756756756757
E00063218,122,40,7,33,82,68,14,32.78688524590164,5.737704918032787,27.049180327868854,67.21311475409836,55.73770491803278,11.475409836065573
E00063219,120,25,8,17,95,89,6,20.833333333333336,6.666666666666667,14.166666666666666,79.16666666666666,74.16666666666667,5
E00063220,138,44,10,34,94,89,5,31.88405797101449,7.246376811594203,24.637681159420293,68.11594202898551,64.4927536231884,3.6231884057971016
E00063221,116,40,10,30,76,67,9,34.48275862068966,8.620689655172415,25.862068965517242,65.51724137931035,57.758620689655174,7.758620689655173
E00063222,146,51,21,30,95,83,12,34.93150684931507,14.383561643835616,20.54794520547945,65.06849315068493,56.849315068493155,8.21917808219178
E00063223,130,41,11,30,89,81,8,31.538461538461537,8.461538461538462,23.076923076923077,68.46153846153847,62.30769230769231,6.153846153846154
E00063224,132,33,4,29,99,89,10,25,3.0303030303030303,21.96969696969697,75,67.42424242424242,7.575757575757576
E00063225,122,31,13,18,91,80,11,25.40983606557377,10.655737704918032,14.754098360655737,74.59016393442623,65.57377049180327,9.01639344262295
E00063226,100,26,6,20,74,70,4,26,6,20,74,70,4
E00063227,137,41,15,26,96,86,10,29.927007299270077,10.948905109489052,18.97810218978102,70.07299270072993,62.77372262773723,7.2992700729927
E00063228,170,51,16,35,119,107,12,30,9.411764705882353,20.588235294117645,70,62.94117647058823,7.0588235294117645
E00063229,129,40,6,34,89,81,8,31.007751937984494,4.651162790697675,26.356589147286826,68.9922480620155,62.7906976744186,6.2015503875969
E00063230,153,50,18,32,103,89,14,32.6797385620915,11.76470588235294,20.915032679738562,67.3202614379085,58.16993464052288,9.15032679738562
E00063231,118,30,5,25,88,77,11,25.423728813559322,4.23728813559322,21.1864406779661,74.57627118644068,65.2542372881356,9.322033898305085
E00063232,142,50,15,35,92,88,4,35.2112676056338,10.56338028169014,24.647887323943664,64.7887323943662,61.97183098591549,2.8169014084507045
E00063233,148,45,7,38,103,94,9,30.405405405405407,4.72972972972973,25.675675675675674,69.5945945945946,63.51351351351351,6.081081081081082
E00063234,168,46,12,34,122,108,14,27.380952380952383,7.142857142857142,20.238095238095237,72.61904761904762,64.28571428571429,8.333333333333332
E00063235,156,42,13,29,114,108,6,26.923076923076923,8.333333333333332,18.58974358974359,73.07692307692307,69.23076923076923,3.8461538461538463
E00063236,165,42,13,29,123,118,5,25.454545454545453,7.878787878787878,17.575757575757574,74.54545454545455,71.51515151515152,3.0303030303030303
E00063237,144,43,11,32,101,94,7,29.86111111111111,7.638888888888889,22.22222222222222,70.13888888888889,65.27777777777779,4.861111111111112
E00063238,121,44,10,34,77,67,10,36.36363636363637,8.264462809917356,28.09917355371901,63.63636363636363,55.371900826446286,8.264462809917356
E00063239,142,40,19,21,102,87,15,28.169014084507044,13.380281690140844,14.788732394366196,71.83098591549296,61.267605633802816,10.56338028169014
E00063240,155,33,7,26,122,109,13,21.29032258064516,4.516129032258064,16.7741935483871,78.70967741935485,70.3225806451613,8.38709677419355
E00063241,132,31,8,23,101,89,12,23.484848484848484,6.0606060606060606,17.424242424242426,76.51515151515152,67.42424242424242,9.090909090909092
E00063242,175,57,19,38,118,104,14,32.57142857142858,10.857142857142858,21.714285714285715,67.42857142857143,59.42857142857143,8
E00063243,104,35,13,22,69,64,5,33.65384615384615,12.5,21.153846153846153,66.34615384615384,61.53846153846154,4.807692307692308
E00063244,133,43,13,30,90,81,9,32.33082706766917,9.774436090225564,22.55639097744361,67.66917293233082,60.902255639097746,6.7669172932330826
E00063245,125,39,16,23,86,78,8,31.2,12.8,18.4,68.8,62.4,6.4
E00063246,119,33,7,26,86,77,9,27.73109243697479,5.88235294117647,21.84873949579832,72.26890756302521,64.70588235294117,7.563025210084033
E00063247,149,40,18,22,109,96,13,26.845637583892618,12.080536912751679,14.76510067114094,73.15436241610739,64.42953020134227,8.724832214765101
E00063248,87,19,4,15,68,63,5,21.839080459770116,4.597701149425287,17.24137931034483,78.16091954022988,72.41379310344827,5.747126436781609
E00063249,164,40,15,25,124,111,13,24.390243902439025,9.146341463414634,15.24390243902439,75.60975609756098,67.6829268292683,7.926829268292683
E00063250,112,41,14,27,71,61,10,36.607142857142854,12.5,24.107142857142858,63.39285714285714,54.46428571428571,8.928571428571429
E00063251,104,23,7,16,81,70,11,22.115384615384613,6.730769230769231,15.384615384615385,77.88461538461539,67.3076923076923,10.576923076923077
E00063252,114,29,10,19,85,77,8,25.438596491228072,8.771929824561402,16.666666666666664,74.56140350877193,67.54385964912281,7.017543859649122
E00063253,131,36,12,24,95,82,13,27.480916030534353,9.16030534351145,18.3206106870229,72.51908396946564,62.59541984732825,9.923664122137405
E00063254,123,38,14,24,85,75,10,30.89430894308943,11.38211382113821,19.51219512195122,69.10569105691057,60.97560975609756,8.130081300813007
E00063255,150,40,17,23,110,99,11,26.666666666666668,11.333333333333332,15.333333333333332,73.33333333333333,66,7.333333333333333
E00063256,131,36,3,33,95,83,12,27.480916030534353,2.2900763358778624,25.190839694656486,72.51908396946564,63.358778625954194,9.16030534351145
E00063258,158,46,15,31,112,102,10,29.11392405063291,9.49367088607595,19.62025316455696,70.88607594936708,64.55696202531645,6.329113924050633
E00063259,114,30,13,17,84,75,9,26.31578947368421,11.403508771929824,14.912280701754385,73.68421052631578,65.78947368421053,7.894736842105263
E00063260,150,42,10,32,108,100,8,28.000000000000004,6.666666666666667,21.333333333333336,72,66.66666666666666,5.333333333333334
E00063261,237,63,19,44,174,149,25,26.582278481012654,8.016877637130802,18.565400843881857,73.41772151898735,62.869198312236286,10.548523206751055
E00063262,41,17,5,12,24,24,0,41.46341463414634,12.195121951219512,29.268292682926827,58.536585365853654,58.536585365853654,0
E00063263,150,46,15,31,104,95,9,30.666666666666664,10,20.666666666666668,69.33333333333334,63.33333333333333,6
E00063264,146,54,23,31,92,77,15,36.986301369863014,15.753424657534246,21.232876712328768,63.013698630136986,52.73972602739726,10.273972602739725
E00063265,136,46,23,23,90,80,10,33.82352941176471,16.911764705882355,16.911764705882355,66.17647058823529,58.82352941176471,7.352941176470589
E00063266,163,41,17,24,122,107,15,25.153374233128833,10.429447852760736,14.723926380368098,74.84662576687117,65.6441717791411,9.202453987730062
E00063267,206,55,20,35,151,138,13,26.699029126213592,9.70873786407767,16.990291262135923,73.30097087378641,66.99029126213593,6.310679611650485
E00063268,123,33,9,24,90,81,9,26.82926829268293,7.317073170731707,19.51219512195122,73.17073170731707,65.85365853658537,7.317073170731707
E00063269,190,59,15,44,131,121,10,31.05263157894737,7.894736842105263,23.157894736842106,68.94736842105263,63.68421052631579,5.263157894736842
E00063270,90,26,8,18,64,57,7,28.888888888888886,8.88888888888889,20,71.11111111111111,63.33333333333333,7.777777777777778
E00063271,120,26,9,17,94,85,9,21.666666666666668,7.5,14.166666666666666,78.33333333333333,70.83333333333334,7.5
E00063272,89,29,13,16,60,54,6,32.58426966292135,14.606741573033707,17.97752808988764,67.41573033707866,60.67415730337079,6.741573033707865
E00063273,67,25,9,16,42,36,6,37.3134328358209,13.432835820895523,23.88059701492537,62.68656716417911,53.73134328358209,8.955223880597014
E00063274,88,29,10,19,59,50,9,32.95454545454545,11.363636363636363,21.59090909090909,67.04545454545455,56.81818181818182,10.227272727272728
E00063275,156,58,16,42,98,87,11,37.17948717948718,10.256410256410255,26.923076923076923,62.82051282051282,55.769230769230774,7.051282051282051
E00063276,124,37,11,26,87,77,10,29.838709677419356,8.870967741935484,20.967741935483872,70.16129032258065,62.096774193548384,8.064516129032258
E00063277,128,38,11,27,90,83,7,29.6875,8.59375,21.09375,70.3125,64.84375,5.46875
E00063278,114,47,15,32,67,58,9,41.228070175438596,13.157894736842104,28.07017543859649,58.77192982456141,50.877192982456144,7.894736842105263
E00063279,99,29,12,17,70,62,8,29.292929292929294,12.121212121212121,17.17171717171717,70.70707070707071,62.62626262626263,8.080808080808081
E00063281,158,38,9,29,120,103,17,24.050632911392405,5.69620253164557,18.354430379746837,75.9493670886076,65.18987341772153,10.759493670886076
E00063282,183,46,16,30,137,124,13,25.136612021857925,8.743169398907105,16.39344262295082,74.86338797814209,67.75956284153006,7.103825136612022
E00063283,135,40,12,28,95,86,9,29.629629629629626,8.88888888888889,20.74074074074074,70.37037037037037,63.70370370370371,6.666666666666667
E00063284,132,48,15,33,84,71,13,36.36363636363637,11.363636363636363,25,63.63636363636363,53.78787878787878,9.848484848484848
E00063286,77,24,7,17,53,48,5,31.16883116883117,9.090909090909092,22.07792207792208,68.83116883116884,62.33766233766234,6.493506493506493
E00063287,72,25,6,19,47,46,1,34.72222222222222,8.333333333333332,26.38888888888889,65.27777777777779,63.888888888888886,1.3888888888888888
E00063288,56,15,6,9,41,33,8,26.785714285714285,10.714285714285714,16.071428571428573,73.21428571428571,58.92857142857143,14.285714285714285
E00063289,132,33,6,27,99,82,17,25,4.545454545454546,20.454545454545457,75,62.121212121212125,12.878787878787879
E00063290,105,37,10,27,68,60,8,35.23809523809524,9.523809523809524,25.71428571428571,64.76190476190476,57.14285714285714,7.6190476190476195
E00063291,211,54,15,39,157,136,21,25.59241706161137,7.109004739336493,18.48341232227488,74.40758293838863,64.45497630331754,9.95260663507109
E00063292,138,36,9,27,102,90,12,26.08695652173913,6.521739130434782,19.565217391304348,73.91304347826086,65.21739130434783,8.695652173913043
E00063293,159,45,12,33,114,99,15,28.30188679245283,7.547169811320755,20.754716981132077,71.69811320754717,62.264150943396224,9.433962264150944
E00063294,96,22,10,12,74,65,9,22.916666666666664,10.416666666666668,12.5,77.08333333333334,67.70833333333334,9.375
E00063295,108,30,4,26,78,71,7,27.77777777777778,3.7037037037037033,24.074074074074073,72.22222222222221,65.74074074074075,6.481481481481481
E00063296,175,47,13,34,128,115,13,26.857142857142858,7.428571428571429,19.428571428571427,73.14285714285714,65.71428571428571,7.428571428571429
E00063297,178,47,20,27,131,118,13,26.40449438202247,11.235955056179774,15.168539325842698,73.59550561797754,66.29213483146067,7.303370786516854
E00063298,149,31,10,21,118,102,16,20.80536912751678,6.7114093959731544,14.093959731543624,79.19463087248322,68.45637583892618,10.738255033557047
E00063299,168,46,13,33,122,111,11,27.380952380952383,7.738095238095238,19.642857142857142,72.61904761904762,66.07142857142857,6.547619047619048
E00063300,208,70,27,43,138,133,5,33.65384615384615,12.980769230769232,20.673076923076923,66.34615384615384,63.942307692307686,2.403846153846154
E00063301,158,40,18,22,118,104,14,25.31645569620253,11.39240506329114,13.924050632911392,74.68354430379746,65.82278481012658,8.860759493670885
E00063302,198,60,30,30,138,113,25,30.303030303030305,15.151515151515152,15.151515151515152,69.6969696969697,57.07070707070707,12.626262626262626
E00063303,211,61,20,41,150,123,27,28.90995260663507,9.47867298578199,19.431279620853083,71.09004739336493,58.29383886255924,12.796208530805686
E00063304,139,43,13,30,96,74,22,30.935251798561154,9.352517985611511,21.58273381294964,69.06474820143885,53.23741007194245,15.827338129496402
E00063305,143,44,15,29,99,87,12,30.76923076923077,10.48951048951049,20.27972027972028,69.23076923076923,60.83916083916085,8.391608391608392
E00063306,172,44,7,37,128,106,22,25.581395348837212,4.069767441860465,21.511627906976745,74.4186046511628,61.627906976744185,12.790697674418606
E00063307,130,43,12,31,87,73,14,33.07692307692307,9.230769230769232,23.846153846153847,66.92307692307692,56.15384615384615,10.76923076923077
E00063308,178,52,20,32,126,112,14,29.213483146067414,11.235955056179774,17.97752808988764,70.78651685393258,62.92134831460674,7.865168539325842
E00063309,168,47,13,34,121,102,19,27.976190476190478,7.738095238095238,20.238095238095237,72.02380952380952,60.71428571428571,11.30952380952381
E00063310,183,55,14,41,128,103,25,30.05464480874317,7.650273224043716,22.404371584699454,69.94535519125684,56.284153005464475,13.661202185792352
E00063311,161,46,11,35,115,106,9,28.57142857142857,6.832298136645963,21.73913043478261,71.42857142857143,65.83850931677019,5.590062111801243
E00063312,135,36,15,21,99,83,16,26.666666666666668,11.11111111111111,15.555555555555555,73.33333333333333,61.48148148148148,11.851851851851853
E00063313,110,31,9,22,79,63,16,28.18181818181818,8.181818181818182,20,71.81818181818181,57.27272727272727,14.545454545454545
E00063314,162,50,14,36,112,99,13,30.864197530864196,8.641975308641975,22.22222222222222,69.1358024691358,61.111111111111114,8.024691358024691
E00063315,33,11,4,7,22,20,2,33.33333333333333,12.121212121212121,21.21212121212121,66.66666666666666,60.60606060606061,6.0606060606060606
E00063316,147,34,7,27,113,97,16,23.12925170068027,4.761904761904762,18.367346938775512,76.87074829931973,65.98639455782312,10.884353741496598
E00063317,126,33,11,22,93,86,7,26.190476190476193,8.73015873015873,17.46031746031746,73.80952380952381,68.25396825396825,5.555555555555555
E00063318,76,24,8,16,52,46,6,31.57894736842105,10.526315789473683,21.052631578947366,68.42105263157895,60.526315789473685,7.894736842105263
E00063319,146,47,13,34,99,87,12,32.19178082191781,8.904109589041095,23.28767123287671,67.8082191780822,59.589041095890416,8.21917808219178
E00063320,166,51,18,33,115,107,8,30.72289156626506,10.843373493975903,19.879518072289155,69.27710843373494,64.45783132530121,4.819277108433735
E00063321,157,51,16,35,106,83,23,32.48407643312102,10.191082802547772,22.29299363057325,67.51592356687898,52.86624203821656,14.64968152866242
E00063322,98,30,8,22,68,63,5,30.612244897959183,8.16326530612245,22.448979591836736,69.38775510204081,64.28571428571429,5.1020408163265305
E00063323,178,50,22,28,128,115,13,28.08988764044944,12.359550561797752,15.730337078651685,71.91011235955057,64.60674157303372,7.303370786516854
E00063324,187,44,8,36,143,120,23,23.52941176470588,4.27807486631016,19.25133689839572,76.47058823529412,64.171122994652407,12.299465240641712
E00063325,165,54,20,34,111,99,12,32.72727272727273,12.121212121212121,20.606060606060606,67.27272727272727,60,7.2727272727272725
E00063326,162,38,6,32,124,116,8,23.456790123456788,3.7037037037037033,19.753086419753085,76.5432098765432,71.60493827160494,4.938271604938271
E00063327,134,42,14,28,92,80,12,31.343283582089555,10.44776119402985,20.8955223880597,68.65671641791045,59.70149253731343,8.955223880597014
E00063328,158,46,16,30,112,104,8,29.11392405063291,10.126582278481013,18.9873417721519,70.88607594936708,65.82278481012658,5.063291139240507
E00063329,164,41,16,25,123,112,11,25,9.75609756097561,15.24390243902439,75,68.29268292682927,6.707317073170732
E00063330,119,32,14,18,87,77,10,26.89075630252101,11.76470588235294,15.126050420168067,73.10924369747899,64.70588235294117,8.403361344537815
E00063331,126,31,11,20,95,79,16,24.6031746031746,8.73015873015873,15.873015873015872,75.39682539682539,62.698412698412696,12.698412698412698
E00063332,135,35,6,29,100,89,11,25.925925925925924,4.444444444444445,21.48148148148148,74.07407407407408,65.92592592592592,8.148148148148149
E00063333,125,37,13,24,88,73,15,29.599999999999998,10.4,19.2,70.39999999999999,58.4,12
E00063334,113,26,10,16,87,75,12,23.008849557522122,8.849557522123893,14.15929203539823,76.99115044247787,66.3716814159292,10.619469026548673
E00063335,159,41,15,26,118,93,25,25.78616352201258,9.433962264150944,16.352201257861633,74.21383647798741,58.490566037735846,15.723270440251572
E00063336,135,34,13,21,101,88,13,25.185185185185183,9.62962962962963,15.555555555555555,74.81481481481481,65.18518518518519,9.62962962962963
E00063337,166,52,19,33,114,92,22,31.32530120481928,11.44578313253012,19.879518072289155,68.67469879518072,55.42168674698795,13.253012048192772
E00063338,144,28,10,18,116,105,11,19.444444444444446,6.944444444444445,12.5,80.55555555555556,72.91666666666666,7.638888888888889
E00063339,135,35,9,26,100,89,11,25.925925925925924,6.666666666666667,19.25925925925926,74.07407407407408,65.92592592592592,8.148148148148149
E00063340,142,38,12,26,104,89,15,26.76056338028169,8.450704225352112,18.30985915492958,73.23943661971832,62.676056338028175,10.56338028169014
E00063341,105,41,17,24,64,60,4,39.04761904761905,16.19047619047619,22.857142857142858,60.952380952380956,57.14285714285714,3.8095238095238098
E00063342,165,32,10,22,133,117,16,19.393939393939394,6.0606060606060606,13.333333333333334,80.60606060606061,70.9090909090909,9.696969696969697
E00063343,147,29,9,20,118,98,20,19.727891156462583,6.122448979591836,13.60544217687075,80.27210884353741,66.66666666666666,13.60544217687075
E00063344,155,35,13,22,120,100,20,22.58064516129032,8.38709677419355,14.193548387096774,77.41935483870968,64.51612903225806,12.903225806451612
E00063345,154,41,15,26,113,99,14,26.623376623376622,9.740259740259742,16.883116883116884,73.37662337662337,64.28571428571429,9.090909090909092
E00063346,167,45,19,26,122,93,29,26.94610778443114,11.377245508982035,15.568862275449103,73.05389221556887,55.688622754491014,17.365269461077844
E00063347,157,41,16,25,116,90,26,26.11464968152866,10.191082802547772,15.92356687898089,73.88535031847134,57.324840764331206,16.560509554140125
E00063348,161,36,15,21,125,102,23,22.36024844720497,9.316770186335404,13.043478260869565,77.63975155279503,63.35403726708074,14.285714285714285
E00063349,153,49,20,29,104,91,13,32.02614379084967,13.071895424836603,18.954248366013072,67.97385620915033,59.47712418300654,8.49673202614379
E00063350,162,38,10,28,124,98,26,23.456790123456788,6.172839506172839,17.28395061728395,76.5432098765432,60.49382716049383,16.049382716049383
E00063351,164,39,16,23,125,101,24,23.78048780487805,9.75609756097561,14.02439024390244,76.21951219512195,61.58536585365854,14.634146341463413
E00063352,148,38,12,26,110,98,12,25.675675675675674,8.108108108108109,17.56756756756757,74.32432432432432,66.21621621621621,8.108108108108109
E00063353,193,48,16,32,145,125,20,24.870466321243523,8.290155440414509,16.580310880829018,75.12953367875647,64.76683937823834,10.362694300518134
E00063354,171,49,14,35,122,105,17,28.654970760233915,8.187134502923977,20.46783625730994,71.34502923976608,61.40350877192983,9.941520467836257
E00063356,160,45,12,33,115,101,14,28.125,7.5,20.625,71.875,63.125,8.75
E00063358,174,43,11,32,131,113,18,24.71264367816092,6.321839080459771,18.39080459770115,75.28735632183908,64.9425287356322,10.344827586206897
E00063359,169,43,11,32,126,111,15,25.443786982248522,6.508875739644971,18.93491124260355,74.55621301775149,65.68047337278107,8.875739644970414
E00063360,141,43,17,26,98,90,8,30.49645390070922,12.056737588652481,18.439716312056735,69.50354609929079,63.829787234042556,5.673758865248227
E00063361,142,32,11,21,110,89,21,22.535211267605636,7.746478873239436,14.788732394366196,77.46478873239437,62.676056338028175,14.788732394366196
E00063362,227,64,16,48,163,145,18,28.193832599118945,7.048458149779736,21.145374449339208,71.80616740088107,63.87665198237885,7.929515418502203
E00063363,339,74,28,46,265,227,38,21.828908554572273,8.259587020648967,13.569321533923304,78.17109144542773,66.96165191740413,11.209439528023598
E00063364,208,57,15,42,151,133,18,27.403846153846157,7.211538461538461,20.192307692307693,72.59615384615384,63.942307692307686,8.653846153846153
E00063365,203,55,23,32,148,125,23,27.093596059113302,11.330049261083744,15.763546798029557,72.9064039408867,61.57635467980296,11.330049261083744
E00063366,142,32,4,28,110,92,18,22.535211267605636,2.8169014084507045,19.718309859154928,77.46478873239437,64.7887323943662,12.676056338028168
E00063367,132,31,5,26,101,84,17,23.484848484848484,3.787878787878788,19.696969696969695,76.51515151515152,63.63636363636363,12.878787878787879
E00063368,135,36,9,27,99,89,10,26.666666666666668,6.666666666666667,20,73.33333333333333,65.92592592592592,7.4074074074074066
E00063369,182,32,14,18,150,134,16,17.582417582417584,7.6923076923076925,9.89010989010989,82.41758241758241,73.62637362637363,8.791208791208792
E00063370,118,34,14,20,84,70,14,28.8135593220339,11.864406779661017,16.94915254237288,71.1864406779661,59.32203389830508,11.864406779661017
E00063371,183,72,24,48,111,95,16,39.34426229508197,13.114754098360656,26.229508196721312,60.65573770491803,51.91256830601093,8.743169398907105
E00063372,150,50,16,34,100,87,13,33.33333333333333,10.666666666666668,22.666666666666664,66.66666666666666,57.99999999999999,8.666666666666668
E00063374,192,45,13,32,147,131,16,23.4375,6.770833333333333,16.666666666666664,76.5625,68.22916666666666,8.333333333333332
E00063375,169,47,18,29,122,108,14,27.810650887573964,10.650887573964498,17.159763313609467,72.18934911242604,63.905325443786985,8.284023668639055
E00063378,130,24,8,16,106,92,14,18.461538461538463,6.153846153846154,12.307692307692308,81.53846153846153,70.76923076923077,10.76923076923077
E00063379,83,31,12,19,52,46,6,37.34939759036144,14.457831325301203,22.89156626506024,62.65060240963856,55.42168674698795,7.228915662650602
E00063380,88,34,14,20,54,46,8,38.63636363636363,15.909090909090908,22.727272727272727,61.36363636363637,52.27272727272727,9.090909090909092
E00063382,327,70,17,53,257,213,44,21.406727828746178,5.198776758409786,16.207951070336392,78.59327217125383,65.13761467889908,13.455657492354739
E00063384,100,25,5,20,75,70,5,25,5,20,75,70,5
E00063389,170,39,3,36,131,119,12,22.941176470588236,1.7647058823529411,21.176470588235293,77.05882352941177,70,7.0588235294117645
E00063390,157,34,13,21,123,110,13,21.656050955414013,8.280254777070063,13.375796178343949,78.343949044586,70.06369426751591,8.280254777070063
E00063391,137,38,12,26,99,88,11,27.73722627737226,8.75912408759124,18.97810218978102,72.26277372262774,64.23357664233576,8.02919708029197
E00063392,212,48,12,36,164,147,17,22.641509433962266,5.660377358490567,16.9811320754717,77.35849056603774,69.33962264150944,8.018867924528301
E00063393,339,77,24,53,262,217,45,22.71386430678466,7.079646017699115,15.634218289085547,77.28613569321534,64.0117994100295,13.274336283185843
E00063394,276,80,25,55,196,173,23,28.985507246376812,9.057971014492754,19.92753623188406,71.01449275362319,62.68115942028986,8.333333333333332
E00165700,132,35,10,25,97,90,7,26.515151515151516,7.575757575757576,18.939393939393938,73.48484848484848,68.18181818181817,5.303030303030303
E00165701,190,54,18,36,136,120,16,28.421052631578945,9.473684210526317,18.947368421052634,71.57894736842105,63.1578947368421,8.421052631578947
E00165702,67,22,5,17,45,45,0,32.83582089552239,7.462686567164178,25.37313432835821,67.16417910447761,67.16417910447761,0
E00165703,139,46,12,34,93,82,11,33.093525179856115,8.633093525179856,24.46043165467626,66.90647482014388,58.992805755395686,7.913669064748201
E00165704,214,72,23,49,142,130,12,33.64485981308411,10.74766355140187,22.897196261682243,66.35514018691589,60.747663551401864,5.607476635514018
E00165705,106,27,5,22,79,74,5,25.471698113207548,4.716981132075472,20.754716981132077,74.52830188679245,69.81132075471697,4.716981132075472
E00165706,140,40,14,26,100,87,13,28.57142857142857,10,18.571428571428573,71.42857142857143,62.142857142857146,9.285714285714286
E00165707,195,53,15,38,142,126,16,27.17948717948718,7.6923076923076925,19.48717948717949,72.82051282051282,64.61538461538461,8.205128205128204
E00165708,95,25,9,16,70,65,5,26.31578947368421,9.473684210526317,16.842105263157894,73.68421052631578,68.42105263157895,5.263157894736842
E00165709,237,83,23,60,154,138,16,35.0210970464135,9.70464135021097,25.31645569620253,64.9789029535865,58.22784810126582,6.751054852320674
E00165710,98,27,7,20,71,66,5,27.55102040816326,7.142857142857142,20.408163265306122,72.44897959183673,67.3469387755102,5.1020408163265305
E00165711,100,31,9,22,69,66,3,31,9,22,69,66,3
E00165712,207,65,23,42,142,128,14,31.40096618357488,11.11111111111111,20.28985507246377,68.59903381642512,61.83574879227053,6.763285024154589
E00172876,84,28,15,13,56,51,5,33.33333333333333,17.857142857142858,15.476190476190476,66.66666666666666,60.71428571428571,5.952380952380952
E00172878,191,46,18,28,145,128,17,24.083769633507853,9.424083769633508,14.659685863874344,75.91623036649214,67.01570680628272,8.900523560209423
E00172879,193,47,10,37,146,121,25,24.352331606217618,5.181347150259067,19.170984455958546,75.64766839378238,62.69430051813472,12.953367875647666
E00172881,217,70,25,45,147,117,30,32.25806451612903,11.52073732718894,20.737327188940093,67.74193548387096,53.91705069124424,13.82488479262673
E00172882,169,35,10,25,134,118,16,20.710059171597635,5.9171597633136095,14.792899408284024,79.28994082840237,69.8224852071006,9.467455621301776
E00172884,221,65,27,38,156,121,35,29.411764705882355,12.217194570135746,17.194570135746606,70.58823529411765,54.75113122171946,15.837104072398189
E00172886,176,39,16,23,137,119,18,22.15909090909091,9.090909090909092,13.068181818181818,77.8409090909091,67.61363636363636,10.227272727272728
E00172887,212,53,13,40,159,141,18,25,6.132075471698113,18.867924528301888,75,66.50943396226415,8.49056603773585
E00172889,152,43,10,33,109,93,16,28.289473684210524,6.578947368421052,21.710526315789476,71.71052631578947,61.18421052631579,10.526315789473683
E00172890,183,47,10,37,136,111,25,25.683060109289617,5.46448087431694,20.21857923497268,74.31693989071039,60.65573770491803,13.661202185792352
E00172893,205,57,17,40,148,123,25,27.80487804878049,8.292682926829269,19.51219512195122,72.1951219512195,60,12.195121951219512
E00172895,251,51,19,32,200,181,19,20.318725099601593,7.569721115537849,12.749003984063744,79.6812749003984,72.11155378486056,7.569721115537849
E00172896,200,40,15,25,160,134,26,20,7.5,12.5,80,67,13
E00172898,258,56,26,30,202,175,27,21.705426356589147,10.077519379844961,11.627906976744185,78.29457364341084,67.82945736434108,10.465116279069768
E00173136,213,65,28,37,148,123,25,30.51643192488263,13.145539906103288,17.370892018779344,69.48356807511738,57.74647887323944,11.737089201877934
E00173138,139,38,14,24,101,93,8,27.33812949640288,10.071942446043165,17.26618705035971,72.66187050359713,66.90647482014388,5.755395683453238
E00173139,267,71,21,50,196,172,24,26.591760299625467,7.865168539325842,18.726591760299627,73.40823970037454,64.41947565543072,8.98876404494382
E00173140,156,38,18,20,118,106,12,24.358974358974358,11.538461538461538,12.82051282051282,75.64102564102564,67.94871794871796,7.6923076923076925
E00173141,138,26,9,17,112,96,16,18.84057971014493,6.521739130434782,12.318840579710146,81.15942028985508,69.56521739130434,11.594202898550725
E00173142,242,23,10,13,219,201,18,9.50413223140496,4.132231404958678,5.371900826446281,90.49586776859503,83.05785123966942,7.43801652892562
E00173143,139,38,12,26,101,91,10,27.33812949640288,8.633093525179856,18.705035971223023,72.66187050359713,65.46762589928058,7.1942446043165464
E00173144,110,23,10,13,87,77,10,20.909090909090907,9.090909090909092,11.818181818181818,79.0909090909091,70,9.090909090909092
E00173145,149,47,15,32,102,95,7,31.543624161073826,10.06711409395973,21.476510067114095,68.45637583892618,63.758389261744966,4.697986577181208
E00173147,198,43,15,28,155,137,18,21.71717171717172,7.575757575757576,14.14141414141414,78.28282828282829,69.1919191919192,9.090909090909092
E00173148,166,27,4,23,139,119,20,16.265060240963855,2.4096385542168677,13.855421686746988,83.73493975903614,71.6867469879518,12.048192771084338
E00173149,182,31,10,21,151,136,15,17.032967032967033,5.4945054945054945,11.538461538461538,82.96703296703298,74.72527472527473,8.241758241758241
E00173150,184,56,17,39,128,118,10,30.434782608695656,9.239130434782608,21.195652173913043,69.56521739130434,64.13043478260869,5.434782608695652
E00173151,209,60,18,42,149,138,11,28.708133971291865,8.61244019138756,20.095693779904305,71.29186602870813,66.02870813397129,5.263157894736842
E00173152,68,26,5,21,42,29,13,38.23529411764706,7.352941176470589,30.88235294117647,61.76470588235294,42.64705882352941,19.11764705882353
E00173153,185,45,19,26,140,117,23,24.324324324324326,10.27027027027027,14.054054054054054,75.67567567567568,63.24324324324324,12.432432432432433
E00173154,157,50,18,32,107,85,22,31.84713375796178,11.464968152866243,20.382165605095544,68.15286624203821,54.14012738853503,14.012738853503185
E00173155,209,58,24,34,151,123,28,27.751196172248804,11.483253588516746,16.267942583732058,72.24880382775119,58.85167464114832,13.397129186602871
E00173156,185,18,7,11,167,147,20,9.72972972972973,3.783783783783784,5.9459459459459465,90.27027027027027,79.45945945945945,10.81081081081081
E00173157,123,19,5,14,104,99,5,15.447154471544716,4.0650406504065035,11.38211382113821,84.5528455284553,80.48780487804879,4.0650406504065035
E00173158,220,53,17,36,167,154,13,24.09090909090909,7.727272727272727,16.363636363636363,75.9090909090909,70,5.909090909090909
E00173159,188,62,25,37,126,108,18,32.97872340425532,13.297872340425531,19.680851063829788,67.02127659574468,57.446808510638306,9.574468085106384
E00173160,114,22,7,15,92,82,10,19.298245614035086,6.140350877192982,13.157894736842104,80.7017543859649,71.9298245614035,8.771929824561402
E00173161,182,41,10,31,141,132,9,22.52747252747253,5.4945054945054945,17.032967032967033,77.47252747252747,72.52747252747253,4.945054945054945
E00173162,116,31,10,21,85,82,3,26.72413793103448,8.620689655172415,18.103448275862068,73.27586206896551,70.6896551724138,2.586206896551724
E00173163,133,33,8,25,100,92,8,24.81203007518797,6.015037593984962,18.796992481203006,75.18796992481202,69.17293233082707,6.015037593984962
E00173164,126,36,8,28,90,70,20,28.57142857142857,6.349206349206349,22.22222222222222,71.42857142857143,55.55555555555556,15.873015873015872
E00173165,147,35,7,28,112,96,16,23.809523809523807,4.761904761904762,19.047619047619047,76.19047619047619,65.3061224489796,10.884353741496598
E00173166,141,37,11,26,104,85,19,26.24113475177305,7.801418439716312,18.439716312056735,73.75886524822694,60.28368794326241,13.47517730496454
E00173167,80,28,9,19,52,45,7,35,11.25,23.75,65,56.25,8.75
E00173168,177,42,10,32,135,114,21,23.728813559322035,5.649717514124294,18.07909604519774,76.27118644067797,64.40677966101694,11.864406779661017
E00173171,215,57,24,33,158,138,20,26.51162790697674,11.162790697674419,15.348837209302326,73.48837209302326,64.18604651162791,9.30232558139535
E00173174,140,40,19,21,100,88,12,28.57142857142857,13.571428571428571,15,71.42857142857143,62.857142857142854,8.571428571428571
E00173176,243,59,18,41,184,163,21,24.279835390946502,7.4074074074074066,16.872427983539097,75.7201646090535,67.07818930041152,8.641975308641975
E00173178,49,16,3,13,33,31,2,32.6530612244898,6.122448979591836,26.53061224489796,67.3469387755102,63.26530612244898,4.081632653061225
E00188754,198,56,17,39,142,129,13,28.28282828282828,8.585858585858585,19.696969696969695,71.71717171717171,65.15151515151516,6.565656565656567
E00188757,4,2,1,1,2,2,0,50,25,25,50,50,0
E00188761,170,36,7,29,134,119,15,21.176470588235293,4.117647058823529,17.058823529411764,78.82352941176471,70,8.823529411764707
E00188765,131,31,6,25,100,93,7,23.66412213740458,4.580152671755725,19.083969465648856,76.33587786259542,70.99236641221374,5.343511450381679
E00188768,139,25,15,10,114,98,16,17.985611510791365,10.79136690647482,7.1942446043165464,82.01438848920863,70.50359712230215,11.510791366906476
E00188771,182,41,14,27,141,125,16,22.52747252747253,7.6923076923076925,14.835164835164836,77.47252747252747,68.68131868131869,8.791208791208792
E00188774,73,8,5,3,65,54,11,10.95890410958904,6.8493150684931505,4.10958904109589,89.04109589041096,73.97260273972603,15.068493150684931
E00188775,246,54,19,35,192,168,24,21.951219512195124,7.723577235772358,14.227642276422763,78.04878048780488,68.29268292682927,9.75609756097561
E00188777,163,41,15,26,122,99,23,25.153374233128833,9.202453987730062,15.950920245398773,74.84662576687117,60.73619631901841,14.11042944785276
E00188783,109,21,6,15,88,78,10,19.26605504587156,5.5045871559633035,13.761467889908257,80.73394495412845,71.55963302752293,9.174311926605505
E00188784,145,35,10,25,110,102,8,24.137931034482758,6.896551724137931,17.24137931034483,75.86206896551724,70.34482758620689,5.517241379310345
E00188787,198,29,12,17,169,156,13,14.646464646464647,6.0606060606060606,8.585858585858585,85.35353535353535,78.78787878787878,6.565656565656567
E00188789,170,53,21,32,117,104,13,31.176470588235293,12.352941176470589,18.823529411764707,68.82352941176471,61.1764705882353,7.647058823529412
E00188790,147,43,15,28,104,83,21,29.25170068027211,10.204081632653061,19.047619047619047,70.74829931972789,56.4625850340136,14.285714285714285
E00188794,141,44,26,18,97,73,24,31.20567375886525,18.439716312056735,12.76595744680851,68.79432624113475,51.77304964539007,17.02127659574468
E00188797,198,33,18,15,165,136,29,16.666666666666664,9.090909090909092,7.575757575757576,83.33333333333334,68.68686868686868,14.646464646464647
E00188804,172,34,7,27,138,127,11,19.767441860465116,4.069767441860465,15.69767441860465,80.23255813953489,73.83720930232558,6.395348837209303
E00188806,180,30,7,23,150,137,13,16.666666666666664,3.888888888888889,12.777777777777777,83.33333333333334,76.11111111111111,7.222222222222221
E00188807,114,11,5,6,103,91,12,9.649122807017543,4.385964912280701,5.263157894736842,90.35087719298247,79.82456140350878,10.526315789473683
E00188808,151,48,17,31,103,89,14,31.788079470198678,11.258278145695364,20.52980132450331,68.21192052980133,58.94039735099338,9.271523178807946
E00188810,146,48,19,29,98,88,10,32.87671232876712,13.013698630136986,19.863013698630137,67.12328767123287,60.273972602739725,6.8493150684931505
E00188815,201,39,13,26,162,138,24,19.402985074626866,6.467661691542288,12.935323383084576,80.59701492537313,68.65671641791045,11.940298507462686
E00188818,74,20,6,14,54,42,12,27.027027027027028,8.108108108108109,18.91891891891892,72.97297297297297,56.75675675675676,16.216216216216218
E00188822,109,37,15,22,72,56,16,33.94495412844037,13.761467889908257,20.18348623853211,66.05504587155964,51.37614678899083,14.678899082568808
E00188823,147,33,5,28,114,99,15,22.448979591836736,3.4013605442176873,19.047619047619047,77.55102040816327,67.3469387755102,10.204081632653061
E00188824,123,24,13,11,99,85,14,19.51219512195122,10.569105691056912,8.94308943089431,80.48780487804879,69.10569105691057,11.38211382113821
E00188827,172,37,12,25,135,106,29,21.511627906976745,6.976744186046512,14.534883720930234,78.48837209302324,61.627906976744185,16.86046511627907
E00188831,203,27,10,17,176,154,22,13.30049261083744,4.926108374384237,8.374384236453201,86.69950738916256,75.86206896551724,10.83743842364532
E00188832,177,59,15,44,118,106,12,33.33333333333333,8.47457627118644,24.858757062146893,66.66666666666666,59.887005649717516,6.779661016949152
E00188834,174,34,11,23,140,125,15,19.54022988505747,6.321839080459771,13.218390804597702,80.45977011494253,71.83908045977012,8.620689655172415
E00188842,160,42,12,30,118,103,15,26.25,7.5,18.75,73.75,64.375,9.375
E00188845,184,36,11,25,148,129,19,19.565217391304348,5.978260869565218,13.586956521739129,80.43478260869566,70.1086956521739,10.326086956521738
E00188847,126,24,9,15,102,95,7,19.047619047619047,7.142857142857142,11.904761904761903,80.95238095238095,75.39682539682539,5.555555555555555
E00188852,150,31,8,23,119,93,26,20.666666666666668,5.333333333333334,15.333333333333332,79.33333333333333,62,17.333333333333336
E00188853,214,49,13,36,165,146,19,22.897196261682243,6.074766355140187,16.822429906542055,77.10280373831776,68.22429906542055,8.878504672897195
E00188861,173,42,12,30,131,114,17,24.277456647398843,6.9364161849710975,17.341040462427745,75.72254335260115,65.89595375722543,9.826589595375722
E00188862,156,41,13,28,115,101,14,26.282051282051285,8.333333333333332,17.94871794871795,73.71794871794873,64.74358974358975,8.974358974358974
E00188863,148,34,13,21,114,104,10,22.972972972972975,8.783783783783784,14.18918918918919,77.02702702702703,70.27027027027027,6.756756756756757
E00188864,177,39,11,28,138,124,14,22.033898305084744,6.214689265536723,15.819209039548024,77.96610169491525,70.05649717514125,7.909604519774012
E00188865,97,27,11,16,70,65,5,27.835051546391753,11.34020618556701,16.49484536082474,72.16494845360825,67.0103092783505,5.154639175257731
E00188867,156,38,6,32,118,102,16,24.358974358974358,3.8461538461538463,20.51282051282051,75.64102564102564,65.38461538461539,10.256410256410255
E00188868,206,26,9,17,180,155,25,12.62135922330097,4.368932038834951,8.25242718446602,87.37864077669903,75.24271844660194,12.135922330097088
E00188877,134,37,14,23,97,85,12,27.611940298507463,10.44776119402985,17.16417910447761,72.38805970149254,63.43283582089553,8.955223880597014
E00188887,213,55,19,36,158,137,21,25.821596244131456,8.92018779342723,16.901408450704224,74.17840375586854,64.31924882629107,9.859154929577464
E00188888,174,39,9,30,135,118,17,22.413793103448278,5.172413793103448,17.24137931034483,77.58620689655173,67.81609195402298,9.770114942528735
E00188890,211,40,16,24,171,152,19,18.95734597156398,7.5829383886255926,11.374407582938389,81.04265402843602,72.03791469194313,9.004739336492891
E00188891,219,38,17,21,181,156,25,17.35159817351598,7.76255707762557,9.58904109589041,82.64840182648402,71.23287671232876,11.415525114155251
E00188892,281,50,15,35,231,202,29,17.793594306049823,5.338078291814947,12.455516014234876,82.20640569395017,71.88612099644128,10.320284697508896
E00188902,193,35,16,19,158,138,20,18.134715025906736,8.290155440414509,9.844559585492227,81.86528497409327,71.50259067357513,10.362694300518134
E00188905,159,43,8,35,116,109,7,27.044025157232703,5.031446540880504,22.0125786163522,72.95597484276729,68.55345911949685,4.40251572327044
E00188908,236,37,11,26,199,171,28,15.677966101694915,4.661016949152542,11.016949152542372,84.32203389830508,72.45762711864407,11.864406779661017
E00188913,235,39,8,31,196,174,22,16.595744680851062,3.404255319148936,13.191489361702127,83.40425531914893,74.04255319148936,9.361702127659575
E00188925,135,52,20,32,83,70,13,38.51851851851852,14.814814814814813,23.703703703703706,61.48148148148148,51.85185185185185,9.62962962962963
E00188931,173,47,21,26,126,110,16,27.167630057803464,12.138728323699421,15.028901734104046,72.83236994219652,63.58381502890174,9.248554913294797
E00188932,71,14,2,12,57,44,13,19.718309859154928,2.8169014084507045,16.901408450704224,80.28169014084507,61.97183098591549,18.30985915492958
E00188933,159,58,16,42,101,89,12,36.477987421383645,10.062893081761008,26.41509433962264,63.52201257861635,55.9748427672956,7.547169811320755
E00188936,210,50,22,28,160,136,24,23.809523809523807,10.476190476190476,13.333333333333334,76.19047619047619,64.76190476190476,11.428571428571429
E00188940,151,21,7,14,130,122,8,13.90728476821192,4.635761589403973,9.271523178807946,86.09271523178808,80.79470198675497,5.298013245033113
E00188943,139,20,7,13,119,105,14,14.388489208633093,5.0359712230215825,9.352517985611511,85.61151079136691,75.53956834532374,10.071942446043165
E00188944,87,22,9,13,65,63,2,25.287356321839084,10.344827586206897,14.942528735632186,74.71264367816092,72.41379310344827,2.2988505747126435
