OA,ts0380001,ts0380002,ts0380003,ts0380004,ts0380005,ts0380006,ts0380007,ts0380002_PCT,ts0380003_PCT,ts0380004_PCT,ts0380005_PCT,ts0380006_PCT,ts0380007_PCT
E00062771,327,41,18,23,286,29,257,12.538226299694188,5.5045871559633035,7.033639143730887,87.46177370030581,8.868501529051988,78.59327217125383
E00062772,310,47,16,31,263,22,241,15.161290322580644,5.161290322580645,10,84.83870967741936,7.096774193548387,77.74193548387098
E00062773,307,33,11,22,274,27,247,10.749185667752444,3.5830618892508146,7.166123778501629,89.25081433224756,8.794788273615636,80.45602605863192
E00062774,256,31,8,23,225,15,210,12.109375,3.125,8.984375,87.890625,5.859375,82.03125
E00062775,254,51,21,30,203,25,178,20.078740157480315,8.267716535433072,11.811023622047244,79.92125984251969,9.84251968503937,70.07874015748031
E00062776,391,36,7,29,355,36,319,9.207161125319693,1.7902813299232736,7.41687979539642,90.7928388746803,9.207161125319693,81.58567774936061
E00062777,332,54,15,39,278,26,252,16.265060240963855,4.518072289156627,11.74698795180723,83.73493975903614,7.83132530120482,75.90361445783132
E00062778,430,43,14,29,387,51,336,10,3.255813953488372,6.744186046511628,90,11.86046511627907,78.13953488372093
E00062779,620,129,49,80,491,34,457,20.806451612903228,7.903225806451612,12.903225806451612,79.19354838709678,5.483870967741936,73.70967741935483
E00062780,354,35,5,30,319,37,282,9.887005649717514,1.4124293785310735,8.47457627118644,90.11299435028248,10.451977401129943,79.66101694915254
E00062781,281,51,19,32,230,24,206,18.14946619217082,6.761565836298933,11.387900355871885,81.85053380782918,8.540925266903916,73.30960854092527
E00062782,300,32,15,17,268,30,238,10.666666666666668,5,5.666666666666666,89.33333333333333,10,79.33333333333333
E00062783,314,33,11,22,281,32,249,10.509554140127388,3.5031847133757963,7.006369426751593,89.49044585987261,10.191082802547772,79.29936305732484
E00062784,324,27,10,17,297,24,273,8.333333333333332,3.0864197530864197,5.246913580246913,91.66666666666666,7.4074074074074066,84.25925925925925
E00062785,323,52,18,34,271,18,253,16.09907120743034,5.572755417956656,10.526315789473683,83.90092879256966,5.572755417956656,78.328173374613
E00062786,289,44,16,28,245,12,233,15.22491349480969,5.536332179930796,9.688581314878892,84.77508650519032,4.1522491349480966,80.62283737024222
E00062787,311,40,19,21,271,22,249,12.861736334405144,6.109324758842444,6.752411575562702,87.13826366559485,7.07395498392283,80.06430868167203
E00062788,321,53,20,33,268,23,245,16.510903426791277,6.230529595015576,10.2803738317757,83.48909657320873,7.165109034267912,76.32398753894081
E00062789,280,55,21,34,225,17,208,19.642857142857142,7.5,12.142857142857142,80.35714285714286,6.071428571428571,74.28571428571429
E00062791,323,35,19,16,288,43,245,10.8359133126935,5.88235294117647,4.953560371517028,89.1640866873065,13.312693498452013,75.85139318885449
E00062792,158,70,36,34,88,12,76,44.303797468354425,22.78481012658228,21.518987341772153,55.69620253164557,7.59493670886076,48.10126582278481
E00062794,266,34,10,24,232,15,217,12.781954887218044,3.7593984962406015,9.022556390977442,87.21804511278195,5.639097744360902,81.57894736842105
E00062796,271,41,11,30,230,19,211,15.129151291512915,4.059040590405904,11.07011070110701,84.87084870848709,7.011070110701106,77.85977859778598
E00062797,340,55,15,40,285,24,261,16.176470588235293,4.411764705882353,11.76470588235294,83.82352941176471,7.0588235294117645,76.76470588235294
E00062798,337,62,21,41,275,32,243,18.397626112759642,6.231454005934718,12.166172106824925,81.60237388724035,9.495548961424333,72.10682492581603
E00062799,329,55,19,36,274,33,241,16.717325227963524,5.775075987841945,10.94224924012158,83.28267477203647,10.030395136778116,73.25227963525836
E00062800,519,47,22,25,472,32,440,9.05587668593449,4.238921001926782,4.8169556840077075,90.94412331406551,6.165703275529865,84.77842003853564
E00062801,344,40,10,30,304,31,273,11.627906976744185,2.9069767441860463,8.720930232558139,88.37209302325581,9.011627906976743,79.36046511627907
E00062802,204,58,28,30,146,21,125,28.431372549019606,13.725490196078432,14.705882352941178,71.56862745098039,10.294117647058822,61.274509803921575
E00062804,189,61,32,29,128,13,115,32.27513227513227,16.93121693121693,15.343915343915343,67.72486772486772,6.878306878306878,60.84656084656085
E00062805,416,88,30,58,328,29,299,21.153846153846153,7.211538461538461,13.942307692307693,78.84615384615384,6.971153846153847,71.875
E00062807,264,62,27,35,202,19,183,23.484848484848484,10.227272727272728,13.257575757575758,76.51515151515152,7.196969696969697,69.31818181818183
E00062808,283,48,19,29,235,22,213,16.96113074204947,6.713780918727916,10.247349823321555,83.03886925795054,7.773851590106007,75.26501766784452
E00062809,294,59,24,35,235,16,219,20.068027210884352,8.16326530612245,11.904761904761903,79.93197278911565,5.442176870748299,74.48979591836735
E00062810,286,59,22,37,227,17,210,20.62937062937063,7.6923076923076925,12.937062937062937,79.37062937062937,5.944055944055944,73.42657342657343
E00062811,269,43,17,26,226,16,210,15.985130111524162,6.319702602230483,9.66542750929368,84.01486988847584,5.947955390334572,78.06691449814126
E00062812,282,61,31,30,221,4,217,21.631205673758867,10.99290780141844,10.638297872340425,78.36879432624113,1.4184397163120568,76.95035460992908
E00062814,280,58,27,31,222,24,198,20.714285714285715,9.642857142857144,11.071428571428571,79.28571428571428,8.571428571428571,70.71428571428572
E00062815,319,70,23,47,249,21,228,21.9435736677116,7.210031347962382,14.733542319749215,78.0564263322884,6.583072100313479,71.47335423197492
E00062816,392,77,35,42,315,24,291,19.642857142857142,8.928571428571429,10.714285714285714,80.35714285714286,6.122448979591836,74.23469387755102
E00062817,288,72,33,39,216,10,206,25,11.458333333333332,13.541666666666666,75,3.4722222222222223,71.52777777777779
E00062818,517,94,43,51,423,31,392,18.181818181818183,8.317214700193423,9.864603481624759,81.81818181818183,5.996131528046422,75.8220502901354
E00062819,292,64,25,39,228,15,213,21.91780821917808,8.561643835616438,13.356164383561644,78.08219178082192,5.136986301369863,72.94520547945206
E00062820,369,77,39,38,292,22,270,20.867208672086722,10.569105691056912,10.29810298102981,79.13279132791328,5.9620596205962055,73.17073170731707
E00062821,404,75,34,41,329,18,311,18.564356435643564,8.415841584158416,10.14851485148515,81.43564356435643,4.455445544554455,76.98019801980197
E00062823,275,52,25,27,223,8,215,18.90909090909091,9.090909090909092,9.818181818181818,81.0909090909091,2.909090909090909,78.18181818181819
E00062824,294,58,28,30,236,20,216,19.727891156462583,9.523809523809524,10.204081632653061,80.27210884353741,6.802721088435375,73.46938775510205
E00062825,168,50,31,19,118,13,105,29.761904761904763,18.452380952380953,11.30952380952381,70.23809523809523,7.738095238095238,62.5
E00062826,235,57,28,29,178,6,172,24.25531914893617,11.914893617021278,12.340425531914894,75.74468085106383,2.553191489361702,73.19148936170212
E00062827,333,29,8,21,304,29,275,8.708708708708707,2.4024024024024024,6.306306306306306,91.29129129129129,8.708708708708707,82.58258258258259
E00062828,258,70,33,37,188,14,174,27.131782945736433,12.790697674418606,14.34108527131783,72.86821705426357,5.426356589147287,67.44186046511628
E00062829,489,97,49,48,392,19,373,19.836400817995912,10.020449897750511,9.815950920245399,80.16359918200409,3.885480572597137,76.27811860940696
E00062830,388,77,28,49,311,28,283,19.84536082474227,7.216494845360824,12.628865979381443,80.15463917525774,7.216494845360824,72.9381443298969
E00062831,341,69,22,47,272,16,256,20.234604105571847,6.451612903225806,13.78299120234604,79.76539589442815,4.69208211143695,75.0733137829912
E00062833,250,57,27,30,193,15,178,22.8,10.8,12,77.2,6,71.2
E00062834,258,49,24,25,209,16,193,18.992248062015506,9.30232558139535,9.689922480620156,81.0077519379845,6.2015503875969,74.8062015503876
E00062835,279,47,21,26,232,12,220,16.845878136200717,7.526881720430108,9.31899641577061,83.15412186379928,4.301075268817205,78.85304659498208
E00062837,361,67,28,39,294,30,264,18.559556786703602,7.756232686980609,10.80332409972299,81.4404432132964,8.310249307479225,73.13019390581718
E00062838,383,54,25,29,329,35,294,14.099216710182768,6.527415143603134,7.5718015665796345,85.90078328981723,9.138381201044385,76.76240208877284
E00062839,233,60,27,33,173,24,149,25.75107296137339,11.587982832618025,14.163090128755366,74.2489270386266,10.300429184549357,63.94849785407726
E00062840,267,34,14,20,233,25,208,12.734082397003746,5.2434456928838955,7.490636704119851,87.26591760299625,9.363295880149813,77.90262172284645
E00062841,263,91,50,41,172,17,155,34.60076045627377,19.011406844106464,15.5893536121673,65.39923954372624,6.4638783269961975,58.935361216730044
E00062842,280,53,20,33,227,32,195,18.928571428571427,7.142857142857142,11.785714285714285,81.07142857142857,11.428571428571429,69.64285714285714
E00062843,323,41,19,22,282,32,250,12.693498452012383,5.88235294117647,6.811145510835913,87.30650154798761,9.907120743034056,77.39938080495357
E00062844,240,32,12,20,208,25,183,13.333333333333334,5,8.333333333333332,86.66666666666667,10.416666666666668,76.25
E00062845,188,40,12,28,148,13,135,21.27659574468085,6.382978723404255,14.893617021276595,78.72340425531915,6.914893617021277,71.80851063829788
E00062846,301,40,13,27,261,34,227,13.2890365448505,4.318936877076411,8.970099667774086,86.71096345514951,11.295681063122924,75.41528239202658
E00062847,296,56,16,40,240,27,213,18.91891891891892,5.405405405405405,13.513513513513514,81.08108108108108,9.121621621621621,71.95945945945947
E00062848,309,77,37,40,232,21,211,24.919093851132686,11.974110032362459,12.944983818770226,75.08090614886731,6.796116504854369,68.28478964401295
E00062849,250,32,11,21,218,45,173,12.8,4.3999999999999995,8.4,87.2,18,69.19999999999999
E00062850,231,74,38,36,157,22,135,32.03463203463203,16.450216450216452,15.584415584415584,67.96536796536796,9.523809523809524,58.44155844155844
E00062852,280,91,47,44,189,19,170,32.5,16.785714285714285,15.714285714285714,67.5,6.785714285714286,60.71428571428571
E00062853,265,49,22,27,216,23,193,18.49056603773585,8.30188679245283,10.18867924528302,81.50943396226415,8.679245283018867,72.83018867924528
E00062855,334,57,22,35,277,18,259,17.065868263473057,6.58682634730539,10.479041916167663,82.93413173652695,5.389221556886228,77.54491017964071
E00062856,264,48,22,26,216,23,193,18.181818181818183,8.333333333333332,9.848484848484848,81.81818181818183,8.712121212121213,73.10606060606061
E00062857,141,32,8,24,109,9,100,22.69503546099291,5.673758865248227,17.02127659574468,77.30496453900709,6.382978723404255,70.92198581560284
E00062858,319,67,33,34,252,24,228,21.003134796238246,10.344827586206897,10.658307210031348,78.99686520376176,7.523510971786834,71.47335423197492
E00062859,249,52,23,29,197,26,171,20.883534136546185,9.236947791164658,11.646586345381527,79.11646586345381,10.441767068273093,68.67469879518072
E00062860,258,39,20,19,219,25,194,15.11627906976744,7.751937984496124,7.3643410852713185,84.88372093023256,9.689922480620156,75.1937984496124
E00062861,298,78,28,50,220,19,201,26.174496644295303,9.395973154362416,16.778523489932887,73.8255033557047,6.375838926174497,67.4496644295302
E00062862,307,61,21,40,246,26,220,19.86970684039088,6.840390879478828,13.029315960912053,80.13029315960912,8.469055374592834,71.66123778501628
E00062864,410,106,55,51,304,25,279,25.853658536585368,13.414634146341465,12.439024390243903,74.14634146341463,6.097560975609756,68.04878048780488
E00062865,239,38,15,23,201,25,176,15.899581589958158,6.2761506276150625,9.623430962343097,84.10041841004184,10.460251046025103,73.64016736401673
E00062867,373,95,40,55,278,24,254,25.46916890080429,10.723860589812332,14.745308310991955,74.53083109919572,6.434316353887399,68.09651474530831
E00062868,247,63,32,31,184,12,172,25.506072874493928,12.955465587044534,12.550607287449392,74.49392712550608,4.8582995951417,69.63562753036437
E00062869,217,62,29,33,155,12,143,28.57142857142857,13.36405529953917,15.207373271889402,71.42857142857143,5.529953917050691,65.89861751152074
E00062870,260,65,28,37,195,16,179,25,10.76923076923077,14.23076923076923,75,6.153846153846154,68.84615384615384
E00062873,274,65,23,42,209,20,189,23.722627737226276,8.394160583941606,15.328467153284672,76.27737226277372,7.2992700729927,68.97810218978103
E00062874,240,55,25,30,185,30,155,22.916666666666664,10.416666666666668,12.5,77.08333333333334,12.5,64.58333333333334
E00062875,306,59,20,39,247,24,223,19.28104575163399,6.535947712418301,12.745098039215685,80.71895424836602,7.8431372549019605,72.87581699346404
E00062876,254,67,39,28,187,12,175,26.37795275590551,15.354330708661418,11.023622047244094,73.62204724409449,4.724409448818897,68.89763779527559
E00062877,242,54,22,32,188,24,164,22.31404958677686,9.090909090909092,13.223140495867769,77.68595041322314,9.917355371900827,67.76859504132231
E00062878,314,103,76,27,211,20,191,32.802547770700635,24.203821656050955,8.598726114649681,67.19745222929936,6.369426751592357,60.828025477707
E00062879,297,67,20,47,230,19,211,22.55892255892256,6.7340067340067336,15.824915824915825,77.44107744107744,6.397306397306397,71.04377104377105
E00062880,278,75,37,38,203,14,189,26.978417266187048,13.309352517985612,13.66906474820144,73.02158273381295,5.0359712230215825,67.98561151079137
E00062881,434,63,33,30,371,44,327,14.516129032258066,7.603686635944701,6.912442396313365,85.48387096774194,10.138248847926267,75.34562211981567
E00062882,284,49,18,31,235,22,213,17.253521126760564,6.338028169014084,10.915492957746478,82.74647887323944,7.746478873239436,75
E00062883,285,49,10,39,236,27,209,17.192982456140353,3.508771929824561,13.684210526315791,82.80701754385966,9.473684210526317,73.33333333333333
E00062884,272,78,29,49,194,22,172,28.676470588235293,10.661764705882353,18.014705882352942,71.32352941176471,8.088235294117647,63.23529411764706
E00062885,290,67,35,32,223,17,206,23.103448275862068,12.068965517241379,11.03448275862069,76.89655172413794,5.862068965517241,71.03448275862068
E00062886,212,46,24,22,166,12,154,21.69811320754717,11.320754716981133,10.377358490566039,78.30188679245283,5.660377358490567,72.64150943396226
E00062887,281,66,30,36,215,11,204,23.487544483985765,10.676156583629894,12.811387900355871,76.51245551601423,3.9145907473309607,72.59786476868328
E00062888,310,62,32,30,248,21,227,20,10.32258064516129,9.67741935483871,80,6.774193548387098,73.22580645161291
E00062889,298,140,96,44,158,13,145,46.97986577181208,32.21476510067114,14.76510067114094,53.02013422818792,4.3624161073825505,48.65771812080537
E00062890,354,100,72,28,254,14,240,28.24858757062147,20.33898305084746,7.909604519774012,71.75141242937853,3.954802259887006,67.79661016949152
E00062891,465,53,20,33,412,31,381,11.397849462365592,4.301075268817205,7.096774193548387,88.6021505376344,6.666666666666667,81.93548387096774
E00062893,279,57,16,41,222,29,193,20.43010752688172,5.734767025089606,14.695340501792115,79.56989247311827,10.39426523297491,69.17562724014337
E00062894,334,71,35,36,263,31,232,21.25748502994012,10.479041916167663,10.778443113772456,78.74251497005989,9.281437125748502,69.46107784431138
E00062895,317,40,17,23,277,27,250,12.618296529968454,5.3627760252365935,7.255520504731862,87.38170347003155,8.517350157728707,78.86435331230284
E00062896,276,53,22,31,223,30,193,19.202898550724637,7.971014492753622,11.231884057971014,80.79710144927536,10.869565217391305,69.92753623188406
E00062897,346,64,42,22,282,22,260,18.497109826589593,12.138728323699421,6.358381502890173,81.5028901734104,6.358381502890173,75.14450867052022
E00062898,342,40,16,24,302,22,280,11.695906432748536,4.678362573099415,7.017543859649122,88.30409356725146,6.432748538011696,81.87134502923976
E00062899,317,49,15,34,268,21,247,15.457413249211358,4.73186119873817,10.725552050473187,84.54258675078864,6.624605678233439,77.91798107255521
E00062901,271,73,36,37,198,16,182,26.937269372693727,13.284132841328415,13.653136531365314,73.06273062730627,5.904059040590406,67.15867158671587
E00062902,355,58,29,29,297,31,266,16.338028169014084,8.169014084507042,8.169014084507042,83.66197183098592,8.732394366197182,74.92957746478874
E00062903,274,100,54,46,174,19,155,36.496350364963504,19.708029197080293,16.78832116788321,63.503649635036496,6.934306569343065,56.56934306569343
E00062904,471,27,4,23,444,38,406,5.7324840764331215,0.8492569002123143,4.8832271762208075,94.26751592356688,8.067940552016985,86.1995753715499
E00062905,308,55,29,26,253,15,238,17.857142857142858,9.415584415584416,8.441558441558442,82.14285714285714,4.870129870129871,77.27272727272727
E00062907,287,59,26,33,228,16,212,20.557491289198605,9.059233449477352,11.498257839721255,79.44250871080139,5.574912891986063,73.86759581881533
E00062908,324,56,20,36,268,29,239,17.28395061728395,6.172839506172839,11.11111111111111,82.71604938271605,8.950617283950617,73.76543209876543
E00062909,345,47,20,27,298,23,275,13.623188405797102,5.797101449275362,7.82608695652174,86.37681159420289,6.666666666666667,79.71014492753623
E00062910,291,45,19,26,246,22,224,15.463917525773196,6.529209621993128,8.934707903780069,84.5360824742268,7.560137457044673,76.97594501718214
E00062911,298,27,8,19,271,31,240,9.060402684563758,2.684563758389262,6.375838926174497,90.93959731543623,10.40268456375839,80.53691275167785
E00062912,237,48,16,32,189,19,170,20.253164556962027,6.751054852320674,13.502109704641349,79.74683544303798,8.016877637130802,71.72995780590718
E00062913,243,76,38,38,167,15,152,31.275720164609055,15.637860082304528,15.637860082304528,68.72427983539094,6.172839506172839,62.55144032921811
E00062915,252,55,26,29,197,20,177,21.825396825396826,10.317460317460316,11.507936507936508,78.17460317460318,7.936507936507936,70.23809523809523
E00062916,353,64,22,42,289,14,275,18.13031161473088,6.232294617563739,11.89801699716714,81.86968838526913,3.9660056657223794,77.90368271954674
E00062917,246,63,24,39,183,12,171,25.609756097560975,9.75609756097561,15.853658536585366,74.39024390243902,4.878048780487805,69.51219512195121
E00062918,293,40,15,25,253,24,229,13.651877133105803,5.1194539249146755,8.532423208191126,86.3481228668942,8.19112627986348,78.15699658703072
E00062919,338,41,16,25,297,25,272,12.1301775147929,4.733727810650888,7.396449704142012,87.86982248520711,7.396449704142012,80.4733727810651
E00062920,285,52,22,30,233,28,205,18.24561403508772,7.719298245614035,10.526315789473683,81.75438596491227,9.824561403508772,71.9298245614035
E00062921,349,64,27,37,285,29,256,18.33810888252149,7.736389684813753,10.601719197707736,81.66189111747852,8.30945558739255,73.35243553008596
E00062922,461,76,30,46,385,34,351,16.48590021691974,6.507592190889371,9.97830802603037,83.51409978308027,7.37527114967462,76.13882863340564
E00062923,229,39,16,23,190,19,171,17.03056768558952,6.986899563318777,10.043668122270741,82.96943231441048,8.296943231441048,74.67248908296943
E00062924,258,40,10,30,218,17,201,15.503875968992247,3.875968992248062,11.627906976744185,84.49612403100775,6.5891472868217065,77.90697674418605
E00062925,313,49,18,31,264,23,241,15.654952076677317,5.7507987220447285,9.904153354632587,84.34504792332268,7.348242811501597,76.99680511182109
E00062926,288,39,17,22,249,25,224,13.541666666666666,5.902777777777778,7.638888888888889,86.45833333333334,8.680555555555555,77.77777777777779
E00062927,278,40,15,25,238,22,216,14.388489208633093,5.39568345323741,8.992805755395683,85.61151079136691,7.913669064748201,77.6978417266187
E00062928,309,62,19,43,247,46,201,20.06472491909385,6.148867313915858,13.915857605177994,79.93527508090615,14.886731391585762,65.0485436893204
E00062929,297,59,30,29,238,18,220,19.865319865319865,10.1010101010101,9.764309764309765,80.13468013468014,6.0606060606060606,74.07407407407408
E00062930,281,47,17,30,234,15,219,16.72597864768683,6.049822064056939,10.676156583629894,83.27402135231317,5.338078291814947,77.93594306049823
E00062932,254,28,12,16,226,23,203,11.023622047244094,4.724409448818897,6.299212598425196,88.9763779527559,9.05511811023622,79.92125984251969
E00062934,301,76,32,44,225,18,207,25.249169435215947,10.631229235880399,14.61794019933555,74.75083056478405,5.980066445182724,68.77076411960132
E00062935,244,57,34,23,187,18,169,23.36065573770492,13.934426229508196,9.426229508196721,76.63934426229508,7.377049180327869,69.26229508196722
E00062936,273,52,22,30,221,26,195,19.047619047619047,8.058608058608058,10.989010989010989,80.95238095238095,9.523809523809524,71.42857142857143
E00062937,204,57,32,25,147,7,140,27.941176470588236,15.686274509803921,12.254901960784313,72.05882352941177,3.431372549019608,68.62745098039215
E00062939,271,63,30,33,208,16,192,23.247232472324722,11.07011070110701,12.177121771217712,76.75276752767527,5.904059040590406,70.84870848708486
E00062940,307,51,25,26,256,20,236,16.612377850162865,8.143322475570033,8.469055374592834,83.38762214983714,6.514657980456026,76.8729641693811
E00062941,255,38,18,20,217,25,192,14.901960784313726,7.0588235294117645,7.8431372549019605,85.09803921568627,9.803921568627452,75.29411764705883
E00062942,295,46,19,27,249,14,235,15.593220338983052,6.440677966101695,9.152542372881356,84.40677966101696,4.745762711864407,79.66101694915254
E00062943,201,64,34,30,137,8,129,31.8407960199005,16.91542288557214,14.925373134328357,68.1592039800995,3.9800995024875623,64.17910447761194
E00062944,240,39,15,24,201,22,179,16.25,6.25,10,83.75,9.166666666666666,74.58333333333333
E00062945,249,40,16,24,209,20,189,16.06425702811245,6.425702811244979,9.63855421686747,83.93574297188755,8.032128514056225,75.90361445783132
E00062946,199,47,24,23,152,12,140,23.618090452261306,12.060301507537687,11.557788944723619,76.38190954773869,6.030150753768844,70.35175879396985
E00062947,253,44,26,18,209,15,194,17.391304347826086,10.276679841897234,7.114624505928854,82.6086956521739,5.928853754940711,76.6798418972332
E00062948,296,82,44,38,214,9,205,27.7027027027027,14.864864864864865,12.837837837837837,72.2972972972973,3.040540540540541,69.25675675675676
E00062949,274,39,18,21,235,23,212,14.233576642335766,6.569343065693431,7.664233576642336,85.76642335766424,8.394160583941606,77.37226277372264
E00062950,322,50,22,28,272,23,249,15.527950310559005,6.832298136645963,8.695652173913043,84.472049689441,7.142857142857142,77.32919254658384
E00062951,169,39,18,21,130,17,113,23.076923076923077,10.650887573964498,12.42603550295858,76.92307692307693,10.059171597633137,66.86390532544378
E00062952,340,72,43,29,268,17,251,21.176470588235293,12.647058823529411,8.529411764705882,78.82352941176471,5,73.82352941176471
E00062953,222,49,30,19,173,13,160,22.07207207207207,13.513513513513514,8.558558558558559,77.92792792792793,5.8558558558558556,72.07207207207207
E00062954,263,50,19,31,213,19,194,19.011406844106464,7.224334600760455,11.787072243346007,80.98859315589354,7.224334600760455,73.76425855513308
E00062955,322,43,17,26,279,30,249,13.354037267080745,5.279503105590062,8.074534161490684,86.64596273291926,9.316770186335404,77.32919254658384
E00062956,256,60,33,27,196,21,175,23.4375,12.890625,10.546875,76.5625,8.203125,68.359375
E00062957,250,74,37,37,176,20,156,29.599999999999998,14.799999999999999,14.799999999999999,70.39999999999999,8,62.4
E00062960,333,53,21,32,280,26,254,15.915915915915916,6.306306306306306,9.60960960960961,84.08408408408408,7.807807807807808,76.27627627627628
E00062961,317,64,41,23,253,18,235,20.189274447949526,12.933753943217665,7.255520504731862,79.81072555205047,5.678233438485805,74.13249211356468
E00062962,248,89,47,42,159,7,152,35.88709677419355,18.951612903225808,16.93548387096774,64.11290322580645,2.82258064516129,61.29032258064516
E00062963,420,122,81,41,298,31,267,29.04761904761905,19.28571428571429,9.761904761904763,70.95238095238095,7.380952380952381,63.57142857142857
E00062964,235,63,22,41,172,13,159,26.80851063829787,9.361702127659575,17.4468085106383,73.19148936170212,5.531914893617021,67.65957446808511
E00062965,262,60,32,28,202,28,174,22.900763358778626,12.213740458015266,10.687022900763358,77.09923664122137,10.687022900763358,66.41221374045801
E00062967,299,66,37,29,233,25,208,22.073578595317723,12.37458193979933,9.698996655518394,77.92642140468227,8.361204013377927,69.56521739130434
E00062968,257,62,24,38,195,19,176,24.124513618677042,9.33852140077821,14.785992217898833,75.87548638132296,7.392996108949417,68.48249027237354
E00062969,289,51,23,28,238,18,220,17.647058823529413,7.958477508650519,9.688581314878892,82.35294117647058,6.228373702422145,76.12456747404845
E00062970,316,38,8,30,278,42,236,12.025316455696203,2.5316455696202533,9.49367088607595,87.9746835443038,13.291139240506327,74.68354430379746
E00062971,306,32,10,22,274,16,258,10.457516339869281,3.2679738562091507,7.18954248366013,89.54248366013073,5.228758169934641,84.31372549019608
E00062972,305,47,21,26,258,18,240,15.40983606557377,6.885245901639345,8.524590163934425,84.59016393442623,5.901639344262295,78.68852459016394
E00062973,239,39,11,28,200,15,185,16.317991631799163,4.602510460251046,11.715481171548117,83.68200836820083,6.2761506276150625,77.40585774058577
E00062975,238,42,16,26,196,22,174,17.647058823529413,6.722689075630252,10.92436974789916,82.35294117647058,9.243697478991598,73.10924369747899
E00062976,285,41,10,31,244,22,222,14.385964912280702,3.508771929824561,10.87719298245614,85.6140350877193,7.719298245614035,77.89473684210526
E00062977,309,53,22,31,256,19,237,17.15210355987055,7.119741100323624,10.032362459546926,82.84789644012946,6.148867313915858,76.69902912621359
E00062978,328,49,25,24,279,13,266,14.939024390243901,7.621951219512195,7.317073170731707,85.0609756097561,3.9634146341463414,81.09756097560977
E00062979,572,41,9,32,531,55,476,7.167832167832168,1.5734265734265735,5.594405594405594,92.83216783216784,9.615384615384617,83.21678321678321
E00062980,233,49,24,25,184,20,164,21.030042918454935,10.300429184549357,10.72961373390558,78.96995708154506,8.583690987124463,70.3862660944206
E00062981,414,53,13,40,361,41,320,12.80193236714976,3.140096618357488,9.66183574879227,87.19806763285024,9.903381642512077,77.29468599033817
E00062982,338,39,14,25,299,28,271,11.538461538461538,4.142011834319527,7.396449704142012,88.46153846153845,8.284023668639055,80.1775147928994
E00062983,291,52,20,32,239,19,220,17.869415807560138,6.872852233676976,10.996563573883162,82.13058419243985,6.529209621993128,75.60137457044674
E00062984,308,44,10,34,264,23,241,14.285714285714285,3.2467532467532463,11.03896103896104,85.71428571428571,7.467532467532467,78.24675324675324
E00062985,216,39,17,22,177,15,162,18.055555555555554,7.87037037037037,10.185185185185185,81.94444444444444,6.944444444444445,75
E00062986,312,27,8,19,285,27,258,8.653846153846153,2.564102564102564,6.089743589743589,91.34615384615384,8.653846153846153,82.6923076923077
E00062987,267,30,12,18,237,24,213,11.235955056179774,4.49438202247191,6.741573033707865,88.76404494382022,8.98876404494382,79.7752808988764
E00062988,319,53,16,37,266,25,241,16.614420062695924,5.015673981191222,11.598746081504702,83.38557993730407,7.836990595611286,75.54858934169279
E00062989,282,39,18,21,243,17,226,13.829787234042554,6.382978723404255,7.446808510638298,86.17021276595744,6.028368794326241,80.1418439716312
E00062990,309,41,19,22,268,30,238,13.268608414239482,6.148867313915858,7.119741100323624,86.73139158576052,9.70873786407767,77.02265372168284
E00062991,331,57,19,38,274,25,249,17.220543806646525,5.740181268882175,11.48036253776435,82.77945619335347,7.552870090634441,75.22658610271903
E00062992,310,49,16,33,261,23,238,15.806451612903224,5.161290322580645,10.64516129032258,84.19354838709677,7.419354838709677,76.77419354838709
E00062993,196,39,18,21,157,11,146,19.897959183673468,9.183673469387756,10.714285714285714,80.10204081632652,5.612244897959184,74.48979591836735
E00062994,321,33,10,23,288,32,256,10.2803738317757,3.115264797507788,7.165109034267912,89.7196261682243,9.968847352024921,79.75077881619937
E00062995,316,40,10,30,276,26,250,12.658227848101266,3.1645569620253164,9.49367088607595,87.34177215189874,8.227848101265822,79.11392405063292
E00062996,452,78,32,46,374,40,334,17.25663716814159,7.079646017699115,10.176991150442479,82.7433628318584,8.849557522123893,73.89380530973452
E00062997,260,40,15,25,220,20,200,15.384615384615385,5.769230769230769,9.615384615384617,84.61538461538461,7.6923076923076925,76.92307692307693
E00062998,308,35,12,23,273,30,243,11.363636363636363,3.896103896103896,7.467532467532467,88.63636363636364,9.740259740259742,78.8961038961039
E00062999,304,54,22,32,250,24,226,17.763157894736842,7.236842105263158,10.526315789473683,82.23684210526315,7.894736842105263,74.3421052631579
E00063000,288,30,10,20,258,28,230,10.416666666666668,3.4722222222222223,6.944444444444445,89.58333333333334,9.722222222222223,79.86111111111111
E00063001,274,44,23,21,230,31,199,16.05839416058394,8.394160583941606,7.664233576642336,83.94160583941606,11.313868613138686,72.62773722627736
E00063002,324,72,25,47,252,33,219,22.22222222222222,7.716049382716049,14.506172839506174,77.77777777777779,10.185185185185185,67.5925925925926
E00063003,149,57,37,20,92,9,83,38.25503355704698,24.832214765100673,13.422818791946309,61.74496644295302,6.0402684563758395,55.70469798657718
E00063004,264,45,17,28,219,26,193,17.045454545454543,6.4393939393939394,10.606060606060606,82.95454545454545,9.848484848484848,73.10606060606061
E00063005,322,47,16,31,275,26,249,14.596273291925465,4.968944099378882,9.627329192546584,85.40372670807453,8.074534161490684,77.32919254658384
E00063006,338,49,18,31,289,23,266,14.497041420118343,5.325443786982249,9.171597633136095,85.50295857988166,6.8047337278106506,78.69822485207101
E00063007,481,71,31,40,410,41,369,14.760914760914762,6.4449064449064455,8.316008316008316,85.23908523908524,8.523908523908524,76.71517671517671
E00063008,455,114,73,41,341,34,307,25.054945054945055,16.043956043956044,9.010989010989011,74.94505494505495,7.472527472527473,67.47252747252747
E00063009,248,31,9,22,217,14,203,12.5,3.6290322580645165,8.870967741935484,87.5,5.64516129032258,81.85483870967742
E00063010,326,47,9,38,279,39,240,14.417177914110429,2.7607361963190185,11.65644171779141,85.58282208588957,11.96319018404908,73.61963190184049
E00063011,322,37,11,26,285,26,259,11.490683229813664,3.4161490683229814,8.074534161490684,88.50931677018633,8.074534161490684,80.43478260869566
E00063012,497,46,17,29,451,45,406,9.25553319919517,3.420523138832998,5.8350100603621735,90.74446680080483,9.054325955734406,81.69014084507043
E00063013,286,63,36,27,223,21,202,22.02797202797203,12.587412587412588,9.44055944055944,77.97202797202797,7.3426573426573425,70.62937062937063
E00063014,281,78,36,42,203,20,183,27.75800711743772,12.811387900355871,14.94661921708185,72.24199288256227,7.11743772241993,65.12455516014235
E00063015,334,47,15,32,287,20,267,14.071856287425149,4.491017964071856,9.580838323353294,85.92814371257485,5.9880239520958085,79.94011976047905
E00063016,342,47,14,33,295,27,268,13.742690058479532,4.093567251461988,9.649122807017543,86.25730994152046,7.894736842105263,78.3625730994152
E00063017,280,47,16,31,233,22,211,16.785714285714285,5.714285714285714,11.071428571428571,83.21428571428572,7.857142857142857,75.35714285714286
E00063018,290,42,9,33,248,32,216,14.482758620689657,3.103448275862069,11.379310344827587,85.51724137931035,11.03448275862069,74.48275862068967
E00063019,268,50,25,25,218,17,201,18.65671641791045,9.328358208955224,9.328358208955224,81.34328358208955,6.343283582089552,75
E00063020,330,62,23,39,268,30,238,18.787878787878785,6.969696969696971,11.818181818181818,81.21212121212122,9.090909090909092,72.12121212121212
E00063021,386,65,27,38,321,24,297,16.83937823834197,6.994818652849741,9.844559585492227,83.16062176165802,6.217616580310881,76.94300518134715
E00063022,418,48,22,26,370,35,335,11.483253588516746,5.263157894736842,6.220095693779904,88.51674641148325,8.373205741626794,80.14354066985646
E00063023,293,54,22,32,239,26,213,18.43003412969283,7.508532423208192,10.921501706484642,81.56996587030717,8.873720136518772,72.6962457337884
E00063024,311,54,20,34,257,17,240,17.363344051446948,6.430868167202572,10.932475884244374,82.63665594855306,5.466237942122187,77.17041800643086
E00063025,262,43,16,27,219,22,197,16.412213740458014,6.106870229007633,10.305343511450381,83.58778625954199,8.396946564885496,75.19083969465649
E00063026,262,51,16,35,211,19,192,19.46564885496183,6.106870229007633,13.358778625954198,80.53435114503816,7.251908396946565,73.2824427480916
E00063027,306,75,41,34,231,28,203,24.509803921568626,13.398692810457517,11.11111111111111,75.49019607843137,9.15032679738562,66.33986928104575
E00063028,380,65,31,34,315,41,274,17.105263157894736,8.157894736842106,8.947368421052632,82.89473684210526,10.789473684210527,72.10526315789474
E00063029,245,64,28,36,181,25,156,26.122448979591837,11.428571428571429,14.69387755102041,73.87755102040816,10.204081632653061,63.6734693877551
E00063030,321,49,18,31,272,24,248,15.264797507788161,5.607476635514018,9.657320872274143,84.73520249221184,7.476635514018691,77.25856697819314
E00063031,297,42,20,22,255,14,241,14.14141414141414,6.7340067340067336,7.4074074074074066,85.85858585858585,4.713804713804714,81.14478114478115
E00063032,288,47,24,23,241,16,225,16.319444444444446,8.333333333333332,7.986111111111111,83.68055555555556,5.555555555555555,78.125
E00063033,286,36,19,17,250,20,230,12.587412587412588,6.643356643356643,5.944055944055944,87.41258741258741,6.993006993006993,80.41958041958041
E00063034,212,38,15,23,174,11,163,17.92452830188679,7.0754716981132075,10.849056603773585,82.0754716981132,5.188679245283019,76.88679245283019
E00063035,508,54,16,38,454,33,421,10.62992125984252,3.149606299212598,7.480314960629922,89.37007874015748,6.496062992125983,82.8740157480315
E00063036,319,75,35,40,244,25,219,23.510971786833856,10.9717868338558,12.539184952978054,76.48902821316614,7.836990595611286,68.65203761755487
E00063037,318,52,16,36,266,28,238,16.352201257861633,5.031446540880504,11.320754716981133,83.64779874213836,8.80503144654088,74.84276729559748
E00063038,277,62,25,37,215,20,195,22.382671480144403,9.025270758122744,13.357400722021662,77.6173285198556,7.2202166064981945,70.3971119133574
E00063039,239,53,26,27,186,25,161,22.17573221757322,10.87866108786611,11.297071129707113,77.82426778242679,10.460251046025103,67.36401673640168
E00063041,305,89,41,48,216,9,207,29.18032786885246,13.442622950819672,15.737704918032788,70.81967213114754,2.9508196721311477,67.8688524590164
E00063042,334,56,17,39,278,30,248,16.766467065868262,5.089820359281437,11.676646706586826,83.23353293413174,8.982035928143713,74.25149700598801
E00063043,333,73,37,36,260,11,249,21.92192192192192,11.11111111111111,10.81081081081081,78.07807807807808,3.303303303303303,74.77477477477478
E00063044,387,63,19,44,324,28,296,16.27906976744186,4.909560723514212,11.369509043927648,83.72093023255815,7.235142118863049,76.48578811369508
E00063045,278,48,16,32,230,30,200,17.26618705035971,5.755395683453238,11.510791366906476,82.73381294964028,10.79136690647482,71.94244604316546
E00063046,316,66,33,33,250,17,233,20.88607594936709,10.443037974683545,10.443037974683545,79.11392405063292,5.379746835443038,73.73417721518987
E00063047,274,44,7,37,230,28,202,16.05839416058394,2.5547445255474455,13.503649635036496,83.94160583941606,10.218978102189782,73.72262773722628
E00063048,308,58,28,30,250,16,234,18.83116883116883,9.090909090909092,9.740259740259742,81.16883116883116,5.194805194805195,75.97402597402598
E00063049,277,33,14,19,244,20,224,11.913357400722022,5.054151624548736,6.859205776173286,88.08664259927798,7.2202166064981945,80.86642599277978
E00063050,354,81,43,38,273,23,250,22.88135593220339,12.146892655367232,10.734463276836157,77.11864406779661,6.497175141242938,70.62146892655367
E00063051,309,42,14,28,267,25,242,13.592233009708737,4.53074433656958,9.06148867313916,86.40776699029125,8.090614886731391,78.31715210355988
E00063053,244,27,7,20,217,18,199,11.065573770491802,2.8688524590163933,8.19672131147541,88.9344262295082,7.377049180327869,81.55737704918032
E00063054,276,32,6,26,244,23,221,11.594202898550725,2.1739130434782608,9.420289855072465,88.40579710144928,8.333333333333332,80.07246376811594
E00063055,274,30,11,19,244,23,221,10.948905109489052,4.014598540145985,6.934306569343065,89.05109489051095,8.394160583941606,80.65693430656934
E00063056,379,44,17,27,335,32,303,11.609498680738787,4.485488126649076,7.12401055408971,88.39050131926122,8.443271767810026,79.94722955145119
E00063057,279,30,10,20,249,25,224,10.75268817204301,3.584229390681003,7.168458781362006,89.24731182795699,8.960573476702509,80.28673835125448
E00063058,299,34,10,24,265,25,240,11.37123745819398,3.3444816053511706,8.02675585284281,88.62876254180601,8.361204013377927,80.2675585284281
E00063059,339,53,28,25,286,33,253,15.634218289085547,8.259587020648967,7.374631268436578,84.36578171091446,9.734513274336283,74.63126843657817
E00063060,445,126,81,45,319,29,290,28.314606741573034,18.202247191011235,10.112359550561797,71.68539325842697,6.51685393258427,65.1685393258427
E00063061,254,48,31,17,206,28,178,18.89763779527559,12.204724409448819,6.692913385826772,81.10236220472441,11.023622047244094,70.07874015748031
E00063062,417,119,50,69,298,13,285,28.53717026378897,11.990407673860911,16.546762589928058,71.46282973621103,3.117505995203837,68.34532374100719
E00063063,227,52,19,33,175,20,155,22.90748898678414,8.370044052863436,14.537444933920703,77.09251101321586,8.81057268722467,68.28193832599119
E00063064,261,48,25,23,213,20,193,18.39080459770115,9.578544061302683,8.812260536398467,81.60919540229885,7.662835249042145,73.9463601532567
E00063068,419,69,29,40,350,22,328,16.467780429594274,6.921241050119331,9.54653937947494,83.53221957040573,5.250596658711217,78.28162291169451
E00063070,317,63,33,30,254,19,235,19.873817034700316,10.410094637223976,9.46372239747634,80.12618296529969,5.993690851735016,74.13249211356468
E00063071,325,71,30,41,254,17,237,21.846153846153847,9.230769230769232,12.615384615384615,78.15384615384615,5.230769230769231,72.92307692307692
E00063072,346,70,24,46,276,22,254,20.23121387283237,6.9364161849710975,13.294797687861271,79.76878612716763,6.358381502890173,73.41040462427746
E00063073,249,73,44,29,176,14,162,29.31726907630522,17.670682730923694,11.646586345381527,70.68273092369478,5.622489959839357,65.06024096385542
E00063074,194,41,17,24,153,12,141,21.1340206185567,8.762886597938143,12.371134020618557,78.8659793814433,6.185567010309279,72.68041237113401
E00063075,235,49,26,23,186,12,174,20.851063829787233,11.063829787234042,9.787234042553191,79.14893617021276,5.106382978723404,74.04255319148936
E00063076,234,61,24,37,173,6,167,26.06837606837607,10.256410256410255,15.81196581196581,73.93162393162393,2.564102564102564,71.36752136752136
E00063077,293,66,23,43,227,19,208,22.525597269624573,7.849829351535837,14.675767918088736,77.47440273037543,6.484641638225256,70.98976109215018
E00063078,320,84,32,52,236,17,219,26.25,10,16.25,73.75,5.3125,68.4375
E00063079,273,48,20,28,225,21,204,17.582417582417584,7.326007326007327,10.256410256410255,82.41758241758241,7.6923076923076925,74.72527472527473
E00063080,312,61,28,33,251,18,233,19.55128205128205,8.974358974358974,10.576923076923077,80.44871794871796,5.769230769230769,74.67948717948718
E00063081,425,82,30,52,343,28,315,19.294117647058822,7.0588235294117645,12.23529411764706,80.70588235294117,6.588235294117648,74.11764705882354
E00063082,262,58,31,27,204,28,176,22.137404580152673,11.83206106870229,10.305343511450381,77.86259541984732,10.687022900763358,67.17557251908397
E00063083,254,29,12,17,225,21,204,11.41732283464567,4.724409448818897,6.692913385826772,88.58267716535433,8.267716535433072,80.31496062992126
E00063084,417,63,32,31,354,27,327,15.107913669064748,7.673860911270983,7.434052757793765,84.89208633093526,6.474820143884892,78.41726618705036
E00063085,460,75,33,42,385,44,341,16.304347826086957,7.173913043478261,9.130434782608695,83.69565217391305,9.565217391304348,74.1304347826087
E00063086,232,44,18,26,188,20,168,18.96551724137931,7.758620689655173,11.206896551724139,81.03448275862068,8.620689655172415,72.41379310344827
E00063087,170,80,52,28,90,8,82,47.05882352941176,30.58823529411765,16.470588235294116,52.94117647058824,4.705882352941177,48.23529411764706
E00063088,247,51,23,28,196,21,175,20.647773279352226,9.31174089068826,11.336032388663968,79.35222672064778,8.502024291497975,70.8502024291498
E00063089,283,57,23,34,226,16,210,20.141342756183743,8.12720848056537,12.014134275618375,79.85865724381625,5.6537102473498235,74.20494699646643
E00063091,269,41,22,19,228,23,205,15.241635687732341,8.178438661710038,7.063197026022305,84.75836431226766,8.550185873605948,76.2081784386617
E00063092,348,52,18,34,296,27,269,14.942528735632186,5.172413793103448,9.770114942528735,85.0574712643678,7.758620689655173,77.29885057471265
E00063093,264,44,14,30,220,23,197,16.666666666666664,5.303030303030303,11.363636363636363,83.33333333333334,8.712121212121213,74.62121212121212
E00063094,355,37,12,25,318,29,289,10.422535211267606,3.3802816901408446,7.042253521126761,89.5774647887324,8.169014084507042,81.40845070422536
E00063095,282,52,26,26,230,13,217,18.439716312056735,9.219858156028367,9.219858156028367,81.56028368794325,4.609929078014184,76.95035460992908
E00063096,263,43,17,26,220,26,194,16.34980988593156,6.4638783269961975,9.885931558935361,83.65019011406845,9.885931558935361,73.76425855513308
E00063097,236,41,14,27,195,23,172,17.372881355932204,5.932203389830509,11.440677966101696,82.62711864406779,9.745762711864407,72.88135593220339
E00063098,293,48,26,22,245,20,225,16.38225255972696,8.873720136518772,7.508532423208192,83.61774744027304,6.825938566552901,76.79180887372013
E00063099,297,60,17,43,237,23,214,20.2020202020202,5.723905723905724,14.47811447811448,79.7979797979798,7.744107744107744,72.05387205387206
E00063100,297,55,31,24,242,22,220,18.51851851851852,10.437710437710438,8.080808080808081,81.48148148148148,7.4074074074074066,74.07407407407408
E00063101,250,33,11,22,217,16,201,13.200000000000001,4.3999999999999995,8.799999999999999,86.8,6.4,80.4
E00063102,197,41,19,22,156,18,138,20.812182741116754,9.644670050761421,11.16751269035533,79.18781725888326,9.137055837563452,70.05076142131979
E00063104,241,27,14,13,214,24,190,11.20331950207469,5.809128630705394,5.394190871369295,88.79668049792531,9.95850622406639,78.83817427385893
E00063105,249,50,18,32,199,23,176,20.080321285140563,7.228915662650602,12.851405622489958,79.91967871485943,9.236947791164658,70.68273092369478
E00063106,217,54,32,22,163,20,143,24.88479262672811,14.746543778801843,10.138248847926267,75.11520737327189,9.216589861751153,65.89861751152074
E00063107,262,34,13,21,228,23,205,12.977099236641221,4.961832061068702,8.015267175572518,87.02290076335878,8.778625954198473,78.2442748091603
E00063108,221,48,21,27,173,23,150,21.71945701357466,9.502262443438914,12.217194570135746,78.28054298642535,10.407239819004525,67.87330316742081
E00063110,186,49,23,26,137,21,116,26.344086021505376,12.365591397849462,13.978494623655912,73.65591397849462,11.29032258064516,62.365591397849464
E00063111,248,30,14,16,218,26,192,12.096774193548388,5.64516129032258,6.451612903225806,87.90322580645162,10.483870967741936,77.41935483870968
E00063113,444,50,20,30,394,41,353,11.26126126126126,4.504504504504505,6.756756756756757,88.73873873873875,9.234234234234235,79.5045045045045
E00063114,354,59,34,25,295,36,259,16.666666666666664,9.6045197740113,7.062146892655368,83.33333333333334,10.16949152542373,73.1638418079096
E00063115,292,49,27,22,243,34,209,16.78082191780822,9.246575342465754,7.534246575342466,83.21917808219177,11.643835616438356,71.57534246575342
E00063116,391,56,23,33,335,34,301,14.322250639386189,5.88235294117647,8.439897698209718,85.6777493606138,8.695652173913043,76.98209718670077
E00063117,287,47,20,27,240,26,214,16.376306620209057,6.968641114982578,9.40766550522648,83.62369337979094,9.059233449477352,74.56445993031359
E00063118,303,48,9,39,255,19,236,15.841584158415841,2.9702970297029703,12.871287128712872,84.15841584158416,6.270627062706271,77.88778877887789
E00063119,348,41,15,26,307,28,279,11.781609195402298,4.310344827586207,7.471264367816093,88.2183908045977,8.045977011494253,80.17241379310344
E00063120,307,38,10,28,269,17,252,12.37785016286645,3.257328990228013,9.120521172638437,87.62214983713355,5.537459283387622,82.08469055374593
E00063121,267,59,20,39,208,22,186,22.09737827715356,7.490636704119851,14.606741573033707,77.90262172284645,8.239700374531834,69.66292134831461
E00063122,330,43,18,25,287,27,260,13.030303030303031,5.454545454545454,7.575757575757576,86.96969696969697,8.181818181818182,78.78787878787878
E00063123,357,51,18,33,306,23,283,14.285714285714285,5.042016806722689,9.243697478991598,85.71428571428571,6.442577030812324,79.27170868347339
E00063125,280,59,23,36,221,19,202,21.071428571428573,8.214285714285714,12.857142857142856,78.92857142857143,6.785714285714286,72.14285714285714
E00063126,208,37,9,28,171,17,154,17.78846153846154,4.326923076923077,13.461538461538462,82.21153846153845,8.173076923076923,74.03846153846155
E00063127,256,53,21,32,203,17,186,20.703125,8.203125,12.5,79.296875,6.640625,72.65625
E00063128,182,39,12,27,143,18,125,21.428571428571427,6.593406593406594,14.835164835164836,78.57142857142857,9.89010989010989,68.68131868131869
E00063129,273,32,9,23,241,22,219,11.72161172161172,3.296703296703297,8.424908424908425,88.27838827838828,8.058608058608058,80.21978021978022
E00063130,268,52,28,24,216,21,195,19.402985074626866,10.44776119402985,8.955223880597014,80.59701492537313,7.835820895522389,72.76119402985076
E00063131,452,36,11,25,416,46,370,7.964601769911504,2.433628318584071,5.530973451327434,92.03539823008849,10.176991150442479,81.85840707964603
E00063132,322,72,35,37,250,13,237,22.36024844720497,10.869565217391305,11.490683229813664,77.63975155279503,4.037267080745342,73.6024844720497
E00063133,302,45,17,28,257,23,234,14.90066225165563,5.629139072847682,9.271523178807946,85.09933774834437,7.6158940397351,77.48344370860927
E00063134,499,42,10,32,457,46,411,8.41683366733467,2.004008016032064,6.4128256513026045,91.58316633266533,9.218436873747494,82.36472945891784
E00063135,508,46,11,35,462,38,424,9.05511811023622,2.1653543307086616,6.889763779527559,90.94488188976378,7.480314960629922,83.46456692913385
E00063136,322,72,54,18,250,25,225,22.36024844720497,16.77018633540373,5.590062111801243,77.63975155279503,7.763975155279502,69.87577639751554
E00063137,366,71,15,56,295,27,268,19.398907103825135,4.098360655737705,15.300546448087433,80.60109289617486,7.377049180327869,73.224043715847
E00063138,298,37,16,21,261,28,233,12.416107382550337,5.369127516778524,7.046979865771812,87.58389261744966,9.395973154362416,78.18791946308725
E00063139,533,55,18,37,478,44,434,10.318949343339586,3.377110694183865,6.941838649155723,89.6810506566604,8.25515947467167,81.42589118198875
E00063140,297,66,30,36,231,19,212,22.22222222222222,10.1010101010101,12.121212121212121,77.77777777777779,6.397306397306397,71.38047138047138
E00063141,378,50,11,39,328,36,292,13.227513227513226,2.91005291005291,10.317460317460316,86.77248677248677,9.523809523809524,77.24867724867724
E00063142,379,27,8,19,352,30,322,7.12401055408971,2.1108179419525066,5.013192612137203,92.87598944591029,7.9155672823219,84.96042216358839
E00063143,383,46,14,32,337,17,320,12.010443864229766,3.6553524804177546,8.355091383812011,87.98955613577023,4.43864229765013,83.5509138381201
E00063144,383,44,18,26,339,29,310,11.488250652741515,4.699738903394255,6.7885117493472595,88.51174934725849,7.5718015665796345,80.93994778067885
E00063145,319,40,16,24,279,35,244,12.539184952978054,5.015673981191222,7.523510971786834,87.46081504702194,10.9717868338558,76.48902821316614
E00063146,375,68,37,31,307,22,285,18.133333333333333,9.866666666666667,8.266666666666666,81.86666666666666,5.866666666666666,76
E00063147,340,55,30,25,285,34,251,16.176470588235293,8.823529411764707,7.352941176470589,83.82352941176471,10,73.82352941176471
E00063148,311,63,24,39,248,20,228,20.257234726688104,7.717041800643088,12.540192926045016,79.7427652733119,6.430868167202572,73.31189710610933
E00063149,306,39,13,26,267,19,248,12.745098039215685,4.248366013071895,8.49673202614379,87.25490196078431,6.209150326797386,81.04575163398692
E00063150,288,56,28,28,232,20,212,19.444444444444446,9.722222222222223,9.722222222222223,80.55555555555556,6.944444444444445,73.61111111111111
E00063151,364,109,56,53,255,23,232,29.945054945054945,15.384615384615385,14.560439560439562,70.05494505494505,6.318681318681318,63.73626373626373
E00063152,312,68,25,43,244,28,216,21.794871794871796,8.012820512820513,13.782051282051283,78.2051282051282,8.974358974358974,69.23076923076923
E00063153,278,47,15,32,231,12,219,16.906474820143885,5.39568345323741,11.510791366906476,83.09352517985612,4.316546762589928,78.77697841726618
E00063154,315,54,20,34,261,20,241,17.142857142857142,6.349206349206349,10.793650793650794,82.85714285714286,6.349206349206349,76.5079365079365
E00063155,355,78,37,41,277,20,257,21.971830985915496,10.422535211267606,11.549295774647888,78.0281690140845,5.633802816901409,72.3943661971831
E00063156,280,45,19,26,235,20,215,16.071428571428573,6.785714285714286,9.285714285714286,83.92857142857143,7.142857142857142,76.78571428571429
E00063157,300,37,14,23,263,16,247,12.333333333333334,4.666666666666667,7.666666666666666,87.66666666666667,5.333333333333334,82.33333333333334
E00063158,322,70,33,37,252,26,226,21.73913043478261,10.248447204968944,11.490683229813664,78.26086956521739,8.074534161490684,70.1863354037267
E00063159,291,45,13,32,246,18,228,15.463917525773196,4.4673539518900345,10.996563573883162,84.5360824742268,6.185567010309279,78.35051546391753
E00063160,269,50,24,26,219,24,195,18.587360594795538,8.921933085501859,9.66542750929368,81.41263940520446,8.921933085501859,72.4907063197026
E00063161,278,38,17,21,240,21,219,13.66906474820144,6.115107913669065,7.553956834532374,86.33093525179856,7.553956834532374,78.77697841726618
E00063162,253,42,19,23,211,21,190,16.600790513833992,7.5098814229249005,9.090909090909092,83.399209486166,8.300395256916996,75.09881422924902
E00063163,253,42,15,27,211,16,195,16.600790513833992,5.928853754940711,10.67193675889328,83.399209486166,6.324110671936759,77.07509881422925
E00063164,293,51,21,30,242,21,221,17.4061433447099,7.167235494880546,10.238907849829351,82.5938566552901,7.167235494880546,75.42662116040955
E00063165,268,62,32,30,206,13,193,23.134328358208954,11.940298507462686,11.194029850746269,76.86567164179104,4.850746268656716,72.01492537313433
E00063166,324,65,39,26,259,16,243,20.061728395061728,12.037037037037036,8.024691358024691,79.93827160493827,4.938271604938271,75
E00063167,288,59,34,25,229,18,211,20.48611111111111,11.805555555555555,8.680555555555555,79.51388888888889,6.25,73.26388888888889
E00063168,410,98,56,42,312,16,296,23.902439024390244,13.658536585365855,10.24390243902439,76.09756097560975,3.902439024390244,72.1951219512195
E00063169,339,64,30,34,275,14,261,18.87905604719764,8.849557522123893,10.029498525073747,81.12094395280236,4.129793510324483,76.99115044247787
E00063170,287,67,34,33,220,21,199,23.34494773519164,11.846689895470384,11.498257839721255,76.65505226480836,7.317073170731707,69.33797909407666
E00063171,290,72,21,51,218,27,191,24.82758620689655,7.241379310344828,17.586206896551722,75.17241379310344,9.310344827586208,65.86206896551724
E00063172,309,58,21,37,251,22,229,18.77022653721683,6.796116504854369,11.974110032362459,81.22977346278317,7.119741100323624,74.11003236245955
E00063173,316,74,33,41,242,14,228,23.417721518987342,10.443037974683545,12.974683544303797,76.58227848101265,4.430379746835443,72.15189873417721
E00063174,315,98,57,41,217,23,194,31.11111111111111,18.095238095238095,13.015873015873018,68.88888888888889,7.301587301587302,61.58730158730159
E00063175,350,74,29,45,276,24,252,21.142857142857142,8.285714285714285,12.857142857142856,78.85714285714286,6.857142857142858,72
E00063176,180,70,34,36,110,18,92,38.88888888888889,18.88888888888889,20,61.111111111111114,10,51.11111111111111
E00063177,297,67,33,34,230,19,211,22.55892255892256,11.11111111111111,11.447811447811448,77.44107744107744,6.397306397306397,71.04377104377105
E00063178,311,59,25,34,252,22,230,18.971061093247588,8.038585209003216,10.932475884244374,81.02893890675242,7.07395498392283,73.95498392282958
E00063179,331,56,27,29,275,22,253,16.91842900302115,8.157099697885197,8.761329305135952,83.08157099697885,6.646525679758309,76.43504531722054
E00063180,299,55,22,33,244,23,221,18.394648829431436,7.357859531772576,11.036789297658862,81.60535117056857,7.6923076923076925,73.91304347826086
E00063181,115,19,6,13,96,15,81,16.52173913043478,5.217391304347826,11.304347826086957,83.47826086956522,13.043478260869565,70.43478260869566
E00063182,254,39,13,26,215,22,193,15.354330708661418,5.118110236220472,10.236220472440944,84.64566929133859,8.661417322834646,75.98425196850394
E00063183,310,51,25,26,259,37,222,16.451612903225808,8.064516129032258,8.38709677419355,83.54838709677419,11.935483870967742,71.61290322580646
E00063184,279,50,27,23,229,26,203,17.921146953405017,9.67741935483871,8.24372759856631,82.07885304659499,9.31899641577061,72.75985663082437
E00063185,360,89,48,41,271,28,243,24.72222222222222,13.333333333333334,11.38888888888889,75.27777777777777,7.777777777777778,67.5
E00063186,278,54,24,30,224,25,199,19.424460431654676,8.633093525179856,10.79136690647482,80.57553956834532,8.992805755395683,71.58273381294964
E00063187,238,66,32,34,172,21,151,27.73109243697479,13.445378151260504,14.285714285714285,72.26890756302521,8.823529411764707,63.4453781512605
E00063188,338,47,18,29,291,18,273,13.905325443786982,5.325443786982249,8.579881656804734,86.09467455621301,5.325443786982249,80.76923076923077
E00063189,248,41,15,26,207,22,185,16.532258064516128,6.048387096774194,10.483870967741936,83.46774193548387,8.870967741935484,74.59677419354838
E00063190,346,59,22,37,287,28,259,17.052023121387283,6.358381502890173,10.69364161849711,82.94797687861272,8.092485549132949,74.85549132947978
E00063191,366,58,19,39,308,33,275,15.846994535519126,5.191256830601093,10.655737704918032,84.15300546448088,9.01639344262295,75.13661202185791
E00063192,313,55,23,32,258,20,238,17.57188498402556,7.348242811501597,10.223642172523961,82.42811501597444,6.3897763578274756,76.03833865814697
E00063193,220,61,30,31,159,17,142,27.727272727272727,13.636363636363635,14.09090909090909,72.27272727272728,7.727272727272727,64.54545454545455
E00063194,246,39,22,17,207,22,185,15.853658536585366,8.94308943089431,6.910569105691057,84.14634146341463,8.94308943089431,75.20325203252033
E00063195,265,52,24,28,213,26,187,19.622641509433965,9.056603773584905,10.566037735849058,80.37735849056604,9.811320754716983,70.56603773584905
E00063196,267,96,50,46,171,21,150,35.95505617977528,18.726591760299627,17.228464419475657,64.04494382022472,7.865168539325842,56.17977528089888
E00063197,283,56,22,34,227,20,207,19.78798586572438,7.773851590106007,12.014134275618375,80.21201413427562,7.06713780918728,73.14487632508833
E00063198,306,41,19,22,265,29,236,13.398692810457517,6.209150326797386,7.18954248366013,86.60130718954248,9.477124183006536,77.12418300653596
E00063199,281,48,19,29,233,11,222,17.08185053380783,6.761565836298933,10.320284697508896,82.91814946619218,3.9145907473309607,79.00355871886121
E00063200,274,83,48,35,191,12,179,30.29197080291971,17.51824817518248,12.773722627737227,69.7080291970803,4.37956204379562,65.32846715328468
E00063201,309,38,12,26,271,25,246,12.297734627831716,3.8834951456310676,8.414239482200648,87.70226537216828,8.090614886731391,79.6116504854369
E00063202,299,55,27,28,244,21,223,18.394648829431436,9.03010033444816,9.364548494983277,81.60535117056857,7.023411371237458,74.5819397993311
E00063203,308,64,26,38,244,23,221,20.77922077922078,8.441558441558442,12.337662337662337,79.22077922077922,7.467532467532467,71.75324675324676
E00063204,296,59,26,33,237,22,215,19.93243243243243,8.783783783783784,11.14864864864865,80.06756756756756,7.4324324324324325,72.63513513513513
E00063205,313,48,23,25,265,18,247,15.335463258785943,7.348242811501597,7.987220447284344,84.66453674121406,5.7507987220447285,78.91373801916933
E00063206,314,61,31,30,253,23,230,19.426751592356688,9.872611464968154,9.554140127388536,80.57324840764332,7.32484076433121,73.24840764331209
E00063207,308,56,26,30,252,18,234,18.181818181818183,8.441558441558442,9.740259740259742,81.81818181818183,5.844155844155844,75.97402597402598
E00063208,179,46,23,23,133,14,119,25.69832402234637,12.849162011173185,12.849162011173185,74.30167597765363,7.82122905027933,66.4804469273743
E00063209,314,90,35,55,224,21,203,28.662420382165603,11.146496815286625,17.51592356687898,71.3375796178344,6.687898089171974,64.64968152866241
E00063210,309,65,27,38,244,14,230,21.035598705501616,8.737864077669903,12.297734627831716,78.96440129449837,4.53074433656958,74.4336569579288
E00063211,249,68,36,32,181,15,166,27.309236947791167,14.457831325301203,12.851405622489958,72.69076305220884,6.024096385542169,66.66666666666666
E00063212,211,72,39,33,139,23,116,34.12322274881517,18.48341232227488,15.639810426540285,65.87677725118483,10.90047393364929,54.976303317535546
E00063213,233,48,25,23,185,20,165,20.600858369098713,10.72961373390558,9.871244635193133,79.39914163090128,8.583690987124463,70.81545064377683
E00063214,254,56,27,29,198,18,180,22.04724409448819,10.62992125984252,11.41732283464567,77.95275590551181,7.086614173228346,70.86614173228347
E00063215,311,79,39,40,232,19,213,25.401929260450164,12.540192926045016,12.861736334405144,74.59807073954984,6.109324758842444,68.48874598070739
E00063216,306,65,33,32,241,19,222,21.241830065359476,10.784313725490197,10.457516339869281,78.75816993464052,6.209150326797386,72.54901960784314
E00063217,183,59,32,27,124,7,117,32.240437158469945,17.48633879781421,14.754098360655737,67.75956284153006,3.825136612021858,63.934426229508205
E00063218,297,66,35,31,231,22,209,22.22222222222222,11.784511784511785,10.437710437710438,77.77777777777779,7.4074074074074066,70.37037037037037
E00063219,249,35,23,12,214,17,197,14.056224899598394,9.236947791164658,4.819277108433735,85.94377510040161,6.827309236947792,79.11646586345381
E00063220,342,61,29,32,281,17,264,17.83625730994152,8.47953216374269,9.35672514619883,82.16374269005848,4.970760233918129,77.19298245614034
E00063221,277,65,33,32,212,13,199,23.465703971119133,11.913357400722022,11.552346570397113,76.53429602888086,4.693140794223827,71.84115523465704
E00063222,299,54,14,40,245,24,221,18.06020066889632,4.682274247491638,13.377926421404682,81.93979933110369,8.02675585284281,73.91304347826086
E00063223,273,46,25,21,227,15,212,16.84981684981685,9.157509157509157,7.6923076923076925,83.15018315018315,5.4945054945054945,77.65567765567766
E00063224,283,47,24,23,236,17,219,16.607773851590103,8.480565371024735,8.12720848056537,83.3922261484099,6.007067137809187,77.3851590106007
E00063225,286,48,18,30,238,19,219,16.783216783216783,6.293706293706294,10.48951048951049,83.21678321678321,6.643356643356643,76.57342657342657
E00063226,225,64,27,37,161,11,150,28.444444444444443,12,16.444444444444446,71.55555555555554,4.888888888888889,66.66666666666666
E00063227,294,53,28,25,241,18,223,18.027210884353742,9.523809523809524,8.503401360544217,81.97278911564626,6.122448979591836,75.85034013605441
E00063228,378,84,36,48,294,25,269,22.22222222222222,9.523809523809524,12.698412698412698,77.77777777777779,6.613756613756613,71.16402116402116
E00063229,315,76,39,37,239,18,221,24.126984126984127,12.380952380952381,11.746031746031745,75.87301587301587,5.714285714285714,70.15873015873015
E00063230,299,48,29,19,251,21,230,16.05351170568562,9.698996655518394,6.354515050167224,83.94648829431438,7.023411371237458,76.92307692307693
E00063231,270,45,14,31,225,22,203,16.666666666666664,5.185185185185185,11.481481481481481,83.33333333333334,8.148148148148149,75.18518518518519
E00063232,297,79,30,49,218,19,199,26.599326599326602,10.1010101010101,16.4983164983165,73.4006734006734,6.397306397306397,67.003367003367
E00063233,312,64,29,35,248,14,234,20.51282051282051,9.294871794871796,11.217948717948719,79.48717948717949,4.487179487179487,75
E00063234,311,49,23,26,262,21,241,15.755627009646304,7.395498392282958,8.360128617363344,84.2443729903537,6.752411575562702,77.491961414791
E00063235,299,61,22,39,238,16,222,20.401337792642142,7.357859531772576,13.043478260869565,79.59866220735786,5.351170568561873,74.24749163879598
E00063236,334,57,19,38,277,16,261,17.065868263473057,5.688622754491018,11.377245508982035,82.93413173652695,4.790419161676647,78.1437125748503
E00063237,279,59,30,29,220,21,199,21.14695340501792,10.75268817204301,10.39426523297491,78.85304659498208,7.526881720430108,71.32616487455196
E00063238,253,52,28,24,201,14,187,20.55335968379447,11.067193675889328,9.486166007905137,79.44664031620553,5.533596837944664,73.91304347826086
E00063239,246,43,16,27,203,22,181,17.479674796747968,6.504065040650407,10.975609756097562,82.52032520325203,8.94308943089431,73.57723577235772
E00063240,263,53,19,34,210,22,188,20.15209125475285,7.224334600760455,12.927756653992395,79.84790874524715,8.365019011406844,71.48288973384031
E00063241,255,43,16,27,212,22,190,16.862745098039216,6.2745098039215685,10.588235294117647,83.13725490196079,8.627450980392156,74.50980392156863
E00063242,301,46,11,35,255,29,226,15.282392026578073,3.6544850498338874,11.627906976744185,84.71760797342192,9.634551495016613,75.08305647840533
E00063243,288,55,22,33,233,12,221,19.09722222222222,7.638888888888889,11.458333333333332,80.90277777777779,4.166666666666666,76.73611111111111
E00063244,305,61,28,33,244,24,220,20,9.180327868852459,10.819672131147541,80,7.868852459016394,72.1311475409836
E00063245,301,57,24,33,244,17,227,18.93687707641196,7.973421926910299,10.96345514950166,81.06312292358804,5.647840531561462,75.41528239202658
E00063246,259,51,19,32,208,25,183,19.69111969111969,7.335907335907336,12.355212355212355,80.3088803088803,9.652509652509652,70.65637065637065
E00063247,262,41,20,21,221,27,194,15.648854961832063,7.633587786259542,8.015267175572518,84.35114503816794,10.305343511450381,74.04580152671755
E00063248,231,50,22,28,181,17,164,21.645021645021643,9.523809523809524,12.121212121212121,78.35497835497836,7.35930735930736,70.995670995671
E00063249,273,39,9,30,234,28,206,14.285714285714285,3.296703296703297,10.989010989010989,85.71428571428571,10.256410256410255,75.45787545787546
E00063250,311,88,41,47,223,21,202,28.29581993569132,13.183279742765272,15.112540192926044,71.70418006430869,6.752411575562702,64.95176848874597
E00063251,240,72,36,36,168,17,151,30,15,15,70,7.083333333333333,62.916666666666664
E00063252,297,57,25,32,240,14,226,19.19191919191919,8.417508417508419,10.774410774410773,80.8080808080808,4.713804713804714,76.0942760942761
E00063253,280,43,17,26,237,30,207,15.357142857142858,6.071428571428571,9.285714285714286,84.64285714285714,10.714285714285714,73.92857142857143
E00063254,306,41,12,29,265,26,239,13.398692810457517,3.9215686274509802,9.477124183006536,86.60130718954248,8.49673202614379,78.10457516339869
E00063255,310,60,27,33,250,21,229,19.35483870967742,8.709677419354838,10.64516129032258,80.64516129032258,6.774193548387098,73.87096774193549
E00063256,284,78,34,44,206,13,193,27.464788732394368,11.971830985915492,15.492957746478872,72.53521126760563,4.577464788732395,67.95774647887323
E00063258,343,66,28,38,277,25,252,19.24198250728863,8.16326530612245,11.078717201166182,80.75801749271136,7.288629737609329,73.46938775510205
E00063259,280,54,17,37,226,33,193,19.28571428571429,6.071428571428571,13.214285714285715,80.71428571428572,11.785714285714285,68.92857142857143
E00063260,274,41,18,23,233,22,211,14.963503649635038,6.569343065693431,8.394160583941606,85.03649635036497,8.02919708029197,77.00729927007299
E00063261,464,77,42,35,387,33,354,16.594827586206897,9.051724137931034,7.543103448275862,83.40517241379311,7.112068965517242,76.29310344827587
E00063262,183,89,42,47,94,11,83,48.63387978142077,22.950819672131146,25.683060109289617,51.36612021857923,6.0109289617486334,45.3551912568306
E00063263,351,77,33,44,274,20,254,21.937321937321936,9.401709401709402,12.535612535612536,78.06267806267806,5.698005698005698,72.36467236467237
E00063264,397,102,36,66,295,30,265,25.692695214105793,9.06801007556675,16.624685138539043,74.3073047858942,7.5566750629722925,66.75062972292191
E00063265,317,61,33,28,256,26,230,19.242902208201894,10.410094637223976,8.832807570977918,80.7570977917981,8.201892744479496,72.55520504731862
E00063266,311,48,14,34,263,22,241,15.434083601286176,4.501607717041801,10.932475884244374,84.56591639871382,7.07395498392283,77.491961414791
E00063267,424,83,41,42,341,20,321,19.57547169811321,9.669811320754718,9.90566037735849,80.4245283018868,4.716981132075472,75.70754716981132
E00063268,262,53,22,31,209,18,191,20.229007633587788,8.396946564885496,11.83206106870229,79.77099236641222,6.870229007633588,72.90076335877863
E00063269,430,70,31,39,360,20,340,16.27906976744186,7.209302325581396,9.069767441860465,83.72093023255815,4.651162790697675,79.06976744186046
E00063270,248,68,23,45,180,19,161,27.419354838709676,9.274193548387096,18.14516129032258,72.58064516129032,7.661290322580645,64.91935483870968
E00063271,275,61,23,38,214,26,188,22.181818181818183,8.363636363636363,13.818181818181818,77.81818181818181,9.454545454545455,68.36363636363636
E00063272,279,79,45,34,200,16,184,28.31541218637993,16.129032258064516,12.186379928315413,71.68458781362007,5.734767025089606,65.94982078853047
E00063273,200,61,32,29,139,14,125,30.5,16,14.499999999999998,69.5,7.000000000000001,62.5
E00063274,251,55,24,31,196,21,175,21.91235059760956,9.56175298804781,12.350597609561753,78.08764940239044,8.366533864541832,69.7211155378486
E00063275,363,67,31,36,296,21,275,18.457300275482094,8.539944903581267,9.917355371900827,81.5426997245179,5.785123966942149,75.75757575757575
E00063276,290,47,25,22,243,22,221,16.206896551724135,8.620689655172415,7.586206896551724,83.79310344827586,7.586206896551724,76.20689655172413
E00063277,321,69,24,45,252,26,226,21.49532710280374,7.476635514018691,14.018691588785046,78.50467289719626,8.09968847352025,70.40498442367601
E00063278,303,86,34,52,217,16,201,28.38283828382838,11.221122112211221,17.16171617161716,71.61716171617162,5.2805280528052805,66.33663366336634
E00063279,308,94,49,45,214,21,193,30.519480519480517,15.909090909090908,14.61038961038961,69.48051948051948,6.8181818181818175,62.66233766233766
E00063281,321,41,16,25,280,24,256,12.77258566978193,4.984423676012461,7.78816199376947,87.22741433021807,7.476635514018691,79.75077881619937
E00063282,314,36,10,26,278,21,257,11.464968152866243,3.1847133757961785,8.280254777070063,88.53503184713377,6.687898089171974,81.84713375796179
E00063283,281,63,28,35,218,21,197,22.419928825622776,9.9644128113879,12.455516014234876,77.58007117437722,7.473309608540925,70.1067615658363
E00063284,275,40,21,19,235,21,214,14.545454545454545,7.636363636363637,6.909090909090909,85.45454545454545,7.636363636363637,77.81818181818181
E00063286,229,59,24,35,170,23,147,25.76419213973799,10.480349344978166,15.283842794759824,74.235807860262,10.043668122270741,64.19213973799127
E00063287,207,56,28,28,151,14,137,27.053140096618357,13.526570048309178,13.526570048309178,72.94685990338165,6.763285024154589,66.18357487922705
E00063288,200,46,24,22,154,18,136,23,12,11,77,9,68
E00063289,296,45,16,29,251,20,231,15.202702702702704,5.405405405405405,9.797297297297296,84.7972972972973,6.756756756756757,78.04054054054053
E00063290,249,44,17,27,205,15,190,17.670682730923694,6.827309236947792,10.843373493975903,82.32931726907631,6.024096385542169,76.30522088353415
E00063291,363,41,18,23,322,23,299,11.294765840220386,4.958677685950414,6.336088154269973,88.70523415977961,6.336088154269973,82.36914600550963
E00063292,255,45,15,30,210,18,192,17.647058823529413,5.88235294117647,11.76470588235294,82.35294117647058,7.0588235294117645,75.29411764705883
E00063293,282,37,12,25,245,27,218,13.120567375886525,4.25531914893617,8.865248226950355,86.87943262411348,9.574468085106384,77.30496453900709
E00063294,202,55,24,31,147,12,135,27.22772277227723,11.881188118811881,15.346534653465346,72.77227722772277,5.9405940594059405,66.83168316831683
E00063295,305,91,52,39,214,21,193,29.836065573770494,17.04918032786885,12.786885245901638,70.16393442622952,6.885245901639345,63.278688524590166
E00063296,339,55,25,30,284,20,264,16.224188790560472,7.374631268436578,8.849557522123893,83.77581120943954,5.899705014749262,77.87610619469027
E00063297,316,48,13,35,268,34,234,15.18987341772152,4.113924050632911,11.075949367088606,84.81012658227847,10.759493670886076,74.0506329113924
E00063298,313,62,33,29,251,28,223,19.808306709265175,10.543130990415335,9.26517571884984,80.19169329073482,8.945686900958465,71.24600638977637
E00063299,312,37,16,21,275,21,254,11.858974358974358,5.128205128205128,6.730769230769231,88.14102564102564,6.730769230769231,81.41025641025641
E00063300,408,58,17,41,350,35,315,14.215686274509803,4.166666666666666,10.049019607843137,85.7843137254902,8.57843137254902,77.20588235294117
E00063301,331,91,43,48,240,26,214,27.492447129909365,12.990936555891238,14.501510574018129,72.50755287009063,7.854984894259818,64.6525679758308
E00063302,370,45,19,26,325,35,290,12.162162162162163,5.135135135135135,7.027027027027027,87.83783783783784,9.45945945945946,78.37837837837837
E00063303,358,66,28,38,292,16,276,18.435754189944134,7.82122905027933,10.614525139664805,81.56424581005587,4.4692737430167595,77.09497206703911
E00063304,304,51,17,34,253,21,232,16.776315789473685,5.592105263157895,11.18421052631579,83.22368421052632,6.907894736842106,76.31578947368422
E00063305,306,59,18,41,247,30,217,19.28104575163399,5.88235294117647,13.398692810457517,80.71895424836602,9.803921568627452,70.91503267973856
E00063306,327,54,18,36,273,26,247,16.51376146788991,5.5045871559633035,11.009174311926607,83.4862385321101,7.951070336391437,75.53516819571865
E00063307,305,36,8,28,269,17,252,11.80327868852459,2.622950819672131,9.180327868852459,88.19672131147541,5.573770491803279,82.62295081967214
E00063308,319,36,10,26,283,24,259,11.285266457680251,3.1347962382445136,8.150470219435736,88.71473354231975,7.523510971786834,81.19122257053291
E00063309,331,45,21,24,286,26,260,13.595166163141995,6.3444108761329305,7.250755287009064,86.404833836858,7.854984894259818,78.54984894259819
E00063310,355,56,21,35,299,28,271,15.774647887323944,5.915492957746479,9.859154929577464,84.22535211267605,7.887323943661972,76.33802816901408
E00063311,328,53,16,37,275,31,244,16.158536585365855,4.878048780487805,11.28048780487805,83.84146341463415,9.451219512195122,74.39024390243902
E00063312,302,49,22,27,253,30,223,16.225165562913908,7.28476821192053,8.940397350993377,83.77483443708608,9.933774834437086,73.84105960264901
E00063313,272,71,31,40,201,24,177,26.10294117647059,11.397058823529411,14.705882352941178,73.89705882352942,8.823529411764707,65.07352941176471
E00063314,297,53,19,34,244,28,216,17.845117845117844,6.397306397306397,11.447811447811448,82.15488215488216,9.427609427609427,72.72727272727273
E00063315,129,47,38,9,82,5,77,36.434108527131784,29.457364341085274,6.976744186046512,63.565891472868216,3.875968992248062,59.68992248062015
E00063316,303,53,12,41,250,20,230,17.491749174917494,3.9603960396039604,13.531353135313532,82.50825082508251,6.6006600660066,75.9075907590759
E00063317,271,62,27,35,209,16,193,22.878228782287824,9.96309963099631,12.915129151291513,77.12177121771218,5.904059040590406,71.21771217712177
E00063318,249,56,29,27,193,19,174,22.48995983935743,11.646586345381527,10.843373493975903,77.51004016064257,7.630522088353414,69.87951807228916
E00063319,288,39,10,29,249,27,222,13.541666666666666,3.4722222222222223,10.069444444444445,86.45833333333334,9.375,77.08333333333334
E00063320,313,45,20,25,268,19,249,14.376996805111823,6.3897763578274756,7.987220447284344,85.62300319488818,6.070287539936102,79.55271565495208
E00063321,293,48,22,26,245,22,223,16.38225255972696,7.508532423208192,8.873720136518772,83.61774744027304,7.508532423208192,76.10921501706484
E00063322,292,64,29,35,228,29,199,21.91780821917808,9.931506849315069,11.986301369863012,78.08219178082192,9.931506849315069,68.15068493150685
E00063323,317,37,10,27,280,21,259,11.67192429022082,3.1545741324921135,8.517350157728707,88.32807570977917,6.624605678233439,81.70347003154575
E00063324,346,46,26,20,300,22,278,13.294797687861271,7.514450867052023,5.780346820809249,86.70520231213872,6.358381502890173,80.34682080924856
E00063325,363,61,29,32,302,21,281,16.804407713498623,7.988980716253444,8.81542699724518,83.19559228650138,5.785123966942149,77.41046831955923
E00063326,307,38,14,24,269,22,247,12.37785016286645,4.5602605863192185,7.81758957654723,87.62214983713355,7.166123778501629,80.45602605863192
E00063327,322,82,58,24,240,20,220,25.465838509316768,18.012422360248447,7.453416149068323,74.53416149068323,6.211180124223603,68.32298136645963
E00063328,296,42,16,26,254,19,235,14.18918918918919,5.405405405405405,8.783783783783784,85.8108108108108,6.418918918918918,79.3918918918919
E00063329,342,46,14,32,296,28,268,13.450292397660817,4.093567251461988,9.35672514619883,86.54970760233918,8.187134502923977,78.3625730994152
E00063330,265,44,25,19,221,17,204,16.60377358490566,9.433962264150944,7.169811320754717,83.39622641509435,6.415094339622642,76.9811320754717
E00063331,245,47,18,29,198,19,179,19.183673469387756,7.346938775510205,11.83673469387755,80.81632653061224,7.755102040816326,73.06122448979592
E00063332,240,25,15,10,215,16,199,10.416666666666668,6.25,4.166666666666666,89.58333333333334,6.666666666666667,82.91666666666667
E00063333,280,59,19,40,221,21,200,21.071428571428573,6.785714285714286,14.285714285714285,78.92857142857143,7.5,71.42857142857143
E00063334,263,45,23,22,218,16,202,17.110266159695815,8.745247148288973,8.365019011406844,82.88973384030417,6.083650190114068,76.80608365019012
E00063335,395,95,62,33,300,20,280,24.050632911392405,15.69620253164557,8.354430379746836,75.9493670886076,5.063291139240507,70.88607594936708
E00063336,247,31,14,17,216,26,190,12.550607287449392,5.668016194331984,6.882591093117409,87.4493927125506,10.526315789473683,76.92307692307693
E00063337,358,46,14,32,312,35,277,12.849162011173185,3.910614525139665,8.938547486033519,87.15083798882681,9.776536312849162,77.37430167597765
E00063338,216,26,9,17,190,16,174,12.037037037037036,4.166666666666666,7.87037037037037,87.96296296296296,7.4074074074074066,80.55555555555556
E00063339,267,32,9,23,235,23,212,11.985018726591761,3.3707865168539324,8.614232209737828,88.01498127340824,8.614232209737828,79.40074906367042
E00063340,236,27,4,23,209,17,192,11.440677966101696,1.694915254237288,9.745762711864407,88.5593220338983,7.203389830508475,81.35593220338984
E00063341,249,56,25,31,193,20,173,22.48995983935743,10.040160642570282,12.449799196787147,77.51004016064257,8.032128514056225,69.47791164658635
E00063342,256,36,16,20,220,16,204,14.0625,6.25,7.8125,85.9375,6.25,79.6875
E00063343,248,30,8,22,218,17,201,12.096774193548388,3.225806451612903,8.870967741935484,87.90322580645162,6.854838709677419,81.04838709677419
E00063344,320,47,14,33,273,34,239,14.6875,4.375,10.3125,85.3125,10.625,74.6875
E00063345,311,52,20,32,259,17,242,16.720257234726688,6.430868167202572,10.289389067524116,83.27974276527331,5.466237942122187,77.81350482315112
E00063346,337,39,14,25,298,16,282,11.572700296735905,4.154302670623145,7.418397626112759,88.4272997032641,4.747774480712167,83.67952522255193
E00063347,267,21,9,12,246,23,223,7.865168539325842,3.3707865168539324,4.49438202247191,92.13483146067416,8.614232209737828,83.52059925093633
E00063348,268,33,13,20,235,17,218,12.313432835820896,4.850746268656716,7.462686567164178,87.68656716417911,6.343283582089552,81.34328358208955
E00063349,324,37,20,17,287,31,256,11.419753086419753,6.172839506172839,5.246913580246913,88.58024691358025,9.5679012345679,79.01234567901234
E00063350,313,36,15,21,277,29,248,11.501597444089457,4.792332268370607,6.7092651757188495,88.49840255591054,9.26517571884984,79.2332268370607
E00063351,333,42,12,30,291,36,255,12.612612612612612,3.6036036036036037,9.00900900900901,87.38738738738738,10.81081081081081,76.57657657657657
E00063352,319,66,32,34,253,22,231,20.689655172413794,10.031347962382444,10.658307210031348,79.3103448275862,6.896551724137931,72.41379310344827
E00063353,302,55,21,34,247,28,219,18.211920529801322,6.95364238410596,11.258278145695364,81.78807947019867,9.271523178807946,72.51655629139073
E00063354,325,36,11,25,289,27,262,11.076923076923077,3.3846153846153846,7.6923076923076925,88.92307692307693,8.307692307692308,80.61538461538461
E00063356,413,148,106,42,265,26,239,35.83535108958838,25.66585956416465,10.16949152542373,64.16464891041163,6.2953995157385,57.869249394673126
E00063358,280,44,15,29,236,20,216,15.714285714285714,5.357142857142857,10.357142857142858,84.28571428571429,7.142857142857142,77.14285714285715
E00063359,303,44,14,30,259,41,218,14.521452145214523,4.62046204620462,9.900990099009901,85.47854785478548,13.531353135313532,71.94719471947195
E00063360,309,43,19,24,266,27,239,13.915857605177994,6.148867313915858,7.766990291262135,86.08414239482201,8.737864077669903,77.34627831715211
E00063361,315,43,11,32,272,31,241,13.65079365079365,3.492063492063492,10.158730158730158,86.34920634920636,9.841269841269842,76.5079365079365
E00063362,380,46,12,34,334,33,301,12.105263157894736,3.1578947368421053,8.947368421052632,87.89473684210526,8.68421052631579,79.21052631578948
E00063363,553,59,22,37,494,38,456,10.669077757685352,3.9783001808318263,6.6907775768535265,89.33092224231464,6.871609403254973,82.45931283905968
E00063364,362,46,13,33,316,26,290,12.70718232044199,3.591160220994475,9.116022099447514,87.29281767955801,7.18232044198895,80.11049723756905
E00063365,398,55,15,40,343,32,311,13.819095477386934,3.7688442211055273,10.050251256281408,86.18090452261306,8.040201005025125,78.14070351758794
E00063366,248,37,18,19,211,23,188,14.919354838709678,7.258064516129033,7.661290322580645,85.08064516129032,9.274193548387096,75.80645161290323
E00063367,221,40,18,22,181,17,164,18.099547511312217,8.144796380090497,9.95475113122172,81.90045248868778,7.6923076923076925,74.2081447963801
E00063368,303,88,53,35,215,18,197,29.042904290429046,17.491749174917494,11.55115511551155,70.95709570957096,5.9405940594059405,65.01650165016501
E00063369,379,59,25,34,320,24,296,15.567282321899736,6.596306068601583,8.970976253298153,84.43271767810026,6.33245382585752,78.10026385224275
E00063370,219,45,17,28,174,19,155,20.54794520547945,7.76255707762557,12.785388127853881,79.45205479452055,8.67579908675799,70.77625570776256
E00063371,432,77,35,42,355,35,320,17.824074074074073,8.101851851851851,9.722222222222223,82.17592592592592,8.101851851851851,74.07407407407408
E00063372,331,32,15,17,299,30,269,9.667673716012084,4.531722054380665,5.13595166163142,90.33232628398792,9.06344410876133,81.2688821752266
E00063374,356,40,9,31,316,31,285,11.235955056179774,2.528089887640449,8.707865168539326,88.76404494382022,8.707865168539326,80.0561797752809
E00063375,314,36,9,27,278,24,254,11.464968152866243,2.8662420382165608,8.598726114649681,88.53503184713377,7.643312101910828,80.89171974522293
E00063378,222,36,15,21,186,19,167,16.216216216216218,6.756756756756757,9.45945945945946,83.78378378378379,8.558558558558559,75.22522522522522
E00063379,258,95,65,30,163,18,145,36.82170542635659,25.1937984496124,11.627906976744185,63.17829457364341,6.976744186046512,56.201550387596896
E00063380,225,76,37,39,149,11,138,33.77777777777778,16.444444444444446,17.333333333333336,66.22222222222223,4.888888888888889,61.33333333333333
E00063382,574,58,17,41,516,43,473,10.104529616724738,2.961672473867596,7.142857142857142,89.89547038327527,7.491289198606271,82.40418118466899
E00063384,212,58,26,32,154,13,141,27.358490566037734,12.264150943396226,15.09433962264151,72.64150943396226,6.132075471698113,66.50943396226415
E00063389,321,63,25,38,258,20,238,19.626168224299064,7.78816199376947,11.838006230529595,80.37383177570094,6.230529595015576,74.14330218068535
E00063390,363,103,84,19,260,26,234,28.37465564738292,23.140495867768596,5.234159779614325,71.62534435261708,7.162534435261708,64.46280991735537
E00063391,292,34,15,19,258,25,233,11.643835616438356,5.136986301369863,6.506849315068493,88.35616438356165,8.561643835616438,79.7945205479452
E00063392,346,31,3,28,315,29,286,8.959537572254336,0.8670520231213872,8.092485549132949,91.04046242774567,8.38150289017341,82.65895953757226
E00063393,574,61,21,40,513,44,469,10.627177700348431,3.6585365853658534,6.968641114982578,89.37282229965156,7.665505226480835,81.70731707317073
E00063394,493,65,22,43,428,34,394,13.184584178498987,4.462474645030426,8.72210953346856,86.81541582150102,6.896551724137931,79.91886409736308
E00165700,253,59,28,31,194,19,175,23.3201581027668,11.067193675889328,12.25296442687747,76.6798418972332,7.5098814229249005,69.1699604743083
E00165701,354,50,16,34,304,34,270,14.124293785310735,4.519774011299435,9.6045197740113,85.87570621468926,9.6045197740113,76.27118644067797
E00165702,240,81,40,41,159,15,144,33.75,16.666666666666664,17.083333333333332,66.25,6.25,60
E00165703,254,64,36,28,190,23,167,25.196850393700785,14.173228346456693,11.023622047244094,74.80314960629921,9.05511811023622,65.74803149606299
E00165704,428,94,43,51,334,41,293,21.962616822429908,10.046728971962617,11.91588785046729,78.03738317757009,9.579439252336448,68.45794392523365
E00165705,236,34,12,22,202,10,192,14.40677966101695,5.084745762711865,9.322033898305085,85.59322033898306,4.23728813559322,81.35593220338984
E00165706,256,48,20,28,208,14,194,18.75,7.8125,10.9375,81.25,5.46875,75.78125
E00165707,378,76,38,38,302,39,263,20.105820105820104,10.052910052910052,10.052910052910052,79.8941798941799,10.317460317460316,69.57671957671958
E00165708,172,30,12,18,142,22,120,17.441860465116278,6.976744186046512,10.465116279069768,82.55813953488372,12.790697674418606,69.76744186046511
E00165709,555,150,79,71,405,20,385,27.027027027027028,14.234234234234233,12.792792792792792,72.97297297297297,3.6036036036036037,69.36936936936937
E00165710,205,35,15,20,170,13,157,17.073170731707318,7.317073170731707,9.75609756097561,82.92682926829268,6.341463414634147,76.58536585365854
E00165711,212,55,24,31,157,16,141,25.943396226415093,11.320754716981133,14.622641509433961,74.05660377358491,7.547169811320755,66.50943396226415
E00165712,526,136,82,54,390,38,352,25.85551330798479,15.5893536121673,10.26615969581749,74.1444866920152,7.224334600760455,66.92015209125475
E00172876,188,28,7,21,160,20,140,14.893617021276595,3.723404255319149,11.170212765957446,85.1063829787234,10.638297872340425,74.46808510638297
E00172878,322,35,11,24,287,19,268,10.869565217391305,3.4161490683229814,7.453416149068323,89.13043478260869,5.900621118012422,83.22981366459628
E00172879,300,20,5,15,280,26,254,6.666666666666667,1.6666666666666667,5,93.33333333333333,8.666666666666668,84.66666666666667
E00172881,394,42,13,29,352,46,306,10.65989847715736,3.2994923857868024,7.3604060913705585,89.34010152284264,11.6751269035533,77.66497461928934
E00172882,320,30,10,20,290,23,267,9.375,3.125,6.25,90.625,7.187499999999999,83.4375
E00172884,393,35,15,20,358,32,326,8.9058524173028,3.816793893129771,5.089058524173027,91.0941475826972,8.142493638676845,82.95165394402035
E00172886,338,41,22,19,297,17,280,12.1301775147929,6.508875739644971,5.621301775147929,87.86982248520711,5.029585798816568,82.84023668639054
E00172887,421,34,9,25,387,20,367,8.076009501187649,2.137767220902613,5.938242280285035,91.92399049881234,4.750593824228028,87.17339667458432
E00172889,261,33,15,18,228,14,214,12.643678160919542,5.747126436781609,6.896551724137931,87.356321839080465,5.363984674329502,81.99233716475096
E00172890,385,53,25,28,332,25,307,13.766233766233766,6.493506493506493,7.2727272727272725,86.23376623376623,6.493506493506493,79.74025974025975
E00172893,379,37,17,20,342,38,304,9.762532981530343,4.485488126649076,5.277044854881266,90.23746701846966,10.026385224274406,80.21108179419525
E00172895,399,49,14,35,350,29,321,12.280701754385964,3.508771929824561,8.771929824561402,87.71929824561403,7.268170426065162,80.45112781954887
E00172896,346,44,13,31,302,26,276,12.716763005780345,3.7572254335260116,8.959537572254336,87.28323699421965,7.514450867052023,79.76878612716763
E00172898,448,39,11,28,409,40,369,8.705357142857142,2.455357142857143,6.25,91.29464285714286,8.928571428571429,82.36607142857143
E00173136,346,26,8,18,320,25,295,7.514450867052023,2.312138728323699,5.202312138728324,92.48554913294798,7.225433526011561,85.26011560693641
E00173138,268,41,15,26,227,20,207,15.298507462686567,5.597014925373134,9.701492537313433,84.70149253731343,7.462686567164178,77.23880597014924
E00173139,584,72,31,41,512,41,471,12.32876712328767,5.308219178082192,7.02054794520548,87.67123287671232,7.02054794520548,80.65068493150685
E00173140,267,41,13,28,226,22,204,15.355805243445692,4.868913857677903,10.486891385767791,84.6441947565543,8.239700374531834,76.40449438202246
E00173141,217,26,8,18,191,20,171,11.981566820276496,3.686635944700461,8.294930875576037,88.0184331797235,9.216589861751153,78.80184331797236
E00173142,305,34,10,24,271,20,251,11.147540983606557,3.278688524590164,7.868852459016394,88.85245901639345,6.557377049180328,82.29508196721311
E00173143,217,23,9,14,194,27,167,10.599078341013826,4.147465437788019,6.451612903225806,89.40092165898618,12.442396313364055,76.95852534562212
E00173144,173,26,7,19,147,16,131,15.028901734104046,4.046242774566474,10.982658959537572,84.97109826589595,9.248554913294797,75.72254335260115
E00173145,250,43,20,23,207,12,195,17.2,8,9.2,82.8,4.8,78
E00173147,292,42,16,26,250,17,233,14.383561643835616,5.47945205479452,8.904109589041095,85.61643835616438,5.821917808219178,79.7945205479452
E00173148,273,41,17,24,232,24,208,15.018315018315018,6.227106227106227,8.791208791208792,84.98168498168498,8.791208791208792,76.19047619047619
E00173149,282,35,20,15,247,14,233,12.411347517730496,7.092198581560284,5.319148936170213,87.58865248226951,4.964539007092199,82.62411347517731
E00173150,349,49,14,35,300,24,276,14.040114613180515,4.011461318051576,10.028653295128938,85.95988538681948,6.876790830945559,79.08309455587393
E00173151,399,87,37,50,312,21,291,21.804511278195488,9.273182957393484,12.531328320802004,78.19548872180451,5.263157894736842,72.93233082706767
E00173152,143,18,6,12,125,14,111,12.587412587412588,4.195804195804196,8.391608391608392,87.41258741258741,9.79020979020979,77.62237762237763
E00173153,329,32,10,22,297,15,282,9.72644376899696,3.0395136778115504,6.68693009118541,90.27355623100304,4.5592705167173255,85.71428571428571
E00173154,312,61,36,25,251,21,230,19.55128205128205,11.538461538461538,8.012820512820513,80.44871794871796,6.730769230769231,73.71794871794873
E00173155,343,27,6,21,316,27,289,7.871720116618077,1.749271137026239,6.122448979591836,92.12827988338192,7.871720116618077,84.25655976676384
E00173156,245,17,5,12,228,20,208,6.938775510204081,2.0408163265306123,4.8979591836734695,93.06122448979592,8.16326530612245,84.89795918367346
E00173157,199,32,14,18,167,14,153,16.08040201005025,7.035175879396985,9.045226130653267,83.91959798994975,7.035175879396985,76.88442211055276
E00173158,387,55,21,34,332,23,309,14.21188630490956,5.426356589147287,8.785529715762273,85.78811369509044,5.943152454780361,79.84496124031007
E00173159,366,57,17,40,309,42,267,15.573770491803279,4.644808743169399,10.92896174863388,84.42622950819673,11.475409836065573,72.95081967213115
E00173160,253,66,26,40,187,20,167,26.08695652173913,10.276679841897234,15.810276679841898,73.91304347826086,7.905138339920949,66.00790513833992
E00173161,310,32,12,20,278,19,259,10.32258064516129,3.870967741935484,6.451612903225806,89.6774193548387,6.129032258064516,83.54838709677419
E00173162,231,42,21,21,189,24,165,18.181818181818183,9.090909090909092,9.090909090909092,81.81818181818183,10.38961038961039,71.42857142857143
E00173163,240,60,20,40,180,16,164,25,8.333333333333332,16.666666666666664,75,6.666666666666667,68.33333333333333
E00173164,228,23,7,16,205,20,185,10.087719298245613,3.070175438596491,7.017543859649122,89.91228070175438,8.771929824561402,81.14035087719299
E00173165,235,24,8,16,211,13,198,10.212765957446807,3.404255319148936,6.808510638297872,89.7872340425532,5.531914893617021,84.25531914893617
E00173166,269,27,7,20,242,21,221,10.037174721189592,2.6022304832713754,7.434944237918216,89.96282527881041,7.806691449814126,82.15613382899627
E00173167,174,21,5,16,153,13,140,12.068965517241379,2.8735632183908044,9.195402298850574,87.93103448275862,7.471264367816093,80.45977011494253
E00173168,309,23,5,18,286,25,261,7.443365695792881,1.6181229773462782,5.825242718446602,92.55663430420712,8.090614886731391,84.46601941747572
E00173171,369,52,21,31,317,14,303,14.092140921409213,5.691056910569105,8.401084010840108,85.90785907859079,3.7940379403794036,82.11382113821138
E00173174,295,29,8,21,266,24,242,9.830508474576272,2.711864406779661,7.118644067796611,90.16949152542372,8.135593220338983,82.03389830508473
E00173176,434,37,14,23,397,27,370,8.525345622119817,3.225806451612903,5.299539170506913,91.47465437788019,6.221198156682028,85.25345622119815
E00173178,108,25,7,18,83,4,79,23.14814814814815,6.481481481481481,16.666666666666664,76.85185185185185,3.7037037037037033,73.14814814814815
E00188754,346,48,16,32,298,34,264,13.872832369942195,4.624277456647398,9.248554913294797,86.1271676300578,9.826589595375722,76.30057803468208
E00188757,169,102,57,45,67,6,61,60.35502958579882,33.72781065088758,26.627218934911244,39.64497041420118,3.5502958579881656,36.09467455621302
E00188761,312,39,14,25,273,28,245,12.5,4.487179487179487,8.012820512820513,87.5,8.974358974358974,78.52564102564102
E00188765,225,23,3,20,202,12,190,10.222222222222223,1.3333333333333335,8.88888888888889,89.77777777777777,5.333333333333334,84.44444444444444
E00188768,222,26,8,18,196,24,172,11.711711711711711,3.6036036036036037,8.108108108108109,88.28828828828829,10.81081081081081,77.47747747747748
E00188771,328,37,16,21,291,24,267,11.28048780487805,4.878048780487805,6.402439024390244,88.71951219512195,7.317073170731707,81.40243902439023
E00188774,102,11,1,10,91,3,88,10.784313725490197,0.9803921568627451,9.803921568627452,89.2156862745098,2.941176470588235,86.27450980392157
E00188775,433,20,5,15,413,22,391,4.618937644341801,1.1547344110854503,3.4642032332563506,95.3810623556582,5.080831408775981,90.30023094688222
E00188777,314,31,13,18,283,28,255,9.872611464968154,4.140127388535031,5.7324840764331215,90.12738853503186,8.9171974522293,81.21019108280255
E00188783,177,22,9,13,155,15,140,12.429378531073446,5.084745762711865,7.344632768361582,87.57062146892656,8.47457627118644,79.09604519774011
E00188784,270,37,19,18,233,16,217,13.703703703703704,7.037037037037037,6.666666666666667,86.29629629629629,5.9259259259259265,80.37037037037037
E00188787,282,48,16,32,234,21,213,17.02127659574468,5.673758865248227,11.347517730496454,82.97872340425532,7.446808510638298,75.53191489361703
E00188789,333,55,20,35,278,20,258,16.516516516516518,6.006006006006006,10.51051051051051,83.48348348348348,6.006006006006006,77.47747747747748
E00188790,312,41,13,28,271,20,251,13.141025641025642,4.166666666666666,8.974358974358974,86.85897435897436,6.41025641025641,80.44871794871796
E00188794,318,84,30,54,234,15,219,26.41509433962264,9.433962264150944,16.9811320754717,73.58490566037736,4.716981132075472,68.86792452830188
E00188797,339,22,6,16,317,23,294,6.489675516224189,1.7699115044247788,4.71976401179941,93.5103244837758,6.784660766961652,86.72566371681415
E00188804,291,21,7,14,270,17,253,7.216494845360824,2.405498281786942,4.810996563573884,92.78350515463917,5.841924398625429,86.94158075601375
E00188806,265,21,8,13,244,18,226,7.9245283018867925,3.018867924528302,4.905660377358491,92.0754716981132,6.7924528301886795,85.28301886792453
E00188807,185,39,18,21,146,7,139,21.08108108108108,9.72972972972973,11.351351351351353,78.91891891891892,3.783783783783784,75.13513513513513
E00188808,273,40,14,26,233,17,216,14.652014652014653,5.128205128205128,9.523809523809524,85.34798534798534,6.227106227106227,79.12087912087912
E00188810,314,45,18,27,269,15,254,14.331210191082802,5.7324840764331215,8.598726114649681,85.6687898089172,4.777070063694268,80.89171974522293
E00188815,312,28,7,21,284,28,256,8.974358974358974,2.2435897435897436,6.730769230769231,91.02564102564102,8.974358974358974,82.05128205128204
E00188818,265,94,60,34,171,8,163,35.471698113207545,22.641509433962266,12.830188679245284,64.52830188679245,3.018867924528302,61.50943396226415
E00188822,237,30,7,23,207,28,179,12.658227848101266,2.9535864978902953,9.70464135021097,87.34177215189874,11.814345991561181,75.52742616033755
E00188823,289,56,20,36,233,17,216,19.377162629757784,6.920415224913495,12.45674740484429,80.62283737024222,5.88235294117647,74.74048442906575
E00188824,272,107,83,24,165,12,153,39.338235294117645,30.514705882352942,8.823529411764707,60.66176470588235,4.411764705882353,56.25
E00188827,297,32,9,23,265,19,246,10.774410774410773,3.0303030303030303,7.744107744107744,89.22558922558923,6.397306397306397,82.82828282828282
E00188831,302,15,1,14,287,20,267,4.966887417218543,0.33112582781456956,4.635761589403973,95.03311258278146,6.622516556291391,88.41059602649007
E00188832,357,44,13,31,313,20,293,12.324929971988796,3.6414565826330536,8.683473389355742,87.6750700280112,5.602240896358544,82.07282913165265
E00188834,323,57,33,24,266,18,248,17.647058823529413,10.21671826625387,7.430340557275541,82.35294117647058,5.572755417956656,76.78018575851394
E00188842,305,63,27,36,242,13,229,20.655737704918035,8.852459016393443,11.80327868852459,79.34426229508198,4.2622950819672125,75.08196721311475
E00188845,329,18,4,14,311,20,291,5.47112462006079,1.21580547112462,4.25531914893617,94.52887537993921,6.079027355623101,88.44984802431611
E00188847,280,60,31,29,220,15,205,21.428571428571427,11.071428571428571,10.357142857142858,78.57142857142857,5.357142857142857,73.21428571428571
E00188852,318,35,14,21,283,29,254,11.0062893081761,4.40251572327044,6.60377358490566,88.9937106918239,9.119496855345911,79.87421383647799
E00188853,342,35,13,22,307,20,287,10.23391812865497,3.8011695906432745,6.432748538011696,89.76608187134502,5.847953216374268,83.91812865497076
E00188861,301,28,10,18,273,22,251,9.30232558139535,3.322259136212625,5.980066445182724,90.69767441860465,7.308970099667775,83.38870431893687
E00188862,304,41,16,25,263,22,241,13.486842105263158,5.263157894736842,8.223684210526317,86.51315789473685,7.236842105263158,79.27631578947368
E00188863,228,34,13,21,194,24,170,14.912280701754385,5.701754385964912,9.210526315789473,85.08771929824562,10.526315789473683,74.56140350877193
E00188864,267,21,8,13,246,14,232,7.865168539325842,2.9962546816479403,4.868913857677903,92.13483146067416,5.2434456928838955,86.89138576779027
E00188865,187,55,29,26,132,9,123,29.411764705882355,15.508021390374333,13.903743315508022,70.58823529411765,4.81283422459893,65.77540106951871
E00188867,341,32,12,20,309,26,283,9.3841642228739,3.519061583577713,5.865102639296188,90.6158357771261,7.624633431085044,82.99120234604106
E00188868,317,29,5,24,288,18,270,9.14826498422713,1.5772870662460567,7.570977917981073,90.85173501577287,5.678233438485805,85.17350157728707
E00188877,257,30,10,20,227,19,208,11.673151750972762,3.8910505836575875,7.782101167315175,88.32684824902724,7.392996108949417,80.93385214007782
E00188887,386,36,14,22,350,29,321,9.32642487046632,3.6269430051813467,5.699481865284974,90.67357512953367,7.512953367875648,83.16062176165802
E00188888,350,47,14,33,303,23,280,13.428571428571429,4,9.428571428571429,86.57142857142858,6.571428571428571,80
E00188890,384,35,8,27,349,24,325,9.114583333333332,2.083333333333333,7.03125,90.88541666666666,6.25,84.63541666666666
E00188891,380,25,5,20,355,24,331,6.578947368421052,1.3157894736842104,5.263157894736842,93.42105263157895,6.315789473684211,87.10526315789474
E00188892,472,30,10,20,442,35,407,6.3559322033898304,2.11864406779661,4.23728813559322,93.64406779661016,7.415254237288135,86.22881355932203
E00188902,339,16,6,10,323,21,302,4.71976401179941,1.7699115044247788,2.949852507374631,95.28023598820059,6.1946902654867255,89.08554572271386
E00188905,310,61,26,35,249,17,232,19.67741935483871,8.38709677419355,11.29032258064516,80.3225806451613,5.483870967741936,74.83870967741936
E00188908,398,26,0,26,372,31,341,6.532663316582915,0,6.532663316582915,93.46733668341709,7.788944723618091,85.678391959799
E00188913,386,39,8,31,347,26,321,10.103626943005182,2.072538860103627,8.031088082901555,89.89637305699482,6.7357512953367875,83.16062176165802
E00188925,1052,439,186,253,613,95,518,41.73003802281369,17.680608365019012,24.049429657794676,58.26996197718631,9.03041825095057,49.23954372623574
E00188931,333,26,7,19,307,19,288,7.807807807807808,2.1021021021021022,5.7057057057057055,92.1921921921922,5.7057057057057055,86.48648648648648
E00188932,133,8,0,8,125,7,118,6.015037593984962,0,6.015037593984962,93.98496240601504,5.263157894736842,88.7218045112782
E00188933,349,67,27,40,282,10,272,19.197707736389685,7.736389684813753,11.461318051575931,80.80229226361033,2.865329512893983,77.93696275071633
E00188936,354,25,9,16,329,19,310,7.062146892655368,2.5423728813559325,4.519774011299435,92.93785310734464,5.367231638418079,87.57062146892656
E00188940,327,110,64,46,217,25,192,33.63914373088685,19.571865443425075,14.067278287461773,66.36085626911316,7.64525993883792,58.71559633027523
E00188943,201,37,16,21,164,13,151,18.407960199004975,7.960199004975125,10.44776119402985,81.59203980099502,6.467661691542288,75.12437810945273
E00188944,243,96,49,47,147,12,135,39.50617283950617,20.16460905349794,19.34156378600823,60.49382716049383,4.938271604938271,55.55555555555556
