OA,ts0590001,ts0590002,ts0590003,ts0590004,ts0590005,ts0590006,ts0590007,ts0590002_PCT,ts0590003_PCT,ts0590004_PCT,ts0590005_PCT,ts0590006_PCT,ts0590007_PCT
E00160881,153,54,21,33,99,90,9,35.294117647058826,13.725490196078432,21.568627450980394,64.70588235294117,58.82352941176471,5.88235294117647
E00160882,201,70,23,47,131,109,22,34.82587064676617,11.442786069651742,23.383084577114428,65.17412935323384,54.22885572139303,10.945273631840797
E00160884,149,52,24,28,97,88,9,34.899328859060404,16.10738255033557,18.79194630872483,65.1006711409396,59.06040268456376,6.0402684563758395
E00160885,173,38,11,27,135,121,14,21.965317919075144,6.358381502890173,15.606936416184972,78.03468208092485,69.94219653179191,8.092485549132949
E00160886,174,46,11,35,128,115,13,26.436781609195403,6.321839080459771,20.114942528735632,73.5632183908046,66.0919540229885,7.471264367816093
E00160887,183,66,22,44,117,103,14,36.0655737704918,12.021857923497267,24.043715846994534,63.934426229508205,56.284153005464475,7.650273224043716
E00160888,239,74,23,51,165,148,17,30.962343096234306,9.623430962343097,21.338912133891213,69.0376569037657,61.92468619246861,7.112970711297072
E00160889,174,38,14,24,136,118,18,21.839080459770116,8.045977011494253,13.793103448275861,78.16091954022988,67.81609195402298,10.344827586206897
E00160890,210,62,17,45,148,132,16,29.523809523809526,8.095238095238095,21.428571428571427,70.47619047619048,62.857142857142854,7.6190476190476195
E00160891,180,60,19,41,120,104,16,33.33333333333333,10.555555555555555,22.77777777777778,66.66666666666666,57.77777777777777,8.88888888888889
E00160892,216,79,29,50,137,119,18,36.574074074074076,13.425925925925927,23.14814814814815,63.42592592592593,55.092592592592595,8.333333333333332
E00160893,140,47,19,28,93,82,11,33.57142857142857,13.571428571428571,20,66.42857142857143,58.57142857142858,7.857142857142857
E00160894,147,54,18,36,93,79,14,36.734693877551024,12.244897959183673,24.489795918367346,63.26530612244898,53.74149659863946,9.523809523809524
E00160895,138,37,12,25,101,91,10,26.811594202898554,8.695652173913043,18.115942028985508,73.18840579710145,65.94202898550725,7.246376811594203
E00160896,209,73,25,48,136,122,14,34.92822966507177,11.961722488038278,22.966507177033492,65.07177033492823,58.3732057416268,6.698564593301436
E00160897,196,65,25,40,131,120,11,33.16326530612245,12.755102040816327,20.408163265306122,66.83673469387756,61.224489795918366,5.612244897959184
E00160898,134,25,9,16,109,98,11,18.65671641791045,6.7164179104477615,11.940298507462686,81.34328358208955,73.13432835820896,8.208955223880597
E00160899,165,43,14,29,122,103,19,26.060606060606062,8.484848484848486,17.575757575757574,73.93939393939394,62.42424242424243,11.515151515151516
E00160900,202,75,22,53,127,114,13,37.12871287128713,10.891089108910892,26.237623762376238,62.87128712871287,56.43564356435643,6.435643564356436
E00160901,185,62,18,44,123,114,9,33.513513513513516,9.72972972972973,23.783783783783786,66.48648648648648,61.62162162162163,4.864864864864865
E00160902,168,47,18,29,121,106,15,27.976190476190478,10.714285714285714,17.261904761904763,72.02380952380952,63.095238095238095,8.928571428571429
E00160903,124,30,9,21,94,82,12,24.193548387096776,7.258064516129033,16.93548387096774,75.80645161290323,66.12903225806451,9.67741935483871
E00160904,208,58,17,41,150,132,18,27.884615384615387,8.173076923076923,19.71153846153846,72.11538461538461,63.46153846153846,8.653846153846153
E00160905,145,41,15,26,104,89,15,28.27586206896552,10.344827586206897,17.93103448275862,71.72413793103448,61.37931034482759,10.344827586206897
E00160906,187,59,24,35,128,104,24,31.550802139037433,12.834224598930483,18.71657754010695,68.44919786096256,55.61497326203209,12.834224598930483
E00160907,227,68,22,46,159,140,19,29.955947136563875,9.691629955947137,20.26431718061674,70.04405286343612,61.67400881057269,8.370044052863436
E00160908,227,55,22,33,172,150,22,24.229074889867842,9.691629955947137,14.537444933920703,75.77092511013215,66.07929515418502,9.691629955947137
E00160909,182,39,22,17,143,124,19,21.428571428571427,12.087912087912088,9.340659340659341,78.57142857142857,68.13186813186813,10.43956043956044
E00160910,264,94,34,60,170,146,24,35.60606060606061,12.878787878787879,22.727272727272727,64.39393939393939,55.3030303030303,9.090909090909092
E00160911,127,51,18,33,76,66,10,40.15748031496063,14.173228346456693,25.984251968503933,59.84251968503938,51.96850393700787,7.874015748031496
E00160912,181,58,17,41,123,109,14,32.04419889502763,9.392265193370166,22.65193370165746,67.95580110497238,60.22099447513812,7.734806629834254
E00160913,161,59,26,33,102,92,10,36.64596273291926,16.149068322981368,20.496894409937887,63.35403726708074,57.14285714285714,6.211180124223603
E00160914,234,55,21,34,179,156,23,23.504273504273502,8.974358974358974,14.529914529914532,76.49572649572649,66.66666666666666,9.82905982905983
E00160915,157,58,17,41,99,93,6,36.94267515923567,10.828025477707007,26.11464968152866,63.05732484076433,59.23566878980891,3.821656050955414
E00160916,123,43,17,26,80,72,8,34.959349593495936,13.821138211382115,21.138211382113823,65.04065040650406,58.536585365853654,6.504065040650407
E00160917,164,61,23,38,103,92,11,37.19512195121951,14.02439024390244,23.170731707317074,62.80487804878049,56.09756097560976,6.707317073170732
E00160918,122,43,19,24,79,65,14,35.24590163934426,15.573770491803279,19.672131147540984,64.75409836065575,53.278688524590166,11.475409836065573
E00160919,213,70,21,49,143,130,13,32.863849765258216,9.859154929577464,23.004694835680752,67.13615023474179,61.03286384976526,6.103286384976526
E00160920,201,52,27,25,149,129,20,25.870646766169152,13.432835820895523,12.437810945273633,74.12935323383084,64.17910447761194,9.950248756218906
E00160921,206,51,19,32,155,136,19,24.75728155339806,9.223300970873787,15.53398058252427,75.24271844660194,66.01941747572816,9.223300970873787
E00160922,185,64,21,43,121,113,8,34.5945945945946,11.351351351351353,23.243243243243246,65.4054054054054,61.08108108108108,4.324324324324325
E00160923,171,48,18,30,123,105,18,28.07017543859649,10.526315789473683,17.543859649122805,71.9298245614035,61.40350877192983,10.526315789473683
E00160924,195,71,25,46,124,112,12,36.41025641025641,12.82051282051282,23.589743589743588,63.589743589743584,57.43589743589743,6.153846153846154
E00160925,173,47,19,28,126,115,11,27.167630057803464,10.982658959537572,16.184971098265898,72.83236994219652,66.47398843930635,6.358381502890173
E00160926,167,56,23,33,111,101,10,33.532934131736525,13.77245508982036,19.760479041916167,66.46706586826348,60.47904191616767,5.9880239520958085
E00160928,169,65,26,39,104,86,18,38.46153846153847,15.384615384615385,23.076923076923077,61.53846153846154,50.887573964497044,10.650887573964498
E00160929,116,42,13,29,74,65,9,36.206896551724135,11.206896551724139,25,63.793103448275865,56.03448275862068,7.758620689655173
E00160930,74,16,4,12,58,51,7,21.62162162162162,5.405405405405405,16.216216216216218,78.37837837837837,68.91891891891892,9.45945945945946
E00160931,86,29,7,22,57,48,9,33.72093023255814,8.13953488372093,25.581395348837212,66.27906976744185,55.81395348837209,10.465116279069768
E00160932,212,60,15,45,152,128,24,28.30188679245283,7.0754716981132075,21.22641509433962,71.69811320754717,60.37735849056604,11.320754716981133
E00160933,172,56,24,32,116,95,21,32.55813953488372,13.953488372093023,18.6046511627907,67.44186046511628,55.23255813953488,12.209302325581394
E00160934,168,44,22,22,124,108,16,26.190476190476193,13.095238095238097,13.095238095238097,73.80952380952381,64.28571428571429,9.523809523809524
E00160935,172,37,12,25,135,120,15,21.511627906976745,6.976744186046512,14.534883720930234,78.48837209302324,69.76744186046511,8.720930232558139
E00160936,157,48,18,30,109,96,13,30.573248407643312,11.464968152866243,19.10828025477707,69.42675159235668,61.146496815286625,8.280254777070063
E00160937,175,61,21,40,114,98,16,34.85714285714286,12,22.857142857142858,65.14285714285715,56.00000000000001,9.142857142857142
E00160938,123,27,10,17,96,82,14,21.951219512195124,8.130081300813007,13.821138211382115,78.04878048780488,66.66666666666666,11.38211382113821
E00160939,178,47,14,33,131,118,13,26.40449438202247,7.865168539325842,18.53932584269663,73.59550561797754,66.29213483146067,7.303370786516854
E00160940,146,42,13,29,104,93,11,28.767123287671232,8.904109589041095,19.863013698630137,71.23287671232876,63.6986301369863,7.534246575342466
E00160941,178,60,23,37,118,101,17,33.70786516853933,12.921348314606742,20.786516853932586,66.29213483146067,56.74157303370787,9.550561797752808
E00160942,157,36,13,23,121,99,22,22.929936305732486,8.280254777070063,14.64968152866242,77.07006369426752,63.05732484076433,14.012738853503185
E00160943,180,42,20,22,138,122,16,23.333333333333332,11.11111111111111,12.222222222222221,76.66666666666667,67.77777777777779,8.88888888888889
E00160944,159,45,16,29,114,102,12,28.30188679245283,10.062893081761008,18.238993710691823,71.69811320754717,64.15094339622641,7.547169811320755
E00160945,141,45,15,30,96,86,10,31.914893617021278,10.638297872340425,21.27659574468085,68.08510638297872,60.99290780141844,7.092198581560284
E00160946,120,40,15,25,80,70,10,33.33333333333333,12.5,20.833333333333336,66.66666666666666,58.333333333333336,8.333333333333332
E00160947,161,54,18,36,107,97,10,33.54037267080746,11.180124223602485,22.36024844720497,66.45962732919256,60.24844720496895,6.211180124223603
E00160948,139,42,15,27,97,75,22,30.215827338129497,10.79136690647482,19.424460431654676,69.7841726618705,53.956834532374096,15.827338129496402
E00160949,107,37,11,26,70,65,5,34.57943925233645,10.2803738317757,24.299065420560748,65.42056074766354,60.747663551401864,4.672897196261682
E00160950,210,67,32,35,143,126,17,31.9047619047619,15.238095238095239,16.666666666666664,68.0952380952381,60,8.095238095238095
E00160951,184,66,29,37,118,99,19,35.869565217391305,15.760869565217392,20.108695652173914,64.13043478260869,53.80434782608695,10.326086956521738
E00160952,73,24,7,17,49,42,7,32.87671232876712,9.58904109589041,23.28767123287671,67.12328767123287,57.534246575342465,9.58904109589041
E00160953,152,51,14,37,101,94,7,33.55263157894737,9.210526315789473,24.342105263157894,66.44736842105263,61.8421052631579,4.605263157894736
E00160954,214,59,21,38,155,141,14,27.570093457943923,9.813084112149532,17.75700934579439,72.42990654205607,65.88785046728972,6.5420560747663545
E00160955,118,32,12,20,86,77,9,27.11864406779661,10.16949152542373,16.94915254237288,72.88135593220339,65.2542372881356,7.627118644067797
E00160956,123,33,11,22,90,81,9,26.82926829268293,8.94308943089431,17.88617886178862,73.17073170731707,65.85365853658537,7.317073170731707
E00160957,113,45,11,34,68,61,7,39.823008849557525,9.734513274336283,30.08849557522124,60.17699115044248,53.98230088495575,6.1946902654867255
E00160958,114,45,16,29,69,58,11,39.473684210526315,14.035087719298245,25.438596491228072,60.526315789473685,50.877192982456144,9.649122807017543
E00160959,185,65,25,40,120,97,23,35.13513513513514,13.513513513513514,21.62162162162162,64.86486486486487,52.43243243243243,12.432432432432433
E00160960,145,52,18,34,93,79,14,35.86206896551724,12.413793103448276,23.448275862068964,64.13793103448275,54.48275862068965,9.655172413793103
E00160961,139,42,14,28,97,83,14,30.215827338129497,10.071942446043165,20.14388489208633,69.7841726618705,59.71223021582733,10.071942446043165
E00160962,155,53,24,29,102,89,13,34.193548387096776,15.483870967741936,18.70967741935484,65.80645161290323,57.41935483870968,8.38709677419355
E00160963,149,52,30,22,97,91,6,34.899328859060404,20.13422818791946,14.76510067114094,65.1006711409396,61.07382550335571,4.026845637583892
E00160964,146,53,16,37,93,81,12,36.3013698630137,10.95890410958904,25.34246575342466,63.6986301369863,55.47945205479452,8.21917808219178
E00160965,156,50,23,27,106,86,20,32.05128205128205,14.743589743589745,17.307692307692307,67.94871794871796,55.12820512820513,12.82051282051282
E00160966,161,45,12,33,116,104,12,27.95031055900621,7.453416149068323,20.496894409937887,72.04968944099379,64.59627329192547,7.453416149068323
E00160967,157,45,20,25,112,103,9,28.662420382165603,12.738853503184714,15.92356687898089,71.3375796178344,65.60509554140127,5.7324840764331215
E00160968,154,39,12,27,115,98,17,25.324675324675322,7.792207792207792,17.532467532467532,74.67532467532467,63.63636363636363,11.03896103896104
E00160969,167,48,22,26,119,100,19,28.74251497005988,13.17365269461078,15.568862275449103,71.25748502994011,59.88023952095808,11.377245508982035
E00160970,147,42,16,26,105,95,10,28.57142857142857,10.884353741496598,17.687074829931973,71.42857142857143,64.62585034013605,6.802721088435375
E00160971,144,38,12,26,106,92,14,26.38888888888889,8.333333333333332,18.055555555555554,73.61111111111111,63.888888888888886,9.722222222222223
E00160972,135,46,16,30,89,80,9,34.074074074074076,11.851851851851853,22.22222222222222,65.92592592592592,59.25925925925925,6.666666666666667
E00160973,172,66,23,43,106,93,13,38.372093023255815,13.372093023255813,25,61.627906976744185,54.06976744186046,7.55813953488372
E00160974,168,50,18,32,118,102,16,29.761904761904763,10.714285714285714,19.047619047619047,70.23809523809523,60.71428571428571,9.523809523809524
E00160975,185,65,26,39,120,107,13,35.13513513513514,14.054054054054054,21.08108108108108,64.86486486486487,57.83783783783784,7.027027027027027
E00160976,172,65,33,32,107,93,14,37.7906976744186,19.186046511627907,18.6046511627907,62.2093023255814,54.06976744186046,8.13953488372093
E00160977,132,41,13,28,91,79,12,31.060606060606062,9.848484848484848,21.21212121212121,68.93939393939394,59.84848484848485,9.090909090909092
E00160978,131,32,6,26,99,89,10,24.427480916030532,4.580152671755725,19.84732824427481,75.57251908396947,67.93893129770993,7.633587786259542
E00160979,190,55,18,37,135,117,18,28.947368421052634,9.473684210526317,19.473684210526315,71.05263157894737,61.578947368421055,9.473684210526317
E00160980,181,47,13,34,134,114,20,25.96685082872928,7.18232044198895,18.784530386740332,74.03314917127072,62.98342541436463,11.049723756906078
E00160981,195,58,18,40,137,117,20,29.743589743589745,9.230769230769232,20.51282051282051,70.25641025641025,60,10.256410256410255
E00160982,159,38,8,30,121,114,7,23.89937106918239,5.031446540880504,18.867924528301888,76.10062893081762,71.69811320754717,4.40251572327044
E00160983,148,42,16,26,106,92,14,28.37837837837838,10.81081081081081,17.56756756756757,71.62162162162163,62.16216216216216,9.45945945945946
E00160984,180,35,15,20,145,130,15,19.444444444444446,8.333333333333332,11.11111111111111,80.55555555555556,72.22222222222221,8.333333333333332
E00160985,175,56,24,32,119,103,16,32,13.714285714285715,18.285714285714285,68,58.857142857142854,9.142857142857142
E00160986,149,36,9,27,113,94,19,24.161073825503358,6.0402684563758395,18.120805369127517,75.83892617449665,63.08724832214765,12.751677852348994
E00160987,153,50,17,33,103,92,11,32.6797385620915,11.11111111111111,21.568627450980394,67.3202614379085,60.130718954248366,7.18954248366013
E00160988,121,39,13,26,82,76,6,32.231404958677686,10.743801652892563,21.487603305785125,67.76859504132231,62.8099173553719,4.958677685950414
E00160989,156,53,11,42,103,86,17,33.97435897435898,7.051282051282051,26.923076923076923,66.02564102564102,55.12820512820513,10.897435897435898
E00160990,152,53,10,43,99,85,14,34.868421052631575,6.578947368421052,28.289473684210524,65.13157894736842,55.92105263157895,9.210526315789473
E00160991,179,54,15,39,125,106,19,30.16759776536313,8.379888268156424,21.787709497206702,69.83240223463687,59.217877094972074,10.614525139664805
E00160992,169,56,27,29,113,95,18,33.13609467455622,15.976331360946746,17.159763313609467,66.86390532544378,56.213017751479285,10.650887573964498
E00160993,169,56,25,31,113,94,19,33.13609467455622,14.792899408284024,18.34319526627219,66.86390532544378,55.62130177514793,11.242603550295858
E00160994,170,55,18,37,115,102,13,32.35294117647059,10.588235294117647,21.764705882352942,67.64705882352942,60,7.647058823529412
E00160995,139,42,17,25,97,81,16,30.215827338129497,12.23021582733813,17.985611510791365,69.7841726618705,58.27338129496403,11.510791366906476
E00160996,181,52,16,36,129,110,19,28.7292817679558,8.83977900552486,19.88950276243094,71.27071823204419,60.773480662983424,10.497237569060774
E00160997,144,49,18,31,95,70,25,34.02777777777778,12.5,21.52777777777778,65.97222222222221,48.61111111111111,17.36111111111111
E00160998,204,62,21,41,142,131,11,30.392156862745097,10.294117647058822,20.098039215686274,69.6078431372549,64.2156862745098,5.392156862745098
E00160999,196,54,20,34,142,130,12,27.55102040816326,10.204081632653061,17.346938775510203,72.44897959183673,66.3265306122449,6.122448979591836
E00161000,155,47,14,33,108,96,12,30.32258064516129,9.032258064516128,21.29032258064516,69.6774193548387,61.935483870967744,7.741935483870968
E00161001,149,40,19,21,109,97,12,26.845637583892618,12.751677852348994,14.093959731543624,73.15436241610739,65.1006711409396,8.053691275167784
E00161003,121,43,16,27,78,58,20,35.53719008264463,13.223140495867769,22.31404958677686,64.46280991735537,47.93388429752066,16.528925619834713
E00161004,180,53,19,34,127,107,20,29.444444444444446,10.555555555555555,18.88888888888889,70.55555555555556,59.44444444444444,11.11111111111111
E00161005,165,54,25,29,111,99,12,32.72727272727273,15.151515151515152,17.575757575757574,67.27272727272727,60,7.2727272727272725
E00161006,177,52,17,35,125,109,16,29.37853107344633,9.6045197740113,19.774011299435028,70.62146892655367,61.5819209039548,9.03954802259887
E00161007,145,49,16,33,96,80,16,33.793103448275865,11.03448275862069,22.758620689655174,66.20689655172414,55.172413793103445,11.03448275862069
E00161008,203,68,39,29,135,107,28,33.497536945812804,19.21182266009852,14.285714285714285,66.50246305418719,52.70935960591133,13.793103448275861
E00161009,167,65,19,46,102,87,15,38.92215568862276,11.377245508982035,27.54491017964072,61.07784431137725,52.09580838323353,8.982035928143713
E00161010,155,48,17,31,107,101,6,30.967741935483872,10.967741935483872,20,69.03225806451613,65.16129032258064,3.870967741935484
E00161011,156,57,17,40,99,88,11,36.53846153846153,10.897435897435898,25.64102564102564,63.46153846153846,56.41025641025641,7.051282051282051
E00161012,169,54,18,36,115,103,12,31.952662721893493,10.650887573964498,21.301775147928996,68.04733727810651,60.946745562130175,7.100591715976331
E00161013,144,37,15,22,107,99,8,25.694444444444443,10.416666666666668,15.277777777777779,74.30555555555556,68.75,5.555555555555555
E00161014,130,43,9,34,87,79,8,33.07692307692307,6.923076923076923,26.153846153846157,66.92307692307692,60.76923076923077,6.153846153846154
E00161015,192,60,30,30,132,118,14,31.25,15.625,15.625,68.75,61.458333333333336,7.291666666666667
E00161017,256,82,42,40,174,139,35,32.03125,16.40625,15.625,67.96875,54.296875,13.671875
E00161018,176,66,20,46,110,99,11,37.5,11.363636363636363,26.136363636363637,62.5,56.25,6.25
E00161019,225,87,37,50,138,120,18,38.666666666666664,16.444444444444446,22.22222222222222,61.33333333333333,53.333333333333336,8
E00161020,128,46,8,38,82,72,10,35.9375,6.25,29.6875,64.0625,56.25,7.8125
E00161021,149,52,18,34,97,88,9,34.899328859060404,12.080536912751679,22.818791946308725,65.1006711409396,59.06040268456376,6.0402684563758395
E00161022,134,41,15,26,93,80,13,30.597014925373134,11.194029850746269,19.402985074626866,69.40298507462687,59.70149253731343,9.701492537313433
E00161023,158,46,15,31,112,100,12,29.11392405063291,9.49367088607595,19.62025316455696,70.88607594936708,63.29113924050633,7.59493670886076
E00161024,129,38,15,23,91,78,13,29.457364341085274,11.627906976744185,17.829457364341085,70.54263565891473,60.46511627906976,10.077519379844961
E00161025,137,50,26,24,87,75,12,36.496350364963504,18.97810218978102,17.51824817518248,63.503649635036496,54.74452554744526,8.75912408759124
E00161026,171,66,19,47,105,86,19,38.59649122807017,11.11111111111111,27.485380116959064,61.40350877192983,50.29239766081871,11.11111111111111
E00161027,189,60,24,36,129,111,18,31.746031746031743,12.698412698412698,19.047619047619047,68.25396825396825,58.730158730158735,9.523809523809524
E00161028,181,64,29,35,117,94,23,35.35911602209944,16.022099447513813,19.337016574585636,64.64088397790056,51.93370165745856,12.70718232044199
E00161029,142,50,10,40,92,82,10,35.2112676056338,7.042253521126761,28.169014084507044,64.7887323943662,57.74647887323944,7.042253521126761
E00161030,178,73,37,36,105,95,10,41.01123595505618,20.786516853932586,20.224719101123593,58.98876404494382,53.37078651685393,5.617977528089887
E00161031,163,36,13,23,127,116,11,22.085889570552148,7.975460122699387,14.11042944785276,77.91411042944786,71.16564417177914,6.748466257668712
E00161032,196,40,18,22,156,144,12,20.408163265306122,9.183673469387756,11.224489795918368,79.59183673469387,73.46938775510205,6.122448979591836
E00161033,187,37,17,20,150,127,23,19.786096256684495,9.090909090909092,10.695187165775401,80.21390374331551,67.9144385026738,12.299465240641712
E00161034,204,67,24,43,137,119,18,32.84313725490196,11.76470588235294,21.07843137254902,67.15686274509804,58.333333333333336,8.823529411764707
E00161035,185,40,15,25,145,129,16,21.62162162162162,8.108108108108109,13.513513513513514,78.37837837837837,69.72972972972973,8.64864864864865
E00161036,195,48,14,34,147,128,19,24.615384615384617,7.179487179487179,17.435897435897434,75.38461538461539,65.64102564102564,9.7435897435897445
E00161037,190,44,20,24,146,124,22,23.157894736842106,10.526315789473683,12.631578947368421,76.84210526315789,65.26315789473685,11.578947368421053
E00161038,193,46,17,29,147,123,24,23.83419689119171,8.808290155440414,15.025906735751295,76.16580310880829,63.730569948186535,12.435233160621761
E00161039,161,44,18,26,117,96,21,27.32919254658385,11.180124223602485,16.149068322981368,72.67080745341616,59.62732919254658,13.043478260869565
E00161040,190,48,9,39,142,121,21,25.263157894736842,4.736842105263158,20.526315789473685,74.73684210526315,63.68421052631579,11.052631578947368
E00161041,185,57,22,35,128,108,20,30.810810810810814,11.891891891891893,18.91891891891892,69.1891891891892,58.37837837837838,10.81081081081081
E00161043,170,51,22,29,119,96,23,30,12.941176470588237,17.058823529411764,70,56.470588235294116,13.529411764705882
E00161044,233,60,20,40,173,157,16,25.75107296137339,8.583690987124463,17.167381974248926,74.2489270386266,67.38197424892704,6.866952789699571
E00161045,123,44,16,28,79,66,13,35.77235772357724,13.008130081300814,22.76422764227642,64.22764227642277,53.65853658536586,10.569105691056912
E00161046,215,53,14,39,162,147,15,24.651162790697676,6.511627906976744,18.13953488372093,75.34883720930232,68.37209302325581,6.976744186046512
E00161047,212,68,32,36,144,124,20,32.075471698113205,15.09433962264151,16.9811320754717,67.9245283018868,58.490566037735846,9.433962264150944
E00161048,215,64,21,43,151,127,24,29.767441860465116,9.767441860465116,20,70.23255813953489,59.06976744186046,11.162790697674419
E00161049,213,45,14,31,168,153,15,21.12676056338028,6.572769953051644,14.553990610328638,78.87323943661971,71.83098591549296,7.042253521126761
E00161050,188,47,20,27,141,125,16,25,10.638297872340425,14.361702127659576,75,66.48936170212765,8.51063829787234
E00161051,154,59,22,37,95,86,9,38.311688311688314,14.285714285714285,24.025974025974026,61.68831168831169,55.84415584415584,5.844155844155844
E00161052,150,42,17,25,108,94,14,28.000000000000004,11.333333333333332,16.666666666666664,72,62.66666666666667,9.333333333333334
E00161053,197,43,15,28,154,129,25,21.82741116751269,7.614213197969544,14.213197969543149,78.1725888324873,65.48223350253807,12.690355329949238
E00161054,147,43,16,27,104,89,15,29.25170068027211,10.884353741496598,18.367346938775512,70.74829931972789,60.544217687074834,10.204081632653061
E00161055,156,30,6,24,126,116,10,19.230769230769234,3.8461538461538463,15.384615384615385,80.76923076923077,74.35897435897436,6.41025641025641
E00161056,165,48,11,37,117,99,18,29.09090909090909,6.666666666666667,22.424242424242426,70.9090909090909,60,10.909090909090908
E00161057,150,39,7,32,111,89,22,26,4.666666666666667,21.333333333333336,74,59.333333333333336,14.666666666666666
E00161058,157,58,20,38,99,87,12,36.94267515923567,12.738853503184714,24.203821656050955,63.05732484076433,55.4140127388535,7.643312101910828
E00161059,316,69,23,46,247,222,25,21.835443037974684,7.2784810126582276,14.556962025316455,78.16455696202532,70.25316455696202,7.9113924050632916
E00161060,159,40,16,24,119,107,12,25.157232704402517,10.062893081761008,15.09433962264151,74.84276729559748,67.29559748427673,7.547169811320755
E00161062,164,56,18,38,108,92,16,34.146341463414636,10.975609756097562,23.170731707317074,65.85365853658537,56.09756097560976,9.75609756097561
E00161063,168,53,17,36,115,99,16,31.547619047619047,10.119047619047619,21.428571428571427,68.45238095238095,58.92857142857143,9.523809523809524
E00161064,225,76,19,57,149,132,17,33.77777777777778,8.444444444444445,25.333333333333336,66.22222222222223,58.666666666666664,7.555555555555555
E00161065,168,57,25,32,111,96,15,33.92857142857143,14.880952380952381,19.047619047619047,66.07142857142857,57.14285714285714,8.928571428571429
E00161066,172,64,28,36,108,95,13,37.2093023255814,16.27906976744186,20.930232558139537,62.7906976744186,55.23255813953488,7.55813953488372
E00161067,187,56,21,35,131,119,12,29.946524064171122,11.229946524064172,18.71657754010695,70.05347593582889,63.63636363636363,6.417112299465241
E00161068,188,66,21,45,122,118,4,35.1063829787234,11.170212765957446,23.93617021276596,64.8936170212766,62.76595744680851,2.127659574468085
E00161069,170,44,22,22,126,112,14,25.882352941176475,12.941176470588237,12.941176470588237,74.11764705882354,65.88235294117646,8.235294117647058
E00161070,134,36,12,24,98,88,10,26.865671641791046,8.955223880597014,17.91044776119403,73.13432835820896,65.67164179104478,7.462686567164178
E00161071,216,70,30,40,146,128,18,32.407407407407405,13.88888888888889,18.51851851851852,67.5925925925926,59.25925925925925,8.333333333333332
E00161072,204,60,23,37,144,127,17,29.411764705882355,11.27450980392157,18.137254901960784,70.58823529411765,62.254901960784316,8.333333333333332
E00161074,171,51,16,35,120,102,18,29.82456140350877,9.35672514619883,20.46783625730994,70.17543859649122,59.64912280701754,10.526315789473683
E00161075,132,37,11,26,95,82,13,28.030303030303028,8.333333333333332,19.696969696969695,71.96969696969697,62.121212121212125,9.848484848484848
E00161076,172,52,17,35,120,110,10,30.23255813953488,9.883720930232558,20.348837209302324,69.76744186046511,63.95348837209303,5.813953488372093
E00161077,155,60,20,40,95,86,9,38.70967741935484,12.903225806451612,25.806451612903224,61.29032258064516,55.483870967741936,5.806451612903226
E00161078,157,38,17,21,119,101,18,24.203821656050955,10.828025477707007,13.375796178343949,75.79617834394905,64.3312101910828,11.464968152866243
E00161079,169,46,13,33,123,113,10,27.218934911242602,7.6923076923076925,19.526627218934912,72.7810650887574,66.86390532544378,5.9171597633136095
E00161080,132,39,12,27,93,82,11,29.545454545454547,9.090909090909092,20.454545454545457,70.45454545454545,62.121212121212125,8.333333333333332
E00161082,159,38,12,26,121,95,26,23.89937106918239,7.547169811320755,16.352201257861633,76.10062893081762,59.74842767295597,16.352201257861633
E00161083,164,47,13,34,117,100,17,28.65853658536585,7.926829268292683,20.73170731707317,71.34146341463415,60.97560975609756,10.365853658536585
E00161084,195,53,19,34,142,129,13,27.17948717948718,9.7435897435897445,17.435897435897434,72.82051282051282,66.15384615384615,6.666666666666667
E00161085,154,35,11,24,119,105,14,22.727272727272727,7.142857142857142,15.584415584415584,77.27272727272727,68.18181818181817,9.090909090909092
E00161086,135,44,11,33,91,82,9,32.592592592592595,8.148148148148149,24.444444444444443,67.4074074074074,60.74074074074074,6.666666666666667
E00161087,144,42,19,23,102,84,18,29.166666666666668,13.194444444444445,15.972222222222221,70.83333333333334,58.333333333333336,12.5
E00161088,137,39,14,25,98,87,11,28.467153284671532,10.218978102189782,18.248175182481752,71.53284671532847,63.503649635036496,8.02919708029197
E00161089,108,40,14,26,68,64,4,37.03703703703704,12.962962962962962,24.074074074074073,62.96296296296296,59.25925925925925,3.7037037037037033
E00161090,144,44,23,21,100,78,22,30.555555555555557,15.972222222222221,14.583333333333334,69.44444444444444,54.166666666666664,15.277777777777779
E00161091,148,41,14,27,107,89,18,27.7027027027027,9.45945945945946,18.243243243243242,72.2972972972973,60.13513513513513,12.162162162162163
E00161092,172,58,12,46,114,101,13,33.72093023255814,6.976744186046512,26.744186046511626,66.27906976744185,58.720930232558146,7.55813953488372
E00161093,137,36,10,26,101,89,12,26.277372262773724,7.2992700729927,18.97810218978102,73.72262773722628,64.96350364963503,8.75912408759124
E00161094,154,42,18,24,112,98,14,27.27272727272727,11.688311688311687,15.584415584415584,72.72727272727273,63.63636363636363,9.090909090909092
E00161095,171,41,16,25,130,107,23,23.976608187134502,9.35672514619883,14.619883040935672,76.0233918128655,62.57309941520468,13.450292397660817
E00161096,162,39,17,22,123,103,20,24.074074074074073,10.493827160493826,13.580246913580247,75.92592592592592,63.580246913580254,12.345679012345679
E00161097,136,51,25,26,85,72,13,37.5,18.38235294117647,19.11764705882353,62.5,52.94117647058824,9.558823529411764
E00161098,166,35,18,17,131,117,14,21.084337349397593,10.843373493975903,10.240963855421686,78.91566265060241,70.48192771084338,8.433734939759036
E00161099,213,79,37,42,134,113,21,37.08920187793427,17.370892018779344,19.718309859154928,62.91079812206573,53.051643192488264,9.859154929577464
E00161100,170,47,19,28,123,105,18,27.647058823529413,11.176470588235295,16.470588235294116,72.35294117647058,61.76470588235294,10.588235294117647
E00161101,174,42,16,26,132,110,22,24.137931034482758,9.195402298850574,14.942528735632186,75.86206896551724,63.2183908045977,12.643678160919542
E00161102,169,49,17,32,120,111,9,28.994082840236686,10.059171597633137,18.93491124260355,71.00591715976331,65.68047337278107,5.325443786982249
E00161103,196,50,20,30,146,136,10,25.510204081632654,10.204081632653061,15.306122448979592,74.48979591836735,69.38775510204081,5.1020408163265305
E00161104,165,43,20,23,122,108,14,26.060606060606062,12.121212121212121,13.939393939393941,73.93939393939394,65.45454545454545,8.484848484848486
E00161106,145,40,17,23,105,94,11,27.586206896551722,11.724137931034482,15.862068965517242,72.41379310344827,64.82758620689654,7.586206896551724
E00161107,146,58,19,39,88,73,15,39.726027397260275,13.013698630136986,26.71232876712329,60.273972602739725,50,10.273972602739725
E00161108,135,41,18,23,94,72,22,30.37037037037037,13.333333333333334,17.037037037037038,69.62962962962963,53.333333333333336,16.296296296296298
E00161109,161,44,16,28,117,113,4,27.32919254658385,9.937888198757763,17.391304347826086,72.67080745341616,70.1863354037267,2.484472049689441
E00161110,122,45,16,29,77,76,1,36.885245901639344,13.114754098360656,23.770491803278688,63.114754098360656,62.295081967213115,0.819672131147541
E00161111,110,31,15,16,79,71,8,28.18181818181818,13.636363636363635,14.545454545454545,71.81818181818181,64.54545454545455,7.2727272727272725
E00161112,152,54,20,34,98,85,13,35.526315789473685,13.157894736842104,22.36842105263158,64.47368421052632,55.92105263157895,8.552631578947368
E00161114,151,41,18,23,110,101,9,27.1523178807947,11.920529801324504,15.2317880794702,72.84768211920529,66.88741721854305,5.960264900662252
E00161115,160,51,14,37,109,98,11,31.874999999999996,8.75,23.125,68.125,61.25000000000001,6.875000000000001
E00161116,172,49,19,30,123,109,14,28.488372093023255,11.046511627906977,17.441860465116278,71.51162790697676,63.372093023255815,8.13953488372093
E00161117,154,43,23,20,111,96,15,27.92207792207792,14.935064935064934,12.987012987012985,72.07792207792207,62.33766233766234,9.740259740259742
E00161118,138,53,16,37,85,74,11,38.405797101449274,11.594202898550725,26.811594202898554,61.59420289855072,53.62318840579711,7.971014492753622
E00161119,131,43,14,29,88,78,10,32.82442748091603,10.687022900763358,22.137404580152673,67.17557251908397,59.541984732824424,7.633587786259542
E00161120,152,52,24,28,100,89,11,34.21052631578947,15.789473684210526,18.421052631578945,65.78947368421053,58.55263157894737,7.236842105263158
E00161121,213,65,21,44,148,135,13,30.51643192488263,9.859154929577464,20.657276995305164,69.48356807511738,63.38028169014085,6.103286384976526
E00161122,130,37,17,20,93,79,14,28.46153846153846,13.076923076923078,15.384615384615385,71.53846153846153,60.76923076923077,10.76923076923077
E00161123,110,34,14,20,76,69,7,30.909090909090907,12.727272727272727,18.181818181818183,69.0909090909091,62.727272727272734,6.363636363636363
E00161124,176,51,16,35,125,112,13,28.97727272727273,9.090909090909092,19.886363636363637,71.02272727272727,63.63636363636363,7.386363636363637
E00161125,195,58,25,33,137,117,20,29.743589743589745,12.82051282051282,16.923076923076923,70.25641025641025,60,10.256410256410255
E00161127,144,33,5,28,111,99,12,22.916666666666664,3.4722222222222223,19.444444444444446,77.08333333333334,68.75,8.333333333333332
E00161128,128,37,13,24,91,76,15,28.90625,10.15625,18.75,71.09375,59.375,11.71875
E00161129,150,50,22,28,100,95,5,33.33333333333333,14.666666666666666,18.666666666666668,66.66666666666666,63.33333333333333,3.3333333333333335
E00161130,203,69,30,39,134,119,15,33.99014778325123,14.77832512315271,19.21182266009852,66.00985221674877,58.620689655172406,7.389162561576355
E00161131,87,18,6,12,69,64,5,20.689655172413794,6.896551724137931,13.793103448275861,79.3103448275862,73.5632183908046,5.747126436781609
E00161133,129,39,10,29,90,78,12,30.23255813953488,7.751937984496124,22.48062015503876,69.76744186046511,60.46511627906976,9.30232558139535
E00161134,169,46,15,31,123,104,19,27.218934911242602,8.875739644970414,18.34319526627219,72.7810650887574,61.53846153846154,11.242603550295858
E00161135,175,50,10,40,125,111,14,28.57142857142857,5.714285714285714,22.857142857142858,71.42857142857143,63.42857142857142,8
E00161136,214,62,19,43,152,134,18,28.971962616822427,8.878504672897195,20.093457943925234,71.02803738317756,62.616822429906534,8.411214953271028
E00161137,143,49,17,32,94,82,12,34.26573426573427,11.888111888111888,22.377622377622377,65.73426573426573,57.34265734265735,8.391608391608392
E00161138,141,55,18,37,86,73,13,39.00709219858156,12.76595744680851,26.24113475177305,60.99290780141844,51.77304964539007,9.219858156028367
E00161139,160,54,18,36,106,89,17,33.75,11.25,22.5,66.25,55.625,10.625
E00161140,153,74,27,47,79,68,11,48.366013071895424,17.647058823529413,30.718954248366014,51.633986928104584,44.44444444444444,7.18954248366013
E00161141,185,57,14,43,128,109,19,30.810810810810814,7.567567567567568,23.243243243243246,69.1891891891892,58.91891891891892,10.27027027027027
E00161142,209,53,16,37,156,140,16,25.358851674641148,7.655502392344498,17.703349282296653,74.64114832535886,66.98564593301435,7.655502392344498
E00161143,150,35,10,25,115,104,11,23.333333333333332,6.666666666666667,16.666666666666664,76.66666666666667,69.33333333333334,7.333333333333333
E00161144,150,49,14,35,101,87,14,32.666666666666664,9.333333333333334,23.333333333333332,67.33333333333333,57.99999999999999,9.333333333333334
E00161145,122,27,10,17,95,89,6,22.131147540983605,8.19672131147541,13.934426229508196,77.8688524590164,72.95081967213115,4.918032786885246
E00161146,188,56,21,35,132,112,20,29.78723404255319,11.170212765957446,18.617021276595743,70.2127659574468,59.57446808510638,10.638297872340425
E00161147,157,39,16,23,118,101,17,24.840764331210192,10.191082802547772,14.64968152866242,75.15923566878982,64.3312101910828,10.828025477707007
E00161148,209,69,26,43,140,130,10,33.014354066985646,12.440191387559809,20.574162679425836,66.98564593301435,62.20095693779905,4.784688995215311
E00161149,162,54,21,33,108,97,11,33.33333333333333,12.962962962962962,20.37037037037037,66.66666666666666,59.876543209876544,6.790123456790123
E00161150,171,50,16,34,121,105,16,29.239766081871345,9.35672514619883,19.883040935672515,70.76023391812866,61.40350877192983,9.35672514619883
E00161151,165,62,26,36,103,90,13,37.57575757575757,15.757575757575756,21.818181818181817,62.42424242424243,54.54545454545454,7.878787878787878
E00161152,263,81,27,54,182,166,16,30.798479087452474,10.26615969581749,20.53231939163498,69.20152091254754,63.11787072243346,6.083650190114068
E00161155,236,55,26,29,181,152,29,23.30508474576271,11.016949152542372,12.288135593220339,76.69491525423729,64.40677966101694,12.288135593220339
E00161156,298,76,26,50,222,193,29,25.503355704697988,8.724832214765101,16.778523489932887,74.49664429530202,64.76510067114094,9.731543624161073
E00161157,164,36,13,23,128,116,12,21.951219512195124,7.926829268292683,14.02439024390244,78.04878048780488,70.73170731707317,7.317073170731707
E00161158,159,48,24,24,111,95,16,30.18867924528302,15.09433962264151,15.09433962264151,69.81132075471697,59.74842767295597,10.062893081761008
E00161159,173,54,18,36,119,107,12,31.213872832369944,10.404624277456648,20.809248554913296,68.78612716763006,61.849710982658955,6.9364161849710975
E00161160,181,46,11,35,135,116,19,25.41436464088398,6.077348066298343,19.337016574585636,74.58563535911603,64.08839779005525,10.497237569060774
E00161161,159,50,16,34,109,91,18,31.446540880503143,10.062893081761008,21.38364779874214,68.55345911949685,57.23270440251572,11.320754716981133
E00161162,179,61,23,38,118,110,8,34.07821229050279,12.849162011173185,21.22905027932961,65.92178770949721,61.452513966480446,4.4692737430167595
E00161163,173,43,21,22,130,113,17,24.85549132947977,12.138728323699421,12.716763005780345,75.14450867052022,65.3179190751445,9.826589595375722
E00161164,151,53,23,30,98,85,13,35.099337748344375,15.2317880794702,19.867549668874172,64.90066225165563,56.29139072847682,8.609271523178808
E00161165,173,39,13,26,134,117,17,22.54335260115607,7.514450867052023,15.028901734104046,77.45664739884393,67.63005780346822,9.826589595375722
E00161166,91,29,12,17,62,57,5,31.868131868131865,13.186813186813188,18.681318681318682,68.13186813186813,62.637362637362635,5.4945054945054945
E00161167,152,44,17,27,108,92,16,28.947368421052634,11.18421052631579,17.763157894736842,71.05263157894737,60.526315789473685,10.526315789473683
E00161168,140,45,13,32,95,88,7,32.142857142857146,9.285714285714286,22.857142857142858,67.85714285714286,62.857142857142854,5
E00161169,131,50,17,33,81,71,10,38.16793893129771,12.977099236641221,25.190839694656486,61.832061068702295,54.19847328244275,7.633587786259542
E00161170,149,51,19,32,98,90,8,34.22818791946309,12.751677852348994,21.476510067114095,65.77181208053692,60.40268456375839,5.369127516778524
E00161171,154,47,17,30,107,92,15,30.519480519480517,11.03896103896104,19.480519480519483,69.48051948051948,59.74025974025974,9.740259740259742
E00161172,140,48,22,26,92,80,12,34.285714285714285,15.714285714285714,18.571428571428573,65.71428571428571,57.14285714285714,8.571428571428571
E00161173,164,60,17,43,104,97,7,36.58536585365854,10.365853658536585,26.21951219512195,63.41463414634146,59.14634146341463,4.2682926829268295
E00161174,151,51,14,37,100,89,11,33.77483443708609,9.271523178807946,24.503311258278146,66.22516556291392,58.94039735099338,7.28476821192053
E00161175,142,46,13,33,96,80,16,32.3943661971831,9.15492957746479,23.239436619718308,67.6056338028169,56.33802816901409,11.267605633802818
E00161176,172,50,17,33,122,106,16,29.069767441860467,9.883720930232558,19.186046511627907,70.93023255813954,61.627906976744185,9.30232558139535
E00161177,174,65,16,49,109,95,14,37.35632183908046,9.195402298850574,28.160919540229884,62.643678160919535,54.59770114942529,8.045977011494253
E00161178,162,43,10,33,119,113,6,26.543209876543212,6.172839506172839,20.37037037037037,73.4567901234568,69.75308641975309,3.7037037037037033
E00161179,146,51,18,33,95,82,13,34.93150684931507,12.32876712328767,22.602739726027394,65.06849315068493,56.16438356164384,8.904109589041095
E00161180,131,48,19,29,83,76,7,36.6412213740458,14.50381679389313,22.137404580152673,63.358778625954194,58.01526717557252,5.343511450381679
E00161181,153,51,16,35,102,80,22,33.33333333333333,10.457516339869281,22.875816993464053,66.66666666666666,52.28758169934641,14.37908496732026
E00161182,120,41,13,28,79,71,8,34.166666666666664,10.833333333333334,23.333333333333332,65.83333333333333,59.166666666666664,6.666666666666667
E00161183,99,37,10,27,62,52,10,37.37373737373738,10.1010101010101,27.27272727272727,62.62626262626263,52.52525252525253,10.1010101010101
E00161184,149,37,8,29,112,97,15,24.832214765100673,5.369127516778524,19.463087248322147,75.16778523489933,65.1006711409396,10.06711409395973
E00161185,157,54,21,33,103,89,14,34.394904458598724,13.375796178343949,21.019108280254777,65.60509554140127,56.68789808917197,8.9171974522293
E00161186,175,60,28,32,115,111,4,34.285714285714285,16,18.285714285714285,65.71428571428571,63.42857142857142,2.2857142857142856
E00161187,188,55,26,29,133,118,15,29.25531914893617,13.829787234042554,15.425531914893616,70.74468085106383,62.76595744680851,7.9787234042553195
E00161188,233,74,26,48,159,134,25,31.759656652360512,11.158798283261802,20.600858369098713,68.24034334763948,57.5107296137339,10.72961373390558
E00161189,191,52,17,35,139,119,20,27.225130890052355,8.900523560209423,18.32460732984293,72.77486910994764,62.30366492146597,10.471204188481675
E00161190,173,45,18,27,128,115,13,26.011560693641616,10.404624277456648,15.606936416184972,73.98843930635837,66.47398843930635,7.514450867052023
E00161191,140,40,17,23,100,88,12,28.57142857142857,12.142857142857142,16.428571428571427,71.42857142857143,62.857142857142854,8.571428571428571
E00161192,165,46,13,33,119,102,17,27.878787878787882,7.878787878787878,20,72.12121212121212,61.81818181818181,10.303030303030303
E00161193,167,54,16,38,113,104,9,32.33532934131736,9.580838323353294,22.75449101796407,67.66467065868264,62.27544910179641,5.389221556886228
E00161194,76,26,9,17,50,43,7,34.21052631578947,11.842105263157894,22.36842105263158,65.78947368421053,56.57894736842105,9.210526315789473
E00161195,218,81,28,53,137,129,8,37.15596330275229,12.844036697247708,24.31192660550459,62.84403669724771,59.174311926605505,3.669724770642202
E00161196,106,35,13,22,71,65,6,33.0188679245283,12.264150943396226,20.754716981132077,66.98113207547169,61.32075471698113,5.660377358490567
E00161198,166,39,13,26,127,107,20,23.49397590361446,7.83132530120482,15.66265060240964,76.50602409638554,64.45783132530121,12.048192771084338
E00161199,178,61,24,37,117,96,21,34.26966292134831,13.48314606741573,20.786516853932586,65.73033707865169,53.93258426966292,11.797752808988763
E00161200,152,52,27,25,100,82,18,34.21052631578947,17.763157894736842,16.447368421052634,65.78947368421053,53.94736842105263,11.842105263157894
E00161201,118,32,15,17,86,71,15,27.11864406779661,12.711864406779661,14.40677966101695,72.88135593220339,60.16949152542372,12.711864406779661
E00161202,160,47,16,31,113,98,15,29.375,10,19.375,70.625,61.25000000000001,9.375
E00167689,313,78,31,47,235,211,24,24.920127795527154,9.904153354632587,15.015974440894569,75.07987220447284,67.41214057507987,7.667731629392971
E00167691,277,58,24,34,219,196,23,20.938628158844764,8.664259927797833,12.274368231046932,79.06137184115524,70.7581227436823,8.303249097472925
E00167692,202,42,17,25,160,143,17,20.792079207920793,8.415841584158416,12.376237623762377,79.20792079207921,70.79207920792079,8.415841584158416
E00167693,146,39,13,26,107,93,14,26.71232876712329,8.904109589041095,17.80821917808219,73.28767123287672,63.6986301369863,9.58904109589041
E00167694,139,49,18,31,90,72,18,35.25179856115108,12.949640287769784,22.302158273381295,64.74820143884892,51.798561151079134,12.949640287769784
E00167695,139,35,11,24,104,88,16,25.179856115107913,7.913669064748201,17.26618705035971,74.82014388489209,63.30935251798561,11.510791366906476
E00167696,165,50,14,36,115,100,15,30.303030303030305,8.484848484848486,21.818181818181817,69.6969696969697,60.60606060606061,9.090909090909092
E00167697,175,38,18,20,137,125,12,21.714285714285715,10.285714285714285,11.428571428571429,78.28571428571428,71.42857142857143,6.857142857142858
E00167698,146,32,11,21,114,93,21,21.91780821917808,7.534246575342466,14.383561643835616,78.08219178082192,63.6986301369863,14.383561643835616
E00167699,151,35,15,20,116,107,9,23.178807947019866,9.933774834437086,13.245033112582782,76.82119205298014,70.86092715231787,5.960264900662252
E00167700,106,27,6,21,79,58,21,25.471698113207548,5.660377358490567,19.81132075471698,74.52830188679245,54.71698113207547,19.81132075471698
E00167701,152,44,17,27,108,94,14,28.947368421052634,11.18421052631579,17.763157894736842,71.05263157894737,61.8421052631579,9.210526315789473
E00167702,159,43,18,25,116,96,20,27.044025157232703,11.320754716981133,15.723270440251572,72.95597484276729,60.37735849056604,12.578616352201259
E00167703,210,62,29,33,148,129,19,29.523809523809526,13.80952380952381,15.714285714285714,70.47619047619048,61.42857142857143,9.047619047619047
E00167704,130,32,6,26,98,76,22,24.615384615384617,4.615384615384616,20,75.38461538461539,58.46153846153847,16.923076923076923
E00167705,128,46,21,25,82,66,16,35.9375,16.40625,19.53125,64.0625,51.5625,12.5
E00167706,143,46,20,26,97,84,13,32.16783216783217,13.986013986013987,18.181818181818183,67.83216783216784,58.74125874125874,9.090909090909092
E00188561,181,49,16,33,132,120,12,27.071823204419886,8.83977900552486,18.23204419889503,72.92817679558011,66.29834254143645,6.629834254143646
E00188564,182,48,10,38,134,114,20,26.373626373626376,5.4945054945054945,20.87912087912088,73.62637362637363,62.637362637362635,10.989010989010989
E00188570,194,51,21,30,143,124,19,26.288659793814436,10.824742268041238,15.463917525773196,73.71134020618557,63.91752577319587,9.793814432989691
E00188583,193,54,24,30,139,127,12,27.979274611398964,12.435233160621761,15.544041450777202,72.02072538860104,65.80310880829016,6.217616580310881
E00188594,241,39,17,22,202,179,23,16.182572614107883,7.053941908713693,9.12863070539419,83.81742738589212,74.27385892116183,9.54356846473029
E00188600,100,25,6,19,75,66,9,25,6,19,75,66,9
E00188602,131,46,17,29,85,82,3,35.11450381679389,12.977099236641221,22.137404580152673,64.8854961832061,62.59541984732825,2.2900763358778624
E00188609,162,42,13,29,120,106,14,25.925925925925924,8.024691358024691,17.901234567901234,74.07407407407408,65.4320987654321,8.641975308641975
E00188613,181,34,8,26,147,130,17,18.784530386740332,4.41988950276243,14.3646408839779,81.21546961325967,71.8232044198895,9.392265193370166
E00188614,183,33,12,21,150,126,24,18.0327868852459,6.557377049180328,11.475409836065573,81.9672131147541,68.85245901639344,13.114754098360656
E00188615,158,40,15,25,118,99,19,25.31645569620253,9.49367088607595,15.822784810126583,74.68354430379746,62.65822784810127,12.025316455696203
E00188619,113,32,14,18,81,70,11,28.31858407079646,12.389380530973451,15.929203539823009,71.68141592920354,61.94690265486725,9.734513274336283
E00188649,128,39,18,21,89,79,10,30.46875,14.0625,16.40625,69.53125,61.71875,7.8125
E00188652,180,32,11,21,148,131,17,17.77777777777778,6.111111111111111,11.666666666666666,82.22222222222221,72.77777777777777,9.444444444444445
E00188654,72,19,8,11,53,46,7,26.38888888888889,11.11111111111111,15.277777777777779,73.61111111111111,63.888888888888886,9.722222222222223
E00188657,115,34,13,21,81,69,12,29.565217391304348,11.304347826086957,18.26086956521739,70.43478260869566,60,10.434782608695652
E00188660,146,39,13,26,107,97,10,26.71232876712329,8.904109589041095,17.80821917808219,73.28767123287672,66.43835616438356,6.8493150684931505
E00188676,203,52,19,33,151,135,16,25.615763546798032,9.35960591133005,16.25615763546798,74.38423645320196,66.50246305418719,7.8817733990147785
E00188681,206,41,17,24,165,146,19,19.902912621359224,8.25242718446602,11.650485436893204,80.09708737864078,70.87378640776699,9.223300970873787
E00188683,202,41,20,21,161,143,18,20.2970297029703,9.900990099009901,10.396039603960396,79.70297029702971,70.79207920792079,8.91089108910891
E00188696,154,45,15,30,109,90,19,29.22077922077922,9.740259740259742,19.480519480519483,70.77922077922078,58.44155844155844,12.337662337662337
E00188701,200,54,25,29,146,116,30,27,12.5,14.499999999999998,73,57.99999999999999,15
E00188708,181,39,16,23,142,126,16,21.54696132596685,8.83977900552486,12.70718232044199,78.45303867403315,69.61325966850829,8.83977900552486
E00188717,206,47,16,31,159,138,21,22.815533980582526,7.766990291262135,15.048543689320388,77.18446601941747,66.99029126213593,10.194174757281553
E00188719,163,31,9,22,132,117,15,19.018404907975462,5.521472392638037,13.496932515337424,80.98159509202453,71.77914110429448,9.202453987730062
E00188720,176,48,11,37,128,111,17,27.27272727272727,6.25,21.022727272727273,72.72727272727273,63.06818181818182,9.659090909090908
E00188726,198,62,26,36,136,122,14,31.313131313131315,13.131313131313133,18.181818181818183,68.68686868686868,61.61616161616161,7.07070707070707
E00188733,201,60,30,30,141,127,14,29.850746268656714,14.925373134328357,14.925373134328357,70.1492537313433,63.18407960199005,6.965174129353234
E00188737,203,44,17,27,159,135,24,21.67487684729064,8.374384236453201,13.30049261083744,78.32512315270937,66.50246305418719,11.822660098522167
E00188743,102,26,5,21,76,69,7,25.49019607843137,4.901960784313726,20.588235294117645,74.50980392156863,67.64705882352942,6.862745098039216
E00188748,104,13,2,11,91,80,11,12.5,1.9230769230769231,10.576923076923077,87.5,76.92307692307693,10.576923076923077
E00188750,149,43,17,26,106,88,18,28.859060402684566,11.409395973154362,17.449664429530202,71.14093959731544,59.06040268456376,12.080536912751679
E00188751,63,30,13,17,33,29,4,47.61904761904761,20.634920634920633,26.984126984126984,52.38095238095239,46.03174603174603,6.349206349206349
